,0,1,2,3,4,5,6,7,8,9,10,11,12,13,14,15,16,17,18,19,20,21,22,23,24
0,4.967699215598919e-08,8.693373557203583e-09,0.0003601290473442722,3.19170685609515e-07,4.426276415478545e-05,8.100677802437724e-05,1.3304541238915821e-06,1.1124929625135337e-05,0.006655828704876236,0.003144105704256613,5.973352862090773e-10,1.2217772916339036e-06,3.6933970957096824e-10,1.0514505234257061e-05,6.458550870813314e-06,0.980960698977007,3.1628074130087804e-11,3.334647482805855e-12,0.008670310993692485,1.1538279003810296e-06,4.144458963948761e-06,1.5725406822130562e-07,1.9157609614098563e-09,1.7333108679166748e-10,4.717064078481326e-05
1,1.9789959604887627e-07,4.8611994408483264e-08,0.002258783950543468,2.0314026966918165e-06,0.00043990619874869437,0.00036207237302580904,3.159638213380368e-06,3.884635976911735e-05,0.013144504257934616,0.006085653165845046,6.523717621864187e-09,1.153822488059336e-05,7.458489003584435e-09,4.719533394997465e-05,1.2685361451231247e-05,0.9682616732622861,2.5800106180328445e-10,4.494451218568648e-11,0.009222698180165202,7.2520498066265865e-06,7.717853589894211e-06,6.102864435992876e-07,1.1066185276506678e-08,1.7505964572084572e-09,9.339848712578257e-05
2,3.971272095091408e-08,4.058475889017056e-09,0.00043204633970838594,1.6212432835870525e-07,3.8868373188805794e-05,8.158960291830432e-05,1.2165809222700692e-06,7.986054370977719e-06,0.0059946515640886665,0.0015671980288326755,6.393283962475127e-10,1.4238124644457256e-06,3.7185102899241e-10,7.920783439431393e-06,4.861024446564256e-06,0.9860965274870589,1.9255679024978932e-11,2.099372455572854e-12,0.005741122388994879,1.1563353365359964e-06,1.9685234069552895e-06,1.0772723366658642e-07,1.3590108336800548e-09,1.267676153010143e-10,2.114695975046082e-05
3,4.777666698996432e-08,5.243916497352573e-09,0.0007426007125826507,2.4430276590067825e-07,6.170959336008177e-05,9.785071447480382e-05,1.479865899420726e-06,1.1225951291891385e-05,0.009825463860313754,0.0021838791106414375,8.904404689425717e-10,1.8829434432972822e-06,5.779428067003041e-10,9.685588542665666e-06,4.787677268715081e-06,0.9796313513497447,2.2840341813616332e-11,2.7312364154487926e-12,0.007398805668340177,1.4788027298297183e-06,2.4008165977476094e-06,1.0509426132451249e-07,1.149454765258662e-09,1.7904379011684313e-10,2.4992104705123993e-05
4,5.31611122536136e-08,6.184119193102571e-09,0.0008750937127667021,2.7671880485984676e-07,7.375430449938926e-05,0.00010987986388438189,1.6765335488247048e-06,1.1210916780209044e-05,0.010348380366704104,0.002334818064412585,1.04394829529736e-09,2.185019292739103e-06,7.806202227528959e-10,1.183326160492789e-05,4.98627249032175e-06,0.9787656849193999,2.5379754726108442e-11,3.251612435121873e-12,0.007430380016378326,1.60208999049197e-06,2.4923388355699373e-06,1.1210671362685768e-07,1.2731023501386741e-09,2.1153592473023946e-10,2.557081082346656e-05
5,4.939071061473131e-08,6.043653653292996e-09,0.0007842732470923457,3.004335250826829e-07,6.68579141459819e-05,0.00010159787074760966,1.6015357102062885e-06,1.2652035338078731e-05,0.009890101628855025,0.0024977717911352443,1.003350337422356e-09,1.922214473116528e-06,6.709562627101887e-10,1.0045154169954378e-05,4.701540325394942e-06,0.9791064020945369,2.559806211818622e-11,3.3328910454746723e-12,0.007490261886805582,1.7251981993674697e-06,2.6764627395141415e-06,1.0858367692322386e-07,1.2829976901363974e-09,2.1233524816994486e-10,2.694177558899185e-05
6,4.777666698996432e-08,5.243916497352573e-09,0.0007426007125826507,2.4430276590067825e-07,6.170959336008177e-05,9.785071447480382e-05,1.479865899420726e-06,1.1225951291891385e-05,0.009825463860313754,0.0021838791106414375,8.904404689425717e-10,1.8829434432972822e-06,5.779428067003041e-10,9.685588542665666e-06,4.787677268715081e-06,0.9796313513497447,2.2840341813616332e-11,2.7312364154487926e-12,0.007398805668340177,1.4788027298297183e-06,2.4008165977476094e-06,1.0509426132451249e-07,1.149454765258662e-09,1.7904379011684313e-10,2.4992104705123993e-05
7,1.0612615284633478e-07,1.4664559123054582e-08,0.002166500990253239,5.468330026136623e-07,0.00010664120678890566,0.00014742987882159544,3.754478709637928e-06,1.8986492264289038e-05,0.023304910892533146,0.0035262942184499805,2.4724919243899624e-09,3.515168219333069e-06,2.520425710192365e-09,1.7183415670516306e-05,6.636418235986574e-06,0.9616043021361693,4.624768965781972e-11,7.500316656850324e-12,0.009042941930448405,3.5928748356447084e-06,2.832801996898377e-06,1.5263001313860445e-07,1.6026092347633988e-09,5.9030241475412e-10,4.3649603297951176e-05
8,4.080775709322387e-08,4.909324532169402e-09,0.0005715105220847319,2.716308131203656e-07,4.036870715381548e-05,5.6172261674300186e-05,1.5254932557386718e-06,1.02841506829341e-05,0.006370122606573914,0.002347175331367535,5.093497478310676e-10,1.070684516582777e-06,4.841660903868591e-10,7.007342441527931e-06,3.6854102635403655e-06,0.9851736648440433,1.9847346682694953e-11,1.9537116620864286e-12,0.005386521692040151,1.3162788811466237e-06,2.1300493045501713e-06,6.507544825072979e-08,1.1782356971321505e-09,2.058860779208767e-10,2.7059802934314356e-05
9,7.036752875790964e-08,9.495770754195582e-09,0.0013953415407504943,4.337326789230389e-07,6.803352134466856e-05,7.87375520433517e-05,2.5376574800354506e-06,1.3895449438648382e-05,0.013573144163674323,0.0031357510941109,9.83043246329515e-10,1.885725228367295e-06,1.2463792925526927e-09,1.1219360494913779e-05,4.766762439853883e-06,0.9748913930061539,2.9070994861558095e-11,3.4004844743935585e-12,0.006775726483214531,2.195157882271702e-06,2.4011010444667822e-06,8.006249137651471e-08,1.1814506302909933e-09,4.110692439637643e-10,4.237391181547669e-05
10,4.777666698996432e-08,5.243916497352573e-09,0.0007426007125826507,2.4430276590067825e-07,6.170959336008177e-05,9.785071447480382e-05,1.479865899420726e-06,1.1225951291891385e-05,0.009825463860313754,0.0021838791106414375,8.904404689425717e-10,1.8829434432972822e-06,5.779428067003041e-10,9.685588542665666e-06,4.787677268715081e-06,0.9796313513497447,2.2840341813616332e-11,2.7312364154487926e-12,0.007398805668340177,1.4788027298297183e-06,2.4008165977476094e-06,1.0509426132451249e-07,1.149454765258662e-09,1.7904379011684313e-10,2.4992104705123993e-05
11,5.255766368786566e-08,5.824056984252714e-09,0.0008174620285849177,2.6667658404404264e-07,6.521379046584198e-05,0.0001018626936072865,1.6377246446412404e-06,1.1764227947829108e-05,0.01021894996132301,0.0022617854291868008,9.984175336100643e-10,2.053724970532199e-06,6.894344340340235e-10,1.0425322211918341e-05,4.918676563142188e-06,0.9790574089335098,2.53015632518726e-11,3.121703324928932e-12,0.007415962976696157,1.6332836504749463e-06,2.4536209255061218e-06,1.1086231295473051e-07,1.2437390580613807e-09,2.0538185213795773e-10,2.6028519698305832e-05
12,4.490224705656556e-08,5.652746855376631e-09,0.0005609850122813262,2.3217436738346977e-07,6.818947240369832e-05,0.00011290633658653331,1.1902054392501625e-06,8.883591928578667e-06,0.005894657135227941,0.002182193589555847,8.453636490525333e-10,2.0338846277007173e-06,6.044606525503524e-10,1.1060690730846456e-05,4.236488419855771e-06,0.984869995813847,2.4790334761135654e-11,3.448665312557467e-12,0.006258075384926258,1.3847822502136883e-06,2.4001664053117406e-06,1.285871207475189e-07,1.5428452167620088e-09,1.6379945105226082e-10,2.139294417950771e-05
13,5.166225899975409e-08,5.2826963953350025e-09,0.0008866365575651505,2.6267698248253427e-07,7.603623868883137e-05,0.00011306895703051417,1.434505325917083e-06,1.1894613187436531e-05,0.011745518432875232,0.0019119739726844438,1.1998361746054358e-09,2.7886829832592877e-06,6.881291627990392e-10,1.2532935434713964e-05,5.621482138116894e-06,0.9765224843262681,2.6116786337578947e-11,2.911857151418374e-12,0.00867946220413195,1.6794686304030082e-06,2.7070385578218156e-06,1.246458533210946e-07,1.2127986952929988e-09,1.6137289227050044e-10,2.5713025541186766e-05
14,4.893263815209454e-08,1.6670864102380684e-09,0.0004523079694914119,1.0950284724042742e-07,2.1460413793894912e-05,5.3647397903113226e-05,1.0941880078920469e-06,9.069451290157995e-06,0.005519261430509212,0.0007239714800001641,5.262365670047714e-10,2.082026483239583e-06,1.8334831071838345e-10,5.904288163773998e-06,4.472316006763196e-06,0.9875951093354348,1.7516511085990404e-11,1.3961471193684143e-12,0.005587939158344584,1.2023988324518388e-06,1.835304325317844e-06,9.544588279859194e-08,1.0990468472502023e-09,7.832010716768573e-11,2.038538709389749e-05
15,4.777666698996432e-08,5.243916497352573e-09,0.0007426007125826507,2.4430276590067825e-07,6.170959336008177e-05,9.785071447480382e-05,1.479865899420726e-06,1.1225951291891385e-05,0.009825463860313754,0.0021838791106414375,8.904404689425717e-10,1.8829434432972822e-06,5.779428067003041e-10,9.685588542665666e-06,4.787677268715081e-06,0.9796313513497447,2.2840341813616332e-11,2.7312364154487926e-12,0.007398805668340177,1.4788027298297183e-06,2.4008165977476094e-06,1.0509426132451249e-07,1.149454765258662e-09,1.7904379011684313e-10,2.4992104705123993e-05
16,3.3287749434068594e-08,3.997513538049813e-09,0.00040890349338347704,2.058761372992213e-07,3.95498494350954e-05,7.308140716353423e-05,1.1707727259132647e-06,9.540181488700894e-06,0.005416620306691313,0.0023341898554283375,5.709826671432132e-10,1.3063284802111715e-06,3.560968788998516e-10,7.2206086753072826e-06,3.233955967368543e-06,0.9857731536734436,1.7969756974376865e-11,2.4231538959143147e-12,0.005909580046992065,1.2093796487347222e-06,2.533456579468167e-06,9.595016838361228e-08,1.0590234248629113e-09,1.2555715598366863e-10,1.8365440275068916e-05
17,5.377752077967071e-08,6.40612726476467e-09,0.0008169143598567362,3.384209009027621e-07,6.535507058271526e-05,0.00010082729837779959,1.7512784342384935e-06,1.26112139003871e-05,0.009032729730041893,0.0024250389611998164,1.0865807913499625e-09,2.1880984469713566e-06,7.71344239131043e-10,1.1603392035989403e-05,4.72926910736502e-06,0.9804045035305831,2.823851859458889e-11,3.801862207869732e-12,0.0070880562961649135,1.9444597394315145e-06,2.9007165130018737e-06,1.1580104389030698e-07,1.5046663457974843e-09,2.2313474654349098e-10,2.8328301656403792e-05
18,3.242114313299308e-08,4.112841394049299e-09,0.0007668213897944434,2.4269211593606866e-07,7.730972920313505e-05,0.00011499041160313253,1.2868854689242478e-06,9.918059505651726e-06,0.011057592445977293,0.0020288133054593084,9.370613319514067e-10,1.5596779679133195e-06,4.98660237088568e-10,1.0133316179558625e-05,4.77178871834362e-06,0.9787401744781701,1.5403603835026468e-11,1.9553851880465865e-12,0.007163130686234373,1.2979952545161372e-06,2.2379732781050895e-06,8.014984570664461e-08,1.018392722908506e-09,1.3545022945697712e-10,1.9599874315513394e-05
19,5.34736982669676e-08,7.1993042046121645e-09,0.0012278528358988221,3.6542217232688313e-07,0.00011246892881626586,0.00013683545811861447,1.7177272941710284e-06,1.3086057467268091e-05,0.014080167344064615,0.0027680416255305294,1.340640687463055e-09,2.688107382456766e-06,1.0654023450554083e-09,1.4419033418312427e-05,5.042164533335972e-06,0.9728229705879402,2.650347127704706e-11,3.525915635034566e-12,0.008782367309830176,1.9348881356608824e-06,2.6173998137457305e-06,1.1285347291949381e-07,1.1684956239864574e-09,2.3025865332371122e-10,2.7247748281489463e-05
20,4.8508604358598036e-08,5.6373110648185455e-09,0.0005697393462814075,2.497429141299948e-07,6.410313198426341e-05,0.0001027857037622703,1.364440524268515e-06,1.3021723217141066e-05,0.009427766334089514,0.0023955071482144935,9.085046212553896e-10,1.8652836288355625e-06,5.605234978650058e-10,9.231507152589657e-06,5.272547733311922e-06,0.9787800651239016,2.738342828262021e-11,3.000281042919359e-12,0.008600602341181603,1.4374370393312642e-06,2.674442039972055e-06,1.3621325810705116e-07,1.3166473512154395e-09,1.7535067163985062e-10,2.412039575180339e-05
21,4.6740559970934084e-08,5.059103310845765e-09,0.0007337543041625136,2.3836942947165635e-07,5.9767434823735366e-05,9.485347641350857e-05,1.466153430796927e-06,1.080380735921633e-05,0.009251563588571748,0.002137758895825284,8.600262159425351e-10,1.8752419875802606e-06,5.743658611377969e-10,9.578124332570886e-06,4.556155903544042e-06,0.9805943550810524,2.216064380483787e-11,2.677318588137885e-12,0.007071425524113219,1.4670368786893944e-06,2.3394520261849916e-06,1.0156305805209094e-07,1.13391794599334e-09,1.7549908168756547e-10,2.404122232100525e-05
22,4.645175820039661e-08,4.9565693551485866e-09,0.0007225040072792562,2.3777697913929619e-07,5.905096128628458e-05,9.646468818228436e-05,1.4425532753253542e-06,1.099702776296114e-05,0.009281550833811448,0.002103735614699841,8.831577714188359e-10,1.8684816897703222e-06,5.441792064875746e-10,9.408398893515284e-06,4.653850267913613e-06,0.9805921330193218,2.2473288515588596e-11,2.7063274715754916e-12,0.007087729771856561,1.4781827647507823e-06,2.4123409437537693e-06,1.0279982116364166e-07,1.149299687462072e-09,1.7243790387317068e-10,2.4175508582447032e-05
23,4.777666698996432e-08,5.243916497352573e-09,0.0007426007125826507,2.4430276590067825e-07,6.170959336008177e-05,9.785071447480382e-05,1.479865899420726e-06,1.1225951291891385e-05,0.009825463860313754,0.0021838791106414375,8.904404689425717e-10,1.8829434432972822e-06,5.779428067003041e-10,9.685588542665666e-06,4.787677268715081e-06,0.9796313513497447,2.2840341813616332e-11,2.7312364154487926e-12,0.007398805668340177,1.4788027298297183e-06,2.4008165977476094e-06,1.0509426132451249e-07,1.149454765258662e-09,1.7904379011684313e-10,2.4992104705123993e-05
24,4.476683399685843e-08,7.322106661432675e-09,0.0008409691519484143,3.6908369118467586e-07,8.518639686044821e-05,0.0001173764785126172,1.609596324512782e-06,1.18827886739194e-05,0.010015166517487179,0.0029824731923338253,1.07384685606152e-09,2.065316884065167e-06,8.680250700129915e-10,1.3377027403060018e-05,4.495765348779516e-06,0.9778715873812583,2.4719794671662228e-11,3.661372611195327e-12,0.008021887291999163,1.8395297054293847e-06,2.825531541154904e-06,1.1691677504373278e-07,1.338741690037082e-09,2.0001165684608527e-10,2.671643530584637e-05
25,4.818587422978142e-08,5.202224314950807e-09,0.0007456154419155602,2.500184640718506e-07,6.126288640598646e-05,9.657797538444698e-05,1.5065753947736668e-06,1.163480484422453e-05,0.009785175164121066,0.0021816697043245126,9.136570190897021e-10,1.9131073002795422e-06,5.884915356344068e-10,9.559998450614079e-06,4.7476002848815706e-06,0.9796442254489317,2.3451934707878513e-11,2.7917426311603237e-12,0.007426939863624616,1.5310510418312809e-06,2.4258260982089496e-06,1.0531586148523575e-07,1.163237863232918e-09,1.8284389953965332e-10,2.480295497914076e-05
26,9.70612318308918e-08,8.341236909061887e-09,0.0013165921066070915,3.2728018293084646e-07,6.725228028495453e-05,0.0001015934042578875,2.512962763487459e-06,1.7466732941881577e-05,0.014850182597373158,0.002651012186828874,1.3402214279208053e-09,2.598978225603693e-06,1.1193563610894033e-09,9.6002153081135e-06,5.443531407166253e-06,0.9732569691449015,4.175483886422777e-11,4.99959966669152e-12,0.007677803553631697,2.3168552911429244e-06,2.5413699814176594e-06,1.261845898929822e-07,1.3690497792375829e-09,4.4505530399729294e-10,3.5550892517055776e-05
27,4.388729259549517e-08,7.018193974811089e-09,0.0015567972570379274,6.666802184738447e-07,0.00023592330726717343,9.508830061437117e-05,1.5600840164965143e-06,1.13143251377741e-05,0.006866780837245369,0.0031912655248655867,1.2799590056590274e-09,4.415329643502989e-06,2.965692050478457e-09,2.5908242255318748e-05,2.530529129299715e-06,0.9783726203387567,3.302191412232719e-11,3.55959602851438e-12,0.009613987660109348,1.7872153217384732e-06,2.681629888936684e-06,6.01641761949748e-08,1.2629831316314688e-09,2.6231249919079497e-10,1.6555861300977195e-05
28,4.777666698996432e-08,5.243916497352573e-09,0.0007426007125826507,2.4430276590067825e-07,6.170959336008177e-05,9.785071447480382e-05,1.479865899420726e-06,1.1225951291891385e-05,0.009825463860313754,0.0021838791106414375,8.904404689425717e-10,1.8829434432972822e-06,5.779428067003041e-10,9.685588542665666e-06,4.787677268715081e-06,0.9796313513497447,2.2840341813616332e-11,2.7312364154487926e-12,0.007398805668340177,1.4788027298297183e-06,2.4008165977476094e-06,1.0509426132451249e-07,1.149454765258662e-09,1.7904379011684313e-10,2.4992104705123993e-05
29,4.777666698996432e-08,5.243916497352573e-09,0.0007426007125826507,2.4430276590067825e-07,6.170959336008177e-05,9.785071447480382e-05,1.479865899420726e-06,1.1225951291891385e-05,0.009825463860313754,0.0021838791106414375,8.904404689425717e-10,1.8829434432972822e-06,5.779428067003041e-10,9.685588542665666e-06,4.787677268715081e-06,0.9796313513497447,2.2840341813616332e-11,2.7312364154487926e-12,0.007398805668340177,1.4788027298297183e-06,2.4008165977476094e-06,1.0509426132451249e-07,1.149454765258662e-09,1.7904379011684313e-10,2.4992104705123993e-05
30,4.777666698996432e-08,5.243916497352573e-09,0.0007426007125826507,2.4430276590067825e-07,6.170959336008177e-05,9.785071447480382e-05,1.479865899420726e-06,1.1225951291891385e-05,0.009825463860313754,0.0021838791106414375,8.904404689425717e-10,1.8829434432972822e-06,5.779428067003041e-10,9.685588542665666e-06,4.787677268715081e-06,0.9796313513497447,2.2840341813616332e-11,2.7312364154487926e-12,0.007398805668340177,1.4788027298297183e-06,2.4008165977476094e-06,1.0509426132451249e-07,1.149454765258662e-09,1.7904379011684313e-10,2.4992104705123993e-05
31,4.8308031818551886e-08,5.294729664586916e-09,0.0007502570057522119,2.469187097229572e-07,6.213688774531926e-05,9.750084460985316e-05,1.4874502826094487e-06,1.1329969754172922e-05,0.009858057380913221,0.002199391154271095,8.922503514896138e-10,1.8994565356689224e-06,5.879086858634541e-10,9.716172027218159e-06,4.7725269572141315e-06,0.9795443872240935,2.3106147866806464e-11,2.7537648562208693e-12,0.007429616393245314,1.490600688150543e-06,2.402508830670278e-06,1.0522597811509812e-07,1.1497872963163767e-09,1.8158242160924603e-10,2.514583945601717e-05
32,4.7169147705532845e-08,5.063278368231064e-09,0.0006975085088422959,2.3451702540688233e-07,5.942229412625104e-05,9.480953746967725e-05,1.4349376889470965e-06,1.1250077867246744e-05,0.009729413689110303,0.0021324547563239876,8.515840157097419e-10,1.865993651786229e-06,5.412535000592051e-10,9.544329842572886e-06,4.885503041965111e-06,0.9794986704316536,2.2879741305735327e-11,2.6078144506617127e-12,0.007729689596390257,1.413137092860274e-06,2.420142723651325e-06,1.079279478360225e-07,1.131517693009723e-09,1.675339974664558e-10,2.481966939852473e-05
33,4.205523338917009e-08,4.212401045255809e-09,0.0008411682953114057,2.2449010426985623e-07,5.203378254275164e-05,8.785861649919104e-05,1.548956619329456e-06,1.1106544341196474e-05,0.012418503659692853,0.00196101753123305,8.375977280110192e-10,1.4909581840780525e-06,4.136832348573002e-10,8.013754022401128e-06,5.081745968744099e-06,0.9775986569728817,1.7592654043210676e-11,2.022508426480373e-12,0.006982144275067954,1.3589176770074923e-06,2.42218466392711e-06,7.464819762581627e-08,9.076138192451709e-10,1.694164145830144e-10,2.7246051431915218e-05
34,4.539570746241757e-08,5.104903927961833e-09,0.0007040990740212383,2.4263310717888806e-07,6.123020610041136e-05,9.684249474021618e-05,1.4146799923952472e-06,1.0870273901285476e-05,0.008956498468902487,0.0021716166801705543,8.675517862889152e-10,1.843870582968483e-06,5.64996456613787e-10,9.481161329038918e-06,4.559143584456549e-06,0.98086690600702,2.255543926028912e-11,2.7157870351463226e-12,0.007086525912076138,1.470382385357719e-06,2.374627634415316e-06,1.0337896653756946e-07,1.1741729479226738e-09,1.7396046367157233e-10,2.3867698921256984e-05
35,5.1482010896273646e-08,5.540658367422395e-09,0.0007681389178289576,2.568758458856177e-07,6.165486123980215e-05,9.71188419776695e-05,1.5568613441264034e-06,1.2298613149970697e-05,0.010533780486683178,0.0022979797148487747,9.183671483462036e-10,1.9474151844002165e-06,6.019675819534582e-10,9.605574374581431e-06,4.8853402921479535e-06,0.9783349035233831,2.457078039340792e-11,2.9250015923295593e-12,0.00784505490473476,1.5559359644126535e-06,2.5039959291409467e-06,1.1050116190148129e-07,1.1474974479056292e-09,1.922534892655883e-10,2.65877258062587e-05
36,1.8073424804393744e-08,5.5882606903051145e-09,0.0002374612629084371,2.579485094392638e-07,1.5612302788218735e-05,0.0003566015381347082,2.7765627897251227e-06,5.99794353012338e-06,0.004658794915738,0.0026327757720076366,2.342508492029264e-09,2.9547603292541817e-07,1.6281136903857082e-10,4.776315708335717e-06,3.1285148664096892e-06,0.9907557901125595,5.139040772086098e-12,1.2593619339655868e-11,0.001307262029087995,3.989205081447277e-06,3.323961784001617e-06,1.055442614883814e-07,2.8825507129399238e-09,1.525263510398008e-10,1.1021374396517019e-05
37,7.548734532856636e-08,5.6164933407500625e-09,0.001016153716876837,2.3524375278789775e-07,5.9644716042454374e-05,8.833853296543865e-05,1.6656248055401528e-06,1.0559599658885076e-05,0.008478124555783718,0.0018958471456102543,8.920388819775365e-10,2.957397433446745e-06,7.821330540423242e-10,1.2131735304917851e-05,4.239775785717085e-06,0.9817446144793441,2.7624841458711784e-11,3.4954565294329095e-12,0.006653845705895739,1.6185298789884248e-06,2.226603324153778e-06,1.1166488053436387e-07,1.1314969451475632e-09,2.1644632269910076e-10,2.7600815582170386e-05
38,1.17130272515512e-07,2.7241763523235572e-08,0.002758406354234026,1.4594457099850587e-06,0.00029058648724579234,0.00014786796374955557,2.4499356338160324e-06,5.0989189197157326e-05,0.03855243216980529,0.007480223206652208,2.4909992071105123e-09,6.300654799759073e-06,3.952705119752177e-09,2.4505571967054723e-05,7.758888769658197e-06,0.9274529841529591,1.0679401914328684e-10,9.160225159633508e-12,0.023128743490552023,4.84692878344507e-06,5.35418362364864e-06,2.445616255373784e-07,1.608758025768055e-09,7.079128160331564e-10,8.469356632658473e-05
39,2.744936925587002e-08,1.7655803493107924e-09,0.00042960550893899935,1.4281540361548546e-07,3.6011119267932185e-05,5.64930244345915e-05,8.818857502167932e-07,9.026923712198442e-06,0.004680952345034685,0.001243476834158848,4.832098334024998e-10,1.3584945983870677e-06,2.2833187226654073e-10,5.04178367894438e-06,2.8490912628161554e-06,0.9883061046645757,1.413518655171253e-11,1.2830822728879592e-12,0.005211998388508804,1.0119166328237482e-06,1.8386615823248342e-06,5.689718183622998e-08,8.405587812821159e-10,9.139188708673744e-11,1.3118771416772175e-05
40,4.839911394005931e-08,5.260213931039402e-09,0.0007425781218223118,2.420123624211527e-07,6.215236137141352e-05,9.873001779498737e-05,1.4735688615751315e-06,1.1137104482940903e-05,0.009819354848975996,0.0021653154874221384,8.916825290424366e-10,1.914646990098531e-06,5.795481904993447e-10,9.850983728399196e-06,4.8422241339653645e-06,0.9796074385263894,2.3003937702276494e-11,2.7387492122963748e-12,0.007445900187115592,1.4639648811117665e-06,2.4016792074631113e-06,1.0681351264395883e-07,1.1556562647859045e-09,1.77623918529564e-10,2.5040961365945128e-05
41,1.441657085997126e-07,6.325643188533737e-09,0.0003189239195022822,3.176139005506428e-07,1.834549323093823e-05,4.903391222140559e-05,2.560502525039032e-06,3.93509521426193e-05,0.0027704136836599557,0.002324134833675394,1.61130627899677e-09,8.260214614035804e-06,1.2542779505201102e-09,5.606073558068997e-06,2.346479686407248e-06,0.984090003601222,1.8825153066313083e-10,2.385066886902649e-11,0.010339419659669433,7.043218583933312e-06,4.1538453461280145e-06,6.002217104805726e-07,2.9264518675968805e-09,3.2968328102619745e-10,1.932894957786831e-05
42,1.1578070446407722e-07,2.4783033052187412e-08,0.0044396414417218364,8.464509601701831e-07,0.00029805250221857097,0.00030518697620112557,4.2734341562010325e-06,1.4036608038047914e-05,0.032786205753438366,0.004683302585806405,3.793123913776122e-09,4.9583123476278365e-06,4.775826719715959e-09,4.262301206929659e-05,8.409224092431474e-06,0.9479928690680699,4.0867298112558254e-11,1.1022751394260638e-11,0.009352848095733496,3.300070193587545e-06,3.721767468594758e-06,1.3863243919667364e-07,1.892102218257879e-09,8.038806989987361e-10,5.943418448435908e-05
43,5.066376153241584e-07,3.7778020513617614e-08,0.02031765926998053,1.215559922446972e-06,0.00016826721429367226,0.00018241192224038543,1.3505453619578512e-05,2.1565013686290807e-05,0.08115883440340461,0.0020352472465242884,8.023093615557964e-09,2.0817841190012903e-05,1.6868921557605874e-08,7.97874501412772e-05,1.3526056245045983e-05,0.8834746821264133,9.144038613263983e-11,1.5965063446577898e-11,0.012322643180132773,1.248843992721507e-05,2.4955833886892436e-06,1.911614392227021e-07,1.938611726242548e-09,1.4766089084421884e-09,0.00017408924717381488
44,4.777666698996432e-08,5.243916497352573e-09,0.0007426007125826507,2.4430276590067825e-07,6.170959336008177e-05,9.785071447480382e-05,1.479865899420726e-06,1.1225951291891385e-05,0.009825463860313754,0.0021838791106414375,8.904404689425717e-10,1.8829434432972822e-06,5.779428067003041e-10,9.685588542665666e-06,4.787677268715081e-06,0.9796313513497447,2.2840341813616332e-11,2.7312364154487926e-12,0.007398805668340177,1.4788027298297183e-06,2.4008165977476094e-06,1.0509426132451249e-07,1.149454765258662e-09,1.7904379011684313e-10,2.4992104705123993e-05
45,4.350985316364581e-08,6.6369176262354835e-09,0.0006577258629416259,2.8015816738354743e-07,5.524062137439742e-05,0.000107686533225824,1.2762223950036266e-06,9.547377653362679e-06,0.008034471081230291,0.0025651075935032614,8.44880462806547e-10,1.782678351132009e-06,4.700018488567749e-10,1.1300050932994428e-05,4.5409079466209165e-06,0.9818607200499847,2.2275303791346967e-11,3.5886041413834803e-12,0.006652945487988047,1.6139194716562944e-06,3.192242246377662e-06,1.2253192437273162e-07,1.2957380545570117e-09,1.533436882891328e-10,3.239374406425007e-05
46,4.334947775558164e-08,4.967643430825158e-09,0.0007428487082293729,2.322660998579516e-07,6.085898915277701e-05,0.00010150456447706249,1.4736723864614286e-06,1.0226597295631942e-05,0.010110488537512447,0.002173432223984914,8.473951029961331e-10,1.713087065995438e-06,5.242205182818755e-10,9.877758028118006e-06,4.710725257125171e-06,0.9796287923915682,1.901741850709233e-11,2.522191300822465e-12,0.0071258065958994315,1.374798751963597e-06,2.347789045807156e-06,9.782644440553857e-08,1.0713167739638012e-09,1.628606665767225e-10,2.4162524346766486e-05
47,5.804823571250394e-08,4.318141637298159e-09,0.000573175303139533,1.5909574427807865e-07,3.7338739471347085e-05,7.601253127188765e-05,1.2924588141016234e-06,9.652639867788888e-06,0.006408379458196161,0.0016949963284678248,6.583267849470905e-10,2.237636445395777e-06,4.6107530503932644e-10,7.78513777604593e-06,3.8293892133481516e-06,0.9851132842341368,2.417000032865655e-11,2.8192607880817567e-12,0.006046043110469176,1.4530398386541313e-06,1.969622930693409e-06,1.292538168855816e-07,1.0478231999468075e-09,1.4782617964615567e-10,2.2197311982123652e-05
48,5.903423437580845e-08,6.226345720827055e-09,0.0003897387852304077,2.6561892109341876e-07,5.0546834125733566e-05,5.965803587670191e-05,1.420901518972251e-06,1.5722301393699053e-05,0.006392416532700039,0.0025958184470813014,6.250022444860002e-10,1.7139974287115674e-06,6.509957323192494e-10,7.704407767484652e-06,4.953502398793528e-06,0.9798213795045554,4.500340058210347e-11,2.8461773340748034e-12,0.010628898484545493,1.2393938608724004e-06,2.5338084661026322e-06,1.4344331867194278e-07,1.596146790301107e-09,2.1638570574362988e-10,2.577760385038938e-05
49,5.045001070204585e-08,4.7800471001896565e-09,0.0008106652698296561,2.2143116663031394e-07,6.402880513259486e-05,0.00011273797141321337,1.3784192417492496e-06,1.0673258176875931e-05,0.009098103006160225,0.0019017092191301844,1.0129927016844965e-09,2.5975382590015133e-06,6.229028606222933e-10,1.0512376824868259e-05,4.326343563891667e-06,0.9810221234560452,2.3482578969682097e-11,3.152812396885949e-12,0.006934958895339199,1.7471844001060281e-06,2.2637989056324176e-06,1.2563856639147408e-07,1.1398004457061767e-09,1.5661406350589515e-10,2.176919884127262e-05
50,3.724368318512591e-08,4.671176218919572e-09,0.0005222696551168893,2.2435141207701444e-07,4.852492893600904e-05,7.638736310480203e-05,1.4337990170710704e-06,1.0192311923795685e-05,0.007872844153606706,0.0026052622043173956,5.713463471907781e-10,1.2586327831204406e-06,4.5850239618133524e-10,8.066815883622751e-06,3.753455213213559e-06,0.981652514331792,1.7373078008850975e-11,2.1059948998733388e-12,0.007172628371541251,1.144358709072352e-06,2.1940632526804957e-06,9.01148532838525e-08,9.69318387743188e-10,1.486023089561646e-10,2.1167006428966343e-05
51,5.97613968897295e-08,8.04646655769065e-09,0.000893390981236714,3.9213990957442646e-07,8.249363610620236e-05,0.00012694035047651662,2.0916077617921834e-06,1.5352672520103925e-05,0.012891024890567771,0.003272612354682957,1.3034673666257923e-09,2.22632265624444e-06,8.922314904899021e-10,1.3632229064340725e-05,5.418891550057083e-06,0.9732302889676351,2.9797695658785837e-11,4.693460766681111e-12,0.009428542300053036,1.8944545479279108e-06,3.402967936329581e-06,1.423896035889783e-07,1.4251900027597828e-09,2.4966957242085777e-10,3.0081130778574946e-05
52,7.068935267839373e-08,8.74102479528272e-09,0.000982744909943018,2.3815308766039607e-07,4.4876118216945275e-05,0.00026489145189200245,3.383664711461606e-06,8.09199220925999e-06,0.01045123414228038,0.0022034489516400964,2.34168900349214e-09,2.1961438506380463e-06,9.598590941064177e-10,1.3718683140938473e-05,4.708376543933947e-06,0.9824011942498672,1.85629434860464e-11,1.0909551860118536e-11,0.003593113880261572,3.4764302625495153e-06,2.2851609853569896e-06,1.977474709516921e-07,2.0700602827806406e-09,2.6785791111009607e-10,2.0114844319576237e-05
53,5.028120633863058e-08,5.817781803539179e-09,0.0007844561080433765,2.7351339811324916e-07,8.593870257469527e-05,0.00010592130920071185,1.2619237350276173e-06,1.2386399865535446e-05,0.010373047422141176,0.002433657189121981,9.097232155008785e-10,2.31427857523413e-06,6.786282746635614e-10,1.1126423613161825e-05,4.88136800508876e-06,0.9769927063735256,2.664297357370324e-11,2.8195226028326723e-12,0.009161884509728588,1.4184687285295776e-06,2.593743759983933e-06,1.1492852778987608e-07,1.1030938544596443e-09,1.7769518956313195e-10,2.595833986424909e-05
54,6.058570192098617e-08,8.198786365597204e-09,0.0011314116994586608,5.797343055897725e-07,0.000186238791491211,0.0001606439505611568,1.536981756162437e-06,2.8976936612397186e-05,0.0183673553518862,0.0033461690256038367,2.3623697934816475e-09,3.3697283578376457e-06,1.4135351983098053e-09,1.2280920475399457e-05,6.210898331607476e-06,0.9619435243267189,5.384052758499417e-11,5.506953726282838e-12,0.014778728677088541,2.6177436704091285e-06,3.8059778585444156e-06,1.53499988281146e-07,1.7374140235861038e-09,3.3656564333485544e-10,2.63210621148576e-05
55,2.4976577979223152e-08,3.1214265415788698e-09,0.00033478848330844137,1.6972881538471754e-07,4.7197464002639665e-05,7.808407837980531e-05,8.736784914627127e-07,7.647931129569019e-06,0.0049131823370637704,0.001805981942862673,5.024189750432654e-10,9.654290492279424e-07,2.6272367801477517e-10,6.671006152017363e-06,3.956752450630635e-06,0.9871149587280257,1.511721231239921e-11,1.5015889279604922e-12,0.005666542377418102,8.248870131569987e-07,2.1256525364538238e-06,7.47854210460362e-08,1.1881304692961184e-09,1.015166368292273e-10,1.5924568466583182e-05
56,5.357862573858482e-08,6.053268564671775e-09,0.0008352939889337544,2.707638240188143e-07,6.739305584684116e-05,0.00010394051610785116,1.6569851798236679e-06,1.1801549931776652e-05,0.01045420548328314,0.0023000281950496253,1.0214352264451026e-09,2.1092132833653995e-06,7.201807169426631e-10,1.0782447827584976e-05,5.022743318843018e-06,0.9786121368359836,2.5945540539168226e-11,3.201410497425808e-12,0.007564586109629068,1.642115562146506e-06,2.4854085010720785e-06,1.135699135831301e-07,1.2540851174146817e-09,2.098044296518584e-10,2.6468151277184096e-05
57,6.224448641916344e-08,8.43458885961751e-09,0.0006178143366207918,3.2072910604337383e-07,3.29159873693602e-05,0.00012923507891546081,3.7035354939738174e-06,1.0141781707115357e-05,0.011103272555011276,0.0022475280209106564,1.3740794883500926e-09,6.743061238371999e-07,4.316432546963074e-10,8.826976959865657e-06,9.033387398357845e-06,0.9817070386506668,1.7774676105708747e-11,4.761129402908755e-12,0.004081465343025935,1.6969861072362598e-06,2.953416552236226e-06,9.357739936069987e-08,2.973193394603056e-09,4.0152022117929596e-10,4.320944858438611e-05
58,5.516968076985994e-08,5.813050111007163e-09,0.0008053016381666499,2.5958445761326315e-07,6.374646200888175e-05,9.807704752258854e-05,1.6444550643049538e-06,1.2239101435395112e-05,0.010348536634254031,0.0022678767297625545,9.76384909314725e-10,1.9936874544718334e-06,6.685757722081996e-10,9.673328838367513e-06,5.017953672985396e-06,0.9788669077940977,2.6688049416923394e-11,3.102912991584611e-12,0.007487910327900662,1.5741146383924406e-06,2.4500162926823923e-06,1.0955810697223345e-07,1.2473041212657586e-09,2.2074014592235168e-10,2.6617440798895753e-05
59,5.571236823564799e-08,5.260512051728851e-09,0.0008631681043045399,2.4628202067009155e-07,5.8333946615178433e-05,9.3330142359678e-05,1.665226554497338e-06,1.20471474026141e-05,0.010056265679829592,0.0020982723769968517,9.594321868540225e-10,2.0096949774090634e-06,6.292503538737211e-10,8.974623463078167e-06,4.665858661034587e-06,0.9800323562864718,2.4928128152816594e-11,3.0333924283805568e-12,0.006738559532243573,1.6481639595381117e-06,2.338753638618979e-06,9.979342112679447e-08,1.1562005975322779e-09,2.2292021832741404e-10,2.5954418435247368e-05
60,4.777666698996432e-08,5.243916497352573e-09,0.0007426007125826507,2.4430276590067825e-07,6.170959336008177e-05,9.785071447480382e-05,1.479865899420726e-06,1.1225951291891385e-05,0.009825463860313754,0.0021838791106414375,8.904404689425717e-10,1.8829434432972822e-06,5.779428067003041e-10,9.685588542665666e-06,4.787677268715081e-06,0.9796313513497447,2.2840341813616332e-11,2.7312364154487926e-12,0.007398805668340177,1.4788027298297183e-06,2.4008165977476094e-06,1.0509426132451249e-07,1.149454765258662e-09,1.7904379011684313e-10,2.4992104705123993e-05
61,5.4264644740026966e-08,5.5293984772737825e-09,0.0009253666554282509,2.5596803625929347e-07,6.403320238909716e-05,0.00010011819648774493,1.64498337955873e-06,1.182254160717335e-05,0.010969149593798916,0.0021271182414117676,1.0163844817980837e-09,2.11431442390034e-06,6.703046620745617e-10,9.85372366419986e-06,4.8674054144959926e-06,0.9786665067026773,2.4567548257873112e-11,2.996717679030072e-12,0.0070862639942660096,1.6914927804258065e-06,2.3534115915319405e-06,1.0220798492472844e-07,1.1364974046788296e-09,2.1322526265118267e-10,2.667450663941292e-05
62,4.777666698996432e-08,5.243916497352573e-09,0.0007426007125826507,2.4430276590067825e-07,6.170959336008177e-05,9.785071447480382e-05,1.479865899420726e-06,1.1225951291891385e-05,0.009825463860313754,0.0021838791106414375,8.904404689425717e-10,1.8829434432972822e-06,5.779428067003041e-10,9.685588542665666e-06,4.787677268715081e-06,0.9796313513497447,2.2840341813616332e-11,2.7312364154487926e-12,0.007398805668340177,1.4788027298297183e-06,2.4008165977476094e-06,1.0509426132451249e-07,1.149454765258662e-09,1.7904379011684313e-10,2.4992104705123993e-05
63,5.300023951921949e-08,6.087524755984656e-09,0.0007902375648898697,2.6341777411395043e-07,6.353608197240933e-05,0.00010344933235906614,1.6162067638478804e-06,1.1831339911975893e-05,0.010603327680211782,0.002316466738921133,9.847170985602928e-10,1.957363577691633e-06,6.491680193816908e-10,1.0233455982023646e-05,5.177161438451659e-06,0.978497604190649,2.541064327136113e-11,3.151306145854457e-12,0.007562377546294174,1.6031810080870581e-06,2.524031303837559e-06,1.1542577208358168e-07,1.2501873401694117e-09,2.05113641742553e-10,2.7617075657975856e-05
64,4.426130967852584e-08,4.6842779089873455e-09,0.0006561910226897297,2.3746516743464528e-07,6.017942595718085e-05,9.236027611534373e-05,1.3447900201958023e-06,1.1191708385735426e-05,0.008829805038229624,0.0020921556370790545,8.428293331307675e-10,1.7928272293091492e-06,4.937092960500854e-10,9.247668889104544e-06,4.7815401880813045e-06,0.9808374485617907,2.2471938535010098e-11,2.5588954653360377e-12,0.007375392072027549,1.3279297722344022e-06,2.6273055037012166e-06,9.867182865083006e-08,1.153985587103253e-09,1.6576807750993152e-10,2.376643221564682e-05
65,1.3802272549034565e-07,1.4279104924734843e-08,0.0015723645406300194,4.523984168469568e-07,5.8012070046928605e-05,8.399801601676817e-05,4.68171732013524e-06,2.7661884136287266e-05,0.04351419937096672,0.00330801246038827,1.5924522920377097e-09,1.6034859383741215e-06,1.3316934768020887e-09,9.463095292751546e-06,1.2514811640098534e-05,0.9383892424096352,5.244278867734043e-11,3.6720997226410416e-12,0.012939807763228874,2.2278084747518507e-06,2.7169349814650282e-06,1.338320260044392e-07,1.516856027639888e-09,7.276551477861323e-10,7.274987425841713e-05
66,7.388372748117113e-08,7.99620731492309e-09,0.0008614598362498266,2.890675191601153e-07,8.358790639286033e-05,0.00013810685007004757,1.589532735924104e-06,1.263953935446975e-05,0.013119400821953049,0.0021308968308967834,1.350081079071936e-09,2.1465811712602732e-06,6.174175625931898e-10,1.2760962992002324e-05,9.046134097923969e-06,0.9751238280709141,3.4351888297407316e-11,3.9709012976545935e-12,0.008457368919933789,1.4055579732828284e-06,3.356593871394822e-06,1.391720441991449e-07,1.8540138521055697e-09,2.699075266610443e-10,4.1891612152371676e-05
67,3.648632871926429e-08,3.520768183457324e-09,0.0006849670835420061,1.7146790693187096e-07,3.9039799509917706e-05,8.707615312576938e-05,1.3685418233735177e-06,6.1945903621276525e-06,0.005385198172179513,0.0012598648816875642,7.811851189308813e-10,1.8338891046797302e-06,4.612244251351692e-10,9.606298438619523e-06,3.7675693020363864e-06,0.9884955469997241,1.569047393091652e-11,2.284631365525994e-12,0.004002699189740981,1.5905504459315806e-06,1.7461389143028342e-06,8.181096468610237e-08,1.2887623898222193e-09,1.24826560108439e-10,1.920418215663238e-05
68,5.212752659108416e-08,5.570965411183556e-09,0.0007113717796539583,2.3017445724673352e-07,4.36746186356131e-05,0.00011106109264723706,1.655247147196595e-06,1.0728688735796666e-05,0.00835129149149231,0.0019581084929127376,1.1249807360802818e-09,2.025189789733085e-06,5.376810686881958e-10,8.750305854331996e-06,4.653490892132977e-06,0.9833345102212715,2.4876170248232884e-11,4.1891055449185725e-12,0.005430811830127881,2.1573413189731526e-06,2.54402483191051e-06,1.3491076705225705e-07,1.4780636604375506e-09,1.9376465651719908e-10,2.623003741701888e-05
69,4.262759654559855e-08,5.533989446482059e-09,0.0005558760676560335,2.4138566018973305e-07,0.00010015557400996759,0.00015567263539569492,1.1963991721639958e-06,1.0984888627376583e-05,0.011045561222507824,0.0024214778680518158,1.0460570293212208e-09,1.9699443027937926e-06,5.346676562992081e-10,1.2933147156474909e-05,6.336206253498483e-06,0.975627295423096,2.2062071250446666e-11,2.9158239881442415e-12,0.010034434621769114,1.0604371645652712e-06,2.9438620271932344e-06,1.5233496062957405e-07,1.4959824549592145e-09,1.4031519123318023e-10,2.1656578602620166e-05
70,4.284687375125645e-08,4.465162567796536e-09,0.0003916900873574557,2.26875794155753e-07,5.524212255862245e-05,7.653523333671299e-05,1.245583774829686e-06,1.987750413212869e-05,0.010679484262430716,0.0027956617559628965,7.335096969047344e-10,1.1639294522270164e-06,3.625293052826835e-10,4.872201850702569e-06,5.225060583609501e-06,0.9746707663221399,2.9026555260367406e-11,2.396159305387878e-12,0.011272479308578826,1.097776836438477e-06,2.8093597884716648e-06,1.1398994498510117e-07,1.1003484463213663e-09,1.997939875146899e-10,2.1458885836849173e-05
