,0,1,2,3,4,5,6,7,8,9,10,11,12,13,14,15,16,17,18,19,20,21,22,23,24
0,0.0006583000826764672,4.176623756037244e-06,0.002723497003438001,0.00011570292797296274,0.05399866594278344,0.10487656417316372,0.0008192898386391177,8.220748738790297e-06,0.03335585226303805,9.374477612593216e-05,9.853666763875468e-06,1.2273967673781492e-05,0.006406082920991213,0.0001279223977470509,0.0011040215517592214,0.7561325035614637,0.0007876123806865682,0.003895813918873789,2.3985650131679995e-06,0.002422327115437159,0.00011473948849255561,1.0079775436212337e-06,4.957298937573967e-06,5.115968851612095e-05,0.03227331111976811
1,0.00022019862922813984,1.6955482743967889e-06,0.0007853666037650199,2.337089777746604e-05,0.03186934841368115,0.0625850953486289,0.0001820709052512503,4.702786216832594e-06,0.03381025180777497,1.8179403902926194e-05,4.6573556046333595e-06,5.086080894219168e-06,0.006818924568807065,2.613811863328224e-05,0.0011486614763066621,0.851502814309316,0.0006771582513978617,0.0010604241161156066,3.554727966501541e-06,0.0018475308500909473,6.380306592880689e-05,7.696380067384792e-07,9.992197633759415e-07,2.9278016136868683e-05,0.007309919860530128
2,0.0002367943980940705,2.0865182571561568e-06,0.000717855227474315,2.0411928231601034e-05,0.04440130709264737,0.053090849989199045,0.00022163829102022462,4.938146359011632e-06,0.036150694743375796,1.9126613667407962e-05,4.258188329954343e-06,5.449804174633897e-06,0.007216731364487447,2.926942725224538e-05,0.0015014371803085502,0.8428337667692046,0.0006775684477798019,0.0010149293559509197,3.4004980027203507e-06,0.002314274870723567,5.8537441944758864e-05,7.125211630296298e-07,9.974547384857242e-07,2.2896878036028317e-05,0.009450066849577159
3,0.00021812823578068948,1.673616740612065e-06,0.000780613105650857,2.295608338225836e-05,0.03119496729881433,0.062121459877520824,0.00017926925071560693,4.652580490760496e-06,0.03374642131810712,1.8062482810352056e-05,4.541849864744219e-06,5.008005986884194e-06,0.006745121536902369,2.5428616659894912e-05,0.001137581562376877,0.8530145285369927,0.0006607015336453982,0.001047744326438758,3.5464053799512724e-06,0.0018208045784738666,6.304419883467312e-05,7.578811642544209e-07,9.699835167640645e-07,2.9004071636002704e-05,0.007153013062113724
4,0.0002309238284210998,1.6992796859456368e-06,0.0008160975100278925,2.4288608292514316e-05,0.03170133357254281,0.062061923676339545,0.00018910504875421864,4.779344330157731e-06,0.03627224694837131,1.768744407611736e-05,4.671317788806561e-06,5.96833367539655e-06,0.008471440283619793,2.712649024302109e-05,0.001136230045772933,0.847572292463567,0.0007311257476239661,0.0011121266749904372,3.7426920511205817e-06,0.0018938720323803224,6.972177615579258e-05,8.141798436848205e-07,9.878067592991758e-07,3.0661356333689474e-05,0.007619133538353424
5,0.00023815012060110567,1.7299450702352363e-06,0.0008111834953818661,2.9333832984006938e-05,0.02816636338640914,0.06452734275121502,0.0001735236788354388,4.435200725026643e-06,0.03386218850191131,2.1088719059642448e-05,4.471917630590819e-06,5.427455800251782e-06,0.007203922829974527,2.848897611258311e-05,0.0009981293342170704,0.8520655790272054,0.0007074710284315185,0.0013248878941444205,3.2640701918853063e-06,0.0019992497334825493,6.847028391393568e-05,7.911039964405863e-07,1.0698874140398465e-06,3.297567611341835e-05,0.007720461149178608
6,0.00021812823578068948,1.673616740612065e-06,0.000780613105650857,2.295608338225836e-05,0.03119496729881433,0.062121459877520824,0.00017926925071560693,4.652580490760496e-06,0.03374642131810712,1.8062482810352056e-05,4.541849864744219e-06,5.008005986884194e-06,0.006745121536902369,2.5428616659894912e-05,0.001137581562376877,0.8530145285369927,0.0006607015336453982,0.001047744326438758,3.5464053799512724e-06,0.0018208045784738666,6.304419883467312e-05,7.578811642544209e-07,9.699835167640645e-07,2.9004071636002704e-05,0.007153013062113724
7,0.0005022501129592565,1.6295912438160084e-06,0.001796596767486142,2.4259521811128065e-05,0.034274238050422214,0.08815216739120924,0.0002486709797665408,6.480942407199072e-06,0.03661863768432973,2.17626366431312e-05,5.496335066432174e-06,5.863904244264885e-06,0.011720292568703538,2.546870133494689e-05,0.0008159437949528503,0.8141354560960725,0.0006145231471308599,0.0015478804761311323,5.011875892878584e-06,0.0018104961742314491,5.72542542116845e-05,4.71347449948621e-07,9.61269930747826e-07,4.9639050979356374e-05,0.007558547325388919
8,0.0003026789703952582,2.6881072737295628e-06,0.0014691301804110885,5.181439900895416e-05,0.04086414228854592,0.08342462664186824,0.0003053722877845613,6.291086492954769e-06,0.02969726059057617,3.453714772748698e-05,6.287070957841732e-06,6.400727653436804e-06,0.007019971907296603,4.510769632443628e-05,0.000802481984984297,0.8221438006442071,0.0005650567564976693,0.0011137680660595665,3.062085892035602e-06,0.0026564298514257555,6.635364778002913e-05,4.983095683708057e-07,2.372055284907756e-06,4.636623871791926e-05,0.0093635012572656
9,0.00020584655923128382,2.029957710652263e-06,0.0011555063158015068,4.144296647133666e-05,0.026139875158228996,0.0722235603975739,0.0002086393863175209,4.248015766051836e-06,0.03121143388260094,2.9354148208586978e-05,3.911733285020934e-06,5.2920346863058544e-06,0.006087853751505727,2.7759052059712843e-05,0.000832579080468416,0.8504376673406678,0.0004819157166917927,0.0009836012648748102,2.5572354196956767e-06,0.002207219710033447,7.2599004096197e-05,5.466644307304793e-07,1.4494762434186388e-06,3.645542153233324e-05,0.007596655726093906
10,0.00021812823578068948,1.673616740612065e-06,0.000780613105650857,2.295608338225836e-05,0.03119496729881433,0.062121459877520824,0.00017926925071560693,4.652580490760496e-06,0.03374642131810712,1.8062482810352056e-05,4.541849864744219e-06,5.008005986884194e-06,0.006745121536902369,2.5428616659894912e-05,0.001137581562376877,0.8530145285369927,0.0006607015336453982,0.001047744326438758,3.5464053799512724e-06,0.0018208045784738666,6.304419883467312e-05,7.578811642544209e-07,9.699835167640645e-07,2.9004071636002704e-05,0.007153013062113724
11,0.00022524266478718993,1.68497204637851e-06,0.0008035028381477729,2.3806907082653197e-05,0.03134371133450295,0.06131683678366972,0.00018575548414947386,4.743814989068921e-06,0.034638997484186765,1.8142627719477485e-05,4.534912575034575e-06,5.598922036663488e-06,0.007944104195372817,2.625959926057557e-05,0.0011073767467905695,0.8512048352930013,0.0006978428191781927,0.0010768759857894708,3.6496875158356015e-06,0.0019077436986720134,6.637311451638923e-05,7.704506560682131e-07,9.836004520138631e-07,3.010890757520043e-05,0.007360517155326623
12,6.113553280249988e-05,3.743383009647105e-07,0.0008382186505707247,8.828088648001848e-06,0.004472088669822845,0.02033464375920288,0.00012039622934364837,9.221046473812644e-06,0.019190764837340713,4.479414971978212e-06,4.657063653347442e-06,3.903590580058432e-06,0.0015462217297343532,2.414958020553701e-06,0.0012294868492926105,0.9510055147373091,4.318308767090402e-05,0.00015750153187291642,4.907468772210026e-06,0.0003051802587712809,1.5483904987493697e-05,4.265065059341849e-07,1.9941602552560425e-07,2.5706634479627448e-05,0.0006150616948459965
13,0.00019471070317696583,1.6949618525946453e-06,0.0008760808461318368,3.462795569967888e-05,0.03966042433754318,0.05553467591788648,0.0002697489857823673,8.713706485005088e-06,0.0316584193201644,1.5367041732893044e-05,1.186362895523327e-05,1.020819019820587e-05,0.009047888366001797,4.896625113975167e-05,0.0013646775897622914,0.849155277511917,0.0009163747934947774,0.001048834413703579,4.063048033425911e-06,0.002176238346698174,7.880362491352753e-05,1.352497315524608e-06,2.002675705350556e-06,3.990230178168559e-05,0.007839082983924044
14,0.0002588168325110136,5.153483196671941e-06,0.00041525438592721964,2.434423024761782e-05,0.06458180274865159,0.048639169069109804,0.00032979418938000957,6.237646102254173e-06,0.026316734607417343,4.307198863028713e-05,6.049320764021179e-06,4.767539692757175e-06,0.004397334417688001,5.126321305323245e-05,0.0009708428980113953,0.842728873063945,0.0005807978972224265,0.0009261414441108719,5.840122858950558e-06,0.0027552390979919124,4.11258582178052e-05,7.004422223168341e-07,1.6520515542470946e-06,3.1614265954324155e-05,0.0068773791855386325
15,0.00021812823578068948,1.673616740612065e-06,0.000780613105650857,2.295608338225836e-05,0.03119496729881433,0.062121459877520824,0.00017926925071560693,4.652580490760496e-06,0.03374642131810712,1.8062482810352056e-05,4.541849864744219e-06,5.008005986884194e-06,0.006745121536902369,2.5428616659894912e-05,0.001137581562376877,0.8530145285369927,0.0006607015336453982,0.001047744326438758,3.5464053799512724e-06,0.0018208045784738666,6.304419883467312e-05,7.578811642544209e-07,9.699835167640645e-07,2.9004071636002704e-05,0.007153013062113724
16,0.00016275084323594594,1.6252615636855236e-06,0.000524891057094298,2.1636952414269112e-05,0.0256743722225999,0.04100078194360661,0.00018810694822048328,4.73671806266713e-06,0.02705510800005938,2.25010049852141e-05,3.3045295698030553e-06,5.9339443388194635e-06,0.006007534485427925,2.640864540923286e-05,0.0011217328970564492,0.8875416266847409,0.0006115050665751696,0.0010192463521080848,3.1263053155665494e-06,0.0019188591153401857,7.899952289584595e-05,9.839524128203025e-07,8.958094391666714e-07,2.207937039135e-05,0.006981252367136035
17,0.00023112160000076518,1.6383703454415182e-06,0.0008460012559637185,2.039583283585685e-05,0.02733261937153078,0.06709493016966793,0.00016297707543342648,4.2003445822082435e-06,0.036340624331497776,1.7469586181819882e-05,4.037950700311673e-06,4.2061546184953914e-06,0.005619773552140071,1.9849813259840902e-05,0.001165075777891916,0.8515872672099292,0.0005242948940495899,0.0010147289811949037,3.7578958200249385e-06,0.0015217303779726423,5.679362363983156e-05,6.587832700264808e-07,7.67024780223271e-07,2.9255188977585113e-05,0.006395824833715674
18,0.00013260278845820113,1.2733843753527775e-06,0.0008382716620642077,1.877092940828925e-05,0.01573633826813806,0.05961782791166337,0.0001137665592547914,4.928660393479855e-06,0.031364303453925914,1.0319455432876232e-05,4.823423194219545e-06,3.257113907371918e-06,0.003352774005045053,1.074523640935229e-05,0.0009363649958580694,0.8839468856990473,0.00022332006783627254,0.0004011744734445727,4.4839604941956915e-06,0.0009859602288537798,3.336714288832295e-05,4.60365796216175e-07,6.254600876815211e-07,3.5990841516413545e-05,0.002221363912506605
19,0.00018066256213683358,1.5822389919932448e-06,0.0007711265899134115,2.510155050041562e-05,0.02841184500905471,0.04472870400183019,0.00022167275765841015,4.707131941325158e-06,0.03311538710296355,1.6782091824018505e-05,4.014349000351572e-06,6.371493673117111e-06,0.006808219290851947,2.3097219147949102e-05,0.0011189071488736319,0.8746957426662334,0.000546508484683516,0.0008709097067191027,2.799444098581173e-06,0.0016369924892786734,6.529979915408991e-05,7.941313342390882e-07,8.712634363584988e-07,2.478651178736991e-05,0.006717114964912844
20,0.0001474618442942265,1.3431775815277187e-06,0.0006300284141309626,1.993156847452644e-05,0.021907373557685336,0.0427577201209628,0.00016695021434667427,6.247747181541091e-06,0.02761482422116018,1.498197565937972e-05,4.814032431428896e-06,5.413504043176766e-06,0.004890003970412211,2.1211787643064856e-05,0.0016354307064985068,0.8916147735727233,0.0005576979678068287,0.0008325373047721867,3.6685238341812574e-06,0.001487093109684826,5.7295057432465e-05,1.1751715778046859e-06,8.055278783085082e-07,2.1781502738764515e-05,0.0055994354190457086
21,0.0002717958424693981,1.92383914437335e-06,0.0009755789464680181,2.294938901386044e-05,0.04632221838825537,0.08486862098443691,0.00021879544494040045,5.197391154381273e-06,0.036985695716087216,1.8562522668424298e-05,6.627727337510247e-06,4.950799700983991e-06,0.007403442142688394,2.9389009903991025e-05,0.0016092066240417171,0.8070285211329583,0.000948747343756471,0.0011625267390397806,4.451736565648573e-06,0.0019615707514290598,7.092020178488785e-05,8.843904298404312e-07,1.3751847097989212e-06,3.316442450633911e-05,0.010042883326509055
22,0.0002468906505150261,1.6477963165776651e-06,0.0008500983415383383,2.3472959310194495e-05,0.030722087368129505,0.06765553121863158,0.00017233565976818648,4.805019997965409e-06,0.035414802698595566,1.8785962200485196e-05,4.727028129441254e-06,4.7890635086363545e-06,0.006694858953785807,2.5261279825106114e-05,0.001178016231203131,0.8454710636791049,0.0007474442153879958,0.0012792004502612663,3.699034760658506e-06,0.001792708036764066,6.722344401812349e-05,8.365884159875332e-07,9.570854066301806e-07,3.0121593559087126e-05,0.007588635640865666
23,0.00021812823578068948,1.673616740612065e-06,0.000780613105650857,2.295608338225836e-05,0.03119496729881433,0.062121459877520824,0.00017926925071560693,4.652580490760496e-06,0.03374642131810712,1.8062482810352056e-05,4.541849864744219e-06,5.008005986884194e-06,0.006745121536902369,2.5428616659894912e-05,0.001137581562376877,0.8530145285369927,0.0006607015336453982,0.001047744326438758,3.5464053799512724e-06,0.0018208045784738666,6.304419883467312e-05,7.578811642544209e-07,9.699835167640645e-07,2.9004071636002704e-05,0.007153013062113724
24,0.00021271433929745813,2.0397763579901443e-06,0.0006297127087868713,2.8767707294639365e-05,0.029482445437106142,0.05644701744159807,0.00016041485212229078,4.6338715628632415e-06,0.03019705543178054,2.1343940236958253e-05,4.100893324729017e-06,5.131228365446831e-06,0.0069461768306337355,3.343659730662772e-05,0.0008305075117663813,0.8643865700456197,0.0006809137840650777,0.0010831076055442914,3.2657345922919808e-06,0.0022694442109254744,5.71142894538106e-05,7.038799344203696e-07,1.0636312492230833e-06,2.963277730025727e-05,0.006482685473774647
25,0.000405623581718666,1.8946804684279172e-06,0.001095062613922143,1.541770046158844e-05,0.03723217284115751,0.09341026325660569,0.00017069251212290684,2.243429820712579e-06,0.055282294300966456,2.036502048359335e-05,2.083460299592898e-06,3.687400294617415e-06,0.00875525301166451,1.6370461784959288e-05,0.001531303528848468,0.7840047225331979,0.0006901183181786994,0.0015926014355978938,3.363960961391668e-06,0.001538544261424339,7.436032128553812e-05,5.03218833885673e-07,5.256709667372165e-07,2.2582260424495115e-05,0.014127950218509122
26,0.0004101572149097404,1.8082770590537235e-06,0.001349692304538815,3.103481721281161e-05,0.03427631646529681,0.11423900364644506,0.00015285298959108923,3.9884244049104594e-06,0.04806976234765852,1.930644109619607e-05,5.2772720500422275e-06,4.717945529211829e-06,0.011668320004095956,2.4596796931880865e-05,0.0006607335677719614,0.7772408446767556,0.0008121441394688605,0.0016935665825104159,4.5288085179880945e-06,0.002114444508976441,7.333292310743005e-05,4.77762332604057e-07,1.137800493467687e-06,6.099197549383964e-05,0.007080962307751284
27,0.0002798665490684335,1.8492269610989867e-06,0.0009295031345018349,2.3875722741467674e-05,0.03971541389918235,0.0699015825757899,0.0002068402433496385,4.2234589672357295e-06,0.035535513893563644,2.0184639259061097e-05,4.213561864574197e-06,5.2029917678831634e-06,0.008712102714971704,2.780772309246438e-05,0.0009873258664836607,0.8306392330032075,0.0007224533371133051,0.001155686679949214,3.344761609474362e-06,0.0021189126807215804,6.637034231303739e-05,5.693257778210671e-07,1.0559968009085286e-06,3.115276690209086e-05,0.008905714904040088
28,0.00021812823578068948,1.673616740612065e-06,0.000780613105650857,2.295608338225836e-05,0.03119496729881433,0.062121459877520824,0.00017926925071560693,4.652580490760496e-06,0.03374642131810712,1.8062482810352056e-05,4.541849864744219e-06,5.008005986884194e-06,0.006745121536902369,2.5428616659894912e-05,0.001137581562376877,0.8530145285369927,0.0006607015336453982,0.001047744326438758,3.5464053799512724e-06,0.0018208045784738666,6.304419883467312e-05,7.578811642544209e-07,9.699835167640645e-07,2.9004071636002704e-05,0.007153013062113724
29,0.00021812823578068948,1.673616740612065e-06,0.000780613105650857,2.295608338225836e-05,0.03119496729881433,0.062121459877520824,0.00017926925071560693,4.652580490760496e-06,0.03374642131810712,1.8062482810352056e-05,4.541849864744219e-06,5.008005986884194e-06,0.006745121536902369,2.5428616659894912e-05,0.001137581562376877,0.8530145285369927,0.0006607015336453982,0.001047744326438758,3.5464053799512724e-06,0.0018208045784738666,6.304419883467312e-05,7.578811642544209e-07,9.699835167640645e-07,2.9004071636002704e-05,0.007153013062113724
30,0.00021812823578068948,1.673616740612065e-06,0.000780613105650857,2.295608338225836e-05,0.03119496729881433,0.062121459877520824,0.00017926925071560693,4.652580490760496e-06,0.03374642131810712,1.8062482810352056e-05,4.541849864744219e-06,5.008005986884194e-06,0.006745121536902369,2.5428616659894912e-05,0.001137581562376877,0.8530145285369927,0.0006607015336453982,0.001047744326438758,3.5464053799512724e-06,0.0018208045784738666,6.304419883467312e-05,7.578811642544209e-07,9.699835167640645e-07,2.9004071636002704e-05,0.007153013062113724
31,0.00014019193837860902,1.5824406670486393e-06,0.0005666377727992147,2.1916048443702986e-05,0.029536239894748732,0.06054487258850242,0.00015036854244211348,3.28749330359425e-06,0.03588118841522606,1.4935062282749332e-05,4.364576773830761e-06,4.7011457904982155e-06,0.005749394820180729,2.3163943643608584e-05,0.0012982668931394927,0.855853473992984,0.000653735992942446,0.000832128485024607,3.0289347615408836e-06,0.0017170787638504095,6.702083659453424e-05,8.637285662590964e-07,9.457495277948444e-07,2.577471681286242e-05,0.006904837222613074
32,0.00022588968313840544,1.706810999951208e-06,0.000773646467099419,2.1616846635319466e-05,0.029844005893081983,0.06319717631152404,0.00017606179975813597,4.852053461698477e-06,0.03388218831341701,1.814356162382905e-05,4.616593320256968e-06,5.000341123031017e-06,0.0066546166959840294,2.465368586065918e-05,0.0011799204079626323,0.8536444128689815,0.000650646605406347,0.0010507744903919852,4.060534646487971e-06,0.0017243107827844208,6.267752873955164e-05,7.952188839031582e-07,9.218576583940199e-07,2.971408543573133e-05,0.006817590562081322
33,0.0003254321426912202,2.0487146728805075e-06,0.0011343774083181213,2.0664041298017856e-05,0.037816738000975104,0.06654073315336823,0.0002279219935693712,3.932870161474008e-06,0.050500275924313325,1.757735938929865e-05,3.942326076357093e-06,5.269560103194545e-06,0.0059901189584835556,2.0810056072062594e-05,0.0017703491017568333,0.8216058129335893,0.000500926636350131,0.0012104989903050029,3.3248629278368266e-06,0.0015766546923976794,6.45073242782932e-05,6.297126095458556e-07,7.250655638472233e-07,2.5504229201248023e-05,0.010631223941528118
34,0.0003293271086684448,1.9157356309821694e-06,0.0009629219080141534,1.9717320440741698e-05,0.03208830586416516,0.07179581439289787,0.00018308477439609298,4.973623995170314e-06,0.04857632133539872,1.489590690607502e-05,4.866585110582551e-06,5.668876395809274e-06,0.008286632374591762,2.2789435771183195e-05,0.001254464224988343,0.8261286319737404,0.0006273986205468655,0.0012281769484387415,5.332502344935445e-06,0.0014752254454096678,6.352084134175122e-05,7.379524885736408e-07,6.992030155122183e-07,3.4183583919571564e-05,0.006884393461382916
35,0.0006649917795474152,1.5941536838046639e-06,0.0012632253436350952,2.191998365659169e-05,0.025798293755524972,0.05146361425208669,0.0002489710892467037,6.640935367965498e-06,0.05537432610088046,1.9321862618958987e-05,3.3207068724838097e-06,6.655957950737983e-06,0.007449956417859906,1.939212073809142e-05,0.0009643326889702324,0.844169372195972,0.0005302833613804024,0.002895817514952617,4.190360101123308e-06,0.0010552244745739038,6.855545616202963e-05,7.655502646676983e-07,4.0663516494803625e-07,2.977593249319588e-05,0.007939051370295087
36,0.00012615596179595264,8.235872741837826e-07,0.0004695428137889367,1.3431825049100722e-05,0.016162893799865796,0.025667891097531356,0.0001537448516625245,6.895700098762138e-06,0.02320772666766039,8.467528421507574e-06,3.4577431718123185e-06,6.968941014803801e-06,0.0071243690703562965,1.6225141083950296e-05,0.0010644356693488932,0.9201955409691366,0.0004386926875773201,0.000584256593762428,3.5049057835447045e-06,0.0010818934001873904,4.100335471767904e-05,8.495713579550708e-07,4.001694623874572e-07,1.5671624056425662e-05,0.003605156325833944
37,0.0004423675031165826,2.151241473953865e-06,0.001249437303092486,3.5290517751882094e-05,0.03490891206970373,0.07755464918684134,0.0002329257985922759,5.32262451910429e-06,0.03845031751969535,2.8055001309491342e-05,5.1720341187050474e-06,5.58786760035243e-06,0.008141083223072887,3.2191026352017625e-05,0.0007763007827136216,0.8248258679188369,0.0006528386921382978,0.001981199599013394,3.739619192777953e-06,0.002085098158845461,6.500862233467145e-05,5.91762346894923e-07,1.184112942057074e-06,4.7401360135246164e-05,0.0084673064542604
38,2.433214587752421e-05,2.630512130069661e-06,0.00014269566574475883,0.000986496251145908,0.03340194252927054,0.013771097770903276,0.00017334499166529028,3.733295088475477e-05,0.01378412983315613,2.3043189471396864e-05,2.7199865928104108e-05,3.8585129937206744e-05,0.010977068882740854,0.0009034082150618615,0.0006528183895377626,0.8628672859640749,0.02265601653615369,0.0028513115243421986,5.980445316125363e-07,0.0229991899783777,0.0005540816447976768,2.1713227239592032e-05,2.3441791512680835e-05,1.649555859821389e-05,0.01306373940691615
39,0.00017794760247988466,1.0353504990969918e-06,0.0008228698488602324,1.7548487032533215e-05,0.021802434090340793,0.06709885233791926,0.00013324283136209784,4.451528053075339e-06,0.027660645239620228,1.5743867491708873e-05,3.5240926628897053e-06,3.9254635971947895e-06,0.007103471417848191,1.5519023008853007e-05,0.0009751589269679847,0.865685168106733,0.0006527044744392341,0.0008721438648927428,3.801287130589581e-06,0.00153129337812702,6.790265255247264e-05,6.861613871645265e-07,7.745009294459927e-07,2.859083168289822e-05,0.005320564634381291
40,0.0002071763793569648,1.6361986688306688e-06,0.0007358548022441702,2.342411745243558e-05,0.02986384203174919,0.06085089470335918,0.00016954440163376974,4.622226434411423e-06,0.032177571613865606,1.8211513889746687e-05,4.450723376054406e-06,4.8003798708635135e-06,0.006482746228612326,2.511043283561146e-05,0.0010696701297872489,0.8579604963094563,0.0006598826593473957,0.0010340189834850207,3.46680115238121e-06,0.0018557453082322514,6.214400449329633e-05,7.480921536174277e-07,9.758200602925122e-07,2.9030729404191518e-05,0.006753935409078973
41,7.90420116914846e-05,3.1578553080404564e-06,0.0005631048475532686,0.00020411188059745738,0.006856241496808603,0.2113293876718867,0.00017511987841666685,2.314563754491488e-05,0.007255858251476683,0.0002582872584487,2.0742712876188702e-05,8.756600553142352e-06,0.002504315445417364,0.00038876926004070107,0.0006759822775359543,0.7509343153217445,0.003013587581755828,0.0034712198595598324,1.3695373328384388e-05,0.003020171435936174,0.00042886947397250454,1.003670010749098e-05,1.657419663006653e-05,7.281549589522544e-05,0.008672691474914132
42,0.0003922733872717976,2.8250666553654135e-06,0.0011217901468280683,3.0802970525531036e-05,0.06452396015735402,0.08081604700516004,0.00029461573341936774,4.265796617596253e-06,0.050233934997714065,2.264580202891077e-05,5.895190691688161e-06,6.555542578615398e-06,0.0093126129693927,4.426988929955519e-05,0.0013232390650347809,0.7721092993096556,0.0009035924387204235,0.0015992837273868614,3.217238499731121e-06,0.0024809760387728827,7.637938547360672e-05,6.920448192632668e-07,1.451229263874942e-06,3.4266145393988116e-05,0.01465510872144165
43,0.00011681918720597405,1.2506885014030412e-06,0.0005106651776050761,1.824432469778543e-05,0.01755968057522765,0.06270439115710304,0.00011354589965800383,3.950755052115647e-06,0.0198265760226761,3.379133047569265e-05,2.4282334425214067e-06,2.7346534190071993e-06,0.00457850314235219,1.8055352008304665e-05,0.0008354857457710272,0.8849547900832605,0.000687766088688352,0.0009792999426352167,3.5776661051006206e-06,0.001984487340138848,8.438006340484798e-05,9.388058002909651e-07,9.75293813558571e-07,2.4396126834084845e-05,0.004953266344123474
44,0.00021812823578068948,1.673616740612065e-06,0.000780613105650857,2.295608338225836e-05,0.03119496729881433,0.062121459877520824,0.00017926925071560693,4.652580490760496e-06,0.03374642131810712,1.8062482810352056e-05,4.541849864744219e-06,5.008005986884194e-06,0.006745121536902369,2.5428616659894912e-05,0.001137581562376877,0.8530145285369927,0.0006607015336453982,0.001047744326438758,3.5464053799512724e-06,0.0018208045784738666,6.304419883467312e-05,7.578811642544209e-07,9.699835167640645e-07,2.9004071636002704e-05,0.007153013062113724
45,0.0003812299174643734,3.3225404889371114e-06,0.000848298614957098,3.9328363921541414e-05,0.061106380461884366,0.09190699391698957,0.00023327201724161655,3.901259281322001e-06,0.04519368988381888,3.143062994150593e-05,5.084254367702497e-06,6.862314479739057e-06,0.011973330382463801,6.770518571039181e-05,0.0008815939068992983,0.7646118566401744,0.0014771092635075074,0.002110085454452226,3.4412037950842456e-06,0.0033975777571024265,0.00012282543512595186,8.592961366912531e-07,1.9694568878522273e-06,3.908803868617477e-05,0.01555276380422154
46,0.0002217253391632865,1.70481077253565e-06,0.0007852167487114089,2.273078433450746e-05,0.03167860746061555,0.061613189710596955,0.0001832376761412394,4.625724033384564e-06,0.03427260974650156,1.818136296647943e-05,4.509450457620135e-06,5.027980278830337e-06,0.0066438056107997025,2.5394857440562014e-05,0.001147900271748289,0.852571762058248,0.0006393027130802811,0.0010465409970846571,3.5349389620656996e-06,0.0018040439534379917,6.236337340102939e-05,7.446016477818238e-07,9.584874375050738e-07,2.8820815472083823e-05,0.007213460526666737
47,0.00021948577813288064,1.9603779571407526e-06,0.0008497367818554412,2.7184095852447998e-05,0.03467316587547111,0.07006758560821454,0.00019582679396066465,5.1334046184698046e-06,0.03405636603698071,2.0409785724074102e-05,5.655646580051536e-06,5.096865512921403e-06,0.0061611543043896735,3.0543221920735046e-05,0.0012367260887155046,0.840869600341655,0.0007021420605527731,0.0010676669594980584,3.7128314871269866e-06,0.001969893827313069,6.575027625183048e-05,8.368660957663506e-07,1.282231754331897e-06,3.225956692568801e-05,0.007730824372580069
48,0.0002069588146132991,1.7891806653254032e-06,0.0006466747632369233,2.099499660278711e-05,0.028854567299419438,0.07233232733516581,0.00014929190734994436,4.871781711823106e-06,0.030334399002756907,1.8291742896708354e-05,5.087395875338325e-06,4.288557927043515e-06,0.0067615134281379064,2.6018493032892647e-05,0.0009705274484028382,0.8507540370273099,0.0007086325903978095,0.0009427317566292592,5.147585203758836e-06,0.0017622339037406197,5.668324344523473e-05,7.717413932271918e-07,9.942815252985774e-07,3.5035004917896364e-05,0.005396130717642019
49,0.00022476933991837734,1.618391003811135e-06,0.0009269524995651868,2.868853226174849e-05,0.028040779519791698,0.06931808404919158,0.0001769916141939944,4.723976346470875e-06,0.03272234297754478,2.0155306094534084e-05,4.891050997636301e-06,5.525049486375104e-06,0.007554246311271984,2.8339345083632084e-05,0.0010627592546688324,0.8482983793697119,0.0006997019308643932,0.001187045442005569,3.3322526278159147e-06,0.001980102002939189,6.991234675162544e-05,8.035532191407769e-07,1.1554410570755311e-06,3.443910298556691e-05,0.00760426134041709
50,0.0002192721311538338,1.6882313285659596e-06,0.0007791360823794024,2.2510025648448337e-05,0.03243407863401113,0.0598902508431974,0.00019579134475816923,4.874356243545626e-06,0.031876960801338235,1.9325892614981348e-05,4.558248797400705e-06,5.1426794939785475e-06,0.006694864916747842,2.6413583939144264e-05,0.0011625567178683222,0.855582539490705,0.0006537170814341516,0.0010372949147520903,3.5414953386359105e-06,0.0018397036752686488,6.264785166853016e-05,7.680694146269684e-07,1.0128080629536154e-06,2.8180932315869757e-05,0.007453169191519187
51,0.00029099032390718024,3.520015060108541e-06,0.0007961432556122862,4.23374001094033e-05,0.028377680660961562,0.06383449393219609,0.0001975119978444559,6.740599073607009e-06,0.04405107459115971,2.3466668122604647e-05,5.962615538075782e-06,6.870242214857346e-06,0.005206109875532224,4.762407637600863e-05,0.0013709539640519618,0.8435032611415955,0.000721971443698934,0.0015179733608526552,4.632433098182767e-06,0.0018979373773375103,6.837802549742504e-05,1.2312933308289834e-06,1.0681100965763193e-06,3.0603051008852e-05,0.007991463545723644
52,0.00034446629346292045,1.2478496351951287e-06,0.0008119478660429952,1.7640672028091982e-05,0.021095504311441297,0.09862730488491098,0.00010334729140269306,3.6785845521848947e-06,0.04034364289597126,2.263194145740609e-05,4.150927305048527e-06,2.974124269268448e-06,0.005411887894848562,2.322070281499493e-05,0.0012915921014987257,0.8178023755508154,0.0007996888628172618,0.0031143305467519872,4.085211047458195e-06,0.0014407698207228024,5.148263821564542e-05,1.0236790150473034e-06,6.088067469997316e-07,3.116509806525175e-05,0.008649231444160622
53,0.0006193600953662027,2.11650793072236e-06,0.0009980386489969258,2.8264489492326005e-05,0.013701036605705355,0.2514574252665805,2.8175440577398088e-05,2.653380527090968e-06,0.04942987334416274,1.7733122704603874e-05,3.2767813954619854e-06,1.6054862494085982e-06,0.00698428897660389,2.4410241811949362e-05,0.0005118443624206628,0.6638902252912351,0.0018240405320799013,0.0035070425331491166,7.71657660319835e-06,0.0015937655292725986,7.764923103270225e-05,7.268997633101993e-07,5.591992141646486e-07,5.491666388215798e-05,0.005233254793242509
54,0.00014820850461776198,8.491636883511819e-07,0.0007434482750375388,3.293947464121555e-05,0.023007845256043886,0.06462172031253181,0.0001204677169936914,6.88150845653448e-06,0.02789702855691038,1.2396831106304743e-05,7.907725646785536e-06,5.0963165568209386e-06,0.010579956750953365,2.148962084161249e-05,0.0005305462339069727,0.864050669675401,0.0012063239582716105,0.001242326836485571,3.902166126754608e-06,0.002220126010048215,8.914914734865782e-05,9.74374394775859e-07,1.3380221174211118e-06,5.572176769474562e-05,0.003392685794178336
55,0.0003567012619513531,1.36965713811879e-06,0.0009135858566233613,2.0612865382671693e-05,0.02128662244586367,0.04274886472463646,0.00018486391951826465,3.0532594760783383e-06,0.0741799385138209,9.480492004619497e-06,2.308174309588995e-06,9.376638361501919e-06,0.012319929748672638,1.4853013563690493e-05,0.0008293521173294246,0.837749864557002,0.0003401717450561273,0.0013852830960414193,2.9225706987439605e-06,0.001032283891762587,5.975727996121996e-05,4.544863878088557e-07,2.81115008224423e-07,2.7257227767882524e-05,0.00652081134166179
56,0.00022521992090690718,1.6737179173336461e-06,0.0008080041385808263,2.3570318114254387e-05,0.03134708054190555,0.06196570482988127,0.00018743524727707188,4.824581479286774e-06,0.03445693249353811,1.8047010424756993e-05,4.663266581817326e-06,5.592993270551687e-06,0.0077973425786518205,2.624454135299597e-05,0.0011290011244168279,0.8509322894847123,0.0006933298708856278,0.0010679690835480986,3.736354118028072e-06,0.001874006434959246,6.632904380633349e-05,7.81353812362702e-07,9.917400819273018e-07,3.041534214836086e-05,0.007328813987628281
57,0.0002560645651750138,1.9440055935639937e-06,0.000930663447239647,2.6115289657730977e-05,0.03641121803704639,0.07770255146625306,0.00019150926480378589,4.614876400837413e-06,0.03750161580430543,2.0169757900274233e-05,5.643309478446293e-06,4.589117160443996e-06,0.005950127958844119,2.784308156657881e-05,0.0012288233813631875,0.827807313131401,0.0006937852551120384,0.0012241762713698352,3.7145978720159165e-06,0.0018585086157705854,6.679446869583866e-05,7.770489190659677e-07,1.2025930479265776e-06,3.5185487570015174e-05,0.00804504916745325
58,0.00023937678774557384,1.6215680759366111e-06,0.0008838397659511055,2.4184903756402212e-05,0.030258903247982583,0.06677074074872084,0.00018868562619722492,4.810054959970213e-06,0.03572929411066946,1.729958349692581e-05,5.034650821231622e-06,5.6401180016769555e-06,0.007820434379956678,2.456943601707553e-05,0.0010229541918315283,0.8468736737931833,0.0006102123047163281,0.0010521666198046729,3.988450611068798e-06,0.001722233021966247,6.409509115114348e-05,6.940300271064017e-07,9.991441139753778e-07,3.5960544320694015e-05,0.00663858782592113
59,0.00022513434806566536,1.6015154159607773e-06,0.0009091295553222151,2.458417568719453e-05,0.029030768217443423,0.0669114126140984,0.0001796258714592642,4.715344185829622e-06,0.03489037432989931,1.7535217963083804e-05,4.92241255974179e-06,5.196915713969137e-06,0.007014777679695253,2.3211046887141412e-05,0.0010464460709404357,0.8498106832963322,0.000586586284365914,0.0010113038323915043,3.7487552293328726e-06,0.0017595151635612161,6.381309259979271e-05,6.827344325973164e-07,9.997859602978297e-07,3.503468401142092e-05,0.006438197055778945
60,0.00021812823578068948,1.673616740612065e-06,0.000780613105650857,2.295608338225836e-05,0.03119496729881433,0.062121459877520824,0.00017926925071560693,4.652580490760496e-06,0.03374642131810712,1.8062482810352056e-05,4.541849864744219e-06,5.008005986884194e-06,0.006745121536902369,2.5428616659894912e-05,0.001137581562376877,0.8530145285369927,0.0006607015336453982,0.001047744326438758,3.5464053799512724e-06,0.0018208045784738666,6.304419883467312e-05,7.578811642544209e-07,9.699835167640645e-07,2.9004071636002704e-05,0.007153013062113724
61,0.0002318238137576362,1.6476013703069362e-06,0.0009164383761708283,2.4529501559625905e-05,0.029875735241190405,0.06633314251189645,0.00018940808452669295,4.849717552486551e-06,0.035254006998256156,1.8267400101976256e-05,4.955778147751912e-06,5.41737869655341e-06,0.007289777501255514,2.3790930990308386e-05,0.0010840801392600732,0.8484795252233149,0.000601467744403165,0.0010479118258868072,3.853665761864915e-06,0.0017834350892271388,6.565769662149447e-05,7.139337477285573e-07,1.0167596881392614e-06,3.513924911864677e-05,0.006723407837497579
62,0.00021812823578068948,1.673616740612065e-06,0.000780613105650857,2.295608338225836e-05,0.03119496729881433,0.062121459877520824,0.00017926925071560693,4.652580490760496e-06,0.03374642131810712,1.8062482810352056e-05,4.541849864744219e-06,5.008005986884194e-06,0.006745121536902369,2.5428616659894912e-05,0.001137581562376877,0.8530145285369927,0.0006607015336453982,0.001047744326438758,3.5464053799512724e-06,0.0018208045784738666,6.304419883467312e-05,7.578811642544209e-07,9.699835167640645e-07,2.9004071636002704e-05,0.007153013062113724
63,0.00023558658422436624,1.9675322916080635e-06,0.0007990498133792074,2.4253794527123506e-05,0.03295627819492935,0.06424377603146636,0.00018606989441419524,4.661657074078548e-06,0.03560604753802966,1.9481280844397558e-05,4.607868028162887e-06,5.237379267306035e-06,0.006877114267062363,2.7663973008639374e-05,0.001207080332534421,0.846339033124759,0.0006860623291489903,0.0010838486192813,3.790357804049151e-06,0.0019103679573389514,6.586939801460782e-05,7.930169090254143e-07,1.016699049547058e-06,2.9677318770742076e-05,0.007680665037842623
64,0.00020801136800114152,1.7198947751420475e-06,0.0007916954841702717,2.3705065569338873e-05,0.030174243283948115,0.0626701004974337,0.00017952134342915296,4.423527221337293e-06,0.03410792193293909,1.9647306549307165e-05,4.1743737698695854e-06,5.362647289257372e-06,0.007310362720446286,2.5743584409579304e-05,0.0011529112652736105,0.8520154420090699,0.000699034803959319,0.001047224994332157,3.544609473119095e-06,0.001928237179174939,7.733332433497667e-05,8.297611695060312e-07,1.0307957569708867e-06,2.9436649721942498e-05,0.007518341577781958
65,0.00012602231023901196,2.9828209691519096e-06,0.001021620224396083,5.5203581304135964e-05,0.0347940954459418,0.06671324536671895,0.0004260981838610148,1.1747690858408371e-05,0.010714121274073306,0.00013227009551395187,3.861450400285396e-06,5.580393635198591e-06,0.004640560247804372,7.820779559079057e-05,0.0012127849388996828,0.8566786968435623,0.0010602439570805693,0.0010111350729195578,2.955527448142304e-06,0.005801404736427521,0.00014758963443091245,1.0891836365958115e-06,4.937301381562673e-06,1.98748544623291e-05,0.015333671068444412
66,0.0001873908899161956,1.8865226359728323e-06,0.0006476841049939205,2.5662933194897485e-05,0.027074034032345057,0.05051861177539796,0.00019419610113925834,5.688842448622819e-06,0.03368898915869304,1.5899903404403133e-05,5.074459604750506e-06,6.2019547023742745e-06,0.005323797502033665,3.223042670310021e-05,0.0012891073356009473,0.8713293005296774,0.0005635235339952866,0.0009321649980152506,3.5832932650276087e-06,0.0014537747025127105,5.530550253902916e-05,9.602537758472058e-07,8.96950237694097e-07,2.3389100583739047e-05,0.006620645192583902
67,0.00026721282503294367,2.0527812012073045e-06,0.0007945655314603727,1.776607361319962e-05,0.03519845882104346,0.048572327490695906,0.00024171551433123593,5.3668255633344735e-06,0.04326124194375914,1.550045689194608e-05,4.575251698600626e-06,5.4930551923245975e-06,0.004976428199219885,2.1258189804611036e-05,0.0016421095824344972,0.8550178388268906,0.000473105130223565,0.000995313989453702,4.134841860032073e-06,0.0012625207204360158,5.317337908884259e-05,8.145750623011978e-07,6.371406643890088e-07,2.2688549718372822e-05,0.007143700304659447
68,9.567684497536679e-05,2.1721112450129316e-06,0.0003446669577140996,9.618360620765497e-06,0.048395186282633174,0.050318743949040415,0.00020324820752253068,4.064464213072788e-06,0.027320706327650816,1.432864364600301e-05,4.947099732176081e-06,3.462697373166922e-06,0.004184647440740845,1.7802009043806512e-05,0.0031651498878454165,0.8567000322647885,0.0005359553270667996,0.00032863290274802166,5.786444166875946e-06,0.0017013093128011064,3.3703866098508266e-05,8.537888528350277e-07,9.370328078603317e-07,1.5879194373126764e-05,0.0065924885822996795
69,0.00012928512293172283,1.4184850111306466e-06,0.0008512199403032403,3.6942418556631675e-05,0.026807521558297732,0.05695696518540234,0.00018739451817894348,6.521951291605566e-06,0.02224193069336204,1.8144506151124527e-05,7.772676927656464e-06,6.856269359134562e-06,0.008113885212550834,2.7343836599580453e-05,0.0007993145904584127,0.8752986184880633,0.000560767607141774,0.0006410876136309084,3.642294599014928e-06,0.0027110473462732382,7.682014135645677e-05,6.756901785359574e-07,2.07190354481367e-06,5.381869158158591e-05,0.004458933258248278
70,0.00022119324250666122,1.187943465161054e-06,0.0008172321474625279,2.4552588798875912e-05,0.0253630654079287,0.037104932523065154,0.00016994321490718757,5.126507966654309e-06,0.02831638639779506,1.5230652299659142e-05,2.703140693961825e-06,5.411581651920088e-06,0.007932359794683744,2.451177516119122e-05,0.0009021108722561113,0.8874430059120489,0.0005927569358405156,0.0011324521875580805,1.724718015450253e-06,0.0021872961853279965,4.277845830970897e-05,5.270451004086891e-07,5.907061709465997e-07,1.6336974197195798e-05,0.00767658308678805
71,0.00012294921377728346,2.1399893601024404e-06,0.0003235851112826159,2.5626892829311187e-05,0.05559087877024125,0.02474424900499405,0.00020974891456661043,3.795798675232203e-06,0.021654318446931383,2.4289177493120872e-05,1.8927021448450507e-06,5.7442533706460585e-06,0.011112301882639591,3.693661923247552e-05,0.0006039869732168005,0.8696251813558612,0.0006573909296668424,0.0006007792938948702,1.4245272677948953e-06,0.0062371788714340294,5.3396668594840904e-05,3.1616607428068634e-07,1.2729554617190459e-06,1.514383950417465e-05,0.008345471641485249
72,0.0002242646080188617,4.896034128111627e-06,0.0006706687177841696,4.168539127524825e-05,0.08505479639420634,0.08751394660023204,0.0002919680932777851,5.4872911084525175e-06,0.029197281018998593,3.87527335064463e-05,8.969449895460623e-06,4.212371001205673e-06,0.003610335507272598,7.694518615131516e-05,0.0020721244034797265,0.7687855222055592,0.00107519161848807,0.001032270875424054,3.3555477365000826e-06,0.00338271578600189,6.601850760745958e-05,1.0483711892093029e-06,4.156985879252531e-06,2.752383571970665e-05,0.016805862466058363
