,0,1,2,3,4,5,6,7,8,9,10,11,12,13,14,15,16,17,18,19,20,21,22,23,24
0,3.1319250523270417e-08,6.565387216350538e-07,2.7127963026076357e-05,5.0322072554303837e-05,7.840663225442672e-07,0.0009273459301959663,0.00026556725998117166,0.00024409203741025418,0.0024351979531377775,0.0018806169194734578,3.0677382219662404e-08,1.4441499267080953e-05,1.4959592161394005e-06,6.31646886955462e-06,0.0002049066037694025,0.993281720628289,1.8573383591166188e-06,5.900900676910838e-06,5.315043279052888e-05,0.00028547089166090176,2.106767316305408e-07,1.0237318986965024e-06,1.1260610688126994e-05,1.799177299174806e-05,0.0002824797473352163
1,3.438630630029298e-06,1.4057026907671215e-05,9.20669346481063e-05,0.0021407792288842343,7.127538247710229e-05,0.0799976668715869,0.006380437648210631,0.0070006305087740505,0.10367188474463541,0.005599338879068683,8.462987155570792e-06,0.0009086450151447057,1.1498599007578784e-05,0.00020935265757314746,0.015577782825203692,0.7691786360901433,3.53331311427677e-05,0.00010845105627145093,0.0004336158224516314,0.0011598740939523678,1.7238242739537394e-06,0.00010393601154848527,0.0006663074265105292,0.00013155758415472755,0.006493247019643118
2,2.8354852680219867e-08,9.056516098368254e-07,2.921897384968857e-05,5.1181336904832825e-05,1.0485071555080472e-06,0.0023621672608777756,0.0003518660541138364,0.0002945104048083824,0.010857235493363706,0.005982892894757645,4.537885577447997e-08,1.1004434902850518e-05,1.8391224082506653e-06,1.7071212271558495e-05,0.0005186774197928789,0.9781728321061943,1.1333879283817106e-06,8.884020341669243e-06,0.0001304040230271184,0.0005448784542184032,3.2867932621976867e-07,2.2554909765506685e-06,1.871340501228698e-05,2.990323055307639e-05,0.0006109747018969545
3,3.3135833830281616e-08,8.314787199608492e-07,2.9500240763293907e-05,5.3381604175771996e-05,9.396850142499256e-07,0.00269947506888887,0.00036703457217481135,0.0003002255472513472,0.009564586142851998,0.005605071674099175,4.575991074517822e-08,1.0860314255379719e-05,1.7761452106311873e-06,1.3767459424889353e-05,0.00045755591024291235,0.9797268447941643,1.281943956215987e-06,9.878292430723114e-06,0.00014180417201267086,0.0004381061094528294,3.468756219639419e-07,2.1243800700335902e-06,2.0860685248757927e-05,2.7832276465029178e-05,0.0005258357317598532
4,3.7379255240318916e-08,9.387447098877085e-07,3.321183180989368e-05,5.5908914332438396e-05,1.0180413779041807e-06,0.0025354902670813024,0.000381099835039283,0.0003319719262173683,0.00981659316561784,0.005940772281141017,5.100365576657572e-08,1.188329280766695e-05,2.13279818578349e-06,1.6308836702247384e-05,0.0004435199454767466,0.9791850645414748,1.3726540795631742e-06,1.1200859100338696e-05,0.00014544433298156013,0.0004953513947177281,4.035023455468462e-07,2.408133747862938e-06,2.0888324008318477e-05,2.96712176705141e-05,0.0005372567764631869
5,3.221968916945883e-08,8.352527911372853e-07,3.175960262576869e-05,6.395159136972219e-05,1.0087780088837144e-06,0.002681572486722679,0.00035894377613577525,0.00029153821185274296,0.00954088668841848,0.006292690816242917,4.254421367569041e-08,9.698234531484312e-06,1.941256648036904e-06,1.4797083600588179e-05,0.0003967302743838005,0.9791196821631598,1.2770401259140495e-06,1.2763323583498591e-05,0.00014443336782428076,0.000525439226302128,3.8388904573332604e-07,1.8363750967537968e-06,2.5025805220593716e-05,3.1220362397922695e-05,0.00045150963000875453
6,3.3135833830281616e-08,8.314787199608492e-07,2.9500240763293907e-05,5.3381604175771996e-05,9.396850142499256e-07,0.00269947506888887,0.00036703457217481135,0.0003002255472513472,0.009564586142851998,0.005605071674099175,4.575991074517822e-08,1.0860314255379719e-05,1.7761452106311873e-06,1.3767459424889353e-05,0.00045755591024291235,0.9797268447941643,1.281943956215987e-06,9.878292430723114e-06,0.00014180417201267086,0.0004381061094528294,3.468756219639419e-07,2.1243800700335902e-06,2.0860685248757927e-05,2.7832276465029178e-05,0.0005258357317598532
7,5.409935891164015e-08,8.1464006674444e-07,3.484218235076182e-05,4.843660744206323e-05,7.85287715968792e-07,0.002639920551575847,0.00035338011605060075,0.000386064053848472,0.0069372744184579786,0.00527311286647824,6.126115766340805e-08,1.117756589066455e-05,3.0556518579766684e-06,1.1897291152162065e-05,0.00044274743387221865,0.982733103237733,1.2972622903495411e-06,1.177735144865883e-05,0.00013524499664413752,0.0005452553703571292,3.710734021578467e-07,3.083830621533305e-06,1.4788755102540523e-05,2.0489489285812207e-05,0.00039096460583829104
8,4.385381426296602e-08,1.127303430068011e-06,6.10091086557307e-05,7.386363954582154e-05,1.347993881003861e-06,0.002470975064857739,0.0002479346131351502,0.00023788656406872037,0.011611260993265824,0.008028178766396546,4.330065474879929e-08,1.2250143049294523e-05,1.8130920812439555e-06,2.231294069731958e-05,0.00043492079574918566,0.9752334699956823,1.767425251595379e-06,9.130552703176785e-06,8.424141762781193e-05,0.000557389939432512,3.4172318031530866e-07,1.6563017798734817e-06,3.287503220152461e-05,5.7597890817374555e-05,0.0008165615480409407
9,2.0121303750377845e-08,9.916417170228938e-07,4.4249185220789657e-05,5.407568151095952e-05,7.539278292805952e-07,0.001548937773518754,0.0001609490876243752,0.0002134762450145049,0.008036977532456385,0.009294947879573157,2.4729014996665315e-08,7.090871715280776e-06,1.400021933032003e-06,2.042867205307391e-05,0.0002975789962242349,0.9790487066713521,1.216949915230321e-06,7.730057041362404e-06,7.984321246010394e-05,0.0005606972781615705,2.854016300708466e-07,1.1933232311768143e-06,2.0895057901207045e-05,3.778777920160881e-05,0.0005597419023958011
10,3.3135833830281616e-08,8.314787199608492e-07,2.9500240763293907e-05,5.3381604175771996e-05,9.396850142499256e-07,0.00269947506888887,0.00036703457217481135,0.0003002255472513472,0.009564586142851998,0.005605071674099175,4.575991074517822e-08,1.0860314255379719e-05,1.7761452106311873e-06,1.3767459424889353e-05,0.00045755591024291235,0.9797268447941643,1.281943956215987e-06,9.878292430723114e-06,0.00014180417201267086,0.0004381061094528294,3.468756219639419e-07,2.1243800700335902e-06,2.0860685248757927e-05,2.7832276465029178e-05,0.0005258357317598532
11,3.5259699493114106e-08,8.635100674904604e-07,3.097908155192417e-05,5.3404346442497823e-05,9.777626977855037e-07,0.002563735294223185,0.0003723659609900267,0.0003047283453146922,0.009357038116854378,0.00546884831252941,4.836240892192327e-08,1.1643160176245694e-05,1.9766425481415227e-06,1.4445814165568364e-05,0.0004512105378658494,0.9801628916897793,1.333088069067356e-06,1.0057277842844774e-05,0.0001389546519038207,0.00046933663408896503,3.6672092236634996e-07,2.2552726091100388e-06,2.0448469581005294e-05,2.9096393990129706e-05,0.0005329592936777236
12,3.761917825872778e-08,1.0768067503870292e-06,4.679062285390117e-05,5.675731974961065e-05,2.7898380769618843e-06,0.003052104855171658,0.0004345380217105194,0.00018087356681695615,0.01536838342447928,0.005695761975251712,6.828658509717413e-08,1.4376346145209292e-05,2.3833384132824105e-06,2.2116259441264174e-05,0.0005885584996432512,0.9722635416044699,2.059462256328036e-06,8.34615350567607e-06,0.00010059580119525257,0.0009447953909002155,4.3338089066969827e-07,2.386539038907748e-06,3.426094243226776e-05,7.891796449602283e-05,0.0010980459805474323
13,6.233140125546464e-08,1.3518034445198298e-06,3.9554515825112165e-05,5.2052470775762777e-05,1.57305148043357e-06,0.0022337166193046594,0.00048673765879283566,0.0005981199709642683,0.011934286195505014,0.004850449569565632,1.2867729875972582e-07,2.6505536960743204e-05,2.9232491176574793e-06,2.954552988990031e-05,0.0007562250992370217,0.9772112065104811,1.871114358348814e-06,1.0970669991224799e-05,0.00015723355833645032,0.0005581916458806727,5.484287259251817e-07,5.279975624325516e-06,1.6367079439015168e-05,3.057594045490811e-05,0.0009945227971445301
14,4.862126048121819e-08,2.5869630445646476e-06,3.673383701096715e-05,0.00017337800626989857,4.080554909348544e-06,0.004787260983067963,0.0005981121304265906,0.00044050404505003253,0.017755617689680567,0.015722416188568008,1.28071233451314e-07,1.078449539585867e-05,4.56667760242969e-06,3.1246498896393603e-05,0.00060011445620204,0.9575922364646485,2.319096011381174e-06,4.1849538746383367e-05,0.0006772624055523491,0.0009042848483664021,1.6162389935618295e-06,3.9689114815501384e-06,5.495418205965923e-05,6.4335772420214e-05,0.0004895933231012127
15,3.3135833830281616e-08,8.314787199608492e-07,2.9500240763293907e-05,5.3381604175771996e-05,9.396850142499256e-07,0.00269947506888887,0.00036703457217481135,0.0003002255472513472,0.009564586142851998,0.005605071674099175,4.575991074517822e-08,1.0860314255379719e-05,1.7761452106311873e-06,1.3767459424889353e-05,0.00045755591024291235,0.9797268447941643,1.281943956215987e-06,9.878292430723114e-06,0.00014180417201267086,0.0004381061094528294,3.468756219639419e-07,2.1243800700335902e-06,2.0860685248757927e-05,2.7832276465029178e-05,0.0005258357317598532
16,3.629000939265084e-08,9.80907158607239e-07,2.245592309712026e-05,5.687641948041539e-05,9.034276803790897e-07,0.0025003809880012277,0.00040362714422001277,0.00040858110687019334,0.0095227544398402,0.00494816229531465,5.784093314358078e-08,1.531551357612927e-05,1.9594442222932855e-06,1.597169455204638e-05,0.0005748793020603434,0.9803474166942769,1.206697205266993e-06,1.0484597857218547e-05,0.0001658809168933989,0.000401022088635848,3.2494706437219787e-07,3.228499988964468e-06,1.61687996519569e-05,2.1223384135866613e-05,0.0005601006372737515
17,4.1664629415220475e-08,9.511067604362299e-07,3.373035003240141e-05,6.0064411127755876e-05,1.2331752620308186e-06,0.0027926125122213212,0.0004476956792181033,0.000338649592597772,0.01111512522861825,0.005456182420375142,5.8680533882468e-08,1.3906625217549264e-05,2.1870221768090892e-06,1.6942713639881426e-05,0.00046411501111460237,0.9779485120472422,1.4860326243672979e-06,1.1964635160389066e-05,0.0001482680684756466,0.0004985003475576439,4.257565633555056e-07,2.5106416735262218e-06,2.376480051223162e-05,3.353250994060503e-05,0.0005875389667246338
18,3.689188013958462e-08,8.041412489610714e-07,2.8561357608862695e-05,7.73618300349405e-05,1.0438883640433113e-06,0.0035067100618248045,0.0003403386374995519,0.0003433266718313188,0.009684148174925066,0.006287779837717795,4.439017276300337e-08,9.240141416890042e-06,1.9529331507634458e-06,1.1018373084658194e-05,0.000473204619554343,0.9781780007909538,1.1762427671432503e-06,1.1047414870838632e-05,0.00013925391926503734,0.00048410592917415784,2.9199865165638584e-07,2.1314308601996666e-06,2.204676018195849e-05,2.5614193666307894e-05,0.0003707593692941929
19,2.828183610366571e-08,9.421135850641463e-07,2.7808253370668744e-05,6.929290996618168e-05,1.0307496985480022e-06,0.003032928792577173,0.00033136523920212216,0.0002638758442746907,0.01097687805632434,0.006637764755893972,3.580031005762346e-08,1.1367205719647226e-05,1.7141348516654517e-06,1.3848360552700094e-05,0.000503688527932004,0.9769662970886607,1.1888385554962965e-06,7.84627504316637e-06,0.00012169698071892303,0.00045241991122493754,2.4415244928366674e-07,2.168365869923708e-06,1.9885512986816058e-05,2.8963896926763567e-05,0.0005267199514690761
20,4.461209054015547e-08,1.1003919473491586e-06,3.177464743452922e-05,6.990749225286382e-05,1.2515661229846675e-06,0.0036827564378546567,0.0004556188375947707,0.0005066250563956693,0.013940054615792952,0.00785920108131036,7.307810740863943e-08,1.2690727002045787e-05,2.643446249765782e-06,2.116214359199961e-05,0.0006590669714355618,0.9712785674659348,1.3019951901046055e-06,1.4318770114048204e-05,0.00019974012675296883,0.0006313913146188617,4.5589907679751374e-07,4.02080024369405e-06,2.2260703507349344e-05,2.7554690971331473e-05,0.0005764171284067853
21,3.37703759590344e-08,9.063191553620692e-07,2.5874813198878176e-05,6.263986225351035e-05,1.203658879691134e-06,0.0044925397033229965,0.0004643256776321829,0.0003289224674447468,0.01396821629334092,0.006980167123757689,5.5010482681225847e-08,1.0205836705632377e-05,1.7163444559411726e-06,1.3765792822736433e-05,0.0007047832071518716,0.9716178084627284,1.2771930319697278e-06,9.933665258627003e-06,0.00020977753025247015,0.0004375178477986803,3.755163793557338e-07,2.7817130798467247e-06,2.6074421915662728e-05,2.8804581797841224e-05,0.0006102931867765912
22,2.7090266695456896e-08,8.533731293206957e-07,1.9992231662666742e-05,5.500527571700436e-05,2.4737501943496123e-06,0.003720955494686071,0.0008240868790508866,0.00018015943003037567,0.039334609241182844,0.003509889647792128,5.780159688419098e-08,2.5067811394285584e-05,1.5672282842213478e-06,1.8402611748608385e-05,0.0011751107218237076,0.9489115630615067,6.225274173771295e-07,5.20054799057183e-06,0.000145658506995148,0.00042685185440274274,2.5577198485656055e-07,2.2832585575965925e-06,2.3930266719384507e-05,6.655436946038611e-05,0.0015488212464052748
23,3.3135833830281616e-08,8.314787199608492e-07,2.9500240763293907e-05,5.3381604175771996e-05,9.396850142499256e-07,0.00269947506888887,0.00036703457217481135,0.0003002255472513472,0.009564586142851998,0.005605071674099175,4.575991074517822e-08,1.0860314255379719e-05,1.7761452106311873e-06,1.3767459424889353e-05,0.00045755591024291235,0.9797268447941643,1.281943956215987e-06,9.878292430723114e-06,0.00014180417201267086,0.0004381061094528294,3.468756219639419e-07,2.1243800700335902e-06,2.0860685248757927e-05,2.7832276465029178e-05,0.0005258357317598532
24,2.9229813714637923e-08,1.0150509267012979e-06,2.6869520942774235e-05,7.431541507709903e-05,9.421025958891485e-07,0.0026186006028057064,0.00034570217549320567,0.00034739204995743334,0.00971183717508309,0.007270601456244021,4.002350128038743e-08,9.51171232245265e-06,1.8097623505525567e-06,1.6206225753251522e-05,0.0004322929609385732,0.9780150543782149,1.2740438073431574e-06,1.2946427907052732e-05,0.000175897649623472,0.00045451291068495644,3.793270060031394e-07,2.1164792155285546e-06,2.3722996417225433e-05,2.571399604670831e-05,0.0004312163272709248
25,3.149120487128477e-08,9.579959878516841e-07,3.428866853603454e-05,4.9785477714567365e-05,8.645391742080907e-07,0.0042175065386134344,0.00028621550073066546,0.00014151477941557974,0.01578199633418684,0.00912011662514849,3.125674980238066e-08,8.226675261848872e-06,1.347051088355005e-06,1.292365109512301e-05,0.0007046823009361676,0.9682114010410774,1.169682641804757e-06,6.001436913947763e-06,0.0001570744451786409,0.0003361857122145414,2.6683837228624917e-07,1.8583320358607662e-06,2.8279864700070767e-05,4.320284181802292e-05,0.0008540709192038061
26,4.5571945019886625e-08,9.536711793091618e-07,5.56782796053123e-05,7.860437891139953e-05,1.5915652499577702e-06,0.002997333196603138,0.0003547506204304938,0.00021237004646221317,0.014218207099011207,0.007298973945081098,4.428827354190774e-08,1.0691680783301367e-05,2.296725121102893e-06,1.9250068957360754e-05,0.0003437977813378624,0.9728888200128875,1.5593640672965442e-06,1.4540446329305998e-05,0.00010738601291507883,0.0006872513348833778,4.387710315041275e-07,1.4703854756568667e-06,4.228804658551041e-05,6.722041340159012e-05,0.0005944362934708887
27,1.8915499273887605e-08,4.4155124835701206e-07,5.7860660813231397e-05,2.587207360526174e-05,4.1342130917466485e-07,0.0006101861134206683,0.00023448514861012875,0.00013881375495955695,0.0011206597671856782,0.0026110422247886005,2.2582029214537096e-08,5.514298766208932e-06,1.028262721629492e-06,9.231955654176121e-06,8.604424780804469e-05,0.9943931450107546,3.6142502085915768e-06,1.1469423644352263e-05,6.740109070441292e-05,0.0003029710707860397,8.473877616682081e-07,2.81909081884263e-07,2.9031663939490646e-05,2.083659892679475e-05,0.00026876661577317424
28,3.3135833830281616e-08,8.314787199608492e-07,2.9500240763293907e-05,5.3381604175771996e-05,9.396850142499256e-07,0.00269947506888887,0.00036703457217481135,0.0003002255472513472,0.009564586142851998,0.005605071674099175,4.575991074517822e-08,1.0860314255379719e-05,1.7761452106311873e-06,1.3767459424889353e-05,0.00045755591024291235,0.9797268447941643,1.281943956215987e-06,9.878292430723114e-06,0.00014180417201267086,0.0004381061094528294,3.468756219639419e-07,2.1243800700335902e-06,2.0860685248757927e-05,2.7832276465029178e-05,0.0005258357317598532
29,3.3135833830281616e-08,8.314787199608492e-07,2.9500240763293907e-05,5.3381604175771996e-05,9.396850142499256e-07,0.00269947506888887,0.00036703457217481135,0.0003002255472513472,0.009564586142851998,0.005605071674099175,4.575991074517822e-08,1.0860314255379719e-05,1.7761452106311873e-06,1.3767459424889353e-05,0.00045755591024291235,0.9797268447941643,1.281943956215987e-06,9.878292430723114e-06,0.00014180417201267086,0.0004381061094528294,3.468756219639419e-07,2.1243800700335902e-06,2.0860685248757927e-05,2.7832276465029178e-05,0.0005258357317598532
30,3.3135833830281616e-08,8.314787199608492e-07,2.9500240763293907e-05,5.3381604175771996e-05,9.396850142499256e-07,0.00269947506888887,0.00036703457217481135,0.0003002255472513472,0.009564586142851998,0.005605071674099175,4.575991074517822e-08,1.0860314255379719e-05,1.7761452106311873e-06,1.3767459424889353e-05,0.00045755591024291235,0.9797268447941643,1.281943956215987e-06,9.878292430723114e-06,0.00014180417201267086,0.0004381061094528294,3.468756219639419e-07,2.1243800700335902e-06,2.0860685248757927e-05,2.7832276465029178e-05,0.0005258357317598532
31,2.826411728720659e-08,8.709821522889919e-07,2.3831246199758774e-05,6.451857714352065e-05,1.2959882774211438e-06,0.0037931284999043924,0.00041275711547435857,0.00024504990627305357,0.013800486262561747,0.006016069091320255,4.857877686368552e-08,1.1649079733093984e-05,1.742805960724287e-06,1.3785649518652708e-05,0.0006818834888311934,0.9735628333544799,1.1573004464955577e-06,8.481857445473941e-06,0.00016653136370540554,0.0004956505509753777,3.01455712343479e-07,2.3929347324973606e-06,2.4491228907318495e-05,3.4538827456698247e-05,0.0006364755898937596
32,3.15697966040777e-08,8.158150781660097e-07,2.6965740463774003e-05,5.324664503886316e-05,9.273671100492389e-07,0.0027242027037568824,0.00037179826603898355,0.00029641238218025486,0.009095122203016915,0.005452924345595998,4.609853903472544e-08,1.046687165280141e-05,1.7407567421373073e-06,1.3019345723131452e-05,0.0004735321585825308,0.98032614614161,1.2955566498656024e-06,9.969134122164384e-06,0.00015825808528621888,0.0004232870560795982,3.631424027491838e-07,2.149734886425398e-06,2.1100237410018776e-05,2.6734572641106065e-05,0.0005094440695953683
33,4.248749831824706e-08,7.12739244343063e-07,2.3486735028302826e-05,5.375148329572688e-05,7.706685613315616e-07,0.001932423557110808,0.0003858926696372583,0.00041811829109770425,0.005146626486114038,0.003133614304693616,5.561142253956783e-08,1.5482730157181114e-05,2.022721202737937e-06,1.0012463377627825e-05,0.00031991578510831553,0.987682801601823,1.5935807699588831e-06,1.1722217457018088e-05,0.0001306444315722735,0.00034044711917806945,3.4776564649460025e-07,2.348319803540592e-06,1.597438637973898e-05,1.935706103311862e-05,0.0003518347827869809
34,6.513702893969101e-08,9.49676937308796e-07,3.7554106056934095e-05,6.680024461917474e-05,1.2836613223715935e-06,0.0034636926451533535,0.00045852433065247743,0.00039809218330373657,0.011858523507352241,0.005802360229157347,7.72689311346261e-08,1.3308553202126638e-05,2.5941796193989974e-06,1.5653399379825358e-05,0.0006230729549496956,0.9759449952468354,1.5122824650115814e-06,1.4436371072596585e-05,0.0001907017414264866,0.0004739967050358392,4.866414576625987e-07,3.138356772720619e-06,2.5478268023735776e-05,3.1288264652088075e-05,0.0005714140445924489
35,3.4199024234245646e-08,8.292487387448128e-07,2.9139593685621785e-05,5.350118785436905e-05,9.155281969255573e-07,0.0027358442062918207,0.00036926447261979926,0.00030994074542767296,0.009544362769724382,0.0055804437862961975,4.634914272212784e-08,1.1029253163586756e-05,1.7780620335517462e-06,1.3611548674917431e-05,0.000452260264312598,0.9797488002658393,1.2818686412696405e-06,1.0157893898976549e-05,0.00014428432705405097,0.0004243464423928648,3.4531442455235407e-07,2.1801109672636582e-06,2.069384019445413e-05,2.7189265059792234e-05,0.0005177194563404025
36,2.66132575570779e-07,3.2745111281975864e-06,0.0003498468947719337,0.0003485916791171812,9.540925321849398e-05,0.02640253784445258,0.00280678566913353,0.0002896435694235033,0.1494495972463785,0.016536916872084462,1.043968400606416e-06,3.658058682646414e-05,7.234295510792872e-06,0.00012909525873540625,0.0034174260165141124,0.7877192737716883,5.5822010967838674e-06,5.1390777189422045e-05,0.0005942920595816524,0.0027324493937805707,9.312127343220551e-06,3.3661602917158463e-06,0.0007449084657534883,0.0012642560223787634,0.007000919222624766
37,5.835106563905083e-08,1.0653264961589565e-06,5.287996850533889e-05,6.955381208837497e-05,1.5218834962699664e-06,0.0025374973225841297,0.00047738285399636884,0.0003123480988116382,0.012470243666715619,0.005774559285245036,6.08289630265109e-08,1.6717183830157578e-05,2.9741151167810828e-06,2.211686644031274e-05,0.0003500484990314823,0.9764452914844391,1.660437612796989e-06,1.6193827132968128e-05,0.0001210891646143167,0.0006194737555680125,5.286393187804314e-07,2.273034742923684e-06,2.9594741452595754e-05,5.046524777294462e-05,0.0006244016049591735
38,3.026503295303751e-08,7.283448462709435e-07,2.607157010196257e-05,4.915397211875422e-05,7.759756248710747e-07,0.0026677071842119288,0.00034743283940561837,0.00028126404853543813,0.007931563523054436,0.00516122871729561,4.045670955688646e-08,9.530926044356425e-06,1.6597885885685794e-06,1.1155251052415828e-05,0.0004310563358193007,0.982031857965835,1.2161463994266219e-06,9.37814701616606e-06,0.0001401330090709806,0.00040528786442811535,3.1609535895152836e-07,1.9538073588987367e-06,1.916842330139107e-05,2.3331446756440274e-05,0.0004479578960325393
39,3.255982591703943e-08,7.717038422261687e-07,2.790972526861683e-05,5.0124245034122126e-05,8.369284657109339e-07,0.0026108834268118615,0.0003637726913798966,0.00031417694310370347,0.00828203060344718,0.0050820604365533,4.488734222427887e-08,1.0886569824964854e-05,1.7011935216353105e-06,1.2410986422892243e-05,0.0004249603021976433,0.981731541516384,1.2957625777176428e-06,9.60680945427892e-06,0.0001367107733284764,0.0004051615703247242,3.3589349575580104e-07,2.090228622645416e-06,1.9364184652325548e-05,2.4572368732658398e-05,0.0004867176893854447
40,5.647018590418442e-08,1.0275565938676392e-06,4.5969841082572445e-05,4.7650048218295424e-05,1.2411875321453053e-06,0.00304241563493661,0.00044119113540727785,0.00031180382736078723,0.011600614630969305,0.0049027190783558,7.192337855126304e-08,2.0455504879896747e-05,2.2339680205859445e-06,1.8620656998904043e-05,0.0006782930511045251,0.9772878272717033,1.7561160661988398e-06,7.248961448128132e-06,0.00010841134905539009,0.0004562333089957809,3.6126003627107523e-07,3.248797778447676e-06,1.9527330205642134e-05,3.471525508899661e-05,0.0009663058345969402
41,2.443478444185936e-08,1.0045967772065993e-06,4.2580773068593965e-05,1.1766313377549678e-05,2.1727479010592192e-07,0.0005610580781741925,0.0005153379114022661,0.0006189265144494249,0.0025926033480298183,0.004401368300233403,5.442037140553857e-08,1.1430799043878795e-05,2.5236436092685382e-06,4.2180155813114424e-05,5.632424225279079e-05,0.989998094625234,2.9996946782982524e-06,3.531381450436772e-05,0.00020500970924414107,0.00041659314494114143,2.9537847938151153e-06,1.9928823450569357e-06,2.021866607197913e-05,1.7981004732847926e-05,0.0004414418672766108
42,2.8993107482924553e-08,7.550935564313841e-07,2.1522991821370698e-05,4.453018172925542e-05,7.264131407644131e-07,0.0025419253942752947,0.00032263337988832296,0.0003054836820399519,0.0072499699566250676,0.004591130852130294,4.176572235882358e-08,1.0471482829637913e-05,1.609793477535891e-06,9.646507414718133e-06,0.00045339519645260564,0.983469543435816,1.2097702054754054e-06,7.225002390737438e-06,0.00013600861191553646,0.0003545460930850741,2.6337978939863594e-07,2.44839671030721e-06,1.4156140438356619e-05,1.971159166577274e-05,0.00044101589377208613
43,1.7747591579743674e-07,1.183210747607293e-06,8.683975135078905e-05,5.738427684103235e-05,3.0683786718843646e-06,0.0009396165667937592,0.001105353988022691,0.0002907189564583272,0.011228204480388219,0.0009892378615611196,1.4226183643472533e-07,0.00011537655925544197,4.454032166694166e-06,3.265338535644658e-05,0.00022665095065118845,0.9829695240674108,3.3638005650112017e-06,1.756605845796944e-05,4.474957764119519e-05,0.0004928691550154316,6.497845487182236e-07,1.8438508216811992e-06,3.352935791672243e-05,9.599770938226241e-05,0.0012588445022226503
44,3.3135833830281616e-08,8.314787199608492e-07,2.9500240763293907e-05,5.3381604175771996e-05,9.396850142499256e-07,0.00269947506888887,0.00036703457217481135,0.0003002255472513472,0.009564586142851998,0.005605071674099175,4.575991074517822e-08,1.0860314255379719e-05,1.7761452106311873e-06,1.3767459424889353e-05,0.00045755591024291235,0.9797268447941643,1.281943956215987e-06,9.878292430723114e-06,0.00014180417201267086,0.0004381061094528294,3.468756219639419e-07,2.1243800700335902e-06,2.0860685248757927e-05,2.7832276465029178e-05,0.0005258357317598532
45,3.156236199252973e-08,7.094751549360146e-07,2.106771730264629e-05,5.845154241676922e-05,9.535561272558468e-07,0.003270467015907916,0.0004129146392195762,0.0003399441047608521,0.009246343389949988,0.004717258335144359,4.647473415410417e-08,1.0735083673926779e-05,1.6787213026464887e-06,9.835908068615268e-06,0.0006151208128551073,0.9802549936795893,1.0858011028533482e-06,8.260292328826766e-06,0.00015343264479741447,0.00039614271700160554,2.610920872472329e-07,2.4640653925002116e-06,1.6879708217217895e-05,1.9709895158779455e-05,0.0004412117653433189
46,3.074397326942918e-08,9.55364550040778e-07,3.488846197052106e-05,6.166602016119956e-05,1.1405690444587404e-06,0.0032777439118868894,0.00039880776814335924,0.0003199338429128604,0.015817807910006233,0.00873094560263855,4.880791471992075e-08,9.202347686183198e-06,2.0261139302784908e-06,2.159164765710191e-05,0.0005225583746434001,0.9693209857354198,1.0119730729175344e-06,1.3726634077137388e-05,0.0001805975356497637,0.0006123326446575279,4.567995993906992e-07,2.2121858685700893e-06,2.6513382007374435e-05,3.527017474014006e-05,0.0006075454477882549
47,3.3899292011949244e-08,8.361408559263941e-07,2.267492821018547e-05,3.8995526877976003e-05,6.885470589758606e-07,0.0021437063458363084,0.00031635103386116656,0.00026522592964587613,0.007546662901474121,0.00406874308019728,4.0757591084182785e-08,1.2948092009300683e-05,1.7685215333738272e-06,9.936999881784309e-06,0.000399306817786303,0.9841702685106005,1.178190230008482e-06,6.912680161042913e-06,0.00010965197664742644,0.0003519306552801375,2.231470559544783e-07,2.479762378950209e-06,1.2906675118354372e-05,2.2978786215019635e-05,0.0004935500942010653
48,2.9150005303907025e-08,1.0204101860369708e-06,1.978972158171864e-05,5.812641724065347e-05,5.632870576310149e-07,0.0026452596475171858,0.00032227998314694967,0.00039640736581916954,0.005744539286532492,0.006109331954320148,3.627942325414286e-08,9.207398108826919e-06,1.3940434089649088e-06,1.065156206918605e-05,0.0004068631547712381,0.9834046455235566,1.698341044527717e-06,9.738539094646208e-06,0.00018362776698323068,0.0002726683540324574,3.085718627087115e-07,2.5163017018547817e-06,1.888099079767227e-05,1.4593591569714732e-05,0.00036582235816777725
49,4.020955047583942e-08,7.980128843168371e-07,3.645700248005421e-05,5.1201875922803805e-05,9.235241164988628e-07,0.00276782517659494,0.0003586180361829989,0.00029658755066620573,0.009106422879908226,0.005074021138725794,4.847791449091083e-08,1.3196919162227786e-05,2.038323248462373e-06,1.3556956977885752e-05,0.00038940245604021493,0.980712420549513,1.3489768093717045e-06,9.559133140540057e-06,0.00010200429367357818,0.0004841414774689081,3.1020815710038183e-07,2.1417645584718337e-06,1.9571973759336934e-05,3.034018061747481e-05,0.0005270229019268706
50,3.218494647066986e-08,8.422160424211951e-07,2.8713451307469163e-05,5.326372044013925e-05,9.156741457559565e-07,0.0027086223595636986,0.00036732767094817167,0.00030810637353345655,0.009490906624389301,0.005751142435530734,4.517491620830872e-08,1.0684924871678302e-05,1.7704305632339111e-06,1.3802246726069406e-05,0.00045966522440393846,0.9796448861099142,1.2651753294756951e-06,9.833662554905058e-06,0.00014620694880271778,0.00043347593017566366,3.4671701160625836e-07,2.180322002527157e-06,2.0309423414492695e-05,2.6630824411745746e-05,0.0005190241740540159
51,4.087617521926086e-08,2.4017179326873813e-06,3.0936946496536336e-05,0.00011434900921466096,9.493308883470527e-07,0.0022377679598680794,0.00025861821904767134,0.0006880587722993118,0.011445881938699522,0.011251606334868311,5.40435388354281e-08,1.5777054729335357e-05,2.3997427889231938e-06,3.178797580902441e-05,0.0005869337855018069,0.9720865038661111,1.267013093619322e-06,1.4255707890863354e-05,0.00016596465794908643,0.0004995557988274512,3.059501266015478e-07,4.198770779681252e-06,1.6216788411651684e-05,2.0234779395509676e-05,0.0005239329595563425
52,2.7241339493468644e-08,7.054427984953978e-07,2.2620879243029197e-05,6.200882580668488e-05,5.943377908255157e-07,0.003118237795283728,0.0002532604199376246,0.0003365570274384586,0.008732919803639633,0.008708691506499484,3.476590089088076e-08,6.091687009371332e-06,1.7002237073784755e-06,1.175498828779637e-05,0.00044280231821442145,0.9772740412094789,8.881103049422343e-07,1.4107776272762773e-05,0.00018314398855662524,0.00047704964513855283,2.7335274530357396e-07,2.081400034550198e-06,1.9053004251021978e-05,1.8980642607174237e-05,0.000312373607712854
53,4.526285667994968e-08,1.778411173191985e-06,5.323414218325225e-05,0.00010776730981301525,1.2498541403609614e-06,0.0027374457697659175,0.00011847826220022293,0.00031704550223380073,0.009341087737590454,0.020776127909757428,5.048872041850805e-08,5.883688320466647e-06,2.7773609627328435e-06,2.1179320869750564e-05,0.0005002044565795328,0.9646279144601186,1.7642118171765403e-06,1.415689201273677e-05,0.00021941097780056056,0.0006417715403604053,4.6341407922022043e-07,3.221005386014858e-06,2.231049380227449e-05,4.1279272778587786e-05,0.00044335225467729807
54,1.0681673020103624e-07,7.959591093603983e-07,5.065942802437293e-05,0.0001448944539114046,2.1096538571548826e-06,0.007700847772192785,0.0006861984898275034,0.000631153089611828,0.012402336124125706,0.007812556544649324,1.230029010926281e-07,1.0538629713679357e-05,3.648115700973486e-06,1.5054188861195876e-05,0.0005157890336681536,0.9685190785670152,2.450493305051822e-06,4.50618297297036e-05,0.0003111390754181337,0.0007073100646438652,1.0063126967354172e-06,3.0305711551069277e-06,6.941954859735828e-05,3.900065216940173e-05,0.0003256915823844409
55,2.761246052159201e-08,9.114405649952429e-07,3.0792152988057646e-05,5.0792606640328714e-05,6.896436577500723e-07,0.0029338732717246485,0.000267937441788843,0.00035810731088648347,0.0076008893686572545,0.009157219707880117,4.096048703573157e-08,6.159085475403282e-06,1.550426377272473e-06,1.4259761758911673e-05,0.0005206215922529149,0.977910770881981,1.4022830849759013e-06,9.885039616186999e-06,0.00018067067595676432,0.00045170238042773804,3.95097404085617e-07,2.2708119716058643e-06,2.064197713557924e-05,1.9420490081152462e-05,0.0004589679787403378
56,3.535028212105254e-08,8.580738906603176e-07,3.021994383722896e-05,5.3857430273097225e-05,9.579124038479068e-07,0.002689972667043553,0.00037636192050523255,0.0003098277749040855,0.009540680271928028,0.005543217254511765,4.820734775544509e-08,1.1478517910970216e-05,1.8943876018003935e-06,1.408843182424061e-05,0.0004571426515103855,0.9797861609302285,1.32238976648934e-06,1.0180910215162925e-05,0.0001430539664650322,0.0004475768571019114,3.5938751294958446e-07,2.2476568870320404e-06,2.0825866117963975e-05,2.83166179621728e-05,0.0005293146219683395
57,1.2032009863871792e-07,1.1254635882123161e-06,6.975143815781636e-05,0.00023335350098088061,3.121198083722675e-06,0.020293436313373336,0.0007488978022840477,0.0006282104421850791,0.04147158218860085,0.012346415015740391,1.0712521230368429e-07,1.700926828080493e-05,1.9059152153146925e-06,2.7717588427129775e-05,0.0011972196942721816,0.9209174612684569,2.1288478796622425e-06,2.4385287220047003e-05,0.00011660784909706801,0.0007812867152327837,3.1689192714781093e-07,3.1538529714154707e-06,0.0001272149892584797,5.875088724130095e-05,0.0009287201362145817
58,3.3905973960749576e-08,8.804929437369553e-07,3.1562011399606174e-05,5.662205482349837e-05,1.1911443444941514e-06,0.002655495878445953,0.0003835117049003835,0.0002593258672651418,0.010734677887624076,0.0054694186843722205,4.9552362626667865e-08,1.1870223599413056e-05,2.0143249596818687e-06,1.517534408466295e-05,0.000468012035694124,0.9785797545009625,1.3125474752812235e-06,1.0224410970425006e-05,0.00014143542718959173,0.0005214094417124492,3.8851286168465184e-07,2.079285732353927e-06,2.39289890407807e-05,3.7867383310083674e-05,0.0005917583879517398
59,3.2369115436894986e-08,8.802907735016406e-07,3.4367389831570526e-05,5.358449224529723e-05,1.0802008867691386e-06,0.0025113158335560376,0.0003485752851188889,0.0002540734526906079,0.010106000289314462,0.005822212158234907,4.5043529588962114e-08,1.1064156762934318e-05,1.914785971854513e-06,1.5586066481432904e-05,0.0004314660607346319,0.9791052866760865,1.3228054615764526e-06,9.635253577074054e-06,0.0001274343567672815,0.0005137031187066049,3.7749595604022176e-07,1.9380797865526906e-06,2.2896772407117978e-05,3.645050500579306e-05,0.0005887570609972324
60,3.3135833830281616e-08,8.314787199608492e-07,2.9500240763293907e-05,5.3381604175771996e-05,9.396850142499256e-07,0.00269947506888887,0.00036703457217481135,0.0003002255472513472,0.009564586142851998,0.005605071674099175,4.575991074517822e-08,1.0860314255379719e-05,1.7761452106311873e-06,1.3767459424889353e-05,0.00045755591024291235,0.9797268447941643,1.281943956215987e-06,9.878292430723114e-06,0.00014180417201267086,0.0004381061094528294,3.468756219639419e-07,2.1243800700335902e-06,2.0860685248757927e-05,2.7832276465029178e-05,0.0005258357317598532
61,3.591536712325717e-08,9.441866617752626e-07,3.782386236784769e-05,5.668411251139435e-05,1.1659811629691702e-06,0.0026879703257496877,0.000368841587495038,0.0002722339464679675,0.011005279204462454,0.006195831125081733,4.9262860359823524e-08,1.1846801862252926e-05,2.0105125467111486e-06,1.7110358407066968e-05,0.0004379954183037787,0.9775461279418703,1.4028211312389434e-06,1.0408806665159645e-05,0.00013292375868640064,0.0005187851146780997,4.1408127110191407e-07,2.0584405080781236e-06,2.477106520124857e-05,3.911586313078717e-05,0.0006281695055491774
62,3.3135833830281616e-08,8.314787199608492e-07,2.9500240763293907e-05,5.3381604175771996e-05,9.396850142499256e-07,0.00269947506888887,0.00036703457217481135,0.0003002255472513472,0.009564586142851998,0.005605071674099175,4.575991074517822e-08,1.0860314255379719e-05,1.7761452106311873e-06,1.3767459424889353e-05,0.00045755591024291235,0.9797268447941643,1.281943956215987e-06,9.878292430723114e-06,0.00014180417201267086,0.0004381061094528294,3.468756219639419e-07,2.1243800700335902e-06,2.0860685248757927e-05,2.7832276465029178e-05,0.0005258357317598532
63,3.196169701492503e-08,8.968728269495383e-07,2.8646668170331448e-05,5.206198752699124e-05,9.026137579311751e-07,0.002561075990134585,0.0003481317793890611,0.0002937970260092086,0.009370719864353241,0.0057503076905923295,4.4470123835858005e-08,1.087930058545801e-05,1.7341452051499153e-06,1.3994352671488892e-05,0.0004586140134597937,0.9799377081145424,1.3017086730025921e-06,9.431566162110514e-06,0.000144219072344605,0.00042389846901862073,3.415083597275312e-07,2.1611080351412326e-06,2.0282896316518863e-05,2.7939144041628127e-05,0.0005408776760025126
64,3.5966845711722e-08,8.953725826300037e-07,3.451745343809948e-05,5.3185477148128686e-05,1.071539173559523e-06,0.0025915792583365033,0.0004218294866273057,0.0003076642799463409,0.009485731527254277,0.0056639984489067485,5.30777429233418e-08,1.1510914489353446e-05,2.01571533141917e-06,1.657448061541835e-05,0.00043442775256324765,0.9796884416560154,1.527731847272237e-06,1.1838877910347848e-05,0.00016073260819453398,0.0004792318539866028,5.016917265451384e-07,2.1572314986849206e-06,2.4723129462712208e-05,3.199254298485376e-05,0.000573761925371468
65,2.993783020587181e-08,1.4356852604343813e-06,4.8941714031345475e-05,4.4382956591956556e-05,1.0205516467932355e-06,0.001579827312943407,0.00028096913693649773,0.00028701787042887723,0.016009643308684953,0.008690787007297867,4.010063304774318e-08,1.43673678557325e-05,2.375600485944825e-06,3.522396550200987e-05,0.0003636064060216282,0.97086990475761,1.0091947637316334e-06,8.711206901561812e-06,8.661936319363525e-05,0.000713676982743747,3.2990215661073034e-07,2.4683292598502492e-06,1.5528485831843777e-05,4.596383894848405e-05,0.0008961190164398274
66,3.835424633685173e-08,1.0424154800914129e-06,2.8186945456541688e-05,7.085000888254177e-05,1.2285736044979562e-06,0.004015516239809108,0.00044295373844333014,0.00031228511310371935,0.013399781550951643,0.006389560663910369,5.7363353661067405e-08,1.313665516618707e-05,1.5379518288609665e-06,1.6344389267203938e-05,0.0006663403944489926,0.9732617439991774,1.6507304345471045e-06,1.0841846668164172e-05,0.00019835821806199813,0.00037214577700434806,4.06969302558006e-07,2.514247602374961e-06,3.399390332629364e-05,3.529943597810551e-05,0.0007241845144911961
67,4.262539942652219e-08,1.0556741187270584e-06,2.5528902652635563e-05,5.6716842500118536e-05,1.1845071775782045e-06,0.003665426069347403,0.0005061959782061896,0.00039126886696871335,0.015056211225849277,0.005606355782356849,6.45826469421566e-08,1.6877076137778432e-05,1.8321775804139677e-06,1.5547339818164922e-05,0.0006782410260631175,0.9726545976636709,1.2721549568010909e-06,9.076331752363181e-06,0.00018587019846507042,0.0003438213077785283,3.330850227299433e-07,3.6466453681265554e-06,1.871266020063048e-05,2.7997825295717196e-05,0.0007321234506660061
68,6.128354749713698e-08,1.0885210173589657e-06,1.0958431284552829e-05,4.9237908584943376e-05,5.708691114380801e-07,0.0033021155727433367,0.000502749240972038,0.001280919413758015,0.003798318331870302,0.004048467030198764,1.2092212028216752e-07,1.0177774523091314e-05,1.5103039037561065e-06,7.3124516727444936e-06,0.0007502654966909541,0.9850324293450535,2.555314889013862e-06,1.66945277554085e-05,0.0007223589009740781,0.00013034898953848974,7.651561443406171e-07,7.848956664466016e-06,1.3487276284204948e-05,5.99877238012913e-06,0.000303639208317298
69,1.5157698244874468e-08,5.860038695060362e-07,3.783708410407672e-05,3.71542517825965e-05,4.2976281689311355e-07,0.001124452450963272,0.00020624581486971608,0.0002998173319477083,0.004532837972805233,0.006955460436654038,2.4396353312729225e-08,5.492987130824835e-06,1.777054284505722e-06,1.9481828386219926e-05,0.00017391721713908083,0.9853852191731982,8.89462156682108e-07,1.4526938872044909e-05,8.857860730772229e-05,0.0007749674571035671,4.3165875658686665e-07,9.774631209513084e-07,1.5897243108548138e-05,1.9959175973892504e-05,0.00030302306959661767
70,2.4928750249283485e-08,7.352249066000181e-07,2.067646293646121e-05,3.7327263436042014e-05,5.385725063953908e-07,0.0022593437884583572,0.00029097777765307024,0.0002631311383925845,0.0065646313771151,0.005065618558185284,3.61789014642188e-08,8.876803264156272e-06,1.3825945829716372e-06,1.025370583191151e-05,0.00037257791975563897,0.9841343345642282,1.173563593508829e-06,8.71996204516424e-06,0.00015541486180434968,0.0003184665354830338,3.010109679210909e-07,1.967841591392243e-06,1.6187734453101522e-05,2.0532706208390048e-05,0.0004467689249487667
