,0,1,2,3,4,5,6,7,8,9,10,11,12,13,14,15,16,17,18,19,20,21,22,23,24
0,8.253625739403803e-05,7.940282717079302e-07,6.672877018281749e-07,0.003204189792269966,1.7956798740876675e-05,0.0011681654231718035,0.11323292875731908,0.053268552249788347,0.027641063427335955,0.0006731118030178802,2.6497469254667576e-06,1.6619807082157773e-05,0.0024891522926434335,0.00010698848634281364,7.265676410797691e-06,0.7754882120631689,0.011774337509595202,0.0009098418356685371,0.0001491400738935953,0.0021137567093026106,5.5922325373352186e-06,9.34067959794107e-05,0.00740160743175527,2.578505623748636e-07,0.00015120566312091927
1,6.970040940638434e-05,1.0213041361038996e-06,1.0450206711218688e-06,0.00462692385841959,1.9250044908915054e-05,0.003219083254782202,0.2258729668517348,0.07048200369133029,0.015626759584408047,0.0006440654702029061,4.6775853577817615e-06,4.472512137902569e-05,0.003976421889994675,0.0003209197971397939,1.8912892384310982e-05,0.6205258237394414,0.017800837279572424,0.0019000049543944028,0.00021748198639580518,0.007289945818579425,2.4511553045236417e-05,0.00024283036340373877,0.02667679870032749,3.273743054086668e-07,0.0003929614542785009
2,7.391392911507816e-05,5.683350102269531e-07,7.753492568205361e-07,0.0024149453074400985,1.829948730251964e-05,0.0015520493807115285,0.11983640812755374,0.05870223061291584,0.02667861694649012,0.0008935069677372076,1.9590545570798026e-06,1.0795346507227184e-05,0.0017250389809759365,9.177519661409695e-05,1.0361854969810663e-05,0.7672428271927739,0.006258197778801626,0.000745418915605697,0.00020617267032971222,0.004780245035600637,6.473549472803788e-06,0.00010420207880538281,0.008478933208221328,3.3930349061118926e-07,0.0001659453897409576
3,6.248976174144195e-05,5.360293468117031e-07,6.145080390479434e-07,0.002377226935483451,1.3753531906249003e-05,0.0014498578978274547,0.09590849158406764,0.047170716818244494,0.01933089577024668,0.000663051957452387,2.0202592500656414e-06,1.2416384572570984e-05,0.0019396418819861737,7.350141790145289e-05,7.370996547479895e-06,0.813391980023876,0.007220362617773111,0.0006806786325389804,0.00016327532001833925,0.002885812137794796,5.699074170101909e-06,6.91308873056478e-05,0.006464564117341362,2.4550030319340976e-07,0.00010566595426506314
4,6.288769933652903e-05,6.3663677053784e-07,6.330149102633527e-07,0.0025063086662449902,1.492349349484631e-05,0.0014586854660307766,0.09417999314632558,0.04661572509538625,0.01821007859942638,0.0005996695771569396,2.4023539429665735e-06,1.6342177285652823e-05,0.0025357881412230725,8.21916058278682e-05,6.76841114789464e-06,0.8153998440037574,0.008141436278784409,0.0007563702129256932,0.00016962307755314827,0.0026704272874562046,5.920214055691581e-06,6.83483023770781e-05,0.006393199059191603,2.2379902176426872e-07,0.00010157368036635697
5,6.825701231472996e-05,4.237341567320952e-07,5.9186152703339e-07,0.002692034501907561,1.196940344873105e-05,0.0012734376748271864,0.09351283745670144,0.045883087692962475,0.019120524777389136,0.0007587381615079711,1.8170299889434277e-06,1.2246135171873343e-05,0.001793270271133447,7.997431495963405e-05,5.808399047490567e-06,0.8157093057719118,0.007834861596384142,0.0009602994760351513,0.00012733285911391233,0.0034225579180844267,5.415782877508597e-06,6.633095929299347e-05,0.006540735150165968,2.935022895852521e-07,0.00011784855680019403
6,6.248976174144195e-05,5.360293468117031e-07,6.145080390479434e-07,0.002377226935483451,1.3753531906249003e-05,0.0014498578978274547,0.09590849158406764,0.047170716818244494,0.01933089577024668,0.000663051957452387,2.0202592500656414e-06,1.2416384572570984e-05,0.0019396418819861737,7.350141790145289e-05,7.370996547479895e-06,0.813391980023876,0.007220362617773111,0.0006806786325389804,0.00016327532001833925,0.002885812137794796,5.699074170101909e-06,6.91308873056478e-05,0.006464564117341362,2.4550030319340976e-07,0.00010566595426506314
7,9.52504758674749e-05,9.505506930706737e-07,1.2741418546961512e-06,0.002653330436607924,1.6868890891472717e-05,0.0014673585496512596,0.11821401775415616,0.08352762966974647,0.017053167112834795,0.0005883222740324652,2.9823504525400554e-06,1.8671033956278393e-05,0.005022276740535731,5.92419824361953e-05,7.293641964497031e-06,0.7545197225235449,0.008622346588438783,0.0007263420250362541,0.000300526160125171,0.0026245678707721575,6.492214169227053e-06,7.947742870444949e-05,0.004321368673577059,2.1540527402427756e-07,7.030550467689423e-05
8,8.833007099398809e-05,6.514260847522924e-07,9.409463261480377e-07,0.0036036239214217954,1.7901508286149823e-05,0.001687939130473605,0.1261408740984112,0.051479043990648496,0.0366927050911107,0.0012758459369414574,2.3828276850099724e-06,8.415899509262607e-06,0.0013970714359667067,0.00012349244330303187,1.401594495409349e-05,0.7550664105200875,0.007678322959095157,0.0007901571629426783,0.00014709919654059075,0.003994841646785354,7.022968436266678e-06,0.00011480310930682035,0.009448299721966542,7.557268029460166e-07,0.00021905231591986483
9,6.966600381055102e-05,3.9624160293824113e-07,1.0121131426106259e-06,0.0036001911286734894,1.2775169861829252e-05,0.0015414331058091247,0.0735860954618592,0.060051218233266195,0.022138843661145758,0.0009966033332406937,2.1125901284838096e-06,8.679462979968873e-06,0.0017342833134409777,8.434980784930738e-05,8.590915675990919e-06,0.8155945492660832,0.008135943962277528,0.0006868788432995652,0.0001471372531219593,0.004114218415015106,6.314043031026002e-06,8.40218716459356e-05,0.00730246156028673,5.063681561875374e-07,9.171787459579978e-05
10,6.248976174144195e-05,5.360293468117031e-07,6.145080390479434e-07,0.002377226935483451,1.3753531906249003e-05,0.0014498578978274547,0.09590849158406764,0.047170716818244494,0.01933089577024668,0.000663051957452387,2.0202592500656414e-06,1.2416384572570984e-05,0.0019396418819861737,7.350141790145289e-05,7.370996547479895e-06,0.813391980023876,0.007220362617773111,0.0006806786325389804,0.00016327532001833925,0.002885812137794796,5.699074170101909e-06,6.91308873056478e-05,0.006464564117341362,2.4550030319340976e-07,0.00010566595426506314
11,6.061355644358355e-05,5.530094347108353e-07,6.257812794507934e-07,0.0024078123502715935,1.3649896637802401e-05,0.0014433762151314761,0.0935894227107598,0.04822451551702222,0.01831974832332952,0.0006216093289571293,2.0692832956330867e-06,1.3469181858195279e-05,0.002168418931667466,7.26644877984597e-05,7.002169254133009e-06,0.8156493036199933,0.007526687676360931,0.0006833261677840537,0.00016457204670806906,0.0027565845468537453,5.52137502993596e-06,6.72953400286148e-05,0.006103121993417516,2.2982321862301672e-07,9.780666746400154e-05
12,5.159172456823526e-05,2.237230273503816e-07,5.542473773258249e-07,0.0018716952052502621,2.7754401545328167e-06,0.0007832758306397116,0.06854893285726435,0.1065395012794762,0.01530146649275661,0.000809573962289418,1.3015892549024333e-06,3.966667960547687e-06,0.0014653344882759548,1.572951083669063e-05,7.841173314686479e-06,0.7930567661427353,0.007964896520197684,0.00018217865487439502,0.00017233085680956877,0.0011601356290869903,3.4912711196164954e-06,9.262324506086762e-05,0.0019429766600565432,2.4370482692334254e-07,2.0593122785096287e-05
13,6.184539096493149e-05,6.978079816999826e-07,6.506184047710742e-07,0.0028942911039554213,1.660470367695147e-05,0.001504611064028042,0.09154809061739329,0.04375413415210739,0.017283944536425132,0.0005117473132039719,4.052208664691037e-06,1.7777069029090318e-05,0.0031205937874346124,9.216764544276969e-05,8.846249433609241e-06,0.8187518709434699,0.008729507898894396,0.0006503970289349092,0.00018625290135843297,0.002299303164114034,7.156264883297775e-06,6.729734530504385e-05,0.008399645050944725,2.570625313665896e-07,8.825807141762012e-05
14,4.969356657024376e-05,8.18769856929002e-07,5.189690204916187e-07,0.0015825613184475326,1.8475850462035257e-05,0.001811469799546876,0.09389777620351544,0.02978509668542521,0.01170547351658986,0.0004843783336143791,2.7021277538741754e-06,2.123550899329601e-05,0.0026852936620261345,7.904410742711278e-05,6.755122171536641e-06,0.8440505624248174,0.00513588362964963,0.0006138374486190088,0.00023825127515652124,0.0023850883672859678,6.794151136005953e-06,5.491695159654593e-05,0.005295599011115071,1.3939748144994963e-07,8.763380172151495e-05
15,6.248976174144195e-05,5.360293468117031e-07,6.145080390479434e-07,0.002377226935483451,1.3753531906249003e-05,0.0014498578978274547,0.09590849158406764,0.047170716818244494,0.01933089577024668,0.000663051957452387,2.0202592500656414e-06,1.2416384572570984e-05,0.0019396418819861737,7.350141790145289e-05,7.370996547479895e-06,0.813391980023876,0.007220362617773111,0.0006806786325389804,0.00016327532001833925,0.002885812137794796,5.699074170101909e-06,6.91308873056478e-05,0.006464564117341362,2.4550030319340976e-07,0.00010566595426506314
16,5.40423935238497e-05,4.009567621752547e-07,3.858258524691233e-07,0.0021372352449508867,8.948894312047904e-06,0.0013115356131081519,0.09444178401481162,0.031785044628341225,0.011615146430647929,0.0008352684191727761,1.6396503800075324e-06,1.6501819250364237e-05,0.001408957312533747,8.565751050705853e-05,4.968528735437492e-06,0.8384526142037696,0.007382534129554467,0.0010936421162522517,0.00011329099840230012,0.0030465930789845513,8.727933615796905e-06,6.533046837010706e-05,0.00600476863854568,1.9812590803813291e-07,0.0001247830637073228
17,6.838001010377856e-05,5.689189740755732e-07,6.234421985644587e-07,0.002451495283408658,1.384123625948449e-05,0.0014062558890525021,0.09880548426887988,0.04987970387500801,0.01848826535765195,0.0006527761769728098,2.1090409569327086e-06,1.612550910256926e-05,0.002259224450420771,8.54667774296425e-05,6.579994283312136e-06,0.805778088136117,0.008456092649733115,0.0008933484562027899,0.00016824357901185771,0.003199160226406099,6.284012457880791e-06,7.659629587147663e-05,0.007161847785787763,2.3194440040748216e-07,0.00012320668330861444
18,4.4547388091853886e-05,4.3581053323271554e-07,7.782869265086804e-07,0.0025870084756375463,1.8311182792267526e-05,0.0014082298673832295,0.07899267353956574,0.04932998894087997,0.015427234960882802,0.00048467574515877903,1.9672986662655057e-06,6.998552291807111e-06,0.0017818997397510347,4.283761958330308e-05,8.884452391980097e-06,0.8388665106557838,0.0037757233876542767,0.0002913341693566959,0.00017964769412296438,0.0021036353699734095,4.940964119936818e-06,4.009144026117716e-05,0.0045580919938148215,2.0897322584263097e-07,4.3343491150793506e-05
19,5.933222389689238e-05,6.223616115044954e-07,7.718872962812144e-07,0.002724130743186928,1.7682278253310344e-05,0.0013633113605527566,0.1100139273345706,0.058154233302633945,0.02036136218215376,0.0006117007942301855,2.1047753510218185e-06,1.5032061972421931e-05,0.0026887345236101673,7.803088288104985e-05,7.1086115347782375e-06,0.7869753892558646,0.007410908735291699,0.0007010434761124699,0.0001816062031973851,0.0029749273401751502,5.452019789388632e-06,7.740582327703173e-05,0.00547726808962536,2.1944239801459427e-07,9.769429053327469e-05
20,5.447469381482906e-05,5.791860045156737e-07,7.602469947683621e-07,0.0026311251682776485,1.4226557598276524e-05,0.001671218113901575,0.13047988185555348,0.06992137820484468,0.02040816747759879,0.0007074476312326824,2.6321230597262944e-06,1.013499049447683e-05,0.0018606022925800763,7.064252237597282e-05,1.7401176464818034e-05,0.7531878481842152,0.006741162785516933,0.00041001693176712626,0.0002266275296718715,0.0030992267798508467,8.622078590190231e-06,0.00011903839943575839,0.008252072220385376,3.094777861619161e-07,0.00010440337198422504
21,6.550443683698549e-05,5.552954312331638e-07,5.905288517423512e-07,0.002418553659907699,1.5081535957072638e-05,0.00138132601111499,0.0853489189399376,0.03955212499462294,0.0180536963552934,0.0007404354969190379,2.218271921015509e-06,1.4152576090615442e-05,0.0019414002068884344,8.222212800170388e-05,6.321138043185604e-06,0.833126388304522,0.0068676709231900845,0.0007832057389104492,0.000157784494649432,0.0029408674372124284,6.534697372051215e-06,6.376424746438244e-05,0.0063234404945489405,2.556750069630142e-07,0.00010698641130569013
22,4.937804805105814e-05,1.3153331748615676e-06,5.7420148373194e-07,0.0016297633503172767,3.486700650559621e-05,0.0020877532958620466,0.19637612621218375,0.047833585742241745,0.03443262380784925,0.0003589144033434208,1.8892046894453642e-06,1.1179423151463843e-05,0.002268794145359807,7.30688528685935e-05,1.5408098915460453e-05,0.6990905678146369,0.003530751497766816,0.00038645728488250625,0.000229586017835258,0.002671300161680242,4.223498175558624e-06,5.734842401903018e-05,0.008656048291220178,1.6461855168209248e-07,0.00019831126523448274
23,6.248976174144195e-05,5.360293468117031e-07,6.145080390479434e-07,0.002377226935483451,1.3753531906249003e-05,0.0014498578978274547,0.09590849158406764,0.047170716818244494,0.01933089577024668,0.000663051957452387,2.0202592500656414e-06,1.2416384572570984e-05,0.0019396418819861737,7.350141790145289e-05,7.370996547479895e-06,0.813391980023876,0.007220362617773111,0.0006806786325389804,0.00016327532001833925,0.002885812137794796,5.699074170101909e-06,6.91308873056478e-05,0.006464564117341362,2.4550030319340976e-07,0.00010566595426506314
24,4.6650093865927166e-05,4.796484763823657e-07,5.236159219840814e-07,0.0026085926478928247,1.6773258512047015e-05,0.0012300800361197697,0.07612996544019836,0.03637760233248282,0.015420619070320149,0.0005057173263404182,2.0305961816928354e-06,1.4220228721023787e-05,0.002248796293737875,8.436531627514523e-05,5.070840780064435e-06,0.8499675161244482,0.006210744749826819,0.0007127788060371739,0.000124729140885774,0.002456229070991398,4.534838752182941e-06,4.6386857299533825e-05,0.0057019956252188555,1.90844384615094e-07,8.340719632893324e-05
25,6.957141972490516e-05,9.598822548306315e-07,6.468841387890653e-07,0.0020229333027219146,1.859149604604433e-05,0.002655681877016812,0.09705925433020686,0.031460388439937474,0.034332442878037175,0.0008819101334632797,1.8842418760789888e-06,1.4315235919007777e-05,0.0015283989331441555,0.0001146147344401745,8.877165849558005e-06,0.8087610486835193,0.008284467269431519,0.000759017896821521,0.000163402078888226,0.003486857654063048,5.6625382703925605e-06,8.1633320285598e-05,0.008073681797507708,3.4130142544498765e-07,0.00021341650501007634
26,9.716919806690767e-05,6.790637191305079e-07,7.33844525420835e-07,0.003055874355513511,1.731003596079841e-05,0.00160381513881598,0.09236872091625462,0.05721047764134414,0.04127574059202168,0.0006423987752421564,2.266989093917306e-06,1.0326722258348794e-05,0.0019173390765851496,7.250205407426711e-05,8.737390807507638e-06,0.7780028916861622,0.009159139382899728,0.0007071220534742721,0.00014656588040040804,0.0032859838705229763,4.683396487607519e-06,6.634265611013925e-05,0.010195375028140214,4.836979612934995e-07,0.00014732055355748703
27,6.751359394561012e-05,5.456123778549807e-07,6.68789979266431e-07,0.00245160248328747,1.3908142997964066e-05,0.0014118925347258737,0.08146676259745216,0.04583805448418384,0.013455599021320265,0.0005530045667511745,2.0170809678080718e-06,1.6035467517005085e-05,0.00235703546053243,6.859682855704462e-05,5.179023774340749e-06,0.8357502548266138,0.007274991254460587,0.0008133527260399793,0.00017436022673299203,0.0025400269711966144,6.29685769464208e-06,5.193611455466456e-05,0.005598830980249065,1.8139528729357513e-07,8.135295880030054e-05
28,6.248976174144195e-05,5.360293468117031e-07,6.145080390479434e-07,0.002377226935483451,1.3753531906249003e-05,0.0014498578978274547,0.09590849158406764,0.047170716818244494,0.01933089577024668,0.000663051957452387,2.0202592500656414e-06,1.2416384572570984e-05,0.0019396418819861737,7.350141790145289e-05,7.370996547479895e-06,0.813391980023876,0.007220362617773111,0.0006806786325389804,0.00016327532001833925,0.002885812137794796,5.699074170101909e-06,6.91308873056478e-05,0.006464564117341362,2.4550030319340976e-07,0.00010566595426506314
29,6.248976174144195e-05,5.360293468117031e-07,6.145080390479434e-07,0.002377226935483451,1.3753531906249003e-05,0.0014498578978274547,0.09590849158406764,0.047170716818244494,0.01933089577024668,0.000663051957452387,2.0202592500656414e-06,1.2416384572570984e-05,0.0019396418819861737,7.350141790145289e-05,7.370996547479895e-06,0.813391980023876,0.007220362617773111,0.0006806786325389804,0.00016327532001833925,0.002885812137794796,5.699074170101909e-06,6.91308873056478e-05,0.006464564117341362,2.4550030319340976e-07,0.00010566595426506314
30,6.248976174144195e-05,5.360293468117031e-07,6.145080390479434e-07,0.002377226935483451,1.3753531906249003e-05,0.0014498578978274547,0.09590849158406764,0.047170716818244494,0.01933089577024668,0.000663051957452387,2.0202592500656414e-06,1.2416384572570984e-05,0.0019396418819861737,7.350141790145289e-05,7.370996547479895e-06,0.813391980023876,0.007220362617773111,0.0006806786325389804,0.00016327532001833925,0.002885812137794796,5.699074170101909e-06,6.91308873056478e-05,0.006464564117341362,2.4550030319340976e-07,0.00010566595426506314
31,4.440278334184818e-05,5.611612042632181e-07,4.91959371703837e-07,0.002386269983377574,1.35223332460229e-05,0.0018570562362165077,0.09494790503876628,0.032328324599399334,0.020564873870719855,0.0006659682740586185,2.3166402521747906e-06,1.0929216297379918e-05,0.001597433004031813,8.343485262566877e-05,9.173831591655671e-06,0.8290633791512739,0.00675860901312077,0.0004929706270045596,0.0001297254217651484,0.002357826882472071,5.590327772917363e-06,6.428161933419099e-05,0.006519086296359511,2.73013423493533e-07,9.559386297268583e-05
32,6.145673575772185e-05,5.491013603252812e-07,6.363680188989071e-07,0.002231957205812934,1.4295828589482122e-05,0.0014956300592921877,0.09592366549216892,0.04767632891638249,0.018349018654597843,0.0006511110915959529,2.054786020743513e-06,1.2936978093694065e-05,0.001975791377279887,7.362787939431342e-05,7.748534420700553e-06,0.8140489473031761,0.00691887493043553,0.0006602792448810365,0.00018516341999849306,0.0030125858674661214,5.878868706204848e-06,7.26469144903786e-05,0.006512389520122272,2.3431731728040632e-07,0.00010619060462060177
33,6.174068780048273e-05,5.317113959482893e-07,6.067663507154111e-07,0.002360882457809513,1.3446693109149183e-05,0.001434980708459517,0.09533960217972166,0.04712453147576035,0.01900709843218782,0.0006559476621902164,2.0000951859421805e-06,1.2641674396767556e-05,0.0019715226926137436,7.331808351419518e-05,7.15147069821964e-06,0.814402208132717,0.007342000603222925,0.0006882562878860432,0.00016138583862870617,0.0028492511419789994,5.587353500314863e-06,6.904673103785538e-05,0.006312224375991183,2.3879759446512104e-07,0.00010379794624841301
34,9.379287206487184e-05,8.009955349526335e-07,7.653616192094889e-07,0.0023215197641153146,1.8612590970434783e-05,0.0014251855343033176,0.10119234746155172,0.055263373767628646,0.02547431265027917,0.000693457945818306,2.795426804225746e-06,1.469047112413866e-05,0.002487145911991845,7.79086968471604e-05,8.888608236629713e-06,0.7917742160857619,0.007475686098041325,0.0007190116388778064,0.00025069624346776837,0.002958766060321383,6.273935823581166e-06,8.142336274364036e-05,0.007527336282955257,3.008720613379008e-07,0.00013069136105600627
35,0.0001863721818559633,5.336626836283345e-07,5.391950887591127e-07,0.00190661541717282,6.7949991182023195e-06,0.0006195814140945556,0.08353288215002797,0.08572749999796861,0.024098927325495605,0.0008659122555173286,1.139266296298653e-06,1.6968125205799397e-05,0.00245600324889677,3.952630943834293e-05,2.1491134921220406e-06,0.7802880032114506,0.01300067485122645,0.0016932208246229217,0.0001703064818828373,0.0022137854753957534,3.5309616467255974e-06,7.025304916605573e-05,0.0029950135964179458,1.8681081058344407e-07,0.00010358007502717307
36,0.0006748259712669457,6.171641235424017e-06,1.6186578315148666e-05,0.007331613469369652,0.0008730420944886091,0.0046985291973602235,0.25797850570447317,0.0503824050215571,0.037086772259986384,0.0054990988501812405,2.6796612881305808e-05,1.2490230911581262e-05,0.0021936720831670273,0.0004255353908395556,0.00011444417277890288,0.5529972971315105,0.0008636218109592276,0.0012382157447477543,0.0029873193574353122,0.025519758164317445,0.00030493918484988274,0.0001454986898934138,0.04760997240866451,4.184571526951349e-06,0.0010091036572824922
37,0.00010070464438111391,4.46545702733755e-07,7.790877049441142e-07,0.0030584683604161157,1.2661292397928477e-05,0.0010978725669530595,0.09388364159354778,0.051904325887544525,0.019082736625755815,0.0008165700658157696,2.412421843168737e-06,1.2777824712898874e-05,0.0020798156232782277,8.001719100916082e-05,6.35048536163625e-06,0.8076678854696198,0.008456752184066689,0.001154943182818094,0.0001553223375962247,0.003479766445234294,5.780483818746912e-06,6.958100975154649e-05,0.006749964777026261,4.1575498511466135e-07,0.0001200081386581754
38,0.0001584552077651892,1.3260595737481475e-06,1.2158868146218642e-06,0.004250831695603175,3.198596257395851e-05,0.0013561743453978565,0.1349390671423678,0.0727628936672572,0.07000662663023322,0.0015479720051466228,3.127492147345837e-06,2.085719342046489e-05,0.002895591086536506,0.00019591532528030357,8.774023279421096e-06,0.6804809540007327,0.013784676757368578,0.0016721169199504797,0.0002000883413453549,0.005174179958959669,7.934202962935877e-06,0.00017879619080368332,0.009961595381863642,6.380229416458604e-07,0.00035820649967373204
39,5.272192733839861e-05,3.963500644339554e-07,5.275398214447322e-07,0.002249249903345213,1.048182873918032e-05,0.0013359349830447517,0.09632047883075066,0.05757387983747779,0.014236120942801342,0.0005232880381315344,1.5346524361051455e-06,1.1150520068002775e-05,0.0017711574820585424,5.3434295184452406e-05,6.996285338748621e-06,0.8085174877126551,0.006878551028873011,0.0005936357685574886,0.00015740137870954378,0.00280004667466486,6.038840291875303e-06,6.307996012880343e-05,0.006745239868588495,1.7502776739328296e-07,9.099032316287556e-05
40,7.417484328672583e-05,1.1601255202138408e-06,1.417614676081627e-06,0.002552262835496538,3.05489797039128e-05,0.0026482155752631416,0.1136387302187224,0.04564534193803111,0.020165036844749674,0.0007800052475377012,3.2528406402467433e-06,2.2716740527359625e-05,0.0028357981289908294,0.00013820909489059352,1.275434322502654e-05,0.7905639262131983,0.007620699185436673,0.0008128009925988244,0.00031747290416921613,0.004347328161026587,9.038625506290372e-06,0.00011513121867828314,0.007512728979426563,3.103331734216181e-07,0.0001509380155244342
41,0.00012418298822640956,3.2479364486780735e-07,6.579175490600216e-07,0.0017970152536916867,6.422096414069179e-06,0.001088035561979415,0.21244584023948845,0.07191533694397079,0.006043020894429996,0.0009337183173223764,3.615058841441379e-06,3.557464775376567e-05,0.0021475788410225886,0.00013031472128007698,1.2688139877946085e-05,0.6641665324431697,0.010593248152745163,0.002681392453288885,0.0004951527761156661,0.008759254602166526,2.699499043259497e-05,0.0003075190101091852,0.01596704214504506,2.9736836313919034e-07,0.00031823964307129207
42,5.950078579478375e-05,5.180611115308737e-07,8.648227815829477e-07,0.0021489054442925494,1.159149787324974e-05,0.0013279485545785385,0.08735653897397655,0.08273185986131014,0.015634720442698015,0.000696214290197676,1.8463218801944976e-06,1.3232460100492729e-05,0.0022252620302103264,5.111348018427479e-05,8.722984502466738e-06,0.7916878953914172,0.00766458981290134,0.0004583943767513504,0.000278463527450651,0.0028422693298655074,7.171658058655449e-06,0.00011270733310493378,0.004615279555201777,1.9232062501013534e-07,6.419668313126638e-05
43,7.383472081683119e-05,1.8544351313759484e-06,5.753156608995772e-07,0.002359036715375395,2.2491292919361627e-05,0.0015250640975255267,0.185486657532386,0.04490251588425655,0.007993591888220089,7.371514740933396e-05,4.6203675960829944e-06,0.00010980115392282112,0.011392101795375552,0.00011386120647807189,5.3874024692632585e-06,0.7172744352023521,0.015120804572194045,0.0016927819370084044,0.00023842165848815818,0.0010827810301998221,5.462747590765182e-06,4.01146918977986e-05,0.010340264251967787,5.775747772482917e-08,0.00013976719528018883
44,6.248976174144195e-05,5.360293468117031e-07,6.145080390479434e-07,0.002377226935483451,1.3753531906249003e-05,0.0014498578978274547,0.09590849158406764,0.047170716818244494,0.01933089577024668,0.000663051957452387,2.0202592500656414e-06,1.2416384572570984e-05,0.0019396418819861737,7.350141790145289e-05,7.370996547479895e-06,0.813391980023876,0.007220362617773111,0.0006806786325389804,0.00016327532001833925,0.002885812137794796,5.699074170101909e-06,6.91308873056478e-05,0.006464564117341362,2.4550030319340976e-07,0.00010566595426506314
45,0.00012380646746894676,1.1969260425575026e-06,7.565019500929952e-07,0.002842577496259293,2.2759253165272793e-05,0.0018378298553722344,0.09198629573166112,0.03693120754021191,0.029771469676518614,0.000982779111446136,3.351749088744566e-06,3.447792842224092e-05,0.003024119332548849,0.00018717544882581948,5.301677958158955e-06,0.8005791143030735,0.013701818380689788,0.0020278831513102793,0.0001914643989874418,0.00428736324967302,9.523238868531163e-06,9.958068057790732e-05,0.011067739828313383,3.4520687528301695e-07,0.00028006286469091764
46,6.085411205495491e-05,4.774695020117524e-07,5.761143669326109e-07,0.002499843484659564,1.0763027081342699e-05,0.001439593198820006,0.08409265554517296,0.04879100461617216,0.017737689912426205,0.0006201700652012337,1.9231149706297933e-06,1.2743399063164305e-05,0.0019662822106153136,6.610940847933861e-05,6.422748433604598e-06,0.8242187458174501,0.008715702806504607,0.000682907730332567,0.00014262048973553456,0.002613314040388241,5.458879911058937e-06,6.528421655100001e-05,0.0061599074488715875,2.3936553027656504e-07,8.871077770565521e-05
47,0.00010367058028310255,8.118943608310612e-07,6.596572261564646e-07,0.0016407791607729871,1.056871573478198e-05,0.001341844109028088,0.11159488854593834,0.068436833600755,0.02206337229081242,0.0008177707234282798,1.7859962450756821e-06,2.0945188147924375e-05,0.0024597348584072917,6.203418498980913e-05,6.4671757916447035e-06,0.7714232593214744,0.010646305379799877,0.0009417526583801491,0.00027118095606010087,0.0030871675649456,6.157559148628979e-06,0.0001223653910487255,0.004804756369658798,2.0666952317119018e-07,0.00013468144803909158
48,5.5173227775113205e-05,5.330926049702535e-07,5.554442046101168e-07,0.002079809080249095,9.215968970245208e-06,0.001571782235327232,0.08880861493935718,0.05567317987235943,0.015273169177235622,0.0004607820604608164,1.7500628162579459e-06,1.3367081869710792e-05,0.0023154496703737958,4.9149312525646556e-05,6.474974184765123e-06,0.8168782506781284,0.008972851905872112,0.0005318687792176487,0.00016890808413819964,0.0020368486241515707,4.652567057925905e-06,5.921601849913259e-05,0.0049610651163525,1.6203633816424455e-07,6.716998992990889e-05
49,6.663357531905476e-05,7.677619074712278e-07,1.04840232208363e-06,0.002499519447290961,1.5847386884296436e-05,0.002242930132778995,0.10096266884729771,0.05278949611358103,0.017807627056878675,0.0008038335255850915,2.326352093243368e-06,2.1500445508136954e-05,0.0025969971258407933,0.00010315931105648407,8.523529988977256e-06,0.798438960860348,0.00998505557014568,0.0008794354107504721,0.00023087446045665666,0.004156202312176732,8.068954953319527e-06,0.00011441702032001193,0.006148738683612748,2.635244994134249e-07,0.00011510418840406713
50,7.310976966368902e-05,5.079923504877229e-07,5.748062706753125e-07,0.0019674442890108197,1.2932217265946483e-05,0.0010996675418670934,0.13726397413897523,0.05467730110151895,0.022393936723496235,0.0009281565437727175,1.5930816793360967e-06,9.515385493243676e-06,0.0016594351824030982,6.879428481925071e-05,7.806812025105981e-06,0.7643449698216374,0.005833426921383585,0.0007407094898866564,0.0001871450369222267,0.003214583972948202,5.119269473231738e-06,9.01532869902589e-05,0.005269398132322942,2.481357022675448e-07,0.00014949606212150991
51,5.8616158073667134e-05,1.0776116793874576e-06,8.823334837308126e-07,0.0052668057351764885,1.849246047516346e-05,0.0013771445896880927,0.09867849702910403,0.06185341848079475,0.04271091340345952,0.0009467855194936253,2.6009106195707313e-06,1.2249030678664688e-05,0.003107111626385624,8.675565092087616e-05,6.97487589805007e-06,0.7691088706261328,0.011668331309903149,0.00047490475416108634,9.331713976816029e-05,0.001306976996431567,4.880306418443254e-06,7.728975446982487e-05,0.0030764783705165577,3.363136704349868e-07,6.028901259660355e-05
52,5.853088826229002e-05,2.0574581939114325e-07,4.5730681907252583e-07,0.0022337216091587063,7.429056325417031e-06,0.0009482926399020343,0.05098862314202184,0.025985836114235016,0.011186153825114861,0.0008192698460889952,1.566351477362852e-06,8.601029560809654e-06,0.0014368164596921056,6.147471625005608e-05,2.732084845796277e-06,0.8929143629656487,0.00573573469398732,0.001007602141397756,8.328506059179558e-05,0.0029009686528347718,3.129665185758106e-06,3.6546370092567004e-05,0.003524872704241582,2.9286561875847347e-07,5.349406482744665e-05
53,0.0003317815007877002,3.284856913409022e-06,5.175999391835118e-06,0.003956541509010618,4.270725995905585e-05,0.003059101712277358,0.029314746344906863,0.063207458331209,0.022203774477669504,0.0015659969487672452,6.168631034913658e-06,8.373272282488029e-05,0.007496558733242471,0.00017419058966758306,3.904614879096432e-06,0.8311387245403784,0.025723843152030194,0.0018717717168411651,0.0007338489715861816,0.003952929999846603,2.1077359165866544e-05,0.00015825133260930112,0.004855716292381355,4.916695768080608e-07,8.822073304246772e-05
54,6.359087155376467e-05,3.884529250956098e-07,1.393588486471305e-06,0.004576219930884156,1.8823591702450717e-05,0.0017239807213002328,0.0816678771540405,0.07736633729089251,0.014099926845453095,0.0005681741582256243,3.760488057311001e-06,1.1830206553553235e-05,0.002943377909229869,8.105414614490835e-05,1.139653846098346e-05,0.7926340567165913,0.007694591250279458,0.0005940872272553407,0.0002265755957095497,0.004558967598813245,1.009682190893046e-05,7.96065717400516e-05,0.011001549718609447,3.629295124360051e-07,6.19736756696765e-05
55,4.668532897388103e-05,3.384573420073876e-07,7.47584420521317e-07,0.002617261455492279,1.0417906797089329e-05,0.0018192159164621385,0.08214288119642613,0.05537440345609758,0.01485990757851849,0.0007379360411913708,1.8990326376262558e-06,6.855411315063028e-06,0.0014974720722383899,6.195368184734289e-05,1.0674959060435482e-05,0.823542595920486,0.006360894127735118,0.0004099639206721063,0.0001663511930641988,0.0032799884421448942,6.168499647740362e-06,7.694878432662728e-05,0.006898132257881249,2.9267183233019315e-07,7.001410338927458e-05
56,6.386270456343341e-05,5.868993869016869e-07,6.421406278407565e-07,0.0024140502582176817,1.4330325731816775e-05,0.0014421468180996816,0.0965020031695402,0.04799560947905507,0.019281667958227798,0.0006373756540441952,2.1819153040354837e-06,1.3915941379450515e-05,0.002244969719922654,7.602769536435123e-05,7.13563442436187e-06,0.8116418064970744,0.007585312877765536,0.0007131961970666378,0.00016972782192687595,0.0028026130257236496,5.561439202531099e-06,6.938571019355795e-05,0.006212256714337284,2.4041237627868385e-07,0.00010339299044361635
57,5.865668213968268e-05,3.527373909061964e-07,2.622657987576593e-07,0.005066043306752556,7.79469124694192e-06,0.001437037648347582,0.12581035790826917,0.02440903013170292,0.04533115374778125,0.0008496076907834179,1.4784231992240456e-06,2.7373324401731017e-06,0.0008967042301010833,7.9696649026458e-05,5.99982750313461e-06,0.7790681518026834,0.006971226220269439,0.0007123352119375547,2.0267929817085266e-05,0.00146130852530395,2.272640259245821e-06,2.1410803574139298e-05,0.007643419065312134,6.966737550970135e-07,0.00014199785460470448
58,6.532412319821389e-05,5.434280793056404e-07,6.478662517646136e-07,0.0024747173043712244,1.3715080615671768e-05,0.0014454098479583326,0.09472474076494466,0.04704518620849606,0.020600840451304062,0.0006939125771212886,2.2174650541291027e-06,1.1873018409798813e-05,0.001928892316993839,7.355356411237281e-05,8.1517609291861e-06,0.8132015743557945,0.007276512492320582,0.0006584579717632793,0.00016271077179850728,0.002877599993179689,5.654450935075753e-06,7.154280925248956e-05,0.006550703705797157,2.991092389735119e-07,0.00010521856207961394
59,6.864200996283389e-05,5.538178896774429e-07,7.622772333016787e-07,0.002706771443223,1.469388771072909e-05,0.0015450599088985013,0.09460905003971587,0.048528249023114436,0.02163183064232022,0.0007888662796864775,2.32694883695881e-06,1.1718715051799391e-05,0.001870661641355587,8.093815935701061e-05,8.933943596386254e-06,0.8093734916234798,0.007553594399467645,0.0006864309644281495,0.00016904905642342098,0.003245614271175957,6.276830726606018e-06,7.940382007401675e-05,0.006905186059327971,3.5651694122550763e-07,0.00011153772000223017
60,6.248976174144195e-05,5.360293468117031e-07,6.145080390479434e-07,0.002377226935483451,1.3753531906249003e-05,0.0014498578978274547,0.09590849158406764,0.047170716818244494,0.01933089577024668,0.000663051957452387,2.0202592500656414e-06,1.2416384572570984e-05,0.0019396418819861737,7.350141790145289e-05,7.370996547479895e-06,0.813391980023876,0.007220362617773111,0.0006806786325389804,0.00016327532001833925,0.002885812137794796,5.699074170101909e-06,6.91308873056478e-05,0.006464564117341362,2.4550030319340976e-07,0.00010566595426506314
61,6.915332985713964e-05,5.474747712206897e-07,7.919513170228698e-07,0.0026962626644059335,1.4349357529456733e-05,0.0015685239433212473,0.09254997062637756,0.050436461231432084,0.020168860119722194,0.0007694913905936938,2.2506188415646294e-06,1.2054136358914628e-05,0.0019318376514901859,7.902674631799417e-05,8.551391096255e-06,0.8109912785424549,0.007717297047300737,0.0006985875551298468,0.00017284501564405802,0.0032483198856581453,6.342176187728603e-06,7.853141167598123e-05,0.006673094527945418,3.277513760083757e-07,0.00010524345319478551
62,6.248976174144195e-05,5.360293468117031e-07,6.145080390479434e-07,0.002377226935483451,1.3753531906249003e-05,0.0014498578978274547,0.09590849158406764,0.047170716818244494,0.01933089577024668,0.000663051957452387,2.0202592500656414e-06,1.2416384572570984e-05,0.0019396418819861737,7.350141790145289e-05,7.370996547479895e-06,0.813391980023876,0.007220362617773111,0.0006806786325389804,0.00016327532001833925,0.002885812137794796,5.699074170101909e-06,6.91308873056478e-05,0.006464564117341362,2.4550030319340976e-07,0.00010566595426506314
63,6.467705413193584e-05,5.880604678058495e-07,6.24996152751158e-07,0.002369398303559033,1.4298610953480389e-05,0.0014816251232194443,0.09837500858111974,0.04742693209563169,0.02047953743881506,0.0006714133158314573,2.088340055801547e-06,1.287600556423273e-05,0.002005712563557373,7.499891079769402e-05,7.583510706846275e-06,0.8093243845157317,0.007396300921556288,0.0006818549486046772,0.00016717943532801901,0.0028242547779369627,5.730230913853589e-06,7.108525984324847e-05,0.006432067784881786,2.4964475340679603e-07,0.00010952956988546945
64,6.445763666388032e-05,5.948604072142618e-07,7.081868188513359e-07,0.0025816309816988478,1.5498954169683643e-05,0.0015913523553564516,0.09827320831461266,0.05091230984054693,0.01814063515901547,0.0006940922621395297,2.2699134480783685e-06,1.3310530214204522e-05,0.0019521736851278635,7.337045881168776e-05,8.784064247346371e-06,0.807652027799504,0.006897858983742546,0.0006430100987338009,0.0001872744557249133,0.003049873901993565,7.896547090662658e-06,7.375606729701062e-05,0.007059807327737907,2.5981051240895026e-07,0.00010383780438485572
65,6.34382840587132e-05,5.343017102075154e-07,5.995191677134191e-07,0.0023433473663642627,1.3675023778466091e-05,0.0014164428993426491,0.09529462926915251,0.046390065905206945,0.019561730566035728,0.0006676122894903719,2.002086311760201e-06,1.2551757730284119e-05,0.001938640278378446,7.372126945757926e-05,7.079239490434148e-06,0.8146610014643496,0.007238996139809882,0.0007012573168853674,0.00016124698611153337,0.0028821325373299075,5.567732061270298e-06,6.853390311994565e-05,0.006387748872898731,2.446159628581603e-07,0.00010720037579477322
66,5.4860268224104724e-05,4.7649183700191784e-07,6.8301249114882e-07,0.0025189512676510877,1.83607815182648e-05,0.0009980076616343777,0.0553163451917005,0.030121775100916647,0.011318524005158027,0.0009153944207323062,2.2874277806088908e-06,1.718008238800851e-05,0.002088348348364255,9.389927028467564e-05,3.7169566419722307e-06,0.8832418695022154,0.0058138848416155135,0.0008451910217665198,0.00014947203885642095,0.0025533133451594355,7.483667065109156e-06,6.017826112740134e-05,0.0037931063812398674,1.96942673773606e-07,6.649371095745739e-05
67,7.45261839726051e-05,5.74023322430261e-07,6.419224744779677e-07,0.002329359106424753,1.5434152020051097e-05,0.0010346687850007416,0.0933059737621046,0.057930026577556325,0.023069262842525515,0.0006452410915905072,1.8276424400742724e-06,1.0411870530176008e-05,0.002044286333998302,5.2576711440097805e-05,6.23177239721586e-06,0.8056844903663901,0.006247819990850164,0.0005624622172285585,0.00018239834801041306,0.0020978409867472817,4.513081847956e-06,6.1000646165857534e-05,0.004556291821564243,2.1206354209146804e-07,8.192769985553514e-05
68,7.802550223680856e-05,1.2150996662877838e-06,7.928306150845894e-07,0.0022286950807987142,3.132521730108826e-05,0.0018155521593300038,0.11916018930442132,0.05179395403674791,0.0387581715094436,0.0012231752229439855,2.6199554504953375e-06,9.068043096186744e-06,0.001057496497680178,8.94538524150202e-05,2.4006026660741374e-05,0.768006012107195,0.005324470477260755,0.0003258829818301745,0.0002916524275550236,0.0024571811332188905,8.747509409213038e-06,0.00016260985032521917,0.006966752239691194,4.377307730677835e-07,0.00018251320393413247
69,6.87448355304309e-05,6.7512603335466e-07,9.334797173757897e-07,0.002105364474593881,1.2936530851256263e-05,0.0027500704434680924,0.10357466997910855,0.05466727030769421,0.01073119440377256,0.0006287693643588218,3.579253523173821e-06,2.9936152532307876e-05,0.0034260689272895954,0.00010823621736297603,1.0412340040531356e-05,0.7933470226032281,0.009858021925049861,0.0009848203371295467,0.00036990464780532745,0.006152386205119177,1.3880130187120484e-05,0.00011828990356764507,0.010920567476038163,2.407422350076457e-07,0.00011600419376306672
70,1.5003922734636279e-05,1.2761253403612002e-07,3.405734452976145e-07,0.0035990357421905586,8.017613184211682e-06,0.0013325739748283449,0.03259273727630795,0.020591109160503645,0.011561418992898184,0.00033117245676182673,7.633429904742717e-07,6.030298356602173e-06,0.0012574650854948943,5.771738881502966e-05,1.7582991081149023e-06,0.9161227084157302,0.005907807406074212,0.0005114500498329348,2.345862687367473e-05,0.002217714029630669,1.7091773822291004e-06,1.3699867675606864e-05,0.0038187810329555743,1.6481129370307693e-07,2.7234842397309668e-05
71,6.196688328812772e-05,4.450887500071892e-07,3.640771007321747e-07,0.0020184861473264617,1.2718883434162119e-05,0.000949849533816963,0.08044929710371114,0.03921198956518563,0.018805949932842656,0.0005616970588773755,1.7303103562735968e-06,1.1861028944450847e-05,0.0017200706254890473,5.904149999362926e-05,4.712349946545359e-06,0.8412160900555246,0.0058344050317711595,0.0007131748413056721,0.00012168540864621485,0.0023014475758566188,4.482279708777366e-06,4.6843828430008104e-05,0.005796019501893588,2.004384136130226e-07,9.547094938631516e-05
72,2.5623997442850945e-05,2.0377601650777888e-07,2.3270895852716988e-07,0.0019572341716530984,8.093743874360503e-06,0.0010908385058683364,0.06595744196939275,0.01938162368633773,0.011480740731340724,0.0003949498486790461,8.897607656383724e-07,3.9395389342801664e-06,0.0009752161846362928,2.427298777949273e-05,2.7961606832192848e-06,0.8918779022988842,0.002682984613879472,0.00033804514505545423,4.331545048707383e-05,0.0013626327211704453,2.0897366686491264e-06,9.883188632198908e-06,0.00234864350057688,1.4538592854637639e-07,3.0260186354278202e-05
