,0,1,2,3,4,5,6,7,8,9,10,11,12,13,14,15,16,17,18,19,20,21,22,23,24
0,1.343670346531811e-07,1.172331024147886e-06,8.370111722675076e-05,5.729955537417347e-05,1.2527934787672464e-06,0.0010153159353248255,0.0007459426532587786,0.0007944260413641608,0.0054293590807935966,0.0017786713370787602,8.624851617378165e-08,6.70495193557387e-05,2.567185035268114e-06,2.1947205520113946e-05,0.00015199606543396028,0.9888714439267481,3.597656184505582e-06,1.4053083827695276e-05,3.847748892613354e-05,0.00026743342519953533,3.9779189094279414e-07,2.0175000268703272e-06,1.5819680466197358e-05,2.595421932948211e-05,0.0006098837915806589
1,1.6840313671044235e-05,2.8329116499835253e-05,0.0002917906504305508,0.002147788424251467,0.00011356780016425664,0.06992392300989121,0.01657417957657433,0.02680513100261551,0.1947371000106158,0.004575942942743977,3.0101350489488603e-05,0.005008126358547007,1.9864778701464707e-05,0.0008252808332001495,0.01031005952051376,0.6516582094645833,7.218376034982211e-05,0.00024872581464440406,0.0002616484062337228,0.0009506176425059558,3.282038464369763e-06,0.00022905255361861684,0.0007346867851443147,0.00015746214915544324,0.014276105696390148
2,1.0729345778464738e-07,1.6580475980882883e-06,8.129389941515757e-05,5.752674057996792e-05,1.66360652039676e-06,0.00245676357549141,0.000957341205683912,0.0009257139159778771,0.022881563076102115,0.005421747596001946,1.2000513929848975e-07,5.076192988022043e-05,3.040720596147557e-06,5.646351625200412e-05,0.00037649529783126466,0.964777843824214,2.122971983585997e-06,1.904114849192569e-05,9.314053886156757e-05,0.0004927622345597808,5.907395071341984e-07,4.455619936713592e-06,2.377668658073656e-05,4.100916087204682e-05,0.0012729966484645802
3,1.291600597274363e-07,1.5264014603488928e-06,8.367279086892369e-05,6.005881283268511e-05,1.4988878742029872e-06,0.0028046653572510833,0.0010030815348517693,0.0009573009162038936,0.02023769200138876,0.005091732760825991,1.2303183281117602e-07,5.065176371245243e-05,2.970881858690583e-06,4.573905387462836e-05,0.00033164921398431757,0.9676377839092053,2.4138021564877625e-06,2.1470017696052004e-05,0.00010122104873988315,0.000395744196023953,6.272374332498312e-07,4.223210284455782e-06,2.6479001708083655e-05,3.8371704505799255e-05,0.0010991733033663598
4,1.4584062191407435e-07,1.7227463206472405e-06,9.423085047831612e-05,6.28987710957011e-05,1.6236940866361393e-06,0.002634381188613038,0.0010413169668932103,0.0010586689058260557,0.02076808500320011,0.00539520917521077,1.3719196043344229e-07,5.543095193720395e-05,3.566997398071492e-06,5.416998500355672e-05,0.00032144916957522487,0.9667331709148296,2.584506238061964e-06,2.4351244464099887e-05,0.00010377789682218556,0.0004472205970839434,7.293747101152791e-07,4.7865191414581065e-06,2.6514402540576536e-05,4.089796325328359e-05,0.0011229291426956092
5,1.2707619261778864e-07,1.5319583762477755e-06,9.093943871029036e-05,7.247503981105934e-05,1.615389017089252e-06,0.002813223940484712,0.0009839581877460729,0.0009308306508242156,0.020218500076822903,0.005735557062793656,1.149352365532776e-07,4.5254953962152e-05,3.2645087406205835e-06,4.91135341356455e-05,0.00028803536237166524,0.9671339100860689,2.4182762954437177e-06,2.799461375689572e-05,0.00010305169063883121,0.0004770805796140119,6.956813520705977e-07,3.6458677883123156e-06,3.2094592605712794e-05,4.319197861089961e-05,0.0009413745180434547
6,1.291600597274363e-07,1.5264014603488928e-06,8.367279086892369e-05,6.005881283268511e-05,1.4988878742029872e-06,0.0028046653572510833,0.0010030815348517693,0.0009573009162038936,0.02023769200138876,0.005091732760825991,1.2303183281117602e-07,5.065176371245243e-05,2.970881858690583e-06,4.573905387462836e-05,0.00033164921398431757,0.9676377839092053,2.4138021564877625e-06,2.1470017696052004e-05,0.00010122104873988315,0.000395744196023953,6.272374332498312e-07,4.223210284455782e-06,2.6479001708083655e-05,3.8371704505799255e-05,0.0010991733033663598
7,2.573338734213889e-07,1.5102854477350344e-06,0.00011355719454892172,5.8678876356561026e-05,1.3034237526870679e-06,0.0029273945953005014,0.0009860543860086793,0.0013043630405915557,0.014924098069415522,0.005007361769805717,1.806603245236675e-07,5.326360943145558e-05,5.456663681039323e-06,4.0615006599693614e-05,0.0003226715550410578,0.972749196989569,2.6729141096918875e-06,2.956411292591161e-05,9.679715718953906e-05,0.0005063095213374659,7.058096642048925e-07,6.143417391310279e-06,2.1122963015246708e-05,2.942514224119014e-05,0.0008112955023777067
8,1.892982703472481e-07,2.0999734874572867e-06,0.0001855613772840902,8.360453783955116e-05,2.1401123553040553e-06,0.0025574314659176827,0.0006743873292692499,0.0007928209714280472,0.024268531278766606,0.00737381974258666,1.2101579068812743e-07,5.805071914547013e-05,3.14188965660844e-06,7.476570956434495e-05,0.0003055489003726422,0.9612240037435876,3.457569925010831e-06,2.08399465679407e-05,5.9156969436043716e-05,0.0004980691929840321,6.322612541161961e-07,3.3465573651847892e-06,4.206161343077606e-05,7.95629693745189e-05,0.0016866548543400222
9,7.977529295758574e-08,1.8293814514350795e-06,0.00012675874969720298,6.105831216377258e-05,1.2078657989101616e-06,0.0016137835560940776,0.00044188371741033433,0.0006875305275956318,0.01706846235924133,0.008468045993458274,6.725096621358611e-08,3.335573575031647e-05,2.359387970309791e-06,6.823712239392211e-05,0.00021624591120958156,0.969368846853577,2.306353405217833e-06,1.695842965724343e-05,5.715116702315233e-05,0.0005067757700684087,5.189683223216353e-07,2.3902057021805664e-06,2.660093408740727e-05,5.226477967020061e-05,0.001175280891992725
10,1.291600597274363e-07,1.5264014603488928e-06,8.367279086892369e-05,6.005881283268511e-05,1.4988878742029872e-06,0.0028046653572510833,0.0010030815348517693,0.0009573009162038936,0.02023769200138876,0.005091732760825991,1.2303183281117602e-07,5.065176371245243e-05,2.970881858690583e-06,4.573905387462836e-05,0.00033164921398431757,0.9676377839092053,2.4138021564877625e-06,2.1470017696052004e-05,0.00010122104873988315,0.000395744196023953,6.272374332498312e-07,4.223210284455782e-06,2.6479001708083655e-05,3.8371704505799255e-05,0.0010991733033663598
11,1.3690855626675236e-07,1.5830808228496287e-06,8.767866171021331e-05,6.0102096240307913e-05,1.5600893300353983e-06,0.0026670657056578977,0.0010181568509905741,0.0009694089657947232,0.01980744591043165,0.00496745545936533,1.2975736125133077e-07,5.42144157869175e-05,3.30215238592639e-06,4.79276406863732e-05,0.0003273758341867211,0.9682537859040782,2.506694407394856e-06,2.1830240528154234e-05,9.925234321550951e-05,0.00042442254470832595,6.625544477746485e-07,4.4757751089284924e-06,2.597594686263961e-05,4.012369800532085e-05,0.0011134207693306861
12,1.4469328940609113e-07,2.0099619394862045e-06,0.0001308052517459752,6.273014703405688e-05,4.419005953255624e-06,0.003134671439694714,0.001193673125356895,0.0005829696372998042,0.0315044291863311,0.005021462109586927,1.8705576610738327e-07,6.906818554561203e-05,3.938141432793304e-06,7.337032649053054e-05,0.00042277375978943074,0.954382116452677,3.918392214228818e-06,1.770403482005153e-05,7.04862102843115e-05,0.000838196296179971,7.818907015919629e-07,4.760157975353809e-06,4.262298179317166e-05,0.00010632985875278911,0.0023264316973454283
13,2.5537053876662637e-07,2.5903231134478224e-06,0.00011517075753342761,5.705643205723047e-05,2.5153835406680647e-06,0.0022429324780434833,0.0013433616496660893,0.0020167406914870763,0.024393954377760926,0.004271172592537904,3.6947888838523613e-07,0.00013245714923153376,4.9281335807835814e-06,0.00010044752880692545,0.0005350325555802394,0.9619291448882044,3.648778331236754e-06,2.3742820757606106e-05,0.00010919877267136215,0.00048703807820518844,1.0106043458063573e-06,1.0783801817102699e-05,2.0089189207905535e-05,4.148097904310281e-05,0.002154877185049541
14,1.6804877009551491e-07,4.32374121305638e-06,9.928349305640746e-05,0.00017646547070494857,6.076482558796921e-06,0.004731413844306751,0.0016318377375496521,0.0012932724012175874,0.035196700514824486,0.013418777444810565,3.2221066462724616e-07,4.518796005604794e-05,6.836413566611266e-06,9.82541522471986e-05,0.00041320008351391097,0.9403241030906736,4.331643568815976e-06,8.876929955551787e-05,0.00047775331268710514,0.0007976743240528526,2.9768019925578585e-06,6.739886078988272e-06,7.420126779858545e-05,8.707779775408502e-05,0.0010142525767769526
15,1.291600597274363e-07,1.5264014603488928e-06,8.367279086892369e-05,6.005881283268511e-05,1.4988878742029872e-06,0.0028046653572510833,0.0010030815348517693,0.0009573009162038936,0.02023769200138876,0.005091732760825991,1.2303183281117602e-07,5.065176371245243e-05,2.970881858690583e-06,4.573905387462836e-05,0.00033164921398431757,0.9676377839092053,2.4138021564877625e-06,2.1470017696052004e-05,0.00010122104873988315,0.000395744196023953,6.272374332498312e-07,4.223210284455782e-06,2.6479001708083655e-05,3.8371704505799255e-05,0.0010991733033663598
16,1.4933067661557817e-07,1.760972533170486e-06,6.630868878882531e-05,6.620232689588635e-05,1.456086376800612e-06,0.002659876102105807,0.0011035520161250525,0.0013047373402684298,0.020271135712590503,0.004601774272514025,1.5690352552642823e-07,6.857423538659654e-05,3.283787197602795e-06,5.275979369433041e-05,0.00041846207853671964,0.9676637815550897,2.33612885578331e-06,2.4430722663244894e-05,0.00012051780473281222,0.00036677449385971885,5.988084279847369e-07,6.18010243414374e-06,2.2125577342781275e-05,2.9644996272553438e-05,0.0011434201631052967
17,1.6168956197559625e-07,1.7443575187734582e-06,9.538280258451797e-05,6.755580222508579e-05,1.960779999536589e-06,0.0029017965784363512,0.0012196552154238708,0.001076225903629599,0.023440601435954715,0.004951491460452382,1.5713574456805477e-07,6.462932890482102e-05,3.648341156595253e-06,5.617562317319168e-05,0.0003357180610032847,0.9638924450633052,2.7972218789541975e-06,2.593201932896507e-05,0.00010556735835276845,0.0004498442983652099,7.680670661502721e-07,4.981014198475395e-06,3.0172308070458817e-05,4.609025093797608e-05,0.0012244978827264084
18,1.6510994214290455e-07,1.4919174004886993e-06,8.844116252272198e-05,9.119351850368377e-05,1.7251860856647445e-06,0.00380125806174925,0.0009504297763985311,0.0011479648858316867,0.020933322757435088,0.005848760171693645,1.29124395534448e-07,4.475472987476203e-05,3.4285612835409414e-06,3.760587894016728e-05,0.000349120188637469,0.9652735263033114,2.326993366203073e-06,2.6283290370629755e-05,9.969519559062016e-05,0.00044416725186642353,5.431217795269931e-07,4.312729570223132e-06,2.9790463620266565e-05,3.628862733531258e-05,0.0007832749924949556
19,1.0581785091322271e-07,1.7130189020069168e-06,7.655897748417338e-05,7.89035169887597e-05,1.6436638668377493e-06,0.00318754028509757,0.0009039329220081396,0.0008281712499532427,0.02333662751581973,0.006062803277785608,9.413984971103628e-08,5.1617611022161955e-05,2.810408988515606e-06,4.5719152208347834e-05,0.0003718297673314191,0.9633686665015778,2.2111966549443677e-06,1.6958047532409272e-05,8.820495710793885e-05,0.00041180060418857014,4.3727096708264475e-07,4.250255952994188e-06,2.564468500108831e-05,3.954036165304171e-05,0.0010922147942070393
20,1.6666539344708685e-07,2.040238380089098e-06,8.72375485080579e-05,7.754614402145576e-05,1.948887595354776e-06,0.003741099471203844,0.0012200100134680757,0.001609327811085582,0.02900238716788848,0.007102702127980009,1.9124776017440953e-07,5.838823861584245e-05,4.334026600527856e-06,7.031359629114162e-05,0.0004721494606257242,0.9545432428914521,2.4295857437879978e-06,3.0141540376571423e-05,0.00014181844879782913,0.0005608219549501308,8.152501620085353e-07,8.048182136903615e-06,2.751128335980813e-05,3.700774168289859e-05,0.00119832047592032
21,1.2908151472248432e-07,1.6594993785893162e-06,7.234510156184198e-05,6.999337236944709e-05,1.901433876337114e-06,0.004630894953234103,0.0012575844725496832,0.0010388466449812398,0.029297935264924985,0.0063026182041253055,1.4597797484122682e-07,4.720417482362351e-05,2.841907294120052e-06,4.553062432399139e-05,0.000507578052126857,0.9548098716879173,2.3908917448044136e-06,2.1299605506574412e-05,0.00014885098364426848,0.0003928951073052473,6.741644219692186e-07,5.504158571432345e-06,3.284127674565535e-05,3.93558007363218e-05,0.0012691075583466163
22,9.577353060680036e-08,1.5546791645093897e-06,5.241095229134941e-05,5.690129558740662e-05,3.6392043505651655e-06,0.0035259889600429612,0.002110639976540365,0.0005588259123007553,0.07717259345904075,0.0030216718100455784,1.4521691031153796e-07,0.00011276918610166834,2.459016981474307e-06,5.875339232332515e-05,0.0007999299237361563,0.9087917835060798,1.1224507122541797e-06,1.0148204100336438e-05,9.864946133399136e-05,0.0003584291384928361,4.390984594090696e-07,4.463460885962413e-06,2.72211271946566e-05,8.480373058804298e-05,0.0031445610632048504
23,1.291600597274363e-07,1.5264014603488928e-06,8.367279086892369e-05,6.005881283268511e-05,1.4988878742029872e-06,0.0028046653572510833,0.0010030815348517693,0.0009573009162038936,0.02023769200138876,0.005091732760825991,1.2303183281117602e-07,5.065176371245243e-05,2.970881858690583e-06,4.573905387462836e-05,0.00033164921398431757,0.9676377839092053,2.4138021564877625e-06,2.1470017696052004e-05,0.00010122104873988315,0.000395744196023953,6.272374332498312e-07,4.223210284455782e-06,2.6479001708083655e-05,3.8371704505799255e-05,0.0010991733033663598
24,1.0937138010053308e-07,1.8816112129013254e-06,7.4177120908345e-05,8.279243340201526e-05,1.4778011020100895e-06,0.0026843036251473222,0.0009322322785898935,0.0010984384531883171,0.02030590981466176,0.006587579800422545,1.050848166368695e-07,4.39081980501771e-05,2.981384900203073e-06,5.394209094094858e-05,0.0003110762235059832,0.9662859781984571,2.3926319115498387e-06,2.7378569438600163e-05,0.00012529254302260948,0.0004075659462871507,6.824037242411212e-07,4.228739268355093e-06,2.9670515338814515e-05,3.493454711552918e-05,0.0009009606132068206
25,1.175674355220359e-07,1.7283069411029028e-06,9.584829463121374e-05,5.6387428006049765e-05,1.3741938796575903e-06,0.004370280571832622,0.0007695447996645743,0.0004439807739563527,0.03338218110216171,0.008363401484748801,8.22167532565696e-08,3.714354051610694e-05,2.2494021144426195e-06,4.312155911083357e-05,0.0005086378147027927,0.9496398230547773,2.1340978696055763e-06,1.3071948465014783e-05,0.00011113365711217817,0.00031372270021590664,4.786379318428356e-07,3.6114174182682737e-06,3.5895949301255396e-05,5.9256945173531465e-05,0.0017447925352800263
26,1.8986495731445957e-07,1.7468301839562103e-06,0.0001671471501615117,9.109009043281079e-05,2.5707958317604486e-06,0.0032274604574438494,0.0009756385324871487,0.0006915808329404272,0.030238955830056848,0.00679759601679696,1.2315920509061797e-07,4.9839161939707454e-05,3.975721820124217e-06,6.463757801843156e-05,0.00024886414446262086,0.9553124252583729,3.004397817184483e-06,3.341352265306496e-05,7.632727597697663e-05,0.0006376492284656323,8.093455210872095e-07,2.9220783607692815e-06,5.5863867309287984e-05,9.348397793244314e-05,0.0012226848808520089
27,1.0093594789379851e-07,8.775475527377497e-07,0.0002058536496545056,3.053367632277889e-05,7.127937635248304e-07,0.0006669080416772379,0.00069420958264395,0.0005231366453755872,0.002307009406342419,0.0023685186891270874,7.682939527851688e-08,3.0514183697131792e-05,1.94422354036444e-06,3.2827618668890324e-05,6.135482645602546e-05,0.9920473173880785,7.964992801523135e-06,2.9288262400990257e-05,4.622809770320858e-05,0.00027826324407727136,1.7001550757474784e-06,5.948242851733781e-07,3.9502959483934215e-05,2.9760432095360627e-05,0.0005948009938325378
28,1.291600597274363e-07,1.5264014603488928e-06,8.367279086892369e-05,6.005881283268511e-05,1.4988878742029872e-06,0.0028046653572510833,0.0010030815348517693,0.0009573009162038936,0.02023769200138876,0.005091732760825991,1.2303183281117602e-07,5.065176371245243e-05,2.970881858690583e-06,4.573905387462836e-05,0.00033164921398431757,0.9676377839092053,2.4138021564877625e-06,2.1470017696052004e-05,0.00010122104873988315,0.000395744196023953,6.272374332498312e-07,4.223210284455782e-06,2.6479001708083655e-05,3.8371704505799255e-05,0.0010991733033663598
29,1.291600597274363e-07,1.5264014603488928e-06,8.367279086892369e-05,6.005881283268511e-05,1.4988878742029872e-06,0.0028046653572510833,0.0010030815348517693,0.0009573009162038936,0.02023769200138876,0.005091732760825991,1.2303183281117602e-07,5.065176371245243e-05,2.970881858690583e-06,4.573905387462836e-05,0.00033164921398431757,0.9676377839092053,2.4138021564877625e-06,2.1470017696052004e-05,0.00010122104873988315,0.000395744196023953,6.272374332498312e-07,4.223210284455782e-06,2.6479001708083655e-05,3.8371704505799255e-05,0.0010991733033663598
30,1.291600597274363e-07,1.5264014603488928e-06,8.367279086892369e-05,6.005881283268511e-05,1.4988878742029872e-06,0.0028046653572510833,0.0010030815348517693,0.0009573009162038936,0.02023769200138876,0.005091732760825991,1.2303183281117602e-07,5.065176371245243e-05,2.970881858690583e-06,4.573905387462836e-05,0.00033164921398431757,0.9676377839092053,2.4138021564877625e-06,2.1470017696052004e-05,0.00010122104873988315,0.000395744196023953,6.272374332498312e-07,4.223210284455782e-06,2.6479001708083655e-05,3.8371704505799255e-05,0.0010991733033663598
31,1.0728010461820482e-07,1.5804062529632801e-06,6.640037628386077e-05,7.267846419142884e-05,2.0657091007248603e-06,0.0039694054108100115,0.001126828314459763,0.0007665700144451254,0.029162423737129822,0.0054368436109590275,1.287603552248798e-07,5.369242931440366e-05,2.8828702262208835e-06,4.533690982870706e-05,0.0004967869507854821,0.9568017254178405,2.1552893974637835e-06,1.823912303742225e-05,0.00011873631319971318,0.0004497053560252355,5.395047174502877e-07,4.694040128596669e-06,3.122795178737581e-05,4.746689103854733e-05,0.001321778868580364
32,1.208509528716794e-07,1.4881109359149626e-06,7.572277300411245e-05,5.996889565282681e-05,1.481270004004401e-06,0.0028454059377965384,0.0010182049516866706,0.000934616092613342,0.019276519600370186,0.004948453003181333,1.2272877701989238e-07,4.8452999890174296e-05,2.8961222320718803e-06,4.2980959128700024e-05,0.00034466647474990853,0.9687468297699219,2.423601227550139e-06,2.1527592425605845e-05,0.00011323762955323735,0.00038444364352227566,6.539849987825206e-07,4.239559795874191e-06,2.686719276632288e-05,3.6899879282163796e-05,0.001061776375530827
33,1.5922130328493755e-07,1.3564620436745033e-06,6.490012781243498e-05,5.901373117214635e-05,1.19587283324927e-06,0.0019378853668478462,0.0010352885053657428,0.0013481948154129857,0.010591739983802922,0.00282489708051807,1.4734672268654127e-07,7.281087523062107e-05,3.331968720390312e-06,3.382047131595628e-05,0.0002269842780696791,0.9805805932817495,3.0416129474737844e-06,2.448722983093742e-05,9.247801222890829e-05,0.0003007269090234041,6.319928635380145e-07,4.783363938270102e-06,1.958163002376791e-05,2.6037620048362543e-05,0.0007459122401744479
34,2.9731495484171075e-07,1.7815145804841271e-06,0.00011856909998931878,7.979216597620501e-05,2.153584818716216e-06,0.0037871604494076915,0.0012839653333711243,0.0013494079258889148,0.025852403882308844,0.005442924146353479,2.2799104815052467e-07,6.538634935200247e-05,4.6173935591103575e-06,5.404486287545937e-05,0.000457322996387617,0.9595925101780007,3.0090321203899206e-06,3.4566134485188455e-05,0.00013507757979740135,0.0004378540469521051,9.085836604803576e-07,6.407066415251854e-06,3.454214030033046e-05,4.478908800226936e-05,0.001210281139393751
35,1.5181859814705846e-07,1.5233738957861499e-06,8.135870900784044e-05,6.0907812238355586e-05,1.356141541721373e-06,0.0029605758390290607,0.0010292156353203246,0.0011069662985615427,0.020108493546717957,0.005024076487159297,1.3219134640034298e-07,5.4646952533278095e-05,3.020539623813669e-06,4.416875135136236e-05,0.00031629566751184747,0.9676196758493203,2.443233854347124e-06,2.4419064067461474e-05,0.00010827228050124721,0.0003473754635389211,6.206397638923556e-07,4.739033446700168e-06,2.5738254102549877e-05,3.50493588428884e-05,0.0010387770581248839
36,1.0452919060636482e-06,5.047439170345505e-06,0.000974442888798613,0.0003327164222452228,0.0001393224436194255,0.02472496699763531,0.007457358130748197,0.0008245830977510495,0.2742859619792437,0.012459326226142948,2.7917218100335984e-06,0.00015521548438524675,1.1021534559323884e-05,0.0003825617090915269,0.0020454896192935424,0.6580101607167848,9.840406877653637e-06,0.00011273142552173151,0.00036293288699239094,0.002211738832800064,1.6229605823661555e-05,5.417423798559194e-06,0.0009344020315544377,0.0015699785455662023,0.012964717137879984
37,2.603793040923963e-07,1.962722835504817e-06,0.00016308911743980923,8.175482807890439e-05,2.5060757440135637e-06,0.0027386294396711057,0.0013261233065668646,0.001038840324883863,0.026877605602699167,0.00535585143488004,1.7627939536102346e-07,8.032652266425182e-05,5.184591734835065e-06,7.517185917783423e-05,0.00025777288081352246,0.9598695732319897,3.2722852028497963e-06,3.85290947152216e-05,8.656473025521717e-05,0.0005657233292241183,9.79485878925731e-07,4.560124355892477e-06,4.004166083329794e-05,7.129648084163183e-05,0.0013142042108141012
38,1.185314985716492e-07,1.3379682435162726e-06,7.42425258470029e-05,5.560250769078417e-05,1.2446123647724687e-06,0.0027903690291449664,0.0009538242679957258,0.0008981176951513701,0.016861581207510433,0.004702220954207204,1.0926737766956317e-07,4.4588421022250985e-05,2.7858798387927815e-06,3.713630048118524e-05,0.00031413244559700564,0.9717715556274489,2.2951288721298217e-06,2.04898264287512e-05,0.00010032657996579979,0.00036791283222095455,5.727549358832776e-07,3.8880498922882165e-06,2.448955991977206e-05,3.230953559596173e-05,0.0009387484907479934
39,1.2776152639604302e-07,1.424774699649712e-06,7.949995081706334e-05,5.62709664067655e-05,1.3344273125985176e-06,0.002701880296732213,0.0009946939011464967,0.0010088310536032648,0.0174906933482847,0.004614815461471822,1.2137138460288676e-07,5.1087152784568485e-05,2.8527229365596453e-06,4.138926643445777e-05,0.00030728426239267926,0.9710775029021059,2.450629627506823e-06,2.0899844803935846e-05,9.750706934668184e-05,0.0003649596061850018,6.0948527665645e-07,4.1762644536232145e-06,2.4492675468070395e-05,3.385818377191305e-05,0.0010212366210270646
40,2.4245683482018334e-07,1.8533227467979114e-06,0.00013998687766556274,5.5087796564784304e-05,1.992533979714783e-06,0.0032150394928205824,0.001203042561868038,0.0010082619426866727,0.024442315033962155,0.004542352891027611,1.9840855493004962e-07,9.293230222273663e-05,3.8100528570229594e-06,6.153236252580752e-05,0.0004827801873593575,0.962188715271488,3.449965699072655e-06,1.7097201694430484e-05,7.742916696567271e-05,0.0004144125688333823,6.711824413798464e-07,6.257498621130125e-06,2.6555308008819864e-05,4.871777698351429e-05,0.001965265835588324
41,9.785272782967925e-08,1.949570190776025e-06,0.00012627767910065968,1.3637058578225383e-05,3.7883872926372457e-07,0.0005613440800643141,0.0015032528687806187,0.0020647918568941874,0.005492506490606001,0.003822405204422744,1.5381048783810606e-07,5.7784080527635003e-05,4.552835253131285e-06,0.00014548079005782664,3.7603310902032586e-05,0.9845700438546154,5.649593680976414e-06,8.046905478998721e-05,0.00013689312154348764,0.00040341452492050994,5.539185685539159e-06,3.906295302398915e-06,2.5257769252874113e-05,2.5846354685190384e-05,0.0009107639182005682
42,1.0806213264260408e-07,1.391822724688537e-06,5.953062023590417e-05,4.90578083287935e-05,1.1338976218626967e-06,0.0025745695502905628,0.0008690608277945348,0.0009639317663878362,0.015104625200263446,0.004150568027590286,1.087123033324619e-07,4.79572563267709e-05,2.6496568152597896e-06,3.1847862463738334e-05,0.0003223108450974575,0.974424816116226,2.260211019391447e-06,1.5223824631823704e-05,9.682194771119736e-05,0.0003168099530965436,4.75044634434869e-07,4.853042402603507e-06,1.7525501672567643e-05,2.6827332482809384e-05,0.0009155351097451403
43,7.825076975012834e-07,2.306638515847625e-06,0.00029352273932765595,6.054714887845285e-05,5.200615548634765e-06,0.0009525589406388596,0.0033500250041214458,0.0010502636970412323,0.02571715223784722,0.0009450201425747709,4.575252156268383e-07,0.0005984948713717675,8.654925226867887e-06,0.00013056962326007552,0.00015658438803666078,0.9630916017844399,6.398731403343601e-06,4.2749388660901606e-05,3.190968171144307e-05,0.0004905617166730351,1.400432080348032e-06,3.924211838067917e-06,4.198497725623608e-05,0.00013954210416524938,0.0028777859664687595
44,1.291600597274363e-07,1.5264014603488928e-06,8.367279086892369e-05,6.005881283268511e-05,1.4988878742029872e-06,0.0028046653572510833,0.0010030815348517693,0.0009573009162038936,0.02023769200138876,0.005091732760825991,1.2303183281117602e-07,5.065176371245243e-05,2.970881858690583e-06,4.573905387462836e-05,0.00033164921398431757,0.9676377839092053,2.4138021564877625e-06,2.1470017696052004e-05,0.00010122104873988315,0.000395744196023953,6.272374332498312e-07,4.223210284455782e-06,2.6479001708083655e-05,3.8371704505799255e-05,0.0010991733033663598
45,1.1821941559711024e-07,1.1829879428395175e-06,4.9937270760201315e-05,6.944597337730136e-05,1.5485252328844916e-06,0.0038196829677927748,0.0012097745279505297,0.0011325105144375093,0.0193630151811023,0.003914841077557374,1.2521929409125315e-07,4.943362822821095e-05,2.718909154942792e-06,2.7214430764073213e-05,0.0005251656268465386,0.9684672895235754,1.865398676728835e-06,1.6381140611136105e-05,0.00011443730666697434,0.0003446362638933291,4.0614592337586367e-07,5.200709532658564e-06,1.9554624765547287e-05,2.2990779232343756e-05,0.0008405230472652521
46,1.2015446935702975e-07,1.730967496489544e-06,9.881972220644241e-05,6.970986661318633e-05,1.8289248278477683e-06,0.0034393715300771377,0.0010925035055711265,0.0010105197238118413,0.03353312734189803,0.007889925922621097,1.3154501827087184e-07,4.2810119696932784e-05,3.3807179452146948e-06,7.11372603757812e-05,0.0003811208205387879,0.9502976421114949,1.892640115070444e-06,2.9952308693454903e-05,0.00012847609762526977,0.0005545953804868055,8.192895432779018e-07,4.350290375901491e-06,3.393344877153623e-05,4.8663319318576265e-05,0.0012634369904077098
47,1.3584405582274269e-07,1.564598457008891e-06,6.54381801974286e-05,4.3652400127949994e-05,1.099455831088309e-06,0.0021980078898814898,0.0008662748733366658,0.0008675738606505749,0.01582615125184418,0.0036850118135117373,1.1238002574096591e-07,6.17054746140532e-05,2.9766186693631707e-06,3.351647424655744e-05,0.0002869360967091743,0.9745504588316111,2.263490283751439e-06,1.5157237175988563e-05,7.795282883972015e-05,0.00031436392714366757,4.093331617969279e-07,4.993375632385873e-06,1.6315139019525335e-05,3.161644721464862e-05,0.0010463121777587647
48,1.207724695961084e-07,1.9284568008278627e-06,5.8614809291296065e-05,6.513379275331379e-05,8.871644412910689e-07,0.0026948032882366593,0.0008708407428076247,0.0013160519195971549,0.01198951611294511,0.005609677520137599,9.975254002581516e-08,4.364373766415101e-05,2.385845869462109e-06,3.608821967902614e-05,0.00028640013936415625,0.9758112742201447,3.3082721034822543e-06,2.1633878520911862e-05,0.000129645992890352,0.00024262258503703987,5.705192532977161e-07,5.141411280904131e-06,2.3754166358481623e-05,2.0047812780096078e-05,0.0007658088670335582
49,1.5931159898694817e-07,1.4613475748815077e-06,0.00010526939199600751,5.858143625431033e-05,1.483459677951815e-06,0.002944908726731976,0.0009879503268749776,0.0009426487146137388,0.019085280593222915,0.0046194088691079325,1.3144453591711908e-07,6.11910114073327e-05,3.4203858355652847e-06,4.470907298846865e-05,0.0002820914772725391,0.9691571969567828,2.6012016675544042e-06,2.122846358085515e-05,7.265768329648484e-05,0.0004427536497075831,5.663158931561729e-07,4.184178543676034e-06,2.5797244777597023e-05,4.201997627306842e-05,0.001092298759783583
50,1.2634735495613069e-07,1.5486757894288691e-06,8.17815012282383e-05,6.000050083532328e-05,1.4624018410462372e-06,0.0028153880930680258,0.0010045172883021976,0.0009859072862650618,0.020098496282006384,0.005228815444576383,1.2199855832106299e-07,4.999050718219034e-05,2.968741475889659e-06,4.595747130997929e-05,0.0003333000037385086,0.9676159394570346,2.387807601525544e-06,2.144930677206395e-05,0.0001043467991824472,0.0003914375677195909,6.278701110389411e-07,4.344641869991744e-06,2.5805073158052513e-05,3.674788588466936e-05,0.0010865310471339228
51,1.4187272851303185e-07,4.331131178114078e-06,8.153960842312095e-05,0.00012507838774803394,1.4229917461539604e-06,0.002242191875723009,0.0006730755474812373,0.0020842683488940385,0.023516325206383193,0.010240444748409258,1.3319341531983836e-07,6.708532384938013e-05,3.7116312598950573e-06,0.00010489768717906397,0.00042128361567847375,0.9587023149324391,2.3725180942146593e-06,2.9675529964021343e-05,0.000119586818759506,0.0004418919211925492,5.45598372386399e-07,7.962410589507942e-06,2.1062401422847066e-05,2.6841190872803534e-05,0.0010818155081962042
52,1.197126993770498e-07,1.3187501153382933e-06,6.914375092891319e-05,7.272629879782204e-05,9.762230566985903e-07,0.0033664773567977048,0.0007078928730853655,0.0011294711502773459,0.01876909762478396,0.008082066821000993,1.0003006157015896e-07,2.9484566899594556e-05,2.9871032463257704e-06,3.9984319010943965e-05,0.0003250688438340811,0.9660874679102573,1.7522177268196546e-06,3.2979247805141116e-05,0.00013117062000917625,0.0004367814694452021,5.080633387031125e-07,4.262538318931902e-06,2.5284367450285765e-05,2.658158139499534e-05,0.0006562965596574812
53,2.0251591622550505e-07,3.197468031604865e-06,0.00016940867092344786,0.0001220490912631343,1.9486885827420144e-06,0.0029399404332830234,0.0003267277407605871,0.0010476170639462394,0.02019036671588241,0.01957675152404729,1.4131911258710763e-07,2.700098357586626e-05,4.811513110018043e-06,7.317852772268949e-05,0.0003536879773497147,0.9533528970409895,3.5098388549975456e-06,3.43142737944245e-05,0.0001549374276905328,0.000590295974683507,8.855495296444293e-07,6.329892435295856e-06,3.1318982507913956e-05,5.865212670702179e-05,0.000929828659299404
54,4.5983200866977806e-07,1.4603926200229658e-06,0.00015225706284943918,0.00017273714589299735,3.482143159867087e-06,0.008662610605946856,0.0019469080900623922,0.0020928660373915053,0.02647812406340627,0.007306596671799996,3.491031192034955e-07,4.9109202523612965e-05,6.421027260059632e-06,4.969002477827521e-05,0.0003824012581122426,0.9508809191330556,4.880391519670798e-06,0.0001052466866898795,0.00022753059720682955,0.0006581990791570024,1.8813609100421157e-06,6.178143254469134e-06,9.4800782767983e-05,5.371335965298669e-05,0.0006611778048542457
55,1.0989919133630334e-07,1.6932126687957218e-06,8.969866653463703e-05,5.724018342656923e-05,1.0788305340954786e-06,0.0030417259347073535,0.0007221705427162124,0.001151368627208497,0.015710758955461274,0.008403449820601223,1.0870888893939672e-07,2.8263577379323663e-05,2.622800005717231e-06,4.7085263512787546e-05,0.0003641312409888462,0.9688245893338565,2.716224014636878e-06,2.1686262663183015e-05,0.0001271330692612991,0.00040757216019281315,7.240435016439229e-07,4.513551800870311e-06,2.6387699340266422e-05,2.6610021261675137e-05,0.0009365613702814351
56,1.381823234235559e-07,1.5744402247050536e-06,8.586113693404952e-05,6.070955709092257e-05,1.5309589816394463e-06,0.0028016742798821362,0.0010300062291183785,0.0009883451228775738,0.0202177128661052,0.00503828241532533,1.2990206053821167e-07,5.359868342729456e-05,3.1721810615875564e-06,4.682315112823139e-05,0.00033198467148049036,0.967629008790942,2.4910674139395806e-06,2.2179622928911814e-05,0.00010216291171953769,0.00040481263732881017,6.499662955977886e-07,4.467923051511002e-06,2.6497300133826253e-05,3.908873153252563e-05,0.0011070972706319934
57,5.653146018517535e-07,2.016185284412161e-06,0.00023353054101460637,0.0002655667523529272,5.048817107302842e-06,0.021181302644730702,0.002003689748972373,0.002165186038638917,0.0873363043117758,0.01183521088210044,3.2477634283389705e-07,7.82976249012186e-05,3.4854130721072213e-06,9.798085827033812e-05,0.0008297701923014626,0.8709484107274891,4.135322027773003e-06,6.202633374197598e-05,8.064579435079875e-05,0.0007476827102611328,6.15329605417168e-07,6.224975453971815e-06,0.0001687093817515355,8.168636790169997e-05,0.0018615829559492805
58,1.3077905492366602e-07,1.6012588004505172e-06,8.894598324811434e-05,6.401024801746197e-05,1.90955137159351e-06,0.0027884381804901544,0.0010527232349145958,0.0008179252808176976,0.02280489592956515,0.004962360860965915,1.3263573600487453e-07,5.5064684979580665e-05,3.3572574933113175e-06,5.007020820237729e-05,0.0003419218303150922,0.9650455098423244,2.4551524090169977e-06,2.220133934496739e-05,0.00010117595019612977,0.00047427546312551593,6.988952238212203e-07,4.094889792452219e-06,3.061800426218911e-05,5.233939545148886e-05,0.0012331431438976483
59,1.2446920978097353e-07,1.6082400764832823e-06,9.667074335159532e-05,6.02195241791713e-05,1.7209977913089612e-06,0.0026129741232707848,0.000952494928684918,0.0008037787000869237,0.021368902679942136,0.005279121829486347,1.2013039104725355e-07,5.1281565790654364e-05,3.186948594908171e-06,5.150633778248301e-05,0.0003130505011291806,0.9665136442135266,2.4777018898769133e-06,2.0816717412729512e-05,9.102523490395141e-05,0.00046478950667714177,6.801251700297209e-07,3.83071781162505e-06,2.9059591688036597e-05,5.019029541837527e-05,0.0012267241757338914
60,1.291600597274363e-07,1.5264014603488928e-06,8.367279086892369e-05,6.005881283268511e-05,1.4988878742029872e-06,0.0028046653572510833,0.0010030815348517693,0.0009573009162038936,0.02023769200138876,0.005091732760825991,1.2303183281117602e-07,5.065176371245243e-05,2.970881858690583e-06,4.573905387462836e-05,0.00033164921398431757,0.9676377839092053,2.4138021564877625e-06,2.1470017696052004e-05,0.00010122104873988315,0.000395744196023953,6.272374332498312e-07,4.223210284455782e-06,2.6479001708083655e-05,3.8371704505799255e-05,0.0010991733033663598
61,1.4314925586636659e-07,1.7294486184621057e-06,0.00010859773660952436,6.44079535202248e-05,1.8784942800948017e-06,0.0028260676426966383,0.0010147822971682708,0.0008727172861354413,0.023451774837989495,0.005639701082249112,1.345643278537767e-07,5.573694620791318e-05,3.3885045658164976e-06,5.700923232499587e-05,0.0003203389289777835,0.9635823700644763,2.6509425909653965e-06,2.29699266782154e-05,9.49725015340043e-05,0.0004707626250435713,7.494795819122488e-07,4.097598829355806e-06,3.1812711107640586e-05,5.4230159254011367e-05,0.0013169758859765755
62,1.291600597274363e-07,1.5264014603488928e-06,8.367279086892369e-05,6.005881283268511e-05,1.4988878742029872e-06,0.0028046653572510833,0.0010030815348517693,0.0009573009162038936,0.02023769200138876,0.005091732760825991,1.2303183281117602e-07,5.065176371245243e-05,2.970881858690583e-06,4.573905387462836e-05,0.00033164921398431757,0.9676377839092053,2.4138021564877625e-06,2.1470017696052004e-05,0.00010122104873988315,0.000395744196023953,6.272374332498312e-07,4.223210284455782e-06,2.6479001708083655e-05,3.8371704505799255e-05,0.0010991733033663598
63,1.2240239291909277e-07,1.6470272201302372e-06,8.041500006285092e-05,5.8086113632423816e-05,1.4274313418687703e-06,0.002635185236721402,0.0009458501940378228,0.0009322492409340298,0.019701085958299093,0.005209801225882723,1.1803838972192818e-07,5.035522056182965e-05,2.881072779703377e-06,4.633229962800164e-05,0.0003298965869089796,0.9683024940469191,2.4416323282444173e-06,2.0248248195643393e-05,0.00010277590377197552,0.00038118632849048795,6.163497643434534e-07,4.287587052311143e-06,2.5493488110258427e-05,3.830530116827054e-05,0.0011266980654055952
64,1.3510484200006784e-07,1.6409340235806094e-06,9.576903334832199e-05,5.8930037313763665e-05,1.6822764010869244e-06,0.002648406076572469,0.0011403135739758684,0.0009689377316871858,0.019838606301118236,0.00511638803550688,1.3899657950732794e-07,5.2820146158035564e-05,3.3234884702893853e-06,5.458356171885702e-05,0.00031083576517650265,0.9678656917654891,2.849545472701563e-06,2.5105514869626345e-05,0.0001143795368999705,0.00042965813441490696,9.019346778551758e-07,4.261378910418678e-06,3.083321904991126e-05,4.364752070453004e-05,0.0011901603866182114
65,1.085260217293422e-07,2.5843164753901147e-06,0.00013315868837177587,4.8092483888083824e-05,1.5303267526110875e-06,0.0015559448251129789,0.000727863966279043,0.0008807714251300341,0.0322863533844804,0.007843575340587158,9.928335522136266e-08,6.150625287593649e-05,3.774691326649368e-06,0.00011296555663595249,0.0002505899963677894,0.9535101648466622,1.8870940810663444e-06,1.8184708043343066e-05,6.115641309387918e-05,0.0006236012056589834,5.883100929942567e-07,4.68812198232049e-06,1.9382489835666012e-05,6.1025233208767394e-05,0.001790402513680165
66,1.424179784515006e-07,1.936729941686685e-06,7.729567675786595e-05,7.803182209470356e-05,1.907930482062455e-06,0.004059474987117075,0.001185336175634119,0.0009866312723154943,0.027658670145272846,0.005738039712798069,1.5003803699215818e-07,6.0648817090111906e-05,2.5176592616379475e-06,5.4300789938622833e-05,0.00047389480277143113,0.9575191955417842,3.0983894050451145e-06,2.267800487462864e-05,0.0001400363891285745,0.0003302423990725777,7.301290969065831e-07,5.019260007285656e-06,4.197096587179174e-05,4.750424093078993e-05,0.001510545702336923
67,1.60639733027563e-07,1.9066428775699398e-06,7.082952023403412e-05,6.301837646929042e-05,1.8643032370108048e-06,0.0037574660597085646,0.0013680373269500904,0.0012214367918669418,0.0314050604162352,0.005039367294445339,1.6936861400655497e-07,7.660746620988288e-05,2.9978237738722106e-06,5.0798101963433604e-05,0.0004863327406228238,0.9544137790952391,2.368047075615187e-06,1.9447047479825978e-05,0.0001322192300166441,0.00030809279964621767,5.971780277467871e-07,7.068180113956831e-06,2.3692991684626757e-05,3.81754156668179e-05,0.001508507142108709
68,2.756164554362969e-07,2.0252169640857344e-06,3.387485218236165e-05,6.079240860916721e-05,9.190731729043362e-07,0.0034313520484640534,0.0013483155037984844,0.004506131641324065,0.007958128336682994,0.0037893455488217224,3.2941697984173904e-07,4.622682893510404e-05,2.7708565367800876e-06,2.4742143595947136e-05,0.0005164922591837789,0.9770044767157468,4.905819869011962e-06,4.101416128142634e-05,0.00048813270816606535,0.00012619511050145164,1.3920949911221723e-06,1.6013418217697714e-05,1.7601918315909612e-05,8.099414893405283e-06,0.0005704468863101924
69,6.828350657141003e-08,1.1146161856200756e-06,0.00011749961785607836,4.327060919045594e-05,7.044519071119519e-07,0.0011954118950639418,0.00057328722045764,0.0010251091702036133,0.009758853398007196,0.006477880309577249,7.142526752998621e-08,2.7132441552054665e-05,3.142356823143184e-06,6.744654782104893e-05,0.00012704312091887644,0.9790804602427463,1.7716847230550329e-06,3.41126423997555e-05,6.324657872647954e-05,0.0007020359193423188,8.078343182946064e-07,2.034738825772026e-06,2.0866828169347766e-05,2.812058700364883e-05,0.0006485074794069533
70,9.571842444884735e-08,1.3591164492742478e-06,5.823265802283433e-05,4.147446468689808e-05,8.465437558347956e-07,0.0022981342941611844,0.0007862217395025939,0.0008399415912209727,0.013743280966947538,0.00460458938204425,9.578632014001312e-08,4.092575181074801e-05,2.2946880790634113e-06,3.4127891933595375e-05,0.00026583644801595586,0.9758814696527899,2.2180641977532105e-06,1.8753978001133317e-05,0.00011094900636748359,0.00028482662196100046,5.471500799392265e-07,3.914397511779278e-06,2.0314972442006344e-05,2.8111383272240262e-05,0.000931437732001304
71,5.456079032130815e-07,1.4451077791236072e-06,9.194676079271628e-05,8.605481196943525e-05,1.0856971194045718e-06,0.008620623365502225,0.0010056576401287437,0.0017998203744579787,0.015107975617455036,0.0049908987699267965,2.70518223980613e-07,8.076642007501547e-05,3.1088094752074993e-06,2.0479868793900887e-05,0.0006484262771107136,0.9661501759220924,4.626771447031091e-06,2.2814751340832105e-05,0.00015393334172676617,0.00015799655692094026,4.6314817093632493e-07,1.003578158768756e-05,3.0138777187566306e-05,2.2307888070151364e-05,0.0009884014147422365
