,0,1,2,3,4,5,6,7,8,9,10,11,12,13,14,15,16,17,18,19,20,21,22,23,24
0,3.8194908317148974e-05,7.146040139479279e-07,2.790824981740723e-07,0.0029018734152113377,1.25495255494417e-05,0.0020064111696763637,0.09416324092147854,0.017701378255151348,0.02696635306275827,0.0006101040369999914,3.3291602682989845e-06,1.2206903639755828e-05,0.001395015708884646,0.0001386050902445999,9.07087886783695e-06,0.8329120591821506,0.0104286166468116,0.0005073715789448158,7.179108478199308e-05,0.001218560735983555,4.927841040731572e-06,6.155944729442686e-05,0.008708594347909734,3.115315213932481e-07,0.00012688088000128463
1,3.117838585687213e-05,8.341723095286036e-07,3.979458086994836e-07,0.00404007602392544,1.3299435449665232e-05,0.005091666263251247,0.19049290279865008,0.022779322695117135,0.016064217662164145,0.0006163243340846755,5.963805056608153e-06,3.1186922368861556e-05,0.002069063921541846,0.000426657084915169,2.520268085643673e-05,0.7028950915608847,0.015560972442518136,0.0010608350719161312,0.00010192838308581222,0.004418246505424741,2.0696701416703433e-05,0.0001682333068050418,0.0337231724792008,4.1319427053409704e-07,0.0003621162231207092
2,3.5497018823700285e-05,5.370041591893609e-07,3.4333404286916617e-07,0.0022947812917523125,1.2800898137075233e-05,0.0027234703541447157,0.10056505529474631,0.02119192755841366,0.025568577571376067,0.0007968131102738813,2.4975333719527895e-06,8.402472339175236e-06,0.0010486248345889062,0.00011687652841913231,1.2701347705688544e-05,0.826542098572366,0.005793305752760338,0.00042344901378495235,0.00010283802428934142,0.0027203052395472853,6.009847016967464e-06,6.92170135854208e-05,0.00983152989460474,4.007330336440557e-07,0.0001319397567166815
3,2.8577692973597143e-05,4.80031682386146e-07,2.6207769224807967e-07,0.0021729650323710436,9.381527259939189e-06,0.0024925620854261282,0.0798403249691843,0.01643871223692343,0.01846684907594498,0.0005870703813548274,2.4548516928007783e-06,8.95474432678742e-06,0.001104507606161255,9.061240728664132e-05,9.114330048118938e-06,0.8628446096401012,0.006330577017241604,0.00036742507231774137,7.833979559216667e-05,0.0016404226773939995,5.026613880867573e-06,4.489133811300463e-05,0.007351934353113438,2.887469506806298e-07,8.365569496693202e-05
4,2.7648877828407166e-05,5.431122884813464e-07,2.6268882844520646e-07,0.002244290976057923,1.002008404531481e-05,0.0024425094211117104,0.07826898233100281,0.01587603392708367,0.017501985946526216,0.0005399521633688333,2.8640815831802605e-06,1.1168287295848084e-05,0.0013774689028726594,0.00010032945473737661,8.546205205971004e-06,0.8652926677378947,0.006920379115403822,0.00039521707287219814,7.899321976143829e-05,0.001534326162681946,5.090290126958567e-06,4.454616251101009e-05,0.007234994858069862,2.6636379790322053e-07,8.091255704375374e-05
5,3.147958434529752e-05,3.8045997205699336e-07,2.5566223268503684e-07,0.0024751303730447616,8.093631755304371e-06,0.002205751613835614,0.07757304089061384,0.016178348395903715,0.01765377454861397,0.0006555404635385819,2.1934870455499126e-06,9.044541785371403e-06,0.0010418341743664435,9.718717132785337e-05,7.011968603178446e-06,0.8651703753958416,0.006911254771656463,0.0005260930337833595,6.167767914647194e-05,0.001926661672682807,4.806359708568049e-06,4.225765829354437e-05,0.007326706898667628,3.375491260276768e-07,9.076201410925288e-05
6,2.8577692973597143e-05,4.80031682386146e-07,2.6207769224807967e-07,0.0021729650323710436,9.381527259939189e-06,0.0024925620854261282,0.0798403249691843,0.01643871223692343,0.01846684907594498,0.0005870703813548274,2.4548516928007783e-06,8.95474432678742e-06,0.001104507606161255,9.061240728664132e-05,9.114330048118938e-06,0.8628446096401012,0.006330577017241604,0.00036742507231774137,7.833979559216667e-05,0.0016404226773939995,5.026613880867573e-06,4.489133811300463e-05,0.007351934353113438,2.887469506806298e-07,8.365569496693202e-05
7,3.7224836711707164e-05,6.260853440622669e-07,4.145821292761721e-07,0.0021051623965765167,1.0229386773362229e-05,0.0020267032384573744,0.09154149446731719,0.025161837686254584,0.017185991685762913,0.0005431845795952221,3.4487360348623127e-06,1.0424698806723959e-05,0.002246603717219868,6.735671907348021e-05,9.505293716020199e-06,0.8450990896582691,0.006714616099876747,0.00034487897748863654,0.00012365380156317758,0.0015242684350909327,4.637605575868221e-06,4.893752912533036e-05,0.005131263543573628,2.63064782386394e-07,5.818317488079264e-05
8,4.2176710702180745e-05,6.239101757941671e-07,4.195712682355971e-07,0.003320695185108524,1.271835211840343e-05,0.0030123783886132813,0.10687218156395513,0.017734347361330154,0.03482055126877229,0.001156559275711341,3.0304120964973605e-06,6.639051639802063e-06,0.0008299743648354958,0.00016029677978361806,1.734555667931924e-05,0.8111850413923004,0.00697137074983578,0.0004536584884231939,7.394728863216746e-05,0.0023106328400087106,6.53516615870514e-06,7.72116821145341e-05,0.01075237580114695,9.007927356835705e-07,0.0001783880458536929
9,3.256852087620714e-05,3.7223983666350377e-07,4.492115784445161e-07,0.003304476320345629,8.996766449830115e-06,0.002743800254059397,0.06252621076439448,0.02057393017879827,0.0209509275328538,0.0008931406190004627,2.6419287654530543e-06,6.599940083719075e-06,0.0010101212052612228,0.00010792710718612746,1.0770735613355872e-05,0.8693790893279971,0.007224396347344106,0.0003830959697014355,7.277108685612574e-05,0.0023629501292086975,5.757616241498233e-06,5.598603348020844e-05,0.008268314385069487,6.072274170758071e-07,7.409855158111815e-05
10,2.8577692973597143e-05,4.80031682386146e-07,2.6207769224807967e-07,0.0021729650323710436,9.381527259939189e-06,0.0024925620854261282,0.0798403249691843,0.01643871223692343,0.01846684907594498,0.0005870703813548274,2.4548516928007783e-06,8.95474432678742e-06,0.001104507606161255,9.061240728664132e-05,9.114330048118938e-06,0.8628446096401012,0.006330577017241604,0.00036742507231774137,7.833979559216667e-05,0.0016404226773939995,5.026613880867573e-06,4.489133811300463e-05,0.007351934353113438,2.887469506806298e-07,8.365569496693202e-05
11,2.742892426161892e-05,4.876962163655285e-07,2.624045167437531e-07,0.0021763285241026666,9.257433006641849e-06,0.002452613816120919,0.07756926006497139,0.016567998596244016,0.017548379072435158,0.0005516314577126077,2.509270928570128e-06,9.586843876855226e-06,0.0012151887208602821,8.945686565662657e-05,8.69045056661549e-06,0.8661287937697547,0.006547361888717301,0.0003661974213249161,7.81919005975457e-05,0.001567696646734112,4.809925785611394e-06,4.362891115306588e-05,0.006956088242849556,2.7097446838738597e-07,7.788017713771975e-05
12,2.5646205770495652e-05,2.0770140339202982e-07,2.62100941024222e-07,0.001768459625808171,2.0819591873427726e-06,0.0013491361963372517,0.05902640319187324,0.03904083714385049,0.01478432217607158,0.0007425728684433136,1.59925157151242e-06,2.967650642618883e-06,0.0008751075437772044,1.962285474189842e-05,9.621648274746245e-06,0.8722060211112185,0.006985920273507555,0.00010558250007144264,8.978481558170687e-05,0.0006947576631528106,3.1445711201753377e-06,6.041509196345734e-05,0.0021884697658197524,2.906664584970706e-07,1.6765422411827596e-05
13,2.7220318520266444e-05,6.094507803633585e-07,2.8687125037753244e-07,0.0026297365825003333,1.1363495413019218e-05,0.002615636983310152,0.07828373924281813,0.015214154184301444,0.016449263117724256,0.0004734425333101486,4.726515166006889e-06,1.217780296222171e-05,0.0017037654718351878,0.0001128650332068884,1.1316005478241184e-05,0.8640277507510258,0.0073242428633055814,0.0003405643663355814,8.819532052256918e-05,0.001356092747094325,6.37223685309686e-06,4.482132346489332e-05,0.009191602693862362,3.085549068829236e-07,6.9745534051991e-05
14,2.0240112830143845e-05,6.156221496195293e-07,1.9130171721232115e-07,0.0013494762731134536,1.1620232144808973e-05,0.0027227032700285246,0.0738966736658158,0.00968086164108489,0.011433686150814302,0.00043405896876598906,3.1073111697000575e-06,1.2836208748641913e-05,0.001327718610368365,9.206655481649781e-05,8.469889584980842e-06,0.8869725087647341,0.0041635336704365184,0.0002971178113096017,0.00010169974910526866,0.0013343247344101798,5.330853162993835e-06,3.455916601793333e-05,0.006027349955912799,1.6372510185600037e-07,6.908575665574122e-05
15,2.8577692973597143e-05,4.80031682386146e-07,2.6207769224807967e-07,0.0021729650323710436,9.381527259939189e-06,0.0024925620854261282,0.0798403249691843,0.01643871223692343,0.01846684907594498,0.0005870703813548274,2.4548516928007783e-06,8.95474432678742e-06,0.001104507606161255,9.061240728664132e-05,9.114330048118938e-06,0.8628446096401012,0.006330577017241604,0.00036742507231774137,7.833979559216667e-05,0.0016404226773939995,5.026613880867573e-06,4.489133811300463e-05,0.007351934353113438,2.887469506806298e-07,8.365569496693202e-05
16,2.4288742459753554e-05,3.455542095012472e-07,1.6052636399396692e-07,0.001969422503011226,5.959856896875403e-06,0.0021820518112371334,0.07667522789951006,0.01109798266843921,0.010902122115122693,0.0007210799433274872,1.9694562306444754e-06,1.1621003435769606e-05,0.0007967692816488075,0.00010396167477851467,5.975424449080604e-06,0.8797390641668534,0.006458637545980848,0.0005836716906071676,5.2815674252175456e-05,0.0016888361785185998,7.54277336658147e-06,4.1292322352538444e-05,0.006832547017752986,2.279382480647295e-07,9.642623094664901e-05
17,3.080224278112046e-05,4.991819559770994e-07,2.614506273518219e-07,0.002216346098255574,9.393319757782089e-06,0.0023885780796917278,0.08218808446809714,0.01713394927802775,0.01777345703693291,0.0005830153914291085,2.555371901183756e-06,1.1399196602728249e-05,0.0012598950759270722,0.00010533381404859922,8.228482851867423e-06,0.8582430555925459,0.00733442562536098,0.00047708346192620345,7.977607511049915e-05,0.0018288851996669613,5.47077725150089e-06,4.9863324701909207e-05,0.00817095859345672,2.7494947625925393e-07,9.840791161515349e-05
18,1.9075332521258263e-05,3.3796601568333054e-07,2.959012955083155e-07,0.0021648404231776647,1.1572443612613117e-05,0.002187021590671868,0.06231749604839689,0.01588997562204647,0.014221367840283033,0.00041877426600869463,2.2762438595001843e-06,4.559252626274702e-06,0.0009113295405396593,4.891544553790732e-05,1.0729859807791086e-05,0.8921866881460174,0.003076573494353752,0.0001488245208379348,8.114906031579021e-05,0.0011801136145126736,3.928137244777052e-06,2.4422132026188353e-05,0.005056105735021276,2.4106449358714504e-07,3.3386318775747364e-05
19,2.586609415655839e-05,5.098718915035373e-07,3.0225011486912853e-07,0.002359446292526991,1.1611962754796424e-05,0.0022099916977973573,0.0895557703831027,0.018986513717231486,0.01930006910325249,0.0005414161479995985,2.5308952788028557e-06,1.0297479650938222e-05,0.0014270727216126177,9.460316517083167e-05,8.857845719598477e-06,0.8506115496841317,0.006286689551113396,0.0003706933080612625,8.34559428454364e-05,0.0016974193242173027,4.51066448500483e-06,4.9171099864126504e-05,0.0062828286503294195,2.588381946394492e-07,7.856330849652428e-05
20,2.5607911765170915e-05,5.380045978908742e-07,3.394750113297745e-07,0.0024706942845378766,9.961618892282898e-06,0.0030034656777500105,0.11215117863611482,0.024917052772153017,0.01937761804900131,0.0006346628915405284,3.2650397818627923e-06,7.706194223243092e-06,0.0011009569973764316,8.956052463373038e-05,2.1831692343879216e-05,0.8183225036330299,0.0060727836551995335,0.00023113729135290165,0.00011252057292877352,0.0018082042357460129,7.897732192680686e-06,7.892979046682173e-05,0.009467379206235107,3.6928366964599116e-07,8.383482945530548e-05
21,2.9557799448746682e-05,4.858289010737823e-07,2.509908993805668e-07,0.002236016582967118,1.0119001137434637e-05,0.0023321047267268707,0.07042648913699623,0.014132047253672021,0.0172489224617915,0.0006520338406472001,2.6416280201662927e-06,9.872348515749139e-06,0.0011009470103094778,9.887483085674456e-05,7.746980972999744e-06,0.8763377497661943,0.005976484714576801,0.0004125181983833166,7.43971069193365e-05,0.0016548924834754002,5.7166747674793574e-06,4.0941980052989325e-05,0.007126434669813212,2.971141345147814e-07,8.245686981979749e-05
22,2.2476622949733034e-05,1.094200909364467e-06,2.344539711193066e-07,0.001514476837763607,2.3143635265012488e-05,0.0033446220585912384,0.15917986550047974,0.01710557410690343,0.03393707238897045,0.00033168437607599473,2.3693890704141975e-06,7.716487112891764e-06,0.0012762818068956013,9.009116129036194e-05,1.932868650556249e-05,0.7676179612395276,0.0031735569366723036,0.00020682296820938317,0.0001085084740053077,0.0015345005094248097,3.692430866311615e-06,3.79838369034737e-05,0.01030270189148543,1.9835142686174325e-07,0.0001580416487235912
23,2.8577692973597143e-05,4.80031682386146e-07,2.6207769224807967e-07,0.0021729650323710436,9.381527259939189e-06,0.0024925620854261282,0.0798403249691843,0.01643871223692343,0.01846684907594498,0.0005870703813548274,2.4548516928007783e-06,8.95474432678742e-06,0.001104507606161255,9.061240728664132e-05,9.114330048118938e-06,0.8628446096401012,0.006330577017241604,0.00036742507231774137,7.833979559216667e-05,0.0016404226773939995,5.026613880867573e-06,4.489133811300463e-05,0.007351934353113438,2.887469506806298e-07,8.365569496693202e-05
24,2.024726224133763e-05,4.061646463496326e-07,2.2176333677905056e-07,0.002341914479168342,1.1110784353555223e-05,0.0020737624859788212,0.06323317052386535,0.01247071879264792,0.014245837082175585,0.000448566342880815,2.3696821810087405e-06,9.72488061565094e-06,0.0012253048638663651,0.00010146996367459635,6.312527543359279e-06,0.8903822827036114,0.005226107461870976,0.00037096746527455916,5.7916240211138875e-05,0.0014023622490012366,3.934001418137213e-06,2.99745326504345e-05,0.0062706733048952055,2.228433568086016e-07,6.44215985341055e-05
25,3.158373606824081e-05,8.42012867430168e-07,2.853824504227724e-07,0.0019367331016859712,1.2457231997436957e-05,0.004522307461502345,0.08077458181217873,0.011867797811897968,0.032636779417947535,0.0007771713947798131,2.209257536324117e-06,9.88376819555274e-06,0.0008877412497956249,0.00013512814881508388,1.0820347019971193e-05,0.8475261873397166,0.007237330985732403,0.00039626566395270204,7.749192100040396e-05,0.001963943256167366,5.0607661170725066e-06,5.235764088468159e-05,0.008975701376944997,3.9372099686281743e-07,0.00015894519374839164
26,4.4741962291743404e-05,5.850874656484581e-07,3.3130035556129604e-07,0.0029229306697748547,1.1544278294112818e-05,0.0027188960477009705,0.07726887337535714,0.021759556549695278,0.03794563715118012,0.000572193436909674,2.6810860983430816e-06,7.297041587977735e-06,0.0011250032164194488,8.444681828857836e-05,1.0619236808033382e-05,0.8338623948004451,0.00800613613766432,0.00037821022652607895,7.145930264224583e-05,0.0018912330729820208,4.270942135322769e-06,4.2655326923620734e-05,0.011160109272702588,5.619743270500753e-07,0.00010763168542439896
27,2.7306258802006365e-05,4.0833828032856866e-07,2.4407749610034865e-07,0.002064312722944839,8.749601639479807e-06,0.002132467665081829,0.06454836966523035,0.014561324229087234,0.012963105242810623,0.0004931706423919808,2.3299457060901848e-06,9.858640246480057e-06,0.0011595577801092026,8.059556031640452e-05,6.519662731671966e-06,0.8876764072769846,0.005886085665023899,0.00039934649831634383,7.438505002757254e-05,0.0014303300556268036,4.911404367921327e-06,3.260563672456209e-05,0.006372608032299371,2.129854653967555e-07,6.478736228917346e-05
28,2.8577692973597143e-05,4.80031682386146e-07,2.6207769224807967e-07,0.0021729650323710436,9.381527259939189e-06,0.0024925620854261282,0.0798403249691843,0.01643871223692343,0.01846684907594498,0.0005870703813548274,2.4548516928007783e-06,8.95474432678742e-06,0.001104507606161255,9.061240728664132e-05,9.114330048118938e-06,0.8628446096401012,0.006330577017241604,0.00036742507231774137,7.833979559216667e-05,0.0016404226773939995,5.026613880867573e-06,4.489133811300463e-05,0.007351934353113438,2.887469506806298e-07,8.365569496693202e-05
29,2.8577692973597143e-05,4.80031682386146e-07,2.6207769224807967e-07,0.0021729650323710436,9.381527259939189e-06,0.0024925620854261282,0.0798403249691843,0.01643871223692343,0.01846684907594498,0.0005870703813548274,2.4548516928007783e-06,8.95474432678742e-06,0.001104507606161255,9.061240728664132e-05,9.114330048118938e-06,0.8628446096401012,0.006330577017241604,0.00036742507231774137,7.833979559216667e-05,0.0016404226773939995,5.026613880867573e-06,4.489133811300463e-05,0.007351934353113438,2.887469506806298e-07,8.365569496693202e-05
30,2.8577692973597143e-05,4.80031682386146e-07,2.6207769224807967e-07,0.0021729650323710436,9.381527259939189e-06,0.0024925620854261282,0.0798403249691843,0.01643871223692343,0.01846684907594498,0.0005870703813548274,2.4548516928007783e-06,8.95474432678742e-06,0.001104507606161255,9.061240728664132e-05,9.114330048118938e-06,0.8628446096401012,0.006330577017241604,0.00036742507231774137,7.833979559216667e-05,0.0016404226773939995,5.026613880867573e-06,4.489133811300463e-05,0.007351934353113438,2.887469506806298e-07,8.365569496693202e-05
31,4.2760542574676584e-05,4.5558341509873334e-07,3.2898483256667434e-07,0.0020902309827305994,9.646549614410384e-06,0.0018565554925465864,0.08061370718688776,0.02424384374974036,0.017300493105678896,0.0005872074642692008,2.1425959745028395e-06,1.0620582967508543e-05,0.0013601702189578288,8.022374398759586e-05,7.132500714331496e-06,0.854621496845574,0.006846363253323932,0.0005473841951736074,0.0001029891844858913,0.002095940962874196,5.056309768104591e-06,4.922436532642402e-05,0.0074274739145774905,2.587126385887731e-07,9.829297136601891e-05
32,2.793702509335411e-05,4.871379699946694e-07,2.7265860157245723e-07,0.002056444653963315,9.696807506180836e-06,0.0025572475165559477,0.07985279699026712,0.016785964918263906,0.01740900923629775,0.0005772441368505969,2.4870001577661317e-06,9.290074150034629e-06,0.0011280027458782451,9.036217512710843e-05,9.564101531880895e-06,0.8637534000384086,0.006069623808535044,0.0003554852581409266,8.840049703875924e-05,0.001712558890477709,5.208982183429193e-06,4.721220990580656e-05,0.007367884274138929,2.747352393181218e-07,8.31441277166217e-05
33,2.8153012570055256e-05,4.745212969815152e-07,2.584319299165626e-07,0.0021557527880687903,9.16216675787501e-06,0.0024627977109837437,0.07937133634439812,0.016405912715249205,0.018163437523989905,0.0005815264946149917,2.426256234345103e-06,9.079168342132456e-06,0.0011190387152524553,9.029891155607006e-05,8.85693506928307e-06,0.8637944669295602,0.0064218967522580725,0.0003705403702787735,7.726919073750074e-05,0.0016210157843563236,4.9208027496083984e-06,4.485083507087471e-05,0.007174070302157713,2.810993131629604e-07,8.217623720386982e-05
34,4.2059863737028215e-05,6.992094978729974e-07,3.3537977822507885e-07,0.0021518677598298852,1.2669732507417593e-05,0.0024430333507715345,0.08572527452527968,0.019646762312207033,0.0242040861734239,0.0006332345560380779,3.359504934052394e-06,1.0328234664687708e-05,0.0014021697396003647,9.561381799209463e-05,1.1265871876335382e-05,0.8463230686586746,0.006466497789970758,0.0003829264678946245,0.00011985499022778044,0.0017263810166534726,5.639048553670128e-06,5.409693321771064e-05,0.008436098285747623,3.604505765199576e-07,0.00010231632634521021
35,7.648656681876758e-05,3.914205437227518e-07,2.1173470797082507e-07,0.0016541586500291162,4.337676759428486e-06,0.0009635821251928291,0.06898885146793264,0.028953103068432573,0.02320827125687203,0.0008113830877353904,1.3003436965745329e-06,1.0135275347361118e-05,0.001213524108865088,4.540165054245263e-05,2.8308584768568064e-06,0.8579849808869566,0.010346908611966415,0.0008276258636345806,7.591051744667435e-05,0.0013261125885663818,2.859392292519538e-06,4.520789526021353e-05,0.003375038915510306,2.2892740591367047e-07,8.115710900774732e-05
36,0.00028409286340840115,4.1566326181162405e-06,5.349514436282158e-06,0.00630936197190462,0.0005306625533747092,0.006403833022549525,0.200551410426449,0.017161573494777323,0.040232512641455075,0.005159049101621713,3.2275164763664604e-05,7.111801648775892e-06,0.00105912482717108,0.0004862865766039567,0.0001484491573925589,0.6431195548047972,0.0007428732663993341,0.0006053682107054791,0.0012605170973082776,0.014626092860188018,0.00022117856722577917,9.288031631222288e-05,0.06011422928145615,5.166067376489065e-06,0.0008368897780562632
37,4.565057672088602e-05,4.045400125904373e-07,3.577541938796526e-07,0.0028840953866882965,8.849237802155449e-06,0.0019442120325626902,0.08087610994031451,0.018446831047804257,0.017945836246775267,0.0007530111735715344,2.913650470803154e-06,9.219683413907484e-06,0.0011927102324682654,0.00010057361847328326,8.081434132068733e-06,0.8581189991800755,0.007341315634021346,0.0006250345854100263,7.536042031766958e-05,0.0020371171092189036,5.346938153440272e-06,4.692226317782573e-05,0.007436393996265157,5.020702544433323e-07,9.415124770143502e-05
38,7.6379189739624e-05,1.2831053663090036e-06,5.654078124506324e-07,0.004113286302050966,2.3724279029375877e-05,0.0025101701580503644,0.11905553800600703,0.02548870952917858,0.0695943689852272,0.001449914310837369,4.072057187622259e-06,1.594481020387347e-05,0.0017203845879730836,0.0002649377658922594,1.156334601902125e-05,0.7467262638223535,0.01255612779298634,0.0009556240868478218,0.00010131950870534666,0.003067532412931181,7.457112755279314e-06,0.00012372382309410728,0.011825864887704486,8.145552470786587e-07,0.0003044301567997032
39,2.4092449829647993e-05,3.5480601550833966e-07,2.1877711147789594e-07,0.0019820638547756227,7.168437074021263e-06,0.0022961933638514487,0.0798899660248234,0.018937551551556173,0.01343182142449953,0.0004609850681465595,1.898469730640754e-06,8.266047467319965e-06,0.0009912037294679433,6.723152784501411e-05,8.6697500120523e-06,0.8660307441709153,0.006011907664712725,0.0003278830056941211,7.584671087373645e-05,0.0015979777729404092,5.2423811832524455e-06,4.0884928470428684e-05,0.007727376090196555,2.0704938579002587e-07,7.424494342137897e-05
40,3.107914832673359e-05,8.90680649966135e-07,5.298617232926048e-07,0.00225254255089063,1.9477698894663056e-05,0.004018579090698673,0.09045067580791503,0.01548644567203537,0.020170078603393406,0.0007039300685256268,3.816477443064297e-06,1.4045412236323758e-05,0.0014555323184940283,0.0001621392672201878,1.60202378282257e-05,0.8469096984718307,0.0063772077640583645,0.00040123458339947,0.0001377123360582232,0.002444200514542538,7.2250750333101335e-06,7.288405025510402e-05,0.00874443088953767,3.6636460968854974e-07,0.00011925705439981888
41,5.768595452057791e-05,2.687295416076646e-07,3.0461607225768725e-07,0.0018125741675343032,4.395397101566019e-06,0.0018264670653819683,0.17965507837333528,0.029763123132288637,0.005628265657861927,0.0008792281746200671,4.136192757519244e-06,2.538722630091564e-05,0.001254637806464284,0.00015380835558131303,1.5521096573865074e-05,0.743733364515533,0.009272896662318229,0.0015113524103053813,0.0002480905065029157,0.0054006286273371555,2.5806237466055042e-05,0.00020111285367761266,0.018284963553264286,3.3160933856663267e-07,0.00024057107832058008
42,2.678991487908662e-05,4.497174960287244e-07,3.4424076781556863e-07,0.0018687724759747784,7.956321440257114e-06,0.002221642267007189,0.0725466806067977,0.026692003182183156,0.015503072448130007,0.0006386728561436089,2.2985709107792238e-06,9.417528367880232e-06,0.0011981801654079537,6.512827859593718e-05,1.1126598736976864e-05,0.8649567724563515,0.006649911763999964,0.0002498898935756778,0.0001313527937351178,0.0016558009792213293,6.077390351755341e-06,7.414803886646775e-05,0.005428692266556858,2.3366664578299112e-07,5.458557785651104e-05
43,2.8612085934906357e-05,1.300450126977856e-06,2.0927175529816783e-07,0.0020217834181711454,1.4864885559336599e-05,0.0022107366095661975,0.15093482217628168,0.013694461671567936,0.008591985227548777,7.572013895400333e-05,5.504853591378214e-06,5.914245982634014e-05,0.005083991925768767,0.00014396005990400046,7.683988585030676e-06,0.7913331776228544,0.011759034173305635,0.0007884634647903185,9.747190767228166e-05,0.0006456120950161205,4.205062683862796e-06,2.7397191450476022e-05,0.01234703105274907,7.727215663732118e-08,0.00012275093417947212
44,2.8577692973597143e-05,4.80031682386146e-07,2.6207769224807967e-07,0.0021729650323710436,9.381527259939189e-06,0.0024925620854261282,0.0798403249691843,0.01643871223692343,0.01846684907594498,0.0005870703813548274,2.4548516928007783e-06,8.95474432678742e-06,0.001104507606161255,9.061240728664132e-05,9.114330048118938e-06,0.8628446096401012,0.006330577017241604,0.00036742507231774137,7.833979559216667e-05,0.0016404226773939995,5.026613880867573e-06,4.489133811300463e-05,0.007351934353113438,2.887469506806298e-07,8.365569496693202e-05
45,5.388009376429945e-05,9.862921700494078e-07,3.1533274779555994e-07,0.002671398694385092,1.5004194331175601e-05,0.002974318232257499,0.07549567981448752,0.013508829228638814,0.029314039007093794,0.0008835699682578015,3.902762130910117e-06,2.2028200333566742e-05,0.0016579289697211009,0.00021904922521934802,6.635324370874807e-06,0.8452682647690868,0.01165133550278347,0.0010105581693301549,8.65565792883011e-05,0.0024047405405851967,8.089126987072506e-06,6.370839846543053e-05,0.012466946208023234,4.0708210120510354e-07,0.00021182828343947326
46,2.7515134079883606e-05,4.2072224919349994e-07,2.447329708587511e-07,0.0022581340367731307,7.285130752058096e-06,0.0024623624118990037,0.06992821620241164,0.016805371144512544,0.016704961880524182,0.0005476879412730594,2.3129600563849922e-06,9.102334197158845e-06,0.001104248362391775,8.077507064415669e-05,7.938752124439971e-06,0.8735507946128157,0.00753345038295677,0.0003666058578673687,6.811810934997878e-05,0.0014895617362085177,4.778150244202887e-06,4.2149886166777104e-05,0.006927881304503572,2.809140091346404e-07,6.980222901857221e-05
47,4.585425126984232e-05,6.781085700749701e-07,2.734418126231869e-07,0.0014303800300087982,6.953546035798818e-06,0.0022078682479476364,0.0954704998162777,0.023905268860863065,0.02177235353748749,0.0007755894687187116,2.0919302982024157e-06,1.4090238024555555e-05,0.0013092254423472918,7.454324826991502e-05,8.447766228210786e-06,0.8358647291278083,0.009073140174121228,0.0004923679547548703,0.00012896566564943478,0.0018484573737286467,5.264966380319776e-06,8.422516579902238e-05,0.005367915604098518,2.5132453454628414e-07,0.00011056470896512055
48,2.3550806384447856e-05,4.2914221949038326e-07,2.1997735797828193e-07,0.0018261585830570849,6.013660193914414e-06,0.0025042107738592794,0.07224205969410605,0.018470125777161367,0.014457007033189353,0.00041426508413495777,2.0858089852293167e-06,8.935948503300423e-06,0.001222545133025812,5.937649499938127e-05,8.11632140896524e-06,0.8739760171908526,0.00755067009629229,0.0002755784697226135,7.635662281214609e-05,0.0011641554494026519,3.897306943189413e-06,3.818322108149738e-05,0.00561671372105415,1.915790078639511e-07,5.31361042444825e-05
49,2.8199349632839366e-05,5.915224857685377e-07,3.9099403035248894e-07,0.0021834118232083163,1.0050103873155573e-05,0.003428084091349087,0.07993103375049676,0.017680478516067244,0.017246149162155593,0.0007067056819088695,2.732753076180632e-06,1.3712243819036208e-05,0.00134714556021843,0.00012032932899882625,1.0480737111981471e-05,0.8587706309717921,0.008386824659834662,0.00044396584221972375,0.00010125816306356284,0.0023181621658839554,6.422915418801967e-06,7.090863687456584e-05,0.007102024499065102,3.055939598466217e-07,9.000093345511837e-05
50,3.492860051441727e-05,4.824622709273078e-07,2.543416043302348e-07,0.0018334580583126414,9.114583474355353e-06,0.0019602088326764644,0.11612788756713752,0.01919371324459777,0.021396365748847103,0.000828932829366888,2.0246378059736808e-06,7.419062140049516e-06,0.000992048523220084,8.83585089188941e-05,9.68795872129945e-06,0.8235407848700961,0.005326238970165992,0.00042152391092765165,9.371897084634421e-05,0.0018486339941936704,4.720269209323568e-06,6.003468560910208e-05,0.0060981499173874765,2.9574025954546906e-07,0.00012101371169604546
51,2.4507489417151782e-05,8.082874058011619e-07,3.120797985405811e-07,0.00430152384243444,1.1728477029042188e-05,0.002053304042611402,0.07719404816287133,0.019046349724851402,0.04309009417525818,0.0008516571706583003,3.047575786658856e-06,7.530309868785676e-06,0.001497896859928313,0.00010207370533617308,8.82583374714208e-06,0.8376270307701486,0.009503734307577626,0.00023578219662974317,4.034722321297156e-05,0.0007359449043583331,3.6205110940137847e-06,4.82844671947893e-05,0.0035612995849535617,4.0821014556134215e-07,4.984008768213952e-05
52,2.5710467965740224e-05,1.6605651104799544e-07,1.9952804710247084e-07,0.002099842279229922,4.711039550395208e-06,0.0015437101383789066,0.04134777162704247,0.0100018912987856,0.01010289595144837,0.0006994960402742556,1.7181392689211524e-06,5.510982189404713e-06,0.0008048159551868593,6.615927573720934e-05,3.2182365392381107e-06,0.9226143805212187,0.0047550513525733895,0.0005002997062876875,3.855880774578662e-05,0.0016112004354768231,2.691704656171705e-06,2.217262037045192e-05,0.003710767288506217,3.2655968276822113e-07,3.673398732628735e-05
53,0.0001202888761672926,1.983589125378138e-06,1.7248463549680509e-06,0.0033019432025517877,2.461355697920577e-05,0.0041962135241696745,0.021060212893895824,0.01920745788760806,0.02148758832691241,0.0014756555069739593,6.473934266176933e-06,4.409704401914986e-05,0.0031572672033317443,0.0001943957591221196,4.773401972178349e-06,0.897339599649617,0.019223398978407386,0.0008670135870724151,0.0002826653725981992,0.002288319265287008,1.5127872180556704e-05,9.391331430727134e-05,0.00553650029776807,5.703095911971099e-07,6.820179972102902e-05
54,2.765076701818336e-05,3.065051223649746e-07,5.571862811183186e-07,0.003997098832542081,1.2110168875390508e-05,0.002770036421736628,0.06668759749402449,0.02624261008255459,0.013026107346620052,0.0005009887131664976,4.371767626679603e-06,7.859778403553219e-06,0.001558268799135396,9.347467488734942e-05,1.4049144339839328e-05,0.8632648938927638,0.006397363741403879,0.00030964524425557973,0.00010469900043473296,0.0026257729740953905,8.326619455240017e-06,4.948386773058701e-05,0.012248751934232926,4.2427694217130416e-07,4.755076635155248e-05
55,2.1586060147866363e-05,3.003270746006995e-07,3.2190001763986685e-07,0.00238585591727263,6.993622719113733e-06,0.003132693044554524,0.06790033876364539,0.01944899118671629,0.01354409277497886,0.0006333280525357015,2.2784081227970026e-06,5.062047087284505e-06,0.0008663731086563407,7.427365254509771e-05,1.2770410121076876e-05,0.8764650254847082,0.0055730256809945365,0.00022541861604554944,8.084676429125407e-05,0.0018484059624486388,5.435559214873764e-06,4.8430966078376966e-05,0.007664377394678857,3.3521998684930364e-07,5.343907535752009e-05
56,2.8810272239849577e-05,5.154995178243369e-07,2.7088385563631583e-07,0.0021873122050903113,9.712221805561497e-06,0.00245406612462892,0.08025729865405117,0.016572460295898594,0.01843865965381411,0.000567550620105838,2.633133866347478e-06,9.84452403522715e-06,0.0012557453229694615,9.32708094253888e-05,8.88649318635816e-06,0.8622935602022331,0.006572886366210036,0.00038079682430262673,8.063038103303355e-05,0.0016004009221127005,4.855325616011314e-06,4.505758546004979e-05,0.007052476707221088,2.840037824773107e-07,8.20149675382026e-05
57,2.810344762583038e-05,3.3454493106053916e-07,1.289099112086206e-07,0.0048683755292107415,5.8537658411321065e-06,0.00255621149390121,0.10965322060611966,0.008226722916644887,0.04219914661372349,0.0008211729881995888,2.025104596577107e-06,2.097020984371685e-06,0.0005214402731373686,0.00011367891021862259,8.19236759164054e-06,0.8142350786783602,0.006240883556912884,0.00040734652957392865,1.0629402861715246e-05,0.000876961798752311,2.2924391498044538e-06,1.596699574578724e-05,0.00908068922139493,9.183710828062468e-07,0.00012252851352851935
58,3.017967600224271e-05,4.927911322172161e-07,2.8500519320715436e-07,0.0022972319909902272,9.398127945376867e-06,0.002527111412008146,0.07958832768697335,0.016800768485652633,0.019459361132379224,0.000613581562915925,2.6765653671815604e-06,8.642269785489568e-06,0.0011177637935751307,9.002364991459164e-05,1.004347966387822e-05,0.8614754997818209,0.0063948971834185625,0.00035717038291642656,7.917721604719651e-05,0.001643043086740552,5.078912326510404e-06,4.648740968739121e-05,0.007360485087013935,3.506859308620833e-07,8.192262459853169e-05
59,3.217203811066428e-05,5.07545113685921e-07,3.3071591485594457e-07,0.0024989096480259477,1.0076695056626395e-05,0.0026937052817463253,0.0787353798818934,0.01717842152354391,0.02044024502933341,0.0006888960332054877,2.846410499114524e-06,8.714005139155952e-06,0.0010947239346962459,9.949792542836588e-05,1.0860107310593469e-05,0.8595075573105024,0.006722354616509701,0.0003777875073435722,8.276353943716889e-05,0.0018335867513768428,5.60922841429952e-06,5.112933650360374e-05,0.00783618974592652,4.149033611729272e-07,8.732028560714955e-05
60,2.8577692973597143e-05,4.80031682386146e-07,2.6207769224807967e-07,0.0021729650323710436,9.381527259939189e-06,0.0024925620854261282,0.0798403249691843,0.01643871223692343,0.01846684907594498,0.0005870703813548274,2.4548516928007783e-06,8.95474432678742e-06,0.001104507606161255,9.061240728664132e-05,9.114330048118938e-06,0.8628446096401012,0.006330577017241604,0.00036742507231774137,7.833979559216667e-05,0.0016404226773939995,5.026613880867573e-06,4.489133811300463e-05,0.007351934353113438,2.887469506806298e-07,8.365569496693202e-05
61,3.196275353474838e-05,4.878475674279079e-07,3.3766388210021074e-07,0.002478107347267851,9.714125667478594e-06,0.002680688735824233,0.07648968201165525,0.017862028143341573,0.019122849777255833,0.0006730201559349845,2.725665438685924e-06,8.717429057653707e-06,0.0011121531400744276,9.577124707674333e-05,1.0402984100229129e-05,0.8626206483100649,0.006798186036696877,0.0003783179918368008,8.337222968382723e-05,0.0018332756564163222,5.579308914956074e-06,5.020130607842471e-05,0.007569552747225311,3.810800310254952e-07,8.183630537228157e-05
62,2.8577692973597143e-05,4.80031682386146e-07,2.6207769224807967e-07,0.0021729650323710436,9.381527259939189e-06,0.0024925620854261282,0.0798403249691843,0.01643871223692343,0.01846684907594498,0.0005870703813548274,2.4548516928007783e-06,8.95474432678742e-06,0.001104507606161255,9.061240728664132e-05,9.114330048118938e-06,0.8628446096401012,0.006330577017241604,0.00036742507231774137,7.833979559216667e-05,0.0016404226773939995,5.026613880867573e-06,4.489133811300463e-05,0.007351934353113438,2.887469506806298e-07,8.365569496693202e-05
63,2.94302211560389e-05,5.225653775438234e-07,2.65534479079957e-07,0.002164563165525026,9.729614611267163e-06,0.002535673561568701,0.08187810898915798,0.016529825336293352,0.019614307159708792,0.0005962416641223642,2.5312956252785827e-06,9.2052084272765e-06,0.0011359543013256688,9.226976737191523e-05,9.40595334285849e-06,0.8594148248405095,0.006464778458997162,0.00036624781565882514,7.985548970862361e-05,0.0016081286132132702,5.037108430639527e-06,4.6182935846306285e-05,0.00731988810994352,2.941490178273424e-07,8.67281405813208e-05
64,2.9016891299559116e-05,5.125898378589503e-07,2.876929655120342e-07,0.002299807435856242,1.037780543409942e-05,0.0026421111676484064,0.08030019856239007,0.017243473050339266,0.017421941306062727,0.0006118052010748522,2.754230105548615e-06,9.361254987342366e-06,0.0010788772226691373,8.94834521388345e-05,1.0819050863259689e-05,0.8618756822076316,0.005980671808282752,0.0003431254956027793,8.801992781279878e-05,0.001722560302486973,6.720713040380062e-06,4.7165368021958164e-05,0.008102132725611331,3.0497343554949227e-07,8.278956440124481e-05
65,2.906365868241024e-05,4.793138914295171e-07,2.5646121398052774e-07,0.002149628316805518,9.326820999261353e-06,0.0024372925633358647,0.07931486430405033,0.016253599621886924,0.018678554165340856,0.0005902787135670273,2.4308924162049306e-06,9.058658803763596e-06,0.0011079810283847347,9.072207640222349e-05,8.735545431973785e-06,0.8634749303616603,0.006357466049171105,0.00037850652186945024,7.743618333851799e-05,0.0016360553020474296,4.92059429810215e-06,4.4459454071713466e-05,0.007259095854690704,2.871738127893234e-07,8.457036382734645e-05
66,2.2319097546401452e-05,3.6899117878329955e-07,2.710824563017056e-07,0.0022048663786717413,1.1759176435275044e-05,0.0015726522136118516,0.044972721031093184,0.010020769302800768,0.010709672795629833,0.0008214756609132048,2.5828404112657615e-06,1.0531983169303152e-05,0.0010539433247122895,0.00010962306334642845,4.709573289792354e-06,0.917646769150095,0.00465991167787074,0.00041033084669371485,6.487077086569321e-05,0.0014456267617180753,6.099053695358037e-06,3.8331845661061464e-05,0.00415838579037313,2.3235720469355735e-07,5.117523055629476e-05
67,3.289850049680463e-05,4.7531532278146685e-07,2.595398456611501e-07,0.0020671525369640254,1.017486718038227e-05,0.0016908582408113547,0.07628285572066786,0.01975271863806693,0.022025988541886015,0.0005732635438843375,2.173199770972494e-06,7.045750442887743e-06,0.0011043887257266326,6.262024962235407e-05,7.738377818461224e-06,0.8642143777745652,0.005304239327403196,0.0002938929829326761,8.471519196858921e-05,0.0011981230362812785,3.796958976815862e-06,3.877606390932519e-05,0.0051768723169907695,2.4996610971329034e-07,6.43446323548569e-05
68,3.599751131402977e-05,1.1206309181702395e-06,3.705461908905434e-07,0.0021685495391734365,2.233909471101499e-05,0.0031924903030722688,0.10270518083372962,0.01870937032530546,0.03783678948232871,0.0011394284537383332,3.2497502358364736e-06,6.441883404279193e-06,0.0006173466491607226,0.00011354112515979268,3.105248544260877e-05,0.8189926665162433,0.004680036323661549,0.00017378366467657948,0.00014108285854330625,0.001410905580889379,8.062086321534507e-06,0.00011039895888454643,0.0077564284476368825,5.458695157256003e-07,0.00014282107974230147
69,2.802128160490683e-05,4.822930883913604e-07,3.698506428055566e-07,0.0018756761429797346,8.009442119238603e-06,0.0042091589561552515,0.08217951970881023,0.01887528467116476,0.009781637791127548,0.0005705271749719927,3.972354360801798e-06,1.832605524980943e-05,0.001719991244623963,0.00012109636529525723,1.281542789121635e-05,0.8562507898108153,0.007871289238823893,0.0004915872723970433,0.0001631387470257215,0.00360557171664031,1.1416427878210426e-05,7.280860736335789e-05,0.012042421153044588,2.770472912597538e-07,8.581121863425734e-05
70,6.847392739065324e-06,1.1043736859118771e-07,1.4276938805699738e-07,0.0032186772603787863,5.117384665454664e-06,0.002160202515239219,0.024752942667870183,0.007158425670710981,0.010199819103339388,0.0002800827701141545,8.815843205404416e-07,4.563323009120487e-06,0.0007276858692321995,6.777870572986455e-05,1.8939769880912775e-06,0.9405521774907885,0.005291221641487639,0.00028400534092314707,1.1025932953004614e-05,0.0012028078424628818,1.4838428525659833e-06,8.540084554450724e-06,0.0040435460703206715,1.7769343935936104e-07,1.9842629124298424e-05
71,2.8496390055184928e-05,4.056423897902561e-07,1.6078896140701735e-07,0.0018669086172853602,8.724232834276185e-06,0.0016466999193182554,0.06704641236770821,0.013820722429903428,0.017588125498272912,0.0005009911744906592,2.0925851737253965e-06,8.730170505239586e-06,0.0009955385421824897,7.29509338773648e-05,5.740663973460427e-06,0.8830078474199375,0.005132830912798907,0.0003889796688037154,5.8863243621814164e-05,0.001306741721449491,4.067002029045608e-06,3.0657276771147614e-05,0.00640305824427008,2.333039675663561e-07,7.402124941909419e-05
72,1.1834673342539358e-05,1.6910067588418708e-07,1.0002466049730127e-07,0.0017952723918914953,5.165836734114766e-06,0.0017344937646844908,0.051238535606735976,0.007047005948694138,0.010070304490130312,0.0003336377202470432,1.039860266638728e-06,2.7504377618965357e-06,0.0005605908025909968,2.753518722551924e-05,3.1544522168036144e-06,0.9213353000038939,0.002325666361904966,0.0001800149898531539,2.0757337531480018e-05,0.0007380022206558746,1.8197284896613818e-06,6.072572374333592e-06,0.002539064644476893,1.6177112426940444e-07,2.155007183705604e-05
