,0,1,2,3,4,5,6,7,8,9,10,11,12,13,14,15,16,17,18,19,20,21,22,23,24
0,1.917855228719362e-07,2.6019930817701724e-06,0.0018938591059151897,4.897010257572238e-05,0.27829406144234903,0.00033003913385436473,3.7397660820287693e-07,0.0013437170599129222,0.1093380555141637,0.1706164541137239,1.1015900393055988e-08,1.524581958913016e-05,8.172906669136518e-08,0.00015596556172609802,7.008609673264034e-05,0.07603634106383712,1.5981976370067834e-08,1.7726243695896687e-10,0.36141259195160336,2.875080576505374e-07,0.00011256140900538063,2.5979503575842166e-06,1.570096562373848e-08,5.129709969341258e-08,0.0003258225091121594
1,2.8319570952269614e-07,2.849690906090539e-06,0.004068184994471051,6.925743793524665e-05,0.5484250742572142,0.0004392743850496343,4.184292247656816e-07,0.0014587578554566257,0.09055772906806361,0.12007927179238888,2.4954412048209977e-08,4.019537745346877e-05,2.7996312536859854e-07,0.0001866443519948907,5.514558741539534e-05,0.05737352025175821,2.710340956768913e-08,4.0142464293218026e-10,0.17690759701122896,5.287414114540498e-07,7.775218828586793e-05,2.607157736382692e-06,2.673724280699526e-08,1.2829064444272546e-07,0.00025442077603681504
2,1.9777344823623812e-07,1.6075698363582093e-06,0.0026388370044623573,3.7364418654865065e-05,0.2430622294004103,0.0005453499664339454,5.528521662453669e-07,0.0011113373396458622,0.15001694239857452,0.13367387205823253,1.5083394952896918e-08,1.9440165203370495e-05,1.1918647730285859e-07,0.00014612672565158928,7.159198626904546e-05,0.14322064235250193,8.652733128486837e-09,1.2968136913779758e-10,0.3251443067019605,5.521780194722933e-07,6.385311470059287e-05,1.9463270989004063e-06,1.8762186867082948e-08,4.253264165376023e-08,0.0002430453196139087
3,1.588069606051355e-07,1.5993015664983313e-06,0.0032652699874557082,4.139574333226541e-05,0.2843377082322172,0.00046006757476659476,4.7027857893413893e-07,0.0011361689395262718,0.17515608672030533,0.13993888408346408,1.4757925366111878e-08,1.729015189000472e-05,1.3325950498126048e-07,0.000130593124689421,4.779636606256899e-05,0.09801394390269944,7.128069674137691e-09,1.24988134208467e-10,0.29719188998728135,5.141370781134549e-07,5.638593806213915e-05,1.389525115298802e-06,1.1159728022955959e-08,4.359364904944927e-08,0.00020217717508302569
4,1.5562406470141976e-07,1.80775798940168e-06,0.0035062044100654215,4.321866099089608e-05,0.3201059687018457,0.00047714504418451857,4.913296101057132e-07,0.0010061683383324241,0.16907307379126438,0.14143252285732016,1.5329687053253178e-08,1.8072781344640517e-05,1.770383033927927e-07,0.00015523915371235287,4.531680595721002e-05,0.09044339992782087,6.9825909003130885e-09,1.3100352488891169e-10,0.2734507609011228,5.088353193161878e-07,5.123367647155517e-05,1.3574721720044929e-06,1.1571021928057776e-08,4.635426159617113e-08,0.00018709652354314415
5,1.5777561875367752e-07,1.647357340747772e-06,0.003440766630686899,4.9302355445620165e-05,0.31343915336787603,0.00045542158235066825,4.7161683865778747e-07,0.00127125858042995,0.16372166300089402,0.1492595550796548,1.5958403948986692e-08,1.8632872918891488e-05,1.4770925520642594e-07,0.00013403636040174962,4.4478057216711603e-05,0.0919236551863397,8.298705657114595e-09,1.520598135630207e-10,0.2759722298673954,5.562647814448567e-07,6.235228093112255e-05,1.3979317694151462e-06,1.1940158469672447e-08,5.0732639520610764e-08,0.0002030290398868651
6,1.588069606051355e-07,1.5993015664983313e-06,0.0032652699874557082,4.139574333226541e-05,0.2843377082322172,0.00046006757476659476,4.7027857893413893e-07,0.0011361689395262718,0.17515608672030533,0.13993888408346408,1.4757925366111878e-08,1.729015189000472e-05,1.3325950498126048e-07,0.000130593124689421,4.779636606256899e-05,0.09801394390269944,7.128069674137691e-09,1.24988134208467e-10,0.29719188998728135,5.141370781134549e-07,5.638593806213915e-05,1.389525115298802e-06,1.1159728022955959e-08,4.359364904944927e-08,0.00020217717508302569
7,1.841732294205349e-07,2.7312359814721995e-06,0.005867459967521128,5.295906696079421e-05,0.28993736813265336,0.0004436255079841763,7.25674554542124e-07,0.0010961866979830198,0.28142277325802795,0.14061635558674565,2.36246495579171e-08,1.8260611744731302e-05,3.667906575219634e-07,0.00014996881060491758,3.868464549288586e-05,0.05764672365874716,6.788932291392971e-09,1.6990494005955412e-10,0.22246903915995395,7.927609072174924e-07,3.507791561637646e-05,1.1160285382256053e-06,8.251422885809875e-09,7.191470303845911e-08,0.00019948956648279604
8,1.952112799321247e-07,1.695692203995558e-06,0.003756675753434037,5.6847027109973154e-05,0.2960963772745872,0.0003073087728673154,6.099997236236182e-07,0.0014804255798462162,0.13929923631069213,0.1751417837103191,9.579459471828781e-09,1.438539022955598e-05,1.632680064973156e-07,0.000134977265306093,4.709935683650364e-05,0.12288669026136075,9.471990686079097e-09,1.0463964972601999e-10,0.2604514214112117,4.91755123268146e-07,5.461394632711593e-05,9.998305781875698e-07,1.4628480260332727e-08,7.823050286336631e-08,0.00026789016788388053
9,1.9040794022989804e-07,2.2753360189236204e-06,0.006291034367038861,6.403830610210484e-05,0.329962346114151,0.0002607825197674751,6.681551466814899e-07,0.0014661832332665307,0.20761533292757509,0.15957480115870534,1.2256043595341317e-08,1.5135787433778697e-05,2.857911622882972e-07,0.00013573227706907196,3.750618950639149e-05,0.07490171010482903,8.536401789062954e-09,1.1161127321676304e-10,0.21936350434444177,6.058276197723963e-07,3.998686892229367e-05,7.453626104715465e-07,9.09030121578406e-09,1.045752163046731e-07,0.0002670003511187808
10,1.588069606051355e-07,1.5993015664983313e-06,0.0032652699874557082,4.139574333226541e-05,0.2843377082322172,0.00046006757476659476,4.7027857893413893e-07,0.0011361689395262718,0.17515608672030533,0.13993888408346408,1.4757925366111878e-08,1.729015189000472e-05,1.3325950498126048e-07,0.000130593124689421,4.779636606256899e-05,0.09801394390269944,7.128069674137691e-09,1.24988134208467e-10,0.29719188998728135,5.141370781134549e-07,5.638593806213915e-05,1.389525115298802e-06,1.1159728022955959e-08,4.359364904944927e-08,0.00020217717508302569
11,1.6503832876090486e-07,1.714297052894555e-06,0.003470204774419403,4.363602118756241e-05,0.2933085979512937,0.00046660990590964005,5.004042082756345e-07,0.001136995751207844,0.17712014115916516,0.14186574082586842,1.5602647785597794e-08,1.8220276903957857e-05,1.5700478173335074e-07,0.0001397729873926707,4.686888015726363e-05,0.09517140061838159,7.454532248054278e-09,1.3532389168582706e-10,0.28695114438544284,5.481326378957095e-07,5.452443463352984e-05,1.4119088545542754e-06,1.1597082232852877e-08,4.7206473255078256e-08,0.00020156324611276372
12,1.6981996487481263e-07,1.8236120460790206e-06,0.0028550449330645863,4.406221285760075e-05,0.4174984729231283,0.0005619976079227044,3.8205024856659766e-07,0.0009548653036759162,0.0894704709740786,0.14738553441770522,1.4589764139472739e-08,2.5606711042790397e-05,1.6081562999575346e-07,0.00019662328409317394,4.446812367805165e-05,0.10544528656397653,1.0783475400351271e-08,2.0578681193942134e-10,0.2352661560249321,4.5349365199822693e-07,6.80720867596196e-05,2.1540679204977762e-06,1.9181784521210775e-08,4.9810338294794084e-08,0.0001781004024737741
13,1.5678401825886417e-07,1.5487751084440562e-06,0.0035469823990530117,3.9826068361300745e-05,0.3101196575983111,0.00044644137077412815,4.1433282705976804e-07,0.0010883091301977998,0.17798095812839737,0.10529891106375745,1.9113284645035046e-08,2.4488116152268386e-05,1.4162911542090983e-07,0.00015309675364511227,5.225938407247273e-05,0.08438199482865795,7.915230056009085e-09,1.2193681193022014e-10,0.31661640440051186,5.294913089604003e-07,6.165782574973977e-05,1.6120337708432673e-06,1.0907590078622645e-08,3.5891231151586344e-08,0.00018453593693671609
14,5.602833514093613e-07,7.528482581703166e-07,0.00412398947841531,3.9512789067790726e-05,0.15924420976470086,0.00046688830847431894,7.747772471401278e-07,0.0018267226016146763,0.14984597493977198,0.07043924386583292,1.9644635306899586e-08,5.696699824207248e-05,7.577145836761708e-08,0.0001425820863344845,9.098127851454089e-05,0.2295657282759673,1.7068130127161827e-08,1.96683813450409e-10,0.38363669020940105,9.121594682565287e-07,0.00010115027320761452,3.0665839397701332e-06,2.848774931085705e-08,4.810692177169283e-08,0.0004131032026116345
15,1.588069606051355e-07,1.5993015664983313e-06,0.0032652699874557082,4.139574333226541e-05,0.2843377082322172,0.00046006757476659476,4.7027857893413893e-07,0.0011361689395262718,0.17515608672030533,0.13993888408346408,1.4757925366111878e-08,1.729015189000472e-05,1.3325950498126048e-07,0.000130593124689421,4.779636606256899e-05,0.09801394390269944,7.128069674137691e-09,1.24988134208467e-10,0.29719188998728135,5.141370781134549e-07,5.638593806213915e-05,1.389525115298802e-06,1.1159728022955959e-08,4.359364904944927e-08,0.00020217717508302569
16,1.4586569628918078e-07,1.4256050001804367e-06,0.002358714917840219,4.240602924995653e-05,0.24893178758114048,0.0004978506872658946,4.5987987337428234e-07,0.001231683700153022,0.12795388528079413,0.190348351249865,1.2923139545780722e-08,1.732986551655601e-05,1.0033607747753812e-07,0.00012885178273086938,4.361651736571215e-05,0.12690879835905733,7.3406450911866995e-09,1.4689771081139277e-10,0.30126967451381265,4.974291302596053e-07,8.081652337168859e-05,1.6228224199970502e-06,1.2452509730634938e-08,3.704427231684334e-08,0.00018191114617451877
17,1.8431600967189427e-07,1.7255660140172526e-06,0.003883968631408189,5.753957435122674e-05,0.34086164137990105,0.0004603877719253989,5.280809493603291e-07,0.0012747907272596041,0.14620764923903318,0.1478503964951911,1.575907128202433e-08,2.4040867051941546e-05,1.9063962927223093e-07,0.0001924137812214242,4.308725195360042e-05,0.09773781713330337,9.488140648758279e-09,1.7641229074731785e-10,0.2611184138912484,6.233671190887512e-07,6.39739508817055e-05,1.619063327153712e-06,1.4484797311516761e-08,5.3328760184615453e-08,0.00021891503503959406
18,1.1773409173489382e-07,1.3990143385933193e-06,0.0031110482177679204,3.911517688415797e-05,0.2917150060147795,0.0004888240501647621,4.256109027743596e-07,0.0010079554364684842,0.18915811856801387,0.13194945427874138,1.4750225967412172e-08,1.3638682441650158e-05,1.1713371397228775e-07,0.0001229196609535558,4.541695632256862e-05,0.09291316431415524,4.965647916974204e-09,9.437811430761013e-11,0.28921234781806743,4.816029169543437e-07,5.001361159111866e-05,1.0885802937729197e-06,9.51376254659694e-09,3.409931687652027e-08,0.00016928411405915528
19,9.885796675070651e-08,1.6191794681425338e-06,0.003876122341368419,4.7261364890497104e-05,0.3988649571535755,0.00042635749181779275,3.5568832127893587e-07,0.000944721519123761,0.168903609146798,0.13527005828073663,1.4005308514491277e-08,1.7752308800909006e-05,1.924485138676348e-07,0.0001565472978989107,3.152609632949885e-05,0.06345348215220281,5.487971463018622e-09,1.0697327483888869e-10,0.227817517664668,4.875646567267639e-07,4.235453956916309e-05,1.0499156401390348e-06,7.944689294111066e-09,3.700363078705595e-08,0.0001438644390798326
20,1.49037296625005e-07,1.8024703965670647e-06,0.0025389174660396616,4.009996230718098e-05,0.30074898044379383,0.0003853978507087404,3.990114668148641e-07,0.0013913617839496912,0.1432068516054934,0.1412558467486581,1.3899448647429337e-08,1.8658114832588384e-05,1.2442286931438435e-07,0.00012786059689790321,5.0335249816595624e-05,0.08444160291119128,9.778623951328372e-09,1.312118146717957e-10,0.3255447246747646,4.616407259955344e-07,6.513074804774759e-05,2.0137930293674574e-06,1.2371260184636319e-08,4.3954374300358126e-08,0.0001792013327951457
21,1.6179121989850327e-07,1.5691176561557751e-06,0.003334635264809121,4.1905074798786e-05,0.2849223065342331,0.00047137374919135763,4.831122310933409e-07,0.001122373637371814,0.17186643398010107,0.14251632172658146,1.4693426327574858e-08,1.7962038423820998e-05,1.380915310636585e-07,0.00013448643242186477,4.697038125261356e-05,0.10304092668253591,7.0738875188154695e-09,1.271225371276762e-10,0.2922214922860684,5.294941165988224e-07,5.637499448538471e-05,1.3755846971470213e-06,1.1443793420674413e-08,4.381894658489013e-08,0.00020210286909703233
22,1.6477377230628329e-07,1.5748632907410098e-06,0.0033268819439978056,4.175300391593932e-05,0.2839057227819913,0.0004764596125258546,4.804256375344939e-07,0.0011523792641616082,0.17003563397394564,0.1397574444726445,1.544634323272578e-08,1.8164256386386318e-05,1.2890069410549359e-07,0.00013277032242178918,4.888445451935615e-05,0.10390229693537109,7.46096419654342e-09,1.32422681070294e-10,0.29693166875978355,5.335134346088363e-07,6.061327811841638e-05,1.4491398798243926e-06,1.1807905107494192e-08,4.427545274401079e-08,0.00020491620041984877
23,1.588069606051355e-07,1.5993015664983313e-06,0.0032652699874557082,4.139574333226541e-05,0.2843377082322172,0.00046006757476659476,4.7027857893413893e-07,0.0011361689395262718,0.17515608672030533,0.13993888408346408,1.4757925366111878e-08,1.729015189000472e-05,1.3325950498126048e-07,0.000130593124689421,4.779636606256899e-05,0.09801394390269944,7.128069674137691e-09,1.24988134208467e-10,0.29719188998728135,5.141370781134549e-07,5.638593806213915e-05,1.389525115298802e-06,1.1159728022955959e-08,4.359364904944927e-08,0.00020217717508302569
24,1.0815239433127306e-07,1.7167113203547698e-06,0.0031811850211162607,4.969560646761906e-05,0.3571937432639443,0.0004451289542561333,3.899638758331679e-07,0.0010052883718832896,0.15042169557120158,0.15457936336643338,1.3396323847973247e-08,1.5619931496836947e-05,1.7018161748004602e-07,0.00016016958795995686,3.441465807721362e-05,0.07393436660271933,5.821397825860918e-09,1.1963044545370743e-10,0.25876784288653587,4.871198627253927e-07,4.827759699767882e-05,1.160386756656588e-06,9.27449943902276e-09,3.669457846889912e-08,0.0001591107586532348
25,1.60277005052416e-07,1.5824426469306008e-06,0.0033243281631740278,4.265392615903988e-05,0.28341235590639974,0.00044991497359952575,4.802661663663902e-07,0.001198023266714764,0.17460709854373155,0.13947908866369024,1.518850717229109e-08,1.778318651572313e-05,1.3579502664674242e-07,0.00012954720467938513,4.717310165134773e-05,0.0979252599037726,7.379044710707685e-09,1.2789915459383473e-10,0.29910461434906294,5.387300155010405e-07,5.737386984312215e-05,1.3984130711015083e-06,1.1255643712128834e-08,4.472197568077114e-08,0.00020041034400397113
26,3.884522780168527e-07,2.362841109589454e-06,0.005686490291263116,5.488625494220094e-05,0.28241266694686307,0.0003892101276039726,7.76720608951744e-07,0.0018790596458990551,0.21096518848288492,0.14724561650401685,2.1799288675933822e-08,2.6790689629951495e-05,2.380417171689333e-07,0.0001102941731099421,5.270192198306387e-05,0.09044247159511073,1.793639139754295e-08,2.8471897510771816e-10,0.260359027603423,7.562398279820245e-07,6.50367648803684e-05,1.8037089564544013e-06,1.5330849444792255e-08,1.4145579071329388e-07,0.00030403618685228206
27,8.348478112154973e-08,1.3112181943296652e-06,0.003898404207459215,5.2669577537775206e-05,0.5421614837302419,0.0002528890890369127,2.988332096269165e-07,0.0008146759134686062,0.07915123808641684,0.11404931096777711,1.2442143351798261e-08,2.160070371708576e-05,2.6391007975500844e-07,0.00017704764795203778,2.0885363030132703e-05,0.0562179628081457,7.0331676752573145e-09,9.578711281829272e-11,0.20304462355400266,3.3405991977627863e-07,4.405975395737632e-05,6.483716313048534e-07,8.483647647384378e-09,4.3524451153385327e-08,9.013714024376335e-05
28,1.588069606051355e-07,1.5993015664983313e-06,0.0032652699874557082,4.139574333226541e-05,0.2843377082322172,0.00046006757476659476,4.7027857893413893e-07,0.0011361689395262718,0.17515608672030533,0.13993888408346408,1.4757925366111878e-08,1.729015189000472e-05,1.3325950498126048e-07,0.000130593124689421,4.779636606256899e-05,0.09801394390269944,7.128069674137691e-09,1.24988134208467e-10,0.29719188998728135,5.141370781134549e-07,5.638593806213915e-05,1.389525115298802e-06,1.1159728022955959e-08,4.359364904944927e-08,0.00020217717508302569
29,1.588069606051355e-07,1.5993015664983313e-06,0.0032652699874557082,4.139574333226541e-05,0.2843377082322172,0.00046006757476659476,4.7027857893413893e-07,0.0011361689395262718,0.17515608672030533,0.13993888408346408,1.4757925366111878e-08,1.729015189000472e-05,1.3325950498126048e-07,0.000130593124689421,4.779636606256899e-05,0.09801394390269944,7.128069674137691e-09,1.24988134208467e-10,0.29719188998728135,5.141370781134549e-07,5.638593806213915e-05,1.389525115298802e-06,1.1159728022955959e-08,4.359364904944927e-08,0.00020217717508302569
30,1.588069606051355e-07,1.5993015664983313e-06,0.0032652699874557082,4.139574333226541e-05,0.2843377082322172,0.00046006757476659476,4.7027857893413893e-07,0.0011361689395262718,0.17515608672030533,0.13993888408346408,1.4757925366111878e-08,1.729015189000472e-05,1.3325950498126048e-07,0.000130593124689421,4.779636606256899e-05,0.09801394390269944,7.128069674137691e-09,1.24988134208467e-10,0.29719188998728135,5.141370781134549e-07,5.638593806213915e-05,1.389525115298802e-06,1.1159728022955959e-08,4.359364904944927e-08,0.00020217717508302569
31,1.5954460906589374e-07,1.6069559956670568e-06,0.0032996900995753047,4.171385776644473e-05,0.28607987640996324,0.00045320327980104795,4.695368337438767e-07,0.001149427843142939,0.17453327230697047,0.14011660514162727,1.4662552130190072e-08,1.7412533833326013e-05,1.35090408590268e-07,0.0001308211600839445,4.717206666361552e-05,0.09721926665193918,7.2071657884962375e-09,1.25534304471447e-10,0.29664898900126224,5.16725997468529e-07,5.613213436014028e-05,1.388364669602351e-06,1.1083541841706883e-08,4.4160234671762145e-08,0.00020206405546793334
32,1.578051833493229e-07,1.5631490346332784e-06,0.003025640825855282,3.8527881524269907e-05,0.2646614238743111,0.00044486572524693213,4.6137780459399953e-07,0.0011216680519163264,0.17493120728603764,0.13555565725649443,1.4214839876308542e-08,1.66590353250532e-05,1.2094116297556364e-07,0.00012612619338826838,4.939750528102995e-05,0.09937492482420641,6.96688678373179e-09,1.1666411371501666e-10,0.3203923228176107,4.930455764814709e-07,5.702595226444075e-05,1.438008651945608e-06,1.0775324216824046e-08,3.978575132789851e-08,0.00020024658365791137
33,1.732821838346217e-07,2.1240244111750072e-06,0.0028523910140829637,4.020088919878841e-05,0.3804242281531837,0.0004028352554299347,3.956364704571393e-07,0.0011150141229457175,0.09884316242438171,0.13472111763538366,1.3590593119720462e-08,2.4273638068975243e-05,1.9744096161439034e-07,0.00018684925666440148,3.838936839208863e-05,0.0841486479104447,1.0828806872953267e-08,1.6698591908578392e-10,0.2969975400083058,4.872146986637848e-07,5.109577353457572e-05,2.426221949286497e-06,1.3879901378598865e-08,4.6420119468157905e-08,0.0001483658429010569
34,1.5563961143670687e-07,1.5944495338958423e-06,0.0032528266267530105,4.28246114731083e-05,0.29935655133574923,0.0004640647847114565,4.5910425285725954e-07,0.001160633187901024,0.16231002964100916,0.1428195526345258,1.483819765436996e-08,1.8035814787453022e-05,1.3515466598099086e-07,0.00013395047965273875,4.676178267567856e-05,0.09994033374889279,7.540428055975991e-09,1.304451223580649e-10,0.2901940513968555,5.22973871849672e-07,5.836658554913275e-05,1.4302572761407882e-06,1.1823867160306219e-08,4.462064195013229e-08,0.00019764083667168556
35,2.4834147237295533e-07,1.6282314677884134e-06,0.0030104897439907257,4.702609056096886e-05,0.1728519071672241,0.00029847967619197,5.140381521807833e-07,0.002028196171971002,0.24960933405312022,0.15901765736290843,1.2383965279063548e-08,1.668935921044284e-05,1.258843043882443e-07,7.683809311001435e-05,3.570891597217467e-05,0.06665432356658829,1.0044422710776308e-08,1.9328487422402022e-10,0.34601471929847827,6.1324578934056e-07,5.569135783978567e-05,1.5891575684608084e-06,6.987894487762325e-09,5.90678749529573e-08,0.000278131566636757
36,1.1914615826214323e-07,1.4352122407138675e-06,0.0023485168371703176,4.3023808380655897e-05,0.11091471087203669,0.005068004501340119,1.39203546713973e-06,0.0008523188071290315,0.34109828306202233,0.2577789119318621,9.555630715470613e-08,4.1605313432379e-06,3.3718376155674497e-08,6.55851355814715e-05,7.765957875551259e-05,0.1684989328254174,1.578079648134231e-09,6.538344199517987e-10,0.11294392655483282,1.484978945939706e-06,0.00012293769323268292,1.4537707430380329e-06,2.0218042600814124e-08,4.156478097199761e-08,0.00017694942791951891
37,3.783508488730883e-07,1.9933575147563103e-06,0.00550569341394689,4.309047733829794e-05,0.30649980382566133,0.0004289741137568787,6.511585508014235e-07,0.0011464117172052188,0.14698917785803656,0.12045928504614144,1.6468982708780657e-08,3.28468745663315e-05,1.9706153481652044e-07,0.00020046270814018456,4.755901823971738e-05,0.11943142275249251,1.1279930074053463e-08,2.0661432402404825e-10,0.29887497863163376,6.153752463142013e-07,5.9610612154025834e-05,1.970585771420533e-06,1.3637520451917427e-08,6.97820864705701e-08,0.0002747656860857821
38,1.87265107788323e-07,1.383325521201665e-06,0.0029359869886201664,3.394738668607323e-05,0.2286866013016998,0.0006334835474509398,6.012098208818384e-07,0.0009431945827360326,0.17027368062763787,0.1383585723301092,1.6392587165909893e-08,1.6893617511358012e-05,1.0413835599294008e-07,0.0001317749020963426,6.2248713964712e-05,0.1512669010855168,6.079287127753095e-09,1.278238600893976e-10,0.3063764080555463,5.299228522796518e-07,6.34982516102938e-05,1.5246224483641182e-06,1.4958381432629e-08,3.913305175452165e-08,0.00021240143357630922
39,1.4918605202922489e-07,7.33195109188732e-07,0.0030586723497078245,4.140683582968599e-05,0.24287555610935405,0.000465787129762899,4.5135532387455904e-07,0.0015227000855336853,0.1297717413966222,0.12681290054364847,1.3846260977216801e-08,2.1995038491036657e-05,7.192351938345248e-08,0.0001048379296564801,4.323010279795799e-05,0.17707316104647738,7.1555798429684335e-09,1.1286503523585961e-10,0.3179458603716033,6.597175561096972e-07,8.26038424734413e-05,1.287331184208636e-06,1.3854675729766629e-08,3.3603480469744065e-08,0.00017612593643483073
40,1.6205547142311164e-07,1.6167336484856794e-06,0.0032614723282860993,4.075804023057491e-05,0.284244323420482,0.0004635424147502006,4.700801218451432e-07,0.0011187291729329728,0.17408599663498953,0.13823097182583505,1.4797492333814477e-08,1.7559418338037492e-05,1.3264786972818624e-07,0.0001331448833461423,4.846301921478472e-05,0.09831093935951254,7.173655380976926e-09,1.2576061012154785e-10,0.29977985275859903,5.09306844646212e-07,5.660825012672225e-05,1.430416914113529e-06,1.1245431886427792e-08,4.314404451747508e-08,0.000203240746101229
41,1.3343802378679253e-06,1.7831466520366064e-06,0.003189694604080672,9.170173319158676e-05,0.12233523928316045,0.0003105428287877254,1.562417553938576e-06,0.008140211424156394,0.058439099367683954,0.14896857213748435,6.065078076275864e-08,0.000298203430027422,4.021725109926521e-07,0.0001305990579592358,3.7198331406754624e-05,0.15192771652841608,1.9376866892983506e-07,3.2912768796940896e-09,0.5056232331970688,4.399579343460832e-06,0.00021369344703566783,1.924251829370684e-05,5.233915875826889e-08,1.6954787074734268e-07,0.00026509081719261994
42,1.6064914057228071e-07,1.0822038115906413e-06,0.0020753124073710555,2.801353376500259e-05,0.17580169392144301,0.0003268324868320373,4.1050066341394897e-07,0.001542880668807002,0.13004322919947633,0.11752305499565846,1.1470703042685685e-08,1.6074457675600688e-05,5.396126263835139e-08,8.505361173483435e-05,5.4768176732642276e-05,0.13997790205202865,8.454505393567168e-09,8.696272479915603e-11,0.4322680969766508,4.902532987236997e-07,7.535955577914238e-05,2.014148269615409e-06,1.1045941020029455e-08,2.9301157428580453e-08,0.00017745588032926145
43,9.060066583292435e-07,4.395686024147084e-06,0.04233075823104642,7.203714449172733e-05,0.29362367086047153,0.0002222211399141973,1.8846189594852656e-06,0.0008361250680550229,0.4194299159487597,0.03727843184310739,4.61899826841326e-08,8.517444442697665e-05,1.6796253481796157e-06,0.0004589104893679898,4.747341816505032e-05,0.032089135964628944,1.2901143350044887e-08,2.681020944308625e-10,0.17293292502925506,1.5175325265245661e-06,1.8115217155059822e-05,1.023943319653165e-06,7.975184892821068e-09,1.8678046784987216e-07,0.0005634436734377207
44,1.588069606051355e-07,1.5993015664983313e-06,0.0032652699874557082,4.139574333226541e-05,0.2843377082322172,0.00046006757476659476,4.7027857893413893e-07,0.0011361689395262718,0.17515608672030533,0.13993888408346408,1.4757925366111878e-08,1.729015189000472e-05,1.3325950498126048e-07,0.000130593124689421,4.779636606256899e-05,0.09801394390269944,7.128069674137691e-09,1.24988134208467e-10,0.29719188998728135,5.141370781134549e-07,5.638593806213915e-05,1.389525115298802e-06,1.1159728022955959e-08,4.359364904944927e-08,0.00020217717508302569
45,1.7403170931283866e-07,1.8141559552438275e-06,0.0030840295086113326,4.6922895451343814e-05,0.28574849459206675,0.0006265572217246666,3.9797231130198416e-07,0.0009996703280931586,0.16042254139921058,0.1645038388082928,1.629498280822675e-08,1.9553977072145045e-05,9.972705965156747e-08,0.00015450440209330133,5.18492684658881e-05,0.10195618350814763,8.282262048452874e-09,1.9994346596035014e-10,0.2820168986200154,5.065707384801419e-07,8.709264734952445e-05,1.751854061121194e-06,1.1991863003388407e-08,3.847410217379924e-08,0.0002770432684167914
46,1.356372962746368e-07,1.4870062903434791e-06,0.003138708816230081,3.835720870932414e-05,0.2720996598072431,0.0005073685914661123,4.6499398736713637e-07,0.0009803084997316645,0.1900732192313324,0.14240986688151527,1.3805855103591818e-08,1.4509098470899645e-05,1.1977355920601923e-07,0.00013216384488640766,4.613821961825979e-05,0.09954599250596353,5.146269779810408e-09,1.0774161260701538e-10,0.29076727149192566,4.819881052897044e-07,5.179548916211255e-05,1.2099796303476256e-06,9.836825918266313e-09,3.5822947247846865e-08,0.0001906762152366462
47,5.154597334671002e-07,1.8499676856420455e-06,0.0036836865209652074,3.1874868065898975e-05,0.1889174820904361,0.0005065179595619764,6.757847613510053e-07,0.0013913457563516237,0.1342572864977957,0.1303652578934122,1.6939814089264298e-08,4.310024902565074e-05,1.2880925438243137e-07,0.00014331134173323445,6.225248446541096e-05,0.1772832472676203,1.624718217632786e-08,2.691885325202619e-10,0.36291257716399167,7.90584937792229e-07,7.804019872609614e-05,3.963290546831947e-06,1.728081414591472e-08,5.933366995577132e-08,0.00031598574026072275
48,1.6075053115768627e-07,2.1516126410741233e-06,0.001600180606571628,3.439238036396211e-05,0.23014931280365733,0.0001895483461698056,3.892732284911778e-07,0.0015927935641465866,0.09615573025955082,0.14359561028762427,8.619268707315326e-09,1.35599891106694e-05,1.3233453273338534e-07,9.778825336136083e-05,4.668319759133129e-05,0.07546682930499736,1.4651166514402356e-08,9.857276076048247e-11,0.4508340894562863,3.280028173849124e-07,5.5333849503816765e-05,1.985527095312066e-06,1.2033824128845362e-08,5.091826381452525e-08,0.00016291387912253827
49,1.7072590578958994e-07,1.5225652016866931e-06,0.0038718401971578006,4.275950510638786e-05,0.32238461051487055,0.0005804193760109543,4.5900194487017694e-07,0.001119482051418949,0.16197116140523626,0.1301565599877817,1.842634166687223e-08,2.752651678203665e-05,1.5503426218521943e-07,0.0001605849374787991,4.459278247639588e-05,0.10511187823059319,8.019268733480202e-09,1.6706704890130328e-10,0.2742764461414139,6.795680979111105e-07,6.066340008294301e-05,1.8682854484587178e-06,1.2709723753810227e-08,4.00509660766953e-08,0.00018654039936203965
50,1.2326491406080457e-07,1.3773971588400576e-06,0.0023492891482887247,3.357684374883348e-05,0.22109334454719412,0.0003868492502227052,4.836816629089228e-07,0.0009849043799417501,0.1613789451165364,0.1684114996230733,8.286230974484593e-09,1.0047879828842229e-05,1.0840447661762439e-07,0.00012222499809665457,3.549011178123538e-05,0.11057648376094048,4.075156119944268e-09,7.648929911046643e-11,0.33441076561789357,4.100882765770085e-07,4.018836390469936e-05,1.1249656457160457e-06,7.94092907811508e-09,2.988508275697635e-08,0.00016271229252567293
51,1.5475389044503247e-07,1.9513466668403905e-06,0.003311559477612967,5.3640528631858903e-05,0.3110385613045177,0.00041903570870936344,5.131710739782885e-07,0.0013639079261128096,0.1684194905199234,0.15999372046953553,1.703613034781325e-08,1.839981577582533e-05,1.6288913230369384e-07,0.00015451687345194407,4.007513460181851e-05,0.06765140057195987,8.028419790217607e-09,1.7697557051140034e-10,0.2872835922122137,5.147789315083526e-07,6.643525924691244e-05,1.5941775249785623e-06,1.0346086653682073e-08,4.9148206214392e-08,0.00018068834466741424
52,3.2104516038610255e-07,1.9635588779113405e-06,0.004411496708018383,4.75274404661899e-05,0.18781520119808268,0.0026386880885608077,1.2708337273628874e-06,0.0007617042208148962,0.30941035264860206,0.19800482622833182,4.672547432352804e-08,2.442530936826402e-05,2.3649178395409358e-07,0.00018516828178863313,5.553510670962205e-05,0.14820371784567293,4.754193431308675e-09,7.370248380149813e-10,0.14812300555006946,1.5170357096021886e-06,5.7844411761181274e-05,2.57158534319054e-06,2.331841972407477e-08,5.7855255266591566e-08,0.00025249302078298754
53,2.2338942081891413e-07,1.3677641440225599e-06,0.0037768718753716057,3.91890219823871e-05,0.13539786575416177,0.0007127101654399606,1.1813112786602722e-06,0.001119953742340204,0.27992312991285034,0.144828547526883,2.2115711503253692e-08,1.2168402027809278e-05,1.0940007175014614e-07,0.000109194826106821,7.122168386188711e-05,0.17127379901722767,4.975127709308027e-09,1.4804753971720682e-10,0.2624000195685969,8.909149271161021e-07,5.65573253116214e-05,1.2447036550819012e-06,1.6022761985759647e-08,5.22819578476494e-08,0.0002736581507339823
54,1.3145219154614541e-07,1.4954912696836235e-06,0.003167138771207383,5.024084728348296e-05,0.41029711731220564,0.0003310219047959613,3.1813058121146463e-07,0.0016638174758568632,0.13966711912583288,0.11221021347935536,1.953567082030517e-08,1.984274363284687e-05,1.5059056822159716e-07,9.525049210340385e-05,3.85270875211598e-05,0.058348309323310095,1.2017413567882263e-08,1.5653255092738846e-10,0.2739050117586478,4.804863217843254e-07,6.28442418376919e-05,1.3372434702657575e-06,1.1423429601845477e-08,6.084387848248808e-08,0.0001395280650818863
55,1.0449781956632686e-07,1.3180520032002905e-06,0.002018829416953061,3.436507331842448e-05,0.3077911131817965,0.000436612933092217,3.6017867831337557e-07,0.0010094679564126698,0.10755387478523308,0.14011535053988516,1.1260319809632044e-08,1.1284257978576272e-05,7.618820280649814e-08,0.00012106350099845632,5.3438548093788575e-05,0.12367346151542764,6.334300513833116e-09,7.991868980522806e-11,0.3169613338014086,3.4051967253227345e-07,6.668696581907816e-05,1.311993666504417e-06,1.4216243428375375e-08,3.278554581718145e-08,0.0001495414172114236
56,1.6656832106722417e-07,1.7738221078504216e-06,0.0034964746868457438,4.346032123817773e-05,0.29677187537506877,0.00046235104243470257,5.003904405888353e-07,0.0011273656278578661,0.17674634369721928,0.14062212363942891,1.5912885834807567e-08,1.8356991522890063e-05,1.6027754406210362e-07,0.0001405704439928841,4.739859482441218e-05,0.0925515206948612,7.600408197976789e-09,1.3705159463657321e-10,0.28771123195191356,5.411773681863778e-07,5.4723690508957966e-05,1.4261812323901932e-06,1.155081232620739e-08,4.815843068283955e-08,0.0002015514656798896
57,3.3027480442677015e-07,2.217559212544789e-06,0.0033512170427077393,4.973758256247048e-05,0.1590342958484554,0.00110090407215487,1.5768095033068181e-06,0.0009578954555366628,0.3414464668554953,0.15387699118309864,3.365150011111294e-08,6.521028235817334e-06,9.250926391938127e-08,0.00011122959103420597,0.00014101887841111614,0.13011305572343587,4.8764336899850665e-09,2.2920905350459456e-10,0.20925528829058598,5.5511575952151e-07,6.95229785449082e-05,1.0695165720621018e-06,2.7180171646159766e-08,1.023240077232097e-07,0.00047984542330311637
58,1.810019903592422e-07,1.791417691884759e-06,0.003530835800054572,4.333162130968197e-05,0.29758244933644107,0.0004308690657316583,5.11563578237545e-07,0.0012389341401830018,0.1708759582472909,0.14129438509494774,1.6050404421304207e-08,1.872455865193655e-05,1.5328635854585364e-07,0.00012951104386944862,4.9678284836648125e-05,0.09447305573093472,8.884451410192718e-09,1.4349945741153524e-10,0.29006015304021965,5.227766334221926e-07,5.939733634919182e-05,1.4723842732786005e-06,1.2419875146458931e-08,5.633919664405231e-08,0.00020799043122695903
59,1.978579057976143e-07,1.72795736536006e-06,0.004174235385797388,4.5966850820395033e-05,0.2973911138601435,0.0004391818872025252,5.597553578340822e-07,0.0013518716212275203,0.17669593747392956,0.14132349137963318,1.718706671921164e-08,2.0543395803814186e-05,1.5493771807311844e-07,0.0001293341858919626,4.882554392015742e-05,0.10232723081448404,9.24607908787992e-09,1.592210881387032e-10,0.27576352804444443,6.061491856687965e-07,6.289785567788654e-05,1.4574868695510455e-06,1.2704208798611441e-08,6.3845526285692e-08,0.00022103441451932655
60,1.588069606051355e-07,1.5993015664983313e-06,0.0032652699874557082,4.139574333226541e-05,0.2843377082322172,0.00046006757476659476,4.7027857893413893e-07,0.0011361689395262718,0.17515608672030533,0.13993888408346408,1.4757925366111878e-08,1.729015189000472e-05,1.3325950498126048e-07,0.000130593124689421,4.779636606256899e-05,0.09801394390269944,7.128069674137691e-09,1.24988134208467e-10,0.29719188998728135,5.141370781134549e-07,5.638593806213915e-05,1.389525115298802e-06,1.1159728022955959e-08,4.359364904944927e-08,0.00020217717508302569
61,1.8082205294971015e-07,1.7419156157706863e-06,0.004184670183928597,4.39606246899005e-05,0.30161471145603236,0.00043654222823164636,5.21079766595452e-07,0.001247567495750357,0.18263535366020592,0.13387691845464975,1.7139901080511393e-08,2.0063862305236175e-05,1.5304112486905265e-07,0.0001324227606295139,4.818854868956536e-05,0.09558137209195056,8.446079580421691e-09,1.442899184372783e-10,0.2799016354136408,5.86657363282395e-07,5.9381979652664755e-05,1.4187770343532038e-06,1.1453987915913086e-08,5.631720013972806e-08,0.00021251544522662806
62,1.588069606051355e-07,1.5993015664983313e-06,0.0032652699874557082,4.139574333226541e-05,0.2843377082322172,0.00046006757476659476,4.7027857893413893e-07,0.0011361689395262718,0.17515608672030533,0.13993888408346408,1.4757925366111878e-08,1.729015189000472e-05,1.3325950498126048e-07,0.000130593124689421,4.779636606256899e-05,0.09801394390269944,7.128069674137691e-09,1.24988134208467e-10,0.29719188998728135,5.141370781134549e-07,5.638593806213915e-05,1.389525115298802e-06,1.1159728022955959e-08,4.359364904944927e-08,0.00020217717508302569
63,1.6829572939695615e-07,1.8029253299638799e-06,0.0033104201402662996,4.1337699301921844e-05,0.27859972244710146,0.0004654343303795968,4.899713533700995e-07,0.0011309756559538615,0.18458124613321486,0.14082534838763267,1.574143670169158e-08,1.6873253178058284e-05,1.4074507702768543e-07,0.00013034011839499195,5.0541804536094615e-05,0.09268243038429666,7.480539867350893e-09,1.332470770359033e-10,0.2978926753651777,5.205744695128039e-07,5.64645991330656e-05,1.4542287569937015e-06,1.1197946499741994e-08,4.686258604352796e-08,0.00021153152496021933
64,1.594277456784296e-07,1.5531984800182186e-06,0.003038519414184703,4.133471162183486e-05,0.2933741651453888,0.00044456012596023393,4.4566489056112554e-07,0.0011974257758497256,0.15533397484777506,0.13644950962162516,1.601370983995608e-08,1.8126231761622255e-05,1.1196318137609002e-07,0.00012543060182285012,5.3240873259876186e-05,0.10067579219448301,8.290186099921783e-09,1.3268557142600672e-10,0.308970610147657,4.6320095576396124e-07,7.417967525123074e-05,1.4611494213860428e-06,1.2273664759603689e-08,4.540819015712128e-08,0.00019885391024786192
65,2.6008751079287934e-07,2.895867023232187e-06,0.003311085000333998,2.9667586619846644e-05,0.11268711117810086,0.00013956663100837686,8.30897917334249e-07,0.0015146044423893987,0.4283984115658801,0.09280349262065113,1.2235245844613598e-08,5.416271353545723e-06,1.6475594265173547e-07,4.996234968157281e-05,6.926826723790776e-05,0.03888860521181008,8.011845975970825e-09,5.96740087128231e-11,0.32178385961902145,3.4919146592832454e-07,2.264597431831139e-05,8.079689917765243e-07,5.995913132734492e-09,1.0416094534072442e-07,0.0002908640491173255
66,3.0240578474388093e-07,2.854798127293356e-06,0.003666656451038238,4.634225843114284e-05,0.3988493162915378,0.00046718751973089383,4.6704274249666124e-07,0.0012930783395068103,0.151056384628916,0.10568490556288952,2.7689591586324723e-08,2.480052500299217e-05,1.2559058235229005e-07,0.0001415887207415662,0.00011131151582474174,0.07155210206311725,2.103158047937111e-08,2.5205078372151373e-10,0.26665096738151683,3.4889051970740764e-07,0.00011002341853665664,2.3480108429885785e-06,2.4310189553438203e-08,1.067826704840917e-07,0.00033870851852708147
67,2.2758961342390342e-07,1.191367985942094e-06,0.006313448593072665,5.124850430292462e-05,0.2695991741619133,0.0011463040575098856,9.378314268197868e-07,0.000775911228148736,0.13966987398843494,0.1120937423601096,2.8660477838428733e-08,4.071135305970295e-05,1.852284128763163e-07,0.0002831280297401915,6.903481620650099e-05,0.27117591544439323,7.075866230950477e-09,2.2053887238094983e-10,0.19842123474968618,1.4105459354713045e-06,7.098185580033948e-05,1.6394659471509563e-06,3.244917909694922e-08,4.392824100775484e-08,0.00028358649399705084
68,2.822221215922195e-07,1.7727323140100946e-06,0.003997527224708022,5.022060908483543e-05,0.24268106583652838,0.0008290071054184834,6.84063735451321e-07,0.001388873016461463,0.19892557015761328,0.1525586050719681,2.9084774933740543e-08,2.9365777295659527e-05,1.37655405764134e-07,0.000131138353363492,6.891142960031899e-05,0.13743546603106815,1.2032851265602804e-08,3.208324267434417e-10,0.2614994530021756,9.505271996573447e-07,9.259821608862636e-05,2.3580938948758854e-06,2.0139245733396947e-08,6.451395275367386e-08,0.000305886782297274
69,1.1407085745937651e-07,1.5527817761011768e-06,0.0020427494934811686,3.1195779146747556e-05,0.3520721476690903,0.0005355791426319409,3.1973913799270665e-07,0.000790068499389519,0.14390799402039234,0.12096922397471052,1.4118906920915954e-08,1.4396737274198853e-05,1.0053992120298966e-07,0.00014406907544582616,5.2384340324310364e-05,0.07435648269820447,5.57055794182132e-09,1.0181584327064947e-10,0.3048838609721532,2.785375091338306e-07,5.592278561191412e-05,1.6329282942995579e-06,1.149305874710883e-08,2.809990462219823e-08,0.00013986683040338106
70,2.3739389027110712e-07,1.7957354601948115e-06,0.010823785513673505,5.062488960053016e-05,0.40620404367308527,0.0009945100595734144,7.055983267993814e-07,0.00039068423750492586,0.16645691751316058,0.10615218510222663,1.777805662761122e-08,4.849905977781987e-05,3.223829890664492e-07,0.0006622170456503752,4.037494001500477e-05,0.14854666317787094,4.311462145929406e-09,1.7375318642297024e-10,0.1592839733762809,9.156761247911463e-07,4.172592116594574e-05,1.5410081061800186e-06,1.3496460317247487e-08,3.060563752555309e-08,0.00029821133014691
71,9.907857173081665e-08,1.8088814058220801e-06,0.002495475823394063,3.421461848778371e-05,0.3582442789855515,0.00042964192528136024,2.817274571807188e-07,0.0007680412869436829,0.16470839269277843,0.13945764128490185,1.0917027720824987e-08,1.1581591590458075e-05,1.1381802991604163e-07,0.00012609081637949383,4.235730984984771e-05,0.0630740514496637,4.968730027209056e-09,8.305149412902895e-11,0.2703937898505436,2.7918633150962127e-07,4.522865173357999e-05,1.0938803172365654e-06,7.62433740970933e-09,3.1671236435099605e-08,0.0001654818764040366
