,0,1,2,3,4,5,6,7,8,9,10,11,12,13,14,15,16,17,18,19,20,21,22,23,24
0,8.101542769908276e-08,0.7716288890751609,5.956516357502521e-07,6.703035809574381e-06,6.838240903651134e-07,3.090109850720341e-05,2.5858672947667524e-08,3.5262751471488717e-06,1.9415076438779808e-05,6.461071372093301e-09,5.588196814489904e-07,6.732274717963472e-06,1.88529855458384e-11,1.5435850343691187e-08,0.0004063899883008584,6.647783195882571e-07,1.034322177765534e-06,2.922322321943629e-07,0.00022459953597965196,2.2227771080109854e-11,1.0717904629839865e-06,0.2276282312560181,1.1244543170466667e-07,1.5090623630349073e-08,3.9454617161131816e-05
1,7.684485107146289e-08,0.807226482149115,7.112498607831437e-07,5.19581283313038e-06,8.011321976211703e-07,2.8357590671357728e-05,1.9303744310825926e-08,3.2246234855509437e-06,2.1294464695845812e-05,6.4356118114022885e-09,5.371250370177617e-07,5.2599845610217305e-06,1.594183900104926e-11,1.2052225459602535e-08,0.00041073929544509344,5.813250814279609e-07,8.556395344541981e-07,2.1449403541804311e-07,0.00025940321110578125,1.8756844854706032e-11,1.0165528531577412e-06,0.19200072587252295,9.114980113642608e-08,1.1752780029551e-08,3.438190325180601e-05
2,7.413289585452817e-08,0.83051346757675,5.720472137916737e-07,3.6394802022399907e-06,9.285442793618169e-07,2.4333992128676915e-05,2.1050296536294373e-08,2.8730201748716113e-06,2.1301044333732626e-05,6.628547004527298e-09,7.453706042584119e-07,7.3617934166414574e-06,1.4439262775791424e-11,2.2317445679548775e-08,0.0006830934860287235,3.6453817950355904e-07,8.468063416121774e-07,2.3680921359711126e-07,0.0001797393694408447,2.2115369464650022e-11,1.1908292390420865e-06,0.16850204839458982,1.3761580891929642e-07,1.3132657065295486e-08,5.698198365768876e-05
3,6.577967417661102e-08,0.7910392305354493,5.001799616603529e-07,4.446870774996196e-06,6.430524642788785e-07,2.8025775755455736e-05,2.3853117636602123e-08,2.593363031531738e-06,1.4850054090247967e-05,5.1318129201409595e-09,4.819930179813257e-07,6.623212587612059e-06,1.3709872990966732e-11,1.712109613836715e-08,0.00045531683402468063,4.808359755486194e-07,9.533185344949646e-07,2.6753495629878033e-07,0.00019216766346380332,1.781783520682674e-11,1.1604459330890304e-06,0.20820788326767872,1.1677046211399497e-07,1.5625421507318705e-08,4.4130749187872865e-05
4,7.356591898288002e-08,0.7969953287098935,5.397182701661816e-07,4.634718602074343e-06,6.911443518232914e-07,2.9785020214817427e-05,2.57467154597325e-08,2.7889143701269507e-06,1.4814960939366637e-05,5.59998963114887e-09,4.908879487764038e-07,6.854378849863444e-06,1.6604068855157634e-11,1.970177740536621e-08,0.0004654920407076594,5.358696920232957e-07,1.0233462697601331e-06,3.014003688737971e-07,0.00021928027274341528,2.006834125425159e-11,1.2116605019230602e-06,0.20221101183138251,1.234215349535932e-07,1.841752362655703e-08,4.4948634760731096e-05
5,5.9143879514799124e-08,0.8007889638150677,3.9966512141513695e-07,4.8169542479195215e-06,5.450950215965897e-07,3.019121322573422e-05,2.049269320888014e-08,2.4309428851908864e-06,1.3864760411247708e-05,4.391102714248808e-09,4.2643684939549075e-07,5.70674546314237e-06,1.3255278848763431e-11,1.494175141874274e-08,0.00040914193382616106,4.820560895175657e-07,8.588731157815385e-07,3.116205256709261e-07,0.00018498505338864328,1.789599484858623e-11,1.0626742894178854e-06,0.19851781408979563,1.1509947900092465e-07,1.456651735558901e-08,3.7769404101307006e-05
6,6.577967417661102e-08,0.7910392305354493,5.001799616603529e-07,4.446870774996196e-06,6.430524642788785e-07,2.8025775755455736e-05,2.3853117636602123e-08,2.593363031531738e-06,1.4850054090247967e-05,5.1318129201409595e-09,4.819930179813257e-07,6.623212587612059e-06,1.3709872990966732e-11,1.712109613836715e-08,0.00045531683402468063,4.808359755486194e-07,9.533185344949646e-07,2.6753495629878033e-07,0.00019216766346380332,1.781783520682674e-11,1.1604459330890304e-06,0.20820788326767872,1.1677046211399497e-07,1.5625421507318705e-08,4.4130749187872865e-05
7,1.534582909466195e-07,0.737222264134698,9.79919938880768e-07,7.296475666217156e-06,1.0127132299393063e-06,2.922898164851239e-05,3.6306687564141934e-08,5.54987475377464e-06,2.386393570779812e-05,1.4096399002059793e-08,7.916084655619063e-07,8.263780720069465e-06,3.224773058784609e-11,2.1128849802944996e-08,0.0004638173957581811,6.829151839350333e-07,1.3503897783915285e-06,2.421894884747496e-07,0.00034458600427588474,2.737505399495006e-11,9.306103390410663e-07,0.2618383568127292,9.504319456819375e-08,2.1735403391571515e-08,5.044042917007979e-05
8,6.256413157603862e-08,0.7922256632498252,4.6610817997686186e-07,4.317895627770861e-06,6.136563766441925e-07,2.7775773630446296e-05,2.2574714450386586e-08,2.55343827356179e-06,1.4611531767572855e-05,4.722808654986269e-09,4.5776843985418233e-07,6.2249570674188255e-06,1.296061138002727e-11,1.5572043822097944e-08,0.0004427587233856879,4.7388529741008783e-07,9.070863645978054e-07,2.6683467320767763e-07,0.0001913731226059754,1.663602808362783e-11,1.1054204492384692e-06,0.2070391363081541,1.0922233903657254e-07,1.4495914475994544e-08,4.106505833286444e-05
9,6.515822325603606e-08,0.7712322697384314,5.713546184854576e-07,4.7978484847868345e-06,6.959843331978975e-07,3.485296099123802e-05,2.5008882010130648e-08,3.1505500859023663e-06,1.6454221677058707e-05,4.800739068596878e-09,4.28454678856286e-07,6.657796446701295e-06,1.525422920349205e-11,1.3274873708985887e-08,0.00040932044182157663,6.58237530781115e-07,1.033126884163027e-06,3.040173020808146e-07,0.00023523131715355252,1.8741297849282284e-11,1.327219471965707e-06,0.22801798719831176,9.90636332259886e-08,1.4842420501797693e-08,3.403734900890605e-05
10,6.577967417661102e-08,0.7910392305354493,5.001799616603529e-07,4.446870774996196e-06,6.430524642788785e-07,2.8025775755455736e-05,2.3853117636602123e-08,2.593363031531738e-06,1.4850054090247967e-05,5.1318129201409595e-09,4.819930179813257e-07,6.623212587612059e-06,1.3709872990966732e-11,1.712109613836715e-08,0.00045531683402468063,4.808359755486194e-07,9.533185344949646e-07,2.6753495629878033e-07,0.00019216766346380332,1.781783520682674e-11,1.1604459330890304e-06,0.20820788326767872,1.1677046211399497e-07,1.5625421507318705e-08,4.4130749187872865e-05
11,7.281756341111423e-08,0.7803957113188705,5.601959306750388e-07,4.8079024934498946e-06,6.837430045253062e-07,3.0426451338009714e-05,2.6350274332577404e-08,3.0402278228984886e-06,1.565607756598624e-05,5.98666871324647e-09,5.03295494440749e-07,7.244564249723737e-06,1.7093601377288645e-11,1.8140284843241866e-08,0.0004598358479572611,5.517178917815714e-07,1.066805325855543e-06,2.94745547141239e-07,0.00021633910291924774,2.0469512875485922e-11,1.2129951493130203e-06,0.21881772030510258,1.1801413911174833e-07,1.7883726868752207e-08,4.408547311612045e-05
12,8.350151066011734e-08,0.9003681711971321,5.396409525341352e-07,4.293293806233412e-06,2.2629252735759164e-06,3.6195494649856165e-05,4.838910218151905e-08,1.0223272270215326e-06,1.5171277204498646e-05,3.946459167503133e-09,6.180699692083046e-07,9.299186796339307e-06,1.371711026222255e-11,1.0546558567784885e-07,0.0006324040698022546,4.949906123220995e-07,1.2605901688880846e-06,5.776827672612265e-07,0.00014082126386163782,4.4921489740273513e-11,3.1080962832599422e-06,0.09862795068303672,5.851771371118348e-07,3.678281580861511e-08,0.00015494588920697715
13,8.511659688580483e-08,0.7848225201497327,6.969730702097557e-07,4.948212293212143e-06,8.2386880372732e-07,2.718858578489318e-05,2.994524723412842e-08,3.1245240638887875e-06,1.8602129826188197e-05,6.585212845169879e-09,7.919219886196937e-07,9.853245757360882e-06,1.7477779591859688e-11,2.7371141246011557e-08,0.0006363911795837441,5.522542614071462e-07,1.1178458386548058e-06,3.0799545790513056e-07,0.00018991409267444064,2.5308197319297698e-11,1.5234952793672625e-06,0.2142253317516658,1.6326267960943107e-07,1.766690485399111e-08,5.5981783349099086e-05
14,5.008131785141964e-07,0.1341573862074389,7.648460752566183e-07,8.048204568042923e-06,7.475881034007099e-07,4.008152543505743e-05,5.210064651128684e-07,9.419883650679032e-06,2.8888885042287997e-05,3.307993611736311e-08,9.309577401069585e-07,0.00019193952452277468,2.8669029761947393e-11,1.7534549165427736e-07,0.0004224778304643234,9.049741042400811e-07,1.436193139189805e-05,2.385053441929706e-07,6.81966973317224e-05,2.8606611318338698e-11,3.6975228352330612e-06,0.8645656238212005,3.5611636488405743e-07,1.16459599056242e-07,0.00048458821644063277
15,6.577967417661102e-08,0.7910392305354493,5.001799616603529e-07,4.446870774996196e-06,6.430524642788785e-07,2.8025775755455736e-05,2.3853117636602123e-08,2.593363031531738e-06,1.4850054090247967e-05,5.1318129201409595e-09,4.819930179813257e-07,6.623212587612059e-06,1.3709872990966732e-11,1.712109613836715e-08,0.00045531683402468063,4.808359755486194e-07,9.533185344949646e-07,2.6753495629878033e-07,0.00019216766346380332,1.781783520682674e-11,1.1604459330890304e-06,0.20820788326767872,1.1677046211399497e-07,1.5625421507318705e-08,4.4130749187872865e-05
16,1.064726138174264e-07,0.7425330299945138,1.1421795417655832e-06,6.5907530795486125e-06,9.845448582289964e-07,4.4608533366479527e-05,5.415107598606898e-08,3.95304412419473e-06,1.5926634438265425e-05,6.770485051223593e-09,8.139904084011785e-07,1.608624045441797e-05,3.339251691370917e-11,4.238538293267728e-08,0.0006710589485828375,1.3554134124131282e-06,1.781650831432162e-06,6.60642593729972e-07,0.0002788479066244503,4.545958888635692e-11,3.2196874121239594e-06,0.2563732960123921,2.3728017256663612e-07,3.553190163134047e-08,4.61611528816841e-05
17,1.3569446821739355e-07,0.7060032145517067,7.853951586623459e-07,7.139341168572461e-06,1.12381897145989e-06,2.9179176014896305e-05,7.042618869070344e-08,4.254007349301621e-06,2.14984409329123e-05,7.454019343587375e-09,8.554827323430859e-07,1.758033464346651e-05,2.2915815536122213e-11,4.7734829193313524e-08,0.0006184784106736877,7.121844330978999e-07,1.7588968121839481e-06,3.668428110449299e-07,0.0001592568433658927,3.007502580890665e-11,2.0868355078825425e-06,0.29303878738191885,2.0849466308959076e-07,2.7776286113996234e-08,9.24244223534683e-05
18,7.447505557566892e-08,0.7601043653200428,2.6533475485796755e-07,3.06662701449752e-06,5.590202459619867e-07,2.020901740073702e-05,2.5065495885017824e-08,1.7049806227536764e-06,1.2747482684048265e-05,4.455616864257217e-09,4.1140808783079194e-07,4.676379927559631e-06,7.87032850274589e-12,1.8560693459979526e-08,0.00040927523738511267,2.2676389837468254e-07,1.5369238294846077e-06,2.635275394757936e-07,0.00016350235338245044,1.2154939184120024e-11,9.417071213273391e-07,0.23919076693556446,1.2916296886802517e-07,1.6445638055912305e-08,8.521279500419759e-05
19,7.736641225685375e-08,0.6686296728105758,7.93338128830164e-07,6.731163594956745e-06,7.651876936056829e-07,4.072776500502583e-05,4.1933341477639154e-08,5.159195517845781e-06,1.9611857045851594e-05,1.099305782754562e-08,5.402328126760884e-07,1.1995234647006835e-05,2.553433839166464e-11,1.4631186336781597e-08,0.0004162561279934117,7.105074180348083e-07,1.2820989444976926e-06,2.397412498285832e-07,0.0002018487950715192,2.6709308818096065e-11,1.2573035167338027e-06,0.33061531214549666,9.729408171005012e-08,2.123937010670418e-08,4.683298559430651e-05
20,3.359281524137627e-08,0.7796521236908014,3.084999550402647e-07,2.9736596107237014e-06,3.442622383830098e-07,2.6351161283301746e-05,1.4606346066316934e-08,2.229335558155597e-06,1.147750751667995e-05,3.5861963374642192e-09,3.86656991981134e-07,6.373234377079137e-06,8.359399327905479e-12,9.585770885556661e-09,0.0005001041782160373,3.019430486918189e-07,6.258273665101011e-07,2.1760737326388817e-07,0.00011395796048291252,1.2115596452738367e-11,1.0465966153083896e-06,0.2196513305508929,8.890186275514616e-08,9.793875974156295e-09,2.9687240329411064e-05
21,1.0838927550280392e-07,0.8050432302728218,8.057055034771863e-07,6.808103120690377e-06,8.914083042980914e-07,3.037777067425308e-05,3.4260392226400164e-08,3.0533390221592044e-06,2.0025506922934085e-05,5.849284285665339e-09,8.889798255677446e-07,1.0398860814891652e-05,1.9713905378000703e-11,3.471947750525214e-08,0.0006420814715133741,7.811410755296413e-07,1.029700570486137e-06,3.8178137298510876e-07,0.00020417443934325126,3.016669397693824e-11,1.8122946398585866e-06,0.19398055546803084,2.0564084560544314e-07,1.8685680368980658e-08,5.2296161607610556e-05
22,8.516222432712834e-08,0.7219905470147063,9.076000961861197e-07,6.462733737456229e-06,8.096036965863986e-07,3.038907875483095e-05,3.2544824220279436e-08,3.1433981924318878e-06,1.9696884119841576e-05,7.913951759217652e-09,8.757890146687796e-07,8.812295259178824e-06,1.9663769302441913e-11,2.006870686905252e-08,0.0005069290314497635,7.048713972832152e-07,1.7433112159918688e-06,3.673656155488856e-07,0.00021453424119961023,3.3329854403041384e-11,1.9562028559167995e-06,0.27716141219136164,1.8371009188470546e-07,1.8441761005095595e-08,5.0360492773195464e-05
23,6.577967417661102e-08,0.7910392305354493,5.001799616603529e-07,4.446870774996196e-06,6.430524642788785e-07,2.8025775755455736e-05,2.3853117636602123e-08,2.593363031531738e-06,1.4850054090247967e-05,5.1318129201409595e-09,4.819930179813257e-07,6.623212587612059e-06,1.3709872990966732e-11,1.712109613836715e-08,0.00045531683402468063,4.808359755486194e-07,9.533185344949646e-07,2.6753495629878033e-07,0.00019216766346380332,1.781783520682674e-11,1.1604459330890304e-06,0.20820788326767872,1.1677046211399497e-07,1.5625421507318705e-08,4.4130749187872865e-05
24,6.588853931713328e-08,0.809474520188833,4.398329662508638e-07,5.285192524153741e-06,6.776279139016658e-07,2.7724785705963555e-05,2.2616677751782997e-08,2.4218691849624184e-06,1.5538776388212634e-05,4.8828719361428565e-09,4.826112022893432e-07,6.306440607344462e-06,1.3824432518506885e-11,1.788326266666588e-08,0.00042424894557582853,4.562538518326931e-07,8.151731748851079e-07,2.783518726358959e-07,0.0001682741608922465,1.961412700637933e-11,1.056954214637049e-06,0.18982570944117988,1.2719472257433063e-07,1.4718434925825872e-08,4.5510175964032356e-05
25,1.6289840096856415e-07,0.6655178502307754,1.1719355848900246e-06,8.934256636055526e-06,1.2629135506614246e-06,3.2459249812786683e-05,7.417845020485168e-08,6.909852212889451e-06,2.9016209960078872e-05,1.3362420254140706e-08,1.5385398189944262e-06,2.26925982845466e-05,3.980253947423529e-11,4.958792027763988e-08,0.0008053332899186675,9.668131566094784e-07,2.0006094456328363e-06,4.461259622387138e-07,0.0002072197477660175,5.0624197122481714e-11,2.04013865351175e-06,0.3332781766564203,2.1489074108206114e-07,2.8427212779830516e-08,8.143739646862109e-05
26,7.058200601559127e-08,0.8166934587391946,4.085864708700489e-07,4.265172014983481e-06,6.263608016527605e-07,2.889056135812215e-05,1.7420294171406548e-08,2.118898442975814e-06,1.5710943207183917e-05,4.582170692801881e-09,3.560927396415063e-07,3.854568961274723e-06,1.2858437188958438e-11,1.2075724580575058e-08,0.00031948589964748416,4.3707604218620435e-07,1.1081082192397805e-06,2.9313624332688756e-07,0.00024347441660759598,1.5431325581618307e-11,1.0175295782014712e-06,0.18264173151393967,1.1252160856763343e-07,1.462669070701088e-08,4.2530559746430814e-05
27,4.580972612034023e-08,0.8048781375972105,2.579613780512994e-07,3.4532531365021223e-06,4.122648115799529e-07,2.2133687626026167e-05,1.4258844784057097e-08,2.1316801154275566e-06,1.430285405315652e-05,3.853263557883106e-09,3.683418846986871e-07,4.168910692881377e-06,7.419433689577938e-12,9.141557503096525e-09,0.00039448321429443663,2.614689908117994e-07,5.98607707668594e-07,1.7041520527010148e-07,0.00013977343498856046,9.614851585926296e-12,6.041960050525863e-07,0.1944998316666392,7.353430316508594e-08,8.351982084421766e-09,3.8755478548665603e-05
28,6.577967417661102e-08,0.7910392305354493,5.001799616603529e-07,4.446870774996196e-06,6.430524642788785e-07,2.8025775755455736e-05,2.3853117636602123e-08,2.593363031531738e-06,1.4850054090247967e-05,5.1318129201409595e-09,4.819930179813257e-07,6.623212587612059e-06,1.3709872990966732e-11,1.712109613836715e-08,0.00045531683402468063,4.808359755486194e-07,9.533185344949646e-07,2.6753495629878033e-07,0.00019216766346380332,1.781783520682674e-11,1.1604459330890304e-06,0.20820788326767872,1.1677046211399497e-07,1.5625421507318705e-08,4.4130749187872865e-05
29,6.577967417661102e-08,0.7910392305354493,5.001799616603529e-07,4.446870774996196e-06,6.430524642788785e-07,2.8025775755455736e-05,2.3853117636602123e-08,2.593363031531738e-06,1.4850054090247967e-05,5.1318129201409595e-09,4.819930179813257e-07,6.623212587612059e-06,1.3709872990966732e-11,1.712109613836715e-08,0.00045531683402468063,4.808359755486194e-07,9.533185344949646e-07,2.6753495629878033e-07,0.00019216766346380332,1.781783520682674e-11,1.1604459330890304e-06,0.20820788326767872,1.1677046211399497e-07,1.5625421507318705e-08,4.4130749187872865e-05
30,6.577967417661102e-08,0.7910392305354493,5.001799616603529e-07,4.446870774996196e-06,6.430524642788785e-07,2.8025775755455736e-05,2.3853117636602123e-08,2.593363031531738e-06,1.4850054090247967e-05,5.1318129201409595e-09,4.819930179813257e-07,6.623212587612059e-06,1.3709872990966732e-11,1.712109613836715e-08,0.00045531683402468063,4.808359755486194e-07,9.533185344949646e-07,2.6753495629878033e-07,0.00019216766346380332,1.781783520682674e-11,1.1604459330890304e-06,0.20820788326767872,1.1677046211399497e-07,1.5625421507318705e-08,4.4130749187872865e-05
31,1.0469714792578383e-07,0.770669544441628,8.555674482667332e-07,4.978648631982635e-06,8.196813097685949e-07,3.088216149756764e-05,2.6048975214233968e-08,4.6495756060991335e-06,1.9382250280917998e-05,7.082577179726015e-09,5.96052381563694e-07,9.6315746131726e-06,2.6326858621498118e-11,2.108653045336612e-08,0.000500472224823571,7.255168859193314e-07,1.2971165241725407e-06,3.4778699110648555e-07,0.0002989714941082653,2.3803586599175854e-11,1.4784850997331152e-06,0.22841630843600794,1.0976738716388205e-07,1.9867239449518207e-08,3.8770386173842046e-05
32,6.375681004227152e-08,0.8073774627678549,4.76972675916058e-07,4.087694232986225e-06,6.118880563255263e-07,2.7416613573389182e-05,2.030200903361246e-08,2.3998431961833846e-06,1.3787157733920642e-05,4.782834045650774e-09,4.2693666802116727e-07,5.530848976569075e-06,1.3407234844573563e-11,1.5406680867963503e-08,0.0004206182908005609,4.614484674995932e-07,9.105894514394652e-07,2.6729531687595417e-07,0.0002130903646478487,1.6395667992519004e-11,1.0766385733851222e-06,0.19189155694907267,1.0729232789389679e-07,1.525839803656627e-08,3.9590871839085645e-05
33,9.927483387325755e-08,0.8612281152190728,1.2793530519013248e-06,6.376981554432303e-06,2.115118864106465e-06,2.4342914272566714e-05,2.6764120813919242e-08,3.508013331730023e-06,8.592974504369652e-05,1.324259549060626e-08,5.127302313784476e-06,1.716455658887621e-05,8.255813828973433e-12,4.2273796143600116e-08,0.0024332539083098703,2.506284180212542e-07,5.900737580138452e-07,1.2286850159269164e-07,5.754539251126205e-05,4.7085722306982114e-11,2.9198986811396147e-06,0.13595772458052371,4.5200116025537e-07,4.679055171800777e-09,0.0001729951542992231
34,1.5659394838125226e-07,0.8315584110011065,7.950908992748395e-07,4.816264895574024e-06,1.0233662131249104e-06,2.0740963216007705e-05,2.295014525751681e-08,3.0950913683495957e-06,1.992384199874594e-05,6.102938291456266e-09,6.914671978478568e-07,5.537452820128416e-06,1.991219757499485e-11,2.6421316956484682e-08,0.00048543160491511933,5.690318122106686e-07,1.1190745661424977e-06,2.997496621335984e-07,0.0003593462010577468,1.921575271805976e-11,1.1053046331165947e-06,0.16749071884197858,1.1681803412984832e-07,1.6965686042332467e-08,4.60297604622489e-05
35,7.009139675542789e-08,0.7721939477150549,3.0873206523065434e-07,4.336152626868123e-06,4.624101918640052e-07,2.036406561743017e-05,1.1287965934584864e-08,3.8894129788729876e-06,2.6053627734338945e-05,4.369656542381574e-09,3.8405676691293294e-07,3.6395970367002833e-06,8.366376672710408e-12,5.128357698734602e-09,0.00031041382335283415,2.877236597708953e-07,6.085904869059559e-07,1.361280987208602e-07,0.00018355160353101616,7.660522350498052e-12,4.4807485405242906e-07,0.227222000823419,4.061781276515685e-08,4.948200466459928e-09,2.9031003107494666e-05
36,4.074199203838003e-08,0.9356278708487453,4.7014870743731684e-07,3.349305139808476e-06,6.950201794118909e-07,2.3393623345540855e-05,6.2334367489114755e-09,9.655639977291608e-07,1.1943533794388517e-05,3.793219810429491e-09,3.1083137394122686e-07,1.4474834295923226e-06,8.182347757454365e-12,8.941190644407509e-09,0.0002925620434937389,2.863611538857052e-07,3.0570735807645473e-07,1.334747536702031e-07,0.0002284140403928057,1.3655910677569966e-11,6.594848213027984e-07,0.06378362374615813,9.078782577516665e-08,8.097149474711902e-09,2.3410166502379488e-05
37,1.0453650644107068e-07,0.7975757332704049,7.067321117840771e-07,5.130667409835397e-06,8.780059221615311e-07,3.254633716214069e-05,4.040294748409397e-08,2.551522958273943e-06,1.2811640573862202e-05,5.500132600598864e-09,5.512174649524417e-07,9.380727019936684e-06,2.1490083217154208e-11,4.0646429775472196e-08,0.0005235644038795779,7.587893750768346e-07,1.4720643888091226e-06,4.6636132017308925e-07,0.00025720400020707283,2.725403230537583e-11,1.975095430304938e-06,0.20151567959270347,1.9913875396553728e-07,3.287287591010592e-08,5.816642527739377e-05
38,5.082569432327577e-08,0.7986621342506861,5.292376407971583e-07,4.227864483158698e-06,5.345858095327313e-07,3.979099573973574e-05,2.537325625443087e-08,2.2891579568453994e-06,1.1451161568402094e-05,4.008453609464934e-09,4.392274512771961e-07,7.008319360757917e-06,1.4057479799283413e-11,1.7123267317665436e-08,0.0005029975605776695,6.823961378140721e-07,9.383095126276237e-07,3.758532611783215e-07,0.00021145428167244936,2.0471417867882056e-11,1.6894305691429437e-06,0.2005198027687362,1.39933225652676e-07,1.8222138598161267e-08,3.3399078271768634e-05
39,3.614101817114104e-08,0.7476497121857079,5.776118105291709e-07,3.789186054202521e-06,4.656161423026859e-07,4.261410017229655e-05,1.8833292761795057e-08,2.8632306940759015e-06,1.185197082868425e-05,3.4594883156172766e-09,2.67394924831368e-07,7.3308664882884e-06,1.3174059099056559e-11,8.348283367158075e-09,0.0003496276550774505,7.137530588742147e-07,1.018939326036268e-06,3.0628701039670887e-07,0.00020625284315160255,1.6112740527680412e-11,1.8701456146709845e-06,0.25169853408946585,8.660308195439875e-08,1.4217162928456932e-08,2.2036492857626266e-05
40,2.311725686402639e-08,0.525169223838359,1.0841610040592778e-07,1.4443057657212818e-05,8.828182041094869e-08,0.00011984639494703804,9.239460413159324e-09,3.416470601906541e-06,1.8402088307384203e-05,9.703642717356718e-09,1.7471384692494958e-07,1.804135954333031e-06,9.739881593879364e-12,6.539716718732405e-10,0.00010575358547820256,7.124214329120302e-07,9.828599788286562e-07,2.2327007630225653e-07,0.00017537357192160924,1.0660865611737366e-11,3.651717453897225e-07,0.47437749618305414,4.936652913183912e-08,6.546944498491712e-09,1.1486890512053718e-05
41,5.360627588205564e-08,0.904890205641403,3.661710637328301e-07,4.174959653535938e-06,7.180141736844113e-07,1.9296998738099343e-05,8.981518747918218e-09,2.320974211994728e-06,2.0406433312723082e-05,3.2340783723984144e-09,4.3927158591428505e-07,2.7031891198190476e-06,1.0500260753242588e-11,1.0018192540236319e-08,0.00039699519928413653,3.971588792646651e-07,3.213761953934374e-07,1.762109394502305e-07,0.0001948522718709589,1.2351392031628028e-11,5.377232826881733e-07,0.09444417673839985,6.814870968577495e-08,5.834542123175828e-09,2.176182171670209e-05
42,2.801157024836872e-07,0.855357837845549,1.042977470386041e-06,6.927695886060607e-06,3.5605760934562944e-06,3.96739698363762e-05,1.3556511285745684e-07,2.3519505168384306e-06,2.438446956534283e-05,1.7078657715296256e-08,2.2842044246230737e-06,1.9982926863544827e-05,4.1147856162200074e-11,3.3775081548679847e-07,0.0013309185064963864,6.189873029045355e-07,2.4512720755183907e-06,7.72613491235482e-07,0.00022336700460101033,1.0355149324848102e-10,3.0005307742564277e-06,0.14262045445019053,9.425698017037004e-07,8.263945346046889e-08,0.0003585741546196335
43,4.1687103594993064e-08,0.7188919555970633,5.843007702561927e-07,4.745632783403875e-06,5.156289253257409e-07,4.400481239055259e-05,1.9585713066262913e-08,3.3595567160205982e-06,1.4294672854009347e-05,6.561249263289596e-09,3.0969898596549966e-07,5.763221145658099e-06,1.6825718497601236e-11,6.5808545580562895e-09,0.0003213641143513251,6.20585887171274e-07,1.1149773334893364e-06,2.4642659481035763e-07,0.00022529713631281507,2.0032631276107894e-11,1.4009543150603528e-06,0.28046156821109197,7.805290220162319e-08,1.4955587771248677e-08,2.2687012209952967e-05
44,6.577967417661102e-08,0.7910392305354493,5.001799616603529e-07,4.446870774996196e-06,6.430524642788785e-07,2.8025775755455736e-05,2.3853117636602123e-08,2.593363031531738e-06,1.4850054090247967e-05,5.1318129201409595e-09,4.819930179813257e-07,6.623212587612059e-06,1.3709872990966732e-11,1.712109613836715e-08,0.00045531683402468063,4.808359755486194e-07,9.533185344949646e-07,2.6753495629878033e-07,0.00019216766346380332,1.781783520682674e-11,1.1604459330890304e-06,0.20820788326767872,1.1677046211399497e-07,1.5625421507318705e-08,4.4130749187872865e-05
45,7.244877680516563e-08,0.7089472943172719,7.285202975424791e-07,5.220204306156032e-06,6.988305325454134e-07,4.5937247913718435e-05,3.461364328548567e-08,6.237399892101695e-06,1.8774309235834923e-05,8.912160654479914e-09,5.232834925334963e-07,1.133852596746855e-05,2.603877598855256e-11,1.5681417325881733e-08,0.0005396573663542576,8.363907369931863e-07,1.166486981971814e-06,3.1184622389021356e-07,0.00025873507768183466,2.5355881111662032e-11,1.3549510110768172e-06,0.2901283826491405,8.27368994252001e-08,2.0517032870319635e-08,3.256763163481667e-05
46,4.406491708089213e-08,0.916819028769721,3.09413956487938e-07,2.4686435955764557e-06,6.540266891735222e-07,1.851397200731349e-05,1.170216503696153e-08,1.3291386320940476e-06,1.3526809234023091e-05,2.920353549626104e-09,4.871387909249624e-07,3.8738766542397464e-06,7.345616161993206e-12,2.0121121433729832e-08,0.0006173085148702454,2.60488289430826e-07,3.1883438994060165e-07,1.72857614424304e-07,0.00012911881237163652,1.1648356739859806e-11,7.298681295974967e-07,0.08234995592520829,1.2140154597582868e-07,8.613609305383994e-09,4.1734067139244045e-05
47,1.220737725246761e-07,0.6614171756222667,8.861520546460984e-07,7.540208243869616e-06,6.47453439142305e-07,4.1621219818865266e-05,3.735426575223878e-08,4.35835344883259e-06,1.557096593790786e-05,7.923972885069805e-09,4.205341306101198e-07,1.0039708106285323e-05,2.6358619277853697e-11,1.7517777167829626e-08,0.00031224456490815263,1.0279825752398881e-06,1.9012334421996608e-06,3.587255837231068e-07,0.00034498462057091746,2.2741908165449076e-11,1.6177077040383926e-06,0.33780213707084167,1.0600336838100917e-07,2.8203580439469447e-08,3.714875108937258e-05
48,6.28887727682449e-08,0.7648590758675935,4.6505379931080875e-07,3.911935388567679e-06,5.505697502473009e-07,3.197760104556465e-05,2.0714388731174365e-08,2.71347892447023e-06,1.217132952207293e-05,5.784692484120078e-09,3.2573288776767097e-07,5.2949042165917905e-06,1.4541741136689545e-11,1.2847417084532874e-08,0.00034386928607256376,4.66424787588946e-07,1.224569718292611e-06,2.7470441353279665e-07,0.00026587714489250015,1.5906280249939173e-11,1.0113138174469928e-06,0.23443223297723667,8.542977504133335e-08,1.910118704195173e-08,3.835030925202076e-05
49,4.494758336899151e-08,0.7325484366267442,4.925264843625165e-07,4.419898164136487e-06,4.877963485501257e-07,3.287755942783959e-05,2.1380716061820872e-08,2.9906658693734464e-06,1.3708646829012801e-05,5.306418450622182e-09,3.6960675016499863e-07,7.5052139717865714e-06,1.3141000250504028e-11,9.453836316518442e-09,0.000382069859287948,4.7409979048410863e-07,8.64978441960306e-07,2.1644640467212182e-07,0.00016127364732510717,1.6116058013301634e-11,1.15030468160962e-06,0.26681063755578227,8.410628794732769e-08,1.3198015118972737e-08,3.1846145582096515e-05
50,2.3658218386025637e-07,0.665186886758161,1.129711696980546e-06,8.745017165378619e-06,1.3845604074513998e-06,3.9047062124913274e-05,9.667680196632341e-08,7.13908836032556e-06,2.4060991251732484e-05,1.902596888953231e-08,1.0559352156946516e-06,1.737535810020968e-05,4.941484103188365e-11,5.87741753030464e-08,0.0006270652816419793,1.052592730304438e-06,2.577741335436846e-06,4.351042166856253e-07,0.0003628566831278515,4.5473743919506766e-11,1.4650037123793444e-06,0.3336171381103126,1.6880734992387597e-07,5.0587568216234876e-08,9.995445150229882e-05
51,2.072451072036686e-06,0.563954295525672,1.2016990719261525e-05,1.3792304424949512e-05,2.0553063419565384e-05,0.00018469137640009562,9.13231855640093e-07,1.0990544997953683e-05,6.086558364075584e-05,1.3511154575720967e-07,2.974059595610724e-06,7.862604539851592e-05,5.151529556876748e-10,6.25885769672446e-07,0.0008993346865221984,8.427253859327555e-06,3.9886386625325875e-05,2.3399284265674255e-06,0.0027231095944401816,4.0433832529848136e-10,1.668676439493293e-05,0.4315308988691511,1.4553690687756182e-06,7.98527180290035e-07,0.00043450952632822473
52,7.684920826751204e-08,0.786496654143124,4.997175678613831e-07,5.939204824881306e-06,6.281708219787349e-07,4.0635918101725165e-05,1.8721019448419337e-08,4.724363737050507e-06,2.0287842460336156e-05,1.0708003247593408e-08,6.494132548128045e-07,7.0553041156084185e-06,2.2989836293838557e-11,1.3563428546093766e-08,0.0005661666315526932,5.380948927624494e-07,6.785319472855715e-07,2.9526596007906574e-07,0.0002582942731383596,2.8521396235441885e-11,7.376225891346449e-07,0.21256425663774797,8.46410498275243e-08,1.434518245064545e-08,3.173998476069707e-05
53,9.019429740596268e-08,0.7230709377439758,9.72724706201155e-07,8.3545291836077e-06,1.1575460749255715e-06,4.250622776180654e-05,7.334792652815371e-08,3.420203556875388e-06,2.227843202305335e-05,8.19285508548535e-09,1.131141559488498e-06,1.9978263857561564e-05,2.3807703805222003e-11,4.74474718194981e-08,0.0007544702062088197,9.486375459805721e-07,1.7005623360182265e-06,4.6802950457622285e-07,0.00013639578907764826,5.23926084750519e-11,3.223015838244285e-06,0.27584039944659305,3.566192306203603e-07,2.8352355710848014e-08,9.105326985869984e-05
54,1.4078542409255956e-06,0.326542267976044,6.383402617172323e-05,0.0001223748306588697,1.941506863485324e-05,0.00027368117995826965,4.619861113211182e-07,6.348222762643833e-05,0.00012772221717878324,3.6041532307462987e-07,1.704744638584747e-05,0.00021531220457916006,3.3908213814481865e-09,1.8713254842838407e-07,0.0009495674232410134,4.092328134477497e-05,4.26533919778683e-05,7.614994490341844e-06,0.001739042780738308,4.031066602633599e-09,6.0297400462440344e-05,0.6696602629887554,1.7904860970122518e-06,2.452734056387644e-07,5.003999213769407e-05
55,9.383012987738613e-08,0.6765295796092918,7.026159398397727e-07,6.706564543996203e-06,1.0064318668307369e-06,4.8693342849186036e-05,6.435968493009907e-08,6.3426697118546946e-06,2.411314669390962e-05,7.249811611308755e-09,6.352632059730474e-07,2.9388877301524288e-05,3.1322841314947765e-11,3.401899882153662e-08,0.0006273053821265208,1.067041339248822e-06,1.3409164917729779e-06,4.832296335335251e-07,0.00016448552181929336,3.611713607862795e-11,2.0044477002004064e-06,0.32249039535255,1.6339037177787613e-07,2.6999349884858518e-08,6.53596711476586e-05
56,7.043771768476632e-08,0.7843351102288303,5.320637939088378e-07,4.79321372524015e-06,6.675863465423747e-07,3.0278063274332314e-05,2.5611059018043204e-08,2.92288228329139e-06,1.5456992411724138e-05,5.707955725048047e-09,4.917342562914137e-07,7.021561489568296e-06,1.6328429560778722e-11,1.762593871543318e-08,0.00045398220055435336,5.333629200174817e-07,1.019982060190821e-06,2.9186681525656625e-07,0.000208017157894314,1.9947804376774887e-11,1.1894764880303024e-06,0.21489372845380703,1.1801424891404833e-07,1.7211819243709922e-08,4.3708528034150464e-05
57,5.379489095672688e-08,0.90957613027526,5.6082210285048576e-08,3.8029173699122132e-06,1.8507477891624374e-07,1.1601472234829384e-05,7.150734799727126e-09,7.106133840560154e-07,7.205119879121122e-06,1.3874784555709501e-09,3.8995956531451105e-07,1.0868450959541294e-06,2.37657057235232e-12,1.577305840847308e-08,0.0004019841764466663,1.1086220380115855e-07,3.332752306577838e-07,2.463025604354693e-07,9.776862185989202e-05,4.722982295616643e-12,2.665334836695447e-07,0.08984944187303451,1.059028806171324e-07,5.399367639370592e-09,4.8490579891529826e-05
58,6.619155074764595e-08,0.7838649708398332,5.180945534979297e-07,4.350638999558581e-06,6.457744073659429e-07,3.1667198693799986e-05,2.5358681804353366e-08,2.714535820085031e-06,1.3299287427514014e-05,5.7084099391463975e-09,4.251230950035874e-07,7.082520134640526e-06,1.6408605434055524e-11,1.8169942849620214e-08,0.00043369004714872094,5.177103573909822e-07,1.0629397375523685e-06,3.018471002836277e-07,0.00021413640497099882,1.9721886541664675e-11,1.2290731470591095e-06,0.21537934529416197,1.1692197807752385e-07,2.0101705510908955e-08,4.379018201179139e-05
59,6.966413323589909e-08,0.776856900389026,6.02236300522811e-07,4.597130178526913e-06,6.947741495961239e-07,3.1910093226047377e-05,2.7084962520176494e-08,2.9182984023010508e-06,1.4119782223918481e-05,5.995417965805102e-09,4.617493788273133e-07,7.740812823702492e-06,1.7982915882784312e-11,1.8813679962589734e-08,0.0004475845394690009,5.768420812376258e-07,1.1236083602037273e-06,3.0810499012101423e-07,0.00022052095066459377,2.1432266588552018e-11,1.3706355854626533e-06,0.222365328927798,1.2188389668048766e-07,2.0486369381845325e-08,4.297715746721482e-05
60,6.577967417661102e-08,0.7910392305354493,5.001799616603529e-07,4.446870774996196e-06,6.430524642788785e-07,2.8025775755455736e-05,2.3853117636602123e-08,2.593363031531738e-06,1.4850054090247967e-05,5.1318129201409595e-09,4.819930179813257e-07,6.623212587612059e-06,1.3709872990966732e-11,1.712109613836715e-08,0.00045531683402468063,4.808359755486194e-07,9.533185344949646e-07,2.6753495629878033e-07,0.00019216766346380332,1.781783520682674e-11,1.1604459330890304e-06,0.20820788326767872,1.1677046211399497e-07,1.5625421507318705e-08,4.4130749187872865e-05
61,7.151144023096747e-08,0.7846969256961145,5.93903754282499e-07,4.37532187949776e-06,7.147720091243628e-07,3.0342609237596222e-05,2.66693923783331e-08,2.788764428518629e-06,1.4426011165307479e-05,5.753004265630951e-09,4.760414486718728e-07,7.431868420781589e-06,1.6769427799878417e-11,1.927976417067606e-08,0.0004612338082296829,5.475212404852032e-07,1.1042839114657736e-06,2.9840220858150727e-07,0.00021964042091375345,2.0350068929848974e-11,1.353213468556351e-06,0.2145125371594188,1.233503314417633e-07,1.9518007329839337e-08,4.494408309109737e-05
62,6.577967417661102e-08,0.7910392305354493,5.001799616603529e-07,4.446870774996196e-06,6.430524642788785e-07,2.8025775755455736e-05,2.3853117636602123e-08,2.593363031531738e-06,1.4850054090247967e-05,5.1318129201409595e-09,4.819930179813257e-07,6.623212587612059e-06,1.3709872990966732e-11,1.712109613836715e-08,0.00045531683402468063,4.808359755486194e-07,9.533185344949646e-07,2.6753495629878033e-07,0.00019216766346380332,1.781783520682674e-11,1.1604459330890304e-06,0.20820788326767872,1.1677046211399497e-07,1.5625421507318705e-08,4.4130749187872865e-05
63,5.387465625912126e-08,0.818111047667679,3.7739850503022707e-07,3.744271715608297e-06,5.30194369433471e-07,2.5360894624227714e-05,1.7372374145708704e-08,2.108802295964249e-06,1.3379036937290557e-05,4.071394517564811e-09,3.978209826571011e-07,4.788489807688851e-06,1.0514550322493835e-11,1.2964908083105094e-08,0.0004144032612278413,3.7130800346353943e-07,7.55341601051555e-07,2.3479071254222577e-07,0.00017511188189120184,1.3673718322110084e-11,9.423539037091182e-07,0.18120794506439508,1.0043755193829062e-07,1.2248520317358931e-08,3.8300427754733614e-05
64,6.126982905429842e-08,0.7886211987386775,6.415751485315946e-07,4.33276895838798e-06,6.919675974327612e-07,3.058147379329577e-05,2.4948524817719755e-08,2.454185370818878e-06,1.4513807718180077e-05,5.022684181800844e-09,4.948944171700098e-07,7.524548316557721e-06,1.4280916401524772e-11,1.7814785105407283e-08,0.0004781812309017005,5.386089901216617e-07,1.0809728625680749e-06,2.8475451914203074e-07,0.00018724298256409644,2.0695293018262242e-11,1.717530298678765e-06,0.21060549186353392,1.410529202897294e-07,1.6985911969776262e-08,4.276096670022291e-05
65,2.3301186923127824e-08,0.873034818798751,1.9034167264054662e-07,2.329057016761471e-06,3.4381602268408397e-07,2.6754981976900325e-05,1.2657209786055098e-08,7.142134358573019e-07,6.277817011282121e-06,1.6031775450977491e-09,1.7621614270790157e-07,3.3466868735313444e-06,5.259574481631487e-12,1.2121094800800412e-08,0.00032228785910401117,2.385858514635733e-07,6.075738944700926e-07,2.7585184650072194e-07,9.524143407758611e-05,1.0365685814815846e-11,1.3992268494417338e-06,0.1264647909403548,1.6211185542284416e-07,1.3727098401567854e-08,3.9981061870398306e-05
66,9.128368875547433e-07,0.653925332085195,1.0152602770488545e-05,3.1570556578871056e-05,1.3044151566051467e-05,0.00010496884864218868,3.5028351396041193e-07,2.073700222125952e-05,7.637273044993164e-05,8.371141619534361e-08,2.6642546412140217e-06,2.991966781379407e-05,5.288692732468055e-10,1.1247842324144421e-07,0.0005087914960799377,7.0700591313557136e-06,7.602431353300977e-06,1.1771563315220008e-06,0.0015654458077563479,3.3561746081911005e-10,4.49454484505841e-06,0.343600125605314,3.1771586816393625e-07,1.3722598026187254e-07,8.861588273382993e-05
67,4.8335951712300854e-08,0.8023381543751451,4.001095914712562e-07,3.926297389215278e-06,5.001072669964713e-07,3.0189541940035805e-05,2.078996431507817e-08,1.858043386391868e-06,1.1678387240821122e-05,4.084526293905167e-09,3.9526149875550896e-07,5.912729419991613e-06,1.0701356850987691e-11,1.5438865441063095e-08,0.0004278961479699622,4.039483068001214e-07,9.171900833594255e-07,2.778289593717222e-07,0.00015931477878814213,1.6496650732380308e-11,1.2785864386420883e-06,0.19697109694468218,1.3706290338714835e-07,1.5569716410532228e-08,4.5558412766948984e-05
68,5.3244258063881894e-08,0.7587954093132006,5.128953193479833e-07,4.248364919040662e-06,6.071020624810421e-07,3.540078329194378e-05,2.7050439697033982e-08,2.941263345386646e-06,1.4197964843568664e-05,5.384616856613195e-09,4.6109587553528606e-07,9.416604616006293e-06,1.478963930049417e-11,1.6500804375805173e-08,0.0005046867368193446,5.070031992324547e-07,9.70545730513612e-07,2.888099766669237e-07,0.0001626363096817102,2.062402693364709e-11,1.4685299728407061e-06,0.2404229985671638,1.2206171373554657e-07,1.7182162779957612e-08,4.300665057288126e-05
69,4.934088513282792e-08,0.769789123060892,4.6144193963876314e-07,5.0398828764523215e-06,5.650363433804608e-07,2.5702867991951883e-05,1.838144138704624e-08,2.4205210124288858e-06,2.2795723658761767e-05,5.575247014576322e-09,9.483878069361985e-07,7.6008100985360365e-06,9.178161337726688e-12,1.289620193459469e-08,0.0006659455249606051,3.0975940024893026e-07,8.722553702435097e-07,2.3843532198104444e-07,9.805486309884128e-05,2.3188442044694134e-11,1.477732238984464e-06,0.22932298440587123,1.7979333618568516e-07,7.679509004402011e-09,5.518559213053751e-05
70,6.169063741593173e-08,0.7834991637558799,6.341368450346863e-07,6.350142701034746e-06,6.933113882968682e-07,3.509412756372039e-05,2.5727640383433424e-08,3.078524774840529e-06,1.959656060753839e-05,6.144162841942723e-09,5.808034936553624e-07,7.7771928281896e-06,1.5206531100030017e-11,1.4465996511965455e-08,0.00046150057667169894,6.153166144723329e-07,8.086042784774809e-07,2.385827448293738e-07,0.00016922082265454722,2.2678849855251617e-11,1.275108998864888e-06,0.21575249209265704,1.25306893063525e-07,1.3057179058148168e-08,4.063390890338052e-05
