,0,1,2,3,4,5,6,7,8,9,10,11,12,13,14,15,16,17,18,19,20,21,22,23,24
0,0.0002595514252822805,6.8475723021518356e-09,0.000502685637315835,0.00014817815006247157,1.9441326444432926e-06,0.0007402110877302437,0.007473167465314634,1.323884551942964e-05,5.705749078271632e-05,0.0006230917154130089,4.4995889502312424e-08,0.0011413789637661393,3.5104651485290184e-07,2.5690840834903325e-07,2.5071829146474115e-08,0.0003799647313043437,0.766160233148671,3.626496166582775e-07,6.356809781762729e-07,6.911642495624822e-07,0.17168667892651618,0.0007062974534000051,0.03893333652657262,0.010904310960681606,0.00026629897396467165
1,0.0002096946026643217,1.0601961752576385e-08,0.0006565495822365983,7.325880698876021e-05,2.7699757801394775e-06,0.0007856614046354273,0.0064687998946299,7.87534523196599e-06,5.2287186237695536e-05,0.0004510734651182891,3.7498113660309936e-08,0.00130719842105432,2.198082144742462e-07,3.1380617130664806e-07,2.993178238840969e-08,0.00030563435786907,0.7415362669017054,2.610682086915356e-07,9.037728233332848e-07,4.509327706413557e-07,0.2042837483755514,0.0008533632574330133,0.03190062352658663,0.010752320736033834,0.0003506467401970758
2,0.00016917621898868861,1.384552017378179e-08,0.0005454545803737686,5.515688051819166e-05,2.6086067929163884e-06,0.000596814488329063,0.005515384695849832,9.766442152883862e-06,4.951280573566834e-05,0.000390200116123363,5.302575807405297e-08,0.0017695377302242659,2.0017292899410355e-07,4.6981966901933e-07,6.146475919891e-08,0.00018437602228927113,0.6832859481007638,3.5049006023733833e-07,6.006744921263476e-07,5.994416283973132e-07,0.2520377442643851,0.0008197183157828306,0.043472959915366316,0.010567723382838543,0.0005255684986692587
3,0.00014902252159060977,1.0181676889993255e-08,0.0004060245188026149,6.098889404444732e-05,1.8357124221966684e-06,0.0007035161958979937,0.006439774664767863,6.399536276862275e-06,3.033618092740513e-05,0.000301186623756523,3.201056697768793e-08,0.001578207601034222,1.7241864956330947e-07,3.857443720636279e-07,3.3176142905243134e-08,0.0002370547560795088,0.7202449719325846,3.3339088205624883e-07,5.934189204969004e-07,4.0070569749734747e-07,0.22226309969447594,0.0008917207663152601,0.03449945603064013,0.01181087184613203,0.00037357147734321243
4,0.00016261081968603567,9.57503740108068e-09,0.0004102491658550628,5.9886706592191694e-05,1.8967660681806289e-06,0.0006829832325003788,0.006698643523938828,6.531076229263213e-06,2.78923166546808e-05,0.00030748653259149824,3.153914908735874e-08,0.0015167693454851022,2.100916846216531e-07,4.2362457547229525e-07,3.1011532809117876e-08,0.0002529246132944335,0.7369601357370226,3.6393791761683933e-07,6.543438837506997e-07,4.324390209305459e-07,0.205562698245266,0.0008085089954451203,0.0330552650706984,0.01313442146384232,0.0003489398260284444
5,0.00016161309930229863,1.2946932020388516e-08,0.0003584799075311831,8.588639455458902e-05,1.925084413991281e-06,0.0008544819481459229,0.00671102320606315,7.140728116300128e-06,3.141377894070959e-05,0.0002949475256787015,3.790217885436781e-08,0.001570269756437702,1.9760470280026165e-07,4.5386477514780865e-07,3.8647657649162196e-08,0.00029063082463834524,0.7121795957814948,5.153318019493833e-07,6.819807336969932e-07,4.7151120406214246e-07,0.22503699316920653,0.0009887559817999428,0.03876591216586231,0.012277585471545924,0.0003809353862814108
6,0.00014902252159060977,1.0181676889993255e-08,0.0004060245188026149,6.098889404444732e-05,1.8357124221966684e-06,0.0007035161958979937,0.006439774664767863,6.399536276862275e-06,3.033618092740513e-05,0.000301186623756523,3.201056697768793e-08,0.001578207601034222,1.7241864956330947e-07,3.857443720636279e-07,3.3176142905243134e-08,0.0002370547560795088,0.7202449719325846,3.3339088205624883e-07,5.934189204969004e-07,4.0070569749734747e-07,0.22226309969447594,0.0008917207663152601,0.03449945603064013,0.01181087184613203,0.00037357147734321243
7,0.00044106171879686006,7.29790069440668e-09,0.0008146593463718447,8.067752501755402e-05,2.278957959590099e-06,0.0003454076205400487,0.007995354168452873,1.3121450513769094e-05,3.2091603474086486e-05,0.0006981149041353909,4.766805577892378e-08,0.0011915148788768104,4.801270693955346e-07,3.592994876875644e-07,2.066322802706841e-08,0.0002351808736332734,0.8726089411300674,1.731551008997681e-07,9.673674193691271e-07,5.15846983266933e-07,0.08606758831972011,0.0007741071636073685,0.015059493870646453,0.01332508461376433,0.00031275042917702724
8,0.00012878757269496635,1.282245831203701e-08,0.0002742158470561313,6.963743129165697e-05,1.949011433623515e-06,0.0010875141514078586,0.006206428318645659,6.52830215284142e-06,3.461894881901862e-05,0.00022679762700898807,3.362379525061188e-08,0.0015551901025927571,1.5581425543300496e-07,3.3494550714521885e-07,3.805397594167653e-08,0.0003046419750437945,0.7156783873306506,6.015951437316898e-07,7.407276965332699e-07,3.8346703711858777e-07,0.2309926621484324,0.0011306525070972596,0.03283582334491831,0.009142677157765974,0.00032118717311859543
9,0.00016090275755943162,1.0259525362213374e-08,0.0004465983382449546,6.182759588904097e-05,1.7658921455665036e-06,0.0006178870854869399,0.006340434632245173,6.7036530989907336e-06,3.07502156943481e-05,0.0003455185922194036,3.401859599792732e-08,0.00159960890241347,1.7266764344762088e-07,4.1624913600288354e-07,3.586259679101256e-08,0.00020953929059406757,0.7134789628304421,2.8934764848592636e-07,5.473297944017967e-07,4.108540166679414e-07,0.2242989822185011,0.0008559905059324466,0.0382466006302401,0.012874016900618533,0.0004219933697171115
10,0.00014902252159060977,1.0181676889993255e-08,0.0004060245188026149,6.098889404444732e-05,1.8357124221966684e-06,0.0007035161958979937,0.006439774664767863,6.399536276862275e-06,3.033618092740513e-05,0.000301186623756523,3.201056697768793e-08,0.001578207601034222,1.7241864956330947e-07,3.857443720636279e-07,3.3176142905243134e-08,0.0002370547560795088,0.7202449719325846,3.3339088205624883e-07,5.934189204969004e-07,4.0070569749734747e-07,0.22226309969447594,0.0008917207663152601,0.03449945603064013,0.01181087184613203,0.00037357147734321243
11,0.00016105518782035498,9.196471721703664e-09,0.00040646176560018806,5.795192713894945e-05,1.80920961818291e-06,0.0006665135866180495,0.0067813265429002715,7.16591839017416e-06,2.973320378853227e-05,0.0003270872768106663,3.1313801884426114e-08,0.0015550887518107153,2.1157852757597123e-07,3.9140938521478106e-07,3.1191017050285745e-08,0.00024737829977085167,0.74821887430111,3.4509301277287394e-07,6.3579370302149e-07,4.2349401509556845e-07,0.19553106016215385,0.0008381257064268893,0.03180968148721259,0.013013403671422173,0.0003452039314731934
12,0.00014570579386008413,1.0044201155334831e-08,0.0003962801699085802,5.9609906445335896e-05,1.8861840597286164e-06,0.0007081980506779889,0.006473930399695475,6.020082297456145e-06,2.9918411966403672e-05,0.0002925377062048597,3.1428739097864e-08,0.0015566405588980003,1.688249345709682e-07,3.9822862183729023e-07,3.2663387238857806e-08,0.00023398056156739172,0.7155045764179241,3.406901847190108e-07,5.814448310691078e-07,4.045838123627377e-07,0.22564102354436677,0.000858547864753344,0.03579228373412246,0.01191725771513538,0.0003796349894045539
13,0.00018094713736866325,8.875650630958942e-09,0.0005273266860488426,7.050745214553454e-05,1.8345834333957337e-06,0.0004341559328426329,0.006293725945875958,8.157589891528016e-06,2.8787694428980093e-05,0.00032133072440570804,6.460261854351479e-08,0.002337837881867498,2.036579935920226e-07,6.548470040395377e-07,5.0000185859913645e-08,0.00023283677145199516,0.684765376988457,3.639538803712447e-07,4.256605775010842e-07,5.80202714143762e-07,0.25380184514336285,0.0007660714026109276,0.040038751683036215,0.009778956939524967,0.00040919764262258306
14,0.00015260422461115672,1.0518170382871429e-07,0.0007146711106760984,0.00022676993670682995,1.052125382262756e-05,0.0030327305227643426,0.00300301795478195,5.023275016241926e-06,4.660606330303294e-05,0.0003310644538955939,1.6128694866921834e-07,0.0009903506049683806,4.211188998438451e-07,7.115137391078609e-07,1.0125089939367422e-07,0.0006208853677509457,0.6126364755231403,2.766689096049422e-06,4.385733377372663e-06,1.64150452320142e-06,0.3220441862821012,0.0014696242626283586,0.0474622678912589,0.006861058657586104,0.0003818483358006075
15,0.00014902252159060977,1.0181676889993255e-08,0.0004060245188026149,6.098889404444732e-05,1.8357124221966684e-06,0.0007035161958979937,0.006439774664767863,6.399536276862275e-06,3.033618092740513e-05,0.000301186623756523,3.201056697768793e-08,0.001578207601034222,1.7241864956330947e-07,3.857443720636279e-07,3.3176142905243134e-08,0.0002370547560795088,0.7202449719325846,3.3339088205624883e-07,5.934189204969004e-07,4.0070569749734747e-07,0.22226309969447594,0.0008917207663152601,0.03449945603064013,0.01181087184613203,0.00037357147734321243
16,0.00012655788921927996,7.1011659512785286e-09,0.00040008549489151845,5.647157771931305e-05,1.6056070476556109e-06,0.0006489929189103774,0.006406424294984222,5.659973261174544e-06,1.9950334878843135e-05,0.00024401665643591247,3.288029427619395e-08,0.0018499217724270564,1.9390508190249607e-07,4.836142546928773e-07,3.2506934493494226e-08,0.00030150534220309467,0.6655813852083861,4.450978365491986e-07,5.094659654901616e-07,4.681431370466886e-07,0.2773751710848927,0.00069053124856477,0.03423936958050321,0.011789369677337838,0.00026080862366673486
17,0.00015847024770136148,9.298504564832092e-09,0.00040500390850497684,6.123354001019414e-05,1.8128335702065766e-06,0.0005858649941217568,0.006967366225339531,6.270869044582591e-06,2.833891026295952e-05,0.00027273696052214477,3.307051215804759e-08,0.0016924838515730586,1.693488208164434e-07,4.289714223201079e-07,3.087513791242592e-08,0.00022384813932631135,0.7302981777123898,3.051013283753086e-07,5.052899170959895e-07,3.933731063495685e-07,0.21379093701005047,0.0008680810564411724,0.032924436204150455,0.011321539847390101,0.00039152236085137043
18,0.00011957536926003892,7.556464900010984e-09,0.00013059716919511819,1.9439306325079717e-05,1.209449492307746e-06,0.0002837457402766872,0.004506068939193528,2.1780164848140514e-06,1.753169428844294e-05,0.00012883674046567433,1.5474347094880612e-08,0.00061237030476304,6.094768308708904e-08,2.815843623799847e-07,1.60823843666055e-08,6.267090954083887e-05,0.8762961594897757,1.9408179107009916e-07,4.1279829011615006e-07,1.4690702029236822e-07,0.08691725318212588,0.0006981282315994492,0.021382308211028454,0.008289697976168475,0.0005310938376732633
19,0.00014719683911371462,6.5765034942558854e-09,0.0005618770526138353,6.43171230856022e-05,1.8008858396939592e-06,0.0007635495974096132,0.009543743651179947,9.218496684868097e-06,3.424470694794674e-05,0.0005597541445634907,2.6108264080471253e-08,0.002147458056169005,2.455016133129972e-07,2.5548710685429065e-07,2.1739461228817896e-08,0.00025016559867704544,0.7733150909841006,1.8161647855918438e-07,5.012587515853975e-07,4.3944509234410615e-07,0.17454162503200635,0.0011072355263214474,0.022733505284019417,0.01388146105477674,0.00033607823321933964
20,9.86272382536795e-05,2.508747605324359e-08,0.00041395878219043213,7.930785242616708e-05,1.1843096817512055e-06,0.0008860096553422661,0.004942014296635349,1.2613568326002264e-05,3.306386816541956e-05,0.0002690978027281106,4.973609403552829e-08,0.003202774579580464,1.3694272496927355e-07,3.8520433726549347e-07,1.0055012110157569e-07,0.0002623930238934707,0.5912397992716242,4.624891817682915e-07,5.554218961614383e-07,3.7208548401236956e-07,0.35417725940885314,0.002140377394419502,0.03257447202035931,0.009264518214367842,0.00040044119583773944
21,0.00024605480679352446,1.0253355928244044e-08,0.0005456660549552825,0.00013572868831724413,2.318944780749854e-06,0.000652975597621704,0.007287385520651117,7.956210761521958e-06,3.106798851754066e-05,0.0003210338528219763,8.684551020181339e-08,0.002794338783300951,2.4803466889793393e-07,9.81531635760018e-07,5.351692147628839e-08,0.0004133411472881395,0.6302967588626525,6.071463941327925e-07,5.584752616501218e-07,7.398229226692003e-07,0.3006494977820514,0.000825387572940014,0.04603612018699459,0.009364346797597522,0.0003867355752836294
22,0.00011652192665954993,4.747543416133048e-09,0.0004106990272715283,6.656547361321662e-05,1.3239909829976598e-06,0.0003701323713497321,0.0046574992138050915,4.348434100608174e-06,1.698238902871934e-05,0.00027195302526178113,4.578062275826349e-08,0.0012776730428963746,1.5031495748466633e-07,3.3361627341806854e-07,2.2471790101191946e-08,0.0002157036584558313,0.734616278260577,3.122971572314567e-07,3.3267359532019343e-07,4.927744938234055e-07,0.2220610931923946,0.0006157583793860678,0.028414354793736607,0.0066588747428132445,0.00022254340123348265
23,0.00014902252159060977,1.0181676889993255e-08,0.0004060245188026149,6.098889404444732e-05,1.8357124221966684e-06,0.0007035161958979937,0.006439774664767863,6.399536276862275e-06,3.033618092740513e-05,0.000301186623756523,3.201056697768793e-08,0.001578207601034222,1.7241864956330947e-07,3.857443720636279e-07,3.3176142905243134e-08,0.0002370547560795088,0.7202449719325846,3.3339088205624883e-07,5.934189204969004e-07,4.0070569749734747e-07,0.22226309969447594,0.0008917207663152601,0.03449945603064013,0.01181087184613203,0.00037357147734321243
24,0.00019309663782195562,1.6321986575012986e-08,0.0004356613890536474,0.00013229254765369355,2.608256364102463e-06,0.0008680723410691225,0.007131522143964031,7.358493291453738e-06,3.4783241950587944e-05,0.0003265929823361497,5.3466496427362926e-08,0.0020281141458715415,2.2773941128517572e-07,5.828320858734354e-07,3.884311565636313e-08,0.0003226101207403892,0.7220801753050029,5.227919817163745e-07,6.854113885537036e-07,5.938034307390926e-07,0.2169393673052545,0.0012213820033581283,0.03714517452186508,0.010656350279393321,0.00047211707511268363
25,0.00026534057330565846,5.313378592031822e-09,0.0005581442049277891,9.83285250664566e-05,1.7264037190979462e-06,0.00027049485468908744,0.009186400124318168,1.282512564869522e-05,2.44122991849015e-05,0.0003785283436482207,9.347569326722633e-08,0.002774005700300172,3.465297786457905e-07,7.586993319916908e-07,3.8209723408923244e-08,0.00025593390258470795,0.7735823398670199,3.6328661107528874e-07,3.027775813306766e-07,8.289379761424602e-07,0.17346720160425735,0.000689037292813463,0.028923719431257516,0.009165924232372818,0.00034290028481169586
26,5.509309967886617e-05,2.998595606463345e-08,0.0012324170983465724,0.0003959663617031368,9.832497913113033e-07,0.0007606780471360748,0.004230135211911136,2.1357340430735064e-05,7.730330330047435e-06,0.00025355676593811794,2.5883090243934306e-07,0.040272762048447784,1.622318142064067e-07,1.3096486196419226e-06,2.3777592323598432e-07,0.0006908572411180884,0.2610458727488658,3.7488733585744305e-07,2.4279295714681955e-07,8.682889986246399e-07,0.6727567285905793,0.00619841205516893,0.009001396364345823,0.0028307915078439353,0.0002417774958570703
27,0.00017529135926593642,2.3935125007305943e-08,0.00036012507935135344,8.781219378453515e-05,1.985028705102697e-06,0.0009926941953135933,0.006701622765202618,1.0375845816856383e-05,5.816710071752177e-05,0.0003569167053124703,4.2815354203758815e-08,0.0018842783756219544,1.4909004958135512e-07,3.5551172998252107e-07,5.6626667221563204e-08,0.00022953615507606757,0.7583418372186013,3.680600693416023e-07,8.291936136112325e-07,3.4027658368500255e-07,0.18365641055043536,0.0018737218060328222,0.03422933284414132,0.010400490899601069,0.0006372363678274922
28,0.00014902252159060977,1.0181676889993255e-08,0.0004060245188026149,6.098889404444732e-05,1.8357124221966684e-06,0.0007035161958979937,0.006439774664767863,6.399536276862275e-06,3.033618092740513e-05,0.000301186623756523,3.201056697768793e-08,0.001578207601034222,1.7241864956330947e-07,3.857443720636279e-07,3.3176142905243134e-08,0.0002370547560795088,0.7202449719325846,3.3339088205624883e-07,5.934189204969004e-07,4.0070569749734747e-07,0.22226309969447594,0.0008917207663152601,0.03449945603064013,0.01181087184613203,0.00037357147734321243
29,0.00014902252159060977,1.0181676889993255e-08,0.0004060245188026149,6.098889404444732e-05,1.8357124221966684e-06,0.0007035161958979937,0.006439774664767863,6.399536276862275e-06,3.033618092740513e-05,0.000301186623756523,3.201056697768793e-08,0.001578207601034222,1.7241864956330947e-07,3.857443720636279e-07,3.3176142905243134e-08,0.0002370547560795088,0.7202449719325846,3.3339088205624883e-07,5.934189204969004e-07,4.0070569749734747e-07,0.22226309969447594,0.0008917207663152601,0.03449945603064013,0.01181087184613203,0.00037357147734321243
30,0.00014902252159060977,1.0181676889993255e-08,0.0004060245188026149,6.098889404444732e-05,1.8357124221966684e-06,0.0007035161958979937,0.006439774664767863,6.399536276862275e-06,3.033618092740513e-05,0.000301186623756523,3.201056697768793e-08,0.001578207601034222,1.7241864956330947e-07,3.857443720636279e-07,3.3176142905243134e-08,0.0002370547560795088,0.7202449719325846,3.3339088205624883e-07,5.934189204969004e-07,4.0070569749734747e-07,0.22226309969447594,0.0008917207663152601,0.03449945603064013,0.01181087184613203,0.00037357147734321243
31,0.00022734192996717766,8.877262363869585e-09,0.0006881132546669359,4.836368979129827e-05,1.5502406356572666e-06,0.00036136283630139657,0.005483180756589395,1.3227462785488029e-05,2.6093911341807838e-05,0.00025801462939395686,3.4852309976954476e-08,0.001739537049075205,3.113210571032344e-07,3.813638161550106e-07,3.643091251579404e-08,0.000267360370251776,0.7338735004112398,2.839449419901879e-07,6.683359436352524e-07,4.198590529421987e-07,0.2208002633768785,0.0006820692222471843,0.022953130970017437,0.012330245666758078,0.0002444992367621481
32,0.00015934688635275862,1.165075531490326e-08,0.0004030588096022991,5.8184103773478286e-05,1.9684690888657587e-06,0.0007359757244691492,0.005925372727784181,6.229474611020742e-06,3.0314346274949257e-05,0.0002949172122480656,3.1263231706330045e-08,0.0014101234820248466,1.8400029869560323e-07,3.985717690100102e-07,3.3663178650549354e-08,0.00024270582746417765,0.7353509430951154,3.699222946778672e-07,7.494047549356594e-07,3.907694173979878e-07,0.20850552934405261,0.000882734013245226,0.03321428671075069,0.012405735197749722,0.00037040532969200035
33,0.00011618499280223324,6.825965986193623e-09,0.00016000076173869766,3.6227782410385596e-05,9.252784924602885e-07,0.0005869496734696473,0.005832558274078745,3.504480576338497e-06,8.330611735890901e-06,0.00015471916953514454,7.674694144438645e-09,0.0007918017804840772,2.0479611149670733e-07,2.2848547955010149e-07,8.608493014026933e-09,0.00024469528877768895,0.8804705113320025,3.7160101687834484e-07,9.305975617426686e-07,1.8316038402910138e-07,0.0797962392157016,0.0009101022515352379,0.011603821943175462,0.019117930515004444,0.00016355489877255668
34,0.00044881540655791687,7.897323894696995e-09,0.0005657189179737376,5.5600782582448513e-05,2.7486283556232526e-06,0.00033515601428765594,0.0058288833076165,6.535427850407325e-06,3.314602831585542e-05,0.00030080278771141717,4.552074538205092e-08,0.0009895808547566154,2.6275771064260447e-07,5.575503524060299e-07,2.543359624381296e-08,0.000219577794632467,0.8054545444551504,2.841019953676915e-07,9.228366247646582e-07,3.864817814148602e-07,0.1459761928442143,0.0004972401062492527,0.028059625344641334,0.010872414152268117,0.0003509245667060325
35,0.00021531874841761926,1.3895323565212483e-08,0.0004044743196448539,7.024187550392895e-05,2.0024930039939983e-06,0.0006815638193110246,0.006429396886440913,9.676911168503992e-06,4.790734285666165e-05,0.0003270005678496131,3.720243726665919e-08,0.001497650297488415,1.861143915026292e-07,3.262704474100103e-07,3.7381606762542976e-08,0.00023180996090744766,0.7801442183798485,3.1507512425895643e-07,7.679876315091586e-07,3.457671841622952e-07,0.16910742246955632,0.0011656146572629437,0.028992587974836295,0.01023615369219671,0.00043492990955991195
36,0.00011598268516227433,6.7598760430039115e-09,0.00021912643432436303,3.834841296315629e-05,8.418619767236752e-07,0.0003623872571273911,0.006730191974090284,7.90361942963052e-06,1.8521618615752724e-05,0.0001738662938075715,2.755360287202471e-08,0.002715725793765779,1.2738656138019084e-07,3.6197741838045456e-07,2.9667994251079014e-08,0.0001641896512962625,0.825092771646151,2.7688927385402907e-07,3.3015234526459e-07,2.386991265938813e-07,0.13764174553862515,0.001330369159073074,0.016682692785731448,0.00835767399205873,0.00034626218960289096
37,0.00011448981063040962,3.6078745886523095e-08,0.00047008904765584106,0.00011241993066288838,2.4327115186181863e-06,0.0019713924867110363,0.005023848592186131,2.2810413317129674e-05,0.00016571066417415733,0.0006864110755841472,6.295529920682806e-08,0.0022031254352501417,1.569088745433251e-07,1.4384199960058955e-07,9.654205259910437e-08,0.00025683958543670803,0.7249165683672679,3.756747726544034e-07,9.87777781000748e-07,4.831414137668976e-07,0.21786462595927197,0.0030397954388647745,0.03615956924687884,0.006380371947672294,0.0006071563659778801
38,9.094120594131275e-05,8.888933599417904e-09,0.0002837331929418574,4.782494371263486e-05,1.4097844049061364e-06,0.0012155840057164221,0.006155931442314747,4.752635673608688e-06,2.1272870107459372e-05,0.00023341947493918,2.6001949053480112e-08,0.001584970262152469,1.7203733118423938e-07,3.9246589376836434e-07,4.094046055466054e-08,0.0003631634726611638,0.6104811413036978,7.023626143070033e-07,7.350179121906954e-07,3.954212262815431e-07,0.32117891460860376,0.0007833113115763334,0.043487682643417847,0.013840843621781786,0.0002226300840359355
39,0.0001689588333223091,1.0170594984999596e-08,0.0003997101057876324,6.487380164012982e-05,1.9489968141846e-06,0.0006766153462152453,0.006877517250951799,6.414534629300117e-06,3.176925883653953e-05,0.00032909047684622134,3.546144225415332e-08,0.0015497768225913823,1.8241780393261145e-07,4.3017986729733816e-07,3.344105650906517e-08,0.00023083028665200585,0.7373752169451869,3.4180838168566604e-07,6.039873384424763e-07,4.20626257621926e-07,0.20260335418896985,0.0008758447632948022,0.03614849482678799,0.012246764027152707,0.00041076144157824727
40,0.00016800082468360118,1.1149494674837083e-08,0.0005618177872992336,3.9896963451981314e-05,2.561127062021549e-06,0.0004379328079978838,0.006194164877150459,4.569525904042475e-06,2.2485571543930994e-05,0.00019513290895343817,3.3087973844538845e-08,0.0019361109656647027,1.6055552199883542e-07,6.464372835343379e-07,3.2281168958440944e-08,0.00018185188215754424,0.7092569543890147,2.4845537109775854e-07,5.743181696211879e-07,3.6427951018125314e-07,0.23944958971834915,0.0007580195196841234,0.029046653752126776,0.011273594376536055,0.00046859243792634573
41,0.000431401911726703,5.4012774567290797e-08,0.0008168493085762275,0.00042120536920844823,7.3420920261166424e-06,0.0017723233276548832,0.00757817235033448,2.4540922061626483e-05,0.00016704613879257654,0.0006615517298667259,1.772735601534375e-07,0.00212387830922139,4.675970462306033e-07,7.403477122806979e-07,1.1290024300738096e-07,0.0007174764060325539,0.6567033634663425,1.155023855517191e-06,1.783044793132922e-06,1.250604507462278e-06,0.2592030522204055,0.001771531511296723,0.05829187886512158,0.008680993267720177,0.0006216519991194172
42,0.00010378502434557231,2.9144754395630033e-08,0.0006182366852057462,0.00010383349249516335,1.2147780597306548e-06,0.001075643005697981,0.0036202847293934307,1.4921047358792708e-05,4.6220033635267336e-05,0.00023146249260180417,2.8053069135439836e-08,0.0018642717662476914,1.280682037038741e-07,1.0672789492500367e-07,4.0447589774172176e-08,0.0003775975472296658,0.7212311670882247,2.310502516255576e-07,1.044018043563663e-06,2.268053857264571e-07,0.2479072573329448,0.0032331966893074976,0.013640008366596143,0.0056994175271056135,0.0002296480783574566
43,0.00021930752212791934,1.285125178947163e-08,0.0004455999304264401,7.75543166135255e-05,2.2579746029033088e-06,0.0005931595841328004,0.00755322095335506,6.892423628424643e-06,3.331203541020861e-05,0.00027837880513483263,5.0384605305045755e-08,0.0019475408951055368,1.9117019927844635e-07,6.633443370439268e-07,4.100312686054228e-08,0.00024452830318619993,0.7376684416905556,3.902586862777801e-07,6.159171279698797e-07,4.5934138503179537e-07,0.1988235792415144,0.0009300931920682022,0.03906238566577283,0.011574625829582626,0.0005366973660628883
44,0.00014902252159060977,1.0181676889993255e-08,0.0004060245188026149,6.098889404444732e-05,1.8357124221966684e-06,0.0007035161958979937,0.006439774664767863,6.399536276862275e-06,3.033618092740513e-05,0.000301186623756523,3.201056697768793e-08,0.001578207601034222,1.7241864956330947e-07,3.857443720636279e-07,3.3176142905243134e-08,0.0002370547560795088,0.7202449719325846,3.3339088205624883e-07,5.934189204969004e-07,4.0070569749734747e-07,0.22226309969447594,0.0008917207663152601,0.03449945603064013,0.01181087184613203,0.00037357147734321243
45,0.00015745450506832054,9.774957045171464e-09,0.00042918460885728603,6.0969747040853106e-05,1.4553397345375491e-06,0.0007868083579769935,0.00795974591149096,1.2970248251133727e-05,3.0289153114564102e-05,0.00035525784644501607,2.8415619084528626e-08,0.0019222840906538803,2.786979003109425e-07,3.160398526944626e-07,3.825069313948941e-08,0.00034604887281645844,0.741703394895885,3.934107984073707e-07,7.513143751478853e-07,4.1116469366105237e-07,0.2056744544340569,0.0011019720487541922,0.024106766696174214,0.015102436487109214,0.0002462796876809944
46,3.134964305883859e-06,7.229933567329861e-07,5.3685042946810765e-05,8.340652350212147e-06,6.455989509533999e-06,0.0016546126345550033,0.00021881135879502905,9.571750048268256e-07,0.0002640400938986728,3.480085338068646e-05,2.720469125190122e-07,0.0003354599172288554,2.7594454865510965e-09,6.103079091681191e-06,2.951322627321164e-05,2.96507457365792e-05,0.0007216889346873867,2.6096215930750986e-06,3.161119592889084e-07,2.760243199129431e-07,0.2438574138791779,3.6136914878823796e-05,0.7503083947732556,0.000826971664986926,0.0015996285423492056
47,0.00011316284748455551,1.3320727876560747e-08,0.0004050687296591028,6.116233642981708e-05,2.1309594216960892e-06,0.0008758791110933704,0.0060185815972875045,5.919471064661831e-06,3.825995122750843e-05,0.00031269531802212864,3.822160294759684e-08,0.0016355927748445283,1.3797924413430732e-07,4.2228206156750536e-07,4.8153611614558754e-08,0.00021068864018784664,0.6402561248540124,3.7823028981601154e-07,5.301696375007347e-07,4.6614393166427747e-07,0.2886075234559182,0.0009073164816230099,0.04911909791327486,0.010946614371735136,0.0004821466856066473
48,0.00011888153921918624,5.44872745042186e-09,0.00020953778496853197,2.1688513123247966e-05,9.270976581860921e-07,0.0005013030013738342,0.004728697101496319,4.5762071949981885e-06,1.4796520550722367e-05,0.00023805831813194673,8.266221522412772e-09,0.0006116646499057171,1.563316846216596e-07,1.4521204847474718e-07,1.1435843723209924e-08,0.00014876732026348458,0.8708268927786804,2.060234051223601e-07,8.033148853004662e-07,1.7027946717579897e-07,0.09161082266516896,0.0006706588967429924,0.013847345209040074,0.016255127538776493,0.00018874854542129762
49,9.654267380940958e-05,1.3287491773086898e-08,0.0004886423824755581,6.344614361715765e-05,1.711708922286504e-06,0.000968766973229008,0.006172737203837018,7.506295901034288e-06,3.27033546125672e-05,0.00030519858551170185,2.659606349999553e-08,0.0021720911702208306,1.5172986653146178e-07,2.3675628984577716e-07,3.308149853910961e-08,0.0002478821269308378,0.6973443190883347,2.5026729695840276e-07,5.751410441953679e-07,3.7050021612186e-07,0.2552982064170462,0.0015165245335060692,0.02500932495619488,0.009925065645370214,0.00034767338071313756
50,0.000169530289662255,8.478854706429502e-09,0.0004058428791408933,5.806889352030093e-05,1.7988755928599659e-06,0.0006191741181855034,0.007020806674435599,6.724453955652722e-06,2.8543195667687867e-05,0.00033134052796094933,3.1455469711324406e-08,0.001511901555125922,1.963810279965358e-07,4.0084923005947437e-07,2.965274922449035e-08,0.00023084865699866855,0.751298042741852,3.143876143250379e-07,5.892976424606241e-07,4.111564072959759e-07,0.1921367418807926,0.0008032041009317691,0.03207007598270559,0.012943856622128734,0.0003615168923473146
51,0.000147068205525114,7.057103906943239e-09,0.00038960933489748194,4.5828641210955096e-05,1.8042436813304064e-06,0.0006117177299651397,0.006594426729733405,5.250658160388937e-06,2.5966544654005387e-05,0.0002929880797484852,2.5523811561731753e-08,0.0013415940915800667,1.757392029159752e-07,3.689597294232205e-07,2.5065092477552774e-08,0.00021914726737025785,0.7375934896597427,2.961411123930037e-07,5.566508583945427e-07,3.828446090436289e-07,0.2052539172016375,0.0006607476499991359,0.03342177343047206,0.013066843013472749,0.00032598953662896625
52,0.0002618208084206487,1.6805286665470154e-08,0.0004354586133933347,0.00018055835412533533,2.802049732619984e-06,0.002538815281658833,0.00870073826127613,2.3392574172299376e-05,7.102778432447591e-05,0.0014370407336075552,8.046126504817629e-08,0.0028287735527512937,5.531162555871956e-07,6.034258294502251e-07,9.751659866218838e-08,0.0005859135282011405,0.6915887954586067,1.3429557068874438e-06,1.6202095117392743e-06,1.1937347099861235e-06,0.22215826248715856,0.0015711377664607577,0.04705244850078016,0.02018185155056046,0.00037565446960581745
53,8.382006019785577e-05,3.5765465270865744e-09,0.0003418383187391303,5.450980561103556e-05,1.6101786127491748e-06,0.000518401198919882,0.00969401508262072,3.494760752371623e-06,2.0368162107126214e-05,0.00024242810663865552,4.0277973202065116e-08,0.002036520328022978,1.35376518984658e-07,5.874994019745721e-07,2.9375673130827884e-08,0.00022423647625074427,0.5630045274489202,3.774662783316361e-07,1.7409318250290156e-07,6.594525344198594e-07,0.34656029406553784,0.00043504736386815244,0.06618286427868658,0.010260814121714541,0.00033320312469047953
54,0.000199705097938114,5.271968032371557e-08,0.0003240996796791635,0.00010135875439487442,2.0030663436805295e-06,0.0012440582610060708,0.007102301632879064,9.299644578154907e-06,5.335755687689884e-05,0.0002798582491484623,4.4335349284605276e-08,0.002229981078137728,1.1109316576822464e-07,5.571571388991966e-07,9.056614227263737e-08,0.00023570865477121704,0.7262275131635417,4.28225325888867e-07,1.1349335723408011e-06,2.4905363148972476e-07,0.20904071537989058,0.0029999648494791866,0.03646031906674831,0.012458307428090051,0.0010287803524905697
55,0.0001496852718495861,9.733282385585618e-09,0.0003945072667980905,5.920188178562329e-05,1.8348413378201027e-06,0.0007156410117623466,0.007132808905798914,7.069220020753971e-06,3.156411711622981e-05,0.0002959697596505435,3.229510808990527e-08,0.0019730494058287397,1.8471254798632857e-07,4.3082347842200304e-07,3.49479001582017e-08,0.0002518772696051586,0.7178767147963471,3.566340289918323e-07,5.579073373111188e-07,4.184934187031508e-07,0.22277789355947417,0.0009290375228005936,0.034668013407879505,0.012340049127358073,0.0003930570874845387
56,0.00015720740620971913,9.831636116987282e-09,0.0004105829117997024,6.258600845097656e-05,1.8919488366939112e-06,0.0007157009658260861,0.006803188556575496,7.005566473177265e-06,3.066475699132513e-05,0.00032272790606974313,3.253101733306193e-08,0.0015936916470601808,2.0326582851048852e-07,3.9886041051173275e-07,3.2554446585165325e-08,0.0002528752094418209,0.7328253729863059,3.565210913005932e-07,6.281985325004813e-07,4.3668438651257764e-07,0.20959341750031868,0.00086774212705991,0.033425571333785854,0.012567015872493923,0.0003606588489513662
57,8.68679939946819e-05,6.136722251196589e-09,0.0006781993988402711,3.134157589770276e-05,1.908094090144959e-06,0.0005637273561118148,0.006043907217112382,5.479940356837713e-06,2.30648928381663e-05,0.00028777034064952656,1.9964748268014704e-08,0.0021584539634821533,1.7460878929795173e-07,2.687981887700695e-07,2.137906403656705e-08,0.0002152688394546116,0.6944942854884434,1.593443322726297e-07,4.382207990234002e-07,4.1001567533430717e-07,0.261870488598632,0.0007699826227553645,0.021408749239206527,0.011088152832088274,0.000270853137726889
58,0.00013958671352083736,8.64616117603327e-09,0.0003620323174899074,4.4790968729084495e-05,1.6716934756191815e-06,0.000705416263973755,0.006658210794176573,5.883142293825554e-06,2.503575706559877e-05,0.00030733943980509355,2.180748187700551e-08,0.0014174803477797592,1.9524786699770517e-07,3.7046699804190306e-07,2.735153916258743e-08,0.00022294153091570684,0.7394955987592413,3.261832352889051e-07,6.335119270220836e-07,3.708366421506237e-07,0.20001641853360508,0.0007657069783392392,0.03303524664019876,0.016458465210785686,0.0003362208567525929
59,0.0001318263994454749,7.784643817962479e-09,0.00042888034296310873,4.3945416486814444e-05,1.7008865612733733e-06,0.0006342482775324118,0.006707280621248954,5.872038845563771e-06,2.398024964221822e-05,0.0002952466037101895,2.2688397001233692e-08,0.0014834321718044227,1.9226209937483285e-07,3.559165089902183e-07,2.610371811370479e-08,0.00022473229051028638,0.7246355382747757,2.8504902353264156e-07,5.6412452699143e-07,3.898935960713151e-07,0.21813681036516916,0.0007284164933427732,0.03125048370466634,0.014953623815052268,0.000312138225729051
60,0.00014902252159060977,1.0181676889993255e-08,0.0004060245188026149,6.098889404444732e-05,1.8357124221966684e-06,0.0007035161958979937,0.006439774664767863,6.399536276862275e-06,3.033618092740513e-05,0.000301186623756523,3.201056697768793e-08,0.001578207601034222,1.7241864956330947e-07,3.857443720636279e-07,3.3176142905243134e-08,0.0002370547560795088,0.7202449719325846,3.3339088205624883e-07,5.934189204969004e-07,4.0070569749734747e-07,0.22226309969447594,0.0008917207663152601,0.03449945603064013,0.01181087184613203,0.00037357147734321243
61,0.0001383038284839139,8.303004670622098e-09,0.000432236296237308,4.3629369296786495e-05,1.7865386130839784e-06,0.0006281568560388118,0.0064655112331650924,5.5722213395014674e-06,2.5016419216796336e-05,0.00028273939084939067,2.392689364346029e-08,0.0014460240967707465,1.7949668185486558e-07,3.730423203045284e-07,2.7240500787183523e-08,0.00022019541659405237,0.7225472419833407,2.84253534880063e-07,5.912792658678968e-07,3.7051561883484737e-07,0.22074807620101553,0.0007300808244349939,0.03183963706437107,0.01411361194784243,0.00033032225456885295
62,0.00014902252159060977,1.0181676889993255e-08,0.0004060245188026149,6.098889404444732e-05,1.8357124221966684e-06,0.0007035161958979937,0.006439774664767863,6.399536276862275e-06,3.033618092740513e-05,0.000301186623756523,3.201056697768793e-08,0.001578207601034222,1.7241864956330947e-07,3.857443720636279e-07,3.3176142905243134e-08,0.0002370547560795088,0.7202449719325846,3.3339088205624883e-07,5.934189204969004e-07,4.0070569749734747e-07,0.22226309969447594,0.0008917207663152601,0.03449945603064013,0.01181087184613203,0.00037357147734321243
63,0.00015207794523194016,1.5144086388613787e-08,0.0003878243588343092,6.633358591486337e-05,2.005105134488357e-06,0.0008116887743733514,0.006045373574757301,6.622180348476739e-06,3.516790057233149e-05,0.00028525234091323704,3.563922156909447e-08,0.0015350921204942115,1.6136722684460444e-07,4.1075502387553603e-07,4.212253904393899e-08,0.00023761651846532285,0.7130356868057326,3.9136003926263174e-07,7.178236610760623e-07,3.8725321101876943e-07,0.22760943059736907,0.0010701110914067475,0.03682844716155982,0.011447832644319249,0.00044127582956360475
64,9.877559143515018e-05,8.38374246224143e-09,0.00041960010001665393,4.313031791955455e-05,1.6380253092782061e-06,0.0006249261565815596,0.004997495425697493,4.268859016293067e-06,2.26924358620886e-05,0.00022189806733754775,2.5571126318828897e-08,0.0014681166087492279,1.2556590776860136e-07,3.385839746435253e-07,3.0053412015844456e-08,0.00020357418216648924,0.6410943971008295,2.7088576387422683e-07,4.5128312043495104e-07,3.547441995446666e-07,0.3047845822767675,0.0007070812811847985,0.035048650909136315,0.009952498934265029,0.0003050686564784589
65,0.00015397777295699598,1.0068473209192809e-08,0.00041033154337143113,6.17732248216864e-05,1.8397790458414987e-06,0.0006948236311539658,0.006497836777824208,6.593045395596098e-06,3.070580388377384e-05,0.0003083069105641616,3.2586084869725574e-08,0.0015810934362093128,1.7733313832766142e-07,3.854044461311442e-07,3.295327372447415e-08,0.00023948618782181755,0.7265738989493016,3.3156867987318e-07,6.021502742419765e-07,4.024793000606325e-07,0.2164804943000458,0.0008940688413114231,0.0338732902160132,0.011818926029202438,0.00037057900740624863
66,0.0002706150725514361,6.013319372446949e-10,0.0010482691076197388,2.6382579510460594e-05,4.876678199022646e-06,0.00026772223690646403,0.010730724706439753,2.9614695411159168e-06,1.6660261458950854e-05,0.0005275004249686298,1.1695601466178512e-08,0.0004219230366274092,8.079734705642779e-07,1.797078971006946e-07,1.8056907023814172e-09,0.0002758751985562827,0.8699643620190228,9.345070873243329e-08,5.315880892861485e-07,8.402749195914554e-07,0.08823121821927818,9.533694154076243e-05,0.01283094564392153,0.015204856087144081,7.730321900404382e-05
67,0.000264278810502593,8.800835829308784e-09,0.00048243776008436324,6.766318580324286e-05,2.3136952375673596e-06,0.0005655496801057268,0.007668114888802362,1.0428253773965854e-05,4.0559873134431634e-05,0.000420435058531505,3.822236065299947e-08,0.001563139256947574,2.7332564804908123e-07,4.0382317464014525e-07,3.00183289084769e-08,0.0002728969525721647,0.797919252452895,3.115530969068051e-07,7.787817951306736e-07,4.2295707696287604e-07,0.1511433941334474,0.0008594151033735646,0.025754126616340536,0.012624490486749514,0.00033923630938141266
68,7.510447228660615e-05,9.520666367976003e-09,0.00037564771307717744,4.6485960615765e-05,1.3458417779073298e-06,0.0009518310394590244,0.0058150989854233864,6.770492404946878e-06,2.341109738009563e-05,0.0002416131654421109,2.2574238778082282e-08,0.0022718195779179106,1.4568334638853206e-07,2.8557157333633087e-07,3.8783885194294414e-08,0.0002406635344245881,0.5982373743762865,3.487733449992693e-07,4.214323195837993e-07,4.032095181914997e-07,0.3456603470372329,0.0009871852834615932,0.033108163301193004,0.011669322015728813,0.0002861405569948271
69,0.00014491011368691673,1.0322606247975477e-08,0.0004059306612630293,6.216652890899203e-05,1.8519284529779576e-06,0.0006975361442176721,0.006274813527087409,6.378915442228978e-06,3.126660553292861e-05,0.0003017780502312053,3.4435883700862745e-08,0.0015913999550052234,1.6635896325396315e-07,3.8540955651154616e-07,3.49128582201482e-08,0.0002286392098644447,0.7130127468989417,3.3742840476443866e-07,5.644004971956093e-07,4.155956886162892e-07,0.2290207612500695,0.0008927992778263999,0.03587121445226398,0.011069340858575145,0.0003845167581718302
70,0.00014866306763812437,9.875198039635677e-09,0.00038478403184713864,5.622356314368239e-05,1.777463636993008e-06,0.000670409032173731,0.0062919499890824885,6.1917357241807746e-06,2.8888548384943038e-05,0.00029144519794730567,3.037306134005873e-08,0.0015245354912876592,1.6937612736827204e-07,3.8655443210107243e-07,3.2402986697137786e-08,0.00022463921156881631,0.7283300392565322,3.3131604203828443e-07,5.915855692819643e-07,3.8299085853697887e-07,0.2148590911028259,0.0008633859991056342,0.03386270943763359,0.012081975076479717,0.0003713573207125777
71,0.00020221561498486886,1.8614234655487034e-09,0.0002612475759414912,2.949935117768129e-05,1.6861894370945623e-06,0.00037107658817746216,0.014937685576633483,5.483686917082739e-06,2.265393030129326e-05,0.00042721199751890503,1.2846859688454424e-08,0.0008049689040772833,2.882776275177492e-07,2.6756402740671043e-07,7.658153686816322e-09,0.00016112300860133297,0.8675299209240988,1.6222768440071142e-07,3.610999565447644e-07,3.777738992678682e-07,0.07443647509269437,0.0003502174683644534,0.02016718961178002,0.020040087088218292,0.0002497780814440846
