,0,1,2,3,4,5,6,7,8,9,10,11,12,13,14,15,16,17,18,19,20,21,22,23,24
0,0.09900503767577523,2.384138936807887e-06,6.760988295940686e-06,2.672012112942179e-07,1.2131386252581592e-05,1.314487451826267e-11,1.3126952696866877e-08,6.525304273525372e-05,3.2936656875617947e-10,1.8446190198208604e-08,1.0134907186632003e-09,0.09379371569451242,2.041060766369404e-09,9.246115514904182e-06,3.148002811331488e-06,3.814247709577749e-07,0.7974174460787424,4.699794510116293e-07,5.5373089358146526e-05,4.564561616829006e-11,1.0963325105955789e-05,0.006661342121167569,5.534219242374724e-06,2.2494604249923672e-05,0.0029280158960142163
1,0.0649631196220019,5.670774036580129e-06,3.805646353372196e-06,6.188844086148564e-07,7.886361425443412e-06,1.0785525640838097e-11,1.5259502284444194e-08,9.114291428065894e-05,2.4548108956053586e-10,5.920805495410072e-08,5.542896542356979e-10,0.04225030015928047,1.2692796118330448e-09,8.308931356509887e-06,2.775194160650185e-06,5.637315590068193e-07,0.8748684173237626,6.903737632512625e-07,5.7649637505721115e-05,7.184935015559494e-11,2.3970117811909804e-05,0.00938120299057359,1.108772119536512e-05,2.88195465902428e-05,0.008293893450691585
2,0.04375384572195987,4.430165317585644e-06,1.849529613521876e-06,4.3264138472067843e-07,6.490438533930362e-06,8.894963575525325e-12,8.238900019411626e-09,4.268616545067679e-05,7.520260329826107e-11,3.446395899712576e-08,4.1616310935952743e-10,0.034602048648466624,8.243909086624585e-10,7.27388968029134e-06,2.3126776825981247e-06,3.669854744633149e-07,0.9069223358691985,6.184658207517036e-07,2.345951403083745e-05,3.692552599160335e-11,1.8252757653372343e-05,0.009099857048476725,1.752834297495163e-05,2.1217490325913193e-05,0.005474949583518656
3,0.04881985756755247,4.551285469140243e-06,2.2566388118549226e-06,4.87291636888573e-07,5.693841439717788e-06,5.7175004197859515e-12,8.717146527639952e-09,5.2491945284202554e-05,7.98000796165206e-11,3.045189616635354e-08,4.3345425921600746e-10,0.03527445892191463,9.325551878021338e-10,5.9105494218787925e-06,1.4896249777910167e-06,2.2763385183635758e-07,0.9031489041949132,7.721722501929177e-07,2.1632025891510163e-05,3.8293206326332484e-11,1.6365689170349694e-05,0.00700784645766063,1.1210378282211139e-05,2.7894915643285068e-05,0.005597908206965397
4,0.05031502117610186,4.8313945941374604e-06,2.7421197851273875e-06,5.353586337413682e-07,6.6117986053836905e-06,6.7404032764022255e-12,1.0087272047125084e-08,5.143802696730071e-05,8.809536908405015e-11,3.115114102859885e-08,5.003541075524927e-10,0.038268546014733756,1.198991465290981e-09,7.3033500038373686e-06,1.5711348786873884e-06,2.3984526179715434e-07,0.8986844336722805,8.640887710867132e-07,2.1149940683550237e-05,4.390039512561972e-11,1.628129077150912e-05,0.0071204385963469586,1.245051934716161e-05,3.1002543927515434e-05,0.005454496051811222
5,0.04185324387127582,4.5602841894211815e-06,2.0023854138592624e-06,6.011538616492714e-07,5.744119989534525e-06,5.072239900200683e-12,7.931564653248838e-09,5.27498559601463e-05,6.048472537878493e-11,3.154620886508908e-08,4.134958946429488e-10,0.03150821903045576,9.49425598648063e-10,5.511194255244452e-06,1.1516688862211333e-06,1.8841237328053309e-07,0.9149954395232822,9.504353165681559e-07,1.6765079901720104e-05,3.78295942443297e-11,1.711374289429471e-05,0.005967757393206581,1.2507883360623694e-05,3.201630792502094e-05,0.005523436713370393
6,0.04881985756755247,4.551285469140243e-06,2.2566388118549226e-06,4.87291636888573e-07,5.693841439717788e-06,5.7175004197859515e-12,8.717146527639952e-09,5.2491945284202554e-05,7.98000796165206e-11,3.045189616635354e-08,4.3345425921600746e-10,0.03527445892191463,9.325551878021338e-10,5.9105494218787925e-06,1.4896249777910167e-06,2.2763385183635758e-07,0.9031489041949132,7.721722501929177e-07,2.1632025891510163e-05,3.8293206326332484e-11,1.6365689170349694e-05,0.00700784645766063,1.1210378282211139e-05,2.7894915643285068e-05,0.005597908206965397
7,0.06431677819702097,8.1521565224706e-06,4.264480339263691e-06,5.863882561505363e-07,4.292971021095519e-06,4.753327057306468e-12,1.8170576664148222e-08,6.056620624756442e-05,1.397905325902285e-10,2.7771963481698396e-08,8.618698484972927e-10,0.03830224594989204,2.5133814749656967e-09,5.778304699938308e-06,1.342898947428902e-06,1.228539654328659e-07,0.8851553784697597,1.2582023763170135e-06,1.716340758440951e-05,7.557009576136519e-11,1.1040268193690728e-05,0.006309613802276521,7.2895431511293205e-06,5.4026560754513645e-05,0.00574004980108596
8,0.04809003220838828,6.261983122533636e-06,2.9693062358021897e-06,1.109811033892421e-06,8.347298747638815e-06,5.7172696947731965e-12,1.3114399878148066e-08,6.915592770302287e-05,6.58672135856442e-11,5.771665730296169e-08,3.1857680008022407e-10,0.03343998706054595,1.4456145072694331e-09,1.0163932419731648e-05,1.3375596974677794e-06,3.5118965679034466e-07,0.9029460362006295,9.362859147453185e-07,2.076420788761829e-05,5.364339912401976e-11,2.1505091822035477e-05,0.005910685658117432,1.943521649699474e-05,4.590176446328655e-05,0.00940494657664109
9,0.049563556606411645,3.3312049416325413e-06,1.572862392366946e-06,3.269063168854289e-07,4.9161804609936445e-06,6.950318526666838e-12,6.5792997137394205e-09,4.382453056054744e-05,7.066067592608749e-11,2.4493283209059564e-08,4.565667396884847e-10,0.03785912749473398,5.691896014110425e-10,4.974113870791898e-06,1.697754274819479e-06,2.5944971179241173e-07,0.8994252458109994,6.396650522516714e-07,2.425675552565209e-05,2.9382214271770214e-11,1.6889834526137265e-05,0.008600991249420346,1.1657073826344691e-05,1.7012633403815213e-05,0.004419687668238121
10,0.04881985756755247,4.551285469140243e-06,2.2566388118549226e-06,4.87291636888573e-07,5.693841439717788e-06,5.7175004197859515e-12,8.717146527639952e-09,5.2491945284202554e-05,7.98000796165206e-11,3.045189616635354e-08,4.3345425921600746e-10,0.03527445892191463,9.325551878021338e-10,5.9105494218787925e-06,1.4896249777910167e-06,2.2763385183635758e-07,0.9031489041949132,7.721722501929177e-07,2.1632025891510163e-05,3.8293206326332484e-11,1.6365689170349694e-05,0.00700784645766063,1.1210378282211139e-05,2.7894915643285068e-05,0.005597908206965397
11,0.04901253015599616,4.655499124269737e-06,2.3610207625239543e-06,4.956605477819755e-07,5.6647679313486966e-06,5.910000491765566e-12,9.115450874301772e-09,5.1301850366944364e-05,8.107530172969699e-11,3.001537597702837e-08,4.623602367292981e-10,0.03597311356484281,1.048477206131861e-09,6.057856016390751e-06,1.4470207150895978e-06,2.178083942674046e-07,0.9025589871858402,8.370242132235548e-07,2.0151086804935616e-05,4.0848617303047456e-11,1.5671704512483135e-05,0.0069123927862849155,1.1353713068041247e-05,2.9341881435877458e-05,0.005393378643644609
12,0.0778318774688566,8.070712466002997e-06,5.2995145287935056e-06,8.536192624229356e-07,6.572390873189824e-06,7.86239813458901e-12,2.4285293934032548e-08,0.00015480485317515092,5.708501664812202e-10,6.533870523213494e-08,8.311478912563962e-10,0.04110466222976801,1.719398196746422e-09,5.974236182839748e-06,3.6490311500468873e-06,3.877460515120977e-07,0.8601950667286765,6.293442627012891e-07,8.467448380715789e-05,1.01491173762428e-10,2.528603610231535e-05,0.00729158539198127,6.260945710018387e-06,4.131003121326778e-05,0.013232942381183296
13,0.048342755493922036,2.7895347351671976e-06,2.4891023567754744e-06,3.393898295769172e-07,4.752653338727929e-06,4.506727810051349e-12,6.842299930552344e-09,4.270135509037442e-05,7.064147030600869e-11,1.4325472974169634e-08,5.681776499262031e-10,0.05141507837185893,7.085906017071028e-10,5.343386458949814e-06,1.3036516926509618e-06,1.5749293468719517e-07,0.8901513282689252,5.916252495649359e-07,1.8514110078353794e-05,3.1446230711344586e-11,1.3852539651371586e-05,0.006043151058163783,8.221035958510558e-06,1.825918006804532e-05,0.003928349198551714
14,0.016888694366990364,9.123552979017296e-05,2.2005742366992904e-06,1.4315864961320322e-06,1.9480809451591668e-05,1.394790854592149e-11,1.8027554330734104e-08,0.00018388607825875833,3.2655936285336056e-10,5.410936636799639e-07,8.361528078370424e-10,0.00709029783665016,4.655747659697994e-09,4.130240815280175e-06,3.002070585170115e-06,1.9405081400574853e-07,0.9535086108833631,2.83993280887415e-06,4.4676682025720165e-05,1.0970048255218521e-10,3.8565166417950256e-05,0.014208197030857109,1.1630030119404696e-05,0.00023827558965602486,0.007662086477336937
15,0.04881985756755247,4.551285469140243e-06,2.2566388118549226e-06,4.87291636888573e-07,5.693841439717788e-06,5.7175004197859515e-12,8.717146527639952e-09,5.2491945284202554e-05,7.98000796165206e-11,3.045189616635354e-08,4.3345425921600746e-10,0.03527445892191463,9.325551878021338e-10,5.9105494218787925e-06,1.4896249777910167e-06,2.2763385183635758e-07,0.9031489041949132,7.721722501929177e-07,2.1632025891510163e-05,3.8293206326332484e-11,1.6365689170349694e-05,0.00700784645766063,1.1210378282211139e-05,2.7894915643285068e-05,0.005597908206965397
16,0.04817370992175918,4.7196715828024065e-06,2.0405862658659667e-06,5.91361822363503e-07,5.147136604494623e-06,7.183463454196117e-12,1.0094938940167805e-08,6.154293150217684e-05,7.392075137022901e-11,4.705350997865107e-08,4.570840972311921e-10,0.03374060716576404,7.618167627623222e-10,5.602636797450009e-06,1.318408970401779e-06,3.2285449689106904e-07,0.9039321538286492,1.0572044492151326e-06,2.180724490329137e-05,4.8702752683226386e-11,2.518811951831134e-05,0.007854661302916404,1.3502628630907671e-05,2.9225860738622794e-05,0.006126742637471803
17,0.05066623365350817,4.359783440159563e-06,2.3959582941429988e-06,5.666376529512047e-07,5.9024855904378324e-06,6.034901319152157e-12,9.082815176894261e-09,5.1737528893071004e-05,7.236676508340114e-11,3.000640083745551e-08,4.578871512717527e-10,0.039431746014971146,9.824048228281495e-10,6.829650031218414e-06,1.3334453009505042e-06,2.338061029448507e-07,0.8970544548502838,8.905555388009605e-07,1.9722717146406477e-05,4.1599892499352476e-11,1.7301811985893595e-05,0.006789854496849127,1.294403128395381e-05,2.8019952562650642e-05,0.0059054319710547
18,0.047570238576211184,4.097889101442021e-06,1.9127915964460646e-06,3.9727491107315107e-07,4.391794915956167e-06,4.2863925147576264e-12,7.353284921010655e-09,4.165949146727133e-05,5.647079507665527e-11,2.4833162266432788e-08,3.4758347871319177e-10,0.03355833378054529,8.302467818471278e-10,4.902236231024083e-06,1.1104373906598561e-06,1.7127803518140645e-07,0.9073228807658934,7.968062853014432e-07,1.5403807506747824e-05,3.059515347855927e-11,1.3333435400667286e-05,0.0064888229202668115,9.639233709566286e-06,2.699395692966145e-05,0.004934880067972581
19,0.04396397087515939,4.0378106395376405e-06,3.282770655765359e-06,4.955002640328674e-07,6.674435995379507e-06,5.063015746448059e-12,8.704834373357245e-09,5.798738514047297e-05,9.589091117729304e-11,2.4881426417441755e-08,4.759258262679573e-10,0.04193572307180331,1.199986412773084e-09,6.506707997398656e-06,1.3267350830826279e-06,1.758856203728962e-07,0.9028221307260516,7.372708220121277e-07,1.9752768334588518e-05,4.4432018245245116e-11,1.3298938227429152e-05,0.00653628297962187,8.457991827232068e-06,2.9773208849130485e-05,0.004589349530348669
20,0.02858679042637695,3.4864695062545433e-06,1.2775846321046192e-06,3.014877423316126e-07,4.484488662984582e-06,3.9288083177598036e-12,4.894486027137905e-09,5.049753678279655e-05,5.587145960546249e-11,2.5316330809935918e-08,2.847702524405545e-10,0.0226404160906923,5.389128549427601e-10,3.256196675569778e-06,1.3348351247297338e-06,1.600688284632055e-07,0.9376311769374304,5.279781031580425e-07,1.66961057217389e-05,2.570642354106564e-11,1.3516907772792434e-05,0.007852373391895807,8.793563352070558e-06,2.1542542334784145e-05,0.0031633362683582324
21,0.07469489325088302,4.2578758906994535e-06,3.868262547919848e-06,7.174455633424466e-07,6.455286561259512e-06,9.824691105415056e-12,1.5411350447407647e-08,4.888498742801976e-05,8.667398435425161e-11,3.884525504998703e-08,6.115371255468036e-10,0.06594858477057554,1.475976201885122e-09,1.1496043295782256e-05,1.406435165677705e-06,4.3574132502220857e-07,0.8452753435511589,1.2197889290029667e-06,2.0703519755363275e-05,6.291306188922394e-11,2.2350041531710337e-05,0.006826757221385122,1.7982737887348417e-05,3.05893373657853e-05,0.007083997199219952
22,0.047905424898572205,3.006204155596934e-06,2.115593711484792e-06,4.012667984694495e-07,4.603102864438524e-06,5.429544541584013e-12,7.3592458622897744e-09,4.7517913014336246e-05,5.367090124846557e-11,2.296707623931755e-08,4.555193900157496e-10,0.03846615509716902,6.190243955236101e-10,5.201527806953826e-06,1.0160932144977287e-06,2.272332205434962e-07,0.9027041921904514,8.740038428599934e-07,1.6907337402712444e-05,3.754021390933852e-11,1.8028827404156854e-05,0.006895424654224616,1.0404511328045501e-05,2.1774384703326848e-05,0.0038966936626090827
23,0.04881985756755247,4.551285469140243e-06,2.2566388118549226e-06,4.87291636888573e-07,5.693841439717788e-06,5.7175004197859515e-12,8.717146527639952e-09,5.2491945284202554e-05,7.98000796165206e-11,3.045189616635354e-08,4.3345425921600746e-10,0.03527445892191463,9.325551878021338e-10,5.9105494218787925e-06,1.4896249777910167e-06,2.2763385183635758e-07,0.9031489041949132,7.721722501929177e-07,2.1632025891510163e-05,3.8293206326332484e-11,1.6365689170349694e-05,0.00700784645766063,1.1210378282211139e-05,2.7894915643285068e-05,0.005597908206965397
24,0.046476448378505376,6.416716866981278e-06,2.993158072949454e-06,8.589376773330025e-07,7.991431373795974e-06,7.113955339045834e-12,1.1495033588547991e-08,6.262720011369876e-05,8.38599979290073e-11,4.3140589467937436e-08,5.215028272840732e-10,0.037080253893994816,1.3525763732369007e-09,9.21143642628695e-06,1.447753136553381e-06,2.618661494552128e-07,0.9017216136494642,1.0960296279334087e-06,2.230959184782466e-05,5.597464319013168e-11,2.0630944159801744e-05,0.0071309728385160805,1.646516796845367e-05,3.743230315329388e-05,0.0074009120462941785
25,0.03967793108939572,2.469818136794604e-06,2.2767447679230415e-06,5.410651773302611e-07,4.091342317271508e-06,2.9621636192582385e-12,8.124157836705818e-09,6.0220824236566256e-05,4.746117095387103e-11,1.5333417005309745e-08,5.876415006976587e-10,0.04245747644799117,8.818832765422306e-10,4.313286123888464e-06,6.788549909490765e-07,1.2265837351977458e-07,0.9106222858328902,7.502402354057397e-07,1.455008550836703e-05,4.207021805099458e-11,1.3530462683884947e-05,0.004071832864940042,8.842347889582555e-06,2.36627937334941e-05,0.003034398221014676
26,0.06110150665843833,7.24453758983711e-06,3.705788986402594e-06,1.015559928359035e-06,1.3137456101653712e-05,2.0159090737872558e-11,1.6079408328340466e-08,8.726569858896205e-05,1.9087676913841586e-10,7.633883757078032e-08,8.076678077035901e-10,0.05892028131670788,9.607752728881661e-10,1.700995377939414e-05,4.182071530897697e-06,9.752193580800782e-07,0.8530497995295621,7.348885229421128e-07,7.343550300213906e-05,8.18882803708412e-11,4.5313045387716316e-05,0.012943984702970361,2.6548119173767057e-05,2.1516403914271474e-05,0.013682249066843746
27,0.054806548290522145,5.511434896153332e-06,2.10508139358636e-06,4.434990905890215e-07,5.401386469631462e-06,8.359395709049093e-12,9.429215256334266e-09,6.435048533033803e-05,1.3584255346987862e-10,4.337301095232096e-08,4.128040559031664e-10,0.030943057990138096,8.260580882741706e-10,5.541653999051749e-06,2.321457488714466e-06,3.1097925179974784e-07,0.8962668259010965,7.481564046510991e-07,2.9656886675734614e-05,4.675611859944815e-11,1.8044430213198296e-05,0.01075190183051162,1.0807870710446013e-05,2.5858974746330267e-05,0.007060509459015019
28,0.04881985756755247,4.551285469140243e-06,2.2566388118549226e-06,4.87291636888573e-07,5.693841439717788e-06,5.7175004197859515e-12,8.717146527639952e-09,5.2491945284202554e-05,7.98000796165206e-11,3.045189616635354e-08,4.3345425921600746e-10,0.03527445892191463,9.325551878021338e-10,5.9105494218787925e-06,1.4896249777910167e-06,2.2763385183635758e-07,0.9031489041949132,7.721722501929177e-07,2.1632025891510163e-05,3.8293206326332484e-11,1.6365689170349694e-05,0.00700784645766063,1.1210378282211139e-05,2.7894915643285068e-05,0.005597908206965397
29,0.04881985756755247,4.551285469140243e-06,2.2566388118549226e-06,4.87291636888573e-07,5.693841439717788e-06,5.7175004197859515e-12,8.717146527639952e-09,5.2491945284202554e-05,7.98000796165206e-11,3.045189616635354e-08,4.3345425921600746e-10,0.03527445892191463,9.325551878021338e-10,5.9105494218787925e-06,1.4896249777910167e-06,2.2763385183635758e-07,0.9031489041949132,7.721722501929177e-07,2.1632025891510163e-05,3.8293206326332484e-11,1.6365689170349694e-05,0.00700784645766063,1.1210378282211139e-05,2.7894915643285068e-05,0.005597908206965397
30,0.04881985756755247,4.551285469140243e-06,2.2566388118549226e-06,4.87291636888573e-07,5.693841439717788e-06,5.7175004197859515e-12,8.717146527639952e-09,5.2491945284202554e-05,7.98000796165206e-11,3.045189616635354e-08,4.3345425921600746e-10,0.03527445892191463,9.325551878021338e-10,5.9105494218787925e-06,1.4896249777910167e-06,2.2763385183635758e-07,0.9031489041949132,7.721722501929177e-07,2.1632025891510163e-05,3.8293206326332484e-11,1.6365689170349694e-05,0.00700784645766063,1.1210378282211139e-05,2.7894915643285068e-05,0.005597908206965397
31,0.04102165386089796,4.796421958059872e-06,2.5941948530952496e-06,5.480054960761071e-07,6.270411640886426e-06,3.2745993793492424e-12,7.213360222837093e-09,6.376061363984416e-05,6.173470412209892e-11,2.9483572029497195e-08,3.0003549980448246e-10,0.029363248962263132,1.1114168034195155e-09,5.270707193590177e-06,8.65674407163131e-07,1.470982807794232e-07,0.9194525586525304,8.577212740922758e-07,1.656258937052391e-05,3.553116685557648e-11,1.3248322837460677e-05,0.00515179006066686,8.418093383293284e-06,4.045646750566239e-05,0.004846913932876182
32,0.049049182105414604,4.621623190936781e-06,2.3210246322542775e-06,4.6308523555340905e-07,5.902658241169804e-06,6.199443253053838e-12,8.949657193493395e-09,5.5643298268387794e-05,9.309981939774993e-11,3.269102270873088e-08,4.321204884942942e-10,0.034763863278924646,9.117947231727247e-10,5.961923287762891e-06,1.6829975849187012e-06,2.5927118667143786e-07,0.9028458575352188,7.070207266729465e-07,2.5614927615089537e-05,3.9741397306806105e-11,1.69667860545546e-05,0.007581839395793005,1.0861577283717826e-05,2.6534046224604582e-05,0.005601674321480937
33,0.024175848141478478,3.5020351139357464e-06,7.859760057987119e-07,1.6082444018293883e-07,4.16434750375408e-06,2.9546074516768048e-12,3.1251150389671776e-09,2.2928652456753475e-05,1.5540974549731865e-11,1.4174430960216275e-08,2.1252324844639714e-10,0.01855177556131568,5.847319377588851e-10,3.4153692561371124e-06,6.98986350994177e-07,9.548340002629401e-08,0.945836725960461,6.488144580365016e-07,7.932209158703225e-06,1.496579533610938e-11,6.354378092881392e-06,0.010072184172542999,1.0793828749104104e-05,1.9599473154298612e-05,0.0012823676557987649
34,0.16540402897868373,8.959051821739987e-06,7.172086246299678e-06,5.266616160405376e-07,7.821362495921899e-06,1.8412734325963215e-11,2.9658542407192174e-08,0.00012080355365872553,1.1533386627148118e-09,7.50745696619966e-08,7.94007685886831e-10,0.05225352434183269,1.8440086746929366e-09,9.567127443493743e-06,5.8874207349430405e-06,7.077993637999345e-07,0.7527569008546313,7.659556122317307e-07,0.00013470975264240389,9.461648105050895e-11,2.4716684663769085e-05,0.012699370298612494,5.905484987243677e-06,3.613404362228275e-05,0.01652238990383461
35,0.043514715519416665,4.739358319990264e-06,2.5319463951398825e-06,5.153927882134138e-07,8.739174945373132e-06,7.592514167165644e-12,9.006977188821782e-09,4.093921917429533e-05,6.392402838353027e-11,2.8225896254039905e-08,5.286788381566031e-10,0.04044167941425314,1.0223986164035233e-09,9.452976009009591e-06,2.1664933536364125e-06,3.155432268030988e-07,0.903556682317537,6.43280974675317e-07,2.1862200828210315e-05,3.420513788106547e-11,1.9256682119259998e-05,0.0071104934592585165,1.8728079947381232e-05,2.6802628608850352e-05,0.005219697423171259
36,0.13596941080704497,4.202761295740108e-05,4.089021457602968e-06,6.346688691838965e-06,1.868754330785204e-05,1.6503157379766673e-10,8.643026719456166e-08,0.0001383610352786333,2.5480327463299433e-10,4.4902617606673115e-07,4.919334380154809e-09,0.04970484522087796,2.6166886221208266e-09,4.496677478551082e-05,6.399406469440975e-06,1.7461926718162498e-06,0.7422701376632198,1.4807644903771462e-05,4.812974211904576e-05,3.6883559906383993e-10,0.00021196588972015738,0.030168332477026574,0.000186942381764584,9.763643323822063e-05,0.04106462368332807
37,0.01575613886993215,6.122998751280303e-06,1.0940183865189475e-06,7.783155170624694e-07,9.34886493737548e-06,1.0652757252103076e-11,6.554192762992785e-09,0.00010790375244528532,1.7958021600222854e-10,9.376977531515419e-08,4.241469652226004e-10,0.01622004410793115,8.253992350721785e-10,3.688756220945675e-06,3.975092359354149e-06,3.8437129095368616e-07,0.9530138730339187,4.398486942282084e-07,4.4563811526225844e-05,5.317718005236565e-11,2.899672701677893e-05,0.008278773590818498,1.7507272368052635e-05,2.492920607256452e-05,0.006481335544888473
38,0.09780582697042284,4.959514285149408e-06,2.508287253201332e-06,3.996234068153286e-07,5.827564301770703e-06,1.8007990517818877e-11,1.655305617435417e-08,4.021261513878408e-05,1.1047525532460208e-10,4.278081864403101e-08,7.452199488040601e-10,0.05082508134345736,8.494619617979427e-10,1.0123733298702162e-05,3.3078677837158464e-06,7.561508182299696e-07,0.8319374671236842,9.148176995269806e-07,3.4445383308954625e-05,4.763652814793006e-11,2.7815310844492596e-05,0.01242896337363213,2.1169972209140447e-05,2.1739544933023696e-05,0.006828419698845432
39,0.04814164560906245,3.7592785289848145e-06,2.3474364472594986e-06,5.311545372389113e-07,6.269782713466246e-06,6.644163986174748e-12,8.39805240405908e-09,6.0188603723073955e-05,8.603946538050064e-11,3.227561718291762e-08,4.551624191043265e-10,0.039348248488917395,7.934889429494237e-10,6.202956683581913e-06,1.5342140198274182e-06,2.9185302968935754e-07,0.8998775602410432,7.339676767488631e-07,2.5690675704419422e-05,4.157059342717742e-11,2.048611779949759e-05,0.006759032065342688,1.1966825936075563e-05,2.393772224384974e-05,0.005709530950015619
40,0.05030604822867308,4.5475253219892234e-06,2.2954906107757546e-06,4.7258741362383496e-07,5.627757781930949e-06,5.77307439389293e-12,8.775410957351494e-09,5.152712028245428e-05,8.03845383769425e-11,2.962958157779763e-08,4.386441593827873e-10,0.0359995207297788,9.18518923757903e-10,6.004446894879041e-06,1.5050992780012628e-06,2.2767263528894692e-07,0.90075905470333,7.733939054337538e-07,2.168934906048351e-05,3.8055854499453147e-11,1.6277058028549647e-05,0.00719556354165529,1.1069162132690452e-05,2.743331733982064e-05,0.0055903229295079186
41,0.0475553845745262,4.277250994613893e-06,2.061413401154248e-06,4.6241272502453093e-07,5.183869634234294e-06,5.282796061107698e-12,8.22211995147803e-09,4.908874824390085e-05,6.933661841976261e-11,2.8043286185361706e-08,4.220937550227908e-10,0.03486128086148155,8.823362094324615e-10,5.499076382861151e-06,1.3393981171476026e-06,2.0934483388953667e-07,0.9054401858976057,7.762121674405708e-07,1.961012614445557e-05,3.6213643478203536e-11,1.548647045710755e-05,0.006802437227959632,1.1106083893655972e-05,2.6520857714750695e-05,0.00519905249304741
42,0.07633543876985706,7.661942157041133e-06,4.500037729582424e-06,1.3326814882433553e-06,9.577963457757343e-06,7.819929099533555e-12,1.4833698669647326e-08,3.7946960020996725e-05,7.751246996017689e-11,3.0684935367853395e-08,7.600480940623633e-10,0.062171902979178864,3.3308121407098963e-09,1.4852291140123673e-05,1.0977531927601061e-06,1.362942438946706e-07,0.8451150003718723,2.2921863119100567e-06,1.1225499778462022e-05,4.938809240657521e-11,1.5283079165354796e-05,0.003994123024047764,1.9279780021452922e-05,6.504260437187848e-05,0.0121932560377497
43,0.058073825523216736,4.799709751680039e-06,2.973818277897458e-06,5.110098030696635e-07,5.528639877264175e-06,4.986894273159426e-12,9.9955573867504e-09,4.599711704972285e-05,7.888336173449926e-11,2.365268273865025e-08,4.784345229015298e-10,0.04345470107829612,1.2068891462667167e-09,7.268277985916813e-06,1.3464956510539805e-06,1.8706000158755614e-07,0.8858420640812499,8.208832618048001e-07,1.9123815505188016e-05,4.060624601007351e-11,1.3518301995704592e-05,0.006373958524469847,1.0519191718237184e-05,2.9749704799715747e-05,0.006113071309048375
44,0.04881985756755247,4.551285469140243e-06,2.2566388118549226e-06,4.87291636888573e-07,5.693841439717788e-06,5.7175004197859515e-12,8.717146527639952e-09,5.2491945284202554e-05,7.98000796165206e-11,3.045189616635354e-08,4.3345425921600746e-10,0.03527445892191463,9.325551878021338e-10,5.9105494218787925e-06,1.4896249777910167e-06,2.2763385183635758e-07,0.9031489041949132,7.721722501929177e-07,2.1632025891510163e-05,3.8293206326332484e-11,1.6365689170349694e-05,0.00700784645766063,1.1210378282211139e-05,2.7894915643285068e-05,0.005597908206965397
45,0.04342250800762913,3.640868848828034e-06,2.416669470617503e-06,3.555248312100862e-07,6.619211065408812e-06,4.850801638719585e-12,8.942770729981935e-09,6.570149998949303e-05,1.1622495273742318e-10,2.5057691955880763e-08,4.255147397220998e-10,0.03100237493637981,1.1053537914136236e-09,4.923684834955349e-06,2.074359819339712e-06,2.25193611699475e-07,0.9154763329554775,4.048078932973775e-07,3.015304198399283e-05,3.360737010292203e-11,1.171159047904024e-05,0.006454274325951594,8.183669678653718e-06,2.703246129434552e-05,0.0034810315047466792
46,0.1829849094740732,8.79064002049521e-05,6.31184684258889e-05,1.41374111782406e-05,0.00011732366493714175,6.882169070678541e-09,1.3044505689201315e-06,0.00013378870728061445,4.1936755442137446e-08,4.3962915200437e-06,5.404356993240432e-09,0.08462725835776863,4.270427516329112e-09,0.0028572382463075436,7.309529869687914e-05,7.616503048829457e-05,0.011248164197936875,2.4895782325277766e-06,0.0029456549231334987,1.519238198710727e-09,0.00044825688527660415,0.03641417376616154,9.889929763401768e-05,1.012905220011208e-05,0.6777915304850273
47,0.025653201105805015,8.796296157110314e-06,4.0551046527093595e-06,3.5487794797386356e-06,2.9906538205935908e-05,1.0835544619278103e-11,1.515429069530797e-08,0.00019284627759419504,2.1269334006124578e-10,1.0706893676786713e-07,7.154924555278729e-10,0.030936113938405844,2.6753018512091513e-09,1.5161948825981933e-05,2.839123653521753e-06,4.081443919756672e-07,0.9249940726346834,8.092709926558178e-07,5.814524081740243e-05,9.32847728092482e-11,3.9914228751773563e-05,0.004460701057062807,3.092649717309846e-05,6.104440204106824e-05,0.013507383480470562
48,0.09899919880089113,5.132618519703275e-06,6.073963673145339e-06,1.1520894683822629e-06,1.0707573802720637e-05,1.6834248927044203e-11,1.5512230690192188e-08,5.931504716395152e-05,1.7274872369828555e-10,3.7668601627935514e-08,1.0468209975565467e-09,0.09707886322493549,1.3655965951814137e-09,1.7829794181088157e-05,2.4082731959704623e-06,4.344559666306288e-07,0.7807040959593634,1.5660408743576285e-06,2.8005800595072032e-05,7.539074528566988e-11,3.581711033636801e-05,0.00727114692256168,1.9089016272590774e-05,3.119613756810977e-05,0.015727911312406664
49,0.047550434589387965,3.0001708087470056e-06,2.3830081082502462e-06,3.7667599720616697e-07,5.5513096438180755e-06,6.701472778468415e-12,6.78182096093749e-09,4.2171555945825786e-05,6.850099826028184e-11,2.0051493445609118e-08,4.988273330250747e-10,0.0496855658378055,7.874329596107554e-10,6.280199105459112e-06,1.3461886155231132e-06,2.097489879578195e-07,0.8909358422084911,7.767081855554681e-07,1.7046332284941308e-05,3.748975377539024e-11,1.4843456771570156e-05,0.00770331379235469,1.0661846672592647e-05,1.9093418396032198e-05,0.004001074720170318
50,0.050971151514702974,4.801822530297709e-06,2.364614654255072e-06,5.128623349191098e-07,5.899447139939385e-06,6.135005805702948e-12,9.512901543817323e-09,5.566085889148561e-05,8.716056557569944e-11,3.3718343660938424e-08,4.3779683364010695e-10,0.03547588315962981,9.698011791591339e-10,6.300455344166298e-06,1.5712204719447125e-06,2.538928857087927e-07,0.9000425651490414,7.817674171377648e-07,2.3803273224226246e-05,4.1141079060064624e-11,1.7122539075937423e-05,0.007395810435203978,1.1609739079839484e-05,2.8548317169936882e-05,0.005955314157922196
51,0.05022454784187075,4.760980017506229e-06,2.4572511350895725e-06,5.8647443632444e-07,5.093160914757292e-06,5.312027685417101e-12,1.021258439380655e-08,5.935227515887511e-05,7.500621907108148e-11,3.1523202764996677e-08,4.955947022179658e-10,0.03657241207255488,9.54779047425722e-10,5.859201030500927e-06,1.184844215539834e-06,1.8938774578413048e-07,0.9003631803614581,1.0218032398372115e-06,1.8235656852323168e-05,4.539959610791163e-11,1.8162064223361282e-05,0.007158631865590985,1.109118654045838e-05,3.185706495300015e-05,0.005521333196183184
52,0.1005938284514039,6.395733324629676e-06,2.594982070237072e-06,6.695037891153191e-07,4.894728678891285e-06,2.953087116023403e-11,1.657878662568881e-08,4.4346785512994547e-05,1.2877386464783808e-10,5.657363291913925e-08,1.0306396384825822e-09,0.050151576579403716,1.4605023775744843e-09,9.01847478228299e-06,1.852447366369184e-06,3.850601570243868e-07,0.8256613076430842,3.956811405456658e-06,1.3649409924881546e-05,9.939796346430163e-11,2.5867915652950006e-05,0.0158988961927535,2.2888181412113e-05,3.6058796318116136e-05,0.007521736401695448
53,0.08734091645624431,8.668883879813288e-06,3.7513522103454474e-06,8.989508970015047e-07,5.409538682681211e-06,1.70614471917164e-11,3.1537565792132525e-08,6.013573217852459e-05,1.9144941004793975e-10,6.638936645304014e-08,9.858398904197388e-10,0.048923590449789535,2.195393377892954e-09,1.2313634213801736e-05,3.2818353261305795e-06,6.45261083717776e-07,0.8403586690736289,1.2794396169859427e-06,3.269673632878606e-05,1.245876516598598e-10,2.402251793521717e-05,0.012201842079552086,2.3882161063120333e-05,3.543045848812922e-05,0.010962463997616748
54,0.1443613918649063,1.2939416259441244e-05,5.63982832797852e-06,8.793290006791959e-07,6.484095030747303e-06,1.8525395251721598e-11,3.374953011079882e-08,5.2168152732382825e-05,2.3447141430008884e-10,8.234003796857264e-08,6.554282966451451e-10,0.06464587636700993,1.9339361836043775e-09,2.136474434483264e-05,3.7455094980692063e-06,8.524024148944073e-07,0.7511782453913056,1.318576069335408e-06,4.33413793293188e-05,1.0221267064801255e-10,2.739060211267317e-05,0.014823977103944055,2.120423114174931e-05,3.660400582933214e-05,0.024756457966600535
55,0.06785909685000917,4.8595025001720485e-06,3.1766372668861367e-06,4.939087892353366e-07,4.129266087036882e-06,4.858403137275309e-12,1.0065032888547721e-08,4.9298914187219755e-05,1.2375655465529063e-10,2.4099702162184725e-08,5.155356178199611e-10,0.04862558198697573,1.401373951302234e-09,5.2970166145500935e-06,1.2227244707152164e-06,1.3519445051044847e-07,0.8701412208044035,1.0580064468345904e-06,1.7617154529270166e-05,4.614310047519718e-11,1.2097397516648955e-05,0.005817695823658327,6.842794874496903e-06,3.241555833353668e-05,0.007417724202483576
56,0.04763753070329466,4.732534243691267e-06,2.3928590094472815e-06,4.858385399629456e-07,5.732335208547482e-06,5.8163987828772105e-12,9.110520845006645e-09,5.19901382470044e-05,8.448936332981957e-11,2.9955705380337694e-08,4.624445084280804e-10,0.034860694096394626,1.0842830458516928e-09,5.9282399188977385e-06,1.4757287434019445e-06,2.1348314392719725e-07,0.9052325439531163,8.118082619713278e-07,2.0592105726483888e-05,4.123844466061804e-11,1.5232296018922986e-05,0.006909921110835799,1.0960616821446606e-05,2.9814305719987587e-05,0.005208907102257133
57,0.02764839854521793,1.9827194926237805e-06,1.7962848756669503e-06,2.1035591330622693e-07,4.782093471685106e-06,2.910923648552796e-12,3.605759615597051e-09,4.7089599632940824e-05,6.411992545732294e-11,1.651139944903944e-08,2.4200122922633827e-10,0.030869556587888765,4.88708930733573e-10,2.9260262351459556e-06,1.0051402979568117e-06,1.546246992521355e-07,0.9338226193108206,3.464061917917413e-07,2.0826955700240012e-05,2.1055668947616513e-11,1.0957541449318392e-05,0.005119559613738342,4.575172881851459e-06,1.5762786878573025e-05,0.0024274292986580736
58,0.04162838541905103,4.288610773836962e-06,1.9314978821100137e-06,4.120232681864466e-07,5.038798602025445e-06,4.430728625340387e-12,7.393833236942349e-09,4.664012587436684e-05,6.3261710778168e-11,2.603011354180098e-08,3.8071112814138947e-10,0.03004265893512459,9.310656903127803e-10,4.690262649471463e-06,1.2391199323077093e-06,1.7001926255786178e-07,0.917593621432277,7.457751804379228e-07,1.6710275286096525e-05,3.222855323129282e-11,1.3466324387813328e-05,0.0062535039244419645,9.804666201135671e-06,2.9508403778283676e-05,0.004347149550382363
59,0.04305976524797972,4.14998518668436e-06,2.1104799837374157e-06,4.0666189896660824e-07,5.1044821413151466e-06,4.156283110123676e-12,7.312741221638319e-09,4.474980719993046e-05,6.006447728918589e-11,2.452350979468239e-08,3.676075477693041e-10,0.031148502028814227,9.776165021706922e-10,4.779819011169296e-06,1.1595531208952218e-06,1.632372054385926e-07,0.9155986494672685,7.718962056410124e-07,1.5125404743740676e-05,3.137287435875271e-11,1.2930879977932077e-05,0.005787982672590594,9.27478205382306e-06,3.170604788943104e-05,0.004272634269659597
60,0.04881985756755247,4.551285469140243e-06,2.2566388118549226e-06,4.87291636888573e-07,5.693841439717788e-06,5.7175004197859515e-12,8.717146527639952e-09,5.2491945284202554e-05,7.98000796165206e-11,3.045189616635354e-08,4.3345425921600746e-10,0.03527445892191463,9.325551878021338e-10,5.9105494218787925e-06,1.4896249777910167e-06,2.2763385183635758e-07,0.9031489041949132,7.721722501929177e-07,2.1632025891510163e-05,3.8293206326332484e-11,1.6365689170349694e-05,0.00700784645766063,1.1210378282211139e-05,2.7894915643285068e-05,0.005597908206965397
61,0.0447296577264089,4.2408254449049654e-06,2.3704074398922685e-06,4.1227742063349133e-07,5.38713967891701e-06,4.465165065105775e-12,7.657091232125827e-09,4.542302932093766e-05,6.827797567888114e-11,2.377871465877408e-08,4.096545921133042e-10,0.034422037723676184,9.718212544010908e-10,5.283790574101441e-06,1.2947447187743042e-06,1.7339416675834872e-07,0.9100997358339875,7.33946924992615e-07,1.7049892824737806e-05,3.322003041589104e-11,1.3656938160300787e-05,0.0060042598473181346,9.189797915835082e-06,2.9745001307400708e-05,0.004609314759466193
62,0.04881985756755247,4.551285469140243e-06,2.2566388118549226e-06,4.87291636888573e-07,5.693841439717788e-06,5.7175004197859515e-12,8.717146527639952e-09,5.2491945284202554e-05,7.98000796165206e-11,3.045189616635354e-08,4.3345425921600746e-10,0.03527445892191463,9.325551878021338e-10,5.9105494218787925e-06,1.4896249777910167e-06,2.2763385183635758e-07,0.9031489041949132,7.721722501929177e-07,2.1632025891510163e-05,3.8293206326332484e-11,1.6365689170349694e-05,0.00700784645766063,1.1210378282211139e-05,2.7894915643285068e-05,0.005597908206965397
63,0.04863968239340325,5.213625338460703e-06,2.2315772188995067e-06,4.6442488417541084e-07,5.272466678843333e-06,5.583417804009234e-12,9.077839119798452e-09,5.177416905492082e-05,8.422223989860321e-11,3.099253288789985e-08,4.5067406186962355e-10,0.03237126887874523,9.993395556184935e-10,5.472615054303818e-06,1.5344661274536718e-06,2.06469784303496e-07,0.9059372672912165,8.189437958082589e-07,2.0658200894460854e-05,3.996016034016188e-11,1.5514784936292248e-05,0.0073578063580266246,1.0537635987508782e-05,3.0396956711569133e-05,0.005543837091989772
64,0.04351871265615118,4.080538864289946e-06,2.0072952113321575e-06,4.6036849375456964e-07,5.5982770178157395e-06,5.662970485409201e-12,7.72082653874187e-09,5.2260793526372105e-05,7.045391540371328e-11,2.956174801408316e-08,4.73296141744098e-10,0.03425537850049413,7.161404838054414e-10,5.008500937147682e-06,1.4680459400166948e-06,2.279970419058657e-07,0.9106668153145041,7.648327096357909e-07,2.1102387169843595e-05,3.393853423825305e-11,2.0851926784419432e-05,0.006364061718059231,1.1044568801454337e-05,2.643014961252648e-05,0.005043687546614305
65,0.04900396831860972,4.945225152661492e-06,2.2591929273712026e-06,4.764552970633433e-07,5.348846291238605e-06,5.2291969018338e-12,9.206898794218878e-09,5.5196398180562664e-05,8.636152930589892e-11,3.105540931147404e-08,4.241441723089554e-10,0.03278229439088382,1.0046242699660901e-09,5.511236096886848e-06,1.5055617902883649e-06,2.1214468048719813e-07,0.9053351956130329,7.523394785248426e-07,2.2220857091535098e-05,3.95863584853711e-11,1.5113075267520184e-05,0.007150476217953537,1.026765339560998e-05,2.9796136133144343e-05,0.005574418515483458
66,0.08256738871528739,5.708725912851608e-06,5.267132586152114e-06,8.987280671714697e-07,9.36241866384275e-06,1.6408869606472625e-11,2.304014510187215e-08,0.00011263014845186755,3.2409170592401597e-10,8.157566957154205e-08,6.928422566702811e-10,0.058289800530020267,1.7956431874997607e-09,1.2704045450242615e-05,2.5812417133021116e-06,8.740554649904025e-07,0.838684816193582,8.872814834553667e-07,7.73604843156832e-05,1.1718277936999107e-10,2.6688077965482512e-05,0.010155833740657698,1.364899313118713e-05,2.8172935327213586e-05,0.01000526898993575
67,0.05271913966494692,4.762640028812045e-06,2.708324673583839e-06,5.65556240607317e-07,6.57308638078856e-06,7.623396268224548e-12,1.008465785633002e-08,4.541042344872063e-05,7.824068332908833e-11,3.090601883727026e-08,5.108161772401172e-10,0.043733461517971244,1.1083371698218153e-09,8.616321470081376e-06,1.6993806658367996e-06,2.9282118000705154e-07,0.88964325555702,8.481282188061887e-07,2.101734669184271e-05,4.534317630590845e-11,1.793956887706249e-05,0.007375161447751699,1.550236276271388e-05,2.669803847555808e-05,0.006376305072158282
68,0.045477191038414765,4.0554286507181735e-06,1.2185840259691667e-06,4.4077309207019546e-07,3.3233227239567736e-06,7.1013144365651105e-12,6.212805840674592e-09,2.7563393509507108e-05,3.7649283744140126e-11,2.370532864353065e-08,5.385973389978288e-10,0.03711552854785908,6.507608046456089e-10,4.408392675929198e-06,1.098581660481618e-06,1.5902118769407804e-07,0.9047887517368671,1.4509459346741102e-06,8.86785458542895e-06,3.304119386510361e-11,1.851603764782313e-05,0.007092513811778543,1.6674805561187614e-05,2.2243526500418306e-05,0.005415963012040283
69,0.038733572099447014,7.779280544620656e-06,4.300321840099353e-06,1.5151641183137605e-06,7.23837733377712e-06,6.592110530610667e-12,1.535300868446319e-08,9.817321707127897e-05,1.4785939662328908e-10,9.4049378072935e-08,4.112460321535686e-10,0.03195391600565921,2.1115684942747855e-09,7.299872442227283e-06,1.358609982327648e-06,4.169522859236399e-07,0.9115227638521175,1.1391510098290861e-06,2.8442703019586044e-05,1.203377430965111e-10,2.551652926534466e-05,0.004485638434577382,1.2276264684122968e-05,5.289398345909051e-05,0.013055646981152007
70,0.04217305162449803,4.392069646233005e-06,1.8276256868629115e-06,4.4149660475206027e-07,5.283730296653476e-06,4.8977926326817365e-12,7.595172059639821e-09,5.4970775471627536e-05,7.451922287771359e-11,3.0489836925892473e-08,3.8943559263892893e-10,0.02932991043775257,8.442145825367799e-10,4.5740918365584255e-06,1.4285555601201488e-06,2.0092549150510577e-07,0.9168381210868742,6.89112398691976e-07,2.1375640189566087e-05,3.3782537389897995e-11,1.5295446703407874e-05,0.00665319093806211,1.0141092249658126e-05,2.77173671457919e-05,0.0048573485516728975
71,0.06329503475935509,2.746955899683371e-06,2.660377615365544e-06,5.552863774242147e-07,3.638943974968729e-06,5.46845492771085e-12,1.3457540132620405e-08,4.911937899837598e-05,5.58190743720839e-11,2.3852540213395996e-08,6.083175023848019e-10,0.052389210140443614,1.0411881148611244e-09,6.267388477418596e-06,9.163060898701295e-07,3.030831907295104e-07,0.8745017190437744,9.750202522357748e-07,1.688891758173186e-05,5.83838193571306e-11,1.7830761556265997e-05,0.005533198159510451,1.329861719002919e-05,2.367858126080668e-05,0.0041419191991942965
