,0,1,2,3,4,5,6,7,8,9,10,11,12,13,14,15,16,17,18,19,20,21,22,23,24
0,1.3009993052058823e-05,1.9540779550882276e-06,1.5097228938635026e-07,6.218531533373897e-05,2.0584722787602362e-09,0.021210405642722432,2.2540344279552566e-06,1.7779027877059074e-05,8.593458750409822e-06,1.9243467858051277e-07,1.1868828490982763e-06,2.9351349197246793e-05,0.00011245026745311029,3.6834562172797105e-06,6.328554762463665e-08,0.0004866527442041209,0.9778470901142318,8.417253607697735e-06,4.159377509802049e-07,3.6838207377787575e-07,9.114834048926747e-07,6.301612108270652e-07,0.00019212683890939137,5.7156847099509286e-08,6.767093594243834e-08
1,1.2021275715438282e-05,1.7088947519437925e-06,9.851822217129916e-08,5.544799040270544e-05,1.4525322134041457e-09,0.010758451075631592,1.4205788700425295e-06,1.4129689552946374e-05,9.6908135831552e-06,1.4250468906127886e-07,8.436563423773268e-07,1.9301465676444017e-05,9.66242315071294e-05,2.5206895749457444e-06,2.993177932193983e-08,0.00033888138218298656,0.9885630991488396,6.6989008635634436e-06,2.1154918632691737e-07,1.584371730449917e-07,4.1914718329239195e-07,3.897774403963636e-07,0.0001176247530977544,3.663005760640533e-08,4.750514384240416e-08
2,1.500931669855401e-05,1.7372167679468715e-06,1.3264769278674083e-07,6.897209319225466e-05,2.2426694268589374e-09,0.011470617681977189,2.05040051498536e-06,2.017496750875312e-05,1.2113918230551652e-05,1.926627445406046e-07,1.0766087035845553e-06,2.1892761195569975e-05,8.48758303530563e-05,4.602305191127246e-06,5.994592082870833e-08,0.000301143989709746,0.9877206501490372,9.56522324114679e-06,3.052171325145915e-07,3.5115368668707e-07,7.642548871291425e-07,8.447693432816692e-07,0.000262696762509944,5.70897234074553e-08,1.1079136800200751e-07
3,1.0549823551125671e-05,1.4993897937281037e-06,9.254914602500925e-08,5.4051915089048964e-05,1.270888866486483e-09,0.00956426015931545,1.2819301761716965e-06,1.1613311536957466e-05,6.163966312819569e-06,9.790275710505728e-08,9.269723520972297e-07,2.1512067059129022e-05,8.425639947110875e-05,2.9434742601136346e-06,3.152269636168599e-08,0.0002337861666207045,0.9898572778624524,6.972449202692841e-06,1.842038499411417e-07,1.4263327534640267e-07,5.089444539468128e-07,4.073747206526466e-07,0.0001413542217319564,3.3688465136963933e-08,4.980082145806157e-08
4,8.999238711613664e-06,1.4560204113984904e-06,9.020346823104729e-08,5.479951628243947e-05,1.263700904670152e-09,0.008222103725232384,1.1632691714599355e-06,1.0656364732167892e-05,5.239150054190186e-06,8.830400072434312e-08,9.531107432374556e-07,2.351374478686217e-05,9.369382487033996e-05,2.9999768182663665e-06,2.6635461822673896e-08,0.00021880742846419447,0.9912282587519317,6.884195605879137e-06,1.6345281756141452e-07,1.2192959126851676e-07,4.78237797408607e-07,3.916671789742136e-07,0.00011903818505147716,2.926847142678764e-08,4.253464401102617e-08
5,1.1718523835257347e-05,1.1632858139693905e-06,8.432688846221889e-08,6.266488903690289e-05,1.149496801511484e-09,0.007198263059547598,1.2142485988778157e-06,1.0682506579499655e-05,6.2019105908554105e-06,1.0501462913365182e-07,9.604514039271108e-07,2.1340058167977995e-05,7.960489626181573e-05,3.3713782463907593e-06,2.5700063782413643e-08,0.00021801047982903562,0.9922257362946039,9.889657412307731e-06,1.3455919475202626e-07,1.599430851520821e-07,4.854968162861899e-07,3.806208294039081e-07,0.00014770023112291024,4.540929697834347e-08,5.590864800390002e-08
6,1.0549823551125671e-05,1.4993897937281037e-06,9.254914602500925e-08,5.4051915089048964e-05,1.270888866486483e-09,0.00956426015931545,1.2819301761716965e-06,1.1613311536957466e-05,6.163966312819569e-06,9.790275710505728e-08,9.269723520972297e-07,2.1512067059129022e-05,8.425639947110875e-05,2.9434742601136346e-06,3.152269636168599e-08,0.0002337861666207045,0.9898572778624524,6.972449202692841e-06,1.842038499411417e-07,1.4263327534640267e-07,5.089444539468128e-07,4.073747206526466e-07,0.0001413542217319564,3.3688465136963933e-08,4.980082145806157e-08
7,1.4449723838508302e-05,2.2198216457150665e-06,1.631259313284039e-07,5.797136849141978e-05,1.4666730223244971e-09,0.008401344973648162,1.2539980713781467e-06,1.4777207062029103e-05,3.90813594430574e-06,8.099940896195829e-08,1.30008075124219e-06,3.101872613145412e-05,0.0001814491763548901,2.1168000802781848e-06,2.421560364144135e-08,0.00021722494834338797,0.9909862100437687,7.248186201643207e-06,2.689708110431058e-07,1.030567477136941e-07,5.912548698317087e-07,3.336406878336327e-07,7.588700206772383e-05,2.6700999990883284e-08,2.6375865677444107e-08
8,1.4122996708911736e-05,1.4993666621851976e-06,1.1537837891231399e-07,7.772249652194635e-05,1.4697711426248365e-09,0.009629899051881287,1.4555840420843467e-06,1.2584913734517015e-05,9.344271440160333e-06,1.5002361595785384e-07,1.2091354207271502e-06,1.7004426139879096e-05,7.389374907854841e-05,4.136215980228504e-06,4.77952480345722e-08,0.00022949625858084704,0.9897067150217541,8.742814735212423e-06,1.639060114858869e-07,1.916792695506757e-07,6.228629161517041e-07,5.051658779011287e-07,0.00021021766395331207,7.529168795412241e-08,8.246058891634544e-08
9,1.0063761937554059e-05,1.816960458825357e-06,8.1432656273797e-08,4.6646527858061555e-05,1.4380747525746944e-09,0.010162327627326164,1.62075083493393e-06,1.1563066578138394e-05,5.488618982788438e-06,8.522789445827006e-08,8.324777808772973e-07,2.958442995339507e-05,8.869112436865777e-05,2.6790757763726146e-06,2.971766121431684e-08,0.0002695910909234653,0.9892368236896321,7.505119988955153e-06,2.1992965259875467e-07,1.2337608508179768e-07,5.359158538074986e-07,3.9466003492997275e-07,0.00012322081424802014,2.092154084849566e-08,5.224389776369514e-08
10,1.0549823551125671e-05,1.4993897937281037e-06,9.254914602500925e-08,5.4051915089048964e-05,1.270888866486483e-09,0.00956426015931545,1.2819301761716965e-06,1.1613311536957466e-05,6.163966312819569e-06,9.790275710505728e-08,9.269723520972297e-07,2.1512067059129022e-05,8.425639947110875e-05,2.9434742601136346e-06,3.152269636168599e-08,0.0002337861666207045,0.9898572778624524,6.972449202692841e-06,1.842038499411417e-07,1.4263327534640267e-07,5.089444539468128e-07,4.073747206526466e-07,0.0001413542217319564,3.3688465136963933e-08,4.980082145806157e-08
11,9.82456058082817e-06,1.4803971119386553e-06,9.138995719808677e-08,5.28499692984019e-05,1.2411113558838681e-09,0.008902085980893938,1.2051806459883112e-06,1.1465469338393463e-05,5.540916742748849e-06,8.826324633977854e-08,9.186868754196005e-07,2.2330799699522055e-05,8.999915918738589e-05,2.785336188958631e-06,2.8987597018055022e-08,0.00022747949469850815,0.9905377985090501,6.660691592457974e-06,1.7988075089336982e-07,1.2859426697955232e-07,4.74793178532322e-07,3.844146300435307e-07,0.00012612308558282318,3.03144126204623e-08,4.388336188223117e-08
12,7.210930442657139e-06,2.854783641814798e-07,5.297809580865528e-08,5.026699141834627e-05,1.1550661772902099e-10,0.0017030418286277682,8.269608179173087e-07,3.1706666490672864e-05,5.5014987002423e-06,1.8582074990396682e-07,5.622023752734196e-07,4.502676016086718e-06,8.861346606797264e-05,3.305812792946745e-07,1.612994661580685e-08,0.0002978169905238141,0.9977916637573598,1.04126857273088e-06,2.127898818202522e-07,2.7239227841191288e-08,2.372141031449288e-07,4.578667778350915e-07,1.5395374303583964e-05,3.933056237039826e-08,3.843787611592663e-09
13,1.0173298008458123e-05,1.4669143744051119e-06,9.166713674143488e-08,5.4373778674091375e-05,1.250441366679146e-09,0.009335252534533434,1.2352650228518458e-06,1.1203089956941924e-05,5.829973061628762e-06,9.324845061395451e-08,9.578843595963657e-07,2.1315770701467325e-05,8.559574781562474e-05,2.9223560632726728e-06,3.096297974614531e-08,0.00022903381206335277,0.9900925413204078,6.7814881653431775e-06,1.771390284761337e-07,1.3539159216108597e-07,5.006775411904556e-07,3.9439877757257214e-07,0.0001398119266591888,3.30758499276466e-08,4.70283346769541e-08
14,1.276001282983911e-05,3.03624250108921e-06,1.3707397588451002e-07,4.7330641166203764e-05,2.1707144785970284e-09,0.016190245227498498,1.39640184248785e-06,1.0086446437234562e-05,4.040954523107226e-06,9.86111061263701e-08,1.5033091096274854e-06,4.818818274820352e-05,0.0001350810334122701,3.645604629780488e-06,3.7030336131913704e-08,0.0003140184563049636,0.983102470681182,8.160935145015106e-06,3.88800727383892e-07,1.4062787203276519e-07,8.179311078891901e-07,4.3301451168415274e-07,0.00011591352347293535,2.5386673493681172e-08,4.170017174909256e-08
15,1.0549823551125671e-05,1.4993897937281037e-06,9.254914602500925e-08,5.4051915089048964e-05,1.270888866486483e-09,0.00956426015931545,1.2819301761716965e-06,1.1613311536957466e-05,6.163966312819569e-06,9.790275710505728e-08,9.269723520972297e-07,2.1512067059129022e-05,8.425639947110875e-05,2.9434742601136346e-06,3.152269636168599e-08,0.0002337861666207045,0.9898572778624524,6.972449202692841e-06,1.842038499411417e-07,1.4263327534640267e-07,5.089444539468128e-07,4.073747206526466e-07,0.0001413542217319564,3.3688465136963933e-08,4.980082145806157e-08
16,1.0769094413604569e-05,1.4427204649199937e-06,8.116271198598207e-08,5.3899205875295246e-05,1.2490472494807774e-09,0.008392387373358172,1.379600775733129e-06,1.0000940054096486e-05,5.535367203672038e-06,1.1269489515496447e-07,9.342815757040037e-07,2.6691551179312636e-05,7.831016488381641e-05,3.586745948413417e-06,2.784868890848623e-08,0.00022993722876891193,0.9910330107543966,9.53386988509101e-06,1.6770695463403656e-07,1.5423332878713882e-07,6.275615759281845e-07,4.412705604117111e-07,0.0001408715520370824,3.3777312903535596e-08,6.204410368725416e-08
17,1.0262550690725135e-05,1.2269694661691693e-06,6.987428474459013e-08,4.275729636196092e-05,1.0281002967020153e-09,0.005329743996401857,9.949570240981427e-07,1.0101788828015312e-05,4.044084007177521e-06,6.977207012594409e-08,7.797970305640028e-07,2.901801200694997e-05,7.929284007083456e-05,2.921198076656584e-06,1.8739931667747077e-08,0.00017222370805977753,0.9941820491705782,9.475531253874085e-06,1.4945912547215842e-07,1.1987978425383422e-07,4.843182424577339e-07,4.0446621462051315e-07,0.00012371676276622904,2.320198597239302e-08,5.059763739398558e-08
18,1.2865318233641034e-05,2.1304153905518645e-06,2.1855221683761492e-07,0.00011356061489668609,2.70773525613289e-09,0.02068093901384734,1.6888120676733934e-06,1.8286686048247113e-05,7.583134724562003e-06,1.1905355094874159e-07,1.7592870003881828e-06,1.9789557759210935e-05,0.00013614941904927102,2.9827754489760512e-06,7.078006712394458e-08,0.00042801283804773323,0.9783881206553754,5.075607388528805e-06,2.959028625022607e-07,1.7202445483728435e-07,7.748084972993533e-07,3.4350663405071954e-07,0.00017897089053072414,5.579754967926936e-08,3.18406226333118e-08
19,9.74054296962683e-06,1.6054258864241875e-06,1.0885803308423914e-07,6.280475238380455e-05,1.654007130305161e-09,0.00857199130633066,1.3704619217256325e-06,1.4698359003343172e-05,5.665370515060383e-06,8.084519632977205e-08,9.257508478959707e-07,2.7674821600864897e-05,0.00011679823105569205,2.737336800280882e-06,2.7610731896640076e-08,0.00025177505342700727,0.9908063884975824,7.2683167283081456e-06,2.006778063726577e-07,1.3955619657093338e-07,4.852860541686669e-07,3.8761851344325364e-07,0.00011705777262006015,2.6096682265992387e-08,3.97971054239631e-08
20,8.371273688796058e-06,1.6802939978244987e-06,1.2830267337231316e-07,7.261670739137152e-05,1.5293729591564406e-09,0.01314742037349493,2.1245096730375024e-06,1.9119300082266894e-05,7.533254278776471e-06,1.1416519627219716e-07,1.3031953915985605e-06,1.8214452688390248e-05,9.487032187055152e-05,3.502687046449047e-06,8.827637449127736e-08,0.00023652410823740133,0.9861399227835725,4.599697075267583e-06,2.644632662599238e-07,1.987522708756464e-07,8.418208880872865e-07,7.622132422279556e-07,0.00023968911528408736,4.533525773172267e-08,6.306768442577462e-08
21,1.606417035611205e-05,2.089702680044999e-06,1.117258070019446e-07,6.308164988845222e-05,1.948379974594265e-09,0.009855060467112018,1.3033244759600503e-06,1.022277618600244e-05,6.2235923091190555e-06,1.6442616431065895e-07,1.322101757045792e-06,3.562835416742933e-05,0.00010051886220040056,4.303984042772829e-06,2.9112083649126137e-08,0.000308550366151473,0.9894430185478125,1.256912677611743e-05,2.1876798797056314e-07,1.8362471937544758e-07,8.329198762850934e-07,4.383868799433776e-07,0.00013795125069426,4.6049037135790736e-08,6.476245461049912e-08
22,8.901271019995422e-06,9.92140663833433e-07,7.163084306355156e-08,4.687979969175832e-05,7.195329416798394e-10,0.006590509065971541,7.590940522919685e-07,7.63696238981875e-06,3.910697863916074e-06,8.469022106739199e-08,8.894230011650937e-07,1.7607604733371763e-05,7.210582245824906e-05,2.483700003455576e-06,1.9311138840512456e-08,0.00017239227126481343,0.9929696775603005,6.461479106152321e-06,1.1284564909971677e-07,1.0072039149716465e-07,4.1886844818157107e-07,2.970674142844955e-07,9.762263634605762e-05,3.274447336206531e-08,3.187302071316265e-08
23,1.0549823551125671e-05,1.4993897937281037e-06,9.254914602500925e-08,5.4051915089048964e-05,1.270888866486483e-09,0.00956426015931545,1.2819301761716965e-06,1.1613311536957466e-05,6.163966312819569e-06,9.790275710505728e-08,9.269723520972297e-07,2.1512067059129022e-05,8.425639947110875e-05,2.9434742601136346e-06,3.152269636168599e-08,0.0002337861666207045,0.9898572778624524,6.972449202692841e-06,1.842038499411417e-07,1.4263327534640267e-07,5.089444539468128e-07,4.073747206526466e-07,0.0001413542217319564,3.3688465136963933e-08,4.980082145806157e-08
24,8.473488875268613e-06,1.412124572259237e-06,1.005684718880223e-07,7.759136281417913e-05,1.891134735941715e-09,0.00860267373089864,1.2351584422260888e-06,1.1832763275698557e-05,5.028744574879657e-06,9.01364654216986e-08,1.0888978371420834e-06,2.9478567685248464e-05,0.00011780734303898347,3.9770538199652236e-06,2.637341052138485e-08,0.0003052434203246949,0.9906874982118372,8.831862914296493e-06,1.497007992636715e-07,1.4450652780685237e-07,5.146026036227129e-07,3.592255709638938e-07,0.00013636887619363847,2.9953223234098504e-08,4.1434687993314514e-08
25,1.0881799799621481e-05,1.0093854190764913e-06,8.314603916107912e-08,6.633993270868705e-05,1.0183664410721069e-09,0.005394221751150865,1.3139468930351487e-06,1.541610212903323e-05,3.852294768261279e-06,7.197404643647522e-08,1.1323386217605851e-06,2.067167126329812e-05,0.00012247172547764738,2.1886973522230352e-06,2.4423500238289506e-08,0.00023252081818801357,0.9939914158532656,7.703621337536857e-06,1.5594906478632444e-07,1.1400610098382078e-07,4.868396157894214e-07,3.260540795914026e-07,0.00012753846975066175,2.6604912618859206e-08,3.157614873242732e-08
26,2.652307739329078e-06,3.307016276460491e-06,1.209249404529369e-07,3.300449901882691e-05,1.920248227542595e-09,0.01620295557213313,3.87691091200947e-06,6.237926579208801e-06,7.99383177979578e-07,2.32464517398368e-07,1.4954145415386342e-06,0.00020396193425882073,0.00019237402125924682,1.392368938872429e-05,4.5224330429055806e-08,0.000368761507861581,0.9829128510145706,1.3912135175723996e-05,5.291934056264197e-07,1.3728867481823712e-07,2.6660262599872364e-06,2.1068213354475035e-06,3.398876434570774e-05,4.232495872898787e-09,5.380655274016859e-08
27,9.551866248339694e-06,1.4969762988478523e-06,9.826024663256991e-08,5.87451280979407e-05,1.4528216151755019e-09,0.010952440815824444,1.6849242734502228e-06,1.3859595757305258e-05,1.0866910285106828e-05,1.5200147049528089e-07,9.520840547309805e-07,1.7324656551977633e-05,7.124789777419519e-05,3.7410703254613343e-06,5.259020095793143e-08,0.00024169276329656718,0.9884137286381471,6.190413323040172e-06,2.0636786566370436e-07,2.1846090761010266e-07,5.54009300911255e-07,6.951180554697334e-07,0.00019436819714418598,4.975593367802954e-08,8.004579414756105e-08
28,1.0549823551125671e-05,1.4993897937281037e-06,9.254914602500925e-08,5.4051915089048964e-05,1.270888866486483e-09,0.00956426015931545,1.2819301761716965e-06,1.1613311536957466e-05,6.163966312819569e-06,9.790275710505728e-08,9.269723520972297e-07,2.1512067059129022e-05,8.425639947110875e-05,2.9434742601136346e-06,3.152269636168599e-08,0.0002337861666207045,0.9898572778624524,6.972449202692841e-06,1.842038499411417e-07,1.4263327534640267e-07,5.089444539468128e-07,4.073747206526466e-07,0.0001413542217319564,3.3688465136963933e-08,4.980082145806157e-08
29,1.0549823551125671e-05,1.4993897937281037e-06,9.254914602500925e-08,5.4051915089048964e-05,1.270888866486483e-09,0.00956426015931545,1.2819301761716965e-06,1.1613311536957466e-05,6.163966312819569e-06,9.790275710505728e-08,9.269723520972297e-07,2.1512067059129022e-05,8.425639947110875e-05,2.9434742601136346e-06,3.152269636168599e-08,0.0002337861666207045,0.9898572778624524,6.972449202692841e-06,1.842038499411417e-07,1.4263327534640267e-07,5.089444539468128e-07,4.073747206526466e-07,0.0001413542217319564,3.3688465136963933e-08,4.980082145806157e-08
30,1.0549823551125671e-05,1.4993897937281037e-06,9.254914602500925e-08,5.4051915089048964e-05,1.270888866486483e-09,0.00956426015931545,1.2819301761716965e-06,1.1613311536957466e-05,6.163966312819569e-06,9.790275710505728e-08,9.269723520972297e-07,2.1512067059129022e-05,8.425639947110875e-05,2.9434742601136346e-06,3.152269636168599e-08,0.0002337861666207045,0.9898572778624524,6.972449202692841e-06,1.842038499411417e-07,1.4263327534640267e-07,5.089444539468128e-07,4.073747206526466e-07,0.0001413542217319564,3.3688465136963933e-08,4.980082145806157e-08
31,1.9631157293186535e-05,1.5746664797334566e-06,1.1120668293267012e-07,4.51253893677748e-05,1.2794347316632067e-09,0.005561737477288323,1.1021305482246446e-06,1.7505378684369103e-05,5.4570165094966816e-06,7.626674468597494e-08,7.224638821425596e-07,2.645102893353102e-05,0.00010138173034993412,2.0686408239170537e-06,1.8877966289755057e-08,0.0001866172444945282,0.9938972669163446,1.0287742713739943e-05,2.514773044490513e-07,1.4613775167874323e-07,4.703550704358826e-07,3.775539895285475e-07,0.00012153825240388821,2.7160062118523867e-08,5.244887614336316e-08
32,1.0914191462708182e-05,1.6162656574880792e-06,1.0121098198955167e-07,5.184781636139022e-05,1.3787229059304347e-09,0.010139785821398111,1.344871387744278e-06,1.2618182465576757e-05,5.9709261041673675e-06,1.0053939286987941e-07,9.656611835704735e-07,2.3532868150373683e-05,8.891238406243621e-05,3.0044029087948544e-06,3.484500098525538e-08,0.00024395622434490158,0.989262696543914,7.0093821003462e-06,2.2296323904141396e-07,1.5484606114951727e-07,5.528428390823753e-07,4.5964015580738507e-07,0.00014411198129359514,3.262955264825738e-08,5.1581258125181365e-08
33,3.926412208609362e-06,5.899778299367839e-07,3.46579270347473e-08,2.3077892695409414e-05,3.3075489101953706e-10,0.0033540986076859513,4.5658975557507475e-07,5.162636112664182e-06,1.9178274151015496e-06,4.217508578936193e-08,4.005241733364646e-07,2.1324045000060628e-05,7.795201942457427e-05,1.606312114891778e-06,5.3315556587922475e-09,0.0001302072731763922,0.9963441163861108,5.233407007406874e-06,7.142362840885605e-08,4.720489529030426e-08,1.349337171495424e-07,2.303135449449536e-07,2.934228729450729e-05,8.519914769638991e-09,1.2910970866786074e-08
34,3.260736379298126e-05,3.324093374519338e-06,1.907443178086372e-07,6.094206592260807e-05,2.825215554737892e-09,0.009193991571178433,1.6170401148875941e-06,1.9680706891582228e-05,1.0043375212257594e-05,1.7387712868569292e-07,1.6676589091058277e-06,3.225548567606027e-05,0.00015511171481753406,3.7047909832019154e-06,3.993698987791767e-08,0.0002760494903342316,0.9900098109326702,1.1718986888997954e-05,5.294880834020681e-07,2.069341340321562e-07,8.577539638828999e-07,6.438510969347725e-07,0.00018467912935685277,5.4760159512246473e-08,9.542278673637943e-08
35,2.270033158082824e-05,1.2696714447585085e-06,5.1327381385659606e-08,2.5914935122760438e-05,5.489247193734413e-10,0.00279159821516885,7.338445496432296e-07,1.2814391736009563e-05,5.814334912406059e-06,7.873925871945042e-08,3.955466643357158e-07,2.030457688336496e-05,7.552854059506453e-05,1.1455352822614127e-06,6.532920372740361e-09,0.00014163414865887259,0.9968371307759146,1.0534206727865523e-05,1.574754292601996e-07,7.358776698737008e-08,2.2356714941168704e-07,2.4867884902059564e-07,5.1585338236733504e-05,1.683289420638346e-08,3.831594749770233e-08
36,0.00028678299962270776,3.064978797069061e-05,4.852557738901333e-06,0.0009802545229308979,1.0826901462742228e-07,0.11762159110451403,1.265234076292917e-05,2.434921048711419e-05,2.5898435708076005e-05,1.8240692166793532e-06,6.511372160882602e-05,0.00011374506246942934,0.00031930178542699593,6.214661526576077e-05,2.074746126639273e-06,0.001034919612793694,0.8768822393036514,0.00010997983606718419,2.1865767437476637e-06,1.9236293266337924e-06,4.348673203302393e-05,1.6952432353807092e-06,0.0023676543955577158,3.1051896207494217e-06,1.464252106309148e-06
37,1.67729661125847e-05,1.1891575074744817e-06,1.1531878094704997e-07,7.141041581772544e-05,1.0711113031359902e-09,0.006343246819934365,9.740362366089672e-07,9.690101375041113e-06,4.9387975433879836e-06,9.732965457296742e-08,1.2598069401783508e-06,2.017085418471408e-05,9.001403041102756e-05,3.041980546507627e-06,2.3933671818204256e-08,0.00018721369075098813,0.9931115372632836,1.1387937457426734e-05,1.287083484954021e-07,1.3028914930986077e-07,4.826660709633644e-07,2.9372645304732116e-07,0.00012576843108152007,6.392140409871962e-08,4.674617209836387e-08
38,8.14585410671372e-06,1.559534472172706e-06,9.261352604698677e-08,4.4903038266585735e-05,1.1539908612695437e-09,0.017578007531018475,1.5485415390948943e-06,1.0706321592297943e-05,3.6451469684306686e-06,7.667843793775958e-08,1.058647905954469e-06,2.5768158233699914e-05,9.898497826353767e-05,2.325384873130757e-06,4.3284599974030875e-08,0.0003771924037277958,0.9817014518800965,5.212478118213447e-06,2.6626657708993863e-07,1.3315996038660034e-07,6.016544973863341e-07,3.252649472988353e-07,0.0001378926497601114,2.478549667188831e-08,3.258902378325833e-08
39,8.307997029101478e-06,1.2908833441995084e-06,7.524635666079127e-08,5.214392890182786e-05,1.1325170423878593e-09,0.0094464505148745,1.4207711264934489e-06,1.329041857382733e-05,5.634003026681623e-06,7.785109931753943e-08,7.869095977735586e-07,2.0177414111067672e-05,7.826853242226915e-05,2.3948052997528837e-06,3.513550764341208e-08,0.00024657735986195273,0.9899518602045739,5.464463736089139e-06,1.8388820475992388e-07,1.3398427079363834e-07,5.428935981716548e-07,3.953554011612318e-07,0.0001644106076989351,2.6544917202297237e-08,4.915394906916038e-08
40,1.0757714039937524e-05,1.7336522363078475e-06,1.0849412261193051e-07,5.4148085375802264e-05,1.4688386060260213e-09,0.010841821553741084,1.324022566313927e-06,1.1701502060984018e-05,6.0022665738607725e-06,1.0058058110718218e-07,9.98452598862837e-07,2.451634120012755e-05,8.920252441475024e-05,3.2549464394367166e-06,3.5333003508088896e-08,0.00023540462328598718,0.9885680356793155,7.116945502840031e-06,2.1375370047964788e-07,1.5281995556726065e-07,5.700916857469499e-07,4.505271101327596e-07,0.00014226310748241902,3.385031107281512e-08,5.166385707381465e-08
41,1.0247544234597748e-05,1.6115158406867733e-06,9.430188174003887e-08,5.676573782194169e-05,1.3571458739233878e-09,0.010090987858529472,1.2412632084747408e-06,1.1689134370112153e-05,6.833529167634419e-06,9.746173663020654e-08,9.147081924683501e-07,2.052606942050262e-05,8.557885775836709e-05,2.8566332770535437e-06,3.1366154877668654e-08,0.00023919959314791061,0.9893275384794095,6.383706732215456e-06,1.745826875357417e-07,1.3347790840190814e-07,4.80697355160102e-07,3.751804569577555e-07,0.00013615712404845605,3.3386007278515164e-08,4.6433506076559694e-08
42,8.734851436590528e-06,1.6417296884447368e-06,1.023840033389785e-07,3.6885973174983615e-05,1.0801001558290014e-09,0.009302576216389413,1.2280773902618548e-06,1.6680768097218712e-05,5.282750409377337e-06,9.448115646383751e-08,7.57842596665078e-07,2.4859146330621465e-05,9.752348494855856e-05,2.1936613709257576e-06,3.468433643178923e-08,0.00021395922646050538,0.9901744544666627,4.625879974206205e-06,3.17076974399603e-07,1.5097352856684823e-07,5.640907933593733e-07,6.515602877992226e-07,0.00010661895146426553,2.134823735961051e-08,3.92941874815813e-08
43,1.2419910345125294e-05,1.6945832888669081e-06,1.1055969424419706e-07,6.501650926102868e-05,1.6959996657393346e-09,0.014657582115282635,1.7780979542744973e-06,1.6522428560581352e-05,1.736510608803255e-05,3.72593639041225e-07,1.0239803776798603e-06,1.510596496259377e-05,7.573933820016538e-05,4.551442105462179e-06,5.478760816605468e-08,0.00034373686305395337,0.9845847499080704,6.9908614889108775e-06,2.628707600556639e-07,3.666420159586091e-07,7.328564615825756e-07,8.781217805308427e-07,0.00019277603238973507,7.54109160891961e-08,9.131969512335969e-08
44,1.0549823551125671e-05,1.4993897937281037e-06,9.254914602500925e-08,5.4051915089048964e-05,1.270888866486483e-09,0.00956426015931545,1.2819301761716965e-06,1.1613311536957466e-05,6.163966312819569e-06,9.790275710505728e-08,9.269723520972297e-07,2.1512067059129022e-05,8.425639947110875e-05,2.9434742601136346e-06,3.152269636168599e-08,0.0002337861666207045,0.9898572778624524,6.972449202692841e-06,1.842038499411417e-07,1.4263327534640267e-07,5.089444539468128e-07,4.073747206526466e-07,0.0001413542217319564,3.3688465136963933e-08,4.980082145806157e-08
45,1.0647340767233489e-05,1.5061205770484815e-06,9.219188760289548e-08,5.363554104804781e-05,1.2713554183256116e-09,0.00941714392848399,1.2647029482571321e-06,1.1461334980200473e-05,6.146728937986498e-06,9.81426413879795e-08,9.277967087687644e-07,2.1780976816563815e-05,8.394767512342539e-05,2.9696662573050987e-06,3.0928628779268074e-08,0.00023080073855370428,0.9900085229483444,7.08658860928877e-06,1.830041061573748e-07,1.4214794355974872e-07,5.105154702642624e-07,4.0914088194284904e-07,0.00014060664912254035,3.369346693107606e-08,5.02263394028759e-08
46,0.0007995226222198895,0.0007477969656881872,1.2845475559501743e-05,0.0009616341963891319,1.3708079350383731e-05,0.31298210858520176,0.0007206990840234034,0.00012605600020516424,0.002521706828346035,2.885473719762668e-05,0.00014549623019869903,0.0005701258227299919,0.0015082341901192498,0.0018231403045252707,2.76109511111975e-05,0.005819683410361104,0.6533692575689755,0.0004427797127680592,7.315056829897834e-05,4.582930870141458e-05,6.830700428507399e-05,6.76882479624829e-05,0.016910732709351055,4.184936511582505e-06,0.00020884645991940917
47,4.879360234178005e-06,1.0130723252083353e-06,1.5762413834402178e-07,0.0004279238048837578,4.11976220998961e-09,0.033864564985740295,2.4034350267246544e-06,1.0307773166692502e-05,9.8037022951397e-06,1.1361766744503021e-07,4.114457608880204e-06,1.0615061857416966e-05,0.00012691331060346044,1.0498910015356492e-05,1.5478485321793762e-07,0.0006819560615964638,0.9640316896859559,5.979150500092126e-06,6.305034280923178e-08,2.4519048661474565e-07,8.760401420765437e-07,1.9952619579546233e-07,0.0008053151837381796,1.6068578442650864e-07,4.74050794249603e-08
48,9.06907712201875e-05,5.261922392338682e-06,7.154060816989983e-07,0.0008318275088154401,6.63267036178987e-08,0.014556027570318724,9.926005516632145e-06,1.564457621260682e-05,0.0001022390432489909,3.4132596724881513e-06,1.758669693244742e-05,8.846347090269875e-05,0.00010990744584191104,0.00019840980056618008,5.483398872843036e-07,0.000749106850088479,0.9799266578018095,0.00028046081272895516,2.6997949633619565e-07,4.173333767791231e-06,9.495194928825163e-06,5.379361586346171e-06,0.0029851772738001673,2.688441300697419e-06,5.862806179597669e-06
49,7.311787554246471e-06,1.7300273036096776e-06,1.1386523890472644e-07,4.039619009076175e-05,1.1960990355318703e-09,0.011297093772132276,1.0987062311713143e-06,9.286459905455042e-06,4.288461250772455e-06,8.699028155455283e-08,8.615016231802065e-07,3.211133577334166e-05,8.639216834407212e-05,3.3751285417100717e-06,3.071331627014599e-08,0.0001770808187811016,0.9882338773430813,6.114077285219463e-06,2.2668644414576015e-07,1.4970671903027517e-07,5.814024317366327e-07,5.619160206982184e-07,9.716324983073378e-05,2.5851981474864537e-08,4.0643738308672146e-08
50,1.0989413170051282e-05,1.5168915419931806e-06,9.359621032817668e-08,5.4382355070697835e-05,1.3073749696722568e-09,0.009478832590062988,1.365751126009946e-06,1.2130606622616882e-05,6.482245311072585e-06,1.0608748887331637e-07,9.242557589515596e-07,2.1603836172752996e-05,8.459618974333804e-05,3.02523085618401e-06,3.2374928602367024e-08,0.00024049963723719227,0.9899308035097547,7.313917899230241e-06,1.9349436917920963e-07,1.5120124620721176e-07,5.222921489766049e-07,4.3354853624625164e-07,0.00014391120056023824,3.439907246602408e-08,5.406773609128094e-08
51,1.1289698143286371e-05,1.4831811455340292e-06,9.721453179772406e-08,5.195676112991435e-05,1.3586782955707321e-09,0.010401809563969534,1.5341464787878377e-06,1.2793041073699993e-05,6.198387490289293e-06,1.0667834505917285e-07,9.625176692819086e-07,2.33731585903114e-05,8.416293953209603e-05,3.1685260516010258e-06,3.805677713122085e-08,0.00026416982787973663,0.9889588358670338,7.837248109142797e-06,2.2593858186571395e-07,1.8019617794464057e-07,5.848728100374558e-07,4.855301747025929e-07,0.00016860774955352912,3.5888543481323304e-08,6.165152901151204e-08
52,1.182757638226607e-05,1.0403965990059335e-06,9.29366497624634e-08,6.554463287962538e-05,1.0678656822438113e-09,0.00861639304533903,1.113075591757878e-06,9.463951281929647e-06,5.827119721600131e-06,1.2916844493076361e-07,1.1584133699370557e-06,1.8068337526362275e-05,8.973674792993787e-05,3.3983321188509403e-06,2.5798405355459934e-08,0.0002706890757714937,0.9907652553322674,9.433876411125717e-06,1.3444978329638765e-07,1.653888462946713e-07,4.2095384809247816e-07,3.436411970681338e-07,0.0001296395245871798,5.4732156068677266e-08,4.242502613010902e-08
53,7.048583825139394e-06,9.714456243263942e-07,6.550093005324064e-08,0.00010369906179240717,1.6647735192746176e-09,0.011811482125248234,4.647080860957319e-06,1.9357877880724662e-05,1.2041687797488968e-05,1.4946279185916847e-07,9.938232873727527e-07,1.5573424517257117e-05,7.544990443686452e-05,4.359119588262126e-06,8.408692673625181e-08,0.0004811333823111391,0.9870985652554333,8.600453155316211e-06,1.4736853462167147e-07,2.7387830046781554e-07,5.992675137638592e-07,5.734893910607521e-07,0.0003540158476345501,4.7730525936096314e-08,1.1847691856787088e-07
54,1.2862049588659491e-05,2.832667313005636e-06,6.559491118194609e-08,3.311013908116252e-05,1.4702549065990563e-09,0.008666306923296634,1.6162070707333189e-06,1.0648347052258471e-05,8.438282443764182e-06,1.4012907705775201e-07,5.766415281395403e-07,3.970416480155477e-05,7.02896515485601e-05,3.0655361830453135e-06,2.2903341305509315e-08,0.0002778895753709609,0.9907758872730937,1.0196418368343641e-05,2.3882619655594515e-07,1.1576905300121068e-07,5.089517064970451e-07,4.962817240948294e-07,8.488346532626033e-05,1.846246142348751e-08,8.426920707785156e-08
55,1.5562840178631062e-05,2.6347061297690755e-06,8.31511494240763e-08,4.344538052605856e-05,1.8037546326265148e-09,0.006498457904450281,1.4179352385640256e-06,9.17976208844537e-06,6.544937695430934e-06,8.729460829757894e-08,8.082990838444777e-07,5.23344449789727e-05,8.349639250571036e-05,2.770139716668527e-06,2.0115248215037093e-08,0.00022674858544629776,0.9929534203905366,1.3991062872312026e-05,1.8237168978778622e-07,1.0423153695213906e-07,5.570782951278523e-07,3.389480109829693e-07,8.771552178166546e-05,2.3026310337923976e-08,7.367616708126895e-08
56,1.0182484041707962e-05,1.534991947033275e-06,9.40991626647126e-08,5.374033644448243e-05,1.2941032555412479e-09,0.008939338384368547,1.2422767384374837e-06,1.154111354311081e-05,5.828669152092934e-06,9.235667840900413e-08,9.423456990825039e-07,2.262284094792369e-05,9.143527568368174e-05,2.862999480599271e-06,2.938216267198583e-08,0.00023024191269362685,0.990493704644333,6.921416444688629e-06,1.8252674776518342e-07,1.3127027568936287e-07,4.768843990187129e-07,3.9361965619857393e-07,0.00012638183528455006,3.140561932889427e-08,4.563439251511539e-08
57,9.690997211053532e-06,2.194880177530727e-06,1.1818169712862535e-07,3.0531610216983574e-05,1.553594282260136e-09,0.010245415571260014,1.2403966109028776e-06,1.451475041509223e-05,4.178364739046563e-06,8.090605443203346e-08,8.108172179150543e-07,4.685264346717608e-05,0.00010955584649080222,2.5810851594223033e-06,3.18273672216957e-08,0.0002297742548715434,0.9891932330532206,6.4071484634522785e-06,4.373850254906407e-07,1.6736362747861654e-07,6.771681796086582e-07,7.234158826849123e-07,0.00010071906441531599,1.6546326997151246e-08,4.516830811836706e-08
58,1.1466786209963908e-05,1.500284982452269e-06,1.0298755645350079e-07,5.8093086827108275e-05,1.2572263683197031e-09,0.009756847088920233,1.2593438741719768e-06,1.1592314939062407e-05,6.595362435486666e-06,1.0631353188152813e-07,1.0491655541294582e-06,1.995571182729649e-05,8.628892618719904e-05,3.0411233737405206e-06,3.5016550869180884e-08,0.00022996289462250577,0.989655524551222,6.961609725637516e-06,1.8614445523259092e-07,1.504445063723469e-07,5.119224580277118e-07,4.192853974922818e-07,0.0001482531527666708,4.438442213475847e-08,5.0840427616124637e-08
59,1.1362608749779293e-05,1.4879871142844917e-06,1.0595722698113266e-07,6.113838259003399e-05,1.2849249423400733e-09,0.009756005500367617,1.2337787570918494e-06,1.1263768632606594e-05,6.812359000850933e-06,1.1127794339421703e-07,1.1130850656820304e-06,1.9724158997257237e-05,8.325413989443943e-05,3.2531983170267397e-06,3.720450139301336e-08,0.00022506312976000015,0.9896554153503617,7.117487013040591e-06,1.7570808795532158e-07,1.5671462780024947e-07,5.367100467250577e-07,4.279185638725612e-07,0.0001540995471933017,5.00098747645467e-08,5.2732387600899823e-08
60,1.0549823551125671e-05,1.4993897937281037e-06,9.254914602500925e-08,5.4051915089048964e-05,1.270888866486483e-09,0.00956426015931545,1.2819301761716965e-06,1.1613311536957466e-05,6.163966312819569e-06,9.790275710505728e-08,9.269723520972297e-07,2.1512067059129022e-05,8.425639947110875e-05,2.9434742601136346e-06,3.152269636168599e-08,0.0002337861666207045,0.9898572778624524,6.972449202692841e-06,1.842038499411417e-07,1.4263327534640267e-07,5.089444539468128e-07,4.073747206526466e-07,0.0001413542217319564,3.3688465136963933e-08,4.980082145806157e-08
61,1.1778978845019902e-05,1.495961045169679e-06,1.1018722906921374e-07,5.916753007823299e-05,1.257014297602078e-09,0.0099206729033488,1.1875374164573417e-06,1.1511377470548708e-05,6.37878521756231e-06,1.0399377322031955e-07,1.0821341433085278e-06,1.9611345326155477e-05,8.415430030929265e-05,3.081915265614159e-06,3.60991721668939e-08,0.00021679432254194777,0.9895048837232814,6.968771513317889e-06,1.8381655425955904e-07,1.5301080965154006e-07,5.281960486399953e-07,4.13308753525593e-07,0.0001496040255839895,4.6962109780164724e-08,4.955714873802742e-08
62,1.0549823551125671e-05,1.4993897937281037e-06,9.254914602500925e-08,5.4051915089048964e-05,1.270888866486483e-09,0.00956426015931545,1.2819301761716965e-06,1.1613311536957466e-05,6.163966312819569e-06,9.790275710505728e-08,9.269723520972297e-07,2.1512067059129022e-05,8.425639947110875e-05,2.9434742601136346e-06,3.152269636168599e-08,0.0002337861666207045,0.9898572778624524,6.972449202692841e-06,1.842038499411417e-07,1.4263327534640267e-07,5.089444539468128e-07,4.073747206526466e-07,0.0001413542217319564,3.3688465136963933e-08,4.980082145806157e-08
63,1.085871204003395e-05,1.6164131025660454e-06,9.445919381013386e-08,5.3057093751755346e-05,1.3045647778998787e-09,0.009624659690739976,1.2795767879006603e-06,1.1565458075432053e-05,6.322063506124421e-06,9.845807891738458e-08,9.275286594807852e-07,2.2092252615848786e-05,8.466198421261806e-05,2.920566074932476e-06,3.150854676349527e-08,0.00022869154860305643,0.9898065454408651,6.933675815808439e-06,1.8947274721166003e-07,1.376406774561429e-07,5.117390104188381e-07,4.0875283126250584e-07,0.00013631114014768032,3.316320328898416e-08,5.035614792161356e-08
64,1.1928279864667248e-05,1.890317124784919e-06,1.1208451921131862e-07,6.233538596311094e-05,1.6444372939660883e-09,0.01116757905877011,1.5003350405097265e-06,1.2996206792177693e-05,6.757972496148852e-06,1.1016925958924035e-07,1.1343707844895876e-06,2.409663214880699e-05,8.930374818540848e-05,3.2770189509268176e-06,4.216138123382512e-08,0.00024166839797397412,0.9881912269440609,7.1259436614134975e-06,2.2636923869479463e-07,1.6416807119654376e-07,7.405209229715118e-07,4.638883880782244e-07,0.00017521860155164448,3.999713955819795e-08,5.978327317586421e-08
65,1.013679228074792e-05,1.5217668767687081e-06,9.777879088181348e-08,5.5604519280202136e-05,1.2835987681662263e-09,0.01028517787290615,1.294553159789861e-06,1.1815814501976283e-05,6.042432225323105e-06,9.49385157621314e-08,9.592152567020395e-07,2.0740993500218906e-05,8.460284978692177e-05,2.941001250146852e-06,3.482813138860195e-08,0.00022985665138881004,0.9891339292966639,6.40845188187113e-06,1.8912391996637128e-07,1.4300520937240967e-07,5.294948743955133e-07,4.101443854356924e-07,0.00014738452159032984,3.44448291598126e-08,4.822519505396483e-08
66,1.10419527788943e-05,1.547861749512399e-06,9.176548204363393e-08,4.800429354330736e-05,1.1368857617063672e-09,0.01033176153637967,1.3516691897855346e-06,1.2970537725929992e-05,6.598416266985256e-06,8.173836084989433e-08,8.378464199510465e-07,1.9160166141144004e-05,7.62170524761193e-05,2.4357957390594015e-06,3.719167442938712e-08,0.0002140335172632978,0.9891137760126939,5.964623274649285e-06,2.0344968549592208e-07,1.3712821940196818e-07,4.6776909473150317e-07,3.988295893539813e-07,0.00015279551625348034,3.2894347950324524e-08,5.129876439774173e-08
67,7.085969435188276e-06,1.145244508769006e-06,8.512200830060203e-08,5.334997814688716e-05,1.0639656124222837e-09,0.011971852616787227,1.245316874731601e-06,8.601749952138631e-06,4.422083823618258e-06,9.263074226483212e-08,1.101344701426276e-06,2.3156903453194462e-05,7.061038790675143e-05,4.141523170671892e-06,4.26858276058743e-08,0.00021849229460760606,0.987440781949003,6.765309406303572e-06,1.5826708151875143e-07,1.8492603773680167e-07,6.589652703640683e-07,4.9264932746862e-07,0.0001854358971050728,4.309631139384055e-08,5.202454519124196e-08
68,7.145966725057868e-06,7.735502048252268e-07,6.329430951504165e-08,4.9833242822838614e-05,7.11056395754656e-10,0.006490955900144467,1.1621325579786414e-06,9.135316488877431e-06,3.6897035822192135e-06,6.033183784149275e-08,6.6338406388189e-07,2.0196721363963898e-05,8.875802584088926e-05,2.190040905679907e-06,1.5559036695586784e-08,0.0002294390349571882,0.9929888607706842,8.163858384179249e-06,9.911102087440488e-08,1.1083498064134833e-07,3.181966738734377e-07,2.320101736651332e-07,9.807888517869773e-05,2.3211585343989404e-08,3.020542025028879e-08
69,1.132733748813477e-05,1.5710763872994923e-06,8.926001210787871e-08,5.925178068133313e-05,1.389809024536743e-09,0.008970714341803045,1.350138385200648e-06,1.2080049420285794e-05,7.420160234559343e-06,1.0379149507071825e-07,8.981585145627152e-07,2.0543497346100382e-05,8.226929725745562e-05,2.998710568170349e-06,3.0865606061893326e-08,0.00024316724972271383,0.9904330281131876,7.428330601650351e-06,1.6733833060473093e-07,1.3554005735832803e-07,4.757682705986589e-07,3.8775955509422384e-07,0.00014446973532419296,3.4708955381979744e-08,5.560098639414468e-08
70,4.922323929312431e-06,8.079833553518852e-07,6.156253558869149e-08,6.939221076695317e-05,1.008058060806243e-09,0.009353049633106339,1.050264735393437e-06,9.15165762093065e-06,6.508675625384581e-06,7.782013480178511e-08,7.305183766546354e-07,1.6208899570286118e-05,7.665635751923246e-05,3.0289418951944995e-06,2.3737017330207197e-08,0.000282481123795658,0.9900403698275871,5.70176813936949e-06,7.513751683393549e-08,1.3814818448019873e-07,2.985468847084363e-07,2.539561053140674e-07,0.00012894629051453998,3.339855443544457e-08,3.02084708268088e-08
