,0,1,2,3,4,5,6,7,8,9,10,11,12,13,14,15,16,17,18,19,20,21,22,23,24
0,7.045528272918768e-05,0.9830964652928105,3.1695529263390773e-06,2.743135039942361e-08,4.4910840457284804e-05,0.0008018348421551158,9.382619381836841e-06,5.4409909489536316e-08,1.5459522289092636e-05,3.534312677890329e-06,0.000398460402033384,0.009866631529702812,0.000821575211046717,0.0005940714937470923,2.176366039533476e-06,4.286255546268027e-06,0.0005747686790195286,7.505956343946959e-07,0.002837370034492224,9.415077868462363e-10,7.753659168791223e-06,0.0008453515419463473,2.0522743917079828e-08,1.1372573954718227e-09,1.487523426898656e-06
1,8.263269427341443e-05,0.9856321624986681,3.105085451929018e-06,3.396574942867771e-08,5.451015868449795e-05,0.0008028468623200834,1.050644490389351e-05,7.401863656932949e-08,3.073851933281496e-05,4.747028576383814e-06,0.0003792222738573867,0.007101355768687927,0.0008873136258519304,0.0005226555583485577,2.155909217194128e-06,6.104753515314283e-06,0.0006098597468615595,6.353529368563137e-07,0.0030708358852414063,1.0078445104436035e-09,5.905775617925844e-06,0.0007911087390681978,2.2739025956807766e-08,1.4412387701256611e-09,1.4641460893222277e-06
2,7.373011155979185e-05,0.9856672263551758,2.8550490203176777e-06,2.3692150813976328e-08,5.742466875569069e-05,0.0006401310218844381,1.0647656183398299e-05,5.8559745982392675e-08,2.4513873668740774e-05,4.402751308442542e-06,0.00034911354776514413,0.007145109919194941,0.0006140897704453156,0.0007121636198778968,2.7169093429056358e-06,3.597845573325241e-06,0.00046695329069799344,6.974956746934486e-07,0.0030115631446190065,1.2411762821744329e-09,6.75497522560403e-06,0.0012036576769937526,2.6438852061387762e-08,1.321141824930334e-09,2.5390639658873674e-06
3,7.105802177546934e-05,0.9841116033010738,3.0252031680451294e-06,2.8142059168490226e-08,4.428765976046868e-05,0.0006766089729407923,8.858039850252454e-06,5.082293463125928e-08,1.5811684469704783e-05,3.1758826193086856e-06,0.0004116880633636465,0.009397633160243056,0.0007936723369156587,0.0006147725600392942,2.0607979772970015e-06,3.6601112153033492e-06,0.0005991556698280389,7.535600917746164e-07,0.002402557441435401,7.905767241161669e-10,7.050379490890349e-06,0.0008309195744655503,2.0212367781966246e-08,1.1275805157059381e-09,1.5464837574918002e-06
4,6.016241783855959e-05,0.9831805080745556,2.8540599687567083e-06,2.8326513638426285e-08,4.4469024834053566e-05,0.0006172239976567531,8.153696830704885e-06,4.5882440184503147e-08,1.4469730152847678e-05,2.731535490818596e-06,0.0004304252775041809,0.010523043824538848,0.0009514141435592536,0.0006464777221917133,1.6908547440781845e-06,3.3427324844509746e-06,0.0006061125299403596,7.532086598699959e-07,0.0021332482820964793,7.308759095201092e-10,6.545246850576253e-06,0.0007648814223798929,1.9028245573510926e-08,9.717681049425835e-10,1.3972778788340422e-06
5,0.00010646476130889627,0.979486121349973,3.896082025316471e-06,4.5511962454654006e-08,4.9747191759037126e-05,0.0007580730756978843,1.0692878932443993e-05,6.413700016348212e-08,1.899551546221014e-05,4.56205479868856e-06,0.0005163815153610111,0.012974392521501649,0.0009739332180872351,0.0008912792090865242,2.090606972473472e-06,4.963360151620696e-06,0.0008952863024355397,1.5408094284082792e-06,0.0023190364485131862,1.1802873707208355e-09,9.154542052421566e-06,0.0009710172601558791,2.7718503530748296e-08,1.8693113595200622e-09,2.2308792317368927e-06
6,7.105802177546934e-05,0.9841116033010738,3.0252031680451294e-06,2.8142059168490226e-08,4.428765976046868e-05,0.0006766089729407923,8.858039850252454e-06,5.082293463125928e-08,1.5811684469704783e-05,3.1758826193086856e-06,0.0004116880633636465,0.009397633160243056,0.0007936723369156587,0.0006147725600392942,2.0607979772970015e-06,3.6601112153033492e-06,0.0005991556698280389,7.535600917746164e-07,0.002402557441435401,7.905767241161669e-10,7.050379490890349e-06,0.0008309195744655503,2.0212367781966246e-08,1.1275805157059381e-09,1.5464837574918002e-06
7,6.561890568531127e-05,0.985641333674187,3.717692839950587e-06,2.399933986170615e-08,3.604201901228882e-05,0.0004815486593616849,6.187531840100646e-06,4.896840253175156e-08,9.065799534824625e-06,1.7090937114259145e-06,0.0004849629361454591,0.008336515746539111,0.001150395333567477,0.0003456415334157464,1.5539238261215502e-06,2.4023567955764116e-06,0.00046524692561359586,4.7503588756488067e-07,0.0024332476547849493,4.34101073237956e-10,5.452908363014835e-06,0.0005281797776955346,1.091061702166888e-08,8.245771685600406e-10,6.173541556894425e-07
8,5.616274277822657e-05,0.9796745834074884,2.476964221658011e-06,2.0419657367977506e-08,3.4428736964352455e-05,0.0007176033145943661,7.712034462166134e-06,5.501412178329248e-08,9.840669109135422e-06,1.9965165228038845e-06,0.00032318131998567654,0.013421865337096578,0.0011238226141672403,0.00039682350363377453,1.2246113955576948e-06,3.963010613332672e-06,0.0006179077554006713,6.422743169103439e-07,0.00299677357292132,6.36326653609492e-10,6.306059370947685e-06,0.0006017907161278414,1.4086447651535516e-08,4.4937728871956595e-10,8.042328982546897e-07
9,4.8976709387650306e-05,0.9844832706220807,1.8031899171470357e-06,1.6219346751933043e-08,3.5596683182499263e-05,0.000515800952669977,8.030066420500772e-06,3.709538823602865e-08,1.0157363589002486e-05,1.6915329151071589e-06,0.0002925691858557693,0.010314717924295027,0.0007213806053473716,0.00041109572355902763,1.3940593495287996e-06,2.741018939848578e-06,0.00043256012571009865,5.663409583899756e-07,0.002143047865915921,4.785990823610686e-10,5.385903594882692e-06,0.0005679675990096429,1.3838224959975055e-08,4.58223982226417e-10,1.178437518779533e-06
10,7.105802177546934e-05,0.9841116033010738,3.0252031680451294e-06,2.8142059168490226e-08,4.428765976046868e-05,0.0006766089729407923,8.858039850252454e-06,5.082293463125928e-08,1.5811684469704783e-05,3.1758826193086856e-06,0.0004116880633636465,0.009397633160243056,0.0007936723369156587,0.0006147725600392942,2.0607979772970015e-06,3.6601112153033492e-06,0.0005991556698280389,7.535600917746164e-07,0.002402557441435401,7.905767241161669e-10,7.050379490890349e-06,0.0008309195744655503,2.0212367781966246e-08,1.1275805157059381e-09,1.5464837574918002e-06
11,6.84571458331885e-05,0.98336766050191,3.0496516646022284e-06,2.8527692505375465e-08,4.357257424171257e-05,0.0006616731654611208,8.574471730613442e-06,5.345680397241496e-08,1.4871055090546532e-05,2.9065672416795135e-06,0.00041339361113184784,0.010043565425419208,0.0009020563139165533,0.000587384779238541,1.8927301733385002e-06,3.6717236856157004e-06,0.00061706405569011,7.40878366436644e-07,0.00246365823865563,7.694572485245887e-10,6.8301097945806095e-06,0.0007874921916209901,1.9483403321889953e-08,1.0264687457773229e-09,1.3815453076913199e-06
12,5.760833029013493e-05,0.9848383943080181,2.3958765730717795e-06,2.3271736933649273e-08,4.904023445207113e-05,0.0006354223536715534,7.6665335842274e-06,3.280593480902665e-08,1.3242302773287546e-05,2.4508429156109325e-06,0.00035997018555212156,0.009779068659673606,0.0006553024839855934,0.0006743323063642542,1.6542133546240347e-06,2.96697653459715e-06,0.00047063697437669264,7.925777531028424e-07,0.0018313278443559586,7.288345218297243e-10,6.339351386029412e-06,0.0006095513543424323,2.0041513254840293e-08,8.744011090233523e-10,1.7585676222694836e-06
13,6.936884800755745e-05,0.9840366221165117,3.0210148770481174e-06,2.8331457322526986e-08,4.448221186132792e-05,0.0006581156725381216,8.659989096047964e-06,4.919254789364141e-08,1.526574530311504e-05,3.0351710140227143e-06,0.0004357800670836886,0.009507108807359521,0.0008190433552096127,0.0006205353614134199,2.06244179055397e-06,3.5581104735559387e-06,0.0005953486989237047,7.411863581016317e-07,0.0023538084237712947,7.57967201633021e-10,7.018968685077443e-06,0.0008148330493126117,2.0106056893821303e-08,1.121641536696497e-09,1.4912507395137832e-06
14,0.0014822819055423154,0.6491245998984848,7.177372643171601e-05,1.0967079799198953e-05,0.00015578015415953526,0.0030055849620257576,0.0005572599442303236,9.329699753061427e-06,0.009802563179137566,0.001056711738343429,0.0021087712341017347,0.006702243697826455,0.001499927988288368,0.027412779845731525,0.00014847830449352762,8.752889377406735e-05,0.09325971524397131,4.085693598188123e-05,0.0018852144024026957,9.988373170343753e-08,6.30837236693909e-05,0.20117311326899923,2.5407600262048413e-06,1.4965244483418343e-06,0.00033729700464588813
15,7.105802177546934e-05,0.9841116033010738,3.0252031680451294e-06,2.8142059168490226e-08,4.428765976046868e-05,0.0006766089729407923,8.858039850252454e-06,5.082293463125928e-08,1.5811684469704783e-05,3.1758826193086856e-06,0.0004116880633636465,0.009397633160243056,0.0007936723369156587,0.0006147725600392942,2.0607979772970015e-06,3.6601112153033492e-06,0.0005991556698280389,7.535600917746164e-07,0.002402557441435401,7.905767241161669e-10,7.050379490890349e-06,0.0008309195744655503,2.0212367781966246e-08,1.1275805157059381e-09,1.5464837574918002e-06
16,0.00010321208514629132,0.9708818182237684,3.384181962178285e-06,4.082263429889825e-08,4.826984128869214e-05,0.000673275588679545,1.227602793266879e-05,5.2289986272722225e-08,1.1557312705128797e-05,6.317943537234249e-06,0.0005100562416922642,0.02126139781615484,0.000828833498824996,0.0011586727747896547,1.9187282994672566e-06,5.033851673308265e-06,0.0008257889652247118,2.5001351322619563e-06,0.0023785441818692764,1.3387775370589562e-09,1.952814309484707e-05,0.0012643639336253124,2.5778251081254155e-08,1.3675346205452614e-09,3.128927414769492e-06
17,8.861371641850799e-05,0.97193304875431,2.261505240654542e-06,2.390066827393703e-08,3.675174416393321e-05,0.00037633373643621633,8.096405800540674e-06,4.973631038045727e-08,1.0068303041940079e-05,2.359593824750096e-06,0.0003610143211161702,0.021451486039530766,0.0010445739716716978,0.0008249295512496864,9.392960283935219e-07,2.7221300207846437e-06,0.0008022464391578672,1.9264439896766782e-06,0.0020937600594190596,8.510407645541742e-10,8.401944721540522e-06,0.0009479394617315037,2.2428211504053142e-08,6.641936415604047e-10,2.4290017017967383e-06
18,7.766654300034922e-05,0.9775529595964982,1.6202416268197341e-06,1.884687255330951e-08,2.5971966151003584e-05,0.0005031861539168971,9.58679130931274e-06,4.0333446223430163e-08,1.666647796212245e-05,3.7199829730712557e-06,0.00028458315283177803,0.01576539510416268,0.0006706348929237962,0.0009750312269224119,1.2095727562508832e-06,2.7746193940867132e-06,0.0009810665239947936,1.7610272116180178e-06,0.0016999679148928812,9.93501209809999e-10,6.903903218622504e-06,0.0014149850494133915,2.594198102482599e-08,8.911098111508805e-10,4.222251929033222e-06
19,5.9178038991192506e-05,0.9820245260297206,3.3325071970647587e-06,2.8888315538068155e-08,4.984979124132943e-05,0.0005096127707322596,8.541393762958134e-06,5.899625191067709e-08,1.1917273506110261e-05,2.2028437975924007e-06,0.0003950175968662422,0.011573126149934158,0.0010421233020986072,0.0005262456824244434,1.6798875076592306e-06,3.1805226752290132e-06,0.0005270460038557837,6.960939840872198e-07,0.002505449498663618,6.508694248394895e-10,6.550887085919841e-06,0.0007485541931163396,1.4758496226374912e-08,7.450859124607967e-10,1.0654938200240429e-06
20,5.7077071951340484e-05,0.9852339069884557,3.889286536259119e-06,3.016856292914632e-08,4.605992061491537e-05,0.0006533308780713676,1.254282840936059e-05,7.225362568461604e-08,1.565524350217842e-05,3.65420687675601e-06,0.00049158041611629,0.007096597652147897,0.0006824546296518333,0.0005807212880083293,4.858833915023562e-06,3.1215191325415997e-06,0.0005103621098051266,4.608563695926016e-07,0.003048512809774208,8.124983040706827e-10,1.0067849593349532e-05,0.0015434339438445373,2.130481199314289e-08,1.3393769481354384e-09,1.585788347557831e-06
21,7.326593425318574e-05,0.9828213087382093,2.4318974247038034e-06,2.2722629650609708e-08,4.67293084474552e-05,0.00045712947602580766,5.410280485755026e-06,3.051368737333297e-08,1.0242351832076644e-05,3.2095344588624453e-06,0.00039955568721301735,0.011937330648596693,0.000665478286781266,0.0006000679848029925,1.1579487890389805e-06,3.0777516132037077e-06,0.00043053890995437753,9.281552920210177e-07,0.0019667725110972725,6.173007081040535e-10,8.528045157462771e-06,0.0005654516440431843,1.3749391395817211e-08,8.914981053088838e-10,1.3164110150769881e-06
22,0.00010430098840507608,0.9774563142796041,5.215681949003829e-06,5.409065145024318e-08,4.349933516269783e-05,0.0008974894024134767,9.404649893736693e-06,6.976493816089616e-08,1.6162140821750506e-05,5.7894059002646925e-06,0.0006769890828620768,0.013774253969042043,0.0010505858724114965,0.0009123101396771022,2.5596228539767245e-06,5.310201438039044e-06,0.0011908708006626537,1.332191246045411e-06,0.0025631776933980224,1.1102794809062384e-09,1.2719443514586845e-05,0.0012699773317097266,2.423603224654478e-08,2.1583131139071493e-09,1.5864068196718498e-06
23,7.105802177546934e-05,0.9841116033010738,3.0252031680451294e-06,2.8142059168490226e-08,4.428765976046868e-05,0.0006766089729407923,8.858039850252454e-06,5.082293463125928e-08,1.5811684469704783e-05,3.1758826193086856e-06,0.0004116880633636465,0.009397633160243056,0.0007936723369156587,0.0006147725600392942,2.0607979772970015e-06,3.6601112153033492e-06,0.0005991556698280389,7.535600917746164e-07,0.002402557441435401,7.905767241161669e-10,7.050379490890349e-06,0.0008309195744655503,2.0212367781966246e-08,1.1275805157059381e-09,1.5464837574918002e-06
24,5.6780791115064214e-05,0.9799276429277692,2.7748141922122825e-06,3.961634004417111e-08,6.735744982256803e-05,0.0006233874014605936,8.539123195324812e-06,4.819588837998665e-08,1.5301937541258378e-05,2.67429350345805e-06,0.00045520828760681003,0.01358310082774127,0.0011980535424210377,0.000856256781538179,1.3933455579004268e-06,4.6747546747239085e-06,0.000613226131528636,9.878533529878351e-07,0.0019606151170923447,8.016906306370268e-10,6.4806835457099e-06,0.0006140140255616237,2.187277498205549e-08,8.889277879094139e-10,1.4185351573594984e-06
25,0.00011258745353512238,0.9760172067956068,4.398013997354239e-06,5.434899130659935e-08,5.608302785256181e-05,0.0005648162092850255,1.3596215565803955e-05,1.1550195489188922e-07,1.4972128622242536e-05,3.670475739082203e-06,0.0007538199009229096,0.014505376593717775,0.0016681826637611505,0.0006429096450021115,2.559729734472389e-06,5.990190070303266e-06,0.0008483758760564632,1.186725994397625e-06,0.0037584882717712877,9.287753335750779e-10,1.127541764030495e-05,0.0010130279589675828,2.5591832448810374e-08,1.2902679900247553e-09,1.2790443352623273e-06
26,0.00011821998600405512,0.988529877622054,3.133767582271389e-06,3.266481419127365e-08,4.408737570742013e-05,0.0006100351437317294,6.580037312365167e-06,5.554403677900924e-08,2.8654027530013094e-05,2.6187348661819563e-06,0.0004363715042995184,0.005851944193269607,0.0007074118850945621,0.00043721902264181814,1.9169482719423683e-06,3.3942983511099897e-06,0.0006715028445403165,6.541451745258592e-07,0.0019906454609670303,7.061339702050373e-10,4.424046636389346e-06,0.0005496951746128863,2.6971579326366172e-08,2.2645546868845446e-09,1.4956302333020844e-06
27,6.293307040575093e-05,0.9861294749691315,2.8034983420227115e-06,2.6124136068847513e-08,4.756208692143749e-05,0.0007027443932735741,1.1211317928787556e-05,5.5222417905164925e-08,2.680149406966163e-05,4.414856903737665e-06,0.0004061645842024799,0.006781543003186219,0.0006244856922286631,0.0007066166096787027,3.339095301493712e-06,3.6492098663111077e-06,0.0005723036888384195,5.746704884718997e-07,0.0025364350119129755,1.0218905415998136e-09,6.500508913069855e-06,0.001368047265040992,2.5433895840880835e-08,1.60671946810059e-09,2.285564305882064e-06
28,7.105802177546934e-05,0.9841116033010738,3.0252031680451294e-06,2.8142059168490226e-08,4.428765976046868e-05,0.0006766089729407923,8.858039850252454e-06,5.082293463125928e-08,1.5811684469704783e-05,3.1758826193086856e-06,0.0004116880633636465,0.009397633160243056,0.0007936723369156587,0.0006147725600392942,2.0607979772970015e-06,3.6601112153033492e-06,0.0005991556698280389,7.535600917746164e-07,0.002402557441435401,7.905767241161669e-10,7.050379490890349e-06,0.0008309195744655503,2.0212367781966246e-08,1.1275805157059381e-09,1.5464837574918002e-06
29,7.105802177546934e-05,0.9841116033010738,3.0252031680451294e-06,2.8142059168490226e-08,4.428765976046868e-05,0.0006766089729407923,8.858039850252454e-06,5.082293463125928e-08,1.5811684469704783e-05,3.1758826193086856e-06,0.0004116880633636465,0.009397633160243056,0.0007936723369156587,0.0006147725600392942,2.0607979772970015e-06,3.6601112153033492e-06,0.0005991556698280389,7.535600917746164e-07,0.002402557441435401,7.905767241161669e-10,7.050379490890349e-06,0.0008309195744655503,2.0212367781966246e-08,1.1275805157059381e-09,1.5464837574918002e-06
30,7.105802177546934e-05,0.9841116033010738,3.0252031680451294e-06,2.8142059168490226e-08,4.428765976046868e-05,0.0006766089729407923,8.858039850252454e-06,5.082293463125928e-08,1.5811684469704783e-05,3.1758826193086856e-06,0.0004116880633636465,0.009397633160243056,0.0007936723369156587,0.0006147725600392942,2.0607979772970015e-06,3.6601112153033492e-06,0.0005991556698280389,7.535600917746164e-07,0.002402557441435401,7.905767241161669e-10,7.050379490890349e-06,0.0008309195744655503,2.0212367781966246e-08,1.1275805157059381e-09,1.5464837574918002e-06
31,0.00011362362028362029,0.9807353985112738,3.856906809985977e-06,2.6486561561025235e-08,4.245845338480777e-05,0.0004679195211527627,7.561706581543134e-06,8.100544083772187e-08,1.1897375413280857e-05,2.4273067072340745e-06,0.00032546296357771544,0.012223997255985435,0.0010151675916214385,0.0004300068812389801,1.3123738935299563e-06,3.308947809398207e-06,0.000609101428672313,1.0695160285886807e-06,0.0032840584559515203,8.18328797928272e-10,7.366782019050942e-06,0.0007124990455015663,1.7819567496156574e-08,8.408724999300568e-10,1.3783853222611063e-06
32,7.048120978058578e-05,0.9836536417172076,3.0808655631167742e-06,2.5296728046279975e-08,4.4766083412479084e-05,0.0006833480707369682,8.913951785608273e-06,5.465748497669545e-08,1.513267714952245e-05,3.0983636108068147e-06,0.0003969193440166819,0.009400740816060014,0.0007955861935519933,0.0005788345448989781,2.1596084476665407e-06,3.6375985859302073e-06,0.000559348632086195,6.95560822743806e-07,0.0028816787721832925,8.469119732977725e-10,7.183592939597253e-06,0.0008891367129389629,2.0404587896035494e-08,1.0346731389298093e-09,1.5134438351852733e-06
33,4.70657168347662e-05,0.9950757963691381,2.6641982978005087e-06,1.5610240354072126e-08,0.00010333334293534411,0.0006173164030822485,4.581134183192357e-06,1.2093061000173633e-08,1.3384454258066375e-05,1.891029044359629e-06,0.00040655027369071667,0.0014693851053169842,6.95475529021646e-05,0.00028173779652633534,1.0451923650514367e-05,1.2730166694085171e-06,6.165622541216465e-05,1.2687796857024386e-07,0.0015702019281652521,3.7699312252239567e-10,1.2521921731418244e-05,0.000248300113485272,2.8803624242292164e-08,2.2965138863065498e-09,2.1554362747343266e-06
34,7.918914897245392e-05,0.9882527724068678,2.5938506384282346e-06,1.4634399596334884e-08,4.152854641820342e-05,0.00034847291263554126,5.423280105390007e-06,4.0814739515674225e-08,1.4128485185123778e-05,1.9675059942634846e-06,0.0003650317969363585,0.005863513266092998,0.0006448880673097749,0.000359964946366899,1.5963607701093724e-06,1.831008240329324e-06,0.0003145141584905122,4.0984892797781283e-07,0.003038538100780413,5.047322817123872e-10,4.626525271748268e-06,0.0006577450497565135,1.470192989554647e-08,9.152268458365005e-10,1.1931632109548537e-06
35,3.4278048554050564e-05,0.9852562102387187,3.5188183400390966e-06,3.115412037541687e-08,6.673819416210601e-05,0.001121725360403659,8.971333781566374e-06,2.811760101220601e-08,1.2596459454271901e-05,2.9587264074175715e-06,0.0006235229091130695,0.00772775175035126,0.0006933330240104655,0.0010215393493449576,4.0108505592084556e-06,3.4726657304445163e-06,0.0004294334090335405,4.5901054675436754e-07,0.0021211986789651614,8.762577700942898e-10,8.546413190280982e-06,0.0008580844110203318,2.712247403717223e-08,1.3764936653732166e-09,1.5617013659365472e-06
36,7.158303671938457e-05,0.9894063552004045,3.8076303891149434e-06,2.6281736499641785e-08,6.383932855726104e-05,0.0005600427184525542,5.501829755076041e-06,2.245658981250476e-08,9.816816554234748e-06,2.651339955834278e-06,0.0005749097704566871,0.005720456361818347,0.0004430595841893586,0.0005495513540965988,2.514041729774039e-06,1.988050156483389e-06,0.00024134171946405689,5.475192429672144e-07,0.0019010106703952856,5.670464792298434e-10,1.0028236174928e-05,0.00042953193739233826,1.7610209738076797e-08,1.6967790631610632e-09,1.3942417335487804e-06
37,2.8086580274303426e-05,0.9871632498362366,1.421117367889705e-06,1.1686433591741239e-08,3.54956546498806e-05,0.0007000235787342155,7.988555633442961e-06,4.048854292158484e-08,1.509826575021384e-05,2.1173466897982145e-06,0.00018878942827894058,0.007294250959582479,0.0006157909526137657,0.00038054754710870135,1.522285096643428e-06,3.1044845915615314e-06,0.00038588023310488567,2.8922250714336025e-07,0.002418900795355036,5.757299330680338e-10,4.292855042526005e-06,0.0007520179574109475,1.3373000884787783e-08,3.0554257388303657e-10,1.065914721224511e-06
38,7.255017640960604e-05,0.9784671436951073,3.2423725434961382e-06,2.796871088000451e-08,3.906421431029549e-05,0.0013619566864865645,1.3744794639019476e-05,7.494835707449272e-08,1.0977644298441888e-05,3.355930435669504e-06,0.00044281599083656714,0.011910126309911662,0.0011586213087610724,0.00048158093158066684,2.7054833319604197e-06,7.856441027143688e-06,0.0006774119770000363,7.390971213758422e-07,0.004575779634744348,1.0497395313894057e-09,9.57949240573552e-06,0.0007595054132841925,2.413719151566055e-08,8.435325970022469e-10,1.1134582332360323e-06
39,8.112540923740042e-05,0.9773673766537279,3.0605755748827376e-06,3.3536818916794666e-08,4.285147483210045e-05,0.0009046735627784203,1.574648045752549e-05,9.999272488373437e-08,1.4940881480044443e-05,3.6951928049394527e-06,0.00036116965594349933,0.013653556574340427,0.0010259685204987447,0.0005971792217630449,2.678557335786411e-06,6.236779991356912e-06,0.0008236946237461218,1.032585815991984e-06,0.0039204266658659365,1.2156406830540626e-09,1.140816858926353e-05,0.001160775529316924,3.248395432112933e-08,8.794234923756544e-10,2.2347773373845996e-06
40,0.0001284113910171982,0.98119108606018,3.180730660303173e-06,5.536217092825492e-08,4.529681419594668e-05,0.0007883397498684758,1.4788389653507912e-05,1.0135990997893594e-07,3.074962480361544e-05,5.5465769278130265e-06,0.0005669952732251597,0.010410961195870327,0.0011920489019745493,0.0006995865986278389,2.4393869580543886e-06,7.69795677341518e-06,0.00115247550136076,1.2678115054248953e-06,0.0027450232440904155,1.0796518030577112e-09,8.503547153644666e-06,0.0010033175017000562,3.4321510975687396e-08,2.040004173623964e-09,2.0895802055133244e-06
41,8.382792872969861e-05,0.979896995693524,3.3361130682973883e-06,2.8581918593975953e-08,4.138139507799531e-05,0.0006929049213136309,1.0266847915664198e-05,5.6858584907755495e-08,1.3393344640048271e-05,3.518870397594253e-06,0.000474019669379707,0.012390877934890285,0.0008619926152969928,0.000719525792754275,2.3264374612909144e-06,3.77661524665697e-06,0.0007011931189485702,1.0282614397665084e-06,0.0029663725950253433,9.695923511277012e-10,9.423034485602053e-06,0.0011218077354164199,2.352915987032656e-08,1.2007512437187902e-09,1.9199349812481266e-06
42,8.392719728762558e-05,0.9873423232289085,2.0268582441858976e-06,5.400556527253792e-08,6.11646972507311e-05,0.0008974143118121008,8.99304945286798e-06,1.4412325191189067e-08,2.0638889687623105e-05,2.5655276007975328e-06,0.0006512050611198082,0.007634825908713827,0.000628496591010949,0.0012816890385213594,1.5954346186350526e-06,3.931306012988406e-06,0.0006120642486771765,1.8465519293810357e-06,0.0005452222333198633,6.093109378350983e-10,4.556978455294904e-06,0.00021208878219598364,3.6685593247838844e-08,2.6952866423950655e-09,3.315697099079619e-06
43,9.202890195187123e-05,0.9822597871196778,4.835195663764958e-06,4.6108426531799903e-08,5.9905404504545267e-05,0.0014178414301037098,1.4231823701507474e-05,1.0281389150622845e-07,4.625929945360151e-05,1.580249128652584e-05,0.0004635951180579163,0.00647545913746166,0.0007267063588621764,0.0009793788693221533,4.48083626909566e-06,8.090646224646879e-06,0.0008357874137716028,7.683912711924241e-07,0.004230137132612521,2.6724152073797968e-09,1.23885663766873e-05,0.0023497982059632566,3.5000457597915455e-08,3.290157086231149e-09,2.527772115703205e-06
44,7.105802177546934e-05,0.9841116033010738,3.0252031680451294e-06,2.8142059168490226e-08,4.428765976046868e-05,0.0006766089729407923,8.858039850252454e-06,5.082293463125928e-08,1.5811684469704783e-05,3.1758826193086856e-06,0.0004116880633636465,0.009397633160243056,0.0007936723369156587,0.0006147725600392942,2.0607979772970015e-06,3.6601112153033492e-06,0.0005991556698280389,7.535600917746164e-07,0.002402557441435401,7.905767241161669e-10,7.050379490890349e-06,0.0008309195744655503,2.0212367781966246e-08,1.1275805157059381e-09,1.5464837574918002e-06
45,7.733881687712704e-05,0.9816162140662879,5.113481881690734e-06,4.9787089667856904e-08,5.3772643767743215e-05,0.0014408044735542264,2.26435492217468e-05,1.587232463681938e-07,2.2461842250330376e-05,4.64648143435867e-06,0.0005338268795546402,0.007393348793040454,0.001158961123927801,0.0004895267001197566,6.994707898143538e-06,9.364935259744984e-06,0.00072041241280297,5.144287797157147e-07,0.005217132118764317,1.291955935339785e-09,9.512768464201433e-06,0.0012159703011184898,2.9414936952350796e-08,1.6348747472663503e-09,1.1986228909485817e-06
46,0.00013957255057283138,0.9640741387854094,5.2647860554655665e-06,8.113670658212899e-08,2.2039431472164567e-05,0.0014567843245012623,8.812686092092557e-06,1.442245045453059e-07,1.7308206971309877e-05,4.251806307310571e-06,0.0006619938924225296,0.023150808096098086,0.0021714712855186143,0.0006630807626159937,1.79912650055049e-06,9.116925174452174e-06,0.0037983685591628947,1.722372914062071e-06,0.0026276351596223194,1.0830603769989662e-09,1.0493419918468573e-05,0.0011741368957941356,3.0960364981299684e-08,2.103923426628691e-09,9.4141831630205e-07
47,7.536965342122987e-05,0.9812500170932285,1.4943317475848708e-06,6.079944170442113e-09,1.5569705356109193e-05,0.00028636920838658085,5.533962955281047e-06,5.1839638477963755e-08,8.565037293458232e-06,1.9727659059393005e-06,0.00013846810985985148,0.01228613022175058,0.0005155396351663868,0.00021349286877943733,8.422444039454928e-07,1.5785121453934933e-06,0.0004563782920460254,5.577137476379549e-07,0.0035609357724435994,5.064460554117211e-10,5.187824987358337e-06,0.001174746120139259,7.2690185489138016e-09,3.095075666420693e-10,1.1849216811828766e-06
48,7.079559467533028e-05,0.9840150357730907,2.9284827588552855e-06,2.6674896212054744e-08,3.9097490350568935e-05,0.0007019297663085255,8.81942736572679e-06,5.585596059813571e-08,1.5041324790173037e-05,2.8751867738388246e-06,0.00038262085313228483,0.009386482060897873,0.0008511906678865516,0.0005299520434949727,1.932970985048686e-06,3.7208471263674726e-06,0.0006361284383045782,6.923973459721809e-07,0.002557306799451767,7.392940730644854e-10,6.569739036320253e-06,0.0007854434704704929,1.9031604927943967e-08,9.827737340786812e-10,1.3333812246887812e-06
49,4.696477652776716e-05,0.980090887398071,3.604744026362006e-06,2.1757198904770496e-08,3.611255485171214e-05,0.0008300201516367913,7.0434456034963915e-06,4.018273589362546e-08,9.711749037460794e-06,2.819621055876347e-06,0.0003485645254480666,0.013072755404248562,0.0007721874348284273,0.0006796848242996991,1.8487666058586937e-06,2.6777966026771247e-06,0.000615049947967326,7.226410598303705e-07,0.002383683857745897,8.971080201768448e-10,8.270660088798082e-06,0.0010860383820196953,1.4872199774839153e-08,8.208334754449118e-10,1.2727881986878874e-06
50,9.236587132049941e-05,0.9832539725479292,2.1953481723826347e-06,2.1247976616696586e-08,5.539125696635245e-05,0.0004267451773706589,2.776205439591306e-05,9.980817393920404e-08,3.211321643535811e-05,8.685164723621383e-06,0.00029603918468930476,0.006721730707244376,0.0006164040559389961,0.0007306507757362575,3.61770146942921e-06,4.618484991046801e-06,0.00041280706001610136,9.031053111479602e-07,0.004903381144770178,1.5280599087503326e-09,8.981900777651863e-06,0.002396312579191829,2.5697280995088882e-08,1.1100065761928256e-09,5.173271051342864e-06
51,9.036923376461766e-05,0.9759355414212116,3.0177220140399464e-06,2.5506606340885655e-08,5.448167026579833e-05,0.0012551337165733396,1.5379869983798617e-05,6.548770925050158e-08,1.613290119425142e-05,4.258954668891456e-06,0.00046542012023941773,0.013447436525090754,0.0007971314634029692,0.0008479593546919437,3.6649974931598827e-06,6.879832079859471e-06,0.0006727881838460567,1.2180573281107443e-06,0.005122964193302243,1.9635732566298744e-09,1.2020008567972146e-05,0.0012444168510536246,5.330557259687764e-08,1.2754042762568985e-09,3.6373843621711285e-06
52,0.00018320571040598616,0.972624510349484,8.561498423530179e-06,1.2511185243177534e-07,7.321472584184885e-05,0.0017347181802118072,1.4239077878209842e-05,1.0416599848458779e-07,3.322996859116376e-05,1.2052806442053655e-05,0.0012633982784895571,0.014398736461081496,0.0019132343428427733,0.0015558624785469925,3.4620884918745697e-06,1.3607831263340756e-05,0.001698952440123782,2.5874872514091616e-06,0.0031808059758013873,2.6504250200581587e-09,1.3313757709005076e-05,0.0012700241465179677,4.681405289029117e-08,6.343630204974317e-09,1.997308642858953e-06
53,7.760302788932646e-05,0.9823627538640776,2.361341594214413e-06,5.340759218591556e-08,6.580044666430384e-05,0.001020181880238919,4.532641182874455e-05,1.1565738534086487e-07,4.2781466430492106e-05,5.651107759778573e-06,0.0005041594264437303,0.008734375627415396,0.001084887913228213,0.0009660353046178573,5.573799069826844e-06,9.669310018223373e-06,0.0007845917515189434,1.202303985647338e-06,0.0029352484887716357,1.7661544042328992e-09,8.238460545200061e-06,0.0013386533582152528,5.807356096444334e-08,1.7377697672278281e-09,4.674067224152721e-06
54,0.0004173095128017213,0.9156304306984933,0.0002859291559103949,1.6422998807558942e-06,0.000226850386942422,0.006140201352980991,1.478239101976771e-05,6.50341543298939e-07,1.7696760609607088e-05,1.2565844977553668e-05,0.020951510886360013,0.017462220966990284,0.011274133279834606,0.002730282655995727,3.843501044821429e-05,1.8657528955074102e-05,0.004369767547769288,2.001203453512602e-06,0.017203279881180082,7.902306741073184e-09,0.00010625880160818689,0.0030945957723079905,1.9626500946289546e-07,7.152523801314119e-08,5.220273830746724e-07
55,4.340478961523632e-05,0.9846415695451736,6.360626895996696e-07,6.455434291627613e-09,2.6829717052525727e-05,0.0001330699141004973,3.848873791558016e-06,1.1779190306625535e-08,7.654174530619237e-06,6.741600947790819e-07,0.0001270762313826295,0.013256583546338413,0.0003781649549027104,0.00023455807059532624,3.182181873812089e-07,1.0180108995939563e-06,0.00021268643725949198,7.627016132812634e-07,0.0007397469390594045,1.7511704870316449e-10,2.3968711824206884e-06,0.00018765367181645276,5.059929241275951e-09,1.964448371318945e-10,1.3234435988134073e-06
56,6.552348546545724e-05,0.9839677819819226,2.9554077565782727e-06,2.7446208791995734e-08,4.382407612451706e-05,0.000636745482483601,8.577689822384047e-06,4.981257469476303e-08,1.501023397889136e-05,2.833876649525871e-06,0.0004121025468117294,0.009688170279193048,0.0008775278380690537,0.0005924468399704752,1.8858040318024677e-06,3.4628132071069907e-06,0.0005823076251271569,7.268407426006753e-07,0.0023166284409625263,7.472595627252291e-10,6.5096299091448345e-06,0.0007734664349172372,1.887872548471495e-08,1.0229000935686522e-09,1.41476518599688e-06
57,6.424955506073543e-05,0.9819231079056241,3.0335474001023693e-06,2.1669696292376428e-08,4.2649954643331614e-05,0.0006122732591495396,8.069455178184337e-06,5.333115238500516e-08,1.2547842729510602e-05,2.7777555938855662e-06,0.0003587802132423384,0.011045186677084482,0.0008043121871100904,0.000538425328662549,1.87187230113262e-06,3.2754680753051556e-06,0.0005360160161938286,6.754300334269253e-07,0.0030892420384905643,8.002916475566158e-10,7.455418393377033e-06,0.0009446010533790021,1.7178290084634112e-08,8.056105140080338e-10,1.3552366135212136e-06
58,7.807667139333051e-05,0.9847145427670356,3.5521074130118025e-06,3.089492674492165e-08,4.521736549494204e-05,0.0006966398899205476,8.767435925891424e-06,5.1931904446031344e-08,1.7317881607102446e-05,3.5277833636388443e-06,0.000472045220058801,0.008621776263630098,0.0007937384104500402,0.0006177331714617817,2.413086534014672e-06,3.6863844375642863e-06,0.0006076237820859128,7.369997903267256e-07,0.0024210278154510267,8.371310067650522e-10,7.1693344048888865e-06,0.0008827694843241479,2.0449042290906944e-08,1.569119897266847e-09,1.5324630930673126e-06
59,8.203254210270392e-05,0.9845297094153549,3.951658365904281e-06,3.462217334997498e-08,4.84834314790258e-05,0.000731468416034736,8.707372972560464e-06,5.2277942154461575e-08,1.8417341066976213e-05,3.947348145000288e-06,0.0005167307037774087,0.008601496235382953,0.0007565748552636711,0.0006878009270434519,2.6906493079337237e-06,3.7433351690898243e-06,0.000637429396070148,7.867844425987689e-07,0.002409664987992205,9.227872585861387e-10,7.965134446506983e-06,0.0009466226587882156,2.247589574407608e-08,1.8997728538658754e-09,1.664608222626159e-06
60,7.105802177546934e-05,0.9841116033010738,3.0252031680451294e-06,2.8142059168490226e-08,4.428765976046868e-05,0.0006766089729407923,8.858039850252454e-06,5.082293463125928e-08,1.5811684469704783e-05,3.1758826193086856e-06,0.0004116880633636465,0.009397633160243056,0.0007936723369156587,0.0006147725600392942,2.0607979772970015e-06,3.6601112153033492e-06,0.0005991556698280389,7.535600917746164e-07,0.002402557441435401,7.905767241161669e-10,7.050379490890349e-06,0.0008309195744655503,2.0212367781966246e-08,1.1275805157059381e-09,1.5464837574918002e-06
61,8.515032279820305e-05,0.9839739647498058,4.225509576398465e-06,3.643890612080807e-08,4.7854225723874e-05,0.0007664243586189836,8.730203944858474e-06,5.7308597567204106e-08,1.7239039415723407e-05,3.8669469351248695e-06,0.0005104641810163799,0.008969191254125788,0.0008043326624554479,0.000675496407822085,2.6377073275183102e-06,3.8712115601813335e-06,0.0006704208520096186,8.184654311407025e-07,0.002507210494658262,9.293392077896738e-10,8.276699662270686e-06,0.0009381432334154085,2.229537864492469e-08,1.7971021249691677e-09,1.5627043733127199e-06
62,7.105802177546934e-05,0.9841116033010738,3.0252031680451294e-06,2.8142059168490226e-08,4.428765976046868e-05,0.0006766089729407923,8.858039850252454e-06,5.082293463125928e-08,1.5811684469704783e-05,3.1758826193086856e-06,0.0004116880633636465,0.009397633160243056,0.0007936723369156587,0.0006147725600392942,2.0607979772970015e-06,3.6601112153033492e-06,0.0005991556698280389,7.535600917746164e-07,0.002402557441435401,7.905767241161669e-10,7.050379490890349e-06,0.0008309195744655503,2.0212367781966246e-08,1.1275805157059381e-09,1.5464837574918002e-06
63,6.720818111487264e-05,0.9851676078971573,2.8062595246492934e-06,2.486589359859958e-08,4.17603406713919e-05,0.0006159247301545092,8.160308531852102e-06,4.6559336813354714e-08,1.4965184048228855e-05,2.8768356906382527e-06,0.0003799144011473852,0.00881574874332385,0.000738493995880159,0.0005563194195861292,1.9075702367691743e-06,3.224702108524244e-06,0.0005438006464289351,6.778124884569257e-07,0.002259686635117035,6.969816357568301e-10,6.4721714709701785e-06,0.0007709110930115708,1.7918619999004274e-08,1.0158647367905767e-09,1.4420156099354275e-06
64,6.925300796640104e-05,0.9849100814960178,3.227168960469389e-06,2.5633032523605304e-08,4.506192181071598e-05,0.0005996257434991619,8.09762492489785e-06,4.8877903250207234e-08,1.2804308712926733e-05,3.0298159379449397e-06,0.00038921234726987963,0.008955444133718647,0.0006781161233011234,0.000515883610197088,2.1070819360661705e-06,3.0373773383711547e-06,0.00047830880290099183,6.637236444953617e-07,0.002525774167057383,7.359334206200557e-10,8.729720119862226e-06,0.0007900369493698688,1.7701573571273647e-08,1.0284176064090462e-09,1.4108984557453427e-06
65,6.006791587204432e-05,0.9855368888124326,4.359714031464649e-06,3.3739992200147493e-08,4.701944066485947e-05,0.0009184089276092195,9.779198210017646e-06,5.509309233715707e-08,1.3968365492909405e-05,3.3226530614400703e-06,0.0005023722608572643,0.0073793748541867675,0.0007436353534580101,0.000618313152536557,3.7139637264650125e-06,3.5954473602615953e-06,0.0005645904868686568,5.271579692408592e-07,0.0026240338635031978,8.203498670770695e-10,8.666185933173114e-06,0.0009559522770427883,2.109745904539104e-08,1.4718749169620053e-09,1.2977464148856273e-06
66,6.367077578403486e-05,0.9781508904373216,4.708140540072204e-06,5.6701976829801226e-08,7.949598228549703e-05,0.0007587998548739813,7.398982407536939e-06,4.019148873969923e-08,1.5183882355243922e-05,5.765457154777638e-06,0.0007240732181595773,0.014324260754484126,0.0010578792247844479,0.0012152788519998793,1.9261639903782878e-06,5.42201082192297e-06,0.0007171842880615225,1.1680097700956581e-06,0.0019076108220462606,9.862088388517116e-10,1.2357428916128421e-05,0.0009453584254136604,2.0000267844092502e-08,1.7364863406198225e-09,1.4476724005375156e-06
67,6.430212634099642e-05,0.9800850907883605,3.287449149161673e-06,3.0834449915157204e-08,4.0525890625331496e-05,0.0011195387425359628,9.535742988385684e-06,3.991146697471293e-08,1.3416380239922873e-05,3.7917677668106165e-06,0.0005038442942571166,0.012174202727456066,0.0008310520601925473,0.0010134880630678874,2.472212943756045e-06,4.02456599811247e-06,0.0008079439555786433,1.0520778400327892e-06,0.002269365459761639,1.2209928263289864e-09,9.266392182735007e-06,0.001041525456616314,3.007661361814382e-08,1.5006374036321998e-09,2.170301937282655e-06
68,7.891188476631021e-05,0.9681102825524642,2.8836771360391296e-06,4.3614697325094226e-08,3.7706047029364785e-05,0.0007870039272936046,1.2725428909755385e-05,6.076339337140862e-08,1.2697272330732777e-05,2.749062739121109e-06,0.0005050021843097673,0.02381002043258211,0.0019240843975589243,0.0008873519201214701,1.1185652927903504e-06,5.667424875186541e-06,0.0011257318429457974,2.222220793447475e-06,0.0020513571867250284,1.0099006127015773e-09,7.94322871794057e-06,0.0006327020493371534,2.4850879565884262e-08,8.599029184838987e-10,1.707595297345444e-06
69,6.768223668332739e-05,0.9810000891099289,3.3013791426308805e-06,2.561312689459048e-08,3.891040225844916e-05,0.0008313488972772956,8.789024189845839e-06,5.0235047226926266e-08,1.223220904498085e-05,3.146006173023731e-06,0.00045032519716595783,0.011407378508290761,0.0009038379208706595,0.0006581073443927047,2.1384497696205683e-06,3.6501087234959547e-06,0.0006586250838361978,7.85624972599667e-07,0.0029783891042452905,9.57204208326358e-10,8.468306080117433e-06,0.0009612456063103102,2.164203062735021e-08,1.077317259991705e-09,1.4499559179887066e-06
70,7.723802678754613e-05,0.9763944668084006,4.1251997905434735e-06,7.791732226248018e-08,6.862034299481211e-05,0.0016275307607293392,1.3805228052976228e-05,7.795128713720322e-08,3.465790160600109e-05,6.438653529343103e-06,0.000523465027935919,0.013961662739673527,0.0015377795847419905,0.0013523992814393946,2.031523030792362e-06,1.1133707027311216e-05,0.0014113563193780038,1.6507900589386667e-06,0.002085355281050404,1.973332097006322e-09,7.510231284737622e-06,0.0008764580012464885,4.110131717812373e-08,2.150383516527541e-09,2.113497599075888e-06
71,8.201753135247508e-05,0.9840435212856949,2.296941413319693e-06,2.6368441989989947e-08,4.9329292002008797e-05,0.0005060837266668216,8.473880019487788e-06,5.023724544053311e-08,1.7593222509310577e-05,3.0664646628000435e-06,0.0003959596640602042,0.010024871426062941,0.0007927134415972026,0.0005690673303627525,1.6282615003833993e-06,4.081757070495587e-06,0.0005420646783208234,8.656104872510865e-07,0.0022608061531544993,7.240972211462844e-10,6.334146151810127e-06,0.0006874632776170188,2.0512638226293633e-08,1.0099976342621834e-09,1.6630568726055886e-06
