,0,1,2,3,4,5,6,7,8,9,10,11,12,13,14,15,16,17,18,19,20,21,22,23,24
0,0.4646386598026071,9.584638999810063e-06,4.059733175605546e-06,5.474086443226117e-07,5.0928599094253445e-06,1.9358951159454486e-10,8.47696979057683e-08,1.571661607668817e-05,1.0106082453410973e-10,1.884831335644655e-08,2.6077509561577652e-08,0.13759343376911015,2.4062533070783386e-09,1.7278520517035947e-05,3.0402060265245884e-06,2.634312203858733e-07,0.3764554054542369,2.408757172081563e-05,6.347872586666873e-06,1.1629897120123925e-10,2.444780417354856e-05,0.016216652677441025,6.42670571182499e-05,5.6960438937885635e-05,0.004864021624774398
1,0.3250621532588384,3.536374845437146e-05,2.5224810408333223e-06,1.6167034342121285e-06,3.76685753379778e-06,1.3959939975269769e-10,1.0294520522968917e-07,2.7656131474036242e-05,1.1324881930426525e-10,8.624463222467833e-08,1.2516037891089217e-08,0.07143907089396874,1.8114829626359713e-09,2.6059336032110838e-05,3.953108968075879e-06,3.574294237070913e-07,0.5438589736839784,3.8344136864899355e-05,1.0734656573235573e-05,1.5920816587622426e-10,8.203261383223492e-05,0.035748486541815463,0.00012518165608507148,7.028079568291753e-05,0.02346324203658493
2,0.23636883630383612,2.5952153370145646e-05,1.1695130265786357e-06,1.0584343550422258e-06,2.851210697967933e-06,9.652416185361685e-11,5.2442776622398165e-08,1.4129653784490226e-05,3.415282066139336e-11,4.6336330096560146e-08,8.603109531990859e-09,0.0530865569100303,1.1067166480785747e-09,1.86506432453559e-05,3.5362491054056863e-06,2.3175370116667602e-07,0.6639905117601594,2.9506644702495435e-05,4.206601818639602e-06,7.612230971572266e-11,5.80208024430981e-05,0.031202474810440715,0.000195202652896181,5.870696245899849e-05,0.014938288244195738
3,0.266949969542101,2.920879869682273e-05,1.5673865761577269e-06,1.3520797563890354e-06,2.9367441078542554e-06,7.982911922704253e-11,6.079788668903554e-08,1.7325232693258506e-05,3.804230121717582e-11,4.534271217218034e-08,1.082606789661496e-08,0.06551598853745028,1.4284675544931168e-09,1.8678051718532956e-05,2.2570416760636373e-06,1.5346031894899402e-07,0.623635829665845,4.6398978769000065e-05,4.166648966536267e-06,9.213673774513625e-11,5.879565023346568e-05,0.027579122980456592,0.00013645752102882947,7.420126730044154e-05,0.01592547180716229
4,0.26586826866478785,2.9717368282497055e-05,1.7888330958510487e-06,1.4184518466676486e-06,3.40753821745043e-06,9.045097340175801e-11,6.645510331123001e-08,1.693597898834086e-05,3.953916854270842e-11,4.674963812963214e-08,1.1983172074515405e-08,0.07026437229464871,1.801417715172633e-09,2.1658927719962173e-05,2.2864510499848078e-06,1.6151221871302002e-07,0.6214546543720685,5.0056813345232585e-05,4.02003528759199e-06,1.0095767226562715e-10,5.805476780012552e-05,0.027686516991950363,0.00014335385980450522,8.140071000619998e-05,0.01431179920860247
5,0.23204787914065253,3.094417649978699e-05,1.4601850057945395e-06,1.8392209034976647e-06,3.2248586725401735e-06,7.688851607359034e-11,5.803953638016075e-08,1.9061803573328717e-05,3.062893632694129e-11,5.103862149779728e-08,1.1244233244513907e-08,0.0633148299019989,1.5634634281655323e-09,1.889292961605782e-05,1.8029065158716356e-06,1.345966920703009e-07,0.6627977289809113,6.29697504275438e-05,3.4971062408270274e-06,1.0067871624803562e-10,6.767362378995644e-05,0.025279066984425523,0.00016077204519864726,8.754468132467264e-05,0.01610055501350047
6,0.266949969542101,2.920879869682273e-05,1.5673865761577269e-06,1.3520797563890354e-06,2.9367441078542554e-06,7.982911922704253e-11,6.079788668903554e-08,1.7325232693258506e-05,3.804230121717582e-11,4.534271217218034e-08,1.082606789661496e-08,0.06551598853745028,1.4284675544931168e-09,1.8678051718532956e-05,2.2570416760636373e-06,1.5346031894899402e-07,0.623635829665845,4.6398978769000065e-05,4.166648966536267e-06,9.213673774513625e-11,5.879565023346568e-05,0.027579122980456592,0.00013645752102882947,7.420126730044154e-05,0.01592547180716229
7,0.3289329985122262,4.1219058760834116e-05,2.7582875258093284e-06,1.6282115545734402e-06,2.1300237311248774e-06,5.6803811091817e-11,1.2628311928873117e-07,2.2663008441411927e-05,6.055601055476422e-11,4.139394810605345e-08,2.1206751423752027e-08,0.06557423530569408,3.4893587433593254e-09,1.4278448256941187e-05,1.7792743088434674e-06,9.19295324336612e-08,0.5736638532954064,6.074893546346173e-05,3.2814579571043122e-06,1.7798756022201376e-10,3.875569246023577e-05,0.01829083114341045,7.869105522939137e-05,0.00014928253930164358,0.013120581152214076
8,0.25387077763329347,2.7377260063778918e-05,1.8569575066390683e-06,2.0029748219563055e-06,2.6932230094603783e-06,4.178417036623096e-11,6.451931820579551e-08,2.1145943747681927e-05,2.7142764556755675e-11,5.622185685165352e-08,4.91932896865676e-09,0.04511376316552872,1.5258848558470155e-09,1.676747327847915e-05,1.6484705029045873e-06,1.7326332858798042e-07,0.6611461064595316,3.280121352733799e-05,2.8095494200006925e-06,9.523013564096908e-11,4.971090973617503e-05,0.01635565776746297,0.0001543538714795478,0.00012280873164283198,0.023077417781571765
9,0.2774279406498712,2.676365527420435e-05,1.1110476600061716e-06,1.1670999864914815e-06,3.275680115356906e-06,1.5275069142778065e-10,5.853811013446932e-08,1.505839697856627e-05,3.617612868903625e-11,4.580236246800983e-08,1.6077783718660618e-08,0.08478127934615934,1.0929464272387483e-09,2.3612529671885247e-05,2.8403418181033414e-06,2.1121930666964895e-07,0.5818897543902489,5.7170022282204676e-05,5.78655977840908e-06,8.975469845948166e-11,7.927234834654545e-05,0.04289330812266637,0.00018275222364637863,4.284993998299167e-05,0.012565724636322249
10,0.266949969542101,2.920879869682273e-05,1.5673865761577269e-06,1.3520797563890354e-06,2.9367441078542554e-06,7.982911922704253e-11,6.079788668903554e-08,1.7325232693258506e-05,3.804230121717582e-11,4.534271217218034e-08,1.082606789661496e-08,0.06551598853745028,1.4284675544931168e-09,1.8678051718532956e-05,2.2570416760636373e-06,1.5346031894899402e-07,0.623635829665845,4.6398978769000065e-05,4.166648966536267e-06,9.213673774513625e-11,5.879565023346568e-05,0.027579122980456592,0.00013645752102882947,7.420126730044154e-05,0.01592547180716229
11,0.2628011743583926,2.9183476655100984e-05,1.634729405270702e-06,1.3616744303231973e-06,2.963803401717837e-06,8.029263916354797e-11,6.225889988968906e-08,1.7290434541627296e-05,3.858557497513552e-11,4.536631962650935e-08,1.1275188244853e-08,0.06694436348549708,1.5951828421589318e-09,1.8696313441543572e-05,2.189792548857206e-06,1.4944675374432203e-07,0.6280438003312017,4.799976899158205e-05,3.9337310878497595e-06,9.668993655612475e-11,5.668780321725539e-05,0.02678871404298491,0.00013475071059888542,7.826101260942052e-05,0.01502672437308187
12,0.3901570411415338,4.217782392801018e-05,3.459057413285805e-06,2.026894067577618e-06,2.3307896307241226e-06,7.841281521520159e-11,1.6772275652827601e-07,4.5046208109192404e-05,2.6570977340462765e-10,7.662914646932743e-08,1.7048277278792484e-08,0.050696245659320356,1.8969593705422474e-09,1.4228438797991034e-05,5.060666708460254e-06,2.13408083324159e-07,0.49913969166450267,2.8061790391550472e-05,1.3164752261141145e-05,1.9358049738192114e-10,7.125700295870382e-05,0.020083347211891228,6.77060947716771e-05,0.00010788395421694656,0.03952079360657051
13,0.24806999221687898,1.745361859972471e-05,1.599324958737358e-06,9.697747577189572e-07,2.5906697501155495e-06,5.937627510132136e-11,4.3077944480020605e-08,1.4597542458456832e-05,3.099284932747184e-11,2.2312756237085734e-08,1.3695371199432693e-08,0.10222842011640534,1.0983997182563864e-09,1.71295377146083e-05,1.8179151451898584e-06,1.0145657128505963e-07,0.6143788796325419,3.550516631210383e-05,3.686952305067692e-06,7.27239088490538e-11,5.3186226502961205e-05,0.02454676964936958,9.04051693270268e-05,4.507801463462146e-05,0.010491736668202016
14,0.0936385305369609,0.0008093536077268343,1.8377844580749247e-06,5.330104722263044e-06,1.3661719329307899e-05,3.068582640305434e-10,1.4704442456070434e-07,8.72738770089765e-05,2.605841570240225e-10,1.093619265342181e-06,3.79955572737215e-08,0.017257686891617455,8.379755761836174e-09,1.8193213002271864e-05,6.124872894056728e-06,1.320337828536602e-07,0.771214701983263,0.00030361441904296397,1.3579679062689526e-05,3.613731487195606e-10,0.0002484245599679075,0.09232409301870656,0.00014162102426594668,0.00061176597481458,0.023302786731554795
15,0.266949969542101,2.920879869682273e-05,1.5673865761577269e-06,1.3520797563890354e-06,2.9367441078542554e-06,7.982911922704253e-11,6.079788668903554e-08,1.7325232693258506e-05,3.804230121717582e-11,4.534271217218034e-08,1.082606789661496e-08,0.06551598853745028,1.4284675544931168e-09,1.8678051718532956e-05,2.2570416760636373e-06,1.5346031894899402e-07,0.623635829665845,4.6398978769000065e-05,4.166648966536267e-06,9.213673774513625e-11,5.879565023346568e-05,0.027579122980456592,0.00013645752102882947,7.420126730044154e-05,0.01592547180716229
16,0.2599310482728857,3.111790911486446e-05,1.2630340327656426e-06,1.6336737378328206e-06,2.5260813357075063e-06,9.802866809717705e-11,6.602644679771979e-08,1.9552856950508064e-05,3.3336039218442004e-11,6.678070233787378e-08,1.1749693401598764e-08,0.06322208497022312,1.1282239888431332e-09,1.8480527112647455e-05,2.000123808147671e-06,1.9663716370938903e-07,0.6269962759596426,6.826427651249465e-05,4.2804283299094e-06,1.1068074912553965e-10,9.778844830866216e-05,0.032673060912778946,0.00015643119723181726,6.934575732621706e-05,0.016704503006392268
17,0.27231853720550736,2.7475886318227267e-05,1.6352116028912042e-06,1.5460591814638244e-06,2.987885501887012e-06,8.23994381371475e-11,6.211395851043389e-08,1.6866479074461807e-05,3.4107829361155546e-11,4.352874914313575e-08,1.1246567145909883e-08,0.07235671755786684,1.482605673178027e-09,2.136563253138626e-05,2.0024761459341897e-06,1.5478978180507048e-07,0.6121751821164767,5.216101786278637e-05,3.76493828104997e-06,9.872257685229641e-11,6.127533670699014e-05,0.026317846438328005,0.00015416805869230787,7.253094728622559e-05,0.01641366337574328
18,0.25056154112752743,2.4552026241208403e-05,1.3032483025202558e-06,1.0623230941357494e-06,2.2060547627948595e-06,5.135318673240839e-11,4.7124083572846135e-08,1.4199546937290062e-05,2.625842971679093e-11,3.6648486753532164e-08,7.796466481471607e-09,0.06055486760734177,1.1884261354345784e-09,1.4336027648453967e-05,1.654482672786726e-06,1.120686954781162e-07,0.6504115937516066,4.2010338194221e-05,2.9553206861885425e-06,6.634891210437852e-11,4.821142977248982e-05,0.024144290056209303,0.000107961057849136,7.200100099147905e-05,0.013995049630043157
19,0.22372868600729345,2.6285978355802514e-05,2.4332946773599184e-06,1.488406485456089e-06,3.965274238017286e-06,7.100886827033918e-11,5.642508411762964e-08,2.1980880433734154e-05,4.677541781904354e-11,4.3095299155744453e-08,1.1591007276377025e-08,0.09172776516155591,2.013288856757192e-09,2.1247685478881324e-05,1.8122463103997215e-06,1.219093363268752e-07,0.6419222709334058,4.589017363197239e-05,4.086679173021304e-06,1.21743796185795e-10,5.223408085065715e-05,0.029438613081143716,9.04123527692196e-05,7.786971715849349e-05,0.012832722773494043
20,0.1607146877640463,2.5344240300533686e-05,9.418912277722574e-07,9.327112976713717e-07,2.510253838464925e-06,5.3164500110827074e-11,3.321523187940291e-08,1.9280612848756127e-05,2.895735640901014e-11,4.2741531179020313e-08,6.981967898461243e-09,0.047190147834025115,9.085715663054172e-10,1.1430646482474249e-05,2.0854148537483807e-06,1.0399446997920737e-07,0.7441646386062015,3.502252460080559e-05,3.5442792010906706e-06,6.662180014388425e-11,5.572845639490765e-05,0.03756672730583266,0.00010181412729169766,5.946427584091138e-05,0.010045511065199313
21,0.39027734624182325,2.0482521925207898e-05,1.7892788057188646e-06,1.4257748540575885e-06,2.19248354426098e-06,1.0107550735550801e-10,8.263704378959596e-08,1.07409838809326e-05,2.397999920071872e-11,3.6395409517206355e-08,1.1943333881185827e-08,0.0995643288303282,1.8617668549279664e-09,2.5300836897116076e-05,1.4321580459130678e-06,2.2485456137424256e-07,0.47765685312835415,6.0042166278777455e-05,2.6229990848702207e-06,1.2045187093274474e-10,5.2941822343575376e-05,0.01882192076296735,0.0001743173066819662,6.297542965639548e-05,0.013262929336905323
22,0.24870291869541092,1.9160375491545358e-05,1.348232740308743e-06,1.1091687048127218e-06,2.476274179937803e-06,7.564958358287886e-11,4.6867373351971004e-08,1.587441616980542e-05,2.4427330472230888e-11,3.486329110576481e-08,1.1199317037268464e-08,0.0761329896909887,9.756459694399037e-10,1.7112956412592883e-05,1.498396401371793e-06,1.4939131770366632e-07,0.6360064731137115,5.404709496713788e-05,3.4414098760042123e-06,8.79808701514436e-11,6.904888609156519e-05,0.02874056491480703,0.00011903825263945622,5.250606598046355e-05,0.010060148570423661
23,0.266949969542101,2.920879869682273e-05,1.5673865761577269e-06,1.3520797563890354e-06,2.9367441078542554e-06,7.982911922704253e-11,6.079788668903554e-08,1.7325232693258506e-05,3.804230121717582e-11,4.534271217218034e-08,1.082606789661496e-08,0.06551598853745028,1.4284675544931168e-09,1.8678051718532956e-05,2.2570416760636373e-06,1.5346031894899402e-07,0.623635829665845,4.6398978769000065e-05,4.166648966536267e-06,9.213673774513625e-11,5.879565023346568e-05,0.027579122980456592,0.00013645752102882947,7.420126730044154e-05,0.01592547180716229
24,0.2514775383948321,4.5109849813071914e-05,2.0702603355719744e-06,2.832736290115647e-06,4.548414496554805e-06,1.128771953070108e-10,8.16454402170488e-08,2.258729600994258e-05,4.0693222417155367e-11,7.038087764220945e-08,1.5060297206738103e-08,0.08301935323620567,2.393543213114108e-09,3.504854982221846e-05,2.0132640145055647e-06,1.7158808394289058e-07,0.6114863582438209,8.368875500817828e-05,4.825924216258362e-06,1.6247300487869676e-10,8.526386010663518e-05,0.03285123147995786,0.00019416820687289245,8.859762939052072e-05,0.020594422514521305
25,0.22017547617413416,1.5378880928749836e-05,1.564487789071257e-06,1.8473437171325875e-06,2.1608228655176675e-06,3.515530243461781e-11,5.330374453536847e-08,2.4209929937351694e-05,2.175001049784325e-11,2.322888112291474e-08,1.3938610719878196e-08,0.0956536373220463,1.6250717233461529e-09,1.4738160884442375e-05,8.215376161643906e-07,7.81622221720841e-08,0.6601428598345567,4.469015714525548e-05,3.1946663311819093e-06,1.2147592698201845e-10,4.8193275169770505e-05,0.015453871879917693,9.311775658602419e-05,5.565831476313079e-05,0.008268409018699662
26,0.28818232691078943,5.5446873918693824e-05,2.272100470160326e-06,3.566855978251044e-06,7.932348769083888e-06,4.0724162301780475e-10,1.313415728555209e-07,2.982653668746439e-05,9.822502933031573e-11,1.46207986311339e-07,2.6350211394558696e-08,0.12042750243704384,1.6985649188100494e-09,8.068437237026195e-05,6.333753048303819e-06,7.078796610663603e-07,0.48923632688431995,6.440851041639057e-05,1.8578068108319037e-05,2.342751411050419e-10,0.00021484084984217704,0.06466494042715547,0.00036112267107449536,4.4119813666366654e-05,0.03659875636860313
27,0.27869412335986676,3.343595678822262e-05,1.5250565487441203e-06,1.2189801816020648e-06,2.787922621353927e-06,1.0979555423738334e-10,6.647477713865136e-08,2.3314725737206907e-05,7.01817389364124e-11,6.923824251433914e-08,9.674053180978426e-09,0.05169769866132046,1.1745041755898785e-09,1.5932250590950896e-05,3.5625422676085393e-06,2.1464006143595076e-07,0.6079898237463331,4.0700127968930984e-05,5.712241007594363e-06,1.1029224267166501e-10,6.374307897373935e-05,0.04067351609126136,0.00012660459259373469,7.40282832016704e-05,0.02055191089082889
28,0.266949969542101,2.920879869682273e-05,1.5673865761577269e-06,1.3520797563890354e-06,2.9367441078542554e-06,7.982911922704253e-11,6.079788668903554e-08,1.7325232693258506e-05,3.804230121717582e-11,4.534271217218034e-08,1.082606789661496e-08,0.06551598853745028,1.4284675544931168e-09,1.8678051718532956e-05,2.2570416760636373e-06,1.5346031894899402e-07,0.623635829665845,4.6398978769000065e-05,4.166648966536267e-06,9.213673774513625e-11,5.879565023346568e-05,0.027579122980456592,0.00013645752102882947,7.420126730044154e-05,0.01592547180716229
29,0.266949969542101,2.920879869682273e-05,1.5673865761577269e-06,1.3520797563890354e-06,2.9367441078542554e-06,7.982911922704253e-11,6.079788668903554e-08,1.7325232693258506e-05,3.804230121717582e-11,4.534271217218034e-08,1.082606789661496e-08,0.06551598853745028,1.4284675544931168e-09,1.8678051718532956e-05,2.2570416760636373e-06,1.5346031894899402e-07,0.623635829665845,4.6398978769000065e-05,4.166648966536267e-06,9.213673774513625e-11,5.879565023346568e-05,0.027579122980456592,0.00013645752102882947,7.420126730044154e-05,0.01592547180716229
30,0.266949969542101,2.920879869682273e-05,1.5673865761577269e-06,1.3520797563890354e-06,2.9367441078542554e-06,7.982911922704253e-11,6.079788668903554e-08,1.7325232693258506e-05,3.804230121717582e-11,4.534271217218034e-08,1.082606789661496e-08,0.06551598853745028,1.4284675544931168e-09,1.8678051718532956e-05,2.2570416760636373e-06,1.5346031894899402e-07,0.623635829665845,4.6398978769000065e-05,4.166648966536267e-06,9.213673774513625e-11,5.879565023346568e-05,0.027579122980456592,0.00013645752102882947,7.420126730044154e-05,0.01592547180716229
31,0.218814209213945,3.0195889224684786e-05,1.9676722265451416e-06,1.6212750903858274e-06,3.138170974652695e-06,3.2897837148503e-11,4.291541856973541e-08,2.3592589058534037e-05,2.8023550064271576e-11,4.2301911888313355e-08,5.88956427663284e-09,0.05887645240233597,1.8197851406776169e-09,1.5883412322636615e-05,1.0838438581870411e-06,8.569148121727755e-08,0.6876517478988415,4.3974477908340136e-05,3.044958290071642e-06,9.030114371823196e-11,4.368683241969207e-05,0.01962850653799929,8.229090948214808e-05,0.00010818818734094959,0.014670236959297724
32,0.26566872657107615,2.9597255170413067e-05,1.5716768357900285e-06,1.2668796121651901e-06,3.0098470569697087e-06,8.37072217842057e-11,6.066704516799054e-08,1.82300337512869e-05,4.3929114562031754e-11,4.8826694507924014e-08,1.042980365560827e-08,0.06457297170470729,1.3903932155446264e-09,1.885411295670283e-05,2.516293495642943e-06,1.7099985705011668e-07,0.6233475734921055,4.1762317868625e-05,5.0045299677314435e-06,9.232634941101807e-11,6.093669778665312e-05,0.03008921787419943,0.00012794311751836764,6.862905932967963e-05,0.015941896002805208
33,0.13291734796254664,2.656058262474533e-05,5.810428545753906e-07,5.869064601249784e-07,2.908030908728364e-06,4.40885849515037e-11,2.153734374566706e-08,9.956065956530398e-06,7.557787772558306e-12,2.696344514582843e-08,5.805638086518557e-09,0.049603103364648966,1.2576892000136832e-09,1.3873740092152861e-05,9.9770079726142e-07,7.084693406622573e-08,0.7629527177876814,4.6431477712744365e-05,1.963274158150578e-06,4.7877734918788924e-11,2.938225897963415e-05,0.05086115055072395,0.00011968367624037807,5.140005972740541e-05,0.003361229007312272
34,0.585981961607529,3.18683459920292e-05,3.323856870928018e-06,9.505437914502399e-07,2.4495925666968863e-06,1.4467288251792492e-10,1.5911052423575613e-07,3.109823903653727e-05,4.257357317805757e-10,8.186625364002629e-08,1.2328677136146051e-08,0.04792610847636063,1.505268775155283e-09,1.6475983793952696e-05,6.2716648271468925e-06,3.6558996712182093e-07,0.3087477128384317,2.2967116982787188e-05,1.949771393895543e-05,1.283210994269209e-10,5.9935554490219536e-05,0.024987356653578995,4.379007049077319e-05,7.195000561842267e-05,0.03204566063627906
35,0.24868260456862176,2.9941076794520867e-05,1.7354594766381696e-06,1.3516189558106795e-06,4.397002117719734e-06,1.1425267932046032e-10,6.548400815563427e-08,1.3417460447450852e-05,3.0101900081976174e-11,4.00273521004816e-08,1.4036117893123487e-08,0.07313981773046142,1.5761451940589507e-09,2.7478722693230784e-05,3.3446383351580453e-06,2.2675899059908305e-07,0.6365938541268926,3.952659507057409e-05,4.052634519187558e-06,8.883112152967298e-11,6.441177301913189e-05,0.027617145235581633,0.00024002074853309697,7.469351950776039e-05,0.013461858973172668
36,0.21751252155566903,1.857473070105514e-05,1.3344174056592201e-06,8.327882508580371e-07,2.298200477068853e-06,3.462648032640013e-11,3.502513335551573e-08,1.5072570757561834e-05,2.8207517627540333e-11,2.7764575947409794e-08,5.861766230701293e-09,0.06085912380870607,1.1331501175169476e-09,1.1853168249833944e-05,1.621517471163526e-06,9.999679288739612e-08,0.6899699773453307,2.32413698558795e-05,3.55808236731069e-06,5.442667813837876e-11,3.6711242198990736e-05,0.020126206633120324,7.233234271925766e-05,5.9185498791175745e-05,0.011285384829248938
37,0.09261808678828902,6.239278776071703e-05,1.125906491548385e-06,3.5863622737346396e-06,7.664825319752881e-06,2.676575817864437e-10,7.266249768067273e-08,5.154141981027807e-05,1.3595748780767284e-10,2.4075895972771023e-07,1.7217680394769353e-08,0.03772118905001326,1.7132878140645827e-09,2.0173079265410125e-05,8.855916541339404e-06,3.795443688052779e-07,0.7875412054411015,4.507716513839684e-05,1.2567930644024814e-05,2.0892989683461657e-10,0.00017701266048727676,0.05361735340963682,0.00035285089162768996,8.929149628152057e-05,0.027669312359978385
38,0.49431035602390017,2.534743073426891e-05,1.2346846157310076e-06,8.616768727546922e-07,2.2092837398932294e-06,2.903819698292928e-10,1.2905432296101482e-07,9.128317945422224e-06,3.942528183327641e-11,4.6064551209733214e-08,1.998170489296193e-08,0.06560826358400719,1.0825333015336158e-09,2.5963135047664856e-05,4.351156471415175e-06,5.315503941852191e-07,0.3946366297839449,5.0705414338779266e-05,5.168104175919867e-06,1.072038890459884e-10,7.115352067166872e-05,0.03273314531453966,0.0002833049640874534,4.725447501842245e-05,0.012184194959371087
39,0.2571958491768361,2.4188287764583893e-05,1.6605845840079592e-06,1.549080202692708e-06,3.352463228599699e-06,9.370333676195659e-11,5.790962463663032e-08,2.051920067179918e-05,4.092273606132125e-11,5.0654862595814074e-08,1.133455691608048e-08,0.07583409521336366,1.23064116300495e-09,2.0214732591869705e-05,2.2416859280981735e-06,2.0006671111532213e-07,0.6227333023863763,4.5493359952948876e-05,5.0368128003600284e-06,1.0315811247747855e-10,7.718978798121078e-05,0.027189247066707674,0.0001461890702733506,6.326069699436006e-05,0.016636288959562037
40,0.3283858102757048,2.4962802575863047e-05,1.6193201061627533e-06,8.651702830033873e-07,2.606663273862898e-06,8.677586872248663e-11,5.972052394086742e-08,1.374377880771837e-05,3.5435509806221214e-11,3.372248826457758e-08,1.205732828853934e-08,0.07656644091669845,1.044181223949214e-09,1.9792465532165883e-05,2.3201440781909073e-06,1.5792538391250073e-07,0.5474613582925976,4.364297806504776e-05,4.154082683826348e-06,7.574819612824775e-11,5.670033308335826e-05,0.03484283839528336,0.00010667083853953812,5.696277385455918e-05,0.012409246100967292
41,0.27359567364489035,3.154621446788716e-05,1.8176957990106011e-06,1.3986739166464827e-06,3.3253798437821183e-06,8.694761740319337e-11,6.488049097115624e-08,1.9038378496534346e-05,4.801232920829336e-11,5.084376973183716e-08,1.0733790276548048e-08,0.06355504235566285,1.50002678508022e-09,1.9796612376130797e-05,2.6725186913981258e-06,1.71153679438973e-07,0.6159033213345229,4.381125548259428e-05,4.71347126280276e-06,9.69675952364953e-11,6.154646737791176e-05,0.0285178879794644,0.00013358871795457827,8.175996976058285e-05,0.01802275998634489
42,0.37711579905055326,3.620079065334924e-05,2.4953614344393098e-06,3.245487953018737e-06,4.513579078679598e-06,1.0933591452334985e-10,1.059126569363655e-07,1.2384905532197825e-05,2.959819127311461e-11,4.136009699999058e-08,2.14686356742833e-08,0.09419375392410405,4.186449193778737e-09,3.28804601673946e-05,1.415195165051963e-06,9.979473681771656e-08,0.4938646556017739,0.00012759083310404256,1.895402013580023e-06,1.1006110436861572e-10,4.919560474229772e-05,0.011388417202281575,0.00022807918801375591,0.00017691238380854722,0.02276029205804988
43,0.1670194277000837,3.155481410298856e-05,8.375476944208633e-07,1.3915660554599162e-06,4.126239508898705e-06,1.5749872126647965e-10,4.6960775893028514e-08,2.8337669702486704e-05,4.757148087935042e-11,1.1577958895693657e-07,1.0425010012445442e-08,0.043924502966504776,7.912457058466855e-10,1.3913206587475588e-05,3.7093500009687015e-06,2.9856007746515604e-07,0.7236341609739513,5.187943938712838e-05,7.089599752384048e-06,9.105928586293454e-11,0.0001357843472369818,0.050575381512039934,0.0001909131623544834,6.615496087596621e-05,0.014310362131333104
44,0.266949969542101,2.920879869682273e-05,1.5673865761577269e-06,1.3520797563890354e-06,2.9367441078542554e-06,7.982911922704253e-11,6.079788668903554e-08,1.7325232693258506e-05,3.804230121717582e-11,4.534271217218034e-08,1.082606789661496e-08,0.06551598853745028,1.4284675544931168e-09,1.8678051718532956e-05,2.2570416760636373e-06,1.5346031894899402e-07,0.623635829665845,4.6398978769000065e-05,4.166648966536267e-06,9.213673774513625e-11,5.879565023346568e-05,0.027579122980456592,0.00013645752102882947,7.420126730044154e-05,0.01592547180716229
45,0.25153266103048794,2.280623597736076e-05,1.8500914250085815e-06,9.07992818234908e-07,3.175734289567748e-06,5.92570580616467e-11,6.340442218319835e-08,2.135299300271203e-05,5.611226257539785e-11,3.582921400833324e-08,9.412005505612828e-09,0.05280359424834232,1.6310726005966864e-09,1.357030637770896e-05,3.1435252347468657e-06,1.5165851895287003e-07,0.6608915514045671,2.11137989093942e-05,5.216766720574438e-06,7.746640715980998e-11,3.673843818386431e-05,0.023683114315289088,9.826857884146565e-05,8.395070719110568e-05,0.01077672170427289
46,0.492133782003144,0.00025877703543385216,1.1421248365491755e-05,1.4142652254740537e-05,1.5995671145638676e-05,1.4564594051875935e-07,8.941419649602289e-06,9.4164399607676e-06,6.638066192995876e-09,1.997680647819421e-06,1.840788151146344e-07,0.038215474286801825,2.2342454506319586e-09,0.0037524630423522143,4.8739206815952726e-05,2.9586015536657086e-05,0.0016755561595525503,0.00019228470368383904,0.00016697084773962672,2.4194143666473516e-09,0.0006139321771990813,0.052651168192137596,0.0011658671018166626,1.0075863860032555e-05,0.4090230672354202
47,0.1453085895165128,7.286987788840002e-05,3.265489153444202e-06,1.2359733259007484e-05,1.7448861844083716e-05,2.2409574087781798e-10,1.4928349352627964e-07,7.822342391082193e-05,1.4333807463620535e-10,2.1109168300430543e-07,2.7256626449080024e-08,0.052785438402039635,4.109250795446275e-09,5.920617155085538e-05,5.939610711358606e-06,3.269922956660108e-07,0.7282162190788473,7.729715709265707e-05,1.3780516422221101e-05,2.7260910623898503e-10,0.000203348747107209,0.0236474824642422,0.0005725530907691162,0.00020442655244655566,0.04872083193280985
48,0.4339069768106507,2.5992603746955073e-05,3.627471837956197e-06,2.711664535033997e-06,4.873754064812508e-06,2.949555285631254e-10,1.113052640873661e-07,1.5103806241023192e-05,6.700962629552001e-11,4.807962351060471e-08,3.009365384392655e-08,0.1412845136243203,1.6673708405107733e-09,4.533631527447811e-05,2.933438170417313e-06,2.865503712088982e-07,0.36904224719254397,0.0001040945020000923,3.88793973182433e-06,1.8474025128211977e-10,0.00010659385515552095,0.023087722082118196,0.00024370790013707053,7.494958204355104e-05,0.03204424921443935
49,0.2415789275633575,2.0658944466580523e-05,1.8059570011603367e-06,1.2785860184742559e-06,3.6598853391684416e-06,1.1688238399924486e-10,5.002629115426201e-08,1.5568775959549447e-05,3.243704383709062e-11,3.759481877085957e-08,1.4363397684026651e-08,0.11063937053201665,1.3775118303956056e-09,2.3466144938635043e-05,1.916189880460199e-06,1.639785272659348e-07,0.6012553812492336,5.723503479156418e-05,3.496983532227388e-06,1.1195285472340855e-10,6.483753790062849e-05,0.03485906762885824,0.00014151877339378408,5.2363473768901124e-05,0.011279179137723978
50,0.2754261040075311,3.0508341830918806e-05,1.6237779121168056e-06,1.3939805149988504e-06,3.016220209053999e-06,8.516067262505528e-11,6.58386107053588e-08,1.8203835609066514e-05,4.1700351366398894e-11,4.993561076339059e-08,1.0819445216979707e-08,0.06509411923718837,1.4698036779854867e-09,1.9729028547953478e-05,2.3799376483060763e-06,1.6950264598583924e-07,0.6132557309514757,4.635151324684794e-05,4.5926986281287945e-06,9.713488822157697e-11,6.079551352375716e-05,0.029079039203600558,0.00013895396785559575,7.482353451722584e-05,0.016742336460048007
51,0.2614383807089807,3.1659769899760294e-05,1.698212141634428e-06,1.8020099036746585e-06,2.8413301359416596e-06,7.95744383199089e-11,7.197015251385387e-08,2.2321794438394357e-05,3.955556156351687e-11,5.093910684599048e-08,1.3749726731255904e-08,0.07590368956773279,1.5987032651312535e-09,2.0821473549656298e-05,1.7536514079576405e-06,1.2173106343663223e-07,0.6147897606613856,7.079405927125633e-05,4.09268708895969e-06,1.2072882113999044e-10,7.155296559182644e-05,0.03230065071983527,0.0001268817635490494,7.640223962670584e-05,0.015134636156849098
52,0.4740742850494822,4.082132726899284e-05,1.690206934823604e-06,2.2549808852948505e-06,3.229342151939315e-06,8.505425538967164e-10,1.992006011646818e-07,1.4615821612299034e-05,6.998417966517896e-11,1.0270440709097302e-07,4.838933647978027e-08,0.0818916636094438,2.5320052669272123e-09,3.4746086713630894e-05,3.213351272169686e-06,3.784751524498866e-07,0.37398502312689225,0.00033585972616080286,3.071846242884614e-06,3.19020721608531e-10,0.0001062717517308972,0.054542314813796254,0.00038878540890221536,9.684232434745711e-05,0.0144745786851121
53,0.46076421735293044,4.191441253847647e-05,2.1668327465697814e-06,2.148704575352948e-06,1.959565168995314e-06,2.66173599278278e-10,3.00966573372618e-07,1.634494394484519e-05,7.724123476830078e-11,7.766765416484147e-08,2.9526448271147197e-08,0.0522282664046241,2.3943530325292418e-09,2.6965630239644943e-05,4.8407582512766e-06,5.312841411826321e-07,0.43599193916636686,6.907779916111005e-05,4.695019055240082e-06,2.947869378877868e-10,6.700263307596277e-05,0.027594475895269446,0.00039262190959264866,0.00010563006326520689,0.02268479043182217
54,0.5087196411423678,4.771135667275049e-05,2.396822727229189e-06,1.5883880048978397e-06,2.016502226414943e-06,1.3892831036064534e-10,1.7864624420629756e-07,1.4267888144265703e-05,7.547199450157421e-11,9.08575966606553e-08,1.0217836998252467e-08,0.062140050647288926,1.698736394679963e-09,3.509834939431036e-05,3.958602798793893e-06,4.855683072921558e-07,0.35784614829528505,3.9512659592021346e-05,6.247715925978526e-06,1.5274649709223987e-10,6.667250877255134e-05,0.030451655557872413,0.0001699786128820346,7.591509033806801e-05,0.04037637250383828
55,0.33097239318216526,2.632670086253974e-05,1.9996285543308285e-06,1.5329093396377426e-06,2.2226102907423117e-06,6.12914305273139e-11,6.923125196705593e-08,1.785087323255625e-05,4.837931906782282e-11,3.9234862174193275e-08,1.2874830536072829e-08,0.08512063409626491,1.952432080219787e-09,1.4899077798455757e-05,1.5234908348648243e-06,9.780667690192485e-08,0.5467793685335401,5.945918641871591e-05,3.2442868008058777e-06,1.0695563150389368e-10,4.731147208338147e-05,0.018388349513800247,8.00873322716611e-05,8.935700935418315e-05,0.01839321877970749
56,0.25791587273797506,2.973105696668438e-05,1.6588822361466253e-06,1.3610368530913213e-06,3.024707247316054e-06,7.870745320845643e-11,6.223263585774279e-08,1.771069990288818e-05,3.992196944924005e-11,4.5403681640272564e-08,1.1330553017339751e-08,0.06576857359538826,1.6698848410073948e-09,1.8427070780847754e-05,2.2209144505886658e-06,1.4709639834077136e-07,0.634817490293874,4.668631469845057e-05,4.044015953760488e-06,9.854429364534374e-11,5.5611224748577455e-05,0.026557639200585036,0.00013036317599945705,7.979214718715318e-05,0.014549524974825147
57,0.15596418575595405,1.3971328335959899e-05,1.3863474178829987e-06,6.860308193790835e-07,2.938481511655614e-06,3.3859603955963164e-11,2.134599686935257e-08,1.793037130620435e-05,2.885225993250343e-11,2.7237772563284595e-08,5.008615059161668e-09,0.08168557139228073,9.772109332552363e-10,1.111636451120152e-05,1.256642118288281e-06,9.939659545974219e-08,0.7310157378446476,1.980687236718283e-05,4.569134411473958e-06,5.828254099529866e-11,4.164422567919065e-05,0.02366823324027559,4.43372910357102e-05,3.8631327402224726e-05,0.007467843262740347
58,0.23174379724472688,2.7205439144555905e-05,1.4225091109991134e-06,1.1196962144598426e-06,2.614480494455414e-06,5.789095032384375e-11,5.082268258352551e-08,1.587310960418599e-05,3.126237662594515e-11,3.8877843032743235e-08,9.072252646448027e-09,0.05527829025002992,1.3865277721047385e-09,1.4207604523219463e-05,1.9828263971614307e-06,1.1733466890022779e-07,0.675473911860347,4.1092713173552934e-05,3.2119672460160465e-06,7.445699232997169e-11,4.89310711927448e-05,0.024081133303118857,0.00011920250621204124,8.427360419331232e-05,0.013061512156685431
59,0.23619703364639527,2.567159300186998e-05,1.5926425340289293e-06,1.123883135244205e-06,2.599304321496692e-06,5.139983803393827e-11,4.939805358916187e-08,1.5356165005175515e-05,2.8767382305805424e-11,3.578977908486845e-08,8.425182647773679e-09,0.05619926090697441,1.426348612765114e-09,1.406189572621737e-05,1.7634172019644545e-06,1.1127891096547672e-07,0.6729507405844397,4.1089639145186604e-05,2.772318367253139e-06,7.397602939147817e-11,4.5781883039304195e-05,0.021314584677082506,0.00011192488184328428,9.221641474463657e-05,0.012982219674624198
60,0.266949969542101,2.920879869682273e-05,1.5673865761577269e-06,1.3520797563890354e-06,2.9367441078542554e-06,7.982911922704253e-11,6.079788668903554e-08,1.7325232693258506e-05,3.804230121717582e-11,4.534271217218034e-08,1.082606789661496e-08,0.06551598853745028,1.4284675544931168e-09,1.8678051718532956e-05,2.2570416760636373e-06,1.5346031894899402e-07,0.623635829665845,4.6398978769000065e-05,4.166648966536267e-06,9.213673774513625e-11,5.879565023346568e-05,0.027579122980456592,0.00013645752102882947,7.420126730044154e-05,0.01592547180716229
61,0.24167649784632012,2.6492800691813663e-05,1.7616395131131071e-06,1.168871223766886e-06,2.8673524831163133e-06,5.778778645548053e-11,5.2042803476471126e-08,1.582715868607316e-05,3.252539590038142e-11,3.6525605244126624e-08,9.621005335887643e-09,0.0643973699411624,1.4666667488240617e-09,1.6036380949107942e-05,1.9304521221444303e-06,1.2093850192834052e-07,0.6571061201761871,4.0700284639688535e-05,3.231047147708346e-06,8.000963260114564e-11,4.97540060276585e-05,0.02275961371898881,0.00011055622582480309,8.496773304541684e-05,0.013704883600081609
62,0.266949969542101,2.920879869682273e-05,1.5673865761577269e-06,1.3520797563890354e-06,2.9367441078542554e-06,7.982911922704253e-11,6.079788668903554e-08,1.7325232693258506e-05,3.804230121717582e-11,4.534271217218034e-08,1.082606789661496e-08,0.06551598853745028,1.4284675544931168e-09,1.8678051718532956e-05,2.2570416760636373e-06,1.5346031894899402e-07,0.623635829665845,4.6398978769000065e-05,4.166648966536267e-06,9.213673774513625e-11,5.879565023346568e-05,0.027579122980456592,0.00013645752102882947,7.420126730044154e-05,0.01592547180716229
63,0.2642922493647182,3.315453886335868e-05,1.5324087150744833e-06,1.3074621308185424e-06,2.737228261070674e-06,7.563647666306692e-11,6.357103155863506e-08,1.7553673185653627e-05,3.9885443748633077e-11,4.733403231880719e-08,1.106655150419447e-08,0.05886673894718491,1.516932780559372e-09,1.7042222079945458e-05,2.3458326134690484e-06,1.430329881179052e-07,0.6327186410745147,4.731999929770874e-05,4.043858905532429e-06,9.43757699698145e-11,5.690281973028952e-05,0.028002979872566097,0.00012836653309037115,8.266972473491789e-05,0.015724147707973785
64,0.23346528386856183,2.6694632366647872e-05,1.3382512815501472e-06,1.267590686578919e-06,2.9010137908031423e-06,7.594655761310632e-11,5.11478094894073e-08,1.757383696032993e-05,3.365442352730767e-11,4.510762608789872e-08,1.154158266050454e-08,0.06365144849178703,1.073190146351237e-09,1.598056935077624e-05,2.299738066562889e-06,1.4975876134612621e-07,0.6618023006127737,4.608664190979224e-05,4.239499951958824e-06,7.658014459142889e-11,8.026078541641831e-05,0.026188616622164398,0.00013176895245136817,6.903143878898218e-05,0.014492648638540495
65,0.26908695951930317,3.054532459229813e-05,1.560658839227222e-06,1.2860604075554373e-06,2.6400671843173827e-06,6.819820434813769e-11,6.380735728887689e-08,1.82614821014004e-05,4.0709904768216255e-11,4.488147885402752e-08,1.0211809784585965e-08,0.05734410199926941,1.4606335124854605e-09,1.6244563018039063e-05,2.291779499631091e-06,1.4228121000709564e-07,0.6309463374576407,4.214424389456471e-05,4.1487959759966125e-06,9.10396229043965e-11,5.275349735253812e-05,0.026344006822952706,0.00012381784409946152,8.20837683156456e-05,0.015900553273116073
66,0.3701402649254372,3.0826638648499935e-05,3.1655014185175527e-06,2.1923833862331742e-06,4.0890063549513045e-06,1.879929407270385e-10,1.2875920294927304e-07,3.340599108097563e-05,1.3454744967974426e-10,1.0788825306725448e-07,1.3980849878897438e-08,0.10410911420933464,2.5187584771949846e-09,3.5203732012657685e-05,2.8014270993171055e-06,4.7140235454597697e-07,0.4641386508446,4.6598617001066995e-05,1.3460947515303134e-05,2.700450768174899e-10,7.908960460840375e-05,0.03725904893715957,0.00011720821094645035,5.556866360488502e-05,0.02392858521778705
67,0.2813046770120024,2.922058898461912e-05,1.8188474299063653e-06,1.610655896598862e-06,3.3793040455032466e-06,1.1115345067342224e-10,7.283962063260078e-08,1.513087447751881e-05,3.522502749476097e-11,4.6481100541208714e-08,1.3348609445854185e-08,0.07780342025419117,1.6575156148570842e-09,2.6055881984572626e-05,2.4804404537981385e-06,2.1247243432312998e-07,0.5967193568049015,5.1731194047148226e-05,3.921376421029449e-06,1.1456665226239013e-10,6.47031370968514e-05,0.02692545575466669,0.0002006935865070415,7.259303059372655e-05,0.01677340419607416
68,0.26555954862993425,2.571164068728259e-05,8.772397516359985e-07,1.4810647513192211e-06,1.910314629985493e-06,1.269793633868554e-10,5.278342581843411e-08,1.0276308276267343e-05,1.7869260026788927e-11,3.654630172850747e-08,1.8083316019993877e-08,0.07477247429142637,1.094467860180043e-09,1.4973831555982544e-05,1.67026926586474e-06,1.2979353109895388e-07,0.6193301197051652,0.0001056771687621704,1.7949454493739076e-06,1.0302182254103657e-10,7.312514547711186e-05,0.02613606680741535,0.0002512427639042384,6.327812522418104e-05,0.013649533199410455
69,0.2099577398241532,3.794932403712599e-05,3.7091262748682787e-06,4.504210217047023e-06,3.157688942756232e-06,5.475608012227403e-11,8.904076829244253e-08,3.8649270074643424e-05,7.140684686086823e-11,1.0717812783361734e-07,7.99232848844081e-09,0.056051008052763404,2.7024925297068614e-09,1.710428962237388e-05,1.7771297622569903e-06,2.4385898946259614e-07,0.6786691085886861,4.213359608063656e-05,4.711950363511166e-06,3.0088677804526536e-10,7.748844684127791e-05,0.011758454518546815,0.00011814369820468136,0.00014918400312543317,0.043064725082547675
70,0.24106461051447198,2.9852980519510256e-05,1.3277755169021895e-06,1.3016539127937947e-06,2.8510123248475485e-06,7.170257242313126e-11,5.6003592268463544e-08,1.8898274812036704e-05,3.7166724951708326e-11,4.757988068477403e-08,1.0285178794178907e-08,0.056299711990237866,1.3411498650798665e-09,1.5368932018905442e-05,2.2936734846208706e-06,1.404739398141598e-07,0.6601779446567988,4.378407060592924e-05,4.2966292223109255e-06,8.419840311223601e-11,5.859115431540068e-05,0.02732981967169584,0.00013122327991058047,7.753140895971042e-05,0.01474033644438299
71,0.37700064902140834,1.365876941344661e-05,1.417998349414869e-06,1.4582038868612601e-06,1.1660589926174085e-06,5.875664015391691e-11,9.801570056430081e-08,1.3708675637414625e-05,1.8332574764779728e-11,2.3070006733304043e-08,1.4218574487204318e-08,0.07172374680834201,1.3836076401239054e-09,1.4384005176952134e-05,1.0036895121220046e-06,1.8806623891147225e-07,0.5296350905042451,5.0433737337193495e-05,2.3677805483482514e-06,1.4939252549416927e-10,4.374952293254785e-05,0.012616144403838644,0.00016603042020757583,5.813684334653468e-05,0.008656528576214816
