,0,1,2,3,4,5,6,7,8,9,10,11,12,13,14,15,16,17,18,19,20,21,22,23,24
0,0.00025350385661168624,0.22082537684396242,0.00039478111254927857,6.542842340773449e-05,1.5057964188842086e-05,4.965857139410402e-06,9.663993004986677e-05,0.00013740986577610092,0.0005897764832281966,0.001359982193728133,0.00014590540912575445,0.004841605023844409,0.0002939014089418354,0.005091552671707868,0.00311382095892529,0.24353824104700603,0.35132680478163053,3.4214581482407115e-06,0.001557292974055956,1.043982433197788e-05,0.00013473891259214353,0.015492231436766124,2.22919112123252e-05,0.0013315793115387501,0.1493532503395311
1,0.00020611653409974206,0.17132729061930468,0.0005031534856139084,6.351030729415569e-05,1.3746162946163724e-05,4.722207583305324e-06,0.00010547302798322188,0.00013338807264944897,0.0005642401554183992,0.001569786079495794,0.00010001558663364529,0.004118615988502743,0.0002935010449270852,0.004222372116296458,0.002306639049573535,0.34971756135379556,0.3204877691658257,4.002984238806314e-06,0.001622741604058576,1.2474800351018772e-05,0.0001497034731259808,0.009984630363001679,2.3096438108086597e-05,0.0015862306825350392,0.13087921869663718
2,0.000215715142372613,0.20737407444465947,0.00041230275324711943,6.0833329370812625e-05,1.895610264088482e-05,4.2670308824551176e-06,9.25901209392759e-05,0.00014464096061666697,0.0005951093906912549,0.0012515538878618171,0.0001474620454084508,0.005572754001974345,0.00024067792062464768,0.006162766034937508,0.0032648285605631744,0.23949659922527883,0.34276464008443464,3.01033877321784e-06,0.001149282910444234,1.1804488236133386e-05,0.00012575795462296306,0.013370829174422158,2.1386393208720404e-05,0.0013233828272844839,0.17617477487650413
3,0.0002449483521145915,0.20411164542176205,0.0003834970290677931,6.167555530304059e-05,1.4467172190684494e-05,3.87332441937402e-06,9.045106160969836e-05,0.00012117216138457982,0.00041995830051452365,0.0010193463876544439,0.0001305536170061118,0.00493341950489162,0.0002671260122588662,0.004040378462959866,0.002486480291961113,0.2379367632237437,0.40063049694833597,2.9655411595418416e-06,0.0012678184765489392,8.846980511417328e-06,0.00012675181207683116,0.012302841725187743,2.0249924647988122e-05,0.001258909610248661,0.12811536310244082
4,0.00026789079520314136,0.22238085237647928,0.0004347122628673867,6.57929010765598e-05,1.5607017058681136e-05,3.5316272677665704e-06,9.80282386214261e-05,0.00013037462066109326,0.0004428646086489953,0.0010642834829671897,0.0001404571279838541,0.005213356022160047,0.0003342915577259235,0.004859046806897721,0.0022274146216299923,0.22199550820303532,0.40108221653567516,3.4871727688500727e-06,0.0013094543328763218,1.0094450086352168e-05,0.0001521406978146718,0.013409605217745138,2.0308099581558368e-05,0.0013699676700361983,0.12296871355313141
5,0.00026128622117251753,0.20879006338353492,0.0004607754565192492,8.509924729860437e-05,1.7338460053007516e-05,4.315389892384332e-06,9.23918566479799e-05,0.00012537112273066533,0.00047009428327719733,0.0013121245818665155,0.00012924789322271536,0.004395504387489479,0.0003072697475758768,0.004735893378863821,0.0022296145097635655,0.2421329302005446,0.40856765646065585,4.622509972197286e-06,0.0014024681700041046,1.1643075509370873e-05,0.00015282578571970074,0.010572314758032093,2.86284522198211e-05,0.0016064163691505051,0.1121041042982835
6,0.0002449483521145915,0.20411164542176205,0.0003834970290677931,6.167555530304059e-05,1.4467172190684494e-05,3.87332441937402e-06,9.045106160969836e-05,0.00012117216138457982,0.00041995830051452365,0.0010193463876544439,0.0001305536170061118,0.00493341950489162,0.0002671260122588662,0.004040378462959866,0.002486480291961113,0.2379367632237437,0.40063049694833597,2.9655411595418416e-06,0.0012678184765489392,8.846980511417328e-06,0.00012675181207683116,0.012302841725187743,2.0249924647988122e-05,0.001258909610248661,0.12811536310244082
7,0.000666248475563314,0.24452051133080369,0.0005377995769058922,6.957155453674302e-05,1.1495259224134773e-05,3.4702216304070524e-06,0.00013871521042826179,0.00018507747496585502,0.0003104214630935203,0.0008802835466455466,0.00023382641068297024,0.005588792158561669,0.0008663810952913882,0.002945078621871313,0.0025191342450632246,0.22175381713287085,0.414407284007469,4.484187296720632e-06,0.0019869717865264964,9.951889947484633e-06,0.00016992758681872038,0.024093586965670426,1.1689683333015578e-05,0.0010037815839550226,0.07708169853084444
8,0.0002493018765774353,0.2136277552779544,0.00031994259482834205,6.028987211408417e-05,1.3876451569745444e-05,4.239445586662194e-06,0.00011662646854419741,0.00015112185246798413,0.0004229303041555403,0.0009604658646980548,0.00015277595606344295,0.00518257278261798,0.00029692607855887743,0.003830151171789256,0.002784238660633296,0.2423950053477254,0.3927939822922627,3.2654403237973277e-06,0.0017176031010403985,8.355243535327278e-06,0.00014525881284391015,0.015791947437615285,1.782296931868361e-05,0.0010018321987135754,0.11795171249846159
9,0.00036695778258523674,0.2050172190732554,0.00026497122020157645,6.0816402949396264e-05,1.587751940660509e-05,5.100366567813279e-06,0.0001617111114639756,0.00016543503733993476,0.0004230639401314862,0.0006567121539162317,0.00022097901657706093,0.006628091790578805,0.00034183468685523513,0.0030197338179704263,0.003522728086422467,0.21296862088727447,0.426842338774306,3.195278424750489e-06,0.0020399091137589084,6.4849026253687245e-06,0.0001506991936796277,0.02205780790833126,1.6684596581292523e-05,0.0008593379288843533,0.11418368940991225
10,0.0002449483521145915,0.20411164542176205,0.0003834970290677931,6.167555530304059e-05,1.4467172190684494e-05,3.87332441937402e-06,9.045106160969836e-05,0.00012117216138457982,0.00041995830051452365,0.0010193463876544439,0.0001305536170061118,0.00493341950489162,0.0002671260122588662,0.004040378462959866,0.002486480291961113,0.2379367632237437,0.40063049694833597,2.9655411595418416e-06,0.0012678184765489392,8.846980511417328e-06,0.00012675181207683116,0.012302841725187743,2.0249924647988122e-05,0.001258909610248661,0.12811536310244082
11,0.0002777957493597035,0.20573916548373544,0.0004091334396362086,6.467811562604282e-05,1.4965122464402732e-05,3.7221260200241716e-06,9.86862243082552e-05,0.00012440394887740025,0.00042272209953381066,0.0009660467546923253,0.00013840566148676041,0.0053517057307393544,0.0003218778030258892,0.004025729734129572,0.002390060641749658,0.23773633552999215,0.4024741479803139,3.1772559684030983e-06,0.0012985527540343828,9.472195004154577e-06,0.00013511886861971995,0.01315200236433231,1.9912704389247134e-05,0.0013873402378642482,0.12343484147409654
12,0.0001680802406998094,0.10939214839847793,0.0007192823676579021,2.8245271824642254e-05,8.832496087075768e-05,4.395208274483655e-06,5.3344391227016735e-05,5.113399692423438e-05,0.0007026092477806222,0.0009343572746555856,0.00015683801586569078,0.0040754089040852415,9.565395518100875e-05,0.01048209622468647,0.0011472807402398747,0.09350613740567847,0.5255520244860814,2.3384188876583122e-06,0.0002169115646549717,1.5795116345426047e-05,0.00019102394975150408,0.005309469657832903,4.881545015640516e-05,0.002729691240516338,0.2443285935116436
13,0.0002524542323184934,0.20692930817847716,0.00037762946417267896,5.9873724861756116e-05,1.4658827526892679e-05,3.6970536746971454e-06,9.010791732377762e-05,0.00012719231263094436,0.0004130328716168885,0.0009662365838670519,0.00014125346492088498,0.005262064147159665,0.0002692063154452321,0.0042088206697447495,0.002561183143186549,0.22928976365256057,0.4014346859162972,2.897244101461779e-06,0.0012422607801832585,8.668651514033135e-06,0.0001268922874111661,0.013096002556889304,1.901272352107947e-05,0.0012014701590299947,0.13190162712156442
14,0.000198557502416288,0.3388787828521577,0.00029601068258319486,6.964722402126049e-05,1.9274148152434225e-05,2.448405532737648e-06,6.7220154151403e-05,8.522465632804009e-05,0.0002907051252119605,0.0010880513010170768,0.00014269580558154426,0.0029651691747805973,0.0003276725555800068,0.00406061979517298,0.0015204467004921278,0.13108746713529582,0.43148301760646446,3.4444089945919323e-06,0.0017805793846438682,7.4002384850517025e-06,0.00020172653802331757,0.012108399004151706,1.6996428762285138e-05,0.0012003768336753503,0.07209806633832407
15,0.0002449483521145915,0.20411164542176205,0.0003834970290677931,6.167555530304059e-05,1.4467172190684494e-05,3.87332441937402e-06,9.045106160969836e-05,0.00012117216138457982,0.00041995830051452365,0.0010193463876544439,0.0001305536170061118,0.00493341950489162,0.0002671260122588662,0.004040378462959866,0.002486480291961113,0.2379367632237437,0.40063049694833597,2.9655411595418416e-06,0.0012678184765489392,8.846980511417328e-06,0.00012675181207683116,0.012302841725187743,2.0249924647988122e-05,0.001258909610248661,0.12811536310244082
16,0.0002649683793629435,0.22667908310443055,0.00023830076567480673,5.279753329380887e-05,1.2542490524124435e-05,3.2321393291964568e-06,9.90236357698813e-05,0.00015884442749344535,0.0003735896854764934,0.0007089444415798134,0.00018455098540032044,0.007877679064959406,0.0002542887793842318,0.0043612135708669016,0.0035030640244360033,0.20958037504661384,0.3725812442453501,2.5132979001191853e-06,0.001492229033155251,6.053426674460738e-06,0.00010984639609059174,0.020765974264051076,1.2797885087856821e-05,0.0007914513172668782,0.14988539205982776
17,0.00028359329384135257,0.20595061460413544,0.00041204932006445714,5.9597320014861546e-05,1.7633539227794424e-05,3.658292451867694e-06,0.00010476290415380084,0.00011987322696734091,0.0004500163494131398,0.0008611490802726495,0.0001533414947342032,0.005795513629652344,0.00029815041446161543,0.004588162249761603,0.002132505637039028,0.20345998876411686,0.4277797212474469,3.1997921245832924e-06,0.0011670687150919978,8.797364690343808e-06,0.0001526928057621869,0.013079082473348026,2.1463257025894486e-05,0.0014270623683307192,0.13167030185587109
18,0.0003231708953164482,0.24298008384933156,0.00040746776101242154,9.741988390136594e-05,1.707860456872891e-05,4.940278363396255e-06,9.693910171070975e-05,0.00015744489690141443,0.0004745837066069122,0.0012615611357774349,0.00015489304934960616,0.004629709716682023,0.00036168317580947387,0.0038360092056585198,0.0028211823924149284,0.23014858919481923,0.3966905840867403,3.809291508200375e-06,0.0015380016148057922,1.0022042536566356e-05,0.0001229717674754425,0.015275953919925488,2.0938650085877547e-05,0.0012155065410318622,0.09734945523766632
19,0.00019335958663571498,0.25121789799282407,0.000356907090329032,0.00010184433340664994,1.8284424506179686e-05,5.874339156581428e-06,8.929459355274839e-05,0.00011680207024845598,0.0006342594094672834,0.0015510136748723567,9.204653472027494e-05,0.005289684176350439,0.00026450691794361063,0.004189309246441908,0.0030419162632475474,0.2510634653232055,0.3379117371316918,2.3671493373449765e-06,0.0011626406855288725,1.0203906894192398e-05,7.834233085498167e-05,0.013972955278689454,2.0463450504988837e-05,0.001361888424170385,0.12725293566541948
20,0.0002794971216714484,0.28830638733689123,0.0003064089946185147,7.308228447010795e-05,1.5347856152856137e-05,4.469412331494028e-06,0.00010373237439662085,0.00019549597027716074,0.0005234517233876915,0.0012741797437688948,0.00019418542269853138,0.005207577146350604,0.00040352036569563283,0.005446786676657072,0.0036959547349320293,0.19293511886157466,0.35015573443568904,3.17615027197343e-06,0.0018938374756118077,1.0149206606890849e-05,0.00013868650833270628,0.02859033908161347,1.432799623940856e-05,0.0008814175851730139,0.11934713553458706
21,0.00032860887607281714,0.15642448254732355,0.0007296214303506899,4.2115134390036947e-05,1.1889769826056986e-05,1.3345294531882134e-06,7.68462483466272e-05,0.0001056374246726102,0.0002439570387281984,0.000612697645889984,0.00011263652535896377,0.007164964433539555,0.0003328754424977167,0.005221449114141622,0.0008644877743980912,0.24809486380388288,0.45686960711177116,4.282693708352904e-06,0.0005739277840858563,9.862922372562041e-06,0.0001696070316343219,0.006286766268094262,1.7429688418032553e-05,0.0017977130523725196,0.11390233570867032
22,0.00024815375649148944,0.1785868032620094,0.00040728290452621626,4.679583833916085e-05,9.033092003513414e-06,2.8936484204802812e-06,5.001799415803239e-05,0.00013533042809268326,0.00017171085207411848,0.0010402568690468562,0.00012003265622722343,0.0028433500405583645,0.00022375631328046538,0.0032260346385234824,0.0013399909434405608,0.179993624364529,0.5509903821872681,3.3869859155723403e-06,0.0009977949710956759,7.243472876816915e-06,0.00014538092244039349,0.010479051686996591,1.7067744954083078e-05,0.0006640313715498375,0.06825059305518172
23,0.0002449483521145915,0.20411164542176205,0.0003834970290677931,6.167555530304059e-05,1.4467172190684494e-05,3.87332441937402e-06,9.045106160969836e-05,0.00012117216138457982,0.00041995830051452365,0.0010193463876544439,0.0001305536170061118,0.00493341950489162,0.0002671260122588662,0.004040378462959866,0.002486480291961113,0.2379367632237437,0.40063049694833597,2.9655411595418416e-06,0.0012678184765489392,8.846980511417328e-06,0.00012675181207683116,0.012302841725187743,2.0249924647988122e-05,0.001258909610248661,0.12811536310244082
24,0.00016319984568979819,0.2743922339227564,0.0002824003840370588,9.310581193714505e-05,1.2589444460759667e-05,3.0707063665857064e-06,7.409158827950136e-05,0.00011473457929766481,0.0003513492379263495,0.001278799880775006,9.147187211362117e-05,0.003574459369980317,0.00024189129110991302,0.004212102999484054,0.002233040152530913,0.213428307271851,0.3954576111022796,3.256892462976972e-06,0.0017070023889834975,7.619351655592174e-06,0.00012374156095467924,0.010748608025309999,2.099229338723841e-05,0.0010537333822758367,0.0903305866440945
25,0.00034284638932209946,0.159241750377283,0.0004159680010344961,5.566647897459495e-05,2.3780944188819594e-05,3.128679682700131e-06,0.00015659110513751505,0.0003488801331359574,0.0003231229716332939,0.0006098004144939724,0.0003099634416865323,0.008595470192096447,0.0003240654679364571,0.005771338420550703,0.0016880710174855555,0.20697233230998316,0.49283088520524165,6.283365481894368e-06,0.0011444435153819927,1.1548502967870407e-05,0.0002420818097530903,0.01585311060163014,1.8069690167699063e-05,0.000856686436270208,0.1038541145284801
26,5.347008964901374e-05,0.26018731790303234,1.469230359401111e-05,1.0154031321455754e-05,1.2030783702655517e-06,1.8678894836464085e-06,0.0001276616973216785,0.0007689339030027277,4.3894526554948884e-05,0.00022401712945441452,0.0002939670667669889,0.008901925817561173,0.00013144700779421244,0.0010720314676887757,0.01619423045937183,0.19270212440460424,0.24639352967683026,2.1690347772120337e-07,0.005435026962076361,8.681074201983616e-07,4.425703684298243e-05,0.1785615943464389,3.3920642412122807e-07,1.0095227617982546e-05,0.08882513375729971
27,0.00027901384826201195,0.2416149982303032,0.0003049976035336336,7.837758425146924e-05,1.9331125576162697e-05,7.198993147914388e-06,0.00012002052612897923,0.0001650743652430175,0.000907908721490362,0.0013326598219628497,0.0001695017814277509,0.006509089040752378,0.0003236355587123581,0.004510601832708229,0.004649142870658498,0.2554306748939703,0.2821935639888936,2.803563281636971e-06,0.0018419609078917432,1.0241413198345369e-05,0.00010114269237328578,0.025133933098160543,1.8746626234121908e-05,0.0014185638836423612,0.1728568170281952
28,0.0002449483521145915,0.20411164542176205,0.0003834970290677931,6.167555530304059e-05,1.4467172190684494e-05,3.87332441937402e-06,9.045106160969836e-05,0.00012117216138457982,0.00041995830051452365,0.0010193463876544439,0.0001305536170061118,0.00493341950489162,0.0002671260122588662,0.004040378462959866,0.002486480291961113,0.2379367632237437,0.40063049694833597,2.9655411595418416e-06,0.0012678184765489392,8.846980511417328e-06,0.00012675181207683116,0.012302841725187743,2.0249924647988122e-05,0.001258909610248661,0.12811536310244082
29,0.0002449483521145915,0.20411164542176205,0.0003834970290677931,6.167555530304059e-05,1.4467172190684494e-05,3.87332441937402e-06,9.045106160969836e-05,0.00012117216138457982,0.00041995830051452365,0.0010193463876544439,0.0001305536170061118,0.00493341950489162,0.0002671260122588662,0.004040378462959866,0.002486480291961113,0.2379367632237437,0.40063049694833597,2.9655411595418416e-06,0.0012678184765489392,8.846980511417328e-06,0.00012675181207683116,0.012302841725187743,2.0249924647988122e-05,0.001258909610248661,0.12811536310244082
30,0.0002449483521145915,0.20411164542176205,0.0003834970290677931,6.167555530304059e-05,1.4467172190684494e-05,3.87332441937402e-06,9.045106160969836e-05,0.00012117216138457982,0.00041995830051452365,0.0010193463876544439,0.0001305536170061118,0.00493341950489162,0.0002671260122588662,0.004040378462959866,0.002486480291961113,0.2379367632237437,0.40063049694833597,2.9655411595418416e-06,0.0012678184765489392,8.846980511417328e-06,0.00012675181207683116,0.012302841725187743,2.0249924647988122e-05,0.001258909610248661,0.12811536310244082
31,0.0002612079937229789,0.17047925112041926,0.0005005834665234108,4.573203467680291e-05,7.94816127592457e-06,2.2788246472949875e-06,7.058385872703544e-05,0.0001740662849467573,0.00021495425772967967,0.0009405869553278856,0.00010040227444011182,0.004093915906764354,0.00024398798619307895,0.0035554957955788416,0.001200059028746284,0.27552371099039896,0.4466229103863599,3.8136179633990235e-06,0.0009548673768501277,7.566095625599716e-06,0.00014395299680553948,0.008734787258612221,1.546223884922474e-05,0.0008358453832733877,0.08526602970554203
32,0.00023485473511524572,0.19769820724184992,0.00035500466939255996,6.504603559910433e-05,1.4269456032569424e-05,4.140032573935301e-06,9.838414934930213e-05,0.00012401123452437409,0.0004153857952796015,0.0010456433203850535,0.0001322302017429926,0.004615758799410636,0.0002767269416061626,0.0037209664997111046,0.0027133775933949208,0.2509107669876785,0.39974561207520776,3.178572485827323e-06,0.0016183761362765967,8.834572390779704e-06,0.00014034339170675391,0.012663324572625366,2.1172976021003916e-05,0.0012469526810656205,0.12212743132857422
33,0.0002916334228648454,0.1850120022177996,0.0002512545365338232,5.462217695448223e-05,9.185402138600329e-06,1.8658774430086239e-06,8.947597793180926e-05,0.0001333963826031874,0.00016242266479571057,0.00042478930708853767,0.00013898239242330612,0.006339002595842407,0.00032774730249009924,0.002235380604484442,0.0013939423143361138,0.21215158557290584,0.5065711373310057,2.7689300437730536e-06,0.001194943068493928,5.10955098547849e-06,0.00012058355818443146,0.013318785841535868,1.1115315891336839e-05,0.0008290538299643678,0.06892921382525931
34,0.001980402949673804,0.17898216908935743,0.0008074083718099648,0.00013110267103203107,2.989536924612817e-05,6.841707237713697e-06,0.0002441577151933906,0.00021939946082208617,0.0008003797069073197,0.0008317422799023781,0.000529455453343416,0.006932776061176792,0.0010920270738966364,0.0034635557931617586,0.005851181752088322,0.23473358288557458,0.4166756113785537,1.0881099354415753e-05,0.004012438018457901,1.1090298350993022e-05,0.0003192011634118606,0.026252618437169237,3.2435347615222337e-05,0.002362433729777983,0.11368721218688474
35,0.0005376649438068774,0.15060483129539087,0.00024130600178534628,5.477566183974835e-05,5.293934311124163e-06,4.913788327697761e-06,0.00011706752048851205,0.00023304162513575075,0.00034249512914662856,0.0007578572280613316,0.00012317811487015285,0.0070009445940584,0.0004040947486939392,0.0013914190548559688,0.0014969371199619883,0.43560079745561786,0.31222762729539016,5.6943746105734515e-06,0.002226086447681914,4.908235610158976e-06,8.219358015973536e-05,0.023052165164649592,1.0513013035620698e-05,0.0008714349294102024,0.06260275874309974
36,0.00030782417279711185,0.13953947792554316,0.0010136156238456143,6.40885367434829e-05,0.00019836979586946543,5.68865810613437e-06,0.00014894286337776124,1.817761688816749e-05,0.0008689096720813414,0.0005582641105080574,0.0003791947194543438,0.0033395632660312012,0.00033433638372467375,0.004415887460916381,0.0033247931828405295,0.09430151014642377,0.42359574761403157,2.586800564036828e-06,0.001136768185017921,1.879440333854233e-05,0.0006167168424905185,0.003216305853206219,0.0001068375947077715,0.014890612993583905,0.30759698557790843
37,0.0004116996939864208,0.17803661906025137,0.000709995775771433,5.353559624705372e-05,2.093230328240285e-05,2.8136262953744807e-06,0.00011694635938210211,8.28212670462319e-05,0.0004829760729627029,0.0007619887691811152,0.00014265689027406634,0.006560360152128858,0.00042257581856272716,0.004834579049189381,0.001374757577518597,0.21628079802880035,0.43718874496105703,4.168654051301992e-06,0.0008833688689511005,1.108506654006911e-05,0.00019517161531417166,0.009077306382530832,2.588298262958482e-05,0.0027643880501797935,0.139553827377866
38,0.00022596880011094666,0.09814399587496572,0.0002871536128670175,5.843641294094022e-05,5.959693888568808e-06,6.213547187309443e-06,0.00013469734040850854,0.0001152498987454838,0.00023235253798345286,0.000902773856449044,7.650364530675887e-05,0.0028821084977207084,0.00028643656267902733,0.0011550822313997956,0.002782937831369998,0.45559673406968954,0.3589883714687999,3.6408288282356055e-06,0.0024686365065710444,7.91207833543952e-06,0.00011563018145050997,0.008859028664929724,2.0275431787415584e-05,0.0008415791938879812,0.06580232123169687
39,0.0002113641532465897,0.1001113645626468,0.00027990686453441163,3.052335339224364e-05,6.169928883460426e-06,3.5847340103284037e-06,0.00010176075640405906,0.00018095121164193984,0.00016007825474915154,0.0005110656747127672,9.924369812235976e-05,0.00535366723999669,0.0002007704132644182,0.001501088652140565,0.00143308204411443,0.3579688255424934,0.4370668249960218,2.1852778229809356e-06,0.0010121781713566386,5.815124644263375e-06,0.00010850250819379451,0.011129166189831079,1.1402485991397703e-05,0.0006169834144455874,0.08189349474733884
40,0.00024013335995052976,0.20313105471921766,0.0003804616703072617,6.26917782090145e-05,1.4398373265108845e-05,3.889838620501408e-06,9.05372088608437e-05,0.00012128379280217436,0.00042132078666791347,0.0010406875758162118,0.0001284895940845691,0.004819736404939769,0.0002657352617602778,0.004020501894929323,0.00247342498246993,0.24206162485339927,0.3994038650386015,3.0476815267535825e-06,0.0013038628548083884,8.944182969044612e-06,0.0001279074737928265,0.012050810893172245,2.0723310738497804e-05,0.001274860289501149,0.1265300061795891
41,0.0003027172768702883,0.20169250647871173,0.0004134153515499045,0.00015195019731188743,3.7955856927071455e-05,1.1153277014508511e-05,0.00010921242201816875,0.00013015224784335838,0.0011021064532359705,0.0016006726771336992,0.00016869434429941276,0.0060373220712652735,0.00022833504957996213,0.003939535490519706,0.0078041358611759615,0.25792971443202284,0.3192812446287792,2.7157024802658864e-06,0.0014834991347790307,1.136568170579884e-05,7.183322183593005e-05,0.013590336012249392,3.2307944810895496e-05,0.001761460601862476,0.18210565758401737
42,0.0002990235273486615,0.16748373981717313,0.001271846724507041,7.795266344712573e-05,3.933261293909046e-05,3.2581981519059963e-06,0.00010121838977167741,5.8530217256575344e-05,0.0009165936780957625,0.0013265007685471124,0.00014236768361116647,0.004857410112059882,0.00021016194721124598,0.015457003892536044,0.0016212587683626612,0.1561384249704369,0.3988082076138654,8.152944166641543e-06,0.0006264182639847749,1.7302773132491317e-05,0.00030534874340166243,0.0027009802636306975,0.00011042852741204605,0.004959623386280679,0.24245891351266977
43,0.00017792431285489231,0.19803044992209798,0.0003415110359242379,8.232751790718755e-05,1.4200809297162938e-05,1.0928787390077712e-05,9.502490553870338e-05,0.00018867747104372017,0.0006166523623985486,0.002690442579814886,0.0001108060982006585,0.0027356338152609186,0.0002619935381720475,0.0034675533344395884,0.004215231662123973,0.33620597362073346,0.3189665854989162,3.494920046540699e-06,0.002482521229868768,1.321481227214572e-05,0.00013415631798865426,0.017949782482303417,2.4166453053553385e-05,0.0009876096676525138,0.11019313684470014
44,0.0002449483521145915,0.20411164542176205,0.0003834970290677931,6.167555530304059e-05,1.4467172190684494e-05,3.87332441937402e-06,9.045106160969836e-05,0.00012117216138457982,0.00041995830051452365,0.0010193463876544439,0.0001305536170061118,0.00493341950489162,0.0002671260122588662,0.004040378462959866,0.002486480291961113,0.2379367632237437,0.40063049694833597,2.9655411595418416e-06,0.0012678184765489392,8.846980511417328e-06,0.00012675181207683116,0.012302841725187743,2.0249924647988122e-05,0.001258909610248661,0.12811536310244082
45,0.00023361285337156868,0.21605786638268698,0.0004019466095058511,5.353887341240973e-05,1.3221051267438516e-05,3.1699852734089682e-06,7.53485356736812e-05,0.00010755229620986535,0.000370890051342815,0.0010094757677755735,0.00012329440199141217,0.004618160353946141,0.00024911201235404347,0.004491100877287938,0.0019814264306034363,0.21073726355791933,0.4187637188798707,2.8905088637094902e-06,0.0010961162345767537,8.158458412248149e-06,0.00013454968869805562,0.011152642625476937,1.9811571218610878e-05,0.0012449445891156278,0.12705018740314553
46,0.000246410940819473,0.23189176692786925,0.000585737823200446,7.74997458087439e-05,2.2670546176880746e-05,5.6202414765661036e-06,0.00012438322532623553,0.0001447116608121757,0.0010534703468676177,0.0020269836834573662,0.0001524877258265651,0.004547517876644438,0.00034198984952071626,0.008373977072161955,0.0032498647676429395,0.2641324873384573,0.28400673829142276,5.316503151825452e-06,0.001804292441757495,1.656950190541315e-05,0.00019995044434216626,0.01246159114796758,3.222378796650807e-05,0.0021003052039614057,0.18239543290545632
47,0.0002478850402482979,0.20694508142530468,0.0003718117025851186,5.994353389208228e-05,1.3834125294389167e-05,3.7716562578367223e-06,8.956073193000549e-05,0.00012065657581692202,0.00040829754205735653,0.0009858961017371467,0.00012895254397195054,0.005040301763852318,0.0002698309900087871,0.003879584543691716,0.0024437505841745865,0.23851245310296001,0.3987091323686073,2.849958101197004e-06,0.0012496145230158772,8.516953192395251e-06,0.00012126194727114351,0.012702519089018535,1.903317195633503e-05,0.0012268052569514997,0.1264386547681025
48,0.0004970212069062463,0.12728731585312994,0.0011130499946057461,6.389692561906206e-05,4.6843024405694186e-05,6.977408186545384e-06,0.00015493841557811982,0.00013185679839428473,0.0018247359570444683,0.0013878169332358318,0.0002907799540175804,0.007976060441218498,0.0004726724792797681,0.009875963265564358,0.004308923200939123,0.27050494982843326,0.23027914431104118,5.5908295463116735e-06,0.0010608077821816014,2.7235582800981407e-05,0.00021391425497668638,0.01253852075990549,3.633814555399071e-05,0.0045847306444125715,0.3253099160030227
49,0.0003143715266825077,0.19381380045914345,0.0005167505015460708,5.8505611488921804e-05,1.591133651297586e-05,4.840124599748252e-06,8.868556374191168e-05,0.00014175134107554448,0.0004453385801507566,0.0010364205794976202,0.00014757468105612584,0.006215635122046388,0.00029249711937785993,0.00421968942121605,0.001974827840975672,0.23211023344714393,0.41439767955585083,3.1064882008904898e-06,0.0008434450430093815,1.0312922855642532e-05,0.0001172880704058064,0.013146799213555918,1.995282858570174e-05,0.001324155729968236,0.12874042689131204
50,0.00020999089113845796,0.22068466734815978,0.00036130260219781004,5.965446882733219e-05,1.3279962320733799e-05,4.073336836941871e-06,9.860571583352624e-05,0.00014088853814379316,0.0004409612842110901,0.0012244926803100379,0.0001210476033167842,0.004691957644349875,0.0002744613873439043,0.004349907164196276,0.0026014672815892377,0.24740255354022797,0.3723793888267076,2.8527773360230876e-06,0.0014926028260605823,8.96634953538532e-06,0.0001338735030084818,0.014272267937362547,1.7896813092237795e-05,0.0010598632765099212,0.12795297624138355
51,9.469407139727034e-05,0.7329554025703058,9.566220768453372e-05,8.739661646717425e-05,3.6744396977172783e-06,8.102257760854828e-07,1.4339075122994716e-05,0.0001610615826572865,0.00012653929394924966,0.0010792521583955386,5.8613956875611484e-05,0.002806412150506491,0.00015255433385001702,0.004275708433569782,0.001360492487469288,0.05589643472938118,0.14992223026237403,1.101066832915716e-06,0.0007031640911229218,2.1533074197837305e-06,2.516073310012178e-05,0.017996916632781353,2.497739191858053e-06,0.00012824647086837266,0.03204948136320264
52,0.0002421992397093634,0.1842005565074837,0.0003057026379340928,0.00012164903842447226,8.001768253679574e-06,7.3756032042619885e-06,6.874827942677989e-05,0.0002094552094615873,0.0005315166418112491,0.0033035098448875515,0.0001018769219996529,0.002570341413842305,0.0003698663725077487,0.0032677124172600567,0.0046087477785880515,0.4565638744140456,0.2479176794310877,7.494315113851083e-06,0.0034213920054532135,1.5881939459711223e-05,8.507116465689993e-05,0.016834987562584232,2.079474036858272e-05,0.000954129147089677,0.074261435605346
53,0.0002131158216213327,0.13506187635726977,0.0003101281522045889,4.7297668978134124e-05,1.4718854334727863e-05,4.8876855591973405e-06,0.00021619320219269973,0.00013303042989031268,0.0005459517914482327,0.0005578783738611964,0.00013463956413876138,0.008525214645792508,0.00022013771702177228,0.003712236922816617,0.003029672261491997,0.3002518748006271,0.35253309718932396,2.7256278139504677e-06,0.001131560266391058,8.85435522620785e-06,0.00012029264082868621,0.01020222281271339,2.4904813884542922e-05,0.0012239573226997418,0.18177353072186953
54,9.378971528255119e-05,0.21134421913414328,0.0002678952791766052,2.7484600786704917e-05,8.398840045191194e-06,2.114314935514679e-06,5.1065856863391e-05,8.12690739314096e-05,0.000465717058927943,0.0009874217920830821,6.389583834448625e-05,0.006599473964798595,0.00011219300204177598,0.005603301797525058,0.0025735924289638956,0.2641400274564565,0.22926117657078512,1.0085068231328112e-06,0.0005704401889741566,6.464883040922832e-06,4.904493290002172e-05,0.00903858250917658,9.906863677503208e-06,0.0009376211415782864,0.26770389424873825
55,0.00026479893819271786,0.19251451278419232,0.00039743784161345216,6.514896692415205e-05,1.6601334237972347e-05,4.117126369447872e-06,0.00010897061271004379,0.00011624624300632255,0.0005013085248570408,0.0009084361603409233,0.00013670154750525075,0.006165343602739694,0.000283498373013356,0.00408023234585839,0.0025005049018607633,0.2508624107902068,0.3837936200133925,3.121374467006232e-06,0.0012448068123231135,9.104293828084716e-06,0.00012608820151670228,0.011891551999275043,2.2091489150035715e-05,0.0015590295680820935,0.1424243161543367
56,0.00026078407743199963,0.2077035952278538,0.00038883329392766714,6.304439988124837e-05,1.4644719546751815e-05,3.828304091337344e-06,9.543789663319906e-05,0.00012410849668735653,0.0004202205349052809,0.000989290064940655,0.0001362690255765491,0.005169642454284723,0.0002934992582872996,0.004037947410937602,0.002438576043088454,0.23471824893671792,0.40234902019852375,3.085516317662837e-06,0.001309292189615972,9.012421641349686e-06,0.00013213838685330513,0.012972549098066267,2.001319531892727e-05,0.0012946212748056515,0.12505229757406525
57,0.00020438115475835674,0.21362631822933026,0.000310184258472177,4.814227801257977e-05,9.213921835038306e-06,2.4745595849675936e-06,0.00010413431227564351,0.00011723410506977639,0.000281279919616973,0.0007899950520942965,0.00010999435815554673,0.004899304422767521,0.0003419248239788248,0.0028768325394209265,0.0018670124258027413,0.26757747780035396,0.38758199127712,2.5624107568129677e-06,0.002015657703003627,6.3609622291067455e-06,0.00016484641084147663,0.01363389643308621,1.2321898483003217e-05,0.0010709057195043535,0.10234555302344593
58,0.00026168054168789964,0.19568779238553857,0.000442510933069373,6.90483212173189e-05,1.946324941242145e-05,4.1737077129357465e-06,0.00010487960431448188,0.00010097382411018299,0.0005222597939517384,0.001012305159577035,0.00013905504330372106,0.005244435552937353,0.0003206808365250153,0.00417958500035238,0.0024195751566568444,0.2445307076827159,0.39015029169195375,3.3875602775309043e-06,0.0013677306206829952,1.0940655972012061e-05,0.00015470060863024762,0.011042155982069307,2.6157187676758114e-05,0.002054523875374286,0.14013098502428
59,0.00024320670884372115,0.19439539790542434,0.0004908094528996628,6.14758189914125e-05,1.765635032696823e-05,3.832182101603327e-06,8.896934091117457e-05,9.89059125967281e-05,0.00046919583849334355,0.001092329042378283,0.00012290414837390576,0.004685144973037951,0.00028765840123724784,0.004367853819419338,0.0020385214669058167,0.2418358389642005,0.401062283346024,3.248278972295982e-06,0.001129588367072222,1.0937146033415072e-05,0.00015106751252286042,0.009790303830752568,2.496601272050069e-05,0.0018962742291456164,0.13563163095061462
60,0.0002449483521145915,0.20411164542176205,0.0003834970290677931,6.167555530304059e-05,1.4467172190684494e-05,3.87332441937402e-06,9.045106160969836e-05,0.00012117216138457982,0.00041995830051452365,0.0010193463876544439,0.0001305536170061118,0.00493341950489162,0.0002671260122588662,0.004040378462959866,0.002486480291961113,0.2379367632237437,0.40063049694833597,2.9655411595418416e-06,0.0012678184765489392,8.846980511417328e-06,0.00012675181207683116,0.012302841725187743,2.0249924647988122e-05,0.001258909610248661,0.12811536310244082
61,0.0002650567997772188,0.19595356091729468,0.0005387613860213885,6.338560306965463e-05,1.881514518391483e-05,4.053281928110533e-06,9.163825633501005e-05,0.00010229592847505802,0.0005157105935022526,0.0011566784625940808,0.00012856029398745174,0.0048181792878109996,0.0003012427179308447,0.0046141537693495695,0.0020408099929363744,0.2411448905570704,0.39400248313446085,3.4573573329865396e-06,0.0011359206238634534,1.1308726651703396e-05,0.00015804415979925218,0.009968787842291837,2.618030564260311e-05,0.0020469510571267022,0.14088907379956353
62,0.0002449483521145915,0.20411164542176205,0.0003834970290677931,6.167555530304059e-05,1.4467172190684494e-05,3.87332441937402e-06,9.045106160969836e-05,0.00012117216138457982,0.00041995830051452365,0.0010193463876544439,0.0001305536170061118,0.00493341950489162,0.0002671260122588662,0.004040378462959866,0.002486480291961113,0.2379367632237437,0.40063049694833597,2.9655411595418416e-06,0.0012678184765489392,8.846980511417328e-06,0.00012675181207683116,0.012302841725187743,2.0249924647988122e-05,0.001258909610248661,0.12811536310244082
63,0.00022644814914789504,0.23009701600554597,0.00034854890682179665,6.0013983314784865e-05,1.282262989051735e-05,3.4558865050598203e-06,7.932404628643123e-05,0.00011763574000671623,0.00038236337310088025,0.001037115344827587,0.00011985522814081955,0.004687861033851729,0.0002557155853424125,0.003964656516892232,0.0023523755708544083,0.2252102278211605,0.39495386452033904,2.685320125624018e-06,0.0012544917974607651,7.968178188482106e-06,0.00011738237382428584,0.012625622841113857,1.8057265505552392e-05,0.0011416854034415644,0.12092280647831115
64,0.0002493208942032961,0.19380176669742463,0.00044695823610683164,5.393658347007621e-05,1.4607067898318704e-05,3.2553467096890654e-06,9.92984745516901e-05,0.0001158983531961957,0.00036261997949888126,0.0009364473502885338,0.0001313232250583716,0.0044576887944920394,0.00029526782249616535,0.004242315896517648,0.0019024335208983382,0.2245886963452563,0.4372188716886418,3.4110289832347597e-06,0.0013349001254799263,8.995736994650703e-06,0.00018970019317587694,0.010784901578943299,2.177567709212568e-05,0.0013401461725318837,0.11739546321009031
65,0.00023195270209921783,0.03496317791360576,7.701007870094148e-05,0.00011186745824674877,9.411768301932637e-06,1.3378993849784079e-05,0.00018247684106339896,9.186424051103013e-05,8.760394535259995e-05,0.00023402118939560868,0.00013494525880273378,0.0022660339101793583,0.00011033805812740499,0.00021086847691895633,0.005699453140252485,0.3067568046901204,0.6073098853227185,3.4421543401138084e-06,0.004913552886298203,2.5053480759376197e-06,9.29157524961787e-05,0.00551383138310269,4.060340606543866e-05,0.0004091952619531559,0.030532859819421408
66,0.0002114077846903544,0.20607951278140807,0.0003052818073532745,6.345759468747629e-05,1.426956073846584e-05,4.270326017397521e-06,8.048717872718845e-05,9.943137792932555e-05,0.0004321932972242589,0.000975829024479747,0.00012253465851613769,0.004669915794572941,0.0002069590707974327,0.0037909461603474626,0.0028558560823049163,0.21835717622985348,0.40825913730594127,2.5236067082299454e-06,0.0013217709860730022,7.361922288192894e-06,0.00011184994535334402,0.01168486154933107,2.372337418498942e-05,0.001278688051230059,0.13904055452924177
67,0.0002140667384672643,0.12932239178683644,0.0006689603235789016,6.119942708324196e-05,1.1805587517216038e-05,3.002019601739938e-06,6.621979049957633e-05,8.751722353562783e-05,0.00021408903675264158,0.001087211688359668,9.000982026147045e-05,0.0025101743613331366,0.0002377710307772664,0.0038115260977090682,0.0012135871188459133,0.22830193863523982,0.5415001205268993,4.718194679235795e-06,0.0009178821110265043,1.2000898795654012e-05,0.00021202480888238222,0.004447644354671368,4.0117010549343865e-05,0.0015030186788013568,0.08346100272929577
68,0.0002187378503915438,0.1762827407107666,0.0010814648414762932,7.557453701070297e-05,3.316236282350068e-05,5.503882216667464e-06,9.761243011352206e-05,6.905605901892069e-05,0.0013976315208976918,0.001779768756334618,0.00010443946875703092,0.006792384754023367,0.00024703802863361354,0.012182165327923305,0.0021445583012212246,0.20345643997826965,0.2875456827060493,3.3167103436417167e-06,0.0004833795010645084,2.0446662355514884e-05,0.00012362274488975924,0.005696906319145613,5.1719755569492576e-05,0.0042273283405205725,0.29587931845018345
69,0.0002164299006085065,0.18031537109479542,0.0005070907569547453,5.6339840924354785e-05,1.3883585938669558e-05,3.6411207986414534e-06,9.229769992227478e-05,0.00013635808067987502,0.00040738831128798336,0.0012088479697257072,0.00011783691274041023,0.004541074218052778,0.0002606960611549691,0.0051523002043606355,0.0019432252358991128,0.26432881528185653,0.39732574166247414,3.895317796355062e-06,0.0011814084589066665,1.1301296427345749e-05,0.00017231544717964675,0.009519824796693756,2.420866503226491e-05,0.0013584750363600812,0.1311012330434292
70,0.00041409935056393977,0.19658250844183311,0.0011986514195140951,0.0002443524808537327,0.00015429824643219288,1.0003989750249154e-05,0.0002323934392318957,0.00013398321696353414,0.0021725199850426372,0.0011867515827347261,0.0002748008414393757,0.008912299715855327,0.0003331944440038219,0.01384663511761499,0.00552806929845054,0.11201601342834154,0.39178068161885643,3.746813072010582e-06,0.0006603794248004052,2.186318517213987e-05,0.00018293292144518398,0.009010418762204209,7.970773083119565e-05,0.003316163821050486,0.25170353072394225
71,0.00022384104575999357,0.2091436540741929,0.0004133503760285639,6.1007738768839574e-05,1.612584676735266e-05,3.786679560680761e-06,9.53734196177059e-05,0.0001240390188984325,0.00047606631448623364,0.0011088203683611894,0.00012575447645712243,0.00490514173485645,0.0002645101315382847,0.004822273072608837,0.0022996794264738365,0.24029205635969006,0.3861320735448403,3.2288463952997757e-06,0.001222103581782185,1.0026459122068514e-05,0.00014166629814873469,0.011510932171750416,2.1818188628280896e-05,0.0013693642165116555,0.1352133066087546
72,0.0002558409216766305,0.20995503929416381,0.0003961763936474165,6.280794211642143e-05,1.6072954659594186e-05,3.655664558143491e-06,8.286904533450687e-05,0.00011405383845677951,0.00043912656959889834,0.0010058637137220305,0.0001405913465702779,0.005049988003651441,0.0002588270207512891,0.004525091159995868,0.0023941321025040254,0.2158913097513614,0.40758630360205866,3.066756363416811e-06,0.0011982251742464983,8.706409514698007e-06,0.0001321939072153745,0.011942706432508799,2.211026492223998e-05,0.001413048447696777,0.13710219328270498
