,0,1,2,3,4,5,6,7,8,9,10,11,12,13,14,15,16,17,18,19,20,21,22,23,24
0,0.0008497767967672782,8.991392408143354e-05,2.3565881167092432e-06,0.00026776734849317765,2.5479641567240543e-06,0.24910358386558193,0.0008570207532630113,0.0001839637956088959,0.0008982060347966718,3.175596532669763e-05,3.9333463664926804e-05,0.0012414313570218065,0.0008448270433290601,0.0011349612505017414,8.040559958255678e-06,0.019705088944697073,0.6792474789105631,0.001969980635068657,0.0001676420433721866,0.0002850754975447013,7.242964612555144e-05,8.616416582931874e-05,0.042581896492988276,1.5397190523410186e-06,0.00032721723409057866
1,0.0010464630682494418,0.0001236812341242976,1.9798187522580765e-06,0.00027643834686839176,2.7938740039067232e-06,0.12994768069935023,0.0007000729259859663,0.00015588731698813445,0.001518922070811673,2.8110700434513613e-05,3.917300647862549e-05,0.0009357483811525218,0.0009461124005064409,0.0010411994726413035,4.962626708474164e-06,0.015267346053691582,0.8185021840891618,0.0018423435538602343,9.149099027928055e-05,0.00011874403985710671,3.3196267908023076e-05,6.863053540602988e-05,0.02697662639451947,1.3961611042129877e-06,0.00032881597115603936
2,0.001273653014200263,0.00012845599059007948,2.463202405801115e-06,0.00032487818631158396,4.462776106643445e-06,0.1345663150129075,0.0009700785969828242,0.000190758558592115,0.0020661139093729854,3.8807302240450674e-05,5.3302764780605265e-05,0.001055779006465972,0.0007839948494725636,0.0020764674048062244,1.0083050095222873e-05,0.012816146377009839,0.7784190555132522,0.002600449557311289,0.00012332185447318334,0.000262969000359713,5.9088724056108094e-05,0.00015281540705871393,0.06118657051222361,2.4178179610973137e-06,0.0008315516109635988
3,0.000943436720302141,0.0001148479272692204,1.9485075667418084e-06,0.0002746206425865085,2.625207823472615e-06,0.1243585942418906,0.0006443433734103065,0.0001223366258739906,0.0010451240949178433,2.1524764384632165e-05,4.576001357302225e-05,0.0011360458143314376,0.0007929628896080547,0.001326891870985467,5.762061539468013e-06,0.01091922280461442,0.8225044957346124,0.002084672495467455,8.103205736932668e-05,0.00011598561705395415,4.3958232349540244e-05,7.69615522292493e-05,0.03294914206594249,1.4277639419013725e-06,0.00038627692035635505
4,0.0008082135351079558,0.00011412453586517358,1.8598176461692052e-06,0.00028368692797649877,2.6500245998100485e-06,0.11201401034350186,0.0006046125755519723,0.00011381189345127721,0.0009336625490204581,1.980088476007018e-05,4.923247137817146e-05,0.0012933613914637902,0.0009345754493009115,0.0014242091377634834,4.90836289313377e-06,0.010609468649298908,0.837852111944831,0.00207331446484966,7.728677393928254e-05,0.00010466297202527529,4.2615480620244156e-05,7.48754231403032e-05,0.030222885416071536,1.2670708049301562e-06,0.0003387919041382791
5,0.0010642334860225544,8.374754630732267e-05,1.9138057864667654e-06,0.0003316763920059624,2.3017020489435533e-06,0.09616513058146388,0.0006098429478493227,0.00012135795061155212,0.0009729567137488252,2.436246861129735e-05,4.456003257411181e-05,0.0011746103212206547,0.0007178880785806137,0.0014722028003622493,4.698209869167038e-06,0.01050072522561669,0.8494214617607442,0.003237649661092564,5.9089016253110765e-05,0.0001399927274464054,4.53211099042637e-05,7.466620162617099e-05,0.03330219537019234,1.854184823091544e-06,0.00042556170523818943
6,0.000943436720302141,0.0001148479272692204,1.9485075667418084e-06,0.0002746206425865085,2.625207823472615e-06,0.1243585942418906,0.0006443433734103065,0.0001223366258739906,0.0010451240949178433,2.1524764384632165e-05,4.576001357302225e-05,0.0011360458143314376,0.0007929628896080547,0.001326891870985467,5.762061539468013e-06,0.01091922280461442,0.8225044957346124,0.002084672495467455,8.103205736932668e-05,0.00011598561705395415,4.3958232349540244e-05,7.69615522292493e-05,0.03294914206594249,1.4277639419013725e-06,0.00038627692035635505
7,0.0014613696111731977,0.00017512741989090223,3.7641006866399108e-06,0.00026531751337904034,3.0943602259437302e-06,0.11300497813337856,0.0005683712570550861,0.00014952740360822344,0.000747264915090485,1.597615201986265e-05,6.091909971734984e-05,0.0014001858634900605,0.001680696846526538,0.0008381518947725429,4.054272691051381e-06,0.00955608356960082,0.850139230327394,0.001969277242864135,0.00014091448414027712,8.078593672015521e-05,3.7533188109630826e-05,5.5776313694350304e-05,0.017437241791279316,1.1811412527310222e-06,0.00020317716123908501
8,0.0012451836661037914,0.0001255007097454362,2.428254512514485e-06,0.00035959267242108344,3.2440408296493558e-06,0.12054866830154694,0.000766730071588251,0.00012252977046253277,0.001592250393039069,3.266820852097565e-05,5.993078487858765e-05,0.0009016782615782401,0.000641568391206107,0.001953378478293778,9.704725238735097e-06,0.010086241657184985,0.8121690433110891,0.0025604246043402033,6.849847857446705e-05,0.0001470861835008165,5.211982182555231e-05,0.00010707142197119675,0.045730195077941065,3.248625631096924e-06,0.00071101408797575
9,0.0009033032350700626,0.00014270728643295862,1.5925315183968508e-06,0.0002337992036281271,3.0035355498241493e-06,0.12882059236876342,0.0008344404398796078,0.00012371154935864954,0.00098453856528867,1.798272453403547e-05,4.1746640047627565e-05,0.001554593335665454,0.000889423672674054,0.001204276520078297,5.1988554103533365e-06,0.012678975384059201,0.8188013371600056,0.0021692246775761605,0.00010106821607683534,9.754667724901208e-05,4.449197422671836e-05,7.157514728084359e-05,0.029866245414324612,8.539304923846871e-07,0.0004077709548090805
10,0.000943436720302141,0.0001148479272692204,1.9485075667418084e-06,0.0002746206425865085,2.625207823472615e-06,0.1243585942418906,0.0006443433734103065,0.0001223366258739906,0.0010451240949178433,2.1524764384632165e-05,4.576001357302225e-05,0.0011360458143314376,0.0007929628896080547,0.001326891870985467,5.762061539468013e-06,0.01091922280461442,0.8225044957346124,0.002084672495467455,8.103205736932668e-05,0.00011598561705395415,4.3958232349540244e-05,7.69615522292493e-05,0.03294914206594249,1.4277639419013725e-06,0.00038627692035635505
11,0.0008656342105610041,0.0001112386532771421,1.8850191771240712e-06,0.00026865243081686946,2.4696963750404563e-06,0.11921741586005084,0.0006125091205867446,0.00012434823141045748,0.0009438714552794006,1.96950472309955e-05,4.423901040487423e-05,0.0011720542196494777,0.0008560110350462519,0.0012395891964433131,5.218462012017996e-06,0.01089848254372457,0.8307855369236626,0.001955355601660682,8.185521545343627e-05,0.00010763890734190277,4.1311503685022284e-05,7.260184020653873e-05,0.03023835124880846,1.2579445444950853e-06,0.0003327766225906159
12,0.0005054169463460759,1.1620891658216535e-05,7.968575015221477e-07,5.738702189500049e-05,3.164875996696637e-08,0.01984448048834308,0.00011627261714838589,0.00029287261330773143,0.0003862138821497103,1.0189614982498296e-05,7.822294342667294e-06,5.0446010282124074e-05,0.0003608328786926144,2.1152272455586734e-05,1.6432696058684404e-06,0.00421040908901138,0.9724975674190243,7.394970239368012e-05,5.3091584090001806e-05,7.687574427503933e-06,2.8079475066583813e-06,5.3280856987622615e-05,0.0014262962195466034,6.315073023042866e-07,7.098792238849583e-06
13,0.0009204893013563006,0.00011547543391850742,1.9420119999020657e-06,0.0002786970178529256,2.667040973464141e-06,0.12304444726891892,0.0006295248494723906,0.0001178362025500371,0.0010184297575110395,2.074448562109016e-05,4.858001369608462e-05,0.0011552537920664614,0.00081993976605774,0.001353196718576565,5.76000227860083e-06,0.010811542592797407,0.8236285221876135,0.0020577961177473776,7.977779709948548e-05,0.0001118357218645845,4.396977778956064e-05,7.50474277572651e-05,0.03328122097023152,1.4263058997515614e-06,0.00037587743834944083
14,0.0010302264637745582,0.0002333244605460539,2.276245504095724e-06,0.00020957570491979713,4.335500979879725e-06,0.19842880083048842,0.0006771397903707211,9.046903001650334e-05,0.000707952737915754,1.8995649887731842e-05,7.60138076979891e-05,0.0024537113190029464,0.0012811525196333952,0.001665562373584855,6.172244170028185e-06,0.013699179156939833,0.7480046458269392,0.002115764119105508,0.00017552785577920567,0.00010457388164630481,6.341621507319769e-05,7.344957236283502e-05,0.028554904463980787,9.984298348132807e-07,0.00032183179984558084
15,0.000943436720302141,0.0001148479272692204,1.9485075667418084e-06,0.0002746206425865085,2.625207823472615e-06,0.1243585942418906,0.0006443433734103065,0.0001223366258739906,0.0010451240949178433,2.1524764384632165e-05,4.576001357302225e-05,0.0011360458143314376,0.0007929628896080547,0.001326891870985467,5.762061539468013e-06,0.01091922280461442,0.8225044957346124,0.002084672495467455,8.103205736932668e-05,0.00011598561705395415,4.3958232349540244e-05,7.69615522292493e-05,0.03294914206594249,1.4277639419013725e-06,0.00038627692035635505
16,0.0009489087135156844,0.00010139791642359507,1.6546170703308573e-06,0.0002756617964147452,2.3600698229693035e-06,0.1088150743855716,0.000657238259340629,0.0001043706941970403,0.0008862207133749236,2.496886673497684e-05,4.435728251996364e-05,0.0014076835039190168,0.000685582995368263,0.0015542322464298197,4.961941194078964e-06,0.010787038795832477,0.8376074927374154,0.0029511541500931177,6.912388828499917e-05,0.0001259315951268349,5.506724600984416e-05,8.20039788964499e-05,0.03234149873995692,1.4229682035118609e-06,0.0004645918982826632
17,0.0009700391186523249,9.745727244699228e-05,1.5495105723901764e-06,0.00023562991050879515,2.2902722640607256e-06,0.07616714699061759,0.000528134570420242,0.00011542036735237674,0.0007333788599560585,1.678932450458704e-05,4.125728582783665e-05,0.0017816272601416131,0.000825688974358201,0.0014907468231470722,3.4476318630303618e-06,0.008680583465394288,0.8707539678505059,0.003224982330702974,7.649479259116821e-05,0.00011679476502053495,4.8395400373674264e-05,8.215782708503283e-05,0.0335785065191805,1.0058390382277594e-06,0.00042650703747474294
18,0.0010689276838178974,0.0001653668949679488,4.268883109713408e-06,0.00047108079625379973,5.678521593440476e-06,0.2480526294085832,0.0008192219985672791,0.00017107615752917654,0.001160978569988604,2.0974012562577385e-05,7.063825990269062e-05,0.0009764978925238869,0.0012958937050769365,0.0011866290989185765,1.0323666963634877e-05,0.017229213400158153,0.6885242854747486,0.0014621499596635622,0.0001256120266256018,0.00013139908427892459,5.395537870095849e-05,5.1397348070732694e-05,0.03668729760751266,1.7902866994578308e-06,0.0002527138831819322
19,0.0009166281945336345,0.00012963791648943327,2.442738990311716e-06,0.0003317881211654611,3.846342479456641e-06,0.11810353171167429,0.0007334909478960884,0.00016186513002912158,0.0010430409181262886,1.896275805179549e-05,4.742774441584425e-05,0.0015818853589333998,0.0011955061262985864,0.0013540976986111276,5.052938007474687e-06,0.012471283339900977,0.8290859911839853,0.00234358359052368,0.00010095399370348921,0.00013019763324541666,4.429650051293482e-05,7.642981719497885e-05,0.029780403846472726,1.1443178929041769e-06,0.00033651113086538944
20,0.000643256299599037,0.00010175768066666773,2.1395281119104283e-06,0.0003149621553309216,2.5122483725264403e-06,0.15429625478869258,0.000911691653901438,0.00015740275781674478,0.0011323458950404071,2.277966668408737e-05,4.9980851402962224e-05,0.0007495213415075545,0.0006663078856961876,0.0013267251010799016,1.2940293581100258e-05,0.01017890209799109,0.7788161690995608,0.0011971484997330044,9.077134017557067e-05,0.00013772845791888173,5.681532921397032e-05,0.00012003984817332044,0.04856396135756109,1.7918647614635285e-06,0.00044609395742699874
21,0.0013982135750912393,0.0001519274105392111,2.258229509923226e-06,0.00032889884973649617,4.014329365232106e-06,0.12020295356851511,0.000587882647344574,0.00010556182800364879,0.000919850658408855,3.2056201450339076e-05,6.711700203629216e-05,0.002061693006594779,0.0009457418709642493,0.0019728738005218146,4.878855771138374e-06,0.013306846115575942,0.8191530500584514,0.00397420195136553,9.418225940820763e-05,0.0001442557724169639,7.831906449065708e-05,7.72493412807432e-05,0.0339015858939078,1.7080380305136578e-06,0.00048267967121930287
22,0.0007887463781045907,6.241698270109967e-05,1.5823336189023633e-06,0.0002487258639737109,1.2452545237241262e-06,0.08742746817228943,0.0003563347191984049,8.690961755611501e-05,0.0005183957685075295,1.9197575647853633e-05,3.721491461504631e-05,0.0009756568396007248,0.0005895389552752455,0.0009920716166475412,3.250444897059261e-06,0.008339499043798182,0.8758583036662958,0.0022390740093806046,4.5408741537230914e-05,8.632859685806467e-05,4.002717136838762e-05,5.614007084135321e-05,0.02100427874586768,1.2179048013905042e-06,0.00022096661209443534
23,0.000943436720302141,0.0001148479272692204,1.9485075667418084e-06,0.0002746206425865085,2.625207823472615e-06,0.1243585942418906,0.0006443433734103065,0.0001223366258739906,0.0010451240949178433,2.1524764384632165e-05,4.576001357302225e-05,0.0011360458143314376,0.0007929628896080547,0.001326891870985467,5.762061539468013e-06,0.01091922280461442,0.8225044957346124,0.002084672495467455,8.103205736932668e-05,0.00011598561705395415,4.3958232349540244e-05,7.69615522292493e-05,0.03294914206594249,1.4277639419013725e-06,0.00038627692035635505
24,0.0007927313729446842,0.0001273020688647912,2.1895139840593904e-06,0.0004108900373935254,4.861692931190629e-06,0.1215662781167339,0.0006848021687232242,0.00013032593967138374,0.0010227817603133337,2.1182735610571335e-05,6.052714877665301e-05,0.0018573822051490114,0.0013018066252695312,0.002190411469007823,5.0302469789177124e-06,0.015061032760926392,0.8129189392129257,0.002855950001787787,8.326919987097271e-05,0.00013871702532277066,4.975915768618963e-05,7.29629352763458e-05,0.03825640391495505,1.281494458674143e-06,0.00038318119443743974
25,0.0010301723144684335,8.011427543166169e-05,1.990019693029218e-06,0.0003623212303457905,2.5433344328368273e-06,0.08168156218642436,0.0006652781935969564,0.0001481901827284952,0.0006973027718192357,1.8591755149998263e-05,5.8223584605219006e-05,0.001267130775629557,0.001129017681913635,0.0011924254228161983,4.423820756603366e-06,0.0120822350476965,0.8627103707149513,0.0028162756166965363,8.019436882332537e-05,0.00011489454051796864,4.7117704752337295e-05,6.315553971188979e-05,0.03344194918455362,1.2294019917749997e-06,0.00030329033049276993
26,0.0002520423975559037,0.00016589566191081443,2.1031745105060337e-06,0.00018196698954973814,4.196154026305747e-06,0.21413428048306787,0.001378259264744271,4.297171276084247e-05,9.099202260695847e-05,4.3418794802464305e-05,6.521379171076211e-05,0.012382329479461787,0.0014914115386193175,0.006633604043683868,4.35716420672804e-06,0.019445342597775753,0.7255635465289688,0.006499954926563316,0.0002539472056348022,0.0001217941334370107,0.00023743771164831098,0.00020774480523514866,0.010329162611019344,1.3586150197660405e-07,0.000467890944997334
27,0.0007729924137457603,0.00010887140253385807,1.6566893854978234e-06,0.00025678114391100695,2.5754037283603222e-06,0.1271867548031962,0.0008335124518650673,0.00013169777109991649,0.0017963394484281608,2.925853974754135e-05,4.344792049007869e-05,0.0007722559745552344,0.0006184917485101058,0.0015254906281452847,9.021725488783808e-06,0.010368929509098101,0.8104389346690913,0.0015192856604125354,7.785904652802705e-05,0.00014854651372676848,3.9564218618095296e-05,0.0001275960712082918,0.04261583802533893,2.0232813280522117e-06,0.0005722749398190035
28,0.000943436720302141,0.0001148479272692204,1.9485075667418084e-06,0.0002746206425865085,2.625207823472615e-06,0.1243585942418906,0.0006443433734103065,0.0001223366258739906,0.0010451240949178433,2.1524764384632165e-05,4.576001357302225e-05,0.0011360458143314376,0.0007929628896080547,0.001326891870985467,5.762061539468013e-06,0.01091922280461442,0.8225044957346124,0.002084672495467455,8.103205736932668e-05,0.00011598561705395415,4.3958232349540244e-05,7.69615522292493e-05,0.03294914206594249,1.4277639419013725e-06,0.00038627692035635505
29,0.000943436720302141,0.0001148479272692204,1.9485075667418084e-06,0.0002746206425865085,2.625207823472615e-06,0.1243585942418906,0.0006443433734103065,0.0001223366258739906,0.0010451240949178433,2.1524764384632165e-05,4.576001357302225e-05,0.0011360458143314376,0.0007929628896080547,0.001326891870985467,5.762061539468013e-06,0.01091922280461442,0.8225044957346124,0.002084672495467455,8.103205736932668e-05,0.00011598561705395415,4.3958232349540244e-05,7.69615522292493e-05,0.03294914206594249,1.4277639419013725e-06,0.00038627692035635505
30,0.000943436720302141,0.0001148479272692204,1.9485075667418084e-06,0.0002746206425865085,2.625207823472615e-06,0.1243585942418906,0.0006443433734103065,0.0001223366258739906,0.0010451240949178433,2.1524764384632165e-05,4.576001357302225e-05,0.0011360458143314376,0.0007929628896080547,0.001326891870985467,5.762061539468013e-06,0.01091922280461442,0.8225044957346124,0.002084672495467455,8.103205736932668e-05,0.00011598561705395415,4.3958232349540244e-05,7.69615522292493e-05,0.03294914206594249,1.4277639419013725e-06,0.00038627692035635505
31,0.002008628786897144,0.00011629632767617839,2.8381790841437425e-06,0.0002691945323859059,2.771715682907425e-06,0.07670578332247277,0.0005764665907901068,0.00021604444684973477,0.0008734389316337143,1.8028441481053715e-05,3.6955329457728074e-05,0.0015629808879409623,0.0010597127850725892,0.0009396740383204976,3.413733882312185e-06,0.009659868552989033,0.871799796747384,0.0037839163139730147,0.0001230822003189836,0.00013664952423971983,4.632264295569973e-05,7.050134395144166e-05,0.029579829780618506,1.1904295855710426e-06,0.0004066144143563783
32,0.0009642380822155932,0.00012155129522768326,2.0674141686345793e-06,0.00026169300963604827,2.778821107996983e-06,0.13133454526213595,0.000671474046501421,0.00013426767492894458,0.0010167413113926146,2.1827274512087865e-05,4.682400742663581e-05,0.001218933472767871,0.0008503316764310895,0.0013316703029013124,6.1337033627632465e-06,0.011413092289352444,0.8136303525541049,0.0020408757418281607,9.979874440736024e-05,0.00012615521424219666,4.700398605201951e-05,8.457899186542885e-05,0.034182388885181124,1.34974431627783e-06,0.00038932649393347936
33,0.00035913268372771156,4.292575523775452e-05,6.94347526510236e-07,0.0001132577677431434,5.714347687399145e-07,0.049051241151704075,0.0002666778239611226,6.508928072527e-05,0.00032970001258807424,1.0410079853803137e-05,1.7517080805064495e-05,0.0011098385946563716,0.0007683320359995754,0.000675189303092754,9.557555585378326e-07,0.007100175914103442,0.9310015685566427,0.0015560561562526522,3.652063933524742e-05,4.375593706105715e-05,1.1717348895952724e-05,4.909177067235014e-05,0.007292705206016122,3.426479684820345e-07,9.653271510350193e-05
34,0.003110431893670134,0.0002938938946986415,3.656631918004624e-06,0.00024329620955142268,5.515282252905371e-06,0.11205593484763095,0.0006895196828292556,0.00018455489382439676,0.002085673654765817,2.8424402566729207e-05,9.258249880199563e-05,0.0013781148976023088,0.0015363479747399873,0.001476236600822318,7.3672598350843855e-06,0.010033449543626892,0.8178225826636334,0.0024870454890320508,0.00025596524218055906,0.00013678900688591294,5.0461242378015184e-05,0.0001134432694416825,0.04522636201586689,2.5660066572866965e-06,0.0006797848947871728
35,0.002284513895576125,8.67581470651119e-05,1.32164988192546e-06,0.00014368827635831993,1.0469364966233988e-06,0.03940589273298358,0.00037324385546209346,0.00015003324232326447,0.0008191147899099081,1.956195727150123e-05,1.8473349809468766e-05,0.0011477515384392058,0.0006841158535788328,0.0004784058494953481,1.1894126808554735e-06,0.007490420000263098,0.9315184113349715,0.003891677519058271,6.880792361921229e-05,6.765488302449596e-05,2.149224603340228e-05,4.997872484556378e-05,0.010997045329378011,7.538012428573007e-07,0.00027864675023153354
36,0.012977166668545972,0.0011563095909236166,4.3986643494589654e-05,0.0018983553837360284,0.00013787268777785,0.5000377047472918,0.0025007863243871973,0.00015377287541246202,0.002041489451074221,0.00013653919404267906,0.000995151054078463,0.002086141301231915,0.001294967837030859,0.008031230058658127,0.00013130510820149406,0.01691996448204616,0.2047385652925286,0.010759382395540106,0.0005666325942061527,0.0006581100759074751,0.0016971792223302053,9.262312255474063e-05,0.2263301812631687,3.480920041823461e-05,0.0045797734254122745
37,0.0016920948891488486,9.355324520504723e-05,2.9569702405355877e-06,0.00038247163488283256,2.3581984028965425e-06,0.08523685740942726,0.0005115232174236315,0.000109583979493068,0.0007918279282888885,2.422684658476446e-05,6.280203110252339e-05,0.0011945467471843644,0.0008338904368876847,0.0014294057920069246,4.683304209254233e-06,0.00905261015701002,0.8659567129942747,0.004147239110056503,5.8732541702734846e-05,0.00012062859039415651,4.737764215082591e-05,6.281242757136858e-05,0.027786867532785108,2.9458518867114588e-06,0.00039129052167948827
38,0.0005823804985638383,7.882770777534702e-05,1.4489207225861902e-06,0.00020514188040654714,1.4835742366847956e-06,0.20371316392546013,0.0006243250066728587,0.00011031152374754835,0.0004559500679347629,1.3556207190628944e-05,3.865376964499895e-05,0.0010404097537426494,0.0008171738706103665,0.0007443170588566954,5.531024779835067e-06,0.016389396690176507,0.7434540543494915,0.0012379511724237024,0.00010145564389250452,9.40366220377691e-05,4.307152085677118e-05,4.476061958942057e-05,0.030035876793426668,7.742690670235201e-07,0.00016594752869239737
39,0.0007234135850073542,8.334813124114851e-05,1.6155585965759322e-06,0.00027215295617258193,2.0483878080108102e-06,0.12541789409850426,0.0006753329099794214,0.00014267018303521802,0.0008068511600519898,1.725548640281479e-05,3.595703641418511e-05,0.0010633644602991588,0.0007085137400251361,0.0010055467966930362,5.832249744153549e-06,0.011870407320293139,0.8169748566591878,0.0017370606825978289,7.966767706810569e-05,0.00011637939905171405,4.905574342058041e-05,7.103845345625995e-05,0.037800719731010735,1.0605230448264566e-06,0.0003379570708941578
40,0.0009718623832192358,0.00013239814185027495,2.2909862742819702e-06,0.00027724438693725313,3.0688916980590616e-06,0.13726619183790864,0.0006488041393265708,0.00012056617728445812,0.0010131485571107494,2.1668948242548304e-05,5.004279776622052e-05,0.0012867504916882543,0.000840099317691987,0.0014573273402913817,6.360674721980255e-06,0.010829387741416834,0.8096332626924656,0.0021435081877701793,9.139924360573824e-05,0.00012068265085209762,4.8443407814947336e-05,8.217699024089111e-05,0.032553897241480535,1.454275130720667e-06,0.0003979624972104881
41,0.0009215236427437705,0.000126432542881796,1.984578307244522e-06,0.0002848819197462249,2.8666856077402856e-06,0.1305842118271799,0.0006339187442286562,0.0001219558994026145,0.0011775364708176423,2.12957850492087e-05,4.565809410685881e-05,0.0010812856234697825,0.0008127774476617869,0.001301838005005685,5.80809019018506e-06,0.011151369143977395,0.817465273139774,0.001891190233665612,7.726865678194859e-05,0.0001075854266507545,4.08456894659138e-05,7.14480911385094e-05,0.03170333104817691,1.4305797394359422e-06,0.00036628263423001784
42,0.0007237822802894654,0.0001022055562653212,1.9074864411507488e-06,0.00016807788898337797,1.7331415639325304e-06,0.11802667718728044,0.000540893832650275,0.00016323030344986286,0.0007936735290940085,1.93442348147852e-05,2.9391059819924066e-05,0.0010825986228986996,0.0007983805598397633,0.0008342362373425224,4.884370740653909e-06,0.009526246607945486,0.8418630933380008,0.0012387418703104856,0.00013034837498024859,0.0001152253938703774,3.9770741942185966e-05,0.00011024840592976093,0.02342767696369141,7.910350591217527e-07,0.00025684097679586917
43,0.0009193028146721262,8.448252485027508e-05,2.018333622269145e-06,0.0002910395863153771,2.182376699332732e-06,0.16122032306016967,0.0007367799563374732,0.00018217895937262338,0.0019474248016637568,6.91940746887516e-05,3.360164792141768e-05,0.0005614951123296729,0.0005723115453416085,0.0013867071524438467,7.30562796714299e-06,0.014086911134725183,0.7792954529012084,0.0016743568381823247,8.894228666218443e-05,0.0002607648420811269,5.216404401022623e-05,0.00014308767353922807,0.035931600836967226,2.404342476274234e-06,0.00044796752575277315
44,0.000943436720302141,0.0001148479272692204,1.9485075667418084e-06,0.0002746206425865085,2.625207823472615e-06,0.1243585942418906,0.0006443433734103065,0.0001223366258739906,0.0010451240949178433,2.1524764384632165e-05,4.576001357302225e-05,0.0011360458143314376,0.0007929628896080547,0.001326891870985467,5.762061539468013e-06,0.01091922280461442,0.8225044957346124,0.002084672495467455,8.103205736932668e-05,0.00011598561705395415,4.3958232349540244e-05,7.69615522292493e-05,0.03294914206594249,1.4277639419013725e-06,0.00038627692035635505
45,0.0009546876051607388,0.00011595981028908455,1.9422827876207887e-06,0.0002732067905322468,2.64109284194878e-06,0.12261410953738537,0.0006361204823924831,0.0001207858665192894,0.0010483921081789352,2.162304450035036e-05,4.603426032686946e-05,0.0011565374168290689,0.0007927815757665246,0.0013469835816892302,5.661406622105023e-06,0.010785295747266005,0.8243053850358341,0.0021265414776459675,8.075179978575546e-05,0.0001158601993423063,4.4255977038317644e-05,7.748219073333355e-05,0.03293373628074595,1.4311690231703569e-06,0.0003917932607634076
46,0.0016584247424959913,0.00025413701739990973,3.5435369598697715e-06,0.0003849202060263099,9.041970282997444e-06,0.17859762649432928,0.0014166975634530264,0.0001595148866667559,0.0022802050087135733,4.2404232478185055e-05,8.753554167972924e-05,0.0016529745353145472,0.001139680576194224,0.0030064977646199675,1.3150473714272854e-05,0.01567037406276537,0.7283851829434939,0.003496821355427071,0.00017067418243431483,0.00023202227346408818,7.752686647218909e-05,0.00014094453144518045,0.05996958606694882,2.5972525013049184e-06,0.0011479159147191097
47,0.0004434894424132494,8.139332433026514e-05,2.628697276519281e-06,0.0013098210772606485,7.599417428509376e-06,0.25346703008485155,0.0008253272471871624,9.693786397177944e-05,0.001336334704433203,1.719548406594657e-05,0.00013408415908299843,0.0005934325296369764,0.0010254409398420307,0.003243493711742635,1.5887059591205965e-05,0.018948271944569956,0.594317810199365,0.0015846903491886968,3.083335974052857e-05,0.00013778581503863754,6.213179279164423e-05,3.075178795140509e-05,0.12194885975387885,3.4260500169632934e-06,0.00033534320434373344
48,0.004742132008294838,0.000356339833585735,6.954979331865444e-06,0.0017120941958214961,0.00013851432000436134,0.0747910994637607,0.00333851181247918,8.4739043311334e-05,0.013277995903945605,0.0003516239286576036,0.0004451249416544462,0.003019043622360894,0.0005648389571333858,0.061084889708970434,5.56974531729592e-05,0.014813933366551145,0.33535283344153927,0.04606437644691049,7.843031371235611e-05,0.0016977493479776243,0.0004221362675240272,0.0006507839568991225,0.39276127492388413,4.496421879758648e-05,0.044143917543719484
49,0.0006479616129687589,0.00010780415264295608,2.4652971079978032e-06,0.0002141581932442096,2.080528082017866e-06,0.13734759353830045,0.0004795226160676335,0.0001014872215654935,0.0005980169810600442,1.8512023457026914e-05,3.6757325428978043e-05,0.0015908410582127018,0.0007365457540409147,0.0012944314654711575,4.804983139011913e-06,0.008082109634125074,0.8261972827197118,0.0019364070016093604,8.544826683783098e-05,0.00011711011626631074,4.9245703305065675e-05,9.590397698426041e-05,0.01998971519700548,1.0115198037033469e-06,0.00026278311356189176
50,0.0009852488368019695,0.00011693482929805932,1.9679102195127304e-06,0.0002753289952895954,2.7127405982562143e-06,0.12280517404417159,0.0006916397741344006,0.0001276902856568638,0.0011038649232520306,2.3274425788938878e-05,4.579642789377479e-05,0.0011361141980314668,0.0008005100090327705,0.0013673646473760111,5.934217082173577e-06,0.01122515305658429,0.8227908286580354,0.002176639289216737,8.526448066590378e-05,0.00012247062546163508,4.481390320953495e-05,8.222886800486934e-05,0.03356054375438089,1.46363207605751e-06,0.0004210374677371341
51,0.0006894331023771642,0.00019143400376712196,2.0231206922187804e-06,0.00035359868364031227,2.6602600328345503e-06,0.08864003595723981,0.0002951890754078087,6.790512247235697e-05,0.001231796477438868,1.6155847586846277e-05,4.460041540762899e-05,0.0008123266239907672,0.0008587091297557884,0.0010762132938482367,2.8246780696756466e-06,0.005533466103906988,0.8888483530405201,0.0010857347192512825,2.6522774522587743e-05,3.0112441764901013e-05,2.231767403054881e-05,3.8111740042494456e-05,0.009985659807233111,1.2142697716193292e-06,0.00014360163722909025
52,0.0010734617333840715,7.265598557546903e-05,2.0371529966835957e-06,0.00033970951405588856,2.066642778973134e-06,0.11153478746246677,0.0005628722635272976,0.0001166061183329393,0.0009123080250383349,2.935645990751045e-05,4.86061418835372e-05,0.0009623868940602506,0.0008120969278668297,0.0013553803663591479,4.38449317004426e-06,0.013228421212727636,0.837079831719673,0.0030162979164574883,6.026680350733578e-05,0.0001436825365966709,3.7944415278375044e-05,6.469472797530282e-05,0.028229949706470886,2.0154500523332326e-06,0.0003081793298572539
53,0.0005363140238942077,6.800978059469795e-05,1.0295327973654557e-06,0.0004265325653436169,2.981788994671593e-06,0.13998321400719918,0.002311952515879434,0.00018228163241099977,0.002087594188276032,2.8544943768761817e-05,4.322407198736033e-05,0.0006584312648675028,0.0006946605364518048,0.0017382072656451518,1.3027721169581014e-05,0.02132459556068825,0.7444565028353393,0.0019216922279885287,6.368018529155708e-05,0.00020259826098881518,4.074934073567393e-05,9.709766179700046e-05,0.08230058703677307,1.8154149748221561e-06,0.0008146756361425821
54,0.001020355061947483,0.00023154073046095826,9.975388205451864e-07,0.0001404355775153847,2.7066724810126105e-06,0.10362380567502641,0.0008055520289539491,9.296687564227462e-05,0.00147467678169911,2.5137406803806817e-05,3.0426454641609048e-05,0.0019301884158938526,0.000670376413146824,0.0014322524208479018,4.027979335298708e-06,0.011676723415873107,0.8519887632644862,0.002384766099262783,9.707405218922748e-05,7.455919533308242e-05,3.643982067988623e-05,9.323010349090588e-05,0.021521112744267355,7.528750723325292e-07,0.0006411323961284702
55,0.0015858831836362173,0.00024722655571856233,1.776584650185842e-06,0.0002371287407229774,4.677680631737978e-06,0.08094307170877602,0.0007480892762386387,9.01973359396993e-05,0.0012891105746327845,1.7995448792849268e-05,5.298790980909872e-05,0.0033106078122310183,0.0009493463592918508,0.0015506892112984302,3.880395305398534e-06,0.010377855869067509,0.8692179863642883,0.004748380387222935,8.54061708147772e-05,8.17711209359699e-05,4.962927960576033e-05,6.472292566379592e-05,0.023645765257055393,1.1331014585044945e-06,0.0006946807462117051
56,0.0009193092722049623,0.00011771701874426916,1.97268789772281e-06,0.0002780370909452483,2.6862382605284665e-06,0.11840410832307277,0.0006324045685113949,0.00012324334870369752,0.0010034938299752088,2.0347934398924497e-05,4.777992452624144e-05,0.0012184902138260034,0.0008925120711303273,0.0013145221257983683,5.358914710269812e-06,0.010981557467467706,0.8305280447733095,0.0020929616740985933,8.314255693480857e-05,0.00010975511415677161,4.17919160198994e-05,7.389110797331227e-05,0.030750400174592088,1.3498836125845299e-06,0.0003551217691287637
57,0.0008943116794552916,0.0001435804425219956,2.5107456117210647e-06,0.0001695453786759351,3.0875175580255804e-06,0.13012239905914896,0.0005837380695419589,0.0001668108251485792,0.0006434894001997968,1.702194290425463e-05,3.705879973870329e-05,0.0024844187594528742,0.0011549518060666815,0.0011183309884132966,4.410859111399616e-06,0.011174160121237887,0.8227029688351543,0.0020889608191303178,0.0002146444842884774,0.0001494290289982949,5.8836919403140375e-05,0.00011608518335629809,0.02563428959225923,6.120076988345068e-07,0.0003143467349238934
58,0.0010094694481902612,0.00011233332852012447,2.116405712749594e-06,0.00028641679217084704,2.4931245710423328e-06,0.12420515802779213,0.0006345411013237527,0.00012210747027961854,0.0010717959942927952,2.2706242141433365e-05,4.962704801572233e-05,0.0010326873582840307,0.0007771371621236142,0.0012984548661059473,6.419239667438869e-06,0.010640250197918718,0.8229735052697379,0.0020454421589566974,7.865136537873582e-05,0.00011794038739703063,4.331721376330695e-05,7.874586984085118e-05,0.033001092989045466,1.8290938022825068e-06,0.00038576184496759593
59,0.0010118407852911615,0.00011003201818507135,2.257989079777372e-06,0.0003068663013653519,2.5447485458106277e-06,0.12347184773249159,0.00061415971847888,0.000120838128548502,0.001088946661023216,2.411635172853664e-05,5.1632040471744584e-05,0.001008844188548203,0.0007418133663770677,0.0013622674056962768,6.775042615083063e-06,0.010427982433500455,0.8235271391580766,0.0021226869901556744,7.295080073005988e-05,0.00012255931403138117,4.553387326880286e-05,7.999729170513005e-05,0.03328035738015292,2.0573952252459156e-06,0.0003939528847076479
60,0.000943436720302141,0.0001148479272692204,1.9485075667418084e-06,0.0002746206425865085,2.625207823472615e-06,0.1243585942418906,0.0006443433734103065,0.0001223366258739906,0.0010451240949178433,2.1524764384632165e-05,4.576001357302225e-05,0.0011360458143314376,0.0007929628896080547,0.001326891870985467,5.762061539468013e-06,0.01091922280461442,0.8225044957346124,0.002084672495467455,8.103205736932668e-05,0.00011598561705395415,4.3958232349540244e-05,7.69615522292493e-05,0.03294914206594249,1.4277639419013725e-06,0.00038627692035635505
61,0.001053389410401846,0.00010822418570816593,2.4145626093960556e-06,0.0003012626045646971,2.4704545848495163e-06,0.12588756730898523,0.000582108868682077,0.00012636001093298437,0.000998959338757106,2.2853049739862263e-05,4.9023115332444185e-05,0.001003245108525889,0.0007442631093657429,0.0012719197838712976,6.464556868670871e-06,0.010057252564783074,0.8231132721925458,0.0021153651703267537,7.631782337999794e-05,0.00012195288002511687,4.550975900872685e-05,7.715267385522724e-05,0.03186752272268421,1.9004193187465535e-06,0.00036322832514184335
62,0.000943436720302141,0.0001148479272692204,1.9485075667418084e-06,0.0002746206425865085,2.625207823472615e-06,0.1243585942418906,0.0006443433734103065,0.0001223366258739906,0.0010451240949178433,2.1524764384632165e-05,4.576001357302225e-05,0.0011360458143314376,0.0007929628896080547,0.001326891870985467,5.762061539468013e-06,0.01091922280461442,0.8225044957346124,0.002084672495467455,8.103205736932668e-05,0.00011598561705395415,4.3958232349540244e-05,7.69615522292493e-05,0.03294914206594249,1.4277639419013725e-06,0.00038627692035635505
63,0.0009694230442027401,0.00012480612530452602,1.957502216081256e-06,0.0002663926749477988,2.6860051903230988e-06,0.1242887380168354,0.0006450241940557093,0.00011991741192797594,0.0010806743681380337,2.147133531421468e-05,4.619417646951906e-05,0.0011541764898835964,0.0007945054091881699,0.0013173375206817109,5.798752991822223e-06,0.010625544918874151,0.8241310951961813,0.0020424985923554444,8.224521779384437e-05,0.00010991175180812622,4.3464915489221604e-05,7.739802444406603e-05,0.031655554710909056,1.4250625142599217e-06,0.00039175858228299946
64,0.0010335764862283658,0.0001285378371684857,2.2647297038579884e-06,0.00031079781628769827,3.026673469239733e-06,0.14067207646025373,0.0007063785832502329,0.0001345598071248059,0.0010438498721415767,2.343757348610395e-05,5.224571937254646e-05,0.0012014232385961802,0.0007767375631839878,0.0013392433669238582,7.3247280971034635e-06,0.011159897179823687,0.7997255701738474,0.0021035913189495193,9.249668603542593e-05,0.00012989985060029213,6.201080634492082e-05,8.178714931709545e-05,0.03878246685146081,1.6500764459934878e-06,0.0004251494518870574
65,0.0003915115750962817,0.00010094180468347095,4.152135527891014e-06,0.0003564587521059581,2.0465879708458964e-06,0.3350212716423028,0.0005441509338001732,0.00011535654002551654,0.0005268987805216385,1.1589088620166849e-05,5.547047321659379e-05,0.0004108747639817583,0.0005302205230635442,0.0008225185882467624,2.3694300817855892e-05,0.0070172299566854035,0.6142694767310211,0.0004113361221578594,7.503850818937445e-05,8.333969344872898e-05,6.263479694431386e-05,5.900165805482984e-05,0.038947969935557894,1.8720384419549528e-06,0.00015494406951731574
66,0.0009239828325988851,0.0001098448014810987,1.7242717742993902e-06,0.00022815159418869646,2.062768009142726e-06,0.1321011870042035,0.0006578465314434508,0.00013503804433564746,0.0010812476176398388,1.6948955217989963e-05,3.856742488300335e-05,0.0009274188234858055,0.0006996513672784022,0.001014443198376695,6.327013476879872e-06,0.00978481729406599,0.8141171774668533,0.001594068701879906,8.746674978078679e-05,0.00010794422029079173,3.766576762538818e-05,7.238706622904621e-05,0.0358927135979137,1.3188220497225996e-06,0.000359998064918028
67,0.0005253908898966717,7.204307041701787e-05,1.4657439841275578e-06,0.00024213053435155323,1.6686246165459072e-06,0.15283875647085923,0.0005509466456248001,8.444279988025773e-05,0.0006536480294745418,1.9410368671334914e-05,4.412709857539333e-05,0.0010911494927946434,0.0005579522410699346,0.0016447961342403326,6.702657904789388e-06,0.009527742567479076,0.7880744154382495,0.0017598578392436432,6.246318955245777e-05,0.00014342264446573226,5.390036200996851e-05,8.764466422496216e-05,0.041612815800906526,1.5191995817555213e-06,0.0003415874919251569
68,0.0007231819501924236,5.370180633566752e-05,1.5754514872338674e-06,0.00032118627076158454,1.5828563889164847e-06,0.08471473298061795,0.0005556288933467777,0.00011760633242742622,0.0005466871628712191,1.2855396647088933e-05,3.4901267550615665e-05,0.001397705295000213,0.0010355204139467474,0.0010764813596307525,2.3528824833988323e-06,0.01125055681658718,0.8669699309539854,0.0034334167119766034,5.289286470160094e-05,0.00010925716847091735,3.421269081126411e-05,3.950863667299977e-05,0.027281641501784026,8.448916442573792e-07,0.00023203744367761303
69,0.0010587531812295387,0.0001287615996033719,1.9571606795233197e-06,0.00030529878683025846,3.0914284068848852e-06,0.11437110124315136,0.0006967200438506534,0.0001254629781673147,0.0013060468908312846,2.2791294410723766e-05,4.687209748319005e-05,0.0010941881265831002,0.0007891632340289373,0.0013915815366252477,5.9497993954230114e-06,0.011326030927368882,0.831408967478079,0.002263813501839586,7.209027888687751e-05,0.00010568475208865092,4.0404842753956296e-05,7.451125625693796e-05,0.03290432330602375,1.5590012098675306e-06,0.00045487525421570544
70,0.00041972723035929414,5.166760094882439e-05,1.2936927116621122e-06,0.0003743107329027497,1.7951466381984301e-06,0.11761763248882019,0.0004845718824055886,0.00010514122482820087,0.0009530728399947902,1.6308412224799604e-05,3.162864528560411e-05,0.0007905226666946522,0.0007412894600482116,0.001248519439241816,3.537939340435568e-06,0.013064347618686106,0.8317196065064296,0.0016833958799620807,3.182754422695859e-05,0.00011377722892686316,2.5034293271996834e-05,4.3652097498748246e-05,0.030283983203120618,1.2293222973610039e-06,0.0001921269031345129
71,0.0013426951849730097,0.00012591924263353848,1.374655967175679e-06,0.00027433358150392463,3.3069564154079686e-06,0.08744862804244545,0.0006785986132009713,0.000123714698432972,0.0014771699848868188,2.424676456476711e-05,5.2206535473226606e-05,0.0013720356775067746,0.0008659458168022631,0.0014377699266505978,4.60914420049954e-06,0.013651866621027808,0.8474651080380381,0.0029939782274261894,7.794684406705081e-05,0.00012051287379666313,4.037001070398869e-05,7.091257575743962e-05,0.039811768203746635,1.583289888471773e-06,0.0005333984898900161
