,0,1,2,3,4,5,6,7,8,9,10,11,12,13,14,15,16,17,18,19,20,21,22,23,24
0,0.0002575737536084921,0.2716650574724398,0.00019283528183540352,6.962165139319785e-05,1.84392981433616e-05,7.301719624765758e-06,0.00013628622912988846,0.00016010972310814595,0.0011987238902002718,0.0011318412529396664,0.00017804281571345279,0.008786731412080072,0.0002976361986679188,0.003922619029075849,0.0065788928324324964,0.2516356494541787,0.21117276084536324,1.8760628600426008e-06,0.002053055449889842,7.242435195085945e-06,6.16883084993556e-05,0.035897296828736165,1.1171212696981108e-05,0.001144902714643451,0.2034126441275444
1,0.00020584863205026964,0.22894787345415887,0.00023781798661084625,6.955631889963715e-05,1.689092050064867e-05,1.00962568073018e-05,0.00015602933862958126,0.00018228005841619256,0.00200238197922518,0.0020540001556020207,0.0001399666173350964,0.006757701849503925,0.000329331273417535,0.004672156113765563,0.006921768302143454,0.34779156527379596,0.1399223944315762,2.613579156541449e-06,0.002898716731314534,1.0896702446399235e-05,7.080461132822418e-05,0.03339005658323102,1.2665115229475951e-05,0.0013992582717075226,0.22179732944314803
2,0.0002136427217000599,0.2650471078162596,0.00019272101658094945,6.541854405507217e-05,2.2489364607892886e-05,8.967448148890685e-06,0.00013312238667556318,0.00019131031875201538,0.0020516002587938286,0.001598382698318817,0.00020042267868849805,0.00873679138315911,0.00026502783257680306,0.006571840690881521,0.009324387564541873,0.23038651131266866,0.1450233893120774,1.972874927896743e-06,0.002006600586130112,1.0014559991395048e-05,5.869708442841651e-05,0.0427381554532413,1.1635413878164977e-05,0.0011445652533888793,0.28399522542552713
3,0.00025138379357824597,0.2802763283233937,0.00018773029102288143,6.965927267136793e-05,1.830683008784242e-05,8.565749652331112e-06,0.00013829417614151605,0.00017096587523015357,0.0015441843927801874,0.0013852766616459188,0.00018743675611038798,0.008316925607615704,0.000309463514199091,0.004611787207006159,0.007680627732475173,0.2455617284393567,0.17958086565124717,2.006325680327959e-06,0.002344510495770677,8.013762518062781e-06,6.197364650895787e-05,0.04225141181668107,1.1472117214723433e-05,0.001149329486225058,0.22387175207518656
4,0.00027656739483915825,0.3041016719785732,0.0002132374958932367,7.438035957702803e-05,1.977561242860592e-05,7.789168527637415e-06,0.00014944406378612651,0.00018354441660003784,0.00162980944576479,0.0014399051514829028,0.0002023441497891741,0.008755233017746293,0.00038752192316977304,0.0055494335069058,0.006840528909462569,0.22746218991520992,0.17923371189246828,2.3747600110157095e-06,0.0024138154618403053,9.1316508656362e-06,7.45372103671985e-05,0.045860647019124394,1.1547252056582735e-05,0.0012544021340639734,0.2138464561094465
5,0.0002732219521454499,0.29312502598306056,0.00022917046728130746,9.6916919442875e-05,2.2404397619279175e-05,9.578790652443568e-06,0.0001443133412985332,0.00017969450375059938,0.0017608835840802123,0.0017937757294485784,0.00019001604805160316,0.007597645953365686,0.0003642666309312578,0.005532951376794569,0.007001543540175134,0.25322720306507573,0.1863287312749484,3.1598120235250528e-06,0.002630900519473124,1.0732194629947018e-05,7.635840870627742e-05,0.03720423833133226,1.6355891610465982e-05,0.0014986033304372072,0.20068230795366496
6,0.00025138379357824597,0.2802763283233937,0.00018773029102288143,6.965927267136793e-05,1.830683008784242e-05,8.565749652331112e-06,0.00013829417614151605,0.00017096587523015357,0.0015441843927801874,0.0013852766616459188,0.00018743675611038798,0.008316925607615704,0.000309463514199091,0.004611787207006159,0.007680627732475173,0.2455617284393567,0.17958086565124717,2.006325680327959e-06,0.002344510495770677,8.013762518062781e-06,6.197364650895787e-05,0.04225141181668107,1.1472117214723433e-05,0.001149329486225058,0.22387175207518656
7,0.0006910997267278306,0.3404349729856321,0.00026148957495627785,8.058629277174111e-05,1.5869750848244934e-05,7.756845370560285e-06,0.00023448892559690268,0.00026125489314446663,0.0012161814146886153,0.0011559276231465016,0.00035566911437940143,0.009864050661579606,0.0010588667973112358,0.0034430905760862627,0.007792421054600532,0.22452561070128893,0.18304242618429345,3.156856778617005e-06,0.0038614231047747628,9.18832158608383e-06,8.799974346155422e-05,0.08412262307952069,6.732332375860268e-06,0.0009628334057519844,0.13650428003332765
8,0.00025421283771048304,0.29035535886405683,0.00015598714204021863,6.757009391862214e-05,1.7456754699550894e-05,9.285824375858811e-06,0.0001766162866165546,0.00021041013427884183,0.0015433086956774813,0.0012932389575959777,0.00021730760471866566,0.00866345205022765,0.00034141052422410943,0.004337551041237245,0.00848921322702412,0.24749129063059835,0.17446319626806803,2.1941707405813774e-06,0.003133665084749741,7.514605116420575e-06,7.03842186297243e-05,0.05348756063547147,1.0039194361162898e-05,0.0009113711308529333,0.20429040402300933
9,0.0003828773610183648,0.28288967508145885,0.0001316293550668555,6.943728371089773e-05,2.0869974653306545e-05,1.130801719450607e-05,0.00025859203663165537,0.00023282898364520826,0.001593039777107925,0.0008821143531293386,0.00032519162010634763,0.011386129475407401,0.00041026440559655854,0.0034794223374276087,0.01071261449868244,0.21757082842405986,0.19037635724563562,2.2242745573038036e-06,0.0038204618314796775,5.965383393708073e-06,7.579625613080515e-05,0.07562937275340789,9.526275409607522e-06,0.0008048258310708548,0.19891864716401741
10,0.00025138379357824597,0.2802763283233937,0.00018773029102288143,6.965927267136793e-05,1.830683008784242e-05,8.565749652331112e-06,0.00013829417614151605,0.00017096587523015357,0.0015441843927801874,0.0013852766616459188,0.00018743675611038798,0.008316925607615704,0.000309463514199091,0.004611787207006159,0.007680627732475173,0.2455617284393567,0.17958086565124717,2.006325680327959e-06,0.002344510495770677,8.013762518062781e-06,6.197364650895787e-05,0.04225141181668107,1.1472117214723433e-05,0.001149329486225058,0.22387175207518656
11,0.0002886146652637253,0.28337991839671695,0.00020231508018253114,7.366005905602734e-05,1.908909527212858e-05,8.27114353293202e-06,0.00015139796596660374,0.0001764286179587811,0.0015666848519170667,0.0013190428065634973,0.00020067961787349542,0.00903706740635103,0.000375646682293062,0.004639025475289707,0.007381102292142012,0.24505543556553888,0.18110900413833714,2.1830393289576627e-06,0.00241088951262319,8.63217226711157e-06,6.676940680322607e-05,0.045264881069196294,1.1413737759531869e-05,0.001277847265712575,0.21597399993605348
12,0.00018765997254521538,0.17062406708150654,0.0003715481879154178,3.47156773577033e-05,0.0001021384311499573,9.486980782750464e-06,8.517976268274844e-05,7.398490527702045e-05,0.0026253354519191713,0.0012960864893305074,0.0002163362390750264,0.0074345409423568695,0.00012630548145753503,0.01170016885201245,0.003736407909192419,0.10443379589143247,0.24243792704309075,1.508523338018869e-06,0.00041568056889351897,1.4247184335602796e-05,8.77819803146889e-05,0.019673999335995576,2.6137437367667898e-05,0.00257002733253493,0.4317149323381355
13,0.0002591741896274938,0.2829802360967021,0.000184746996522212,6.752059405999807e-05,1.852450535721952e-05,8.131880958607277e-06,0.0001372846879316026,0.0001787083973502177,0.001516517107826557,0.0013073176607232976,0.00020247942477984862,0.008825019259867764,0.0003117803486424348,0.004799019241145466,0.007851010102029994,0.23497145161173202,0.17908287376625726,1.9642882633983946e-06,0.00228771908734989,7.83794870822276e-06,6.203616318044195e-05,0.044748233652940415,1.0766449415529656e-05,0.0010974658050709395,0.22908218073355704
14,0.00021665771617116524,0.4766615486048292,0.00014726747023991924,8.116504742417502e-05,2.5627168698182628e-05,5.569051370004094e-06,0.00011584164833325425,0.00012092579762469447,0.001135709823875648,0.0014211960646358928,0.00021503735484179045,0.005318336247104338,0.00041537035801652634,0.004575305313608139,0.004761928360878049,0.1366626822177334,0.19297366604388771,2.4074546986734763e-06,0.003479383259020275,6.7961162984794415e-06,0.00010277072509900079,0.04303499085060569,9.760065596125165e-06,0.0011593582065336642,0.1273506990328761
15,0.00025138379357824597,0.2802763283233937,0.00018773029102288143,6.965927267136793e-05,1.830683008784242e-05,8.565749652331112e-06,0.00013829417614151605,0.00017096587523015357,0.0015441843927801874,0.0013852766616459188,0.00018743675611038798,0.008316925607615704,0.000309463514199091,0.004611787207006159,0.007680627732475173,0.2455617284393567,0.17958086565124717,2.006325680327959e-06,0.002344510495770677,8.013762518062781e-06,6.197364650895787e-05,0.04225141181668107,1.1472117214723433e-05,0.001149329486225058,0.22387175207518656
16,0.00026999778000221967,0.29209995984815207,0.000116988575922482,5.828338496015965e-05,1.4840513815285646e-05,6.908111460588525e-06,0.00014063121256377222,0.00021191564198016428,0.0012824035240374758,0.0009327346861846919,0.0002508151247385668,0.01237880169755191,0.0002842968545332083,0.00471589226395996,0.010045121361268543,0.20415514406079785,0.16154124977854847,1.6700153190387188e-06,0.0025670839251341233,5.218489611933654e-06,5.1393923682523915e-05,0.06611418596096133,7.0776857137793366e-06,0.0006881762694321488,0.2420592093096677
17,0.00029612914542485744,0.28663183349007976,0.00020494816188723963,6.83931804754676e-05,2.2634683582398196e-05,8.161116700317018e-06,0.00016193751804977142,0.00017152110784390308,0.001680247382202556,0.0011854433125117005,0.00022373215784353306,0.009872223913537448,0.00035139258862915905,0.005326816704784497,0.006656244692220685,0.21193189882687744,0.19369311154920563,2.2076884215588853e-06,0.002186562404998612,8.096884758903851e-06,7.582860941373102e-05,0.045471509628537576,1.233742748720383e-05,0.00132468917940823,0.23243209864511777
18,0.00032360511078045656,0.3308320414465639,0.00019659199129279213,0.0001057433338655678,2.1371326168999337e-05,1.0627873990143942e-05,0.0001475576743302316,0.00021579982474901068,0.0017109756364753126,0.001670622891239638,0.00021947264314287168,0.0078092012036191,0.0004137127331385832,0.004347886813569467,0.008644986299014557,0.2371809265923898,0.1776681441305762,2.501965334595847e-06,0.002802993576395087,9.02219473974656e-06,6.011378117890005e-05,0.05196857323532729,1.1648752314813879e-05,0.0011104309939067526,0.1725154479758961
19,0.00019204900734646165,0.32395254728235273,0.00016804850356959996,0.00010934264657254062,2.1860809892623825e-05,1.2454063987296384e-05,0.0001296235345438326,0.00015677732357484938,0.002201219186333011,0.002002393357681788,0.00012676815548518975,0.008402561382732598,0.0002917383509431856,0.004525788163128932,0.008864484826437103,0.24583952857821595,0.14482447039908627,1.5571859638454804e-06,0.0020535238413694717,8.760338899509224e-06,3.696641474642273e-05,0.045191895832500495,1.1205954028866629e-05,0.001182727175262397,0.20969170768534515
20,0.00026653316456454814,0.36051230940038687,0.00013966824174741318,7.612687064083033e-05,1.7902743416146235e-05,9.079640672925457e-06,0.00014541354001998915,0.00025163463813398986,0.0017686949213070145,0.0015853620789201726,0.00025633757648528874,0.008035983591048663,0.0004294715239924166,0.005710597369506901,0.010347028968390844,0.1824339837913418,0.14454528025026972,2.00546292341702e-06,0.003196671599111901,8.452321767967939e-06,6.27846808711713e-05,0.08866472059673333,7.584078845813664e-06,0.0007493937180918995,0.19077697923080908
21,0.0003621775775094532,0.2333904548447093,0.000381524549186216,5.1616541800051806e-05,1.632187682161512e-05,3.244862313139505e-06,0.00012746905287748433,0.0001611927500881613,0.0009779414702034272,0.0009066766366027983,0.0001752404656693311,0.012985615104014137,0.0004153398404476648,0.006414416126232187,0.002942120606523075,0.2768257682319962,0.22109026439849863,3.105452906423091e-06,0.0011631151859662734,9.645307222691924e-06,8.927892543392872e-05,0.023627243767099675,1.069067477015521e-05,0.0017650914827795868,0.2161044442683285
22,0.00029240155260436593,0.28761886919636787,0.0002295649398985425,6.039503121054981e-05,1.3324936691571763e-05,7.369368656690224e-06,9.009634646064869e-05,0.00021773463557705193,0.0007400340368196302,0.001621515310104073,0.00019965499918348813,0.005682416091625488,0.0003027299838208023,0.004286073020902696,0.004909584942241866,0.21874813336886892,0.2867279422596115,2.589454827809926e-06,0.0021479083021826587,7.664877665552832e-06,8.223393053781583e-05,0.042256357212702454,1.1105013813555691e-05,0.0007175584290539695,0.14302674275857039
23,0.00025138379357824597,0.2802763283233937,0.00018773029102288143,6.965927267136793e-05,1.830683008784242e-05,8.565749652331112e-06,0.00013829417614151605,0.00017096587523015357,0.0015441843927801874,0.0013852766616459188,0.00018743675611038798,0.008316925607615704,0.000309463514199091,0.004611787207006159,0.007680627732475173,0.2455617284393567,0.17958086565124717,2.006325680327959e-06,0.002344510495770677,8.013762518062781e-06,6.197364650895787e-05,0.04225141181668107,1.1472117214723433e-05,0.001149329486225058,0.22387175207518656
24,0.00017218272270900134,0.3772172124169309,0.0001413218037302317,0.000105888107075215,1.61762019594241e-05,6.880430291328762e-06,0.00011468172579000968,0.00016360468351630595,0.0013120630522857394,0.001744871164694854,0.00013424858794444246,0.006098578176872408,0.0002850622780604388,0.004870445616867023,0.006924979463661175,0.22111102219795897,0.17872229413262372,2.251557209745978e-06,0.0031668971761774686,6.999555294907474e-06,6.156086826905194e-05,0.03724652924524694,1.2091772040791868e-05,0.0009799254776164756,0.15938223158517362
25,0.0003949618157459667,0.24176816103495588,0.00021992994716730184,6.951839543643553e-05,3.120800292571726e-05,7.705014678990394e-06,0.0002695680138597923,0.0005075207097992882,0.0013273222555053546,0.0008887661852783681,0.0004650866386687966,0.015754869489355068,0.0004260145322857225,0.00672509803883771,0.005673783866625762,0.2354474497228741,0.2337479981985965,4.589027631204624e-06,0.0023723014922949026,1.1095605408737744e-05,0.00012432702898883355,0.05881045847610084,1.1204428976081609e-05,0.000880685656701354,0.1940603764213013
26,4.186115797435552e-05,0.24614417703682365,5.034903206089109e-06,8.172688855434165e-06,9.624019627817098e-07,2.8306534460605114e-06,0.0001265601586382143,0.0006768680628642908,0.00010622660770593415,0.00019193293452847697,0.0002597223651490915,0.010643098695155086,9.924724089461696e-05,0.0007243179603839461,0.03245909518961687,0.13662892018700742,0.07726027974774614,9.334943758920777e-08,0.006093831288220953,4.7238880805017005e-07,1.2592531615030135e-05,0.3845893474141514,1.3635742517693003e-07,6.617631703537796e-06,0.10391760104667976
27,0.00025928346092925144,0.2880216575871647,0.00013474229303182456,7.870584546539728e-05,2.145219022146706e-05,1.4046744259398127e-05,0.00016212127954510006,0.00020369407586610586,0.002909744243949753,0.001586077839014732,0.00021532844756123754,0.009529388114299597,0.0003342514430893665,0.004520205812129613,0.012279818125958646,0.22936278833265616,0.11225557215007674,1.7321093278050933e-06,0.0029934782925967987,8.134710428507957e-06,4.473064202880958e-05,0.0742451215655334,9.604553807746667e-06,0.0011503556125700067,0.25965796452848783
28,0.00025138379357824597,0.2802763283233937,0.00018773029102288143,6.965927267136793e-05,1.830683008784242e-05,8.565749652331112e-06,0.00013829417614151605,0.00017096587523015357,0.0015441843927801874,0.0013852766616459188,0.00018743675611038798,0.008316925607615704,0.000309463514199091,0.004611787207006159,0.007680627732475173,0.2455617284393567,0.17958086565124717,2.006325680327959e-06,0.002344510495770677,8.013762518062781e-06,6.197364650895787e-05,0.04225141181668107,1.1472117214723433e-05,0.001149329486225058,0.22387175207518656
29,0.00025138379357824597,0.2802763283233937,0.00018773029102288143,6.965927267136793e-05,1.830683008784242e-05,8.565749652331112e-06,0.00013829417614151605,0.00017096587523015357,0.0015441843927801874,0.0013852766616459188,0.00018743675611038798,0.008316925607615704,0.000309463514199091,0.004611787207006159,0.007680627732475173,0.2455617284393567,0.17958086565124717,2.006325680327959e-06,0.002344510495770677,8.013762518062781e-06,6.197364650895787e-05,0.04225141181668107,1.1472117214723433e-05,0.001149329486225058,0.22387175207518656
30,0.00025138379357824597,0.2802763283233937,0.00018773029102288143,6.965927267136793e-05,1.830683008784242e-05,8.565749652331112e-06,0.00013829417614151605,0.00017096587523015357,0.0015441843927801874,0.0013852766616459188,0.00018743675611038798,0.008316925607615704,0.000309463514199091,0.004611787207006159,0.007680627732475173,0.2455617284393567,0.17958086565124717,2.006325680327959e-06,0.002344510495770677,8.013762518062781e-06,6.197364650895787e-05,0.04225141181668107,1.1472117214723433e-05,0.001149329486225058,0.22387175207518656
31,0.00028708207932752174,0.2554931736537547,0.00026270338821171113,5.482127367220064e-05,1.105176673301048e-05,5.36489843234861e-06,0.00011793961163901936,0.0002598322384152046,0.000859790249028938,0.0013580782057602914,0.00015712138561090904,0.007565675025574243,0.0003082216241867113,0.004432678632732672,0.004054353694189103,0.3067682615966877,0.21714463949386073,2.737646648590967e-06,0.0019091343658157308,7.487175672373303e-06,7.683832467215832e-05,0.0328042015481624,9.407441393859685e-06,0.0008427282605072323,0.16520667641931083
32,0.0002432076181963062,0.273837907308928,0.00017518861039940767,7.379906360914747e-05,1.824603322819662e-05,9.118563701854693e-06,0.00015115741054050206,0.00017599534689506568,0.0015408610496054067,0.001422080797489015,0.00019171959241788783,0.007849653812614214,0.00032379167292954204,0.00430426455516706,0.008384487179434285,0.25873019942464737,0.17978768809927315,2.1651170473504636e-06,0.002990495597928889,8.068098929349809e-06,6.91199365680839e-05,0.04379673482944423,1.2030244412896003e-05,0.001150222289118654,0.21475179774747422
33,0.00034527126075477055,0.28941557689946573,0.00014173701862562965,7.00100652276152e-05,1.3713905949431619e-05,4.66402367627704e-06,0.0001621443940772466,0.00021162886791553878,0.0007008731744822574,0.0006456430189888704,0.0002323269718644833,0.012340877276341006,0.00044642237960369725,0.002952578290870559,0.004803527332749267,0.24275345281057537,0.2528572099309039,2.1841801274328052e-06,0.002511804099194117,5.354090117278198e-06,6.840440095722611e-05,0.051829838402552765,7.147743468053733e-06,0.0008789183714983246,0.13659869109001305
34,0.0019299549398320906,0.2459939283339997,0.00037598245933904555,0.0001452990265581148,4.053469154584584e-05,1.4631498541085677e-05,0.00040905866483104207,0.00029629708432498135,0.0030368951843379732,0.001050599891499022,0.0007804579448455456,0.012036743179090443,0.0013112009306724753,0.003958088817259739,0.017575926272615162,0.2322445137678348,0.17968229819244116,7.250078625090534e-06,0.007614212086876851,1.0076178139322364e-05,0.00016244425533727244,0.08984476316833656,1.786057359216847e-05,0.002231132605034866,0.19922985017448963
35,0.0005443826006455514,0.2098762918474003,0.00012185164348757709,6.022402888347782e-05,6.64348856651271e-06,1.0005795490945387e-05,0.00017409869740001333,0.0003141033100609898,0.0012053867523768227,0.0009939639898825297,0.0001733718144859569,0.011806233474879484,0.00047501205956862236,0.0016261192937252517,0.004495264179067582,0.4344936033441043,0.14171520498926204,3.632136945758156e-06,0.003843552689106052,4.452008824381075e-06,4.0151555529560113e-05,0.07739611233089311,5.706004937482506e-06,0.000795644475538644,0.10981898748893697
36,0.00030680458427777583,0.19071227937719437,0.000445360015252695,6.902351487201318e-05,0.0002185678767400168,1.168971138979464e-05,0.00023058700952196027,2.4618574050125123e-05,0.0030078630931002844,0.0006721447603850153,0.0004996870140746049,0.005671901974089236,0.0003865228011671481,0.004368920450566603,0.009630703350818701,0.09356828526133687,0.17352879551131578,1.564083591242485e-06,0.0020308954269814333,1.495934494373522e-05,0.0002633864025075303,0.010892732665544795,5.238793198351762e-05,0.012315462659605852,0.49107485660468886
37,0.00044454925349115973,0.2563718452486356,0.00036098368352934705,6.30210364955602e-05,2.8313808307859642e-05,6.405537927779395e-06,0.0001938794151175923,0.00012177137947570347,0.001878870738776352,0.0010526695006978124,0.0002189874606556245,0.011740587797462166,0.0005265360883482621,0.005791799990659893,0.004356868644168536,0.22738677495950613,0.20101235697767347,2.9940387885544823e-06,0.001715002788147666,1.0530818453751144e-05,0.00010081631005099457,0.032710236170180124,1.5041576137037038e-05,0.0026361644083394043,0.2512529923689736
38,0.0002488886776054547,0.1463068810411202,0.00015141819477107886,7.080091891999908e-05,8.209556312452687e-06,1.4604248289396007e-05,0.0002191678918291557,0.00017442439254755515,0.0009252272534621031,0.0013176495861376653,0.00011882727065427626,0.005256742459652408,0.00035519252461289576,0.001444518465598326,0.00919452486542818,0.4981760606119631,0.17278781958670114,2.6302895245360187e-06,0.00483534001017839,7.695972156568264e-06,6.068810939718862e-05,0.032795368031727355,1.2309972689027214e-05,0.0008292866134827321,0.1246857234552389
39,0.0002442222646180434,0.1534100452787851,0.00015375445732157214,3.905010277191264e-05,8.842059163374736e-06,8.929820480212231e-06,0.00017358510170931992,0.0002814677001306229,0.0006665739319699226,0.0007804275778496613,0.00016006648451278874,0.009960977206341893,0.00026073387861513114,0.0019256295860030574,0.004945620206337405,0.4056742484116945,0.2172933825001509,1.6759873467088355e-06,0.0021018904023569315,5.881473102929077e-06,5.9658508827274935e-05,0.04233676370221254,7.339123796444079e-06,0.00063527413337864,0.1588639601005232
40,0.00024687402133005584,0.2793444037893094,0.0001865315264271279,7.088583899357956e-05,1.82468360538926e-05,8.613678577418657e-06,0.0001386175387117846,0.00017136039164043947,0.0015512765378383343,0.0014157436246656678,0.00018478382845802776,0.008140005312715687,0.0003083121001336052,0.00459592980592783,0.007651716806278375,0.25009305822964084,0.17929159947855872,2.0637925118840403e-06,0.0024133512774892037,8.111600655141648e-06,6.261630774068241e-05,0.04145898562255029,1.1751966248336671e-05,0.0011652640468397023,0.22145989604070396
41,0.000277006253357731,0.25119149846921185,0.00018167004307288493,0.00014869890555435712,4.2617143729733114e-05,2.1410968148370094e-05,0.00015260590625395298,0.00016257333446195922,0.0035632321291038053,0.0019068108152760165,0.0002171518586652493,0.009253409420629837,0.0002416226330741463,0.004058112927951353,0.02124567434669198,0.24095163648257859,0.13063446571980902,1.6323847987878098e-06,0.002466508067429826,9.26331914248587e-06,3.2515612913803e-05,0.04217644028141199,1.6195762655665915e-05,0.0014588670174518498,0.2895883801966248
42,0.0002803723694002222,0.22881370977867513,0.0005637497465560564,8.285916241609125e-05,4.481173769967767e-05,6.3158547587249505e-06,0.00014514674714065975,7.53514816664412e-05,0.0031392146192871953,0.0016269795049571375,0.0001905635691880417,0.0082068848371653,0.00024301637853513572,0.016434104518470577,0.005006922542683152,0.14945297988512787,0.16121205516620468,4.504370528373486e-06,0.0010656454003165465,1.4373019250572354e-05,0.00012585904078095297,0.009438447643945136,5.010044864622965e-05,0.004107515094233294,0.40966851708236673
43,0.00017578342585949951,0.26020713646531896,0.00016115387970779894,8.836106834948542e-05,1.7050930231991606e-05,2.242295518636774e-05,0.00013738945081422004,0.00025149224866972974,0.0021310286894154207,0.0034246370308564996,0.00015161806183520277,0.004447040403373858,0.0002906885765900405,0.003792169591976555,0.01224634495755363,0.32801794113420146,0.13736184544867447,2.235670111236919e-06,0.00427898011734836,1.1325584249852542e-05,6.22137393156454e-05,0.058301165860257714,1.292035542532326e-05,0.000860838406890931,0.18354621594778567
44,0.00025138379357824597,0.2802763283233937,0.00018773029102288143,6.965927267136793e-05,1.830683008784242e-05,8.565749652331112e-06,0.00013829417614151605,0.00017096587523015357,0.0015441843927801874,0.0013852766616459188,0.00018743675611038798,0.008316925607615704,0.000309463514199091,0.004611787207006159,0.007680627732475173,0.2455617284393567,0.17958086565124717,2.006325680327959e-06,0.002344510495770677,8.013762518062781e-06,6.197364650895787e-05,0.04225141181668107,1.1472117214723433e-05,0.001149329486225058,0.22387175207518656
45,0.00024361550014132593,0.3009306373387196,0.00019925720160394856,6.135631579760732e-05,1.7051851155592588e-05,7.05402033378077e-06,0.00011710724222366311,0.000154063470694503,0.0013883340846790372,0.0013821917172112594,0.00018027924228480622,0.007909059715438706,0.00029415620029006086,0.005216880685828284,0.006195820168121205,0.21930375070035427,0.18939914820509451,1.985660947518058e-06,0.0020525851868410496,7.513667400837683e-06,6.678518439967427e-05,0.03893086830314112,1.1341318811911209e-05,0.0011567346276566183,0.22477242239082915
46,0.00022351254387768327,0.2840461699222419,0.00025237196173441974,7.609563644520965e-05,2.5447001880031065e-05,1.0745569321649414e-05,0.000169009768703648,0.00017886912590463856,0.0033764652181395927,0.0023818562924738003,0.00019487283110640035,0.006885706576811665,0.00035307762325364545,0.008455567726204321,0.008866375043534087,0.24166390571749696,0.11426550527964781,3.1321727753372397e-06,0.0029353101234323073,1.3285076877327223e-05,8.710624148856152e-05,0.03822118423842203,1.594842132545948e-05,0.001710011853075539,0.28558846803382604
47,0.00025428822441811953,0.28360919821038066,0.0001820056902015853,6.76838957126427e-05,1.750012429975466e-05,8.33637775690512e-06,0.00013676555591614397,0.00017002962952548294,0.0015003966701675733,0.0013388944697600865,0.0001850308160360882,0.00847940979751649,0.0003122736826706177,0.004426607975406858,0.0075362879822220875,0.24568123467475617,0.17849100016155275,1.929644436208201e-06,0.0023083883396797724,7.710874872431191e-06,5.9298314112586053e-05,0.043526428157692705,1.0790361286180013e-05,0.001119582644257875,0.22056892772536227
48,0.00042429115534775656,0.1496309623252268,0.0004274094454922062,6.087974070435581e-05,4.7386815740243735e-05,1.2687488566357913e-05,0.00020777341044069756,0.00015128351687521182,0.005602989813806324,0.001490299890300259,0.0003358615943150237,0.011241158452853795,0.00047104039107782067,0.00868488623662473,0.010975408340761664,0.23115719675615487,0.0835688849222995,3.027780656445042e-06,0.0017069084083848108,1.9397430362641287e-05,8.445168218788972e-05,0.036325125263643586,1.657512071174435e-05,0.0034633530843746507,0.45389076093309055
49,0.00032523997914516014,0.269669433123082,0.00025444533447832905,6.68019779286177e-05,2.0370856600279752e-05,1.0701445670597096e-05,0.00013732982982194252,0.00020154444310924947,0.0016561155920364462,0.0014168170867994649,0.00021422967804798687,0.010562752184572498,0.00034337077728815096,0.004882546613900434,0.006167219868564986,0.24115469250442814,0.18726135797603943,2.124821232782468e-06,0.0015853974226499048,9.424368049666571e-06,5.821737705921108e-05,0.04562612510848305,1.1404101792436725e-05,0.0012244760947367973,0.22713786143448242
50,0.00021460604220389953,0.293857251641507,0.00017514211772060235,6.653269195201251e-05,1.64824007807463e-05,8.936526175433803e-06,0.00014771491783602972,0.00019395522340839532,0.0015879676949407855,0.0016304655284320648,0.00017114808352294576,0.007708289911980886,0.00031243189892996264,0.004837965404386572,0.007814257539504132,0.24913078618494827,0.16386586072083562,1.928014689838047e-06,0.002703125051184059,7.950165450234517e-06,6.45131423084671e-05,0.04752778308106377,1.0098748654717654e-05,0.0009528200549439259,0.21699198721263963
51,8.255944700782521e-05,0.7862829737149019,3.98566238050898e-05,7.934059173027248e-05,3.861978552463472e-06,1.50924851434207e-06,1.859797004875799e-05,0.0001801969833206815,0.0003831912286773094,0.0011772881656490714,6.991639488645887e-05,0.003848474352265422,0.00014737264283530465,0.003940613878395282,0.003380527138860675,0.04775856907893141,0.05609292532666845,6.354796210847509e-07,0.00107029175298083,1.6260183728008876e-06,1.0641796205324775e-05,0.0491179547685407,1.2262281726701667e-06,0.00010096483252249363,0.0462088843585334
52,0.00023411368086623266,0.24130350579412174,0.0001435844702339388,0.0001251614079474675,9.531462546260331e-06,1.4601922149487127e-05,9.950302864321845e-05,0.00026990566328998904,0.0017874272294098638,0.004048261580823752,0.0001370998132001208,0.004180660639976935,0.00040845500459984113,0.0035399500516921302,0.013093295268734324,0.43831006075565593,0.10711731776378774,4.564270001774381e-06,0.005716954598253783,1.3409052819828855e-05,3.970373844522236e-05,0.05414395428733229,1.0797999099168613e-05,0.000828365262850179,0.12441981525351893
53,0.00023128850777512833,0.18081235030325732,0.00015533932067939916,5.471046068967712e-05,1.9371018133070788e-05,1.1021386233410113e-05,0.0003452831767299082,0.00018476077495717475,0.002037240501990484,0.0007386960362342244,0.00020176379973630914,0.014190426099093902,0.00026825910525197366,0.004170059353985259,0.008890543246227163,0.29442954553746964,0.1550758205504337,1.9903001341567643e-06,0.0021368222488742958,7.982535371930815e-06,6.17902207671534e-05,0.03435035667299378,1.447293006725254e-05,0.0011384860991770522,0.3004716198137367
54,8.686954064364991e-05,0.2425748227841278,0.00011588529923950807,2.7467411542942384e-05,9.111767192882012e-06,4.181352604720026e-06,6.778434651421603e-05,9.842751052507287e-05,0.0014600042180385208,0.0011579549905134801,7.987636741363626e-05,0.009291328743321831,0.00011398475834633812,0.005370729316806618,0.00666901191703287,0.2311960691045572,0.08921552515005526,6.228944541078494e-07,0.0009225137349356234,5.004948714505442e-06,2.1337375718833916e-05,0.02616012669224784,5.057567364928026e-06,0.000740268234273908,0.38460603397381377
55,0.00026826319356714894,0.2616012470834805,0.00019185795451999343,7.243688485189123e-05,2.0764660012955574e-05,8.876508830033349e-06,0.00016382100422147297,0.0001618968333532351,0.0018173902357616102,0.0012130848392994343,0.00019426868704926786,0.010228011746201497,0.00032521250358446256,0.004622918773574196,0.007580418551784648,0.2533442877463762,0.16924493593093698,2.084879646417883e-06,0.0022642083955582777,8.147911990740568e-06,6.100632909496618e-05,0.040369540444756345,1.2287964548174331e-05,0.0014048635342657225,0.24481816740273393
56,0.0002688838602635665,0.28582338787298284,0.00019106535062160624,7.137783860376346e-05,1.862126832684218e-05,8.443809351936594e-06,0.00014608034140256725,0.0001754184404905179,0.0015514429215301542,0.0013439449815065075,0.00019659922548235741,0.008726647278718823,0.00034143554987846786,0.004637516532932827,0.00752111758776104,0.24160061427256205,0.1803815517737388,2.0991171186168954e-06,0.0024209828287225623,8.190571177820562e-06,6.490788184056093e-05,0.044607973085557834,1.1369475775239793e-05,0.0011879713369269361,0.21869235679672575
57,0.00021993287971407572,0.29353079096850254,0.0001580250766079291,5.636223810825943e-05,1.1946150983791906e-05,5.71438728268572e-06,0.00016088744920793194,0.00016813861946093767,0.0010610938020362516,0.0011032249181401278,0.00016248840979456774,0.008281611497163785,0.00040362287830595744,0.0033530582320325693,0.005812900513749286,0.27743177753398035,0.17692282593306793,1.8331247317587123e-06,0.00376668422019434,5.8942203563607615e-06,8.279217142459026e-05,0.046900693748867926,7.366044919066402e-06,0.0010042927502826083,0.17938604223108431
58,0.00027289975810979044,0.2662771139571179,0.0002185666658318305,7.845900768923053e-05,2.4511201675589504e-05,9.281983829533635e-06,0.00015940401992429757,0.00014269987831108097,0.0019151887477814288,0.001376806777479336,0.0002006520700720725,0.008749356388469885,0.000372121090725235,0.004769050948448718,0.007391511456709284,0.24975589785067054,0.17467514466347137,2.339225809093949e-06,0.002523576717885589,9.872387360002259e-06,7.609382968589439e-05,0.03766146263615853,1.4986544766707065e-05,0.0018693488400339966,0.24145365335198307
59,0.0002526411174495325,0.2692291075076358,0.0002416245180416418,7.00376003140165e-05,2.25046004485282e-05,8.49829772270286e-06,0.00013708772962633562,0.00014112696856683084,0.0017387123367831369,0.001489298415109784,0.00017869183328241803,0.007964101426643626,0.00033673161773304457,0.0050383788550651745,0.006338371397578828,0.25002535186956565,0.18078078434109032,2.2221048628371853e-06,0.0021054639233713123,9.961537506160219e-06,7.447578015851495e-05,0.034011088049586274,1.421321837796774e-05,0.0017385713640724924,0.23805095358940712
60,0.00025138379357824597,0.2802763283233937,0.00018773029102288143,6.965927267136793e-05,1.830683008784242e-05,8.565749652331112e-06,0.00013829417614151605,0.00017096587523015357,0.0015441843927801874,0.0013852766616459188,0.00018743675611038798,0.008316925607615704,0.000309463514199091,0.004611787207006159,0.007680627732475173,0.2455617284393567,0.17958086565124717,2.006325680327959e-06,0.002344510495770677,8.013762518062781e-06,6.197364650895787e-05,0.04225141181668107,1.1472117214723433e-05,0.001149329486225058,0.22387175207518656
61,0.00027395421063668987,0.2689186246920762,0.0002635442797374784,7.178040440076363e-05,2.3791183955379422e-05,8.926223591310447e-06,0.00014003811786686104,0.00014480310634866996,0.0018950484219051023,0.0015642912171370518,0.00018570572443411324,0.008113491122037316,0.0003502593526383694,0.005281145760799445,0.006285011426858878,0.24701993282084495,0.17632597300314165,2.3568661062711775e-06,0.0021015601277757276,1.0221844510147911e-05,7.746070975388108e-05,0.034316584675864625,1.4833070467090423e-05,0.0018632010988874773,0.24474746053822444
62,0.00025138379357824597,0.2802763283233937,0.00018773029102288143,6.965927267136793e-05,1.830683008784242e-05,8.565749652331112e-06,0.00013829417614151605,0.00017096587523015357,0.0015441843927801874,0.0013852766616459188,0.00018743675611038798,0.008316925607615704,0.000309463514199091,0.004611787207006159,0.007680627732475173,0.2455617284393567,0.17958086565124717,2.006325680327959e-06,0.002344510495770677,8.013762518062781e-06,6.197364650895787e-05,0.04225141181668107,1.1472117214723433e-05,0.001149329486225058,0.22387175207518656
63,0.00023423540719930182,0.31360097300427364,0.00017141983100351377,6.786150451406303e-05,1.6267387694344163e-05,7.618405753358396e-06,0.00012111461587597338,0.00016556560752717408,0.001407872889132082,0.0014015881268519056,0.0001728254927763393,0.007866389936531942,0.0002972466545509415,0.004533435879662841,0.007200012082358599,0.2301985990650679,0.17621256548885292,1.8359484835945816e-06,0.002309988581387837,7.222932571138619e-06,5.768071652148655e-05,0.043111332550370925,1.0280625262461774e-05,0.0010467180711491134,0.20977934919462668
64,0.00026676497835013404,0.27780957771363873,0.00022716566715479046,6.348129740202244e-05,1.9319186629809445e-05,7.4354535005362545e-06,0.0001577533323916805,0.00017030359210688835,0.001394885319375882,0.0013185961230180502,0.0001970345471416343,0.00784676733566074,0.0003570964533133911,0.005067576349380536,0.006114091811077865,0.23975882180715224,0.20294726688155243,2.399967168022074e-06,0.0025585411954079933,8.495575773871029e-06,9.614024161893975e-05,0.038693985332482035,1.2782065265254588e-05,0.0012774807262089462,0.21362623704722758
65,0.0003287162960258253,0.06931683329207373,5.0936295635825263e-05,0.00017411174983828604,1.63842868058278e-05,4.003366829567223e-05,0.0003914034947218351,0.0001756955365888368,0.00046804021997750976,0.0004323483964849166,0.000269532220737865,0.005473709084894533,0.00018447778574393859,0.00033483533679150827,0.02515422901805781,0.42444099862118523,0.35612908031995705,2.955726796755241e-06,0.01247685720974624,3.0617635702750196e-06,5.948529822098372e-05,0.027724768792190827,2.9371923724336056e-05,0.0005187274537922598,0.07580340620814216
66,0.00021698192261197487,0.2821779107797129,0.00014963405765943183,7.142743028394968e-05,1.80188831306388e-05,9.389835652341745e-06,0.00012296130208447442,0.00014037825497126904,0.0015843304574819977,0.0013225131497347446,0.00017571057121886326,0.007858803975512755,0.0002402953517628273,0.004322753129404611,0.008769536628352467,0.2248613356961461,0.18234723781075207,1.707911609105808e-06,0.0024346569211029685,6.672755181054755e-06,5.467464451240292e-05,0.040055957191696336,1.3360957688823654e-05,0.0011643574046128584,0.24187939297712305
67,0.00024343386740690936,0.1487234846837882,0.0006938689695820852,8.605030523292428e-05,1.5339290983074723e-05,6.527065116733576e-06,9.601314610859254e-05,0.00011337928080583726,0.0005283658296053447,0.0019706913035944934,0.0001133483439220968,0.002859060925750543,0.00031509719863046713,0.0051579809983047994,0.002441250510056232,0.29153793578071935,0.408491688007751,6.1003641163909226e-06,0.0015927922158062247,1.8324084227300654e-05,0.00021061849324006623,0.0074758723190991,5.423151599594771e-05,0.0020815908698618157,0.12516695463029445
68,0.00019367815978067635,0.21028936941272072,0.0004457565138206173,7.345903505345527e-05,3.527045811801743e-05,1.0442438575532802e-05,0.00012846119871205578,8.462607679576715e-05,0.004345443653483215,0.0020660153960216374,0.00012856151321580424,0.009820165713674072,0.0002471689578327045,0.011654479701437305,0.005754844337434465,0.18263481190793968,0.11143926298886007,1.9137801721491857e-06,0.0007864490244331709,1.5659035723491484e-05,5.156923799264594e-05,0.017137854069013442,2.476725634231173e-05,0.003258198391488015,0.43937177174135894
69,0.0002262722105703246,0.25225230736238785,0.0002506431131245858,6.458102512120055e-05,1.791336003323782e-05,8.090001296808297e-06,0.0001431025197780369,0.0001947347651410012,0.0015242801751035697,0.0016516043752267673,0.00017265235189710962,0.007788582842657104,0.00030797677397269844,0.005978212486965599,0.006084766098310447,0.27424870282226643,0.18006288978564372,2.665060514354322e-06,0.0022117680860643378,1.036091722948177e-05,8.526253212991434e-05,0.03336354377654206,1.3824518416678098e-05,0.0012618581937831003,0.23207340484582362
70,0.00040315576258119555,0.24500664899937502,0.000504447364870038,0.0002473454627596672,0.00019605129120774583,2.082001008717836e-05,0.00036728599266194637,0.0001742509707520616,0.0076588842717740125,0.0013731571996031008,0.0004065125256329614,0.014351308366636643,0.0003644125644004625,0.014338129912626051,0.015445880023742514,0.10081551710250415,0.1617281832975089,2.5311225049218303e-06,0.0012333700672641109,1.7781036596069726e-05,8.986613214494758e-05,0.02941271190664717,4.294342585170876e-05,0.0028940219398712916,0.4029047832503961
71,0.0002285659971061675,0.2840825047503594,0.0002003559952817355,6.823835526869861e-05,2.02136940570145e-05,8.243906369027837e-06,0.00014411531116786185,0.0001730829665801043,0.0017316866473861862,0.0014837344234055808,0.00017943111489274102,0.008181429315743744,0.0003044511985021752,0.005452442793653862,0.007006356667860679,0.24395448917965273,0.17099550487068868,2.1680321976381568e-06,0.002233298352008812,8.980099281610907e-06,6.864026779403633e-05,0.039156676957967276,1.222011461212523e-05,0.001239716699959625,0.23306345228820244
72,0.00026250015369923664,0.28833005873461176,0.00019358635718998718,7.0729108726718e-05,2.0359935772236232e-05,7.994212197817077e-06,0.00012670684433739476,0.00016082972721717808,0.0016150945256742273,0.0013570853324289963,0.00020212702291274982,0.008509485577695156,0.000301005578973483,0.005179855619960583,0.007351866715708645,0.22126427114429853,0.18173067758377137,2.0739618448225952e-06,0.0022074765057818464,7.892825374404111e-06,6.468462530623232e-05,0.04103329386420331,1.2447829199344748e-05,0.0012910431251940946,0.23869685308792
