,0,1,2,3,4,5,6,7,8,9,10,11,12,13,14,15,16,17,18,19,20,21,22,23,24
0,0.00332378904536206,2.05283955567088e-06,1.3261181626783728e-05,3.853336346079631e-05,0.010369899937105577,0.005972944752227579,0.0019091317844415593,6.418131823546112e-05,0.020381308679879206,0.0031539567942769067,0.00018355094589328608,7.622789681673916e-06,7.862003601685971e-06,0.0001333360814683569,9.614705800519677e-05,0.0009509147601441014,0.24089668379712495,0.19777295247397214,0.005988912634747904,5.0547025322349905e-05,0.0017548001154704688,4.739271710472022e-05,0.5023093821923099,0.003620077144643816,0.0009507585643377755
1,0.003105502420395215,6.152788559721551e-06,2.6448493113717954e-05,3.182290460842683e-05,0.018661161496098266,0.008588392576292635,0.0018526822678800146,5.391756843715598e-05,0.02380806001566223,0.003466201869893143,0.00025795985457103307,1.4072475098877115e-05,5.769804283281667e-06,0.00021988541911980384,0.00019531645290156766,0.0009207553735836979,0.272406953105881,0.15786902279277995,0.011251358038952247,4.24935392047397e-05,0.002644569451162717,0.00010593949524825143,0.4884475049597819,0.0040407068967759086,0.001977349939714319
2,0.002059637733559964,6.372659272782634e-06,1.753076483700232e-05,2.401907619190731e-05,0.015513444508246313,0.005179102658122893,0.0012777687077600952,5.208239367537885e-05,0.018833640105932276,0.002781992210443784,0.0003939254209111759,1.662453724046277e-05,3.946429438737238e-06,0.00031783968002236615,0.00037101296705155287,0.00041687879516355927,0.1794256258920894,0.16983272520762013,0.004996042198633081,5.374520203343284e-05,0.002651952713304281,7.908369473964103e-05,0.5902734837226747,0.0027522509840010377,0.002669271737034078
3,0.0020611240058864377,5.405300148282404e-06,1.416148070305175e-05,2.7557930372072955e-05,0.011141123537339518,0.0070294317285865635,0.0016884079998614671,4.023183753382235e-05,0.01265497035306009,0.002173949847610396,0.00021534876972865213,1.5660504148175327e-05,4.217136224443052e-06,0.00026768342372506134,0.00020033050091847665,0.0006517768909176348,0.23560441858570116,0.19819120051507091,0.0063607270592094855,3.7994466029382255e-05,0.0025407992022518644,9.969913911470128e-05,0.5129498843137508,0.004009825180949708,0.0020140702911578337
4,0.0022091771047039323,5.1652837795344855e-06,1.476620764035664e-05,2.7845365685072696e-05,0.011221981294661247,0.00698844741918406,0.001749598261665925,4.154574455465815e-05,0.011531636497281379,0.002214847347206468,0.00020506177768282025,1.5471977257300943e-05,5.16913047647121e-06,0.00028496777071884835,0.00018395191280339064,0.0007062119163978146,0.24223363815618618,0.20954643538263565,0.0069004976872404965,4.099494739375076e-05,0.0024439704286984064,9.282368811279906e-05,0.49492481621795364,0.004533428577139685,0.0018775499029400893
5,0.0017646028792582763,5.550549018747564e-06,1.0002968735202753e-05,3.024203710306961e-05,0.008974138719234432,0.007165404580588374,0.0014422606406703305,3.576535491117993e-05,0.0105393832728923,0.0017212081308437513,0.0001974313103243652,1.3528432877425065e-05,3.866348444374646e-06,0.00025586998020932125,0.00019071783365776557,0.000638586124970407,0.20149706779796678,0.25270677007419495,0.0057754019096012115,3.621814041610719e-05,0.0022511155499606163,9.462889325193264e-05,0.49931324993646575,0.0035922353802108117,0.0017447531541926072
6,0.0020611240058864377,5.405300148282404e-06,1.416148070305175e-05,2.7557930372072955e-05,0.011141123537339518,0.0070294317285865635,0.0016884079998614671,4.023183753382235e-05,0.01265497035306009,0.002173949847610396,0.00021534876972865213,1.5660504148175327e-05,4.217136224443052e-06,0.00026768342372506134,0.00020033050091847665,0.0006517768909176348,0.23560441858570116,0.19819120051507091,0.0063607270592094855,3.7994466029382255e-05,0.0025407992022518644,9.969913911470128e-05,0.5129498843137508,0.004009825180949708,0.0020140702911578337
7,0.01006760700204634,5.456186537419341e-06,4.662254823020012e-05,4.6166651220711835e-05,0.020501022527362904,0.0045438348733598324,0.0033693090328060543,0.00012219858343192797,0.018684107945179225,0.006623629662687821,0.0004439664635818502,1.745481631587929e-05,1.7010966465294677e-05,0.00035283649911213783,0.00017100458347228334,0.0010009252619987497,0.47758699645739433,0.13803117093067155,0.0164409753579873,6.232758750684716e-05,0.0015308415415291108,0.0001336330822543054,0.2909681438032051,0.006929675197864471,0.00230308243777828
8,0.002834421895511833,3.142453422426532e-06,2.3269282322548495e-05,1.803450577313611e-05,0.009012103609374513,0.0033874166486225184,0.0018446784323275635,3.26199541317167e-05,0.009220869084197857,0.0035922559164525145,0.00017012231472198625,1.5633045111013016e-05,4.864468702772475e-06,0.0003351619919327019,0.0001401575971153398,0.0003771614339508891,0.2814400610584097,0.07151451522273532,0.004270583158206013,3.719583322297157e-05,0.002428299096802026,6.585043000670696e-05,0.5992688637013374,0.007213641724850274,0.0027490771407582097
9,0.002287895566083685,4.132582010372557e-06,1.337791035106501e-05,1.843399069911296e-05,0.0076355120063212436,0.003416867723274966,0.0012648203617364395,2.95479226824712e-05,0.01014753428517688,0.002758929544005972,0.00020398748012834651,1.2250811066774587e-05,2.9834732606348252e-06,0.000301714361727875,0.0002057712031358439,0.00027542022659255355,0.20027606574133597,0.09045192015306189,0.0036402133306214827,2.992752673943554e-05,0.0021119595653657486,6.412140120775012e-05,0.6673337360748629,0.004628632797189782,0.0028842439613609673
10,0.0020611240058864377,5.405300148282404e-06,1.416148070305175e-05,2.7557930372072955e-05,0.011141123537339518,0.0070294317285865635,0.0016884079998614671,4.023183753382235e-05,0.01265497035306009,0.002173949847610396,0.00021534876972865213,1.5660504148175327e-05,4.217136224443052e-06,0.00026768342372506134,0.00020033050091847665,0.0006517768909176348,0.23560441858570116,0.19819120051507091,0.0063607270592094855,3.7994466029382255e-05,0.0025407992022518644,9.969913911470128e-05,0.5129498843137508,0.004009825180949708,0.0020140702911578337
11,0.0022626800557023967,5.010417959698043e-06,1.5268308159341693e-05,2.6887561608604926e-05,0.01101246229137462,0.006922976157472042,0.00184909612028907,4.5800051268629196e-05,0.012512273006276869,0.0023793945099966126,0.00020595364496827834,1.604122619237346e-05,5.242391506301863e-06,0.00026597486652559855,0.00018638000908928324,0.000704059341315908,0.2571426675358258,0.19992647611142642,0.006861849246219762,4.0338289250141755e-05,0.002437047099881193,9.846812651681264e-05,0.4885337502726031,0.004640049379710556,0.0019038539788605521
12,0.00293149357577115,6.514880948776498e-06,1.8608396818801927e-05,3.2906936295647845e-05,0.011004021354595413,0.0074770725241810184,0.001935796911461481,6.624985637090797e-05,0.015546927693743004,0.0029366783530354965,0.00026357465769211467,1.760464095273777e-05,5.540869474645364e-06,0.000244714102667745,0.00024225710876970457,0.0008003914584329726,0.2959771565697094,0.19850967596118457,0.009024708147913143,3.867854981942924e-05,0.0025407541999567036,0.00013916633586410994,0.4436751027351893,0.004544163427975142,0.0020202407511765857
13,0.0009217187074788514,1.860696845471626e-05,4.902656205112647e-06,2.6820390772449515e-05,0.008407631127118887,0.09177786512755545,0.001742693214752406,2.2676041787915167e-05,0.0202754158182634,0.0013251813949097886,6.33872254972394e-06,3.551721076971061e-06,3.435719376840538e-06,1.9613996069120397e-05,2.4628707093095327e-05,0.0013074395017349306,0.3713886250008284,0.18241157756126652,0.045233468834219165,7.204890425332618e-06,0.0012776404286561917,0.00036426609593491005,0.25962164787426306,0.012495719344848475,0.0013113301543580932
14,0.0015247878646515087,1.5318447421303953e-05,1.7589285331444822e-05,4.150290180014476e-05,0.01967724246411488,0.010192554814949328,0.000819502872967162,2.8637071011684343e-05,0.012300785269990535,0.001556307685266452,0.00035646776478393005,9.86521776808838e-06,4.664255042881726e-06,0.00025577021032506753,0.000273455452363919,0.0008084727273000757,0.15069870748047584,0.3480287510913555,0.01274574779811801,5.168052499404425e-05,0.0024891796421703007,0.00010408092222589953,0.43430928362288335,0.0021614193309620784,0.0015282252817266015
15,0.0020611240058864377,5.405300148282404e-06,1.416148070305175e-05,2.7557930372072955e-05,0.011141123537339518,0.0070294317285865635,0.0016884079998614671,4.023183753382235e-05,0.01265497035306009,0.002173949847610396,0.00021534876972865213,1.5660504148175327e-05,4.217136224443052e-06,0.00026768342372506134,0.00020033050091847665,0.0006517768909176348,0.23560441858570116,0.19819120051507091,0.0063607270592094855,3.7994466029382255e-05,0.0025407992022518644,9.969913911470128e-05,0.5129498843137508,0.004009825180949708,0.0020140702911578337
16,0.0017195328696540143,3.746034668339394e-06,1.4018734471107523e-05,2.8171875768058057e-05,0.009235472322235606,0.006384577769018069,0.0016894614582784885,3.6697427096697484e-05,0.00815821852183994,0.001772298745652828,0.00022662382545303623,1.9600109106618118e-05,4.59810566337651e-06,0.00032472680522343145,0.00019319051996776588,0.0008331932590472041,0.21418966423835367,0.25467417804436643,0.005048440412801514,4.430890008394004e-05,0.003178153199100136,8.376538670147986e-05,0.48697238295609907,0.003783295237517637,0.0013816832418315945
17,0.0033357314669029046,3.7214927969794733e-06,1.649905745610514e-05,2.903930428274711e-05,0.012900443910221222,0.0037754179942113427,0.0029349597316055756,4.081297334995445e-05,0.010687433460017817,0.0018517332221873618,0.00026409526845675476,2.454420730348877e-05,4.723764631315293e-06,0.00047921443070358,0.00015495586002982554,0.0005493376502254424,0.3219796202099447,0.140470882866678,0.0037177011599886615,4.0477920324905144e-05,0.0025705597131562203,9.935520332142813e-05,0.48679956373306166,0.004342088158073027,0.002927087241068901
18,0.00206839749195496,5.4225654632419416e-06,1.372726156019398e-05,2.707361530263212e-05,0.01092497429023853,0.006806305789147818,0.0016865072539506945,3.9055168198321764e-05,0.012533911690249611,0.002137001779682176,0.00021206447156892232,1.5388155824022846e-05,4.081141087908006e-06,0.0002662204856029548,0.00019537925631216304,0.0006196656284809039,0.24244401975543514,0.19316668437636714,0.006245578072113674,3.689918683653866e-05,0.00246901457918414,0.00010155523832219481,0.5118804132986227,0.0039979100030766435,0.002102749445416842
19,0.002841678291430435,3.917707105727942e-06,2.3855836854762612e-05,3.0376810919902827e-05,0.013992345660068448,0.009753094287136449,0.0036097308020816487,7.174047699933535e-05,0.017597033974358176,0.004983588854400776,0.0001878085065149876,2.505947806218054e-05,7.778729323277012e-06,0.00021000736817389486,0.00014762138545420752,0.0008789182209576429,0.3796248046205531,0.13482374473963657,0.00747421126296839,4.8356208007402165e-05,0.0025808948689675956,0.00015279527226440026,0.41176571945165164,0.0069215096043018665,0.002243407581807304
20,0.0012716205011257461,1.1920863994186179e-05,1.2253917564687909e-05,2.9331601262941255e-05,0.0068887897448443435,0.008838897361112616,0.0011404767427878055,6.206877414851366e-05,0.012041012748649627,0.0017145492711487585,0.0002868282197033977,2.6530936379501537e-05,2.8976820811894227e-06,0.00024744804648176813,0.0005372743812930612,0.0006166969156174503,0.19077555950700556,0.278018197640485,0.005745708600335048,3.363000092920206e-05,0.004017502719626124,0.000204738105863573,0.4823755296737345,0.00306217768133863,0.002038358362486863
21,0.002390976875430178,4.534059036540952e-06,1.5727821239447892e-05,4.002768221062454e-05,0.011348315908340727,0.005128276516861548,0.0013867518933842824,3.283401018016241e-05,0.009446093705187366,0.0016886439463695356,0.0004137208565962425,1.9820834524664213e-05,3.9511118485477025e-06,0.0004844324956176914,0.00025608366806561053,0.0007852153211070013,0.16326915987777596,0.2519732804614104,0.004698982331366292,5.0342599363753975e-05,0.0030857213374963274,7.235755062381104e-05,0.5392815105268495,0.0024673626748369717,0.0016558759342769614
22,0.0026711025763508332,1.7447886173567427e-05,1.3016473908948743e-05,2.4023518254371025e-05,0.01617876379429212,0.01812586440792708,0.002425635705215671,6.611648481974658e-05,0.027442214026844047,0.001953241778676455,9.311946118480462e-05,1.9332728549090177e-05,4.607056702241661e-06,0.0002670030510429937,0.00028799662376932054,0.0007266987475587468,0.17276277205736867,0.16417156899850818,0.013402906711623452,2.1979346689887008e-05,0.002249174035742421,0.00015429341122180315,0.5647670554527832,0.00850737526416935,0.0036466904006230154
23,0.0020611240058864377,5.405300148282404e-06,1.416148070305175e-05,2.7557930372072955e-05,0.011141123537339518,0.0070294317285865635,0.0016884079998614671,4.023183753382235e-05,0.01265497035306009,0.002173949847610396,0.00021534876972865213,1.5660504148175327e-05,4.217136224443052e-06,0.00026768342372506134,0.00020033050091847665,0.0006517768909176348,0.23560441858570116,0.19819120051507091,0.0063607270592094855,3.7994466029382255e-05,0.0025407992022518644,9.969913911470128e-05,0.5129498843137508,0.004009825180949708,0.0020140702911578337
24,0.0021887656246043835,7.145097575332677e-06,1.4002325005874783e-05,3.8590254212001243e-05,0.014320345528801879,0.007566626656635167,0.0015958469155316895,3.365528714681742e-05,0.011943923733524923,0.001948277895247049,0.00026564943834302834,1.688299015645371e-05,4.329664162793182e-06,0.00032642867544248485,0.00019357323150039267,0.0006756965066469617,0.22089760558139213,0.23050199170653038,0.006411417735157413,4.3721112785423894e-05,0.0024954724162395735,0.00011311015184512527,0.49274520495013696,0.003371279302522608,0.0022804572188529766
25,0.004165532650061799,2.4229051145096168e-06,2.12842216403518e-05,3.318231395460696e-05,0.012647009086394654,0.0028047751467250516,0.0032140837797223014,7.452043021802447e-05,0.01061948847395052,0.003160529689597858,0.0006010687402985747,2.759454599616936e-05,7.795956247899795e-06,0.0005376052698371907,0.0002342802903697153,0.0006433318105036783,0.31593719126847586,0.1911529278219207,0.0034624126262255725,7.057139277524127e-05,0.002363363059115821,7.984059903652075e-05,0.44234516614775216,0.0037161853675428715,0.002077836406522281
26,0.00219919127783178,9.388345606772756e-05,0.000383139684888171,0.0005480215477435404,0.04549463293999846,0.010823626407165008,0.0036228047363353376,0.0003495291437237649,0.0023522545447090073,0.0026292927207124147,0.03753188720453611,0.0066373049975000705,7.234822716136671e-06,0.02000034119439311,0.021248167512898073,0.0069845278341569,0.14084727206424785,0.5234105591004469,0.006028747940071712,0.0003310804605799845,0.05286229023717524,0.0033605838899759895,0.10737227635191161,0.0009246901538713768,0.003956659776343663
27,0.002364611901015453,1.1067057902811661e-05,1.2788748628491674e-05,3.394463843639204e-05,0.012017864059912436,0.008856636655666135,0.0016957979158294693,5.555740638335514e-05,0.02201108156958852,0.0024308540925694943,0.0002761092124669111,1.6556284943988474e-05,3.2632125278859153e-06,0.00023596886879302757,0.0003139846356308903,0.0005566959440029494,0.242191173137775,0.18791709322054712,0.008021850649621005,3.093946261336619e-05,0.002145876525262945,0.00017772969771916514,0.5018996554858656,0.003373809155030959,0.0033490904612667256
28,0.0020611240058864377,5.405300148282404e-06,1.416148070305175e-05,2.7557930372072955e-05,0.011141123537339518,0.0070294317285865635,0.0016884079998614671,4.023183753382235e-05,0.01265497035306009,0.002173949847610396,0.00021534876972865213,1.5660504148175327e-05,4.217136224443052e-06,0.00026768342372506134,0.00020033050091847665,0.0006517768909176348,0.23560441858570116,0.19819120051507091,0.0063607270592094855,3.7994466029382255e-05,0.0025407992022518644,9.969913911470128e-05,0.5129498843137508,0.004009825180949708,0.0020140702911578337
29,0.0020611240058864377,5.405300148282404e-06,1.416148070305175e-05,2.7557930372072955e-05,0.011141123537339518,0.0070294317285865635,0.0016884079998614671,4.023183753382235e-05,0.01265497035306009,0.002173949847610396,0.00021534876972865213,1.5660504148175327e-05,4.217136224443052e-06,0.00026768342372506134,0.00020033050091847665,0.0006517768909176348,0.23560441858570116,0.19819120051507091,0.0063607270592094855,3.7994466029382255e-05,0.0025407992022518644,9.969913911470128e-05,0.5129498843137508,0.004009825180949708,0.0020140702911578337
30,0.0020611240058864377,5.405300148282404e-06,1.416148070305175e-05,2.7557930372072955e-05,0.011141123537339518,0.0070294317285865635,0.0016884079998614671,4.023183753382235e-05,0.01265497035306009,0.002173949847610396,0.00021534876972865213,1.5660504148175327e-05,4.217136224443052e-06,0.00026768342372506134,0.00020033050091847665,0.0006517768909176348,0.23560441858570116,0.19819120051507091,0.0063607270592094855,3.7994466029382255e-05,0.0025407992022518644,9.969913911470128e-05,0.5129498843137508,0.004009825180949708,0.0020140702911578337
31,0.004464701065371338,6.020506700855765e-06,2.752023823301456e-05,2.9140731500108603e-05,0.010885670813226734,0.004966230491463653,0.001890116095688208,0.00011528706689042366,0.013033505817112236,0.0022647171769395714,0.00023614528376243528,1.9644898053078188e-05,1.1162530571159846e-05,0.0002797467438217565,0.00022172990720669447,0.0010963048467318955,0.34546929104628793,0.23965405240036297,0.011515552886435243,4.585292772239699e-05,0.002733049815569841,0.00010895862102801704,0.35353174200463294,0.006013730281313706,0.001380125803373848
32,0.002171601622017828,6.524487588424221e-06,1.5179707465642147e-05,2.759454909642117e-05,0.01140966182166626,0.007414566723083116,0.0015169827517998414,4.062377544375764e-05,0.0125774452411667,0.002113688762180941,0.00020242096200875117,1.4508705634984428e-05,4.6303711210751804e-06,0.0002604183644353453,0.00019716562946058417,0.0006942147197128365,0.24646869481454278,0.20950542153574328,0.008151646901479593,3.6698111400757807e-05,0.002465750330731435,0.00010581457495969844,0.4883296238140251,0.004295329531761691,0.0019737921914729155
33,0.0019945041268016705,5.16978861334558e-06,1.4343441018998101e-05,2.7214958982032528e-05,0.01164920336076426,0.006564607851519404,0.0016232023897605743,3.9773418618167074e-05,0.014162645510956444,0.0022659341947484446,0.00025724477840784887,1.594323365937758e-05,3.687722858523607e-06,0.00027837318100435484,0.0002322307991061779,0.0005821744122789273,0.209547109915519,0.182082324245732,0.005389737996760348,3.93783122197423e-05,0.002650513641764241,9.092506131640072e-05,0.5549591593310135,0.0033741101566461848,0.0021504881699299667
34,0.009595535302292884,5.599368676464332e-06,2.8984297857929834e-05,3.741249810277791e-05,0.020851268116122045,0.003311276116614224,0.0017030646632310797,6.256921981792087e-05,0.01701444422092263,0.002711606716972915,0.00042590127853346123,1.1499691710726093e-05,9.478056651708923e-06,0.0004806404114440829,0.00018077124422235827,0.0008185139352878349,0.3145535838821212,0.19955352372720542,0.01444525975626352,4.555088929801458e-05,0.0016775931641181277,7.05435345042591e-05,0.4062301529911531,0.004138013752985745,0.0020372131638896926
35,0.005311506469195127,1.1887492828010384e-05,1.7457027677501227e-05,4.1603374800339556e-05,0.015163376686879861,0.007662521501698449,0.0020350973726383148,0.00011775043978258203,0.037083757106229055,0.002778875100415996,0.00029794854849222844,1.4475420830004122e-05,5.6992909570367645e-06,0.0001834434107823016,0.0002672333505008929,0.0007585688778746558,0.33971191591396604,0.1991329611080066,0.013676507017784422,3.056871133231319e-05,0.001692927086612517,0.0002053195481775378,0.36735005932672804,0.003566016503237643,0.002882523312572643
36,0.0019924263678269575,5.530585475071555e-06,1.4485496715736906e-05,2.7405471574269247e-05,0.011691073483891187,0.0072839000248252,0.0015547420583140027,3.703651315919171e-05,0.013011537632774533,0.0022159822337309335,0.0002094645936319449,1.3928067052476074e-05,4.125171118584646e-06,0.0002566959592253014,0.00019690996663039847,0.0006394469251132211,0.21650590119218827,0.1905787072138909,0.006541605700870439,3.8081108711447454e-05,0.0025450202306704518,9.006761046307392e-05,0.5386558350947983,0.003934257320216452,0.0019558339771316427
37,0.0023563690831898587,2.134250469975255e-06,1.222814368893318e-05,2.0033445224537603e-05,0.007762599761363266,0.0032969425463069864,0.0019158293263223658,1.7522525427321002e-05,0.0036920450043696085,0.0013137068819794274,0.00013200314997953135,1.532257136938896e-05,5.268240671999012e-06,0.0005956185557835823,9.105785415266245e-05,0.0006193951119097433,0.23631894584365723,0.1881171417148219,0.004001918787369946,3.663944040621356e-05,0.0023883907336097725,4.478658606546245e-05,0.539021208541788,0.006700542765462286,0.0015223491346099223
38,0.0011857350097511027,3.910872585438731e-06,1.0830814002062135e-05,2.4542168932699857e-05,0.0067606454885913055,0.009859006224942677,0.0014974437560006395,3.1461376631030795e-05,0.007586794343416968,0.0016516918507617788,0.00015228498663982714,1.5584484886812145e-05,4.111122032012028e-06,0.00020679261603033386,0.0001871643117394335,0.0009429662468925908,0.1755597296180313,0.2790190435344461,0.006057720179617284,3.3569503080573913e-05,0.0032651530979622076,8.628431337247818e-05,0.5008302205853316,0.004047605959431681,0.0009797075348900932
39,0.002974920316016037,4.657824391343093e-06,1.3040735832258378e-05,3.060538780101397e-05,0.013861146884284139,0.004844322782735998,0.0020076232318598742,3.5069412221952644e-05,0.013456060813773922,0.0028038670340478555,0.0003295971528422994,1.3237352324290526e-05,4.296094549069675e-06,0.0004049692411006943,0.00020146114797659867,0.00047864908143630235,0.21711820531842527,0.17584658395771433,0.005479535633773172,4.237855293327385e-05,0.0016400475187734855,7.802425623021933e-05,0.5517750987229174,0.003771162987203074,0.002785438558836018
40,0.002105512376628826,5.478409214234082e-06,1.4553819597635866e-05,2.753969164097145e-05,0.011498592992555115,0.006907909470372017,0.001702123232273262,4.0052690848842965e-05,0.012603476815462533,0.0021567010941178767,0.00022010439854248153,1.600166349516386e-05,4.263680376149962e-06,0.00027916115914328014,0.00020214996666004362,0.0006516859222854275,0.2366631296838916,0.19742230172451194,0.006402290404141474,3.8419860371073735e-05,0.002561428752031418,9.96086854718422e-05,0.5123070731222702,0.004017122957262233,0.0020533174268343207
41,0.0018233556771334956,3.066665734473089e-06,1.2320349490726992e-05,1.949903628363458e-05,0.00689999830623222,0.005643465105497441,0.0020431751627599686,3.150032239630565e-05,0.007875705623145421,0.0021331490927826075,0.00014124662971084844,1.7922686526715606e-05,3.8192590702110204e-06,0.00024764495388612253,0.00013461564682589667,0.0005269794051647637,0.30947796824960755,0.1454903269682399,0.004485007258440191,3.112062179199552e-05,0.0026003528219895066,9.877525199426045e-05,0.5027911331621886,0.005437751633092174,0.0020301001100149064
42,0.002484022585816073,2.5222937280977674e-05,2.9125906508789213e-05,4.86067550691915e-05,0.01035634953552568,0.01761309006500217,0.0012254541936389388,0.00013191726338739005,0.026693467965011593,0.001958884824306773,0.0001694131315471194,1.754135343914189e-05,5.238364883633033e-06,7.521240117790558e-05,0.0002679028358838943,0.001763017050111357,0.42680127443323185,0.2338052729584179,0.028967583541671497,2.4721901838275505e-05,0.0037055807322607455,0.0005060093130534585,0.23835314745099515,0.0036538166155848425,0.0013181258843556806
43,0.0011276407676577818,3.181183548741679e-06,1.55220901754752e-05,2.3351728827691375e-05,0.008280395598988997,0.013634873528878908,0.001571483467239112,5.0654653588421143e-05,0.0131177096485968,0.003540160575705901,9.424801984085377e-05,1.447845663489624e-05,5.295757018327301e-06,9.285447508490881e-05,0.00013500742514242021,0.0009338967365546277,0.2810440020232626,0.17805326474870706,0.006655682061425489,3.999416432947043e-05,0.00437159665783526,0.0001079657861882143,0.48074430798599677,0.0054232613029617065,0.0009191711558095281
44,0.0020611240058864377,5.405300148282404e-06,1.416148070305175e-05,2.7557930372072955e-05,0.011141123537339518,0.0070294317285865635,0.0016884079998614671,4.023183753382235e-05,0.01265497035306009,0.002173949847610396,0.00021534876972865213,1.5660504148175327e-05,4.217136224443052e-06,0.00026768342372506134,0.00020033050091847665,0.0006517768909176348,0.23560441858570116,0.19819120051507091,0.0063607270592094855,3.7994466029382255e-05,0.0025407992022518644,9.969913911470128e-05,0.5129498843137508,0.004009825180949708,0.0020140702911578337
45,0.002381206214065086,5.298580333174222e-06,1.686201804689625e-05,2.9131098247129287e-05,0.010517425408259801,0.0085414499044685,0.00240003775847106,8.329457981682202e-05,0.014128904276792123,0.002792569616781771,0.0002135737523418938,2.0391410561881772e-05,7.0830622408048535e-06,0.00025212672789101144,0.0002478922666511734,0.001012663772758241,0.2652228810297715,0.2579036695589796,0.008471449182153756,4.365214702539525e-05,0.0026778529021688926,0.00012452412475135848,0.4158248461540699,0.0055658776848769125,0.0015153367684752111
46,0.0021561203320701176,5.0362235122908354e-06,1.4405028247331486e-05,2.7691637202783e-05,0.010750694370265487,0.006952145109579604,0.0017685912893514828,4.0375057605972054e-05,0.012123477858750379,0.002219094221560021,0.00020300330798567274,1.5912794441945754e-05,4.3998707852123234e-06,0.00025297403188298507,0.00017791527072764831,0.0006591387293097768,0.26491716935944953,0.18952315746312598,0.006369112439302694,3.755976144297552e-05,0.002548599365168897,0.00010496829078700988,0.4929298222164642,0.004204998883272085,0.001993637087707841
47,0.0055383071796949205,3.413068848110842e-06,2.328966898181341e-05,3.469735889603675e-05,0.00802851571098251,0.005250087076891684,0.00286394063421085,6.151904164697378e-05,0.008128447296497672,0.0023468923985215206,0.00012449907664786517,1.835190283212809e-05,9.767700100817168e-06,0.000201051630341172,7.159648197878559e-05,0.0011677271354089073,0.5304818843143044,0.1421572108423426,0.010513725666430062,2.9721444705731612e-05,0.0021037751962279384,0.00014604174261767004,0.27138682879231335,0.007965273725604708,0.0013434349129718226
48,0.0005864360690577995,2.5069533552642944e-06,6.773027928002174e-06,3.8654639670286656e-05,0.01661112296161806,0.0020855009604052593,0.0005819384735499385,8.645756261757734e-06,0.011374367150743999,0.0006371115674535974,0.002009840612902137,1.7830014859731325e-05,4.929093641705144e-07,0.0008050569870579186,0.0006998747262925123,0.00021660667667435353,0.015542564478069917,0.1561466140069957,0.0003640494283097029,6.089857266530247e-05,0.003104900802274594,1.6209598564019855e-05,0.787274291863809,0.00015925521463135194,0.0016484565474853708
49,0.0017765911477621264,7.68613812707753e-06,1.9692250139297734e-05,3.1573843137463225e-05,0.012237139961646715,0.011737256532839382,0.0019673496395295038,5.3857992330713785e-05,0.015628991468073006,0.0026000156632896526,0.00018950999515831546,2.3300172833179237e-05,4.769395206442613e-06,0.00018564586696169922,0.0002084390934923791,0.0008360012457748572,0.3020961067163558,0.1863489806541387,0.008020659816219652,4.199127445964499e-05,0.003484607050924267,0.00018852382759699526,0.4456975926002021,0.004521785271230416,0.0020919323825708
50,0.006063948730394716,1.6738009058982238e-06,1.9370824033570836e-05,2.7225800593849696e-05,0.010828608475716487,0.003755134568982045,0.004616530466526205,8.171143262032309e-05,0.010669255757424362,0.005584525562489569,0.00023507874821862196,1.855641286220947e-05,1.2466426845748065e-05,0.00039151216557686244,0.00011204783488837197,0.0007171203170657413,0.41998755532978427,0.14167890317797283,0.006148670676493685,5.3312256775444414e-05,0.0013757895898459877,7.32308932232326e-05,0.3762640879858355,0.009294222859126074,0.0019894599057982327
51,0.0016778670074825614,4.920981712279208e-05,1.0932978546761355e-05,7.89453630175706e-05,0.010057756955978906,0.01210884371714285,0.0008756739042752087,6.468567518418894e-05,0.020625231346535725,0.0011886369526845227,0.000519236344835605,1.9153681977463425e-05,1.9764700470695036e-06,0.0002457534430603479,0.0008271077237349875,0.0006607573778669825,0.14810318808337175,0.346597365309695,0.009057856814600081,2.8581256637773807e-05,0.003157557665225656,0.00039268099069319346,0.4388654268096197,0.0015313830184465842,0.0032541912922167825
52,0.0018077506960730507,3.748199703944833e-06,1.0061857715942337e-05,3.522518296823334e-05,0.010667254084409128,0.0128008472769582,0.0014332737941690466,7.538047063171288e-05,0.01539228902133346,0.005285866971000121,0.0003250176920722122,1.8591235323702665e-05,6.386431937404099e-06,0.0002580250597553927,0.0003543677237377138,0.0008201523209923403,0.12628476454423943,0.39591753357814796,0.0073033673046900595,6.524243005678647e-05,0.0019852268226405833,8.310829215501592e-05,0.41444774004239865,0.0034911547110498637,0.0011276242558400946
53,0.0008883450176328234,1.1648264489944445e-06,7.609764560067399e-06,1.9157714994810645e-05,0.007209172078869367,0.0037847694347624143,0.002202485773478459,1.6629269231652254e-05,0.006364021402705976,0.0014606821771336782,0.0002076768877804599,1.572593406821995e-05,2.3557393868689843e-06,0.000302078569004444,0.00012459794200333517,0.0004290803873141153,0.13726547779310358,0.15862876528794814,0.001208389917095047,4.482693626973941e-05,0.0026403191593578432,3.7589463975870625e-05,0.673339085340888,0.002444947757605003,0.0013550454243809549
54,0.0026650134387402025,2.488800631245481e-05,1.2031703927228706e-05,4.09439514749866e-05,0.011790928866804867,0.010400765517711593,0.0018275066554348093,5.2597916717122546e-05,0.02075408734701158,0.0018666166877205983,0.0002599016971089077,1.940580971142882e-05,2.6563494506643405e-06,0.0003645100633064766,0.00045722621634288184,0.0005814678634626281,0.21566947079715948,0.19045070743508713,0.010637568714979024,2.1772234349134476e-05,0.0021747184847101036,0.0002721575948850351,0.5200747789440545,0.004189088070245442,0.005389189633291846
55,0.0020117206342122143,3.6286931739708113e-06,1.1986090624281342e-05,2.267907292138098e-05,0.010993852618439432,0.008308123453257333,0.0027092222345933966,6.271189138971214e-05,0.01313297384919294,0.0018870239005403906,0.00016745512631865159,3.643354598860838e-05,6.124999061418133e-06,0.0003509914813590533,0.0002006232623690222,0.0009535883298228701,0.22342038411716053,0.278349057231032,0.0050685813576802075,4.519152646119074e-05,0.0026505257281523183,0.0001035955074659535,0.44252761528143214,0.005161009087419696,0.0018149009799312856
56,0.0021631589940236213,5.112064697166898e-06,1.4730970509977453e-05,2.7954119064097395e-05,0.011154642526493772,0.007238434261962617,0.0018036091738877662,4.412043009938376e-05,0.012521640487340136,0.002304997564837026,0.00020626370680398176,1.60652986619693e-05,5.017650042161158e-06,0.00026471762464184696,0.00018764215280210074,0.0007048343885772428,0.2468450932927324,0.2049839475704639,0.006684873470035557,4.068107358900329e-05,0.002491867224140889,9.864021988687656e-05,0.4938762834675776,0.004409266114457619,0.0019064061526712745
57,0.002068422070484962,5.028885507148915e-06,3.658032903853894e-05,2.304478728412695e-05,0.01826257438611586,0.009120623913836936,0.0023276426315481363,5.502923904596365e-05,0.015175233535010983,0.003197904495916277,0.00018703809588984692,2.9074174880201625e-05,7.450356564700422e-06,0.0002419534373520841,0.00016836528286386836,0.0010183776601249074,0.35116047603049483,0.14486575961468745,0.00854146823063826,5.6540722838895826e-05,0.004171189339165587,0.00013010351597026745,0.4314788676549358,0.005785443683119653,0.0018858079266845945
58,0.0019375819473991774,4.764604225929905e-06,1.3625514363110295e-05,2.244808888602039e-05,0.00963510918962231,0.007404801241182738,0.001764390101786693,4.033820350278497e-05,0.010656817400736075,0.0023550146418296098,0.00014623770240736756,1.5510111050417226e-05,5.097868822939043e-06,0.00024634183222582115,0.0001640749397684524,0.0006515863763090627,0.25579052105578065,0.191879208248949,0.0068179985421292656,3.6549654231749096e-05,0.0024266467244213326,9.587508540454227e-05,0.5002324291367896,0.005821725139276594,0.001835306648898793
59,0.0020027982527889925,4.654080321015059e-06,1.6345428938300196e-05,2.346930635197665e-05,0.010515933677808165,0.006986937375985739,0.0018634927011914233,4.1476953239758016e-05,0.010800160594010436,0.0023136128204370877,0.00016155186321490275,1.656632186223652e-05,5.34733848548224e-06,0.0002558338672585405,0.0001632798426114102,0.0007058818867211503,0.2657893166343258,0.1838388923143083,0.006650630904740698,4.0206882859596316e-05,0.002680190061198305,9.525955941661564e-05,0.49766228328523804,0.005569895405336453,0.0017959826413495293
60,0.0020611240058864377,5.405300148282404e-06,1.416148070305175e-05,2.7557930372072955e-05,0.011141123537339518,0.0070294317285865635,0.0016884079998614671,4.023183753382235e-05,0.01265497035306009,0.002173949847610396,0.00021534876972865213,1.5660504148175327e-05,4.217136224443052e-06,0.00026768342372506134,0.00020033050091847665,0.0006517768909176348,0.23560441858570116,0.19819120051507091,0.0063607270592094855,3.7994466029382255e-05,0.0025407992022518644,9.969913911470128e-05,0.5129498843137508,0.004009825180949708,0.0020140702911578337
61,0.0020680503705881536,4.857539022282544e-06,1.643225146088912e-05,2.3336660719455742e-05,0.011022018119787248,0.006835369102300971,0.0017672208412074773,3.963604201875288e-05,0.011383493471830387,0.0022871331110228266,0.00017548800597282853,1.640862233495947e-05,4.970972518476962e-06,0.00026849565191036743,0.0001727720367880121,0.0006753160657252998,0.2600065275692159,0.17831850204466257,0.006739696071179181,3.8888973682538376e-05,0.002671887141636546,9.397532146992623e-05,0.5083264879048651,0.0051250213184853635,0.001918014789594444
62,0.0020611240058864377,5.405300148282404e-06,1.416148070305175e-05,2.7557930372072955e-05,0.011141123537339518,0.0070294317285865635,0.0016884079998614671,4.023183753382235e-05,0.01265497035306009,0.002173949847610396,0.00021534876972865213,1.5660504148175327e-05,4.217136224443052e-06,0.00026768342372506134,0.00020033050091847665,0.0006517768909176348,0.23560441858570116,0.19819120051507091,0.0063607270592094855,3.7994466029382255e-05,0.0025407992022518644,9.969913911470128e-05,0.5129498843137508,0.004009825180949708,0.0020140702911578337
63,0.0019175514467094632,7.98965233762938e-06,1.3264650450675689e-05,2.911951620044791e-05,0.010976840464729992,0.007730236264491731,0.001453412989427279,3.962392387460438e-05,0.013886782892511053,0.0019294245895832103,0.0002192521065970185,1.4658642569779369e-05,3.6706824763352754e-06,0.00025381530325412684,0.00023649793140063198,0.0006135612980140866,0.22106392692454804,0.20609125773927353,0.007161330057738775,3.395496092407282e-05,0.0024994323560660536,0.0001191461187573893,0.5177519618142735,0.003661108067789171,0.002292179606001405
64,0.0015634487608471518,4.603125398140742e-06,1.6816356695672e-05,2.345301844008129e-05,0.010118398129204452,0.006652227402520099,0.001389640825115477,3.148941052784276e-05,0.010168190628904072,0.0018370062069188024,0.0001815941321648803,1.6642844700804042e-05,3.7861652065579246e-06,0.0002418141030275067,0.00017837314604671154,0.0006452927231246827,0.2329097141336446,0.1664522852982611,0.005149193091707637,3.8690038971646694e-05,0.003695005397677856,8.665595631747272e-05,0.5531327859306339,0.00378347190743523,0.00167942126650769
65,0.000573231538562126,7.3196911215551774e-06,6.840720512047667e-06,1.7023007627263604e-05,0.005696145248011884,0.008054704784557946,0.0007447498664416311,1.3920345895369388e-05,0.0067448535349677085,0.0007323448596800578,8.045244346459706e-05,1.1430928660264775e-05,1.6151984942597876e-06,0.000173582574299718,0.00016334837620555993,0.00040680654925561203,0.13829749677463604,0.18870988142252104,0.003604658456857041,2.2742908044948058e-05,0.003390224156056551,8.522600426813203e-05,0.6376183010169687,0.003044776428954364,0.0017983231639355584
66,0.003947541285289184,2.061928413520546e-06,3.3794778724039904e-05,2.7394169026288075e-05,0.02330834692568432,0.0061342599952217,0.0031871627452282046,4.6466730833055334e-05,0.013536177431747986,0.003864198676974344,0.000181968252419372,1.4235887984673907e-05,1.318568760344685e-05,0.00025312692489457857,7.111093025202053e-05,0.001100343659560653,0.37901517959046666,0.1433866214590312,0.008634233407552632,6.885829588404022e-05,0.0023828868557716817,5.786462908895293e-05,0.4030646018220587,0.006398223762254002,0.0012701541680346306
67,0.0002956869038996015,4.972133283075051e-06,3.823135856523631e-06,1.2938074713049477e-05,0.002733268283996346,0.009080398548748734,0.0006030328424255306,7.906535548686939e-06,0.004039136483233363,0.0005787200494942284,5.485978334163723e-05,8.914321840072133e-06,1.018447008946489e-06,0.00011280676608966462,0.00012071008797154587,0.000288027139620088,0.12656733827088532,0.17335508772632133,0.0023827604274814823,1.7597901501232874e-05,0.0030206854202909,7.635761605698063e-05,0.6724143591500604,0.0026535342848770602,0.0015660596654541
68,0.0032707083504340544,6.192109330273604e-06,1.7307877203698814e-05,3.131092854599086e-05,0.013648790951409447,0.005435216784723717,0.0016839571282096912,3.7978412021199495e-05,0.014578314429334256,0.002369501971727065,0.0002551094990250175,1.1626058708363136e-05,4.687915820130488e-06,0.0002990406702468034,0.00017215865808602578,0.0006473135398997541,0.27495510652518085,0.16865664906828676,0.008695526583826227,3.511608598239639e-05,0.001956455415836657,9.593528464977482e-05,0.49672263270090095,0.00407268629091448,0.0023406767596964428
69,0.0018050327616859453,5.063002734264709e-06,1.2463369607596825e-05,2.7068710365754943e-05,0.010678009055605783,0.006452712075241446,0.0014978611908389142,3.659040182556898e-05,0.012805248376086924,0.0020596750229453457,0.00025193206430053485,1.4918084263008924e-05,3.5182126778492663e-06,0.0002582947707019971,0.00021815462888878626,0.000547000346920385,0.21217873679345525,0.2000113461319628,0.005099271278832915,3.932280783839524e-05,0.0025270537180538356,9.194298730040024e-05,0.538222189767501,0.0031096715260888735,0.002046922914276367
70,0.001784505286488011,5.4047713321327784e-06,1.6463900233398556e-05,3.487487702827014e-05,0.012798718418276305,0.009122614385444636,0.0018304479333031824,4.014352095590331e-05,0.01537763699096148,0.00229578026234652,0.00025657386474540686,1.7492165595825045e-05,3.926766834396069e-06,0.00024246269159428703,0.00021257547284377916,0.0007993441745446902,0.20068353644701742,0.19657150809777688,0.005714110794409478,4.448973381917447e-05,0.003054481693639716,0.00010246718100475188,0.5439284526648953,0.003188612858735431,0.0018733750461736648
71,0.002763483698659302,2.813087367453611e-06,1.490836810583398e-05,2.594031583451152e-05,0.01268998297357443,0.006385254195064481,0.0033583393562316216,5.21289762171784e-05,0.014349249714629567,0.0034183633674902372,0.0001836167873309291,1.646845639923565e-05,6.369853007218623e-06,0.00027092745193030087,0.00013167152823643263,0.0006600314274026495,0.30339897558407314,0.1545795728546532,0.005249979442827359,4.5522370618933935e-05,0.0019700804056520115,8.508781597865855e-05,0.48228177874135086,0.005938644998331521,0.002120808229032788
72,0.0020735288735417136,6.223304230457861e-06,1.3592286711464455e-05,2.7648829779701856e-05,0.011098729868783313,0.006578453665143294,0.0014734747235546541,3.688806232110387e-05,0.013151438724683289,0.0021853306404119783,0.00024096381952149598,1.4746504348224253e-05,3.641362480838287e-06,0.00027244896821723247,0.00022177190531325552,0.0005479347981351808,0.22631226676387306,0.18598940008960493,0.0062357312893879515,3.612398778249685e-05,0.002414902077500687,0.00010328281213606434,0.5350409968948939,0.003596261373267522,0.0023242183743761705
