,0,1,2,3,4,5,6,7,8,9,10,11,12,13,14,15,16,17,18,19,20,21,22,23,24
0,1.9338699856769383e-05,0.00012061324155579166,6.67251554004827e-06,3.518374936395752e-05,2.3875680177177632e-08,0.0029889750485024794,5.575842909555027e-07,4.048767643532676e-06,1.0550986369359837e-07,1.1640780631528462e-07,0.0007503315190495083,0.006811248519557911,0.0007456241983410312,1.9356069859798995e-05,1.7215858790962264e-06,6.604031338162611e-05,0.9881769228250192,3.483815850718172e-06,1.8431926006293634e-05,1.540446020886052e-09,0.0001647723443220385,6.3167669809607e-05,3.248299081066774e-06,8.959068304026303e-09,5.0142242678945295e-09
1,1.921207836030972e-05,0.00011451675533004601,5.9868313996609755e-06,3.699806325205062e-05,2.6062127016854235e-08,0.002629022981480877,5.388862443001154e-07,4.513843509491375e-06,1.4738817020433368e-07,1.2451928163073135e-07,0.000670797228833616,0.005683123148710276,0.0007391817906397244,1.597728468975184e-05,1.5091745620457406e-06,7.846091023014438e-05,0.9897918440995224,2.8376001078161194e-06,1.835467355522487e-05,1.4874304413073426e-09,0.00012879092755557292,5.4917085305214176e-05,3.1032762737074472e-06,9.515119697325546e-09,4.388308912427501e-09
2,2.5607621927630324e-05,0.00014311687549303898,8.006632408227173e-06,4.08340436042056e-05,3.912255637377982e-08,0.0032155474361710424,8.310026690575001e-07,5.759745473739818e-06,2.1359632224434183e-07,1.920309007035162e-07,0.0008646548198088518,0.0061552907048998285,0.0007086267208678953,2.999234599204413e-05,3.0049565151057588e-06,7.423865897015716e-05,0.9883787148465039,4.187812210075171e-06,2.5376102118511125e-05,2.9852887740766007e-09,0.000193340986636551,0.00011656171929871301,5.833097794244805e-06,1.5107577123906715e-08,1.1027991915109041e-08
3,1.9278135180667967e-05,0.0001198129989951571,6.523416072689481e-06,3.5306698951428857e-05,2.3930683807161067e-08,0.0028226394805704502,5.411160678924174e-07,3.886371530316712e-06,1.0732167933945101e-07,1.1464137840183146e-07,0.0007559534283478721,0.006649087851945869,0.0007272464848263781,1.9522894889102613e-05,1.6762597705246235e-06,6.350594280111147e-05,0.9885296021316029,3.4654361970176473e-06,1.7366316821810123e-05,1.452615062071346e-09,0.00015867164914483444,6.247743583527514e-05,3.1745433292516253e-06,9.018764017305851e-09,5.041998482404536e-09
4,1.7981492115633515e-05,0.00012414841580611594,6.3985748502404465e-06,3.4832589419537823e-05,2.3925899332118177e-08,0.002597188843034344,5.158779342138974e-07,3.7159466880000185e-06,9.883608123915175e-08,1.0707767381071996e-07,0.0007653441545184416,0.007442535984363182,0.0008741102397150735,1.9640260869779762e-05,1.3594325272955999e-06,6.134613896794535e-05,0.9878217284595487,3.5983000573940605e-06,1.6719919783879673e-05,1.3481087265098092e-09,0.00014810832154884198,5.773508456496351e-05,2.748458871171525e-06,7.824368599067075e-09,4.492683443656654e-09
5,2.103003880272434e-05,8.188538372452152e-05,5.8387025095276424e-06,3.701819586427026e-05,1.781168721984749e-08,0.0020896502355121417,4.3205744505225464e-07,3.355882298776314e-06,9.19327580821292e-08,1.0982791019058391e-07,0.0006304253412379641,0.005857406608157929,0.0006008112201269625,1.8112412261515116e-05,1.124698831196686e-06,5.4841178432843254e-05,0.9904035179871039,4.8239490332623794e-06,1.1427928767566501e-05,1.4418993535500393e-09,0.0001265513292434468,4.8679942675699686e-05,2.830782226114292e-06,1.015675621572696e-08,4.954733481268289e-09
6,1.9278135180667967e-05,0.0001198129989951571,6.523416072689481e-06,3.5306698951428857e-05,2.3930683807161067e-08,0.0028226394805704502,5.411160678924174e-07,3.886371530316712e-06,1.0732167933945101e-07,1.1464137840183146e-07,0.0007559534283478721,0.006649087851945869,0.0007272464848263781,1.9522894889102613e-05,1.6762597705246235e-06,6.350594280111147e-05,0.9885296021316029,3.4654361970176473e-06,1.7366316821810123e-05,1.452615062071346e-09,0.00015867164914483444,6.247743583527514e-05,3.1745433292516253e-06,9.018764017305851e-09,5.041998482404536e-09
7,2.50524577842937e-05,0.0001841182391704617,1.1481772509575859e-05,4.3328940181159904e-05,3.30611647343989e-08,0.0026439392342633965,6.255072230556808e-07,4.734169433080163e-06,7.817293390291305e-08,1.1052819680849489e-07,0.0012206787402466574,0.010813772863655176,0.0017458281025346776,1.766751562624329e-05,1.410059530225326e-06,7.046331526778274e-05,0.9829318001647096,4.068331095040684e-06,2.5383827567858118e-05,1.2323639973883564e-09,0.00019964574002613887,5.38827258559526e-05,1.883533894198654e-06,8.650602867496327e-09,3.1141629790459906e-09
8,3.152803017080567e-05,0.0001306900836615431,1.039308462088887e-05,6.195291901194572e-05,3.920491802848303e-08,0.0027990990431159234,7.56181557467817e-07,3.8535438097613475e-06,2.679436653141247e-07,2.781533896921358e-07,0.0011578762039475352,0.003929512273492671,0.0004506593537633097,4.2215912819666935e-05,4.212647883407813e-06,5.9482735719548297e-05,0.9909816731091904,5.068543544404751e-06,1.3594840124029054e-05,2.3901796624624123e-09,0.00019224977925740686,0.0001187701279545715,5.764719641662939e-06,4.303959317554064e-08,1.6134967308405392e-08
9,2.0376263610563922e-05,7.972729577263255e-05,9.609746156163808e-06,5.738484736730859e-05,2.4870237750599636e-08,0.0027727980115685143,4.555162092897104e-07,4.071610496871586e-06,1.429114117871042e-07,2.0814615163765263e-07,0.0008324581603754753,0.003935410936990903,0.0005758235984501209,2.7265022353734065e-05,2.0072083768036207e-06,6.55993980224456e-05,0.9913547076931893,3.7971365095524567e-06,1.3019257284084874e-05,2.1926259645588677e-09,0.0001667427483414985,7.45624732887088e-05,3.7768456837583065e-06,2.2569726191462995e-08,5.539798995993699e-09
10,1.9278135180667967e-05,0.0001198129989951571,6.523416072689481e-06,3.5306698951428857e-05,2.3930683807161067e-08,0.0028226394805704502,5.411160678924174e-07,3.886371530316712e-06,1.0732167933945101e-07,1.1464137840183146e-07,0.0007559534283478721,0.006649087851945869,0.0007272464848263781,1.9522894889102613e-05,1.6762597705246235e-06,6.350594280111147e-05,0.9885296021316029,3.4654361970176473e-06,1.7366316821810123e-05,1.452615062071346e-09,0.00015867164914483444,6.247743583527514e-05,3.1745433292516253e-06,9.018764017305851e-09,5.041998482404536e-09
11,1.8002309788581863e-05,0.00011622964185731165,6.3216617742203315e-06,3.471428040915703e-05,2.2906667377861197e-08,0.002707330226340891,5.288577235878229e-07,3.976785732706066e-06,9.995314582288778e-08,1.0797920262204319e-07,0.0007094593833026601,0.00691697647794905,0.0008018271676162819,1.833072783525504e-05,1.455741549699989e-06,6.451944963393048e-05,0.98837103096956,3.4142682076258443e-06,1.7216046824246607e-05,1.401080098129735e-09,0.00014751303469522176,5.804840112342756e-05,2.8599389262815308e-06,7.920390031912151e-09,4.468663771101266e-09
12,1.855194740587883e-05,0.0001051529914811754,6.452834479286092e-06,3.4876021379493976e-05,2.0083862703301556e-08,0.002477795375289595,5.240827303180204e-07,4.268091366639477e-06,1.00653415595752e-07,1.1954465664938527e-07,0.0007132634740325142,0.005957467425903132,0.0007077102976702086,1.660266981063622e-05,1.6268783054573267e-06,6.258077964126663e-05,0.9896468851759601,3.0258385083299437e-06,1.7323954000478292e-05,1.317708429154858e-09,0.0001567628208864325,6.618784570844285e-05,2.6868082915903315e-06,8.940294554899495e-09,4.147210879406561e-09
13,1.673360362062374e-05,7.09479546508832e-05,3.927645124752915e-06,1.4457947980903833e-05,8.611090488576736e-09,0.0028063539379801243,4.6036401774433596e-07,4.451922456818075e-06,1.3319663359177405e-07,1.1443175854972067e-07,0.00010634485838716751,0.003281245160738189,0.0002181318878308183,1.0076460809713505e-05,8.598371900679015e-07,3.7476430929939713e-05,0.9932659984130712,2.957368396753546e-06,1.2918749344253293e-05,2.218786617295714e-09,6.846125063324375e-05,7.554921298398805e-05,2.375094958495274e-06,5.360349897199535e-09,8.080275240648077e-09
14,2.1211575203064623e-05,0.0002822618324233031,7.69664126444618e-06,2.800512269895841e-05,4.014728651561281e-08,0.004701578953476372,5.787089035454518e-07,3.0229083770816016e-06,7.605929584435353e-08,8.994881590849798e-08,0.0012501877944014598,0.01627002681436323,0.001395253987017195,2.4706911611112437e-05,1.711258651978333e-06,7.620323139581614e-05,0.9756111772095342,3.795502849109329e-06,3.337156024134756e-05,1.27938462390664e-09,0.00023086185093415271,5.523020289700546e-05,2.9002939493564386e-06,5.7050840106092365e-09,4.499940364188817e-09
15,1.9278135180667967e-05,0.0001198129989951571,6.523416072689481e-06,3.5306698951428857e-05,2.3930683807161067e-08,0.0028226394805704502,5.411160678924174e-07,3.886371530316712e-06,1.0732167933945101e-07,1.1464137840183146e-07,0.0007559534283478721,0.006649087851945869,0.0007272464848263781,1.9522894889102613e-05,1.6762597705246235e-06,6.350594280111147e-05,0.9885296021316029,3.4654361970176473e-06,1.7366316821810123e-05,1.452615062071346e-09,0.00015867164914483444,6.247743583527514e-05,3.1745433292516253e-06,9.018764017305851e-09,5.041998482404536e-09
16,1.9705295274040744e-05,0.00010689313307771208,5.90062291057398e-06,3.132792311886523e-05,1.8758812551249643e-08,0.0023778825064683846,4.6419782029678814e-07,3.309099916671379e-06,8.384080091655355e-08,1.0989315534338005e-07,0.0007162763105788679,0.006993881163427305,0.000630031459562221,1.8913429171078457e-05,1.4016340767447603e-06,5.201765926037931e-05,0.9887923185431667,4.058468069589984e-06,1.4824429710860091e-05,1.3140315991074923e-09,0.00016601358276249485,6.172551766146186e-05,2.827968142026605e-06,8.207360092402618e-09,5.041663167128193e-09
17,2.0405858502494834e-05,0.0001003674296009539,4.435011766713309e-06,2.2406120440626455e-05,1.5971078009656423e-08,0.001572649392278325,3.6518297266529644e-07,3.263501955139649e-06,6.831746928323341e-08,7.804834762650661e-08,0.0005239912726147969,0.009463336313390974,0.000780066896152635,1.8153740147226447e-05,6.556604289328451e-07,4.1748622710692765e-05,0.9872453213829914,5.597743816093115e-06,1.442654346372405e-05,1.2677675999624165e-09,0.00012436283306346965,5.5729630064268176e-05,2.5435241320114864e-06,4.576635273058806e-09,5.1582089455605376e-09
18,1.914644908507754e-05,0.00011804032899362638,6.285978507706288e-06,3.3998136943154816e-05,2.297982897987788e-08,0.0027478981125258805,5.312536030685639e-07,3.798579618619846e-06,1.0605938400316192e-07,1.136400335147686e-07,0.0007310424907074301,0.006623330004026641,0.0007107241010578812,1.9364556014185068e-05,1.6105376316878296e-06,6.177660552269978e-05,0.9886813311618002,3.5009571959793923e-06,1.696537178391398e-05,1.4361343834393855e-09,0.00015473521277096526,6.253526226365594e-05,3.126890610740322e-06,8.782321419117562e-09,5.111634454102585e-09
19,1.946332071837676e-05,0.00013935209231444337,8.530024866665496e-06,3.99837728266771e-05,3.1403421672880656e-08,0.0025591609579149878,5.817554354153486e-07,5.177238057091764e-06,9.888397726879129e-08,1.0350349223729323e-07,0.0007886679896221332,0.009409458870762433,0.0011004144900326515,1.866954655823258e-05,1.4644945489151893e-06,6.899769352960976e-05,0.985583676782087,3.780974711725767e-06,2.180959568305363e-05,1.4694915848918974e-09,0.00016323836490596236,6.489619465707165e-05,2.4295664498548317e-06,7.12134127765319e-09,3.892593556073762e-09
20,2.1074956287140805e-05,0.00015709422462827744,1.1317838202643941e-05,5.2469253359465706e-05,3.6106485763555135e-08,0.003995515615926445,1.0461872172922236e-06,7.630152493099734e-06,1.4466729833529477e-07,1.9710452439462594e-07,0.0011970198984931648,0.006381159490977017,0.0007921121880761077,2.449862473979733e-05,5.6839409964589e-06,8.218900281053201e-05,0.9867265434827979,2.7182092542263767e-06,3.2307112232272156e-05,2.158326536276518e-09,0.0003575709196309558,0.00014689432603592762,4.752741101084202e-06,1.497177347097693e-08,6.826331732964797e-09
21,2.6403494251834282e-05,0.0001565917756253968,7.420847588918027e-06,3.647186290308501e-05,3.0561105478236445e-08,0.0023794695365943813,3.862161468204863e-07,3.2948035404135523e-06,8.56643910980025e-08,1.1885661057490242e-07,0.0010180980377807506,0.010372813332157137,0.0008506049821474601,2.291130056502844e-05,1.2677211640450203e-06,5.7353292418550296e-05,0.9847696696412074,5.086837567764834e-06,1.851919442245337e-05,1.3304811962364363e-09,0.00021453126684076052,5.597610561911988e-05,2.8797511439355545e-06,8.66954431471545e-09,4.918182066147086e-09
22,2.195642199108923e-05,0.0001843756069129206,6.775192239462459e-06,3.54933588343036e-05,3.675849217487071e-08,0.00360115635304063,7.863652050735805e-07,4.6876148572836085e-06,1.5780410080596947e-07,1.1173983828014007e-07,0.0008563875236460083,0.00823750105337189,0.0009075997046153066,2.32445267268582e-05,2.2902850166347447e-06,7.485650428662108e-05,0.9857682695607712,3.5421918326435644e-06,2.456574344088688e-05,1.7577313480552284e-09,0.0001696253684850364,7.209808543367172e-05,4.463883037559543e-06,9.152600451002669e-09,7.4434914893429e-09
23,1.9278135180667967e-05,0.0001198129989951571,6.523416072689481e-06,3.5306698951428857e-05,2.3930683807161067e-08,0.0028226394805704502,5.411160678924174e-07,3.886371530316712e-06,1.0732167933945101e-07,1.1464137840183146e-07,0.0007559534283478721,0.006649087851945869,0.0007272464848263781,1.9522894889102613e-05,1.6762597705246235e-06,6.350594280111147e-05,0.9885296021316029,3.4654361970176473e-06,1.7366316821810123e-05,1.452615062071346e-09,0.00015867164914483444,6.247743583527514e-05,3.1745433292516253e-06,9.018764017305851e-09,5.041998482404536e-09
24,1.9198275981395822e-05,0.0001275391269481111,6.878399763649855e-06,4.538968089411273e-05,3.527374565653535e-08,0.002548901488565176,4.702518201014347e-07,3.996213931546583e-06,1.0654617704010819e-07,9.519058096097689e-08,0.00090474167019494,0.008995686138567792,0.0011055256316085014,2.4194657460038945e-05,1.2171342609468968e-06,7.506250039125988e-05,0.9859320326039506,4.293871355551862e-06,1.7229868564421287e-05,1.4288436541030379e-09,0.00013610910565897374,4.803677868739403e-05,3.245998008351e-06,7.946872386071561e-09,4.2171673542492394e-09
25,2.4082659118471944e-05,9.546085822360588e-05,7.497662466125715e-06,5.233745041488057e-05,2.676222250212206e-08,0.0017783608841639089,5.967903229713616e-07,5.8771426760496635e-06,8.282715689941766e-08,1.0712087532736355e-07,0.0011655196266694339,0.007955774958389361,0.001099665042538519,1.6756744441174165e-05,1.6444705227618935e-06,7.657725213682502e-05,0.9874342139970782,4.275973919676039e-06,2.0168470084082182e-05,1.3252322159219247e-09,0.0002000775737910952,5.785247721817162e-05,3.029652828930448e-06,8.89799275468484e-09,3.3795160527111315e-09
26,2.0783880663795314e-05,0.0001111463960597591,6.2126662317551306e-06,3.8792213305811616e-05,2.4348022332812967e-08,0.0027136443880081485,5.240165437096192e-07,4.0143473257135985e-06,1.284373798515203e-07,1.1201730783801705e-07,0.000699946409499041,0.005691108495617417,0.0006753016344029782,1.7805221015780682e-05,1.5682715349494845e-06,6.588684183071428e-05,0.9897357946268666,3.4494833541188304e-06,1.5030434905286783e-05,1.478506573882642e-09,0.00014253417385400084,5.266292074495247e-05,3.511536705229354e-06,1.0561069822595794e-08,5.199243924043e-09
27,1.859523307315348e-05,0.0001324792847124455,6.395567525964261e-06,3.38117379521498e-05,2.7299194776813003e-08,0.003021930056179646,7.519685632840848e-07,4.459687009761715e-06,1.8657825878832179e-07,1.688495798916068e-07,0.0007274001729039503,0.0053344430033510455,0.0005905633549461227,2.325816443839072e-05,2.7094051054635346e-06,6.4922246881855e-05,0.9897493246307743,2.9963871636284264e-06,1.886499741264178e-05,1.957026214807662e-09,0.00015761812148484824,0.00010520101418644061,3.869509133188353e-06,1.2616285812314228e-08,8.156856356167132e-09
28,1.9278135180667967e-05,0.0001198129989951571,6.523416072689481e-06,3.5306698951428857e-05,2.3930683807161067e-08,0.0028226394805704502,5.411160678924174e-07,3.886371530316712e-06,1.0732167933945101e-07,1.1464137840183146e-07,0.0007559534283478721,0.006649087851945869,0.0007272464848263781,1.9522894889102613e-05,1.6762597705246235e-06,6.350594280111147e-05,0.9885296021316029,3.4654361970176473e-06,1.7366316821810123e-05,1.452615062071346e-09,0.00015867164914483444,6.247743583527514e-05,3.1745433292516253e-06,9.018764017305851e-09,5.041998482404536e-09
29,1.9278135180667967e-05,0.0001198129989951571,6.523416072689481e-06,3.5306698951428857e-05,2.3930683807161067e-08,0.0028226394805704502,5.411160678924174e-07,3.886371530316712e-06,1.0732167933945101e-07,1.1464137840183146e-07,0.0007559534283478721,0.006649087851945869,0.0007272464848263781,1.9522894889102613e-05,1.6762597705246235e-06,6.350594280111147e-05,0.9885296021316029,3.4654361970176473e-06,1.7366316821810123e-05,1.452615062071346e-09,0.00015867164914483444,6.247743583527514e-05,3.1745433292516253e-06,9.018764017305851e-09,5.041998482404536e-09
30,1.9278135180667967e-05,0.0001198129989951571,6.523416072689481e-06,3.5306698951428857e-05,2.3930683807161067e-08,0.0028226394805704502,5.411160678924174e-07,3.886371530316712e-06,1.0732167933945101e-07,1.1464137840183146e-07,0.0007559534283478721,0.006649087851945869,0.0007272464848263781,1.9522894889102613e-05,1.6762597705246235e-06,6.350594280111147e-05,0.9885296021316029,3.4654361970176473e-06,1.7366316821810123e-05,1.452615062071346e-09,0.00015867164914483444,6.247743583527514e-05,3.1745433292516253e-06,9.018764017305851e-09,5.041998482404536e-09
31,1.377948963310774e-05,0.00012559366170504928,5.691933722073736e-06,3.757624282102569e-05,2.445124715289024e-08,0.0037274091298752166,5.924160138163418e-07,3.0452721732980176e-06,1.2012532782334386e-07,1.2149755624947087e-07,0.0009254866948101298,0.005687264257193938,0.0006363841832897823,2.3197424361811616e-05,2.472400357516296e-06,6.776464585279302e-05,0.9884930975344315,2.484054720734036e-06,1.471794360920119e-05,1.2772653471917742e-09,0.00016337391059173764,6.625679395247131e-05,3.529529453302738e-06,1.0242273536386146e-08,4.887761417070574e-09
32,1.982381182148537e-05,0.00012912650351089262,7.047720153462561e-06,3.4551760007347185e-05,2.632173605376617e-08,0.0030808240151743334,5.980170773361167e-07,4.406747871486281e-06,1.095392010099639e-07,1.225173314884616e-07,0.0007749250054268356,0.007294471139605997,0.0007911690840917262,2.0399406547210494e-05,1.8578517458618791e-06,6.914844507416818e-05,0.9874950882287409,3.499311355293891e-06,2.1810762383007215e-05,1.6731071975902284e-09,0.00017578568341668134,7.18013827247815e-05,3.3909352368673015e-06,8.760168580827647e-09,5.3764896787427696e-09
33,3.153291570819305e-05,0.00018382753446856233,1.0914523536509049e-05,5.4944352046935584e-05,4.853619851228223e-08,0.0044132538847204816,7.945991958126416e-07,5.1503597354359314e-06,1.7024579442314986e-07,1.6968650347878077e-07,0.0013098829798769882,0.006979096415933723,0.0007013006837031029,2.7417630063180356e-05,4.258451758653035e-06,8.353130349297183e-05,0.9857566804595017,4.024465086434082e-06,2.746523819177631e-05,2.2170237476480408e-09,0.00031696736670194065,8.205078133766242e-05,6.4870730705556376e-06,1.888488661237274e-08,9.411462863886498e-09
34,3.7503080279410334e-05,0.0002158123453019728,1.023859882843105e-05,4.093663253816731e-05,5.091363888247593e-08,0.0027524292702278863,7.350177322481827e-07,5.7326812945377375e-06,1.757514951119856e-07,1.6870504460838713e-07,0.0012632816148256342,0.009480680972864051,0.0011229712710944654,2.617491284894737e-05,2.367564229225298e-06,7.676152304619133e-05,0.9845780654796523,4.551384798067819e-06,3.8112482222420934e-05,2.076011578245121e-09,0.0002422923410024656,9.652937570288224e-05,4.4036210759995564e-06,1.3901568336893179e-08,8.48267622998031e-09
35,3.217787611960657e-05,4.5516126498905164e-05,1.8227690751688163e-06,1.044198684296654e-05,4.069008724028361e-09,0.0002692287186301999,1.7621073064618017e-07,3.891214882488671e-06,5.718148188456408e-08,5.031996138543907e-08,0.00013309606608448137,0.006006494376161328,0.000441935594145928,3.5796019684954244e-06,1.074951806568173e-07,2.240457370768753e-05,0.9929505155055645,5.589814436962833e-06,7.211770323139496e-06,5.024320406836913e-10,3.636499364699205e-05,2.8742373079785558e-05,5.862110250064765e-07,2.3124484603036584e-09,2.336562791083597e-09
36,7.175069459346636e-06,5.2830161190740715e-05,2.002647064627463e-06,1.338436870023042e-05,6.4855946190688135e-09,0.0013510425119070012,3.1544811737459464e-07,2.97661856870729e-06,7.108851417274405e-08,5.407017779174777e-08,0.00019093397865894326,0.004638023521557992,0.000500192347128632,8.592009592792006e-06,4.4629220164659626e-07,4.0650733126738244e-05,0.9930936530808562,1.8862128601892728e-06,7.796590166947136e-06,7.439841284798824e-10,4.0756873472691245e-05,4.6040481689651145e-05,1.164398120527624e-06,2.1189402880931067e-09,2.1483482252275745e-09
37,3.0901542829842356e-05,8.977315918829024e-05,8.887206407708486e-06,5.134242555040521e-05,2.261164296075295e-08,0.0019636842987421,4.2711662733661626e-07,3.1634928284542177e-06,8.595368483002349e-08,1.3447251187237386e-07,0.000969476950073968,0.006261199011012253,0.0006679933625683893,2.1131936132188062e-05,1.3055848004412355e-06,5.7560175360478076e-05,0.9896471811282666,6.431739930987055e-06,1.1855378967767294e-05,1.4007335152255914e-09,0.00015870507910864545,4.604427056271587e-05,2.6688579580081613e-06,1.7792836331900798e-08,5.051673885917238e-09
38,1.3430939416928562e-05,0.00010924393433717574,5.814804693151931e-06,3.071339222146677e-05,1.8609675444860078e-08,0.0052130842028121115,6.650950237309028e-07,4.241648243129061e-06,6.475724334119245e-08,8.795134993868263e-08,0.0007477415489507655,0.007384735181664891,0.0009080780808255793,1.4838233488063896e-05,2.0383122562983763e-06,9.921706266440475e-05,0.9851976136844832,2.4819339237654787e-06,2.4512297993545152e-05,1.5224891559954534e-09,0.0001879041653734949,4.9868829322502725e-05,3.5949552730601615e-06,5.730977891134709e-09,3.125296835697205e-09
39,1.7062193237386335e-05,0.00010119702279606053,5.3433611544512905e-06,3.11565652418023e-05,1.852678684631925e-08,0.003042579849940006,5.87768385159554e-07,4.64461920883369e-06,9.188406348137999e-08,9.823818821199626e-08,0.0005633676805447047,0.006132028686410574,0.0006437408696741099,1.4441251184672577e-05,1.7027241017658532e-06,6.82619255724145e-05,0.9891223548607504,3.0056994829554463e-06,1.845179512822693e-05,1.463765713354477e-09,0.00016662913130577106,5.9668262973342536e-05,3.554131282181227e-06,6.549540853948277e-09,4.9392801716308925e-09
40,2.4692932629818154e-05,0.0003412634484421175,1.8650650090261722e-05,3.757865633177898e-05,7.26421783460967e-08,0.006872332173579498,8.798069164102154e-07,4.3616287884628575e-06,1.232166318015544e-07,1.8333368624907474e-07,0.0013796309599105,0.015280714585184825,0.0011572706708245567,4.730060363133895e-05,4.324967865602714e-06,7.850043430543508e-05,0.9742256417868591,4.825185860048068e-06,4.7308598810505835e-05,2.850210001354545e-09,0.0003206952762036883,0.00014996519249237372,3.6588731797296897e-06,1.2219193754652164e-08,9.306193593559886e-09
41,2.4160512225980187e-05,9.76256346084094e-05,6.9822974806660815e-06,3.0957298569678294e-05,1.8454144897589284e-08,0.0024756161762933097,5.871824659450705e-07,4.4663107125270305e-06,7.023333515005357e-08,1.2394225448888646e-07,0.0008098289731275675,0.007984004480088219,0.0007024219492048159,1.9169429170021934e-05,1.8142664663549594e-06,6.197213609433111e-05,0.987450716536863,4.846019236998499e-06,2.3445107643351267e-05,1.7381298876283028e-09,0.0002154802328975756,8.23554134062484e-05,3.3214201799802743e-06,8.62354570549207e-09,5.631854961155735e-09
42,1.7564324403787734e-05,0.00014239033866466537,9.87227653705168e-06,2.5697408968114133e-05,2.380410964737986e-08,0.002587127351513467,6.929972949521221e-07,1.0074210442528153e-05,9.905088275686393e-08,1.7341665433449708e-07,0.0005931429460820183,0.009027739643250729,0.0009009752590317789,1.4538073796201817e-05,2.4093576852849286e-06,6.792030328773065e-05,0.986057300285884,2.13609083612203e-06,5.288628143916829e-05,1.984994319259246e-09,0.00028408385166640604,0.0002011006605468477,2.0410502145663206e-06,5.4483465767661525e-09,3.5834670963071714e-09
43,1.7439922484283257e-05,8.080143957716281e-05,6.893835493930578e-06,3.656778231340371e-05,1.9280003273745136e-08,0.0031697447609550008,5.34353013237815e-07,5.333147854858992e-06,1.6340377567918374e-07,2.726329158459051e-07,0.0005675747076520983,0.003407352768519407,0.0004552791427243305,1.962692585257018e-05,2.233410018723092e-06,6.833188677090902e-05,0.9918306416041889,2.454737361340244e-06,1.948774232071761e-05,2.837769309085384e-09,0.00019098687510895278,0.00011441277510290063,3.823578442287807e-06,1.4875355512172181e-08,5.5744251349786894e-09
44,1.9278135180667967e-05,0.0001198129989951571,6.523416072689481e-06,3.5306698951428857e-05,2.3930683807161067e-08,0.0028226394805704502,5.411160678924174e-07,3.886371530316712e-06,1.0732167933945101e-07,1.1464137840183146e-07,0.0007559534283478721,0.006649087851945869,0.0007272464848263781,1.9522894889102613e-05,1.6762597705246235e-06,6.350594280111147e-05,0.9885296021316029,3.4654361970176473e-06,1.7366316821810123e-05,1.452615062071346e-09,0.00015867164914483444,6.247743583527514e-05,3.1745433292516253e-06,9.018764017305851e-09,5.041998482404536e-09
45,1.7251871755065634e-05,0.00011177883381570738,7.71545013609537e-06,4.3258882520518434e-05,2.558149075945718e-08,0.0036983196468919227,7.728902057337429e-07,5.609991980202841e-06,1.1574183688833934e-07,1.272326670468382e-07,0.0007981921143074463,0.0057800046446388744,0.0007697599414594655,1.7713905222864814e-05,2.8107203113526445e-06,8.695423835767433e-05,0.9883811401298636,2.701831939549644e-06,2.1680379400995005e-05,1.7350387257812194e-09,0.00017888900667484996,7.163790323495535e-05,3.5225952159541564e-06,1.0320513811411806e-08,4.410520111670016e-09
46,0.0010052846630940087,0.2139483289317624,0.0011600707891336803,0.00028318171044917104,0.0013927436493715588,0.04612073439179941,0.00028137035388345284,1.9582260466741833e-05,8.599698844360344e-05,1.6968431933188144e-05,0.29589589363907953,0.13507036865322317,0.010462075630324493,0.032108406409202046,0.005138828822847012,0.00031316897407002327,0.19947594841350802,7.240482075909084e-05,0.012755880502248976,3.30071868830762e-07,0.017908413411273718,0.0257734625592873,0.0006435499453752954,1.2226142611389353e-06,6.578336233417089e-05
47,2.394664103615907e-05,0.000156014601017839,3.826793644344385e-06,8.962312429633168e-06,1.046404272753886e-08,0.0012571735951991553,4.7302123062923865e-07,4.195047007700081e-06,7.302852265432488e-08,9.98919547625253e-08,0.00027645791827484264,0.01201653497385005,0.0006185434336184924,9.674766798978469e-06,6.629147265462442e-07,3.312636590609474e-05,0.9853287689082517,4.083757784951278e-06,2.6416151818395525e-05,1.1011059912116034e-09,0.00011472767174589653,0.00011517184483774666,1.0461931003899829e-06,2.8603575193885257e-09,5.741737046830657e-09
48,3.460460268599997e-05,0.00016310802039334993,1.1257892982613926e-05,5.470550824436654e-05,5.056032449863571e-08,0.0027071433397999386,6.552636977664546e-07,3.870555331034291e-06,1.801378825437953e-07,2.0144251846036877e-07,0.0014849842850472178,0.007581210481794789,0.000701591754436162,4.166281072298291e-05,3.091343493116375e-06,6.209796062743105e-05,0.9867696393375188,6.403466432725042e-06,1.9872332848134253e-05,2.2858348313573144e-09,0.00024243329332049215,0.0001058321591211969,5.365650120830159e-06,2.3422476569524035e-08,1.2092344313246613e-08
49,1.4780020283183213e-05,0.00012690667126274928,7.905797888164649e-06,2.6345917099878924e-05,1.905726564635811e-08,0.0035538577588842407,5.019897613192813e-07,3.401425572769199e-06,7.212590071790206e-08,1.1868380385244064e-07,0.0005851883839954251,0.008695390067005562,0.0007241536208935291,1.9986234307644943e-05,1.4721875075479693e-06,5.320008901673383e-05,0.9859134881649843,3.5986012196681748e-06,1.886636104889439e-05,1.6151281849388636e-09,0.00016868995808394215,8.005586299746887e-05,1.9886147679300504e-06,6.5531543143826984e-09,4.238166404434475e-09
50,3.3695224782749165e-05,0.00014067804757946078,6.427627783533057e-06,2.4760184638277283e-05,2.7268058226144187e-08,0.0016883101666266566,1.3804346501869879e-06,7.690738730617159e-06,2.2144636925016575e-07,2.806191592268695e-07,0.0007476892254097304,0.005967287455059095,0.0006909700495083163,2.6874788485627644e-05,3.241223774986336e-06,6.075232386854144e-05,0.990118637288921,4.853284855367217e-06,4.1383702009326565e-05,3.134687849399363e-09,0.00017468177673854026,0.00025560576915390827,4.5167202604318704e-06,1.277604924453737e-08,1.8722839832051317e-08
51,1.5080095526626626e-05,0.0001295291542304497,6.994752075323486e-06,4.6650506334132935e-05,2.3993915117280988e-08,0.001786091761899809,3.497457425750142e-07,3.2671896967250197e-06,1.1609676271741296e-07,9.897807552269517e-08,0.0007728180169627799,0.0058018719740367646,0.0008353174163935049,1.713409738692069e-05,1.04769996109378e-06,4.286849006840843e-05,0.9903647818635234,2.423787730086165e-06,8.896914300601132e-06,7.221733053150597e-10,0.00011579773019513454,4.737047968550243e-05,1.4572599763364966e-06,8.89523530748224e-09,2.378112054514903e-09
52,1.9516329315809533e-05,4.078345725449885e-05,6.665832312294843e-06,5.5227489906276365e-05,1.4315649795042136e-08,0.0019309888652545599,3.451105305842414e-07,2.8237366488456867e-06,7.608640852149837e-08,1.49264015535426e-07,0.0008174640306039555,0.003798282285895079,0.0006146722559250057,1.8789723355422997e-05,9.77845733588847e-07,7.357213476465963e-05,0.9924706658508247,5.221400244803712e-06,7.809200998599422e-06,1.6613046165595304e-09,9.650145257161989e-05,3.701137031238535e-05,2.41880969443457e-06,1.858121442575907e-08,2.909260123771265e-09
53,1.5381117351631614e-05,8.664832292187838e-05,4.1368468148324256e-06,4.37043725840701e-05,2.2353509805993753e-08,0.0030632655476473896,1.392278872487516e-06,5.9452211327266444e-06,1.9837134637546883e-07,1.1496337166505533e-07,0.0007493596725234142,0.004011093554136607,0.0006763128370699678,1.9799103173163414e-05,3.5782256185211098e-06,9.158372413635817e-05,0.9910069661688642,2.9993448916796297e-06,1.5367970321515682e-05,2.0940132640375632e-09,0.00012105157467483577,7.415098021511189e-05,6.90467112196473e-06,1.1877605237583956e-08,8.806081311046809e-09
54,1.7839006262031244e-05,0.00021393864650551874,3.058050933045505e-06,1.228423337555686e-05,1.7702922304640017e-08,0.0020757951230614058,5.027316138772014e-07,2.5705174372396373e-06,1.2624088488567374e-07,8.48126222004745e-08,0.00039999337928364184,0.009542741024248956,0.0005803835731775491,1.7933537990185288e-05,9.900092191703495e-07,3.9580017988067135e-05,0.9869021838217346,3.276157622044778e-06,1.7381108258499972e-05,9.600883763387964e-10,9.110200939888428e-05,7.607650958723539e-05,2.1286198735848867e-06,3.921923926538195e-09,8.28398741511331e-09
55,2.682766536961943e-05,0.00027003615942325777,3.6566754182214767e-06,1.7430483355306705e-05,2.7864656923506114e-08,0.0013671053479268802,4.615250870555101e-07,2.202248684952394e-06,1.2680213311952914e-07,5.133060557029943e-08,0.000583394225532394,0.018086040093976668,0.0008539085888466916,1.5888380829298185e-05,6.559151671195604e-07,3.6684617358791404e-05,0.978588437028664,6.4195860408793766e-06,1.2815701677801347e-05,6.91261178400293e-10,8.727373330071491e-05,3.88384782246459e-05,1.7047712274646718e-06,4.180181755310877e-09,7.905049500594086e-09
56,1.8941773232795562e-05,0.00012461885961792752,6.61709738686954e-06,3.5041052326508387e-05,2.4575731529995617e-08,0.0027332855173648955,5.535494067411526e-07,3.98236786073962e-06,1.0554967437554561e-07,1.1218256550487218e-07,0.0007584586664564758,0.007207362937435933,0.000831003595960878,1.9388634682202764e-05,1.5403344426977312e-06,6.459107405948289e-05,0.9879573129974836,3.5857837632320346e-06,1.7828127744616107e-05,1.452517258008035e-09,0.00015180434488557505,6.090102747879989e-05,2.9252307270339513e-06,8.440080445803359e-09,4.8271141429652185e-09
57,1.4409849901452415e-05,3.472173867725505e-05,2.263132829327826e-06,9.877637175191882e-05,1.0786612437211567e-08,0.0018351632044844184,3.804279824103017e-07,9.48724788683286e-07,2.2677981908914154e-07,9.970348406593719e-08,0.0008709718765155917,0.0007588355363041883,0.00023832593634730832,2.3917526169482664e-05,1.32722671076084e-06,4.384228836925402e-05,0.9960186831457228,3.2575334542591893e-06,8.546590797436067e-07,6.476735006699782e-10,3.6441051429812095e-05,1.0664252666156528e-05,5.817435915083115e-06,5.380408983373824e-08,6.359221016920165e-09
58,2.0908128361653355e-05,0.00011974495291653149,7.601810584493823e-06,4.016285811776635e-05,2.5563837133995796e-08,0.002903789507058486,5.915260350883793e-07,4.1528478888150985e-06,1.1777549891859094e-07,1.33906358138368e-07,0.0008316844131955874,0.006352771534391284,0.0007421164114390774,2.0429797076469393e-05,1.9565549507624147e-06,6.804451755540136e-05,0.988625527318116,3.661114896265449e-06,1.759672519141071e-05,1.61003161671616e-09,0.00016866207735312158,6.70837077993232e-05,3.218089550056162e-06,1.1890826270448241e-08,5.360970385098457e-09
59,2.1453988967518375e-05,0.00011359188877389971,8.151492611056197e-06,4.288866335084752e-05,2.6013649853009404e-08,0.00296943318472013,5.671047128607857e-07,4.05410678815603e-06,1.2179031331052099e-07,1.5033627492873708e-07,0.0008550303486741579,0.005953098894334207,0.000669557443660247,2.1319003664636096e-05,2.081900625072517e-06,6.9091868214806e-05,0.9889990126887198,3.7582478952201876e-06,1.708470448862956e-05,1.7135539366034042e-09,0.00017757923758292355,6.864435718166906e-05,3.2815632776943664e-06,1.3950923198015277e-08,5.507041273657687e-09
60,1.9278135180667967e-05,0.0001198129989951571,6.523416072689481e-06,3.5306698951428857e-05,2.3930683807161067e-08,0.0028226394805704502,5.411160678924174e-07,3.886371530316712e-06,1.0732167933945101e-07,1.1464137840183146e-07,0.0007559534283478721,0.006649087851945869,0.0007272464848263781,1.9522894889102613e-05,1.6762597705246235e-06,6.350594280111147e-05,0.9885296021316029,3.4654361970176473e-06,1.7366316821810123e-05,1.452615062071346e-09,0.00015867164914483444,6.247743583527514e-05,3.1745433292516253e-06,9.018764017305851e-09,5.041998482404536e-09
61,2.1109715818793224e-05,0.0001100642429334065,8.175039255228785e-06,4.3024758863249915e-05,2.503142436785806e-08,0.0029550454145230703,5.448105494504508e-07,4.146746701661475e-06,1.1077526538765293e-07,1.3982054339959245e-07,0.0008239493703539747,0.006020427989976631,0.0006879629596296974,2.0571849626850344e-05,1.945568919223563e-06,6.742343633622377e-05,0.9889682462319325,3.7473223098423607e-06,1.6931583042337843e-05,1.6572630496093797e-09,0.00017786435629031232,6.531730463072295e-05,3.2062563702442987e-06,1.266437417590132e-08,5.0930663360548145e-09
62,1.9278135180667967e-05,0.0001198129989951571,6.523416072689481e-06,3.5306698951428857e-05,2.3930683807161067e-08,0.0028226394805704502,5.411160678924174e-07,3.886371530316712e-06,1.0732167933945101e-07,1.1464137840183146e-07,0.0007559534283478721,0.006649087851945869,0.0007272464848263781,1.9522894889102613e-05,1.6762597705246235e-06,6.350594280111147e-05,0.9885296021316029,3.4654361970176473e-06,1.7366316821810123e-05,1.452615062071346e-09,0.00015867164914483444,6.247743583527514e-05,3.1745433292516253e-06,9.018764017305851e-09,5.041998482404536e-09
63,1.9405307701950916e-05,0.0001296168888261378,6.510630618119681e-06,3.4132637348649326e-05,2.456405736015597e-08,0.0028159970873607955,5.485802635472431e-07,3.839902226648486e-06,1.1068481609577154e-07,1.1428345239361922e-07,0.0007571097317233187,0.006890041471469495,0.0007395643854701205,1.9600453083310333e-05,1.6824150730576077e-06,6.199048316144509e-05,0.988273318292978,3.420913159924496e-06,1.7584080075505088e-05,1.410851015336462e-09,0.00015843914261924757,6.38610979567796e-05,3.0715440191052234e-06,8.848924828498006e-09,5.1627632576811275e-09
64,2.211931942277731e-05,0.00014116269047330436,8.362981088103782e-06,4.184570906550024e-05,2.967797678084753e-08,0.0032637378919872107,6.188562990871e-07,4.7235367845123645e-06,1.1473950284845464e-07,1.351349669648635e-07,0.0009119939921684033,0.007228765462559952,0.0007654307071231507,2.0431197437045274e-05,2.271245699240358e-06,6.815019250909005e-05,0.9871799506969762,3.5073954865613673e-06,2.2039577174572317e-05,1.6877715005485441e-09,0.00023698443117246262,7.384421442424578e-05,3.762362336458969e-06,1.0733965018181108e-08,5.565629057819585e-09
65,1.7896865491190722e-05,0.0001296460887756792,8.399345044706666e-06,4.2641000786475655e-05,2.7499799376408118e-08,0.003844479555485833,6.335173605245227e-07,4.307762421408274e-06,1.1066300707163661e-07,1.3162982088134427e-07,0.0008749630547075329,0.006199146602830976,0.0007452934843167456,2.162732388377927e-05,2.495014875334973e-06,7.010718246813305e-05,0.9877359247721733,3.0004912629419864e-06,1.956347125762383e-05,1.657888262773569e-09,0.0002051905182187902,7.077558863321767e-05,3.6209396543170715e-06,1.0909101617705681e-08,5.0607343366616476e-09
66,2.2097258094555607e-05,0.000111269637381302,1.1137591801066795e-05,5.602738471113025e-05,3.190668492048775e-08,0.0016942043431641403,2.73710582032053e-07,2.4659251666518295e-06,7.14050878047438e-08,1.5195162298791127e-07,0.0014095592096101423,0.007647770280123152,0.0008529438072318202,2.7924660786555606e-05,1.143046459539936e-06,5.1081412770226515e-05,0.9878502410801968,4.6706422066409225e-06,1.2109282463889286e-05,9.389581423614991e-10,0.00018576150280673044,5.7319487895737366e-05,1.7271285257921088e-06,1.3303203974895617e-08,3.1024647013653107e-09
67,1.4150575128831109e-05,9.484764907082216e-05,5.665890478709156e-06,2.999589838877537e-05,1.5870427063482247e-08,0.004231512055696026,4.879170803623586e-07,2.593785475252507e-06,7.359811314395176e-08,1.1333509722496123e-07,0.0006520694598013955,0.005854858979339823,0.0005875272313737673,2.2648920578199358e-05,1.6066782384063336e-06,5.9117362546776546e-05,0.9882091881410922,3.667167425087258e-06,1.3144253484335264e-05,1.7098724300467935e-09,0.00015852876559917809,5.4662033456220744e-05,3.5086703385835203e-06,8.810498894943769e-09,5.241398531727323e-09
68,1.2068231434264216e-05,5.658308287910798e-05,3.664481687441327e-06,2.98776692205004e-05,9.817733262584287e-09,0.0018733882407683984,3.5439085592344576e-07,2.644023713911847e-06,4.571418387957919e-08,4.8728837008318304e-08,0.0005003637603051202,0.007170701736489354,0.0009023673165155132,1.3880092166270583e-05,5.021788562445673e-07,4.671287304243966e-05,0.9892603757697442,4.967188350740652e-06,7.76621831455331e-06,1.0114645565808963e-09,8.726781735523222e-05,2.407707683829465e-05,2.326097780137572e-06,3.844899254475176e-09,2.6365642617411856e-09
69,1.522238915905208e-05,0.00010130754293920539,8.830826028321273e-06,2.2239580007780453e-05,1.2782382412803013e-08,0.0074083829007208545,5.747484699069197e-07,4.2857542678725235e-06,2.7806985445267615e-08,1.275709661658486e-07,0.0007889105878685723,0.011816145850335528,0.0012099072866152574,1.9774614577937384e-05,1.5614644791398447e-06,7.773913604402539e-05,0.9779854510322279,4.027412580913643e-06,4.819927022392698e-05,3.2684843296184476e-09,0.0004038974406732989,7.99519110874305e-05,3.41101389346611e-06,4.858185651091898e-09,2.9507952518377636e-09
70,1.2198939692101281e-05,7.464770909605559e-05,4.6669479615206965e-06,3.6906984324870746e-05,1.7363767346507343e-08,0.0027911146188854628,4.1464121219720797e-07,3.046959993602352e-06,1.013994325690618e-07,8.995230733500894e-08,0.0005320348361445552,0.004771249516851261,0.0006251071379962935,1.7376830478727296e-05,1.0837372234835962e-06,6.444145072677654e-05,0.9909171896517588,2.9486960023934556e-06,9.585991218153739e-06,1.3244323412161609e-09,9.43383250776332e-05,3.8491024840045854e-05,2.93469753296778e-06,7.747348054015516e-09,3.515695373596208e-09
