,0,1,2,3,4,5,6,7,8,9,10,11,12,13,14,15,16,17,18,19,20,21,22,23,24
0,0.009204601751782483,0.003056817083000369,7.920522622303507e-05,0.0005287696691175097,0.002697080418321235,8.46523460799284e-05,4.174125167299256e-05,9.287659793338604e-06,7.741672566506771e-06,1.9706044245116445e-06,0.0039015194502707456,5.612685276669418e-05,2.076633537381387e-06,8.80019928429407e-06,2.2610795518939724e-06,8.192489151760936e-06,0.9760887429448898,5.456728454427847e-05,3.669289984869903e-05,5.3145655386698784e-09,0.0005439613193756768,1.726406459626194e-05,0.0034802679336942235,5.942223974060823e-05,2.8231611200333435e-05
1,0.016193172246279523,0.00645126938483636,0.00022743602406147926,0.0011896900905474235,0.004945159511543177,0.0005289172293104565,0.00012558148648485968,2.9658020989137586e-05,7.531831042398997e-05,1.7077483741734464e-05,0.007578911308429351,8.223695740591365e-05,6.159922210554011e-06,4.277282630293105e-05,9.27935162348771e-06,2.6173145632664533e-05,0.9482199538942211,0.00021348017227180535,0.00018530511654639214,2.670224636029682e-08,0.0015768177821619505,6.482739587702804e-05,0.011923575971333672,0.00018206375760383817,0.00010513590791480599
2,0.013377581254407793,0.006715602957685751,0.00017240797815895525,0.0009463604728248322,0.005490062141263714,0.0003527947379980931,9.296143467105911e-05,2.7483269434327315e-05,5.883958856692825e-05,1.1732529994994952e-05,0.008936525349875258,9.921882556579628e-05,4.3809918384000015e-06,5.459615577345983e-05,1.0702302885603712e-05,1.78999779796044e-05,0.9528990464441341,0.00013762588139372043,0.00011023218495716515,2.3080080715381675e-08,0.0011699350687119508,6.77261714554301e-05,0.008987646057134428,0.0001314953836232924,0.0001271197595847029
3,0.014894830979287092,0.005648050654930322,0.00014526579858291627,0.0008570650830111414,0.003995382455401979,0.0003130494099871323,8.529466368804392e-05,2.1854387638367983e-05,3.899577312199504e-05,8.312079453861157e-06,0.00773574085828619,7.875062148232679e-05,4.376135650029668e-06,3.114302623076962e-05,6.9971095264551755e-06,1.4828607203953148e-05,0.9567506768398938,0.00013138060718913304,0.0001066004525413448,1.52560639837096e-08,0.0010773197006474554,5.61700484590831e-05,0.007810395525794385,0.00010944100984406102,7.806291608436804e-05
4,0.01569559164724061,0.006347440434567184,0.00015962027584078944,0.0009127292263371413,0.004401391074113673,0.0002905719583909199,9.702918740971025e-05,2.356591814442309e-05,4.353281067104683e-05,8.87174636026371e-06,0.008285451546696632,8.599382030411668e-05,5.536631295233092e-06,3.783496674517517e-05,6.712509817117053e-06,1.4827640378483851e-05,0.9539762821890286,0.0001518343003574619,0.00011700604647369174,1.803936807945916e-08,0.0012851182385788722,6.374554272508992e-05,0.00778520546076151,0.000124148181347677,7.9940607046176e-05
5,0.015057352548565666,0.005251206044279831,0.00016873762548855707,0.0011123448158609796,0.004557734354327211,0.00031300900381569667,8.406563832773884e-05,2.1390187223899185e-05,3.9626150024652196e-05,9.814579244859429e-06,0.007097703213981973,6.528671612313799e-05,4.7956958160173055e-06,3.4127373900614e-05,5.570417931685518e-06,1.4556565910374825e-05,0.9537341188476353,0.00020385543016281942,0.00011184932260745093,1.913550876520587e-08,0.0012894278669170916,4.344314238629487e-05,0.010585816165656473,0.00013223237051079417,6.191678779204867e-05
6,0.014894830979287092,0.005648050654930322,0.00014526579858291627,0.0008570650830111414,0.003995382455401979,0.0003130494099871323,8.529466368804392e-05,2.1854387638367983e-05,3.899577312199504e-05,8.312079453861157e-06,0.00773574085828619,7.875062148232679e-05,4.376135650029668e-06,3.114302623076962e-05,6.9971095264551755e-06,1.4828607203953148e-05,0.9567506768398938,0.00013138060718913304,0.0001066004525413448,1.52560639837096e-08,0.0010773197006474554,5.61700484590831e-05,0.007810395525794385,0.00010944100984406102,7.806291608436804e-05
7,0.04792554641244625,0.006302475856107537,0.00019290542746318095,0.0009057228199109731,0.003524927248966354,0.0003060451368569932,0.00012958635137587957,3.416502521160985e-05,3.022459337070481e-05,6.231338641645519e-06,0.016065518822918536,9.038599694980161e-05,1.2570901148270639e-05,2.0727062430451755e-05,6.38389782123923e-06,1.0856381400280438e-05,0.917920381445947,0.0001995261565653949,0.0001473829412837378,1.3878009056223125e-08,0.001356864471002983,0.00010833602586256754,0.004578820346408568,8.066405579984245e-05,4.3737406101103176e-05
8,0.013043141675143189,0.004344445683782431,0.00022727635526292032,0.0008236582318997967,0.0032122987667272352,0.00021469212141548189,3.114459158604078e-05,9.636416817799606e-06,3.275559553024813e-05,9.567339854077301e-06,0.003488678193980253,6.153950968310707e-05,2.6251345108979114e-06,2.8096423113145584e-05,4.9904660580883254e-06,1.590408779600953e-05,0.9631618949121643,7.558108901601534e-05,3.666738656316871e-05,1.5380812441579607e-08,0.0004951728351781456,2.2898130100840955e-05,0.010355133475175764,0.0002045980072333718,9.758819059525872e-05
9,0.008012001513119357,0.006572031380077993,0.0002620125039366095,0.0009773745114609487,0.003247366570077635,0.000228779957369299,3.787953370425117e-05,1.3927047031561033e-05,4.734119988019124e-05,2.0099182011273517e-05,0.003113910428031047,5.800537962385039e-05,3.107503586893384e-06,5.2794539763035066e-05,5.782645168240813e-06,2.4623872748229447e-05,0.9637919807519739,0.00010771520326329841,6.617293164380598e-05,2.6177885988840786e-08,0.000805043660213307,2.68274349536257e-05,0.012151085457793484,0.0002459246041024218,0.0001281860105797327
10,0.014894830979287092,0.005648050654930322,0.00014526579858291627,0.0008570650830111414,0.003995382455401979,0.0003130494099871323,8.529466368804392e-05,2.1854387638367983e-05,3.899577312199504e-05,8.312079453861157e-06,0.00773574085828619,7.875062148232679e-05,4.376135650029668e-06,3.114302623076962e-05,6.9971095264551755e-06,1.4828607203953148e-05,0.9567506768398938,0.00013138060718913304,0.0001066004525413448,1.52560639837096e-08,0.0010773197006474554,5.61700484590831e-05,0.007810395525794385,0.00010944100984406102,7.806291608436804e-05
11,0.01605933697496826,0.005781710255216885,0.00014878303971589755,0.0008956549262012317,0.004132783039326282,0.0002992396370828116,9.275672819076275e-05,2.2009950160988072e-05,3.940081194978602e-05,7.957155810736904e-06,0.007977229770084974,8.36739146237058e-05,5.174059003192895e-06,3.074066270450338e-05,6.849118231849068e-06,1.5035503744956507e-05,0.9551491764689134,0.0001377074451435153,0.00011168593480818739,1.6399472355010568e-08,0.0011302457812328625,6.005397704461304e-05,0.007617127137990245,0.00012004342350461583,7.560788487334167e-05
12,0.012203451370846176,0.004037677653739473,0.00016905910062574287,0.000586563041771585,0.006696443460281436,0.00028022307135102314,6.46339864248109e-05,1.3971450361916424e-05,4.0292110628167834e-05,6.8357994032050975e-06,0.007730208342600117,7.100374276706385e-05,2.8937744123047037e-06,3.937633616737399e-05,4.815583484767271e-06,9.621375197721272e-06,0.9570222949977052,0.00011078696613899603,5.1213200038904474e-05,1.7043185586278078e-08,0.0011244231940688632,3.693789072745864e-05,0.009471656330237265,0.00013438919686480926,9.121098097013978e-05
13,0.012602285197141566,0.005045398017670677,0.00018508272739249315,0.0012545976673928817,0.003348338539360511,0.0005261927592546722,7.75125401731443e-05,1.4761153990360683e-05,4.6158541319222995e-05,1.5511357331817338e-05,0.0036715532442290885,3.96592508078815e-05,4.1171487277588765e-06,2.2135788241989815e-05,5.354323707553012e-06,1.988107910784762e-05,0.9563748676137624,0.00017503339340019708,0.0001258807200180084,1.8437374995354542e-08,0.001063665418449306,3.225554917874262e-05,0.015133305115497396,0.00016185947528973114,5.457494117958323e-05
14,0.011294423906403705,0.008069923353090784,0.0001075318632918047,0.0008819885755074761,0.005822894525503385,0.00014940086716423712,6.471408465869606e-05,1.4533308702538361e-05,2.1742980795802562e-05,6.461921159076351e-06,0.00898017716244119,4.764256636743636e-05,5.286184002005418e-06,2.9292219117068182e-05,3.2975561946013486e-06,6.7647389026730664e-06,0.9567164991350667,0.000153118442053421,0.0001259780621465449,1.1823628869442573e-08,0.001815288050046176,4.537257709249557e-05,0.005506961784872108,9.390845686225825e-05,3.678585492888929e-05
15,0.014894830979287092,0.005648050654930322,0.00014526579858291627,0.0008570650830111414,0.003995382455401979,0.0003130494099871323,8.529466368804392e-05,2.1854387638367983e-05,3.899577312199504e-05,8.312079453861157e-06,0.00773574085828619,7.875062148232679e-05,4.376135650029668e-06,3.114302623076962e-05,6.9971095264551755e-06,1.4828607203953148e-05,0.9567506768398938,0.00013138060718913304,0.0001066004525413448,1.52560639837096e-08,0.0010773197006474554,5.61700484590831e-05,0.007810395525794385,0.00010944100984406102,7.806291608436804e-05
16,0.01671730283364914,0.006249194113160044,0.00010700771078105818,0.0006812073895767005,0.003176060195526309,0.0002225730334169519,8.116857132357752e-05,2.983538145270959e-05,2.954436660545931e-05,6.040638746071322e-06,0.01023268912598391,0.00011898696738003524,4.229224069719792e-06,3.479063394724755e-05,8.443965082370442e-06,1.345879162091933e-05,0.9565041138569584,0.0001122759320837298,0.000103492136828586,1.1042299913574628e-08,0.0009177051343971164,8.727648611267648e-05,0.00441489471884538,6.314932335251852e-05,8.454842679922243e-05
17,0.016331816979823808,0.004903104065381352,0.00015116970839097393,0.000614578591008096,0.005473341586683904,0.0001957947237451376,0.00010088996295734571,1.7484030624367517e-05,3.534005799955357e-05,4.586120250874461e-06,0.009070044185656517,9.385075000656185e-05,4.975027331992935e-06,3.637041271631298e-05,3.5169012594659877e-06,8.902633949196935e-06,0.954120307878879,0.0001382615372383662,6.852141943894754e-05,1.4072972922334013e-08,0.0014771366414307416,5.024182113989747e-05,0.006909806519061462,0.00012347374633206362,6.647062572128e-05
18,0.007656380521741519,0.004689045801243144,0.00012663698687767348,0.00037811362121933586,0.0027160053423458726,0.00019676185386252877,6.599872639776132e-05,1.3351663978494402e-05,3.083284036231065e-05,6.417174183650438e-06,0.0050521022813979945,8.674672228053628e-05,2.4542415019507456e-06,3.6965027950565964e-05,6.130743754264193e-06,1.6851290816666865e-05,0.9708045244864588,7.101405293686363e-05,7.108321634206241e-05,1.3187016487498488e-08,0.0010096561724027332,4.0495784214957625e-05,0.0066722462020613145,0.00011221649205276954,0.00013795556659989544
19,0.011981269743693655,0.008678103916953058,0.00013899371292637642,0.0017390842218207513,0.006150712410240793,0.0005495004488416564,0.0001039414796771215,2.3754899242748922e-05,7.161814392467161e-05,1.4978132484069091e-05,0.0062542118055396384,9.822992160393802e-05,5.096033770013501e-06,3.8425962442535925e-05,1.137762604609105e-05,1.9575246712318233e-05,0.9533220606114214,0.00011821615100275805,0.00013441748434340258,2.1486023217086354e-08,0.0008051621822389948,7.874805530772829e-05,0.009421067947070242,0.0001453860588180728,9.604631785481248e-05
20,0.016473183293255988,0.008863229352334107,0.0001207680408288257,0.0010906741892288722,0.004263367517456632,0.0003765962978791724,0.00011270979304461447,3.674850652094881e-05,5.2844466555287864e-05,1.1052615068785185e-05,0.011170096814976495,9.592576744670486e-05,7.004474922978582e-06,4.43017334634272e-05,1.2000206655074887e-05,1.5485608593533426e-05,0.9492802833971751,0.00013949010469289946,0.00018031860018127106,1.946761397555008e-08,0.0012183990672495365,0.00013754302376058002,0.006119295413520941,9.004434400720905e-05,8.861790356702138e-05
21,0.018587306031919933,0.004449534418877917,0.0002248195112602506,0.0006098342331200603,0.0032199491440411984,0.00012384312920461234,6.347677454982426e-05,1.8041566377108545e-05,2.4646054949552057e-05,5.375097127773817e-06,0.0063596174917708,0.00010179322844228125,4.7752142020129165e-06,3.715341218512307e-05,2.7900675788670095e-06,1.3790549328390957e-05,0.9579917331806957,0.00017021856044758095,5.075222726138383e-05,1.5271521646688485e-08,0.0011913654592614817,3.1461238395576726e-05,0.00650991673885665,0.00014166409975674464,6.612729886741809e-05
22,0.018913240552890644,0.013479712331283466,0.00018304652721774903,0.00214754547961134,0.012129764385702626,0.0007632964142350004,0.000309975940900039,2.8058836854421956e-05,0.00024150203950452714,1.337491735260713e-05,0.013052403733211702,0.0002900810184680204,8.933761494902727e-06,7.298012308300598e-05,3.318164452152597e-05,3.4957568552955113e-05,0.9215689817285704,0.00012775872007661076,0.00025036467741437366,3.186106065067359e-08,0.0012477686920606928,0.0001325238349236809,0.014185394003880704,0.0004314698567249505,0.0003536513504033221
23,0.014894830979287092,0.005648050654930322,0.00014526579858291627,0.0008570650830111414,0.003995382455401979,0.0003130494099871323,8.529466368804392e-05,2.1854387638367983e-05,3.899577312199504e-05,8.312079453861157e-06,0.00773574085828619,7.875062148232679e-05,4.376135650029668e-06,3.114302623076962e-05,6.9971095264551755e-06,1.4828607203953148e-05,0.9567506768398938,0.00013138060718913304,0.0001066004525413448,1.52560639837096e-08,0.0010773197006474554,5.61700484590831e-05,0.007810395525794385,0.00010944100984406102,7.806291608436804e-05
24,0.009261840624362753,0.007879716378434766,0.00010286453722187327,0.0013619874887740662,0.0035702254678557184,0.00024545700628230864,7.158348488502115e-05,2.1154068436286597e-05,3.2325079652706116e-05,1.0594129385607145e-05,0.005425944261616285,5.952853243469335e-05,4.089653880292365e-06,3.222722567630091e-05,6.8107644820230314e-06,1.4763006034363612e-05,0.9627046571131476,0.00014217190338628588,0.00015063287983341713,1.4217591791614572e-08,0.0010058693960951204,5.0731239744444924e-05,0.007695137967235369,9.282494291753544e-05,5.684863063324462e-05
25,0.019902800381788398,0.0036181686141014383,0.00014420426087640443,0.0006874034788794279,0.006016195941047918,0.00018994354513420363,0.0001298518629196282,5.057700612294475e-05,2.3936547642258625e-05,3.6236553470047316e-06,0.017516008991975213,0.00011988707673362945,5.011395306039132e-06,3.856016824583415e-05,3.2239980452973386e-06,8.839058580793463e-06,0.9432406470863096,0.00027732516639556815,7.546429325200212e-05,1.6085126138576316e-08,0.0019104047974289203,5.409896474765624e-05,0.005873948870678883,6.390028049018626e-05,4.595847282441132e-05
26,0.0022799054978615767,0.018486324659136112,2.530976774297085e-06,9.964708896600861e-05,0.00030150153261141176,7.214356590524046e-05,0.00018405523053994653,0.00026387066937442593,1.9746479902254073e-06,9.460564373664485e-07,0.037284655946712944,0.0004666902529586468,2.3729731715933887e-06,1.0542322360230423e-05,0.00012358456342817016,1.533248267281001e-05,0.9363909501166928,3.7117263775075454e-06,0.000810400897626567,8.787292463824867e-10,0.000395376740965906,0.002651163792608068,3.45054772838382e-05,3.3154735544665663e-07,0.00011748035545950879
27,0.02115208254897948,0.009074816883968616,0.0001619315706626784,0.0014965997601004736,0.005956552830203875,0.0007181808312628896,0.00013742934339650261,3.860226693272506e-05,0.0001052870342785501,1.5744132797387816e-05,0.011428270357886822,0.0001315575589578976,7.182304844511467e-06,4.6086286892235194e-05,1.789558757600165e-05,2.442650961503408e-05,0.9381301948740763,0.00015817137146476626,0.00020067227743794078,2.5486696352013543e-08,0.001030786521828663,0.00014548269962623035,0.009514189943639883,0.0001664100679855747,0.00014142094888845217
28,0.014894830979287092,0.005648050654930322,0.00014526579858291627,0.0008570650830111414,0.003995382455401979,0.0003130494099871323,8.529466368804392e-05,2.1854387638367983e-05,3.899577312199504e-05,8.312079453861157e-06,0.00773574085828619,7.875062148232679e-05,4.376135650029668e-06,3.114302623076962e-05,6.9971095264551755e-06,1.4828607203953148e-05,0.9567506768398938,0.00013138060718913304,0.0001066004525413448,1.52560639837096e-08,0.0010773197006474554,5.61700484590831e-05,0.007810395525794385,0.00010944100984406102,7.806291608436804e-05
29,0.014894830979287092,0.005648050654930322,0.00014526579858291627,0.0008570650830111414,0.003995382455401979,0.0003130494099871323,8.529466368804392e-05,2.1854387638367983e-05,3.899577312199504e-05,8.312079453861157e-06,0.00773574085828619,7.875062148232679e-05,4.376135650029668e-06,3.114302623076962e-05,6.9971095264551755e-06,1.4828607203953148e-05,0.9567506768398938,0.00013138060718913304,0.0001066004525413448,1.52560639837096e-08,0.0010773197006474554,5.61700484590831e-05,0.007810395525794385,0.00010944100984406102,7.806291608436804e-05
30,0.014894830979287092,0.005648050654930322,0.00014526579858291627,0.0008570650830111414,0.003995382455401979,0.0003130494099871323,8.529466368804392e-05,2.1854387638367983e-05,3.899577312199504e-05,8.312079453861157e-06,0.00773574085828619,7.875062148232679e-05,4.376135650029668e-06,3.114302623076962e-05,6.9971095264551755e-06,1.4828607203953148e-05,0.9567506768398938,0.00013138060718913304,0.0001066004525413448,1.52560639837096e-08,0.0010773197006474554,5.61700484590831e-05,0.007810395525794385,0.00010944100984406102,7.806291608436804e-05
31,0.013589162091757498,0.006436938501343324,0.0001257742712424751,0.0010880147801369043,0.006995072969092838,0.00043562345800328536,0.00011565899316550879,1.6862096414816068e-05,6.464492102688159e-05,8.664359209542604e-06,0.00981489098161957,9.401449893725167e-05,5.0517456924971105e-06,3.8156240454902577e-05,1.1824712689568536e-05,1.3704550936833428e-05,0.9494827589947207,0.00011598231607327902,0.00013989677584108374,1.8741366926285796e-08,0.0011755725071183006,7.21263374932164e-05,0.009892094039329518,0.00015809856434738357,0.0001093925519858652
32,0.013862507104538695,0.005711579044661552,0.00013436784707922126,0.0009265912177846234,0.0038522511126251715,0.0003290543143783404,8.853141096929226e-05,2.216206272677715e-05,3.85778564006218e-05,8.860294396899721e-06,0.007530113455463899,7.243101374882228e-05,4.550763992149649e-06,2.9183547299192635e-05,7.825005182673774e-06,1.588049771217948e-05,0.9577223832201477,0.00013517154717306067,0.00013367706143383985,1.5594593991647717e-08,0.0011416172646588907,5.878071851413577e-05,0.007990745752178294,0.00010833500772656308,7.48072846136908e-05
33,0.014109118171113717,0.00451951006599927,7.055992485474236e-05,0.0006493759168234906,0.0022495522759259515,0.00012257706338998991,7.023891115228547e-05,2.0672025579165794e-05,1.183001659261528e-05,2.6880675977664935e-06,0.007482557190251474,8.516834548551617e-05,4.535973662913392e-06,1.4173502399703819e-05,3.0141554719624075e-06,9.672440110724442e-06,0.9661791524750968,0.00010549252198279167,8.236049278223768e-05,7.152136827399831e-09,0.0008386883750411579,5.284320831621643e-05,0.0032311095738079038,5.396634702177318e-05,3.1135807402996016e-05
34,0.06715512265772504,0.004036575576613058,0.00022048644917836872,0.0012752066563698561,0.006261631354818419,0.0003988169245158955,0.00017694824947090215,3.224267282538642e-05,5.250819499873068e-05,5.755669273241909e-06,0.019592389932641428,8.853562715952457e-05,1.141703474029029e-05,2.1086543356118062e-05,9.927460175169493e-06,1.3886168856782498e-05,0.8886255633442118,0.0003573901573632904,0.0002244182778221917,1.593177108937524e-08,0.0018769897404664162,8.115184094296435e-05,0.009279806523844024,0.000147999573478379,5.41274373818424e-05
35,0.050900085455063304,0.004525572867693924,0.00016324766980054377,0.0008911658067237921,0.0015839795975583731,0.0004607278213025253,0.00010531920344089709,5.3145396015484376e-05,3.7848967211368953e-05,8.700019649800262e-06,0.008462505161088147,0.00011856627271830173,7.883454198079252e-06,1.507328532455431e-05,4.152529535192977e-06,2.9607699316112115e-05,0.9253764500095663,0.0003665699664841816,0.00017038991167156792,1.0888758228268614e-08,0.0008680717869280729,0.00010626393957529719,0.005609946417304488,9.220448919680809e-05,4.2511383874558477e-05
36,0.014279286257284501,0.007488064436295227,0.00010666048318806095,0.0010348883543453628,0.0017829131096101214,0.0003440378548420837,7.888823589225824e-05,4.371183260190147e-05,4.144583280445473e-05,1.3043753146986429e-05,0.005403925908501649,9.430481678172401e-05,4.451761655432149e-06,3.573481074489408e-05,8.291637936560083e-06,2.271899279362262e-05,0.9626231929735696,0.00014624432080837833,0.00014289145056381968,1.3159626736204908e-08,0.0006756923041695438,0.00010952459615248743,0.005394692722672702,5.6801270640786204e-05,6.857912337127639e-05
37,0.028448868708472158,0.0045939500454583405,0.00031268889926363116,0.0006887809774313271,0.005909766714065818,0.000187268458647482,0.0001020288132570607,1.3814365837027108e-05,4.480504905668523e-05,5.9839759571672345e-06,0.00820891457553587,9.667977717207638e-05,7.714693467744523e-06,3.833893379534604e-05,2.9716678683630385e-06,1.1917202072877658e-05,0.9398293222675671,0.00021168910327249403,6.26641753127812e-05,2.025921183712512e-08,0.0016864026557045812,3.6836064406700436e-05,0.009166441544907223,0.0002590484958183405,7.308257643985778e-05
38,0.017923580567055595,0.0032292031590436246,0.00013092677191064593,0.0009915247689901018,0.0019866099802885824,0.0006643628199363877,0.00014798488690206984,2.3264690067914092e-05,2.982096755352909e-05,8.996530980567877e-06,0.005286133126652461,5.077345391709464e-05,5.61696450184289e-06,1.1059446235113007e-05,8.506625658709252e-06,2.8455302993297184e-05,0.9569063543918419,0.00020735468519261286,0.00023919645696401074,1.565209649143375e-08,0.001211393968351031,4.8871482169940524e-05,0.010723350698293886,9.253916798530308e-05,4.410343441756636e-05
39,0.015706380085101602,0.009156854966861016,0.00018117180113856626,0.0013566197928759566,0.00688356359734713,0.00030647228597041474,8.057780114676649e-05,1.6370892643136214e-05,7.062947799487554e-05,1.3002705354720273e-05,0.00858041060056071,7.560918022612596e-05,5.4239684949186415e-06,5.846013625881767e-05,9.920097295676974e-06,1.2357968581330108e-05,0.9448128650821386,0.00015519394632240583,0.00012309507901889208,2.0844062949300427e-08,0.0011695932603576502,5.879483664082173e-05,0.010885124633845849,0.000176642281706478,0.00010484467805485201
40,0.01679640463223553,0.005657814984273004,0.00014659563219689525,0.0007243535800199325,0.0039558878512108726,0.0003034523950463705,8.32898002406968e-05,2.1396607599453023e-05,3.694146860180506e-05,6.961002784398387e-06,0.008435808157491809,9.180795528700542e-05,4.344119318723952e-06,3.0267341339215455e-05,7.1457043618012534e-06,1.3136096600042375e-05,0.9559561934375299,0.00010407134339188273,8.457277348778726e-05,1.3617854159153384e-08,0.0009427072848330641,6.411482093501626e-05,0.0063534586954350925,9.543628395173563e-05,8.382441397382908e-05
41,0.01209487904838865,0.005321841791024653,0.00013600181934716123,0.0004809659860058773,0.0023141692093671027,0.0001718256571356131,7.652260914050724e-05,1.9119740708530364e-05,2.3489655404782046e-05,6.214775037413615e-06,0.006322024042396112,6.649667434024754e-05,4.639128883258486e-06,3.168720612569863e-05,3.415297768130276e-06,1.2924945527214776e-05,0.9651794801340011,0.00013273896105422684,9.050723003975387e-05,1.3322361639074405e-08,0.0014704014546295086,4.939283871277079e-05,0.005839687697667855,8.989197231231847e-05,6.166880261985175e-05
42,0.014742993203784149,0.007090592337106454,7.553569939983759e-05,0.0009161026959501798,0.002609059095356381,0.0004746292570194808,9.396361130087955e-05,3.4820433895093176e-05,3.6261536432471574e-05,8.748982319524966e-06,0.008387694604923767,8.446953743143946e-05,5.722173932680282e-06,1.7419207205071986e-05,1.1916009425062712e-05,1.9454611867035327e-05,0.9600848985161372,8.253340162931857e-05,0.00021180506403583205,1.173366366869266e-08,0.0007616381642321046,0.0001687921102426812,0.0039514953459052855,6.378737411581311e-05,6.565529268857145e-05
43,0.013371855368069795,0.00548130238625866,0.00016685645348176476,0.0012775587192489389,0.004111641906657645,0.0009739014569188036,0.00010070486840818478,3.7170130132857864e-05,6.159767444400448e-05,2.359060313197125e-05,0.0070615351245289755,4.8371931298113634e-05,4.864509006712048e-06,3.109197233482184e-05,1.2212800866746624e-05,2.378666204079515e-05,0.9526288434741557,0.00018606475477425834,0.00022146222653694268,2.555713102942377e-08,0.0014576868557303181,8.413887828629544e-05,0.012454689777755386,0.00010436297518664328,7.468293361499651e-05
44,0.014894830979287092,0.005648050654930322,0.00014526579858291627,0.0008570650830111414,0.003995382455401979,0.0003130494099871323,8.529466368804392e-05,2.1854387638367983e-05,3.899577312199504e-05,8.312079453861157e-06,0.00773574085828619,7.875062148232679e-05,4.376135650029668e-06,3.114302623076962e-05,6.9971095264551755e-06,1.4828607203953148e-05,0.9567506768398938,0.00013138060718913304,0.0001066004525413448,1.52560639837096e-08,0.0010773197006474554,5.61700484590831e-05,0.007810395525794385,0.00010944100984406102,7.806291608436804e-05
45,0.018136142701577578,0.006098917470467848,0.00013456762606990486,0.0015823430137609112,0.006205238928587821,0.0006325509123401889,0.00016570819178317295,3.238972258837197e-05,6.693253147687102e-05,1.0087347302240674e-05,0.010336882923406971,0.00010713777146989827,6.191996866812169e-06,2.7382576432973788e-05,1.5977924160978856e-05,2.2700532532062033e-05,0.9448632176160606,0.00015818640652030033,0.00020549898848540679,2.1283227437028392e-08,0.0010647230196733856,8.689649290219526e-05,0.009812030805187522,0.00013492301182223244,9.335020529637421e-05
46,0.007960922658951246,0.0022722881195200405,3.178390460323655e-05,0.00027552330198511846,0.0007354549032518013,7.333650371473818e-05,1.704138452742759e-05,7.436046256448447e-06,2.6524429533972835e-06,1.124556913588501e-06,0.002772496788197647,4.178271244931782e-05,1.2834938139905444e-06,3.348731606154881e-06,2.0483244938412627e-06,5.6542847177929335e-06,0.9840648576719458,1.9217735858637403e-05,2.37109743942492e-05,2.059066846577412e-09,0.00019035427735389132,2.7855505181043665e-05,0.0014344931329394934,1.7920912622576947e-05,1.7409572681497888e-05
47,0.023414608452169437,0.009151809130430675,0.00010520648669982014,0.00046159712183051774,0.0015590350918681477,0.00016254063004287334,7.17613916340826e-05,2.1920796456096174e-05,2.4264937787408557e-05,4.641067660935493e-06,0.006542066304725564,0.000154594588780612,6.602679002326555e-06,1.741322372397381e-05,5.330503837085785e-06,1.7931831176257925e-05,0.9552739312908632,5.698875124207389e-05,7.495236349493283e-05,7.964359160264743e-09,0.00047768260946594554,0.0001231690902333944,0.002115663094324934,7.81604902572737e-05,7.81201079331519e-05
48,0.15071912659020487,0.0015287461374621184,0.0023034990351737277,0.0011608849099417012,0.23535107719971485,0.002532208835849487,0.001501943784527432,4.346248424128027e-05,0.0032429583799536425,1.1068901958889954e-05,0.18669268184792676,0.00063244718708886,3.125287511530418e-05,0.00044049387305747877,3.16184279278573e-05,2.136915033416079e-05,0.30961724254664696,0.0017234110796205482,0.00013896904243429346,3.6871614454184494e-07,0.012920810922446808,7.889499809326034e-05,0.08229999543330815,0.00570330785714006,0.001272159783687085
49,0.017215911856177737,0.004920516532750529,0.00017008238214524297,0.0007491846353934394,0.003873399515215685,0.00039888111156993153,8.860565887792704e-05,2.4334567000950204e-05,3.9200449913963125e-05,7.544720643850735e-06,0.007906615214028538,9.979153987588721e-05,4.349816727995024e-06,2.7982193035138297e-05,5.449318432192224e-06,1.5228736272896212e-05,0.9555117881287296,0.0001258432402601828,7.153217062925032e-05,1.6162092980715855e-08,0.0009149208696685633,5.652761901018318e-05,0.007587143327223391,0.0001078909413866328,7.725929293727306e-05
50,0.015247565600961806,0.009221992441459933,0.00019531450018119465,0.001010178859816659,0.00425196470474878,0.00040456426027037605,0.00014269337922807356,4.0589441596685224e-05,6.477120425229138e-05,1.754391851497381e-05,0.008608615530617297,9.487471019291184e-05,7.558342082054171e-06,5.512929615804431e-05,9.95400275311843e-06,2.064812527500103e-05,0.9515198745087053,0.00016144884272248927,0.00020370513888007995,2.235628877024374e-08,0.0016976187886272576,0.00011124553317850258,0.0067037050263140194,0.00010493880294304115,0.00010348268423159071
51,0.009572518271893676,0.04634579869785214,7.300773372976134e-05,0.0024547962581262985,0.002178398731992145,0.00010535215532393217,3.686353368780221e-05,6.0884883375748075e-05,2.4333453167589644e-05,1.65016698825406e-05,0.006444045271975369,0.00013078854402157498,5.691894837992513e-06,6.851067429492352e-05,1.045634998381394e-05,1.3087829973344363e-05,0.9296951142956477,8.072155114262208e-05,0.00014469862065880998,9.591182445518176e-09,0.0004310120981188563,0.00017674476009966471,0.0018382468188471261,3.114676289274049e-05,6.12695472914034e-05
52,0.029227698883391683,0.006193797348565411,0.000207622702109935,0.0028783814439066625,0.0027339926759069313,0.0010383851443148573,7.293431429620965e-05,6.234317629695038e-05,7.30187345267186e-05,5.2122233264338746e-05,0.008085994725510158,4.662677842216804e-05,8.329062762998674e-06,3.7368681360364457e-05,1.8534647120672253e-05,4.1174835276372736e-05,0.9310586168499402,0.0006664404817342668,0.0004255160790952139,3.971367143804387e-08,0.0010593921453464173,0.00010885782078214716,0.015730093815198666,0.00011765593081383347,5.506177638552489e-05
53,0.017998263259753674,0.004967714488994878,0.00016304329796742976,0.0008534902245248852,0.005318474220076865,0.0005411859376731498,0.00026235036653456605,3.075992295159545e-05,7.418059018388416e-05,6.126381476482962e-06,0.011544980105877546,0.0001737365199049342,5.491063113858411e-06,4.1133807274466066e-05,1.0494813362868344e-05,2.0653767774769217e-05,0.9441905208068083,0.00016770106031053817,0.00011811573851973587,2.1790822787781033e-08,0.001367724695529842,6.590486167865677e-05,0.011797373167773925,0.00014394250213964883,0.00013661660897058126
54,0.009142179601718443,0.011861183771926291,0.00016449592430196867,0.0006409767155332354,0.003561235403154634,0.00026200143889775276,7.467905258805134e-05,2.3466108652352806e-05,7.362904122160974e-05,1.4226427855850469e-05,0.005936807286341484,0.00019039196629822586,3.2787383280692138e-06,7.630952940053935e-05,1.50365067078093e-05,3.0090417678733964e-05,0.9609607493292367,5.832772351527117e-05,8.180717372662975e-05,1.9335046632533446e-08,0.0006184962653899218,8.288045412954792e-05,0.00566232668088373,0.0001440862634319806,0.0003213188440345645
55,0.016860183670546845,0.005748434905002942,0.00015714626832299887,0.0009290328434187992,0.004887740983890782,0.0003370843937640772,0.00010824024196442717,2.2304262141550446e-05,4.846884751310586e-05,7.660077237166962e-06,0.008748738847290547,0.0001036611654283887,4.923247919976339e-06,3.3615113203492576e-05,7.24225622466528e-06,1.594385575108569e-05,0.9516448052974672,0.0001448684576386981,0.00010924261187048524,1.6420388604333727e-08,0.0011457924724550847,5.758517883648269e-05,0.008646237309243738,0.00014015397146661184,9.087730101195479e-05
56,0.0156266904032442,0.005791272627927683,0.00014716880017243906,0.0008649489196546006,0.004008613362738173,0.00030849073419886254,8.944913374836975e-05,2.2391185447375758e-05,3.949189120164224e-05,8.166056616003292e-06,0.007978181669040367,8.25409562788928e-05,4.78613568361064e-06,3.1433525188489535e-05,6.92789941189113e-06,1.486802113828976e-05,0.9557262001142544,0.00013492616611369217,0.00010949604659835252,1.5755874247488024e-08,0.001110140812302606,5.9673392569583025e-05,0.007643388166201605,0.00011319044393173124,7.754778046280119e-05
57,0.013724795876145536,0.006155147892378534,0.00013216521686152134,0.0008258135154554639,0.0036840775848643193,0.00028051215627605044,9.13317073290634e-05,2.1914353378317653e-05,3.61763733866406e-05,7.959321689026817e-06,0.007516151216575541,8.091464893635193e-05,4.790889431712585e-06,2.9051036300761368e-05,6.8683929596202735e-06,1.575058982471518e-05,0.9589673240228831,0.00012411989367475994,0.00012951000077230306,1.4240641445654748e-08,0.0011749992818924184,6.140229650224765e-05,0.006745623904238207,0.0001071597734447311,7.64258141576188e-05
58,0.014872950044081451,0.0057555183661868806,0.00016309071753123588,0.0009506906614300218,0.005015056062511025,0.00032016032076478875,9.836541783754546e-05,1.8071413213281056e-05,4.7220375822743035e-05,8.386094732710836e-06,0.007656113183121101,8.479797870266545e-05,5.298919020943207e-06,3.212616286069081e-05,7.080720560343871e-06,1.6427973619033598e-05,0.9536682122589195,0.00013867928099842668,0.0001156953007707445,1.92047466733699e-08,0.0012419214975719307,5.189921184166058e-05,0.009469080519654886,0.00017488537669373112,8.825293680570744e-05
59,0.01349394236358595,0.00539357098447376,0.0001703500756264458,0.0008181536688983847,0.004532193983819659,0.00029512979006285356,8.3367179461484e-05,1.716920241117329e-05,4.169144576579792e-05,8.621415198500116e-06,0.006745435932821039,7.456720150529999e-05,4.501118199119054e-06,3.2222504430169954e-05,5.953486793084603e-06,1.5693712820085998e-05,0.9574414845533052,0.00013015743969273748,9.628123607079585e-05,1.812957852064387e-08,0.0012057774793146517,4.4913399272273665e-05,0.009107103847198955,0.00015722477003896377,8.447507965510638e-05
60,0.014894830979287092,0.005648050654930322,0.00014526579858291627,0.0008570650830111414,0.003995382455401979,0.0003130494099871323,8.529466368804392e-05,2.1854387638367983e-05,3.899577312199504e-05,8.312079453861157e-06,0.00773574085828619,7.875062148232679e-05,4.376135650029668e-06,3.114302623076962e-05,6.9971095264551755e-06,1.4828607203953148e-05,0.9567506768398938,0.00013138060718913304,0.0001066004525413448,1.52560639837096e-08,0.0010773197006474554,5.61700484590831e-05,0.007810395525794385,0.00010944100984406102,7.806291608436804e-05
61,0.015925508295815256,0.005438082921729492,0.00020151914385925802,0.0008644964840376874,0.005041426224232975,0.00032153158508093775,9.142933131822825e-05,1.8916826817284787e-05,4.8906342925809625e-05,9.454678852346054e-06,0.007507907582250855,7.969204786401105e-05,5.09448434766318e-06,3.5755414583524004e-05,6.002555205553335e-06,1.632780050343842e-05,0.952632117611497,0.0001530723623670915,0.00010016647015826062,2.0169914309494467e-08,0.0013376139713343785,4.7329454190526904e-05,0.009848352216077586,0.0001799077548019325,8.936827023442329e-05
62,0.014894830979287092,0.005648050654930322,0.00014526579858291627,0.0008570650830111414,0.003995382455401979,0.0003130494099871323,8.529466368804392e-05,2.1854387638367983e-05,3.899577312199504e-05,8.312079453861157e-06,0.00773574085828619,7.875062148232679e-05,4.376135650029668e-06,3.114302623076962e-05,6.9971095264551755e-06,1.4828607203953148e-05,0.9567506768398938,0.00013138060718913304,0.0001066004525413448,1.52560639837096e-08,0.0010773197006474554,5.61700484590831e-05,0.007810395525794385,0.00010944100984406102,7.806291608436804e-05
63,0.013426408985258062,0.0065366330578487675,0.00013110606048455874,0.0008492181304545288,0.003500614461729883,0.00027330336430582555,7.562571932828485e-05,2.1114748246660793e-05,3.510237420996593e-05,8.46108589838538e-06,0.0069501868484053205,7.638795712171223e-05,4.270662208511082e-06,3.0354785289927287e-05,6.831045180168241e-06,1.4746259137377801e-05,0.9598044055192955,0.00011583150167706299,0.00010685423053545717,1.4072696199313627e-08,0.0009745747405429333,5.81351197260515e-05,0.00682400226707301,0.00010058631179501349,7.523069155079885e-05
64,0.01311706162826256,0.005089581961318142,0.00015171862590781805,0.0007071717573176886,0.003795989889229848,0.00024058639778288483,8.520741105204794e-05,1.8889716290083136e-05,3.098428426042634e-05,7.189159018859282e-06,0.0070404802267414485,6.538809730378573e-05,4.4523354168001694e-06,3.0392531256858705e-05,5.107041324370704e-06,1.3210667138880415e-05,0.9601318579249466,0.0001356190478292646,0.00010491737955482373,1.4771732013525454e-08,0.0014504257339445585,4.567430170773321e-05,0.007553515543084457,0.00010760572720006476,6.695784037828389e-05
65,0.014580527133974919,0.004549928212906389,0.00011912302300620425,0.0008836203582263498,0.0038139640669985772,0.0003447908666474901,8.752956971327686e-05,2.093227791164638e-05,3.2069149401776826e-05,6.841079541673888e-06,0.007835782782730732,7.037305562564183e-05,3.859700843105069e-06,2.252667602667597e-05,7.260579713257732e-06,1.4139181874201985e-05,0.9580946152578369,0.00013144143879169944,0.00011584231602229604,1.297913038736148e-08,0.0010116880705268105,5.0464567317174456e-05,0.008045420719325125,9.311257173649574e-05,6.413436417141684e-05
66,0.031000244998292553,0.005844618747553304,0.00028692208646638175,0.0008693888549214233,0.005474414290866221,0.00029576851188462347,0.00013116199924539845,3.80726759398423e-05,4.644132523955805e-05,9.125959901890436e-06,0.012463782123084329,0.00010176103259513405,9.1287973766766e-06,4.226431532856353e-05,5.137485039317161e-06,1.4209830587319648e-05,0.9344774249459681,0.0002354594885719885,0.0001029111770743472,2.202445657613795e-08,0.0017997294697766665,7.47943407679262e-05,0.006490462563963981,0.00011940745151150908,6.734550358651269e-05
67,0.006721108785741847,0.0007161316490635576,0.00031019796814011274,0.0003561788541130889,0.0014171479274358327,9.632861314552821e-05,2.0352187552235187e-05,5.547695793760334e-06,4.628841628413062e-06,4.9054896892635205e-06,0.001807296557060326,7.347096885515255e-06,1.4921288827232554e-06,1.52822599676379e-05,5.369424261997879e-07,6.14123975445385e-06,0.9602107413381573,0.00027607029542339793,2.3992152132404896e-05,1.6038056057354903e-08,0.002431476738637264,2.4100814367561192e-06,0.02545810839709939,9.281320442042893e-05,1.3747517356684798e-05
68,0.015851450112300065,0.006315348715595946,0.001022503205376982,0.001618685576526932,0.024533842745022218,0.0008850964648953883,0.00017671260245062263,1.3696399429577308e-05,0.0004476003895860437,2.9312607103036144e-05,0.008401394219204238,0.0002282762282911016,5.4986369292343314e-06,0.00030539109287771487,9.12738145573731e-06,1.9421129326710835e-05,0.8804270553303575,0.0002319069543607254,3.5867961813055084e-05,9.780077404732843e-08,0.0016419918156443435,2.6388546768832513e-05,0.05604213379659987,0.0011966034970402708,0.0005345967902698127
69,0.014229291519405605,0.0034752826707545384,0.0005231243230161401,0.0006511192007758259,0.0039812728974903165,0.00033994357294206575,0.00013044240604794257,3.81677792371357e-05,5.395170603220525e-05,1.712516452326305e-05,0.006826579398573034,7.288995058222162e-05,5.223565623681537e-06,9.271963877542632e-05,3.1206775990877003e-06,2.351179308210867e-05,0.9434184507323738,0.0005123503660183999,0.00010085301559724824,4.357496358283981e-08,0.004372039122451959,2.648688638018313e-05,0.020798564406485278,0.00020362708217931954,0.00010381854908957512
70,0.017283361149999055,0.005845689521745129,0.00017611891627489448,0.0013041686330561182,0.007705893419163347,0.00042661094056660107,0.0001238863615978131,2.3456835222266834e-05,6.421379434977295e-05,8.479394770105221e-06,0.010116064965414201,9.97792720734627e-05,4.932414934662175e-06,4.043663258947254e-05,9.604923988099245e-06,1.3297047917528948e-05,0.9439024846556222,0.00014532308729639523,0.00010725690550312031,1.940280202574829e-08,0.0011693845849143692,5.702594115183113e-05,0.011127218401467862,0.00014837597167981925,9.691682589993116e-05
71,0.012591288473176634,0.007399305147874241,0.00022595028005111315,0.0009692980896582579,0.007782395286561694,0.00033721063620317316,0.0001393719149479167,2.6918549244250804e-05,8.156433272478633e-05,1.2928086184827814e-05,0.008514280300675395,9.563582540849928e-05,5.483546507117516e-06,7.626563112614149e-05,6.311943736645947e-06,1.753331700814428e-05,0.9463088028346135,0.00022304589244888758,0.00012141184622937383,2.997031908126498e-08,0.002184862814481601,5.404763739659656e-05,0.012510143217636405,0.00019698603719637512,0.00011892838858938332
