,0,1,2,3,4,5,6,7,8,9,10,11,12,13,14,15,16,17,18,19,20,21,22,23,24
0,3.039399369322276e-05,1.4376367650188542e-06,1.7530236771994439e-06,1.1923581634068177e-05,5.308873977654602e-05,0.0003724842445599088,1.2799669636971208e-07,1.482891352061892e-07,0.0019024638977785605,4.697099509787707e-10,0.002171181122567022,6.723447543042694e-06,1.3352850350839963e-05,1.3566744433982937e-05,2.0276133484783042e-05,6.783433440752211e-07,0.9833637672072417,0.001529840944956153,7.435494034352615e-05,1.7783010543090105e-07,0.00048070704962782895,0.00956432611495238,7.41425625922282e-06,2.8340722881273652e-05,0.00035147041848264556
1,0.00016732974530056716,6.8485454341188625e-06,1.4804561435660406e-05,0.0001153818537951192,6.354133247327967e-05,0.0005613947442684558,1.0507126093706227e-06,3.5470393622924095e-07,0.002491090931085903,7.328729168481186e-09,0.0028377729067725053,4.0943957544365445e-05,1.8276493035244534e-05,8.02192851499055e-05,1.794599281558945e-05,7.748593260512138e-07,0.9658753977276952,0.007830782044806464,6.748507866556384e-05,3.831254679115278e-07,0.0013154836195243549,0.015613216734853757,5.6225518016522186e-05,6.61386376941927e-05,0.002757149559564389
2,0.00011048191868094147,5.012414991574393e-06,6.6942728570364645e-06,6.954750381699996e-05,8.420174136152614e-05,0.00029883708988598644,8.344374867321343e-07,2.0977464821099557e-07,0.0012941485606445646,3.8818479041815625e-09,0.0025670801495840455,2.772775400386317e-05,1.252780766001986e-05,9.527577993479004e-05,1.6606381813073515e-05,3.697901075409144e-07,0.975352884019343,0.005214116700590957,2.8470879750672814e-05,3.366952298571049e-07,0.0007125963837490846,0.01072194682993818,5.6031075471489585e-05,3.0255616328915585e-05,0.003293802540273093
3,8.883508551894002e-05,4.377639651238891e-06,7.110690363508849e-06,0.00010111561851555505,4.906968537501671e-05,0.00033528002532392484,6.783102363098354e-07,2.181725297000384e-07,0.0011301201650199336,4.30434991749632e-09,0.0026879781546811136,2.8001870381949204e-05,1.0887695582646643e-05,9.191816442484398e-05,1.0035774697905172e-05,3.563228974864474e-07,0.9744796695451334,0.005561804641692344,3.0378167977293536e-05,2.7878424847623635e-07,0.00088923138149425,0.012100068654901175,6.308583170132074e-05,3.9792771717498574e-05,0.0022897025415841202
4,8.082290155005467e-05,4.016120620494354e-06,5.987957440225561e-06,9.454317388843721e-05,4.447772524612581e-05,0.00028782999018454885,6.055479336286063e-07,1.8857676343959202e-07,0.0010307075103470726,3.810054603628923e-09,0.0023963570946768167,2.928542774051152e-05,1.2024582701770631e-05,9.178974379477513e-05,8.753612554068135e-06,3.177038119259884e-07,0.9759207128745243,0.005135307666417916,2.7352211166253244e-05,2.7080774264673066e-07,0.0008369228039751777,0.011712309318522005,5.8367063181095926e-05,3.659920968566661e-05,0.002184446565476303
5,8.5320269916955e-05,3.749064826801242e-06,6.008157103856821e-06,0.00012199327330185825,3.377275533049852e-05,0.00027846388552390226,5.568693751995422e-07,1.7773177635495564e-07,0.0009482529492750118,4.242838051304901e-09,0.0022418913254650228,2.9844963299338593e-05,1.0525861122612993e-05,9.590551616988172e-05,7.15941678874996e-06,2.825481303559476e-07,0.9735402949479897,0.006964427614842704,2.309149524332942e-05,2.518478655404378e-07,0.0008827779341427499,0.012374461876611712,5.913066754122465e-05,3.8884910804376305e-05,0.002252769874714136
6,8.883508551894002e-05,4.377639651238891e-06,7.110690363508849e-06,0.00010111561851555505,4.906968537501671e-05,0.00033528002532392484,6.783102363098354e-07,2.181725297000384e-07,0.0011301201650199336,4.30434991749632e-09,0.0026879781546811136,2.8001870381949204e-05,1.0887695582646643e-05,9.191816442484398e-05,1.0035774697905172e-05,3.563228974864474e-07,0.9744796695451334,0.005561804641692344,3.0378167977293536e-05,2.7878424847623635e-07,0.00088923138149425,0.012100068654901175,6.308583170132074e-05,3.9792771717498574e-05,0.0022897025415841202
7,0.0004088350126505666,7.626073562163455e-06,3.209214636587644e-05,0.0001099333897117897,8.253617074741736e-05,0.0006354066932769308,1.429997651876348e-06,3.9414111635634674e-07,0.0014747456974332138,1.0338109846018635e-08,0.003868546959563232,3.605279636262732e-05,2.2072106790494008e-05,9.281710160842906e-05,7.92594754697267e-06,4.1916109782475716e-07,0.9729177989582405,0.008790208163236248,7.86043178092476e-05,4.3016164711628346e-07,0.0008150834786154794,0.007327500738219683,0.00010740032881343616,0.00011671220319125012,0.0030654179166315345
8,0.00021617948902533305,1.1376425934390867e-05,2.2589907534889537e-05,0.00027969268387947524,8.682548176750533e-05,0.0005305501555875708,1.6694869175012897e-06,3.995819661500337e-07,0.001234193298528604,1.2624069858710716e-08,0.004409449339795798,5.198194050854359e-05,1.5536511453663114e-05,0.00021249597369276868,7.703475019790118e-06,4.025828295694439e-07,0.9722830351069839,0.006579588594330994,3.956255919485909e-05,5.899901616327068e-07,0.001005262672874839,0.008535451018543623,0.0002451363593498233,8.946110954138267e-05,0.004140853630507407
9,0.00013149779880193855,9.500049576658494e-06,2.031371691881407e-05,0.00034632234233216444,5.206743032725106e-05,0.0005059204200770675,1.396776275602905e-06,3.0023559145927576e-07,0.0016837558472126296,1.2413856395017329e-08,0.003023950497122755,6.618427322261969e-05,1.7675505198458418e-05,0.00015487286237789107,9.571043903740207e-06,5.003041462825618e-07,0.9670004640764147,0.007369034871822263,3.355865865193105e-05,5.61656151175912e-07,0.0019491024107845339,0.013329348251148466,0.00016901294442816912,8.285736975859326e-05,0.0040422182438984025
10,8.883508551894002e-05,4.377639651238891e-06,7.110690363508849e-06,0.00010111561851555505,4.906968537501671e-05,0.00033528002532392484,6.783102363098354e-07,2.181725297000384e-07,0.0011301201650199336,4.30434991749632e-09,0.0026879781546811136,2.8001870381949204e-05,1.0887695582646643e-05,9.191816442484398e-05,1.0035774697905172e-05,3.563228974864474e-07,0.9744796695451334,0.005561804641692344,3.0378167977293536e-05,2.7878424847623635e-07,0.00088923138149425,0.012100068654901175,6.308583170132074e-05,3.9792771717498574e-05,0.0022897025415841202
11,8.561314613288563e-05,4.219051727503717e-06,6.776834075140454e-06,9.865424808535375e-05,4.8217658549991756e-05,0.00031627484793592375,6.563447257359379e-07,2.0963026025281286e-07,0.001085651152394575,4.185211606498333e-09,0.0025621977280748946,2.8965512824981046e-05,1.224101764921808e-05,8.956991340550158e-05,9.346611697326965e-06,3.5246166153188863e-07,0.9756453282343192,0.005227429659073028,2.9798257692626262e-05,2.930963486772389e-07,0.0008650149547968466,0.011593135502281698,6.270741318291283e-05,4.046524328467861e-05,0.002186877294607832
12,0.0001258404837232535,6.164309791508998e-06,1.465204238173972e-05,0.00015606680031470492,6.213331387385819e-05,0.00048467589949427155,1.268878115533756e-06,4.789828801603133e-07,0.0020149427876712768,6.267677522250893e-09,0.005104810253952655,5.366138406871177e-05,1.5718334375286853e-05,9.380350387874829e-05,1.966251818292839e-05,7.187456265237446e-07,0.9606564465192375,0.006705441095091049,6.518916362706952e-05,3.742457787697757e-07,0.0013572607568309383,0.020428125443256905,8.830102545533534e-05,8.142990634552773e-05,0.00246282733836826
13,0.00014630761082720883,5.491289660276669e-06,8.76682572939549e-06,7.932258408979533e-05,5.175493508484044e-05,0.00041118668414900325,6.434273620158104e-07,1.6415428709550107e-07,0.0014777386814114465,6.1747781255926376e-09,0.0013582587704778833,1.980221193902862e-05,1.1900439176929056e-05,5.887542029916362e-05,1.0203742247999004e-05,4.007854929221368e-07,0.9763060571204202,0.007025851806843683,3.676769048082645e-05,2.979331193294203e-07,0.0008933103137894748,0.009272878463267173,4.192456541881508e-05,3.848524725021345e-05,0.0027436031223972866
14,0.00015351033153774136,3.455868665149713e-05,3.7503918440653403e-06,0.0001446096918692539,0.00018476046684925176,0.00041018508704417577,1.9031681849319692e-06,3.9827493597694317e-07,0.0011694671626553887,1.8418694167111315e-08,0.00642881870658103,2.8528787454822366e-05,5.743257776335818e-06,0.0003693390895421188,1.2143135241666272e-05,4.732465892540301e-07,0.9664089370743059,0.006339224665644539,8.965456012764273e-05,4.913338673416491e-07,0.000681949454392491,0.01464297304665173,0.0001525512623192607,5.864448389037662e-05,0.0026773662153491322
15,8.883508551894002e-05,4.377639651238891e-06,7.110690363508849e-06,0.00010111561851555505,4.906968537501671e-05,0.00033528002532392484,6.783102363098354e-07,2.181725297000384e-07,0.0011301201650199336,4.30434991749632e-09,0.0026879781546811136,2.8001870381949204e-05,1.0887695582646643e-05,9.191816442484398e-05,1.0035774697905172e-05,3.563228974864474e-07,0.9744796695451334,0.005561804641692344,3.0378167977293536e-05,2.7878424847623635e-07,0.00088923138149425,0.012100068654901175,6.308583170132074e-05,3.9792771717498574e-05,0.0022897025415841202
16,7.161919864179871e-05,4.375599183592548e-06,5.814587700569442e-06,0.00010420182316001895,3.930666548298639e-05,0.00026500652461768266,7.543825792612144e-07,2.332486517648427e-07,0.0010861172862520014,5.212134318599365e-09,0.0022732596944255415,3.930123036465367e-05,1.1122667329643711e-05,9.7265021694066e-05,1.1475615212347113e-05,3.944779590763031e-07,0.9683213823742709,0.005860115224615984,3.187390323346168e-05,2.746974499413858e-07,0.0012909784830717871,0.017943927091062028,5.950339834904585e-05,3.4274355274041906e-05,0.002447417237283193
17,2.733962182891658e-05,1.7607738575913693e-06,1.987984177342965e-06,6.620858153824974e-05,2.784659203216489e-05,0.00010927411258179892,3.3534825208031154e-07,1.1754639206227373e-07,0.0003523207765043826,1.9483847456433937e-09,0.0016502667578042313,2.0532720376270218e-05,7.661113256613016e-06,8.921441690823236e-05,3.992509613524958e-06,1.5212051540013236e-07,0.9830644233998463,0.002786755504443045,9.526126544159923e-06,2.0521858368619383e-07,0.0005467194599389225,0.009723141518726901,5.842155842558993e-05,1.5677516564653935e-05,0.0014361167729031235
18,9.940070939049474e-05,5.1323948524265155e-06,8.597629047996934e-06,0.00011636578000787036,5.409184875215414e-05,0.0003924494957788685,7.737081983783775e-07,2.672387353194969e-07,0.0013418413977734009,4.774922348175953e-09,0.0032468432180995745,3.122164177969336e-05,1.1552748546414622e-05,9.648121432759933e-05,1.1582287730673612e-05,4.2595595707920566e-07,0.9722578234939505,0.005735026153721221,3.78413513393394e-05,3.046171772192882e-07,0.0009600824592742793,0.013198266931396955,7.047807421976423e-05,4.88837498511427e-05,0.0022742611251691885
19,9.082384989358317e-05,5.856734323728535e-06,1.105021152539545e-05,0.0001744363884689482,5.129595383240608e-05,0.00028117547680867836,1.4768057655182557e-06,3.5659337310705056e-07,0.001689324529422138,6.162588434483519e-09,0.0030390703070778714,7.493248253150917e-05,1.680046617534258e-05,0.00011079168441613344,1.563881017213329e-05,5.695801129564759e-07,0.9621118660253817,0.005929725157950651,3.544883012738445e-05,3.428937861562689e-07,0.0015481613928350917,0.021543143047036268,7.794616850503508e-05,4.546056855161957e-05,0.0031442998793383
20,5.858661613998284e-05,3.5357402267393004e-06,7.094970305777861e-06,0.00011879117155383968,3.691116414168023e-05,0.0002882638781289961,8.103485216424428e-07,4.35639284315779e-07,0.0012376662083445795,4.104492428253315e-09,0.0038067859838737082,4.1666574546611646e-05,9.507094508850477e-06,9.003676903038288e-05,2.3649668426396027e-05,5.555320167210498e-07,0.9557981937282697,0.0058768727215554924,3.6423216376464665e-05,2.593251432466416e-07,0.0011549751211337932,0.029183910463428386,5.604101180724218e-05,3.388448180741452e-05,0.0021351384669355666
21,0.00015603720365036348,9.152034614421785e-06,1.1274448948316632e-05,0.00021139837412236973,5.7475158006350016e-05,0.00045415029493252134,1.2335311628641257e-06,4.6708213834268856e-07,0.0024509455895872865,8.694550482470769e-09,0.0035476283024502044,7.611184258323971e-05,1.8633640704548287e-05,0.00020262434999791267,1.4860621645173099e-05,8.751606329182286e-07,0.9564759854547226,0.010262969709983145,5.380804558035566e-05,4.3971011681334974e-07,0.0015806068383760585,0.021254284250554666,6.737964376499734e-05,6.276879933929787e-05,0.0030288812178348255
22,0.00015098179931479617,5.035277335465092e-05,3.156698258104225e-05,0.0007045494341315845,0.0002648544561483982,0.000808737642928417,1.0574764294999365e-05,1.1424359413620876e-06,0.006288352618653951,2.3581809662980597e-08,0.009514058812408074,0.0004077051795613422,4.724977324486103e-05,0.0005151894165134901,4.18895324538377e-05,1.7293813961490439e-06,0.9369562399973344,0.003695937439402848,0.00014945821445106567,1.2602950073093837e-06,0.00436217562664662,0.02762017390388655,0.0005316559490129943,0.0001626501246334664,0.007681489864888288
23,8.883508551894002e-05,4.377639651238891e-06,7.110690363508849e-06,0.00010111561851555505,4.906968537501671e-05,0.00033528002532392484,6.783102363098354e-07,2.181725297000384e-07,0.0011301201650199336,4.30434991749632e-09,0.0026879781546811136,2.8001870381949204e-05,1.0887695582646643e-05,9.191816442484398e-05,1.0035774697905172e-05,3.563228974864474e-07,0.9744796695451334,0.005561804641692344,3.0378167977293536e-05,2.7878424847623635e-07,0.00088923138149425,0.012100068654901175,6.308583170132074e-05,3.9792771717498574e-05,0.0022897025415841202
24,8.757423546432775e-05,5.6250738140303e-06,4.946242627076316e-06,0.00012450474796013968,4.02201072774659e-05,0.00028104647122440956,5.320183616485957e-07,1.984921466459296e-07,0.0008905489901336387,4.8572523262110485e-09,0.0022593687282038873,2.7264800460833798e-05,9.694933679550244e-06,0.00013673335219101346,6.047358651341254e-06,2.947789697832926e-07,0.9766700699640635,0.0057055710024970716,2.679947564056657e-05,2.9738631362942945e-07,0.0007226440691656166,0.010929175556674438,6.59021369976925e-05,3.63340601820253e-05,0.0019686011600472684
25,5.5659753647236784e-05,4.519229060393765e-06,6.12340981653595e-06,0.00020726060383082466,5.3675748263358525e-05,0.0003342795406341277,9.739690551559788e-07,7.677962933839448e-07,0.0008321016465517014,4.183431577869656e-09,0.010059477434230142,4.055955718935437e-05,7.232627265056196e-06,0.0002512218442448553,9.269625293092563e-06,4.741604638762312e-07,0.9610287565561605,0.0051640259527803946,3.566541169321787e-05,2.8932709400785126e-07,0.0008665782620209975,0.01959236685386672,0.00012323703454488542,5.186444932862137e-05,0.0012736150232400055
26,3.345271396712482e-05,1.0270794920970104e-05,6.5511428704428895e-06,0.00027878615481268985,6.900539552829301e-05,0.0002844341633763813,5.306381170156961e-06,1.7386650044494417e-06,0.0019324306804994668,1.0229828197268717e-08,0.0061271981932906824,0.00019441494448313516,6.993578748660324e-06,0.0006670015915294304,0.00015924653931675056,1.4531410440478514e-06,0.8762885228996481,0.006274886056163076,3.7732656997394406e-05,2.6411238450818734e-07,0.0026377274885950553,0.09617872654834679,6.451623854210601e-05,8.0744134879425e-06,0.008731255275444003
27,6.669009756435365e-05,3.6539580602751553e-06,5.5801534444966074e-06,9.642598318721743e-05,3.8419850150081964e-05,0.00029477222769663553,5.66925007111433e-07,2.4053897824778076e-07,0.001114159642802321,3.599951389092727e-09,0.0028364388236427705,2.720140724829667e-05,8.965161111012076e-06,8.418761069696457e-05,1.2424794755187673e-05,3.7955109772113997e-07,0.9692428878886385,0.005534684252224096,3.0451353824492688e-05,2.3875852154909364e-07,0.0008962426674415306,0.01772627223966951,5.272919018041707e-05,3.509130586168281e-05,0.0018912920182441915
28,8.883508551894002e-05,4.377639651238891e-06,7.110690363508849e-06,0.00010111561851555505,4.906968537501671e-05,0.00033528002532392484,6.783102363098354e-07,2.181725297000384e-07,0.0011301201650199336,4.30434991749632e-09,0.0026879781546811136,2.8001870381949204e-05,1.0887695582646643e-05,9.191816442484398e-05,1.0035774697905172e-05,3.563228974864474e-07,0.9744796695451334,0.005561804641692344,3.0378167977293536e-05,2.7878424847623635e-07,0.00088923138149425,0.012100068654901175,6.308583170132074e-05,3.9792771717498574e-05,0.0022897025415841202
29,8.883508551894002e-05,4.377639651238891e-06,7.110690363508849e-06,0.00010111561851555505,4.906968537501671e-05,0.00033528002532392484,6.783102363098354e-07,2.181725297000384e-07,0.0011301201650199336,4.30434991749632e-09,0.0026879781546811136,2.8001870381949204e-05,1.0887695582646643e-05,9.191816442484398e-05,1.0035774697905172e-05,3.563228974864474e-07,0.9744796695451334,0.005561804641692344,3.0378167977293536e-05,2.7878424847623635e-07,0.00088923138149425,0.012100068654901175,6.308583170132074e-05,3.9792771717498574e-05,0.0022897025415841202
30,8.883508551894002e-05,4.377639651238891e-06,7.110690363508849e-06,0.00010111561851555505,4.906968537501671e-05,0.00033528002532392484,6.783102363098354e-07,2.181725297000384e-07,0.0011301201650199336,4.30434991749632e-09,0.0026879781546811136,2.8001870381949204e-05,1.0887695582646643e-05,9.191816442484398e-05,1.0035774697905172e-05,3.563228974864474e-07,0.9744796695451334,0.005561804641692344,3.0378167977293536e-05,2.7878424847623635e-07,0.00088923138149425,0.012100068654901175,6.308583170132074e-05,3.9792771717498574e-05,0.0022897025415841202
31,9.388728039335794e-05,4.511131668543715e-06,7.478940135297611e-06,0.00010301670334898668,4.952915800513746e-05,0.00033945052579656876,6.997715544458268e-07,2.286603932279076e-07,0.0011240319284150388,4.5360175315027094e-09,0.0027035943811904214,2.8089139541790613e-05,1.0912807724640965e-05,9.336966020031059e-05,9.883224294233435e-06,3.570237929015732e-07,0.9744179790704257,0.005711778234070694,3.126426788157425e-05,2.830949160086673e-07,0.0008870915244754549,0.011968665548704136,6.458913367823916e-05,4.0611044574040925e-05,0.0023086932088016558
32,9.559822568028479e-05,4.646486888951201e-06,7.144963227457524e-06,9.448157799957063e-05,4.827883737396212e-05,0.0003537660344547928,6.626465005300141e-07,2.2668177516469803e-07,0.0011757833796093426,4.468422266316594e-09,0.0027453022940814465,2.791204953654531e-05,1.1191612014401226e-05,8.764689770829955e-05,1.044361772994862e-05,3.7071161593205986e-07,0.9738176444355783,0.005604373743932545,3.7333108577273294e-05,2.761612422772049e-07,0.000889629372576842,0.01272865604351103,6.099536695449913e-05,4.362970348119176e-05,0.002154001579527021
33,1.2604065932334628e-05,1.135654438595224e-06,8.190578072286107e-07,5.357261258615331e-05,1.5035429587585146e-05,0.00012809257568044215,1.3293737290676012e-07,1.5052140006084338e-07,0.000140382258940039,2.045023289697537e-09,0.00183574340917456,6.776640584825929e-06,4.424791137391692e-06,8.744166083276554e-05,1.2092734180660647e-06,1.5427121007820746e-07,0.986933968627079,0.001891957486527895,1.2951580738893494e-05,1.7042302980746255e-07,0.00030382604787743497,0.008172523762608,5.61867591830864e-05,1.9619048937252084e-05,0.0003211190588922207
34,0.0007167050788089685,1.5381676109291756e-05,2.256787841499284e-05,5.9683433420653484e-05,9.864625673419001e-05,0.0007603090999472229,9.825483010396118e-07,3.9319302393592217e-07,0.006966157071661513,3.685867476929153e-09,0.004721384782451658,5.142087415084534e-05,2.6421908121404193e-05,6.328316593269481e-05,2.460127852509682e-05,5.961365474504894e-07,0.9569874838032452,0.010222216451904855,0.00029819567332360034,2.476626875984265e-07,0.0009596135934254457,0.015566424524333898,2.933790075843321e-05,0.00013291010215739973,0.002275032220145122
35,0.0002285222764150346,4.970231820602103e-06,1.1758799359018586e-05,0.00012196416122615261,4.100491284888817e-05,0.00031010998527784866,9.119256424155384e-07,3.176373433925718e-07,0.001834306658442949,5.870750920076336e-09,0.0021317285683578597,3.991603703989142e-05,1.3119440157482496e-05,7.902775497683509e-05,8.986296719986789e-06,4.0670962567107666e-07,0.9619216597466023,0.014260408212736293,3.969690499793297e-05,2.324566028062779e-07,0.0010790125642008215,0.015138390928200875,3.848258317829104e-05,4.9440517746614794e-05,0.0026456188197289177
36,9.052348301311778e-05,4.533568878678842e-06,7.410737383946412e-06,0.00010377467613282812,5.174517389114124e-05,0.0003700281901278709,6.649170160081204e-07,1.9908192603450948e-07,0.0011355148212460976,4.5164691693221735e-09,0.0027301234280859383,2.5205440645441112e-05,1.0405003910759948e-05,9.13193015048657e-05,9.58744403845633e-06,3.394105320713652e-07,0.9752343261763992,0.0056425716877252525,2.955413437782732e-05,2.8491266211196854e-07,0.0009074841152719523,0.011101237954053648,6.91062886299134e-05,4.264248614681534e-05,0.002341413049930963
37,0.00023500034996017474,6.197375415852488e-06,1.444810229762337e-05,0.00014709281319392976,4.68262228302367e-05,0.00033365305598544273,9.786632165990084e-07,2.1777481510539368e-07,0.0012178697454405666,7.875144688325301e-09,0.0027324694340464155,3.788848955250249e-05,1.4548964619728318e-05,8.067432775857479e-05,5.233212091760495e-06,2.7753770462651546e-07,0.970633970306959,0.009924411609030716,4.161764481688752e-05,3.192017391922475e-07,0.0009890761134747086,0.010758312820625329,9.748758724753316e-05,9.605323907365581e-05,0.002585367532959101
38,0.0003659901284657842,1.069183849015397e-05,2.450425488498544e-05,9.676199334953099e-05,0.0001440373323170086,0.001104001561609365,1.919135531303368e-06,3.790535623369243e-07,0.003222945592176979,1.0868783103775715e-08,0.004164465531324931,3.619458021395784e-05,1.8803022218439988e-05,0.0001146190734689531,3.160442764945698e-05,8.635009465957437e-07,0.96154963266321,0.010348543899495882,9.820559381380555e-05,3.8557947751803836e-07,0.0011253290303455462,0.012108112489167171,7.09076274569437e-05,8.234022628497683e-05,0.005278750995755073
39,0.00011386338850650262,6.892581385090828e-06,7.31055940656138e-06,0.00012588664366590234,6.356752747868627e-05,0.000319797822954999,8.688138823443507e-07,2.2513946085207024e-07,0.001354042499389915,4.914936041490041e-09,0.003352184338781847,3.694774256785352e-05,1.0916308305981727e-05,0.00013309210051074037,1.0981558515919506e-05,3.565940359438485e-07,0.971050122675316,0.006098871055173022,3.282105801040315e-05,3.188011300004341e-07,0.0008521343534911588,0.013458591125973456,8.069922064360123e-05,4.562148044079932e-05,0.002843881696036353
40,0.00011338663789782837,5.6410843836550215e-06,9.961952635687249e-06,0.00010229955049217958,6.190843394199123e-05,0.0003847489864491889,9.466950123898969e-07,2.500127286452052e-07,0.0015388582074013371,4.708401269833184e-09,0.0030574465004183844,3.9111475461636295e-05,1.3288990918155145e-05,0.00010851257474380946,1.5869863959645457e-05,4.00595774977826e-07,0.9701783092336663,0.005823645253748376,3.6891155754675606e-05,2.9460583619473684e-07,0.0010005470851954415,0.014119153321240419,6.713236470560246e-05,4.0166847977830716e-05,0.003281223861254163
41,0.00021403444897046285,7.047993840671962e-06,1.479984190852227e-05,9.282694848007788e-05,0.00017685596851256476,0.0005363093843074565,1.3570566280910043e-06,2.859566208940599e-07,0.0034780161377378003,3.733882984699998e-09,0.0035265410083496727,3.42775852539166e-05,2.134484141408841e-05,8.186917565670564e-05,2.7524715375810137e-05,8.264375270187758e-07,0.9716251079478316,0.006403192589738891,3.66377478752399e-05,4.261082751704781e-07,0.0007952498150304262,0.008938814684381069,4.839739427866168e-05,4.97889853445092e-05,0.003888463492777486
42,4.0431781263475334e-05,2.233850006535006e-06,5.459753470364058e-06,8.951177297934811e-05,1.7505642793082063e-05,0.0002870059768193007,4.371698480914528e-07,4.151000162836623e-07,0.0009224625135582092,4.3402267016503814e-09,0.0023244540081788266,3.168225200387368e-05,1.0934515071224542e-05,4.4174180882853943e-05,1.4023581918211186e-05,6.628589576019717e-07,0.9597662511917509,0.004673942062857551,5.706415450102592e-05,2.443893009857462e-07,0.0013054765103392304,0.02929718443814144,4.015695432575939e-05,4.149444220093997e-05,0.0010267865585883217
43,3.3516605758226114e-05,2.1620946604148836e-06,3.991567737106683e-06,6.679914748122311e-05,2.061635804209023e-05,0.0003758843207650987,3.2201153752141657e-07,1.7379695690512848e-07,0.0005505021116483308,8.32520537794552e-09,0.001093470529252173,1.0803949477507371e-05,7.38654868284582e-06,5.1853560377867664e-05,6.37373888171393e-06,3.8109649001339584e-07,0.9763909243659639,0.005259956833476301,2.7719416243979514e-05,2.8479503929529137e-07,0.0013381326620989008,0.013435135710024058,4.920248093336124e-05,2.887852312990608e-05,0.0012455194501360485
44,8.883508551894002e-05,4.377639651238891e-06,7.110690363508849e-06,0.00010111561851555505,4.906968537501671e-05,0.00033528002532392484,6.783102363098354e-07,2.181725297000384e-07,0.0011301201650199336,4.30434991749632e-09,0.0026879781546811136,2.8001870381949204e-05,1.0887695582646643e-05,9.191816442484398e-05,1.0035774697905172e-05,3.563228974864474e-07,0.9744796695451334,0.005561804641692344,3.0378167977293536e-05,2.7878424847623635e-07,0.00088923138149425,0.012100068654901175,6.308583170132074e-05,3.9792771717498574e-05,0.0022897025415841202
45,0.00010788507659231124,4.130453869108949e-06,1.3792148305817682e-05,0.00012687499856577745,6.751373023174927e-05,0.0005366736584747683,1.2562089870766152e-06,7.233896112684406e-07,0.0019592039421511714,4.859931242597198e-09,0.005884484852501958,3.970167152981472e-05,1.357565513729546e-05,8.463136551392698e-05,3.594280324792804e-05,1.0418278302400844e-06,0.958156728759993,0.0071089543800951244,5.7658774790375774e-05,3.31404682172073e-07,0.0009770609692237927,0.02236886786218697,5.398185718497498e-05,5.4464404402447346e-05,0.002344514944959719
46,0.00017006903927976096,8.388026034030271e-06,1.3295562840101222e-05,0.00014055189668554,8.677292258609673e-05,0.0004819751888617094,1.4216202807443e-06,3.4409821065432573e-07,0.002169971015847669,7.037088906881358e-09,0.0039024970415588653,4.8225082784562185e-05,1.4535876961794096e-05,0.00013526719157932725,1.7438122315400916e-05,5.492324248203789e-07,0.9646578940262175,0.008108615067439815,4.887678190626805e-05,3.6765081146708707e-07,0.0012401201369592195,0.014852714452841474,8.28961464868886e-05,5.82336173088736e-05,0.0037589731646886513
47,0.00010790549352131377,3.2068947385795102e-06,5.710921658344892e-06,5.6988158462346744e-05,3.1839353291579054e-05,0.00016439790850940412,5.725389615144306e-07,1.2701357571140335e-07,0.0011876765963479523,3.4030114109695224e-09,0.001010477765770874,4.023761540612108e-05,1.7918076221406116e-05,4.328890971082134e-05,9.200286987789856e-06,3.6122814696993045e-07,0.9741369874831214,0.005457996493701451,2.890514993184299e-05,2.3539167795583892e-07,0.0009689924625732716,0.014155606825086216,2.8500928963243913e-05,2.9488590879918822e-05,0.002513374509742855
48,9.681264329353791e-05,3.843771132085213e-06,9.03821849251659e-06,0.00011810708160974583,5.754713767226651e-05,0.00032549344304603025,8.447782702083869e-07,2.2757485595336912e-07,0.0014205862252898572,3.937343928869808e-09,0.0027386101264370018,3.626090754863599e-05,1.2895707893698478e-05,9.605786503792355e-05,1.376525661664986e-05,4.2128675376969403e-07,0.971390376467972,0.006724139058892797,2.1556979163546666e-05,3.058047882301845e-07,0.0010379492218936899,0.012585931933829361,6.031265115515198e-05,3.58761144805553e-05,0.0032130358065305584
49,8.381649892862603e-05,4.250476373140207e-06,9.243729102454685e-06,0.00013920644870609226,3.845068303409859e-05,0.00037110080557694025,7.078151853624809e-07,2.258906320192461e-07,0.0011329106848717444,5.191652764058985e-09,0.0027955880000536167,3.729169259148124e-05,1.2737355670638646e-05,0.00010240757828316773,1.0007299669912558e-05,3.6504504430360093e-07,0.9711848582405452,0.006006973048738344,2.9279878637554232e-05,3.047022080052673e-07,0.001102067820366289,0.014224592728051152,8.170733941684022e-05,4.7955253491655256e-05,0.0025839457931684925
50,0.00013372910553928087,6.8228624497766995e-06,1.099854845246832e-05,0.00011052470337399021,8.32572596063545e-05,0.0002880702122338301,2.68483951639031e-06,5.249236870874733e-07,0.0007490704480257687,1.4777915196375704e-08,0.002987725702595444,5.213180014636565e-05,1.276878494308803e-05,0.00019772310233637848,1.3644389588724501e-05,4.172676827123695e-07,0.9676472394791175,0.006662335316543063,4.012121282438813e-05,3.712507904471342e-07,0.0010229534129211648,0.014804268343871448,0.000121923783564106,3.115896636050019e-05,0.005019519505914671
51,0.00014908171211562771,1.531798253790173e-05,8.64861204786973e-06,0.0002660897202058802,3.2124188853586774e-05,0.00032235269022891464,8.499791365889516e-07,4.348973986092297e-07,0.001787384532133513,7.23569366307168e-09,0.003907982846563336,5.9275742515842056e-05,6.974632414136609e-06,0.00021736309667188037,1.33403188729143e-05,3.6902047378543764e-07,0.9504673425169533,0.009192357225668631,6.116690314765843e-05,2.665813303929112e-07,0.0010325199630684847,0.02981955346175371,7.028648695619112e-05,4.761012407987352e-05,0.0025212995291776785
52,0.00012403344520623132,1.3822318961621172e-06,5.511391922373395e-06,3.6399673567242125e-05,3.881338606644785e-05,0.0007782737963458545,2.490706368907473e-07,2.0824867712151762e-07,0.0011109303717674957,2.9988476650576442e-09,0.002785821471068,6.053415587582792e-06,5.989843822568613e-06,7.67037998333317e-05,1.7665973019705974e-05,4.153951481123827e-07,0.9621634509878314,0.019661308743454037,2.452501249894075e-05,1.4621206925610938e-07,0.0003594308967634371,0.010651133638065502,1.613677707562524e-05,2.3716220444974532e-05,0.0021116969983841884
53,9.38378280647425e-05,6.848781978675557e-06,1.5939119499241063e-05,0.00020284634464189607,0.00016109457918086635,0.00035394223448601637,4.755240002050201e-06,6.473091118587978e-07,0.001959420671496531,8.53601880272016e-09,0.007361462094256781,0.00010800886988407452,1.993123505158945e-05,0.000173146319174087,3.385222402456399e-05,8.368716430384166e-07,0.9537655826114954,0.00548517038408608,3.630787776552256e-05,5.05573988473123e-07,0.0018070931873465721,0.02260783250957433,0.0001838863635810112,5.8552471713277344e-05,0.0055584907619345685
54,0.00022143657592117987,1.3016360973940773e-05,9.172564773966932e-06,0.00010638524798812941,8.376719635176877e-05,0.00037107705122704196,1.151144454373458e-06,1.7782299720398468e-07,0.0018335264612310902,7.976586662004962e-09,0.0019258935984666043,4.477881690823461e-05,1.1808296414120802e-05,0.00018849534495449588,2.2170909082389654e-05,3.804528636444131e-07,0.9649760832066518,0.008140818355728913,3.445275549823432e-05,3.438191199373626e-07,0.0008055513032927631,0.013427796191406789,6.098293257186227e-05,2.6335991132068464e-05,0.007694389623402967
55,0.00010805102935592084,4.848969602608644e-06,8.315966203782805e-06,0.00011351680830696455,5.101127136728282e-05,0.000341293175048833,7.88831133095199e-07,2.2585541401931685e-07,0.0015009396315969438,4.39843392038026e-09,0.0026361534503411247,3.727352711159166e-05,1.3745781592608859e-05,9.150215804378999e-05,1.107585408571501e-05,4.0461859157034683e-07,0.9715976008572033,0.0064947243742072775,3.3300792031449144e-05,2.890592905875253e-07,0.0010264335725610983,0.013242388112747182,5.8598734159244876e-05,4.527773014662245e-05,0.002582235441423535
56,8.634718030248482e-05,4.2027191031426335e-06,6.818552656452261e-06,9.803669195991681e-05,4.7132583488560334e-05,0.00031692491681412197,6.632155365684655e-07,2.1017024522282774e-07,0.0010914126121015601,4.14068675297477e-09,0.002584547850630003,2.9886015146837155e-05,1.2159209507882673e-05,9.088278420922536e-05,9.598778612647494e-06,3.4492826872944886e-07,0.9751185554601102,0.005281275765514819,3.0397172947304746e-05,2.8219581170424444e-07,0.0008755034161042795,0.011967568615034433,6.209520107885885e-05,3.991015690488966e-05,0.0022452396672234436
57,7.949013810547904e-05,4.000158011397383e-06,6.2613217060797315e-06,9.13170820778957e-05,4.277058028124248e-05,0.00027497666853874294,6.328927066891153e-07,2.0264960388438405e-07,0.001055766945821366,4.001320420334919e-09,0.002236250002289777,3.093909766659853e-05,1.221247508644572e-05,8.105473267594749e-05,9.396670345027803e-06,3.47877570730624e-07,0.9753461737216477,0.0049306991819377055,2.994613079571304e-05,2.790157890225961e-07,0.0008851022407811341,0.012632588283490205,5.679758248699583e-05,3.640587659452955e-05,0.002156384672668986
58,0.00010696668249236908,4.7669062470641995e-06,8.051147059206837e-06,0.00011084598487763261,5.203155740066953e-05,0.00036441021674511373,7.286961689645011e-07,2.283129575724107e-07,0.0012727563789344846,4.495178066016538e-09,0.0031441249196948336,3.355830809252961e-05,1.3555068338422455e-05,9.157455384815142e-05,9.076562032867265e-06,3.750253793905614e-07,0.9735179844531672,0.005857051654532123,3.808777632086765e-05,3.040895808632277e-07,0.0009394562208725459,0.012136720418532018,7.391144836689449e-05,5.824662918377912e-05,0.0021651824939964625
59,0.00010918928246049538,4.946293754673896e-06,1.0010840642547591e-05,0.00012311678767381077,5.419955249278794e-05,0.00040031976982168226,7.998816423988436e-07,2.5247810543908664e-07,0.0013812805201109263,4.999250920478992e-09,0.003354086476957645,3.381496795417259e-05,1.3244525218243084e-05,8.715459309291166e-05,1.0475575116235352e-05,4.1543840121198756e-07,0.9720929443684605,0.005996520797999521,3.861146263934124e-05,3.3272034993249246e-07,0.0010587431159215315,0.012810440039937145,8.119480407035438e-05,6.285213183488388e-05,0.002275048576090472
60,8.883508551894002e-05,4.377639651238891e-06,7.110690363508849e-06,0.00010111561851555505,4.906968537501671e-05,0.00033528002532392484,6.783102363098354e-07,2.181725297000384e-07,0.0011301201650199336,4.30434991749632e-09,0.0026879781546811136,2.8001870381949204e-05,1.0887695582646643e-05,9.191816442484398e-05,1.0035774697905172e-05,3.563228974864474e-07,0.9744796695451334,0.005561804641692344,3.0378167977293536e-05,2.7878424847623635e-07,0.00088923138149425,0.012100068654901175,6.308583170132074e-05,3.9792771717498574e-05,0.0022897025415841202
61,0.00010836037993997403,4.87465747850707e-06,9.666570137233559e-06,0.00011937227245098855,5.4501047749475976e-05,0.0003867826847875166,8.051372963524621e-07,2.4982215920290674e-07,0.0013436547509855195,5.016011892575193e-09,0.0032285764320892775,3.3753743243833016e-05,1.3615658092693422e-05,8.777325874563215e-05,1.0517811648423148e-05,4.113133817040339e-07,0.9723905610530597,0.00603658993695092,3.736345511380493e-05,3.331320084427058e-07,0.0010269822505965848,0.012647053232162747,7.853490715941783e-05,5.972911295011966e-05,0.0023199323638000476
62,8.883508551894002e-05,4.377639651238891e-06,7.110690363508849e-06,0.00010111561851555505,4.906968537501671e-05,0.00033528002532392484,6.783102363098354e-07,2.181725297000384e-07,0.0011301201650199336,4.30434991749632e-09,0.0026879781546811136,2.8001870381949204e-05,1.0887695582646643e-05,9.191816442484398e-05,1.0035774697905172e-05,3.563228974864474e-07,0.9744796695451334,0.005561804641692344,3.0378167977293536e-05,2.7878424847623635e-07,0.00088923138149425,0.012100068654901175,6.308583170132074e-05,3.9792771717498574e-05,0.0022897025415841202
63,9.688624719410986e-05,5.5579238825634054e-06,7.197198131687206e-06,0.00010431372757789064,5.1629637507973416e-05,0.0003396982790895741,6.8393880953814e-07,2.112882343023348e-07,0.0011882526583674256,4.760566821032702e-09,0.002654594338575975,2.87309114040222e-05,1.0740035067520428e-05,9.665594584571156e-05,1.0424849696546729e-05,3.532228159975079e-07,0.97434627833121,0.005340829736303186,3.423059644064073e-05,2.986592452309407e-07,0.0008907803526428657,0.012316773560564735,6.739026953893279e-05,4.152157819151134e-05,0.0023659619530953116
64,7.070627016803818e-05,4.062007493232494e-06,6.385240077207173e-06,0.00010301073145685837,4.1577957663213296e-05,0.00031645662138093597,6.204753437205276e-07,1.8956513661032973e-07,0.0010488043348752035,4.586815607183804e-09,0.002246316051495308,2.9182120535731986e-05,1.1251445358196058e-05,8.95306848082968e-05,9.336468960891462e-06,3.361882239511207e-07,0.974373326487103,0.005284178242333539,2.745694324776215e-05,2.879588606266534e-07,0.001120648357325518,0.012849756659075832,6.500988216791534e-05,3.753090755827893e-05,0.0022640338125347174
65,3.9707053646183915e-05,6.181893059680011e-06,1.4646290656186035e-05,0.0002871237759242228,4.3358124336153834e-05,0.0005003365921576205,2.2755941660213944e-06,6.898829368461707e-07,0.00025614064844083507,5.369280078905489e-08,0.002178097678219117,2.499710880470038e-05,4.911597816470541e-06,0.00032672916972631216,1.152630329772936e-05,3.7679343522542707e-07,0.9698938654002468,0.005347947233164952,1.8474413816925594e-05,6.844177915823664e-07,0.002415840177992685,0.012769430516030857,0.0003419214330410284,2.034851539832292e-05,0.005494335693092696
66,0.00010662608744594486,1.8168310117577805e-06,1.0095369892680127e-05,3.316889825684731e-05,6.967038257757017e-05,0.0005018552833389105,3.7373559353699174e-07,7.058463135748806e-08,0.0007595883159822247,4.105454802932985e-09,0.0014724151038352942,6.926202008469542e-06,1.5766378052981892e-05,1.894290343082096e-05,4.822870542652028e-06,2.581589304273664e-07,0.9871474817926378,0.004090632024331298,2.4248545780924126e-05,3.694999276745135e-07,0.0007880111026846005,0.003221605463495492,5.9759593738515535e-05,7.20873336282248e-05,0.0015934034327891628
67,2.1100528307850386e-05,9.886807831754184e-07,2.892757992936057e-06,8.25667275615574e-05,1.8587155561205736e-05,0.00034363696171208397,1.6245665277331053e-07,8.217363395504349e-08,0.0002651943097828502,2.670040312811054e-09,0.001403898061721942,8.249492518228038e-06,8.400059306646363e-06,7.878445197747629e-05,2.2598715819993404e-06,1.6869647969224517e-07,0.9883237552386293,0.0030910497420095495,8.062990399153976e-06,2.4829776819066486e-07,0.0006274962702086689,0.0045137142187224736,7.265923488039927e-05,2.5397857979557244e-05,0.0011006410937878523
68,0.00020219804613809964,6.4155254406618976e-06,3.353167867890172e-05,0.0004746825692641873,2.3768447369949246e-05,0.0005332400446647032,9.173509347864016e-07,2.9772148030109657e-07,0.001805679853072214,1.2165655840379633e-08,0.0025792311015404848,6.830827568058808e-05,1.5692220964968502e-05,0.00012118855357346061,2.8906083077433604e-06,3.6463234061446176e-07,0.9610621219853849,0.013718169266693368,3.366959149618878e-05,3.6701576487222503e-07,0.0032338698876470764,0.013320275255792085,0.0001685096357794393,0.00014761089403485426,0.0024469876722995336
69,8.724793794392007e-05,4.588919931845638e-06,7.643515612395195e-06,0.00011190841211253035,5.151394465396499e-05,0.00035519702085375315,7.308651581267625e-07,2.4087019310449477e-07,0.0011430272181248092,4.591940495335147e-09,0.003048163920883506,2.964787579647499e-05,1.1043500865169175e-05,9.66300864086269e-05,1.0369022131194699e-05,3.785616964559512e-07,0.9737489262454275,0.005440575249329438,3.216084445628808e-05,2.9994910898221663e-07,0.0009553410677476671,0.012489124111224522,7.302684295101724e-05,4.4687129101829014e-05,0.0022575222963464887
70,0.00010470981353654861,3.889578598064084e-06,8.3184800717991e-06,0.00010757703265036557,4.9116610695548285e-05,0.00029870801733103625,7.2691639430703e-07,2.509545127220782e-07,0.0011274659718927998,4.185829488270674e-09,0.002342450899204632,2.9242350362133937e-05,1.1800552988170702e-05,9.854044182708765e-05,1.0338965863041128e-05,3.9098834087344285e-07,0.9748230095190608,0.006497687113756706,2.2507933187447695e-05,2.929983910153807e-07,0.0007329723594670298,0.011011146203958176,5.038555252721595e-05,3.1061382662109566e-05,0.0026374051768908555
71,8.74453806163588e-05,9.667479521179487e-06,3.8974192156182435e-06,8.868589438332861e-05,0.0001700224038764624,0.00013576278256808,1.0352117346818387e-06,1.1029763052800261e-07,0.0009376462874079332,6.756348194231712e-09,0.001137149152471068,3.391028278706197e-05,2.2455926262658436e-05,0.00010701611172751731,5.830258820007076e-06,3.4131027309221e-07,0.985867161261109,0.002344931413649599,1.509412004909218e-05,1.2064772496835983e-06,0.0008208125141981152,0.0045852664195953656,0.00013678974117684094,3.4799217562376734e-05,0.003452955879766074
