,0,1,2,3,4,5,6,7,8,9,10,11,12,13,14,15,16,17,18,19,20,21,22,23,24
0,0.0037057125430285656,0.00018083621556182295,6.626333064888201e-06,2.2879073118672218e-05,0.020102445464704983,0.012262531672271563,0.00022004767923434272,3.056607656610061e-05,0.10942282080798746,0.0026779032786558243,0.00018458639032822329,2.8239480898452555e-06,8.733026670669205e-07,0.0001049450957882602,0.0007577989223977995,7.27802526359554e-05,0.06292232079982787,0.04922966005438901,0.026357700390976145,7.271012283233156e-06,0.0005480002897466966,0.00017489960303080545,0.6934704284332497,0.001977959886505766,0.015555582473889398
1,0.0032655511622654977,0.0004621635296897987,1.1461665692665418e-05,1.8208767139509092e-05,0.03228529853222209,0.01592093822974884,0.00020690153869861081,2.4372606710994375e-05,0.11978519313956797,0.0027444637063401855,0.0002411116577668307,4.687342818671976e-06,6.024823151950919e-07,0.00015933977450266636,0.0013806635208521941,6.540839118418526e-05,0.0660149184008944,0.03756628919670872,0.04280843856179889,5.804770051560719e-06,0.0007423091669502568,0.00034584971463017477,0.6443954532756224,0.0020420309270280782,0.029502539938799578
2,0.002133027035029959,0.00041231691294368867,8.048968535420854e-06,1.30575548062126e-05,0.026054913390425365,0.009612065257318975,0.00014528582558389375,2.2329019492627153e-05,0.08959798928947973,0.002197712126316331,0.0003200077594432969,5.3153137025442726e-06,4.1919842290040284e-07,0.00021191895411561305,0.0022310649725170383,3.255273761856273e-05,0.044964864804507905,0.03735823215506374,0.019824525115160096,6.86293020277313e-06,0.0007596079084508369,0.0002456781227282585,0.7274062018768718,0.0014400335759868828,0.03499596919527577
3,0.0023980172108298164,0.00042690576747669856,7.211692981283433e-06,1.6869761730449662e-05,0.021474213358742836,0.014472446884840597,0.0002003976800932859,1.9921186555173413e-05,0.07072825233083974,0.0019321363859175213,0.00020943841923196977,5.5244959046652035e-06,4.975234795205575e-07,0.00019743807906947143,0.0014559691708094207,5.331537678967148e-05,0.06338619381154029,0.049152074648287004,0.028226025308205022,5.591810925533636e-06,0.0007959978391306759,0.0003482622925011468,0.7117264553482013,0.0022184911703500183,0.03054235244556695
4,0.0025861446634904066,0.0004179663454394999,7.6046035669555375e-06,1.738534787705742e-05,0.021928088181170598,0.014708753004099033,0.00021129022384758084,2.0774438716486054e-05,0.06631700229848175,0.00199833250188524,0.0002040632276897823,5.58921885994963e-06,6.034648949690699e-07,0.00021326880546039737,0.0013759226388784886,5.8339202026757145e-05,0.06633714886005332,0.052585356247528366,0.030757507228831502,6.0904906888295354e-06,0.0007868908474675907,0.00033424524914504595,0.7071642544534534,0.0025249024654027904,0.029432475991044236
5,0.002155493778122358,0.00044173920478765165,5.5343896240597255e-06,1.8975476482705885e-05,0.018235068557507044,0.015395390948935711,0.0001822177301073391,1.848307894880965e-05,0.061719071472189746,0.001631184072734686,0.000196715531048377,5.042311018368389e-06,4.782246015201913e-07,0.00019508885551136707,0.0014162625061082054,5.555471446333503e-05,0.05801821977955023,0.06319856969808452,0.027008390439948876,5.5206459594646625e-06,0.0007558523099496594,0.00034505532757953347,0.71950710369816,0.002109257584884781,0.02737972966369168
6,0.0023980172108298164,0.00042690576747669856,7.211692981283433e-06,1.6869761730449662e-05,0.021474213358742836,0.014472446884840597,0.0002003976800932859,1.9921186555173413e-05,0.07072825233083974,0.0019321363859175213,0.00020943841923196977,5.5244959046652035e-06,4.975234795205575e-07,0.00019743807906947143,0.0014559691708094207,5.331537678967148e-05,0.06338619381154029,0.049152074648287004,0.028226025308205022,5.591810925533636e-06,0.0007959978391306759,0.0003482622925011468,0.7117264553482013,0.0022184911703500183,0.03054235244556695
7,0.011283118513953257,0.00048756324768770514,2.4185090583247222e-05,3.0860978873585175e-05,0.04389487850995727,0.011007342819152588,0.00045322806501593027,5.873089172896776e-05,0.11661580491230217,0.0061037086751736915,0.0004710651801314052,7.197051689321869e-06,1.8720153108085697e-06,0.0003102110627457846,0.0014391508658152716,8.673916648138845e-05,0.14107804092780057,0.03857320576012892,0.07244269497724397,9.991756540701769e-06,0.000575612788913944,0.0005291220205645684,0.5063143939400688,0.0041630098608528236,0.04403827092128324
8,0.0026900122970193643,0.00022238355061727155,1.0036062185027534e-05,9.94310255450326e-06,0.015161807019678829,0.006463160990654585,0.000197763913653849,1.3626640093005856e-05,0.04594896616744626,0.0026431859175331304,0.00014982983949446684,5.194891792232862e-06,4.549842147527623e-07,0.00023645254072629293,0.0009641507697989946,2.8758895986752e-05,0.06683319926445927,0.016633930493040426,0.016181444796016655,4.764793955964913e-06,0.0007257596235934664,0.00020975344976979554,0.7824441668883779,0.003405143570724516,0.03881610953661248
9,0.0021874257176426257,0.0002617655016060388,6.111577597796742e-06,9.59884389667146e-06,0.012739412863224197,0.006264247205771332,0.0001361914352657933,1.2209633922223155e-05,0.04728885022854976,0.0020377895787730502,0.0001649710178039954,3.988099584731315e-06,2.962208938467502e-07,0.00020540745918964538,0.0012689209371909733,2.1834479425068934e-05,0.04828049636110177,0.019812399987557582,0.014107750140324837,3.7735031569889563e-06,0.0006269194892692458,0.00019242137219244466,0.8052722159810882,0.0022559595897729385,0.03683904277519828
10,0.0023980172108298164,0.00042690576747669856,7.211692981283433e-06,1.6869761730449662e-05,0.021474213358742836,0.014472446884840597,0.0002003976800932859,1.9921186555173413e-05,0.07072825233083974,0.0019321363859175213,0.00020943841923196977,5.5244959046652035e-06,4.975234795205575e-07,0.00019743807906947143,0.0014559691708094207,5.331537678967148e-05,0.06338619381154029,0.049152074648287004,0.028226025308205022,5.591810925533636e-06,0.0007959978391306759,0.0003482622925011468,0.7117264553482013,0.0022184911703500183,0.03054235244556695
11,0.002648563322891685,0.00040469683383813386,7.892189231812278e-06,1.6855309337994917e-05,0.021588824008080654,0.014643402762303501,0.00022326487706827392,2.2739728679511706e-05,0.07148108276494543,0.0021420001528464536,0.00020423323482109313,5.7957639715111254e-06,6.135221339467087e-07,0.00020022842688629923,0.0013883513045046109,5.865687003407494e-05,0.07051451650099423,0.050400897086625554,0.030743648518269953,6.006660493602546e-06,0.0007908993678246186,0.0003535638088457357,0.6998205927855051,0.002593537408844039,0.029739136791022053
12,0.0034194670003330377,0.0005341263722565917,9.517445129316621e-06,2.073457770226139e-05,0.022016362483545174,0.01593279355094089,0.00023576412755583123,3.2523052168948035e-05,0.08928497568546069,0.002632288947639639,0.00026464319276144863,6.414645721571318e-06,6.543441723129211e-07,0.00019039317574358341,0.0018244499070748995,6.609665438036439e-05,0.08076729413356186,0.051275274754557953,0.039940919375266296,5.912206079080827e-06,0.0008253520707451812,0.0004944265419797547,0.655216086909165,0.0025691735798343204,0.032434355266224235
13,0.001228711277595385,0.0015172474387268175,2.6815821196475206e-06,1.6778650558579606e-05,0.018768722310947405,0.14325051164807984,0.00021085611722160004,1.224613710740769e-05,0.11405860026875941,0.0012467181399036928,9.670364927281157e-06,1.4270286514505882e-06,4.2684346288137864e-07,2.0697598736428375e-05,0.00023680140615850066,8.96973006107564e-05,0.09205979223140269,0.04662443324226113,0.17023021733987864,1.3101310628174113e-06,0.0003714660517981773,0.0011350058903631703,0.37884024642160724,0.006112650809196135,0.023953083768862855
14,0.001905396120266062,0.0010848630758873209,9.420178431830903e-06,2.5671592251274013e-05,0.03790395941436908,0.021470432744229984,0.00011548219449535243,1.507735317206456e-05,0.07208409350977078,0.0015243932393065637,0.00033901200613038887,3.889152580199087e-06,5.628325288591612e-07,0.00020112084952124886,0.0019635186069760645,7.072907173945862e-05,0.0460957875867941,0.08435689250874229,0.05532417741442186,7.650957516447275e-06,0.0008532195813712936,0.0003842600324596482,0.6479134710128467,0.0013598342251043552,0.024987084739086826
15,0.0023980172108298164,0.00042690576747669856,7.211692981283433e-06,1.6869761730449662e-05,0.021474213358742836,0.014472446884840597,0.0002003976800932859,1.9921186555173413e-05,0.07072825233083974,0.0019321363859175213,0.00020943841923196977,5.5244959046652035e-06,4.975234795205575e-07,0.00019743807906947143,0.0014559691708094207,5.331537678967148e-05,0.06338619381154029,0.049152074648287004,0.028226025308205022,5.591810925533636e-06,0.0007959978391306759,0.0003482622925011468,0.7117264553482013,0.0022184911703500183,0.03054235244556695
16,0.0020489102610889583,0.0002618993528718848,8.108415775777012e-06,2.018156517847525e-05,0.01804673897661864,0.013569096316022747,0.00022598693942824978,2.0151716096346114e-05,0.03680861948481694,0.0015341787658643474,0.0002769695207249777,9.402965103065131e-06,7.032542507161404e-07,0.00033101349401853567,0.0016242243502148693,9.31237428258361e-05,0.05902708512719603,0.0915747469555688,0.021576145377335897,8.785705616229437e-06,0.0013033669684190897,0.00028258234108229985,0.7314040722484256,0.0022713128483931345,0.017672593307062525
17,0.003950676723861417,0.00030925334363676385,8.640514049323843e-06,1.825411296875667e-05,0.02618266703211652,0.008070162606995574,0.00035718092727203993,2.0739994167150742e-05,0.06236352362599287,0.0017176465819635103,0.0002698087245962844,8.840699398701338e-06,5.723661652361123e-07,0.0003705972184183366,0.0011872369508649642,4.569304134547978e-05,0.08781620406342022,0.03620342368680625,0.01713620306987823,6.236517936250317e-06,0.000815191159191784,0.0003535699246429747,0.7035210165163283,0.002469908890531481,0.04679675170745176
18,0.0024188074615680275,0.000429370147403061,7.041309404266753e-06,1.6643832913990104e-05,0.021193613306026236,0.014086125502955198,0.00020074287399619525,1.9491338172482015e-05,0.07030399277070733,0.0019096820244997217,0.00020721432824919546,5.447721887515338e-06,4.862513011921674e-07,0.00019702643909380485,0.001426648607367768,5.111025744357092e-05,0.06524791961596482,0.04820503257675584,0.027915389958085464,5.46729541060712e-06,0.0007766724233807404,0.000354730957452363,0.7110118954459776,0.0022207693044349734,0.031788678249548036
19,0.0034596459615252088,0.000341664282089369,1.2430836372551772e-05,1.9724692303113728e-05,0.028412158502156726,0.02082140600480006,0.00042810130393924314,3.6352814757282814e-05,0.10228295193558819,0.004413516096936134,0.0001985496353602061,9.05020939398866e-06,9.38924076281384e-07,0.00016943821989496156,0.0011809495192980268,7.481392582010818e-05,0.10448692976670142,0.037113659972584055,0.035151021016632505,7.48230628593559e-06,0.0008579140081620335,0.0005482075468558703,0.6201170913613873,0.003905204795268143,0.03595079636181123
20,0.0016025447958540795,0.0008180207338660775,6.7488715044274965e-06,1.8051088620109068e-05,0.014378654773246388,0.017607312868813754,0.00015615632728392103,3.110633459344095e-05,0.06907062147838326,0.0016567059782604122,0.00028448903771354655,9.53790292468876e-06,3.7347676676362117e-07,0.00020081641038214652,0.003693018964766423,5.402878019039981e-05,0.05411004276217546,0.06845222171951282,0.02525707519534972,5.281820756499995e-06,0.0012782234432770793,0.0006569717088281807,0.7073521637153488,0.0018508973169292576,0.0314489344946526
21,0.0028622905033346482,0.00035939727652903715,8.01181033389908e-06,2.381947078415713e-05,0.022603547867199657,0.01057730558570761,0.00017637392554347087,1.692230989300421e-05,0.05448591600120806,0.0015614500753997962,0.00039505601678795934,6.979702387808801e-06,4.77513408404865e-07,0.0003667500105022432,0.00187199704132642,6.364013991236715e-05,0.04571522576031762,0.06191719539554909,0.02151954669264377,7.322366666171552e-06,0.0009373914016567326,0.00025697435277599796,0.7464162702366505,0.0014520376507393643,0.026398100892742124
22,0.0023659664862979105,0.0003333087644244315,7.618714212149455e-06,1.8428591450998875e-05,0.020498672470960422,0.01150005537157353,0.00018720512001118664,1.8445426460558843e-05,0.06015993628064921,0.0020749244852617667,0.00028461184338467285,5.39907641682048e-06,5.144636406331027e-07,0.00020912566184160482,0.001410315432674631,5.2790716884993555e-05,0.07072792825232894,0.054944010088593065,0.024034953965830917,6.899055476789717e-06,0.0008331789453488118,0.0003205167111592297,0.7207340033548336,0.0018598665759210894,0.027411324144361888
23,0.0023980172108298164,0.00042690576747669856,7.211692981283433e-06,1.6869761730449662e-05,0.021474213358742836,0.014472446884840597,0.0002003976800932859,1.9921186555173413e-05,0.07072825233083974,0.0019321363859175213,0.00020943841923196977,5.5244959046652035e-06,4.975234795205575e-07,0.00019743807906947143,0.0014559691708094207,5.331537678967148e-05,0.06338619381154029,0.049152074648287004,0.028226025308205022,5.591810925533636e-06,0.0007959978391306759,0.0003482622925011468,0.7117264553482013,0.0022184911703500183,0.03054235244556695
24,0.00250310275668151,0.0005300172088243951,7.1423412985882245e-06,2.2971578161261946e-05,0.027097648736832753,0.015470797079781528,0.00020053481552442082,1.6472674001192735e-05,0.06734543297061055,0.0017647889300789184,0.0002522487798275471,6.051096472474418e-06,4.901499252104496e-07,0.00024321436518792673,0.001392678746933452,5.543324625306281e-05,0.06132700601730445,0.05510224153335396,0.027605587127423913,6.2785796598097494e-06,0.0007993780746840072,0.0003961179458785664,0.7004236236061063,0.001913386659049752,0.035517354980144564
25,0.004764052685664051,0.00021488013044668484,1.1379621444843367e-05,2.154656137182776e-05,0.025509316827123978,0.00685075661593447,0.00039788296982084517,3.6576933913024656e-05,0.0649275501347889,0.002937182088256131,0.0005655380002552264,1.027530898670415e-05,9.020986360072361e-07,0.0004046601823578779,0.001796142941026419,5.789508464720786e-05,0.09153005916339713,0.0503633156738116,0.016993913824846617,1.0499484333771848e-05,0.0008453318291061613,0.0003115459761313528,0.6946132351700697,0.002259920146926662,0.03456564054670258
26,0.0035009105991597347,0.009789749455833057,0.00013561191417524437,0.0002162545552428641,0.12321703840999594,0.018624663018831387,0.0004662623154992731,0.00012847833362559136,0.016374744293447558,0.002281944023488937,0.035730632286031995,0.0014715802132842298,7.279969519134731e-07,0.027551226747142832,0.18799454419188605,0.0003557199024781428,0.041250341581111745,0.1397738934298688,0.03581739648040018,4.2067955353930204e-05,0.010674884509348835,0.008107866337347973,0.21094062884476275,0.0007136663791247841,0.12483916622560624
27,0.002573364247659288,0.0007581012417447,6.270771678891744e-06,1.91961276645862e-05,0.021735823534175053,0.01689866774774248,0.00019226655657716065,2.5248826106698988e-05,0.11017530407783745,0.0020329751372294333,0.00024498394951283944,5.4993900708601925e-06,3.737476556932152e-07,0.0001655863908056469,0.002041432734891585,4.427296497632558e-05,0.06206175956745704,0.04398100783535295,0.03311056095966422,4.359542461612601e-06,0.0006509544847916788,0.0005563904226159276,0.6556012076740664,0.0018056540047038333,0.04530873806255765
28,0.0023980172108298164,0.00042690576747669856,7.211692981283433e-06,1.6869761730449662e-05,0.021474213358742836,0.014472446884840597,0.0002003976800932859,1.9921186555173413e-05,0.07072825233083974,0.0019321363859175213,0.00020943841923196977,5.5244959046652035e-06,4.975234795205575e-07,0.00019743807906947143,0.0014559691708094207,5.331537678967148e-05,0.06338619381154029,0.049152074648287004,0.028226025308205022,5.591810925533636e-06,0.0007959978391306759,0.0003482622925011468,0.7117264553482013,0.0022184911703500183,0.03054235244556695
29,0.0023980172108298164,0.00042690576747669856,7.211692981283433e-06,1.6869761730449662e-05,0.021474213358742836,0.014472446884840597,0.0002003976800932859,1.9921186555173413e-05,0.07072825233083974,0.0019321363859175213,0.00020943841923196977,5.5244959046652035e-06,4.975234795205575e-07,0.00019743807906947143,0.0014559691708094207,5.331537678967148e-05,0.06338619381154029,0.049152074648287004,0.028226025308205022,5.591810925533636e-06,0.0007959978391306759,0.0003482622925011468,0.7117264553482013,0.0022184911703500183,0.03054235244556695
30,0.0023980172108298164,0.00042690576747669856,7.211692981283433e-06,1.6869761730449662e-05,0.021474213358742836,0.014472446884840597,0.0002003976800932859,1.9921186555173413e-05,0.07072825233083974,0.0019321363859175213,0.00020943841923196977,5.5244959046652035e-06,4.975234795205575e-07,0.00019743807906947143,0.0014559691708094207,5.331537678967148e-05,0.06338619381154029,0.049152074648287004,0.028226025308205022,5.591810925533636e-06,0.0007959978391306759,0.0003482622925011468,0.7117264553482013,0.0022184911703500183,0.03054235244556695
31,0.005161856678399643,0.0005143666437877937,1.5090383898204087e-05,2.003977922527123e-05,0.022858036454237098,0.012037930442921443,0.00025812466229558457,5.656004243777274e-05,0.08239944335273007,0.0022646703192294366,0.00025707856201306856,8.133213142565929e-06,1.279035041451514e-06,0.00023961961546529708,0.0018483256020638372,9.844344549163029e-05,0.10299977357780801,0.0649680844012788,0.05087904985473239,7.53339430402816e-06,0.0010445956375272725,0.00043013713353871983,0.6223695802518663,0.003686436524589006,0.02557581099197529
32,0.002526099655818368,0.0005110866509279679,7.752154197057125e-06,1.713004152545972e-05,0.02209142922486255,0.015434006870140146,0.00018523244513916773,2.0178241454389444e-05,0.07130712121718219,0.0019043989781300891,0.00019988615837329004,5.2473862242140486e-06,5.40427412068252e-07,0.00019529588603826617,0.0014529066658150078,5.720912457253867e-05,0.06716690205555387,0.052124086260404476,0.035496139433433146,5.45762457858167e-06,0.0007909917852835754,0.00037481574433763474,0.6951000330002189,0.0023917376467657266,0.030634315321611295
33,0.002233531523759759,0.00038742769368412753,7.051996696347419e-06,1.5916947713997297e-05,0.021431316061491408,0.013043712152313465,0.00018572011163047448,1.8896159080231637e-05,0.07474139514215278,0.0019288874552121711,0.00023357880016850428,5.376334516175615e-06,4.2470147204851824e-07,0.00019495375555405174,0.00157842933065897,4.6576633000050254e-05,0.05490858058136019,0.04345389664983999,0.02340733073821592,5.524307146801873e-06,0.0007978663551630213,0.00030577647189339774,0.7285700285401983,0.0018262676073796632,0.030671533949698227
34,0.011485100671126715,0.00044996559046491744,1.5345069042037173e-05,2.3826258171091678e-05,0.04101320799177727,0.007054096294548127,0.00021126815047685528,3.12641801507921e-05,0.09869295588448916,0.002483780857308051,0.0004250200207906439,4.24072213317868e-06,1.1175862496590546e-06,0.0003684172379849186,0.0013452336498226167,6.991935458278854e-05,0.08928897616260216,0.05028631128904845,0.06545390489787209,6.822745568344812e-06,0.0005584822610906228,0.0002582496599816548,0.5955672854701275,0.0023692962724575837,0.03253591172213299
35,0.0055513521957404706,0.0008328489764081742,8.793587522572412e-06,2.4145039034635597e-05,0.027783272042173013,0.015705934892250296,0.0002386611217162119,5.163834617654595e-05,0.18484100318654687,0.0024040925591957444,0.0002691145094916071,5.140455424814767e-06,6.40315448631942e-07,0.00013632943053603613,0.00181878802482275,6.249367570837884e-05,0.08990873027816339,0.04804908046985867,0.05623410373913714,4.469080894486031e-06,0.0005652703410880156,0.0006708494567611425,0.5216091563544941,0.002003480004188137,0.04122061191721813
36,0.002775584787280581,0.00043881329210588275,7.268707300090728e-06,1.829296780447617e-05,0.020633572127077372,0.014201841984519204,0.00025687569082150666,2.5788608143369174e-05,0.07118925638516463,0.001971817544638611,0.0002409605916837147,7.67675914543214e-06,5.596700931663369e-07,0.00023307576237773222,0.0016337590078171994,5.88385534379785e-05,0.08132609030420226,0.057661544976341544,0.02824247879580564,5.967753943498587e-06,0.0008368912348674118,0.00046778136958301666,0.6801931617351998,0.002460388669088386,0.03511171272155747
37,0.00286126936425853,0.000194657959666337,6.613686108649638e-06,1.2803974037537e-05,0.016372494822510297,0.007151516160726641,0.00022897800595991926,9.778615355759116e-06,0.023436445146198057,0.0012478486721001795,0.00014689125816458713,5.727684079473489e-06,6.432433957924544e-07,0.0004727869027983454,0.0007856712268742576,5.1708568136185524e-05,0.0636678516125307,0.04942235741007264,0.019065451569084305,5.790339051737255e-06,0.0007671303888802535,0.00016468168280334665,0.7847752745435042,0.003699709535960299,0.02544591762774223
38,0.0015373009078251134,0.00035899842245263084,5.729710606171431e-06,1.6169925462339284e-05,0.014508085829669844,0.02032753347363115,0.00018499982637724794,1.6937477962959796e-05,0.04745993292841605,0.0015573420731613463,0.00017055408685457012,5.765339728372274e-06,5.065842141771277e-07,0.00017111667188127262,0.0015300218215884968,7.441763358644775e-05,0.0490221208410853,0.0722246380398119,0.027923311929457656,5.3507553442460845e-06,0.0010024127578498827,0.0003204645909470183,0.7417318080629791,0.0022923053547933663,0.017552174954313656
39,0.003175128560208699,0.00033799568866662926,6.532190995001133e-06,1.743154682251359e-05,0.025337630582560243,0.009791766206492752,0.00023073166905156106,1.630957223300557e-05,0.07042596374228964,0.002348347087879142,0.0002867501603745119,4.557343960899255e-06,4.780009789664648e-07,0.0002777715923998051,0.0013411667154235724,3.8981001013141724e-05,0.05766786751609785,0.040737743304867506,0.023446940451888693,5.842764498932246e-06,0.0005183099194717647,0.00026358837459025875,0.7223868204202132,0.002033691121038369,0.039301654465983334
40,0.0024400037951352923,0.0004308831697413352,7.393623557437366e-06,1.6842314507720508e-05,0.022061073265212627,0.014247112876381793,0.00020192627968583426,1.97956594866774e-05,0.07037841360454072,0.001916903372976046,0.00021306064383448656,5.635022228391101e-06,5.013542437056283e-07,0.00020484165162231078,0.0014646669030067613,5.3354480164617964e-05,0.063699528111391,0.04888610892382596,0.028358279413752976,5.638558459049489e-06,0.0008034035022674696,0.0003479825319512788,0.710963436132104,0.0022222380798825815,0.031050976730039998
41,0.0023052648092470565,0.0002733634985385152,6.72962371032147e-06,1.3056222453303379e-05,0.014863395089624526,0.012466601248319806,0.0002513146674665096,1.7140757125805053e-05,0.04875491258164472,0.0020169819574610832,0.00015310601643821455,6.575878988882915e-06,4.912465317283745e-07,0.00019587099537582965,0.001082710816063434,4.621219322902483e-05,0.08536540137622464,0.03966363444518373,0.021959657682344084,4.988319022958092e-06,0.0008457823953970283,0.0003632263156308709,0.7337354879681063,0.0030978035087087636,0.0325102903871629
42,0.0034974929902580813,0.0021021384051435445,1.5128022131002825e-05,3.402815464233144e-05,0.02449743728341485,0.03658634837785547,0.00018861247710243729,7.174966977022497e-05,0.17028013606215384,0.0020714273475994824,0.0002200490144227882,7.126871939295203e-06,7.011680258567575e-07,7.970064067480902e-05,0.002392297305687017,0.00014225758916273622,0.12127878642062438,0.06839711485338915,0.12367911753609907,4.49396053297819e-06,0.0011694641753619845,0.0017788473581981318,0.41261782426166677,0.002301266696486259,0.026586453357657382
43,0.0015140236378132397,0.0002965382729880693,7.699639562906562e-06,1.554432762544455e-05,0.017833855517078685,0.026285011325072036,0.0001999054993232371,2.690809894121525e-05,0.07927216875420386,0.0031460449539313855,0.00011473590431258427,5.2908092589583015e-06,6.474254042335362e-07,8.427040666069509e-05,0.0011526359588831768,7.103221339123325e-05,0.07320411610561121,0.048302061740463045,0.02974419376728796,6.3183035583503164e-06,0.0012195647506807192,0.00038681339496844723,0.6973893791155376,0.002937386119861967,0.016783853957579763
44,0.0023980172108298164,0.00042690576747669856,7.211692981283433e-06,1.6869761730449662e-05,0.021474213358742836,0.014472446884840597,0.0002003976800932859,1.9921186555173413e-05,0.07072825233083974,0.0019321363859175213,0.00020943841923196977,5.5244959046652035e-06,4.975234795205575e-07,0.00019743807906947143,0.0014559691708094207,5.331537678967148e-05,0.06338619381154029,0.049152074648287004,0.028226025308205022,5.591810925533636e-06,0.0007959978391306759,0.0003482622925011468,0.7117264553482013,0.0022184911703500183,0.03054235244556695
45,0.0033243533684491435,0.00047198222973314204,1.0546562585644181e-05,2.0925441491826828e-05,0.0221959419885365,0.02214066638305488,0.00038564369955502217,6.546647107580148e-05,0.09505376416701329,0.0031708756469801067,0.0002348072538302767,9.384218365457857e-06,1.1857093451259596e-06,0.00020606211175431936,0.002278918110605365,0.00011619515914269434,0.08642734893150043,0.08207459231545611,0.04826975959088794,7.756799396021539e-06,0.0009943832756489082,0.0005579710243419173,0.6046472562954212,0.004092461475775971,0.02324175177005298
46,0.0036448996438318945,0.00032367253055222374,9.224714904739662e-06,1.9763157534666644e-05,0.021015841246587237,0.015328267260580848,0.00030583694820271007,2.4085758294311675e-05,0.06452481330446014,0.002532397603265628,0.0001769051056641242,6.838537675218917e-06,7.513170591981642e-07,0.00017074649966161657,0.0008772224510450787,6.617560177102464e-05,0.13605473214677022,0.04476609761732258,0.03333153666874185,6.08762086731231e-06,0.0009060836592419122,0.0005127678935946101,0.639788961918717,0.003327912660674815,0.03227837813297904
47,0.008184713184997753,0.0004056322387264993,1.5280244331127202e-05,2.90719816631015e-05,0.022106905517230446,0.015178527175856492,0.00044296347281952886,4.080344935715729e-05,0.06614835448727759,0.0028354237570517027,0.00018196154047066655,8.791770222526672e-06,1.4649270786331947e-06,0.0002137730406694634,0.0008152095416778129,0.00012095615416971284,0.17924934331511844,0.050784980656190366,0.060762008083331986,6.236520550263886e-06,0.0008974506405305852,0.0006841316711098067,0.5551054729679366,0.005624592302961831,0.030155951358669962
48,0.0006471321733794685,0.0001558620074240878,3.2841158369141644e-06,1.6457768824637795e-05,0.02988731851505125,0.0034184634620956075,6.847727874905903e-05,3.4219098039494455e-06,0.04899790876371637,0.0005161254248296118,0.0013195658988124407,5.136997698244353e-06,5.433372674683134e-08,0.000598039664403466,0.0035541874504418543,1.538736859283866e-05,0.0046602025274722625,0.028129074322576244,0.0017723159255151096,6.844032665587074e-06,0.0007524492393097984,4.7716994639546834e-05,0.8504264185771728,0.00010145695559182321,0.024896698291670266
49,0.002203576980604215,0.0005959835028057757,1.0172087225497863e-05,1.990090327255309e-05,0.02452324394444631,0.02387920299607727,0.000248113672911108,2.71994227404141e-05,0.08942197619594455,0.0023952820791606545,0.00019419307070085725,8.307966480031108e-06,5.807842183500312e-07,0.00014910693468557043,0.0015593746217541311,7.032548287692433e-05,0.08363463512503912,0.048179384377176386,0.03611235318304587,6.356086460204508e-06,0.0011046695310610157,0.0006478997873827603,0.6494410150661758,0.0025990686301661523,0.03296807756758846
50,0.007226455733815876,0.00016778852791643663,1.0948430372802428e-05,1.8835347626554704e-05,0.025331066312699945,0.008962174329299483,0.0006071731862203389,4.068174696247882e-05,0.06954755283466638,0.00521989021953425,0.00027301848064717845,7.679983143331481e-06,1.4247714464070007e-06,0.0003656977379434474,0.0010048489128947574,6.273563837837814e-05,0.123954756832227,0.039509622070116206,0.029494484314345155,8.8446274199472e-06,0.0005103562196768144,0.0002966436987706337,0.6419331640174599,0.005467369409814411,0.03997678661660172
51,0.001721919263154265,0.008454236903462564,5.063307753052858e-06,7.119809867217734e-05,0.017809705229274796,0.030942327494263195,8.812725918523928e-05,3.72273942318529e-05,0.13509038764683362,0.0008301466603208542,0.0006577361791422993,7.591781261431003e-06,1.5809160967019806e-07,0.00017039120503540108,0.009972589032707674,5.6929717263445635e-05,0.03529314550821048,0.09985922551302018,0.04504918287481654,3.3906343574829047e-06,0.001149141486586822,0.0025354865371967398,0.5509860325831252,0.0005890736430487197,0.05861958595546643
52,0.0021026784716331897,0.0002727813144319275,4.9811666354471996e-06,2.5312485838944133e-05,0.0213010794830739,0.03447821845748294,0.0001897512447151306,4.580755350445746e-05,0.09933472591487268,0.006566751962188514,0.00037546538351721843,7.806417477266757e-06,8.354345452541701e-07,0.0002080988184155818,0.0032328929646593353,7.925442185368295e-05,0.03232111106116646,0.12497222430287505,0.034285022530674114,1.1678101856163177e-05,0.0006722492211590378,0.0003126073528854274,0.6205343177239148,0.0020401471001618376,0.016624201110461666
53,0.0010234192333035987,9.529237688572377e-05,3.8086414598234846e-06,1.0817315130854266e-05,0.013505899653391806,0.007118783573790662,0.00023244195009572804,8.34147908851853e-06,0.0343122252227465,0.0012371100554130798,0.00019506340376674675,5.11048120958503e-06,2.794959346884141e-07,0.0002134695533612993,0.0008970717434805813,3.244141013038759e-05,0.033784502634180265,0.03703417233274761,0.0054715507746280105,6.2691077498245695e-06,0.000732271107224657,0.00012154619034494435,0.8431467412627242,0.0012930974149815689,0.019518273586229408
54,0.0027936688436639746,0.001576406615638834,5.623374675215676e-06,2.0581972357206588e-05,0.021922043070604746,0.016802202256949905,0.00019430489348934982,2.1713275190749908e-05,0.09551426397611866,0.0014621163834731836,0.0002389084874851045,6.169046398107971e-06,2.8456038746718005e-07,0.0002908599930111892,0.002936861116621697,4.0298110065732766e-05,0.05109013120317678,0.04111363889568827,0.04015993086455756,3.062980673223075e-06,0.0005823004138773121,0.0007216550722006168,0.6442991146913708,0.0020767803199564635,0.07612707958236786
55,0.0025382924735898424,0.00032249083853654644,6.405460115781005e-06,1.5229283176116586e-05,0.023839741081416205,0.017291874993950976,0.00035042442851874605,3.1382106160028554e-05,0.08014960213843113,0.0018265014902734287,0.0001904127331529103,1.2925439250912982e-05,7.19287494755102e-07,0.000296001450388579,0.0016112709805005169,7.545732444754844e-05,0.06373732389576567,0.07049902723867467,0.0232597972178202,7.107858660307447e-06,0.0008310055727993113,0.00038461527932083755,0.676646941109592,0.00293554522574221,0.03313990509222065
56,0.0025254206361154928,0.0004130459645061449,7.545579806801007e-06,1.7380879296907817e-05,0.021713837813269275,0.015118712868018854,0.00021620004686393845,2.18514904760611e-05,0.07123354452139787,0.0020624905624075283,0.00020457555131852469,5.759700920243302e-06,5.842183485794368e-07,0.00019868001102898866,0.0013972905721089236,5.789061997405737e-05,0.06713198961631035,0.05133858249920781,0.0297212518608429,6.023537546589988e-06,0.0007966438706964946,0.0003519187095051921,0.703241665143527,0.0024488849784842885,0.029768228748021208
57,0.0025261791691894983,0.0004182642211644034,1.7068037281304657e-05,1.4951885034048303e-05,0.035930084499769165,0.017827508064128226,0.00029495196712779436,2.803515780469371e-05,0.08886709662294189,0.0028659919802937806,0.00021005125512249718,1.0269169024101223e-05,8.523848396737538e-07,0.00020582441038384847,0.0013842797857328535,7.761915063458088e-05,0.09008903829352351,0.03858210864184767,0.03519913142458564,8.614896266230765e-06,0.0012136725460611755,0.00044647783817379987,0.6481792119428845,0.003146050573290943,0.03245666608289402
58,0.00226644085311665,0.0003817266911618602,7.065042533580436e-06,1.4216998147438318e-05,0.018877975488273975,0.015545859123816222,0.00021375926597509178,1.995739620503097e-05,0.061358883215919195,0.0021075558605923393,0.00014763619241291317,5.617444877484154e-06,5.868594006996092e-07,0.00018542605802771806,0.0012248378178441196,5.451326040071917e-05,0.07016575916107991,0.04801589085370096,0.0301678595182107,5.4277341660503334e-06,0.0007918262244332423,0.0003450458201489789,0.7161884608566884,0.0031759097919046753,0.02873176247096197
59,0.0023531841082905037,0.00037649871090161206,8.381948000495602e-06,1.4868952778821413e-05,0.020584292208290316,0.0147871091250868,0.00022504237861916548,2.0628039803951482e-05,0.06238921722943051,0.002083045028616353,0.00016276783179430427,5.9789647573235435e-06,6.188208639017988e-07,0.00019278300561720904,0.0012264359780025129,5.881932639752112e-05,0.07281022432310151,0.04647492550417993,0.029708941580916078,5.960642573516383e-06,0.0008672705858750145,0.0003437721114192381,0.7140000283850128,0.0030616278096747968,0.02823757739999584
60,0.0023980172108298164,0.00042690576747669856,7.211692981283433e-06,1.6869761730449662e-05,0.021474213358742836,0.014472446884840597,0.0002003976800932859,1.9921186555173413e-05,0.07072825233083974,0.0019321363859175213,0.00020943841923196977,5.5244959046652035e-06,4.975234795205575e-07,0.00019743807906947143,0.0014559691708094207,5.331537678967148e-05,0.06338619381154029,0.049152074648287004,0.028226025308205022,5.591810925533636e-06,0.0007959978391306759,0.0003482622925011468,0.7117264553482013,0.0022184911703500183,0.03054235244556695
61,0.002438010767803523,0.0003844405049637234,8.381687271716834e-06,1.4646819858396406e-05,0.021520443136608638,0.014245368803155785,0.00021492742224966883,1.9856511524132382e-05,0.0648783572268053,0.0020577592521517332,0.00017485642230155403,5.8519678475733236e-06,5.837182689388828e-07,0.00020095515215275326,0.0012762608355013135,5.6156517242398634e-05,0.07070534121332898,0.0449361031484461,0.030004482497228584,5.753168322402125e-06,0.0008472412765440966,0.0003338665312161973,0.7133504142423058,0.002823055901229497,0.029496885275671215
62,0.0023980172108298164,0.00042690576747669856,7.211692981283433e-06,1.6869761730449662e-05,0.021474213358742836,0.014472446884840597,0.0002003976800932859,1.9921186555173413e-05,0.07072825233083974,0.0019321363859175213,0.00020943841923196977,5.5244959046652035e-06,4.975234795205575e-07,0.00019743807906947143,0.0014559691708094207,5.331537678967148e-05,0.06338619381154029,0.049152074648287004,0.028226025308205022,5.591810925533636e-06,0.0007959978391306759,0.0003482622925011468,0.7117264553482013,0.0022184911703500183,0.03054235244556695
63,0.002217001549937156,0.0005930006154461106,6.758815496731751e-06,1.7422912014109453e-05,0.020886340460685368,0.015587239142244115,0.00017282557601299006,1.9374910738487966e-05,0.0755405983247025,0.001714171221789586,0.00020765463665315623,5.125276560602856e-06,4.3513383258153384e-07,0.00018437561249143506,0.0016510358824094195,5.03072938514001e-05,0.05935785718580862,0.050063183913752356,0.03122516246238517,4.964802881902559e-06,0.0007786867196065321,0.0004028243413135309,0.7038352012159211,0.0020253137310676074,0.03345313826239726
64,0.001869928948155279,0.00036549742685608336,8.217069115438974e-06,1.4444059781852831e-05,0.019666687343300102,0.013353191222670894,0.00016859058164720675,1.593993049655703e-05,0.05764367304491194,0.0016422269177827512,0.00018144620857450753,5.745590687427965e-06,4.476043541035501e-07,0.00018145917633553195,0.0013116166475223806,5.1300395378511154e-05,0.06122374866488913,0.04164199062173985,0.022761969367536463,5.643999584220703e-06,0.0010742538471153339,0.000300810692450299,0.7485196643466985,0.0020642467584284538,0.02592725953398719
65,0.0007692452375076679,0.0005415372829679441,3.4264055757490807e-06,1.0554661893853213e-05,0.011795940394415377,0.014683794241528502,9.735925702537277e-05,7.70480588303114e-06,0.039120759625940305,0.000700867171207931,8.911798509886117e-05,3.8990420551888935e-06,2.0754815637484928e-07,0.00013729838530249016,0.001208281410432589,3.160850465818394e-05,0.03592275113424739,0.04621450954898469,0.015814030305708906,3.436808184926056e-06,0.0008875346816949891,0.00028047399167313347,0.8027215827553613,0.001628200830719255,0.027325877983775834
66,0.005459896481189089,0.00015151720275178443,2.1321263687817368e-05,1.8168645065259474e-05,0.05868995064329698,0.013020280848026514,0.0004877901314127511,2.3893293805906938e-05,0.08464423019924606,0.004125692454266719,0.00019598299191790275,5.53344559716049e-06,1.8929733146115085e-06,0.00022332648895117697,0.00047658032073126267,9.958424365237113e-05,0.12154295109952246,0.03476747467643981,0.04109991353673754,1.2305247404482985e-05,0.0007770248261141041,0.00020156416261694448,0.6073190460630904,0.004120561479036516,0.022513517282124293
67,0.00031558802882587745,0.00038288172794761745,1.7028016653313617e-06,7.160791241609254e-06,0.0048694018358317204,0.016562348843352462,6.326582528236778e-05,3.586103954727607e-06,0.020321844776882925,0.00045465368482977466,5.098067858069458e-05,2.822191655119077e-06,1.1049054762672412e-07,8.057874995229888e-05,0.0008482166289887006,2.0283935035007123e-05,0.029531176866800304,0.040641426940161075,0.009598025148933658,2.408377622934801e-06,0.0008136581314046784,0.0002361424070518789,0.851378517084709,0.0013174528993313075,0.022495765049411223
68,0.0035713095349365594,0.0004869116292427834,8.240544515198736e-06,1.8794827977294172e-05,0.025345838650560698,0.0111081149718336,0.00019743739095158105,1.848524107083814e-05,0.08005649692583622,0.0020342644681361818,0.00024749773322055513,4.141463786495666e-06,5.232737413986076e-07,0.0002192108197154556,0.0012821305618178785,5.027468612594951e-05,0.07036039610051428,0.04179592445817545,0.03576514911136284,5.11132944625327e-06,0.000600846012191332,0.0003325285485962622,0.6885005809346231,0.0021687777244312058,0.03582101305719058
69,0.00207042798230622,0.00038756106080583885,6.3350194690860515e-06,1.6212396996322223e-05,0.020137958011610054,0.013182716235492522,0.000177033868387663,1.778078771823527e-05,0.06974503430786266,0.001805819925066099,0.0002334774188761888,5.197990767865591e-06,4.1145846608483474e-07,0.0001861109915408215,0.0015231249347223608,4.507457832153179e-05,0.05702712310741267,0.04824723728510125,0.02262020688999373,5.620293355537874e-06,0.00078799790565595,0.0003176020176379554,0.7295749504382403,0.001734429669880497,0.030144555424312536
70,0.0020333404154757573,0.0004155907104688434,7.85583157015207e-06,2.0111942613669954e-05,0.023542232465301623,0.017436068026002186,0.00020634806176766138,1.923862548165668e-05,0.08141333528100198,0.0019442402486671809,0.00023987283360907727,5.827566532593551e-06,4.4957292462650515e-07,0.0001745708941999705,0.0014936481029568303,6.063984977603885e-05,0.05182391670657569,0.04710387273812374,0.024478909096057242,6.231725706564936e-06,0.0008834525257887732,0.0003407753586420431,0.716998528938307,0.0017122524416859609,0.027638690040763064
71,0.0032785276399983528,0.0002413149982336668,7.85817323233884e-06,1.6338878609340673e-05,0.025795101870421076,0.013415074413326148,0.00039349168091204267,2.5923714882573483e-05,0.08176100749352509,0.003036052867898327,0.0001893786567417073,5.946843454557686e-06,7.560665564970381e-07,0.0002121260338151571,0.0010166111825904273,5.473449350730433e-05,0.08236267938818427,0.039949667353018685,0.024481621655541866,6.881225552816172e-06,0.0006335699013063182,0.0003058017988067667,0.6857934468238335,0.003280344572527435,0.03373574227352372
72,0.0028837450685599334,8.405548409305786e-05,1.514312255648066e-05,2.1219935858161008e-05,0.03013959052512981,0.045855585205315505,0.0017491123570527664,9.30106973989394e-05,0.05424953563180614,0.0022110160220723107,6.076233584656903e-05,1.6402241670867708e-05,5.299984948742963e-06,0.00021006053576990742,0.0004864025240707372,0.0007269741127712832,0.13032956780737456,0.16619756046487297,0.04597279593859951,1.560023084497389e-05,0.001826937557802303,0.000263968535674113,0.49838486735170934,0.012716279803455228,0.005484506524745794
