,0,1,2,3,4,5,6,7,8,9,10,11,12,13,14,15,16,17,18,19,20,21,22,23,24
0,0.0006480003799115317,0.4123681121364651,0.0002711749991022345,4.826707704601451e-08,0.006087849930655082,7.662047452021972e-08,1.69289556139014e-06,1.905636179110278e-05,0.00013437834999331774,3.7192008894103744e-06,1.5795867004702136e-05,0.0002713279522563335,1.6567172930282479e-07,0.0006076358007077276,0.013133933892109958,1.7079305270819265e-08,0.00019959893053599198,1.5742395003019286e-07,0.014633858236990949,8.859030583772169e-11,1.8432035702046543e-05,0.5514492082360597,2.0600361602469123e-08,1.9350598201095517e-05,0.0001163884445742208
1,0.0004489043596375974,0.41297853300872533,0.00016722220788848615,3.666556842483248e-08,0.004305505018797879,6.051970224841942e-08,1.3218315971077883e-06,1.5655441211754725e-05,0.00013602425040200702,4.2640967582916265e-06,8.933745137099435e-06,0.00015612169128053586,1.085933475597257e-07,0.0005641739542011435,0.012485444721349794,1.5349283184180794e-08,0.00013911119308007025,1.0217991356502867e-07,0.01697244879775272,5.89026909213794e-11,1.6246470503655923e-05,0.5514684117860978,1.4427018656900818e-08,1.1741356638416964e-05,0.00011959827520413048
2,0.00046465755892802186,0.3070988642810035,8.167703163450106e-05,3.232370748836188e-08,0.003259683244854151,4.846939277249841e-08,1.0061060132590816e-06,1.2885359262449596e-05,4.421516677949669e-05,2.471192212049547e-06,8.375923476598692e-06,0.00016396207626072733,5.893399258395047e-08,0.0004808368486888824,0.01767805770169465,1.5484311808714823e-08,0.00023903523567133563,1.0651016201390332e-07,0.01074805317559303,4.2074843924159527e-11,2.0856315473213404e-05,0.6595670650715727,3.3700217410121915e-08,1.141905175906468e-05,0.00011658319526340266
3,0.0004803165964222867,0.4057201824567598,0.0001433985029307454,3.9960352602607715e-08,0.004256315151631164,3.988188545748854e-08,1.0158370799670783e-06,1.605635162990448e-05,6.54599415783069e-05,3.181924533733282e-06,8.45823403004831e-06,0.00018064500043109532,9.784072071433511e-08,0.00047020702097602554,0.010810883573942671,1.0148508481522495e-08,0.0002406103454674228,1.3725837727139726e-07,0.010068405396359689,4.830595944954085e-11,1.7432071131637688e-05,0.5673838988878147,1.8049884621306785e-08,1.689317672618954e-05,0.00011629634251931142
4,0.00045010977057413106,0.4319124816742787,0.00016741994651870418,4.9254416553260056e-08,0.00536331792024585,4.751498485172228e-08,1.0958629494443896e-06,1.6195853297224613e-05,6.872166574260984e-05,3.626287405728573e-06,9.016986792832061e-06,0.000194088438333893,1.2672257907710342e-07,0.0006100383320898201,0.01031292803760543,1.1103519619612473e-08,0.00022635925444971136,1.4531821768559884e-07,0.010181993676857263,5.620890232714753e-11,1.8252512401027242e-05,0.5403346560646299,1.9626523653214062e-08,1.707549479558152e-05,0.00011222262458198673
5,0.0004285082585183252,0.4372176563373739,0.000142435133412045,4.693838327175986e-08,0.0048514075463599315,3.740689096991227e-08,8.964574821142485e-07,1.6558865137170358e-05,5.652493280645688e-05,3.376651107400873e-06,8.045848661563936e-06,0.0001739048338266444,1.0937196250647352e-07,0.00048271205205989366,0.009244336228099864,8.313707617150866e-09,0.00026966917575600876,1.6464768978560084e-07,0.00850873975466341,4.69024521278451e-11,1.7854159936999963e-05,0.5384445019553313,1.8227883481745183e-08,1.9355517491284257e-05,0.00011313133855552666
6,0.0004803165964222867,0.4057201824567598,0.0001433985029307454,3.9960352602607715e-08,0.004256315151631164,3.988188545748854e-08,1.0158370799670783e-06,1.605635162990448e-05,6.54599415783069e-05,3.181924533733282e-06,8.45823403004831e-06,0.00018064500043109532,9.784072071433511e-08,0.00047020702097602554,0.010810883573942671,1.0148508481522495e-08,0.0002406103454674228,1.3725837727139726e-07,0.010068405396359689,4.830595944954085e-11,1.7432071131637688e-05,0.5673838988878147,1.8049884621306785e-08,1.689317672618954e-05,0.00011629634251931142
7,0.0005572200040567127,0.5624976694733383,0.00021299718974945425,5.365697087211133e-08,0.0038342939423805745,3.577640733217529e-08,1.656654280504766e-06,1.9902897072804993e-05,9.51753137562838e-05,3.5135825342095713e-06,1.2727930582393455e-05,0.0001661530668307274,1.7184679206783935e-07,0.00043367220170068503,0.009622709417252151,8.05110817524452e-09,0.00023265218127067108,1.6547758429877607e-07,0.009313150059727349,7.438747467098899e-11,1.528407943121745e-05,0.4128379061577965,1.3773535215576278e-08,2.645957218549733e-05,0.00011640761926844517
8,0.0005731445990536538,0.4727531733547458,0.0001896498471629625,5.223899117603213e-08,0.004855383947984853,2.8944588652593053e-08,1.2153936986818878e-06,1.8884998889879266e-05,5.928367761210018e-05,3.6925135189055307e-06,6.225204023770759e-06,0.0001745314012981227,1.2675236892828684e-07,0.0005853884133725676,0.010654959975063364,1.0450049526667572e-08,0.0003030475706945747,1.2484409709750245e-07,0.008871951390491956,4.549216357365391e-11,1.5917333696733237e-05,0.5007469987434231,2.1344964823359235e-08,2.663535095217478e-05,0.0001595516637643159
9,0.0005890476640397228,0.6693042609424037,0.0003868577059737333,7.544283841888616e-08,0.006462008613892733,2.2681782736861487e-08,1.5064502930712237e-06,2.338552850604656e-05,9.493937030181594e-05,4.339728321301447e-06,7.241635693505162e-06,0.00016548286632144234,2.470997216371656e-07,0.0005887995309590327,0.00847999009535734,7.31267373936539e-09,0.00030540393402826244,1.3410277134478027e-07,0.007461282230188595,5.656298929491451e-11,1.3411807049381079e-05,0.3058730889726448,1.412484804700434e-08,5.1862053240757986e-05,0.00018659004958554865
10,0.0004803165964222867,0.4057201824567598,0.0001433985029307454,3.9960352602607715e-08,0.004256315151631164,3.988188545748854e-08,1.0158370799670783e-06,1.605635162990448e-05,6.54599415783069e-05,3.181924533733282e-06,8.45823403004831e-06,0.00018064500043109532,9.784072071433511e-08,0.00047020702097602554,0.010810883573942671,1.0148508481522495e-08,0.0002406103454674228,1.3725837727139726e-07,0.010068405396359689,4.830595944954085e-11,1.7432071131637688e-05,0.5673838988878147,1.8049884621306785e-08,1.689317672618954e-05,0.00011629634251931142
11,0.0004760658146390302,0.4182798759740316,0.00015028849078933633,4.38223602073266e-08,0.004416263509087228,4.062564355245264e-08,1.04916159035887e-06,1.6878993124954236e-05,6.665538499106872e-05,3.364861345631999e-06,8.71775844794876e-06,0.00018602307388773168,1.0969717856184514e-07,0.0004885680233643912,0.010410911321834328,1.017041824682215e-08,0.00024799739932534825,1.4563162446035262e-07,0.009925208462893131,5.296576184518017e-11,1.7809573280989356e-05,0.5551696978375399,1.8344217339499036e-08,1.775521138298383e-05,0.0001165008040358487
12,0.0004296297423389392,0.3595713993025265,0.0001203619612488379,4.013361225774271e-08,0.004787519581464634,3.7326643296958326e-08,7.5877369963419e-07,1.449213524600976e-05,3.93870138038671e-05,2.9481533883210173e-06,6.6925845163804985e-06,0.0002020765647647324,9.004163795849458e-08,0.0005174578376994986,0.008987224298401082,9.828155122955478e-09,0.00027979963623757435,1.4836199512768188e-07,0.00811606099829848,4.2353236700426313e-11,1.806926617692837e-05,0.6167893114717325,2.143210965228548e-08,1.547527715218507e-05,0.0001009882347971604
13,0.0004809342196674705,0.3868765501427012,0.00014575561585724627,3.9325608203526094e-08,0.004185439067332137,3.8534582122434e-08,9.987919349499018e-07,1.627739756897542e-05,6.497200192732438e-05,2.935505543405625e-06,8.985452019591597e-06,0.00019723265045744725,9.604297878026652e-08,0.00047107564925613025,0.010883656347762708,9.837598499188737e-09,0.0002471776097044383,1.359440839635068e-07,0.010143044247784477,4.9226926587634306e-11,1.7865795053468234e-05,0.5861282982916103,1.7770134800352e-08,1.6100695796400045e-05,0.00011236301380887719
14,0.0006285337953678904,0.30584373398699727,0.00014749450318982642,3.807199859333709e-08,0.003712677169627753,3.836464524566564e-08,1.1205751487667882e-06,1.6827412390948345e-05,5.716535011242237e-05,2.5585001528904263e-06,8.776730956081252e-06,0.0002465830900998579,8.345405493018894e-08,0.0004902271836349952,0.012276784781772576,1.2906182198864736e-08,0.0002889122008662055,1.3924757690548238e-07,0.01034073716537504,5.184115467445399e-11,1.8680738054923347e-05,0.6657709200136588,2.343754330178538e-08,1.641152007065189e-05,0.00013151974868059007
15,0.0004803165964222867,0.4057201824567598,0.0001433985029307454,3.9960352602607715e-08,0.004256315151631164,3.988188545748854e-08,1.0158370799670783e-06,1.605635162990448e-05,6.54599415783069e-05,3.181924533733282e-06,8.45823403004831e-06,0.00018064500043109532,9.784072071433511e-08,0.00047020702097602554,0.010810883573942671,1.0148508481522495e-08,0.0002406103454674228,1.3725837727139726e-07,0.010068405396359689,4.830595944954085e-11,1.7432071131637688e-05,0.5673838988878147,1.8049884621306785e-08,1.689317672618954e-05,0.00011629634251931142
16,0.0003965685761491876,0.35943193380117866,8.208981205541226e-05,3.113661034277364e-08,0.0026083657653747194,3.742758936661292e-08,8.433303599292187e-07,1.2293949472659994e-05,3.958618534936158e-05,3.1805866917149494e-06,6.185020034129876e-06,0.0001506838542427208,6.978359311937269e-08,0.0004204485200935578,0.007696217452731238,8.9605808166181e-09,0.00019471639605274295,1.586309595924402e-07,0.007592634532656687,4.270079357217832e-11,1.8405772993771274e-05,0.6212506729364813,1.526140954872121e-08,1.084118093176027e-05,8.401108370681795e-05
17,0.0005082679302646618,0.3617550489505952,0.00016632052353514394,5.8722079976499276e-08,0.005377724779944047,3.7375782593577065e-08,9.450820933576813e-07,1.776099826505492e-05,4.657979343367607e-05,3.487544456780769e-06,6.463952226717198e-06,0.00025091176526989626,1.2663551168795158e-07,0.0007556825843252844,0.007955122975608322,1.0848337305458347e-08,0.0002984839452722005,1.7545051286429953e-07,0.008212792015493188,5.5367594723522253e-11,1.8757130973321764e-05,0.6144794846563679,2.2638644776183734e-08,1.7805244471525424e-05,0.00012792840116678957
18,0.0007536888608760412,0.3196540914125158,0.00011845226850845485,3.344927701949848e-08,0.0022703536831160664,1.3441084870002345e-08,8.240184897839072e-07,1.8430650149870462e-05,2.5343520804900058e-05,2.3831086609812413e-06,4.458443616447307e-06,0.00025720412564133563,7.684904807754865e-08,0.0002957264664577684,0.006488858694221544,6.82829302987202e-09,0.0005425105821086568,1.953133800381947e-07,0.005695061527861644,3.636590901043969e-11,1.7302101464222483e-05,0.6636883263741192,1.5739745343163873e-08,2.744313853710037e-05,0.00013919936565596724
19,0.0003405034750819548,0.4375128932461244,0.00024554310818817194,5.818196118673961e-08,0.007560410809101406,4.320900338249052e-08,8.892190520572139e-07,1.8768269064304254e-05,9.190368549199122e-05,4.183104651863697e-06,8.608378913757883e-06,0.0002437425302940956,1.6738653715458457e-07,0.0006952573975343464,0.007533953033195023,8.134206961211595e-09,0.00020623086698594035,1.3364732082814282e-07,0.009924146303306585,6.030993597518428e-11,1.60691866779302e-05,0.5354735344664998,1.2886107041589403e-08,1.613594950835318e-05,0.00010680346488153768
20,0.00027153391779290024,0.2902705659955809,6.811222879851272e-05,2.5172779378699536e-08,0.0031489347870164233,2.4138405518768142e-08,4.97706045692868e-07,1.4506769810239096e-05,3.7695957600820814e-05,2.4254526721441012e-06,4.737600784263853e-06,0.00013247809137620072,4.956733056339761e-08,0.00031175666377767925,0.00836069343087199,6.140415929326279e-09,0.0002253761941309356,9.610274760562809e-08,0.008348712378759091,2.709995028153356e-11,1.5729993550023996e-05,0.6886999046697738,1.4072191244451452e-08,9.799140755840596e-06,7.632379993217038e-05
21,0.0008163961719901763,0.3722644725408024,0.00023976436434984018,5.578792642660291e-08,0.004809444896588702,6.840534857732256e-08,1.8043970851363204e-06,1.5574645282912645e-05,6.151444423880791e-05,4.067439364766079e-06,1.0316118278157973e-05,0.00039463755637098133,1.7844300751907236e-07,0.0008867658914473356,0.01004073149640629,2.285510791573279e-08,0.0002491550395105892,2.1113709456438265e-07,0.00964601622291664,9.685766771159572e-11,2.1660881074861964e-05,0.6003869656613958,2.7889929521186854e-08,1.8867979251758767e-05,0.00013127963837281009
22,0.0005264068021399833,0.31142562089219633,0.00014465952583534627,3.582625741684899e-08,0.0033784167210572885,4.165982497590018e-08,9.575667211863898e-07,1.518096964554776e-05,4.688982095435231e-05,2.539818955986226e-06,9.829643671529458e-06,0.0002350008180672062,7.994674237320658e-08,0.0004481570374474474,0.008562758062465498,1.1006942281408927e-08,0.000275900720639407,1.9152398882650304e-07,0.007949293683717327,6.039734492282747e-11,2.0364911820604156e-05,0.6668510402793607,1.9526188421516145e-08,1.4749792700372972e-05,9.18533822621517e-05
23,0.0004803165964222867,0.4057201824567598,0.0001433985029307454,3.9960352602607715e-08,0.004256315151631164,3.988188545748854e-08,1.0158370799670783e-06,1.605635162990448e-05,6.54599415783069e-05,3.181924533733282e-06,8.45823403004831e-06,0.00018064500043109532,9.784072071433511e-08,0.00047020702097602554,0.010810883573942671,1.0148508481522495e-08,0.0002406103454674228,1.3725837727139726e-07,0.010068405396359689,4.830595944954085e-11,1.7432071131637688e-05,0.5673838988878147,1.8049884621306785e-08,1.689317672618954e-05,0.00011629634251931142
24,0.00031104521408000153,0.49241406334081317,0.00014577462988848132,5.375733806372263e-08,0.006359460478297628,4.137168312935825e-08,8.040827966973335e-07,1.447364152884711e-05,5.870508733888308e-05,4.100250888577962e-06,6.638138241542256e-06,0.00015647908316667835,1.391589615305165e-07,0.0006952887234097652,0.007494287120772981,7.855448689292702e-09,0.0001864347755136019,1.3294149791798998e-07,0.009178246803627272,4.5824859795296597e-11,1.5330152776283575e-05,0.4828479282581556,1.4662860411571592e-08,1.408633543700575e-05,9.646408965257562e-05
25,0.0006396278887215215,0.35050616576790966,0.00018042823401498816,5.1859363842484e-08,0.003348729020273533,2.2904863156872006e-08,1.4087783420160068e-06,2.731804253493123e-05,5.4660273695459886e-05,2.1895711577243454e-06,1.264153374746348e-05,0.0002932446753764027,1.47785333538941e-07,0.0004223161254613712,0.008112071943290734,7.287080681810629e-09,0.00041474206772581254,1.9700570516112764e-07,0.00961087136673058,7.903826443255541e-11,1.7414050108884377e-05,0.6262429206969415,1.863065531615191e-08,2.3759789058046642e-05,8.90446228694738e-05
26,0.0009952376158533286,0.47073919476617776,0.0002473158053508027,5.4514833662308606e-08,0.003806810425707277,1.9931143097217926e-08,1.2864337189328065e-06,3.097201296459076e-05,6.326047383313308e-05,3.174781807225078e-06,9.145881023276121e-06,0.00023981178356338143,1.613719851049301e-07,0.0002615249391411254,0.007898239659157837,7.086916152343075e-09,0.0006767521524381749,2.693761380690379e-07,0.006860957715434552,6.174889920054888e-11,1.727692489583467e-05,0.5079312260687348,1.8147376292096944e-08,6.424598459737183e-05,0.0001530360854595932
27,0.0004573686788822259,0.330254324157092,9.51397365147268e-05,2.8319851964071513e-08,0.0027461488583067077,4.5516533291075484e-08,9.164342011096289e-07,1.564303922502986e-05,8.235002351348076e-05,3.2694142811711265e-06,7.2274975007812275e-06,0.00012441320047064112,5.389421714840494e-08,0.00030872283028478785,0.01285834743787643,1.0959452075702103e-08,0.00017914087605575075,1.1675596228083434e-07,0.010633643497894918,4.21883716584825e-11,1.6658432428258734e-05,0.6420724639891844,1.6140770793996775e-08,1.2605624802154667e-05,0.00013134464250955997
28,0.0004803165964222867,0.4057201824567598,0.0001433985029307454,3.9960352602607715e-08,0.004256315151631164,3.988188545748854e-08,1.0158370799670783e-06,1.605635162990448e-05,6.54599415783069e-05,3.181924533733282e-06,8.45823403004831e-06,0.00018064500043109532,9.784072071433511e-08,0.00047020702097602554,0.010810883573942671,1.0148508481522495e-08,0.0002406103454674228,1.3725837727139726e-07,0.010068405396359689,4.830595944954085e-11,1.7432071131637688e-05,0.5673838988878147,1.8049884621306785e-08,1.689317672618954e-05,0.00011629634251931142
29,0.0004803165964222867,0.4057201824567598,0.0001433985029307454,3.9960352602607715e-08,0.004256315151631164,3.988188545748854e-08,1.0158370799670783e-06,1.605635162990448e-05,6.54599415783069e-05,3.181924533733282e-06,8.45823403004831e-06,0.00018064500043109532,9.784072071433511e-08,0.00047020702097602554,0.010810883573942671,1.0148508481522495e-08,0.0002406103454674228,1.3725837727139726e-07,0.010068405396359689,4.830595944954085e-11,1.7432071131637688e-05,0.5673838988878147,1.8049884621306785e-08,1.689317672618954e-05,0.00011629634251931142
30,0.0004803165964222867,0.4057201824567598,0.0001433985029307454,3.9960352602607715e-08,0.004256315151631164,3.988188545748854e-08,1.0158370799670783e-06,1.605635162990448e-05,6.54599415783069e-05,3.181924533733282e-06,8.45823403004831e-06,0.00018064500043109532,9.784072071433511e-08,0.00047020702097602554,0.010810883573942671,1.0148508481522495e-08,0.0002406103454674228,1.3725837727139726e-07,0.010068405396359689,4.830595944954085e-11,1.7432071131637688e-05,0.5673838988878147,1.8049884621306785e-08,1.689317672618954e-05,0.00011629634251931142
31,0.000472899447098714,0.4907956820532391,0.00021165296222054456,4.898525930469781e-08,0.0058032138747820886,2.0000671213066995e-08,7.142630540057767e-07,2.2498426568704367e-05,5.427200184006895e-05,3.6130016714516416e-06,4.921569167481676e-06,0.0001935480496422618,1.5049092083512583e-07,0.0004670529780613468,0.005350183901258894,6.038058892511017e-09,0.0003241305456955302,1.567850301341547e-07,0.00811928774129747,4.4916420495132847e-11,1.3769788616862139e-05,0.48802070777495865,1.100753450062676e-08,2.772629648712119e-05,0.00011373197194821149
32,0.00046315832976131995,0.38395658149270556,0.00013010504903092715,3.641231593835848e-08,0.003968935933667689,3.9772424551778825e-08,9.75507058425968e-07,1.5744501073932862e-05,6.704208661621992e-05,3.1009271378352028e-06,8.094505818070655e-06,0.0001716481536817219,8.791431672013683e-08,0.00045161813032815304,0.011071058499850586,1.0473899122404995e-08,0.0002248836726221884,1.259843952774703e-07,0.01108777655308632,4.638176922029357e-11,1.742827939579998e-05,0.5882346500038937,1.727328198788281e-08,1.4730645052944522e-05,0.00011214985220330363
33,0.0011497420233285308,0.5827338672523129,0.000993002394393173,1.009586520457758e-07,0.004828383099815095,1.1870623741712409e-07,6.0840664376232545e-06,3.609596497598124e-05,0.0011856075898390387,6.794042827266756e-06,3.692236395031719e-05,0.0002536173901896328,1.6611407336745893e-07,0.0006466957886528547,0.04716328601808243,2.7980658091940196e-08,0.00017753550641970905,1.5362870467124737e-07,0.024452152740650986,1.655655869042553e-10,3.701974610713875e-05,0.3355295640760429,1.973961214049013e-08,4.327036377623312e-05,0.0007197722786948602
34,0.0006380348484401079,0.4450827236544469,0.00017434471632314338,3.423227477552404e-08,0.003198619296051477,5.488635878000785e-08,1.644328896736527e-06,1.7969145613303428e-05,0.00019197366547157199,3.936457665359226e-06,1.0962041389260901e-05,0.0001392750091885402,9.643885583459595e-08,0.0003977509886074096,0.015302816935579031,1.3075476654815698e-08,0.00014055817029182339,1.147055598509604e-07,0.017362255489136873,5.791848167460333e-11,1.654472353053189e-05,0.5171479767155504,1.2013361900496199e-08,1.5718809408692195e-05,0.00015656959460262447
35,0.0007030079239464934,0.328721129027201,0.0001221101775000574,3.482950367882072e-08,0.0014871710625777392,1.4691715273502532e-08,7.956457328411544e-07,3.6687988248203685e-05,0.00010634741215889656,3.8013184282800764e-06,5.493279719510651e-06,0.0001730899732396778,8.755766815173376e-08,0.0001289634655268517,0.0036328384309005798,3.584716048874329e-09,0.00032325326039863475,2.6527314591164543e-07,0.008735741941586564,6.195971350477816e-11,1.1759850543284106e-05,0.6556449773933501,4.369571230330238e-09,2.3411435315668186e-05,0.00013901004534568387
36,0.00043622694247616266,0.4860055330005444,0.00011775833620305801,3.977988282171847e-08,0.0035287543436282875,7.828242106362282e-08,1.418250465873617e-06,1.2116410741358505e-05,7.510029550823031e-05,3.5553945455676835e-06,1.323893404683514e-05,0.00010202594849734157,8.05792376719332e-08,0.00044494828903663596,0.012770622656049595,1.0964448316763132e-08,0.00014330048392967852,1.9351688630875937e-07,0.007975225614034373,5.6398803557322154e-11,1.8707187501392948e-05,0.4882353615914202,2.136291762644793e-08,1.615942618379207e-05,9.952235299469736e-05
37,0.00011991437447987876,0.40203221801862365,6.788756554237532e-05,3.858918458920059e-08,0.0059606478330135266,9.49156759549544e-08,5.582001114383228e-07,1.5083948280068779e-05,0.0001571372926225607,5.622332247225025e-06,9.54364928494618e-06,7.730317558892955e-05,6.13284292511546e-08,0.0003465667213169755,0.02122261538858969,9.435762460701717e-09,0.00013020813031963034,7.633174288633859e-08,0.014105136460384984,3.6295734031355476e-11,2.168998415860307e-05,0.5556051497965693,2.1395416446126057e-08,7.850093555039945e-06,0.00011456500280394918
38,0.0008065333987155095,0.2949405906806185,9.750057062213705e-05,2.380007906477573e-08,0.0020324389021051576,1.0393815354118739e-07,2.4078890599887704e-06,9.263002199875032e-06,5.8171488366098154e-05,2.5219830944708496e-06,1.4927521479731423e-05,0.00017146219499883752,5.467940564097715e-08,0.0004799464657739779,0.022355035865125234,3.333612529637563e-08,0.00014413407166989807,1.4722034230370797e-07,0.011716575573751173,6.905721478720686e-11,2.267612196204121e-05,0.6670291795893486,3.95132642343519e-08,1.0931483874868083e-05,0.00010530064080673015
39,0.00045082308798071694,0.22186611480586754,0.0001510680159393157,3.443953449690359e-08,0.0043899931099025,5.758735878265545e-08,7.684266241005326e-07,1.759827435139446e-05,7.044314073151931e-05,3.031599774440972e-06,7.710008098709485e-06,0.00029848129225797305,6.499182570622515e-08,0.0005189141345861086,0.010949393489534043,1.7955916964729133e-08,0.00022547945493946688,1.3045443659752415e-07,0.012889706115499062,6.356092977815164e-11,2.425282184800084e-05,0.7480067252936443,2.1366009792655897e-08,9.6357667345979e-06,0.00011953430304269028
40,0.0002076107832299361,0.8199377943827528,0.00029343423041068643,2.0715711431844833e-07,0.014000518458879918,4.983280438318559e-08,1.2355233089107416e-06,4.4533384440954035e-05,0.0002821578123931665,1.1740197614816144e-05,1.1370021431760588e-05,0.00010848876215847936,6.477370300357603e-07,0.00037520277738313154,0.01516976479125659,8.301566347886752e-09,0.00046221015686043546,1.418016706585862e-07,0.011741987364746735,8.831295805965455e-11,1.6661340615052875e-05,0.13699380311837955,3.2863087857957104e-08,7.700399359334052e-05,0.0002633951189573552
41,0.000936120523186893,0.11940007218808232,2.339392943689671e-05,2.124328022834597e-08,0.0005165789709092172,8.753834131624123e-09,8.075973910282252e-07,1.4510380257895726e-05,3.231198503050258e-06,6.415783374984371e-07,8.362209676467199e-06,0.0004330690121388102,3.6351466719078624e-08,0.00013451616490954465,0.0029963308047932942,5.16494575122006e-09,0.0009292382211140295,4.4713808098348243e-07,0.0038245042754465777,5.0016687488258794e-11,1.7543085192426726e-05,0.8707073720584386,3.1606177510635307e-08,1.1331309317397124e-05,4.1826185065969266e-05
42,0.0005466653660517781,0.5437476720971832,0.0002525196607102052,7.126927467038173e-08,0.006839695242496189,5.496194165809285e-08,1.4097922415224628e-06,1.7290573029316613e-05,8.568665877646073e-05,4.199757553276447e-06,1.1902622587915046e-05,0.00021960285648917624,1.9337172316143029e-07,0.0007072175877952258,0.010504137787833202,1.0260025434259118e-08,0.0002477315726510963,2.0377143037167478e-07,0.00846688008530292,6.719669577146197e-11,1.8644412166833635e-05,0.42815338131182695,2.0936255009255554e-08,2.7787666732687018e-05,0.0001470203107249329
43,0.00017520727393442842,0.2647535360162823,3.825056662249049e-05,1.84571045673544e-08,0.0031945998217197498,5.0230925210700545e-08,3.3852666389306386e-07,1.0040924342171485e-05,4.6243830337997935e-05,3.6677691231304433e-06,3.6687755496418346e-06,8.052782981178093e-05,3.280747130970535e-08,0.0002626033245988981,0.008903351152521975,8.68725747466982e-09,0.00013285241106496674,8.423971660349465e-08,0.009724181025296324,2.204662147822103e-11,1.6778709016678103e-05,0.7125825920290241,1.3987188764464301e-08,5.313183058322488e-06,6.603839932065077e-05
44,0.0004803165964222867,0.4057201824567598,0.0001433985029307454,3.9960352602607715e-08,0.004256315151631164,3.988188545748854e-08,1.0158370799670783e-06,1.605635162990448e-05,6.54599415783069e-05,3.181924533733282e-06,8.45823403004831e-06,0.00018064500043109532,9.784072071433511e-08,0.00047020702097602554,0.010810883573942671,1.0148508481522495e-08,0.0002406103454674228,1.3725837727139726e-07,0.010068405396359689,4.830595944954085e-11,1.7432071131637688e-05,0.5673838988878147,1.8049884621306785e-08,1.689317672618954e-05,0.00011629634251931142
45,0.0004996228621696101,0.40365546195445423,0.00017024489512782134,3.877250491266899e-08,0.005053618847581393,3.9976601865878083e-08,1.3589476215129874e-06,2.0702789735843445e-05,9.769623222669558e-05,3.2761674397051094e-06,9.14877619637251e-06,0.00018187479049299485,1.257261947670109e-07,0.0004797379026715786,0.014569237706173457,1.3242286096991823e-08,0.00022535932011732605,8.746843777025188e-08,0.01560782585441676,5.3697253529606966e-11,1.4938033213703304e-05,0.559277158864537,2.0843836649904262e-08,1.8528195944331127e-05,0.00011388177632033304
46,0.00038787221132630605,0.48727379765795253,0.00018335615614281406,4.1247566968391024e-08,0.005247459639742592,9.69744711139344e-08,1.6232346076951615e-06,1.1065117184951684e-05,0.00013148609596012154,4.348617896518007e-06,1.1368596364115282e-05,0.00013062795619903474,1.0293296709418382e-07,0.0008337213595211072,0.01434947542100375,1.5343988297336984e-08,8.364809139382024e-05,1.1643537157535628e-07,0.013053620285965916,5.724218106957461e-11,1.6574993378145032e-05,0.47814709073672673,1.6564859416961565e-08,1.0936980433047147e-05,0.00012153729173409097
47,0.000946934846876144,0.181387843261177,6.135245092672579e-05,1.2573655714305743e-08,0.0009345789731834162,1.5555066163354877e-08,6.855861535098613e-07,1.0936421374411468e-05,1.7858808805920534e-05,1.3901303209350883e-06,4.1617816855052925e-06,0.00025651433227581933,3.26307228175745e-08,0.00016038886532637435,0.005909455489406066,9.971784998207577e-09,0.0003245938191421636,1.4220077122407564e-07,0.0060640704145917355,3.562435366994146e-11,1.4320063279140171e-05,0.8038114998151249,1.0807204448129136e-08,1.0968004754107326e-05,8.222316076652477e-05
48,0.0005067936106044581,0.41637962692847613,0.0001886241458561489,4.5366796087797995e-08,0.0050521034333245235,5.529569007857034e-08,1.1553837632100365e-06,1.550689316638953e-05,8.435635433623031e-05,3.4606990978799797e-06,1.0653661152062186e-05,0.00020628481750427008,1.0745084776477129e-07,0.0005689522016799639,0.01193850021918129,1.1671614534416538e-08,0.00021125705322985936,1.5639082716322875e-07,0.009867101470501264,5.6747205058799946e-11,1.9201614636185892e-05,0.5547967342456722,1.9088598033056305e-08,1.7532431729756536e-05,0.00013175951496730595
49,0.0004070180801696068,0.29215903442015123,0.00014784393120957436,3.9462212177847274e-08,0.004836210965008745,4.865521960388689e-08,7.765396064088323e-07,1.5186837730799584e-05,5.480330360790909e-05,2.814141378927082e-06,9.04053288791675e-06,0.0002727476879335276,9.018052101668733e-08,0.0005321668057289262,0.008661947333294373,1.0577126755466591e-08,0.00022947610233010782,1.5321381420061668e-07,0.008846975396052257,5.7203235525490065e-11,1.927370279528425e-05,0.6837012126006405,1.8125036010533172e-08,1.1728914001191586e-05,9.138243433971707e-05
50,0.0004479400472065721,0.42122195425160947,0.00012146769802494552,3.239174124557816e-08,0.0032768341427245216,5.615383756821353e-08,1.8767444921952862e-06,1.2324387633793509e-05,9.495207975000407e-05,5.110684660867193e-06,4.989032763285898e-06,8.956107852365506e-05,9.764994984940359e-08,0.0007224540707778317,0.008904530335082943,1.7449965378101558e-08,7.787249330236146e-05,8.451831231721635e-08,0.01668959342355898,4.9243854103437544e-11,1.0830373781095e-05,0.5482087043614896,1.3061791825776542e-08,9.289372452609948e-06,9.941414732317679e-05
51,0.0005461955579387733,0.4059069354036897,0.00014787408497875248,3.811315401402777e-08,0.004709762554650182,4.57272735889349e-08,1.0303497019794211e-06,1.5785455516564815e-05,7.014133970176125e-05,3.1721928555185327e-06,8.795501106696705e-06,0.00019303073859086622,9.75213826239474e-08,0.0004626357388580938,0.014245562398024691,1.3898833181277414e-08,0.0002694677967663463,1.1879644321073902e-07,0.011680007814572057,4.9065503879278593e-11,1.7477636327321028e-05,0.5615655239592565,2.30089590979078e-08,1.818254379932292e-05,0.00013808181855366346
52,0.000551058160236816,0.3662656699531408,0.00012208976541574782,5.502867202206325e-08,0.0032042255263415023,2.2394893023767284e-07,1.897632751749333e-06,1.264843916189246e-05,9.574840745875846e-05,5.1832686029428495e-06,2.1641164177669294e-05,0.0001589588467964192,9.45747182043685e-08,0.0005137808544715739,0.011623538208616568,1.9587063878623318e-08,0.0001245839175025692,4.6894359352516167e-07,0.006679379208462107,1.2728314964864686e-10,2.748579468920323e-05,0.6104722594902785,3.129631264065006e-08,1.3788594688418527e-05,0.00010516926063286515
53,0.0009616637146726689,0.4302874808525218,0.00016772854540040457,4.408044812421249e-08,0.0018772247530029183,9.19729800568741e-08,5.109623029012216e-06,1.6278074729208277e-05,0.0001249627300660547,3.5459393514277617e-06,2.3220551758073917e-05,0.00012896432850737383,9.23726838961242e-08,0.00044862338797215564,0.029245112703428278,2.9934432057900665e-08,0.00019072243600282325,1.8092105496839264e-07,0.011916151825114303,1.1166555315504068e-10,2.1648846235218814e-05,0.5243709712468477,4.585590196486943e-08,2.5656186472422887e-05,0.0001844490057214417
54,0.00019295073004062637,0.30004248389802224,0.00015430828386905616,6.119306781193177e-08,0.01471427978585216,1.3406095302149937e-08,1.7643861744607044e-07,5.736960440583933e-05,4.685131479888104e-05,1.362571197673166e-06,1.6625641402864764e-05,0.00028055539834902,1.4717294521063314e-07,0.00015799354503265891,0.004914999592057279,1.3839463990472038e-09,0.0015239068355039232,2.73954801455317e-07,0.008403859212669609,3.889736534252116e-11,2.1652603075274695e-05,0.6693978842956212,1.7102007045629822e-08,3.752003540015567e-05,3.4705962323371625e-05
55,0.0009247732578035934,0.47817846165928696,0.0003269593438781836,6.05270734391291e-08,0.0037737880212211287,3.758190247345144e-08,1.5481011000161284e-06,2.6977628431341087e-05,0.00015422265654317104,4.348935922745949e-06,1.3077446787953728e-05,0.00036129139000620617,2.0394015406275684e-07,0.00036782677848379975,0.008121590996554373,8.27218751496186e-09,0.00031598770848570624,2.8476911817886366e-07,0.009653386404627465,9.658011543831292e-11,1.8195321464158584e-05,0.4975197530328411,9.779556494795325e-09,3.463272477725134e-05,0.00020257362521241217
56,0.0004788691473800523,0.4267734208338236,0.00015077496933163867,4.421238261139158e-08,0.004512622861186577,4.091769135885892e-08,1.0509963678542937e-06,1.7036086500692352e-05,6.788787480486763e-05,3.408487239807514e-06,8.751533706554247e-06,0.00018350322923409073,1.1290421405873083e-07,0.00048625501106462,0.010450774676994564,1.0201012787912816e-08,0.0002492324762240832,1.4573461553189064e-07,0.010148092123805524,5.305291142181477e-11,1.781723322546141e-05,0.546316181136148,1.833509519206494e-08,1.8116887908654225e-05,0.00011583207698898117
57,0.0007721668625821377,0.6324975232825709,0.00011932991811524742,5.0814036718829686e-08,0.0022650740857793226,8.311438031402943e-08,4.125208292417575e-06,1.1354941652733754e-05,7.017746249415199e-05,2.8277085497131865e-06,2.182055849325221e-05,6.444590442363292e-05,9.317537724535759e-08,0.00045896197993895553,0.021485851860864286,1.3097012399485646e-08,0.00013057813482368128,2.2744833912888964e-07,0.006226166426164775,6.925215948200205e-11,1.5236877186324618e-05,0.3356921087413781,4.0762546366858645e-08,3.128212167446576e-05,0.00013045944407148957
58,0.000515134954438862,0.42921847224372156,0.00015103043977627494,4.232740970617115e-08,0.004296009169146077,3.2849078969164415e-08,1.0273065303494617e-06,1.8208293843222753e-05,6.081568401388814e-05,3.1637849874783237e-06,8.196877700376221e-06,0.00018293506818872562,1.0803222621802376e-07,0.00042310543520381164,0.01052340383809819,9.226013912195258e-09,0.0003047074346836286,1.4731582638206472e-07,0.009391245408878212,4.749364006860473e-11,1.7681046571078373e-05,0.5447415759887744,1.9009624771573077e-08,2.2218662236012548e-05,0.00012070955553424164
59,0.0005701856515961581,0.4343673265884139,0.0001874907014627085,4.4531184333146194e-08,0.004444362656801456,3.336431758227857e-08,1.1178144964038276e-06,1.9133355330140397e-05,6.403919864729515e-05,3.189320952917295e-06,8.932447975282536e-06,0.00020369049146000507,1.1469537006733277e-07,0.000430119152172226,0.010336981526098644,9.525627299841903e-09,0.00032593710845921144,1.7085173693030327e-07,0.008691322570083487,5.2633641893498686e-11,1.8758602230092627e-05,0.5401696930787814,1.9212539663917417e-08,2.6714908166328833e-05,0.0001306125934627034
60,0.0004803165964222867,0.4057201824567598,0.0001433985029307454,3.9960352602607715e-08,0.004256315151631164,3.988188545748854e-08,1.0158370799670783e-06,1.605635162990448e-05,6.54599415783069e-05,3.181924533733282e-06,8.45823403004831e-06,0.00018064500043109532,9.784072071433511e-08,0.00047020702097602554,0.010810883573942671,1.0148508481522495e-08,0.0002406103454674228,1.3725837727139726e-07,0.010068405396359689,4.830595944954085e-11,1.7432071131637688e-05,0.5673838988878147,1.8049884621306785e-08,1.689317672618954e-05,0.00011629634251931142
61,0.000544239367060123,0.435332969856197,0.00019007788000756799,4.3684111318938525e-08,0.00466368828301534,3.4457016873170075e-08,1.070700628268642e-06,1.8235452124537405e-05,6.780830818878451e-05,3.150167018898913e-06,9.039463514509468e-06,0.00020801694940518324,1.1467427031627858e-07,0.00045366672255110627,0.01056885423079582,9.5995385312973e-09,0.0003030160751311882,1.555782190629751e-07,0.009282426305538128,5.163707483178294e-11,1.841379873684339e-05,0.5381818713479183,1.8003907617004088e-08,2.386577932783563e-05,0.0001292132641398336
62,0.0004803165964222867,0.4057201824567598,0.0001433985029307454,3.9960352602607715e-08,0.004256315151631164,3.988188545748854e-08,1.0158370799670783e-06,1.605635162990448e-05,6.54599415783069e-05,3.181924533733282e-06,8.45823403004831e-06,0.00018064500043109532,9.784072071433511e-08,0.00047020702097602554,0.010810883573942671,1.0148508481522495e-08,0.0002406103454674228,1.3725837727139726e-07,0.010068405396359689,4.830595944954085e-11,1.7432071131637688e-05,0.5673838988878147,1.8049884621306785e-08,1.689317672618954e-05,0.00011629634251931142
63,0.00047175203651492057,0.43651455838853853,0.00013356002285215782,3.9048085295412644e-08,0.0038716855831222594,3.663991144417498e-08,1.0196926228287054e-06,1.618857107516604e-05,6.492935070607475e-05,3.1851863439169866e-06,8.419392032301157e-06,0.0001596823425636968,9.756624233835568e-08,0.00041852304033789125,0.010660343873299975,9.188227524813065e-09,0.00024011970326779893,1.3629981538388834e-07,0.009741512325421003,4.749907263362395e-11,1.681265139787985e-05,0.5375455131160952,1.6669340571544194e-08,1.7725179565998363e-05,0.00011413408512076673
64,0.00043781012052224237,0.3784873524677519,0.00012072291670707859,3.362285839765492e-08,0.003799471528726565,3.473901279411981e-08,8.192796190445602e-07,1.4987379403422051e-05,5.583659931794321e-05,2.828586827407545e-06,7.888189434716265e-06,0.00018036094524987998,7.6349120252667e-08,0.0004056172545363592,0.011041867004248774,8.937857878180517e-09,0.0002591167076857776,1.3491099213329102e-07,0.009586194021421607,3.982686715020125e-11,2.0245884770052135e-05,0.5954522486454612,1.696888926939206e-08,1.5336180568602517e-05,0.00011099071918961797
65,0.00021809978050848667,0.14711072615452975,0.00010722238138661022,4.768841575231411e-08,0.012486956409064748,1.6886138162840482e-07,3.1009949415267003e-07,5.53171177481212e-06,1.7734495200555478e-05,2.701082727627957e-06,7.638441647263376e-06,0.0006847428872927013,6.689941449154279e-08,0.001955431106367791,0.006065719386742058,1.904028298656639e-08,0.0001427743974503067,2.4548463472668696e-07,0.00644039309900239,4.498364079928865e-11,3.644336208805153e-05,0.8246472756640544,3.875287666440465e-08,3.1530483516040225e-06,6.655972032675844e-05
66,0.000455429391601256,0.39192763530839186,0.00018778364002750196,4.586801595803096e-08,0.0050135925084115775,6.677790543573446e-08,1.373869118249734e-06,1.6518123168199513e-05,0.00012164005633560318,5.266407804304731e-06,7.72545302533626e-06,0.00020482790116393333,1.557797426832526e-07,0.0007491481686072452,0.008594487180867092,1.7696481029909934e-08,0.00013139673086272897,1.13936929275425e-07,0.017326634794128708,7.924767462493023e-11,1.459507249251316e-05,0.5751210285407271,1.3598801171776326e-08,1.0338617530928216e-05,0.00011016449861277951
67,0.0005654322389282003,0.3798791760188135,0.0001736768143573833,4.931239060504737e-08,0.005047810536527463,6.410296005002528e-08,1.3570367450043754e-06,1.4526867072010202e-05,6.0758291148336285e-05,3.290389462456231e-06,1.118929244960582e-05,0.00024219429246513283,1.0903415393936814e-07,0.0007051823747220571,0.014703475173691917,1.7784929500564345e-08,0.00025312355477265594,1.6195627228663513e-07,0.010044631527313639,6.55323223655327e-11,2.231862586466434e-05,0.5881135418412288,3.2637073024647014e-08,1.7542350356944532e-05,0.00014033788076855014
68,0.0007606773616488767,0.25311061239373017,7.324945700039315e-05,3.389347813718728e-08,0.001718728578178345,6.612982658693997e-08,9.655254770238233e-07,1.3175172029862135e-05,2.965036705590411e-05,2.1925399536655826e-06,1.6863435029256614e-05,0.0002496343893659297,4.2888660651734683e-08,0.00019453692613659665,0.014069208712510578,1.2287346822942025e-08,0.0004848142985802566,4.5511756886691025e-07,0.004048288941925878,6.87779925875497e-11,3.489169433521495e-05,0.7250366936906832,4.1253379373171215e-08,2.1485915760051003e-05,0.00013367896156041615
69,0.0009400037534531139,0.562159699784179,0.00035588435386525963,6.590231635916219e-08,0.003828851180271423,3.3547928050884446e-08,1.9087809292483738e-06,2.739956803278297e-05,0.00011916171619926227,4.964132848818986e-06,1.0196635489578054e-05,0.00022260876122220108,1.7739384415730116e-07,0.00041921250317230024,0.013238766047950193,1.6133231844503714e-08,0.0004561292957767721,2.1728719686528143e-07,0.010792912448513381,9.541069397229142e-11,2.2300164688963086e-05,0.4070246000154362,2.0843345692664628e-08,5.4981703605591915e-05,0.00031988795109245374
70,0.0008006330013928464,0.3814638321142986,0.0004436248550194409,7.840305766302094e-08,0.008424959786060076,9.777745230230701e-08,1.8831383151946395e-06,1.2292915514632379e-05,7.538634100598063e-05,4.498217077285693e-06,1.0047583470363213e-05,0.00045996946931121355,1.8705346415938388e-07,0.0020206105275329183,0.010805459268529145,2.9706548226022643e-08,0.0001819247672626207,1.914903831304987e-07,0.009246089674146547,9.8352073120272e-11,2.3351599856113536e-05,0.5858129447894252,2.9289029259684566e-08,1.6779258138595958e-05,0.00019509887535647691
71,0.0008787945192130281,0.323215049821657,0.00014546573918624404,3.959095850914736e-08,0.0023480193304808482,3.4638443110532606e-08,1.920264649694704e-06,1.9671474739895014e-05,4.997217971643861e-05,2.195836891067437e-06,1.3000891139715972e-05,0.0002521888820941469,9.803549103615011e-08,0.00040806792100327806,0.012765992484223608,1.4525639435897787e-08,0.0003683638402025134,1.9761269344885034e-07,0.01000987215701836,7.909476343175236e-11,2.0015918666336014e-05,0.6493622161044438,2.934308132094898e-08,2.2434230811662103e-05,0.00011634457846079747
