,0,1,2,3,4,5,6,7,8,9,10,11,12,13,14,15,16,17,18,19,20,21,22,23,24
0,0.001067370575902841,1.7273321254327697e-05,6.540055434859501e-05,1.8538010528333113e-05,4.386435346880645e-05,0.023814480772164914,0.0007963700497509501,0.008960281821979468,0.02909563357666987,0.0056942727135081556,9.787598610092876e-08,1.8079706626086353e-05,1.8182513881934931e-06,1.805131216447815e-09,1.9253336576297847e-06,0.002581386103255692,0.5755595679837504,1.0376792085640804e-05,0.1379952156755437,8.299900008397519e-09,0.00010996604906653546,0.21272573235889317,1.84018697459616e-05,0.0013828124983820342,2.1123647011453218e-05
1,0.000759462349140385,3.3779721786351075e-05,8.331288147671596e-05,8.40096231658626e-06,6.585240158816218e-05,0.019821945635750828,0.000597043978561369,0.004192682937496778,0.02012242777245139,0.003939293808276474,1.0290057645710566e-07,2.0548465147546427e-05,8.206872355958305e-07,2.652140671394724e-09,2.726270830501084e-06,0.001371017997314219,0.4872639284497909,5.896690620245274e-06,0.1754742262567302,4.877911200003383e-09,0.00010645614492293095,0.2849847511741057,1.2069987851029598e-05,0.0010966286567000156,3.661633927751731e-05
2,0.0008345240553098708,5.537401420396825e-05,8.801637079086132e-05,9.307090007189702e-06,9.391960913026136e-05,0.01655671647761402,0.0006322205251568945,0.0058835313167649944,0.023282596818833184,0.005035865810479925,2.6603606641513015e-07,3.577372439375862e-05,8.603908003281262e-07,6.849193600672724e-09,8.152660351958532e-06,0.0008401648564684087,0.5145702130396709,9.52320033911934e-06,0.12228727627092374,1.0153385889735649e-08,0.00015408479292291756,0.3083370061821546,2.226678887255721e-05,0.0011760900752024017,8.623289096228425e-05
3,0.0006012902627720953,3.737348359038639e-05,5.3453703226331975e-05,7.99932756672822e-06,4.8267570845557006e-05,0.018470801375643494,0.000629856436906254,0.003476469147323108,0.012177162941070937,0.0028475374283466544,1.0066135717088031e-07,2.5906480512339745e-05,6.608012728386214e-07,3.8757776078350114e-09,3.3187300947801637e-06,0.0010562772744242199,0.5136027344643259,8.150390817827126e-06,0.12187550700437033,4.917408551271717e-09,0.00011845608225386857,0.32361291413378795,1.4229557917499291e-05,0.0012846282582293408,4.689569015821766e-05
4,0.0006471078496552374,3.5656050992484946e-05,5.506006369896338e-05,8.018640372337202e-06,4.800511669232496e-05,0.01806550903226607,0.0006504092966371748,0.003664928953400185,0.011261147013592869,0.0029201133040257254,9.621398809138658e-08,2.5146669934574534e-05,7.94553825984202e-07,4.0043733677216e-09,3.0677288126606355e-06,0.0011162630810245939,0.5260067021789528,8.37956675204309e-06,0.13048180296640072,5.218942502583343e-09,0.00011182455535308592,0.30341335130120384,1.338725147121166e-05,0.0014196401259337441,4.3579261697361736e-05
5,0.0005898665939033205,4.272354804151464e-05,4.205543322302731e-05,9.789471324365813e-06,4.345726830168078e-05,0.021076284204119153,0.0005925154815531619,0.003540074901328752,0.011620067345153366,0.0025788948521925405,1.0455447920847188e-07,2.4051635257378263e-05,6.772362287166834e-07,4.010646599852282e-09,3.584294756165184e-06,0.0011305945786102408,0.4956544372224879,1.171444474630899e-05,0.12381708606302214,5.34918177574029e-09,0.00011865377774555857,0.33776208424237325,1.565845071798008e-05,0.0012806443959960795,4.497064460974602e-05
6,0.0006012902627720953,3.737348359038639e-05,5.3453703226331975e-05,7.99932756672822e-06,4.8267570845557006e-05,0.018470801375643494,0.000629856436906254,0.003476469147323108,0.012177162941070937,0.0028475374283466544,1.0066135717088031e-07,2.5906480512339745e-05,6.608012728386214e-07,3.8757776078350114e-09,3.3187300947801637e-06,0.0010562772744242199,0.5136027344643259,8.150390817827126e-06,0.12187550700437033,4.917408551271717e-09,0.00011845608225386857,0.32361291413378795,1.4229557917499291e-05,0.0012846282582293408,4.689569015821766e-05
7,0.0016013246650406312,2.061073536150402e-05,0.00011272482929498868,8.041509619835572e-06,5.844460473348608e-05,0.006929202886312269,0.0006584752350242216,0.005658952909160284,0.010370736620819764,0.005338896124111802,1.2708109322356968e-07,1.695537889605996e-05,1.735816520770804e-06,3.2566439061423107e-09,1.5515463762439967e-06,0.0008940251247311346,0.5817622553083883,3.4628494396667636e-06,0.17376801666609623,5.923079453704747e-09,4.2519030512522024e-05,0.2114171744577621,5.421320243492292e-06,0.0012968513362113302,3.2484784526608075e-05
8,0.0008558932311620839,2.201474324830417e-05,0.00010574662301565771,5.778060970497454e-06,4.659315507091504e-05,0.00969539533544807,0.0007542514867848631,0.002979671377644392,0.009704802920658822,0.00552770837617278,9.418929857837141e-08,2.9115143005057525e-05,8.800292930585127e-07,5.6378609937754395e-09,2.5841084299298837e-06,0.0006386776481335365,0.6740706855406745,3.3935032643376406e-06,0.08176553446804019,6.353469755044423e-09,0.00013709610919795698,0.21099263438752183,2.1085830126530306e-05,0.002566636914170119,7.37148273372148e-05
9,0.0008707659654164418,3.8255815943859826e-05,7.726108297316556e-05,7.3572220455505e-06,4.716519406312437e-05,0.011941432346255415,0.0006104738008829891,0.0035045621065754647,0.013218140593265945,0.005352437729900363,1.4018793502301107e-07,2.8275907216210846e-05,6.668880440338684e-07,6.082664221460241e-09,4.8486888772229366e-06,0.0005670282933129551,0.6018970862708102,5.1183176923154046e-06,0.08981259305900827,6.141356154240273e-09,0.00014692926134702563,0.26970885581477044,2.783119066743406e-05,0.002037553572094895,9.520846688139722e-05
10,0.0006012902627720953,3.737348359038639e-05,5.3453703226331975e-05,7.99932756672822e-06,4.8267570845557006e-05,0.018470801375643494,0.000629856436906254,0.003476469147323108,0.012177162941070937,0.0028475374283466544,1.0066135717088031e-07,2.5906480512339745e-05,6.608012728386214e-07,3.8757776078350114e-09,3.3187300947801637e-06,0.0010562772744242199,0.5136027344643259,8.150390817827126e-06,0.12187550700437033,4.917408551271717e-09,0.00011845608225386857,0.32361291413378795,1.4229557917499291e-05,0.0012846282582293408,4.689569015821766e-05
11,0.0006343502591767219,3.291515212650376e-05,5.4118143150858964e-05,7.658915937161457e-06,4.4663463887754235e-05,0.017254139036514727,0.0006520053283915251,0.003886926091604157,0.011601216935829668,0.0030018805249893985,9.339429442914847e-08,2.5614800997190277e-05,7.986612291343988e-07,3.6684468594215954e-09,2.9599797023805582e-06,0.0011002220495389427,0.5290346787313174,7.947726488079064e-06,0.12450380867824806,5.018431766072847e-09,0.00010592772494800505,0.3065956233386626,1.2832538630795343e-05,0.0013978890085548032,4.172082890115403e-05
12,0.0004838663076350715,4.216529566152724e-05,4.2933017896772894e-05,8.160909473045068e-06,0.00021607046241457517,0.03789804281028479,0.0015562159680403234,0.0009115228224637142,0.01455065983152174,0.0021508828797376913,1.3069150016199503e-07,3.496883317355137e-05,4.69572413917279e-07,2.1409285200671897e-08,4.241973330371834e-06,0.0010502378734009818,0.6729168481627733,2.386439308609051e-05,0.07798455589197578,1.2920276097267741e-08,0.0003509735646924426,0.18710617230598198,7.986591297741002e-05,0.0024125660875737435,0.00017455010242938915
13,0.0010736836684386922,3.5095356458336706e-05,0.00010955050717857588,1.2854618386196932e-05,6.98583239087417e-05,0.010828431323773691,0.00077569496665002,0.0069806238175418615,0.016051646595174888,0.0052225027395158465,4.89628578324232e-07,6.338532970651226e-05,1.1073660177973505e-06,1.2161620882595174e-08,9.641259111464005e-06,0.0011617266032686413,0.5753722157161247,1.1507904207544187e-05,0.08381543635499877,1.3221048013238692e-08,0.00019516515333509114,0.29696908329238275,2.498936865363493e-05,0.0011422850093374824,7.299971458153161e-05
14,0.0003317303972188744,0.0002530345381068233,6.544258577803342e-05,1.4562369532370406e-05,0.00013797557462273344,0.0325280857884198,0.0001662305226291588,0.0015857943086363608,0.010787101260036713,0.0013263058832639425,2.490659468790761e-07,8.709619316011564e-06,5.97082202863714e-07,3.3126513513021106e-09,5.835259265146585e-06,0.0012757974948105469,0.2094221904872197,2.07606632392279e-05,0.4073406894086794,7.2124334096610604e-09,9.909578556099142e-05,0.33424737796322707,8.803371056998026e-06,0.00034539287030945496,2.8227175836301e-05
15,0.0006012902627720953,3.737348359038639e-05,5.3453703226331975e-05,7.99932756672822e-06,4.8267570845557006e-05,0.018470801375643494,0.000629856436906254,0.003476469147323108,0.012177162941070937,0.0028475374283466544,1.0066135717088031e-07,2.5906480512339745e-05,6.608012728386214e-07,3.8757776078350114e-09,3.3187300947801637e-06,0.0010562772744242199,0.5136027344643259,8.150390817827126e-06,0.12187550700437033,4.917408551271717e-09,0.00011845608225386857,0.32361291413378795,1.4229557917499291e-05,0.0012846282582293408,4.689569015821766e-05
16,0.0005713012972266175,2.981609799368508e-05,6.209333087172199e-05,9.147112618138204e-06,4.604376580503781e-05,0.019903953462536688,0.000715026667537775,0.0036787467256545283,0.00936348539551414,0.0026883000665589357,1.1817935153331171e-07,3.59231306933265e-05,8.124820526815891e-07,5.053427667380676e-09,3.6961909718031315e-06,0.0015418189966078858,0.5396172379041427,1.1787631532407116e-05,0.1115318904933146,6.588896184454696e-09,0.00017914870735848116,0.30855907160885543,1.5860515623231463e-05,0.0013983825965877647,3.63259982668355e-05
17,0.0006597769287514473,3.3626565254659804e-05,5.413611322146449e-05,8.039906530608698e-06,4.9137486942418164e-05,0.01573461277495967,0.0007099312485600069,0.0034658283670123283,0.011643763712879564,0.0027137415400023722,1.0463336424653094e-07,2.8519346784440454e-05,6.702741430023049e-07,4.3897449496618565e-09,3.085603438882271e-06,0.0010055591838123521,0.5385394775534829,7.403356750791108e-06,0.10532976845246428,4.914301140233285e-09,0.00011505009771393615,0.3185543252341744,1.3786023923447451e-05,0.0012791889865091223,5.0457305277592655e-05
18,0.0006508159355717767,4.7503819589798903e-05,0.00012511931447990694,1.7243129289692312e-05,7.224916461915119e-05,0.043447155873285355,0.0007860886755362075,0.00952529733820988,0.021014063787403992,0.005406221572339765,1.7359051153673472e-07,5.5859346773585516e-05,1.6577578062673681e-06,4.878578349210207e-09,7.031075482318911e-06,0.003653034942292878,0.3651796816066024,1.5460988201451225e-05,0.1936252922413385,1.053513471969e-08,0.00025021233375439926,0.3544438014558947,1.9378287555114448e-05,0.0016293588153027568,2.7283534445477694e-05
19,0.0005383644409869554,1.7772194110282754e-05,6.491684632320168e-05,6.78913813060933e-06,4.0507704521438594e-05,0.017404362610196362,0.0008627518776102275,0.004278744011061241,0.011369138081734368,0.0045948149941564065,6.546257577921052e-08,3.172400289001291e-05,9.319153664226561e-07,2.24318715873799e-09,1.673196973688961e-06,0.0010414159832282549,0.5401456225422128,4.113830744139126e-06,0.09210487788633563,4.92219789473543e-09,8.414601208106337e-05,0.32588440470943564,8.606792995868224e-06,0.001479347419900371,3.490118104424217e-05
20,0.0002857674273059288,6.511120186474147e-05,3.7716252289679236e-05,7.72770754821005e-06,2.27084586465401e-05,0.019772845530018835,0.0003444905594386342,0.004695765727134437,0.009573599917744766,0.0018984744030171796,1.1249521119472665e-07,4.12325637928653e-05,4.09713338004437e-07,3.0756891488058356e-09,7.558608324372534e-06,0.000911813947558607,0.32701506886780585,1.0558292650819056e-05,0.08495554570185791,3.861871852686285e-09,0.0001612080154813517,0.549314760296203,1.2129956358863029e-05,0.0008284335954790177,3.695382336832374e-05
21,0.0009908902732522614,4.311367469291571e-05,8.239551883806214e-05,1.8198541213029637e-05,6.7644880864671e-05,0.020131260610826884,0.0007712729771392055,0.00458775540017425,0.014721872771092825,0.003354267165900214,2.829960790297843e-07,4.8952803757449704e-05,9.238431678156907e-07,9.504414499312646e-09,6.2066522049903256e-06,0.0019198272247175033,0.48957321662392256,1.5096798364800785e-05,0.1206455980226538,9.619779135656401e-09,0.0002030697976698653,0.34164360954163936,2.228384249322866e-05,0.0010984426916687791,5.379822347287546e-05
22,0.0005352972866340724,1.963758467790154e-05,5.617804514263927e-05,8.728434019702815e-06,4.0097881349993013e-05,0.011639413974954337,0.000500047790060027,0.002728386039197884,0.00840214459575845,0.003124778438086343,1.6114570789574354e-07,2.20910148601549e-05,6.458885530645331e-07,3.6321338613181063e-09,2.7433638075287522e-06,0.0010116624626819372,0.6355414095190698,9.602503967745874e-06,0.08353668111547483,7.065657726801122e-09,0.00013468026570345664,0.25178710336643556,1.4083857825228384e-05,0.0008517348147448864,3.26799134950789e-05
23,0.0006012902627720953,3.737348359038639e-05,5.3453703226331975e-05,7.99932756672822e-06,4.8267570845557006e-05,0.018470801375643494,0.000629856436906254,0.003476469147323108,0.012177162941070937,0.0028475374283466544,1.0066135717088031e-07,2.5906480512339745e-05,6.608012728386214e-07,3.8757776078350114e-09,3.3187300947801637e-06,0.0010562772744242199,0.5136027344643259,8.150390817827126e-06,0.12187550700437033,4.917408551271717e-09,0.00011845608225386857,0.32361291413378795,1.4229557917499291e-05,0.0012846282582293408,4.689569015821766e-05
24,0.0006848654916398256,4.9136916010835656e-05,5.431015800082578e-05,1.1957812957339777e-05,6.49601938994091e-05,0.01867496265708276,0.0006037910208036395,0.0033235630709876067,0.012674766316531038,0.0028633747765643594,1.3828803285624764e-07,2.8152066546284783e-05,7.287414642027225e-07,4.863501715283461e-09,3.3187946393012443e-06,0.0010325810223709242,0.4762960423431363,9.02318345530804e-06,0.11935699568235009,6.1228516190413225e-09,0.00010475426045791712,0.3630530612003191,1.3264922147304626e-05,0.001040098501303194,5.6141592946368204e-05
25,0.0012529837151649226,1.7046327334474114e-05,8.995469198434771e-05,1.1533033513673332e-05,6.009392910550642e-05,0.00791449012955031,0.0010591567332008582,0.007512650230706776,0.011918199410822967,0.004902768785799045,3.1240966088053237e-07,4.8914392173138364e-05,1.5869551607711839e-06,8.138564672790638e-09,3.894711376102814e-06,0.0011021176481605022,0.6601444696167923,8.619692253165093e-06,0.06795733601300481,1.2120544401181492e-08,0.00010780015937405694,0.234614242772158,1.4019853329319502e-05,0.0012090132022200676,4.877532804482101e-05
26,0.0006989507749368839,2.493693154067842e-05,3.355935227391645e-05,5.1834888907252226e-06,4.2551284216646305e-05,0.01746461534798303,0.0005921667612076314,0.002522789305561575,0.015493596514066038,0.0028523600611034695,5.2168476204302766e-08,1.0158441598126745e-05,6.366205525189207e-07,2.3045517978917995e-09,1.7729174268922458e-06,0.0007568638081988502,0.637341169676709,8.260505399580131e-06,0.13338689719966143,4.002238551786681e-09,8.300102204603813e-05,0.1868679728277479,1.9768072551460022e-05,0.0017473646602947743,4.536595076641262e-05
27,0.0004914727711461755,5.7987842611869126e-05,3.59865487053422e-05,8.064427901799044e-06,3.684535712719458e-05,0.018032319216370604,0.00046537067304400155,0.00370209261534342,0.01597604691197013,0.0023814700806584653,9.816355029069318e-08,2.284773108712919e-05,3.984504858595305e-07,2.609473479616002e-09,3.951691220099108e-06,0.0007309590881217063,0.38629468848872034,6.1023323957342775e-06,0.11234991186730464,3.0607220495678515e-09,7.632210737793806e-05,0.4584570111984293,1.0851692375733208e-05,0.0008021912834189647,5.700379043783588e-05
28,0.0006012902627720953,3.737348359038639e-05,5.3453703226331975e-05,7.99932756672822e-06,4.8267570845557006e-05,0.018470801375643494,0.000629856436906254,0.003476469147323108,0.012177162941070937,0.0028475374283466544,1.0066135717088031e-07,2.5906480512339745e-05,6.608012728386214e-07,3.8757776078350114e-09,3.3187300947801637e-06,0.0010562772744242199,0.5136027344643259,8.150390817827126e-06,0.12187550700437033,4.917408551271717e-09,0.00011845608225386857,0.32361291413378795,1.4229557917499291e-05,0.0012846282582293408,4.689569015821766e-05
29,0.0006012902627720953,3.737348359038639e-05,5.3453703226331975e-05,7.99932756672822e-06,4.8267570845557006e-05,0.018470801375643494,0.000629856436906254,0.003476469147323108,0.012177162941070937,0.0028475374283466544,1.0066135717088031e-07,2.5906480512339745e-05,6.608012728386214e-07,3.8757776078350114e-09,3.3187300947801637e-06,0.0010562772744242199,0.5136027344643259,8.150390817827126e-06,0.12187550700437033,4.917408551271717e-09,0.00011845608225386857,0.32361291413378795,1.4229557917499291e-05,0.0012846282582293408,4.689569015821766e-05
30,0.0006012902627720953,3.737348359038639e-05,5.3453703226331975e-05,7.99932756672822e-06,4.8267570845557006e-05,0.018470801375643494,0.000629856436906254,0.003476469147323108,0.012177162941070937,0.0028475374283466544,1.0066135717088031e-07,2.5906480512339745e-05,6.608012728386214e-07,3.8757776078350114e-09,3.3187300947801637e-06,0.0010562772744242199,0.5136027344643259,8.150390817827126e-06,0.12187550700437033,4.917408551271717e-09,0.00011845608225386857,0.32361291413378795,1.4229557917499291e-05,0.0012846282582293408,4.689569015821766e-05
31,0.0008770161738131115,3.258710939549135e-05,8.714317374976669e-05,6.5284900087539114e-06,3.334325705323708e-05,0.010380275858750716,0.0004437060136430449,0.00836826107047194,0.010139504337395138,0.0024275831985656306,8.123187978499011e-08,2.505646657413829e-05,1.4050968865636367e-06,2.585434609553412e-09,2.893375363239035e-06,0.0012958482070773189,0.5440984562045639,7.205929000608084e-06,0.15859921133342147,5.005729104600975e-09,0.00010743115079947452,0.2616119864523509,7.999893915357663e-06,0.0014236544722918978,2.2813911864666515e-05
32,0.0006039158340737995,4.096649484889184e-05,5.179170262570694e-05,7.393151636775868e-06,4.571064947363639e-05,0.017891312706964153,0.0005326593318341904,0.0032817965705147015,0.011242971042702849,0.0025670012805455917,8.851086409572536e-08,2.1739023229841278e-05,6.713484497475646e-07,3.484805871142405e-09,3.029261067383683e-06,0.0010427800211178068,0.5015871096287126,8.118157626557202e-06,0.14487155272519828,4.387582416495617e-09,0.00010532678296472108,0.3147690819566653,1.2430047617325118e-05,0.0012705533849050694,4.1992513972720165e-05
33,0.0010704741315850851,5.9698061462339724e-05,0.0001513882278819338,1.7121186282673177e-05,0.00017084047960357754,0.025060153520120487,0.0010126493875910671,0.006417037188016095,0.05585115333668064,0.009003303334371682,8.582238141863977e-07,6.739140094598493e-05,6.686168501515242e-07,1.417017025837349e-08,2.0259145241386796e-05,0.0010446839736122262,0.4984370316263224,1.0924213416344324e-05,0.08520710786105114,1.7990711217220897e-08,0.0003711268501952675,0.31483923544524456,6.61511993087025e-05,0.0009358225477947487,0.00018488788172568057
34,0.004246458030759304,2.705856329715491e-05,9.885636559605929e-05,8.115380520790653e-06,8.871483124847688e-05,0.004206307768143248,0.0003773041889313861,0.004462093847724139,0.013132163694499406,0.0028241551366898925,1.955795702634675e-07,9.198621592423093e-06,1.4897290521495179e-06,5.765071639945746e-09,1.9591839504930484e-06,0.0008657176402034495,0.5635286662743226,6.1179708392108455e-06,0.2882545512682127,5.037509401778191e-09,4.4033327519212275e-05,0.11688292432605295,7.145813900305582e-06,0.0008943917011996949,3.2369953593769305e-05
35,0.0003002907315263224,2.1904958672015662e-05,8.906540684702997e-05,6.611334304531111e-06,7.802141776422777e-05,0.03186937495805689,0.0011688262299656266,0.0011240959659391174,0.004599457252929638,0.004013301723939582,1.20133565923199e-07,4.9708177274910245e-05,7.03832375478382e-07,1.4972350537580156e-08,4.367329681816727e-06,0.001407424523595277,0.6766104332207197,1.4100008949968435e-05,0.07787666204169909,1.3652402166658705e-08,0.000518991940584385,0.19664138172465878,5.0043120198326276e-05,0.0034891361503647726,6.594919163396731e-05
36,0.0009679630880246585,8.40243702132999e-05,0.00014057584418756367,1.3442517744155912e-05,0.0001937496996402307,0.04944642425404123,0.0004922530151689154,0.002366293314718726,0.029513666715149506,0.0077174136042329105,1.6102339475686883e-07,9.898475995028512e-06,1.0368747189873306e-06,5.109144381576343e-09,5.285576817584711e-06,0.0014137688388661176,0.4098967832953018,1.1217944882485129e-05,0.34377062553918936,1.1685049261915213e-08,0.0002426344917978078,0.1514003751815844,5.234002976752746e-05,0.002192973711326393,6.707579904283827e-05
37,0.0008207942760406968,1.7626988863139848e-05,5.3791689801594236e-05,5.458093237299911e-06,4.5355749040172676e-05,0.012057457284356957,0.0009447367161801374,0.0015292042057891283,0.004367108248717467,0.0018720943442473413,6.276660432286396e-08,2.5236459714698604e-05,8.132439930746376e-07,9.014626832024054e-09,1.7848332052266295e-06,0.001170497079836395,0.7052973376252544,9.498330606854201e-06,0.09984070193833897,5.236869067879243e-09,0.00016843486343888728,0.16890929695465406,1.917520638328528e-05,0.0028011308986849266,4.2387951514993966e-05
38,0.0003804426510081754,3.221042884472681e-05,4.7312135246016674e-05,8.053248479742023e-06,3.182413579566531e-05,0.03376784212802664,0.0006835396823968881,0.0031738459263103134,0.008909097421554893,0.0023618032476081133,7.419486822729806e-08,3.067735866696438e-05,6.916398678269344e-07,3.0581887267941574e-09,3.644997474623149e-06,0.0019796827242654683,0.45188470912373624,1.3115680223783239e-05,0.13729220647232318,4.493441791062065e-09,0.0002011377095022641,0.35762587239287735,1.6400613960030577e-05,0.0015308865818807343,2.492195345151888e-05
39,0.00018509434846697892,3.3732140160313756e-05,4.9302087067970865e-05,4.363214312190597e-06,2.0665671920479853e-05,0.030537848880229465,0.00035224263417459457,0.003357859600384285,0.0074713137128917,0.001168096059129864,2.5985314692610094e-08,2.7414931748475455e-05,4.450012650107825e-07,1.058391804863539e-09,2.301838608047042e-06,0.0016108687122739116,0.4346863203860819,7.195501870178842e-06,0.11706916755209461,2.5261559976415582e-09,0.0002471499719594952,0.40202969941712313,8.816792245782395e-06,0.0011146430725661742,1.5428903563025e-05
40,0.0009604576804893802,5.755276163990528e-05,0.00012620032054928222,5.861361514975671e-06,0.00012329541383265057,0.008564821492304399,0.0006653034629993541,0.0024563542301443172,0.009127423616705514,0.001950491138816394,1.794088181306644e-07,4.26527912371924e-05,6.756635777492293e-07,1.1890097110980178e-08,4.1970059308890686e-06,0.0007010113556322583,0.5495231757003758,5.026454520092669e-06,0.12560872858314812,5.897404013038945e-09,0.00014600661185870821,0.29870607626491413,1.1421070922272906e-05,0.0011235823553752329,8.948746719232143e-05
41,0.0011207700631497197,0.00015574904780916594,9.573763367221273e-05,2.9044443014787085e-05,0.00021530382924734914,0.031071838298504698,0.0004762932108831896,0.010569860136011116,0.056345415936700824,0.00437655212210976,4.6383898559577246e-07,2.2576605137079774e-05,1.3852085990728752e-06,6.355119569949059e-09,1.0794102695353322e-05,0.002243892703780367,0.25050466478189404,2.12322503288488e-05,0.31734754792297193,1.205712896839582e-08,9.506694809969e-05,0.3246396871072211,1.5641069003012758e-05,0.0005906406798524326,4.982364808033504e-05
42,0.00018121883378755088,5.167152606118057e-05,3.279382591008284e-05,5.290968836805117e-06,1.1352826655689907e-05,0.014952116584267514,0.00014054916292955332,0.00394466821046527,0.008088229417485519,0.0008002975576578578,2.3786026582968726e-08,1.1741888609380484e-05,2.718387095332677e-07,3.2608132892463946e-10,1.3778833959408962e-06,0.0010177120865300783,0.2484128108834621,3.0354400412559777e-06,0.144211426806773,9.644349398673347e-10,5.2352105373488584e-05,0.5777294896209472,2.1282678291683106e-06,0.0003406140833015367,8.825104427279984e-06
43,0.006579000334873925,0.0002988376648507181,6.259205251401287e-05,1.97758909344637e-05,0.00031677015588434885,0.003671644734828358,0.0017809294769085067,0.0025842022675963516,0.02411294013281939,0.00111354889972378,2.688902398363044e-06,5.3193952381307875e-05,4.626491381385773e-07,2.2891257157861682e-07,1.985977224688772e-05,0.00041730126369902087,0.4844404370676398,1.666744067303137e-05,0.13419297817518952,8.691745066681771e-09,3.087511494640718e-05,0.33800036963025437,3.349813738571223e-05,0.0007584156507128004,0.0014927730280842129
44,0.0006012902627720953,3.737348359038639e-05,5.3453703226331975e-05,7.99932756672822e-06,4.8267570845557006e-05,0.018470801375643494,0.000629856436906254,0.003476469147323108,0.012177162941070937,0.0028475374283466544,1.0066135717088031e-07,2.5906480512339745e-05,6.608012728386214e-07,3.8757776078350114e-09,3.3187300947801637e-06,0.0010562772744242199,0.5136027344643259,8.150390817827126e-06,0.12187550700437033,4.917408551271717e-09,0.00011845608225386857,0.32361291413378795,1.4229557917499291e-05,0.0012846282582293408,4.689569015821766e-05
45,0.000484618339699242,2.529534130377019e-05,5.0014349577741306e-05,6.778488948323277e-06,2.711404079226133e-05,0.02243837842918613,0.000789446574311147,0.00955488001297891,0.010227056983067471,0.002985352956986023,6.265995219029514e-08,3.379926118884013e-05,1.3487091512418878e-06,2.2570923009532835e-09,3.378465993263163e-06,0.002100927864455895,0.43732919542641757,1.1465492927286285e-05,0.1507389806211319,4.658375045546153e-09,0.00010447558435788004,0.36132681399114003,7.452523157142163e-06,0.0017367115921108293,1.644537569756188e-05
46,0.00045832485613480647,1.0898668932960544e-05,3.0061791730849195e-05,4.517578510919565e-06,1.8186368760719075e-05,0.008939369512971399,0.0004554239165621873,0.0018962803167160188,0.0043820785896846156,0.0017375086058333568,3.33707270522377e-08,1.5161069537364293e-05,5.064511326814129e-07,1.3098328483416279e-09,6.870755410966293e-07,0.0006304621855829872,0.6666781867470396,3.4049378847216467e-06,0.06575582395883481,2.4104936922308334e-09,6.348047919136426e-05,0.24790833851359614,5.547501583813443e-06,0.000984945948233201,2.0767834950597505e-05
47,0.0006774524648591951,1.3536930314964427e-05,4.455413091664906e-05,5.573168228888451e-06,1.5142841721154684e-05,0.009241061949178364,0.0005032350404591773,0.0028925800480435965,0.004453405041703239,0.0014818446120289774,2.5099601808009492e-08,1.78845283550601e-05,7.595639436733852e-07,1.1638046800846539e-09,6.270939926140893e-07,0.0011864826849370884,0.5772108228077731,3.1854770164998116e-06,0.10511320180207707,1.8155177158292082e-09,6.227048130786177e-05,0.29575460039223816,4.230935511142162e-06,0.0013034579269295208,1.406199953970801e-05
48,0.0009922973535978308,0.00013220635434291571,0.00018857147628019346,6.937409620130607e-05,0.0003822986013513558,0.041018620537284535,0.0016666849605063386,0.006643854267354032,0.08342215222572788,0.006814430561342567,3.705408656632599e-06,0.00021735779226168115,6.233126984133428e-07,5.429157644858849e-08,5.859825513462068e-05,0.0023824492882719758,0.2768954620005619,2.8231102575793675e-05,0.05658201917015421,3.893361660979136e-08,0.0007353791790184926,0.5208656163581358,0.00012028838586945233,0.00048463475240999223,0.00029505133506899816
49,0.00031650900572747744,3.5811426220128405e-05,4.955220029500635e-05,6.514535555264735e-06,3.2086770639768936e-05,0.020731169282449707,0.00047607296191054814,0.0031947324211786124,0.009825724222925217,0.002252738288928777,5.879988225552451e-08,2.8506816500258204e-05,4.992218254750483e-07,1.7535647266262807e-09,2.3522476497294843e-06,0.0009425143876769016,0.4225339669821485,5.1401322705909475e-06,0.09695318125481193,3.5419202520616283e-09,0.0001107214410422367,0.4415218119761498,8.34657465746904e-06,0.000940454460713708,3.1529293355698595e-05
50,0.0014212092730815915,8.305700962110057e-06,5.954763843819686e-05,5.928384365382418e-06,4.300486219080802e-05,0.007597563839315779,0.0013686851637945583,0.004830143515808151,0.007779563087074295,0.005684119437243078,9.001905794758391e-08,2.2828271218560132e-05,1.608889078426402e-06,5.1043810779540754e-09,1.3658446103025768e-06,0.0008913788601046089,0.7222004567356165,4.866301456574206e-06,0.09162446115485344,6.268275132357935e-09,5.096002774699443e-05,0.15394658740322759,9.034913327161457e-06,0.0024101560703839726,3.812323438776665e-05
51,7.535088124354189e-05,0.0003317163878652509,8.672295448589155e-06,1.561727979802547e-05,6.7427681544785714e-06,0.010589231729314894,3.8236714647704246e-05,0.0024941354947615423,0.007219139228162703,0.0003121674575915234,1.0895565419083102e-07,1.312816547825495e-05,5.694380372105482e-08,7.043498678948038e-10,8.39809463255188e-06,0.0002708436083556077,0.047076607222693904,4.581859523597091e-06,0.03919323686445505,8.582150625548282e-10,3.634290729687599e-05,0.8922255142964862,2.8619258713680778e-06,5.4754846091528055e-05,2.2552510104025633e-05
52,0.0006168699320547704,3.7307767309262766e-05,5.356538176092682e-05,8.561293040531161e-06,4.93799093429489e-05,0.020035871312286263,0.0006380297521800688,0.0038503619698399545,0.012856123948430493,0.003205997057111128,1.088543538127472e-07,2.7311103023943323e-05,7.174953292850199e-07,3.995908696541978e-09,3.612868917438569e-06,0.0011175206933025273,0.5002481408364925,8.995518340431108e-06,0.12704048743981888,5.375320251713639e-09,0.0001188184603584291,0.3287157286419714,1.4432665616430913e-05,0.001306207094766067,4.58406331235301e-05
53,0.0005357757422839966,1.764083960450025e-05,6.735003996991572e-05,1.1590249242317023e-05,7.18085469096029e-05,0.023319577912415526,0.0018966877949392576,0.0029336053066428163,0.014201946651644133,0.004067440721087994,2.073242096729939e-07,5.864280305923576e-05,7.664735797183259e-07,1.0012134178849174e-08,4.673750159983403e-06,0.0015913051189735928,0.6492757591530641,1.4037059390407334e-05,0.048646728271962945,1.3131524059060238e-08,0.0003103671630652014,0.2510354373596955,4.750460425918333e-05,0.0018174568510415617,7.366711914049375e-05
54,0.0004302544565382175,0.00010848203036930341,2.5128417156133398e-05,6.989898277897947e-06,3.3120470248470177e-05,0.01808995514510238,0.00041748138534430875,0.0021530982362898284,0.0110270004293565,0.001304556424502893,7.227709060704697e-08,2.0513507256419403e-05,2.3033452840169017e-07,3.6619030071428796e-09,4.483936638457421e-06,0.0005793231348299645,0.29999880137897,5.5493282472910855e-06,0.12323520322019411,1.7686247723137987e-09,6.685018046072747e-05,0.5415558488401996,1.0011883755867725e-05,0.0008431343259262205,8.39053281885498e-05
55,0.0005747197680593381,2.3117632142562538e-05,4.745404454706163e-05,7.202356473242049e-06,5.394134538605394e-05,0.02569781973306546,0.0013976272962601213,0.006858085779653768,0.016076393479521806,0.0026629404389081498,7.63320719167462e-08,8.805887209415044e-05,1.137955704030667e-06,5.837766937787921e-09,3.407982380474835e-06,0.0019457300612321714,0.4798000629094032,1.2017602217049667e-05,0.08969008524674064,6.432656034704085e-09,0.00012705257934065328,0.3730432918994469,1.3001215399551277e-05,0.0018303014614877349,4.646173804074074e-05
56,0.0006166047634743056,3.4451342108415665e-05,5.3798144214095454e-05,8.059033214409644e-06,4.607386072404701e-05,0.018465780093427215,0.0006479702082683031,0.0038344757439244264,0.011905847443228909,0.0029759794689433435,9.488655436845574e-08,2.602473432901137e-05,7.731983106462751e-07,3.6659210938180843e-09,3.055484156169943e-06,0.0011167356235710552,0.5198627641842584,8.208968458326119e-06,0.12383045321754245,5.134824277741771e-09,0.00011190015043579895,0.31503868882686165,1.3235149609445109e-05,0.0013563712983039743,4.264537533604055e-05
57,0.00043025829763577766,2.395732299811126e-05,0.00010547406711302083,4.960770865067527e-06,5.998744069198867e-05,0.016661485768103057,0.0007033584553792853,0.0034517418695561124,0.010365259022807763,0.0031429390393818515,6.688968677833564e-08,3.88319240532138e-05,8.834839700359001e-07,2.9468658217787106e-09,2.0674257859692663e-06,0.0012277742375695207,0.5488571344579773,4.355759564665637e-06,0.11157286318912074,5.5574804851878206e-09,0.00014146382788666757,0.30175138991508815,9.112307844832872e-06,0.0014104385142389478,3.418750833475812e-05
58,0.0005675696042017882,3.071762449982316e-05,4.793462880702201e-05,6.254216680261448e-06,4.026586517748685e-05,0.018465147512009162,0.0006419681977302115,0.003324037906258123,0.009672500770780731,0.002952615819658622,6.744567328915606e-08,2.389301722903875e-05,7.74853565399125e-07,3.4960750253612176e-09,2.617725343064655e-06,0.0010206408337338879,0.5445230805694787,8.003036145346849e-06,0.12643025604062919,4.622722860743866e-09,0.00010841921869824694,0.29028013198999725,1.3412833280494074e-05,0.0017993201237936284,4.0362047831339994e-05
59,0.0005612384236944975,3.018778662832949e-05,5.929376867042857e-05,6.366290510017865e-06,4.322147038744385e-05,0.01725509731253771,0.0006497272464462607,0.0033831444778385737,0.009725211914343031,0.002900493286557209,7.225533522704335e-08,2.5143018345681727e-05,7.933449184215711e-07,3.462791319920823e-09,2.5854953147684764e-06,0.0010632816287503893,0.55492505091725,7.237117102579352e-06,0.12106612504199983,5.018788253542702e-09,0.00012161944595976815,0.28642236654115494,1.3255150117033058e-05,0.0016992735195577148,3.920606500058132e-05
60,0.0006012902627720953,3.737348359038639e-05,5.3453703226331975e-05,7.99932756672822e-06,4.8267570845557006e-05,0.018470801375643494,0.000629856436906254,0.003476469147323108,0.012177162941070937,0.0028475374283466544,1.0066135717088031e-07,2.5906480512339745e-05,6.608012728386214e-07,3.8757776078350114e-09,3.3187300947801637e-06,0.0010562772744242199,0.5136027344643259,8.150390817827126e-06,0.12187550700437033,4.917408551271717e-09,0.00011845608225386857,0.32361291413378795,1.4229557917499291e-05,0.0012846282582293408,4.689569015821766e-05
61,0.0005915958389405998,3.153980896640383e-05,5.987072297335853e-05,6.356467167879994e-06,4.650497047622514e-05,0.01702975478122261,0.0006499351877593934,0.003246420112462218,0.01035647307559295,0.002890145599664417,7.944301334584323e-08,2.527035188606371e-05,7.400153146524732e-07,3.759703081191303e-09,2.7654608531138317e-06,0.0010333917778106675,0.5523988492012417,7.1053650159203305e-06,0.12366951436175332,4.854219954396339e-09,0.00012203841909915805,0.28617582867969227,1.3674717594797296e-05,0.0015990641651454564,4.3072862430348684e-05
62,0.0006012902627720953,3.737348359038639e-05,5.3453703226331975e-05,7.99932756672822e-06,4.8267570845557006e-05,0.018470801375643494,0.000629856436906254,0.003476469147323108,0.012177162941070937,0.0028475374283466544,1.0066135717088031e-07,2.5906480512339745e-05,6.608012728386214e-07,3.8757776078350114e-09,3.3187300947801637e-06,0.0010562772744242199,0.5136027344643259,8.150390817827126e-06,0.12187550700437033,4.917408551271717e-09,0.00011845608225386857,0.32361291413378795,1.4229557917499291e-05,0.0012846282582293408,4.689569015821766e-05
63,0.0005503443159604094,5.1656946672952324e-05,4.6917368763936926e-05,8.099821238971427e-06,4.549245926101648e-05,0.01937074975609014,0.000521470293461078,0.0032721197942066297,0.012671674392615172,0.0024122724001997254,9.874881443129657e-08,2.2764649971941792e-05,5.582945158612155e-07,3.548629688531313e-09,3.7244406927772684e-06,0.0009631736135960004,0.46428709753152225,8.403840650956297e-06,0.13253125643078137,4.247025472167186e-09,0.00011091917604687467,0.36192822382038947,1.377142606200933e-05,0.0011292411994231076,4.996148340779187e-05
64,0.00047969209392443983,3.3575160565810596e-05,6.604353592398529e-05,7.020865261348376e-06,4.586422061174523e-05,0.018827852852448673,0.0005759141736880175,0.002794465587779342,0.010077863667194584,0.002475216440460254,8.752801802488969e-08,2.9177301844754336e-05,6.029707123767002e-07,3.7035393302994037e-09,3.1546794075436075e-06,0.001126739082833238,0.5497194066754331,7.401652769612766e-06,0.10506747829045927,5.065803403635504e-09,0.00019023154037722727,0.3070997018381114,1.6342453521251634e-05,0.0013148679383254234,4.129068098577162e-05
65,0.00015482125837555449,9.35732139499076e-05,3.091658034489249e-05,4.5052889562008426e-06,3.6666791904535955e-05,0.038454280321105476,0.00042642245929291965,0.0008919093148042262,0.007548976680689304,0.0008399501830721773,3.3535237408571075e-08,2.080716859256364e-05,1.8482983979337984e-07,3.440028041953668e-09,4.172830012596711e-06,0.0007296567545413965,0.4586396501213487,1.13711292032411e-05,0.0883781194686328,3.2229837614798656e-09,0.0003935186993075142,0.4015681129153244,3.548345358088232e-05,0.001658134855428027,7.872548344361031e-05
66,0.001253389693472245,4.965117727376771e-06,0.0001555186133862763,4.903454175807356e-06,0.00012988735009481831,0.008957435053643954,0.0012665307540521851,0.0026448640351896726,0.008899992398111328,0.005051549176061238,5.913604303235335e-08,1.3474262558087564e-05,2.7615535031359907e-06,2.828342969577922e-09,4.223778589105994e-07,0.0014182761206708203,0.7653776089642149,3.1711727091680524e-06,0.12809871216714266,9.949820673959902e-09,6.978606290333326e-05,0.07476773493595808,6.920956185384586e-06,0.001854266149755506,1.7757716418564683e-05
67,0.00035255870573834265,4.334107205875124e-05,3.8515928827040176e-05,6.706968705247577e-06,3.4770702441486536e-05,0.024605218663487062,0.0005307012796598879,0.002115372568448626,0.009272990819055913,0.0019879834718937502,6.970418864568245e-08,2.372907545146328e-05,4.2965555422005896e-07,3.3045842595712894e-09,3.291545413946676e-06,0.0009139981912491388,0.5053635154373946,9.29916536133198e-06,0.1030946474963119,4.194048121324838e-09,0.00015971532469342736,0.35002632599500616,1.8956399276691634e-05,0.0013465618073610676,5.1292523788945386e-05
68,0.00010846561019616486,3.055975851259881e-05,3.5001522804598406e-05,5.58336876222325e-06,2.9114560197053658e-05,0.0754120653375364,0.000737573351264288,0.005058407318168223,0.00776388724080875,0.0026103151624209146,6.292772697958924e-08,0.00011318011063495398,5.536403255548255e-07,3.2702736359116104e-09,8.506805440272606e-06,0.001309950143041479,0.37987728575192764,2.216513392289979e-05,0.04704687696166365,9.959842565456267e-09,0.0005721369026166738,0.4774314641313693,2.4089462222989453e-05,0.0017681955828110652,3.454598550921446e-05
69,0.0005257426563822419,4.281224560919916e-05,5.477356235379759e-05,9.883602072768026e-06,5.510138355095897e-05,0.02046351332329636,0.0005713828325874325,0.0036158303990954568,0.016830887128082568,0.003294120500840999,1.888065764870967e-07,2.9969286429554676e-05,5.340277977261591e-07,4.213752940143182e-09,5.551563053693733e-06,0.0008840937481647642,0.5104656891073834,1.053885316819793e-05,0.09075987172375545,7.037132719810162e-09,0.00017209214921072992,0.3512404099640304,2.2129378199068496e-05,0.0008828876359776507,6.198487149556335e-05
70,0.0006335632233546128,3.358057237910597e-05,3.874739437714792e-05,4.9951978182155804e-06,3.831917544380675e-05,0.012368738215715335,0.0005176151299124444,0.0027946556604858154,0.008333783375177688,0.002241395127225621,7.076880161946971e-08,1.8856166822331414e-05,5.819567427855105e-07,3.821243481650732e-09,2.7092404448199677e-06,0.0007174406774307953,0.5681378248411684,7.306028206048342e-06,0.12669251717018973,3.493613624221994e-09,8.784869154772588e-05,0.2757887437150522,1.1581996332645039e-05,0.0014834783760112838,4.563998450273757e-05
71,0.0008950171164902561,1.0646993824630036e-05,4.893815123584095e-05,6.236449699829994e-06,6.050579818283004e-05,0.014547319199654752,0.0017631210907734373,0.003693968806501124,0.011842392545708343,0.004638444563220125,6.904297177134437e-08,2.401113991495935e-05,1.1907179971168652e-06,4.404853268760362e-09,1.3650211509620313e-06,0.001058022678671554,0.6909425028886285,5.944713459837243e-06,0.08444216890484786,6.3847616883195926e-09,7.161347406156073e-05,0.18356278517392247,1.2960202288239282e-05,0.0023253702681759365,4.5394269003151046e-05
72,0.0006230593689811004,4.909603890030343e-05,5.1209047704291455e-05,8.202540179525763e-06,4.9121351255200056e-05,0.016408202805676217,0.0005039617211426809,0.003079494391438925,0.01327007224616476,0.002987277150931449,1.2719326524336342e-07,2.367388388276932e-05,5.197262418688293e-07,4.097679532954097e-09,4.093918423712059e-06,0.0007695622403580505,0.48902663202362534,7.320143792230935e-06,0.11918947606925902,4.617545578124744e-09,0.00010927977136905494,0.3526836388328287,1.551054335609753e-05,0.001077912166551742,6.2548109446779e-05
