,0,1,2,3,4,5,6,7,8,9,10,11,12,13,14,15,16,17,18,19,20,21,22,23,24
0,0.0005398525887540462,3.2781103947772424e-05,5.252057724429025e-05,8.598648806953516e-05,6.480118989431616e-05,0.08528985859629165,0.00248648407119728,0.003037090192861729,0.009650448747147298,0.010547688959469968,1.2152790237648117e-06,0.00022192934162709022,1.2040208941430834e-06,1.1288645500737635e-07,3.2461183781268645e-05,0.003872297302707989,0.5532991391196161,0.00014163166805144413,0.03463820275667839,7.639357566892858e-08,0.0014542458076289282,0.2895693092629144,0.0004778554284523349,0.004332010244941499,0.0001707967887739089
1,0.00037422032554054296,6.558552928211637e-05,7.077852612607388e-05,3.439265848146048e-05,9.750154020278932e-05,0.07077055404278997,0.0018123272565458606,0.001434171315234814,0.007021677296586006,0.006915887579243718,1.1736959006606955e-06,0.00024520468899190797,5.094840307934538e-07,1.5575735412532585e-07,4.709432748195667e-05,0.0019856671377976643,0.47691118759024115,7.305046232598423e-05,0.044567220073052916,4.229917978819413e-08,0.0015380390465905432,0.3819626560282562,0.0003155561342969338,0.0034583125012599973,0.00029703470320607475
2,0.0004105418310928921,0.00010516327715933842,7.404396787503353e-05,3.600706576529838e-05,0.00013624956150518367,0.055315719781453034,0.001874077470021697,0.0019012788399966755,0.0076117282707594365,0.00833382774346953,2.9967798972160964e-06,0.00042277278772657063,5.095996046278116e-07,4.356262999841904e-07,0.0001411929980315037,0.0012011626020274162,0.4930408859045288,0.00011401225313142372,0.030961705302440048,8.391667167622772e-08,0.002185640946183483,0.3911684359724363,0.0005686264661765901,0.003688109947317044,0.0007047910884294379
3,0.00029193044745497886,6.875340961680788e-05,4.40183008277593e-05,3.114899657207906e-05,6.95322436370026e-05,0.061122271245436975,0.0018554267192317122,0.0011193328299487306,0.003970256001463483,0.004734627213801951,1.1372524533380654e-06,0.0003011671236657369,3.9534513492745045e-07,2.3718753705631603e-07,5.6020851078899307e-05,0.0014875132866120275,0.4837056362648641,9.847344008914082e-05,0.02997606793517149,4.115419256814704e-08,0.00164054207460653,0.40476671686093885,0.0003603384840086691,0.003926412978649424,0.0003720023530056527
4,0.00031928427156160277,6.699925646738863e-05,4.590051259479676e-05,3.173742673182831e-05,7.086356058801214e-05,0.06069630774913899,0.0019337570925942384,0.001175280976143113,0.003670131051333915,0.004883139991420058,1.1184579856238223e-06,0.00030096060110499035,4.829854152301469e-07,2.6022852232303087e-07,5.3256997081583754e-05,0.001604704057811336,0.5045151787076084,0.00010556396430159377,0.0327355039430453,4.499449437932492e-08,0.0015883573120459037,0.38104535647989596,0.0003517031242767334,0.004446551705145106,0.00035755455269146383
5,0.0002776747444050794,7.67536469678295e-05,3.3577232534525964e-05,3.9107774740904754e-05,6.129161374362796e-05,0.07106650346185986,0.0017030615443482191,0.0011278054464992898,0.0037637300489054087,0.004331358556669643,1.1576203036590499e-06,0.0002741354690900919,4.102055998366006e-07,2.2890418022351115e-07,5.761486638648947e-05,0.001584024608055153,0.45770393628322514,0.00014279447099398542,0.029792138907678446,4.520069107858936e-08,0.001595028806508734,0.4218147473743025,0.0003914543226302855,0.003819587875251423,0.00034183101442874657
6,0.00029193044745497886,6.875340961680788e-05,4.40183008277593e-05,3.114899657207906e-05,6.95322436370026e-05,0.061122271245436975,0.0018554267192317122,0.0011193328299487306,0.003970256001463483,0.004734627213801951,1.1372524533380654e-06,0.0003011671236657369,3.9534513492745045e-07,2.3718753705631603e-07,5.6020851078899307e-05,0.0014875132866120275,0.4837056362648641,9.847344008914082e-05,0.02997606793517149,4.115419256814704e-08,0.00164054207460653,0.40476671686093885,0.0003603384840086691,0.003926412978649424,0.0003720023530056527
7,0.0008429791740628584,4.2403107486292e-05,9.728341700526883e-05,3.670441243150667e-05,9.227457579526217e-05,0.026807001866557698,0.002240044994883954,0.002183403827981332,0.004078274180793748,0.010579150145641791,1.5292394395110481e-06,0.00020886303258966295,1.1398837078500638e-06,1.907440378507343e-07,2.793575332055241e-05,0.0013513361073922434,0.5880106877909133,4.384330032439521e-05,0.046044690077308256,5.28273660162466e-08,0.0005989312860120465,0.3120280689363232,0.00014259217721811302,0.0042599278447035885,0.00028069129670361633
8,0.00042498421040873194,4.585479475287253e-05,9.08507877716902e-05,2.1794422850598386e-05,7.073267657562883e-05,0.03302265599622125,0.0022300471917890323,0.0010172023260478838,0.003401966020737417,0.009267223537397533,1.0587788286682414e-06,0.0003448315392303957,5.03682028127367e-07,3.673071249879155e-07,4.809503110086923e-05,0.0008861169665340302,0.6413865438017059,3.850274781644124e-05,0.021606730252948365,5.085910845487287e-08,0.0019344742337274584,0.27489219543351323,0.0005277632765059091,0.008089370355699402,0.0006500837695750864
9,0.0004304298938992371,7.682539195509301e-05,6.462960207705567e-05,2.8550530032055023e-05,7.08381026012492e-05,0.040171579369523445,0.0017946367027629833,0.0011547694675626493,0.004412879181864124,0.008959778706749511,1.602949630289461e-06,0.00033686272955229043,3.883037807316247e-07,4.11962141002897e-07,8.791007734734378e-05,0.0007977058814826865,0.5665420794052471,6.033330913261574e-05,0.02331788274725504,5.052437463530724e-08,0.002023033800494065,0.34173010599841086,0.0006998980017125977,0.006408852671836811,0.0008279646885745684
10,0.00029193044745497886,6.875340961680788e-05,4.40183008277593e-05,3.114899657207906e-05,6.95322436370026e-05,0.061122271245436975,0.0018554267192317122,0.0011193328299487306,0.003970256001463483,0.004734627213801951,1.1372524533380654e-06,0.0003011671236657369,3.9534513492745045e-07,2.3718753705631603e-07,5.6020851078899307e-05,0.0014875132866120275,0.4837056362648641,9.847344008914082e-05,0.02997606793517149,4.115419256814704e-08,0.00164054207460653,0.40476671686093885,0.0003603384840086691,0.003926412978649424,0.0003720023530056527
11,0.00030619286592406335,6.118088135940075e-05,4.473084770056301e-05,3.0166340436967366e-05,6.47778539954887e-05,0.05853109116139853,0.0019165402770754284,0.0012578024452350452,0.003844500132200071,0.005034939873647363,1.0514450362138713e-06,0.0002981144985691917,4.809055301536553e-07,2.1938565870931622e-07,4.9848666875546525e-05,0.0015581127392315787,0.5012009229093866,9.706197925696124e-05,0.03077794146705313,4.24698681554236e-08,0.001486948541346913,0.3885004977502274,0.00032882006252524584,0.004277757064638807,0.0003302574358225768
12,0.00023709509812085223,7.635286747505022e-05,3.449012795226544e-05,3.059605606127411e-05,0.00030156170763883863,0.11461246766752287,0.004349969200000158,0.0002753977056963939,0.004232674234910478,0.0033553186449500594,1.5262001709243811e-06,0.00041540644959877927,2.7564856329090435e-07,1.5368875071777875e-06,7.387326451420697e-05,0.0014666255952729718,0.6178426829858928,0.0002953978294479109,0.019244841959300887,1.0668909843775741e-07,0.0046957397321179175,0.2176459290548157,0.0020040691183757955,0.00738664244356967,0.0014194228314252984
13,0.0005299721109354014,6.510006037496463e-05,8.628379562004917e-05,5.0782438796584594e-05,0.00010170948930843556,0.03625650203937902,0.002283358687808611,0.002175019559148925,0.0050792209111307895,0.008457959964238392,5.5832768285760135e-06,0.0007489488301095945,6.725512310393366e-07,8.091310102311797e-07,0.00016322193549615977,0.0016849100353466936,0.54739237116085,0.00014997353494533648,0.021185962085316475,1.1247322753819111e-07,0.0026619748368947394,0.3661075909442427,0.0006473494287649689,0.0035731087777791134,0.0005915019412155081
14,0.0002018591192064401,0.000499436728432477,5.9242029693458887e-05,7.79590381981485e-05,0.00022391182272808892,0.128179699699447,0.000595431863126209,0.0006593585900168462,0.004139439681489501,0.0029180493739658546,3.510478199564659e-06,0.00012369211318879645,4.966502582388859e-07,2.2750126451523156e-07,0.00010560300255213348,0.002272108302562898,0.23581754924650541,0.00032243925193245514,0.11620935988227962,7.749474925612123e-08,0.0014113997658221323,0.5044401496816655,0.00025174294472955885,0.001244149624848205,0.00024310611313767023
15,0.00029193044745497886,6.875340961680788e-05,4.40183008277593e-05,3.114899657207906e-05,6.95322436370026e-05,0.061122271245436975,0.0018554267192317122,0.0011193328299487306,0.003970256001463483,0.004734627213801951,1.1372524533380654e-06,0.0003011671236657369,3.9534513492745045e-07,2.3718753705631603e-07,5.6020851078899307e-05,0.0014875132866120275,0.4837056362648641,9.847344008914082e-05,0.02997606793517149,4.115419256814704e-08,0.00164054207460653,0.40476671686093885,0.0003603384840086691,0.003926412978649424,0.0003720023530056527
16,0.000280043863306665,5.42815893342904e-05,5.0105883008109654e-05,3.550725244536675e-05,6.761794246567815e-05,0.06514319112933072,0.002130232172821245,0.0011513817368628554,0.002993642353414402,0.004431733891142325,1.354900219649237e-06,0.00041887510730924117,4.871707040110035e-07,3.279917156874589e-07,6.252629132403279e-05,0.0021606904446872443,0.5094423148911277,0.00014723235464050098,0.027388316964252087,5.5952117463184063e-08,0.002451941921575728,0.37655694308740967,0.0004097238148586752,0.004325650200955759,0.0002958210929709461
17,0.0003162172333556468,6.178763422541535e-05,4.427037919712106e-05,3.106901823354895e-05,7.088374221235171e-05,0.052585635257296655,0.0020709507903663824,0.001104860518584349,0.003799428716174189,0.0044934458440452725,1.1687485300889349e-06,0.00032863293025540166,3.9838839949979896e-07,2.6542328562202194e-07,5.1838537852209575e-05,0.0014093098678510977,0.5055586046559911,8.981360616116843e-05,0.0258836223102835,4.118700814438108e-08,0.0016005127605660415,0.39584737526860164,0.0003508930909472088,0.0039004765955357487,0.0003984974950406232
18,0.0003055677132592058,8.530305175692133e-05,9.718949232772562e-05,6.829909201994771e-05,9.897600215740694e-05,0.14161315205595926,0.0022226148456997255,0.0029860864680392525,0.00668326926101106,0.008966956485457676,1.908235957411581e-06,0.00062035109815835,9.650844222901013e-07,2.7722414516202453e-07,0.00011202645646449518,0.004946852357394996,0.33416338231320186,0.00018118074762058008,0.045840731697465074,8.59003833066422e-08,0.0032415541193623297,0.44232098821264043,0.00047039629168826267,0.004762724678194085,0.00020916111521311127
19,0.0002514390529346979,3.309843555467581e-05,5.0355400198820265e-05,2.683480636990226e-05,5.551708117662078e-05,0.05765996837061349,0.002481793016608262,0.0014727635138373242,0.003937011157407042,0.007935882851008548,6.857878365596571e-07,0.0003365688479085034,5.36099916032571e-07,1.130345409014566e-07,2.6527354795604363e-05,0.0013579825175429015,0.47434658649511013,4.365287429418224e-05,0.021880498883671707,3.757719913518107e-08,0.0010212560521864942,0.4224078932770229,0.0001925306886169577,0.004216704576180326,0.00026376224746830216
20,0.00012239777386391696,0.00010695053322444736,2.8098931190485148e-05,2.712036664404495e-05,2.9370250611690734e-05,0.06113426095791332,0.0009051883411055744,0.0013875142411163082,0.0029673154776362603,0.0029276208484124524,1.0866795357808482e-06,0.0004107619709328398,2.1822047142013458e-07,1.4876227760143015e-07,0.0001093083439771944,0.001137760347559284,0.2766148021863223,0.00010817989318496552,0.01873405203656585,2.8595619657832714e-08,0.001994887629431008,0.6284974210235732,0.00026986917997351764,0.002231410413207493,0.00025422699564935157
21,0.0004971933265107073,7.93332492843234e-05,6.253937407875378e-05,7.236327729336358e-05,9.709659984351647e-05,0.06553357349727022,0.002239336769039605,0.0014397077398641041,0.004608551460418159,0.005397592413802819,3.32309516824952e-06,0.0005855103943445961,5.633728868347397e-07,6.612327263366663e-07,0.00010675849986329417,0.0027873403527021194,0.46295848565051495,0.0002009969511831285,0.030320107564745208,8.215047343866063e-08,0.002671983116690123,0.4159364789356211,0.0005715615155903797,0.003392080600484685,0.000436778859599952
22,0.00026188231652430927,3.557523106881869e-05,4.449514600782621e-05,3.699320993277498e-05,5.812430620187908e-05,0.04065612420408262,0.0015317638005540998,0.0009068872352248436,0.0028171345011834487,0.005490936029394581,1.8348593622389607e-06,0.00025601599891621207,4.0905271775745745e-07,2.0968573349698806e-07,4.4315819254021324e-05,0.0014600857339750293,0.5955037523215209,0.00012241742926506608,0.020399421726669788,6.137916093107039e-08,0.0017802020214451035,0.3253745074457332,0.0003564712402117785,0.0026079138389850684,0.00025246546687434
23,0.00029193044745497886,6.875340961680788e-05,4.40183008277593e-05,3.114899657207906e-05,6.95322436370026e-05,0.061122271245436975,0.0018554267192317122,0.0011193328299487306,0.003970256001463483,0.004734627213801951,1.1372524533380654e-06,0.0003011671236657369,3.9534513492745045e-07,2.3718753705631603e-07,5.6020851078899307e-05,0.0014875132866120275,0.4837056362648641,9.847344008914082e-05,0.02997606793517149,4.115419256814704e-08,0.00164054207460653,0.40476671686093885,0.0003603384840086691,0.003926412978649424,0.0003720023530056527
24,0.0003352382900630119,8.867094579329224e-05,4.174763059758092e-05,4.937186599028773e-05,9.213422688203005e-05,0.06220764833279603,0.00175035677797551,0.0010457126437009969,0.003962391909432343,0.004757638578752429,1.6203766442868843e-06,0.0003336920040117695,4.5233891040371893e-07,3.176244394908944e-07,5.543362061825927e-05,0.0015027305720042615,0.44393110013364295,0.00012013549723446572,0.029318665320329805,5.345341484764917e-08,0.0013844310425647137,0.4450572678753365,0.00034202491924356177,0.003179514882495025,0.00044164913712605906
25,0.0006385545814316058,3.0551363040527226e-05,6.949559072862042e-05,4.719738689737055e-05,8.927061810882042e-05,0.026675558002580296,0.0033819130507087114,0.002453735244443932,0.003959666726707654,0.00834506520078207,3.645387498402569e-06,0.0005701006792338313,9.806639931922393e-07,5.21559915579554e-07,6.518678350682964e-05,0.001604165188537681,0.631856050625096,0.00011314201782155174,0.016882819095551414,1.0328339555802532e-07,0.001420007426194348,0.29728848571147004,0.0003569203216630239,0.0037558031662838676,0.00039106032440911935
26,0.0003503170452765391,4.8499930591069946e-05,2.931664538733547e-05,2.1729001485575966e-05,6.320082168194662e-05,0.06228864730600441,0.0018428493319866796,0.0009037444459628973,0.005549117750937048,0.005141586585013873,6.045515641160525e-07,0.00012268432703599656,4.0402460671695353e-07,1.3065889438106503e-07,3.059028399470156e-05,0.0011141501931064507,0.6219586956985669,9.97442105830732e-05,0.03405218420743444,3.4455699723182994e-08,0.0011837763627907188,0.25890504377097756,0.0004991312090679636,0.005432994552233441,0.00036082262911644
27,0.00022643934205992977,0.0001039602140137308,2.847680047591887e-05,3.0158951496576385e-05,5.1090347900691254e-05,0.058238079723713254,0.001298348053296593,0.0011576012891885024,0.005069077210033234,0.0038596989545021648,1.0405347819036585e-06,0.00025201173692098036,2.2836531956698746e-07,1.4949435513286775e-07,6.358533849262352e-05,0.0009769153347401385,0.3464247491555257,6.898698802392267e-05,0.02666846793826128,2.4452843292338215e-08,0.001004756384248913,0.5514182799718833,0.0002605847442298444,0.002361836232296028,0.00043545244139696164
28,0.00029193044745497886,6.875340961680788e-05,4.40183008277593e-05,3.114899657207906e-05,6.95322436370026e-05,0.061122271245436975,0.0018554267192317122,0.0011193328299487306,0.003970256001463483,0.004734627213801951,1.1372524533380654e-06,0.0003011671236657369,3.9534513492745045e-07,2.3718753705631603e-07,5.6020851078899307e-05,0.0014875132866120275,0.4837056362648641,9.847344008914082e-05,0.02997606793517149,4.115419256814704e-08,0.00164054207460653,0.40476671686093885,0.0003603384840086691,0.003926412978649424,0.0003720023530056527
29,0.00029193044745497886,6.875340961680788e-05,4.40183008277593e-05,3.114899657207906e-05,6.95322436370026e-05,0.061122271245436975,0.0018554267192317122,0.0011193328299487306,0.003970256001463483,0.004734627213801951,1.1372524533380654e-06,0.0003011671236657369,3.9534513492745045e-07,2.3718753705631603e-07,5.6020851078899307e-05,0.0014875132866120275,0.4837056362648641,9.847344008914082e-05,0.02997606793517149,4.115419256814704e-08,0.00164054207460653,0.40476671686093885,0.0003603384840086691,0.003926412978649424,0.0003720023530056527
30,0.00029193044745497886,6.875340961680788e-05,4.40183008277593e-05,3.114899657207906e-05,6.95322436370026e-05,0.061122271245436975,0.0018554267192317122,0.0011193328299487306,0.003970256001463483,0.004734627213801951,1.1372524533380654e-06,0.0003011671236657369,3.9534513492745045e-07,2.3718753705631603e-07,5.6020851078899307e-05,0.0014875132866120275,0.4837056362648641,9.847344008914082e-05,0.02997606793517149,4.115419256814704e-08,0.00164054207460653,0.40476671686093885,0.0003603384840086691,0.003926412978649424,0.0003720023530056527
31,0.00046050041987137413,6.183132376302096e-05,7.416863283415948e-05,2.765810299201522e-05,5.298802919662522e-05,0.037054137885265986,0.0014872521243288297,0.0028329740140558353,0.0035619004334735195,0.004401605265959771,1.0001568012561543e-06,0.00031014429913785554,9.00837252246404e-07,1.7320098226730581e-07,5.1469575163638855e-05,0.0019456640889828846,0.5515359193380137,9.630398980390212e-05,0.040837499321059616,4.552276895881095e-08,0.001558629160285072,0.3485523526908673,0.00022009161524194127,0.0046777736289583365,0.000197016342939772
32,0.0002954506819882631,7.660001124522e-05,4.329612474648926e-05,2.961116681128839e-05,6.668041693625445e-05,0.06110123171743666,0.0015862137407026908,0.001078168602890931,0.0037490753740263925,0.004365965205794404,1.0121534637036316e-06,0.00025736575531010587,4.1223252800926674e-07,2.1138729896979707e-07,5.147763198282235e-05,0.0014988263463410895,0.4801628801073744,0.0001004711137256778,0.036088266296811514,3.7674424255771266e-08,0.0014881047167425623,0.4033669221686236,0.0003214846910487231,0.0039352127292895745,0.0003350219524565044
33,0.0005024731339506702,0.00010365913059965965,0.00011992558562026027,6.051092389509232e-05,0.00023460351485288247,0.07872970037288186,0.0030792165157453454,0.002123423742895132,0.018733392948446736,0.014686234347448788,8.58784612103323e-06,0.0007050661912498586,3.6435083994792387e-07,7.318355890731669e-07,0.00031768845313629064,0.0013536549580029423,0.45385964970035075,0.0001106088067216368,0.019976772169877866,1.3098413595372097e-07,0.004737042144843794,0.3949914863954045,0.001460462471771658,0.0027261601276562897,0.0013784533479619199
34,0.002666152382522941,6.058945442660514e-05,9.974454786007898e-05,3.998509797360227e-05,0.00016870066487254044,0.017498774988162262,0.0015504989847123216,0.0018099016251245706,0.005350245262885001,0.006025494504497302,2.918468484518702e-06,0.00014090519670449198,1.1392977845924562e-06,5.025668731579048e-07,4.311223535165176e-05,0.0015688283538171242,0.6869835532126584,9.911479953799946e-05,0.08820150249555382,5.490510272168138e-08,0.0007662474858640065,0.18274898421303218,0.0002351990117276968,0.0035954837667931177,0.00034236647767743405
35,0.00038707581436442454,8.454329349736861e-05,3.125244288840992e-05,3.228518769550301e-05,5.067581539269219e-05,0.04484163692956316,0.0012686971965701077,0.0019731298994784866,0.0066460228326272065,0.003798281991430209,9.265875090650762e-07,0.0001920648523782091,3.5684189628267094e-07,9.488634163368284e-08,4.360296306737933e-05,0.0011790518034157243,0.39275065888906396,6.696987488099429e-05,0.035202632087494606,2.220517604280871e-08,0.0007021685005227069,0.5081751520070882,0.00017027875135055087,0.0021224710080847385,0.0002799473382222508
36,0.0005271352305179625,0.000179833573467341,0.00012961773618835193,6.28475765522043e-05,0.00030566766817699857,0.19147615885746666,0.0016417903236598385,0.0009189714317142572,0.011373252018095631,0.015284370223931193,2.0704012972349653e-06,0.00013219655204008599,6.861573116745567e-07,3.3342402507925705e-07,0.00010219682342343126,0.002266395745045074,0.4372590945110634,0.00014666277268627983,0.09496138993742084,1.0913257147605186e-07,0.0037251576039348025,0.2300553698853315,0.001438947754144975,0.007407439393610721,0.0006023052663228975
37,0.00043348621871204014,3.384762988266197e-05,4.540919895107654e-05,2.216272371592949e-05,7.218003911984814e-05,0.040134091427639094,0.0030186299472236885,0.0004932724465463591,0.001423632085692235,0.003197837879007933,8.038917675599819e-07,0.00032050439516552025,5.069460510196366e-07,7.118017964201619e-07,3.368632977093973e-05,0.001739928228126981,0.7003132871071276,0.00013005451360408835,0.025957039562313045,4.7639569188318857e-08,0.002427041664723462,0.21005271700082592,0.0005334209081801102,0.00923099448720202,0.0003847059272851535
38,0.00018857714619451067,5.7217711379555914e-05,3.780505965703509e-05,3.0534095568020134e-05,4.635560610020049e-05,0.10375335858133856,0.002032291458962737,0.0009751612013888053,0.002748885698725278,0.003805860486668751,8.621962295150704e-07,0.00035582957199544585,4.0543612368356e-07,2.0888297765736218e-07,6.176055565214081e-05,0.002706898052641118,0.420012985006071,0.00015946764573112381,0.032959347074580043,3.740832377821077e-08,0.002667371314820363,0.42211364377007293,0.0004129611286073834,0.004667201641110608,0.00020497326907984465
39,8.354222301778999e-05,5.787831352832037e-05,3.805581816643798e-05,1.6106771095602854e-05,2.742495994237033e-05,0.09568274622079678,0.0009634111960199972,0.0010470281356209157,0.002399751441822422,0.0018814926674089818,2.689291975802138e-07,0.0002864802853584382,2.491170642578505e-07,5.354930693736557e-08,3.5063404804594975e-05,0.002067623430915953,0.37872657233714263,7.685994208483576e-05,0.026538805915840517,1.9438296863356645e-08,0.0031088087546877873,0.4835664542641382,0.00020205877315399807,0.003082867012540048,0.00011037709804763406
40,0.0005084930641864297,0.00011223886685637007,0.00010631631955459718,2.3355788707186766e-05,0.00019335793671662935,0.028693842994443143,0.002135376888498819,0.000807599029322436,0.0030087449207239414,0.003357151330041921,2.2117312224171696e-06,0.0005345559160028849,4.166043248083853e-07,9.314498153240664e-07,7.94819981801179e-05,0.001033177740482661,0.5464360913273275,6.632458371984386e-05,0.03309962352744028,5.191893816130498e-08,0.0020860358594576435,0.3727698624517923,0.0003142321696266699,0.003805692598049812,0.0008248329845682198
41,0.0006725103114438147,0.000331155187188958,7.90852546471082e-05,0.00013943577453027554,0.00033608224326181084,0.11498736075172529,0.0016049145979143767,0.004060712355171275,0.020588122579246387,0.008294958393814287,6.3082353490889014e-06,0.000316660122621909,9.824719830523117e-07,5.029941086791668e-07,0.00021242279609666424,0.0037907475383790377,0.27145239349175887,0.0003178817417810365,0.09165776017239859,1.1404085920327156e-07,0.001326414483610435,0.4768580969248136,0.00043333605103662207,0.0020705517615434857,0.00046148972471617936
42,7.885433155729891e-05,8.807103816531924e-05,2.55337707871438e-05,1.8619780457180032e-05,1.5073631073487942e-05,0.04824981815789839,0.0003840665383933596,0.0012425131508303467,0.0027082969942018166,0.0012975872363463876,2.3165596391376818e-07,0.00011929285988798598,1.4641266919504632e-07,1.5154767919315858e-08,2.0799687572664408e-05,0.0012666169983430872,0.21571808880280421,3.0424038870364882e-05,0.03207989535008266,7.228275130680822e-09,0.0006818788213010592,0.6949238821000461,4.85561776668546e-05,0.0009393771376836012,6.235294435474527e-05
43,0.0037788850828088505,0.0005543570431210476,4.88997682198045e-05,8.105046966773132e-05,0.0005235003495518065,0.011635778589063487,0.006627203187535315,0.0008460778338670686,0.007640637512186269,0.0019135054511006662,3.806438650954722e-05,0.0007687216142741699,2.9104117580214737e-07,2.5026141828401824e-05,0.0004179147425850239,0.0006662801717640603,0.4963500469755027,0.00025218586505591637,0.034626449218111206,8.128753277632711e-08,0.0004265127579066167,0.41372676810100495,0.0009673143768530896,0.002725559654142753,0.015358888378630902
44,0.00029193044745497886,6.875340961680788e-05,4.40183008277593e-05,3.114899657207906e-05,6.95322436370026e-05,0.061122271245436975,0.0018554267192317122,0.0011193328299487306,0.003970256001463483,0.004734627213801951,1.1372524533380654e-06,0.0003011671236657369,3.9534513492745045e-07,2.3718753705631603e-07,5.6020851078899307e-05,0.0014875132866120275,0.4837056362648641,9.847344008914082e-05,0.02997606793517149,4.115419256814704e-08,0.00164054207460653,0.40476671686093885,0.0003603384840086691,0.003926412978649424,0.0003720023530056527
45,0.0002403910286570162,4.523415673893067e-05,3.9049776588566686e-05,2.5851927861957708e-05,3.922709898885049e-05,0.07283102499083433,0.00243785572802924,0.003218068863009044,0.003621007561019221,0.005059929944429285,6.856367201585496e-07,0.00036782949593523376,7.640822597964174e-07,1.2542209588695038e-07,5.526988385557067e-05,0.0028022481004169254,0.4065832081549764,0.00012635663449203773,0.03592661547765456,3.627683123293704e-08,0.0013391946520003618,0.4598903697805429,0.00017512638558837287,0.005045444802638004,0.0001290841378360652
46,0.00021888271151222744,2.044678567832924e-05,2.388386723235608e-05,1.9036316636292217e-05,2.580887666089305e-05,0.03181282586938116,0.001323896910238052,0.0006493755744220239,0.001542507601934213,0.0030498308018538614,3.760085841424394e-07,0.0001723962901568739,3.10816796491664e-07,7.031418699141852e-08,1.1353910256731497e-05,0.0009064391659037478,0.6132010859741738,4.182317953223286e-05,0.016170508398393416,2.0500713888543194e-08,0.0008482952192302117,0.3267754499327863,0.0001377467258717233,0.0028917729064959737,0.0001558553413680321
47,0.0003509404113748876,2.4371222814832453e-05,3.4671992619601376e-05,2.30664061215796e-05,2.3029755992576817e-05,0.031019020343430716,0.0016301433875509986,0.000974887517103874,0.0015286487212007845,0.002577053015337027,3.073494939271558e-07,0.00021213108899040828,4.757543213492312e-07,7.648184313960561e-08,1.0894120997267948e-05,0.0017252403979077524,0.5539364454664125,4.2463330643792697e-05,0.02589724442787058,1.5952623656767526e-08,0.0008243797828363155,0.3749304883861025,0.0001092970498393953,0.0040100766388372604,0.00011463099773336464
48,0.00047273503052442636,0.00022536439122225677,0.00014205552345793434,0.00023355941739090265,0.0005211047995578997,0.11573469959531138,0.004582730304354551,0.0018156710289565627,0.022070755526092094,0.00984386808062765,3.9875247682096716e-05,0.00243175924073144,3.4333701859966903e-07,4.0966661806483874e-06,0.0009673495279566449,0.00314049660472714,0.2517534587760443,0.00033779743410653157,0.013644755212889121,3.0238685491232163e-07,0.009425516331747529,0.5557620941403187,0.002933463952171608,0.0015121109575182918,0.002404036486556761
49,0.00014235464314109523,6.26478271361733e-05,3.833510696503705e-05,2.372292234408178e-05,4.244809749241624e-05,0.06499854054444762,0.00129358785135884,0.001005533902741093,0.003141520179015507,0.003583055507211696,5.986150082260531e-07,0.0002992067777176322,2.780254729075685e-07,9.018297230813869e-08,3.6344233932977796e-05,0.0012132075143308065,0.3669549707770263,5.455298206808952e-05,0.022297525219193856,2.6774556072607536e-08,0.0013969288193093428,0.530362706805058,0.0001899364896644956,0.002633964222630693,0.00022791597920472374
50,0.0007449542987898634,1.6684804191640575e-05,5.1602785365372445e-05,2.3418939881749054e-05,6.891348440970462e-05,0.026028037271172377,0.004494533980065767,0.0016609004199678922,0.0027751907856916136,0.009928188927620504,1.0851535433568776e-06,0.0002786444084728774,9.568222064276527e-07,3.5707997225879834e-07,2.5868308476489575e-05,0.0012814592060774533,0.7163866888082335,5.960439788544368e-05,0.024001300058534618,5.307418232845581e-08,0.000738830477755603,0.20299143011847648,0.00023908781221327832,0.007855927410873022,0.0003462811659404714
51,3.110852953228074e-05,0.0004954742624610098,5.9082645982478354e-06,5.264511516815406e-05,8.183296405675951e-06,0.02996754694029596,9.508360878198776e-05,0.0006966424800805657,0.0020292050193769524,0.0004785631927544305,9.972556780427647e-07,0.00012339842141036262,2.9768799947853253e-08,3.4264553683513583e-08,0.00011170416217873709,0.0003153490063898577,0.036702982630998374,4.393334478166715e-05,0.008140536158724657,6.047396989333496e-09,0.00038738773801232936,0.9199616333522571,5.858160475661811e-05,0.00014404378743408588,0.00014902174717205014
52,0.0002980684716658916,6.864709231459218e-05,4.39655983389323e-05,3.343706652359023e-05,7.073615321010607e-05,0.06630845122851868,0.0018673697739242314,0.0012367733982547686,0.004182768792610106,0.005324729138427312,1.2253919186726374e-06,0.0003163277149462265,4.282004181847986e-07,2.423021462758863e-07,6.064643608958175e-05,0.0015707539865767739,0.46956875829406286,0.00010823435592926847,0.03115743541429491,4.486975165319536e-08,0.001638640181515775,0.41144223068166647,0.0003641714017844603,0.003973915088792351,0.0003619989663182638
53,0.00025846567544601546,2.9648472302589218e-05,5.0981788452358814e-05,4.422895197203646e-05,9.968017958766549e-05,0.07189693333485378,0.005650043734981843,0.0009194986956566968,0.004393869469621795,0.006590600831324516,2.270484036344729e-06,0.0006373894406993243,4.542654959377121e-07,5.822311811364529e-07,7.248111612713902e-05,0.0021389843837356223,0.5845105217522603,0.0001667477310089244,0.011373404990333874,1.0460866350898064e-07,0.0038150847481149695,0.30040406358996347,0.0011056286829751749,0.005290886057441262,0.0005474447837636705
54,0.00021317520917211712,0.0001938062178645682,2.055923682014229e-05,2.3718099404714927e-05,4.9239317175496195e-05,0.05409158817811454,0.0012724307723677756,0.0006869620550844107,0.003614154109486024,0.0020974004129822497,7.943696051645154e-07,0.0002285471601174383,1.2233451713296206e-07,2.490207627293882e-07,7.976483471532307e-05,0.0007503977913563869,0.2768068076661362,5.82469003752781e-05,0.02970685662128319,1.3459810377566149e-08,0.0008971801530362589,0.625682013073446,0.00023907701819638407,0.0025713961578693583,0.0007154998303006119
55,0.0002695717624374512,3.929926073905881e-05,3.424286022412e-05,2.905184140333647e-05,7.156413944853335e-05,0.08189228275050571,0.0037964261537093516,0.0020882499217784634,0.004894069542552904,0.004246532682151151,8.449748070221418e-07,0.0009530645041440516,6.925105266809313e-07,3.264038355551362e-07,5.161938290847377e-05,0.0026931124971678777,0.42612832462361366,0.00015318378860976756,0.02097020265569883,5.3270233996178957e-08,0.0015546541683957326,0.44434461445318024,0.0003119466248845711,0.005149132255823988,0.0003269369712194699
56,0.00029891797742645715,6.371182987461355e-05,4.433228432408264e-05,3.169158289516541e-05,6.639618291472481e-05,0.06164547289089157,0.00190199243815204,0.0012349517426361106,0.003888676243645087,0.004962689820398656,1.075014917698163e-06,0.0003036343217565222,4.6577250442123737e-07,2.2315041358716594e-07,5.150397848386799e-05,0.0015805484522082042,0.49049109360850424,0.0001002166919840755,0.030538691429928103,4.32819304455537e-08,0.0015547383070748022,0.39641640670746425,0.00033723679550536474,0.004147565844570978,0.0003377236495949792
57,0.00020128216763742724,4.407775228757761e-05,8.538867910030749e-05,1.9287632607155028e-05,8.224389472403938e-05,0.05647964556469564,0.0020086468319118716,0.00115481078012833,0.003565642433376257,0.005286243890253663,7.106985282865727e-07,0.00042339178146801406,5.133546702052765e-07,1.4962099449071874e-07,3.3357110337453e-05,0.0016724321107808025,0.50433739335293,4.88631904792458e-05,0.026839079710682365,4.413128267994914e-08,0.0019138383053189276,0.3912386856598387,0.00021922855628119515,0.004092033323288291,0.0002530094663970458
58,0.0002736656198543092,5.748773896743745e-05,3.996112142562436e-05,2.4664482240964632e-05,5.782336920248541e-05,0.062404326790914684,0.001878005141488561,0.0010972922836170408,0.0032584426081101597,0.004977764058998275,7.557653896461833e-07,0.0002759671698910534,4.63705072893905e-07,2.0196274671316632e-07,4.400794009526691e-05,0.0014375513221326775,0.5125442386727733,9.474863097460254e-05,0.031205927232911,3.846793085189188e-08,0.0015088125783779965,0.37274414625649516,0.00033634530012308355,0.005421202958713067,0.000316158821552988
59,0.0002725012118778229,5.651226743539016e-05,4.911920417484187e-05,2.5325364709584075e-05,6.20838504769078e-05,0.0582621325626068,0.0019091038604497257,0.0011167572088709014,0.0032554819538106027,0.004902334247580162,8.161953756167164e-07,0.0002921089613537052,4.794876675732627e-07,2.0326037860608037e-07,4.353272150522643e-05,0.001504712563421212,0.5228320077874697,8.696945641392491e-05,0.029975601912138942,4.197650315217434e-08,0.0016793353233907353,0.36788104760949003,0.00033344360450581693,0.005149813028643711,0.00030853437974931707
60,0.00029193044745497886,6.875340961680788e-05,4.40183008277593e-05,3.114899657207906e-05,6.95322436370026e-05,0.061122271245436975,0.0018554267192317122,0.0011193328299487306,0.003970256001463483,0.004734627213801951,1.1372524533380654e-06,0.0003011671236657369,3.9534513492745045e-07,2.3718753705631603e-07,5.6020851078899307e-05,0.0014875132866120275,0.4837056362648641,9.847344008914082e-05,0.02997606793517149,4.115419256814704e-08,0.00164054207460653,0.40476671686093885,0.0003603384840086691,0.003926412978649424,0.0003720023530056527
61,0.00028490994615011547,5.8930695651954274e-05,4.970732746518943e-05,2.5147806584642875e-05,6.693418090084306e-05,0.05815246358978991,0.0019063910359745384,0.0010702914813829996,0.003494719329196885,0.004886085650394131,8.885517836393837e-07,0.00029211475945044947,4.451067587281618e-07,2.1675574248818612e-07,4.6419306628534836e-05,0.0014619161028701087,0.5223715688132472,8.528021975151704e-05,0.030579033662224482,4.0712858218803966e-08,0.0017084199655139352,0.36792965257065313,0.0003460031835903615,0.004845495497752037,0.00033692374768401484
62,0.00029193044745497886,6.875340961680788e-05,4.40183008277593e-05,3.114899657207906e-05,6.95322436370026e-05,0.061122271245436975,0.0018554267192317122,0.0011193328299487306,0.003970256001463483,0.004734627213801951,1.1372524533380654e-06,0.0003011671236657369,3.9534513492745045e-07,2.3718753705631603e-07,5.6020851078899307e-05,0.0014875132866120275,0.4837056362648641,9.847344008914082e-05,0.02997606793517149,4.115419256814704e-08,0.00164054207460653,0.40476671686093885,0.0003603384840086691,0.003926412978649424,0.0003720023530056527
63,0.0002618241329525088,9.373536627084312e-05,3.83622379216421e-05,3.136031415549558e-05,6.460510041268695e-05,0.06448262632164412,0.0015108676283749913,0.0010500369159937184,0.004134028108128894,0.004003631725596659,1.089676993541505e-06,0.00026092560980586955,3.3303256940754203e-07,2.068527295435573e-07,6.133263521939869e-05,0.0013451279355476942,0.4333791674383671,0.00010013932428907085,0.03219377864705351,3.5344735268433855e-08,0.0015287912552071376,0.4513213146605127,0.00034498516254298034,0.0034057290896683146,0.0003859654833071804
64,0.00022749311484110199,6.135760074712887e-05,5.3711411569657195e-05,2.698308574171204e-05,6.420458660217825e-05,0.06212373984565901,0.001654030999937537,0.0009071922539554453,0.003322827356335346,0.004097865678074622,9.558830415268117e-07,0.000328511155112301,3.5404569238484483e-07,2.0912451954229664e-07,5.184149597463478e-05,0.001551568876336332,0.5069072252453205,8.557699930905927e-05,0.025486657694742922,4.1094451071170016e-08,0.0025697264440309986,0.38586237441434446,0.0003991993488055176,0.0039002676405423993,0.0003160846043126335
65,6.0774841298848875e-05,0.00016500024734374393,2.1468403820165585e-05,1.568190903978013e-05,4.612063335553465e-05,0.12174472629866054,0.0010893793631852424,0.0002275620917169302,0.002053379234137767,0.0011360391234566567,3.1907133591416236e-07,0.0002179298513502929,9.383604742949402e-08,1.9295282907536344e-07,6.338093099748523e-05,0.0009179264876669954,0.3842887187713332,0.00013562896550598684,0.019017491066550617,2.4291178832913156e-08,0.0053048966453381145,0.457343473444785,0.0008849524877352441,0.004685290302777365,0.0005795487485531844
66,0.0008448388659334402,4.694932596154805e-06,0.00018520991031615748,1.838455207449491e-05,0.0002751104882999654,0.02476487183219083,0.005447785931449224,0.0009088933186733569,0.003002756165405101,0.011996168512127078,5.836306208169225e-07,0.00012478329979838553,2.851857256881647e-06,1.4313107286700144e-07,3.54224947942015e-06,0.0022578126385213843,0.8465015062490514,2.7007927786458108e-05,0.03262985873821114,1.0725054232106823e-07,0.0007487525830425332,0.06348916475549868,0.00013077937698697568,0.006530374710413791,0.00010401709265105598
67,0.0001678432105199355,7.758682382194791e-05,3.1056204847493205e-05,2.5198058430408517e-05,4.881130264276714e-05,0.07763851948279338,0.001504053257461733,0.0006601543953149627,0.002908795139240802,0.003193001245632861,7.729978626371743e-07,0.00026951531480226527,2.49444002772902e-07,2.0237688478757922e-07,5.452190498122459e-05,0.0012502292199846753,0.46040884467782484,0.00010845597661744308,0.024757638032576086,3.404559941961059e-08,0.0021398498591661576,0.4198974827894692,0.00046412039254662584,0.003995269985081478,0.0003977938618939155
68,4.3765032512897273e-05,4.302623351261694e-05,2.309780201331532e-05,1.72102615214134e-05,3.365414391552142e-05,0.19298017809217208,0.0018466611282674178,0.0013782538609940157,0.0022078028420214417,0.0036209601782710476,5.485568550914723e-07,0.0009571974074378369,2.58740193561245e-07,1.372175631742008e-07,0.0001073637769217655,0.0014155514894023168,0.28601222056260794,0.00018992978133524518,0.009106230799144825,6.192495161422315e-08,0.00588135130498116,0.4893422182493923,0.0004482296818724654,0.004134477025627675,0.00020961390651118866
69,0.00024684389321059214,7.466218785040282e-05,4.2945331187753094e-05,3.816954778565826e-05,7.55195212599586e-05,0.06587048002682871,0.0016359688675240543,0.0011341632644542813,0.005249810389525707,0.005340708028930381,2.0349529267788833e-06,0.00033474711300474823,3.200568592924893e-07,2.3924033452448583e-07,8.683884834660368e-05,0.0012199417548539428,0.4628054241321483,0.00012515986798548867,0.02152048952717528,5.720263812451861e-08,0.0022332800628812413,0.4283636158292656,0.0005320594224151936,0.0026081633162486524,0.00045835761435852104
70,0.00031971532555003017,6.293483286471912e-05,3.2834225564101344e-05,2.0386999379447135e-05,5.7777709842222944e-05,0.04246795877753204,0.0016127286407002896,0.00093135724481832,0.0028205587743441087,0.0038837267064728625,8.379273150674241e-07,0.0002277539407295734,3.631599459999885e-07,2.4449427982875636e-07,4.71386990174235e-05,0.0010528751587693334,0.5525176377924669,9.272377011049919e-05,0.03194774858393438,3.063592713746565e-08,0.0012522478352148664,0.35528757520304965,0.0003049055377122136,0.004683103369249606,0.00037483465520937503
71,0.0004409896680975109,1.9793331871244175e-05,4.1050129954596734e-05,2.432762467941138e-05,8.798140135264201e-05,0.04914957529629431,0.005523143334581314,0.0013042577729862775,0.004292111039139348,0.00812656773601517,7.627970187851735e-07,0.0002675545352327099,6.940515221208486e-07,2.3427054069691562e-07,2.3022989702121635e-05,0.0014556372948644474,0.6538788086282146,6.577349255220328e-05,0.020688258966415667,5.061369894614292e-08,0.000977599791658599,0.24606423150947918,0.0003093471940003687,0.006905545406412247,0.0003526811237154824
72,0.0002968840504823528,7.867822743552343e-05,4.338391069778057e-05,3.1406527477578343e-05,7.000161303082488e-05,0.057640189660515324,0.0016583109703272858,0.0010529158616268256,0.004098862649922725,0.004809266796261049,1.2719940902203798e-06,0.00029084765688362676,3.5273842881199785e-07,2.480592496534101e-07,6.235098483731346e-05,0.001288013151415108,0.4727877373806429,9.374348547284981e-05,0.029831554763895898,3.996842180254686e-08,0.0015903283531148507,0.41983626415804115,0.00037652751395436673,0.00363268418115025,0.0004281353426237274
