,0,1,2,3,4,5,6,7,8,9,10,11,12,13,14,15,16,17,18,19,20,21,22,23,24
0,0.0007022995567037988,0.6449375467378909,3.2872896855819116e-05,0.0002591690604176332,0.00013950665183144097,5.577786546483982e-05,0.022154530280157594,0.0009486047617031249,0.001959487113326323,0.0009305841071529466,0.002195329639154804,0.006406914443913605,2.7662804353750418e-08,0.019181338521835123,0.0033055338664300027,2.3420370166689164e-05,9.696293625957658e-05,0.0003096151783236138,0.17314492357590303,4.0046085869805967e-07,0.00025162691674733524,0.11663051835929668,0.0003454424212948838,8.839566261826025e-06,0.005978727049245399
1,0.0007868489063202015,0.6903572861670133,4.280442945710597e-05,0.0002661401340399713,0.00010298068381525024,5.198171170702879e-05,0.023351568670233823,0.0008523225374700052,0.0019574292186253866,0.0012143821056049531,0.0014880004809724977,0.006332783228453743,2.3716364306778766e-08,0.015401846781923757,0.0025913313108923814,2.2980581542018825e-05,6.0852337978553936e-05,0.00029060524482400394,0.16158007148135398,3.4414249462797996e-07,0.0002293784827531416,0.08715704002042121,0.0002960905662015044,8.634150990622627e-06,0.005556272908546616
2,0.0008283459685135633,0.7144882226628072,3.256406193856277e-05,0.0002440473357891226,0.0001863604762980453,4.467998564892375e-05,0.027868636735646306,0.0008247014266717733,0.0016993506551039492,0.0010676181839388108,0.001851360109305381,0.0066126023708730775,2.654170805578967e-08,0.024972528551474985,0.0037114519294639335,2.0043241375882045e-05,8.925564538493129e-05,0.00032649498912156344,0.11103465030022237,4.6144757587076997e-07,0.0001981810190229508,0.0939385020859725,0.00038462887696309023,6.228293461707303e-06,0.009569057105717402
3,0.0007771897861675666,0.6921624284633514,3.66588061364965e-05,0.00032745017929442427,0.00012512353887298556,4.862730774356471e-05,0.02557804721197143,0.0008393870965953393,0.0016572652447217674,0.0011470966607981387,0.001978671653561452,0.00727131720112523,2.490632361019132e-08,0.023680940073325902,0.0025085590515459342,1.845841339767412e-05,8.858859292029924e-05,0.0003540806192847146,0.12724521477097248,3.757380386972861e-07,0.0002464929107114525,0.1060610295304682,0.00042190322564094435,8.297458359344554e-06,0.007416771558671014
4,0.0008041263707629962,0.6881321158073866,3.504212156679543e-05,0.00033914465423303764,0.0001258637402097068,4.768392938851316e-05,0.024310602642345726,0.0007745419369092184,0.0017065051324448774,0.0010884219591105056,0.0019621138004112214,0.008001464291839927,3.0012385483205434e-08,0.024934561088125473,0.002388286240432815,1.7883404821608132e-05,0.00010096868279286645,0.0003741286535665053,0.12468838223492705,3.97065666546685e-07,0.0002604557783430497,0.11166271450666693,0.00042592630460250834,8.636012753082329e-06,0.007810003628306701
5,0.000892201867199979,0.6883868327266042,3.790000649387553e-05,0.0004392013225855141,0.00010765985404733698,4.8743121379627206e-05,0.023965493884533333,0.0007728151417940715,0.001692857585755764,0.0012394037291026125,0.0019298031032188314,0.00872905937919403,2.934347286657782e-08,0.02822236572303918,0.0020770787733387255,1.720202299255829e-05,0.00010498140980073987,0.0004939891033402036,0.11128323650865438,4.0089062457645973e-07,0.00028180354185979457,0.12035204734142725,0.0004614947295967809,9.535464635624452e-06,0.008453863425308291
6,0.0007771897861675666,0.6921624284633514,3.66588061364965e-05,0.00032745017929442427,0.00012512353887298556,4.862730774356471e-05,0.02557804721197143,0.0008393870965953393,0.0016572652447217674,0.0011470966607981387,0.001978671653561452,0.00727131720112523,2.490632361019132e-08,0.023680940073325902,0.0025085590515459342,1.845841339767412e-05,8.858859292029924e-05,0.0003540806192847146,0.12724521477097248,3.757380386972861e-07,0.0002464929107114525,0.1060610295304682,0.00042190322564094435,8.297458359344554e-06,0.007416771558671014
7,0.0012886378953898526,0.7050561846514306,5.8132829630176425e-05,0.0002801285967611391,0.00012379842502694506,5.327424540718274e-05,0.027596303572449802,0.0008691638929969695,0.0015291757014467293,0.001298557565571228,0.0019623524686716697,0.00658348220613207,2.7961733234895405e-08,0.01931597613215812,0.0017591800632221685,1.5558131903283454e-05,7.092959422451516e-05,0.00036159137204018536,0.15841265776893376,3.573646218367494e-07,0.00018103865777981042,0.06605943116839075,0.0004220424680603515,1.1214337261964763e-05,0.006690802928755625
8,0.0007024372758728471,0.612818881969071,3.330859854042173e-05,0.00030676973708534705,0.0001304849223779565,5.411431876941226e-05,0.023983967712716058,0.0009636552740037559,0.002135155501574086,0.0009511636454048416,0.002333414386040274,0.00805989567706555,2.9015247512137995e-08,0.02293717077102837,0.003712524576673863,2.351906712363207e-05,0.00011088056416656605,0.00039788176788961186,0.15425103072354152,3.8675827652976114e-07,0.0003077484762900454,0.15793728875978136,0.00036495852856013676,8.50895721836803e-06,0.007474823015680882
9,0.0008885232554242787,0.6037299745131771,2.9918471317189192e-05,0.00023509961948526577,0.00017609919632430833,5.650310156292421e-05,0.02422057820491699,0.0011013576118629478,0.0019103964445222068,0.0008367586478326527,0.0029198621477503216,0.0065763706093204186,2.7773116574930026e-08,0.025820902452975383,0.0038648839735526586,2.2182617157240875e-05,0.0001255822967227217,0.0004149423337189989,0.17706916240852288,3.7131935851725715e-07,0.00021617212300457304,0.14184386957557157,0.0003615964181514754,8.122649822418537e-06,0.007570742234828425
10,0.0007771897861675666,0.6921624284633514,3.66588061364965e-05,0.00032745017929442427,0.00012512353887298556,4.862730774356471e-05,0.02557804721197143,0.0008393870965953393,0.0016572652447217674,0.0011470966607981387,0.001978671653561452,0.00727131720112523,2.490632361019132e-08,0.023680940073325902,0.0025085590515459342,1.845841339767412e-05,8.858859292029924e-05,0.0003540806192847146,0.12724521477097248,3.757380386972861e-07,0.0002464929107114525,0.1060610295304682,0.00042190322564094435,8.297458359344554e-06,0.007416771558671014
11,0.0007994167236164226,0.6912217660636255,3.7284809626190564e-05,0.000335012185243184,0.00012880791854491945,4.883568234964914e-05,0.02537901310651753,0.0008221148788602758,0.0016644099064304127,0.0011451723278565892,0.001993682455884792,0.0076111404604636435,2.864539685825688e-08,0.02358523964823072,0.002411060793223336,1.8521308655687246e-05,9.4937005286869e-05,0.0003545757555032301,0.12878643488592756,4.0587623636756903e-07,0.00025310610647328056,0.10540355910946964,0.0004408193129242781,8.9308135797893e-06,0.0074557242200732924
12,0.0007912770952689668,0.8061587973933116,9.851394957876538e-06,0.0002749111589768398,0.00017968671878169503,4.089671684510323e-05,0.009308296232135443,0.00015253439667102766,0.0006665134789429902,0.001116561218761752,0.0006554947203277967,0.0023855734794511843,2.002655659230879e-08,0.08373177421501486,0.0006330340031222208,4.386658725521147e-06,0.0002721094437487354,0.0005781930199013198,0.02369734566063427,4.6058401208293793e-07,0.00017523382355016668,0.049073650611478004,0.0005249272000340503,2.3315568138450083e-06,0.01956613919197605
13,0.0007629403220231686,0.6864478669799718,3.6419674279714865e-05,0.0003339450540398651,0.00012631912897625582,4.848878525350124e-05,0.026066325952043536,0.0008620412734989714,0.0016422148816559927,0.0011342103413680543,0.002093208057554674,0.007491149800452826,2.5020817162750906e-08,0.02445815515387762,0.002545607011845383,1.8475953159179326e-05,9.048328337986239e-05,0.0003568249338595298,0.1274760559623757,3.756686540910228e-07,0.0002507339012548513,0.10986819891111071,0.0004338365494313353,8.381875886730737e-06,0.007447715523229514
14,0.0019404743133082899,0.07845394828768783,0.0009752903460788355,0.0011054190444485933,6.102705201132479e-05,0.00024069336789048966,0.02693178189749528,0.001776771225468864,0.009694022765731837,0.0005708427304012046,0.002529237904172177,0.05252482938367696,7.005406403383986e-07,0.01018541677157961,0.012291335423928275,7.821454169783827e-05,0.0007280903529701555,0.0022241351759508692,0.12044717257990491,8.378830640000383e-07,0.003642267938958548,0.6315596650198545,0.0005405304408327572,3.133917029055795e-05,0.041465955841956004
15,0.0007771897861675666,0.6921624284633514,3.66588061364965e-05,0.00032745017929442427,0.00012512353887298556,4.862730774356471e-05,0.02557804721197143,0.0008393870965953393,0.0016572652447217674,0.0011470966607981387,0.001978671653561452,0.00727131720112523,2.490632361019132e-08,0.023680940073325902,0.0025085590515459342,1.845841339767412e-05,8.858859292029924e-05,0.0003540806192847146,0.12724521477097248,3.757380386972861e-07,0.0002464929107114525,0.1060610295304682,0.00042190322564094435,8.297458359344554e-06,0.007416771558671014
16,0.0005230852862883624,0.6468865752429895,2.7848505975729737e-05,0.00036049235517901566,9.231469085001578e-05,3.4729910563923144e-05,0.027124682301224366,0.0009162677672209879,0.0015686581029974657,0.0013837183010597606,0.0014499765276728186,0.011454508805362328,2.7052696010655975e-08,0.026954516131244617,0.002608297921471426,2.215272971741049e-05,8.224468469393078e-05,0.0003317774327040889,0.11570250512614941,4.128327619900517e-07,0.00039008198509463246,0.1541012029476125,0.000414164538472282,6.582452998727778e-06,0.007563176366998645
17,0.000567764361972078,0.631260897259134,2.3668223988672744e-05,0.00044403991603071945,0.00014928978819651764,3.653931833239188e-05,0.026877244480208957,0.0008665341932744357,0.0011441178392622524,0.0011985363788673306,0.002493652894986452,0.009885240195884121,3.2651624304879636e-08,0.04283254398374437,0.0022501833253833876,1.5896415108861972e-05,0.0001868002683093046,0.00042551992455143716,0.08798591236116474,5.370131594569789e-07,0.00033351711611469633,0.17990620320773681,0.0007665353330500013,7.141183098418179e-06,0.010341652366816216
18,0.000990146131338425,0.667558632934993,3.349600213966583e-05,0.00037706147551984056,0.000171037471397526,4.541772769610588e-05,0.02927088946847862,0.0006638197533916332,0.001516178302525141,0.0014423413968835763,0.001650780760922147,0.010247060351792786,4.375374315851503e-08,0.04503743518460809,0.002429109293314385,1.563340751470712e-05,0.0001869884694477974,0.0006198598444705942,0.08102669228771636,5.74826317865247e-07,0.00035355558686241774,0.13809122137914787,0.0006130166971970492,6.542649747244869e-06,0.017652464842833997
19,0.0006070459429482896,0.6822583322187523,3.945013089715594e-05,0.00041868307071573415,9.94044247270802e-05,3.144977174638054e-05,0.03660870279793378,0.0008973996298799469,0.0017948002815283738,0.001175681003052053,0.0016221532092394876,0.012731619259455035,2.7934851521302663e-08,0.021782771969986636,0.0025704147051074915,2.0477414307697786e-05,6.733323211678219e-05,0.00029463122672302014,0.10129894367699727,3.47661863384796e-07,0.0003008718631871204,0.12749853065251593,0.0003919942962705999,7.208789487392655e-06,0.007481724835709317
20,0.0005432519306619412,0.5524739826377084,3.8352537473152256e-05,0.0003923862098130544,0.00010054181505587055,4.4909852572348786e-05,0.029836645776066918,0.0015989327943514654,0.001808885656784277,0.0011188594757417377,0.0026483509574653447,0.010237758273587456,2.374902432912799e-08,0.023528290026010416,0.005141728335761538,2.906761872677936e-05,9.085405430586874e-05,0.0003750704674036666,0.14563587138491782,3.8355741886958655e-07,0.0003144591252758396,0.2165730185711708,0.00039311298112764184,7.38557066798418e-06,0.007067876640906512
21,0.000660416718904057,0.7337640527297188,2.8220937951214873e-05,0.00033261555349005096,7.920651782487292e-05,3.461510202231532e-05,0.022322451247182323,0.0007684746690688912,0.0016417327345463902,0.0011427423828473256,0.0013313027523491198,0.008192866405156374,1.9147051108599523e-08,0.024615114725189912,0.001814875982496984,1.950849337979412e-05,5.056502953645876e-05,0.00032716337298561093,0.1051065658238252,2.8618426405121637e-07,0.0002291479944585188,0.09209002679842224,0.0002450942771342682,6.387850577307274e-06,0.0051965465696170296
22,0.0012860220241498453,0.624128955853702,4.432652912001026e-05,0.00035567428452190484,0.00014427455628722726,7.083088088962718e-05,0.019729252373896475,0.0009349842837210544,0.0020474422521891116,0.001119117181973397,0.0027106862669531587,0.006794792544202258,3.417045616195573e-08,0.02962854376563824,0.0029903405118604535,2.1232977227402937e-05,0.0001675438079986083,0.0007380855544683371,0.14341753407756408,4.551207084629882e-07,0.0002729708831088511,0.153219279064306,0.00042834830704315555,1.0642596419446571e-05,0.009738630131594752
23,0.0007771897861675666,0.6921624284633514,3.66588061364965e-05,0.00032745017929442427,0.00012512353887298556,4.862730774356471e-05,0.02557804721197143,0.0008393870965953393,0.0016572652447217674,0.0011470966607981387,0.001978671653561452,0.00727131720112523,2.490632361019132e-08,0.023680940073325902,0.0025085590515459342,1.845841339767412e-05,8.858859292029924e-05,0.0003540806192847146,0.12724521477097248,3.757380386972861e-07,0.0002464929107114525,0.1060610295304682,0.00042190322564094435,8.297458359344554e-06,0.007416771558671014
24,0.0006918672690170494,0.7511371613007095,2.3801398796631577e-05,0.00031738983993811825,9.367881166359562e-05,3.595417361905573e-05,0.018189575156362683,0.0006479176227944868,0.0011776822139992038,0.0011034683501047744,0.0014288563381770981,0.005860258885984271,1.9051371521224664e-08,0.026956786703955973,0.0014127195607994258,1.3320153704963221e-05,7.778488356508786e-05,0.00031637732889797863,0.10034821796346496,3.310963560214859e-07,0.00018058282565540113,0.0839858542190312,0.0003609108329351591,6.541095809798207e-06,0.005632942923286033
25,0.0004926072363417838,0.6159546052239239,2.910090282684731e-05,0.0004969849157635837,0.0001244376924948698,4.3501976597058724e-05,0.033230092880088866,0.002215177501920612,0.0011864583606874728,0.0010677301885362543,0.0048955545373066236,0.008623429590520603,1.623688259850078e-08,0.046861034096736184,0.002208474284922056,2.2349755885431655e-05,8.179793041054715e-05,0.0003376522834438118,0.13164606421473438,3.394494291252207e-07,0.00022739259067031646,0.1454014413287324,0.0005732988904247484,8.527275080960963e-06,0.004271930655639059
26,0.001711414427776333,0.7123112728017323,5.230823449012969e-05,0.0003037002531964121,0.0001483592602175595,7.129115629469215e-05,0.015874889578161952,0.00045729843550876536,0.0019375930139803326,0.001059520291580382,0.0021298957307682364,0.005009707881111351,4.197638249126958e-08,0.014845284833289696,0.001179101192486827,1.2810653539979501e-05,0.00012618717012544665,0.0004937355647460188,0.1685248057656311,4.76591717966491e-07,0.00021888350477953865,0.06656087731454381,0.0005737302975692809,2.310188334597453e-05,0.006373712187023113
27,0.0006894174148388619,0.6237486019245249,3.332041734516317e-05,0.0003447808968140447,0.00011459439149519597,4.9907522697459116e-05,0.023682175820167337,0.0010313658820592213,0.0018345119419527166,0.0010706812209843042,0.0022645773775023114,0.007733133221556642,2.514467849948779e-08,0.023938963016881636,0.003286142786733184,2.2740981274029296e-05,0.0001042463636949901,0.0004035922082003127,0.1417087322196045,3.803637500525781e-07,0.000275805700221247,0.16028513995898527,0.00039019695170023125,8.358920022805954e-06,0.006978607352314994
28,0.0007771897861675666,0.6921624284633514,3.66588061364965e-05,0.00032745017929442427,0.00012512353887298556,4.862730774356471e-05,0.02557804721197143,0.0008393870965953393,0.0016572652447217674,0.0011470966607981387,0.001978671653561452,0.00727131720112523,2.490632361019132e-08,0.023680940073325902,0.0025085590515459342,1.845841339767412e-05,8.858859292029924e-05,0.0003540806192847146,0.12724521477097248,3.757380386972861e-07,0.0002464929107114525,0.1060610295304682,0.00042190322564094435,8.297458359344554e-06,0.007416771558671014
29,0.0007771897861675666,0.6921624284633514,3.66588061364965e-05,0.00032745017929442427,0.00012512353887298556,4.862730774356471e-05,0.02557804721197143,0.0008393870965953393,0.0016572652447217674,0.0011470966607981387,0.001978671653561452,0.00727131720112523,2.490632361019132e-08,0.023680940073325902,0.0025085590515459342,1.845841339767412e-05,8.858859292029924e-05,0.0003540806192847146,0.12724521477097248,3.757380386972861e-07,0.0002464929107114525,0.1060610295304682,0.00042190322564094435,8.297458359344554e-06,0.007416771558671014
30,0.0007771897861675666,0.6921624284633514,3.66588061364965e-05,0.00032745017929442427,0.00012512353887298556,4.862730774356471e-05,0.02557804721197143,0.0008393870965953393,0.0016572652447217674,0.0011470966607981387,0.001978671653561452,0.00727131720112523,2.490632361019132e-08,0.023680940073325902,0.0025085590515459342,1.845841339767412e-05,8.858859292029924e-05,0.0003540806192847146,0.12724521477097248,3.757380386972861e-07,0.0002464929107114525,0.1060610295304682,0.00042190322564094435,8.297458359344554e-06,0.007416771558671014
31,0.0011845573289826442,0.7195487171326108,5.350634477630534e-05,0.0003139182170626773,0.00010453541831934844,4.440711747871863e-05,0.027428670259085398,0.0012757292345615672,0.0011785365867010374,0.0015718384567310149,0.0016562111829123347,0.005735796923533897,2.0486967755604138e-08,0.022151090833118253,0.0015410613791471766,1.5384240674410127e-05,6.769294291829138e-05,0.00036511889387000964,0.14250871709341908,3.5113832495330336e-07,0.0001680787530371514,0.06681430211905776,0.00040814972826802397,7.99521665809181e-06,0.0058556129717832195
32,0.0007985415894090452,0.6825427649034171,3.610867565264747e-05,0.00029851601672138824,0.00011899399365327891,4.9673179022709875e-05,0.023505392003303836,0.0008422501730924039,0.001669949665272392,0.0011093850498770856,0.001930352917333129,0.0069400888580529166,2.5249111674711855e-08,0.021678081546640336,0.002452278114742184,1.8675395986526616e-05,8.596528362400939e-05,0.00033944993579796556,0.14437058815537568,3.670084292885901e-07,0.00023630095028202998,0.10389342673728798,0.00039540971670976987,8.736107261943648e-06,0.006678678773942439
33,0.0018012424779584161,0.7886645634323478,0.00011705856795241119,0.0001952977091328387,0.00013971077388202284,4.321831613449377e-05,0.03878325339820536,0.00035255494380022665,0.00487038575709364,0.0006262414467343931,0.000920333909670309,0.010178978712223083,2.3296742698139412e-08,0.007853549176346373,0.005881100862057221,1.4630547890512622e-05,2.361372663391331e-05,0.00027655805066069113,0.08497530568097479,2.0885330035874805e-07,0.00020911331545873002,0.037918689107956025,0.00015561834089077237,6.064564586470981e-06,0.015992685031366534
34,0.0012418686417586834,0.671780364225554,3.8711855987831603e-05,0.00015961056489358191,9.737544706701228e-05,4.8280515488945175e-05,0.014638369173074667,0.0006097283127378171,0.00232577886741446,0.0005418128123577947,0.0016796162231306584,0.005261517086266706,2.3619857546283066e-08,0.011422666314741262,0.0020254466766339596,1.335784800702155e-05,5.636884972283473e-05,0.00028060253317402497,0.21794323980055452,2.1211953557161736e-07,0.0001472653349281042,0.06545154167518488,0.00018113368111240445,9.920056560793355e-06,0.004045187764254867
35,0.0002612982059098578,0.7169576163413686,2.1638194487141678e-05,0.00030522227192030665,0.000211580294706252,7.291879556840709e-05,0.019917880466069456,0.0005491911209102912,0.001129857409721513,0.0009827946527164642,0.003142469820272009,0.004832705676906826,2.480544317752864e-08,0.03191810581424055,0.003835357381878168,2.1534500817337614e-05,0.00012291760522239147,0.00013468953961698728,0.10782375455746634,6.336685696402623e-07,0.0002596562472415055,0.09883682517738557,0.0009517004396510196,7.922455018620936e-06,0.007701704556891542
36,0.000778843638268355,0.7029809046262869,3.707174840350042e-05,0.0003295512110468567,0.0001286368264264548,5.095376651400988e-05,0.025031544225714263,0.0007860772761508292,0.0016487398470816247,0.001164905801352221,0.00198127435655758,0.0067975659224864746,2.4172865469800684e-08,0.023480757696572676,0.0024054591870790137,1.7774166621288215e-05,8.800601701061645e-05,0.0003515890589944313,0.12408317664813873,3.7874907473257233e-07,0.0002468190082034563,0.09972825544479837,0.00044319477013806383,8.597658035303997e-06,0.007429898176178766
37,0.0011657782851909263,0.7199547069487751,4.716624524242865e-05,0.00035835394464944754,0.00010869916165158624,4.3387689968143034e-05,0.025163594811288933,0.0006916836684854406,0.0016533550671724202,0.001218301811669096,0.0017766574387115372,0.007772841026459014,2.8099099701131146e-08,0.019924900543594564,0.0014776172813332432,1.4205534266577238e-05,7.908878275501673e-05,0.000416528116338787,0.1262224725457707,3.5662351243596464e-07,0.00022360416454232187,0.08442988599084718,0.00045811076889179454,1.2032680228580095e-05,0.0067866427695549274
38,0.001296965651931687,0.7273043427935189,5.393535662646727e-05,0.0001813922620055703,0.000165198932664623,7.41586600439754e-05,0.02646340348565862,0.0006540508385440752,0.002350134759959391,0.0010215092398616747,0.0015691282532841343,0.004665013170373881,2.2631854202947357e-08,0.015606322177184167,0.003105806991870917,2.034138865518341e-05,4.7047689094585076e-05,0.00029109842413518823,0.1585803718497629,2.7268994287981417e-07,0.00014943346442781546,0.04884654047788981,0.0002511982116078426,8.441816050447083e-06,0.007293868783051043
39,0.0008981306620867721,0.4707822790839153,7.612155831670293e-05,0.0004057088614415101,0.0001425647480239865,0.00012085341709616574,0.03041019847439716,0.0019919593225365675,0.0025259504398566397,0.0016443409573107565,0.0026183167818945577,0.00902088879708181,6.190246045564547e-08,0.020526788113362695,0.0046630973465530455,4.357214266619439e-05,0.00018594274878250603,0.0005638380808689858,0.2639490282690705,6.049168401308207e-07,0.0005967539129457903,0.17955836953442147,0.000496048371439443,1.350810595087977e-05,0.008765073450679912
40,0.0005179770128655344,0.6187533154731198,1.9936140160598778e-05,0.000805454056665191,0.00010417339217608141,5.160118463102159e-05,0.017809155314472608,0.0021357583575322392,0.0005814028424855516,0.0028649082451968643,0.003302178992215419,0.00353819584742179,1.7176618489946855e-08,0.027927401004780476,0.0004990202146399441,2.567427640595739e-05,0.00018671803093837802,0.00044014098090623856,0.19082522786090217,8.546817116168571e-07,0.00034221137845836207,0.12578732898325112,0.0014241127632151878,2.5161001491691707e-05,0.002032074787737523
41,0.0012095136072969605,0.7708098649669046,5.0697773916369784e-05,0.00020782312900862845,0.0002948415881240102,5.069858104559025e-05,0.036599930763891175,0.0007179413897499046,0.0030217943488188848,0.0007052032060495065,0.001885683496953452,0.00571539372512201,2.7497275869969646e-08,0.014290227885404074,0.004787531179678357,2.5445440410927123e-05,5.376172888631595e-05,0.00026383329207214847,0.09890681662857846,3.561736279297678e-07,0.00013734902989595652,0.05131706272108557,0.00023578660069082435,6.8760178595926795e-06,0.008705539227652919
42,0.0011470346321286414,0.8920951684491734,2.2994743298142742e-05,0.00017504749881803503,0.0002546623284914771,2.6025933765585096e-05,0.022823054051509875,0.00012394540205090755,0.0009085984063834144,0.0005682362161471059,0.0010873507542451266,0.00252837350312146,9.632910493175613e-09,0.03076651806563716,0.0006328241011389061,2.8176862068242815e-06,4.096862177992006e-05,0.00022125101786139742,0.021383929592254408,1.8890704099983586e-07,6.469710542762256e-05,0.013347982143835153,0.00038769861844000316,3.5788005826614613e-06,0.01138704378775144
43,0.00045501679706111436,0.603052493120125,3.338146550930321e-05,0.00037723006538913594,9.085226855068861e-05,7.6335064566567e-05,0.019573998427696578,0.0011263136143460997,0.0014040830536273024,0.002689591321186123,0.0014664440309574262,0.005542025195516608,2.8115924549378367e-08,0.025497760389419658,0.0023488293658603114,2.976557254887934e-05,0.0001138286940109612,0.0003902269087379656,0.17037966574952848,6.339156969399189e-07,0.000478020149977208,0.15836754302003556,0.0006107365782838438,9.91847452169309e-06,0.00588527864092192
44,0.0007771897861675666,0.6921624284633514,3.66588061364965e-05,0.00032745017929442427,0.00012512353887298556,4.862730774356471e-05,0.02557804721197143,0.0008393870965953393,0.0016572652447217674,0.0011470966607981387,0.001978671653561452,0.00727131720112523,2.490632361019132e-08,0.023680940073325902,0.0025085590515459342,1.845841339767412e-05,8.858859292029924e-05,0.0003540806192847146,0.12724521477097248,3.757380386972861e-07,0.0002464929107114525,0.1060610295304682,0.00042190322564094435,8.297458359344554e-06,0.007416771558671014
45,0.0008029199598635186,0.5449499876915834,6.0842562201688386e-05,0.00034460597709256435,0.0001518655672054425,6.709616683521944e-05,0.04074744803766421,0.0023879211831501104,0.002396769275714289,0.0010602128058892373,0.0036608818681863,0.008630559160118128,2.713388617281637e-08,0.018719376932998934,0.007592642990759759,4.4610264527958886e-05,7.772947487255985e-05,0.00037872272440169397,0.20187061323736846,3.8336072007177273e-07,0.00022841523029173445,0.15885468812160933,0.0003068578917222683,9.27794540105676e-06,0.006655544435935949
46,0.0008095131193879268,0.7739693265525779,3.942652722683795e-05,0.0002376208725263589,0.0001226477172433007,3.526003073310343e-05,0.03222074022050452,0.0007007368694151016,0.0017127056660090664,0.0010344429014734501,0.0014603458803404263,0.006392739557226635,1.4099047487816284e-08,0.018498348769777656,0.002249456313077048,1.4566212249803373e-05,3.3882930153872225e-05,0.00024314024096872277,0.09884117044891519,2.424878689668428e-07,0.00016129381359923653,0.054629999037934134,0.0002854013617646381,5.9829932021388844e-06,0.006300995376776424
47,0.00104560605495169,0.6392724582980002,4.019622107712654e-05,0.0002955392119038507,0.00010143249244965549,3.4204699048704474e-05,0.02546044743726226,0.0006953583594121248,0.00221414751582565,0.0010393385402851115,0.001205837172015296,0.013369023922963958,4.7471735066556495e-08,0.01677525045257614,0.002813684445350476,2.265922191342894e-05,0.00010371679939022793,0.00038708728335684666,0.1423737180453812,4.278984446432062e-07,0.0003235271151987818,0.14252520453756645,0.000313591662534533,8.578475180431885e-06,0.009578916666176055
48,0.000827486663414443,0.6880132272285068,4.0485423055559364e-05,0.000356143931402608,0.00013851659560291474,4.9471019310572165e-05,0.028876111749304982,0.000869694713439465,0.0018495036196126584,0.0011529356228976786,0.0020730124812654337,0.008273104418529095,2.7328771787252475e-08,0.025215716119353273,0.0029367961312381933,2.0161692771201295e-05,9.286294296682296e-05,0.0003972315251899519,0.11588874607265427,3.9869824424484205e-07,0.0002711576927304185,0.11343053263169277,0.00042811496545270704,8.201326431050125e-06,0.0087903594061612
49,0.0007703127004475554,0.6720481490652049,4.295607783836478e-05,0.0004083556576516069,0.00010562692978767633,5.3978330558537415e-05,0.02545771520114784,0.0007896388659922915,0.001730604282765596,0.0013027103273716295,0.0019714883238932486,0.00891315546094382,3.02318259053876e-08,0.024864657329984982,0.002463995772600079,1.8748214836504032e-05,9.764549294047119e-05,0.00041008631561959246,0.12495986883102865,3.9898995628533417e-07,0.0003090226848387571,0.12439715156240942,0.0004845217228773849,9.776357792306102e-06,0.008389405269686644
50,0.0007368297279158677,0.6919179061589121,4.1042060239126503e-05,0.0003153529566406774,0.00015157866727744134,3.644861774581542e-05,0.05247637451203823,0.0014222808532053867,0.0009231871850056151,0.0023304784129989744,0.001626643292317191,0.008597640536684142,2.296419157599788e-08,0.037656751636289905,0.0022014788143585374,1.8955195360949495e-05,7.202518192375704e-05,0.00030124378300584053,0.10254212789515896,4.453726116710039e-07,0.0002146734058056927,0.08568580281278261,0.0006169744789029016,5.181216503144198e-06,0.010108554262123723
51,0.00047720550285981214,0.7848011427880224,1.5992654518329148e-05,0.00028992776946909607,3.4847438238769425e-05,1.9039273869698846e-05,0.010600028736988546,0.0005236895640048628,0.0009786416972998307,0.0006722202070111831,0.0009802047035101483,0.005020123042588013,7.289613451468439e-09,0.02003156887063262,0.00110384114223109,7.568424471893281e-06,3.7577416430793924e-05,0.00022144712441795605,0.08381817911981557,1.4938986545650394e-07,0.00011015932054357224,0.08699506881669854,0.00017555384277492334,3.813647405773258e-06,0.003082002216717668
52,0.0017890964404309628,0.5550566067632063,6.066161823068765e-05,0.00030053446200022435,0.00020226984529873692,0.00017752889648397395,0.01939735902540695,0.0013123944593443685,0.0028460066172386277,0.001353500574259538,0.004499572126873385,0.004057819690755646,2.8347355848730272e-08,0.04036506036389265,0.0060247421652628525,3.073948492042622e-05,0.00016593457621728012,0.001383797567727705,0.1851531788139313,4.299461771053965e-07,0.0002218849230754091,0.16316971109186226,0.0003810957135154323,1.2297452205629473e-05,0.012037749034326502
53,0.0005321834718920573,0.6342542420395836,4.8503294595729924e-05,0.0004033139224978514,0.00023072037470438448,3.5531381438543446e-05,0.08487173782720053,0.001453713011401195,0.001734189501853022,0.001381488833280042,0.0031100462351044654,0.013868794923159108,2.695223950446264e-08,0.026563740801917445,0.004648554910170368,2.7451985282593555e-05,6.243027298825747e-05,0.0002479328842759996,0.09401549074674595,4.304422673385461e-07,0.0003028070113191241,0.12129815327392958,0.0006824458536019268,7.568092137147211e-06,0.01021850195641421
54,0.00029043136267892624,0.14133851775591358,9.404132560272914e-05,0.0008833049157850892,0.00010538666405850343,0.00012409196202037298,0.0299159348925314,0.004732487379296085,0.001639986140320351,0.0006279930781717591,0.02610509931250974,0.010970129161126906,8.452547531305926e-08,0.010896479986388964,0.0011616622826092866,3.501679826649648e-05,0.00027371620715612967,0.0003614613716714426,0.44535004653601645,5.168055038960213e-07,0.0011786504732087275,0.3206728533256969,0.0020395753877095516,0.00012627967046638584,0.0010762526798150064
55,0.0014313620108912116,0.6839292995762117,5.8730423072031945e-05,0.0003796022555777161,8.6806997178262e-05,3.286723641730469e-05,0.03223749290106683,0.0005739088061628434,0.004481642011353854,0.0006585970558659279,0.0012333761185114784,0.020773800691271882,5.2788196409816985e-08,0.01220787071980596,0.002327316166315728,1.8982807432582677e-05,5.277491542851451e-05,0.0004528312172923601,0.1303208846757607,2.510612674684068e-07,0.0003175054870027324,0.10036652653064315,0.00018770482115863698,1.2108355636031307e-05,0.007857704370478731
56,0.0008101218050244754,0.6830126254629132,3.7519509561050586e-05,0.00033445452321462314,0.00012612685503922806,4.938490042118218e-05,0.025602294258092923,0.0008337303921612333,0.001720104395808659,0.0011404809123791537,0.001989255535195099,0.007924823801009118,2.9246794308800533e-08,0.023882975826321998,0.0025102804435926285,1.8899929676250727e-05,9.497959264385752e-05,0.0003669315350982701,0.13171401551528053,3.970795350235013e-07,0.000257766462522098,0.10947863132599739,0.000425899839080813,8.82938851285398e-06,0.0076594414641238265
57,0.0007252532310578676,0.6540049733161396,3.373786441666277e-05,0.0003155930106020782,0.00010995326706046122,3.9680077576763745e-05,0.025225540558861836,0.0008557541268839572,0.001690007332559561,0.0011384538743102043,0.0016448613213702018,0.009692186863376879,3.44692475606612e-08,0.020795928586944307,0.0025438629364791963,2.042790601724442e-05,0.00010172558355847146,0.0003317696763917062,0.14280439977082035,4.310587218897227e-07,0.0002819102769495916,0.12978854685886812,0.00039768013279143906,8.24359988639595e-06,0.0074490442991078844
58,0.0008928276774060052,0.681882350426155,3.953251459862841e-05,0.00033574861581058305,0.00012324413283509617,5.118067473084689e-05,0.02504331672812565,0.0007947353988936972,0.0017811943773043265,0.0011162020410413018,0.002128253344456293,0.007832589497391315,2.905186761290237e-08,0.021413475947241054,0.0021911475588452817,1.8171810488599536e-05,8.758309001014404e-05,0.00037705802963828536,0.1446475240641538,3.7719144881053945e-07,0.0002530770710123409,0.10167783891364698,0.0004414034279583177,1.107334813656745e-05,0.006860065066803511
59,0.0008538190972002468,0.6848199786692749,4.300830110755766e-05,0.00034486964793083315,0.00012401060560504525,5.192853860500271e-05,0.026072724299211283,0.0008227809428991349,0.0018241123413845787,0.001160284312616794,0.0021261028530666633,0.0076562035359517,2.7724852486016028e-08,0.020160378190774056,0.0023555918245750903,1.9042292231815883e-05,8.387731396774869e-05,0.00036184747442411945,0.14147980155191475,3.913217561528743e-07,0.00026478218681148894,0.1020972980214505,0.00045121190705382433,1.1093352563447216e-05,0.006814833692770724
60,0.0007771897861675666,0.6921624284633514,3.66588061364965e-05,0.00032745017929442427,0.00012512353887298556,4.862730774356471e-05,0.02557804721197143,0.0008393870965953393,0.0016572652447217674,0.0011470966607981387,0.001978671653561452,0.00727131720112523,2.490632361019132e-08,0.023680940073325902,0.0025085590515459342,1.845841339767412e-05,8.858859292029924e-05,0.0003540806192847146,0.12724521477097248,3.757380386972861e-07,0.0002464929107114525,0.1060610295304682,0.00042190322564094435,8.297458359344554e-06,0.007416771558671014
61,0.0008659627331411062,0.6848240282380497,4.327248350904279e-05,0.00034581584796102206,0.00012778161796157282,5.2054422465531443e-05,0.02645433942219227,0.0008419520322629766,0.0018073980617231765,0.0011752710649039254,0.0021314156615435233,0.0077239578560172484,2.894601834069878e-08,0.0206952188191404,0.0023901306789369864,1.9253886463721743e-05,8.682225082574681e-05,0.0003672418002188928,0.14006510224318397,4.049969735585579e-07,0.000262996282325422,0.10223674422421608,0.00045703064219515874,1.0956671667699218e-05,0.00701481911610308
62,0.0007771897861675666,0.6921624284633514,3.66588061364965e-05,0.00032745017929442427,0.00012512353887298556,4.862730774356471e-05,0.02557804721197143,0.0008393870965953393,0.0016572652447217674,0.0011470966607981387,0.001978671653561452,0.00727131720112523,2.490632361019132e-08,0.023680940073325902,0.0025085590515459342,1.845841339767412e-05,8.858859292029924e-05,0.0003540806192847146,0.12724521477097248,3.757380386972861e-07,0.0002464929107114525,0.1060610295304682,0.00042190322564094435,8.297458359344554e-06,0.007416771558671014
63,0.0007248913430954325,0.726005074980129,3.2299977460844615e-05,0.00029842522125595524,0.00011401995883235284,4.328378422355607e-05,0.02177055107451696,0.0006946695151559742,0.0015136294292854562,0.0010840993020170503,0.001655282836809627,0.006363876984965557,2.1922362191109346e-08,0.021553731050454848,0.0021754891489949315,1.611733256323525e-05,7.822375906521776e-05,0.0002997607980735099,0.11744769078677439,3.582894715493364e-07,0.00021667185165248021,0.09086334055191003,0.00039128621053313294,7.514236521543142e-06,0.006649689653875374
64,0.0006933736109236737,0.6876548012546474,3.648866567522882e-05,0.0003658344510571832,0.00011798915065552565,5.0523843054933465e-05,0.024694616454285407,0.0007821789718483041,0.0017113276509837794,0.001303124170558506,0.0017584792519894734,0.008000675741271317,2.86880631246453e-08,0.024721141413982274,0.0024254348490404956,1.920644056933419e-05,9.677094550735597e-05,0.00036961481570265173,0.12058395988951301,4.3605649176357006e-07,0.00033135099731000997,0.11589713777199288,0.00047303311846163003,8.681319961509468e-06,0.007903790476453313
65,0.000509246803624538,0.7077665478734861,4.2794997109933084e-05,0.0004401239872856677,0.00011275676409202674,5.04438161213495e-05,0.03744745147262798,0.0013788886588658568,0.0009406456844370483,0.002810961039399522,0.0015065843664852877,0.006708679323615104,1.8877921095677857e-08,0.03611222435076518,0.0024006129536061744,2.1670687857055045e-05,7.480429242991878e-05,0.00030701834526771356,0.09781160051851151,5.504012943285717e-07,0.00031769800833048115,0.09386304786586885,0.0006774879440530101,5.697421658330243e-06,0.008692443545285629
66,0.0010563757707171292,0.68310838934962,5.4550632661900276e-05,0.0003161047247874754,0.0001850007340781273,7.38191232015673e-05,0.027487350955117094,0.0007785444581671127,0.0019687229424926807,0.0014766163455262992,0.002204093164820184,0.006562790605375902,3.99355509674314e-08,0.019958926780126635,0.0025457640462146756,2.230758749941594e-05,0.00011188060172850407,0.00040104016738435504,0.15424034642704285,5.830688242591367e-07,0.0003094493822821012,0.08788652255845066,0.0005964460399085942,1.4042573304236509e-05,0.008640292025117331
67,0.0005826054322469225,0.5502939521457276,5.21609411383003e-05,0.001351859421160427,0.00018015092742132622,0.00027930805493635313,0.017577772964732986,0.0009875476265072132,0.0011910350130993415,0.0029968958115538253,0.004950165595237797,0.0073242701083645395,9.41457556851312e-08,0.11179035356174176,0.0017417829343575701,2.9119574778463154e-05,0.000521077187199834,0.0008357329502905036,0.11832775919644625,1.6315452004328296e-06,0.0008296381909240541,0.16000505308795718,0.003188944634186073,2.6935951564929878e-05,0.014934152997470565
68,0.0008534888527604896,0.699122444899314,4.404049707382001e-05,0.00039104188324499555,9.936211527342212e-05,4.746189237444097e-05,0.025891430576309788,0.0008094470147292606,0.0016419689742630083,0.0013151670642425656,0.001811726729270779,0.008110945619499077,2.443163514013019e-08,0.022692900695181525,0.0018545508112312171,1.6685834530790854e-05,7.968778389633943e-05,0.00039345493526391965,0.12482043181016034,3.484206938816909e-07,0.0002862938475908807,0.10227367261433985,0.0004550692283349748,9.832343785647975e-06,0.00697852112499993
69,0.0004749149856996636,0.6650910641732896,4.5025028256959994e-05,0.00046463451390512826,0.00014231432300930305,5.8050283386800295e-05,0.03199527721482516,0.0012188342222847707,0.0013539040416297014,0.00126889790413028,0.004090383026201066,0.007562942272521391,2.2575397950319456e-08,0.019956970265282876,0.0022107164839124944,2.2585107923148596e-05,6.666850891653979e-05,0.0002129783670735409,0.16191975391618468,4.68197417932648e-07,0.0003591662120929499,0.09651611085494294,0.0009097804537570527,1.828005735804705e-05,0.00404025701059996
70,0.0010359865559460954,0.6893022448352304,4.650643466963826e-05,0.0003814370001714615,0.00013877283283742658,4.5748144490004674e-05,0.032651591255972355,0.0011812581921472596,0.0017445941736082121,0.001327267993632143,0.0018827271501179756,0.008450908705120474,2.8683039384977208e-08,0.02963488338408408,0.0031286398926932434,2.3578150070227916e-05,0.00010004288596586582,0.000491660164234552,0.10346470072380903,4.3308895290147015e-07,0.00021429612008874399,0.11445910953392847,0.00034243415954056454,6.371760013105477e-06,0.009944778179636318
71,0.0004486325330217284,0.8351550662669038,1.4463240521791518e-05,0.0001880283264743929,0.00018989429742441265,1.8572313690106105e-05,0.022524517901393565,0.00039649990384786225,0.0008742211692931945,0.001128282948334751,0.0008014122735952851,0.0049665877899263645,2.266959888960244e-08,0.018287791980431865,0.0013587337561449379,1.2557443612466922e-05,6.542358089559103e-05,0.00012738176704261132,0.06207932174541164,6.445512453755386e-07,0.00016189564504182113,0.044499038279871964,0.00047252571221895916,4.5990826137973105e-06,0.006223884821442819
72,0.0008977682672163451,0.655795013249442,4.9182407135367796e-05,0.0003789182228443899,0.00012320660386080156,5.731432759297734e-05,0.030564199839750346,0.001142424368063837,0.002094515431883107,0.0012123111336198224,0.002267820346090781,0.00874931956677109,2.8937600835754944e-08,0.02378351192709443,0.0028444730381661475,2.3559154469382702e-05,8.400005904950705e-05,0.0004377890543845631,0.1464333251576765,3.7240534602542225e-07,0.00029343483860424824,0.11520459995415597,0.0003738182014413415,9.770855555733255e-06,0.007179322652184324
