,0,1,2,3,4,5,6,7,8,9,10,11,12,13,14,15,16,17,18,19,20,21,22,23,24
0,5.850060836662039e-06,4.712406269978207e-06,3.5810427739993975e-07,3.2933703664515854e-05,3.2517174335409314e-09,0.012178016476172004,1.8479737494393493e-06,2.8347085111364023e-05,2.689031161136351e-05,8.851015782897174e-06,8.520947976515132e-06,3.684574876221302e-05,4.975013966063573e-05,7.717573007393869e-06,8.844702613339946e-07,0.0006936231352209042,0.9867574851720581,5.94468073230586e-07,7.646536825667878e-06,1.23918750420893e-07,9.514549228253608e-06,0.00011791306857658,2.1492671819488966e-05,5.911828925177386e-08,1.8092296771669226e-08
1,6.903345816566518e-06,4.50015546042041e-06,2.9454809360264644e-07,3.425985309644691e-05,3.6106721088357367e-09,0.00768816445482757,1.6775563789918286e-06,2.870984805172951e-05,4.089814015621367e-05,9.054215826063527e-06,7.553086507465256e-06,2.6322685358632137e-05,4.510276857795665e-05,6.067353644061235e-06,6.427777106740425e-07,0.0007446107485040227,0.9912324002648462,5.428027033359283e-07,5.794662096103504e-06,8.129072214812417e-08,5.497991599026825e-06,9.44698590186185e-05,1.637275244561803e-05,5.875895219895517e-08,1.6468934420742248e-08
2,7.667600354163624e-06,5.168857433511271e-06,3.6078933944623265e-07,3.62080689936475e-05,5.020388673982062e-09,0.008222439825262828,2.258700587046159e-06,3.272225798429748e-05,4.715085161703959e-05,1.10870667626819e-05,9.547168677343994e-06,3.079973364370368e-05,4.2127775655088456e-05,1.0775427958382954e-05,1.153576990017809e-06,0.0006093728200238669,0.9906995023631556,7.234011255473808e-07,7.01155810370491e-06,1.4528140336355194e-07,8.39741878774758e-06,0.00018591049735332886,2.934823103841618e-05,8.037766134390421e-08,3.532969929153987e-08
3,5.8506594928869805e-06,4.426626306487629e-06,2.8709060968493397e-07,3.102075931257553e-05,3.1318711568299408e-09,0.007175759755236946,1.5132277737634736e-06,2.245292819026238e-05,2.4429254229715363e-05,6.407835053388107e-06,8.434404854351365e-06,3.409399186333417e-05,4.3196940005566805e-05,7.235193879006949e-06,6.71480711226079e-07,0.0005136653153120398,0.9919891158538756,6.112251117382851e-07,4.907742698851476e-06,7.295323088077822e-08,6.942936813177377e-06,0.00010143642824516692,1.7398145598981814e-05,4.8503959908132166e-08,1.7615763311695083e-08
4,5.1410737119248175e-06,4.334193560575397e-06,2.7174916113547684e-07,2.9299675010894438e-05,2.887780659597506e-09,0.0063571598577539246,1.3895782931716105e-06,2.081472824742993e-05,2.061657151602934e-05,5.496078569061133e-06,8.170131734390343e-06,3.67406475997829e-05,4.8325796836140415e-05,7.006675471863797e-06,5.481039670885506e-07,0.00045859790410645657,0.9928753353666951,6.054577092103448e-07,4.401120588195024e-06,6.44376091236773e-08,6.28075517614289e-06,9.443419980798408e-05,1.4907632601263236e-05,4.0141101923864544e-08,1.523539053536395e-08
5,6.346282288324538e-06,3.2929721443438617e-06,2.618435989167053e-07,3.5146979372077033e-05,2.7700302488914807e-09,0.0055873072803396965,1.3073081672414468e-06,1.965447025701364e-05,2.2623317852110463e-05,6.53014229394043e-06,7.87174129360186e-06,3.405156326358893e-05,3.9710807351014457e-05,7.577032535056234e-06,4.7539064121721887e-07,0.0004932634779929661,0.9936250257042196,8.749573524086889e-07,3.5864647144764467e-06,7.856913705202445e-08,6.313643558157754e-06,8.151669132117753e-05,1.7105166926111554e-05,5.6884971932409484e-08,1.8538377679659953e-08
6,5.8506594928869805e-06,4.426626306487629e-06,2.8709060968493397e-07,3.102075931257553e-05,3.1318711568299408e-09,0.007175759755236946,1.5132277737634736e-06,2.245292819026238e-05,2.4429254229715363e-05,6.407835053388107e-06,8.434404854351365e-06,3.409399186333417e-05,4.3196940005566805e-05,7.235193879006949e-06,6.71480711226079e-07,0.0005136653153120398,0.9919891158538756,6.112251117382851e-07,4.907742698851476e-06,7.295323088077822e-08,6.942936813177377e-06,0.00010143642824516692,1.7398145598981814e-05,4.8503959908132166e-08,1.7615763311695083e-08
7,6.977156888853428e-06,6.21508418786207e-06,4.7611077840687795e-07,3.161900940494258e-05,3.373118925580599e-09,0.006522558216421766,1.4245863149399976e-06,2.6003322713534055e-05,1.627204693699664e-05,4.820597469586183e-06,1.172891967244238e-05,4.511088142594353e-05,8.450941114587943e-05,5.496693633382938e-06,5.671740916217243e-07,0.000438721105957256,0.992687330497002,5.787757039462602e-07,6.317762192868483e-06,5.232348614434455e-08,6.759114296637597e-06,8.674446825602728e-05,9.662455195804383e-06,4.151719364848017e-08,9.39651050275587e-09
8,9.542739438711405e-06,4.606980870859681e-06,4.118257909844817e-07,5.5290306510559495e-05,5.298009707245575e-09,0.007097251956464344,2.262399822130518e-06,2.297657581305576e-05,6.374170229493645e-05,1.624102713530853e-05,1.3288253300484868e-05,2.203252751697185e-05,2.9874817198152266e-05,1.585862066396037e-05,1.5747585381915246e-06,0.0005798569896835744,0.991830372062959,9.2396229384105e-07,4.301439410955693e-06,1.3164131751046355e-07,8.646512664209993e-06,0.00018631345153902296,3.420562438211576e-05,2.320654438777613e-07,5.646093787651506e-08
9,6.418222268255589e-06,2.8832966049396284e-06,4.0967813843934256e-07,4.754063163957033e-05,3.241705396491735e-09,0.00696879721080965,1.1670388738899177e-06,2.3930289217298073e-05,3.291752251764273e-05,1.0641183172030216e-05,1.0006464435903273e-05,2.1225169845674398e-05,3.7916061476733034e-05,9.875916502771822e-06,7.659989894303768e-07,0.0005419177801271935,0.9921298001628549,6.388284927813352e-07,4.327002478096901e-06,1.161587270003228e-07,6.915197516092387e-06,0.00011880579650642936,2.2840303317338536e-05,1.2259567732052062e-07,1.8248105358809353e-08
10,5.8506594928869805e-06,4.426626306487629e-06,2.8709060968493397e-07,3.102075931257553e-05,3.1318711568299408e-09,0.007175759755236946,1.5132277737634736e-06,2.245292819026238e-05,2.4429254229715363e-05,6.407835053388107e-06,8.434404854351365e-06,3.409399186333417e-05,4.3196940005566805e-05,7.235193879006949e-06,6.71480711226079e-07,0.0005136653153120398,0.9919891158538756,6.112251117382851e-07,4.907742698851476e-06,7.295323088077822e-08,6.942936813177377e-06,0.00010143642824516692,1.7398145598981814e-05,4.8503959908132166e-08,1.7615763311695083e-08
11,5.390000152092175e-06,4.2567808230646244e-06,2.7454564306591674e-07,2.9719017705538514e-05,2.8913167057255362e-09,0.006772113519905296,1.433741435572626e-06,2.259839321439839e-05,2.2211801523506076e-05,5.700730407820373e-06,7.895856206485331e-06,3.473863118823376e-05,4.647768356248397e-05,6.647024214889263e-06,5.88443109729391e-07,0.0004956988101255393,0.9924231117306408,5.8282695195499e-07,4.756258327096496e-06,6.779850392030584e-08,6.273450166139086e-06,9.367182370723631e-05,1.5730863161747075e-05,4.2029503504621497e-08,1.534850315953575e-08
12,5.83926760525293e-06,3.313144872915016e-06,2.834812909188268e-07,2.9042536406475262e-05,2.0264631687477986e-09,0.005486310022854792,1.2990282526970825e-06,2.9884253439745858e-05,2.4156991146636258e-05,6.585375126002948e-06,8.21546959385377e-06,2.396013096102065e-05,4.4928647820327276e-05,4.695449392021553e-06,6.553196674256768e-07,0.0005021207756720843,0.9936907977195618,3.9494868061214817e-07,5.764499973599981e-06,5.755754147892323e-08,5.715176618386428e-06,0.00011283238373443378,1.3083376397273674e-05,5.208049169676252e-08,1.033643538022146e-08
13,5.298096858532737e-06,4.178749065581135e-06,3.166640510471895e-07,3.39248509156771e-05,3.0976891508489777e-09,0.005868597235238629,1.2072185188497544e-06,1.854368372754867e-05,1.532012685521458e-05,4.59566562381095e-06,1.3791702387816511e-05,3.791179259965212e-05,5.1761201914124195e-05,7.327449376499313e-06,7.353632508553416e-07,0.00043166433446692335,0.9933829052506694,5.671493520998146e-07,4.1522610819025405e-06,5.174107445015749e-08,7.612730875705565e-06,9.312112695851231e-05,1.6352085007877706e-05,4.840335501421642e-08,1.2019085139245188e-08
14,6.015827998858308e-06,9.871877055129619e-06,3.5667549997008515e-07,2.245840265402418e-05,4.413438297568822e-09,0.012596068786942177,1.4935235549617238e-06,1.68913810844917e-05,1.3259975739928133e-05,5.0313557787735665e-06,1.2229552926301993e-05,7.648265614318964e-05,7.359201009142258e-05,7.443063506372458e-06,6.700853559208542e-07,0.0006190853206574225,0.9864198238540125,6.08788175809468e-07,8.16817764793563e-06,5.554904037353948e-08,9.748462006123782e-06,8.871890515023878e-05,1.1882541721287254e-05,2.6849767533662065e-08,1.1964051115766265e-08
15,5.8506594928869805e-06,4.426626306487629e-06,2.8709060968493397e-07,3.102075931257553e-05,3.1318711568299408e-09,0.007175759755236946,1.5132277737634736e-06,2.245292819026238e-05,2.4429254229715363e-05,6.407835053388107e-06,8.434404854351365e-06,3.409399186333417e-05,4.3196940005566805e-05,7.235193879006949e-06,6.71480711226079e-07,0.0005136653153120398,0.9919891158538756,6.112251117382851e-07,4.907742698851476e-06,7.295323088077822e-08,6.942936813177377e-06,0.00010143642824516692,1.7398145598981814e-05,4.8503959908132166e-08,1.7615763311695083e-08
16,5.99180641049641e-06,4.1300253797768945e-06,2.614108416988225e-07,3.119248290308856e-05,2.987815013492034e-09,0.006513058562980454,1.5289357922757472e-06,1.9944354868953705e-05,2.0199266162555667e-05,7.19322508158495e-06,8.220744564464727e-06,4.294986300542839e-05,4.05439260987412e-05,8.379766576207743e-06,5.716327038419012e-07,0.0005103475774104623,0.9926497922162304,8.525252651141524e-07,4.556039383601362e-06,7.988023406558952e-08,9.020365684029092e-06,0.00010358739182091372,1.752852524737627e-05,4.5265251879993904e-08,2.1222287594292168e-08
17,4.958431748984368e-06,3.5975699716090583e-06,2.0304850806266537e-07,2.3477113595809963e-05,2.267057038205855e-09,0.00445768174174884,1.1302782601433376e-06,1.77334537957406e-05,1.5166941811280011e-05,4.413887057370295e-06,6.4132344654629245e-06,4.550176431152956e-05,4.09494911570053e-05,7.239352122096302e-06,3.5990501128063986e-07,0.00034542344262211743,0.9949060094361379,8.153371079503251e-07,3.5544291554951113e-06,6.326862064634979e-08,6.553526416448393e-06,9.335602969032751e-05,1.5349200677041274e-05,2.8846868948298927e-08,1.8002080781196733e-08
18,4.800810697107653e-06,3.714449217227199e-06,1.4540342757221214e-07,1.699655427722903e-05,1.7362281815763257e-09,0.0042546408138723416,1.1535780061128302e-06,1.425145006537405e-05,1.902958198061031e-05,5.096268833307648e-06,5.20007628977781e-06,3.73169873444643e-05,3.153060845505889e-05,6.915959888602321e-06,3.3699334007463974e-07,0.0003076525540990087,0.9951671923011087,7.42668926333325e-07,3.1685173992322987e-06,5.708857638359016e-08,5.143960839156948e-06,0.00010084899277995179,1.40107212850077e-05,2.8640411614208014e-08,2.3282651583346736e-08
19,5.591460832861843e-06,4.793915921248554e-06,3.545633044453591e-07,3.304093598597791e-05,3.662198648700401e-09,0.006206098786677997,1.537371547020784e-06,2.7087888315362173e-05,2.1055596810974837e-05,5.410111036778207e-06,8.28492529719496e-06,4.5270272320825705e-05,5.712834654868512e-05,7.0321211857921936e-06,5.783090761472968e-07,0.0004762728637958096,0.992966579396799,6.650617451961225e-07,5.5037305732572915e-06,7.187571275893398e-08,6.827308695773276e-06,0.00010721112560594683,1.3547984040452272e-05,3.787834597438339e-08,1.4507625808556187e-08
20,6.353034520078415e-06,5.751531660514449e-06,4.586012420617191e-07,4.141453512386855e-05,4.531703796408073e-09,0.00908092540723753,2.589815608696276e-06,4.1745690709667725e-05,2.8481998732365913e-05,8.178699754843164e-06,1.3789841465283906e-05,3.642189548875059e-05,5.156068115705557e-05,8.725006581194064e-06,1.9688390197494042e-06,0.0005882759987150463,0.9898211410255618,4.842918180341678e-07,9.429449895159037e-06,1.0030255933663266e-07,1.385507089131646e-05,0.00021068139921373745,2.7571909743470536e-05,6.812415184986085e-08,2.2317444725651587e-08
21,7.41880506486761e-06,5.394934774726985e-06,3.179619933493484e-07,3.6640232448699735e-05,4.297415007415373e-09,0.0064414178848280134,1.2560796815936301e-06,1.8057062339747534e-05,2.1686673054142224e-05,8.775694326675666e-06,1.075332837210201e-05,5.3072794403402715e-05,4.564772655859109e-05,9.892201903761613e-06,5.297046850094517e-07,0.0005440555369832755,0.9926634777439186,9.947696641752537e-07,4.686477337261461e-06,7.813155481640912e-08,1.1001185763310366e-05,9.854760168570461e-05,1.6217802986273246e-05,5.4805074810292725e-08,2.0563182231831556e-08
22,4.924765452500813e-06,2.7658432054479993e-06,2.575482551692155e-07,3.169070075514333e-05,2.090892157646388e-09,0.005125228979789241,9.4618882581309e-07,1.707929761473643e-05,1.5876193439321678e-05,5.927372763810706e-06,8.287948334248202e-06,3.102266662363176e-05,3.678462905434366e-05,6.490946485207195e-06,4.49959241278901e-07,0.00042230438140953175,0.994185145452143,6.141840156631375e-07,3.4903026262679964e-06,5.940897495886776e-08,6.717366296119376e-06,8.062463516150723e-05,1.3249697386165868e-05,4.78816758398789e-08,1.1559578831763666e-08
23,5.8506594928869805e-06,4.426626306487629e-06,2.8709060968493397e-07,3.102075931257553e-05,3.1318711568299408e-09,0.007175759755236946,1.5132277737634736e-06,2.245292819026238e-05,2.4429254229715363e-05,6.407835053388107e-06,8.434404854351365e-06,3.409399186333417e-05,4.3196940005566805e-05,7.235193879006949e-06,6.71480711226079e-07,0.0005136653153120398,0.9919891158538756,6.112251117382851e-07,4.907742698851476e-06,7.295323088077822e-08,6.942936813177377e-06,0.00010143642824516692,1.7398145598981814e-05,4.8503959908132166e-08,1.7615763311695083e-08
24,5.094198237707271e-06,3.945964951427226e-06,2.8482670819399713e-07,4.037782494256674e-05,4.014623940415702e-09,0.00628372031598438,1.3479703266645668e-06,2.2069762903923383e-05,2.0967693960564293e-05,5.80848718026077e-06,8.643815963912773e-06,4.258780154560196e-05,5.351080138551797e-05,8.53853666057246e-06,4.922268713506685e-07,0.0006205857662759978,0.9927726001522124,7.586110506107746e-07,3.942470977572013e-06,7.282238474052588e-08,6.456287075375627e-06,8.168363242783852e-05,1.644890094707254e-05,4.254719026071368e-08,1.456721136203018e-08
25,7.02393832159645e-06,3.2192615823955254e-06,3.1191172470277386e-07,4.3115300093112e-05,3.2144870049098587e-09,0.00453578394920819,1.706177947495846e-06,3.610464690604355e-05,1.6140834592611107e-05,5.4854696916342215e-06,1.1512583990196442e-05,4.1414298002603354e-05,6.365284985897048e-05,5.82039114684671e-06,6.36586185746277e-07,0.0006520411685017617,0.9944506627810211,7.751355156990027e-07,5.7208109420458275e-06,6.841894217623933e-08,8.514968564533346e-06,9.325113751953174e-05,1.6981272168258202e-05,4.135418299932618e-08,1.153890256822643e-08
26,7.540907603415242e-06,3.4380615440949198e-06,2.454989302794747e-07,3.512550190921023e-05,2.7809835414894157e-09,0.005948886050167571,1.162974292375606e-06,2.2354979996863587e-05,4.299199173133306e-05,5.378266449441453e-06,7.022161408810296e-06,1.83418815442791e-05,3.344305050296725e-05,5.193562380031985e-06,5.388788131421789e-07,0.00045707252913339226,0.9933170402872816,5.223998185272376e-07,3.249640328931966e-06,6.95442325315558e-08,3.985307771541086e-06,6.375115356569406e-05,2.2541203071422552e-05,8.33907859329638e-08,1.7995753220785022e-08
27,6.1460730627941385e-06,4.9366053916498e-06,2.900224500410693e-07,2.9407484880859637e-05,3.6690273563653877e-09,0.007692947885648089,2.0558523929674067e-06,2.6433362058298075e-05,4.2274977645209155e-05,9.243255645059446e-06,8.648538078650612e-06,2.819868915740292e-05,3.887245495713119e-05,8.59454076200027e-06,1.0286675325130296e-06,0.0005506836877241381,0.9913491444969328,5.494340444066972e-07,5.95362687900636e-06,1.0001330451389983e-07,6.634165214838538e-06,0.0001659858139115285,2.1770902352539077e-05,6.828080588262422e-08,2.750014029276578e-08
28,5.8506594928869805e-06,4.426626306487629e-06,2.8709060968493397e-07,3.102075931257553e-05,3.1318711568299408e-09,0.007175759755236946,1.5132277737634736e-06,2.245292819026238e-05,2.4429254229715363e-05,6.407835053388107e-06,8.434404854351365e-06,3.409399186333417e-05,4.3196940005566805e-05,7.235193879006949e-06,6.71480711226079e-07,0.0005136653153120398,0.9919891158538756,6.112251117382851e-07,4.907742698851476e-06,7.295323088077822e-08,6.942936813177377e-06,0.00010143642824516692,1.7398145598981814e-05,4.8503959908132166e-08,1.7615763311695083e-08
29,5.8506594928869805e-06,4.426626306487629e-06,2.8709060968493397e-07,3.102075931257553e-05,3.1318711568299408e-09,0.007175759755236946,1.5132277737634736e-06,2.245292819026238e-05,2.4429254229715363e-05,6.407835053388107e-06,8.434404854351365e-06,3.409399186333417e-05,4.3196940005566805e-05,7.235193879006949e-06,6.71480711226079e-07,0.0005136653153120398,0.9919891158538756,6.112251117382851e-07,4.907742698851476e-06,7.295323088077822e-08,6.942936813177377e-06,0.00010143642824516692,1.7398145598981814e-05,4.8503959908132166e-08,1.7615763311695083e-08
30,5.8506594928869805e-06,4.426626306487629e-06,2.8709060968493397e-07,3.102075931257553e-05,3.1318711568299408e-09,0.007175759755236946,1.5132277737634736e-06,2.245292819026238e-05,2.4429254229715363e-05,6.407835053388107e-06,8.434404854351365e-06,3.409399186333417e-05,4.3196940005566805e-05,7.235193879006949e-06,6.71480711226079e-07,0.0005136653153120398,0.9919891158538756,6.112251117382851e-07,4.907742698851476e-06,7.295323088077822e-08,6.942936813177377e-06,0.00010143642824516692,1.7398145598981814e-05,4.8503959908132166e-08,1.7615763311695083e-08
31,7.965102425157503e-06,4.233558742746989e-06,3.319418880429556e-07,2.9141370685961792e-05,2.9288213435335874e-09,0.005027538210447341,1.284474580940351e-06,3.0223871027608667e-05,2.0467934154691886e-05,5.112419332980132e-06,6.784346715583428e-06,4.028001537893977e-05,5.113088169006744e-05,5.68528401335469e-06,4.4284129979793856e-07,0.0004235852915562035,0.9942270344941688,8.06566411676021e-07,5.688935633563654e-06,7.659882659640527e-08,6.6542977533925445e-06,8.966293163271723e-05,1.580993659560905e-05,3.8815028023797804e-08,1.695118893808051e-08
32,5.888835857275542e-06,4.689493739509001e-06,3.0716584953884614e-07,2.9927450378663966e-05,3.3173336614604427e-09,0.007611063162667038,1.6111510978613028e-06,2.5018192894725946e-05,2.4182325280558273e-05,6.4938472766354885e-06,8.634647122776713e-06,3.618713720214617e-05,4.619740078412524e-05,7.259461870766596e-06,7.392986302946027e-07,0.0005361330654416875,0.9915095670104088,5.901507162962472e-07,5.88924301833884e-06,7.928010762332131e-08,7.383996933342934e-06,0.00011405034103077158,1.8039959143457808e-05,4.633995846603275e-08,1.7725255550143145e-08
33,4.636361230010873e-06,3.6030219542098146e-06,2.2845220195709808e-07,2.5600506903132007e-05,2.274805948144404e-09,0.005853210165766449,1.2683065872771306e-06,1.970380045293828e-05,1.9720933569195166e-05,5.342784018516924e-06,6.677083553013306e-06,3.3217164719135694e-05,4.3893049470286186e-05,6.343735252816468e-06,4.471746143839531e-07,0.00044601332291617523,0.993416259222324,5.699945386900559e-07,4.013520177708333e-06,6.127399323490305e-08,5.142331015693883e-06,9.099621712892155e-05,1.3000632362685432e-05,3.516226977068845e-08,1.3508173838642899e-08
34,1.5447505951472565e-05,8.593748925412728e-06,5.581661180849063e-07,3.194333028044728e-05,6.494886988893977e-09,0.006281219930061074,2.0411570964161107e-06,3.718666563941315e-05,4.828009747385554e-05,1.1665519331284805e-05,1.4509442010725152e-05,3.701287791637506e-05,5.90488726141044e-05,8.861187728267343e-06,1.1385209783653895e-06,0.0005280062869484162,0.9926458472896421,7.459471592577124e-07,1.2263970183044793e-05,1.0436850415877482e-07,9.52675913337869e-06,0.0002236933679187607,2.21631279778408e-05,1.0164367241582892e-07,3.37218483384409e-08
35,1.002585061498409e-05,3.3870411656433356e-06,1.5169138114444187e-07,1.7204731255178355e-05,1.402764523055124e-09,0.0021170599721993494,9.560459655953424e-07,2.6131913533661648e-05,2.600935415227246e-05,4.931400713744041e-06,3.4974801486299176e-06,3.20154051422707e-05,3.8972533335719933e-05,2.908108966203339e-06,1.4998176005706257e-07,0.00032438466369030117,0.9973151373516447,8.583783163124927e-07,3.657454538949608e-06,3.947203915437338e-08,2.9287561299607994e-06,6.291912702017996e-05,6.634051399615519e-06,2.4805533372621712e-08,1.3026588455529683e-08
36,4.605607989058216e-05,2.2933411735039853e-05,3.2405465760775926e-06,0.00019722645634231612,4.013290882023214e-08,0.028931512062252723,4.404741902875854e-06,3.7092615444328804e-05,5.363907881499662e-05,3.508711869439659e-05,9.710391297951544e-05,6.784933011132553e-05,7.47240092637966e-05,3.1273545432643926e-05,7.523812159243346e-06,0.0012016370745533342,0.9687928860076159,2.343558392336864e-06,1.9822513993541266e-05,2.68101564047946e-07,0.00010163893451308175,0.00018834649435523103,8.246138663369183e-05,7.985589145484841e-07,9.051495559995922e-08
37,8.464753693750998e-06,3.193190618602416e-06,3.43412177889523e-07,4.2445380781919347e-05,2.880826596137858e-09,0.004924465927247413,1.1889858258563794e-06,1.7330095854276947e-05,2.1203617291815076e-05,6.971405963899572e-06,1.1002308638908909e-05,3.173222377810784e-05,3.9129023459155385e-05,8.395197209857387e-06,5.418863907491851e-07,0.00044312463818330317,0.9943325674789868,1.0217065520243727e-06,3.484672881376545e-06,7.322436928213137e-08,6.542998131102679e-06,7.974926596142332e-05,1.6908879288611768e-05,9.778851010561377e-08,1.9057377093304773e-08
38,4.097615326620062e-06,3.835361012768011e-06,2.6336019881337427e-07,2.8761686064055286e-05,2.498508033057214e-09,0.012864611468256142,1.8748628160862288e-06,2.5393234929348015e-05,1.4593775501684327e-05,5.1861062234449934e-06,8.361181182144385e-06,3.7859519855674693e-05,5.3896230469003325e-05,5.863745375863032e-06,8.141960911955662e-07,0.000811358194507904,0.986013189977696,4.7126130031966066e-07,6.899389823650403e-06,8.198074669236133e-08,8.619759431392822e-06,8.314631294458327e-05,2.077509126645036e-05,3.15977840779721e-08,1.1592687859481735e-08
39,4.640553172711084e-06,3.5599118217850733e-06,2.1953592377686934e-07,2.947935497986265e-05,2.465938989446796e-09,0.007678344372201469,1.8032694789826209e-06,2.8369970983806426e-05,1.8621637545024345e-05,4.995965948488123e-06,6.366574929969571e-06,3.561314989176849e-05,4.1072768596465047e-05,5.786477989251038e-06,7.004276487103993e-07,0.0005539816470772478,0.9914520258932304,5.524700463295086e-07,5.505158329875414e-06,7.959065866840683e-08,8.940880589243276e-06,9.53235810526925e-05,2.3964073699242865e-05,3.101015185887848e-08,1.925811339544713e-08
40,6.56754741171893e-06,1.1337396788777306e-05,7.36565477393715e-07,3.037478123917795e-05,7.75285436547439e-09,0.014195632683126722,2.0624552047921264e-06,2.199287716908268e-05,2.350944851224504e-05,8.201630576807926e-06,1.3987640500092491e-05,7.326910836559557e-05,5.9690912634416e-05,1.5579039607378112e-05,1.513201630664686e-06,0.00046243516940993224,0.9848052850908263,7.630693506667694e-07,1.0371284738654026e-05,1.1896774919875124e-07,1.3150719253220889e-05,0.0002253190778466067,1.800667532202513e-05,5.7901097757863424e-08,2.9003306555440293e-08
41,4.7895454810476835e-06,7.849981704773372e-06,3.0487119046352177e-07,4.4521958763690865e-05,6.111522691027973e-09,0.011584189504352773,1.4303516171224594e-06,2.2691660170754092e-05,7.481781965636267e-05,6.495397520799387e-06,6.627799935305744e-06,1.9649738891129628e-05,5.054606996598706e-05,5.9775812180446806e-06,5.904326843465283e-07,0.0007329010380992807,0.987367467368904,3.1337800272744764e-07,2.9281632889046905e-06,4.967948801051356e-08,3.0840115301796054e-06,4.9175253155620384e-05,1.3527005155775673e-05,5.311861694099758e-08,1.2159083262150574e-08
42,5.055497943446617e-06,4.854505025104127e-06,4.0436795037578743e-07,2.1788537913932878e-05,2.8687598294732044e-09,0.006302004659617658,1.6290494600497827e-06,5.322210708499371e-05,2.0284424967555325e-05,7.103075568979143e-06,7.648700185938257e-06,4.574366511712881e-05,5.945564222132196e-05,5.4971571523733925e-06,9.281189824424948e-07,0.0004853135901864228,0.9926562052723543,3.479083882809719e-07,1.5007439028153542e-05,9.450695843130996e-08,1.0685821120044063e-05,0.00028293590028568075,1.3746452548881017e-05,2.9247817470578262e-08,1.1483361198706234e-08
43,3.0607414989697203e-06,5.0747365015873556e-06,1.4898143797908988e-07,1.8413673651919723e-05,1.6791833456980065e-09,0.002373289764496838,7.770622965520406e-07,5.14104445407822e-06,1.5639561126164975e-06,1.6563962129571481e-07,1.0122747815019499e-05,0.00016186418844733134,6.978976058008201e-05,3.844834270685116e-06,2.0866749568067024e-07,0.00014640891281492404,0.9971743825455768,1.0473826887036013e-06,9.443122935990836e-07,4.9294365886031155e-09,2.886761597042879e-06,1.4369025888025607e-05,6.476337234878576e-06,5.808568497796992e-09,6.506036764220158e-09
44,5.8506594928869805e-06,4.426626306487629e-06,2.8709060968493397e-07,3.102075931257553e-05,3.1318711568299408e-09,0.007175759755236946,1.5132277737634736e-06,2.245292819026238e-05,2.4429254229715363e-05,6.407835053388107e-06,8.434404854351365e-06,3.409399186333417e-05,4.3196940005566805e-05,7.235193879006949e-06,6.71480711226079e-07,0.0005136653153120398,0.9919891158538756,6.112251117382851e-07,4.907742698851476e-06,7.295323088077822e-08,6.942936813177377e-06,0.00010143642824516692,1.7398145598981814e-05,4.8503959908132166e-08,1.7615763311695083e-08
45,5.432564857496789e-06,4.107157007470364e-06,4.3333667158359933e-07,4.876227314332746e-05,3.815559595689873e-09,0.012596486525416927,3.102211425823021e-06,5.083251014030776e-05,3.155521376143306e-05,7.98137093419751e-06,1.0714914563170776e-05,2.551437616629476e-05,5.6777849516138664e-05,6.2539641439831814e-06,1.8774892520308333e-06,0.0009880313847659432,0.9859917759894483,3.9665282853478027e-07,9.067630949165612e-06,1.07741413055803e-07,8.435940765696228e-06,0.00012836260337196063,2.3905600124500078e-05,6.686627823062923e-08,1.401749476539764e-08
46,0.0005729083793619775,0.012581383945576511,0.00011961597923194289,0.0008791556083905944,0.0004960514098845654,0.421628362630598,0.004652803741432602,0.00025795863368527995,0.042992377965060474,0.008508746655978804,0.003914388864159964,0.0011302482448194246,0.0006929812812802746,0.03143978365404664,0.006314069029965077,0.014989748674091969,0.32944608273962983,5.229516378623629e-05,0.004439886217371102,5.9970427394945034e-05,0.003364671348531235,0.10584573015981115,0.004785150600761806,1.7911018969164884e-05,0.0008177176261805568
47,7.2346775924050905e-06,6.664093748710158e-06,1.873894298940489e-07,9.344055460542458e-06,1.720794635407932e-09,0.003763745174608087,1.3246358289212603e-06,2.3306413584953367e-05,2.1302515627876012e-05,5.5819567612104015e-06,4.103417508420803e-06,6.103941198179229e-05,4.237434129630417e-05,4.568761181493538e-06,3.198286094913909e-07,0.0002615141536318133,0.995581393779601,6.630530683570666e-07,8.41229278365361e-06,5.82659408588767e-08,5.274660891286131e-06,0.0001841352612022055,7.409313567112151e-06,1.8887303294307232e-08,2.1937995634294087e-08
48,6.765971257603343e-06,4.7547386018827415e-06,3.293391101705283e-07,3.5935004919098936e-05,3.943575466450939e-09,0.007206174386117243,1.6614082831670044e-06,2.2697067097936287e-05,2.7994181736825116e-05,7.884079155982548e-06,9.941065920193175e-06,3.6405834793521074e-05,4.276799436122854e-05,8.999167458315457e-06,7.889090294740787e-07,0.0005511206934273279,0.9918843086228749,7.450857712891192e-07,5.0569284003530505e-06,8.542649249695251e-08,8.183451979921922e-06,0.00011735020115644287,1.9961123763289985e-05,6.279666218244451e-08,2.257805363999637e-08
49,4.4522363519935414e-06,4.969244285682715e-06,3.309255720720826e-07,2.3163818776965998e-05,2.729024943701669e-09,0.008339293701445386,1.3251120919783222e-06,1.8941602381912804e-05,1.6757763991131168e-05,5.614765118854502e-06,7.43147039064118e-06,5.010674345229859e-05,4.7332179743878324e-05,7.86509170646581e-06,5.828909462213964e-07,0.0003932771582325797,0.9909275009568155,6.131981516509142e-07,5.694081548496317e-06,8.045924286686917e-08,7.593437400937934e-06,0.00012440992442749917,1.261030804577976e-05,3.498071778086136e-08,1.5220136509319882e-08
50,1.210893735625998e-05,6.3759699651839466e-06,3.1924494434471624e-07,3.0044323355624837e-05,5.158934516608543e-09,0.005823835872684159,6.05674701478956e-06,5.061425687981393e-05,7.408058645967326e-05,2.766711390402248e-05,8.369149425789803e-06,3.302482381553683e-05,4.503855827725917e-05,1.2960875567552458e-05,1.4248643685524385e-06,0.0007886420648924296,0.9926122918441507,1.1950351480974327e-06,1.2739441755027521e-05,1.9492935769030478e-07,9.862986461409889e-06,0.00041843952234331367,2.45359798545657e-05,8.133020664401763e-08,9.038287721124272e-08
51,5.478668269246832e-06,5.7086743528488695e-06,3.622514257327266e-07,4.6602184383733025e-05,3.264680269829632e-09,0.0039059265200582114,8.823353854213421e-07,2.063206891057816e-05,3.436459305828365e-05,5.933091884210479e-06,8.347253586876771e-06,2.6370440442273998e-05,5.7035619700078164e-05,5.561063009405874e-06,3.286428728896954e-07,0.00030628158909520045,0.9954913834484521,4.091487907657246e-07,2.1725722052094395e-06,2.7514594342630665e-08,3.934762570308281e-06,6.705109321290291e-05,5.144858179185517e-06,5.2016974058781665e-08,6.323905714291182e-09
52,6.8426074633310315e-06,1.3960003934634396e-06,3.136166659626702e-07,5.958346186064256e-05,2.102681726432117e-09,0.00538449179936482,9.589151554116776e-07,1.723044927705885e-05,2.4109121890629743e-05,1.088405406853893e-05,1.1073169363539822e-05,1.7255061220376035e-05,4.160437403872378e-05,7.592376000627182e-06,3.9758343603993524e-07,0.0007747528299754746,0.9935648468653581,9.681837750469273e-07,2.4582460536439904e-06,9.986010437349692e-08,3.805181024234267e-06,5.462560234823758e-05,1.4553314093656465e-05,1.4557394091151828e-07,9.650445520607231e-09
53,5.2027165548337674e-06,3.4700690650054235e-06,2.0098489717831642e-07,4.318908947129401e-05,3.454257744897672e-09,0.00809969738687742,4.773478661063917e-06,3.687912811482221e-05,4.233768081074969e-05,7.921607787841537e-06,8.130864936934224e-06,2.4284125272340952e-05,4.321399789640678e-05,8.370031118340478e-06,1.3515733804296586e-06,0.0008764978946344639,0.9906238561652358,7.165863969402742e-07,4.590759479472037e-06,1.1469907565593789e-07,6.538950400975135e-06,0.00012319772382645878,3.5366454892561404e-05,5.8523533320580406e-08,3.6053422006968144e-08
54,6.398102374565966e-06,8.68557776610966e-06,1.597209331312619e-07,1.5195753869042637e-05,3.1207920786089127e-09,0.006239760583464706,2.0379062895984875e-06,1.8269390181867058e-05,3.537859739035146e-05,7.495487471526127e-06,4.839225543199081e-06,5.097686031284398e-05,3.846559521777017e-05,7.303492377470181e-06,4.563464199538253e-07,0.0005053286246482769,0.9929144250354011,7.430688905527561e-07,5.156829731266075e-06,5.6140667383128576e-08,5.238803377670787e-06,0.0001223125692185682,1.1255676605712655e-05,2.5152715654673547e-08,3.233833995094521e-08
55,7.535836326966582e-06,9.160869003171983e-06,1.736286282430113e-07,1.8204006129046e-05,3.692146839720275e-09,0.0036266568142569984,1.4847991892152585e-06,1.1736360839856188e-05,2.551189061396426e-05,4.017541720111915e-06,5.542109791465551e-06,9.293081238043539e-05,4.090344893623153e-05,6.636092559069589e-06,2.6002875332734214e-07,0.00032188115686865586,0.9957423588691473,1.4274072395143074e-06,2.6724794812797646e-06,3.746943664321707e-08,5.111718241772664e-06,6.775726021376224e-05,7.939971945054762e-06,2.3690663984834982e-08,3.2045486951798644e-08
56,5.7047523897548325e-06,4.519017447694997e-06,2.8807340436158574e-07,2.9859099663938127e-05,3.0591042141844534e-09,0.00683873428828015,1.5025595539730924e-06,2.2654530118553987e-05,2.3424716404333874e-05,6.025750609673874e-06,8.26491027231942e-06,3.553341899674569e-05,4.731637167673224e-05,6.9415194628258665e-06,6.171527617036047e-07,0.00049743090982314,0.9923448840925728,6.146739961810317e-07,4.868411931321475e-06,7.012433760617683e-08,6.384075766602222e-06,9.856934736889267e-05,1.5727888484426606e-05,4.474999033700982e-08,1.6505581488580153e-08
57,6.664565458315947e-06,3.4846351146515544e-06,2.2603100806548642e-07,4.4202042778491607e-05,2.894792343071978e-09,0.0070797474188916175,1.6109508806806255e-06,1.7180810593503844e-05,3.588908430390451e-05,7.5093370378918205e-06,8.864345289355475e-06,1.9215680417671125e-05,3.505435199837506e-05,7.757091912641405e-06,6.253864395678998e-07,0.0005949724778504216,0.9920489956207157,7.160146090594645e-07,2.419825533280177e-06,6.417172251293868e-08,4.644544863935391e-06,5.935579013382055e-05,2.069139835065889e-05,8.474535027356845e-08,2.078395305679632e-08
58,6.3020447830620124e-06,4.331361969713775e-06,3.2668533238881896e-07,3.384112000096213e-05,3.2260274321222983e-09,0.007278359693365541,1.5537790838884614e-06,2.3252039451971208e-05,2.722905420308571e-05,7.129470826342523e-06,9.409458529891529e-06,3.155401187171148e-05,4.3785918333949705e-05,7.541268597694516e-06,7.707814777397436e-07,0.0005228582055633486,0.9918617168925834,6.154036785174298e-07,5.061618370642919e-06,8.015229836870419e-08,6.908169271631939e-06,0.00010914694031177431,1.813927530686215e-05,6.501948549395909e-08,1.8409274440239893e-08
59,6.502397423221753e-06,4.261137011237156e-06,3.4436665637415483e-07,3.580347976598965e-05,3.3818565720062926e-09,0.00732153813250413,1.5198709092440733e-06,2.2790303874981032e-05,2.7928956841803884e-05,7.59978318635764e-06,9.951596588085162e-06,3.1212581779879594e-05,4.155260382548479e-05,7.954845425297972e-06,8.14031605674656e-07,0.0005285008348367712,0.9918093013958631,6.387467715987296e-07,5.065219139941307e-06,8.407499778228561e-08,7.320545041793127e-06,0.00011026172243887673,1.8957547417612445e-05,7.327623850188318e-08,1.9167999897641687e-08
60,5.8506594928869805e-06,4.426626306487629e-06,2.8709060968493397e-07,3.102075931257553e-05,3.1318711568299408e-09,0.007175759755236946,1.5132277737634736e-06,2.245292819026238e-05,2.4429254229715363e-05,6.407835053388107e-06,8.434404854351365e-06,3.409399186333417e-05,4.3196940005566805e-05,7.235193879006949e-06,6.71480711226079e-07,0.0005136653153120398,0.9919891158538756,6.112251117382851e-07,4.907742698851476e-06,7.295323088077822e-08,6.942936813177377e-06,0.00010143642824516692,1.7398145598981814e-05,4.8503959908132166e-08,1.7615763311695083e-08
61,6.434740801692935e-06,4.200091288657701e-06,3.5341756467813024e-07,3.632941623726472e-05,3.3063801146859163e-09,0.007349706222700075,1.4404578782502274e-06,2.3443863738404648e-05,2.5891537404167638e-05,7.164916720389086e-06,9.738704709103025e-06,3.143234757634634e-05,4.2996188877137224e-05,7.627433613861145e-06,7.680047743056687e-07,0.0005151267001077864,0.9918012853192028,6.254942500389922e-07,5.057273851973333e-06,8.120883472064482e-08,7.386754818967612e-06,0.00010453439965648507,1.828728573822019e-05,6.757915956566129e-08,1.7334115107784187e-08
62,5.8506594928869805e-06,4.426626306487629e-06,2.8709060968493397e-07,3.102075931257553e-05,3.1318711568299408e-09,0.007175759755236946,1.5132277737634736e-06,2.245292819026238e-05,2.4429254229715363e-05,6.407835053388107e-06,8.434404854351365e-06,3.409399186333417e-05,4.3196940005566805e-05,7.235193879006949e-06,6.71480711226079e-07,0.0005136653153120398,0.9919891158538756,6.112251117382851e-07,4.907742698851476e-06,7.295323088077822e-08,6.942936813177377e-06,0.00010143642824516692,1.7398145598981814e-05,4.8503959908132166e-08,1.7615763311695083e-08
63,5.957265223271481e-06,4.7888305277320475e-06,2.8832672172283754e-07,2.9882490185082818e-05,3.1920681521380236e-09,0.007183225534057292,1.5321577680590537e-06,2.2290028674187402e-05,2.51984729776995e-05,6.396084700569693e-06,8.38214606611554e-06,3.5033889082043937e-05,4.371242552100114e-05,7.215179207058786e-06,6.719649694035117e-07,0.0004990193492347153,0.9919936979870695,6.0747812204239e-07,4.974706926834682e-06,7.075004651692428e-08,6.873751528020729e-06,0.00010338284889698425,1.6729638698978483e-05,4.7442980449765175e-08,1.8058746651054635e-08
64,6.6875092851107915e-06,5.328084876704096e-06,3.589214407957787e-07,3.63962370537396e-05,4.0141595233651805e-09,0.008210117424982157,1.7624361718656089e-06,2.705084738185392e-05,2.495684933905736e-05,7.220636417033604e-06,1.003789753944352e-05,4.088311802013747e-05,4.7029399176793785e-05,7.904625722395648e-06,8.667409956206668e-07,0.0005509777543718585,0.9908665024530608,6.673117982079544e-07,6.344794799524598e-06,8.689031578166338e-08,1.0709235714881196e-05,0.00011682437773569758,2.120845460448212e-05,5.3463062238526265e-08,2.0521974578089983e-08
65,3.2132738446395063e-06,6.7086141925152885e-06,1.0549856907980332e-06,7.50987095892841e-05,6.206665285887691e-09,0.03344726386481595,3.0126081302951175e-06,4.350511719815943e-05,1.761408420849408e-05,5.947258270112545e-06,2.2512080531322693e-05,2.8937429637648572e-05,6.520727905603318e-05,1.0700427193896176e-05,6.1618402894135104e-06,0.0006812385862156291,0.965333185814391,2.1181047285035068e-07,1.1428813750640835e-05,1.217430303051803e-07,2.6295979227649208e-05,0.00016548132100332026,4.499280990985421e-05,8.678922667861754e-08,1.2553458222795576e-08
66,6.820600921622489e-06,3.977187196831292e-06,5.362021014985251e-07,6.703730460045773e-05,6.335596540767117e-09,0.005252556454831686,1.0154853142028902e-06,1.6182755838687444e-05,1.6506344704732397e-05,1.3961928076065967e-05,1.6132661971500175e-05,5.6408024851042596e-05,5.631737298831231e-05,1.444150837456385e-05,4.5695529573674917e-07,0.0007519862196544734,0.9935938519528507,1.2624868502892708e-06,4.089558121955064e-06,7.550886971158953e-08,1.3106026952223298e-05,0.00010236011017243048,1.0820806266082022e-05,7.662950358548229e-08,1.357809494811649e-08
67,2.3422446305208047e-06,2.4974382268180754e-06,1.832708335475168e-07,2.1988611059024473e-05,1.4392729928945014e-09,0.011957462347547293,1.0049202172626002e-06,8.065432785727613e-06,9.716083194353917e-06,4.318367521205201e-06,7.623950120756316e-06,3.166372007615015e-05,2.9353950274705362e-05,1.1088364473753032e-05,5.947868836546754e-07,0.0003364502731604995,0.9874582780303057,5.545843399406985e-07,2.597315851521833e-06,9.464502404668767e-08,7.428696577296723e-06,8.088867016951167e-05,2.573934360315514e-05,4.5720731750407253e-08,1.779311916322115e-08
68,2.728783996687444e-06,1.5780313098873087e-06,1.306354629273264e-07,2.7143177663346543e-05,1.0283624805446598e-09,0.004336537854730938,9.880427351005543e-07,1.2647466177904194e-05,8.597317541897122e-06,2.662794200729629e-06,4.482936508821179e-06,3.541064246591759e-05,4.270273126153401e-05,5.266069764896655e-06,1.75883712445218e-07,0.0003603356955753798,0.9951031746629951,9.200991262352399e-07,1.4418701081710527e-06,5.010803530119925e-08,3.969440305901732e-06,3.694165580649257e-05,1.2083708279463924e-05,1.996096049880554e-08,9.402911757289141e-09
69,3.241847691410858e-06,3.0924421211467807e-06,2.9194893175610264e-07,1.756523399447025e-05,1.3903109829814335e-09,0.010943645288586372,9.846483600290724e-07,1.6170115108041506e-05,6.674908296002654e-06,3.960912242263643e-06,8.825145067255439e-06,4.589614289186172e-05,4.895377438100389e-05,6.920954193992971e-06,5.983829277379264e-07,0.00031252779757128565,0.9884212498349302,4.427166737140576e-07,7.343908164667749e-06,1.0130207424891226e-07,1.1134910444152363e-05,0.000121692614256154,1.864482367500543e-05,2.9606194635366702e-08,9.350911620466831e-09
70,6.237714993117523e-06,4.762601404044433e-06,3.001966089554783e-07,3.046677121754611e-05,3.2430609669151678e-09,0.007137747855104908,1.56189392687003e-06,2.3134099227340512e-05,2.460568074069749e-05,6.5291090160050275e-06,8.869039521749076e-06,3.544393811593887e-05,4.376519126531326e-05,7.279153497736167e-06,7.197874682426253e-07,0.0005021340284220112,0.9920264942741959,6.158103695515094e-07,5.309811229842232e-06,7.253178259186004e-08,7.3905633056304985e-06,0.0001090208376259728,1.7467999717519045e-05,4.94174085112681e-08,1.8450773056689372e-08
