,0,1,2,3,4,5,6,7,8,9,10,11,12,13,14,15,16,17,18,19,20,21,22,23,24
0,0.00019585756378028167,7.870746642391006e-05,1.6509562638224308e-05,8.093924845734372e-05,4.041745635871387e-05,0.06695169541630083,0.0009260855758645626,0.0007200295095538383,0.012406525877820906,0.0018845110892854685,1.376697290831196e-06,0.0001225409298054402,1.2763976637332008e-07,4.9166306994413434e-08,3.787987916096573e-05,0.0013388095597312748,0.4430236671694077,0.00013175084723100706,0.012273989978194321,2.6564818584231825e-08,0.001936620099505269,0.4557631393366552,0.0009225159529696706,0.0008024277420964417,0.00034379967057562096
1,0.0001317996016044973,0.00013815390451421715,1.952012608752359e-05,3.573453321663682e-05,5.315409069346306e-05,0.051992371497452776,0.0006521035116528247,0.00034529360958957786,0.008507400922610257,0.0012665844239776853,1.3073664278454438e-06,0.0001246531278191958,5.454162884568299e-08,6.018337941759174e-08,4.8691217268130785e-05,0.0006766863508241833,0.3467863982559167,6.578940224033657e-05,0.014171569739894894,1.427456631544116e-08,0.0017165408927282944,0.5716126692664738,0.0005484560356267456,0.0005836029387258977,0.0005213901850799258
2,0.00013478662396557395,0.00020707082930546082,1.93868006064234e-05,3.7081656479935055e-05,7.12018007864588e-05,0.04281309075138766,0.0006519905217136729,0.000443803269781912,0.009353080586977496,0.0015101737809637022,2.9549867145540616e-06,0.00019662212428185304,5.3925367592403543e-08,1.358405437746051e-07,0.0001268425037572809,0.000406916000061246,0.34842427694635886,9.889407626139938e-05,0.009620859407941478,2.7107276101615242e-08,0.0023375956819590743,0.5809154843769243,0.0009366678389925543,0.0005936619646581342,0.0010973405969336067
3,9.779118848678107e-05,0.0001398907476150685,1.1905535581321506e-05,3.183575770069937e-05,3.771394668865728e-05,0.046332628105683754,0.0006379042277029847,0.00026417668959094015,0.004956088803105297,0.000869365974771787,1.1898672667653263e-06,0.00014395062185810427,4.1788025544870475e-08,8.023255112335318e-08,5.397862099812407e-05,0.0004971816643792382,0.34161753979407977,8.594722886771014e-05,0.009387238953698536,1.3750899915570765e-08,0.0017974766916750205,0.5911778714939665,0.0006128153340253499,0.0006338401546941508,0.0006115328260866665
4,0.0001084168720836654,0.00013760272642535389,1.2548713850809696e-05,3.319766403227236e-05,3.8774655363586857e-05,0.046681479791089844,0.0006789367108504823,0.000283944104753286,0.0046925563134785995,0.0009159468052257745,1.1892204138508273e-06,0.0001455394841356224,5.169816511360516e-08,8.72022369511743e-08,5.172481750310947e-05,0.0005431800585930405,0.36046326959364233,9.289773277760014e-05,0.010316945408358633,1.5155606910638177e-08,0.0017501269617088864,0.5711379431006113,0.000601829617163785,0.0007206108949285878,0.0005911846970006236
5,9.552629915885096e-05,0.00015542032199101325,9.353733422631224e-06,3.827087353718797e-05,3.360496759595642e-05,0.05099337650508142,0.000595325126330019,0.0002634534543622697,0.004590383603608548,0.0007795525536747496,1.234164075600019e-06,0.00013381508489747506,4.268352742031979e-08,8.400375954221452e-08,5.719751988408983e-05,0.0005260518311333508,0.32528445245220416,0.00012070547965704794,0.009390197571089576,1.476139863757913e-08,0.0017553883990893127,0.6033094287281393,0.0006609761908595968,0.0006250665929515804,0.0005810770985706866
6,9.779118848678107e-05,0.0001398907476150685,1.1905535581321506e-05,3.183575770069937e-05,3.771394668865728e-05,0.046332628105683754,0.0006379042277029847,0.00026417668959094015,0.004956088803105297,0.000869365974771787,1.1898672667653263e-06,0.00014395062185810427,4.1788025544870475e-08,8.023255112335318e-08,5.397862099812407e-05,0.0004971816643792382,0.34161753979407977,8.594722886771014e-05,0.009387238953698536,1.3750899915570765e-08,0.0017974766916750205,0.5911778714939665,0.0006128153340253499,0.0006338401546941508,0.0006115328260866665
7,0.00030438914723410085,0.00010021524984383346,2.9198680263702496e-05,3.863541526634674e-05,5.3203850872484245e-05,0.021122550341445615,0.0008373699379031955,0.0005409006460582742,0.005258172192223436,0.0019328100300074894,1.8060726835305885e-06,0.00011797700097169287,1.2244605482332812e-07,8.315288643018142e-08,3.2974082673491045e-05,0.0004987852707445928,0.4512399450139737,4.2074941618872613e-05,0.01572132313109676,1.832446505715947e-08,0.0007667923237722044,0.49977317714962965,0.0002762193726945254,0.0007671914151042,0.0005440648105120887
8,0.00016004704005247896,0.00010393953737369587,2.63737930821311e-05,2.6130392277536987e-05,4.021533278945107e-05,0.026948722697059106,0.0008533812936428533,0.000279998447816729,0.004631895631425079,0.0018454299314754105,1.2712246117201663e-06,0.00018264362533144395,5.996398449223382e-08,1.323102059778643e-07,5.107379406616141e-05,0.0003414977744601428,0.4847840744886246,3.7666976043432405e-05,0.007551017214648006,1.7971752982421973e-08,0.002172754264259007,0.4665860260921639,0.0009095441792993808,0.001360173728841336,0.0011059122947131696
9,0.0001504698475490697,0.00015967151960601575,1.8116973825329214e-05,3.0586340977110555e-05,3.8814401324143356e-05,0.03113627469047303,0.0006551094552749842,0.00029290483932844965,0.005667792997340944,0.0016553072416169185,1.7265792780535218e-06,0.00016714942023000757,4.368784061995529e-08,1.3716971744734977e-07,8.507670137324736e-05,0.0002883045188665847,0.4117017469856832,5.460861648902863e-05,0.007670867624654793,1.6891271728271767e-08,0.0022154021787002065,0.5345047971541339,0.0011468598435923885,0.0010386798051537722,0.0013195345156990245
10,9.779118848678107e-05,0.0001398907476150685,1.1905535581321506e-05,3.183575770069937e-05,3.771394668865728e-05,0.046332628105683754,0.0006379042277029847,0.00026417668959094015,0.004956088803105297,0.000869365974771787,1.1898672667653263e-06,0.00014395062185810427,4.1788025544870475e-08,8.023255112335318e-08,5.397862099812407e-05,0.0004971816643792382,0.34161753979407977,8.594722886771014e-05,0.009387238953698536,1.3750899915570765e-08,0.0017974766916750205,0.5911778714939665,0.0006128153340253499,0.0006338401546941508,0.0006115328260866665
11,0.00010516057717553288,0.00012719642414206443,1.2316708633187173e-05,3.129874485964984e-05,3.591017855591452e-05,0.044493887852268196,0.0006739320893578622,0.00029960198565923645,0.0048443394178917295,0.0009339224329158606,1.1362991649555247e-06,0.00014579635318284577,5.0991394147375365e-08,7.810065636585728e-08,4.9666713959825954e-05,0.0005284251224100873,0.35923761099290874,8.600175095278716e-05,0.009795854284390382,1.4344712110434704e-08,0.001657583169039075,0.5751073217131072,0.0005699299028050771,0.0007014773502670474,0.0005614864995901267
12,9.004946569298564e-05,0.00017316110283759984,1.0647844407088409e-05,3.6308348225805225e-05,0.00017263910870826864,0.09717085366741672,0.0017063591974191812,8.138046422367958e-05,0.006165391009190667,0.0007322088612057072,1.7856138377969934e-06,0.00022302546726202848,3.4044714178028385e-08,5.08229297575544e-07,7.816754499228143e-05,0.0005536566092706493,0.4881152791313572,0.00027469346061025204,0.006784864059952736,3.880137645998225e-08,0.005418115763171037,0.38491878579159594,0.003518089230339305,0.001302995941380705,0.0024709612415142507
13,0.00022592175544736975,0.00013186427660896052,2.9815821274293088e-05,6.444868335062839e-05,6.115688136614811e-05,0.022903001785449892,0.0008709132940724482,0.0006781899654719585,0.0069446494687483255,0.0019469037080054612,1.0170914250710007e-05,0.0004929392317233967,8.880467065600489e-08,4.037183369547167e-07,0.0002233237861517486,0.0006081594016863996,0.40654537004620617,0.00014922446121208992,0.006045309465419413,5.175730325563611e-08,0.0033054810740162886,0.5457964038813573,0.0012881116138924993,0.0005628991893150887,0.0011151970146626535
14,6.858296173100508e-05,0.0009072999019315807,1.616367971361027e-05,6.689233538590039e-05,0.00011811083798387449,0.08688241281345463,0.00022791294114766613,0.0001519400370108025,0.0050023329785324365,0.0005086150321058072,3.4387398940797285e-06,6.373966397555591e-05,4.8599471140336576e-08,8.71790287445869e-08,0.00010359674492065115,0.000709872345018813,0.1742313805025319,0.0002543393942122003,0.03298990133380185,2.4133327467753593e-08,0.0016181813510815159,0.6949659403492191,0.00044653095971121447,0.00021918544858478935,0.0004434697362236965
15,9.779118848678107e-05,0.0001398907476150685,1.1905535581321506e-05,3.183575770069937e-05,3.771394668865728e-05,0.046332628105683754,0.0006379042277029847,0.00026417668959094015,0.004956088803105297,0.000869365974771787,1.1898672667653263e-06,0.00014395062185810427,4.1788025544870475e-08,8.023255112335318e-08,5.397862099812407e-05,0.0004971816643792382,0.34161753979407977,8.594722886771014e-05,0.009387238953698536,1.3750899915570765e-08,0.0017974766916750205,0.5911778714939665,0.0006128153340253499,0.0006338401546941508,0.0006115328260866665
16,9.576020002389987e-05,0.00011419495401356008,1.3758987686687562e-05,3.717818663257047e-05,3.640304377421473e-05,0.049435236424532084,0.0007292909037399721,0.00027968818797440817,0.003823868066848427,0.0008315950639117639,1.4334150131328347e-06,0.0002006573079067585,5.232835286715257e-08,1.0870439568088109e-07,6.0519289557733206e-05,0.0007241394025467217,0.36159719589452194,0.0001262009728958478,0.00876300516428752,1.8501141039438774e-08,0.0026297186911519964,0.5686215299734696,0.00068888594438887,0.0006987154468541107,0.000490844944378526
17,0.00013411747958546062,9.317799572098222e-05,1.224994919016868e-05,3.2141695423288084e-05,4.025377082226401e-05,0.025194421367485047,0.001036227112491631,0.00025805865710275364,0.004179024212736722,0.0007254095313928342,1.381420774228787e-06,0.00020851483000917145,4.295670922590829e-08,1.285924584831437e-07,4.123034719470635e-05,0.0004037726637685998,0.3990938038699405,5.914224390617055e-05,0.005201037538982384,1.364572790875151e-08,0.0015683425078187546,0.5597284260010308,0.0005434659236704226,0.0006193892034825553,0.0008262264825749338
18,0.00010220267209270996,0.00016989305430349606,2.547148907917489e-05,6.29619057412752e-05,5.3250669671420564e-05,0.09953383132259846,0.000761060392973561,0.0006542181252178752,0.008002708118421875,0.0015310392212091548,1.9130875885652393e-06,0.00028481649024573487,9.508847380189107e-08,9.617645108856784e-08,0.00010520955760124086,0.0015245273984215476,0.24198613999984836,0.00015070022266532574,0.014010222357904348,2.7031135968678058e-08,0.0034956801895689544,0.6256251582600093,0.0007919891791630791,0.0007672401050905117,0.0003595478845233364
19,8.426837616655956e-05,7.174869596748791e-05,1.3925179268443387e-05,2.5809172414659454e-05,3.10132804781402e-05,0.042332583815654835,0.0008448581650312578,0.0003307828783980935,0.004799661809356111,0.0013492434541943635,7.412748438826991e-07,0.00016583870814911389,5.359292473338123e-08,4.3907833217316727e-08,2.8032524632388116e-05,0.00044808874682584837,0.337297149907124,3.90686251772648e-05,0.0069520378624153304,1.2444586307252818e-08,0.0011943814763761198,0.6024761977044207,0.00034841799876040257,0.0006943508369424586,0.0004716895620583527
20,3.8912877720864823e-05,0.00018571441300590583,6.923204971866327e-06,2.3952855703211553e-05,1.4357942606302587e-05,0.037711476213353724,0.0002860871350452162,0.0002834558128767738,0.0031588260333129635,0.00047115094989646215,1.0315969292514159e-06,0.00017255734511783825,2.0647700419653753e-08,4.9295353162160655e-08,9.189720395657281e-05,0.00033763561916369306,0.1750116583243104,8.011813014481961e-05,0.005280030956512035,8.26287878685485e-09,0.0018536405391221533,0.773885891908745,0.0003975058978787501,0.0003261031027425232,0.00038099373095151204
21,0.00016260780286081797,0.00015529562981586798,1.6414403481575457e-05,7.12436920078115e-05,4.915581618255826e-05,0.047039675926964265,0.0007606637816432164,0.0003418267837032072,0.0055739935146096025,0.0009792466042821786,3.27482651659301e-06,0.0002659531035518641,5.887312460921983e-08,2.0174993946202885e-07,9.612679900512913e-05,0.0008933797455385739,0.3190248422222677,0.0001619851956587752,0.0092567333127952,2.542899161204675e-08,0.0026863114231461915,0.6103598678083627,0.0008903424610482108,0.0005337546138550521,0.0006770184806469246
22,9.767717525590237e-05,8.277549867134974e-05,1.3458676936473995e-05,3.832075448547822e-05,3.36529143194657e-05,0.031255042027401606,0.0005600178831004388,0.00022851980301357566,0.003636209982558602,0.0010197038262746516,2.0740317247522934e-06,0.00013765834973416055,4.541906901707517e-08,8.709769246092378e-08,4.931789949856391e-05,0.000525783401900048,0.4466378579995488,0.00011021604712368012,0.007160371297221463,2.083016305221973e-08,0.002115304135703433,0.5047056249298171,0.0006468257290872404,0.00046944979260503205,0.00047398449709364396
23,9.779118848678107e-05,0.0001398907476150685,1.1905535581321506e-05,3.183575770069937e-05,3.771394668865728e-05,0.046332628105683754,0.0006379042277029847,0.00026417668959094015,0.004956088803105297,0.000869365974771787,1.1898672667653263e-06,0.00014395062185810427,4.1788025544870475e-08,8.023255112335318e-08,5.397862099812407e-05,0.0004971816643792382,0.34161753979407977,8.594722886771014e-05,0.009387238953698536,1.3750899915570765e-08,0.0017974766916750205,0.5911778714939665,0.0006128153340253499,0.0006338401546941508,0.0006115328260866665
24,0.00010983557004392058,0.0001716472796086512,1.116831484225392e-05,4.668860513666951e-05,4.765920107300326e-05,0.044507829602632824,0.0005953613149489238,0.0002425886151652249,0.004783299164915662,0.0008362455544706537,1.6146132062256322e-06,0.00015464343862824892,4.6234139216860476e-08,1.0336444280681139e-07,5.204910784942614e-05,0.0004864034761944488,0.3075545599599902,9.913131941806441e-05,0.008935340916774477,1.6794858434035875e-08,0.0014869501871379968,0.6281150064134358,0.0005592625601753265,0.0005056326512836629,0.0006969157396278965
25,0.00022869271682540672,7.203726969424434e-05,2.0502122366021607e-05,5.1810853861206594e-05,5.0037858284081375e-05,0.021435838836639038,0.0012343987191951774,0.0006148705841285377,0.005161647701362271,0.0015981963065566068,4.093262120404085e-06,0.0002997514920382519,1.0745815244143042e-07,1.9832459929376267e-07,7.043390467673872e-05,0.0005850814795005957,0.4706762386899263,0.00010270002754519805,0.005891921977997207,3.47293547649393e-08,0.001648443996708862,0.48823931770464785,0.0006391320677714325,0.0006595124093964974,0.0007149995066514411
26,0.0001328697236639296,0.00011576420611449713,9.261447812289144e-06,2.4961612612881407e-05,3.974057978383179e-05,0.0524217246584591,0.0007132741637574748,0.0002375598091918604,0.00753523912184337,0.0010407410482300365,7.539003265019497e-07,7.090274844391114e-05,4.7184922177829416e-08,5.6816110484509377e-08,3.592524734602067e-05,0.0004272883215857177,0.4935224936895581,9.920188058065034e-05,0.012152188478904464,1.3185304967286484e-08,0.0015296409804912553,0.4272222312037726,0.0009682694507489796,0.0009950110817247444,0.0007048394587101459
27,7.036313319439347e-05,0.00018612670992539424,7.182237809395595e-06,2.765241532960031e-05,2.5438219517652786e-05,0.03931271196307775,0.00041693706730722206,0.0002483702591967838,0.005633467401969845,0.0006446786270373065,9.932103100513562e-07,0.00011030631462741833,2.253316838890567e-08,4.725819197819058e-08,5.519413270270454e-05,0.00030185226915098223,0.22587353819385833,5.50103110793177e-05,0.007599610194607831,7.518540988151632e-09,0.0010178076667701173,0.7170114604717636,0.0004041176995357258,0.0003549386708945852,0.0006421655204327777
28,9.779118848678107e-05,0.0001398907476150685,1.1905535581321506e-05,3.183575770069937e-05,3.771394668865728e-05,0.046332628105683754,0.0006379042277029847,0.00026417668959094015,0.004956088803105297,0.000869365974771787,1.1898672667653263e-06,0.00014395062185810427,4.1788025544870475e-08,8.023255112335318e-08,5.397862099812407e-05,0.0004971816643792382,0.34161753979407977,8.594722886771014e-05,0.009387238953698536,1.3750899915570765e-08,0.0017974766916750205,0.5911778714939665,0.0006128153340253499,0.0006338401546941508,0.0006115328260866665
29,9.779118848678107e-05,0.0001398907476150685,1.1905535581321506e-05,3.183575770069937e-05,3.771394668865728e-05,0.046332628105683754,0.0006379042277029847,0.00026417668959094015,0.004956088803105297,0.000869365974771787,1.1898672667653263e-06,0.00014395062185810427,4.1788025544870475e-08,8.023255112335318e-08,5.397862099812407e-05,0.0004971816643792382,0.34161753979407977,8.594722886771014e-05,0.009387238953698536,1.3750899915570765e-08,0.0017974766916750205,0.5911778714939665,0.0006128153340253499,0.0006338401546941508,0.0006115328260866665
30,9.779118848678107e-05,0.0001398907476150685,1.1905535581321506e-05,3.183575770069937e-05,3.771394668865728e-05,0.046332628105683754,0.0006379042277029847,0.00026417668959094015,0.004956088803105297,0.000869365974771787,1.1898672667653263e-06,0.00014395062185810427,4.1788025544870475e-08,8.023255112335318e-08,5.397862099812407e-05,0.0004971816643792382,0.34161753979407977,8.594722886771014e-05,0.009387238953698536,1.3750899915570765e-08,0.0017974766916750205,0.5911778714939665,0.0006128153340253499,0.0006338401546941508,0.0006115328260866665
31,0.00016458453226894827,0.0001363518372629171,2.1143877459245868e-05,3.0538751154750174e-05,2.9212417536508373e-05,0.028212892676525284,0.0005339299071961196,0.0006844891470379873,0.004474298229709289,0.0008438011665194798,1.165147367913042e-06,0.00016140892807242068,9.704739790150967e-08,6.743849539231811e-08,5.4321707097428824e-05,0.0006879194467878634,0.4007049041425118,8.5760267890901e-05,0.013438212959284797,1.5421081889188737e-08,0.0017392813601253636,0.5464711927940953,0.0003874908998457864,0.0007830931887311538,0.0003538267085434382
32,0.00010073009390775061,0.00015587610494953577,1.1825411362429507e-05,3.0402561435890577e-05,3.6761389506791894e-05,0.04604940411981777,0.0005598321809961697,0.00025598839056442934,0.0046969128471535,0.0008085906251519919,1.0855726526028498e-06,0.00012565692240087248,4.3596398702375387e-08,7.499843794481635e-08,5.080941863324909e-05,0.0005043574092499619,0.3424905833435021,8.831002261427172e-05,0.011290173538207153,1.2719918345416555e-08,0.0016495369446024766,0.5893278776010082,0.000555216835882491,0.0006437687212797079,0.0005661686303655203
33,0.00015629487676057562,0.00020699518594702182,3.0452603928139634e-05,5.8776902502697535e-05,0.00011941011719117388,0.05834360831426424,0.0010718962940232189,0.0004753072201218418,0.021505812027010095,0.0025184949325626383,8.122062739247734e-06,0.00033258365187485413,3.717427243279142e-08,2.380109755388704e-07,0.0002833525623888151,0.0004399639585830433,0.31437300707327753,9.33030714548457e-05,0.006020871934777509,4.106140264290676e-08,0.004832529850643793,0.5841218161845623,0.0023299763006243714,0.00044645203968428923,0.0022306565884272515
34,0.001013283187394259,0.00015576329490260917,3.275017238768413e-05,5.216726682407529e-05,0.00010128775237533259,0.016606947086231495,0.0006544891598213751,0.0005395755576110474,0.007891317136118417,0.0013624557487444304,3.72469246085983e-06,8.871758951223894e-05,1.4564822532662644e-07,2.0073459065703668e-07,5.2248266568219685e-05,0.0006622879994917095,0.5781916498400771,0.00010316529448454013,0.032511496801617475,2.165826258657072e-08,0.0010266807377636892,0.3570903139940383,0.00047638089315201593,0.0007071283393071253,0.0006758011480374315
35,0.00012263725020121287,0.00016397871273862786,8.25662354631906e-06,3.0712660981774245e-05,2.622138448882884e-05,0.03141724401052829,0.00041377175195643566,0.0004210142006160978,0.007368029359502976,0.0006520900453327302,9.506385937581767e-07,9.088961045938694e-05,3.5325127479379155e-08,3.471110994874301e-08,4.1819623171481764e-05,0.0003782698486199271,0.2639289476807762,5.590135715884787e-05,0.01046157737644673,7.1605404865750435e-09,0.0007627205081140878,0.682577463884146,0.0002849028386011237,0.0003373670819922021,0.00045515635524903474
36,0.00020284510291964286,0.0004066187996162767,4.065227024811117e-05,6.613626781239774e-05,0.0001844592327304134,0.15665867339365583,0.0006840673668735368,0.0002564598060318069,0.015960419216991067,0.002949123075765873,2.3802713203084712e-06,7.775482772019057e-05,8.218932079408376e-08,1.300087600884937e-07,0.00011310073605192102,0.0008582975516965834,0.37598971892649913,0.0001440950490113396,0.03325767204735144,3.959618832003692e-08,0.004854195845665894,0.40205573247951676,0.0027046740930711734,0.0013898177489225366,0.0011428540962586278
37,0.00017120703442078612,8.467379085711026e-05,1.4702465894029943e-05,2.8274310551679916e-05,4.271622095343616e-05,0.03456923411127873,0.0011646167313434919,0.0001497004050079509,0.002137618712694772,0.0007087325115115337,1.0343647081672082e-06,0.00018232518200672103,6.423954168656102e-08,2.596108866166617e-07,3.885634332736713e-05,0.0006912338866226388,0.556832979081086,0.00012594811301836552,0.00963684372677499,1.7883371471319517e-08,0.002888050743002774,0.3872185819806443,0.0009747132935899018,0.0016296053930410447,0.0007080098638643158
38,6.14639292566283e-05,0.00011539039741736447,1.0039279199753168e-05,3.0980500142745644e-05,2.453006048915214e-05,0.07686904413924332,0.0006588857863697777,0.00022864466733119325,0.0034627006607361416,0.000694849755888816,8.701665710002615e-07,0.00016253015349464715,4.23207331662657e-08,6.373390413883543e-08,5.607800115647132e-05,0.0008573244529396425,0.28963121735497666,0.00013184741364609393,0.009996149513691812,1.2281308102636752e-08,0.0027786858457216185,0.6125109913203172,0.0006746111582362452,0.0007166880343077538,0.00032635907292054165
39,2.9126232816994177e-05,0.00011477000860714656,1.0005126593959096e-05,1.5963728122483218e-05,1.5322197041632332e-05,0.0664860810377718,0.00033211203741751827,0.00023262548416573352,0.002897345653324007,0.00034218793330741744,2.972354847171296e-07,0.00013371171301085848,2.5355419770451503e-08,2.0617593346830017e-08,3.4473071487161006e-05,0.0006496784236716903,0.2616617180418041,6.566222969354108e-05,0.008091639245483232,6.490192784924454e-09,0.0032090190180096,0.6546447491821685,0.0003466695946112284,0.0004926931404048148,0.00019409720179599914
40,0.00016531593888750428,0.000226564767863776,2.791814666797625e-05,2.5258299180773537e-05,9.701974349065354e-05,0.022849101062869324,0.0007353710028653078,0.00020166572937138652,0.0038697816468349615,0.0006435375573338269,2.2638042950603996e-06,0.00025324117846674054,4.517546049666242e-08,2.7976277946461857e-07,7.476722767901077e-05,0.0003574967413033955,0.3821139586540702,5.8460534232695455e-05,0.010261888575730078,1.7170682434516566e-08,0.002219508961558627,0.573393189411525,0.0005294574706491751,0.000611116995854202,0.0012827744403478584
41,0.00021326467567280187,0.0005821610551145585,2.0471014541070128e-05,0.0001243023958437764,0.00016395748395520436,0.08151528239082138,0.0005562060707694841,0.0008801167687268176,0.022980037060388873,0.0014328363523397531,5.608682456671553e-06,0.00014255223339769052,9.849095772364226e-08,1.4969114249935194e-07,0.00017690739103660877,0.0011641603141564927,0.19536549386091262,0.00024746167906307376,0.026363659690214078,3.4553938397549236e-08,0.0014320883200752911,0.6648884090967067,0.0006971848356543659,0.00034139651882336567,0.0007061593732906141
42,2.5228712544744294e-05,0.00015173153673898646,6.155193250761382e-06,1.6448564493796378e-05,7.474616794827307e-06,0.02910415574493097,0.00012366631843905497,0.00024680946450282267,0.0027878782480044587,0.00021245606919636796,2.3703947656782647e-07,5.266347209314299e-05,1.3690711746452224e-08,5.80345850793674e-09,1.897203281554506e-05,0.0003654811351048415,0.13456107267053943,2.3623321785167797e-05,0.008606519261487255,2.1982917404894115e-09,0.0006523150543075516,0.8227191490709508,7.680878746019125e-05,0.00014090144270806105,0.00010023054991261475
43,0.0010756928471627048,0.000976870389130963,1.3216775302367074e-05,7.939915602886218e-05,0.0002336100004995326,0.008632235287277716,0.0021830293744209885,0.00020559436874119253,0.008733887330412438,0.0003674871111092403,3.3951324476602604e-05,0.0003557817432494962,3.0506531047257e-08,6.409028274802365e-06,0.00035516536325745385,0.00022301922759698897,0.32672803642714093,0.00018719273098343576,0.009824955619619751,2.4569006203946213e-08,0.0004522284752498385,0.6171030567094095,0.0014299382779107365,0.00042555555422131374,0.02037363180298601
44,9.779118848678107e-05,0.0001398907476150685,1.1905535581321506e-05,3.183575770069937e-05,3.771394668865728e-05,0.046332628105683754,0.0006379042277029847,0.00026417668959094015,0.004956088803105297,0.000869365974771787,1.1898672667653263e-06,0.00014395062185810427,4.1788025544870475e-08,8.023255112335318e-08,5.397862099812407e-05,0.0004971816643792382,0.34161753979407977,8.594722886771014e-05,0.009387238953698536,1.3750899915570765e-08,0.0017974766916750205,0.5911778714939665,0.0006128153340253499,0.0006338401546941508,0.0006115328260866665
45,7.995435010543406e-05,9.256610302618213e-05,1.0474519379016383e-05,2.6076336174653357e-05,2.041514190990004e-05,0.04928509288225922,0.0008103317459253644,0.000703149315613413,0.004208755969768247,0.0008855333092236752,7.489040244756537e-07,0.00017628588358280695,7.481325409161979e-08,4.591066489799132e-08,5.355522370528634e-05,0.0008766800246048782,0.2738773149278875,0.00010108510554868162,0.010582532257336514,1.1465588837022307e-08,0.0013754652634747385,0.6555468028366657,0.00028950674835696556,0.000773355061492185,0.00022418590042739222
46,8.239518309579472e-05,4.78234623762579e-05,7.346992864665666e-06,2.016372388216548e-05,1.6007044915485303e-05,0.02502437005979653,0.0005034971021151009,0.00016534857792337095,0.0020874679331702064,0.000587425771668992,4.5789232192671353e-07,9.32921265254727e-05,3.4758252972546045e-08,3.082066714870652e-08,1.3433936200581646e-05,0.00033108035836369027,0.4625274422231317,4.025205492434275e-05,0.00567926757987349,7.424333684431135e-09,0.0010501400085194876,0.5006346928825245,0.0002654963955194798,0.0005202777706595356,0.000302247916373398
47,0.00012375102600342306,5.5019653901584596e-05,1.0017781990001018e-05,2.4993218318975195e-05,1.296638685390883e-05,0.023298494163862413,0.0005672574503740945,0.00024207814466638123,0.0019583746317417775,0.0004946659059785764,3.7058001598228947e-07,0.00010968000860188244,5.1547500149189626e-08,3.0333788854896196e-08,1.2165159894407515e-05,0.0005975686502885801,0.39245540564175063,3.8544123778835416e-05,0.008507514335886998,5.574148852188199e-09,0.0009302244182848691,0.5694983967352029,0.00019525551606306487,0.0006602993058295139,0.00020686970527335696
48,0.00013187643690824177,0.00037451949303342173,3.1356701531758563e-05,0.0001909820671561849,0.00021979761667496775,0.07585207454952718,0.001326212740826806,0.00037099752858716945,0.022484869174305644,0.0015450590584554108,2.9790384205669023e-05,0.0009065972184742983,3.2251145779095504e-08,9.694884125622936e-07,0.0006827867521554193,0.0008779691379417801,0.1597002665844625,0.0002396137014570308,0.003810093492660044,7.977230930738986e-08,0.008127551755107966,0.7159353577692633,0.003871291066576553,0.00022138899179175185,0.0030684662670291576
49,4.646487127525351e-05,0.00011912758359739749,9.712931289025539e-06,2.2413557540043495e-05,2.2290227882845642e-05,0.04482927349013833,0.0004243353180386889,0.00021781472183616472,0.0036366050230984166,0.0006121936735535796,6.095541053680443e-07,0.0001339875553573501,2.7351399005612873e-08,3.1798669101503633e-08,3.4085655237156847e-05,0.000379058596351152,0.24508046488933538,4.579112774258893e-05,0.006610045014858332,8.494818859137903e-09,0.001446225698533299,0.6952388588521788,0.0003142075265606138,0.0004081429011181274,0.0003682235854850928
50,0.0002735703360979927,4.3293278079837315e-05,1.636472987010882e-05,2.9584200818295e-05,4.292501899835202e-05,0.02411642198039412,0.0018256092407097281,0.000467295379506373,0.004213797692636225,0.002114257750419022,1.366964567641515e-06,0.00016331334768529714,1.14287071828769e-07,1.340687550257133e-07,3.0448863643594506e-05,0.0005042804458285403,0.5719300150434711,6.082477324595213e-05,0.008514083528583965,2.0490103598427033e-08,0.0009530188270837006,0.38211763065075116,0.00047855566492369567,0.001420275276594883,0.0006827981601600815
51,1.0390409792573061e-05,0.0006713516464009091,1.4584010371885884e-06,3.8428602520479756e-05,3.891034069541832e-06,0.016456887886585708,3.1835204164875946e-05,0.00013436174607535026,0.0019279207608951562,7.461924121311838e-05,8.188860162004645e-07,4.807215845913886e-05,2.972181142974185e-09,1.1013627295272385e-08,7.977044005281347e-05,9.115209658764356e-05,0.024113623025400273,3.0051948771504365e-05,0.002226467354357336,1.662979722379521e-09,0.0003511263252802841,0.9534039467409323,8.202154067660576e-05,2.295378168682078e-05,0.00019883512023580053
52,0.00011768584368072783,0.00012254763956646503,1.09267698359115e-05,6.293042567642635e-05,4.3976088600467255e-05,0.10809021284405486,0.0006620066648346773,0.0007901807434894957,0.008454576674331287,0.003145023868732126,2.65481920624907e-06,0.00023830583800117934,9.777778455932688e-08,1.0122292862345884e-07,0.000131192881456383,0.0008590610909061231,0.22331414372039735,0.00024235229820337772,0.013664194994529352,3.482739721361113e-08,0.001667057790569018,0.6366347034078995,0.0006432958545839121,0.000686343689291759,0.00041639222404305377
53,9.19436798571884e-05,6.942458203151752e-05,1.4846407083676438e-05,4.702066073091812e-05,5.8010338085187127e-05,0.05766448889122503,0.0020307713247726925,0.00023143409848340178,0.005834130968620314,0.0012666653961385824,2.521700364017891e-06,0.0003289941515693039,4.969944885201123e-08,2.1761587420345538e-07,7.733677784287868e-05,0.0007436208053872985,0.4373857879179847,0.0001510053093925737,0.003929601814906317,3.606922112325351e-08,0.0043475385452828915,0.4818255424150187,0.0019617730224104554,0.0009183377350454571,0.0010189000732226834
54,5.9833027603391443e-05,0.000312325825423533,4.8598962447937e-06,2.1313959907282754e-05,2.1747431171082528e-05,0.033236109449777264,0.0003922578784955562,0.00014442691045931107,0.0037747974134292117,0.0003424293386170706,7.303478118260981e-07,9.651630467775724e-05,1.1548347818873977e-08,6.854240029322368e-08,6.294272987052038e-05,0.00021535654214631023,0.16319240824162295,4.155093634801152e-05,0.00734904647889135,3.902602968421392e-09,0.0007949025777984432,0.7882969547778473,0.00033241192630080615,0.00034719895627261936,0.000959795055932656
55,9.435079760900878e-05,8.145174868638199e-05,9.549379716329656e-06,2.9299741524814603e-05,3.8145930781948825e-05,0.05476192417067232,0.001302020326886381,0.0004710328440104613,0.005680487079228409,0.0007693594680143245,9.623077739298336e-07,0.0004460312218467366,6.916395706334839e-08,1.265473607523465e-07,5.280163853792978e-05,0.0008644605889425224,0.2962336080295235,0.00012532089958811342,0.006543498755530915,1.700805883042017e-08,0.0016374384417953112,0.6289406266619233,0.0005221763780001979,0.0008234421073658767,0.0005717987626647474
56,0.00010145407295657388,0.00013110108774140301,1.2095325776832447e-05,3.254428405215499e-05,3.65816010781531e-05,0.046829207855595884,0.0006631612962548088,0.00029196167401499804,0.00488874265436716,0.0009158567791534059,1.144323049447394e-06,0.00014670392687292678,4.911490254997714e-08,7.773567603505865e-08,5.058682023771836e-05,0.0005310227424797417,0.349711654822879,8.82342083025089e-05,0.009642194031119811,1.4544505138308089e-08,0.0017229369882674436,0.5823780360536706,0.0005814964321956876,0.0006757625159901206,0.0005673791088598588
57,7.168042134358996e-05,9.48469251610163e-05,2.3002904677117305e-05,2.0161685962986312e-05,4.642165795043819e-05,0.04296575233319488,0.0007114666628226237,0.00027177250333887626,0.0044900581577346525,0.0009700062239801936,7.991930328081091e-07,0.00020722307444781906,5.357465350083125e-08,5.899322981363782e-08,3.529540235728275e-05,0.0005673926471399666,0.3667995181150433,4.568709650202757e-05,0.008746600933495071,1.5072672214414304e-08,0.0021692024327226596,0.5702148503305497,0.00040098629502700536,0.0006896778245482017,0.00045746953841213183
58,9.576942062279916e-05,0.00012165937663006056,1.1213949151045489e-05,2.6061817488048863e-05,3.299322840592979e-05,0.048128720525951484,0.0006718948390380896,0.0002652274704076957,0.004206083118372917,0.000934784701636715,8.419515109407857e-07,0.0001374335223723904,4.971202687942843e-08,7.402318476498872e-08,4.495186065464099e-05,0.0004955355785360203,0.373232661701762,8.565601958128102e-05,0.010075137065139841,1.3295849499543857e-08,0.0017174853080662163,0.5576747291070469,0.0005956862254244489,0.0008943017758688578,0.0005510344052705742
59,9.553416323346954e-05,0.00012022255851585419,1.3679121682924327e-05,2.6774164530144396e-05,3.545489847576725e-05,0.04534608558063595,0.0006835526400761008,0.0002700759474526999,0.004218454233609677,0.0009236157321679785,9.073129788442483e-07,0.00014548528365424982,5.142505678946538e-08,7.472652645850977e-08,4.4657744795454067e-05,0.0005189227722161735,0.3817428372573157,7.932476290245496e-05,0.00973505485145008,1.4505516884898029e-08,0.001912058812598021,0.5520971123939196,0.000594152199742244,0.0008551355236808579,0.0005407613872656917
60,9.779118848678107e-05,0.0001398907476150685,1.1905535581321506e-05,3.183575770069937e-05,3.771394668865728e-05,0.046332628105683754,0.0006379042277029847,0.00026417668959094015,0.004956088803105297,0.000869365974771787,1.1898672667653263e-06,0.00014395062185810427,4.1788025544870475e-08,8.023255112335318e-08,5.397862099812407e-05,0.0004971816643792382,0.34161753979407977,8.594722886771014e-05,0.009387238953698536,1.3750899915570765e-08,0.0017974766916750205,0.5911778714939665,0.0006128153340253499,0.0006338401546941508,0.0006115328260866665
61,0.00010015852288520203,0.00012505990971884735,1.3857603426086982e-05,2.6653570257082925e-05,3.79523689012384e-05,0.04492710419558149,0.0006841808692282556,0.0002601954286289887,0.004495149777408744,0.000920931568000552,9.885837586148315e-07,0.00014586534753667252,4.799721526352864e-08,7.99708166511322e-08,4.757599854364155e-05,0.0005056836846380771,0.3810448236246387,7.765207607146686e-05,0.009923727670219115,1.404971927036835e-08,0.0019339208623607538,0.5527208506200104,0.0006124917734014637,0.0008069442744108753,0.0005880896526224811
62,9.779118848678107e-05,0.0001398907476150685,1.1905535581321506e-05,3.183575770069937e-05,3.771394668865728e-05,0.046332628105683754,0.0006379042277029847,0.00026417668959094015,0.004956088803105297,0.000869365974771787,1.1898672667653263e-06,0.00014395062185810427,4.1788025544870475e-08,8.023255112335318e-08,5.397862099812407e-05,0.0004971816643792382,0.34161753979407977,8.594722886771014e-05,0.009387238953698536,1.3750899915570765e-08,0.0017974766916750205,0.5911778714939665,0.0006128153340253499,0.0006338401546941508,0.0006115328260866665
63,8.677372647527885e-05,0.00018215147308456168,1.0180278656268932e-05,3.0995920385907086e-05,3.440129768053995e-05,0.04670028275612527,0.00051601970067015,0.00024108809836535515,0.0049688500237479215,0.0007188653782955143,1.1246237327932003e-06,0.00012291996164322586,3.438578188830217e-08,7.098314987560179e-08,5.7910582190412036e-05,0.00043946459924175906,0.29985399624133496,8.490604146722354e-05,0.00977940471547823,1.1547933440464042e-08,0.0016315164741294668,0.632800279729788,0.0005722879746620857,0.0005417052729307997,0.0006247582130491314
64,7.909946176219744e-05,0.00012754750475444507,1.461946522675732e-05,2.7977298617100567e-05,3.5972624296593534e-05,0.04743678582542066,0.0005872955439053366,0.00021830465581251942,0.0042352834771624505,0.0007671769567136653,1.0345329812076744e-06,0.0001596086634484458,3.796442292215884e-08,7.505835632645427e-08,5.1664013798155034e-05,0.000525008534327951,0.36438743728352435,7.679059295188716e-05,0.008197376175697279,1.3977055024334179e-08,0.002809203554445006,0.5683816466730619,0.0006919809064426933,0.0006454349938982482,0.0005426242619168204
65,2.4244026440341036e-05,0.000291199868779331,5.8569177128492594e-06,1.5969663970510113e-05,2.6067215833941766e-05,0.08285417983457143,0.00042849733664709915,5.78764362607131e-05,0.0024933365561422625,0.00022037921608401585,3.440045041981637e-07,0.00010288193958811596,1.1077353200306754e-08,7.073864022016037e-08,5.657045611053546e-05,0.0003117341588366251,0.280746759455145,0.00011329794892441831,0.006040419839152621,8.107348561416248e-09,0.005097158241289989,0.6180005934386349,0.001377507354406342,0.0007962162120086183,0.0009388199556141336
66,0.0003620551617509892,1.548993239739395e-05,6.6397293472791e-05,2.3994225595940686e-05,0.00019727826685928129,0.02592974916645314,0.002521522311669853,0.0002858225907700216,0.005138747736449988,0.002704972293920826,8.707555622757108e-07,9.03057224244833e-05,3.5354945209957805e-07,7.673773734098062e-08,5.787954304588712e-06,0.0009830844821233915,0.8070301748366345,3.3711269264970004e-05,0.013736249160706718,4.599711997241976e-08,0.0012411806611035178,0.137560403932067,0.00033622129434423057,0.001459237918465726,0.0002762667493489628
67,5.67260835331117e-05,0.00015262111564692075,8.35546677913938e-06,2.573181521842235e-05,2.647303192392639e-05,0.0574826953022747,0.000517757086146776,0.00015849883840909156,0.0036597039432527596,0.0005926445130115355,8.055486830180628e-07,0.0001262800898488982,2.668781801562898e-08,6.59126932139922e-08,5.095399937315118e-05,0.00041372190512861315,0.3201317335424502,9.24875298286447e-05,0.007646492675598195,1.1293397096096056e-08,0.0022549960037868363,0.6045782902164089,0.0007607509304448216,0.0006299796821431676,0.0006321967862007942
68,1.493496583751925e-05,8.648825443695449e-05,6.1275946773085805e-06,1.6634576522729964e-05,1.8221831142412104e-05,0.12739314856746428,0.0006169384685508464,0.0002937931211499668,0.002637107687724439,0.000622944577288071,5.76522848184783e-07,0.0004249494676968855,2.5214212091561067e-08,4.975740039555085e-08,9.917621556702582e-05,0.0004375906283335696,0.19405407449731268,0.00014917376184287674,0.0027757724783789273,1.916465529671145e-08,0.005744758924849383,0.6628717758299981,0.0007332839968460931,0.000638010136623675,0.0003644237586404242
69,8.304661064483005e-05,0.00015104298736179884,1.15639968390111e-05,3.746932334797744e-05,4.088770357854e-05,0.04856033340501565,0.0005587359542993353,0.0002595211791458619,0.00629325612221746,0.0009493949143301487,2.066486536767521e-06,0.00015917161524586394,3.328249621831451e-08,8.532784825918538e-08,8.311754439855668e-05,0.0004066166985917219,0.32522813529290867,0.00010720647377259494,0.006835597852486007,1.8603328177688394e-08,0.0024176799528493856,0.6057319790188642,0.0008913266219700904,0.0004309412475968032,0.0007607717843260092
70,0.00011019129715032799,0.00013534366150620597,9.42872913409823e-06,2.2149440677238133e-05,3.2643616743986196e-05,0.0341536764002657,0.0005700379983502114,0.00023000237132755576,0.003705036429060897,0.0007447948798344032,9.249106830465199e-07,0.00011536051403497976,4.0040704038303153e-08,8.592657032475046e-08,4.7872202606026254e-05,0.00037340957630281174,0.40183778848672447,8.422347330234286e-05,0.010421492656157508,1.0798369581182068e-08,0.0014553066045036587,0.5439878857234999,0.0005446826987056629,0.0007778019519676566,0.0006398096118175147
71,0.0001976576887600662,2.910558144882415e-05,1.2618383113408351e-05,2.5193788256458723e-05,6.267614052585966e-05,0.038579259637348734,0.0035751513508619484,0.0003648758366500912,0.0062904150928688165,0.0020988108301745008,8.180867110795605e-07,0.00015020385414458678,1.007857157903009e-07,1.0494119130269918e-07,1.929006234989019e-05,0.0005446143147579531,0.5994767378053983,5.592348498613123e-05,0.006233233930240106,2.1447452197495177e-08,0.0010242810086136304,0.3382606691169275,0.0005987995522474509,0.0016620129939883563,0.0007374242852669061
