,0,1,2,3,4,5,6,7,8,9,10,11,12,13,14,15,16,17,18,19,20,21,22,23,24
0,0.0003404388492991352,0.001072858865583076,8.297231509915676e-06,0.00032110196114226784,1.1490603462583259e-06,1.3642480761871544e-06,3.702530629292625e-05,0.02051772309369479,4.931941578710249e-09,2.78846665607389e-06,9.87173427306888e-05,0.0023436177920838244,6.568623295484403e-05,4.062336633784039e-06,9.754076121535118e-08,0.0026856414112664388,0.9709326650656496,0.00017410125032624882,2.4272096287670092e-05,1.2053135057678696e-07,2.237900463062264e-05,0.001344800161935276,6.42297290006502e-07,1.4583407503326467e-08,4.3033814954339486e-07
1,0.0003040126830704872,0.0009962993693498111,7.909016863504355e-06,0.0003114381458371273,9.960750867635326e-07,1.1506047428219666e-06,3.480300859994254e-05,0.01902627304151504,3.762933520849547e-09,2.4505589434669804e-06,8.317507057572779e-05,0.0022323373748507503,6.404393555433287e-05,3.0498753153518047e-06,8.740825799132422e-08,0.0029603562029050135,0.9726382811579799,0.00014861870600241876,2.291623777405573e-05,1.1012027137382948e-07,1.8801149029178797e-05,0.001141992260579774,5.148738745958667e-07,1.2656740649452654e-08,3.667033464684446e-07
2,0.0003187536057627523,0.0010322156525154258,7.2205050047490385e-06,0.00032046893536929956,1.1218947391209458e-06,1.1651827567121753e-06,3.384213877208503e-05,0.020433517068984563,3.9152789369735955e-09,2.2804799741092452e-06,9.73088352222356e-05,0.0024013948360111378,6.309275836149563e-05,3.3831438815451272e-06,9.541252317607918e-08,0.0025928969478695367,0.9711984394279948,0.0001455917703500536,2.131678049807459e-05,1.1259676455253394e-07,1.8276512031426515e-05,0.001306581479782891,5.257187294822778e-07,1.2248319977879246e-08,3.821525018087911e-07
3,0.0003185271105631752,0.0009716374113514279,7.064644422960168e-06,0.000304890862608233,1.02304943865272e-06,1.0410432024844218e-06,3.181161660127526e-05,0.01739495649028579,3.3027070329671062e-09,2.0202363823019725e-06,8.8810077983794e-05,0.002195998877719545,6.0002772867331554e-05,2.8707234059481488e-06,8.10116246894971e-08,0.002373699094024038,0.9749594018961285,0.00013968236425209975,1.9983731415931996e-05,9.473736197313623e-08,1.7574989945473267e-05,0.0011079893445670032,4.935694628322903e-07,1.1509624008647784e-08,3.2953205354450533e-07
4,0.00035040462212125145,0.0010392343365580223,7.630100167495771e-06,0.00032712406641534234,1.0827669323856907e-06,1.0759097107376126e-06,3.424113202965817e-05,0.01873313616379288,3.7074321221083136e-09,2.155152480417184e-06,9.579336181739912e-05,0.0023389270725659127,6.821007923405397e-05,3.2015564950435077e-06,8.477442328153018e-08,0.0023903334064595285,0.9731844846232338,0.00015174456561382844,2.1327515096410764e-05,1.0249932318317893e-07,1.883414608234205e-05,0.001229998752041211,5.113655175073312e-07,1.2418713391133133e-08,3.45905742506261e-07
5,0.0003389998085723428,0.0009876540910146476,7.4911694152970384e-06,0.0003539267212156002,1.1369979956479312e-06,1.1235116791932718e-06,3.434380593254051e-05,0.017917411772713384,3.5992325275987978e-09,2.1533923263589225e-06,9.257404226516419e-05,0.002188380075010515,6.609597968958268e-05,2.988173354692295e-06,8.135293270260145e-08,0.0024320585085493293,0.974282475971053,0.00016811555298947971,2.1549664778061585e-05,1.0663706348791678e-07,1.8790825869986827e-05,0.0010816497479890594,5.61369617156641e-07,1.2694268108005478e-08,3.1453447208206015e-07
6,0.0003185271105631752,0.0009716374113514279,7.064644422960168e-06,0.000304890862608233,1.02304943865272e-06,1.0410432024844218e-06,3.181161660127526e-05,0.01739495649028579,3.3027070329671062e-09,2.0202363823019725e-06,8.8810077983794e-05,0.002195998877719545,6.0002772867331554e-05,2.8707234059481488e-06,8.10116246894971e-08,0.002373699094024038,0.9749594018961285,0.00013968236425209975,1.9983731415931996e-05,9.473736197313623e-08,1.7574989945473267e-05,0.0011079893445670032,4.935694628322903e-07,1.1509624008647784e-08,3.2953205354450533e-07
7,0.0004863014900484857,0.001086017132656946,8.763598109254036e-06,0.00036098077455639667,1.0147832384703635e-06,9.913099078227737e-07,3.548227828375644e-05,0.019895613319172983,3.1801441995529397e-09,1.9720110439124716e-06,0.00010935929836140871,0.0024406637397594954,9.9249400390829e-05,2.6419538592884764e-06,8.471510094915007e-08,0.002430241529758895,0.9714537287093573,0.00016252411421860115,2.159235241407929e-05,1.1064574058826659e-07,1.7669701345996832e-05,0.0013842855230280133,4.122561540658565e-07,1.2077847855969242e-08,2.841055004765452e-07
8,0.00031528109151798426,0.000943863013213429,6.6440143171023694e-06,0.0003025666963857016,1.0179367610093575e-06,1.0831739428594585e-06,3.778066677744104e-05,0.020025506224059745,3.2959929510213828e-09,1.952006238609346e-06,9.754055156377925e-05,0.0023430171886569704,6.593984715320835e-05,2.857689507177882e-06,7.920021342448921e-08,0.00254179847412305,0.9719110761217069,0.00016336830142513957,2.3464548788800296e-05,1.0082521946790498e-07,1.9961046119168764e-05,0.001194283003325819,4.899898238160951e-07,1.0914900127984246e-08,3.1417826592470966e-07
9,0.0003486288561653052,0.0008975849058146634,6.404141959920714e-06,0.00028508179876334536,1.0213669868375281e-06,1.0203112191095935e-06,3.660172475388533e-05,0.017923514240511314,2.9451283912051585e-09,1.632825134458142e-06,9.948666425127236e-05,0.002346187549143882,6.337608273624121e-05,2.4922529526758707e-06,7.560054991240978e-08,0.0022347858455532953,0.9744122693448886,0.0001516459449158461,2.1118540588305535e-05,8.586976515492673e-08,1.8668656934233667e-05,0.0011475633803865637,4.501551763733479e-07,1.0226070499239296e-08,2.9076965001468676e-07
10,0.0003185271105631752,0.0009716374113514279,7.064644422960168e-06,0.000304890862608233,1.02304943865272e-06,1.0410432024844218e-06,3.181161660127526e-05,0.01739495649028579,3.3027070329671062e-09,2.0202363823019725e-06,8.8810077983794e-05,0.002195998877719545,6.0002772867331554e-05,2.8707234059481488e-06,8.10116246894971e-08,0.002373699094024038,0.9749594018961285,0.00013968236425209975,1.9983731415931996e-05,9.473736197313623e-08,1.7574989945473267e-05,0.0011079893445670032,4.935694628322903e-07,1.1509624008647784e-08,3.2953205354450533e-07
11,0.0003334995199110896,0.0009951862188694598,7.213156265376914e-06,0.0003106166555460284,1.0508203473316312e-06,1.0455198172648485e-06,3.314444265901911e-05,0.017490621024306707,3.4018459466315127e-09,2.0098167811785177e-06,9.212362350435595e-05,0.0022688389559087714,6.511979792442678e-05,2.8743567322997155e-06,8.368128138390808e-08,0.0023954362819397865,0.9746488825129296,0.0001400519805779343,2.066846345506947e-05,9.84013276720795e-08,1.787548440740557e-05,0.001172723919596036,4.855941824596035e-07,1.2040483725606444e-08,3.3432939966833927e-07
12,0.00033504850257052557,0.0010357198813760915,7.229917343707126e-06,0.0003343033012692803,9.900111930525015e-07,1.0558836928294717e-06,3.383216682162173e-05,0.018843967682551005,3.368925263207776e-09,2.110282183737713e-06,9.026678326714488e-05,0.0022756824489615054,6.458556536182365e-05,2.9064913977983693e-06,8.528542304476185e-08,0.002480943005553706,0.9731440503081322,0.00014694656794282885,2.1910038273670764e-05,9.387609274011274e-08,1.7901849824217054e-05,0.0011595435290180436,4.870306071253702e-07,1.1373286839766375e-08,3.2484893014870927e-07
13,0.00036044082138392313,0.001014863546945334,6.760753475024146e-06,0.000288366215030139,1.0696632935385031e-06,9.553515436419464e-07,3.197672759477312e-05,0.021039283555180924,3.3344236269975077e-09,1.80221270347057e-06,0.00011510933507759943,0.0026712596951772357,6.374075452841027e-05,3.314145681886957e-06,8.668348267438795e-08,0.0021012217803233232,0.9707018223050212,0.00013646626971625236,1.986337663029496e-05,8.940027739003369e-08,1.8312527444096503e-05,0.0014223968219462734,4.2594039920077813e-07,1.0532772537848967e-08,3.582499475618229e-07
14,0.00030203289402553837,0.0009392465800199412,7.338532180304523e-06,0.0002589935394296196,9.189936042915085e-07,1.1052777748258993e-06,3.261761048263524e-05,0.017743701236359724,3.4181946874759317e-09,2.042882927092801e-06,8.02367591681537e-05,0.002382309126575563,5.356754751060351e-05,2.8064332060280875e-06,8.768276747800345e-08,0.0026578325175456246,0.9742452253565558,0.0001169322885978568,1.7614610292293055e-05,9.391258104141204e-08,1.4917699310748575e-05,0.0011395382727087647,4.4273727071234375e-07,1.0493924118925955e-08,3.835969865654037e-07
15,0.0003185271105631752,0.0009716374113514279,7.064644422960168e-06,0.000304890862608233,1.02304943865272e-06,1.0410432024844218e-06,3.181161660127526e-05,0.01739495649028579,3.3027070329671062e-09,2.0202363823019725e-06,8.8810077983794e-05,0.002195998877719545,6.0002772867331554e-05,2.8707234059481488e-06,8.10116246894971e-08,0.002373699094024038,0.9749594018961285,0.00013968236425209975,1.9983731415931996e-05,9.473736197313623e-08,1.7574989945473267e-05,0.0011079893445670032,4.935694628322903e-07,1.1509624008647784e-08,3.2953205354450533e-07
16,0.00020776327406193205,0.0007455171634246499,7.386410350926355e-06,0.00022765254558314855,8.800915884983058e-07,9.432632064818441e-07,2.652520876743551e-05,0.008996979332222684,2.5647459579153883e-09,1.8760874585371287e-06,5.38630495511296e-05,0.001246144005854208,4.648542998545501e-05,1.7450637792327473e-06,5.7739211959779256e-08,0.002331481273807268,0.9854121303345192,9.425655969968467e-05,1.6044388476462452e-05,9.207175920515125e-08,1.5712473823921835e-05,0.0005656323205652784,5.438031007142774e-07,1.3775007706772235e-08,2.717694484222228e-07
17,0.0001943625526192854,0.001045736932241126,6.317399673805928e-06,0.0003066940076293982,5.947981524356086e-07,1.1788015981176759e-06,2.374812818547508e-05,0.017534769724832925,2.564085723319959e-09,3.092714370916678e-06,5.0688879004283674e-05,0.0016393280310075056,4.297629958109635e-05,1.9475797859523865e-06,1.2576178938658574e-07,0.004591151135599407,0.9735602591342762,8.764456226081666e-05,2.2394519186513466e-05,9.78142840052062e-08,1.1398715167748828e-05,0.0008746986413765556,4.213925033724808e-07,9.721105204772511e-09,3.6018968277391956e-07
18,0.001256484171488789,0.0015709179620262614,1.3266771718004803e-05,0.0032751114554566353,2.2704459877880366e-06,2.0774839478101022e-06,3.559197631592491e-05,0.041259796876373094,3.285368927348466e-09,2.9007600932924057e-06,0.000146327933436587,0.0020510045204565146,0.00023062824902109818,1.2789035150229888e-06,1.4617257428182193e-07,0.0030540276972346437,0.9454970596781466,0.00028728692227870126,2.2393460620178322e-05,1.8035127395815058e-07,9.508691130237e-06,0.001281122153903427,5.108367297618643e-07,1.4102106890306651e-08,8.913879533193486e-08
19,0.0003820303252258245,0.0005512768108026596,7.229589748682288e-06,9.152722728091866e-05,6.243433098387976e-07,5.164236229149791e-07,2.4263695758668806e-05,0.0148323404933913,1.495277558388756e-09,1.079561260995992e-06,0.00011698753063544251,0.0013511149011116081,4.9132157316577066e-05,2.0335345673562568e-06,3.2309218427444376e-08,0.001568208520862509,0.9800647121921934,0.0001813803377929139,1.6307136524254915e-05,6.538650465952942e-08,2.9711693568776732e-05,0.0007288439717227696,3.556164248299852e-07,7.696789173574428e-09,2.1704908798680153e-07
20,0.0003812985896869786,0.0012140612437582146,7.382385885364328e-06,0.00039198579833173467,1.1868543348291912e-06,1.228062828485706e-06,3.735587017803478e-05,0.02440995757436079,4.564109935648486e-09,2.4761327821074127e-06,0.00011453354307138927,0.002658997873244991,7.750049774091546e-05,3.9761398114110156e-06,1.1008027952645083e-07,0.0025389796439765568,0.9662669881760265,0.00016574251728111562,2.5393127088386004e-05,1.1582967881308533e-07,2.026615490231067e-05,0.001679515541927021,5.379381448006158e-07,1.292936521956739e-08,3.9293120463475017e-07
21,0.00034345289492029786,0.0009462656673648788,7.829154175358157e-06,0.0002925252891438392,9.58191690158432e-07,8.910714111924252e-07,2.9997886799861592e-05,0.016949374662130676,3.017458935031738e-09,1.961348883604487e-06,8.59927353615603e-05,0.0022468792456193185,6.437592941251328e-05,2.843113513226655e-06,6.753309102974357e-08,0.0024281639946814077,0.975386843089082,0.00015670412725042073,1.85539069548666e-05,9.675282590956547e-08,1.7058611055161648e-05,0.0010183900486506478,4.548520241829259e-07,1.1415007821724306e-08,3.0546149104187635e-07
22,0.0003768684399062279,0.005038618358471759,4.705160588680493e-06,0.0019105951352731889,3.2562177181536767e-06,2.729162007045063e-06,0.0002934861830101204,0.04164576821354791,5.7392700301321436e-08,4.103249113753671e-06,0.00013055383876704342,0.019993417069134725,0.0002713675034799306,7.773917003645427e-06,1.2693383113847169e-06,0.011229915592558322,0.9071185196576236,9.581218789911007e-05,0.00015095759323919817,2.5269464509409915e-07,1.1314275976376936e-05,0.011705354494844998,5.779438073623488e-07,8.464498115978432e-08,2.6417353908582675e-06
23,0.0003185271105631752,0.0009716374113514279,7.064644422960168e-06,0.000304890862608233,1.02304943865272e-06,1.0410432024844218e-06,3.181161660127526e-05,0.01739495649028579,3.3027070329671062e-09,2.0202363823019725e-06,8.8810077983794e-05,0.002195998877719545,6.0002772867331554e-05,2.8707234059481488e-06,8.10116246894971e-08,0.002373699094024038,0.9749594018961285,0.00013968236425209975,1.9983731415931996e-05,9.473736197313623e-08,1.7574989945473267e-05,0.0011079893445670032,4.935694628322903e-07,1.1509624008647784e-08,3.2953205354450533e-07
24,0.000326838555489288,0.0006029540424470656,8.136644687125442e-06,0.00012035381110808387,8.550109632224423e-07,1.0254413305574999e-06,2.756664221040039e-05,0.013477995791060222,2.4005310003702507e-09,1.4191594244924663e-06,8.955319972913445e-05,0.0021271239545715454,4.4785492431082834e-05,1.8976854930833716e-06,5.8665747080093906e-08,0.0022778640787920403,0.9798504485278321,9.473688450686389e-05,1.1816163956597006e-05,8.339646669524734e-08,1.592377466152529e-05,0.0009178467645370586,3.440418418113954e-07,9.916735496321489e-09,3.5995344647445534e-07
25,0.00019641553101425822,0.001165187340849423,5.989624865978797e-06,0.00019104719612152244,4.449051839221304e-07,8.119832541446648e-07,1.4447446094044353e-05,0.0029980879737479494,2.533601820996478e-09,2.1902689627638796e-06,2.473918141792791e-05,0.000989515368013848,3.468940392581163e-05,1.5299348676187234e-06,1.1360242263059073e-07,0.002019715190717969,0.9916331413089993,2.941097523189599e-05,1.408107274227296e-05,4.2820982084887555e-08,8.76789398420397e-06,0.0006687569015132384,4.2836119400220514e-07,1.563802961417986e-08,4.275422617658137e-07
26,0.0002324199793969484,0.0012048212078472386,3.0256225764987966e-06,0.00026721414194386437,4.956861199976498e-07,8.915703255524333e-07,3.5536362193012907e-05,0.050757633974315215,1.9849086465142575e-09,1.600156900906425e-06,0.00013102647376524022,0.004327721420231179,5.0150197911535216e-05,3.0925104360955404e-06,1.6946455542505687e-07,0.0029262510319248143,0.9370023930690425,8.177768628492009e-05,2.9439875580252806e-05,5.598515528390597e-08,1.2405653933669109e-05,0.0029312650223767235,1.9231291912963742e-07,3.3579724903610712e-09,4.152513829024892e-07
27,0.0003765616331040021,0.0012157358087751412,7.4722511693180226e-06,0.00039808245849105145,1.243634208200584e-06,1.3284155395868145e-06,3.995165855751109e-05,0.023230445292756197,4.798215734344746e-09,2.48663764406034e-06,0.00010487777673796368,0.0027575777633897652,7.680664530168913e-05,3.6329624983054116e-06,1.1227510359803026e-07,0.00283582247861116,0.9670983659098248,0.00015983407134770178,2.5306804911900764e-05,1.1803675191639512e-07,1.9235403842360165e-05,0.001644036155981989,5.386158992646032e-07,1.3965527048877125e-08,4.0854580980414934e-07
28,0.0003185271105631752,0.0009716374113514279,7.064644422960168e-06,0.000304890862608233,1.02304943865272e-06,1.0410432024844218e-06,3.181161660127526e-05,0.01739495649028579,3.3027070329671062e-09,2.0202363823019725e-06,8.8810077983794e-05,0.002195998877719545,6.0002772867331554e-05,2.8707234059481488e-06,8.10116246894971e-08,0.002373699094024038,0.9749594018961285,0.00013968236425209975,1.9983731415931996e-05,9.473736197313623e-08,1.7574989945473267e-05,0.0011079893445670032,4.935694628322903e-07,1.1509624008647784e-08,3.2953205354450533e-07
29,0.0003185271105631752,0.0009716374113514279,7.064644422960168e-06,0.000304890862608233,1.02304943865272e-06,1.0410432024844218e-06,3.181161660127526e-05,0.01739495649028579,3.3027070329671062e-09,2.0202363823019725e-06,8.8810077983794e-05,0.002195998877719545,6.0002772867331554e-05,2.8707234059481488e-06,8.10116246894971e-08,0.002373699094024038,0.9749594018961285,0.00013968236425209975,1.9983731415931996e-05,9.473736197313623e-08,1.7574989945473267e-05,0.0011079893445670032,4.935694628322903e-07,1.1509624008647784e-08,3.2953205354450533e-07
30,0.0003185271105631752,0.0009716374113514279,7.064644422960168e-06,0.000304890862608233,1.02304943865272e-06,1.0410432024844218e-06,3.181161660127526e-05,0.01739495649028579,3.3027070329671062e-09,2.0202363823019725e-06,8.8810077983794e-05,0.002195998877719545,6.0002772867331554e-05,2.8707234059481488e-06,8.10116246894971e-08,0.002373699094024038,0.9749594018961285,0.00013968236425209975,1.9983731415931996e-05,9.473736197313623e-08,1.7574989945473267e-05,0.0011079893445670032,4.935694628322903e-07,1.1509624008647784e-08,3.2953205354450533e-07
31,0.00028712836630633915,0.0009779792000179817,6.487408682513061e-06,0.00034285292740255144,1.1258416955291595e-06,1.1590948031825e-06,3.16934655142741e-05,0.01585919310359326,3.576850485960174e-09,2.0975339607218806e-06,8.780352792021324e-05,0.002209422206495804,5.848380214617376e-05,2.918204819152529e-06,9.36512934906327e-08,0.0024036295400436856,0.9764249959793777,0.00013399834557089433,2.1219472025702265e-05,1.0114977008116112e-07,1.691807866237387e-05,0.001129785605919101,5.456871741337284e-07,1.2826787089042457e-08,3.514031672499384e-07
32,0.00031120606531967796,0.000975660469079307,6.908503745393535e-06,0.0003109376954092825,1.0437460982892645e-06,1.0508681596428787e-06,3.2781512044832435e-05,0.01729833868202324,3.34971343751259e-09,2.0234490207705737e-06,8.926774879151364e-05,0.0021948950406150735,6.0654504178159466e-05,2.840311837101329e-06,8.514351423902574e-08,0.0024426730558322835,0.9749745951436171,0.00014027342349007418,2.133339545466823e-05,9.654790340037354e-08,1.8026334571905543e-05,0.0011144564827542962,5.018302357920371e-07,1.1857536651981195e-08,3.348390540555826e-07
33,0.0002895399396907658,0.001191491983479992,2.70340551673979e-05,0.00031130310295394276,1.7609936958560094e-06,5.580009792802917e-06,3.6961320608331205e-05,0.019489671060200546,2.11590479119565e-08,1.5063495774893247e-05,6.215776921022292e-05,0.0015271437457754543,4.1904482682397467e-05,1.0694922364043424e-05,2.196798415969552e-07,0.00479645080224817,0.9709724718686374,0.00017740158565860006,2.1327521365707633e-05,3.3636440133869995e-07,3.294282976926451e-05,0.0009844148763223574,2.6526085525362544e-06,3.7538586728672127e-08,1.4162841717468234e-06
34,0.000889941078894861,0.0009740018445544506,1.1275959044986516e-05,0.00041962586729339375,1.6393161177177578e-06,1.1070105416501477e-06,4.632364087839473e-05,0.021189439829398648,4.233119540579334e-09,1.7951863700872445e-06,0.0001712212888748143,0.0024119156299386786,0.00012370838714874163,3.011229728475503e-06,8.665124630618599e-08,0.0018169265716256474,0.97014440836139,0.000288140951443358,2.7438878744799143e-05,1.0758859737154958e-07,2.900835430821241e-05,0.0014480434589668372,5.536338297154147e-07,1.5716541644712564e-08,2.5933140153722216e-07
35,0.00012171174707733808,0.0011265133458494927,5.573867759783708e-06,0.0003948360286072958,9.709485147722392e-07,9.656598272112096e-07,1.7215594007615374e-05,0.007928811354654246,2.64388950649568e-09,2.3115085312804763e-06,4.7848435985697374e-05,0.0014696676636957865,4.28793876914326e-05,2.5622539274914526e-06,1.1810454076240546e-07,0.002248229689024392,0.9858288000257572,5.138596468569494e-05,1.3901175675716798e-05,1.3104936920922753e-07,9.417297333275915e-06,0.0006851000815404774,6.38017729413942e-07,1.3504098267660024e-08,3.946502267770021e-07
36,0.0011395942774942507,0.0006095437491602174,2.0783364793449165e-05,0.00042292947276773815,5.941417750413396e-06,1.3849253480782577e-06,3.0504506174389365e-05,0.004478013055501135,3.1692617525185636e-09,1.129709940036058e-06,0.0002626239999696165,0.0008949205617499571,8.448388554097758e-05,1.6594284082653147e-06,4.691037223867845e-08,0.0004927652635648418,0.9908837094959679,0.00030151415183790175,1.7294556756899655e-05,9.717831920885875e-08,6.602481478565373e-05,0.00028263202210893773,2.1367483291568947e-06,6.12682206351352e-08,2.0206587638842393e-07
37,0.0003086689805957134,0.0009728581270721586,6.910474762200196e-06,0.00030435377769595217,1.0088262357818897e-06,1.0433354867901157e-06,3.138627590782038e-05,0.01741949555135623,3.264798190260417e-09,2.0269839361939544e-06,8.773640335641481e-05,0.002183349783979257,5.866534722295625e-05,2.8569312382379148e-06,8.241772899867288e-08,0.002391948590728208,0.9749468891233308,0.00013599691554229531,1.998647305628268e-05,9.423592502926674e-08,1.7316155274903946e-05,0.0011064877972672272,4.914064360519527e-07,1.131536247715489e-08,3.3150570363191523e-07
38,0.00030747974483371124,0.0008434675190052675,7.247992118854142e-06,0.00027223382380185776,8.903304065492833e-07,1.177082962500918e-06,3.680529848397117e-05,0.0154241299047392,2.9138323816554133e-09,1.9925258467031173e-06,7.70413463370241e-05,0.0019862586351034406,6.595033578713858e-05,2.086293697147076e-06,7.855929986639639e-08,0.003004241564346136,0.9768056825647177,0.0001473876033144248,2.191255852386618e-05,1.0789296665008148e-07,1.7357491980614037e-05,0.000975684212054181,4.787862080099466e-07,1.1508522576383524e-08,2.935111102468653e-07
39,0.0003394231083142839,0.0010852429841008138,7.337648881436093e-06,0.0003707579263562507,1.1172960843344195e-06,9.941055814952883e-07,2.967775518838341e-05,0.014920698036866435,3.6640533003846557e-09,2.1701466257088173e-06,8.549613757438888e-05,0.0020318882339481663,6.531235134625729e-05,3.1685785311993015e-06,8.562086145222252e-08,0.0021471631163047654,0.9776430843539108,0.00014595077608697173,2.0532839571595537e-05,9.789896891117045e-08,1.7564617038513498e-05,0.0010813270606763595,5.680374079481777e-07,1.3589999840990103e-08,3.241157205905495e-07
40,0.00031660848138187155,0.0009730671749497072,7.051977978924387e-06,0.00030888084986477674,1.0265169922756494e-06,1.0486903875312427e-06,3.2004213448608e-05,0.01754252812523997,3.3293115132172655e-09,2.0464094675679294e-06,8.865905414820796e-05,0.002182668409516391,6.013263201241141e-05,2.88416278488886e-06,8.148077255584762e-08,0.002400894318958151,0.9747929530396511,0.00014192387139840178,2.031488610219076e-05,9.57868081407085e-08,1.770908391890148e-05,0.0011065771431671768,4.997206612974067e-07,1.1577011551408567e-08,3.2906406569706766e-07
41,0.00036046519414993715,0.0010574319180089809,7.653981926699243e-06,0.0004470939344861072,1.2720114621305133e-06,1.2969200382952332e-06,3.2331197182666976e-05,0.019097404901199596,3.8648820467628525e-09,2.3175925350501924e-06,9.219303299911625e-05,0.002363016197645617,6.385168494953033e-05,2.903406220542183e-06,1.0989198635494556e-07,0.002539599873834925,0.972570987043375,0.00014082752361025221,2.0252875760896607e-05,1.0571800361413238e-07,1.5189511136753458e-05,0.0011827955685143742,5.445617004871154e-07,1.2492548489377717e-08,3.391018423191044e-07
42,0.0011920912113661827,0.0007964242472209954,3.7400600116685174e-05,0.0007226504172009491,3.841077886295535e-06,1.7270558591572574e-06,4.950026903676256e-05,0.013253943555067297,1.0819288157739465e-08,4.568589994001028e-06,0.00017847206254865516,0.0013134926622452288,8.699318150247781e-05,1.2649539673546784e-05,2.8118958182035416e-08,0.0007009729434209053,0.9791217466024806,0.0021210412967591318,1.9278193846156958e-05,1.838696223915455e-07,8.129235427835984e-05,0.0002961785857443813,5.250289670186045e-06,3.751143029871963e-08,2.2494478283404432e-07
43,0.0003293515831791731,0.0009689507303923637,6.691087524280699e-06,0.00029321015669631203,9.691941558338326e-07,8.667730919201211e-07,3.080782258820557e-05,0.015916299204680476,2.90087731899646e-09,1.6899681298630751e-06,8.761019820977667e-05,0.00225181811573072,6.126289204845168e-05,2.6417287013977e-06,7.067464398145525e-08,0.002144179373531987,0.9766705343900197,0.00013421210167896338,1.8414256654608546e-05,8.401310255089039e-08,1.6269104056105874e-05,0.0010633211210293295,4.349027763133457e-07,1.0804870773479511e-08,2.969016296445761e-07
44,0.0003185271105631752,0.0009716374113514279,7.064644422960168e-06,0.000304890862608233,1.02304943865272e-06,1.0410432024844218e-06,3.181161660127526e-05,0.01739495649028579,3.3027070329671062e-09,2.0202363823019725e-06,8.8810077983794e-05,0.002195998877719545,6.0002772867331554e-05,2.8707234059481488e-06,8.10116246894971e-08,0.002373699094024038,0.9749594018961285,0.00013968236425209975,1.9983731415931996e-05,9.473736197313623e-08,1.7574989945473267e-05,0.0011079893445670032,4.935694628322903e-07,1.1509624008647784e-08,3.2953205354450533e-07
45,0.0002851534787551656,0.0009006239294322078,6.888332261273742e-06,0.00020940371509353212,8.015533834888447e-07,7.531384999919925e-07,2.22972092109604e-05,0.013017448796075881,2.5524550185274653e-09,1.7711425340011865e-06,7.70535829601132e-05,0.0018120748639363653,4.7156764846044884e-05,2.9395137303447378e-06,5.511663000088302e-08,0.0018565394451961015,0.9807274665380661,0.00012244489153987934,1.494402529441755e-05,7.47500893916023e-08,1.7611433339472393e-05,0.0008757100903977674,4.644334018672023e-07,1.0328811236908576e-08,3.103740592172099e-07
46,0.0010951886983105463,0.0027982976519394277,0.00013614882250009356,0.0032375434115133436,8.05246911054217e-06,2.13404446554492e-05,0.0002655093444003511,0.3830525071935203,6.320443256839733e-07,0.00021459923657363055,0.0003858056232212411,0.0030488569029037678,0.00045237867459299184,0.00031137013446876354,4.73820223629782e-07,0.011148458250436262,0.5750183994366562,0.012894573186278895,0.00034509737875850784,5.068565618918926e-06,0.00046719012508698415,0.005067780700886668,2.173781301587779e-05,2.394476242004168e-07,2.750623377773739e-06
47,0.00031681231182281017,0.0009613382205969648,7.259944423431617e-06,0.00031531546293438715,1.0585219785702544e-06,1.0726162737399034e-06,3.201713189468521e-05,0.017624543035997704,3.3982260299914313e-09,2.0966575517208852e-06,9.000693112303155e-05,0.0021544984506266297,5.921641580709327e-05,2.9795224152705873e-06,8.157172638495769e-08,0.0023461797514904106,0.9748238113589225,0.00014595192657508224,2.0425185887170272e-05,9.642001090968917e-08,1.831505522122849e-05,0.0010760523292904604,5.247971454891194e-07,1.171238921553609e-08,3.312696692256682e-07
48,0.0014755092279306985,0.0007857497203968544,7.587922759001926e-05,0.000754125366932653,9.259814726406786e-06,5.674538457056449e-06,0.0001128940578570862,0.0380527414145043,4.141671639879175e-08,8.344748594198008e-06,0.00039666933232703497,0.0070667871819066605,0.00045391902835951423,1.0700472984784867e-05,1.4896311257098442e-07,0.008120532544100723,0.9387991346565655,0.0015210347583328458,4.135542938802178e-05,2.075134411341174e-06,5.772851422379193e-05,0.002246659752468074,1.776151858571009e-06,1.9029234264983877e-07,1.0682539123183413e-06
49,0.00033749776618292903,0.0009513511316917882,7.498530247821261e-06,0.00029377278663945847,1.0251420974525359e-06,1.1466268891438027e-06,3.279875148232769e-05,0.017544559217349643,3.2912319509020407e-09,1.9256631236748216e-06,9.130279554257039e-05,0.002415007850843272,6.291098573416016e-05,2.7302402360482423e-06,7.792873913588554e-08,0.0023703081667649454,0.9745736738207179,0.00013276634793709397,1.7369232751348115e-05,9.927388987632463e-08,1.62328311198048e-05,0.0011451377275545304,4.670399769270668e-07,1.1114575958271224e-08,3.257366802842943e-07
50,0.00035154192265920796,0.001148017432511734,8.176644588387982e-06,0.0003643635879896865,1.103280151282795e-06,1.3641051532876432e-06,4.1277541122177514e-05,0.02678240455665664,4.825715661122482e-09,2.874461727073214e-06,0.00010098032683149593,0.0027015685811092576,7.010483105928044e-05,4.091665341583534e-06,1.0430232663455904e-07,0.002892470950863535,0.9637842169553328,0.00016889530656109827,2.4991572227614673e-05,1.1565534563396654e-07,2.0242361288751747e-05,0.0015301047138727077,5.526516559934053e-07,1.2078991381101491e-08,4.196889172685476e-07
51,0.0003989701484770979,0.00162430553571853,7.1050814952869e-06,0.0005860716936190745,1.1165392130983933e-06,1.1642236454480793e-06,3.3322559067568644e-05,0.02856623230525257,4.355340202014286e-09,2.693343615054865e-06,0.00011041979305814185,0.0029651169204182736,7.96279142448639e-05,4.370428522189156e-06,1.2418750068974712e-07,0.0024681596436361523,0.9612014314387114,0.00016029628785626816,2.4231457402182576e-05,1.0523745207938941e-07,1.623904884284201e-05,0.001747988050172408,5.264466465990367e-07,1.1320626752919987e-08,3.660394652768652e-07
52,0.00030081418222230544,0.000951854770608123,6.753655319993446e-06,0.0002802170302672415,9.973372720628065e-07,9.716552811606384e-07,3.109138050749432e-05,0.016040689423733212,3.0805856466546883e-09,1.8114965464167348e-06,8.585477804290652e-05,0.002212019212256549,5.66294415221797e-05,2.7147914611766806e-06,7.599091846405101e-08,0.002220376868502576,0.9765835111880988,0.00012295280484558236,1.842952977479656e-05,8.705343642064596e-08,1.679873185801864e-05,0.001064542504324639,4.6356361358313097e-07,1.1041237400540078e-08,3.2848776329172136e-07
53,0.00029292359077710996,0.0009319688006556571,6.8731793431238394e-06,0.00027357203822628046,9.94767309306499e-07,1.1513987011312077e-06,4.194140310222589e-05,0.019653880728884684,3.5874327888615444e-09,1.919495395229009e-06,8.797178855637428e-05,0.002589329440666425,5.89984221606439e-05,2.903905599863793e-06,8.067771251891076e-08,0.0026551219931688803,0.972070041541255,0.00014387241283186138,2.0299970404980384e-05,1.0151605941594443e-07,1.7130004566830953e-05,0.001148065940997181,4.833662674408545e-07,1.0486299460409506e-08,3.5954362570475e-07
54,0.00024290515657880035,0.0011797231435789726,6.440018131759092e-06,0.00024688349032934146,7.736525188649458e-07,9.714241448092693e-07,2.856272828003239e-05,0.019033029219975038,3.508871517833051e-09,2.367159281706505e-06,6.970113424139697e-05,0.0027445835580023497,5.135685000321982e-05,3.3035710522278367e-06,9.819836658160807e-08,0.0031984508499189584,0.9716974492958382,9.21062328613385e-05,1.7993399568393545e-05,9.45761603944621e-08,1.3173866472072793e-05,0.0013691591308207032,3.812183323206673e-07,1.0470504365560945e-08,4.781461664237426e-07
55,0.0002729645419590532,0.0009362678096847223,6.770862373622992e-06,0.0002577976101782051,8.566037889104387e-07,9.64898802883587e-07,2.3783886202970246e-05,0.016366440636986345,2.788233925972217e-09,2.1784361439852566e-06,8.009749934488042e-05,0.0017331100708676379,4.810306973048456e-05,2.8535865737347528e-06,7.963514158219246e-08,0.00224478815800302,0.9768765853460379,0.00011566539852625904,1.7953201190255935e-05,8.632864065521084e-08,1.733662804267388e-05,0.0009944787391348115,4.935927195290794e-07,1.0097680301780522e-08,3.305740116539412e-07
56,0.00033007186704993205,0.000988294479695626,7.175188558545053e-06,0.0003080903914163578,1.040902326456282e-06,1.0473695128984081e-06,3.287915799715265e-05,0.01765968596055054,3.3862702939611893e-09,2.0172848248293708e-06,9.15344850796949e-05,0.002254190269027667,6.293359332251562e-05,2.9080695795068413e-06,8.229433089615122e-08,0.002373766830328436,0.9745528609949281,0.00014179011428136335,2.0447211420520074e-05,9.639225876892243e-08,1.7938403084804233e-05,0.001150308987303331,4.915355571339829e-07,1.1768047386559946e-08,3.3306324727344735e-07
57,0.00028944226447996424,0.0010286392721089621,6.309778775978734e-06,0.00029685311741577065,9.392799289127501e-07,9.287327229735675e-07,3.380950636825257e-05,0.016855558036884943,3.082518851848011e-09,1.881931848861508e-06,8.654323688341086e-05,0.002321221135181465,6.854539110662922e-05,2.6428244372164656e-06,8.448039757720275e-08,0.0026275293955267333,0.9749777114243958,0.00012645205375800612,2.352627705793258e-05,9.601512387157191e-08,1.7850858282393053e-05,0.0012326606751793642,4.261156764755443e-07,1.1764199255693175e-08,3.333497404423663e-07
58,0.0003244692714041291,0.000996700946112087,7.186597097826104e-06,0.0003181182031512243,1.1289068610758166e-06,1.0765616351696838e-06,3.401289003563963e-05,0.016309091237567852,3.5797870852721886e-09,2.0159257288914236e-06,9.158403691030897e-05,0.002243498428546733,6.615221317454801e-05,2.842809548406614e-06,8.561939513422274e-08,0.0024329155596011665,0.9758435602535572,0.00014105539437107108,2.144226238161504e-05,1.038822481504411e-07,1.83935756941044e-05,0.00114368864421678,5.170921170073786e-07,1.3454267304088418e-08,3.4265458948706913e-07
59,0.0003142085575717291,0.0009688989151085311,7.320484684957584e-06,0.0002970142151045927,1.0678737598644414e-06,1.0520589328730567e-06,3.1402131591641455e-05,0.015899611611150544,3.4047838082045343e-09,2.028595179217506e-06,8.725805453826524e-05,0.0021384218839795377,6.107093775363873e-05,2.829823486319136e-06,8.011423010214864e-08,0.002366408123972771,0.9765692628209756,0.00013395218993247213,1.9666234317221938e-05,9.893251007578645e-08,1.794221156081394e-05,0.0010795373387148387,5.102311641945085e-07,1.2790738666181413e-08,3.4046425768211966e-07
60,0.0003185271105631752,0.0009716374113514279,7.064644422960168e-06,0.000304890862608233,1.02304943865272e-06,1.0410432024844218e-06,3.181161660127526e-05,0.01739495649028579,3.3027070329671062e-09,2.0202363823019725e-06,8.8810077983794e-05,0.002195998877719545,6.0002772867331554e-05,2.8707234059481488e-06,8.10116246894971e-08,0.002373699094024038,0.9749594018961285,0.00013968236425209975,1.9983731415931996e-05,9.473736197313623e-08,1.7574989945473267e-05,0.0011079893445670032,4.935694628322903e-07,1.1509624008647784e-08,3.2953205354450533e-07
61,0.00033293597115304765,0.0009636084922674429,7.675913564875167e-06,0.00029746590422727494,1.113845296349698e-06,1.0690039531945998e-06,3.275483269942617e-05,0.016454542372675966,3.5587141017921803e-09,2.03699117699596e-06,9.160091610279302e-05,0.002195778579304806,6.255086231345747e-05,2.9228059628116156e-06,7.917490143148665e-08,0.0023242001181089144,0.9759555363296686,0.00014097284158800724,1.995440669312807e-05,9.884077930522377e-08,1.889500878682591e-05,0.001093327346347706,5.186628802858033e-07,1.3116943136902537e-08,3.4410388993995637e-07
62,0.0003185271105631752,0.0009716374113514279,7.064644422960168e-06,0.000304890862608233,1.02304943865272e-06,1.0410432024844218e-06,3.181161660127526e-05,0.01739495649028579,3.3027070329671062e-09,2.0202363823019725e-06,8.8810077983794e-05,0.002195998877719545,6.0002772867331554e-05,2.8707234059481488e-06,8.10116246894971e-08,0.002373699094024038,0.9749594018961285,0.00013968236425209975,1.9983731415931996e-05,9.473736197313623e-08,1.7574989945473267e-05,0.0011079893445670032,4.935694628322903e-07,1.1509624008647784e-08,3.2953205354450533e-07
63,0.0003057193937281189,0.0009997036316566755,6.7307715297065936e-06,0.00030036013229070465,9.993243592985364e-07,1.0060470470561027e-06,3.121610705687083e-05,0.016867454510606353,3.236498723654362e-09,1.9815922871674642e-06,8.669763887431947e-05,0.0021812189279356467,5.850553944836741e-05,2.8347071241210204e-06,8.309255612205137e-08,0.002368687561401906,0.9755056085308704,0.00013140692363741637,2.025505373049854e-05,9.158078304206347e-08,1.7364988629836425e-05,0.0011112382117169617,4.857432630190664e-07,1.1486059224692943e-08,3.3526690841545443e-07
64,0.00031490399485336235,0.0009234430449074938,7.0909441904637935e-06,0.00027427868522569685,1.0368748022944588e-06,1.0121970313518687e-06,3.263902510272158e-05,0.01664491204268537,3.2438823340870184e-09,1.9131072279099468e-06,9.139837564612921e-05,0.0021290467076463637,5.874248946869698e-05,2.8542343100144316e-06,7.514576326086998e-08,0.0022512570833935915,0.9760185782737277,0.00014170959174607253,2.0364230438146592e-05,9.173529496033519e-08,1.9613420526090858e-05,0.0010641894533317618,5.047116231650168e-07,1.1716990448515599e-08,3.296701842878955e-07
65,0.0003376524107767747,0.0011682552579757456,8.22384499072196e-06,0.0003023502488524934,1.012506976394122e-06,1.046570154092461e-06,3.190224917930716e-05,0.01983952273981623,4.177673263436381e-09,2.496305299540209e-06,8.937314055908649e-05,0.0024482628234251264,6.742862741044442e-05,3.855327423411485e-06,8.398091091318565e-08,0.002580669224216946,0.9715963510605053,0.00014241540645528524,1.97778112314571e-05,1.1023045134748896e-07,1.8459869647685577e-05,0.001339820136196722,5.078561181198991e-07,1.3074438698961376e-08,4.051193147722375e-07
66,0.00031351042632745584,0.0009704101125693575,6.9725303202568005e-06,0.00030333799715344867,1.0234594468294332e-06,1.0396318082501567e-06,3.15211511402628e-05,0.017087295109938335,3.29865270294411e-09,2.012586620804227e-06,8.805640345268374e-05,0.002177896317791828,5.8667827615779923e-05,2.8707147420222793e-06,8.133358650666214e-08,0.002352550147590351,0.9753304939051805,0.00013789529092209218,1.996931875080252e-05,9.33393197500624e-08,1.757484833923241e-05,0.00109588287180927,4.981745993191091e-07,1.1540091410682952e-08,3.31662230900697e-07
67,0.00032282763659306497,0.0009936153628664587,6.8939287103191505e-06,0.00030568758774223673,1.0273484151247316e-06,1.040804347897943e-06,3.258084555902164e-05,0.017894497192367784,3.373879778432655e-09,1.997357878422506e-06,9.031951502804998e-05,0.0022967951164276313,5.980567054658283e-05,2.913264640465945e-06,8.330819313932957e-08,0.0023705790578044876,0.9742792011705024,0.00013709706481376222,2.035087915874757e-05,9.101907238150255e-08,1.754245350624911e-05,0.0011642209856694192,4.799294469722507e-07,1.1402960907129834e-08,3.377238687024445e-07
68,0.0003275811939833974,0.0009529337617143331,6.401793505683419e-06,0.00027573113627949434,9.480681652072466e-07,9.254732833947863e-07,3.066465869669441e-05,0.017806470025200707,2.8564679892857743e-09,1.7873368002282581e-06,9.181480479102675e-05,0.0021276730811291954,5.814152115042932e-05,2.573649026544051e-06,7.69946794900752e-08,0.002298375459571726,0.974717734445595,0.0001350194263434047,2.0395340229259964e-05,8.236704591733966e-08,1.796055075916024e-05,0.0011259557819342679,4.3554143622982224e-07,1.0381204748887136e-08,3.0435100653674354e-07
69,0.0003118976072370896,0.0009735268072800228,6.400360989160124e-06,0.0003028387968228969,9.978261103368524e-07,9.550734258401597e-07,2.974984154608104e-05,0.015541925776719753,2.995461239217497e-09,1.8009746367699433e-06,8.463353761711282e-05,0.002142042492861368,5.641248614938767e-05,2.5640535601054177e-06,8.06772231352719e-08,0.002214339584536807,0.9770991282001114,0.000122314269571703,1.913094257696096e-05,8.177003159187866e-08,1.6104473637481286e-05,0.0010722914464778837,4.554817962402117e-07,1.1118046083007512e-08,3.134055734611754e-07
70,0.0002745459260923619,0.0008754569293149899,6.188124655930714e-06,0.00022015699941008239,8.349708090790381e-07,8.922597685763247e-07,2.9086126526628993e-05,0.015406603220771394,2.717895125163871e-09,1.8382277926945692e-06,8.073254926749657e-05,0.0019768434424210744,5.1690333401222484e-05,2.5135547126331304e-06,6.927063864710417e-08,0.0024758512532478344,0.9774245714678658,0.00013022335632125836,2.022467731800808e-05,8.31473042801491e-08,1.8489215712015208e-05,0.0010023284521018497,4.405312771085118e-07,1.0762977956701067e-08,3.224823958448025e-07
71,0.0003072748396794506,0.000998961400525054,7.432838378152233e-06,0.000310490243183637,1.085470382484207e-06,1.09823670442043e-06,3.408712082145831e-05,0.018991194134206423,3.78894706305954e-09,2.252608860214593e-06,8.96851086811082e-05,0.002251534710716367,6.262222356479154e-05,3.288396738779073e-06,8.169557015906143e-08,0.0025699505749794305,0.9730163754264759,0.00015410318020748402,2.1094873680423094e-05,1.1033702611687279e-07,1.900882652736519e-05,0.0011573537113153197,5.412605991484125e-07,1.2419082585991377e-08,3.565731467191087e-07
