,0,1,2,3,4,5,6,7,8,9,10,11,12,13,14,15,16,17,18,19,20,21,22,23,24
0,0.0004889507248925914,0.0026979852576608414,6.35088646500973e-06,0.0009996611187638288,6.382877869131364e-07,2.256775260015994e-06,0.00015610128590645535,0.39736936416240143,1.593344017753351e-08,9.532992023527658e-06,0.00026994943986777704,0.004938928799351838,0.0001554719081038355,2.0205864879553494e-05,3.192339479372558e-07,0.004906118638205378,0.5788246161143115,0.0008303160585937671,0.00024641910040316956,1.234197430241654e-07,7.729898869332432e-05,0.007998203242110829,6.200508348334432e-07,6.330736975559747e-09,5.453856153164173e-07
1,0.0004464086153619541,0.002579876334746424,6.295367413635602e-06,0.0009752595490320799,5.639900104441494e-07,1.8401932493642957e-06,0.00014441321358729753,0.3732018630792193,1.1890302962288581e-08,8.419742939957318e-06,0.00023299199686501606,0.004862724366699434,0.00015326603780206648,1.5537018568798806e-05,2.845925209372457e-07,0.005509890651228121,0.6040986372159247,0.0007159423793959581,0.0002305195120580011,1.1432465031134031e-07,6.561672736519123e-05,0.0067485400202827355,4.992219390906066e-07,5.5767582939376e-09,4.783820778140367e-07
2,0.0004523138319981137,0.0026075342840364644,5.494880301723544e-06,0.000986126832709058,6.191160453836683e-07,1.790930787777231e-06,0.00013522405576024305,0.3937840416508802,1.2006743905597977e-08,7.603321138571481e-06,0.0002647143673340338,0.005075304038510469,0.00014520134724285783,1.6839239869013245e-05,3.0663766699649927e-07,0.0046877469725631815,0.5833451101045837,0.0006814962418814917,0.0002094905216874632,1.1303385180314671e-07,6.150620173916977e-05,0.0075304274258505425,4.938372595320881e-07,5.181556927305478e-09,4.839380013218958e-07
3,0.0004911106080878984,0.0026280431072213998,5.776149567139304e-06,0.0010082637582096141,6.097034124752807e-07,1.7261115576364982e-06,0.00013985398687041972,0.35208044778858183,1.0875973610932518e-08,7.110183303978338e-06,0.0002583977841924615,0.004938394906192436,0.00015175386314380913,1.5036816075053133e-05,2.6984661319778637e-07,0.004504052402004356,0.6259881263678174,0.0007065676884158799,0.0002106147405310822,1.0116132077517044e-07,6.44627413026611e-05,0.006798328858586684,5.004204873494283e-07,5.283679703765251e-09,4.3484685114997504e-07
4,0.0005310011498437411,0.002763960153546767,6.142710641925218e-06,0.0010413563938348074,6.315524562572016e-07,1.694155482699942e-06,0.00014625324677428053,0.36360968901530355,1.174913675257644e-08,7.2876456827413645e-06,0.0002734197299495349,0.005151207724284278,0.0001705455173952767,1.6428413819170465e-05,2.6781391671698473e-07,0.004329648749205358,0.6136021923724678,0.0007431264209525178,0.00021633225951591772,1.0610159118947671e-07,6.810341599586992e-05,0.007319639964863602,5.037369855922286e-07,5.602653313476124e-09,4.44403700404503e-07
5,0.0005153889851294945,0.0026458882733421396,6.114444884617879e-06,0.0011714282651647146,6.803106312623387e-07,1.8415984758564733e-06,0.00014549289167763594,0.35542117670670886,1.1668150185143546e-08,7.6143709459682445e-06,0.00026737359579970347,0.004851719195957372,0.00016440012254595205,1.5676691668071634e-05,2.6846566539473574e-07,0.004569322788817253,0.622613088696995,0.0008509714336965989,0.00022128541565455637,1.1529892933759112e-07,6.755977317529192e-05,0.006461586817806635,5.745522061446438e-07,5.859184769604345e-09,4.1377678711885104e-07
6,0.0004911106080878984,0.0026280431072213998,5.776149567139304e-06,0.0010082637582096141,6.097034124752807e-07,1.7261115576364982e-06,0.00013985398687041972,0.35208044778858183,1.0875973610932518e-08,7.110183303978338e-06,0.0002583977841924615,0.004938394906192436,0.00015175386314380913,1.5036816075053133e-05,2.6984661319778637e-07,0.004504052402004356,0.6259881263678174,0.0007065676884158799,0.0002106147405310822,1.0116132077517044e-07,6.44627413026611e-05,0.006798328858586684,5.004204873494283e-07,5.283679703765251e-09,4.3484685114997504e-07
7,0.0007478142260620836,0.00283440003022784,6.972324446901493e-06,0.0011257996138207685,5.730023152317597e-07,1.531410847279438e-06,0.00015475017030838108,0.3806191833421023,9.878093458281732e-09,6.380947417322623e-06,0.0003093626329352222,0.005307073992057954,0.00025844847095986024,1.2854778774489723e-05,2.576115310207697e-07,0.004303532406320887,0.5949282926985061,0.0007811189591397952,0.0002182451477674599,1.1210506582090228e-07,6.323729700116863e-05,0.008319312999365062,3.84162320495728e-07,5.349685920044642e-09,3.4644292730672275e-07
8,0.0004621703051744664,0.002416622369814396,5.065863008159849e-06,0.0009463348081315226,5.647045219065541e-07,1.7521831127170493e-06,0.0001661795367934163,0.39061080624073763,1.0475762411231633e-08,6.442173338066781e-06,0.00026910207141637294,0.005023473555876545,0.00016076911760160058,1.3960930482660818e-05,2.5036728217222866e-07,0.004593092028544419,0.5871088933497042,0.0007876387404628778,0.00024169132997718833,1.0055405384728888e-07,7.046905454844332e-05,0.007113752030173194,4.6700175997002956e-07,4.679641592458914e-09,3.865280803011855e-07
9,0.0005427715162988839,0.002407124358564313,5.106418962711502e-06,0.0009412843085877999,6.026776574798795e-07,1.7247804039462634e-06,0.00017109999967589723,0.36317832381335957,9.819396065790682e-09,5.569771528832444e-06,0.0002877819001661787,0.005246523453515973,0.00016368051738287168,1.263336582355925e-05,2.4689535215838854e-07,0.004163980435261166,0.6146737149939809,0.0007726978617682903,0.0002286391775811194,8.885255929939095e-08,6.993138017362093e-05,0.0071256391438411625,4.519721292337198e-07,4.610932312856467e-09,3.679750967567597e-07
10,0.0004911106080878984,0.0026280431072213998,5.776149567139304e-06,0.0010082637582096141,6.097034124752807e-07,1.7261115576364982e-06,0.00013985398687041972,0.35208044778858183,1.0875973610932518e-08,7.110183303978338e-06,0.0002583977841924615,0.004938394906192436,0.00015175386314380913,1.5036816075053133e-05,2.6984661319778637e-07,0.004504052402004356,0.6259881263678174,0.0007065676884158799,0.0002106147405310822,1.0116132077517044e-07,6.44627413026611e-05,0.006798328858586684,5.004204873494283e-07,5.283679703765251e-09,4.3484685114997504e-07
11,0.0005151943074128405,0.0026956092870593727,5.912589863318437e-06,0.0010164990029776836,6.245947979936466e-07,1.7018057578503395e-06,0.0001451035658765575,0.35100595643908705,1.1092299082434453e-08,6.991533763310285e-06,0.00026845887130545114,0.0051189619779423694,0.0001657386463633724,1.5020464039302504e-05,2.749368083922961e-07,0.004505918701330289,0.6263640315456573,0.0007023669986395541,0.0002162828455892288,1.0450811285358061e-07,6.560955297963273e-05,0.007182693804706124,4.868319413274699e-07,5.5351267469757105e-09,4.405605630058673e-07
12,0.00041091260460435116,0.002006180451317003,6.02149635935776e-06,0.0006552732253054728,9.232336817169855e-07,1.7665203773389695e-06,9.886167690802753e-05,0.23784350720832487,1.0797585192749537e-08,6.446344543925495e-06,0.00027516031780333225,0.004528002366355875,0.00010818581225186643,1.674625728622223e-05,2.228881743254799e-07,0.003913078442056655,0.743700857039239,0.0006036487933475752,0.00012782347604225358,1.3282084313872378e-07,6.529805891067233e-05,0.005629708292860996,6.544499979078309e-07,6.950758287628777e-09,5.704750646724794e-07
13,0.0005132930516537956,0.0025410752444512802,5.085081393779376e-06,0.0008574810724649451,5.798580628738158e-07,1.3730942240744149e-06,0.0001260136599484681,0.4000174818155168,9.814047531340439e-09,5.7098548413847395e-06,0.0003133301421407201,0.0056329442175511845,0.00014781848362911736,1.616160678191331e-05,2.681128121989185e-07,0.00367375870143701,0.5770939140251203,0.0006205231100856012,0.00019322950452278464,8.607969267302866e-08,6.18972067654659e-05,0.008177138677839355,3.796757883737614e-07,4.3398553646617595e-09,4.4356937297056814e-07
14,0.00044893511885952934,0.0024643013392078063,5.818614275164543e-06,0.0008107399245270414,5.103269587406309e-07,1.8241517785632556e-06,0.00014118941695282248,0.3633524903302637,1.1034452699739802e-08,7.0674754071794235e-06,0.000227434851730066,0.005321669774811084,0.00012954752724211505,1.428708861127291e-05,3.046660374970511e-07,0.00515768694402777,0.6139730569602347,0.0005526211854163756,0.00018562253350722728,9.665483385827375e-08,5.245963426060928e-05,0.007151384140008932,4.197980676837615e-07,4.521486500138907e-09,5.159870412579945e-07
15,0.0004911106080878984,0.0026280431072213998,5.776149567139304e-06,0.0010082637582096141,6.097034124752807e-07,1.7261115576364982e-06,0.00013985398687041972,0.35208044778858183,1.0875973610932518e-08,7.110183303978338e-06,0.0002583977841924615,0.004938394906192436,0.00015175386314380913,1.5036816075053133e-05,2.6984661319778637e-07,0.004504052402004356,0.6259881263678174,0.0007065676884158799,0.0002106147405310822,1.0116132077517044e-07,6.44627413026611e-05,0.006798328858586684,5.004204873494283e-07,5.283679703765251e-09,4.3484685114997504e-07
16,0.0004277228533934434,0.0025247346205329534,6.740364422387247e-06,0.0009484367365196131,6.311524274329831e-07,1.8501904341660728e-06,0.00013762007839840016,0.2643850769253632,1.046038369504458e-08,7.75029956046666e-06,0.00021824027018429776,0.003983067939862179,0.00014559483112609964,1.2750395818382699e-05,2.4902291358925284e-07,0.004994499895816426,0.716197306230034,0.0006268713155100904,0.00020270554080262622,1.1421785417626839e-07,6.702940416186841e-05,0.005109941010265435,6.051648908592398e-07,6.6996244647450104e-09,4.4437969997928383e-07
17,0.00026190843821278056,0.002673869178182915,4.714758932933139e-06,0.0009905762924319367,3.226501933959033e-07,1.990852942733752e-06,9.121404575736221e-05,0.3640168902182063,7.960571143705542e-09,1.1220457270710208e-05,0.00013957340158531588,0.0035217151042039466,8.880174445001732e-05,1.0074505802341399e-05,4.935144085097047e-07,0.009323328381922584,0.6130219632685991,0.00040748433959694275,0.0002323556976865673,1.0172097448448482e-07,3.667486237062534e-05,0.005163788415438028,4.173059134150365e-07,3.950938903318439e-09,5.089334070102071e-07
18,0.001304173082740722,0.00322136990143745,7.231767699285566e-06,0.008881427161846814,9.585139289807487e-07,2.3594919471673984e-06,9.54529210596792e-05,0.5101085321720873,6.8237753231673304e-09,7.5573342394026175e-06,0.0002828935867469342,0.002802389652132566,0.0004046875580875527,4.567907030942183e-06,3.634696278841673e-07,0.003948565126284687,0.46272593404303564,0.0010153930979916756,0.0001626114456814799,1.4288325698327475e-07,2.265263985416897e-05,0.0050002265633767055,4.205386601618579e-07,4.704069364790421e-09,7.761340119153262e-08
19,0.0006212402561895387,0.0015622795489303577,6.236165096186201e-06,0.0003224394825420969,3.967151918062652e-07,8.283887659863055e-07,0.00011423678965824604,0.3345276264767913,5.192686807953919e-09,3.923950910144246e-06,0.00036061895477499723,0.003109968350266359,0.00013587476545777303,1.1092261756824872e-05,1.1260637329580173e-07,0.003167624680027991,0.6499642591486329,0.0009601836788261425,0.00019530509289256766,7.168075981455275e-08,0.00012134020707534179,0.004813681579360621,3.5721454626550495e-07,3.694165755911745e-09,2.9311832096184325e-07
20,0.0005096164072559431,0.0029057774338513364,5.172432785141009e-06,0.0011125698543999515,5.958026865971345e-07,1.7825457818832265e-06,0.00014478966254305372,0.4311700081452197,1.3030221494912546e-08,7.556843658554124e-06,0.0002916008892913465,0.005236937408919552,0.00017356620608334318,1.808089497006086e-05,3.2761226445069005e-07,0.004201203782132516,0.5438558565349734,0.0007034035425879968,0.0002367988068239382,1.0672217655990198e-07,6.453788846160363e-05,0.009358770387193524,4.6459308727085703e-07,5.0956844917608395e-09,4.5747694612637687e-07
21,0.0005434513513303603,0.0025952226466348653,6.683549372125297e-06,0.0009419712418852561,5.880870749637461e-07,1.3530773049194412e-06,0.00012877828511792563,0.33767300251018356,9.618875931234327e-09,6.710362191813816e-06,0.00025571259215900055,0.005183322337211102,0.00016669833946353113,1.529109622281887e-05,2.115376421575456e-07,0.0044968878922260055,0.6408061138508542,0.0007963676885538986,0.00019148175366793827,1.0248765688804475e-07,6.499813445106e-05,0.006124174634592915,4.5372332649606957e-07,5.359315048134503e-09,4.0784268525458716e-07
22,0.00025720906669793314,0.008723728521917771,1.9701502578571453e-06,0.003792995752315908,8.647632676290775e-07,2.5831294097835514e-06,0.0008699971279769845,0.5732529482551575,9.928388759754538e-08,9.43596810036604e-06,0.0001769078840062438,0.020201769341939728,0.00035511143752044844,2.3078560374505897e-05,2.7305003215275687e-06,0.013767299070044429,0.33277613572482867,0.00029809859452727003,0.0014206439562964865,1.2361883958783757e-07,3.2443783095935476e-05,0.044031867346279695,2.693379324834966e-07,1.6234449588901753e-08,1.6725905540883006e-06
23,0.0004911106080878984,0.0026280431072213998,5.776149567139304e-06,0.0010082637582096141,6.097034124752807e-07,1.7261115576364982e-06,0.00013985398687041972,0.35208044778858183,1.0875973610932518e-08,7.110183303978338e-06,0.0002583977841924615,0.004938394906192436,0.00015175386314380913,1.5036816075053133e-05,2.6984661319778637e-07,0.004504052402004356,0.6259881263678174,0.0007065676884158799,0.0002106147405310822,1.0116132077517044e-07,6.44627413026611e-05,0.006798328858586684,5.004204873494283e-07,5.283679703765251e-09,4.3484685114997504e-07
24,0.000565780375281993,0.0017620175829215988,7.287250882899405e-06,0.0004439126135322452,5.563318230642543e-07,1.9075743911405907e-06,0.00014387388604634435,0.31642225851165706,9.198544367367083e-09,5.402314578302561e-06,0.00028912307555206245,0.0053512569180937854,0.00013093830783033353,1.0814989511572025e-05,2.1674982491672092e-07,0.0048112573891997985,0.662722738595002,0.000535960841623634,0.0001465046240262521,9.621426992947312e-08,6.645182585135878e-05,0.006580754873518831,3.6514838375633205e-07,4.95682026221625e-09,5.098508324547193e-07
25,0.0003788190102087018,0.0046643204142280455,6.132530060769184e-06,0.000958397522193388,3.4167285134759276e-07,2.0987242197773245e-06,9.61620308464728e-05,0.08076515046695504,1.2543703584050945e-08,1.1855649729478816e-05,8.596424219906597e-05,0.0029061541492880066,0.00012559214443451632,1.009601268205534e-05,6.552201361245273e-07,0.006703935053533132,0.8966373902567938,0.0001954839125806168,0.000261672429665634,6.592621037394518e-08,4.466176552388231e-05,0.006143601369453994,6.171691956101657e-07,1.0614279070823553e-08,8.091690275790108e-07
26,0.0005587448599876681,0.0026808813981906133,7.626787932303402e-06,0.001115785665025978,7.804276676942015e-07,1.941023979199485e-06,0.00013940800474151913,0.28938661536729504,1.2989311864077242e-08,8.295738423011356e-06,0.0002541306941044046,0.004493949178672224,0.00016626567132688226,1.6127567808261367e-05,2.505608077646247e-07,0.004655930289317388,0.6896245290711298,0.0008495677830574932,0.0002018870262601254,1.26818138834007e-07,7.351118516173346e-05,0.005762482332882965,6.849378163288926e-07,7.683192796706394e-09,4.5693776824242656e-07
27,0.0005062075300318003,0.002887612697050405,5.394997977763513e-06,0.0011597889968667765,6.47159490884151e-07,2.049237146457977e-06,0.00015198911427069322,0.4238929877745547,1.4225435290753532e-08,8.015891462440828e-06,0.00027230103439447866,0.005525771958130553,0.00016697559926421944,1.7126856523733353e-05,3.5332644777833855e-07,0.004905966904423961,0.5503130794904205,0.0007027028763773386,0.00023474327405000723,1.1454968000646518e-07,6.056023371358103e-05,0.009184604780184407,4.861148936270117e-07,5.642507453756074e-09,4.997347010827329e-07
28,0.0004911106080878984,0.0026280431072213998,5.776149567139304e-06,0.0010082637582096141,6.097034124752807e-07,1.7261115576364982e-06,0.00013985398687041972,0.35208044778858183,1.0875973610932518e-08,7.110183303978338e-06,0.0002583977841924615,0.004938394906192436,0.00015175386314380913,1.5036816075053133e-05,2.6984661319778637e-07,0.004504052402004356,0.6259881263678174,0.0007065676884158799,0.0002106147405310822,1.0116132077517044e-07,6.44627413026611e-05,0.006798328858586684,5.004204873494283e-07,5.283679703765251e-09,4.3484685114997504e-07
29,0.0004911106080878984,0.0026280431072213998,5.776149567139304e-06,0.0010082637582096141,6.097034124752807e-07,1.7261115576364982e-06,0.00013985398687041972,0.35208044778858183,1.0875973610932518e-08,7.110183303978338e-06,0.0002583977841924615,0.004938394906192436,0.00015175386314380913,1.5036816075053133e-05,2.6984661319778637e-07,0.004504052402004356,0.6259881263678174,0.0007065676884158799,0.0002106147405310822,1.0116132077517044e-07,6.44627413026611e-05,0.006798328858586684,5.004204873494283e-07,5.283679703765251e-09,4.3484685114997504e-07
30,0.0004911106080878984,0.0026280431072213998,5.776149567139304e-06,0.0010082637582096141,6.097034124752807e-07,1.7261115576364982e-06,0.00013985398687041972,0.35208044778858183,1.0875973610932518e-08,7.110183303978338e-06,0.0002583977841924615,0.004938394906192436,0.00015175386314380913,1.5036816075053133e-05,2.6984661319778637e-07,0.004504052402004356,0.6259881263678174,0.0007065676884158799,0.0002106147405310822,1.0116132077517044e-07,6.44627413026611e-05,0.006798328858586684,5.004204873494283e-07,5.283679703765251e-09,4.3484685114997504e-07
31,0.00045683600386892695,0.002730191261144886,5.43720399195054e-06,0.0011988694226606601,7.002570899920813e-07,2.076223639802024e-06,0.0001479668613263444,0.33255411407654906,1.2536905419749089e-08,7.753499582138365e-06,0.00026415104806311996,0.005126253029695546,0.00015568575622819128,1.569829745554245e-05,3.311711271405339e-07,0.004781165778676625,0.6442166018229952,0.0007048095138975417,0.00023718521227736618,1.1382019501743663e-07,6.43603331895456e-05,0.007328621854254866,5.798336108588805e-07,6.194317939587001e-09,4.789872562099582e-07
32,0.00047706650424407537,0.0026379410110125303,5.6291648751140005e-06,0.0010249371106682244,6.188957895075006e-07,1.7466772165920964e-06,0.00014395256795849144,0.350561379807868,1.1025153288411516e-08,7.139122780549984e-06,0.00025968211487756206,0.004940010232234331,0.00015280651912272865,1.4877418165401647e-05,2.873081392148834e-07,0.004666792995216169,0.6272308431341529,0.0007040749102261078,0.0002262852444930864,1.0308984836050693e-07,6.603101071457721e-05,0.006876825876381515,5.072765661058343e-07,5.431409825613253e-09,4.4555088569371945e-07
33,0.00038460482930030565,0.003012042793743703,1.980438436594546e-05,0.0009344713924823016,8.162188087528696e-07,9.28308150545135e-06,0.00013093934373997821,0.3672040627966798,6.564982741687513e-08,5.865652798663275e-05,0.00015171446691777306,0.003003260134521763,8.778000440860352e-05,5.014641318342768e-05,9.679310192130991e-07,0.011203754972552063,0.6064601143277562,0.0007339087074245913,0.00023290247461811591,3.5057782471842164e-07,9.527248060338203e-05,0.006220648592484987,2.3358135409560623e-06,1.6176514208418102e-08,2.0799081897053067e-06
34,0.0012840215898262742,0.0024390704445947163,8.688446124051394e-06,0.0011482041391091436,8.540561716594311e-07,1.4763660173757498e-06,0.00017877724504944205,0.38346443532567204,1.1714352215473642e-08,5.276406369628319e-06,0.00047115840527313927,0.005078698043618147,0.00027488515192111614,1.4636964004977969e-05,2.5027449930242845e-07,0.002901038293969907,0.5932193290423224,0.001225547396004029,0.00024953556298520094,9.40312387250233e-08,9.901025998350528e-05,0.007934192073717221,4.807112907948966e-07,6.19784489707017e-09,3.2185803992182805e-07
35,0.00023154237803247075,0.004038728027574615,5.4446040500748205e-06,0.0015931116452904492,6.85609500649558e-07,1.6169151057022714e-06,9.443530961143116e-05,0.17722704440859877,9.751311579078878e-09,9.158365370261787e-06,0.00016112033285497424,0.004000093374200169,0.00015301691361393184,1.5098489289063884e-05,4.535027771729699e-07,0.005244961430363423,0.801429658653059,0.0002895945754374674,0.0001930384118303455,1.6293552913454317e-07,4.3571931178956995e-05,0.005266131010985793,7.102195013168889e-07,7.969198636805804e-09,6.032357345016629e-07
36,0.002212503658119235,0.0022619630959336127,2.1855964750901996e-05,0.0016970181501392268,4.592343924323572e-06,2.3128470027041242e-06,0.00018233743094087811,0.10285128989718585,1.1054467119715166e-08,4.2117383771485565e-06,0.0009644189535909129,0.002560506233041433,0.00032756175377919746,9.293041465778465e-06,1.7562145646586338e-07,0.00124239020932791,0.8811635241799053,0.0017458200355808108,0.000256468808881125,1.313832024052994e-07,0.00034547538627551763,0.0021433036889462664,2.4718118739788948e-06,3.900998859723008e-08,3.2370184348183483e-07
37,0.00047446424629136584,0.002628087711629426,5.6297665411792656e-06,0.001010468795086561,6.004471040940447e-07,1.7396611275157325e-06,0.00013804072565239383,0.3536774576886834,1.0781276836953405e-08,7.159690862144486e-06,0.0002546959746971416,0.004900568990935691,0.00014802256859692796,1.4945060147741439e-05,2.7624904282891e-07,0.004557339925440441,0.6244182649143118,0.000688464164494513,0.00021128022705829922,1.0080826637036916e-07,6.330173764856157e-05,0.006798138893158854,4.986225072570161e-07,5.185380852151621e-09,4.37164057714017e-07
38,0.0004837808833417971,0.0023812351295269176,5.972314610768885e-06,0.0009162642360950188,5.197251788088e-07,2.0629562106398256e-06,0.00017315655198200667,0.32114700037916577,9.756756836104211e-09,7.1879297528690225e-06,0.0002269728731655769,0.004581697297879572,0.00017235517077870515,1.090392142350608e-05,2.7686395616713883e-07,0.0060132821171790425,0.6565418388068114,0.0007490310692425411,0.0002447376072375697,1.1634108970717149e-07,6.52351625375048e-05,0.006275464177244463,4.956718329150443e-07,5.280344011550172e-09,3.9777665573033065e-07
39,0.0004826702987815906,0.002561814672070135,5.6938461115124995e-06,0.0009684602103427426,5.953611371146362e-07,1.7243194148799729e-06,0.00014054839925014984,0.3576642469263713,1.0614707513901444e-08,6.962868687628723e-06,0.00025787159257561104,0.004958329316126189,0.00014890190978818557,1.4662806910586931e-05,2.655191787854388e-07,0.004538049550956403,0.6204926517778478,0.0006944333324042655,0.00020842909284952063,9.970057908658114e-08,6.401481935347614e-05,0.006788641389441379,4.842532974878655e-07,5.102749514378445e-09,4.323190671373879e-07
40,0.00048645637623325643,0.002624735352153674,5.748294580719588e-06,0.0010212993791354449,6.11057600349277e-07,1.7369861994092364e-06,0.00014026761935268306,0.3541630497026212,1.094818243711784e-08,7.198081555917347e-06,0.00025711533108657627,0.004889804667043952,0.00015156551931727296,1.5078691773323963e-05,2.7080851338101165e-07,0.004545978251989358,0.6239303388054862,0.0007177843499091177,0.00021361375700399346,1.0219318701813144e-07,6.476550418077648e-05,0.006761523447813811,5.067498732167912e-07,5.307003355507256e-09,4.328182036527354e-07
41,0.0005262086066968478,0.0027332296355113642,6.025795244947017e-06,0.0014351270115773045,7.263789524359793e-07,2.0936084636848592e-06,0.00013004092046262997,0.37422932765259076,1.213430585117531e-08,8.028676528920092e-06,0.00025745728867530946,0.0051084130066937255,0.00014852546629753253,1.4800759297516167e-05,3.6837089564200155e-07,0.004707749963787899,0.6028597023271207,0.0006749421189389822,0.0002000305766680393,1.0989287208605836e-07,5.1290614374554633e-05,0.006904806622937881,5.342383657747843e-07,5.443668103528404e-09,4.428890714840641e-07
42,0.0021944220478113947,0.002672879742967295,3.4085672460285965e-05,0.0030139265216447826,2.8229703968451217e-06,2.6887762542357488e-06,0.0002950414603723308,0.27661860768856417,4.1107393504113765e-08,1.6403408573848445e-05,0.000544109350372736,0.0031642232082937692,0.0002943620409864791,7.405628105788368e-05,8.156777712166055e-08,0.0013174631546388372,0.692948984861497,0.014326853250082766,0.00025533643245533803,2.0599799575589858e-07,0.00040404741511942504,0.0018125155278748523,6.5494392237027316e-06,2.0851265103134018e-08,2.712249205168746e-07
43,0.0005284863725887758,0.002700240733099358,5.65789660227022e-06,0.0010034361252438913,6.012111171426148e-07,1.47161964676449e-06,0.00014003539849826701,0.3315112846378117,9.829244814270277e-09,6.082106096322159e-06,0.000263916001776564,0.0052259185707191,0.00016090548088662702,1.4242532944782163e-05,2.4050963574248423e-07,0.004166336199498164,0.6465929245607812,0.0007055699892444671,0.0001998178695465327,9.243236090012584e-08,6.185333350170216e-05,0.006710015652163309,4.5492408709317765e-07,5.126295237102091e-09,4.0088660927644955e-07
44,0.0004911106080878984,0.0026280431072213998,5.776149567139304e-06,0.0010082637582096141,6.097034124752807e-07,1.7261115576364982e-06,0.00013985398687041972,0.35208044778858183,1.0875973610932518e-08,7.110183303978338e-06,0.0002583977841924615,0.004938394906192436,0.00015175386314380913,1.5036816075053133e-05,2.6984661319778637e-07,0.004504052402004356,0.6259881263678174,0.0007065676884158799,0.0002106147405310822,1.0116132077517044e-07,6.44627413026611e-05,0.006798328858586684,5.004204873494283e-07,5.283679703765251e-09,4.3484685114997504e-07
45,0.0004909402669239716,0.0027050235780563575,6.340669373241137e-06,0.0007688084391546127,5.507026259738461e-07,1.3395459310356132e-06,0.00010655669222195067,0.2817094082098261,9.266914842811085e-09,6.884960740661277e-06,0.00024813509018846837,0.004447838943178817,0.0001335460874726307,1.7347954162890563e-05,1.9236410738745082e-07,0.0037664389524017686,0.6988903655883387,0.0007027858212526473,0.000171251622494312,8.899522643808922e-08,7.388525460414684e-05,0.00575127095500783,5.379687497321037e-07,5.442996422790864e-09,4.466280488889052e-07
46,0.0004175841648684869,0.0021564279021291295,1.1002096366565317e-05,0.0014204748878351334,7.048391260168111e-07,3.392487835942008e-06,0.00020003556074595688,0.7452927819262429,6.541189402226669e-08,3.0812885876004574e-05,0.0002417079917234749,0.0027861267849411332,0.0001928705662697545,6.706121336130879e-05,3.001827164029522e-07,0.004607249741491682,0.2321110997812527,0.0028703860624702347,0.000429964292269578,2.978708331797855e-07,0.00015434266181274696,0.007003334082053505,1.3899929723905232e-06,1.0470980088685503e-08,5.761419318528166e-07
47,0.00048514310054780386,0.0025822367081674968,5.916111277967877e-06,0.0010415421282868249,6.296971274567513e-07,1.7775529761005757e-06,0.00013942899517712187,0.3557349028988316,1.1155724436779187e-08,7.385444166555928e-06,0.00026074201780121954,0.004809239973328603,0.00014809915192202667,1.559578578024465e-05,2.716225850737081e-07,0.004434903613007133,0.6227698220398581,0.0007379173070884254,0.00021401123978147187,1.0282857222118267e-07,6.679677345926701e-05,0.006542549208074265,5.33217227476419e-07,5.350778155721233e-09,4.360784527954182e-07
48,0.0014299514283144018,0.001175149187559862,4.256270017798406e-05,0.0011072456782563204,3.3206257194585043e-06,5.2931601409487415e-06,0.000279630317035745,0.5523967996860367,8.041707032978721e-08,1.6461538943097443e-05,0.000917838275508706,0.011454967480062701,0.0006373953246202964,3.9062055272272375e-05,3.679437077709033e-07,0.010238766816260564,0.40557997936280465,0.004159498917868625,0.0002685020585817725,1.4137521252501305e-06,0.00014084775306368047,0.010102663571849723,9.341130631578762e-07,5.046332775275932e-08,1.2173726283670435e-06
49,0.0005176400639711028,0.002536130510626537,6.167633660395448e-06,0.0009503829987890841,6.039032420131751e-07,1.924717892596372e-06,0.00014066686024205046,0.3510514316343438,1.067717163221445e-08,6.762114963931887e-06,0.0002665226230770976,0.005427100633447539,0.0001568875854323837,1.421009727007169e-05,2.597862142084865e-07,0.004479802638910789,0.6265508228146025,0.0006585702843566789,0.00017679015598142742,1.0714081674686046e-07,5.8113802327417175e-05,0.00699818151689841,4.707253539058333e-07,5.063878216543462e-09,4.3401652939518754e-07
50,0.0004597133130302573,0.002659811757849979,5.572275518869353e-06,0.0010094161172103404,5.50474467188937e-07,1.8774049991732966e-06,0.00016152894602495748,0.45918096414548215,1.3577202544704468e-08,8.346106764284736e-06,0.0002456136102195588,0.0051450645446765855,0.00015303058018991585,1.8068446437155632e-05,2.8432542451722074e-07,0.004511226403415952,0.517411912135107,0.0007169424342107488,0.00022814069094551025,1.0004839071215924e-07,6.498567755607329e-05,0.008015907215074699,4.679214138100381e-07,4.613062719920933e-09,4.5723532544116644e-07
51,0.00048739040642515843,0.0036879226367896928,4.585631993270784e-06,0.0016369129385676085,5.322817736388711e-07,1.4457351740082453e-06,0.00010945583086363381,0.4767402896408782,1.1122338272239874e-08,7.748601379957931e-06,0.00025550341867832814,0.0053681623599518774,0.00015653286337928614,1.908171104843138e-05,3.4233561370612896e-07,0.0037798193912736812,0.49840021932991757,0.0006536170882330099,0.00020314987449533296,8.94373956292825e-08,4.596182048771957e-05,0.008440402355110647,4.280092747161145e-07,4.0523426674746004e-09,3.911266138518042e-07
52,0.0004889291468843415,0.0026340601847808535,5.763106818310655e-06,0.0009941327035178922,6.112577002369952e-07,1.7053331281398143e-06,0.00014034205387536406,0.34757135223313046,1.0769838421042373e-08,6.959575560418609e-06,0.0002583574073917379,0.004983569192732769,0.00015106816838404488,1.4943924323677486e-05,2.6645426767545803e-07,0.0044521249491660175,0.630555372572561,0.0006911332186293045,0.00020803435975491543,9.968748206242152e-08,6.44414088662705e-05,0.006775783918379643,4.963218588083614e-07,5.271851537198065e-09,4.3677911591275904e-07
53,0.0004359420317009914,0.0024201007216447345,5.2348895694428375e-06,0.0008816021326129672,5.661553415967473e-07,1.9217059776179183e-06,0.00019692537509397623,0.39077522285669186,1.1892039862224782e-08,6.374794826678141e-06,0.0002418478408530056,0.005585234613065438,0.00014686557298601173,1.4243901131953622e-05,2.577965519487935e-07,0.004831235563953208,0.5865266097845371,0.0007115540898019676,0.0002177955549219722,1.0089502229253783e-07,6.258458514214788e-05,0.0069368511700975835,4.7307647987219595e-07,4.527537536679817e-09,4.384724181537604e-07
54,0.00034141513082763743,0.0030249113695215843,4.90477189213375e-06,0.0007633500598951167,4.1860125596411175e-07,1.5188275052640563e-06,0.00011435616107041307,0.3844791570629849,1.0969443316834925e-08,8.18728069291153e-06,0.00018895610942590974,0.0059486457899374035,0.0001175452637955251,1.6699807968194168e-05,3.417659766127156e-07,0.00620616369431367,0.5898205710756274,0.0004219063080752335,0.00018453961389070918,9.612985339691037e-08,4.390834293710877e-05,0.00831140395714643,3.4908079712329685e-07,4.379042603946511e-09,6.384461235363548e-07
55,0.00042174882989599855,0.0026021759975857453,5.538568453588336e-06,0.0008804711206950471,5.131356958162761e-07,1.6377382960251177e-06,0.00010421101570527856,0.3378318183927496,9.209161882383459e-09,7.969480830017677e-06,0.00023389341704899093,0.00385273858419208,0.0001221142666899298,1.5152156008006044e-05,2.795277125696929e-07,0.004392817781228097,0.6424653254945264,0.0005891573046920072,0.00019534784664892915,9.42203907624258e-08,6.432313222244107e-05,0.006211697491994343,5.166231687759925e-07,4.6456661367398665e-09,4.4401874153043973e-07
56,0.0005083428909897501,0.0026651007610423256,5.851697615944412e-06,0.0010105855143135837,6.185385937027615e-07,1.7190409284420036e-06,0.0001443653727598428,0.3544300156003186,1.1083750613012696e-08,7.027123627763957e-06,0.00026565592865259184,0.005055924819986273,0.0001592924075936699,1.516003074258665e-05,2.7062775084865525e-07,0.004455242361171893,0.6232567347059913,0.0007132254050713063,0.00021416864988641447,1.0215948216220784e-07,6.580792974758219e-05,0.007023840092716186,4.952553134646671e-07,5.389697744444991e-09,4.366122555662942e-07
57,0.00044847556329114283,0.002819712045251449,5.175129962799453e-06,0.0009455221232353215,5.499830233038683e-07,1.446759821708994e-06,0.00015076717096026892,0.3423177341521054,9.905189687070008e-09,6.369906477702251e-06,0.00025394331924729144,0.005351326682078297,0.00017684044167594654,1.3819999238279596e-05,2.765409686678141e-07,0.0049726225224653595,0.6338746503025438,0.0006193087199893282,0.0002532244218382365,9.880164806254525e-08,6.744906670622583e-05,0.007719815034272511,4.109730141770766e-07,5.324320714538448e-09,4.4511067442205254e-07
58,0.0005109065147084315,0.002765399511791392,6.0522618896534366e-06,0.0010627723288997748,6.896865070481852e-07,1.7828266221093745e-06,0.00015033658260101942,0.3321805038142492,1.1886854680336255e-08,7.194115512727933e-06,0.00027359623913242304,0.005185309088020389,0.00017167707203485677,1.5263286102927925e-05,2.881455012962892e-07,0.004688934973887475,0.6448325147077231,0.0007213475797652714,0.00022788755861888256,1.138036395337515e-07,6.879212154193464e-05,0.0071276209652314125,5.323222053057314e-07,6.387488767551651e-09,4.662194702469421e-07
59,0.0004971484434724961,0.0027019024966955566,6.226916899275378e-06,0.0010079867708356037,6.609666620395459e-07,1.7765229473373637e-06,0.00013923317915295742,0.32859526970161845,1.1500370514891897e-08,7.39756022111504e-06,0.0002622137066877482,0.004972325929762832,0.0001583689842188165,1.541740990759533e-05,2.7432469393069176e-07,0.004634424394146394,0.6492551596698317,0.0006956084769595716,0.00021092319753595774,1.1000575132660112e-07,6.747351296803538e-05,0.006769076782528221,5.341762359794734e-07,6.137360420194174e-09,4.692325361884293e-07
60,0.0004911106080878984,0.0026280431072213998,5.776149567139304e-06,0.0010082637582096141,6.097034124752807e-07,1.7261115576364982e-06,0.00013985398687041972,0.35208044778858183,1.0875973610932518e-08,7.110183303978338e-06,0.0002583977841924615,0.004938394906192436,0.00015175386314380913,1.5036816075053133e-05,2.6984661319778637e-07,0.004504052402004356,0.6259881263678174,0.0007065676884158799,0.0002106147405310822,1.0116132077517044e-07,6.44627413026611e-05,0.006798328858586684,5.004204873494283e-07,5.283679703765251e-09,4.3484685114997504e-07
61,0.0005202747622649073,0.002647192845095328,6.454247591646544e-06,0.000986135094964416,6.778857912906741e-07,1.7788896587883257e-06,0.00014287169023357476,0.3351358829115154,1.1790601272151896e-08,7.295904602286432e-06,0.00027238939034253173,0.005033701371507899,0.00015848398833686862,1.5747181900630436e-05,2.67431675819449e-07,0.004461177424556091,0.6428688543210774,0.0007187421429716528,0.00020983949971914044,1.0759670300465008e-07,7.028050109476589e-05,0.006740820096654975,5.36815739336885e-07,6.157813805077457e-09,4.7005758714472966e-07
62,0.0004911106080878984,0.0026280431072213998,5.776149567139304e-06,0.0010082637582096141,6.097034124752807e-07,1.7261115576364982e-06,0.00013985398687041972,0.35208044778858183,1.0875973610932518e-08,7.110183303978338e-06,0.0002583977841924615,0.004938394906192436,0.00015175386314380913,1.5036816075053133e-05,2.6984661319778637e-07,0.004504052402004356,0.6259881263678174,0.0007065676884158799,0.0002106147405310822,1.0116132077517044e-07,6.44627413026611e-05,0.006798328858586684,5.004204873494283e-07,5.283679703765251e-09,4.3484685114997504e-07
63,0.0004771616357675203,0.002749479840524637,5.558316195755318e-06,0.001011094967288074,6.0630621502732e-07,1.6773527598216502e-06,0.00013900212237870406,0.3442599695452873,1.0784333199139146e-08,7.048994405582428e-06,0.00025480216928634475,0.004956772308832446,0.00015035912086716212,1.5028956929223354e-05,2.7877680769505985e-07,0.00453490525946377,0.6336030130758197,0.0006746899939784274,0.00021657744580342827,9.893438192192531e-08,6.468944179045395e-05,0.006876223401599006,5.000933599174082e-07,5.363908996572656e-09,4.4579201582886846e-07
64,0.0004912313129959697,0.0025376494424596526,5.911036165449848e-06,0.000890800673997882,6.224544736165413e-07,1.6335325138605215e-06,0.00014315505814386682,0.3359835020067511,1.0528526896360233e-08,6.670070194238225e-06,0.0002707671488032285,0.004869414227038657,0.00014935094410366018,1.5214276978062488e-05,2.4748225553007774e-07,0.004246174395982933,0.6428509479214937,0.000712749386676281,0.00021417455741916207,9.726605952878564e-08,7.374470054213325e-05,0.0065349693372235155,5.124525826441471e-07,5.4126392984631044e-09,4.4437397936145864e-07
65,0.0004976072867949853,0.003046399718726193,6.457679243657152e-06,0.0009378865596875817,5.697910381125069e-07,1.5943000300908051e-06,0.00013330643899770237,0.38332745313565336,1.3092744862737783e-08,8.30641966204371e-06,0.0002472952369674409,0.0053060974837323355,0.00016533981228909918,1.94438026420658e-05,2.618011442842451e-07,0.004655247965977611,0.5927757647882876,0.0006774513865822864,0.00019858762863825198,1.113705216248763e-07,6.494747829892373e-05,0.007928860755559099,4.77705403660962e-07,5.741032983227937e-09,5.126203439061491e-07
66,0.0004857472621341271,0.002639972009218272,5.726719278103939e-06,0.0010124322160381507,6.15001044023018e-07,1.7440385448303947e-06,0.00013964545372494226,0.3482506073313227,1.096809553058779e-08,7.149387119255477e-06,0.00025759128414339983,0.004919388660739009,0.00014893570831362116,1.514400018459073e-05,2.7391404756773374e-07,0.004497454963554027,0.6298686381318621,0.0007029794013034889,0.00021240622543975367,1.0037063417535983e-07,6.493665746222692e-05,0.006767543601890816,5.105885087981486e-07,5.333302803234452e-09,4.40772093760412e-07
67,0.0004919013793471762,0.002657128065992461,5.552459361349946e-06,0.0009982253143076762,6.019426584440563e-07,1.7151672989621581e-06,0.00014206952907540326,0.35960727454707,1.1004633965861784e-08,6.951644174300381e-06,0.0002599207037167271,0.0051181511969878996,0.00014947937316296537,1.5053499810535243e-05,2.765194035566251e-07,0.004464890696775699,0.6180028480164695,0.0006825602156830945,0.00021279326747218908,9.58787363472894e-08,6.339941871885033e-05,0.0071181746876388275,4.786048270569269e-07,5.1541725992295315e-09,4.4171250418204483e-07
68,0.0004818089919545701,0.002796617308070892,7.522211741972894e-06,0.0013225689500594904,7.641363171266794e-07,2.3680015252827353e-06,0.00016070010351548641,0.34283458392371136,1.599484789238054e-08,9.689752924092292e-06,0.0002481178869314639,0.0054626348128471985,0.00017507402961971683,1.9644308064573495e-05,3.062909720575845e-07,0.004982756357443776,0.6335846541667304,0.000801606908616032,0.00020915903009050994,1.4680526506821554e-07,6.407076049592235e-05,0.006833971506228039,6.845077633819843e-07,7.1031818186092585e-09,5.261510819092412e-07
69,0.0004984921539206899,0.002738973373124522,5.364020844289556e-06,0.0010537650674364493,6.148926698527322e-07,1.6854087519710215e-06,0.00013758453891145957,0.32733735789192764,1.033678473851779e-08,6.6223595231110834e-06,0.0002544789115834003,0.004975365467532004,0.00014842651929086273,1.379111803592749e-05,2.85431359544991e-07,0.004402658752990335,0.6505912907275186,0.0006401265275212211,0.00021254091856406175,9.062046771927053e-08,6.1002850754919796e-05,0.006918557395297091,4.815152397560703e-07,5.288578187366692e-09,4.279113714283975e-07
70,0.0004370238465047195,0.0024474676077143103,5.230284679716823e-06,0.00075697651814072,5.153484460151512e-07,1.5657457485213423e-06,0.0001327862733633506,0.3260495157016053,9.348330725396748e-09,6.847203436560177e-06,0.00024402545231980375,0.004590579396868391,0.00013650380882891035,1.3606535232529231e-05,2.458461613116595e-07,0.005019267136672076,0.6526817519197966,0.0006866502354778442,0.0002262519906019213,9.40974499718973e-08,7.062538601215483e-05,0.006491544254642675,4.644820327691903e-07,5.181119818883805e-09,4.4639881328468074e-07
71,0.0004537634083910795,0.002634234504492716,5.854022207158608e-06,0.0009833474415760315,6.1959314618191e-07,1.720634337045033e-06,0.00014329191708741754,0.3700329111355524,1.1891832187088299e-08,7.623250651897981e-06,0.00025079107305567554,0.0048895764989009315,0.00015141901456070572,1.6770077236798216e-05,2.6074097457651935e-07,0.00468833616066056,0.6079169163284456,0.00074774187544142,0.00021314549933577402,1.128986497377378e-07,6.724889912203817e-05,0.006793311068425877,5.300071714410932e-07,5.456539452834801e-09,4.566022051730647e-07
