,0,1,2,3,4,5,6,7,8,9,10,11,12,13,14,15,16,17,18,19,20,21,22,23,24
0,0.0004854624014479266,0.0027609561554393196,6.508979039477892e-06,0.0010022363620270376,6.139763457357623e-07,2.3352421986954654e-06,0.0001589420610254199,0.38797467088811627,1.6175159122671e-08,1.0038924557492851e-05,0.0002550673868690595,0.0049143704385489415,0.00015852709141046814,1.969974554663418e-05,3.2684439793850805e-07,0.005295221164815235,0.5877983799263833,0.0008175792269013964,0.0002530626285332063,1.2577145528100033e-07,7.624004365237383e-05,0.008008432909689299,6.213881974577293e-07,6.5394586964926505e-09,5.57728783924364e-07
1,0.0004435432446667799,0.002637822294669881,6.4550747403674764e-06,0.000978195508620847,5.433487950128234e-07,1.9038952071096986e-06,0.00014707329233290095,0.3641653987397701,1.2078776831098191e-08,8.859470049395265e-06,0.00022013119963142032,0.004836606250669496,0.00015624931489059013,1.5147987835662166e-05,2.904339836841591e-07,0.00593480519158202,0.6126961110375992,0.0007065189490496754,0.0002363155404714127,1.164910989971397e-07,6.47327508368746e-05,0.006742173060608081,5.008525023916386e-07,5.764553180047193e-09,4.88227057919495e-07
2,0.00044904250959038966,0.0026680754930893586,5.631284769930908e-06,0.000988539672586797,5.954627217122336e-07,1.8531508874273575e-06,0.00013767554381163914,0.3844236915072935,1.2188862421706991e-08,8.0066091923796e-06,0.00025008935266874387,0.0050493191633912355,0.00014803940942616963,1.6416630840022333e-05,3.139112525029498e-07,0.0050589536552737135,0.5923065815800295,0.0006710136662131769,0.00021512572195392783,1.1517682467713326e-07,6.0661906032027426e-05,0.007539251311556563,4.948882966066361e-07,5.352169567200494e-09,4.948512659432351e-07
3,0.0004867466568142065,0.0026846757318783206,5.909767062811542e-06,0.0010090758653277022,5.854598731036144e-07,1.7832048038359397e-06,0.0001421555075543056,0.34317026002318796,1.1023490123762751e-08,7.47536907377445e-06,0.0002437273497734275,0.004905180787085993,0.00015446507961797026,1.4636370628461439e-05,2.7581462732894184e-07,0.004852896103568091,0.6345495821401309,0.0006945558387774647,0.00021592776935918498,1.02916870074656e-07,6.347302542208007e-05,0.006795548127842567,5.006665464032936e-07,5.448725830891679e-09,4.439519580995163e-07
4,0.0005274046661912806,0.0028251718506706967,6.296885093817526e-06,0.0010441718258355835,6.08238840775769e-07,1.752387922865557e-06,0.00014890535754431795,0.35471221477543535,1.1932156500715178e-08,7.666658710603442e-06,0.0002582369068473137,0.005121991970144383,0.00017380858101975256,1.601223751987879e-05,2.7324359862053354e-07,0.004662789852577476,0.6221591525373426,0.0007331306076234547,0.00022171717953495395,1.0808626151367176e-07,6.716628263383761e-05,0.007310443465316125,5.052411277075866e-07,5.789714403671211e-09,4.534403362624452e-07
5,0.0005117295175341935,0.0027036112345695026,6.265769684739935e-06,0.0011741268227195858,6.549490964798174e-07,1.9041696918345572e-06,0.0001480806758579915,0.34660864091429616,1.1845874983676322e-08,8.00745865240827e-06,0.00025244238883142075,0.00482268003092846,0.00016749092096515438,1.52746442245117e-05,2.7381412722693953e-07,0.004919089965015215,0.6310744607413092,0.0008391830901697038,0.0002267132867670304,1.1741069364511976e-07,6.660747578558745e-05,0.0064516287266858366,5.760341858319771e-07,6.05260305176284e-09,4.2205973017135417e-07
6,0.0004867466568142065,0.0026846757318783206,5.909767062811542e-06,0.0010090758653277022,5.854598731036144e-07,1.7832048038359397e-06,0.0001421555075543056,0.34317026002318796,1.1023490123762751e-08,7.47536907377445e-06,0.0002437273497734275,0.004905180787085993,0.00015446507961797026,1.4636370628461439e-05,2.7581462732894184e-07,0.004852896103568091,0.6345495821401309,0.0006945558387774647,0.00021592776935918498,1.02916870074656e-07,6.347302542208007e-05,0.006795548127842567,5.006665464032936e-07,5.448725830891679e-09,4.439519580995163e-07
7,0.0007431358951214039,0.0028991118263682757,7.151766355514438e-06,0.001129571265459725,5.522513839471043e-07,1.5852040577424749e-06,0.000157659551613054,0.3715505492448523,1.0039622148469624e-08,6.717799216650973e-06,0.00029236607928049006,0.005280496464823671,0.0002635214228407848,1.253911565475593e-05,2.630182861656112e-07,0.004637835656590548,0.6036446911452251,0.0007711192067878967,0.00022382919100246578,1.1427690581363362e-07,6.241179952927438e-05,0.00831402285586572,3.8562108833713347e-07,5.532188489389079e-09,3.5376987950461655e-07
8,0.0004595369659015603,0.002472810670500534,5.198763469575752e-06,0.0009499013442033018,5.444404641898907e-07,1.8142251721041526e-06,0.00016935494242345723,0.3814274282109809,1.065034337768366e-08,6.7845028521091256e-06,0.00025441946360434944,0.005000122640432618,0.00016401635663397665,1.3622146361529124e-05,2.557112041009203e-07,0.004951398232765389,0.5959143434362716,0.0007778134211688707,0.00024794656655686287,1.0254174937365403e-07,6.956895469401694e-05,0.007112137266695872,4.6888939062891203e-07,4.8412141627428825e-09,3.94814945447085e-07
9,0.0005390878372067779,0.0024605844449587634,5.235019489235012e-06,0.0009438706170739996,5.804406399946019e-07,1.784044124799081e-06,0.00017418921227279924,0.35429033940393473,9.973160701621794e-09,5.86016116453259e-06,0.00027179404906077715,0.005216703571580748,0.00016681485725685393,1.2314804003814046e-05,2.519096554912303e-07,0.004484440535887749,0.6232428850833738,0.0007622875901795277,0.00023432351387146782,9.052180169845056e-08,6.896798913055357e-05,0.007116750822130733,4.533431795627091e-07,4.765300975614533e-09,3.7548956001857e-07
10,0.0004867466568142065,0.0026846757318783206,5.909767062811542e-06,0.0010090758653277022,5.854598731036144e-07,1.7832048038359397e-06,0.0001421555075543056,0.34317026002318796,1.1023490123762751e-08,7.47536907377445e-06,0.0002437273497734275,0.004905180787085993,0.00015446507961797026,1.4636370628461439e-05,2.7581462732894184e-07,0.004852896103568091,0.6345495821401309,0.0006945558387774647,0.00021592776935918498,1.02916870074656e-07,6.347302542208007e-05,0.006795548127842567,5.006665464032936e-07,5.448725830891679e-09,4.439519580995163e-07
11,0.0005114568386145736,0.0027539649434214913,6.058073206807534e-06,0.0010187502568481655,6.012410249131986e-07,1.7594191618894723e-06,0.00014766166642297932,0.34225172269792664,1.1259770858064296e-08,7.3516202532083995e-06,0.00025342719632776933,0.005087404586091688,0.00016882773260664468,1.4633266502458003e-05,2.8036748709870936e-07,0.0048501106888290185,0.6347759512421537,0.0006925920749287556,0.00022155596272330295,1.0641061517064901e-07,6.46755854530126e-05,0.007170153806102749,4.880498102571992e-07,5.717111969885698e-09,4.4929660491191805e-07
12,0.00040621830869358563,0.002041068959726766,6.143041096570385e-06,0.0006540315974152437,8.847246138994393e-07,1.8184288779199382e-06,0.0001001894275554899,0.2309552367085446,1.0913550656617295e-08,6.749422856400459e-06,0.0002586319562762041,0.0044809696237064775,0.00010974968748241176,1.6243494121458505e-05,2.2633439740126696e-07,0.0041941270975454125,0.7503827777713019,0.0005927268661005084,0.00013040830433505885,1.3464127740055017e-07,6.409150738754465e-05,0.00559632165233591,6.531713733400068e-07,7.147609289516579e-09,5.792118183654558e-07
13,0.0005153047874686672,0.00257332500968656,5.025430524502776e-06,0.0008210366955256844,5.494519765881875e-07,1.3322556462553493e-06,0.000124520633761704,0.40416382939798723,9.674096122014269e-09,5.652887540774648e-06,0.0003119294065305062,0.005806166582808599,0.0001494596748632245,1.6058267500199964e-05,2.737200645325835e-07,0.003743465610734818,0.5723107701097607,0.0005887930055289399,0.00019355257796914392,8.379660755410539e-08,6.030209943947026e-05,0.00860774693240955,3.521204533195957e-07,4.2407106666168774e-09,4.556304046713499e-07
14,0.0004451433950862751,0.002518492503232953,5.955584330349961e-06,0.0008118019287897458,4.902726779922347e-07,1.8851956844274761e-06,0.00014356990620915976,0.35429401783357956,1.118853410579448e-08,7.433472676135232e-06,0.00021462134368648177,0.005287814924946357,0.00013192476690819247,1.3912528141034995e-05,3.1151142413624297e-07,0.0055590331253606105,0.6226257905348386,0.0005435073645904408,0.00019039282329356657,9.837377264519661e-08,5.167995145508132e-05,0.007151159637702388,4.2020783022324717e-07,4.664937894090761e-09,5.26960311592591e-07
15,0.0004867466568142065,0.0026846757318783206,5.909767062811542e-06,0.0010090758653277022,5.854598731036144e-07,1.7832048038359397e-06,0.0001421555075543056,0.34317026002318796,1.1023490123762751e-08,7.47536907377445e-06,0.0002437273497734275,0.004905180787085993,0.00015446507961797026,1.4636370628461439e-05,2.7581462732894184e-07,0.004852896103568091,0.6345495821401309,0.0006945558387774647,0.00021592776935918498,1.02916870074656e-07,6.347302542208007e-05,0.006795548127842567,5.006665464032936e-07,5.448725830891679e-09,4.439519580995163e-07
16,0.00042321621445469697,0.0025707184033689507,6.882359491841706e-06,0.000947342950913638,6.054890815281898e-07,1.9062622636077183e-06,0.00013957454818646267,0.25695073252936984,1.0582578781524639e-08,8.121420942109298e-06,0.0002053414145462033,0.003945547019098757,0.00014781426288200449,1.2380522536511471e-05,2.5309188263913935e-07,0.005357513206663653,0.7233074529503409,0.0006160826305655636,0.00020694939522625984,1.158976861918355e-07,6.585037116603113e-05,0.005084525370435071,6.045585430262117e-07,6.895798757439012e-09,4.5165197673362854e-07
17,0.0002604455430964489,0.002729365433127137,4.854327671972351e-06,0.000988300326426721,3.0828138097702416e-07,2.058570808372721e-06,9.241328071439431e-05,0.3559575089969805,8.075359600329001e-09,1.1874970002765244e-05,0.0001311516604349741,0.00349118096519988,9.04750616549514e-05,9.79576450445839e-06,5.034146541880463e-07,0.010098086850238604,0.6202975425874281,0.00040060784768062934,0.0002373149968608543,1.0368528536369418e-07,3.599949690604422e-05,0.005159160686936582,4.158354219284569e-07,4.0726334846476545e-09,5.192685911177969e-07
18,0.0012994174771025207,0.0032880568458667834,7.495844852468405e-06,0.008944438220308411,9.239960940466909e-07,2.468285477221719e-06,9.759054666765135e-05,0.5033621003140681,6.954298709774826e-09,8.056177614927108e-06,0.00026766173689708153,0.0027636666461577455,0.000412624840773857,4.4714569400880766e-06,3.725206253989341e-07,0.004274510818441745,0.46909046205397015,0.0010136994914539791,0.00016818794465354311,1.4646665314090152e-07,2.2657951099632743e-05,0.004970472300117979,4.2707553235642525e-07,4.844871455871513e-09,7.918946095436783e-08
19,0.0006145435291411543,0.0015902478677025246,6.368648780093294e-06,0.00031901375194162354,3.7768041990604924e-07,8.489855062455189e-07,0.00011528951144913723,0.3247031306972508,5.200544327077224e-09,4.09706189549621e-06,0.0003400224594802372,0.0030842586078626355,0.00013747468964608604,1.0751004172485116e-05,1.1461377971767396e-07,0.0034003685098810835,0.6596265414248764,0.000938007905450815,0.00019887708766866952,7.247933093495764e-08,0.00011906633909082348,0.004789864094130452,3.550532200642949e-07,3.777646279557387e-09,2.99019131828778e-07
20,0.0005066759955887005,0.002977638800089188,5.309090441175672e-06,0.0011169344290821465,5.739267712356494e-07,1.8472994724342207e-06,0.00014763527273829974,0.4215467529413523,1.3247584931848787e-08,7.969859430796064e-06,0.0002758992206760293,0.0052180161934772765,0.00017721445343099254,1.7653492357609312e-05,3.358858518035108e-07,0.004541050378874561,0.5530734152854868,0.0006936328813469655,0.0002435264564551895,1.0891473704540265e-07,6.374788136492019e-05,0.00938310799326005,4.6630728883614006e-07,5.2715606365737094e-09,4.6852128000432934e-07
21,0.000539213491511447,0.002650067071756954,6.844030779576211e-06,0.0009435979537480979,5.658185779074512e-07,1.3983045132081208e-06,0.00013098745542249095,0.3290852624649536,9.75965395659172e-09,7.0524169318293e-06,0.00024127400592300382,0.005148646543370785,0.00016971613500410768,1.4889014298226005e-05,2.1562987961165e-07,0.00483786566937219,0.6490657412303149,0.0007848279508618606,0.00019605893972703364,1.0429981362403924e-07,6.403967642030329e-05,0.0061107462409756156,4.5463576476699647e-07,5.5327116691754476e-09,4.1572771326390677e-07
22,0.00025698261730017425,0.008977932861657002,2.026406856846009e-06,0.0038264436833031026,8.32999810464576e-07,2.689286038923446e-06,0.0008945258215974184,0.5655453712908624,1.0141661203651429e-07,9.995350716094534e-06,0.00016786731608008478,0.02017178941866889,0.0003639307784684425,2.2535329917943784e-05,2.815461610826962e-06,0.015007476279085956,0.33860080860798725,0.0002963894678479185,0.001482730172866118,1.2590060807258394e-07,3.2377809289289844e-05,0.04433224856977833,2.7080564899480787e-07,1.6836636630837605e-08,1.715510750918663e-06
23,0.0004867466568142065,0.0026846757318783206,5.909767062811542e-06,0.0010090758653277022,5.854598731036144e-07,1.7832048038359397e-06,0.0001421555075543056,0.34317026002318796,1.1023490123762751e-08,7.47536907377445e-06,0.0002437273497734275,0.004905180787085993,0.00015446507961797026,1.4636370628461439e-05,2.7581462732894184e-07,0.004852896103568091,0.6345495821401309,0.0006945558387774647,0.00021592776935918498,1.02916870074656e-07,6.347302542208007e-05,0.006795548127842567,5.006665464032936e-07,5.448725830891679e-09,4.439519580995163e-07
24,0.0005608947926457393,0.0017980971309387512,7.455770622089304e-06,0.0004444695300504704,5.348382551442447e-07,1.969392266900325e-06,0.00014621370902690947,0.30813004571465824,9.325668781695006e-09,5.673587945344125e-06,0.00027255728121668686,0.005310994171012491,0.00013321389081760574,1.0523634489602184e-05,2.2075814551345061e-07,0.005171639169467513,0.6707006352379378,0.0005278570795637234,0.0001499018098416372,9.783764954367297e-08,6.54172538955992e-05,0.0065606881275358814,3.656182364713352e-07,5.11316157574578e-09,5.192249499122284e-07
25,0.00036977021992338035,0.00471534656712511,6.187430851537631e-06,0.0009480946546751154,3.236528791596091e-07,2.142189247770158e-06,9.670696140583284e-05,0.07787980251905109,1.2564310574939909e-08,1.2330631507614972e-05,8.003254224604904e-05,0.002855389361551943,0.00012630638998323916,9.71176089933472e-06,6.631807359404673e-07,0.007181776940689181,0.8991412604542561,0.00019031869917673458,0.00026669712276665116,6.637862555606753e-08,4.3567483393901186e-05,0.006072053081053909,6.105255071382035e-07,1.0827744792653553e-08,8.178603920894301e-07
26,0.0005533441041666813,0.002732376557339221,7.794833819131474e-06,0.0011155342425664297,7.49372627442728e-07,2.001814189152425e-06,0.00014152916000481974,0.2815200617616281,1.3152923170832411e-08,8.701439951576587e-06,0.0002393338571548697,0.004455838747752483,0.0001689593813713242,1.567374104719719e-05,2.549101989948249e-07,0.004999521656391554,0.6971834874050078,0.0008356665205973831,0.00020632136365563447,1.2880633268566055e-07,7.228761260060691e-05,0.005739261867023557,6.848996451693736e-07,7.915608823207592e-09,4.6487639635050675e-07
27,0.0005031233514982875,0.002958063324260342,5.5356106393905365e-06,0.0011639343095669042,6.231693114948523e-07,2.122843428959893e-06,0.00015492187154505198,0.4142995732605981,1.4457398444644317e-08,8.450990182120171e-06,0.0002575624029667563,0.005503863071923692,0.00017043251565808113,1.6716948563283006e-05,3.621177946019189e-07,0.00530069874852431,0.5594534771040443,0.0006927150644536277,0.0002413343563619661,1.1686083619909739e-07,5.980109018266439e-05,0.00920555134688261,4.877381485400172e-07,5.8350636450223946e-09,5.116101667737641e-07
28,0.0004867466568142065,0.0026846757318783206,5.909767062811542e-06,0.0010090758653277022,5.854598731036144e-07,1.7832048038359397e-06,0.0001421555075543056,0.34317026002318796,1.1023490123762751e-08,7.47536907377445e-06,0.0002437273497734275,0.004905180787085993,0.00015446507961797026,1.4636370628461439e-05,2.7581462732894184e-07,0.004852896103568091,0.6345495821401309,0.0006945558387774647,0.00021592776935918498,1.02916870074656e-07,6.347302542208007e-05,0.006795548127842567,5.006665464032936e-07,5.448725830891679e-09,4.439519580995163e-07
29,0.0004867466568142065,0.0026846757318783206,5.909767062811542e-06,0.0010090758653277022,5.854598731036144e-07,1.7832048038359397e-06,0.0001421555075543056,0.34317026002318796,1.1023490123762751e-08,7.47536907377445e-06,0.0002437273497734275,0.004905180787085993,0.00015446507961797026,1.4636370628461439e-05,2.7581462732894184e-07,0.004852896103568091,0.6345495821401309,0.0006945558387774647,0.00021592776935918498,1.02916870074656e-07,6.347302542208007e-05,0.006795548127842567,5.006665464032936e-07,5.448725830891679e-09,4.439519580995163e-07
30,0.0004867466568142065,0.0026846757318783206,5.909767062811542e-06,0.0010090758653277022,5.854598731036144e-07,1.7832048038359397e-06,0.0001421555075543056,0.34317026002318796,1.1023490123762751e-08,7.47536907377445e-06,0.0002437273497734275,0.004905180787085993,0.00015446507961797026,1.4636370628461439e-05,2.7581462732894184e-07,0.004852896103568091,0.6345495821401309,0.0006945558387774647,0.00021592776935918498,1.02916870074656e-07,6.347302542208007e-05,0.006795548127842567,5.006665464032936e-07,5.448725830891679e-09,4.439519580995163e-07
31,0.0004524454557499194,0.0027868406030277667,5.558881065730491e-06,0.0011988192390242174,6.71854539342308e-07,2.1430697313187985e-06,0.00015028280078513558,0.3238986860678349,1.2696377023107568e-08,8.14515630909353e-06,0.00024896070829091453,0.0050877891982388235,0.00015834403341606575,1.5268232545380854e-05,3.382038082582519e-07,0.00514738513805128,0.6525187683872965,0.000692298106965368,0.00024296884441799666,1.157003929637427e-07,6.332373486867816e-05,0.007319759250064824,5.796346135281129e-07,6.3824439375544686e-09,4.886201410965457e-07
32,0.00047280128849539214,0.0026945969263932317,5.759056056393007e-06,0.001025684231777181,5.942417054046887e-07,1.8043166168010737e-06,0.00014630949359523384,0.34166684118630947,1.1173853524743785e-08,7.505264627292664e-06,0.0002449213551208807,0.004906447194688743,0.0001555253453310554,1.448029467694759e-05,2.9363350186687396e-07,0.00502781164381206,0.6357649962761155,0.0006920590110929827,0.00023196981364154672,1.0487072533672192e-07,6.501201320511209e-05,0.006873503436525567,5.07487863996171e-07,5.6006130127612485e-09,4.548436553946962e-07
33,0.0003814294872897147,0.0030628475505001793,2.0386277732017296e-05,0.0009312665242969584,7.839575377349691e-07,9.645567336782925e-06,0.00013340105601411368,0.3612606616852583,6.680649587167386e-08,6.183431368556284e-05,0.00014326973473531893,0.0029843937071457882,8.896441673487378e-05,4.9053419319889635e-05,9.843427085390882e-07,0.012022242663362418,0.6115901189592247,0.0007231384845993287,0.00023710588166713295,3.567832144369991e-07,9.404099427839868e-05,0.0061995279013768,2.34046765703403e-06,1.6547223491128067e-08,2.122470604855104e-06
34,0.0012782087327766474,0.002489257999378815,8.913270819210608e-06,0.0011469089444430978,8.210241561202236e-07,1.5237195625135376e-06,0.00018198151229485216,0.37437418540144385,1.1846852171093963e-08,5.537870046035301e-06,0.00044590298754253004,0.005051437007582153,0.0002803270266298292,1.4237943390332724e-05,2.550124189018861e-07,0.0031260167551362466,0.6021085920272391,0.001210905403492945,0.0002558062335678459,9.573324947640777e-08,9.78210148411242e-05,0.007920436999141129,4.811003947172948e-07,6.388187276883686e-09,3.280454130964558e-07
35,0.0002273651716411164,0.004096288234849085,5.54877055543561e-06,0.0015868738272277266,6.59301378524737e-07,1.6635081815721675e-06,9.531783968685634e-05,0.17234384243951165,9.834627225949859e-09,9.56840714845211e-06,0.00015164800937953702,0.003946117526511616,0.00015407585333813,1.472280356296918e-05,4.5919433177671096e-07,0.0055632801446629096,0.8060729549904463,0.00028322343762311264,0.000195595140193697,1.6503981602978215e-07,4.2861749432665816e-05,0.005206425654864013,7.122161363274094e-07,8.13346374490841e-09,6.127714294328636e-07
36,0.0021495561343867734,0.0022806970570997485,2.2062178290620003e-05,0.0016757416120846205,4.332361059158964e-06,2.352665611192957e-06,0.00018242340570519337,0.09837891012439703,1.1020706209725836e-08,4.387412537339795e-06,0.0008935305017571724,0.002494025492455383,0.0003283041206363456,8.92773665963882e-06,1.7774158333305775e-07,0.0013293439045086498,0.8858454135849541,0.001697276637706285,0.0002612398599537745,1.324042237149884e-07,0.0003366872697390362,0.0021016451976749186,2.455192132980204e-06,3.976150742674336e-08,3.2662262937394827e-07
37,0.0004702825763035121,0.002684873969929816,5.760394877503058e-06,0.0010113391571766762,5.766085583167892e-07,1.797298156450288e-06,0.00014032124677593988,0.3447457274264742,1.0928175327036114e-08,7.527822971672747e-06,0.00024025100110762614,0.004867903706674437,0.00015067745360936564,1.4547927450149863e-05,2.823716037406379e-07,0.004910562944945746,0.6329949964090117,0.0006768068232278536,0.00021662204232487378,1.0256369021028884e-07,6.233392423196716e-05,0.006795744816162572,4.988968989928261e-07,5.3477077311681485e-09,4.463419538344355e-07
38,0.0004788552300807099,0.002429464491599583,6.102342771528341e-06,0.0009158381285462723,4.984408689074299e-07,2.1282115976080937e-06,0.00017575714584033101,0.3126217354701906,9.876598774415147e-09,7.547137276190397e-06,0.00021381821199317646,0.004545060756523069,0.00017519338522787735,1.0601189414253094e-05,2.8261181045195774e-07,0.006469623078075579,0.6646315496802587,0.0007353094044696603,0.0002505639641266726,1.1819673604468543e-07,6.414880192898225e-05,0.0062648879512067065,4.952659599769901e-07,5.438130446717973e-09,4.0558876777423814e-07
39,0.0004784881821636673,0.002617614634731686,5.826852543203113e-06,0.0009694671629098804,5.718172979111085e-07,1.7817375657332563e-06,0.0001428917560901327,0.3486851857436879,1.0761118318830246e-08,7.322135481414299e-06,0.00024328360402368264,0.004926031561604734,0.00015159613794713016,1.427556174184942e-05,2.714519457365629e-07,0.004890561222303436,0.6291168975563446,0.0006827802147748733,0.00021373401457803527,1.0145329787977609e-07,6.304575032165438e-05,0.006787329353598482,4.846031364574615e-07,5.263362395034195e-09,4.4146742926568796e-07
40,0.00048217320479314774,0.0026815055310981293,5.881735660375792e-06,0.0010221948208590593,5.868049559800885e-07,1.794572542126443e-06,0.00014258676944306245,0.3452258823707354,1.1097501562229067e-08,7.568323122412856e-06,0.0002425370194702829,0.004857315323720408,0.00015428538525740493,1.4678246410470645e-05,2.7681873324089307e-07,0.00489842642494872,0.6325135147610764,0.0007056311299551603,0.00021901791268082556,1.0397418355850149e-07,6.377592862064904e-05,0.0067592974198444076,5.070352385391931e-07,5.473189729875093e-09,4.419159589010869e-07
41,0.0005228446435351834,0.0027948329483514917,6.179429206429921e-06,0.001439334865243647,6.997836508613923e-07,2.1661753951915763e-06,0.00013245646885749746,0.3652052419819161,1.2327803355266233e-08,8.44904152005342e-06,0.00024325976621158543,0.005081382573199449,0.00015143434889336574,1.4431983771881282e-05,3.7592523801688993e-07,0.005071703369383725,0.6115033066953235,0.000666145616343884,0.00020509486637308936,1.1198898784336924e-07,5.0610720697483034e-05,0.006898930764177234,5.360216062873814e-07,5.627626466633309e-09,4.520666865894181e-07
42,0.002161638598640925,0.002718781164840456,3.4730154124711354e-05,0.0029725730213436955,2.6897933701266305e-06,2.7291369654602942e-06,0.0002962457490441795,0.2672133592571357,4.092845102884822e-08,1.703602562699034e-05,0.0005112384831759025,0.003130131845246473,0.00029621277775911765,7.172181802565691e-05,8.233657702817232e-08,0.0014059924752367438,0.7027571952001094,0.013957669436617415,0.0002584961057859275,2.072958942086905e-07,0.00039617377999799104,0.0017882507694196622,6.50674080132501e-06,2.126949417923238e-08,2.758363157132171e-07
43,0.000523371252936443,0.002756261871606622,5.784396920957927e-06,0.0010034765328765043,5.768692851200723e-07,1.519238527588674e-06,0.0001422305071605766,0.32288141713946367,9.955403006912656e-09,6.390015411344841e-06,0.0002487382532128403,0.005186632017252912,0.00016364963406322145,1.3852927503764488e-05,2.4564927610289116e-07,0.0044856944424129085,0.6549184919250017,0.0006930493503648945,0.00020470434964476493,9.396805356628289e-08,6.085808274550616e-05,0.006702082540455683,4.548203803649798e-07,5.282451491889935e-09,4.089775884704384e-07
44,0.0004867466568142065,0.0026846757318783206,5.909767062811542e-06,0.0010090758653277022,5.854598731036144e-07,1.7832048038359397e-06,0.0001421555075543056,0.34317026002318796,1.1023490123762751e-08,7.47536907377445e-06,0.0002437273497734275,0.004905180787085993,0.00015446507961797026,1.4636370628461439e-05,2.7581462732894184e-07,0.004852896103568091,0.6345495821401309,0.0006945558387774647,0.00021592776935918498,1.02916870074656e-07,6.347302542208007e-05,0.006795548127842567,5.006665464032936e-07,5.448725830891679e-09,4.439519580995163e-07
45,0.0004861044481482043,0.002756290419650524,6.4793401159354165e-06,0.0007685799720837608,5.287449680571201e-07,1.3813983764143919e-06,0.00010816495523350287,0.27398737153646036,9.38281179753937e-09,7.220518359625721e-06,0.00023363229413667295,0.00440905246384679,0.00013569017396875948,1.685504726896094e-05,1.9567927875512163e-07,0.004043793527685629,0.7063720767406316,0.0006911772862970556,0.0001749834039126666,9.038317883670091e-08,7.263735077432192e-05,0.005726687178327855,5.378670279572035e-07,5.607170595669539e-09,4.5428028538607803e-07
46,0.0004163109650743927,0.0022258032819806976,1.140029741798549e-05,0.0014422892727464565,6.902099898457137e-07,3.5745700742672043e-06,0.0002067253561678939,0.7393524714647453,6.758355923264171e-08,3.28316133176827e-05,0.00023137976542753064,0.0028023851908158784,0.00019715252267447038,6.665039437995254e-05,3.099778772623859e-07,0.004991405217067757,0.23749895319990835,0.002866230019340888,0.0004461887277071229,3.065551987285766e-07,0.00015521081304081206,0.007049631915138858,1.4234956721107163e-06,1.0898330838387383e-08,5.96692345770241e-07
47,0.00048171975741743614,0.002638643296359231,6.062718152008918e-06,0.0010440157567597657,6.062541150138918e-07,1.838008013478237e-06,0.0001419140257553638,0.346919976035738,1.132606369902977e-08,7.766948873882877e-06,0.000246187974533113,0.004780551033207858,0.00015089329220081843,1.5196092495176284e-05,2.7703683584852246e-07,0.004774524526006933,0.6312433142859541,0.0007277554162945272,0.00021926762292318565,1.0471923549966853e-07,6.585663246245325e-05,0.006532532289049769,5.346198643536773e-07,5.527737199957578e-09,4.4480395116813043e-07
48,0.0014250234331365887,0.001207095224063542,4.405279013416327e-05,0.00111826886634269,3.1962449722144116e-06,5.533382843054029e-06,0.0002852667704649986,0.5435702934238515,8.261034941736424e-08,1.7678077147217203e-05,0.0008637931039711662,0.011376906198579088,0.0006512534454794783,3.8244592045701433e-05,3.797422234505922e-07,0.0112131598278684,0.41347335102693317,0.00413077913465859,0.0002795722422063559,1.4485693674418716e-06,0.00013962108862278363,0.010152752437859548,9.432574877072894e-07,5.2537830639209856e-08,1.251971560808684e-06
49,0.000513886885760085,0.0025911239545567304,6.3193062238359995e-06,0.0009525238068315075,5.813359258578177e-07,1.989775064829364e-06,0.00014314971712481287,0.3422981588253653,1.0838637016629315e-08,7.110541049145569e-06,0.00025160177428130303,0.005393528859818358,0.00015981681130546534,1.384423564186651e-05,2.6492632338795706e-07,0.004822042683478716,0.6349690872260956,0.0006494285416992356,0.00018111868947541223,1.0909064505303369e-07,5.7290157731861e-05,0.006986092244382791,4.719133060434873e-07,5.2306205938537665e-09,4.42628655133344e-07
50,0.0004575661257426116,0.0027285847400356305,5.725342730541614e-06,0.0010144935901687236,5.308431055758711e-07,1.9476137709008915e-06,0.00016486916751186768,0.44939379316621925,1.3818014786817457e-08,8.811152618050355e-06,0.00023265259735247865,0.005131936913323293,0.00015642159719599872,1.765999169551745e-05,2.918334028761823e-07,0.004881142663152456,0.5267498225369533,0.0007077246936099696,0.00023487447539075583,1.0221487146663773e-07,6.425783302306576e-05,0.008045833400863551,4.70142763673595e-07,4.777549195164524e-09,4.6876893446385523e-07
51,0.0004862518147529206,0.0037857708498349276,4.722183076887081e-06,0.0016482540649597336,5.149433735502518e-07,1.5021605494278521e-06,0.00011194922901792415,0.46707384970224913,1.1345889116079713e-08,8.187436702705911e-06,0.000242391435941831,0.005361240919098078,0.00016024046431402828,1.86793356923727e-05,3.507818529227688e-07,0.004088934961489164,0.5076372812055254,0.0006477187959309722,0.0002091345144389087,9.152102381357012e-08,4.553843814752306e-05,0.008466547598106161,4.3122064207873194e-07,4.206819844344108e-09,4.0087057055412146e-07
52,0.00048450202365074303,0.002690355535144438,5.895411989347732e-06,0.0009947684426179619,5.868504327091113e-07,1.7614453017421109e-06,0.0001426267719587749,0.33871890454736236,1.0914083134013269e-08,7.315837690071017e-06,0.0002436472576039782,0.004949176408574525,0.00015374094336113636,1.4543486480746398e-05,2.723019060762624e-07,0.0047961456794919375,0.639066880566292,0.000679273643551875,0.000213246748304465,1.0140066351490485e-07,6.344108770292757e-05,0.006771854931203136,4.964821850223737e-07,5.435596350122797e-09,4.4584685093639804e-07
53,0.00043274208073779043,0.0024760648943447632,5.364286231213695e-06,0.0008836943831592681,5.444796444438409e-07,1.9881530665595924e-06,0.00020043479216607155,0.38143970066307303,1.2070951867086234e-08,6.712630466770938e-06,0.00022846706969528822,0.005555688949672364,0.00014971649548297465,1.3885768651472455e-05,2.6389985951795545e-07,0.0052130738465795586,0.5954603976029307,0.0007005066935030236,0.00022362189232660995,1.028003915824379e-07,6.171720518171356e-05,0.006944372307723182,4.740331618690181e-07,4.676322496461164e-09,4.4832467606068404e-07
54,0.0003388369610632326,0.003093523986102195,5.024516605962728e-06,0.0007649628673555414,4.0250004574523416e-07,1.571003290225985e-06,0.00011638570656674132,0.37517401614524787,1.1131251357788721e-08,8.617333866481867e-06,0.000178463929142005,0.005915064902242478,0.00011980032103638145,1.6273379861500282e-05,3.496963657847343e-07,0.006693689425210163,0.5986068734002402,0.00041532185822024884,0.00018942900697192916,9.791538652924234e-08,4.329283168527008e-05,0.008316984475833069,3.4972212121900466e-07,4.521537450276188e-09,6.52462750364022e-07
55,0.0004177862321297048,0.0026567063162775788,5.663482214252081e-06,0.0008807201643394445,4.924832074989124e-07,1.6909590987766895e-06,0.00010587855321824917,0.32909571401481785,9.329331627889283e-09,8.373443738078704e-06,0.00022049529078016668,0.0038250305284485025,0.00012423581362932436,1.4739946122967996e-05,2.8553773699688795e-07,0.00473032914279269,0.650862680519509,0.0005788516123697034,0.00020016550048449692,9.580253325885774e-08,6.329852163128011e-05,0.006205782404757352,5.165666698322065e-07,4.788265629145331e-09,4.530458958328117e-07
56,0.0005039531938754852,0.0027228266250801628,5.988508000034107e-06,0.0010116448465977365,5.941472446564726e-07,1.776219629696951e-06,0.00014677121136289707,0.34550804279218394,1.1236846372482509e-08,7.388945939822059e-06,0.00025061722202555714,0.005022676135156616,0.0001621643177548695,1.4759060992842477e-05,2.7657831274540813e-07,0.004800360257383951,0.6318326465145905,0.0007013873256019465,0.0002195747907640419,1.039514378166439e-07,6.481100369810221e-05,0.007020678153297889,4.956505790014989e-07,5.559468664804489e-09,4.457521746808437e-07
57,0.00044433366462125564,0.0028792408393670922,5.293023888818347e-06,0.0009459380801164993,5.279308830201893e-07,1.4941461060202985e-06,0.00015318228328521665,0.33352709119441704,1.0036010071519809e-08,6.69476864202963e-06,0.0002394330316656167,0.005313033164164144,0.00017991574810713226,1.3447172937715624e-05,2.825420207369616e-07,0.005355390002614947,0.6422861252124887,0.0006085772671058407,0.00025948722219753124,1.0047761717584831e-07,6.63858283513609e-05,0.00771314557838167,4.1105053517887017e-07,5.488445563933844e-09,4.542460296448537e-07
58,0.0005061908637887365,0.002822847304523889,6.18974443672882e-06,0.0010631813891675817,6.621470198126142e-07,1.8407198688616905e-06,0.00015273540083926996,0.323567172291508,1.2043164007254774e-08,7.558045477189598e-06,0.00025791593506461645,0.005147164266636035,0.0001746371387429763,1.4848752991304777e-05,2.941070243182877e-07,0.005046841795478086,0.6531018938847221,0.000709115151199762,0.00023339970539814454,1.157094664087431e-07,6.770234408999475e-05,0.007116666768136389,5.324389164413176e-07,6.584168502326989e-09,4.7546817074572393e-07
59,0.0004931176126162219,0.002757972187471302,6.374387877541226e-06,0.0010093378138832665,6.356784264358604e-07,1.8350191709143055e-06,0.00014156636052195168,0.32012909441671705,1.1663574422623922e-08,7.771535231813298e-06,0.00024731751427360796,0.004937409100463614,0.00016118277668661124,1.500663265147902e-05,2.794984102850309e-07,0.004983994846558683,0.6573867743112115,0.000685329585209621,0.0002158788299506431,1.1190747631119677e-07,6.645384562837225e-05,0.006751525019228545,5.350198978489855e-07,6.333283170297238e-09,4.781035787626329e-07
60,0.0004867466568142065,0.0026846757318783206,5.909767062811542e-06,0.0010090758653277022,5.854598731036144e-07,1.7832048038359397e-06,0.0001421555075543056,0.34317026002318796,1.1023490123762751e-08,7.47536907377445e-06,0.0002437273497734275,0.004905180787085993,0.00015446507961797026,1.4636370628461439e-05,2.7581462732894184e-07,0.004852896103568091,0.6345495821401309,0.0006945558387774647,0.00021592776935918498,1.02916870074656e-07,6.347302542208007e-05,0.006795548127842567,5.006665464032936e-07,5.448725830891679e-09,4.439519580995163e-07
61,0.0005161817456742889,0.002702867101676815,6.608736724417092e-06,0.0009877279126110107,6.521147457315638e-07,1.8379481341889113e-06,0.00014530246288870738,0.3265844305717025,1.1960943226679963e-08,7.666815450924588e-06,0.0002569784064801162,0.004999645338282081,0.00016134238572506615,1.533151552872988e-05,2.7255063942954277e-07,0.0047990334907908145,0.6510954851254003,0.0007082976138573918,0.0002148269343130538,1.0948683974960964e-07,6.923537653988549e-05,0.0067251311742408,5.378043793853641e-07,6.356058430964179e-09,4.79070372957423e-07
62,0.0004867466568142065,0.0026846757318783206,5.909767062811542e-06,0.0010090758653277022,5.854598731036144e-07,1.7832048038359397e-06,0.0001421555075543056,0.34317026002318796,1.1023490123762751e-08,7.47536907377445e-06,0.0002437273497734275,0.004905180787085993,0.00015446507961797026,1.4636370628461439e-05,2.7581462732894184e-07,0.004852896103568091,0.6345495821401309,0.0006945558387774647,0.00021592776935918498,1.02916870074656e-07,6.347302542208007e-05,0.006795548127842567,5.006665464032936e-07,5.448725830891679e-09,4.439519580995163e-07
63,0.00047312865637010276,0.00280798115995383,5.688878405675434e-06,0.0010122258873964886,5.826494222908237e-07,1.7329060421020065e-06,0.00014131981831036198,0.33550729780082833,1.0934605635422738e-08,7.409309538476431e-06,0.00024035470541777904,0.0049232180319232054,0.00015305398746401255,1.4629954087764795e-05,2.845727086199167e-07,0.00488262358456281,0.6420103634904962,0.0006639324939057993,0.00022189569059043496,1.0065973435406833e-07,6.370881960419446e-05,0.006867495076142361,5.006219317519071e-07,5.533637775869279e-09,4.547769194784052e-07
64,0.00048656694701070425,0.0025907831846295505,6.0439907172508905e-06,0.0008910219831682379,5.973306877543986e-07,1.6865698945946382e-06,0.00014541986114530197,0.32728657021796675,1.0664933604684e-08,7.008550904013766e-06,0.00025523184607881386,0.004833722803564794,0.0001519269203647726,1.4799920557605616e-05,2.5281043042357034e-07,0.004572359443503626,0.6512343219069997,0.0007001988889934758,0.0002194406809787698,9.889500596509709e-08,7.256325386747742e-05,0.006528401971637247,5.123836695949192e-07,5.578219354659875e-09,4.5339507050389056e-07
65,0.0004937884216665898,0.0031156544904021115,6.614832285041589e-06,0.0009398270197330335,5.478240895739295e-07,1.6491183191207243e-06,0.00013566972312145732,0.3740705356747916,1.3285472982717685e-08,8.743134829527735e-06,0.00023354651051497744,0.005276706821061119,0.00016849371034030044,1.8946956841180722e-05,2.679237595696003e-07,0.0050218857905008,0.6016365589272114,0.0006667657834766083,0.00020385300198661523,1.1343730674041413e-07,6.402865577352671e-05,0.00793478053489239,4.785378717713223e-07,5.9274072577543325e-09,5.239563448348594e-07
66,0.0004813612787966851,0.0026964516596883715,5.858338599039337e-06,0.0010130938169953063,5.904559247570465e-07,1.8014459001791029e-06,0.00014192236281773362,0.3393881996789555,1.1115150924894737e-08,7.515440178903377e-06,0.00024293057109259523,0.0048855786966144,0.00015157518428668328,1.4738441301147685e-05,2.79928079242508e-07,0.004845064571152076,0.638385595573354,0.0006909266112429511,0.00021773093447742005,1.020975301964085e-07,6.392985996155396e-05,0.0067637757497459984,5.107581589365281e-07,5.499050344375452e-09,4.499309451170643e-07
67,0.0004876778020158019,0.002715196137556909,5.682729622166168e-06,0.000999336836729583,5.781863809301565e-07,1.772440904610649e-06,0.0001444502129997135,0.3506093570940209,1.1157214642877631e-08,7.310979916314835e-06,0.0002452374376571085,0.005085183546575938,0.00015219714987289515,1.4657043593124055e-05,2.827174168939823e-07,0.004812179135414759,0.6266487478580213,0.0006711707643993369,0.00021822632161515445,9.757463520728369e-08,6.244543744929551e-05,0.007117266029082694,4.789953243838357e-07,5.316846316843644e-09,4.5109473418527233e-07
68,0.000478166837434835,0.002856143006392644,7.703820271221724e-06,0.001324885493429038,7.352463783651687e-07,2.446959919145236e-06,0.0001634699601042685,0.33417467692535546,1.6228051218139606e-08,1.0183795556969754e-05,0.00023415452653601881,0.005426955160875725,0.00017827214808771697,1.9129026253979353e-05,3.1221939245225613e-07,0.005361303297602827,0.6418727146183575,0.0007901341937489398,0.00021418929891266731,1.4940330116334777e-07,6.313802024953784e-05,0.006819890244453385,6.85878017319632e-07,7.333378812040284e-09,5.363579387383524e-07
69,0.0004935867144070996,0.00279526665402115,5.483047498967139e-06,0.0010535835231573942,5.898758432774679e-07,1.7395102585240366e-06,0.00013971605850495792,0.3187591729017989,1.046721956866391e-08,6.9560647186605785e-06,0.000239803166459047,0.00493715980180218,0.00015093539623182062,1.3411555322727902e-05,2.9145738864745737e-07,0.004739164079501098,0.6588466815736825,0.0006286716589325895,0.0002176932417617983,9.210969498554578e-08,6.0010373685884424e-05,0.00690905756269746,4.813000447374094e-07,5.448559891464821e-09,4.364568059733699e-07
70,0.0004327045331212664,0.0024976390189883546,5.345844923989919e-06,0.0007568841231158518,4.943705861953192e-07,1.6158920416796915e-06,0.0001348315240744413,0.3174722780692499,9.465744179288956e-09,7.191369515308553e-06,0.0002299329043519462,0.004555021678792355,0.00013880201664884668,1.3230744887728437e-05,2.510276731464949e-07,0.005402000429710532,0.6608931640266993,0.0006742696977414083,0.0002317055166499939,9.563206715937786e-08,6.946427031380537e-05,0.006482143015765741,4.642334800791375e-07,5.337340991130725e-09,4.5525651591686216e-07
71,0.00045081732478559523,0.0026931955260304573,6.002337992159182e-06,0.0009862381973583787,5.968507949926457e-07,1.780135073723596e-06,0.00014592215143443955,0.3610505629396737,1.2079524558262665e-08,8.021220313964517e-06,0.0002369238109558532,0.004862977496232875,0.00015435693242670895,1.6348495909827332e-05,2.6608607687068034e-07,0.0050499401732585,0.6165258198083843,0.0007378356557189644,0.0002184981697232931,1.150310881419827e-07,6.633774761730656e-05,0.006786428523644118,5.316879051196119e-07,5.639967906195476e-09,4.6597810822519246e-07
