,0,1,2,3,4,5,6,7,8,9,10,11,12,13,14,15,16,17,18,19,20,21,22,23,24
0,0.0009259546249441387,0.0008477573493784407,7.327994771952787e-06,0.00023350771457662504,2.2334398064218007e-06,2.1521231745041245e-06,0.0006424945571484185,0.6798437746439956,7.652564420181703e-08,3.2211599901637e-06,0.0015655236617447075,0.010716850179812103,0.00037605647203134066,3.177724870212453e-05,2.704313297588689e-07,0.003519950368684373,0.270891003945946,0.0020959160794020823,0.0006793151085373675,2.421429510638327e-07,0.00040701580730662936,0.027206112795344076,3.5425131491411053e-07,2.2847571929098882e-08,1.0885258911163265e-06
1,0.000797082428158591,0.0007541104802644174,8.213552576591164e-06,0.00020628806613688305,2.0005692466776547e-06,2.5941700407144992e-06,0.0006601829232589515,0.7326117845150233,1.0744555052687553e-07,4.533760477315232e-06,0.0013476741717086292,0.009147582109658848,0.0003658416846819355,3.836937464525663e-05,2.857681546792956e-07,0.004120476456684464,0.2187011162351959,0.00234418491542339,0.0007778249533048805,2.993648232106444e-07,0.00045804825212401423,0.027649728915743667,3.901339634300877e-07,2.6251294042441217e-08,1.2535018596484757e-06
2,0.0007738173272177515,0.0007394969417527635,6.795984013939034e-06,0.00019608985376186086,2.0594047518392742e-06,2.363386157226968e-06,0.0005717798214468672,0.7456967937315416,1.0033768102563162e-07,3.852195162623464e-06,0.0014770636786927234,0.009519675809774888,0.00032521777805999907,3.996024867391619e-05,3.0165487031418055e-07,0.0033467651447815702,0.2041329167397298,0.002030309872641173,0.0006414680881394021,2.8054224641926367e-07,0.0003853237308525368,0.030105942908044702,3.539785362996325e-07,2.249823318473024e-08,1.2483432355791266e-06
3,0.0008993744478633485,0.0007992039310633148,7.399842777078599e-06,0.0002107163853279456,2.1520245041453604e-06,2.4356412103597004e-06,0.000643867749652662,0.7137425742616362,9.59031867440855e-08,3.7049947954635802e-06,0.001563587143112823,0.009943637217574647,0.0003634032632086139,3.7430902117601824e-05,2.8286665011039207e-07,0.0033816665464083597,0.23527582672228675,0.0022116644454448177,0.0006986030593358319,2.598362345374245e-07,0.00043946497891746665,0.02977105803499442,3.7781892585223134e-07,2.4018266658471405e-08,1.1879645041890312e-06
4,0.0009603259326963926,0.0008277336178935619,7.794262025418653e-06,0.0002167227634124659,2.189166796490763e-06,2.3493390032580005e-06,0.0006613146406205222,0.7229552958533078,1.0305627277009487e-07,3.7803273440049544e-06,0.0016110028011920069,0.010140471327834607,0.0004056004726616032,4.054709724881919e-05,2.7478945289946996e-07,0.0031858033010447643,0.22416177377718155,0.0023185251508692647,0.000703099009586874,2.7089891105373015e-07,0.00045337604039377043,0.03134006164018097,3.7609657288273093e-07,2.516695694173728e-08,1.183470539388007e-06
5,0.0009709344442031872,0.000811723785705363,8.174209853841022e-06,0.0002577901884903379,2.4893276621793184e-06,2.6839028951377503e-06,0.0006806536058554584,0.7151920791675587,1.0663453377183494e-07,4.182089436679867e-06,0.0016091485583295524,0.009675592623860967,0.00040921077007227566,3.991728990798259e-05,2.8093562688633505e-07,0.0034971246899701794,0.23489301472458135,0.0028495066488148156,0.0007514534642988095,3.1093875625587806e-07,0.00047363560608235783,0.02786837634241343,4.5939445773047683e-07,2.8051489412671065e-08,1.1226051432995714e-06
6,0.0008993744478633485,0.0007992039310633148,7.399842777078599e-06,0.0002107163853279456,2.1520245041453604e-06,2.4356412103597004e-06,0.000643867749652662,0.7137425742616362,9.59031867440855e-08,3.7049947954635802e-06,0.001563587143112823,0.009943637217574647,0.0003634032632086139,3.7430902117601824e-05,2.8286665011039207e-07,0.0033816665464083597,0.23527582672228675,0.0022116644454448177,0.0006986030593358319,2.598362345374245e-07,0.00043946497891746665,0.02977105803499442,3.7781892585223134e-07,2.4018266658471405e-08,1.1879645041890312e-06
7,0.001313102935368304,0.0007963271245237192,8.147701495937043e-06,0.00023171695130896569,1.9655246098478413e-06,2.1440140803304068e-06,0.0007186830375866154,0.7356673410904061,8.273690606623563e-08,3.0438036704462347e-06,0.0018278788092195635,0.009636636202196912,0.0006289517313098825,2.905875860310088e-05,2.5461350228815836e-07,0.002917879537890469,0.20714298377634136,0.002383074085702145,0.0007075971203753375,2.836874108633654e-07,0.00041940639484274166,0.03556230709727859,2.814283627491605e-07,2.2626462158545214e-08,8.292105454142243e-07
8,0.000997488843805287,0.0009411540804526951,9.225157278370017e-06,0.0002461432360822819,2.4353538414230885e-06,2.5981919434529874e-06,0.0005726131765538468,0.6779614547703452,1.0684375104077389e-07,4.6391451615618674e-06,0.001543665000921168,0.010428018782535948,0.0003696498779445209,4.380886264544617e-05,3.3241342596372193e-07,0.003743932620761681,0.2700795301221411,0.0021660629312401218,0.0006639296552273839,2.918284660813124e-07,0.0004251175556388892,0.029795870209515164,4.442513469467151e-07,2.9653329460633566e-08,1.4574356453341361e-06
9,0.0009959180732276092,0.0006945145005522733,6.064817377616636e-06,0.00018860229284074886,2.1463698890016676e-06,2.364197800449505e-06,0.0007941875332634715,0.7266981544430214,8.330138489091284e-08,2.57688604523133e-06,0.0017827458306406156,0.01026788723853171,0.00038409430520644727,2.9336361613440406e-05,2.4156171955384603e-07,0.0027857902300330293,0.2206621615988319,0.0023039138434358167,0.0007188573226740407,2.1019584105962815e-07,0.00046925967391672454,0.03120962574312464,3.2171170286189464e-07,1.9635868910487086e-08,9.223314564717642e-07
10,0.0008993744478633485,0.0007992039310633148,7.399842777078599e-06,0.0002107163853279456,2.1520245041453604e-06,2.4356412103597004e-06,0.000643867749652662,0.7137425742616362,9.59031867440855e-08,3.7049947954635802e-06,0.001563587143112823,0.009943637217574647,0.0003634032632086139,3.7430902117601824e-05,2.8286665011039207e-07,0.0033816665464083597,0.23527582672228675,0.0022116644454448177,0.0006986030593358319,2.598362345374245e-07,0.00043946497891746665,0.02977105803499442,3.7781892585223134e-07,2.4018266658471405e-08,1.1879645041890312e-06
11,0.0009556279444951679,0.0008265534562615466,7.696488967170177e-06,0.0002166158034368739,2.218668153859792e-06,2.4192403759996836e-06,0.0006704607267535101,0.711925842191347,9.936671298679233e-08,3.719229953518724e-06,0.0016196003458149666,0.010335493042354546,0.0004052630651254033,3.782670698079284e-05,2.887083241705972e-07,0.0034075683519204413,0.23464591079612715,0.0022422566977986797,0.0007208024716889189,2.7363747278296067e-07,0.0004477704385849249,0.03152409386819121,3.715033052604722e-07,2.5584843852356357e-08,1.2016650090597028e-06
12,0.0009964753339885945,0.000734452380294854,1.0262548906974247e-05,0.0001584686685119444,4.267926101946067e-06,3.035558395377418e-06,0.000539694885026991,0.5871752085776663,1.116719192900297e-07,4.087135586899842e-06,0.002120819855613378,0.011122104623208798,0.00030845523556712084,5.176266421775432e-05,2.6804774522082725e-07,0.00352543896503985,0.3612304575882798,0.0024013406933175536,0.0004651336552041371,4.2781182102237465e-07,0.0005598109459266407,0.02858529950909834,6.354558400106719e-07,3.9137072442571735e-08,1.9411256487887048e-06
13,0.0008212832829185909,0.0006534001746897095,5.262465666326394e-06,0.00013971254569572847,1.7307487008576546e-06,1.4981154189985522e-06,0.00048448519950218414,0.7656245560874076,7.065886097742742e-08,2.2231208633088984e-06,0.0018524423198976187,0.01065518234006678,0.0002979933040549238,3.593347384337142e-05,2.4255565269658155e-07,0.00214362531607276,0.18106680544941683,0.00153239266042438,0.0005074615925869489,1.7858677141130763e-07,0.0003505688173164552,0.033821658586305134,2.125154069366131e-07,1.5113502365308736e-08,1.064968957112525e-06
14,0.0007959283888113604,0.0007387168445027968,7.576010732031303e-06,0.00017355406319471503,1.7476820272270151e-06,2.5847922423202287e-06,0.0006290668966921104,0.7272285562851267,1.0145833692109866e-07,3.889569565616278e-06,0.0013074799942466003,0.010530344152098154,0.0003162271540059751,3.6393773473848814e-05,3.249162967386739e-07,0.003931319234777162,0.2205388324686453,0.0017099023142079118,0.0005948311712157968,2.6505934207057363e-07,0.00033083436911999765,0.03111978911712448,3.1198769377816385e-07,2.072474259678522e-08,1.4015717776017765e-06
15,0.0008993744478633485,0.0007992039310633148,7.399842777078599e-06,0.0002107163853279456,2.1520245041453604e-06,2.4356412103597004e-06,0.000643867749652662,0.7137425742616362,9.59031867440855e-08,3.7049947954635802e-06,0.001563587143112823,0.009943637217574647,0.0003634032632086139,3.7430902117601824e-05,2.8286665011039207e-07,0.0033816665464083597,0.23527582672228675,0.0022116644454448177,0.0006986030593358319,2.598362345374245e-07,0.00043946497891746665,0.02977105803499442,3.7781892585223134e-07,2.4018266658471405e-08,1.1879645041890312e-06
16,0.0009999611856429404,0.0009039129230201396,1.1344541007029039e-05,0.0002336710978886863,2.6627940511788195e-06,3.042617415796934e-06,0.0007319642567608043,0.6378768808207034,1.0926454341177862e-07,4.9925308155371186e-06,0.0015622912115904864,0.009359333142518748,0.000427966422675809,3.8516254807568696e-05,2.757659840316224e-07,0.004385993979455235,0.31488136802638983,0.0025807187721364174,0.0007484886845512709,3.6081961820950297e-07,0.000554478294690319,0.024689692275415624,5.585275866401878e-07,3.731164105321661e-08,1.3784790899295537e-06
17,0.00041717714251545513,0.0008138731400566196,6.279317665350942e-06,0.000214340531305817,1.0149575085274055e-06,2.874211304880929e-06,0.00038347272199425945,0.730286643010633,6.960301259744793e-08,7.046698012995874e-06,0.0007373212465813714,0.006707575923271952,0.00020105443789729383,2.5089345735791558e-05,5.500720382318081e-07,0.008490998657347011,0.22905897021342345,0.0012964629753070133,0.0008208524407406448,2.8567059756195473e-07,0.000235993487759695,0.020290264003899224,3.235333008693972e-07,1.8741214773250893e-08,1.4479168757168684e-06
18,0.0024603788223551823,0.0006858566188108964,6.090869300679218e-06,0.0018819793304788572,3.0880487585657595e-06,3.1749817006641918e-06,0.0004280003571458343,0.8559260728426069,4.9025148185791864e-08,2.491440256303234e-06,0.001523708493958422,0.0035608783059340966,0.0010882364415925896,6.929963229687639e-06,2.419602387448209e-07,0.0016506316365230136,0.10721510978918693,0.0032762410252331724,0.0004617173595216591,2.7931368265841723e-07,0.0001438509781791311,0.01967462948736652,2.5518190119712437e-07,1.4959921657004048e-08,9.276696848569047e-08
19,0.0010178388052825924,0.0004635572489526897,7.654073534679227e-06,6.822130895069247e-05,1.6340232092829157e-06,1.2774786896654587e-06,0.0006828836545912834,0.6977730743235088,4.798223592662191e-08,1.911144262657653e-06,0.002477311952911359,0.006394848456498095,0.0003432387402902162,2.79062412302673e-05,1.327336461601493e-07,0.0026568911041774724,0.26200798469741177,0.003222923542023841,0.0008187957879093457,2.076705627877271e-07,0.0011018800811576778,0.020928580301970295,3.100550999513967e-07,1.889756059590794e-08,8.696943318146039e-07
20,0.0008403116097455213,0.0007495379759174749,5.6992880013138805e-06,0.0001959655493023831,1.7813821014676371e-06,2.1290629034856682e-06,0.0005616818885153357,0.7740436281076433,9.918574027273469e-08,3.343845377174142e-06,0.0015645899794075953,0.008941849157181634,0.00037098019265096677,3.907594715945539e-05,2.939041846093065e-07,0.0025823015129242894,0.17000929082182725,0.00187579731320935,0.000651547789803486,2.3729193702967184e-07,0.0003709348407991933,0.03718757152242936,2.877691483451682e-07,1.9240336925613756e-08,1.0448217527158759e-06
21,0.0010220158302443126,0.0008521218846342861,9.66343911223751e-06,0.00021713918978791006,2.2074559879036115e-06,1.9328088624223803e-06,0.0006232224020943428,0.7057187877958087,9.287816649601197e-08,3.8831219288187565e-06,0.0015297025269789234,0.01124238657563253,0.00042419927283421247,4.319514753307317e-05,2.240463074686805e-07,0.0037161413298797664,0.245269924495627,0.002816980166950244,0.0006337675460627954,2.982374698529601e-07,0.0004587562846977009,0.02541176694983027,3.75766221380933e-07,2.710478453166378e-08,1.1877425630188814e-06
22,0.000817484803746408,0.0017028594489399127,3.99209928953229e-06,0.0006863460891702181,3.841821541454521e-06,4.8002992665884915e-06,0.009942145700025067,0.6763192891772739,1.9841319143801832e-06,2.354549141866362e-06,0.001501819682912178,0.12376807108693638,0.0011639801789604521,5.9578183628752616e-05,4.813368726243959e-06,0.016943588086292267,0.0699145462117235,0.0009190190720302134,0.0029035722402882005,4.2128177134216594e-07,0.0001959046428212756,0.09312843938806907,3.240232347901263e-07,2.1152574219921694e-07,1.0612906553758958e-05
23,0.0008993744478633485,0.0007992039310633148,7.399842777078599e-06,0.0002107163853279456,2.1520245041453604e-06,2.4356412103597004e-06,0.000643867749652662,0.7137425742616362,9.59031867440855e-08,3.7049947954635802e-06,0.001563587143112823,0.009943637217574647,0.0003634032632086139,3.7430902117601824e-05,2.8286665011039207e-07,0.0033816665464083597,0.23527582672228675,0.0022116644454448177,0.0006986030593358319,2.598362345374245e-07,0.00043946497891746665,0.02977105803499442,3.7781892585223134e-07,2.4018266658471405e-08,1.1879645041890312e-06
24,0.001101040236039168,0.0005460546314361985,9.570257495771341e-06,9.34671819724387e-05,2.132774510286066e-06,2.9155862735421063e-06,0.0007344319092688778,0.6881839117641799,8.876848503025388e-08,2.803335772797263e-06,0.0019357363452754972,0.010934788256665532,0.00033982204611900265,2.8418684636357584e-05,2.4381266220697206e-07,0.003625139182322109,0.2577624687931688,0.0017142070349633444,0.000498212279326028,2.6956175989189024e-07,0.0004952670919272221,0.031987259277416184,2.8899213741391723e-07,2.3242771028677013e-08,1.4389534153995558e-06
25,0.0013375793306316481,0.0031410339761370736,1.9020166879893392e-05,0.00048159998551019063,2.396518548531741e-06,6.136920689921339e-06,0.000761891574780858,0.2655436589997394,2.6203576301513687e-07,1.688081383193875e-05,0.0008311860573098385,0.010236663587234013,0.0006110509274963689,5.7502438431101034e-05,1.3519868190069767e-06,0.010567903556935205,0.657229845981564,0.001283369942698081,0.0017937108039552659,3.5657867927672837e-07,0.0006245856029817988,0.04544614804218526,1.1363798227946794e-06,1.2760235195878358e-07,4.60018902362655e-06
26,0.0012347180577017424,0.0009765677660032183,1.2821558601787205e-05,0.0002914420588475624,3.3755160319833853e-06,3.2796725100609632e-06,0.0007341102351040805,0.643977283928643,1.4434026582428497e-07,5.661135164226952e-06,0.0016868562289811034,0.010361944649984101,0.00048636165339982046,4.9865120795556694e-05,2.930243983850606e-07,0.004298813764210616,0.30386222198183743,0.003483823560723089,0.0007726310108194319,4.220309449132161e-07,0.000597820414944838,0.02715735019629321,6.742631723318692e-07,4.6452845350473215e-08,1.4713777762856346e-06
27,0.0008249049497878852,0.0007855789915067748,5.931601725322353e-06,0.0002239905503564618,2.0431435350775243e-06,2.614104394557312e-06,0.0006317458101583851,0.7642646869047709,1.1683538644727813e-07,3.6993407443421525e-06,0.0014494057934202268,0.01003367828241743,0.00035927618754823823,3.814377573279925e-05,3.459542586931012e-07,0.003238768599624697,0.1780650725129304,0.0019309780422383793,0.000693975376564446,2.6250446776451826e-07,0.00034930678707110086,0.03709392138453962,3.2163195196485125e-07,2.2714500590819643e-08,1.208220367381149e-06
28,0.0008993744478633485,0.0007992039310633148,7.399842777078599e-06,0.0002107163853279456,2.1520245041453604e-06,2.4356412103597004e-06,0.000643867749652662,0.7137425742616362,9.59031867440855e-08,3.7049947954635802e-06,0.001563587143112823,0.009943637217574647,0.0003634032632086139,3.7430902117601824e-05,2.8286665011039207e-07,0.0033816665464083597,0.23527582672228675,0.0022116644454448177,0.0006986030593358319,2.598362345374245e-07,0.00043946497891746665,0.02977105803499442,3.7781892585223134e-07,2.4018266658471405e-08,1.1879645041890312e-06
29,0.0008993744478633485,0.0007992039310633148,7.399842777078599e-06,0.0002107163853279456,2.1520245041453604e-06,2.4356412103597004e-06,0.000643867749652662,0.7137425742616362,9.59031867440855e-08,3.7049947954635802e-06,0.001563587143112823,0.009943637217574647,0.0003634032632086139,3.7430902117601824e-05,2.8286665011039207e-07,0.0033816665464083597,0.23527582672228675,0.0022116644454448177,0.0006986030593358319,2.598362345374245e-07,0.00043946497891746665,0.02977105803499442,3.7781892585223134e-07,2.4018266658471405e-08,1.1879645041890312e-06
30,0.0008993744478633485,0.0007992039310633148,7.399842777078599e-06,0.0002107163853279456,2.1520245041453604e-06,2.4356412103597004e-06,0.000643867749652662,0.7137425742616362,9.59031867440855e-08,3.7049947954635802e-06,0.001563587143112823,0.009943637217574647,0.0003634032632086139,3.7430902117601824e-05,2.8286665011039207e-07,0.0033816665464083597,0.23527582672228675,0.0022116644454448177,0.0006986030593358319,2.598362345374245e-07,0.00043946497891746665,0.02977105803499442,3.7781892585223134e-07,2.4018266658471405e-08,1.1879645041890312e-06
31,0.0008812955805955752,0.000858640652247629,6.949577351232178e-06,0.00026112824891551934,2.590305528847495e-06,3.0505460442198982e-06,0.0007162577716294785,0.6955400187022599,1.1734321018316565e-07,4.056474399113424e-06,0.0016784503646964277,0.01069902375550364,0.0003899583330131543,4.015981670947322e-05,3.6665331279850697e-07,0.0036090749313580995,0.24711999872865528,0.002258459670299887,0.0008277614843111638,2.9422211404390404e-07,0.0004562221554936974,0.034644316606850176,4.459663968723452e-07,2.9007711527825164e-08,1.333101391820253e-06
32,0.0008828350244851872,0.0008036610255303415,7.309919021898057e-06,0.00021834866942492488,2.229745303204839e-06,2.504422839820174e-06,0.0006729013444873555,0.7105947534998737,9.873820221081304e-08,3.790737912701727e-06,0.0015804739683239865,0.009857274444338697,0.00037073815621666765,3.717475445439696e-05,3.049374077724005e-07,0.003540483130096806,0.23783749245922,0.0022510265710478307,0.0007726385645486918,2.6783886589647406e-07,0.0004624856996543144,0.030099567981918644,3.927829195151982e-07,2.5305982634926417e-08,1.2202779227457616e-06
33,0.0005519668026430421,0.0008059560741312905,3.0886678209124015e-05,0.00021307946791746397,3.4663787617187713e-06,1.881704088908179e-05,0.0005574270735733034,0.7314850146131211,7.648910539542335e-07,4.7492733776529805e-05,0.0008122258105317985,0.00440376349953919,0.00016465703294381832,0.00015334598451750576,1.2413266077091416e-06,0.009445772446651056,0.2254461393743242,0.00247479011697179,0.0008670312147174666,1.1669271797493497e-06,0.0008181821976900217,0.021686922008098235,2.8714296327907053e-06,8.992169941861313e-08,6.928954818824597e-06
34,0.0022411307434892823,0.0006823100573432727,1.0960455711568477e-05,0.00026403130638772,3.2661352049010166e-06,2.3668993338939236e-06,0.0008991793781941199,0.7245875957589987,1.1043720490327956e-07,2.8085153714808986e-06,0.0028629317984416487,0.008845892899048266,0.0007042402261341357,3.403026152873729e-05,2.7044909651870846e-07,0.0021217475848806424,0.21804175357617492,0.004097472083476405,0.0009219888355159664,2.698344309759763e-07,0.0007329763641058924,0.03294143103587054,4.1547148581294907e-07,3.077854184911598e-08,7.891140279347576e-07
35,0.0007150631919447848,0.0015332829459745376,1.3255876303419418e-05,0.00037905507408972854,4.055311929205984e-06,2.7723901059213227e-06,0.0007261543075017343,0.5180945558152269,1.1222502812377577e-07,5.813129194559291e-06,0.0017543098442616327,0.011495064161477372,0.0005654565482515819,6.282257249390279e-05,6.748863479297591e-07,0.005364008412477503,0.4293187870744506,0.0014510871402183291,0.0008075776185890512,6.639314955172786e-07,0.0006307173771147213,0.02707124601618625,7.888061625981231e-07,5.351916181901397e-08,2.621824012184993e-06
36,0.005411171631166812,0.0007934503867119186,4.068020320900907e-05,0.0005187330198429534,4.7463288268823975e-05,7.539911537551189e-06,0.0029700296210940797,0.24002071838384542,1.4143088808574912e-07,2.0271048712458547e-06,0.014467059155508132,0.00658845288489671,0.0010359682019432013,2.6895046319995534e-05,3.327985247192042e-07,0.0012922907400116552,0.6957007544606499,0.010141182679740825,0.0021270074854576903,4.860238685441948e-07,0.01021859449262559,0.008581542893750904,5.74386681947003e-06,3.946033460449016e-07,1.3396851006767861e-06
37,0.0008653993317314364,0.0007922455000371829,7.152738872629673e-06,0.00020829099975013673,2.1010680837579493e-06,2.428624641679059e-06,0.0006300422795689946,0.716093184646644,9.398768610310335e-08,3.682461020907232e-06,0.001540241313708091,0.00980964493403182,0.00035082663853987396,3.6885725977871335e-05,2.873484570986079e-07,0.0033869654161676937,0.233371800254235,0.002133134621330773,0.0006937664283677829,2.557669627952973e-07,0.0004286679240719023,0.02964132144611198,3.7157396613354366e-07,2.325401819540891e-08,1.185716016111101e-06
38,0.0009187305306821125,0.0007675585271470041,8.45743707469135e-06,0.00022059673823834913,1.986602186938389e-06,3.301681947638796e-06,0.0008910204574648197,0.6821931600062703,9.681124721082466e-08,4.376742031689518e-06,0.0014139679856059121,0.009584042598529432,0.00045720781384350957,2.9032572525776787e-05,3.2869637167148827e-07,0.005257868842416766,0.2658649734599786,0.0026854862366712438,0.0009524125609388293,3.476061832502251e-07,0.00048485604207779094,0.028258564454067686,4.30211178918974e-07,2.7575895892117634e-08,1.1678094239096338e-06
39,0.0008729803758889101,0.0007704084117163016,7.24209303465601e-06,0.0001999380987068575,2.078832836012617e-06,2.4129056461647015e-06,0.0006400912913588741,0.7184376783950932,9.22585238086815e-08,3.602271744594581e-06,0.0015438252382824068,0.009878349861418454,0.0003525271920928688,3.608969593974614e-05,2.7437312427491205e-07,0.0033840609326860217,0.23127907568770378,0.0021548116688762777,0.0006841738326309959,2.5392797404442604e-07,0.0004333134385195136,0.029315163367858214,3.626660942876243e-07,2.2970704227210532e-08,1.1702115455049414e-06
40,0.00088645946840196,0.000794948758868041,7.3377860938667905e-06,0.00021308321606034426,2.1508073189242035e-06,2.4457977369377872e-06,0.0006448904439709267,0.7155089089101958,9.619167945887872e-08,3.7435957858031976e-06,0.001549610376510689,0.009801918856972482,0.000361178679456899,3.7375605628794795e-05,2.8327588908054245e-07,0.0034109481475425563,0.23395205903064714,0.0022466156006580645,0.0007094274534873141,2.6156959777959647e-07,0.0004411893622573688,0.029423481832431132,3.8248752566265627e-07,2.4072783068176326e-08,1.1786725000809389e-06
41,0.0008986198627566296,0.00082276945545268,7.4788297739369105e-06,0.0003184622800818792,2.628544067181949e-06,3.051178129751077e-06,0.0005977720719094437,0.7235666898341608,1.0979035530259733e-07,4.272165662940761e-06,0.0014826953438255882,0.010144905755563625,0.0003428684404528148,3.631213004616435e-05,4.110821075058671e-07,0.0036519904809209493,0.22605141683070737,0.0020737129457160937,0.0006760835807880071,2.909314443644812e-07,0.00033275127815956634,0.028983038768457866,4.204491786728887e-07,2.5498115082003276e-08,1.2224721657492725e-06
42,0.0049997576942089625,0.0010131441094202867,8.06087185317654e-05,0.0008604710427541837,2.385645350304956e-05,3.6138710150820947e-06,0.003032179892070872,0.5887436764176769,5.549134611128176e-07,8.509226949934778e-06,0.004657913169597239,0.011933560608216891,0.0009991008750713556,0.00038868138088384144,8.448682450465432e-08,0.0012510474433282826,0.27364324006996255,0.09582200986967969,0.0008923008929789115,8.82235560955971e-07,0.0066914782098111015,0.00494294971307756,9.027360081800149e-06,1.9231003279786225e-07,1.1590353004554271e-06
43,0.0009742928217298306,0.0008658830815908704,7.365143640358762e-06,0.00022055783514930377,2.2024342218855914e-06,2.1308094094444574e-06,0.0006750064326612585,0.6938740800905432,8.997463092255989e-08,3.2211000390992877e-06,0.0016408643243984455,0.011296505310269203,0.00039240157589761645,3.6814079560781625e-05,2.6299497598725125e-07,0.0032693259646605108,0.2532258399965898,0.002248712204814266,0.0006820433265244712,2.4422935260694616e-07,0.00042386731188750944,0.030156759120352563,3.53935160494753e-07,2.4129089487863144e-08,1.1517728501088496e-06
44,0.0008993744478633485,0.0007992039310633148,7.399842777078599e-06,0.0002107163853279456,2.1520245041453604e-06,2.4356412103597004e-06,0.000643867749652662,0.7137425742616362,9.59031867440855e-08,3.7049947954635802e-06,0.001563587143112823,0.009943637217574647,0.0003634032632086139,3.7430902117601824e-05,2.8286665011039207e-07,0.0033816665464083597,0.23527582672228675,0.0022116644454448177,0.0006986030593358319,2.598362345374245e-07,0.00043946497891746665,0.02977105803499442,3.7781892585223134e-07,2.4018266658471405e-08,1.1879645041890312e-06
45,0.0010165283861309708,0.0009749835937037725,9.388181145892029e-06,0.00018298308231706205,2.262045657064972e-06,2.1526952717459557e-06,0.0005486682243094842,0.6450346244465704,9.414486098188e-08,4.159194332145071e-06,0.0017013231166724842,0.010128990179529824,0.00036299578255934666,5.098267668603109e-05,2.1733165102934004e-07,0.003165428006120399,0.3045157690715759,0.0025020971948642536,0.0006361376503464957,2.587348753273259e-07,0.0006020830434535357,0.028555957766286093,4.820521925214511e-07,2.914895381220632e-08,1.4042499333424101e-06
46,0.0008656424700903153,0.0007675662029406299,7.581523910363867e-06,0.00020993035758992817,2.1413678082794832e-06,2.491186897091325e-06,0.000648454311959755,0.7349207794060199,1.0629567936678843e-07,3.988345712201785e-06,0.0015252897149957252,0.009308321607896571,0.0003578528752817946,4.057171766300887e-05,2.769089906105267e-07,0.0033091358735900314,0.21560575200119103,0.0023931035466827613,0.0007209155854393823,2.7265949166732375e-07,0.00046250992147382276,0.028845705201766568,3.9984281289127003e-07,2.471322574544841e-08,1.1863608904369068e-06
47,0.0008875849836884242,0.0007765090531060161,7.621890792621976e-06,0.00021614060310356178,2.2136631197381594e-06,2.4952224193904334e-06,0.0006379563572616614,0.7178247114398781,9.805893618056998e-08,3.861511376635713e-06,0.0015712005937872147,0.00953130919383061,0.0003532432200781334,3.87680470719507e-05,2.8229001169857233e-07,0.00332201891238534,0.23303570222223235,0.0023325881555755585,0.0007122492021839939,2.640478580684429e-07,0.0004597278091040824,0.028281841802285664,4.042145953806899e-07,2.43249030757577e-08,1.183180414511066e-06
48,0.0012855715561359083,0.0005540784973328606,1.4331852932799825e-05,0.00017764125609868122,4.6191291133179825e-06,2.7200981664819816e-06,0.0010594632319326496,0.7641232051939402,1.814928797894517e-07,3.2905790460073284e-06,0.0028533736258457287,0.014574617911235741,0.0006336795493913152,5.999440973679461e-05,3.155208750665767e-07,0.0037603709534987846,0.17571468566926687,0.003678400994772544,0.0006213600374520558,6.27287791537618e-07,0.0007702315867094019,0.030104987146638295,4.124355078342367e-07,5.175961154239847e-08,1.7882240876627625e-06
49,0.0009909933094398259,0.0007601861890197924,8.156892592858387e-06,0.00019104964893484056,2.0838751734821004e-06,2.6170672067157968e-06,0.0006181936614009985,0.717778787711323,9.11515650159528e-08,3.454415340959958e-06,0.0016218187044650314,0.010973450453240148,0.000374615992309724,3.5278612375784484e-05,2.5314416339692887e-07,0.0032249936594737957,0.2304401673157835,0.0020738036873333473,0.0005359850694651921,2.704688179301322e-07,0.00038246961921544614,0.029979769812087116,3.407830279663528e-07,2.2236351112505706e-08,1.1465198930748794e-06
50,0.000705385125528865,0.000682906806537497,5.92180829740299e-06,0.0001828190744689778,1.6683187892473443e-06,2.3776730675755245e-06,0.0006722320045419043,0.785099315628056,1.040176894201478e-07,3.756941179137753e-06,0.0012464231615207857,0.008530283910692448,0.00031620950380814925,3.787516032190082e-05,2.653490906494925e-07,0.002930895876856496,0.1660402575713017,0.0019409224979357903,0.0006930274608098061,2.215912103910569e-07,0.00039492218936698685,0.03051080953327965,3.1527478772302536e-07,1.7845648647388082e-08,1.0656752125554712e-06
51,0.0007559884234974633,0.0009681441221020723,4.753847874472296e-06,0.0002897757369350223,1.4894665873253791e-06,1.5786803126500575e-06,0.0003899740288791488,0.8047518643586136,8.016313927072114e-08,3.2607616492404344e-06,0.001240364516917109,0.009216886501491424,0.0003062398941025674,4.074293464498712e-05,2.8103919402441665e-07,0.0022023444313005406,0.1470610886591988,0.0016957774731298975,0.0005043822772776015,1.8226749159383736e-07,0.00023628048066933851,0.030327401956807585,2.5529492966880736e-07,1.4375145661210343e-08,8.48308108909864e-07
52,0.0007593458997182264,0.0006107241822679684,6.486357674386748e-06,0.0002792332458226534,1.5628396209985257e-06,2.875627230350521e-06,0.0004560736076955268,0.8071097592476373,1.0912045495058531e-07,6.260116570947447e-06,0.0011688564759169495,0.0061114100190378115,0.00034887865470608384,3.800766809082915e-05,3.4549558546980125e-07,0.004103667288446658,0.148583102435101,0.003467001705312953,0.0008218394402050023,3.643286398912839e-07,0.00033246970624347066,0.025790350000592696,4.011882498138685e-07,2.1911832636559468e-08,8.534373453612081e-07
53,0.000727614608713883,0.0006725875928940582,5.906330513241531e-06,0.00016479529090482174,1.9184325712440054e-06,2.458533609924845e-06,0.0009381906196432055,0.7483616609261955,9.714123841905125e-08,2.7197530774848833e-06,0.0014182947969198915,0.011243498004929303,0.0003166217336731106,3.2409782691257815e-05,2.525266316314755e-07,0.0032904309467024755,0.2018803651466017,0.00201896066200311,0.0006677940863491509,2.2653668207246983e-07,0.0004071307185347596,0.027844599118419144,3.190262308131007e-07,1.8468404660835558e-08,1.1292158651217574e-06
54,0.0005575663504961406,0.0009162448145316695,6.24457128981488e-06,0.00016251060516964472,1.4683223491478986e-06,2.0817141110377065e-06,0.0005019601772156072,0.7235685550394116,9.725355695973846e-08,4.393166116429332e-06,0.001028897678334159,0.011614377669764277,0.00025142542505399536,4.1571884858402024e-05,3.536224533096561e-07,0.004822053480235772,0.22242776594621017,0.0012772308469011933,0.0006008198209982731,2.4120825568600044e-07,0.00028502354814090276,0.031927025604165694,2.759567834330556e-07,2.0645720732365758e-08,1.794647875861851e-06
55,0.0008562631687415273,0.0007793797581253084,7.71573958687563e-06,0.00018177940303047897,1.8158784169681982e-06,2.342186873903496e-06,0.0004707536388799942,0.710774254401481,8.216248619930584e-08,4.424343207830044e-06,0.0014805390252692775,0.007288011342483724,0.0003172138882361786,3.8796732717065786e-05,2.9306400795363806e-07,0.003265214282967205,0.24293655376885787,0.001957660364486133,0.0006547120060881854,2.559597642637267e-07,0.00046700265059898023,0.028513333388476947,3.9555070520858364e-07,2.1328858807533372e-08,1.185965652280957e-06
56,0.0009306967909541737,0.0008107317224111429,7.496276092854744e-06,0.00021197420783161336,2.179066602680015e-06,2.423021987388977e-06,0.0006633360853122417,0.7148696208366571,9.79451060449612e-08,3.6695075962157683e-06,0.0015982639676868807,0.010178571048921179,0.00038306828435117214,3.774911922285882e-05,2.831431663316201e-07,0.003337254724650326,0.2328513957154629,0.002232154894706914,0.0007077668934295532,2.630584419940072e-07,0.000445644896770594,0.03072377219663456,3.7324146927319693e-07,2.4539102616347774e-08,1.1888154315224236e-06
57,0.0008233520428513085,0.0008661321746520631,6.825283261302278e-06,0.00019739124866351049,1.9421319071851837e-06,2.0158835212913474e-06,0.0006983088067184011,0.700835226679098,8.688361467397606e-08,3.413014588233011e-06,0.0015346580137188385,0.010554367179189473,0.00042482846478808094,3.454486655284177e-05,2.860562915886172e-07,0.0038620677811346403,0.24374227569894244,0.0020054218999779917,0.0008833774822461854,2.5315609343845325e-07,0.0004892177948755135,0.03303244087900048,3.1800933211934253e-07,2.4866480382469244e-08,1.2237024997840826e-06
58,0.0009753507765956833,0.0008836611629944465,8.218442940379919e-06,0.00023677201324462805,2.567223927992241e-06,2.6476013199091917e-06,0.0007248565928111851,0.6909398500118196,1.11206043542066e-07,4.02582384354553e-06,0.0016994882158895114,0.01077070899600529,0.0004331819668362024,3.98819717196819e-05,3.1726505503083506e-07,0.0037492605561162,0.25374487003176366,0.002409846484750721,0.0008090171944597523,3.100976370698665e-07,0.0004977925172814491,0.032065466251070915,4.3134746215720133e-07,3.135895995542255e-08,1.3348894514191772e-06
59,0.0009585266971487164,0.00085981432300384,8.581496486614168e-06,0.00022006027237292402,2.4335735332404014e-06,2.612211563804882e-06,0.0006655356470768207,0.691436434434444,1.0647491136246975e-07,4.130262831396226e-06,0.00164156271924195,0.01036840714377569,0.00039893464730511016,4.051598275021795e-05,2.968920563760645e-07,0.0037029241435179512,0.25576404941395237,0.0023411972185803888,0.0007371830177708193,3.001845989030469e-07,0.0004893529341790159,0.030355235706725613,4.2898555751190956e-07,2.979959466768279e-08,1.3458170207650556e-06
60,0.0008993744478633485,0.0007992039310633148,7.399842777078599e-06,0.0002107163853279456,2.1520245041453604e-06,2.4356412103597004e-06,0.000643867749652662,0.7137425742616362,9.59031867440855e-08,3.7049947954635802e-06,0.001563587143112823,0.009943637217574647,0.0003634032632086139,3.7430902117601824e-05,2.8286665011039207e-07,0.0033816665464083597,0.23527582672228675,0.0022116644454448177,0.0006986030593358319,2.598362345374245e-07,0.00043946497891746665,0.02977105803499442,3.7781892585223134e-07,2.4018266658471405e-08,1.1879645041890312e-06
61,0.0009912594233056546,0.0008412747990474983,8.83174444213936e-06,0.00021837201774189122,2.521306121444069e-06,2.657106105603649e-06,0.0006880586856679096,0.6949813870001401,1.1055282799517159e-07,4.1110184010016935e-06,0.0016872109231655188,0.010368332326145152,0.00040121731661659486,4.1328535799606554e-05,2.915975254750383e-07,0.003562771746365069,0.252285117725091,0.0024156005328991744,0.000743785205829275,2.9586914487607377e-07,0.0005137224607879727,0.03023992822808124,4.3847473362363044e-07,3.0325013724892745e-08,1.3450790003155078e-06
62,0.0008993744478633485,0.0007992039310633148,7.399842777078599e-06,0.0002107163853279456,2.1520245041453604e-06,2.4356412103597004e-06,0.000643867749652662,0.7137425742616362,9.59031867440855e-08,3.7049947954635802e-06,0.001563587143112823,0.009943637217574647,0.0003634032632086139,3.7430902117601824e-05,2.8286665011039207e-07,0.0033816665464083597,0.23527582672228675,0.0022116644454448177,0.0006986030593358319,2.598362345374245e-07,0.00043946497891746665,0.02977105803499442,3.7781892585223134e-07,2.4018266658471405e-08,1.1879645041890312e-06
63,0.0008897287454216769,0.0008561768890657162,7.215061869749352e-06,0.00021515887514104767,2.167329856600968e-06,2.3837520458974043e-06,0.0006434478501271357,0.7077526908259322,9.683717448190409e-08,3.727413510042429e-06,0.001559337729696958,0.010197654474031485,0.00036633525981686255,3.820072889930871e-05,2.9453535674991446e-07,0.003429140615500575,0.24006427516689952,0.0021317930088545814,0.0007195792276719082,2.5678404461659923e-07,0.00044270288086625147,0.030675998213337913,3.801412639982599e-07,2.475297330483716e-08,1.2329006413791417e-06
64,0.000933647541660055,0.0007867543055855004,7.95716484654799e-06,0.00018923998343524248,2.2723576192806425e-06,2.358231695337352e-06,0.0006791368148304792,0.7000441931469348,9.491541399081687e-08,3.604903071466556e-06,0.001691359545135918,0.009839640329443058,0.00036793048915587134,3.8939197566268305e-05,2.5977388234156953e-07,0.0032675704745629237,0.24971334300458248,0.002350970200901365,0.000741805723386213,2.556032918540346e-07,0.0005399873957943988,0.02879700910597398,4.0548246489475764e-07,2.5605647888806e-08,1.2387031178167387e-06
65,0.000889445374175932,0.0009006602920474881,8.05995548851995e-06,0.0001835005350832284,1.8573888815537114e-06,2.046812942004527e-06,0.0005510994238684072,0.7424160835668675,1.1296530647453191e-07,4.185132830931146e-06,0.0013864434927442233,0.010143582158558111,0.00038538832002538224,4.816925108457966e-05,2.4893340673210705e-07,0.003203277061294485,0.20309515173819392,0.001978454754556636,0.0005781928738124309,2.7427192223553013e-07,0.00040158249442720105,0.03382051514376816,3.284562332842356e-07,2.461491134278965e-08,1.3149875694285119e-06
66,0.0008953914601024006,0.0008091682348385658,7.363997714312232e-06,0.00021341839135803056,2.1911543911667792e-06,2.477678828825018e-06,0.0006479025527368216,0.7104202780297014,9.748903136000514e-08,3.740193917276729e-06,0.0015707689011400631,0.009998948109774818,0.0003576156851247336,3.7941846072968984e-05,2.894972544397751e-07,0.003392058738681037,0.23846103740584,0.002212186459514536,0.0007093335221334386,2.581358986853632e-07,0.0004452377133823627,0.029810669103412887,3.882514242160917e-07,2.4413920392063934e-08,1.2130338051963621e-06
67,0.0008837262825327992,0.0007948098360408918,6.86627362956455e-06,0.00020334466091579355,2.0763088774877566e-06,2.3613273501145803e-06,0.0006443922112936802,0.7208708682183108,9.51782328821703e-08,3.4861525211182617e-06,0.0015539345986487216,0.010250172668673107,0.00034886827307457023,3.667857845719027e-05,2.8549407762876464e-07,0.0032583023981377045,0.22697816144781766,0.0020672515858224483,0.0006883489269865011,2.3763681410934847e-07,0.00041956782239938603,0.0309846081026508,3.4842702867216064e-07,2.265636621048747e-08,1.1849333402554252e-06
68,0.0009677012886791092,0.0010180849755959869,1.65770180796089e-05,0.00041867483725515356,4.289764104332667e-06,4.722221767205898e-06,0.001036126564243293,0.6973153001981333,2.6150065309718305e-07,7.75813860596473e-06,0.001545609558592866,0.015121872954129553,0.0005747815309358488,8.660446363654575e-05,4.0394262122755946e-07,0.004808120995869195,0.24446080835047565,0.003430572815770128,0.0006414506146853575,7.268726594106658e-07,0.0004992608773686296,0.028037273011518992,8.276759288467082e-07,5.6645700685735964e-08,2.1331829899032766e-06
69,0.0009627850790598775,0.0008671485373488797,6.964028535777883e-06,0.00022669145654347038,2.264100184757985e-06,2.4409468957788046e-06,0.0006571679544610925,0.6921430021529629,9.364735136657681e-08,3.4383626490173823e-06,0.0016283485920016146,0.010576992808586316,0.000365501889027282,3.511289093330301e-05,3.1148304245354364e-07,0.0033310568797434528,0.25394307623264284,0.002017422932511532,0.0007143282816409525,2.332792002061447e-07,0.0004222471994278591,0.03209177633382485,3.664225776839213e-07,2.4384144366632187e-08,1.204124702355113e-06
70,0.0008363009674499889,0.0007876708600404838,7.031005580659462e-06,0.00016532998130491613,1.8865578521506472e-06,2.3210438824839095e-06,0.0006348806724239978,0.6926293611069736,8.670941179138231e-08,3.819362050795587e-06,0.0015376532389979728,0.009658671626945803,0.00034721555429901197,3.585259050054619e-05,2.652371624192973e-07,0.003979991300601889,0.2557669034321658,0.0022783311290418455,0.0007923057504466568,2.550842743962044e-07,0.0005123868605347034,0.030019811799490596,3.684246303509615e-07,2.5018422350805595e-08,1.2746855147936534e-06
71,0.0008079581209406953,0.000780093982599666,7.412428433467509e-06,0.0001975795073981323,2.13744561087735e-06,2.3238705606829727e-06,0.0006401100101968228,0.7306183727263865,1.0292283318962757e-07,3.865194603136731e-06,0.001463309121158449,0.009567165382768018,0.0003501416650625634,4.121077265700996e-05,2.550369101826018e-07,0.0034092858072424953,0.22039353139187248,0.0023283595898145226,0.0006793692420839693,2.8178023722053867e-07,0.0004535601332576161,0.028251946365934942,3.9287534703585386e-07,2.4383664361539447e-08,1.2102424259104318e-06
