,0,1,2,3,4,5,6,7,8,9,10,11,12,13,14,15,16,17,18,19,20,21,22,23,24
0,0.0023509322360816378,0.00015914329499274146,1.8305679815083192e-06,1.4803781368438009e-05,1.9558769320851417e-05,1.204367702321766e-09,6.35435588574807e-07,0.00039412916448982964,3.462485322630471e-11,8.927077470540396e-07,5.413225951367028e-06,0.048330219114640194,3.664438281351729e-07,5.4884928538020736e-06,4.614430677505389e-08,1.118152796326036e-08,0.6094676384387806,0.09894992886420537,6.351327399207913e-07,4.970365323340283e-08,0.00025669485660680303,0.23839676464816387,4.4967635909758734e-05,0.0015960824460906349,3.7664741784335246e-06
1,0.002103287865010097,0.00018257932150557148,1.7519849166596975e-06,1.6134912655830136e-05,1.9618904655855524e-05,1.4207944939146893e-09,6.990276550505322e-07,0.000428730228417589,4.100483704373092e-11,1.3241324688980893e-06,4.983357752625023e-06,0.04151957131063084,2.949837108490469e-07,6.146908739948564e-06,5.420271523813146e-08,1.5603955331142032e-08,0.5705731813754019,0.09677003561545061,8.082699919284598e-07,5.153615692273319e-08,0.0003541827149501097,0.28646352515757245,5.320862595049112e-05,0.0014949101145915742,4.902383344302308e-06
2,0.001728225373749068,0.0001659067151338489,1.2097252670274412e-06,1.427283324825045e-05,1.743460443119742e-05,1.0954898604048422e-09,5.146180289893911e-07,0.00033398065769356275,2.51897647193363e-11,9.416132565813851e-07,4.0020627671796035e-06,0.03338804625808381,2.499643076627372e-07,5.413116841726525e-06,5.2810596341979354e-08,1.1881566179843298e-08,0.6177617860349172,0.07769021441591464,5.733011333354925e-07,3.839744651750947e-08,0.0002735741972229161,0.2672129219079417,6.513085108520544e-05,0.0013313850025986089,4.112536088686961e-06
3,0.0018250980183216426,0.00016828760224093983,1.3971804621000685e-06,1.5636966744098488e-05,1.7762220320244315e-05,1.007155028009771e-09,5.341406066802214e-07,0.000373582763038588,2.5795780408336437e-11,9.775245876111678e-07,4.446722855871957e-06,0.038083463599219804,2.686841919805068e-07,5.137765717915956e-06,4.115716623423739e-08,9.85390779684133e-09,0.6081977071101632,0.10104202917925778,5.433488198548857e-07,4.049772364818164e-08,0.0002950860017057873,0.24836735416611608,5.27974011586381e-05,0.0015436606731182476,4.136389604288664e-06
4,0.0018934262952399507,0.00017722074946692153,1.5791261862777296e-06,1.655520463927376e-05,1.9756073223785595e-05,1.163197381620202e-09,5.916605484463999e-07,0.0003805938132125033,2.906396018822678e-11,1.0264722926213312e-06,4.734414722182261e-06,0.040836606530811274,3.120128154571993e-07,6.02487041095455e-06,4.487069631821538e-08,1.0965173500241753e-08,0.5953651890356105,0.10228222986352925,5.835119680874351e-07,4.552404491843446e-08,0.0002986002465259827,0.25709236219000575,5.6535125525970674e-05,0.001561734117477417,4.2361336112942584e-06
5,0.001703828583284707,0.00017570716578562312,1.276204884413022e-06,1.8250293693667147e-05,1.7338603108020294e-05,9.953514327432174e-10,5.306035462132776e-07,0.00037847340328674346,2.2729661520897966e-11,1.053209011566166e-06,4.462722475643545e-06,0.03573030574317606,2.7288931333015814e-07,5.06880419603839e-06,3.635405549166633e-08,9.243128015066957e-09,0.6038163922018789,0.12062945827743196,4.82218993179801e-07,4.2273540431577915e-08,0.00031445728458161904,0.23549033835971325,5.884237687428237e-05,0.0016490879653298985,4.284200629795474e-06
6,0.0018250980183216426,0.00016828760224093983,1.3971804621000685e-06,1.5636966744098488e-05,1.7762220320244315e-05,1.007155028009771e-09,5.341406066802214e-07,0.000373582763038588,2.5795780408336437e-11,9.775245876111678e-07,4.446722855871957e-06,0.038083463599219804,2.686841919805068e-07,5.137765717915956e-06,4.115716623423739e-08,9.85390779684133e-09,0.6081977071101632,0.10104202917925778,5.433488198548857e-07,4.049772364818164e-08,0.0002950860017057873,0.24836735416611608,5.27974011586381e-05,0.0015436606731182476,4.136389604288664e-06
7,0.002103303772572137,0.0002191402538528139,1.9623860768245653e-06,1.778384394983294e-05,1.5073894651699113e-05,9.014967765785634e-10,7.558515459493655e-07,0.0004900526249071935,3.7969427311382575e-11,9.684642030466526e-07,5.907923264993435e-06,0.039500023946854604,4.6034431513162986e-07,4.714943008957917e-06,3.766321556803717e-08,7.920141620473016e-09,0.6105706972897659,0.1194347643469148,5.392620269168162e-07,6.937276409374491e-08,0.00023531518845362667,0.22528167223239262,4.0550483970279986e-05,0.0020721902120937113,4.006839591506739e-06
8,0.0017130249581301233,0.00016209416489737662,1.3541144337477529e-06,1.3385073784977812e-05,1.732499307396726e-05,1.2556251217957178e-09,5.346881646956125e-07,0.00034786657643264885,3.034076629456734e-11,9.527880523601785e-07,5.617439054524599e-06,0.04157792290532982,2.4792290515503865e-07,4.803250509371866e-06,4.481680286477112e-08,9.623455273180913e-09,0.5680644960222473,0.10953806185240846,6.08763261931368e-07,4.1623286906845815e-08,0.0003255721041993156,0.2769052938145117,4.3718296346858244e-05,0.0012734915006992987,3.5314220454563098e-06
9,0.001695632416951164,0.0001576749600116938,1.1492109263469887e-06,1.392601684432044e-05,1.7936261728149372e-05,1.3288223402399134e-09,5.26033344383583e-07,0.00033190208326742976,2.59428411037206e-11,1.0346446944414036e-06,4.97954917394533e-06,0.038687583874249136,2.183314679305856e-07,5.25599757140806e-06,4.794280361423414e-08,1.1528455278854574e-08,0.5648535948980353,0.10176388565233822,6.278482099068174e-07,3.684317685564518e-08,0.0003474669101620829,0.29086609028079186,5.616504167260235e-05,0.0011905212900297395,3.7310293290524855e-06
10,0.0018250980183216426,0.00016828760224093983,1.3971804621000685e-06,1.5636966744098488e-05,1.7762220320244315e-05,1.007155028009771e-09,5.341406066802214e-07,0.000373582763038588,2.5795780408336437e-11,9.775245876111678e-07,4.446722855871957e-06,0.038083463599219804,2.686841919805068e-07,5.137765717915956e-06,4.115716623423739e-08,9.85390779684133e-09,0.6081977071101632,0.10104202917925778,5.433488198548857e-07,4.049772364818164e-08,0.0002950860017057873,0.24836735416611608,5.27974011586381e-05,0.0015436606731182476,4.136389604288664e-06
11,0.0018317790335197323,0.00017163613046872924,1.4606259055853854e-06,1.5943239029614044e-05,1.7964527370327464e-05,1.0201424556294036e-09,5.497561051577369e-07,0.00038232487058966635,2.7216998926349474e-11,9.87003880352807e-07,4.5193021249386715e-06,0.038688515051850066,2.8907160751656716e-07,5.233430071709487e-06,4.142638560395386e-08,9.853428617780591e-09,0.6090408229957075,0.10155386392968448,5.476715524988287e-07,4.276533996885228e-08,0.000289388993580434,0.24635951189614042,5.2531895923710555e-05,0.0015778843514701762,4.151130903688187e-06
12,0.0012170245922186538,0.00014320984480379012,8.874384652945101e-07,1.5665955616968745e-05,2.404564586048258e-05,1.0299571364436285e-09,3.164801215464848e-07,0.00023966998390771623,1.060325742270755e-11,8.6070333828837e-07,2.8629529512798902e-06,0.03783929317888479,2.0658856931697137e-07,6.804676518628852e-06,3.314512154059112e-08,9.325394935253858e-09,0.597786755888102,0.09771552428182066,3.799614742474275e-07,2.50350785107178e-08,0.00029254737959281474,0.26350588446369794,8.425901771865575e-05,0.0011203197165913826,3.4127035901486374e-06
13,0.0020096236672543693,0.00012799114027199415,1.8603164632019097e-06,1.2331010999388926e-05,1.7930983639032726e-05,8.60993975547265e-10,4.998424307171243e-07,0.0003384649278107682,2.882856590153568e-11,5.44534506283786e-07,5.928765023447017e-06,0.059455959876009115,2.354637157034312e-07,5.775250278253186e-06,4.3118268803622306e-08,7.768479366222795e-09,0.620135645155078,0.07510163896481985,6.130805068350859e-07,3.552774462565269e-08,0.0002732289600112164,0.2413583479519493,3.9474034059630125e-05,0.0011100813360024294,3.737434854967939e-06
14,0.001208490106477332,0.00034739690535503034,1.2416994958356421e-06,1.8742270659444118e-05,2.107357899036527e-05,1.362632658678073e-09,6.731930819808083e-07,0.0005299687535732552,3.325946372510969e-11,2.0943061079576028e-06,5.778442523218184e-06,0.024326458449215937,3.913149643258096e-07,4.219266175762704e-06,4.444828338021691e-08,9.848916771539927e-09,0.530233170432528,0.1564159537420434,6.147202409277942e-07,6.315467099573791e-08,0.00039081322314770274,0.28403908751783224,4.9892547236019834e-05,0.0024003842185862895,3.436464001724558e-06
15,0.0018250980183216426,0.00016828760224093983,1.3971804621000685e-06,1.5636966744098488e-05,1.7762220320244315e-05,1.007155028009771e-09,5.341406066802214e-07,0.000373582763038588,2.5795780408336437e-11,9.775245876111678e-07,4.446722855871957e-06,0.038083463599219804,2.686841919805068e-07,5.137765717915956e-06,4.115716623423739e-08,9.85390779684133e-09,0.6081977071101632,0.10104202917925778,5.433488198548857e-07,4.049772364818164e-08,0.0002950860017057873,0.24836735416611608,5.27974011586381e-05,0.0015436606731182476,4.136389604288664e-06
16,0.0016239979140542907,9.671176936710978e-05,2.080755635507657e-06,7.136938487766078e-06,1.663135500654677e-05,3.625347900199682e-10,2.3603443058363085e-07,0.0002822300776684722,2.408826637008117e-11,3.0398256385398103e-07,2.3458742323140302e-06,0.04200124578438133,2.9152369489709674e-07,3.195853042966907e-06,3.46878989295915e-08,4.061552757713552e-09,0.7562635444923109,0.03645942987864608,3.4830115948459913e-07,2.4513451479601858e-08,9.980407815112127e-05,0.1617295961044753,2.0345616945562843e-05,0.001387754202197779,2.705814022140006e-06
17,0.0018826159450011622,0.00017369765835885368,1.455660360108266e-06,1.95130829700518e-05,1.8522895296951277e-05,1.0583172635897104e-09,5.707141833237468e-07,0.00037178490816558576,2.3722062033051308e-11,9.961176294701916e-07,4.5196245274734385e-06,0.04146216370762944,2.933723728616819e-07,6.418303684833359e-06,3.649828598301159e-08,9.988934194692033e-09,0.5864824226640233,0.11956519203589486,5.089478166756492e-07,4.505682055608932e-08,0.00030875142863720387,0.2480905063460977,6.472171176341744e-05,0.0015405263005002724,4.725949006490711e-06
18,0.002941077786895256,0.000401389217965888,7.583067440959574e-06,0.00012025663237761603,0.0002122083300520068,3.4305136178576024e-08,4.569380045999683e-06,0.001955906434773286,3.5232907601052347e-10,8.138665094823986e-06,4.9058199007876805e-05,0.09583312001852973,1.2884426316600523e-06,5.465722350793456e-05,3.6656055903062075e-07,3.3346277331514535e-07,0.3645899681061076,0.11503994077282291,1.0217848927033305e-05,6.545545074126002e-07,0.0019515080251844743,0.4150497020750028,0.00028825372184506916,0.0014721190645808017,7.64775190119701e-06
19,0.0031355950033443167,0.0001820303158906614,4.399053881061441e-07,1.1867166698607526e-05,7.061492872464801e-06,9.226561545266825e-10,6.479490317698467e-07,0.0002169954819383239,1.2585373167029091e-11,8.082912000167528e-07,4.758913442234622e-06,0.015319956549821302,1.0252132837413241e-07,2.685757325814656e-06,5.7684063967552004e-08,1.2378796217571228e-08,0.6931240029865555,0.11852626395760084,4.95248029522557e-07,1.7670066087003952e-08,0.0004478613682359762,0.16725948127103876,9.480957822436815e-05,0.001659324452845924,4.7231210193217834e-06
20,0.001308731642680421,0.00016166510380308716,1.0885315023685112e-06,1.2683139064099326e-05,1.6488364777637704e-05,8.199021697466094e-10,4.103068269258204e-07,0.0003772608925852945,2.360338461976888e-11,9.49356022992648e-07,3.3882138908572073e-06,0.029568996934111864,2.10705914829916e-07,4.229309187107019e-06,4.1007684539500176e-08,8.050080184467626e-09,0.5904160927976222,0.07873451095591509,5.131436578788853e-07,3.366693561557274e-08,0.0002604307894915869,0.29776620307523216,4.665108121984362e-05,0.001315968609934004,3.443478353961477e-06
21,0.0025232248422245632,0.00017731940194857366,1.7588062810705411e-06,2.1145182631125868e-05,2.098629022217057e-05,1.6184081551432374e-09,7.914609457945601e-07,0.0003592911407211786,2.8333968651458554e-11,1.1559103624772913e-06,5.921316933412243e-06,0.05510851471090218,3.906088632314548e-07,8.012609224288983e-06,4.364497452207598e-08,1.5527270652322662e-08,0.5645736533913376,0.1358496537945927,6.084433066242039e-07,5.7126044090155565e-08,0.0003479777585082175,0.23932393892380938,7.471402982315938e-05,0.001596044995842122,4.778436488732136e-06
22,0.0010619039293177203,0.00026014040724957273,1.1650549263624679e-06,1.0681303963480601e-05,1.9092272079119007e-05,3.101074518805782e-10,2.2119074037870964e-07,0.0006774694994480947,4.8937981689081225e-11,2.406419320708698e-06,3.805900283771483e-07,0.014814700945646828,5.79886047934795e-07,2.46118302986602e-06,5.887242834950164e-08,8.9781841405479e-09,0.7655522112948637,0.014495769796609704,5.374081939394071e-07,2.6465076380815875e-08,6.609217855521501e-05,0.2001906628761251,4.236090627305201e-05,0.0027927207064278184,8.347476418762698e-06
23,0.0018250980183216426,0.00016828760224093983,1.3971804621000685e-06,1.5636966744098488e-05,1.7762220320244315e-05,1.007155028009771e-09,5.341406066802214e-07,0.000373582763038588,2.5795780408336437e-11,9.775245876111678e-07,4.446722855871957e-06,0.038083463599219804,2.686841919805068e-07,5.137765717915956e-06,4.115716623423739e-08,9.85390779684133e-09,0.6081977071101632,0.10104202917925778,5.433488198548857e-07,4.049772364818164e-08,0.0002950860017057873,0.24836735416611608,5.27974011586381e-05,0.0015436606731182476,4.136389604288664e-06
24,0.00204213293895544,8.844883904727104e-05,1.0841191404603549e-06,5.0893517441944095e-06,9.017671648899482e-06,4.69478043991759e-10,3.259525312032888e-07,0.00026183749068858753,2.6140643751911396e-11,4.4280022674193357e-07,2.9578380312949634e-06,0.028339936627889858,1.2647109832555662e-07,1.7958389161838177e-06,5.1728175929580554e-08,6.528389029697041e-09,0.7443920061491873,0.040780621079523065,4.4066802928883854e-07,1.64799412077623e-08,0.0001938798000505543,0.18254811467849638,2.082407729125732e-05,0.0013080660646799635,2.7763106988917504e-06
25,0.0019154127013470946,0.00020170489161949184,1.3450864775452809e-06,1.1559060377752381e-05,2.0352282452876742e-05,1.582552495839505e-09,4.7487066624960494e-07,0.0002610125317709799,2.8903378870999362e-11,1.298289815639682e-06,3.1235906328792964e-06,0.03347440262443197,2.2642893371529062e-07,6.167388766893373e-06,6.761627411681961e-08,1.58640115377782e-08,0.5519804614424138,0.08611461967709462,5.668061997296336e-07,3.3180824714443665e-08,0.0003224560644268886,0.32421509373700247,5.9273776106187577e-05,0.001405001360356529,5.329116540633944e-06
26,0.0011589841311945282,0.00026215588398562436,1.5958963387001135e-06,4.011837017012905e-05,8.026021301005795e-05,1.4903456945907448e-08,1.1142443557921284e-06,0.00041483130587137787,5.697947966410988e-11,4.809393979153376e-06,9.689142276185176e-06,0.06554418558152492,2.202016819856894e-07,4.518457329608332e-05,1.5115624925003807e-07,1.3334900367970275e-07,0.2217980200565056,0.08733328094926443,3.3764307873257133e-06,1.0822096107794636e-07,0.001359640649591138,0.6212839966452156,0.0002642277929394254,0.0003851596881054217,8.741163256159132e-06
27,0.0017388171665668755,0.00016377954239429185,1.3268098228073808e-06,1.3685556698941411e-05,1.6110507049763406e-05,1.0121948771315047e-09,4.850496596285194e-07,0.0004118481944219074,3.359912869560281e-11,1.0825085145732795e-06,3.7770891412053666e-06,0.03183580052773822,2.161630967058093e-07,4.2945721378506874e-06,4.8092025570126696e-08,1.0051629090856857e-08,0.5919517376740969,0.0857224112358374,6.003556001827435e-07,3.914333048937584e-08,0.0002913145389460743,0.2863606070435179,4.3727994245861215e-05,0.0014336501163738828,4.629021359848292e-06
28,0.0018250980183216426,0.00016828760224093983,1.3971804621000685e-06,1.5636966744098488e-05,1.7762220320244315e-05,1.007155028009771e-09,5.341406066802214e-07,0.000373582763038588,2.5795780408336437e-11,9.775245876111678e-07,4.446722855871957e-06,0.038083463599219804,2.686841919805068e-07,5.137765717915956e-06,4.115716623423739e-08,9.85390779684133e-09,0.6081977071101632,0.10104202917925778,5.433488198548857e-07,4.049772364818164e-08,0.0002950860017057873,0.24836735416611608,5.27974011586381e-05,0.0015436606731182476,4.136389604288664e-06
29,0.0018250980183216426,0.00016828760224093983,1.3971804621000685e-06,1.5636966744098488e-05,1.7762220320244315e-05,1.007155028009771e-09,5.341406066802214e-07,0.000373582763038588,2.5795780408336437e-11,9.775245876111678e-07,4.446722855871957e-06,0.038083463599219804,2.686841919805068e-07,5.137765717915956e-06,4.115716623423739e-08,9.85390779684133e-09,0.6081977071101632,0.10104202917925778,5.433488198548857e-07,4.049772364818164e-08,0.0002950860017057873,0.24836735416611608,5.27974011586381e-05,0.0015436606731182476,4.136389604288664e-06
30,0.0018250980183216426,0.00016828760224093983,1.3971804621000685e-06,1.5636966744098488e-05,1.7762220320244315e-05,1.007155028009771e-09,5.341406066802214e-07,0.000373582763038588,2.5795780408336437e-11,9.775245876111678e-07,4.446722855871957e-06,0.038083463599219804,2.686841919805068e-07,5.137765717915956e-06,4.115716623423739e-08,9.85390779684133e-09,0.6081977071101632,0.10104202917925778,5.433488198548857e-07,4.049772364818164e-08,0.0002950860017057873,0.24836735416611608,5.27974011586381e-05,0.0015436606731182476,4.136389604288664e-06
31,0.0017990228554083494,0.00015486295648157506,1.1529656713231927e-06,1.4530277830226756e-05,1.7510540324403323e-05,1.3916765789436982e-09,5.664452875570749e-07,0.00032159976731727715,2.696801753483731e-11,9.86516757363205e-07,5.414510298032107e-06,0.03773543292664778,2.2563911941614017e-07,5.302942979816429e-06,5.6034513578676636e-08,1.23926766122112e-08,0.5927784347642888,0.09424648255393137,6.204885931697839e-07,3.774527155915036e-08,0.0003473479091832917,0.2712749958149593,6.381353079790438e-05,0.001227587231618539,4.0017713982414274e-06
32,0.0018577778226687497,0.00016944715253213645,1.4063430558789663e-06,1.4894250808531936e-05,1.7480999963367398e-05,1.038118575437077e-09,5.462095282385164e-07,0.00037500561674931626,2.7960714357244302e-11,9.989193650809153e-07,4.444323727540459e-06,0.037442193571317485,2.6115631650832916e-07,5.1298344455480285e-06,4.403164918550085e-08,1.0469702852603684e-08,0.6036104106178662,0.09567609080828043,5.910380900364693e-07,4.040066120252159e-08,0.00029719932527732813,0.2589820706995275,5.1716495125251946e-05,0.0014880373140220603,4.201533240241014e-06
33,0.0066791911201407594,9.275969511259677e-05,1.0371438578621555e-05,8.875717117889136e-05,1.7207497921254188e-05,3.2983690639588165e-09,2.121183743922585e-06,0.0013547405749258334,3.9650538945300686e-10,2.288834475262434e-06,2.192002090216768e-05,0.10642886523365994,2.16000771143851e-07,5.988715641287272e-06,1.06746693094877e-07,3.580802920054917e-08,0.604210886377164,0.20988959385217978,1.369880083937636e-06,1.6402551663471875e-07,0.0023807660287979825,0.06578705000179598,4.771677630374425e-05,0.002920783450211118,5.709587129833907e-05
34,0.003924545351270025,0.0002068740370019717,2.445700853270928e-06,1.2014861712981502e-05,1.5775470959054975e-05,1.5175691484334875e-09,9.304436276209702e-07,0.0004544544326689429,8.566114196303703e-11,1.2131075631928337e-06,5.260995761863089e-06,0.04424942448544931,3.36823145401604e-07,5.765612021830477e-06,7.660743316798065e-08,1.5975503785078993e-08,0.5619091416415092,0.08885691169227385,1.0901125103857496e-06,5.103280783510552e-08,0.0002995971700088746,0.29829106101988034,3.555144625785312e-05,0.0017206532382403968,6.807138308413633e-06
35,0.001974113073063028,0.0001556924216739846,1.311379110555494e-06,1.6122297828471628e-05,1.135017074613829e-05,7.227530944118866e-10,5.156317529163972e-07,0.0004656565354566463,3.2970436394007274e-11,9.985444872930685e-07,4.103379036536994e-06,0.033811984803407164,2.240917884236236e-07,3.2675207176146644e-06,2.8026197008950225e-08,5.957146969568368e-09,0.595002910802231,0.1335602573563062,4.956119605294539e-07,4.0917035740514276e-08,0.0002811908755544756,0.23302968257294937,3.1579787765846245e-05,0.001643397631850267,5.0698562103406704e-06
36,0.001762862849442628,0.00015232973357969657,1.4174741972654096e-06,1.352511133659099e-05,1.7397370825470062e-05,8.409996626321817e-10,4.6529189805208205e-07,0.0003583654903471044,2.4791932226854945e-11,8.643894197398397e-07,3.793439340945761e-06,0.03899804355567555,2.5856484936623007e-07,4.740764185847757e-06,3.964282737087871e-08,9.068612257535205e-09,0.636731493088042,0.08291359699401925,5.29424686955265e-07,3.5318846940489974e-08,0.00025790867671596717,0.23725755528943343,4.639649058465467e-05,0.001474438098804225,3.9330065372160635e-06
37,0.0016033272747946,0.0001697207572219665,1.3098167209950702e-06,1.5898116152932097e-05,1.820806551697314e-05,1.0581776159708277e-09,5.11375258330797e-07,0.000384771015330456,2.6821261915898175e-11,1.0726867515767602e-06,4.4286999396827614e-06,0.03557904070335915,2.601309022764548e-07,4.898826174940033e-06,4.319079437597937e-08,1.0015245859212362e-08,0.6046235726165048,0.09877363468183967,5.503454353614005e-07,4.1082517838676226e-08,0.0003107051774414387,0.25693809608477125,5.4108278522131585e-05,0.0015116865050102389,4.1034687943168935e-06
38,0.0026432017169592033,0.00018352837535468776,1.2686655383344649e-06,1.4478317541092637e-05,1.84998907053287e-05,2.1557440636225975e-09,8.534137979324666e-07,0.00032619310783491744,3.355652339479096e-11,1.2629144401813892e-06,6.4681461513632376e-06,0.03969173576856171,2.616350740103766e-07,6.560384920304519e-06,7.410615853794575e-08,2.1140424688469735e-08,0.5492922437091782,0.10857305035525115,8.312938478539406e-07,4.4395778669519794e-08,0.00041662499939155984,0.2973941186960303,7.56491133269853e-05,0.001348877485004733,4.15017942764293e-06
39,0.0018924038316830247,0.00014658273263799254,1.705944156893736e-06,2.177232493786084e-05,2.3632023178850142e-05,1.448360570584257e-09,6.005918086485058e-07,0.00047656323192806334,3.326064816746846e-11,1.2648573057123521e-06,5.426157887849868e-06,0.04975849930099248,2.5145341103442176e-07,6.496421630421469e-06,4.676960614862925e-08,1.5522751475151373e-08,0.5974554183365138,0.10593384207330281,7.803156308472777e-07,5.126513707380273e-08,0.00046242762412739523,0.24237558856184177,6.18610779864343e-05,0.0013695835660532377,5.184533868874107e-06
40,0.0023551123345984843,0.00016568038199550153,1.6237493641323948e-06,1.1237813041232286e-05,1.7317004888115873e-05,1.1150254939834828e-09,5.406453188765693e-07,0.00030204002250496214,2.9049280870833593e-11,7.218649108338156e-07,4.412349874010707e-06,0.045037348074137236,2.1196734099064817e-07,6.656038222993132e-06,5.1319405973380496e-08,1.032194467880532e-08,0.5480847762069567,0.08302780914689732,6.481813950088188e-07,3.3906387089217584e-08,0.0002764963758709661,0.3195275617910298,4.561728489710087e-05,0.0011296701153654127,4.421959577714659e-06
41,0.0022346817166962398,0.00019523136618582111,2.5385151371849925e-06,1.6570117203923066e-05,2.9816623424056492e-05,1.4666542082688396e-09,5.870119104806925e-07,0.0004917512170039069,5.1787328868557937e-11,1.4206036831025557e-06,3.764655663309641e-06,0.04158601315780364,3.205560049395397e-07,7.3652692764891085e-06,7.492968028782775e-08,1.8263568537490956e-08,0.5992228387477054,0.0730806578184284,8.101206198764798e-07,4.9224503582800976e-08,0.0003431289332806303,0.2807989714821177,5.2949394193477425e-05,0.0019239273024922296,6.511454975230597e-06
42,0.003253148675102157,0.0001975249890524446,5.323346541704062e-06,6.895321250046521e-05,3.397003633002205e-05,1.9868867712831307e-09,7.821219883575896e-07,0.0001584682229044364,1.9828783520724025e-11,7.266466592068169e-07,7.64948072910423e-06,0.10346578684899203,2.018265415406111e-06,2.0051545495361313e-05,1.046639545902493e-08,4.530313717848259e-09,0.34834870306073984,0.5020730972576312,1.0953445793785772e-07,7.735958808761385e-08,0.0002101470032137245,0.03898266057708005,6.979042232099054e-05,0.0030933234072624614,7.670982570393282e-06
43,0.0020476210988317227,0.00016777327342952638,1.6159753523564656e-06,1.5834327938883478e-05,1.6821258858346864e-05,8.647795464328848e-10,5.556514575167661e-07,0.0003648560670721392,2.4815809568604288e-11,8.149586422630113e-07,4.47605454509629e-06,0.042419896996862876,3.0800922096792826e-07,5.4161062222975945e-06,3.66415954299052e-08,8.646201259554072e-09,0.6248776571567687,0.10198020063910918,4.994703348342601e-07,4.268538985197693e-08,0.0002545478052099762,0.2261704768795234,4.9486548032318575e-05,0.0016168924753981225,4.160384407641502e-06
44,0.0018250980183216426,0.00016828760224093983,1.3971804621000685e-06,1.5636966744098488e-05,1.7762220320244315e-05,1.007155028009771e-09,5.341406066802214e-07,0.000373582763038588,2.5795780408336437e-11,9.775245876111678e-07,4.446722855871957e-06,0.038083463599219804,2.686841919805068e-07,5.137765717915956e-06,4.115716623423739e-08,9.85390779684133e-09,0.6081977071101632,0.10104202917925778,5.433488198548857e-07,4.049772364818164e-08,0.0002950860017057873,0.24836735416611608,5.27974011586381e-05,0.0015436606731182476,4.136389604288664e-06
45,0.001899918934711729,0.00017652751762340787,1.361678477555182e-06,1.8236449425015608e-05,1.6795591590088475e-05,1.1193883260370794e-09,5.609291188143873e-07,0.00034266121269365,2.338074423161503e-11,1.026309879186378e-06,4.906459352756343e-06,0.04074524177124458,2.49023412588402e-07,5.782306920758479e-06,3.7407844188914635e-08,9.950324682504727e-09,0.5739160287029071,0.1308955767842312,5.020330971716376e-07,4.24802676965676e-08,0.0003476439768852348,0.2500797262774634,6.023100305636761e-05,0.0014820414992695043,4.8905574343886e-06
46,0.002722354550512508,0.00033096839095169556,2.2640213636864274e-06,2.884167361080702e-05,3.2437490864841166e-05,6.197229130949238e-09,1.4259335369960568e-06,0.00036956017538920295,5.879718511142331e-11,2.703379950501075e-06,9.393907101171114e-06,0.05495719981875143,4.044033975445207e-07,2.0514774452334314e-05,7.701597294599421e-08,3.5933336354554005e-08,0.27951071560732327,0.22757023311040797,1.1129698596701428e-06,9.91338523584723e-08,0.0006599504364833348,0.43243738198608506,0.00010917617200039755,0.0012255461432033358,7.5967155663028655e-06
47,0.0017510368704215878,0.00017302641650612693,1.423186692465845e-06,1.7083294737097496e-05,1.8991766382382027e-05,1.0403631842468603e-09,5.44326352552233e-07,0.0003900779628678879,2.5972657936519405e-11,1.02331618165284e-06,4.611734148966882e-06,0.03774895541409126,2.827881623159822e-07,5.406662374236616e-06,4.133620895063782e-08,9.957770740634932e-09,0.6092112805412173,0.10467473226099017,5.449106692735536e-07,4.2307780508226485e-08,0.00030655825079366347,0.24402774591539203,5.6778020860488295e-05,0.001605595257852674,4.206435209819876e-06
48,0.0021769852184623274,0.00017320235336904996,1.7306505565648806e-06,1.914470534262483e-05,2.0158911781274264e-05,1.380532033765196e-09,6.253452802481653e-07,0.00036663362567487844,2.972416937059888e-11,1.0462848073417893e-06,5.585694715526037e-06,0.04843559488229955,3.0016448084863856e-07,6.712272796218362e-06,4.327042300047131e-08,1.1546074845486935e-08,0.5625540449141369,0.13169991923003496,5.472571763911784e-07,4.935997513401602e-08,0.0003526171854742254,0.25254439583182386,5.9280224325119076e-05,0.0015763047669050973,5.064893827929958e-06
49,0.001750274361844277,0.0001513515255167397,1.5957601431858405e-06,1.5937826685458397e-05,1.9698200590445635e-05,1.15208480314369e-09,5.234248234344893e-07,0.0003585999488144296,2.680270922459341e-11,9.33670394950155e-07,4.797310329862486e-06,0.047906938239075825,2.790466059084307e-07,5.977452702255081e-06,3.934031039935647e-08,1.0128271959977239e-08,0.5750113463029678,0.10401480955283425,5.415578514634689e-07,4.473783239639802e-08,0.0002998923158438598,0.26907524347195766,5.0693387378239794e-05,0.0013265108319550115,3.960426382688085e-06
50,0.002090731708226645,0.00022710473629802345,1.5645688875135609e-06,1.6723467858377435e-05,2.1191689982553803e-05,1.7412949836821822e-09,8.588043006497412e-07,0.00047661507909212776,4.3317887798656795e-11,1.850141611943344e-06,4.407842161560501e-06,0.034279745134255156,3.1515656839970015e-07,7.612246714620604e-06,5.609532191910977e-08,1.909170168482671e-08,0.4759500559417584,0.10232750702922508,9.902971482321767e-07,5.5841063474941294e-08,0.0003441418788374309,0.3827323395394338,6.068174393980745e-05,0.0014506700548576224,4.760126142243072e-06
51,0.0018169237707413427,0.00018464660531784707,1.4405055788747302e-06,2.0141020082282194e-05,1.69345673830053e-05,1.055244650097706e-09,6.655369911922071e-07,0.0004636918945865298,2.8005427145915208e-11,1.1342054940579962e-06,5.346237639587355e-06,0.039639288066331914,2.9375431717159287e-07,5.679822448821139e-06,3.230266827160222e-08,8.394139066223405e-09,0.5359148266708454,0.14650853025882413,5.701120469158268e-07,5.073076139736324e-08,0.000329189936688592,0.2734691601510603,5.118955162987197e-05,0.0015661660052610194,4.088815912330984e-06
52,0.0016996150067641416,0.00015802701436117329,1.3815308446318371e-06,1.4177017798269594e-05,1.7663442348756955e-05,8.04287901835386e-10,4.628213993901582e-07,0.0003705245080173023,2.324037662342015e-11,8.664772383473607e-07,3.90694481618591e-06,0.03709715792374532,2.447456600255296e-07,4.733582879913301e-06,3.9387563867580555e-08,8.975143944910903e-09,0.6417222792358617,0.08261012568553758,5.339350528001134e-07,3.5074872662483275e-08,0.00027216794341013297,0.23446649142607742,4.88302809823005e-05,0.0015067495953435682,3.976616752297899e-06
53,0.0021892923087909,0.00019985442097119192,1.2673936496796574e-06,1.860210085590951e-05,1.2003884529241263e-05,1.3836738595116794e-09,8.93774037313624e-07,0.0003825935259682488,3.362370154519179e-11,1.207188487860412e-06,6.041337642485848e-06,0.028870212145587673,3.089790559874835e-07,4.924508469543517e-06,5.292472024001585e-08,1.3559063589746452e-08,0.5766569148248163,0.12731634835472008,5.645907453159894e-07,6.383251429605625e-08,0.0003226150625657057,0.2622691256691028,6.98710825790306e-05,0.0016727391484726536,4.4879653562692914e-06
54,0.0026028895911888333,0.00023260747528480516,1.7227692792813463e-06,1.5276454892362843e-05,1.6560240891340614e-05,1.7071732586323113e-09,7.92783096364435e-07,0.00032552138268204095,3.782865328361678e-11,1.4390739879632383e-06,4.15755163073797e-06,0.042823108059305864,2.9440292280926867e-07,8.133211271585818e-06,6.189122256670539e-08,1.9217407294548657e-08,0.5021345051846293,0.10103226727049859,7.023061342590432e-07,5.403568894659596e-08,0.00032961464299720566,0.34902847631681677,6.712920139324778e-05,0.0013680320764727497,6.63311530318977e-06
55,0.0015015011018957034,0.00017370235390898453,1.123354249089123e-06,1.5817244710207343e-05,2.1791111221488513e-05,1.1568039388330603e-09,5.202566184740273e-07,0.000381546473931993,2.1652619649861634e-11,1.1353599329533458e-06,4.170772573505675e-06,0.030266270651399307,2.165405462454315e-07,5.7849939326587825e-06,5.2988742194261616e-08,1.3789498880403721e-08,0.6048472316551383,0.07868586448751876,6.635475017014469e-07,3.6218884294557955e-08,0.00034949047266999287,0.2822807511200647,7.399611565105864e-05,0.0013845903810092775,3.7278299436165417e-06
56,0.0018259411520152658,0.000173022943466241,1.4768584533845406e-06,1.586120414083793e-05,1.8067359844738596e-05,1.0226112424277869e-09,5.545720862671428e-07,0.0003840714009359411,2.7667238214008903e-11,9.935945596610795e-07,4.517634652370769e-06,0.03829931405581562,2.9353517553624167e-07,5.226835058811723e-06,4.2040852531437674e-08,9.98213580533508e-09,0.6116620588123067,0.09986120357503007,5.550576031862533e-07,4.323606354610253e-08,0.0002875350531759351,0.2458124875452809,5.240493154795785e-05,0.0015901993163131849,4.118253207085531e-06
57,0.0014428257992148803,0.00012665936327560255,1.7026886334808062e-06,1.1398925381298295e-05,2.1995122886459833e-05,8.39467658605586e-10,3.71573688741636e-07,0.00037150059476893384,2.878207453876089e-11,8.95678351254185e-07,3.311578817687309e-06,0.049743607639039775,2.446685172667532e-07,4.8762658593197746e-06,3.876831764856684e-08,9.75585629396295e-09,0.6263139696719473,0.06293448119594994,6.413011882464378e-07,3.314005522540492e-08,0.0002582872869091398,0.25753195366031334,3.469347047877375e-05,0.0011928719449490824,3.6290373503877637e-06
58,0.0016803742879724587,0.0001634857544346777,1.3088260705719495e-06,1.4435668855555185e-05,1.637877800874775e-05,8.220642407701371e-10,4.806603601311019e-07,0.00036835184075172984,2.356102691389045e-11,9.049109997486955e-07,3.98271489002094e-06,0.034087674442293985,2.6095559650393965e-07,4.315441823858787e-06,3.841937504370879e-08,8.393933041208504e-09,0.6406641110237804,0.09363797045629962,4.833924179200695e-07,3.657988695511147e-08,0.00027057710056740877,0.22738881112018103,4.8157656584644096e-05,0.0016440480569316135,3.802672359115135e-06
59,0.0017730749886769204,0.0001600562736637372,1.4092800242249952e-06,1.450134628617274e-05,1.6265209079697733e-05,7.874707774152434e-10,4.82136677982307e-07,0.00036638313705668666,2.3301777258770408e-11,8.792407096373895e-07,3.917499377190379e-06,0.03500331475999547,2.642942742112561e-07,4.305592072383071e-06,3.6825190897946564e-08,8.336899128340505e-09,0.6474739942598573,0.09654155014358234,4.5808401847832205e-07,3.6646801559941165e-08,0.0002695405804103701,0.21656935976016853,4.6313761241197745e-05,0.0017499530807604394,3.8939524028213e-06
60,0.0018250980183216426,0.00016828760224093983,1.3971804621000685e-06,1.5636966744098488e-05,1.7762220320244315e-05,1.007155028009771e-09,5.341406066802214e-07,0.000373582763038588,2.5795780408336437e-11,9.775245876111678e-07,4.446722855871957e-06,0.038083463599219804,2.686841919805068e-07,5.137765717915956e-06,4.115716623423739e-08,9.85390779684133e-09,0.6081977071101632,0.10104202917925778,5.433488198548857e-07,4.049772364818164e-08,0.0002950860017057873,0.24836735416611608,5.27974011586381e-05,0.0015436606731182476,4.136389604288664e-06
61,0.001741471486679193,0.00016007574963321258,1.480621196881903e-06,1.430914041227274e-05,1.6846204744452547e-05,8.157913051364884e-10,4.796418728828334e-07,0.00036873613681931433,2.4677637697014197e-11,8.652904036790332e-07,4.101266958043352e-06,0.03711819253679137,2.661981611404029e-07,4.480866504363721e-06,3.780760105497593e-08,8.388331419690262e-09,0.6389310930149592,0.09419506262057553,4.807346845266596e-07,3.798327495592018e-08,0.0002703378889229148,0.22546339078818906,4.488426650643144e-05,0.0016594700174138433,3.890508895246194e-06
62,0.0018250980183216426,0.00016828760224093983,1.3971804621000685e-06,1.5636966744098488e-05,1.7762220320244315e-05,1.007155028009771e-09,5.341406066802214e-07,0.000373582763038588,2.5795780408336437e-11,9.775245876111678e-07,4.446722855871957e-06,0.038083463599219804,2.686841919805068e-07,5.137765717915956e-06,4.115716623423739e-08,9.85390779684133e-09,0.6081977071101632,0.10104202917925778,5.433488198548857e-07,4.049772364818164e-08,0.0002950860017057873,0.24836735416611608,5.27974011586381e-05,0.0015436606731182476,4.136389604288664e-06
63,0.0018019856898705388,0.00017812559396872076,1.371604453633238e-06,1.5314785840158977e-05,1.6935151498335246e-05,9.792219245763142e-10,5.39987873544114e-07,0.0003796108989039479,2.6604477686646782e-11,9.950795495466751e-07,4.400045267498227e-06,0.03552231969846442,2.722045973657428e-07,4.867474386492065e-06,4.193272423896435e-08,9.605757087576292e-09,0.6097679023913956,0.10024844866777467,5.416603941122799e-07,4.152385902739678e-08,0.0002882264357873923,0.25011851704576027,5.146408169554162e-05,0.001593939985727202,4.1274486242967765e-06
64,0.0017213948693250477,0.00016420291915223705,1.3023977536161737e-06,1.5591683336967106e-05,1.7885235967787294e-05,1.0303756501186311e-09,5.20819139766212e-07,0.00038112569412079763,2.6057033457896628e-11,1.029231027155598e-06,4.678567959818799e-06,0.0361041624461099,2.3094677528105235e-07,4.7849786053715935e-06,4.463064311391099e-08,1.0347604195075346e-08,0.6196720180011555,0.09917335142898989,5.754869618895505e-07,3.694325371608926e-08,0.0003544657533948611,0.24078833832615132,5.448756849927685e-05,0.0015355377038503686,4.2229637892527156e-06
65,0.0018479382131076198,0.00017618848555748831,1.2941587551295747e-06,1.0725866690993544e-05,1.1232151335794362e-05,5.112592928115848e-10,4.886063083584407e-07,0.00040984872177227854,2.7098778440077558e-11,7.576873907106655e-07,3.180232788269806e-06,0.024837332425230254,2.5032929225287837e-07,2.932418141231832e-06,3.917868070013357e-08,6.477295968796689e-09,0.6839831817706272,0.06826055156021495,4.6650245552556696e-07,3.438570263657972e-08,0.0001910916359751548,0.21832741032176167,3.356627007598094e-05,0.0018979182543447143,3.563808136843499e-06
66,0.001940437925115391,0.000177592065739795,1.6080122091083042e-06,1.7542598206938238e-05,1.937349317620156e-05,1.2575287139280015e-09,6.350031636755599e-07,0.0004178865364867316,3.249565674544447e-11,1.177272467668809e-06,4.884703053400639e-06,0.0423380726048075,3.164569130134893e-07,6.006500625429818e-06,4.3213436896058974e-08,1.2330595401323074e-08,0.5738773705288511,0.10716218777711539,6.599152482153583e-07,5.2145956536189976e-08,0.0003096307111674447,0.2721664902418314,5.4488579957615065e-05,0.0014990849919983935,4.445101852441562e-06
67,0.0017967505162990315,0.00016765048372880482,1.3467878565608668e-06,1.4806918282498071e-05,1.7102403092960537e-05,9.317926338537295e-10,5.160974092111721e-07,0.0003838217111279345,2.5820408955930306e-11,9.715380031617552e-07,4.2633013326633925e-06,0.036245657742639686,2.555471566970538e-07,4.7089429344553116e-06,4.014783887850912e-08,9.192246408304913e-09,0.6119844722919409,0.09830792059031752,5.433855971029736e-07,3.818168647198815e-08,0.0002889098955185551,0.24916105015220513,4.859714755581787e-05,0.0015665405865354222,4.025481081073374e-06
68,0.0018691927183050766,0.00017332216420252452,1.622385219527669e-06,1.4649351755332149e-05,2.0793719442086782e-05,9.626485133691542e-10,5.478615719595e-07,0.00040773660300310926,2.8129113245245748e-11,1.0176154792885866e-06,3.923796677606288e-06,0.038897434398553726,2.926148969765927e-07,5.823687516147201e-06,4.4192238373867246e-08,1.1096712871191128e-08,0.6136903093118381,0.08233423552102441,6.354923007593464e-07,3.959039591808835e-08,0.0002710073419404525,0.26065639891778347,5.083732498143379e-05,0.0015960680423844041,4.055260998732446e-06
69,0.0018109255578168985,0.00016071330842763284,1.2792844528711589e-06,1.4225579863524175e-05,1.8822963105535235e-05,1.0540425516926587e-09,5.086557223924719e-07,0.0003518160614540851,2.4239569867312817e-11,9.125045353094244e-07,4.3560407909350586e-06,0.03876629257934038,2.460845136951084e-07,5.374684420989817e-06,4.409359377456479e-08,9.8225488289848e-09,0.5992119594223391,0.09350190955581461,5.683503437876326e-07,3.4924905065113014e-08,0.00029579008735327466,0.2644088125088846,5.4162413338104365e-05,0.0013874257527894365,3.808685363017166e-06
70,0.0014333972893224806,0.0001586899263851737,9.365603939314077e-07,1.2839649335219671e-05,1.4626841009056585e-05,7.194011719333188e-10,4.292944218589003e-07,0.00039613341509681766,2.1173374872801703e-11,9.685420188939879e-07,3.84023993234998e-06,0.025847953600687788,2.0907037380201022e-07,2.988762780164179e-06,3.8351575378261527e-08,7.462404872442787e-09,0.6638734977797175,0.08750599888817051,4.906702575893251e-07,2.96823641200072e-08,0.0002821981633172204,0.21873032267972994,4.434179810804928e-05,0.0016868969820848126,3.1636099379541623e-06
71,0.002513219811172743,0.00013445788748697572,1.3734949741232567e-06,2.293838195747198e-05,1.0327690263145668e-05,7.82572310109384e-10,8.585270841609772e-07,0.0004342241400335793,2.1878565200099373e-11,7.474469787990115e-07,5.978525577540842e-06,0.03861650156792198,3.288320697567681e-07,4.414812269336698e-06,2.795150900455135e-08,9.90585532451613e-09,0.6530673976205486,0.1363173810075971,4.649979211643106e-07,6.505712313017288e-08,0.00028730360429255933,0.16680770893167718,6.184074369939118e-05,0.0017088544690951894,3.573788440719208e-06
