,0,1,2,3,4,5,6,7,8,9,10,11,12,13,14,15,16,17,18,19,20,21,22,23,24
0,1.1358615590062771e-06,2.52928901248212e-06,3.6591840163550822e-06,0.0012617560168020456,1.7474526570261513e-07,8.42484552405663e-05,1.3211406957361116e-05,0.8748597525638508,8.299365119386324e-06,9.43110738123882e-05,0.0008079704952708431,0.00038661476394765066,3.239952308745418e-05,0.0009586264907406744,3.6595554157083043e-07,0.004679214109157544,0.008815888857135738,0.000744788769339795,0.03641970114767671,2.665798936555951e-05,0.0005607491153180711,0.07006058685452757,3.6582417557937706e-05,0.0001406123112606099,1.632384359837024e-07
1,1.1247676724805335e-06,2.111894143062524e-06,4.253071521177341e-06,0.0007963576218438922,2.2450767208661628e-07,0.00011320164238608661,1.1938661204387022e-05,0.8736690649691896,1.071795400988716e-05,7.664243758599571e-05,0.0008737771021999717,0.0002804348398224995,3.671590265483794e-05,0.0005846613777267235,4.956628723308287e-07,0.006989900504666634,0.00764925625337853,0.0005370625067451066,0.05132538869938437,2.75703767631823e-05,0.00047611221037066213,0.056336127272822396,3.0059470150153602e-05,0.00016667631294806304,1.239802656835708e-07
2,1.2635537978315965e-06,2.238787334897265e-06,3.807732052503492e-06,0.0008368264870840319,2.7532665463798644e-07,9.961422799910752e-05,1.234925159277696e-05,0.8768930811130248,1.0014423583333769e-05,7.055273978614522e-05,0.0009711231147114259,0.0003092461633725724,3.994828229546249e-05,0.0007853136089054339,4.6520898130129923e-07,0.006104551349677337,0.009463263141617065,0.0005998269064264214,0.04395338648806384,3.099066919178464e-05,0.0004931259612361793,0.05912577712966049,3.500582978911959e-05,0.000157808184934331,1.4431822748481867e-07
3,1.0979326665587853e-06,2.200308961779697e-06,3.632409552087821e-06,0.0009566869457675523,2.3039635900630836e-07,0.00010504480859673053,1.1324983536271834e-05,0.8701798462925726,9.849555395322504e-06,7.207489366335999e-05,0.0009957176211508136,0.0003069750853890195,3.7517105665335416e-05,0.0007601668906309258,4.3118274956567554e-07,0.006000241524258208,0.009672035005412959,0.0006117446127487528,0.04605998484921275,3.0093685697059213e-05,0.000527607672461834,0.06345060316645461,3.5264673688070255e-05,0.00016949710950617828,1.3128790265181133e-07
4,1.2830446549918155e-06,2.4058271754838755e-06,3.906347483662261e-06,0.0010462528344058234,2.524165692284892e-07,0.00011194047842824382,1.2073636797383824e-05,0.8621308004081542,1.0780223788826295e-05,7.55164192989554e-05,0.0010496641048158189,0.0003578515579005215,4.6432054697998774e-05,0.0008557385409171743,4.40692110931452e-07,0.006265574946732051,0.010986319901342438,0.0006814026103766764,0.04906395518937098,3.3372006073407814e-05,0.0005755423070967895,0.06646035078856366,3.821426960481113e-05,0.0001897780803332389,1.513133068406146e-07
5,1.2062599150245023e-06,2.36133721299953e-06,3.6309339904915668e-06,0.001190945729466005,2.1934022361798377e-07,0.00010832213127930122,1.1272378436959917e-05,0.8622477102996702,1.014400033641231e-05,7.918901349455549e-05,0.0010065365063990858,0.00034963319656415294,4.167999619566555e-05,0.0008697125965453593,4.211955478969989e-07,0.006012644717696373,0.01103961333028348,0.000753205857182129,0.04505390209415833,3.3060280889972074e-05,0.0005820596050033129,0.07037879659068631,3.7866880203145775e-05,0.00018571676265521795,1.4896596377839205e-07
6,1.0979326665587853e-06,2.200308961779697e-06,3.632409552087821e-06,0.0009566869457675523,2.3039635900630836e-07,0.00010504480859673053,1.1324983536271834e-05,0.8701798462925726,9.849555395322504e-06,7.207489366335999e-05,0.0009957176211508136,0.0003069750853890195,3.7517105665335416e-05,0.0007601668906309258,4.3118274956567554e-07,0.006000241524258208,0.009672035005412959,0.0006117446127487528,0.04605998484921275,3.0093685697059213e-05,0.000527607672461834,0.06345060316645461,3.5264673688070255e-05,0.00016949710950617828,1.3128790265181133e-07
7,1.7509189074555368e-06,2.064364598756272e-06,5.651324767463528e-06,0.0006735686572425009,2.7608703787742775e-07,0.00010238490608444103,1.4724264502928012e-05,0.8812249535541891,1.009415208248466e-05,6.992209450816335e-05,0.0008891641578259384,0.0003371026956467071,5.363360774930863e-05,0.0005723480577836624,4.0292745091121627e-07,0.005553464945145017,0.008724734632243174,0.0005723380041602877,0.056385299955198295,3.055807805811713e-05,0.0004887183973138037,0.04405837018383521,3.0771522963224084e-05,0.0001975613338473958,1.4117685796178307e-07
8,1.0609649569533322e-06,1.987309890724353e-06,3.0520297386906777e-06,0.0008229379226304702,2.2533858856991618e-07,0.00010314322397971742,1.0495841175239574e-05,0.8587233407127774,9.671272719062976e-06,6.444221334514644e-05,0.0010557206266882072,0.00028140100840406024,3.524467761062918e-05,0.0007090424435635369,4.675144057361395e-07,0.006189777851853238,0.01013789587192077,0.000642790125855827,0.05025547282658211,2.6572394185353594e-05,0.0005039603620165925,0.07022930235870355,3.0128010807823895e-05,0.00016174385683700575,1.2324076338908588e-07
9,1.0417935232575614e-06,2.778311659501729e-06,4.857219791715392e-06,0.00147914203338445,2.1051136221084796e-07,0.0001161749377041599,1.2900956410910952e-05,0.8767227397010576,1.0595531534029923e-05,0.00010192611696950948,0.0009191370741763401,0.0003681725582088582,4.0416426288413e-05,0.0008177728203893167,4.1676943303245555e-07,0.006224083001944484,0.008904661704976335,0.0006055746571875882,0.04118785424696906,3.82296239213266e-05,0.0006317215864255381,0.06156401708279293,4.742846627062959e-05,0.00019799622834925084,1.5063926954318608e-07
10,1.0979326665587853e-06,2.200308961779697e-06,3.632409552087821e-06,0.0009566869457675523,2.3039635900630836e-07,0.00010504480859673053,1.1324983536271834e-05,0.8701798462925726,9.849555395322504e-06,7.207489366335999e-05,0.0009957176211508136,0.0003069750853890195,3.7517105665335416e-05,0.0007601668906309258,4.3118274956567554e-07,0.006000241524258208,0.009672035005412959,0.0006117446127487528,0.04605998484921275,3.0093685697059213e-05,0.000527607672461834,0.06345060316645461,3.5264673688070255e-05,0.00016949710950617828,1.3128790265181133e-07
11,1.206817686244186e-06,2.287850990874845e-06,3.876469346167049e-06,0.000994380787664097,2.4928422049779594e-07,0.00010967687244840149,1.189660719730774e-05,0.8673405291093873,1.0368012381608852e-05,7.42049675302636e-05,0.0010312659652300475,0.00033145540164962044,4.355673872256635e-05,0.0007876203811847137,4.378440789725151e-07,0.006216795775344128,0.010366969446512553,0.0006415050448697771,0.047919875933882417,3.2897683451082905e-05,0.0005533772715991004,0.06330198584071228,3.738618484284213e-05,0.00018605253260351617,1.411764635244967e-07
12,2.08925027467836e-06,4.526252017690464e-06,2.692351751117393e-06,0.0017940885277817984,4.1515653918371706e-07,0.00015469598651592981,1.1511589003003433e-05,0.7753306001457664,1.2102850832694452e-05,0.00013719758965925944,0.0010704246174249713,0.0004207382102512261,7.017790503763304e-05,0.0030933482948488347,3.3501741408952565e-07,0.007359220484110788,0.03820364983240637,0.0017938508457131818,0.04637564335700169,5.901447746702977e-05,0.0010699650328342548,0.12279295581410428,5.923040872292553e-05,0.00018121891440927925,3.070881116658741e-07
13,7.39216271033711e-07,1.5994872132884835e-06,2.579448822674014e-06,0.0008502030920772023,1.84922624066876e-07,7.186662772822328e-05,9.43741557334484e-06,0.8890582518242665,7.165016513997874e-06,4.066049668574871e-05,0.0012821337399658058,0.0003325413939485818,3.0406993679787704e-05,0.0008594318330292406,3.7465543134175163e-07,0.004048397422391348,0.00793807973256763,0.000461834684912262,0.03500103049553615,2.2495246045752868e-05,0.00040125220807697714,0.05941522095474862,3.2955621156452594e-05,0.00013105464891017337,1.0282182370400737e-07
14,1.200616393308201e-06,2.6066951479366124e-06,3.514081259898622e-06,0.0008598721567467486,2.872885431817655e-07,0.00011027127781913402,1.3285588041477797e-05,0.8614953283137503,1.0404585445142567e-05,8.458630787481381e-05,0.001042882405037845,0.00030007672784468625,3.6233673680291e-05,0.0008726775410592239,4.4382701346939605e-07,0.005943317650318869,0.009912657300754014,0.0006752498074684938,0.04978604274024743,2.9598868999880762e-05,0.0005874147288015812,0.06802046920035724,3.808446704733514e-05,0.0001733534698661979,1.406804813416034e-07
15,1.0979326665587853e-06,2.200308961779697e-06,3.632409552087821e-06,0.0009566869457675523,2.3039635900630836e-07,0.00010504480859673053,1.1324983536271834e-05,0.8701798462925726,9.849555395322504e-06,7.207489366335999e-05,0.0009957176211508136,0.0003069750853890195,3.7517105665335416e-05,0.0007601668906309258,4.3118274956567554e-07,0.006000241524258208,0.009672035005412959,0.0006117446127487528,0.04605998484921275,3.0093685697059213e-05,0.000527607672461834,0.06345060316645461,3.5264673688070255e-05,0.00016949710950617828,1.3128790265181133e-07
16,1.0716112409047317e-06,1.7732291985034385e-06,4.258583780759422e-06,0.0008889257198055157,2.414797097400231e-07,0.0001247553853662607,9.853585949818866e-06,0.8855475593469302,1.0249421674751485e-05,5.70610557916528e-05,0.0010672174839627656,0.00025831397712036767,4.282377376429944e-05,0.0006375695366933839,3.9473374413334556e-07,0.0067666203023317465,0.009206831613574787,0.0005108739643952078,0.04631605561397703,3.3251135328127194e-05,0.0004604758828092285,0.04781940861918849,3.265084230849804e-05,0.00020166016040454616,1.0294094947942553e-07
17,1.0639669262773577e-06,2.2388234858786425e-06,2.847623702755463e-06,0.0011014956994279846,2.4778847896386474e-07,8.849592557916556e-05,1.0630922968511289e-05,0.8636450587877952,8.420546002358442e-06,7.073629869460863e-05,0.0010397473811557052,0.00035311577612243827,4.4565793590583755e-05,0.0010426414333221101,3.640332192457608e-07,0.0054885645822066505,0.013437147955865278,0.0006791156452477907,0.03951778016351295,3.686190507025175e-05,0.0005554680403305824,0.07267018742040486,4.377826058358356e-05,0.00015927656037231861,1.4866593408883474e-07
18,6.415870702870305e-07,1.417753162911057e-06,4.287739830780938e-06,0.0007057152046965374,1.7471011006393924e-07,0.00010651273686501056,9.356293387559738e-06,0.9034241099415691,9.673707337336595e-06,4.410766155070705e-05,0.001064645453393135,0.0002092413149059463,2.408513610339342e-05,0.0003653196441040972,4.858346941744573e-07,0.006100335278962135,0.004234771068065073,0.0002925427814979123,0.04302436912885348,2.137997080431643e-05,0.0003370279589176833,0.03981581171060635,2.735856105008977e-05,0.00017656274272748434,6.607973452520461e-08
19,7.604170251226166e-07,1.1246267215600595e-06,1.6322364976464671e-06,0.000370834541553839,2.4487239678289996e-07,0.00012668731956029934,4.017756934154257e-06,0.8643441940710489,5.5769095397633485e-06,4.757020110449099e-05,0.0011240080626173717,9.059420266218607e-05,2.392705634685879e-05,0.0006799700097624198,3.4403590204244785e-07,0.006590096668181763,0.014054352037177366,0.0005517573668590044,0.05380971130996103,3.500690906349994e-05,0.0003459853783274985,0.05761998913560169,2.642408409894286e-05,0.00014513096997723185,5.982107868953988e-08
20,7.107208953415528e-07,1.531326006851155e-06,2.7566239348201305e-06,0.00077245578870172,1.5288291877732494e-07,7.544720309865351e-05,9.183306926887689e-06,0.8879079090990917,6.99292161228092e-06,5.5590773671409694e-05,0.0009011148553768349,0.0002414964265377547,2.2555690031927722e-05,0.0005828211409204921,4.6934067253325536e-07,0.004774213503306834,0.006659414787447039,0.00048306962899613196,0.035570575865904,2.103958623417393e-05,0.0003831516706510365,0.06138901529416446,2.656804264697555e-05,0.00011166193513042259,1.0158512083757515e-07
21,1.370349418694485e-06,2.598386407289398e-06,4.209072063152767e-06,0.0011644639986239025,2.3361158652110427e-07,0.00011860770080259854,1.2567657702674763e-05,0.8714091771279835,1.2863325472753346e-05,7.796933838173162e-05,0.0009680177461132848,0.0003852486193895027,4.232203483158544e-05,0.0009454199751244823,4.645687775043653e-07,0.007402561734191805,0.008470509002591314,0.0007457084866793532,0.04386628235414659,2.9029864377844433e-05,0.0005381227105469918,0.06359132461971162,3.179832169857775e-05,0.00017897558179320422,1.5381158360281797e-07
22,4.96961224258146e-07,3.104861341861272e-06,8.69694837826846e-06,0.001283101980534371,2.9164952018587566e-07,8.349343824979626e-05,4.844550168411181e-05,0.919898247407675,2.0735718669890658e-05,7.899846441763303e-05,0.0008575093656437898,0.000913953582657601,5.489061979388907e-05,0.0004891219221867357,5.294524080023914e-07,0.006833510729800493,0.0014808033807513293,0.00011262014617343862,0.04110219097976172,2.5839198563805912e-05,0.00045750570671590344,0.025954425886889062,6.819155149875806e-05,0.00022317421442495875,1.2033103535618542e-07
23,1.0979326665587853e-06,2.200308961779697e-06,3.632409552087821e-06,0.0009566869457675523,2.3039635900630836e-07,0.00010504480859673053,1.1324983536271834e-05,0.8701798462925726,9.849555395322504e-06,7.207489366335999e-05,0.0009957176211508136,0.0003069750853890195,3.7517105665335416e-05,0.0007601668906309258,4.3118274956567554e-07,0.006000241524258208,0.009672035005412959,0.0006117446127487528,0.04605998484921275,3.0093685697059213e-05,0.000527607672461834,0.06345060316645461,3.5264673688070255e-05,0.00016949710950617828,1.3128790265181133e-07
24,1.0558128896400225e-06,2.1141668840169633e-06,3.643724772456101e-06,0.000907798908454541,2.2696726589520525e-07,0.0001030306037522512,1.1353776688302079e-05,0.8717049814690213,9.690645686512226e-06,6.914776929982002e-05,0.0010034720011445693,0.0002981454674748642,3.610922428261799e-05,0.0007011066950582078,4.433146070246905e-07,0.005905275857398656,0.009207531615168043,0.0005744595326710976,0.046649722105472725,2.8826966496310584e-05,0.0005123143135220434,0.06206806625642373,3.426268647751298e-05,0.00016709380410957742,1.2631497851549385e-07
25,7.354963338254896e-06,1.0064226849157272e-05,1.541777023689389e-05,0.0018080045166455393,6.343330920916232e-07,0.0003577387571656896,3.100016052939711e-05,0.5380259812541626,4.30814132251641e-05,0.0005394935083395499,0.000640589230718193,0.0009705056297815543,0.00030042372244858475,0.0007193228749487238,1.2052440182188137e-06,0.02110283344253264,0.04287039842269796,0.002250730065315031,0.20936393508102608,0.0001345633248602654,0.0030695689465235873,0.17687694758946243,8.628638111327934e-05,0.0007730244798654356,8.946611037690108e-07
26,2.0192140957809687e-06,2.9554005346484848e-06,5.2750114036584236e-06,0.0012403431115375787,3.833484484525342e-07,0.00016641935238235022,1.1688482264886633e-05,0.8237998882200712,1.4646477581129842e-05,8.743426609193886e-05,0.0012928112760369592,0.0003832178222318282,8.318001478818148e-05,0.0008126937298907067,4.184677504037503e-07,0.008308287876580353,0.01875974907566022,0.0008610886577104026,0.07199244499514329,6.095843629470208e-05,0.0008032321032391707,0.07084811341588411,5.6625619824908325e-05,0.00040596213443098495,1.6349012230681842e-07
27,9.084309396031953e-07,1.918659680353551e-06,3.0736425548194088e-06,0.0008862602230477386,1.973465552274482e-07,9.629654686723601e-05,9.775768323759174e-06,0.8691821952463198,8.91546199206123e-06,6.27638564515105e-05,0.0010217627020290112,0.00027160495034780126,3.0324245004797252e-05,0.0006922364507847373,4.6142658837555443e-07,0.005689717224057145,0.008808632569262557,0.0005613505724600595,0.04388591338171069,2.622281642251989e-05,0.0004602246959354582,0.06811508286220562,3.2259458960472075e-05,0.00015178691080871138,1.1455068968205078e-07
28,1.0979326665587853e-06,2.200308961779697e-06,3.632409552087821e-06,0.0009566869457675523,2.3039635900630836e-07,0.00010504480859673053,1.1324983536271834e-05,0.8701798462925726,9.849555395322504e-06,7.207489366335999e-05,0.0009957176211508136,0.0003069750853890195,3.7517105665335416e-05,0.0007601668906309258,4.3118274956567554e-07,0.006000241524258208,0.009672035005412959,0.0006117446127487528,0.04605998484921275,3.0093685697059213e-05,0.000527607672461834,0.06345060316645461,3.5264673688070255e-05,0.00016949710950617828,1.3128790265181133e-07
29,1.0979326665587853e-06,2.200308961779697e-06,3.632409552087821e-06,0.0009566869457675523,2.3039635900630836e-07,0.00010504480859673053,1.1324983536271834e-05,0.8701798462925726,9.849555395322504e-06,7.207489366335999e-05,0.0009957176211508136,0.0003069750853890195,3.7517105665335416e-05,0.0007601668906309258,4.3118274956567554e-07,0.006000241524258208,0.009672035005412959,0.0006117446127487528,0.04605998484921275,3.0093685697059213e-05,0.000527607672461834,0.06345060316645461,3.5264673688070255e-05,0.00016949710950617828,1.3128790265181133e-07
30,1.0979326665587853e-06,2.200308961779697e-06,3.632409552087821e-06,0.0009566869457675523,2.3039635900630836e-07,0.00010504480859673053,1.1324983536271834e-05,0.8701798462925726,9.849555395322504e-06,7.207489366335999e-05,0.0009957176211508136,0.0003069750853890195,3.7517105665335416e-05,0.0007601668906309258,4.3118274956567554e-07,0.006000241524258208,0.009672035005412959,0.0006117446127487528,0.04605998484921275,3.0093685697059213e-05,0.000527607672461834,0.06345060316645461,3.5264673688070255e-05,0.00016949710950617828,1.3128790265181133e-07
31,1.1203111230242638e-06,1.881669956278515e-06,3.7023500001973263e-06,0.0007788174466020895,2.067838694823969e-07,8.443326980818619e-05,1.1403504541456375e-05,0.8907575797775334,8.04975011433464e-06,6.700878790004953e-05,0.0008195498459132504,0.00027742317715339894,3.33411176388358e-05,0.0006543865128264866,3.776193966448477e-07,0.004912092672676288,0.008122105627980807,0.0005588692229715055,0.04081966803947951,2.653119018242375e-05,0.00045228155834871634,0.0514405963675282,3.0183987791132814e-05,0.00013826755471744464,1.2185394699147132e-07
32,1.1307733054347713e-06,2.2047728880448952e-06,3.675409038987596e-06,0.0008950730816409993,2.323581724325127e-07,0.00010557098172586856,1.136783436205806e-05,0.866927661583587,9.932519038762102e-06,7.214925528895362e-05,0.0009984735837986055,0.00030252472904232757,3.7416045325283344e-05,0.0007276480449286967,4.4406345804980455e-07,0.005912838067480451,0.009559779454432604,0.0006079448768993753,0.049055177722488255,2.9465202112491514e-05,0.0005252631412861919,0.06400672423401498,3.4904247553271776e-05,0.00017226765872276853,1.3035940791013786e-07
33,4.958003186526852e-06,6.8423777465629824e-06,4.1435921151294496e-05,0.0008125802219904137,1.322935606203756e-07,7.671651736538922e-05,7.035180993035535e-05,0.8509409469916315,4.312569368930165e-05,0.00010460485125566267,0.0005367620841319144,0.0010416835466157,1.1478921913305654e-05,0.00015626112952530778,3.840090995200351e-06,0.0036186698280492647,0.0009855006774165413,0.000585663992145819,0.08270582888043289,5.655761462001943e-06,0.0006972178501447817,0.057434269461985044,1.0411492857182846e-05,0.00010458306844358405,4.785323739934644e-07
34,2.9797489091286176e-06,2.901265308666217e-06,6.634894433033454e-06,0.0005462765280504864,3.4871217650982845e-07,0.00013246680011958433,1.4787157665796496e-05,0.8196320817260649,1.846086697009114e-05,5.042066477536579e-05,0.0012604369543868696,0.0004105860560624159,5.6678723951678216e-05,0.0005850755232199768,5.795784073698915e-07,0.005682290620200544,0.0090581134667481,0.0006703000801849618,0.10439970955145968,2.289450266283362e-05,0.00055553361332013,0.05659353411301568,2.688349821191897e-05,0.0002698752417202929,1.501119738613821e-07
35,9.077486361697145e-07,2.4426025663508583e-06,3.70330403635364e-06,0.0011059469199129965,2.746771172387683e-07,0.00013471718580545958,1.0783853147264765e-05,0.8564841595996437,1.0895815342719262e-05,7.774580016992043e-05,0.0012414026415348512,0.00031011505502855584,4.506311642384575e-05,0.0008742991753106328,4.970965613800376e-07,0.007498211399418771,0.011352861617667551,0.0005378706344163143,0.049219834943290894,3.9205016217314114e-05,0.0005864984536295771,0.07021310992181587,4.714766229887284e-05,0.00020217240206457193,1.333579427160197e-07
36,3.241628409638039e-06,8.132916702160167e-05,3.2740837298190086e-05,0.026328929708864846,7.815910971096677e-06,0.00903885685522417,5.033378433379291e-05,0.45392777847311777,6.142149787935438e-05,0.004316869580591716,0.013278502657023199,0.00013858004320879032,4.934918907481738e-05,0.005421020421972919,1.0271814020706148e-06,0.015050776203772338,0.1068269485568731,0.0035556095683357217,0.18874945132224333,0.0011483400468809651,0.01868200356883415,0.1289389235809585,0.009699359343790017,0.014609774562462152,1.016309455838742e-06
37,9.943201861204529e-07,2.091585965990346e-06,3.425745628043589e-06,0.0009167350263917882,2.2357436228022113e-07,0.000103754411066963,1.0787858905507767e-05,0.8734019255376685,9.478256386313948e-06,6.892340059309411e-05,0.0009975121775870155,0.00028802822835964273,3.470564375813908e-05,0.0007552957350393176,4.4006923390906516e-07,0.006013381483496648,0.009266036934733804,0.0005747898054596276,0.04420484969605437,2.8831226692645035e-05,0.0004995063075963322,0.06262858355625055,3.3909258337442574e-05,0.00015566525213638524,1.2490810944942697e-07
38,1.6974959597945393e-06,2.3695489336710545e-06,5.562861706481663e-06,0.0007198695499965262,3.1435220773653667e-07,0.00014583837319345863,1.5594838124279024e-05,0.8672474286322244,1.4625666022829857e-05,7.836826615200902e-05,0.0009490599278377283,0.00030306399571911725,4.5193368511023284e-05,0.0005886080703482107,6.10480430664557e-07,0.008478415999921001,0.0074688074413994,0.0006228679219250561,0.06077646592676502,2.6206594510692696e-05,0.0004901886403375742,0.051792780967391705,2.6672117964282705e-05,0.00019924045573689776,1.485066804224586e-07
39,9.274830645845795e-07,1.6380238327821406e-06,3.4011158411933443e-06,0.0007983989970181171,1.9723719044607562e-07,0.00010754103939839249,9.593563279643948e-06,0.8794647894631845,8.384722410877525e-06,6.668525707072873e-05,0.0009072967967276975,0.0002399200410885695,3.4907834932943594e-05,0.0005716488338656954,4.275012087360994e-07,0.006156687923515267,0.009022961741244003,0.0005500083076875258,0.046348799765580456,2.8570112250206335e-05,0.0004623741800794662,0.0550284923719503,2.9415517981105428e-05,0.00015682280921743079,1.0936037948666371e-07
40,1.0595755051204311e-06,2.1334984255445017e-06,3.5165133126227366e-06,0.0009577534850724311,2.266855325478954e-07,0.00010420366714316362,1.0949374983491266e-05,0.8713081078978682,9.531913364704028e-06,7.207062634318506e-05,0.0009828785858156774,0.00029462403926603276,3.6746455580531305e-05,0.0007457135202689494,4.1908121352630167e-07,0.006014569356841749,0.009815881792481171,0.0006106534177284935,0.045116368622719345,3.0618640792807505e-05,0.0005253901895174157,0.06315228406765412,3.529194304345646e-05,0.00016887992781197355,1.2712171373594808e-07
41,1.4683097718253815e-06,2.1329646882475733e-06,4.748686177199871e-06,0.0008413693131652028,3.59219099398934e-07,0.00011951638716739209,1.4122774858470162e-05,0.8885988847239397,1.2973642345130629e-05,6.241671045029422e-05,0.0010320631313060458,0.0003056347262862065,4.8974464125576644e-05,0.000668663008023062,5.476239560966827e-07,0.008369411122482968,0.008777037390392452,0.0005760402749636763,0.04306197313018201,3.366167517492488e-05,0.0004639524816876604,0.046792451748766783,3.0489420639443533e-05,0.00018096111186122234,1.4595848917622474e-07
42,7.553922755443403e-06,1.5922436380364445e-05,8.362116107847016e-06,0.002940786137875261,2.054211077449194e-06,0.00018874382207005684,5.32467242961648e-05,0.8464994084009708,2.706006898631333e-05,0.00015309730267491076,0.002150176000427938,0.0010408570661214595,0.00011772224222579511,0.008414290450869211,3.4501381841790665e-07,0.006021121491550569,0.029683505581079333,0.0018006642691259067,0.04320998690439967,9.673277658205902e-05,0.0013650402674124915,0.055727510045950654,0.00011864182688979839,0.0003564740630898689,6.96857262170037e-07
43,1.2315409181108431e-06,2.211895613270244e-06,3.914341338965073e-06,0.0009699540470794703,2.4372912325682777e-07,9.740503999014583e-05,1.2069730739536299e-05,0.8752397943774219,1.0631242522625167e-05,5.863872902220116e-05,0.0010917854502273147,0.00035942657226938253,4.05292173571917e-05,0.0007787349317770702,4.354796693775344e-07,0.005783055823929268,0.00931231956422973,0.0005897245136077158,0.04482242803438619,2.832245959476049e-05,0.0004917563939606977,0.06009797064020589,3.373276453567085e-05,0.00017354859216766837,1.348883126252895e-07
44,1.0979326665587853e-06,2.200308961779697e-06,3.632409552087821e-06,0.0009566869457675523,2.3039635900630836e-07,0.00010504480859673053,1.1324983536271834e-05,0.8701798462925726,9.849555395322504e-06,7.207489366335999e-05,0.0009957176211508136,0.0003069750853890195,3.7517105665335416e-05,0.0007601668906309258,4.3118274956567554e-07,0.006000241524258208,0.009672035005412959,0.0006117446127487528,0.04605998484921275,3.0093685697059213e-05,0.000527607672461834,0.06345060316645461,3.5264673688070255e-05,0.00016949710950617828,1.3128790265181133e-07
45,1.1437962972805724e-06,2.3276379946574068e-06,3.6716528336125207e-06,0.0009890655818432354,2.3789129676421008e-07,0.0001066884068133578,1.1555024758157449e-05,0.8661049248786294,1.0099273967691835e-05,7.513647307518517e-05,0.0010030998993554728,0.00031876249731283734,3.905355689324199e-05,0.0007978127934135031,4.264367995906297e-07,0.006004210057051714,0.010219973925863124,0.0006353035320243338,0.04729200535797137,3.125327330711694e-05,0.000555020865015363,0.06558629069625445,3.699159754070493e-05,0.00017480797422937574,1.3691945836791303e-07
46,1.0054195429957561e-06,2.0626628832538175e-06,3.034168969885655e-06,0.0011495042344303466,2.2608806862661199e-07,0.00011625894683965313,8.590200380771703e-06,0.8482163554187171,8.873383739929013e-06,7.34432285372393e-05,0.0011037556526454536,0.0002961297760878136,4.681371396016968e-05,0.0008553691703443303,4.0385965557015914e-07,0.0065514343048821274,0.015404346680164832,0.0006951983076428913,0.04786166064331269,4.181598882945033e-05,0.0005967397630735392,0.07672822122251892,4.317300637114547e-05,0.00019544969862590465,1.3445977546006312e-07
47,1.4180230569054914e-06,2.4103339239754693e-06,4.020043346762503e-06,0.0009781530184415491,2.5113251387223166e-07,0.00010930565041980928,1.2316306855246008e-05,0.8535423845493575,1.1285583877991206e-05,7.849905292867629e-05,0.0009726504852994371,0.0003693546262547595,4.963263694427735e-05,0.0007411039078986019,4.6344321524650283e-07,0.0068701931254455196,0.01114134330564213,0.0006968291561989825,0.05446664019018196,3.3472145845353705e-05,0.0005679375301212716,0.06911592919760083,3.6095970616813274e-05,0.00019815506983185104,1.5551418054692316e-07
48,4.586042233182899e-07,6.237342229825952e-07,4.757093512349001e-06,0.0020842397478633055,1.4714171400029662e-07,1.723226508881113e-05,2.710094932738655e-05,0.936811189584524,1.1204981895748075e-05,1.8550702725216017e-05,0.0006755891577471521,0.0012941798747805064,1.695669559488025e-05,0.0007983023394177994,3.283931371662749e-06,0.00708636330879538,0.0016782426821128774,0.000598855387368099,0.00177083005484239,2.498823435199684e-05,0.00036717471421940503,0.04667878389984888,9.948599130743405e-06,2.050946098355454e-05,4.868543375582922e-07
49,1.1173368836561161e-06,2.3513338160353963e-06,3.999783097303997e-06,0.0011256664781972878,2.1037557564142628e-07,0.00011049306183170131,1.1358222358410295e-05,0.8652437742180894,1.0170418656140038e-05,7.864365593608773e-05,0.0010047092147893804,0.00034753048356010095,4.0542652442586786e-05,0.0007926122593942413,4.4747807045614955e-07,0.005962296273308375,0.009760018062968653,0.0006333931725961002,0.0470653646905741,3.197015219621304e-05,0.0005647960251113263,0.06698610400288059,3.869990777756172e-05,0.00018358725338641182,1.434865019468162e-07
50,9.686535873240642e-07,1.8539632640956015e-06,3.410291785181146e-06,0.0006201544556332038,1.9451289404281347e-07,6.432016916364425e-05,1.5442119210705403e-05,0.9043613535424347,6.229376830406677e-06,8.446488637202792e-05,0.0006156914493251295,0.0002735647387469096,2.6696925690765814e-05,0.0006730974879705714,3.5485334005118956e-07,0.00398720853782473,0.00618538319864227,0.0004795611114803303,0.034297132585689234,2.0199626699438483e-05,0.0003943753612202829,0.047771894288086696,2.7646950633174243e-05,8.866597247868655e-05,1.3494099644956348e-07
51,1.1897541843471398e-06,3.0367109564943157e-06,3.6067983848378392e-06,0.0013144164284286408,1.6392317001678752e-07,8.558145859844521e-05,1.1079964834806381e-05,0.8635799415339865,9.85861903921846e-06,7.624202801555451e-05,0.0009090571585662075,0.0003659385819311854,2.451678948688112e-05,0.0010752028782953142,3.9491697084137986e-07,0.004148804200562387,0.008673487388947857,0.0007629428765482956,0.039059683841783065,2.285471237007355e-05,0.0005734524302855259,0.07913307802760078,3.416876800063891e-05,0.00013115051306561857,1.4969598618443605e-07
52,1.088582366925071e-06,1.211192916573927e-06,2.255653284661623e-06,0.0005961829774933983,1.848408352619396e-07,0.00013425458314085686,6.306023228561387e-06,0.8781715480772262,8.186089666263315e-06,5.3277738803043135e-05,0.0009185443234806045,0.00015178330793931674,2.579179785619848e-05,0.0008002746311987847,5.065495576107602e-07,0.008337466655190468,0.009392816206796845,0.0009299327714261191,0.03881506286707668,2.0529667554944546e-05,0.0003385877537214322,0.061169060285050286,1.4372234537452428e-05,0.00011067461830277945,1.0057134878766879e-07
53,8.136549360323498e-07,1.7119206443042394e-06,3.5663140774458152e-06,0.0007856824868015262,2.2922226447993492e-07,7.015280365820963e-05,1.6684983990560716e-05,0.9071056348467329,8.151451832310889e-06,6.0982907546535034e-05,0.0008839508106882148,0.00032900749530121544,3.07714765505632e-05,0.0005787703942017079,4.286364408274425e-07,0.004872823763049691,0.005562869441352954,0.0004087371794602057,0.032633893880651944,2.186930194521561e-05,0.00041577680278965027,0.04605143298921276,3.096001982362117e-05,0.0001249763221842933,1.2089386287526654e-07
54,1.42592358041325e-06,3.1387673257610814e-06,4.13016379592281e-06,0.0009609025909982482,2.4686700660442755e-07,0.00010257066343594403,1.4304196671361956e-05,0.8593553984464128,1.1592467534125638e-05,9.730789840271889e-05,0.0008275139111356543,0.0003658554970599148,3.320296939507518e-05,0.000993462532784688,5.746916865081581e-07,0.006480392606222264,0.008626567121488205,0.0006949022847396723,0.044514066273300866,2.6186279327385708e-05,0.0005063391494231499,0.07622160775365218,3.334368596086216e-05,0.00012477337690488207,1.9388175479936786e-07
55,2.362581485697093e-06,2.9838132547152835e-06,6.381754984444453e-06,0.0014996917738010227,2.915728129066362e-07,0.00012735282465960648,1.9839587852002645e-05,0.8438861509930491,2.1890017498111015e-05,7.680174330773387e-05,0.0010608836714361845,0.0008062038550393213,8.884447091732151e-05,0.0008498530995269337,5.753676617056908e-07,0.008652685769886459,0.010112775686912124,0.0010037759389850758,0.060449286906621665,3.594515645096963e-05,0.0007950660377306988,0.0701637149913005,3.457333272917881e-05,0.00030183178928017883,2.372628165927463e-07
56,1.2130784593183283e-06,2.2944312027628556e-06,3.866863175142058e-06,0.000982566634869715,2.460109924996575e-07,0.00010949574012411219,1.1927627076677413e-05,0.8657516232247116,1.0495912560513675e-05,7.29874552835552e-05,0.0010356575188076463,0.00033670746361012463,4.30846418469763e-05,0.0007864152519932948,4.463778919061077e-07,0.006162901342887542,0.010232870585570137,0.00063793348115118,0.048835446079571555,3.172020797098842e-05,0.0005494372888161215,0.06418021263359024,3.6746599767393556e-05,0.00018356139871348418,1.4214935555213816e-07
57,1.3260891090586516e-06,2.312819800691329e-06,4.075235424756435e-06,0.0009570352653264452,2.477800576126584e-07,0.00010538845695307903,1.2600183057480218e-05,0.8469342938252564,1.1534560948833346e-05,7.861382405227146e-05,0.0009654206775356603,0.0004227312182472456,5.81515611221084e-05,0.0007188348464302495,4.871198321876718e-07,0.00696647043022063,0.011612924630835504,0.0006514530159820892,0.05784845892015462,3.7172597463382996e-05,0.0006045318546900419,0.07176559393824711,3.8818819172048384e-05,0.0002013585215699428,1.6380851033944428e-07
58,1.2755022776721998e-06,2.3204368892052197e-06,4.0553345079527866e-06,0.0009989416725308578,2.5502837860318235e-07,0.00011491394581284708,1.1996436345644944e-05,0.8617289710649256,1.1271425696452145e-05,7.087593378404667e-05,0.0010937217791568321,0.00034791947139903057,4.5844070377609214e-05,0.0007465435350495068,4.39739985985389e-07,0.006378150036261844,0.010257613826802327,0.0006389088855203995,0.05256532549254337,3.264854847185902e-05,0.0005670091051682163,0.06412830462318611,3.822821284439872e-05,0.00021432942215871418,1.3646992483577407e-07
59,1.1683112105493696e-06,2.255649152593217e-06,4.1415347643870665e-06,0.0010016344370834464,2.414989050735031e-07,0.00011344153253439596,1.1720875709290106e-05,0.8674890696010962,1.0832090415007704e-05,7.189028325634032e-05,0.0010635818480918577,0.00032291490420602824,4.16152036587791e-05,0.0006895014725135026,4.457028490687959e-07,0.006292621537332158,0.009490568735481224,0.0005952258008169475,0.05015556732660742,3.253214678077213e-05,0.0005486787139118659,0.06181435555070985,3.812265031982634e-05,0.00020774366025183496,1.2893234150653147e-07
60,1.0979326665587853e-06,2.200308961779697e-06,3.632409552087821e-06,0.0009566869457675523,2.3039635900630836e-07,0.00010504480859673053,1.1324983536271834e-05,0.8701798462925726,9.849555395322504e-06,7.207489366335999e-05,0.0009957176211508136,0.0003069750853890195,3.7517105665335416e-05,0.0007601668906309258,4.3118274956567554e-07,0.006000241524258208,0.009672035005412959,0.0006117446127487528,0.04605998484921275,3.0093685697059213e-05,0.000527607672461834,0.06345060316645461,3.5264673688070255e-05,0.00016949710950617828,1.3128790265181133e-07
61,1.1567166314079674e-06,2.250121047847073e-06,4.075857454352942e-06,0.0009856315856992225,2.4087687164925886e-07,0.00011032307514479344,1.1834398348350432e-05,0.8689732119542916,1.0510650215688228e-05,7.256411090598874e-05,0.0010534318837355239,0.00032085357727094753,4.07255521424758e-05,0.0006998486466238363,4.4602805920660524e-07,0.006081959012847533,0.009419203396190307,0.0005953937943515146,0.049086954852475176,3.2207520298818954e-05,0.000544805615081351,0.061714400936963905,3.814960081493024e-05,0.000199689664435002,1.305720988395112e-07
62,1.0979326665587853e-06,2.200308961779697e-06,3.632409552087821e-06,0.0009566869457675523,2.3039635900630836e-07,0.00010504480859673053,1.1324983536271834e-05,0.8701798462925726,9.849555395322504e-06,7.207489366335999e-05,0.0009957176211508136,0.0003069750853890195,3.7517105665335416e-05,0.0007601668906309258,4.3118274956567554e-07,0.006000241524258208,0.009672035005412959,0.0006117446127487528,0.04605998484921275,3.0093685697059213e-05,0.000527607672461834,0.06345060316645461,3.5264673688070255e-05,0.00016949710950617828,1.3128790265181133e-07
63,1.2127778880204462e-06,2.537123839293064e-06,3.949036577008937e-06,0.001011857711100071,2.48066499240873e-07,0.00011101959800482425,1.1941937400371537e-05,0.8621749971598162,1.0628857499888213e-05,8.018510477992952e-05,0.0010096811884878671,0.00032295454418703276,3.928780417077131e-05,0.0008021707435973356,4.576063244066467e-07,0.00611267940093008,0.01031085698582124,0.0006483584352686866,0.04905230451845817,3.2423903708455824e-05,0.0005772216922292844,0.06746403016768315,3.867743585670507e-05,0.00018017336025114573,1.4483962076206569e-07
64,1.152228637502438e-06,2.469100913139301e-06,3.7877206343971376e-06,0.0010636567602438978,2.3848060734498067e-07,0.00011170629009099774,1.175305653135253e-05,0.8614231532233761,1.0275047679596906e-05,8.32317342999694e-05,0.0010040030651045728,0.00032664376843816797,4.023346028987183e-05,0.0008133528281435543,4.474934740870942e-07,0.006060158156335026,0.010619325686497993,0.0006649834999125258,0.04835271700461285,3.334729842472168e-05,0.0006014217814907403,0.06855016624101756,3.988124075090416e-05,0.00018174815301707568,1.4667947595271782e-07
65,1.0192516370122122e-06,2.150444759081981e-06,3.566859534893326e-06,0.0009428089544994487,2.1768153737312997e-07,9.952517416574864e-05,1.1360020314603621e-05,0.8770153808211787,9.03996135462681e-06,7.51956116316287e-05,0.0009278049969644261,0.0002902841916331488,3.403622079554596e-05,0.0007509507743638155,4.203730988293965e-07,0.0056247738071633305,0.009084421837154046,0.000588465381431526,0.042684818948833164,2.9104344734812126e-05,0.0005160098934506527,0.06112125800238214,3.489882138883997e-05,0.00015235781932936896,1.2980666307958792e-07
66,1.0682830726757284e-06,2.1685768349430597e-06,3.5419271372100582e-06,0.0009574627865942194,2.2120344125925668e-07,0.00010213588121213105,1.114533345108561e-05,0.871696323324456,9.6686091107941e-06,7.046084082782228e-05,0.0009843264547522055,0.00030700845858075025,3.611541938056114e-05,0.0007679608168450984,4.2606774742014474e-07,0.005878917157400909,0.009394030749431074,0.0006060015101683592,0.04487703544663274,2.8948921677639647e-05,0.0005146121327840917,0.0635530375551427,3.438762322340551e-05,0.00016286568762280128,1.2923247203882317e-07
67,1.1171033523401449e-06,2.2250311961948887e-06,3.703764014218867e-06,0.0008836909118846404,2.2657467346951214e-07,9.831702919226826e-05,1.190313003399528e-05,0.8719704425894882,9.845879513623682e-06,7.039275249753905e-05,0.0009672056435388981,0.00030555718932643097,3.4117227615954316e-05,0.0007107768941756737,4.439535613738597e-07,0.005665820014796055,0.00880562216176466,0.0005865525852173091,0.046608984713237864,2.7129933760071974e-05,0.0005088681726029311,0.0625348281962846,3.314542755629431e-05,0.0001589530375488988,1.3008316644575006e-07
68,1.0819824539369419e-06,2.1206065507037255e-06,3.484732246275235e-06,0.0008708887224229442,2.449064615034394e-07,0.00010910504510021604,1.124554312769774e-05,0.86732595013295,9.924569700326395e-06,7.062650052839733e-05,0.0010328953716532403,0.0002868482819505594,3.721885323156199e-05,0.0007494252497421977,4.700980045792459e-07,0.0064060177189414974,0.009748275707131347,0.0006040800523436675,0.047201449659164924,2.9618094863303654e-05,0.0004972195385488857,0.06480255345133257,3.368866335175096e-05,0.00016543674896127164,1.297692365769097e-07
69,1.2194535207727082e-06,2.312799714116556e-06,3.562369507985702e-06,0.0009153006975581848,2.2469575306762702e-07,0.00010377140339649482,1.145216142881816e-05,0.8630388678076354,1.0076681291438002e-05,7.613982793332326e-05,0.000918430762372906,0.0003101222004225899,3.6373992726241305e-05,0.0007992634027393266,4.423429315781813e-07,0.006039668334856304,0.01013275088259024,0.0006721400434584875,0.0480476877840988,2.8132546575827856e-05,0.00051941334962219,0.06814757056951605,3.203468805482969e-05,0.00015289859947282766,1.4260282235615672e-07
70,1.0721535380809832e-06,2.8232733935017244e-06,3.555455362308188e-06,0.000976300758625101,2.545115256092536e-07,0.0001327839769500289,1.147813274587288e-05,0.8204013689433608,1.1779449385998562e-05,8.424841771040028e-05,0.0012766996227354715,0.0003162864331366524,3.8094887108395746e-05,0.0007421420307363681,4.83904759243937e-07,0.005909510795586848,0.011363594372553423,0.0006419417359737366,0.07092646525304071,3.129317865690218e-05,0.0007231003340266602,0.08611092964893262,4.7066122915239855e-05,0.0002465991969793939,1.2741026077359097e-07
71,1.1777998180761262e-06,2.3397116685676525e-06,3.7794587378755e-06,0.001003922558741714,2.667798539883771e-07,0.00010686268502649742,1.2034864993781021e-05,0.8709372672676814,1.02662559837419e-05,7.860434768151885e-05,0.000981123705911317,0.0003260925466519196,4.450249172457999e-05,0.0008045039214394302,4.1660702720353946e-07,0.006492112188911974,0.010539128882219657,0.0006231637574747131,0.04539720884063609,3.597976494507299e-05,0.0005647240385677812,0.06180901435955816,4.0358354826403084e-05,0.00018500751012738676,1.4129979106504854e-07
