,0,1,2,3,4,5,6,7,8,9,10,11,12,13,14,15,16,17,18,19,20,21,22,23,24
0,0.007759855433691369,8.6922749321493e-05,8.212934607387867e-06,5.257257000171214e-06,1.046672098171804e-05,5.919083793580023e-10,1.0045144815736365e-06,0.0007251906889303096,3.185008292385549e-10,5.996958084826922e-07,4.4924338946008825e-06,0.03316926600922557,1.3303821787989822e-07,1.781268075745779e-06,2.4596601226277494e-07,1.824708599056456e-08,0.8379262145479595,0.016836691626242285,1.1105681857118616e-06,2.5309169522915832e-08,0.00027162067647645133,0.09923690872003016,1.2798137065589459e-05,0.003927403868974525,1.3778678152513062e-05
1,0.007127432518054958,0.00010319047817654935,7.698289690062875e-06,6.317026129096298e-06,1.0407676412889313e-05,6.343195739578075e-10,1.0591861347182272e-06,0.0008430738902483341,3.725497257747454e-10,9.033869566960124e-07,3.836521325815569e-06,0.03062900541863506,1.1043594522341132e-07,2.18384675157921e-06,2.8586917879324375e-07,2.4931505485433903e-08,0.8210368312871561,0.01592889867046541,1.553855856073572e-06,2.6806429616834985e-08,0.00040960773780484205,0.12049996398245551,1.424457446638392e-05,0.003353975005939903,1.9367597411743006e-05
2,0.005803309162559595,9.577151247372634e-05,4.4822060196071405e-06,5.134371047884742e-06,7.711180535818226e-06,4.5305971098733915e-10,7.273206911047907e-07,0.0005307642591352082,1.9169845988628713e-10,5.615051982151871e-07,2.9799615658342195e-06,0.021725218910309856,8.233457715782523e-08,1.8166344435341453e-06,2.676213060943306e-07,1.631065664502149e-08,0.8475011551785967,0.013048090694521694,9.415412396401109e-07,1.7319675418261707e-08,0.0003036462939553701,0.10817504983768807,1.7419189160990037e-05,0.002758510116637506,1.632589324600577e-05
3,0.00611709360954559,9.694038567973831e-05,5.493921014264081e-06,5.810010019753719e-06,8.417111014609107e-06,4.2064649904388164e-10,7.763831659211239e-07,0.0006262819142719338,1.9614093614693223e-10,6.097466685493746e-07,3.313851387721404e-06,0.02596336870178026,9.536643660565525e-08,1.7645077206281722e-06,1.9937210064167427e-07,1.4086033421585717e-08,0.845654662036917,0.017295983924957938,9.02776883600483e-07,1.9247031217599297e-08,0.000321221658611596,0.10048971158920586,1.429771435483199e-05,0.0033770927440694132,1.592872434177127e-05
4,0.006351905604908889,0.00010468180670908225,6.041425120654794e-06,6.043676054725233e-06,9.544366851212038e-06,4.912994137586199e-10,8.461286564263561e-07,0.0006142315206195719,2.1257753514147992e-10,6.355734108988673e-07,3.599831950383997e-06,0.028060882538400576,1.1405365049894225e-07,2.1049296962008426e-06,2.157098549130715e-07,1.524082926191373e-08,0.835677286860634,0.018181553648782513,9.481314958028975e-07,2.09766754878718e-08,0.0003209538745047346,0.10716958770928257,1.5527063715145145e-05,0.0034574931885361917,1.576543578341842e-05
5,0.005715049006115247,0.00010266325951198734,5.0944935161108096e-06,7.050555399392026e-06,8.459510772480046e-06,4.268922246174259e-10,7.831524659289954e-07,0.000636858686367605,1.6945940345220907e-10,6.620375276930278e-07,3.3969135696188885e-06,0.024612554338303193,9.966832016462515e-08,1.7929483941384073e-06,1.7444682916284845e-07,1.3410369123559671e-08,0.8482785825125344,0.021434537935132232,7.964558367185713e-07,2.0793858979268566e-08,0.0003465178838696208,0.09514021260989938,1.6582679901846366e-05,0.003671572393236627,1.652371191665946e-05
6,0.00611709360954559,9.694038567973831e-05,5.493921014264081e-06,5.810010019753719e-06,8.417111014609107e-06,4.2064649904388164e-10,7.763831659211239e-07,0.0006262819142719338,1.9614093614693223e-10,6.097466685493746e-07,3.313851387721404e-06,0.02596336870178026,9.536643660565525e-08,1.7645077206281722e-06,1.9937210064167427e-07,1.4086033421585717e-08,0.845654662036917,0.017295983924957938,9.02776883600483e-07,1.9247031217599297e-08,0.000321221658611596,0.10048971158920586,1.429771435483199e-05,0.0033770927440694132,1.592872434177127e-05
7,0.007391329049430531,0.00013501163763219562,7.612615643426279e-06,6.041553536894966e-06,6.732725746596432e-06,3.8648756251105095e-10,1.153298798776081e-06,0.0007260537963957929,2.782739182842443e-10,5.648956585528958e-07,4.934552286409272e-06,0.026463769234593728,1.6886277110230965e-07,1.5904484437110477e-06,1.8643334658569006e-07,1.0449932488017163e-08,0.8435481436395736,0.02229224713231987,7.966952808979067e-07,3.120784680333856e-08,0.0002374321946179028,0.09425483841709333,1.1559763994595566e-05,0.004894880347079728,1.4910383214888316e-05
8,0.0060156798542231535,9.777199931583257e-05,5.3719738747948e-06,4.860606910343871e-06,8.927121424163563e-06,5.509500357226269e-10,7.842611128855189e-07,0.0005759468183003494,2.3074594783860607e-10,5.942913101645432e-07,4.486909624694397e-06,0.03089200645165008,1.0203642790765203e-07,1.7383917807166204e-06,2.157378629310066e-07,1.3500354831873738e-08,0.8188861618350444,0.020242926119035717,1.0215564451947316e-06,1.969515329735197e-08,0.0003327815936343612,0.11996048149881285,1.2148823855738387e-05,0.002943334481419174,1.2623660730488662e-05
9,0.005991696005163187,9.497449445336354e-05,4.6005949522878124e-06,5.2805457457829785e-06,8.945382167719493e-06,5.684102971678426e-10,7.785689200919634e-07,0.0005661331681165877,2.001834251308501e-10,6.52238769916817e-07,3.863922543245847e-06,0.028582357901677402,8.583005308693516e-08,1.9217669983805608e-06,2.3464750302964652e-07,1.654853023873855e-08,0.8194380916000158,0.018238081637536083,1.0883639043614562e-06,1.788149458890406e-08,0.00037466507939602273,0.12399871137302187,1.55536273328519e-05,0.002657944965344294,1.43030877659561e-05
10,0.00611709360954559,9.694038567973831e-05,5.493921014264081e-06,5.810010019753719e-06,8.417111014609107e-06,4.2064649904388164e-10,7.763831659211239e-07,0.0006262819142719338,1.9614093614693223e-10,6.097466685493746e-07,3.313851387721404e-06,0.02596336870178026,9.536643660565525e-08,1.7645077206281722e-06,1.9937210064167427e-07,1.4086033421585717e-08,0.845654662036917,0.017295983924957938,9.02776883600483e-07,1.9247031217599297e-08,0.000321221658611596,0.10048971158920586,1.429771435483199e-05,0.0033770927440694132,1.592872434177127e-05
11,0.006112052810544303,9.980631737614071e-05,5.588422269954123e-06,5.824866407708317e-06,8.441939539022667e-06,4.2335944138381677e-10,7.868584844598636e-07,0.0006191574844195855,2.000006530944382e-10,6.056014030145758e-07,3.3782820478070717e-06,0.02614943456201198,1.0298302441648137e-07,1.79538838068919e-06,1.979778553398719e-07,1.3691350178306566e-08,0.845256674149025,0.017655243995929073,8.876437089616226e-07,1.9810671935551032e-08,0.00031029962404499357,0.10029684149554058,1.4254861575441206e-05,0.0034429175587677853,1.5673052261469577e-05
12,0.003952308372233778,8.835523384009154e-05,2.8157857004443493e-06,5.293274903417161e-06,1.1361187995037474e-05,3.7497646783005097e-10,3.9476292293450973e-07,0.00031755423177713075,5.744927773389235e-11,4.526718641161368e-07,2.0756378748337786e-06,0.025650354472162688,8.810615880466027e-08,2.473763343727596e-06,1.3073459940314545e-07,1.0141831775493456e-08,0.8395556635803986,0.018687360805846247,5.219332483367615e-07,9.85355054039223e-09,0.0002565284346758454,0.10901316640898294,2.2870796108412337e-05,0.002419940391003093,1.0268986552368931e-05
13,0.005951829805687826,6.819751271463538e-05,6.3662832016582775e-06,4.077526292341572e-06,7.928372917097153e-06,3.0070078895619734e-10,5.919460055602264e-07,0.0005385835410856888,2.1089797138478843e-10,2.935591889372561e-07,4.230555367797565e-06,0.040970431065738264,7.883609321637045e-08,1.8827907999734788e-06,2.039588265092159e-07,8.912296701202487e-09,0.8419229922716307,0.011182316182016148,1.0171876316681022e-06,1.4255541328871943e-08,0.00028689121630511493,0.09702893467757681,8.684435153190574e-06,0.002001852535018092,1.2592061312180094e-05
14,0.003310028099766775,0.0005162771638215258,6.296188665830076e-06,9.482119100670967e-06,1.9860629756726127e-05,1.039837207310069e-09,1.0857569563241936e-06,0.0009803700088699655,4.201531755208469e-10,3.0052250261710693e-06,7.248681338965644e-06,0.013232351937867154,3.1775541730643403e-07,1.834689692857695e-06,2.2295605538200102e-07,1.3115579303870235e-08,0.7856502753729299,0.04279819148179157,1.0897978920097505e-06,3.7182180223870086e-08,0.00046346895414620007,0.1444006799538656,1.3658647005316706e-05,0.008573982895300461,1.0219926983254537e-05
15,0.00611709360954559,9.694038567973831e-05,5.493921014264081e-06,5.810010019753719e-06,8.417111014609107e-06,4.2064649904388164e-10,7.763831659211239e-07,0.0006262819142719338,1.9614093614693223e-10,6.097466685493746e-07,3.313851387721404e-06,0.02596336870178026,9.536643660565525e-08,1.7645077206281722e-06,1.9937210064167427e-07,1.4086033421585717e-08,0.845654662036917,0.017295983924957938,9.02776883600483e-07,1.9247031217599297e-08,0.000321221658611596,0.10048971158920586,1.429771435483199e-05,0.0033770927440694132,1.592872434177127e-05
16,0.00541147971948759,4.9595378158367686e-05,8.872272917470796e-06,2.0808451596239305e-06,7.61416313014787e-06,1.769779025098294e-10,3.899975727247884e-07,0.0004111336381184985,2.05542684653711e-10,1.6330964958027032e-07,2.0893644953835504e-06,0.025088236216351253,9.824475442475104e-08,9.357248655924289e-07,1.8215065213786299e-07,5.818452660612996e-09,0.8993365590815424,0.006023767359206473,4.834383832394219e-07,1.082235775959615e-08,8.406899245097345e-05,0.06005193962610796,6.1170608976200774e-06,0.003505252588271885,8.923804495639901e-06
17,0.006216074084265362,0.0001013500656928272,5.611898411719284e-06,7.745359558401312e-06,9.064909143666766e-06,4.38654588294165e-10,8.069664104991206e-07,0.0006489283528298881,1.799168309038767e-10,6.386471718689882e-07,3.3203309110977737e-06,0.02876537268683591,1.0535609782399887e-07,2.3116012818236874e-06,1.7618598023260064e-07,1.4241681483083727e-08,0.8370170420394037,0.02083792734111903,8.825426747668974e-07,2.1716796890867865e-08,0.0003557664353414371,0.10271209905977592,1.772076990735799e-05,0.0032783427689032888,1.8676021233586147e-05
18,0.011298498167361865,0.0003130258292342536,0.00011682255240247898,6.751237127296581e-05,0.00030762950020480576,5.83594032755973e-08,1.1742675020416164e-05,0.0078006593661918925,2.082196302319194e-08,1.166544339899271e-05,0.00011470191772466834,0.08927484927076888,6.675737828036419e-07,2.385865727736101e-05,5.846903949660248e-06,1.181464908300748e-06,0.6332203950621972,0.019690669967565057,3.824967657997624e-05,6.750573297117356e-07,0.003802390335547912,0.2281782435663578,9.904024844263559e-05,0.005579034478397984,4.256073271614237e-05
19,0.012252075906641315,0.00010738817548058706,1.8686582705202544e-06,4.348242212062862e-06,2.815217845673967e-06,4.042917861122677e-10,1.1919606619081937e-06,0.0003461425322198825,1.0342180669083578e-10,5.021922567645672e-07,3.571143067260729e-06,0.00941309103553686,3.4592646391185395e-08,9.049006516632647e-07,2.9850412477999485e-07,2.1242527582750014e-08,0.8934619583800649,0.01937237009720474,8.168694893001562e-07,9.08999033292835e-09,0.00045395412600575554,0.06062382794744303,3.0138365708877567e-05,0.003900990782414705,2.1679529821608644e-05
20,0.004132408666495623,9.195501652232124e-05,4.047577535112438e-06,4.703323255677141e-06,7.885737810473073e-06,3.2231017719174387e-10,5.512395039947666e-07,0.0006529535794563985,1.7801582604848124e-10,5.976008370796657e-07,2.4100541398801653e-06,0.019991760825151045,7.29148267837654e-08,1.4382963641246684e-06,1.9767615934755395e-07,1.1014581853990223e-08,0.8357275697197357,0.01287644395985513,8.876440437621419e-07,1.533108584510298e-08,0.00029227106201199497,0.12346823358212557,1.1884364939204902e-05,0.0027188212576540554,1.2879055582885801e-05
21,0.008766648133502393,0.00010457254060565356,7.322229188621562e-06,7.992755299225006e-06,1.0546164101620034e-05,7.069674703221609e-10,1.185018489115451e-06,0.0006451318739604977,2.3403921255047617e-10,7.753467767647627e-07,4.558871076716406e-06,0.0401188446142387,1.4449740377293356e-07,2.7980322728811064e-06,2.2263844884886592e-07,2.3600182763515546e-08,0.8200499885144936,0.02368242942553827,1.0773005804607728e-06,2.8122761654919016e-08,0.00039579042446237245,0.10249869556484972,2.0324378697581354e-05,0.003661917573976477,1.898143808550985e-05
22,0.004072123599608587,0.00012377535594912834,4.027721031814113e-06,3.0705666426833563e-06,5.5688165529015e-06,7.528865399557021e-11,2.674134085489819e-07,0.001275733704159021,4.772629334079992e-10,1.252841473591124e-06,2.0498760151619103e-07,0.010194127842187367,1.5447270327971163e-07,5.029325414630169e-07,2.825446693053556e-07,1.1056020453919753e-08,0.9216694630851952,0.0013638503628296806,1.0513843678131287e-06,1.0294329722325512e-08,5.937515817856014e-05,0.056342292575755806,6.893371117485302e-06,0.004835932616526081,4.002674459830555e-05
23,0.00611709360954559,9.694038567973831e-05,5.493921014264081e-06,5.810010019753719e-06,8.417111014609107e-06,4.2064649904388164e-10,7.763831659211239e-07,0.0006262819142719338,1.9614093614693223e-10,6.097466685493746e-07,3.313851387721404e-06,0.02596336870178026,9.536643660565525e-08,1.7645077206281722e-06,1.9937210064167427e-07,1.4086033421585717e-08,0.845654662036917,0.017295983924957938,9.02776883600483e-07,1.9247031217599297e-08,0.000321221658611596,0.10048971158920586,1.429771435483199e-05,0.0033770927440694132,1.592872434177127e-05
24,0.007461811274740137,4.667187477560775e-05,4.990068526009754e-06,1.5442076479872064e-06,3.7729276158995543e-06,2.3984175699968104e-10,6.02687868386054e-07,0.00039700012646969626,2.5079427850788287e-10,2.464337180043045e-07,2.729104902007614e-06,0.017089733119734652,3.946464691858137e-08,5.301297868771804e-07,3.0299634567273514e-07,1.0282859189247345e-08,0.897255232563364,0.00673830573329641,6.447814752013348e-07,7.864994065594863e-09,0.00018178437064176947,0.06749977201642884,6.376354311057573e-06,0.0032969902899193026,1.0900835296131051e-05
25,0.00615155632745974,9.776275227640595e-05,5.499037936144438e-06,5.7433731120433e-06,8.471219198222958e-06,4.2882102773122123e-10,7.761791698741695e-07,0.0006191699229240426,1.976307275936595e-10,6.166286261004787e-07,3.2897244410676776e-06,0.02589831718590102,9.515768257863152e-08,1.7747792335732354e-06,2.0320920279635996e-07,1.4337774069972318e-08,0.8444707472528906,0.017268434320187195,9.047837264544683e-07,1.9134325992388796e-08,0.0003216143791727889,0.10173017961069407,1.4397347050954894e-05,0.0033843405681009625,1.6072142461428946e-05
26,0.00480341294923901,0.00022491908828410007,9.55844977301516e-06,2.4291093875454822e-05,5.784298588437767e-05,8.897578137124171e-09,2.2043946580668554e-06,0.0012600117001876387,8.272817568879561e-10,5.044032606442023e-06,1.1183868583965026e-05,0.07362790499077992,9.643997519024921e-08,2.6247735114240897e-05,1.3479970685125549e-06,2.939153397380339e-07,0.46167750997947,0.01857368839872114,1.1264456841115497e-05,7.811394599853478e-08,0.003162280456966675,0.4354302443155805,9.273410845065904e-05,0.0009401818049493656,5.7648998844999104e-05
27,0.006186328351166537,9.587548623858305e-05,5.613815242357966e-06,5.202857079338176e-06,7.762691302671797e-06,4.580885318201248e-10,7.650836832531155e-07,0.0007336488933033591,2.912485934944939e-10,6.994814913169295e-07,2.993708565307159e-06,0.022027097007559265,7.686644706748981e-08,1.4944976754353076e-06,2.574442440017707e-07,1.549422088181859e-08,0.8338426972105994,0.014828425039626397,1.0574715456581427e-06,1.9721484850337958e-08,0.0003293835955058406,0.11862026540857355,1.2381444031053036e-05,0.0032787440859470282,1.9193595129592905e-05
28,0.00611709360954559,9.694038567973831e-05,5.493921014264081e-06,5.810010019753719e-06,8.417111014609107e-06,4.2064649904388164e-10,7.763831659211239e-07,0.0006262819142719338,1.9614093614693223e-10,6.097466685493746e-07,3.313851387721404e-06,0.02596336870178026,9.536643660565525e-08,1.7645077206281722e-06,1.9937210064167427e-07,1.4086033421585717e-08,0.845654662036917,0.017295983924957938,9.02776883600483e-07,1.9247031217599297e-08,0.000321221658611596,0.10048971158920586,1.429771435483199e-05,0.0033770927440694132,1.592872434177127e-05
29,0.00611709360954559,9.694038567973831e-05,5.493921014264081e-06,5.810010019753719e-06,8.417111014609107e-06,4.2064649904388164e-10,7.763831659211239e-07,0.0006262819142719338,1.9614093614693223e-10,6.097466685493746e-07,3.313851387721404e-06,0.02596336870178026,9.536643660565525e-08,1.7645077206281722e-06,1.9937210064167427e-07,1.4086033421585717e-08,0.845654662036917,0.017295983924957938,9.02776883600483e-07,1.9247031217599297e-08,0.000321221658611596,0.10048971158920586,1.429771435483199e-05,0.0033770927440694132,1.592872434177127e-05
30,0.00611709360954559,9.694038567973831e-05,5.493921014264081e-06,5.810010019753719e-06,8.417111014609107e-06,4.2064649904388164e-10,7.763831659211239e-07,0.0006262819142719338,1.9614093614693223e-10,6.097466685493746e-07,3.313851387721404e-06,0.02596336870178026,9.536643660565525e-08,1.7645077206281722e-06,1.9937210064167427e-07,1.4086033421585717e-08,0.845654662036917,0.017295983924957938,9.02776883600483e-07,1.9247031217599297e-08,0.000321221658611596,0.10048971158920586,1.429771435483199e-05,0.0033770927440694132,1.592872434177127e-05
31,0.0066737772711903945,9.265846422054431e-05,5.000214839586528e-06,5.376908170557132e-06,8.473147934578514e-06,6.479413463344288e-10,9.148104740109746e-07,0.0005361977792477123,2.266781429993919e-10,6.014886785632488e-07,4.6279112847845186e-06,0.02795039106455981,8.570403276893845e-08,1.9210927257115423e-06,3.0206840905348166e-07,1.851498056789143e-08,0.8314702457254199,0.01706360114805371,1.033183395622881e-06,1.8935632065516807e-08,0.0003788537800487979,0.11291812703094226,1.848117836619326e-05,0.0028532073189594,1.608438381389695e-05
32,0.006187623154254949,9.69177267095591e-05,5.525438434053369e-06,5.606927350251088e-06,8.36252620176246e-06,4.3096360538965373e-10,7.84458614408178e-07,0.0006417198625854896,2.1529598186846512e-10,6.261357287313251e-07,3.2712295307309398e-06,0.025685750992833063,9.29816935720003e-08,1.7709899671485755e-06,2.1359616537840352e-07,1.5028822898413845e-08,0.8430167055814609,0.016151332463046276,1.0065268654475357e-06,1.9362588653646455e-08,0.00032677734670729747,0.10463563323211662,1.381414729941504e-05,0.0032002192831588907,1.621036160503604e-05
33,0.009249486684687917,8.451019029330976e-05,1.1324676240284204e-05,8.811623446998002e-06,8.886516445384687e-06,6.927501493272282e-10,1.360813352812951e-06,0.0010103226020437275,5.455217249938007e-10,8.15218186135334e-07,5.868764114543271e-06,0.03518618579595554,9.063068589559963e-08,1.8495110982782593e-06,3.2950466642335645e-07,2.398123350368628e-08,0.8512413035216908,0.01997612531029317,1.2952641848511904e-06,3.160743874673348e-08,0.0005623705286466628,0.07814497340581184,1.5605997470550456e-05,0.0044547272605085,3.369935323241936e-05
34,0.014426558191086966,0.00011722369874223761,1.1656609917085493e-05,4.449124991398821e-06,8.039390054533823e-06,7.86652906659222e-10,1.5447628358267497e-06,0.0009221653473606943,1.0183615207896898e-09,8.169153432808159e-07,4.748631636537766e-06,0.03206911289663004,1.1464624172846201e-07,1.943166348115924e-06,5.186612699626329e-07,2.6977380775592623e-08,0.8032063709535573,0.014567398240303554,2.2199120643947744e-06,2.6978155016085104e-08,0.00037489381233189766,0.13025026988552277,9.706702838671011e-06,0.003990066024815767,3.0126665557257814e-05
35,0.006908717820948228,8.542910559046682e-05,5.170238610347169e-06,6.284648428417703e-06,4.761232989545087e-06,2.5030612575960646e-10,7.192091218243284e-07,0.0009421308894385304,2.926601202148745e-10,6.4087703929291e-07,2.785540874594537e-06,0.02407395588980018,8.171445577078899e-08,9.848278166459594e-07,1.166519510937049e-07,7.219616785308986e-09,0.8488420962151378,0.0232916908646702,8.925576242581025e-07,2.0322200658771834e-08,0.0002949246994016944,0.09199617223651822,6.589464281878261e-06,0.0035148335588918046,2.0993671625371648e-05
36,0.005564191416415262,8.359005978705605e-05,5.197294528992459e-06,4.784565655803118e-06,7.853675121715659e-06,3.2282085114347e-10,6.203105467862742e-07,0.0005818206228005616,1.8011842074829034e-10,5.151103022737817e-07,2.6296917227358186e-06,0.02562786816293457,8.682543394949134e-08,1.551187991956603e-06,1.8365109573040232e-07,1.2076743172680933e-08,0.8587358422228081,0.013213706338955878,8.612249428218865e-07,1.5634562358547985e-08,0.0002727736532742824,0.0928842498960957,1.1529740472235303e-05,0.0029856679429448294,1.4448191923933764e-05
37,0.006114177512491223,9.693897750413432e-05,5.493087994565714e-06,5.81070479321604e-06,8.418388135476209e-06,4.2072316067748815e-10,7.762810969508434e-07,0.0006264431521232043,1.961924672983186e-10,6.099909773577849e-07,3.3137349053854026e-06,0.025957705059812104,9.535528955708186e-08,1.7642128311298805e-06,1.9941392875958894e-07,1.4088092307304312e-08,0.845654490952663,0.017293464559567123,9.029231877669254e-07,1.9249437479328655e-08,0.0003212984634479531,0.10050097861761262,1.429859250830414e-05,0.0033768573386485025,1.592872603624591e-05
38,0.010726242769491568,0.00012011081267874804,6.04295556134368e-06,5.5591300773667615e-06,9.448422522239605e-06,1.1913304073940879e-09,1.6300745009035016e-06,0.0005495562997186324,3.0130522619911834e-10,8.438085480783645e-07,6.3444806238283445e-06,0.0290856162554168,1.0125783165369121e-07,2.48174216442178e-06,4.4241491023672837e-07,3.626525023326918e-08,0.7998213834204921,0.022393921456399363,1.3949643399629067e-06,2.4020781198950477e-08,0.00048137775380103847,0.13306835501299463,2.636063495709442e-05,0.003674620032038639,1.810452226407663e-05
39,0.006232155772990913,7.967574918533015e-05,7.574816737828234e-06,8.950891680458414e-06,1.2793722338969718e-05,7.079062607388729e-10,9.317145809766324e-07,0.0009341097167597462,3.0679742346462397e-10,8.920276302217248e-07,4.4350591160187555e-06,0.03607356863054853,8.446135297514549e-08,2.3423665245540556e-06,2.5606779533674323e-07,2.6925240782872106e-08,0.8352892120818481,0.0177645598839696,1.5340863477604507e-06,2.703541820057962e-08,0.0006006099874600311,0.09996312004020844,1.7741816887211237e-05,0.002983794764302299,2.1601366372011893e-05
40,0.009113006689639696,0.00010781479457009378,5.940116010099632e-06,3.7309771475707276e-06,7.878519202570573e-06,4.700565017885551e-10,7.756885725125396e-07,0.00043236173934629277,2.087039890311161e-10,4.1069590629545167e-07,3.4853514394010805e-06,0.03285428523420163,7.652680096557542e-08,2.53951858657417e-06,2.665567932156634e-07,1.3372672712180994e-08,0.788219418473738,0.015365651986432667,1.0704809330240834e-06,1.3885765254097858e-08,0.00029581582516412865,0.15117217431136762,1.2405791162724634e-05,0.0023834668688022275,1.7395916984232418e-05
41,0.007671830505735126,0.00011464499017989056,1.3911197879624984e-05,6.53876111120534e-06,1.797388874742688e-05,8.239285879928136e-10,9.512821804752724e-07,0.0009810466015098423,6.418300333861322e-10,1.0374510156900766e-06,3.4339532264732322e-06,0.02998260799639325,1.2231663619753144e-07,2.6579159000853403e-06,4.643605099781004e-07,3.171858203982558e-08,0.8293792488665414,0.011587277517360989,1.5819926227947655e-06,2.6971830095331583e-08,0.00040272822165398204,0.11520944098925615,1.4322964472914856e-05,0.004581363854769506,2.6754216126313865e-05
42,0.01995396793094687,0.00021551113566761738,3.912007508645684e-05,3.7546060379812853e-05,2.5003625460078238e-05,1.796207595168192e-09,2.3092777058230246e-06,0.00027992221930852863,2.403016115916805e-10,6.537969187497321e-07,1.5087377718367014e-05,0.10356130026207803,1.3292511177181753e-06,1.1128002459973744e-05,7.474111995363595e-08,8.625746774757058e-09,0.6512009781552764,0.18744155669294277,1.7541011664668345e-07,5.278901516653818e-08,0.00028234069825329607,0.02236415983791649,3.844826039861755e-05,0.014487541173970053,4.1782563886668323e-05
43,0.006903404239101486,9.742201237676478e-05,6.1676778886386015e-06,5.608862931369419e-06,7.62264476758321e-06,3.585895902435999e-10,8.012377404536427e-07,0.0005647168294208553,1.7991283595174855e-10,4.82546753184961e-07,3.3992696178225723e-06,0.028321242849427018,1.0710711172096885e-07,1.8322956421810775e-06,1.7579770204234217e-07,1.1755812014087163e-08,0.8514219709023174,0.017784638309127108,7.779375390598574e-07,1.937038991721671e-08,0.0002680024642855365,0.09105886906946913,1.3451782976625501e-05,0.0035235299271529686,1.5744571946784452e-05
44,0.00611709360954559,9.694038567973831e-05,5.493921014264081e-06,5.810010019753719e-06,8.417111014609107e-06,4.2064649904388164e-10,7.763831659211239e-07,0.0006262819142719338,1.9614093614693223e-10,6.097466685493746e-07,3.313851387721404e-06,0.02596336870178026,9.536643660565525e-08,1.7645077206281722e-06,1.9937210064167427e-07,1.4086033421585717e-08,0.845654662036917,0.017295983924957938,9.02776883600483e-07,1.9247031217599297e-08,0.000321221658611596,0.10048971158920586,1.429771435483199e-05,0.0033770927440694132,1.592872434177127e-05
45,0.0066033394684669846,0.00010757836204637021,5.352770467720145e-06,7.233402054283936e-06,8.143727917741757e-06,4.711925471252502e-10,8.222060120774949e-07,0.0005694172982521786,1.695271517810921e-10,6.394766806318317e-07,3.758661627819336e-06,0.029197119694433376,9.423785028353757e-08,2.139216369245489e-06,1.7875499616159141e-07,1.4074549796762977e-08,0.8320478688992803,0.02403946102972336,8.394625975056355e-07,2.0891100281521823e-08,0.0003903596881699465,0.10372714994002921,1.7039955444422053e-05,0.0032520243524288865,1.9403788781881168e-05
46,0.015790363271948486,0.00029824065225763155,2.0225530396762684e-05,1.7762088946425705e-05,2.7976923748372026e-05,5.730239068243626e-09,4.354483372956419e-06,0.001201377486157985,1.1724013346052052e-09,3.2210883497223014e-06,1.3712243218992582e-05,0.06284764888142692,2.2974983853292626e-07,1.1722442654496964e-05,7.943284741774015e-07,1.1652090347923583e-07,0.576465521468075,0.05723208854872326,3.549518625438676e-06,9.376341920535889e-08,0.0012460042320630211,0.2799217255202015,5.249907340988495e-05,0.0047866777765211204,5.408750462621045e-05
47,0.0058046134818032745,9.875384556110415e-05,5.7083392858377225e-06,6.425348466506689e-06,9.143192236194642e-06,4.396960682441819e-10,7.990381154403874e-07,0.0006732224789330078,2.0330704909699945e-10,6.489877213177669e-07,3.458673728415767e-06,0.02569794656883453,9.96512424271892e-08,1.8552859487750484e-06,2.0337636636068792e-07,1.454999129651573e-08,0.8474920376876081,0.01772022837380373,9.226007482583901e-07,2.045349556707353e-08,0.00033919488271760877,0.09858149715377061,1.544555282295048e-05,0.0035314687882944803,1.6291045500965392e-05
48,0.004812666257480478,8.97664470099783e-05,3.916256997781338e-06,4.475700865751093e-06,6.87082865989655e-06,2.755557535170271e-10,5.881241717923471e-07,0.0005808751850043242,1.5178548381129614e-10,5.206680256969099e-07,2.417161510566393e-06,0.019514130916852255,8.1550886619358e-08,1.3042594050801284e-06,1.7301711661943706e-07,1.0598733783781487e-08,0.8652552279784727,0.012586155581069479,8.415071939498251e-07,1.4216499696371427e-08,0.00025371210525780775,0.09391583025817953,1.1530631704869903e-05,0.0029468212411651352,1.2069080395051518e-05
49,0.005847100765542965,8.710616730365113e-05,6.537719116561616e-06,6.099504109940211e-06,1.0100222304238562e-05,5.017983372035683e-10,7.535626876746463e-07,0.0006361922581574231,2.1486599712041257e-10,6.03832641711642e-07,3.6581745033271266e-06,0.034602351425920566,1.0332032799327719e-07,2.1117308802077986e-06,1.9546168699736624e-07,1.499725378372624e-08,0.8246021963877115,0.017970415777690398,9.541120003013523e-07,2.2112528160156953e-08,0.0003370768531191288,0.1129378980958112,1.3683902264880914e-05,0.0029196542431882346,1.516865658483776e-05
50,0.008254728718766981,0.00015349691538587852,7.2068375758675614e-06,7.362624733318392e-06,1.1372546256418461e-05,8.629648239259142e-10,1.5240797880693882e-06,0.0009740610264227457,4.157407128347429e-10,1.4218760813247065e-06,3.7686753899700577e-06,0.026176561926894666,1.2228840941068392e-07,3.0859258385411553e-06,3.4036844586262793e-07,3.420059746075218e-08,0.758347441189959,0.01949295271853449,2.0640603033456097e-06,3.1186771391720355e-08,0.0004659887516873362,0.18243970226469042,1.9428917900279288e-05,0.003614302097716251,2.2999523145329266e-05
51,0.006388514115696107,0.0001179199694385337,5.644570914009544e-06,8.298140595784371e-06,8.214416360703091e-06,4.456549407364594e-10,9.948557134042998e-07,0.0008201225182609232,2.158914150488371e-10,7.51921120241847e-07,4.196907736607661e-06,0.028228334246475462,1.0583373595981099e-07,2.145998047468475e-06,1.6782961558935173e-07,1.2083370753979274e-08,0.8123029041824933,0.02721309195248125,1.021151014447586e-06,2.47858168347318e-08,0.00041546287242935057,0.12099239292938879,1.4606275464898002e-05,0.003457635176066052,1.7436606217294578e-05
52,0.005344610204151478,8.560745706494821e-05,5.1891070202193405e-06,5.094095964641183e-06,8.012769180053935e-06,3.056766877871523e-10,6.21776817397954e-07,0.0006203572863454208,1.7243513117810611e-10,5.196857222783157e-07,2.68551739690441e-06,0.024659811079787507,8.197447367513799e-08,1.5567882382410245e-06,1.8303341945349282e-07,1.2143515999898727e-08,0.8624877936094019,0.012847984176528859,8.852904562623747e-07,1.5841437015189388e-08,0.00029108634454760987,0.09058251656525224,1.1994462518686122e-05,0.003028618427985354,1.4761884662194527e-05
53,0.00916789791142629,0.0001282007316155447,6.917742290553768e-06,7.451144789639796e-06,6.116706474484796e-06,8.288003059186837e-10,1.9622744902878623e-06,0.000710409500338311,3.5736599910036973e-10,8.56963554355006e-07,6.2666802468924985e-06,0.021002075199064378,1.179071778871911e-07,1.8553651744479512e-06,3.4675334923688725e-07,2.6928097479263675e-08,0.8248788835518462,0.025272128656367125,1.0051466694805871e-06,3.8986484863034886e-08,0.00038190152278337397,0.11353755096614265,2.618920744667632e-05,0.0048402512754656905,2.1547692537622828e-05
54,0.011107877818133806,0.00016138725362905274,7.83147811815828e-06,6.416316658187362e-06,8.257294197777645e-06,8.119537388626459e-10,1.4164224968323371e-06,0.0005821788692763743,3.2311808490774425e-10,1.015057753532774e-06,3.4722568616492273e-06,0.03455936034897334,1.213083941745384e-07,3.4291468263611255e-06,3.507594915232936e-07,3.272494537420366e-08,0.7694556907944641,0.01970543468792379,1.3126214144710963e-06,2.925644887922872e-08,0.0004078091219436781,0.16057745981223503,2.132519508432837e-05,0.0033559710095523265,3.181931010536662e-05
55,0.004966275256307322,0.0001009340510501221,4.4033422966652766e-06,6.1120835489700055e-06,1.0435604945841956e-05,4.829189054931315e-10,7.688259336181541e-07,0.0006463411385376431,1.6085922975518195e-10,7.06770782022332e-07,3.137018614027353e-06,0.020386991433514502,7.733191813605291e-08,2.0609206175251797e-06,2.5700663832259237e-07,1.9942124262020723e-08,0.8437226577600747,0.01348795019729584,1.1133561329757605e-06,1.755335053705711e-08,0.00038744521211950055,0.11323296066595534,2.0861843917394736e-05,0.0030040978252832604,1.4374215263497213e-05
56,0.006087315126225386,0.00010036664833063818,5.640305086607207e-06,5.77594732850286e-06,8.537582163154689e-06,4.2510216467420084e-10,7.904154702608044e-07,0.0006201521986118931,2.0269751981759336e-10,6.08209509340104e-07,3.3701402257637402e-06,0.025951047687569857,1.051243352814297e-07,1.7972066399347343e-06,2.003516664166998e-07,1.3843486539608271e-08,0.8460868639506793,0.01735279693174625,8.979922033388178e-07,1.9956988065913554e-08,0.0003069177140353606,0.09997231950669412,1.4172527563165455e-05,0.0034648793661905416,1.5410639450486705e-05
57,0.003980697250828899,6.44981148798463e-05,5.660930271769979e-06,3.981485288364625e-06,1.017562225992931e-05,2.8596955128779894e-10,4.1339197638301394e-07,0.0006344199453412456,2.033249802054767e-10,5.341670634523446e-07,2.0292687909186384e-06,0.03237240673029008,7.884906784911696e-08,1.521289493989456e-06,1.6874463586093884e-07,1.2019267736565255e-08,0.8513853474994378,0.008970004990427091,1.1118726989393711e-06,1.3716148711875195e-08,0.00027820738667178795,0.10015090651735026,7.3735335940314e-06,0.0021182007560698168,1.2235428850614597e-05
58,0.005544319789847052,9.233115836362143e-05,5.025745643134157e-06,5.101786870839785e-06,7.560184118673845e-06,3.378142523362492e-10,6.919500062380364e-07,0.0005868099464510895,1.7232972573847754e-10,5.433673094443714e-07,2.9442500623156204e-06,0.022570624692026444,9.198344253725262e-08,1.439529696361007e-06,1.801522363758519e-07,1.1597983130905657e-08,0.861644847942441,0.01587416917366116,7.604901436613204e-07,1.672620188089144e-08,0.00027733101894773744,0.08975621867956439,1.293687631333526e-05,0.0036020918189506998,1.395062957480581e-05
59,0.0058296968389540136,8.964016946252733e-05,5.616237524280603e-06,5.160189026653124e-06,7.6466554199946e-06,3.34831824514329e-10,7.150952390369863e-07,0.0005881759320810871,1.7258312743658362e-10,5.33988405704022e-07,2.9587499328831797e-06,0.023057506588101375,9.316569949308015e-08,1.4295649569230355e-06,1.7328155357574579e-07,1.191518838004753e-08,0.8650202028096234,0.01655157024446717,7.120314836072436e-07,1.7267937068726833e-08,0.00027549296122075985,0.08457769536808081,1.2810167775218327e-05,0.0039578658221061614,1.4274448344705636e-05
60,0.00611709360954559,9.694038567973831e-05,5.493921014264081e-06,5.810010019753719e-06,8.417111014609107e-06,4.2064649904388164e-10,7.763831659211239e-07,0.0006262819142719338,1.9614093614693223e-10,6.097466685493746e-07,3.313851387721404e-06,0.02596336870178026,9.536643660565525e-08,1.7645077206281722e-06,1.9937210064167427e-07,1.4086033421585717e-08,0.845654662036917,0.017295983924957938,9.02776883600483e-07,1.9247031217599297e-08,0.000321221658611596,0.10048971158920586,1.429771435483199e-05,0.0033770927440694132,1.592872434177127e-05
61,0.005748389270513483,9.010725046138364e-05,5.845294293009682e-06,5.1222234718177374e-06,7.87365812646907e-06,3.418535482463154e-10,6.983959045538455e-07,0.0005925671265333453,1.8274731331745034e-10,5.226733670833167e-07,3.0680542820595145e-06,0.024784497081978118,9.346504015473985e-08,1.5009538049825926e-06,1.7869959910313228e-07,1.1833447495923e-08,0.8600897761185078,0.016045375147954812,7.577079028653242e-07,1.7798105935043e-08,0.0002809591839963544,0.08865244711533153,1.2170566749593559e-05,0.00366357048984079,1.4449366186576377e-05
62,0.00611709360954559,9.694038567973831e-05,5.493921014264081e-06,5.810010019753719e-06,8.417111014609107e-06,4.2064649904388164e-10,7.763831659211239e-07,0.0006262819142719338,1.9614093614693223e-10,6.097466685493746e-07,3.313851387721404e-06,0.02596336870178026,9.536643660565525e-08,1.7645077206281722e-06,1.9937210064167427e-07,1.4086033421585717e-08,0.845654662036917,0.017295983924957938,9.02776883600483e-07,1.9247031217599297e-08,0.000321221658611596,0.10048971158920586,1.429771435483199e-05,0.0033770927440694132,1.592872434177127e-05
63,0.006130227663429656,0.00010429766935360667,5.300707255829271e-06,5.60361296853083e-06,7.898402553779803e-06,4.049212956951107e-10,7.826423966288296e-07,0.0006126804200578368,1.9543940221254031e-10,6.061790685328209e-07,3.2947153803701016e-06,0.02433081962693891,9.852892975417969e-08,1.6838207175579429e-06,1.996964071536444e-07,1.3347115819604861e-08,0.8460209405641672,0.017484226762437324,8.753939587928919e-07,1.9396948172175747e-08,0.0003056317769482682,0.10146355263037003,1.3985276648938328e-05,0.0034915446646238647,1.57159009628497e-05
64,0.005722829208220755,9.429311121248346e-05,5.016845156066373e-06,5.805575235662298e-06,8.24251238559953e-06,4.151415149271666e-10,7.391619027393711e-07,0.0006220201958409751,1.897541749330076e-10,6.250324834889117e-07,3.4141748948102248e-06,0.024654184576620407,8.028227729879957e-08,1.656438378882895e-06,2.121293655759387e-07,1.4353410277229585e-08,0.8528788714654587,0.01677788481665027,9.366054390929756e-07,1.723116460820852e-08,0.000390753457151357,0.09556182171922793,1.4423824179763029e-05,0.0032398386545982477,1.631802384937095e-05
65,0.005989609184806871,9.081786084293502e-05,7.062656392709724e-06,1.483040013870887e-05,2.379129109413974e-05,1.647559124345978e-09,9.192698921201419e-07,0.0006440084717370157,2.000849755977629e-10,1.117851549701489e-06,6.366562338008623e-06,0.06646489613634904,1.1712554693870789e-07,5.814153206551604e-06,2.3390400889685916e-07,3.5725299657685386e-08,0.7521469696998272,0.03741482499375166,1.4715583535196075e-06,3.156096348169137e-08,0.0008934792974677975,0.13401933795915683,3.4826569275640904e-05,0.002215805323739835,2.363059661648431e-05
66,0.006581071814386292,0.00010332771496216595,6.610668725838858e-06,6.8116201071848644e-06,9.756856106949883e-06,5.435210025998753e-10,9.347912155830378e-07,0.0007576036782747826,2.658363890916223e-10,7.764125823871394e-07,3.695229006270564e-06,0.030235903212079026,1.16233424997169e-07,2.1212455382403155e-06,2.176107661258621e-07,1.8565873818342917e-08,0.826181963394779,0.018396915617660194,1.183493729691236e-06,2.6053421736805897e-08,0.00035367818109140756,0.11400268376831567,1.47652239388322e-05,0.0033222423934435503,1.7575411212930217e-05
67,0.005982867884457603,9.565662079339506e-05,5.228220668058644e-06,5.4360607223159085e-06,8.072363829373889e-06,3.817295306071598e-10,7.368252190688969e-07,0.0006455026375439611,1.96364763355798e-10,6.029035448263398e-07,3.1223233374040703e-06,0.02471879799856365,9.074585218066303e-08,1.6023587297670836e-06,1.927103411152811e-07,1.2952296583337068e-08,0.8477047038710266,0.016548021024020462,9.07463640357267e-07,1.787605464431482e-08,0.0003109669044635609,0.10055638619399059,1.2835614748343212e-05,0.003382945184492965,1.5292683568769234e-05
68,0.006338249139994954,9.677058919742671e-05,4.0617811536015776e-06,7.118708530563504e-06,5.773166720065367e-06,5.669515017884169e-10,8.537457117007463e-07,0.0004752481159858254,1.6124445527542167e-10,5.550078186154976e-07,5.4144696627293986e-06,0.024505567024524232,8.113363713916746e-08,1.3313396877854324e-06,1.767598883128641e-07,1.129426042487167e-08,0.8389509438422441,0.03449356040316502,5.70280255715984e-07,2.2401595653642627e-08,0.0003957862385815665,0.09110879578748453,1.927759651066479e-05,0.0035721138478077234,1.771659738575972e-05
69,0.006168290733916399,9.450211839693337e-05,4.881337218068965e-06,5.064239405011528e-06,9.043111558961504e-06,4.354235013829743e-10,7.297617839575354e-07,0.0005696152065996586,1.7964120074185846e-10,5.55890813223064e-07,3.3088876084606476e-06,0.02716601758519997,9.15065549777043e-08,1.8938629868231676e-06,2.1281294348643852e-07,1.3416899693959718e-08,0.83539914580374,0.016255905054708673,9.342118830849376e-07,1.566938136450813e-08,0.0003100366491801805,0.11093374997597058,1.4591856266851462e-05,0.00304746212383693,1.3937568081914157e-05
70,0.006113304530198013,9.69130266186984e-05,5.489339959279699e-06,5.807141628082635e-06,8.413547783411419e-06,4.203025251262039e-10,7.759874836415419e-07,0.0006263922157445144,1.9606582457224243e-10,6.09707012716912e-07,3.312451481557547e-06,0.025941433492031908,9.531793403243271e-08,1.7623477924792493e-06,1.9931812963720523e-07,1.4077473507737942e-08,0.8457264484730233,0.017287639372638886,9.02586775623122e-07,1.923421967529366e-08,0.00032113386934175015,0.10045162598693587,1.4290640266494664e-05,0.0033774993204035075,1.5917398755025968e-05
71,0.007932952155035785,7.550845626783141e-05,5.497386355127847e-06,8.28253920998538e-06,4.3420468419303955e-06,3.267440097284024e-10,1.3317954557723666e-06,0.0006865963638923286,1.6454687512076835e-10,4.399374931492696e-07,4.8536050688962165e-06,0.023156941908644785,1.0082855275194295e-07,1.38150127314419e-06,1.396722254621706e-07,1.3965749329391579e-08,0.8769989011043179,0.02325806123657445,6.944536640561522e-07,3.131677369537941e-08,0.0003164796732082824,0.06366534035314604,1.7949570545989065e-05,0.0038501175073602967,1.4042131052038096e-05
