,0,1,2,3,4,5,6,7,8,9,10,11,12,13,14,15,16,17,18,19,20,21,22,23,24
0,0.013969530804383574,9.934072304147311e-05,1.5425133730549128e-05,5.7086232313139315e-06,1.0988612196986466e-05,8.030212653535536e-10,1.3584157719631283e-06,0.0006840528316165616,4.621538413860105e-10,6.464433260145012e-07,4.000612521596729e-06,0.045611537407803264,1.2942582907438278e-07,3.032793518912471e-06,3.038804540732196e-07,2.828105895400952e-08,0.787838919809214,0.01870473674082713,1.2631791100403934e-06,3.2217864537072074e-08,0.000275665490362707,0.12866072482263152,1.4285595257794991e-05,0.004069811957083957,2.8474933989032066e-05
1,0.012960233476083568,0.0001202162670672297,1.448933982411504e-05,7.039355357688686e-06,1.0975993030647643e-05,8.938368945495088e-10,1.4762722961161499e-06,0.0008054121490235813,5.538898675873499e-10,1.0310931745676643e-06,3.3426937062455617e-06,0.04139516821271647,1.0787818247842619e-07,3.8077223571148565e-06,3.636338918289958e-07,4.1946135816440695e-08,0.7663280057598161,0.017539022978558125,1.8296412687945663e-06,3.517004349268001e-08,0.000424681589168775,0.1568354523830916,1.67416903261203e-05,0.003488634365216303,4.188894193636362e-05
2,0.010032424070204287,0.00010693471654280098,8.43189106324643e-06,5.592754163039741e-06,8.33535160354592e-06,6.057492674036863e-10,9.502038043003034e-07,0.0005290633740974543,2.892053461517853e-10,6.337058630796023e-07,2.528448171730872e-06,0.029962058983119738,8.089152918026067e-08,3.022929165369782e-06,3.2919717743817527e-07,2.5995668909688563e-08,0.8016508709089041,0.013798851445473189,1.119589451100178e-06,2.2343668316143594e-08,0.0003067531353111301,0.14070571388833192,1.8839767360639566e-05,0.0028240133245982712,3.340218977257482e-05
3,0.010854894281019913,0.00011057327899218142,1.0478016895824624e-05,6.3950197051765e-06,9.058293416938663e-06,5.821601635735771e-10,1.0487228109179704e-06,0.0006131170063861069,2.9785981593658145e-10,6.844364108693117e-07,2.917220885427355e-06,0.035872578076130424,9.346696290709368e-08,3.011958563673507e-06,2.5293273292642634e-07,2.2800473059632914e-08,0.7983228571671537,0.018795209173391697,1.0665143356308097e-06,2.5090421136406398e-08,0.0003311183800218022,0.13151835514759586,1.6080981107843678e-05,0.0034966919698648335,3.346918470104499e-05
4,0.011184274987399212,0.00011877803771223476,1.14462104217513e-05,6.5983559911187315e-06,1.0234763463229874e-05,6.732973738159755e-10,1.12814710327936e-06,0.0005945491046568721,3.180322211779599e-10,7.043583169049059e-07,3.1562352002137913e-06,0.038753805354133995,1.1165426149269785e-07,3.569706623468845e-06,2.7011810452194873e-07,2.4218863585986802e-08,0.7860622292139289,0.019750393816350284,1.1038963067569068e-06,2.710380250138788e-08,0.00032760946969559733,0.13955920341840813,1.7259749502859213e-05,0.0035608212155693957,3.2699872854186166e-05
5,0.009900855463550413,0.000114956966515674,9.678078742942555e-06,7.66628276825631e-06,9.167517836840501e-06,5.764109789123582e-10,1.025637286890631e-06,0.0006304160640536245,2.5729294863808425e-10,7.332960820903502e-07,2.96876900946174e-06,0.03420263836074837,9.755431045504206e-08,2.9943777068947784e-06,2.1755281785942918e-07,2.0950762211968933e-08,0.8036841461259373,0.02300532366840712,9.361184808721015e-07,2.6764297713725634e-08,0.00035295980206628423,0.12424965655146324,1.7957306484389114e-05,0.0037717827419833376,3.377321498402311e-05
6,0.010854894281019913,0.00011057327899218142,1.0478016895824624e-05,6.3950197051765e-06,9.058293416938663e-06,5.821601635735771e-10,1.0487228109179704e-06,0.0006131170063861069,2.9785981593658145e-10,6.844364108693117e-07,2.917220885427355e-06,0.035872578076130424,9.346696290709368e-08,3.011958563673507e-06,2.5293273292642634e-07,2.2800473059632914e-08,0.7983228571671537,0.018795209173391697,1.0665143356308097e-06,2.5090421136406398e-08,0.0003311183800218022,0.13151835514759586,1.6080981107843678e-05,0.0034966919698648335,3.346918470104499e-05
7,0.01333529864067041,0.00015193550895095315,1.4616640502886301e-05,6.4844029801085646e-06,7.125525179848607e-06,5.156565585724161e-10,1.5448674674643103e-06,0.0006885324793744037,4.0176781623231505e-10,6.011119501892971e-07,4.3954834185872745e-06,0.037833901765378784,1.680948645875723e-07,2.6845696311516982e-06,2.244419591304532e-07,1.6075793141883466e-08,0.7964034820320014,0.024575770558081127,9.043247343444167e-07,4.0208182252984565e-08,0.0002358740138184888,0.12162810327124353,1.2491013508595123e-05,0.005065682901748614,3.0121151135789463e-05
8,0.010702092440003273,0.00011259381203647516,1.0014926463129161e-05,5.324006275130782e-06,9.432114332875823e-06,7.59823272351095e-10,1.0570562564122322e-06,0.0005479683189919687,3.4072074481822546e-10,6.586764156561436e-07,3.937326949929041e-06,0.041864191893698666,9.851544509825061e-08,2.9714996275044643e-06,2.710622245176658e-07,2.1501915956990912e-08,0.7646927109510013,0.0222778802618501,1.1845014083837924e-06,2.5243161315670113e-08,0.0003427570051354616,0.15635654966000295,1.3760482386608974e-05,0.003027917926943439,2.657971692985927e-05
9,0.01057213978863098,0.00010823775332192414,8.567075074888571e-06,5.7516054665857845e-06,9.436465036826083e-06,7.779858563498616e-10,1.0413087592883688e-06,0.0005388032039481174,2.9483525159900927e-10,7.172253161597397e-07,3.385859744886012e-06,0.038746851361400714,8.291560932275732e-08,3.256101500245171e-06,2.9352595866955203e-07,2.6090000107790207e-08,0.7660881085399781,0.019949600799944227,1.2511985160033431e-06,2.2837066375087857e-08,0.000382581670515895,0.16080274359750807,1.746028866226946e-05,0.0027298845169092057,2.975519830998787e-05
10,0.010854894281019913,0.00011057327899218142,1.0478016895824624e-05,6.3950197051765e-06,9.058293416938663e-06,5.821601635735771e-10,1.0487228109179704e-06,0.0006131170063861069,2.9785981593658145e-10,6.844364108693117e-07,2.917220885427355e-06,0.035872578076130424,9.346696290709368e-08,3.011958563673507e-06,2.5293273292642634e-07,2.2800473059632914e-08,0.7983228571671537,0.018795209173391697,1.0665143356308097e-06,2.5090421136406398e-08,0.0003311183800218022,0.13151835514759586,1.6080981107843678e-05,0.0034966919698648335,3.346918470104499e-05
11,0.010766772296802677,0.00011316947919281736,1.0643203407446498e-05,6.383886922949315e-06,9.097768631760371e-06,5.815109733857825e-10,1.0531487582791797e-06,0.0006078279024920713,3.037193592898708e-10,6.770309781901831e-07,2.9649489752250923e-06,0.036170560030454074,1.008788275798339e-07,3.043938403054032e-06,2.4983385576546994e-07,2.194157240715387e-08,0.7981905793516514,0.01909385766758874,1.0470752308880855e-06,2.572536386834351e-08,0.0003184602805764171,0.1311005817316137,1.584827662210297e-05,0.00355437771459115,3.265500225692425e-05
12,0.006705969718862699,9.732278394595115e-05,5.32356665313369e-06,5.685320264771536e-06,1.2397562708656121e-05,4.954531469238998e-10,5.00841360193832e-07,0.00031145951292352016,8.47670163538996e-11,4.972999798052676e-07,1.7700968326800145e-06,0.03616677507780323,8.734229711998396e-08,4.083140742675521e-06,1.5727664716617633e-07,1.5629679712411505e-08,0.7931660854861178,0.019782279018904267,6.044038166899068e-07,1.2628077651961975e-08,0.00025476305463376027,0.14098475703096805,2.4119652732417095e-05,0.00245495081455193,2.038215927616022e-05
13,0.010480054429005438,7.782611948841697e-05,1.1834706116873008e-05,4.43938115223912e-06,8.403491392212759e-06,4.069147393519068e-10,7.843093046487138e-07,0.0005120471365118834,3.0728321538287197e-10,3.19848160726345e-07,3.7114440389267502e-06,0.055837926533112564,7.628675333159994e-08,3.194778027778156e-06,2.5287365408298046e-07,1.375712929370848e-08,0.7920183215696787,0.012302996648944685,1.1623847678473868e-06,1.804206735146383e-08,0.00029283394280310473,0.12634976272383608,9.659474282435044e-06,0.002058353555731249,2.600584984217797e-05
14,0.006032961952572907,0.0006000036016769975,1.1679801287220769e-05,1.0303224572918063e-05,2.049492244473785e-05,1.4651898793320265e-09,1.5054295065529585e-06,0.0009337125178427979,6.227454612354328e-10,3.317696117353073e-06,6.469902705484781e-06,0.01829020325214566,3.0112477735748364e-07,3.138195219374004e-06,2.903019216706302e-07,2.1778502851298856e-08,0.7251943843318518,0.04798786375293266,1.2971335820087624e-06,4.916990587099932e-08,0.0004904117959459623,0.19155523935466723,1.597736137244623e-05,0.00881794145478138,2.2429855731402003e-05
15,0.010854894281019913,0.00011057327899218142,1.0478016895824624e-05,6.3950197051765e-06,9.058293416938663e-06,5.821601635735771e-10,1.0487228109179704e-06,0.0006131170063861069,2.9785981593658145e-10,6.844364108693117e-07,2.917220885427355e-06,0.035872578076130424,9.346696290709368e-08,3.011958563673507e-06,2.5293273292642634e-07,2.2800473059632914e-08,0.7983228571671537,0.018795209173391697,1.0665143356308097e-06,2.5090421136406398e-08,0.0003311183800218022,0.13151835514759586,1.6080981107843678e-05,0.0034966919698648335,3.346918470104499e-05
16,0.010171218489034309,7.172134809239439e-05,1.4795657017824614e-05,3.1989158144607537e-06,8.695197780737204e-06,3.314664565111665e-10,6.665464930974485e-07,0.0004810093986103529,3.2565073660607226e-10,3.0060184493918944e-07,2.069092249211782e-06,0.035295358198359626,9.650691354074444e-08,1.982595927547074e-06,2.436187797839715e-07,1.3489780557645416e-08,0.8447354284784849,0.009069954375578183,7.52618588162777e-07,1.7394892937743724e-08,0.00013643403307450348,0.09635321402713104,9.008275824710773e-06,0.0036204109230664047,2.340955954353132e-05
17,0.010887039172776274,0.00011439015022445739,1.0644461857332225e-05,8.459317701664047e-06,9.74741773802654e-06,5.98889031099735e-10,1.072334596754675e-06,0.0006349788116975369,2.718040575271877e-10,7.09187185745303e-07,2.907510279420679e-06,0.03971010195533466,1.0281577790042752e-07,3.903211831590685e-06,2.2107408240624067e-07,2.2587792456081876e-08,0.7884491997273363,0.022493172165808744,1.0349834013122954e-06,2.804361793785844e-08,0.0003638402399980449,0.1338796745533334,1.9573292469988532e-05,0.0033704993882902115,3.867672617479266e-05
18,0.019478097957464472,0.00033866686123212213,0.00020720586415603318,7.16369825359844e-05,0.0003181879359322924,8.443673550974732e-08,1.5618077703463494e-05,0.00740678910704712,3.233336068801674e-08,1.2437715036605942e-05,0.00010263883020772834,0.11740228397752069,5.989090035070539e-07,3.9571538579101406e-05,7.511715783132085e-06,1.9153888358720142e-06,0.5365703487303837,0.020782062995372965,4.7398133689388e-05,8.72269572499282e-07,0.0038828138236310893,0.28790769109606623,0.00010846547225188719,0.005208563853598994,8.850599429898167e-05
19,0.022145097498715398,0.0001279358908809943,3.572289214037569e-06,4.960060506612892e-06,3.2195745308705277e-06,5.999554090943897e-10,1.6037107341676746e-06,0.00034778185873063106,1.67143935239768e-10,6.088876177763067e-07,3.1208486499079588e-06,0.013549091890367954,3.4665805172220884e-08,1.6392239628893495e-06,4.0363825645338117e-07,3.8299849169801605e-08,0.8559796948314343,0.02069915753382235,1.0907438719011946e-06,1.21829189410985e-08,0.0004936457106662915,0.08265118917054873,3.577632386558612e-05,0.0039009722452218493,4.935215272872696e-05
20,0.007225603230917011,0.0001043870050514529,7.548024333966406e-06,5.106722307672551e-06,8.37672551527436e-06,4.3630961429025257e-10,7.27399709919512e-07,0.000626605164250015,2.627099677632397e-10,6.530596185888904e-07,2.114588089655242e-06,0.027252736867950763,7.058296113592627e-08,2.418854597200238e-06,2.462114441115207e-07,1.7017992842227393e-08,0.7867518515019298,0.014069160818261126,1.0184043692055312e-06,1.9484070603448665e-08,0.00029774496789211543,0.16080880412398815,1.3127385965681309e-05,0.002795154110498301,2.6507049265832603e-05
21,0.016175098312909232,0.00012288786865610122,1.3989540410461788e-05,8.926854286351819e-06,1.1165848824094818e-05,1.0155294023772713e-09,1.6680666777933835e-06,0.000603037584366119,3.437817974724281e-10,8.775824252908137e-07,4.0404807681322526e-06,0.05536231341582802,1.4319603171789612e-07,4.960881731351781e-06,2.8368344353956386e-07,4.007715724960791e-08,0.763572195702786,0.026518900870404406,1.2492884403771158e-06,3.735484628671613e-08,0.0004100184598412721,0.13329939886583336,2.4270997326472838e-05,0.003823230897861995,4.1262809833104336e-05
22,0.008818047748753752,0.00017410193350974283,8.837613831227208e-06,4.1262176524598e-06,6.632279313090814e-06,1.1909053704204142e-10,4.661163650736757e-07,0.0012879925340942493,8.293915898181621e-10,1.5185149693042832e-06,2.1278595920140902e-07,0.015472883189153852,1.781307946347008e-07,1.0776085852583035e-06,4.2311234407216754e-07,2.056436808158355e-08,0.8927448271689442,0.0016162490697369774,1.487784437727461e-06,1.5143520024066065e-08,6.75908622581362e-05,0.07410627120377301,9.048008643382089e-06,0.005570875232265772,0.00010711622824468751
23,0.010854894281019913,0.00011057327899218142,1.0478016895824624e-05,6.3950197051765e-06,9.058293416938663e-06,5.821601635735771e-10,1.0487228109179704e-06,0.0006131170063861069,2.9785981593658145e-10,6.844364108693117e-07,2.917220885427355e-06,0.035872578076130424,9.346696290709368e-08,3.011958563673507e-06,2.5293273292642634e-07,2.2800473059632914e-08,0.7983228571671537,0.018795209173391697,1.0665143356308097e-06,2.5090421136406398e-08,0.0003311183800218022,0.13151835514759586,1.6080981107843678e-05,0.0034966919698648335,3.346918470104499e-05
24,0.013224219279830383,5.290531683719528e-05,9.626303283545226e-06,1.7254169875850153e-06,4.180291509631422e-06,3.294455442078152e-10,8.123127044753092e-07,0.0004100747522744631,3.920050273563244e-10,2.9165912069198594e-07,2.3132845716269776e-06,0.024108265616530046,3.992232103706212e-08,9.037490344196574e-07,3.8142381160310995e-07,1.752289080863788e-08,0.86226385287738,0.007104471804085575,8.0478870561846e-07,1.0522816706176585e-08,0.00018658454097685308,0.08916906776930546,7.0980979889908775e-06,0.003429349158393237,2.300286718935987e-05
25,0.010937259333911122,0.00011169687153404423,1.0486327046254503e-05,6.326506099896942e-06,9.10721749447158e-06,5.946931953482609e-10,1.051005562863469e-06,0.0006050178838131801,2.998934290106569e-10,6.924481115963725e-07,2.898386975012714e-06,0.03574939665254745,9.32302363318736e-08,3.035051520098864e-06,2.5814326159429793e-07,2.325836028138383e-08,0.7967352643844078,0.018792825575703036,1.0683632327262186e-06,2.4955810288845456e-08,0.0003318305513011278,0.13314546522534412,1.624715627210372e-05,0.003506086689138949,3.38438877288489e-05
26,0.00801659506225433,0.0002283441454765244,1.5047026015374427e-05,2.4669279761158023e-05,5.258785710778708e-05,1.0386054591099707e-08,2.5864438073711145e-06,0.001071043046103604,1.0746490855622032e-09,4.933052006447566e-06,8.312155735414108e-06,0.0957180986466758,8.529085693893602e-08,4.354461610439868e-05,1.4533865491475052e-06,4.2697469952497055e-07,0.3739103104604269,0.01724036994724143,1.3071483012229652e-05,8.972030279403847e-08,0.002955225619080833,0.49975262085632627,8.678935314840907e-05,0.0007422944827945426,0.00011148963380892597
27,0.010793803494602967,0.00010781183326470818,1.0586044339846282e-05,5.6752559088350875e-06,8.34283640102573e-06,6.200494099124402e-10,1.0119748896934626e-06,0.0007218915946208594,4.383876291281121e-10,7.853536923139219e-07,2.5695198984077702e-06,0.030258845046768398,7.503283477684262e-08,2.510760360295262e-06,3.196546124663264e-07,2.478904741908951e-08,0.7842048287538679,0.01583511999557187,1.2488732427905877e-06,2.5443491786606496e-08,0.000334916798393145,0.15429463168982335,1.3588213707490939e-05,0.0033617292888037617,3.965669341886684e-05
28,0.010854894281019913,0.00011057327899218142,1.0478016895824624e-05,6.3950197051765e-06,9.058293416938663e-06,5.821601635735771e-10,1.0487228109179704e-06,0.0006131170063861069,2.9785981593658145e-10,6.844364108693117e-07,2.917220885427355e-06,0.035872578076130424,9.346696290709368e-08,3.011958563673507e-06,2.5293273292642634e-07,2.2800473059632914e-08,0.7983228571671537,0.018795209173391697,1.0665143356308097e-06,2.5090421136406398e-08,0.0003311183800218022,0.13151835514759586,1.6080981107843678e-05,0.0034966919698648335,3.346918470104499e-05
29,0.010854894281019913,0.00011057327899218142,1.0478016895824624e-05,6.3950197051765e-06,9.058293416938663e-06,5.821601635735771e-10,1.0487228109179704e-06,0.0006131170063861069,2.9785981593658145e-10,6.844364108693117e-07,2.917220885427355e-06,0.035872578076130424,9.346696290709368e-08,3.011958563673507e-06,2.5293273292642634e-07,2.2800473059632914e-08,0.7983228571671537,0.018795209173391697,1.0665143356308097e-06,2.5090421136406398e-08,0.0003311183800218022,0.13151835514759586,1.6080981107843678e-05,0.0034966919698648335,3.346918470104499e-05
30,0.010854894281019913,0.00011057327899218142,1.0478016895824624e-05,6.3950197051765e-06,9.058293416938663e-06,5.821601635735771e-10,1.0487228109179704e-06,0.0006131170063861069,2.9785981593658145e-10,6.844364108693117e-07,2.917220885427355e-06,0.035872578076130424,9.346696290709368e-08,3.011958563673507e-06,2.5293273292642634e-07,2.2800473059632914e-08,0.7983228571671537,0.018795209173391697,1.0665143356308097e-06,2.5090421136406398e-08,0.0003311183800218022,0.13151835514759586,1.6080981107843678e-05,0.0034966919698648335,3.346918470104499e-05
31,0.011865726258462876,0.00010582180499836666,9.450955914793828e-06,5.942732225874974e-06,9.078750643177138e-06,8.961145670085701e-10,1.2402764353913713e-06,0.0005286692833452442,3.449462949168234e-10,6.915388608644296e-07,3.972014457716134e-06,0.03826654932719672,8.397180184137353e-08,3.2744972692574945e-06,3.8076763838233966e-07,3.0891613852678874e-08,0.7802312825753731,0.018296694124271113,1.2443135069393608e-06,2.4851021163240446e-08,0.00039001119157626657,0.14728633784639747,2.0886114628819077e-05,0.0029384419053397038,3.416276596040707e-05
32,0.010911541265047828,0.0001101643876671094,1.046575543020144e-05,6.137132816879777e-06,8.967041629532531e-06,5.91298637233334e-10,1.049528381954782e-06,0.0006248482756250667,3.242638047400075e-10,6.961169366872043e-07,2.8753076971569223e-06,0.035364525536417425,9.076449390710077e-08,3.003533801365185e-06,2.69099986299656e-07,2.3920743680535185e-08,0.7950647098563377,0.017553358741919923,1.1784334041992182e-06,2.50190251289974e-08,0.0003352363210633998,0.1366489173360738,1.5394857330287067e-05,0.0033027545802502114,3.37662723578527e-05
33,0.018122524528893447,0.00010018883729710459,2.239623777019729e-05,1.0033790660688341e-05,9.349991959684523e-06,1.0103635974150183e-09,2.0396577794766004e-06,0.000982426050951547,8.444905554395323e-10,9.395784870972465e-07,5.375128475387388e-06,0.049799544860944664,9.066362127602339e-08,3.332508136625161e-06,4.278836726640104e-07,4.28010663264722e-08,0.8006216921651926,0.02250646942567923,1.595982949278185e-06,4.3471027213580256e-08,0.0005924337892059795,0.10240526710747866,1.8823473720218488e-05,0.004718790711090258,7.616949908618767e-05
34,0.026153582717989524,0.00013558228800222437,2.2101275384613348e-05,4.921366587810154e-06,8.531571081799688e-06,1.1201825090300596e-09,2.1175721203680103e-06,0.0008997299274114121,1.6095618151732343e-09,9.19406469957857e-07,4.261041158386667e-06,0.04394239253684283,1.0974308436836468e-07,3.3486052548125433e-06,6.714737320264451e-07,4.4363567520107e-08,0.7374180768258698,0.015899728530422385,2.7334307798830017e-06,3.5498445550394244e-08,0.0003936407539225856,0.17101393899960796,1.0896579164668122e-05,0.0040167582724125375,6.58744909426155e-05
35,0.012496795741879781,9.915048129448106e-05,9.877128020143664e-06,6.986877203118258e-06,5.088183242076451e-06,3.51700705300616e-10,9.912526020030867e-07,0.000912240753626518,4.4291871895105877e-10,7.199999577183954e-07,2.489771949574056e-06,0.03317412062872625,8.006486161189212e-08,1.7064920613290746e-06,1.495514134546321e-07,1.175810614273235e-08,0.8023651443663704,0.02588441836619934,1.0488588123686132e-06,2.6614574856321875e-08,0.0003075716316221909,0.12100531140712449,7.590136574299023e-06,0.0036734958208637066,4.498331829467622e-05
36,0.009937373931451422,9.619233836654117e-05,9.876030985026322e-06,5.2823872070949536e-06,8.430823181769503e-06,4.4742367605764655e-10,8.406778022918832e-07,0.0005655443662295539,2.7119584076294635e-10,5.762081219496866e-07,2.328531533866005e-06,0.03534931903881266,8.518785031251624e-08,2.660972029014515e-06,2.332430224003503e-07,1.941910006402504e-08,0.814071570115955,0.014536913152969757,1.0102645079375458e-06,2.0320800630514027e-08,0.000282081977025678,0.12197838357350677,1.3070447294768195e-05,0.00310770006991921,3.0486203706981153e-05
37,0.010850135460479365,0.00011057538105367092,1.0476523824313416e-05,6.395948679039334e-06,9.059620611177069e-06,5.822916832694388e-10,1.0486389098113252e-06,0.0006132680889086715,2.9793954223779e-10,6.847296456938567e-07,2.9171651038324326e-06,0.035864541664918356,9.34566288726688e-08,3.011567996685637e-06,2.529936401268425e-07,2.2805153023907787e-08,0.7983220408491222,0.018792940940339235,1.0667000115690374e-06,2.509419424667863e-08,0.0003312058261439638,0.13153417385279684,1.6083005961169646e-05,0.003496508032932817,3.3470772714209726e-05
38,0.018862240134173185,0.00013433479459589684,1.140739854890766e-05,6.075373842398897e-06,1.0099053668248674e-05,1.6229077671248915e-09,2.180997009191744e-06,0.0005393889401114431,4.5021197584522897e-10,9.76680897791271e-07,5.254037223610427e-06,0.040072890582627654,1.0051174049525752e-07,4.17787277872393e-06,5.398114607481361e-07,6.159806528741996e-08,0.7423204606648894,0.02340725507834853,1.6716469056706703e-06,3.17121974366518e-08,0.00048129961656843013,0.17032862168443072,2.9250272024752346e-05,0.0037440186718047685,3.766079296678629e-05
39,0.010928264371462085,9.006454675985425e-05,1.4245425537242518e-05,9.788139170650464e-06,1.3673305679428104e-05,9.646418350107683e-10,1.2387651501292055e-06,0.0009101111760331503,4.596266768994623e-10,9.937561803104977e-07,3.858561049070526e-06,0.049430971296287256,8.225875743459402e-08,3.9469806837747006e-06,3.1964413489684577e-07,4.282927005771322e-08,0.7858043108916026,0.019206044081060917,1.794570446636923e-06,3.484719398495903e-08,0.0006136243402989139,0.12983474200564418,1.9663332239576472e-05,0.0030673615818664216,4.482186922311013e-05
40,0.015413077611285702,0.00011712126132202572,1.0979679246534538e-05,3.928340220253024e-06,8.29218179595272e-06,6.127313503405791e-10,9.863202642150445e-07,0.00041769155913154085,3.082467503969101e-10,4.4209481211164153e-07,2.947495417097433e-06,0.04461548614967646,7.309636040465353e-08,4.1113916428842474e-06,3.2144397385591394e-07,2.0307509771653435e-08,0.7284635857365725,0.01596784676886166,1.2292948686103646e-06,1.7368323720765512e-08,0.000291208562859544,0.19225411255011662,1.2947498012272566e-05,0.0023791144877968852,3.4457878951269446e-05
41,0.013990699015053308,0.00012875724223390997,2.524171682926372e-05,7.0639679857060365e-06,1.8217608917732065e-05,1.1172975888847358e-09,1.3248519217071012e-06,0.0009432728405030437,9.131842429983066e-10,1.1329569686832644e-06,2.948567185696883e-06,0.04104777656632821,1.1496487683646406e-07,4.5078547947199075e-06,5.933608189871084e-07,5.2629435848558616e-08,0.774014286102846,0.012826432329761535,1.8558723471116636e-06,3.507073817500497e-08,0.00041834279120514024,0.15174061566073607,1.6862837685851405e-05,0.004752068428215294,5.7794732129269464e-05
42,0.035857919360096954,0.00021836974056421599,6.303810277100731e-05,3.206877208026896e-05,2.2104540316571518e-05,2.063047658701499e-09,2.8927847769645426e-06,0.00022826531527453037,2.9035370749475775e-10,5.831963504777164e-07,1.2330626319525793e-05,0.13703834922617894,1.1773455156126574e-06,1.5834503196555873e-05,8.492490315234931e-08,1.1731668035018434e-08,0.5881563263173025,0.1955869704891119,1.7544100102893832e-07,5.634812595482915e-08,0.00024036704973965002,0.027753226509429386,3.8967709781302995e-05,0.014655775007147645,7.510260494643977e-05
43,0.012165570878163364,0.00011057246158314631,1.1686052708062476e-05,6.171483997689161e-06,8.224450409374703e-06,4.882483251367318e-10,1.0697154975598165e-06,0.0005572542409581755,2.708544102520885e-10,5.4599167635822e-07,2.929474634590433e-06,0.03914072895010368,1.0563771100367449e-07,3.105483305522726e-06,2.1881983517408802e-07,1.8994839678856545e-08,0.8059343815927112,0.019168016544710325,9.225709539590514e-07,2.5197636337079956e-08,0.00027369947421322204,0.11892448747462431,1.4930469454756362e-05,0.0036425301034294943,3.280317774025657e-05
44,0.010854894281019913,0.00011057327899218142,1.0478016895824624e-05,6.3950197051765e-06,9.058293416938663e-06,5.821601635735771e-10,1.0487228109179704e-06,0.0006131170063861069,2.9785981593658145e-10,6.844364108693117e-07,2.917220885427355e-06,0.035872578076130424,9.346696290709368e-08,3.011958563673507e-06,2.5293273292642634e-07,2.2800473059632914e-08,0.7983228571671537,0.018795209173391697,1.0665143356308097e-06,2.5090421136406398e-08,0.0003311183800218022,0.13151835514759586,1.6080981107843678e-05,0.0034966919698648335,3.346918470104499e-05
45,0.011508191713539074,0.0001204614985741876,1.0187209600420632e-05,7.893474947347827e-06,8.790108429245594e-06,6.408985743266403e-10,1.08865068396157e-06,0.0005642586568172862,2.584565554119304e-10,7.190604976860249e-07,3.2462776141132975e-06,0.040459493335817165,9.239296346157042e-08,3.588610310232939e-06,2.2317354655782793e-07,2.2660658416947297e-08,0.7831542038899174,0.025570981427915206,9.972410891880826e-07,2.7173682915076113e-08,0.00039720678207592837,0.1347971870911746,1.8656948256307242e-05,0.0033323861367294694,4.009558580474044e-05
46,0.029133736325474627,0.0003171939623961006,3.5696959862263814e-05,1.8173653384368982e-05,2.574402201583834e-05,7.735418763529096e-09,6.175117200872804e-06,0.0010711519126161647,1.6667739680130738e-09,3.297776317167791e-06,1.1679140059476362e-05,0.08242656270980901,2.0048743994738167e-07,1.9283222950152384e-05,9.739148891017602e-07,1.9594929065808755e-07,0.48117326197254723,0.05956523529123268,4.160739205900635e-06,1.2007309840978078e-07,0.0012257175833528381,0.34027354451833425,5.9018962025967375e-05,0.004512781186537129,0.00011608511776715807
47,0.01032002495723596,0.000113029508551496,1.0846875844058165e-05,7.091384451122805e-06,9.82442577984251e-06,6.078950136835247e-10,1.0807525701573086e-06,0.0006583363855989078,3.0722020419570265e-10,7.306863146857584e-07,3.0355777459794956e-06,0.03540861049149174,9.783240128045058e-08,3.1707092829406487e-06,2.5727504300065217e-07,2.357959456806891e-08,0.8010440290222878,0.01931960510101016,1.0887997338394171e-06,2.666373238998908e-08,0.00034964064858237457,0.12903312940352352,1.7435399688858892e-05,0.0036645811495261012,3.4302454893824667e-05
48,0.008588531687378206,0.00010288778417484381,7.52706527954519e-06,4.961880973552469e-06,7.454050109274738e-06,3.8342032026812024e-10,8.000693652489915e-07,0.0005762905072843937,2.3317427782096754e-10,5.926076801613915e-07,2.128041302920598e-06,0.027148545965876965,8.063949539040788e-08,2.2369572985051643e-06,2.2093612499561262e-07,1.7429128988511627e-08,0.8228275165307103,0.013671728394982515,1.00851376348426e-06,1.872535488474172e-08,0.0002629048040247807,0.12368600820126145,1.3041533528388826e-05,0.00306994804058549,2.5549017721071798e-05
49,0.010273223627564138,9.918062793967965e-05,1.2154552879322552e-05,6.6204355510844205e-06,1.0655842528669951e-05,6.825592108220933e-10,9.993752521230632e-07,0.0006018979875471834,3.1414835908244104e-10,6.54674926775087e-07,3.2283309728925247e-06,0.04697173519916639,9.958110649744769e-08,3.5694229585857323e-06,2.4352847926062277e-07,2.3103960495198434e-08,0.7722599462592109,0.019787117736163075,1.0834136422705955e-06,2.800856914030156e-08,0.00034367972901843844,0.14657863267191082,1.5239744999854258e-05,0.002998674549290545,3.1310599654328813e-05
50,0.014828028069510113,0.0001705473148832285,1.373574614212964e-05,7.96198540058282e-06,1.1815410349057439e-05,1.1829457699239607e-09,2.107388306675709e-06,0.0009444611384475327,6.299924591191296e-10,1.6051261961273243e-06,3.205328011910039e-06,0.035728244501709264,1.1870411947386151e-07,5.2010002100610105e-06,4.2235385613255783e-07,5.8332273061613005e-08,0.6929688278071672,0.020291353499257668,2.4697467064574093e-06,4.111031063658177e-08,0.00046582527385652264,0.2308171169277183,2.173095459374383e-05,0.003666843296854524,4.827717118143658e-05
51,0.010715723555879013,0.00012772488723008637,1.0633490710260501e-05,8.854637687908353e-06,8.884929630459643e-06,5.831605421962925e-10,1.2609060707318018e-06,0.0008251188543199519,3.2959875005642245e-10,8.315611918945315e-07,3.5466633449503797e-06,0.03908052972271048,1.0290314305914834e-07,3.470687012658532e-06,2.0387119601995153e-07,1.8644610708810095e-08,0.7615431608824043,0.028065653565403907,1.2083158589321903e-06,3.162568961413195e-08,0.0004131429876389358,0.15566254351339817,1.509999948122777e-05,0.003477672084998643,3.458079762869285e-05
52,0.00968296067471596,9.969196894885108e-05,9.884684570665827e-06,5.687253719172274e-06,8.58830833703546e-06,4.291285835205794e-10,8.584485892843382e-07,0.0006037030061590833,2.6026731192813633e-10,5.908666047159509e-07,2.3760332437127378e-06,0.03393547434423053,8.08717727406371e-08,2.7025945155448284e-06,2.3427785663188185e-07,2.0064605273433943e-08,0.818681771178212,0.014219755263763015,1.0479659547866348e-06,2.0836996602518082e-08,0.0003031990358462464,0.11922031750367551,1.3906055869472497e-05,0.003175409986999617,3.17180854179628e-05
53,0.01655871496450443,0.0001447101871628165,1.3334486556602864e-05,8.249982961700507e-06,6.562877314141767e-06,1.149435688198429e-09,2.710563107348858e-06,0.0007104316895186593,5.519271282146849e-10,1.00257146452388e-06,5.3183145817852536e-06,0.02925927765641494,1.1720558460429199e-07,3.1730644184544756e-06,4.3485867848706733e-07,4.693000417852581e-08,0.774426486018,0.026597148104469698,1.2409181704797481e-06,5.22030955030331e-08,0.0003895576277626049,0.1468116444800749,2.9590577346107404e-05,0.004984144972699607,4.604804474527537e-05
54,0.02008504558672777,0.00018062007149383582,1.5004972911343496e-05,6.998367270806061e-06,8.645203659475485e-06,1.1280161117745787e-09,1.9617377519069377e-06,0.0005611195965504016,4.886656380091255e-10,1.1502598499736747e-06,2.96766265428862e-06,0.04774953378228055,1.1907142158991768e-07,5.858779184525086e-06,4.354631079779119e-07,5.624362768088069e-08,0.7028890057560818,0.020729035939495426,1.5711184418044324e-06,3.8958766887003046e-08,0.00040853120892697816,0.20386164165426382,2.404378912830924e-05,0.003399233143479683,6.738001624145882e-05
55,0.008605761845677715,0.00011240346284716916,8.404663842087455e-06,6.680928627213587e-06,1.1370329340754143e-05,6.539567038400545e-10,1.0144956999918772e-06,0.0006524309812897318,2.479032913100026e-10,8.063051255487946e-07,2.6759667931221735e-06,0.028323435786990103,7.617213970413172e-08,3.443600150216637e-06,3.2055735096241295e-07,3.253766302997418e-08,0.7971382034930181,0.014140494018206011,1.3458099734136017e-06,2.2950091811888954e-08,0.00039380713160659534,0.14746817837888615,2.2688723954396384e-05,0.00307678516697619,2.9615791889867926e-05
56,0.010680904674177547,0.00011351412738140409,1.0726385903569459e-05,6.312398237827401e-06,9.204465560856558e-06,5.813801262504169e-10,1.051966897749446e-06,0.0006085145511530796,3.072483106734796e-10,6.766781800106196e-07,2.958896561586855e-06,0.03590957107044626,1.0286107535354219e-07,3.036460236789181e-06,2.521240167450009e-07,2.198394175776272e-08,0.799323226571841,0.018756016329064828,1.0558396076876331e-06,2.5816615110082336e-08,0.00031435513415504563,0.13063874067148917,1.5656911887256203e-05,0.0035721365284093623,3.193666453159974e-05
57,0.007053415264131874,7.404893963161153e-05,1.0617477318760889e-05,4.355220878094647e-06,1.0830336350235456e-05,3.9198494721537955e-10,5.52690536987288e-07,0.0006058022506435116,3.0013549818499603e-10,5.852941704621007e-07,1.800234277839746e-06,0.04431243404143867,7.660431854873024e-08,2.5935042848100236e-06,2.1220830616612888e-07,1.8740398787007983e-08,0.8044183861172304,0.009926555970843668,1.2770491051375894e-06,1.7514173528932824e-08,0.000286117182373293,0.13106419362572821,8.279705023341318e-06,0.0021923180512548185,2.5511285460773902e-05
58,0.009855737832649501,0.00010560490338496945,9.630672328741699e-06,5.632842421622843e-06,8.186471586022847e-06,4.679506771939369e-10,9.352087179628173e-07,0.0005785021363654268,2.6304165148969e-10,6.118039742777591e-07,2.6023504226785376e-06,0.03136842174829949,9.06323454201055e-08,2.4607182370845567e-06,2.291891550214337e-07,1.87635983015873e-08,0.8186309914629627,0.017307359380427798,9.021441864882845e-07,2.1870591834620146e-08,0.00028677372186949434,0.11804343467328446,1.4543583520486006e-05,0.0037479668031893307,2.9340355488419484e-05
59,0.010250885562145623,0.00010180493415799773,1.0721537694919032e-05,5.6521575278377965e-06,8.289918958285181e-06,4.5801272991503264e-10,9.507938259140038e-07,0.0005786722054397838,2.6181230039727004e-10,5.921544682578515e-07,2.621714128839095e-06,0.03209659778467615,9.14723185829002e-08,2.419925486994287e-06,2.186351094906504e-07,1.8738974896459555e-08,0.8232884650255532,0.018050073486209947,8.354312050881287e-07,2.231861326574753e-08,0.00028337579050622655,0.11116877732691666,1.4140177344918006e-05,0.004105207324549565,2.9564864362381583e-05
60,0.010854894281019913,0.00011057327899218142,1.0478016895824624e-05,6.3950197051765e-06,9.058293416938663e-06,5.821601635735771e-10,1.0487228109179704e-06,0.0006131170063861069,2.9785981593658145e-10,6.844364108693117e-07,2.917220885427355e-06,0.035872578076130424,9.346696290709368e-08,3.011958563673507e-06,2.5293273292642634e-07,2.2800473059632914e-08,0.7983228571671537,0.018795209173391697,1.0665143356308097e-06,2.5090421136406398e-08,0.0003311183800218022,0.13151835514759586,1.6080981107843678e-05,0.0034966919698648335,3.346918470104499e-05
61,0.010219742282133503,0.00010323113385696097,1.113667755802225e-05,5.647140930339412e-06,8.489537766809207e-06,4.714026330363359e-10,9.403396485601533e-07,0.0005792455408786219,2.7542329113580924e-10,5.861653624439535e-07,2.701564395168321e-06,0.03438002526172537,9.22209835411304e-08,2.562340951635367e-06,2.253754100979641e-07,1.901873414717249e-08,0.8166699025311225,0.017571108480523172,8.905509706722188e-07,2.3196009812909342e-08,0.0002891326631484911,0.1162983114866923,1.3668949426639614e-05,0.0038120126425676354,3.0304152377515648e-05
62,0.010854894281019913,0.00011057327899218142,1.0478016895824624e-05,6.3950197051765e-06,9.058293416938663e-06,5.821601635735771e-10,1.0487228109179704e-06,0.0006131170063861069,2.9785981593658145e-10,6.844364108693117e-07,2.917220885427355e-06,0.035872578076130424,9.346696290709368e-08,3.011958563673507e-06,2.5293273292642634e-07,2.2800473059632914e-08,0.7983228571671537,0.018795209173391697,1.0665143356308097e-06,2.5090421136406398e-08,0.0003311183800218022,0.13151835514759586,1.6080981107843678e-05,0.0034966919698648335,3.346918470104499e-05
63,0.01076465791981489,0.00011809174376802734,1.0075564833084746e-05,6.124482862308838e-06,8.508846942348668e-06,5.539926698179682e-10,1.042254770694365e-06,0.0006004502725502409,2.95955635233821e-10,6.739210865752862e-07,2.8957101997088403e-06,0.033648793331593624,9.635185145294042e-08,2.846114028711407e-06,2.514255549587723e-07,2.1178072324178e-08,0.799311004390335,0.01892528969286436,1.0281509525234015e-06,2.5080542616389844e-08,0.00031320119209561116,0.13263565837960317,1.5466494699916974e-05,0.003601206616075956,3.259003495375257e-05
64,0.009934209907112426,0.00010578190666452324,9.514657024964364e-06,6.314575412015662e-06,8.918917322669595e-06,5.607821583563896e-10,9.694519696497233e-07,0.0006148409107734554,2.876644368686143e-10,6.93004660975581e-07,2.9823275849080976e-06,0.034210850381444745,7.853676048054624e-08,2.7683651639659115e-06,2.647465494412241e-07,2.2463742744740804e-08,0.8084723796414062,0.01802393426330415,1.1010826537631413e-06,2.2163397151229562e-08,0.00039844368327832065,0.12482648651837075,1.565485267221744e-05,0.0033303490205676555,3.34177737162146e-05
65,0.010216089615375235,0.00010046564315928711,1.283024366995923e-05,1.5674127455151477e-05,2.4708099700906234e-05,2.1804176086754635e-09,1.1710171570836813e-06,0.0005871208451804048,2.790879085229378e-10,1.1765713945151702e-06,5.450979384680963e-06,0.08974347411156758,1.117422492315817e-07,9.606053544138074e-06,2.7802686010410183e-07,5.3347446473660994e-08,0.6866247274511297,0.04042085214671128,1.608389565700699e-06,3.9086772217443963e-08,0.0008795975278189318,0.16906101404175466,3.7476098858174005e-05,0.002209515946731201,4.69564270078095e-05
66,0.011826459306049888,0.00011938919146552688,1.2452321867852453e-05,7.523087480001794e-06,1.0319539002457063e-05,7.589811588715017e-10,1.2815814281741452e-06,0.0007236553816981358,3.9577205626877535e-10,8.686841219313675e-07,3.258647660898804e-06,0.04110033366639161,1.1316588157378658e-07,3.658282955521112e-06,2.763316402209781e-07,3.023731682587248e-08,0.773535120480742,0.020280204998010448,1.3777849705613237e-06,3.385797607243217e-08,0.000365261499444449,0.1485090576960325,1.701698261511171e-05,0.003444900115388914,3.7406005106102275e-05
67,0.010626106964651334,0.00010944214718539426,9.944358945727972e-06,5.974411942363285e-06,8.668268358983509e-06,5.280486561494417e-10,9.939970750603956e-07,0.0006271857405640196,2.962239117791276e-10,6.707719474530743e-07,2.768026807316975e-06,0.03410715719792343,8.868179369549431e-08,2.7382947321994047e-06,2.4456573641734067e-07,2.070544926454154e-08,0.8007225218079452,0.018122350335219847,1.0625958295167397e-06,2.3168086705336492e-08,0.0003209605441504398,0.1317781724117755,1.4447268272444086e-05,0.0035063794340240134,3.207747731110501e-05
68,0.011038972624246402,0.00010831263142900427,7.7256901513061e-06,7.784548733722988e-06,6.290139763843386e-06,7.648390099160676e-10,1.1157567784900559e-06,0.0004709780061107093,2.415071787624834e-10,6.312053515481265e-07,4.582358448430436e-06,0.03456554175170439,8.144218917911977e-08,2.2297649670353737e-06,2.1479315519699963e-07,1.8328545483179352e-08,0.7945699059979634,0.036697376553497155,6.78200210465223e-07,2.941884296146533e-08,0.00039696273874545,0.11840379244855727,2.0913195555510707e-05,0.0036595739531217427,3.628744558501288e-05
69,0.010893544430923269,0.00010750581620286538,9.179860471010442e-06,5.547087185758066e-06,9.641258901885907e-06,5.96300388286707e-10,9.782913580909296e-07,0.0005532335582442063,2.689179730223177e-10,6.217297973859234e-07,2.878165876348928e-06,0.037149277334654146,8.93323900968004e-08,3.2084907708929223e-06,2.6678861890031427e-07,2.1538980939063585e-08,0.7858015283001535,0.017618618240325356,1.0942337132071024e-06,2.025048955470495e-08,0.00031686169470130775,0.14433781570707732,1.633681018496506e-05,0.003142624303571311,2.9105910189314912e-05
70,0.010848665838812187,0.00011054872707548126,1.0469314064037632e-05,6.392004805480681e-06,9.054471722472146e-06,5.817062893072569e-10,1.0482262950408098e-06,0.0006131990119944582,2.9773690105434094e-10,6.843686685343629e-07,2.9162322512659945e-06,0.03584250614647267,9.341963210521235e-08,3.008410515827326e-06,2.528740271365465e-07,2.2785577005389334e-08,0.7984114761991068,0.018787882174310877,1.0662447521369766e-06,2.5073430278950254e-08,0.00033104204853865647,0.1314728771852083,1.6073989916946934e-05,0.0034972480147138687,3.344635866535107e-05
71,0.014960510753450696,8.526525177467394e-05,1.095145968026256e-05,9.237738953119169e-06,4.598545437059661e-06,4.431184156192334e-10,1.9225159274406385e-06,0.0006921037952317632,2.4913988820472743e-10,5.020629475624843e-07,4.277928423935587e-06,0.03358432453053319,1.0327016337237092e-07,2.3806202279330804e-06,1.69892034639104e-07,2.43035694012267e-08,0.8393494080232485,0.02502791747965064,8.541679163480539e-07,4.307288141459921e-08,0.0003184804967803572,0.08183429855769507,2.0230399604362557e-05,0.004062799961922702,2.9594479687291168e-05
