,0,1,2,3,4,5,6,7,8,9,10,11,12,13,14,15,16,17,18,19,20,21,22,23,24
0,0.0014465189802762694,0.0007988798589761164,5.622238299638708e-07,0.0001840695073305172,7.826302387918813e-06,1.0978251740583952e-05,0.010439375699558233,0.11705828281786919,3.423769436465575e-06,5.5599200170133454e-08,0.006914045381230867,0.6339222706780447,0.0002097159264097539,4.889545506801783e-06,0.0001033164727489531,0.0033225685112348714,0.026537919147187228,4.871972311077667e-06,0.0004692027828432088,2.1099156633924797e-08,8.482821778949247e-06,0.19849625411924088,4.892022735771062e-08,1.1506941987464611e-07,5.6304542053147466e-05
1,0.0011100333106567072,0.0007365596216909596,5.063668523380242e-07,0.0001357378686538872,7.054685844392648e-06,1.877479096634143e-05,0.012462652824550531,0.13532257768505787,9.261034253953974e-06,1.126757125501413e-07,0.006623542968393819,0.5007526979485752,0.00023508553746379008,7.279142361014814e-06,0.00016032190661046484,0.003802815727546913,0.012748980179218295,5.582742066489472e-06,0.0008216893710063639,3.170008577053541e-08,8.980777317090717e-06,0.3249441585459593,4.7438279127689844e-08,1.3231119727075456e-07,8.538283967947388e-05
2,0.0010056386234333547,0.0007746837398673567,4.508562477617094e-07,0.00012105072763839791,7.517695420553369e-06,1.6104387852587646e-05,0.00922418406069594,0.1288374394015584,8.607776686176381e-06,1.0269062305489784e-07,0.006967070644729728,0.5047358960397967,0.00018706965484839968,8.618898052920458e-06,0.00016955866812227134,0.0028793899668572284,0.012108320065017934,4.255453920567105e-06,0.0005497480004393107,3.02556662859904e-08,7.11616096042337e-06,0.3322973786500758,4.094764837922234e-08,1.0991427982845597e-07,8.961671956068261e-05
3,0.0011384969197691765,0.0007634210831142481,4.348131297462304e-07,0.00012603174889808086,6.794233466569279e-06,1.6365283567781286e-05,0.010207825252782354,0.12066366714715927,7.248014095461084e-06,8.628116138904342e-08,0.007157832244091289,0.5160353360398661,0.00020946576843073315,6.646476912704443e-06,0.00014525432906409015,0.002832764462230121,0.013396670534964985,4.390591574232028e-06,0.0005997906070461338,2.5540183197836974e-08,7.381605670960446e-06,0.3265989026138482,4.035405936432775e-08,1.0894481710108945e-07,7.501911009665436e-05
4,0.0011406001203719957,0.00076211517153739,4.6708453200152296e-07,0.000122199437281495,6.647045971635445e-06,1.533435670686875e-05,0.010370112834969159,0.11986739937415523,7.24203182916824e-06,8.739212179340631e-08,0.00721520310846327,0.5153037870873164,0.0002303207221248443,7.202614958443296e-06,0.00013535368474677792,0.0026925668525459964,0.013013676677542657,4.561469960960117e-06,0.0005794792124501621,2.7826536076872544e-08,7.756574367676994e-06,0.32844406189438347,3.919468937965351e-08,1.1194879518938462e-07,7.364628164197804e-05
5,0.001224490395555402,0.0007700581358782159,4.877323636982818e-07,0.00015511972344808156,7.741172682576662e-06,1.79805601207821e-05,0.01115488032998044,0.12987513003468057,7.581083765836387e-06,9.790981516838418e-08,0.007505054983467935,0.5162901769982418,0.00023792801998818425,7.120897350575571e-06,0.00014054764545187734,0.0029931938560061985,0.014145183799428565,5.872036684855133e-06,0.0006654825328486029,3.072017093056872e-08,8.328809495438389e-06,0.31471684797710886,4.860868711664689e-08,1.2479445489208383e-07,7.049124232337756e-05
6,0.0011384969197691765,0.0007634210831142481,4.348131297462304e-07,0.00012603174889808086,6.794233466569279e-06,1.6365283567781286e-05,0.010207825252782354,0.12066366714715927,7.248014095461084e-06,8.628116138904342e-08,0.007157832244091289,0.5160353360398661,0.00020946576843073315,6.646476912704443e-06,0.00014525432906409015,0.002832764462230121,0.013396670534964985,4.390591574232028e-06,0.0005997906070461338,2.5540183197836974e-08,7.381605670960446e-06,0.3265989026138482,4.035405936432775e-08,1.0894481710108945e-07,7.501911009665436e-05
7,0.0016856316407006635,0.0007050136796816891,4.843906204037906e-07,0.00012686948475752215,5.777077808962125e-06,1.568902056033518e-05,0.012655760552976958,0.1189297899384162,6.044506595660726e-06,6.956072020054103e-08,0.009216779300858187,0.46728057629789865,0.0003872772468672706,4.748132398558532e-06,0.00012657805617608906,0.002281961759111131,0.011417322383014525,5.151441332961101e-06,0.0006759999767420317,2.808044571093009e-08,7.841803042360033e-06,0.37441758984511875,2.986751320296967e-08,1.002775463082443e-07,4.688567909563808e-05
8,0.001179953866190385,0.0007927233765847702,4.95623194101784e-07,0.00013293671758258076,7.228012781478808e-06,1.4817148903402438e-05,0.007978549977455757,0.10691304764870875,7.021734042035236e-06,8.98274924301068e-08,0.006434535962797579,0.5574143470948691,0.00018536277537386706,7.173683808176536e-06,0.00014917343652028723,0.0029382706176687774,0.01477805192412598,3.7008365249616206e-06,0.0004629525938668967,2.5551254623506385e-08,6.1935584262020394e-06,0.3004995523252462,4.4121475562794926e-08,1.339286105648846e-07,9.361765649546808e-05
9,0.0010774461874570066,0.0008028570451179747,4.668619621044774e-07,0.0001276072140700486,6.909703482452161e-06,1.5467412966564468e-05,0.009370869207272274,0.12149773262537841,7.320328705109785e-06,9.532700561375793e-08,0.006761822540802857,0.5235698729070039,0.0002000393951111932,7.44171497683867e-06,0.00014563755996438788,0.002999488383394922,0.013905647479308081,4.292433990070581e-06,0.0005729908792200903,2.6948923359268238e-08,7.362412730403267e-06,0.3188341438954378,4.180825823884372e-08,1.1783399962930577e-07,8.430189346069576e-05
10,0.0011384969197691765,0.0007634210831142481,4.348131297462304e-07,0.00012603174889808086,6.794233466569279e-06,1.6365283567781286e-05,0.010207825252782354,0.12066366714715927,7.248014095461084e-06,8.628116138904342e-08,0.007157832244091289,0.5160353360398661,0.00020946576843073315,6.646476912704443e-06,0.00014525432906409015,0.002832764462230121,0.013396670534964985,4.390591574232028e-06,0.0005997906070461338,2.5540183197836974e-08,7.381605670960446e-06,0.3265989026138482,4.035405936432775e-08,1.0894481710108945e-07,7.501911009665436e-05
11,0.001191702567962119,0.0007492828358582021,4.5068165835777135e-07,0.00012579908715777363,6.646238635551664e-06,1.5597431708795546e-05,0.010357224298741526,0.11566513621628216,7.066872666334036e-06,8.29567474814996e-08,0.007131662919278234,0.5217273100134631,0.00023205379971146428,6.416605516851264e-06,0.00013986223612831122,0.002819603168036524,0.013219775692812073,4.417343482756108e-06,0.0005906749919767202,2.676733843253433e-08,7.384641576062449e-06,0.32592956322096395,3.924216022536323e-08,1.1564533679870767e-07,7.210452480026313e-05
12,0.0012316487155334963,0.0007377866157142006,8.792561717274985e-07,7.203890212666375e-05,3.090548843486615e-05,1.805318206654058e-05,0.006866046385459793,0.07743319068559512,1.2074734425117065e-05,1.0018837326502392e-07,0.012025862106100996,0.6115457548392623,0.00012746459065174064,1.9268178094351108e-05,0.00011605192938693445,0.001760091851968352,0.022095835521872012,4.048197465548346e-06,0.00019113343753469607,4.862641150980092e-08,1.2541804609544265e-05,0.2655097060714003,8.332744098219203e-08,2.469864327725084e-07,0.0001891383774671907
13,0.0009577114952042112,0.0006241407243671231,3.323158956291583e-07,6.961904689134753e-05,5.240028840708898e-06,8.80690563250013e-06,0.005934671966570398,0.1122626990490826,5.044099521575781e-06,5.031452030680746e-08,0.008872964404380304,0.5388287037419512,0.0001551053514550778,7.353488156194471e-06,0.00011917140820058186,0.0015339087792620065,0.009576048544380619,2.6651777631292257e-06,0.00030758020505895127,1.8887706006731774e-08,5.2627095130274664e-06,0.32065704117580257,1.9770869128517493e-08,6.318920462674765e-08,6.577721977021989e-05
14,0.0010806307653488895,0.0014948969817734853,5.147116402208529e-07,0.00019227191682151773,1.4987346417050697e-05,1.7914757063375207e-05,0.012407859242844316,0.12607489193543112,6.723507016857722e-06,1.3516644506746504e-07,0.013754169312248491,0.4380519837096024,0.0003268671602185757,9.394359888434131e-06,0.00013241861148812156,0.002388804602180804,0.02248310612048566,8.030964415248053e-06,0.0012634208092804297,3.703311575490139e-08,1.8591482825953818e-05,0.38020718247332674,5.426897422690186e-08,1.5210964801081322e-07,6.49606514991012e-05
15,0.0011384969197691765,0.0007634210831142481,4.348131297462304e-07,0.00012603174889808086,6.794233466569279e-06,1.6365283567781286e-05,0.010207825252782354,0.12066366714715927,7.248014095461084e-06,8.628116138904342e-08,0.007157832244091289,0.5160353360398661,0.00020946576843073315,6.646476912704443e-06,0.00014525432906409015,0.002832764462230121,0.013396670534964985,4.390591574232028e-06,0.0005997906070461338,2.5540183197836974e-08,7.381605670960446e-06,0.3265989026138482,4.035405936432775e-08,1.0894481710108945e-07,7.501911009665436e-05
16,0.0011860238486195932,0.0007775231116072282,4.6435353805922017e-07,0.00013106279564720685,7.245709262284139e-06,1.7127074820915296e-05,0.010667412476031654,0.12151698329320752,7.416737783323424e-06,8.861491941693107e-08,0.007228776062617135,0.5163972047802472,0.00021817491195500084,6.583925051725669e-06,0.00014317536438867307,0.0029438118855828212,0.014132935945661415,4.544055250213605e-06,0.0006097404461262797,2.679077100488471e-08,7.781172971975988e-06,0.3239194069035155,4.3345844988302564e-08,1.1806235641114055e-07,7.632833222263554e-05
17,0.0008160324100080935,0.0011566081933812907,2.877164037569348e-07,0.0002403450811373186,4.6708958427451285e-06,2.655430113694646e-05,0.007296283217348248,0.18943260215079058,8.066039641792418e-06,2.1678389436602692e-07,0.004358174530831959,0.362194845604962,0.00014806762687260354,4.582382914488077e-06,0.0004662253049949423,0.007399806575649936,0.012366606169130132,3.7759481129145124e-06,0.0015529018969500084,2.3782361178445652e-08,4.335049840012687e-06,0.4124246794878177,4.156789831965474e-08,7.8903229957979e-08,9.418837884879199e-05
18,0.001663288055173147,0.0007114669499616927,1.4207905820113124e-07,0.0017547132487786981,2.1621240766804763e-05,5.617521075992528e-05,0.013038498530074865,0.23052962338195782,6.457845728503347e-06,8.450431845808892e-08,0.015808853952736186,0.1221925770393955,0.000718185028406443,1.1009366487773608e-06,0.00019693045803422464,0.000821816240370252,0.00571740931971624,9.574882992683923e-06,0.0014481673834742248,4.055337685446048e-08,2.2890791790721966e-06,0.6052962679083309,2.692352123811299e-08,4.651907308650166e-08,4.642728166225408e-06
19,0.0021705553098708445,0.000522983161179293,6.425115319750645e-07,4.5371820424194737e-05,4.693913037692447e-06,8.955608578286869e-06,0.01335106085306425,0.16534362518794132,3.747085157541759e-06,4.146336843294638e-08,0.017574095741664925,0.4970402731334563,0.0002908185431272821,6.620288234265717e-06,7.89458510463057e-05,0.0030620483520469675,0.020209178588037037,9.513718913415825e-06,0.0007652335881629941,2.645696627680863e-08,2.8155481325517672e-05,0.2794144562530819,4.4167749184866494e-08,1.19671271416213e-07,6.879325076250626e-05
20,0.0009643451982166585,0.0007644694008875636,3.211082178525683e-07,0.00010793322321843783,4.9540455546755225e-06,1.5046658550946007e-05,0.007837513861988782,0.12922616923053976,6.892851001051027e-06,8.88087080811846e-08,0.006999548808709097,0.40618956745752544,0.00020783735013962272,6.6758298543934525e-06,0.00015269939865286043,0.002027392753205373,0.009597682331981243,3.450361560938818e-06,0.0005492711707728329,2.387191012344501e-08,5.485580456710456e-06,0.4352733602273137,2.6114031744564144e-08,7.033574319247925e-08,5.917402125897788e-05
21,0.0011785793086480992,0.0006064568858244898,5.811600909392992e-07,0.0001011792115507343,5.75799895737069e-06,9.249553645875204e-06,0.009553728853715011,0.1092297937140172,5.018088956270069e-06,6.300107604852277e-08,0.006107632957393522,0.6468953593089413,0.00020591028686394879,7.318042738456985e-06,8.624513156801061e-05,0.0031325792409787855,0.014875991883046665,5.159878502317168e-06,0.00039165010991701733,2.6503317230450237e-08,8.071569118047513e-06,0.207518220885726,3.887420333818029e-08,1.2859826448190696e-07,7.525895293870451e-05
22,0.0009524133528292137,0.0006586760420937118,3.3579260271351205e-07,0.00011398114554313759,6.885338291864484e-06,1.5301896625753673e-05,0.01142427970996381,0.08735830482009171,9.925246476331033e-06,6.431683942090332e-08,0.006154146050180851,0.5951794560908886,0.00018980030017765794,5.856198720717888e-06,0.00016871435944106362,0.002626187292717937,0.008502180829784692,3.101625662366599e-06,0.0005208627561258121,2.2529590636111793e-08,5.091020601317304e-06,0.28601671905450826,3.4193823547051664e-08,1.2926554250801642e-07,8.75307708763504e-05
23,0.0011384969197691765,0.0007634210831142481,4.348131297462304e-07,0.00012603174889808086,6.794233466569279e-06,1.6365283567781286e-05,0.010207825252782354,0.12066366714715927,7.248014095461084e-06,8.628116138904342e-08,0.007157832244091289,0.5160353360398661,0.00020946576843073315,6.646476912704443e-06,0.00014525432906409015,0.002832764462230121,0.013396670534964985,4.390591574232028e-06,0.0005997906070461338,2.5540183197836974e-08,7.381605670960446e-06,0.3265989026138482,4.035405936432775e-08,1.0894481710108945e-07,7.501911009665436e-05
24,0.0009310829039315548,0.0009851709713393408,3.892162621905662e-07,0.0001766987269614006,6.289236773825598e-06,1.603483768078475e-05,0.00947901832172236,0.14057572524112663,6.415770925819808e-06,1.1181627780821933e-07,0.006613769000896018,0.48227044817075637,0.00020267385501235245,7.468441406341816e-06,0.00015731127380262948,0.0029677503291109697,0.014947968835571838,4.962819544366636e-06,0.0007736764647256777,2.5148021590618738e-08,7.315730726534869e-06,0.3398012523995361,4.2029080218550605e-08,9.409984507089884e-08,6.830435896197401e-05
25,0.0007346044381024153,0.002011292778090522,2.5319826909707075e-07,0.00014538391050798193,4.641869397230887e-06,2.688253554921403e-05,0.006397790047207573,0.016144148158263056,1.6507378956162853e-05,2.0258587646081333e-07,0.0018184187941700089,0.34399386205718563,0.00018849259498629803,3.2611663172332156e-06,0.0009534959776798284,0.005909684459780775,0.01311575460238306,5.838321584545646e-07,0.001678305963973873,1.3543961699661157e-08,2.4477683430432962e-06,0.6065272269896301,4.111999183232658e-08,3.188450159390456e-07,0.00032638538420236437
26,0.0015230087789073715,0.0006870395979409931,6.560130630293023e-07,0.000153876749624963,1.122290358230589e-05,2.0783447952377673e-05,0.012559976752702847,0.09934189733791632,1.008740913968905e-05,9.2365505057381e-08,0.007652790442768187,0.5874625621122838,0.00024901930429544123,7.3840570229385205e-06,0.00012728151255279592,0.0031539886233126163,0.015688673149865613,6.207063994655596e-06,0.00054963607070749,3.647418525214191e-08,9.125476744127984e-06,0.27068879540130825,7.235178934499682e-08,2.3060781120261811e-07,9.555599502346609e-05
27,0.0010072916069838852,0.0006884472614897408,3.1092389990894586e-07,0.00012589297769535686,5.622529568423613e-06,2.0111809920030596e-05,0.008485057791909858,0.12114650418684,9.510596849379173e-06,9.390643291468278e-08,0.006315440786963984,0.43887095504932444,0.00018363210262689996,5.938317942825009e-06,0.00018382481017580494,0.0024069028099643975,0.00848625119133485,3.534123072728233e-06,0.0006048105670101582,2.3095071215381624e-08,4.6602766091473814e-06,0.4113743081234686,3.2605588363533043e-08,8.969448059413869e-08,7.075285477614967e-05
28,0.0011384969197691765,0.0007634210831142481,4.348131297462304e-07,0.00012603174889808086,6.794233466569279e-06,1.6365283567781286e-05,0.010207825252782354,0.12066366714715927,7.248014095461084e-06,8.628116138904342e-08,0.007157832244091289,0.5160353360398661,0.00020946576843073315,6.646476912704443e-06,0.00014525432906409015,0.002832764462230121,0.013396670534964985,4.390591574232028e-06,0.0005997906070461338,2.5540183197836974e-08,7.381605670960446e-06,0.3265989026138482,4.035405936432775e-08,1.0894481710108945e-07,7.501911009665436e-05
29,0.0011384969197691765,0.0007634210831142481,4.348131297462304e-07,0.00012603174889808086,6.794233466569279e-06,1.6365283567781286e-05,0.010207825252782354,0.12066366714715927,7.248014095461084e-06,8.628116138904342e-08,0.007157832244091289,0.5160353360398661,0.00020946576843073315,6.646476912704443e-06,0.00014525432906409015,0.002832764462230121,0.013396670534964985,4.390591574232028e-06,0.0005997906070461338,2.5540183197836974e-08,7.381605670960446e-06,0.3265989026138482,4.035405936432775e-08,1.0894481710108945e-07,7.501911009665436e-05
30,0.0011384969197691765,0.0007634210831142481,4.348131297462304e-07,0.00012603174889808086,6.794233466569279e-06,1.6365283567781286e-05,0.010207825252782354,0.12066366714715927,7.248014095461084e-06,8.628116138904342e-08,0.007157832244091289,0.5160353360398661,0.00020946576843073315,6.646476912704443e-06,0.00014525432906409015,0.002832764462230121,0.013396670534964985,4.390591574232028e-06,0.0005997906070461338,2.5540183197836974e-08,7.381605670960446e-06,0.3265989026138482,4.035405936432775e-08,1.0894481710108945e-07,7.501911009665436e-05
31,0.001086466139843397,0.000766255195877815,4.001631831360395e-07,0.00013433692641522745,8.07055116230828e-06,1.8916832430719573e-05,0.010553336597712938,0.1046260494434671,8.895482258189053e-06,8.965381540413236e-08,0.007447164003954215,0.5117388471645776,0.000209577216635836,6.827703444010985e-06,0.0001716174225599981,0.0026140151504930593,0.012318466441953705,4.088592144724036e-06,0.0006440960813335172,2.6117607547511526e-08,7.143346461677395e-06,0.3475543787640388,4.275359206697907e-08,1.2134979665591305e-07,8.077090524010086e-05
32,0.0011469662712717515,0.0007884784839710271,4.3826884393151687e-07,0.0001347472882534596,6.8478731927492085e-06,1.7110831734736596e-05,0.010647633417186034,0.123279104783877,7.482736557851256e-06,9.317028187588951e-08,0.007242287684774763,0.5012729511211147,0.00022380417569434837,6.5759310419676626e-06,0.00015772218122397835,0.0030605769634996587,0.01370992252848695,4.683584136764064e-06,0.0007101466828554709,2.680833989443727e-08,7.988247749303212e-06,0.33749906778538097,4.2581232255291367e-08,1.1487648444101011e-07,7.518572281423209e-05
33,0.0005081022278081705,0.0015122868263381137,1.3158076217376382e-06,0.00016657927223310935,8.293093658251043e-05,0.0002436155209760488,0.016945484495920846,0.09715801588824224,0.000435747907492821,2.3051737562716016e-06,0.006528631269341408,0.23843438814937648,9.747699475829195e-05,8.907697858609432e-05,0.002820014986781646,0.005024025069537466,0.0061655447430443155,4.191141406957524e-06,0.0018200775195951102,1.8980690352774885e-07,1.809458323039711e-05,0.6200894635948292,4.065098654937282e-07,6.78283086582902e-07,0.0018513563126853433
34,0.002839138105859033,0.0004936730398909953,5.569584083254679e-07,0.0001436477796359663,8.188355323108876e-06,1.9364451832789004e-05,0.01521299543648665,0.10290878349032576,8.72117953900831e-06,5.3360288853034204e-08,0.013850252054528422,0.49267494769334885,0.00045107474131465613,4.124986318187839e-06,0.00019225646712014156,0.002094587598659308,0.009447610206223383,6.600950930140187e-06,0.0008292217143759319,2.9373849703843947e-08,8.89529482610349e-06,0.35875479225181645,3.836612272267174e-08,1.521347783482842e-07,5.029400819723949e-05
35,0.0012316395946621779,0.0004935975755344754,2.961102245937177e-07,9.218375467053676e-05,3.267430322566543e-06,1.4864076144517853e-05,0.008591963025496004,0.13914567944920364,5.717758667149389e-06,6.459063642929067e-08,0.005806348242301569,0.4918269416797083,0.00018708598599836867,3.965997034208324e-06,9.325433522340084e-05,0.0028545785819541806,0.008912135154114056,5.0614199038509744e-06,0.0005618055600276772,1.7107571001115766e-08,4.689755709337103e-06,0.34011779378768053,2.5087985374122192e-08,7.264230981040517e-08,4.6951296916315175e-05
36,0.0015191669262474162,0.0008398657734956833,6.088947994389424e-07,0.00015417099321220567,1.2552834781230225e-05,2.0117728441775687e-05,0.01306439837350399,0.10301406250113897,9.012343536964281e-06,8.519413922711713e-08,0.01062119081504831,0.5598683564216133,0.00026622064462740653,7.325571388532274e-06,0.00017156843166330027,0.002744588411831617,0.015918462719231478,5.291525228477708e-06,0.000672823241748884,3.336162790543171e-08,1.1279918906023076e-05,0.2909848134417732,6.297848155179005e-08,1.9219895211531062e-07,9.374875458113926e-05
37,0.0015909033417846044,0.0005963912586581301,6.532691074933829e-07,0.00010954484376840468,7.5195487370125715e-06,1.3598061672741059e-05,0.012860198270831675,0.09327228593506456,7.163255233563223e-06,6.582602681085629e-08,0.007386164833965863,0.6164136557365895,0.0002801622277068928,6.733061575280392e-06,9.550182666423188e-05,0.0027691377990240293,0.014177992517478992,5.759917290341105e-06,0.0004635021589326504,3.0172301200174724e-08,9.172919275263246e-06,0.24985754448115394,4.740385972438363e-08,1.7324872413485323e-07,7.609808457292278e-05
38,0.0015294044905821912,0.0007092682776874982,5.022824936151554e-07,0.0001657721061934272,5.658067057039743e-06,2.3785015263522068e-05,0.016889694811955784,0.1331516302365398,8.143641789950438e-06,1.0532153271811079e-07,0.006194567526166609,0.490022418685787,0.0003120139145707255,4.732357877664077e-06,0.00018556872309741948,0.005175336934554532,0.015007681051482955,6.920927650774524e-06,0.001173014579540544,3.0703547384564194e-08,9.872621646578003e-06,0.3293545148663918,5.8046640831154965e-08,1.4103490131382518e-07,6.916377504840791e-05
39,0.0012845275932851,0.0005623476333709022,4.6536916578917973e-07,0.00010263326399199816,4.525853836172368e-06,1.5743332141609377e-05,0.010177952987628273,0.16642059851135915,5.07609365790604e-06,7.199709763395801e-08,0.006260132938632757,0.5140028887006015,0.00019440662417774432,4.944483633923828e-06,9.634340561062775e-05,0.0034778294751124997,0.014035822291332897,4.910943808838716e-06,0.0005173229149719469,2.1558476495945963e-08,8.091672302138445e-06,0.28276597401699544,3.78713369706476e-08,8.463282099304451e-08,5.724583465047211e-05
40,0.0011333545073095254,0.0007664621685940057,4.3417015684495233e-07,0.00012832886852353484,6.806276954841569e-06,1.651902913919706e-05,0.010312892131486128,0.12265351390052207,7.290232288661114e-06,8.780167519448081e-08,0.007153649945293808,0.5140037260680878,0.00021010448574042384,6.664223226849347e-06,0.00014592584683676007,0.002885254446184631,0.013458073203889847,4.498496199768686e-06,0.0006164471504445742,2.577458715321676e-08,7.476136665109183e-06,0.32640742850089605,4.101586436788012e-08,1.0979877624965057e-07,7.488582065674835e-05
41,0.001192190110365357,0.0007624299859029468,4.035127759259618e-07,0.00021071326995681118,1.047498174858993e-05,2.5231084510808758e-05,0.009750642754929723,0.12015442871909077,1.07794860772582e-05,1.0488717657063676e-07,0.007563836035412604,0.511559905757733,0.00017838679512586345,6.354507693347598e-06,0.00025745190149571105,0.0026518348912710574,0.011354339952361035,3.959565703104401e-06,0.000644890984842262,2.5735896862739684e-08,5.160004582315142e-06,0.33357387629905266,4.92901995000838e-08,1.1668567969351855e-07,8.241280041620215e-05
42,0.0006412494119829849,0.00029845341147231456,2.8006974412305637e-06,0.00012126544467932804,0.0001140586011231652,5.872323706908141e-06,0.024571180502042614,0.021236899965973367,1.835726559914234e-05,4.3778897441946145e-08,0.010804417820595744,0.9244498117647547,6.808156176822296e-05,9.441961340252492e-05,2.8588859359513127e-05,0.0007029581234560676,0.010226902758963709,3.2604603330633725e-05,7.66766599513606e-05,8.570389002760543e-08,4.6529804289653454e-05,0.006180930492261948,8.131049396158273e-07,1.34391566965662e-06,0.00027565381044809535
43,0.0010593730552805392,0.0008354346249620416,4.4499778105202706e-07,0.000141135073845826,7.362359754985728e-06,2.3070812129761367e-05,0.009810124364067939,0.14655997827613743,9.241177765165762e-06,1.3615324007350122e-07,0.007123406097911242,0.41304950035982485,0.00020631181943219743,7.588128128409564e-06,0.00019112792482146068,0.003118374265814038,0.012834619635174698,4.6809413960762535e-06,0.0007901800790071932,3.011943391605283e-08,8.369558274745476e-06,0.40413828259508205,4.63274104593591e-08,1.067778996020845e-07,8.10744754241927e-05
44,0.0011384969197691765,0.0007634210831142481,4.348131297462304e-07,0.00012603174889808086,6.794233466569279e-06,1.6365283567781286e-05,0.010207825252782354,0.12066366714715927,7.248014095461084e-06,8.628116138904342e-08,0.007157832244091289,0.5160353360398661,0.00020946576843073315,6.646476912704443e-06,0.00014525432906409015,0.002832764462230121,0.013396670534964985,4.390591574232028e-06,0.0005997906070461338,2.5540183197836974e-08,7.381605670960446e-06,0.3265989026138482,4.035405936432775e-08,1.0894481710108945e-07,7.501911009665436e-05
45,0.000988972738627806,0.0009300201214287309,5.088435561150505e-07,7.676460791970021e-05,6.028486912469261e-06,1.1111912083868961e-05,0.007540465968427158,0.10441022664039921,5.2376461326182185e-06,8.499218321809759e-08,0.007467178786692889,0.5454554272216301,0.00017226898485123358,9.670219011494459e-06,8.882336653839654e-05,0.002429814421250136,0.0186356157997034,4.104975539701455e-06,0.00044852484554565346,2.283943820894894e-08,1.0198218714987922e-05,0.31121242849355,3.909967354622209e-08,1.1171729835993798e-07,9.634905289103978e-05
46,0.001231960562509431,0.0007907442626443519,3.96247332478351e-07,0.00012582023638699232,5.582474754099113e-06,1.3094380525653112e-05,0.00802648890319536,0.10970545549377932,4.514032841231862e-06,6.73310011891433e-08,0.006454150066006355,0.5353741574247896,0.0001976528858025142,4.8509380158168e-06,0.0001258875456371655,0.0028986458709374194,0.017758644548206307,3.455334913573504e-06,0.000498125135854427,1.9684642463204337e-08,6.10502530454484e-06,0.316711265958583,3.4552382072354295e-08,9.327765023633044e-08,6.27878263043432e-05
47,0.001071471530311364,0.0007348412198101725,3.2012547313223025e-07,8.067199994173495e-05,4.024614018832124e-06,1.1117578570269163e-05,0.008100607925332981,0.09219544969754882,5.218903706224586e-06,5.8105656407632244e-08,0.005509954438307332,0.5378167794169563,0.0002006705746856064,4.444828776655635e-06,0.00010904577792870752,0.0026769658304567757,0.011423481193941843,2.796421452263472e-06,0.0004426360215081425,1.8165768861744048e-08,4.680996585505244e-06,0.3395399018428782,2.3117432174155443e-08,8.843252596771425e-08,6.473124042588645e-05
48,0.001166506113584953,0.0007227569369323789,4.4629613728704124e-07,0.00012247463903474826,7.167075398114226e-06,1.6531326670645742e-05,0.010441795355183544,0.1173430155007277,7.689051766953272e-06,8.324304570684903e-08,0.00743513449790969,0.5263932383727631,0.00021259260906963997,6.749911881186051e-06,0.00014559193803714618,0.0027578195829063928,0.012669974552903057,4.436776226247478e-06,0.0005790871573566484,2.6381299896047567e-08,7.4569535750016676e-06,0.3198822914738659,4.063908928576379e-08,1.149899132306192e-07,7.697862472153014e-05
49,0.001242440182415667,0.0006397983334122119,4.425996617534044e-07,0.00010499661320988312,6.269655841908527e-06,1.6302149640057596e-05,0.00920598274885563,0.11451103101769063,6.6068592799919344e-06,6.929966406565087e-08,0.007079867070706385,0.5530643297777548,0.00019251739771993415,5.925046033842705e-06,0.00011112226742040448,0.00234861079699972,0.012097989351671258,4.00742357391798e-06,0.0004057904849848619,2.3120066586613004e-08,6.140088523907765e-06,0.2988816414281749,3.671930522384654e-08,9.81346643429286e-08,6.796143272813429e-05
50,0.0008661996222913023,0.0008311145457687948,4.288922876219089e-07,0.00012415651078366034,5.37899112812642e-06,1.8699080901668453e-05,0.011658473644397684,0.16006618741318526,8.706681413161239e-06,1.3413735172517308e-07,0.005779865965124302,0.42468890502695944,0.00021514516720750948,8.128072384645303e-06,0.00015105854268160628,0.0030873708940228114,0.011067851475722444,4.676330753967295e-06,0.000792065383286825,2.790410526590183e-08,8.17507591206394e-06,0.380546229313403,3.62539273579626e-08,8.286075476163928e-08,7.090221424509152e-05
51,0.0006625783325981542,0.0011762480145475801,2.4867881847210056e-07,0.00014820794814967,3.6231233231337195e-06,1.1020496349064413e-05,0.004946421145602993,0.1586655791302185,4.372870523499679e-06,1.0186682698954556e-07,0.005523365282722971,0.4260426204532242,0.0001439347493110985,6.924759327324158e-06,0.00014509752560975077,0.0018922786344146216,0.009709819332046834,2.9054847011666155e-06,0.0004902477013172942,1.711193706568862e-08,3.351379776168542e-06,0.390370176358834,1.8641029445023104e-08,4.103849525549313e-08,5.0799940294701584e-05
52,0.0009707714301702207,0.0006853506553045793,2.902685089533932e-07,0.0001793742191949583,4.2233509783206536e-06,2.3419428594537797e-05,0.006875360745388098,0.1835989078626358,8.68313582774065e-06,1.9429938991494177e-07,0.005549362837811927,0.316383019341658,0.00020177526751272623,5.932196728267945e-06,0.00024394198698902855,0.00396952508730037,0.008253324138187091,6.791506072183397e-06,0.00119108621747453,3.048047688351003e-08,4.735603476078557e-06,0.4717867334158166,3.418786664151192e-08,7.601027647395326e-08,5.705632636010142e-05
53,0.0010628057108927641,0.0005169518962115291,3.9068536324538214e-07,9.672412544180887e-05,5.748447484951746e-06,1.6010660278112053e-05,0.016002942952459333,0.11418014648334864,8.362955641698269e-06,5.330326898027699e-08,0.006075867279978665,0.6137404846761952,0.00019481084823869422,5.772019042678208e-06,0.00011220077310879637,0.0026883212633948767,0.00939388804955777,4.3351520433239615e-06,0.0004421076637226796,2.340664261403553e-08,6.6814563785884146e-06,0.23537737869155245,3.9906047989007e-08,9.94731796441981e-08,6.785212052488298e-05
54,0.0005960899356741387,0.0008626218607693406,3.279404749441309e-07,7.691982569949128e-05,4.699687985202316e-06,1.0202357294157471e-05,0.006769066818446779,0.09305740214389709,7.95333485937849e-06,9.214847693231215e-08,0.0040073167060114875,0.5942203078640611,0.00011826403143762655,8.468919558997952e-06,0.00016305264742421237,0.003445344834611297,0.00981461590981119,2.1869203067074546e-06,0.0004159397579386995,2.0793154303483735e-08,4.189588823212123e-06,0.2862833851124664,2.647853436041904e-08,9.615585089275175e-08,0.00013140822643219592
55,0.001138687562134515,0.0007461012440728972,4.322340858232381e-07,0.00012508347394108812,6.803022716514526e-06,1.6239510064272982e-05,0.010342205274065722,0.11831526492189737,7.3113438055369056e-06,8.346176119866474e-08,0.007124826441044024,0.5259541383307876,0.00020884393688991572,6.564651745721608e-06,0.0001429347711999369,0.0028106682712249827,0.013110159535793479,4.373957576253066e-06,0.0005879373854398581,2.530642679387416e-08,7.2676115559798665e-06,0.31926893357013764,4.0264364294002535e-08,1.1058562958901481e-07,7.49633316391295e-05
56,0.0011619945110633227,0.0007527967157012029,4.3953254241740415e-07,0.00012448694178977238,6.643002346381565e-06,1.6087245938169475e-05,0.01031929149466844,0.11850062601764,7.199435613427107e-06,8.425613337138875e-08,0.007159229117196308,0.518047555945959,0.00021909176053493536,6.555759812377724e-06,0.0001413888689932878,0.002787802867708211,0.013171471416930645,4.418714268084347e-06,0.0005937019232880191,2.59839211254748e-08,7.387798532670927e-06,0.32689828426475753,3.9898459338380565e-08,1.1109431912707971e-07,7.328543188292101e-05
57,0.0010124754523868807,0.0008618715709676205,4.145696119068539e-07,0.00010838744145782871,5.061265829939309e-06,1.2312567164650287e-05,0.010346635209427303,0.10966252813076528,5.797510110123782e-06,8.223588677378914e-08,0.006459774518264566,0.5169521931732541,0.0002519822220250186,5.68678779204188e-06,0.00013041697110072973,0.0033537924442434363,0.01404917805301701,3.961265305570865e-06,0.000810934298367151,2.2994193797114115e-08,8.66904685456907e-06,0.335886719465874,3.131265550522124e-08,1.1159920338331757e-07,7.095989424062772e-05
58,0.0012291943293758958,0.0007601760081614679,4.843293786881586e-07,0.00013133983409235157,7.867000756245968e-06,1.676726880594229e-05,0.01112242492322139,0.10463058156541517,8.139554480250986e-06,8.558195206169101e-08,0.007479453290230693,0.5449151589171766,0.0002429039704831118,6.684430495402306e-06,0.00014896703405660287,0.0029918882775213903,0.013520555440328347,4.64665953153027e-06,0.0006373714362819453,2.9469178649657606e-08,8.243289480006168e-06,0.3120536756949613,4.681727474630175e-08,1.5155635417448775e-07,8.316332100615315e-05
59,0.0012062792206960988,0.0007875043851919328,5.135686460565356e-07,0.00012779278708251234,8.01171471134964e-06,1.6538376473274125e-05,0.010761705378635102,0.11080174626333948,7.893379600023361e-06,9.076879138580095e-08,0.007378560114952198,0.5400625557634026,0.00022856337659743297,7.2280504568646455e-06,0.00014285933199260117,0.0030596514568004387,0.0145837285538679,4.7118402913140985e-06,0.0006063080127509811,2.9710830711186e-08,8.633802932827189e-06,0.3101123509564087,4.7655830417761605e-08,1.4569900961108985e-07,8.65498307083824e-05
60,0.0011384969197691765,0.0007634210831142481,4.348131297462304e-07,0.00012603174889808086,6.794233466569279e-06,1.6365283567781286e-05,0.010207825252782354,0.12066366714715927,7.248014095461084e-06,8.628116138904342e-08,0.007157832244091289,0.5160353360398661,0.00020946576843073315,6.646476912704443e-06,0.00014525432906409015,0.002832764462230121,0.013396670534964985,4.390591574232028e-06,0.0005997906070461338,2.5540183197836974e-08,7.381605670960446e-06,0.3265989026138482,4.035405936432775e-08,1.0894481710108945e-07,7.501911009665436e-05
61,0.0012511050076621357,0.0007558521428061972,5.351102911695705e-07,0.00012669936214517252,8.200819134709162e-06,1.6940676679834288e-05,0.011050731308942135,0.11099419646293548,8.213316034448076e-06,9.01517478674952e-08,0.00762548198220755,0.5431779783776828,0.00023306766814865727,7.3876715247014916e-06,0.00013951278849704966,0.0029702325005350194,0.014206110621362015,4.930878176223061e-06,0.0005995452908902421,3.030863031427194e-08,8.89683139046383e-06,0.30672715117343036,4.90242957052245e-08,1.507334756121397e-07,8.690979137421237e-05
62,0.0011384969197691765,0.0007634210831142481,4.348131297462304e-07,0.00012603174889808086,6.794233466569279e-06,1.6365283567781286e-05,0.010207825252782354,0.12066366714715927,7.248014095461084e-06,8.628116138904342e-08,0.007157832244091289,0.5160353360398661,0.00020946576843073315,6.646476912704443e-06,0.00014525432906409015,0.002832764462230121,0.013396670534964985,4.390591574232028e-06,0.0005997906070461338,2.5540183197836974e-08,7.381605670960446e-06,0.3265989026138482,4.035405936432775e-08,1.0894481710108945e-07,7.501911009665436e-05
63,0.001072206205639013,0.0008392303887373494,4.115510504732331e-07,0.00012480463155602664,6.40036107583771e-06,1.55081988552939e-05,0.009562886326346958,0.11778984028606809,6.849228082939644e-06,8.85158369935613e-08,0.006883414100644703,0.5092490056088513,0.00020673843643046372,6.58437762772435e-06,0.0001460330736145546,0.0028407013330026777,0.013665253003172017,4.10697544743907e-06,0.0006122495891097803,2.477111979219829e-08,7.07570457352293e-06,0.3368853485282613,3.803402518654339e-08,1.0546025730251535e-07,7.509531061321603e-05
64,0.0011909508509813673,0.0008014732481144119,5.150162577722307e-07,0.00011840343602687255,7.346428625329951e-06,1.527071636788781e-05,0.011300117084003719,0.120159550925993,6.902099224588413e-06,8.691228086938584e-08,0.007744904179523341,0.5263006134929646,0.00023457099504924667,7.373294629417758e-06,0.00013246245304790932,0.003017341226694825,0.015767436997569023,4.973665781826874e-06,0.0006457519882162407,2.8634060794227503e-08,1.0109255860851011e-05,0.31245448208644766,4.5371866023546624e-08,1.2558393844165535e-07,7.916405647400449e-05
65,0.0014813104793609626,0.0007131765925270061,4.2170020011255226e-07,0.00018674934981617345,8.127007256975383e-06,2.2553948733519828e-05,0.012155838515165916,0.12897497947966102,6.980811074506443e-06,8.177844824744056e-08,0.008568564040381442,0.5201556313201334,0.0002231541358306398,4.8852215200757006e-06,0.0001828759944790359,0.003200567134794671,0.016046649193297433,5.5753387751307696e-06,0.0008294989743024622,2.3504429390891588e-08,8.17034707257743e-06,0.307160547137245,5.5420492856558436e-08,1.1684219436100648e-07,6.34657328068726e-05
66,0.0011273274632577499,0.0007716005122407867,4.2652493303735207e-07,0.00012721270282790655,6.804817477583227e-06,1.6568325765488306e-05,0.010065622241486476,0.11942485366950922,7.298371838906544e-06,8.679170208036918e-08,0.007128103966347748,0.5160407752515378,0.00020468314441442981,6.641340736671825e-06,0.00014820289944851223,0.002829211517992156,0.013472314819428047,4.3295837338573254e-06,0.0006051560901901021,2.5106499675510218e-08,7.2885307192413e-06,0.3279291843686288,4.094869308764531e-08,1.0931331012049097e-07,7.613169728043281e-05
67,0.002035394524210847,0.0008878356548295602,2.461225143804391e-06,0.0002032145124726711,1.614922632466944e-05,1.7800996142987195e-05,0.016284238756205438,0.19578990399769594,6.2743867205039995e-06,1.9045301587930905e-07,0.010303251693448036,0.5261314878611137,0.00041194418809295335,1.804619192198758e-05,9.456012796493723e-05,0.005942554321817791,0.047792422159980176,1.817973349919714e-05,0.000760752288363527,9.891333994659592e-08,4.948291961705352e-05,0.19311098585641862,2.0574784398560564e-07,3.81916567826152e-07,0.0001221823472479807
68,0.0008239982548447274,0.00047177960858153084,7.387153958838807e-07,0.00011512291370877947,1.5032443099062442e-05,1.8346686299411713e-05,0.012974289477752908,0.06110845469403824,1.788413041382276e-05,8.107387134920816e-08,0.005212055101457584,0.7603199639868876,0.00015113615290661357,1.3957054828273478e-05,0.0001086436442560203,0.001899146706101105,0.007881230267562035,3.814440446017523e-06,0.00021269283417967854,3.9098239906168854e-08,6.131986861258787e-06,0.14849046720614895,7.33648612009669e-08,2.516739869491277e-07,0.0001546684832708525
69,0.001150747108020237,0.0007979167897518239,3.621348277490543e-07,0.0001327624362563875,6.901878924758209e-06,1.6456412841953287e-05,0.009617886118524136,0.1047711674248298,7.050236257918712e-06,7.684337120983762e-08,0.007228646727196004,0.5091918762633727,0.00020609656863723928,5.490480095995933e-06,0.0001638813608533922,0.0026112090213490924,0.013080604845043814,3.5955727205890408e-06,0.0006062290090623051,2.2005362625485713e-08,5.95838038821773e-06,0.35032375438723923,3.5889075373741614e-08,1.0369698499109296e-07,7.116840901262171e-05
70,0.0010591118778037261,0.0008471062761145232,3.989745403001779e-07,0.00010161826022876698,5.095322250729312e-06,1.4201332522173804e-05,0.009249828158311884,0.11987754755195282,6.0256263596325676e-06,9.684123563578718e-08,0.006486914359167388,0.48063779972214854,0.00021753275713687584,6.21796603738292e-06,0.0001359221315540737,0.0037103132294376987,0.01509283399963324,4.646465486364478e-06,0.0007709513278028862,2.4918371700280013e-08,8.446278344397717e-06,0.3616893202264018,3.621700776664118e-08,1.0884720071315787e-07,7.790133294909632e-05
71,0.0007987093173374654,0.0007910169820994045,5.559126387463124e-07,9.438132206521384e-05,9.282182871886854e-06,1.4330344749983622e-05,0.01344365156180227,0.13237131533785737,1.0390742834588632e-05,1.0232071863801476e-07,0.0069901038054564005,0.5581469238575025,0.00019508478020771673,1.2778567578434417e-05,0.00011435990002040817,0.00294241405001622,0.012167331014885471,5.446131704841371e-06,0.000510217475715702,3.9589031394310795e-08,1.1408549770972844e-05,0.27126526099705617,4.7693165620586853e-08,1.3460272657206714e-07,0.00010471296018588037
72,0.0011420607678457391,0.0007601022933863577,4.448369120008699e-07,0.00012234399178011836,7.576360795274195e-06,1.5340264285026656e-05,0.008992550173857725,0.11516185522297066,7.242509878718714e-06,8.396203403676933e-08,0.007877123976757244,0.5305529055469493,0.0001946294481905569,7.346163124010096e-06,0.00013866655258433532,0.002570293151999279,0.01374465966382692,4.360287170431307e-06,0.0005407913217551402,2.5533557592838744e-08,7.458013097568981e-06,0.31807027860680165,4.212037441344557e-08,1.202132286460795e-07,8.16990168372957e-05
