,0,1,2,3,4,5,6,7,8,9,10,11,12,13,14,15,16,17,18,19,20,21,22,23,24
0,0.007824533595004438,7.915639618948335e-05,2.0629449746221248e-05,2.929502604501176e-06,1.719430329207586e-05,6.211034254461803e-10,6.125550710695264e-07,0.0007131261878104129,7.412363656624825e-10,3.7637481445798856e-07,4.607703896315758e-06,0.05008607536115553,8.99541025173126e-08,2.0369691220979638e-06,4.962514723517042e-07,1.5620708191034266e-08,0.8045745183830609,0.007352514923979567,1.3669598256032753e-06,1.9269205967285326e-08,0.00023508929083114008,0.12600433071851247,6.293719745232585e-06,0.0030554618411806063,1.852330632918029e-05
1,0.007161373560346246,9.442736873612389e-05,1.919815759804456e-05,3.5138497278376082e-06,1.6971578654426788e-05,6.682029079866141e-10,6.442953328295906e-07,0.0008341702685798464,8.825441226707769e-10,5.711928654759796e-07,3.9306729756991006e-06,0.04599538322105058,7.311385370640511e-08,2.4909427733746933e-06,5.852353619254003e-07,2.1510799221076445e-08,0.7817140220088146,0.006917806548638794,1.95417329240793e-06,2.041630916686357e-08,0.0003613935851701348,0.1542645528459776,6.984251973692602e-06,0.0025733717696985133,2.6537880722579556e-05
2,0.005919623661938472,8.084061240837953e-05,1.0224600555044292e-05,2.6994407417456798e-06,1.1399702075760318e-05,4.389103640376118e-10,4.5107819850609447e-07,0.0005220553346796658,3.9566807294474114e-10,3.247665846447165e-07,2.9077861484131573e-06,0.03323860648655671,5.1053749751076996e-08,1.9803655256258272e-06,5.450001378648089e-07,1.4028965447677557e-08,0.8118242144429648,0.005732357342093403,1.1451733879907056e-06,1.300449737475937e-08,0.00026374350971613094,0.14023329784440008,8.925887277870613e-06,0.0021224194582839086,2.2158584533986183e-05
3,0.0062146011749635455,8.602026042148706e-05,1.3137727724596446e-05,3.1753738465283515e-06,1.317681603111129e-05,4.237589882899219e-10,4.7681863099526653e-07,0.0006192596769770317,4.3024772080575076e-10,3.717729397229311e-07,3.30822664777336e-06,0.03946168927913353,6.177262207358322e-08,1.9796667682981213e-06,4.0233923451691696e-07,1.2082019651726325e-08,0.8133913053142207,0.007639332610183866,1.112599390990184e-06,1.4559480197546161e-08,0.0002814808242241967,0.1296205786871081,7.1835835425825045e-06,0.0026195781249076194,2.1739854974359054e-05
4,0.0063872312883576825,9.543943326120982e-05,1.4839193698404873e-05,3.3735697447661753e-06,1.5542072606480647e-05,5.048798692132147e-10,5.125874823224543e-07,0.0005964571221453596,4.716503051038251e-10,3.979761627482284e-07,3.599564612248295e-06,0.04231183705878707,7.689389619252709e-08,2.4236602355731135e-06,4.247904116836718e-07,1.2965573672235322e-08,0.8031392076724972,0.008006686954471143,1.15045794674696e-06,1.5805423347904285e-08,0.0002771596372469182,0.1364295915965799,7.708218759946894e-06,0.002685166073356374,2.1144430212867778e-05
5,0.005809524401882697,9.272425102040578e-05,1.2126535590506846e-05,3.925915668616274e-06,1.3386210037583002e-05,4.295645581268848e-10,4.79809863419248e-07,0.0006291889124429149,3.667178173860934e-10,4.122528435396011e-07,3.35248631980915e-06,0.0371302438143854,6.555463169652151e-08,2.0338045324811717e-06,3.450964356151567e-07,1.1501830220195249e-08,0.8207909968797065,0.009584378972400198,9.785105190354631e-07,1.5721334329272606e-08,0.00030398250710407185,0.1227196704618049,8.383799986820404e-06,0.0028711724049319716,2.2599398444842914e-05
6,0.0062146011749635455,8.602026042148706e-05,1.3137727724596446e-05,3.1753738465283515e-06,1.317681603111129e-05,4.237589882899219e-10,4.7681863099526653e-07,0.0006192596769770317,4.3024772080575076e-10,3.717729397229311e-07,3.30822664777336e-06,0.03946168927913353,6.177262207358322e-08,1.9796667682981213e-06,4.0233923451691696e-07,1.2082019651726325e-08,0.8133913053142207,0.007639332610183866,1.112599390990184e-06,1.4559480197546161e-08,0.0002814808242241967,0.1296205786871081,7.1835835425825045e-06,0.0026195781249076194,2.1739854974359054e-05
7,0.007402135618177888,0.0001384711007022715,1.9941913012353056e-05,3.6247317833133035e-06,1.1824665874530848e-05,4.2235174212551435e-10,6.845212044349453e-07,0.000675266720107297,6.585286416684974e-10,3.829525155810678e-07,5.148208561701787e-06,0.03805941877767623,1.276259072597334e-07,1.9187823659780245e-06,3.508924965181583e-07,8.513577376860728e-09,0.8233620541368818,0.01010767587908984,9.229575598306204e-07,2.3644607519665326e-08,0.00019910462962726094,0.11606603138717198,5.597720810492103e-06,0.003919515866050946,1.9767673357229393e-05
8,0.006109279265081613,8.59261879627013e-05,1.269885060939308e-05,2.600655431514655e-06,1.3724625122778428e-05,5.585854441543465e-10,4.813386786225789e-07,0.0005706454757309387,5.15602864809798e-10,3.5617424438017357e-07,4.548928747281345e-06,0.047178554735972815,6.427382507070218e-08,1.9171095363385266e-06,4.4566060398080295e-07,1.1565790053540703e-08,0.7782180028830635,0.008933173939177837,1.2827537640358445e-06,1.4911008692563472e-08,0.0002952938412977108,0.15630257478755452,6.0501636182197e-06,0.002244991703911759,1.7359095077858988e-05
9,0.006085841340012732,8.017589663234705e-05,1.0396648091935666e-05,2.767796407232005e-06,1.3224028292177487e-05,5.504786448417924e-10,4.794345708035804e-07,0.0005565737275831247,4.125870259727689e-10,3.794228466859865e-07,3.752105633435457e-06,0.04370173333100619,5.272622960166518e-08,2.0882520061018203e-06,4.729431458407169e-07,1.420120142678276e-08,0.7779833469970526,0.008033409560534563,1.336850065044671e-06,1.334244820347889e-08,0.0003274902473592386,0.16114581269829806,7.880506051725886e-06,0.0020233797637387962,1.937721772618709e-05
10,0.0062146011749635455,8.602026042148706e-05,1.3137727724596446e-05,3.1753738465283515e-06,1.317681603111129e-05,4.237589882899219e-10,4.7681863099526653e-07,0.0006192596769770317,4.3024772080575076e-10,3.717729397229311e-07,3.30822664777336e-06,0.03946168927913353,6.177262207358322e-08,1.9796667682981213e-06,4.0233923451691696e-07,1.2082019651726325e-08,0.8133913053142207,0.007639332610183866,1.112599390990184e-06,1.4559480197546161e-08,0.0002814808242241967,0.1296205786871081,7.1835835425825045e-06,0.0026195781249076194,2.1739854974359054e-05
11,0.006192219905518722,8.935967611746773e-05,1.3323724751587272e-05,3.2051636935386686e-06,1.3272204357560817e-05,4.2511787919399536e-10,4.808365796087477e-07,0.0006071878132534863,4.3411788939606526e-10,3.723112803145441e-07,3.3425504875615253e-06,0.03937240467250023,6.755211027462331e-08,2.0232514471198818e-06,3.9292737295596393e-07,1.1667311552501816e-08,0.8143073218388065,0.00781658948678652,1.0822358984912086e-06,1.4912082172312615e-08,0.0002694558705342863,0.12860067243407586,7.150097466926199e-06,0.002678802879121631,2.1245129209942266e-05
12,0.003979235350309462,7.675827385194818e-05,5.579266399364418e-06,2.8338153356472256e-06,1.61624273688979e-05,3.2433532948972946e-10,2.3102595712018783e-07,0.0002840325574793411,9.065472488145644e-11,2.6518015073514356e-07,1.7301878847808624e-06,0.03681215025167825,5.635493937248755e-08,2.7285170581694236e-06,2.1900458589069e-07,8.193878056328035e-09,0.8105068259080549,0.008685194357435174,5.678790716421091e-07,6.836213482740582e-09,0.0002075446259366002,0.13751022168811255,1.1981428505462173e-05,0.0018824589626931527,1.3207492110160235e-05
13,0.005978776434259803,5.9744501067771675e-05,1.527133533575334e-05,2.198662692520223e-06,1.2385870482948292e-05,3.0399874101954886e-10,3.5794504434058953e-07,0.0005278485145554936,4.695993717232971e-10,1.757190671021354e-07,4.278926692464228e-06,0.06263548209055747,5.0344609739432264e-08,2.0927798950348437e-06,4.1426118734748565e-07,7.565438305458271e-09,0.7998554256528079,0.004855861172380048,1.2555734446015093e-06,1.07243967793401e-08,0.00025066143285693167,0.12425885688355763,4.284065995146872e-06,0.0015174928136142385,1.7065956462582574e-05
14,0.0031700344755341446,0.0006672117881037924,1.4123273653256844e-05,6.091018622191938e-06,3.5600787269471387e-05,1.1714420873587458e-09,6.061348716997856e-07,0.0009243507955694967,9.847491829640237e-10,2.4894917137626337e-06,7.018670876272986e-06,0.01595789043022829,2.410621446918512e-07,2.1305492262273795e-06,4.0215953103958253e-07,1.0263475249213994e-08,0.7648084644734576,0.02123203571832522,1.3336092100590748e-06,2.7396092431907965e-08,0.00040922878407323996,0.18565233635935285,6.648097848878321e-06,0.007087287996583552,1.4434508045255602e-05
15,0.0062146011749635455,8.602026042148706e-05,1.3137727724596446e-05,3.1753738465283515e-06,1.317681603111129e-05,4.237589882899219e-10,4.7681863099526653e-07,0.0006192596769770317,4.3024772080575076e-10,3.717729397229311e-07,3.30822664777336e-06,0.03946168927913353,6.177262207358322e-08,1.9796667682981213e-06,4.0233923451691696e-07,1.2082019651726325e-08,0.8133913053142207,0.007639332610183866,1.112599390990184e-06,1.4559480197546161e-08,0.0002814808242241967,0.1296205786871081,7.1835835425825045e-06,0.0026195781249076194,2.1739854974359054e-05
16,0.005796482548906789,5.802957476742559e-05,1.9372408602849537e-05,1.5830588149906616e-06,1.3014380672354808e-05,2.5148381837211946e-10,2.967422279123799e-07,0.00046178211806452364,4.942166584772962e-10,1.5693934230764684e-07,2.529895802412351e-06,0.038250996041928984,6.400123817292537e-08,1.3268241441695113e-06,3.988607510973349e-07,6.641409915845065e-09,0.8546746293982483,0.0037379739204452967,7.537069138119104e-07,9.808826737291682e-09,0.0001159131387138906,0.09414451198738102,3.939271326245739e-06,0.0027011225983802688,1.5105387389868802e-05
17,0.0062825788099157235,9.054454475600367e-05,1.2817242427343946e-05,4.301961662508584e-06,1.4060814802484467e-05,4.224124607084663e-10,4.8775160779219e-07,0.0006284442265508832,3.6068309036930756e-10,3.961048391069012e-07,3.09540425015038e-06,0.04264887318604907,6.92391076172645e-08,2.62107767829605e-06,3.295901281744234e-07,1.2064337133835257e-08,0.8070479383120558,0.009311615477115655,1.056100122802523e-06,1.6040513840745033e-08,0.0003042504901577189,0.13106091119734725,8.96426553286517e-06,0.0025515482200042607,2.506709594167733e-05
18,0.008984682791459947,0.00023387169380336719,0.0001096089407352676,1.83575157832039e-05,0.00018054701046176124,1.4808509086315745e-08,2.806273811489166e-06,0.0034857424484028322,1.3049614932155846e-08,3.2869962004042353e-06,4.046948287252803e-05,0.08270041184950297,2.509418878954732e-07,1.1938887814523875e-05,4.257338570681518e-06,2.3743942926418686e-07,0.6619747236284758,0.008644663537520777,1.5361664351769748e-05,1.6397750302967698e-07,0.001555710656234099,0.22829131495831503,2.581994380476117e-05,0.003672091898761208,4.365226617340997e-05
19,0.01291798420451449,9.974169865193449e-05,3.739661639687637e-06,2.3649296959752473e-06,4.16402674249794e-06,3.8841103251986004e-10,6.974954348865712e-07,0.0003205726504038361,1.9002474589562267e-10,3.0576365234854344e-07,3.283275015440245e-06,0.01384853200173412,2.080692220659475e-08,1.011826019278278e-06,5.783371697056466e-07,1.791506117498919e-08,0.8785440543139224,0.009279200618050753,1.0299772894355024e-06,6.310919523029032e-09,0.0004182795077538858,0.08155677288977273,1.6070325349612347e-05,0.002950032832802189,3.1538053046370555e-05
20,0.004156172456798279,7.94698441806857e-05,9.294539829518155e-06,2.499723920693757e-06,1.1920712032696655e-05,3.1379043441318105e-10,3.352137087308895e-07,0.0006470282816395586,3.772632996360116e-10,3.555408165698785e-07,2.3357484640744516e-06,0.03019843372955328,4.533904876197773e-08,1.5733502800257535e-06,3.979997216299175e-07,9.385778275972239e-09,0.7960744135668708,0.005622812863267027,1.0981775540952322e-06,1.1441587134795103e-08,0.00025581503249180634,0.16083819408805283,5.948766066816007e-06,0.0020743014990387137,1.7532008244465106e-05
21,0.008954530440701816,9.006708020712634e-05,1.6852801996857272e-05,4.318709713155872e-06,1.6088668622221868e-05,6.820906714944563e-10,7.273331738583996e-07,0.0006136247773585408,4.5534871543166906e-10,4.6002339064593915e-07,4.324401663384402e-06,0.061836094800243074,9.455907447576586e-08,3.1619371090021413e-06,4.2014261859256627e-07,2.0133612849756068e-08,0.7843719823281372,0.010635523684362293,1.2597671485901476e-06,2.0969857826119574e-08,0.0003351497775882491,0.1302346402153807,1.0365046434234228e-05,0.002845247591923706,2.502367224202065e-05
22,0.004552968619135337,0.0002350357834472435,1.0551693955104807e-05,2.7438206626738012e-06,1.5094573205988896e-05,1.2250709703430594e-10,2.0552841697297654e-07,0.0012675897307969023,1.4784006322293916e-09,1.1883383371554157e-06,2.717993186133268e-07,0.01415435295222714,1.674237096406404e-07,9.207748350157184e-07,7.729859277124068e-07,1.0512975940279871e-08,0.8988323943745459,0.0007220836577051554,1.9065009919036772e-06,8.83246049496616e-09,6.113534520550794e-05,0.0756550953092315,4.308933929505166e-06,0.004411759374664517,6.943153340653774e-05
23,0.0062146011749635455,8.602026042148706e-05,1.3137727724596446e-05,3.1753738465283515e-06,1.317681603111129e-05,4.237589882899219e-10,4.7681863099526653e-07,0.0006192596769770317,4.3024772080575076e-10,3.717729397229311e-07,3.30822664777336e-06,0.03946168927913353,6.177262207358322e-08,1.9796667682981213e-06,4.0233923451691696e-07,1.2082019651726325e-08,0.8133913053142207,0.007639332610183866,1.112599390990184e-06,1.4559480197546161e-08,0.0002814808242241967,0.1296205786871081,7.1835835425825045e-06,0.0026195781249076194,2.1739854974359054e-05
24,0.007902385862519247,3.920790634084989e-05,1.1686096361433362e-05,8.121334690327622e-07,5.587399678612326e-06,2.358198846711121e-10,3.861006253077901e-07,0.0003957685781016398,5.310578480707017e-10,1.4276257754189049e-07,2.7382986747794378e-06,0.026799144914675933,2.4782839770879142e-08,5.785223361578255e-07,6.251005679740461e-07,9.044983606157909e-09,0.8715635825748232,0.0029928948929955667,7.989679815909764e-07,5.979822128366564e-09,0.0001583279246892356,0.08752284190328886,3.2720489486084766e-06,0.0025842641830030287,1.4913253818058872e-05
25,0.006247585094821255,8.689974930231241e-05,1.315902852335775e-05,3.1404115272184837e-06,1.328179360833559e-05,4.326153707499219e-10,4.762671402843218e-07,0.0006119923688295442,4.344088832034239e-10,3.7666848131111435e-07,3.283561621103813e-06,0.039328048353418354,6.166078356726116e-08,1.992555119542181e-06,4.101766972525432e-07,1.2302133847658171e-08,0.8118845993809665,0.007623222082795084,1.1161268598902328e-06,1.446812588779702e-08,0.0002819305796452011,0.13124536003916287,7.22795882812472e-06,0.0026238594619044458,2.194904268052249e-05
26,0.004210588898938152,0.00018641085135087012,1.9353474250759685e-05,1.2702860795288518e-05,8.723889738190851e-05,8.758754158860816e-09,1.11194574502941e-06,0.0011093565083790968,1.7980633239468338e-09,2.88532149400584e-06,1.0231801520665073e-05,0.10549575374896106,5.558936098954342e-08,3.052617425726577e-05,2.5878730397384657e-06,2.322866224351834e-07,0.3655349669311633,0.006791895370664702,1.501952698577295e-05,5.2417545819733966e-08,0.0027509905207863602,0.5131144110539636,3.8509584429660143e-05,0.0005119401377049457,7.316766784122691e-05
27,0.0063221723556570915,8.171854086270343e-05,1.2939877176774853e-05,2.740386835841329e-06,1.152584524394141e-05,4.4876824527575217e-10,4.7382091299371504e-07,0.0007309826984541861,6.22930847788192e-10,4.094979649070347e-07,2.9482362236483294e-06,0.033637647731180324,4.728539440580014e-08,1.6198568906756306e-06,5.302426753328288e-07,1.3333874224460009e-08,0.7950073056300325,0.006524417865840239,1.310199116948708e-06,1.4891511029191602e-08,0.00028980663192212816,0.15481947952769504,6.254518824382855e-06,0.002519161778324896,2.6478175686722853e-05
28,0.0062146011749635455,8.602026042148706e-05,1.3137727724596446e-05,3.1753738465283515e-06,1.317681603111129e-05,4.237589882899219e-10,4.7681863099526653e-07,0.0006192596769770317,4.3024772080575076e-10,3.717729397229311e-07,3.30822664777336e-06,0.03946168927913353,6.177262207358322e-08,1.9796667682981213e-06,4.0233923451691696e-07,1.2082019651726325e-08,0.8133913053142207,0.007639332610183866,1.112599390990184e-06,1.4559480197546161e-08,0.0002814808242241967,0.1296205786871081,7.1835835425825045e-06,0.0026195781249076194,2.1739854974359054e-05
29,0.0062146011749635455,8.602026042148706e-05,1.3137727724596446e-05,3.1753738465283515e-06,1.317681603111129e-05,4.237589882899219e-10,4.7681863099526653e-07,0.0006192596769770317,4.3024772080575076e-10,3.717729397229311e-07,3.30822664777336e-06,0.03946168927913353,6.177262207358322e-08,1.9796667682981213e-06,4.0233923451691696e-07,1.2082019651726325e-08,0.8133913053142207,0.007639332610183866,1.112599390990184e-06,1.4559480197546161e-08,0.0002814808242241967,0.1296205786871081,7.1835835425825045e-06,0.0026195781249076194,2.1739854974359054e-05
30,0.0062146011749635455,8.602026042148706e-05,1.3137727724596446e-05,3.1753738465283515e-06,1.317681603111129e-05,4.237589882899219e-10,4.7681863099526653e-07,0.0006192596769770317,4.3024772080575076e-10,3.717729397229311e-07,3.30822664777336e-06,0.03946168927913353,6.177262207358322e-08,1.9796667682981213e-06,4.0233923451691696e-07,1.2082019651726325e-08,0.8133913053142207,0.007639332610183866,1.112599390990184e-06,1.4559480197546161e-08,0.0002814808242241967,0.1296205786871081,7.1835835425825045e-06,0.0026195781249076194,2.1739854974359054e-05
31,0.0068387781225610275,8.027536972510969e-05,1.1639045712326876e-05,2.8584277632407933e-06,1.2789659165912264e-05,6.521055036094388e-10,5.679008890413141e-07,0.0005325355215834111,4.973923711851849e-10,3.5581677606586986e-07,4.672443921657617e-06,0.042876640360603936,5.305150192534775e-08,2.1085663369086125e-06,6.324149981834652e-07,1.6059623462543598e-08,0.7917372447790814,0.007532130158069958,1.2999320341176755e-06,1.4345370979756837e-08,0.0003383694222840859,0.1478171914467902,9.387975558560189e-06,0.002178087366804032,2.2350663346539086e-05
32,0.0062982412300497835,8.469077450025789e-05,1.2995972118446942e-05,3.025592601045921e-06,1.2855893120186985e-05,4.277837534647932e-10,4.828744568219491e-07,0.0006359113693678359,4.638926551534454e-10,3.767064082829377e-07,3.228366536632284e-06,0.039151330057472115,5.9205400712529345e-08,1.967900211187542e-06,4.3138378720868193e-07,1.2929622375567569e-08,0.8083592358549314,0.007117381540231478,1.245119784447805e-06,1.4609786438295044e-08,0.0002865365375787102,0.1355305196872945,6.956504866295437e-06,0.0024703507095060378,2.2148288691310927e-05
33,0.009085175702431746,7.974071808993903e-05,2.6959984006704316e-05,4.823778007135651e-06,1.4685910555353645e-05,7.125605274699906e-10,7.925042370148764e-07,0.0009802841874836405,1.2253991205990485e-09,5.045636034272198e-07,5.954373056381643e-06,0.05242440373182875,6.068214262710146e-08,2.1146509808003266e-06,6.586526306293992e-07,1.947234744718773e-08,0.8209606266360525,0.008796169935900378,1.6097175923505284e-06,2.33737556213727e-08,0.0004833519848967655,0.10371178294102115,7.580881509526247e-06,0.003368455501345752,4.4218178564663086e-05
34,0.015243111629240446,0.00010989944347316424,3.0191137278205353e-05,2.5432508017238557e-06,1.3336990662416845e-05,9.005387710790493e-10,9.856347300087585e-07,0.0009438336572041275,2.676526489285033e-09,5.378310109971892e-07,5.144605356120008e-06,0.049530031099801385,7.633090328486543e-08,2.2660756063680418e-06,1.1318683594687171e-06,2.5019496861523527e-08,0.7536958237503844,0.00645479079552512,3.024298872013774e-06,2.1790961714946647e-08,0.00034369451525884733,0.17052297615590586,4.849913615960038e-06,0.003047407854100012,4.4292774386233444e-05
35,0.007165490045098755,7.514700746759573e-05,1.1263047532968102e-05,3.4274045365583857e-06,6.917288886431208e-06,2.385846424865004e-10,4.4498045485909164e-07,0.0009365936264202755,5.809814941966941e-10,3.9145807980941945e-07,2.618593883681262e-06,0.03596032189321692,5.1347618227789144e-08,1.0575990730218136e-06,2.2460167632738385e-07,6.169777819946631e-09,0.8216980927557613,0.010857519168686854,1.083475993452311e-06,1.5390660534820573e-08,0.000257943664739736,0.12021180458021645,3.393595497234718e-06,0.002776818602301678,2.93728828534602e-05
36,0.00564514492059795,7.315038496448613e-05,1.2227458231633053e-05,2.5891040216116298e-06,1.21568719663298e-05,3.1754949242193325e-10,3.7886565104242386e-07,0.0005747083633203232,3.837323278912781e-10,3.1125754852647613e-07,2.5612044615117766e-06,0.03901671337562808,5.5730690150964484e-08,1.729873988045135e-06,3.654413982425446e-07,1.034140251432067e-08,0.826453335447343,0.00579761530133858,1.05885089338959e-06,1.1713191425856981e-08,0.00023733814659700477,0.11983517572823746,5.779802127158592e-06,0.0023079735133148924,1.9607601804773665e-05
37,0.0062115695946226325,8.602037837484477e-05,1.3136628194128712e-05,3.1757750019074416e-06,1.31793237132345e-05,4.2386965821574044e-10,4.767598900400756e-07,0.0006194368996686742,4.3042153073361794e-10,3.7192631769736916e-07,3.3084120727888356e-06,0.039453729060778146,6.17652739232453e-08,1.979337639902419e-06,4.024604728710002e-07,1.2083963261592456e-08,0.8133874283905627,0.007638109338316096,1.1128260836771063e-06,1.456181100682927e-08,0.0002815593163696826,0.12963661671607535,7.183956714018245e-06,0.002619373191279666,2.1740442512527376e-05
38,0.011079462071439653,0.00010150823740605906,1.3761443999061239e-05,2.898630069809921e-06,1.3903336562283232e-05,1.1716658322001195e-09,1.020920242415911e-06,0.0005231343050099723,6.030123129739574e-10,4.829140253845763e-07,6.263130258522725e-06,0.04489417661267691,6.340295499931717e-08,2.7255195258497714e-06,8.887674444287717e-07,3.125519958497248e-08,0.7588000577023317,0.010046710163139495,1.6530394997541834e-06,1.8001215691068988e-08,0.00041472969994729144,0.17122375110569948,1.3604848145978817e-05,0.0028349649704617736,2.4188148065593345e-05
39,0.006335389095577218,6.687632159548255e-05,1.7231989480067765e-05,4.784794456592352e-06,1.9168872242879175e-05,6.805894939119396e-10,5.758794557939504e-07,0.000928462339622245,6.214798540375912e-10,5.269611843570112e-07,4.234956518849472e-06,0.05547160893126489,5.2418233767828026e-08,2.5769653670919623e-06,5.056470020156976e-07,2.3435653059439224e-08,0.7975041157128329,0.007836540863424708,1.8852167175094854e-06,2.0300268897613976e-08,0.0005270237224007956,0.1289486022285767,9.052345420822514e-06,0.0022914430704416063,2.9296630192363468e-05
40,0.009163362495007361,9.070813775106907e-05,1.2771867278962964e-05,1.9462084370049358e-06,1.1626871274412244e-05,4.279532003348165e-10,4.6084462428936417e-07,0.0004121750087309835,3.8511030835336476e-10,2.432634436590031e-07,3.032315688574379e-06,0.04904146932390865,4.7001167593197305e-08,2.7974054012262405e-06,4.869535101066219e-07,1.1411171062477428e-08,0.7374997084949735,0.006655146270673291,1.2879381412487712e-06,9.915124248914658e-09,0.00024849777216699243,0.19504116425380905,6.173248467684723e-06,0.0017839869736583135,2.2885212527222534e-05
41,0.00781286931419185,0.0001262905127368307,4.257157891567319e-05,4.1492228823491984e-06,3.708510824633551e-05,1.0905495435512304e-09,5.856485014208865e-07,0.0010324569693769224,2.0779793648781892e-09,8.167841649910581e-07,3.892370119853174e-06,0.04393812471980442,9.464430372999128e-08,3.414524589020931e-06,1.0492711758559467e-06,2.994613170141027e-08,0.7909330149446291,0.0049852416768354025,2.206871854457661e-06,2.2134684563778097e-08,0.0003719428428995254,0.14694877622848027,6.9012902499850044e-06,0.0037089260612166806,3.953416547990291e-05
42,0.02094715347871119,0.00027602101893288374,9.929398191818595e-05,2.461835475092902e-05,4.8736926275107304e-05,2.3163546372424513e-09,1.4234512787992206e-06,0.00025592072987736024,5.872087022509517e-10,5.319852586652872e-07,1.6870889080997496e-05,0.14305728524970246,1.1294504415257403e-06,1.4458481974224048e-05,1.5213665337889692e-07,7.157113819503291e-09,0.6873123336203261,0.10406605117389067,2.0114140742706963e-07,3.9783179492843236e-08,0.0002569444585731477,0.030072747774491385,2.156506610449471e-05,0.013465633620004396,6.087716648982809e-05
43,0.00704830470354515,8.707448990301017e-05,1.498694805227638e-05,3.0770247837392367e-06,1.2013430506215603e-05,3.642431229145611e-10,4.935473433349481e-07,0.0005574457785883231,4.0035189897796397e-10,2.935270046453844e-07,3.4422396362040948e-06,0.043315530384867997,7.009508554612513e-08,2.068587047339206e-06,3.5664667197770086e-07,1.0048241744013714e-08,0.8207933216824495,0.007876855809150256,9.569911505723717e-07,1.4732579721109191e-08,0.0002345362900841001,0.1172782235645466,6.749300009068035e-06,0.002742630050862665,2.154336329499263e-05
44,0.0062146011749635455,8.602026042148706e-05,1.3137727724596446e-05,3.1753738465283515e-06,1.317681603111129e-05,4.237589882899219e-10,4.7681863099526653e-07,0.0006192596769770317,4.3024772080575076e-10,3.717729397229311e-07,3.30822664777336e-06,0.03946168927913353,6.177262207358322e-08,1.9796667682981213e-06,4.0233923451691696e-07,1.2082019651726325e-08,0.8133913053142207,0.007639332610183866,1.112599390990184e-06,1.4559480197546161e-08,0.0002814808242241967,0.1296205786871081,7.1835835425825045e-06,0.0026195781249076194,2.1739854974359054e-05
45,0.006766609141678027,9.780979941293179e-05,1.2339753226674665e-05,3.997975969816957e-06,1.248649108593616e-05,4.688864654842541e-10,5.021412484950343e-07,0.000552954515222492,3.584031770815232e-10,3.934993265473207e-07,3.6841225620876534e-06,0.043449138473858596,6.088026485037818e-08,2.3988697584413827e-06,3.5161911189366664e-07,1.1928205666641421e-08,0.8013549514113165,0.01091404313656733,1.0228301402578563e-06,1.5650814179669796e-08,0.00034291014783668716,0.13392105177573363,8.654471932382088e-06,0.002527706326327988,2.6904211109041983e-05
46,0.01545794574367463,0.0002979217100381233,5.593200612622948e-05,1.0592643631567712e-05,5.13027500118878e-05,6.992836895320954e-09,2.5857685810234816e-06,0.0011674484711851744,3.38570191964645e-09,2.223040848733686e-06,1.54191871417788e-05,0.09174399960468203,1.6092439800121478e-07,1.4433992700160181e-05,1.6436736457791185e-06,1.0008323865048258e-07,0.5134644648138165,0.024431735348687308,4.70964177520743e-06,7.29567614964829e-08,0.0011150451934836606,0.34861316412029547,2.4051720583199183e-05,0.0034498717895662945,7.516443658832313e-05
47,0.005865092646863429,9.010259514770793e-05,1.4132923248478687e-05,3.5903206586674924e-06,1.4849724077523593e-05,4.578266687218456e-10,4.887617647192198e-07,0.0006675448733809009,4.685219625208105e-10,4.0667488898077487e-07,3.5401869249415745e-06,0.038901561096172314,6.62230325528746e-08,2.1193552357188556e-06,4.142549396048461e-07,1.2490270701303349e-08,0.8168917135476491,0.007807340307821889,1.1457555794032074e-06,1.559293801387008e-08,0.0002990468884673703,0.12665964392124154,7.703243939230493e-06,0.0027471583492440794,2.2309340164505297e-05
48,0.004902577814394549,7.699734027923405e-05,8.631021796831398e-06,2.3815961779486458e-06,1.0132088168290418e-05,2.564645171305262e-10,3.5968667892863455e-07,0.0005690318602002078,2.949078589843689e-10,3.0842799998895264e-07,2.2355900133183064e-06,0.02929920459405264,5.1192426121051976e-08,1.4244323005428142e-06,3.3215982024778696e-07,9.010472916732755e-09,0.8354258202934755,0.005591705749542157,1.0157835723229578e-06,1.0469956163486712e-08,0.00021770349498738525,0.1215804365525557,5.8780599778301995e-06,0.0022875295342179944,1.6222695560695898e-05
49,0.005857473212532584,7.575794400770507e-05,1.5372362912180367e-05,3.3087957703140376e-06,1.572016115436688e-05,4.933066699986384e-10,4.563336343944007e-07,0.0006204026751185726,4.5112823955369634e-10,3.6530378426187695e-07,3.5310224861587443e-06,0.05238262652494585,6.680227063355748e-08,2.3656070402625404e-06,3.799423973903641e-07,1.2750252920097327e-08,0.7864834848451555,0.007857560495581747,1.1528216433386123e-06,1.6492440942606468e-08,0.0002893737670852087,0.1441239819007058,6.808350162765596e-06,0.0022395867895532396,2.0194154928906296e-05
50,0.007979385205131721,0.0001406231023577854,1.610297946897605e-05,4.113668785400349e-06,1.8232656643446998e-05,8.087564637988166e-10,8.698900802272765e-07,0.0009146055563693359,8.068360471442675e-10,9.218003973918446e-07,3.2789125652739197e-06,0.036688491438989286,8.219925027492994e-08,3.5236508138746255e-06,5.820233999153273e-07,2.7778578725439053e-08,0.7149408233647829,0.008451422418375447,2.4217115180505265e-06,2.1897164189106637e-08,0.0003824416726086401,0.22767224595415295,9.22800361341767e-06,0.0027413281611464307,2.9224338213993663e-05
51,0.0064123564148805086,0.00011871856250930255,1.3454849682269912e-05,5.625242870540197e-06,1.3070086626270544e-05,4.5467040016008423e-10,6.649505504388391e-07,0.0009036538802209114,4.740025799691122e-10,5.385769715857825e-07,4.46894990758189e-06,0.042701925836934704,7.652199979839019e-08,2.6693344507216113e-06,2.8206094463420703e-07,9.342614256706502e-09,0.7663476008641397,0.015109247626555414,1.2722309492983062e-06,2.08930831932752e-08,0.00039466850810000124,0.16520721271141575,7.242467573629927e-06,0.0027314672400443854,2.375191830215682e-05
52,0.0054160637596473845,7.607716651544691e-05,1.2307816501318931e-05,2.7897285101584985e-06,1.2594471159947166e-05,3.02972140247837e-10,3.785587960267898e-07,0.0006155283820785384,3.7214306882377656e-10,3.1930910842462573e-07,2.6199978374689344e-06,0.0374128763832197,5.2988793957774626e-08,1.7515697593860126e-06,3.6362787017269804e-07,1.0430155778286664e-08,0.831131926275312,0.005633770642946325,1.0992783040202816e-06,1.1884889461804842e-08,0.00025498077205206353,0.11705605865679959,5.9989548974016036e-06,0.0023422745322527402,2.0144137477560974e-05
53,0.009352368536862218,0.00010902042364649356,1.5935588995818317e-05,3.915043853145766e-06,9.081308838825533e-06,8.133682755009697e-10,1.214556424318929e-06,0.0007028921927872317,7.585561875983231e-10,4.908743213676629e-07,6.3552271164029576e-06,0.03244168283866024,7.284492821931572e-08,2.007826797086317e-06,7.165145825109728e-07,2.252865669589819e-08,0.7929643910273334,0.011363253565443576,1.227642476168458e-06,2.936164346432271e-08,0.0003373522345406122,0.14891080755675828,1.3209091937088261e-05,0.0037346418183354527,2.930982313693273e-05
54,0.011258798585109085,0.00014252223933657526,1.681384696234615e-05,3.4281307524993895e-06,1.2117708217222981e-05,7.536895785086567e-10,8.369144000239813e-07,0.000542813276096817,6.116661107076891e-10,6.048813488885162e-07,3.131780448304544e-06,0.05059548672815272,7.645903884150137e-08,3.7936351604485806e-06,6.369534464014492e-07,2.6742416609823563e-08,0.7202703279599386,0.008852907553072139,1.5507266345205889e-06,2.0991639273680757e-08,0.00034289276385377415,0.20537831608159168,1.0479744624015367e-05,0.0025197810583687183,4.2633874034789406e-05
55,0.005010399026060107,8.79401058453344e-05,1.0252220411837786e-05,3.297111437145983e-06,1.6023277851727932e-05,4.786235400533763e-10,4.723402913707564e-07,0.0006338998500498263,3.39766271067292e-10,4.231997366258234e-07,3.0906072979349996e-06,0.030681995988124555,4.919636981108296e-08,2.289441071666215e-06,5.17690189379001e-07,1.7125368998937617e-08,0.8092906323539757,0.005921797266503101,1.3550172922609022e-06,1.3155767296283055e-08,0.00033731294418832424,0.14564734540051588,1.0627327328143223e-05,0.0023208688625519537,1.9379673381130677e-05
56,0.006169674384084849,9.00814564041848e-05,1.3486652860865974e-05,3.1801513193687255e-06,1.3449281409907617e-05,4.284868053968909e-10,4.832424020362368e-07,0.0006089155975685856,4.4307230326010053e-10,3.7442385625608035e-07,3.3475479100513925e-06,0.03908123118538581,6.899186152409535e-08,2.0262824748131645e-06,3.993378476038733e-07,1.1808135338052628e-08,0.8150410432698796,0.007680398354967701,1.0982600684499415e-06,1.5046519074607467e-08,0.00026707329983984636,0.12830007693670034,7.1048621960995975e-06,0.0026955263892691397,2.0932365479445067e-05
57,0.003924589325980793,5.821481442783673e-05,1.3852406339802059e-05,2.201395495244575e-06,1.6663570321849198e-05,2.894538913299694e-10,2.438982553815468e-07,0.0006196208883123142,4.5644178152791183e-10,3.3634535744973e-07,1.9830683559991624e-06,0.048464894562984355,5.235049968448838e-08,1.7320567755841837e-06,3.2945363806339464e-07,1.0162923308702251e-08,0.8141837137822546,0.003835062914132262,1.3698807794794974e-06,1.0167106082887711e-08,0.00023981621752145618,0.1270037915587867,3.554198280283364e-06,0.0016116321166854742,1.6324118890334092e-05
58,0.005644898075971964,8.220365934469852e-05,1.1783940830418e-05,2.791165700971348e-06,1.1718256727015843e-05,3.336458128614054e-10,4.2388511382648935e-07,0.0005769681355942538,3.6563177704977967e-10,3.319221434142607e-07,2.8766444038249715e-06,0.033981646522825995,5.977590787672833e-08,1.6089885605429377e-06,3.5610649620748477e-07,9.885743115208125e-09,0.83393317212811,0.007064977334623053,9.264532924571863e-07,1.2545457150592281e-08,0.00024104172587088873,0.11559918705820572,6.5330428319909074e-06,0.002817504954736469,1.8967092230452513e-05
59,0.005955242963074607,7.916108615294513e-05,1.3482042186867554e-05,2.8148889815982434e-06,1.1935446575520226e-05,3.356667078204623e-10,4.422463644258146e-07,0.0005839353290645788,3.762963560641782e-10,3.2364276284015596e-07,2.9609930531855284e-06,0.03527002967151666,6.050387586290235e-08,1.599451996483147e-06,3.5072962247198965e-07,1.023480221226379e-08,0.8381655690430917,0.007348678640591781,8.728759311227522e-07,1.3109608068057761e-08,0.0002412148619373956,0.10918932835873335,6.475948015833205e-06,0.0031060213047195695,1.94759153780226e-05
60,0.0062146011749635455,8.602026042148706e-05,1.3137727724596446e-05,3.1753738465283515e-06,1.317681603111129e-05,4.237589882899219e-10,4.7681863099526653e-07,0.0006192596769770317,4.3024772080575076e-10,3.717729397229311e-07,3.30822664777336e-06,0.03946168927913353,6.177262207358322e-08,1.9796667682981213e-06,4.0233923451691696e-07,1.2082019651726325e-08,0.8133913053142207,0.007639332610183866,1.112599390990184e-06,1.4559480197546161e-08,0.0002814808242241967,0.1296205786871081,7.1835835425825045e-06,0.0026195781249076194,2.1739854974359054e-05
61,0.005842258144117351,8.083179959320045e-05,1.4245396724045445e-05,2.818858860004617e-06,1.2515450686459828e-05,3.4744900860306235e-10,4.280966399692688e-07,0.0005832232435393229,4.04799907950792e-10,3.203119907269782e-07,3.09382883727106e-06,0.037802522967836004,6.158590734139446e-08,1.6970784970888068e-06,3.597885049097565e-07,1.0105518960756982e-08,0.8315026192105567,0.007107952390048005,9.261153381216535e-07,1.3502426951727107e-08,0.0002453172422549299,0.11390921501585158,6.093671654805301e-06,0.002863826006008112,1.964943635919903e-05
62,0.0062146011749635455,8.602026042148706e-05,1.3137727724596446e-05,3.1753738465283515e-06,1.317681603111129e-05,4.237589882899219e-10,4.7681863099526653e-07,0.0006192596769770317,4.3024772080575076e-10,3.717729397229311e-07,3.30822664777336e-06,0.03946168927913353,6.177262207358322e-08,1.9796667682981213e-06,4.0233923451691696e-07,1.2082019651726325e-08,0.8133913053142207,0.007639332610183866,1.112599390990184e-06,1.4559480197546161e-08,0.0002814808242241967,0.1296205786871081,7.1835835425825045e-06,0.0026195781249076194,2.1739854974359054e-05
63,0.006228292502779818,9.376177050287315e-05,1.2739255996363562e-05,3.0813332843311493e-06,1.2459880036149756e-05,4.1058789758693603e-10,4.797489221174938e-07,0.0006058624343529878,4.33558406762012e-10,3.734516761207162e-07,3.2990165441602133e-06,0.036811805835872756,6.428311938153694e-08,1.8968089395557433e-06,4.0308710373615873e-07,1.1438767824188463e-08,0.814480072079149,0.007731235329996366,1.0829500212947875e-06,1.4688627733026368e-08,0.0002682590842713672,0.1310042775008933,7.007396296304134e-06,0.002712001451716234,2.1517826983855054e-05
64,0.005870871145786127,8.139990007490207e-05,1.1486287044101926e-05,3.110579192155326e-06,1.242074237699475e-05,4.0336828238302356e-10,4.57633393218331e-07,0.0006216617648745267,3.9534466102097846e-10,3.7304621511042123e-07,3.3101914342637167e-06,0.037849931449569336,5.001555591347662e-08,1.8262787439171561e-06,4.2754375679055813e-07,1.245353185923521e-08,0.8200642273075716,0.007457393356842543,1.1699085545615737e-06,1.2963639233717859e-08,0.0003471547633013412,0.125138149782865,7.355478997180487e-06,0.0025046686552974593,2.252795266922316e-05
65,0.005912326963606016,7.666141206865371e-05,1.5184241102851751e-05,8.092436448892651e-06,3.653261125908245e-05,1.5071088866994935e-09,5.39230352739363e-07,0.0005991731679126296,3.453832400267604e-10,6.794318922074155e-07,5.435178414885451e-06,0.10042597316188842,7.522914577418581e-08,6.6725815602661304e-06,3.988939879808852e-07,3.044243137606831e-08,0.7050172329039491,0.01665775196336291,1.7059496911091487e-06,2.2536939852854802e-08,0.0007476374181096489,0.16877704686712278,1.7634391980170704e-05,0.0016629091806927994,3.0281953587776925e-05
66,0.0066072961055634385,9.350604420206957e-05,1.603904708930154e-05,3.794179269488282e-06,1.5746901336602277e-05,5.533924880745741e-10,5.664324211449072e-07,0.0007460352748296496,5.909143927460399e-10,4.892046237579594e-07,3.6422852511052305e-06,0.045412884485035866,7.716073906307234e-08,2.423270660310259e-06,4.281164376989398e-07,1.593710655694999e-08,0.7903028706016305,0.008046839243128245,1.4635840927989176e-06,1.965166123617112e-08,0.0003075441659616738,0.1458466697585115,7.298096667206173e-06,0.0025605988865080053,2.3750422965893556e-05
67,0.006055066719093673,8.629847482165834e-05,1.2636488521251054e-05,3.001897696029132e-06,1.2840280743520346e-05,3.881257164793132e-10,4.494570144049422e-07,0.0006363681909045548,4.373693305132695e-10,3.73518089886022e-07,3.126561231600527e-06,0.03724681604358293,5.96250137387884e-08,1.8097355412170696e-06,3.865277001502066e-07,1.1050920578595192e-08,0.8165680285823976,0.007297644472772087,1.1168430255681871e-06,1.3486604262367886e-08,0.0002717669410511276,0.1291465408428345,6.396774449687056e-06,0.0026284279426918135,2.0818717802958964e-05
68,0.006621991389354499,8.393590713044963e-05,9.054731017739514e-06,3.824313216115379e-06,8.390083333624846e-06,5.489918855738099e-10,5.341791218899422e-07,0.00044977559849438076,3.1029461299388937e-10,3.1943101305765035e-07,5.341248032412406e-06,0.03767098254677952,5.183584141870205e-08,1.4629921023618228e-06,3.44926289058738e-07,9.47497325015533e-09,0.8178323082155815,0.016270506644937895,6.568929673629686e-07,1.6892521687387636e-08,0.00034144817715186463,0.11783723575429719,1.0177758306587302e-05,0.0028275598240327525,2.4070324216916293e-05
69,0.006224392840822898,8.523070602964308e-05,1.177610526924504e-05,2.784444258891381e-06,1.44581163534664e-05,4.4467739000598513e-10,4.4268016904420905e-07,0.0005610967720491047,4.028315539641281e-10,3.4446162103000816e-07,3.309824817971243e-06,0.04097999488369819,5.966864618722218e-08,2.1449810265766132e-06,4.2877766593045363e-07,1.1472886344647502e-08,0.7993432035628493,0.007115807141768179,1.1625842252918816e-06,1.1756368407375114e-08,0.0002721071018590438,0.1430129437093665,7.243570278014448e-06,0.0023420558450682433,1.8988145393329305e-05
70,0.006210937951236457,8.599253396146651e-05,1.3125855317809946e-05,3.1736663769059053e-06,1.3170153335542584e-05,4.233935251952338e-10,4.7659175774988317e-07,0.0006193944340077522,4.3006525101135003e-10,3.717300028594768e-07,3.306836595305724e-06,0.03942908721256756,6.173666270122183e-08,1.9771221722719404e-06,4.0225232797677676e-07,1.2074854491528389e-08,0.813474771321658,0.007635848168833917,1.1124022652921232e-06,1.4549916964701382e-08,0.0002814143333957113,0.129576502408344,7.180300398906318e-06,0.0026199403429466666,2.1725167604660568e-05
71,0.00808722937364048,6.362059437587513e-05,1.2688167262548068e-05,4.5639794725841e-06,6.505108203690875e-06,3.185697579108933e-10,8.482573178914303e-07,0.0006830060038406057,3.235923739533143e-10,2.6025097558618154e-07,4.817208455722421e-06,0.036042772016014586,6.543011276267019e-08,1.5217672136976258e-06,2.737262107593521e-07,1.2271708238863697e-08,0.8594186114466605,0.01070625949133083,8.164104297752353e-07,2.4605219910689357e-08,0.0002747787304379469,0.08158366064216138,9.593029475694698e-06,0.0030794028648893483,1.8667982427493397e-05
