,0,1,2,3,4,5,6,7,8,9,10,11,12,13,14,15,16,17,18,19,20,21,22,23,24
0,6.805390652199743e-07,4.799418480215955e-05,4.914783122585901e-07,0.025756214917657037,6.272541753040261e-07,1.9862287554942197e-08,1.0062370740519445e-05,2.1454641343594702e-05,1.9954748173742217e-10,1.894514945327906e-05,1.604622115445558e-05,1.0344942451373305e-06,6.6793246103832806e-06,3.1426229738337657e-07,3.619254442809686e-12,6.029682999119687e-10,4.810757425824728e-07,0.9731700502052207,4.0600737063490485e-10,9.9168506263926e-06,3.4743759918198474e-06,5.3776322535802656e-08,1.896094012335697e-05,0.0009153910633594892,1.1058003262139018e-06
1,8.73542997502552e-07,5.996815991021733e-05,7.048268100439743e-07,0.0317537942193356,7.89325602083362e-07,2.9470389842060007e-08,1.5055329171339455e-05,3.0147004555446072e-05,3.858139718807041e-10,2.8017395410051455e-05,2.0872301330290628e-05,1.142035233650744e-06,8.713939433106696e-06,3.9653982438518074e-07,5.757024682403054e-12,9.896422572166787e-10,5.21046298335942e-07,0.9669698459254479,6.871241088247991e-10,1.4342556449633745e-05,4.464855905493748e-06,6.465072285102333e-08,2.0868149206114756e-05,0.0010679059213841078,1.4807362448780738e-06
2,8.270784557291135e-07,5.194630797202188e-05,4.7184993408429106e-07,0.024552312407537243,6.03328860280029e-07,2.2916003208850316e-08,1.1518962599524252e-05,2.262888558069638e-05,1.9868357719839622e-10,1.941266984153415e-05,1.5710578487074924e-05,1.2268537029289525e-06,6.6690027605181104e-06,3.7415181447524347e-07,5.508839361495849e-12,8.512679840096201e-10,6.315720375142033e-07,0.9743386105355676,4.730843190408384e-10,1.1605941682160412e-05,3.932384895846082e-06,8.233863223885459e-08,2.8164241597314576e-05,0.0009318958667948309,1.350596698307106e-06
3,6.60075279160983e-07,4.828352212225914e-05,4.598221496839012e-07,0.025571060919928605,6.067882575757676e-07,1.8849361238229682e-08,9.591030816182785e-06,2.0986712281052274e-05,1.8656041559801034e-10,1.87629276150111e-05,1.5267494592164944e-05,1.0037572267863455e-06,6.3940614780272225e-06,3.0809857051463e-07,3.50399966046641e-12,5.735592199680594e-10,4.830085942268365e-07,0.9733804005760907,3.956629233844214e-10,9.46516250521196e-06,3.488149466295593e-06,5.4188040957438644e-08,1.888981196758624e-05,0.000892704681617484,1.1092027527751983e-06
4,6.847695118974288e-07,5.370818172058565e-05,5.308464753988475e-07,0.02745364607385994,7.310863328482988e-07,2.2645221801617475e-08,1.0846543202019644e-05,2.033345546431739e-05,2.1303449374433958e-10,2.0813923344788678e-05,1.639855999984897e-05,1.096482476040565e-06,8.000794116451596e-06,3.9445271445943574e-07,3.961717160900233e-12,6.567959232887341e-10,4.7315720731230657e-07,0.9714539578822189,4.3070033759642173e-10,1.0114151716137463e-05,3.560068759774216e-06,5.734967943981776e-08,2.0688425474753847e-05,0.0009228039309638413,1.1359150469979663e-06
5,0.003141976837412433,0.0038816281067653806,0.0022179356209203562,0.025505442166633294,9.180470728346184e-05,4.2709208235189055e-05,0.010676850348630485,0.002465419961427389,2.0241505234752328e-05,0.000447085685383393,0.012363526704010837,0.0009463560693743326,0.000636965119118901,8.676040680329338e-05,4.3023915660575305e-07,2.7446234552012402e-06,6.678091126983943e-05,0.910867748215649,4.642520553828996e-06,0.0013864730749457038,0.00011280921899252714,9.082837965608328e-05,0.00028847773255567523,0.024371263320199264,0.00028309931633274134
6,6.60075279160983e-07,4.828352212225914e-05,4.598221496839012e-07,0.025571060919928605,6.067882575757676e-07,1.8849361238229682e-08,9.591030816182785e-06,2.0986712281052274e-05,1.8656041559801034e-10,1.87629276150111e-05,1.5267494592164944e-05,1.0037572267863455e-06,6.3940614780272225e-06,3.0809857051463e-07,3.50399966046641e-12,5.735592199680594e-10,4.830085942268365e-07,0.9733804005760907,3.956629233844214e-10,9.46516250521196e-06,3.488149466295593e-06,5.4188040957438644e-08,1.888981196758624e-05,0.000892704681617484,1.1092027527751983e-06
7,8.373811494153335e-07,7.68930055419028e-05,7.77082460450465e-07,0.02611341435414568,5.907423111312342e-07,1.5771051354286998e-08,1.5854713316788345e-05,2.3710308770974475e-05,3.120834915938624e-10,1.9257714927451162e-05,2.1718802225118493e-05,1.060156208720487e-06,1.3625675980736389e-05,3.0885342328448485e-07,3.652381335844782e-12,4.722439752456797e-10,5.137479414757963e-07,0.9722200740465566,4.2215673304629866e-10,1.3222172241919088e-05,2.4607205691722344e-06,4.7950631468449906e-08,1.3491751690432974e-05,0.0014610858304101128,1.038008309405213e-06
8,8.447523591860924e-07,6.32811501129835e-05,7.015734611262528e-07,0.04205880430623739,7.720560950529073e-07,1.7761567321349452e-08,1.3617666706179566e-05,2.8025767323476345e-05,2.0487207341318205e-10,2.9078484614633167e-05,1.159164652465123e-05,1.083210536099751e-06,8.301656496572301e-06,4.660392603701103e-07,4.053041711034279e-12,8.801303620460964e-10,5.986901467936977e-07,0.9563054771264967,4.242832983502078e-10,1.2042551307021034e-05,4.310491058731346e-06,5.692311601908314e-08,2.8284282904077662e-05,0.0014306322286061698,2.0101217308278204e-06
9,8.78969417395583e-07,7.811412219535668e-05,1.0450162109438853e-06,0.04546684651455945,8.267163342621779e-07,1.4997112740765416e-08,1.545768545318409e-05,3.231656653163305e-05,3.0930571892074974e-10,2.828000024325468e-05,1.4541939628417214e-05,1.1113534636343027e-06,1.163971030668173e-05,4.2694132843509397e-07,4.0172564480513755e-12,6.717909878391914e-10,6.171809388034824e-07,0.9523747709617214,4.340839658836331e-10,1.39875138444613e-05,3.82789419351804e-06,4.669793054204806e-08,1.973398350270007e-05,0.0019333728987319001,2.1409171535170983e-06
10,6.60075279160983e-07,4.828352212225914e-05,4.598221496839012e-07,0.025571060919928605,6.067882575757676e-07,1.8849361238229682e-08,9.591030816182785e-06,2.0986712281052274e-05,1.8656041559801034e-10,1.87629276150111e-05,1.5267494592164944e-05,1.0037572267863455e-06,6.3940614780272225e-06,3.0809857051463e-07,3.50399966046641e-12,5.735592199680594e-10,4.830085942268365e-07,0.9733804005760907,3.956629233844214e-10,9.46516250521196e-06,3.488149466295593e-06,5.4188040957438644e-08,1.888981196758624e-05,0.000892704681617484,1.1092027527751983e-06
11,6.72433598819081e-07,4.9767415128058495e-05,4.7484939359047203e-07,0.025555277302605182,6.144980946652217e-07,1.8812749269600423e-08,9.885767332297374e-06,2.0926603664730314e-05,1.9126564561702903e-10,1.9036321343378456e-05,1.5246808315452059e-05,1.0292883413062759e-06,6.95257078155329e-06,3.1778815009075757e-07,3.526296127718408e-12,5.773999680450423e-10,4.915243416017033e-07,0.9733621917556639,3.957757316830716e-10,9.650844897976805e-06,3.4034385678853207e-06,5.4664742007305e-08,1.892042555582689e-05,0.0009239632988130703,1.102419951510609e-06
12,4.5064925444806e-07,3.270495729295337e-05,2.2296504217065719e-07,0.01828709313123272,5.123458511917729e-07,1.645569729465262e-08,5.206631352604547e-06,1.023200167177225e-05,5.852470590184302e-11,1.300576252719828e-05,8.780984410170364e-06,8.879157717749978e-07,4.100148498348806e-06,3.2317294671487966e-07,2.007369267936272e-12,4.448271262709174e-10,3.7638357134217375e-07,0.9810772744670995,2.0441951292476428e-10,5.2508963898976875e-06,2.7560494238581805e-06,5.228285818219707e-08,2.3372413114598393e-05,0.0005266830242839172,6.966519307494868e-07
13,8.037653530482922e-07,5.050179986809084e-05,6.55288061146065e-07,0.02713083723151401,7.390335557584434e-07,1.9346515897232678e-08,1.0317860827323155e-05,2.3340437187352655e-05,2.476392470395197e-10,1.5099145212986603e-05,2.3117190093448597e-05,1.6114103890807382e-06,8.109408161160294e-06,3.8702569123927895e-07,4.5193033309632e-12,5.293034672733184e-10,6.215248936198724e-07,0.9717845225039647,4.789841788007237e-10,1.0384770250389384e-05,3.8991010647122015e-06,6.08219701142976e-08,1.8399719644039646e-05,0.0009153413065751167,1.2300487604994938e-06
14,1.139468648543976e-06,2.9366639147478164e-05,6.076020180197059e-07,0.025619581916215824,5.152778941228063e-07,1.6271527262539298e-08,1.0979232499565845e-05,2.545543240551547e-05,1.7038568955270746e-10,1.1854878840295248e-05,1.5683530512581045e-05,1.8400339209480723e-06,5.337948667693259e-06,3.3972571648325703e-07,4.221206847907346e-12,7.650012375384909e-10,7.207658573496256e-07,0.9733168958269905,4.1534609036880036e-10,1.1117356890756247e-05,3.7967858792414776e-06,6.195426582056945e-08,2.558695893897548e-05,0.0009175448781271811,1.5561600816810468e-06
15,6.60075279160983e-07,4.828352212225914e-05,4.598221496839012e-07,0.025571060919928605,6.067882575757676e-07,1.8849361238229682e-08,9.591030816182785e-06,2.0986712281052274e-05,1.8656041559801034e-10,1.87629276150111e-05,1.5267494592164944e-05,1.0037572267863455e-06,6.3940614780272225e-06,3.0809857051463e-07,3.50399966046641e-12,5.735592199680594e-10,4.830085942268365e-07,0.9733804005760907,3.956629233844214e-10,9.46516250521196e-06,3.488149466295593e-06,5.4188040957438644e-08,1.888981196758624e-05,0.000892704681617484,1.1092027527751983e-06
16,6.876147631606293e-07,4.9731059063801656e-05,5.020393019700483e-07,0.026177454560838167,6.391329496677175e-07,1.923574906750959e-08,9.928305159253199e-06,2.1734748991040087e-05,2.0142654221561978e-10,1.869181740219171e-05,1.5937540552010288e-05,1.054263678854313e-06,6.783220538289045e-06,3.20143003588354e-07,3.680216594506794e-12,5.776583930790739e-10,5.013059098520176e-07,0.972728579283114,4.082195749259188e-10,9.833934280815282e-06,3.4532811212322154e-06,5.5594504238997403e-08,1.903782916185132e-05,0.0009339042549693073,1.1496439629839192e-06
17,5.497998318366112e-07,3.854688586759748e-05,3.6689401554108923e-07,0.02937447664972083,5.523938429751629e-07,1.4618248738757704e-08,7.71627276021324e-06,1.5257043915923744e-05,1.0143863233396612e-10,1.490007192348367e-05,1.0926259002104335e-05,1.0638839190949055e-06,6.063570485154819e-06,3.9583296005159734e-07,2.121038570141435e-12,4.749586047000397e-10,3.867536311225423e-07,0.9698337573509931,2.7748877962023454e-10,7.963935710047983e-06,3.0988366972536604e-06,4.3101054813964e-08,2.156462680731955e-05,0.0006613045089239358,1.0498536818119138e-06
18,6.81323047958263e-07,3.598337924856423e-05,2.9084178924589717e-07,0.015299859540392717,3.14280760122603e-07,7.991100263883887e-09,6.2303020074217035e-06,1.4599697774529643e-05,8.320142546347192e-11,1.0411250650451521e-05,8.501177086288393e-06,9.38650973805353e-07,4.443569313124655e-06,1.9265843043673022e-07,2.0823989292852224e-12,2.8702620782834774e-10,5.652097958789265e-07,0.9837437877094453,2.101146222828611e-10,5.40873441340747e-06,2.35660373726878e-06,5.295698706212664e-08,1.3525841891473433e-05,0.0008509341691606839,9.135295696869327e-07
19,7.653571440228296e-07,3.235254691329527e-05,1.909915699629766e-07,0.014738269231155492,2.2810179561897598e-07,1.2532189470849257e-08,8.49155967499981e-06,1.4156121890985747e-05,8.385968837367232e-11,1.08085778291342e-05,1.1550229295164676e-05,6.169233593747706e-07,2.614154658775855e-06,1.5086500384833887e-07,2.8035173517525213e-12,4.939027930788893e-10,4.0210626010168337e-07,0.9844419921893298,2.7226820160105396e-10,6.029605141456637e-06,3.09109600751634e-06,4.1601142758957636e-08,2.0224094692368362e-05,0.0007070807452362009,9.30516875341223e-07
20,7.510258186463248e-07,3.2055351739000655e-05,5.236027603589594e-07,0.02559196799108067,4.843596956122157e-07,2.475550358602418e-08,1.1532118840220737e-05,1.0564487741175604e-05,1.492409660006501e-10,1.290094470591116e-05,1.9640258753623964e-05,8.722497190161179e-07,6.033197066651264e-06,3.056326880050089e-07,2.1848659120874193e-12,6.267039104595545e-10,2.2829391003865494e-07,0.973558342423243,2.525275883027226e-10,8.64374706565022e-06,2.6281135057027918e-06,1.8016859968870246e-08,1.67202074849056e-05,0.0007247815453214322,9.806458392690256e-07
21,6.492481226152731e-07,3.284687744080626e-05,4.1323671896478373e-07,0.02562593213109883,5.285029059274102e-07,2.2267010618166415e-08,1.0554412684007978e-05,1.3724834481683621e-05,1.1853081694050416e-10,1.6057694313390526e-05,1.4336167880822799e-05,1.184770132415719e-06,7.16081143408481e-06,3.799229771797377e-07,2.5147089031231243e-12,7.518102374555532e-10,3.2728966083300767e-07,0.9735679202130533,2.859077813508292e-10,9.977454675293478e-06,3.084992847118704e-06,3.5971688741598706e-08,2.25630005514869e-05,0.0006714440455570365,8.549960012331729e-07
22,8.932832514819056e-07,0.00013191991995159308,8.66621471512912e-07,0.06496853322094485,1.3445063590876386e-06,2.79351141380413e-08,1.9774811638114926e-05,4.111582766512401e-05,5.706037809291792e-10,4.466412579347529e-05,1.8623445237042145e-05,1.1790278298286732e-06,1.651390139251426e-05,6.917830939503968e-07,7.684325161196743e-12,7.241190728958296e-10,5.681416271807707e-07,0.9330615606837751,8.491282453364933e-10,1.4854010239790592e-05,4.067874342803184e-06,8.020534463365329e-08,2.9354285219743477e-05,0.0016404015456211215,2.962692551415073e-06
23,6.60075279160983e-07,4.828352212225914e-05,4.598221496839012e-07,0.025571060919928605,6.067882575757676e-07,1.8849361238229682e-08,9.591030816182785e-06,2.0986712281052274e-05,1.8656041559801034e-10,1.87629276150111e-05,1.5267494592164944e-05,1.0037572267863455e-06,6.3940614780272225e-06,3.0809857051463e-07,3.50399966046641e-12,5.735592199680594e-10,4.830085942268365e-07,0.9733804005760907,3.956629233844214e-10,9.46516250521196e-06,3.488149466295593e-06,5.4188040957438644e-08,1.888981196758624e-05,0.000892704681617484,1.1092027527751983e-06
24,4.616717748432773e-07,5.565217942111146e-05,3.9425363568085824e-07,0.0335537560204994,7.051889626279647e-07,1.9026373438326968e-08,8.218353201107862e-06,1.7117285581417264e-05,1.4854729148004094e-10,2.2272007513239352e-05,1.2421981846702081e-05,8.502716002897954e-07,7.347949498726919e-06,4.146630499889812e-07,2.481461857468706e-12,5.001384587749732e-10,3.420697576631544e-07,0.9655961814986639,3.587803596998771e-10,9.147785987130934e-06,3.3118824634700156e-06,4.580935544693762e-08,1.8774477615201885e-05,0.000691501790779552,1.062822471391137e-06
25,6.834074613013206e-07,4.281074486469281e-05,4.777641085579622e-07,0.027197835944352287,5.484316123768854e-07,1.4607475529993047e-08,1.0065208112628514e-05,2.5152686762280476e-05,1.7534723127308275e-10,1.6781390377174804e-05,1.6161096265702132e-05,1.1379692309053583e-06,6.587434792856161e-06,2.757121117164526e-07,2.9963387967723516e-12,5.30516961473871e-10,5.402489233447579e-07,0.9717044689469438,4.067692507665986e-10,1.033584789196736e-05,3.516977574035732e-06,4.9432917611114796e-08,1.7848922654996878e-05,0.0009436709438578964,1.0351660785917578e-06
26,3.738503697860505e-07,0.00013041308081721575,5.009447627515192e-07,0.12331932806786937,4.259569234547311e-06,3.4854664105886823e-07,1.902094429385439e-05,2.6032051962950128e-05,6.091982027358446e-10,0.00010085863339896133,5.403998419107063e-05,1.584096002150669e-06,1.1111911612694687e-05,3.8584941483455165e-06,1.8455786194126737e-11,4.618084301884836e-09,1.80359442892643e-07,0.8759697955707098,2.7382531395021585e-09,3.0480299867420547e-05,1.5545004688388042e-05,1.331320117204762e-07,9.277337735704631e-05,0.00021689300541801924,2.4610912084753434e-06
27,8.13243442022774e-07,5.421051471473176e-05,5.020835277649549e-07,0.023021750096914973,5.780991075276915e-07,2.164337988214372e-08,1.0361737835007438e-05,2.850344129992339e-05,2.9599746684448356e-10,2.2360130022366317e-05,1.528514833683817e-05,9.764640634175621e-07,5.938851172370791e-06,2.6098797081714936e-07,5.342771241982773e-12,7.010386039686306e-10,6.074307294187507e-07,0.9757558903117476,5.168335146968072e-10,1.1346633627989395e-05,3.719053227956231e-06,7.900259899718017e-08,1.871372332891651e-05,0.001046603043876774,1.47683986235719e-06
28,6.60075279160983e-07,4.828352212225914e-05,4.598221496839012e-07,0.025571060919928605,6.067882575757676e-07,1.8849361238229682e-08,9.591030816182785e-06,2.0986712281052274e-05,1.8656041559801034e-10,1.87629276150111e-05,1.5267494592164944e-05,1.0037572267863455e-06,6.3940614780272225e-06,3.0809857051463e-07,3.50399966046641e-12,5.735592199680594e-10,4.830085942268365e-07,0.9733804005760907,3.956629233844214e-10,9.46516250521196e-06,3.488149466295593e-06,5.4188040957438644e-08,1.888981196758624e-05,0.000892704681617484,1.1092027527751983e-06
29,6.60075279160983e-07,4.828352212225914e-05,4.598221496839012e-07,0.025571060919928605,6.067882575757676e-07,1.8849361238229682e-08,9.591030816182785e-06,2.0986712281052274e-05,1.8656041559801034e-10,1.87629276150111e-05,1.5267494592164944e-05,1.0037572267863455e-06,6.3940614780272225e-06,3.0809857051463e-07,3.50399966046641e-12,5.735592199680594e-10,4.830085942268365e-07,0.9733804005760907,3.956629233844214e-10,9.46516250521196e-06,3.488149466295593e-06,5.4188040957438644e-08,1.888981196758624e-05,0.000892704681617484,1.1092027527751983e-06
30,6.60075279160983e-07,4.828352212225914e-05,4.598221496839012e-07,0.025571060919928605,6.067882575757676e-07,1.8849361238229682e-08,9.591030816182785e-06,2.0986712281052274e-05,1.8656041559801034e-10,1.87629276150111e-05,1.5267494592164944e-05,1.0037572267863455e-06,6.3940614780272225e-06,3.0809857051463e-07,3.50399966046641e-12,5.735592199680594e-10,4.830085942268365e-07,0.9733804005760907,3.956629233844214e-10,9.46516250521196e-06,3.488149466295593e-06,5.4188040957438644e-08,1.888981196758624e-05,0.000892704681617484,1.1092027527751983e-06
31,6.737499595536286e-07,4.8532892104452887e-05,4.1863295228762687e-07,0.023869871480500668,6.209329563395525e-07,3.21586804391331e-08,1.1199657472797772e-05,1.8034948809765656e-05,2.3807438781274405e-10,1.9926747606577843e-05,2.200431736975351e-05,1.0213063880366276e-06,5.786057659356224e-06,3.3433163138564435e-07,5.811016997937013e-12,8.074685784176342e-10,4.603051584090799e-07,0.9752097104314128,4.664409756504961e-10,1.001638277646455e-05,4.262403949289955e-06,6.240537330008917e-08,2.5378496538628824e-05,0.0007504682091006925,1.1826338040375677e-06
32,7.183214622260516e-07,5.068071450718159e-05,4.85511707558374e-07,0.02619030744674612,6.23929916764952e-07,1.977846320222395e-08,1.0346038780767211e-05,2.3108736799987968e-05,2.1102858382104413e-10,1.9783272758160584e-05,1.5973377431923573e-05,1.049162522394345e-06,6.574052967907477e-06,3.23450423692484e-07,3.974144724749384e-12,6.329817407862999e-10,5.175653864351269e-07,0.9727335456130604,4.613461745629672e-10,1.0154296819932925e-05,3.7388199931108064e-06,5.998460430479144e-08,1.9410699994335464e-05,0.0009113767919284613,1.2011243946936423e-06
33,7.777556555116598e-07,4.43851039288195e-05,6.688163020484285e-07,0.030297515948042145,6.585224756082679e-07,2.2603430376598947e-08,1.1897759882017193e-05,2.4332507049868743e-05,2.942208041549995e-10,1.9370773278978338e-05,2.097363533553662e-05,1.115061804253696e-06,6.410749397532806e-06,3.0039860115849725e-07,4.385255213362592e-12,6.717241470839241e-10,4.70816368296213e-07,0.9684873249651443,4.497087850908792e-10,1.0766690338754928e-05,4.258625057020941e-06,4.073460159316568e-08,1.8442674450416655e-05,0.0010487699786054158,1.4944602114735905e-06
34,1.2169451600167626e-06,6.84565448867152e-05,7.859461125914062e-07,0.02750264909296706,7.164566028607917e-07,2.8360150512809805e-08,1.6402175675824924e-05,3.217286661448609e-05,5.546718097701047e-10,2.4314438319222302e-05,2.3108910865579488e-05,1.1594907385125637e-06,8.790132936068294e-06,3.6690691877624485e-07,7.589134784389134e-12,8.501516377134962e-10,5.767722104774201e-07,0.9710652349393345,7.959653681588838e-10,1.303566980589277e-05,4.23927086618434e-06,7.131238088579659e-08,1.7487265320562318e-05,0.0012173396012894275,1.8446924658088044e-06
35,6.602929967152023e-07,4.8641699569763444e-05,4.6582294897082996e-07,0.02581267588357669,6.177908919824658e-07,1.9219478179399045e-08,9.691122977285635e-06,2.0881535982053308e-05,1.872918103447548e-10,1.8872055193832023e-05,1.545673424590892e-05,1.013621993057326e-06,6.478919042402444e-06,3.15140917067456e-07,3.548299093112845e-12,5.827884800683227e-10,4.824224175191963e-07,0.9731365394998607,3.970667353499154e-10,9.541534507280517e-06,3.50887882548172e-06,5.4327003831661084e-08,1.922004330823654e-05,0.000893750925365132,1.1113582025567535e-06
36,1.322907620893656e-06,7.066589760361104e-05,1.2480658291668985e-06,0.041939094334551834,1.2899044474138477e-06,1.556790252789972e-08,1.2630029922385637e-05,5.348573308611891e-05,3.9829644361387897e-10,2.620548517822886e-05,1.6455149484213108e-05,2.8403201189132363e-06,1.4205613096654563e-05,5.670810940674099e-07,6.963199221132361e-12,7.372806714777333e-10,1.6148726950121557e-06,0.9560204831311343,8.267587954068827e-10,1.3686485643351692e-05,5.25540850656938e-06,1.1857422024680936e-07,2.1186661255951813e-05,0.0017952892472205485,2.3375600887259753e-06
37,7.718189000634089e-07,4.28910812113326e-05,4.4107464323236975e-07,0.02196674149978931,4.879505364080983e-07,1.4949613667929565e-08,9.507225682538205e-06,1.696817581180133e-05,1.4112541024142872e-10,1.4070534037635109e-05,1.3460819622820435e-05,9.87888899803332e-07,6.205088580378023e-06,2.9727082307084127e-07,2.709981013283207e-12,4.891149957345922e-10,4.4113422339419013e-07,0.9770271810591933,3.205129117885723e-10,8.182599139977528e-06,2.763991327573292e-06,4.548161599754469e-08,1.6614763698929915e-05,0.0008709306798583594,9.939593271859306e-07
38,7.683492050424457e-07,4.1480593665221165e-05,4.025390631694178e-07,0.01971133849849007,5.001818210079981e-07,2.5360563463106563e-08,1.1745304830923875e-05,1.7031998061580393e-05,1.7842468793226436e-10,1.720954483406206e-05,1.7521941677619468e-05,9.55250101791342e-07,5.581847768810943e-06,2.8952661320858586e-07,4.269942858888058e-12,7.943073657758405e-10,4.183031756235189e-07,0.9793203580256682,3.9144536065651804e-10,9.438545287727759e-06,3.450732418688397e-06,5.3144906439807253e-08,2.2390314451615273e-05,0.0008180752610796534,9.633678687423696e-07
39,6.609210241657123e-07,4.2038931633924506e-05,4.6529962406090186e-07,0.026273210600082277,6.127676209029135e-07,1.9591221240549076e-08,9.42584833764192e-06,2.2675478148563893e-05,1.8577210647730315e-10,1.8911487318366286e-05,1.5508234501435368e-05,1.0651253491570856e-06,5.853848061888641e-06,2.934272726944969e-07,3.4929906710851198e-12,6.441030660620084e-10,4.933925148033984e-07,0.9727002114723465,4.0999781592041583e-10,9.964263993453769e-06,3.857282469087124e-06,5.1792027575393e-08,1.962241328994408e-05,0.0008739339304526337,1.1226493437155838e-06
40,9.719810471711698e-07,5.8539272456267925e-05,4.78448074885371e-07,0.01709241315289385,5.957024966532324e-07,2.1438833268632675e-08,9.439575954853579e-06,1.5296245195403153e-05,1.974975210816393e-10,1.389571943835419e-05,1.5620054953601632e-05,1.1309635461762055e-06,6.109249205338226e-06,4.108052729066319e-07,5.178897112955186e-12,5.483382443902982e-10,5.416797800730882e-07,0.9819508888938236,4.383440138718758e-10,7.251045057654451e-06,3.133494424889883e-06,8.527853088258906e-08,1.8572117059606404e-05,0.0008033364439403493,1.2672486555741616e-06
41,9.997199744673125e-07,0.000124548452227281,1.9835602748960982e-06,0.05977889818570101,2.6730611479555447e-06,7.40733564446243e-08,2.014048553567947e-05,4.2609590882414366e-05,1.3521437358061353e-09,6.124087808141315e-05,2.9713741033091302e-05,1.2826346252414854e-06,1.6108598014386426e-05,9.101741456219357e-07,1.4496984652923779e-11,1.6092617213995541e-09,5.491748668327982e-07,0.9380284587049972,1.1203302375399126e-09,1.901151231746173e-05,6.6913390352027365e-06,7.980966394476486e-08,2.591145264038769e-05,0.0018349412566221776,3.1694986243051944e-06
42,9.310843856811987e-07,5.736494480012295e-05,5.022999695167073e-07,0.026599119231061355,5.824160439558612e-07,1.8970526919816433e-08,1.285109432813408e-05,5.192961489956879e-05,3.035423665798927e-10,2.6984184019092798e-05,1.74670257043216e-05,1.2059712878914913e-06,5.351792738799243e-06,2.5081223804078583e-07,7.135160029616063e-12,1.031266120534698e-09,9.987359043616997e-07,0.9720170053863958,8.639563540791075e-10,1.613148099971975e-05,5.747379475553232e-06,1.2893835747168526e-07,2.3701816301768397e-05,0.0011602078732155727,1.5167414462425782e-06
43,4.4445339487679235e-07,4.156614830880896e-05,2.4701924136421776e-07,0.023461233469911916,7.059887905079562e-07,3.028169940327357e-08,6.800401957985065e-06,2.487763187794769e-05,1.782361796391353e-10,3.381096076698668e-05,1.2854008389000917e-05,6.993685942815123e-07,3.514672199732991e-06,2.190308756033756e-07,4.3981795363694665e-12,8.788602979110934e-10,4.794917187562436e-07,0.9756615562486762,4.916983749785264e-10,7.884210318673208e-06,5.885263218050519e-06,7.163259644949772e-08,2.262450116407632e-05,0.0007135127773545283,9.808857517182504e-07
44,6.60075279160983e-07,4.828352212225914e-05,4.598221496839012e-07,0.025571060919928605,6.067882575757676e-07,1.8849361238229682e-08,9.591030816182785e-06,2.0986712281052274e-05,1.8656041559801034e-10,1.87629276150111e-05,1.5267494592164944e-05,1.0037572267863455e-06,6.3940614780272225e-06,3.0809857051463e-07,3.50399966046641e-12,5.735592199680594e-10,4.830085942268365e-07,0.9733804005760907,3.956629233844214e-10,9.46516250521196e-06,3.488149466295593e-06,5.4188040957438644e-08,1.888981196758624e-05,0.000892704681617484,1.1092027527751983e-06
45,1.0752961563604628e-06,6.648505664710698e-05,9.988454523407143e-07,0.03196893050874967,1.0089667734918535e-06,2.6177740552513293e-08,1.8971924228953324e-05,4.2860420897732005e-05,4.433579486387292e-10,2.786684073434704e-05,2.329207504422023e-05,1.6221579005340374e-06,1.2754847190322496e-05,4.1735143715132835e-07,6.944126666950317e-12,1.0139351876841005e-09,8.054873963472048e-07,0.9660871356005155,7.282469935398123e-10,1.7187708307038188e-05,3.993100863936864e-06,8.752599184243813e-08,2.3822793343854935e-05,0.001699289888225472,1.3652339187014774e-06
46,8.854857512656175e-07,3.722371781568706e-05,4.3544069549199815e-07,0.02095830725383228,4.188858004415893e-07,5.5743331831737405e-09,6.035598263995502e-06,3.662893392227244e-05,1.1734264676262903e-10,1.2171511962610448e-05,1.0476425108566539e-05,1.6114831624803357e-06,5.295898938726162e-06,1.4808469048213598e-07,2.8449289306593697e-12,3.259517341444768e-10,1.7547387874934724e-06,0.9774500932248572,3.4154705606078256e-10,7.978479377670037e-06,3.6740440588604566e-06,7.900938958362482e-08,1.4651714365191098e-05,0.001450973981620451,1.1497255798009284e-06
47,6.21584546935706e-07,5.08325630901531e-05,4.929877131052215e-07,0.028298762783029806,6.882955113607005e-07,2.041166291508829e-08,9.865794866004539e-06,2.1512555182006206e-05,2.0236051240915773e-10,2.0238525845389403e-05,1.623549403583989e-05,9.972393545601876e-07,6.763170286714547e-06,3.365708536595344e-07,3.6266115529077795e-12,5.867951996239652e-10,4.673794778464908e-07,0.9706247984472178,4.1119934218238633e-10,9.665070323794334e-06,3.674422982995882e-06,5.220877041966109e-08,1.9813237614125778e-05,0.0009130131801223757,1.1468735305123917e-06
48,8.398415748601378e-07,8.521453920100855e-05,3.2788536761065494e-07,0.021426514093330327,4.7454121758682335e-07,1.0341669243283143e-08,1.1134976088380672e-05,4.001705716306298e-05,1.8145495924878259e-10,2.6510496172548986e-05,1.1105890141434723e-05,9.253722718470185e-07,7.322876547667059e-06,2.3147117838510314e-07,4.953218877200208e-12,5.423569107079336e-10,1.1996600744375035e-06,0.9769696346026336,6.719629511938939e-10,9.885927462738257e-06,3.860480456822665e-06,1.359528992428143e-07,1.976096208041582e-05,0.0013837663506696225,1.1252810711829435e-06
49,6.405516229037345e-07,3.744608093038974e-05,4.6474450642008356e-07,0.022940967371669712,6.100092378885126e-07,2.08106015907514e-08,8.370663899002374e-06,1.835089793199178e-05,1.5747132377990036e-10,1.5766413114250292e-05,1.510669158351672e-05,1.2534264025603686e-06,6.021000039429468e-06,3.2299520226299805e-07,3.2385499910579306e-12,6.152293334114438e-10,4.6948855330427943e-07,0.9761844621008581,3.4319670439082167e-10,9.869847492713014e-06,3.298741236805469e-06,5.652489219742608e-08,1.9835802656486865e-05,0.0007356768860531547,9.878323793335556e-07
50,7.870248597564716e-07,7.64092536119218e-05,5.469611599803327e-07,0.03336960018244074,7.82839822008191e-07,3.0094548880487785e-08,1.875036962933254e-05,2.778972096240918e-05,3.1688287334511836e-10,3.947488179758263e-05,1.5107769529593435e-05,8.295881870149417e-07,1.0642070777440809e-05,5.197092159991458e-07,4.492140433612684e-12,1.0924176308008873e-09,3.865195163435046e-07,0.9654032291486401,7.250101837329635e-10,1.4174004932937595e-05,3.474597821604328e-06,7.813670538062527e-08,2.2703817372300373e-05,0.0009934228986201005,1.2582710457952083e-06
51,8.371424183161259e-07,5.1917945016015966e-05,5.968328415335493e-07,0.02607548169178005,7.327478765026126e-07,2.374376180132441e-08,1.09127201072671e-05,2.32641089080393e-05,2.3122356723654618e-10,1.939148584111229e-05,1.7980814921454964e-05,1.2372268076865142e-06,6.866995992581195e-06,3.499950023193548e-07,5.020425330130898e-12,7.629665301221605e-10,6.052326394159038e-07,0.9726891162488293,4.5487373419204445e-10,1.0959506369222814e-05,3.942857003148674e-06,6.482807467482883e-08,2.3006888458414104e-05,0.0010613570366231509,1.3524966437422096e-06
52,5.998702754306612e-07,4.1391931346861283e-05,3.71226689473595e-07,0.021259208152516584,5.034520686760331e-07,2.0067310928654425e-08,8.906188109615464e-06,1.662090463302726e-05,1.6021139325125123e-10,1.692023626608227e-05,1.4340775181421252e-05,8.59162002920744e-07,5.614905772250525e-06,2.6912780402064876e-07,3.087913049693787e-12,5.580232182872735e-10,3.8844188593204023e-07,0.9778456371528914,3.290326699806396e-10,8.633319648057575e-06,3.0267291409760433e-06,4.828012673545937e-08,1.812031444195164e-05,0.0007576048297654259,9.138817670595073e-07
53,4.873506776558358e-07,5.513646382905141e-05,4.743051979230547e-07,0.032175317904359235,1.1261767148971349e-06,1.507850868510194e-08,4.592305014357862e-06,2.2868369321457245e-05,1.6686320065747752e-10,2.0732883817126605e-05,1.1348698709526242e-05,1.1564006959495366e-06,6.492977576071691e-06,3.765572830478612e-07,2.483452335435726e-12,3.1213905794058137e-10,5.498519275580741e-07,0.9668776230852104,3.9016857858165495e-10,6.103398335961568e-06,4.044026746236169e-06,5.620563238788486e-08,1.2498370268215231e-05,0.0007978291828245699,1.1695356952905789e-06
54,1.1324827492587226e-06,7.968035052886735e-05,6.181751291862043e-07,0.029137752518273642,6.177654840024569e-07,2.7924327115680683e-08,1.878603574221102e-05,1.9438728833935565e-05,2.597677626225935e-10,2.7333632655039597e-05,1.4709942839037247e-05,1.0829922614873015e-06,9.792085690097535e-06,5.592343640628322e-07,6.145100543655548e-12,1.0701530762340292e-09,4.470622686496588e-07,0.9695346832266478,5.098230063508739e-10,1.2556787614416625e-05,3.5998011838122152e-06,7.188637910231206e-08,2.670306882677934e-05,0.0011084840540325346,1.920398280018348e-06
55,6.422714401478485e-07,6.638228607595152e-05,4.2432368277936083e-07,0.034021674561800413,1.3210610490943294e-06,5.220015115160362e-08,1.3743803918115233e-05,2.6259233325651477e-05,1.7218375997265185e-10,3.948610623587995e-05,1.9793554593760908e-05,9.828101980877906e-07,4.745056533007564e-06,6.812496788006627e-07,8.541187123139782e-12,2.113895103903046e-09,6.05412289050964e-07,0.9648634100861899,7.897187672474131e-10,1.1125998393347328e-05,8.461684800721267e-06,1.1830711541278254e-07,6.37164508293469e-05,0.0008551188446816737,1.2516126788848236e-06
56,6.851891572146507e-07,5.148809585369731e-05,4.932626554949781e-07,0.026022948207834216,6.28869011500665e-07,1.8983325696775288e-08,1.0158374882462345e-05,2.1506116271449216e-05,2.0139338428418367e-10,1.934151881772583e-05,1.5635759376115315e-05,1.0457956290941404e-06,7.273990275700294e-06,3.238753408053929e-07,3.643611273419317e-12,5.818338609280516e-10,5.03213101202633e-07,0.97286980267843,4.125141079766782e-10,9.951231731666935e-06,3.423413595241477e-06,5.551481219897484e-08,1.8810061835650794e-05,0.0009447843319180873,1.1203167594363723e-06
57,7.834782922739177e-07,5.566835155723179e-05,8.597658265676334e-07,0.03579112610182463,1.1229474130191485e-06,2.0700407698899277e-08,9.303837902549606e-06,3.772422634581373e-05,3.302608896975545e-10,2.545893166515192e-05,1.7704796316259964e-05,1.9191152651381767e-06,1.0007772264921873e-05,4.304701150246525e-07,4.8710627775232874e-12,6.923712594281673e-10,8.893078396517978e-07,0.962900732606084,6.470057076329128e-10,1.3412817328910814e-05,4.8730990601760375e-06,8.410795035263393e-08,1.7480210727060193e-05,0.0011088568379020863,1.5388434024311536e-06
58,6.728488903181181e-07,4.7964080727310684e-05,4.4871576863783716e-07,0.023339019276015414,5.620544134736111e-07,1.6122489396552276e-08,9.412298551679051e-06,2.1240833762317728e-05,1.7088598972534224e-10,1.7949907148721935e-05,1.4252474014814818e-05,9.795335148671366e-07,6.236625112967698e-06,2.719083425266693e-07,3.3931750662316814e-12,5.295897591226548e-10,5.388647996449301e-07,0.9755001046080194,3.6411238253688534e-10,8.772735100994599e-06,3.379160612123807e-06,5.483708469111631e-08,1.839459231461419e-05,0.0010086705901593501,1.0568651752407013e-06
59,7.375537059284893e-07,4.476885632663116e-05,5.13907316282541e-07,0.022929062418167362,5.373547926934393e-07,1.5219226198147666e-08,9.917061524732988e-06,2.1588812078242912e-05,1.7576207055683683e-10,1.642861586211283e-05,1.4493425441952164e-05,1.0208893431552133e-06,6.24370926013275e-06,2.58564910323469e-07,3.3409713719242747e-12,5.350370956055702e-10,5.444433358675501e-07,0.9758060531303325,3.377542143836459e-10,9.148419247193956e-06,3.2299791126168446e-06,4.9909391079363006e-08,1.7740046227100398e-05,0.0011165481395404458,1.0984929630414264e-06
60,6.60075279160983e-07,4.828352212225914e-05,4.598221496839012e-07,0.025571060919928605,6.067882575757676e-07,1.8849361238229682e-08,9.591030816182785e-06,2.0986712281052274e-05,1.8656041559801034e-10,1.87629276150111e-05,1.5267494592164944e-05,1.0037572267863455e-06,6.3940614780272225e-06,3.0809857051463e-07,3.50399966046641e-12,5.735592199680594e-10,4.830085942268365e-07,0.9733804005760907,3.956629233844214e-10,9.46516250521196e-06,3.488149466295593e-06,5.4188040957438644e-08,1.888981196758624e-05,0.000892704681617484,1.1092027527751983e-06
61,7.244976983600194e-07,4.7766263605780755e-05,5.557809943872691e-07,0.02462223543306798,6.094251237698488e-07,1.6650898400573705e-08,9.92456051084427e-06,2.285232781972324e-05,1.9891610005200967e-10,1.7299369379915413e-05,1.5945837460588694e-05,1.0938222611480245e-06,6.640583466190095e-06,2.8567028814267616e-07,3.6263823333377203e-12,5.494055447444767e-10,5.601105047234412e-07,0.9741413740476406,3.797313488427244e-10,9.706491376516245e-06,3.4643991665240004e-06,5.334219383639656e-08,1.778628866739961e-05,0.0010799593174690607,1.1446487265622814e-06
62,6.60075279160983e-07,4.828352212225914e-05,4.598221496839012e-07,0.025571060919928605,6.067882575757676e-07,1.8849361238229682e-08,9.591030816182785e-06,2.0986712281052274e-05,1.8656041559801034e-10,1.87629276150111e-05,1.5267494592164944e-05,1.0037572267863455e-06,6.3940614780272225e-06,3.0809857051463e-07,3.50399966046641e-12,5.735592199680594e-10,4.830085942268365e-07,0.9733804005760907,3.956629233844214e-10,9.46516250521196e-06,3.488149466295593e-06,5.4188040957438644e-08,1.888981196758624e-05,0.000892704681617484,1.1092027527751983e-06
63,6.804245272747762e-07,5.4082973909046055e-05,4.61062801655654e-07,0.024795725241725283,5.903031718701398e-07,1.829777890216881e-08,9.896294719686523e-06,2.1371084807922955e-05,1.9962125322265026e-10,1.9322727984944105e-05,1.532193594300111e-05,9.536316538970469e-07,6.681535326981025e-06,2.99368937622765e-07,3.721834900675372e-12,5.549754353375526e-10,5.019796115977921e-07,0.9740932458736363,4.118743560530255e-10,9.521885974666638e-06,3.43649616083006e-06,5.710850982362773e-08,1.813139278353926e-05,0.0009485643766988784,1.134833143682704e-06
64,6.303701179945869e-07,4.419353401070237e-05,4.074327236963022e-07,0.025139763362613286,5.891485025196977e-07,1.8122935133702753e-08,8.755564102373962e-06,2.1894065084172783e-05,1.7488752075829898e-10,1.8537868952260403e-05,1.559163985361698e-05,9.940177165122388e-07,5.211221608524449e-06,2.764330680886866e-07,3.6331777671702036e-12,5.741457411928445e-10,5.072336379627831e-07,0.9738536872141699,4.1578451220569744e-10,8.467992658348947e-06,4.326155169798182e-06,5.207555317316966e-08,1.899220794959044e-05,0.0008559808593260787,1.122311795475086e-06
65,1.9987650297422683e-07,9.28680741112776e-06,1.3127771704723918e-07,0.020499598171465207,5.953060039553027e-07,4.0149792421753975e-08,2.4590476440926105e-06,4.761007179387698e-06,2.842149233137902e-11,1.022390384008205e-05,9.679253317629487e-06,9.478639594028022e-07,1.551832113837168e-06,3.530945100738467e-07,1.1394248294331337e-12,6.727443727871736e-10,1.354473680607341e-07,0.9792799413308413,1.307627392471971e-10,4.208579111658308e-06,4.2709369926508715e-06,2.1323231181812213e-08,2.891422779034789e-05,0.00014218865375504314,4.910763846750391e-07
66,6.815520133507616e-07,4.981940784211618e-05,5.139300586053157e-07,0.02840893520591002,6.647535446456856e-07,2.1182836544481853e-08,1.0759078734978565e-05,2.3418489205049688e-05,2.1611081958515543e-10,2.169821743304956e-05,1.580606481482295e-05,1.0652095229230495e-06,7.392361128496075e-06,3.4253401683752145e-07,3.597935131740636e-12,6.809155734733665e-10,4.7223837691798433e-07,0.970523049805805,4.535027415128419e-10,1.1310284898381328e-05,3.5649764450651256e-06,5.612205842490457e-08,1.9263675513491818e-05,0.000900015532014289,1.148023700262527e-06
67,6.596988013432237e-07,5.1530482574627377e-05,4.5959421478640936e-07,0.025620212195330963,6.197969365918997e-07,1.7764950446845873e-08,9.423243653856873e-06,2.2640214234063815e-05,1.9927404927883427e-10,1.980213154486537e-05,1.5092600673018673e-05,9.611541336758761e-07,6.4641507640915266e-06,2.922091550712605e-07,3.5054493123758924e-12,5.321439278462837e-10,5.050989125274965e-07,0.9732734329242471,4.1467511434567575e-10,9.08902446568604e-06,3.528209516827751e-06,5.576865075484388e-08,1.7350945411365495e-05,0.0009467489740982534,1.1126681313968998e-06
68,4.908877789037253e-07,2.6153141249277914e-05,2.2160662422507536e-07,0.015541953805373206,2.853862990989177e-07,1.3706083261850388e-08,5.8366115356539986e-06,1.2123011997850044e-05,8.491269541466649e-11,1.0054752554924536e-05,1.2294742540307625e-05,7.847263890517385e-07,3.084472712421404e-06,1.5514343372398003e-07,2.17921963108171e-12,3.879309449133371e-10,3.693662195830457e-07,0.9837954987754365,2.0376685019059577e-10,6.551516667689183e-06,2.795396754666796e-06,3.720389267115792e-08,1.6906345767739853e-05,0.0005636202137734608,7.685081260532273e-07
69,6.543940748340532e-07,4.919950075339159e-05,4.4841043984188964e-07,0.024935588833531724,6.302606050398736e-07,1.964298156690329e-08,9.409636601275898e-06,2.024398604498611e-05,1.85838555895942e-10,1.877804804625115e-05,1.5397805943430027e-05,1.0007023596114068e-06,6.4234649070774665e-06,3.1851202266438e-07,3.574087045334865e-12,5.63960265573598e-10,4.7633945405586984e-07,0.9740371573703098,3.963639246947963e-10,8.995416260896252e-06,3.4677987790198134e-06,5.595140351901551e-08,1.9026646145008325e-05,0.0008716323910137945,1.0737385853317564e-06
70,6.446615038099715e-07,4.958464133743305e-05,4.1458317072956516e-07,0.024174278592485696,5.558476571826121e-07,1.6728915061940144e-08,9.425030275193982e-06,2.3618080348308393e-05,1.8733193570543237e-10,1.949937459490706e-05,1.4994435395502008e-05,8.974608157580724e-07,5.834471103663798e-06,2.489723198820572e-07,3.5143593149398e-12,5.334193142287667e-10,5.201972675704155e-07,0.9746905031804026,4.0687798057973226e-10,9.066033504672255e-06,3.5801623126386244e-06,5.534139207124262e-08,1.775033066923013e-05,0.0009774548017381975,1.055941646281392e-06
71,6.964467352132835e-07,4.058710735999469e-05,4.225904528272143e-07,0.023537374727342658,4.7677802229486316e-07,1.5971153910568753e-08,9.99386573380637e-06,2.0608228545458745e-05,1.5806061801224812e-10,1.570408252985188e-05,1.4763133948782366e-05,1.0121670343239756e-06,5.891759793692634e-06,2.651965978496535e-07,3.0870850239369956e-12,5.714194418426533e-10,4.827581897300073e-07,0.9754476536479358,3.6295043110303147e-10,9.855673477150795e-06,3.240863147774326e-06,4.9394846023372224e-08,1.8800933487868408e-05,0.0008710961884844112,1.0073896629359528e-06
