,0,1,2,3,4,5,6,7,8,9,10,11,12,13,14,15,16,17,18,19,20,21,22,23,24
0,8.16193928654385e-07,0.9286928118430317,1.7757799892471957e-06,2.8688547773060253e-06,1.8042524386718673e-05,2.7177037354997523e-06,2.4489039025755173e-08,6.519018479974823e-06,0.0005624565678476684,4.4771571892709925e-08,0.0001808058344741548,2.4221487137015944e-05,5.624740347047609e-12,7.503442008444038e-07,0.04624601113697411,5.252075836971255e-08,1.4176557546546442e-07,3.879630678650712e-08,3.104882405347735e-05,4.888266075658985e-11,1.160310167555014e-06,0.02308465023104419,8.540759915802139e-07,1.1802354362185999e-09,0.001142185691785721
1,6.889105663698296e-07,0.9386831608547522,1.9793948523439394e-06,2.143183195819434e-06,1.9466791340052493e-05,2.527467793890232e-06,1.7960434799969374e-08,5.391328302851795e-06,0.0006150494835550781,3.999051891270448e-08,0.0001540144870951179,1.8276688725577223e-05,4.414250618453463e-12,5.113066258776697e-07,0.03954109906258063,4.509812752167817e-08,1.115794013660354e-07,2.6799376287903003e-08,3.373433446378899e-05,3.9035544050867544e-11,9.73605609630825e-07,0.019977998718431825,6.478220390763238e-07,8.693221851933437e-10,0.0009420942194393556
2,7.490499750941784e-07,0.9104709860888766,1.516345714050565e-06,2.022221295554632e-06,2.1054959057484893e-05,2.308868182638933e-06,1.9052605067977086e-08,5.504432694375544e-06,0.0006176016824247147,4.6652791946226194e-08,0.00024556771604884053,2.7351634380278376e-05,4.255803818280934e-12,9.328097800134407e-07,0.06927065375984891,3.193010950781285e-08,1.058015594146624e-07,3.540016017536165e-08,2.144763436232719e-05,5.266980389251273e-11,1.212138409949008e-06,0.01783601450314299,1.038680984539902e-06,9.288494115067207e-10,0.0014737976518203037
3,6.537098697237868e-07,0.929550599081973,1.4485987233841918e-06,2.0645382610090854e-06,1.62858758827404e-05,2.567481471494717e-06,2.2739730971971935e-08,4.854529397732633e-06,0.0004500543048199324,3.595031384268657e-08,0.0001503686310502846,2.3707955950215127e-05,4.125766437658583e-12,7.531134435016175e-07,0.0465124713901383,3.9742302945520614e-08,1.2588246392872583e-07,3.487387167153861e-08,2.612196076899317e-05,3.9640018026849374e-11,1.1291321434930784e-06,0.02203822029522348,8.36538392998964e-07,1.1780771456011144e-09,0.0012176024519634791
4,7.062912519376783e-07,0.9303090697302515,1.4894459996241995e-06,2.1416105812909305e-06,1.6800924437485025e-05,2.7159217356887545e-06,2.4264630968386094e-08,5.077040453343768e-06,0.0004399131307481654,3.7299260730508814e-08,0.0001485266126208514,2.425099161445646e-05,4.849496925203161e-12,8.333074799355898e-07,0.04623326129510479,4.419921604613417e-08,1.3211202877054183e-07,3.9798053797713736e-08,2.8888970945247873e-05,4.355395907840122e-11,1.1528719130337668e-06,0.021578794659475882,8.735013123228161e-07,1.3574826385053894e-09,0.0012052246149977638
5,5.90823353602437e-07,0.9344340775475047,1.1623627234731476e-06,2.1134887550384317e-06,1.3840507153347829e-05,2.535426553347484e-06,1.8860797472314122e-08,4.577189729343487e-06,0.00038746017361575,3.118701843797942e-08,0.00013362867496376492,1.9540475697577723e-05,4.088736838596348e-12,6.864481741956342e-07,0.043950239838492146,3.8148978862444605e-08,1.1704274888294821e-07,4.0314008643696126e-08,2.5799902437150976e-05,3.8617358778510635e-11,1.0681553612832156e-06,0.019988703540927938,8.186478766849171e-07,1.1264086337268618e-09,0.0010329100740137228
6,6.537098697237868e-07,0.929550599081973,1.4485987233841918e-06,2.0645382610090854e-06,1.62858758827404e-05,2.567481471494717e-06,2.2739730971971935e-08,4.854529397732633e-06,0.0004500543048199324,3.595031384268657e-08,0.0001503686310502846,2.3707955950215127e-05,4.125766437658583e-12,7.531134435016175e-07,0.0465124713901383,3.9742302945520614e-08,1.2588246392872583e-07,3.487387167153861e-08,2.612196076899317e-05,3.9640018026849374e-11,1.1291321434930784e-06,0.02203822029522348,8.36538392998964e-07,1.1780771456011144e-09,0.0012176024519634791
7,1.5117237259915167e-06,0.9197758630265777,2.6548715610517557e-06,3.399492345075035e-06,2.4970016973563112e-05,2.913547110791148e-06,4.0294532447930234e-08,9.32434434447206e-06,0.0007134318741960034,7.999394843765393e-08,0.0002320307030435448,3.178720268972881e-05,8.955116004569634e-12,9.18350081753781e-07,0.04636759736633282,6.240818930204119e-08,1.8057353385479393e-07,3.730341145916204e-08,4.4382442755903416e-05,5.7908970607173127e-11,1.002114094423697e-06,0.031340274888327274,7.567199766810764e-07,1.7213914220962063e-09,0.0014467789539920047
8,6.261777347985782e-07,0.9311124712820711,1.350548660705021e-06,1.9884550481533287e-06,1.5650641040055847e-05,2.513054086686222e-06,2.160252181072057e-08,4.80596465657714e-06,0.0004426062790417465,3.350731493961729e-08,0.00014255808081045863,2.21328972350909e-05,3.931710793759831e-12,6.938736245141046e-07,0.04529308195219441,3.8815421333749714e-08,1.2042843711538783e-07,3.424485353387962e-08,2.6281310069649875e-05,3.683082300726954e-11,1.0595677162083159e-06,0.0217900167921404,7.753105463309829e-07,1.1024594362296063e-09,0.0011411380715524663
9,6.368955034689121e-07,0.93626392443822,1.4626810322450786e-06,1.9941891630175493e-06,1.6770859748113807e-05,2.825200086913741e-06,2.510350379035138e-08,5.716172629999718e-06,0.00047955974664999336,3.090342415257259e-08,0.00011566907460381571,2.0848013499787874e-05,4.635668135501804e-12,5.441498068037608e-07,0.0372374894417475,5.139440030450092e-08,1.3292603325178856e-07,3.5188830145015796e-08,3.459689558255056e-05,3.432231754363841e-11,9.81840146201237e-07,0.02491361397589974,5.917339757293327e-07,1.1357774102648111e-09,0.0009024980007770578
10,6.537098697237868e-07,0.929550599081973,1.4485987233841918e-06,2.0645382610090854e-06,1.62858758827404e-05,2.567481471494717e-06,2.2739730971971935e-08,4.854529397732633e-06,0.0004500543048199324,3.595031384268657e-08,0.0001503686310502846,2.3707955950215127e-05,4.125766437658583e-12,7.531134435016175e-07,0.0465124713901383,3.9742302945520614e-08,1.2588246392872583e-07,3.487387167153861e-08,2.612196076899317e-05,3.9640018026849374e-11,1.1291321434930784e-06,0.02203822029522348,8.36538392998964e-07,1.1780771456011144e-09,0.0012176024519634791
11,7.035232271517612e-07,0.9283201484506618,1.5487863519772245e-06,2.1893618815126547e-06,1.6724106787045303e-05,2.768638899156297e-06,2.486892197710429e-08,5.569081197404636e-06,0.0004667850108085437,3.957428965409726e-08,0.0001527179318142394,2.5558441163137558e-05,5.028869196567274e-12,7.749213010439663e-07,0.04641792187107053,4.548863529989921e-08,1.3757066801675362e-07,3.8990179470624894e-08,2.9114216873339958e-05,4.3824201392280956e-11,1.1484430301183848e-06,0.023369279546104012,8.326299510101963e-07,1.3248422610545214e-09,0.0011859271724882687
12,6.441600633973387e-07,0.9417066213153179,1.3569125133897377e-06,1.61392266338348e-06,5.85597494275791e-05,3.1766759200645646e-06,4.4200324296230976e-08,1.278194782546809e-06,0.0003825142505628361,2.3332928433025144e-08,0.00014552147381638984,2.43160192340355e-05,3.606290891762771e-12,4.106950556095747e-06,0.04491731057852506,3.2826512055465355e-08,1.5351217410335771e-07,6.444304833913953e-08,1.7707482466775568e-05,9.385981103491779e-11,2.3963413295358014e-06,0.008582808977598352,3.902957791643271e-06,2.757918190301329e-09,0.004145842867059618
13,9.067022504961682e-07,0.9052237450422538,1.9065125589758954e-06,2.673474360512699e-06,1.992348341253421e-05,2.5254356524964445e-06,2.7342124343131575e-08,6.54111284904088e-06,0.0005531171076597912,5.037086116163458e-08,0.00026878563415773675,3.6120007999100825e-05,5.55649129387665e-12,1.2171459185510662e-06,0.0697483752217029,4.7655953222560225e-08,1.4541716723415877e-07,4.5053214514645944e-08,2.5044640068060554e-05,5.992904224910107e-11,1.5218922026067169e-06,0.022611442231459077,1.192967310563671e-06,1.3106102415804513e-09,0.0014946441727675256
14,8.07876645428024e-06,0.6080092644449604,7.485038232617816e-06,9.29216781677565e-06,5.8503151217831184e-05,6.672239895373986e-06,1.0492699206769585e-06,4.528507034284682e-05,0.0017437323661463923,4.36372460346118e-07,0.0009932119471525102,0.0013238586481586997,1.8982524733580087e-11,2.6382434820769145e-05,0.16259740809312948,1.6218686098133123e-07,3.0608636035667082e-06,9.916936749269573e-08,2.626345433571073e-05,2.535300740602886e-10,7.132577339199439e-06,0.19199038945914,4.952701421310805e-06,1.684064771522647e-08,0.033137262464062484
15,6.537098697237868e-07,0.929550599081973,1.4485987233841918e-06,2.0645382610090854e-06,1.62858758827404e-05,2.567481471494717e-06,2.2739730971971935e-08,4.854529397732633e-06,0.0004500543048199324,3.595031384268657e-08,0.0001503686310502846,2.3707955950215127e-05,4.125766437658583e-12,7.531134435016175e-07,0.0465124713901383,3.9742302945520614e-08,1.2588246392872583e-07,3.487387167153861e-08,2.612196076899317e-05,3.9640018026849374e-11,1.1291321434930784e-06,0.02203822029522348,8.36538392998964e-07,1.1780771456011144e-09,0.0012176024519634791
16,1.1695917787261305e-06,0.891741642699043,3.2432521967290986e-06,3.5011870138344785e-06,2.5305543964177822e-05,3.894274900458266e-06,4.8744983629528553e-08,8.92161442041689e-06,0.00045532651645475004,5.969770743465486e-08,0.00027967159536538134,5.6768220178489464e-05,1.1157832715180206e-11,2.000096999979876e-06,0.07887584552685373,1.0757161119977048e-07,2.5756388149685765e-07,9.10840968575993e-08,3.898061340233281e-05,1.0580773318218583e-10,3.3280761346063362e-06,0.027156591787318708,1.7061970387697367e-06,2.851958157487733e-09,0.0013415355757314513
17,1.3514064040844107e-06,0.9004486908694955,2.297423739146612e-06,3.354059898496941e-06,2.9429924849554815e-05,2.804915747267472e-06,6.805991702417024e-08,7.691012042333888e-06,0.0006772736081683921,5.180043065496905e-08,0.0002680929962194777,6.0647266300142335e-05,6.980869210531935e-12,2.1442149812046065e-06,0.06399296697688103,6.074346669180042e-08,2.3605769866027253e-07,4.944982431315661e-08,2.3572954749943883e-05,6.872651195846096e-11,1.99904287036114e-06,0.031864646928641084,1.5601664773558586e-06,2.1720733570852608e-09,0.002611007873416902
18,6.796646706273785e-07,0.9343882833440215,7.180207033461482e-07,1.3874939194832375e-06,1.3800835476127012e-05,2.0146011636303156e-06,2.667151561449299e-08,2.7640515487850872e-06,0.0004112384731728493,2.5514181370285582e-08,0.00011160762479667744,1.6447411991981126e-05,2.1634386243954763e-12,7.357828962022622e-07,0.03549294782371959,1.9880202056727376e-08,1.8416522323435691e-07,3.333923839364679e-08,2.1414974996402792e-05,2.5086970895128142e-11,8.098347771261654e-07,0.02725452246306965,8.991330204021743e-07,1.2140634386571309e-09,0.0022794376543812944
19,8.63564274353985e-07,0.9106729327489986,2.812220266718374e-06,3.151121103332153e-06,2.4022839663788983e-05,4.150207545166711e-06,4.948161769363779e-08,9.67619010950859e-06,0.0006875474731460313,7.971425699467006e-08,0.00018489329202769374,4.828538065428329e-05,8.346481096152709e-12,7.958343753605821e-07,0.04684019943135254,6.677768229289582e-08,2.090829092645882e-07,3.4468510125358406e-08,3.299594260819015e-05,6.713557077164397e-11,1.4609511346749763e-06,0.03990308523502392,8.451444098808794e-07,1.930367940216257e-09,0.0015818408924796877
20,3.473985617616944e-07,0.9217818107813311,8.951413678639363e-07,1.4633682657192638e-06,8.551867307805066e-06,2.311294856770474e-06,1.3226515972210908e-08,4.543266204034521e-06,0.0003157561575660869,2.6796363572685183e-08,0.00012355091525899183,2.2647230666426998e-05,2.874525515128155e-12,4.43128995602551e-07,0.05383142798452886,2.6596483072535085e-08,9.041003894305003e-08,3.2686353970723834e-08,1.687555717824347e-05,2.8427780938165245e-11,1.0815846341107166e-06,0.023104973777429687,6.509842963579234e-07,8.016309097239779e-10,0.0007824790128616411
21,1.125195843588769e-06,0.9063027488041526,2.1408551851847524e-06,3.4589070060574664e-06,2.103803081916509e-05,2.557005488394426e-06,2.8628419468822388e-08,6.701093689790765e-06,0.0005476616488329446,4.756335877149565e-08,0.00029687287679538716,3.635315245956109e-05,6.616629467741312e-12,1.589970237837031e-06,0.0717600741736644,6.345423123450409e-08,1.4507682913756036e-07,5.5795820933093256e-08,2.814921464758318e-05,7.054736840165622e-11,1.766102436658115e-06,0.019614072904382687,1.433438107397158e-06,1.4365064689046913e-09,0.0013719145939206148
22,9.754739814036097e-07,0.9035325481529879,2.6199311343532426e-06,3.496884142864356e-06,2.0917569878352346e-05,2.9170349927278136e-06,3.0016881269223707e-08,7.193095990036567e-06,0.0005746855023247113,6.529944310395221e-08,0.0003125061663433721,3.386390939588828e-05,6.8943306050565774e-12,1.027761246970779e-06,0.06538475608314888,6.305446671921127e-08,2.2967578178218392e-07,5.744253127794038e-08,3.1413769534418764e-05,8.207985619196146e-11,2.1473835416053248e-06,0.02869873297262921,1.408675174981339e-06,1.514385802379071e-09,0.0013883425410884203
23,6.537098697237868e-07,0.929550599081973,1.4485987233841918e-06,2.0645382610090854e-06,1.62858758827404e-05,2.567481471494717e-06,2.2739730971971935e-08,4.854529397732633e-06,0.0004500543048199324,3.595031384268657e-08,0.0001503686310502846,2.3707955950215127e-05,4.125766437658583e-12,7.531134435016175e-07,0.0465124713901383,3.9742302945520614e-08,1.2588246392872583e-07,3.487387167153861e-08,2.612196076899317e-05,3.9640018026849374e-11,1.1291321434930784e-06,0.02203822029522348,8.36538392998964e-07,1.1780771456011144e-09,0.0012176024519634791
24,6.157412487719729e-07,0.9349401217812441,1.1967443259897121e-06,2.1999502216608588e-06,1.601550531968146e-05,2.340932299398838e-06,1.9219768341645662e-08,4.477672228055556e-06,0.00042898292050262546,3.234239691611787e-08,0.00014469413077381667,2.1127277726036846e-05,4.083590273027319e-12,7.737716629336295e-07,0.04472595448707864,3.529789333557048e-08,1.0364994947193581e-07,3.5811110913662694e-08,2.2930844108721447e-05,4.050049381873111e-11,1.0041405515647737e-06,0.018526784489761226,8.604230219076118e-07,1.0693161047946372e-09,0.0011596917529057584
25,2.058808566687558e-06,0.8514718456850981,3.374698109432971e-06,5.2449274883706575e-06,3.4333054995741046e-05,3.177531329245105e-06,7.488499099738355e-08,1.5754455518224986e-05,0.0009138966300448844,1.1174669679025671e-07,0.000607018606851498,8.938435038146243e-05,1.3431066411427679e-11,2.7277396882722666e-06,0.10812998758764673,8.828913259660511e-08,2.816739230902023e-07,7.445599653263016e-08,2.9627496321440163e-05,1.2892840692376539e-10,2.3603518725002642e-06,0.0361699648744137,1.82411752593798e-06,2.3507163857732094e-09,0.0025167855403318146
26,6.265437866009202e-07,0.9493167640970166,1.1644113694765143e-06,1.7805015547733833e-06,1.5603799501059414e-05,2.4378863830420216e-06,1.6612179706601655e-08,3.5782690034236605e-06,0.0004602679124108728,2.912544990987125e-08,0.00010401787152033766,1.2833324429868462e-05,3.5227741842964466e-12,5.171059529024768e-07,0.030449296440157893,3.3152157183079433e-08,1.3149327827232096e-07,3.291413810710967e-08,3.182420469973415e-05,3.236078786681567e-11,8.509733127594603e-07,0.018455325784478553,7.26709423062997e-07,1.0298927330575627e-09,0.0011421398020197953
27,4.434479854126679e-07,0.9395343491746023,7.671446194303121e-07,1.4770515575460903e-06,1.0594254625546636e-05,1.9707794432803725e-06,1.402067153409893e-08,3.739067731081661e-06,0.00042387885630550977,2.5072482828201184e-08,0.00010933701520695753,1.4685526863064602e-05,2.245385300216197e-12,4.085188434229384e-07,0.03848446001156197,2.195315000269741e-08,8.075483403961763e-08,2.1923288206772035e-08,1.971826391758125e-05,2.095911860951459e-11,5.834744846527067e-07,0.020342441683286076,5.24949233094393e-07,6.489896649861188e-10,0.0010504563831125826
28,6.537098697237868e-07,0.929550599081973,1.4485987233841918e-06,2.0645382610090854e-06,1.62858758827404e-05,2.567481471494717e-06,2.2739730971971935e-08,4.854529397732633e-06,0.0004500543048199324,3.595031384268657e-08,0.0001503686310502846,2.3707955950215127e-05,4.125766437658583e-12,7.531134435016175e-07,0.0465124713901383,3.9742302945520614e-08,1.2588246392872583e-07,3.487387167153861e-08,2.612196076899317e-05,3.9640018026849374e-11,1.1291321434930784e-06,0.02203822029522348,8.36538392998964e-07,1.1780771456011144e-09,0.0012176024519634791
29,6.537098697237868e-07,0.929550599081973,1.4485987233841918e-06,2.0645382610090854e-06,1.62858758827404e-05,2.567481471494717e-06,2.2739730971971935e-08,4.854529397732633e-06,0.0004500543048199324,3.595031384268657e-08,0.0001503686310502846,2.3707955950215127e-05,4.125766437658583e-12,7.531134435016175e-07,0.0465124713901383,3.9742302945520614e-08,1.2588246392872583e-07,3.487387167153861e-08,2.612196076899317e-05,3.9640018026849374e-11,1.1291321434930784e-06,0.02203822029522348,8.36538392998964e-07,1.1780771456011144e-09,0.0012176024519634791
30,6.537098697237868e-07,0.929550599081973,1.4485987233841918e-06,2.0645382610090854e-06,1.62858758827404e-05,2.567481471494717e-06,2.2739730971971935e-08,4.854529397732633e-06,0.0004500543048199324,3.595031384268657e-08,0.0001503686310502846,2.3707955950215127e-05,4.125766437658583e-12,7.531134435016175e-07,0.0465124713901383,3.9742302945520614e-08,1.2588246392872583e-07,3.487387167153861e-08,2.612196076899317e-05,3.9640018026849374e-11,1.1291321434930784e-06,0.02203822029522348,8.36538392998964e-07,1.1780771456011144e-09,0.0012176024519634791
31,1.0297769459379126e-06,0.9229078169744409,2.124394470427789e-06,2.426604538724418e-06,1.831443105634383e-05,2.748813851499586e-06,2.5678339914819484e-08,8.64259508236354e-06,0.0005144018826645147,4.5066572157585674e-08,0.00017117723417048195,3.2560167431634604e-05,8.014784866126281e-12,8.372635117156274e-07,0.04968793314679117,6.313469014679281e-08,1.6017453671119605e-07,4.998320471772917e-08,4.0054334757715864e-05,4.7525963284772796e-11,1.33641580788779e-06,0.025646775939073493,7.354073440212055e-07,1.515150902231718e-09,0.0009607390100257225
32,6.028884297944891e-07,0.937110770376431,1.3054288358962954e-06,1.8405257386883843e-06,1.4690852983835349e-05,2.466385561225818e-06,1.9053603471344992e-08,4.347106252636271e-06,0.00040617575328861214,3.133220205491288e-08,0.0001259920104848672,1.9343026183195875e-05,3.930689136208507e-12,6.397034644736425e-07,0.04083656070596359,3.78461731789463e-08,1.1636362330532665e-07,3.458389474163192e-08,2.8283350195544303e-05,3.4756512550294285e-11,9.893456450602726e-07,0.0204032462097363,7.363522654859092e-07,1.1197344531459521e-09,0.001041769640621116
33,4.268736743169485e-07,0.95560395813449,8.018205695478927e-07,1.3667768529137525e-06,7.772277565301975e-06,2.8575265764967035e-06,1.9006822558859387e-08,3.483121983004849e-06,0.00016470232576803998,1.726905985262757e-08,3.255527516991148e-05,1.2709990157053254e-05,4.859983634870249e-12,3.899487975052801e-07,0.016384228840240007,5.253430688116654e-08,1.4292134134696868e-07,4.760180754159244e-08,5.213451820156875e-05,1.9551798521544954e-11,5.930627728786508e-07,0.02720987930345747,3.541778352685249e-07,2.173794274294213e-09,0.0005215044943442769
34,1.6179811519358623e-06,0.9307976858519801,2.074905525523676e-06,2.6825208326641894e-06,2.4374394428118548e-05,2.0075693822698746e-06,2.4028981028984707e-08,6.259520567958086e-06,0.0006245103117766288,4.4893529355739184e-08,0.0002217693421171654,2.1383149650587876e-05,6.0737530929334055e-12,1.1163729796790582e-06,0.04743260506305213,5.089055618016556e-08,1.4818205557271062e-07,4.2707600330663325e-08,4.41347782118067e-05,4.510130416169294e-11,1.0203604379734168e-06,0.01953699524662979,8.376882683104699e-07,1.2700897749766165e-09,0.0012786129190202678
35,6.562291513386491e-07,0.9466957695617272,7.533667906875238e-07,1.652423385530325e-06,1.0632494492020116e-05,1.6284802832462032e-06,1.2353820290664335e-08,6.308563948309478e-06,0.0006618178926296928,2.3956376328404438e-08,9.236111316166368e-05,1.114051041326438e-05,2.6282206811074342e-12,2.151938448519273e-07,0.026668641084939396,2.4595757089526958e-08,7.896217784423386e-08,1.7458853012278756e-08,2.869253030090801e-05,1.3313428851249644e-11,3.283048777442067e-07,0.02510106584340351,2.444931694011404e-07,4.2311753243619455e-10,0.0007179341474376536
36,4.1161541706130123e-07,0.962367646686257,1.4080633808094199e-06,1.5662043984644008e-06,1.8522442641721176e-05,2.1883269287662164e-06,7.019817312540559e-09,1.8028455799904214e-06,0.00035912812718924824,2.6982904214642778e-08,0.00010168299218602521,6.010534049190411e-06,2.382124849056158e-12,4.09531198615624e-07,0.029099947745564063,2.346857942629097e-08,4.8795083264574445e-08,1.9164599986567578e-08,2.628623273559315e-05,3.277035932992318e-11,7.920275090810218e-07,0.007275632668254412,7.290825896194775e-07,6.335743950230006e-10,0.0007357087744091401
37,9.916378644326675e-07,0.9246169763144405,1.886432453137407e-06,2.3789758821270846e-06,2.100624083963368e-05,2.925940445871499e-06,3.675883320888171e-08,4.777207199797002e-06,0.0003812891861960001,3.760985205509568e-08,0.0001652546482827916,3.196088368733028e-05,6.1381079220607914e-12,1.6327557009871715e-06,0.05197415528008107,5.9587310535912606e-08,1.8302394482519844e-07,5.84817680266961e-08,3.290917161942647e-05,5.704715638927054e-11,1.8044013634577752e-06,0.021218959958531083,1.3365825935007844e-06,2.3181411709708293e-09,0.0015393765397836317
38,5.1784820459405e-07,0.9280711539879503,1.4154089748078615e-06,1.944647199102274e-06,1.2894032112032513e-05,3.1956533393736787e-06,2.4213454294705773e-08,4.739767471277537e-06,0.0003227850135455808,2.9417737112648564e-08,0.00012775031575863158,2.3060986941319163e-05,4.611821748108878e-12,7.010453719906429e-07,0.04835199043230383,5.461092235355262e-08,1.3096637541528e-07,4.7022824396108883e-08,3.053296003014655e-05,4.0533677448001076e-11,1.403003328816846e-06,0.022171745151628786,8.476791508029394e-07,1.411081564858027e-09,0.0008730343791480961
39,2.9514685239841005e-07,0.9405075388051077,1.6358709460260536e-06,1.4372911910181683e-06,1.1114573735084548e-05,3.676717764115909e-06,1.5713539676989653e-08,4.640325048048309e-06,0.00031663580340105305,2.2078155167741965e-08,6.826871047091752e-05,2.2454822184269362e-05,3.676121053590773e-12,3.121948224914314e-07,0.03243160196054015,5.05166172948111e-08,1.2940413328238346e-07,3.385569959256155e-08,2.8943757929472145e-05,3.006114808180621e-11,1.6873189346412802e-06,0.026016875243643545,5.583910566947586e-07,1.067499980700357e-09,0.0005820703969898253
40,1.4986101012137556e-07,0.9405684226598884,3.661309635156016e-07,5.1623233112722915e-06,2.321724929824162e-06,6.926861097635311e-06,6.837054637111442e-09,6.9399702975184e-06,0.00037601482448347464,3.8156115970123816e-08,6.509940809704992e-05,5.716609477597644e-06,2.49312629967937e-12,3.985019803499821e-08,0.01835834289403835,4.898428307865881e-08,8.230311432091141e-08,3.9575860220204484e-08,2.3745306017496036e-05,2.5697356809109383e-11,3.46535063090294e-07,0.040295136866447034,2.695072829690986e-07,3.767931719380076e-10,0.0002847824059844318
41,4.6994084507173435e-07,0.9494034126845032,9.148502424263214e-07,1.7594797047669662e-06,1.5034893939404955e-05,1.5676206366112191e-06,7.018684417693509e-09,3.993995601442632e-06,0.0004968974267834453,2.0450357196816565e-08,0.00013026698926880867,9.139298664692751e-06,2.9859784254149564e-12,4.2852820542680406e-07,0.04064253151844222,3.000908560068825e-08,4.030971012382877e-08,2.4588865083523175e-08,2.3703021830963954e-05,2.64815864838121e-11,5.316470420520602e-07,0.008745173391154317,4.841658743105562e-07,4.136278070040775e-10,0.000523567727463192
42,1.5331035818143262e-06,0.8922299727546064,1.9548349669002214e-06,3.1495212658626434e-06,3.6595505794824614e-05,3.0793529236887264e-06,5.721508990166234e-08,5.243198062404133e-06,0.0005893787761172046,6.962568553777224e-08,0.0003745847061277458,4.536111418630834e-05,7.383651066843655e-12,3.480818176953089e-06,0.08444910422117993,4.9226384778267964e-08,2.0026965315208203e-07,6.91844064095511e-08,2.5123054847873337e-05,1.0417459592888104e-10,1.909468845377002e-06,0.018774857789646018,2.5023054040346007e-06,2.6171035789845438e-09,0.0034517212243850934
43,3.883966797555511e-07,0.9321060812537537,1.830151261664422e-06,2.168967053955516e-06,1.3265083104530492e-05,3.981720300596354e-06,1.7094672018246516e-08,6.30731296256474e-06,0.0004025863730180387,4.5191451757119353e-08,0.00010278159618401702,2.0814650753519648e-05,4.976283356806334e-12,3.050556648548595e-07,0.037765538086396676,4.9129810525358987e-08,1.416961333171563e-07,3.4075098319029636e-08,3.07407791821781e-05,4.628515237296438e-11,1.5396234679745296e-06,0.028897127005735487,5.890283937606428e-07,1.1211645859087073e-09,0.0006436665564947388
44,6.537098697237868e-07,0.929550599081973,1.4485987233841918e-06,2.0645382610090854e-06,1.62858758827404e-05,2.567481471494717e-06,2.2739730971971935e-08,4.854529397732633e-06,0.0004500543048199324,3.595031384268657e-08,0.0001503686310502846,2.3707955950215127e-05,4.125766437658583e-12,7.531134435016175e-07,0.0465124713901383,3.9742302945520614e-08,1.2588246392872583e-07,3.487387167153861e-08,2.612196076899317e-05,3.9640018026849374e-11,1.1291321434930784e-06,0.02203822029522348,8.36538392998964e-07,1.1780771456011144e-09,0.0012176024519634791
45,7.972482842438795e-07,0.9094846708851512,1.7156135035631038e-06,2.4480713743637774e-06,1.6009217694238364e-05,3.670391713417619e-06,3.956764664490373e-08,1.2022997658594952e-05,0.0005074548450915082,5.150230296814265e-08,0.00014944756290973795,3.7776428780209023e-05,8.727598552529447e-12,6.749391273125171e-07,0.052457664395362036,7.796816912078758e-08,1.6855920326019146e-07,5.021105515189181e-08,3.982944203462195e-05,4.629703976264182e-11,1.1162218707125063e-06,0.03643835446927731,5.445967914894287e-07,1.7271130880882116e-09,0.0008454130828604287
46,1.0481913645614054e-06,0.8947155464881444,2.628136683861129e-06,3.880791674590859e-06,1.6181717432632575e-05,4.446806417707487e-06,5.038155377131607e-08,1.1267081170682354e-05,0.0005192441228386289,7.14399738382131e-08,0.00014000527912620887,4.408951247949155e-05,9.13584207666871e-12,6.195422314903277e-07,0.03410424189829485,8.101504518534818e-08,4.6890080412030565e-07,5.7544989497040306e-08,4.8928757276075245e-05,6.219173771914803e-11,1.9032462605151313e-06,0.06906956886158154,7.666566724975563e-07,2.536030150456755e-09,0.0013149010206262534
47,1.1556449720585104e-06,0.9270891670516225,2.0892644397667265e-06,2.9730005195222335e-06,1.5242599181923112e-05,3.093911820213446e-06,4.0194382056626527e-08,8.110370000246826e-06,0.0004254574789847224,4.247240953322922e-08,0.00011502057370734123,3.000563307921382e-05,7.859944118651253e-12,7.224964866431365e-07,0.03157957967662909,8.069602838198333e-08,2.316771636127811e-07,4.716951942116745e-08,5.2521772341770204e-05,3.752645104643628e-11,1.1260444633632047e-06,0.03969941024967481,5.938331340437899e-07,2.113824533693607e-09,0.0009732860302286782
48,5.736632605277792e-07,0.9405352391085512,1.16483774285943e-06,1.6478480018465064e-06,1.2419966092254595e-05,2.8415925985941628e-06,2.024269443876309e-08,4.619065440783981e-06,0.0003472399603194122,3.160082399605191e-08,8.730112602978147e-05,1.7765795695579094e-05,4.159951630068679e-12,4.917759226945561e-07,0.032027102557574884,3.9639476278244845e-08,1.4348388107283754e-07,3.663341173293162e-08,3.600020419851749e-05,2.9539902337498457e-11,8.524172049773462e-07,0.025989839172714177,5.530877256625094e-07,1.3768696134553722e-09,0.0009340748100692902
49,4.4447082035592485e-07,0.9305310909198078,1.5698269735366033e-06,1.8960149438752392e-06,1.350979954517747e-05,3.041207954660497e-06,2.144123257374103e-08,5.3158267510235045e-06,0.00043012144991705164,3.6573650810732286e-08,0.00011274330756944626,2.645068221801785e-05,4.06273913070339e-12,4.393640008954872e-07,0.03888425474693817,3.9567442683830406e-08,1.23705157692114e-07,2.7363648987859103e-08,2.4650624932706176e-05,3.582507795819762e-11,1.1439765702273012e-06,0.029021303416533983,6.26127134388227e-07,1.0770034426709566e-09,0.000941148469364648
50,2.8484149476311e-06,0.8797142641326677,3.438489458279748e-06,5.0613406412326635e-06,4.020941619541299e-05,4.230283115563544e-06,1.1915831260989945e-07,1.4605878957866468e-05,0.000853407616561401,1.3804253309678957e-07,0.00040066176950446716,7.345951280675899e-05,1.6035529561824055e-11,2.9803977177713276e-06,0.073189932081017,1.0536869234496583e-07,3.848748773943988e-07,7.472186727243322e-08,5.102623016083562e-05,1.1645639220302428e-10,1.7014576772149692e-06,0.042424044891275145,1.5006452956631507e-06,4.202970584504366e-09,0.0032158009402549347
51,1.2729237028720095e-05,0.8492956209460216,2.936895268321218e-05,7.246341911877729e-06,0.0004582818380476681,1.4118938723982811e-05,8.992110638297719e-07,1.8530205604619448e-05,0.0019468695426049568,5.649421825314736e-07,0.000992332617100441,0.00023278423601942198,8.927852120491933e-11,2.1155596401869178e-05,0.0816438880847702,5.297495641244074e-07,2.8383858217325153e-06,2.8983849953543707e-07,0.00024255744345288936,9.046437564958072e-10,8.290294109058912e-06,0.05315285320379923,6.459802287248636e-06,3.274439233346538e-08,0.011911756853986473
52,8.525732064391837e-07,0.9058633745484608,1.5472227374349016e-06,3.0134196905815685e-06,1.6606844849750658e-05,3.4784574718189663e-06,1.7880696680686068e-08,1.0111453683579915e-05,0.0005504313443323872,8.428099252967085e-08,0.00023740148079277879,2.8214868830937064e-05,7.94574465033282e-12,7.549839378114158e-07,0.06972341150878426,4.797333745353644e-08,1.1719855618963751e-07,5.047214586493638e-08,3.615245924647945e-05,7.367964801612982e-11,9.794334776604277e-07,0.022569446591827625,7.363134653397118e-07,1.2639751186563177e-09,0.0009531673438751794
53,1.0730109520881821e-06,0.8805363479926731,2.9991807715249574e-06,4.180800730307303e-06,3.319240603724001e-05,3.7122403994519763e-06,7.547469665985354e-08,7.296619891152979e-06,0.0007001947575753236,7.044129508381943e-08,0.0003938860594695164,6.961046076365225e-05,7.726722316284464e-12,2.3930453168996026e-06,0.08591024305511247,7.540906223300588e-08,2.5017688470616153e-07,5.846859665139521e-08,2.0298823968726678e-05,1.1847870473937892e-10,3.191035838266246e-06,0.029430580393654555,2.563258280754487e-06,2.3252790078518186e-09,0.002877704436545044
54,8.994743218613406e-06,0.7430139297237763,0.00021671169839254385,5.6868254004708094e-05,0.0004327907991095738,2.253474274811569e-05,2.6344149027111194e-07,0.0001356094466225301,0.0032468510246685687,2.2780873093700317e-06,0.005751374341110009,0.0006736027767983693,7.284004092493843e-10,8.393643680674558e-06,0.17095409044059853,2.404935870835782e-06,3.5136809822235745e-06,8.978342030635665e-07,0.0002480819784744113,9.009818458071508e-09,5.6952089565688165e-05,0.07356608487025101,1.0590808459886046e-05,1.4835398858346412e-08,0.0015871560650467947
55,9.106302776436746e-07,0.9012663327853199,1.992514006022618e-06,3.015703261656589e-06,2.5626174632465384e-05,4.459068329455126e-06,6.153153737342864e-08,1.2197902611502142e-05,0.0007842366499807707,5.219979576970763e-08,0.00017810750123097965,9.37775230416292e-05,9.89337118759445e-12,1.3565363231620465e-06,0.057678312203535365,8.718456965460447e-08,1.8781625416750912e-07,5.721817469051527e-08,2.6845199824920338e-05,7.275614139262392e-11,1.5514832494738919e-06,0.03811114008384074,1.0168009980641341e-06,2.1275527481338903e-09,0.0018086730790024001
56,6.889704405727588e-07,0.9289942428256378,1.5124537801344304e-06,2.1885760669212605e-06,1.66576370473825e-05,2.7494905198081843e-06,2.4231384315995008e-08,5.387506902929556e-06,0.0004621515679948602,3.878050322434088e-08,0.00015154760516565528,2.4905460555282963e-05,4.856610181017064e-12,7.692537705263721e-07,0.04633852339406597,4.394259607168644e-08,1.3375896693558795e-07,3.833171094066055e-08,2.8261728046103354e-05,4.353674676989471e-11,1.1492466717890787e-06,0.02277576315615616,8.427522194149286e-07,1.2905612935863738e-09,0.0011923779908427194
57,7.041472666880652e-07,0.9414676773346734,1.6395993466223012e-07,1.8853024823169278e-06,5.228489253153022e-06,9.030251693359117e-07,8.22960301905146e-09,1.7079625511723881e-06,0.00020160881775951674,1.1565066779541662e-08,0.00014611581083233313,4.107138824504658e-06,9.5651595868158e-13,8.617180237697465e-07,0.04786267081702633,1.0257394344501608e-08,5.025602859744823e-08,3.874782006134017e-08,1.4386708203111332e-05,1.1328752136066816e-11,2.712612324289775e-07,0.00901567861929371,7.35013129858444e-07,4.5647798163862226e-10,0.0012751743496676035
58,6.277916810794662e-07,0.9321171884810229,1.4443823899145604e-06,1.9822656791935764e-06,1.5614513051734153e-05,2.900342198903163e-06,2.3639758300772933e-08,4.98321137944754e-06,0.00039527480506027266,3.7505508321665394e-08,0.00012720881502658083,2.484266709715497e-05,4.897233959691671e-12,7.550521393824848e-07,0.04305326804230427,4.34968428269408e-08,1.3576833532407647e-07,3.9884439009726856e-08,2.9282704289166353e-05,4.236079476091983e-11,1.1484490647046382e-06,0.023083531272023446,8.105020583414295e-07,1.4802716033130804e-09,0.001138854881119832
59,6.616193329542658e-07,0.9299376957677346,1.7214279222141852e-06,2.098693657222924e-06,1.721931951945279e-05,2.9731999259244456e-06,2.545799678743739e-08,5.220145667794845e-06,0.0004229046192262314,3.994392810289658e-08,0.0001387924385518987,2.7129256580615502e-05,5.253158834377165e-12,7.907504960574053e-07,0.04453277035442593,4.7636157309858454e-08,1.4388695676192736e-07,3.984974369078591e-08,2.9851977084163086e-05,4.6577579390490144e-11,1.3185384354717374e-06,0.023719715503375455,8.687256062274419e-07,1.5207309853738773e-09,0.0011579693151133714
60,6.537098697237868e-07,0.929550599081973,1.4485987233841918e-06,2.0645382610090854e-06,1.62858758827404e-05,2.567481471494717e-06,2.2739730971971935e-08,4.854529397732633e-06,0.0004500543048199324,3.595031384268657e-08,0.0001503686310502846,2.3707955950215127e-05,4.125766437658583e-12,7.531134435016175e-07,0.0465124713901383,3.9742302945520614e-08,1.2588246392872583e-07,3.487387167153861e-08,2.612196076899317e-05,3.9640018026849374e-11,1.1291321434930784e-06,0.02203822029522348,8.36538392998964e-07,1.1780771456011144e-09,0.0012176024519634791
61,6.66364651923895e-07,0.9302610353703401,1.698747009336075e-06,2.013247263422702e-06,1.7569852242088723e-05,2.8578939322133555e-06,2.476077371678615e-08,5.002560263191045e-06,0.00043714005010990877,3.8683126799382444e-08,0.000141629920809358,2.6143190035830547e-05,4.866872749090232e-12,7.881843008950575e-07,0.04486863095277377,4.5033114255954345e-08,1.405227962049268e-07,3.7892932419479e-08,2.9311895544068587e-05,4.447676890476166e-11,1.2841966939677952e-06,0.023000292748498477,8.675758811292618e-07,1.4273441011167218e-09,0.0012027788802191962
62,6.537098697237868e-07,0.929550599081973,1.4485987233841918e-06,2.0645382610090854e-06,1.62858758827404e-05,2.567481471494717e-06,2.2739730971971935e-08,4.854529397732633e-06,0.0004500543048199324,3.595031384268657e-08,0.0001503686310502846,2.3707955950215127e-05,4.125766437658583e-12,7.531134435016175e-07,0.0465124713901383,3.9742302945520614e-08,1.2588246392872583e-07,3.487387167153861e-08,2.612196076899317e-05,3.9640018026849374e-11,1.1291321434930784e-06,0.02203822029522348,8.36538392998964e-07,1.1780771456011144e-09,0.0012176024519634791
63,5.169654305985527e-07,0.939174480392816,1.0584955120895485e-06,1.676257794055029e-06,1.2995688637981647e-05,2.2520783614055896e-06,1.6500013328950105e-08,3.8119185453413193e-06,0.0003912654290106337,2.716758809222711e-08,0.0001180008869856011,1.6715560354875292e-05,3.13133319499873e-12,5.538713689045319e-07,0.04017861029639297,3.0518609125351084e-08,9.891575325399354e-08,3.01926672393078e-08,2.360867505234242e-05,2.94301657555313e-11,8.766210155186612e-07,0.01905392885240352,6.946209943429231e-07,9.190781427843885e-10,0.0010187491430531874
64,5.92276523671227e-07,0.9283088878552842,1.8176351630061204e-06,2.0527660571523584e-06,1.7109013625723398e-05,2.817061854569667e-06,2.2936072777077344e-08,4.607957433653051e-06,0.0004331748757683792,3.576645499322435e-08,0.00015001421383754613,2.6364792998436204e-05,4.301988949592594e-12,7.511497393349474e-07,0.047386418153676536,4.3994865146348954e-08,1.4244546030212398e-07,3.70055863422559e-08,2.5323834838561784e-05,4.597463762574928e-11,1.629640353259401e-06,0.022473806658732574,9.900005073261863e-07,1.2762533788455104e-09,0.0011633586386362116
65,1.9170693004575055e-07,0.960738864920048,6.130214477872203e-07,8.622453536311882e-07,8.643482131381509e-06,2.390614255556244e-06,1.1600971997919025e-08,1.199321650927089e-06,0.0001730613528705502,1.1006249950794395e-08,4.188876002515095e-05,1.0075452448108255e-05,1.5360745135747293e-12,4.062567924485888e-07,0.024404209215193394,1.7395832240044934e-08,8.351188867505902e-08,2.673914017679402e-08,1.4374889696021645e-05,1.972041055053572e-11,1.147805317614973e-06,0.01357704914328327,8.913798470330062e-07,1.044242904783887e-09,0.0010239791131267074
66,8.053565021946769e-06,0.9037203491268927,3.017956427115158e-05,1.1874936448433509e-05,0.0003789442665633757,1.148801743146904e-05,4.4165379573061784e-07,2.6564570101163172e-05,0.0026433905276007697,4.1370456494725176e-07,0.0007318920871555045,0.00011187321407691093,1.1347084616761587e-10,5.083018569057284e-06,0.04723049175945411,5.439171946369903e-07,9.663563819304532e-07,1.4483376361807282e-07,0.00019348464386067813,6.689747112104127e-10,4.620859802929709e-06,0.0416999403923692,2.645246560943661e-06,1.0532168886377244e-08,0.0031866024235042366
67,2.632064052745241e-07,0.9463667890584371,7.96344534240554e-07,1.2399976475485303e-06,8.564094856305156e-06,2.785405125603475e-06,1.5113952056127957e-08,1.8831177152833279e-06,0.00022939884030092567,1.8607700577228466e-08,7.437745925626818e-05,1.530937256661157e-05,2.0414011467595054e-12,5.159640519559799e-07,0.033801417757414264,2.2269736032799364e-08,1.1064225411902845e-07,3.079909998977462e-08,1.6395399795067357e-05,2.7544626383013673e-11,1.2316742836027868e-06,0.0182266509680167,1.0485943826307786e-06,1.1418221194591401e-09,0.001251134141059593
68,5.05830389258483e-07,0.9011713902944709,1.7939905807722152e-06,2.175083372244039e-06,1.701012118244468e-05,4.161290002721832e-06,3.2974131705432696e-08,7.410318222215452e-06,0.00043095105029894285,5.134754262214098e-08,0.00016048808454454717,5.1691283185727916e-05,5.65377551304504e-12,8.329940207080718e-07,0.06485843506202951,4.700671141893776e-08,1.6469702926061934e-07,4.33592378366912e-08,2.1072115042033558e-05,6.1151684225316e-11,2.1196548858929632e-06,0.031906286523597796,1.0153419064922284e-06,1.6878484847073254e-09,0.0013623198229607734
69,5.001338284109321e-07,0.8853657897571557,1.4776519859841863e-06,2.4846622850060495e-06,1.534128610133823e-05,2.158721093476811e-06,1.541864752438973e-08,4.6322031690045005e-06,0.0006739915793231845,4.894966308337016e-08,0.0003928382306575339,2.705844370783362e-05,2.548362677953606e-12,6.193292126600222e-07,0.09003772222699707,2.040449580907791e-08,1.197050511825215e-07,2.9135288885409295e-08,1.0996321753360288e-05,5.785157186613622e-11,1.96242615568796e-06,0.02164432775910562,1.6054720555819592e-06,5.253549188028128e-10,0.0018162595965112006
70,5.793336423248359e-07,0.9261404658281505,2.318032838508441e-06,3.353543270622636e-06,1.9965673057118305e-05,3.517193573251181e-06,2.5765163999158594e-08,5.944253421010079e-06,0.0007099486030572188,4.767409482229766e-08,0.00020951002504925064,2.9980587292052403e-05,4.587591592761783e-12,6.077613883393632e-07,0.04945952278378954,5.42290756917933e-08,1.0150483574201918e-07,2.657419677167503e-08,2.083436397007502e-05,5.7612204781782266e-11,1.4596572208366147e-06,0.022212170179108436,1.0092096248734627e-06,8.794988242282197e-10,0.0011785562824806006
71,1.5993904595334236e-06,0.9040445799905419,2.631576176245602e-06,3.844917878201369e-06,3.551602053640685e-05,4.12978677901316e-06,8.96272327838281e-08,1.0744627071500639e-05,0.0008423968024363777,8.944780325655814e-08,0.0002504185693723486,5.053308343569985e-05,1.0314024274547639e-11,1.5787122130917593e-06,0.05414992994016547,7.928165400414671e-08,2.727976492712998e-07,4.8448873232272404e-08,3.84910870280313e-05,8.120171264245653e-11,1.4285452828513116e-06,0.03812364933242432,1.1171644615625735e-06,2.69609585832546e-09,0.0024368280629135032
