,0,1,2,3,4,5,6,7,8,9,10,11,12,13,14,15,16,17,18,19,20,21,22,23,24
0,0.00033558499496953373,1.3388972414214334e-08,1.0618831228187891e-05,0.0002542802819138521,5.076289525427825e-05,3.1028812525203825e-06,2.9159572916166802e-05,1.4330035220437465e-07,3.732799843321114e-05,1.885376016287554e-07,2.9623925592220493e-06,4.3819318782723836e-08,5.99146621196941e-06,8.069528467467505e-07,4.092525319414592e-11,9.879500339577063e-08,9.607780854326117e-07,0.9903129251949901,8.630532109451073e-07,3.3525366165832177e-07,8.170677550837488e-05,5.232630418803148e-10,0.00820741080022156,0.000664710872516599,5.987828037013488e-10
1,0.0002767152777121792,1.3071291005449976e-08,1.1900038865862561e-05,0.0002287341581548956,4.727133850015807e-05,3.066471776185493e-06,3.0497695266173745e-05,1.4296294964617474e-07,4.693175660412186e-05,2.385233809964339e-07,2.443777153995784e-06,4.1781929131300665e-08,5.831725504951329e-06,9.314970057371454e-07,4.100948965432932e-11,1.2230067904670027e-07,8.48302595879588e-07,0.9899436325026745,9.423109105711675e-07,3.890113423186752e-07,8.81863457220969e-05,4.756380035951951e-10,0.00850270600515695,0.0008084119186441877,7.095320447650045e-10
2,0.00029883523316342515,1.4691021327543906e-08,1.2640658926626566e-05,0.0002712022286585052,6.607620320103442e-05,3.314081985837619e-06,3.173370531945899e-05,1.6266088432584355e-07,4.9972028508349065e-05,2.3509840703022708e-07,3.145461180706325e-06,5.2648791091459236e-08,6.037872841302642e-06,1.2178619876816818e-06,5.368428855397794e-11,1.1509015163302637e-07,9.599934262246666e-07,0.9890990798768413,8.266416402041285e-07,4.763711084921942e-07,8.840358547362207e-05,5.61923500065002e-10,0.00925918284204701,0.0008063136805156576,8.683112224123146e-10
3,0.0003417259108795133,1.3590324246653258e-08,1.071907258913246e-05,0.00025764239726894293,5.180904167747359e-05,3.080166295562961e-06,2.9376021016965174e-05,1.4407866076200544e-07,3.680923951645872e-05,1.8627691407408674e-07,3.013178752019092e-06,4.456709325478516e-08,6.047472303832653e-06,8.01992631472152e-07,4.0954958067237774e-11,9.899130551260758e-08,9.837844585787683e-07,0.9903151012058587,8.639618069002489e-07,3.3328443938339145e-07,8.229871061877599e-05,5.247582692323396e-10,0.008191595183831004,0.0006673107072211292,5.988229881415762e-10
4,0.0003453175051090888,1.4465969904309952e-08,1.1169614514994133e-05,0.00025381359854666777,5.1836714659951304e-05,2.8585860425186273e-06,3.0202494997668153e-05,1.527529191694051e-07,3.830866659484083e-05,1.9331152410439927e-07,3.0637282839522164e-06,4.656265275936914e-08,6.737956702441421e-06,8.96457656635626e-07,4.0642943752011874e-11,9.707399101884781e-08,9.472924869626359e-07,0.9909717376412195,8.646632262743106e-07,3.5739701838067587e-07,8.491974879845234e-05,5.804408071399907e-10,0.007528971738430325,0.000667490789710456,6.178602854629662e-10
5,0.03231596583609586,3.2269420042471785e-06,0.00037348564956462876,0.0031718013811233626,0.003786903853054035,0.00043723434163388865,0.01662948968050722,5.226779845489726e-06,0.00547592882956086,1.1802613244576515e-06,0.0006461949881707021,0.00010169774193750201,0.0007422464255069965,2.5759260129144918e-05,4.0438516908860834e-08,1.3715176888895224e-05,0.000147415589569171,0.823949750411794,8.854798137992718e-05,4.262550086451392e-06,0.0033860993987310803,6.517984898948716e-07,0.07266648648694485,0.03602559454326981,1.093653870628759e-06
6,0.0003417259108795133,1.3590324246653258e-08,1.071907258913246e-05,0.00025764239726894293,5.180904167747359e-05,3.080166295562961e-06,2.9376021016965174e-05,1.4407866076200544e-07,3.680923951645872e-05,1.8627691407408674e-07,3.013178752019092e-06,4.456709325478516e-08,6.047472303832653e-06,8.01992631472152e-07,4.0954958067237774e-11,9.899130551260758e-08,9.837844585787683e-07,0.9903151012058587,8.639618069002489e-07,3.3328443938339145e-07,8.229871061877599e-05,5.247582692323396e-10,0.008191595183831004,0.0006673107072211292,5.988229881415762e-10
7,0.0005325959186208638,1.0598209651882598e-08,9.22421149781405e-06,0.0002356593216020983,3.281564556694384e-05,2.3095459646593113e-06,2.90265676144702e-05,1.8088321185204856e-07,2.2469074630649548e-05,1.1398891122555549e-07,3.6163068387584134e-06,4.5642947069196266e-08,8.32827615001388e-06,4.7241747067178985e-07,3.362459890125238e-11,6.743122095780628e-08,7.318871906377934e-07,0.9948641907578548,7.696467978801848e-07,2.3164166011149848e-07,5.419094587978779e-05,6.390542823056199e-10,0.0038779033277183796,0.0003250449706551377,3.191068128943408e-10
8,0.00043773740320242837,2.09033890550409e-08,1.989526085778357e-05,0.00045278447852414763,8.911326897650223e-05,3.353371298909813e-06,2.4361874417136784e-05,1.0927286949112532e-07,6.065188723509508e-05,3.321851307081307e-07,2.800451203977649e-06,5.620337732182255e-08,8.087134634824794e-06,1.2094604658110119e-06,6.054091183863286e-11,1.5322273927874195e-07,1.326232438174328e-06,0.9827358761011148,7.596717208378014e-07,6.094721280880585e-07,7.09605942475415e-05,4.686086894797967e-10,0.014320167507159936,0.0017696324309914998,1.0827273660387424e-09
9,0.00026222943090447275,2.273599484883157e-08,2.0798877872609777e-05,0.0003932804616216441,7.350873002227805e-05,3.1997890503271433e-06,2.456914369538569e-05,1.2180805269456567e-07,6.973430831384922e-05,4.7014771368696757e-07,2.219085051221105e-06,5.1045337365437565e-08,6.978221611179549e-06,1.7135646976476504e-06,6.09123458859993e-11,1.948369400813817e-07,1.2042849001115817e-06,0.9825783760169683,9.018321472833541e-07,7.487047319597091e-07,8.740677792793282e-05,4.3440559324288275e-10,0.014604800357920986,0.001867467954836138,1.3883700730026037e-09
10,0.0003417259108795133,1.3590324246653258e-08,1.071907258913246e-05,0.00025764239726894293,5.180904167747359e-05,3.080166295562961e-06,2.9376021016965174e-05,1.4407866076200544e-07,3.680923951645872e-05,1.8627691407408674e-07,3.013178752019092e-06,4.456709325478516e-08,6.047472303832653e-06,8.01992631472152e-07,4.0954958067237774e-11,9.899130551260758e-08,9.837844585787683e-07,0.9903151012058587,8.639618069002489e-07,3.3328443938339145e-07,8.229871061877599e-05,5.247582692323396e-10,0.008191595183831004,0.0006673107072211292,5.988229881415762e-10
11,0.0003694618596147734,1.454961192047231e-08,1.1385588867050682e-05,0.0002660360833082161,5.486357170178569e-05,3.1165759259052256e-06,3.1593671484562276e-05,1.5336330731012674e-07,3.900981174615385e-05,1.9116370774253486e-07,3.26876166382825e-06,4.982836341257322e-08,6.8746334003431985e-06,8.429742321647754e-07,4.4776589686710075e-11,1.0508842217984111e-07,1.0179319235927677e-06,0.9904856989753844,9.121862060490606e-07,3.6185679880607125e-07,8.436742022238301e-05,5.950161394226369e-10,0.007926920477213767,0.0007137523340291981,6.530713282121622e-10
12,0.00031328807967675255,1.2843770132096792e-08,1.3727738144233419e-05,0.00023344463181558035,8.588238481780015e-05,2.9900190635404832e-06,2.984135092208952e-05,1.3107025689500783e-07,4.425025857907105e-05,2.134334969625308e-07,3.1954020411674364e-06,4.522845103908207e-08,5.637925311942849e-06,1.1124535670705915e-06,4.2310688461137323e-11,1.0520711630085857e-07,1.1769285232453434e-06,0.9878640676863691,6.899667270835521e-07,4.791371261876028e-07,0.00010096455210680888,4.6101218382857536e-10,0.010388321684948963,0.0009104207068874481,8.069574749013828e-10
13,0.00044157892061249567,1.6771963831828422e-08,1.2042239260612137e-05,0.0002605700420569041,8.062108175502686e-05,2.5467014479683234e-06,3.962040108556489e-05,2.3923092989930265e-07,3.623620778707775e-05,1.4192405122477832e-07,6.504982648148633e-06,1.0451454321368603e-07,8.358747302268515e-06,1.3423104983517802e-06,6.124881675548235e-11,9.924491096010712e-08,1.2548514795712546e-06,0.9923549423684055,9.415936801662583e-07,3.9041116635599853e-07,0.00011163877748777699,9.523807408655818e-10,0.006035743239222799,0.0006050634411614097,9.829134772230212e-10
14,0.00036231341452775637,1.2936431122867894e-08,1.2255679773438843e-05,0.00026754903535787365,4.960723603103051e-05,4.330004626847264e-06,3.572460897314648e-05,1.61575554289053e-07,5.187533888627052e-05,2.276091424528555e-07,2.916875180924924e-06,5.5285118341624454e-08,6.1529090664651054e-06,8.850019429570022e-07,5.646516845238523e-11,1.3347155541620596e-07,9.439187308500283e-07,0.9887743232372841,8.87153276285344e-07,4.0732545148341684e-07,6.901290249311249e-05,5.744159287066674e-10,0.009625683619301115,0.0007345394041372812,8.262762544786671e-10
15,0.0003417259108795133,1.3590324246653258e-08,1.071907258913246e-05,0.00025764239726894293,5.180904167747359e-05,3.080166295562961e-06,2.9376021016965174e-05,1.4407866076200544e-07,3.680923951645872e-05,1.8627691407408674e-07,3.013178752019092e-06,4.456709325478516e-08,6.047472303832653e-06,8.01992631472152e-07,4.0954958067237774e-11,9.899130551260758e-08,9.837844585787683e-07,0.9903151012058587,8.639618069002489e-07,3.3328443938339145e-07,8.229871061877599e-05,5.247582692323396e-10,0.008191595183831004,0.0006673107072211292,5.988229881415762e-10
16,0.00033462494088392383,1.3455167279233663e-08,1.0949748537861148e-05,0.00025625067594167364,5.2569014764076996e-05,3.1923700675087298e-06,2.982597016166151e-05,1.3978820647634808e-07,3.785983282257084e-05,1.9283867715174105e-07,2.9507280624253087e-06,4.286533381027916e-08,6.027225201261079e-06,7.845355839906592e-07,4.091747924869159e-11,1.0277947662968512e-07,1.0014062112960154e-06,0.9897966633714664,8.811027283868764e-07,3.456205901425433e-07,8.38598421876653e-05,5.052269500756986e-10,0.008669426898600945,0.0007122938356477755,6.075344065506465e-10
17,0.0003448676805420998,1.3257719204760405e-08,1.0996591749235229e-05,0.00024536784735102157,5.5246637627656207e-05,2.7762394849700546e-06,2.9788979118013145e-05,1.4374218430175784e-07,3.665245245992566e-05,1.7577300665049189e-07,3.0168150671809853e-06,4.506078273260544e-08,6.142694586726079e-06,8.453681439107759e-07,3.685276695664055e-11,9.168129402491425e-08,9.657060950645682e-07,0.9908042716471531,7.766592492130773e-07,3.353133093519446e-07,8.327203794630701e-05,5.151760071718223e-10,0.007722258886582881,0.0006519477953403776,5.811771832013732e-10
18,0.00029596923428118076,1.8663286369234835e-08,1.5566046069791e-05,0.000225656990971571,6.291574743434966e-05,3.6271254344002914e-06,3.79894377275495e-05,1.5324890624667384e-07,5.4037705329743495e-05,3.098968327976285e-07,3.004820460416131e-06,6.303823785705767e-08,6.9497761051015685e-06,1.4187529623113379e-06,5.993630725226461e-11,1.949954120100688e-07,1.4378337696526152e-06,0.9867872458688395,1.1958082443826947e-06,5.428049204911738e-07,0.00013182437362322348,6.796460891310808e-10,0.011235760609993165,0.0011341150871707088,1.3944047609567218e-09
19,0.0002963555489889912,7.383263240246502e-09,9.228507494657393e-06,0.00013773867405490696,3.36976512359104e-05,1.878383513221664e-06,2.236917267633238e-05,1.1201624801364486e-07,1.8628332111748355e-05,1.1709530684233814e-07,2.659146020393537e-06,2.8259229614587984e-08,4.643046901842611e-06,5.093153955251915e-07,2.2831358490317944e-11,7.784904537748476e-08,8.575897562205631e-07,0.9928678769749669,7.001527577755487e-07,2.3757686842495255e-07,8.715055967774041e-05,3.084755902239771e-10,0.00610731480882872,0.00040781125358090226,3.7076969562623987e-10
20,0.00031293406199206487,1.092571553929477e-08,1.2618445904279998e-05,0.00021387997837283315,6.283186872691734e-05,2.461012632931914e-06,2.5481452671192152e-05,1.0344292567885037e-07,3.1188873066913436e-05,1.674421930664446e-07,2.6586862849028616e-06,3.9926801985699504e-08,4.6620014183033516e-06,6.751461685342522e-07,2.8964747344448482e-11,1.1514608869007195e-07,1.1810716646471426e-06,0.9881936019562754,7.224445305607051e-07,3.0778114489579223e-07,9.424139694482085e-05,2.9016406379086204e-10,0.010119859427035749,0.0009202565790285541,6.13282928119011e-10
21,0.00034359358798452544,1.2549877577094003e-08,1.2945762364125845e-05,0.00020661115849047144,5.062776552928207e-05,1.786766947232821e-06,2.3085885268595446e-05,1.361494557261582e-07,3.007402103424554e-05,1.6904142007485127e-07,2.832710286622641e-06,4.926121499697908e-08,6.495031429989317e-06,9.224371878393954e-07,2.7890012123878653e-11,9.593593546046063e-08,9.081596115888632e-07,0.9927660137222454,6.177406831200371e-07,3.4883673336976477e-07,7.816668949939467e-05,4.434671540179712e-10,0.00580971186430196,0.0006647938742079622,5.769332148369777e-10
22,0.00033955271384954514,1.3429015866074085e-08,1.0655428710057751e-05,0.00025264698181908283,5.0799858904468686e-05,3.0126287812777576e-06,2.8540100985203718e-05,1.43403405407031e-07,3.537218589213328e-05,1.8469610128174272e-07,2.9875770229659545e-06,4.33664272197094e-08,5.958252919763259e-06,7.910877974034741e-07,3.9592791274979726e-11,9.681095458865705e-08,9.859681708403972e-07,0.9904856732732933,8.477690202560464e-07,3.280016964495431e-07,8.204598958651373e-05,5.164774963774185e-10,0.008055169621355718,0.000644149719067444,5.791527961309184e-10
23,0.0003417259108795133,1.3590324246653258e-08,1.071907258913246e-05,0.00025764239726894293,5.180904167747359e-05,3.080166295562961e-06,2.9376021016965174e-05,1.4407866076200544e-07,3.680923951645872e-05,1.8627691407408674e-07,3.013178752019092e-06,4.456709325478516e-08,6.047472303832653e-06,8.01992631472152e-07,4.0954958067237774e-11,9.899130551260758e-08,9.837844585787683e-07,0.9903151012058587,8.639618069002489e-07,3.3328443938339145e-07,8.229871061877599e-05,5.247582692323396e-10,0.008191595183831004,0.0006673107072211292,5.988229881415762e-10
24,0.0002871435224487744,1.7826920592905486e-08,9.595032980485175e-06,0.00036144559306825353,4.660702809412691e-05,2.8899875040482553e-06,2.6022409829463222e-05,1.5313959528659709e-07,3.4222492720235806e-05,2.1587297324541279e-07,2.5686736017321913e-06,3.819484072767959e-08,5.398943154800291e-06,8.680695249088524e-07,4.3816246474669634e-11,9.181589891251689e-08,1.0136582460883757e-06,0.9900102024739704,1.0530570672636603e-06,2.7651591779547675e-07,8.113551082615265e-05,5.205566337866457e-10,0.008545821535457085,0.0005832175344059193,5.465806317024414e-10
25,0.0002955097858049312,9.23740912987873e-09,8.802672694311919e-06,0.00018949535360538816,4.896796739207526e-05,2.1068251547400542e-06,2.6331874586664604e-05,1.5968306039155498e-07,2.5360034994248077e-05,1.192111082041313e-07,3.213715412213335e-06,3.867393812636194e-08,4.9282760075944805e-06,7.112869388047321e-07,2.597118228376084e-11,6.27032638617445e-08,7.319372829048618e-07,0.9934336647293364,5.733629941683891e-07,2.7972298781048083e-07,7.402321788657374e-05,4.1226499170867006e-10,0.005488393743937022,0.00039651515524745704,3.907209210798926e-10
26,0.00045606285324039454,4.8159249497822774e-08,4.83090205193032e-06,0.0006146101126570748,3.5296102922581924e-05,6.455400138668191e-06,0.00011650043024570129,1.8558402224703556e-06,1.9354574883090277e-05,1.8031204969932896e-07,1.3194966409198181e-05,2.3465266516577746e-07,1.618050646736164e-05,1.0267636363221979e-06,2.612672646513425e-10,2.1498307251433694e-07,2.206180449990489e-06,0.9961280569727742,7.430503074605281e-06,2.2373644471268276e-07,0.00018212547273448968,8.682701643461653e-09,0.002296869643304325,9.703115149398043e-05,8.358432662412414e-10
27,0.00038214763014179606,1.6848194453692577e-08,1.0438100066974085e-05,0.000340699235158982,5.386769097253463e-05,4.46133394867838e-06,3.663653429736353e-05,1.7943814747911376e-07,6.175749475711987e-05,2.318125564047622e-07,3.168821482496205e-06,6.07762486828571e-08,7.417316796527416e-06,9.717145392557185e-07,6.124705408484847e-11,1.1534417251682261e-07,8.404569711442936e-07,0.989687318817554,1.0222889594792195e-06,3.9574789464940837e-07,6.81107392793405e-05,8.127356836185743e-10,0.008542372859866719,0.0007977673446458909,7.793647514952741e-10
28,0.0003417259108795133,1.3590324246653258e-08,1.071907258913246e-05,0.00025764239726894293,5.180904167747359e-05,3.080166295562961e-06,2.9376021016965174e-05,1.4407866076200544e-07,3.680923951645872e-05,1.8627691407408674e-07,3.013178752019092e-06,4.456709325478516e-08,6.047472303832653e-06,8.01992631472152e-07,4.0954958067237774e-11,9.899130551260758e-08,9.837844585787683e-07,0.9903151012058587,8.639618069002489e-07,3.3328443938339145e-07,8.229871061877599e-05,5.247582692323396e-10,0.008191595183831004,0.0006673107072211292,5.988229881415762e-10
29,0.0003417259108795133,1.3590324246653258e-08,1.071907258913246e-05,0.00025764239726894293,5.180904167747359e-05,3.080166295562961e-06,2.9376021016965174e-05,1.4407866076200544e-07,3.680923951645872e-05,1.8627691407408674e-07,3.013178752019092e-06,4.456709325478516e-08,6.047472303832653e-06,8.01992631472152e-07,4.0954958067237774e-11,9.899130551260758e-08,9.837844585787683e-07,0.9903151012058587,8.639618069002489e-07,3.3328443938339145e-07,8.229871061877599e-05,5.247582692323396e-10,0.008191595183831004,0.0006673107072211292,5.988229881415762e-10
30,0.0003417259108795133,1.3590324246653258e-08,1.071907258913246e-05,0.00025764239726894293,5.180904167747359e-05,3.080166295562961e-06,2.9376021016965174e-05,1.4407866076200544e-07,3.680923951645872e-05,1.8627691407408674e-07,3.013178752019092e-06,4.456709325478516e-08,6.047472303832653e-06,8.01992631472152e-07,4.0954958067237774e-11,9.899130551260758e-08,9.837844585787683e-07,0.9903151012058587,8.639618069002489e-07,3.3328443938339145e-07,8.229871061877599e-05,5.247582692323396e-10,0.008191595183831004,0.0006673107072211292,5.988229881415762e-10
31,0.0003410873182798265,1.4773918954476445e-08,1.0337743692522373e-05,0.0003198067901937462,7.10273628555041e-05,3.978786070497816e-06,3.554780920744937e-05,1.3719733502877911e-07,5.342715879047521e-05,1.9847647472953813e-07,3.529186117061052e-06,5.208264861907835e-08,6.590734427435884e-06,9.591440332714252e-07,5.966880833198609e-11,1.057453872770264e-07,9.93749479689153e-07,0.9876433669674906,1.020160499168819e-06,4.0426740178282775e-07,8.94904322603378e-05,6.276748282008947e-10,0.010450421964484712,0.0009675006622986854,7.993091182360991e-10
32,0.00033862012293860974,1.419492697016176e-08,1.0663462250769567e-05,0.0002657812157933983,5.0931296704544144e-05,3.2551733023146906e-06,3.046376869136987e-05,1.479564659754693e-07,3.7344695436347296e-05,1.965379776594233e-07,3.0566847962735148e-06,4.3801380267525144e-08,6.123649105797731e-06,7.917703549728671e-07,4.577573791766909e-11,1.0551744745984689e-07,1.02403805933047e-06,0.9900012572091396,1.0009718289087047e-06,3.336554614682329e-07,8.776990233514681e-05,5.525138172772421e-10,0.008480116959166567,0.0006809561922440147,6.25902900435912e-10
33,0.0002787732230907905,1.2831751556349552e-08,1.1743424966071204e-05,0.0002550688307423509,5.650905047282184e-05,3.7161032486376818e-06,2.8709638577855974e-05,1.3570232360820088e-07,5.127499569218394e-05,2.5353323633771485e-07,2.516659111282195e-06,3.967033124400229e-08,5.062224939811812e-06,1.0121676662566692e-06,4.774220716223227e-11,1.1316490749136561e-07,9.054546145700164e-07,0.9873743454110471,8.409711227382581e-07,4.1536888826705973e-07,8.388270422270929e-05,4.566538301062952e-10,0.011026330730760838,0.0008183368728320999,7.610572359824333e-10
34,0.000455504879275271,8.189077591176337e-09,8.360382937532344e-06,0.00022592252685072313,4.182761533283124e-05,2.267626929276442e-06,2.574300281838328e-05,1.25070412217805e-07,2.551290984659432e-05,1.0822851711966056e-07,3.1208471328261474e-06,3.441318839065685e-08,5.748359062753979e-06,4.4813224724714815e-07,3.4677715411407625e-11,6.600456878318499e-08,7.076837954328895e-07,0.9928721525445556,8.198276838788023e-07,2.0225640027622515e-07,6.398322383253917e-05,4.2378308537427307e-10,0.005824694350641634,0.0004426411157482799,3.5068400700255063e-10
35,0.00025584316083669597,2.5808906824889944e-08,1.815473522834347e-05,0.00046534165746270746,0.00016881840994244264,3.7497064137854466e-06,3.404517476885739e-05,1.444013811108174e-07,6.107389265003644e-05,3.3433604248502875e-07,4.548407790143988e-06,5.451061417422543e-08,6.423337952588781e-06,2.3529163947645738e-06,8.917080989862214e-11,1.1932258776404892e-07,1.8257373345098578e-06,0.9760223918575739,9.379981348985856e-07,8.547823823420255e-07,0.00016134325228240814,5.149582281803286e-10,0.02115599731877868,0.0016356171366241135,1.5337875799352255e-09
36,0.0003342274349859857,1.674510686997565e-08,9.271961350273687e-06,0.0002594153449432576,2.4980664865826292e-05,4.027878873781788e-06,3.2937059512829126e-05,2.277023135020533e-07,4.149907803058838e-05,2.5419813374113757e-07,2.346738409769504e-06,5.3239298002340015e-08,6.315007133135198e-06,8.645622489097489e-07,4.863757335139438e-11,1.3040456256893796e-07,9.476269941043476e-07,0.9928565535716335,1.2379737050425738e-06,2.6423135740402013e-07,6.511935864773739e-05,9.48526141704205e-10,0.005988623633057669,0.000370683970722427,6.169496736980918e-10
37,9.379504609718277e-05,6.361571306614316e-08,4.480767804107315e-06,0.0028221160119665696,3.599259015593587e-05,4.267871218315548e-05,4.1838019957573024e-05,9.338307455678181e-07,6.451548160056402e-05,2.1545542512299917e-06,3.233573481631995e-06,3.20493626160992e-08,4.123805899918696e-06,1.1228984554829374e-06,1.120352782414857e-09,5.73398693508923e-07,2.5476342696188987e-06,0.9694587001703061,1.9103611838897793e-05,5.321076438305488e-07,0.00010443848127364643,2.621463650664949e-09,0.02705625067603024,0.00024076797130158115,1.2491516047239e-09
38,0.0002973455174339637,2.4417566755732088e-08,1.5238076117422358e-05,0.00040567538302544066,0.00013171016898791527,1.4962233826010055e-06,2.0839254884777355e-05,1.3775965103210225e-07,5.570954512559684e-05,2.0811043189378377e-07,3.577199042435432e-06,6.941711587552201e-08,6.769766572969196e-06,2.6310397870374366e-06,3.111595159429469e-11,6.625196850534823e-08,1.0921499299612217e-06,0.9883255069746754,4.597970742493291e-07,4.894210757149154e-07,9.74215079570953e-05,4.997695481987097e-10,0.00941123085246316,0.0012222997373527234,8.974919674394247e-10
39,0.00034514925218423584,1.2965782754940097e-08,1.0378225769282575e-05,0.0002389566161741089,4.83953823185505e-05,3.15232665958305e-06,3.047784851578887e-05,1.5298357959980028e-07,3.4602594637464416e-05,1.7731201789178308e-07,3.0785876646737857e-06,4.519997947843647e-08,5.995617106129761e-06,7.379218819620119e-07,3.94305900007761e-11,1.0037483077352349e-07,9.745397876027948e-07,0.9909242051056618,8.725661657707945e-07,3.2053312065623995e-07,8.166265649593428e-05,5.358959359778518e-10,0.007663568533195028,0.0006069817093451707,5.717992201225445e-10
40,0.0005163971862107008,1.9253119641435008e-08,1.5132011497763506e-05,0.0002808165707198376,6.453817997728635e-05,3.7230341477202995e-06,3.70304666973132e-05,2.1166246850433957e-07,3.987872459002114e-05,2.1405906069912525e-07,4.400544698169087e-06,8.559508945672601e-08,8.464702442953484e-06,1.0941812795523671e-06,5.7305080978311025e-11,1.3004325621841364e-07,1.4908472435322636e-06,0.9907227420925756,8.266733246725873e-07,4.2625491535168727e-07,8.601814098319455e-05,8.821157967218134e-10,0.007577620550744093,0.0006387373912647738,8.942723916044315e-10
41,0.00045481046634709553,1.4513230426325752e-08,9.804999048902972e-06,0.0006175820313199127,8.825804874225865e-05,5.080508862317167e-06,3.1312213303716156e-05,1.749460067722259e-07,5.748369550587299e-05,1.9146056399357446e-07,3.7343230716938774e-06,5.93757704328482e-08,5.1166794780504586e-06,7.382734200917446e-07,8.991224317286133e-11,9.735334887917158e-08,8.886929203864106e-07,0.9864187331884646,9.341993408215719e-07,3.0810146101862474e-07,5.010940678952367e-05,5.442388825115593e-10,0.011459305536635548,0.0007952606694692556,6.827471817284393e-10
42,0.00047180504474864137,2.266243186113744e-08,1.0600268442368676e-05,0.00036155884868959196,4.698703742335904e-05,5.049871905393355e-06,4.718600380592578e-05,2.4578698678383874e-07,4.456860787141118e-05,2.3748338372578018e-07,4.063521260531743e-06,7.232989712487738e-08,1.0481464640831503e-05,7.527301779835128e-07,7.507430829801501e-11,1.6710523293284287e-07,1.422305826821052e-06,0.9910799733059522,1.8057650317713034e-06,3.686509615429887e-07,9.309421044773473e-05,1.329568979185893e-09,0.007162527759395325,0.0006570070687111095,7.62131922492345e-10
43,0.0002434195126019386,1.2031042937950478e-08,9.141353624146295e-06,0.00022375485187313085,4.042571369457457e-05,4.089309560968681e-06,2.4530452254748598e-05,1.5701719446084233e-07,3.90846727360842e-05,2.702611512902277e-07,2.476183841948284e-06,2.7675746848912868e-08,4.849673736249092e-06,7.937986301825186e-07,4.8796149188938775e-11,9.925575609719442e-08,7.924700922392554e-07,0.9899544077258943,1.0363342744460113e-06,3.8721913359273775e-07,8.607267919654628e-05,5.353119655540609e-10,0.008817322187760122,0.0005468484933264263,5.427685069706195e-10
44,0.0003417259108795133,1.3590324246653258e-08,1.071907258913246e-05,0.00025764239726894293,5.180904167747359e-05,3.080166295562961e-06,2.9376021016965174e-05,1.4407866076200544e-07,3.680923951645872e-05,1.8627691407408674e-07,3.013178752019092e-06,4.456709325478516e-08,6.047472303832653e-06,8.01992631472152e-07,4.0954958067237774e-11,9.899130551260758e-08,9.837844585787683e-07,0.9903151012058587,8.639618069002489e-07,3.3328443938339145e-07,8.229871061877599e-05,5.247582692323396e-10,0.008191595183831004,0.0006673107072211292,5.988229881415762e-10
45,0.0004679248078131178,1.4603619311301338e-08,9.01006515263825e-06,0.0005782048470757809,8.209261251763775e-05,7.2241577436248875e-06,6.786400810191368e-05,2.654668054703662e-07,7.388611905328506e-05,1.9263622448792118e-07,4.459690403759942e-06,7.428167534771924e-08,8.318615930677835e-06,6.424235393275186e-07,1.2525548827642571e-10,1.4489936421742375e-07,8.49849252996139e-07,0.9884453180904841,1.6314704509836328e-06,4.008205217118358e-07,6.34774607577837e-05,9.615043161735184e-10,0.009397662594764834,0.0007903386164146141,7.755723294255753e-10
46,0.0008159485553653925,3.2577168516790705e-08,1.6131532209737345e-05,0.00045879418149751726,6.408074271800228e-05,3.496887896166795e-06,3.8728763527001185e-05,2.5169584494408516e-07,2.3509724349350647e-05,1.8140017754748663e-07,5.796075894527543e-06,1.091949937446273e-07,1.0796576184809987e-05,7.108524505713016e-07,6.965812869648721e-11,1.5799080142676428e-07,3.031095570111381e-06,0.9911699548807592,1.3456413138949351e-06,2.810399411564884e-07,8.957932604964813e-05,1.1766066434085886e-09,0.006749068897620209,0.000548010327408004,7.939934289648537e-10
47,0.0006655686012254686,2.6862541477121708e-08,1.5436845388931794e-05,0.00033578859875983843,4.879348943742639e-05,3.908707941336228e-06,4.436410365985536e-05,2.1699502376130204e-07,4.793948050722689e-05,2.3259125004884903e-07,3.875456884400923e-06,1.1385516292973288e-07,1.3008930799735377e-05,8.71502754876554e-07,6.139013984377677e-11,2.0220734424116045e-07,1.5377628735453315e-06,0.9917127263047478,1.2536506058456479e-06,3.9314633068319054e-07,7.560970216501145e-05,1.3056473560146223e-09,0.006153517683359702,0.000874611158240918,9.959574770591826e-10
48,0.0004664873242607778,3.7026090500969066e-08,1.2390876249369262e-05,0.0004669381441171547,3.689657100154883e-05,3.696612126191552e-06,3.1180061810218635e-05,2.481301850387636e-07,2.3145549753297552e-05,2.864933282569386e-07,2.9912971366568e-06,5.147794345124569e-08,8.096445421077518e-06,7.473722417137319e-07,5.248172603417095e-11,1.4028894868571077e-07,2.3576526251410207e-06,0.9906782187633005,1.624358429376169e-06,2.4318861099960516e-07,9.638721982849683e-05,1.0048373007004015e-09,0.007776827002843889,0.00039100654892848324,5.375001275375241e-10
49,0.0003839748006632922,1.4421987486637577e-08,1.2070405964860459e-05,0.0002488046817682188,5.18113305431291e-05,3.7457919755764097e-06,3.2667460600076245e-05,1.6853615714025474e-07,4.0488440254492045e-05,1.9848251535167678e-07,3.2536677224282093e-06,5.7450182876371786e-08,6.760327725123104e-06,8.290760618476431e-07,4.0699187084409214e-11,1.1426723490123129e-07,1.0349799514298756e-06,0.9905525312214524,7.306982599793093e-07,3.9427111406243254e-07,7.264721174783353e-05,6.000457313170031e-10,0.007919439271796105,0.0006682619122769001,6.512996609717969e-10
50,0.00031254593737425364,1.4556114944622354e-08,1.0506252516419476e-05,0.00023228598644625754,4.189047015616782e-05,2.886816263658001e-06,3.610746657125856e-05,1.9482227629340077e-07,4.389680735711192e-05,2.1858709687867985e-07,2.668687064183942e-06,4.283774231969817e-08,6.794923033900065e-06,9.699559341079195e-07,3.9885974691490215e-11,8.958203322338762e-08,7.296182633188198e-07,0.9925326856288169,9.935806758952575e-07,3.240625635493161e-07,8.872041358670346e-05,6.611546094275178e-10,0.00617204410996623,0.0005133876331300583,5.639755900659011e-10
51,0.0002711959517569592,5.563802610376755e-09,1.1205119095523574e-05,0.00012780308559357786,6.348020187820984e-05,3.3807132565831224e-06,3.5616657784547127e-05,8.961391903679042e-08,4.2161102390217404e-05,1.5059100223869763e-07,2.820353860679829e-06,3.178383979269074e-08,4.467399535972286e-06,6.272164677943632e-07,3.433057976367161e-11,1.1194066076142337e-07,9.096286494229081e-07,0.9872194115748631,7.283869761222161e-07,4.168391395632365e-07,0.000100871857560341,2.9744965745388837e-10,0.011178503563159452,0.0009360098332958587,6.897314751097831e-10
52,0.00031780024874366697,1.1374443124652848e-08,9.465672215463538e-06,0.00024317581659923508,4.1561393837730004e-05,2.9582116413588786e-06,2.4222082949834724e-05,1.3582029207816042e-07,3.368454503603046e-05,1.8321235520628204e-07,2.6302567704999147e-06,3.651224301807905e-08,5.387438338270487e-06,6.965777922246943e-07,3.817060416602705e-11,8.940848424983342e-08,8.002171684913798e-07,0.9913677598103487,8.158741205440275e-07,3.029766156030042e-07,6.806845831022126e-05,4.759321296200348e-10,0.0073164103843497245,0.0005638026991595225,4.940823821274438e-10
53,0.00034612513886049946,1.956076670909352e-08,1.243014520653007e-05,0.0003261354583776318,4.828875148885549e-05,2.0449974711236225e-06,1.547756773569711e-05,1.2648843884951482e-07,2.4159551143369062e-05,2.5270381987357495e-07,2.5867722644102855e-06,3.44226685665249e-08,6.144065204007457e-06,7.789771239451722e-07,3.70722345574769e-11,1.0461712121773496e-07,1.3493727227625964e-06,0.9912250364542825,1.002649713884932e-06,2.985205683412948e-07,8.451478631510154e-05,4.983163235741562e-10,0.0071901503017676805,0.0007129376436489441,5.179007160272165e-10
54,0.00037222419247055777,3.212473079007396e-08,2.1943815263503228e-05,0.00039784009103860634,8.849021302127023e-05,4.972506141421588e-06,5.21496698128226e-05,2.0850173917059257e-07,0.00010804559049892291,4.5988693221237007e-07,3.3617105231193233e-06,1.2270921796440586e-07,9.873836934154064e-06,2.2537824969645905e-06,1.0563355925708078e-10,3.005304411647241e-07,1.506409191724851e-06,0.9834658745808453,1.3420995200681296e-06,7.912530620488566e-07,0.00011510675442942553,9.772455392304144e-10,0.013440824870111043,0.0019122712751586698,2.5135401834331606e-09
55,0.00035907921094306255,1.328080115291586e-08,1.0803323489082746e-05,0.0002643285415153512,5.637174798693625e-05,3.1938749943793545e-06,3.2914136228547225e-05,1.4497141467271465e-07,4.216052725667379e-05,1.7688852183101944e-07,3.1384005206152048e-06,5.1134955353927506e-08,6.3412603088140615e-06,8.096949058478627e-07,4.2324174673518554e-11,1.0355511609310957e-07,9.330450755235227e-07,0.9901348942857117,8.582957905815108e-07,3.3962079404029594e-07,7.984712817145004e-05,5.371667705354324e-10,0.008247690362379422,0.0007558054842083662,6.494196714242172e-10
56,0.00035834860654584256,1.4144697691793706e-08,1.0974156389485145e-05,0.00026044860614250553,5.253021863220861e-05,3.1407693875459577e-06,3.0709968946530406e-05,1.5048218104743205e-07,3.787491327220236e-05,1.8880652568589785e-07,3.1441280982153236e-06,4.733611075299706e-08,6.469716940700344e-06,8.197685012005086e-07,4.263476966167689e-11,1.013459848868812e-07,1.0011876138258166e-06,0.9904554599466096,8.894263196306094e-07,3.4363109463137355e-07,8.321788470892851e-05,5.689973042388288e-10,0.008017575814695895,0.0006765479090209274,6.199480449953412e-10
57,0.00036356013030279397,2.239117884120066e-08,1.3195886685820665e-05,0.0002822253225637042,5.5806643544808535e-05,3.125232946816037e-06,3.9216606087790814e-05,1.7957569620944716e-07,4.160253290949601e-05,2.466053075086317e-07,3.4436557733571118e-06,6.049966679994926e-08,8.35505657321717e-06,9.886954664644142e-07,5.443453636951714e-11,1.5596375579644006e-07,1.4351751810463345e-06,0.989916560981873,1.567044210322438e-06,3.6792511238912126e-07,0.00013171386450322345,7.900473107218061e-10,0.00822921014359789,0.0009069583138255019,9.087553715482102e-10
58,0.00036532655257408986,1.6026383359009687e-08,1.278991288355116e-05,0.0002956874862040815,6.809544766905172e-05,3.4048830735238358e-06,3.436667717209452e-05,1.4337865364723735e-07,4.857180954770936e-05,2.1600960613099914e-07,3.3683706268560502e-06,5.493410454933199e-08,7.3677876965698535e-06,9.512282120301169e-07,5.2264694690806115e-11,1.255967204419107e-07,1.0957785830004554e-06,0.9883534578910383,9.829809014848576e-07,4.3890656489165076e-07,9.27686663408189e-05,5.884381521117876e-10,0.009681897324014836,0.001028870879344192,8.313819942304411e-10
59,0.0003366289655763042,1.5479317291922336e-08,1.3012284594413172e-05,0.0002725213076344902,6.470962479508609e-05,3.1710309427407197e-06,3.148429941719781e-05,1.3648859100162442e-07,4.4902947716092125e-05,2.216043566852449e-07,3.0773619085979437e-06,4.963421987444078e-08,6.835511195687789e-06,9.637609507007387e-07,4.607144502936878e-11,1.2270316139449883e-07,1.0981619453553327e-06,0.9886004459159056,8.981393484370771e-07,4.383796409901259e-07,9.379833703409002e-05,5.292675283986687e-10,0.009551266172404432,0.0009742005307829672,7.832217706346703e-10
60,0.0003417259108795133,1.3590324246653258e-08,1.071907258913246e-05,0.00025764239726894293,5.180904167747359e-05,3.080166295562961e-06,2.9376021016965174e-05,1.4407866076200544e-07,3.680923951645872e-05,1.8627691407408674e-07,3.013178752019092e-06,4.456709325478516e-08,6.047472303832653e-06,8.01992631472152e-07,4.0954958067237774e-11,9.899130551260758e-08,9.837844585787683e-07,0.9903151012058587,8.639618069002489e-07,3.3328443938339145e-07,8.229871061877599e-05,5.247582692323396e-10,0.008191595183831004,0.0006673107072211292,5.988229881415762e-10
61,0.0003366904139166046,1.4360443077334194e-08,1.2795973881738398e-05,0.0002557066590446211,6.416624223559172e-05,3.001335755856982e-06,3.1429821371375666e-05,1.3620094071030778e-07,4.470113977302448e-05,2.0909867613287848e-07,3.0653298764250734e-06,4.981777273815485e-08,6.650224258914114e-06,9.563029584427644e-07,4.1900032987979927e-11,1.1477748948456506e-07,1.0307869967698996e-06,0.9891003408147497,8.399600857152566e-07,4.1560276378503687e-07,9.225066046213307e-05,5.059677199654584e-10,0.009107653152944846,0.0009377800272164536,7.485183601526633e-10
62,0.0003417259108795133,1.3590324246653258e-08,1.071907258913246e-05,0.00025764239726894293,5.180904167747359e-05,3.080166295562961e-06,2.9376021016965174e-05,1.4407866076200544e-07,3.680923951645872e-05,1.8627691407408674e-07,3.013178752019092e-06,4.456709325478516e-08,6.047472303832653e-06,8.01992631472152e-07,4.0954958067237774e-11,9.899130551260758e-08,9.837844585787683e-07,0.9903151012058587,8.639618069002489e-07,3.3328443938339145e-07,8.229871061877599e-05,5.247582692323396e-10,0.008191595183831004,0.0006673107072211292,5.988229881415762e-10
63,0.00035250074511936725,1.659930154113698e-08,1.1365757005294777e-05,0.00028369348118649225,5.2873050226804026e-05,3.2195527198755294e-06,3.0122093036714984e-05,1.5594135825852847e-07,3.77448685899425e-05,2.090696864442268e-07,3.132275656849483e-06,4.9337701262493984e-08,6.530825199405925e-06,8.748939191022907e-07,4.555508742886e-11,1.1107893820286702e-07,1.1304194310966277e-06,0.9899688067037862,9.80075307106925e-07,3.4630014663265036e-07,8.853140726902865e-05,6.040587368366692e-10,0.00845172035258069,0.000705883849300843,6.729190245760909e-10
64,0.0003118358315887362,1.3867020234464223e-08,1.1627353700560186e-05,0.00022094986528545805,5.3790487052149695e-05,2.692723062380947e-06,3.045589740304514e-05,1.4506691241118202e-07,3.344029878889067e-05,1.9091604255708323e-07,3.0466362095357366e-06,4.240252905442555e-08,5.9751969441323336e-06,8.805574325954021e-07,3.790459780805765e-11,1.032228685027323e-07,1.1181664805508386e-06,0.9903721045396863,9.181822104777785e-07,3.4406661571744325e-07,0.00010610500842560025,5.006298178360444e-10,0.008181264507983416,0.000662954030701489,6.365218134724102e-10
65,0.0003443126758567791,1.3295871173706915e-08,1.0439231933213033e-05,0.0002588805983339533,5.1518753232909304e-05,3.1335347402094606e-06,2.9500024320947107e-05,1.4345700313053267e-07,3.581147272146875e-05,1.8082283510239142e-07,3.0524122092627428e-06,4.3907338676166846e-08,5.928269369227982e-06,7.662489290510338e-07,4.1382063904080614e-11,9.766404763394043e-08,9.89678727060862e-07,0.99027719478627,8.784580187365752e-07,3.2214583866607405e-07,8.189393829541741e-05,5.195558483357195e-10,0.00824387457807244,0.0006510229005030793,5.845939045306159e-10
66,0.0003685277558812813,9.876917172735986e-09,1.1384047651092964e-05,0.00017994266125537215,4.5989735037037254e-05,1.8339525099077742e-06,2.8362510274920632e-05,1.611672892801941e-07,2.81479692301276e-05,1.3053517421708114e-07,3.045037216167008e-06,4.539554167258061e-08,6.998086998893184e-06,7.511397936438598e-07,2.4504871215804436e-11,7.18856342393868e-08,6.870543031889356e-07,0.9944704682468225,5.21392668193693e-07,3.2951865682215395e-07,6.814380107961107e-05,4.6223267631960546e-10,0.004335246661993738,0.0004492006753001394,4.0603318765358524e-10
67,0.00014043558283947558,5.296188319248447e-09,1.2691918631736905e-05,0.0001090186389220368,3.431797952522698e-05,1.3364203715234178e-06,8.72834074624658e-06,6.548297798652473e-08,1.1537931425860032e-05,2.0024388506145858e-07,1.4521016927088213e-06,8.062704117372268e-09,2.5877625659720237e-06,6.202332766092807e-07,1.563874526894008e-11,6.260084494309629e-08,8.028827007732714e-07,0.9891474220393841,3.392019179079797e-07,4.764180406045297e-07,8.469324465384563e-05,1.002258512111748e-10,0.010045359626897897,0.0003978375968359616,2.7710637286438873e-10
68,0.00026564107162796593,1.3048798994467371e-08,1.4031974907687699e-05,0.00029344520807281926,8.102780922831448e-05,3.5218219069964995e-06,3.0783211054494546e-05,1.221196482175386e-07,7.546541827806047e-05,2.670835585755248e-07,2.696726834518803e-06,5.084987426253682e-08,5.898250415249203e-06,1.5266897048413937e-06,4.800103158727145e-11,1.0652599702288458e-07,7.671364065099057e-07,0.985510662091109,5.942109799228253e-07,6.176349178021561e-07,7.468006729245105e-05,4.2873982932098246e-10,0.012358124367211693,0.0012799552222896833,9.831442096306044e-10
69,0.00027112588978854394,1.1294187409091001e-08,1.1211215476060665e-05,0.00020300341245691063,4.66876460205427e-05,2.788226488868838e-06,2.7273293077175245e-05,1.432438175981321e-07,3.657697364643339e-05,2.041371434170975e-07,2.5760143851761316e-06,3.792073434985374e-08,5.20937519516279e-06,8.96656432719148e-07,3.522315055326112e-11,9.79024954119148e-08,8.277419985581108e-07,0.990771764986246,7.39358926633355e-07,3.707666035284612e-07,8.432947603592402e-05,4.2407996021363664e-10,0.007923777227132256,0.0006103461859148857,5.964935048330786e-10
70,0.00039150068189732526,1.3090176667302034e-08,1.1404937790227795e-05,0.0004694251308668713,0.00010326341135494196,3.923215661891918e-06,3.8599723108918854e-05,1.608530782707081e-07,6.410885868206263e-05,1.6772858310045922e-07,3.6553047171867844e-06,5.4800126271965254e-08,5.313917361585823e-06,1.0674295070637148e-06,6.031060559943378e-11,6.901880637395936e-08,7.957923026069484e-07,0.9857257816234011,6.184546893851217e-07,3.7472662631542264e-07,6.0323619272426936e-05,4.3841206262805953e-10,0.01233355385221155,0.000785822645512293,6.855429600187885e-10
