,0,1,2,3,4,5,6,7,8,9,10,11,12,13,14,15,16,17,18,19,20,21,22,23,24
0,0.000488284976388701,1.664044391938907e-07,4.733814057632476e-05,0.00045440486213604457,0.00019570377700769368,1.0647703032624431e-06,6.748833350213827e-05,3.3559973838791755e-07,1.6487355379210997e-05,2.833863303089303e-07,6.076732098182559e-06,1.3614110488643997e-07,1.2418842401766154e-05,3.5102753330393716e-06,3.557894660004942e-11,2.0329238671977783e-07,1.738121041522631e-05,0.9861228204581277,1.7233868510566251e-06,3.4999308151643454e-07,0.0007830360738650036,9.600503163505362e-10,0.011014155740676837,0.0007666275539217886,1.6983054242590022e-09
1,0.00041448729838345196,1.5799907268696453e-07,5.048286117240029e-05,0.00039475738119367106,0.00018491937165104687,1.0477648048097279e-06,6.862393192234074e-05,3.1473060641472193e-07,1.958256013991335e-05,3.367330206558562e-07,5.104793360776945e-06,1.2233122558448085e-07,1.2375893454706865e-05,3.750218257533321e-06,3.343606792298356e-11,2.3554390628907414e-07,1.5142534939545455e-05,0.9857189316337441,1.8202070176016654e-06,4.037805850579332e-07,0.0008530741511974786,8.746172195439378e-10,0.011310608468522824,0.0009437170607154688,1.8430523528953051e-09
2,0.0004580632330760141,1.7993910990343796e-07,5.3917466000443026e-05,0.00046091237219005325,0.00024890421173097616,1.1100285403021089e-06,7.302665009040847e-05,3.6244555770029486e-07,2.059347886348954e-05,3.2788665981300786e-07,6.6579528494377085e-06,1.5882382735844288e-07,1.3034599206174173e-05,4.917028910289363e-06,4.3772377677617824e-11,2.236491333140101e-07,1.7488185811053036e-05,0.9847041534075013,1.670035676732256e-06,4.70405805173603e-07,0.0008855638605155423,1.0534510489911195e-09,0.012127154156298664,0.0009211068041351206,2.281287417170609e-09
3,0.000495073310050558,1.6828050244335053e-07,4.7753682197602406e-05,0.0004600245290380828,0.0001985885615149165,1.0587110036560684e-06,6.792926809767979e-05,3.381162715128917e-07,1.6279442469029245e-05,2.8099723618134967e-07,6.150571344315789e-06,1.3802436688593616e-07,1.2480311350472038e-05,3.484743270314282e-06,3.5672453213762804e-11,2.0423119581155446e-07,1.772155183925232e-05,0.9861369448870666,1.7278113332306133e-06,3.476583961858992e-07,0.0007855884488318042,9.599684616634403e-10,0.01098119416344934,0.0007665200047065889,1.6988269043935765e-09
4,0.0004939160655970904,1.7652009132933555e-07,4.9057118009231945e-05,0.0004515282471543246,0.0001946880116881116,9.858664599535462e-07,6.952508592798918e-05,3.604083861887493e-07,1.6808500714876793e-05,2.917030143581831e-07,6.1626163847541e-06,1.4202412806006066e-07,1.3582313865129545e-05,3.8233783710661026e-06,3.5451406448656226e-11,2.0083025367258296e-07,1.6834756240296406e-05,0.9870859879872343,1.7522257903615622e-06,3.6443781847936906e-07,0.000804785023823333,1.0476334853644458e-09,0.010037823991706043,0.0007512000695032891,1.7347530216341849e-09
5,0.06451039447854907,5.734593957312066e-05,0.002019306703693897,0.004453936052405464,0.02302506308158099,0.00013520456982223526,0.07725988788060213,1.7833097044624663e-05,0.002808099007819068,1.1980712236938546e-06,0.002686785845099921,0.0006464975368537304,0.002010648764812021,0.00015469363276186584,4.9266308401845915e-08,3.059805692797025e-05,0.003518412989017358,0.6574476599883503,0.00017506104259039699,4.450857738248887e-06,0.045792912414018894,1.8105106072614197e-06,0.07367466604858375,0.03956201413935436,5.470024661064166e-06
6,0.000495073310050558,1.6828050244335053e-07,4.7753682197602406e-05,0.0004600245290380828,0.0001985885615149165,1.0587110036560684e-06,6.792926809767979e-05,3.381162715128917e-07,1.6279442469029245e-05,2.8099723618134967e-07,6.150571344315789e-06,1.3802436688593616e-07,1.2480311350472038e-05,3.484743270314282e-06,3.5672453213762804e-11,2.0423119581155446e-07,1.772155183925232e-05,0.9861369448870666,1.7278113332306133e-06,3.476583961858992e-07,0.0007855884488318042,9.599684616634403e-10,0.01098119416344934,0.0007665200047065889,1.6988269043935765e-09
7,0.0007616674109773186,1.22227288672497e-07,4.000946902038357e-05,0.00038931065570799633,0.00011619573939705343,7.156017969123012e-07,6.940942702221239e-05,4.1933715309693825e-07,9.21939380480535e-06,1.5953445939383316e-07,7.2563845162203936e-06,1.3304667918132798e-07,1.702116582423164e-05,1.9865481977369896e-06,2.7913838788662333e-11,1.304234411187233e-07,1.2338746269413815e-05,0.9927875928218549,1.6045816745993733e-06,2.1824884695259798e-07,0.0005553332684134567,1.096487102026926e-09,0.004890098069864179,0.00033905592301340973,8.503759925679119e-10
8,0.0006341511811802286,2.4776256181611536e-07,8.318281781526511e-05,0.0007444367124268611,0.0003129331944379643,1.202806992453708e-06,5.6884500766443855e-05,2.521205708937519e-07,2.4802816331894e-05,4.879033773461519e-07,5.665994600774256e-06,1.6230088833820732e-07,1.6424615158028585e-05,4.673354087322063e-06,5.0287691582196566e-11,3.1364235432553754e-07,2.430178153777687e-05,0.9767214621391747,1.6153777329425096e-06,5.909306361132984e-07,0.0007016877116832581,8.741081304772097e-10,0.018758564165203547,0.001905952399153878,2.8469317529626954e-09
9,0.00041439523704936827,2.666654163936894e-07,8.177877714409086e-05,0.0006104370506360142,0.00027329891770094,1.1434710596538591e-06,5.6746418261492696e-05,2.563577409151989e-07,2.6800985884366492e-05,6.175610612539465e-07,4.810472279913878e-06,1.4212753917849569e-07,1.5370990065105715e-05,5.99304498138282e-06,4.575401141587471e-11,3.633838163745728e-07,2.2422247132259843e-05,0.9764450001278554,1.8455596686647938e-06,7.226224236617977e-07,0.0009108172781943778,8.525802318222483e-10,0.018991154778430445,0.002135611751637736,3.2756871131527994e-09
10,0.000495073310050558,1.6828050244335053e-07,4.7753682197602406e-05,0.0004600245290380828,0.0001985885615149165,1.0587110036560684e-06,6.792926809767979e-05,3.381162715128917e-07,1.6279442469029245e-05,2.8099723618134967e-07,6.150571344315789e-06,1.3802436688593616e-07,1.2480311350472038e-05,3.484743270314282e-06,3.5672453213762804e-11,2.0423119581155446e-07,1.772155183925232e-05,0.9861369448870666,1.7278113332306133e-06,3.476583961858992e-07,0.0007855884488318042,9.599684616634403e-10,0.01098119416344934,0.0007665200047065889,1.6988269043935765e-09
11,0.0005254044554830106,1.7680048381820503e-07,4.98154103261051e-05,0.0004724557289373967,0.00020424474555384722,1.0685380295266912e-06,7.209891004766697e-05,3.5987550071521816e-07,1.6998225945621153e-05,2.8865992425396677e-07,6.519737977962397e-06,1.4994649057882006e-07,1.3802935122552552e-05,3.5830827020033265e-06,3.881611450749432e-11,2.158943808824657e-07,1.7959054841112973e-05,0.9864793977443784,1.842781625269789e-06,3.679173940716297e-07,0.0007963908315758723,1.0661163429090218e-09,0.01053890810228624,0.0007979477001525037,1.815907894189779e-09
12,0.00045075597553275414,1.6269695724105795e-07,5.9645505493648054e-05,0.000431470994328404,0.0003201735887187046,1.1162472866562623e-06,7.015458587557068e-05,3.124256833283875e-07,1.9799472470055356e-05,3.328668411495275e-07,6.425881619621327e-06,1.386090550339743e-07,1.135915341364694e-05,4.586863635926254e-06,3.85051217611471e-11,2.275351412994617e-07,2.1911479166689848e-05,0.982252154932136,1.4786766078926197e-06,4.867396354221709e-07,0.0009506465288196373,8.646591519953547e-10,0.014351289639695411,0.0010453664058417418,2.2928797052144196e-09
13,0.0006797328583239602,1.9640264299257458e-07,5.0293342461245744e-05,0.0004400046475746252,0.00028781516754895677,7.828244507834648e-07,0.00010251484411667661,5.812543479465113e-07,1.558106156734752e-05,1.7090861934660962e-07,1.4132604555017407e-05,3.54360229002219e-07,1.884932685878014e-05,5.580378149315562e-06,5.385583634437937e-11,1.9797375003731383e-07,1.9932800422240598e-05,0.9896322719771211,1.9127469316252954e-06,3.822792225808711e-07,0.0010866584697242288,1.7979226686728688e-09,0.007013258581761786,0.0006287906754919281,2.662349996010908e-09
14,0.0005630650138454669,1.6096827260586302e-07,5.25517790947637e-05,0.0004542278604104362,0.0002024894414163514,1.4311972292220998e-06,8.177268040696927e-05,3.4758044540043527e-07,2.1532106168554976e-05,3.077626933869388e-07,6.3745849904743875e-06,1.6780068825526295e-07,1.3865443153198848e-05,3.6337930459034677e-06,4.4829373630050634e-11,2.529337634167225e-07,1.7309911543533333e-05,0.9842854578288067,1.688719302096553e-06,4.321080604593895e-07,0.0007021205119917263,1.0920211487185484e-09,0.012694161267977108,0.0008966454198344513,2.150009048007914e-09
15,0.000495073310050558,1.6828050244335053e-07,4.7753682197602406e-05,0.0004600245290380828,0.0001985885615149165,1.0587110036560684e-06,6.792926809767979e-05,3.381162715128917e-07,1.6279442469029245e-05,2.8099723618134967e-07,6.150571344315789e-06,1.3802436688593616e-07,1.2480311350472038e-05,3.484743270314282e-06,3.5672453213762804e-11,2.0423119581155446e-07,1.772155183925232e-05,0.9861369448870666,1.7278113332306133e-06,3.476583961858992e-07,0.0007855884488318042,9.599684616634403e-10,0.01098119416344934,0.0007665200047065889,1.6988269043935765e-09
16,0.00048274629741686196,1.6818154393985018e-07,4.9165868814759314e-05,0.00046281122076642867,0.00020415208277768266,1.092872834396933e-06,6.832282382009195e-05,3.2648061865618977e-07,1.675072419020473e-05,2.9320044797255665e-07,6.01544661016744e-06,1.3257831241794004e-07,1.2432411081714554e-05,3.4560549279444527e-06,3.564800526914548e-11,2.113806296149753e-07,1.8175259186641728e-05,0.9853380984995481,1.7400493197229076e-06,3.652752328422724e-07,0.0007974354048819287,9.203644016353952e-10,0.011711100163464064,0.0008250050364809232,1.7310803791854784e-09
17,0.0005004958749574257,1.6455503918621912e-07,4.8813761662167664e-05,0.00043732712707025725,0.00021233821900756955,9.854019484931568e-07,7.132252886549382e-05,3.468131904146842e-07,1.65298806399649e-05,2.655978287665515e-07,6.239920265050137e-06,1.4309949941744932e-07,1.262231996451319e-05,3.6508981043714404e-06,3.292698512338504e-11,1.9446684162509522e-07,1.7621086958901867e-05,0.9867211397428822,1.6023058068846632e-06,3.4774285486769207e-07,0.0008037188981649819,9.62983835566291e-10,0.010397285516134877,0.0007468415613208801,1.685080755117141e-09
18,0.0004378579461697558,2.1861554899948713e-07,6.502262384078583e-05,0.00038874779966722995,0.00023327657443086958,1.299531752697799e-06,8.924813053808635e-05,3.55383620435635e-07,2.3368903766359375e-05,4.367835413234102e-07,6.117203552685782e-06,1.8782499999562664e-07,1.4395719522984388e-05,5.438020332914198e-06,5.0192909137998945e-11,3.961429384709883e-07,2.488818858935348e-05,0.9817197388402338,2.3852843411220965e-06,5.505910686019717e-07,0.0012104541130148773,1.2552871838467538e-09,0.014507427705614761,0.0012681831472934437,3.6201403673185886e-09
19,0.00043731386821224254,9.225776093588432e-08,4.1989457783304266e-05,0.00024717906592586626,0.00013132182127749645,5.816584804736206e-07,5.303008072861358e-05,2.6587679734456953e-07,8.129343182062286e-06,1.6468269346686848e-07,5.628769690895558e-06,9.197557024019752e-08,1.0104618097198866e-05,2.3716358916178323e-06,2.0077503657721452e-11,1.5423705948399506e-07,1.4917143375567645e-05,0.9899804486954331,1.3552343300097508e-06,2.515511334233469e-07,0.0008503941122077657,5.650098157896368e-10,0.0077587291011451944,0.00045548316404450553,1.0640918743025275e-09
20,0.00046006210815039344,1.3693461318742335e-07,5.95285097475146e-05,0.0003963043069159082,0.00025418315913106044,9.055176973848408e-07,6.020500530941959e-05,2.455296300717857e-07,1.45874361294374e-05,2.6670257151905087e-07,5.4986527481957685e-06,1.277857128405501e-07,9.80340639281495e-06,3.0641231643275055e-06,2.6733249419114185e-11,2.4538171773729133e-07,2.1847476358174717e-05,0.9825501282412445,1.3743606908888243e-06,3.530212270384756e-07,0.0008625691220378527,5.366834923998135e-10,0.014199275292488595,0.0010992855285081136,1.8343962528041847e-09
21,0.000504510901800513,1.457926721870249e-07,5.3403707215568385e-05,0.00035374285670038537,0.00017397740552732436,6.074147766634248e-07,5.435966346427549e-05,3.238766857415317e-07,1.2851375543177706e-05,2.384720406789314e-07,5.702189408920379e-06,1.4803896355967844e-07,1.3205576093198499e-05,3.665657087793761e-06,2.4326376390574704e-11,1.9251083251165303e-07,1.4965376713730829e-05,0.9900519362295488,1.3196210956760225e-06,3.2577348882224594e-07,0.0007417315025742323,8.108796388224469e-10,0.007317102124610551,0.0006955415669850513,1.5309646544523378e-09
22,0.00049031785409325,1.6587744936062903e-07,4.7452454566218094e-05,0.00045166582837523903,0.0001937290752196294,1.0387825418549984e-06,6.599763566989712e-05,3.3725030881293276e-07,1.5653965996123388e-05,2.7984928302165747e-07,6.073469278963995e-06,1.3389795251032283e-07,1.2237165558963489e-05,3.429449543857022e-06,3.463817404468639e-11,2.0046076914162237e-07,1.773299389431412e-05,0.9863666514725432,1.7036876894389645e-06,3.4120992656071026e-07,0.000781134694658678,9.422122181922067e-10,0.010806408095631567,0.0007373122074721923,1.6447265951723336e-09
23,0.000495073310050558,1.6828050244335053e-07,4.7753682197602406e-05,0.0004600245290380828,0.0001985885615149165,1.0587110036560684e-06,6.792926809767979e-05,3.381162715128917e-07,1.6279442469029245e-05,2.8099723618134967e-07,6.150571344315789e-06,1.3802436688593616e-07,1.2480311350472038e-05,3.484743270314282e-06,3.5672453213762804e-11,2.0423119581155446e-07,1.772155183925232e-05,0.9861369448870666,1.7278113332306133e-06,3.476583961858992e-07,0.0007855884488318042,9.599684616634403e-10,0.01098119416344934,0.0007665200047065889,1.6988269043935765e-09
24,0.0004351038352483768,2.1116937274919024e-07,4.1476414936699184e-05,0.0005748355577842221,0.00018073432117972796,9.853783999786354e-07,6.0071276499577664e-05,3.353686986442823e-07,1.4457721406999371e-05,3.0033820415951457e-07,5.451338855978449e-06,1.1503387695619238e-07,1.1527272711291561e-05,3.5125776710331224e-06,3.435438302080479e-11,1.7825856614784253e-07,1.8156854406444202e-05,0.9859259553686466,2.007586303946052e-06,2.8769798883537467e-07,0.0008094641319807328,9.636095156467156e-10,0.01122222099561554,0.0006926090441957098,1.4594858235582015e-09
25,0.00042958952401629707,1.1148577430997362e-07,3.805800215193103e-05,0.0003242025556761584,0.0001799299968987846,7.309568937639447e-07,6.435432307274015e-05,3.8746135424839775e-07,1.1108996696591294e-05,1.740828776908458e-07,6.631264650388738e-06,1.207502220715789e-07,1.013783532269167e-05,2.970535125175443e-06,2.2935396396030776e-11,1.318600590561083e-07,1.303863979677124e-05,0.990600585146835,1.2285197290511939e-06,2.770969560547925e-07,0.0007344515534492416,7.720903760647204e-10,0.007146869989624046,0.0004349075214700567,1.1063220978476428e-09
26,0.0008400026398595729,6.846969956274505e-07,2.3907439611334965e-05,0.000796108288522391,0.00019351500113162608,1.7286045263591934e-06,0.0005216468251679452,4.355345914839738e-06,9.171043774720474e-06,1.5552185781006024e-07,4.619788933700324e-05,1.1799111259664323e-06,5.055386591755197e-05,5.219595378489197e-06,2.114164194870878e-10,3.6757588077363516e-07,4.0104373807634864e-05,0.9923041292719385,1.48220453635199e-05,2.404298865271562e-07,0.002642326445252189,1.8281726477704884e-08,0.0023905761240665393,0.000112985722743257,2.848797100483126e-09
27,0.0005779227100249206,2.0756686193176673e-07,4.633008692294751e-05,0.0005876412533300834,0.0002184347912240428,1.4723200305104501e-06,8.519476744906603e-05,4.086883644122934e-07,2.6833213965449994e-05,3.26352894011783e-07,6.802299421663358e-06,1.9304146696815473e-07,1.600807217049728e-05,4.22001760682277e-06,5.0470464743042254e-11,2.2704211840698586e-07,1.5172163273730043e-05,0.9854972789270701,1.945220501267493e-06,4.1770191755753864e-07,0.0006740298896192313,1.5047556612000256e-09,0.01129017191927508,0.0009487582377178897,2.1615472201396056e-09
28,0.000495073310050558,1.6828050244335053e-07,4.7753682197602406e-05,0.0004600245290380828,0.0001985885615149165,1.0587110036560684e-06,6.792926809767979e-05,3.381162715128917e-07,1.6279442469029245e-05,2.8099723618134967e-07,6.150571344315789e-06,1.3802436688593616e-07,1.2480311350472038e-05,3.484743270314282e-06,3.5672453213762804e-11,2.0423119581155446e-07,1.772155183925232e-05,0.9861369448870666,1.7278113332306133e-06,3.476583961858992e-07,0.0007855884488318042,9.599684616634403e-10,0.01098119416344934,0.0007665200047065889,1.6988269043935765e-09
29,0.000495073310050558,1.6828050244335053e-07,4.7753682197602406e-05,0.0004600245290380828,0.0001985885615149165,1.0587110036560684e-06,6.792926809767979e-05,3.381162715128917e-07,1.6279442469029245e-05,2.8099723618134967e-07,6.150571344315789e-06,1.3802436688593616e-07,1.2480311350472038e-05,3.484743270314282e-06,3.5672453213762804e-11,2.0423119581155446e-07,1.772155183925232e-05,0.9861369448870666,1.7278113332306133e-06,3.476583961858992e-07,0.0007855884488318042,9.599684616634403e-10,0.01098119416344934,0.0007665200047065889,1.6988269043935765e-09
30,0.000495073310050558,1.6828050244335053e-07,4.7753682197602406e-05,0.0004600245290380828,0.0001985885615149165,1.0587110036560684e-06,6.792926809767979e-05,3.381162715128917e-07,1.6279442469029245e-05,2.8099723618134967e-07,6.150571344315789e-06,1.3802436688593616e-07,1.2480311350472038e-05,3.484743270314282e-06,3.5672453213762804e-11,2.0423119581155446e-07,1.772155183925232e-05,0.9861369448870666,1.7278113332306133e-06,3.476583961858992e-07,0.0007855884488318042,9.599684616634403e-10,0.01098119416344934,0.0007665200047065889,1.6988269043935765e-09
31,0.0005094635008387992,1.8541360023668057e-07,4.7144836169836396e-05,0.0005704037667186065,0.0002784970790700839,1.421522996674681e-06,8.624080975442149e-05,3.349918042689175e-07,2.437887492489772e-05,3.011472882229941e-07,7.466925634862305e-06,1.7173173311614355e-07,1.3722008661018854e-05,4.211638321070767e-06,5.361477365853076e-11,2.2616057625185242e-07,1.8655158070024934e-05,0.9822879860555949,2.0871363174147702e-06,4.203230715234877e-07,0.0008694269703490445,1.1888629981615186e-09,0.014159180576859498,0.0011180697620589832,2.3671085600576643e-09
32,0.0004888241150215885,1.7259753159798606e-07,4.7396911322789535e-05,0.00046834332157637444,0.00019532679674066921,1.1183819129375577e-06,6.98134459485035e-05,3.4397805851091925e-07,1.644448815864931e-05,2.956917589874969e-07,6.199728532091768e-06,1.3353444387089167e-07,1.2598247929201277e-05,3.4031507204114507e-06,3.9239677603826686e-11,2.158296092064747e-07,1.8208315092507786e-05,0.9857342525985833,1.961845125795935e-06,3.51438804312001e-07,0.0008288735682627726,9.991509029703676e-10,0.011323284894008108,0.0007824343314769974,1.750990465703709e-09
33,0.00043610734340609764,1.6054819139500264e-07,5.2224546195336654e-05,0.00045105717741200993,0.00023248193449062243,1.2693190584309502e-06,6.62569193470781e-05,2.9855611207152815e-07,2.1871058990242796e-05,3.5778311195193155e-07,5.518260920270326e-06,1.2334427895209404e-07,1.1252888895422516e-05,4.260314406214469e-06,4.005084306455467e-11,2.1989278754333512e-07,1.70084129954734e-05,0.9818805354151879,1.610446403728053e-06,4.451306373483256e-07,0.0008288257164030579,8.613284573228043e-10,0.014990884251143994,0.0009972277721170984,2.0661283926257325e-09
34,0.0006561273147715712,9.618881249133191e-08,3.79984058732512e-05,0.0003935199075763133,0.0001594653827644398,6.962534472858297e-07,5.8071627750990784e-05,2.882091962097325e-07,1.0859845064051561e-05,1.541759003570441e-07,6.38824122059513e-06,1.0509243093554561e-07,1.20483217177835e-05,2.029412892040345e-06,2.9703493014052647e-11,1.2803890991400794e-07,1.1783072938490624e-05,0.9901682648547943,1.5213301186693906e-06,2.1576830180661252e-07,0.000604451742923342,7.273984820118035e-10,0.007388765963018033,0.00048701912241843904,9.700567521109786e-10
35,0.00040536760532918636,3.0283539922930634e-07,7.805831038060519e-05,0.0007397455660235414,0.000578729055731325,1.3970591827217802e-06,9.536560556404217e-05,3.5759792131849747e-07,2.6252007628840283e-05,4.6184342808258927e-07,9.588282367493008e-06,1.7660819407942975e-07,1.3766142296718654e-05,8.689758049990959e-06,7.580111393910684e-11,2.5767954633899054e-07,3.431910043823162e-05,0.9679978154667718,2.1547470661520608e-06,7.605416191512429e-07,0.0016679812729981194,1.0098772059521387e-09,0.026640206938578853,0.0016982407417856945,4.148020351250636e-09
36,0.0005498714278438796,2.0758381651169732e-07,4.032267366494473e-05,0.00042474466068288905,0.0001094834250308533,1.2845879969811069e-06,7.562623598928788e-05,4.595754219076694e-07,1.7382240142207064e-05,3.1836170140653254e-07,5.44089848024233e-06,1.6631086853632237e-07,1.4859675914652317e-05,3.6113775538776846e-06,3.652935899975817e-11,2.289245438141343e-07,1.7219391441654917e-05,0.9895416546066464,2.172404040847361e-06,2.870549131394964e-07,0.000678521978625956,1.785038028542601e-09,0.008030109736623608,0.0004860234452438394,1.601245221769943e-09
37,0.00023833282208527665,8.985404915255316e-07,1.8152639361231268e-05,0.0033228828714765082,0.00031457840382339615,1.5229951589307951e-05,0.00014995409294609268,1.6963068602931798e-06,2.862585820392016e-05,1.487880994875771e-06,1.6040480990324046e-05,1.7251965294950055e-07,1.4164631336233201e-05,4.60728644037579e-06,6.975309993187029e-10,7.588703650218962e-07,5.960347565677291e-05,0.9591155900036984,2.7274027852455548e-05,6.525031622824847e-07,0.001536863505136867,7.46215898957059e-09,0.03471577055262055,0.0004166509951160789,3.620449406911037e-09
38,0.0004825263535924654,3.50255640782681e-07,6.664958608405256e-05,0.0007415056997863523,0.0005704012867773468,6.170822518955476e-07,5.880620967072131e-05,3.3992623820336383e-07,2.8309387563583503e-05,3.1527074393977335e-07,8.992980833410937e-06,2.604589940791954e-07,1.5756342697102032e-05,1.1567475988842265e-05,3.290221200055204e-11,1.4519399877766703e-07,2.1380160619892378e-05,0.9829001578009432,1.1135230664971955e-06,5.092463461789452e-07,0.0009939996860848233,1.1327230534306265e-09,0.012669507839579578,0.0014267841449547066,2.92191826209177e-09
39,0.0004918581382962566,1.60056170890634e-07,4.613039692815137e-05,0.0004278325041825069,0.00018473528269720546,1.0864480516827255e-06,6.981667585803278e-05,3.5930167823168357e-07,1.5279308429913636e-05,2.714282039030475e-07,6.190530607499531e-06,1.3773336654631326e-07,1.21550247091587e-05,3.201308226799204e-06,3.435282384095824e-11,2.0785457441526044e-07,1.751150553270289e-05,0.9869365588765577,1.7516270881096995e-06,3.3357292616454633e-07,0.0007760203065697338,9.6907378418695e-10,0.010314043784944146,0.0006943557109454934,1.6200278991357036e-09
40,0.0007777352744784523,2.455762391898545e-07,7.057746776571806e-05,0.000512733626434189,0.0002629441098958536,1.2948469100901294e-06,9.333632820187541e-05,5.05164580810351e-07,1.930048638049984e-05,3.1217971464647344e-07,9.399959025109281e-06,2.9588689458436003e-07,1.8854992455834497e-05,5.041053711479815e-06,5.2282567464860015e-11,2.814428890528097e-07,2.6992030091319934e-05,0.9863821512775366,1.6119629703441543e-06,4.812882085582957e-07,0.0008235372649914542,1.6826636199543194e-09,0.010205180662515639,0.0007871826580917483,2.7250708659118413e-09
41,0.0008025654476114827,1.7717379373940337e-07,4.687710922848391e-05,0.0010090072779762942,0.00043171814937312394,2.0270450671764674e-06,8.102142620878503e-05,3.6719295447553723e-07,2.7434244206855172e-05,2.618136868263308e-07,9.332687878872862e-06,2.089401939505081e-07,1.1837669395443065e-05,3.083491691183702e-06,7.676646789524337e-11,1.9406348934882758e-07,1.8323602998947724e-05,0.9783941687384461,1.6674145968141369e-06,3.610046903511423e-07,0.0005197937157814657,1.068419838407041e-09,0.017480609936354388,0.0011589586413281604,2.067861333491081e-09
42,0.0006702918747348649,2.7976676091608103e-07,4.980233973245094e-05,0.0006243413470548671,0.00019615895902533572,1.7411054541385424e-06,0.00011053690553374734,5.754405363021169e-07,2.071042674553248e-05,3.610822695547532e-07,8.452916631765192e-06,2.3322583291288195e-07,2.0630596992054042e-05,3.5083935660960314e-06,6.37964837349412e-11,3.415343206677822e-07,2.6298916063280063e-05,0.9865855106540625,3.3416118959660876e-06,4.0182408946758346e-07,0.0008968869709340043,2.336411105152838e-09,0.009986015860201682,0.0007935735310790707,2.316275225383715e-09
43,0.0003510790213693333,1.4824776559363517e-07,4.114856596654089e-05,0.000394588075767625,0.00016406696706238624,1.4811999872108074e-06,5.5988501873129785e-05,3.5462334597280013e-07,1.7109048950453135e-05,4.168147597966663e-07,5.021232970643601e-06,8.282977365393934e-08,9.795107026769561e-06,3.3158443536127906e-06,4.088655771429935e-11,2.064586926020283e-07,1.4987506300400453e-05,0.9850963438811285,1.9855426015132657e-06,4.2084983635403187e-07,0.0008153259532387865,9.592566768323221e-10,0.012361881106528184,0.0006642500989540382,1.5216036830529477e-09
44,0.000495073310050558,1.6828050244335053e-07,4.7753682197602406e-05,0.0004600245290380828,0.0001985885615149165,1.0587110036560684e-06,6.792926809767979e-05,3.381162715128917e-07,1.6279442469029245e-05,2.8099723618134967e-07,6.150571344315789e-06,1.3802436688593616e-07,1.2480311350472038e-05,3.484743270314282e-06,3.5672453213762804e-11,2.0423119581155446e-07,1.772155183925232e-05,0.9861369448870666,1.7278113332306133e-06,3.476583961858992e-07,0.0007855884488318042,9.599684616634403e-10,0.01098119416344934,0.0007665200047065889,1.6988269043935765e-09
45,0.0007209175215035706,1.5933521549242022e-07,3.8332560289118356e-05,0.000872383637811167,0.0003366875437418117,2.376628305962113e-06,0.00015130037204146103,5.403316541179317e-07,3.0466293540361824e-05,2.4419522217660955e-07,9.51124745785255e-06,2.1396205413856726e-07,1.7396072268998658e-05,2.4661881189009797e-06,9.2434660583509e-11,2.601529824702729e-07,1.4064633437839804e-05,0.9841187699204821,2.7381278999390438e-06,4.3006957163556664e-07,0.0006067545722396534,1.6433504119035426e-09,0.012112710929251128,0.0009612720277509979,1.941374140739442e-09
46,0.0011153124365090067,3.801984486660664e-07,6.958326460123208e-05,0.0007705789087329588,0.00022699061543649137,1.3303766849403177e-06,9.085768291391367e-05,5.856589116760782e-07,1.0477264269648607e-05,2.910833567456309e-07,1.1048268542193231e-05,3.095644260223776e-07,2.0920378577722817e-05,2.845206389024462e-06,6.030900427860135e-11,3.443247358759238e-07,5.429266050568137e-05,0.9868124842457281,2.846890211126308e-06,2.892497189215191e-07,0.000851521715575631,2.106857334034036e-09,0.009339426622282447,0.0006172790048702652,2.2114053592862597e-09
47,0.0009692919309405893,3.303122380033536e-07,6.868855169269458e-05,0.0005961749035818027,0.00018796157827060693,1.3067092731344197e-06,0.00010822427099919204,5.125924582989187e-07,2.1581366053328893e-05,3.378680458108673e-07,7.987249845075831e-06,3.5871105107234325e-07,2.707745246378461e-05,3.839699740604435e-06,5.305166692554621e-11,4.072699039720074e-07,2.7073007956484348e-05,0.9880268426519697,2.545755156921333e-06,3.9532174330288796e-07,0.0007496215499423333,2.349140233548477e-09,0.008203002909540938,0.0009964331137581337,2.8211824160981853e-09
48,0.0006453262917115675,4.3690785299539104e-07,5.487319149504114e-05,0.0007906071266974722,0.00013945723110331455,1.2961686424858714e-06,6.937446502201252e-05,5.454349200321638e-07,9.872478118791804e-06,4.438966676315111e-07,5.870257213592171e-06,1.4512201532517086e-07,1.5756706522239977e-05,3.1052886789346085e-06,4.369998296901941e-11,2.854343467686346e-07,4.293608534016856e-05,0.9860068015624347,3.210416981935913e-06,2.5342350416063006e-07,0.0009282149886708989,1.7184739169359109e-09,0.010823621048531957,0.0004575632218896204,1.4894644991598779e-09
49,0.0005538882136509628,1.7909003462566688e-07,5.36672271424424e-05,0.00045018896280820623,0.00020258198944822427,1.3646529310706867e-06,7.751511559808343e-05,4.034687521284569e-07,1.8378959463240475e-05,3.0771126711976065e-07,6.683699410996786e-06,1.7894869236176583e-07,1.359229718893561e-05,3.5472986007854235e-06,3.689579381845511e-11,2.4401763616343595e-07,1.925280738268051e-05,0.9861587935535776,1.5281811924931684e-06,4.0799380737795164e-07,0.0007011149948878762,1.1121663638409299e-09,0.010958354872403679,0.0007778228994001174,1.8956607118844334e-09
50,0.0004677099958169883,1.8047095068804452e-07,4.65211059929613e-05,0.0003982684464433026,0.00016299950521827606,9.37021651080869e-07,8.597735200325565e-05,4.343363018635284e-07,1.8246305741051323e-05,3.063235479391031e-07,5.6165821613952575e-06,1.2955948822139517e-07,1.4791911480704723e-05,4.091437128139603e-06,3.2439387110442966e-11,1.750931956606799e-07,1.3483186416266922e-05,0.989092933181632,1.9819252190733367e-06,3.304316476510518e-07,0.0009136725854835544,1.2014158565300323e-09,0.008175814144404088,0.0005953963447499698,1.5194704955096416e-09
51,0.00038293346585132373,6.636099138876233e-08,4.7570193151504584e-05,0.00023556781959345466,0.0002425803135272774,1.2903044496224253e-06,8.255281256036497e-05,2.1499466483195872e-07,1.8613859018190388e-05,2.3391895033774057e-07,5.605050203688871e-06,9.163776043141543e-08,8.621707838744626e-06,2.4534463316066574e-06,3.141132779923353e-11,2.3538182582412612e-07,1.61361629466995e-05,0.9816448302196249,1.5202035886716107e-06,4.276762223584538e-07,0.0009143000347595255,5.351501215394021e-10,0.015347211845503373,0.001046940151424267,1.8726499794678305e-09
52,0.0003437353663510561,5.760996861911499e-08,2.1911710349867958e-05,0.0002796870454895563,5.825335935487838e-05,7.84009315186445e-07,2.1596211618665236e-05,2.1359451890764782e-07,8.440463329764928e-06,2.264120448634003e-07,2.9993360085843735e-06,4.084332980164897e-08,6.8540677576622485e-06,1.3840706490792829e-06,1.9535330548823037e-11,1.0252248817433606e-07,5.444051162444961e-06,0.993098529514027,1.1790612770493086e-06,1.9671612031480674e-07,0.0003010346323347233,5.472617325322654e-10,0.005538416517552292,0.00030891182186658096,4.962880836285121e-10
53,0.0005007662260416958,2.4032820587511747e-07,5.850551831516641e-05,0.0005651857777354485,0.00018576186264439174,7.219559514913103e-07,3.67372177503101e-05,2.9605834192595014e-07,1.0918514953248418e-05,3.9656411364811837e-07,5.311258685541087e-06,1.0812986441963635e-07,1.300288862009528e-05,3.5162055106516934e-06,3.224559457503801e-11,2.2230097819149768e-07,2.5283659709068164e-05,0.9870298902353868,1.9482526109451175e-06,3.3274490198152917e-07,0.0008110290268012532,9.140743405892196e-10,0.00991471548188356,0.0008351073078412165,1.5368330002351266e-09
54,0.0006389658854585386,4.023164037393169e-07,9.04199628733674e-05,0.0006714194950185097,0.0003511000314261823,1.6586568054866655e-06,0.0001261309314415617,4.379285215038186e-07,4.36874428601509e-05,5.520004013803542e-07,7.831256723933951e-06,3.947604079141235e-07,2.3979376865541512e-05,8.672332182299308e-06,8.442167596535958e-11,5.539291619905027e-07,2.780739069240115e-05,0.9772141089340797,2.599446133644318e-06,7.933856453405714e-07,0.0011874734497497846,1.9704584509090365e-09,0.017310703216496363,0.0022902995465418335,6.269228447795869e-09
55,0.0005239140058451197,1.6366130795722672e-07,4.781271344376654e-05,0.00046985115235358865,0.00021646453579543084,1.103950266302148e-06,7.65676236497225e-05,3.417563195386121e-07,1.8678142684790384e-05,2.6437679572119584e-07,6.4548230765025775e-06,1.5901305954878987e-07,1.3101839512981188e-05,3.490693121228447e-06,3.6960208229867707e-11,2.1303129615043735e-07,1.6732174612850195e-05,0.9859591857605581,1.7216776028613199e-06,3.5239729669741267e-07,0.0007639233902921397,9.890579774336535e-10,0.011014671152040854,0.0008648292687770125,1.8342729545630461e-09
56,0.0005128969728024293,1.7320263248606018e-07,4.8555453220588905e-05,0.00046550654183767626,0.0001987517867595509,1.0754772412386617e-06,7.04763054896028e-05,3.539558290314684e-07,1.668965342164442e-05,2.853582090268769e-07,6.331326017895011e-06,1.4474164699850732e-07,1.3131394702036395e-05,3.539316359577674e-06,3.718374887525359e-11,2.0877987883605826e-07,1.7760017682772367e-05,0.9863929115572104,1.7819873610880506e-06,3.5469694152469566e-07,0.0007861088893681399,1.0256576922745157e-09,0.010696773840179375,0.0007661859359034037,1.7464634689118569e-09
57,0.0005207920982635115,2.6988771627389685e-07,6.000689566618607e-05,0.0004895350844733554,0.00021752775484288367,1.0337322268062885e-06,9.204030542689044e-05,4.254051415719085e-07,1.859671094544625e-05,3.6410466220677367e-07,7.015360586594225e-06,1.90638274524267e-07,1.7305936793461384e-05,4.434908590318609e-06,4.610032249535768e-11,3.1820193080497537e-07,2.5071441477375393e-05,0.9855467115209862,2.963449183989669e-06,3.9482758046683936e-07,0.0012484805600699008,1.4123793463836516e-09,0.010715243510858901,0.0010312736159956214,2.5898269059829653e-09
58,0.0005221284708248886,1.9157430251321597e-07,5.6192926324158506e-05,0.0005157428834782425,0.00025478946843258217,1.2002869829727766e-06,7.960154725506265e-05,3.4084760625926263e-07,2.1404679433947682e-05,3.280300631743529e-07,6.768357530010083e-06,1.6646309454142017e-07,1.4756371717048402e-05,3.9994326230457005e-06,4.536740853460252e-11,2.608680686238679e-07,1.9427431304010714e-05,0.9836155805345802,1.9754714057457074e-06,4.5114785107079094e-07,0.0008708443276459032,1.064538903735785e-09,0.012866847808173145,0.0011469976396828562,2.3217136420834073e-09
59,0.00047914618892713,1.8710533090529083e-07,5.67879805088954e-05,0.00047815259926466656,0.00024056531653823858,1.1111017495540787e-06,7.267934873276363e-05,3.2503884535395966e-07,1.957692231495624e-05,3.369762108458096e-07,6.171161423378607e-06,1.498719063018878e-07,1.3619436541935138e-05,4.049733610297672e-06,3.9992756878436637e-11,2.544351569051786e-07,1.9622431885484498e-05,0.9839465970267789,1.8349444832700668e-06,4.431264006968533e-07,0.0008889686131661735,9.602411975291726e-10,0.012690593319836409,0.0010788241367133949,2.183439499680206e-09
60,0.000495073310050558,1.6828050244335053e-07,4.7753682197602406e-05,0.0004600245290380828,0.0001985885615149165,1.0587110036560684e-06,6.792926809767979e-05,3.381162715128917e-07,1.6279442469029245e-05,2.8099723618134967e-07,6.150571344315789e-06,1.3802436688593616e-07,1.2480311350472038e-05,3.484743270314282e-06,3.5672453213762804e-11,2.0423119581155446e-07,1.772155183925232e-05,0.9861369448870666,1.7278113332306133e-06,3.476583961858992e-07,0.0007855884488318042,9.599684616634403e-10,0.01098119416344934,0.0007665200047065889,1.6988269043935765e-09
61,0.00047687510989127363,1.7118939174675084e-07,5.543752867329861e-05,0.00045021718645910585,0.00023563551057908895,1.0608660067162828e-06,7.17153858677785e-05,3.2022906316233063e-07,1.947308368524839e-05,3.1852741623433985e-07,6.057541993956229e-06,1.4686737144117193e-07,1.3237592230606563e-05,3.940262003238138e-06,3.646874278968367e-11,2.3778144636125567e-07,1.8060588148416667e-05,0.984644374788803,1.7021748559797551e-06,4.250362958412089e-07,0.0008544209184963792,9.076991901391734e-10,0.012106907604520939,0.0010392612295526012,2.0530795222632853e-09
62,0.000495073310050558,1.6828050244335053e-07,4.7753682197602406e-05,0.0004600245290380828,0.0001985885615149165,1.0587110036560684e-06,6.792926809767979e-05,3.381162715128917e-07,1.6279442469029245e-05,2.8099723618134967e-07,6.150571344315789e-06,1.3802436688593616e-07,1.2480311350472038e-05,3.484743270314282e-06,3.5672453213762804e-11,2.0423119581155446e-07,1.772155183925232e-05,0.9861369448870666,1.7278113332306133e-06,3.476583961858992e-07,0.0007855884488318042,9.599684616634403e-10,0.01098119416344934,0.0007665200047065889,1.6988269043935765e-09
63,0.0005122171941978166,2.0313477087649899e-07,5.024424224223762e-05,0.0005036264456221379,0.00020204987360817272,1.1022221323467391e-06,6.97964845032522e-05,3.6401778639736276e-07,1.679453887523567e-05,3.102403477442364e-07,6.386546909726438e-06,1.5292878249380918e-07,1.356995409601198e-05,3.7760429225019153e-06,3.938569257981321e-11,2.275421770032069e-07,1.9934252157702626e-05,0.9857243971501805,1.933626398310243e-06,3.628689335982231e-07,0.0008353578698867769,1.1033237733521524e-09,0.011225424667761207,0.0008117651219619838,1.8910365078745814e-09
64,0.00044516721731162546,1.6696286878138867e-07,5.0462385439994645e-05,0.0003930170107861306,0.00019549772121189317,9.134340614856735e-07,6.88415663906758e-05,3.361238631404169e-07,1.4469380928359738e-05,2.846805538094557e-07,6.01790071259271e-06,1.2597205464621414e-07,1.2182662010712258e-05,3.6932759043320303e-06,3.270917634970573e-11,2.0997096755439684e-07,1.9228763823033793e-05,0.9863537296852904,1.8350472846695493e-06,3.516398124097888e-07,0.0009784490538731652,8.9444581317599e-10,0.010719611991232137,0.0007354048901001012,1.7363636732304265e-09
65,0.0004970866950245644,1.6344633595053684e-07,4.648218835712521e-05,0.00046055723987296736,0.00019694326864125842,1.0785416517117151e-06,6.813657029516305e-05,3.3674192597325883e-07,1.5840182177745838e-05,2.732491415928272e-07,6.206431549689738e-06,1.351846104061429e-07,1.219058348391932e-05,3.317470930300711e-06,3.602224853250619e-11,2.0153285846920254e-07,1.7724023573321306e-05,0.9861141337737824,1.7529462745551334e-06,3.367079377422296e-07,0.0007786201406771617,9.460986105249432e-10,0.01103280508052948,0.0007456753641716535,1.6540759451321944e-09
66,0.0005820038265080725,8.698645230583287e-08,5.3574529027011324e-05,0.00022287554954365953,0.0001480461220586479,3.8400144539591124e-07,7.09110392679161e-05,4.1352659161865825e-07,9.311062702413387e-06,1.3747369533997863e-07,6.247458177717985e-06,1.3375315311499705e-07,1.652842431568829e-05,2.884125655612396e-06,1.3771236453176901e-11,1.0815646411717313e-07,8.90284375670667e-06,0.9946468366397829,7.541597000839625e-07,3.009625714402976e-07,0.0006150687958823373,7.122474528525939e-10,0.0032775626721683764,0.00033692638275031417,7.823103969719944e-10
67,0.0002055584294799386,6.067539356816491e-08,5.302110056216288e-05,0.00016951395289431157,0.00010834287103307352,4.81764247501792e-07,2.109596784247027e-05,1.6259258086769713e-07,4.3580028496988014e-06,3.184557317376417e-07,2.9307301210976303e-06,2.2299631856855988e-08,4.63712949685114e-06,2.3461404084254404e-06,1.2770869443348373e-11,1.2034627004703586e-07,1.6192067055376422e-05,0.985009435500209,8.68534010494824e-07,3.4531822865143663e-07,0.0009482531825192585,1.847523978206672e-10,0.013093011614289284,0.0003589224162576423,7.113633318593945e-10
68,0.00043570606710890053,1.596914299692504e-07,6.059035575295855e-05,0.0005044853417861863,0.00032023497319799487,1.355377741974559e-06,7.741065363270386e-05,2.8486726706611735e-07,3.296873454063834e-05,3.7654151687946446e-07,6.099857064037138e-06,1.6496481450195173e-07,1.2899240484657776e-05,5.862487641317958e-06,4.3006324605557645e-11,2.2236596340053106e-07,1.4941219252393386e-05,0.9793128380092913,1.2765977954216648e-06,6.137105024894714e-07,0.000755738683679669,8.604443518594846e-10,0.016947022950407686,0.001508743683937113,2.7217401388903496e-09
69,0.0004014317566452555,1.3663988124123287e-07,4.8155759915475e-05,0.0003446571366433403,0.00017491789375743248,9.397841870405911e-07,6.199011876088918e-05,3.234785891656157e-07,1.5217468992218644e-05,2.9497269926175287e-07,5.304995677568033e-06,1.1219802948446042e-07,1.0942972790766182e-05,3.659135644857121e-06,2.8906538595872206e-11,1.935265310681911e-07,1.4861933196808313e-05,0.9870201924725948,1.4850900960055242e-06,3.7341106018234876e-07,0.0008287374454798329,7.808454375119061e-10,0.0103738679287899,0.000692201485232687,1.5850525619856124e-09
70,0.0006497632919028912,1.6012024722582097e-07,4.8711317975777485e-05,0.0007527677469616105,0.0004230881443034366,1.5175596878448807e-06,0.00010109206935393351,3.6492809328278083e-07,2.7881599046347157e-05,2.2688834294966754e-07,8.620764427153154e-06,1.7827303742727023e-07,1.2317755973603401e-05,4.036281268094526e-06,5.129237646364974e-11,1.436216470231158e-07,1.596850707130785e-05,0.9794824685270098,1.3257549035100698e-06,3.8986554788004e-07,0.0006554405805465211,9.22397333415731e-10,0.016837645368897647,0.0009758881784110284,1.881654040412318e-09
