,0,1,2,3,4,5,6,7,8,9,10,11,12,13,14,15,16,17,18,19,20,21,22,23,24
0,0.0006124718341050407,3.5013968569875306e-07,5.738832309928074e-05,0.0007823188839904108,0.00028160117336230355,1.1137357255498403e-06,8.681910150010293e-05,3.128558684422749e-07,5.37867474921988e-05,4.274304810813074e-07,8.161382621174946e-06,3.3217723255752605e-07,2.8951906044839938e-05,8.51809147269594e-06,7.887518275522841e-11,3.1513827749849196e-07,1.3033753654954918e-05,0.9819355494950521,2.9753353210642964e-06,6.188579406485176e-07,0.0008451962853567242,2.099881953577662e-09,0.01272993203510268,0.0025498183767528083,4.761102937893104e-09
1,0.0005246086986226995,3.3401364733091286e-07,6.117290592878035e-05,0.0006736817903827401,0.0002682700506235688,1.099223450185725e-06,8.864555002844354e-05,2.919268669201783e-07,6.450095804038377e-05,5.113388308611672e-07,6.956339768380082e-06,2.990062566461197e-07,2.926555565603828e-05,9.04777618595105e-06,7.519480860552383e-11,3.634613477903728e-07,1.1174128052967466e-05,0.9815106988990707,3.1769269911624806e-06,7.167765982733473e-07,0.0009079923391937581,1.9354192423308935e-09,0.012740891688964372,0.0030962934650203716,5.169857588530278e-09
2,0.0005859136921912516,3.874820266678906e-07,6.521268835040491e-05,0.000791641508757805,0.00037714736155375204,1.1985133862517813e-06,9.667899042561676e-05,3.3494567859277463e-07,7.072165121008999e-05,5.03771386831893e-07,9.350515835176572e-06,3.9587865477972804e-07,3.10927043268039e-05,1.2012163277366931e-05,1.0248064690272574e-10,3.4488213497599336e-07,1.2883527784944292e-05,0.9802758786896268,2.9837338446917136e-06,8.417641112865742e-07,0.0009419659674004741,2.388612027490007e-09,0.01368023920381848,0.003042261302307127,6.570817098213921e-09
3,0.0006206091934792195,3.527574262329645e-07,5.7918184994421884e-05,0.0007935281598431647,0.0002848732912704203,1.1049672341751276e-06,8.726186635521702e-05,3.1557021121244866e-07,5.284552845085686e-05,4.2185176940013433e-07,8.229933458688274e-06,3.367835210050562e-07,2.8982566219932538e-05,8.45462065656972e-06,7.88133784309659e-11,3.169990984268753e-07,1.334654906963265e-05,0.9818654902814664,2.969552935492966e-06,6.136340563586044e-07,0.0008503911710446601,2.0910597283146665e-09,0.012766152757484096,0.0025554768531393553,4.756941830540261e-09
4,0.0006153008360752998,3.6751742346434893e-07,5.937300124237559e-05,0.0007747230612805694,0.0002737503810690624,1.017414097617444e-06,8.839974909736861e-05,3.364726850017191e-07,5.368957722270643e-05,4.355919038557896e-07,8.137762815479238e-06,3.432943037858224e-07,3.1404294442279816e-05,9.211624274881108e-06,7.660906292193521e-11,3.1128429012234593e-07,1.2669968687160084e-05,0.9830509226967915,2.9842760613450963e-06,6.392270491733076e-07,0.00087127625455027,2.25863394756604e-09,0.01165029298253481,0.002494405604702824,4.792155926694184e-09
5,0.10440625358568247,0.0001523011504957563,0.0024246368657993207,0.006372113419057936,0.040522949285695394,0.00019689316702048283,0.0718512422626117,1.9837472172228318e-05,0.013110864419003958,2.7178985492685984e-06,0.005573032384931153,0.0014811129269712833,0.003985701906037758,0.00044494498001130487,2.0314148608800193e-07,4.5225444209664144e-05,0.0026152509640688486,0.5074683007853862,0.00031675461383791787,7.987119985649124e-06,0.037662017949166855,6.883186968666505e-06,0.07335954738553677,0.12794919525227091,2.403243304246193e-05
6,0.0006206091934792195,3.527574262329645e-07,5.7918184994421884e-05,0.0007935281598431647,0.0002848732912704203,1.1049672341751276e-06,8.726186635521702e-05,3.1557021121244866e-07,5.284552845085686e-05,4.2185176940013433e-07,8.229933458688274e-06,3.367835210050562e-07,2.8982566219932538e-05,8.45462065656972e-06,7.88133784309659e-11,3.169990984268753e-07,1.334654906963265e-05,0.9818654902814664,2.969552935492966e-06,6.136340563586044e-07,0.0008503911710446601,2.0910597283146665e-09,0.012766152757484096,0.0025554768531393553,4.756941830540261e-09
7,0.0009329068700163138,2.7766234359402123e-07,5.0027075625480264e-05,0.0006910966127937382,0.00017621600497663215,8.133899981476571e-07,8.396593559363186e-05,3.8490384037593246e-07,3.193013281362889e-05,2.781611204962355e-07,9.89886653560067e-06,3.200572116629847e-07,3.932260854183142e-05,5.079909032619035e-06,6.603244488224051e-11,2.09933922058143e-07,9.606039027089514e-06,0.9903123950792186,2.865958482721726e-06,4.137384544695664e-07,0.000584518594987028,2.498609084512334e-09,0.005886175861340991,0.0011812914818869998,2.5575947660290942e-09
8,0.0007905064654222815,4.5444206382734637e-07,9.964272258924474e-05,0.001223729053282759,0.0004116370598510833,1.134168250641698e-06,7.126680106618377e-05,2.376050874278356e-07,6.979354298442773e-05,6.348206840550597e-07,7.137177835309456e-06,3.838761952939256e-07,3.562144681676882e-05,1.05465466716558e-05,9.75057934129577e-11,4.760990966710163e-07,1.8767426375862167e-05,0.9685364695896963,2.5180323900790454e-06,9.645683646604389e-07,0.0007784817896722081,1.7176634277014758e-09,0.021839253159563584,0.0061003345109749306,7.279895565473864e-09
9,0.0005178038303130121,5.139561624964552e-07,9.81419102226766e-05,0.0010384455382279826,0.0003634165234539008,1.1094767874033043e-06,7.010287823110313e-05,2.4124886970161597e-07,7.774402002477229e-05,8.434474447311297e-07,6.085867126768472e-06,3.3784540389608036e-07,3.374146847172949e-05,1.3842232708618404e-05,9.183964984802635e-11,5.526969282833795e-07,1.726376299274186e-05,0.9674834446211852,2.9347519168047274e-06,1.194224790448396e-06,0.0009954858388948802,1.7182479259133634e-09,0.022362784997918526,0.006913958519384177,8.53245280591496e-09
10,0.0006206091934792195,3.527574262329645e-07,5.7918184994421884e-05,0.0007935281598431647,0.0002848732912704203,1.1049672341751276e-06,8.726186635521702e-05,3.1557021121244866e-07,5.284552845085686e-05,4.2185176940013433e-07,8.229933458688274e-06,3.367835210050562e-07,2.8982566219932538e-05,8.45462065656972e-06,7.88133784309659e-11,3.169990984268753e-07,1.334654906963265e-05,0.9818654902814664,2.969552935492966e-06,6.136340563586044e-07,0.0008503911710446601,2.0910597283146665e-09,0.012766152757484096,0.0025554768531393553,4.756941830540261e-09
11,0.0006557628716491854,3.6449165775138427e-07,6.0292590899552234e-05,0.0008066253637758178,0.0002852151307567622,1.095426813978123e-06,9.1371467867927e-05,3.356063145044093e-07,5.3915859941606295e-05,4.2817344718480275e-07,8.57158080580177e-06,3.611541745304357e-07,3.1870584170970337e-05,8.577378236265302e-06,8.329784425849703e-11,3.3392006851672673e-07,1.3451699391364776e-05,0.9823093119620018,3.11653630771949e-06,6.433523697647572e-07,0.0008589031381751639,2.284118784001895e-09,0.012171353089318515,0.002638091274690724,4.979748106149833e-09
12,0.0005775309407572284,3.454486882870398e-07,7.188694891910322e-05,0.000756830098817217,0.0004846969266118154,1.2100594448575039e-06,9.259492489281244e-05,2.911146770147909e-07,6.747313606237791e-05,4.98706930945333e-07,8.923417843726878e-06,3.4993035969442253e-07,2.6421004692614136e-05,1.1290198268833758e-05,8.911043194132153e-11,3.5050278575661685e-07,1.653987314168637e-05,0.9764301961379798,2.56928203721279e-06,8.593162025811883e-07,0.0010215170613736134,1.9346141379028598e-09,0.01691195681929849,0.003515659514426426,6.61206335134601e-09
13,0.0008599567510415046,4.678120187471898e-07,6.379249394568946e-05,0.0007998818550648673,0.00048638710028204516,9.373030736454565e-07,0.00013671438167832376,5.249253249668519e-07,5.884320753959625e-05,3.0206307683696536e-07,2.0444413556843372e-05,8.996372805678709e-07,4.462743761264924e-05,1.4687504735479208e-05,1.3665449527877497e-10,3.1817766741969685e-07,1.6271483293654595e-05,0.9854501421874574,3.62047629036159e-06,7.218672910214025e-07,0.0011710962948182826,4.279978103945689e-09,0.008622323846472529,0.002247025894172067,8.469672965276739e-09
14,0.0007261859267565061,3.037998612520244e-07,6.421594218512231e-05,0.0007766577552756834,0.00027725659736945574,1.4377520246375984e-06,0.00010460343663515655,3.274614446057194e-07,6.513036792248635e-05,4.148157799483187e-07,8.202945301874425e-06,4.1378001164210416e-07,3.1075814978610764e-05,8.406188805628198e-06,9.443467655817447e-11,3.996643041680448e-07,1.3351500468684578e-05,0.9788330731895571,2.6652874575406893e-06,7.442702843169953e-07,0.0007648982166497428,2.233756161368282e-09,0.015293138845978374,0.0030270883087145394,5.8040419188206795e-09
15,0.0006206091934792195,3.527574262329645e-07,5.7918184994421884e-05,0.0007935281598431647,0.0002848732912704203,1.1049672341751276e-06,8.726186635521702e-05,3.1557021121244866e-07,5.284552845085686e-05,4.2185176940013433e-07,8.229933458688274e-06,3.367835210050562e-07,2.8982566219932538e-05,8.45462065656972e-06,7.88133784309659e-11,3.169990984268753e-07,1.334654906963265e-05,0.9818654902814664,2.969552935492966e-06,6.136340563586044e-07,0.0008503911710446601,2.0910597283146665e-09,0.012766152757484096,0.0025554768531393553,4.756941830540261e-09
16,0.0006545093694087786,3.5874387700785065e-07,5.449753970895339e-05,0.0007847671001879056,0.000271352875365488,1.0344034785323716e-06,8.662190593862227e-05,3.401970211788152e-07,5.005252268218457e-05,3.8970654237064755e-07,8.724458139852274e-06,3.6805482723223674e-07,2.944238576857194e-05,8.67010506791832e-06,8.021413530822108e-11,2.9470064067311295e-07,1.2634424228659673e-05,0.9840076649369224,2.976369489759786e-06,5.542270062827212e-07,0.000826585457790159,2.312987717533172e-09,0.011023479607541308,0.0021746739053280593,4.60983631054861e-09
17,0.0006241819215801851,3.3988165202570333e-07,5.931735549021311e-05,0.000754907412321214,0.00029528070378640457,1.0039982088509434e-06,8.880266746415939e-05,3.2233941211683866e-07,5.1965304119098355e-05,3.963512420520399e-07,8.12173419786604e-06,3.4309170860754707e-07,2.8858297109277712e-05,8.772970831339658e-06,7.018176157079461e-11,3.0015546093244415e-07,1.3301809676632934e-05,0.9825689271208399,2.687988213750146e-06,6.038221289485337e-07,0.0008652327579898906,2.041165304424952e-09,0.012142775202104269,0.002483550395504835,4.60761039926687e-09
18,0.0005688403012794038,4.076690842768135e-07,7.87660457102557e-05,0.000669712591932383,0.00031495782467415637,1.2327861854647418e-06,0.00010639232317422429,3.285988508978788e-07,6.724337782693519e-05,5.815967175005262e-07,7.719289472720396e-06,4.4881932712409526e-07,3.101612717126576e-05,1.2397138539557027e-05,9.880527203158018e-11,5.84966931654261e-07,1.8953248105047754e-05,0.9756117345854176,3.6044515900071315e-06,8.823615687826332e-07,0.0012776873028921582,2.4401513682736155e-09,0.017122880959870048,0.004103615893480365,9.201241497619123e-09
19,0.0005551589610679075,1.8101174654618965e-07,5.2179179722211115e-05,0.00043535603418312494,0.00017669568506230535,5.863271384337954e-07,6.45300945565473e-05,2.4908390119401376e-07,2.460600271832669e-05,2.358425440891845e-07,6.993384473194904e-06,2.2343892140003823e-07,2.2388145131459954e-05,5.635311947700471e-06,4.103789668963873e-11,2.4480181969167445e-07,1.1770820144123205e-05,0.9865149381919298,2.1114277628247995e-06,4.341961627896174e-07,0.0009166101353991104,1.1466915429859983e-09,0.009629571981335303,0.0015792958801786995,2.8744235927524304e-09
20,0.000587089760820596,2.629498920833951e-07,7.10387104209239e-05,0.0007004458323509056,0.0003565757748454826,8.886758093480292e-07,7.4854318678173e-05,2.3204478705308856e-07,4.395596983963149e-05,3.556912481451038e-07,7.138497202703155e-06,3.131287102900575e-07,2.128681368856802e-05,7.309076313703618e-06,5.5549993098076105e-11,3.6738350940007475e-07,1.7042382052779848e-05,0.9759381619773954,2.1705432806504346e-06,5.815598791829683e-07,0.000957885311913402,1.095237064442083e-09,0.017517826619891347,0.0036942109253972487,4.901285986296653e-09
21,0.0006364787634512006,2.867508264795023e-07,6.6191332230468e-05,0.0006181768317640498,0.00023548443768914252,6.171798298271069e-07,6.802756452904545e-05,3.073471281196397e-07,3.822076629474475e-05,3.3737788806711575e-07,7.208273840331163e-06,3.5841489820554363e-07,2.9269227641342334e-05,8.599104590461204e-06,4.994073556721427e-11,3.071965185927726e-07,1.2150267804442846e-05,0.9859509424796147,2.1062513997793767e-06,5.610729202138569e-07,0.0008220169346303226,1.6557533016596963e-09,0.009121847617912517,0.0023804989644119995,4.136492096158052e-09
22,0.0006140716416742271,3.4646948295848224e-07,5.757336793311979e-05,0.0007788994676252908,0.00027629029999646907,1.0798388508452607e-06,8.457957828270366e-05,3.150280659167789e-07,5.051392122756315e-05,4.18642419953228e-07,8.090773092772988e-06,3.261604794931752e-07,2.8365287978124468e-05,8.304455907304754e-06,7.608987214818877e-11,3.1140768029071453e-07,1.337422035856952e-05,0.9821848725032969,2.9170002955401856e-06,6.012137046217621e-07,0.00084663531607269,2.0440677671074124e-09,0.01258292646500707,0.0024591802303391606,4.590070742732343e-09
23,0.0006206091934792195,3.527574262329645e-07,5.7918184994421884e-05,0.0007935281598431647,0.0002848732912704203,1.1049672341751276e-06,8.726186635521702e-05,3.1557021121244866e-07,5.284552845085686e-05,4.2185176940013433e-07,8.229933458688274e-06,3.367835210050562e-07,2.8982566219932538e-05,8.45462065656972e-06,7.88133784309659e-11,3.169990984268753e-07,1.334654906963265e-05,0.9818654902814664,2.969552935492966e-06,6.136340563586044e-07,0.0008503911710446601,2.0910597283146665e-09,0.012766152757484096,0.0025554768531393553,4.756941830540261e-09
24,0.0005426434585471755,4.497788969017856e-07,4.989124735074959e-05,0.0010322495941114743,0.00026539291564865096,1.0256391041766876e-06,7.711530260951263e-05,3.2549879870331494e-07,4.655272181675561e-05,4.721289194168221e-07,7.320909905382328e-06,2.7727059932774415e-07,2.7740441592736396e-05,8.465231480314362e-06,7.712166670297322e-11,2.832751408376399e-07,1.3760140097005847e-05,0.9822052992427056,3.603931859198348e-06,5.141928965397682e-07,0.0008748840611994935,2.1737064814915224e-09,0.012606031764247325,0.0022356950332455792,3.968398942401156e-09
25,0.0005389330820019419,2.1843162217404922e-07,4.706949173807773e-05,0.0005665473318105116,0.00023590235191555295,7.198188846023507e-07,7.63271689135642e-05,3.582957762231771e-07,3.292746444471567e-05,2.5215057307840625e-07,8.099793078076162e-06,2.844735115065641e-07,2.2415318982689856e-05,6.987633016611488e-06,4.6110425005998225e-11,2.067598803716302e-07,1.0083207679555719e-05,0.9874618522495017,1.926169255230808e-06,4.727918684170928e-07,0.0007860916450276706,1.540438384015596e-09,0.008716945886950954,0.0014853739680041206,2.929013871720099e-09
26,0.001040072802309498,1.6123993096457076e-06,2.633462828727937e-05,0.0016099127673678177,0.000386710899881232,2.6882021059935e-06,0.0006169999324160198,3.904246588993404e-06,4.220676175881342e-05,3.6130234109518804e-07,7.646141589230918e-05,2.640102270949756e-06,0.00012701995328949189,1.2936203341304462e-05,7.87753964099539e-10,6.095778243645184e-07,2.798656141506179e-05,0.9905892211228158,3.564693187970624e-05,5.437704013829028e-07,0.0022926744870229313,5.4284039101211445e-08,0.002727159364180745,0.00037623226045854243,9.235048212792365e-09
27,0.0007330683117431562,4.6312164022469015e-07,5.60649037925927e-05,0.0010006044877366883,0.00034750790207130474,1.6351912683302263e-06,0.00011559748277982085,3.7472908077830265e-07,9.634142794934917e-05,5.216968303881219e-07,9.89768283716868e-06,4.834027071361134e-07,3.87993698367256e-05,1.052159965304298e-05,1.226803065891768e-10,3.4894906679094037e-07,1.1114926708715739e-05,0.9811923268888842,3.6194642758339106e-06,7.636204796350393e-07,0.0007188285436617736,3.5164084273263323e-09,0.012538615031615293,0.0031224912042771857,6.422014899676522e-09
28,0.0006206091934792195,3.527574262329645e-07,5.7918184994421884e-05,0.0007935281598431647,0.0002848732912704203,1.1049672341751276e-06,8.726186635521702e-05,3.1557021121244866e-07,5.284552845085686e-05,4.2185176940013433e-07,8.229933458688274e-06,3.367835210050562e-07,2.8982566219932538e-05,8.45462065656972e-06,7.88133784309659e-11,3.169990984268753e-07,1.334654906963265e-05,0.9818654902814664,2.969552935492966e-06,6.136340563586044e-07,0.0008503911710446601,2.0910597283146665e-09,0.012766152757484096,0.0025554768531393553,4.756941830540261e-09
29,0.0006206091934792195,3.527574262329645e-07,5.7918184994421884e-05,0.0007935281598431647,0.0002848732912704203,1.1049672341751276e-06,8.726186635521702e-05,3.1557021121244866e-07,5.284552845085686e-05,4.2185176940013433e-07,8.229933458688274e-06,3.367835210050562e-07,2.8982566219932538e-05,8.45462065656972e-06,7.88133784309659e-11,3.169990984268753e-07,1.334654906963265e-05,0.9818654902814664,2.969552935492966e-06,6.136340563586044e-07,0.0008503911710446601,2.0910597283146665e-09,0.012766152757484096,0.0025554768531393553,4.756941830540261e-09
30,0.0006206091934792195,3.527574262329645e-07,5.7918184994421884e-05,0.0007935281598431647,0.0002848732912704203,1.1049672341751276e-06,8.726186635521702e-05,3.1557021121244866e-07,5.284552845085686e-05,4.2185176940013433e-07,8.229933458688274e-06,3.367835210050562e-07,2.8982566219932538e-05,8.45462065656972e-06,7.88133784309659e-11,3.169990984268753e-07,1.334654906963265e-05,0.9818654902814664,2.969552935492966e-06,6.136340563586044e-07,0.0008503911710446601,2.0910597283146665e-09,0.012766152757484096,0.0025554768531393553,4.756941830540261e-09
31,0.0006535084963512716,4.156374379626368e-07,5.694143707885832e-05,0.0009649098937669251,0.0004530037627119966,1.581397722657088e-06,0.00011799366156002568,3.0626165731251844e-07,8.866662182063336e-05,4.822880254677764e-07,1.1079330963107404e-05,4.328372140334659e-07,3.342582948659529e-05,1.0482075036954307e-05,1.3181047470653633e-10,3.4274080057362866e-07,1.3511115713514256e-05,0.9776751443025851,3.9177352559673805e-06,7.624952682073338e-07,0.0009170265827919291,2.8043349707873895e-09,0.015378411948411008,0.0036176435690701923,7.0431245432362316e-09
32,0.0006116390265761053,3.592282958277166e-07,5.734580211631844e-05,0.000801621313875157,0.00027564007795225344,1.1367769558721365e-06,8.786907709492442e-05,3.1983376895143514e-07,5.207902238848456e-05,4.41132528842197e-07,8.214087384403114e-06,3.2103078363728376e-07,2.9055429258715052e-05,8.17389308840057e-06,8.422623516757783e-11,3.292400613002848e-07,1.3598772775567642e-05,0.9816625621430275,3.3351192410117118e-06,6.07927019016882e-07,0.0008911383077937445,2.13987462734966e-09,0.012934545833216309,0.0025596599140269094,4.7866697274376635e-09
33,0.0005524466831063971,3.590638915289527e-07,6.325692262730426e-05,0.0007734349847310397,0.00036563926137264885,1.407186028713241e-06,9.093644988050599e-05,2.7732641242491923e-07,7.79672761821973e-05,5.639990506202195e-07,8.001419472227817e-06,3.134657579329853e-07,2.7403012992219136e-05,1.0679916670012002e-05,9.764959999998985e-11,3.435830218102411e-07,1.2636050080841989e-05,0.9770028866667118,2.9982408148196183e-06,8.179376979539057e-07,0.0008972022824189274,2.0296280961686205e-09,0.016796789753718414,0.0033136302064925207,6.183589550191696e-09
34,0.0008454674146246797,1.9399565721772528e-07,4.7852721985355854e-05,0.0006718071398017875,0.00023656820748286974,7.539760098393947e-07,7.815688899314149e-05,2.705290560513071e-07,3.556501570621318e-05,2.2600194556852915e-07,8.652382957478911e-06,2.6706252345780977e-07,2.789968604874472e-05,4.869107822951097e-06,6.694371833095167e-11,2.1033040111655798e-07,9.441254932891591e-06,0.9867170695769168,2.550764448863423e-06,3.942082902943159e-07,0.0006637731855851048,1.5775401751285612e-09,0.008955000932025333,0.0016930051513211518,2.8209791115949017e-09
35,0.0005164704357204648,6.268409421544314e-07,9.178011404177032e-05,0.001230274369262355,0.0009482366504031191,1.531718750228442e-06,0.00011682356396361134,3.1462256600043033e-07,9.182571190460102e-05,7.310648354128058e-07,1.4084021290271328e-05,4.2632666441107674e-07,3.097308718818955e-05,2.0852632908390267e-05,1.8323153349360545e-10,3.764028512443694e-07,2.4432079952405423e-05,0.9611031618290984,3.812132446493797e-06,1.3461738853279101e-06,0.0016361830558259665,2.2702068029859e-09,0.028799064756985272,0.005366657996823794,1.1958251568577039e-08
36,0.0007098189961563306,3.9663540997451475e-07,4.83973235057872e-05,0.000760482955557419,0.00014997566707940165,1.2832295537291414e-06,9.521529807334634e-05,4.5878932107061424e-07,5.1213072246676346e-05,4.5142482071622725e-07,6.976854307370793e-06,3.997666744451513e-07,3.440321512337175e-05,8.173991115661457e-06,7.557266135099721e-11,3.617387965735044e-07,1.3363631733544635e-05,0.9866085404910725,3.555508062569885e-06,4.879646888111522e-07,0.0007242684146741965,3.80419007722527e-09,0.009242635852555617,0.0015391312478288174,4.051879011794432e-09
37,0.0002666403847326466,1.9596315811480312e-06,2.2524929524273422e-05,0.007186872286326667,0.0005344461620210546,2.119561240785755e-05,0.00023325278829986992,2.0755147585935467e-06,0.00014736426250734494,3.43636813633863e-06,2.304028388532312e-05,4.836271133894688e-07,3.156132886502487e-05,1.3225486937564246e-05,2.868711769534882e-09,1.51061559566631e-06,3.863560856733119e-05,0.95406938960204,7.001041222227289e-05,1.2589677925524677e-06,0.0012593550312220852,1.9906664213927005e-08,0.03497100088044945,0.0011007235616241238,1.3878013468519673e-08
38,0.0007295465067863206,9.950467989319454e-07,9.909737619117523e-05,0.0013877081763153667,0.0011564279081859646,9.076294149890106e-07,8.489402931453514e-05,3.650532301099658e-07,0.0001358655531887045,6.666995361989514e-07,1.6834679797027743e-05,7.368199791156209e-07,4.20888566792274e-05,3.6991926327185156e-05,1.0099096108062807e-10,2.2692940870036944e-07,1.7551016852402075e-05,0.9745658382570939,2.4331199696139608e-06,9.839456927385885e-07,0.001239540049899099,3.677503544531622e-09,0.015198932973049526,0.005281351981307352,1.1686487367263273e-08
39,0.0006194952896712159,3.2125851396728877e-07,5.61204685618942e-05,0.0007324695948906427,0.0002553118940386691,1.1050226171101422e-06,8.860813268876509e-05,3.365725703108796e-07,4.7648641039113985e-05,3.9126074548860103e-07,8.05366901525956e-06,3.340147237320569e-07,2.782822007940451e-05,7.597020179143519e-06,7.311542379774544e-11,3.2459644787032954e-07,1.3273956615952429e-05,0.9828577612287013,2.8957245639266696e-06,5.817407158363643e-07,0.0008415299599402334,2.0444458931632723e-09,0.012118034949294467,0.0023199702438482968,4.422976070835071e-09
40,0.0011152325016639607,5.791705812056702e-07,9.643956133820674e-05,0.0009478251317423165,0.0004873464804326277,1.6734734690403985e-06,0.00013138213804704944,5.021010368781231e-07,7.960886251259715e-05,5.39235150175438e-07,1.556598041849723e-05,7.907083814920105e-07,4.686072651131288e-05,1.4063656730561897e-05,1.4996313261815398e-10,4.443326103486016e-07,2.1225944194056122e-05,0.980494122767431,3.1268563937154843e-06,9.202040740310768e-07,0.0009748312279817467,4.4564306277973196e-09,0.012669690707923552,0.0028972141073785648,9.51760314459762e-09
41,0.0010339070121866798,4.2098872620575754e-07,5.605305352685845e-05,0.001865899731478587,0.0008345725763603177,2.5252012467387665e-06,0.00012497750972940142,3.5610138198039516e-07,0.00011373387419524533,4.5302051380600714e-07,1.5239831515028713e-05,5.603950755047877e-07,3.1304858086585155e-05,8.116633703371668e-06,2.3069026113311732e-10,3.2141061457603325e-07,1.3864558461134645e-05,0.9720006652361685,3.611105569630457e-06,7.287698261928377e-07,0.0005761473920933831,2.9074701440871957e-09,0.019411815120123,0.0039047157126014453,6.768655414884671e-09
42,0.0008382375597877192,6.098803937327095e-07,5.964662403214639e-05,0.001111397210554941,0.0002957716964966272,1.851047840315835e-06,0.00014216888803918477,5.479307746291901e-07,6.996844779870104e-05,5.906059917927304e-07,1.1589787290708897e-05,5.591393580858255e-07,5.092085577079796e-05,8.507639619426305e-06,1.4819685067039224e-10,5.372171359957274e-07,1.9083010387515463e-05,0.9830673664761316,6.151692326006912e-06,7.337966594984456e-07,0.0009403840868386987,5.400992690148518e-09,0.010833240275201987,0.002540124212312889,6.370067545343792e-09
43,0.0004491762778538651,3.079863688080375e-07,4.910037229709053e-05,0.000689487426412809,0.00024819424164565767,1.5413164554822777e-06,7.389393097457549e-05,3.403071691043513e-07,5.656448161773567e-05,6.37515471387967e-07,6.9741661897470315e-06,2.0232132004360676e-07,2.406329123036799e-05,7.825412331090813e-06,9.300685229171847e-11,3.2269599229570107e-07,1.0985327560459377e-05,0.9820791632172008,3.5838103149016427e-06,7.510471678038682e-07,0.0008629327140726043,2.1925877007599117e-09,0.013321569400588524,0.0021123763261120657,4.128058184472398e-09
44,0.0006206091934792195,3.527574262329645e-07,5.7918184994421884e-05,0.0007935281598431647,0.0002848732912704203,1.1049672341751276e-06,8.726186635521702e-05,3.1557021121244866e-07,5.284552845085686e-05,4.2185176940013433e-07,8.229933458688274e-06,3.367835210050562e-07,2.8982566219932538e-05,8.45462065656972e-06,7.88133784309659e-11,3.169990984268753e-07,1.334654906963265e-05,0.9818654902814664,2.969552935492966e-06,6.136340563586044e-07,0.0008503911710446601,2.0910597283146665e-09,0.012766152757484096,0.0025554768531393553,4.756941830540261e-09
45,0.0009466166251474939,3.3336658137248826e-07,4.649281126752927e-05,0.0016067456115557031,0.0005353494533199512,2.655729001100938e-06,0.00020365132620200254,5.255477905689795e-07,0.0001064327789109749,3.951086032890983e-07,1.3406017188474317e-05,5.264486430473022e-07,4.414222689675378e-05,5.865448512304574e-06,2.3503675088419274e-10,4.296367422845892e-07,1.0499227296161656e-05,0.9792211621415413,5.144946619039916e-06,8.174915653877498e-07,0.0006353643477633363,3.9481231062558664e-09,0.013468142837434376,0.0031452912385663027,5.449691506064758e-09
46,0.0013977118925431217,7.453314884499585e-07,8.273483245875637e-05,0.0014303477177558422,0.0003249610483208304,1.3386359557142532e-06,0.00011419067049644527,5.848570357597699e-07,3.17918577205958e-05,4.1010191744209717e-07,1.4305759042412607e-05,7.727853829135197e-07,4.664354095090046e-05,6.906165061634196e-06,1.276507267524362e-10,5.448934135528702e-07,4.354137210413136e-05,0.9819330640321428,4.641245491489087e-06,4.928081478524212e-07,0.0009514569188151634,4.494871353589363e-09,0.01154112045327721,0.0020716825270576315,5.930897661779942e-09
47,0.0011715832155564452,6.924665634264481e-07,8.144824862944431e-05,0.0010182277093756954,0.0002707189054579758,1.3849016537948075e-06,0.000131431764467342,4.71106239654567e-07,6.989782905617178e-05,5.283591847416919e-07,1.0709835388349325e-05,8.39103589862939e-07,6.10791693425509e-05,9.317633899162286e-06,1.1833890558835479e-10,6.211589972958884e-07,1.9954961111015832e-05,0.9836379319961995,4.3927519420821275e-06,7.094910134335152e-07,0.0007871551393108149,5.100481927318236e-09,0.009467196742620398,0.0032536944336458004,7.857934405392465e-09
48,0.0007956871876736373,8.623174406300771e-07,6.554536827927887e-05,0.0014277446649051762,0.00019413034558215253,1.321783033478455e-06,8.700066914220919e-05,5.347915803570385e-07,3.0434668848210483e-05,6.581865267964526e-07,7.482038438121308e-06,3.4598600036323884e-07,3.6798176100631137e-05,7.330381274488772e-06,9.378079416277089e-11,4.634876852884216e-07,3.279714438640589e-05,0.9819908098547543,5.4026113544309425e-06,4.5526354186520164e-07,0.0010106154252089079,3.705719918198526e-09,0.012775461523985258,0.0015281103837144125,3.941042991093552e-09
49,0.0007046007619531883,3.441649063484361e-07,6.464321184551269e-05,0.0007461314495046714,0.0002721625137025635,1.3173072559593432e-06,9.548697283023462e-05,3.735816022734035e-07,5.471269382451225e-05,4.2695169593031725e-07,8.581450608429005e-06,4.2299619660584686e-07,3.0638983740596294e-05,8.098357305050192e-06,7.378555140979624e-11,3.6598039839036663e-07,1.4198898953039166e-05,0.9824469303622232,2.444096144077519e-06,6.78383637631646e-07,0.0007432978822674254,2.257701326756235e-09,0.012319819895473174,0.002484315878074289,4.894369832510602e-09
50,0.0005668577843208445,4.061505286016335e-07,5.5784772919489784e-05,0.0007148798341793765,0.0002454156170252603,1.0456313215116566e-06,0.00010450453637018952,4.038342123496566e-07,6.250259223161828e-05,5.27755703192589e-07,7.672796374757531e-06,3.0803626472602354e-07,3.492516216128339e-05,1.021943896886814e-05,7.742229658145438e-11,2.7879795320389954e-07,1.0055431834321954e-05,0.9858713428916023,3.627202795899632e-06,6.22013702663354e-07,0.00094152369452944,2.780275880795123e-09,0.009385425721944387,0.001981663054682396,4.390675022920671e-09
51,0.0005014041116458645,1.2681215088159533e-07,5.873895300747384e-05,0.0004191018478580451,0.0003376169328172052,1.3314879292728537e-06,0.00010265481383812014,2.0078586742174726e-07,5.777858076559334e-05,3.2432220520182464e-07,7.131125652900513e-06,2.287709817631578e-07,1.9054419078448055e-05,5.785458889247888e-06,6.728912573498083e-11,3.7225334479547873e-07,1.2572083643439921e-05,0.9746430252938321,2.3385253242974006e-06,7.396688095776069e-07,0.0009668442288637452,1.0937889536389264e-09,0.019221580079506757,0.0036410431479033463,5.1350062642832276e-09
52,0.0004389767410949708,1.277438077451515e-07,2.7127851800224444e-05,0.0005314040569072779,9.065438990550463e-05,9.022505352168496e-07,3.0243072187783937e-05,2.1617478523822918e-07,2.8844454880103162e-05,3.7218689252221704e-07,4.141588911899452e-06,1.0052097056824097e-07,1.711473182925313e-05,3.3870472310492853e-06,4.793589516920851e-11,1.7297825511918238e-07,4.5148704225823185e-06,0.990739859298688,2.25157685201957e-06,3.728373844632785e-07,0.0003390921880433603,1.3266264441595026e-09,0.006702983320526744,0.0010371373292464596,1.4142795767427193e-09
53,0.0006203254242850351,5.351120566431839e-07,7.053337145229932e-05,0.0009640654608220999,0.0002902025863151563,7.787431594809718e-07,4.988395443966607e-05,2.757460422826621e-07,3.7673240058268846e-05,6.19550226359422e-07,7.60084013033431e-06,2.6946819740313815e-07,3.0739441309397945e-05,8.852093708592345e-06,7.495455754507476e-11,3.390110520197733e-07,1.9106990785402526e-05,0.9830527304932108,3.5880224230394623e-06,5.923816862613547e-07,0.0008969224208493073,2.0919410080112955e-09,0.011214395660217555,0.0027299633130006724,4.507676253391347e-09
54,0.0007826334813202217,9.497359378594146e-07,0.0001052556549606118,0.0011246700194173641,0.0005665203369264634,1.793974515601207e-06,0.00016690613351653838,3.9539302928756575e-07,0.00016018221367022177,9.209251178337971e-07,1.1738429977581543e-05,9.497447811710892e-07,5.921148525093882e-05,2.2000619252156222e-05,2.0473251125111242e-10,7.96900544980536e-07,1.9255336286634045e-05,0.9707396030429957,5.1484234300218604e-06,1.4204456799084896e-06,0.001257079298032777,4.76843493947573e-09,0.01781724353664807,0.007155301669920383,1.822562000226716e-08
55,0.0006571967107215932,3.421694071099297e-07,5.795959317840493e-05,0.0008124076345178141,0.00031089699642769937,1.153285880105296e-06,9.828355774825435e-05,3.192108136190568e-07,6.052638166936733e-05,3.9504110475016706e-07,8.629291642107276e-06,3.885938997156502e-07,3.0278947478581673e-05,8.479994529143253e-06,8.155222799090484e-11,3.3037589902481317e-07,1.2669089724348187e-05,0.9813219043562142,2.9438258868649686e-06,6.206750259875292e-07,0.000828739828585404,2.1500100203957453e-09,0.012898369504695294,0.0028871575666400712,5.136748212535806e-09
56,0.0006397720512139427,3.6034360782334685e-07,5.881827985816089e-05,0.0007990030925865319,0.0002802770195256792,1.110612648003617e-06,8.978158867747798e-05,3.304438294636421e-07,5.3417682921213775e-05,4.259515019143927e-07,8.373100644974757e-06,3.503706383263988e-07,3.0386000592425746e-05,8.536251141570948e-06,8.066245599771377e-11,3.2378478904978586e-07,1.336008295951198e-05,0.9821995826832456,3.0360077536422342e-06,6.232007586039367e-07,0.0008511165601734075,2.2133742024461913e-09,0.012414639113105851,0.0025463686489374518,4.834852595926089e-09
57,0.0006481142636961923,5.809986915394338e-07,7.172787241687793e-05,0.0008288783192526098,0.00031822576260733015,1.0710640720662595e-06,0.0001146274408429427,3.8967558896154536e-07,6.0911051632966816e-05,5.682315292541316e-07,9.64337441172946e-06,4.5428062658658213e-07,4.040682328620066e-05,1.0745181041667138e-05,1.0289604412956424e-10,4.7501105811267226e-07,1.812581595368928e-05,0.9815813413944815,5.225996008839022e-06,6.90915195699574e-07,0.00130412967713538,3.117417119894355e-09,0.011712103215773114,0.0032715532535520517,7.160831257600026e-09
58,0.0006507274379415025,3.9510714557096126e-07,6.77746870916847e-05,0.0008826072092843779,0.0003549058667198999,1.208471282901576e-06,9.94079898590317e-05,3.1723277913720617e-07,6.658943484514325e-05,4.840022598984576e-07,8.878004080748721e-06,3.975028884293951e-07,3.366816492099544e-05,9.554028948067798e-06,9.616547927696422e-11,3.9659044895406135e-07,1.4583279116275391e-05,0.9783731079630186,3.32823186263348e-06,7.722670473479991e-07,0.0009391034112478965,2.2549403413139246e-09,0.014761310431914275,0.0037304740538440773,6.280346429391957e-09
59,0.000598615152330008,3.8160402613159e-07,6.845630127303608e-05,0.0008103224165009755,0.00033280079821319087,1.1221420407319466e-06,9.151535159042906e-05,3.0303778607961735e-07,6.102314294909069e-05,4.932027794556686e-07,8.086530725384505e-06,3.588284306592005e-07,3.124848535291328e-05,9.597760584670615e-06,8.439387920359271e-11,3.8910935478660504e-07,1.4657870940084055e-05,0.9790006192940465,3.078111516920568e-06,7.629400140872503e-07,0.0009558009818126193,2.037981149384031e-09,0.014497959769377598,0.0035123991498386942,5.896140968938528e-09
60,0.0006206091934792195,3.527574262329645e-07,5.7918184994421884e-05,0.0007935281598431647,0.0002848732912704203,1.1049672341751276e-06,8.726186635521702e-05,3.1557021121244866e-07,5.284552845085686e-05,4.2185176940013433e-07,8.229933458688274e-06,3.367835210050562e-07,2.8982566219932538e-05,8.45462065656972e-06,7.88133784309659e-11,3.169990984268753e-07,1.334654906963265e-05,0.9818654902814664,2.969552935492966e-06,6.136340563586044e-07,0.0008503911710446601,2.0910597283146665e-09,0.012766152757484096,0.0025554768531393553,4.756941830540261e-09
61,0.0005932428801597153,3.516160673860048e-07,6.702423745726101e-05,0.0007689851080685573,0.0003287548142357869,1.073316217678555e-06,9.087058903546747e-05,2.9961100737128844e-07,6.053167351835496e-05,4.6612532061846785e-07,7.959188008911283e-06,3.5315893677586066e-07,3.0226709290950902e-05,9.416494127636455e-06,7.74864235496787e-11,3.6573241878292723e-07,1.372842958901628e-05,0.9796669293060766,2.872785328722862e-06,7.324723970945437e-07,0.0009321755803836676,1.927434097998428e-09,0.01401769609686267,0.0034059364731936384,5.5973768410523325e-09
62,0.0006206091934792195,3.527574262329645e-07,5.7918184994421884e-05,0.0007935281598431647,0.0002848732912704203,1.1049672341751276e-06,8.726186635521702e-05,3.1557021121244866e-07,5.284552845085686e-05,4.2185176940013433e-07,8.229933458688274e-06,3.367835210050562e-07,2.8982566219932538e-05,8.45462065656972e-06,7.88133784309659e-11,3.169990984268753e-07,1.334654906963265e-05,0.9818654902814664,2.969552935492966e-06,6.136340563586044e-07,0.0008503911710446601,2.0910597283146665e-09,0.012766152757484096,0.0025554768531393553,4.756941830540261e-09
63,0.0006368700728766473,4.351291628132897e-07,6.068882433403786e-05,0.0008671451403888056,0.0002919854944029433,1.144166172132905e-06,8.893650299103205e-05,3.37945700933034e-07,5.476987149520081e-05,4.7548835783404746e-07,8.60857968195682e-06,3.69465885252498e-07,3.1620975819000025e-05,9.227947443072564e-06,8.697363908094956e-11,3.4771577832907106e-07,1.4867348915585016e-05,0.9815432303670836,3.379430298008053e-06,6.36471753893723e-07,0.0009016239679413982,2.4175479586303467e-09,0.012815025278064019,0.002668266030227885,5.280704192642044e-09
64,0.0005601966611688303,3.3517027451805344e-07,6.120833992403341e-05,0.0006728497330605732,0.0002670105422102415,9.052059657983661e-07,8.49032697556262e-05,3.1305356494323723e-07,4.404907882823135e-05,4.1082080336229497e-07,7.759846046273375e-06,3.0069188838080933e-07,2.7575286244689592e-05,8.700540547612377e-06,6.778378485725644e-11,3.2041164495713646e-07,1.4472632797867445e-05,0.9823996967642228,3.006499963449116e-06,5.969660374443577e-07,0.0010492954543528052,1.8540935603235994e-09,0.012388927923067358,0.0024071585602402673,4.625512661276205e-09
65,0.0006238943591659406,3.4112524095486853e-07,5.648660859346983e-05,0.0007961195426248856,0.0002819761812642725,1.123211818614176e-06,8.732821721322858e-05,3.1432272799486785e-07,5.121489034758571e-05,4.08768432554029e-07,8.275231212593149e-06,3.2998150544407073e-07,2.8221004603470223e-05,8.044599861099034e-06,7.942770676538639e-11,3.1334072536998204e-07,1.3392484093422827e-05,0.9818127114839656,2.9966682455601674e-06,5.937740639992451e-07,0.0008434603122061704,2.0514324239536324e-09,0.012889010117652953,0.0024934370152699756,4.628304669535604e-09
66,0.0008138066334798503,1.8389170782948313e-07,7.488856111071513e-05,0.00040515783915572246,0.00022994186351915302,4.831474426473085e-07,8.057630752028843e-05,4.1454996320554704e-07,3.29179209546268e-05,2.4311917954617855e-07,9.118291812161728e-06,3.222626314054468e-07,3.743144087535271e-05,7.543353152149639e-06,3.482415771255017e-11,1.7712718426038097e-07,7.1213350800724e-06,0.9921159751204828,1.2727656215392854e-06,5.783344969905029e-07,0.0006788741744733001,1.719925761987047e-09,0.004262939991611619,0.0012400276879343556,2.525860461990619e-09
67,0.000263344348122727,1.1606982177802371e-07,6.418486858387749e-05,0.0002904963843004643,0.00014263269248382239,4.7574839579032225e-07,2.6820000857607653e-05,1.5548454293780333e-07,1.2963391643627933e-05,4.3039775848716397e-07,3.6995251133204582e-06,5.4438405419328486e-08,1.0473551360624821e-05,5.386395743191036e-06,2.576372703877104e-11,1.8786026599229468e-07,1.2439023308138623e-05,0.9814400708576069,1.377690992607446e-06,5.808138164218068e-07,0.0010307600484120482,3.8107031979574526e-10,0.015499653570116258,0.0011936945645782421,1.866936046233853e-09
68,0.0005493089033369991,3.267337882799491e-07,7.21786812539915e-05,0.0008375983524190542,0.0004678688113978651,1.3595615686929246e-06,0.00010000832185923068,2.638780930953561e-07,0.00010413738487114473,5.412670441474271e-07,8.36997396720199e-06,3.9914880265733507e-07,2.953549445659744e-05,1.3859033807906753e-05,9.162062684244705e-11,3.2960744245928174e-07,1.1169179341955933e-05,0.9734521296401301,2.1946449394809608e-06,1.0302219645481895e-06,0.0008198155458831537,1.850223495940983e-09,0.018756440134654488,0.004771126156237423,7.380895480407478e-09
69,0.0005054364666155145,2.6542873971557083e-07,5.854275421311436e-05,0.0005927315979852188,0.00023227546084129996,9.23427427202777e-07,7.667939364970378e-05,3.0488496531932705e-07,4.493163662499351e-05,4.0924387362754527e-07,6.680470654133592e-06,2.6890082452621065e-07,2.4404472319341264e-05,8.514101199171337e-06,5.849706381521209e-11,3.006889857609759e-07,1.1470695155973885e-05,0.9828263719751374,2.362241807009793e-06,6.316845485754479e-07,0.0009039197705358867,1.5855536203936697e-09,0.01239729098726004,0.0023052778890752133,4.18351058271939e-09
70,0.0008181601925537911,3.512809234228397e-07,5.9873286900046676e-05,0.0013197992372747,0.0006468532128880267,1.655915606759308e-06,0.00012861786563481646,3.3132434817297564e-07,9.598029068829508e-05,3.669562929942494e-07,1.1892105986690228e-05,4.3868157696949735e-07,2.878280516392747e-05,1.0092754227567458e-05,1.224742837388436e-10,2.2528308626188315e-07,1.2026904753491912e-05,0.9733076782724892,2.3718208831727455e-06,7.083637468948419e-07,0.0006931065432341785,2.070539584670279e-09,0.019551594819448667,0.003309084334836096,5.554442099228191e-09
71,0.0003804175370239089,3.3298092471002926e-07,6.260914462321958e-05,0.0005637753247820027,0.0003930512241780114,9.015875376343388e-07,9.91012043097016e-05,2.842309856723407e-07,7.995072980892703e-05,5.014375484573404e-07,6.620758072872794e-06,2.762477597058302e-07,2.5696146469746836e-05,1.4146746721626323e-05,5.977502774276181e-11,2.9802142033745563e-07,1.008184027286396e-05,0.9797112551934362,2.4230635469681873e-06,8.917727286139421e-07,0.00121227951508705,1.6625003015394866e-09,0.01407479555181856,0.003360302194279224,5.824388994057215e-09
