,0,1,2,3,4,5,6,7,8,9,10,11,12,13,14,15,16,17,18,19,20,21,22,23,24
0,3.6042654803751573e-06,0.0012552242952642817,6.6166780987698535e-06,0.12759946942460434,0.00018336638116202492,1.6356936373797776e-06,2.9178965197417217e-05,3.20121511953045e-05,2.4234037964788126e-09,0.0001418262163750189,0.00025133724089744476,1.8318906295379106e-05,2.971090917149293e-05,8.066246631568658e-05,4.1405016907675075e-10,1.1255779259049887e-08,1.5736148961648308e-06,0.8691948378872654,2.5866134660715244e-08,7.1383907310043085e-06,9.113598200915347e-05,1.0231271625004026e-06,0.0001916084679446551,0.0008695776579166156,1.0101319011705453e-05
1,4.700440217817035e-06,0.001571177979471037,1.0058107694753342e-05,0.1537265524812076,0.0002392692718420303,2.635004037932005e-06,4.319024185934582e-05,4.6206661975259444e-05,5.2812175464279505e-09,0.00023511107102262572,0.0003116838028659597,2.2293971437992264e-05,3.520784018501826e-05,0.00011029739415591586,6.764293318765089e-10,2.1247588262591275e-08,1.6548378261022642e-06,0.8423760557694725,5.139548829068209e-08,1.0405416943649783e-05,0.00013335909312600698,1.3533827097568183e-06,0.00019821879305537656,0.0009058012063870087,1.468863178276924e-05
2,4.320968101429203e-06,0.0014091153038566407,6.023066312712233e-06,0.13209535192190575,0.00019364103565942256,1.9879320552014075e-06,3.2823116070115095e-05,3.693923189512562e-05,2.377788360869967e-09,0.00016219189058216455,0.00024107468334883198,2.162377485280294e-05,2.962883258398641e-05,0.00010086619036888626,6.899715223502454e-10,1.8105180284644932e-08,2.2196942536017084e-06,0.864296267140115,3.323607114204595e-08,8.482097235397906e-06,0.00011419980571482172,1.6499783844300035e-06,0.0003283268143429651,0.0009000685041077614,1.31436092418574e-05
3,3.4870657759002525e-06,0.0012656282616652333,6.186454423981182e-06,0.1279193411479685,0.0001770961967755186,1.550482376863328e-06,2.7831691507654464e-05,3.161326609314606e-05,2.273445958986892e-09,0.0001419880183743685,0.00023795372967693417,1.765262948657056e-05,2.8346311416756622e-05,7.886858667379368e-05,4.038710382732005e-10,1.0822082827974321e-08,1.58912408308462e-06,0.8689019119831143,2.5179259175885055e-08,6.855803405457745e-06,9.229829271074699e-05,1.0299413476220168e-06,0.00019324121095130208,0.0008552199309538288,1.027119255926539e-05
4,3.5547525919248277e-06,0.0013929508491211911,7.114210794241557e-06,0.13490487664971043,0.00020733268431218137,1.763795003078166e-06,3.0678745524035884e-05,3.026096558747237e-05,2.5611744817589676e-09,0.00015255631217317932,0.0002503043981612523,1.8774097388541682e-05,3.613600749156499e-05,9.6685178764549e-05,4.3559158154920977e-10,1.157672576094615e-08,1.557112793738962e-06,0.8616622052628934,2.6266340299732125e-08,7.230871824536651e-06,8.944662739384701e-05,1.0539622368331374e-06,0.00020104127604488956,0.0008942502871358933,1.0185113221070699e-05
5,0.022875405032553656,0.11228888610309337,0.032329334760638914,0.08015464217081468,0.041765068722023804,0.0037325293404654957,0.029918897464060356,0.0047500365610762445,0.0003892289677801063,0.005204187558782918,0.129300999055721,0.03847765423606268,0.0016095844952767422,0.040397985446738456,9.715152668845719e-05,0.000148780722320513,0.0002992463132013998,0.42507437942647935,0.0016333726693654462,0.0006229530324302428,0.006144369275777308,0.004306299782663287,0.0025787159580565196,0.01183246082745616,0.004067830550472838
6,3.4870657759002525e-06,0.0012656282616652333,6.186454423981182e-06,0.1279193411479685,0.0001770961967755186,1.550482376863328e-06,2.7831691507654464e-05,3.161326609314606e-05,2.273445958986892e-09,0.0001419880183743685,0.00023795372967693417,1.765262948657056e-05,2.8346311416756622e-05,7.886858667379368e-05,4.038710382732005e-10,1.0822082827974321e-08,1.58912408308462e-06,0.8689019119831143,2.5179259175885055e-08,6.855803405457745e-06,9.229829271074699e-05,1.0299413476220168e-06,0.00019324121095130208,0.0008552199309538288,1.027119255926539e-05
7,3.6447222231216922e-06,0.0018465581853250982,8.454341064137828e-06,0.12786514170739843,0.0001278933637656777,1.0536909800929727e-06,4.096464996822144e-05,3.057631508606623e-05,3.1478567872245786e-09,0.00012590792734013448,0.0002931073718327921,1.3642250867169739e-05,6.210619963614626e-05,6.216265524785873e-05,2.9033207441161817e-10,6.186261471358344e-09,1.3442284803991066e-06,0.8680657774370462,1.879599809557064e-08,9.762731338772547e-06,4.6340673300331484e-05,7.153532681033454e-07,0.00011203630654166394,0.0012748897139645094,7.891754876816471e-06
8,3.691358817604059e-06,0.0016061808347300793,8.064121412898745e-06,0.225742418763438,0.00021581581842097954,1.1438721047613196e-06,3.4582041819366955e-05,4.533939925472964e-05,2.1979921133549195e-09,0.00023371375654440915,0.00014743799537085496,1.482483069047568e-05,3.749005578343298e-05,9.948270127547486e-05,4.219270197277823e-10,1.5279433478726723e-08,2.0864686846708693e-06,0.7698583902069963,2.4636419154792522e-08,8.027376177698444e-06,0.00010641858817235858,9.01037903860141e-07,0.0002953813249768336,0.0015204406535520242,1.8126258101140614e-05
9,3.770063779787243e-06,0.001992482071112374,1.2770588973799493e-05,0.2283973593953398,0.00021891177839119055,8.800273094623974e-07,3.804143636963966e-05,4.7245727566474616e-05,3.250417640925366e-09,0.0002009560590339225,0.00018219173046563728,1.4852123091257376e-05,5.775682073644797e-05,8.653246326536147e-05,3.637168403649634e-10,9.4780786421252e-09,2.014585267191441e-06,0.7663825289939976,2.159876659120582e-08,9.336883474681155e-06,7.785160129094016e-05,6.954732307991451e-07,0.00017258499694660935,0.0020839092160489033,1.729327332840822e-05
10,3.4870657759002525e-06,0.0012656282616652333,6.186454423981182e-06,0.1279193411479685,0.0001770961967755186,1.550482376863328e-06,2.7831691507654464e-05,3.161326609314606e-05,2.273445958986892e-09,0.0001419880183743685,0.00023795372967693417,1.765262948657056e-05,2.8346311416756622e-05,7.886858667379368e-05,4.038710382732005e-10,1.0822082827974321e-08,1.58912408308462e-06,0.8689019119831143,2.5179259175885055e-08,6.855803405457745e-06,9.229829271074699e-05,1.0299413476220168e-06,0.00019324121095130208,0.0008552199309538288,1.027119255926539e-05
11,3.481030907149518e-06,0.0012949181816182013,6.252203689180846e-06,0.12709022229015618,0.00017436644810380023,1.5137536867441252e-06,2.819149419898147e-05,3.091914866733125e-05,2.2895631692713974e-09,0.00014032450967588886,0.0002358423091165261,1.7514594903061277e-05,3.1296245225278634e-05,7.898766704436004e-05,3.932390993573657e-10,1.0384259572269283e-08,1.5893378479414764e-06,0.8696883014266531,2.410776232176258e-08,6.996458532328065e-06,8.59506625464071e-05,1.0089349085426364e-06,0.00019003085048880356,0.0008822989996335788,9.956277572611354e-06
12,2.7067527109300564e-06,0.0009726215002436272,3.3342190804240903e-06,0.09677695836694018,0.00017859835635278365,1.374672468582192e-06,1.5559997740914e-05,1.7285548183935956e-05,7.737684621510954e-10,0.00010200578122383322,0.0001480145601282468,1.7680776476491903e-05,2.2402320828423947e-05,8.859216413421071e-05,2.743050469082524e-10,9.082912955834228e-09,1.5566607780842966e-06,0.900689130564859,1.4938324210061225e-08,3.933753797134165e-06,7.411233703840062e-05,1.0706094038064966e-06,0.0002706167747992182,0.0006053691602317564,7.050053269397783e-06
13,4.412264817013887e-06,0.0013269131597398271,8.585072508723447e-06,0.13004527208917574,0.00021895866398549704,1.6755193812582722e-06,2.9798864421863525e-05,3.391078074940341e-05,2.9082777315701586e-09,0.00011678799056385409,0.00034719034177152047,3.0306986338401516e-05,3.355798996941884e-05,0.0001080341773264698,5.191355902680468e-10,1.0829257425963153e-08,1.9951200843632668e-06,0.8665835044300968,3.3255294129941336e-08,7.294963103121241e-06,0.0001088149173363356,1.271618777099693e-06,0.00018953858301336596,0.0007906164405323487,1.1512514342709045e-05
14,6.210407273814229e-06,0.0007581481892740401,7.918580213574603e-06,0.12727867677233964,0.00014886557112744032,1.4373892143293095e-06,3.3175458096920674e-05,3.775963349373468e-05,2.0610550522411445e-09,9.482113789627431e-05,0.00023796632838520796,3.3986888921394964e-05,2.165322918619104e-05,9.5075060799535e-05,4.929275545058598e-10,1.6497734872670144e-08,2.278141544968119e-06,0.8700437835153052,2.9559981435667163e-08,8.049241073139343e-06,0.00010964716370065399,1.2677486506280921e-06,0.0002738937328811105,0.0007901555932974016,1.5181605625797829e-05
15,3.4870657759002525e-06,0.0012656282616652333,6.186454423981182e-06,0.1279193411479685,0.0001770961967755186,1.550482376863328e-06,2.7831691507654464e-05,3.161326609314606e-05,2.273445958986892e-09,0.0001419880183743685,0.00023795372967693417,1.765262948657056e-05,2.8346311416756622e-05,7.886858667379368e-05,4.038710382732005e-10,1.0822082827974321e-08,1.58912408308462e-06,0.8689019119831143,2.5179259175885055e-08,6.855803405457745e-06,9.229829271074699e-05,1.0299413476220168e-06,0.00019324121095130208,0.0008552199309538288,1.027119255926539e-05
16,3.6512578499501435e-06,0.0013153707674555272,6.768929993682024e-06,0.13074636491325436,0.00018966722556200148,1.576074903066381e-06,2.8741145686260396e-05,3.269450634213945e-05,2.4428402120334388e-09,0.00014062560559418045,0.0002492516362291207,1.8609427633903732e-05,3.07614054320519e-05,8.20911907300469e-05,4.2769183640287645e-10,1.0864727514001527e-08,1.6725580113000416e-06,0.8659376094260788,2.6046373119538938e-08,7.074371955802116e-06,9.019778280038147e-05,1.053702311010917e-06,0.0001964330111294522,0.0009091463227186154,1.0598956695638387e-05
17,2.745427577618029e-06,0.0009720704340400689,4.497108180522261e-06,0.1471449260615807,0.00013345270741796117,1.0984791924195643e-06,2.2323371522764335e-05,2.1532670568985068e-05,1.1834528827980332e-09,0.00010422541718673031,0.00016356740480644584,1.5703627953137024e-05,2.619928038374335e-05,9.008348978156807e-05,2.22405899984497e-10,7.952659300726896e-09,1.1544726660006589e-06,0.8503765193471388,1.5206932723605437e-08,5.8794156867852075e-06,7.20840486922833e-05,7.175673996973674e-07,0.00021368530935429898,0.0006178973987199464,9.612394698651423e-06
18,3.923244324574648e-06,0.0009809036617082828,4.263267143704126e-06,0.07956618169612586,8.952119297644803e-05,6.136941731298346e-07,1.9265582386559835e-05,2.369857876558333e-05,1.0713550278062739e-09,8.265092051755476e-05,0.0001317431933378012,1.725100936598969e-05,2.084687016441556e-05,4.8693010736214844e-05,2.410785069765405e-10,5.658656668970535e-09,2.070899523193552e-06,0.9178684304814758,1.3894212828028378e-08,4.097455851698994e-06,6.475904049189464e-05,1.0041566378447335e-06,0.00013937414464555394,0.000921369564799454,9.317469545458912e-06
19,3.4939928472768226e-06,0.0012555851863258716,6.064815355359131e-06,0.12675053149399645,0.00017380973511088685,1.5417013805930162e-06,2.7771998555219176e-05,3.139662203641131e-05,2.235632252013506e-09,0.0001406287075221231,0.0002369743669117809,1.7467524096665562e-05,2.7797056056629246e-05,7.784732004027323e-05,4.0290737578098707e-10,1.0817178668738678e-08,1.5838305270017062e-06,0.8700922901852913,2.5031689048116016e-08,6.796339712193504e-06,9.240009231538206e-05,1.0255156488840821e-06,0.00019433363234292028,0.000850380666990452,1.0240729528921273e-05
20,3.357058759834428e-06,0.0014443458469548625,6.033116337183797e-06,0.13194907661293914,0.00019200036366941205,1.438338605960947e-06,2.6648059527202205e-05,4.032572972474531e-05,2.4858756005759182e-09,0.00016432526689595228,0.00022149685772584893,1.8294219295414193e-05,2.8921974200777943e-05,7.858943022641981e-05,4.78975262582623e-10,1.0891981623977015e-08,2.016658089241477e-06,0.8645607238776231,2.9163306044771947e-08,7.2239379955985705e-06,0.00010291799795277607,1.4236545713135941e-06,0.00020405628716761977,0.0009357307369138888,1.1010954685194983e-05
21,3.463926693939241e-06,0.0008626614706299439,5.6320367054504615e-06,0.12658553550725543,0.00013839275811702056,1.7400873341599324e-06,3.12795672122648e-05,2.051479431309879e-05,1.5077696281252068e-09,0.00012136087067419045,0.00021437634764706186,2.0465645002913853e-05,3.081645331021488e-05,9.615148412976908e-05,2.710265988275731e-10,1.3735949713080406e-08,1.0325456715807726e-06,0.8709506789894755,1.8381081763822615e-08,7.492184641965316e-06,8.006980078168222e-05,6.891474717375815e-07,0.00021124239500992328,0.0006081447218111278,8.225370283387697e-06
22,4.4520421144751795e-06,0.0037716718814156227,1.074901678051497e-05,0.2989053605764805,0.00043252248560135905,2.037067613440193e-06,4.8731798729922796e-05,5.820324990020439e-05,6.9123682577309376e-09,0.00032154299452017066,0.0002612871604771054,1.891330100964866e-05,9.056235355300193e-05,0.0001576433507403228,9.804939116263343e-10,1.3090786266155646e-08,2.0437472379600917e-06,0.693752797546161,5.5459632034938366e-08,9.481975886632937e-06,8.365570277345251e-05,1.3242110928961562e-06,0.00030584628678090726,0.0017336603920881752,2.743641576225934e-05
23,3.4870657759002525e-06,0.0012656282616652333,6.186454423981182e-06,0.1279193411479685,0.0001770961967755186,1.550482376863328e-06,2.7831691507654464e-05,3.161326609314606e-05,2.273445958986892e-09,0.0001419880183743685,0.00023795372967693417,1.765262948657056e-05,2.8346311416756622e-05,7.886858667379368e-05,4.038710382732005e-10,1.0822082827974321e-08,1.58912408308462e-06,0.8689019119831143,2.5179259175885055e-08,6.855803405457745e-06,9.229829271074699e-05,1.0299413476220168e-06,0.00019324121095130208,0.0008552199309538288,1.027119255926539e-05
24,2.2859337259372736e-06,0.0013870055369746398,5.0140335153882e-06,0.16121505144388082,0.00018818558737031257,1.4744035589943174e-06,2.2754335335353638e-05,2.500294172543904e-05,1.785291429049634e-09,0.0001587976822110275,0.00018949759234742331,1.3741871116465187e-05,3.193102924270012e-05,9.531386960660103e-05,2.7191338465497126e-10,8.53821820787473e-09,1.0830111790778513e-06,0.8357427708040792,2.1024957274011377e-08,6.5340134436751685e-06,8.052478131037968e-05,8.135226032137165e-07,0.00017906494370073688,0.0006438612802152559,9.259762477147712e-06
25,3.320661578264296e-06,0.0009074199780488979,5.618065069798344e-06,0.14689754952869982,0.00012290173629671887,8.025299871710124e-07,2.9551427317637647e-05,4.518799097051465e-05,1.7235410349026326e-09,0.00010313671008866905,0.00025232164204715,1.8725284918005985e-05,2.9310057591527663e-05,5.4193608336468955e-05,2.4291193397129263e-10,7.584254584749424e-09,1.7725013612250644e-06,0.8503701107539863,2.292636098718635e-08,8.228130764651533e-06,8.095196228800638e-05,7.539868492998997e-07,0.00015908870075497298,0.0009013923793156264,7.629886660819442e-06
26,3.403419680628613e-06,0.0013235274565304306,6.145024353559324e-06,0.13642371860727887,0.00019727192365030316,1.8571544319929744e-06,2.866765184201173e-05,3.1611755608712284e-05,2.4047486969566946e-09,0.00015659940968083895,0.0002528949518846752,1.858236527275135e-05,2.8299440525885537e-05,9.212880169410753e-05,4.46226420456979e-10,1.2593184684847014e-08,1.4960197862641626e-06,0.8603355083270661,2.8752740591193785e-08,7.226111822852632e-06,0.00010262920232005266,1.1079928451780362e-06,0.00021221823013995843,0.0007642816521153355,1.0780304569068838e-05
27,3.9615323978505945e-06,0.0013879776650304425,6.451527902073224e-06,0.1171349790307203,0.00016368080838564627,1.932168475114348e-06,2.9265464138284625e-05,4.273242718129275e-05,3.668945347123134e-09,0.00018440269079896893,0.0002283814497621749,1.6642466655449123e-05,2.339141109826878e-05,6.810198716247345e-05,6.044831231506336e-10,1.3885183229349234e-08,1.8339675061466407e-06,0.8794847541346261,3.2551528415547926e-08,8.492114157815497e-06,0.00010685726727760034,1.5862733966691404e-06,0.00019111420297663088,0.0008994786330063256,1.393206720433519e-05
28,3.4870657759002525e-06,0.0012656282616652333,6.186454423981182e-06,0.1279193411479685,0.0001770961967755186,1.550482376863328e-06,2.7831691507654464e-05,3.161326609314606e-05,2.273445958986892e-09,0.0001419880183743685,0.00023795372967693417,1.765262948657056e-05,2.8346311416756622e-05,7.886858667379368e-05,4.038710382732005e-10,1.0822082827974321e-08,1.58912408308462e-06,0.8689019119831143,2.5179259175885055e-08,6.855803405457745e-06,9.229829271074699e-05,1.0299413476220168e-06,0.00019324121095130208,0.0008552199309538288,1.027119255926539e-05
29,3.4870657759002525e-06,0.0012656282616652333,6.186454423981182e-06,0.1279193411479685,0.0001770961967755186,1.550482376863328e-06,2.7831691507654464e-05,3.161326609314606e-05,2.273445958986892e-09,0.0001419880183743685,0.00023795372967693417,1.765262948657056e-05,2.8346311416756622e-05,7.886858667379368e-05,4.038710382732005e-10,1.0822082827974321e-08,1.58912408308462e-06,0.8689019119831143,2.5179259175885055e-08,6.855803405457745e-06,9.229829271074699e-05,1.0299413476220168e-06,0.00019324121095130208,0.0008552199309538288,1.027119255926539e-05
30,3.4870657759002525e-06,0.0012656282616652333,6.186454423981182e-06,0.1279193411479685,0.0001770961967755186,1.550482376863328e-06,2.7831691507654464e-05,3.161326609314606e-05,2.273445958986892e-09,0.0001419880183743685,0.00023795372967693417,1.765262948657056e-05,2.8346311416756622e-05,7.886858667379368e-05,4.038710382732005e-10,1.0822082827974321e-08,1.58912408308462e-06,0.8689019119831143,2.5179259175885055e-08,6.855803405457745e-06,9.229829271074699e-05,1.0299413476220168e-06,0.00019324121095130208,0.0008552199309538288,1.027119255926539e-05
31,3.5980316506811982e-06,0.0012564778116871842,5.803233544209724e-06,0.1230884663039695,0.00018404763825651598,2.094864874186271e-06,3.0361918688316738e-05,2.9394219113530932e-05,2.5148355125359447e-09,0.00014919489210345966,0.0002845722669874825,1.8449384523417413e-05,2.6276333214826768e-05,8.54313734206923e-05,5.22931166346375e-10,1.3439944058607148e-08,1.5578119265664897e-06,0.8737242803159289,2.8838671045231585e-08,6.943801835361176e-06,0.00010606122409012733,1.1534385201202425e-06,0.0002283629723784762,0.0007568936971964111,1.0533149708341148e-05
32,3.82331897690913e-06,0.0013407636395212656,6.648879626636843e-06,0.13008119755815514,0.0001859219616525022,1.6855415522242265e-06,3.002783969200525e-05,3.5059035772538026e-05,2.6788080656546636e-09,0.00015427221735001177,0.0002502136878404444,1.903710412312976e-05,2.8781101355511546e-05,8.467765845969366e-05,4.703296099358602e-10,1.2428750264522819e-08,1.7070189655629728e-06,0.8666010509530238,3.077594435101844e-08,7.375200625810748e-06,0.00010242828904472777,1.174167550099968e-06,0.0001978048711365298,0.0008549347846541895,1.136881708899972e-05
33,3.819626384221378e-06,0.0011052630586645107,8.576229771108834e-06,0.15164240156434275,0.00017729933495487732,1.901852666053441e-06,3.443584734833203e-05,3.516418830513936e-05,3.5465360994513754e-09,0.00015442304324302862,0.00030360898399937517,1.8541764643014136e-05,2.4782731440879694e-05,7.758550959960886e-05,4.644626519740431e-10,1.2996900605890772e-08,1.3502819055526927e-06,0.8452106304461763,2.8139277086425588e-08,7.836519648989108e-06,0.00011743333838168712,7.693842656059754e-07,0.0001782349612548854,0.0008819622145482181,1.3933971279417262e-05
34,6.333087861580152e-06,0.001811224639537806,1.1157155675669938e-05,0.13346473770023673,0.00020891312939498046,2.4056656573980122e-06,4.700393345719195e-05,4.627202934900983e-05,7.203921203308139e-09,0.00020352284416760096,0.00032680889384294843,2.2037719494427496e-05,3.726863281940429e-05,0.00010310079623637836,7.807667646492687e-10,1.7112063874072348e-08,1.7358052928753487e-06,0.8623887761954177,5.622382942516347e-08,9.479187780654008e-06,0.00011757179774243808,1.433398920002253e-06,0.00015649420590413486,0.0010159652754628875,1.7676585167158423e-05
35,3.2380041914328192e-06,0.0008760687745152108,3.696553743044282e-06,0.08669470259436637,6.955814783547482e-05,7.176611826581022e-07,1.9223595434921274e-05,3.485442323592919e-05,2.028310861094333e-09,0.00011147930765462559,0.0001405291313027652,1.1243244399179543e-05,1.578224622842288e-05,3.0792425718918816e-05,2.0014218542381277e-10,5.256864839263481e-09,1.3711908156585644e-06,0.9111176536496286,1.9276977303720412e-08,5.476121273499457e-06,6.77995811452673e-05,8.683633103664593e-07,8.230918818458326e-05,0.0007033808218904835,9.228211647470033e-06
36,9.654510437221371e-06,0.0023533335648237047,2.1276189070845352e-05,0.19549926661404393,0.0005488910322280128,1.3271238100575908e-06,3.7283498222812306e-05,9.191743799341193e-05,5.9835841763558775e-09,0.00023494354177960744,0.00025214758678001123,7.634881960337912e-05,8.350887869885471e-05,0.00018244598893893106,1.1292130883904434e-09,2.0765750064589692e-08,8.072459214043756e-06,0.7980613306428891,9.083297055181935e-08,9.122497530845167e-06,0.00015623246118051618,2.800347995108725e-06,0.0002469952325107073,0.0020941614876221677,2.8821373108721284e-05
37,4.275429439595836e-06,0.0011530038194612483,6.301593205424642e-06,0.1102269115114225,0.00014710801994889628,1.2341091522159397e-06,2.836795078124329e-05,2.6303737998065588e-05,1.8027332714836489e-09,0.00010809388175865582,0.00021551044836772544,1.8612611557339187e-05,2.8397564251391405e-05,7.93569354742207e-05,3.206960571317777e-10,9.5475098460608e-09,1.524633771647999e-06,0.8868427587622328,2.1897826641494062e-08,5.9908016798202414e-06,7.599419483795833e-05,8.971831877925676e-07,0.00016920394903696624,0.0008506263880133121,9.492905655503818e-06
38,5.159059682444719e-06,0.0009248313730093633,4.800795984236117e-06,0.07983213473149746,0.000125521506963038,3.408492180470382e-06,4.715020106077356e-05,2.233176434686746e-05,2.2074424457610963e-09,0.0001352869337226986,0.00033052229384463225,1.824691681081928e-05,1.890868286731442e-05,8.341039455515197e-05,6.602604589324606e-10,2.6578549697636923e-08,1.1516867521670746e-06,0.9173986418171332,3.084797872637619e-08,7.347381618851249e-06,0.0001133790473871613,1.1889952641577723e-06,0.0002975284744121858,0.0006205219110509957,8.467245624640748e-06
39,3.484146621339285e-06,0.001084078888153715,6.172288049122825e-06,0.13031492465126213,0.000177822402388693,1.664508991987919e-06,2.713776662111557e-05,3.432553560697408e-05,2.281517993178126e-09,0.0001454553907608186,0.00024006708136065249,1.9091228511369577e-05,2.4768602965764528e-05,7.629640285319723e-05,4.07230947319821e-10,1.262640801811596e-08,1.598943032563589e-06,0.8667194272481787,2.6841486492911886e-08,7.258798766096609e-06,0.0001060310125539349,1.0177051582277363e-06,0.0002017402695690327,0.0007970957593157983,1.0499212635262382e-05
40,5.818991233624809e-06,0.0015402244861838768,7.221802357646652e-06,0.07709274194718706,0.00017785615462061267,2.1142459939486886e-06,2.834163487301107e-05,2.199685049217969e-05,2.780506214712508e-09,0.00010748521756465823,0.0002642793474713103,2.6254782401998864e-05,2.4665739236311377e-05,0.00012573305959259371,6.264176043999432e-10,1.2047731611649421e-08,1.718027461266367e-06,0.9196640484335091,3.4612611548353796e-08,5.4288022787949654e-06,9.638754163705316e-05,1.988853085958387e-06,0.00017354104760153638,0.0006196436497302466,1.245931822029147e-05
41,4.5425582947108724e-06,0.003421323281832766,2.6386614487453215e-05,0.27383645610775037,0.0008794753610408901,5.500985141755042e-06,4.676962196082644e-05,6.31887079567164e-05,1.640997348016907e-08,0.0005375561026204343,0.0003585157205527337,2.234081419557898e-05,6.840642383093707e-05,0.00023095101272351825,1.6251726593151595e-09,3.1866072137135096e-08,1.910962185474224e-06,0.7183437258811985,7.755941877756019e-08,1.1846969725902574e-05,0.0001821067592431076,1.5781119857740252e-06,0.00023614542045609135,0.0016912788927175083,2.986622946192645e-05
42,5.292789072242691e-06,0.0015132147900406012,6.7172462343421094e-06,0.1283377918301049,0.00018445900649683865,1.7431934900014603e-06,3.6154755430933506e-05,8.915575156236137e-05,3.975029031862418e-09,0.00023907149978091965,0.00026332835145040546,2.4991470944165215e-05,2.0588720545815478e-05,6.862346009105964e-05,9.570229556622732e-10,2.5441522884214683e-08,3.7086266231376404e-06,0.8676896535361358,7.120833047541027e-08,1.175476684182038e-05,0.0001939537036135112,3.058493784734476e-06,0.00025979108165479246,0.0010312726083093187,1.5572735886927823e-05
43,2.2488729368961514e-06,0.00109310327698333,3.3330248370308852e-06,0.12404151315678648,0.00021472371147346724,2.8932200789696514e-06,2.0054045459566136e-05,4.151982248895849e-05,2.468075432959296e-09,0.00029788726650578184,0.00020789972639669922,1.25796254025388e-05,1.3712245030844209e-05,5.866560929785281e-05,5.820136033423296e-10,1.9601033750268398e-08,1.5580703218863488e-06,0.8728958654887504,3.535254515133722e-08,6.100273233813452e-06,0.00019086049714147602,1.5090248335304066e-06,0.0002470177392175032,0.0006369037167146107,9.993582440450339e-06
44,3.4870657759002525e-06,0.0012656282616652333,6.186454423981182e-06,0.1279193411479685,0.0001770961967755186,1.550482376863328e-06,2.7831691507654464e-05,3.161326609314606e-05,2.273445958986892e-09,0.0001419880183743685,0.00023795372967693417,1.765262948657056e-05,2.8346311416756622e-05,7.886858667379368e-05,4.038710382732005e-10,1.0822082827974321e-08,1.58912408308462e-06,0.8689019119831143,2.5179259175885055e-08,6.855803405457745e-06,9.229829271074699e-05,1.0299413476220168e-06,0.00019324121095130208,0.0008552199309538288,1.027119255926539e-05
45,5.432351948326799e-06,0.001817015971469625,1.30811877019585e-05,0.1693834233011523,0.00034529966227458487,2.049922255142952e-06,5.2927992042592154e-05,7.065215685092823e-05,5.116091171108493e-09,0.00021960627962726807,0.0003603361532049927,2.824873081407225e-05,6.332858104705921e-05,0.00010855213367139935,8.428403443034182e-10,1.9447407771783112e-08,2.9307198975228017e-06,0.8253598168238233,5.028751631616832e-08,1.2004162654071188e-05,0.00010536140989679131,1.6509918576641909e-06,0.00026019556090264335,0.0017759027704239668,1.2107442627989822e-05
46,4.829461291261406e-06,0.0011576264140466539,5.651727760614475e-06,0.11966164530794371,0.00014504650731150622,4.0762771990685607e-07,1.7037641616136265e-05,6.52397925269337e-05,1.4189898919263148e-09,9.78885613434002e-05,0.00016451779189542395,2.5135600177683772e-05,3.191663252867204e-05,3.543717127085458e-05,3.7318328295921437e-10,5.996408159032079e-09,7.615339364332398e-06,0.8763859234240808,2.3197541436353003e-08,5.73231356823426e-06,8.83597570468297e-05,1.4189118104017208e-06,0.00018132401156347448,0.001906159453378989,1.1055565631406342e-05
47,3.1511185659612707e-06,0.0013277843512847264,6.439432355366823e-06,0.1434683147848407,0.0002008147365872242,1.6363130359096864e-06,2.7915136557515725e-05,3.25390064729264e-05,2.414754456917112e-09,0.00015359033140277558,0.00024731294056906043,1.6598922195068464e-05,3.0203695473689067e-05,8.346149570500818e-05,4.1031249744971576e-10,1.0709832894391553e-08,1.5254585388166863e-06,0.8531970334578255,2.5322711502185564e-08,6.925531193474011e-06,9.479934233316159e-05,9.599623485981102e-07,0.0002023503968775049,0.0008862199874028084,1.0384740822640675e-05
48,5.1132771778808325e-06,0.002536935596337154,4.447120375191507e-06,0.1178958129906938,0.0001747533125528482,7.671136226647936e-07,3.2429752249806145e-05,7.286975637583794e-05,2.1046258922451122e-09,0.00021016575747810154,0.00017896381895155707,1.7624982976509156e-05,4.381585869473896e-05,5.996589488885764e-05,6.659989606407136e-10,1.1399450804627973e-08,5.5517711819147e-06,0.8766182794098645,5.209690070964091e-08,6.941241891053446e-06,0.00010079721908261069,2.554951638476177e-06,0.0002497709226806459,0.0017713837200524993,1.098926425675306e-05
49,3.2987724238264823e-06,0.000984844640747755,6.428634436243456e-06,0.10900813466146987,0.00017838970625869843,1.9056972029414308e-06,2.4265835928779866e-05,2.6658997511540587e-05,2.1039576376445065e-09,0.00012074371388931881,0.00024869396563213304,2.297446042016172e-05,2.5405035497274003e-05,8.53150740042021e-05,3.8457075878168654e-10,1.1484157960079333e-08,1.4515151370917728e-06,0.888324404560902,2.243997559136188e-08,7.259962276371725e-06,9.021991054198206e-05,1.164623344994359e-06,0.00018947007477339444,0.0006399823974291011,8.951347510344055e-06
50,4.178579769845211e-06,0.0018889735018645416,7.322819668435965e-06,0.16128016876949255,0.00021789908942770544,2.606923567040994e-06,5.4439424804608284e-05,4.331056192479714e-05,4.242585503717243e-09,0.0003195733683294092,0.0002280912475699269,1.579088442345378e-05,4.0454304757536314e-05,0.00013761457577746665,5.189863715360702e-10,2.2699923725760865e-08,1.1955142602530472e-06,0.8346271889809661,5.4332248333345316e-08,1.032319435289346e-05,0.00010396991956415175,1.6098261982438025e-06,0.0002093385437308914,0.0007935581414912966,1.2310034314806185e-05
51,2.152258028378222e-06,0.000961260296776867,3.6473559623971358e-06,0.11645277283668422,0.00010658029608366636,1.0725087467185936e-06,2.2017642391526437e-05,2.4262963710839824e-05,1.4661385251431246e-09,0.00011913567547931379,0.0001810292602902354,1.1554928369152562e-05,2.0671599793312638e-05,5.9513394197863144e-05,1.95640462261667e-10,5.947670801365021e-09,9.049535268331925e-07,0.881290938077756,1.6771331511926856e-08,5.481372741482779e-06,7.290599351825228e-05,7.552458965186214e-07,0.00012604444869803415,0.0005307275723898179,6.546938177341651e-06
52,1.536081516437891e-06,0.000445693825848663,1.3151118030414854e-06,0.041721128226353696,3.9959216974079465e-05,2.2468671694272314e-06,1.5980742201516032e-05,6.20674755880044e-06,7.991820301735951e-10,6.830102783857012e-05,0.00014397295167676506,4.896963163882521e-06,1.2191827909683391e-05,2.8777286752580776e-05,1.281618212320536e-10,6.466578068701976e-09,2.912883277067647e-07,0.9570970641486009,5.3860560984655526e-09,4.4237130462336445e-06,2.853864725640117e-05,4.3388229443220685e-07,0.00012598870046967432,0.0002483985536714971,2.641409587869741e-06
53,3.5720552352160074e-06,0.0011311200097552506,5.6485823872872655e-06,0.11903897996818649,0.0001225467232528603,1.6058756898090109e-06,3.6160092214206864e-05,2.851934986823654e-05,2.203262656274842e-09,0.00012829523421762495,0.00025832489711882204,1.4557296348044301e-05,2.6459986219188345e-05,6.746500181982675e-05,4.0380899177444275e-10,1.1792694619489992e-08,1.3282339849757818e-06,0.877974268827368,2.113089271678785e-08,8.136104177984366e-06,8.030201575464916e-05,9.190694979107885e-07,0.00021392299409515872,0.000848321548004563,9.510604145078598e-06
54,6.241747203336587e-06,0.002039535354179576,8.80526494354084e-06,0.13367922265710494,0.00015212367416119786,2.6923520110963914e-06,5.7357026662231626e-05,2.592520028276518e-05,3.84014222463101e-09,0.00021739419171782522,0.00022793669582091261,2.1155828837836912e-05,3.674409301083882e-05,0.00015479982498555606,7.148145371962093e-10,2.3831852861574306e-08,1.2240036486206138e-06,0.8621585774849864,3.549844010013916e-08,9.986620091335957e-06,0.00010178157388293295,1.4554166015729859e-06,0.00024871159186956056,0.0008270044993783761,2.126101336975577e-05
55,3.338076128544596e-06,0.0018695756349336192,5.1536444060350236e-06,0.18794525337466672,0.0005142388464869193,4.253572963795e-06,3.599527023707956e-05,4.945458309454992e-05,1.9204221879221685e-09,0.0003509299466021514,0.0002962098734629994,1.7244415543954877e-05,2.2059971674379226e-05,0.0001781872975029367,1.2234665618430549e-09,4.838040729836844e-08,2.6214652168865647e-06,0.8066248593799911,6.25397691368858e-08,7.32563114015752e-06,0.0002665560813942283,2.449319888160084e-06,0.000837536073532353,0.000954851992595576,1.1791484472543923e-05
56,3.55297969395614e-06,0.0013491215606421469,6.555452799791441e-06,0.1302928913382788,0.00018113807750110234,1.5234409744382244e-06,2.8999657052876786e-05,3.226686431792282e-05,2.4303478730655626e-09,0.00014469902195918963,0.00024093635702133166,1.7877474853408187e-05,3.288712118061676e-05,8.077153270526075e-05,4.0982817943341724e-10,1.0582306037279406e-08,1.6463765886400893e-06,0.8663765593830436,2.549291433050162e-08,7.2166505510174994e-06,8.74614288197887e-05,1.0294358805155936e-06,0.00018924209691930543,0.0009133884132350202,1.0196420584935323e-05
57,4.782109669216962e-06,0.0015693728865181697,1.3052949562621597e-05,0.16162317125750605,0.00040243346621147253,1.7859830390487448e-06,2.5478644136012238e-05,6.30326946647438e-05,4.54806193762255e-09,0.000224587424818553,0.0002598051103589066,4.5945222034799205e-05,4.466663786162132e-05,0.00012665544534187003,6.465696041880449e-10,1.7007902737790573e-08,3.652354398276147e-06,0.8341933845517332,6.010368770820721e-08,9.005211277561262e-06,0.00015732658883443223,2.013378292766981e-06,0.00017397708441690548,0.0010398712174853166,1.5917475616478012e-05
58,3.5478057883999715e-06,0.0013055223032998478,6.179943197934644e-06,0.12079744915271784,0.00017021525470782345,1.2907798101995275e-06,2.726171937775477e-05,3.2946174808831194e-05,2.118591001900994e-09,0.0001365017115231005,0.00022480188784082875,1.6837595743431137e-05,3.002740220306279e-05,6.843852186970248e-05,3.972048479131448e-10,9.66105548108487e-09,1.858336165083351e-06,0.8758344541576459,2.275893799367156e-08,6.433442636710149e-06,8.629843690441298e-05,1.0161398347372492e-06,0.00019139609830692617,0.0010476577206986054,9.830479129516155e-06
59,3.848999821402217e-06,0.0012095843234402796,7.003784415884717e-06,0.1189670844020841,0.00016057226418422066,1.1911955358347924e-06,2.875495233545262e-05,3.373254053666432e-05,2.132280902135293e-09,0.0001263751773578293,0.00022322137224894972,1.724504819790103e-05,2.9445423256174524e-05,6.444230689281375e-05,3.8163009590890374e-10,9.684329829975757e-09,1.8729617814268375e-06,0.8776781842892493,2.0919557801022282e-08,6.655823173723663e-06,8.328123846556085e-05,9.260125838176903e-07,0.00018251384659436848,0.001163901247776612,1.012967226914853e-05
60,3.4870657759002525e-06,0.0012656282616652333,6.186454423981182e-06,0.1279193411479685,0.0001770961967755186,1.550482376863328e-06,2.7831691507654464e-05,3.161326609314606e-05,2.273445958986892e-09,0.0001419880183743685,0.00023795372967693417,1.765262948657056e-05,2.8346311416756622e-05,7.886858667379368e-05,4.038710382732005e-10,1.0822082827974321e-08,1.58912408308462e-06,0.8689019119831143,2.5179259175885055e-08,6.855803405457745e-06,9.229829271074699e-05,1.0299413476220168e-06,0.00019324121095130208,0.0008552199309538288,1.027119255926539e-05
61,3.830408195795328e-06,0.0012824224562635689,7.686702905847553e-06,0.12445036889222898,0.0001814990232350473,1.313597686609628e-06,2.86516770157546e-05,3.4912452508956304e-05,2.4219339501737366e-09,0.00013096123125785268,0.00024626242273799594,1.910129047947357e-05,3.097070725044912e-05,7.222353367752744e-05,4.1333449120427023e-10,1.0021206840984307e-08,1.9071941287367715e-06,0.8721227799147986,2.3707390610968677e-08,7.01414633473828e-06,8.934147460895791e-05,9.98866641802772e-07,0.00017929017579661042,0.0010978742852081529,1.0552983172714511e-05
62,3.4870657759002525e-06,0.0012656282616652333,6.186454423981182e-06,0.1279193411479685,0.0001770961967755186,1.550482376863328e-06,2.7831691507654464e-05,3.161326609314606e-05,2.273445958986892e-09,0.0001419880183743685,0.00023795372967693417,1.765262948657056e-05,2.8346311416756622e-05,7.886858667379368e-05,4.038710382732005e-10,1.0822082827974321e-08,1.58912408308462e-06,0.8689019119831143,2.5179259175885055e-08,6.855803405457745e-06,9.229829271074699e-05,1.0299413476220168e-06,0.00019324121095130208,0.0008552199309538288,1.027119255926539e-05
63,3.5336834786494012e-06,0.0014164081126907585,6.114516366800402e-06,0.12409994249884167,0.000166626730955292,1.477332098568209e-06,2.8504639901610155e-05,3.161146533007298e-05,2.410017926860136e-09,0.0001440624063592396,0.00023661592246146837,1.6233825893419503e-05,3.0065468681111815e-05,7.463752262713568e-05,4.168986087425962e-10,1.0104638533666037e-08,1.6206058384237058e-06,0.8725417921041364,2.5065195267137518e-08,6.970669858539901e-06,8.724447919564736e-05,1.0546676507494715e-06,0.00018325208800456792,0.0009117617228470565,1.043154003261336e-05
64,3.3782652578727497e-06,0.0011723905637954968,5.644817416389174e-06,0.12801306950736846,0.00017878152215431063,1.5439262149244972e-06,2.5788927288479147e-05,3.4689093904137476e-05,2.235380472008361e-09,0.0001474842616727128,0.0002480737693273635,1.8125884635089652e-05,2.2507923030340166e-05,7.274995380696978e-05,4.4710727789046993e-10,1.1634149372002216e-08,1.7284722773654472e-06,0.8688854814701837,2.833968335613774e-08,6.198337166133597e-06,0.00012439513042604205,1.0312246532286264e-06,0.00019967388152801422,0.0008263678111468173,1.0852600425895754e-05
65,1.253919394448721e-06,0.0002502856369842233,2.082031257573186e-06,0.09132880412980883,0.0002117967481109072,4.7365703738231565e-06,7.51474051631458e-06,7.734148884356752e-06,4.4746517416163386e-10,9.02446251374587e-05,0.00017229312589384397,2.5515593707855606e-05,5.356396385507622e-06,0.00012678999767166193,1.7026960720596211e-10,1.7961697423215507e-08,4.5954282409535587e-07,0.9072009294627573,1.3634118217211692e-08,3.042913633361028e-06,0.0001740212854885908,6.426899756820035e-07,0.0002820287408859918,9.934993557837569e-05,5.085551179319425e-06
66,3.570848197712638e-06,0.001265972261830692,6.8532495477783514e-06,0.13661480866500259,0.00018447889443689496,1.749639061043047e-06,3.1029979212787445e-05,3.405490100964839e-05,2.67315327805496e-09,0.00016002396970032687,0.0002459527805510605,1.8752114194726106e-05,3.1524558203356664e-05,8.618584837433688e-05,4.0084267263710704e-10,1.2565716813599669e-08,1.4774149829564412e-06,0.8602048876247254,2.872462532559003e-08,8.133557572214444e-06,9.293648763685458e-05,1.054730960649949e-06,0.00018586898839791923,0.0008102228279426972,1.0416294120473802e-05
67,3.502254746022287e-06,0.0013548781178099084,6.214915590646496e-06,0.12834535868498137,0.00018123684550050035,1.454634434612219e-06,2.7426799256154924e-05,3.436556364073953e-05,2.443890191858595e-09,0.00015103466275801815,0.0002345860876952127,1.699276385551435e-05,2.8776277653160626e-05,7.481091994899157e-05,4.0338543116029224e-10,1.010442743150145e-08,1.6700091152160146e-06,0.8683396192054521,2.673181085117866e-08,6.593542177872992e-06,9.373054386842631e-05,1.060073874447111e-06,0.00017643105902210999,0.0009098652579656246,1.0352097139553458e-05
68,1.5784016265788066e-06,0.00033695588003910653,1.190492487231456e-06,0.04956623803586596,2.7352382845417903e-05,7.478808407141364e-07,9.991980840309551e-06,9.133551591103448e-06,4.189230068515396e-10,3.57490441922564e-05,0.00014715462148004186,7.684506131889781e-06,6.245982500726421e-06,1.6203254356441702e-05,1.1343572695398021e-10,3.4486272969458977e-09,7.006050454602704e-07,0.9493411050704684,4.354205149971038e-09,3.6882896315673893e-06,4.59167791758207e-05,4.0218569696950235e-07,0.00013493799891980303,0.00030276354769933223,4.251173373599815e-06
69,3.522066431420485e-06,0.0012938342627461037,6.065746900428689e-06,0.12431019794291252,0.0001863363475039754,1.6415825842841635e-06,2.754379172941557e-05,3.056152796091256e-05,2.276379283278474e-09,0.0001419870089037142,0.00024321359266807962,1.803205555557455e-05,2.8592809118191592e-05,8.284508942841305e-05,4.192071798042039e-10,1.0852626361522211e-08,1.583317636705228e-06,0.8724845147509114,2.582732595720705e-08,6.5186966955531925e-06,9.268051264568297e-05,1.080060719972212e-06,0.00019717760300250406,0.0008320280034754379,1.0003854931040943e-05
70,3.3601384787990285e-06,0.0013235416028846729,5.508060826220895e-06,0.1246030008618304,0.00017072901195557322,1.3943421980331553e-06,2.7307121106453517e-05,3.688091791541921e-05,2.2859299647774408e-09,0.00015125255446224496,0.0002383647954798979,1.5561121368435307e-05,2.6775463121385693e-05,6.370496795500064e-05,4.1799388492282773e-10,1.010748402062712e-08,1.7643768250217564e-06,0.8720617911674321,2.6449391075830346e-08,6.561438547677551e-06,9.56527078179736e-05,1.0544006303766323e-06,0.00018800341116865027,0.000968089498871926,9.662778324837181e-06
