,0,1,2,3,4,5,6,7,8,9,10,11,12,13,14,15,16,17,18,19,20,21,22,23,24
0,0.012881260976430404,1.358174120816714e-05,0.005883396383633295,0.0367222383292022,1.7898834948873266e-06,0.000762070791592557,0.0001041331928164145,1.8078499176730238e-06,6.097944599363383e-05,0.0010055782964451686,0.0002937418078330553,2.8572729450463557e-05,1.024236914754459e-06,4.715825883528869e-05,4.061765491893432e-09,7.340745742921216e-07,0.0004622834736974166,0.8587472653500298,1.3709594919086549e-05,2.507426242297527e-06,0.0006390337324172079,5.1740749021138044e-05,0.008180633921554714,0.07349624325535045,0.0005985104366601791
1,0.015831767427642276,1.439990292064027e-05,0.007870268192478783,0.029732251216677403,1.8104178608127466e-06,0.0010334075593507325,0.00010218498974739836,2.131380748737493e-06,9.224184278474634e-05,0.0011509011436512421,0.0002486008604338877,2.696133203525761e-05,1.3036370292088767e-06,3.1777984538446745e-05,5.4784129113127855e-09,1.2537403289859406e-06,0.00039253003992118115,0.847238441746197,2.2178290640797586e-05,2.7471441058600257e-06,0.0006657795926928187,4.986129222830523e-05,0.005517926793145931,0.08946659876075139,0.000502669233675212
2,0.015864175602336696,1.632870161042406e-05,0.005442332652174475,0.026874017068512567,3.2537271481861377e-06,0.0007636861437162224,0.0001238981549768648,2.02069974474969e-06,7.347039555119458e-05,0.0009700878579909258,0.0003199157425244763,2.733047586293428e-05,1.1997552878487326e-06,5.225170045052315e-05,7.518469129709203e-09,8.921349173746204e-07,0.0005414885326959301,0.8804400638472759,1.4677884555749506e-05,3.4160472242407892e-06,0.0005477594460551027,5.3357083055164726e-05,0.007504577148427661,0.05952267128222578,0.0008371203972101073
3,0.012946756101295347,1.3707864503224235e-05,0.005835375952614395,0.03521010536957208,1.910110314105148e-06,0.0008240527269838775,0.00010113750162623583,1.9154647424736006e-06,6.673033112623531e-05,0.000961680272081781,0.000314723194008349,2.8290603653297723e-05,1.1016188662118635e-06,4.58920322845035e-05,4.5435461937719364e-09,8.157760598675204e-07,0.0004934194188133793,0.8562739379806334,1.5521112744071297e-05,2.63863113647649e-06,0.0006573514378451715,5.504010365577017e-05,0.00787985314618826,0.07769180395652742,0.0005762347491777802
4,0.013158640164943657,1.3269127793155611e-05,0.005565466535500569,0.03439593299629977,1.889782498616958e-06,0.0007769270243339917,9.859436164679167e-05,1.795109606851678e-06,6.913064111435812e-05,0.0008695707656658892,0.0003031636274139639,3.2498378949304614e-05,1.3746928484646211e-06,4.700230912432053e-05,4.40020430898866e-09,7.881346084161913e-07,0.0005424703026298536,0.8576593135003232,1.5566224251738984e-05,2.660069704969889e-06,0.0006921413757123916,5.7843450714963285e-05,0.007499139735930205,0.07759893656566212,0.0005958807225183202
5,0.09192702963736261,0.00031189335383517914,0.29835061642619587,0.005997845398062974,0.00063976952316273,0.025907065841224222,0.006126572634544509,8.981833722124236e-05,0.0026020244719978172,0.0020815899939432285,0.012631862879646703,7.521116137896811e-05,7.1292168451234486e-06,4.260813239170369e-05,2.2839447342777947e-06,3.3433646217705604e-05,0.0010240576849881663,0.08180269239419094,0.0035987681183330183,1.5209179359711192e-05,0.0028659917602141304,0.00015199828319239296,0.05215428345908616,0.40899154248754216,0.002568702034328498
6,0.012946756101295347,1.3707864503224235e-05,0.005835375952614395,0.03521010536957208,1.910110314105148e-06,0.0008240527269838775,0.00010113750162623583,1.9154647424736006e-06,6.673033112623531e-05,0.000961680272081781,0.000314723194008349,2.8290603653297723e-05,1.1016188662118635e-06,4.58920322845035e-05,4.5435461937719364e-09,8.157760598675204e-07,0.0004934194188133793,0.8562739379806334,1.5521112744071297e-05,2.63863113647649e-06,0.0006573514378451715,5.504010365577017e-05,0.00787985314618826,0.07769180395652742,0.0005762347491777802
7,0.032907097212173206,1.4133668276588557e-05,0.014323320615914502,0.02219664054736956,2.1201769454300244e-06,0.0009426531691344336,0.0001300868181635269,1.9796345429976627e-06,5.690840571655605e-05,0.001141735947944763,0.0002828138793016414,2.3551826650139585e-05,1.4408240165129203e-06,2.9618244340688924e-05,2.5818488041523914e-09,5.562845612967231e-07,0.0003451447798967181,0.8000074859012222,2.3289892453173818e-05,2.239912452170859e-06,0.00041987924501779014,2.3022962825337153e-05,0.007641267230549767,0.1189607386439886,0.000522271594693799
8,0.021149710241054397,2.5165845635134708e-05,0.0134658744636139,0.0699964366178251,2.5285247520525893e-06,0.0010347268132645583,0.0001770078371563754,2.4163085951101473e-06,6.564848636651623e-05,0.0018703345195386753,0.0003614900934007584,4.019254875314795e-05,1.3452814336311632e-06,6.465675847707203e-05,3.041703848056872e-09,8.105459924854694e-07,0.0004084303902953482,0.7361497322542925,1.6287445412411508e-05,4.210179474047138e-06,0.0006730020282963044,3.2889008752254024e-05,0.019526771993739353,0.13418363134701403,0.0007466974251609462
9,0.01213082123273873,1.9939329066412238e-05,0.010392015600619973,0.08225721059253689,1.4708164494527692e-06,0.000938121293774177,0.00013074860610983615,1.7237063885187793e-06,7.310693509117646e-05,0.0018172396509121352,0.00024638364892181936,4.359995712093639e-05,1.3384119174664107e-06,5.0978062044299825e-05,3.0923598548976866e-09,9.192564369719767e-07,0.00036865249367245363,0.7562973832645156,1.2380518410761811e-05,4.006968543146747e-06,0.001004672277966104,4.274529145293542e-05,0.014158620794000034,0.11934985517418797,0.0006560630247625026
10,0.012946756101295347,1.3707864503224235e-05,0.005835375952614395,0.03521010536957208,1.910110314105148e-06,0.0008240527269838775,0.00010113750162623583,1.9154647424736006e-06,6.673033112623531e-05,0.000961680272081781,0.000314723194008349,2.8290603653297723e-05,1.1016188662118635e-06,4.58920322845035e-05,4.5435461937719364e-09,8.157760598675204e-07,0.0004934194188133793,0.8562739379806334,1.5521112744071297e-05,2.63863113647649e-06,0.0006573514378451715,5.504010365577017e-05,0.00787985314618826,0.07769180395652742,0.0005762347491777802
11,0.013285181097599774,1.3713374625981345e-05,0.005878367777643411,0.03519678234439219,1.9732379628024446e-06,0.0008162345180022183,0.00010213931564644184,1.9283168190560032e-06,6.735817287109678e-05,0.0009569226086688152,0.00031458220992817217,3.0352323640274062e-05,1.293215752117155e-06,4.6602491563920216e-05,4.434476574488972e-09,8.294805556177397e-07,0.0005272208501389318,0.8520113554097872,1.6010763398639026e-05,2.826470396755206e-06,0.0006766278655382055,5.556855089107762e-05,0.008039393654566738,0.08137713830763676,0.0005795932074973115
12,0.008928549872433737,8.401753703308032e-06,0.0011525391765654105,0.016376418968368767,1.9002548486706317e-06,0.0004086379213709851,3.2254180381661214e-05,2.7459305131178285e-07,2.080307787208367e-05,0.0005476814274635126,6.568184242084129e-05,7.74703514195794e-06,7.245824855927965e-07,8.097565312098534e-05,1.0762597950997296e-09,1.60967485951386e-07,0.0009194365004086003,0.9526760770574285,2.077371733248753e-06,1.9836781492017107e-06,0.00032124690826517604,1.7641915985678602e-05,0.004578374520415633,0.012764069561295633,0.0010863401033437694
13,0.008748271270276473,1.4031031853354572e-05,0.00653413531081111,0.07057883359772608,3.0254726369270974e-06,0.0007390410019592814,0.0002002634157241636,5.183761223061815e-06,7.407039647975e-05,0.0005678877053357958,0.001602118957438997,9.869633187531768e-05,1.6777401052031443e-06,0.00013746346643980065,8.353979914146782e-09,9.104276375129783e-07,0.0007936510072982555,0.782606047668971,1.7702377131106628e-05,3.051791962869449e-06,0.0011096372880437925,0.00014378769468586226,0.020801859098314866,0.10450797155776992,0.0007106732743193684
14,0.01769370501459786,4.909561726117141e-05,0.0026235632860179157,0.031511763987492204,4.8797380637930276e-06,0.0007362829195621599,0.00018145716905763431,2.1599803315772703e-06,5.6628310022019924e-05,0.0021017791191845258,0.0004823396429134064,1.9446004441251955e-05,5.148143444537177e-07,9.21938150986284e-05,4.539922105765513e-09,7.593742970073201e-07,0.0003880694118961054,0.8569650666328764,2.5341193661883307e-05,2.854941936353149e-06,0.0003651270770728057,4.654137398905109e-05,0.010242451531900197,0.07585785963701727,0.0005501148670422139
15,0.012946756101295347,1.3707864503224235e-05,0.005835375952614395,0.03521010536957208,1.910110314105148e-06,0.0008240527269838775,0.00010113750162623583,1.9154647424736006e-06,6.673033112623531e-05,0.000961680272081781,0.000314723194008349,2.8290603653297723e-05,1.1016188662118635e-06,4.58920322845035e-05,4.5435461937719364e-09,8.157760598675204e-07,0.0004934194188133793,0.8562739379806334,1.5521112744071297e-05,2.63863113647649e-06,0.0006573514378451715,5.504010365577017e-05,0.00787985314618826,0.07769180395652742,0.0005762347491777802
16,0.013095798856821831,1.3737856048928564e-05,0.005913490380092461,0.03527566860641979,1.9320426408817664e-06,0.0008368414188564213,0.00010085410393169949,1.915710740360044e-06,6.70617634886739e-05,0.000955342746052557,0.0003186642629822746,2.7960478114052964e-05,1.1041275023251664e-06,4.586698943232261e-05,4.536148464784963e-09,8.16186301645543e-07,0.0004944639565562675,0.8549950203487872,1.5565467891914884e-05,2.646811935321113e-06,0.0006486852227103085,5.427484993213105e-05,0.007925809562871122,0.07863132419910555,0.0005751495146356032
17,0.011272239601629838,1.2863171638746183e-05,0.004984477132074655,0.037811659457237745,1.9818426022304167e-06,0.0007218846124212155,0.00010265990194655002,1.9754173454270273e-06,5.9444251944090735e-05,0.0009239948892901095,0.0003321145170143159,3.194963854477111e-05,1.2135028112093112e-06,5.460610292318037e-05,4.371011391738601e-09,7.821368380993915e-07,0.0005981526354898908,0.8610617313473552,1.3616460652685667e-05,2.8971157203525377e-06,0.0007092259039451368,6.377638395206168e-05,0.009165097281437603,0.07145365680331893,0.000617995520854538
18,0.008915251390465742,7.5751201580239145e-06,0.0024235253865410285,0.01949208987688634,1.4240618837090762e-06,0.00035957324935185917,6.791069562537743e-05,7.584115301526148e-07,3.116630834176916e-05,0.000735562078917595,0.00012082448162364623,2.0355376411207844e-05,9.390302319097543e-07,4.452084828921063e-05,2.5438872083510313e-09,3.407274341298038e-07,0.0005921576697518226,0.9333833011533068,5.264032949934577e-06,2.054063397388825e-06,0.0005466417310439023,4.196635255034029e-05,0.00524460507637384,0.02713458121873819,0.0008276091143090024
19,0.014621169654779245,9.638647166468798e-06,0.003863055076576752,0.018362003868223464,2.03986095897042e-06,0.0012404280115756203,3.825951991994197e-05,1.0685616721329781e-06,4.704731056479901e-05,0.0006212393640605587,0.0003061510194781481,8.310757629615938e-06,7.393270510523294e-07,3.422546164842329e-05,3.0680364216731778e-09,5.436091688678954e-07,0.0005572104285614376,0.8739080956963879,1.4594867845208168e-05,2.291195401106767e-06,0.0003432061662571823,2.767591277665675e-05,0.006143258295946387,0.07943576797664738,0.00041197634166632304
20,0.012135875942814815,1.3340846331315952e-05,0.005785537930750653,0.03590770778463472,1.8322934897762968e-06,0.0007942590633213391,0.0001041459713410952,2.141021756758078e-06,6.769101641701918e-05,0.0009469516206120615,0.00032969518534900624,3.0235569614414512e-05,1.077881096411935e-06,4.603592359484085e-05,5.176177651493526e-09,8.695889546792681e-07,0.00049147572889935,0.8597823207052475,1.5914323155202535e-05,2.6030685415104397e-06,0.0006824063318173927,6.293217500453358e-05,0.007656089825573721,0.07456909869870432,0.0005697563267999982
21,0.010969447426819936,1.3947065918641268e-05,0.004625998455363426,0.040848435099261414,1.3509389611011453e-06,0.000677823649237591,8.927605988841117e-05,2.0105313423272597e-06,7.809008343662498e-05,0.0010109667944670562,0.00022539147424682518,3.643333287032283e-05,1.1378066363972621e-06,5.2645236824787735e-05,3.8295815412104715e-09,1.1993660009083723e-06,0.0003199998594104694,0.8671075705495155,1.3381495188524223e-05,2.6521049894050446e-06,0.0006467871531170447,5.2096005215717585e-05,0.004904610647396803,0.06788558164437505,0.00043316338993425115
22,0.011493586718093349,8.080140072842638e-06,0.004251569028927075,0.02241999226059332,1.3873130465092162e-06,0.0006533478605531576,5.989917052429487e-05,1.3407254175352466e-06,4.7261338397302794e-05,0.0006542836694611396,0.0002328693915892504,1.646992894627929e-05,8.213501629970567e-07,3.075284787141928e-05,3.4062839144262627e-09,5.830959645655965e-07,0.00047606477500742266,0.8980752258725736,1.0825485701894564e-05,1.896095235754948e-06,0.0004704610023408687,4.437999179254777e-05,0.004844407333608728,0.05575375067750975,0.0004507405203242761
23,0.012946756101295347,1.3707864503224235e-05,0.005835375952614395,0.03521010536957208,1.910110314105148e-06,0.0008240527269838775,0.00010113750162623583,1.9154647424736006e-06,6.673033112623531e-05,0.000961680272081781,0.000314723194008349,2.8290603653297723e-05,1.1016188662118635e-06,4.58920322845035e-05,4.5435461937719364e-09,8.157760598675204e-07,0.0004934194188133793,0.8562739379806334,1.5521112744071297e-05,2.63863113647649e-06,0.0006573514378451715,5.504010365577017e-05,0.00787985314618826,0.07769180395652742,0.0005762347491777802
24,0.012013064642860815,1.6327701438391537e-05,0.003980762771824721,0.04164990384208942,1.5814568810183387e-06,0.0006948858582497719,7.620779623055229e-05,1.6271871945262025e-06,5.533863041538742e-05,0.0010434236128047112,0.0002497347222072604,2.5908652713937068e-05,9.984079721664368e-07,5.8619295884204754e-05,2.8733558556414425e-09,7.310123237491736e-07,0.00048602973587817504,0.8593612188519855,1.3140610249955479e-05,2.9076456288081057e-06,0.0005384251408576354,4.8209880819494686e-05,0.007656144603870052,0.07154496600952817,0.0004798390567358124
25,0.01373989789299597,1.3688559256014129e-05,0.005898083646877519,0.03177004942200324,1.8746699871058335e-06,0.000825377286685576,9.570580395806957e-05,1.6226986896282119e-06,6.795136879180288e-05,0.0009741234894127397,0.000265859391041029,2.6490738890221464e-05,1.135725410739389e-06,4.066933153739755e-05,4.5302704530047394e-09,7.742895002032663e-07,0.0004927613438640978,0.8625061250221816,1.525076902309116e-05,2.600450375190479e-06,0.0006526454812256643,5.152791245720012e-05,0.007260404667106976,0.07467708665808087,0.0006182888503776502
26,0.0023867273547593802,3.8722815489714e-05,0.0033866192133009012,0.11980094665485685,2.810537171706197e-06,0.00044954657947828946,0.0013154940617105997,2.5055869045924528e-05,0.0001046257603577126,0.002542289244029304,0.0006575590315891238,0.0003088869159206786,4.759028574394239e-07,0.0006392348362031688,1.8477973836689213e-07,4.2145070495937156e-06,0.00045489121101719007,0.8488337327185639,1.2920551044546817e-05,2.3692138090234447e-06,0.002620736503370535,0.0008727087317919384,0.006892698764486179,0.005034129399476466,0.0036124188428813668
27,0.01069861372099655,1.200110683074374e-05,0.00492636748505371,0.033957364525739116,1.6659421236350412e-06,0.0007795780073434851,8.887179660292055e-05,2.1326470272771112e-06,7.045275320042733e-05,0.0008174396874333177,0.0003362899839641236,2.861521096294104e-05,1.0295720946604007e-06,4.2845157918850855e-05,5.743189047923172e-09,9.313204219292637e-07,0.0005280499522664991,0.8673474487359246,1.634346001887726e-05,2.428688714309211e-06,0.0006851889489341115,7.775871903660726e-05,0.006716776750790051,0.07235367412665576,0.000508125956756366
28,0.012946756101295347,1.3707864503224235e-05,0.005835375952614395,0.03521010536957208,1.910110314105148e-06,0.0008240527269838775,0.00010113750162623583,1.9154647424736006e-06,6.673033112623531e-05,0.000961680272081781,0.000314723194008349,2.8290603653297723e-05,1.1016188662118635e-06,4.58920322845035e-05,4.5435461937719364e-09,8.157760598675204e-07,0.0004934194188133793,0.8562739379806334,1.5521112744071297e-05,2.63863113647649e-06,0.0006573514378451715,5.504010365577017e-05,0.00787985314618826,0.07769180395652742,0.0005762347491777802
29,0.012946756101295347,1.3707864503224235e-05,0.005835375952614395,0.03521010536957208,1.910110314105148e-06,0.0008240527269838775,0.00010113750162623583,1.9154647424736006e-06,6.673033112623531e-05,0.000961680272081781,0.000314723194008349,2.8290603653297723e-05,1.1016188662118635e-06,4.58920322845035e-05,4.5435461937719364e-09,8.157760598675204e-07,0.0004934194188133793,0.8562739379806334,1.5521112744071297e-05,2.63863113647649e-06,0.0006573514378451715,5.504010365577017e-05,0.00787985314618826,0.07769180395652742,0.0005762347491777802
30,0.012946756101295347,1.3707864503224235e-05,0.005835375952614395,0.03521010536957208,1.910110314105148e-06,0.0008240527269838775,0.00010113750162623583,1.9154647424736006e-06,6.673033112623531e-05,0.000961680272081781,0.000314723194008349,2.8290603653297723e-05,1.1016188662118635e-06,4.58920322845035e-05,4.5435461937719364e-09,8.157760598675204e-07,0.0004934194188133793,0.8562739379806334,1.5521112744071297e-05,2.63863113647649e-06,0.0006573514378451715,5.504010365577017e-05,0.00787985314618826,0.07769180395652742,0.0005762347491777802
31,0.00901481910102116,1.3758435782888936e-05,0.004224214871882372,0.040534798818259256,2.16885488217168e-06,0.0009462691713668104,9.348795504943828e-05,1.5415377995369488e-06,8.640460287207668e-05,0.0008138167717045394,0.0003895871734238319,3.496388856649884e-05,1.2855038234382686e-06,5.6139113908525975e-05,6.526084248974064e-09,1.0273994081224525e-06,0.0006120626898131319,0.8498183684038719,1.4674286467633566e-05,3.069511044263698e-06,0.0008319795293798246,7.974155525695964e-05,0.008846018717973194,0.08289830951856873,0.0006814860617891997
32,0.013860301687753375,1.4180797618022706e-05,0.005765272099533598,0.031995830094994196,1.8618168013463602e-06,0.0008437417656993906,9.751702640753998e-05,1.9604966183001016e-06,6.793018634771759e-05,0.0009558402205869449,0.00031511308049521054,2.784040807078966e-05,1.1205999502832283e-06,4.375106027932114e-05,4.559950325275692e-09,8.081374950457414e-07,0.0004935464282553767,0.8556664203970872,1.838856793953522e-05,2.5131115399188424e-06,0.0006458903067513735,5.6476458594630084e-05,0.0073853335514430145,0.08119827513496745,0.0005400820048203108
33,0.012987228244216316,1.3729451973236766e-05,0.005853717719611312,0.03514792564877261,1.9117723058673447e-06,0.0008234107667797299,0.0001013327796087919,1.9106479222154703e-06,6.691234914068824e-05,0.0009610838189716758,0.00031388054361629407,2.830463688427251e-05,1.0999405083840187e-06,4.577535206410068e-05,4.557311406026897e-09,8.144435657927752e-07,0.0004917381144897207,0.8564791060225455,1.55001592900129e-05,2.633970777628449e-06,0.0006571585828244222,5.488993769671239e-05,0.007855521339765154,0.07751614182995825,0.0005782673693999726
34,0.057101764385546636,2.3144494545225315e-05,0.01037979719272678,0.009757330689237252,2.2194174899514087e-06,0.0011348661640939205,7.65055865106603e-05,1.8109858771190435e-06,0.0002148602774900793,0.00034394500844938487,0.00034583583853671273,2.8576863918774615e-05,1.7238099049823795e-06,1.657511723383256e-05,6.246603573302593e-09,6.737810090432607e-07,0.00032826612120517786,0.7712277994842742,9.378638739573989e-05,1.0830885961442518e-06,0.00043513576839531684,4.104469003693622e-05,0.001981264055016345,0.14615077207047597,0.0003112124754302053
35,0.00983679580133697,3.802896744448516e-05,0.009241113108056772,0.09279240706957977,7.528127696861529e-06,0.0032256765393852732,0.0001942427010014493,3.517197481558125e-06,0.00011584363174276595,0.0019892377867739564,0.001357255919402976,5.464023283132337e-05,2.7615618580470805e-06,0.0001881365413762371,1.7414542034006127e-08,2.505108164059986e-06,0.0014697097986179526,0.6465668901982197,3.343355250070385e-05,1.174876553093085e-05,0.00147686684209793,0.00011764221281947233,0.04990817501797641,0.17992730647161237,0.0014385194319500643
36,0.01313851782089027,1.1764178954377065e-05,0.004987847974728065,0.0327241278508265,1.4898459138662584e-06,0.00048595634210005516,0.00013395838400927167,4.630917024289241e-06,8.21054880712655e-05,0.0006658665646729234,0.00035944991361624333,8.087805407653304e-05,2.0498187419343146e-06,5.4261748733102774e-05,9.61700280742549e-09,1.4425033920302124e-06,0.0006127546008270739,0.8854460294979852,2.5281296804909637e-05,2.3953545249683875e-06,0.0007021437150427894,0.00014580238820717466,0.004495144718556842,0.055238899153294455,0.0005971922520029071
37,0.007338527548964795,2.3620030952184982e-05,0.00659497683433169,0.06382030085638474,5.863470110448621e-06,0.0026435779111138235,0.0001986124000328995,6.600328208790337e-06,0.00017348543524797568,0.0011167090824581154,0.001091852460621717,6.686325605577596e-05,2.2974660349769664e-06,0.00016898344302700166,5.247325479597109e-08,3.53227507621221e-06,0.0014047059100420556,0.8314737518897136,3.3272409685000865e-05,6.305692131428519e-06,0.0018515915491054426,0.0002380909033238559,0.015848305104164427,0.06429665457325481,0.0015914666967034108
38,0.0033696352892932176,1.111699932490817e-05,0.002188747291037579,0.11146622898553894,1.0473682123209995e-06,0.00027144929945507114,7.466607604828595e-05,2.6634987043265197e-06,3.037152376440064e-05,0.0008244702829755575,0.0004015466147753629,5.848792790810905e-05,1.0492036487762336e-06,0.00010082932570152492,2.432155830320061e-09,5.337919594954844e-07,0.0012077678148749045,0.8031454554689756,6.173625941247128e-06,5.053726365205589e-06,0.0013119165628722993,0.0001564484987147137,0.02118414086822412,0.05367503029269465,0.000505167230833571
39,0.012537901809620423,1.2309512772984972e-05,0.0060401697383984715,0.033788022713027666,1.8221674470971016e-06,0.0008769171208921312,9.661135813716072e-05,1.9639153199627467e-06,6.59772187821085e-05,0.0009486788472092748,0.0003049357111407349,2.6951937132429495e-05,1.1527055458527664e-06,4.2122265532209435e-05,4.570772307168111e-09,8.495035019572604e-07,0.0005077476789411515,0.8577448822800832,1.596817934736028e-05,2.5997945346146172e-06,0.0006893879068336369,5.480058319370797e-05,0.0075139508222702885,0.07817063448146244,0.0005536371781005432
40,0.020897732421591902,1.987456723235372e-05,0.011128403489538394,0.03021611913382195,2.9754075172633874e-06,0.0010540672249716688,0.00017627513103933895,2.0888570447163176e-06,0.00012859043153158015,0.0008560667298070672,0.0003856878790914497,5.3763318757441497e-05,1.8170108677023143e-06,5.353269179552141e-05,1.1114595982730792e-08,9.209143200858408e-07,0.0004943199223360365,0.8481248443146375,2.232429939943385e-05,2.4946446239129283e-06,0.000823198851841276,6.99161805582904e-05,0.007525072948297183,0.076837595394686,0.0011223071200958622
41,0.028508837455272606,1.846869119792723e-05,0.011070588357144199,0.026564926428537156,7.039405596640373e-06,0.0011575211823918366,0.0001851247544198393,2.2951351522643885e-06,0.00017482908933874616,0.0006847438619901705,0.0003880510118069679,2.8163211125338354e-05,1.9011350029360165e-06,3.7126137951093254e-05,1.2349586782694388e-08,1.6579202286938603e-06,0.0004172667220940799,0.8436890477692007,1.471569447520839e-05,3.6258070396048297e-06,0.000451416884951643,3.2850084882156444e-05,0.005456742134839397,0.08018485764114451,0.0009181911346295337
42,0.008330902519114091,9.462839265557907e-06,0.005764754221173359,0.037823192856646724,9.741715394956834e-07,0.0009304758282634734,8.069878139257454e-05,4.060160961428115e-06,7.540277066955897e-05,0.0010634298029335743,0.0003221953977807655,4.094684278744626e-05,1.5669446702537885e-06,2.9715857476002637e-05,7.69583768142039e-09,1.8813401899163938e-06,0.0005975427135107801,0.841104121382696,3.437477639722689e-05,2.8751100131067825e-06,0.001069158539094317,0.00013588538254266668,0.005891968291252099,0.09633061788673808,0.0003537878870538028
43,0.006184074751512741,8.628064963750123e-06,0.0036574781945134154,0.02793732591759942,1.0346062088016482e-06,0.0009511979141169343,5.8010004958433304e-05,1.5687599036608475e-06,3.96764286021118e-05,0.0019465859581200612,0.00014533484833152547,1.386644628226447e-05,9.001086046490573e-07,3.161051005235323e-05,3.1851806761284648e-09,9.444590904086095e-07,0.0005240301260941651,0.8858246014958133,1.4394794081710993e-05,3.2622062942613965e-06,0.0009590256782750846,6.0047978943204416e-05,0.007134096675095828,0.06410970348447276,0.0003925974028883555
44,0.012946756101295347,1.3707864503224235e-05,0.005835375952614395,0.03521010536957208,1.910110314105148e-06,0.0008240527269838775,0.00010113750162623583,1.9154647424736006e-06,6.673033112623531e-05,0.000961680272081781,0.000314723194008349,2.8290603653297723e-05,1.1016188662118635e-06,4.58920322845035e-05,4.5435461937719364e-09,8.157760598675204e-07,0.0004934194188133793,0.8562739379806334,1.5521112744071297e-05,2.63863113647649e-06,0.0006573514378451715,5.504010365577017e-05,0.00787985314618826,0.07769180395652742,0.0005762347491777802
45,0.012828090811641327,1.0263964773465407e-05,0.008949068636580433,0.03438164381664269,2.1443926472044978e-06,0.0011833987463740745,0.00013744920509399072,5.19137896053086e-06,9.589473402601605e-05,0.0008326008394061046,0.0005684253853088531,3.013628610954536e-05,1.149587985269153e-06,3.423749640770609e-05,1.2846525394366285e-08,2.200714901669834e-06,0.0003869684557023936,0.843362424125443,2.5456894882159966e-05,2.551002800073697e-06,0.0005334818471164121,7.74753277330864e-05,0.005113899579153603,0.09100646680012618,0.00042936712365871223
46,0.00649876510488494,6.238359573954369e-06,0.0032211617438210774,0.04052682678853187,1.115124724908393e-06,0.0009045723501928405,3.798247160633446e-05,1.7132364026407415e-06,3.8346650279683936e-05,0.000599789656226779,0.0003257069540457749,2.2938544484761805e-05,2.002743244054019e-06,4.1857455252062945e-05,3.309101169109942e-09,8.239124291827635e-07,0.0017272090104391105,0.8515649561705131,1.4727780144025703e-05,3.5556109998885186e-06,0.0009001337473733955,0.00010747280431834578,0.009596361938890494,0.08342567526100923,0.00043006327151036915
47,0.01563885356555294,1.032204364597796e-05,0.004596313265945886,0.021423635132641745,1.3075511191741854e-06,0.0004764987478022372,8.061281938588733e-05,1.1953086549692052e-06,7.106533161100223e-05,0.0007519970316908641,0.00014434613567013819,3.790551768064879e-05,1.7260724447826333e-06,2.5978655061746384e-05,4.159859697338663e-09,8.366605805316738e-07,0.0005074212368602401,0.8898352301030821,1.5194808812529007e-05,2.217375649990651e-06,0.0006704816291934919,6.380872595604023e-05,0.0038944110147183684,0.06113014491480573,0.0006184921915732727
48,0.018006841512370583,2.8904061914638635e-05,0.005533369972169016,0.03441058779404634,2.007725417788759e-06,0.0015201210117165608,9.220065421970198e-05,2.390492116377686e-06,7.268389862662227e-05,0.0015396529689278703,0.00046756927619807026,2.6033740103375764e-05,1.3809867974449077e-06,5.17718516726082e-05,3.5221130020144537e-09,9.030013312987595e-07,0.0006841929544678439,0.741180590871197,6.723944541610957e-05,2.8617450678076685e-06,0.0006822976650782126,7.034752863645711e-05,0.011757246190685997,0.1834284852113754,0.00037031591833398846
49,0.011773422647811706,1.2514549572820631e-05,0.006767421802132645,0.040944082509074047,1.488958400674167e-06,0.0008262039284573254,9.587671411025407e-05,1.776420554769655e-06,6.50471846229042e-05,0.0009961105619151547,0.00028578231121170825,3.3680321887811215e-05,1.2425321683897848e-06,4.571225886699386e-05,4.103924863440681e-09,7.709802397161911e-07,0.0004776532561590396,0.8457869091132868,1.4006234759668393e-05,2.6500404197579965e-06,0.000759644474019854,5.731238703186522e-05,0.00854709038857828,0.0819073462820958,0.0005962500386971162
50,0.015735169356578184,1.7555533828495338e-05,0.006825509192350222,0.031175812808148948,2.72620663718694e-06,0.0006099267543509207,0.0002691503431851801,3.1058529221292355e-06,4.2722079837308085e-05,0.002159209498498616,0.00028161471989027675,3.9836761751066796e-05,1.1217387766698257e-06,7.019301047251474e-05,5.301169529533724e-09,7.521282914522798e-07,0.00047493854877843225,0.877336378578992,1.662383433005063e-05,2.8245779234244373e-06,0.0006916701653478256,5.9018937784085856e-05,0.01131272739807076,0.051864880070943066,0.001006526601141505
51,0.012906280370609683,1.2629176953559262e-05,0.006024324865760013,0.033534168354376385,2.0707212619095176e-06,0.0008767945859373518,0.00010263209071523977,1.8697872729281953e-06,6.657312884936407e-05,0.0009628424296339794,0.00031988071059850726,2.7264768585130952e-05,1.1971199682934935e-06,4.404418211919428e-05,4.630881198187977e-09,8.564589582493924e-07,0.0005131852075923889,0.8541547220701633,1.5234944358637569e-05,2.771872821083596e-06,0.0006724385115085826,5.2579972673502444e-05,0.008210314304364344,0.0809007832019864,0.0005945365320509275
52,0.012087212424125388,1.1157765310655702e-05,0.005117351420640023,0.02908312262724204,1.732354212288023e-06,0.0008185587924437951,8.265578474149976e-05,1.712308276380094e-06,6.120929855622751e-05,0.0008463788685145656,0.000285853021132254,2.2089091680608124e-05,9.645947764261837e-07,4.079187456132535e-05,4.400794787597113e-09,7.797943183030002e-07,0.00045254375405376585,0.8755767821731872,1.374552610648818e-05,2.341362556625076e-06,0.000547131011678616,4.907721465679406e-05,0.006290916965732266,0.06808598320355394,0.000519904367147841
53,0.0141066427975146,1.0061367527790725e-05,0.004099924288751585,0.022603434641008276,8.938703396801119e-07,0.0008663865719531221,3.076498177197229e-05,9.79175801142595e-07,5.3528598019622774e-05,0.0006139763308436068,0.00016648666679412117,1.3370734162347663e-05,8.918877342821925e-07,2.7944808963633686e-05,2.2202372606671013e-09,5.213600563813276e-07,0.000490664599044991,0.8824058607878011,1.5624679711963626e-05,1.830201729753943e-06,0.0004424661843895358,3.66093200479496e-05,0.0038213592441453765,0.0698546674841207,0.0003351071975291497
54,0.022121458151334306,2.3815811037078135e-05,0.005783160395148476,0.026139773726535916,2.4184937916431117e-06,0.0007394477903009957,0.00012428284141092225,1.1529167365919735e-06,8.273849126228078e-05,0.0010731961810026415,0.00017599903369515214,3.3263079760054725e-05,1.068930964492016e-06,6.0630597509210384e-05,6.8961529795425506e-09,6.727011327987673e-07,0.00040578451362489047,0.8946098698608377,1.316255362156733e-05,2.1895071625626547e-06,0.00048176114861477666,4.4747254852181686e-05,0.0052886179501914965,0.04150606270420418,0.0012847184691150925
55,0.016173451713452885,1.0181520157449363e-05,0.005095983028067738,0.026907584562355515,9.437152482374482e-07,0.00039947517579813814,8.295253953913046e-05,9.604858698870155e-07,0.00012353251816212145,0.00043372741722107514,0.0001247893667653204,5.3090506770310396e-05,1.6117784212005972e-06,2.141339600567087e-05,2.9050198952548763e-09,6.554800426107358e-07,0.00022058515874360163,0.8806057779578254,1.136876830825805e-05,1.2742784262930996e-06,0.0005778280547693227,3.909836446497456e-05,0.002155650140671481,0.06652365026188418,0.0004344109060095533
56,0.013234647762777905,1.354935301685493e-05,0.005873724316725293,0.03477694873236934,1.8970803339165595e-06,0.0008113017130508688,0.0001023217163384165,1.9254647146622313e-06,6.794370067345433e-05,0.0009373559071422329,0.0003138157688144531,3.111104700363012e-05,1.2662970858660727e-06,4.658617373152384e-05,4.533059094154323e-09,8.10056586635424e-07,0.0005150517823827624,0.8547813187385616,1.6220551367558155e-05,2.6771495153813405e-06,0.0006784041888036029,5.681210825994101e-05,0.0077930717854322535,0.07935555784078777,0.0005856762314649835
57,0.012985411916762763,1.4385153013594615e-05,0.005347049003710264,0.034879155945074486,1.6863501715264569e-06,0.0006260225730983788,0.00010601713712301685,2.1132894035172677e-06,7.707880627983817e-05,0.0010282318454662707,0.00024404612830772313,5.207249635206784e-05,2.155058044230835e-06,4.3883943773593096e-05,5.174346764432681e-09,1.0333850102702325e-06,0.0006999205865937407,0.8565328702653238,2.0720490916528716e-05,3.541032400941148e-06,0.0008912254968617543,8.893844807797472e-05,0.007466046376748007,0.07822314573585323,0.0006632433612858389
58,0.014459451458853297,1.3250149774978708e-05,0.006306233909873186,0.03461284287009219,1.8380554630045635e-06,0.0008612226758160098,9.905479789805598e-05,1.841384177531399e-06,7.161724182498623e-05,0.000876132029495876,0.00034510230014165926,3.122612239013101e-05,1.2840084322307997e-06,4.0627969423270725e-05,3.96812207645304e-09,8.031198371855752e-07,0.00045665992354214884,0.8282802014270092,1.8395019263917294e-05,2.4907248904245156e-06,0.0006511982918261947,5.1713698788292216e-05,0.008075604669288233,0.10423966619505272,0.000501537988723263
59,0.014242047741408458,1.3540986313525874e-05,0.007232358243481532,0.037107939075831,1.9000006213572375e-06,0.0009129269237231883,0.00010309856101951442,1.931532865043444e-06,7.38793428637711e-05,0.0009577630881962697,0.0003478715111491162,2.9937086666985825e-05,1.235791057529309e-06,3.8898284798184885e-05,4.233397807011842e-09,8.581898322694501e-07,0.00045298943493783097,0.8204191070137848,1.7789147544106383e-05,2.745391759243027e-06,0.0006969861419599127,5.1447856073973114e-05,0.008745256657336279,0.1080351575545502,0.0005123302088279911
60,0.012946756101295347,1.3707864503224235e-05,0.005835375952614395,0.03521010536957208,1.910110314105148e-06,0.0008240527269838775,0.00010113750162623583,1.9154647424736006e-06,6.673033112623531e-05,0.000961680272081781,0.000314723194008349,2.8290603653297723e-05,1.1016188662118635e-06,4.58920322845035e-05,4.5435461937719364e-09,8.157760598675204e-07,0.0004934194188133793,0.8562739379806334,1.5521112744071297e-05,2.63863113647649e-06,0.0006573514378451715,5.504010365577017e-05,0.00787985314618826,0.07769180395652742,0.0005762347491777802
61,0.014388013549012766,1.3427295469216302e-05,0.00703624031631386,0.0356401859096818,1.909658618251102e-06,0.0008697798644624128,0.00010472562562524204,1.92645684423171e-06,7.152936361223249e-05,0.0009473462688269506,0.00033778392954262183,3.0092055029890003e-05,1.2610338744125994e-06,3.911025225806664e-05,4.2120817418336755e-09,8.237248175122967e-07,0.0004585295812777555,0.8283889129382283,1.74145733866302e-05,2.6838056296535033e-06,0.0006796706996486143,5.127510586623418e-05,0.008413898444423628,0.1019808611017383,0.0005225942337295534
62,0.012946756101295347,1.3707864503224235e-05,0.005835375952614395,0.03521010536957208,1.910110314105148e-06,0.0008240527269838775,0.00010113750162623583,1.9154647424736006e-06,6.673033112623531e-05,0.000961680272081781,0.000314723194008349,2.8290603653297723e-05,1.1016188662118635e-06,4.58920322845035e-05,4.5435461937719364e-09,8.157760598675204e-07,0.0004934194188133793,0.8562739379806334,1.5521112744071297e-05,2.63863113647649e-06,0.0006573514378451715,5.504010365577017e-05,0.00787985314618826,0.07769180395652742,0.0005762347491777802
63,0.014521519409825177,1.7003218463429455e-05,0.006134739396668473,0.036213910454886276,2.0714505506312047e-06,0.0008438679692365079,0.00010731576003692455,1.9248402181367227e-06,7.177442099738738e-05,0.0010503716591867605,0.00031757800071849097,3.0167464373972954e-05,1.1428635498199e-06,4.8688418310345935e-05,4.8161717770144475e-09,8.091079470072473e-07,0.0005113652464416466,0.8491259927571742,1.7657590869952925e-05,2.793502454939743e-06,0.0006840925053527515,5.727368603055058e-05,0.008422139800599115,0.08119873136438101,0.0006170642955547378
64,0.011656534974631287,1.329399051961459e-05,0.005832782197320568,0.03660287788149911,1.7301398053740803e-06,0.000803328586926565,0.00010089817990346799,1.7479623906602963e-06,6.783608678359594e-05,0.0010148015471822315,0.0002745299345205717,3.247698789038098e-05,1.261305419328286e-06,4.5946891760808294e-05,4.411902291699164e-09,7.805173388738551e-07,0.0005127292867537656,0.8567231323261955,1.4892752276493903e-05,2.7255625326309208e-06,0.0008579187876541708,5.953350558644596e-05,0.00816634741484851,0.0765988316550003,0.0006130571133574192
65,0.009313996768647023,1.609329408685148e-05,0.007436741214396469,0.05386918789845474,1.9318721290475182e-06,0.0008323754881603677,0.00017870680159484778,3.02410458263102e-06,3.638856508569802e-05,0.002622769561031341,0.0002484273831187384,2.8891373408921444e-05,8.478122442836692e-07,8.234485302650128e-05,4.5474480755437425e-09,7.481964511993248e-07,0.0004950088410058961,0.8587537244988077,1.0724656421602073e-05,3.955865484734842e-06,0.0009974813896200896,5.145287926001085e-05,0.015054795270083384,0.04904207448545849,0.0009183023799912649
66,0.013763776921952095,1.2356628686272517e-05,0.006309847011121239,0.030630074630898094,2.0734318531210124e-06,0.000887581014462403,9.574944343234153e-05,1.663684560839866e-06,6.248893629222897e-05,0.0010098766833175855,0.00029521975836572633,2.3430857197202157e-05,1.1845298168037775e-06,3.831471517736236e-05,4.020119283098877e-09,7.658039938917735e-07,0.0005067282641208208,0.8501980462815503,1.5102798007595048e-05,2.8608693270290513e-06,0.0006553386796501092,4.53568592030681e-05,0.008284982133238191,0.08658831829623949,0.0005688577474170984
67,0.014775209303621905,1.5485995027107795e-05,0.00610457071444659,0.032764597017561535,2.038386299000567e-06,0.0007492198062287796,0.00011493750326404266,2.017689277704513e-06,7.508159489340634e-05,0.0009330725885989114,0.00031897465020011947,3.087708274452389e-05,1.049508348775349e-06,4.2908726709296604e-05,5.191796479524676e-09,8.189043871629191e-07,0.0004574783454842187,0.859784170836269,1.7209673500524557e-05,2.422880798650925e-06,0.0006357931565045454,5.8533268893791304e-05,0.007061205952044852,0.07545885546900022,0.0005934657540986996
68,0.012852540801349474,1.3224996968150087e-05,0.007113882697932552,0.04464392723441414,1.302825144159821e-06,0.0007071285262770207,9.170907498829079e-05,1.6262856710817243e-06,6.0561747928990935e-05,0.0010602571882871192,0.00023522391070000497,3.0450584129620038e-05,9.810875927209927e-07,4.0733511902695564e-05,2.6750050998256902e-09,6.284017415476766e-07,0.00038894252704458216,0.8364810020360223,1.2290485855864236e-05,2.436148464026655e-06,0.0007821531621556042,4.4614240342237164e-05,0.008974831316653921,0.08595072459112567,0.0005088239423032452
69,0.011506203559990552,1.945242069609044e-05,0.011001936364441854,0.07851656683276564,2.890111242437517e-06,0.001380421441607638,0.00017163720949713598,4.233563972265455e-06,7.708010400697386e-05,0.0013777806912337828,0.0009227273577889396,4.53284361705253e-05,1.3780539663283494e-06,6.4206200319423e-05,5.305447943410099e-09,1.3178039956487077e-06,0.000482772657783681,0.6459989183187754,2.5974265421568204e-05,4.6443406215165635e-06,0.0011517507709013087,6.254725518732416e-05,0.02544800676829779,0.2212772416583137,0.000454978507554445
70,0.012363294901266673,8.734271439240066e-06,0.005394540806475311,0.031780833405069986,1.5818295856308476e-06,0.0005187513573612599,8.324297833608897e-05,1.9163026427629372e-06,4.8150315597967266e-05,0.0007463782158479059,0.0001894433171820035,2.1690715657086225e-05,9.614670658293108e-07,4.345805503217245e-05,4.021208866172912e-09,7.6177262471765e-07,0.00043537237185120863,0.9069115111714774,6.437638249413602e-06,2.5920896477760312e-06,0.0003700171055772564,3.833136761947788e-05,0.0044828854916531165,0.03593299396907062,0.0006161150624599895
71,0.016276589121575355,2.6355521944497914e-05,0.0051628654375370595,0.04711874110288457,5.097787858444462e-06,0.0007446869894406084,0.00014702686419793703,1.8325626835562252e-06,8.023713082663507e-05,0.0016752385939446655,0.0002843848199090686,3.68860793343574e-05,2.174595739232788e-06,6.809232209596845e-05,4.782966123529794e-09,1.2702302390106072e-06,0.0007621139355280793,0.8102936120550756,1.365330566352418e-05,9.01915541578877e-06,0.000797929346325952,4.609091570902106e-05,0.015756729806389695,0.0997565033688139,0.0009328641679012458
