,0,1,2,3,4,5,6,7,8,9,10,11,12,13,14,15,16,17,18,19,20,21,22,23,24
0,8.403563224508929e-07,0.9273908893770696,1.8237021074352796e-06,2.92035916411436e-06,1.844557239538448e-05,2.72794527145304e-06,2.503345529390248e-08,6.716544733198978e-06,0.0005747340054678174,4.618336521804241e-08,0.00018702701268325056,2.5022051125055583e-05,5.764428361059463e-12,7.703127508596042e-07,0.047240249417301816,5.336408207873801e-08,1.4389748797731472e-07,3.91576094389879e-08,3.1239534125173856e-05,5.010872082041071e-11,1.1785304388203492e-06,0.023353898472623126,8.641379238596401e-07,1.193314562993381e-09,0.001160343783308798
1,7.094029637909797e-07,0.9375531893229918,2.03296661828461e-06,2.182102587666454e-06,1.99032461759927e-05,2.5377324727848814e-06,1.8365111583677065e-08,5.555461047823738e-06,0.0006284383307898822,4.1258255818025056e-08,0.0001593194397966371,1.8886235280836912e-05,4.5251398296227014e-12,5.251135200751983e-07,0.04039808363699844,4.58340343872592e-08,1.1329299547936772e-07,2.706014178828182e-08,3.394767168010463e-05,4.00242098018751e-11,9.891876951462724e-07,0.020215478340740927,6.556611010718044e-07,8.794008107016825e-10,0.0009573194130496715
2,7.711864425111511e-07,0.9087868777633914,1.5570089540133492e-06,2.05828258484506e-06,2.151731074584239e-05,2.3166968800476434e-06,1.9470627206194233e-08,5.669526538379267e-06,0.0006308186398064789,4.811496744882018e-08,0.0002538760825235212,2.8240396170588567e-05,4.3609495067427115e-12,9.572189759656536e-07,0.07070688346554531,3.2438753729458614e-08,1.0736612687460516e-07,3.571344830673913e-08,2.15788301697979e-05,5.3968555900345644e-11,1.2304502550612108e-06,0.018037844353128597,1.0503023674046248e-06,9.389845553473264e-10,0.0014965083842824573
3,6.733942959333945e-07,0.928260323036865,1.4881839380101277e-06,2.1023260807720167e-06,1.665357298696477e-05,2.5772654909750563e-06,2.3247533891752605e-08,5.002819336993427e-06,0.00045997791428108945,3.709956303137375e-08,0.00015556882728361734,2.4491700214480138e-05,4.229767124071415e-12,7.7327107723796e-07,0.047509021264175194,4.0389959422658704e-08,1.2779302211234596e-07,3.519941972396172e-08,2.6291523182206745e-05,4.064262546154053e-11,1.1467741032924806e-06,0.02229572518477986,8.463923804839929e-07,1.1913498275239239e-09,0.0012370715838075164
4,7.275394304417745e-07,0.9290292645976402,1.530145203029405e-06,2.180796000676271e-06,1.7180195778333522e-05,2.726227703469725e-06,2.4805977940936035e-08,5.232074067722056e-06,0.0004496241562777764,3.8491398218793313e-08,0.00015366604928738486,2.5052717633700535e-05,4.971392297181838e-12,8.555780842993355e-07,0.04722458051913303,4.49176286674034e-08,1.341155285871353e-07,4.016736009034063e-08,2.9075364225917935e-05,4.465397470707827e-11,1.1708872964136248e-06,0.021831447494993404,8.83782415910507e-07,1.3726942652557392e-09,0.0012245179546152203
5,6.086572680409861e-07,0.9332176864887021,1.1960229395239148e-06,2.1471945683701696e-06,1.4174246705361486e-05,2.539626237903262e-06,1.927626100460056e-08,4.716814135175521e-06,0.0003956880789556684,3.2224499765666534e-08,0.00013826743281794706,2.0158537520261204e-05,4.1947343401694495e-12,7.059506660139571e-07,0.04492771563325352,3.870496774256514e-08,1.1900360612946898e-07,4.0596298023496116e-08,2.601181876864026e-05,3.957082944927878e-11,1.0849498822743583e-06,0.020195870484282095,8.278692047617852e-07,1.1401738754445527e-09,0.0010503492045201201
6,6.733942959333945e-07,0.928260323036865,1.4881839380101277e-06,2.1023260807720167e-06,1.665357298696477e-05,2.5772654909750563e-06,2.3247533891752605e-08,5.002819336993427e-06,0.00045997791428108945,3.709956303137375e-08,0.00015556882728361734,2.4491700214480138e-05,4.229767124071415e-12,7.7327107723796e-07,0.047509021264175194,4.0389959422658704e-08,1.2779302211234596e-07,3.519941972396172e-08,2.6291523182206745e-05,4.064262546154053e-11,1.1467741032924806e-06,0.02229572518477986,8.463923804839929e-07,1.1913498275239239e-09,0.0012370715838075164
7,1.5555695972501196e-06,0.9183866203685361,2.7254484250071697e-06,3.459307558837115e-06,2.5518490117403224e-05,2.9242376595791675e-06,4.117226613578215e-08,9.602461649011518e-06,0.0007286754565189457,8.247426790904667e-08,0.0002398962054704027,3.282758182468428e-05,9.17382823696352e-12,9.425655776588928e-07,0.047353623812567865,6.339585029759297e-08,1.8324321144169252e-07,3.7648033842024575e-08,4.464265229122879e-05,5.934478215177655e-11,1.017814154230387e-06,0.031695422738113196,7.65572570084534e-07,1.740185331742704e-09,0.0014693699750349238
8,6.450686047148104e-07,0.9298498373421482,1.387550114535972e-06,2.0249559981992877e-06,1.6004849863005577e-05,2.5227415019406027e-06,2.208623849175387e-08,4.952959727753252e-06,0.0004523844300312862,3.458085497677889e-08,0.00014749706013104168,2.2866132633946057e-05,4.031052220571574e-12,7.124990874424975e-07,0.046265660061137144,3.944974969411639e-08,1.2226302328819636e-07,3.456599067589205e-08,2.6452695096682568e-05,3.776504650389007e-11,1.0761933422514616e-06,0.022045475518544223,7.844997435852737e-07,1.1149548614431306e-09,0.0011594613396859682
9,6.56161612450135e-07,0.9351394272347694,1.5050136520928862e-06,2.0262591473558154e-06,1.7175314877975105e-05,2.8300106633091715e-06,2.565532682064192e-08,5.8904687212726134e-06,0.0004897396730178565,3.1934872659608505e-08,0.0001197054449193725,2.1508907267847325e-05,4.756022122206109e-12,5.597332442856019e-07,0.038072786377122865,5.214076012214568e-08,1.351579196980593e-07,3.5441314280042374e-08,3.4879366124695044e-05,3.517545352614198e-11,9.974222439736774e-07,0.025171540151437036,5.985600108788879e-07,1.1497693218805992e-09,0.000917892381273014
10,6.733942959333945e-07,0.928260323036865,1.4881839380101277e-06,2.1023260807720167e-06,1.665357298696477e-05,2.5772654909750563e-06,2.3247533891752605e-08,5.002819336993427e-06,0.00045997791428108945,3.709956303137375e-08,0.00015556882728361734,2.4491700214480138e-05,4.229767124071415e-12,7.7327107723796e-07,0.047509021264175194,4.0389959422658704e-08,1.2779302211234596e-07,3.519941972396172e-08,2.6291523182206745e-05,4.064262546154053e-11,1.1467741032924806e-06,0.02229572518477986,8.463923804839929e-07,1.1913498275239239e-09,0.0012370715838075164
11,7.244016889365627e-07,0.9270141921449734,1.5906862589397674e-06,2.2289652939896372e-06,1.7098281556569266e-05,2.7790316540827626e-06,2.5421452315816544e-08,5.738258984120735e-06,0.00047701732772564457,4.082457318144748e-08,0.00015798554563390015,2.640233031963203e-05,5.154028946714843e-12,7.955266706906024e-07,0.047415522889759795,4.6222219238202846e-08,1.3964093481752502e-07,3.9352985369422614e-08,2.929386171788823e-05,4.4925676407593814e-11,1.1664771361604584e-06,0.023641577738780027,8.424459120974694e-07,1.3394375392784937e-09,0.0012047512342520928
12,6.628018371373501e-07,0.9405469657178505,1.3915335604808756e-06,1.6414376173862212e-06,5.980164096335486e-05,3.186583281007621e-06,4.510573494911005e-08,1.316792385976045e-06,0.0003909126484062051,2.4036049644308638e-08,0.0001505202384637957,2.511371891141115e-05,3.69370345584306e-12,4.2130540187290635e-06,0.04591143465317957,3.334040555378998e-08,1.5555943508003473e-07,6.505077799903018e-08,1.7800607449094723e-05,9.609107384928671e-11,2.432440415352591e-06,0.008673964875631556,3.9466272605976044e-06,2.7833701394177896e-09,0.004204368653209606
13,9.333377392423623e-07,0.9034857301574561,1.9572649896188277e-06,2.7205594597721017e-06,2.0360072264506043e-05,2.533696105420234e-06,2.7934790217208392e-08,6.736208557905267e-06,0.0005649446018775366,5.1943710353685256e-08,0.0002778462626393757,3.728562840143854e-05,5.692575018015743e-12,1.2487332050489158e-06,0.07118903502405544,4.840160337546789e-08,1.4753263918987222e-07,4.544296982815781e-08,2.5193984324237205e-05,6.139821919070022e-11,1.5445896757814789e-06,0.022862847244940275,1.2061406611913926e-06,1.324579574186753e-09,0.0015175538462639012
14,8.269538235799712e-06,0.6044122800464692,7.665873661068095e-06,9.38877294300052e-06,5.961822521223346e-05,6.65240489975652e-06,1.0643609306038081e-06,4.635096020278431e-05,0.0017694065815746065,4.476212201982253e-07,0.0010210834165860477,0.0013564574634155984,1.9385854307165457e-11,2.6976518056024434e-05,0.16523729981843277,1.638991010336483e-07,3.0898969497843513e-06,9.947181884441042e-08,2.6376417810306727e-05,2.5859031767981826e-10,7.2112108934539335e-06,0.1925580797391413,4.983980655091995e-06,1.695399288053041e-08,0.03343701654982146
15,6.733942959333945e-07,0.928260323036865,1.4881839380101277e-06,2.1023260807720167e-06,1.665357298696477e-05,2.5772654909750563e-06,2.3247533891752605e-08,5.002819336993427e-06,0.00045997791428108945,3.709956303137375e-08,0.00015556882728361734,2.4491700214480138e-05,4.229767124071415e-12,7.7327107723796e-07,0.047509021264175194,4.0389959422658704e-08,1.2779302211234596e-07,3.519941972396172e-08,2.6291523182206745e-05,4.064262546154053e-11,1.1467741032924806e-06,0.02229572518477986,8.463923804839929e-07,1.1913498275239239e-09,0.0012370715838075164
16,1.2034782303377305e-06,0.8898039433538915,3.327811925226668e-06,3.561426068032705e-06,2.58501441160887e-05,3.905123896058685e-06,4.9773792429383844e-08,9.183848151806605e-06,0.000464987920641445,6.154034623617529e-08,0.00028901779589185934,5.857127223844398e-05,1.1424023216524384e-11,2.0509443936272958e-06,0.08047892870387816,1.0918055145866973e-07,2.611659101419827e-07,9.181488146837719e-08,3.919391513623021e-05,1.0834170272320893e-10,3.375472559538416e-06,0.02744877975485819,1.7242704238387343e-06,2.880453294706382e-09,0.0013618182879988198
17,1.390505691669042e-06,0.8987104763943465,2.357965355340205e-06,3.4120883741292304e-06,3.0057178939207985e-05,2.813722978464346e-06,6.945590092090228e-08,7.92018463621194e-06,0.0006914837184091968,5.340548376611937e-08,0.0002771265789075411,6.256868126360492e-05,7.150931465468799e-12,2.1983667216087565e-06,0.06533446789612206,6.168011832585622e-08,2.392269355360138e-07,4.9869064844588015e-08,2.3714515222240943e-05,7.038746422855153e-11,2.02812088575055e-06,0.03219763779114872,1.5765725051866026e-06,2.193568490015035e-09,0.002648293809882166
18,6.998311293547035e-07,0.9332479104559208,7.377641513117198e-07,1.4129427916789847e-06,1.4108406399023796e-05,2.022749278824686e-06,2.7250320714287415e-08,2.8497790310350583e-06,0.00042024410499429615,2.6325787477041612e-08,0.00011549759546469319,1.6992593303148123e-05,2.2186728041249824e-12,7.552272651053508e-07,0.036277458499802906,2.021150253232886e-08,1.8678637087741282e-07,3.365484125943191e-08,2.1555119456517943e-05,2.572317377679836e-11,8.226831418995078e-07,0.0275621412066658,9.095329479584992e-07,1.2271346190309147e-09,0.002313586024356277
19,8.888879031893671e-07,0.9091851552041867,2.8867312626094456e-06,3.2067615446836032e-06,2.454992323659873e-05,4.163933124867268e-06,5.055113297656367e-08,9.964943006768499e-06,0.000702312839602627,8.218364391323354e-08,0.00019120659322612084,4.985155610053538e-05,8.549957793758944e-12,8.167909601861192e-07,0.04783530950767013,6.78251307599614e-08,2.1213342976819195e-07,3.478319486501323e-08,3.3189534846794014e-05,6.879156789582754e-11,1.4833574445731542e-06,0.04034737839315751,8.548986198630663e-07,1.950794273899103e-09,0.001606330639438176
20,3.572798709285861e-07,0.9203757319416078,9.177778951663458e-07,1.4873634380541933e-06,8.733106459681464e-06,2.316472342864475e-06,1.3494351029865248e-08,4.673568642070975e-06,0.00032253815764552693,2.7574519578945675e-08,0.00012765862832848633,2.3382067956547718e-05,2.9402918414763724e-12,4.5482543095420606e-07,0.05498234887783519,2.699355224257068e-08,9.161801599301763e-08,3.296281696461811e-08,1.6949143386390238e-05,2.9091005020044313e-11,1.0982420731615446e-06,0.023336252639282025,6.586301574938224e-07,8.091974280139689e-10,0.0007942477931633417
21,1.1578426582535186e-06,0.9045465909456424,2.2005966854785786e-06,3.510272613367262e-06,2.1525107646680152e-05,2.559628325195911e-06,2.9231521426333354e-08,6.89852257930903e-06,0.0005587008867627141,4.909859632336488e-08,0.00030677515932936276,3.746376560955305e-05,6.7817647262594954e-12,1.6333625209717544e-06,0.07328193042102807,6.431737596627256e-08,1.473952264789225e-07,5.614023804488991e-08,2.836166602895171e-05,7.221340276514395e-11,1.7922423330189294e-06,0.019803190335204852,1.4481694554722338e-06,1.4531546898901536e-09,0.001393913360468129
22,1.0037503868383338e-06,0.9018217774449885,2.6887008625796926e-06,3.5569097915006916e-06,2.1366155620167914e-05,2.926396779207889e-06,3.06445107621346e-08,7.406775529642663e-06,0.0005866885693539953,6.731068962635074e-08,0.0003229423270615693,3.494653336041433e-05,7.0622571060377135e-12,1.0541345403099517e-06,0.06674970197147495,6.402638932347553e-08,2.3276878934566672e-07,5.7928467990872755e-08,3.159959492633451e-05,8.405241772289662e-11,2.178630155982102e-06,0.028999665719164756,1.4235753823899118e-06,1.5299372060113886e-09,0.0014086185107217179
23,6.733942959333945e-07,0.928260323036865,1.4881839380101277e-06,2.1023260807720167e-06,1.665357298696477e-05,2.5772654909750563e-06,2.3247533891752605e-08,5.002819336993427e-06,0.00045997791428108945,3.709956303137375e-08,0.00015556882728361734,2.4491700214480138e-05,4.229767124071415e-12,7.7327107723796e-07,0.047509021264175194,4.0389959422658704e-08,1.2779302211234596e-07,3.519941972396172e-08,2.6291523182206745e-05,4.064262546154053e-11,1.1467741032924806e-06,0.02229572518477986,8.463923804839929e-07,1.1913498275239239e-09,0.0012370715838075164
24,6.34358087127948e-07,0.933722359774984,1.2296768013963865e-06,2.2403420386371066e-06,1.6378690692408532e-05,2.35017277998344e-06,1.9652405464113442e-08,4.615050969926662e-06,0.0004384915736029258,3.338108069419926e-08,0.00014971431355360342,2.182893570838201e-05,4.186921021990309e-12,7.94541619348191e-07,0.045689196157655335,3.5878486735514986e-08,1.0524290632188414e-07,3.614812013490319e-08,2.3083282632412712e-05,4.1528088339683966e-11,1.0199814453133644e-06,0.018746592252920663,8.706229475260634e-07,1.0815130928063776e-09,0.0011783688413335193
25,2.1158287258034985e-06,0.8489632311420717,3.45959984740559e-06,5.328998496938277e-06,3.5035460430017185e-05,3.184332176061329e-06,7.638232015163782e-08,1.6197223937578676e-05,0.0009320078212451526,1.1505541273720746e-07,0.0006263966575766233,9.212279114667754e-05,1.3738523520877436e-11,2.7943495013182205e-06,0.11020914572090701,8.954491462252274e-08,2.853684131773026e-07,7.500267014716731e-08,2.9770596616948866e-05,1.3188674600718323e-10,2.3924836581229136e-06,0.036522470556629896,1.8418493012481092e-06,2.37288736346332e-09,0.0025518607154881466
26,6.453200304296684e-07,0.9483841075494456,1.1964270348596378e-06,1.8133734095855866e-06,1.5954477047083775e-05,2.4481099495937035e-06,1.6980994893400675e-08,3.689669548092221e-06,0.00047043593005394527,3.005729306774624e-08,0.00010767372908617794,1.3263666852326637e-05,3.6126989732382062e-12,5.309983435939729e-07,0.031132445311724613,3.3704087531366505e-08,1.3342070911436413e-07,3.323412358492474e-08,3.203384691078267e-05,3.318529238141802e-11,8.646653903168576e-07,0.018671965651184213,7.353765324476172e-07,1.0413255340932496e-09,0.0011599474221244824
27,4.569886106303909e-07,0.9384233204847177,7.885319022301593e-07,1.5046629502830499e-06,1.083812994703872e-05,1.9789763494503413e-06,1.4340357440797955e-08,3.854614881784898e-06,0.00043333017705399766,2.5884249014176835e-08,0.00011316063158210982,1.5177942963108888e-05,2.303191855767828e-12,4.196735697789441e-07,0.03932113756523427,2.2322423271109517e-08,8.201649152914188e-08,2.213789391348161e-08,1.9853319019068166e-05,2.150080853899819e-11,5.929170719369708e-07,0.020585327282901893,5.313722130562952e-07,6.566411095948818e-10,0.0010675593471714524
28,6.733942959333945e-07,0.928260323036865,1.4881839380101277e-06,2.1023260807720167e-06,1.665357298696477e-05,2.5772654909750563e-06,2.3247533891752605e-08,5.002819336993427e-06,0.00045997791428108945,3.709956303137375e-08,0.00015556882728361734,2.4491700214480138e-05,4.229767124071415e-12,7.7327107723796e-07,0.047509021264175194,4.0389959422658704e-08,1.2779302211234596e-07,3.519941972396172e-08,2.6291523182206745e-05,4.064262546154053e-11,1.1467741032924806e-06,0.02229572518477986,8.463923804839929e-07,1.1913498275239239e-09,0.0012370715838075164
29,6.733942959333945e-07,0.928260323036865,1.4881839380101277e-06,2.1023260807720167e-06,1.665357298696477e-05,2.5772654909750563e-06,2.3247533891752605e-08,5.002819336993427e-06,0.00045997791428108945,3.709956303137375e-08,0.00015556882728361734,2.4491700214480138e-05,4.229767124071415e-12,7.7327107723796e-07,0.047509021264175194,4.0389959422658704e-08,1.2779302211234596e-07,3.519941972396172e-08,2.6291523182206745e-05,4.064262546154053e-11,1.1467741032924806e-06,0.02229572518477986,8.463923804839929e-07,1.1913498275239239e-09,0.0012370715838075164
30,6.733942959333945e-07,0.928260323036865,1.4881839380101277e-06,2.1023260807720167e-06,1.665357298696477e-05,2.5772654909750563e-06,2.3247533891752605e-08,5.002819336993427e-06,0.00045997791428108945,3.709956303137375e-08,0.00015556882728361734,2.4491700214480138e-05,4.229767124071415e-12,7.7327107723796e-07,0.047509021264175194,4.0389959422658704e-08,1.2779302211234596e-07,3.519941972396172e-08,2.6291523182206745e-05,4.064262546154053e-11,1.1467741032924806e-06,0.02229572518477986,8.463923804839929e-07,1.1913498275239239e-09,0.0012370715838075164
31,1.0604131099162e-06,0.9215216522914713,2.181760943073621e-06,2.470523463125945e-06,1.8724594703662898e-05,2.7588673585965208e-06,2.6247036614055253e-08,8.90291235499299e-06,0.0005256463784199646,4.649637604657121e-08,0.00017706442054171768,3.362711192586594e-05,8.21305025799312e-12,8.595255262554126e-07,0.0507448228198597,6.414075904973422e-08,1.6256630232272473e-07,5.0434537005926374e-08,4.0300742221756675e-05,4.8717752910669414e-11,1.3570192060150548e-06,0.02594137032092753,7.440316834852196e-07,1.5318428711721337e-09,0.0009761047924983712
32,6.211653578434249e-07,0.9359522983967705,1.341382888054609e-06,1.8746167313665567e-06,1.502568018662606e-05,2.4762221687047353e-06,1.948390338940197e-08,4.48084992149951e-06,0.00041521857034141344,3.2341155017807966e-08,0.00013038139358645206,1.9987683175611467e-05,4.030502155705453e-12,6.569832597595815e-07,0.04172080566214014,3.846990381641646e-08,1.1815293512432305e-07,3.4912338612868966e-08,2.8470227509009052e-05,3.564357541674384e-11,1.00502869839675e-06,0.020645689037594474,7.45191306988875e-07,1.1325562536144295e-09,0.001058677375897095
33,4.398394203294087e-07,0.9548984212526207,8.248532460970121e-07,1.3922895433669932e-06,7.954617325102277e-06,2.8705147310186987e-06,1.9431690628608083e-08,3.590992071722904e-06,0.0001684583353560018,1.7835092885889962e-08,3.371885076385967e-05,1.313808078009842e-05,4.983508465299905e-12,4.004906538730466e-07,0.01675651370511176,5.339838208798495e-08,1.4504660558180031e-07,4.80377312758668e-08,5.248053995373001e-05,2.0059628319296746e-11,6.031367275045425e-07,0.0275284450053461,3.5864616017591524e-07,2.1979766242642903e-09,0.000530102877666071
34,1.665074642912181e-06,0.9295110507023943,2.1306206046688153e-06,2.730419714888061e-06,2.4913442072469817e-05,2.015591957606926e-06,2.4562222530322477e-08,6.448409308352447e-06,0.0006379833002174067,4.630546796209286e-08,0.00022932314885422268,2.2090474467330984e-05,6.224170452832194e-12,1.1458491846616784e-06,0.04844722650934257,5.1708307205297795e-08,1.5040832549756607e-07,4.310494839800516e-08,4.439963120989851e-05,4.6231705402182956e-11,1.0364760775720874e-06,0.019765840315531146,8.475577710494491e-07,1.2843295295653487e-09,0.0012988350505921949
35,6.758503152485472e-07,0.9458013271926802,7.760476620603532e-07,1.6785265909254244e-06,1.0896193432047888e-05,1.6323091683833483e-06,1.2631050974837932e-08,6.497831763428203e-06,0.0006756340304802464,2.4763157363289372e-08,9.556449769689671e-05,1.1497526607392179e-05,2.696809268745532e-12,2.2145259633527664e-07,0.027271105512378636,2.495800131545658e-08,8.033086778432883e-08,1.7582911825394436e-08,2.8934280156411156e-05,1.3651325785364852e-11,3.3397329768826394e-07,0.025362262935877247,2.4749920750185325e-07,4.2873353346621494e-10,0.0007305536290184134
36,4.24545065451932e-07,0.9615932442301548,1.4475749954847772e-06,1.5968012830029752e-06,1.8970366730360174e-05,2.2001046095522282e-06,7.194382918588871e-09,1.860706995116352e-06,0.00036749358534298625,2.7885757110812894e-08,0.0001053780154153729,6.2197976038200414e-06,2.4469291191108015e-12,4.2113249742652166e-07,0.02975289560742299,2.3885465843546958e-08,4.962909463517101e-08,1.9386054921338677e-08,2.6483506114943897e-05,3.3657263086105366e-11,8.050936066146439e-07,0.007371348564159124,7.385517149705517e-07,6.416174555791698e-10,0.0007483431578108077
37,1.0211582242282073e-06,0.9232265149337777,1.9374894669654797e-06,2.422055194820227e-06,2.1475157353615056e-05,2.9365449054226075e-06,3.756597418662842e-08,4.92259163784557e-06,0.00038968347465482227,3.880664848383367e-08,0.00017094107576040354,3.300847498306739e-05,6.290804925086212e-12,1.6755928094723671e-06,0.05307839913447176,6.053859255375552e-08,1.857440132929021e-07,5.900502749145818e-08,3.311493339229519e-05,5.84721686314921e-11,1.831935526210493e-06,0.021464762634805505,1.3518410827249762e-06,2.3431655972016965e-09,0.0015636169037683376
38,5.334491199835977e-07,0.9267509965945581,1.456068578584658e-06,1.975499017812496e-06,1.3203786626354438e-05,3.20016813262171e-06,2.474057329931603e-08,4.883656084075851e-06,0.00032962941206649037,3.039349090084593e-08,0.000132171622855377,2.3785419222423083e-05,4.730498845069496e-12,7.20865105630191e-07,0.049418792664523044,5.5389733988330106e-08,1.331362509533692e-07,4.734245809428148e-08,3.077726159849031e-05,4.1528262876771586e-11,1.424685875389157e-06,0.022397558805382856,8.57105515513523e-07,1.4279827429045517e-09,0.0008877404589884825
39,3.0422936371483274e-07,0.9394813786351569,1.6833085162809062e-06,1.4608151056307747e-06,1.1386303448279422e-05,3.682894127105833e-06,1.606462271462408e-08,4.782866338066242e-06,0.00032346253008468806,2.2821552256343395e-08,7.067808098194446e-05,2.316837408566137e-05,3.77243595215022e-12,3.2126324263427057e-07,0.03316517623413362,5.125644526846119e-08,1.315934931749654e-07,3.410312837528406e-08,2.9186026989830663e-05,3.081392700722055e-11,1.7138133659648132e-06,0.026288593779471597,5.649127869468028e-07,1.0808066704818502e-09,0.0005921989781664675
40,1.5455127731820237e-07,0.9397858551964621,3.77372602270131e-07,5.236682185146067e-06,2.382520911008386e-06,6.93003674639928e-06,6.985316709505372e-09,7.1395187925875905e-06,0.0003839030867120906,3.9425158416424414e-08,6.731270791362928e-05,5.895918184364916e-06,2.5584671557650224e-12,4.1070705712838754e-08,0.018752996729772885,4.963289512961688e-08,8.369000488411478e-08,3.980165014671243e-08,2.396729698654406e-05,2.6327136919156184e-11,3.5192583741057576e-07,0.040666902554519054,2.726759704063753e-07,3.819494858355745e-10,0.00029006020856063596
41,4.839240860999681e-07,0.9483889425920585,9.407081289121175e-07,1.7913843989596043e-06,1.5380168506948404e-05,1.575078584627167e-06,7.182281782076944e-09,4.1156526638043105e-06,0.000507802962749274,2.1110707474607025e-08,0.00013474577293016602,9.449696312312885e-06,3.0614051695338116e-12,4.4006432166901996e-07,0.04152188124528606,3.050569544806612e-08,4.096037268074872e-08,2.4820883588414416e-08,2.3858758707399347e-05,2.7161277976506792e-11,5.407217257205409e-07,0.008855074620385494,4.902022227179388e-07,4.1869542310183365e-10,0.0005323614180721826
42,1.5775457314210727e-06,0.8902331503042359,2.0060470724856595e-06,3.2046173451691155e-06,3.7405114348073855e-05,3.089988614151406e-06,5.8461657154512777e-08,5.398309222248434e-06,0.0006019480259412075,7.179250670304635e-08,0.00038731500472088644,4.6805959757193346e-05,7.566016399056405e-12,3.569730828380639e-06,0.08616321499923278,4.999134643034266e-08,2.031744398883785e-07,6.981798923763664e-08,2.5268877674988577e-05,1.0674719214581128e-10,1.937094381612275e-06,0.0189785350532489,2.529484486783297e-06,2.643746341186693e-09,0.003502587847158676
43,4.0010099273965547e-07,0.9309228117376293,1.8797643583081579e-06,2.2085204677119248e-06,1.356537521715312e-05,3.996478974361764e-06,1.7480280309592086e-08,6.4994087433737415e-06,0.00041150010473202505,4.6622531669783825e-08,0.00010636325338567023,2.1507178591016483e-05,5.100873953346284e-12,3.1336086756906354e-07,0.03858665758502335,4.992711088602429e-08,1.438463823058764e-07,3.4399350802181436e-08,3.0933915529247226e-05,4.7453774347240885e-11,1.5637832708165747e-06,0.029234729890824786,5.961616590970466e-07,1.1337714586957928e-09,0.0006541799177513931
44,6.733942959333945e-07,0.928260323036865,1.4881839380101277e-06,2.1023260807720167e-06,1.665357298696477e-05,2.5772654909750563e-06,2.3247533891752605e-08,5.002819336993427e-06,0.00045997791428108945,3.709956303137375e-08,0.00015556882728361734,2.4491700214480138e-05,4.229767124071415e-12,7.7327107723796e-07,0.047509021264175194,4.0389959422658704e-08,1.2779302211234596e-07,3.519941972396172e-08,2.6291523182206745e-05,4.064262546154053e-11,1.1467741032924806e-06,0.02229572518477986,8.463923804839929e-07,1.1913498275239239e-09,0.0012370715838075164
45,8.209109798370616e-07,0.9079445938045538,1.761783712152851e-06,2.4918710568846656e-06,1.6365624396014964e-05,3.6825352199210025e-06,4.042691644984375e-08,1.2380567636469914e-05,0.000518447804322673,5.312206375462482e-08,0.0001545673936759333,3.900355386854883e-05,8.941324360793065e-12,6.928237313207249e-07,0.05356130373737168,7.918625359349148e-08,1.7103761025324712e-07,5.065423384961449e-08,4.006659871597286e-05,4.744919646250888e-11,1.1333095351696442e-06,0.036842920835212,5.509586486521788e-07,1.7456749716169742e-09,0.0008588196582194089
46,1.0781001400257305e-06,0.8932691791734527,2.7006789744975827e-06,3.942298725821504e-06,1.6547639184875e-05,4.457092292577404e-06,5.142045929109792e-08,1.1596406425644835e-05,0.0005299933095947805,7.367668775507084e-08,0.00014475794640631025,4.546984963822602e-05,9.357144612929374e-12,6.359184616620219e-07,0.034848486328878235,8.217435575254017e-08,4.7544235714101844e-07,5.795061913443017e-08,4.9235309003141615e-05,6.368377626205873e-11,1.932820748478337e-06,0.06973341804853568,7.751122518376922e-07,2.562264052977796e-09,0.001335050667501575
47,1.1897594468780594e-06,0.9259437311146633,2.1487289244530794e-06,3.019752141286868e-06,1.5607269648951644e-05,3.0990760575537143e-06,4.106496249515789e-08,8.355252024798751e-06,0.00043446978192034075,4.386708583997334e-08,0.00011902285426640208,3.095151914996966e-05,8.059856856965247e-12,7.429233437917054e-07,0.03229160282854427,8.184269454940163e-08,2.3546843496738793e-07,4.7503704145436065e-08,5.2922295982913945e-05,3.845332389301196e-11,1.1439107865158809e-06,0.040101253969054736,6.006828444978098e-07,2.1386996997987275e-09,0.0009896863491043713
48,5.908074129768482e-07,0.9394978269084626,1.1967147700420064e-06,1.6781269765805368e-06,1.2698985565762771e-05,2.8529267321594093e-06,2.0687417162919686e-08,4.7616468836947e-06,0.0003549178473261047,3.26064079973077e-08,9.036624227823157e-05,1.835617076072003e-05,4.265242185081434e-12,5.04937480465012e-07,0.03274069352996454,4.0290657469836086e-08,1.45562285219968e-07,3.6982882300373775e-08,3.623051640867689e-05,3.029015343294003e-11,8.660231118868453e-07,0.026287004024281406,5.596923781554747e-07,1.3917720472318817e-09,0.0009486173432282905
49,4.579803429834503e-07,0.929326312332769,1.613371331011545e-06,1.929823685096059e-06,1.3822054441744369e-05,3.0510981017880266e-06,2.1920107794161056e-08,5.478246701854337e-06,0.0004395507288794359,3.7756433305506394e-08,0.00011666984074286616,2.731533818254864e-05,4.1662088184094635e-12,4.5145720241505266e-07,0.03973153606375451,4.019787536270407e-08,1.2564056752746652e-07,2.7608968668411383e-08,2.4823775575615655e-05,3.67301845680772e-11,1.161945891359601e-06,0.0293483549995832,6.335593354931793e-07,1.0895173562794154e-09,0.0009565831291127996
50,2.929894407220432e-06,0.8777041023603126,3.5273550654931915e-06,5.148346965815835e-06,4.1094754466010517e-05,4.243971178213815e-06,1.2170198906025594e-07,1.5029243716759954e-05,0.0008713945949637749,1.422808072753891e-07,0.00041424146401206584,7.577647087858462e-05,1.642414878915037e-11,3.0566052513842347e-06,0.07467693605395143,1.0695846627095945e-07,3.903050839719792e-07,7.539908132714107e-08,5.130094649231053e-05,1.1931897260902957e-10,1.7260821663977012e-06,0.04286400144610422,1.5172605568033588e-06,4.244494508367526e-09,0.003263132123845514
51,1.3072200600125865e-05,0.8469281814954207,3.0074308193196756e-05,7.3637481306622055e-06,0.00046727023601845943,1.4145794986893396e-05,9.162038294266675e-07,1.9056573975831204e-05,0.0019853156278042947,5.813638458777541e-07,0.0010247686808750349,0.00023979073828254844,9.129951105140346e-11,2.1652441881526435e-05,0.08327725784107431,5.369460379548116e-07,2.8712533162538676e-06,2.920158563170256e-07,0.00024353008757155832,9.250200840321094e-10,8.39755399371529e-06,0.0536454568918974,6.519847088122206e-06,3.299758323203175e-08,0.012062914135416831
52,8.772054927616783e-07,0.9041376731774763,1.5881540262068698e-06,3.065395661960845e-06,1.696833156272929e-05,3.489496179756933e-06,1.827044787564156e-08,1.0408418114585315e-05,0.0005620404302279508,8.68568873971428e-08,0.00024534723616073006,2.9128366308505795e-05,8.13702380493993e-12,7.746573135590204e-07,0.07116250306609914,4.871949376437099e-08,1.1890972588642585e-07,5.090999175270357e-08,3.6353589140961346e-05,7.546671659867606e-11,9.943889544488384e-07,0.022819850456290182,7.44637546732618e-07,1.277462607335302e-09,0.0009678679658302361
53,1.1043446145325777e-06,0.8784277295739402,3.0813463472483616e-06,4.2425500094783314e-06,3.3973916577416e-05,3.7160223816603137e-06,7.706141873577979e-08,7.508125097292038e-06,0.00071418214474673,7.271971985446589e-08,0.00040713440889847917,7.168070473422232e-05,7.922584144354128e-12,2.458279868717755e-06,0.08768173466561106,7.641796123265608e-08,2.541233245335258e-07,5.8863903683106326e-08,2.0454919775796617e-05,1.2130087288580853e-10,3.235392920543923e-06,0.029692386715049524,2.589004022477712e-06,2.3514861069457555e-09,0.0029222462183668323
54,9.212636018998523e-06,0.7393780442125971,0.0002210559695522732,5.756883351502151e-05,0.00044003226575476084,2.2518153894512155e-05,2.678382898458874e-07,0.00013898714562711123,0.00330208630010176,2.3365504962310437e-06,0.005914382051185392,0.0006916111159995184,7.419092061294081e-10,8.56750664151016e-06,0.1738192146330291,2.428605426868704e-06,3.543385396972328e-06,9.010233658005814e-07,0.0002484359602115882,9.171111475477846e-09,5.744883058880696e-05,0.0740656987074706,1.0651624535548538e-05,1.491690320312957e-08,0.001604981820376747
55,9.373869167114933e-07,0.8996086317541002,2.048505583115355e-06,3.0615327216564135e-06,2.6221196893186165e-05,4.462673513582038e-06,6.2813782328172e-08,1.2556672031173792e-05,0.0008001546142854749,5.3892010601051185e-08,0.00018416050242937471,9.661198606973612e-05,1.0139596589650872e-11,1.393812147787693e-06,0.05892005323972477,8.836844731075122e-08,1.9081013480245994e-07,5.757639572906975e-08,2.705008002596549e-05,7.448676490211733e-11,1.5746977934859569e-06,0.038471941042629416,1.027567427708331e-06,2.15165063355034e-09,0.0018376570386588033
56,7.096934799642843e-07,0.9276997895768686,1.5537407520868008e-06,2.228554846835866e-06,1.703343413454186e-05,2.759855498653263e-06,2.47715495679666e-08,5.551749270648168e-06,0.0004723328216047979,4.00184441224746e-08,0.00015678706041689252,2.572799612178558e-05,4.978588669562724e-12,7.898303555219102e-07,0.04733117034387492,4.4656146511072754e-08,1.3578407169803984e-07,3.86874416344506e-08,2.8443869684313255e-05,4.4635512512373806e-11,1.16718573990306e-06,0.023041366367345818,8.52671351164191e-07,1.3050327934419494e-09,0.0012114499763531458
57,7.254894524498569e-07,0.9402838043009993,1.6900875921441054e-07,1.9155746563844385e-06,5.364333103627414e-06,9.056745469389552e-07,8.421390845446339e-09,1.7602075022460226e-06,0.00020600696735090715,1.1964654671533214e-08,0.0001512652569048837,4.2399899759026125e-06,9.825868268215983e-13,8.86420295581843e-07,0.04891852215183213,1.04136645448885e-08,5.1149314057160706e-08,3.903492690970688e-08,1.451408463152498e-05,1.1624893030931947e-11,2.758549080914739e-07,0.009111562080341501,7.438020972271041e-07,4.6247852793206037e-10,0.0012972173436049887
58,6.465149520205178e-07,0.9308823985233665,1.4836360237386777e-06,2.0183960155375572e-06,1.596577085044084e-05,2.9114052531211046e-06,2.4167645345149635e-08,5.1353174748488035e-06,0.00040400810085218194,3.869476018300501e-08,0.00013162000051103568,2.566546030089016e-05,5.0196089714842405e-12,7.752048581966299e-07,0.043983963237309916,4.420304736966509e-08,1.3782402885970316e-07,4.025849049747001e-08,2.9465784969072537e-05,4.3429906346980395e-11,1.166581586993204e-06,0.023354615882920718,8.201376179040124e-07,1.4966200869686586e-09,0.0011570533520949733
59,6.815548383756184e-07,0.9286700100453666,1.7683563546820927e-06,2.137142307801913e-06,1.760802999483373e-05,2.9843801758173994e-06,2.6025646324708413e-08,5.379538537043225e-06,0.000432254249938717,4.121964987436602e-08,0.0001436018090149053,2.8024867311296988e-05,5.385045653365834e-12,8.119155767700599e-07,0.04548906273300719,4.840916769111211e-08,1.4606441786393926e-07,4.0219997346492586e-08,3.0044447280465262e-05,4.77529021653407e-11,1.339066756291144e-06,0.02399656455377876,8.78963780986992e-07,1.537701178448306e-09,0.0011765448162612572
60,6.733942959333945e-07,0.928260323036865,1.4881839380101277e-06,2.1023260807720167e-06,1.665357298696477e-05,2.5772654909750563e-06,2.3247533891752605e-08,5.002819336993427e-06,0.00045997791428108945,3.709956303137375e-08,0.00015556882728361734,2.4491700214480138e-05,4.229767124071415e-12,7.7327107723796e-07,0.047509021264175194,4.0389959422658704e-08,1.2779302211234596e-07,3.519941972396172e-08,2.6291523182206745e-05,4.064262546154053e-11,1.1467741032924806e-06,0.02229572518477986,8.463923804839929e-07,1.1913498275239239e-09,0.0012370715838075164
61,6.864409909761746e-07,0.9289932431550242,1.7450699532546988e-06,2.0501753714980643e-06,1.7966299439219338e-05,2.8687003971318375e-06,2.5313251477043007e-08,5.155424816302205e-06,0.00044679704490443095,3.991926021899139e-08,0.0001465361705444642,2.700677596298774e-05,4.9892597412198384e-12,8.092824816782824e-07,0.04583198342539234,4.5765229148051847e-08,1.4265115664981923e-07,3.8246014232310606e-08,2.9501176013409757e-05,4.560018568259152e-11,1.3042087229343583e-06,0.023269125433544906,8.778015755049053e-07,1.4433199112187538e-09,0.0012220500260434843
62,6.733942959333945e-07,0.928260323036865,1.4881839380101277e-06,2.1023260807720167e-06,1.665357298696477e-05,2.5772654909750563e-06,2.3247533891752605e-08,5.002819336993427e-06,0.00045997791428108945,3.709956303137375e-08,0.00015556882728361734,2.4491700214480138e-05,4.229767124071415e-12,7.7327107723796e-07,0.047509021264175194,4.0389959422658704e-08,1.2779302211234596e-07,3.519941972396172e-08,2.6291523182206745e-05,4.064262546154053e-11,1.1467741032924806e-06,0.02229572518477986,8.463923804839929e-07,1.1913498275239239e-09,0.0012370715838075164
63,5.326977245573281e-07,0.9380443085032746,1.0878026517965212e-06,1.7074461875492764e-06,1.3293169446589023e-05,2.2612427125788432e-06,1.687446457396628e-08,3.929595296031065e-06,0.0003999975810994182,2.8045440735554344e-08,0.0001221201335467997,1.727453264599305e-05,3.2113320546279315e-12,5.688940848606308e-07,0.04105034729645905,3.1026059850531906e-08,1.0044856603775548e-07,3.04825696801969e-08,2.376767834491772e-05,3.0184893313593915e-11,8.906027752700957e-07,0.01928167162108527,7.030040746412302e-07,9.297281683478206e-10,0.0010353303583648867
64,6.101271203705106e-07,0.9269983730798087,1.867041783454301e-06,2.090293586981916e-06,1.7494425849964055e-05,2.827593335961019e-06,2.3447585104151405e-08,4.748726746201323e-06,0.00044272419417236094,3.6909024032245066e-08,0.00015519855785242373,2.723421839790808e-05,4.410229553160064e-12,7.712370456286638e-07,0.04840005018079065,4.470839941922747e-08,1.4459469757463043e-07,3.7348985628731054e-08,2.548800122183502e-05,4.713272836845316e-11,1.6547503088017095e-06,0.022735618399600116,1.0015511590249335e-06,1.2905476477780706e-09,0.0011819592704372032
65,1.970363806359778e-07,0.9600151913491998,6.289688969578668e-07,8.768643895969491e-07,8.827756348215866e-06,2.397876087941665e-06,1.1833635072730624e-08,1.234980355287535e-06,0.00017698246531387126,1.134016309882281e-08,4.333586096963823e-05,1.0412735774400435e-05,1.5716981890481219e-12,4.1675208867601554e-07,0.02495386309043021,1.7657143382367216e-08,8.465312424892588e-08,2.696692864102604e-08,1.4436745346354145e-05,2.019879948862059e-11,1.1660290984092603e-06,0.013729141486631605,9.022705758934291e-07,1.053713866461929e-09,0.001039834205633594
66,8.282770747359615e-06,0.9021324315306989,3.094023033697968e-05,1.207852475753337e-05,0.00038701524117197095,1.1526057466280552e-05,4.5098679547762776e-07,2.7337185192264707e-05,0.002698411138878603,4.263549301180471e-07,0.0007566734938699436,0.00011543389588221126,1.1616260232168298e-10,5.214229526191526e-06,0.04822163107807935,5.519537535537418e-07,9.800436610678298e-07,1.461773710375507e-07,0.00019450510563737462,6.851164886563237e-10,4.6879371226998705e-06,0.042153514513658424,2.6750804421524672e-06,1.0638568211623414e-08,0.0032350750301734263
67,2.7135341327884213e-07,0.9453743764153197,8.186429400319667e-07,1.2634651459598617e-06,8.763400828927638e-06,2.7968786610680865e-06,1.5460099344237944e-08,1.942262411496711e-06,0.000234620056586264,1.9215746177666702e-08,7.700434391401388e-05,1.5824548277565435e-05,2.0943470805104924e-12,5.300620643696412e-07,0.03454334172104012,2.2647287464401146e-08,1.123681623778485e-07,3.109944605142079e-08,1.6511534325978355e-05,2.8256447212510673e-11,1.251299230800847e-06,0.018447855406160885,1.06119353094195e-06,1.1551079662573308e-09,0.001271565439948516
68,5.208434448748933e-07,0.8994421528659777,1.8419259252129725e-06,2.21336733944079e-06,1.738537191135782e-05,4.173374249339344e-06,3.368481426419773e-08,7.630781918386375e-06,0.0004402016701444144,5.295310043447464e-08,0.00016594160607071717,5.3345474018136746e-05,5.792352225706531e-12,8.548375660338869e-07,0.06620265263641704,4.773832538127187e-08,1.6709357252958613e-07,4.373023763379482e-08,2.1201275377301487e-05,6.264802466075094e-11,2.1508967566268524e-06,0.032253046995149665,1.0266074034124514e-06,1.705683395998618e-09,0.0013833124961563298
69,5.146624807189007e-07,0.8832782885416065,1.5173337125621094e-06,2.5246636961994066e-06,1.568028453042087e-05,2.1632530000334733e-06,1.5745999075289077e-08,4.767752905756304e-06,0.0006875901648241766,5.046999763241928e-08,0.00040569662479939076,2.7904657092527328e-05,2.6113241086743044e-12,6.357437961782555e-07,0.09185404696233287,2.071027553416309e-08,1.2146938844812558e-07,2.9356847758569482e-08,1.106960479426603e-05,5.922803680877613e-11,1.9906487847544975e-06,0.021860301554310436,1.621882387247505e-06,5.312530323647126e-10,0.0018434473193450285
70,5.966390637257364e-07,0.9247900620260388,2.3837927508923116e-06,3.405071617657597e-06,2.0438515316228138e-05,3.521955791846273e-06,2.6322306120352407e-08,6.122769632498357e-06,0.0007245186075608908,4.923704452960218e-08,0.0002166435066579211,3.091476444142916e-05,4.7052835245585436e-12,6.249634579135407e-07,0.05054292996254921,5.499819591571192e-08,1.0319655947544809e-07,2.6761571313857044e-08,2.1005173988823406e-05,5.900789644967746e-11,1.4821347721152713e-06,0.022435931637475332,1.0202663177086778e-06,8.903533712082713e-10,0.0011981367428232123
71,1.645904262564166e-06,0.9024277633975121,2.7008431212901195e-06,3.912479159404159e-06,3.6297112052432066e-05,4.1444915937620435e-06,9.152271361068567e-08,1.1064104189415807e-05,0.0008602842326555851,9.222870507792742e-08,0.0002590528183695129,5.214820533204416e-05,1.0569771741872679e-11,1.6196079301418565e-06,0.05530201262220625,8.051818869138416e-08,2.765717345360014e-07,4.890747631253935e-08,3.872105710832291e-05,8.321815532572629e-11,1.4498215248257574e-06,0.038523118129490684,1.1297375231270046e-06,2.7232040675730186e-09,0.0024723428701585257
