,0,1,2,3,4,5,6,7,8,9,10,11,12,13,14,15,16,17,18,19,20,21,22,23,24
0,0.0013651255813996697,3.4326045420735937e-06,3.670859157162803e-06,0.007526893511084993,0.00023453254265084112,2.4508973509268515e-05,0.0008507428197878163,1.4809719817869381e-05,2.8469204696524377e-05,3.8633575243177965e-07,0.0003885572480161445,1.9601941306147113e-06,8.17817438585023e-05,3.0509694621519358e-06,1.0244446486572573e-08,7.685140812089019e-07,6.179998206112476e-05,0.9830638032091178,0.00048687608205357207,1.4846717695825206e-07,0.0014694404466532242,2.5924407618966185e-07,0.00433396422240955,5.500163116930133e-05,5.6488883194243165e-09
1,0.000925591421592722,2.7291481457891767e-06,3.835567538971532e-06,0.006142673903252136,0.00019140187885774508,2.695280085368465e-05,0.0008091377513032607,1.24177217934087e-05,4.255886962274119e-05,5.795011256848831e-07,0.00026196747302370023,1.316229404667905e-06,7.882479400401708e-05,3.344507814372296e-06,1.002671162424415e-08,8.466070652143735e-07,3.730053378048724e-05,0.9851187814214464,0.0005736604961598011,1.8633963082230707e-07,0.0014704681242353643,2.1968460811021998e-07,0.004231954281583777,6.323505945195849e-05,5.8569936485372175e-09
2,0.001197642773269011,3.867967118837743e-06,4.45679793356874e-06,0.007258273317416108,0.00029136105155802897,2.9464119543493978e-05,0.0008956863959343186,1.7168204577715336e-05,4.885265292784702e-05,6.079786460347343e-07,0.00041902047086906925,2.179841803940191e-06,8.252315866678745e-05,5.387896807074527e-06,1.569532962482812e-08,8.967597913342686e-07,5.2873848599070936e-05,0.9827823625655516,0.0005032375870425369,2.2885525718047768e-07,0.001539598108174504,3.169582726037729e-07,0.00479712614937177,6.684141058419396e-05,9.434953699050373e-09
3,0.001281528503936783,3.259190430096484e-06,3.5865885144725624e-06,0.006851302564142152,0.00021714315210312387,2.6675145811201676e-05,0.0008309347588197114,1.4548053753462116e-05,3.301423396661374e-05,4.3354431517627416e-07,0.0003768311417661787,1.7918487603185502e-06,8.048220377045004e-05,3.2715014032076544e-06,1.0744291986361973e-08,7.479976745536204e-07,5.3009827507802556e-05,0.9839405135064319,0.0005028643804313947,1.564507887254988e-07,0.001429237298367446,2.7182907559625084e-07,0.004294288839809372,5.409076774381507e-05,5.926384506443262e-09
4,0.0012237743267284134,3.27017364676461e-06,3.5931931703435817e-06,0.006594908637670828,0.0002066087912769209,2.372038065187833e-05,0.0008179801529802251,1.439427201925886e-05,3.2804254571048825e-05,4.3669890418256824e-07,0.0003518355963162905,1.7222018157091094e-06,8.71858680222773e-05,3.443883909753106e-06,9.67320095112899e-09,6.993741664481595e-07,4.834812217337963e-05,0.9847049921723072,0.0004882185422057199,1.632098704074994e-07,0.0014445049323128262,2.7776009598191955e-07,0.003893840189792384,5.326202969101129e-05,5.562499548193821e-09
5,0.1760282146927952,0.002290755638335166,3.755297100894296e-05,0.010886935557721827,0.007648879070274669,0.0016338942779097927,0.25289512005551207,0.0018115061906840888,0.004014022818235298,1.4849657555944985e-06,0.38640889812364804,0.009354749461489112,0.0037167089550293113,0.00014483647990459961,7.630876553986218e-05,9.202921609429737e-05,0.009078988897310812,0.07619310262194785,0.03235083130105806,5.580077095689974e-07,0.017660885484381304,0.0029376205371156954,0.004038113375990313,0.0006361333618971238,6.186917265139668e-05
6,0.001281528503936783,3.259190430096484e-06,3.5865885144725624e-06,0.006851302564142152,0.00021714315210312387,2.6675145811201676e-05,0.0008309347588197114,1.4548053753462116e-05,3.301423396661374e-05,4.3354431517627416e-07,0.0003768311417661787,1.7918487603185502e-06,8.048220377045004e-05,3.2715014032076544e-06,1.0744291986361973e-08,7.479976745536204e-07,5.3009827507802556e-05,0.9839405135064319,0.0005028643804313947,1.564507887254988e-07,0.001429237298367446,2.7182907559625084e-07,0.004294288839809372,5.409076774381507e-05,5.926384506443262e-09
7,0.002325025446941503,3.1227962552202955e-06,3.2700233227005874e-06,0.006140978426614122,0.00016196270330093963,2.407528709683097e-05,0.0008880498981046052,1.796391275109349e-05,2.1747518466175835e-05,3.1033064862688386e-07,0.0005828795252976871,1.592775360181816e-06,0.00014959594684874766,1.9817659658047947e-06,1.0181154481840102e-08,4.850474746670713e-07,4.3120182462259745e-05,0.9856066169347427,0.0005839935072678418,1.2657827564199584e-07,0.0012974773048610748,4.592916294007665e-07,0.0021146351988927093,3.0516151007977634e-05,3.2652571438708256e-09
8,0.0018176366457561314,4.345806737210001e-06,8.03592026350375e-06,0.010638776177560887,0.0003128722541533004,2.688047104526185e-05,0.0005967833584383075,1.0901598258593682e-05,4.5879889516581655e-05,6.89429744130947e-07,0.0003146274244493897,2.363151002312654e-06,9.03708759524264e-05,5.047748859368373e-06,1.2137839858570106e-08,1.1595916510600207e-06,8.325667930935005e-05,0.9754429904776977,0.00032658385901929854,2.526659305383694e-07,0.0013157708650880743,2.035981504513433e-07,0.008793083041203357,0.00016146499226732614,1.1340105698931799e-08
9,0.0008571032386278945,4.38087306972324e-06,6.770711466593969e-06,0.009084296610260225,0.00022519195969000408,2.204915622320056e-05,0.0005529225609062336,1.0589103244442167e-05,4.674702817110997e-05,9.660584853088016e-07,0.00020038321637867309,1.6420611868361127e-06,7.822727182291637e-05,5.935849163057244e-06,1.0261727599230676e-08,1.338847670871967e-06,6.052338308752403e-05,0.9792788154868233,0.00041821209396750316,3.002876700939715e-07,0.0014648343168851782,1.6381924421253497e-07,0.0075334500091635516,0.00014513525329552264,1.0541768555072784e-08
10,0.001281528503936783,3.259190430096484e-06,3.5865885144725624e-06,0.006851302564142152,0.00021714315210312387,2.6675145811201676e-05,0.0008309347588197114,1.4548053753462116e-05,3.301423396661374e-05,4.3354431517627416e-07,0.0003768311417661787,1.7918487603185502e-06,8.048220377045004e-05,3.2715014032076544e-06,1.0744291986361973e-08,7.479976745536204e-07,5.3009827507802556e-05,0.9839405135064319,0.0005028643804313947,1.564507887254988e-07,0.001429237298367446,2.7182907559625084e-07,0.004294288839809372,5.409076774381507e-05,5.926384506443262e-09
11,0.0013400775371485998,3.322098668082203e-06,3.670479784253362e-06,0.006940579541335015,0.0002184106081409449,2.575543774377451e-05,0.0008496636139951372,1.4629522073835965e-05,3.2994375726595015e-05,4.3288726741624427e-07,0.0003801278481911743,1.8609946035698711e-06,9.023059115284229e-05,3.2327806992078557e-06,1.0785003274892919e-08,7.702191527142298e-07,5.3013712330616065e-05,0.9839436547473841,0.0005132009608962226,1.667585247544316e-07,0.0014315516948718088,2.902996925047475e-07,0.004094968123836338,5.7378487718244885e-05,5.894059219650442e-09
12,0.0014491954009049296,2.49823639001195e-06,8.280271973375577e-06,0.0038186132281519997,0.001049005330539001,2.8150168927156744e-05,0.0008301345345462448,7.489476521817198e-06,5.553743671296939e-05,3.8893481040023933e-07,0.0006049811180580817,2.374320990138709e-06,6.126278693583195e-05,7.841739139930302e-06,7.813504754978997e-09,5.168039397409145e-07,8.346840434041965e-05,0.9790235283661115,0.00017381558572611295,3.2617635848597906e-07,0.002884046423244474,1.7073672764468182e-07,0.009743772452136064,0.00016457948895828522,1.4764350537811668e-08
13,0.002745864855817531,6.914670527005673e-06,4.83765511410011e-06,0.0067852461171490405,0.0005107841753712398,2.7248500034585902e-05,0.0017197801039420084,4.255449867606784e-05,4.6015039800201125e-05,3.41428721241577e-07,0.0018411981650886954,8.807181923915321e-06,0.0001429339805116145,8.832552597999666e-06,3.0687593627345975e-08,9.787842235726912e-07,0.00010747337280842292,0.9796923278692456,0.0006664800574471243,2.1438785938120736e-07,0.0024486976170787996,1.0535262003413667e-06,0.0031354312777927525,5.5933370518667886e-05,2.0123956430209236e-08
14,0.0015209727402279698,2.9738565312895807e-06,4.412614765607743e-06,0.007347636244978352,0.0002036024096002138,3.9074613909384095e-05,0.0010145450229476815,1.814905079485236e-05,4.8055033585611505e-05,5.12584985692577e-07,0.0003729975915106031,2.4235327866016347e-06,7.898532082612606e-05,3.7982588615119707e-06,1.599498388925537e-08,1.0946881081527153e-06,5.525709376000934e-05,0.9820343156113436,0.0004792406517414665,1.9246913928596518e-07,0.0012073557601060664,3.1374001760633727e-07,0.005500014707110804,6.405140403085554e-05,9.003346878057803e-09
15,0.001281528503936783,3.259190430096484e-06,3.5865885144725624e-06,0.006851302564142152,0.00021714315210312387,2.6675145811201676e-05,0.0008309347588197114,1.4548053753462116e-05,3.301423396661374e-05,4.3354431517627416e-07,0.0003768311417661787,1.7918487603185502e-06,8.048220377045004e-05,3.2715014032076544e-06,1.0744291986361973e-08,7.479976745536204e-07,5.3009827507802556e-05,0.9839405135064319,0.0005028643804313947,1.564507887254988e-07,0.001429237298367446,2.7182907559625084e-07,0.004294288839809372,5.409076774381507e-05,5.926384506443262e-09
16,0.001407737759742662,3.5626291486627637e-06,3.42591890128429e-06,0.00679688673588435,0.00021358203442782206,2.5079567432356844e-05,0.0008548570845589334,1.7022887885057934e-05,3.173340402343181e-05,4.071830455195327e-07,0.0004298368699763722,2.1600910035999254e-06,8.282646771994164e-05,3.591956714916524e-06,1.1691518787849294e-08,7.393100299601319e-07,5.542704579691256e-05,0.9843742936265422,0.000504150740492357,1.4629687112732338e-07,0.0013991979313756552,3.276573178536584e-07,0.0037461916590130697,4.6797180455461927e-05,6.270121774530047e-09
17,0.0013298457739458357,3.0445351153322104e-06,3.672606630551478e-06,0.006078500160876661,0.00023026150062177285,2.3508676250301677e-05,0.0008408499028859798,1.3679437219970426e-05,3.134715131340499e-05,3.674334085948508e-07,0.00038324211147969467,1.8548606693379365e-06,8.047587023696385e-05,3.3380723671275683e-06,8.56412268121188e-09,6.422295835138709e-07,5.265002132538361e-05,0.9848467531891156,0.00041977980763144887,1.4928348743808104e-07,0.0014997588633973086,2.5730184046932265e-07,0.004101938936240149,5.4068136233379935e-05,5.5740012758690955e-09
18,0.0012801373979568179,4.06092267228329e-06,5.606680666116513e-06,0.0046512770210213415,0.00022925310316186608,2.7041722415367853e-05,0.0010434919217440477,1.54104283787619e-05,4.212521280731235e-05,5.28419947617234e-07,0.0004068536628466896,3.2492093641120894e-06,7.461802815668796e-05,5.928366915482126e-06,1.3236454144027523e-08,1.3796105597082923e-06,8.439061144832338e-05,0.9833344808679096,0.00050448008499306,2.1126952188525583e-07,0.0021659682538197407,2.9853216421931353e-07,0.00602786919743366,9.131035604491927e-05,1.5881596158254643e-08
19,0.001225006055402587,4.340572067460335e-06,3.4939602492478025e-06,0.01094099207229234,0.00029147600300334647,3.681763331324765e-05,0.0009708859433414801,1.6691607680205116e-05,5.034077957923596e-05,6.183872370741326e-07,0.0003573776469841579,2.1838087664523135e-06,9.560907200183461e-05,3.829846887328332e-06,1.4825500042068231e-08,8.885862990909758e-07,5.136528792310848e-05,0.9794481299957047,0.0006088450567403958,1.948768827761683e-07,0.0012083833087154993,3.651231923362252e-07,0.004616717425995886,6.542540673775707e-05,6.717502286955906e-09
20,0.0011076044844496205,2.0030988016743167e-06,4.402251035085116e-06,0.004859144628752475,0.0002281902027531114,1.8427198083415987e-05,0.0006508116695389224,7.774680102760542e-06,2.297328426744701e-05,2.7690294969483595e-07,0.00028538734250348327,1.6195889875567938e-06,4.895816871127721e-05,2.512450673700024e-06,5.541210473927496e-09,7.172162132368094e-07,5.995494566380152e-05,0.9846771974073998,0.000297364949781119,1.2327531109563406e-07,0.0015704827906498837,9.665510200345226e-08,0.006076295629370985,7.766995552447315e-05,5.682163194466225e-09
21,0.001259492577617226,2.2306711242824816e-06,4.364619401501317e-06,0.00432748729130269,0.00015077636166741822,1.0860168573805318e-05,0.0005434481099599569,1.0842178720461762e-05,1.7923345604700075e-05,2.5169826101963126e-07,0.00027193735164222346,1.9669845508078505e-06,6.875390905985495e-05,3.20688664375467e-06,4.287273077662867e-09,6.280010214995134e-07,5.016630963646322e-05,0.9883859018772505,0.00022779813305361308,1.3012694891226823e-07,0.0013368579629992655,1.4541991229526762e-07,0.0032693127366221642,5.5508336588969754e-05,4.654563395034248e-09
22,0.0012672865475244184,3.1818703110046735e-06,3.555713268899135e-06,0.00667930334506923,0.00021048408260060934,2.591887986782498e-05,0.0008028211568545949,1.4383455843121983e-05,3.131097134846812e-05,4.26259158835301e-07,0.0003702050979232555,1.7263753601969037e-06,7.885456219012208e-05,3.1979437641955006e-06,1.0252294355234224e-08,7.284258537716486e-07,5.307077975251598e-05,0.984254073915429,0.0004903001848774824,1.5325590741186383e-07,0.0014259799855045954,2.642702873903202e-07,0.004230684253564777,5.2072746280040076e-05,5.669164003771804e-09
23,0.001281528503936783,3.259190430096484e-06,3.5865885144725624e-06,0.006851302564142152,0.00021714315210312387,2.6675145811201676e-05,0.0008309347588197114,1.4548053753462116e-05,3.301423396661374e-05,4.3354431517627416e-07,0.0003768311417661787,1.7918487603185502e-06,8.048220377045004e-05,3.2715014032076544e-06,1.0744291986361973e-08,7.479976745536204e-07,5.3009827507802556e-05,0.9839405135064319,0.0005028643804313947,1.564507887254988e-07,0.001429237298367446,2.7182907559625084e-07,0.004294288839809372,5.409076774381507e-05,5.926384506443262e-09
24,0.0008109404092066403,3.8201024640152005e-06,2.4205724447430513e-06,0.009658192177606136,0.00016527468925044578,2.0741985790468458e-05,0.0006648502576894163,1.3633237014646677e-05,2.435672648545313e-05,4.83183289487359e-07,0.0002395843025886621,1.24944997193151e-06,6.766013894497388e-05,2.779889750558298e-06,9.034718311085667e-09,6.874281488925432e-07,4.869767298129893e-05,0.982545004272407,0.0006171990933912173,1.2314512548919725e-07,0.0011812380370944976,2.210770699855447e-07,0.0038913145510947357,3.95148034715842e-05,3.7619994239820395e-09
25,0.0010736491681447417,1.9378525827866533e-06,2.7336756971825644e-06,0.004617183135895078,0.0001875571312712241,1.6626552884309556e-05,0.0007640287139172071,1.6341708711043978e-05,1.8887766925548757e-05,2.2399131061092262e-07,0.00039438437745767054,1.6262150068395738e-06,6.182161928958434e-05,2.611683702298601e-06,5.6711363592070426e-09,4.521312220529028e-07,4.045203539420584e-05,0.9883385024364291,0.00030774875972497677,1.1739817205221571e-07,0.0013407681487173175,1.9605157315038167e-07,0.00278271036756462,2.9429949544061864e-05,3.4577257961935035e-09
26,0.0017976785759822814,7.3971564235618455e-06,2.8383535103768665e-06,0.009142136365654033,0.0002459854557295773,3.976823041511543e-05,0.0016376167654474027,4.6913112737932396e-05,3.473751826758759e-05,5.091536110946065e-07,0.0010003022908561497,4.368752949647829e-06,0.00012918151747072455,4.595007932562437e-06,3.3380087103825656e-08,1.160149761850565e-06,8.44673156524957e-05,0.979895061186477,0.0013070683204626286,1.5607602115988858e-07,0.0019340389620151322,1.101319496902948e-06,0.0026536956807316483,2.917921785436776e-05,1.013445180745836e-08
27,0.0015753327087046367,4.641915283262683e-06,3.6494152272155636e-06,0.01018537057985308,0.00027963359223664655,4.7090292546845775e-05,0.001145884986685062,2.0654693046362594e-05,7.29920674978672e-05,6.793534114858255e-07,0.00045529339464610703,2.484347433854355e-06,0.00011446656525815647,4.345998999144909e-06,2.0966310656085208e-08,9.425876812370101e-07,4.475007934056015e-05,0.9796856508371427,0.0007289160692788804,2.0977863430428778e-07,0.0012143645461541936,5.572537369326272e-07,0.004343722533860941,6.833677228797973e-05,8.66474219653398e-09
28,0.001281528503936783,3.259190430096484e-06,3.5865885144725624e-06,0.006851302564142152,0.00021714315210312387,2.6675145811201676e-05,0.0008309347588197114,1.4548053753462116e-05,3.301423396661374e-05,4.3354431517627416e-07,0.0003768311417661787,1.7918487603185502e-06,8.048220377045004e-05,3.2715014032076544e-06,1.0744291986361973e-08,7.479976745536204e-07,5.3009827507802556e-05,0.9839405135064319,0.0005028643804313947,1.564507887254988e-07,0.001429237298367446,2.7182907559625084e-07,0.004294288839809372,5.409076774381507e-05,5.926384506443262e-09
29,0.001281528503936783,3.259190430096484e-06,3.5865885144725624e-06,0.006851302564142152,0.00021714315210312387,2.6675145811201676e-05,0.0008309347588197114,1.4548053753462116e-05,3.301423396661374e-05,4.3354431517627416e-07,0.0003768311417661787,1.7918487603185502e-06,8.048220377045004e-05,3.2715014032076544e-06,1.0744291986361973e-08,7.479976745536204e-07,5.3009827507802556e-05,0.9839405135064319,0.0005028643804313947,1.564507887254988e-07,0.001429237298367446,2.7182907559625084e-07,0.004294288839809372,5.409076774381507e-05,5.926384506443262e-09
30,0.001281528503936783,3.259190430096484e-06,3.5865885144725624e-06,0.006851302564142152,0.00021714315210312387,2.6675145811201676e-05,0.0008309347588197114,1.4548053753462116e-05,3.301423396661374e-05,4.3354431517627416e-07,0.0003768311417661787,1.7918487603185502e-06,8.048220377045004e-05,3.2715014032076544e-06,1.0744291986361973e-08,7.479976745536204e-07,5.3009827507802556e-05,0.9839405135064319,0.0005028643804313947,1.564507887254988e-07,0.001429237298367446,2.7182907559625084e-07,0.004294288839809372,5.409076774381507e-05,5.926384506443262e-09
31,0.0013253366326942354,3.6406209234445162e-06,3.3607605054403685e-06,0.008719053256329806,0.00036664295720133575,3.970331645917287e-05,0.001157697818819627,1.32509859227968e-05,5.665228935308412e-05,4.833735678421665e-07,0.00050929780224641,2.2828385084056846e-06,9.849278749300314e-05,3.920273924873445e-06,1.816220136647028e-08,7.918405438601508e-07,5.303677796754251e-05,0.9800265924091061,0.0006845534316384786,2.0304261287464082e-07,0.0015448502853956407,3.7251623160286076e-07,0.005310585728103674,7.917171782405615e-05,8.374425338930093e-09
32,0.0011919420936199847,3.207287817404207e-06,3.3690553420871297e-06,0.007097280109137173,0.00020447019627216595,2.728361498319653e-05,0.0008303101548331239,1.419824457329283e-05,3.187514148768378e-05,4.555718104586726e-07,0.0003535717688402331,1.6102440799882121e-06,8.093752381991611e-05,2.9918674179645414e-06,1.1397352092089338e-08,7.802158248134829e-07,5.211607914858481e-05,0.9837037068290251,0.0005878079260489492,1.5517112550584864e-07,0.001460590250807053,2.6959917118354737e-07,0.004298283583931159,5.277051146185532e-05,5.562068857261628e-09
33,0.0011230677701264834,3.1905534310635365e-06,4.4249506385407245e-06,0.006644474589373038,0.0002678323730975275,3.618066957476044e-05,0.0008404752277676303,1.2941317499816035e-05,5.4816935979639095e-05,6.509790986309218e-07,0.00034893462868097877,1.5310337868497826e-06,7.104600785201149e-05,4.4469029420736e-06,1.4276419974114858e-08,8.037946451605538e-07,4.5413092020694775e-05,0.9825314301119554,0.0005206951603783504,2.0725701181822623e-07,0.0015320804216845054,2.482923870767076e-07,0.005884311396172338,7.077380956213294e-05,8.447913235000733e-09
34,0.0017826359113056241,1.6813238680167703e-06,2.7452917357245642e-06,0.005536678628142819,0.00018359862098528404,2.041153434279471e-05,0.0007619939187628495,1.0589218152833478e-05,2.413318429123752e-05,2.2546771366781365e-07,0.0003967456916834455,1.103553975134496e-06,8.208416680488865e-05,1.6199881694736645e-06,9.337578332157843e-09,4.3199930371249586e-07,3.320237693096011e-05,0.9863302709777212,0.0004986661288493832,9.857415493270618e-08,0.001220049571385627,2.1421623716792198e-07,0.0030726596440818054,3.81475782378604e-05,3.095585165324626e-09
35,0.0011165568855893261,6.2525397337352296e-06,6.771571572967575e-06,0.01070113582246297,0.000896491029922073,3.7342519644750775e-05,0.0012397401710113822,1.5403539653264642e-05,6.266048350999174e-05,7.810910461312647e-07,0.000790545236789502,2.4790325335036425e-06,9.525548024000249e-05,9.938357538875973e-06,2.8988713378877758e-08,8.970899035288314e-07,0.00010487909697638192,0.9702374850346575,0.0006487776164693778,4.156190991674706e-07,0.003286803411582727,3.056950722777393e-07,0.010612493959384734,0.00012654138147015332,1.8345422612297554e-08
36,0.0011426489373862507,4.131234479194645e-06,2.3796854163284513e-06,0.008007641916026549,8.247924453317528e-05,2.8272627533433034e-05,0.0007853217513352705,2.502515564608585e-05,3.23544693632625e-05,6.11271673499827e-07,0.00022453960629549916,2.0450974460727957e-06,8.003765513047167e-05,3.233024724645315e-06,1.205853634657816e-08,1.1074115003900595e-06,5.211130312580401e-05,0.985131441499125,0.000685144634217216,1.1814712950854528e-07,0.000835365194713816,5.018035224622001e-07,0.0028469008618871453,2.6570647723695244e-05,4.761528675260356e-09
37,0.0013168988878018914,2.6962960555758377e-06,3.7941900896970115e-06,0.00576204557281579,0.0002071959608423583,2.1042408422544035e-05,0.0007563326411875898,1.1631609246014606e-05,2.986029221849046e-05,3.561121870001437e-07,0.0003319882909453759,1.6498928851628273e-06,8.036549165169838e-05,3.0236636376938158e-06,7.587390488195581e-09,6.272576888390827e-07,4.6344544724157174e-05,0.9856297994427712,0.0003859101357032564,1.4730612547598237e-07,0.001390005578568695,2.1570597688689546e-07,0.003960385111278027,5.7670945088108964e-05,5.07469776524912e-09
38,0.0022169051240853296,1.578395989839425e-05,8.883306476043599e-06,0.011867817600067136,0.001158860556163387,2.090637747065652e-05,0.0008763909818505039,2.908271074080789e-05,0.00010066067105611965,7.976847643473254e-07,0.0013133150001914784,7.562385486763992e-06,0.00011991018441351396,2.7515736841650805e-05,1.799414331016093e-08,6.67164202619422e-07,0.0001152562536924519,0.9734797339783484,0.0003361650712517197,2.8491555392524464e-07,0.002465126236941443,7.260272247914326e-07,0.0056990604690186734,0.00013854009538940084,2.9514727100003246e-08
39,0.001290889142595331,3.0012264270489776e-06,3.493824002913167e-06,0.006412753161811217,0.0001966745347829053,2.7179743102666798e-05,0.0008528751688615767,1.596180011661999e-05,2.9539042998089338e-05,4.027468073517348e-07,0.0003748914793535088,1.844880483278688e-06,7.805433157886505e-05,2.958621598344777e-06,9.993199859247309e-09,7.821830793820262e-07,5.399920173045998e-05,0.984596010046839,0.000490778664711875,1.4895529585436482e-07,0.0014293128864434786,2.7251617310290036e-07,0.004089069683997844,4.909058176062959e-05,5.58224882008742e-09
40,0.0031696393574289746,6.610516678590023e-06,6.913048433316745e-06,0.007764920446282442,0.00043002505296325217,4.748466713315624e-05,0.0013520360621907548,2.744164018089969e-05,5.735877813030663e-05,5.743723384604074e-07,0.0009755635081212058,5.29734734428582e-06,0.00014636213639922802,6.461232087086082e-06,2.3683301700449883e-08,1.0922124473531427e-06,0.00010374105326125433,0.9788318258287383,0.000523947973263041,2.4536038913310075e-07,0.00191203355375366,8.23347235724054e-07,0.004556700485173657,7.286286302024997e-05,1.5473703956093718e-08
41,0.0017566590572627844,3.6554339547410894e-06,3.2431108270344326e-06,0.02170423892680564,0.0006146033686799995,7.244083999812446e-05,0.0011970157582289938,1.8692476180911667e-05,8.819398356081844e-05,6.108773501246415e-07,0.0005755963764290929,2.5227128873798293e-06,8.308932303102271e-05,3.131566395296024e-06,4.308391951014243e-08,8.696428192521847e-07,4.3911600184131466e-05,0.9655638623004323,0.0007925097335671484,1.9674424764063757e-07,0.000841538629121164,3.8265469612647366e-07,0.006557466284361427,7.551722750656802e-05,8.287552930597958e-09
42,0.0020829263403479006,6.478704951263624e-06,3.376035171592916e-06,0.010804176324755171,0.00023404185700338998,5.3638878417803066e-05,0.0014178490830822584,3.159438716784595e-05,4.9039535629018335e-05,6.973373976707103e-07,0.0006070170953734398,2.943465380443988e-06,0.00017105885577085254,3.1132798541632185e-06,2.4534709771780596e-08,1.3890049329875158e-06,7.931414432786117e-05,0.9780590395004777,0.0013250641147214731,1.8905782227998045e-07,0.001648393205543717,1.0755042533895432e-06,0.003363164866302895,5.438725148792994e-05,7.635117285105789e-09
43,0.0008663502151412097,2.4251621319338492e-06,3.000020070055657e-06,0.006669221168649633,0.0001858144168506925,4.2885059772891105e-05,0.000659904859126248,1.567017036594792e-05,3.774657388169361e-05,7.497589758757224e-07,0.0002821702213480637,8.390345886472644e-07,6.938414746989433e-05,2.736707415698691e-06,1.2812358208772372e-08,7.258223012417789e-07,3.597184151477617e-05,0.9844921575648187,0.0006799197867683234,1.9455748367413506e-07,0.00146746270075545,2.86761887318491e-07,0.004441879066291987,4.248722659215833e-05,4.343439603497722e-09
44,0.001281528503936783,3.259190430096484e-06,3.5865885144725624e-06,0.006851302564142152,0.00021714315210312387,2.6675145811201676e-05,0.0008309347588197114,1.4548053753462116e-05,3.301423396661374e-05,4.3354431517627416e-07,0.0003768311417661787,1.7918487603185502e-06,8.048220377045004e-05,3.2715014032076544e-06,1.0744291986361973e-08,7.479976745536204e-07,5.3009827507802556e-05,0.9839405135064319,0.0005028643804313947,1.564507887254988e-07,0.001429237298367446,2.7182907559625084e-07,0.004294288839809372,5.409076774381507e-05,5.926384506443262e-09
45,0.0013944734554705665,2.561324460461221e-06,2.171697367360295e-06,0.01739068999502774,0.0003685735092884514,7.008771021968986e-05,0.0020085346363049855,2.2315025762548083e-05,7.253890804996849e-05,4.456375958315785e-07,0.0004534761903625861,2.152653148007588e-06,0.00011459353120568695,1.7767526994361372e-06,3.769430923650025e-08,1.0334691381491305e-06,2.9852130069770392e-05,0.9719288451755675,0.0011483332732592053,2.042123966516089e-07,0.0008228013816556938,4.434322203162679e-07,0.004110323307087458,5.372970011342767e-05,5.197218901439842e-09
46,0.004242419682813734,8.237363697385845e-06,4.8863080374039775e-06,0.01241430142787744,0.0002525201023278653,2.869521888507746e-05,0.000996313191161159,2.9750726883994694e-05,1.4831780134230471e-05,3.3673459306588435e-07,0.0008308842589100372,5.527627567568742e-06,0.0001546841460337821,2.637255474678929e-06,1.5410467766766583e-08,1.3777089470899527e-06,0.00027281331299701953,0.9739893894373344,0.0006089332812174038,1.2850317201532315e-07,0.0016921426317829408,7.654103752282003e-07,0.004394274555911651,5.412665621820605e-05,7.2671790635162195e-09
47,0.003149824671462691,9.412596330811216e-06,5.21127058312355e-06,0.008407109114728107,0.000216809477375683,3.3144493645895855e-05,0.001290048934598145,2.658264591605616e-05,4.409835597462422e-05,5.77644586594703e-07,0.0006354441469360519,5.74871392650596e-06,0.0001953354482179826,4.18803331490237e-06,1.7885901342243454e-08,1.7003051715712937e-06,0.00010773466133499632,0.9804028992252524,0.0007421776041588796,1.929832789510238e-07,0.0014291559329334218,9.466043119296723e-07,0.0032100634539319215,8.156367369308605e-05,1.2122434162921385e-08
48,0.0013936145434276582,1.0275271142752664e-05,3.1090003724620072e-06,0.01348723973196426,0.00010358632475177329,2.3846849598555016e-05,0.0006461067819059696,2.5606643165674878e-05,1.4879965876600544e-05,7.663711028793959e-07,0.0002588690245948758,1.7203465438898914e-06,9.463158689012852e-05,2.8042986774458927e-06,1.1836426858235824e-08,1.2574325462914614e-06,0.00014452822284185575,0.9775103688053095,0.0009031021475731361,1.1016825441809478e-07,0.0013148780905012257,4.7480935280844047e-07,0.004029196117780243,2.9011483975405695e-05,4.145423512735832e-09
49,0.001569290600316475,2.9692736442721417e-06,4.343788562725172e-06,0.005964158037275705,0.00021247458913002505,3.17323582883497e-05,0.0008870410976295644,1.662233581021669e-05,3.342129398638783e-05,3.976226722549546e-07,0.00040837949201066864,2.3645021594307606e-06,8.479245864898844e-05,3.1441570287804133e-06,8.607853035112313e-09,7.755773634444047e-07,5.431901484234426e-05,0.984916082594812,0.00035653412806703596,1.652804258570585e-07,0.0012998932835735836,2.8260669443947324e-07,0.004096685823986747,5.4115432069234164e-05,6.043148617067006e-09
50,0.0010199016532343298,3.797959052783464e-06,3.4192639784016e-06,0.0068966597096587956,0.00017961508436730778,2.6922258119531057e-05,0.0010473549205691974,1.971339051580819e-05,4.0305861844838315e-05,6.157940924304007e-07,0.00031508549367534707,1.5567739895064942e-06,0.00010220767360671211,4.032607335274132e-06,1.1071951772724696e-08,7.169677949772884e-07,3.876011541095924e-05,0.9847534351504988,0.0007108291187404152,1.6878846658424385e-07,0.001645567942948103,3.7718510700348495e-07,0.003148891832852492,4.0048037692459255e-05,5.344496086970716e-09
51,0.0010605582331676083,7.742528065188684e-07,3.722797654716545e-06,0.0026733481418276432,0.0002527259669968938,3.054628448670496e-05,0.0009194746578093772,5.6033438497538554e-06,3.2331952098851635e-05,2.1277568143349667e-07,0.00031968085516685836,1.0120297785018355e-06,5.013133830848304e-05,1.8395847290644223e-06,6.0065849189969154e-09,5.542073088578288e-07,3.91511563974503e-05,0.9851926893163663,0.0002993486633768397,1.66125192452981e-07,0.0018779726671276857,1.0004752449324935e-07,0.0071504768074125,8.756755716474117e-05,5.231181248501369e-09
52,0.0005059448123392772,8.862105560921951e-07,1.156434374823894e-06,0.005486675122991821,4.505451117257093e-05,1.9531117805762016e-05,0.00021536794720594424,7.400783152249762e-06,1.641517995803462e-05,4.914524303823708e-07,9.210138014849679e-05,2.719154600869682e-07,4.0664761414516895e-05,9.323874689216082e-07,6.050020192039202e-09,4.269304987342588e-07,1.192568705548736e-05,0.9906148099775112,0.00045213260005457173,1.0058632260855702e-07,0.00038027844967680903,1.1733354508748703e-07,0.0020893280363008127,1.7979301654877535e-05,1.0308806583059925e-09
53,0.0013515278098581041,5.136136070523414e-06,4.124303293242609e-06,0.009106232568749784,0.00022023874128096162,1.92099443313113e-05,0.0004075397858536614,1.2011583709959e-05,2.348966088489869e-05,7.299751852067493e-07,0.00031981330425939655,1.07498100971009e-06,0.0001007048489131548,3.067843988361226e-06,9.742010868166628e-09,7.734181623357663e-07,7.013278233372229e-05,0.9823392197232235,0.0006702630516074237,1.5926416344154692e-07,0.0016119588859050643,3.1049206460030754e-07,0.0036682590652233425,6.400759118041065e-05,4.496736866834462e-09
54,0.0018027440863750913,1.2628054714225997e-05,8.542885351731785e-06,0.01014625559289112,0.00043580157266593365,4.203583490480421e-05,0.001653217750520181,2.7075908828050947e-05,0.00012231155315400844,1.2369208344492685e-06,0.0006098779439323209,8.03485930576334e-06,0.00014172720490795648,1.3842949332881304e-05,3.804059169512785e-08,2.6782249245120727e-06,0.0001046031410245679,0.9752891595821913,0.0007982627613204722,3.9399732870715356e-07,0.0019655169125028476,7.213077520119238e-07,0.006643358786242907,0.00016989287344551957,4.1254957247105455e-08
55,0.0013030047532702673,3.0882096741099577e-06,3.558051406178393e-06,0.006926819420562482,0.0002377696042727788,2.752965412901886e-05,0.0009461813726887663,1.405985128341747e-05,3.752408351058601e-05,3.886791659460468e-07,0.00038615918415830586,2.1374392928168467e-06,8.147993293684464e-05,3.266113773931387e-06,1.0623163929232741e-08,7.636997825681454e-07,4.938974744234118e-05,0.9837023897471563,0.00048081973034854353,1.5596748381574709e-07,0.0013672930751312028,2.6292295864342196e-07,0.004364639727590764,6.130199373067743e-05,6.415085918390948e-09
56,0.0013201674164302771,3.3158797529565447e-06,3.63265884361799e-06,0.006853700924130586,0.00021395574351868121,2.6620570467531496e-05,0.0008455022594043329,1.4767562815873988e-05,3.3047440932186654e-05,4.337310201414352e-07,0.0003789280963139521,1.8407058904679925e-06,8.498807383903857e-05,3.2646680725775766e-06,1.0689298122294403e-08,7.525610809388637e-07,5.30610497322815e-05,0.9839718472551173,0.0005058942423386511,1.5958927898515058e-07,0.0014306829200558453,2.8433641373392247e-07,0.004198348633123449,5.478708523032696e-05,5.90689797535712e-09
57,0.0012806175955834473,5.78426494062631e-06,4.0844846688954946e-06,0.007384752249038873,0.00023042477493719781,2.5590784001382163e-05,0.0011067224471297606,1.8175837549241358e-05,3.491366865819634e-05,5.96968801250167e-07,0.0004303765176439744,2.458495467679337e-06,0.0001196664439656587,3.872532914498285e-06,1.3741363622089382e-08,1.2147890881402924e-06,7.664415084148011e-05,0.9821939631503417,0.000991563781721602,1.7475768124026186e-07,0.0022379662035733727,4.321884687365072e-07,0.0037820849741992167,6.789679520412029e-05,8.402215963676144e-09
58,0.0012633865167195812,3.3003105732612573e-06,4.058423299102219e-06,0.007155476312263438,0.0002587120581919129,2.703239446427235e-05,0.0008885115538235156,1.2134247033860764e-05,3.902263386596918e-05,4.5746896283664067e-07,0.00036330808772249145,1.877275454973272e-06,9.263384157571808e-05,3.345111381779087e-06,1.1006040107544758e-08,8.429744365469946e-07,5.245377520139712e-05,0.9827666028821977,0.0005226938435507138,1.929129625760929e-07,0.0015509830768459395,2.519173861300143e-07,0.004910981313512374,8.172324845487002e-05,6.814078892495564e-09
59,0.0012106299554311049,3.2872645981637725e-06,4.341156872989762e-06,0.006600714949651724,0.00025133978143770404,2.6010081772397e-05,0.0008337562737566183,1.2259297818652505e-05,3.670795490478749e-05,4.773800356594051e-07,0.0003493623050018867,1.7905641716246286e-06,8.619166709047626e-05,3.5591913127265294e-06,9.94032209832288e-09,8.433126022850944e-07,5.5386647955706344e-05,0.9833745448712313,0.0004799237084631702,1.9251116925311335e-07,0.0016403967048363552,2.3789571514208697e-07,0.004949723716716212,7.830598657099329e-05,6.880560868462854e-09
60,0.001281528503936783,3.259190430096484e-06,3.5865885144725624e-06,0.006851302564142152,0.00021714315210312387,2.6675145811201676e-05,0.0008309347588197114,1.4548053753462116e-05,3.301423396661374e-05,4.3354431517627416e-07,0.0003768311417661787,1.7918487603185502e-06,8.048220377045004e-05,3.2715014032076544e-06,1.0744291986361973e-08,7.479976745536204e-07,5.3009827507802556e-05,0.9839405135064319,0.0005028643804313947,1.564507887254988e-07,0.001429237298367446,2.7182907559625084e-07,0.004294288839809372,5.409076774381507e-05,5.926384506443262e-09
61,0.0011794715496709488,2.910119230740471e-06,4.303934583956053e-06,0.0060746149705475875,0.00024368231415575187,2.4380123085891743e-05,0.0008062855250292764,1.1367098011968175e-05,3.640218876136309e-05,4.432807568614323e-07,0.0003312740349868923,1.65689449316665e-06,8.283647543863439e-05,3.4402230863429185e-06,8.653261279098756e-09,7.511294862599313e-07,4.900784297574662e-05,0.9842502824068793,0.0004371975908715302,1.831068513619418e-07,0.0016181067084188238,2.134356226389978e-07,0.004764404160023315,7.67699317792149e-05,6.30199134969577e-09
62,0.001281528503936783,3.259190430096484e-06,3.5865885144725624e-06,0.006851302564142152,0.00021714315210312387,2.6675145811201676e-05,0.0008309347588197114,1.4548053753462116e-05,3.301423396661374e-05,4.3354431517627416e-07,0.0003768311417661787,1.7918487603185502e-06,8.048220377045004e-05,3.2715014032076544e-06,1.0744291986361973e-08,7.479976745536204e-07,5.3009827507802556e-05,0.9839405135064319,0.0005028643804313947,1.564507887254988e-07,0.001429237298367446,2.7182907559625084e-07,0.004294288839809372,5.409076774381507e-05,5.926384506443262e-09
63,0.0013139037927613862,4.239300257205452e-06,3.7190755853391096e-06,0.0076124521216311145,0.00022020224779602086,2.7201817329424084e-05,0.000838661152912156,1.5969518137979254e-05,3.3908159387222944e-05,5.072694158009671e-07,0.00039193263957866065,1.989578662489547e-06,8.816101769368938e-05,3.623780236286883e-06,1.2195094122550761e-08,8.626603755034057e-07,6.193249666612873e-05,0.9829094093103227,0.0005785950272738153,1.658821664479375e-07,0.0014891100413661302,3.2117959264012347e-07,0.004345909660731644,5.720338562316398e-05,6.689402975111997e-09
64,0.0011300533917697818,2.948380310169166e-06,3.8018653666505555e-06,0.005452324180519226,0.00020536091343384768,2.0769919681535467e-05,0.000781332419587881,1.2655888185666902e-05,2.605766091083487e-05,3.910857492983793e-07,0.00034443635108837484,1.4907892045035433e-06,7.766355563679672e-05,3.2259303110419936e-06,7.982579769528269e-09,6.76865635825694e-07,5.473075751221549e-05,0.9853478999972686,0.00047924695063248317,1.4996943192344142e-07,0.0018588628197713723,2.2152232555037962e-07,0.004143363340242733,5.2322172860320674e-05,5.2899835266616196e-09
65,0.0012761777255758543,3.116262526538856e-06,3.4407788497152943e-06,0.006898096999246196,0.00021493755410115326,2.7137513020808328e-05,0.0008368703319677648,1.4417579010011053e-05,3.1655510696877556e-05,4.1516301037882355e-07,0.0003776499705575864,1.750369826148452e-06,7.846420575545227e-05,3.059264085421739e-06,1.0793617597835882e-08,7.387998188558149e-07,5.3058198420452255e-05,0.9838839252815677,0.0005109602117706576,1.5096565388121424e-07,0.00141246583069121,2.655105230723242e-07,0.0043189966810098365,5.223282635659604e-05,5.672340110020208e-09
66,0.0015379694157079745,1.6108703247109745e-06,4.682771760355049e-06,0.0033346615063287147,0.00018345563837864523,1.1813888423076167e-05,0.000726449662994833,1.5105356416454107e-05,2.169864867446216e-05,2.559253118575362e-07,0.0003641557288095362,1.1808571715513968e-06,0.00012333021436092666,2.6396322627061007e-06,3.803212881748396e-09,3.2990479577058297e-07,2.122185548542057e-05,0.9907510764316129,0.00021847156447192594,1.6338676002852244e-07,0.0013340758563750012,2.162221126723509e-07,0.0013164149029180382,2.901355524194826e-05,2.40008756683068e-09
67,0.0003630668967875163,3.639580582767515e-07,4.424058243272436e-06,0.0016838239878500354,4.898616664130786e-05,5.59469323209476e-06,0.0001223513514293824,2.9362041188245665e-06,3.0319863829340324e-06,2.0430365359953364e-07,6.247073252939007e-05,1.3597025110705994e-07,1.7166697832601513e-05,1.2282999499350578e-06,7.717608137715501e-10,2.3757211301270138e-07,3.5697945902785935e-05,0.9889395883046528,8.025456904343655e-05,1.0125038000005232e-07,0.0017298436865406351,1.166183878949796e-08,0.00687252797513697,2.5950012554010796e-05,9.43116660566603e-10
68,0.0010077472073875362,2.443481829449838e-06,5.4001306720989695e-06,0.006454445602302128,0.00034104743409480267,2.9688897602798086e-05,0.0008639927324800305,9.563336076238392e-06,6.493464841174626e-05,4.967157671507119e-07,0.0003296051270402646,2.161102177379083e-06,6.898671241597338e-05,5.9560568174328465e-06,9.511049067338761e-09,6.393896889422835e-07,3.780975896649988e-05,0.982219269697047,0.0002743134574702139,2.5024058132165715e-07,0.0013312590876361377,1.6378495131312358e-07,0.006843459838917596,0.00010634631226565391,9.736351063931972e-09
69,0.0009028681117614418,2.1903039029889135e-06,3.7549253099805356e-06,0.004807596723672478,0.0001595996197999759,2.1188196749938696e-05,0.0006745161232275563,1.1992123225652163e-05,2.697022534312436e-05,4.105521674017952e-07,0.0002591423607489667,1.2818431796708037e-06,6.096918588525212e-05,3.232311496857881e-06,6.736749860898306e-09,6.404178794473098e-07,4.018846990696796e-05,0.9868869342772322,0.0003687793140856897,1.533421238980949e-07,0.0014926140860666386,1.6485291100674714e-07,0.004227124632739812,4.7676356660082946e-05,4.907173185520361e-09
70,0.0015032594690491642,2.6383550687313703e-06,4.098006956523352e-06,0.013169162514786038,0.0005390970627893807,4.30284759543598e-05,0.0013066305413085254,1.603687105567566e-05,6.93319170247687e-05,3.872531935142474e-07,0.0004944862226370942,2.212363563902355e-06,7.720011779701324e-05,4.103959413439693e-06,1.712287892323731e-08,4.915936327817517e-07,3.7791097956251994e-05,0.9746190943951609,0.0004001340821277364,1.8322634523590247e-07,0.0011462916773353384,2.3725489367094808e-07,0.006500272503141817,6.38071521094886e-05,6.763819658075096e-09
71,0.000603907299711144,2.7163638979624223e-06,3.913125956141783e-06,0.004497212682851404,0.00028273282218253836,1.8674267469901622e-05,0.0008724882134266899,1.0450259304577805e-05,4.903018231435101e-05,4.845345347212544e-07,0.000234024357741559,1.2976668773420185e-06,6.033378702152538e-05,5.597730747683874e-06,6.227611961724521e-09,6.011014838732924e-07,3.258973332630627e-05,0.986276601816445,0.0003493366121343275,2.1703546963700307e-07,0.0019483406180084266,1.5171019324799313e-07,0.0046802246078620335,6.906062783835927e-05,6.615589395887938e-09
