,0,1,2,3,4,5,6,7,8,9,10,11,12,13,14,15,16,17,18,19,20,21,22,23,24
0,8.43639123100276e-05,1.6507363625458429e-09,4.042129366433858e-08,0.006363756287443936,2.223790424058262e-06,2.0488514935312986e-06,1.9052654973115772e-05,3.6819630293828933e-06,9.67362700332807e-09,1.203479003985596e-07,4.0469560854598734e-05,0.00010102140705613813,4.774627503123463e-05,0.00048257332462769997,6.852751873996333e-08,0.0009041715789551403,0.0001712588700991644,0.9913143403707544,1.727581947879116e-07,0.00030676394764679496,2.878184306111012e-05,4.0672716950545817e-07,0.00012362862326459955,3.2162997494942122e-06,8.033278522654784e-08
1,8.752574856428867e-05,1.523058405817839e-09,4.303836958699212e-08,0.006837849231685331,2.2314941317622146e-06,2.0875187023385627e-06,1.8283667235164636e-05,3.938617064979956e-06,1.0014179179607025e-08,1.3363892402000696e-07,4.016764644807828e-05,9.366544070642476e-05,5.438175125105622e-05,0.0004348070806700748,6.278782126463327e-08,0.001013419239720138,0.00017484365333198803,0.9907522098121451,1.8705628641181546e-07,0.0003342276411395505,2.7986779622658372e-05,3.897662500188862e-07,0.00011825742339901983,3.220677060104235e-06,6.875223297299747e-08
2,9.351917924073667e-05,1.3829697274349362e-09,3.8630838450088286e-08,0.007634967558135904,1.993756711319996e-06,2.330611310391274e-06,2.4577367492495638e-05,3.3373479110871005e-06,8.584321252988221e-09,1.15513686128989e-07,3.310827153085959e-05,0.00010090030310943877,4.9286746533671275e-05,0.00044400983666079976,4.9063093174756754e-08,0.0011624774816073515,0.00019608024562848782,0.9898387831453657,1.7540882486246062e-07,0.00026306439080962866,2.9239714023238873e-05,4.5363216298430615e-07,0.0001177469037352214,3.6638669662125354e-06,7.105733084898217e-08
3,8.5061633613097e-05,1.5370687296958456e-09,3.9338300298878766e-08,0.00656385736159239,2.136555367536117e-06,1.9800169878444885e-06,1.8471677417783682e-05,3.7916369426654903e-06,9.508265327585277e-09,1.2218231755859487e-07,4.0164484157039964e-05,9.605182543405663e-05,4.990395529451194e-05,0.00045942312808309235,6.491540289274128e-08,0.0009182894599275163,0.00016714642743557114,0.9911295518066644,1.697564200536445e-07,0.00031390319448132035,2.7107417023728355e-05,3.8373126478723283e-07,0.00011916738878676845,3.126908096792231e-06,7.415365436716641e-08
4,8.492352739776158e-05,1.475763544656366e-09,3.8229908597428156e-08,0.006333519883562465,2.09104652890302e-06,1.941078780690938e-06,1.8027035395391166e-05,3.736204742745868e-06,9.164467550065193e-09,1.2119107403975263e-07,3.8303682323427484e-05,9.113465558129761e-05,5.1609057533946804e-05,0.0004506704353519999,6.177444311766352e-08,0.0009142077236512947,0.00016488440860446633,0.9913878604100282,1.7340292875145336e-07,0.0003119734371987842,2.5656398475953673e-05,3.631201687925566e-07,0.0001154468708197647,3.175152191437883e-06,7.063307733568242e-08
5,0.0031496236632644206,8.524808266123606e-09,7.918457384274726e-06,0.013431279332983227,0.00014370148222173,1.0634662392936886e-05,0.0019004019919655172,6.435214446349665e-05,3.0123744625889447e-07,6.184798646729328e-06,0.0005895233124351496,0.005893138843854095,0.0009499455987539119,0.013486981275069306,7.352623814698089e-07,0.00715396808009752,0.010579104548897541,0.9364051353097818,2.3067434453059337e-06,0.003652464415728516,0.0009028936900325804,7.939441151155484e-06,0.0015157725966747468,0.00014050128298107178,5.183303138819292e-06
6,8.5061633613097e-05,1.5370687296958456e-09,3.9338300298878766e-08,0.00656385736159239,2.136555367536117e-06,1.9800169878444885e-06,1.8471677417783682e-05,3.7916369426654903e-06,9.508265327585277e-09,1.2218231755859487e-07,4.0164484157039964e-05,9.605182543405663e-05,4.990395529451194e-05,0.00045942312808309235,6.491540289274128e-08,0.0009182894599275163,0.00016714642743557114,0.9911295518066644,1.697564200536445e-07,0.00031390319448132035,2.7107417023728355e-05,3.8373126478723283e-07,0.00011916738878676845,3.126908096792231e-06,7.415365436716641e-08
7,0.000100170073966021,1.5020729337948091e-09,4.373318755352457e-08,0.00689414007836461,2.309784882201428e-06,1.925313236360204e-06,2.060219792352866e-05,4.368474109092568e-06,1.0050979051504624e-08,1.4474802610113762e-07,4.3186508118318914e-05,9.54351509990719e-05,6.0129654095024813e-05,0.0004815741607198606,6.462013992875027e-08,0.0009640026715648511,0.00018050350009819792,0.9906636174783898,1.9041210014173526e-07,0.00034346410617831975,2.5080092247127987e-05,3.8606353516091997e-07,0.00011510120885728743,3.472926089187735e-06,7.549012021602447e-08
8,0.00011806854514469333,2.0166330972680342e-09,6.01052803509309e-08,0.008238578970968208,2.7051754751800225e-06,2.2922917691241765e-06,2.4976383236449214e-05,4.937809401504475e-06,1.2545621178067879e-08,1.8046370641891088e-07,5.1383285741285667e-05,0.00012957175544278793,6.382658709221825e-05,0.0006135101697027215,8.273285321817804e-08,0.0010829801473277588,0.0002210885145238161,0.9888619631068462,2.1259222496350704e-07,0.00038972335332446476,3.400515812665281e-05,5.140195346068715e-07,0.00015476045734049467,4.4539206188038655e-06,1.0989206393064609e-07
9,0.00010435028335819265,1.8952714044398206e-09,4.748929367727404e-08,0.007806785777166468,2.3301738438416723e-06,2.0162257917932975e-06,2.052120632226374e-05,4.514857993806157e-06,1.1293683956783995e-08,1.5035859760004012e-07,4.93030050148648e-05,0.00011096577617295313,5.407848644304706e-05,0.0005498861146685207,8.007528538523554e-08,0.0009281148501525676,0.00018625350729609323,0.9896528458554039,1.8110837675761496e-07,0.00035094316356383754,2.9739968396729682e-05,4.492188329489982e-07,0.00014270767422945935,3.6242062334506376e-06,9.742860629788539e-08
10,8.5061633613097e-05,1.5370687296958456e-09,3.9338300298878766e-08,0.00656385736159239,2.136555367536117e-06,1.9800169878444885e-06,1.8471677417783682e-05,3.7916369426654903e-06,9.508265327585277e-09,1.2218231755859487e-07,4.0164484157039964e-05,9.605182543405663e-05,4.990395529451194e-05,0.00045942312808309235,6.491540289274128e-08,0.0009182894599275163,0.00016714642743557114,0.9911295518066644,1.697564200536445e-07,0.00031390319448132035,2.7107417023728355e-05,3.8373126478723283e-07,0.00011916738878676845,3.126908096792231e-06,7.415365436716641e-08
11,8.489162564065656e-05,1.4902207828851954e-09,3.89353286306568e-08,0.006387433257326536,2.095293940211573e-06,1.9664781460100164e-06,1.8166056925184834e-05,3.863722897091478e-06,9.35863591578165e-09,1.231666156163981e-07,3.8695653119453554e-05,9.328497557861066e-05,5.2430247933996384e-05,0.0004433929687016502,6.255576342961479e-08,0.0009245042286119351,0.00016684922530024005,0.9913224575863001,1.7360548406145746e-07,0.0003145897861454355,2.606279416942291e-05,3.721777955656533e-07,0.00011528511922447166,3.1791299601004293e-06,7.056023496033258e-08
12,0.00014063812931952653,1.9494975126269695e-09,6.208707841513111e-08,0.008183193853797052,2.0014519596485284e-06,2.024606661431711e-06,2.2994582957666095e-05,7.88941206179289e-06,1.2600998122531076e-08,1.7212045661367288e-07,5.08381784012468e-05,0.00012042993323110979,7.680104406325397e-05,0.000424942005675944,8.624280808280121e-08,0.0012242221714854993,0.00022156470465930196,0.9890672694015307,2.500911064583815e-07,0.0003112737310876528,3.1268325677487e-05,5.870390309643189e-07,0.00010740469053609019,3.999974626104975e-06,7.167129261505186e-08
13,8.977185696185802e-05,1.5101050152060888e-09,4.6145033015199134e-08,0.006744781919706199,1.995908406761216e-06,1.4933033554280722e-06,1.454745453377983e-05,4.6492724159542615e-06,1.0058349938795241e-08,1.2730078989521264e-07,5.852176063045212e-05,0.00011714610114369228,5.05713730324029e-05,0.0005434759044009284,9.158904660025671e-08,0.0008587608193106187,0.00014589574486891657,0.9908528853450075,1.4724149637768494e-07,0.00035278163845136343,2.972017661375179e-05,3.404337653968099e-07,0.00012966063481774823,2.5021027646694246e-06,7.440499156216608e-08
14,0.0001602159246198429,1.929288868056099e-09,6.683699669284142e-08,0.008916883728254742,2.8077820389225488e-06,2.6250002828791213e-06,3.7002647081051016e-05,6.178250606290495e-06,1.52717306616114e-08,1.85330088223928e-07,5.2113164847670224e-05,0.00019609053929178845,6.465672401315299e-05,0.000707721725664834,8.66676783472891e-08,0.001255185228542042,0.00031299601861507856,0.9876951689957736,1.9341654943285752e-07,0.0003479558705411057,4.880551289721512e-05,6.77489042494834e-07,0.0001866947009768179,5.525174676339583e-06,1.460699017063526e-07
15,8.5061633613097e-05,1.5370687296958456e-09,3.9338300298878766e-08,0.00656385736159239,2.136555367536117e-06,1.9800169878444885e-06,1.8471677417783682e-05,3.7916369426654903e-06,9.508265327585277e-09,1.2218231755859487e-07,4.0164484157039964e-05,9.605182543405663e-05,4.990395529451194e-05,0.00045942312808309235,6.491540289274128e-08,0.0009182894599275163,0.00016714642743557114,0.9911295518066644,1.697564200536445e-07,0.00031390319448132035,2.7107417023728355e-05,3.8373126478723283e-07,0.00011916738878676845,3.126908096792231e-06,7.415365436716641e-08
16,7.500548241316538e-05,1.2717112108023683e-09,3.366145360235789e-08,0.005897500747984017,1.8624201374387693e-06,1.7925613492559652e-06,1.5810579467285177e-05,3.289340433845858e-06,7.896452472487414e-09,1.0280673338458485e-07,3.6208598400967385e-05,8.649902017647499e-05,4.5495092644648406e-05,0.0004245821332643356,5.786502832173775e-08,0.0008841343112259388,0.00014523418235108345,0.9919591802624229,1.5247441843908896e-07,0.0002875938551544034,2.5211322148632104e-05,3.172776887612329e-07,0.0001071654174377008,2.7016974637985718e-06,5.972203773739481e-08
17,5.7839289342573155e-05,1.775791238935254e-09,3.327682376462078e-08,0.003031383638892718,1.747615847789188e-06,2.0804915360953607e-06,7.000865953622421e-06,2.5898424870526328e-06,7.727297903219874e-09,1.1771167112506142e-07,3.007233678485438e-05,3.422703658767962e-05,4.46066238564841e-05,0.00023524645180200685,7.07342951323798e-08,0.0007299954527283519,0.0001252606543948839,0.9953159547137591,3.1069765734907945e-07,0.00026195083483310987,2.19908339816685e-05,2.2987731201946194e-07,9.460493324311551e-05,2.63687870495531e-06,3.970441535252596e-08
18,0.00015828592271145938,1.331662048744999e-09,7.845838096761859e-07,0.10012781896585732,3.5645378635496415e-06,6.045392104121692e-06,4.786820174481358e-05,5.637803892919813e-05,3.263905510143987e-08,1.5777049703010977e-06,0.0004389599681214009,0.0012597491308927592,0.00032288468187095803,0.0008033329996639992,3.1240400328041384e-07,0.020760525796471373,8.22625013553244e-05,0.8736563585406564,2.3345464130875014e-07,0.0020698766739544495,9.855430953459208e-05,1.0332633205980894e-06,0.00010103846966726266,2.497728706876659e-06,2.2758431903651196e-08
19,7.083845038533053e-05,1.3760667558736356e-09,2.8442089792590897e-08,0.005447208226267198,1.6612942344405888e-06,1.4916205185378216e-06,1.1863314041168722e-05,2.8574666133743696e-06,7.346157753160177e-09,8.557413989400152e-08,3.60724199996553e-05,6.7816927406669e-05,3.7200007700521417e-05,0.00041337694018653265,6.081323866706875e-08,0.0007217779625009999,0.00012689957735446521,0.9926704187481031,1.4635692287746613e-07,0.0002572682698472373,2.2686069888460964e-05,2.76514454495027e-07,0.00010760201293417157,2.2966045310678518e-06,5.766441656797369e-08
20,0.00027527468444342923,4.899034046093206e-10,6.545868152111948e-08,0.0068404775352332485,6.8349997454064395e-06,1.774813833508985e-06,7.722930648440224e-05,2.5523149716753177e-06,1.0793912036791646e-08,2.9060842559728087e-07,4.5289437274405744e-05,7.619730845589582e-05,0.0001314780129878559,0.001252198738920143,2.3484035240771135e-08,0.0013748295408934305,0.00046123435271543963,0.9885166954123488,2.491452207595045e-07,0.0007080805097528834,2.052594389133301e-05,1.7929949113774908e-07,0.00019922457948988846,9.143391142946737e-06,1.39837745640722e-07
21,0.00023525071357592122,3.290278442569011e-09,1.9913362361561833e-07,0.006439305495756087,9.72281630452824e-06,5.075370995919152e-06,0.00010939761881762012,1.3943004380159979e-05,3.776869096346582e-08,5.900036338645977e-07,5.5659716116083015e-05,0.0002030927696011137,0.0001928042614596179,0.0005741926238195079,9.318398287021266e-08,0.00174415378023051,0.0011615245747482964,0.9882533707158265,6.362122493118033e-07,0.0007169097636692339,6.140995280159322e-05,1.418849401513638e-06,0.00020410421553136926,1.6827582976343798e-05,2.765815291242726e-07
22,0.0001241684127992891,5.586050789854739e-09,4.300305213027736e-08,0.005585823962184702,6.0543575306105565e-06,5.085698739784801e-06,5.586668055098189e-05,1.0681286836752607e-05,2.4127679509850217e-08,2.4594410318550815e-07,5.0111177498558984e-05,0.00025008567664775247,0.00010940255443136264,0.0018565540489824343,2.30692391430243e-07,0.0009436348717867186,8.452020695480442e-05,0.9902504231371293,3.6771822636921344e-07,0.0005293784566222633,1.1535616201307946e-05,5.486791676465023e-07,0.00011600642040062543,8.951687876440592e-06,2.4999615514414295e-07
23,8.5061633613097e-05,1.5370687296958456e-09,3.9338300298878766e-08,0.00656385736159239,2.136555367536117e-06,1.9800169878444885e-06,1.8471677417783682e-05,3.7916369426654903e-06,9.508265327585277e-09,1.2218231755859487e-07,4.0164484157039964e-05,9.605182543405663e-05,4.990395529451194e-05,0.00045942312808309235,6.491540289274128e-08,0.0009182894599275163,0.00016714642743557114,0.9911295518066644,1.697564200536445e-07,0.00031390319448132035,2.7107417023728355e-05,3.8373126478723283e-07,0.00011916738878676845,3.126908096792231e-06,7.415365436716641e-08
24,0.0006656134039276309,3.587003871962256e-09,3.45697210010462e-07,0.003966748352921256,6.942565191674595e-06,4.660275004623892e-06,0.00011229739244114692,2.0377912853075683e-05,4.550129484592778e-08,5.363905468627873e-07,6.664399401720391e-05,0.00032128237836663977,0.00021314414344579695,0.0009471534585111024,1.9310606119731176e-07,0.00234063677094812,0.0017966449850492924,0.9885618989530701,1.077938147597984e-06,0.00045902557364377685,0.00015171052653055524,1.4180963501827485e-06,0.00033374544383909496,2.751094563815831e-05,3.426079863803421e-07
25,5.639082154438482e-05,4.244050585330272e-09,2.9419211019804912e-08,0.0034091776181761667,2.92324553848766e-06,6.8598964494233855e-06,1.5103164143028726e-05,8.450012177528995e-07,1.036349960178442e-08,8.334722015460383e-08,1.3724295366268932e-05,5.262448702049106e-05,1.9683630639848974e-05,0.0003852712087723171,5.2651716793061374e-08,0.0008996610190853414,0.00026173860725513037,0.9944615962905022,4.698032506544061e-07,0.0001553540814576172,4.8583584727633336e-05,6.719803031585235e-07,0.00020322123188374697,5.787049151494661e-06,1.3295781672474194e-07
26,8.740275057383716e-05,1.481394697868451e-09,3.555566909417966e-08,0.0057890553416213054,2.095119416796925e-06,1.9338635303012005e-06,1.7783877255642626e-05,3.391320332720874e-06,9.33452982380359e-09,1.1359646720807386e-07,3.4620364327992793e-05,7.854909157160862e-05,4.9762439250821895e-05,0.00041284671314244215,5.583847622185125e-08,0.0008536643721220281,0.00017974597233326415,0.9920453071838373,1.7878424518041533e-07,0.00029346908952655954,2.5329108169992258e-05,3.537035413216018e-07,0.00012091672288800182,3.3063137593465225e-06,7.20620164740644e-08
27,9.422454783714873e-05,1.0320922604947347e-09,5.1318532479250256e-08,0.005758967855537971,2.371981618610819e-06,1.9101694938158123e-06,2.1303531198081004e-05,3.3073694560764816e-06,7.759985041815747e-09,1.3392502848395505e-07,3.7492303831281734e-05,0.00010250494849367188,5.933788263821926e-05,0.0005181739976779493,5.319308693178247e-08,0.001121012616644005,0.0002042722628853434,0.9915432584040484,1.786347111333698e-07,0.00036455153132273577,3.491651025367022e-05,3.066642950393952e-07,0.00012779456125411578,3.8028235037009393e-06,6.417457391038648e-08
28,8.5061633613097e-05,1.5370687296958456e-09,3.9338300298878766e-08,0.00656385736159239,2.136555367536117e-06,1.9800169878444885e-06,1.8471677417783682e-05,3.7916369426654903e-06,9.508265327585277e-09,1.2218231755859487e-07,4.0164484157039964e-05,9.605182543405663e-05,4.990395529451194e-05,0.00045942312808309235,6.491540289274128e-08,0.0009182894599275163,0.00016714642743557114,0.9911295518066644,1.697564200536445e-07,0.00031390319448132035,2.7107417023728355e-05,3.8373126478723283e-07,0.00011916738878676845,3.126908096792231e-06,7.415365436716641e-08
29,8.5061633613097e-05,1.5370687296958456e-09,3.9338300298878766e-08,0.00656385736159239,2.136555367536117e-06,1.9800169878444885e-06,1.8471677417783682e-05,3.7916369426654903e-06,9.508265327585277e-09,1.2218231755859487e-07,4.0164484157039964e-05,9.605182543405663e-05,4.990395529451194e-05,0.00045942312808309235,6.491540289274128e-08,0.0009182894599275163,0.00016714642743557114,0.9911295518066644,1.697564200536445e-07,0.00031390319448132035,2.7107417023728355e-05,3.8373126478723283e-07,0.00011916738878676845,3.126908096792231e-06,7.415365436716641e-08
30,8.5061633613097e-05,1.5370687296958456e-09,3.9338300298878766e-08,0.00656385736159239,2.136555367536117e-06,1.9800169878444885e-06,1.8471677417783682e-05,3.7916369426654903e-06,9.508265327585277e-09,1.2218231755859487e-07,4.0164484157039964e-05,9.605182543405663e-05,4.990395529451194e-05,0.00045942312808309235,6.491540289274128e-08,0.0009182894599275163,0.00016714642743557114,0.9911295518066644,1.697564200536445e-07,0.00031390319448132035,2.7107417023728355e-05,3.8373126478723283e-07,0.00011916738878676845,3.126908096792231e-06,7.415365436716641e-08
31,7.061904160968451e-05,1.7146242041489464e-09,3.392395858774104e-08,0.007660555757457682,2.6072740640338398e-06,2.637489196824391e-06,2.2251316895218174e-05,2.5888673500154154e-06,9.958264622151174e-09,1.1807509684224235e-07,4.000386512492108e-05,0.00010828914918871462,3.732808161528945e-05,0.0005661974513469313,6.227605994108682e-08,0.0009209223522409161,0.00016009517778713765,0.9899107491113571,1.4727274373300452e-07,0.00031769518267897487,2.903655731042749e-05,4.303775611613555e-07,0.0001444433033265994,3.0733362439769176e-06,1.0308689668972691e-07
32,8.35769402155402e-05,1.557721660077328e-09,3.863102166824394e-08,0.0063423627164723665,2.104140733039506e-06,1.9615690222859423e-06,1.771129929326643e-05,3.6929897793692805e-06,9.342551569244168e-09,1.1920721679896952e-07,3.9199294633410194e-05,9.171808307305629e-05,4.9377658411725475e-05,0.0004493214973874604,6.442191168651147e-08,0.0009012908360013585,0.00016460651113028998,0.9913989970498154,1.7420960878127294e-07,0.00030654663124519234,2.6516799927306013e-05,3.775629988232204e-07,0.00011706137617996626,3.097395769167012e-06,7.227787872964814e-08
33,8.927126119624746e-05,1.7946600508365845e-09,4.3984843547129503e-08,0.007176565510077604,2.411959632828714e-06,2.041789007265253e-06,1.979087013445624e-05,4.141297809163567e-06,1.1370033038767721e-08,1.3161047154177624e-07,5.10500996890399e-05,0.00011128432690333856,4.698028523776642e-05,0.0005253353263483373,8.302665205198544e-08,0.0008983538290840521,0.0001666605952803834,0.9903953023508294,1.623981187091635e-07,0.00034080837479362995,3.0707315578832695e-05,4.262649606397442e-07,0.00013539639089410577,2.9467433769898506e-06,9.12243871210139e-08
34,8.62330616772117e-05,1.5245322771090544e-09,3.935882998121564e-08,0.006531739485761163,2.1332575984750327e-06,1.95251597278867e-06,1.8353390928519725e-05,3.7886846345077583e-06,9.481111792450873e-09,1.2212668276835386e-07,4.0312550875414576e-05,9.487604837151012e-05,5.010385171507757e-05,0.0004600524540006731,6.471341360053292e-08,0.0009162394444512872,0.00016719774645843467,0.9911644715048807,1.7106140213567578e-07,0.00031304420339791077,2.6889946213329185e-05,3.7959745854422664e-07,0.0001186318981709725,3.1185648424599713e-06,7.352661848225054e-08
35,5.713204203696013e-05,1.1494321491623257e-09,4.941304882122965e-08,0.005730751856236221,2.5220307378087485e-06,2.5051787432228517e-06,2.06872218919727e-05,1.9443016522775234e-06,5.915402222880811e-09,1.222222075081133e-07,3.5577307823887435e-05,0.00012478045831627462,4.334820310874586e-05,0.0007362719408907685,5.977151293461534e-08,0.0010465063777623097,0.0001676163786567092,0.9913828568219246,1.422767772098587e-07,0.0004208674568796991,4.510781528808567e-05,2.7387651418203254e-07,0.0001767770879034953,4.0040809868391045e-06,8.881426524614065e-08
36,8.093243135566517e-05,2.1638441879701986e-09,4.461032240734606e-08,0.009221962003839453,2.354622755087451e-06,2.4367165712629254e-06,1.4824681130890192e-05,2.9023737133573757e-06,1.0700643092703433e-08,1.4275320403409165e-07,4.851461867392602e-05,6.185721038993331e-05,4.0976223891112656e-05,0.0004133621401399484,7.317942436276535e-08,0.0009788494433058377,0.00014183138613430596,0.9884433195909703,2.1030443179238111e-07,0.0003711295842887435,2.8895031350905487e-05,3.916311770110471e-07,0.00014217688368974864,2.7273871132999213e-06,7.232763901771589e-08
37,0.00011614709181364794,2.2491857054864334e-08,1.765242425256578e-07,0.017265327755592922,7.846439208207578e-06,9.284927990881612e-06,3.792734839801378e-05,0.00011561573064819902,3.50030700698062e-07,1.1919386029408514e-06,0.00034591898652678525,0.0006505803951951229,0.00011516379289340836,0.000256050985222862,1.0297720386396618e-06,0.0012936084251576963,0.00045540095303486317,0.9781912110283348,4.4393200882715193e-07,0.0009032854017327632,4.84586401327706e-05,6.882039017923405e-06,0.00017488047008048195,2.6694746452852242e-06,5.254249224675632e-07
38,0.0001436876172875167,2.417350221898955e-09,6.750916532812156e-08,0.012504830119804229,3.615308725281616e-06,2.110479069120465e-06,3.057152496254107e-05,7.1654408793842436e-06,1.90286989615491e-08,2.562720130808299e-07,7.847096361827889e-05,0.00014461516217946106,6.925290659538102e-05,0.0007072673011467278,9.856129303915303e-08,0.000935878276419875,0.00025041063540155994,0.9843420195774366,1.809638974932794e-07,0.0005653563845987686,3.0022687222702588e-05,6.200746937187414e-07,0.00017907121001639628,4.241049475904371e-06,1.6852804826875694e-07
39,0.00014514848058760316,1.5110538356956325e-09,3.7850020490021905e-08,0.007708999604773291,3.198134030094244e-06,1.5885830065076259e-06,2.7877464612830526e-05,3.777870263709773e-06,1.1913764990359234e-08,1.773486666828551e-07,6.215209943702788e-05,8.700554747047454e-05,5.941857720399863e-05,0.0007825104203578445,6.730780843184062e-08,0.0007277005557043292,0.00018088855660606702,0.9896692789715177,1.760417694804047e-07,0.00038298713659330595,1.686628461957017e-05,3.3548881206677e-07,0.00013606708252734834,3.5973921647573754e-06,1.2977662764076868e-07
40,7.918768545748729e-05,1.3557906708663677e-09,2.5475817531628262e-08,0.010710899371945432,1.1302728875582464e-06,2.456796649738708e-06,1.4419203334284196e-05,5.851135092377436e-06,1.0610782051484585e-08,1.439587192063576e-07,2.9934996588911847e-05,5.94499575271174e-05,5.4203671889203524e-05,0.00017098934624967753,4.442673378108656e-08,0.001090856763580948,0.00016816525374725445,0.9872134144494502,1.560022701445321e-07,0.00028441926659881404,1.9242298893045164e-05,4.418242916942134e-07,9.190142377904698e-05,2.608223614807359e-06,4.6228309350376606e-08
41,8.717862000339945e-05,1.538278147802284e-09,4.0310960745394794e-08,0.006487148587174052,2.1749893110102036e-06,2.007246502044625e-06,1.921499631347504e-05,3.7982131631963883e-06,9.554968189253314e-09,1.239396375809216e-07,4.001415468974074e-05,9.870199998127526e-05,5.071319461855496e-05,0.00047041366605833797,6.50316089016377e-08,0.0009238603693478644,0.00017343056716079042,0.991171540967389,1.7173714584335788e-07,0.0003156093555999183,2.789530191336883e-05,3.8907866729918424e-07,0.00012215453841869705,3.2652122798331177e-06,7.682880886134125e-08
42,7.696358905610933e-05,1.7464677677708784e-09,4.443401823523002e-08,0.007669188588766389,1.8579630355466858e-06,2.124250709489774e-06,1.6166846048979167e-05,4.771298709597192e-06,1.038611692059967e-08,1.1931155929616866e-07,3.983726578054624e-05,0.00010151831597910425,5.0056042717555645e-05,0.0003493862002057151,6.807553632917247e-08,0.001070733156309085,0.00016891801311173186,0.989997469032779,1.7758707385804516e-07,0.00030836076703694387,3.080010163297001e-05,4.803365325217996e-07,0.00010809098142716309,2.7958632347555195e-06,5.984615443937829e-08
43,8.802203596866138e-05,1.5947628928651791e-09,3.8654177889781426e-08,0.006690721302547859,2.152852725350944e-06,1.8850224949544323e-06,1.8974663710071083e-05,3.759871598647066e-06,9.571235455990166e-09,1.1962063443982252e-07,4.260927168895279e-05,9.818631433034097e-05,4.798956263233667e-05,0.0005010161084222945,6.787130434020572e-08,0.0008742254384132399,0.00016242247999345325,0.9910071525947683,1.6495171357418852e-07,0.0003097205685033884,2.5802340458981457e-05,3.863543718435395e-07,0.00012140528291024118,3.0847412924048976e-06,8.09293400747434e-08
44,8.5061633613097e-05,1.5370687296958456e-09,3.9338300298878766e-08,0.00656385736159239,2.136555367536117e-06,1.9800169878444885e-06,1.8471677417783682e-05,3.7916369426654903e-06,9.508265327585277e-09,1.2218231755859487e-07,4.0164484157039964e-05,9.605182543405663e-05,4.990395529451194e-05,0.00045942312808309235,6.491540289274128e-08,0.0009182894599275163,0.00016714642743557114,0.9911295518066644,1.697564200536445e-07,0.00031390319448132035,2.7107417023728355e-05,3.8373126478723283e-07,0.00011916738878676845,3.126908096792231e-06,7.415365436716641e-08
45,8.30259734570185e-05,1.587079617631427e-09,3.842597272617513e-08,0.006637548253680551,2.187410905855575e-06,1.9615926303575374e-06,1.7890069793536022e-05,3.3567502775477005e-06,9.476224489543825e-09,1.178655805628818e-07,4.138361294036145e-05,9.529462225985817e-05,4.508576289822521e-05,0.000490189407800699,6.557370307494101e-08,0.0008664930394302536,0.000166255746159395,0.9910747243312592,1.630344962690932e-07,0.00031357157152620555,2.7800624460003345e-05,3.8031048276760195e-07,0.0001293422474648677,3.0312649239811077e-06,8.14445925421743e-08
46,6.180710848435752e-05,2.0783187226484226e-09,2.8377220717658892e-08,0.00548242169412679,2.3554837642968814e-06,1.6926660901277871e-06,1.2937361321915769e-05,2.8809084410553653e-06,9.622598524050226e-09,9.611965142068922e-08,5.2354168572479584e-05,7.957076768675376e-05,3.2530639149020956e-05,0.0006096863133350859,9.969813590877633e-08,0.0006327730888145522,8.993891394997688e-05,0.9925157336599344,1.4604754719250492e-07,0.00028956539636400405,1.9234492044799117e-05,2.9624381135481847e-07,0.0001117576128660235,1.9953121727125032e-06,8.622559790719758e-08
47,5.1267573411711094e-05,2.878631227116237e-09,3.82441082013153e-08,0.006520167207215611,2.99616036822751e-06,2.5323568099133383e-06,1.6823039796501118e-05,3.462826129505801e-06,1.352245120187538e-08,1.1946725571281676e-07,5.895406042911982e-05,0.00012932322504241302,3.180703273491163e-05,0.0006603420007181583,1.3096999086871398e-07,0.0006623632269850964,0.00012196009101213204,0.991139378185669,1.2497806384501514e-07,0.00039157344446150237,3.341700790330811e-05,4.396943480446909e-07,0.00017017325245943197,2.4427009665319636e-06,1.4685303777546213e-07
48,8.397661192074603e-05,1.545819064396357e-09,3.9178684677843306e-08,0.006644667417706008,2.1380624343791394e-06,1.969903147233901e-06,1.8293443941201735e-05,3.768909033106967e-06,9.555753442401636e-09,1.213151678417584e-07,4.113140942965805e-05,9.704709894862448e-05,4.8913252260515154e-05,0.00046531896865155485,6.625975907729686e-08,0.0009132614562103831,0.0001633064643324643,0.9910496289909063,1.6625326130395613e-07,0.00031555078761896603,2.716448191294071e-05,3.8232566993755607e-07,0.0001199604430583815,3.0411606071759933e-06,7.470376479794102e-08
49,8.131395229592494e-05,1.6842176263906083e-09,4.47783696171213e-08,0.006906630833116936,2.216743419066157e-06,2.22472205247516e-06,1.9472304866620002e-05,4.193302613466354e-06,1.0263215807191449e-08,1.3097262421544522e-07,4.10332815896233e-05,0.00011088432409133014,5.249861268678065e-05,0.0004456925405499149,6.986691851327207e-08,0.0009926620826066115,0.0001757420968079433,0.9906702219135083,1.74952367679649e-07,0.0003369701787465809,3.085602395993472e-05,4.4135157124023035e-07,0.0001231609948197158,3.2756386508571332e-06,7.658433334511846e-08
50,0.00011026435410853477,1.3662507645298757e-09,4.0946447682075956e-08,0.006670704455475967,2.386799667748893e-06,1.8960602292058089e-06,2.393906032490428e-05,4.315608180956133e-06,9.786083128812942e-09,1.4602677048542908e-07,4.1142859909705494e-05,9.519529071200852e-05,6.331131655617593e-05,0.0005198777889383456,5.9074760136961754e-08,0.0009579391132347503,0.00018974037807012166,0.9908431818838271,1.8674717109940695e-07,0.00033332405324950184,2.309904540240435e-05,3.6702502483151623e-07,0.00011494225255499445,3.848371172777125e-06,8.033587649847925e-08
51,0.00010485405955020613,1.2535193857737775e-09,4.804396699360212e-08,0.005751518641588092,2.6301069979313194e-06,2.071458714394976e-06,2.4041315193731147e-05,3.725496800306844e-06,9.575861755258327e-09,1.4546397711226957e-07,3.797464516355712e-05,0.00010110541743669341,6.379907955898046e-05,0.0005180902541499035,5.5468085746681647e-08,0.0010273597552359424,0.00022324312259727522,0.9916168804295575,1.9811241127401553e-07,0.0003564382028098346,3.0215499945313e-05,3.555162778695836e-07,0.00013092713414501628,4.232063150641626e-06,7.988330430144618e-08
52,9.241934421508123e-05,1.7283466031160697e-09,4.6257346237204886e-08,0.006882495178371446,2.405375002101861e-06,2.0944033998725587e-06,2.2581984896218908e-05,3.873585814529868e-06,1.0546777183848225e-08,1.253842311174425e-07,4.329603786420146e-05,0.00011000001093801363,4.9330410451346234e-05,0.000511873439054468,7.004836405766752e-08,0.000974980779345043,0.0002002825484696473,0.9906109249821371,1.7639739564480144e-07,0.0003182927810834958,3.267025263264043e-05,4.553840910767235e-07,0.0001379940943809497,3.507487329448555e-06,9.155806261208339e-08
53,9.299881655725692e-05,1.7655805213944008e-09,3.8725795845800206e-08,0.006379639699355671,1.951523155174895e-06,1.9010089374769115e-06,1.581387183002106e-05,4.2708609173739266e-06,9.578067442808436e-09,1.2509559729535935e-07,3.738857406301478e-05,8.252760777536162e-05,5.3022398905899295e-05,0.0004123556592963057,6.613944372879514e-08,0.0008836842114275372,0.00016804734065957783,0.991449562764813,2.0751437176352205e-07,0.0002834264910152042,2.407832243425613e-05,4.079005332765842e-07,0.00010513004200759604,3.277201331244165e-06,6.688612823248231e-08
54,8.776090685862858e-05,2.000544150479184e-09,3.5299752805235834e-08,0.007282885620614047,2.2369562157485946e-06,2.112994961705813e-06,2.0242454579455733e-05,3.770997830920457e-06,1.0499386378535936e-08,1.1802821194526188e-07,4.3817651937173805e-05,9.946518570399416e-05,4.245586714644105e-05,0.0005323745501511282,7.793680990843001e-08,0.0008440546816093718,0.0001525644595023817,0.9904476394821362,1.6833913901374876e-07,0.00028592343089268806,2.531531634620249e-05,4.4922916233174234e-07,0.00012336025076853315,3.062325956674516e-06,9.553378202809746e-08
55,0.00011024500293424992,2.0996114885457695e-09,4.959382800148957e-08,0.008137458697908294,2.2714028133286224e-06,2.0314530208325294e-06,1.8934134220528353e-05,4.074194897505759e-06,1.0857383611113098e-08,1.4232376431756156e-07,4.6659319161828776e-05,7.546651180561663e-05,4.968174435900579e-05,0.00044677000304469084,7.405435679711821e-08,0.0009737002675500051,0.0002105140966724447,0.9894383227708218,2.2938245436411134e-07,0.0003110133107564228,3.1846891182274155e-05,4.709679620940166e-07,0.0001364144793301437,3.5342939697564638e-06,8.214619069040459e-08
56,8.395355756296631e-05,1.4862485506363824e-09,3.852451773461291e-08,0.0064542845915611475,2.0920687309943376e-06,1.968973378974806e-06,1.8058074803768203e-05,3.801758962126908e-06,9.302205525655515e-09,1.2238737803681945e-07,3.884312324583009e-05,9.285530738440426e-05,5.151933715283997e-05,0.0004446919970129332,6.250886150697182e-08,0.00092110075109433,0.00016454855305391935,0.9912620732690884,1.7134107508220045e-07,0.0003147512778794363,2.6032998041331177e-05,3.7026085714688956e-07,0.00011544870336393435,3.129277158214554e-06,7.056938092764966e-08
57,8.328819648758596e-05,1.520108095508209e-09,5.1369691795443135e-08,0.006422799532958043,2.491363444088062e-06,2.2807891614054118e-06,2.0528775019875727e-05,4.2921293429157645e-06,1.0356820045580031e-08,1.4711156633607696e-07,4.062585084833602e-05,0.00011969231665142653,6.068407415559776e-05,0.00047553441964123415,6.76932682882801e-08,0.0010597103612164315,0.00019386937089117573,0.99096185826414,1.862789125302688e-07,0.00038642837494605675,3.3443667761915226e-05,4.137721473417396e-07,0.0001278496023662921,3.66791097482493e-06,7.689747847562205e-08
58,8.523058851941221e-05,1.5321608682685124e-09,3.999958675411634e-08,0.006324549798136181,2.1339445782951213e-06,2.043766052250465e-06,1.8563237601546594e-05,3.817379769135683e-06,9.402394351997055e-09,1.2504937824720918e-07,3.7775961921841344e-05,9.521862316278486e-05,5.2627276312283786e-05,0.00044973012993975266,6.280913873857377e-08,0.0009316130944647562,0.0001728999551386609,0.9913558859765277,1.7745421626813962e-07,0.0003170279311133374,2.726294784367788e-05,3.81686861512969e-07,0.00011938838144047632,3.359900991970789e-06,7.317274937143867e-08
59,8.63084593745798e-05,1.524050595740641e-09,4.1692476735968955e-08,0.006402603272632246,2.1617041582080614e-06,2.0390636441150503e-06,1.8956970958165353e-05,3.9288305112992066e-06,9.4995726480165e-09,1.2765940841913886e-07,3.874326074229369e-05,9.804578201483947e-05,5.378540094969965e-05,0.000455576907217251,6.396432116479515e-08,0.0009488942383337718,0.0001757230231891907,0.9912340589238615,1.775528958680042e-07,0.0003259348973997424,2.8051968561943146e-05,3.844743606718917e-07,0.00012091452443311133,3.3926702317909626e-06,7.373470029089134e-08
60,8.5061633613097e-05,1.5370687296958456e-09,3.9338300298878766e-08,0.00656385736159239,2.136555367536117e-06,1.9800169878444885e-06,1.8471677417783682e-05,3.7916369426654903e-06,9.508265327585277e-09,1.2218231755859487e-07,4.0164484157039964e-05,9.605182543405663e-05,4.990395529451194e-05,0.00045942312808309235,6.491540289274128e-08,0.0009182894599275163,0.00016714642743557114,0.9911295518066644,1.697564200536445e-07,0.00031390319448132035,2.7107417023728355e-05,3.8373126478723283e-07,0.00011916738878676845,3.126908096792231e-06,7.415365436716641e-08
61,8.683521596340847e-05,1.5745856473281492e-09,4.199029718253765e-08,0.006452384848941753,2.2020245312905467e-06,2.0606841591111945e-06,1.9067606428531498e-05,3.86713391637354e-06,9.749728358939862e-09,1.2677071647972862e-07,3.978687562735894e-05,9.938028953780562e-05,5.2110779405426735e-05,0.0004633179162220976,6.573034561746705e-08,0.0009474981468845087,0.0001763035653986777,0.9911781101467405,1.782789933310629e-07,0.00032110542944243997,2.8675989087172644e-05,3.958362019923114e-07,0.0001230598597625951,3.3375337677875564e-06,7.602331456696434e-08
62,8.5061633613097e-05,1.5370687296958456e-09,3.9338300298878766e-08,0.00656385736159239,2.136555367536117e-06,1.9800169878444885e-06,1.8471677417783682e-05,3.7916369426654903e-06,9.508265327585277e-09,1.2218231755859487e-07,4.0164484157039964e-05,9.605182543405663e-05,4.990395529451194e-05,0.00045942312808309235,6.491540289274128e-08,0.0009182894599275163,0.00016714642743557114,0.9911295518066644,1.697564200536445e-07,0.00031390319448132035,2.7107417023728355e-05,3.8373126478723283e-07,0.00011916738878676845,3.126908096792231e-06,7.415365436716641e-08
63,8.209576476041279e-05,1.6429021339932212e-09,3.7757225329407766e-08,0.006460094697280961,2.0893559579712136e-06,1.986455633923733e-06,1.7493259138085265e-05,3.657129231037084e-06,9.518839678850492e-09,1.1673574429465288e-07,3.9663461478327715e-05,9.197638252411412e-05,4.706324947820245e-05,0.00044938621909939604,6.672347366300467e-08,0.0008832579476336204,0.00016167000385937448,0.9913097351667508,1.7141417089661787e-07,0.00030031385083927276,2.677286105063361e-05,3.900100045232277e-07,0.00011885288147685661,3.022778592141108e-06,7.473285433888004e-08
64,8.16744018648396e-05,1.5710480456941087e-09,4.197515424288846e-08,0.006389440598722381,2.160901345444963e-06,2.0669136703763443e-06,1.7938877557517688e-05,3.656533911879081e-06,9.468343344526587e-09,1.2116585561013426e-07,4.00476048709068e-05,9.967581131405107e-05,4.8656455068426345e-05,0.0004569786430178023,6.721845573173838e-08,0.0009431503117641823,0.0001712264231793798,0.9912669482310431,1.7336371296178442e-07,0.00031745154232374527,3.0537042934922506e-05,3.919298125582547e-07,0.00012437474520289596,3.1345609918259855e-06,7.37088338654609e-08
65,9.753614902095913e-05,1.5001120007240119e-09,4.284195473866028e-08,0.006709687546588381,2.2488077590285495e-06,1.931138995450745e-06,2.0424172785107903e-05,4.358888528834117e-06,1.0164414915291501e-08,1.336768408450868e-07,4.2925295077057325e-05,0.0001011181361009431,5.6217910710075136e-05,0.00047593715642506903,6.590067523606303e-08,0.0009749057119882784,0.00018004645564881027,0.9908673800309316,1.8178975646880254e-07,0.0003196626736296106,2.657462898970927e-05,3.9917670766314927e-07,0.00011483216455963087,3.303745685802474e-06,7.4336113765589e-08
66,8.04174744678184e-05,1.693422016685606e-09,3.632502370231253e-08,0.006533436979004468,1.9778063061003545e-06,1.9389889998918537e-06,1.6825826697139512e-05,3.6598887500364287e-06,9.408332992344912e-09,1.1061008553112883e-07,4.048987575128354e-05,9.586054460563359e-05,4.369122665120472e-05,0.00045792554906141155,7.026498641000528e-08,0.0008523500516210739,0.0001548805412710812,0.9912786601470815,1.6051464615675239e-07,0.0002866415766964142,2.717966166301477e-05,3.9721581498597363e-07,0.00012031295698226174,2.888203281890739e-06,7.666879610326325e-08
67,9.060821584954398e-05,1.5219832624659367e-09,3.995394224544592e-08,0.006695328215521066,2.200593280673734e-06,1.9387405774852964e-06,1.9196269774794233e-05,4.075028482013475e-06,9.932470134073743e-09,1.272363121236385e-07,4.193946045730941e-05,9.810464464672423e-05,5.238384215406581e-05,0.00046492451466545085,6.558086696664694e-08,0.000940251109111065,0.00016934643379320398,0.9909621383974841,1.7416431068209185e-07,0.00031316595737884906,2.605592618800174e-05,3.9254413526935315e-07,0.00011434680592822633,3.1116190159165956e-06,7.32916708562538e-08
68,9.361059166819998e-05,1.4933595120666477e-09,3.8245900792172256e-08,0.006737415850460452,2.1531816733503103e-06,1.816842980429181e-06,1.7937625091601315e-05,3.63008231002144e-06,9.498528178340032e-09,1.2438297408436882e-07,4.052291062530671e-05,8.288468317953493e-05,5.110851669631848e-05,0.0004630806147199256,5.983991090031417e-08,0.0009066603500859704,0.0001721076146852337,0.9909731793231454,1.8156864266457586e-07,0.00030823826787133006,2.424158760091904e-05,3.6188889250950056e-07,0.00011743066699708166,3.1315306843775466e-06,7.284131570684189e-08
69,9.392724814068604e-05,1.6147930998450136e-09,4.260432614234848e-08,0.006765828331169372,2.2983599066216425e-06,2.11891483791908e-06,2.1165318499639807e-05,3.893729171543281e-06,9.920239010782912e-09,1.30609962634688e-07,3.97567619361525e-05,0.00010067800826395067,5.282199333457214e-05,0.0004943574009697887,6.468235853468673e-08,0.0009888195790753414,0.00018539489684520028,0.9907796086377393,1.8755599190720054e-07,0.00031323725291790207,2.8326807945135965e-05,4.1812633807690096e-07,0.00012325016958620338,3.5807611425084103e-06,8.071450861907632e-08
70,8.9452340423388e-05,1.5619240422501415e-09,3.8846097572491156e-08,0.006037834025706777,2.1654899254004815e-06,1.915724852433055e-06,1.848960732719505e-05,3.7609527813643133e-06,9.532684100443222e-09,1.200526126185462e-07,3.945931560161971e-05,9.492913079688885e-05,4.981798392577137e-05,0.00047358524168431845,6.593681432997983e-08,0.0008753050076895607,0.00017469587042935971,0.9916877571508442,1.7564996461835127e-07,0.0002991107894538497,2.7142230510798765e-05,3.816144365663924e-07,0.00012044492340484367,3.2634640651180583e-06,7.755604315233941e-08
