,0,1,2,3,4,5,6,7,8,9,10,11,12,13,14,15,16,17,18,19,20,21,22,23,24
0,0.0006040940689441505,4.3561992741961303e-08,2.471373191478798e-07,0.035418637838630466,4.3032114580302193e-05,4.074201911050869e-06,7.961487850650527e-05,7.448688229439877e-05,1.1263001581084406e-06,2.60039779305816e-06,0.0031039544562519736,0.00036586829043649683,6.331303639236015e-05,0.001641324093525195,2.5360925305713457e-06,0.0006091616677037829,0.0005728065850562148,0.9556826082495219,5.606170446538251e-07,0.001297400136238486,2.6333351665756384e-05,6.3410975356031715e-06,0.00039453723341119226,1.813703966957327e-06,3.4840065889267377e-06
1,0.000642260659096175,4.0526235576533214e-08,2.7817281810669874e-07,0.039517034349084205,4.4705521439731495e-05,4.326953581664328e-06,7.709641481342084e-05,8.316763468155042e-05,1.22732938999309e-06,3.1527935244631863e-06,0.0031977211080351543,0.00034681824831467734,7.51252610338126e-05,0.0014648751210708825,2.3565646176576185e-06,0.0007109234923940223,0.0006046068279197909,0.9513249533424172,6.318059249726781e-07,0.0014793921839023239,2.603423485246116e-05,6.259519320627815e-06,0.00038217050990156876,1.8491302597413925e-06,2.9922953701716915e-06
2,0.000617005138861554,3.453194363480172e-08,2.251581685696158e-07,0.042341281995341554,3.463914756568146e-05,4.844014987639732e-06,9.647011478816368e-05,6.060855564739025e-05,8.890107631960001e-07,2.3559010778729362e-06,0.0022146385451510178,0.00035266109103514507,6.3761345171398e-05,0.00137763834241042,1.6085459746432544e-06,0.0008145466402103709,0.0006477063434357908,0.9499096932654646,5.616055049071188e-07,0.0010496079045016257,2.7452985240820657e-05,6.961699797079276e-06,0.0003699535066800027,2.099931334574746e-06,2.754678942496898e-06
3,0.0006074602866228875,4.0129837520498054e-08,2.416910152537622e-07,0.03690478352343388,4.116274519829691e-05,3.968870424624183e-06,7.679239411530587e-05,7.680390000841408e-05,1.1026063139756883e-06,2.672460884032937e-06,0.0030675552714141455,0.0003487047788013229,6.690557491747707e-05,0.0015495470324597145,2.3766672582102197e-06,0.000623442284608287,0.0005594566456680629,0.954308517710395,5.490645971169174e-07,0.0013406941923710571,2.4934404293380162e-05,5.959145012775988e-06,0.00038138170652655663,1.7709661314631095e-06,3.175947691068518e-06
4,0.0006046505818046751,3.808398232936175e-08,2.3552308075631517e-07,0.035318203663713306,3.989233440807067e-05,3.877679800885661e-06,7.479222860305325e-05,7.551517493500504e-05,1.0409680933516591e-06,2.6232965076314454e-06,0.002873087171885618,0.0003334479634510844,7.00095832575494e-05,0.0015266686520611012,2.241444760769126e-06,0.0006234849729090842,0.0005495193573691145,0.9561649015457043,5.578678564049445e-07,0.0013319305372707757,2.3857953432297162e-05,5.575521678334735e-06,0.0003690455201340945,1.8232175498293168e-06,2.9791557508798665e-06
5,0.04262705301261109,2.265785673390237e-07,9.303034069608416e-05,0.07502173552136365,0.004816026624843182,1.6607511980694787e-05,0.011074751720890496,0.001758468345923912,6.589458383953226e-05,0.0002624448027720437,0.0902066228595601,0.020556300516884306,0.0014234362796703445,0.05449840775729938,3.2910778724544526e-05,0.004549624433911758,0.05777938396094405,0.6116834029080219,1.1353903212942087e-05,0.017530906522776866,0.0007400406193046656,0.0001523347876681822,0.0046728193055994936,7.539305172627207e-05,0.00035082327120717184
6,0.0006074602866228875,4.0129837520498054e-08,2.416910152537622e-07,0.03690478352343388,4.116274519829691e-05,3.968870424624183e-06,7.679239411530587e-05,7.680390000841408e-05,1.1026063139756883e-06,2.672460884032937e-06,0.0030675552714141455,0.0003487047788013229,6.690557491747707e-05,0.0015495470324597145,2.3766672582102197e-06,0.000623442284608287,0.0005594566456680629,0.954308517710395,5.490645971169174e-07,0.0013406941923710571,2.4934404293380162e-05,5.959145012775988e-06,0.00038138170652655663,1.7709661314631095e-06,3.175947691068518e-06
7,0.0007518167501954201,3.882184502123371e-08,2.851220938637109e-07,0.03968590470863124,4.631112179513199e-05,3.843337698653679e-06,8.969525063544836e-05,9.290415680604875e-05,1.1926570203831824e-06,3.357959929976162e-06,0.0034595199524050566,0.0003594108343990796,8.550011321310548e-05,0.0016910836155611347,2.411594937940326e-06,0.000668129272410118,0.000615137885521067,0.9505018051978317,6.232760524618003e-07,0.0015344168061268287,2.3320591492910194e-05,6.005568796785843e-06,0.0003719724616907375,2.0303998544496307e-06,3.2825430553275624e-06
8,0.0008960493871590138,5.2072002307332014e-08,4.0668607736534385e-07,0.04829156327622816,5.419075907121383e-05,4.715163598042409e-06,0.00011149064614953959,0.0001050013752810064,1.4685978701405765e-06,4.21903383280248e-06,0.0038983149597881708,0.0005094754172945961,9.407087021274317e-05,0.002185098512174997,2.9871722201727972e-06,0.0007786625557091722,0.0007755123658198215,0.9399616075908613,6.964357643461445e-07,0.0017598879806348907,3.359238721021251e-05,8.147943531210387e-06,0.0005152086169789369,2.8014630153622938e-06,4.778731514345473e-06
9,0.0007793564432601051,4.961316890988604e-08,2.956729720894935e-07,0.04520109565732772,4.545877900775911e-05,4.1465869664850185e-06,8.77140462235495e-05,9.227987958863385e-05,1.3377721186947218e-06,3.453564662694491e-06,0.0037222011197799018,0.00040367176916690983,7.420413715565138e-05,0.001872020448601956,2.869493920416637e-06,0.0006399502587148917,0.000654995804778687,0.9444003590609227,6.040077734184174e-07,0.0015066049554221716,2.75430061268808e-05,7.150796694511995e-06,0.0004661627307199426,2.1529433670708535e-06,4.321451558340464e-06
10,0.0006074602866228875,4.0129837520498054e-08,2.416910152537622e-07,0.03690478352343388,4.116274519829691e-05,3.968870424624183e-06,7.679239411530587e-05,7.680390000841408e-05,1.1026063139756883e-06,2.672460884032937e-06,0.0030675552714141455,0.0003487047788013229,6.690557491747707e-05,0.0015495470324597145,2.3766672582102197e-06,0.000623442284608287,0.0005594566456680629,0.954308517710395,5.490645971169174e-07,0.0013406941923710571,2.4934404293380162e-05,5.959145012775988e-06,0.00038138170652655663,1.7709661314631095e-06,3.175947691068518e-06
11,0.0006075321464745038,3.8705465845271053e-08,2.410529707311035e-07,0.03572996265393288,4.011707279940705e-05,3.950655246991433e-06,7.542834098324762e-05,7.88545338515981e-05,1.0768718837485937e-06,2.7055497631836846e-06,0.002932390060087792,0.0003420829452282628,7.119628944844827e-05,0.0014966846782847115,2.291181499370534e-06,0.0006326143948424632,0.0005601854600617895,0.9556724025620467,5.643436503148201e-07,0.0013462184550206402,2.4179932170771782e-05,5.770520306006828e-06,0.0003686903431389222,1.822963736307388e-06,2.9982871053656094e-06
12,0.0011439757818903127,5.373293234972086e-08,4.531503785235108e-07,0.0509157746064422,4.0297060759423375e-05,4.277323203971154e-06,0.00010151791403786423,0.00019149020300843336,1.692399312316702e-06,4.656019801002841e-06,0.004478058985285553,0.0004654190948101879,0.00011505542791418166,0.0014058321182533744,3.480289052247121e-06,0.0009370795919588519,0.0008300804531622472,0.9375376542595646,9.355608133178489e-07,0.0014282143344628237,2.9719731455276425e-05,1.0281395554928117e-05,0.0003484600697660641,2.3610218459844982e-06,3.179474334063044e-06
13,0.0006528453841651981,3.705744399558613e-08,2.947074085599967e-07,0.037132011587387166,4.033136188145952e-05,2.654860190422203e-06,6.406541541451545e-05,9.499768616253419e-05,1.1212960078334472e-06,2.5671459567923614e-06,0.004763879457550519,0.0004361263177320423,7.015253030682044e-05,0.002017302964672666,3.36670316054927e-06,0.0005707174364530018,0.0004630028555265675,0.9516967721464237,4.360141406148334e-07,0.0015436755065330941,2.759169485573303e-05,4.8624738842149034e-06,0.0004067149259185909,1.369313753844341e-06,3.1031570694426757e-06
14,0.0014905471824725176,5.249442817270204e-08,4.845993011422993e-07,0.05525265771616665,5.962771705121222e-05,5.581350134129727e-06,0.00018742664522940946,0.00015226782480419083,2.1953326786532154e-06,4.8884277527768964e-06,0.004305312452435219,0.0008066398299962652,9.776561282958325e-05,0.0025827823448663764,3.363982386664618e-06,0.000973392507323138,0.0013150831028926775,0.9304533002909076,7.243715539201597e-07,0.001577087108560392,4.878613956744214e-05,1.222599891798398e-05,0.0006566597324971769,3.6779212819108636e-06,7.469313964718052e-06
15,0.0006074602866228875,4.0129837520498054e-08,2.416910152537622e-07,0.03690478352343388,4.116274519829691e-05,3.968870424624183e-06,7.679239411530587e-05,7.680390000841408e-05,1.1026063139756883e-06,2.672460884032937e-06,0.0030675552714141455,0.0003487047788013229,6.690557491747707e-05,0.0015495470324597145,2.3766672582102197e-06,0.000623442284608287,0.0005594566456680629,0.954308517710395,5.490645971169174e-07,0.0013406941923710571,2.4934404293380162e-05,5.959145012775988e-06,0.00038138170652655663,1.7709661314631095e-06,3.175947691068518e-06
16,0.0005076326016150009,3.207410155951487e-08,1.9813585726114262e-07,0.032545254526394785,3.4260819015531184e-05,3.5130285620117498e-06,6.394794938727759e-05,6.45390271331678e-05,8.562581174310677e-07,2.087471988332455e-06,0.002615573253071143,0.00030930583435304635,6.051642406684136e-05,0.001400788852418318,2.0277306610704603e-06,0.0005999081191613121,0.0004623815437960358,0.9597702739752724,4.737777037720242e-07,0.001194755210424401,2.2888777841271975e-05,4.745692693474733e-06,0.000330158791111833,1.4959485697844652e-06,2.3841766830531037e-06
17,0.00030532259406720847,4.735272222938391e-08,1.578167696898147e-07,0.015822229604244266,2.111071615327207e-05,4.989426527967444e-06,1.3862595550049111e-05,4.0427672652446775e-05,7.759776084780907e-07,2.677895488245323e-06,0.0016711175097373775,6.37323792051724e-05,5.231710665547406e-05,0.0003675439135352928,1.921887295130014e-06,0.000532678287578906,0.0004033553606747659,0.9795455998899574,1.518581670751131e-06,0.000891871006497408,1.526422326950382e-05,3.3766058378529447e-06,0.00023599276340746281,1.175319034272756e-06,9.33513859548951e-07
18,0.00047343769795522237,9.841833136173438e-09,6.914316140114582e-06,0.6038875420217956,2.7341642507298353e-05,7.63013289655352e-06,8.651056655640319e-05,0.0008199489350753698,1.3413809625987684e-06,2.5667736029397004e-05,0.01648554694903667,0.0035586161775159482,0.0005082983212602467,0.0007649433888709198,3.610640281746615e-06,0.01934636879769414,0.00011742582261202632,0.3456629329426914,3.1303420575715126e-07,0.007944409215821797,0.0001143274461552267,7.836302845317574e-06,0.00014811223333123513,7.945389542325121e-07,1.199169718064403e-07
19,0.0004614379893198164,3.5988156179447624e-08,1.5555507371848328e-07,0.028470775119898054,2.9874821805631445e-05,2.8513017985339057e-06,4.442641251421405e-05,5.2753302932081615e-05,7.943051566799762e-07,1.6491695892478015e-06,0.002635383394968234,0.0002264347944410499,4.459206064068983e-05,0.0013358732051307047,2.2028025067657325e-06,0.000453492025835365,0.00039268051210953855,0.9644794852711501,4.540631864519164e-07,0.0010088253439312805,1.9728196811226135e-05,4.080310463205496e-06,0.000328476509042587,1.1809430391620966e-06,2.356600499567636e-06
20,0.0008782152068145258,2.774965277752976e-08,3.0362122894509265e-07,0.038708522241886784,6.031208341168019e-05,3.8851182545192064e-06,0.00011716548660411646,6.908134895152166e-05,1.1465740672883218e-06,3.677996526867119e-06,0.0033416664957585988,0.0003345348006857915,9.394991306874583e-05,0.0021264226748259393,1.765597126810813e-06,0.0007235142889294885,0.0007592872836415086,0.9504651651554402,6.089443895186205e-07,0.0018152321985991319,2.4449369697900944e-05,4.64390657740974e-06,0.00046023284374149256,2.4778467002855037e-06,3.7112534181894124e-06
21,0.001762735034548644,1.07873252977682e-07,1.1922043759245927e-06,0.03261941796264271,0.00018040851093009775,1.2261119359983475e-05,0.00044669017106518537,0.0003085960507115124,4.967293970776799e-06,1.54407759040777e-05,0.003760727385908342,0.0006974340781608531,0.0002533825219587196,0.0015577109837202252,3.595751457630809e-06,0.001102398898877811,0.005025671235551905,0.948703315823123,2.6857557612221963e-06,0.002775040421931244,5.537711091172343e-05,2.9195672110723712e-05,0.0006559422480831736,1.1384915344243867e-05,1.43202003373484e-05
22,0.0013993741999513674,2.1181137372218656e-07,3.7123601863930774e-07,0.050996918803522084,0.00013367579571919137,2.426421952626135e-05,0.00047154356443375407,0.0002913297235603526,4.81584970924867e-06,8.178904677922084e-06,0.0024427514280513166,0.0012907627278837266,0.00017802561919109548,0.00518133155550934,6.925784445379869e-06,0.0013294959508345805,0.0006701394820423697,0.9327186671916265,2.3055917128013567e-06,0.0022807376829330835,1.7615729508668924e-05,2.155365415807879e-05,0.0005014982929498405,1.094225270837898e-05,1.6562947952438292e-05
23,0.0006074602866228875,4.0129837520498054e-08,2.416910152537622e-07,0.03690478352343388,4.116274519829691e-05,3.968870424624183e-06,7.679239411530587e-05,7.680390000841408e-05,1.1026063139756883e-06,2.672460884032937e-06,0.0030675552714141455,0.0003487047788013229,6.690557491747707e-05,0.0015495470324597145,2.3766672582102197e-06,0.000623442284608287,0.0005594566456680629,0.954308517710395,5.490645971169174e-07,0.0013406941923710571,2.4934404293380162e-05,5.959145012775988e-06,0.00038138170652655663,1.7709661314631095e-06,3.175947691068518e-06
24,0.0071982796492567665,1.2228938678099822e-07,3.0173821661765263e-06,0.02415086905554582,0.0001553403494494374,1.0111464601902452e-05,0.0006107046954977843,0.0006553109717390166,8.277256219620186e-06,1.5529871769276484e-05,0.006917908459008281,0.0013853910559599048,0.00031543639542235767,0.0034153162869354136,1.0006238292269816e-05,0.0018759550723092548,0.008943935806915987,0.9409932911471991,5.031913824116533e-06,0.0019581881058270364,0.00016514497481882317,3.25720668670734e-05,0.001136435326528745,1.7537161995727245e-05,2.028700246328462e-05
25,0.00034230641608315866,1.5383005576235168e-07,1.5649132329227748e-07,0.019986898696038626,3.998665290952216e-05,2.1417290545432153e-05,4.622982799343603e-05,1.5480833500112043e-05,1.1909167461165721e-06,1.7910230327406384e-06,0.0006175561293343695,0.00017078939116633792,2.1986607360229156e-05,0.0008023863547025203,1.662113211093618e-06,0.000740671294631792,0.0010852011481292856,0.9749140469383096,2.25828520158875e-06,0.0004899892003819491,5.143238590216078e-05,1.6140692306994184e-05,0.0006214573917052618,3.881351912767708e-06,4.928737515972544e-06
26,0.0006308441882757109,3.997292952237646e-08,2.2184947881035433e-07,0.03258600553989065,4.016776159171561e-05,4.138245555845688e-06,7.356736459293574e-05,6.873910652448023e-05,1.1245393016402012e-06,2.6034337255496958e-06,0.0025811810808988797,0.00028532099996096384,6.612248648641925e-05,0.0013417370003003292,2.0478573313655703e-06,0.0005932282499323622,0.0006428014023968038,0.9593909807907444,6.120319618039608e-07,0.0012529248863027231,2.4034415751981884e-05,5.778987445398872e-06,0.00040064075915089987,1.9467260012001277e-06,3.190323467572531e-06
27,0.000659188730749621,2.3219502656542244e-08,3.2342056753475727e-07,0.033477255864356195,4.6524715482491705e-05,3.6454325979541367e-06,9.125428396742094e-05,6.0379036735806446e-05,7.845202726340374e-07,2.729464717988482e-06,0.0026361910100804685,0.0003527447465050348,8.829308230146017e-05,0.0017818035052294284,1.5986853127370111e-06,0.0007929793278740169,0.0006557798918342032,0.9572584280672397,5.320088243173946e-07,0.0016429686993120643,3.291319457604411e-05,4.1452484085843e-06,0.00040492826831408675,2.2471295390085726e-06,2.338445698383808e-06
28,0.0006074602866228875,4.0129837520498054e-08,2.416910152537622e-07,0.03690478352343388,4.116274519829691e-05,3.968870424624183e-06,7.679239411530587e-05,7.680390000841408e-05,1.1026063139756883e-06,2.672460884032937e-06,0.0030675552714141455,0.0003487047788013229,6.690557491747707e-05,0.0015495470324597145,2.3766672582102197e-06,0.000623442284608287,0.0005594566456680629,0.954308517710395,5.490645971169174e-07,0.0013406941923710571,2.4934404293380162e-05,5.959145012775988e-06,0.00038138170652655663,1.7709661314631095e-06,3.175947691068518e-06
29,0.0006074602866228875,4.0129837520498054e-08,2.416910152537622e-07,0.03690478352343388,4.116274519829691e-05,3.968870424624183e-06,7.679239411530587e-05,7.680390000841408e-05,1.1026063139756883e-06,2.672460884032937e-06,0.0030675552714141455,0.0003487047788013229,6.690557491747707e-05,0.0015495470324597145,2.3766672582102197e-06,0.000623442284608287,0.0005594566456680629,0.954308517710395,5.490645971169174e-07,0.0013406941923710571,2.4934404293380162e-05,5.959145012775988e-06,0.00038138170652655663,1.7709661314631095e-06,3.175947691068518e-06
30,0.0006074602866228875,4.0129837520498054e-08,2.416910152537622e-07,0.03690478352343388,4.116274519829691e-05,3.968870424624183e-06,7.679239411530587e-05,7.680390000841408e-05,1.1026063139756883e-06,2.672460884032937e-06,0.0030675552714141455,0.0003487047788013229,6.690557491747707e-05,0.0015495470324597145,2.3766672582102197e-06,0.000623442284608287,0.0005594566456680629,0.954308517710395,5.490645971169174e-07,0.0013406941923710571,2.4934404293380162e-05,5.959145012775988e-06,0.00038138170652655663,1.7709661314631095e-06,3.175947691068518e-06
31,0.0005022779103214925,4.6471081185906066e-08,2.018667758137769e-07,0.04547147431158126,5.375100685971563e-05,5.793695701228461e-06,9.02418197526373e-05,4.682390612372739e-05,1.2518256223197264e-06,2.9059439658691686e-06,0.0034344951805888066,0.0003755918145360985,4.4659690400564715e-05,0.0019246613935898131,2.3676254969350356e-06,0.0005894032342240667,0.0005613131550299728,0.9449595930748298,4.852386739122124e-07,0.00138343040673159,2.6578868240948486e-05,6.916452505236427e-06,0.0005090147893411199,1.6306733121128528e-06,5.089644714042174e-06
32,0.0005897804605267299,4.089425482398836e-08,2.3416990806340893e-07,0.03518868027975403,3.9985613971568855e-05,3.9433138591132055e-06,7.231944134197028e-05,7.400035515172876e-05,1.071479111001224e-06,2.5801294599321702e-06,0.0029427462841041963,0.00033015468618165147,6.550411135431817e-05,0.0014988147041969512,2.3534026864960754e-06,0.0006083773236121952,0.0005487664499176482,0.9563315775610363,5.668742395802979e-07,0.0012910370951831058,2.4304473951670075e-05,5.865945457271475e-06,0.0003724692092603484,1.7528445752901793e-06,3.0728969040199972e-06
33,0.0004870609889841729,2.63808975193363e-08,1.6738116632009897e-07,0.026922122276157597,2.6739235769121812e-05,3.6995938416311837e-06,5.950879611863173e-05,5.7168828787094955e-05,6.085073713651865e-07,1.9549525912264322e-06,0.0013955630711227766,0.0002409014312138468,7.546342886016874e-05,0.0010397456122039437,1.1924850259190928e-06,0.0006537166987641208,0.0005384350005209764,0.9672014681718221,5.96401610021238e-07,0.0010010495828150015,1.85860277210506e-05,4.440892371023043e-06,0.000265938163430478,2.136562375667705e-06,1.7095284581138611e-06
34,0.0006201463408678565,3.9762721359760175e-08,2.426382064773212e-07,0.036714841332208044,4.1268112130525004e-05,3.904234070933964e-06,7.658672274430992e-05,7.70236605323744e-05,1.1016185461860873e-06,2.678394320290409e-06,0.00308459267381828,0.0003448876218460554,6.749021508634094e-05,0.001559092499048238,2.370442140305514e-06,0.0006222697260433242,0.000560855000840374,0.954464739224441,5.542874430347096e-07,0.0013398924655970838,2.473476632661237e-05,5.888026485235031e-06,0.0003798731023040204,1.7735554011233375e-06,3.153576830592538e-06
35,0.0003295746186012391,2.369328976546161e-08,2.704022464477166e-07,0.03363959364622832,4.7120855777995366e-05,4.575458345387622e-06,7.943004010187678e-05,2.7657657853304786e-05,4.948588861246749e-07,2.1482896701970002e-06,0.0024234600692640586,0.0003824230943210691,5.808761404082213e-05,0.002520357798689756,1.603730738340731e-06,0.0006665751031604011,0.000454971814619054,0.9568992822047504,3.568412920875602e-07,0.0018539882335542423,4.088393539889126e-05,3.166123277706605e-06,0.000558931429179807,2.0683896007608308e-06,2.954097112067689e-06
36,0.0006092251264855916,4.056101084055692e-08,2.4440642183089505e-07,0.03745440952934392,4.1537792541768526e-05,4.005573686083558e-06,7.644207856330186e-05,7.640425013847143e-05,1.1114907519786387e-06,2.7095222055934444e-06,0.0031014410827863164,0.00034503955893961275,6.683066181087301e-05,0.0015487397902156678,2.3891818864983676e-06,0.0006264866731305268,0.0005583683962624136,0.9537071059338862,5.539283183800127e-07,0.0013560264451018306,2.50827794731836e-05,5.969869649599286e-06,0.00038488716923459887,1.7696128174794498e-06,3.1785853374841666e-06
37,0.0006652593920493382,6.235561679466014e-08,3.493723123953389e-07,0.044769516530376634,5.607915119130134e-05,5.413702569384309e-06,8.958890156564318e-05,0.00013425699909219485,2.175352617632611e-06,4.366638590043849e-06,0.004872395537350523,0.0004965488492026734,7.775064389292039e-05,0.0014390582056605502,3.905861638216975e-06,0.0006932354026759458,0.000719110086642666,0.9437529523187576,6.693879053187443e-07,0.001726576445946432,3.0367946925269708e-05,9.856785083105075e-06,0.0004441246856659567,1.741389316049244e-06,4.63805735538302e-06
38,0.0013158053489282964,6.40300584638085e-08,5.492917149728298e-07,0.08054288573631353,8.431214147475769e-05,4.343024302662611e-06,0.0001483322125818906,0.00016856206780224697,2.7291290519510764e-06,7.292703189687498e-06,0.007246972098074386,0.0005964098541652909,0.00010295535867886559,0.0027170024164712364,3.900017830670227e-06,0.000712049191835713,0.0010549485970748058,0.9017659804501419,6.571590520799812e-07,0.002812703230832533,3.239710590832257e-05,1.07723258237983e-05,0.0006570512740166342,2.712519599327338e-06,8.612715076170108e-06
39,0.0012084297262289028,3.7764231382140685e-08,2.5864149895180814e-07,0.04533437071560181,7.275421624545793e-05,3.219233055832576e-06,0.0001294765706805329,7.51857646710022e-05,1.4655012857249193e-06,4.620356377376806e-06,0.005579134086924811,0.00033707924716955875,8.319801716685973e-05,0.0031365273825040086,2.576503890341616e-06,0.0004884817537880036,0.0006666449806538303,0.9405827979311151,5.822112549565372e-07,0.0017800575071428247,1.6553533987601487e-05,5.156522454984055e-06,0.00048274177831953997,2.181951108470382e-06,6.4681026420840706e-06
40,0.0004672922403292903,3.4181516233811976e-08,1.1756511875795874e-07,0.06155594533208297,1.5808596868440372e-05,5.915003974646273e-06,4.378633961673681e-05,0.00010087179182271442,1.1463842294458413e-06,3.319882719775266e-06,0.001827821323146597,0.00015839184823027294,6.295146503715353e-05,0.00036113821493368993,1.3031637798753e-06,0.0007028696090327513,0.0005645410623453612,0.9327865023282509,5.348301749361856e-07,0.0010403927467826785,1.477469222147388e-05,6.994916691862155e-06,0.0002745703451989472,1.3159650421392817e-06,1.6601708524060574e-06
41,0.0006224245526772267,4.0165293451651255e-08,2.4547722601623846e-07,0.0363238468863466,4.17728870936037e-05,4.0301093275780045e-06,8.01307426912373e-05,7.650234736899436e-05,1.1059747624809142e-06,2.6957703456414678e-06,0.0030368218077970904,0.0003570388639140884,6.762753564509913e-05,0.0015854048434843788,2.37189656546683e-06,0.0006240846611601807,0.0005825727382466607,0.9548238139682866,5.553549009028629e-07,0.0013389364261309606,2.558192813684681e-05,6.0487155273163375e-06,0.0003911819948295105,1.851621867961243e-06,3.312730374185399e-06
42,0.0005181796857809095,4.8335975320222446e-08,2.778157099991963e-07,0.042817031005149025,3.3764264424365444e-05,4.4611147382207065e-06,6.440505740882855e-05,0.00010113256260099881,1.2341551390725196e-06,2.586492153752696e-06,0.002923330252071344,0.0003769461596859318,6.483096777119035e-05,0.0010737792885964629,2.5690142218383675e-06,0.0007625739464815003,0.0005770879483897847,0.9490241245130313,6.000317054922286e-07,0.001274255816605504,2.9223456868317627e-05,8.120929250989616e-06,0.0003353957439445146,1.557360022823163e-06,2.484082272666301e-06
43,0.0005485024282846366,3.722638214802566e-08,2.5136673604564626e-07,0.035507920804725514,3.95785482436963e-05,4.663103415634888e-06,7.085882607950704e-05,7.926924241585817e-05,1.091579110675597e-06,2.869118770634991e-06,0.002576677460248355,0.0003333445184844938,7.381806168629923e-05,0.0012112200091377236,2.1194695044588836e-06,0.000720766622136807,0.0006102971054315938,0.9564412770739695,6.049272105572939e-07,0.0013741952387520185,2.8354837306544466e-05,6.055342760254854e-06,0.0003618332120170374,1.853625550831331e-06,2.540251639366543e-06
44,0.0006074602866228875,4.0129837520498054e-08,2.416910152537622e-07,0.03690478352343388,4.116274519829691e-05,3.968870424624183e-06,7.679239411530587e-05,7.680390000841408e-05,1.1026063139756883e-06,2.672460884032937e-06,0.0030675552714141455,0.0003487047788013229,6.690557491747707e-05,0.0015495470324597145,2.3766672582102197e-06,0.000623442284608287,0.0005594566456680629,0.954308517710395,5.490645971169174e-07,0.0013406941923710571,2.4934404293380162e-05,5.959145012775988e-06,0.00038138170652655663,1.7709661314631095e-06,3.175947691068518e-06
45,0.0005928467192508384,4.124809322924326e-08,2.365432793323233e-07,0.037716226222329785,4.265763923667867e-05,3.965961752884243e-06,7.42665764679404e-05,6.606879259326568e-05,1.0990271195200467e-06,2.592515102222858e-06,0.003168850564390419,0.00034380485597821573,6.003052478135679e-05,0.0016650565741564837,2.3651898873159747e-06,0.0005840671210081001,0.0005598202983347569,0.9533000140694279,5.22396167613681e-07,0.0013545067537844245,2.586767382346339e-05,5.863298134674113e-06,0.00042397950404509305,1.72267137263094e-06,3.5272594819528383e-06
46,0.0004495704400566746,5.857625654089863e-08,1.8161463867612567e-07,0.030547618761719027,5.0102288884506285e-05,3.333176095214304e-06,5.6626394951579704e-05,6.319853512494292e-05,1.2160138510667723e-06,2.1694505893733335e-06,0.0044304680128493135,0.0003053498193222056,4.425385412360072e-05,0.0022446714291351213,4.1161107794539975e-06,0.00042716336034945865,0.00028692611859102796,0.9594100993864296,4.775641459705094e-07,0.001292836811326009,1.7036651810453912e-05,4.693767049954022e-06,0.00035276600284518,1.113763856075576e-06,3.952095218866325e-06
47,0.0005211441902271154,4.876314363211335e-08,2.441094044790815e-07,0.037066361061934866,4.755243440141207e-05,4.19065631619353e-06,7.28737652908154e-05,7.273349729290123e-05,1.2603707463322324e-06,2.7294775012281584e-06,0.003795908853727061,0.00037014777209298436,5.639675900099316e-05,0.0017589364967970068,3.064299759643684e-06,0.0005495307006909205,0.0005032752342587248,0.9532419773416816,5.000120418891256e-07,0.0014615033246700593,2.639731971774522e-05,6.093107239859795e-06,0.0004316048475902816,1.5401054350518183e-06,3.985499037164114e-06
48,0.0005978662834911409,4.027619123500926e-08,2.419152784200859e-07,0.037535094239925945,4.139430575509647e-05,3.929926008665314e-06,7.61782751861758e-05,7.643025383861164e-05,1.1077532416682208e-06,2.6469263211182844e-06,0.0031675207998959638,0.00035375856865580395,6.568695842379987e-05,0.0015779182216000007,2.4313408939155443e-06,0.0006200674140807138,0.0005422525346593521,0.953559516041695,5.327663466065473e-07,0.0013556469156768688,2.504863698119322e-05,5.91256646962475e-06,0.00038387719102544603,1.7119158954324635e-06,3.1879724621847583e-06
49,0.0005621598361858558,4.398885572605318e-08,2.7663713044495995e-07,0.03919075451742281,4.197843732029169e-05,4.48818001749277e-06,8.06783903220378e-05,8.437435952945063e-05,1.1722175709386012e-06,2.7969480407618837e-06,0.0030550625879940266,0.00040321064644402866,7.077423635562534e-05,0.0014650836370659161,2.5024780300561603e-06,0.0006852418488174571,0.000579243265513842,0.9518913421138447,5.57872143139751e-07,0.0014459590153071366,2.86240581969518e-05,6.873335452844881e-06,0.00039177203811629037,1.8518257098369774e-06,3.177528612204386e-06
50,0.0008608442446811147,3.5279847088440454e-08,2.6767067002743705e-07,0.03773376738826737,4.8269091898026205e-05,3.822219305174008e-06,0.0001071869890317994,9.386253398461521e-05,1.1774479659372068e-06,3.474908549616367e-06,0.003304832550538111,0.0003686954167091988,9.053867757112423e-05,0.0018793377058397077,2.255705049074391e-06,0.0006632479333328073,0.0006698266493142268,0.9522821494453281,6.235620504088928e-07,0.0014762422607119774,2.1716385501904755e-05,5.787859721487769e-06,0.00037605858183307924,2.326423406905395e-06,3.65306889101368e-06
51,0.0008191889002317678,3.20362947570863e-08,3.097402936730047e-07,0.03223239832292379,5.4799521097911696e-05,4.200219758026687e-06,0.00010743246061512941,7.764165983120129e-05,1.1575543079747455e-06,3.4276065000045874e-06,0.0029823819068508905,0.00037568275072947794,9.100767344571694e-05,0.0018567490695564734,2.0256178991291284e-06,0.0007050856545107434,0.0008021990268497607,0.9578240221373436,6.671215156371192e-07,0.0015862204287524304,2.8278464522060783e-05,5.512515536976908e-06,0.0004333807492209171,2.576822373636384e-06,3.6220390380442657e-06
52,0.0006468277361237895,4.5748096811202214e-08,2.852689895531618e-07,0.038118414191173004,4.6079484851145354e-05,4.194671773659966e-06,9.552590290084284e-05,7.780304200378539e-05,1.213111471786326e-06,2.614703697565876e-06,0.0032324304847981666,0.0004091120621974529,6.464575642192266e-05,0.0017371987943700345,2.573385317347619e-06,0.0006595153433163266,0.0006717253547113959,0.9523991802148672,5.557163393493435e-07,0.0013391022974822593,3.116672543283834e-05,7.174109557684402e-06,0.0004466452279947881,1.9986562576733713e-06,3.972009853702084e-06
53,0.0005482542201137376,3.58437654389369e-08,2.3869273660658173e-07,0.03745430971740596,4.358217150369683e-05,4.007669375264903e-06,8.616861928044677e-05,6.855113221574308e-05,1.0650607689189782e-06,2.482515416329653e-06,0.003225885910638952,0.0003890215008397418,6.253353229266607e-05,0.0016881120085820674,2.321919405923257e-06,0.0006221502100105449,0.0005345847285865719,0.953380109296644,4.469522553934946e-07,0.0014329405053977527,2.7164223785565944e-05,5.561557807724385e-06,0.00041542857929878415,1.6559477744121901e-06,3.3874840976760818e-06
54,0.0006181347540231737,5.4568230443504145e-08,1.9751995667891997e-07,0.03853114528657362,4.09913074375919e-05,4.252216772252873e-06,8.220089480224298e-05,7.296702552263367e-05,1.1984515928207044e-06,2.4411609413078013e-06,0.003132894999378863,0.0003458120515982007,5.226908931995091e-05,0.0017555425915597661,2.8745486383549367e-06,0.0005438701378587343,0.0005121846996023681,0.9527572045175278,5.57125828659293e-07,0.0011188258492365777,2.2211960758740165e-05,7.144296554280665e-06,0.0003889896701442328,1.7347483699879357e-06,4.300527770941788e-06
55,0.0008008032412657783,5.8667420198050974e-08,3.1831000243838625e-07,0.046889644474418124,4.626853237393477e-05,4.240627798770159e-06,7.735450065287874e-05,8.199677608294475e-05,1.3675933485666647e-06,3.4143317709779066e-06,0.004119554859927359,0.00026878411670238825,6.17196983217229e-05,0.0015250331694290323,3.002286022429116e-06,0.0006352078740702185,0.0007393413785398906,0.9429149185823135,7.764365154683502e-07,0.001329929453173603,3.0186993973628274e-05,7.744730062777531e-06,0.0004526018022847,1.867296461304877e-06,3.864267067304763e-06
56,0.0005987302299594223,3.846506588908741e-08,2.377062014112312e-07,0.03605919767634611,4.004651775713122e-05,3.941914199252595e-06,7.489170854277789e-05,7.71201966069965e-05,1.0645192756346088e-06,2.6663028964062786e-06,0.00293242836584065,0.00034002775676753857,6.975709303566037e-05,0.0015038833408237543,2.279983996717463e-06,0.0006281716641507465,0.0005496197215578178,0.9553651612934261,5.525510376606047e-07,0.001346078871778791,2.419978822687643e-05,5.708441282985579e-06,0.00036941537970529504,1.7911779214818882e-06,2.9893335969181784e-06
57,0.0006012185869294285,3.905082252522234e-08,3.383518424457618e-07,0.036950392628502284,4.95675107032395e-05,4.5670003217820565e-06,8.755708228555951e-05,8.965128309710599e-05,1.2075639806323189e-06,3.2995957738449733e-06,0.003102035162262834,0.0004444840144725131,8.732338475739075e-05,0.0016151599003035317,2.423221775100779e-06,0.0007586233269932717,0.0006560254546702575,0.953350492125059,6.101220307051624e-07,0.001741721597539557,3.166147468810985e-05,6.38328257990842e-06,0.0004099006528887701,2.1543176330292254e-06,3.1633080870860417e-06
58,0.0006063107432257652,3.977856727787991e-08,2.4259294052018435e-07,0.034854344582665356,4.041349346536646e-05,4.0958700184659125e-06,7.651520361391403e-05,7.687790886290184e-05,1.0647939458595408e-06,2.6992445985380084e-06,0.002776370418377887,0.0003447252894028134,7.12495023601055e-05,0.0015073884625969873,2.2620301969783713e-06,0.0006336140537695498,0.000577793846758479,0.9566734175091818,5.785939583223184e-07,0.0013357422154589966,2.4975503913230225e-05,5.886212533141229e-06,0.00037836282373895105,1.946771702916882e-06,3.0825541460302122e-06
59,0.0006121670519779713,3.957486166074217e-08,2.560502644048322e-07,0.03584528765618609,4.1239356646045415e-05,4.0984559496144775e-06,7.901755734548084e-05,7.96996438798984e-05,1.085136348538614e-06,2.7595727635852216e-06,0.0028627897899935017,0.0003560124709546605,7.346080369079032e-05,0.0015221463484696755,2.2895596815999533e-06,0.000652051324915115,0.0005871753324069674,0.9554650482855042,5.751571981075638e-07,0.001391929584677023,2.580788087583004e-05,5.948927714088831e-06,0.0003840604875012476,1.9620430230647225e-06,3.0919471709926428e-06
60,0.0006074602866228875,4.0129837520498054e-08,2.416910152537622e-07,0.03690478352343388,4.116274519829691e-05,3.968870424624183e-06,7.679239411530587e-05,7.680390000841408e-05,1.1026063139756883e-06,2.672460884032937e-06,0.0030675552714141455,0.0003487047788013229,6.690557491747707e-05,0.0015495470324597145,2.3766672582102197e-06,0.000623442284608287,0.0005594566456680629,0.954308517710395,5.490645971169174e-07,0.0013406941923710571,2.4934404293380162e-05,5.959145012775988e-06,0.00038138170652655663,1.7709661314631095e-06,3.175947691068518e-06
61,0.0006245761316166855,4.109595908386138e-08,2.5930738028729566e-07,0.03613171306225796,4.252144702252091e-05,4.1358342449378395e-06,7.977062459482111e-05,7.86213132018872e-05,1.1286695297177895e-06,2.7762877108607427e-06,0.003003294533056332,0.0003613708518268966,7.079829869169481e-05,0.0015655079825276574,2.3896320137574164e-06,0.0006475605330694226,0.0005935915065620571,0.9549848115892994,5.815833134659802e-07,0.001373147513597253,2.6411107990803357e-05,6.148652234469251e-06,0.00039367433478720496,1.9221996282251248e-06,3.24590788278486e-06
62,0.0006074602866228875,4.0129837520498054e-08,2.416910152537622e-07,0.03690478352343388,4.116274519829691e-05,3.968870424624183e-06,7.679239411530587e-05,7.680390000841408e-05,1.1026063139756883e-06,2.672460884032937e-06,0.0030675552714141455,0.0003487047788013229,6.690557491747707e-05,0.0015495470324597145,2.3766672582102197e-06,0.000623442284608287,0.0005594566456680629,0.954308517710395,5.490645971169174e-07,0.0013406941923710571,2.4934404293380162e-05,5.959145012775988e-06,0.00038138170652655663,1.7709661314631095e-06,3.175947691068518e-06
63,0.0005759215163839738,4.356807834422726e-08,2.275298537217021e-07,0.03572429628006769,3.9535634873658345e-05,3.986039129040154e-06,7.123329966236701e-05,7.334243176748048e-05,1.0962113169674585e-06,2.5014291225122206e-06,0.0029838160900954305,0.0003312932886352977,6.15902936546056e-05,0.0014962843526298418,2.463576513302161e-06,0.0005932553158309771,0.0005365369079993648,0.9558334169001349,5.559951560971026e-07,0.001255355643211434,2.4526638940757462e-05,6.095681098636957e-06,0.0003777321150060989,1.6948532763363904e-06,3.1984075611089746e-06
64,0.0005722284707868035,4.082244485791322e-08,2.5915064255574593e-07,0.03596330045552856,4.140511039679934e-05,4.146398529340908e-06,7.403396334408278e-05,7.324349701544698e-05,1.0813234663327469e-06,2.5893962812136663e-06,0.003000111662565148,0.0003619277169419734,6.528229480403306e-05,0.001530028497494077,2.423565173317712e-06,0.0006459368238714565,0.0005691217810406703,0.9552986308465322,5.543440743722873e-07,0.0013562960444492144,2.8689260652589857e-05,6.053237577036934e-06,0.0003977590778200138,1.77352777454773e-06,3.0827307931449057e-06
65,0.000618780719703959,4.004050565178073e-08,2.447230059639611e-07,0.037090758027918766,4.154682799175834e-05,3.961474586582502e-06,7.78310995493464e-05,7.81825676477794e-05,1.1150841807703146e-06,2.7135095909387728e-06,0.0031036995441506517,0.00035089763852698267,6.795125498085738e-05,0.001557999089766644,2.384014571827851e-06,0.0006283158095031267,0.0005652295008650342,0.9540441276575163,5.543361961554048e-07,0.0013474954323116116,2.486915931763502e-05,5.991403397010556e-06,0.00038034349029065096,1.783071645511944e-06,3.184522278397102e-06
66,0.0005630855563675625,4.518484084734831e-08,2.1426946453480166e-07,0.036092337044654324,3.693157537626955e-05,3.885879253498407e-06,6.793898309086829e-05,7.296387399132507e-05,1.086441153229424e-06,2.358514089711537e-06,0.003035309976359059,0.0003394953200102553,5.6189275544110085e-05,0.0015059427756034377,2.590677062344021e-06,0.0005688488847195727,0.0005153405868374397,0.9555426134653905,5.245934545944008e-07,0.0011770742408381454,2.44209452806409e-05,6.2498219963253255e-06,0.00037964822927932817,1.6004467670053618e-06,3.303438575059139e-06
67,0.00036129159721690085,4.069009825780315e-08,1.7630275328526084e-07,0.030630386164559483,2.8988757592884992e-05,4.325250642878775e-06,5.5773075761897464e-05,4.5252534450857254e-05,7.326452901411568e-07,1.681412269004221e-06,0.001964130645224615,0.0002812535276617344,4.560557602074266e-05,0.0012707205933293715,1.9670866048180635e-06,0.000512837288929918,0.00046392585369522325,0.9627281425201354,4.3567689747553246e-07,0.0011398100351077236,2.8131456473071184e-05,5.045098467919023e-06,0.00042473510446284894,1.6552154865659225e-06,2.9558908667466617e-06
68,0.0004982707613242132,4.076609715248709e-08,2.3675744323947885e-07,0.034513013365163644,3.868115713826086e-05,4.401245493073152e-06,7.863438660125313e-05,7.806351909384895e-05,1.0317180492870634e-06,2.3625777978614967e-06,0.0028169169087114997,0.0004212030060288385,6.306273337564893e-05,0.0014895774522806287,2.5486246503602544e-06,0.0006249596183887378,0.000510492304489544,0.9571139569659278,4.743487286475918e-07,0.0013238707758911159,2.892133129107901e-05,6.265290596695294e-06,0.000378189152800604,1.7319404264335396e-06,3.0932922106513908e-06
69,0.0006876467872043596,4.221459600094434e-08,2.707836211022288e-07,0.03790747516795695,4.450206685913799e-05,4.297177970011317e-06,8.931358196789712e-05,8.073677928193126e-05,1.146819205572235e-06,2.91810953615289e-06,0.0029659220630308927,0.0003765431830796042,7.339163326370785e-05,0.001688791989171913,2.3648311098793747e-06,0.0006940426517428589,0.0006349363416347522,0.9529642171316413,6.240856473550783e-07,0.0013459576468345725,2.679156519716939e-05,6.582325081432176e-06,0.0003959157412936194,2.1375242556367505e-06,3.4317988161704623e-06
70,0.0006448803554470567,4.1151125317284195e-08,2.3395071668158666e-07,0.033017052896583826,4.1333582485142516e-05,3.821787739850234e-06,7.591831568003916e-05,7.592800508154744e-05,1.101894502190169e-06,2.61261293110965e-06,0.0029772296939398887,0.0003416146042876644,6.59418578480325e-05,0.0015988009965333587,2.439218673206106e-06,0.0005859189312752261,0.0005907215949285767,0.9583092283750889,5.798229629853054e-07,0.0012455161096914487,2.4703161132853978e-05,5.948913080531598e-06,0.0003832061797147386,1.8604762327449784e-06,3.365512317285005e-06
71,0.0005797054082588014,4.089090597693119e-08,2.3507282537649188e-07,0.03643308473465429,3.9581784245966175e-05,3.9243082908381925e-06,7.200811070191211e-05,7.438551227225198e-05,1.0761545873101747e-06,2.5461666888989575e-06,0.003027832614382237,0.00034278882589200817,6.365602628891923e-05,0.0015091508480270586,2.4017641577210765e-06,0.0006114949114333872,0.0005381787410526013,0.9549865476082703,5.402242388697981e-07,0.001297622449707875,2.501727525229969e-05,5.944932371716919e-06,0.00037745711295090263,1.6928474217558466e-06,3.085675120768902e-06
