,0,1,2,3,4,5,6,7,8,9,10,11,12,13,14,15,16,17,18,19,20,21,22,23,24
0,7.616047482542246e-07,0.9407941310865462,1.2801790762403987e-06,2.477884820124378e-06,1.5145489437209238e-05,3.129140993125937e-06,2.4559555770275473e-08,7.4694302021871e-06,0.0004715065352586358,3.2594295523799555e-08,0.0001012972321379018,1.809857446763661e-05,6.2501505123254256e-12,5.02924339660226e-07,0.03232649601751967,6.917616506310988e-08,1.3402934573573213e-07,4.5777635023120606e-08,4.828160919621818e-05,3.476519014478577e-11,7.420985308943022e-07,0.025504877096313473,4.6691836278106363e-07,1.2643927330748446e-09,0.000703028735644448
1,4.866661875312173e-07,0.9503776693873212,1.122125865635501e-06,1.1574750169448546e-06,1.4681980408023473e-05,2.5855725185828776e-06,1.6288720525583604e-08,4.18908352947948e-06,0.00037820658187025485,2.2473059158152074e-08,6.806232722517624e-05,1.2948398033176162e-05,3.315056187330122e-12,3.575617071391216e-07,0.02820929517287401,3.979709843508219e-08,9.284357493921529e-08,2.6355512668216273e-08,4.314939500763912e-05,2.0876384085765743e-11,5.984454695489182e-07,0.020240666289628916,3.416415808804573e-07,9.49710463657111e-10,0.0006442831638881994
2,5.393751467794431e-07,0.9309262307108865,8.737583367286602e-07,1.1084868742170908e-06,1.605049986783529e-05,2.3871991644777703e-06,1.7436090569205138e-08,4.326622352090525e-06,0.0003833643780798012,2.6600178211216173e-08,0.00010862196556622827,1.940466327433209e-05,3.252056511896884e-12,6.555653417691023e-07,0.049240033163503685,2.8718569873009604e-08,8.912544724090483e-08,3.504767191698674e-08,2.8161167419365992e-05,2.8341180252877623e-11,7.44460200215615e-07,0.018255314998409173,5.473864837710899e-07,1.0309447003537397e-09,0.0010114376085971477
3,4.67596474691687e-07,0.9434128494560016,8.314676032976505e-07,1.121524182638617e-06,1.239253022734826e-05,2.6332267942564977e-06,2.0593582575446588e-08,3.7882731663424157e-06,0.000278698368135314,2.0439318730780677e-08,6.650524387851191e-05,1.673486770007386e-05,3.126404536344363e-12,5.26617916236925e-07,0.03302581411078812,3.531028590379513e-08,1.0495034000511243e-07,3.420268905181515e-08,3.390964296441442e-05,2.1272402180368673e-11,6.911543805203408e-07,0.022309396457508106,4.395882243292245e-07,1.2929493459543795e-09,0.0008329830604898214
4,5.027326732506169e-07,0.944143591476797,8.581688961518042e-07,1.1592391737410763e-06,1.2796471070358212e-05,2.7867932545120073e-06,2.1934739926759844e-08,3.9419060324927955e-06,0.0002721343570642351,2.118091340709593e-08,6.552346821832747e-05,1.709677977987072e-05,3.652200863828298e-12,5.799026448025376e-07,0.03277517018442105,3.9096887125718466e-08,1.0999142706047811e-07,3.875656805849686e-08,3.737071339331777e-05,2.3311352697541384e-11,7.086016612526887e-07,0.021839529242276143,4.590314880059753e-07,1.4859321580818864e-09,0.0008255584577242541
5,4.2292181352002814e-07,0.947471890081505,6.701075987814475e-07,1.1439274052789984e-06,1.0566276321374512e-05,2.5931333040475693e-06,1.711289776779903e-08,3.5714694427219524e-06,0.00024011748990562679,1.7778072458788648e-08,5.91656393904451e-05,1.3805946389415776e-05,3.09772770177167e-12,4.810032415484104e-07,0.03122951455050825,3.3827998555182355e-08,9.77530536958538e-08,3.9312113773393783e-08,3.352104864463826e-05,2.0700805997698425e-11,6.539565403499217e-07,0.020222710494943483,4.297335010361214e-07,1.2371307142645215e-09,0.0007085351744788167
6,4.67596474691687e-07,0.9434128494560016,8.314676032976505e-07,1.121524182638617e-06,1.239253022734826e-05,2.6332267942564977e-06,2.0593582575446588e-08,3.7882731663424157e-06,0.000278698368135314,2.0439318730780677e-08,6.650524387851191e-05,1.673486770007386e-05,3.126404536344363e-12,5.26617916236925e-07,0.03302581411078812,3.531028590379513e-08,1.0495034000511243e-07,3.420268905181515e-08,3.390964296441442e-05,2.1272402180368673e-11,6.911543805203408e-07,0.022309396457508106,4.395882243292245e-07,1.2929493459543795e-09,0.0008329830604898214
7,1.0921630907409732e-06,0.9327663890192934,1.4703746449186693e-06,1.8974933137909687e-06,1.9616911199619416e-05,3.042317705419946e-06,3.802359163988684e-08,7.413003320802928e-06,0.00045658644702385905,4.570495431129388e-08,0.00010993874994315624,2.259454271726925e-05,7.005916718588761e-12,6.60914278595631e-07,0.03381750531265982,5.620787711796531e-08,1.5318430527947368e-07,3.940278029504299e-08,5.715278969848188e-05,3.24572930230326e-11,6.057531943728095e-07,0.031743345648269965,4.099067322323945e-07,1.85153498519313e-09,0.0009899442384066967
8,6.129975017152809e-07,0.9353767074016534,1.2382273276669777e-06,1.4196073012277964e-06,1.5606305797777233e-05,2.9751051704412504e-06,2.8014787325785625e-08,4.097942302329708e-06,0.0003098563200241959,3.11092873471133e-08,9.235600082475268e-05,2.525814594036513e-05,4.222091959119828e-12,8.671833020633132e-07,0.03897135549983124,4.109337162842039e-08,1.3688846490136195e-07,3.890975225587595e-08,3.2992771607206045e-05,3.3044017543790424e-11,9.896182329932557e-07,0.023943968075312384,6.878897388871002e-07,1.9185334232105666e-09,0.0012187329366684745
9,4.48747923425977e-07,0.947940395286146,8.75863590260085e-07,1.062476527001808e-06,1.333294100107244e-05,2.959211851477368e-06,2.3071161182099587e-08,4.282978637745477e-06,0.0002951005733361188,1.7908254926225918e-08,5.1327418240271556e-05,1.4558180565338077e-05,3.4925470874850874e-12,3.8017215788186944e-07,0.026141881993872077,4.4578827306240374e-08,1.1206992926572806e-07,3.383928921946484e-08,4.466684539797508e-05,1.871468644223393e-11,6.228701737689323e-07,0.024855931096436298,3.1852277912776035e-07,1.259457260943657e-09,0.0006316220722376739
10,4.67596474691687e-07,0.9434128494560016,8.314676032976505e-07,1.121524182638617e-06,1.239253022734826e-05,2.6332267942564977e-06,2.0593582575446588e-08,3.7882731663424157e-06,0.000278698368135314,2.0439318730780677e-08,6.650524387851191e-05,1.673486770007386e-05,3.126404536344363e-12,5.26617916236925e-07,0.03302581411078812,3.531028590379513e-08,1.0495034000511243e-07,3.420268905181515e-08,3.390964296441442e-05,2.1272402180368673e-11,6.911543805203408e-07,0.022309396457508106,4.395882243292245e-07,1.2929493459543795e-09,0.0008329830604898214
11,4.978888108450332e-07,0.9422917544014071,8.958474575292607e-07,1.1797131949186175e-06,1.2755440071478775e-05,2.8455454891362243e-06,2.2451639578239607e-08,4.2935410249703036e-06,0.0002878915406339827,2.2410034650888804e-08,6.710466026119427e-05,1.798761365525612e-05,3.766619512164435e-12,5.376818174413454e-07,0.032851885213261385,4.0082097130402584e-08,1.1436735190225567e-07,3.777158392190917e-08,3.754234176643733e-05,2.341982372247331e-11,7.103041720857249e-07,0.02360801553400397,4.3846856296872464e-07,1.4496848376153346e-09,0.0008134257048309008
12,4.4302460345232277e-07,0.9567537235913595,7.216154586811318e-07,8.367463969958393e-07,4.3888148008351523e-05,3.170420654138886e-06,3.7575770010745206e-08,9.343809241678159e-07,0.00023572652214862174,1.2391146574862319e-08,6.496853474669052e-05,1.6443017269049853e-05,2.617686487962581e-12,2.830105161167591e-06,0.032068527006557074,2.7789837447507766e-08,1.1993167797288405e-07,6.456605595881775e-08,2.1662468337161814e-05,4.848487887515757e-11,1.4265526168635536e-06,0.00809442348875944,2.0713211291588575e-06,2.7957233485060334e-09,0.0026879379545554916
13,6.425268867394875e-07,0.9261197020809403,1.1125123672336547e-06,1.4434093919909126e-06,1.5295474792586427e-05,2.6227265943471594e-06,2.4817738823508447e-08,5.048025955004054e-06,0.00034236250797644164,2.863967178394372e-08,0.00011756481836628804,2.543670861105114e-05,4.175974511366368e-12,8.423469690565076e-07,0.04929055331173811,4.2184768272445007e-08,1.2165006468509706e-07,4.365773884939157e-08,3.2601722768214644e-05,3.207434615307155e-11,9.472883906304887e-07,0.02301264764607546,6.294215949741235e-07,1.4459156469481057e-09,0.0010302850384330347
14,5.664326781407535e-06,0.6537247352373653,4.137040164950309e-06,5.174359498155234e-06,4.3839801296970655e-05,7.058570600446557e-06,9.299367634549365e-07,3.646678540986389e-05,0.0011122867910703593,2.433161759144164e-07,0.00045238787495600316,0.0009223235872681065,1.4447926314438784e-11,1.7770784424171886e-05,0.12165454500866732,1.4688207632872826e-07,2.4884073718075023e-06,1.0244054111825596e-07,3.459655725380311e-05,1.3612661471798408e-10,4.357434971497964e-06,0.19996385647125184,2.6204283769889253e-06,1.7870688101829717e-08,0.02200424993645162
15,4.67596474691687e-07,0.9434128494560016,8.314676032976505e-07,1.121524182638617e-06,1.239253022734826e-05,2.6332267942564977e-06,2.0593582575446588e-08,3.7882731663424157e-06,0.000278698368135314,2.0439318730780677e-08,6.650524387851191e-05,1.673486770007386e-05,3.126404536344363e-12,5.26617916236925e-07,0.03302581411078812,3.531028590379513e-08,1.0495034000511243e-07,3.420268905181515e-08,3.390964296441442e-05,2.1272402180368673e-11,6.911543805203408e-07,0.022309396457508106,4.395882243292245e-07,1.2929493459543795e-09,0.0008329830604898214
16,8.512430645653671e-07,0.914035800200718,1.8376946859335437e-06,1.9317727430066587e-06,1.9268272371829978e-05,3.986088156012555e-06,4.4284963165769166e-08,7.068025902486545e-06,0.00028571650096141887,3.409179321539884e-08,0.00012596103986599742,4.023184226756826e-05,8.552170491161232e-12,1.4202655650383516e-06,0.05677120494641392,9.658995782572823e-08,2.1648174491875688e-07,9.148328043407626e-08,5.1261549067247556e-05,5.7243996231508144e-11,2.012926364836681e-06,0.02772693784056187,9.028104672860308e-07,3.134883399510641e-09,0.0009231208484040356
17,9.403590222984644e-07,0.9203751075702988,1.344261296785036e-06,1.7866946789739108e-06,2.2376272018383317e-05,2.9111869825966637e-06,6.01253439100061e-08,5.8657425802789876e-06,0.00041453509538719527,2.9293508226370776e-08,0.00011647617603500468,4.204605756689015e-05,5.184113502544026e-12,1.4513143095845522e-06,0.04525177542540959,5.3142370291907015e-08,1.931903994665603e-07,4.724514522341026e-08,3.058519702933494e-05,3.645625298427638e-11,1.2453803686762094e-06,0.03196307833849116,8.158098533176555e-07,2.3568263798703606e-09,0.0017672737234371045
18,4.75511888079282e-07,0.9456676150518205,4.1925711363168373e-07,7.467544444200573e-07,1.0471890000735236e-05,2.0765921590371104e-06,2.374548826799583e-08,2.144264985071706e-06,0.0002520281267642499,1.4427589045811717e-08,4.9035367773170744e-05,1.1579729273432352e-05,1.632282840644189e-12,5.05092475488965e-07,0.025247068394306363,1.765012199979682e-08,1.50020685721608e-07,3.2144043571399615e-08,2.7587382426175463e-05,1.3429645694350251e-11,5.032897198261972e-07,0.02720109341054457,4.6957625347022204e-07,1.3156684518154021e-09,0.001525940989392885
19,6.026837894171784e-07,0.9245863967831809,1.550226325330215e-06,1.6908607698824807e-06,1.7840778911456423e-05,4.20491975911556e-06,4.413392059809826e-08,7.504550628591567e-06,0.00042129540506625904,4.371572948404033e-08,8.169867203724606e-05,3.379781242607028e-05,6.209902956762403e-12,5.544301047524226e-07,0.033633775744765206,5.884435996591431e-08,1.721887692815406e-07,3.4389209520017695e-08,4.202690906230134e-05,3.5555957882867126e-11,8.869270730566733e-07,0.04010081033233363,4.439970651261546e-07,2.0733213219731857e-09,0.0010645635796258347
20,2.4852685826486726e-07,0.9377793817665474,5.231173631616676e-07,7.923015258394231e-07,6.601559876878105e-06,2.3826428255818457e-06,1.2045034637457513e-08,3.505461842534572e-06,0.00019620523639373713,1.5239954114965765e-08,5.442062410566913e-05,1.598444574664077e-05,2.1673035819139664e-12,3.105830778142197e-07,0.038054929453343385,2.3620328532327505e-08,7.560300510831475e-08,3.1709999060683856e-08,2.1925329723480518e-05,1.527936217400028e-11,6.719603124670624e-07,0.023320455956028337,3.4507733691362815e-07,8.840437872005373e-10,0.0005411568372803866
21,7.823313728586781e-07,0.92783218964834,1.3143989719529352e-06,1.821907116032719e-06,1.6609501126802594e-05,2.65087416655375e-06,2.5959503350188318e-08,5.061383823079351e-06,0.0003412433366731432,2.737557044687177e-08,0.0001299538805914319,2.5403707630720747e-05,4.852391229784736e-12,1.0761187162195606e-06,0.050722548108874325,5.437061646436553e-08,1.2181155305656102e-07,5.1014250057762985e-08,3.621999474044042e-05,3.754571697074918e-11,1.1417881757076882e-06,0.019916320798819033,7.602391493289664e-07,1.5629822528456556e-09,0.0009646198448384985
22,6.912385584521053e-07,0.9229985669525292,1.5177941984431528e-06,1.8822193811426878e-06,1.598212929154616e-05,3.0088878947927953e-06,2.698346655545766e-08,5.572446591408272e-06,0.0003562717719525913,3.6929335030607844e-08,0.00013733559528415803,2.3793676532916176e-05,5.165489477199283e-12,7.094158765463866e-07,0.04654686671447003,5.5464106054478036e-08,1.882590074824756e-07,5.5261803741160296e-08,4.066688792876207e-05,4.3597288470093923e-11,1.321960100300603e-06,0.02891617350289078,7.369218719091158e-07,1.645066343720222e-09,0.000948537293099072
23,4.67596474691687e-07,0.9434128494560016,8.314676032976505e-07,1.121524182638617e-06,1.239253022734826e-05,2.6332267942564977e-06,2.0593582575446588e-08,3.7882731663424157e-06,0.000278698368135314,2.0439318730780677e-08,6.650524387851191e-05,1.673486770007386e-05,3.126404536344363e-12,5.26617916236925e-07,0.03302581411078812,3.531028590379513e-08,1.0495034000511243e-07,3.420268905181515e-08,3.390964296441442e-05,2.1272402180368673e-11,6.911543805203408e-07,0.022309396457508106,4.395882243292245e-07,1.2929493459543795e-09,0.0008329830604898214
24,4.294031081494273e-07,0.9486911616347949,7.114379924589172e-07,1.1681388451784845e-06,1.232554306243108e-05,2.430792510002258e-06,1.736831707413475e-08,3.389963106194793e-06,0.0002630834565027002,1.8347018221967632e-08,6.274893886657744e-05,1.4849360801838823e-05,3.0184918231057478e-12,5.287498198158449e-07,0.03138405060466163,3.083133189264726e-08,8.63577533748469e-08,3.3880895204225156e-08,2.945033979306264e-05,2.1566439385306244e-11,6.367389145481654e-07,0.018731853660696837,4.546102519532212e-07,1.1740033780112744e-09,0.0008005386423674506
25,1.5080754093521256e-06,0.8832294507924178,2.046543973686415e-06,2.9187489543193835e-06,2.860553214369134e-05,3.466121514559327e-06,7.165497008276482e-08,1.2111355740542414e-05,0.0005901903784216693,6.672145903623012e-08,0.00028229162097525044,6.294312209516022e-05,1.0514558265257694e-11,1.93476385961977e-06,0.07698941830663285,7.912639296684492e-08,2.4331091015984236e-07,7.530889468145798e-08,3.9579903209483586e-05,7.305679309331056e-11,1.498057304530134e-06,0.03696133824212262,1.005229208296822e-06,2.6241797889350526e-09,0.0017891543756384336
26,4.4935902643492596e-07,0.9585607068856138,6.691681942229083e-07,9.76714003255131e-07,1.2460880631411734e-05,2.594019810176602e-06,1.569938830569516e-08,2.7719857358319468e-06,0.0002874126675689613,1.6921886464737134e-08,4.8151299748738e-05,9.082659756664015e-06,2.7672956417291067e-12,3.695215894235425e-07,0.021782095432574096,2.96962996636179e-08,1.1083489652813147e-07,3.402639488805648e-08,4.1362474230574604e-05,1.8147135438615105e-11,5.234943729758147e-07,0.01846836596455477,3.9254778709621286e-07,1.1358514115789547e-09,0.0007814065891696127
27,3.155542664510032e-07,0.9511473906810278,4.4930645271560746e-07,7.988547453563637e-07,8.135358682141266e-06,2.033764165811534e-06,1.2750844970623054e-08,2.8908265188658e-06,0.00026115730436944803,1.4289603599203222e-08,4.815573730393942e-05,1.0404326020206929e-05,1.6999699559783352e-12,2.856745826733464e-07,0.02722826803599518,1.952445373490261e-08,6.758948999324474e-08,2.134736821121594e-08,2.554186799233698e-05,1.1315217582946297e-11,3.647870365536341e-07,0.02054244928658538,2.7803593467248803e-07,7.176317937025927e-10,0.00072094436591311
28,4.67596474691687e-07,0.9434128494560016,8.314676032976505e-07,1.121524182638617e-06,1.239253022734826e-05,2.6332267942564977e-06,2.0593582575446588e-08,3.7882731663424157e-06,0.000278698368135314,2.0439318730780677e-08,6.650524387851191e-05,1.673486770007386e-05,3.126404536344363e-12,5.26617916236925e-07,0.03302581411078812,3.531028590379513e-08,1.0495034000511243e-07,3.420268905181515e-08,3.390964296441442e-05,2.1272402180368673e-11,6.911543805203408e-07,0.022309396457508106,4.395882243292245e-07,1.2929493459543795e-09,0.0008329830604898214
29,4.67596474691687e-07,0.9434128494560016,8.314676032976505e-07,1.121524182638617e-06,1.239253022734826e-05,2.6332267942564977e-06,2.0593582575446588e-08,3.7882731663424157e-06,0.000278698368135314,2.0439318730780677e-08,6.650524387851191e-05,1.673486770007386e-05,3.126404536344363e-12,5.26617916236925e-07,0.03302581411078812,3.531028590379513e-08,1.0495034000511243e-07,3.420268905181515e-08,3.390964296441442e-05,2.1272402180368673e-11,6.911543805203408e-07,0.022309396457508106,4.395882243292245e-07,1.2929493459543795e-09,0.0008329830604898214
30,4.67596474691687e-07,0.9434128494560016,8.314676032976505e-07,1.121524182638617e-06,1.239253022734826e-05,2.6332267942564977e-06,2.0593582575446588e-08,3.7882731663424157e-06,0.000278698368135314,2.0439318730780677e-08,6.650524387851191e-05,1.673486770007386e-05,3.126404536344363e-12,5.26617916236925e-07,0.03302581411078812,3.531028590379513e-08,1.0495034000511243e-07,3.420268905181515e-08,3.390964296441442e-05,2.1272402180368673e-11,6.911543805203408e-07,0.022309396457508106,4.395882243292245e-07,1.2929493459543795e-09,0.0008329830604898214
31,7.421639218966247e-07,0.9373643158882813,1.190612775042452e-06,1.3313848057600657e-06,1.3829974112900661e-05,2.800473350907549e-06,2.3285066000122546e-08,6.801058998784546e-06,0.0003198742258248438,2.5595153914140417e-08,7.644826033503636e-05,2.2951552864080506e-05,6.092564307139879e-12,5.921587050836882e-07,0.035507985758141826,5.62787131888997e-08,1.333607336955447e-07,4.97255737902388e-08,5.201913179877945e-05,2.5544353623282164e-11,8.010314884191114e-07,0.02597033871393558,3.862335730650065e-07,1.6578417655496485e-09,0.000657301442367533
32,4.2818148943374134e-07,0.9493638015866936,7.55631300318716e-07,9.945275120435758e-07,1.1212428661323856e-05,2.5342417034280384e-06,1.7256801976335517e-08,3.3652982750972377e-06,0.00025086776267373823,1.780777424995272e-08,5.550734622306829e-05,1.3656835463727098e-05,2.9568305529760714e-12,4.452146330521779e-07,0.028918694105346667,3.343196792113653e-08,9.688490245401617e-08,3.355561734144336e-08,3.648168563656199e-05,1.8627444902283522e-11,6.112474862002624e-07,0.020625103489293903,3.877541044358935e-07,1.2275515436720839e-09,0.0007149524773033914
33,2.890712167237314e-07,0.9611129310623548,4.796221360104702e-07,7.1021680877193e-07,5.990782842621645e-06,2.940716312349065e-06,1.6782013994074553e-08,2.54576111116671e-06,0.00010050252776387746,9.704719447340732e-09,1.4162307089139871e-05,8.818014022120808e-06,3.4472461653681333e-12,2.618508890424137e-07,0.011544408565599061,4.406154849172214e-08,1.1542631185992914e-07,4.314852405786089e-08,6.425858691874239e-05,1.0311439267713541e-11,3.8212563056068417e-07,0.02677842065004316,1.889303329920189e-07,2.3076792573802057e-09,0.0003624777643729996
34,1.1185096440357645e-06,0.9447607607412826,1.1820210240668081e-06,1.4494895942534981e-06,1.8988968198558533e-05,2.1233224107994444e-06,2.2409207027221322e-08,4.809287177125284e-06,0.0003888153191440565,2.540726198201894e-08,0.00010026341027141656,1.516261482076728e-05,4.604700384683665e-12,7.770306434538057e-07,0.033941453822020656,4.4946671960400694e-08,1.247967960896523e-07,4.3027995485518413e-08,5.596828939798926e-05,2.4791297025761576e-11,6.380199481355029e-07,0.019827517387077657,4.5185680381119463e-07,1.3803496293853685e-09,0.0008782579128625064
35,4.5646351734131256e-07,0.9549149103852561,4.6592419741432946e-07,8.744633696621068e-07,8.402268391607347e-06,1.6760790912197322e-06,1.1237142341891267e-08,4.728870863080567e-06,0.0004087491438554862,1.3804529409327293e-08,4.1054154319775725e-05,7.854821867647963e-06,1.9328196653405972e-12,1.4858896352655147e-07,0.018979823686438562,2.1143021205938548e-08,6.605447907159294e-08,1.6039447007280065e-08,3.6329586277331096e-05,7.212621117311987e-12,2.1563672618965788e-07,0.02508984997621091,1.3201819318220494e-07,4.6080095950970005e-10,0.0005041991838954409
36,2.955899791283369e-07,0.9710492988984855,7.681896330960591e-07,8.615104664587323e-07,1.4476924826668763e-05,2.269441599000962e-06,6.571721024348141e-09,1.3864422041941103e-06,0.00022367519417118293,1.524025369876817e-08,4.7563501232484024e-05,4.202443111965622e-06,1.8525312850145673e-12,2.967880496629038e-07,0.02087934380302014,2.080425254578373e-08,4.1145520655578893e-08,2.0400338728542318e-08,3.360162509694785e-05,1.8220140162939084e-11,4.7439639686226087e-07,0.007239616291663977,3.9672388107679547e-07,6.880600538911663e-10,0.0005013673659624148
37,7.069130676905552e-07,0.9400758708787275,1.0769361419085402e-06,1.2935896406171807e-06,1.5927214812748835e-05,2.9965651346904117e-06,3.308412566353668e-08,3.7446814685130072e-06,0.0002373877606525682,2.140904317172265e-08,7.321157196025577e-05,2.249359644979232e-05,4.6365982036489575e-12,1.130520196773223e-06,0.03693201656875,5.274273629488692e-08,1.519128510941533e-07,5.7104838782017506e-08,4.266620820081242e-05,3.049144477478344e-11,1.0945406004492597e-06,0.021537418917557515,6.975474995640429e-07,2.519175673049921e-09,0.001049947181239674
38,3.716471413137227e-07,0.9423195721176957,8.152887113570339e-07,1.0543222233765155e-06,9.87338464865709e-06,3.260024689593967e-06,2.1897891996445867e-08,3.696566011377899e-06,0.0002008268651372287,1.6807060213627134e-08,5.663744956523587e-05,1.6261269611852574e-05,3.488319087930321e-12,4.913540971104693e-07,0.034331350656144385,4.8146675759181516e-08,1.0930867100075542e-07,4.5722369891430403e-08,3.9593938829296895e-05,2.173023545178497e-11,8.570287157706219e-07,0.022413067904142627,4.453358327893418e-07,1.5457945575723967e-09,0.0006015813931204038
39,2.161980874190079e-07,0.9498634049997292,9.152873511936845e-07,7.926833262783016e-07,8.413766461960898e-06,3.7124720308381908e-06,1.4298087700945163e-08,3.6716927039101155e-06,0.00019761295182273,1.2618270498879949e-08,3.081174365189431e-05,1.586086727939269e-05,2.8161540133583806e-12,2.2319192491115686e-07,0.02321360969164488,4.501459338029484e-08,1.0746970502977716e-07,3.377668820182517e-08,3.7562585024575107e-05,1.6205838079381806e-11,1.0019744911772336e-06,0.026222304475812825,2.932069295966176e-07,1.1682662054049892e-09,0.00039937784709407904
40,1.0095657853448453e-07,0.9456163991385503,2.2560334959496903e-07,2.664744090904738e-06,1.8311460670387751e-06,7.210004998873489e-06,6.3672297582808915e-09,5.110944570074791e-06,0.00022553038209671187,2.0785306184240077e-08,2.902373179237864e-05,4.2189514886533664e-06,1.8173383634418995e-12,2.8470215163817e-08,0.013522019239189085,4.33452061928202e-08,7.0052583731447e-08,3.8596706759230085e-08,2.9292642173938744e-05,1.4172731005631227e-11,2.4673182949076316e-07,0.040357350440008016,1.526914217237291e-07,4.1715070816055025e-10,0.00019841460140603907
41,3.378668153790989e-07,0.9617528132235795,5.635990274296338e-07,9.59089092258919e-07,1.2494293388610953e-05,1.708893958703894e-06,6.821022086799691e-09,3.001294588278202e-06,0.00031353039164495444,1.2221955238447379e-08,5.981695590397525e-05,6.513834643057606e-06,2.3073555006327247e-12,3.027396077965482e-07,0.028517380964746458,2.6462079889371007e-08,3.514683743955734e-08,2.4345174923271038e-08,3.081285115298624e-05,1.5002801734384413e-11,3.458251076377299e-07,0.008923399241635396,2.68300552924273e-07,4.663790888461883e-10,0.000375645153795772
42,1.1054440199245385e-06,0.9175170820546372,1.1342071907773843e-06,1.7484917690156868e-06,2.9705569894898428e-05,3.3454035305383717e-06,5.4796125952249004e-08,4.0966373198075776e-06,0.000375260371752834,4.078419707263288e-08,0.00017387033103895454,3.209521113277189e-05,5.861493944650155e-12,2.4714318243990745e-06,0.06021410850589232,4.4692043607827373e-08,1.7324126739709304e-07,7.271467462210999e-08,3.337055039449112e-05,5.89188083380795e-11,1.1830871184036144e-06,0.019222934867098265,1.3608625955284898e-06,2.9134947857893927e-09,0.002384737766206218
43,2.8169523434274586e-07,0.9430262248247895,1.020511247139884e-06,1.1843746802869778e-06,1.0004504821412143e-05,4.0158595215637055e-06,1.5539332442630018e-08,4.965053757374968e-06,0.0002500607681425607,2.5430891905057112e-08,4.6084289790301084e-05,1.473591484079589e-05,3.786455791094359e-12,2.1816884870964423e-07,0.02705664951781845,4.375752542037332e-08,1.1765151963113825e-07,3.402662252534399e-08,3.9777309100808834e-05,2.4757805527157267e-11,9.189544951765448e-07,0.029102428195344546,3.095381191815171e-07,1.2247557510809893e-09,0.0004408828602560159
44,4.67596474691687e-07,0.9434128494560016,8.314676032976505e-07,1.121524182638617e-06,1.239253022734826e-05,2.6332267942564977e-06,2.0593582575446588e-08,3.7882731663424157e-06,0.000278698368135314,2.0439318730780677e-08,6.650524387851191e-05,1.673486770007386e-05,3.126404536344363e-12,5.26617916236925e-07,0.03302581411078812,3.531028590379513e-08,1.0495034000511243e-07,3.420268905181515e-08,3.390964296441442e-05,2.1272402180368673e-11,6.911543805203408e-07,0.022309396457508106,4.395882243292245e-07,1.2929493459543795e-09,0.0008329830604898214
45,5.515368107927598e-07,0.9257545461162766,1.0239913488651912e-06,1.2943021383498542e-06,1.238617301592417e-05,3.801727494474983e-06,3.536645730861915e-08,8.905755574842817e-06,0.00031036575309160893,2.9032579258623267e-08,6.463586811864544e-05,2.6318156735992377e-05,6.346714577878808e-12,4.6106999132460204e-07,0.036698045350283856,6.705502901288963e-08,1.395077196318506e-07,4.695879351931555e-08,5.06495560858255e-05,2.4619261929249716e-11,7.140277862629143e-07,0.03647619949528591,2.912044245356075e-07,1.885064073555481e-09,0.0005894900789273032
46,6.951511907590077e-07,0.9069205669879956,1.5564045488174438e-06,1.9867569955823217e-06,1.2374734755437921e-05,4.586916693360296e-06,4.4134470119321956e-08,8.179746360067344e-06,0.00031151867852054985,3.9069875107849716e-08,5.991773970676419e-05,3.0418154796028805e-05,6.491356757482676e-12,4.1533200243859526e-07,0.024107988791548005,6.863098463415717e-08,3.754000083286989e-07,5.303059193707896e-08,6.071333382793068e-05,3.258205147634878e-11,1.2317439258961776e-06,0.0675810706898591,4.080790898048202e-07,2.7026624692065682e-09,0.0008957877505178506
47,7.714933406431907e-07,0.9373680802486316,1.228972374006366e-06,1.5276065874416773e-06,1.168062161093372e-05,3.172484922442041e-06,3.552575481016101e-08,5.967173500311486e-06,0.00025701859324610884,2.3556627846189885e-08,4.940390496898028e-05,2.075610211533596e-05,5.6295155226610804e-12,4.876394165312016e-07,0.02227839000546213,6.809872613484936e-08,1.8968321607270238e-07,4.353323394487084e-08,6.54395952953487e-05,1.974915807306426e-11,7.217229552212699e-07,0.03926406880666288,3.150152447669755e-07,2.2692178842326412e-09,0.0006706073215098161
48,3.990392664074907e-07,0.9501887244334386,6.692993568614599e-07,8.811851772084418e-07,9.410199783954166e-06,2.9072486039027238e-06,1.817556521183611e-08,3.541432787238007e-06,0.00021322246015322962,1.7664716658923184e-08,3.8426846449061485e-05,1.2516654816606249e-05,3.0851495323942004e-12,3.396706416702755e-07,0.022791046655814582,3.4702688828319266e-08,1.1797897875471023e-07,3.5349788643437574e-08,4.55871387632793e-05,1.5750027843856115e-11,5.302231895100871e-07,0.026055016805729164,2.919863621715762e-07,1.4864199416907167e-09,0.0006362633426733498
49,3.220439453203535e-07,0.9420229552564041,8.88127115845594e-07,1.0362437955713933e-06,1.0249801840328355e-05,3.09082735853666e-06,1.9420225533951925e-08,4.1748838372114365e-06,0.00026680990223845323,2.076324850088008e-08,5.0323309491670884e-05,1.8626371896704876e-05,3.0973033081207253e-12,3.11639979084697e-07,0.027739704925812972,3.528952906786531e-08,1.030446238577424e-07,2.719796390485049e-08,3.2089123463836415e-05,1.9256501682465496e-11,6.906306598767376e-07,0.029204848871900193,3.291718679600448e-07,1.1813784641514165e-09,0.0006433419490693004
50,2.03525192584715e-06,0.9014246713265069,1.915503949574945e-06,2.8009382865399995e-06,3.206266518322106e-05,4.52181478177974e-06,1.124552876118742e-07,1.137177161249373e-05,0.0005399760956032602,7.907581295556146e-08,0.00018711625297337074,5.158504835405253e-05,1.2638827801925642e-11,2.135179332912699e-06,0.052669783587707394,9.497708054930599e-08,3.281409900458282e-07,8.004650741232299e-08,6.673857303852902e-05,6.562169084717076e-11,1.03341027519427e-06,0.04280401284075171,8.177183365324198e-07,4.60258175507027e-09,0.0021967226448598278
51,8.899181214054029e-06,0.8762287048230071,1.5657144392275205e-05,4.010981169012324e-06,0.0003492721902371279,1.477647271620401e-05,8.184717944637098e-07,1.4354909028803513e-05,0.0012136945334932665,3.1494511158361814e-07,0.0004649114019957279,0.00016100973609479047,6.8325431247908e-11,1.490437697237286e-05,0.05986825457174464,4.661638492999456e-07,2.341992272257933e-06,3.0927138323678923e-07,0.00030877856271131575,4.970366916812894e-10,4.947363099888931e-06,0.053324440564944085,3.500891937710035e-06,3.4623976814466686e-08,0.007995596261491694
52,6.043190589881127e-07,0.9253794355310632,9.05126808235527e-07,1.6499992077338696e-06,1.3229688984396616e-05,3.6525362569525195e-06,1.6932117132652033e-08,7.818663521765825e-06,0.00035219096773774216,4.7847549345265834e-08,0.0001099625694078302,2.0121744446560575e-05,6.0135586370127705e-12,5.296050900531226e-07,0.05029566234747411,4.254315611330212e-08,9.961950918851644e-08,5.033540309436957e-08,4.599254680584065e-05,4.0590877609539746e-11,6.21815850304907e-07,0.023100915943922558,4.019199103623375e-07,1.3596555057093388e-09,0.0006660459904583886
53,8.302319678446952e-07,0.905254095341085,1.7216283003466837e-06,2.420896877047411e-06,2.7573038728142077e-05,4.0131448910864194e-06,7.365398535574119e-08,5.905992875594801e-06,0.0004607110474053852,4.2884660653908966e-08,0.00019171661178287426,4.9338291577679116e-05,6.4184191858585e-12,1.7689946132083815e-06,0.061864712016489166,6.984701325852471e-08,2.1838048856037357e-07,6.395017395367833e-08,2.785185202641778e-05,6.884137366204866e-11,1.893419120398962e-06,0.030094388895809135,1.3972078179898556e-06,2.6088814080394364e-09,0.002009189988169662
54,6.922772527200998e-06,0.786578998700513,0.00011527311362427189,3.3029135601483044e-05,0.00035245763422195726,2.4546616289491057e-05,2.589042888444949e-07,0.00010609030516140999,0.002136164330058671,1.3070832727021575e-06,0.0028942639962697644,0.0004756101280615307,5.7439746950787e-10,6.453705711768518e-06,0.13035156341586113,2.202996145721919e-06,3.038336481733629e-06,1.0509537329913162e-06,0.00033172582486713553,5.2171542256701855e-09,3.4271577303931965e-05,0.07539039922549556,6.144728906509138e-06,1.635391555011614e-08,0.0011482043701358273
55,6.262247696159879e-07,0.9197260878972826,1.2071841811474824e-06,1.5661710433488336e-06,1.9905912337509963e-05,4.574736473845269e-06,5.453946198820796e-08,8.981098824486759e-06,0.00047369852175916283,2.9629954869476266e-08,7.667528772083723e-05,6.391112860899603e-05,7.180413645329469e-12,9.207030959449963e-07,0.04042784486663254,7.40687798390134e-08,1.566329893517291e-07,5.252335861476107e-08,3.4642344232733455e-05,3.83248629623006e-11,9.98164317901024e-07,0.037902597097057775,5.389193297108543e-07,2.3298475064879277e-09,0.001254853972434333
56,4.903632065384834e-07,0.9428819830351521,8.718367140534053e-07,1.1837332025354156e-06,1.2692905150007868e-05,2.8214484784823727e-06,2.190403643789593e-08,4.1760789310220725e-06,0.00028559977667925367,2.2006588793514343e-08,6.680758534652128e-05,1.7548729614343062e-05,3.655706361690892e-12,5.358359273686236e-07,0.03284151847897572,3.886003232007846e-08,1.1133541153134944e-07,3.732639050679615e-08,3.6565010949241466e-05,2.329989846700429e-11,7.069546216008633e-07,0.02302872482964967,4.4322679850440405e-07,1.4139472859058116e-09,0.0008170972972405316
57,5.034968115452297e-07,0.956389482840148,1.0441667985614377e-07,1.0217561041523185e-06,4.469901294670102e-06,1.0031731781759653e-06,8.025677541385079e-09,1.2936519579013908e-06,0.0001280828320435276,7.028822307839172e-09,6.65562603854462e-05,2.9589254639291705e-06,7.621926676336225e-13,6.077051957984429e-07,0.03331816616190259,9.243311427266175e-09,4.406341525979625e-08,3.847089042331076e-08,1.9110749502287702e-05,6.550944129246402e-12,1.7871632450708136e-07,0.009161496428516831,4.0606974249239603e-07,5.238145139184456e-10,0.0009044495515039228
58,4.4381804606278125e-07,0.944967456063077,8.294682359100656e-07,1.0692148814277169e-06,1.18633415496848e-05,2.970863394536496e-06,2.1335199623824823e-08,3.856419250565249e-06,0.00024422009098414076,2.1153969483277247e-08,5.6105142994821075e-05,1.7490731625324916e-05,3.667187239813863e-12,5.240088523259275e-07,0.03056024719455569,3.8362982865207725e-08,1.1271880097214721e-07,3.878207392006371e-08,3.7641696748090776e-05,2.261834658415352e-11,7.074751179729652e-07,0.02331521831237753,4.2634053285771887e-07,1.611119725300904e-09,0.0007786958273440894
59,4.780901162070559e-07,0.9430145093878987,9.710276923440309e-07,1.1493414868812223e-06,1.3017468977761882e-05,3.0250363156823545e-06,2.30399355450135e-08,4.12016117390363e-06,0.0002631154591877912,2.2688038962273262e-08,6.195067809137675e-05,1.9139872064600116e-05,4.003176797480053e-12,5.573180702247075e-07,0.0317849559543533,4.2499347604551486e-08,1.1978469599647843e-07,3.95529970305682e-08,3.8842500346041595e-05,2.4982625621470168e-11,7.929079721783432e-07,0.024003241721402085,4.546551594594786e-07,1.6611648341382025e-09,0.000789429164525706
60,4.67596474691687e-07,0.9434128494560016,8.314676032976505e-07,1.121524182638617e-06,1.239253022734826e-05,2.6332267942564977e-06,2.0593582575446588e-08,3.7882731663424157e-06,0.000278698368135314,2.0439318730780677e-08,6.650524387851191e-05,1.673486770007386e-05,3.126404536344363e-12,5.26617916236925e-07,0.03302581411078812,3.531028590379513e-08,1.0495034000511243e-07,3.420268905181515e-08,3.390964296441442e-05,2.1272402180368673e-11,6.911543805203408e-07,0.022309396457508106,4.395882243292245e-07,1.2929493459543795e-09,0.0008329830604898214
61,4.821866376700504e-07,0.9434244681599103,9.568976574373409e-07,1.1047233117110039e-06,1.3271134720384458e-05,2.9082666605398682e-06,2.242771865604042e-08,3.958409347565673e-06,0.00027199508581016727,2.199077241185553e-08,6.326989626605557e-05,1.8463812576634827e-05,3.719020298236785e-12,5.562639270328975e-07,0.0320448769075767,4.0260774848400945e-08,1.170672209968926e-07,3.7718710798482046e-08,3.8181686374588594e-05,2.3886364900807586e-11,7.712919708562114e-07,0.023294887076456324,4.539584968485599e-07,1.5611036334886416e-09,0.0008191531883922841
62,4.67596474691687e-07,0.9434128494560016,8.314676032976505e-07,1.121524182638617e-06,1.239253022734826e-05,2.6332267942564977e-06,2.0593582575446588e-08,3.7882731663424157e-06,0.000278698368135314,2.0439318730780677e-08,6.650524387851191e-05,1.673486770007386e-05,3.126404536344363e-12,5.26617916236925e-07,0.03302581411078812,3.531028590379513e-08,1.0495034000511243e-07,3.420268905181515e-08,3.390964296441442e-05,2.1272402180368673e-11,6.911543805203408e-07,0.022309396457508106,4.395882243292245e-07,1.2929493459543795e-09,0.0008329830604898214
63,3.683037905970127e-07,0.9512009656730168,6.142536652077784e-07,9.075375015242623e-07,9.934400855006813e-06,2.3164654995938633e-06,1.4979649653755622e-08,2.959470041241025e-06,0.0002418259680402512,1.5476863706004734e-08,5.206148755294135e-05,1.1830702397322482e-05,2.365786283222212e-12,3.8657755384193034e-07,0.028463570324691483,2.7066610343511914e-08,8.257817007411296e-08,2.9384417007870502e-08,3.0550315488445675e-05,1.5817530184230883e-11,5.421282747901796e-07,0.0192815199604799,3.660044145493795e-07,1.010808807814496e-09,0.0006991099120333838
64,4.277990848868773e-07,0.9422557261526492,1.0293315297814266e-06,1.1226455624682366e-06,1.2965238516345536e-05,2.875347914251391e-06,2.0801231526865352e-08,3.6339212090912223e-06,0.0002692935062671419,2.036266676302423e-08,6.67640478478706e-05,1.861256420777247e-05,3.2825188404520377e-12,5.288917777412427e-07,0.033764770469840465,3.9248286768765714e-08,1.186568201503983e-07,3.664974537574656e-08,3.3021956040481374e-05,2.4665204245483813e-11,9.813637536445651e-07,0.0227729117547184,5.178218641632471e-07,1.3994005845927471e-09,0.0007945800411173636
65,1.281634258611958e-07,0.9690033376617643,3.1782385737457384e-07,4.386902988455991e-07,6.1019960060894826e-06,2.24799956025629e-06,9.309106010341908e-09,8.710566385159145e-07,0.0001048169599758326,5.603560799858389e-09,1.8063685596056587e-05,6.8043603266488695e-06,1.0540021950702172e-12,2.772873580367274e-07,0.01749380574224919,1.437260499191993e-08,6.306031896270226e-08,2.5318201103484262e-08,1.6937402149715896e-05,9.78683472546679e-12,6.753666660380827e-07,0.012682952747308265,4.6442157666742567e-07,1.030898863526018e-09,0.0006616399297110112
66,5.6877865318158955e-06,0.9185563851724542,1.5809872421930817e-05,6.5363928247709576e-06,0.00028876881410877357,1.1789130090646116e-05,4.066375178212911e-07,2.049346615122564e-05,0.0016750048629911804,2.314845916010759e-07,0.0003488102863994758,7.740142870826186e-05,8.468280118692748e-11,3.599628561584427e-06,0.03461726590430015,4.66306067211698e-07,8.020101213896612e-07,1.5146301912220552e-07,0.00024066041736621932,3.638779787474505e-10,2.7003072868819554e-06,0.04193070229898134,1.430666034082288e-06,1.0919773928455754e-08,0.002194884295135492
67,1.9328892758951903e-07,0.9562485530756012,4.51778440355805e-07,6.850099074750257e-07,6.521455701920699e-06,2.823738924086057e-06,1.3765834496273785e-08,1.5141110461029347e-06,0.00014396531899873115,1.0679774407413743e-08,3.3538793493828135e-05,1.0881203662534436e-05,1.5813084170176816e-12,3.6624002041036655e-07,0.024201429145590217,2.01157097329309e-08,9.227245398759425e-08,3.075139908659633e-08,2.152120588049454e-05,1.4874087948059275e-11,7.358061090710315e-07,0.01847802713362173,5.447842609960966e-07,1.2495419288370983e-09,0.0008480790586441044
68,3.7078324183923515e-07,0.9199356164164746,1.0122083423922675e-06,1.2029930466298462e-06,1.2910800838273903e-05,4.234833009455961e-06,2.9920176545615653e-08,5.874686590602972e-06,0.0002702147267874951,2.9212878010444167e-08,7.208993907018868e-05,3.6352048595654925e-05,4.342267060550582e-12,5.914045557219302e-07,0.04633270110126217,4.235934097555819e-08,1.3757867702648535e-07,4.3505849049722e-08,2.7772478826516964e-05,3.289225775520025e-11,1.266338339273688e-06,0.03236659718472807,5.329749189162138e-07,1.8510228433678288e-09,0.0009303746161935709
69,3.4920414695901026e-07,0.8957294640356592,8.506926640595247e-07,1.5242895197834432e-06,1.1701045454960158e-05,2.1711793456634707e-06,1.3008367090386266e-08,3.7313368182700728e-06,0.0004920871725167053,3.114765327843426e-08,0.0002445741158486242,2.0660935639594263e-05,1.7551150278520512e-12,4.230932837120181e-07,0.07958549062633122,1.57859489377489e-08,1.0019093103747553e-07,2.9318103645805502e-08,1.1267710009578985e-05,3.6492321899084797e-11,1.4160083931481386e-06,0.022484506101013952,1.0550551430160685e-06,4.5894297169941673e-10,0.0014085374500168255
70,4.240147230299467e-07,0.9404903139525183,1.2986520978957462e-06,1.8439618603988358e-06,1.5079456168724668e-05,3.5691483662019476e-06,2.3429874327327417e-08,4.735925300722701e-06,0.00044286802389034545,2.71151192205319e-08,9.4088837141561e-05,2.1239508854889138e-05,3.524790975615256e-12,4.3186442409213756e-07,0.035465958194769824,4.859362485639293e-08,8.508727175061332e-08,2.6766439443095383e-08,2.7298148795397175e-05,3.097058243838661e-11,8.734036747605557e-07,0.02262512479442814,5.279903127327087e-07,9.653695866482906e-10,0.0008041121304784989
71,1.1509377057658075e-06,0.921149290088997,1.5241657551955752e-06,2.1094542852014456e-06,2.870463921727304e-05,4.42951256644566e-06,8.377370956927583e-08,8.204816380170508e-06,0.0005273400268400099,5.2164228930998016e-08,0.00011590576178139626,3.516384578728215e-05,8.098845953324894e-12,1.1225175859410354e-06,0.03848436905724552,7.066922852640346e-08,2.304465477113117e-07,5.0306202039756456e-08,5.0715456604637765e-05,4.56664697343807e-11,8.80413872890389e-07,0.037915963454560504,6.075885171743709e-07,2.973869094276058e-09,0.0016720278747461884
