,0,1,2,3,4,5,6,7,8,9,10,11,12,13,14,15,16,17,18,19,20,21,22,23,24
0,0.0005696304240828893,1.172580619941912e-06,6.7285911963250015e-06,0.003653211302550568,1.486596920263848e-07,5.338116380704082e-07,1.6882152834245112e-05,0.00021263264732261834,2.3820806930596627e-05,7.297106986169791e-06,5.059904257736522e-06,0.005440094745004602,6.123919027265195e-05,0.004583617147467218,1.456352321536307e-07,1.2544121550656314e-05,0.0023662914793212723,0.9799860278435728,7.155342640469093e-07,5.300089212286049e-06,0.0002216331103727961,0.0022342060080874013,4.833796289129632e-07,1.7304311265449692e-06,0.0005888532967755827
1,0.00067585168251064,1.3605203367695142e-06,8.191465180477375e-06,0.00363144644582204,1.8186784513963197e-07,6.902595511302153e-07,1.7545045446996744e-05,0.0002546478865352764,3.134710774654841e-05,7.823370137310099e-06,5.568532862430954e-06,0.005618016771372921,7.668286885690368e-05,0.004303929694867466,1.8534743498826652e-07,1.769280875633686e-05,0.0024594929668671286,0.9797758732730815,9.907106569071172e-07,6.634731955545906e-06,0.00024027527815870286,0.002301627230079777,4.844605137184755e-07,2.2506985025340375e-06,0.0005612089749206472
2,0.0005688960400049265,1.2907976488122634e-06,7.641883079138074e-06,0.004508446751856322,1.4384831043763534e-07,6.738710975049284e-07,1.7526766465473786e-05,0.0002561450612747555,2.831436179202611e-05,7.393152008890189e-06,6.633342581160363e-06,0.006314236588987721,6.596688241619743e-05,0.004539972024986314,1.6965685839094261e-07,1.5489511191474682e-05,0.0025618753486210165,0.9775590895250236,1.0171713255995878e-06,5.56751041448682e-06,0.0002689115669331557,0.0027305307690496275,5.4612205270519e-07,2.3984399025183883e-06,0.0005311230061178658
3,0.000610898577812818,1.275130661205465e-06,6.987540046167981e-06,0.0036682189507612375,1.7507111779101304e-07,6.220912921958829e-07,1.6444595511053586e-05,0.00023637719342882885,2.7579602415380612e-05,6.971706487046853e-06,5.836862702079863e-06,0.005526108497528636,7.250627460381931e-05,0.0046758404870140356,1.6666795455819094e-07,1.4684761362778879e-05,0.0026937046277984095,0.9792670036590455,8.771099892269518e-07,6.265092526129982e-06,0.00023377183144949554,0.0023608207367999076,5.049081981227569e-07,2.0617929881761412e-06,0.0005642962305054355
4,0.0006363714977712614,1.295653998889163e-06,6.919020474258795e-06,0.003633252295454677,1.7812887514679593e-07,6.206248522086927e-07,1.6253184504359858e-05,0.0002250404733131392,2.819917823161885e-05,6.745933847727696e-06,5.796574619142133e-06,0.005913022054163534,8.217362815500861e-05,0.00476523854387565,1.6493814844155523e-07,1.4457509829073468e-05,0.0028265578288719593,0.9786536954671624,9.064874692616169e-07,6.50157677758618e-06,0.0002367531683806719,0.002352583001180869,5.053078743890086e-07,2.1428393628082866e-06,0.000584625082805706
5,0.004297759548595016,1.6455620362395e-05,0.00013350824609490445,0.004959853200723826,9.442554035309315e-06,9.9757924840735e-06,0.0004161732005488622,0.011506726429257512,0.00030283696751739645,4.7689966891053764e-05,0.00013424693270170458,0.01996683858427155,0.00041808815058571355,0.024775320444829236,5.176653447342818e-06,0.0003516705189336172,0.012070392801771484,0.9042833726060878,3.859807793143007e-05,4.291478839530769e-05,0.001037832341042469,0.013323160397370746,5.0630189883742805e-06,1.3080431087272367e-05,0.0018338227260457215
6,0.000610898577812818,1.275130661205465e-06,6.987540046167981e-06,0.0036682189507612375,1.7507111779101304e-07,6.220912921958829e-07,1.6444595511053586e-05,0.00023637719342882885,2.7579602415380612e-05,6.971706487046853e-06,5.836862702079863e-06,0.005526108497528636,7.250627460381931e-05,0.0046758404870140356,1.6666795455819094e-07,1.4684761362778879e-05,0.0026937046277984095,0.9792670036590455,8.771099892269518e-07,6.265092526129982e-06,0.00023377183144949554,0.0023608207367999076,5.049081981227569e-07,2.0617929881761412e-06,0.0005642962305054355
7,0.0007956318222153525,1.2974826691356095e-06,8.766382546897877e-06,0.003321350435279007,1.980094152923377e-07,6.654404372212734e-07,1.794232647314791e-05,0.000238511499959137,2.9109652970267712e-05,7.03757771055961e-06,5.953532590518393e-06,0.005553635936445172,8.877389858630981e-05,0.004219939740466355,1.512059437912104e-07,1.4483627135587203e-05,0.002665048565914178,0.9802890077720098,1.000136771848101e-06,6.484275253029294e-06,0.0002128953503756062,0.0019512416013807263,5.081918935190023e-07,2.4408921512415266e-06,0.0005679246434065177
8,0.0007707918583840192,1.6662482444278307e-06,1.0592537448014918e-05,0.004985142456355418,1.9908166999273452e-07,7.478891021056188e-07,2.0715067406606864e-05,0.00028415042104953264,3.189235014324423e-05,9.030887415093603e-06,6.4376181905529254e-06,0.006603890473984368,8.270898532028025e-05,0.005492312524159817,1.5564408361183786e-07,1.620460464223376e-05,0.00269044139410403,0.9759425532313462,9.555360244591715e-07,7.329268600634512e-06,0.0002461571149606376,0.0021503505952981295,6.881527198916748e-07,2.499810026895398e-06,0.000642386249319774
9,0.0005955997239425319,1.5952890325377186e-06,9.05568190573314e-06,0.0055047140292752445,1.57871707103531e-07,6.900367362645428e-07,1.8917778928158524e-05,0.000246809556366423,3.150175665486544e-05,9.339014929140841e-06,5.534313152058951e-06,0.0068932549473761755,7.375039008383056e-05,0.005208531938164422,1.66307467219197e-07,1.6376733471766312e-05,0.0024557175243173092,0.9755747169127513,8.369919976105071e-07,7.265515325037174e-06,0.00028905631007227004,0.0024176002013916015,6.273095873599498e-07,2.3007538207923085e-06,0.0006358831115433665
10,0.000610898577812818,1.275130661205465e-06,6.987540046167981e-06,0.0036682189507612375,1.7507111779101304e-07,6.220912921958829e-07,1.6444595511053586e-05,0.00023637719342882885,2.7579602415380612e-05,6.971706487046853e-06,5.836862702079863e-06,0.005526108497528636,7.250627460381931e-05,0.0046758404870140356,1.6666795455819094e-07,1.4684761362778879e-05,0.0026937046277984095,0.9792670036590455,8.771099892269518e-07,6.265092526129982e-06,0.00023377183144949554,0.0023608207367999076,5.049081981227569e-07,2.0617929881761412e-06,0.0005642962305054355
11,0.0006339273654431891,1.3012860849439393e-06,7.0990126018590816e-06,0.0036819002565932047,1.8171168219293647e-07,6.350948691441875e-07,1.6585818450345892e-05,0.0002350961159943951,2.8466205227934654e-05,6.947162671364554e-06,5.9250233310861975e-06,0.0057770441983324644,8.030820884907255e-05,0.004702789728147401,1.676681130550905e-07,1.5032393966769253e-05,0.0027778053281252036,0.9788677828069458,9.173199616511063e-07,6.623752309196464e-06,0.00023693892978626506,0.0023430008338593228,5.133041480752277e-07,2.1925133987217325e-06,0.0005708179611073566
12,0.0009098537240305917,2.4703052577060056e-06,1.9033242714609406e-05,0.0075014239919062925,2.7083404478949194e-07,1.1373635703581906e-06,3.986736139931229e-05,0.0006831572024979921,6.44517531264807e-05,1.1553558671188261e-05,1.710050563379225e-05,0.013370711427278578,0.00010577766108362771,0.004640827222787344,4.483570592066514e-07,4.0767400978115686e-05,0.0024542617511413268,0.9645162891640306,2.8880553793868717e-06,1.0056791227205243e-05,0.000395246069761315,0.0046366302269408004,1.0320744375601492e-06,6.705307722763379e-06,0.0005680386473190869
13,0.000565025929350813,1.5166998529937237e-06,7.264058589738954e-06,0.0049713967438505865,2.3285229576970817e-07,7.072381548209168e-07,2.1986592061266105e-05,0.0003697038282691804,3.14839640407079e-05,6.157201555178726e-06,1.3027991622094085e-05,0.009561393239912307,9.68752751818765e-05,0.008280688361640146,2.2097381268039394e-07,1.72535340452694e-05,0.003716260585735525,0.9676951070146419,1.2200861738619432e-06,7.463231541063151e-06,0.00029875296005733745,0.0037116785787470433,8.146178149116977e-07,2.7535823957757085e-06,0.0006210148586570795
14,0.0005938700483509808,1.5308508823177525e-06,5.061300788758671e-06,0.002973751718047251,2.098548868674859e-07,5.48573757207119e-07,1.8025209723782592e-05,0.00025169036187674287,2.5448594695752974e-05,7.813106853601782e-06,6.3128324834037265e-06,0.00473313777439832,6.0160000451173976e-05,0.005109492930802916,1.523390968505723e-07,1.4796851692882476e-05,0.0023996658859569515,0.9807695208893671,9.86029909002107e-07,5.545344475507439e-06,0.0002026634023891055,0.002360970262491617,4.4067289322836305e-07,1.9089440410880885e-06,0.00045629621968738793
15,0.000610898577812818,1.275130661205465e-06,6.987540046167981e-06,0.0036682189507612375,1.7507111779101304e-07,6.220912921958829e-07,1.6444595511053586e-05,0.00023637719342882885,2.7579602415380612e-05,6.971706487046853e-06,5.836862702079863e-06,0.005526108497528636,7.250627460381931e-05,0.0046758404870140356,1.6666795455819094e-07,1.4684761362778879e-05,0.0026937046277984095,0.9792670036590455,8.771099892269518e-07,6.265092526129982e-06,0.00023377183144949554,0.0023608207367999076,5.049081981227569e-07,2.0617929881761412e-06,0.0005642962305054355
16,0.0011300425538738983,9.818898406439738e-07,1.846756855758052e-05,0.003912765765898239,3.430435679697973e-07,1.5974961270366109e-06,1.598695644189285e-05,0.0002825202836139831,3.863732401150799e-05,4.54784293126745e-06,1.1783106378914638e-05,0.002861170742342587,0.00010121648713096457,0.0037386448062727354,1.7300655387465215e-07,1.8096867227196086e-05,0.0032742098217243658,0.9828002184721812,9.038064162132645e-07,7.140201501803156e-06,0.00012839452206148689,0.0011327143318671281,6.336872670428175e-07,3.911645534766024e-06,0.000514897770675438
17,0.0014607559079270296,2.0006879239889708e-06,3.070377816134613e-05,0.003074319622857516,1.681955781197538e-07,1.568806623043109e-06,2.4307001402348133e-05,0.00026328860459991937,5.904390714674592e-05,1.5412583325826777e-05,4.38757860741813e-06,0.0023514368201738027,3.194705211411081e-05,0.0013419981864769119,2.2677890686123073e-07,2.652168921607656e-05,0.0007733219010112591,0.9888976068464819,1.6435969319153563e-06,3.587906886951169e-06,0.000181451514170084,0.0010655369586428842,2.621567455121121e-07,3.611081602101468e-06,0.0003848908364863637
18,0.0005711760518286493,1.144107425137358e-06,6.02232431159037e-06,0.0032749472664609603,1.6086259543612765e-07,5.493459010090953e-07,1.481842692501025e-05,0.0002016448318915934,2.4450726571468295e-05,6.476507210888167e-06,4.9927242295127406e-06,0.005106839723308143,6.908294939387192e-05,0.0045589660889751365,1.4826606991250295e-07,1.2618508286086284e-05,0.0026830480189336493,0.9804429131271426,7.484093069955701e-07,5.803298241525398e-06,0.00022061696316270202,0.0022208668451866266,4.5621180511410933e-07,1.7570233820901914e-06,0.0005697513914541143
19,0.0005821388314884697,9.341333774583193e-07,5.471835976670537e-06,0.0024286751329834484,1.6744191860813593e-07,6.462764236962882e-07,1.0662241475217128e-05,0.00019712339319527037,2.1467172057130624e-05,5.5156391779049e-06,5.3575305064744726e-06,0.0030880967081435466,5.8214394484428144e-05,0.0038352383078772913,1.368025969537847e-07,1.2050457213754299e-05,0.002828977880403693,0.9844097001933577,7.853770190967485e-07,5.315266785372639e-06,0.0001765214153669889,0.0018728694528135873,3.9987763333453036e-07,1.7526520422411237e-06,0.00045178158568148774
20,0.0007704491245399885,1.1601015631658177e-06,6.995318163365026e-06,0.0028483471126772085,1.8662567009777657e-07,6.027939227944053e-07,1.3977541480316235e-05,0.0001553409035754276,2.6593734590658082e-05,6.027281494719744e-06,4.148817970707917e-06,0.004360353697678959,8.170109308071017e-05,0.004087390699147838,1.0368022330019836e-07,1.1342558878631388e-05,0.0025276105028225137,0.9829208856534177,6.879153097083368e-07,5.596140598934334e-06,0.00019225098727579306,0.001414915631940729,4.0754100276546705e-07,1.92502829063381e-06,0.0005609995146835101
21,0.0005673249542721055,5.850072806290585e-07,1.1321242944992081e-05,0.0023507996746191828,3.882017289070932e-07,1.010796401463099e-06,2.583827776966765e-05,0.00027451830629239457,1.4799422874343925e-05,5.443495049662755e-06,1.7993027075309963e-05,0.0028539108303477696,6.439638393144707e-05,0.0026459049081024337,4.309043143857316e-07,6.824468004547326e-06,0.008842798272528788,0.9769673198576636,1.0590826645247451e-06,6.029324285659739e-06,0.00028616080809373097,0.00387914823928136,1.6895225922269266e-06,2.616070916799749e-06,0.0011716889209639502
22,0.0002715992923681189,2.4438544127667486e-05,4.766208974098793e-05,0.07568408556476112,1.4777116113303625e-06,1.4203825770446458e-06,0.0011567809691144994,0.004570847043909433,0.0002608335500972126,6.477756671727504e-05,3.737279560985598e-05,0.704790270528356,0.0017255105442226047,0.04556330063644276,1.4961444757451722e-06,0.00035842662474272225,0.002812389828141047,0.1390005807974296,9.46368274378645e-06,8.569735934522486e-05,0.004898622454154923,0.017038711043978937,1.829117474673124e-05,1.867132616170744e-05,0.0015572723444235628
23,0.000610898577812818,1.275130661205465e-06,6.987540046167981e-06,0.0036682189507612375,1.7507111779101304e-07,6.220912921958829e-07,1.6444595511053586e-05,0.00023637719342882885,2.7579602415380612e-05,6.971706487046853e-06,5.836862702079863e-06,0.005526108497528636,7.250627460381931e-05,0.0046758404870140356,1.6666795455819094e-07,1.4684761362778879e-05,0.0026937046277984095,0.9792670036590455,8.771099892269518e-07,6.265092526129982e-06,0.00023377183144949554,0.0023608207367999076,5.049081981227569e-07,2.0617929881761412e-06,0.0005642962305054355
24,0.0006147984571276124,1.263938370051903e-06,7.195702489241099e-06,0.0036515482780464623,1.777776803101243e-07,6.359955747206606e-07,1.6765000446082966e-05,0.00023909943907807942,2.7874551221994544e-05,6.990364802428358e-06,5.96702546991707e-06,0.005532677667053209,7.270825201739732e-05,0.004600533877274818,1.727547336784946e-07,1.4855219351190715e-05,0.0027044066528984613,0.9792955270397583,8.923827391844639e-07,6.267074893110332e-06,0.00023786422498859477,0.0023873461547254953,5.131616764809447e-07,2.0994319425048285e-06,0.0005718195756408692
25,0.0014441270621681204,5.191162054998008e-07,7.808869297201326e-06,0.0004261161770207634,7.599181822868085e-08,3.007691158831642e-07,5.982595218318113e-06,5.081323114585447e-06,2.6044008169011125e-05,6.770898950942908e-06,1.1293576967462092e-07,0.0016801563367371043,0.0001318598985324343,0.0002267809375040983,8.995622135661524e-08,3.5975418391087545e-06,0.0016689528131157495,0.9915915478379494,2.2957595875167842e-07,3.277004305537014e-06,0.00018671592450079014,0.0004615001602606413,7.810286885044005e-08,7.478706683975607e-07,0.0021215262926894186
26,0.0008070629523714504,1.1158687909592983e-06,7.71129776943348e-06,0.0029871240779381593,1.8292947484962522e-07,6.446100362859487e-07,1.2506867837301259e-05,0.00016762831406643618,2.742290075871022e-05,5.840999079074202e-06,5.027740654629347e-06,0.004305121179912524,9.070878823605761e-05,0.0032246373408273835,1.2020313819385922e-07,1.2196128011369062e-05,0.0028944348545009383,0.9830869559429113,8.737125884638191e-07,6.821898278306957e-06,0.00019427070327945761,0.0016472894257333998,4.851692935368882e-07,2.7062868631555543e-06,0.0005111098076484291
27,0.0006333531148492206,1.26502876055157e-06,7.150689513807077e-06,0.003606380912696187,1.7748518251759555e-07,6.155076551022977e-07,1.6650809427917733e-05,0.00023066549133296635,2.752736968840062e-05,6.943073233736655e-06,5.649713750246458e-06,0.00552894779197662,7.466355447889242e-05,0.004623265563095689,1.586644273914921e-07,1.4417742426568195e-05,0.002631291328875092,0.9795836375975168,8.538772957274675e-07,6.235468538595931e-06,0.00022921330830453617,0.0021999247519336102,4.945723678531219e-07,2.0521822335093356e-06,0.0005684644004384166
28,0.000610898577812818,1.275130661205465e-06,6.987540046167981e-06,0.0036682189507612375,1.7507111779101304e-07,6.220912921958829e-07,1.6444595511053586e-05,0.00023637719342882885,2.7579602415380612e-05,6.971706487046853e-06,5.836862702079863e-06,0.005526108497528636,7.250627460381931e-05,0.0046758404870140356,1.6666795455819094e-07,1.4684761362778879e-05,0.0026937046277984095,0.9792670036590455,8.771099892269518e-07,6.265092526129982e-06,0.00023377183144949554,0.0023608207367999076,5.049081981227569e-07,2.0617929881761412e-06,0.0005642962305054355
29,0.000610898577812818,1.275130661205465e-06,6.987540046167981e-06,0.0036682189507612375,1.7507111779101304e-07,6.220912921958829e-07,1.6444595511053586e-05,0.00023637719342882885,2.7579602415380612e-05,6.971706487046853e-06,5.836862702079863e-06,0.005526108497528636,7.250627460381931e-05,0.0046758404870140356,1.6666795455819094e-07,1.4684761362778879e-05,0.0026937046277984095,0.9792670036590455,8.771099892269518e-07,6.265092526129982e-06,0.00023377183144949554,0.0023608207367999076,5.049081981227569e-07,2.0617929881761412e-06,0.0005642962305054355
30,0.000610898577812818,1.275130661205465e-06,6.987540046167981e-06,0.0036682189507612375,1.7507111779101304e-07,6.220912921958829e-07,1.6444595511053586e-05,0.00023637719342882885,2.7579602415380612e-05,6.971706487046853e-06,5.836862702079863e-06,0.005526108497528636,7.250627460381931e-05,0.0046758404870140356,1.6666795455819094e-07,1.4684761362778879e-05,0.0026937046277984095,0.9792670036590455,8.771099892269518e-07,6.265092526129982e-06,0.00023377183144949554,0.0023608207367999076,5.049081981227569e-07,2.0617929881761412e-06,0.0005642962305054355
31,0.0001755502182123563,1.8155997727935691e-06,4.1521537896472185e-06,0.008688222343803245,2.495778230745382e-07,1.0605582811839785e-06,1.9794176255128948e-05,0.00012529820529957222,6.350204675637194e-05,8.530545629681824e-06,9.78822183222017e-06,0.014323678675542961,0.00011045691880859458,0.009823311117636815,5.590238829808357e-07,3.424138404656955e-05,0.005876424522982779,0.9477554019794656,7.032193607052122e-07,1.2667178686189017e-05,0.0009589998389903001,0.010681446933067745,1.2273287810771482e-06,2.6944053772676987e-06,0.0013202238259150758
32,0.0006360838968777866,1.3287709859931813e-06,7.134295623837778e-06,0.0036028862838362557,1.7937865644227873e-07,6.393648604683257e-07,1.6898998189474792e-05,0.00024347846257106125,2.848481362624413e-05,7.128144031320534e-06,6.03440068598519e-06,0.005654164155184643,7.42676973723649e-05,0.004626128578066259,1.727429614039742e-07,1.502808983827356e-05,0.002717178939998533,0.9791181032926543,9.65719131382827e-07,6.276856871628648e-06,0.00023814884252604628,0.0024350439951232377,5.100584420964202e-07,2.165384553044267e-06,0.0005615688373320978
33,0.0005742344323657571,1.226372077743115e-06,6.333144637464371e-06,0.0036938286342314054,1.7958125387993638e-07,6.420512510217365e-07,1.592722767938449e-05,0.00026196681491856306,2.5928174432194183e-05,6.900596784505054e-06,6.464247315005136e-06,0.00559771551481947,7.92965484980162e-05,0.0051772974510871156,1.624826903183901e-07,1.5571229733760082e-05,0.003003055933897161,0.9782107729995115,9.539698531217543e-07,6.706011246930911e-06,0.00023466760981023143,0.0025514398335594467,5.417627158277923e-07,2.189377496146498e-06,0.0005259979981341084
34,0.0006599801191290779,1.3277471006691323e-06,7.21273969518236e-06,0.0035458900887264384,1.813038022129873e-07,6.350034454408244e-07,1.6558996184356285e-05,0.00023696901199387975,2.923779914482004e-05,6.751531402817753e-06,5.985105924064003e-06,0.005641331103788627,7.582496682652322e-05,0.004576969938388925,1.6926752342202082e-07,1.471638973768579e-05,0.0027055907166270423,0.9793362616479838,9.522084225919826e-07,6.208967576740295e-06,0.0002309843583490657,0.0023362349650529373,4.915539348263311e-07,2.1595641488159206e-06,0.0005613749050900786
35,0.000590495870116672,1.3863167854072418e-06,7.488876898369763e-06,0.004176212673816899,2.008047445165052e-07,7.14467589978488e-07,1.778726340994585e-05,0.00026196470932701634,3.0048286682780977e-05,7.3712668798377375e-06,6.9243967011581105e-06,0.006197163989957235,8.282260257417693e-05,0.005467057898143128,1.9658896860296507e-07,1.698561639716773e-05,0.003047751599151168,0.9765062605316662,9.38397556206568e-07,7.354345744733281e-06,0.00026469125802389875,0.0026906659606055804,6.094696989133649e-07,2.294049484818867e-06,0.0006146127590753238
36,0.0005207910488221356,1.0994688836333669e-06,7.1194475441759555e-06,0.0033021684195127217,1.8361683251556624e-07,7.306738319311828e-07,1.3612951098022921e-05,0.00015341032129674196,2.4634536080026946e-05,7.605453952329774e-06,4.810875498409669e-06,0.002836460764034738,4.6470993528623705e-05,0.0034510623948604147,1.3309006935487056e-07,1.1337083425323675e-05,0.0023364861783999945,0.9848829661717695,5.720924143621756e-07,5.582755058325919e-06,0.00022678896644609645,0.001637803099761048,5.333660175677305e-07,1.9342708167569974e-06,0.0005257019600450137
37,0.00029739826699263816,2.5868851344160696e-06,8.290584734358928e-06,0.00855572170909033,4.479314913563874e-07,2.051671903356995e-06,3.576586068863878e-05,0.0009854091730128892,5.5703774590180054e-05,1.2763438932335024e-05,2.3064531796511234e-05,0.012435171612823053,0.00010454957292585055,0.023051405220999834,1.301539854945677e-06,6.312451007532945e-05,0.006836308275265524,0.9341823917326141,1.9378522031025126e-06,1.4565151001068973e-05,0.0007550940760481939,0.011352316216135782,1.4187489046966266e-06,1.9204707671141064e-06,0.0012192911920145648
38,0.0006109944883990077,1.2751346586991842e-06,6.98852923011043e-06,0.0036677700598149003,1.750874210960926e-07,6.221550778737276e-07,1.644578283544354e-05,0.00023636984907299548,2.7582213910392384e-05,6.971817577340866e-06,5.836624713278678e-06,0.0055257976702079836,7.251004538917169e-05,0.004675366504394496,1.6667763440606773e-07,1.4685709663948909e-05,0.0026934317390290134,0.9792687167033312,8.771650317801015e-07,6.264681062078591e-06,0.00023375650882269202,0.0023605181474107436,5.048569469966227e-07,2.061874944055557e-06,0.0005643099734204685
39,0.0007101296760001663,2.902488429003085e-06,3.924192220423439e-06,0.0038281629377202443,2.1860304651608e-07,2.725613703529332e-07,1.7773354144353746e-05,0.0001338434618866196,3.5591804800505995e-05,5.504626054430038e-06,5.110149437470666e-06,0.008510018775156395,5.5242129662052034e-05,0.009569393553360731,1.1229117774177987e-07,9.42618452403161e-06,0.002131036394341047,0.9714100528640245,5.088787310661455e-07,4.96139682089673e-06,0.00015856153096401374,0.0027400535448060008,4.488983257408908e-07,1.3258799997807554e-06,0.0006654238229959426
40,0.00022343543582693803,5.676235393659009e-07,2.5891419563955755e-06,0.004468227026910248,9.16573679280954e-08,4.4469058475517884e-07,6.9058592294634215e-06,0.0002554222878956858,9.891158127935751e-06,8.62335640178615e-06,4.09589193833032e-06,0.0017058118568737976,3.11497834138934e-05,0.002818180713836545,5.6297778039589394e-08,1.6607812589597286e-05,0.0029407620232527742,0.9852726615667531,4.6697756461454625e-07,7.858884985997914e-06,0.0001882771716277622,0.0018451390522663742,4.889567204848902e-07,1.8453940000892186e-06,0.00019039937855814203
41,0.0008836100177320596,1.3155974338860956e-06,9.409572470698673e-06,0.003266056602849387,2.5420732844265703e-07,6.959130413344374e-07,1.928120597520777e-05,0.00023825079979414347,3.717578034041527e-05,6.19047814010744e-06,5.765747681464382e-06,0.00539641797640188,9.580291934847334e-05,0.0039208850755186875,1.9384834250085257e-07,1.8731773063434916e-05,0.0023415880030136526,0.9812840104044676,8.55142065210421e-07,7.034578810902508e-06,0.00018816236452950724,0.001677232396774831,4.1544741527844696e-07,2.3471663268809805e-06,0.0005983169811338918
42,0.0005500153751059182,1.4138037222335959e-06,7.774193711452107e-06,0.0046674281654999344,1.5722896301085376e-07,7.449634084906173e-07,1.7989921126693404e-05,0.00034952322449503456,3.0658254316415275e-05,8.750466840184002e-06,7.329741857750624e-06,0.007226978337095951,8.020798921215247e-05,0.004630536590708769,2.4234802213013446e-07,2.1339584574803213e-05,0.0030380067152363513,0.9747819312390247,1.405228345560199e-06,7.682538085229951e-06,0.0003171265917930278,0.003707423781333464,6.395699513066083e-07,2.7695387076887024e-06,0.0005419246088617199
43,0.0004315095018032951,1.1168014202960485e-06,5.481492712380977e-06,0.0033733931458811636,1.4450383014809116e-07,6.547312561208665e-07,1.3564816059918707e-05,0.0002253619159659916,2.127647817271636e-05,9.562561887556583e-06,4.5111938129347924e-06,0.003945805770734517,5.7215477607464605e-05,0.004405934615807712,1.5944775156539056e-07,1.4917255571541721e-05,0.0027064780277181546,0.9814383919292337,8.121034405511102e-07,6.740265724816011e-06,0.00026735017802926095,0.0025579481978599376,5.268976619103677e-07,1.7675554193771166e-06,0.0005093751346370799
44,0.000610898577812818,1.275130661205465e-06,6.987540046167981e-06,0.0036682189507612375,1.7507111779101304e-07,6.220912921958829e-07,1.6444595511053586e-05,0.00023637719342882885,2.7579602415380612e-05,6.971706487046853e-06,5.836862702079863e-06,0.005526108497528636,7.250627460381931e-05,0.0046758404870140356,1.6666795455819094e-07,1.4684761362778879e-05,0.0026937046277984095,0.9792670036590455,8.771099892269518e-07,6.265092526129982e-06,0.00023377183144949554,0.0023608207367999076,5.049081981227569e-07,2.0617929881761412e-06,0.0005642962305054355
45,0.0006171177382516797,1.2599028901622209e-06,8.842174225295003e-06,0.004195534989896891,1.9081276424133392e-07,7.487740350174406e-07,2.0070337907387675e-05,0.00035048063602509047,3.0183236404218693e-05,7.665759938331037e-06,7.875720688122373e-06,0.005775238088785749,7.083864380417452e-05,0.004585424170602457,2.3579438308219667e-07,2.0741996325216326e-05,0.002564974415357649,0.978264334667425,1.0612778842928296e-06,6.7259103721672265e-06,0.0002296619140143415,0.0026995852296003626,5.368729173286096e-07,2.3866434267318563e-06,0.0005382842920750415
46,0.0007753771017030112,1.7491418081073838e-06,8.854308227499353e-06,0.003157167940952682,2.145658717128929e-07,5.499949616504018e-07,2.6162960107095374e-05,0.000269122395131328,3.704572499356071e-05,8.920246736223257e-06,5.255404358703317e-06,0.005921166641836077,5.277118825145875e-05,0.004699221303712002,1.729327453310227e-07,1.6071205226878202e-05,0.001475152725020043,0.980847169278835,8.736393301626905e-07,4.7785532109403656e-06,0.00021360228911658597,0.0019179884489103633,4.0117779078202537e-07,1.7559837149988407e-06,0.0005584548474478018
47,0.0005638152292429576,1.3007171824262138e-06,7.210878420805769e-06,0.003971002198025026,1.8568468092748217e-07,6.920158867949253e-07,1.738224025102985e-05,0.00026969037854909284,2.6820554709584968e-05,7.519235298747461e-06,6.842922218006088e-06,0.005107644479747117,6.436995387299508e-05,0.005215656934537532,1.7144795823969835e-07,1.5086975958726967e-05,0.0027267030618511093,0.9787822997059294,8.784470051278437e-07,6.2635363830979075e-06,0.0002361081236247241,0.002422338711117144,5.700082951471121e-07,2.0615421283536494e-06,0.0005473850171257711
48,0.0006022089723427109,1.2294792904377562e-06,7.098744283672626e-06,0.003672810966751741,1.7297648755493305e-07,6.077423676811388e-07,1.6449245363864542e-05,0.00022935755873139193,2.7570022875230717e-05,6.8415244576989205e-06,5.650869935212438e-06,0.005482593570539464,7.032452181127721e-05,0.004571998932767455,1.684981614529383e-07,1.4608084694782801e-05,0.0025923466333054104,0.9795940739584987,8.087824419941237e-07,6.203399910924529e-06,0.00023230156882446013,0.0022851970165808167,4.916757508986068e-07,1.9778084888307943e-06,0.0005769074453363816
49,0.0006044042687790578,1.3033433609402759e-06,7.583115924368859e-06,0.0040763844593958995,1.6925680139582896e-07,6.505780096100155e-07,1.652285695287638e-05,0.00022934467962051392,2.8618063251002746e-05,7.2487065076991306e-06,5.900352005422653e-06,0.006127447724906497,8.018529847381598e-05,0.004770275070962637,1.7326607706243636e-07,1.5101652176957446e-05,0.002808204935660983,0.9778691770507784,8.78417879494585e-07,6.853364124841621e-06,0.0002525065794040184,0.002482301514741182,5.56451266678286e-07,2.239219283420173e-06,0.0006059697736551801
50,0.0006162823941388427,1.3765383189831668e-06,7.247023280558439e-06,0.0035422471992471983,1.9207015430061366e-07,5.955731744126435e-07,2.2121329573861065e-05,0.00028442357376190226,2.4867314364612566e-05,8.926410302998172e-06,5.837370430411962e-06,0.005961238385267274,6.870626855823934e-05,0.0055653020125455595,1.674003462345256e-07,1.4394767751615532e-05,0.0025780553451476536,0.9779355400128718,9.110089266185844e-07,5.830632113444271e-06,0.0002418886141233735,0.0024846344604827824,5.633488996784985e-07,1.796582342301309e-06,0.0006268543638754933
51,0.0006191850614799022,9.934960552606817e-07,7.796625688173782e-06,0.0030948226222062775,2.234304189483979e-07,7.324932777768433e-07,1.7798720252482433e-05,0.00022569530180763846,2.6899762025891292e-05,7.129996157086157e-06,6.02354410709213e-06,0.0050248205917492045,9.388016587962636e-05,0.004163127925528503,1.79393120294301e-07,1.6895288849343448e-05,0.0029908464565116476,0.9807607436906634,8.386376380634409e-07,7.345093945623161e-06,0.00024809966333218513,0.0020563719851909414,5.60371029027938e-07,2.297676572529656e-06,0.0006266920065131055
52,0.0004099840745222949,5.144020758644095e-07,3.7280022927424544e-06,0.001549140386762998,1.1696409293794235e-07,5.074717457811659e-07,7.21736148435334e-06,0.00013873714441332914,1.5038421035952124e-05,4.22353448809042e-06,3.5470024013319507e-06,0.0017631458119792996,3.745307949256968e-05,0.0029584266061890444,1.187024016625002e-07,9.60363616055078e-06,0.001987405289999286,0.9892345702890285,4.273350813293106e-07,3.5656148165489466e-06,0.00010388761603567214,0.001390042273098981,2.2345394400216562e-07,9.707707224399241e-07,0.00037740475573468075
53,0.0006258523062724355,1.1476097920695924e-06,6.0471468986999285e-06,0.0030957262670210555,1.3719818555804245e-07,6.22289572419514e-07,1.0856396322138096e-05,0.0001854144817515287,2.516659338390216e-05,5.907330934608098e-06,4.6826162341839875e-06,0.004175251166627448,6.518102776451548e-05,0.003943406785224379,1.344023419359341e-07,1.2335365538439849e-05,0.002746838180492,0.9823540421794292,8.594466486480582e-07,5.519163585308499e-06,0.0002014926260108696,0.002042442264826683,3.9115702458317225e-07,1.8761746919701866e-06,0.0004886698234251668
54,0.0006605296369872689,1.5029777174791907e-06,6.7814384600758986e-06,0.003288391903825233,1.637695203906051e-07,5.644042275856904e-07,1.6914691369196875e-05,0.00019277306000859765,2.932450438184638e-05,7.478435661058743e-06,4.3353126024379275e-06,0.005809561555888098,6.447462116993856e-05,0.005074110753598719,1.8420912499968735e-07,1.3569975205145529e-05,0.0023594857027958746,0.9791164116768833,7.739160473158647e-07,5.181134310688739e-06,0.00022486431831495997,0.002417555236726177,4.102388745774918e-07,1.4837010676339966e-06,0.0007031728252311617
55,0.0003812701765483953,1.172446385826852e-06,6.2427751170284485e-06,0.0037851712059462773,2.2590316336703414e-07,9.348888391744564e-07,1.5887340325094822e-05,0.0004244759199143217,1.6808613332054086e-05,1.0511531475846104e-05,1.050049450214936e-05,0.002913782429657706,3.974005392674132e-05,0.007515925829965973,2.2557244837868994e-07,1.70834225393888e-05,0.004103753439339662,0.9763561083087814,8.931930235805657e-07,7.216027513336177e-06,0.00025062919578663456,0.0036095452298690453,9.358659231429668e-07,1.6561338601908407e-06,0.0005293040018153347
56,0.0006330932580302913,1.2969889546497105e-06,7.102605503511758e-06,0.00366526244124889,1.8070425399289665e-07,6.340655223204928e-07,1.665241828720877e-05,0.00023423083701779734,2.832853107278386e-05,6.9299448202819585e-06,5.92478397429424e-06,0.005843168187539627,8.0344765939272e-05,0.004727815238511317,1.6917096463288224e-07,1.483151449239177e-05,0.0028015220424592274,0.9787278163573994,9.201796315951952e-07,6.5479616495010555e-06,0.00023922711787306605,0.002374372476018439,5.169332257451328e-07,2.170705482174464e-06,0.0005809407701277184
57,0.000668919686820942,1.4321574081239424e-06,7.2812423544378575e-06,0.003860989050869446,1.815773074291022e-07,6.119218323240103e-07,1.7534649375643087e-05,0.00023918595398713426,3.197278871563016e-05,7.339073905690409e-06,5.607436843872645e-06,0.0077699179243634455,0.00010811498213234804,0.004695634326246938,1.8460407606727441e-07,1.6786079688015777e-05,0.003129925743897499,0.9757672676329023,1.1040440622362838e-06,7.964775424750855e-06,0.00028014379288217805,0.0027422293229445,5.471650101362721e-07,2.4744287705134277e-06,0.0006366496381785881
58,0.0006693516850860393,1.3282668453079735e-06,7.52769463499092e-06,0.0037256411558540987,1.8356227591932764e-07,6.500835731371075e-07,1.7141134148380925e-05,0.0002365123205117937,2.9639161609494164e-05,6.9655511737834475e-06,6.190609778105048e-06,0.006099743637253295,8.413694002375303e-05,0.004566396972447026,1.6560824617846452e-07,1.5124961695754593e-05,0.002767184743320884,0.9785797108810386,9.907974911112866e-07,6.601610529748118e-06,0.00024381367772783715,0.002364258819421641,5.366651020361024e-07,2.4256294970420127e-06,0.000567777830714059
59,0.000661992810786767,1.3456802545813495e-06,7.981897751015245e-06,0.0039046191362222494,1.8567237749120196e-07,6.699958215989235e-07,1.7484841557422125e-05,0.0002442751043573044,3.032464380463863e-05,7.236193187571688e-06,6.293232596576521e-06,0.005955357024762085,8.051153141571569e-05,0.004469013174628355,1.7331315799256284e-07,1.5744418390076145e-05,0.0027226737495722165,0.9786708471805263,9.731265571248018e-07,6.838197252702338e-06,0.0002493218207537796,0.002373992706084536,5.515823559571301e-07,2.4629527702543296e-06,0.0005691300130556459
60,0.000610898577812818,1.275130661205465e-06,6.987540046167981e-06,0.0036682189507612375,1.7507111779101304e-07,6.220912921958829e-07,1.6444595511053586e-05,0.00023637719342882885,2.7579602415380612e-05,6.971706487046853e-06,5.836862702079863e-06,0.005526108497528636,7.250627460381931e-05,0.0046758404870140356,1.6666795455819094e-07,1.4684761362778879e-05,0.0026937046277984095,0.9792670036590455,8.771099892269518e-07,6.265092526129982e-06,0.00023377183144949554,0.0023608207367999076,5.049081981227569e-07,2.0617929881761412e-06,0.0005642962305054355
61,0.0006665970677795692,1.3609394925614017e-06,7.85877755932116e-06,0.0038223823608145675,1.8616692979738007e-07,6.700023954798588e-07,1.7391646654815934e-05,0.00024268786274437226,3.0019465874148078e-05,7.2737235561560885e-06,6.243951426704293e-06,0.00583493297455236,7.980528198857546e-05,0.004468293627742163,1.7230313377286273e-07,1.5499698845128175e-05,0.002741866789609314,0.9788627535518121,9.863552567460602e-07,6.745589842878832e-06,0.00024584539957315583,0.0023702609769652868,5.449982269337345e-07,2.430776684153193e-06,0.0005671897105398592
62,0.000610898577812818,1.275130661205465e-06,6.987540046167981e-06,0.0036682189507612375,1.7507111779101304e-07,6.220912921958829e-07,1.6444595511053586e-05,0.00023637719342882885,2.7579602415380612e-05,6.971706487046853e-06,5.836862702079863e-06,0.005526108497528636,7.250627460381931e-05,0.0046758404870140356,1.6666795455819094e-07,1.4684761362778879e-05,0.0026937046277984095,0.9792670036590455,8.771099892269518e-07,6.265092526129982e-06,0.00023377183144949554,0.0023608207367999076,5.049081981227569e-07,2.0617929881761412e-06,0.0005642962305054355
63,0.0006436261168303578,1.406978803240719e-06,7.181492023017834e-06,0.003735351288646678,1.833193496839126e-07,6.356884087338221e-07,1.696143074205628e-05,0.00023863307744581707,2.930578553543244e-05,7.200983274833796e-06,5.972080491592782e-06,0.005741473505233222,7.436551033046922e-05,0.004746070100005996,1.7549303688493253e-07,1.5036918171877455e-05,0.002740651412399005,0.978721225724853,9.417284771333955e-07,6.431025952377824e-06,0.00023917711760388337,0.0024458901848102045,5.16122362304984e-07,2.135366154052822e-06,0.0005794515490581289
64,0.0005841376461731172,1.3214460455997747e-06,6.873678722911764e-06,0.003801745131226543,1.7256820482275046e-07,6.369268032079259e-07,1.6527964242377353e-05,0.00022746326313130934,2.815501894771955e-05,7.36641278321186e-06,5.7068589842363804e-06,0.0058833311028900544,7.612130738025775e-05,0.004808098394573036,1.7311588363685946e-07,1.4760403933710052e-05,0.002794595272530661,0.9783577691019708,9.037868266101101e-07,6.609176039191232e-06,0.00026504290103316773,0.0025173638892497874,5.35155630788887e-07,2.1190621829869916e-06,0.000592470414609993
65,0.0006903848836840694,1.241238537558076e-06,6.869162540234507e-06,0.003338693020549802,1.7645480240613927e-07,6.10417155072165e-07,1.5126677253453172e-05,0.00021343140940248594,3.0233195148684864e-05,5.699021949090736e-06,6.1288150595798315e-06,0.005695423478148119,7.864918083539524e-05,0.004171458491304545,1.6379383816716652e-07,1.4374838075320601e-05,0.0026735718470251115,0.9800089710620495,9.55052208543992e-07,5.828698020882283e-06,0.00021207879501166093,0.0022953897271165953,4.5360518611745245e-07,2.3207870666528296e-06,0.0005317663480307634
66,0.0006040752924939027,1.2818150109695378e-06,6.91163947466203e-06,0.003710366764882065,1.7235545416676863e-07,6.172449782806206e-07,1.648747484271881e-05,0.00023983956920967673,2.7586555944410374e-05,6.943082695228333e-06,5.870937026285351e-06,0.0056126835783726625,7.155071170568259e-05,0.004763821341747767,1.6773337805733905e-07,1.4733103647136144e-05,0.0026814555621774597,0.9790242763233064,8.793029879377965e-07,6.171898535203041e-06,0.00023345393139078847,0.0024050063167711903,5.012100431022471e-07,2.0294134302262664e-06,0.0005631168404938282
67,0.0007098329242339321,1.524435599802964e-06,7.508433192037004e-06,0.0034613666951338155,1.851710897761928e-07,5.757448246672776e-07,1.9590913810671745e-05,0.0002556824613867867,3.14341489540125e-05,7.057461942620721e-06,6.219496017570389e-06,0.006114748596760148,6.410652879967472e-05,0.004431426222047775,1.9221754027850375e-07,1.4660189388800637e-05,0.002432049010732776,0.9790162497094032,1.0357875797462816e-06,5.419784066324514e-06,0.00022786773368779816,0.002610853059673029,4.6432645359143067e-07,2.0386082944006454e-06,0.0005779103393866063
68,0.000625326378660935,1.20322744204868e-06,7.923709142308106e-06,0.0043954432572286565,1.2453572047456936e-07,5.314164794058445e-07,1.44858680656726e-05,0.00019749649807761054,2.79241359140766e-05,7.210145344841917e-06,4.203399646695944e-06,0.006321930528163323,7.331251196229665e-05,0.003940455521234221,1.2123711706518397e-07,1.3373261296914988e-05,0.0022460974986092223,0.9793209355807722,7.346391223575476e-07,6.45515371050865e-06,0.00026046447642124286,0.0019805193543788366,4.928976158304205e-07,2.166276522238174e-06,0.0005510684913512034
69,0.0006240610777184813,1.6302317451952203e-06,9.912980650707334e-06,0.0060932411978250525,2.562711054975808e-07,8.340018542003902e-07,2.4079644684179736e-05,0.00040748644339364714,3.524010762052286e-05,8.881908208161151e-06,1.0803973058356279e-05,0.00874057250127134,0.00011521908961045882,0.006070287192335616,2.220842841152169e-07,2.4292438680558652e-05,0.003350792652938069,0.9705640728931725,1.2782536314854417e-06,1.1248501670766523e-05,0.00035682652919599294,0.002966824014064705,9.218788553842684e-07,3.821714878132573e-06,0.0005771924175470253
70,0.000587837997664911,1.4966135059427944e-06,7.142912509933802e-06,0.0039122978107375625,1.8803122016296496e-07,7.246752944339291e-07,1.9010478185906842e-05,0.0002587595797446573,3.0468071523223935e-05,8.044663424561307e-06,7.467616340509048e-06,0.006298129123646023,7.128026324631802e-05,0.004974616781815544,1.9235145613909386e-07,1.5401105722436438e-05,0.0028754700977486726,0.9769779753407822,1.21664182934349e-06,6.13368677741507e-06,0.0003090367305703778,0.0030669589596523023,6.528826619625483e-07,2.6088563779194638e-06,0.0005668887275614175
71,0.0006206905912013022,1.3440825130701665e-06,6.45483054856553e-06,0.003626854758933304,1.991049300091587e-07,5.781522157758411e-07,1.576957006930745e-05,0.00022836846487411919,2.8148120252026587e-05,7.250054710490699e-06,5.130540096611573e-06,0.0056949008223065554,8.93128437033646e-05,0.004890489543222463,1.5663422434845685e-07,1.5882876355926644e-05,0.002952542986172812,0.9787635112696812,8.150055663803673e-07,8.145656608096417e-06,0.00024036321595259614,0.0022212976698307574,5.159045288258329e-07,2.069664223611852e-06,0.0005792076372786491
