,0,1,2,3,4,5,6,7,8,9,10,11,12,13,14,15,16,17,18,19,20,21,22,23,24
0,0.14042822588183235,0.00041515323343104546,0.0012710740789492478,0.000650943568034634,5.276584060666313e-05,1.5521546246022766e-07,0.00018124984977820418,0.007074363928844386,2.6804124115201354e-06,2.5440159267963402e-06,0.004927489024111714,0.001512745767807106,0.003457969475696922,0.004659193267510577,2.571411714131639e-09,2.1595884233127805e-06,0.0045061688627544266,0.8252406853635895,9.801443448627284e-06,6.218327883312517e-07,0.005383089552341092,0.00020395298001916017,1.4531448918910341e-05,2.2493798085577225e-06,1.8341609267688456e-07
1,0.11801256774489813,0.00039057379779461554,0.001228298929118597,0.0005289717582591852,5.0258807168354446e-05,1.7816265782053324e-07,0.0001823247769735642,0.006731136497875218,3.7711253809797507e-06,3.2858278656123266e-06,0.004373822730781443,0.0012443504840627978,0.00337274362963429,0.005506226194440832,2.5763710823637965e-09,2.0921353039637546e-06,0.003371495176937351,0.8487313583853858,1.126786562289702e-05,6.925837643240556e-07,0.006012954334865426,0.00022422926114116983,1.475303627104223e-05,2.4402862315487553e-06,2.0389119398978078e-07
2,0.13157875879683859,0.0004445288328015572,0.001284712254800148,0.0005719678671537966,5.570246252312975e-05,1.8535327272611493e-07,0.00017741936760664605,0.007490503180710554,3.875481215445896e-06,3.365894457506541e-06,0.005275450524623726,0.001467504877099438,0.0034902719699657792,0.006449377185498509,3.0428551872166996e-09,2.0498864602255607e-06,0.0037307572090716393,0.8319774526353844,1.0378429201356887e-05,7.455415002903193e-07,0.005708428553807942,0.0002588999288070421,1.5031101308418259e-05,2.3969914011698383e-06,2.3263163473884046e-07
3,0.1350254267061113,0.0004375201830097816,0.0012825737606715602,0.0005729860463661065,5.275522598134871e-05,1.8123483271113633e-07,0.00017844604380037966,0.007302195545640151,3.590685691452962e-06,3.1767993103773333e-06,0.005092050557636432,0.001445895812229749,0.0034510135238349036,0.005869318151079264,2.8062373155037742e-09,2.025331818502218e-06,0.0038523642388341947,0.8294583668969935,1.037036530989163e-05,6.767545215985876e-07,0.005695549084293627,0.0002462023456741013,1.477200878162734e-05,2.324034334366778e-06,2.1585700574647218e-07
4,0.1327280504757836,0.00043159128078840473,0.001284352835367678,0.0005698191873220437,5.141137327136411e-05,1.775579571035671e-07,0.00017948938065848028,0.007170598795854911,3.7246491028900016e-06,3.2151386697441226e-06,0.004944866738253551,0.0014075050404528842,0.0035767329361260664,0.006009686102956981,2.7439084488758154e-09,1.9507862354676187e-06,0.003585897785217947,0.8321651585827489,1.0252499653158616e-05,6.940933041847819e-07,0.005612834595648754,0.00024497912091184823,1.4471069473402936e-05,2.326617867870953e-06,2.1061246436025102e-07
5,0.12138601267018705,0.0003680229618792513,0.001161495959105547,0.0005645729852947957,4.939457690998105e-05,1.658298697881706e-07,0.00015834957492251098,0.006428003265319395,3.2679777843135404e-06,2.9295514427103067e-06,0.004379155438943214,0.001204546470228125,0.0031233791398557046,0.005193631637932481,2.363463482775904e-09,1.7715429080271316e-06,0.0032851951793937332,0.8473366051846362,9.309323157438023e-06,6.397514587647965e-07,0.0051260470455910786,0.00020063589395884318,1.4527099577671685e-05,2.1626494309703616e-06,1.7592674886138766e-07
6,0.1350254267061113,0.0004375201830097816,0.0012825737606715602,0.0005729860463661065,5.275522598134871e-05,1.8123483271113633e-07,0.00017844604380037966,0.007302195545640151,3.590685691452962e-06,3.1767993103773333e-06,0.005092050557636432,0.001445895812229749,0.0034510135238349036,0.005869318151079264,2.8062373155037742e-09,2.025331818502218e-06,0.0038523642388341947,0.8294583668969935,1.037036530989163e-05,6.767545215985876e-07,0.005695549084293627,0.0002462023456741013,1.477200878162734e-05,2.324034334366778e-06,2.1585700574647218e-07
7,0.15280903544767233,0.00039920218004006514,0.0012870920426585669,0.0005475905597742105,4.1641738261380926e-05,1.57155678123252e-07,0.00017596841822007208,0.0071531775340357585,2.978201727855144e-06,2.790078962342826e-06,0.0050523554093701685,0.0012626682368270406,0.004176231322649832,0.004646225639513183,2.6342271382002965e-09,1.7692301591972608e-06,0.0032090336733622002,0.8141337093786642,1.0001390413166568e-05,6.443122221325185e-07,0.004835837343893057,0.00023890520466994953,1.1003952689658766e-05,1.818605851174212e-06,1.603084571793374e-07
8,0.17092409908642303,0.0005193238333987515,0.0017032021484971256,0.000707592518266923,6.439670592671946e-05,1.7933484716787366e-07,0.00014142018131125744,0.006895945149662576,3.976494512820846e-06,3.7907416209806416e-06,0.004982401144335878,0.0015745178105682316,0.003370556147982617,0.00704340031220341,3.030109744188192e-09,2.094583160142228e-06,0.004647179817509423,0.7917277862943667,8.542249092303669e-06,6.970658097750617e-07,0.005411710093335483,0.0002451946576540321,1.842821028578231e-05,3.287736612093139e-06,2.746525070582346e-07
9,0.13583707432069647,0.0005354393856385422,0.001557993292598726,0.0006703529230216871,6.606161711300712e-05,1.8130100632115515e-07,0.00014999582309223477,0.007129334756356345,4.591413117564213e-06,4.373739672635741e-06,0.004867983341189144,0.001475570451748458,0.0034509679645733,0.008205059706321502,3.0827272309804357e-09,2.21899053207292e-06,0.0041179300541494155,0.8254007290903573,1.0143137420564314e-05,8.067400860475717e-07,0.0062331475536189455,0.0002573163303412801,1.894879443069711e-05,3.478968458529675e-06,2.9722173181869275e-07
10,0.1350254267061113,0.0004375201830097816,0.0012825737606715602,0.0005729860463661065,5.275522598134871e-05,1.8123483271113633e-07,0.00017844604380037966,0.007302195545640151,3.590685691452962e-06,3.1767993103773333e-06,0.005092050557636432,0.001445895812229749,0.0034510135238349036,0.005869318151079264,2.8062373155037742e-09,2.025331818502218e-06,0.0038523642388341947,0.8294583668969935,1.037036530989163e-05,6.767545215985876e-07,0.005695549084293627,0.0002462023456741013,1.477200878162734e-05,2.324034334366778e-06,2.1585700574647218e-07
11,0.13584193295708064,0.0004355073031714789,0.0012946418800116079,0.0005822384044701802,5.215610657970832e-05,1.8154913322559538e-07,0.00018291796373611923,0.007265155777890244,3.633384739042843e-06,3.1858411665686082e-06,0.0050285212531450485,0.0014529479532678939,0.003609196355848523,0.005772417812812584,2.8568994444124295e-09,2.066272451094251e-06,0.003791956933278602,0.8287744422578792,1.0553459900557392e-05,6.97828652318615e-07,0.005630137589889291,0.00024831908741744865,1.4600390598857484e-05,2.3743483651899877e-06,2.144316148768069e-07
12,0.1333968350209112,0.00042211482172045434,0.001372826892535575,0.0005441205229626724,6.0532522341021174e-05,1.8783601588376002e-07,0.000173081675920328,0.006996861054850338,3.8030217486819623e-06,3.278271220917731e-06,0.005286615862595671,0.0014716242149585936,0.003253992846115524,0.006392527050746241,2.824594227866485e-09,2.0069825316149915e-06,0.0039899139012150135,0.8305015429016953,9.510016044251823e-06,7.342368411211233e-07,0.005861900166899428,0.00023719357296763898,1.6044014862831734e-05,2.5084320774218243e-06,2.4133562793262963e-07
13,0.1663549704769701,0.000584288872638756,0.001450203271507029,0.0005121855680247249,6.130758233585823e-05,1.8291610551452498e-07,0.0001917913573527783,0.010947328407634608,3.997380194345507e-06,3.2152025135189274e-06,0.009628350077343898,0.0024983389013408415,0.004037397879860578,0.0093387656368573,4.2664710254260915e-09,2.132452854884031e-06,0.004608575592746746,0.7830611871626046,1.0308470963998132e-05,8.067905292284144e-07,0.0062850836423713995,0.00040510519424149556,1.1985626430195798e-05,2.1495304332040004e-06,3.3773967342309606e-07
14,0.22958858762050588,0.0003980464179310259,0.0017025164286172392,0.00046831129954690655,4.8453529718035236e-05,3.154588264511953e-07,0.0003079955645033033,0.011297019568159952,5.211392408490397e-06,2.8941140588662647e-06,0.0059946427285194,0.0032592969453764217,0.0040234356576382265,0.006045901065641543,4.594234210011396e-09,4.079261485493373e-06,0.005250073553578074,0.7260203805056614,8.938335586947896e-06,8.582006333298124e-07,0.005120460840448523,0.00043198559263035784,1.7057894604513278e-05,3.1002215888209134e-06,4.332080966384113e-07
15,0.1350254267061113,0.0004375201830097816,0.0012825737606715602,0.0005729860463661065,5.275522598134871e-05,1.8123483271113633e-07,0.00017844604380037966,0.007302195545640151,3.590685691452962e-06,3.1767993103773333e-06,0.005092050557636432,0.001445895812229749,0.0034510135238349036,0.005869318151079264,2.8062373155037742e-09,2.025331818502218e-06,0.0038523642388341947,0.8294583668969935,1.037036530989163e-05,6.767545215985876e-07,0.005695549084293627,0.0002462023456741013,1.477200878162734e-05,2.324034334366778e-06,2.1585700574647218e-07
16,0.13252301871504193,0.0003303768024443774,0.0023062992416337724,0.0006192662190767436,7.412353789880767e-05,2.3387291636617822e-07,0.00022060971141865554,0.0045610203649070254,3.6403720625020974e-06,3.6605654333143513e-06,0.0030244835738065736,0.0008816891327743539,0.0031626209784205825,0.003511533488356302,1.4770306723369834e-09,2.311238926747929e-06,0.005368648971723114,0.8344040986468787,1.0246243389057599e-05,6.722522622486862e-07,0.008844640513171902,0.00010947894181131922,3.204760548919294e-05,5.076512742640354e-06,2.0102038321753285e-07
17,0.16449124732509196,0.0013048786885813595,0.0012253715437806243,0.0010869617246103773,4.526860822781896e-05,3.967685556584381e-07,0.00014736359575062127,0.015017559597575354,3.4582597294395173e-06,1.1833360647739317e-05,0.006617883811125411,0.0015524446117512883,0.004011444323775714,0.004885073580197291,1.3551740422125564e-08,7.701025211287085e-06,0.008536967404571435,0.7830318061611745,5.2760783044992525e-05,7.476319709443994e-07,0.007298537347571361,0.0006480548428415111,1.8901170866318128e-05,2.8789207045379115e-06,4.453609020133268e-07
18,0.14470596975385852,0.0003320322659831067,0.0009423651257204678,0.0008407178753054744,4.867203431432704e-05,1.623200864403508e-07,0.00011897621948228419,0.006574899055065468,2.6359613293373788e-06,2.493321754925048e-06,0.00438502890773173,0.0008315920028331339,0.003169965202298233,0.00328213481766102,2.115762585379756e-09,1.1066815899157916e-06,0.002528561963286457,0.8287963985458131,7.958342818679025e-06,4.954485514641773e-07,0.0032365754498926563,0.0001778595295156343,1.1832520767790525e-05,1.478322042582564e-06,8.621653456800729e-08
19,0.1399375616511596,0.00034303963120615484,0.001362662507770718,0.0003589542402636698,3.881365706765404e-05,1.263322790025272e-07,0.00015287869483423194,0.00712819498942284,2.385965927274338e-06,2.385449609733264e-06,0.005350416230821445,0.0012926470935850215,0.0030355671917541836,0.00526793174973748,2.081190382606945e-09,1.8634132102384075e-06,0.003933547563106664,0.8250765036541259,8.549170932293523e-06,5.720128334547283e-07,0.00649386381246351,0.00019737706684448816,1.2098081652849965e-05,1.8626480796758817e-06,1.9511012154221027e-07
20,0.12292289178015192,0.0001859407134014896,0.0017209123602505885,0.00030864404256435033,5.848245906354855e-05,9.100150026567098e-08,0.00014524490526948418,0.0027562615853273737,1.5586922217494482e-06,1.2453158645908808e-06,0.0030946323217284945,0.0012971942346779544,0.0015415236755649232,0.002849406200002492,8.511710587230935e-10,1.888005071613677e-06,0.0052157520841550845,0.8512262954148315,4.728779721558286e-06,3.5747274381390896e-07,0.006594846614194869,4.7218398187521266e-05,2.1247463113319193e-05,3.4529935872456704e-06,1.8263563321173819e-07
21,0.16117066593216048,0.0007944275062815148,0.0013729553734680112,0.0008425634175512015,8.190742691150059e-05,4.5262035457554195e-07,0.0002626320660838196,0.011743823737680664,6.485455990849988e-06,6.144491987042777e-06,0.008609343364347915,0.0018572923190566084,0.004394915307175609,0.007611933470937336,6.935607892521281e-09,2.7644396792480318e-06,0.005690099467477792,0.7877323417416554,2.1446760737772406e-05,8.862612506170291e-07,0.007194574358802806,0.0005791192989093604,2.0194863214769396e-05,2.65068710495944e-06,3.7269557236635665e-07
22,0.2502408624330864,0.010577283838573327,0.002637387955285022,0.005016240067539491,0.0015699115384221782,1.3269834590268446e-06,0.014390566992940659,0.009791498453326998,0.000810137766908948,7.1135684405972605e-06,0.026675194211687542,0.2458977621830645,0.07317767403349382,0.07245945648656935,2.92926475259852e-07,5.3975862904240206e-05,0.004690062901120646,0.26855037609974947,8.358478425155372e-05,1.0880384379748682e-05,0.0076275649098671615,0.005232980452748546,4.074864002664916e-05,0.00041598176159146535,4.1134764087387955e-05
23,0.1350254267061113,0.0004375201830097816,0.0012825737606715602,0.0005729860463661065,5.275522598134871e-05,1.8123483271113633e-07,0.00017844604380037966,0.007302195545640151,3.590685691452962e-06,3.1767993103773333e-06,0.005092050557636432,0.001445895812229749,0.0034510135238349036,0.005869318151079264,2.8062373155037742e-09,2.025331818502218e-06,0.0038523642388341947,0.8294583668969935,1.037036530989163e-05,6.767545215985876e-07,0.005695549084293627,0.0002462023456741013,1.477200878162734e-05,2.324034334366778e-06,2.1585700574647218e-07
24,0.6192460324888619,4.441905678181622e-05,0.006392342806542838,1.981533559935798e-05,5.711587064040061e-05,2.585479265310006e-07,0.0004557360253402402,0.005325966890705682,5.245158265791284e-06,5.658837917033911e-07,0.01546370439602599,0.004320912097912716,0.0024588566612680127,0.0030198993730790164,2.040081197192474e-09,2.7621555653539514e-06,0.003996660782580887,0.32931930506385715,1.8727922258956704e-06,6.199381975148237e-07,0.009687991236846973,0.00016385688746656794,1.0510371458715755e-05,4.420592426590511e-06,1.1275465512283158e-06
25,0.29998645428573156,0.0028466719421494906,0.00320483026406476,0.00161081350111296,0.00010916076146869914,5.598559594264142e-07,0.00032816939367374346,0.00539338863799891,1.647681919361081e-05,1.6998497659397543e-05,0.005314765302631532,0.002840587649403682,0.009087415969682655,0.012242097921855597,1.692085710468094e-08,7.679543632267424e-06,0.012729180911669843,0.6323425184895423,5.257315608257509e-05,1.0205531167050482e-06,0.010853916549750594,0.0009554459701988876,4.2923123622208684e-05,1.4915008696275612e-05,1.4189702452600805e-06
26,0.12424718993567312,0.00031585953653883396,0.0013275346271987114,0.0005350192584387025,5.409547942142911e-05,1.5132617992686615e-07,0.0001389126957855656,0.0048439356438778475,3.460687749218961e-06,2.8142893048982785e-06,0.003484399209240684,0.0010051376533841453,0.0027917337014014437,0.004864162660902365,1.8270680720550426e-09,1.5843776144225758e-06,0.0030728885811334007,0.8481739360738945,7.392938689264105e-06,6.130306949375599e-07,0.004959821741885721,0.00014995531358506854,1.6524316295692833e-05,2.7073403417566177e-06,1.677537003870853e-07
27,0.13784006883981,0.0004849335029211904,0.0012207516937195499,0.0006382723152225477,5.4883398249659944e-05,2.0829807615860376e-07,0.00018395648768930814,0.007865340359226241,4.281217814146965e-06,3.5851164724761916e-06,0.005248124378418586,0.0015051648272457914,0.0037510186069889826,0.006218640301109599,3.337222677638464e-09,2.1147314371001793e-06,0.0036347506034320556,0.8257445027102804,1.1378095693461508e-05,7.420079062623696e-07,0.005268206304479583,0.0003018574074327486,1.4578093435568832e-05,2.4081455162221787e-06,2.2922019950465785e-07
28,0.1350254267061113,0.0004375201830097816,0.0012825737606715602,0.0005729860463661065,5.275522598134871e-05,1.8123483271113633e-07,0.00017844604380037966,0.007302195545640151,3.590685691452962e-06,3.1767993103773333e-06,0.005092050557636432,0.001445895812229749,0.0034510135238349036,0.005869318151079264,2.8062373155037742e-09,2.025331818502218e-06,0.0038523642388341947,0.8294583668969935,1.037036530989163e-05,6.767545215985876e-07,0.005695549084293627,0.0002462023456741013,1.477200878162734e-05,2.324034334366778e-06,2.1585700574647218e-07
29,0.1350254267061113,0.0004375201830097816,0.0012825737606715602,0.0005729860463661065,5.275522598134871e-05,1.8123483271113633e-07,0.00017844604380037966,0.007302195545640151,3.590685691452962e-06,3.1767993103773333e-06,0.005092050557636432,0.001445895812229749,0.0034510135238349036,0.005869318151079264,2.8062373155037742e-09,2.025331818502218e-06,0.0038523642388341947,0.8294583668969935,1.037036530989163e-05,6.767545215985876e-07,0.005695549084293627,0.0002462023456741013,1.477200878162734e-05,2.324034334366778e-06,2.1585700574647218e-07
30,0.1350254267061113,0.0004375201830097816,0.0012825737606715602,0.0005729860463661065,5.275522598134871e-05,1.8123483271113633e-07,0.00017844604380037966,0.007302195545640151,3.590685691452962e-06,3.1767993103773333e-06,0.005092050557636432,0.001445895812229749,0.0034510135238349036,0.005869318151079264,2.8062373155037742e-09,2.025331818502218e-06,0.0038523642388341947,0.8294583668969935,1.037036530989163e-05,6.767545215985876e-07,0.005695549084293627,0.0002462023456741013,1.477200878162734e-05,2.324034334366778e-06,2.1585700574647218e-07
31,0.13755147833383477,0.00041409368290627193,0.0012903651589949688,0.0005301426588842659,4.769817459116898e-05,1.6743784695636462e-07,0.00017061834484781606,0.007450838709223612,3.190885632928148e-06,2.9801045455447704e-06,0.004916192624520469,0.0013974232479457116,0.003329155778230639,0.005455546455645976,2.5067220140138214e-09,2.005101760252725e-06,0.0038561557478046654,0.8277226990811205,9.70090434821433e-06,6.341825812975929e-07,0.005601548334906182,0.00023104462286033527,1.3970505922164e-05,2.1475155937081686e-06,1.9989872927409703e-07
32,0.13240862966894873,0.00044289395347168396,0.0012622877099799168,0.0005937902221589351,5.313394875693773e-05,1.892028536064156e-07,0.0001849178878596429,0.007348149261004839,3.630381797573026e-06,3.282397365399981e-06,0.005066901012777017,0.0014339594719569,0.0035264193387769998,0.005699625025385801,3.011747212697072e-09,2.1528248746674854e-06,0.003930529897444362,0.8319190256809519,1.141458317682338e-05,6.938974204573442e-07,0.005838315077968752,0.0002523559357782036,1.5105970873011794e-05,2.374785865035347e-06,2.1885080547656563e-07
33,0.13340212577404298,0.000447645035512995,0.001406296380810979,0.0005528598594484364,6.031846665376519e-05,2.0244684840659685e-07,0.0001762974348227214,0.0069237673835389184,4.390517377176222e-06,3.7333264705739703e-06,0.0051440740085411185,0.0013541743273974413,0.0033439440074435633,0.006830465872125943,3.070146812290954e-09,1.96492572360671e-06,0.0036956957588096307,0.8301533685510075,1.0553619881635707e-05,7.451359249571202e-07,0.006217745655208391,0.000249896793828228,1.6841752582349623e-05,2.6379162172613783e-06,2.5197963468377905e-07
34,0.15680584826779426,0.00030050149875734657,0.0012722261362161293,0.0004596013481673086,3.9718941081437836e-05,1.3601695015499525e-07,0.00014567719650202625,0.0059773478501547305,2.679662739924068e-06,2.271372840552506e-06,0.004751698238959289,0.0010728624530426003,0.003312546964156526,0.004106723550169888,2.216865967809845e-09,1.4256580921951892e-06,0.0028150745025796106,0.8140641636818134,8.204370743325362e-06,5.244602652394727e-07,0.004665253397724638,0.00018308573992863446,1.054526085762015e-05,1.7430256615866928e-06,1.381879358025103e-07
35,0.10990565802989365,0.0012894930609846538,0.0022495705458008587,0.0014331206397934983,0.00023428961440796303,2.951525891904521e-07,0.00035390680070774324,0.006958865842184675,8.640310906338354e-06,7.010189712785769e-06,0.010609491035802809,0.002456921686219225,0.006419432251779067,0.020381201670282557,1.2574554013026298e-08,3.3648512580926876e-06,0.007974572792974395,0.8152133304462382,2.2690440407779437e-05,2.475040717708438e-06,0.014066412094648944,0.00035213714697496815,4.8579673258509175e-05,7.619158057122661e-06,9.089498450763115e-07
36,0.13588840422622023,0.00040922640774322444,0.0014802643069285995,0.0005619583224927652,6.209267661037339e-05,1.720444790890508e-07,0.0001740179811470991,0.006194626914001533,3.39340531461529e-06,2.964176856802473e-06,0.005365252779280443,0.0013114603077817896,0.0032658495896457957,0.005652473434123073,2.688730818645152e-09,1.8318232478834536e-06,0.0038300678104786273,0.8291464850792093,9.708626606746961e-06,6.821537925348503e-07,0.0064312353067017235,0.00018827631824524607,1.663142131293115e-05,2.699254496255981e-06,2.2294455269780854e-07
37,0.08388289000283523,0.015200634113231682,0.00045726397355901234,0.004511217805277512,0.00022799268396672692,8.806574110061874e-06,0.0006411396303981438,0.2626857239735917,1.8173406053374986e-05,6.749557460968488e-05,0.08117068625728964,0.012864248793160737,0.003798798058488562,0.029136847720463006,6.336006730164173e-07,3.386253260357145e-05,0.05750931667199516,0.4109270889631625,0.0005581137165482671,2.1633751197860237e-06,0.013493863942519713,0.02274470117240386,5.070851580491884e-05,1.5485190396067803e-06,6.08042309434296e-06
38,0.19407775907894978,0.0011493572138181402,0.0019351979331408398,0.0007608025534777391,0.00012285889850863,1.852390404252757e-07,0.00012684756502498752,0.011411372640245365,7.334616338429636e-06,5.377412652425659e-06,0.01212779892540054,0.0029854338555828186,0.0037703774282271435,0.02173113759049295,4.1765251183387265e-09,1.4919121639560417e-06,0.005104744456275709,0.737874556702767,7.417048819269831e-06,8.472561945556676e-07,0.006265105586621113,0.0005136759519566153,1.639200494469836e-05,3.3852109969447232e-06,5.387418345837193e-07
39,0.1353011755305042,0.0004461578570650098,0.0012866772495559683,0.0005808352542141451,5.368964380419504e-05,1.8015381419500326e-07,0.0001767892908865987,0.007182821494476621,3.663604876141481e-06,3.2198553589334785e-06,0.005106487565481127,0.0014414950611660842,0.0034739068228843563,0.00599703691170087,2.8407559746388856e-09,1.9972193685297116e-06,0.003831333945480959,0.8291643438239069,1.0383642283283432e-05,6.80869947339619e-07,0.005672661163971016,0.0002470247807871803,1.485939578406369e-05,2.358007040558943e-06,2.1801488587214638e-07
40,0.032072294969612614,0.00013148208579375558,0.0002832885995819224,0.00049773832045591,2.0000151792239654e-05,7.237307197931606e-08,6.94396029966654e-05,0.0034025048535956956,1.470932778422128e-06,1.8945902888052746e-06,0.001324508737283722,0.0002310681719385073,0.001561439727904808,0.001868853021602284,8.042524521347359e-10,1.016103442793125e-06,0.0009772488762728273,0.9542240356847236,1.0481095411475599e-05,3.800375381855674e-07,0.003242017772253126,6.734786463876558e-05,1.0186248948295406e-05,1.1932145824978722e-06,3.6159238731627854e-08
41,0.13338330417889094,0.0004328693818526814,0.0012866759810819675,0.0005459606815248916,5.057557511447307e-05,1.7615112313693192e-07,0.00018030885110241186,0.007311388427168848,3.5158753358177193e-06,3.1313829521183934e-06,0.0050408871828621525,0.001443159615150627,0.0034631878350863286,0.005892531959032851,2.6993530192916265e-09,2.0426498811448826e-06,0.0038667786558554467,0.8309606029054594,1.0371845564909792e-05,6.715343297248805e-07,0.005860021380609426,0.0002447511358207877,1.4569032779053118e-05,2.299050271371182e-06,2.1603179653541669e-07
42,0.1593404459239481,0.0006150693761131179,0.0012839827702284228,0.000720274707180011,5.465980033550485e-05,2.715834368205884e-07,0.00022548829527040148,0.010765640832363883,4.292118325604369e-06,4.2135887952712054e-06,0.006315594548054521,0.0019177185811963737,0.004453709123794076,0.005941754591281545,4.70710169029641e-09,3.1622289275986045e-06,0.005301554071703494,0.7965019739579634,1.654018895351124e-05,7.890510833884168e-07,0.006057225051873423,0.0004579553885818853,1.4942468562643296e-05,2.452787133824413e-06,2.842577915421207e-07
43,0.13314600300910234,0.000433454827651884,0.001278701792148339,0.0005742739341396768,5.29777440591059e-05,1.8853051206355536e-07,0.0001769897314623528,0.0073754035315646725,3.6789043291187917e-06,3.3081239531983778e-06,0.005068639711687065,0.0013990810334446415,0.0034245430965042815,0.005890654146183888,2.8594203233885564e-09,2.026622699020098e-06,0.0037958572386533997,0.8313192407294435,1.0645424689117704e-05,6.861449328009977e-07,0.005776794112312079,0.0002492088966894075,1.5094938412514233e-05,2.3284185410825318e-06,2.1649746410323685e-07
44,0.1350254267061113,0.0004375201830097816,0.0012825737606715602,0.0005729860463661065,5.275522598134871e-05,1.8123483271113633e-07,0.00017844604380037966,0.007302195545640151,3.590685691452962e-06,3.1767993103773333e-06,0.005092050557636432,0.001445895812229749,0.0034510135238349036,0.005869318151079264,2.8062373155037742e-09,2.025331818502218e-06,0.0038523642388341947,0.8294583668969935,1.037036530989163e-05,6.767545215985876e-07,0.005695549084293627,0.0002462023456741013,1.477200878162734e-05,2.324034334366778e-06,2.1585700574647218e-07
45,0.13515425625793,0.00043841494631246923,0.0012870035356261729,0.0005699956007355293,5.265304632817657e-05,1.802356151640071e-07,0.00017737353767920984,0.007285556165244711,3.5824959958962587e-06,3.179353588728232e-06,0.005090739067702983,0.0014451340795681876,0.00344074218290538,0.005900632204330629,2.7894609175901073e-09,2.0196689390585473e-06,0.003861697626744132,0.829301305428636,1.0321591699000804e-05,6.746497496721921e-07,0.005711548366787567,0.0002456618061112992,1.4784010007439873e-05,2.3248356585679726e-06,2.1651664314543654e-07
46,0.1839890250132967,0.0005460207110490171,0.0013905907978006926,0.0007449374435553007,4.9448379021063705e-05,1.9867575714256972e-07,0.00018941168115280333,0.008933601272297876,2.591481478551024e-06,2.9262817583457465e-06,0.0058244624296991815,0.0020260234288598388,0.0038809237978900332,0.004644309385505943,3.4748303354461796e-09,2.827376200132783e-06,0.006795499506020827,0.775457495014099,1.1497719262482243e-05,6.090742049909325e-07,0.005181790861907185,0.00030818987267919903,1.51802981786468e-05,2.2064264485535263e-06,2.2959704631830767e-07
47,0.05809486632663844,0.0001414631501909158,0.0008661122484024679,0.00043278249913027194,5.9912256903114306e-05,1.3923184675187812e-07,9.510909423825904e-05,0.004087178610624145,2.570905877295574e-06,2.35172009383444e-06,0.003458298217580012,0.0004576800587155132,0.001295588147340286,0.005087411005265817,1.3470870302043024e-09,7.41770668730141e-07,0.0018701212530608392,0.9173318818374973,6.497490765957196e-06,5.114172513580872e-07,0.006614900534736215,6.939903948827951e-05,2.2679558523905433e-05,1.6957801172860702e-06,1.0649795598214963e-07
48,0.1425978266922947,0.0004973670818426087,0.0012558347471915755,0.0006362933333103233,4.909776802316036e-05,1.8760229088588996e-07,0.00017734847347729532,0.007942225450511436,3.3867065401763376e-06,3.408798817865682e-06,0.005033222589900347,0.0014660226558918968,0.003570796772043378,0.005642997108069057,2.944596213245031e-09,2.1690093048419797e-06,0.004375794175376771,0.8208804217470189,1.1459864986832024e-05,6.352958478702167e-07,0.005563712373183672,0.0002723739738680201,1.5023897521630526e-05,2.180552994580839e-06,2.103850959010025e-07
49,0.14175232009470576,0.0004174389819062783,0.0013287131441014524,0.0005593082232225942,5.35908331963464e-05,2.0245336102805003e-07,0.0001844078787455916,0.007639450368276863,3.6318709769237653e-06,3.0391523612614434e-06,0.005158471873279565,0.0015622577499526027,0.0033898047700519737,0.00562869362749652,2.64826766461113e-09,2.005335024152609e-06,0.0038458922834802853,0.8228378320518275,9.146038862329957e-06,6.837860397380859e-07,0.005356825093369749,0.000249035315491974,1.4790754550141707e-05,2.2410458624925835e-06,2.146255893095195e-07
50,0.130014101442837,0.0004468767598352541,0.0012663230637647818,0.0005692550251759581,4.8833334404830986e-05,1.9731255525031482e-07,0.0001964876094478017,0.008162267133966516,4.362191137575005e-06,3.77136972713075e-06,0.005012702755686565,0.0013465831964594357,0.003914942949666921,0.006620252493682367,2.9478615806554168e-09,1.905451887962949e-06,0.0031938822267876944,0.8330586828883407,1.157061773669219e-05,7.226925163272574e-07,0.005820506156733039,0.00028977665954883536,1.3655915710173264e-05,2.1298884139439428e-06,2.0791611542828896e-07
51,0.12637441383502046,0.0003339225436045648,0.0013568942118082246,0.0004590696856082516,5.2924286281013256e-05,1.7679023256179252e-07,0.00019434942085977947,0.006383946556730342,3.3659469152336276e-06,2.7724840988870445e-06,0.004712925461999217,0.0013375714824028389,0.003110107980773777,0.0052309632522368876,2.4232171748526036e-09,2.089370727610266e-06,0.003911446196021157,0.8398472873361829,9.744486979846243e-06,6.718713026960611e-07,0.006458106486673435,0.00019895772077477365,1.5588671487899895e-05,2.4859176751261656e-06,2.1558038533844358e-07
52,0.10159095706309505,0.0002579558709041973,0.0007606745681765305,0.0005071601302899276,3.1323617437014776e-05,1.3968055935514525e-07,9.220324900121935e-05,0.0058057558573204986,2.75185199424152e-06,3.178306237196644e-06,0.0032746724770605705,0.0006659982748303253,0.0026522445649040448,0.003951330929402542,2.111124032010739e-09,1.3274571454829457e-06,0.0019159263155077621,0.8748943215286112,9.26671565811906e-06,5.461103129284644e-07,0.003378470989138995,0.00019200172260110687,1.0271532596946482e-05,1.4166996245670645e-06,1.0237646616508271e-07
53,0.13302989085370473,0.0004246172477887637,0.0012770233583694014,0.0005533051728365615,5.2293682188044405e-05,1.824496513706016e-07,0.00019358710414679126,0.007379661761399774,3.626455978237863e-06,3.0151617403739384e-06,0.0050780083382189435,0.0015154732720501004,0.003485973528058093,0.0058416539320975906,2.760535733693019e-09,2.0638701706532935e-06,0.003798329398377669,0.8313398834422897,1.014854681340877e-05,6.886336544552612e-07,0.005749940024356288,0.0002435174361243967,1.4584537602752952e-05,2.3120206371804543e-06,2.170112090178077e-07
54,0.1525884679259018,0.0008058140043069105,0.0016113022207133927,0.00062196153673769,6.998957053204916e-05,2.1497808221522735e-07,0.0002273401532634473,0.009335629446997026,5.718553491400469e-06,4.855986911464589e-06,0.006660664050852861,0.002519421780974439,0.004527284695214189,0.010376310158015703,4.886037788943368e-09,3.3131125585275403e-06,0.0053207733207233905,0.7978710389991657,1.3855364249529324e-05,9.77266619239747e-07,0.0069792815158104945,0.0004355618629553051,1.6240321939904362e-05,3.5150056039456084e-06,4.632823416049521e-07
55,0.13820177621929217,0.0004585997579638405,0.001306196762943427,0.0005778897634605293,5.175222102554913e-05,1.8685376805544396e-07,0.00016457626955776808,0.007689913412605477,3.52948224981911e-06,3.5319134928141035e-06,0.0052986623848180585,0.0013395831085839468,0.003439717900548301,0.0061002166997257854,3.001367559644964e-09,2.0199176638628997e-06,0.004059466103926139,0.8250614285328273,1.109020131298959e-05,6.807709409482868e-07,0.005947399175799119,0.00026398075329050195,1.5348488507488973e-05,2.2293792748403204e-06,2.20925053901207e-07
56,0.13586498985823034,0.0004370167352054932,0.0012881742342196736,0.0005748755677337581,5.222168645174521e-05,1.8232360410961427e-07,0.00018174544881939617,0.007312823313958529,3.6280108780942605e-06,3.177870240664587e-06,0.0050727391013704595,0.0014536743404747444,0.003528631885828182,0.005828891635295778,2.827779810123184e-09,2.034834660471685e-06,0.003812468771166313,0.8286470873544942,1.0452946319961218e-05,6.837208540380001e-07,0.005658829912331006,0.00024848308214468366,1.4639218598051239e-05,2.330457907558155e-06,2.148614328855613e-07
57,0.1302987749654928,0.0005408057085056614,0.001296060483992202,0.0006215117722762855,5.336906389917521e-05,1.9515672870019126e-07,0.00022554401912348485,0.008073488094531588,3.872027965642417e-06,3.576460284090522e-06,0.005383261281161992,0.0017117351006349572,0.004324524219028041,0.005930993696513087,3.478357316857577e-09,2.8004739033994887e-06,0.004419100912261705,0.8300838854636234,1.4991660166412519e-05,7.718371845985107e-07,0.006687777910402704,0.0003056583427302841,1.4383875901130537e-05,2.6582952230532294e-06,2.557001080859218e-07
58,0.13212653156780915,0.0004461235589106057,0.0013428583837385055,0.0006050639753419519,5.735108765318758e-05,1.8404242341527892e-07,0.0001882964891139483,0.00682577078218,3.887508879111142e-06,3.28178345424801e-06,0.0049465654303257655,0.0014720532710869388,0.003678556683866483,0.005937681912322075,2.960708487852064e-09,2.1698373497805923e-06,0.0038387136869848268,0.8323729904495943,1.0896980267027753e-05,7.470016164024407e-07,0.005881561942910291,0.00024006432182316898,1.5679142355139134e-05,2.7358782726984624e-06,2.3132101248766847e-07
59,0.13242438293182507,0.00043426842511896816,0.0013617511025898832,0.0005794627497786313,5.67971786103372e-05,1.82992300004219e-07,0.0001802131525431846,0.0068224231978625096,3.804159418352349e-06,3.2768583985448446e-06,0.004900900338676634,0.001421522137965223,0.003450107449902026,0.006008218007440992,2.790713941440159e-09,2.082483509361277e-06,0.0038701715632197737,0.8322365271085614,1.0357545012840869e-05,7.140873196334675e-07,0.00598218349101288,0.00023170887733466212,1.604919395414532e-05,2.662289057282742e-06,2.2988787363808801e-07
60,0.1350254267061113,0.0004375201830097816,0.0012825737606715602,0.0005729860463661065,5.275522598134871e-05,1.8123483271113633e-07,0.00017844604380037966,0.007302195545640151,3.590685691452962e-06,3.1767993103773333e-06,0.005092050557636432,0.001445895812229749,0.0034510135238349036,0.005869318151079264,2.8062373155037742e-09,2.025331818502218e-06,0.0038523642388341947,0.8294583668969935,1.037036530989163e-05,6.767545215985876e-07,0.005695549084293627,0.0002462023456741013,1.477200878162734e-05,2.324034334366778e-06,2.1585700574647218e-07
61,0.13273632302204924,0.0004130122707419298,0.0013774976348874906,0.0005543146979493973,5.6141086120580065e-05,1.8021796883801776e-07,0.00017685384041253975,0.006678691068704934,3.8007544709497225e-06,3.2151844556806183e-06,0.0048569221960354115,0.001379660563412235,0.0033601946278894617,0.00593924544385143,2.6635983418537794e-09,1.9938862210340875e-06,0.003723458635632556,0.8324933673641084,1.0011603821303277e-05,6.938600764856152e-07,0.005992640325776724,0.000223143473808721,1.5770405947515715e-05,2.6406422640330336e-06,2.2452979479110758e-07
62,0.1350254267061113,0.0004375201830097816,0.0012825737606715602,0.0005729860463661065,5.275522598134871e-05,1.8123483271113633e-07,0.00017844604380037966,0.007302195545640151,3.590685691452962e-06,3.1767993103773333e-06,0.005092050557636432,0.001445895812229749,0.0034510135238349036,0.005869318151079264,2.8062373155037742e-09,2.025331818502218e-06,0.0038523642388341947,0.8294583668969935,1.037036530989163e-05,6.767545215985876e-07,0.005695549084293627,0.0002462023456741013,1.477200878162734e-05,2.324034334366778e-06,2.1585700574647218e-07
63,0.13832087498239368,0.0004919728162270175,0.0013028857552899054,0.0006078074119589015,5.409512091558931e-05,1.8792112720738547e-07,0.00018221652018380195,0.0075654800822200375,3.7494340838670997e-06,3.410379216870471e-06,0.005242089000963038,0.0015331705217255642,0.0036083158567445394,0.00612706250713528,3.053144162991016e-09,2.1650978733437675e-06,0.004100483206046783,0.8247711761434255,1.118284196378587e-05,6.947094379824745e-07,0.005786232523359344,0.0002669080138743213,1.5168209008152476e-05,2.43546076590733e-06,2.324309153141186e-07
64,0.1309098364505813,0.00041417313550170826,0.0013362822030497485,0.0005287659401672811,5.125208572907443e-05,1.7558705801213358e-07,0.0001837044145354889,0.007053331660396096,3.418151585458017e-06,3.093232719130496e-06,0.0050084493890347505,0.001385283672320399,0.0033881078204778168,0.005793180442941424,2.6690448999273446e-09,2.0464885731257198e-06,0.003961444417571219,0.8333586604226677,1.0657901461743034e-05,6.678536122265896e-07,0.006361603572334762,0.00022799938012965816,1.5308176898131915e-05,2.3375668078516982e-06,2.1736480074450472e-07
65,0.1222482221798399,0.000308287570082258,0.0010123386627472512,0.0006111107086850437,4.8591894923471906e-05,1.9926034484852712e-07,0.00018392808035169983,0.006860918261719483,2.3516916424445426e-06,2.356031509173947e-06,0.004924730397758336,0.0012313605811161612,0.0027274554774753667,0.0034476241725180557,2.7537999349975693e-09,2.013129075999265e-06,0.004193184045738241,0.8466568692420523,1.147431531535563e-05,5.326020535911085e-07,0.005325227172291079,0.00018404769292006986,1.521410454862982e-05,1.8072323106528662e-06,1.5273918083742994e-07
66,0.13184322796031245,0.0002708620565014684,0.0013217260832869915,0.0003987827580051404,3.84717868979941e-05,1.1363018098559176e-07,0.00016951084240377631,0.006511051846908319,2.635899232892252e-06,2.183352851323289e-06,0.004400494585655126,0.0010855151205413033,0.00399916507151375,0.004665221641119453,1.6741940054779697e-09,1.4460911427159257e-06,0.0023984288544100516,0.8379015767285014,6.769412327644286e-06,6.862398081156622e-07,0.004798091488070007,0.00017316073898583905,9.149734935127058e-06,1.5989637853761316e-06,1.274384288716982e-07
67,0.13351584698513266,0.0004261926936663286,0.0012812429051833466,0.0005677652901589066,5.233165875064096e-05,1.7851353324390383e-07,0.00017603564217476327,0.007184647949402899,3.5225630186794295e-06,3.138801159728845e-06,0.005005137449129129,0.00140915722786969,0.0034134972408610726,0.005792235943765531,2.741360732915905e-09,2.000714121794092e-06,0.003807295438632221,0.8313971058462976,1.0207883229753126e-05,6.75664434338905e-07,0.0056958727271618085,0.000238549872020388,1.4835637846346346e-05,2.3110086238050612e-06,2.1160246471203075e-07
68,0.16042301174042253,0.0004973573030125194,0.0011450492406314867,0.0005466564012457854,3.7783170641160416e-05,1.838971178634339e-07,0.00016638991394637067,0.010037278663259812,2.4447829978326367e-06,3.1303958539538e-06,0.005834768945176235,0.0014562552292657004,0.003410672189648735,0.004284552906073282,3.2159326619848562e-09,2.6102657519185587e-06,0.00533058427974777,0.8006330463215765,1.4121288252412142e-05,5.256488114500346e-07,0.005841609610763797,0.0003177126859317788,1.2365935732216866e-05,1.6922875718565549e-06,1.9368063432110455e-07
69,0.13100803885902554,0.00041665826890100604,0.0012709253481833875,0.000552060780206655,5.142921940015481e-05,1.7684252637835444e-07,0.00017564883949958428,0.007181755997143327,3.5324782556743836e-06,3.1233622578037214e-06,0.004953022544039728,0.0013962707519592115,0.0033834321258530155,0.005834416644141708,2.6803369677452676e-09,1.9785603748171615e-06,0.0036967934851229543,0.8340970550036908,1.007930263341861e-05,6.768913094762819e-07,0.005709730847914688,0.00023603710195441825,1.4660107673917749e-05,2.284070007447665e-06,2.0988758788858192e-07
70,0.14827710843348518,0.00042374339011822275,0.0013497982267462218,0.0008413805005248391,7.94059210854735e-05,2.2330249903054682e-07,0.00020330362125581,0.007355040934281336,4.757051255393257e-06,2.942906430935001e-06,0.005725195208876759,0.0015410120768525268,0.003704969797788241,0.006450526679349137,3.1877854763329722e-09,1.460424347571755e-06,0.0031522803281750994,0.8159355452906386,8.09256966643269e-06,7.657747408185954e-07,0.0046852988954237335,0.00023810814124650636,1.6471607554730645e-05,2.3727223773163024e-06,1.9300749459595258e-07
71,0.13904537423900404,0.00044435910449434755,0.0012871647958740391,0.0005858020918688871,5.2302458091215556e-05,1.8368000311542084e-07,0.00017755848747657264,0.007391714999447225,3.5220999354445004e-06,3.1793298204513834e-06,0.005167603866064259,0.0014644350836713492,0.003471309588728662,0.005751470694200771,2.872595015830657e-09,2.043532065537349e-06,0.003965058000779278,0.825277079751997,1.0514998391685983e-05,6.635570629389112e-07,0.005630310480130235,0.00025110969405374764,1.4720470526523702e-05,2.3008142601032196e-06,2.1530945766177234e-07
