,0,1,2,3,4,5,6,7,8,9,10,11,12,13,14,15,16,17,18,19,20,21,22,23,24
0,0.0002896506209939847,7.700158692513078e-06,3.7763557905942016e-05,0.01996779595169553,2.6602315317033407e-06,1.0024550243941067e-06,0.0015735943167729718,0.003447808918263473,9.662942904499692e-05,2.6615082730498652e-05,0.00017386518747440063,0.12207368228018416,4.901477559185421e-05,0.055702681715564015,1.7561167396778256e-05,3.790935740208582e-05,0.005060934005930792,0.7090631774727468,1.6740026313569307e-06,8.780090164565884e-06,0.0027811629472524304,0.06836157465063467,1.5027540835354815e-05,1.530642076041796e-06,0.011200203441458632
1,0.00027968182539128315,6.8994601695722025e-06,4.396431358811763e-05,0.021730145090601123,1.751545442100428e-06,6.811023787674125e-07,0.0019775075719256486,0.0027719027183561807,7.116173953954614e-05,3.714329204919369e-05,0.00010565100268227784,0.12839571741503117,3.3446496973579996e-05,0.05247357800538446,1.1384648357193891e-05,2.8285075087071934e-05,0.0031093652503248336,0.7210573176884625,9.736618072797815e-07,6.136288222519985e-06,0.002508341781441011,0.052398675843901066,1.3817352973166007e-05,1.0354557012769533e-06,0.012935435374209095
2,0.0002135119016739602,6.398285480897991e-06,3.7452116540774244e-05,0.027725958426531555,1.285037080174525e-06,6.178461271288353e-07,0.001841244773669438,0.0026515150597787532,5.896747590298169e-05,3.4140565805678814e-05,0.00012027239147963254,0.14046866989721096,2.782084183033442e-05,0.05634853789233355,9.168868241653752e-06,2.277424888812052e-05,0.0033151067673254336,0.6920568872646402,9.27434713169931e-07,5.1577233661500045e-06,0.0027708872940321976,0.06064813078846498,1.5706010108772446e-05,1.045061613864571e-06,0.01161781602715962
3,0.0002488105976104144,6.4423175008837295e-06,3.739251782869126e-05,0.0222949320454257,1.7601672009423226e-06,5.968251080510049e-07,0.001905649202516759,0.002494290898761098,6.186122705813923e-05,3.229040899962616e-05,0.00011119135049789331,0.13047336281654107,3.242712489324984e-05,0.058914131179190664,1.0349819199435099e-05,2.280502078376555e-05,0.0035522596131261734,0.7093481452053612,8.06236862877158e-07,5.885916707536092e-06,0.0024726210115357285,0.054060977022581225,1.5107972171654273e-05,9.136759318133004e-07,0.01389498982660527
4,0.00025689704205607717,6.566717951207286e-06,3.622169539185829e-05,0.021907337605931818,1.769899218308996e-06,5.881761860699228e-07,0.0018585935070668236,0.0023410553256657837,6.271302555599491e-05,3.106716878925217e-05,0.00010858246827310562,0.13873873733452655,3.654010426609475e-05,0.05994662895519958,1.0018544908322879e-05,2.2083406257495318e-05,0.0036941154581324022,0.7009522362762666,8.306705734778728e-07,6.043767846020617e-06,0.00248477785502039,0.053269099360320614,1.495749610321715e-05,9.399380338450008e-07,0.014211598200459087
5,0.0010253200244525037,7.872036317442832e-05,0.0004967614071525179,0.011680839092745922,0.00014682945382342536,7.556278095383487e-06,0.04538246755670858,0.09629378554777578,0.0004556988610574788,0.00014059318010388637,0.0022069114762537207,0.2676974180864391,0.00012095459049532036,0.19586037604844578,0.00042572834373937204,0.00044366446928074737,0.009559158895313393,0.183012649942524,3.68084831444933e-05,3.975973271417993e-05,0.005847092465290858,0.14357734553725887,0.0001485534764329168,3.5078165118916783e-06,0.03531149887106549
6,0.0002488105976104144,6.4423175008837295e-06,3.739251782869126e-05,0.0222949320454257,1.7601672009423226e-06,5.968251080510049e-07,0.001905649202516759,0.002494290898761098,6.186122705813923e-05,3.229040899962616e-05,0.00011119135049789331,0.13047336281654107,3.242712489324984e-05,0.058914131179190664,1.0349819199435099e-05,2.280502078376555e-05,0.0035522596131261734,0.7093481452053612,8.06236862877158e-07,5.885916707536092e-06,0.0024726210115357285,0.054060977022581225,1.5107972171654273e-05,9.136759318133004e-07,0.01389498982660527
7,0.0003414489582605983,6.76148133973161e-06,4.906912570349752e-05,0.020487359199603896,2.013666061303655e-06,6.496003144479196e-07,0.0021399600578084588,0.00261700647302456,6.642552114930327e-05,3.413596179863838e-05,0.00011498556592171789,0.13217900446718273,4.0326950842391923e-05,0.053365873474253485,9.087295947073801e-06,2.2827827694477058e-05,0.0034811172144679323,0.7251507655875179,9.620065216998886e-07,6.195764343306165e-06,0.0022405374674310968,0.0438430085535487,1.543284183581157e-05,1.130761782929345e-06,0.013783914175644256
8,0.00031578500906671554,8.586066570587557e-06,5.7221923167014736e-05,0.030674265175634124,2.0742703289836315e-06,6.726847158258608e-07,0.0024776170392120963,0.0029983222612323225,6.808457755081175e-05,4.164040132828615e-05,0.00011953341320767541,0.15683306550808607,3.7691893493398486e-05,0.07158030378095077,8.45478142893094e-06,2.3559274247094543e-05,0.003497630461747921,0.668959046418364,8.213000819276278e-07,7.070280871919996e-06,0.002519190360928014,0.04425320976633343,2.1475570515745293e-05,1.080509077919095e-06,0.01549359727185837
9,0.00022948948043557393,7.984736422776956e-06,4.680336610134455e-05,0.03410442493823764,1.5124327505849513e-06,6.203647631162893e-07,0.002093467398782988,0.002456689286275103,6.657469832732768e-05,4.242641140434249e-05,9.73355777209526e-05,0.1597255323008095,3.329592127937577e-05,0.06537804497444874,8.931430890497746e-06,2.3785481585061658e-05,0.003145510719219987,0.6647919957089117,7.05471197951169e-07,7.002661036594699e-06,0.0029910725906837675,0.04990756650225534,1.8604578402713373e-05,9.877921077944756e-07,0.014819635175949357
10,0.0002488105976104144,6.4423175008837295e-06,3.739251782869126e-05,0.0222949320454257,1.7601672009423226e-06,5.968251080510049e-07,0.001905649202516759,0.002494290898761098,6.186122705813923e-05,3.229040899962616e-05,0.00011119135049789331,0.13047336281654107,3.242712489324984e-05,0.058914131179190664,1.0349819199435099e-05,2.280502078376555e-05,0.0035522596131261734,0.7093481452053612,8.06236862877158e-07,5.885916707536092e-06,0.0024726210115357285,0.054060977022581225,1.5107972171654273e-05,9.136759318133004e-07,0.01389498982660527
11,0.00025697908673295785,6.602916977214864e-06,3.763570391497557e-05,0.022396225047808884,1.8116552374316468e-06,6.059091161278879e-07,0.0019057327813834927,0.0024656188910118833,6.365723754110235e-05,3.221411415107901e-05,0.00011177776907912124,0.1359183652199197,3.5824048037823944e-05,0.05910234288202032,1.027143691302306e-05,2.3235033771473455e-05,0.0036357450333829215,0.7042791283025128,8.424169831388801e-07,6.21549939791489e-06,0.002489160260270055,0.05329368462246962,1.530632642182976e-05,9.710720021052658e-07,0.013910046732942983
12,0.00028166002025713954,9.014396043454427e-06,8.22326677682014e-05,0.035248531817699935,1.915861782856571e-06,9.180324242132876e-07,0.003602784739526741,0.00672857104780651,0.00011796200594047315,4.2838913447152e-05,0.00028280454042078386,0.2539918467068953,3.73888014647098e-05,0.03976625826307184,2.51345797740224e-05,5.926496556616737e-05,0.0023251445236059025,0.5549481089749057,2.6116429631538015e-06,7.469069259152419e-06,0.003365500872874083,0.08959280197531717,2.1998285765633194e-05,2.6970598874509886e-06,0.00945454023553232
13,0.0001864231442827544,6.443610640876144e-06,3.354288099038587e-05,0.0271991335498686,1.92993553614077e-06,5.774798322758221e-07,0.002201623266319026,0.0034337069421608297,6.116949285437813e-05,2.340922732791135e-05,0.00023344474873378032,0.2087792078481538,3.655167009405868e-05,0.0907036375024993,1.206017967924072e-05,2.365997638068598e-05,0.003995319243218896,0.5711763949855067,9.738283468261979e-07,5.8511816154135265e-06,0.0026813158399644197,0.07655588176265277,2.193674615975927e-05,1.1046494301939838e-06,0.012624700307750902
14,0.00026032858658060537,1.0312697749931205e-05,2.6970841847228197e-05,0.020896385973009236,2.4520330503602916e-06,5.415921152581693e-07,0.0023959318286653278,0.002792264853485244,5.908748313555638e-05,4.4766248856517185e-05,0.0001273746770716162,0.11648380127869597,2.5221235419035775e-05,0.07848828707306735,8.902754286402532e-06,2.3663316401591844e-05,0.003044389401311154,0.7102194344630591,9.610048323402772e-07,5.9334996285437095e-06,0.002141827204164214,0.05121811293955077,1.578230509783485e-05,9.117182955217157e-07,0.01170635499062323
15,0.0002488105976104144,6.4423175008837295e-06,3.739251782869126e-05,0.0222949320454257,1.7601672009423226e-06,5.968251080510049e-07,0.001905649202516759,0.002494290898761098,6.186122705813923e-05,3.229040899962616e-05,0.00011119135049789331,0.13047336281654107,3.242712489324984e-05,0.058914131179190664,1.0349819199435099e-05,2.280502078376555e-05,0.0035522596131261734,0.7093481452053612,8.06236862877158e-07,5.885916707536092e-06,0.0024726210115357285,0.054060977022581225,1.5107972171654273e-05,9.136759318133004e-07,0.01389498982660527
16,0.0005355175335211136,5.958546597254418e-06,0.00011159978818354813,0.028797180816534027,4.191076283399177e-06,1.7462194331990623e-06,0.0018496298886642056,0.0030754984501895656,8.540415121942297e-05,2.3398761929199053e-05,0.00024328517908261724,0.05922851925247116,4.658821134625923e-05,0.06255558717087983,8.166595913150054e-06,2.3770410033245853e-05,0.005461917434236506,0.8000546211773212,7.30234972195087e-07,7.640016643290885e-06,0.0012466657385634163,0.022506051572339262,2.4944657295039872e-05,1.729746944920378e-06,0.014099657369403077
17,0.000781717933235305,1.1110419256271144e-05,0.00020975759344682971,0.017228003859846984,1.791250698424484e-06,2.0126369206215304e-06,0.00311548894273898,0.003480162176420878,0.00015339704408031733,8.981127096979551e-05,8.310817206968365e-05,0.04770870803408912,1.4848557897788474e-05,0.01500422437726528,1.6522744952719597e-05,5.050770535590831e-05,0.0009994347154981596,0.8777010934475723,2.146302248365845e-06,3.5335003740868272e-06,0.002033665947485374,0.02197366523926682,6.208204540052213e-06,1.7818896537758395e-06,0.009327298034116086
18,0.00023631014670425323,5.785659172071668e-06,3.254518456422234e-05,0.02001657553699235,1.641232740185089e-06,5.306253696834498e-07,0.0017399865776355672,0.0021012690008964793,5.54341865719182e-05,3.0156166206554047e-05,9.465201930952841e-05,0.12277013259515081,3.1591313890121546e-05,0.05808717055489178,9.344666380987076e-06,1.9667973350221047e-05,0.0035947303932665647,0.7228878765588475,6.806981482742035e-07,5.4864158783384455e-06,0.0023692684844786693,0.051353371945726575,1.3780306173516133e-05,7.795081467633787e-07,0.014541232249506993
19,0.00026467985858510024,5.182856723321117e-06,3.1520511659322695e-05,0.015751581185776034,1.9259343067816892e-06,7.099554760242795e-07,0.0012813644058251492,0.002167531422926608,5.205872547069386e-05,2.745535748821009e-05,0.00011088585161704116,0.07370884506277249,2.8471533760746413e-05,0.053432220694713164,8.925498639489659e-06,1.9637053032906736e-05,0.004295482944649875,0.7893752421636366,7.706898355030558e-07,5.4361294237295385e-06,0.0019946449781915077,0.045087459649057596,1.343663927832814e-05,8.449355227648551e-07,0.012333685961630866
20,0.0003642496834810144,6.784748528658821e-06,4.051274845373357e-05,0.018929672880153393,2.207907279571163e-06,6.01354910565829e-07,0.0017553060428838556,0.001612193265812493,6.30499004752869e-05,2.9533263091551003e-05,8.026570624430046e-05,0.10889902508122652,4.110293417089628e-05,0.059478060547662685,5.732354986028763e-06,1.6708819064918113e-05,0.003685908961862845,0.7571577140411997,6.132334051698761e-07,5.717212349074881e-06,0.002104151611574319,0.03038844732994501,1.4008066180067876e-05,9.079093628430016e-07,0.015317524395695597
21,0.00024912262686771475,6.038676920397604e-06,4.019158561614748e-05,0.02181533709170041,1.9743333243462824e-06,6.292858308392901e-07,0.0020500726731157606,0.0025542584783938326,5.814972174154088e-05,3.175124534169228e-05,0.00012747784113768942,0.12419945188922513,3.252883414548117e-05,0.056655310677461865,1.1703828992047342e-05,2.0992233486082927e-05,0.0041302150605261,0.7119510730157939,8.097665278914404e-07,5.984409903693855e-06,0.0025343184765130432,0.05789549242961673,1.7938139412519472e-05,9.381191099200329e-07,0.015608239559295044
22,4.2422335677020924e-05,1.734504680469977e-05,2.682775369248418e-05,0.04145575971200372,2.0015120507244005e-06,1.7393208704119875e-07,0.009144185430832468,0.004089728799904185,5.00879991908036e-05,3.677606635084133e-05,8.40298430876572e-05,0.7711793470854148,4.012515309442778e-05,0.09387693023595547,7.675518569781634e-06,2.673783536770112e-05,0.0005996650766270452,0.03979906668701286,7.640262198469281e-07,7.244385224964732e-06,0.0028802984067252332,0.029414142651031365,4.4651965664296346e-05,6.983945582946174e-07,0.007173314146852217
23,0.0002488105976104144,6.4423175008837295e-06,3.739251782869126e-05,0.0222949320454257,1.7601672009423226e-06,5.968251080510049e-07,0.001905649202516759,0.002494290898761098,6.186122705813923e-05,3.229040899962616e-05,0.00011119135049789331,0.13047336281654107,3.242712489324984e-05,0.058914131179190664,1.0349819199435099e-05,2.280502078376555e-05,0.0035522596131261734,0.7093481452053612,8.06236862877158e-07,5.885916707536092e-06,0.0024726210115357285,0.054060977022581225,1.5107972171654273e-05,9.136759318133004e-07,0.01389498982660527
24,0.00024946875296318836,6.349569508126993e-06,3.851981652012422e-05,0.022153576600459614,1.7852831885350892e-06,6.09133916566055e-07,0.0019413727617795407,0.0025213534829236963,6.242671819045982e-05,3.233801526660857e-05,0.00011380503601891455,0.13063603980582056,3.245513546637953e-05,0.05766710478032197,1.0806093993329644e-05,2.307769480399806e-05,0.0035655249820559917,0.7093673101483118,8.17947701947896e-07,5.8934411557250565e-06,0.002515996546998973,0.05491942072045953,1.5389794068281206e-05,9.303148263563734e-07,0.014117627423279927
25,0.000716118634553167,2.391798833993005e-06,2.9920608486403782e-05,0.001269538858034827,8.44458230445538e-07,3.154489517752364e-07,0.00037199610982735563,1.6835110736335148e-05,6.977423014722827e-05,2.606917238372765e-05,7.538627842097173e-07,0.02736011611661817,0.0001025996337149831,0.001767897777788868,6.715076618583225e-06,3.966920351478256e-06,0.003522592081738799,0.8537367292662655,1.6533740746782632e-07,3.5602173548480734e-06,0.0022255773653998717,0.008634666827953288,1.4106447391685673e-06,2.2039256358502653e-07,0.10012922404851596
26,0.0003717629953025776,6.154562364534012e-06,4.4450414321828314e-05,0.019100553643060562,2.0047026765756267e-06,6.840167974380526e-07,0.0014894681180246823,0.001867718945629856,6.676250222279302e-05,2.9360096883195863e-05,0.00010305924201378881,0.10304435585639704,4.454162394814397e-05,0.041722143103429934,7.269852837528889e-06,1.993946580511247e-05,0.004133875752661118,0.7750104621631058,9.136061804097185e-07,7.070367747986766e-06,0.0021667767454376626,0.03813985297850435,1.5747459869830974e-05,1.4102756796575754e-06,0.012603661509097436
27,0.0002624511652435795,6.4926235527270425e-06,3.888857505334521e-05,0.022160247786605435,1.83013479269159e-06,5.938785333825663e-07,0.001964006766520178,0.0024301630706735334,6.233143183360639e-05,3.230189398376898e-05,0.00010809089678781503,0.13220096564241704,3.400193369679286e-05,0.05913122183272158,9.815866598432161e-06,2.2330072185818227e-05,0.003506045988422504,0.7113497620131135,7.79796239857115e-07,5.912105680468018e-06,0.002435060463577033,0.0499347806879916,1.5092518800258825e-05,9.138863396666321e-07,0.014285918968635231
28,0.0002488105976104144,6.4423175008837295e-06,3.739251782869126e-05,0.0222949320454257,1.7601672009423226e-06,5.968251080510049e-07,0.001905649202516759,0.002494290898761098,6.186122705813923e-05,3.229040899962616e-05,0.00011119135049789331,0.13047336281654107,3.242712489324984e-05,0.058914131179190664,1.0349819199435099e-05,2.280502078376555e-05,0.0035522596131261734,0.7093481452053612,8.06236862877158e-07,5.885916707536092e-06,0.0024726210115357285,0.054060977022581225,1.5107972171654273e-05,9.136759318133004e-07,0.01389498982660527
29,0.0002488105976104144,6.4423175008837295e-06,3.739251782869126e-05,0.0222949320454257,1.7601672009423226e-06,5.968251080510049e-07,0.001905649202516759,0.002494290898761098,6.186122705813923e-05,3.229040899962616e-05,0.00011119135049789331,0.13047336281654107,3.242712489324984e-05,0.058914131179190664,1.0349819199435099e-05,2.280502078376555e-05,0.0035522596131261734,0.7093481452053612,8.06236862877158e-07,5.885916707536092e-06,0.0024726210115357285,0.054060977022581225,1.5107972171654273e-05,9.136759318133004e-07,0.01389498982660527
30,0.0002488105976104144,6.4423175008837295e-06,3.739251782869126e-05,0.0222949320454257,1.7601672009423226e-06,5.968251080510049e-07,0.001905649202516759,0.002494290898761098,6.186122705813923e-05,3.229040899962616e-05,0.00011119135049789331,0.13047336281654107,3.242712489324984e-05,0.058914131179190664,1.0349819199435099e-05,2.280502078376555e-05,0.0035522596131261734,0.7093481452053612,8.06236862877158e-07,5.885916707536092e-06,0.0024726210115357285,0.054060977022581225,1.5107972171654273e-05,9.136759318133004e-07,0.01389498982660527
31,3.64091747069501e-05,5.242843988938105e-06,1.0752550493533368e-05,0.029164997083152115,1.9579111005518707e-06,5.747279690123799e-07,0.0015222035898822086,0.0006690461297110595,9.509208555861075e-05,1.85380676098061e-05,0.00013390556717484545,0.26328679180643955,3.517110408719598e-05,0.08060829475430877,3.43867996538416e-05,3.2374388110046914e-05,0.0056539627415519685,0.3971401826308993,3.6240706722726903e-07,8.23715888689097e-06,0.007225995273061839,0.18664287443305874,2.406676286219502e-05,6.733991507076444e-07,0.027647906609514137
32,0.00025867530332617433,6.704521226927818e-06,3.807585365103897e-05,0.02175746744763494,1.7740245622527917e-06,6.191344274333914e-07,0.0019309793978074415,0.002569422647757238,6.408854444023221e-05,3.3078226873686915e-05,0.00011464361326418177,0.13236286059458388,3.309401958341327e-05,0.05740770960418739,1.07372460292041e-05,2.350985445736248e-05,0.0035543451579661055,0.7078357292232714,9.071485093640595e-07,5.8629052515636275e-06,0.0025112484744950476,0.05587847803719054,1.5067550799117184e-05,9.702341145691368e-07,0.013583951234589366
33,0.00022705729511034503,6.341064767865771e-06,3.251786867522856e-05,0.022991756368808493,1.736063309093439e-06,6.132414943339892e-07,0.0017771090920515962,0.0028271702168121632,5.674567963697935e-05,3.2878303250447986e-05,0.00012236988145523448,0.1281680645049376,3.445267363825876e-05,0.06682129572416445,9.267435665506517e-06,2.413593147935848e-05,0.003919842422110008,0.7005832071903509,8.968595449182884e-07,6.350922573569678e-06,0.0024438732586735995,0.05792829531736311,1.6299647422265807e-05,9.85703726704101e-07,0.011966737332977808
34,0.00027072740286990954,6.7888523128710575e-06,3.856626341279512e-05,0.021538360612286266,1.8018411434300896e-06,6.13815352403914e-07,0.0018915404702656725,0.0025018055097075385,6.625320651431649e-05,3.134479743910188e-05,0.00011390466849736106,0.13232863657482716,3.376268062701944e-05,0.05728356359992861,1.0444253254973798e-05,2.2913531367787606e-05,0.003550381798827571,0.7106791095570031,8.945570511646719e-07,5.816132438543712e-06,0.002429166190797107,0.05358304505140362,1.4559026668743108e-05,9.68507474179722e-07,0.013595031098528691
35,0.0002846719044505705,5.317281493802319e-06,3.2858209116750516e-05,0.017186809246239113,1.2222153686910842e-06,4.4014827601617227e-07,0.0015681134165400645,0.0020266616706608605,5.236109879222759e-05,3.0565457504252516e-05,7.175408796385533e-05,0.10213371805416233,2.5220561843309296e-05,0.0401096381653668,6.873287491831113e-06,1.7452427764115625e-05,0.00271727700711952,0.7802115446704257,7.218152374360983e-07,4.350265716164353e-06,0.0019100606148017398,0.04028406349002358,9.356306981087141e-06,7.542016811635828e-07,0.011308194394978969
36,0.00024941804134483,6.444175476263186e-06,3.804095775989449e-05,0.022322367831358658,1.8046199991824237e-06,6.161525620010384e-07,0.0018964914049511435,0.0024105432270358144,6.210296671659962e-05,3.278054628573754e-05,0.00011069161502879441,0.12382887459764759,3.1710844325398584e-05,0.058065769600634844,1.0249473073405024e-05,2.243310754851271e-05,0.003572262913660971,0.7181858637641428,7.828431836031079e-07,5.896484395197378e-06,0.0024966249619872024,0.05258434671416894,1.5397196807024604e-05,9.19897632693138e-07,0.014047566062272846
37,0.00021303052165841624,6.803053515770958e-06,3.677819753470327e-05,0.02413538478984911,1.920239655964113e-06,6.896515978893661e-07,0.002021589157140623,0.002945268776515356,6.556242652871374e-05,3.2935550555313696e-05,0.00013093831921841867,0.14056312275080338,3.188433049262198e-05,0.07184660722197324,1.3892312388123512e-05,2.665019216661507e-05,0.0038134428535739643,0.6705064440863765,8.558869677588333e-07,6.176783332129207e-06,0.0028072911024360145,0.06575191951334307,1.6886317085570458e-05,8.567925781800155e-07,0.015023069172712488
38,0.0002488565432249408,6.442497508867251e-06,3.739831694580998e-05,0.0222917393342931,1.760387935946062e-06,5.969102213521532e-07,0.00190582370512897,0.0024942592949172525,6.186908039368359e-05,3.2291788252328705e-05,0.00011118737910282033,0.13046476266445795,3.242880974371021e-05,0.05890870799253914,1.0351056853368237e-05,2.2807000851933013e-05,0.003551947604559168,0.7093704239405917,8.063179796968212e-07,5.8855072307029475e-06,0.00247250799257698,0.05405533839599571,1.5106213474749965e-05,9.137028474648636e-07,0.01389578756237282
39,0.0003218288368239775,2.618948182133117e-05,1.5206679418017326e-05,0.023093604775786702,3.0513880192802336e-06,2.1063477222676305e-07,0.0024511868936514516,0.0010539020793106633,6.446613455563905e-05,2.9929388146781776e-05,9.73607565548756e-05,0.19279020454137266,1.7147574932229056e-05,0.18905796738435607,5.896490039462334e-06,1.0473162706695967e-05,0.0020531159071401324,0.5319355828864376,4.2948990049092814e-07,5.937244312453929e-06,0.0011200384482031582,0.03577218090369812,1.706998379453801e-05,5.154356730883509e-07,0.020056503498572277
40,0.00010705902181607581,3.1432040794695653e-06,1.603834231790411e-05,0.03463822653762975,7.342977081107489e-07,4.398497982496839e-07,0.0008253505300928927,0.0037035364870451216,2.0687656289034592e-05,4.744567596363362e-05,8.14129590087557e-05,0.041729920828810496,1.1549069625985938e-05,0.04022866592430152,2.842046541458403e-06,2.5452615580538288e-05,0.0032861823493123485,0.8289372755669564,4.839411549368791e-07,6.804206224805702e-06,0.0019528983517195992,0.04045200806372294,1.4839470425763322e-05,9.161412529732813e-07,0.003906086862620989
41,0.000402439019424478,7.594288453405432e-06,5.489963706113009e-05,0.021118970499456987,3.08614687975505e-06,6.913886820641912e-07,0.0025444203575691075,0.002620649675117967,9.151452613995447e-05,2.9904193955785295e-05,0.00011305647523518575,0.13478232802402706,4.55418526784564e-05,0.05428876699706561,1.2508955355027133e-05,2.9854981598328705e-05,0.003175221157865795,0.7250850142469046,7.647132858714698e-07,7.000036067314398e-06,0.0020376205381184105,0.03713013663094576,1.3589596037803418e-05,1.0539831930775813e-06,0.016403372078881092
42,0.0001925336554652291,6.135730968066732e-06,3.610197627746219e-05,0.02572715896471293,1.2458510431151022e-06,6.874483732574744e-07,0.0017360287444489564,0.003690306231442021,6.142959052649309e-05,3.8276662279982155e-05,0.00012923373384804684,0.1504805562010417,3.178797335269223e-05,0.04962408580302515,1.4419237990326055e-05,3.301847172132181e-05,0.0035856089879581325,0.6666567458375812,1.3677205763166115e-06,6.571226814990981e-06,0.003131592567410611,0.08401101410280967,1.6151709043280498e-05,1.1915059214148083e-06,0.010786750065367588
43,0.0001732597882506918,5.498450351349263e-06,2.9190755803378877e-05,0.02046911677025409,1.358058057734568e-06,6.841279859059191e-07,0.0014758333077205528,0.002429375370662809,4.8040280710671695e-05,4.731849100591726e-05,8.550047931591772e-05,0.08856386242581232,2.556310398488039e-05,0.05370439095043163,1.0245398677841875e-05,2.4661381458589044e-05,0.0035899731869635334,0.7530041667710229,8.134166767571076e-07,6.5046822012158865e-06,0.002951296945368607,0.061357972141042806,1.53183181442357e-05,8.36714009571981e-07,0.011979218684086232
44,0.0002488105976104144,6.4423175008837295e-06,3.739251782869126e-05,0.0222949320454257,1.7601672009423226e-06,5.968251080510049e-07,0.001905649202516759,0.002494290898761098,6.186122705813923e-05,3.229040899962616e-05,0.00011119135049789331,0.13047336281654107,3.242712489324984e-05,0.058914131179190664,1.0349819199435099e-05,2.280502078376555e-05,0.0035522596131261734,0.7093481452053612,8.06236862877158e-07,5.885916707536092e-06,0.0024726210115357285,0.054060977022581225,1.5107972171654273e-05,9.136759318133004e-07,0.01389498982660527
45,0.00023657249957975652,5.867502156288456e-06,4.5615834155209e-05,0.024750476646793508,1.8051748214064406e-06,7.154720461821336e-07,0.0022424685688803023,0.003907489859899992,6.491008495027372e-05,3.497308983221679e-05,0.00015070986091935283,0.12992520131403207,3.0386848338954193e-05,0.05460780290364647,1.5193380519930695e-05,3.368788510142908e-05,0.003246237781462781,0.7040671313579949,9.866891883774954e-07,6.221645559507746e-06,0.0023365345829739017,0.06190285476496691,1.4976782345271933e-05,1.036148309731745e-06,0.012370143321525206
46,0.0002006060207767222,5.134378335580996e-06,3.0015099176766168e-05,0.02444270078857223,1.4134795345317302e-06,6.454391396203377e-07,0.001297372405598067,0.0022864089540772284,4.922305874128138e-05,2.7731741376873693e-05,0.00011629772409691882,0.11785329271099566,3.7221312571022154e-05,0.057438349525524464,9.963489799699605e-06,2.1229924344462655e-05,0.005233631253757807,0.7111500400247531,8.21755749255883e-07,6.880780087204069e-06,0.002589349761577668,0.06396643718091687,1.6980262024454014e-05,9.921900912543546e-07,0.013217260738381397
47,0.00028424246732100615,6.13225781344162e-06,3.5090652725215164e-05,0.019062988273098956,1.5744447327924838e-06,4.873129690232581e-07,0.001758813474457372,0.0019952593094619006,6.444616902417223e-05,2.8259440562929232e-05,8.402677322788665e-05,0.14942494684461158,3.846457050391922e-05,0.047932643334115975,1.0007073707476477e-05,2.1627834947171886e-05,0.0033709116954980245,0.7069566973342244,7.998855464435708e-07,5.678486365418488e-06,0.002414736718737377,0.051835157327584605,1.2031812123044104e-05,8.934190216728048e-07,0.014654083087618236
48,0.0002635281378241984,8.405788450962202e-06,3.265070729490372e-05,0.022330949621383742,1.7803096881078139e-06,6.907841358863791e-07,0.001796549119185681,0.0030112990205088805,6.090448219039098e-05,3.734544829869532e-05,0.0001325179519524556,0.13040744539619575,3.701635152378956e-05,0.06778098293647135,8.919197090398913e-06,2.307279801023392e-05,0.004398440323454062,0.6904571368903405,1.3892426933333042e-06,6.151124788370934e-06,0.002519851688338509,0.06556499904802036,1.7602675403064184e-05,1.1871903347620968e-06,0.011099183766421479
49,0.0002380189590826471,6.322517880943319e-06,3.962426631431805e-05,0.02421642041151556,1.621406375442566e-06,6.155561541815387e-07,0.001848186058062878,0.002369894359606603,6.247937893887341e-05,3.281398004914836e-05,0.00011060778859896005,0.141571865634827,3.5068283880639696e-05,0.05789664713115556,1.0606728571565388e-05,2.3013456004205467e-05,0.0036044516305457595,0.6947541369791118,8.009723495199862e-07,6.270951764821731e-06,0.002614266540137673,0.05608320004714684,1.6203123522640257e-05,9.827388265673723e-07,0.01445588109957601
50,0.0002484347406749116,6.628694339774516e-06,3.8975435837474304e-05,0.02074950000182303,1.9512286943354566e-06,5.513818970958926e-07,0.0026558262449197486,0.002934272475225488,5.404270474605756e-05,4.0389428312111075e-05,0.00010862288774723932,0.1435290408254226,3.1428772218677e-05,0.06862836413559759,1.0362879636642619e-05,2.195139876228594e-05,0.0032888659619078196,0.6845218507834163,7.993650062682964e-07,5.3376938875414625e-06,0.0024939981574542453,0.0548369686790154,1.6761922296994078e-05,7.743275049520103e-07,0.015774299873655445
51,0.0002625867196794668,4.829975054725637e-06,4.356912618636005e-05,0.0188495883250832,2.332922634877914e-06,7.012530776445254e-07,0.0021404791053650845,0.002412702892621343,5.829725401100918e-05,3.259995402607884e-05,0.00011624477664346337,0.1202019520874823,4.143436309451773e-05,0.053455996951348346,1.1416374431433354e-05,2.5096841546704814e-05,0.003818638495010119,0.7333785311156558,7.155634398964606e-07,6.719104154135973e-06,0.0025985423897623154,0.04620943052622653,1.7817412938337572e-05,1.0271832576904176e-06,0.016308749287268623
52,0.0001763469539630468,2.3492566718851394e-06,2.0273579937360423e-05,0.008991872715826648,1.1415857877186973e-06,5.670151789544828e-07,0.0007898083823285352,0.0015962003808292567,3.5049147271987685e-05,2.0859993014596093e-05,7.10606011390879e-05,0.03796384081178158,1.6917932372918202e-05,0.03659190670906776,8.46100816782233e-06,1.723544189938185e-05,0.0027397408952580457,0.8661371915333629,4.330527195738215e-07,3.404968520500313e-06,0.0011021754902698258,0.034363908980195736,5.994437771274362e-06,4.4950104793587636e-07,0.009342809625615697
53,0.000265210209564855,6.106173060719555e-06,3.16949115163515e-05,0.019248244446523136,1.350239841816646e-06,6.323635411979866e-07,0.0011624336488872372,0.0019828465950831277,5.7344525253635174e-05,2.8455658656623513e-05,8.896456194595701e-05,0.09478879504427871,3.0042889534677147e-05,0.051905770074269955,7.969345912600368e-06,1.917776343890657e-05,0.003955568755196301,0.7646317096284451,8.515261977483443e-07,5.4759372349502885e-06,0.0021827833266278907,0.0478046213247954,1.1570105099105023e-05,8.59167430929944e-07,0.011781521777663057
54,0.0002728403956463133,7.864937061992062e-06,3.552298607877334e-05,0.01914982860234932,1.7339858746530336e-06,5.123947374090842e-07,0.002020518542370013,0.0018793251245067207,6.574339621031911e-05,3.333263202107463e-05,7.779184115552032e-05,0.14022489893502038,2.8705871164936146e-05,0.06645846090675998,1.1540257427748599e-05,1.9370186507670252e-05,0.0031177699030739193,0.6915987834651689,6.525392221025035e-07,4.658245021428925e-06,0.002349473876003156,0.053596516811384005,1.2115016003343487e-05,5.860904183315392e-07,0.019031453058812136
55,0.00015688048270450378,6.801856892656031e-06,3.3408469208088144e-05,0.024494696153776446,2.570309832362138e-06,1.0317003393842053e-06,0.0018545622784026427,0.004680752845966694,3.545354694020601e-05,5.3728279069488904e-05,0.0002352158493803067,0.061612987149758804,1.608714435833912e-05,0.11262552772426508,1.5049146275873224e-05,2.6499402856294522e-05,0.0058752948391996235,0.6906499775517,8.800760147375082e-07,7.568720148226917e-06,0.0024930013814301317,0.08122458730186963,3.370660287671805e-05,7.561711571425752e-07,0.01386297501557653
56,0.00025635053308327037,6.568567595097917e-06,3.7630201275566205e-05,0.02223167191235622,1.7877107412822004e-06,6.038606740644414e-07,0.001908632410588676,0.0024537143357359886,6.31920039942911e-05,3.2123257619962395e-05,0.00011154863984747741,0.13720527904858384,3.5663867505342566e-05,0.05920291930161382,1.0304516771857863e-05,2.285660908731668e-05,0.0036470064265387825,0.7022526213304939,8.478400543435361e-07,6.107708947458403e-06,0.002509482339767414,0.053919412510935134,1.535272322068477e-05,9.61659959950228e-07,0.014067360683008118
57,0.00026055429147058966,6.816004881763516e-06,3.673870570203354e-05,0.022269841500046454,1.617193069316324e-06,5.301293311662432e-07,0.0018697681630613272,0.00235291862388203,6.619181323253676e-05,3.141679264342239e-05,9.754711124856318e-05,0.1787276901832871,4.506318566419038e-05,0.05488366740673227,1.0455153651339538e-05,2.3538222212283287e-05,0.003705586024767718,0.6594748454461408,9.52450736103681e-07,6.850027450942012e-06,0.002725133405876832,0.058939457349294996,1.5361988338920708e-05,1.0494399257954935e-06,0.01444640938735158
58,0.00026824091281036353,6.632116930187458e-06,3.921854160711029e-05,0.022277237453601263,1.8035451418037099e-06,6.092245503654368e-07,0.0019624320661353737,0.0024998144804593337,6.536752763516322e-05,3.220970353290361e-05,0.00011668568568329198,0.14278250067075504,3.701593281317009e-05,0.05641164907385923,9.939616240840948e-06,2.3193532249664023e-05,0.0035519468100953856,0.7005668332003863,9.180440088195571e-07,6.136815131308781e-06,0.0025524412192761236,0.05332675415039315,1.582465959718941e-05,1.0785667561384815e-06,0.013443516450350461
59,0.0002678791079481652,6.756109014542424e-06,4.245165536428907e-05,0.023431578008973077,1.8407966123701786e-06,6.377452533245056e-07,0.002014070087650314,0.0025919156313889066,6.76570987462955e-05,3.348713462656332e-05,0.00012066783323088432,0.1390853388459026,3.529338746777239e-05,0.05500785490161451,1.0662350223283387e-05,2.4278174963381694e-05,0.0035217990917641,0.7032819124346544,9.09933628924973e-07,6.361000829459447e-06,0.0026170882089880465,0.05418530189993361,1.6398082908444078e-05,1.104466740858747e-06,0.01362675601157182
60,0.0002488105976104144,6.4423175008837295e-06,3.739251782869126e-05,0.0222949320454257,1.7601672009423226e-06,5.968251080510049e-07,0.001905649202516759,0.002494290898761098,6.186122705813923e-05,3.229040899962616e-05,0.00011119135049789331,0.13047336281654107,3.242712489324984e-05,0.058914131179190664,1.0349819199435099e-05,2.280502078376555e-05,0.0035522596131261734,0.7093481452053612,8.06236862877158e-07,5.885916707536092e-06,0.0024726210115357285,0.054060977022581225,1.5107972171654273e-05,9.136759318133004e-07,0.01389498982660527
61,0.00027168966857424196,6.868944657031811e-06,4.2270386548232815e-05,0.02308126369186474,1.8585021048947142e-06,6.453481950036208e-07,0.0020120775612111905,0.00257128390864033,6.77041295080474e-05,3.382085532113841e-05,0.0001198709632782717,0.13725126743440585,3.544817985411769e-05,0.05500199284040522,1.071218093186907e-05,2.417025302305527e-05,0.003561265169850025,0.7053155381215384,9.269790032084467e-07,6.323871944240707e-06,0.0025981303235889652,0.054265150093014324,1.6295108514679958e-05,1.101952264688936e-06,0.013702323531758277
62,0.0002488105976104144,6.4423175008837295e-06,3.739251782869126e-05,0.0222949320454257,1.7601672009423226e-06,5.968251080510049e-07,0.001905649202516759,0.002494290898761098,6.186122705813923e-05,3.229040899962616e-05,0.00011119135049789331,0.13047336281654107,3.242712489324984e-05,0.058914131179190664,1.0349819199435099e-05,2.280502078376555e-05,0.0035522596131261734,0.7093481452053612,8.06236862877158e-07,5.885916707536092e-06,0.0024726210115357285,0.054060977022581225,1.5107972171654273e-05,9.136759318133004e-07,0.01389498982660527
63,0.00026215488977670155,7.270179196342061e-06,3.8353904661134873e-05,0.022780360000563164,1.856716550195819e-06,6.058657576742998e-07,0.001969343936293126,0.0025020745323748464,6.602713738884365e-05,3.349886897792415e-05,0.00011271583548508347,0.13570481270875764,3.3168381732494815e-05,0.06013346205670055,1.0793662547602881e-05,2.3199638077522642e-05,0.0036033159343635346,0.7003111384013425,8.643396348424434e-07,6.072078701137931e-06,0.00253674587546241,0.055607823739642126,1.5515059516223906e-05,9.414857120934561e-07,0.014237884770784278
64,0.0002310446427181397,6.633582898443449e-06,3.562346729501874e-05,0.022947020421726513,1.6740618933415386e-06,5.990613545968603e-07,0.0018648272990978193,0.002343324325929427,6.198563937756398e-05,3.401935449280197e-05,0.00010548098586090922,0.13684306795321957,3.325988043575541e-05,0.059873966692576754,1.045826594324139e-05,2.24125489141328e-05,0.0036160097182355625,0.6977996235974674,8.201534651699602e-07,6.118216194366962e-06,0.002794853096924395,0.05708606412016068,1.5733883215112432e-05,9.216403979882929e-07,0.014264457390205343
65,0.00028567252657063583,6.378398499165987e-06,3.583563058855926e-05,0.020210518479367764,1.7906999106814943e-06,5.758016430199506e-07,0.0017148183088434629,0.0022277463566032257,6.82139781153344e-05,2.5793203968965146e-05,0.0001184068800007961,0.1348070697052659,3.553170343597787e-05,0.05289346037608224,9.899758868922018e-06,2.18844617669196e-05,0.0035975590896844788,0.7159219784553899,8.871093560724313e-07,5.510616926745376e-06,0.0021948533353802796,0.05289144757171032,1.361820703480429e-05,1.0471500885763563e-06,0.012909502194897227
66,0.0002442118969221219,6.474283740034545e-06,3.6704653112587564e-05,0.022551558500366293,1.7258993524556142e-06,5.872847975267059e-07,0.001904421856870483,0.0025251569235252773,6.15345857709458e-05,3.20270596420067e-05,0.00011124921836811158,0.13240499608438308,3.1848328841166215e-05,0.06021531863147761,1.0328190569744447e-05,2.2743032362890453e-05,0.003526227169138698,0.7051502785982936,8.019479930747708e-07,5.783147983044719e-06,0.002460952374420681,0.05487117069862791,1.4965010579494456e-05,8.913553499003841e-07,0.013808043267511129
67,0.00018229100630497342,4.412651823317737e-06,3.232755917446768e-05,0.02559638427907674,1.5919588135214692e-06,7.301293329049875e-07,0.0013280715098440035,0.0021515059110427687,4.695809959355497e-05,3.191869109513109e-05,9.82100473428007e-05,0.10515091839465751,4.281712231142943e-05,0.06844743674256995,7.938280356250862e-06,2.3109021843980125e-05,0.004609773797446639,0.7312575342078423,5.681949337656775e-07,8.056687809955482e-06,0.002678906194247347,0.04445300153332324,1.8275390546757593e-05,9.163148703217197e-07,0.013826346273796246
68,0.0002590764600372117,6.259146182668226e-06,4.315031004381529e-05,0.02873628773026651,1.1477400863370066e-06,4.792288627201868e-07,0.0016550038007588626,0.0020419381993802507,6.107459206909844e-05,3.538805717888593e-05,7.191879454428022e-05,0.15209251803461488,3.2771392243350635e-05,0.04964561254735082,6.051157919417788e-06,1.983661795727796e-05,0.0027839579017051325,0.7064673985490089,6.465155891756048e-07,6.206017599974447e-06,0.0028090910549553837,0.04052604885252106,1.4732245421156529e-05,9.792309311569164e-07,0.012682425822771647
69,0.0002254955183850388,7.921851244027374e-06,5.0597935118777426e-05,0.036142496605364734,2.335828432142049e-06,7.645416427881444e-07,0.0026832234986407543,0.00427013125812446,7.486153798230584e-05,3.962470677032213e-05,0.00020411937192167377,0.19223505798570256,4.404165943134709e-05,0.06932237266953321,1.2864663799777356e-05,3.664936126136536e-05,0.0037330823054368646,0.6119069219911071,1.1643174660106877e-06,9.480684351792106e-06,0.003568026873729174,0.06331766083376988,2.6761870247409047e-05,1.6737320495274665e-06,0.012082668398486977
70,0.00022409889926895357,7.484067059532098e-06,3.610247844420049e-05,0.02331611978083525,1.8470994340279317e-06,6.856231751810759e-07,0.002108154612192188,0.002601001829593137,6.661260839172588e-05,3.64479219379835e-05,0.00013921995479497645,0.1454860164030435,3.147119093846292e-05,0.06112621239595561,1.155866867318505e-05,2.3184416305126304e-05,0.0037536219935806626,0.6743937147011309,1.1114658611495312e-06,5.709062205273378e-06,0.003312983066711176,0.06989786375310927,1.978411093674959e-05,1.161639531143387e-06,0.013397832256890837
71,0.000267234174993839,7.132393796172272e-06,3.6100509551308255e-05,0.022937295804532697,2.088824057965531e-06,5.44477640011861e-07,0.0019070388040164875,0.0023721395357388453,6.460727838340196e-05,3.339139125776168e-05,9.629332792427346e-05,0.13978585330867735,4.0425533879797535e-05,0.0633663571010552,9.394724749713526e-06,2.4038401976770967e-05,0.003760893310154887,0.6996845001748554,7.135366111300909e-07,7.605848973139773e-06,0.002509807952695386,0.048367095642705846,1.6042102860572988e-05,9.264801139058745e-07,0.014702479358798006
72,0.0002464286975768591,5.833784844062487e-06,3.805941739602305e-05,0.021531583216275515,1.5526210692143496e-06,6.205595650483836e-07,0.0018855999317345115,0.0026445837166780826,6.520746424693099e-05,3.158201881916988e-05,0.00010550352641546077,0.1274353088437981,3.256727800374624e-05,0.052538058429410416,1.0106169315581078e-05,2.5662173506048128e-05,0.0029696248441931643,0.7277883638778455,8.635067553517073e-07,5.466979955780256e-06,0.0023791087517305697,0.048391028923665674,1.1714984987171477e-05,9.443470594469393e-07,0.011854625935152479
