,0,1,2,3,4,5,6,7,8,9,10,11,12,13,14,15,16,17,18,19,20,21,22,23,24
0,7.677864926398074e-06,2.7105984030663585e-08,0.0030014625836538265,5.808161457022279e-05,9.146498938751199e-06,1.3193902419970197e-05,1.1177649138779181e-05,5.383281158305264e-05,5.769031539945556e-05,0.00018588438090410213,3.108437667418962e-06,8.664257624825988e-08,3.759709568756824e-06,0.00035465255913672374,4.810468437872553e-09,0.0001277989132219767,6.123523160370106e-06,0.9865847186880661,2.0569940337920442e-06,0.0004647273134470061,0.001019865863590921,1.4560724819176152e-09,0.007926314140008639,0.00010828827914578494,3.179423166928855e-07
1,7.223076096384941e-06,3.353588458851215e-08,0.004098037992933478,6.31492645247763e-05,8.696569908184617e-06,1.3044701267241809e-05,1.2192177398958942e-05,6.619455630737003e-05,5.588539399661816e-05,0.00027572911722900564,2.521882577933319e-06,8.800401486407048e-08,5.006123815348569e-06,0.00032187382197415093,4.886586559770044e-09,0.00024317368418152996,7.412720371946916e-06,0.9860296264942556,2.5122190196758945e-06,0.0006671945226349932,0.0010972372285863964,1.5007935591675762e-09,0.006890979447895503,0.00013184648961219012,3.345881332274301e-07
2,8.20336412676491e-06,3.978990077277262e-08,0.00393956237123517,7.99487803909667e-05,1.5520581497333924e-05,1.290238653918319e-05,1.450731122129946e-05,7.082203537485742e-05,6.871274172944703e-05,0.00021117223868088309,4.0306880790331e-06,1.35944468125082e-07,5.505639714329548e-06,0.0005408711946163027,7.019683217502273e-09,0.00017871321835503048,8.26437469729717e-06,0.9846922588445048,2.0756471853015637e-06,0.000813594682428281,0.0012030120418704596,2.022814784587269e-09,0.007989027798697992,0.00014064651228697914,4.627699012364287e-07
3,9.147199192267023e-06,3.2949691230099304e-08,0.003395598646908231,6.724473065544048e-05,1.112349170212939e-05,1.2029724614634928e-05,1.1712603139287326e-05,5.8853006733773126e-05,4.576788881630676e-05,0.0001725400579318239,3.515103582150386e-06,1.0240644079353872e-07,4.441665987849704e-06,0.00032034743812863316,4.524769794701774e-09,0.00014160305632367778,8.24926091097615e-06,0.9867379840993904,1.9188739133337395e-06,0.0004871667547981308,0.001044480836307958,1.501442153490345e-09,0.007358636192994256,0.00010720557274149819,2.92412883131805e-07
4,9.02474659601492e-06,3.4564922857515033e-08,0.0033332124571546183,6.086024689803759e-05,1.0829137974130277e-05,9.553132564698696e-06,1.1019106272912919e-05,5.9803610270144365e-05,4.391314264657718e-05,0.00016471531217460757,3.5394257372391543e-06,1.0272684344016042e-07,4.9841344386428125e-06,0.0003651172538520404,3.895753288329936e-09,0.00012134498152338534,7.466547462261001e-06,0.9880076193937085,1.7467613020078225e-06,0.0005073670186015382,0.0010814093604037483,1.6314231170073428e-09,0.0060967347561407224,9.932793365120722e-05,2.687216842181204e-07
5,6.650817951790208e-06,2.5571584765817293e-08,0.002453419649669748,5.620825374787585e-05,8.553879986027893e-06,8.451018660255948e-06,8.80698686162176e-06,4.2140075694839034e-05,3.4098042627211424e-05,0.00014249595354217154,2.3648680185006226e-06,6.510614971389686e-08,3.599703219075668e-06,0.00024065850087376319,2.958276453624822e-09,0.00011213474621990139,6.218214521950186e-06,0.9894136056897731,1.5597955501852142e-06,0.0004275669918884766,0.0008278553526993057,1.0069217013051611e-09,0.0061174404639883296,8.589944433559706e-05,1.7690723735013353e-07
6,9.147199192267023e-06,3.2949691230099304e-08,0.003395598646908231,6.724473065544048e-05,1.112349170212939e-05,1.2029724614634928e-05,1.1712603139287326e-05,5.8853006733773126e-05,4.576788881630676e-05,0.0001725400579318239,3.515103582150386e-06,1.0240644079353872e-07,4.441665987849704e-06,0.00032034743812863316,4.524769794701774e-09,0.00014160305632367778,8.24926091097615e-06,0.9867379840993904,1.9188739133337395e-06,0.0004871667547981308,0.001044480836307958,1.501442153490345e-09,0.007358636192994256,0.00010720557274149819,2.92412883131805e-07
7,1.9760366917374007e-05,2.136865275278489e-08,0.0039334838467307365,3.84718741803466e-05,6.0322374097271135e-06,6.842297847107252e-06,7.685183795408792e-06,6.996922937241175e-05,1.9621091802252934e-05,0.00010048004414319854,4.3163232574609685e-06,8.728584869641827e-08,8.104881615044239e-06,0.00016610810830149355,2.3708041103355343e-09,9.01404074143355e-05,5.308286930102746e-06,0.9918816825842156,1.0133432974554284e-06,0.00042518833200739066,0.0007196375849734085,1.7349242864500007e-09,0.0024494519974962723,4.6475055831068445e-05,1.1416223189929702e-07
8,1.9211615673550014e-05,7.114162083873928e-08,0.012940061933038356,0.00012988279844608204,2.2610564886190604e-05,1.7498502623860956e-05,8.634093157375843e-06,4.295938550672924e-05,9.707519435569705e-05,0.00046964396861174024,3.8023855391489244e-06,1.4304077137414288e-07,6.720838186181851e-06,0.0006327259782145147,7.461364333503535e-09,0.0002342978274379539,1.5430519805986997e-05,0.965092019860402,1.4628376214625287e-06,0.0009754778789248081,0.0010470371904113284,1.4429494922255256e-09,0.01778879063246767,0.000453611111583553,8.21796399700711e-07
9,7.3242294499956945e-06,7.797089152392304e-08,0.010877061489170892,0.00010717979556741408,1.3679057077047186e-05,1.2981197460437258e-05,7.931457712709e-06,4.950757411776165e-05,8.857100615955541e-05,0.0007525363523892558,2.1268190411203194e-06,1.0197021917726247e-07,6.616540327050366e-06,0.0008140736201574341,6.150906935029641e-09,0.00038176283763152296,1.2745059226325952e-05,0.9704651040431702,1.8971816792924463e-06,0.001559167594637801,0.0012019163515825035,1.3103549555564837e-09,0.01324684225441319,0.00039003212863950514,7.560080161571016e-07
10,9.147199192267023e-06,3.2949691230099304e-08,0.003395598646908231,6.724473065544048e-05,1.112349170212939e-05,1.2029724614634928e-05,1.1712603139287326e-05,5.8853006733773126e-05,4.576788881630676e-05,0.0001725400579318239,3.515103582150386e-06,1.0240644079353872e-07,4.441665987849704e-06,0.00032034743812863316,4.524769794701774e-09,0.00014160305632367778,8.24926091097615e-06,0.9867379840993904,1.9188739133337395e-06,0.0004871667547981308,0.001044480836307958,1.501442153490345e-09,0.007358636192994256,0.00010720557274149819,2.92412883131805e-07
11,9.913228195659693e-06,3.46501947738587e-08,0.003484494733369771,6.504881187683752e-05,1.1749941978689504e-05,1.153493104853632e-05,1.2261089528755937e-05,6.057209706025239e-05,4.72487550747298e-05,0.0001705531740682119,3.796617176886687e-06,1.1163049966875293e-07,5.235355951763508e-06,0.0003295611392148152,4.644509037376636e-09,0.00014527271836200698,8.244510486278079e-06,0.987101370713678,1.958774924820892e-06,0.0005415039507432499,0.0010843673122508538,1.718781426601391e-09,0.006790372785467636,0.00011448654977050393,3.001657872399932e-07
12,6.514540574059148e-06,1.7586316575686834e-08,0.0007109901366191148,6.680130134954029e-05,4.288432459510221e-07,9.766577827526228e-06,4.63659509860658e-06,0.00019751368313319256,1.3904729601990653e-05,0.0001771821517815009,8.793103803808148e-07,4.813304597936929e-08,1.7997407764482092e-06,6.362532933145455e-05,2.659015038300921e-09,0.00012076532319432685,1.5168456331083009e-06,0.997078640034815,4.122100947875188e-06,4.2756971111417695e-05,0.00024108346745900673,1.346848744835341e-09,0.0012524417169323357,4.527882138540879e-06,3.299282223049283e-08
13,1.268196203020624e-05,3.58305739353936e-08,0.003983553323553893,5.6524413324171814e-05,1.6164717844658278e-05,8.10593860989566e-06,1.4172296472411067e-05,8.090604340897562e-05,4.548760930228718e-05,0.00010710421681494798,7.461451090515959e-06,2.0954028412919275e-07,6.2590138513531205e-06,0.0005535223055248499,5.11840318420731e-09,0.00010618838476140101,8.518626763054888e-06,0.9877973289481019,1.6280263653772934e-06,0.000531201675464175,0.0014640515663075602,2.345797381371225e-09,0.005098698295915779,9.977231783639401e-05,4.1603159740758333e-07
14,9.295625551409343e-06,3.326659934574428e-08,0.0034748717896505446,6.815299909606801e-05,1.1123929425267338e-05,1.2360797869034354e-05,1.189828707943885e-05,5.974431995151729e-05,4.705934336004165e-05,0.00017645541206058498,3.5185353882487155e-06,1.0477349275749908e-07,4.492257108793154e-06,0.00032395789725801457,4.675875803344631e-09,0.00014618682313504108,8.30668203018166e-06,0.9865680512413081,1.934873293560924e-06,0.0004955123354512779,0.0010344551841306503,1.5277088921832852e-09,0.007433575870993415,0.00010859974772857771,3.018044534318903e-07
15,9.147199192267023e-06,3.2949691230099304e-08,0.003395598646908231,6.724473065544048e-05,1.112349170212939e-05,1.2029724614634928e-05,1.1712603139287326e-05,5.8853006733773126e-05,4.576788881630676e-05,0.0001725400579318239,3.515103582150386e-06,1.0240644079353872e-07,4.441665987849704e-06,0.00032034743812863316,4.524769794701774e-09,0.00014160305632367778,8.24926091097615e-06,0.9867379840993904,1.9188739133337395e-06,0.0004871667547981308,0.001044480836307958,1.501442153490345e-09,0.007358636192994256,0.00010720557274149819,2.92412883131805e-07
16,9.01356076844945e-06,2.9374921255029475e-08,0.0026809777524948774,6.200194281182382e-05,9.821977388612828e-06,1.0113471875234753e-05,1.1187678363472757e-05,6.146709698676692e-05,3.969230072345828e-05,0.00013400893325109928,3.6777842069516414e-06,1.0928028644704673e-07,4.373788922744122e-06,0.00030771808674603257,4.30828881496397e-09,0.00011767138489565508,6.68205563310436e-06,0.9893610667964171,1.7847389927630918e-06,0.0004271750727410201,0.0009247155320345306,1.6040567853206745e-09,0.005745510938837123,8.094395905582303e-05,2.505792999795168e-07
17,9.407641233149491e-06,3.0867713857693764e-08,0.0031242447349373627,5.734252361961282e-05,1.2531337700455404e-05,9.434608795748104e-06,1.1763475121080351e-05,5.0848630985172523e-05,4.3517988167614125e-05,0.0001297229087560548,3.7958546036798593e-06,1.0455101723101496e-07,4.550244601894762e-06,0.0003308159002461938,3.4808594943611087e-09,0.00010599889001845885,7.672871923379806e-06,0.9876926220203449,1.5592271538256322e-06,0.00046115772587212653,0.0010817113954708609,1.4221981317651526e-09,0.006752293231027979,0.00010860657476095065,2.618928710961175e-07
18,9.033858410499192e-06,3.362232102310697e-08,0.0034496277473313654,6.568376168679961e-05,1.1198015362033101e-05,1.1991804808575419e-05,1.1997499413890304e-05,5.7906713804623066e-05,4.6793136031835865e-05,0.00017427408009274662,3.54738253751842e-06,1.0501143003312533e-07,4.467270516550863e-06,0.00033478287247302,4.59312140840579e-09,0.00014402403166315474,8.429700708698181e-06,0.9864429537354109,1.959998004333963e-06,0.0004954732770503693,0.0010864689551519726,1.519193750386591e-09,0.007527584945555227,0.00011134604556330478,3.1042235637343143e-07
19,9.94895433289582e-06,6.695928821281844e-08,0.004252985626561281,0.0001667106955048746,1.9932841980535523e-05,2.503753997031804e-05,1.7189675490452e-05,8.853933578264147e-05,9.767426847530639e-05,0.0003732316503284384,3.631896244065451e-06,1.7418626475779075e-07,6.403111098463784e-06,0.0005003772822994129,1.084805774552855e-08,0.00027152345405534505,1.1642472750329158e-05,0.9809722336341613,2.5942768210849417e-06,0.0009425052868971616,0.0008887548526982965,2.7346312660173356e-09,0.011164920838558787,0.00018340526120340012,5.023165437066306e-07
20,8.164827995148089e-06,3.369693319485836e-08,0.0024447123008508073,7.00292934694751e-05,1.0185283213114607e-05,1.1603824703556541e-05,1.1914474268284389e-05,8.371568911333204e-05,5.343261993335554e-05,0.00017277289710576055,3.688029329529138e-06,1.0443547672511905e-07,5.22417531816816e-06,0.00040375693240660544,5.4727853819356905e-09,0.00011967888825598355,5.876099874612292e-06,0.989892344861006,2.1646214281978858e-06,0.00053755653016388,0.0010094811676348153,2.553997408186272e-09,0.005080979109089936,7.232184404941639e-05,2.503715974630997e-07
21,9.443700935745444e-06,3.0436871450342674e-08,0.004602580343111646,3.751258342656546e-05,7.202887190054216e-06,3.966925212018864e-06,6.948389339733342e-06,3.97303018653376e-05,2.5345655616551224e-05,0.0001234166005385177,2.7684326452117936e-06,1.0771847067065046e-07,6.072816455897422e-06,0.0003377200176606727,1.8349016639641604e-09,0.00012284046184377176,6.444423581445524e-06,0.9896860689872656,8.871857219456316e-07,0.0005687306081321326,0.0008234822533571866,9.833654410337959e-10,0.003488004909156356,0.00010047492865891218,2.1661467557117845e-07
22,1.6847549235091035e-05,1.028287016928336e-07,0.005672889371342806,0.0002928174705228191,0.00013204734540982985,9.794411627354382e-05,0.00014256586085163164,9.203597144956408e-05,0.002049036445016495,0.0003765081027176619,1.0327359979461019e-05,1.2548652433039326e-06,1.2553060697628586e-05,0.0015976080672987808,8.987842145379885e-08,0.0007278699174876672,7.225311223246327e-06,0.9462576276246183,7.460175117159818e-06,0.0020492072360999746,0.0018013501212680565,6.549346434564974e-09,0.036633443381578756,0.002014878035019105,6.303355079574257e-06
23,9.147199192267023e-06,3.2949691230099304e-08,0.003395598646908231,6.724473065544048e-05,1.112349170212939e-05,1.2029724614634928e-05,1.1712603139287326e-05,5.8853006733773126e-05,4.576788881630676e-05,0.0001725400579318239,3.515103582150386e-06,1.0240644079353872e-07,4.441665987849704e-06,0.00032034743812863316,4.524769794701774e-09,0.00014160305632367778,8.24926091097615e-06,0.9867379840993904,1.9188739133337395e-06,0.0004871667547981308,0.001044480836307958,1.501442153490345e-09,0.007358636192994256,0.00010720557274149819,2.92412883131805e-07
24,5.559843439006486e-06,3.7902541772553216e-08,0.001960322423943551,8.319239328751146e-05,8.956397224457862e-06,9.032262669757833e-06,9.193969152619891e-06,5.4956989565423975e-05,3.518456931328452e-05,0.00017312115420133262,2.2377451896839843e-06,7.226108904466217e-08,3.4478830647446635e-06,0.0002873482014833806,3.6371209703169913e-09,0.00012115350268382482,7.2155399264916094e-06,0.9892984168449092,2.11547454852351e-06,0.0003866151216643154,0.0008803736097483855,1.2702890003643537e-09,0.006599166618128337,7.209759578790366e-05,1.7678902744315245e-07
25,5.674479330195083e-06,1.7300488451284258e-08,0.0014343060686553266,3.292770259420214e-05,8.238738918284993e-06,3.850538734068099e-06,1.133125754554805e-05,6.824284642850082e-05,1.565803812791728e-05,4.4735275250634044e-05,3.6314581817316625e-06,9.170185723544544e-08,3.9748464604649635e-06,0.00018921317944131088,1.400610145669098e-09,6.867213283689162e-05,4.71104534054689e-06,0.9947599496742058,9.868377102203211e-07,0.0003448278999489592,0.0008355869742477937,1.1411425631486254e-09,0.0021312578902830657,3.202104297663826e-05,9.052868367981318e-08
26,9.636547037561888e-06,6.0866711477282e-08,0.0021548292133962373,9.2778094373726e-05,9.028474168192372e-06,1.898121496999896e-05,2.554039310313882e-05,0.0002843093721761508,3.565334947594346e-05,0.0001855334428025539,8.35987378121324e-06,3.2632384229920564e-07,6.038635491497119e-06,0.0004591831559927167,1.4536011742938119e-08,0.00026320369911453134,1.2608880836122235e-05,0.9906901254446134,5.343702574819619e-06,0.0004230830963334362,0.0014730447023372083,6.596519614922499e-09,0.003806077693532582,3.576643308255732e-05,4.6625772138962307e-07
27,1.1499261449296204e-05,3.491046457820777e-08,0.0026975123386110164,9.816182760093425e-05,1.3976634176934333e-05,2.2598414150575057e-05,1.6871368868839002e-05,8.869523904933049e-05,0.0001022451304994092,0.00019768500357435526,4.07786066337016e-06,1.547686121206589e-07,5.645265051057435e-06,0.0003365145996821956,8.844246437149828e-09,0.0001805345871976509,5.6372874801065615e-06,0.9871083745725597,2.541397834424107e-06,0.0006130576016627614,0.0007622487015822492,2.984515775670332e-09,0.007598069867326169,0.00013346203797177548,3.894951690610746e-07
28,9.147199192267023e-06,3.2949691230099304e-08,0.003395598646908231,6.724473065544048e-05,1.112349170212939e-05,1.2029724614634928e-05,1.1712603139287326e-05,5.8853006733773126e-05,4.576788881630676e-05,0.0001725400579318239,3.515103582150386e-06,1.0240644079353872e-07,4.441665987849704e-06,0.00032034743812863316,4.524769794701774e-09,0.00014160305632367778,8.24926091097615e-06,0.9867379840993904,1.9188739133337395e-06,0.0004871667547981308,0.001044480836307958,1.501442153490345e-09,0.007358636192994256,0.00010720557274149819,2.92412883131805e-07
29,9.147199192267023e-06,3.2949691230099304e-08,0.003395598646908231,6.724473065544048e-05,1.112349170212939e-05,1.2029724614634928e-05,1.1712603139287326e-05,5.8853006733773126e-05,4.576788881630676e-05,0.0001725400579318239,3.515103582150386e-06,1.0240644079353872e-07,4.441665987849704e-06,0.00032034743812863316,4.524769794701774e-09,0.00014160305632367778,8.24926091097615e-06,0.9867379840993904,1.9188739133337395e-06,0.0004871667547981308,0.001044480836307958,1.501442153490345e-09,0.007358636192994256,0.00010720557274149819,2.92412883131805e-07
30,9.147199192267023e-06,3.2949691230099304e-08,0.003395598646908231,6.724473065544048e-05,1.112349170212939e-05,1.2029724614634928e-05,1.1712603139287326e-05,5.8853006733773126e-05,4.576788881630676e-05,0.0001725400579318239,3.515103582150386e-06,1.0240644079353872e-07,4.441665987849704e-06,0.00032034743812863316,4.524769794701774e-09,0.00014160305632367778,8.24926091097615e-06,0.9867379840993904,1.9188739133337395e-06,0.0004871667547981308,0.001044480836307958,1.501442153490345e-09,0.007358636192994256,0.00010720557274149819,2.92412883131805e-07
31,6.717305237116448e-06,6.914549460365622e-08,0.0022608715968730434,0.00024369380819325363,0.00011195157591521425,4.6756537209442306e-05,3.6541824902463504e-05,3.5116678398887434e-05,0.00032219454810971683,0.0002574997423833633,8.898246880377283e-06,3.0465467962907723e-07,6.413819668837293e-06,0.0008755793314318748,4.7783627633927944e-08,0.000278962568791235,1.3936956606171683e-05,0.9558920197184312,5.12085669982261e-06,0.0020316188664090823,0.0014657853242728708,3.3030285089813495e-09,0.0352796284045867,0.0008186186848707286,1.6487172983113077e-06
32,8.270734938766527e-06,3.269382431171535e-08,0.0029355046680266846,6.76045379128509e-05,1.0752937598097583e-05,1.2557274967410622e-05,1.2058467603076406e-05,5.9882518728162374e-05,4.5179725017901505e-05,0.0001774155694488596,3.402238988044216e-06,9.42266830032384e-08,4.257761862062645e-06,0.0002938075437586311,4.988519772512005e-09,0.00015088693167288048,8.256950453437573e-06,0.98698703286216,2.388899188052284e-06,0.00047248930045160395,0.0011097641381333254,1.5703172342854768e-09,0.0075334192983580565,0.00010464954112758674,2.846202602253614e-07
33,8.710394907563506e-06,4.0137283528431005e-08,0.006963009702884498,8.774452801806253e-05,1.4509113023197061e-05,2.3014748449893313e-05,1.3445356292279807e-05,5.345103015500374e-05,0.000120696312678255,0.00043517579245505177,2.8380463060547935e-06,8.624912136568973e-08,4.086314523825507e-06,0.0006196688455743345,8.788119064243559e-09,0.00021277600517796258,8.722105942433998e-06,0.9721631745455994,2.3012392717222645e-06,0.000822335532417507,0.001334781849966025,1.3737376232520738e-09,0.016863264654764593,0.00024545603776939776,7.012955613341966e-07
34,4.748976364301415e-06,8.291555129509016e-08,0.004635688755194901,0.00012342943154040547,1.6789483637548044e-05,2.17767961445524e-05,1.8007965993331856e-05,8.128937367686434e-05,7.579076467782729e-05,0.0004488750779113819,3.3952268443386146e-06,1.7817261201289633e-07,5.00057451071302e-06,0.0007557094140591611,8.389460053389336e-09,0.00036013941319703967,1.7637804453637013e-05,0.9761077023478839,2.811619903563447e-06,0.0012330539599195696,0.0013630669806098748,2.0510382820551536e-09,0.014514872179436242,0.00020917421309594994,7.681122833763998e-07
35,8.460222586207987e-06,8.362412508410991e-07,0.054684296402743186,0.0007114839145570794,0.0004969165274836481,3.164798316593572e-05,3.920811893546192e-05,5.77251328996484e-05,0.00034526430462416315,0.0017193098012607956,1.429311539950348e-05,7.999344787125911e-07,2.154552402277263e-05,0.01561617939995781,1.1786209400073947e-07,0.0012238892952144153,0.00019784882952628472,0.75420763109346,2.8848665249965015e-06,0.022258206633280507,0.009421782243460106,3.907153525353253e-09,0.13474666995626006,0.004175893705259897,1.7104984400334404e-05
36,8.481276962130468e-06,3.40928503005014e-08,0.0031887587257805007,6.824175944907932e-05,8.954506036883398e-06,1.2016802832780924e-05,1.1444399355710758e-05,6.589045108980141e-05,4.370076324526927e-05,0.00018969570069316043,3.0855239641808797e-06,1.0321156329311415e-07,4.6384761737434455e-06,0.00031152786771774073,4.600819614929573e-09,0.00016361828891310823,8.101896340552433e-06,0.9880041084902255,2.0437017304214753e-06,0.0005030518315042429,0.0009216089888767516,1.6700490120292992e-09,0.006391554917281234,8.905970553850706e-05,2.7235100636151437e-07
37,1.3703485584667164e-05,2.12568055240745e-08,0.00379183905988787,3.099879749330104e-05,1.1632674080566208e-05,4.464226593401323e-06,9.075991542882599e-06,2.6923887411978858e-05,3.745296039211006e-05,7.47751773278192e-05,3.2256204968833405e-06,9.055922841375432e-08,5.245674708596195e-06,0.00027116374945478636,1.3938015916377098e-09,6.0253537652755474e-05,5.000117920297645e-06,0.9898013650701669,7.32750485077342e-07,0.0003656445089556472,0.0009071338976178077,9.008754024660473e-10,0.004445205523305085,0.0001338671517373786,1.8202647340229813e-07
38,8.488573480571278e-06,2.4001470522697138e-08,0.0021699779292633334,5.213985449461e-05,4.097847617046043e-06,1.7224475873113894e-05,1.2724728457676462e-05,5.679710624415222e-05,2.397925679487053e-05,0.0001777947266038757,1.9861991453129265e-06,6.52836961445969e-08,4.666255052307368e-06,9.233633708756547e-05,4.870929891022407e-09,0.0002936099499853264,8.06832579488387e-06,0.9908077777589955,3.1831018551313055e-06,0.00042279720693219375,0.0006733800614053074,1.4710079446696496e-09,0.005110880595187046,5.783870637569179e-05,1.5537624983610943e-07
39,9.315605079981035e-06,3.8816023663917976e-08,0.004188381646841865,8.482444317329044e-05,1.636691178846937e-05,1.0027243460690494e-05,9.290818813479775e-06,3.610735624467891e-05,7.19740799227904e-05,0.00020156505229154342,3.1106474194091534e-06,9.696741967630832e-08,4.387862772290273e-06,0.0005501352388657402,4.964791327226941e-09,0.00010929973696932198,7.923729113213635e-06,0.9818757822542097,1.451349910642225e-06,0.0005837561710942093,0.0010513357926200903,1.2146417810817282e-09,0.010999034906747227,0.00018540770839784387,3.794813871556539e-07
40,3.5324372670397244e-05,6.377164412333533e-08,0.011160469579829019,8.296947266686166e-05,2.5287531898789238e-05,2.252066715537332e-05,2.34855790132166e-05,9.302602884421012e-05,9.495253899704724e-05,0.00020592963268570806,1.0472482138720132e-05,3.7497762949644634e-07,1.01395746734313e-05,0.0006978398074480816,1.0694001069157388e-08,0.00018604177593256794,1.749158423690665e-05,0.9752266774950963,1.7615007556430938e-06,0.0007501273938279337,0.0016398249344553898,4.033869149263361e-09,0.00950182158118247,0.00021242767483590802,9.5531451224619e-07
41,1.1710966009174064e-05,3.706474741742925e-08,0.0038515132754174085,0.00010236845821435617,1.5198737942810119e-05,1.7459447665356404e-05,1.3154342009010517e-05,7.186623044409154e-05,6.235590460567937e-05,0.00020250427874539325,4.061966288418279e-06,1.271637273912059e-07,4.84084405058029e-06,0.0003322908285840902,7.107959361841807e-09,0.00016968621987677234,8.870242055283313e-06,0.9846874043698509,2.035256192404012e-06,0.0005612899708874074,0.000902337092715556,1.82733112731675e-09,0.00885139555395929,0.00012713094186621695,3.519088544270806e-07
42,1.2731972940804392e-05,6.368333006070515e-08,0.003636485189157391,0.00011502413025384441,1.3398449891951434e-05,2.9962411498331556e-05,2.161417869633377e-05,0.00015854752726432558,5.794312852029578e-05,0.000309405043615255,5.46360016384749e-06,2.0228310816164457e-07,8.902331219362125e-06,0.00026838831035880007,1.2928720612342823e-08,0.00048017836665271117,1.7222106704959175e-05,0.9859551178980183,5.595272388550096e-06,0.000823427029965841,0.0013171268000337847,5.591004428548021e-09,0.0066470857936088345,0.00011564213410049833,4.5383878248374223e-07
43,9.285053416033248e-06,3.290045003374609e-08,0.0034126650753697166,6.654738068801033e-05,1.1228638496997714e-05,1.170737225781023e-05,1.1734996230899873e-05,5.810065666356136e-05,4.5555262102956336e-05,0.00016728153418763125,3.5557611722798848e-06,1.0473800844910319e-07,4.462932671863169e-06,0.00032294701749541524,4.4370345155448484e-09,0.0001391361920090475,8.24375974421562e-06,0.9867923902079884,1.8721332911949616e-06,0.0004822710062434184,0.0010432200571679907,1.4876816363499866e-09,0.007299696789103906,0.00010766145586755994,2.9315465647154483e-07
44,9.147199192267023e-06,3.2949691230099304e-08,0.003395598646908231,6.724473065544048e-05,1.112349170212939e-05,1.2029724614634928e-05,1.1712603139287326e-05,5.8853006733773126e-05,4.576788881630676e-05,0.0001725400579318239,3.515103582150386e-06,1.0240644079353872e-07,4.441665987849704e-06,0.00032034743812863316,4.524769794701774e-09,0.00014160305632367778,8.24926091097615e-06,0.9867379840993904,1.9188739133337395e-06,0.0004871667547981308,0.001044480836307958,1.501442153490345e-09,0.007358636192994256,0.00010720557274149819,2.92412883131805e-07
45,1.001537612381761e-05,3.3500292163987434e-08,0.00268070577954671,0.00010434733696003956,1.3927033012058389e-05,2.0154761152937672e-05,1.8353307133228615e-05,9.592879081373459e-05,6.274009629338617e-05,0.000185353926645655,3.9042470921105115e-06,1.355424542807377e-07,5.169595138166822e-06,0.0002557149627453441,8.41530887233695e-09,0.00021174793968055058,7.749165030728395e-06,0.9877715780967468,2.827329040796311e-06,0.0005586790459162232,0.0008616759306275491,2.3192668456825984e-09,0.007031720067918794,9.722811024637805e-05,2.993248128626175e-07
46,3.805766814063047e-05,1.1136395541655622e-07,0.004939649152774429,0.00015995110458048793,2.2428785820599397e-05,3.229735422754814e-05,2.282950290370193e-05,0.0001093441637393715,2.953937268196373e-05,0.00017645001073841616,1.0362743852677411e-05,4.151759990141672e-07,1.0188172729134447e-05,0.00019268347948697036,1.1033288525591307e-08,0.0003405914680652155,5.8525107509684795e-05,0.9821054629728976,3.606113393565802e-06,0.00046614135634061684,0.0011441102822039534,5.7620192220236045e-09,0.010017327952560835,0.00011943947679903746,4.704232913867589e-07
47,2.8684869286639574e-05,7.785735073768525e-08,0.004683406743029314,7.933134022772833e-05,1.1421642060325946e-05,1.964582212928165e-05,2.254011942789437e-05,0.00010597640377228751,6.180935260268844e-05,0.000177514263017236,6.097107288201852e-06,4.66854875855528e-07,1.3455398995917991e-05,0.0002646085084524018,7.447429647783258e-09,0.0004194409048503856,1.5644047234812176e-05,0.9875344263124618,2.638762886912015e-06,0.0006664218791792542,0.0007936299492750143,5.883824292829464e-09,0.004924908868897412,0.00016726631934295215,5.73342100976655e-07
48,8.239430710376151e-06,6.330275880960333e-08,0.002034811752072092,9.466266142808358e-05,5.50386947955717e-06,1.5557496635965744e-05,1.0010564845042383e-05,9.296986792615683e-05,2.008790003388476e-05,0.0002589866827908061,2.533984852980708e-06,6.774405761854974e-08,3.580982888246981e-06,0.00020146402080591414,4.185173325894444e-09,0.0001412137886176411,1.727878048666993e-05,0.9886908065542739,3.900472396086633e-06,0.0002333844160792502,0.0010582168230999544,2.392331448862651e-09,0.007073291990114834,3.321570108984746e-05,1.4463505158893743e-07
49,1.2635535334985712e-05,4.2267391423322106e-08,0.004841117817713979,7.307087345606602e-05,1.1950805979307079e-05,1.587289920316548e-05,1.401905305322015e-05,7.38125493571776e-05,5.3920761459049106e-05,0.0001969659055289241,4.237649816807667e-06,1.581266214472014e-07,6.12621768121031e-06,0.0003497847353755698,4.779671286502057e-09,0.00018364545813163145,9.869968203499707e-06,0.9854241313598652,1.5698939010980934e-06,0.0006485604214500155,0.0009238248621817874,1.971039071975992e-09,0.007027416446202777,0.0001268991002073994,3.6054117387983027e-07
50,7.271597984926617e-06,3.8023162431714946e-08,0.002804994108476567,6.621607708709003e-05,7.691469154117935e-06,1.264590098160482e-05,1.4455548503630819e-05,9.858099463612433e-05,4.65793556362637e-05,0.0002405333707524944,2.85752107980304e-06,9.395724484447207e-08,5.160687444442857e-06,0.00034921175288622335,4.517598625751048e-09,0.00015499899125723504,6.756188846308281e-06,0.9893476050670602,2.7033394798629247e-06,0.0004765855940691497,0.0011232421336423292,2.252490372727547e-09,0.005166697432833612,6.483460416608407e-05,2.3951352551797635e-07
51,1.1389590042620956e-05,1.6503671426245072e-08,0.00489952072307296,3.146030954522039e-05,1.5667514502556344e-05,1.517839813507575e-05,1.815747000966391e-05,2.7156286037635434e-05,5.282446815915169e-05,0.00012288808607182784,4.321296335854703e-06,8.208306951916296e-08,4.33489447003246e-06,0.00020702210975311112,3.89110650638471e-09,0.00017053500838899269,1.154094114879979e-05,0.9798321973484849,2.0157199136922145e-06,0.000554972837862329,0.001725498700744465,9.700179266831013e-10,0.01203537014315626,0.00025740757356108054,4.371327387323091e-07
52,8.08786534247706e-06,2.7430857453162567e-08,0.0029018721196527,6.295106326099899e-05,8.82886475852644e-06,1.1192960658758633e-05,9.674879324751165e-06,5.53188945616714e-05,4.031566507554277e-05,0.0001712305911532513,2.9463141789108586e-06,8.082855206150247e-08,4.006694043685718e-06,0.0002717692983397766,4.0472204981006094e-09,0.0001305517469161738,6.739812699524699e-06,0.9884526555712568,1.8281764428359368e-06,0.00045256906130747163,0.000871157397550968,1.3397843850061523e-09,0.006447439722455295,8.852055722857409e-05,2.29097376638394e-07
53,8.19369245543749e-06,2.8327568776085946e-08,0.0024402833173012618,6.390843978250302e-05,1.2904050004973688e-05,1.7199085306397308e-05,2.9532318400086757e-05,6.922389781489484e-05,7.025408584557557e-05,0.00010353236488349938,4.112200673192089e-06,1.9096176192416035e-07,4.0679675701281406e-06,0.00033085112995351427,5.887532867024312e-09,0.00015438188956141765,6.768661610527302e-06,0.9863840346430871,1.899611169242341e-06,0.0004859135030472358,0.0009202815529735352,1.5468979698736523e-09,0.00879340090083032,9.862638458353848e-05,4.0357938385059933e-07
54,1.3051690925003658e-05,1.370033455471173e-07,0.011146634282643663,0.00013155660669796957,2.18293946061515e-05,2.3769918509162245e-05,2.9978526309014596e-05,0.00012034190310845199,0.0002063810539249752,0.0006008001966219394,5.3245766731610415e-06,5.337717515333097e-07,1.1069115212096294e-05,0.0016157935632157099,2.0990563176013382e-08,0.0007097442415423123,1.7564245030870695e-05,0.9677626432990749,3.5988848705298017e-06,0.001758671268742356,0.0017274827087789084,4.6417346945125724e-09,0.01363613250189967,0.00045430149933540397,2.6341148829892158e-06
55,6.331366222396192e-06,5.88355221785043e-08,0.006499965336849838,6.910088548658499e-05,4.01244603698601e-06,1.3883735255769779e-05,3.81913845189085e-06,8.228875602528317e-05,1.6335460883223582e-05,0.0008871582292004643,2.0534709489503917e-06,2.017450282035767e-08,3.3958022005313096e-06,0.00040642378758132204,6.156097462340519e-09,0.00020139673512417614,2.4266023463810743e-05,0.9803029507093514,3.977682958195122e-06,0.0005405638321955474,0.0021413691030202136,1.824258569079178e-09,0.008749541944860623,4.086215271313235e-05,2.1641078866121175e-07
56,9.62311795420166e-06,3.342854572829826e-08,0.003326566904876843,6.501907470543705e-05,1.1070822664036278e-05,1.1737799130322204e-05,1.1906302789475041e-05,6.0209293609067423e-05,4.56966538796203e-05,0.00016605080984499946,3.6773031388810452e-06,1.0695171457960985e-07,4.715299238766106e-06,0.00032025312265979665,4.450819366912272e-09,0.00013599825527655664,8.070030407706274e-06,0.9872431784684187,1.917466302525513e-06,0.0004845575172279654,0.0010474134213892886,1.617449956903213e-09,0.006936824296201469,0.00010508062198419268,2.869697703791515e-07
57,8.117046420941258e-06,4.578369714171298e-08,0.003389328073213508,5.3438508795247286e-05,1.0371650830924064e-05,9.611535427357231e-06,1.5268692248248084e-05,7.137374048870468e-05,4.027945646079944e-05,0.0001900181004167422,3.86353957371321e-06,1.255007780030166e-07,6.971870423464568e-06,0.0003177852283962192,5.0098020775958616e-09,0.00024774489897349123,1.0434324509017795e-05,0.9874074856014692,3.5500936088701135e-06,0.0006447637601678145,0.001780032323003954,2.1829238501179544e-09,0.005658494414565949,0.00013053545140365516,3.5321240114927267e-07
58,9.455927796154e-06,3.797430933229059e-08,0.003554182293453938,7.112272839609259e-05,1.5548235445875613e-05,1.2543799527838387e-05,1.3471835955162232e-05,5.053868208456337e-05,6.133194997282702e-05,0.00017855788272029855,3.866298108275891e-06,1.2127771980447248e-07,5.3810417682946266e-06,0.0003543639785082822,5.243694029566908e-09,0.0001665329563002851,8.638102512765086e-06,0.9846186683199676,2.1375760955515056e-06,0.0006413044930956882,0.001191901954387624,1.6308366964482383e-09,0.00885440066965336,0.00018550152410356998,3.836235861082064e-07
59,9.31067501121506e-06,3.986905914207851e-08,0.004402836486558164,6.875923994329792e-05,1.45756352784684e-05,1.215688010918089e-05,1.225247429691292e-05,5.0275111409276385e-05,5.708456413581347e-05,0.00021012777406945093,3.595072954852573e-06,1.0897592721662565e-07,5.32962231640529e-06,0.00038637995327991107,4.760602918745722e-09,0.00017183570305341782,9.441581323391014e-06,0.9835033766856764,1.955199237636412e-06,0.0006760355927017239,0.001272196188005722,1.4882564791499743e-09,0.008947074397917771,0.0001848574267796889,3.8864209566700726e-07
60,9.147199192267023e-06,3.2949691230099304e-08,0.003395598646908231,6.724473065544048e-05,1.112349170212939e-05,1.2029724614634928e-05,1.1712603139287326e-05,5.8853006733773126e-05,4.576788881630676e-05,0.0001725400579318239,3.515103582150386e-06,1.0240644079353872e-07,4.441665987849704e-06,0.00032034743812863316,4.524769794701774e-09,0.00014160305632367778,8.24926091097615e-06,0.9867379840993904,1.9188739133337395e-06,0.0004871667547981308,0.001044480836307958,1.501442153490345e-09,0.007358636192994256,0.00010720557274149819,2.92412883131805e-07
61,9.999038937836232e-06,3.7321671921868585e-08,0.004547238006654552,6.314168067613275e-05,1.4386811992299368e-05,1.1383000470234345e-05,1.2065602298691851e-05,4.970224797102065e-05,5.7595782902568147e-05,0.00019515791487655638,3.6579207834723495e-06,1.0878736645832087e-07,5.11360870785255e-06,0.0003798510236682817,4.146351008776631e-09,0.00015152488211412325,8.831486649492297e-06,0.9839838295017194,1.8205088708626183e-06,0.0005887957070621392,0.0012787603552579857,1.4179774497394024e-09,0.008454349894464934,0.00018226990258073746,3.734479738229103e-07
62,9.147199192267023e-06,3.2949691230099304e-08,0.003395598646908231,6.724473065544048e-05,1.112349170212939e-05,1.2029724614634928e-05,1.1712603139287326e-05,5.8853006733773126e-05,4.576788881630676e-05,0.0001725400579318239,3.515103582150386e-06,1.0240644079353872e-07,4.441665987849704e-06,0.00032034743812863316,4.524769794701774e-09,0.00014160305632367778,8.24926091097615e-06,0.9867379840993904,1.9188739133337395e-06,0.0004871667547981308,0.001044480836307958,1.501442153490345e-09,0.007358636192994256,0.00010720557274149819,2.92412883131805e-07
63,9.172357669671324e-06,3.984597778350848e-08,0.0034943856099034004,7.229420997233457e-05,1.1482991937933403e-05,1.268329964270422e-05,1.2280772571689122e-05,6.25568425713167e-05,4.8632663323988135e-05,0.00019273731700954303,3.637544322618993e-06,1.1482417275166302e-07,4.66937713450305e-06,0.00035021141705149085,5.054269253233784e-09,0.0001586475597862312,9.301787754837869e-06,0.9859685001242079,2.2150324572137766e-06,0.0005056815143645606,0.0011261312683045165,1.693051270104366e-09,0.007837194662955686,0.00011708607986156035,3.361497254730327e-07
64,7.99753928469363e-06,3.0489108031704745e-08,0.0033606092893688705,4.8041173918625754e-05,1.0871310906508929e-05,8.885670940833259e-06,1.1823475873367802e-05,4.97307642795616e-05,3.7552482028561884e-05,0.00014997998547223545,3.490655464602087e-06,8.15907678002732e-08,4.22467036566209e-06,0.0003221938991942715,3.359680846399995e-09,0.00011701138038268384,8.473054851874223e-06,0.9867874557109846,2.0183936067357175e-06,0.00043646857225389224,0.0015013473196203602,1.2642914951950073e-09,0.007024687752631056,0.00010675343244492109,2.667622779622129e-07
65,9.161010818321773e-06,4.541664018678299e-08,0.0055974521672100845,6.500417675838601e-05,1.2472005698991914e-05,9.363242405999287e-06,1.106798269097586e-05,5.926170717597895e-05,7.184095229858105e-05,0.00024633060552637314,3.2601643448900355e-06,1.327548171481889e-07,5.9375232699400235e-06,0.000641735858701829,4.123988178598565e-09,0.00015696951487870146,7.47476096773507e-06,0.9839576661397527,1.4708243020269526e-06,0.0007597204668329685,0.0011305556559517167,1.6454530339107007e-09,0.007081454548544256,0.00017116116022981346,4.555907413891225e-07
66,1.2129434485481092e-05,1.6736159135685072e-08,0.007013728696951127,2.4760238207071273e-05,5.170793737419348e-06,3.0445403235120734e-06,6.427745945137602e-06,8.713310858446112e-05,1.5591626551390313e-05,0.00011950651282046291,2.9429239144057834e-06,7.355028579194041e-08,1.1965295596070363e-05,0.00025265785366466775,1.056442210674307e-09,0.00011560975550536503,3.780447576461361e-06,0.9895642160151534,4.3829037195667306e-07,0.0010184395254834982,0.0006616706431366164,1.3014705020806775e-09,0.0010402236795994566,4.0378284596767124e-05,9.194343750118056e-08
67,2.0729650013462998e-05,5.790535469518289e-08,0.0031427147571102486,0.00011774138324861791,2.422854777443625e-05,3.0610034791185944e-05,3.667965824081301e-05,0.00014549094032816388,0.0001735588727124091,0.00017093947792647164,8.274860056727768e-06,4.906520461898452e-07,6.1949052218339666e-06,0.00048276717204989684,1.3453802045150869e-08,0.00020833217162801213,9.292411873607926e-06,0.9863525460533593,4.124144718992131e-06,0.00033785631716083046,0.0011489357357508951,5.955392855552844e-09,0.0074115587582570695,0.00016606154469394512,7.946364870365872e-07
68,9.931618939887485e-06,2.3785018275696377e-08,0.0017112555589839744,4.8766142266198734e-05,6.528193017465451e-06,1.0215322241578252e-05,1.0859062153577065e-05,7.074546762705575e-05,2.0300832289950116e-05,9.925239753270457e-05,3.4687622200369174e-06,6.905067893573622e-08,3.4659646690254864e-06,0.00011993057248930089,3.3369343778015417e-09,0.00011434731711860002,8.054179564086854e-06,0.9921452838686163,3.1596228361433197e-06,0.00019495138101383123,0.0011092041099884794,1.6791743428856992e-09,0.004267114018508199,4.2938026861744906e-05,1.297292559792257e-07
69,1.4772101242983828e-05,4.3495814994482115e-08,0.0035825536891878136,0.00010496088572949779,1.789681304717939e-05,1.8750522347914412e-05,1.546989168772772e-05,6.91118877145236e-05,6.25542820574297e-05,0.00017159609076015895,5.076082824025726e-06,1.6366260727223631e-07,4.884757111700226e-06,0.0003184131352147368,7.442341600209379e-09,0.0001622578499447905,1.212456720788291e-05,0.9839128142887653,2.5334355412385374e-06,0.0004116192411302832,0.0011048819310652382,2.2506906558418374e-09,0.00986765051113309,0.00013946369521002525,3.9748962193437596e-07
70,8.739728348166959e-06,3.1940722222640015e-08,0.0032381580593402294,6.190141226962896e-05,9.994395400587607e-06,1.1556316401245044e-05,1.1274940010636136e-05,5.66620230932881e-05,4.2139503826874824e-05,0.00017054813993420777,3.359235230976501e-06,9.728212850487441e-08,4.308779872437458e-06,0.0002982193129652104,4.258297129175693e-09,0.00014437016238299282,8.213796380409786e-06,0.9872922935899412,2.018776611306713e-06,0.00045914911864034294,0.0010588402492822775,1.4657122067409018e-09,0.007014388710135635,0.00010344748125725017,2.813218149886788e-07
71,5.828258828364287e-05,4.3956252961419725e-08,0.004083100806924706,0.00013146524535843904,7.815696299149593e-06,4.3009258772737424e-05,9.482999497228848e-06,0.00010336708261061636,2.5155826515248402e-05,0.00017828602779268826,8.82518729091091e-06,2.107856455824418e-07,5.023167904708587e-06,0.00010302976671275061,1.1469052957017269e-08,0.00017483924064708406,2.3646858268327807e-05,0.9861432121725193,3.631486107015258e-06,0.0001405238906524771,0.0006386205566930471,4.139138226728427e-09,0.008061517260349508,5.662003814522051e-05,2.7449256540805463e-07
