,0,1,2,3,4,5,6,7,8,9,10,11,12,13,14,15,16,17,18,19,20,21,22,23,24
0,2.7333073904400544e-06,7.349857008505716e-07,2.3313209766466435e-08,6.760264960030656e-05,0.0007148797921215002,0.007180084508381277,1.6358324259961995e-06,1.3452471932043643e-05,0.9690730791671125,6.696246458843296e-05,7.005791753746596e-05,5.5792595934883375e-08,3.5247167020638756e-09,2.2979873603096876e-08,9.291078723860077e-05,1.6230037291284442e-05,3.6785214019063994e-06,0.007032337835062,6.643251915218578e-06,2.5663026125650985e-06,2.531879167445578e-05,8.978778506553282e-07,0.015618939833952154,1.6158931218057486e-08,9.131894882869204e-06
1,2.936732539540459e-06,2.262059572209562e-06,4.069672205951092e-08,3.422263829852837e-05,0.0014939011794591164,0.006950118730793346,1.3885340696968887e-06,8.249317723278814e-06,0.9748470475070485,4.903947861124993e-05,9.297726533280893e-05,6.686743873458864e-08,1.9539678844232475e-09,3.965751455754694e-08,0.00018063043696984972,1.0309206363824038e-05,3.690795643284325e-06,0.0044236199222434545,1.3123109172212421e-05,1.5755678544959163e-06,3.014246654499823e-05,1.4515548610472001e-06,0.011833631973664457,1.442562220272106e-08,1.951792196855759e-05
2,2.474728736854166e-06,3.317911309890695e-06,3.365280411940475e-08,3.1677697183231436e-05,0.0017081655602325296,0.004770483520926934,1.1541076530852151e-06,9.133753373526548e-06,0.9700683255873237,4.6348571325185814e-05,0.00018612978416614615,8.352569272804117e-08,1.5502724926475516e-09,7.18098076696942e-08,0.0004196730049581809,5.206284523027129e-06,3.045222968780768e-06,0.005716060679626707,7.682006507321827e-06,2.4715363653681638e-06,3.320102935439348e-05,1.3392676906365952e-06,0.016947880351935934,1.1491974027416529e-08,3.602736328750512e-05
3,3.2842701593528535e-06,3.7690880035479103e-06,3.7840654089592663e-08,5.191746814052807e-05,0.0016513970869226585,0.009586045222322783,2.0930301474336964e-06,1.0080129907080508e-05,0.9581725156822503,5.00715133697007e-05,0.0001441712354514642,1.1562607027103451e-07,2.2459532303693653e-09,7.674775491656752e-08,0.0003221811539471753,1.1737003700530904e-05,5.328065589355707e-06,0.00926283047461807,1.2789897485680709e-05,2.418756717854776e-06,4.787789464918756e-05,2.4082518987504645e-06,0.02062137194269285,2.1270115726359652e-08,3.545810147736869e-05
4,3.792446766811026e-06,4.091031081517402e-06,4.316423958043829e-08,5.829679966145872e-05,0.0018134781168102198,0.010668623012760635,2.3075891638605545e-06,1.1566123241146088e-05,0.9537964989611104,5.562487000973129e-05,0.00015105408417833772,1.270359015521389e-07,3.031892249527478e-09,8.991490773728329e-08,0.0003327974923399592,1.4179594064072344e-05,5.998702694747375e-06,0.011081062594386444,1.543684872202182e-05,2.9040307118506775e-06,5.1478940571044306e-05,2.501691651867031e-06,0.02189211990751871,2.6398109092596796e-08,3.5897617504970794e-05
5,3.7959278558929594e-06,5.0792865443366025e-06,3.477270797733647e-08,7.186635975879687e-05,0.0016950945168731078,0.012152966572233989,2.171680243363782e-06,1.1498374221508957e-05,0.9443893647591378,4.954707928451064e-05,0.00016704550032796642,1.231300044713645e-07,2.7430832425844853e-09,9.699011425686839e-08,0.0003900571149053965,1.4898761314843709e-05,6.146547832266367e-06,0.01584675703769473,1.6065982329830126e-05,2.998988675827328e-06,5.50806433478725e-05,2.8732484308578995e-06,0.025078619706556886,2.5616442916762977e-08,3.77886600773952e-05
6,3.2842701593528535e-06,3.7690880035479103e-06,3.7840654089592663e-08,5.191746814052807e-05,0.0016513970869226585,0.009586045222322783,2.0930301474336964e-06,1.0080129907080508e-05,0.9581725156822503,5.00715133697007e-05,0.0001441712354514642,1.1562607027103451e-07,2.2459532303693653e-09,7.674775491656752e-08,0.0003221811539471753,1.1737003700530904e-05,5.328065589355707e-06,0.00926283047461807,1.2789897485680709e-05,2.418756717854776e-06,4.787789464918756e-05,2.4082518987504645e-06,0.02062137194269285,2.1270115726359652e-08,3.545810147736869e-05
7,7.439792810073115e-06,2.8262297259375637e-06,8.831525266680536e-08,5.6076835641723166e-05,0.0019230191067302965,0.004797164852954318,2.666545150337465e-06,2.03791571235156e-05,0.9796734239624262,0.00011658253350071755,0.00019381547457546905,1.1991440789126982e-07,5.371863263523966e-09,7.067291446035302e-08,0.0002200063207071959,1.042313822454805e-05,6.437896621115543e-06,0.0037435009174881465,1.7235662949470975e-05,2.86325646976883e-06,2.222214085046636e-05,2.4684651726088596e-06,0.009146649625079653,2.568587989742324e-08,3.448812548051353e-05
8,5.814843390936071e-06,3.4971414940966756e-06,1.0474643729137446e-07,4.4797608926881796e-05,0.0019536247333279367,0.005996409746918317,2.898245806717482e-06,1.1144699068485225e-05,0.9570522660817017,0.00010350160831515176,0.00014428465041921786,1.5390125531676798e-07,3.4487933042194895e-09,1.2152175130708842e-07,0.0003025654256938863,9.063458230766289e-06,8.26995054947023e-06,0.003723920963690861,1.2326814583692102e-05,3.0094948754487584e-06,6.600558698590319e-05,2.2338111261706086e-06,0.030487340211428526,5.028370648025097e-08,6.65910215222252e-05
9,4.2964889821973726e-06,3.725638223243945e-06,4.654290410347457e-08,4.389587184336063e-05,0.0014319066316940887,0.005342170093026669,1.8710020235045536e-06,9.279181173351822e-06,0.9554923291868267,7.726908455428298e-05,0.00016376110972466626,1.0190097714534343e-07,1.978962187332936e-09,1.0274673977376914e-07,0.00039264312600229847,5.835338514609905e-06,5.227820039841941e-06,0.004776296797643162,8.860938644217965e-06,2.3857875931073367e-06,4.511693141784329e-05,1.813836040250964e-06,0.0321278323655092,2.957761821200032e-08,6.320002332180455e-05
10,3.2842701593528535e-06,3.7690880035479103e-06,3.7840654089592663e-08,5.191746814052807e-05,0.0016513970869226585,0.009586045222322783,2.0930301474336964e-06,1.0080129907080508e-05,0.9581725156822503,5.00715133697007e-05,0.0001441712354514642,1.1562607027103451e-07,2.2459532303693653e-09,7.674775491656752e-08,0.0003221811539471753,1.1737003700530904e-05,5.328065589355707e-06,0.00926283047461807,1.2789897485680709e-05,2.418756717854776e-06,4.787789464918756e-05,2.4082518987504645e-06,0.02062137194269285,2.1270115726359652e-08,3.545810147736869e-05
11,3.6465548614834085e-06,3.579346908523709e-06,4.0686023640502103e-08,5.276314055717572e-05,0.0016116205585418421,0.009669632668749534,2.265925182402774e-06,1.205065750133549e-05,0.9588092465409291,5.517227017794718e-05,0.00013915753240661337,1.2271040760922277e-07,2.8947905189604903e-09,7.647882983414845e-08,0.000305377288829206,1.3209209713733584e-05,5.8434487680295205e-06,0.009673893242197345,1.408674193061033e-05,2.607436926212199e-06,4.622867174592504e-05,2.4542867352217657e-06,0.01954398160192062,2.4713237041918725e-08,3.291539212849134e-05
12,4.236866512822998e-06,3.91288878084193e-06,5.447876291943658e-08,5.016480227793985e-05,0.00046419497972767705,0.005763337485973758,1.1216070485714448e-06,3.58391416067061e-05,0.9850692967252235,7.905210976066029e-05,0.00011580890970000018,1.0612136475027129e-07,2.6929717855725554e-09,1.7887060341288447e-08,0.0003107687420507367,1.115235306730578e-05,4.79039304636627e-06,0.0029787764845807885,1.939979830848358e-05,9.634157232635563e-07,2.2334939687078983e-05,5.0023813179767396e-06,0.005044423503130943,1.4202631783313411e-08,1.5227089683082021e-05
13,7.386230250217476e-06,2.881831950430915e-06,1.0925855001563456e-07,8.636946277299842e-05,0.00239303676142223,0.0022127006828146652,2.0885658080893186e-06,2.1220735275012117e-05,0.9452622554273513,8.069690232936798e-05,0.0017252526993103985,4.0199946010015897e-07,3.868035180045906e-09,4.991181718709061e-07,0.0014662690349890584,1.1477418933072134e-05,4.859977087381174e-06,0.011595110271394699,5.736621120357511e-06,8.146930500430742e-06,8.231741846927259e-05,1.593992722937907e-06,0.03497459927263411,1.19848342583226e-08,5.497353381241034e-05
14,3.2898795685878866e-06,3.7362412426957107e-06,3.778027043929647e-08,5.171815589274155e-05,0.0016410190976159204,0.009542421913663373,2.100985389355371e-06,1.0103293535269279e-05,0.9582991478556447,5.013409977531269e-05,0.000143292531029251,1.1583156047991219e-07,2.24189092459633e-09,7.653212822959248e-08,0.00032068666321627897,1.1708096642268798e-05,5.3427091199097806e-06,0.009195037443823129,1.2711899043977986e-05,2.407523434241366e-06,4.78331490126074e-05,2.405960140601968e-06,0.020619165849625695,2.1343816995668787e-08,3.548292291716747e-05
15,3.2842701593528535e-06,3.7690880035479103e-06,3.7840654089592663e-08,5.191746814052807e-05,0.0016513970869226585,0.009586045222322783,2.0930301474336964e-06,1.0080129907080508e-05,0.9581725156822503,5.00715133697007e-05,0.0001441712354514642,1.1562607027103451e-07,2.2459532303693653e-09,7.674775491656752e-08,0.0003221811539471753,1.1737003700530904e-05,5.328065589355707e-06,0.00926283047461807,1.2789897485680709e-05,2.418756717854776e-06,4.787789464918756e-05,2.4082518987504645e-06,0.02062137194269285,2.1270115726359652e-08,3.545810147736869e-05
16,4.788204223360788e-06,4.297182611826645e-06,7.001836503177788e-08,0.00011043299367942928,0.002376517390721699,0.016603687979608664,3.820587142130407e-06,1.6585376528990575e-05,0.9115131488011823,6.669762696364577e-05,0.0003013125744237681,2.963353467577256e-07,5.123173385217548e-09,2.0209926294194043e-07,0.0005892099573230922,3.629008706110402e-05,8.830757190872067e-06,0.03013304706095426,1.8404933180208422e-05,6.265038210053258e-06,0.00013488433413593126,3.4216999893717476e-06,0.038032265644463256,3.777056574470203e-08,3.548042369235169e-05
17,3.695715345559028e-06,3.6109507081760013e-06,4.0326763054135644e-08,5.4904179580418964e-05,0.0017717047438498624,0.008579882020676548,2.4965379974311273e-06,1.0464525218328064e-05,0.9590991014136233,4.9599895475736664e-05,0.0001573524637640783,1.351264424203576e-07,2.3632689251638226e-09,9.164568939276682e-08,0.0003155143558794534,1.170642838035608e-05,5.8283531164019e-06,0.00881089538117358,1.1438594596070649e-05,2.5402231342596157e-06,4.8840611434540104e-05,2.5189066011097126e-06,0.021017025560976177,2.2176244663435523e-08,4.0587500060188715e-05
18,3.3822863510783725e-06,3.845427904467481e-06,3.7154736895788276e-08,5.14854521465075e-05,0.0016632348197462537,0.009365739540155859,2.133343250024069e-06,9.868520725245107e-06,0.9581139680782842,4.982338189638165e-05,0.00014521435112613398,1.1445654529962738e-07,2.2022699968571034e-09,7.855293723727835e-08,0.00032003342647355076,1.1258529940078153e-05,5.598043903501777e-06,0.009232195331631391,1.2786261728618732e-05,2.3984621748765603e-06,4.7196406315416554e-05,2.471808946791203e-06,0.02091924958183306,2.1619779243035825e-08,3.78629591979509e-05
19,3.1743965314923356e-06,2.0310431705511053e-06,5.16717433148603e-08,4.4168942497406896e-05,0.0014209158629249216,0.009150335848707338,3.222121478386922e-06,1.4422638995493964e-05,0.972764387886197,9.011923626394375e-05,9.353722944342315e-05,1.5685919896425335e-07,3.286773361163521e-09,4.516438735090155e-08,0.00017631625807993588,1.1389385002340771e-05,5.876625756787499e-06,0.004073889608609648,1.0103196997023377e-05,2.2715998491880063e-06,3.412491418133626e-05,2.7990314123227693e-06,0.012066509028655758,2.740629699082024e-08,3.0120756845502597e-05
20,2.542654597658617e-06,8.161063216100837e-06,3.7113902799234275e-08,6.345989771464637e-05,0.0011328191946337093,0.011518058902328324,1.7437416445101101e-06,1.8216719151099934e-05,0.9513540697712486,4.319386272925214e-05,0.00021189239873653767,2.166537064056558e-07,1.9882101801629236e-09,8.877180164192224e-08,0.0008613732170342031,1.3191677591475667e-05,4.834313548398267e-06,0.014101927494472035,1.2853999195306053e-05,2.4066516101007433e-06,7.323427158962672e-05,4.938668141243411e-06,0.02053262526258247,1.9355094981469024e-08,3.8092355518701034e-05
21,4.625731661818262e-06,4.0869573636361205e-06,4.806699214102108e-08,0.00010868172985498106,0.0020745544691018157,0.009696868399052105,2.227655640200687e-06,1.1014677251800415e-05,0.9431533447386184,4.993942958855059e-05,0.00034732859817160203,1.93979188740157e-07,2.859221410505693e-09,1.7626025733096883e-07,0.0005029153723008399,2.0530873672121047e-05,4.738049748153796e-06,0.016877689813725776,1.245557207523769e-05,4.182277496989559e-06,6.772878078461638e-05,2.3959396255735085e-06,0.027018595964482743,1.661019279243923e-08,3.565719393041368e-05
22,1.1898588597351168e-06,5.935027167937535e-06,9.878737313418288e-09,1.1031152458036228e-05,0.0009174236289668116,0.011241464969332683,1.2984377524753022e-06,6.2276828495938095e-06,0.9792063273663815,1.3735455640175585e-05,1.1075595489045545e-05,4.9530405872998465e-08,7.169008356745807e-10,2.301285505336874e-08,0.0001551348564004343,3.4463931694786234e-06,8.283711536084191e-07,0.0015978853214755815,9.38262818774123e-06,3.036198305140387e-07,9.398907493283094e-06,1.2826964856198166e-06,0.006776231331092614,2.007870075575457e-08,3.029348221336186e-05
23,3.2842701593528535e-06,3.7690880035479103e-06,3.7840654089592663e-08,5.191746814052807e-05,0.0016513970869226585,0.009586045222322783,2.0930301474336964e-06,1.0080129907080508e-05,0.9581725156822503,5.00715133697007e-05,0.0001441712354514642,1.1562607027103451e-07,2.2459532303693653e-09,7.674775491656752e-08,0.0003221811539471753,1.1737003700530904e-05,5.328065589355707e-06,0.00926283047461807,1.2789897485680709e-05,2.418756717854776e-06,4.787789464918756e-05,2.4082518987504645e-06,0.02062137194269285,2.1270115726359652e-08,3.545810147736869e-05
24,4.557193212477774e-06,5.226309727392162e-06,4.2301060984107484e-08,8.822785791007936e-05,0.0024811449038433593,0.010271879156749332,2.2802738158222763e-06,1.0422341005301986e-05,0.9529132845608222,5.201185330694717e-05,0.00021475945023739491,1.437563701124167e-07,3.121599599403828e-09,1.2321337102708563e-07,0.00033146770020017963,1.4376127577222064e-05,5.788143824464139e-06,0.012817384754011025,1.5107434215457484e-05,3.4138822932517425e-06,4.61068144716958e-05,2.8406810623977623e-06,0.020675943124844352,2.0913761945523415e-08,4.3444130706235914e-05
25,6.815713324407816e-06,2.341537258485641e-06,6.106187696187804e-08,8.468181220178982e-05,0.001955411843886475,0.004535860504456795,4.0275523363603965e-06,2.371216003929342e-05,0.9617957446931211,8.579359841563436e-05,0.00045652463178379903,2.5584159068730206e-07,5.199455701559125e-09,1.7602625023573573e-07,0.00043593307835855587,1.3682530246095001e-05,7.617633607609068e-06,0.010507865325360534,8.129586389195038e-06,5.330554585540256e-06,4.2144869808557186e-05,2.5124079242223066e-06,0.019980901032042763,2.247952044921803e-08,4.4448326158933194e-05
26,6.294546015446506e-06,2.2970500689480485e-05,3.822164296672263e-07,0.0006089338544446806,0.007023097525463921,0.027129959383842755,9.878790273305272e-06,7.541642862343899e-05,0.9127913443197984,0.00015259215197658914,0.003601583260844043,6.732743347274535e-06,8.28191512465151e-09,1.4586271945729852e-06,0.005432732154502616,9.265180460157641e-05,6.745100668917713e-06,0.02538979886974533,2.0118690833608834e-05,1.5093619930541129e-05,0.000311459105534363,2.8904727475561683e-05,0.01716693919800023,2.2883128583012667e-08,0.00010488121471990184
27,2.2974560743109243e-06,4.5481629479944526e-06,2.1540939038552878e-08,4.080939992877719e-05,0.0010345688047715231,0.007116787069746806,1.287538155923745e-06,9.332780026778176e-06,0.9737523759042657,3.433738355740167e-05,0.00011322871094554485,8.454800339713395e-08,1.1687138021448954e-09,4.418806700443343e-08,0.0003113175740926532,6.547895082141825e-06,3.27022981932228e-06,0.005397126156506981,9.473711133504268e-06,1.239118394735612e-06,2.465676651064801e-05,2.609170523612634e-06,0.012099649314449375,1.1281197839585663e-08,3.4374126145455924e-05
28,3.2842701593528535e-06,3.7690880035479103e-06,3.7840654089592663e-08,5.191746814052807e-05,0.0016513970869226585,0.009586045222322783,2.0930301474336964e-06,1.0080129907080508e-05,0.9581725156822503,5.00715133697007e-05,0.0001441712354514642,1.1562607027103451e-07,2.2459532303693653e-09,7.674775491656752e-08,0.0003221811539471753,1.1737003700530904e-05,5.328065589355707e-06,0.00926283047461807,1.2789897485680709e-05,2.418756717854776e-06,4.787789464918756e-05,2.4082518987504645e-06,0.02062137194269285,2.1270115726359652e-08,3.545810147736869e-05
29,3.2842701593528535e-06,3.7690880035479103e-06,3.7840654089592663e-08,5.191746814052807e-05,0.0016513970869226585,0.009586045222322783,2.0930301474336964e-06,1.0080129907080508e-05,0.9581725156822503,5.00715133697007e-05,0.0001441712354514642,1.1562607027103451e-07,2.2459532303693653e-09,7.674775491656752e-08,0.0003221811539471753,1.1737003700530904e-05,5.328065589355707e-06,0.00926283047461807,1.2789897485680709e-05,2.418756717854776e-06,4.787789464918756e-05,2.4082518987504645e-06,0.02062137194269285,2.1270115726359652e-08,3.545810147736869e-05
30,3.2842701593528535e-06,3.7690880035479103e-06,3.7840654089592663e-08,5.191746814052807e-05,0.0016513970869226585,0.009586045222322783,2.0930301474336964e-06,1.0080129907080508e-05,0.9581725156822503,5.00715133697007e-05,0.0001441712354514642,1.1562607027103451e-07,2.2459532303693653e-09,7.674775491656752e-08,0.0003221811539471753,1.1737003700530904e-05,5.328065589355707e-06,0.00926283047461807,1.2789897485680709e-05,2.418756717854776e-06,4.787789464918756e-05,2.4082518987504645e-06,0.02062137194269285,2.1270115726359652e-08,3.545810147736869e-05
31,2.6241048497104655e-06,3.566327529447828e-06,2.7553028143187003e-08,5.360989212496447e-05,0.0019729188952629477,0.011814533260809806,2.3619119363689954e-06,5.5999788620247405e-06,0.9501796721411687,5.044534408869024e-05,0.0001499993949915746,1.017869178653157e-07,1.4258557118207697e-09,8.889819945029669e-08,0.0003017846840109918,9.710239629654998e-06,4.916543750481634e-06,0.009172371746944099,1.0384853709078832e-05,2.2905732698200347e-06,4.705674593113952e-05,2.316295944122709e-06,0.02616654303154468,1.879916871504864e-08,4.705557047148512e-05
32,3.568103441738086e-06,4.458335288792164e-06,3.9946546249464386e-08,5.200116917259183e-05,0.0016971954487150517,0.010316386858097812,1.9497708175511113e-06,1.0381847503291664e-05,0.9572046814041074,4.9506014673381396e-05,0.00013767319056879525,1.1000492634078026e-07,2.4900532115400756e-09,7.632146660908671e-08,0.00032515874267913643,1.2677204585212048e-05,5.6724926888446766e-06,0.010129200744554343,1.6313920780610915e-05,2.359316208773319e-06,4.788977287380672e-05,2.5722891747104343e-06,0.01994524252878417,2.325726229223922e-08,3.4858825029397994e-05
33,6.11395594724249e-06,6.394475519476062e-06,5.133981182480378e-08,9.404404166034504e-05,0.0021498809286015037,0.02453016220107113,4.462197830300984e-06,1.8846803572097744e-05,0.9209485926320004,6.899901094452397e-05,0.00010288607270317386,1.953911572803361e-07,7.4500918966290786e-09,1.0779973129784389e-07,0.00026707746535899597,3.8084503858672236e-05,1.5421672226783265e-05,0.027998070367624854,4.2982200164183496e-05,3.7030618458177147e-06,7.057258828882473e-05,5.949143008847074e-06,0.023590297073190648,7.878319442961137e-08,3.701884059538305e-05
34,1.651821051802508e-06,4.233491326104802e-06,3.099646456669676e-08,5.3425819208669654e-05,0.0014337877274010788,0.0175506902745588,2.9750471919090714e-06,9.438245875847065e-06,0.9420578383245186,5.097929882288839e-05,0.000109301666252375,1.656606179282002e-07,1.7855953516439798e-09,6.763055400350176e-08,0.000372659830885933,1.350947693094694e-05,5.565540507200732e-06,0.010754176959264759,9.63971503060601e-06,2.5314760208609125e-06,6.998349767025128e-05,3.529510515436419e-06,0.02745170574541683,2.701550963473763e-08,4.2083442807493286e-05
35,1.5739385079051169e-06,2.792911325909616e-06,2.442657883027448e-07,8.497997620538722e-05,0.010008469476252342,0.06611967338396471,1.492257955529136e-05,1.7433203152128526e-06,0.24339157128736227,0.00019185249797985324,0.00041619116192761487,9.606867353096477e-07,6.0877644379495094e-09,2.870926645530244e-06,0.0010351182935181972,5.2508574180014894e-05,1.8592961222483598e-05,0.06505843645892581,1.1704760534869813e-05,4.27661506776516e-05,0.0021470716903536063,1.748127634791762e-06,0.6112501735667859,3.56351460137166e-07,0.0001436705643764092
36,3.9685558597802415e-06,3.869364416779536e-06,3.434157895230245e-08,6.443245855233907e-05,0.001313878706923366,0.009183285424182503,3.4368168920295574e-06,1.729611864985492e-05,0.9586902996403224,4.902409142344635e-05,0.00017510173355232627,2.437427507889428e-07,2.808308181304619e-09,1.0031370676913297e-07,0.000372741682915096,1.5151945240379507e-05,8.467524368852488e-06,0.012437957028122818,1.1862215033334096e-05,2.4979552500942203e-06,4.731791562757727e-05,4.756194620518182e-06,0.017548656968191415,2.4997597875363775e-08,4.559145591272952e-05
37,1.111298088074022e-05,5.590743362606063e-06,9.59285032943857e-08,0.0001083883525451074,0.003882093907742856,0.0159899439716696,6.666876933519237e-06,1.0833635320244092e-05,0.8755025858207514,7.794490837304304e-05,0.0002556058751059537,2.6949525954580837e-07,7.169037110984411e-09,4.772879374229549e-07,0.0004614123593087881,3.671782055115111e-05,1.7437022568741464e-05,0.031774013741132964,3.017299382651163e-05,6.801794543594891e-06,0.0001609721064531465,3.3604742239627326e-06,0.07157780802307083,1.0731248991690404e-07,7.957939840792345e-05
38,2.6702036844854156e-06,4.737452317450663e-06,4.445945509568301e-08,6.955469769004393e-05,0.0015187617897797106,0.024298155254255216,3.0310477993024947e-06,1.1267544050880299e-05,0.9186609567261275,5.264138358633141e-05,0.00013963903894585056,1.8786905803172996e-07,3.0952256828690773e-09,8.92859256324195e-08,0.0004841308359926496,3.0097100094249658e-05,5.999592400269349e-06,0.020890883873356372,1.9905468933813374e-05,2.909085067997841e-06,0.00010915032697212864,3.5519358788018778e-06,0.033664890355021355,3.5411348766946786e-08,2.670616703237089e-05
39,2.9746558927999144e-06,4.022618796234567e-06,4.1136809892981085e-08,5.0530439271356654e-05,0.0015594688985567883,0.011573509799878123,2.0625993741753113e-06,1.1017034459412013e-05,0.9555956627656639,4.6384585460675344e-05,0.00011978780893993705,1.2464232703812316e-07,2.3478773263506486e-09,6.591362528768963e-08,0.0003215864548568125,1.41896721220224e-05,5.77894813389054e-06,0.010011558375007383,1.4481233455318842e-05,2.3370398437346825e-06,5.996882154908264e-05,2.701838611437971e-06,0.0205706809863823,2.331531998756162e-08,3.103806778514526e-05
40,6.109193400444399e-06,6.972393543297621e-06,1.0536044917818394e-07,4.8339409807999085e-05,0.005610454489167034,0.006175731679883517,2.9860297657933117e-06,8.082805100340775e-06,0.955786127618523,4.3237018327886144e-05,0.00030966651213724553,2.467368616505614e-07,2.8868917969405678e-09,3.237165975790293e-07,0.0005001908815488643,1.0162717303368968e-05,6.348938044668593e-06,0.007556027089231208,1.541749941518118e-05,3.720766731379234e-06,7.322784237762751e-05,2.5257363032860188e-06,0.02374274063431642,2.4478550913745255e-08,9.122756572046238e-05
41,3.091772623195174e-06,3.7821511574493016e-06,3.2959936065264125e-08,5.155925486638865e-05,0.0016904201183190078,0.008571320160103325,1.6031132046124865e-06,9.992521577164144e-06,0.9634049106995961,4.403107422627626e-05,0.0001466616410163277,9.302444563014966e-08,2.151706221009993e-09,6.933432441874734e-08,0.00031274125619265645,1.111492973176379e-05,3.969952551104651e-06,0.009135167191420336,1.2855301165129754e-05,2.2468121019505323e-06,3.717474641757886e-05,1.9543691120652995e-06,0.016527206798993856,1.584642281368091e-08,2.7982818788510592e-05
42,2.2119420646406793e-06,5.6888731957631624e-06,4.071671055958004e-08,5.166044817071038e-05,0.0006695634730851598,0.012386596414015178,1.0616075300243625e-06,2.2198357410099495e-05,0.9749702097533728,3.121588533702961e-05,5.615657260504235e-05,1.032547587897063e-07,2.016790057659612e-09,1.4600662566542598e-08,0.00021403259618979628,1.92210825947106e-05,5.1245245875123145e-06,0.0056739203845949495,2.3410067787309116e-05,9.373158918444684e-07,3.786604618309348e-05,5.658046375600789e-06,0.005811260577541457,1.3731097617304908e-08,1.1831711447788662e-05
43,3.8081843409190754e-06,4.6661978089526435e-06,3.3071903254317313e-08,5.525199497892197e-05,0.0018030282532684105,0.007339439600993632,2.1360060431752752e-06,8.791638077549847e-06,0.9591266668863763,4.031248829024293e-05,0.00020348579472280798,1.2418772741093572e-07,1.8988225412145754e-09,1.194655953495104e-07,0.0003854451874336101,9.5892201717702e-06,4.5762180736762865e-06,0.009529756531216937,1.1274856261201045e-05,2.3278805279746583e-06,3.594923443944773e-05,2.3376615107618757e-06,0.021379512142960314,1.7714918157150136e-08,5.1347683536477096e-05
44,3.2842701593528535e-06,3.7690880035479103e-06,3.7840654089592663e-08,5.191746814052807e-05,0.0016513970869226585,0.009586045222322783,2.0930301474336964e-06,1.0080129907080508e-05,0.9581725156822503,5.00715133697007e-05,0.0001441712354514642,1.1562607027103451e-07,2.2459532303693653e-09,7.674775491656752e-08,0.0003221811539471753,1.1737003700530904e-05,5.328065589355707e-06,0.00926283047461807,1.2789897485680709e-05,2.418756717854776e-06,4.787789464918756e-05,2.4082518987504645e-06,0.02062137194269285,2.1270115726359652e-08,3.545810147736869e-05
45,3.025310319812948e-06,3.4531097910902087e-06,3.7234736078389555e-08,4.990090467843084e-05,0.0012589215927035532,0.010859099143686908,2.531988236755174e-06,1.839246157530154e-05,0.9614542350211378,5.521385231362287e-05,0.00012069588962009444,1.39778561152084e-07,3.215491670260747e-09,6.089765689702617e-08,0.0003572370207401631,1.6643064480647723e-05,5.007311750268427e-06,0.010784664230344994,1.4638494618672024e-05,2.3384654444841896e-06,4.322709147451582e-05,2.848682958599264e-06,0.01492424271980408,2.5687438373049828e-08,2.3416830436060416e-05
46,1.0125786936420445e-05,2.7803291593555254e-06,7.353386489771684e-08,0.00010228851847267717,0.0016040375192884042,0.013377566037589595,5.624746263774193e-06,1.8406996580050433e-05,0.9570377906494363,0.00010601036891735138,0.00011811989990302368,2.3720353938052868e-07,6.405814493282961e-09,5.714255910712241e-08,0.00011669536842109561,2.3453548171153554e-05,3.923114843981654e-05,0.008837026357910593,2.2528796684554182e-05,3.1750892598007816e-06,7.628433431201869e-05,8.820999228233481e-06,0.01844188011618312,5.7491049026110433e-08,4.772161201577847e-05
47,9.241669921785035e-06,3.7308182716969428e-06,7.506360349391147e-08,0.00010034853659924808,0.0013966519946063502,0.012620309097348478,4.238753191350186e-06,2.1967244681258336e-05,0.9584583317078395,6.6764141315601e-05,0.0001050712037510316,2.3837502344907897e-07,6.638806728889475e-09,7.412450310722162e-08,0.0001793273864016044,3.5375899390329484e-05,1.3826463653347516e-05,0.010283954040444182,2.6965472744066153e-05,2.4875328854341007e-06,6.179586536947492e-05,5.585569080974587e-06,0.016573906728825787,5.2925334955421215e-08,2.967274640667106e-05
48,5.088379305086379e-06,4.50242976596071e-06,4.130083152951217e-08,3.905472649616647e-05,0.0012949193223160574,0.017439949827251174,3.1853774395998586e-06,1.7886789234100316e-05,0.9520556828436859,8.120061703627661e-05,5.0980067096710664e-05,1.0252844214337461e-07,4.876743879500444e-09,4.3627340273185576e-08,0.0001908795274813959,1.7258215521406866e-05,1.6364929227834003e-05,0.011298798494194302,3.79832550545346e-05,1.9736199905026166e-06,4.7067561319280196e-05,4.745925876573801e-06,0.01735685728565089,8.113066572030597e-08,3.534734203252851e-05
49,2.4133611582694124e-06,4.217308155544494e-06,4.4354098570319274e-08,5.005804074009879e-05,0.0014367894428717757,0.012200358642014197,2.076714054610113e-06,1.1635217387582368e-05,0.9649020166754098,5.009236627674711e-05,0.00010149952073376131,1.439940024952899e-07,2.2305993778392167e-09,4.457194350819204e-08,0.00026182498138069504,1.2498034786984533e-05,5.417444503454204e-06,0.00665026492398827,1.3018335697345935e-05,2.1058496117234736e-06,4.9427096665830843e-05,3.6642930853272597e-06,0.014210518335320775,2.021549461498424e-08,2.984805001891857e-05
50,7.717529885848387e-06,1.9430099114416696e-06,6.440500691683226e-08,5.776667091297739e-05,0.001880864728439586,0.006400071097404807,5.56612507912516e-06,2.1343276773224882e-05,0.9662805585081184,0.00013121909821882846,0.00018567647795138438,1.807408713574702e-07,5.953097772451407e-09,1.2327630052012357e-07,0.00024912062947544565,1.340009083507596e-05,9.51337395998576e-06,0.006856784737253503,1.2922157758820392e-05,3.8529541696472216e-06,3.231208452345929e-05,2.4987158286410317e-06,0.01779815087097756,4.943075132889522e-08,4.8294056494234416e-05
51,4.590212988962778e-06,1.5453942827787956e-06,6.063523174513862e-08,3.0718173604043846e-05,0.002646473022416875,0.00993659913161624,4.1515094469683125e-06,8.016389828371914e-06,0.9478704068077908,8.045135182529399e-05,0.00010514612101279826,1.212002820557877e-07,3.7286777048416135e-09,1.0186520450541461e-07,0.00018950566953811646,1.5039705920461383e-05,9.438410432434343e-06,0.008550231720352979,1.4918787936928354e-05,3.3345616581281195e-06,6.5171446565919e-05,1.4479843911519035e-06,0.030425438896551953,4.890600580505014e-08,3.7038366437067627e-05
52,3.854423304822241e-06,5.554078134864854e-06,6.79111292064868e-08,3.6776779249211383e-05,0.0022242864246243476,0.006567108461322069,4.067920650547435e-06,5.317007787733365e-06,0.9481923264970903,2.5406846423049296e-05,0.00011137005769671294,1.5104890775129946e-07,1.3909443185616613e-09,1.0997311322531687e-07,0.0002416329367064583,9.368782891119852e-06,1.2296757667609075e-05,0.00459349427546535,9.681535934475383e-06,1.588374645298407e-06,9.683344083240143e-05,3.5100883796833827e-06,0.03775278920399553,3.2920293015281365e-08,0.00010237286281099599
53,2.7183665221957476e-06,1.8665017671892648e-06,4.8078186984386905e-08,6.720625454632046e-05,0.002250525750475209,0.01090612486926207,6.064998630036284e-06,7.468233795573076e-06,0.9094362159986986,6.257521690842167e-05,0.0002551086813535624,2.5176993698555477e-07,2.475743708519696e-09,1.9352763346825337e-07,0.00040828806704428725,1.697932488420652e-05,6.766064999591872e-06,0.01442985079966236,5.2404433280461306e-06,5.522584338825264e-06,0.00011749719150530333,1.922812807622736e-06,0.06195718051844567,3.195986832382177e-08,5.4349509655433e-05
54,2.497564409068688e-06,9.80296165564656e-06,1.955239581504832e-08,4.5950328377865344e-05,0.001167611562524015,0.008835981360185449,1.6163929490632372e-06,7.644028599120383e-06,0.9695775622224438,2.7577056678326722e-05,0.00011674990246390499,1.0038067699163535e-07,8.613989503874788e-10,7.443994729141669e-08,0.00046436084175976674,6.265234177476698e-06,3.0205758592629823e-06,0.005561812098777467,1.1366470459662791e-05,9.530219513133385e-07,2.56223095278416e-05,3.877847403711422e-06,0.014062795489978783,1.4116801413891017e-08,6.672337859781756e-05
55,3.6152638931758565e-06,6.7702143336030275e-06,5.289653053249287e-08,6.173936215731351e-05,0.001969920272885583,0.010504906915188432,1.3531211345663915e-06,5.8653983467727155e-06,0.9453891709664839,6.674202723078095e-05,0.00019963112844851742,5.0289398767068903e-08,1.4592695711767422e-09,6.773538650817596e-08,0.0004109728539385679,8.108269952362675e-06,6.819776107183454e-06,0.007507973832698669,1.8726962053140995e-05,2.3306762436303546e-06,7.230618788024085e-05,2.4408852360452417e-06,0.03371322534051507,2.1257767249876724e-08,4.7186906919691566e-05
56,3.5230967963202505e-06,3.6645874021652763e-06,4.01497295643809e-08,5.474623950884248e-05,0.0016581333824584707,0.010145358401090897,2.2396387641488005e-06,1.1630467026921722e-05,0.9574176749166885,5.4141787984771775e-05,0.0001404489856074667,1.236594314987093e-07,2.8046756237763692e-09,7.763176622768853e-08,0.00031001633599970954,1.3292968360897268e-05,5.7057659364610245e-06,0.009999854199669292,1.387718346138458e-05,2.6732892481212666e-06,4.8185773417512306e-05,2.455542333277514e-06,0.02007873039106938,2.40445753666832e-08,3.337875699698468e-05
57,3.2022553512812265e-06,2.543501689319536e-06,9.165896880719685e-08,3.631028892084367e-05,0.00246929752405245,0.009757521722918073,2.814091137129971e-06,1.2338363525063234e-05,0.966838544850286,6.956030130701134e-05,0.00010586828726275736,1.8122830725968602e-07,3.9248349773574105e-09,6.530842405041367e-08,0.00021182931821699658,1.6215111083885566e-05,7.186503583735131e-06,0.005492688225050571,1.4978919558734777e-05,3.2067267987502647e-06,6.477421080026327e-05,2.3851321397184725e-06,0.014859985794421687,2.9589170192288727e-08,2.8377162190182288e-05
58,3.926709302784295e-06,4.01193445563134e-06,4.371793890809187e-08,5.044595779964271e-05,0.0017764089001940403,0.012007009766388237,2.6433434957732162e-06,1.2024901191674508e-05,0.9509834927333406,6.265861824482209e-05,0.00011605911840562245,1.2850279103463476e-07,3.326962091944375e-09,8.424101001611369e-08,0.00030712755258064094,1.4504934161685725e-05,7.150360547452707e-06,0.011128240514862959,1.7503097619060152e-05,2.780406714532298e-06,5.474751085691791e-05,2.7108706892990285e-06,0.02340904733033662,3.7360196936835064e-08,3.720828991313483e-05
59,3.8855086135346516e-06,3.7924432538107283e-06,5.164827492798729e-08,5.148440713050145e-05,0.0018616440477521113,0.011077937855819453,2.6640025578707483e-06,1.2151690215205214e-05,0.9528266834209963,6.316876757619022e-05,0.0001257966649774236,1.3346928962391418e-07,3.392905123257239e-09,8.388307020986383e-08,0.00030178196995634136,1.4646623026505503e-05,7.194983077446575e-06,0.010139778042600436,1.6216266735231123e-05,3.0453873942639845e-06,5.9186352318232394e-05,2.6083817801555287e-06,0.02338950675567997,3.5071860947230254e-08,3.651896313802258e-05
60,3.2842701593528535e-06,3.7690880035479103e-06,3.7840654089592663e-08,5.191746814052807e-05,0.0016513970869226585,0.009586045222322783,2.0930301474336964e-06,1.0080129907080508e-05,0.9581725156822503,5.00715133697007e-05,0.0001441712354514642,1.1562607027103451e-07,2.2459532303693653e-09,7.674775491656752e-08,0.0003221811539471753,1.1737003700530904e-05,5.328065589355707e-06,0.00926283047461807,1.2789897485680709e-05,2.418756717854776e-06,4.787789464918756e-05,2.4082518987504645e-06,0.02062137194269285,2.1270115726359652e-08,3.545810147736869e-05
61,3.772795298937556e-06,3.769799340004041e-06,4.954358704075612e-08,4.7323191294401544e-05,0.0018624521487124004,0.010267412475095395,2.497441764789035e-06,1.0781637543900052e-05,0.9553607808035637,5.813346109797471e-05,0.0001281966130320206,1.2742014440651428e-07,2.8876280408688348e-09,8.440268784377341e-08,0.00030571562341973876,1.3262915223478444e-05,6.635485349376079e-06,0.009094238210746687,1.5384561852542197e-05,2.684057885023889e-06,5.677462267909477e-05,2.4825201514247335e-06,0.022719580918027123,3.080586911800884e-08,3.7825658005622074e-05
62,3.2842701593528535e-06,3.7690880035479103e-06,3.7840654089592663e-08,5.191746814052807e-05,0.0016513970869226585,0.009586045222322783,2.0930301474336964e-06,1.0080129907080508e-05,0.9581725156822503,5.00715133697007e-05,0.0001441712354514642,1.1562607027103451e-07,2.2459532303693653e-09,7.674775491656752e-08,0.0003221811539471753,1.1737003700530904e-05,5.328065589355707e-06,0.00926283047461807,1.2789897485680709e-05,2.418756717854776e-06,4.787789464918756e-05,2.4082518987504645e-06,0.02062137194269285,2.1270115726359652e-08,3.545810147736869e-05
63,3.0494451425532087e-06,5.122284234236117e-06,3.372163250727601e-08,5.068558621007042e-05,0.0015416960507386355,0.009733732274935248,1.7237201030528746e-06,9.407788238834857e-06,0.9591635484635996,4.167306999316823e-05,0.00013896273526218636,1.0221482331957018e-07,1.8992371817043506e-09,7.12975271685986e-08,0.0003585778483946354,1.0588475733155334e-05,4.853803422000063e-06,0.009302559695544207,1.3942805121598266e-05,2.0407858692134657e-06,4.523856247560645e-05,2.6528615307427806e-06,0.019532480373772962,1.894318766519316e-08,3.7235293270369786e-05
64,3.279633885676333e-06,3.960540917008906e-06,5.580542919483553e-08,5.220819694258794e-05,0.0018915592113497779,0.011197790348889007,2.267744239386897e-06,9.310741217350471e-06,0.9490698960569667,5.1376396087131874e-05,0.00014385991504969867,1.4315165595216737e-07,2.4252950411279817e-09,8.568377704106044e-08,0.0003456667644516666,1.442190613291045e-05,6.765089094972213e-06,0.009423282061394426,1.3516797189893651e-05,2.8232099124600743e-06,8.732362082768908e-05,2.5926900308400236e-06,0.027640627963703247,2.613212189847549e-08,3.715791343856031e-05
65,3.6219707453875683e-06,2.8102240465919714e-06,3.728210034337057e-08,5.0320270847048754e-05,0.0014472232451381872,0.00692964355261169,1.784826730655643e-06,1.2034650488101115e-05,0.970737234718649,5.716022454684272e-05,0.00015962524968994536,1.0366107891414187e-07,2.4197681676540406e-09,6.103826697602212e-08,0.00027060451171650405,1.061126886238584e-05,4.396411664743552e-06,0.006721011159452949,1.1836889925488452e-05,2.1149981498732076e-06,3.0077237550632895e-05,2.0807694407187775e-06,0.013519157778618788,1.571335212085731e-08,2.6429926558008257e-05
66,8.06207920304937e-06,6.337035150908225e-07,2.207629016621895e-07,3.724027349421247e-05,0.006977869733543075,0.007876932774973477,7.296915152905244e-06,1.0502179494701604e-05,0.965202365892772,0.00016057218130103229,0.0001017012614429728,1.2659794285009434e-07,1.4355549983309007e-08,8.080757102074738e-08,5.552552226003248e-05,2.3320336053867253e-05,1.3013483216644431e-05,0.004052475385542114,1.7764716303439152e-05,7.446410807454289e-06,5.561896571173113e-05,9.23957982851291e-07,0.015369281265160423,5.832531250336965e-08,2.095211279100452e-05
67,4.015375333069563e-06,2.663773383533947e-06,4.303265468366744e-08,4.584230305212839e-05,0.0017462027268345271,0.00595279379128431,1.9171805303350065e-06,1.2430820406896592e-05,0.9731238335428287,5.554752549912872e-05,0.00015843133319151905,1.0730928269141019e-07,2.497421016240724e-09,6.843628286042756e-08,0.00026703414839004285,1.038188142279804e-05,4.336232341119106e-06,0.006066609690085573,1.1616314535248592e-05,2.1252695138808114e-06,3.1320412592538495e-05,1.9026409196624934e-06,0.012474332927686528,1.5989313104414812e-08,2.6424845213890654e-05
68,1.078161084777143e-06,5.723689202595017e-06,5.2525052705001284e-08,4.812377162077003e-05,0.0016858789982506534,0.04301683611544882,3.4148032864543715e-06,1.907401626298837e-05,0.8936124898026198,5.265923039250109e-05,0.0001136824391952345,5.092045403478904e-07,2.683501994647762e-09,7.600505992951119e-08,0.0008977839497253996,2.2665577355215076e-05,6.210658595339366e-06,0.02429341420291487,1.0634479573732771e-05,4.9494273074135e-06,0.00027966468002601027,5.496784590649438e-06,0.035885228678016,3.9222054665791305e-08,3.431089432117932e-05
69,4.561954514456801e-06,4.142402691059162e-06,5.021138299148422e-08,5.4569179227678806e-05,0.0019115700621781832,0.012020824212430998,2.9663971804156687e-06,1.2739214521721661e-05,0.9572338359952998,5.935411159054397e-05,0.00010711936349574264,1.4088005050698887e-07,3.461982482794721e-09,8.947137656723138e-08,0.0002722039853575832,1.7852666819685133e-05,6.978079128730209e-06,0.009371265399177788,2.050107195273495e-05,2.3502358168543126e-06,4.9902752325068593e-05,2.924610441137036e-06,0.018808408035246197,3.817220165460436e-08,3.5608073609468735e-05
70,3.43584773635764e-06,3.856205781643044e-06,3.818670343169825e-08,5.100610920198227e-05,0.0016817384755600582,0.009514061627056683,2.12090315277908e-06,1.022443024895813e-05,0.9575025362599712,5.08281138367206e-05,0.00014497923780749892,1.1606437097904595e-07,2.3074877893910165e-09,7.97281251239021e-08,0.00032847656460927884,1.1654149603773269e-05,5.616988070297836e-06,0.009528297916188349,1.3329275760095547e-05,2.436256400320756e-06,4.8580550702690236e-05,2.4451789961977457e-06,0.02105735297399316,2.2405386275714424e-08,3.6764243248523926e-05
71,2.742580598303267e-06,2.284958263652395e-05,4.93940418357902e-08,8.319795171884983e-05,0.0017500503854247112,0.015709028636303874,5.65413336379354e-07,7.902962557258066e-06,0.9201015266370505,2.441190592667229e-05,0.00033074667735464143,1.546283709344077e-07,1.2625005102996633e-09,1.3213073011903815e-07,0.0013930096626001262,1.6158958815030556e-05,4.037122641893915e-06,0.025416717665673876,3.0319885909200642e-05,2.1363094871749127e-06,0.00013670979068935337,4.407232467149623e-06,0.03491988276834198,1.1936635682892677e-08,4.324851818753025e-05
