,0,1,2,3,4,5,6,7,8,9,10,11,12,13,14,15,16,17,18,19,20,21,22,23,24
0,0.14889933693089966,5.393587701236985e-06,4.8524290931210524e-05,0.00016724305846966522,0.00017610300204875737,1.2699927537475324e-07,6.838332458115037e-06,6.836541448061221e-06,0.0035122128186612636,0.0004446386342401954,3.734061544473568e-06,2.4048832618398687e-05,6.5163776117640264e-06,0.000982189359303793,4.07065307663019e-09,1.6535774920607895e-06,0.0001612557157073089,0.8364981943199266,5.127773168001267e-07,0.00033408836778198414,7.536349613568463e-06,1.624395189362688e-05,3.3023056810101124e-05,9.787652955740203e-05,0.008565868456035372
1,0.19204141045207057,5.508496894571654e-06,5.003776795843975e-05,0.00017194051470183637,0.00019029954813210327,1.507558595184456e-07,8.161337354242977e-06,1.0198859452657556e-05,0.006291268811617954,0.0007628752742134639,3.501194644067867e-06,2.073026445759392e-05,7.429757843570073e-06,0.0008100693605490358,4.407469394399321e-09,2.9702797387185683e-06,0.00016844147311303271,0.7906465497272964,7.576936563825075e-07,0.0004728856442691041,6.394221108625832e-06,1.784305289508563e-05,3.314915083975782e-05,0.00013196157865426005,0.008145460375209483
2,0.16491814609786043,4.265786535922022e-06,5.231337495161837e-05,0.0001559915693103043,0.00021897122561894528,1.4600869349178695e-07,9.755735555993092e-06,1.1065019440752488e-05,0.005646649111097117,0.000763351962539783,3.1517634211767735e-06,1.690826448291077e-05,5.549836880970994e-06,0.0011069884869009145,6.458639065424987e-09,2.0471280645439154e-06,0.00011957667867725516,0.8115074334023898,8.59116022759195e-07,0.0008962914008446389,8.989564109966069e-06,2.770494033914168e-05,5.842070171097372e-05,0.00014213152757819894,0.01432328483833335
3,0.1501827781348367,5.079653688909429e-06,4.9734349023547756e-05,0.0001671299972061641,0.00016667067088376572,1.5738700448112082e-07,7.536297443669399e-06,7.942966588954785e-06,0.0036819913957920037,0.000525972781345235,3.618604749628676e-06,2.3930300288235432e-05,6.849960622074367e-06,0.0009719260266705311,4.508233702367926e-09,1.9983421080652214e-06,0.0001634664275658706,0.8347668592233188,6.220338430221227e-07,0.00045122800351326907,8.358570069314644e-06,1.7717755957909027e-05,3.7964568425103696e-05,0.0001080131696131718,0.008642448871207853
4,0.1273584932769126,5.241094480167757e-06,4.5055793634298824e-05,0.0001636550001245929,0.00016825680462532284,1.419054372954235e-07,6.777231157660774e-06,7.021768213225151e-06,0.0030180796634576203,0.0004359565355504202,3.7908011380105492e-06,2.9267524089280413e-05,8.213141613309533e-06,0.0010262074500362942,3.543290422051202e-09,1.8606251167925769e-06,0.00016342788008440296,0.8595440967746077,5.754211570451992e-07,0.0003913090019789693,8.024721613314934e-06,1.576433540418344e-05,3.4190195037875176e-05,8.419485019875248e-05,0.007480394661040066
5,0.1183224687875752,2.624562279221706e-06,3.4450480025716046e-05,0.00014342206397801116,0.00010112373861899991,9.436300866676488e-08,5.24876814415097e-06,5.86113179671469e-06,0.00252668806268023,0.0004349388695816342,2.411995704534948e-06,1.6553929324714814e-05,4.563343233728442e-06,0.0007459169262636883,2.6374263124908563e-09,1.439992357055642e-06,0.00012065490898229484,0.8703705896278715,3.318561861165744e-07,0.00040331712652471696,5.962523398004664e-06,1.211906041438254e-05,2.7994666978361545e-05,9.811817186859444e-05,0.0066131024057773284
6,0.1501827781348367,5.079653688909429e-06,4.9734349023547756e-05,0.0001671299972061641,0.00016667067088376572,1.5738700448112082e-07,7.536297443669399e-06,7.942966588954785e-06,0.0036819913957920037,0.000525972781345235,3.618604749628676e-06,2.3930300288235432e-05,6.849960622074367e-06,0.0009719260266705311,4.508233702367926e-09,1.9983421080652214e-06,0.0001634664275658706,0.8347668592233188,6.220338430221227e-07,0.00045122800351326907,8.358570069314644e-06,1.7717755957909027e-05,3.7964568425103696e-05,0.0001080131696131718,0.008642448871207853
7,0.20230744716189644,7.301932616170537e-06,0.00010984057071675516,0.0001619707695002462,0.00020451041497420577,1.3598712153635812e-07,6.077356556865641e-06,8.568562269727295e-06,0.002252661814687784,0.000419731996887564,4.736626471549771e-06,2.928424556409464e-05,1.323468801287208e-05,0.0006960465874618591,3.141368412120472e-09,1.4463687504231274e-06,0.00015569665804068507,0.7886552183589992,9.76746465428966e-07,0.00034102422260937244,8.156961749307358e-06,1.457826031707113e-05,1.7958337852882972e-05,9.120996016656446e-05,0.0044921822689429755
8,0.20715484327183115,4.551546857018742e-06,7.36254326130101e-05,0.00025567641650451104,0.0002345251959774304,1.3852744045592137e-07,8.638656732915805e-06,7.2353248215868e-06,0.007308570169342842,0.0010434038444657428,5.009208488579606e-06,1.0281146828399603e-05,3.4149654601613915e-06,0.0013807844357331756,1.1958478765966334e-08,1.7289525508635235e-06,0.00010958003255831719,0.7642484447187083,4.5329892716128734e-07,0.0005827253760828078,9.933000570560395e-06,2.437376409746454e-05,5.451940660493405e-05,0.0004912357379400205,0.016986295610383718
9,0.18891420568405348,3.695927754092233e-06,9.161679485870224e-05,0.0002548692507897462,0.00016895405016066495,1.5979339906925934e-07,5.281185439766169e-06,8.709333650958723e-06,0.004707831459243419,0.0008991435746509358,5.013068032493764e-06,1.442804889839601e-05,5.460524631211636e-06,0.001231865560116472,6.921680804377961e-09,1.8387052625669627e-06,0.0001613670077682306,0.7944487589418557,5.462898135046336e-07,0.0006849515955619287,9.913235333876731e-06,2.3589987790495016e-05,4.6416043301900244e-05,0.00034465764299653227,0.00796671937295503
10,0.1501827781348367,5.079653688909429e-06,4.9734349023547756e-05,0.0001671299972061641,0.00016667067088376572,1.5738700448112082e-07,7.536297443669399e-06,7.942966588954785e-06,0.0036819913957920037,0.000525972781345235,3.618604749628676e-06,2.3930300288235432e-05,6.849960622074367e-06,0.0009719260266705311,4.508233702367926e-09,1.9983421080652214e-06,0.0001634664275658706,0.8347668592233188,6.220338430221227e-07,0.00045122800351326907,8.358570069314644e-06,1.7717755957909027e-05,3.7964568425103696e-05,0.0001080131696131718,0.008642448871207853
11,0.1448248900249392,5.277252204942458e-06,4.980368421825659e-05,0.00016874383186874588,0.0001662402593721262,1.59221356040976e-07,7.468202745234033e-06,8.26109168463668e-06,0.0034287393896061933,0.0004937325605098833,3.648682698695462e-06,2.6666841610867536e-05,7.756460982666581e-06,0.0009557349883814394,4.1931233945898926e-09,2.060292854340115e-06,0.00017144497906703101,0.841176545585919,6.483484666897792e-07,0.00043785379933384806,8.295283677658549e-06,1.709799529539227e-05,3.6322719748440185e-05,9.694319334543741e-05,0.007905661116989947
12,0.41723163550532755,4.8305230747972835e-06,0.00014956210596202233,0.000379582071326294,6.239020296701356e-05,2.6055205739798895e-07,9.521929504629196e-06,3.396621256122353e-05,0.009004917460246915,0.0020519381532956857,6.82111932050366e-06,1.6230922795392395e-05,1.2367253250809594e-05,0.0005430803076693891,9.269758416188102e-09,5.067430978054357e-06,0.0008051972883953203,0.5649393228384058,1.7395108261455176e-06,0.00042095160405851504,9.48630956386815e-06,6.310334488906683e-05,2.7250610430066983e-05,0.0005465970787916392,0.0036741703945434834
13,0.13151110729560367,7.921878384102354e-06,7.05507202872817e-05,0.00032078063634648576,0.00035539662857257584,1.8685064803125962e-07,6.4833309207874516e-06,5.436080817174122e-06,0.00281094929681204,0.0003459362533044913,1.713771492941039e-05,4.965596911307879e-05,1.7231738603747592e-05,0.00197470548980347,6.923744813456307e-09,2.367487715078498e-06,0.00022487816914992957,0.8553569461648866,7.498461475241679e-07,0.00030394361110895076,1.3131956303200338e-05,1.5390628343102338e-05,6.363164081026999e-05,0.00014169332226703207,0.0063837803653771525
14,0.13240143246314331,1.956847821359043e-05,3.874078876964801e-05,5.677877996352078e-05,0.000280846961510589,3.3418211015477195e-07,6.720825468989766e-06,2.675651601262241e-06,0.0010578984836792757,0.0002465883705239629,7.639574076582388e-06,0.00011617543943380413,1.900836237299649e-05,0.0012654287494410184,2.903010448903745e-09,2.1729918491186555e-06,0.00011976255664121417,0.8584434236142751,1.9419388248459617e-06,0.0002810352998923078,1.1053820378327072e-05,1.0771648711346036e-05,2.2265588194557305e-05,2.9570187721998976e-05,0.005558162340192229
15,0.1501827781348367,5.079653688909429e-06,4.9734349023547756e-05,0.0001671299972061641,0.00016667067088376572,1.5738700448112082e-07,7.536297443669399e-06,7.942966588954785e-06,0.0036819913957920037,0.000525972781345235,3.618604749628676e-06,2.3930300288235432e-05,6.849960622074367e-06,0.0009719260266705311,4.508233702367926e-09,1.9983421080652214e-06,0.0001634664275658706,0.8347668592233188,6.220338430221227e-07,0.00045122800351326907,8.358570069314644e-06,1.7717755957909027e-05,3.7964568425103696e-05,0.0001080131696131718,0.008642448871207853
16,0.1097940701026899,3.4554326630774455e-06,3.298174902273681e-05,0.00013016233862739822,0.00010931354721805784,1.1130759245724919e-07,5.940782902033807e-06,5.197392103993158e-06,0.0022617095896924617,0.00046053056362742697,2.6492342858000977e-06,2.2222990472453863e-05,4.776118079590221e-06,0.0008746356201028615,2.9184917376938376e-09,1.4816918472125916e-06,0.00013001219850115848,0.8779345220805649,3.980727292570132e-07,0.0003694648074631366,8.137707752321539e-06,1.4255224010063757e-05,2.8348648607400767e-05,7.816271040794628e-05,0.007727457170544632
17,0.13398074360509818,4.466182659419795e-06,4.2505776470320875e-05,0.00014157259346628143,0.0001441794469589213,1.2914250334267518e-07,6.413792726594202e-06,6.977773808977632e-06,0.002904387390736448,0.000435795919291534,3.1052325334862356e-06,2.474968070599404e-05,6.389660184071769e-06,0.0009088095186384796,3.4595187997119895e-09,1.6605918196998136e-06,0.0001487047041107275,0.8526705005032565,5.504269571286286e-07,0.0004167246613612925,7.823488621958817e-06,1.603422431368313e-05,3.430619112690196e-05,8.426193831368727e-05,0.008009204094817616
18,0.14779568281179392,4.981033823240119e-06,4.757614047563628e-05,0.00016138375911169762,0.00015964751480820926,1.5387863183241163e-07,7.43647401077374e-06,7.799634472723989e-06,0.003618542936766658,0.0005182006281533037,3.501115429800001e-06,2.385723466541136e-05,6.7186940074615e-06,0.0009620511947867029,4.349531837876745e-09,1.9559781180057726e-06,0.00016318698310473673,0.8372086525219634,6.080474620784603e-07,0.00044659863506064495,8.188290229711963e-06,1.7671539108520135e-05,3.762977066736264e-05,0.0001045187599248952,0.008693452073891295
19,0.12784759569977286,5.48227432820983e-06,6.489270124620443e-05,0.00020244307481781325,0.0002447950323591271,1.4306264939446942e-07,8.132328704434446e-06,9.704044771087117e-06,0.003435419140718518,0.00047322261502787344,3.610822068039684e-06,3.0925855149998624e-05,9.738986614767376e-06,0.0010193774207442087,3.860336594935206e-09,2.0580680989272384e-06,0.000154405058057241,0.858734802011725,7.088550990350571e-07,0.000488052665835514,8.605087984631414e-06,1.8150499044287957e-05,3.098004248421385e-05,8.524041687587219e-05,0.007121510375486249
20,0.1703307672697806,7.024232784914387e-06,8.999004017590873e-05,0.0003188352082147591,0.00026958337247093647,2.715476244704378e-07,1.641632558366257e-05,1.6027068493446182e-05,0.005965864585077196,0.0008477510163180298,6.695264959570716e-06,2.6912764938968507e-05,8.869143914287974e-06,0.001522177428598757,1.5689577577516805e-08,2.9190968735116576e-06,0.00024084695675770251,0.8039208615298329,1.1259706592712478e-06,0.0007686795210618285,1.829947731600011e-05,4.288974006272976e-05,8.456910571418579e-05,0.00021761502658790058,0.015274992616620922
21,0.12971173995616248,3.924843600157581e-06,3.4028156588084526e-05,0.00012827563649811999,0.0001486059609923759,9.795706836570338e-08,4.432084773092835e-06,4.412943151373314e-06,0.0022633174789299156,0.0005078581602536439,3.2158465389168024e-06,2.3286070947485724e-05,5.329465523682233e-06,0.0008411453027164008,2.339950988013624e-09,1.6541932275661482e-06,0.00010262640778834476,0.8596588670131082,4.435499150627733e-07,0.0003374799442017473,8.044110065522138e-06,1.071408544441233e-05,2.3698477231599388e-05,8.28235733391097e-05,0.006093976441983169
22,0.19103245873973498,2.194213746842688e-05,5.241836555126308e-05,0.00015773157425573773,0.0007788529430153514,3.539173573857913e-07,3.393279524813864e-05,1.4744585910283257e-05,0.01860075946839942,0.0005100084256790604,4.460440345644192e-06,3.186339280917322e-05,1.3609472348094577e-05,0.0019124203558168065,1.4465784149986428e-08,3.11276254480829e-06,0.0001364692453798521,0.7423621512336775,1.6773051781997255e-06,0.000882975428175474,7.257052609839696e-06,3.1296729843628255e-05,0.00012101782645166108,0.00011418683946645676,0.04317428449694848
23,0.1501827781348367,5.079653688909429e-06,4.9734349023547756e-05,0.0001671299972061641,0.00016667067088376572,1.5738700448112082e-07,7.536297443669399e-06,7.942966588954785e-06,0.0036819913957920037,0.000525972781345235,3.618604749628676e-06,2.3930300288235432e-05,6.849960622074367e-06,0.0009719260266705311,4.508233702367926e-09,1.9983421080652214e-06,0.0001634664275658706,0.8347668592233188,6.220338430221227e-07,0.00045122800351326907,8.358570069314644e-06,1.7717755957909027e-05,3.7964568425103696e-05,0.0001080131696131718,0.008642448871207853
24,0.09280649820530668,4.396089307576573e-06,3.8321637145183165e-05,0.00017677001908838222,0.00022861402773248837,1.0838808463798195e-07,5.561726537797904e-06,5.469461821319658e-06,0.0025779687655753253,0.0003395108107978715,3.610171976765811e-06,3.112808746585393e-05,8.267469669300554e-06,0.0011865354010162563,2.668605968435755e-09,1.8628253418878183e-06,0.00011674831934482184,0.8955174424409194,4.195940257085336e-07,0.0003606737193657867,6.6133825448345446e-06,1.1048949374946692e-05,3.1249112342302526e-05,6.837202100853386e-05,0.006472806705600398
25,0.1373920241073765,2.638811084771897e-06,5.1834437912999854e-05,0.00019730783475790042,0.00014581242137000065,7.436802932366738e-08,5.741988486258858e-06,8.490845680093412e-06,0.0018854255439434003,0.00037705391305277404,3.86534602242198e-06,2.0399366708034675e-05,7.1713879333788175e-06,0.0006806203655340191,3.0047050257199905e-09,1.6221020036319601e-06,0.00012712559318119713,0.853834326114903,5.505192840339922e-07,0.0003671996263728304,8.113646865051106e-06,1.2684560900141906e-05,2.8798015542550693e-05,8.480350245143982e-05,0.0047563125758993754
26,0.008888891596758052,1.7856353427746862e-06,1.527731429073854e-05,2.7994888649566883e-05,5.007628948676195e-05,4.422503206823712e-08,3.874002641595904e-06,6.328886766170408e-07,5.852231050891412e-05,0.0001928634296911094,1.042594662963144e-06,7.41031464318482e-05,4.100156414658724e-06,0.0012895568339767753,4.850185831969801e-10,5.035028371730439e-07,4.140462451744893e-05,0.9864399756510861,2.716545432847448e-07,9.63423498473083e-05,8.661257109708106e-06,1.098280247009819e-05,1.9668843653822826e-06,2.0293492998782173e-06,0.002789096126340639
27,0.1780398696148677,6.761380560774578e-06,5.642433638499029e-05,0.00021144596275319503,0.00022250037106533424,2.36826480290047e-07,1.3325923506050416e-05,1.2221339134042933e-05,0.009027976514282093,0.0009358633647831235,4.610512759302128e-06,2.1950915636395492e-05,7.310118649047645e-06,0.0013847506544055056,9.815730409789127e-09,2.8240734425101783e-06,0.00021575933371851223,0.7922615566779639,8.806098066015672e-07,0.0007676393970977053,9.916034256231638e-06,3.628316598082746e-05,6.879140946906395e-05,0.0002079791141746537,0.016483112533091742
28,0.1501827781348367,5.079653688909429e-06,4.9734349023547756e-05,0.0001671299972061641,0.00016667067088376572,1.5738700448112082e-07,7.536297443669399e-06,7.942966588954785e-06,0.0036819913957920037,0.000525972781345235,3.618604749628676e-06,2.3930300288235432e-05,6.849960622074367e-06,0.0009719260266705311,4.508233702367926e-09,1.9983421080652214e-06,0.0001634664275658706,0.8347668592233188,6.220338430221227e-07,0.00045122800351326907,8.358570069314644e-06,1.7717755957909027e-05,3.7964568425103696e-05,0.0001080131696131718,0.008642448871207853
29,0.1501827781348367,5.079653688909429e-06,4.9734349023547756e-05,0.0001671299972061641,0.00016667067088376572,1.5738700448112082e-07,7.536297443669399e-06,7.942966588954785e-06,0.0036819913957920037,0.000525972781345235,3.618604749628676e-06,2.3930300288235432e-05,6.849960622074367e-06,0.0009719260266705311,4.508233702367926e-09,1.9983421080652214e-06,0.0001634664275658706,0.8347668592233188,6.220338430221227e-07,0.00045122800351326907,8.358570069314644e-06,1.7717755957909027e-05,3.7964568425103696e-05,0.0001080131696131718,0.008642448871207853
30,0.1501827781348367,5.079653688909429e-06,4.9734349023547756e-05,0.0001671299972061641,0.00016667067088376572,1.5738700448112082e-07,7.536297443669399e-06,7.942966588954785e-06,0.0036819913957920037,0.000525972781345235,3.618604749628676e-06,2.3930300288235432e-05,6.849960622074367e-06,0.0009719260266705311,4.508233702367926e-09,1.9983421080652214e-06,0.0001634664275658706,0.8347668592233188,6.220338430221227e-07,0.00045122800351326907,8.358570069314644e-06,1.7717755957909027e-05,3.7964568425103696e-05,0.0001080131696131718,0.008642448871207853
31,0.15008185455372028,2.044621047113829e-05,7.142198713833014e-05,0.0008496393631497153,0.000561978147711461,1.9180031965973686e-06,3.4831668614189824e-05,9.626644596420298e-06,0.030374303915640714,0.0028801662319531828,2.9944592100599077e-05,4.397641482486345e-05,1.495052815691438e-05,0.006309975930024037,6.062354853817678e-08,1.553072004300752e-05,0.0006773697056605141,0.7830455065093782,9.89601097659485e-07,0.0008506089638260692,2.3975032498812794e-05,5.8411508029689186e-05,0.00020672678094320484,0.0008618392139974455,0.02297394714967825
32,0.15368838247944291,5.284780155667798e-06,5.0968665582640906e-05,0.0001532426689670529,0.00017299249658559552,1.6116946509872794e-07,7.801193768157348e-06,8.550461160209854e-06,0.003514762072601615,0.0005244684707461183,3.644175940121471e-06,2.5868561614106027e-05,7.177064783801028e-06,0.0009705576297402768,4.730123495675872e-09,2.0634130742513517e-06,0.00016012719702386235,0.8311412294842035,7.624024830230301e-07,0.0004892118140162109,8.74356261409463e-06,1.9538926025374323e-05,3.934299280599325e-05,0.00010040057970466338,0.008904713007372049
33,0.2837306984043666,7.79932658685431e-06,0.00011701915140663034,0.0003893380051314501,0.0005908773681155382,3.00462455339794e-07,1.6255993027132595e-05,1.2303868616819031e-05,0.010773641380437137,0.0010474667873076001,7.974773631021099e-06,1.1348875246737417e-05,4.273254791383355e-06,0.0013569288350759022,3.2303803103160867e-08,2.6901739246364567e-06,9.4948565994038e-05,0.6718981508444257,9.814967550059214e-07,0.0009689146349718169,2.4506481890762485e-05,2.2047019346266624e-05,0.0001520809015743459,0.000554855204203752,0.028214565886914303
34,0.1128328068244451,4.228820088508869e-06,4.692506247317567e-05,0.00019265434403976483,0.00014260620956422105,1.8900778201289652e-07,8.161650959466424e-06,7.843613931548886e-06,0.003150548186759438,0.0005278474993638466,3.0711326076320385e-06,2.4565426587969633e-05,6.399799659355668e-06,0.0010092050339737839,4.415525832624204e-09,2.2347393148578424e-06,0.00017901889595862703,0.8734843995011627,4.727017234716771e-07,0.0004820831226101737,8.957823990994645e-06,1.6603929887166444e-05,3.6854229002778556e-05,9.537673805696627e-05,0.0077369412905305595
35,0.07810088880123335,3.220214094051252e-05,0.0003743082826244009,0.002408064025001028,0.0036579793128332697,6.627465271634753e-06,8.288948684585256e-05,1.7419891462497703e-05,0.016304040843568485,0.0015534436634466857,8.484732748777134e-05,7.686812325106635e-05,3.7657835702860424e-05,0.025876024224440023,3.9525659385042763e-07,1.4547228357503972e-05,0.00043204750968300274,0.8083350624540154,2.3781512654542575e-06,0.00409660927160293,0.00012564523815122709,0.00010310709700926253,0.0014845222502197688,0.0012045928829079334,0.05558783123608408
36,0.10154146440109815,4.487481099949504e-06,2.3472290020013977e-05,0.0001376509561678027,6.370112509681807e-05,2.1968094624512716e-07,7.687042274075399e-06,1.2528493652830317e-05,0.0047674302638921464,0.00038351910558174617,2.122600331607714e-06,5.040260308662568e-05,1.1313494566274903e-05,0.00086434291300577,2.3214182070920045e-09,3.5719055954617788e-06,0.0005993329044829557,0.8853094794400745,5.877881879360974e-07,0.00038933957812019966,4.1126419412102054e-06,2.5838412370554562e-05,3.6513903020704214e-05,4.6335022799510465e-05,0.0057145436311686944
37,0.16285312931920254,2.2611762580175405e-06,4.741307847367835e-05,0.00014008857400529495,9.344797154898443e-05,6.754778566632678e-08,3.5199427993491392e-06,4.322686351860043e-06,0.0017510128732952971,0.0003778796900958493,3.1472392564176963e-06,1.2770624716658705e-05,3.867028916926418e-06,0.0005811377184850387,2.5685117336639e-09,1.0671520454010414e-06,9.264194995951666e-05,0.8289203431723395,3.113716255110502e-07,0.0002879120798820456,5.401129943472994e-06,8.758077413650848e-06,1.9645495516855042e-05,0.00015118733471739004,0.004638664196853317
38,0.15404943243715002,5.809485184970382e-06,5.595369176242889e-05,0.0001894572285329022,0.00014447073570459257,3.839119038687327e-07,1.120687631963655e-05,1.0849293499629305e-05,0.0025954161534147693,0.0004960877469569203,5.015140642097318e-06,3.53939850991842e-05,1.0641819979177165e-05,0.0009229014666705639,7.116615006435646e-09,4.165569958447148e-06,0.0002444667714703196,0.8337630676059269,1.1407547713037163e-06,0.0005640657137690078,1.2579357419003581e-05,1.7205851798242013e-05,5.8652716303907465e-05,9.654101002193029e-05,0.006705087559125204
39,0.16767771768503503,5.6653729756835665e-06,4.8000363999409845e-05,0.00015264953104158238,0.00018531860468268556,1.2185141166119032e-07,6.000203530572711e-06,5.669149083996219e-06,0.0043497435345383915,0.0005724625038047083,4.2471190607234835e-06,2.1075855513702192e-05,6.494934401554029e-06,0.001077820783520622,3.7414397896572056e-09,1.6833935238745689e-06,0.00014226429059749628,0.8173655273932996,5.279514361470826e-07,0.0003470499413722447,6.102819690820012e-06,1.5814068292764806e-05,2.769386637803432e-05,0.00013238619100570647,0.007847958850363181
40,0.1403613530142183,1.1260947579486552e-05,0.00012199325514161295,0.00015220535151199983,0.00040598656530293814,2.623051341293731e-07,7.613502284103378e-06,6.155223419708437e-06,0.002620189627172658,0.0004643104921594444,5.916690131645426e-06,4.6142290486254015e-05,9.548629682235675e-06,0.0017563866668090522,8.028450286761987e-09,1.599246039285863e-06,0.00013592306084694235,0.8428882815890865,1.1594396195483083e-06,0.0005254307202860994,1.302290386322577e-05,2.6586825546674216e-05,3.3756196463036195e-05,0.00010116744964965014,0.010303739979115203
41,0.18232060705123038,9.638578573282666e-06,7.312691353994812e-05,0.000254211813334572,0.00031084528446685895,2.430915113822698e-07,8.84611953047112e-06,9.822353467045884e-06,0.007291514993773378,0.0006736376286500285,4.830435769995774e-06,2.756283618006823e-05,9.540773054903947e-06,0.0012392263465177214,6.101787822198714e-09,2.6944653983168393e-06,0.0002072738323073177,0.7975083249135017,6.680674240545341e-07,0.0004546354909927414,8.809056610532356e-06,1.7966794142339447e-05,4.188502002852576e-05,0.00014967453660494432,0.009374407501601512
42,0.19986613496572014,7.150524223093711e-06,0.00011592096513181828,0.00017304587728414258,0.00018406275446934,2.0393459224752964e-07,9.53990419365857e-06,2.32761412299338e-05,0.0038388016304267327,0.0008834019944598775,3.834725371387413e-06,4.680010269399491e-05,1.1958610396549706e-05,0.0009357828985669337,6.3328909354883366e-09,2.804685841850478e-06,0.00031041061576979003,0.7850968366770518,2.5103390809510793e-06,0.0007469327091045373,1.6031802232056494e-05,6.411106009974778e-05,3.416566450771584e-05,9.467381326165068e-05,0.0075316012713991555
43,0.13535164177893572,5.383964559775373e-06,4.814316817620491e-05,0.00015228149062106132,0.00017016584464429562,1.359136738560707e-07,6.542187944199212e-06,6.1355922096424925e-06,0.0024517743634137803,0.0002967981230865404,3.7877133823961944e-06,3.0186387884251206e-05,7.373108637215455e-06,0.0009051936918217537,3.805937389832366e-09,1.59162896794968e-06,0.0001527986639074447,0.852518400661419,5.44130488452652e-07,0.00031030707604025657,7.490779411764492e-06,1.2751394070734718e-05,3.2977375992456536e-05,7.874965244091713e-05,0.007448841502332961
44,0.1501827781348367,5.079653688909429e-06,4.9734349023547756e-05,0.0001671299972061641,0.00016667067088376572,1.5738700448112082e-07,7.536297443669399e-06,7.942966588954785e-06,0.0036819913957920037,0.000525972781345235,3.618604749628676e-06,2.3930300288235432e-05,6.849960622074367e-06,0.0009719260266705311,4.508233702367926e-09,1.9983421080652214e-06,0.0001634664275658706,0.8347668592233188,6.220338430221227e-07,0.00045122800351326907,8.358570069314644e-06,1.7717755957909027e-05,3.7964568425103696e-05,0.0001080131696131718,0.008642448871207853
45,0.16965206748831957,5.5222614847207845e-06,7.153923143850776e-05,0.00024246536620934166,0.0002041111613315231,2.41999911127343e-07,1.2337583187487753e-05,1.2892933103553564e-05,0.0047926151524744,0.0006816261968259348,4.412116438677387e-06,2.3297143112145467e-05,8.130335199467282e-06,0.001010453020852153,8.541269153209746e-09,3.170303366489837e-06,0.0002012392805992091,0.8127914013859829,8.838348949194022e-07,0.000609657790053334,1.021106475551211e-05,2.262607489752077e-05,4.946654416939952e-05,0.00015505667875351006,0.009434566511369246
46,0.13649980039066098,3.1965604461878244e-06,3.805920156251851e-05,0.00025313568881999934,3.471831896327097e-05,2.8006001800847165e-07,4.478786261541472e-06,1.1822707629671581e-05,0.0022710787340317184,0.0003781882379483356,3.078427495953485e-06,3.5797487107299784e-05,9.845381255433236e-06,0.000546388809516849,2.5360239047757766e-09,3.150155069704228e-06,0.0007074365838238659,0.8560553959567498,3.598670018334416e-07,0.00029070155007721054,7.686180318522797e-06,1.3857589164049536e-05,3.459040762951658e-05,9.949414975671562e-05,0.0026974562326669165
47,0.20879999515624736,4.6547496563990925e-06,2.315932671536469e-05,3.1313382584606604e-05,4.654070560178521e-05,6.721603806756249e-08,4.826484738291257e-06,7.120385582252874e-06,0.0021249230966538016,0.0004204200720147402,1.1071849005879764e-06,2.980200526326061e-05,4.324751529699957e-06,0.0003089464136498418,1.359223025333165e-09,1.0273193967524909e-06,0.00015658040875632514,0.7803879593085344,1.0629324736982838e-06,0.00029701099681870094,4.4683378391805245e-06,2.417897736832079e-05,1.1212529232042048e-05,3.334932159984086e-05,0.007275947577581502
48,0.23810109504631963,1.1209720854812044e-05,7.263171489940293e-05,0.00017218844689892405,7.78848410752594e-05,6.364170148445266e-07,1.0437221909896585e-05,2.381929959006012e-05,0.0031598275780016973,0.00037612592037221626,3.85195643137682e-06,6.339429723763592e-05,2.280430119048925e-05,0.0005309563572931207,4.755861192166832e-09,4.772501962232827e-06,0.0008067412580666445,0.7524350973322386,1.8722134909753083e-06,0.00038639143790696946,8.919778651764526e-06,2.0020336682357264e-05,3.712318740269617e-05,5.868584127466465e-05,0.0036135082373727
49,0.1116352666380714,5.444159176579906e-06,6.84833154489434e-05,0.00014782273877206057,0.00014166306651882914,2.0223889059591125e-07,6.568252127951729e-06,7.526001684886012e-06,0.0023985256750305405,0.0004947505702903227,3.2316899723487535e-06,3.619944717559998e-05,7.919839070340894e-06,0.0010995612898389254,4.064149259938479e-09,1.6322938186493226e-06,0.00019718862427962728,0.8761526701515486,6.786270786011409e-07,0.0005231764110128236,9.981027977583547e-06,2.4565552434665527e-05,2.7663467896124426e-05,8.164973761925344e-05,0.006927625120115631
50,0.16579929556865122,3.0735035833694917e-06,2.993813555429045e-05,6.982139516072803e-05,0.0001416389281263697,5.5487133995213445e-08,1.2935169205160512e-05,8.175033492357876e-06,0.004333788741610851,0.0011469643200709616,1.4163373828588073e-06,9.537857965359543e-06,2.9592804367788535e-06,0.0006651449822581136,3.7802714070651004e-09,1.4868138491028307e-06,5.768665934389942e-05,0.8077085599574999,8.678807372979295e-07,0.0005960148124300204,5.697233069279083e-06,2.7670082203371234e-05,2.049324407611559e-05,7.94896943960587e-05,0.019277285101491078
51,0.12573643433519915,2.4811393031649645e-06,2.80499076247923e-05,7.851429113493745e-05,9.235892545241518e-05,1.3167477460510958e-07,7.788807786301588e-06,7.491859449773272e-06,0.0020063903536843993,0.00034538454118517107,2.2459197942279073e-06,1.9246161561120888e-05,4.6340599499317825e-06,0.0006815936898792542,4.21096159386005e-09,1.8405729378311168e-06,0.0001075751155697682,0.8590253891678524,8.00293968230608e-07,0.0007036782978877153,6.970242661703154e-06,1.642348927357741e-05,5.730492798626904e-05,6.539935738529492e-05,0.011001868656736283
52,0.20088872915834124,2.5759553798234676e-05,9.226446519496471e-05,0.0001995831097037492,0.0004899284626679395,4.024617234476214e-07,2.0617526353342143e-05,1.7858973504013866e-05,0.008484174757996416,0.0005037658793561711,5.3023188144601954e-06,6.321255202072781e-05,1.3199309179615795e-05,0.001805945125707248,1.4983763476493105e-08,2.2571720172413152e-06,0.00030743059399613383,0.7568790943952293,2.02924991068882e-06,0.0006229863585791986,2.2502398656362495e-05,5.126380901139004e-05,0.00010207400623907958,9.225598369635388e-05,0.029307347394539274
53,0.10244971038295873,3.838508835210036e-06,2.887340760453698e-05,0.00025346705734076896,0.00020826064594904167,2.2603750291557196e-07,2.7885542661584412e-05,1.304749639993207e-05,0.007503050745421781,0.0006675703917901249,3.4894164051646066e-06,1.6848347918024484e-05,6.32602263662621e-06,0.001340831062314893,1.1553390208777418e-08,4.055071518824374e-06,0.00015672411136980098,0.8654824271303896,5.860769727842605e-07,0.0008731338619328842,8.641757556626485e-06,2.2577628349928076e-05,0.00010898757107607905,0.00013431426107056546,0.020685115910633458
54,0.1486839424115279,9.375250209658555e-06,2.1187719042564892e-05,7.386069732110926e-05,0.00013087943097259637,1.4256932085028908e-07,8.874963578324629e-06,5.629023603523321e-06,0.005330995455748744,0.0005810941914178248,1.981171937407746e-06,3.173401227752624e-05,5.432964548423686e-06,0.0008800623028609459,2.8910434244967014e-09,2.0169619551024623e-06,0.00015958123118168185,0.8298471149223772,6.13763133619449e-07,0.00029241195465529667,5.472694431164267e-06,1.810140303671089e-05,2.436791440282604e-05,5.6509040978001215e-05,0.013828615058437712
55,0.20776570885991133,3.6857638758942545e-06,0.0002093326196316172,0.0006865869313832981,0.00018481606438309938,7.541579385356426e-07,1.3470409697448957e-05,2.737436604525093e-05,0.005852259758159762,0.0021336339886861544,1.2082337613159187e-05,1.2445003824626282e-05,1.1252597220192562e-05,0.0026682762294404565,3.0390575337141524e-08,4.948383356952919e-06,0.00041488334403649765,0.7667529790109382,1.3687712459153774e-06,0.002089575136080494,2.6443739677978465e-05,7.50918260959444e-05,0.0001958651106258326,0.0007499214703456017,0.010107213729210468
56,0.1444648156432293,5.31070548692414e-06,5.0141312440976784e-05,0.0001674488009892448,0.0001720179664585093,1.518832919891087e-07,7.273396353652764e-06,7.79871279000103e-06,0.0034869055448617484,0.0004949960310024694,3.7765450058223016e-06,2.611202573595113e-05,7.729071279171911e-06,0.0009830402689168947,4.150916721067391e-09,1.976934499272298e-06,0.0001649563450985715,0.841370675878234,6.275520544118156e-07,0.00042739629109932214,7.994558919032931e-06,1.697594296479805e-05,3.523996648197618e-05,0.00010031571988851766,0.007996318752000605
57,0.13631249286033678,5.6858133700804265e-06,5.817693161604505e-05,9.188041342517725e-05,0.00017686629293495326,1.3176275667289637e-07,6.275325285992685e-06,9.671148357092273e-06,0.0020285964494766735,0.00038018321890067247,2.9197531128132217e-06,5.12603314956707e-05,9.253986283521512e-06,0.0008182472887823304,3.1727742990942233e-09,1.7761050600515735e-06,0.00015988813380691174,0.8520182163717794,1.5221567518241765e-06,0.0005264322826284714,1.0231966912624792e-05,2.7744026805452905e-05,2.8295899253897928e-05,4.384913758953589e-05,0.0072303991705029895
58,0.16919959827237424,5.203907676901657e-06,5.6202919377274853e-05,0.00018643312739097262,0.00017002670750591143,1.6494764319616844e-07,7.692704305251554e-06,8.317502514349316e-06,0.004102939128050181,0.0005912378611162579,4.23998963269183e-06,2.239548065337102e-05,6.867654102213142e-06,0.000987448795439036,5.4550094373989e-09,2.1203688468777276e-06,0.00017000654365801135,0.8150876385053482,6.541330888538376e-07,0.00046286216642277636,8.661975869401452e-06,1.8957866813619832e-05,3.985706533856193e-05,0.00014946556647874612,0.008711001355343721
59,0.17103793288500213,4.943420538007268e-06,6.37199819732895e-05,0.0002047506115793338,0.00017375986412892188,1.64354521481769e-07,7.5536294298991635e-06,8.73133027394381e-06,0.004253295956566145,0.0006560130033888672,4.399170658218295e-06,2.0567265831349017e-05,6.466690254586388e-06,0.0010273655229200373,6.105882245138513e-09,2.097497753670949e-06,0.00017027432465171053,0.8128064211536299,6.309030191472985e-07,0.0005001258082135264,9.218437965134e-06,2.0359920432605113e-05,4.098041020236986e-05,0.00017784030702852055,0.008802381444154968
60,0.1501827781348367,5.079653688909429e-06,4.9734349023547756e-05,0.0001671299972061641,0.00016667067088376572,1.5738700448112082e-07,7.536297443669399e-06,7.942966588954785e-06,0.0036819913957920037,0.000525972781345235,3.618604749628676e-06,2.3930300288235432e-05,6.849960622074367e-06,0.0009719260266705311,4.508233702367926e-09,1.9983421080652214e-06,0.0001634664275658706,0.8347668592233188,6.220338430221227e-07,0.00045122800351326907,8.358570069314644e-06,1.7717755957909027e-05,3.7964568425103696e-05,0.0001080131696131718,0.008642448871207853
61,0.16854217121534687,4.740948046191726e-06,6.537300107328878e-05,0.00019281032418804375,0.00016550470562473865,1.5837056425157428e-07,6.838908502239971e-06,8.475090335275872e-06,0.0036393236712618173,0.0005983265147430361,4.026920932569379e-06,2.0882099045125804e-05,6.3163827548056386e-06,0.000955886285335159,5.3813710537528915e-09,1.9237175626393264e-06,0.00016419446244177538,0.8169941027344776,6.196250010903927e-07,0.0004768559624334469,9.074196053152184e-06,1.8979112720602697e-05,3.6608156172668784e-05,0.00015344416933309296,0.00793335804467956
62,0.1501827781348367,5.079653688909429e-06,4.9734349023547756e-05,0.0001671299972061641,0.00016667067088376572,1.5738700448112082e-07,7.536297443669399e-06,7.942966588954785e-06,0.0036819913957920037,0.000525972781345235,3.618604749628676e-06,2.3930300288235432e-05,6.849960622074367e-06,0.0009719260266705311,4.508233702367926e-09,1.9983421080652214e-06,0.0001634664275658706,0.8347668592233188,6.220338430221227e-07,0.00045122800351326907,8.358570069314644e-06,1.7717755957909027e-05,3.7964568425103696e-05,0.0001080131696131718,0.008642448871207853
63,0.15669809307937782,5.605710279036943e-06,5.053323255649866e-05,0.00016557823357919092,0.00017380447456202765,1.6046170811600786e-07,7.685347629215715e-06,7.95204166564146e-06,0.003886870088977821,0.0005330563611480226,3.717881566903418e-06,2.4638791357886773e-05,7.019789878108116e-06,0.0009779168957593652,4.602935067385303e-09,1.9916576275087712e-06,0.00016687498942708647,0.827816867625021,6.414523096345197e-07,0.0004352875198840896,8.379784564042255e-06,1.8003664658173758e-05,3.723637877719578e-05,0.00010921602941487865,0.008862863905335786
64,0.15675692883713077,5.490482895687116e-06,5.8555351671754865e-05,0.00019344289009413053,0.000188606332987731,1.645083084863185e-07,8.012077588598392e-06,8.675674859099798e-06,0.0034144133313620505,0.000551592569600446,4.101431854807355e-06,2.5149512092667925e-05,6.7271785654628194e-06,0.0009892712417379358,5.470183584147412e-09,1.9262337797264537e-06,0.00016002211917936547,0.8279087450872361,6.817380884385416e-07,0.0004705777711832963,1.18731424259041e-05,1.8974750236400197e-05,4.254221105485486e-05,0.00011810493066298485,0.009055415125219384
65,0.1377486764923824,3.910509118256172e-06,3.1768388158200086e-05,0.00012043810022129599,0.00012893178740268867,1.0082710384204307e-07,5.901354681519154e-06,6.2115827315854405e-06,0.003411688939967207,0.00046645410494097804,2.641726368017004e-06,2.1065651000234296e-05,5.653582788763543e-06,0.0007984764309209184,2.612414384349377e-09,1.6929716427955134e-06,0.00013334262172084156,0.848800310473279,4.783601637080388e-07,0.00037474285898604376,5.657928694354981e-06,1.41975602662273e-05,2.847262044946701e-05,8.112815174498039e-05,0.007808054362852412
66,0.1164044987094278,4.0655616968577315e-06,4.7386966292632284e-05,0.00016478168824502157,0.00017439858964946752,1.0462762169412018e-07,5.189963051801445e-06,5.289018800094065e-06,0.0024609391344978483,0.0005100444753792417,3.5281742037535045e-06,2.4576809734143028e-05,6.144651929482209e-06,0.00101525935758116,2.940918014374482e-09,1.6629167645823295e-06,0.00012530347225977426,0.8721048498422918,4.41826955569663e-07,0.00034428463409827116,8.120710560369309e-06,1.42015177192743e-05,2.414939086566345e-05,8.763236878838491e-05,0.006463142650667328
67,0.06842357363017552,3.1603842913886443e-06,3.23469033158638e-05,0.0001407332726780787,7.229977796909947e-05,4.1305909095960474e-07,8.251283437274271e-06,5.2640970865783845e-06,0.0017381926499230728,0.00044611022754835293,3.595332675538687e-06,2.9276364880699893e-05,6.363207435073127e-06,0.0016013372236030562,6.106667927408542e-09,2.123529475214477e-06,0.00021002631080349827,0.9161121724629138,4.486320095091741e-07,0.0009610714110216409,1.3049349248201851e-05,2.075263746253976e-05,8.684667767777575e-05,0.00010989809008125245,0.009972687378528104
68,0.12745743248556013,3.824276652490185e-06,4.513351133004047e-05,0.0001598037307322497,0.00013359306239163534,1.3742094945467987e-07,6.583910324117628e-06,7.324395906198991e-06,0.002836402343533878,0.0004401096730833796,2.997325856378803e-06,2.2418871309877975e-05,6.7706441764440725e-06,0.0008458329830032176,3.2777774295783734e-09,1.8289334521140534e-06,0.00015036089607954874,0.860455590217395,5.078135018483941e-07,0.00043503340374388206,7.309373172863756e-06,1.3837446433286163e-05,3.2776346048601645e-05,8.732337279333321e-05,0.00684706428479259
69,0.1672021039691467,5.523642901801789e-06,4.854636463551733e-05,0.00020068970845035203,0.000215567071410862,1.2051517028592081e-07,7.896943695801465e-06,8.00604548568388e-06,0.005244343379972511,0.0005583431532071593,3.5516214906797645e-06,1.94815222963886e-05,5.976879776351917e-06,0.0009540813163785059,4.65894229808131e-09,2.0247325413057535e-06,0.00015027521118021959,0.815052263736235,4.817010957308924e-07,0.0003371688455808333,6.775339124413579e-06,1.577631843552699e-05,3.368400578076601e-05,0.00012415197705528656,0.00980316134000993
70,0.13899693266204868,4.815711940807224e-06,4.965777367716761e-05,0.00018574647682468467,0.00016708275778484338,1.70285643307662e-07,7.5412115484846094e-06,8.187929012838268e-06,0.0038701985767576053,0.0005280107209492467,3.5747472093804007e-06,2.386605477209527e-05,7.194205776982187e-06,0.0010214612164032642,4.4271816202494076e-09,2.175025977827295e-06,0.0001729386323326275,0.8461598268095575,5.623339398698552e-07,0.0004788791345551468,8.019388437545901e-06,1.6857829048282944e-05,3.97831874916908e-05,0.00011134265552302072,0.008135170245605625
71,0.13646323158058607,7.399421911823452e-06,0.00014716043193435218,0.00028280088500426447,0.00017612637985003915,4.422923393631365e-07,1.0621239263360405e-05,1.0580646492646669e-05,0.002867628557679807,0.0006441667281965934,5.529636802544212e-06,3.078764389088143e-05,9.456631636847837e-06,0.00153668765699656,1.0786248371336151e-08,1.9219962952708458e-06,0.0002715643724558636,0.8477239210179355,8.730622842720537e-07,0.0006095821146588531,1.7930696338477486e-05,3.198171725688698e-05,4.6847814398888686e-05,0.00015463819886247067,0.00894810849068007
