,0,1,2,3,4,5,6,7,8,9,10,11,12,13,14,15,16,17,18,19,20,21,22,23,24
0,1.785014423901456e-05,3.958430720895146e-08,3.4825824134831874e-07,0.00038683926744215684,1.6636141836312593e-06,0.0015639142116256094,4.384611019205047e-09,1.0547146212408785e-08,5.427702305129832e-06,1.5721152366256948e-05,2.1698788900516014e-08,2.3800569398618345e-09,7.330126629214822e-06,0.000198254288174754,7.339574005046768e-11,1.6060477797082112e-06,0.013896479336096909,0.9835314686183799,1.7829580870233364e-09,4.035687251940389e-05,0.00022516630981490158,6.760141613704258e-08,1.176975908100543e-06,2.6039754543276985e-06,0.00010364504615937972
1,2.435828630148052e-05,6.054325996415835e-08,5.651954693485171e-07,0.00032627603669298927,2.882638430595513e-06,0.0032267307613668282,5.886850055883072e-09,1.8741348396278522e-08,1.877073710763148e-05,1.7718939662107095e-05,2.881121691804989e-08,3.709690709568172e-09,1.981906246235224e-05,0.000137812285838671,2.7105553158950663e-10,6.939358305205648e-06,0.01710983825208712,0.9785509206041723,6.421961235164866e-09,6.644376678940384e-05,0.0003838839685516569,1.313592653195709e-07,7.668339224769067e-07,4.856572958032208e-06,0.00010116095523370117
2,2.724031767791572e-05,6.98471492952484e-08,3.5294441436227346e-07,0.00025856959457139055,6.098919180192794e-06,0.002048485711749024,6.614183354374509e-09,1.601272046216581e-08,1.3076412192355352e-05,1.3886481696297057e-05,3.270658616799561e-08,3.3880997005754334e-09,1.821736600281148e-05,0.00023656360205658774,2.868709972886078e-10,3.855092968599989e-06,0.026310776143768345,0.9705219630947367,3.646109626569804e-09,9.796076507773446e-05,0.0002633693132951967,1.0858939434655836e-07,1.1468431600092446e-06,2.9446833905850537e-06,0.00017525162294814613
3,1.990109604858123e-05,5.00667960130211e-08,3.8285900580753497e-07,0.00036217042003391735,2.967093343266838e-06,0.0025416619638349946,4.62976671474403e-09,1.5113025293984727e-08,1.0879370427203223e-05,1.340880001775895e-05,3.3865698739654524e-08,2.9431880812230124e-09,1.4696152273196944e-05,0.00019293618477186244,1.5750856128785823e-10,3.497515908961853e-06,0.02396717264791566,0.9723700905875025,3.7810463846901615e-09,6.57309215423325e-05,0.00032565346185163676,1.1188988162439452e-07,1.1587227193765116e-06,4.02191872118741e-06,0.00010344783717041504
4,2.097303721221117e-05,4.73253274081472e-08,3.819680650421538e-07,0.0003526830952962016,2.9968017231529973e-06,0.0023956255634054,4.6620079773803755e-09,1.4691042824552318e-08,1.1702568442062048e-05,1.1572159832173842e-05,3.4313942737372224e-08,3.629952206188952e-09,1.99096217035052e-05,0.00019594796975504759,1.594536390504015e-10,3.472025344579055e-06,0.02631273009987405,0.9701519758694224,3.911784749710498e-09,6.68047295245672e-05,0.00033991825508151335,1.1901104216407118e-07,1.0955607707401759e-06,4.190183701793464e-06,0.00010779278629197657
5,1.4249580400308186e-05,3.248473745331201e-08,2.522080128583205e-07,0.0003671426277685074,1.5312206779548996e-06,0.0016553840584694766,2.9111077299798907e-09,9.636931841085077e-09,6.98418744500472e-06,1.0724781540644038e-05,2.2179420414734735e-08,2.3248396737128225e-09,1.029168494506352e-05,0.00015281124578713818,9.03468653595307e-11,2.2670621783945476e-06,0.01803566466846241,0.9793676343460677,2.0860932795114306e-09,4.701842127270269e-05,0.0002455132584994101,9.006182619091652e-08,8.563769580440417e-07,3.0696578919701266e-06,7.844283831909472e-05
6,1.990109604858123e-05,5.00667960130211e-08,3.8285900580753497e-07,0.00036217042003391735,2.967093343266838e-06,0.0025416619638349946,4.62976671474403e-09,1.5113025293984727e-08,1.0879370427203223e-05,1.340880001775895e-05,3.3865698739654524e-08,2.9431880812230124e-09,1.4696152273196944e-05,0.00019293618477186244,1.5750856128785823e-10,3.497515908961853e-06,0.02396717264791566,0.9723700905875025,3.7810463846901615e-09,6.57309215423325e-05,0.00032565346185163676,1.1188988162439452e-07,1.1587227193765116e-06,4.02191872118741e-06,0.00010344783717041504
7,6.991996974971177e-05,5.15419538845701e-08,1.4748043969865817e-06,0.0002417816968096181,3.5012576302302507e-06,0.003045824343298811,9.380735747181583e-09,2.0630848841503932e-08,9.674653989612982e-06,1.5693421496798985e-05,4.607461703533505e-08,3.7066955874307816e-09,2.7288752660543273e-05,0.0001398865819087031,1.1152161191661269e-10,2.4412077815134703e-06,0.014676681595786573,0.9814100304703472,7.246789798533027e-09,4.404072152651316e-05,0.00019030705079175648,5.246519424549758e-08,1.2243365384707583e-06,7.9468491110708e-06,0.00011209112781918638
8,4.272160750313887e-05,1.561491265576728e-07,1.2305387355424085e-06,0.0010578950792086944,4.822765026442425e-06,0.004483188562307256,1.147744623741136e-08,2.825502952285922e-08,1.0389070945801507e-05,4.4332111906723575e-05,6.283490055509983e-08,5.1016054399976244e-09,1.6522518709618175e-05,0.0004889390284212215,1.3199143197120794e-10,3.5034374508326566e-06,0.02230549611455794,0.9708580177799261,5.752238691614895e-09,0.00012594478893459662,0.00035752529501103223,8.336523880521733e-08,5.40638359907993e-06,8.978014076077858e-06,0.0001847338361027969
9,1.9973194250836347e-05,1.1671954631954393e-07,9.423223733120017e-07,0.001345671848062391,2.3006337700441875e-06,0.0040418498116939275,7.969870496548377e-09,1.7962729439397904e-08,1.2350035125379302e-05,4.840319015436336e-05,3.418486758178682e-08,5.494501196328369e-09,1.6348136021836298e-05,0.0003015824918766065,1.37296661619999e-10,4.6178769233714465e-06,0.01917716359104281,0.9740445302655454,4.186211428423509e-09,0.00012511444151888654,0.0006968184295672211,1.1743003447912984e-07,3.49341524315952e-06,8.070656918393544e-06,0.00015046557485449668
10,1.990109604858123e-05,5.00667960130211e-08,3.8285900580753497e-07,0.00036217042003391735,2.967093343266838e-06,0.0025416619638349946,4.62976671474403e-09,1.5113025293984727e-08,1.0879370427203223e-05,1.340880001775895e-05,3.3865698739654524e-08,2.9431880812230124e-09,1.4696152273196944e-05,0.00019293618477186244,1.5750856128785823e-10,3.497515908961853e-06,0.02396717264791566,0.9723700905875025,3.7810463846901615e-09,6.57309215423325e-05,0.00032565346185163676,1.1188988162439452e-07,1.1587227193765116e-06,4.02191872118741e-06,0.00010344783717041504
11,2.1170269166881792e-05,5.0137198294307683e-08,4.0399034788270404e-07,0.00036995985741676123,3.1991936187226095e-06,0.002510321853480772,4.95094551543709e-09,1.5675185780237103e-08,1.1583791312090436e-05,1.2903598050401668e-05,3.585930115606132e-08,3.455062686869514e-09,1.919440153640527e-05,0.0001953564736785659,1.6323767546686607e-10,3.6989939045535237e-06,0.026044675963424115,0.970282827079631,4.023902041767799e-09,7.228956770461845e-05,0.0003394509190951307,1.1662335378416907e-07,1.1968615738098046e-06,4.458429585161579e-06,0.00010707786828629896
12,6.71792763942176e-05,2.020201182100214e-07,2.054230392606324e-05,0.0032131146819292886,5.140434065559229e-06,0.011734042256061538,1.354547257865829e-07,1.3138399918139683e-06,0.00019380038720078646,6.444284408708029e-05,1.0751321536317258e-06,1.1427283895851817e-07,6.26077555101524e-05,0.00010074929497882132,5.009843266238231e-09,0.00014652105303890203,0.0069810333331544175,0.9747118054348839,2.4313954936133525e-07,0.00018261567536114788,0.00225610333159115,1.2425271944498083e-06,5.305596686887453e-06,0.00018821076577091455,6.245417894370768e-05
13,1.8340969522119726e-05,4.812736999166229e-08,4.2274359148746666e-07,0.0005203766498087333,3.4641647009626488e-06,0.00255162665335651,5.476337889033965e-09,2.6726824303243845e-08,1.027510435326948e-05,1.0856366931987328e-05,8.50336006008232e-08,5.34991260168809e-09,1.9349851152151222e-05,0.0003467950269289869,1.4871115398372445e-10,3.2807816654793803e-06,0.032365208825318674,0.9635800435936914,4.726036368329108e-09,8.702140984498017e-05,0.00038004158955836503,1.570358980213619e-07,2.32213266697067e-06,6.300342165330154e-06,9.394117005147838e-05
14,1.873146833646818e-05,4.133161787930547e-08,4.130342760609071e-07,0.0003594701458791415,2.6278328746570605e-06,0.0025982669883259555,4.2201657912763066e-09,1.4510582021763867e-08,1.0900925120434576e-05,1.189430579474196e-05,3.1721491094739124e-08,2.941417263241326e-09,1.593597320958654e-05,0.00017347500828264305,1.5563970316623583e-10,3.4571262024455777e-06,0.024713116682310736,0.9715729398777175,3.456748975586952e-09,6.262460039276264e-05,0.00034775653798767997,1.1114645183564243e-07,1.0838721930093052e-06,3.897863386828717e-06,0.00010319827359492923
15,1.990109604858123e-05,5.00667960130211e-08,3.8285900580753497e-07,0.00036217042003391735,2.967093343266838e-06,0.0025416619638349946,4.62976671474403e-09,1.5113025293984727e-08,1.0879370427203223e-05,1.340880001775895e-05,3.3865698739654524e-08,2.9431880812230124e-09,1.4696152273196944e-05,0.00019293618477186244,1.5750856128785823e-10,3.497515908961853e-06,0.02396717264791566,0.9723700905875025,3.7810463846901615e-09,6.57309215423325e-05,0.00032565346185163676,1.1188988162439452e-07,1.1587227193765116e-06,4.02191872118741e-06,0.00010344783717041504
16,1.5574736398834347e-05,4.9547529829597224e-08,2.850043580381477e-07,0.0003471665061294297,2.4572522149444297e-06,0.0019657645737918422,4.557620540516242e-09,1.5206427757544195e-08,9.621556930449352e-06,1.6500488518830455e-05,2.5689645845603844e-08,3.2659738894882033e-09,1.3625298388407772e-05,0.00018975374329648518,1.6169307460631715e-10,3.727485447918986e-06,0.023231343553842612,0.9736176827186012,3.6562683275071957e-09,7.002105368521598e-05,0.00041056350683139274,1.4088372426436442e-07,1.070935613824973e-06,3.2959892960361844e-06,0.00010130262777106733
17,1.6864138633203343e-05,4.3242381334528294e-08,2.964989531569548e-07,0.0003612157469262426,3.01391417671518e-06,0.0021163564599631537,4.177009022500298e-09,1.4776057406653415e-08,8.913390311186433e-06,1.2127974845637767e-05,3.3753884134476766e-08,3.038322713544688e-09,1.5831564050385952e-05,0.00022618487467929206,1.3384934902516295e-10,3.1224276437461348e-06,0.029953572126954556,0.9667732366274743,3.0923905922726575e-09,7.442468159118076e-05,0.00032535709132641005,1.1962485856366104e-07,1.3164394546809514e-06,3.53944285854784e-06,0.00010440476140449363
18,2.1707045638047307e-05,5.892814615012139e-08,4.6735713389064657e-07,0.00042376189108114,3.1740828587309506e-06,0.00301889544179605,5.284634965774698e-09,1.8434745987857814e-08,1.2964718001957433e-05,1.4873397622081135e-05,4.138733619646481e-08,3.341685150564299e-09,1.5465400729630846e-05,0.00020222419191839386,1.826471038928114e-10,4.213163722535976e-06,0.023187824131528437,0.9725645394798823,4.784189507032381e-09,7.009306879944507e-05,0.0003522757975425336,1.230989681407657e-07,1.3070874501101123e-06,5.023950066321583e-06,0.00010093435187538996
19,1.8810935827002928e-05,6.014998289657992e-08,5.685041338231101e-07,0.0005575345642296946,2.760481323127878e-06,0.002136519020001257,8.95781180279794e-09,2.42676481194568e-08,1.4923382412765617e-05,1.9469094920183648e-05,3.32691988627078e-08,6.30666315271851e-09,1.9531821004416317e-05,0.00018789884085608694,2.2735053197312192e-10,5.4870880773076705e-06,0.021541275782557868,0.9747656373611572,4.415138789421202e-09,7.632618096674742e-05,0.0005277526006946432,1.7337353816264506e-07,1.2210721021563833e-06,4.25111749742859e-06,0.00011972118490615079
20,1.3462621997109474e-05,3.869407149273343e-08,3.700760819866102e-07,0.0003861758131875564,1.7258724923682177e-06,0.001814943570093515,4.66382646952653e-09,3.090302898287784e-08,1.0368094761947045e-05,1.333894019960715e-05,3.806430041545219e-08,4.034885552219747e-09,1.103763127382464e-05,0.00015038306290372146,2.8485887859852703e-10,4.575902701919161e-06,0.02152847550961866,0.975534344594936,4.843963743563935e-09,6.146135820792616e-05,0.00038693357822818344,2.4558923110852777e-07,9.510054468719629e-07,3.3589720459335337e-06,7.772631765618178e-05
21,2.0291440025522657e-05,7.540648659929428e-08,3.463153993573915e-07,0.0004762771333154648,2.1750861251890125e-06,0.0019611819125056077,5.114850733426469e-09,2.155387005981144e-08,1.5471327829036668e-05,1.8670366261790325e-05,2.6255435598177753e-08,5.314374250924185e-09,1.610981739352803e-05,0.00025333980959790873,1.7477723297251852e-10,7.042418202020069e-06,0.013928014136616219,0.9828070205407795,4.6985392524080294e-09,7.959698333738965e-05,0.0003272998265857724,1.371400125469318e-07,7.5844657716278e-07,3.96968313493765e-06,8.215909796723782e-05
22,1.4644518572304195e-05,1.8179660730200656e-08,2.1324156698034792e-07,0.00016283841912254413,1.4141156261861133e-06,0.0013428898861419017,1.7430176102960187e-09,7.449573991785167e-09,4.922149069859468e-06,6.256635638879526e-06,1.8602915641326732e-08,1.0369552572537032e-09,6.890811954869942e-06,8.797691586605299e-05,8.589473458241305e-11,1.5323846546578695e-06,0.020711409912210894,0.9774058202485647,1.5937538210558974e-09,2.983654904092246e-05,0.0001566480305659483,8.072529030425799e-08,4.980266175422437e-07,1.8880926996004012e-06,6.419064502397208e-05
23,1.990109604858123e-05,5.00667960130211e-08,3.8285900580753497e-07,0.00036217042003391735,2.967093343266838e-06,0.0025416619638349946,4.62976671474403e-09,1.5113025293984727e-08,1.0879370427203223e-05,1.340880001775895e-05,3.3865698739654524e-08,2.9431880812230124e-09,1.4696152273196944e-05,0.00019293618477186244,1.5750856128785823e-10,3.497515908961853e-06,0.02396717264791566,0.9723700905875025,3.7810463846901615e-09,6.57309215423325e-05,0.00032565346185163676,1.1188988162439452e-07,1.1587227193765116e-06,4.02191872118741e-06,0.00010344783717041504
24,1.8966633947507863e-05,7.141424946546549e-08,2.481576385519962e-07,0.0004665283762557526,2.606068946972685e-06,0.0021070020489396637,3.739644514998791e-09,1.5076695816255322e-08,8.637040997125391e-06,1.6436436207149235e-05,2.954693990166492e-08,2.7946767711429423e-09,1.215130913623235e-05,0.00030592462878055747,1.047937129002565e-10,3.333375506423824e-06,0.023327446143294284,0.9733184905332258,3.4293366374530617e-09,7.818462502698077e-05,0.00024157812298275543,1.0413290127347018e-07,1.230917815415547e-06,3.600871034611397e-06,8.740447102604409e-05
25,1.934406777540257e-05,7.95754463959912e-08,4.724714789997845e-07,0.0008222379706745666,3.5766796700915432e-06,0.0026716845985995906,7.882474985581205e-09,7.579897809414664e-08,9.145111793534151e-06,1.9931482578194015e-05,1.392126689842588e-07,5.135916037366552e-09,1.0141709052356192e-05,0.0005248021434700848,1.4297120370896712e-10,4.902660380522663e-06,0.027877814668708915,0.9675348192246951,7.94192994857525e-09,0.00010240569220573108,0.0003286361753292056,2.1330615717741174e-07,3.3217858377795467e-06,7.751285146646874e-06,5.84832760603843e-05
26,1.9724851475436856e-05,5.114890600030883e-08,3.824326377234159e-07,0.00036699247302240164,2.9694291255086865e-06,0.0025145869472701413,4.754732005422252e-09,1.5622968140150214e-08,1.0916770793493619e-05,1.378541737189354e-05,3.3662872222952076e-08,3.013538759688512e-09,1.4498653800392327e-05,0.00019729257543583327,1.618175585963753e-10,3.5575211054870393e-06,0.023957278507902875,0.972390447478325,3.809043864773321e-09,6.651703400896195e-05,0.00033072860678716264,1.1478083504669683e-07,1.1624818138027343e-06,3.920157612124833e-06,0.0001050117067983581
27,1.4585198758865566e-05,3.8332676505765145e-08,2.9007236434323676e-07,0.00033517875480883625,1.8935682174284947e-06,0.002217364300843507,3.2327517148422396e-09,1.5804357911070724e-08,1.0326560188380732e-05,1.09341540350589e-05,3.30206097166717e-08,2.70993066955806e-09,1.136955999627611e-05,0.00015815470070195927,1.7233813994111147e-10,3.5437434401371796e-06,0.022898432490938724,0.9738920202368112,3.936386826300559e-09,5.408151965611528e-05,0.00031237788386492013,1.6369340078294297e-07,9.098685093760658e-07,3.733807012878266e-06,7.454267739950414e-05
28,1.990109604858123e-05,5.00667960130211e-08,3.8285900580753497e-07,0.00036217042003391735,2.967093343266838e-06,0.0025416619638349946,4.62976671474403e-09,1.5113025293984727e-08,1.0879370427203223e-05,1.340880001775895e-05,3.3865698739654524e-08,2.9431880812230124e-09,1.4696152273196944e-05,0.00019293618477186244,1.5750856128785823e-10,3.497515908961853e-06,0.02396717264791566,0.9723700905875025,3.7810463846901615e-09,6.57309215423325e-05,0.00032565346185163676,1.1188988162439452e-07,1.1587227193765116e-06,4.02191872118741e-06,0.00010344783717041504
29,1.990109604858123e-05,5.00667960130211e-08,3.8285900580753497e-07,0.00036217042003391735,2.967093343266838e-06,0.0025416619638349946,4.62976671474403e-09,1.5113025293984727e-08,1.0879370427203223e-05,1.340880001775895e-05,3.3865698739654524e-08,2.9431880812230124e-09,1.4696152273196944e-05,0.00019293618477186244,1.5750856128785823e-10,3.497515908961853e-06,0.02396717264791566,0.9723700905875025,3.7810463846901615e-09,6.57309215423325e-05,0.00032565346185163676,1.1188988162439452e-07,1.1587227193765116e-06,4.02191872118741e-06,0.00010344783717041504
30,1.990109604858123e-05,5.00667960130211e-08,3.8285900580753497e-07,0.00036217042003391735,2.967093343266838e-06,0.0025416619638349946,4.62976671474403e-09,1.5113025293984727e-08,1.0879370427203223e-05,1.340880001775895e-05,3.3865698739654524e-08,2.9431880812230124e-09,1.4696152273196944e-05,0.00019293618477186244,1.5750856128785823e-10,3.497515908961853e-06,0.02396717264791566,0.9723700905875025,3.7810463846901615e-09,6.57309215423325e-05,0.00032565346185163676,1.1188988162439452e-07,1.1587227193765116e-06,4.02191872118741e-06,0.00010344783717041504
31,7.524171853572457e-06,1.0442240968863159e-07,2.1509187225176862e-07,0.0010313659064843524,8.640554088404816e-06,0.009027898802546714,3.995178202756444e-09,6.789571626714247e-09,6.5336409778201e-05,1.402535915335065e-05,7.189517062216307e-08,7.174328092720551e-09,4.4076789906961756e-05,0.000282040534398143,6.500900999001614e-10,1.8951093687300897e-05,0.0844039081537037,0.9028482013733687,6.1173097492463745e-09,0.00034398140503796783,0.0016884887560192905,4.2207809533186587e-07,3.2850247660467356e-06,1.452943219953209e-05,0.00019690801898196195
32,2.1548925062534143e-05,5.4178210278104446e-08,3.9956647871732934e-07,0.0003477698863282551,2.9747393071980317e-06,0.002723047657243557,4.803091834411782e-09,1.6492067283322444e-08,1.1478866643579995e-05,1.3832026674876713e-05,3.687313156849907e-08,3.0701145983030593e-09,1.5181930927934416e-05,0.00019026011698719148,1.728264636511603e-10,3.6444092396855236e-06,0.02374731456795171,0.9724207084527129,4.766776106259276e-09,6.282940953252281e-05,0.0003336324994585893,1.2175374383726432e-07,1.1512626056637633e-06,4.443146978456816e-06,9.954042590475023e-05
33,3.851063435107995e-05,7.669261962401591e-08,1.054369765436787e-06,0.00031004733839558345,3.739976459035723e-06,0.0022907413847404186,1.0492502172434011e-08,9.38413148116715e-09,2.487373229430116e-05,1.3212718920586392e-05,1.9702632269657445e-08,4.079779230560651e-09,1.0520401301577734e-05,9.72256340857654e-05,4.3345127528971425e-10,2.838783861446134e-06,0.008698573404218604,0.9878282378214491,2.6342759051057703e-09,3.861000522230419e-05,0.00036791711571384524,6.321165873664764e-08,6.014095514410805e-07,2.461630941931177e-06,0.0002706470076769097
34,4.204963020409721e-05,6.57091386557509e-08,5.580362754012441e-07,0.00021799976304592744,3.6363544996454038e-06,0.0030515806116475216,5.24725458231886e-09,1.62347196756877e-08,2.152720013273454e-05,7.749300999752942e-06,4.346716073081905e-08,3.5652113919690118e-09,2.043347515398297e-05,0.00013845957044851683,2.3793148409641904e-10,3.412142502608062e-06,0.01827215251464021,0.9778215982388548,8.480046718912072e-09,3.7994973920531396e-05,0.0002621862523411501,1.0585599276723052e-07,6.07083001516087e-07,5.304216980869104e-06,9.25018378948763e-05
35,1.8747154595483223e-05,1.0956652132199152e-06,2.2623098490989067e-06,0.004845568257110712,0.00011379380240057263,0.10452488461646794,2.419977563060512e-08,9.23046999565901e-08,5.8042086847716265e-05,0.00017500931474556414,1.07885345667333e-06,1.5800767965930627e-08,0.00019455314475217035,0.003759279504217811,2.7927463788975576e-09,8.629422312120359e-05,0.44230647491523906,0.43152990475680236,6.449193202689032e-08,0.007444849063438613,0.003924629414900935,6.114445328682402e-07,0.00022333894466068042,0.00010410974715047754,0.000685273190574774
36,1.970388032480243e-05,5.306830140707891e-08,3.9524253209868967e-07,0.000381026015472062,3.1202686279033236e-06,0.0027975395579476377,4.527999460063811e-09,1.3432587420250866e-08,1.0719889757173687e-05,1.436191025442307e-05,3.4558543344127935e-08,2.611892996881679e-09,1.346338630123806e-05,0.0001947603803281559,1.4887993134667607e-10,3.2436076613172756e-06,0.023866390499379445,0.9721784747345495,3.587077588659441e-09,6.732505094710088e-05,0.00033678980703044924,1.0299410601712365e-07,1.3287622206409554e-06,4.301659487300251e-06,0.00010684041779026888
37,2.5686438648688e-05,3.1225293639579955e-08,3.5762869864907287e-07,0.0002622904554181895,1.4424982472799415e-06,0.0012482629308198055,3.280324216290666e-09,6.851253080637788e-09,5.217543129766687e-06,1.204301095219229e-05,1.7659357107363736e-08,1.8059037183366984e-09,1.0223105333627507e-05,8.987752954062131e-05,4.3308148792955615e-11,1.3225971272693701e-06,0.01235074852518276,0.9857240484627673,2.1494237868561896e-09,3.650888142560241e-05,0.00016088846808112595,4.970606858180982e-08,8.75555790010177e-07,4.559636695303057e-06,6.553401120946352e-05
38,6.613628461589156e-05,8.888707905665434e-08,1.0786490491015354e-06,0.0002289068762297343,6.366679768806321e-06,0.005575057219499508,1.1043512204405165e-08,1.6523931256465666e-08,2.3921561465633176e-05,1.8006961337905907e-05,4.244688933165803e-08,3.697167899325783e-09,2.538737989840722e-05,0.00014931033731816983,3.6948411823944807e-10,5.914540599116935e-06,0.014650887149294326,0.9787537480848352,1.0363587462500172e-08,4.831184805683875e-05,0.000267343362701155,7.852813644041829e-08,9.060972020950232e-07,7.228221211882609e-06,0.000171236887128595
39,2.0063346956317362e-05,5.1661569327936126e-08,3.756060805062124e-07,0.00036539761271483736,3.009480705541237e-06,0.0024984080463145274,4.651073675753133e-09,1.500856710323826e-08,1.0893749090567774e-05,1.345446743314766e-05,3.402511511413903e-08,2.9456377865911846e-09,1.4342058022273016e-05,0.00019842394145399303,1.5592842313401218e-10,3.4552685844417075e-06,0.02353080650880053,0.9728484397177036,3.72810183489387e-09,6.605877205580401e-05,0.00031779007109676447,1.1028836748091068e-07,1.1654882530215176e-06,3.990694651959033e-06,0.00010370270572128157
40,4.392218361382258e-05,8.125487293808785e-08,9.855220082223217e-07,0.00029339386923017924,5.521335074359776e-06,0.0034722553747385952,1.0284602457580608e-08,2.0163903895034652e-08,2.4047872370440187e-05,1.2590023878667296e-05,4.3529794056181764e-08,6.3741163890491085e-09,2.879627558801898e-05,0.00023550196303987085,4.18144818306761e-10,4.084721314874451e-06,0.021122806799887126,0.9740845290059944,6.301151868227187e-09,6.250059406893334e-05,0.000380447309693056,1.1959298320512387e-07,1.071933702629697e-06,4.166821418749489e-06,0.00022309047480865586
41,2.4400013015465743e-05,5.430127997122954e-08,4.323141022395757e-07,0.0003327142177050373,3.8022400838295794e-06,0.0025641055651830637,5.29969680497539e-09,1.4961159278530488e-08,1.3646564591026343e-05,1.1953392072891483e-05,3.450793608033617e-08,3.2299510189697643e-09,1.77994995555085e-05,0.00018090690341784828,1.9403893543780402e-10,3.939758305979038e-06,0.023943509297187835,0.9724078403038612,3.8871233635997235e-09,6.795432685773031e-05,0.00030358787293427024,1.0636608399585421e-07,1.034270114778268e-06,4.05208783052322e-06,0.00011809862591144302
42,1.056063455422158e-05,3.1370613319591476e-08,4.818450470673944e-07,0.0004887620070207887,1.2979579198311678e-06,0.0032548783903359056,4.753685815506362e-09,4.885744544570302e-08,1.3494354277367146e-05,1.9597488623052297e-05,4.3881427275859806e-08,5.711564202628045e-09,2.110403071629163e-05,0.00011461920120110327,3.8797608196802377e-10,1.2444768983881346e-05,0.0273452545841802,0.9678373914259664,1.1026392802610352e-08,8.275356622123682e-05,0.0007295042569422075,4.1710159332883376e-07,1.0327966630023695e-06,6.430430720597859e-06,5.982916992822077e-05
43,2.043111659082027e-05,5.038448118764783e-08,3.872441812233629e-07,0.0003625047611453405,3.0252678531210955e-06,0.002527545578337029,4.682000458447165e-09,1.5106012348390127e-08,1.106062378081704e-05,1.2995549836692644e-05,3.445182536843612e-08,2.9934809869302103e-09,1.4839557104088674e-05,0.00019436761892275338,1.58339594713314e-10,3.468428932667451e-06,0.023819483948195937,0.9725359174506194,3.75960826300565e-09,6.514072860171367e-05,0.00031890659405156053,1.0997113358664495e-07,1.1491988033056137e-06,4.026502199139436e-06,0.00010452832396251035
44,1.990109604858123e-05,5.00667960130211e-08,3.8285900580753497e-07,0.00036217042003391735,2.967093343266838e-06,0.0025416619638349946,4.62976671474403e-09,1.5113025293984727e-08,1.0879370427203223e-05,1.340880001775895e-05,3.3865698739654524e-08,2.9431880812230124e-09,1.4696152273196944e-05,0.00019293618477186244,1.5750856128785823e-10,3.497515908961853e-06,0.02396717264791566,0.9723700905875025,3.7810463846901615e-09,6.57309215423325e-05,0.00032565346185163676,1.1188988162439452e-07,1.1587227193765116e-06,4.02191872118741e-06,0.00010344783717041504
45,2.37966168099675e-05,4.6957865029837056e-08,6.150519558652355e-07,0.00038499324151346524,2.988778294940297e-06,0.0029651784947117427,6.2844179541511e-09,2.9241890264274272e-08,1.472733105323344e-05,1.3466891829204303e-05,5.008043989512745e-08,3.875607904019235e-09,1.6716583772709583e-05,0.00014225964029848212,3.106727147808496e-10,6.27388020696082e-06,0.021163381906721113,0.9747969177165171,6.248267926540805e-09,6.718266552198346e-05,0.0003029026952465313,1.6199449185301646e-07,1.017468221188193e-06,5.443209625805082e-06,9.183283404621034e-05
46,6.906371164260666e-06,1.1841511926927933e-08,1.9102181574665882e-07,0.0003870884859794341,1.1936445717045954e-06,0.002863150148085812,1.1296339620811374e-09,1.184844157883442e-08,3.946192389866264e-06,6.505871642256877e-06,3.384692670133055e-08,1.770487255943333e-09,2.6460514606324337e-05,0.00013592395175430902,7.930171432832766e-11,2.87347857125177e-06,0.11807390636418379,0.8778699251225897,2.8332193540911407e-09,8.354678670264015e-05,0.0004724927592956735,2.21676297027815e-07,1.4979249213344738e-06,4.260035927817242e-06,5.98462999787116e-05
47,2.5315875081849072e-05,2.9197091856992618e-08,3.0517542876614434e-07,0.00018545263303652385,2.03019121571485e-06,0.001341438222059282,3.6045172722133868e-09,8.01894633450905e-09,1.2984577839358603e-05,8.700428476777259e-06,1.2454968610200533e-08,4.622167815829823e-09,3.8869100072936154e-05,7.577865239396721e-05,1.6147505818258293e-10,4.7806208065328006e-06,0.026515494622620372,0.9712579157843579,3.719851176208929e-09,5.873330176842343e-05,0.0003539910208365665,1.318014517405224e-07,4.3243661022464596e-07,3.463985640910939e-06,0.00011411979128399109
48,3.108271712689559e-05,1.4154891728788578e-07,4.2876471809571615e-07,0.00048384761261199735,3.6871656993875894e-06,0.006763062675529649,5.468428457816371e-09,3.331891868972194e-08,1.2113927829891247e-05,3.1008960227433765e-05,8.611749801762438e-08,3.3753397483466955e-09,2.0465373761252286e-05,0.0003687460709110177,1.1956692599446942e-10,5.119588004905673e-06,0.041762265742480376,0.9499408849024493,2.7875912753488577e-08,8.928635162473103e-05,0.00040800799433457117,1.89613684562744e-07,2.776699176685215e-06,1.46040572549408e-05,6.21239579924701e-05
49,1.6609443429207256e-05,4.2313771791770494e-08,4.408201807783239e-07,0.0004305502698033946,2.1342804433715035e-06,0.0026705785980776255,4.14616041951508e-09,1.3920773696877848e-08,9.743662497663477e-06,1.4398264679799562e-05,3.188555242850197e-08,3.34427741975433e-09,1.6032363557296134e-05,0.00019055968801660856,1.4673988717812683e-10,3.164169204969884e-06,0.023029983429934044,0.9730464713664359,3.3422367751547506e-09,6.62135381353272e-05,0.0003909260563418927,1.1903223201153921e-07,1.324177755748261e-06,4.322774185097816e-06,0.000106328965576886
50,2.644879348667433e-05,7.063485773754096e-08,5.213729281065228e-07,0.0003230238360934406,4.2426041864675075e-06,0.0017265413132944612,1.8902960162456847e-08,4.097472223073719e-08,5.157687840368244e-06,4.907934836441928e-05,3.006074992130249e-08,4.797096533432841e-09,1.279202886763368e-05,0.00040395309557357735,1.5850004430201527e-10,3.280542811671466e-06,0.017684676738841963,0.9791797393110758,4.58288471402473e-09,7.515999701916343e-05,0.00031614690440507476,1.0087093202238553e-07,1.935980820954028e-06,2.3685809435500696e-06,0.0001846608807428895
51,2.1785393629937634e-05,3.593293525086422e-08,5.086476823634297e-07,0.0002938982903658087,5.150200446666053e-06,0.003481452488520195,5.985466533022385e-09,1.3675087074212384e-08,1.2493254170085776e-05,1.3298305838524664e-05,4.108818724282383e-08,3.170344036538608e-09,2.951762972549219e-05,0.000153748071007856,1.9961335513489612e-10,4.954119263793901e-06,0.03436787513389619,0.9609481014832454,4.0384300557058514e-09,9.163687669140773e-05,0.0004288098605854638,1.0723607443973306e-07,1.5904961487543591e-06,5.8613568337363705e-06,0.00013910706581029715
52,4.756940639171297e-05,4.0646380198185293e-07,1.97677497494608e-06,0.002509438006046968,1.0508742593217188e-05,0.005092260140138894,3.799262656494099e-08,6.041831478961501e-08,3.77296196178894e-05,6.656083678761062e-05,9.743044677159615e-08,3.156714967330434e-08,6.45719927617573e-05,0.0005978344513529291,3.5398182119447087e-10,1.0570648389082348e-05,0.06122345793324611,0.9272465608633249,1.8238666035294816e-08,0.0003391992112949521,0.00239865726115784,3.3433370865752474e-07,1.0871593425836107e-05,1.9939326553246697e-05,0.00032130639324590035
53,2.4059933953362514e-05,7.872423943310946e-08,7.963519663030413e-07,0.0006158862312783636,9.321540448259277e-06,0.002324126455864281,2.963263123559424e-08,4.3835936948850386e-08,1.7209382218140473e-05,3.00294294734912e-05,7.195986445761311e-08,1.0380219825069682e-08,2.5770603234490116e-05,0.0003146387278732315,3.6916110450967546e-10,7.224727935176183e-06,0.021394061148310634,0.9742885488290854,4.838755942681743e-09,0.00014397488417931885,0.000580083326523341,1.5120419399287407e-07,3.115862545251404e-06,6.1125665095530686e-06,0.00021464905359850064
54,4.317475505467493e-05,1.5250844345499047e-07,5.118714811905175e-07,0.00033422733264080497,4.0214113020958255e-06,0.002505252767058921,8.169066383958018e-09,1.3134156162457649e-08,1.671769644450269e-05,2.3267842763013438e-05,1.922390416385433e-08,4.438075159696441e-09,1.1074365724349367e-05,0.00032659399158930754,3.5884679024847206e-10,3.6199087496576937e-06,0.014007284046746525,0.9821352355791304,4.279384254402151e-09,5.7798047133230585e-05,0.00024822861280566095,9.819627635076644e-08,8.632799175504132e-07,2.0521790663549162e-06,0.00027977600423897443
55,1.8192017241650353e-05,7.372588136003834e-08,4.302775362244849e-07,0.0004642406448985824,4.22604027848994e-06,0.003857193388816207,5.1709166368314074e-09,2.4610762959537694e-08,6.966387218228892e-06,2.7442907962434068e-05,5.5530919968738466e-08,2.019450910759537e-09,9.689525066314282e-06,0.000352616766360236,1.7161649963098327e-10,3.621338453674422e-06,0.039678324232268726,0.954962013230922,4.949459922018905e-09,0.00011117980308860694,0.00037725838976644156,1.4464156404452642e-07,3.074199897551961e-06,4.510683153876729e-06,0.00011870934649847299
56,2.1159675073396745e-05,4.937000653879507e-08,4.039198107667575e-07,0.00035997319266316995,3.0702669305800564e-06,0.002558266400300614,4.8977088186240965e-09,1.5784290231443998e-08,1.1602401716532855e-05,1.2760328698823483e-05,3.5992833132547805e-08,3.475772867329675e-09,1.8686619140784035e-05,0.00019339267638726339,1.679960225557139e-10,3.637339148738609e-06,0.025610140459473896,0.97068436183451,4.212907405343451e-09,6.872463794404427e-05,0.0003409580202868051,1.190785997815299e-07,1.1619133449819663e-06,4.4069367557015505e-06,0.00010706039769899888
57,1.9197113307226722e-05,4.7643373872729937e-08,3.77156499175234e-07,0.0003742613857849095,2.8787285976282858e-06,0.00202232173007736,5.61680527731456e-09,1.9539617953736423e-08,1.3858027214558647e-05,1.5323891109490954e-05,2.6193959717330703e-08,6.865768555957242e-09,4.234345267781965e-05,0.00018302204287783285,2.1883666910056583e-10,6.202581301535926e-06,0.0382901155776833,0.9582800536468188,5.4679266081220925e-09,0.00011346401190747782,0.0005009971278051679,2.0148193114953617e-07,1.1089030303542938e-06,4.369740602826342e-06,0.00012979185448466025
58,2.3247786152081655e-05,4.759442408299118e-08,4.4319627944401764e-07,0.0003714437330660753,3.0291606856655495e-06,0.002931326557085265,4.958213399099282e-09,1.577723231428801e-08,1.2908523635152685e-05,1.166639693911181e-05,4.383799437510906e-08,3.653421786264252e-09,1.9515333326465562e-05,0.00017692127335543285,1.552316283054868e-10,3.8082458422375253e-06,0.0218003850393586,0.9741496312114954,4.994427704024036e-09,6.084879447110381e-05,0.00033596283710992194,1.1045049660867835e-07,1.2025595725800804e-06,6.1998479345470596e-06,9.122808224885725e-05
59,2.1942974337047578e-05,5.1012699028338276e-08,5.219462269367378e-07,0.0004338125734166102,3.0692956895075162e-06,0.003219327950116858,5.2153738127928916e-09,1.6900986189506723e-08,1.2899268764079388e-05,1.4041958545725173e-05,4.6107051418651345e-08,3.4587451394058806e-09,1.7602611649786716e-05,0.00017672355407370518,1.6754151174221373e-10,4.1540540793239864e-06,0.02203444724474878,0.9735095203021741,4.812839651591746e-09,6.957258702963862e-05,0.00037973544744455853,1.1516144101995348e-07,1.4197420580416726e-06,6.5465701357955925e-06,9.441908283168387e-05
60,1.990109604858123e-05,5.00667960130211e-08,3.8285900580753497e-07,0.00036217042003391735,2.967093343266838e-06,0.0025416619638349946,4.62976671474403e-09,1.5113025293984727e-08,1.0879370427203223e-05,1.340880001775895e-05,3.3865698739654524e-08,2.9431880812230124e-09,1.4696152273196944e-05,0.00019293618477186244,1.5750856128785823e-10,3.497515908961853e-06,0.02396717264791566,0.9723700905875025,3.7810463846901615e-09,6.57309215423325e-05,0.00032565346185163676,1.1188988162439452e-07,1.1587227193765116e-06,4.02191872118741e-06,0.00010344783717041504
61,2.2187727327894584e-05,5.172941282814758e-08,5.089082131700829e-07,0.00040860453818472765,3.109262932019258e-06,0.0030398013890465462,5.4180962023667666e-09,1.663355689916998e-08,1.2443364504584555e-05,1.4143129104571067e-05,4.425453263241201e-08,3.4420228844059127e-09,1.736657636224428e-05,0.00017663495974741428,1.71769295130013e-10,3.846481718405067e-06,0.022054249710534334,0.973706608855712,4.715310286377681e-09,6.685226625420216e-05,0.0003669588072064102,1.1597136315300863e-07,1.384458372217293e-06,6.02636210969756e-06,9.903086660528184e-05
62,1.990109604858123e-05,5.00667960130211e-08,3.8285900580753497e-07,0.00036217042003391735,2.967093343266838e-06,0.0025416619638349946,4.62976671474403e-09,1.5113025293984727e-08,1.0879370427203223e-05,1.340880001775895e-05,3.3865698739654524e-08,2.9431880812230124e-09,1.4696152273196944e-05,0.00019293618477186244,1.5750856128785823e-10,3.497515908961853e-06,0.02396717264791566,0.9723700905875025,3.7810463846901615e-09,6.57309215423325e-05,0.00032565346185163676,1.1188988162439452e-07,1.1587227193765116e-06,4.02191872118741e-06,0.00010344783717041504
63,2.2097818235760535e-05,6.726449504098887e-08,4.076166717738604e-07,0.0003943235006074826,3.2435080435960927e-06,0.0027640964033524566,4.9971090877189405e-09,1.5763889618260154e-08,1.1899753203664977e-05,1.55228688271275e-05,3.61572544140657e-08,3.1724436426236787e-09,1.4484351096323532e-05,0.0002220966423163152,1.814818161199747e-10,3.608205883305617e-06,0.02441700780434569,0.9715935932578242,4.455720055900738e-09,7.016166991225537e-05,0.00034806809966258227,1.2168893572793673e-07,1.286671285837816e-06,4.2135390402175915e-06,0.00011363460836211039
64,1.7059889442989665e-05,5.160425319958736e-08,4.0609710246379277e-07,0.00040085137717038415,2.754753822788379e-06,0.002763192254788004,4.767167727834366e-09,1.4752418650662634e-08,1.1649540067823685e-05,1.5700891891775077e-05,3.1835568602491024e-08,3.462746490349552e-09,1.7155664164148867e-05,0.00019207298067909408,1.7788600822414252e-10,3.7233330012723196e-06,0.02697661442300282,0.9689025544191397,4.109528669014005e-09,7.373574669105893e-05,0.0005037059566037579,1.4169559798105812e-07,1.3512657583703446e-06,4.35695324057035e-06,0.0001128620482658355
65,2.3567999563570603e-05,4.096277198282163e-08,3.399675893537086e-07,0.0002948651018223714,3.082054831500367e-06,0.0025388728170314093,3.4633770065157277e-09,1.1236822290955264e-08,1.7169833068970433e-05,6.430955707846885e-06,3.8502036339777904e-08,3.1075779277233866e-09,1.9677615408575196e-05,0.00013694086811493654,1.5899817582056798e-10,3.880766171404782e-06,0.0223747784091201,0.9741938024039506,4.034040559340271e-09,4.9247414975638065e-05,0.00025072303242123844,1.046147724348839e-07,7.196644254560855e-07,5.072911440419502e-06,8.062210396010305e-05
66,1.7534064211645914e-05,5.313692386191873e-08,3.005878794508308e-07,0.0004239218176148142,1.97075487544397e-06,0.0019098131761524475,4.317481752402722e-09,1.9779605693476937e-08,1.0728834207013878e-05,1.1470429993320622e-05,3.097891384021939e-08,3.71753735030372e-09,1.0037342319046973e-05,0.000252842204034714,1.5103349093219014e-10,3.3023752088517846e-06,0.01863144957907157,0.9783208718070885,3.5781818243931835e-09,4.9232013415218506e-05,0.0002648914425924866,1.3061441133026203e-07,8.541890307589369e-07,2.7483309343984254e-06,8.778477728099187e-05
67,4.6651043162225236e-05,1.1369308420202101e-07,6.239880037705206e-07,0.00022732975968465296,3.93398895353448e-06,0.001502492611518545,1.2986871741573419e-08,2.7707623034605605e-08,2.6230156425132705e-05,1.3105994325971507e-05,3.529474813961108e-08,5.109073796625879e-09,8.168184758723009e-06,0.00011164922569506381,4.527168973721706e-10,4.315763945136178e-06,0.010046789440262233,0.9876146636239103,8.355783151545633e-09,3.0220325305854772e-05,0.0002466757988453823,1.5875448194921923e-07,4.4888438857313787e-07,2.9668592371463726e-06,0.00011337199719471765
68,2.7622841800003867e-05,8.506472850782162e-08,4.0977003388985296e-07,0.0003303531621547976,6.617433271258688e-06,0.0033752954218173405,7.268850056438389e-09,2.132222626019141e-08,1.64232125131383e-05,1.6493985679866896e-05,5.133003832730711e-08,3.6679969998715496e-09,2.1332647861198264e-05,0.0002367327951018395,3.781945058139538e-10,5.763236770387683e-06,0.03601158552717677,0.9593675132919511,7.034591963413725e-09,0.00010763944256703677,0.0003156586018390277,1.6528820286210204e-07,1.4905559166819629e-06,4.935078753362338e-06,0.00015379163996275284
69,1.8512240119228346e-05,3.517204544438123e-08,2.344650345997103e-07,0.0001944503195038482,2.107338226947591e-06,0.0016940272275144318,2.9364397996760837e-09,8.410016797603513e-09,8.87675449848875e-06,8.75816228475388e-06,1.6313277480611445e-08,1.81354925187159e-09,1.0578363299585793e-05,0.00013765348401915622,1.288231041433197e-10,2.2718816903324592e-06,0.020844043457508992,0.9767374705303409,2.334505444173923e-09,3.7596657968193456e-05,0.00019925746595933345,8.73194697744111e-08,4.852024206381414e-07,1.7831708718417945e-06,0.00010173885061191355
70,2.501867910591497e-05,1.4976942716909136e-08,3.310264869437999e-07,0.00020299593889584467,1.4179031039947667e-06,0.000384421050327115,2.9908049794515006e-09,1.8691508349343262e-08,4.738159522278417e-06,5.030450788856209e-06,6.636830854601395e-09,2.2442550235183507e-09,1.415361492496229e-05,0.00013430507039918028,8.952770354011271e-11,3.226305153322396e-06,0.013472576639737983,0.9855531012926967,4.270628874020119e-10,5.620217714000509e-05,4.267429055670214e-05,3.828478587844734e-08,1.2857237129029213e-07,4.222696770291517e-07,9.917221739351162e-05
