,0,1,2,3,4,5,6,7,8,9,10,11,12,13,14,15,16,17,18,19,20,21,22,23,24
0,3.280031482398001e-06,2.7771385486982916e-05,2.0616605813175396e-07,0.00010248432288370983,0.001421767566843277,0.05281176697968721,3.625965242326755e-06,9.814110642591785e-06,0.887855949436042,1.55485883605117e-05,1.3653835682763537e-05,2.8736469044582904e-07,4.1451781997887536e-09,5.2851963450888853e-08,0.0001411488797135888,0.00017614343505329458,2.3589374829484007e-05,0.008460322628248092,9.208702098715701e-05,7.92699432733942e-07,0.00045338664271858946,1.3242388265761144e-05,0.048339691591111796,2.1193168096486351e-07,3.317065771453443e-05
1,4.235211168428686e-06,8.686419781335649e-05,4.075375187160934e-07,5.889929196857554e-05,0.0037713137567302406,0.06013634395940345,4.773137884124206e-06,5.9671667430676495e-06,0.8851403836472065,1.4369466513343043e-05,1.9545691930814864e-05,4.2643685137274295e-07,2.653893869697766e-09,1.2912117805429046e-07,0.0002738708783257326,0.0001261685527340225,3.1276748358509374e-05,0.006099270921198432,0.00020058099732644222,5.717217759846339e-07,0.0006002075594095163,2.5558185587512668e-05,0.04329934010612763,2.7544996144475303e-07,9.921760239083948e-05
2,3.6636722441844125e-06,0.00011035629342884055,3.3340733699118974e-07,5.4163539387763786e-05,0.004540108061035416,0.04106531883564051,4.188908649968288e-06,6.808379543144935e-06,0.8811788130138595,1.579743782216701e-05,4.2174832237554404e-05,5.580963518656738e-07,2.240426799200499e-09,2.518881624660487e-07,0.0006416313929620497,6.004900545225916e-05,2.598579094540474e-05,0.007904533469691532,0.000109215599805941,1.006153197256402e-06,0.0006449199800681594,2.1766539803658944e-05,0.06337850179726924,2.243446566245377e-07,0.00018962732002091135
3,4.653296448131274e-06,0.00013668754650960304,3.727584648836983e-07,8.31625604523625e-05,0.00428016899335755,0.08242788684981789,7.475992540343006e-06,6.823116386424019e-06,0.8224224171845855,1.4962224097362845e-05,2.8757451312108666e-05,7.346185015790555e-07,3.023998923796931e-09,2.638923789422715e-07,0.00046824470371991154,0.00013752244102287163,4.598084245767784e-05,0.012374864036413587,0.0001921392252561994,8.748387926410098e-07,0.0009392567864584506,4.025516246006088e-05,0.07619758321439779,4.350870475354457e-07,0.00018847415312163535
4,5.246767143049142e-06,0.00014213284550683805,4.1198603343599976e-07,9.188884029945788e-05,0.004586980238044365,0.08988489224594653,8.157874754590252e-06,7.688103776185763e-06,0.8088897359663529,1.6538250659502103e-05,3.0053625685219085e-05,8.002168777394822e-07,3.962269901353437e-09,3.0336646165680255e-07,0.00047718996271914007,0.0001610109815586518,5.0519345197022295e-05,0.014470555098127398,0.00022160207288463292,1.0388396316556552e-06,0.0009877006428092652,4.094634891785996e-05,0.07973595137149872,5.21937051169425e-07,0.0001881291097931593
5,5.050686238074971e-06,0.0001607875483043052,3.248245429993084e-07,0.0001127719808278349,0.004050377120469175,0.1021271472265231,7.41354926056463e-06,7.734730116228019e-06,0.7822928362801875,1.529685204185244e-05,3.282522526850534e-05,7.776120624301725e-07,3.61786927395953e-09,3.064041453437671e-07,0.0005449910851251406,0.00016865274618901163,4.965755295553284e-05,0.02026647067638268,0.00021890962524321792,1.0767204076492872e-06,0.0010470769275061859,4.540942382280334e-05,0.08866170652358836,4.874316463181939e-07,0.00018190762927595714
6,4.653296448131274e-06,0.00013668754650960304,3.727584648836983e-07,8.31625604523625e-05,0.00428016899335755,0.08242788684981789,7.475992540343006e-06,6.823116386424019e-06,0.8224224171845855,1.4962224097362845e-05,2.8757451312108666e-05,7.346185015790555e-07,3.023998923796931e-09,2.638923789422715e-07,0.00046824470371991154,0.00013752244102287163,4.598084245767784e-05,0.012374864036413587,0.0001921392252561994,8.748387926410098e-07,0.0009392567864584506,4.025516246006088e-05,0.07619758321439779,4.350870475354457e-07,0.00018847415312163535
7,1.1339425603336156e-05,0.00011608287694728357,9.072692912796325e-07,9.549980390539081e-05,0.005292256125807344,0.03789434125006922,8.937247360569193e-06,1.470178738978374e-05,0.9185561659054199,3.29213812342001e-05,4.3875335977510864e-05,7.143577269478716e-07,7.1597182126459335e-09,2.385082503931087e-07,0.0003375766807029953,0.00011862099316840257,5.432600675942015e-05,0.004999663445702631,0.00027275641298297624,1.0436369748965443e-06,0.0004071694803246532,4.285046278492976e-05,0.03151259259114332,4.546598937583717e-07,0.00018495719486065845
8,7.91151730712797e-06,0.0001069318721750338,9.540780975350705e-07,6.828489659989136e-05,0.004873048418836767,0.05258363204279642,1.0920543078352786e-05,7.51610573021824e-06,0.8163770305783148,3.3508834761361175e-05,2.888501872695542e-05,1.0316803905366627e-06,4.547320927344716e-09,4.214631796253703e-07,0.00044113899073757845,9.908133243953376e-05,7.10459337724157e-05,0.004992000267016179,0.00016143831284581273,1.1405134117995836e-06,0.0013269254865475523,3.5184472051422386e-05,0.1184106131254509,1.036513386537388e-06,0.00036031345502488893
9,6.185801641277739e-06,0.00012848987532815197,4.4737140214399165e-07,6.852725194027263e-05,0.0036951702917873254,0.04481643008411686,6.591892797508458e-06,6.417441740877425e-06,0.8221582110647931,2.443726897024532e-05,3.377582136145389e-05,6.458756442080256e-07,2.6833757053183976e-09,3.5640713472347035e-07,0.00058022226314513,6.257659378890557e-05,4.587985862238027e-05,0.006380823353000224,0.00012676506093368378,9.068267645897319e-07,0.000876452711947321,2.9307223366629462e-05,0.12060153075303391,6.034630507601057e-07,0.00034924276031284154
10,4.653296448131274e-06,0.00013668754650960304,3.727584648836983e-07,8.31625604523625e-05,0.00428016899335755,0.08242788684981789,7.475992540343006e-06,6.823116386424019e-06,0.8224224171845855,1.4962224097362845e-05,2.8757451312108666e-05,7.346185015790555e-07,3.023998923796931e-09,2.638923789422715e-07,0.00046824470371991154,0.00013752244102287163,4.598084245767784e-05,0.012374864036413587,0.0001921392252561994,8.748387926410098e-07,0.0009392567864584506,4.025516246006088e-05,0.07619758321439779,4.350870475354457e-07,0.00018847415312163535
11,5.111249002294228e-06,0.00012725677816864073,3.963690074017116e-07,8.497558182101296e-05,0.004142305602565189,0.08369934616695678,8.114538568244056e-06,8.145716442129873e-06,0.8241874752760721,1.679744838280938e-05,2.8091986308963548e-05,7.884567213677447e-07,3.866540687540091e-09,2.6256312439961674e-07,0.0004467740223449578,0.00015369147164231314,5.0100696464212336e-05,0.012917071117895161,0.0002069586705409223,9.518225475056513e-07,0.0009089453631243358,4.097018043032477e-05,0.0727898735049602,5.012761380362461e-07,0.00017509027423017866
12,5.144599359104853e-06,0.00016923650984943163,4.96112194166317e-07,8.264590877633036e-05,0.0010370181381644053,0.04968567670628801,3.0819700911667367e-06,2.7364279699364304e-05,0.9282302103708875,2.0355985768196103e-05,2.3530228337800006e-05,6.142019921558963e-07,3.4106342658995106e-09,4.336176242952964e-08,0.00047785956785580754,0.00013091792928827468,3.569387612884372e-05,0.003887790199901031,0.00030118719473602084,3.081823772496302e-07,0.0003967370521436753,9.360615591166435e-05,0.015325399910493271,2.137010608052469e-07,6.486444629920367e-05
13,9.82418276425454e-06,8.183247474379636e-05,1.0565433202975019e-06,0.00013468848430304845,0.005618203949847508,0.017260805210994518,6.452777425039466e-06,1.576598193800534e-05,0.8318446721573284,2.6878371823237045e-05,0.00037591602520271276,2.521414906764415e-06,5.222936244386373e-09,1.4671050695504649e-06,0.002130661915514877,0.00011148100386383838,3.708202438719834e-05,0.013828895852778389,6.691488010459707e-05,3.3200016608683727e-06,0.0015958254028135346,2.2200769582866242e-05,0.1265618404171383,2.0265021938992567e-07,0.00026148517933278576
14,4.66294306175822e-06,0.00013534992336104073,3.721252533583195e-07,8.283752007004021e-05,0.004255046056396077,0.08213942577968722,7.516702172525791e-06,6.841624787358451e-06,0.8227446725443718,1.5004255322887325e-05,2.8591731748332952e-05,7.369768175453071e-07,3.0204085612212392e-09,2.634852492990399e-07,0.00046632254881898394,0.00013722303412252166,4.615211540240456e-05,0.012294483986945296,0.000190934769632901,8.71683467653067e-07,0.0009391441740272885,4.0227322528402795e-05,0.07627410105511184,4.3723464731521127e-07,0.00018877738658752905
15,4.653296448131274e-06,0.00013668754650960304,3.727584648836983e-07,8.31625604523625e-05,0.00428016899335755,0.08242788684981789,7.475992540343006e-06,6.823116386424019e-06,0.8224224171845855,1.4962224097362845e-05,2.8757451312108666e-05,7.346185015790555e-07,3.023998923796931e-09,2.638923789422715e-07,0.00046824470371991154,0.00013752244102287163,4.598084245767784e-05,0.012374864036413587,0.0001921392252561994,8.748387926410098e-07,0.0009392567864584506,4.025516246006088e-05,0.07619758321439779,4.350870475354457e-07,0.00018847415312163535
16,6.161814196870697e-06,0.00013148923235122424,6.230137492123866e-07,0.00015466767016317668,0.005371610176523083,0.1300745933258748,1.2326646104091563e-05,1.0333526800901298e-05,0.6985604043014051,1.869199867206394e-05,5.188886637552648e-05,1.7087789212440227e-06,6.397414875050602e-09,6.018380383118835e-07,0.0007513667318081607,0.0003838194835404819,6.952492874115208e-05,0.03576842655810874,0.00024881330518778056,2.0204710433650243e-06,0.002418469726938484,5.0838352060876366e-05,0.1257475658256554,7.184188576830191e-07,0.00016332861146748192
17,5.216058884818053e-06,0.00012841983363953162,3.94901759367448e-07,8.896509849321222e-05,0.004574233586188197,0.07462370163313076,9.002763298558114e-06,7.122824115961529e-06,0.8284368248344645,1.5276540724329127e-05,3.2017140593124994e-05,8.733960156138204e-07,3.1791750143211246e-09,3.1567606874721886e-07,0.000463063278556843,0.00013697012928035355,5.028330602123227e-05,0.01180307602064583,0.0001693929769725023,9.325218561987582e-07,0.0009593004308995651,4.238635572450325e-05,0.07823543084835063,4.514299694374872e-07,0.00021634523517123278
18,4.801849435329145e-06,0.00013869218929892156,3.668075281448582e-07,8.249641864855269e-05,0.0043130368771208795,0.08098135331777129,7.663922488581035e-06,6.7001699284543205e-06,0.8226776911933329,1.5052220254632843e-05,2.898870069545758e-05,7.312380673667898e-07,2.9786851221939662e-09,2.703254265084839e-07,0.00046525041989642596,0.00013221871233862044,4.85688356303867e-05,0.01234636319854677,0.0001926142407635376,8.701300030462661e-07,0.0009279689042397675,4.14816444540251e-05,0.07738493037651388,4.4508435670267644e-07,0.00020144024457454323
19,4.679384887390894e-06,7.476752030532711e-05,5.212155217588921e-07,7.080505940336265e-05,0.0037980085030009524,0.07946906211086287,1.1982341616038703e-05,9.996586128916387e-06,0.8637405615426914,2.717845609396935e-05,1.9084641963469283e-05,1.0165349614885186e-06,4.49197414167647e-09,1.596720160568752e-07,0.0002621803568187381,0.00013433227398573268,5.2718778638205574e-05,0.0055468874696741844,0.00015509239471676845,8.333312435499192e-07,0.0006880829009064087,4.786911978339612e-05,0.0457167979238866,5.733526715542837e-07,0.00016680403624759767
20,3.468744231882582e-06,0.0002734651201936789,3.499798999428806e-07,9.63563139516206e-05,0.0026093986238201598,0.09968356640203818,5.685014966261399e-06,1.2645843835820794e-05,0.8047600236442779,1.3275423085651006e-05,3.81448061825322e-05,1.3086850025935163e-06,2.6389135832362153e-09,2.579627063337304e-07,0.0011969055270929147,0.0001508769187838728,4.021283294444369e-05,0.017970653124782455,0.00019083495859533372,7.988357933396224e-07,0.001432706712190654,8.155302205459648e-05,0.07125937852709426,3.8413758082422834e-07,0.0001777461999811701
21,6.181563254793555e-06,0.00013791007422589335,4.7070077635376327e-07,0.00016893811365061167,0.005026291288268219,0.07642531026775745,7.279251045596399e-06,7.500119084674619e-06,0.8012765582085118,1.386986826888283e-05,6.731634371966105e-05,1.1478257206407632e-06,3.635559976539354e-09,5.387805066339152e-07,0.00071074029837526,0.00022758934836324718,3.635028116344635e-05,0.02069347305074475,0.0001700543305197088,1.4473637297216502e-06,0.001300149696738909,3.669429876390799e-05,0.0935159442609845,2.963587296299206e-07,0.00016794467153554454
22,1.6132671298334598e-06,0.00024637851701697644,9.85002954652735e-08,2.0464567947903347e-05,0.002261553061151472,0.11070336883883719,4.660351149171641e-06,4.398556286056501e-06,0.8579178645900359,4.8340107470552764e-06,2.484210305995805e-06,3.668207010393169e-07,9.121430168730226e-10,7.978713477053587e-08,0.0002625349597500705,4.237580420729665e-05,7.522142212898835e-06,0.0021934388046757555,0.00014859733099015647,1.1037475850855498e-07,0.00019619088980270586,2.7769721190404347e-05,0.025780155239269503,4.1351073292939987e-07,0.00017272523152773065
23,4.653296448131274e-06,0.00013668754650960304,3.727584648836983e-07,8.31625604523625e-05,0.00428016899335755,0.08242788684981789,7.475992540343006e-06,6.823116386424019e-06,0.8224224171845855,1.4962224097362845e-05,2.8757451312108666e-05,7.346185015790555e-07,3.023998923796931e-09,2.638923789422715e-07,0.00046824470371991154,0.00013752244102287163,4.598084245767784e-05,0.012374864036413587,0.0001921392252561994,8.748387926410098e-07,0.0009392567864584506,4.025516246006088e-05,0.07619758321439779,4.350870475354457e-07,0.00018847415312163535
24,6.189029558395682e-06,0.00018028890406037037,4.136458959098003e-07,0.00013993560041164919,0.00617894954944666,0.08710865320848202,7.859416269698628e-06,6.945809208931947e-06,0.812721726539271,1.6675450773721043e-05,4.4248560767830724e-05,9.026868747206701e-07,3.994086436064913e-09,3.968282556760086e-07,0.00048371667626746144,0.00015456542810226664,4.9026788792531334e-05,0.01601251386821517,0.00021257744185223176,1.2403482734842611e-06,0.0008913462942618293,4.769476757060219e-05,0.0755012148894817,4.052894977105759e-07,0.0002325089843218627
25,9.982371730714853e-06,7.711359829340717e-05,6.084269124229761e-07,0.0001369905233034688,0.005220321771762255,0.036682426025195516,1.4477523729440298e-05,1.6752302768105036e-05,0.8665995598557853,2.7238066678536545e-05,0.00010017373715785722,1.635498545924604e-06,7.059742738685843e-09,6.148724449148004e-07,0.0006481965477408943,0.00014729831309091967,6.377589603380315e-05,0.013644903294857508,0.00010972040963123576,2.104413827537951e-06,0.0008190200395586769,3.87922970161524e-05,0.0753965005363656,4.283438079193439e-07,0.00024135827401893138
26,8.36530500598841e-06,0.0009394232963128641,4.417276215482694e-06,0.0009087282239813613,0.015036732900863674,0.17394061246523287,2.9327162942560468e-05,5.261017206298958e-05,0.7146614656566678,3.4403161405578867e-05,0.0006457615620396151,4.3022376327554e-05,9.568219335081253e-09,4.118378673054832e-06,0.007394747958397927,0.0009835572661704309,5.5493992818001095e-05,0.02446607142545211,0.00026922074680308826,4.524814946001269e-06,0.0060732172559875425,0.000524076167646201,0.05341199006278043,4.0069123479914726e-07,0.0005077021118128376
27,3.416612353299522e-06,0.0001708922790343498,2.2337191572836613e-07,6.786906918834408e-05,0.002728694593698907,0.06334071684445629,4.7464954015523205e-06,6.6776490569626744e-06,0.8797758948900493,1.0843138960996189e-05,2.3378684233177105e-05,5.567062769817354e-07,1.6234729163500093e-09,1.496448738013138e-07,0.0004659070025715697,7.881600817935658e-05,2.970410642224596e-05,0.0072551412379074035,0.00014931978458606642,4.5166513564353334e-07,0.0005016585757961255,4.709341844252311e-05,0.04514996212825392,2.3509959048426166e-07,0.00018764937014206806
28,4.653296448131274e-06,0.00013668754650960304,3.727584648836983e-07,8.31625604523625e-05,0.00428016899335755,0.08242788684981789,7.475992540343006e-06,6.823116386424019e-06,0.8224224171845855,1.4962224097362845e-05,2.8757451312108666e-05,7.346185015790555e-07,3.023998923796931e-09,2.638923789422715e-07,0.00046824470371991154,0.00013752244102287163,4.598084245767784e-05,0.012374864036413587,0.0001921392252561994,8.748387926410098e-07,0.0009392567864584506,4.025516246006088e-05,0.07619758321439779,4.350870475354457e-07,0.00018847415312163535
29,4.653296448131274e-06,0.00013668754650960304,3.727584648836983e-07,8.31625604523625e-05,0.00428016899335755,0.08242788684981789,7.475992540343006e-06,6.823116386424019e-06,0.8224224171845855,1.4962224097362845e-05,2.8757451312108666e-05,7.346185015790555e-07,3.023998923796931e-09,2.638923789422715e-07,0.00046824470371991154,0.00013752244102287163,4.598084245767784e-05,0.012374864036413587,0.0001921392252561994,8.748387926410098e-07,0.0009392567864584506,4.025516246006088e-05,0.07619758321439779,4.350870475354457e-07,0.00018847415312163535
30,4.653296448131274e-06,0.00013668754650960304,3.727584648836983e-07,8.31625604523625e-05,0.00428016899335755,0.08242788684981789,7.475992540343006e-06,6.823116386424019e-06,0.8224224171845855,1.4962224097362845e-05,2.8757451312108666e-05,7.346185015790555e-07,3.023998923796931e-09,2.638923789422715e-07,0.00046824470371991154,0.00013752244102287163,4.598084245767784e-05,0.012374864036413587,0.0001921392252561994,8.748387926410098e-07,0.0009392567864584506,4.025516246006088e-05,0.07619758321439779,4.350870475354457e-07,0.00018847415312163535
31,3.795791339501851e-06,0.00011989568919117409,2.7260886382448383e-07,8.062381866373209e-05,0.0051371376269640015,0.09983934701497484,8.701993923437758e-06,3.828581185760536e-06,0.7869934468053447,1.506386616973426e-05,2.806392179930341e-05,6.459996201254092e-07,2.0166169816105734e-09,3.090619843722125e-07,0.00041676571692988453,0.00011484558285735352,4.3370235633942e-05,0.012218466710004662,0.00015911270211841868,8.232717417896482e-07,0.0009133954307502368,3.702118303816884e-05,0.09362421944179651,4.0590443899768946e-07,0.00024043902404864627
32,5.0367548972501085e-06,0.0001643541571484833,3.9343578588550335e-07,8.38031159863128e-05,0.004371882242759031,0.0889433667192639,6.909501659689785e-06,6.986834604224761e-06,0.8175382918560057,1.4755210195036898e-05,2.7421230668570237e-05,6.968450893297834e-07,3.329243810948697e-09,2.61141105427935e-07,0.0004727374003493276,0.00014917268055823194,4.89942865520334e-05,0.013501487944675842,0.0002481768236722888,8.454955335056197e-07,0.0009336133713973088,4.365277195810598e-05,0.07325176012145233,4.7527203084959056e-07,0.0001849214574075213
33,7.362431177021341e-06,0.00025281387025425555,4.94708845251313e-07,0.00013448600592224898,0.00478131962872612,0.19666350028731908,1.3213525695093517e-05,1.1006232737276978e-05,0.6897342112414345,1.786999320496835e-05,1.7204411253273626e-05,1.080399620284991e-06,8.284208538950967e-09,2.976402515692681e-07,0.00035393832334491485,0.0004038414421538128,0.00012411166338106695,0.03089299623362161,0.0006631181115154291,1.062160433776242e-06,0.001289491562975511,0.00010608812428918159,0.07435143724989939,1.4664241361447295e-06,0.00017758004359968773
34,1.0244583559642832e-05,0.0001350178430909118,4.950184560950757e-07,8.763590994060199e-05,0.005260473498978491,0.04520868663875676,5.216113702641757e-06,7.681250784974244e-06,0.8787511243797492,1.5199079582353114e-05,4.124453263174646e-05,5.163449169113093e-07,4.065573554937564e-09,3.148163121095413e-07,0.00042345181403344735,0.0001272919304741085,4.57033351049389e-05,0.01107843275895401,0.00028567006272041384,8.659062006591576e-07,0.0006454490108198374,2.8886396181006473e-05,0.057677403140209534,3.476513534458799e-07,0.00016264391791254946
35,6.488456367955749e-07,2.831670032254775e-05,7.923951862469524e-07,4.455704787231077e-05,0.00748903674828214,0.1685117085892224,1.690361345448375e-05,4.0918592032898166e-07,0.06415462616811933,1.7877661736064855e-05,2.6590115265788553e-05,2.3598097122037897e-06,2.681431314723119e-09,3.2856592850308224e-06,0.000472467492799133,0.0001958282892902898,4.840018888234538e-05,0.02607527368533962,4.566513052651533e-05,5.283168899331505e-06,0.013777541844638067,9.03030471220799e-06,0.7188325608747089,2.233002964993726e-06,0.00023860079579163119
36,5.595798518068713e-06,0.00013436808653785457,3.4317818080824164e-07,0.00010433504627588446,0.003396682260151114,0.07985768483796944,1.2611806017848446e-05,1.1720155715614412e-05,0.8337650705616871,1.603115508766234e-05,3.635842717624219e-05,1.6202533479694642e-06,3.680715236501006e-09,3.432216114423927e-07,0.0005525885092505918,0.00017287705400982286,7.327224873026953e-05,0.015789253215954747,0.00017377281859542098,9.097833243746741e-07,0.0009259943430957977,8.261387071085901e-05,0.06463935420497474,5.045798788706316e-07,0.00024609090248205157
37,1.2320308704710175e-05,0.00013933239654985858,7.3591232055891e-07,0.00014148912733948245,0.0079591626899208,0.1199833022819291,2.0852891619221996e-05,6.119404707275449e-06,0.6056110671507595,2.232950773393844e-05,4.313201176472119e-05,1.5648902870111949e-06,8.036094816597689e-09,1.3846485501139943e-06,0.0005618797289305684,0.0003487530210837872,0.0001233086040803387,0.03534346250600282,0.0003353305379645421,2.178969875718312e-06,0.0026570192215935253,4.508087220974675e-05,0.22629527492442744,1.8618316257690908e-06,0.00034304852392456794
38,3.1905690562417004e-06,0.0001393876577689054,3.623480357584332e-07,9.418673808103166e-05,0.003175327392658533,0.17856298042416943,9.191335561122418e-06,6.647100357824352e-06,0.6838789790360308,1.3461089703530777e-05,2.3522905686988015e-05,1.0294652863201587e-06,3.490439119339632e-09,2.486659684116056e-07,0.0006006756593919687,0.00029550461075400996,4.393443322631566e-05,0.023703711561826307,0.00024242403606330564,8.87537294084637e-07,0.0018612221792904627,5.0772039620243766e-05,0.1071733333365582,6.0321814543009e-07,0.00011841316902556447
39,4.105988731889562e-06,0.00014255767987136783,3.9555172259275574e-07,8.02426193802502e-05,0.0039029131121666727,0.09851872703240787,7.165243497730543e-06,7.338110748484572e-06,0.8069805578752719,1.3792559497348622e-05,2.3567695159728202e-05,7.800410109841861e-07,3.0882700649943792e-09,2.1903585142155135e-07,0.00046099366825447203,0.00016321180065575556,4.870229786789076e-05,0.013118204581317109,0.0002118183717936237,8.295363390201052e-07,0.0011590310371559836,4.4658689647038246e-05,0.07494898314158159,4.648722744809319e-07,0.00016073636952460756
40,8.611461302624412e-06,0.0002705257324381331,1.0538301406569268e-06,8.593307954114417e-05,0.014062084442745662,0.054844382915567445,1.0230499848623186e-05,5.762776517238266e-06,0.8332344134711345,1.5049689430294727e-05,7.037689943102776e-05,1.6871905080912576e-06,3.806785216558405e-09,1.081743148386614e-06,0.000791412133216502,0.00011584314989992568,5.6181589111330684e-05,0.009874661016301762,0.00023795460084992677,1.3895469939831269e-06,0.0013855227673034514,4.9620899747071725e-05,0.08437730546595462,4.7493620674810007e-07,0.0004984363558757485
41,4.472551889089541e-06,0.00014238860566888624,3.33956583963453e-07,8.532703177785807e-05,0.004513138478707592,0.07368381011856649,5.756256691466472e-06,6.907978824585744e-06,0.8456681733609811,1.3051818214238826e-05,3.0224733587252742e-05,5.963766039294075e-07,2.952620544440344e-09,2.4449904999719256e-07,0.00046490102905521395,0.00013389292906209365,3.4230798238335175e-05,0.012443074047492276,0.0001969666641965764,8.317372026383693e-07,0.0007361180444626177,3.291734002952494e-05,0.06165270123302927,3.222034044402753e-07,0.000149615254060049
42,3.182531730996914e-06,0.00028418731104214916,4.445932119404405e-07,9.27808682116986e-05,0.0016060812737594458,0.10126279029869294,2.997049229637117e-06,1.5854194893828927e-05,0.8699100398530049,8.151731835638985e-06,1.1166714336876175e-05,5.780039885917962e-07,2.557750527283534e-09,3.9995268391472954e-08,0.0003133836842754476,0.00023995287460822556,4.272941780653527e-05,0.007059992605215544,0.00043298980069227106,2.8468057116461e-07,0.0006980517857944698,0.00011659907119069567,0.01784188115178003,2.3741026135339054e-07,5.560054084703315e-05
43,5.489592095610611e-06,0.00017206441800561286,3.380253013587302e-07,9.183905578135683e-05,0.004742160413959815,0.06452316606142999,7.701314683181127e-06,6.0978994464551815e-06,0.8373861445197767,1.267779152922162e-05,4.203707909540722e-05,8.036173004124216e-07,2.6144249473085235e-09,4.0808571799595095e-07,0.0005677258632782564,0.00011529668567151405,4.02186007938313e-05,0.012728464571161158,0.00017572999018318955,8.570755432780013e-07,0.0007069522433237601,4.0797681785383035e-05,0.07836021943347393,3.6315333353643283e-07,0.0002724442129039765
44,4.653296448131274e-06,0.00013668754650960304,3.727584648836983e-07,8.31625604523625e-05,0.00428016899335755,0.08242788684981789,7.475992540343006e-06,6.823116386424019e-06,0.8224224171845855,1.4962224097362845e-05,2.8757451312108666e-05,7.346185015790555e-07,3.023998923796931e-09,2.638923789422715e-07,0.00046824470371991154,0.00013752244102287163,4.598084245767784e-05,0.012374864036413587,0.0001921392252561994,8.748387926410098e-07,0.0009392567864584506,4.025516246006088e-05,0.07619758321439779,4.350870475354457e-07,0.00018847415312163535
45,3.9036168533269795e-06,0.000112874225268485,3.5834223915441176e-07,7.939285854999805e-05,0.0026426034369783705,0.10021684079584686,9.563519362098997e-06,1.7439882581199293e-05,0.8334395924390141,1.784403595742283e-05,2.2112534152648712e-05,9.858390769824663e-07,5.0981957175301185e-09,1.7009669938744085e-07,0.0005532314854489872,0.00023177960353516197,3.972173771929555e-05,0.015229844247883546,0.00022074347827763248,8.306081249250819e-07,0.0008174306010489621,5.1565955309019165e-05,0.04619736855590934,5.434031218578779e-07,9.325360284530502e-05
46,1.3428667526576594e-05,9.45197857560529e-05,7.745059910076896e-07,0.00014837792981723058,0.0035338688196513094,0.12211436230833249,1.806640432038264e-05,1.3483141227435563e-05,0.7897972399755878,3.3645013610402465e-05,2.0691101080210403e-05,1.5493679744074476e-06,8.820107521364643e-09,1.617532873882139e-07,0.00017270859885552158,0.0002695197897180997,0.00035330834702263436,0.011444237594059813,0.0003400586510964575,1.1136879325224051e-06,0.001787086621534644,0.00015270538561464392,0.06946396923733118,1.2546019598270561e-06,0.00022385989060412333
47,1.1628802439070535e-05,0.0001451296222231584,7.477982301275729e-07,0.00015777989775939117,0.0030098336932494595,0.11638150649646795,1.304366644287626e-05,1.4648689770062271e-05,0.8050442896831643,1.9924817834970367e-05,1.895410817291784e-05,1.4640424605637237e-06,7.999247456775115e-09,1.9660634053569897e-07,0.0002624608465524331,0.00040351918206925954,0.00011920619367905765,0.01263481072409107,0.0004127070390782834,7.851104379125785e-07,0.001329968656357749,0.00010753583844264168,0.05976391697033446,1.033338329532097e-06,0.00014490017682462856
48,7.1146550057780844e-06,0.00018733642868022687,4.126596949968358e-07,6.316482899386943e-05,0.0030800637508855825,0.14561190845402647,9.825702757949806e-06,1.1927600979863481e-05,0.775028856842709,2.2805011212900037e-05,9.6673641207031e-06,5.977074714944348e-07,6.357433022609319e-09,1.3409277897070052e-07,0.00027212798302472585,0.0002003493391691494,0.00014102804434327202,0.014602920856901347,0.0006374470347564526,6.507903659060992e-07,0.0008785764270410453,8.619180855167249e-05,0.0589694420523707,1.6099103290516026e-06,0.0001758342963958288
49,3.3490966151359974e-06,0.00015710190555169479,4.3310500999846443e-07,7.863258670310602e-05,0.0035173401271441167,0.10650702566747497,7.230070579945865e-06,7.912577067973826e-06,0.8270270229049179,1.4734659463007016e-05,1.928581663715492e-05,9.173737171059085e-07,2.902431343712027e-09,1.431949044631428e-07,0.00038147070950212656,0.0001449136666648892,4.741957407433644e-05,0.008674911489075265,0.0001970334049981535,7.156192642277893e-07,0.0009978213323029736,6.479573454604666e-05,0.05199241745867576,4.141139146278968e-07,0.00015695490876360834
50,1.0946037468158753e-05,6.000767765206721e-05,6.015057578055279e-07,8.953655431022183e-05,0.004921638055120167,0.05703673406025642,2.2250482619173072e-05,1.4822496182946797e-05,0.8546719118242859,4.253262170586746e-05,3.813910418719363e-05,1.2624768804940546e-06,8.11176505690229e-09,4.563789164572501e-07,0.0003733855819955313,0.00015245435082026157,8.3947545208613e-05,0.009561975010911996,0.00017236824987090958,1.5126210719961832e-06,0.0006711308186046335,3.959517975139268e-05,0.07176208389310229,1.0540125251802922e-06,0.0002696453490291045
51,6.250593360867709e-06,4.9692595980716226e-05,5.542112295041502e-07,4.582804692418462e-05,0.0065844267083208004,0.08483094879348936,1.5352955815050637e-05,5.239088345473589e-06,0.7815778481768942,2.4346657614232295e-05,2.003607569514757e-05,7.851761738335826e-07,4.8467558249050924e-09,3.5457603705256963e-07,0.0002682316862682858,0.00016665450646323126,8.090258197350332e-05,0.011252940702436426,0.0002059650102442402,1.1974756343565648e-06,0.0012656939009114672,2.3032632463021736e-05,0.11337542963862816,1.0193765112172144e-06,0.00019726398582975958
52,4.3893488118109635e-06,0.00011127924047304723,2.999371376961865e-07,9.012794341055183e-05,0.0038690076731928004,0.09297436818474383,6.179583474171107e-06,8.475310669842104e-06,0.821737706968126,1.8876273559085175e-05,3.084666866413338e-05,6.845201619990872e-07,3.580333730518711e-09,2.3859588253864236e-07,0.0005106622819395528,0.00014585152936473145,3.46943237920258e-05,0.015736720382329827,0.00019985699543667915,1.0273750912097388e-06,0.0007553289499915075,3.3753807581182313e-05,0.06359711821065521,3.8189269182012335e-07,0.0001321204224851084
53,3.629897941553113e-06,4.749463086193728e-05,4.106205609327667e-07,9.190403199391826e-05,0.005197097287086339,0.07702139215627855,1.9649309730810838e-05,4.681046080492899e-06,0.7044610879790011,1.7970940297763808e-05,4.5504387378863237e-05,1.3812761419812434e-06,3.168837050492288e-09,5.746792500764633e-07,0.00048633827556164545,0.00016891503269425798,4.916682169982794e-05,0.01624880932063559,6.373836930030002e-05,1.8419385639034872e-06,0.001903443407774054,2.4377523857936804e-05,0.19390630208030527,5.52432703673423e-07,0.00023373338546209458
54,3.6440996665795576e-06,0.0004318105082989963,2.076802402217954e-07,7.946056718500911e-05,0.003021277057471295,0.08237210802427146,5.74969921493571e-06,5.423541633194265e-06,0.8543160725164843,8.759832016856408e-06,2.3714418922211594e-05,6.680075000059164e-07,1.1459933090420652e-09,2.4815881588071956e-07,0.0007250161353421609,7.724214344517652e-05,2.833286730640721e-05,0.007367512797202218,0.00020149666137783982,3.2260480128884897e-07,0.0005189636596311365,8.13879779311232e-05,0.05035524801706782,3.019082752391792e-07,0.00037502996990522013
55,5.2522350969705445e-06,0.00027813605918311095,5.447552031225967e-07,9.631481686095343e-05,0.004662427849536797,0.08371171016094175,3.861073291191645e-06,4.239034434008458e-06,0.7922156038326619,1.9494400270607132e-05,3.811063813852171e-05,2.763219086790421e-07,1.9993468689110296e-09,1.8944026231568688e-07,0.0005823940840873025,8.81348698744999e-05,5.918857769921156e-05,0.009444615453390062,0.0003214518256253926,7.726048948771213e-07,0.0013186443352704283,4.3396271877819556e-05,0.10687938548609308,4.0265567115616646e-07,0.00022545121837919599
56,4.903706716770167e-06,0.00012989839330167867,3.8852346618161124e-07,8.762561726713655e-05,0.004208988975272209,0.08687473041394057,7.912648859379626e-06,7.825421902706353e-06,0.8194116931297721,1.6250158814161158e-05,2.812392014459329e-05,7.850874652895644e-07,3.7095835899803698e-09,2.6197292969128005e-07,0.00044997937373897074,0.00015345135403137592,4.845068636805986e-05,0.013223276560195096,0.00020238618736936062,9.635624061235895e-07,0.0009402451402131339,4.078775762444333e-05,0.073985132671056,4.805070087136869e-07,0.00017545452055271852
57,4.512203694202514e-06,9.729396540788435e-05,9.167576113106595e-07,6.110100725134526e-05,0.006365150319238857,0.0856164059470326,9.955075353826566e-06,8.506684369992949e-06,0.8434344204272235,2.1271010087804673e-05,2.2185532011474126e-05,1.1910074475379889e-06,5.205242254916336e-09,2.2358031720723413e-07,0.00032154879181886336,0.0001929059886758194,6.21537518785812e-05,0.007361645573404892,0.00022826428893470252,1.1621169314318396e-06,0.001281970091163798,4.270968324674163e-05,0.05471132204857433,5.898425691799665e-07,0.00015258910051171049
58,5.338128033618274e-06,0.00013695088043696796,4.105365515573567e-07,7.779824856512312e-05,0.004374261111829149,0.10197566618418552,9.286551082402929e-06,7.901661133757496e-06,0.7913544358344995,1.857588047255865e-05,2.2343977750128518e-05,8.082612179736528e-07,4.3081477462990545e-09,2.796187053674654e-07,0.0004353493823168726,0.00016377603195138349,6.0363310724207145e-05,0.014481801293439591,0.0002497227808321997,9.78066998570752e-07,0.0010580141242256657,4.4268326359495686e-05,0.08532817612700126,7.500258975968168e-07,0.0001927393476416267
59,5.317119400061233e-06,0.00013349524389985576,4.929896023184255e-07,8.187835349599776e-05,0.004609914815856694,0.0955125844334692,9.284829038686228e-06,8.086634332822702e-06,0.7986942712730142,1.8985529707080898e-05,2.467481389381294e-05,8.457826268135616e-07,4.453593017295581e-09,2.7885799880245343e-07,0.0004338512899547778,0.00016968513548376113,6.086347168443067e-05,0.013365006504054793,0.00023773116064406595,1.0808896086990572e-06,0.001146562557090146,4.360961748858169e-05,0.085252707958692,7.045099555695196e-07,0.00018808177541392859
60,4.653296448131274e-06,0.00013668754650960304,3.727584648836983e-07,8.31625604523625e-05,0.00428016899335755,0.08242788684981789,7.475992540343006e-06,6.823116386424019e-06,0.8224224171845855,1.4962224097362845e-05,2.8757451312108666e-05,7.346185015790555e-07,3.023998923796931e-09,2.638923789422715e-07,0.00046824470371991154,0.00013752244102287163,4.598084245767784e-05,0.012374864036413587,0.0001921392252561994,8.748387926410098e-07,0.0009392567864584506,4.025516246006088e-05,0.07619758321439779,4.350870475354457e-07,0.00018847415312163535
61,5.2247632654236685e-06,0.00013161570976065841,4.774978140045755e-07,7.552944882421152e-05,0.004684147154833781,0.08914179018557922,8.866173539782963e-06,7.255544619851754e-06,0.8080006229491685,1.7795867031560695e-05,2.5412760303945937e-05,8.173873000810068e-07,3.850097985662045e-09,2.847280572440574e-07,0.0004418215612485508,0.00015437442054449418,5.6735398398567735e-05,0.012076961508066059,0.00022590749963604956,9.689205871675744e-07,0.0011090577118216826,4.146341017497963e-05,0.08359527440726248,6.266293774464757e-07,0.00019696451268628047
62,4.653296448131274e-06,0.00013668754650960304,3.727584648836983e-07,8.31625604523625e-05,0.00428016899335755,0.08242788684981789,7.475992540343006e-06,6.823116386424019e-06,0.8224224171845855,1.4962224097362845e-05,2.8757451312108666e-05,7.346185015790555e-07,3.023998923796931e-09,2.638923789422715e-07,0.00046824470371991154,0.00013752244102287163,4.598084245767784e-05,0.012374864036413587,0.0001921392252561994,8.748387926410098e-07,0.0009392567864584506,4.025516246006088e-05,0.07619758321439779,4.350870475354457e-07,0.00018847415312163535
63,4.320972744309606e-06,0.0001839290368261144,3.354535607141192e-07,8.20879883322967e-05,0.003948720260991064,0.08475020386966484,6.120099926904219e-06,6.439289254815209e-06,0.8248929020177579,1.2841528047059464e-05,2.783115300355255e-05,6.523506309940481e-07,2.5831429554100246e-09,2.391221636772409e-07,0.0005196347509417287,0.00012496043807654232,4.207896482208887e-05,0.01235212943978637,0.00021099710260705798,7.389220385617771e-07,0.0008901620582332078,4.5005798448963725e-05,0.07170230481771553,3.8720547742633094e-07,0.00019497477580525727
64,4.405992615411403e-06,0.00013626546238202798,5.220663308688018e-07,8.11289904281876e-05,0.004589598944460851,0.09441593184167432,7.744356986688004e-06,6.14775908811197e-06,0.786356152650349,1.5041668622572453e-05,2.7485125137865428e-05,8.929008303229351e-07,3.137196041573173e-09,2.784764754566846e-07,0.0004892578528552294,0.00016370910489705814,5.5773173634889354e-05,0.012193081791206296,0.00019196147926376755,9.830071604677499e-07,0.001677323202566744,4.2079014374682706e-05,0.09935672201214807,5.143762942329619e-07,0.0001869956130206498
65,5.311578958892218e-06,0.00010242300206002457,3.789045658791642e-07,8.157896571605435e-05,0.003922963708830209,0.06088718318342712,6.768865430194726e-06,8.412088278642466e-06,0.871612487047756,1.7496165059078635e-05,3.299933500780371e-05,6.857243993008488e-07,3.3279493247831923e-09,2.2013841012076703e-07,0.0004081728410174756,0.00012569952473904828,3.926607429912012e-05,0.009225436755121729,0.00017766135623145692,7.988689621691918e-07,0.0006190798296079946,3.521408282405689e-05,0.05254120942002747,3.3137717972399546e-07,0.00014821783414153787
66,1.14528871396193e-05,2.3645789303390752e-05,2.1830103733141166e-06,6.325509102485694e-05,0.018124336511918433,0.06409036740885293,2.485514342198756e-05,7.275749703651072e-06,0.855932304778679,4.636304665488427e-05,2.236587808624126e-05,7.986735888283307e-07,1.8836402631595672e-08,2.7539774215884124e-07,8.395707921465583e-05,0.00027447502781391284,0.00010508877779378483,0.005365098914472902,0.00026086631513073916,2.717741611735188e-06,0.0010398197435873913,1.5494921566269847e-05,0.05439499896523845,1.0484178624452511e-06,0.00010693589281590444
67,5.627286028758784e-06,0.00010975543335463833,4.2703394231964576e-07,7.995909262588018e-05,0.004668428660594429,0.05965253509057025,7.228075687335226e-06,8.375435541721643e-06,0.870163853719094,1.6817408292254666e-05,3.266905937784642e-05,7.240937902390724e-07,3.4223131674063506e-09,2.5350973611292367e-07,0.00042664002361333524,0.00013154113059708915,4.035267661693384e-05,0.009431567389331517,0.00018500277206337152,8.352804322833697e-07,0.0007057814191474576,3.480835573728728e-05,0.05414102559717284,3.5927909018851296e-07,0.00015542875524859708
68,1.1935673282368098e-06,0.00011590046978658217,3.982888977652145e-07,5.6941179664240824e-05,0.0032078477963810273,0.27737700619005234,9.696306142541825e-06,1.1052088530378214e-05,0.5835473061021995,1.532817130879617e-05,1.8456435694336787e-05,2.807416370980813e-06,3.0997100381612966e-09,2.0046669380485485e-07,0.0009832511541435912,0.00018337073745111949,4.1889281358004804e-05,0.02389485676921556,0.00010032568844913624,1.6177365251008133e-06,0.004379962114311503,6.191068334776678e-05,0.10585072511173041,6.333408450849466e-07,0.0001373198038621591
69,1.2685419034897262e-06,6.355348128862575e-05,1.2345666937712811e-07,6.226511748902554e-05,0.0022716325233014577,0.03447049710621393,2.1196144066780583e-06,2.8646754785171315e-06,0.8218342434082568,1.0214005661141217e-05,9.911482412519475e-05,4.231443553527643e-07,5.644283918497587e-10,1.5213860079938971e-07,0.0009534351434012234,2.3097605379029372e-05,1.6606171136036515e-05,0.011164236249492594,2.2368809361435616e-05,1.1307226753343138e-06,0.0009566794340441572,1.6773097208413882e-05,0.12783071376966723,4.6816130525623134e-08,0.00019643957932522827
70,4.878832072186335e-06,0.000140887775272031,3.772417545157148e-07,8.180545253817114e-05,0.00436443609414555,0.08195249137206789,7.578838645992212e-06,6.913963248617053e-06,0.8209968749063513,1.518886731309938e-05,2.8883193479960492e-05,7.36962959814848e-07,3.108111713714155e-09,2.743431952142972e-07,0.0004771522333340447,0.00013695697100732552,4.86667794768062e-05,0.01272745140477519,0.0002021004133448052,8.78524842654291e-07,0.00095120318017103,4.115541216567574e-05,0.07761690910982973,4.6000976103284416e-07,0.00019573501013569209
71,4.758179936016105e-06,0.00010910487806309691,3.6639218693000557e-07,7.867161978414788e-05,0.004348096216698373,0.07960302513964873,9.044594150132097e-06,7.076026462632478e-06,0.8291152508847482,1.6695957417985325e-05,2.6705890176652076e-05,7.481289339724479e-07,3.264011577162224e-09,2.596634649485604e-07,0.00040667574003154175,0.0001343343193161585,4.8050026453152917e-05,0.01121637043298265,0.00017206513477292267,9.112620118634792e-07,0.0008614665949182329,3.774479082399002e-05,0.07361332149003104,4.7651115131978285e-07,0.0001887768618236516
