,0,1,2,3,4,5,6,7,8,9,10,11,12,13,14,15,16,17,18,19,20,21,22,23,24
0,0.0026622232090351607,0.00022817663159478056,1.1098759360895798e-06,0.001043260504762373,0.00016961034943930832,0.000621461371771463,3.5104279194615286e-07,3.2898784069229245e-09,0.0002489314685839887,0.00014850720365395482,2.1453268251586285e-07,9.119499510385517e-08,1.1643094834650694e-06,0.0015804755729259114,4.999199672346656e-09,5.395472689537824e-07,0.016658757236366277,0.9634124685280423,7.46850581557455e-08,8.610618589666128e-05,0.00022275023407337973,1.1610072450981907e-06,5.7504667199681446e-05,1.4414973061643581e-05,0.012840637379053813
1,0.003483914641785004,0.0002680802298252922,1.7228968657823135e-06,0.0008509833428093455,0.0001547646293983638,0.0008294202815521455,3.892352269009634e-07,3.843550799077677e-09,0.0004502210592236168,0.0002079416166517219,1.5102184430606014e-07,9.649987580708447e-08,1.4539265841901147e-06,0.0009073339354460623,7.534057457487294e-09,1.0748848284544835e-06,0.011007336525358034,0.9704915038541954,1.3273223110753646e-07,9.351696616457356e-05,0.0002527755855983694,1.1395075039684438e-06,3.4503022996981135e-05,1.838537160358588e-05,0.010943146854822831
2,0.0033966224808257882,0.0002861203752479729,9.77571235958182e-07,0.0007037526965848953,0.0003422885618120106,0.0005064601102268737,4.844401633669158e-07,3.4817428686418734e-09,0.00029022819229107256,0.00014174599998833926,2.0654183648963085e-07,9.485967643160294e-08,1.3121892619772512e-06,0.0019248070729517095,9.577541309449398e-09,5.947334791780535e-07,0.016790688988704748,0.9541400183687616,6.501980811843331e-08,0.00011669090335227442,0.00016922898276688857,1.0575394138634628e-06,5.0618398616704087e-05,9.407416299928752e-06,0.021126515497409636
3,0.0026591809155349835,0.00022787778486051653,1.1101931104929452e-06,0.0010499254541559515,0.00016751488251183012,0.000612803717412186,3.5251748788406266e-07,3.264816425015288e-09,0.0002450987183774884,0.0001494194271079656,2.125836001354816e-07,9.144120146033629e-08,1.1485894746365533e-06,0.0015891002334351891,4.912387890509e-09,5.294404533012478e-07,0.016458543232824186,0.9635555286573012,7.331779767371318e-08,8.524810332127551e-05,0.00022141353545552684,1.151157692849645e-06,5.7832796321323936e-05,1.4282756335773624e-05,0.012901552367021502
4,0.0027546647941457192,0.00021354394890085298,1.0546111164062496e-06,0.0010174125731351221,0.0001610656009552873,0.0005565492140810956,3.4170727190673454e-07,3.0243111142951933e-09,0.00025102294811490993,0.00012796811209820933,2.0888223697046416e-07,1.1325489258510439e-07,1.5488010436988716e-06,0.001649837046572341,4.695122859544443e-09,4.94827438039773e-07,0.018228349434788474,0.9611743521416529,7.399583046674803e-08,8.459550670720559e-05,0.00022762316868908832,1.2304567523798313e-06,5.484501026228631e-05,1.4550553234824752e-05,0.013478545690645353
5,0.001897903691245649,0.00014450493523797322,6.934169142473611e-07,0.0010580539693504976,7.970911929910942e-05,0.0003761236503740023,2.0843216874148144e-07,1.9323370380344402e-09,0.00015092181070718713,0.00011576939463969936,1.303833774765003e-07,7.437541266254237e-08,8.145617258833064e-07,0.0012865902649492585,2.4734929978441796e-09,3.199834533561143e-07,0.012177987134220417,0.9728853716476409,3.86787135226346e-08,5.9812742295705164e-05,0.00016165257059055842,8.868909752171703e-07,4.12051208259333e-05,1.0744927210881639e-05,0.009550477892840841
6,0.0026591809155349835,0.00022787778486051653,1.1101931104929452e-06,0.0010499254541559515,0.00016751488251183012,0.000612803717412186,3.5251748788406266e-07,3.264816425015288e-09,0.0002450987183774884,0.0001494194271079656,2.125836001354816e-07,9.144120146033629e-08,1.1485894746365533e-06,0.0015891002334351891,4.912387890509e-09,5.294404533012478e-07,0.016458543232824186,0.9635555286573012,7.331779767371318e-08,8.524810332127551e-05,0.00022141353545552684,1.151157692849645e-06,5.7832796321323936e-05,1.4282756335773624e-05,0.012901552367021502
7,0.010388491522562923,0.00022939686007177648,3.966961311821522e-06,0.0005568898190517772,0.0001785381758692857,0.0006961059155883018,5.333510662833392e-07,3.4212574440115997e-09,0.00021581995644327765,0.00018804642453620917,1.9173165877434782e-07,8.84115382961414e-08,1.969397880182061e-06,0.0008406991545246437,2.3514728099483126e-09,3.275945921689518e-07,0.009598638718208099,0.9653532571155804,1.41972599414998e-07,6.747842041859713e-05,0.00011785677647117965,3.847966654889765e-07,5.1645739158547105e-05,2.925447496716612e-05,0.011480270936505332
8,0.005492207500448136,0.0007157620677086604,3.717771448057965e-06,0.0032519167671142225,0.0002540405718135523,0.0009391763835318947,9.87717040141538e-07,5.570029106598289e-09,0.00023997906196722267,0.0005269055774345083,3.317615835897397e-07,1.9086844822431306e-07,1.2980998132100044e-06,0.004207239819146959,3.850494391027952e-09,4.957615837562351e-07,0.013295938795335057,0.9447428644610183,9.323101822405666e-08,0.00016208956976100937,0.0002586094208393441,8.222540323742015e-07,0.000273047444077159,2.892097532626658e-05,0.025603354698986353
9,0.002730575871313423,0.0005384451922286212,3.0034282946674067e-06,0.0042155050062484475,0.000121550585576623,0.0009123979014245123,6.372650118589732e-07,3.741044752748215e-09,0.0003039134757776152,0.0005505329014283698,1.9217795159227148e-07,1.9864075943432613e-07,1.3283406920483987e-06,0.002450383932658267,4.044242957570504e-09,6.975231257570364e-07,0.011747030881037646,0.9562233295653325,7.474314613901807e-08,0.00016867208867470994,0.0004878856577911003,1.154549405197643e-06,0.0001762243281097289,2.9269848479629445e-05,0.019336988310244344
10,0.0026591809155349835,0.00022787778486051653,1.1101931104929452e-06,0.0010499254541559515,0.00016751488251183012,0.000612803717412186,3.5251748788406266e-07,3.264816425015288e-09,0.0002450987183774884,0.0001494194271079656,2.125836001354816e-07,9.144120146033629e-08,1.1485894746365533e-06,0.0015891002334351891,4.912387890509e-09,5.294404533012478e-07,0.016458543232824186,0.9635555286573012,7.331779767371318e-08,8.524810332127551e-05,0.00022141353545552684,1.151157692849645e-06,5.7832796321323936e-05,1.4282756335773624e-05,0.012901552367021502
11,0.002813641599827117,0.00022083795973834992,1.155514536245247e-06,0.0010505696709437286,0.000174089498935126,0.0005982857726829687,3.6219548721516684e-07,3.309011627343162e-09,0.0002519997590097705,0.00014354494619778975,2.1536577440630707e-07,1.0349607164112982e-07,1.4731674622794902e-06,0.001576688091765084,4.791081690378527e-09,5.41687094872627e-07,0.017716394119653273,0.9620218693134712,7.604261245498456e-08,9.256365909782e-05,0.0002259297744424771,1.154777091360977e-06,5.8696864151728373e-05,1.5547183375255673e-05,0.013034251440484396
12,0.0038592732449794073,0.0003862887453329432,4.371264237442293e-06,0.0021229356907285974,0.00019835761370576958,0.001129921105102624,1.1077534723016663e-06,1.4185014273487682e-08,0.0007256065983868064,0.00026904835376123567,7.117007939066395e-07,3.135368269099627e-07,1.9080289217492264e-06,0.0011257483114289486,1.975726982146277e-08,2.0164998303491674e-06,0.010847115485231361,0.9676584030070075,3.545075730475662e-07,0.00011848661093813564,0.000458500894796725,3.0944688227642346e-06,9.670677571149323e-05,5.80115797891532e-05,0.010931684280336987
13,0.0019057832008251999,0.00022511835714047538,1.0701241375223268e-06,0.0018779874563133257,0.0002186372540889971,0.0005951972854789589,5.102702168803508e-07,6.4984431846196265e-09,0.0002265488874660922,0.00011227885309810192,7.317837834343339e-07,2.124346531620714e-07,1.6328387469964896e-06,0.004039114542556165,6.396099218114424e-09,5.472855956916448e-07,0.02464504334860778,0.9513081382636853,8.029070838934727e-08,0.00010520097332643365,0.00029711060464192426,2.253232146173236e-06,0.0001361059885212198,1.9905084053665107e-05,0.014280778745665568
14,0.0025389116097605047,0.000193412457196583,1.2428487428902083e-06,0.0010626042367339447,0.00014995859891435821,0.0006302469935026094,3.310072864200342e-07,3.1317575094769214e-09,0.00025611224159353225,0.0001359834754675278,1.9777846916114878e-07,9.610043834454289e-08,1.283223341811627e-06,0.0014192729108657908,5.09753413534765e-09,5.366168368337083e-07,0.017006558881802376,0.9628188050347916,6.827342678333563e-08,8.412233135104933e-05,0.0002432507054197115,1.181440646145679e-06,5.569224810628393e-05,1.4186778716034568e-05,0.01338593597729797
15,0.0026591809155349835,0.00022787778486051653,1.1101931104929452e-06,0.0010499254541559515,0.00016751488251183012,0.000612803717412186,3.5251748788406266e-07,3.264816425015288e-09,0.0002450987183774884,0.0001494194271079656,2.125836001354816e-07,9.144120146033629e-08,1.1485894746365533e-06,0.0015891002334351891,4.912387890509e-09,5.294404533012478e-07,0.016458543232824186,0.9635555286573012,7.331779767371318e-08,8.524810332127551e-05,0.00022141353545552684,1.151157692849645e-06,5.7832796321323936e-05,1.4282756335773624e-05,0.012901552367021502
16,0.0020450861467054796,0.00021844615440669545,8.293099675279599e-07,0.0010402702016547643,0.00012907501303130033,0.0004497879030090248,3.525730582240154e-07,3.3962219168997473e-09,0.00020562827512965427,0.00017842860066033048,1.629629615214406e-07,1.0797327450175623e-07,1.0458035042666242e-06,0.001644982660113147,4.72815997706186e-09,5.35133819815666e-07,0.015547966683470993,0.9655789037455439,6.835695867510707e-08,8.437543359968988e-05,0.0002784136163212384,1.4510535127351235e-06,5.286002584596491e-05,1.1181977871546654e-05,0.012530032271197285
17,0.0021844294792006244,0.00020447957329901645,8.569916305969272e-07,0.001134587628515325,0.00017265717192566405,0.0004973528513110939,3.436333958897602e-07,3.272283371731735e-09,0.0001968861806469666,0.00013774459552267322,2.265474301544299e-07,1.0518994376610759e-07,1.2963487976546316e-06,0.0020631789605062905,4.3809456402752285e-09,4.71419303549118e-07,0.021410299231009466,0.957500511585712,5.8985175472315936e-08,9.57751861979108e-05,0.00023145080960979128,1.3584691505467516e-06,7.184314251133763e-05,1.2510207161198849e-05,0.014081568158814084
18,0.0029144583400608566,0.0002707506773261397,1.3685059485236464e-06,0.001220685775438092,0.00018411973543065927,0.000743783204493577,4.057781308716914e-07,4.035453110904048e-09,0.00030011587343883335,0.00016596086386731516,2.6382825036859306e-07,1.0255760342742511e-07,1.2086799075227314e-06,0.001640359435615892,5.922098542586644e-09,6.565934751105137e-07,0.015948798680484134,0.9636228212502763,9.471523208697319e-08,9.21074218986638e-05,0.0002408398014995009,1.273349762016337e-06,6.491091551981198e-05,1.8060403837954813e-05,0.012566843654950654
19,0.00258753071021031,0.00031267149616854135,1.935109270438233e-06,0.0019888407195515385,0.00015919621067797112,0.00048213849130067626,8.614888236323836e-07,5.806050305834662e-09,0.0003620871792556765,0.00022973439301244756,2.327254313451414e-07,2.7329299203023085e-07,1.6970132005416499e-06,0.0018362233331274667,8.156281120979283e-09,8.44791439937321e-07,0.014959055849017008,0.9583277792749259,8.504305902646768e-08,0.00010078392429362055,0.0004030902147017095,2.183715869847333e-06,7.481102887530227e-05,1.5655537232632643e-05,0.018152274495230956
20,0.001564895261506357,0.00018254228116780448,1.0826344972916257e-06,0.00129103344237915,0.00011655298192679181,0.0004747278588580857,4.3870529637943553e-07,7.761763097957689e-09,0.00026271151402752313,0.00014112139405615554,3.1281469969455336e-07,1.4898415554793472e-07,9.451974017132227e-07,0.0015222271765340581,1.3717576661481696e-08,8.585858968495307e-07,0.015664450846136904,0.9666719273918399,9.079118045950877e-08,7.9417647538876e-05,0.0002976995222555083,3.2645945338318397e-06,5.10798837072139e-05,1.1251167459559177e-05,0.011661197843604485
21,0.002209721686199986,0.0002702093138013744,8.395285160945609e-07,0.0013396594202313306,9.65009485718191e-05,0.0004554804667378312,3.0991543222886334e-07,4.009622176969654e-09,0.0003029581726286434,0.00019023048964717312,1.3393391253592332e-07,1.3676521706801165e-07,1.0836243491039333e-06,0.0020591174539063353,4.154338170964726e-09,9.636770326606386e-07,0.007903094396031892,0.9762858447966235,6.824111772620048e-08,9.088168606419821e-05,0.00020492384373019474,1.1091110604813049e-06,3.0460164517319994e-05,1.1899786168394632e-05,0.008544364414541853
22,0.0016884920431838384,6.313992547922018e-05,4.445563446132336e-07,0.00034301792684107387,6.95867416943742e-05,0.0003130377671715794,9.150719398896409e-08,1.248515585720679e-09,9.497781584221357e-05,5.5941359927605385e-05,9.876406842969774e-08,2.2818336266438244e-08,4.631158119273139e-07,0.0006081509849001573,2.3712786382371526e-09,2.0736120725311032e-07,0.013923569294601906,0.9759498583868862,2.729326284136337e-08,3.437387481800327e-05,8.949755035359244e-05,6.88988873643494e-07,1.7368308185655256e-05,5.497225193837816e-06,0.006741442770027593
23,0.0026591809155349835,0.00022787778486051653,1.1101931104929452e-06,0.0010499254541559515,0.00016751488251183012,0.000612803717412186,3.5251748788406266e-07,3.264816425015288e-09,0.0002450987183774884,0.0001494194271079656,2.125836001354816e-07,9.144120146033629e-08,1.1485894746365533e-06,0.0015891002334351891,4.912387890509e-09,5.294404533012478e-07,0.016458543232824186,0.9635555286573012,7.331779767371318e-08,8.524810332127551e-05,0.00022141353545552684,1.151157692849645e-06,5.7832796321323936e-05,1.4282756335773624e-05,0.012901552367021502
24,0.002310469073219798,0.0002989793323478973,6.279878089375607e-07,0.001348319281661288,0.00012612108430253168,0.0004706811876963375,2.450300353603012e-07,2.86301509889215e-09,0.00017581504304552888,0.00017243221040168138,1.6880065100698308e-07,8.448157249462399e-08,9.146923227254396e-07,0.002599622259093209,2.717444806701151e-09,4.4895707703697405e-07,0.01568979241701095,0.9662526288095873,5.8858395253089534e-08,9.609372667710152e-05,0.00015810451943019065,1.0269547664780062e-06,5.8646320695122775e-05,1.205989845480307e-05,0.010226653493287021
25,0.0014139328586892945,0.00026809094622718733,8.569862475759491e-07,0.0027511118112149716,0.00019476028459832636,0.0006538819904312829,5.695129645316549e-07,1.5995051789602438e-08,0.00017285967968675028,0.00017013114989616044,1.0910342870035016e-06,1.5305349479190725e-07,7.439449848432002e-07,0.006503182896047607,5.285128709719206e-09,8.110255579051154e-07,0.018329681914851712,0.9617577531952601,9.577981688451314e-08,0.00010255170999798724,0.00023226879551581204,2.434385947742363e-06,0.00014313530530521732,1.8792035732900965e-05,0.007281088423063135
26,0.0026004201900100485,0.00023197774875296977,1.10551983441222e-06,0.0010728037954576555,0.00016850622787128734,0.0006083073197762597,3.6604653067216896e-07,3.4093401113933456e-09,0.0002462746953133952,0.00015260101001321594,2.1484039423394995e-07,9.448162224123752e-08,1.1335107673158813e-06,0.001651256320625453,5.163319846307075e-09,5.43341386690109e-07,0.01642586563657248,0.9632393425753721,7.332014719042356e-08,8.564044437379502e-05,0.0002259829451978397,1.1949996781492477e-06,5.805175292176424e-05,1.3787299768909044e-05,0.01321444740495206
27,0.001978336526940458,0.000185248169373473,8.913052815018694e-07,0.0010256117753453633,0.00012193843857690842,0.0005561861088981716,2.8431401605225287e-07,3.881218915290824e-09,0.00025255154808286094,0.00011961150056053392,2.448722728871477e-07,9.091281873619996e-08,9.121142944520081e-07,0.0013984723916382908,6.561091522796712e-09,5.995233830923045e-07,0.016020604377207273,0.9680847954827717,8.017651360576898e-08,6.962354045130755e-05,0.0002214498001176473,1.8624145344437256e-06,4.6721697086573166e-05,1.3402279774333988e-05,0.009900470287749957
28,0.0026591809155349835,0.00022787778486051653,1.1101931104929452e-06,0.0010499254541559515,0.00016751488251183012,0.000612803717412186,3.5251748788406266e-07,3.264816425015288e-09,0.0002450987183774884,0.0001494194271079656,2.125836001354816e-07,9.144120146033629e-08,1.1485894746365533e-06,0.0015891002334351891,4.912387890509e-09,5.294404533012478e-07,0.016458543232824186,0.9635555286573012,7.331779767371318e-08,8.524810332127551e-05,0.00022141353545552684,1.151157692849645e-06,5.7832796321323936e-05,1.4282756335773624e-05,0.012901552367021502
29,0.0026591809155349835,0.00022787778486051653,1.1101931104929452e-06,0.0010499254541559515,0.00016751488251183012,0.000612803717412186,3.5251748788406266e-07,3.264816425015288e-09,0.0002450987183774884,0.0001494194271079656,2.125836001354816e-07,9.144120146033629e-08,1.1485894746365533e-06,0.0015891002334351891,4.912387890509e-09,5.294404533012478e-07,0.016458543232824186,0.9635555286573012,7.331779767371318e-08,8.524810332127551e-05,0.00022141353545552684,1.151157692849645e-06,5.7832796321323936e-05,1.4282756335773624e-05,0.012901552367021502
30,0.0026591809155349835,0.00022787778486051653,1.1101931104929452e-06,0.0010499254541559515,0.00016751488251183012,0.000612803717412186,3.5251748788406266e-07,3.264816425015288e-09,0.0002450987183774884,0.0001494194271079656,2.125836001354816e-07,9.144120146033629e-08,1.1485894746365533e-06,0.0015891002334351891,4.912387890509e-09,5.294404533012478e-07,0.016458543232824186,0.9635555286573012,7.331779767371318e-08,8.524810332127551e-05,0.00022141353545552684,1.151157692849645e-06,5.7832796321323936e-05,1.4282756335773624e-05,0.012901552367021502
31,0.0006439849920424402,0.00032255210463677584,4.807717135393364e-07,0.0030285005861700695,0.00038379968081983366,0.002156677217098827,2.6536550564034325e-07,1.825710333675515e-09,0.0012640056447357966,9.464073708066746e-05,7.02249591761245e-07,2.265701233818161e-07,2.728822300843076e-06,0.0031547400652668857,3.239015331970762e-08,3.023366583706284e-06,0.05671059323082152,0.9070636138504802,9.622086833954783e-08,0.00026881989616653107,0.0010275889525504101,6.658872772024071e-06,0.0001262653970056867,3.445747621271686e-05,0.023705543713588975
32,0.0029493125871717677,0.0002470507845402195,1.1406889017279541e-06,0.0009623650360353884,0.00016633829790870224,0.000659890280307248,3.4643564167905497e-07,3.4213798054843865e-09,0.00025826025892707055,0.00015566451869428868,2.2102436612333913e-07,9.081881499320589e-08,1.1863435959197503e-06,0.0014771092184459403,5.237545706528144e-09,5.430826464071646e-07,0.016632002357784264,0.9639687136341983,9.565475035833214e-08,8.339602067856143e-05,0.00022310104187216488,1.231101865849815e-06,5.6662491479442106e-05,1.610625485068596e-05,0.012139163407597131
33,0.005834609380527607,0.0003435645035696786,3.1703201899851406e-06,0.000710162746435076,0.00019362262034815854,0.0005198946704617209,6.971968582567764e-07,1.7444845137016783e-09,0.0006070411324942119,0.0001360336852026629,1.0417457742554127e-07,1.1810318995128827e-07,7.453751180380526e-07,0.0006143786630748813,1.4077246357612445e-08,3.8908793494280937e-07,0.005527835370975381,0.9524024977114647,5.670447074996965e-08,4.9328312847665e-05,0.00023063293861154478,6.177589257314853e-07,2.5298046874249603e-05,8.714772871767912e-06,0.03279047090124492
34,0.006223681392324954,0.0003194238804756995,1.629786944272043e-06,0.0005745360555767872,0.00019269707910746513,0.0007324414509054254,3.413122329014154e-07,3.1622606283657007e-09,0.0005104796477263571,9.345587005763758e-05,2.2602684334004998e-07,1.0189106159318976e-07,1.58532446368974e-06,0.0009347572757899473,6.46468002091117e-09,5.064284123848043e-07,0.012835630319612547,0.9667823669324636,1.884713594723496e-07,5.696655410323884e-05,0.00017606082498194972,1.0028452808674643e-06,2.909669222811601e-05,2.0877616460366085e-05,0.010511936694646732
35,0.0015143261049609003,0.0036857782674594394,5.945740468353941e-06,0.01865309115865778,0.006293667295443568,0.03023342208914501,2.3220960702919724e-06,2.8048383909147108e-08,0.001064399237495888,0.0014475638438236904,1.3859101921885422e-05,5.568815150597156e-07,1.2889714707983944e-05,0.059236755054513326,1.6393302894093553e-07,1.561198382049982e-05,0.30127124837494174,0.44839556550199605,8.899851555408608e-07,0.006002655523607708,0.002533945155733543,9.549723752888951e-06,0.011227511134882543,0.00024924227962201635,0.10812901176889143
36,0.0025711520405094523,0.0001805630254529846,8.374735658602694e-07,0.0009033323954762166,0.00011531640104090524,0.00027493121910241537,5.025655698082727e-07,8.880206136865256e-09,0.00028055224286146964,0.00010061049536698193,2.0999669512856288e-07,3.2575232548927406e-07,2.5578122420904433e-06,0.001976249017723018,9.375360168350852e-09,9.977666304453872e-07,0.019304815535837842,0.9612971340265548,1.1740501626163342e-07,7.743293012669042e-05,0.00020644066529259964,3.080089386580398e-06,2.5902544730447117e-05,8.412196607707062e-06,0.012668508146318357
37,0.0039486484875705915,0.00015179704501832282,1.0369943054708071e-06,0.0007005113923551308,8.031954075494576e-05,0.0002849471711060258,2.297263189395091e-07,1.2902372742344564e-09,0.00012402321896262512,0.00014019874492012235,9.447643006720599e-08,5.5667357838225673e-08,8.392380546960994e-07,0.0006314379297933653,1.0948637436028575e-09,1.929763436914025e-07,0.008536141214196656,0.9776262491044724,4.567206477421663e-08,5.3076653884783896e-05,0.00010773298990039763,4.522911675448348e-07,4.170189036931176e-05,1.8359123100737366e-05,0.007551906066450505
38,0.0080389868471305,0.00031133213979793315,2.8805222742376494e-06,0.0004995054010744288,0.00030123024353113985,0.00149840185370836,5.913267548874189e-07,3.1179853233844092e-09,0.0005088223299766801,0.00020303054372178907,1.881927970715734e-07,6.671560574614482e-08,1.3774042785555964e-06,0.0008881260737014483,9.903431374089568e-09,9.082048716133864e-07,0.007659503018613473,0.9637282150720283,1.7359868606779137e-07,6.265160140017702e-05,0.00014571723345928772,5.296527205104741e-07,3.096214379290895e-05,2.1576750472701508e-05,0.016095210108185456
39,0.001459742601873981,5.8642720975187604e-05,1.5406054475206878e-06,0.0006722763369637838,9.689622616322904e-05,0.0012799606405282443,2.1539033906580783e-07,4.284987990709209e-09,0.00020570549036123654,0.00013202169688145902,1.5156460272560157e-07,5.242768383806834e-08,1.9717697816327915e-06,0.0005685744535493777,6.256384454112897e-09,9.321645546420867e-07,0.025548652688829793,0.9607181723348623,9.407206950359695e-08,7.633612967350161e-05,0.000420118079576171,1.2703941766313963e-06,3.439338506717674e-05,1.4238522227437016e-05,0.008708029762438904
40,0.0058149519023077325,0.0004037454055872543,2.9578637396653088e-06,0.0009031104657165244,0.0003078082712746299,0.000797285960122653,8.216611906510583e-07,4.194918354957759e-09,0.0005849218639323251,0.0001432515212332643,2.736218074316978e-07,2.414671242953517e-07,2.438013787698293e-06,0.0019905617639027276,1.5170198770026932e-08,6.356925407265888e-07,0.01506109510387623,0.9416036142871227,1.2697177384113514e-07,8.876250280136508e-05,0.00027707023174489067,1.433781141375672e-06,5.8500992021404014e-05,1.523400550976227e-05,0.0319411372846236
41,0.003176958106190059,0.00023297258126632085,1.2582723507722759e-06,0.0009378433262502694,0.00021760526063119255,0.0006419258849120514,3.947544778829991e-07,3.2725278535155894e-09,0.0003103970164709617,0.00012960018213345153,2.1512919081512587e-07,9.243093142087303e-08,1.3284801903843632e-06,0.0014422821479195824,6.10609534555934e-09,6.163735636370203e-07,0.015612620365933751,0.9628431475304604,7.187398461057402e-08,8.714484323367365e-05,0.00020093771914429649,1.0149641026727288e-06,4.857542967774539e-05,1.4000033864454916e-05,0.014098987914496484
42,0.0012386248737648808,0.0001402967661326391,1.203052072860319e-06,0.0013782840558482312,6.402459775204606e-05,0.0008417576234819407,2.9605070417062607e-07,1.0413829628843781e-08,0.00029745088761630234,0.00021576546688665301,2.7254031400791876e-07,1.5884069761520638e-07,1.6674728034073452e-06,0.0008793312389644447,1.2878817165481853e-08,1.960630013628309e-06,0.021328352245655904,0.9662579960539075,2.4710065090428916e-07,0.00010211656242421898,0.0005191292893531159,5.219368966155975e-06,4.86546453860653e-05,2.290877598625452e-05,0.006654258567970205
43,0.002736997828195103,0.00023156911783920757,1.126571598849939e-06,0.0010573476363230573,0.00017147428751528533,0.0006081691215933136,3.5912991134378993e-07,3.269258311323461e-09,0.00024988430211020244,0.00014530090018137108,2.1780623844953667e-07,9.396026141004115e-08,1.1640584220559569e-06,0.001608815888804577,4.970743285393881e-09,5.246113052734853e-07,0.01644516180981551,0.963234414676363,7.330365876149797e-08,8.47115887864326e-05,0.0002179198971885422,1.144626969563657e-06,5.801861766019646e-05,1.4376466415629901e-05,0.013131125552841119
44,0.0026591809155349835,0.00022787778486051653,1.1101931104929452e-06,0.0010499254541559515,0.00016751488251183012,0.000612803717412186,3.5251748788406266e-07,3.264816425015288e-09,0.0002450987183774884,0.0001494194271079656,2.125836001354816e-07,9.144120146033629e-08,1.1485894746365533e-06,0.0015891002334351891,4.912387890509e-09,5.294404533012478e-07,0.016458543232824186,0.9635555286573012,7.331779767371318e-08,8.524810332127551e-05,0.00022141353545552684,1.151157692849645e-06,5.7832796321323936e-05,1.4282756335773624e-05,0.012901552367021502
45,0.002556064732145311,0.00017772526420920467,1.7038017460770204e-06,0.001088353668442634,0.00018195692476292497,0.0008726814356747772,4.954189246380726e-07,7.875084083366178e-09,0.0003617258091282251,0.00013613678801404795,3.816667999582e-07,1.0565046971657385e-07,1.2207018074540964e-06,0.0011652993223929319,1.4590474202882037e-08,1.3099677679834392e-06,0.012974747841450527,0.9695168503113634,1.1907182329826424e-07,8.195448239723157e-05,0.00019916571830079358,1.7348880121511986e-06,4.111049272466758e-05,1.7399645059814317e-05,0.010621733931024288
46,0.000793975077551304,5.876640280231121e-05,4.720377232858068e-07,0.0012967220627324038,6.192134591457872e-05,0.0006784970110493641,8.153757512016666e-08,2.7356016287661538e-09,8.58197426737896e-05,7.126077281989855e-05,2.459717587993397e-07,6.439018492546586e-08,2.3427863221490316e-06,0.001380913654459712,2.6212221201864247e-09,4.622369789005177e-07,0.09728840642829135,0.8902562025915708,6.049441666368132e-08,0.00010948284073605619,0.00033927691820862085,3.0429344419503888e-06,7.906093952459246e-05,1.5099040938234433e-05,0.007477817424501516
47,0.0038136593025997153,0.00013987408861312425,8.721395813301356e-07,0.00048792458411432043,0.00010262966834787614,0.00029341680800916436,2.4854363671864005e-07,1.5508188916890292e-09,0.00028598428908685805,9.926305502860907e-05,6.643708341005414e-08,1.406510901851787e-07,2.8373544327724225e-06,0.0005598268670985605,4.152426396210106e-09,6.2022961279323e-07,0.0176408114065349,0.9628071635194788,7.772979913194457e-08,7.541026987598011e-05,0.00023052245759528622,1.2563129184085312e-06,2.035686096003758e-05,1.2534205735562642e-05,0.013424497515521019
48,0.004801140145356936,0.0007643674870662845,1.2189152932347988e-06,0.0013161163276324992,0.00020510678366067903,0.00164764104871969,3.7461309043709206e-07,7.123569191457067e-09,0.0002884296181529435,0.0003713242259800967,5.187019988783293e-07,9.79064266366115e-08,1.6793677519894926e-06,0.002624253797615733,3.4969267444103093e-09,8.012601278731933e-07,0.03252456875669165,0.9480026960349001,7.278449693808825e-07,0.00012418730747019397,0.0002719070431526703,2.1179086598725984e-06,0.00013198808593491032,6.0209618665560546e-05,0.006858516580185822
49,0.002274260852854971,0.00020765186231105898,1.405659443391837e-06,0.0014190969033569141,0.00011531657987941481,0.0006196051181582363,3.4577347477630306e-07,3.037482818407392e-09,0.00022953222088169622,0.00017365838889898272,1.969664791241549e-07,1.2499002508371673e-07,1.3577789540375035e-06,0.0016441617115109442,4.498331636616411e-09,4.813188161548101e-07,0.015669737764443355,0.9629527503039981,6.524656361246756e-08,9.010632592065912e-05,0.0002837033851569001,1.3179709283603625e-06,7.43298937014514e-05,1.6478252699647815e-05,0.014224307195728578
50,0.0036564917992032886,0.0003674019766059635,1.6340392109560038e-06,0.001026659806609364,0.0002564197683247275,0.00038949739070096636,1.7548401808977122e-06,9.219244743827958e-09,0.00011453336239534101,0.0006245520322246289,1.9862025951438506e-07,1.723822022484216e-07,1.0232554147893103e-06,0.003604777363978102,5.655561419306916e-09,4.866133752952205e-07,0.012875110490104398,0.9490823719061123,9.093412344789694e-08,9.814205584840233e-05,0.0002294534848989102,1.2582973082146405e-06,0.00011791136921958975,8.378612111830524e-06,0.027541664724780753
51,0.0026495350584296007,0.000279722960928098,1.0167118347838158e-06,0.00118661712470134,0.00013988160803669528,0.0005329853041700516,3.3885238061991096e-07,3.409662900576278e-09,0.00024041105097044903,0.00015357187320715884,2.0550233334095117e-07,9.791149902683347e-08,9.257454594021344e-07,0.0018014440992599572,4.704938319975487e-09,4.673821033329635e-07,0.014908713808591902,0.9655378219258131,7.515288077699095e-08,7.728768671286876e-05,0.00020683903102290498,1.269765393743513e-06,5.469668081738987e-05,1.2909526117532267e-05,0.012213157122734901
52,0.0034481346665796928,0.00045492029231141454,1.8169635604665357e-06,0.001974089447000625,0.0002465282933645744,0.0007101803034408545,7.075496139999171e-07,4.844534693259796e-09,0.0003498600930407686,0.00023800421955912933,3.1056770783720546e-07,2.061589631996972e-07,1.8506858181643925e-06,0.00237210867203872,6.4442028469343e-09,6.867240686880436e-07,0.023104024606174542,0.9468429074194514,1.1739800653489854e-07,0.00013233078692084552,0.0004212155914023136,1.7980928804353254e-06,0.00012238223223893388,2.3032548659717877e-05,0.019552775398459385
53,0.00290677495144908,0.0003847199795857791,2.8372594367216256e-06,0.0024363294253425026,0.0006282399194622185,0.0005599569406317263,3.5182315555116425e-06,1.3420206392264343e-08,0.0004134239404297823,0.0003353039238424703,6.686751144935731e-07,4.4365185059011517e-07,2.1339060911261903e-06,0.003449431482052522,1.73345175987805e-08,1.2945964132249055e-06,0.014575755945734166,0.9400663358750688,8.6045988848038e-08,0.00016815413557530435,0.00044895784832995613,2.138264269406783e-06,0.00019832004203772891,2.0722298733968836e-05,0.03339442190628006
54,0.005964527485017732,0.0007009196339991295,1.4529380018619668e-06,0.000924777226335634,0.0002004118464761109,0.0005193491315235125,5.958507223893094e-07,2.5461114400162506e-09,0.0003468507175284561,0.00024437321921428614,1.1361761664188438e-07,1.4439812682577917e-07,7.827888452111999e-07,0.002711719468827586,1.0122332663490532e-08,4.593383145129053e-07,0.00908330968675343,0.9433301302270886,7.847393048945315e-08,6.781040176219071e-05,0.00015330775159853025,1.008076773790677e-06,4.172519950513831e-05,6.7618911641079935e-06,0.03569937796242985
55,0.0021205748321677462,0.0003123670596813394,1.091896740251172e-06,0.0012954194419928081,0.00025925119952236266,0.0009879946921201115,4.014316402233494e-07,5.436946171583471e-09,0.0001515789031518423,0.0002778436667991555,4.0490010862179053e-07,6.010460499901439e-08,7.612766929542772e-07,0.0032207755312466196,6.5017551405629816e-09,5.945142744604259e-07,0.028496565060414595,0.946878654238157,9.243987347139255e-08,0.00013339823078484765,0.00025346086667872586,1.6024043299008882e-06,0.00014280162622178175,1.4398573585903028e-05,0.015449895170509017
56,0.0028014076331495026,0.00022033542820745354,1.1473030200769734e-06,0.0010361292071103183,0.0001668836067556479,0.0006024629118985864,3.6119390096645547e-07,3.289408023284005e-09,0.00025167528436186606,0.00014221043598896084,2.171070466782278e-07,1.0690582055983711e-07,1.4507896627467107e-06,0.0015966058934544147,4.959291149798268e-09,5.268331193817414e-07,0.017572765631726918,0.9618812388098775,7.90270968369212e-08,8.822380868818991e-05,0.00022847002482604778,1.203953733387797e-06,5.813890983876225e-05,1.5361141511401166e-05,0.013332989910504786
57,0.0028043366681336705,0.00023783952573037305,1.1424315122114986e-06,0.0011124036316795159,0.00015339848482974364,0.00045184084958330904,4.309547770029099e-07,4.098338786999658e-09,0.00031185304603361985,0.00017132508808535634,1.6602182512879004e-07,2.3637318434244182e-07,3.3793999791020944e-06,0.0014738218694797416,6.338961293529209e-09,8.485383574439494e-07,0.02754985858931079,0.9487927308212656,1.1644578191575238e-07,0.00014225351712011017,0.00034665832849014504,2.2545544016507446e-06,5.9034973651554724e-05,1.672351623794705e-05,0.01636733593324953
58,0.003301587448738881,0.00022690514735455674,1.30859357307893e-06,0.0010705969486699874,0.000166334922624592,0.0006774095210284336,3.6274213539731975e-07,3.225524002449415e-09,0.00028731229864630215,0.00013547295366818517,2.5828904897153266e-07,1.1421431567997293e-07,1.5473948052534089e-06,0.0013891389540641866,4.366679948461611e-09,5.422378916502048e-07,0.015478118257182311,0.9655745634146015,9.971304326866313e-08,8.329046660577965e-05,0.00022567214710789052,1.1229300238034483e-06,6.320652577436101e-05,2.3283720778341598e-05,0.01129174356611374
59,0.0031749093723214914,0.00024336225645607098,1.6396226213967944e-06,0.0012458278934267756,0.00017303440530587073,0.0007670573031714536,4.0027059017431503e-07,3.5311175544447985e-09,0.0003031117662697412,0.00016532743957001575,2.704735591190803e-07,1.0824378471185799e-07,1.393290201240753e-06,0.0013461389719154285,5.02020089108721e-09,6.135252963714668e-07,0.015043863695731883,0.9652276881502269,9.664289955790006e-08,9.477282785712232e-05,0.0002582402753264322,1.1666001706161321e-06,7.375810124362212e-05,2.4777980129400926e-05,0.011852432340606268
60,0.0026591809155349835,0.00022787778486051653,1.1101931104929452e-06,0.0010499254541559515,0.00016751488251183012,0.000612803717412186,3.5251748788406266e-07,3.264816425015288e-09,0.0002450987183774884,0.0001494194271079656,2.125836001354816e-07,9.144120146033629e-08,1.1485894746365533e-06,0.0015891002334351891,4.912387890509e-09,5.294404533012478e-07,0.016458543232824186,0.9635555286573012,7.331779767371318e-08,8.524810332127551e-05,0.00022141353545552684,1.151157692849645e-06,5.7832796321323936e-05,1.4282756335773624e-05,0.012901552367021502
61,0.0031673052458887642,0.00024116849490481027,1.600146583186102e-06,0.0011891789427819672,0.00017363739144640725,0.0007230406265633582,4.1581770962581243e-07,3.538913336722208e-09,0.0002885668996513086,0.00016459251331877946,2.6285242272441153e-07,1.076963358717913e-07,1.3661835316646386e-06,0.00135392014919847,5.088115286995501e-09,5.710794563306749e-07,0.014922066529468626,0.9650676172505785,9.289651998143532e-08,8.998735010184949e-05,0.0002487619381478298,1.1640577563353457e-06,7.168453329220228e-05,2.267091734105097e-05,0.012270211859971795
62,0.0026591809155349835,0.00022787778486051653,1.1101931104929452e-06,0.0010499254541559515,0.00016751488251183012,0.000612803717412186,3.5251748788406266e-07,3.264816425015288e-09,0.0002450987183774884,0.0001494194271079656,2.125836001354816e-07,9.144120146033629e-08,1.1485894746365533e-06,0.0015891002334351891,4.912387890509e-09,5.294404533012478e-07,0.016458543232824186,0.9635555286573012,7.331779767371318e-08,8.524810332127551e-05,0.00022141353545552684,1.151157692849645e-06,5.7832796321323936e-05,1.4282756335773624e-05,0.012901552367021502
63,0.0031435728076034237,0.00032016954754575557,1.2275548137966806e-06,0.0011285376718995418,0.0001841938888262884,0.0006533683800519096,3.848634056634504e-07,3.3984474039663414e-09,0.0002718150618925574,0.00017656215341355235,2.2552981684979552e-07,1.0012827935848233e-07,1.1365069806010027e-06,0.0017597541029046792,5.570433160690913e-09,5.330101236487368e-07,0.017091196408977542,0.960646788877406,9.153173308232966e-08,9.223605531882397e-05,0.00023638316858894023,1.276106003631461e-06,6.601699019010745e-05,1.561953986987155e-05,0.014208801145473774
64,0.0022556355821382362,0.0002234661429636932,1.168020159503273e-06,0.00116232389406921,0.00014806782383111402,0.0006402094650387453,3.5759310042660696e-07,3.094862286318894e-09,0.00025043362016350317,0.00017290466460218563,1.887630800784572e-07,1.0798231099070181e-07,1.322891855157641e-06,0.0016093132344430796,5.053138173122746e-09,5.398771250145431e-07,0.017773639437880177,0.9613052346443686,7.338359731152822e-08,9.324970872763024e-05,0.0003340097945857957,1.3596751695494327e-06,6.544652156327923e-05,1.4785733183307737e-05,0.013946153398042825
65,0.00337870618089511,0.00019927266386101516,9.366122454187152e-07,0.0007765476788794602,0.00017284389030662416,0.0005983088553745694,2.3977613875279525e-07,2.180434146591074e-09,0.0003844921918834728,7.264000840192218e-05,2.2980300546614658e-07,9.148965754359826e-08,1.533415078084787e-06,0.0010352022309786783,4.781301323373607e-09,5.432971960094686e-07,0.016579590241265534,0.9665247408904374,8.725554725695923e-08,6.662288695464887e-05,0.00016564407844424681,1.1066187940830786e-06,3.6243478570262614e-05,1.906268746844028e-05,0.009985306806880876
66,0.0021571157261692756,0.00028915880309582365,8.452720129328735e-07,0.001493857585137013,0.00012610876912107913,0.00046208321304266523,3.99660113882056e-07,4.742120934378526e-09,0.00026104235215972804,0.0001317054620274232,2.4885396253831467e-07,1.503277204292217e-07,8.834003886865791e-07,0.0026958195964288303,6.431130290161149e-09,5.57533705996852e-07,0.01440522844900486,0.9642292725014792,7.369182343693079e-08,6.676171137780358e-05,0.00020446703225249308,1.8626729536320573e-06,5.2021637070229336e-05,9.977948545424131e-06,0.013410346627155342
67,0.0012185256299983122,0.00010319855497963806,8.594339655891068e-07,0.0016331288522620576,0.00011516029292520424,0.0010431330558268036,1.663542671298474e-07,2.557444583458528e-09,0.00012746986299102248,0.00015820672112433856,2.0337181304649947e-07,6.164678539776536e-08,1.799649828328385e-06,0.002432533142703547,2.19382130133338e-09,5.482640948548127e-07,0.027287832753005184,0.9547156441970279,3.9775043339442545e-08,0.00014430166598105516,0.0002844164676556947,8.187286747319754e-07,0.00010505537397338866,1.7298241957803114e-05,0.010609593211850067
68,0.002986381787328579,0.00030352666658109125,9.447810520633522e-07,0.0008224039983932,0.0003513552635748061,0.0008548801211584424,4.7523938904979095e-07,4.6504479675974205e-09,0.00031917429252081896,0.0001491665599044639,3.5379246149812713e-07,9.136326079408555e-08,1.4368213283615154e-06,0.0020222265400782788,1.3081773962948517e-08,8.724108208918021e-07,0.023897097065767835,0.9504171468004224,1.22749294180894e-07,0.00011277376101287817,0.00019051995900860506,1.644323481330975e-06,5.818484461335383e-05,1.3939570827029022e-05,0.017495263555498266
69,0.002664106705530811,0.00024024497370661282,1.1907730373192785e-06,0.0011583506417981444,0.00017842849272584705,0.0006571664118096758,3.794841328600718e-07,3.58648714532657e-09,0.00025269905330198414,0.00015963491293108335,2.402621353261452e-07,9.79081599232805e-08,1.2089533756413955e-06,0.0016844039723521327,5.137398246860343e-09,5.704539001526216e-07,0.01689326170386579,0.9627092265981085,7.866870921239708e-08,9.304816609231904e-05,0.00023929187207185246,1.2022751563341896e-06,6.643437948167178e-05,1.614612699998808e-05,0.012982578486731382
70,0.002193386124611812,4.3262099360634006e-05,7.827658499017907e-07,0.0005751536459249748,6.126971382073943e-05,9.20043830141038e-05,1.991757641196778e-07,3.399829406355684e-09,8.665682978206925e-05,5.795886792170284e-05,2.7560850680361748e-08,5.433077049560429e-08,8.956438072160706e-07,0.0011274239296620138,2.075833860221073e-09,4.6242522110905657e-07,0.006394671179018751,0.9783332158037099,4.563325207223719e-09,6.251329172737334e-05,2.8516625642952247e-05,2.597825735745245e-07,5.006205795176149e-06,1.0171003493965229e-06,0.010935252475832736
71,0.002563937229325217,0.000201074436135864,1.147725206984106e-06,0.0009935813165089053,0.00014147697512946567,0.0006309411067257339,3.2608225596743576e-07,3.2356992505818033e-09,0.00023895446879183919,0.00013357426931683507,2.178718068713335e-07,8.589426136687195e-08,1.0213336112118852e-06,0.0014220563389909437,4.9407888724252005e-09,4.886276868654807e-07,0.015470261391706885,0.9660210550589974,7.54239709172832e-08,6.858135408708837e-05,0.0002149695222316122,1.192053547282143e-06,5.1427994389427084e-05,1.3929969803082892e-05,0.011829615379024216
