,0,1,2,3,4,5,6,7,8,9,10,11,12,13,14,15,16,17,18,19,20,21,22,23,24
0,5.264697158610626e-06,4.595600149720849e-06,8.783767083834239e-08,3.4717103925019184e-05,0.0008293904265699244,0.022740205507490358,6.376993950643277e-06,2.2010175446607767e-05,0.9681179514446098,6.963127720510143e-05,9.066255999979061e-06,2.579932704043956e-07,3.859393670491023e-09,2.3585818255515848e-08,5.814661402944485e-05,5.769336028066692e-05,2.219873530948606e-05,0.001548906846302856,7.659411057902606e-05,2.553630730154156e-07,3.599711534925792e-05,1.437838436687272e-05,0.0063211950489449045,1.8866527699267714e-07,2.4862997828374286e-05
1,6.821981053337379e-06,1.3146856046828526e-05,1.7275792124423176e-07,2.00647693949251e-05,0.0021358349070065515,0.027218254483659783,8.599750172778365e-06,1.4090737589043627e-05,0.9625893828356736,6.786942984156831e-05,1.3123098215918494e-05,4.2214288597270244e-07,2.61111019409866e-09,6.118139399598366e-08,0.00011811624977174301,4.368787179253815e-05,3.061062308033065e-05,0.0012101249798613135,0.00016070776837282297,2.0060273343703154e-07,5.310672652257256e-05,2.694310239221072e-05,0.006196017053616337,2.621137151450123e-07,7.237536617594475e-05
2,6.3081610862781975e-06,1.8307297011127284e-05,1.6026786624139855e-07,1.8834306518840467e-05,0.002636323327565425,0.01960780206433068,7.500012595499114e-06,1.7247414389158952e-05,0.9663911050390532,7.398705983864201e-05,2.761692659218409e-05,5.859644272788649e-07,2.393085025287579e-09,1.1918814569464196e-07,0.00028116605246815673,2.334022473404936e-05,2.7658683575070746e-05,0.0016130592336550621,0.00010103811464769844,3.4866178578618926e-07,6.33590533595284e-05,2.5098836308476646e-05,0.008924783145841964,2.2942738193430565e-07,0.0001340191437368069
3,8.20892449185862e-06,2.23296499710908e-05,1.8246530883719656e-07,2.960099066336868e-05,0.002595710812736893,0.04102563049226665,1.3984698255751935e-05,1.8090309786653467e-05,0.9414082331864382,7.702379417450526e-05,2.0001327181980375e-05,8.219957963244068e-07,3.3636386023798803e-09,1.3309072245839635e-07,0.00021874987456287895,5.4162212566836014e-05,5.022997848718429e-05,0.0026291706839014117,0.0001780871175742606,3.270238312037619e-07,9.592043052497113e-05,4.680060568835168e-05,0.011367131058988242,4.6364637844715953e-07,0.00013900226606322513
4,9.212114144154153e-06,2.3217664113803208e-05,1.9886533187272071e-07,3.247722406840471e-05,0.0028041429126016803,0.044229845022570664,1.5411447237422117e-05,1.9982881552421874e-05,0.9369833536615141,8.416049608537687e-05,2.0770177374392554e-05,8.678527798557559e-07,4.3043099677542634e-09,1.5155479367828355e-07,0.0002199047536279263,6.205286613800512e-05,5.467025292363228e-05,0.003026895173287417,0.00020306056188008567,3.8322075222133637e-07,9.844477505411359e-05,4.70499527504965e-05,0.011922005562182165,5.498621057096951e-07,0.00014118684082049503
5,9.208758077555408e-06,2.6627597897562593e-05,1.5892841630045244e-07,3.985182756366515e-05,0.002569402300478774,0.04889137409698387,1.4363896803063605e-05,2.021243453853155e-05,0.9301309674430178,7.616220014471292e-05,2.2669749431110752e-05,8.115171852047951e-07,4.024917426227951e-09,1.5430719577493514e-07,0.00024468677766785517,6.520068675086546e-05,5.3795772218362486e-05,0.00421111387294954,0.00020493031307805098,3.96084194556025e-07,0.00010026648161152047,5.103325355147887e-05,0.013127330436574177,5.147851145261874e-07,0.00013876245363763167
6,8.20892449185862e-06,2.23296499710908e-05,1.8246530883719656e-07,2.960099066336868e-05,0.002595710812736893,0.04102563049226665,1.3984698255751935e-05,1.8090309786653467e-05,0.9414082331864382,7.702379417450526e-05,2.0001327181980375e-05,8.219957963244068e-07,3.3636386023798803e-09,1.3309072245839635e-07,0.00021874987456287895,5.4162212566836014e-05,5.022997848718429e-05,0.0026291706839014117,0.0001780871175742606,3.270238312037619e-07,9.592043052497113e-05,4.680060568835168e-05,0.011367131058988242,4.6364637844715953e-07,0.00013900226606322513
7,1.7893706595044858e-05,1.676136531267384e-05,3.2964017648277255e-07,3.2660989167044975e-05,0.0027671541404987094,0.017126443109772984,1.409024830622667e-05,3.234347779439863e-05,0.9738140524399338,0.00014432358563583038,2.781725674666254e-05,6.304492030199133e-07,6.7530723512204695e-09,1.0458599353290929e-07,0.00013505519218482274,4.165499895165993e-05,5.041432288336454e-05,0.001042394043686483,0.0002234480033910158,3.4311092232178693e-07,3.303087340932094e-05,4.215815663991283e-05,0.004317760109950225,3.9526755637371596e-07,0.00011873417221559194
8,1.4140180293996631e-05,1.750779132800852e-05,3.79959379547038e-07,2.608472550429281e-05,0.002827373790919657,0.025664849469888763,1.991888693232103e-05,1.921859645844126e-05,0.9524200019106688,0.0001592244887934389,2.0897770885670074e-05,1.057713641724186e-06,4.839633606927487e-09,2.1014175426815e-07,0.00019786621350676087,3.9153999877109924e-05,7.335753728304806e-05,0.0011684860174196753,0.00014816656665032936,4.096694075449484e-07,0.00011219825810749582,4.053673930411466e-05,0.016769701251880854,9.85214167751476e-07,0.00025826826631271377
9,1.1375073354268162e-05,2.115943847976077e-05,2.086622256315695e-07,2.6818003361403596e-05,0.002206901993368214,0.023844613822656256,1.2429969012972272e-05,1.83660635700853e-05,0.9536123885893607,0.00012869905439160997,2.5264841147334816e-05,8.001831491375005e-07,3.211530034164583e-09,1.88405684396345e-07,0.00028300183126045073,2.77211194222229e-05,5.1451153583008005e-05,0.0015515131930522806,0.00012305175512242528,3.552633785713804e-07,8.965483717674731e-05,3.660687222473219e-05,0.01768214048147767,6.355256697149051e-07,0.00024465065634047254
10,8.20892449185862e-06,2.23296499710908e-05,1.8246530883719656e-07,2.960099066336868e-05,0.002595710812736893,0.04102563049226665,1.3984698255751935e-05,1.8090309786653467e-05,0.9414082331864382,7.702379417450526e-05,2.0001327181980375e-05,8.219957963244068e-07,3.3636386023798803e-09,1.3309072245839635e-07,0.00021874987456287895,5.4162212566836014e-05,5.022997848718429e-05,0.0026291706839014117,0.0001780871175742606,3.270238312037619e-07,9.592043052497113e-05,4.680060568835168e-05,0.011367131058988242,4.6364637844715953e-07,0.00013900226606322513
11,8.87734912879446e-06,2.0707096353463196e-05,1.9180888883913858e-07,2.9506130873976202e-05,0.0025321401759588543,0.0407195734994989,1.5186132408736527e-05,2.0834136990590032e-05,0.9423021966490795,8.396250008185671e-05,1.908066977531003e-05,8.411328754351604e-07,4.158341854634224e-09,1.3028161219888267e-07,0.00020347178865643705,5.850986454138484e-05,5.370501086290705e-05,0.0026645321191399785,0.000188676953441074,3.476870743372116e-07,9.054084538732499e-05,4.629333996484356e-05,0.01080958561305853,5.259879572565985e-07,0.0001305790680476356
12,7.655881959753902e-06,2.5465572390642904e-05,2.1050924831229292e-07,2.7251754593247276e-05,0.0005922504677629592,0.02315567084905968,5.653281531395828e-06,6.0834787229942266e-05,0.9722397781084418,9.4975344910127e-05,1.5792504590715156e-05,6.7001009098857e-07,3.1373757997233222e-09,2.1690882703017012e-08,0.00021511579466369475,4.45830641065622e-05,3.478871624848864e-05,0.0007678405914722579,0.00022406335946056712,1.0894860315270339e-07,3.843687925420767e-05,0.00010135876869150593,0.002297994242020498,2.0516021025921176e-07,4.927057520077229e-05
13,1.520359555355308e-05,1.4285544770295407e-05,4.944969034270449e-07,4.487152586355571e-05,0.0034129640575322833,0.009447231915222556,1.3453700668614884e-05,3.933056153707129e-05,0.9636396024351438,0.00013487750508139488,0.00023760421075950423,2.804241320912274e-06,5.1853260696923525e-09,6.827439931729006e-07,0.000994184077309001,4.21185295100904e-05,4.0047508869239936e-05,0.0028030163805185066,6.073835575164329e-05,1.1335910822522306e-06,0.0001609251378973382,2.8780454551802193e-05,0.018656650041443668,2.2246301050233732e-07,0.00020877174037979202
14,6.170014313761019e-06,8.223702960838063e-05,2.2826291882609117e-07,4.937873242472225e-05,0.00572201006122136,0.06568668795670596,6.578311537383097e-06,1.1952834821877937e-05,0.9113867010149488,5.411069801903003e-05,4.127493740839489e-05,4.757686197083248e-07,3.817770525934403e-09,1.5008992647548503e-07,0.00035517243120576126,6.964205902847713e-05,3.045214548070674e-05,0.005921797421971339,0.0004248893476835724,5.120691441561405e-07,9.3534668826746e-05,4.9795804660316073e-05,0.009894575096349086,2.3685361522308128e-07,0.00011143257178924007
15,8.20892449185862e-06,2.23296499710908e-05,1.8246530883719656e-07,2.960099066336868e-05,0.002595710812736893,0.04102563049226665,1.3984698255751935e-05,1.8090309786653467e-05,0.9414082331864382,7.702379417450526e-05,2.0001327181980375e-05,8.219957963244068e-07,3.3636386023798803e-09,1.3309072245839635e-07,0.00021874987456287895,5.4162212566836014e-05,5.022997848718429e-05,0.0026291706839014117,0.0001780871175742606,3.270238312037619e-07,9.592043052497113e-05,4.680060568835168e-05,0.011367131058988242,4.6364637844715953e-07,0.00013900226606322513
16,1.1857760191157424e-05,2.3300034978430902e-05,3.326538250801841e-07,6.079425097832861e-05,0.0036026890788443504,0.07073106582377015,2.625534312017118e-05,3.0968086584735054e-05,0.894890699743488,0.00010805463153134654,4.133435656249599e-05,2.216974545601958e-06,7.80972236079502e-09,3.442029752102775e-07,0.000398620402580682,0.0001634572951305995,8.223026562749758e-05,0.008321289558227418,0.00024037712369780868,8.516426893406473e-07,0.00026817506099694214,6.541828000217141e-05,0.02079184583501716,8.346025899738339e-07,0.00013697918232276113
17,1.240429905777651e-05,1.824889705999179e-05,2.277393317123539e-07,3.520614465443632e-05,0.0033456494688433995,0.027764179618854315,2.580954107804159e-05,2.029013584038989e-05,0.9533572493361878,7.593647698661682e-05,2.711366286427646e-05,1.3735426035433703e-06,3.983526359766444e-09,2.44265046782567e-07,0.00020047263021571643,5.230515139932873e-05,6.83175144450143e-05,0.0021777275250807293,0.00011884413065537244,3.944257623235703e-07,0.00010314513873514776,5.22389167585872e-05,0.012321059059760773,5.31029517683041e-07,0.00022102736573364378
18,8.469688148219409e-06,2.27260721045559e-05,1.7964038933386428e-07,2.930936629231519e-05,0.002616606969236672,0.04028918449672646,1.4275559320160892e-05,1.773892597608341e-05,0.9419686974104005,7.705759994376594e-05,2.0059044358925372e-05,8.130447608672745e-07,3.3119484786083937e-09,1.3580999610473603e-07,0.00021674717686225145,5.2133164415201204e-05,5.297276678472746e-05,0.0026212378430214216,0.00017934426389186846,3.240862956713115e-07,9.47223096755595e-05,4.8101258996513674e-05,0.011520690646833259,4.7377958186301277e-07,0.00014799576403902508
19,8.155362082254793e-06,1.158958639059841e-05,2.344221694257669e-07,2.515752230146641e-05,0.002210450419292186,0.038095323220068034,2.056171597364664e-05,2.512224981289125e-05,0.950975648313852,0.00013447206305885548,1.3274503039034224e-05,1.0462587977972536e-06,4.874805048316824e-09,7.88852471749181e-08,0.00011814365960873385,5.184728085735e-05,5.443288186895298e-05,0.0012099892870082497,0.00014132576408806317,3.0740166468147704e-07,6.589223765588153e-05,5.110583238656536e-05,0.006671154923141388,5.699982603626858e-07,0.0001141113365695029
20,5.775989113215399e-06,4.6701959752441006e-05,1.83008844799607e-07,3.518638990813809e-05,0.001599771479130884,0.05109019900899678,1.060264613612166e-05,3.396107487758573e-05,0.9311122162634701,6.80515925709994e-05,2.7805899190349298e-05,1.5733065552514582e-06,2.857359380358441e-09,1.289335670575449e-07,0.0005914877482501462,6.007872096949622e-05,4.3978099743835016e-05,0.003777056084162429,0.0001694196251925882,3.089586923162503e-07,0.00016096287496140715,0.00010003629674991234,0.010929805742608,3.961102096092781e-07,0.00013430932898712283
21,1.0908718318433956e-05,2.300177862708444e-05,2.460983504643774e-07,5.880898488711143e-05,0.0031567718247330137,0.038929344303616595,1.4206934570772175e-05,2.0161467885188146e-05,0.9381378191779265,7.503877343406658e-05,4.6588442123334595e-05,1.2977862240767442e-06,4.084935055319295e-09,2.6953229613563583e-07,0.0003360875174039345,8.816041839242847e-05,4.110004103475777e-05,0.004246141529350517,0.00016011487321512674,5.487547691384187e-07,0.00013740042247863574,4.3718062235318506e-05,0.014341390543181688,3.3344355129186957e-07,0.00013053648645923962
22,3.148810467850324e-06,4.244249215665153e-05,4.717093689652765e-08,7.243289331486196e-06,0.0013804961856937056,0.04870285920529875,8.434354991846558e-06,1.1841003649036847e-05,0.9449672111253103,2.030416300851995e-05,1.7706757787096847e-06,4.0228707497761034e-07,1.0446244861126556e-09,4.5371047763898e-08,0.00012419867614517222,1.748676354396588e-05,8.72546476598919e-06,0.0005300191919075603,0.00014234114968596725,4.1099143943780546e-08,2.075723595105034e-05,3.098629898385185e-05,0.0038530243357449666,4.3280891218189905e-07,0.0001257397958443283
23,8.20892449185862e-06,2.23296499710908e-05,1.8246530883719656e-07,2.960099066336868e-05,0.002595710812736893,0.04102563049226665,1.3984698255751935e-05,1.8090309786653467e-05,0.9414082331864382,7.702379417450526e-05,2.0001327181980375e-05,8.219957963244068e-07,3.3636386023798803e-09,1.3309072245839635e-07,0.00021874987456287895,5.4162212566836014e-05,5.022997848718429e-05,0.0026291706839014117,0.0001780871175742606,3.270238312037619e-07,9.592043052497113e-05,4.680060568835168e-05,0.011367131058988242,4.6364637844715953e-07,0.00013900226606322513
24,1.074023642033124e-05,2.90053846300559e-05,2.0113560533009774e-07,4.6828017300335426e-05,0.0037898303179492135,0.041515089227650764,1.4827882862007536e-05,1.7611641762423485e-05,0.9389239530716509,8.097674954527775e-05,2.9356463776542514e-05,9.301598159676341e-07,4.2515132540933894e-09,1.9627409616715163e-07,0.00021847263525797908,5.78267535027704e-05,5.22207023530722e-05,0.0032587376388709065,0.00019125681406722384,4.504026371148203e-07,8.913224170947742e-05,5.156300179088357e-05,0.011445325449432225,4.2993843621139485e-07,0.00017503360736356428
25,1.5920285534840956e-05,1.321983974882661e-05,2.9773839637740037e-07,4.6816110545720886e-05,0.0030146698775011865,0.01868980869778127,2.4143393498746587e-05,4.1033882299481446e-05,0.9632172777406659,0.00013321052673366724,6.635210452913138e-05,1.722671415736223e-06,7.0576511511770605e-09,2.799189397750378e-07,0.0003039383526112566,5.516926093174813e-05,6.602305006557816e-05,0.002737143586387762,0.00010048043502227104,7.397854342475928e-07,8.723700073530745e-05,4.5129288603805026e-05,0.011166375502619197,4.2809452419561296e-07,0.00017257579782265102
26,1.277364625132812e-05,0.0001686239549559559,1.6222643356610843e-06,0.0003225025553162681,0.008648862964095295,0.10010096682251401,4.927622560258658e-05,0.0001212931197532967,0.8698919369064764,0.00016807367218817492,0.0004424094599966189,4.324920449401532e-05,8.834644845694528e-09,1.8751570561101972e-06,0.0036297796383258857,0.00036769493953239373,5.796770071599569e-05,0.0060184317625314974,0.0002552779373106803,1.4991968491051897e-06,0.0005861987166234187,0.0006673496895356158,0.008063678555326545,3.695285711053914e-07,0.00037827754699729435
27,5.649897720571516e-06,2.659620292673637e-05,1.0310461931479216e-07,2.301734842031532e-05,0.0015894657963168733,0.030169180398215797,8.41503177518008e-06,1.6135939620426544e-05,0.9596009045636866,5.2777409230403226e-05,1.5107540343142922e-05,5.546596461302248e-07,1.690222825895939e-09,6.920027351592252e-08,0.00019890896565545268,2.931345425497552e-05,3.0960133921342835e-05,0.0014538462489319566,0.00013408818164991802,1.5888138206584243e-07,4.7772659876579515e-05,5.151902642147968e-05,0.0064142824436835754,2.3658902008405248e-07,0.00013093463218486875
28,8.20892449185862e-06,2.23296499710908e-05,1.8246530883719656e-07,2.960099066336868e-05,0.002595710812736893,0.04102563049226665,1.3984698255751935e-05,1.8090309786653467e-05,0.9414082331864382,7.702379417450526e-05,2.0001327181980375e-05,8.219957963244068e-07,3.3636386023798803e-09,1.3309072245839635e-07,0.00021874987456287895,5.4162212566836014e-05,5.022997848718429e-05,0.0026291706839014117,0.0001780871175742606,3.270238312037619e-07,9.592043052497113e-05,4.680060568835168e-05,0.011367131058988242,4.6364637844715953e-07,0.00013900226606322513
29,8.20892449185862e-06,2.23296499710908e-05,1.8246530883719656e-07,2.960099066336868e-05,0.002595710812736893,0.04102563049226665,1.3984698255751935e-05,1.8090309786653467e-05,0.9414082331864382,7.702379417450526e-05,2.0001327181980375e-05,8.219957963244068e-07,3.3636386023798803e-09,1.3309072245839635e-07,0.00021874987456287895,5.4162212566836014e-05,5.022997848718429e-05,0.0026291706839014117,0.0001780871175742606,3.270238312037619e-07,9.592043052497113e-05,4.680060568835168e-05,0.011367131058988242,4.6364637844715953e-07,0.00013900226606322513
30,8.20892449185862e-06,2.23296499710908e-05,1.8246530883719656e-07,2.960099066336868e-05,0.002595710812736893,0.04102563049226665,1.3984698255751935e-05,1.8090309786653467e-05,0.9414082331864382,7.702379417450526e-05,2.0001327181980375e-05,8.219957963244068e-07,3.3636386023798803e-09,1.3309072245839635e-07,0.00021874987456287895,5.4162212566836014e-05,5.022997848718429e-05,0.0026291706839014117,0.0001780871175742606,3.270238312037619e-07,9.592043052497113e-05,4.680060568835168e-05,0.011367131058988242,4.6364637844715953e-07,0.00013900226606322513
31,1.0667266773550815e-05,2.516307601335639e-05,2.613167080760299e-07,2.9837051109640225e-05,0.0020132285632054265,0.030592112778695245,1.1320038275902232e-05,3.752830388694496e-05,0.955237244039123,7.194588507195559e-05,2.0164779884495747e-05,9.64897570694233e-07,5.692171995040876e-09,1.1090385428093363e-07,0.0002462090128236285,6.810011454077098e-05,5.257849236635371e-05,0.002700172185686241,0.00021998541676500786,3.484926655860173e-07,9.602996634970525e-05,4.9287475854760636e-05,0.008419136388792624,4.968539232871858e-07,9.710100788730548e-05
32,8.86001117944388e-06,2.6510792672076356e-05,1.9128454423848689e-07,2.9381390634415892e-05,0.002675668403950744,0.043459377102407555,1.2939693401418245e-05,1.8102200908839177e-05,0.9390378331105798,7.46148193755722e-05,1.881222528195396e-05,7.496747380297341e-07,3.6458007087767484e-09,1.3071443596264758e-07,0.00021613139100303263,5.747054259322088e-05,5.291480411703792e-05,0.0028197181024367467,0.00022689459411813113,3.1413063222863673e-07,9.386404379630464e-05,4.90467020976307e-05,0.010982750676112617,5.022765269498251e-07,0.00013721766665525365
33,1.3010068152837509e-05,4.5260888252547196e-05,2.417114601716525e-07,4.8074284933334584e-05,0.003159362167244343,0.09662788102392794,2.760357439276663e-05,2.8154501658128756e-05,0.8801189054703354,8.998859686370438e-05,1.2588252161779566e-05,1.1691887934230627e-06,8.377742635557227e-09,1.5757395717252053e-07,0.00017427456097343308,0.00014711683515598558,0.00013519838762192292,0.006312430486105445,0.0005855789358339777,3.92586932042105e-07,0.00012872062083287242,0.00012676373647878774,0.012057670797627635,1.5475376199544482e-06,0.0001578998349415458
34,1.6327085937733978e-05,2.0514283664995604e-05,2.2181112397110834e-07,2.8756458718807816e-05,0.0030759000499521014,0.020967520553544776,9.849336897118701e-06,1.8481515555453256e-05,0.9645483505841969,7.154319944977873e-05,2.6503767556420644e-05,5.263969648026629e-07,4.082622258559697e-09,1.5019297098419775e-07,0.0001825411789757003,4.527039097206186e-05,4.5770582677544564e-05,0.0021666133448140228,0.00023323626227742756,3.0422250634891584e-07,6.010046117239176e-05,3.0650131363396736e-05,0.008330785799655566,3.492378196919499e-07,0.00011972906860959575
35,5.98767138098046e-06,1.754004666917859e-05,9.686245130798178e-07,5.845662813858757e-05,0.017109984590111805,0.31194757949035,0.0001259152205358032,4.232810400401546e-06,0.2993517082023588,0.0003242293767821002,7.318620755528191e-05,7.94455769081708e-06,1.1213652447640563e-08,6.174512659480371e-06,0.0008132125745957811,0.0003006310017004408,0.00021615604363591743,0.027078708285989257,0.00020072385729286534,6.32688458746259e-06,0.0038025443642582695,4.073859349234585e-05,0.33788549443257393,8.481950093055991e-06,0.0006130628589819628
36,9.52695176550342e-06,2.401047263234941e-05,1.817370237802733e-07,3.538301892541167e-05,0.002115612819973613,0.040271692706445074,2.284085440827866e-05,3.0798935939113015e-05,0.9431164679963691,7.604574852877867e-05,2.4510581115673025e-05,1.8464519509494253e-06,3.981072545426889e-09,1.7531791476907562e-07,0.0002718698857938873,6.832941199997005e-05,8.091759648197958e-05,0.003341860386739264,0.00016475822810388215,3.377623694718802e-07,0.00010683838417491966,9.719260719529732e-05,0.009953568510554931,5.485870083770647e-07,0.00018468106551320723
37,2.6018092837231365e-05,3.078621970816479e-05,4.5073646491969144e-07,5.867164542970033e-05,0.005998633327456286,0.07020087813022363,4.916654193693823e-05,2.043974188226347e-05,0.8734256248715726,0.00012831005108292833,3.589813500088851e-05,2.1772058653063084e-06,1.036566532969573e-08,8.41872859674601e-07,0.00033123052506830455,0.0001614923621558435,0.00016361103403428874,0.008720410401392922,0.0003769940384875847,9.300728930208747e-07,0.00032609516583802093,6.827795994099227e-05,0.03954030615374522,2.3788707553939462e-06,0.0003303664777025784
38,6.2271511266130835e-06,2.5365654523484357e-05,1.9494644647530376e-07,3.7528018035825556e-05,0.002128453887987431,0.09699869249209624,1.863955517866567e-05,1.9388648599999255e-05,0.8762721287872262,7.874038933968833e-05,1.87365839051748e-05,1.2837740058039488e-06,4.169524740338787e-09,1.3951928469252026e-07,0.00031588198957580694,0.0001235692117954011,5.3241761246383543e-05,0.0054378285053796075,0.00024184575717179068,3.710070133346402e-07,0.00020851820303329776,6.600087429075225e-05,0.017846276267463126,6.946609301936973e-07,0.00010024818481939277
39,7.3379455425656155e-06,2.374435106756024e-05,1.9151550241710864e-07,2.9106151542652893e-05,0.0023814891419001523,0.04897256415898528,1.3749116733758041e-05,1.9774035734727085e-05,0.9334358835123504,7.077661755750642e-05,1.6975096650442735e-05,9.087857797399294e-07,3.4394177604175492e-09,1.153861108424496e-07,0.00022238104656103244,6.465541065446478e-05,5.3538134629684396e-05,0.002856883006419088,0.0001935837795747622,3.1425370821346787e-07,0.0001184798559969424,5.317463508751569e-05,0.011341380900412984,4.966912520033678e-07,0.00012249303082759926
40,1.598948167963142e-05,4.6560729189468276e-05,4.577739254578707e-07,3.0794398436817485e-05,0.008022966313981705,0.026698113107585797,1.87156700786185e-05,1.6191219318440732e-05,0.9491431549865138,6.560276177259617e-05,4.668474726694405e-05,1.887866110920993e-06,4.370525861993846e-09,5.649229911696981e-07,0.0003696108406899835,4.9346472956735196e-05,6.259162390578074e-05,0.002403771556390659,0.0002300554816735418,4.957335835716006e-07,0.00013656175355020568,5.816939458618848e-05,0.012232684050760343,5.066627306646746e-07,0.00034851807979498575
41,7.4596549467804025e-06,2.2418415691839824e-05,1.593114088549425e-07,2.907463458160421e-05,0.0026763983308840684,0.034685285754643934,1.059438058780045e-05,1.7050154847084426e-05,0.9502776607745608,6.462149442644181e-05,2.0367452514439355e-05,6.152630324790234e-07,3.0433344582574114e-09,1.1631936891999209e-07,0.0002064153672242535,4.8484666311901947e-05,3.540699049767293e-05,0.002435459212687961,0.00016873318562154655,2.9894907672112335e-07,7.147680182088243e-05,3.611090537015327e-05,0.009074240076377292,3.254791261398589e-07,0.00011122338105602624
42,4.853051143564878e-06,4.4715748864844337e-05,1.732942511270865e-07,3.0168784053911737e-05,0.0009098890750123825,0.045527035858826684,5.4036865340327074e-06,3.517077648987595e-05,0.9485783764766031,3.6415027629051874e-05,7.543819148536702e-06,5.634933835731389e-07,2.314796120737484e-09,1.9252611786238592e-08,0.00014111079806515604,7.850743800972534e-05,4.0654174771483765e-05,0.001415605858039842,0.00033412529436193815,9.556363206010511e-08,6.063216738074829e-05,0.00012474297348625768,0.0025815352604980097,2.1634582006590796e-07,4.244346658588009e-05
43,9.786566224917489e-06,2.759737847223461e-05,1.7364686059333897e-07,3.128967635787029e-05,0.0029448733654120623,0.031761172032542535,1.414144839161093e-05,1.6074321433582986e-05,0.9497658801866257,6.355419469840805e-05,2.7871808311723596e-05,8.614577368437464e-07,2.9820770876950664e-09,2.0341008591760954e-07,0.0002578336971650459,4.5586269717401354e-05,4.429273092168078e-05,0.0026756187437396673,0.0001664800327691883,3.234876063767548e-07,7.553832047104602e-05,4.4478363249459493e-05,0.011830834521927971,3.983032364846117e-07,0.00019513305396464648
44,8.20892449185862e-06,2.23296499710908e-05,1.8246530883719656e-07,2.960099066336868e-05,0.002595710812736893,0.04102563049226665,1.3984698255751935e-05,1.8090309786653467e-05,0.9414082331864382,7.702379417450526e-05,2.0001327181980375e-05,8.219957963244068e-07,3.3636386023798803e-09,1.3309072245839635e-07,0.00021874987456287895,5.4162212566836014e-05,5.022997848718429e-05,0.0026291706839014117,0.0001780871175742606,3.270238312037619e-07,9.592043052497113e-05,4.680060568835168e-05,0.011367131058988242,4.6364637844715953e-07,0.00013900226606322513
45,6.529782082111624e-06,1.9478514235303874e-05,1.8330488464913324e-07,2.6922865808733296e-05,0.0015256565432965137,0.05063890554962053,1.7611811198761268e-05,4.883938893579007e-05,0.9369351351935586,8.784806039832817e-05,1.4531373162678336e-05,1.1390509948357436e-06,5.60391406548916e-09,8.124904082803564e-08,0.0002697328705454393,9.293341155417405e-05,4.3442988748429074e-05,0.0031713543517048405,0.00020850973588972685,2.9743383731724304e-07,8.906920998917569e-05,6.335819860983135e-05,0.0066713356101987704,5.924560218931136e-07,6.650544176861671e-05
46,2.1243726138600986e-05,1.575152973509511e-05,3.73559283641594e-07,5.083131456858081e-05,0.002199251008387159,0.060597558934282356,3.589957346241663e-05,3.4445390908671386e-05,0.922545287323031,0.00017562719137587926,1.4956831711103535e-05,1.779259314258679e-06,8.844582658165513e-09,8.411185579473225e-08,8.783807264768153e-05,9.803702239807962e-05,0.0003485422557649768,0.0023051990377540798,0.00028387798984037165,4.1150828522536496e-07,0.00017842311052265292,0.0001772523870784421,0.010646363325855229,1.2915309031843965e-06,0.00017966516031279946
47,1.8181697136211782e-05,2.4032184248099484e-05,3.4608845562501937e-07,5.23625194423887e-05,0.0018561018032224985,0.05465793323974618,2.5298313461401825e-05,3.553637778792389e-05,0.930685845058256,9.667224661229153e-05,1.3201850625173481e-05,1.5536943189878678e-06,7.643478172262405e-09,9.797277582043405e-08,0.00012526110002142663,0.00013783475006116808,0.00011895013741992576,0.0024571316445044784,0.00033233648159674656,2.8010548663144826e-07,0.00012793491223515345,0.00012111919301504864,0.008993167800009673,1.018884051341912e-06,0.00011779430203169215
48,1.215269449222744e-05,3.1239908264500526e-05,2.01541778760435e-07,2.2458469467858886e-05,0.001950120033295914,0.07041285362947614,1.8817224305601382e-05,2.980567783011851e-05,0.9139335476635153,0.00011278436778725098,7.028992612439416e-06,6.553099729396426e-07,6.5191972220672054e-09,7.027109664792343e-08,0.00013104012638973754,7.455029055318986e-05,0.0001465775134247392,0.0030058139850704987,0.0005488891612926925,2.4393635598177435e-07,9.004747032859478e-05,9.695667960410454e-05,0.00923274838248379,1.627298408241198e-06,0.00013976285299540487
49,5.8162476575933515e-06,2.5814784663047005e-05,2.1052912839219402e-07,2.8730607466095144e-05,0.0020798569464664006,0.05360577253327722,1.3256710453896329e-05,2.1363240059555525e-05,0.9335770209425378,7.68711211706293e-05,1.4114250309902882e-05,1.0896076416892697e-06,3.2081288964993847e-09,7.424825190903662e-08,0.00018845334275366716,5.7983608384327376e-05,5.1627685619931636e-05,0.001906056677965657,0.00017857508822767123,2.7309063677646213e-07,0.00010577146326686617,7.747116156913276e-05,0.007868372658037942,4.332853723802313e-07,0.00011498696095243216
50,1.818259731633791e-05,9.991756039341957e-06,2.491808652017257e-07,3.158242832517531e-05,0.0027722311018594497,0.02698506717788401,3.5601152109420796e-05,3.362098760910315e-05,0.9572031552204824,0.00019443104789632626,2.4963873079031748e-05,1.123123964681929e-06,7.828401628234146e-09,2.0038060532723116e-07,0.000156617431720783,5.492879987043131e-05,8.341503812433145e-05,0.001952346755444283,0.00016004265837537722,4.993846245686094e-07,5.7731224458064304e-05,4.3163193867134673e-05,0.009993327468262984,9.609634004065752e-07,0.00018655922541416204
51,1.1373441480445081e-05,8.691579834484816e-06,2.632988111529919e-07,1.7571131034328172e-05,0.00401202701114967,0.0430093854357049,2.8060069725413783e-05,1.4118199497102814e-05,0.9321604170852558,0.00012526002605179896,1.4821721034136707e-05,8.620600160340122e-07,5.368761959657555e-09,1.8197380417578423e-07,0.0001303726478329069,6.621341752232768e-05,8.759837986717149e-05,0.0025106745324186687,0.00019544032373644378,4.5617870337725435e-07,0.00012618382810584736,2.7450940906105663e-05,0.017301680355159353,1.0514334292725344e-06,0.00014983956015717284
52,7.441718182156733e-06,1.822445043627176e-05,1.4754073412892334e-07,3.185556792111185e-05,0.0023352648357037463,0.0456746743040583,1.2027624045795784e-05,2.169392478049116e-05,0.9381677833826596,9.794652583455725e-05,2.196467295674493e-05,7.849877452243633e-07,3.746036522233847e-09,1.211660721724301e-07,0.00024204695816788165,5.47566484737706e-05,3.759918898292007e-05,0.003177979948702436,0.00017307423051822997,3.80732653384644e-07,7.717768386412005e-05,4.028679118249627e-05,0.009702286442993297,4.0275950214496814e-07,0.00010407416779286895
53,7.2058222635214806e-06,9.700356656896408e-06,2.2174569471210532e-07,3.8762538012408644e-05,0.0034340205801105268,0.04382303547460918,3.764216039518661e-05,1.4373405449739539e-05,0.9171280447131794,0.00010016128276588534,3.6592307928560645e-05,1.6779606243633555e-06,3.934986697976411e-09,3.066058355677855e-07,0.0002602961268673848,7.65223829872227e-05,6.0060610863443946e-05,0.004007361871186959,7.186939562784452e-05,7.539962689335193e-07,0.00020908257456536233,3.4232233053962495e-05,0.030460288625113345,6.172311891500231e-07,0.00018716606376389984
54,6.3828856242903e-06,6.90811509846052e-05,1.0549324887335777e-07,2.6306251871096308e-05,0.0018525864235951126,0.039224150941811094,1.0383777544239237e-05,1.3922527944265296e-05,0.948736468128638,4.167486301747337e-05,1.530380727285821e-05,7.020309248575225e-07,1.2759852279192016e-09,1.2173162312842034e-07,0.00032130545363361925,3.0050958537929702e-05,3.131575122041678e-05,0.0015332549315636341,0.0001888514388859585,1.1839702730122735e-07,5.5226620000890955e-05,8.814892046953376e-05,0.007489347262333342,3.25428713856897e-07,0.00026486354752863837
55,9.007225717602289e-06,4.2853581403017565e-05,2.2202524653693026e-07,3.6605717344832657e-05,0.0026555273419892967,0.04007712322824901,7.3820699398921175e-06,1.1113017683800225e-05,0.9395415766433217,9.526679456200441e-05,2.664255855447583e-05,2.9444526394491455e-07,2.148287069313186e-09,8.905129921386883e-08,0.00025062832927822044,3.494470572073366e-05,5.852187195716917e-05,0.0020280061966246933,0.00027447203616163044,2.708779623888147e-07,0.000108727539115093,5.0244782359786e-05,0.014531903504873695,3.755215379538538e-07,0.00015819878554618254
56,8.570048911000347e-06,2.1144082016401862e-05,1.8660337807234772e-07,3.07202806818433e-05,0.002563133713407568,0.04241033625373126,1.4811711402473003e-05,2.0123026242407485e-05,0.9402821894799379,8.181455427264376e-05,1.9299918257347614e-05,8.428460692527523e-07,4.006057877567483e-09,1.3069690979174765e-07,0.00020604685469702074,5.873113992818289e-05,5.2095971261499486e-05,0.002754127630788902,0.0001848328874858212,3.5355942006648913e-07,9.328622466315437e-05,4.6348908005841276e-05,0.011019405659271973,5.040341408389576e-07,0.00013095990906072182
57,7.6048000159947404e-06,1.6487082569780514e-05,4.0210428277754994e-07,2.152335376822491e-05,0.0036480210086100345,0.0410999696787732,1.894661172542096e-05,2.1858640157112378e-05,0.944362130861117,9.969770037489272e-05,1.5701733507432122e-05,1.3825990187893842e-06,5.218449659032412e-09,1.188451133062669e-07,0.0001586483358657132,7.166616706217846e-05,6.53228825400678e-05,0.0015963361416819293,0.0001914437703659954,4.133798805902916e-07,0.00012722302642494902,5.116583736865569e-05,0.00830306317240349,6.04028516315136e-07,0.0001202630204064502
58,9.555519226628016e-06,2.2499114391515363e-05,2.042727146792469e-07,2.8176558625449676e-05,0.0027334590242049975,0.05081277141983506,1.7725869940976458e-05,2.1008945634385313e-05,0.9291499292646955,9.649699014228598e-05,1.6122412842203636e-05,9.075160057597673e-07,4.792950685459791e-09,1.450633923645112e-07,0.0002073452904400622,6.448097548343216e-05,6.589062956279466e-05,0.003104117465896955,0.0002293059287153945,3.755147150540102e-07,0.00010923718733968657,5.089729431545151e-05,0.013111952104138557,7.957927718037953e-07,0.00014659505201832104
59,9.654483162628417e-06,2.2178431317689975e-05,2.386455483746336e-07,2.9714609794045114e-05,0.002853916991763745,0.04727612243584663,1.7887862757737336e-05,2.1902422529186835e-05,0.9328792253093098,9.586506805797366e-05,1.780643650122776e-05,9.751744655507262e-07,5.0080200999164315e-09,1.486248438451159e-07,0.00020871125748020164,6.789322891403811e-05,6.668792235231203e-05,0.002953391210658602,0.00021886757782769767,4.1115677101605373e-07,0.00011695372915968477,5.086618153595576e-05,0.01294693065832941,7.508738019305706e-07,0.00014289469925075074
60,8.20892449185862e-06,2.23296499710908e-05,1.8246530883719656e-07,2.960099066336868e-05,0.002595710812736893,0.04102563049226665,1.3984698255751935e-05,1.8090309786653467e-05,0.9414082331864382,7.702379417450526e-05,2.0001327181980375e-05,8.219957963244068e-07,3.3636386023798803e-09,1.3309072245839635e-07,0.00021874987456287895,5.4162212566836014e-05,5.022997848718429e-05,0.0026291706839014117,0.0001780871175742606,3.270238312037619e-07,9.592043052497113e-05,4.680060568835168e-05,0.011367131058988242,4.6364637844715953e-07,0.00013900226606322513
61,9.552680454525124e-06,2.1680192392276023e-05,2.3056008394527578e-07,2.7477922464950368e-05,0.002879271158165156,0.0441008620471827,1.675185680083997e-05,1.9725863749255264e-05,0.9367404595294703,8.989197113084513e-05,1.8129695337860707e-05,9.269923197505418e-07,4.403004930684205e-09,1.4951022073766895e-07,0.00020910558663272694,6.240495285224723e-05,6.22131131648658e-05,0.002686032922540799,0.00021156608154773658,3.68747064483047e-07,0.00011228899697670076,4.783789145931308e-05,0.0125369508939168,6.674833776529524e-07,0.00014544894768876387
62,8.20892449185862e-06,2.23296499710908e-05,1.8246530883719656e-07,2.960099066336868e-05,0.002595710812736893,0.04102563049226665,1.3984698255751935e-05,1.8090309786653467e-05,0.9414082331864382,7.702379417450526e-05,2.0001327181980375e-05,8.219957963244068e-07,3.3636386023798803e-09,1.3309072245839635e-07,0.00021874987456287895,5.4162212566836014e-05,5.022997848718429e-05,0.0026291706839014117,0.0001780871175742606,3.270238312037619e-07,9.592043052497113e-05,4.680060568835168e-05,0.011367131058988242,4.6364637844715953e-07,0.00013900226606322513
63,7.6025481862774166e-06,2.9379298264087366e-05,1.6431918192856394e-07,2.866219563764904e-05,0.0024193118891714014,0.041132885372210534,1.1510254720941095e-05,1.6773504757100233e-05,0.9422457588704989,6.481402748563979e-05,1.9010517944137004e-05,7.039089511646321e-07,2.858585137917298e-09,1.194368628130076e-07,0.00023555800246844678,4.840031875108955e-05,4.5391893039138034e-05,0.002572681586008525,0.00019262683401235288,2.7495405918279153e-07,8.922884738163641e-05,5.031821465926452e-05,0.010645196123248723,4.098026792115476e-07,0.00014321442123484232
64,7.975866589505602e-06,2.396468759316073e-05,2.627193102396414e-07,3.0159240445502102e-05,0.0028406941519528235,0.0487759549992589,1.5099242050106494e-05,1.7303876397727356e-05,0.9294286148661043,7.894825938256934e-05,2.013907128815652e-05,1.083365234555984e-06,3.572928042952857e-09,1.4740092538327982e-07,0.0002451149380445724,6.706451602909289e-05,6.328671568173546e-05,0.0027141760845627236,0.00018359843103469447,3.7612467982651843e-07,0.0001774906759918444,5.338852316167519e-05,0.015109299559525483,5.639121690997039e-07,0.0001452891996584084
65,6.2745593408708205e-06,6.625540835258983e-05,1.688906304758561e-07,3.4722434638105086e-05,0.0037614004632423067,0.11877587145266263,2.0608170126256076e-05,9.880764586659133e-06,0.8265539233034572,4.277291154206489e-05,1.2847919973461808e-05,1.0526845390486735e-06,2.8631668839488927e-09,2.7579250068608575e-07,0.00035168272676230076,8.631441631550602e-05,9.439616481702813e-05,0.008684901046244451,0.0002788850711177296,4.622837143433189e-07,0.00038522850086690437,7.70816963407039e-05,0.04043987012199631,1.2645289894512292e-06,0.0003138558240761042
66,1.951899209125914e-05,4.03644437501144e-06,7.803251134454238e-07,2.2736363976025877e-05,0.009394154129318688,0.02810970316089137,3.8060935823568416e-05,1.7250286027957422e-05,0.9530329358766515,0.00018847204006656884,1.4857746227864905e-05,6.961532016444269e-07,1.7782692900489106e-08,1.2524161840189886e-07,3.645532746323081e-05,9.726887132421428e-05,9.824561309597762e-05,0.001180174780438136,0.0002305386204359829,8.555095638942348e-07,8.123385538161635e-05,1.641355091535406e-05,0.007341790647129366,8.959531886951571e-07,7.278179298718882e-05
67,9.388931481403577e-06,1.7474089934041448e-05,1.9555191924149902e-07,2.7064826832144134e-05,0.002709549972828073,0.028171186079408665,1.2790854648813023e-05,2.037061462188169e-05,0.9585754327189133,8.012982154374352e-05,2.1313206996053162e-05,7.269599486936177e-07,3.5241155720041e-09,1.1934083326819354e-07,0.00018596974065561696,4.8211511490982656e-05,4.168859734275145e-05,0.0018960869962954333,0.00016381831768481675,2.927293879046562e-07,6.719909619702663e-05,3.798936948835133e-05,0.007801077921352562,3.6058077464233665e-07,0.00011155864530516932
68,2.6708275939821478e-06,2.5040254428379987e-05,1.993179731567846e-07,2.6193394647145632e-05,0.002166163344136425,0.16083461330119583,1.98803708132611e-05,3.545653087376524e-05,0.8114862233846919,8.946404150457722e-05,1.651821151292162e-05,3.601881732336742e-06,4.0405721795729846e-09,1.1898835057811069e-07,0.0005636856431436646,8.908297233607925e-05,5.4343217358771835e-05,0.006594820287372006,0.00012115810488761242,6.613407167732079e-07,0.0004575408828992433,9.514986402979868e-05,0.017200460075192638,7.238499551721131e-07,0.00011622587208171216
69,2.3039944589461857e-06,1.2453465515109888e-05,5.047515362429536e-08,2.72762849001917e-05,0.0012336066778163679,0.018170174572337182,3.653044304630834e-06,8.745099023384722e-06,0.9600658019071696,4.66992827906542e-05,7.687217450263831e-05,5.216039087953663e-07,6.697453734735873e-10,7.651211391042086e-08,0.00048339557286891573,1.1085415817064366e-05,1.7572722810768535e-05,0.002961009179617191,2.2784914768625914e-05,4.0903237419711085e-07,8.652649963066307e-05,2.3796892687593053e-05,0.016617078583211087,4.3574989889598336e-08,0.0001280618474837104
70,8.566888883314851e-06,2.3151874174390792e-05,1.8510240995709407e-07,2.909398208914055e-05,0.0026479858323119735,0.04086548148008828,1.422769478652602e-05,1.8325852727238272e-05,0.9412100950744295,7.797385612276099e-05,2.0053493751671086e-05,8.276226959313475e-07,3.4394185754198356e-09,1.3816217596392e-07,0.00022350367351783943,5.3881064276168204e-05,5.31611816908617e-05,0.002693997748042805,0.00018693654688523882,3.272992028895036e-07,9.746487886908034e-05,4.8164318270295964e-05,0.011580906347935559,4.901284906072023e-07,0.00014505645675339044
71,8.444909092052353e-06,1.781661298849114e-05,1.774730930399017e-07,2.7773470919135907e-05,0.0026327491310928898,0.03901778442249209,1.6364384855842315e-05,1.8363594815366287e-05,0.9442075630208812,8.395819382225559e-05,1.82590257249443e-05,7.94157981940459e-07,3.6143808378465677e-09,1.2836969987992588e-07,0.00018511088299948968,5.246413128150694e-05,5.1867298293612884e-05,0.0023738375810061474,0.0001623459465146151,3.3571849367053455e-07,8.601293984225766e-05,4.251318227407763e-05,0.010858548151340382,4.995445693668158e-07,0.00013628424154492455
