,0,1,2,3,4,5,6,7,8,9,10,11,12,13,14,15,16,17,18,19,20,21,22,23,24
0,0.0082334316436508,0.0003082419755191444,0.000389436866875391,0.00011952542943715121,0.3466915375508194,0.0003713375191217314,0.00394762223930789,1.614649675397107e-05,0.5232076332601404,1.9954077049405907e-05,0.04964937077708188,0.0004383629644720203,4.0287171057087334e-05,0.014531458533151098,5.9875914517766255e-05,1.1376631092583163e-05,0.0006746617468050393,0.0066246594624514024,0.00032549592874416146,3.449225456001462e-06,0.01297228333144024,9.140621561462488e-05,0.010994413486848537,0.01602883695064068,0.004249194601951629
1,0.0019252091543496001,9.260959976857588e-05,0.00015730626248762513,3.6662107578727125e-05,0.08628721868616195,0.00034174407455450607,0.0017102691257799628,7.053546083954581e-06,0.861908411386958,2.7372484639721575e-05,0.013025934730641413,8.490378173598295e-05,1.8261228151453093e-05,0.01061075279081307,3.725820994591566e-05,5.139810538239715e-06,7.650455087972867e-05,0.0035519342630463443,0.00024931267950676527,2.647378844427753e-06,0.005217786100898825,5.213572624732592e-05,0.004928855222178992,0.007308068068468811,0.002336649029739954
2,0.001938508051001079,0.0001201676700324652,0.00014453780959346253,3.5537898512408575e-05,0.11926453635451678,0.00027591379872083115,0.0015377525140261633,8.031135424843855e-06,0.8180226260145202,2.2708115373807083e-05,0.019211166124451423,0.00012901783978459247,1.5656561751617222e-05,0.017045662178331773,5.418356821085515e-05,4.243165522969145e-06,9.545079059991293e-05,0.00272408224501199,0.00017697284973130644,2.7910888966121543e-06,0.004681199123678033,6.780383028395563e-05,0.004503237964230416,0.006354801479178481,0.0035634118286138796
3,0.003321654777281529,0.00015148995185673548,0.00018307039882368628,4.966841149644733e-05,0.12924626902671352,0.0003788526214492698,0.0020679378269362024,9.71317287814659e-06,0.796610229566121,2.4362506449574828e-05,0.02526017200293397,0.00015262368085170935,2.3100706813300443e-05,0.01432155612366286,5.249373346155518e-05,5.256205019322625e-06,0.000147868753415855,0.004046145081830179,0.0002590982924627963,2.724321767274918e-06,0.006439590267570362,8.389528872119029e-05,0.006093738985348509,0.007854809400495079,0.0032136788956398108
4,0.003117706869377004,0.00015448207829842815,0.00018155295559100942,4.7200198962236615e-05,0.1290663747318309,0.0003123259718546838,0.0020419230989706656,9.368046775189374e-06,0.7964790889608723,2.3788543615853063e-05,0.024326396337380565,0.00014789167773574056,2.587129793196473e-05,0.0159829604182668,4.5451966526428474e-05,4.6617716997756e-06,0.00013301172754047756,0.00417558137242378,0.00025260898246900294,2.9236588507912487e-06,0.006885487923156337,8.564496924907528e-05,0.005487087291822354,0.008012397991022734,0.0029982111577757414
5,0.0032494151774665413,0.00013410599581990397,0.00020614179652066135,6.409752410845113e-05,0.14095333881777836,0.0003665400203652182,0.00203774875753598,9.096015236557412e-06,0.7817846673512437,2.7521122519866278e-05,0.02188084546803009,0.00012083185898001451,2.51308348347971e-05,0.01495478327456735,3.847918044564081e-05,4.931125256932376e-06,0.00013977538118002496,0.006334222133786849,0.0002664027964676778,3.2848320197325506e-06,0.007634441988747329,6.072918990081292e-05,0.008120032140833367,0.00924442454320045,0.0023390126731535747
6,0.003321654777281529,0.00015148995185673548,0.00018307039882368628,4.966841149644733e-05,0.12924626902671352,0.0003788526214492698,0.0020679378269362024,9.71317287814659e-06,0.796610229566121,2.4362506449574828e-05,0.02526017200293397,0.00015262368085170935,2.3100706813300443e-05,0.01432155612366286,5.249373346155518e-05,5.256205019322625e-06,0.000147868753415855,0.004046145081830179,0.0002590982924627963,2.724321767274918e-06,0.006439590267570362,8.389528872119029e-05,0.006093738985348509,0.007854809400495079,0.0032136788956398108
7,0.013821685355970621,0.00020110684970704715,0.0002966674783886112,6.35783605066158e-05,0.13754775234674663,0.0004655814058507554,0.0035848719165815636,1.9604808194726496e-05,0.7335818400863273,2.3089967361695012e-05,0.06840282466858659,0.00021025868579339823,8.267090547412124e-05,0.011118551958113168,6.280921036226495e-05,4.789232271108298e-06,0.00017014575093888903,0.007637107626204886,0.00044047048127954816,3.1629137350578644e-06,0.00911955737266114,0.0002113822964160302,0.004051982138439588,0.006709810408686092,0.00216869777540257
8,0.0034757641684211743,0.00014529385206057117,0.0003604991020742749,5.634648646291376e-05,0.12159971922399788,0.00028395699939900965,0.0008492512037017511,4.458567463353923e-06,0.8048019927168713,3.286427733828587e-05,0.012441922396270797,0.00013798004025422495,1.6660200954129286e-05,0.015718923875467652,4.1426737058895206e-05,6.206053929585659e-06,0.00017161368378619402,0.002518057936545302,9.704886600041971e-05,3.094056260809008e-06,0.0035097777962582615,3.771845271064652e-05,0.009750303266900616,0.019091745453158646,0.004847374586653169
9,0.0014468209255627086,0.0001546405583305274,0.0002935317079640642,4.714326555088924e-05,0.08635659228931045,0.00021246058956811856,0.000786489014381826,4.795834896529853e-06,0.8455438292717423,5.0211520705437424e-05,0.00779872089788928,9.348341683114871e-05,1.4704392806649089e-05,0.021222693198402445,3.42512993994485e-05,7.412445416418864e-06,0.00012025043377416051,0.0026460058365112248,0.000131837816273703,4.006002829603965e-06,0.004177386903480303,3.2017159571613e-05,0.00781252245419627,0.016492775227693646,0.004515417536911122
10,0.003321654777281529,0.00015148995185673548,0.00018307039882368628,4.966841149644733e-05,0.12924626902671352,0.0003788526214492698,0.0020679378269362024,9.71317287814659e-06,0.796610229566121,2.4362506449574828e-05,0.02526017200293397,0.00015262368085170935,2.3100706813300443e-05,0.01432155612366286,5.249373346155518e-05,5.256205019322625e-06,0.000147868753415855,0.004046145081830179,0.0002590982924627963,2.724321767274918e-06,0.006439590267570362,8.389528872119029e-05,0.006093738985348509,0.007854809400495079,0.0032136788956398108
11,0.003515793547431857,0.00015283326988981753,0.00018448072266182315,5.0994325829687877e-05,0.1322541525457578,0.0003550998181262865,0.0021724531721415067,9.601602566731544e-06,0.7927538358927878,2.3159489795665265e-05,0.025688134327791587,0.00015892152171222425,2.6864982959368244e-05,0.013947281872655606,5.119727360857966e-05,5.25551319733967e-06,0.00014479429480111934,0.0041471813083505185,0.00026619690593084495,2.9214507257542483e-06,0.006568160610576897,8.887591585134429e-05,0.005812007997058149,0.008531562836989526,0.003088238800802257
12,0.006027771018331536,0.00036442874423416505,0.0001423730022720875,0.0001654727544051253,0.04127181660812107,0.0007253443226765907,0.004315922966055515,3.657628200547601e-05,0.8790232685271557,5.172628559822079e-05,0.029310807864506738,0.0002281064658879632,6.46075843553141e-05,0.009186755794412024,0.00016076451707585656,1.8618354112692376e-05,0.00016750085301116608,0.008186955617523611,0.0018268012354955097,2.5075946575821225e-06,0.005884426537050936,0.0002618681283881659,0.0049371150553929296,0.005148966416969188,0.002489497470304746
13,0.004306334239677586,0.0001894954381152168,0.00015191768336666816,3.607183766613689e-05,0.16684178030462274,0.0002511340943567405,0.0024511784221124505,1.6374645738866356e-05,0.7161581083562065,1.4001215542248204e-05,0.06211133473016977,0.0003559030053098497,2.5864112884898008e-05,0.02241540673312641,8.121211265513043e-05,4.221858147465148e-06,0.0001630969545592288,0.0031294370359554228,0.00024008593685254963,2.3358986239913946e-06,0.006940159770753689,0.00017038290265042103,0.0032542091322305252,0.005343227023194831,0.0053467265554805144
14,0.003491577642049361,0.00039769365041334543,0.00018643755434414764,8.344529270091445e-05,0.3425386675313634,0.00021563230477088878,0.002120130606176609,8.505669394959938e-06,0.5341804016747583,2.741072433013106e-05,0.04848753295020405,0.00011499419187330913,4.547547026717321e-05,0.020545926577295367,2.795723093838279e-05,2.6401365674713744e-06,0.00023557645867909995,0.008028353860506099,0.0005177904721947655,2.8808797563983974e-06,0.02120445694599003,9.491273520191255e-05,0.00609324644486201,0.00964523411444387,0.0017031188809179842
15,0.003321654777281529,0.00015148995185673548,0.00018307039882368628,4.966841149644733e-05,0.12924626902671352,0.0003788526214492698,0.0020679378269362024,9.71317287814659e-06,0.796610229566121,2.4362506449574828e-05,0.02526017200293397,0.00015262368085170935,2.3100706813300443e-05,0.01432155612366286,5.249373346155518e-05,5.256205019322625e-06,0.000147868753415855,0.004046145081830179,0.0002590982924627963,2.724321767274918e-06,0.006439590267570362,8.389528872119029e-05,0.006093738985348509,0.007854809400495079,0.0032136788956398108
16,0.004517897059256132,0.00020698878477017996,0.00017280472150603545,5.05859649754615e-05,0.13055553285267363,0.00035172665811488243,0.0023611412249314344,1.5773733489825982e-05,0.7749460961320322,2.332526512180675e-05,0.03997742706375966,0.0002690234782318827,2.709907926360976e-05,0.019786373599821768,7.799064558675833e-05,5.910834267515431e-06,0.00018212853629369645,0.004332893427086485,0.00031091248054515493,2.5294638200147843e-06,0.006799053299054832,0.0001533047282064603,0.004604517600527371,0.0059480313670713944,0.004320931999591715
17,0.0034913863848347482,0.00014481050623008237,0.0001894933977782472,4.422482420296684e-05,0.1496824822068474,0.00032445838566420745,0.0021918567389608568,9.099142925394229e-06,0.7712391818601149,1.9868193525063952e-05,0.02745918072975226,0.00016557213631604917,2.403389740940672e-05,0.015536327687261198,4.1048430453151e-05,4.3921250037048195e-06,0.00015295635840872996,0.004212944435219906,0.00021917546714557724,2.6956040699975748e-06,0.007348029521842651,8.121990271369025e-05,0.0060094929311377285,0.00830589186713357,0.0031001772650486913
18,0.0022885681792850637,0.00016157665507502965,0.0002071855739143369,2.922850106944216e-05,0.11540252758314487,0.0003126199050168878,0.0020943242804881633,7.903932210422833e-06,0.8002829889753937,2.416123648938845e-05,0.021767315984045167,0.00021585338969201253,1.688008375771972e-05,0.021588214538806286,5.850493389307616e-05,7.6369781110869e-06,0.00019893462424263624,0.002940876030094422,0.00022502312066704981,3.021670026240874e-06,0.007903115218595857,7.800653428867577e-05,0.006909227946794961,0.010225388132022777,0.00705091599287463
19,0.001413294540276412,0.00013268106021253483,9.433902212177791e-05,5.857457712735462e-05,0.1110891275307865,0.00037972818792374706,0.0013774144917443095,5.6750389770446904e-06,0.847876200924748,2.5256095320885777e-05,0.010766498239172997,0.00010436276067918434,1.4844677014115056e-05,0.00980201450999457,4.827475545674356e-05,3.778182748574138e-06,7.783959765883023e-05,0.001935415260473954,0.00018125495675606608,2.1188666103359497e-06,0.0025294347086800063,6.570328360803204e-05,0.004025070937334415,0.005814941636330098,0.0021761561582437842
20,0.0026361347414205036,0.00018210393154800136,0.00010992583159314648,4.81844207385093e-05,0.10101304050981698,0.00036962498931535667,0.0019148486413488005,1.2574993752119702e-05,0.8312025992944557,2.6896860329391734e-05,0.02727471986616142,0.00013555592219871825,2.6944278493611894e-05,0.015309568981308776,7.625227582882622e-05,4.269066346619472e-06,0.00010680353023861557,0.003089850921305996,0.00034219537328567234,2.694999212106379e-06,0.005034351569960783,0.00016592153915102084,0.0034460894498126995,0.004620663635342197,0.0028481843770342572
21,0.006695480744925548,0.00017911179507793936,0.00045894807189524343,5.3617260203013255e-05,0.15963159659351825,0.00021739226222621726,0.0023650671326804814,1.2551366324154634e-05,0.7223352718389368,2.306694977325163e-05,0.03206807987982117,0.0003169139565620711,3.822191447451517e-05,0.026788885452942803,2.9138541465108937e-05,7.5420423890039085e-06,0.0002451332285834652,0.008622727285499307,0.00017871097853502078,4.136410528019344e-06,0.011511891461052583,6.783118106543526e-05,0.008245229428579222,0.015788302402860936,0.004115151820080365
22,0.00040492614300157104,4.377171285082018e-05,2.2446244346403454e-05,1.613750225652236e-05,0.05407743269192169,0.00013108809660129618,0.0011557098826068767,1.2808874155836113e-06,0.9257938878718651,4.526428971230933e-06,0.004651742649408468,8.634100535129008e-05,5.538370008946888e-06,0.003962152148019335,4.63586119091957e-05,1.810390322176214e-06,1.2820599259135396e-05,0.00034545607160102286,8.023122073797916e-05,7.272560487726932e-07,0.0006626260687041802,2.5693691018512223e-05,0.0012333314816382979,0.0047436610946071395,0.0024903018795283793
23,0.003321654777281529,0.00015148995185673548,0.00018307039882368628,4.966841149644733e-05,0.12924626902671352,0.0003788526214492698,0.0020679378269362024,9.71317287814659e-06,0.796610229566121,2.4362506449574828e-05,0.02526017200293397,0.00015262368085170935,2.3100706813300443e-05,0.01432155612366286,5.249373346155518e-05,5.256205019322625e-06,0.000147868753415855,0.004046145081830179,0.0002590982924627963,2.724321767274918e-06,0.006439590267570362,8.389528872119029e-05,0.006093738985348509,0.007854809400495079,0.0032136788956398108
24,0.0024545582115725554,0.00026842106879380363,0.00015459923224583105,0.00010171481214154073,0.13839914760069252,0.00035790090470014463,0.00213076499087565,1.1390861566434191e-05,0.7848719557183645,3.8202212465912876e-05,0.020834730576541456,0.00013799877638530128,2.6179255323641415e-05,0.018150283290270675,6.022232790679938e-05,6.22774829598325e-06,0.00018467699195830339,0.00545343178017753,0.0004627025744467649,2.969642377502243e-06,0.0075368805386467255,9.01714657811228e-05,0.007578838781023344,0.007956489417486327,0.002729541219959744
25,0.005966092922807305,0.00011617747062479694,0.00023582763662587312,5.1278640863241726e-05,0.25423378776055755,0.00030724311642596854,0.004582028268343191,3.2531378762018424e-05,0.5913193522117682,1.2830218431476825e-05,0.07857890067911254,0.0003211462196633133,3.491863182295574e-05,0.021925676921963237,2.9631414965716484e-05,4.249232931889727e-06,0.00019877871198476163,0.012208424060035935,0.00024081291805305474,3.736503910569353e-06,0.01573587823945829,0.00010384647551965113,0.005932652412722931,0.005522600333333103,0.002301597619312462
26,0.004048603004538216,0.000494854204723167,0.00010860207756594596,5.7316315318170505e-05,0.13029941828415453,0.0006003877138005802,0.0048874501503087964,5.165078463208611e-05,0.7081607378889809,3.109802940981913e-05,0.09954838734319214,0.0005694857566988771,3.820217589933141e-05,0.023411424194921246,0.00033217928142359996,1.1585124284623627e-05,0.0003203900665355089,0.002916853945682135,0.001059472334952496,2.601617464565428e-06,0.009068415386447638,0.0006990135711652165,0.0023787194398936506,0.0025481288446058286,0.008355022463400967
27,0.001796931383317768,9.642375666571435e-05,7.619057967015712e-05,3.3186730227655704e-05,0.07284971892102607,0.00033331812392280516,0.0013441037572125033,6.3663747631077364e-06,0.8872762127636062,1.7550905366785814e-05,0.013955137904939253,9.843204950857924e-05,1.5544735151037538e-05,0.008045144045434691,5.2787718295493934e-05,3.2499298065319e-06,5.107713892558209e-05,0.0017517638231246988,0.00019296565214439875,1.716378940325606e-06,0.0023278413334979586,8.806549081628728e-05,0.002657672909524368,0.004690738575611796,0.0022378590184999204
28,0.003321654777281529,0.00015148995185673548,0.00018307039882368628,4.966841149644733e-05,0.12924626902671352,0.0003788526214492698,0.0020679378269362024,9.71317287814659e-06,0.796610229566121,2.4362506449574828e-05,0.02526017200293397,0.00015262368085170935,2.3100706813300443e-05,0.01432155612366286,5.249373346155518e-05,5.256205019322625e-06,0.000147868753415855,0.004046145081830179,0.0002590982924627963,2.724321767274918e-06,0.006439590267570362,8.389528872119029e-05,0.006093738985348509,0.007854809400495079,0.0032136788956398108
29,0.003321654777281529,0.00015148995185673548,0.00018307039882368628,4.966841149644733e-05,0.12924626902671352,0.0003788526214492698,0.0020679378269362024,9.71317287814659e-06,0.796610229566121,2.4362506449574828e-05,0.02526017200293397,0.00015262368085170935,2.3100706813300443e-05,0.01432155612366286,5.249373346155518e-05,5.256205019322625e-06,0.000147868753415855,0.004046145081830179,0.0002590982924627963,2.724321767274918e-06,0.006439590267570362,8.389528872119029e-05,0.006093738985348509,0.007854809400495079,0.0032136788956398108
30,0.003321654777281529,0.00015148995185673548,0.00018307039882368628,4.966841149644733e-05,0.12924626902671352,0.0003788526214492698,0.0020679378269362024,9.71317287814659e-06,0.796610229566121,2.4362506449574828e-05,0.02526017200293397,0.00015262368085170935,2.3100706813300443e-05,0.01432155612366286,5.249373346155518e-05,5.256205019322625e-06,0.000147868753415855,0.004046145081830179,0.0002590982924627963,2.724321767274918e-06,0.006439590267570362,8.389528872119029e-05,0.006093738985348509,0.007854809400495079,0.0032136788956398108
31,0.004895148473768735,0.00019161676264424566,0.0002771967537810533,5.773041422405601e-05,0.12701678648211961,0.00041284412555464605,0.0024018672270403676,1.5681680280535267e-05,0.7821062241753901,3.167265030744189e-05,0.0301813547060986,0.000189230947945692,2.9099785138479425e-05,0.017358714942470748,5.094282828219059e-05,7.556413551456533e-06,0.00021144755167631644,0.006001942529786919,0.0002979543247475275,3.2675785182635904e-06,0.00866058222334442,9.792276746087827e-05,0.007317988307008146,0.008605428088112847,0.0035797982607467136
32,0.0031226765635698575,0.00015616501106947782,0.00017100689999535065,5.469246449250024e-05,0.12632889919872298,0.000403450355942331,0.002192218212519914,9.977621667965957e-06,0.799686179572163,2.641940242791246e-05,0.024906060986873417,0.00014150950538531064,2.4575480888691377e-05,0.013568937817120723,6.0054515313848746e-05,5.732536934535329e-06,0.00015024801596425942,0.00421845290560328,0.0003360613030487277,2.8296012230530512e-06,0.0069924195283191885,8.956157783797216e-05,0.006322473709400652,0.007910997246260626,0.003118399967254469
33,0.014084090424281775,0.0004640556970412162,0.00027014700889466375,0.0001518759132165654,0.2431666408441476,0.0004342098883469733,0.006799267635536741,4.469235061012258e-05,0.5431427029059074,1.9926160407625027e-05,0.11400896616017517,0.0008100114311657348,0.00010495175643651907,0.01876680377191914,6.766340978322045e-05,1.358953115802977e-05,0.0007462409057135234,0.014215736783777877,0.0008009419908422521,4.020417246993566e-06,0.019118765480240073,0.00035093141986176885,0.007424849604555267,0.011443337194008368,0.00354558131472543
34,0.0017317971920511354,0.00021399216628998147,0.00017361761691439892,4.811609221903024e-05,0.12005797269473467,0.00040132573968394285,0.0017884369554168264,9.737915831009011e-06,0.8078947016520369,3.491483137344007e-05,0.018147658395192136,0.00017877853765910093,1.686855307631871e-05,0.0209019378423956,5.0917739044282146e-05,6.906300447570374e-06,0.00018833940330134852,0.002884285326403906,0.00020982050765010698,3.2585776578411505e-06,0.005776524660988427,8.265797356943533e-05,0.006584770133455231,0.007976943997761284,0.004635719194845935
35,0.0018251501748673266,0.00015446623287101904,0.00016171262526352723,4.645994182956761e-05,0.1765612952607568,0.00031289346203173694,0.0016559143038745307,6.296368091633194e-06,0.7506109509438589,2.3316580735651867e-05,0.02263030899884897,0.00011770073206735223,1.594848664508897e-05,0.01825146371628711,6.250481636464786e-05,3.661486178299101e-06,0.00014011233814880062,0.002477371564301708,0.00019692811598313469,2.930699526837759e-06,0.006324745843726777,5.9409932439074446e-05,0.006730921185111222,0.0077148535854498065,0.003912682604740528
36,0.0033694347379808307,0.00016414523421145444,0.0001735009374740653,5.268670922258257e-05,0.10883905534477391,0.00039164863353277174,0.002111553977379895,1.1692502060114586e-05,0.8195313126290426,2.7188391539859055e-05,0.02368427507383308,0.00016343097745752367,2.3901446134062185e-05,0.01498057641818166,5.507425324858664e-05,5.949021138073312e-06,0.0001516981831553457,0.004247725328713955,0.0002835209986546109,2.6768883082550904e-06,0.0059437804727457124,9.999483397174324e-05,0.005670101556353578,0.00686250989030238,0.003152565560583144
37,0.0055727827517956085,0.0001003116268966393,0.0003503917699844088,3.537466615058115e-05,0.16757091481600966,0.00020027653776585362,0.0020932576057420913,5.355426082676772e-06,0.7468329428592,1.542949039262068e-05,0.022369781364440896,0.00015931795118541227,3.457198795243925e-05,0.01467841354812671,1.832691330935866e-05,3.807179215987959e-06,0.0001337072316865621,0.005850102899626966,0.00012772092699011981,3.1719572743273737e-06,0.008773055949066935,4.535210500541162e-05,0.006553889338069387,0.015979547221185598,0.0024921958768437326
38,0.005616543427921351,0.00011055724598617441,0.00022584448374168888,8.261557003317147e-05,0.08430482946887197,0.0012594463208577948,0.005170110481158899,1.5210554014556106e-05,0.8288308833263257,3.820005097928885e-05,0.023627337884908093,0.0001335181640465139,4.1139137021509e-05,0.006380016741835996,9.420028938978625e-05,1.5837669129252045e-05,0.00020884412151389605,0.009642470411304378,0.0008777409547743401,4.082250778075251e-06,0.009743878945957124,0.00010140524331675953,0.012080794715464927,0.008969517276737388,0.0024249752639313414
39,0.007330171225065117,0.00016097730534595382,0.0003047606838263252,6.157815141856546e-05,0.1304883479018496,0.0010048611267482208,0.0055608174770508155,3.834707022374946e-05,0.7456121022581045,2.9147655930976083e-05,0.05148923617691528,0.0003962207272855706,3.842368838467175e-05,0.012471216006388133,7.1990752983995e-05,1.741537019469593e-05,0.00036945542924939046,0.008226475186714094,0.0005056117096521212,4.037894497684927e-06,0.013233037659937597,0.0001813257437626794,0.009197556659714856,0.008578393789647516,0.004628492349107889
40,0.005508591113996198,0.00017683731130351067,0.0002159876199581967,3.2856474649861135e-05,0.14470107937079885,0.00040057524905341577,0.0019978078147927527,1.030330274543639e-05,0.771532874847745,1.6590042560982644e-05,0.038457704023221566,0.0002805251554094296,2.4460447921895717e-05,0.015322455136938888,6.78962139024684e-05,4.027491279757831e-06,0.00016777381909939025,0.002108587273854107,0.0001365926352743347,2.1920459571272177e-06,0.004533895618031712,0.00014898445646909796,0.003584893599447753,0.005721980424200569,0.004844528511387579
41,0.002758186615710508,0.00011700452900150626,0.00013954996523706152,5.1873124413636446e-05,0.13148502038842258,0.0003962673957559441,0.0016365776762742247,7.574602943558098e-06,0.8102992815072716,2.1250918035274985e-05,0.020756325679681935,0.00012374745725218328,1.6749639251781743e-05,0.010419360485715512,5.9342108448203246e-05,4.116627210962298e-06,0.00010463213996910828,0.0028998264519737855,0.00021121802843643829,2.150634975084796e-06,0.003920367536513279,6.695177131589622e-05,0.005224637393698089,0.006569787112574346,0.0027082002099176553
42,0.00381154974811174,0.00021732237474729086,0.00010231027023217179,5.853662279751238e-05,0.09244073921460444,0.0006354605623928187,0.0029574239900617616,1.8209760281568856e-05,0.8393549788885734,2.6943628909182334e-05,0.03138382327921511,0.00019429099186532873,3.8893054339271e-05,0.008363672238595703,0.00010211406525972492,8.2442686113934e-06,0.0001664815796879122,0.002750501961849454,0.0006335615724946453,2.345655839663892e-06,0.0052898511243144155,0.00032064477215280077,0.003074063780461083,0.005113297916703507,0.0029347386778980364
43,0.0020267593026344383,0.00010408942790787615,0.00014177223355322016,4.903730473683887e-05,0.0916912548013783,0.0007188941776586805,0.0015363500371957674,1.0454136159186363e-05,0.8541928795732908,4.450181764874925e-05,0.01600108798783788,6.716169223121799e-05,1.722364796760226e-05,0.010081613539736214,6.271236892224757e-05,5.465024007888142e-06,9.645494610139167e-05,0.003654174913985797,0.00033825259601777267,3.032630751883791e-06,0.005451395289344865,8.428553448918593e-05,0.006139504575595593,0.005268162313950053,0.0022134801268968328
44,0.003321654777281529,0.00015148995185673548,0.00018307039882368628,4.966841149644733e-05,0.12924626902671352,0.0003788526214492698,0.0020679378269362024,9.71317287814659e-06,0.796610229566121,2.4362506449574828e-05,0.02526017200293397,0.00015262368085170935,2.3100706813300443e-05,0.01432155612366286,5.249373346155518e-05,5.256205019322625e-06,0.000147868753415855,0.004046145081830179,0.0002590982924627963,2.724321767274918e-06,0.006439590267570362,8.389528872119029e-05,0.006093738985348509,0.007854809400495079,0.0032136788956398108
45,0.001582701117689525,5.112174665534062e-05,4.4981329798456355e-05,6.319121726799235e-05,0.10898752422411168,0.0006097091925132198,0.003156486526303929,7.760222021383776e-06,0.8544600692444836,1.1306777360495124e-05,0.015226019419521081,9.776266308664994e-05,1.6205593515768896e-05,0.003019960540852238,0.00011282026188410475,4.702904673628072e-06,4.293650939591428e-05,0.001956550015720674,0.00037444169038322383,1.8931767878455016e-06,0.0018242432677528315,7.178785089198019e-05,0.0029994438192431296,0.0038339017374872425,0.001442478950598012
46,0.02312359631656151,0.0007355130120444961,0.0004600148812646276,0.000181107384008815,0.26666519367174263,0.0009395401476594906,0.005189053426036777,3.916781953755592e-05,0.5180503423095777,3.1924153908354893e-05,0.10905809312622988,0.001040052767389829,8.338875284378993e-05,0.015911147803485678,0.00016438269362358898,2.3600469248186997e-05,0.002148564533982195,0.006490166047764916,0.0006541469337670205,3.7789505030501484e-06,0.013986141135379422,0.000504628858364367,0.012524684978987528,0.014158646126310499,0.007833123699778064
47,0.009361449723835381,0.00043893266911929475,0.00022762735361530711,4.593230674585091e-05,0.08154212072727203,0.00037600838933918106,0.0027976502738248734,1.815597390260863e-05,0.8279562375182005,2.574058660192724e-05,0.03730680190271355,0.0005545649404889375,5.80382763064933e-05,0.013047664940009302,7.828932818637399e-05,1.2811141779825878e-05,0.00027624003175896435,0.0029160353196510795,0.0003195646481930695,2.499916640153631e-06,0.004304746725986065,0.00035321486068323396,0.002722820299109331,0.009220678297765848,0.006036173848270963
48,0.007896137360439157,0.0013553873168213489,0.000385709827940297,0.00023902375118858182,0.14455364389467837,0.0008899794784247789,0.0037790993727831487,4.554007503541347e-05,0.7113684642352832,0.00012178132594569333,0.04152058156925756,0.00038149691565456996,5.8992340500934665e-05,0.029742529090728338,0.00014743409340872357,2.7200586202455518e-05,0.0014870345486036008,0.009304917471984435,0.0012469630146777575,4.606926885316089e-06,0.015206637760527004,0.0003847325940445369,0.01477245888613936,0.009153171084468094,0.005926476478377459
49,0.003893473508313385,0.00013036472385916407,0.0002156218837893196,4.33594061805932e-05,0.12270213047866778,0.0004924370757410532,0.002221384613381054,1.0802908902040678e-05,0.8055080715514426,2.1491877071544415e-05,0.025520120265129537,0.00019810300106845867,2.3457065115433793e-05,0.012589109868367362,3.894017097449048e-05,5.316737288981263e-06,0.00014414412618980632,0.0038804766833879386,0.00016966641676517425,2.832470263839466e-06,0.00544818418871326,8.390163699141325e-05,0.005857218428659864,0.0077111663386782445,0.003088224575057669
50,0.0021310057237271746,0.0001608165817612304,0.00015958054107386636,3.840997908235511e-05,0.0876832402881726,0.0003352650786192709,0.0020913754259360698,1.2383438727014938e-05,0.8508556733290313,3.668406030711538e-05,0.018081139501676575,0.00011575710914402959,2.401346814560472e-05,0.0170704227757583,5.012464399294272e-05,4.794699014005089e-06,9.726949493157797e-05,0.0032936682602365034,0.0003246828825422841,2.6178165794732634e-06,0.006416620879566299,0.00010902461398781514,0.003511480429231377,0.004575215302191244,0.0028187336765637928
51,0.0032538261013799284,0.002600888362963856,0.00013892396313505055,0.0002608732166984954,0.10016792544861108,0.00021520772239751778,0.0012745499825217864,4.337824675453756e-05,0.7912861039707864,9.195641890069407e-05,0.03103086245530169,0.0004058995157730641,4.7972258080937495e-05,0.05132533448106338,0.0001446555223247465,7.219711753859246e-06,0.0002198612668866607,0.003431468735956308,0.0006214717698458438,2.387349365921497e-06,0.003651506928688143,0.00047762472256001096,0.0020537619785336294,0.0031307795118012917,0.004115560357915165
52,0.0036050220410324017,8.883456928050212e-05,0.00013458232575158782,9.898087775806812e-05,0.04536875785686452,0.0007370226539847379,0.0010783198702325734,1.5458212445648923e-05,0.898101206256118,8.627891856190681e-05,0.013966048999912403,4.912092608657053e-05,2.7662608343183524e-05,0.008664911507375953,8.025342053409917e-05,8.482200646036106e-06,6.837872338229771e-05,0.011864273852082823,0.000648410262319293,3.994195640105902e-06,0.0032862804151788504,9.596249107331451e-05,0.006118849988803711,0.004670787917590715,0.0011321189090005858
53,0.0022585487632508843,6.989720095388333e-05,0.00011470827673207775,2.7515601404370443e-05,0.09738780164175886,0.00039908414934218376,0.003750003678882561,8.15478668504202e-06,0.8409730932577053,9.866929682409903e-06,0.021798823728483487,0.0001991700373632443,1.5128611952321102e-05,0.010531559873740218,4.552274132011896e-05,4.345131569647522e-06,8.697185645101756e-05,0.0030446694755046637,0.00015833224539585063,2.2304374006947877e-06,0.004543573020767893,5.376209787697674e-05,0.005640164103315939,0.005600586109347498,0.0032764862431131276
54,0.0010683769867875772,0.0001905014105574813,0.00011421520927107709,1.9394222163278904e-05,0.061727918715258255,0.00016127958522018862,0.0010204538511210837,5.450656155810082e-06,0.8852812779576383,2.2873029038805326e-05,0.01014336508023345,0.00021672530952264365,9.807718386177573e-06,0.020666476469525453,6.355166707447774e-05,5.915807834137941e-06,7.713875946077933e-05,0.0008748031587843467,0.00010649904876963399,1.8685988064983015e-06,0.0019849328159026814,7.029062631921626e-05,0.0022262541865100843,0.0059319976338191496,0.008008631495839365
55,0.00629360787403627,0.000694861573758282,0.0004990392333387656,0.0001298766357186448,0.1314197372816487,0.001009475329233089,0.0015720897951744346,3.942568014066029e-05,0.7143400287396904,0.00022874193560532233,0.047089375971410684,8.532353874355793e-05,4.6378565928613565e-05,0.04022839038468885,0.0001929769655053858,1.3809477121865682e-05,0.00076716248955469,0.008977020929845208,0.001058981912877646,7.261688879923771e-06,0.020788492756686067,0.000342289541945211,0.013714665707821434,0.005636922011943128,0.004824063978703031
56,0.0034541104432509614,0.00015398907141177126,0.0001837252092464705,4.9547734399506816e-05,0.12853340497945703,0.0003692878213083478,0.0021281419544646836,9.865555225233218e-06,0.7963553759037258,2.3765138332413406e-05,0.02585547421397072,0.00015826455094321537,2.4929572102213244e-05,0.01434961709740564,5.156766249054479e-05,5.209184270549314e-06,0.00014673881468518093,0.0041119507066295444,0.00026273513766408775,2.7932312210991506e-06,0.006554318210362034,8.846452138310367e-05,0.005915753327292028,0.0080401087603783,0.0031708611983794002
57,0.003248959124608513,0.0002614045664544232,0.00017424283435021152,5.63081929964036e-05,0.12934833694851985,0.00034666028782332745,0.0031716159249715573,1.2830983048270363e-05,0.7835875248046433,2.8331435087888366e-05,0.02993861311640997,0.0002130223299214364,3.814783658215387e-05,0.014864278744244163,6.600468704770019e-05,8.462163485898858e-06,0.00020229760733097958,0.004303248352809989,0.0006330345056269919,2.832920636343632e-06,0.010969742340309339,0.00014539182317826818,0.005015446696586607,0.00934615040551446,0.0040171113678119045
58,0.002648140243555808,0.00012622744017184973,0.00016763101664297973,4.451938355126157e-05,0.13405435164452967,0.00031219170696983274,0.0018952538723183841,6.289312994107354e-06,0.7989965794130198,2.0228600117683842e-05,0.02008962344711899,0.0001318230983989632,2.2801467872643898e-05,0.012057994308193005,4.384915377746134e-05,4.7228408578755544e-06,0.00011742870692781005,0.003378973040018567,0.00022735761188985782,2.8445053533553827e-06,0.005971265193589982,6.258914246209219e-05,0.005983042649330314,0.010615744768961802,0.0030185274313757897
59,0.0027004118983664817,0.0001335661510715944,0.00019845593315032578,4.275725827048933e-05,0.13543729484991526,0.00031944887313410935,0.0018211651216172942,6.678961379175082e-06,0.7947599451943004,2.327016676339465e-05,0.01974499949136204,0.00013008193697964574,2.2016100010194933e-05,0.01366608927200406,4.061124540356697e-05,5.034905848899774e-06,0.00013148384142786,0.0035568939942941203,0.00021133917417234265,3.0050114271716826e-06,0.006592519681550511,6.06218531425987e-05,0.006405254949240317,0.010761289829991735,0.003225764305176465
60,0.003321654777281529,0.00015148995185673548,0.00018307039882368628,4.966841149644733e-05,0.12924626902671352,0.0003788526214492698,0.0020679378269362024,9.71317287814659e-06,0.796610229566121,2.4362506449574828e-05,0.02526017200293397,0.00015262368085170935,2.3100706813300443e-05,0.01432155612366286,5.249373346155518e-05,5.256205019322625e-06,0.000147868753415855,0.004046145081830179,0.0002590982924627963,2.724321767274918e-06,0.006439590267570362,8.389528872119029e-05,0.006093738985348509,0.007854809400495079,0.0032136788956398108
61,0.0027966060959147367,0.00011655159615561656,0.00020555790395011302,3.912091618227504e-05,0.12995050790235305,0.00030206482228246526,0.0017433548774493921,6.338160850016668e-06,0.8024065226497654,2.1938003915459102e-05,0.018941205921718187,0.00011999473471068074,2.149860164189094e-05,0.01312921080989336,3.4553145571780425e-05,4.450032196901407e-06,0.00011411680042774984,0.0036511546608508734,0.0001895025503874025,2.829294948889468e-06,0.006467373095042461,5.4449915614021396e-05,0.00612737393868795,0.010630533149315599,0.0029231904201736415
62,0.003321654777281529,0.00015148995185673548,0.00018307039882368628,4.966841149644733e-05,0.12924626902671352,0.0003788526214492698,0.0020679378269362024,9.71317287814659e-06,0.796610229566121,2.4362506449574828e-05,0.02526017200293397,0.00015262368085170935,2.3100706813300443e-05,0.01432155612366286,5.249373346155518e-05,5.256205019322625e-06,0.000147868753415855,0.004046145081830179,0.0002590982924627963,2.724321767274918e-06,0.006439590267570362,8.389528872119029e-05,0.006093738985348509,0.007854809400495079,0.0032136788956398108
63,0.0033123480139559403,0.00020043805362576563,0.00018371248119717045,5.505268102724695e-05,0.12571940418021568,0.00036608044645034866,0.001999029230161414,1.0413413000052206e-05,0.7986441746355061,2.80986504337938e-05,0.02516214047856819,0.00016428716521287406,2.5016156780143388e-05,0.015720551578811564,5.7693360636676316e-05,5.808298220240079e-06,0.00016568632798677648,0.00391824675693341,0.0002898680234505802,2.794369132948714e-06,0.006438216601771674,9.763186678201773e-05,0.005903569108500462,0.00804314198900197,0.003486596132637148
64,0.0036247131005454807,0.00016792751641722727,0.0002405489693973742,4.9481543322017744e-05,0.15356008829868814,0.00035070028862036016,0.002561834954487611,1.0367065453152495e-05,0.7557770534299743,2.569415094708796e-05,0.02855803678944545,0.00015521888837181062,2.883706733610142e-05,0.01739370043968739,4.612011073476646e-05,5.787577464893193e-06,0.00019120286126702015,0.005209695387716915,0.00031356624422172687,3.265014404635798e-06,0.011234021015997946,8.27536924578305e-05,0.007443780481609958,0.009554380935412873,0.0034112241760178184
65,0.008879627503515952,9.327283782892058e-05,0.00012742686409020944,0.0001965625434370529,0.2687483610301248,0.002372096495514475,0.008357878929085655,2.1234423218680072e-05,0.5629399408986998,1.6432779497140796e-05,0.08272088607895316,0.00020578248111927317,2.8857518554375832e-05,0.0038559414678064874,0.00019136793863912477,1.065209366691213e-05,0.00045111799454902984,0.012860558881692739,0.0014974581915774806,2.3054115626080424e-06,0.013152547487902153,0.00011170259049149628,0.02393988064484262,0.007108340172142612,0.0021097667414874412
66,0.009038410852804072,9.217376216471514e-05,0.0004588078331189236,3.191788943324294e-05,0.15763624761210895,0.0002307620791856,0.0028295290087391634,2.1150479945871402e-05,0.7403409855365247,2.087006969105539e-05,0.044157297988917835,0.00016121343496574347,6.311722085315723e-05,0.016394843038842973,2.0424515093754548e-05,3.5453191523738763e-06,8.414945362933835e-05,0.008758668828837543,0.00015041634776767732,4.343094619845654e-06,0.009702341322791989,0.00010102810291782431,0.0023765854004458146,0.005753477738702512,0.0015676930687454523
67,0.005184908788060836,0.00013788956703013151,0.0005652958050029437,7.359224894362321e-05,0.1829754736041482,0.0004877307839501376,0.0023911346706493608,1.1432844867612192e-05,0.6791379176915067,4.2162294022780515e-05,0.029344944343081963,0.00011725326131598945,3.117417009947378e-05,0.023379810601528744,3.6986852366608665e-05,7.572356001385892e-06,0.0003335085957991234,0.012053485737009328,0.00029248497223628315,5.960777538301017e-06,0.02075605169092926,4.58780929302041e-05,0.023107812647653818,0.016143902091149943,0.0033356355121772273
68,0.00031726052336514027,1.819806913233808e-05,0.00011024056939685665,1.1183132838422526e-05,0.07441625266898363,0.00011751206008189514,0.000358272841644588,6.590867830586176e-07,0.8941215749304346,1.0357464184779794e-05,0.002566854776798236,3.8853464218474596e-05,2.912467566899519e-06,0.013005596423792391,8.162943613026028e-06,7.222582972900787e-07,1.2501987664581352e-05,0.0006494721755909189,1.0143925544193572e-05,1.7317768919464266e-06,0.0008474249531079643,4.618397124297265e-06,0.003899538637012059,0.0074616420190521645,0.00200831244688008
69,0.002092982993399801,5.549057667645002e-05,0.0005863944643212966,2.7530872331970367e-05,0.09080046135074875,0.0003293604318198785,0.002611000071706187,1.5003347661981562e-05,0.7835335022499464,4.399193125882253e-05,0.014462343251755175,9.680796609660531e-05,1.9901615909975163e-05,0.03516234994299247,1.4246256258896295e-05,7.481907675367565e-06,0.00011131829736450164,0.01549586202970348,0.00018546463265579243,7.092013604053525e-06,0.0253597603709428,2.3822960708712724e-05,0.015023669478121436,0.010928752573159452,0.0030054084131800308
70,0.0007896472166894177,2.3217923754935265e-05,5.3579972959812744e-05,3.760654362253056e-05,0.22935190950292073,0.00021035394619459138,0.001116490098057501,1.752817874372362e-06,0.7432856163442638,4.034959745554731e-06,0.00948326405150552,5.048923111822515e-05,4.254475365553859e-06,0.005276627968718701,2.6736815890750322e-05,4.759460019298262e-07,2.0702900150069642e-05,0.0008186453530473885,3.617066799259222e-05,9.043658632109719e-07,0.0011478623572004443,1.1369621832958932e-05,0.003915515566037762,0.003273867860462038,0.0010589034927297298
71,0.03550891843425084,0.0004581448396307511,0.0003338366697831187,0.0002543136373443569,0.1195098644958372,0.0022391602316219395,0.0035111439718756897,3.59769482474737e-05,0.665699941745277,4.649901670298159e-05,0.12347657927585463,0.000588232865263521,8.206386376528987e-05,0.007085612304373101,0.0004565120203100569,2.1288145422199964e-05,0.0009386231739534626,0.00630917804255954,0.0012485568568540318,2.508816227013155e-06,0.005497629672339641,0.0006146406696315566,0.010717247461822638,0.009423349366592764,0.00594017747445936
72,0.0037952754833288672,0.00015445517448350751,0.0002157917958985004,4.826292549948348e-05,0.15045880422563568,0.0002872807176336106,0.0015727988133818372,8.557246803285357e-06,0.7649317624786126,2.2730205255398904e-05,0.028561827943880076,0.0001545559975388303,2.1533682494954522e-05,0.018060036033099393,4.232909603551914e-05,4.2021851274585744e-06,0.00015745578098843663,0.004318995444716225,0.00020145068867184025,2.559216618731438e-06,0.0070500631157347825,7.159904986561803e-05,0.006815821016756339,0.009553752744909374,0.003488098937029629
