,0,1,2,3,4,5,6,7,8,9,10,11,12,13,14,15,16,17,18,19,20,21,22,23,24
0,0.007636072048858238,0.001384489061692402,1.9732354546923373e-06,0.001650611276957364,0.003958128925400447,0.0017073583177320845,3.855946647100215e-06,2.158892864527828e-08,0.0011446219017130338,0.00013299297991878624,3.944949718282527e-06,5.403424336647134e-07,4.126659676222705e-06,0.009970338010939075,2.3653195150007245e-07,3.915901396560948e-06,0.05115506454178437,0.8324921114715186,4.1152773456080137e-07,0.0002791809574621932,0.00014376028843701995,4.83748680674373e-06,0.0001597832569638727,2.2214072766623017e-05,0.08813940871710789
1,0.010022658169196659,0.0016180679015171662,2.8282763576525828e-06,0.001376056512728088,0.0038093339423510854,0.002248483608434182,4.080652069878098e-06,2.4107548619156423e-08,0.0019708145899460256,0.00017589308501298593,2.899005773021139e-06,5.525577168252129e-07,5.132164676485759e-06,0.006307839452887024,3.4319347439771166e-07,7.400000710084875e-06,0.03604489293724908,0.8580890728393942,6.652721777708722e-07,0.0003103424136788851,0.00015260131140917935,4.655414895566032e-06,9.996623684430358e-05,2.7676693073359843e-05,0.0777177196608775
2,0.009562433587404532,0.0016212736487734713,1.9151559249954718e-06,0.0011041392481886227,0.0074184153118275675,0.0013988004529245047,5.774031672051411e-06,2.5355788408297354e-08,0.0013465327669205133,0.0001280309398721433,3.827528422353352e-06,5.984639410888066e-07,4.7247704939034806e-06,0.011078068589519553,4.4698786474433406e-07,4.552394127145633e-06,0.04754464135803217,0.7846325703817711,3.918252631131134e-07,0.0003489078742972886,0.00011403120348199732,4.443450391154784e-06,0.00013685331569173123,1.5192159921386544e-05,0.13352340919748415
3,0.007621809868459051,0.001382725133839649,1.9717060066841444e-06,0.0016599547239755483,0.003909355189470662,0.00168428585135783,3.866818789393694e-06,2.137686883263227e-08,0.0011265804024615563,0.00013378838251449927,3.907372169237476e-06,5.406462034089267e-07,4.065040738279908e-06,0.010022510089502345,2.3251227095715796e-07,3.840321302025446e-06,0.05054494334644323,0.8326954377767575,4.0344661059664933e-07,0.00027625941941661564,0.00014280311801491131,4.7949844930148775e-06,0.00016058027807929612,2.1986915513043362e-05,0.08859333527874173
4,0.007926284256807827,0.0013332209359711376,1.912638059535256e-06,0.0016364306085205715,0.003753390619811993,0.0014954563684124562,3.836012097054961e-06,1.9729212777088615e-08,0.001186182230651951,0.00011595650667510271,3.7225962407404127e-06,6.828545322281154e-07,5.456581417747234e-06,0.01021677285950547,2.1839287819119804e-07,3.6001468757603514e-06,0.05457131248734488,0.8251688979661791,4.026501598326318e-07,0.0002742725789279096,0.00015158784586892125,5.0516375001256185e-06,0.00014973715256224454,2.2265856008440334e-05,0.09197332848777802
5,0.005925876316629281,0.0009360026239386509,1.4167869980810308e-06,0.0017117830375287107,0.0019635054808805944,0.001096422888309861,2.575454424663711e-06,1.3630981166213052e-08,0.000769391163266151,0.00011048641935487447,2.481692522086584e-06,4.759833865263559e-07,3.056184823231059e-06,0.00796822361256426,1.273966236349831e-07,2.474364011947861e-06,0.03787141409401691,0.8721737304674869,2.3590447684475734e-07,0.00019364836064921024,0.00011703086616090362,3.901712469779492e-06,0.00011598297057282707,1.7512992558075665e-05,0.0690122295953648
6,0.007621809868459051,0.001382725133839649,1.9717060066841444e-06,0.0016599547239755483,0.003909355189470662,0.00168428585135783,3.866818789393694e-06,2.137686883263227e-08,0.0011265804024615563,0.00013378838251449927,3.907372169237476e-06,5.406462034089267e-07,4.065040738279908e-06,0.010022510089502345,2.3251227095715796e-07,3.840321302025446e-06,0.05054494334644323,0.8326954377767575,4.0344661059664933e-07,0.00027625941941661564,0.00014280311801491131,4.7949844930148775e-06,0.00016058027807929612,2.1986915513043362e-05,0.08859333527874173
7,0.027430182650134888,0.0014523983540888224,5.887785605358619e-06,0.0009407592178732378,0.0043968631809867985,0.00174172910407594,5.4514493161490445e-06,2.1357421002362344e-08,0.0009356734401978927,0.00016048456702931618,3.5068620869718824e-06,5.0768265798195e-07,6.643925042855728e-06,0.006057346330904568,1.0843495103637698e-07,2.1568771433340603e-06,0.03254563796919741,0.8409249487383589,6.663278502464268e-07,0.00023439715633491082,7.453269681885859e-05,1.6743349010847034e-06,0.00015694921453130153,4.073173460195476e-05,0.08288074060788937
8,0.014730318334625191,0.0036398880191126017,5.759083243469463e-06,0.004418102448532788,0.005594848578511302,0.0022209004647875106,9.89339076498731e-06,3.1133850896383844e-08,0.00098076136697519,0.00038201357779989105,5.408704599128247e-06,9.806184418652095e-07,4.214253165654155e-06,0.023840409158926927,1.506016123141637e-07,3.104389093419857e-06,0.036645690201749515,0.750295223481355,4.1129558680503357e-07,0.0004284287030565085,0.00014446996287117127,2.8848752769692524e-06,0.0006264794680127517,3.833572897766523e-05,0.15598129215907036
9,0.007687705524109995,0.002779844265114258,4.5750238841260885e-06,0.0059040574549918375,0.002860210387970092,0.0022676745491240777,6.161445705110201e-06,2.0732423044986597e-08,0.0012444653475036829,0.00038785265523669964,3.440549437926902e-06,1.0156718775346743e-06,4.483670583740232e-06,0.014957008596494297,1.6302508321396156e-07,4.293989306696329e-06,0.03546831082205147,0.8012728699199051,3.3153540946015037e-07,0.00046715073289935915,0.00026425169303680537,4.198439759045244e-06,0.0004409723310141309,4.115011171477826e-05,0.12392779152536362
10,0.007621809868459051,0.001382725133839649,1.9717060066841444e-06,0.0016599547239755483,0.003909355189470662,0.00168428585135783,3.866818789393694e-06,2.137686883263227e-08,0.0011265804024615563,0.00013378838251449927,3.907372169237476e-06,5.406462034089267e-07,4.065040738279908e-06,0.010022510089502345,2.3251227095715796e-07,3.840321302025446e-06,0.05054494334644323,0.8326954377767575,4.0344661059664933e-07,0.00027625941941661564,0.00014280311801491131,4.7949844930148775e-06,0.00016058027807929612,2.1986915513043362e-05,0.08859333527874173
11,0.008016962125534459,0.0013643447465100935,2.0635599484742643e-06,0.0016868186421724546,0.004044567145257092,0.0016257571136988362,4.007109909045795e-06,2.1541271579779816e-08,0.0011746197889356995,0.0001295365813159244,3.904193191329842e-06,6.185777161400647e-07,5.16470974923303e-06,0.00990781543174153,2.2560139628313576e-07,3.938127808791477e-06,0.05364577360982369,0.8282980208027672,4.1422451130489016e-07,0.0003003656068737706,0.0001480089195814629,4.799283364867636e-06,0.00016218442831360063,2.3801731525535623e-05,0.08944626639708156
12,0.011140054936024891,0.0022933047129825713,6.981605664151718e-06,0.003280357802695401,0.004912914491377286,0.0031161829507931073,1.1188175555274818e-05,8.994052873445302e-08,0.0031350269920285786,0.00022312611033296266,1.3572092422176615e-05,1.7419040927160986e-06,6.7347239453716035e-06,0.00788471227763995,9.327663798820418e-07,1.393125371521344e-05,0.03630984648177362,0.8483369510984601,1.8225354728969133e-06,0.00039751513996328204,0.00026645645786258995,1.2640374676297586e-05,0.00027644041032433026,8.483438883731243e-05,0.0782726403764515
13,0.005359222737522603,0.001355920434068758,1.8915105284878453e-06,0.002738607645096433,0.004996462434082661,0.0014884039579970423,5.813256656007918e-06,4.3028363487970996e-08,0.0010008187719562768,0.00010243532877647935,1.2032476694566115e-05,1.2101232217788721e-06,5.31594225448015e-06,0.02403501797462807,3.057391952190384e-07,3.7700133845362804e-06,0.07070475236346284,0.7880767694085932,4.221203697274547e-07,0.0003280845285999923,0.00018674377710631236,8.942667353503413e-06,0.00034835722704645535,2.6513095024638174e-05,0.09921214343801626
14,0.007238510137173877,0.001144137269313779,2.119148491235428e-06,0.0016241505822992,0.0034521516966606706,0.001709977799206104,3.4514297418450707e-06,1.93322359351264e-08,0.0011413806953090438,0.00011724361827034119,3.5704575215201302e-06,5.418359133823425e-07,4.4598188286685396e-06,0.008794775489422497,2.3263666451479282e-07,3.6931203433040853e-06,0.05242703179941224,0.8310841618721487,3.6392456343193214e-07,0.00026424910187316635,0.0001525231264197343,4.8061378529129974e-06,0.00015176073902547593,2.154069738649627e-05,0.09065314753392202
15,0.007621809868459051,0.001382725133839649,1.9717060066841444e-06,0.0016599547239755483,0.003909355189470662,0.00168428585135783,3.866818789393694e-06,2.137686883263227e-08,0.0011265804024615563,0.00013378838251449927,3.907372169237476e-06,5.406462034089267e-07,4.065040738279908e-06,0.010022510089502345,2.3251227095715796e-07,3.840321302025446e-06,0.05054494334644323,0.8326954377767575,4.0344661059664933e-07,0.00027625941941661564,0.00014280311801491131,4.7949844930148775e-06,0.00016058027807929612,2.1986915513043362e-05,0.08859333527874173
16,0.006024624395085103,0.0012843281783277234,1.4807178772904402e-06,0.001611281545915399,0.0030988750099351066,0.0012508815148097264,3.897838172813907e-06,2.2617351586678087e-08,0.0009467693371913228,0.00015357598532036678,3.0713431141859445e-06,6.355696602597333e-07,3.805849197247347e-06,0.010419027188500905,2.2390220899908907e-07,3.919883557721389e-06,0.04827895735841604,0.8405127364843218,3.7589439568213344e-07,0.00027014608696431067,0.00017368478057659098,5.9379720055322125e-06,0.00014407902983424345,1.7360994439581164e-05,0.08579030052282062
17,0.005839034048588617,0.0011937479530810687,1.4443314403415656e-06,0.001796945987037013,0.003934426310384532,0.001236612889405839,3.855850941137244e-06,2.1519319977904188e-08,0.0008518544890027638,0.00012218120787617302,4.0138389139999745e-06,6.603216144066747e-07,4.739431605909858e-06,0.01331054823827348,1.9429608441527637e-07,3.278960123392416e-06,0.0682153284620443,0.8061153605479446,3.0645281713663917e-07,0.0003119312046220083,0.00015753942562136205,5.846264222193746e-06,0.00020435127811542904,1.8123133353912198e-05,0.09666765355756604
18,0.008267828003952623,0.0016366167751751851,2.3489794195065637e-06,0.0019101803849428905,0.004287802850590539,0.0020217722585019558,4.3169372862296265e-06,2.5649475466431794e-08,0.00134776565597435,0.00014764183859686527,4.775432481966373e-06,5.90751634185803e-07,4.2236250871177475e-06,0.010451893451410827,2.752313576341916e-07,4.651449401593733e-06,0.049504840432146875,0.8331306252568385,5.074217168465551e-07,0.00030081732941193067,0.0001523673342646957,5.235008468553941e-06,0.0001801275874815213,2.7248200590308507e-05,0.08660552215379186
19,0.007173245078530065,0.0017470087063635015,2.8882058459523645e-06,0.0029381429144482805,0.0036552553693563437,0.001200843359141585,7.984505661376693e-06,3.1592692073273166e-08,0.0015033699985636166,0.00017506331997714248,3.914980315875519e-06,1.4111707686604303e-06,5.809494267630891e-06,0.011471812334100523,3.13145775947485e-07,5.235466570472789e-06,0.04593079940552953,0.8076118034060872,3.852794015446175e-07,0.0003100187286717856,0.00022886272811045187,7.83443903304925e-06,0.0001930287974238551,2.2469570226393005e-05,0.11580246800313725
20,0.004577648041082408,0.0011184388748006872,1.957579938988718e-06,0.002022749207826592,0.0027347110625170973,0.0013666536071782216,4.80984104317416e-06,5.17252493309951e-08,0.0011591675723062684,0.00013389213334372212,5.865198566169153e-06,8.397910416720943e-07,3.2546708783521827e-06,0.009797735053469626,6.379287368329736e-07,6.021443616919448e-06,0.04926284741685951,0.8459978806866882,5.206561135036967e-07,0.00025784738843698604,0.0001899703144594541,1.3542423763819155e-05,0.00015205495278023607,1.765750248237768e-05,0.08117324492681972
21,0.007089963932480029,0.0017252527449236326,1.6741702811979123e-06,0.00227459330264663,0.002520837399284296,0.0013074844157618757,3.749986699431525e-06,2.5723751621331667e-08,0.001483439359874393,0.00016872267542583804,2.650536553376661e-06,8.531139045528662e-07,4.12899472334228e-06,0.013506912309557993,1.9296456979196072e-07,6.840538528916671e-06,0.0254965569193523,0.8805261827561417,3.6437738315169113e-07,0.0002908322533017874,0.00014101172531655044,4.549395296117033e-06,9.225491868525203e-05,1.987788872530044e-05,0.06333104759683085
22,0.004962205539764609,0.0004108075540850969,8.542411198927712e-07,0.00059176869945739,0.0016610174175389696,0.0009128017548740813,1.0980060683551384e-06,8.569914816272233e-09,0.00046271540159219157,5.647435321143663e-05,1.874539788392266e-06,1.4450771008306523e-07,1.7143089956174825e-06,0.00395470537208043,1.1566678163062881e-07,1.5785495986238293e-06,0.044238196024087545,0.8938402657180177,1.6008977665802647e-07,0.00011551173246493927,6.492897507990943e-05,3.106476468546449e-06,5.2777061899507384e-05,9.159020770152613e-06,0.048656010418853424
23,0.007621809868459051,0.001382725133839649,1.9717060066841444e-06,0.0016599547239755483,0.003909355189470662,0.00168428585135783,3.866818789393694e-06,2.137686883263227e-08,0.0011265804024615563,0.00013378838251449927,3.907372169237476e-06,5.406462034089267e-07,4.065040738279908e-06,0.010022510089502345,2.3251227095715796e-07,3.840321302025446e-06,0.05054494334644323,0.8326954377767575,4.0344661059664933e-07,0.00027625941941661564,0.00014280311801491131,4.7949844930148775e-06,0.00016058027807929612,2.1986915513043362e-05,0.08859333527874173
24,0.007359871749551624,0.001886555097235227,1.3504560798760663e-06,0.002200244326570046,0.0031300817884290033,0.0013497029193371437,3.214529051952862e-06,2.0968696953820885e-08,0.0009048410572475297,0.00016214617690216997,3.2222706558054517e-06,5.65635311066986e-07,3.548694291842689e-06,0.015802737978712615,1.3568095938712227e-07,3.5370841658067714e-06,0.047045788798052116,0.847007360518156,3.577532154436535e-07,0.0003048031181264632,0.00011531668364568919,4.35851562772039e-06,0.00016400147733685176,2.002926484050023e-05,0.07252620745780149
25,0.004339917910843734,0.0017704526410926074,1.6562934358825735e-06,0.00441340115108631,0.0050052052059853455,0.0018711469611858694,7.009123561724359e-06,1.0688188241535734e-07,0.000841288801349909,0.00017210017286133916,1.9552134926320617e-05,9.494363017821427e-07,2.8313090776845323e-06,0.040700881033477854,2.636862411755818e-07,6.226849939409103e-06,0.057488865080967476,0.827954031233197,5.624096382207619e-07,0.0003599972103427902,0.00016294407618446617,1.0165498095585475e-05,0.000432887971157044,3.0428568209409988e-05,0.05440712835895871
26,0.007431464321658455,0.001400562634905965,1.94844192957131e-06,0.001688532951353589,0.003923508490770146,0.0016706850482745637,3.977722852530098e-06,2.2146124294895234e-08,0.0011234086989759303,0.0001361061940208939,3.940928514815944e-06,5.536798742318948e-07,4.000172202601808e-06,0.010406341155173648,2.4256820035123504e-07,3.917298285625912e-06,0.05047241379479167,0.8306869469128647,4.0148509852335634e-07,0.0002773027556642218,0.00014459254831116427,4.9486945452602515e-06,0.0001612165357421878,2.1201544728282388e-05,0.09043176327513663
27,0.005893374995139164,0.001169460129018471,1.6642873293302795e-06,0.0016544438156636727,0.0029552047865643353,0.0015912853947320771,3.310768612093479e-06,2.7401629415192168e-08,0.001177564205288636,0.00011562315539091681,4.620497243170666e-06,5.517252918148463e-07,3.3074043670683904e-06,0.009132604907851378,3.197217918804986e-07,4.529218394046683e-06,0.05037925399342461,0.8552653300271374,4.7107117437294704e-07,0.00023635604640524235,0.00014719994182126433,7.896219827110584e-06,0.00013625455226565474,2.1201300885841923e-05,0.07009814443275078
28,0.007621809868459051,0.001382725133839649,1.9717060066841444e-06,0.0016599547239755483,0.003909355189470662,0.00168428585135783,3.866818789393694e-06,2.137686883263227e-08,0.0011265804024615563,0.00013378838251449927,3.907372169237476e-06,5.406462034089267e-07,4.065040738279908e-06,0.010022510089502345,2.3251227095715796e-07,3.840321302025446e-06,0.05054494334644323,0.8326954377767575,4.0344661059664933e-07,0.00027625941941661564,0.00014280311801491131,4.7949844930148775e-06,0.00016058027807929612,2.1986915513043362e-05,0.08859333527874173
29,0.007621809868459051,0.001382725133839649,1.9717060066841444e-06,0.0016599547239755483,0.003909355189470662,0.00168428585135783,3.866818789393694e-06,2.137686883263227e-08,0.0011265804024615563,0.00013378838251449927,3.907372169237476e-06,5.406462034089267e-07,4.065040738279908e-06,0.010022510089502345,2.3251227095715796e-07,3.840321302025446e-06,0.05054494334644323,0.8326954377767575,4.0344661059664933e-07,0.00027625941941661564,0.00014280311801491131,4.7949844930148775e-06,0.00016058027807929612,2.1986915513043362e-05,0.08859333527874173
30,0.007621809868459051,0.001382725133839649,1.9717060066841444e-06,0.0016599547239755483,0.003909355189470662,0.00168428585135783,3.866818789393694e-06,2.137686883263227e-08,0.0011265804024615563,0.00013378838251449927,3.907372169237476e-06,5.406462034089267e-07,4.065040738279908e-06,0.010022510089502345,2.3251227095715796e-07,3.840321302025446e-06,0.05054494334644323,0.8326954377767575,4.0344661059664933e-07,0.00027625941941661564,0.00014280311801491131,4.7949844930148775e-06,0.00016058027807929612,2.1986915513043362e-05,0.08859333527874173
31,0.001746543823322161,0.0015583040635097653,8.920536421909684e-07,0.00393256919775708,0.007172636737338153,0.0052369371791832564,2.8260794791635923e-06,1.072511562013104e-08,0.0048975348271094446,7.64011516000276e-05,1.0974652049229008e-05,1.1757676309160055e-06,8.442236981158895e-06,0.015127964471663582,1.2495917085061344e-06,1.839158363443812e-05,0.13564388147755033,0.6868933440534564,4.865944514243818e-07,0.0006326457894632867,0.0005876398236805327,2.2925665633417778e-05,0.0002901067008706466,4.8441332106431134e-05,0.13608767442106284
32,0.008555347759838388,0.0015344589519402055,2.0709218220625285e-06,0.0015515472626909828,0.003968376137605085,0.0018150106502135557,3.926869917094131e-06,2.348886484866982e-08,0.0012174713426181267,0.00014078347855347564,4.1380904466225824e-06,5.548968950160987e-07,4.23452523115925e-06,0.009499439721485264,2.57398056572164e-07,4.054746050846969e-06,0.05128577049454741,0.8350987940572839,5.355884425773097e-07,0.0002765902142075216,0.00014574402579770073,5.22415009296904e-06,0.00015870727518225294,2.4742164912060134e-05,0.08470219578730415
33,0.013767952157485908,0.0015389000757657853,4.168417547363187e-06,0.0010104598167235209,0.003848905697803279,0.001278486570811075,5.661120715272405e-06,9.017853589134872e-09,0.002090777389800982,9.305598791533684e-05,1.8516886358553529e-06,5.597699641377339e-07,2.472919386678868e-06,0.0037261244586402225,4.84401544739136e-07,2.199791573408244e-06,0.017268633201694646,0.7688531244481209,2.4155568593224114e-07,0.000134173707182253,0.00011831306792900546,2.3038290876511477e-06,6.883573589678753e-05,1.2777143042073805e-05,0.18616952802919362
34,0.03084592753798208,0.0022862120966880904,3.0831376101845304e-06,0.0005676149130719463,0.004694659304021148,0.0020759663819028724,2.961178049287225e-06,1.685105370696525e-08,0.0036088397455791344,5.289017909087529e-05,3.926455861926539e-06,5.827331206235876e-07,7.142629474748471e-06,0.0039361061310653695,3.03526674693372e-07,2.9868423210003596e-06,0.03550472781567595,0.8581457921834923,1.7687775788783152e-06,0.00013771613235784576,9.141411215866391e-05,3.5952672100104845e-06,4.840248358222965e-05,4.129389105564824e-05,0.05793606969332083
35,0.0018270265603590246,0.007140184447149519,3.863156463983933e-06,0.009692090429977287,0.052015214154975065,0.02771163273642928,9.291278257613717e-06,6.480873389940896e-08,0.0018410927769950684,0.00039435696430028465,8.946537843553115e-05,1.1962639315386903e-06,1.663841758840953e-05,0.12503999715793573,2.8111940893328703e-06,3.843066604044238e-05,0.3247184328394174,0.1602135335539244,1.6274387384232137e-06,0.00577780493471155,0.0005402801672492465,1.4287741223600783e-05,0.008979029491113634,0.00012997271729333067,0.27380167472466643
36,0.007358098605807084,0.0011803810080575812,1.4248030432959694e-06,0.0014651764917873928,0.0027844637551600287,0.0007812221661811586,5.053486810156063e-06,5.3803209028203046e-08,0.001274003812500406,9.307018171993699e-05,3.820809221055846e-06,1.8058874280268675e-06,8.929331960080008e-06,0.012790090910320738,4.2497622406217243e-07,6.806217924869905e-06,0.06252740484083275,0.8213662288695174,6.491449448802769e-07,0.00027775253701485417,0.0001351811615682497,1.2362127151449447e-05,8.002589178918992e-05,1.3562537061608317e-05,0.08783200664276461
37,0.011877355093968546,0.0009815421499850324,1.8740485640837114e-06,0.0011964924300363533,0.0020581360738686975,0.000787490399472271,2.690115607472629e-06,8.877639003338447e-09,0.0005893931990953281,0.00012910788066440384,1.800353335853495e-06,3.375805332959493e-07,3.0357503351354323e-06,0.004412105807511007,5.0545709777201345e-08,1.3922547055761113e-06,0.027828964041096672,0.8952790984188055,2.3890396799676613e-07,0.00017644652649286685,7.354945361052356e-05,1.917066336015552e-06,0.00012338844067554092,2.814905716358186e-05,0.05444543553081947
38,0.02093495415196703,0.001847041406936716,4.556885909621394e-06,0.00083509007309653,0.0067186636621506665,0.003949179023121159,5.696244200335419e-06,1.7854129052641626e-08,0.0021590907225043574,0.00017279308376508983,3.4494813998803333e-06,3.692029501748798e-07,4.6615905145565545e-06,0.005748439761513366,4.229673232617036e-07,5.943307598787788e-06,0.024775840789825546,0.8243990312784851,8.381229328768915e-07,0.00020562335456157681,9.154548913194833e-05,2.216052377978849e-06,9.315855962904976e-05,3.3171940889452706e-05,0.10800820499308603
39,0.0042312331021086775,0.00038557825045515594,2.351348588184579e-06,0.0010878419019255423,0.0024798167977817215,0.003310348313493283,2.2113970262075147e-06,2.74845474694549e-08,0.0009273051821889972,0.00011280290985868061,2.8801927922980252e-06,3.101643908038849e-07,7.049274458412059e-06,0.004082917230952114,2.9562773973958916e-07,6.456527914498469e-06,0.08512318557329177,0.8355427249166746,4.951234389387445e-07,0.000278655398172336,0.0002490057908705437,5.350599276794185e-06,0.00010272684130933576,2.153626936285017e-05,0.062036893781381254
40,0.013471311355038628,0.002016368020961613,3.832570792299628e-06,0.001250826607156341,0.005867140957545272,0.0018610207037730064,6.382994042367302e-06,1.9858907969803497e-08,0.002067189186780678,0.00010619055353886,4.194112095545585e-06,1.0586925643149148e-06,7.037124525601056e-06,0.011066267485933494,5.255358777812473e-07,3.4439423728160643e-06,0.04338017744765821,0.7362202958872146,5.288394783133889e-07,0.00024830480074145434,0.00014695585176563634,5.026508070447975e-06,0.00014803665743547264,2.0345006585197725e-05,0.18209751929914395
41,0.00896213215894145,0.0014244101200212632,2.1963839122881067e-06,0.0015084655206772627,0.004995134785635606,0.0017364949837082625,4.267590030267266e-06,2.1061600766816666e-08,0.001406500987667565,0.00011717831867784297,3.8822791564766215e-06,5.469322372666884e-07,4.692452380689475e-06,0.009153776268953225,2.7636149475351706e-07,4.395460912052549e-06,0.047910219155898104,0.82676511761382,3.896911716158289e-07,0.00028556390118382403,0.00013071167104179978,4.183608088387526e-06,0.00013686456214086632,2.164132711273299e-05,0.09542093680353546
42,0.0037285655094498947,0.0008824423812187274,1.9842384423992963e-06,0.002198304360992172,0.0016602452893918495,0.0023119108830099307,3.1371412935818983e-06,6.876121443756083e-08,0.0013266341598431467,0.000184588389002738,5.344091523956852e-06,9.04762095971781e-07,5.867926832169894e-06,0.006326096104867549,6.111898973498557e-07,1.3527272734169673e-05,0.07066306165777331,0.8614221086714363,1.2896455011608148e-06,0.0003546652564204822,0.00030216268688722865,2.115850431185398e-05,0.00014426064939953743,3.4395422185423474e-05,0.04840666504427453
43,0.002635089204031241,0.0007274439269204574,1.10075703946317e-06,0.0012825413040343295,0.00164379493082347,0.0022821668417101607,1.7720786167105987e-06,2.0237764426078464e-08,0.0005397254849737008,0.00033707875346224104,1.7350347091361e-06,1.875566568614656e-07,2.4006066346105643e-06,0.006455417327046381,1.5907642123438215e-07,4.970484182221186e-06,0.056442719960115975,0.8802513866943205,3.9618571256956625e-07,0.00033059343585518914,0.00025025760030459183,6.452667978104266e-06,0.0001496971612223679,1.7449130047014934e-05,0.046635443559417136
44,0.007621809868459051,0.001382725133839649,1.9717060066841444e-06,0.0016599547239755483,0.003909355189470662,0.00168428585135783,3.866818789393694e-06,2.137686883263227e-08,0.0011265804024615563,0.00013378838251449927,3.907372169237476e-06,5.406462034089267e-07,4.065040738279908e-06,0.010022510089502345,2.3251227095715796e-07,3.840321302025446e-06,0.05054494334644323,0.8326954377767575,4.0344661059664933e-07,0.00027625941941661564,0.00014280311801491131,4.7949844930148775e-06,0.00016058027807929612,2.1986915513043362e-05,0.08859333527874173
45,0.007416102760029771,0.0011674064220837986,3.0405636858316386e-06,0.0018090175276960472,0.004413654087246249,0.0024956323184975623,5.541270350749295e-06,5.16486393601403e-08,0.0016632592572003915,0.00013458751461726965,7.1158830042663365e-06,6.348730332963888e-07,4.38419618655927e-06,0.007925423541420885,6.918853828142856e-07,9.63303872618619e-06,0.04191157274245726,0.8533936668947906,6.774987731589593e-07,0.0002896952777061173,0.00013357382568091977,7.388362571793952e-06,0.0001264250048101233,2.7662651205163063e-05,0.07705316095420392
46,0.0021138690294041098,0.0003403201966450474,7.928925274842061e-07,0.0017887524357968732,0.0012635920389795514,0.001621232743246276,8.454735715199454e-07,1.654725410644535e-08,0.00036528146452780545,6.16127980470308e-05,3.814907893452661e-06,3.3864137258925453e-07,6.877446073609306e-06,0.007313877152798715,1.1105617063965578e-07,2.856728411570777e-06,0.24510454387073144,0.6938766048748796,3.1423465837364046e-07,0.00030329540412784255,0.0002050981057021665,1.1236841806755636e-05,0.00019376200732935337,2.0517943391381527e-05,0.04540043516465281
47,0.011012204488850682,0.0008970658889280266,1.5574960386584035e-06,0.0008082482468837315,0.0024825196538487645,0.000824116679069821,2.743482543224838e-06,1.0611537300473032e-08,0.0013202233374065842,9.181474329072104e-05,1.2616693128993652e-06,8.345028265248991e-07,1.0068495364474743e-05,0.0037389325545635708,1.9081006517507742e-07,4.448214875739351e-06,0.05549091393653783,0.8316107460005561,4.392281167748882e-07,0.00025927395373992387,0.00015224282652773918,5.161313052329799e-06,6.0649563680040085e-05,1.9902920597254356e-05,0.09120442938178616
48,0.012716009531337487,0.00432983757048364,1.952005093447084e-06,0.0020408323005949164,0.004697544398242518,0.004214298335642125,3.8146268871406626e-06,4.7906134343945896e-08,0.0012035964748603842,0.0003095065775338505,9.636640577827142e-06,5.317729283603366e-07,5.235586120985853e-06,0.01716473294152637,1.717689744588994e-07,5.370489576908773e-06,0.09933351284324377,0.8056074678553646,3.531957976732939e-06,0.0003971218745184718,0.00015598550832174896,8.870987673079317e-06,0.0003733606743345987,8.167600819952234e-05,0.04733535336385261
49,0.006399893572853864,0.0011975754825354604,2.3188409610220995e-06,0.0020976415834326784,0.00267094567814033,0.001661229180479962,3.5531904456752755e-06,1.8344631655329818e-08,0.001001033245447433,0.00014598920147724782,3.523690175657738e-06,6.722270193067846e-07,4.5342092190656055e-06,0.010148522477760286,2.0625214747037605e-07,3.282950268414607e-06,0.04777491852303417,0.8298417414682604,3.3312079918322143e-07,0.0002747916355987352,0.00017005080914174494,5.2565033046192765e-06,0.0001945159573608229,2.3858830192106288e-05,0.09637359302531268
50,0.009517198925650975,0.0020318588797123152,2.549985485056121e-06,0.0015074842464120235,0.005503734109728873,0.0009853484483180765,1.5912889019557314e-05,5.280016011625591e-08,0.0004810838190678241,0.0004590462206578444,3.5258445597231406e-06,8.97962637898063e-07,3.243579097302159e-06,0.02129226596965813,2.501030610411658e-07,3.011817531287326e-06,0.03814105975868921,0.7454553552621972,4.413028670839159e-07,0.00029113217046342944,0.0001298176300163864,4.873936930939425e-06,0.00031177418507008975,1.1805485495949737e-05,0.17384627466751176
51,0.007624465813959797,0.0016470353289040347,1.8190253475809323e-06,0.0018339298277023604,0.0032457144310882994,0.001477163194551375,3.70920360492892e-06,2.2073556116639313e-08,0.0010961545087340573,0.0001368916798064678,3.749291045667164e-06,5.692530447511725e-07,3.302281922279531e-06,0.011067125993729396,2.2006530010048273e-07,3.3573106802728206e-06,0.045947389579596015,0.8418985444404025,4.13771241821011e-07,0.00024480697941284236,0.0001345016858993823,5.263578775612034e-06,0.00015034094321615392,1.999066073354513e-05,0.08345351907774466
52,0.009436537225666878,0.0026426755795662606,2.937376006768167e-06,0.0029575589203469773,0.005628423875607865,0.0017800819020815414,7.347234910714126e-06,3.164154640405634e-08,0.0015038775970822335,0.00020064692928761806,5.327754006480746e-06,1.1526500113998068e-06,6.240123089400714e-06,0.014811702274754776,2.7779015421779433e-07,4.786298336727328e-06,0.06719063229828544,0.7685747906321342,6.00005642065818e-07,0.00042740654025295676,0.00024649040061227093,6.8039250979304e-06,0.0003181364211900482,3.256952640697903e-05,0.12421296507792176
53,0.007483666707180873,0.002006646753453748,4.262363416463979e-06,0.0032607340231495825,0.012555572447279019,0.0014088499153876498,2.970938747189765e-05,6.93380108471793e-08,0.0016073298034272796,0.00024655735675932684,1.0809594704098344e-05,2.093912055445535e-06,6.480967082011415e-06,0.018932156955299213,6.88955832709414e-07,7.640625398783997e-06,0.04069610683572051,0.7121161972979025,4.0941026653827787e-07,0.0004637599588360411,0.0002403535835664223,7.532587557673563e-06,0.00048602414255158273,2.8500833294252314e-05,0.19839784624439563
54,0.014674672122599744,0.003780793159949073,2.6866931499166418e-06,0.0014580230421493974,0.004092084042862154,0.001389478023163679,6.937832951822903e-06,1.883033638874141e-08,0.0014695127344390606,0.00023320696923193233,2.059382602351569e-06,8.5743470557326e-07,2.6262430464411128e-06,0.015219987409985238,4.384810133584723e-07,3.526685423693549e-06,0.024456166626464697,0.7256940990279258,4.582568527033306e-07,0.0002080581446419099,0.00010037882190664166,4.104010241348934e-06,0.00011797227662403489,1.0730138990274196e-05,0.20707112360874286
55,0.005846287813132087,0.0017598050911242934,1.9034217720242487e-06,0.0019385750277379117,0.00568819298337996,0.002577101315071837,4.351955945015953e-06,3.6220955486554306e-08,0.0006728188896386798,0.00023310125514117041,7.281299448470954e-06,3.471725228100703e-07,2.5332513754126027e-06,0.019032257033211524,3.0796788494918827e-07,4.184928907987296e-06,0.08088655085138673,0.7797323409268332,4.968280052271518e-07,0.00039502404518424616,0.00015248154325417682,6.534765002565632e-06,0.0003714313483421388,2.0980070006640597e-05,0.1006650739947354
56,0.008088119237435906,0.001370559786088575,2.0754995974271227e-06,0.0016699615554503708,0.003940298686612752,0.0016287619899760118,4.08072659377574e-06,2.1995067628951716e-08,0.0011893490370585007,0.00012766214393847286,3.967032102861686e-06,6.503452239989166e-07,5.138387444899558e-06,0.010087209340621564,2.3618715930189545e-07,3.887204200954265e-06,0.05310417430312444,0.8265041060707631,4.3327238353948595e-07,0.00028789977800980295,0.00014984247381509135,5.004040805443094e-06,0.0001598824994901132,2.349188296693722e-05,0.09164318652406855
57,0.007932156967121446,0.0014235491260377034,1.9368192795829975e-06,0.0016790540682075483,0.0035596888340267427,0.001187595538169112,4.545142174389569e-06,2.730901639960608e-08,0.001396052738358925,0.00014617830596944456,2.9568266246960902e-06,1.341554740583078e-06,1.1500234429077316e-05,0.009106951608137927,2.883085832351088e-07,5.940948843885365e-06,0.08176975050225832,0.7848910641909381,6.365823788015732e-07,0.0004610658457009153,0.00021317218723928915,8.820172809405354e-06,0.0001572550571589248,2.4707573491430938e-05,0.10601376355830414
58,0.009637931717490096,0.0014767871336455478,2.4060353108422276e-06,0.0017789411101324121,0.00400185887349101,0.0018484295346917381,4.181752100603523e-06,2.1701554055106886e-08,0.0013759806785860296,0.00012739392691528246,4.697107166813691e-06,7.027127026627565e-07,5.495810478611359e-06,0.009047520753859515,2.0957436110198492e-07,4.0335345655206995e-06,0.047644077368306406,0.8423984033514678,5.474112091670817e-07,0.0002810254019433137,0.0001526852448040215,4.720334352450103e-06,0.00017873415140691766,3.550511238262629e-05,0.07998770966707552
59,0.009202806020614662,0.0015133658962840754,2.869021628093714e-06,0.001973135763003693,0.004118913596355424,0.0020618687954489455,4.3875787108219e-06,2.3109043270189685e-08,0.0014249472580226974,0.00014548111303819375,4.9001570574812635e-06,6.499689515695327e-07,4.971407403169631e-06,0.008619364108754144,2.415387971789348e-07,4.451297644896882e-06,0.04686790566319957,0.84045375555241,5.243740841371231e-07,0.0003120845613841339,0.00016767631275168543,4.8819356037136976e-06,0.00019989542770129098,3.7026949023101716e-05,0.08287387259308379
60,0.007621809868459051,0.001382725133839649,1.9717060066841444e-06,0.0016599547239755483,0.003909355189470662,0.00168428585135783,3.866818789393694e-06,2.137686883263227e-08,0.0011265804024615563,0.00013378838251449927,3.907372169237476e-06,5.406462034089267e-07,4.065040738279908e-06,0.010022510089502345,2.3251227095715796e-07,3.840321302025446e-06,0.05054494334644323,0.8326954377767575,4.0344661059664933e-07,0.00027625941941661564,0.00014280311801491131,4.7949844930148775e-06,0.00016058027807929612,2.1986915513043362e-05,0.08859333527874173
61,0.009182558203295171,0.0015088299350159316,2.8324428247030794e-06,0.0018948738612661643,0.004128904328029369,0.001955949428327711,4.614106070296761e-06,2.3646883206114214e-08,0.001362457295930382,0.0001475985478173316,4.771889872219465e-06,6.526976385245759e-07,4.894544349968694e-06,0.008670484630169693,2.4537422121732387e-07,4.208146242078631e-06,0.04637767825817761,0.8386374642471964,5.142428004538036e-07,0.0002995742379569779,0.0001632737197975317,4.8938808719228005e-06,0.0001959359336928066,3.420685645874529e-05,0.08541255954509329
62,0.007621809868459051,0.001382725133839649,1.9717060066841444e-06,0.0016599547239755483,0.003909355189470662,0.00168428585135783,3.866818789393694e-06,2.137686883263227e-08,0.0011265804024615563,0.00013378838251449927,3.907372169237476e-06,5.406462034089267e-07,4.065040738279908e-06,0.010022510089502345,2.3251227095715796e-07,3.840321302025446e-06,0.05054494334644323,0.8326954377767575,4.0344661059664933e-07,0.00027625941941661564,0.00014280311801491131,4.7949844930148775e-06,0.00016058027807929612,2.1986915513043362e-05,0.08859333527874173
63,0.0087572746427936,0.001881425965202505,2.1108061341749184e-06,0.0017788356782659667,0.00421037971272666,0.0017313879960953321,4.167653477887419e-06,2.1835751582340754e-08,0.0012207076643347661,0.00015554975695394313,3.9997215855668445e-06,5.861646111805153e-07,4.018203370468038e-06,0.010966243449792438,2.472883218411112e-07,3.8115385565564248e-06,0.05151684272989354,0.8226046231822156,4.804519218840732e-07,0.0002958150874342858,0.00015051124088838534,5.142474378273469e-06,0.0001789329577892764,2.362646014065912e-05,0.09450325733736364
64,0.0063993309204501084,0.0013620941070095962,2.003508660372684e-06,0.0018498798699107038,0.00343118374907129,0.0016865494947876042,3.82610549134315e-06,1.9824837295430512e-08,0.0011399511386630079,0.00015040224357517205,3.393788052303262e-06,6.296838199382979e-07,4.587993858744842e-06,0.010133702511125862,2.2879620728349546e-07,3.7802980502574594e-06,0.05406006590675343,0.8252130081923519,3.8616284693783897e-07,0.00030019282342904464,0.0002104596878672795,5.539393324980388e-06,0.0001794641946257933,2.2277470929761387e-05,0.0938370421343
65,0.009851370705780328,0.0012857343922096137,1.7559428324667947e-06,0.001279325584572002,0.004079545036831602,0.0016529888424582832,2.7731422050951297e-06,1.4443933618278449e-08,0.0018401026720780552,6.942156573234404e-05,4.136315412784252e-06,5.637093013601282e-07,5.464068714392426e-06,0.0065875043223835575,2.3185409478672412e-07,4.016859589769373e-06,0.05083110449927576,0.8506965223248097,4.848557025394265e-07,0.00022189615024824268,0.00011541978943866632,4.695420941315715e-06,0.000101853089324297,2.9322210690784587e-05,0.07133375220143875
66,0.006194152005868695,0.001820949063641569,1.5279465927869542e-06,0.002397951912710006,0.0029751040013363305,0.001291683553991111,4.400239854450744e-06,2.9793003142522474e-08,0.0011758991793634592,0.0001273955084140835,4.426774532822636e-06,8.5446549929786e-07,3.075095581812273e-06,0.01703575488443947,2.8733988568258725e-07,3.98532839641814e-06,0.04402689942742601,0.8296515129055392,3.989872459957181e-07,0.00022419357008858067,0.0001345490510963087,7.407167513492793e-06,0.00015124594275102793,1.5582430832755306e-05,0.09275073342439563
67,0.003773362675919661,0.0006252660650344949,1.7241204572235266e-06,0.0024079148223250277,0.0026972522272507076,0.002890062106489975,2.0121519076709845e-06,1.6593032686348443e-08,0.0006323379313017829,0.00013737114659170455,3.754148751378144e-06,3.771153995786924e-07,6.257614339979157e-06,0.013750195106102571,1.1443692013110072e-07,4.014350221614552e-06,0.0774859198142605,0.8198583117919864,2.3073135836232234e-07,0.0004071890743157294,0.00018908591109509802,3.455432284398182e-06,0.00026415836917945785,2.6514461841704634e-05,0.07483310180163202
68,0.00638729260457909,0.0007936678672331057,2.356831173822689e-06,0.0025307249696605687,0.001059751733602727,0.0009046866809243886,1.9416534832542957e-06,9.747611957413825e-09,0.0006898589937146568,0.00011350944228267535,1.5841812314962792e-06,5.101977121353217e-07,2.8231267471725366e-06,0.006659559964033217,3.782027863525735e-08,1.3814459059649581e-06,0.028564096885860455,0.8995846027242796,1.4288749852785792e-07,0.00016383151073882235,0.00017712609533726832,2.4983534714846858e-06,0.0001571420095299502,2.3064812465787307e-05,0.05217779746064345
69,0.007638374785452423,0.001452950683505925,2.1017351331493704e-06,0.0018150037627555357,0.004151170242769731,0.0017908940092865567,4.129322717540889e-06,2.3181094968094788e-08,0.0011615374702246245,0.0001411303627138955,4.371845042265347e-06,5.75797933757114e-07,4.260935145590903e-06,0.010547690155703086,2.425111830529282e-07,4.101024019532841e-06,0.0516845531430134,0.8298405434556195,4.285499330955037e-07,0.0002989930713131904,0.0001534239887310827,4.975812277542041e-06,0.00018179715671711927,2.458409541540441e-05,0.08909214290229796
70,0.006247929108326367,0.0002834464002515184,1.4721638203294415e-06,0.0009748641262505346,0.0015475165002210751,0.0002767516233451096,2.4669231480425407e-06,2.2131837291161015e-08,0.00040009803993881445,5.812593715329424e-05,5.810599490218037e-07,3.612588566896397e-07,3.5522510438237106e-06,0.007564673606014415,1.0731591940898514e-07,3.048772669744794e-06,0.023183727997224107,0.8726510834511625,2.9256337852179422e-08,0.00020858309318645143,2.3198062210269925e-05,1.3233162901550414e-06,1.9261944370301252e-05,1.8408348431966432e-06,0.0865459348256296
71,0.007278032585496546,0.0012292298040941603,1.9588625258330433e-06,0.001569924447976659,0.0033156579759150914,0.0017307422763545134,3.4465162086333857e-06,2.022296288738858e-08,0.0010722334085399373,0.00012059872014660706,3.942554328191761e-06,4.898551079004516e-07,3.5698416875463822e-06,0.009146402462838632,2.2769476422046642e-07,3.454458532442476e-06,0.048442315147304356,0.8434763813125403,4.011365498466186e-07,0.0002264552455601052,0.0001365104516759851,4.897363514668898e-06,0.0001446426227640561,2.1203992238294228e-05,0.08206726104037257
