,0,1,2,3,4,5,6,7,8,9,10,11,12,13,14,15,16,17,18,19,20,21,22,23,24
0,0.01241773752112685,0.0004958521024850733,0.0005529123369013571,0.00010566880134242112,0.48541001505659154,0.00021867486367565403,0.004218433931226619,1.7427490342002805e-05,0.32635376097999474,1.7469293482778588e-05,0.08016535577968613,0.0004496210777362008,5.963012524760036e-05,0.019136949916451734,4.226323297249779e-05,9.290279713076973e-06,0.0013456464223833699,0.008524643547140859,0.00037710082286152393,3.287706019185709e-06,0.029730176836623583,0.00011222782527039406,0.010300157723423138,0.016024845320872515,0.003910851006429227
1,0.0040931912157100596,0.00020021103623283075,0.00030619035372825016,4.706696656087711e-05,0.16444934168898553,0.0002908535031874359,0.0026505601595062174,1.0998292040645565e-05,0.7360767306717279,3.252033625175231e-05,0.029343444067141223,0.0001244937885177411,3.764308898787916e-05,0.018852544930333295,3.535594776086997e-05,5.924309459593024e-06,0.00021384064494046952,0.006793777696832882,0.00040832480903037086,3.4556271633619338e-06,0.016606903832034347,8.750541839498687e-05,0.006595175906090352,0.009892481049683474,0.0028414646596975498
2,0.003959281773281592,0.0002489362013911256,0.00027267257081537837,4.45273823059121e-05,0.21534555868974714,0.00024034288142697587,0.002314492014219794,1.215021634593993e-05,0.6695667869792565,2.6964393121889e-05,0.041035184386465924,0.00018177045840023356,3.062394964767913e-05,0.028393594039220243,5.096531334004091e-05,4.918254830633452e-06,0.0002628280616369305,0.00502581201590249,0.00028633601844300666,3.4980134803953696e-06,0.014254078252862321,0.00010942462128156561,0.005941663724738951,0.00817834370170572,0.004209246086131466
3,0.006548996345319876,0.0003076141873707422,0.0003352038595932215,5.9249264133191455e-05,0.2292638380888148,0.0003081251638526178,0.0029697721392015542,1.4042602167584141e-05,0.6353718197650874,2.7782095405460207e-05,0.052541615340820594,0.00020709182250262085,4.399553636917887e-05,0.023578540796684137,4.773443027981585e-05,5.778863935406985e-06,0.0003902356510356632,0.007088984670805841,0.00039967968753222593,3.3281887265136994e-06,0.01905435714627173,0.00013175506953582054,0.007655745525504856,0.009924172153800625,0.003720541605248743
4,0.006180998058372857,0.0003125303360758552,0.00033374207076396125,5.7279155401834066e-05,0.22764766628956215,0.00026343350205396533,0.0029767145039671728,1.3744170341719047e-05,0.6359918979540037,2.754462083339879e-05,0.05057821813753344,0.00020243820705639554,4.916383786013003e-05,0.026041916553176107,4.181540280907957e-05,5.249999982173473e-06,0.0003560127431052467,0.007436646883455634,0.0003963868982732841,3.574345704369293e-06,0.02038857834478051,0.00013470258138427213,0.007024204244302256,0.010063774524318966,0.0034717666348813556
5,0.006274400035470953,0.00027245299726385376,0.00037411930183308523,7.396022560851736e-05,0.24786719550823216,0.0002917639221884945,0.0028308096562724124,1.2749178482249031e-05,0.6147730007993282,3.135834191317949e-05,0.04469236533550104,0.00015998299393588976,4.685646742689207e-05,0.024379286019741698,3.5257579613228633e-05,5.353559896530706e-06,0.00036540291448056904,0.010557168500039765,0.0004028263369572267,3.96210617932862e-06,0.02218385923112964,9.470925928679309e-05,0.009951925743004762,0.011580866469108154,0.00273836751710561
6,0.006548996345319876,0.0003076141873707422,0.0003352038595932215,5.9249264133191455e-05,0.2292638380888148,0.0003081251638526178,0.0029697721392015542,1.4042602167584141e-05,0.6353718197650874,2.7782095405460207e-05,0.052541615340820594,0.00020709182250262085,4.399553636917887e-05,0.023578540796684137,4.773443027981585e-05,5.778863935406985e-06,0.0003902356510356632,0.007088984670805841,0.00039967968753222593,3.3281887265136994e-06,0.01905435714627173,0.00013175506953582054,0.007655745525504856,0.009924172153800625,0.003720541605248743
7,0.025153963944943708,0.0003748179014214619,0.0005026433726649531,7.158807701595293e-05,0.224111006450194,0.0003638434011815216,0.00484149859114814,2.6604816926039915e-05,0.5425204679365118,2.4706191686958373e-05,0.13085299133280948,0.00026652364740088096,0.00014445825267193546,0.016783099141417474,5.319986121919906e-05,4.997418803928883e-06,0.0004208196441162484,0.012632157771834969,0.0006387440667630567,3.5755953727052107e-06,0.0249629445520428,0.0003056055263372244,0.004824333120339039,0.007796602738023757,0.0023188066471528522
8,0.007056791687011476,0.00030002376068136665,0.0006722374507087353,6.980543000409502e-05,0.22008974289864508,0.00024072005253402106,0.0012755479164612191,6.729144980312347e-06,0.6581175344575486,3.8245361554543646e-05,0.02670970971707705,0.00019368616293871841,3.268146104933567e-05,0.026364913722513286,3.841944019838514e-05,7.032986958819511e-06,0.0004646802696173401,0.004635373302058086,0.000155707267407858,3.866991097131139e-06,0.01070597147301544,6.09116036185359e-05,0.012642230819678739,0.024448471947980402,0.005668964674661406
9,0.003081936469994107,0.00033289646868844646,0.0005736956525023576,6.136950753464889e-05,0.1626551444444598,0.00019297723681046305,0.0012376975342355935,7.5783748915414385e-06,0.7202503736614679,6.173529883049947e-05,0.017444017171094298,0.00013738958926427734,2.99507503900755e-05,0.03674412054479196,3.3637553224420156e-05,8.910138033822997e-06,0.00034413246196492565,0.005082475778523416,0.00022247174138526797,5.213494453131767e-06,0.013250440429888643,5.4053903686893436e-05,0.01069045827796655,0.021954051411390008,0.005543272104526887
10,0.006548996345319876,0.0003076141873707422,0.0003352038595932215,5.9249264133191455e-05,0.2292638380888148,0.0003081251638526178,0.0029697721392015542,1.4042602167584141e-05,0.6353718197650874,2.7782095405460207e-05,0.052541615340820594,0.00020709182250262085,4.399553636917887e-05,0.023578540796684137,4.773443027981585e-05,5.778863935406985e-06,0.0003902356510356632,0.007088984670805841,0.00039967968753222593,3.3281887265136994e-06,0.01905435714627173,0.00013175506953582054,0.007655745525504856,0.009924172153800625,0.003720541605248743
11,0.006930340019194628,0.00030841871427589876,0.0003375328123636454,6.135329474527579e-05,0.23276027804528865,0.0002953958622001688,0.0031417865106333977,1.3979880859147292e-05,0.630594983650897,2.661823904277197e-05,0.05320960706673879,0.00021615968374069663,5.087731447301306e-05,0.0227237514311354,4.676344066692628e-05,5.856338836288674e-06,0.0003845724044916801,0.007327174522552011,0.0004141929194214778,3.557832942727483e-06,0.01937975445276862,0.00013919358209746088,0.007374971900776338,0.010689915240015503,0.003562964839842521
12,0.01265570060646776,0.0008135615398268521,0.0002821382505968535,0.00020206904697279794,0.08163743290570241,0.0005823551224245186,0.006388637978886461,5.4412773701057066e-05,0.7595147330253462,6.195373875353917e-05,0.06613654713360868,0.0003262282520240857,0.0001328401537426653,0.016940507588617083,0.00015536620661681352,2.0836118955222685e-05,0.0004655415379376494,0.014609067145150834,0.002889381281891492,3.3274860516950255e-06,0.018854606760888935,0.00044324151180368475,0.006422026137147765,0.007223853519833157,0.0031836341770518327
13,0.007841703722429347,0.00035078715191877674,0.00025679437102358894,4.050621998913507e-05,0.26941398891146384,0.0001961989469246526,0.0032965338122899505,2.2099414732035562e-05,0.5258756515125073,1.4949762749990903e-05,0.11798930399943676,0.0004464092051741687,4.5193139257649655e-05,0.03340585812975201,6.82840425914972e-05,4.386320669939599e-06,0.0004010980573522944,0.0051702599587635945,0.00034746857908373585,2.6271058834282205e-06,0.018891844691044834,0.0002449539360017371,0.0038568148774927747,0.006170627348594887,0.005645656782871839
14,0.005325362884312948,0.0006379654901006604,0.0002683946348948843,7.558871703515766e-05,0.47565862865061115,0.000135212504017009,0.0023157062917168844,9.3849314435041e-06,0.3335754983673235,2.4741602463635565e-05,0.07798111923860135,0.00012013590130019426,6.684125892880268e-05,0.026564007606234452,2.0379550971716225e-05,2.2695300006083937e-06,0.00048529293110167364,0.010471780540494802,0.0006145794698390126,2.756467040667105e-06,0.04844537341179731,0.00011701692087860019,0.005893785604359043,0.009596913563685756,0.0015912639308467353
15,0.006548996345319876,0.0003076141873707422,0.0003352038595932215,5.9249264133191455e-05,0.2292638380888148,0.0003081251638526178,0.0029697721392015542,1.4042602167584141e-05,0.6353718197650874,2.7782095405460207e-05,0.052541615340820594,0.00020709182250262085,4.399553636917887e-05,0.023578540796684137,4.773443027981585e-05,5.778863935406985e-06,0.0003902356510356632,0.007088984670805841,0.00039967968753222593,3.3281887265136994e-06,0.01905435714627173,0.00013175506953582054,0.007655745525504856,0.009924172153800625,0.003720541605248743
16,0.008629779858505037,0.00040735789538518067,0.0003056039233040767,5.7984749311848605e-05,0.22652977632319948,0.000266810323608298,0.0032674431392070748,2.191375554588634e-05,0.6011897120472092,2.5186216622025543e-05,0.08103438526365281,0.00035237322421200715,5.049170914707378e-05,0.031996638622160435,6.715375349146769e-05,6.1228178772373086e-06,0.00045789237466144146,0.007356722446038577,0.0004572933319819416,3.001641793539746e-06,0.019585551599005883,0.00023237831042806855,0.005533405561787654,0.007363019345704492,0.004802001766159184
17,0.0067221597767332065,0.00028698540622409306,0.0003396676479777978,5.188739124074998e-05,0.2578830752549453,0.00026383414941751364,0.0030865765127516286,1.2911759915167266e-05,0.6002779355424992,2.2447975665762117e-05,0.055549564183905,0.00021962539508593582,4.448763293343079e-05,0.0247714811075482,3.692352337063456e-05,4.796759991106722e-06,0.00039780558962036256,0.007222692370586808,0.00033367039591534803,3.2155450235189905e-06,0.021179974791652567,0.00012468069386060014,0.007444034689802375,0.010199859846660263,0.0035197060566734242
18,0.004551852109051242,0.00033132490444225815,0.00038223997637540114,3.511799565382229e-05,0.2067520095930151,0.0002555134151624589,0.0030180888009962333,1.1487062192687615e-05,0.6431850107294744,2.7794936657973847e-05,0.04564199235110118,0.00029373570319206067,3.243787395529345e-05,0.03577600361135034,5.3692976092763704e-05,8.425906064517686e-06,0.000527814879164449,0.005170097739559662,0.00034935072236469053,3.7188327638754e-06,0.023522422961720423,0.0001236018928885256,0.008715655501606343,0.013017096520437418,0.008213513004717002
19,0.0029550074546569115,0.000285173914922008,0.00018216657821850602,7.271953493159379e-05,0.21001218433771854,0.0003119022688800618,0.0020739409202560843,8.607569823129405e-06,0.714675624302556,2.9633383418883542e-05,0.023927959187206315,0.00014930843690605313,3.0180947315107647e-05,0.017336130119480805,4.5374297703628774e-05,4.259983186503812e-06,0.00021382190181111393,0.003577114321704114,0.0002903481741720122,2.7374293498103906e-06,0.007971948996913088,0.00010892940626482526,0.00525203468101243,0.007836055100464579,0.0026468367511276003
20,0.005415805487992876,0.0003791869198548133,0.000209404616627364,6.072915934230405e-05,0.18404219015855705,0.0003238986697231467,0.002900714257148124,1.911850539990256e-05,0.6856847742747585,3.2155629952812855e-05,0.0585848201365437,0.00019243513373243194,5.292944075147048e-05,0.02572261956681371,7.212859666541099e-05,4.987370089345891e-06,0.00029620213595548485,0.0057410929920758075,0.0005556133011310785,3.405202578909397e-06,0.015443671477839123,0.00026829462411845606,0.0045911170583187505,0.006006536657107584,0.003396168626921915
21,0.01193576356467181,0.00034479544615201665,0.0007690820714236397,5.8680844559492065e-05,0.2681007549061862,0.00015805683929288514,0.0030453737503413026,1.65631488521381e-05,0.5347439540210257,2.47670795272863e-05,0.061212278282160804,0.00038717909424256154,6.80020818798283e-05,0.04131459816910389,2.5252846148980867e-05,7.627964242431144e-06,0.0005947540169014998,0.013176530229595322,0.0002543593747337909,4.746880722788058e-06,0.03132838870314921,0.00010128411820469064,0.009273630896267489,0.018576394382282427,0.004477181288331769
22,0.0009404189459740652,0.00010272669082199833,4.8245560605205476e-05,2.287303731872895e-05,0.1104579605131261,0.0001291345466863076,0.0019611631034891818,2.2074693670148027e-06,0.852030598186225,6.113604785288196e-06,0.011287248460107915,0.00013725295835728267,1.2274979610967366e-05,0.00749938228122665,4.912000812819976e-05,2.3747915837853065e-06,4.0259999589714903e-05,0.0007271402782988842,0.0001468485118627876,1.0348869000310113e-06,0.0023002346350201094,4.696371033109731e-05,0.0018470416229275407,0.006883230452653175,0.0033181507650029097
23,0.006548996345319876,0.0003076141873707422,0.0003352038595932215,5.9249264133191455e-05,0.2292638380888148,0.0003081251638526178,0.0029697721392015542,1.4042602167584141e-05,0.6353718197650874,2.7782095405460207e-05,0.052541615340820594,0.00020709182250262085,4.399553636917887e-05,0.023578540796684137,4.773443027981585e-05,5.778863935406985e-06,0.0003902356510356632,0.007088984670805841,0.00039967968753222593,3.3281887265136994e-06,0.01905435714627173,0.00013175506953582054,0.007655745525504856,0.009924172153800625,0.003720541605248743
24,0.004753630653263529,0.0005459394012968957,0.00028205105728963925,0.0001167216874264067,0.2445848827212325,0.0002838609986387526,0.0029520413317022354,1.5909420244942174e-05,0.6189014524481264,4.355685336064147e-05,0.042667448494175184,0.00018250401057270487,4.890442532914489e-05,0.02970540961783714,5.525881016153807e-05,6.747294604047528e-06,0.00048263624057231656,0.009054417380449207,0.0006966780934787144,3.595854655117352e-06,0.021953658237392842,0.00014075012379397733,0.00928129164695295,0.010026926672531813,0.0032137265249112157
25,0.009431018623081447,0.0001966816471753861,0.00035364497850027594,4.8239860549047017e-05,0.3698152700552064,0.00019859878329454226,0.0051543311885209045,3.6845831461006745e-05,0.38469963375634975,1.213538980633186e-05,0.13124202217207534,0.0003459579287696481,5.355761224225388e-05,0.02963947536187188,2.255969701344833e-05,3.7790629076393834e-06,0.000426668765591578,0.016384382814572173,0.0002981370147184108,3.722917009982167e-06,0.03753265297848679,0.00013353044716177167,0.00595080573991426,0.0057669862487619876,0.0022493611249576723
26,0.007052676801003165,0.0009123039197559853,0.00017841196527038696,5.832908333350215e-05,0.2116526920962909,0.00039938418350863805,0.005981722930982496,6.343800032862069e-05,0.5070622820739369,3.0926357562149114e-05,0.18436666953365133,0.0006698706398833791,6.522614005294467e-05,0.035502326231585696,0.00026436860820715837,1.0762582386202108e-05,0.0007336932942060814,0.004336774600896038,0.0013917038988865784,2.8560432739942414e-06,0.023975263980000744,0.0009726891822859864,0.0025728928798961098,0.002972162156545413,0.008770572816269511
27,0.003944220546008455,0.00021487331138972672,0.0001550507389639666,4.468475944982023e-05,0.1417552299714359,0.0003114813740112581,0.0021749675260124028,1.0361733662546711e-05,0.7796760315115899,2.2424121644919483e-05,0.03208650779203251,0.0001492292330083142,3.266107890907634e-05,0.014466796838700976,5.334295911860953e-05,4.053475759113369e-06,0.00015170080941601967,0.0034817654066442213,0.00033516675338333024,2.318078543379985e-06,0.007649209075460015,0.00015239560964132833,0.0037798168530451984,0.006497464862602478,0.002848245579566505
28,0.006548996345319876,0.0003076141873707422,0.0003352038595932215,5.9249264133191455e-05,0.2292638380888148,0.0003081251638526178,0.0029697721392015542,1.4042602167584141e-05,0.6353718197650874,2.7782095405460207e-05,0.052541615340820594,0.00020709182250262085,4.399553636917887e-05,0.023578540796684137,4.773443027981585e-05,5.778863935406985e-06,0.0003902356510356632,0.007088984670805841,0.00039967968753222593,3.3281887265136994e-06,0.01905435714627173,0.00013175506953582054,0.007655745525504856,0.009924172153800625,0.003720541605248743
29,0.006548996345319876,0.0003076141873707422,0.0003352038595932215,5.9249264133191455e-05,0.2292638380888148,0.0003081251638526178,0.0029697721392015542,1.4042602167584141e-05,0.6353718197650874,2.7782095405460207e-05,0.052541615340820594,0.00020709182250262085,4.399553636917887e-05,0.023578540796684137,4.773443027981585e-05,5.778863935406985e-06,0.0003902356510356632,0.007088984670805841,0.00039967968753222593,3.3281887265136994e-06,0.01905435714627173,0.00013175506953582054,0.007655745525504856,0.009924172153800625,0.003720541605248743
30,0.006548996345319876,0.0003076141873707422,0.0003352038595932215,5.9249264133191455e-05,0.2292638380888148,0.0003081251638526178,0.0029697721392015542,1.4042602167584141e-05,0.6353718197650874,2.7782095405460207e-05,0.052541615340820594,0.00020709182250262085,4.399553636917887e-05,0.023578540796684137,4.773443027981585e-05,5.778863935406985e-06,0.0003902356510356632,0.007088984670805841,0.00039967968753222593,3.3281887265136994e-06,0.01905435714627173,0.00013175506953582054,0.007655745525504856,0.009924172153800625,0.003720541605248743
31,0.00953463696531936,0.0003801703877926736,0.0004998423255153881,6.910576762470204e-05,0.22022314169455873,0.0003434167442179971,0.0034549516945134137,2.2642054426621126e-05,0.6147478162307568,3.6004709461807725e-05,0.06170246089836386,0.0002550682789606855,5.441695066947906e-05,0.02778006265319343,4.6015063027995765e-05,8.363406756764361e-06,0.0005555853238720554,0.010553184725858174,0.00046061204398498606,3.927572735491685e-06,0.02521090112238154,0.00015135794865129437,0.009226131139263776,0.010617677891338374,0.004062506406754626
32,0.006190663460253229,0.00031772541226571504,0.00031508459045225635,6.592273690839806e-05,0.22411805430944234,0.00033570961749825875,0.003177570959238785,1.4561414563075727e-05,0.6400022008215998,3.052192096917885e-05,0.05190252571486278,0.0001933825695393462,4.683831058178235e-05,0.022289460392308804,5.5191136724807265e-05,6.407025938873307e-06,0.00040101591971537234,0.007456680268814199,0.0005239688794688312,3.4690570168556247e-06,0.020744004083957476,0.00014119983004093318,0.008043178307250392,0.009994805307678233,0.003629857952910388
33,0.021170198830904215,0.0007444221295047506,0.0003870710712456606,0.00013565327251991778,0.3383722337422699,0.00026779642576768933,0.007295353113055075,4.830716094315846e-05,0.3381191636520832,1.7971372140169007e-05,0.18165218877424286,0.0008293690178580931,0.00015282101076982783,0.02428667204343146,4.899574770059479e-05,1.1469063825384275e-05,0.0015184013583223565,0.018226795527427776,0.0009407489883179153,3.829021787848443e-06,0.04355376730852639,0.0004280567861040231,0.0071117498368025,0.011372670790843312,0.0033042939536058464
34,0.0034472608370515706,0.00044321880554189913,0.0003204532088039652,5.64211603488124e-05,0.21870858699198478,0.00030958203805462605,0.002535851411360609,1.3898724207682254e-05,0.6526967668913666,3.917393729013008e-05,0.03845529176450786,0.00024197849731319096,3.27739718599305e-05,0.03550390974840862,4.606459933926777e-05,7.358148139072101e-06,0.0004909862700525428,0.004979124799823257,0.0003184977056617051,4.027411699908313e-06,0.017325880320886406,0.0001313967780465322,0.008106845986602463,0.010345632358297344,0.005439017633351296
35,0.0034843601431642623,0.0002985337223615432,0.0002834783574784887,5.3833470572422626e-05,0.2989833976351371,0.00024586385466340176,0.002314851498576174,8.86271899368921e-06,0.5751797037373465,2.5313576306311504e-05,0.04537733263668664,0.00015478897358956975,2.9360049344056866e-05,0.02872505086914735,5.384296804394082e-05,3.872277495044134e-06,0.00035423996199912376,0.004269262627513136,0.00029328599259225563,3.4306631842371124e-06,0.018005638263543487,8.951712107635237e-05,0.008159777151228618,0.009321517803737014,0.004280883926219173
36,0.006798018150854799,0.00034117355767698506,0.00032565133861835394,6.436511297772193e-05,0.1976837439843956,0.0003278418686893193,0.0031044876717216344,1.7289333139151458e-05,0.6688237080543136,3.184921017634632e-05,0.050391118588061605,0.0002268618823553646,4.6516131829119764e-05,0.025192895316470936,5.145487198986418e-05,6.718672696261778e-06,0.0004108604432353694,0.007607929226371459,0.00044844027361597047,3.3483126464502316e-06,0.018002815746842663,0.00016063958138895496,0.007310994881687126,0.008876315491492618,0.0037449622967527844
37,0.010102716334809055,0.00019905074406554335,0.0005977069502731662,4.170420603189973e-05,0.2892940034672256,0.00015647863013413456,0.0028059033528894948,7.547522608670951e-06,0.566520241586774,1.7735540102232776e-05,0.043372687200984555,0.00020050615796645823,6.392514334394583e-05,0.02292566006674338,1.6897200172399267e-05,4.168977586567397e-06,0.000340916354753567,0.009220028583898995,0.00019399408366785583,3.801410232953245e-06,0.02444139257415468,7.140362456128055e-05,0.007654432662596257,0.018985994591662628,0.0027611030327606536
38,0.011225427985467261,0.00023670807069942754,0.0004245317264101818,9.643688383809403e-05,0.15791507962712806,0.0009585801063789993,0.007272981717465403,2.1656223686592538e-05,0.681666258230579,4.362108858769517e-05,0.0507985941989841,0.0001823360655800337,8.072459866269996e-05,0.011221219677702765,8.692882238083318e-05,1.688241129013562e-05,0.0005514753073763859,0.01635367759830997,0.0013273907297029618,5.13747801846203e-06,0.02960652558843959,0.0001643465927424897,0.0148630429385775,0.01192926262501933,0.0029511737069719333
39,0.013309369559728893,0.0003128842546077251,0.0005203225403400781,6.554457734507281e-05,0.22179891656198847,0.0006970868464809281,0.007115739441794689,4.938285871010162e-05,0.5584753353848746,3.0345711311933063e-05,0.10022612107152847,0.0004888824535410659,6.864777625000214e-05,0.019873249319786637,6.0568225224750444e-05,1.6884209431007106e-05,0.0008844967102102111,0.012710988254100792,0.0006984306625103981,4.625047075779132e-06,0.036518224784546104,0.0002664152626562483,0.010316971678485819,0.010386248317591705,0.005104318489878425
40,0.010617373412582275,0.0003472196335262722,0.0003861663789218426,3.9140818456162796e-05,0.24796150598809533,0.0003307585016886404,0.0028524176766655997,1.4788021959817036e-05,0.6003422376728691,1.8759067176466163e-05,0.07770096914560339,0.00037363441249821145,4.533005344314725e-05,0.024271111696963582,6.059645991880466e-05,4.437651556363346e-06,0.0004373536737768662,0.003703093579639718,0.0002103739820592528,2.61482472247499e-06,0.013121778589869309,0.00022728612426855824,0.00450158497924293,0.007002606113000063,0.005426861541495617
41,0.005531923431759803,0.00024127444930016728,0.00025934796591490106,6.276713507450095e-05,0.23704960396181987,0.00032409443677941985,0.0023910070338122843,1.1138063987402546e-05,0.6563494093627995,2.443276020802582e-05,0.04398775292077725,0.00017085185905199067,3.254951716741325e-05,0.01750351209684435,5.431751134748541e-05,4.568592967063956e-06,0.00027963034364832454,0.005186625036657328,0.00033005955860962167,2.670820958056623e-06,0.011828823655567769,0.0001068003432067325,0.006649530344508801,0.008446139459749601,0.0031711693374821834
42,0.007858618151359728,0.0004547182452688471,0.00019616804221703153,7.41260250390339e-05,0.16954098599585102,0.0005581939120606945,0.004494098310600274,2.7784022407831762e-05,0.6965464232516999,3.240570665893391e-05,0.06775478832748867,0.000276817134258233,7.667553007887509e-05,0.014194231190719997,9.698644335799615e-05,9.647247123838297e-06,0.00046312754412104474,0.005145413823498094,0.0010306750006332994,2.9844542001828196e-06,0.016320082699763608,0.0005193306245753363,0.004123347326357863,0.006682562455071274,0.003519808535588241
43,0.004267561156605161,0.00022265356034822112,0.0002735121611007823,6.227137054974165e-05,0.17298487262706677,0.0006034674886429454,0.00236143514201208,1.611217218215587e-05,0.7226175677544245,5.220065288603563e-05,0.035656910345008536,9.772909147649859e-05,3.518370884967608e-05,0.017744089142962067,5.8732507421426084e-05,6.239088727479456e-06,0.0002666728945195239,0.006927358082826226,0.0005478221655435665,3.917260204528325e-06,0.017181772865466877,0.0001396672770861317,0.008128836477699939,0.007077380642023963,0.002666034364365118
44,0.006548996345319876,0.0003076141873707422,0.0003352038595932215,5.9249264133191455e-05,0.2292638380888148,0.0003081251638526178,0.0029697721392015542,1.4042602167584141e-05,0.6353718197650874,2.7782095405460207e-05,0.052541615340820594,0.00020709182250262085,4.399553636917887e-05,0.023578540796684137,4.773443027981585e-05,5.778863935406985e-06,0.0003902356510356632,0.007088984670805841,0.00039967968753222593,3.3281887265136994e-06,0.01905435714627173,0.00013175506953582054,0.007655745525504856,0.009924172153800625,0.003720541605248743
45,0.0033109600785308038,0.00011150941206724298,8.769908364810299e-05,7.808923328957194e-05,0.20751707937983468,0.0004961578816615775,0.0047072444956592335,1.1704601854371233e-05,0.7229781817889587,1.3390316592927137e-05,0.033866885839622614,0.00013981682774810627,3.302584814396071e-05,0.005424418361880736,0.000106116869158111,5.288655050043457e-06,0.00011864689691284681,0.0035878386896403495,0.000596152652005945,2.458793349972916e-06,0.005780418448596911,0.00011954305205428764,0.00391238484741965,0.005218258597302062,0.0017767293490169658
46,0.03466371180519375,0.0011325647869000316,0.0006395603253140714,0.00016398529478279093,0.363746770252353,0.0005649722252168698,0.005690590802329444,4.306778813086896e-05,0.31907472376511525,2.7235687598144647e-05,0.1739692772777357,0.0010728101760945894,0.00012219277327879066,0.020343971438251084,0.00011130536482006045,1.9253793511695883e-05,0.00421352019850899,0.008779891606482362,0.0007610479936033838,3.539466645619624e-06,0.031764169168980796,0.0006003542394854606,0.011894696428807599,0.013762707179038724,0.006834080161820795
47,0.01894980249296499,0.000910190325423296,0.0004304548423948423,5.7188911517059954e-05,0.14880015145707984,0.0003245989641746145,0.004174948624589822,2.7212482061979415e-05,0.6806784389095718,3.0679331288857636e-05,0.07962504364949066,0.0007731346169961498,0.00011292226661066616,0.02196384494663459,7.399742734640851e-05,1.4721901191047241e-05,0.0007570330517207114,0.005330482162799275,0.0005143006765910029,3.1517999266540187e-06,0.013163911315649339,0.0005670600921152373,0.003595409285010806,0.011935434557104024,0.007185885909746216
48,0.014242320046200421,0.0024636945363196456,0.0006389584106576873,0.00025962332923090746,0.2350243964300621,0.0006448688298233543,0.004991050090709157,6.007937151861614e-05,0.5208296108686358,0.00012265590115478298,0.07947323084900343,0.00047434219779910413,0.000103317270337793,0.044925595177291874,0.0001186784437847586,2.6557536936820066e-05,0.00348969684440469,0.015153347892664539,0.0017306141365048806,5.129619151229628e-06,0.041147899338668116,0.000545545753312164,0.01680851613764487,0.010590286752982717,0.006129984235200543
49,0.007654816244105549,0.0002716762587624524,0.00039942241878118765,5.0784554124914086e-05,0.22161890700415116,0.00039255325700865255,0.0031251907038107388,1.5331273203516474e-05,0.6472543302067563,2.4911199381675675e-05,0.05325186726757864,0.00026592937300451593,4.476038981164543e-05,0.021125306456095994,3.633148375299613e-05,5.828932139270005e-06,0.0003826965426531657,0.00656289661221938,0.00026072144108783244,3.495749271578614e-06,0.01621287321268078,0.00013345745590677424,0.007283273491235575,0.009925513904285373,0.003697124568190354
50,0.0044035683485546305,0.00034648149532358596,0.0003061804274859985,4.693521183321817e-05,0.1662292588496039,0.00026952205712031115,0.0030823273456882347,1.835951658887689e-05,0.714018591426759,4.275259078024899e-05,0.03981753882601562,0.00016340478931986812,4.837283358633925e-05,0.030149565155708477,4.7103450631031154e-05,5.325599821929475e-06,0.00026473100462927487,0.0059148191455901744,0.0005110847561973963,3.3664078288446038e-06,0.019986111996875333,0.00017971528528927725,0.004515790777545739,0.006184901187818021,0.0034441915134043382
51,0.006444694685514533,0.005145148396877736,0.0002552986386394798,0.00031348904317963214,0.1764348489602801,0.00018241048051895157,0.0018667765484711,6.307883839485575e-05,0.6307706129042236,0.00010533432575158238,0.0643206699370576,0.0005519882568198346,9.066511268400757e-05,0.08270633225241986,0.00013169352483409453,8.109911698258026e-06,0.0005859416959038483,0.006138370385690975,0.0009697526135156897,2.9167172653975814e-06,0.010842251615085518,0.0007410206433959652,0.002648513639717837,0.003944637647493438,0.00473544322456601
52,0.007846961343246337,0.0002038507604455431,0.0002737335354059804,0.00012669820351712165,0.09158266686585004,0.0006206649454003152,0.0016827449860961955,2.4130870517823154e-05,0.7974196675894148,0.00010582769830976352,0.03259644982498083,7.363736645369836e-05,5.889687884306407e-05,0.016302548265789335,7.96744339340783e-05,9.908685381292369e-06,0.00019724891003525483,0.022227305417772767,0.001072531637381296,5.42307510971549e-06,0.010878733095507504,0.00016766614894474084,0.008271951536535779,0.006693493942014868,0.0014775839831117966
53,0.0046167984731942105,0.00015254760076423236,0.00022206792342919864,3.3395119177879026e-05,0.18317442356257782,0.0003308551060429805,0.005427007768606828,1.197658428435976e-05,0.701291577813355,1.20114598073338e-05,0.04717821719702091,0.0002765415595141493,2.9978912147754277e-05,0.018380817627282053,4.440205166498265e-05,4.964173451862524e-06,0.00024117046270403952,0.005298585574172806,0.0002525530194108434,2.865064138588166e-06,0.014039175808505546,8.92077845519238e-05,0.007271093053765636,0.007513342589919795,0.004104423710509243
54,0.0023600628300405988,0.0004239379759459005,0.00023107115497963658,2.5998558761362487e-05,0.12158564952173635,0.0001453396570161556,0.0016475187704908187,8.839921174232967e-06,0.781615131058144,2.8460146600311865e-05,0.023615258270242127,0.0003271441534540213,2.092927119833279e-05,0.037595299624564385,6.2772118731549e-05,7.14018275071575e-06,0.00022480609773748364,0.00174982224616407,0.00018288418311234939,2.5295892456717854e-06,0.006570755275911562,0.00012192328641382585,0.003122220292673141,0.008292795324397166,0.010031710488514315
55,0.011298456367266762,0.0012608132116224545,0.0008201619367449279,0.00014076497294640024,0.21247973428839448,0.000726307589739982,0.0020754581627539033,5.173986191276862e-05,0.5197466088972518,0.00022799694341781856,0.08949818544766029,0.00010648697221916261,8.085142712936844e-05,0.0602661295353061,0.00015409868131841876,1.3459966284342208e-05,0.0017970693364025112,0.0145321434873791,0.0014621947832396227,8.01112862994459e-06,0.055786783251139414,0.00048272677993093006,0.015515802890297515,0.006502451516917636,0.0049655625640942285
56,0.006816904068178769,0.0003124885273819104,0.00033713938600251123,5.944654581483821e-05,0.2274350022726309,0.00030522081335226833,0.003069712273649675,1.4327138019969175e-05,0.6352351405206612,2.7342082724105388e-05,0.053697868843777405,0.00021519619487033245,4.7362677009570825e-05,0.02351497176086489,4.723646227174694e-05,5.791636399649043e-06,0.0003898672950466116,0.007230787888292006,0.0004081861330402177,3.413418763783079e-06,0.019387551998413525,0.00013901542404791493,0.0074888802555708065,0.010131673990673381,0.0036794723925419586
57,0.0063408625356351144,0.0005165532403645525,0.0003147912825839296,6.744110642758096e-05,0.22382000494525206,0.00028910140278512697,0.004555177412492148,1.8554988306900608e-05,0.6151605798979793,3.2209697785211823e-05,0.0611364124561327,0.0002868119410025546,7.112273149963672e-05,0.023762615677374543,5.945104363740961e-05,9.361708764217713e-06,0.000531446754648746,0.007589423498014989,0.0009737793392395389,3.4039822987893774e-06,0.03184673192180446,0.00022384316677374717,0.006340587046766048,0.011503476945724608,0.004546255276705921
58,0.0052984319446741325,0.000256608636983393,0.00031013100478855844,5.4675468597213144e-05,0.23742523629850673,0.00026673586497814395,0.0027963510079208314,9.35569930103452e-06,0.6420972714905471,2.3597658484599785e-05,0.042111867567554744,0.00018228971390737755,4.36717102199452e-05,0.01976248321869512,4.054518948509746e-05,5.369997237476405e-06,0.00031697628046376415,0.006110929522900981,0.00036050719213941607,3.499121769258436e-06,0.017819851109824918,9.920885726123208e-05,0.007734695610554697,0.013365642668780185,0.003504067164424209
59,0.00537344195222645,0.0002703452989509893,0.00036465577039615656,5.209863699963801e-05,0.23915267465179316,0.00026910418117507667,0.0026676334156041388,9.857281683192012e-06,0.6357970146884001,2.686676669482885e-05,0.04123763339267284,0.00017880828358996122,4.203076093003665e-05,0.02234098460288222,3.725499743130017e-05,5.659585822771114e-06,0.00035169320595792523,0.0063840542810465915,0.00033232016441082603,3.6776943740141057e-06,0.019573776427306955,9.563138874306257e-05,0.008202587502073796,0.013507586544326445,0.003722608524507706
60,0.006548996345319876,0.0003076141873707422,0.0003352038595932215,5.9249264133191455e-05,0.2292638380888148,0.0003081251638526178,0.0029697721392015542,1.4042602167584141e-05,0.6353718197650874,2.7782095405460207e-05,0.052541615340820594,0.00020709182250262085,4.399553636917887e-05,0.023578540796684137,4.773443027981585e-05,5.778863935406985e-06,0.0003902356510356632,0.007088984670805841,0.00039967968753222593,3.3281887265136994e-06,0.01905435714627173,0.00013175506953582054,0.007655745525504856,0.009924172153800625,0.003720541605248743
61,0.005596000048858258,0.0002385478216666326,0.00038101488987660306,4.789819655885983e-05,0.23138559907105918,0.00025669912509034394,0.002563645589360604,9.395527233233006e-06,0.6464693132190762,2.5645056376921478e-05,0.039797941791282834,0.00016583383630676684,4.126706780131908e-05,0.021626939956689812,3.21472132711771e-05,5.053996205300133e-06,0.0003084094990679089,0.006554272998896361,0.0003003570737725683,3.4913133277842497e-06,0.019329045438492093,8.668839718278896e-05,0.007900548340271625,0.01345480704392459,0.003419437488350255
62,0.006548996345319876,0.0003076141873707422,0.0003352038595932215,5.9249264133191455e-05,0.2292638380888148,0.0003081251638526178,0.0029697721392015542,1.4042602167584141e-05,0.6353718197650874,2.7782095405460207e-05,0.052541615340820594,0.00020709182250262085,4.399553636917887e-05,0.023578540796684137,4.773443027981585e-05,5.778863935406985e-06,0.0003902356510356632,0.007088984670805841,0.00039967968753222593,3.3281887265136994e-06,0.01905435714627173,0.00013175506953582054,0.007655745525504856,0.009924172153800625,0.003720541605248743
63,0.006567656977029444,0.0004068576387136357,0.00033845794282344585,6.64962768843851e-05,0.22283460197926916,0.0003062256678563076,0.0029047923690812515,1.522076624514893e-05,0.6391708326703722,3.250998626223622e-05,0.0524195966293398,0.00022451426176123642,4.765570884589038e-05,0.025760475721404927,5.3103581037906526e-05,6.510675544115642e-06,0.0004426691629560416,0.006944142395644818,0.0004533653001538565,3.426159150783179e-06,0.01911041385390227,0.00015384374440916,0.007531054247881997,0.010150997342303607,0.004054578941126406
64,0.006877531272926928,0.000325654373198538,0.00042306323524761566,5.745903757423589e-05,0.25941387517601,0.0002828272298709431,0.0035693951690712825,1.455033697565173e-05,0.5785914984111383,2.849938367393099e-05,0.05683936636159889,0.00020341460659430486,5.2474838430446164e-05,0.027162641629714157,4.0677396151001905e-05,6.232770460342544e-06,0.0004891477945292678,0.008862944636933536,0.0004705101564228836,3.823233336319315e-06,0.031774305668213855,0.00012479247076720943,0.009105224234539945,0.011494016877539716,0.003786073699080757
65,0.014170972082656498,0.00014805045422893067,0.00017922496564276209,0.0001865828022204112,0.39476003571780244,0.0015069112247431261,0.009596294343933305,2.390247947179504e-05,0.3462738979742772,1.4042204356131577e-05,0.14280141661070905,0.0002163759629051456,4.364985979636337e-05,0.004821198742157771,0.00014312731867502224,8.984540368928534e-06,0.0009559324854980294,0.01759806446703787,0.0018833129574307628,2.1936364438188422e-06,0.03148838971317708,0.00013960826977653157,0.023970792494294683,0.0071574065448567524,0.0019096321475396052
66,0.016759625741289114,0.00017428052137866774,0.0008067941844326598,3.569465289304993e-05,0.25969757221169465,0.00017142081913250733,0.0037964917605962955,2.9117440599650385e-05,0.551603651255274,2.2326213164699873e-05,0.08627610017310075,0.00020524722815777927,0.00011430801885829144,0.0259747227910692,1.691052714578304e-05,3.6744696991886736e-06,0.00020806926709641054,0.014885066414025327,0.00021509957003395462,5.094303088196498e-06,0.027473654088365256,0.00014656373650025623,0.0028098719710513698,0.006883013909110021,0.001685628732242842
67,0.009192434169266593,0.0002493553643193429,0.0009233747013865794,8.017663164736504e-05,0.2878490429462795,0.0003698075835358571,0.003135319096444487,1.5077350663846476e-05,0.4863052586676055,4.356418337248636e-05,0.05461298648736427,0.0001444306623952881,5.3033885728431075e-05,0.033956165358664886,3.0474930111394425e-05,7.639454719762316e-06,0.0007957330251549357,0.019239073685517697,0.0004121023754227074,6.494443113957996e-06,0.05467720218647716,6.486044319447183e-05,0.026351128960879534,0.018041031562792742,0.0034442318439410033
68,0.000679256523571171,4.293735980609591e-05,0.00021869380627720177,1.5238410468018013e-05,0.15346250667900269,0.00010003559391641117,0.0005558617683299559,1.0837403549548657e-06,0.7922860073609864,1.3486132834305424e-05,0.005931981968556892,5.6977677022746614e-05,6.494692273543587e-06,0.024304802715839856,8.607526842939533e-06,8.928022783288455e-07,3.676077833634185e-05,0.0011884817934882982,1.780351874470301e-05,2.4440704113643906e-06,0.0028062681484801763,8.658316796228016e-06,0.005148095369052891,0.010532451682697211,0.0025741715636313366
69,0.0038988275216235045,0.0001124957654845631,0.0010258684965101636,3.2650820885118886e-05,0.16064618324089341,0.00025973248247385935,0.003546541602095118,2.127079587200128e-05,0.6133712743099458,5.1545354057849305e-05,0.028642050895043698,0.00012381607528837342,3.790674710083495e-05,0.056402133232491825,1.3469316988142172e-05,8.287039866016964e-06,0.00028753205185328475,0.024470565916692635,0.00028512879668611806,8.698614829616454e-06,0.07210180069348607,3.864238895982596e-05,0.017752448858398343,0.013428786106011397,0.0034323428764625507
70,0.0014904153026477145,4.614657460334555e-05,9.494312030154512e-05,4.22129592904338e-05,0.3888312805342371,0.00016297738554364168,0.0015095060639588086,2.407460944440122e-06,0.5658796020887099,4.50675491475522e-06,0.018853942919461717,6.51343372868305e-05,7.769924605988538e-06,0.008376813137191262,2.3755729436435897e-05,5.084441638718981e-07,5.3070222303379635e-05,0.0013417327128705686,5.369664797679738e-05,1.0646902894093502e-06,0.0032694810425120814,1.7349265895851004e-05,0.004672773784308156,0.003994197962809987,0.0012047109337361124
71,0.05878514556605149,0.0008147907393605843,0.0005248460991875611,0.00024707436583124606,0.18728074778735385,0.0014236312288322863,0.0041524730316906755,4.2707134237764184e-05,0.4597745409738899,4.4466709771251746e-05,0.22017514996321036,0.0006669940170978805,0.0001344105999176922,0.010442858005273675,0.0003495656116901383,1.899122835332919e-05,0.0020576801699301915,0.008998145281000871,0.0015796070055261206,2.656154864521205e-06,0.014060876747054897,0.0008253531401486132,0.011065438791550093,0.010505920284393339,0.006025929363781637
72,0.007310528964385679,0.00030260495486892513,0.0003846229282289699,5.7169328894181056e-05,0.25696225005762974,0.0002369989265870474,0.002242208695426507,1.2259039894114454e-05,0.5933951801086201,2.5568712757981525e-05,0.05764226515914793,0.00020603266795614586,3.9816266342881973e-05,0.028487659242136136,3.777970526679162e-05,4.614482974181842e-06,0.00040935744490038016,0.007525498005796203,0.0003085051168674088,3.040215199571078e-06,0.02028103475999341,0.00010942319906985954,0.00849575677059102,0.011616024858097025,0.0039038003883677236
