,0,1,2,3,4,5,6,7,8,9,10,11,12,13,14,15,16,17,18,19,20,21,22,23,24
0,9.152547398065452e-07,7.861778086850547e-05,1.9245209589828287e-07,0.003939893566747058,3.727674065221018e-07,1.3230967096859534e-05,0.00013540535666890162,6.363282548865344e-05,5.779796234502954e-09,0.001637043483001342,3.312094560334313e-05,5.384306466766416e-06,0.00040084238799629687,6.818851358296767e-07,7.542932678555429e-11,1.2171087667902413e-06,3.328372336144603e-07,0.9837543169236135,2.0000517410221084e-08,0.009793474247811847,1.9758182958006356e-06,8.189469214841119e-06,6.323353223716379e-05,6.781513275855504e-05,8.509500921742154e-08
1,1.699651044032464e-06,9.29487503879546e-05,8.827920492757084e-07,0.004770412205318478,8.74233923128333e-07,4.074362324788415e-05,0.00038259033738387906,0.00015222174493596487,2.9395411378896526e-08,0.0028219264469629465,9.441853936832725e-05,1.2349042340402575e-05,0.0012815733451873377,9.68972150961109e-07,1.759317694767994e-10,4.236613142123345e-06,4.0677414532003227e-07,0.949755225035707,4.645332695532222e-08,0.04037690333891565,1.9208098347172715e-06,1.171943154083337e-05,6.508702910389916e-05,0.00013073393149755393,8.132714225484517e-08
2,1.6030821084707632e-06,9.144045495846559e-05,6.925098077676725e-07,0.004295064631817704,6.979298946077361e-07,3.50443864571282e-05,0.00034656960924040674,0.0001195757923092983,2.0268774613590943e-08,0.0022480300666598545,7.98444048303669e-05,1.2505112897694958e-05,0.0011662884008050857,1.0134705089012647e-06,1.710568456030771e-10,3.822847601876023e-06,4.191461513351821e-07,0.9539670315893694,3.748727441585584e-08,0.03742423737356465,1.7747186976500485e-06,1.2786916579787042e-05,7.804988233334081e-05,0.00011336859499581675,8.115130442183527e-08
3,1.3852910101663159e-06,8.034792232711966e-05,6.570604904571558e-07,0.004182870985702143,7.207145101441164e-07,3.163248941881215e-05,0.00028726897046838943,0.00011212854798901663,1.894366014143479e-08,0.002105202571344698,7.930332358631903e-05,1.095299643768472e-05,0.0010552247717489744,8.465487201730694e-07,1.276934794668909e-10,2.9184671822221037e-06,3.607845290087018e-07,0.9617180042434806,3.244505016410033e-08,0.030147252520024773,1.6470309516202003e-06,9.658687280460846e-06,6.092484892935913e-05,0.00011057171885867759,6.798860554000927e-08
4,1.410810376350996e-06,8.766804062137333e-05,7.146143986829512e-07,0.004272241964999178,8.093001456995657e-07,3.4340509074210954e-05,0.0002905356670010247,0.00011277807651579596,2.0846800591703677e-08,0.002169783090627661,8.381836239596024e-05,1.1735234265899328e-05,0.0011991848285657484,9.557189702336778e-07,1.366386265185305e-10,2.9770216317113377e-06,3.757206712122628e-07,0.960268811064009,3.440788582755213e-08,0.031275970529461884,1.644247886486278e-06,1.0404582572340014e-05,6.236245880556874e-05,0.00011135468570734809,6.807997150372552e-08
5,1.226393075659468e-06,7.362012880237048e-05,5.560947618994586e-07,0.00412769026911468,6.347688854498781e-07,2.7210141937776974e-05,0.0002586633579633114,0.00010217687697423144,1.514832982343171e-08,0.0019398772403387175,7.219971385304863e-05,9.803911263203199e-06,0.0009264607350448564,7.511542920731128e-07,1.057980412565246e-10,2.5456552317186528e-06,3.357692557093057e-07,0.9650824671704176,2.7708160345200314e-08,0.0272000348477315,1.5928651067359527e-06,8.432861066206184e-06,5.9412028424578954e-05,0.00010420219419630207,6.285997440341116e-08
6,1.3852910101663159e-06,8.034792232711966e-05,6.570604904571558e-07,0.004182870985702143,7.207145101441164e-07,3.163248941881215e-05,0.00028726897046838943,0.00011212854798901663,1.894366014143479e-08,0.002105202571344698,7.930332358631903e-05,1.095299643768472e-05,0.0010552247717489744,8.465487201730694e-07,1.276934794668909e-10,2.9184671822221037e-06,3.607845290087018e-07,0.9617180042434806,3.244505016410033e-08,0.030147252520024773,1.6470309516202003e-06,9.658687280460846e-06,6.092484892935913e-05,0.00011057171885867759,6.798860554000927e-08
7,1.4365523813580098e-06,0.00010061627328757864,8.343409516464697e-07,0.004244477074669697,6.980007555601659e-07,2.7323891935145194e-05,0.00030622950758082913,0.00011769012809403426,2.383007372904486e-08,0.0020972984266015506,8.791724866006893e-05,1.1312625569181088e-05,0.001640122580693326,8.137182710603148e-07,1.0614697485669959e-10,2.345376545614667e-06,3.6931560135474995e-07,0.9532966702632132,3.00217966938966e-08,0.03787809850837682,1.2181868288512197e-06,8.808799347585491e-06,4.621507842181838e-05,0.0001293886092276956,6.153496879618202e-08
8,1.5349291571273731e-06,0.0001045544244810024,8.159890581813955e-07,0.005909565521147193,7.822913670656877e-07,2.9155975723715872e-05,0.00033276537299853316,0.00016082861125206672,2.266003908671865e-08,0.0029462439748963367,7.030010151784041e-05,1.0803894066503107e-05,0.0011289463392214088,9.822151770673095e-07,1.462578870670276e-10,3.734075287851677e-06,4.556911972146943e-07,0.9503702682830812,3.8217856403094263e-08,0.03869693291497559,2.1196276025846602e-06,1.0928502182321264e-05,7.663093645462529e-05,0.00014148768544699198,1.0161955422157342e-07
9,1.5188463602310196e-06,0.00010725827519930114,9.577725460340945e-07,0.005594875413036782,7.582421249542914e-07,2.4859488659956263e-05,0.00031787513467872083,0.00016040495572353653,2.5511776643857303e-08,0.0025599599933377585,7.653802168633483e-05,1.103108958362839e-05,0.0013934827600057993,8.743189453532562e-07,1.1870706858735726e-10,2.84726584616923e-06,4.40848099391324e-07,0.9478360948454637,3.487523317012576e-08,0.04169247981070715,1.6728135428889248e-06,9.263254213890059e-06,5.5394999774555765e-05,0.00015126299530149204,8.834944538454571e-08
10,1.3852910101663159e-06,8.034792232711966e-05,6.570604904571558e-07,0.004182870985702143,7.207145101441164e-07,3.163248941881215e-05,0.00028726897046838943,0.00011212854798901663,1.894366014143479e-08,0.002105202571344698,7.930332358631903e-05,1.095299643768472e-05,0.0010552247717489744,8.465487201730694e-07,1.276934794668909e-10,2.9184671822221037e-06,3.607845290087018e-07,0.9617180042434806,3.244505016410033e-08,0.030147252520024773,1.6470309516202003e-06,9.658687280460846e-06,6.092484892935913e-05,0.00011057171885867759,6.798860554000927e-08
11,1.412713958088859e-06,8.282712071596984e-05,6.744012117977519e-07,0.004161788306995395,7.245953203972901e-07,3.112950189478235e-05,0.00028889640832528083,0.00011195416958435419,1.9303271565145075e-08,0.0020764396024114274,8.039000606552885e-05,1.131304116160707e-05,0.001124125959837694,8.603287879377488e-07,1.2788159829947883e-10,2.849466575129669e-06,3.718936515562494e-07,0.9612104487465927,3.236312039207797e-08,0.03062929615979028,1.6006403771439503e-06,9.796449571909794e-06,6.025530994916158e-05,0.0001127257073348674,6.767561355447963e-08
12,3.2876677121987746e-06,0.00012616791620971628,2.970447283273767e-06,0.010503749983527252,1.1133974890742586e-06,4.462920087099393e-05,0.0008525623321104009,0.0006798141470029733,1.8315884102085552e-07,0.005864372134411408,0.00016824840840027523,1.4913346943157677e-05,0.0020066515592457087,7.855394056328196e-07,3.134164488643355e-10,7.161946640364477e-06,5.981134507697991e-07,0.8672116360324845,1.1701634550597045e-07,0.11214455062024795,3.0010768119978453e-06,9.917070061743941e-06,4.926669583277633e-05,0.0003040950501810596,2.0682507370730724e-07
13,1.3363020739335343e-06,8.082413010261377e-05,5.884388787552895e-07,0.0041215018738657,6.518653511509243e-07,3.131437874586577e-05,0.0002906030343960996,0.00010924901148701498,1.7506817045748564e-08,0.002263784059286424,7.165221535626751e-05,9.331682168688471e-06,0.0009526174857862862,7.56151470768994e-07,1.22659281804074e-10,3.0041043777555613e-06,3.3509009030415013e-07,0.9621769393981879,2.9994478387258187e-08,0.02969816236839756,1.6075798725958158e-06,9.27471335168134e-06,6.286630038352942e-05,0.00011348354245615646,6.864995829414183e-08
14,5.951766853707278e-06,4.343815218832363e-05,1.5910538844649882e-06,0.00486368663711367,7.823379454478929e-07,2.690585586904855e-05,0.0005495361643160666,0.0003080134260095474,3.588364978077044e-08,0.0008758858684482748,0.00012558646219181747,5.387392850011215e-05,0.0007196598251631137,1.6227667880905287e-06,5.473160614505681e-10,6.528288471426686e-06,1.3347160373333193e-06,0.9526269547603241,1.0488827723011619e-07,0.03946638184534276,4.075711747891864e-06,2.3917629432609852e-05,0.00015169233087238527,0.00014219294142214786,2.462118345733016e-07
15,1.3852910101663159e-06,8.034792232711966e-05,6.570604904571558e-07,0.004182870985702143,7.207145101441164e-07,3.163248941881215e-05,0.00028726897046838943,0.00011212854798901663,1.894366014143479e-08,0.002105202571344698,7.930332358631903e-05,1.095299643768472e-05,0.0010552247717489744,8.465487201730694e-07,1.276934794668909e-10,2.9184671822221037e-06,3.607845290087018e-07,0.9617180042434806,3.244505016410033e-08,0.030147252520024773,1.6470309516202003e-06,9.658687280460846e-06,6.092484892935913e-05,0.00011057171885867759,6.798860554000927e-08
16,1.5230236654286625e-06,8.248376923909567e-05,8.101383661310267e-07,0.003994170839328316,8.191966673149156e-07,3.6830705545736463e-05,0.00031338583431651107,0.00011418703209506907,2.3158687124081137e-08,0.0020008521978475847,8.996596364975518e-05,1.2203361562606642e-05,0.0012191766638260928,9.294952992215823e-07,1.4591705788295712e-10,3.137599502908438e-06,3.7281043489891107e-07,0.9585528457804312,3.4752515944397864e-08,0.03338325803491145,1.5204939150934018e-06,1.0509871283923053e-05,6.308083035322906e-05,0.0001178114987872985,6.68018508299047e-08
17,1.3459460035845648e-06,7.974977270314864e-05,6.279363317578221e-07,0.0041710323289982035,7.000557314030667e-07,2.988507751812739e-05,0.0002742323101725874,0.00010700442986331378,1.7496977264381224e-08,0.001991601028883625,7.703279020579265e-05,1.0939864492993912e-05,0.0010411052329519878,8.57447989780306e-07,1.205988981055681e-10,2.737937529787807e-06,3.581055253485153e-07,0.9630233889796396,3.097932997647123e-08,0.029008705403305936,1.6190378964823576e-06,9.470376787542546e-06,6.119070075065613e-05,0.00010629985214235355,6.678766993750006e-08
18,1.2959636552143387e-06,0.00010168871115784287,1.112403524959435e-06,0.006582896054855139,1.5075039235841138e-06,8.374070800227727e-05,0.000397222684392997,0.00015374973676619567,4.2237503387064644e-08,0.003437853268397489,0.0001456165926499715,1.1848252857709427e-05,0.0014501328070529867,1.4299917334325323e-06,1.9268550348092971e-10,5.9624092169092995e-06,2.7061507515630733e-07,0.93178885465747,5.865432490612266e-08,0.055640125798427954,2.2287053921675177e-06,9.70478727583975e-06,8.138152312507287e-05,0.000101203394262661,7.234627059099743e-08
19,1.3406405396729216e-06,9.245354303284767e-05,9.132881960193204e-07,0.004828162337748363,1.0334058204187175e-06,3.5278222765758825e-05,0.00027658570264562293,0.00013496275293599735,2.576996197466345e-08,0.0024516805847714,8.753150392188527e-05,1.341524530634848e-05,0.0014776311951573595,1.0204847801678903e-06,1.3428549050739518e-10,2.8807006923821535e-06,4.1867138424537477e-07,0.9553943022531554,3.6753496820088496e-08,0.03500918089205272,1.658577884400457e-06,1.090197462261668e-05,5.659705998253973e-05,0.0001219218217343703,6.648312558800713e-08
20,1.3878291453057137e-06,8.788214408591739e-05,7.015630190764991e-07,0.004519576371554379,8.172297768225702e-07,2.8479131697291818e-05,0.0002800369838538723,0.0001383970368774651,2.0118803329201624e-08,0.0023746086502082924,7.125150891100242e-05,1.2310148106972615e-05,0.0011570138751992617,9.301215671470208e-07,1.4095660764565628e-10,2.8757618150715384e-06,4.5828549776440137e-07,0.9599832789285184,3.6059546968396934e-08,0.031140756717467837,1.78395286532107e-06,1.2698992958455181e-05,6.290272430183207e-05,0.00012172213290719127,7.359035858695753e-08
21,1.3915204921583693e-06,8.21699224147237e-05,6.604680649552711e-07,0.004121126423430829,7.292790408935028e-07,3.049375241801708e-05,0.00027799597776896937,0.00011397856293394155,1.9597674778032773e-08,0.002099397788906544,7.612772283802725e-05,1.0184880204607132e-05,0.0009766682370308765,8.323591442395191e-07,1.3066579676141606e-10,2.727937641410122e-06,3.6894176544884415e-07,0.9642773045997542,3.2632107704286205e-08,0.02774180670807881,1.6568516545392347e-06,9.988265161490624e-06,5.974692798943896e-05,0.00011451849909915155,7.201371816787768e-08
22,1.3856301690584313e-06,6.96677276063453e-05,5.941451635736021e-07,0.003878896841631051,6.225625762955323e-07,2.9494936219237815e-05,0.00028100683008052644,9.736458819752348e-05,1.564762180221723e-08,0.0017114558652950996,8.413647094804206e-05,1.0547868745022691e-05,0.000865461911926312,7.805064133729368e-07,1.2242738113191097e-10,2.872345267659161e-06,3.452494087849075e-07,0.9649091321862792,2.9507095924592225e-08,0.02788141304225017,1.6899842935781629e-06,8.472446431577715e-06,6.15731979975354e-05,0.00010297442458771978,6.596136728760584e-08
23,1.3852910101663159e-06,8.034792232711966e-05,6.570604904571558e-07,0.004182870985702143,7.207145101441164e-07,3.163248941881215e-05,0.00028726897046838943,0.00011212854798901663,1.894366014143479e-08,0.002105202571344698,7.930332358631903e-05,1.095299643768472e-05,0.0010552247717489744,8.465487201730694e-07,1.276934794668909e-10,2.9184671822221037e-06,3.607845290087018e-07,0.9617180042434806,3.244505016410033e-08,0.030147252520024773,1.6470309516202003e-06,9.658687280460846e-06,6.092484892935913e-05,0.00011057171885867759,6.798860554000927e-08
24,1.1181667798240957e-06,8.639947478834813e-05,5.79500083141894e-07,0.004695468199412019,7.51007789880703e-07,3.0489175436018095e-05,0.00024532950784252186,0.0001039114579745774,1.640804251410087e-08,0.0021947548206018587,7.332472124627611e-05,1.0074259598151973e-05,0.001099256189501492,9.278132002958223e-07,1.0191084001907749e-10,2.544661006457526e-06,3.157714742778727e-07,0.9613601604539547,3.076696076169645e-08,0.029932648455275917,1.59018087792222e-06,8.939648731775654e-06,5.915798022594502e-05,9.214937828336371e-05,6.189900129467888e-08
25,1.4011533799156591e-06,6.6936615263039e-05,7.117478497184041e-07,0.004785721730651645,6.09281201577947e-07,1.969896044672095e-05,0.0002950129986796396,0.00014357536580078312,1.671580674038762e-08,0.0017054517745517133,8.082701743204045e-05,1.2549995346311995e-05,0.0010972125298350005,7.315801081802019e-07,9.270503894613408e-11,2.4223726328014487e-06,4.092356654000879e-07,0.9574825349949475,3.188012388272871e-08,0.034120692574155675,1.608366862201175e-06,7.699375106769765e-06,5.3079930531605374e-05,0.00012099920521339491,6.450570262963506e-08
26,1.5709606313045891e-06,7.023516123737833e-05,7.37526513014569e-07,0.0035903525051662255,5.872004200597068e-07,2.02049856866868e-05,0.0002644696008785557,0.00011775664783113025,1.7874756487918428e-08,0.0016460778382450456,7.074991095499474e-05,1.0902258538322895e-05,0.000997002180707716,5.860190141464034e-07,1.0800611196957034e-10,2.082056509242494e-06,4.4719506668134656e-07,0.9671773777110924,2.4825325005302893e-08,0.025820361102950287,1.3777748864844426e-06,8.295136981133575e-06,4.7454252886330525e-05,0.0001512607338728757,6.843184245195998e-08
27,1.646821177728877e-06,9.0921559312615e-05,7.584689641254095e-07,0.004194872161219725,7.143158619512908e-07,3.5513141305301204e-05,0.0003423142084211049,0.0001303380013508438,2.4715275875316153e-08,0.002422231108307294,8.095161214756749e-05,1.1260039824828506e-05,0.0010854300900097875,8.735187503862263e-07,1.7227097761516102e-10,3.580755219067234e-06,3.986778648659056e-07,0.9558421589231283,3.7839402657418125e-08,0.0355509221345928,1.7452591476801448e-06,1.2045086043307686e-05,6.565890256823257e-05,0.00012551624255158797,8.624528163761634e-08
28,1.3852910101663159e-06,8.034792232711966e-05,6.570604904571558e-07,0.004182870985702143,7.207145101441164e-07,3.163248941881215e-05,0.00028726897046838943,0.00011212854798901663,1.894366014143479e-08,0.002105202571344698,7.930332358631903e-05,1.095299643768472e-05,0.0010552247717489744,8.465487201730694e-07,1.276934794668909e-10,2.9184671822221037e-06,3.607845290087018e-07,0.9617180042434806,3.244505016410033e-08,0.030147252520024773,1.6470309516202003e-06,9.658687280460846e-06,6.092484892935913e-05,0.00011057171885867759,6.798860554000927e-08
29,1.3852910101663159e-06,8.034792232711966e-05,6.570604904571558e-07,0.004182870985702143,7.207145101441164e-07,3.163248941881215e-05,0.00028726897046838943,0.00011212854798901663,1.894366014143479e-08,0.002105202571344698,7.930332358631903e-05,1.095299643768472e-05,0.0010552247717489744,8.465487201730694e-07,1.276934794668909e-10,2.9184671822221037e-06,3.607845290087018e-07,0.9617180042434806,3.244505016410033e-08,0.030147252520024773,1.6470309516202003e-06,9.658687280460846e-06,6.092484892935913e-05,0.00011057171885867759,6.798860554000927e-08
30,1.3852910101663159e-06,8.034792232711966e-05,6.570604904571558e-07,0.004182870985702143,7.207145101441164e-07,3.163248941881215e-05,0.00028726897046838943,0.00011212854798901663,1.894366014143479e-08,0.002105202571344698,7.930332358631903e-05,1.095299643768472e-05,0.0010552247717489744,8.465487201730694e-07,1.276934794668909e-10,2.9184671822221037e-06,3.607845290087018e-07,0.9617180042434806,3.244505016410033e-08,0.030147252520024773,1.6470309516202003e-06,9.658687280460846e-06,6.092484892935913e-05,0.00011057171885867759,6.798860554000927e-08
31,1.381006235117504e-06,8.016467029271388e-05,7.311635865527116e-07,0.00425394998391477,6.911854266950113e-07,2.138095404778973e-05,0.00025301530918090976,0.0001288337495896074,1.775431057413118e-08,0.0018819576576990045,6.75061662920849e-05,1.109086978382854e-05,0.0011669566794178547,7.391180192426378e-07,9.249498217278515e-11,2.1245288298559556e-06,3.8928955384444397e-07,0.9619825687873964,2.8390815969353554e-08,0.02996048915621966,1.3605458917635666e-06,8.744245268870626e-06,4.720503185512636e-05,0.00012860997179301595,6.369208370562757e-08
32,1.4728989861749308e-06,8.152279449554197e-05,6.801402025206539e-07,0.004222210700895892,7.294060601793015e-07,3.228737586352888e-05,0.0003019145669303529,0.00011757580453160458,2.0030412614021413e-08,0.002151576031384958,8.055869715423935e-05,1.1322761833030633e-05,0.0010649229530587069,8.738716823353851e-07,1.372683111048467e-10,3.0956366973741015e-06,3.7637495862970315e-07,0.9607694607897065,3.508885082092732e-08,0.030972408356354737,1.7087671622753377e-06,1.0216812197482587e-05,6.233920629841695e-05,0.00011261906672441392,7.173028944912926e-08
33,2.2597608584025254e-06,8.411437300112956e-05,1.92549413644237e-06,0.010984210359728202,1.1723834281380128e-06,7.673927188823835e-05,0.0006582257082363912,0.0004065144014761959,1.3061203655133843e-07,0.006513454583681237,0.0001857589417968274,1.096834301141748e-05,0.0007174950735771609,7.131308410003232e-07,4.2404845759700073e-10,9.744414419805977e-06,4.331762537454981e-07,0.925870334538642,8.802016311993764e-08,0.05413136265624881,6.759940542389155e-06,5.724568680165091e-06,9.06795604943059e-05,0.00024088850526863493,3.017575411396986e-07
34,5.850183856518217e-07,5.291158120972951e-05,3.439893299600961e-07,0.004240925813998631,5.628998138475395e-07,2.105060100091534e-05,0.00016809309476381284,7.289475409222006e-05,5.878126664090799e-09,0.001572304423588633,5.891205835801835e-05,8.709660747323915e-06,0.0007022615312429708,6.291358105858668e-07,5.926706405478962e-11,2.0274152214332687e-06,2.82997745695626e-07,0.9672885693993079,1.498246571767165e-08,0.025651283592274435,1.4196393449894053e-06,6.6320973134825906e-06,7.252262657170328e-05,7.701784282296592e-05,3.8907195854250295e-08
35,6.565593474045777e-07,0.0002593261421678413,4.766868653365829e-06,0.01449564668591915,3.404738865688482e-05,0.0049069360789863545,0.0009197757755820125,5.5102191046340276e-05,8.120021135849625e-08,0.007959346585513082,0.0011384695864126168,5.5193125412394274e-05,0.009732361500347135,4.155436408528458e-05,2.49552025825929e-09,0.00016545111133496346,2.0812714909307093e-07,0.600787122727963,1.0915374301868979e-07,0.35773737829035535,4.400501906511114e-06,3.14623303762548e-05,0.001618375458455369,5.218035732468953e-05,4.539353043963745e-08
36,1.379040311744621e-06,8.018384828751463e-05,6.533223103927846e-07,0.004173891341401993,7.172448559005785e-07,3.166425253106616e-05,0.0002869144121752208,0.00011142237952002038,1.8842922570107665e-08,0.0021008548784847,7.929175095380674e-05,1.0878843729638388e-05,0.001049231595385277,8.437356780461578e-07,1.2722294261148146e-10,2.915998399360783e-06,3.580484231281203e-07,0.9617935467691945,3.227437238686918e-08,0.03009279090928499,1.6441164719619982e-06,9.606473856847567e-06,6.0935130762757086e-05,0.0001101568706532412,6.779281001337915e-08
37,1.3251202233026514e-06,8.18891034282162e-05,6.667826150807949e-07,0.004334910449390692,7.594953796079582e-07,3.3698484420567083e-05,0.0002910226998928464,0.0001159986261324251,1.979279720100945e-08,0.0023065329999755056,7.976405154291119e-05,1.1002422506231255e-05,0.0010745385933980563,8.581617895060742e-07,1.3482392314307467e-10,3.0899529311967316e-06,3.676910493052622e-07,0.9603420578889091,3.310323319405725e-08,0.031133247160489232,1.732605597774311e-06,1.0000367568930453e-05,6.381521866079865e-05,0.00011259975149771314,6.93417466212647e-08
38,1.6957535215771312e-06,7.481003044314206e-05,5.540211824909112e-07,0.0033526631752629006,6.132311327365686e-07,4.863997796528007e-05,0.0003849731983170319,8.772148790424155e-05,1.8859603069714895e-08,0.0019921593823516675,9.882241647572115e-05,1.0551944313313947e-05,0.0009025586437531461,8.653699897174725e-07,1.8715613665449523e-10,4.471209080724287e-06,3.07396489428007e-07,0.9619712865734045,3.4338048221483196e-08,0.030873067465511442,1.710886185632816e-06,1.034995426170023e-05,8.184769028616439e-05,0.00010020888478773387,6.792257222279657e-08
39,1.5398263111926817e-06,6.27687291377996e-05,8.199782659808319e-07,0.0052833881060048195,8.631641043489269e-07,3.298634187806573e-05,0.00032971029288266515,0.00016293173362043662,2.1400401029236297e-08,0.002175563611965352,9.64597447492076e-05,1.4429220537933098e-05,0.0009523616950932302,8.491279308530682e-07,1.47007829114316e-10,3.9996296519726825e-06,4.384127836941999e-07,0.9543545168419855,4.2728581023317534e-08,0.036321303679214816,2.373871972642331e-06,8.939246049526521e-06,6.998493239417215e-05,0.00012362904325819476,7.84942177940444e-08
40,1.1035789027191827e-06,7.28370366745257e-05,5.904931032457019e-07,0.004807844317641532,6.349468323208938e-07,2.8893622318372042e-05,0.00030669149666204265,0.00013485936929420058,1.7694481482342436e-08,0.002743104044690587,7.409686758513546e-05,9.322079928072609e-06,0.0010311508429934142,5.980660608757188e-07,1.0426495043090574e-10,3.127956392306546e-06,3.319149148998366e-07,0.9545266101690079,2.7828818682163684e-08,0.036058633032126884,1.6787559840229562e-06,7.64477925538011e-06,6.113014722262147e-05,0.00012900846791344,6.238693063525193e-08
41,8.210130898978237e-07,2.9777182088441808e-05,1.4185269681537626e-07,0.0019200792735562923,1.6197206595307558e-07,8.046432566345994e-06,0.00015583647746629026,4.05349550839227e-05,2.577393111727998e-09,0.0005725941321283267,4.2003899929873654e-05,8.292708679585262e-06,0.0004865715671408948,3.173042490938912e-07,3.146961068366948e-11,8.447044783662614e-07,2.251824212075128e-07,0.983989170927521,9.567450264340386e-09,0.012643168447155387,7.480590432974191e-07,4.912081438869971e-06,4.162187404953515e-05,5.40911864806458e-05,2.6590356994876784e-08
42,1.000146155273788e-06,8.158686978549101e-05,4.774604271486388e-07,0.0031093891675827894,6.846051827679567e-07,3.195146947991779e-05,0.0001639717234293836,5.280558165080718e-05,1.4508412278673172e-08,0.0014509484713122857,7.601516721353788e-05,8.083291782870155e-06,0.0010814404643047868,7.037711248573156e-07,7.425942206764348e-11,1.2910832479135228e-06,2.196542841047691e-07,0.9774392406041486,1.6492054891083224e-08,0.016367909815583375,1.0027211735881259e-06,5.354070106767538e-06,4.16204934857595e-05,8.422787394709237e-05,4.441986451094701e-08
43,1.446849800665613e-06,8.038841232027172e-05,6.812425251364731e-07,0.004048135792159058,6.775015357298693e-07,2.9370039746110095e-05,0.00028766102037924656,0.00010766325327387621,1.8843503255613977e-08,0.0018445044820658552,8.099608560275757e-05,1.1299075496125908e-05,0.001113613381491199,8.582291045945166e-07,1.1949453505666855e-10,2.6608209290567775e-06,3.5517631105787495e-07,0.9614720118768011,3.147706743232897e-08,0.03074088597777833,1.4854112724103062e-06,9.296818601055387e-06,5.790774129713981e-05,0.00010798405417430396,6.631726966455143e-08
44,1.3852910101663159e-06,8.034792232711966e-05,6.570604904571558e-07,0.004182870985702143,7.207145101441164e-07,3.163248941881215e-05,0.00028726897046838943,0.00011212854798901663,1.894366014143479e-08,0.002105202571344698,7.930332358631903e-05,1.095299643768472e-05,0.0010552247717489744,8.465487201730694e-07,1.276934794668909e-10,2.9184671822221037e-06,3.607845290087018e-07,0.9617180042434806,3.244505016410033e-08,0.030147252520024773,1.6470309516202003e-06,9.658687280460846e-06,6.092484892935913e-05,0.00011057171885867759,6.798860554000927e-08
45,9.036873180885939e-07,6.202638856869647e-05,2.6559460082323963e-07,0.003477689952443906,3.8344614728438836e-07,2.0826309491355666e-05,0.000159874348148253,5.320764652118793e-05,7.074260234938691e-09,0.001409214203970603,5.148486056375538e-05,6.074334675707145e-06,0.0004555294088821309,5.972556109242317e-07,6.997035781172634e-11,1.649261391401262e-06,2.1889198213746586e-07,0.979056618834711,1.810327065863379e-08,0.015121087036672037,1.5794975525608329e-06,5.767582639273057e-06,5.341651105021619e-05,6.149498031433656e-05,6.471924310768402e-08
46,1.6607833923454196e-06,7.220808923923817e-05,7.625459021174511e-07,0.004345147608616996,6.36343421951034e-07,1.581672778364581e-05,0.00024546887351079044,0.00014271275818056388,1.5629098377587944e-08,0.0016380689750859487,6.605981816749638e-05,1.56037544106215e-05,0.001146481359723974,6.870158802252667e-07,1.1390223705076428e-10,2.081419237600938e-06,6.874195696223125e-07,0.9638204468238688,2.9036439095648963e-08,0.028268630532837558,1.7049641761580348e-06,1.0332501934253913e-05,5.223709838438958e-05,0.00015244029898600492,7.950824986208117e-08
47,1.874894867585286e-06,7.063356242738736e-05,5.320116252997809e-07,0.0030204230814335625,4.521283190662674e-07,2.4852905492254106e-05,0.0003092209658297014,9.364975880703835e-05,1.4111385882981595e-08,0.0015306485560253615,6.92697808907777e-05,1.2094936208575421e-05,0.0009461195503285155,6.912689721543093e-07,1.2899275507967482e-10,2.8723740002630257e-06,3.84272434029755e-07,0.9640580956534109,2.879231763131044e-08,0.02968491215941166,1.322183233705434e-06,1.1303913402184802e-05,5.5609738832573005e-05,0.00010492563986408884,6.763148714395613e-08
48,1.2234123389106592e-06,6.938637580438028e-05,7.214821323752467e-07,0.004113579646366736,7.641354639475888e-07,4.200028356234391e-05,0.0002740635429992329,9.204560435214758e-05,2.041061914949175e-08,0.001861448940494003,0.00010022078281502842,1.0480424239629713e-05,0.0009357752232421456,8.355621776492674e-07,1.2204271582695582e-10,3.128517625330358e-06,2.611033780172196e-07,0.9606140327905488,2.8468196889043816e-08,0.0317175367939421,1.6410525639725522e-06,7.3276709429401125e-06,5.930382838341354e-05,9.41117028101921e-05,6.212295803402088e-08
49,1.3250590545935886e-06,7.399152254503479e-05,7.03567162848934e-07,0.0040082515836521474,7.585740873743506e-07,3.436520889055571e-05,0.0002793756501261724,0.00010429106741059763,1.8664485400112192e-08,0.0018564616085192025,8.716295862118284e-05,1.2927526462818737e-05,0.0011296469231345855,9.198983388358011e-07,1.2803285810496302e-10,2.957140045850757e-06,3.5232968491512063e-07,0.9594473466101915,3.15950067822296e-08,0.0327873623489408,1.5523724012139104e-06,1.0127982720877764e-05,6.152975961476267e-05,9.847823033386705e-05,6.169053526652364e-08
50,1.6185191777103937e-06,0.000115387337049638,7.715035007876943e-07,0.004700079549229873,8.290367946980774e-07,3.923916836562728e-05,0.0004007643622007687,0.0001513103397833757,2.738689770864054e-08,0.003474870563206136,7.473763202985582e-05,9.832010911903015e-06,0.0013384084414839877,1.0528200600689619e-06,1.582913317442646e-10,4.224856208349504e-06,3.6741416726140253e-07,0.949652018833286,4.6212817963647966e-08,0.039822987406473234,1.6868662790689145e-06,1.4185260340300974e-05,6.637740344001901e-05,0.0001290984318817527,7.848612221136147e-08
51,1.956661935335713e-06,9.442074443083662e-05,1.081405340147234e-06,0.004352310725168976,1.0082094480350448e-06,5.599149553538386e-05,0.0004257427468868103,0.0001430970726959718,3.39254455801517e-08,0.002728259503539849,0.00011493475215951633,1.5277029699528416e-05,0.0014135805964440391,1.0254346728445706e-06,2.560993891864366e-10,5.678496725886103e-06,4.6428831711669273e-07,0.9425981278145359,4.5671815706831105e-08,0.04780033582850938,1.997088201436197e-06,1.3339114246912151e-05,8.050904718352461e-05,0.00015069380850375337,8.828245838058611e-08
52,1.0273851355305772e-05,0.0003857398754163427,2.9431610055773063e-05,0.1181291236817063,3.199669365677214e-05,2.22584605749715e-05,0.0009118046729876755,0.0258033255611581,1.2481537776797572e-06,0.02909370499695405,0.00018458379159683975,0.00018808224264067337,0.0067910656565617665,6.749319718863798e-06,2.0164041599360785e-09,1.9904561924251824e-05,2.3184232394844173e-05,0.6477685050273064,3.49824507401924e-06,0.16874553863788527,3.633216201406456e-05,8.144230900655304e-05,0.00013266954163738344,0.0015970840316331609,2.4506665587178745e-06
53,1.3780676107005073e-06,8.031996535001668e-05,6.581705857383985e-07,0.004204169879456677,7.314009479290218e-07,3.1435764976772086e-05,0.00028274684412312264,0.00011256961730264459,1.890287257957411e-08,0.002106241068753621,7.881443991667242e-05,1.1010596608173727e-05,0.0010578361310878842,8.497705405649913e-07,1.2642576923649086e-10,2.8767889210300697e-06,3.625634582611129e-07,0.9620295882200625,3.2493877380592355e-08,0.029816334806874074,1.6513432893653676e-06,9.647663209050763e-06,6.031886862292054e-05,0.00011033874767998322,6.775744671219014e-08
54,1.8977360543179573e-06,0.00010935190153337011,6.639533456196085e-07,0.003922499495048083,6.151683044126177e-07,4.2797106292008924e-05,0.0004000286242698461,0.000108205645476852,2.4021595772716085e-08,0.0026059451025591675,8.077436625473182e-05,1.082316578041572e-05,0.001165954329704338,1.0126047021815475e-06,2.0222883431801853e-10,4.4303212417757255e-06,3.600376003608084e-07,0.9535023924876443,3.844856607774719e-08,0.037836275378559936,1.7094227715582407e-06,1.333772949313434e-05,7.693989550183782e-05,0.0001138294605327177,9.339493845204306e-08
55,1.3107883900212201e-06,0.00010058191752277921,6.718914166075695e-07,0.005867491584848406,1.2151591346046674e-06,5.56539575259839e-05,0.0003448141635249613,0.000136727038920833,2.0056284694363192e-08,0.0035276163887885113,8.564595385466802e-05,1.0109408109584351e-05,0.0008566095397145103,1.4347176858076814e-06,2.2059974261746082e-10,6.279393819165802e-06,4.05617479402483e-07,0.9553394624718753,5.053831749465597e-08,0.03341058126704673,3.0656366192001012e-06,1.4233828370912901e-05,0.00012341708068780755,0.0001125099311029608,9.14483592908644e-08
56,1.415682253769906e-06,8.421208238798936e-05,6.872355082770153e-07,0.004231920390218513,7.399705145454372e-07,3.1489309870549904e-05,0.00029134065539417796,0.00011390200671055908,1.978566354406585e-08,0.002106054926346032,8.124679817036735e-05,1.1412889352842962e-05,0.001147056047407292,8.799091711118189e-07,1.2981555613031715e-10,2.88161471899591e-06,3.762126997851804e-07,0.9604879328331508,3.330066977371851e-08,0.031221393454423315,1.6152481759940874e-06,9.93408233082028e-06,6.056848430803546e-05,0.00011281862879575969,6.832194167506302e-08
57,1.5883328671387275e-06,9.047533432555005e-05,1.0665632604842775e-06,0.005107645436608525,1.138262696050947e-06,3.489955469072848e-05,0.0003093553754064484,0.0001752428783168586,2.9710633204593545e-08,0.002718683002244562,9.041117318296403e-05,1.7701843706185112e-05,0.0016513235553978533,1.060908384456003e-06,1.59125324207711e-10,3.4539520058386496e-06,5.373420241580424e-07,0.9484449088203519,4.693337923410653e-08,0.04114434288500988,1.912530329360789e-06,1.3593731182526594e-05,5.5600577645722606e-05,0.00013490626085112137,7.487637374795687e-08
58,1.4002397246876557e-06,7.896242411166324e-05,6.652313981561764e-07,0.004092586856790985,7.110605389630722e-07,2.8959896947177672e-05,0.0002824158943199761,0.00011406782715310696,1.8493269474707408e-08,0.002035787781076863,7.763102203633528e-05,1.1048925343768398e-05,0.0010554446185451424,8.067704063505173e-07,1.2505443398928551e-10,2.7419176540930985e-06,3.8590376274533094e-07,0.9632163128834611,3.1207296938732216e-08,0.028810702648164287,1.621431439129812e-06,9.59440707991005e-06,5.963452097036919e-05,0.00011840032321541871,6.759023908353642e-08
59,1.4832817887454975e-06,7.753013194026359e-05,7.174688647603575e-07,0.004084940178145947,6.916528319558756e-07,2.8014788291903612e-05,0.0002965057259507775,0.0001215011251132689,1.9304808657824896e-08,0.0020108135282301673,7.897649014290461e-05,1.1179088802447154e-05,0.0010476520471278037,7.6155383209234e-07,1.2768701005102928e-10,2.862758662146446e-06,3.96926430425574e-07,0.9612829206860586,3.10567746321301e-08,0.030754211705639578,1.6187221939725653e-06,9.408821308763497e-06,5.862948430404153e-05,0.00012906310191733423,7.024315165850051e-08
60,1.3852910101663159e-06,8.034792232711966e-05,6.570604904571558e-07,0.004182870985702143,7.207145101441164e-07,3.163248941881215e-05,0.00028726897046838943,0.00011212854798901663,1.894366014143479e-08,0.002105202571344698,7.930332358631903e-05,1.095299643768472e-05,0.0010552247717489744,8.465487201730694e-07,1.276934794668909e-10,2.9184671822221037e-06,3.607845290087018e-07,0.9617180042434806,3.244505016410033e-08,0.030147252520024773,1.6470309516202003e-06,9.658687280460846e-06,6.092484892935913e-05,0.00011057171885867759,6.798860554000927e-08
61,1.463330242021086e-06,7.886791333993449e-05,7.460286878657178e-07,0.004134352753444997,7.308551785388409e-07,2.9624011579694356e-05,0.00029534364032194124,0.00012049868531271997,2.0260438024515937e-08,0.002021654420614399,8.249495163186611e-05,1.15812378477023e-05,0.001096606053407808,8.069634442480017e-07,1.2953106025719654e-10,2.883145458125135e-06,3.9200716515268427e-07,0.9603940335254247,3.221820855224807e-08,0.03153443368605175,1.619734259266019e-06,9.591798340061707e-06,5.795169671266596e-05,0.00012420162309774652,6.933025929034927e-08
62,1.3852910101663159e-06,8.034792232711966e-05,6.570604904571558e-07,0.004182870985702143,7.207145101441164e-07,3.163248941881215e-05,0.00028726897046838943,0.00011212854798901663,1.894366014143479e-08,0.002105202571344698,7.930332358631903e-05,1.095299643768472e-05,0.0010552247717489744,8.465487201730694e-07,1.276934794668909e-10,2.9184671822221037e-06,3.607845290087018e-07,0.9617180042434806,3.244505016410033e-08,0.030147252520024773,1.6470309516202003e-06,9.658687280460846e-06,6.092484892935913e-05,0.00011057171885867759,6.798860554000927e-08
63,1.4032617539118928e-06,8.37133606846844e-05,6.505009582241339e-07,0.004120958297463129,7.03129084863577e-07,3.142983466674765e-05,0.000289317047198157,0.00010968734339801843,1.9120759199287204e-08,0.0021166176499883547,7.873507792253972e-05,1.0645758799133077e-05,0.0010710518049294813,8.427487900304458e-07,1.2953076012745772e-10,2.881267965012648e-06,3.607943479621799e-07,0.9618336777072432,3.2188653035078106e-08,0.030063329286700094,1.6177515538211852e-06,9.7188010268217e-06,6.0472447598322074e-05,0.00011206555682822054,6.913215634902921e-08
64,1.3580856152507065e-06,7.378173510610005e-05,6.117573369820728e-07,0.00422359254534756,7.061910166224248e-07,2.989661816893906e-05,0.0002727279928212855,0.0001109399347718401,1.7571460742522184e-08,0.0020207473087811203,7.914577302225382e-05,1.0899146331279359e-05,0.0009232874590529951,8.0923006319944e-07,1.2772976902862254e-10,2.8303275498135435e-06,3.6895114622745503e-07,0.9652973912613871,3.222244393327058e-08,0.026769450373533968,1.855239132526315e-06,8.976117996408158e-06,6.145850117611856e-05,0.00010904483730819318,7.069169977285867e-08
65,3.809062466565725e-06,0.00021665277690919964,1.998829657574036e-06,0.006893096668412679,8.184449688514257e-07,2.1586856998668146e-05,0.0007698621328148717,0.00044366957588950335,9.561494696735035e-08,0.004448828983633963,8.895837217326593e-05,1.1577095517195332e-05,0.002842011055590509,9.679935172370178e-07,2.4476436434622777e-10,3.6975489138670967e-06,8.320734283550078e-07,0.9172640180363504,8.052732292389112e-08,0.06653335000327171,1.6137943219132616e-06,1.6605509039392087e-05,5.081266625549676e-05,0.00038488927079026805,1.668620441685509e-07
66,1.3962311560741548e-06,8.118029301556685e-05,6.71163401762198e-07,0.0042347033008372685,7.299669094439997e-07,3.2067531145439286e-05,0.00029245047544451067,0.00011467745472428443,1.9443397112729532e-08,0.002147009548422999,8.017392674676618e-05,1.1105175059843889e-05,0.0010805366947496565,8.548104716744676e-07,1.2906643279208805e-10,2.983917463900097e-06,3.6291564744686383e-07,0.9606418039419264,3.312999868862896e-08,0.031093312536845677,1.6513882118055612e-06,9.780264795471157e-06,6.100020517585222e-05,0.0001114272406771297,6.831470854088633e-08
67,1.5339962749305272e-06,0.00010453085813923791,7.088418612651089e-07,0.004977372001734576,1.031458289531908e-06,2.0991489555798904e-05,0.00021934584908988198,0.00020094499468570573,2.9050465521267068e-08,0.003461534011232436,5.751793403396679e-05,8.686892701261858e-06,0.0011273492826160084,6.572542935613967e-07,1.060996114034691e-10,1.6801649808605508e-06,4.950316681886138e-07,0.9714602268274083,3.975490880356234e-08,0.018134024947676144,1.8018357481083331e-06,1.043982115871261e-05,3.35625709667047e-05,0.0001754187622305485,7.626218049738337e-08
68,3.4743768923505016e-06,0.0003446722728352697,4.739992462595696e-06,0.015653798019799593,7.544683766120007e-06,9.529601038808102e-05,0.000777664581177971,0.0008960660919974598,2.5507137112388653e-07,0.013208858901124838,0.00014119769539477654,2.634880846389237e-05,0.005844229208663746,5.180742990216915e-06,5.220130409241011e-10,1.066872088071141e-05,1.0343924727666292e-06,0.8821649086534115,3.4342767130325216e-07,0.08038032130809103,4.1041482829744435e-06,3.793806798253844e-05,8.628406942625229e-05,0.000304902162429024,1.68070010627915e-07
69,1.361911784139495e-06,8.577505319709874e-05,5.175816901730486e-07,0.003574868841137814,1.346760860819476e-06,6.01197668297265e-05,0.00021062893338051486,8.300906077335628e-05,2.3431076225601244e-08,0.001901657557378097,0.00010352643528663655,1.2476068432066637e-05,0.0010385784148044747,1.369471901191156e-06,1.9159688111148073e-10,2.365625500817961e-06,3.3407437218236747e-07,0.9770597076013962,4.153488230560053e-08,0.015703049665702302,1.8224574056795185e-06,1.3218498785337443e-05,6.94752023724777e-05,7.467066498599222e-05,5.519446749450634e-08
70,1.3552130210220776e-06,7.249673690663534e-05,5.686161465752826e-07,0.004267722892680176,6.6751366802323e-07,2.625696181777421e-05,0.0002931556241165627,0.0001410829834094231,1.8505496832243717e-08,0.0025575622641629413,6.9372592257535e-05,9.229662668059626e-06,0.0009090216044153512,5.973874586315087e-07,1.2171410240102524e-10,2.796089556789143e-06,3.929296762495047e-07,0.965310563158266,3.180354918238418e-08,0.02612744129126322,1.807706088336511e-06,8.636249411179677e-06,5.686082119168472e-05,0.00014229330334031038,6.796771719614145e-08
71,1.3806198092706846e-06,0.00014842157592307505,8.499303082982883e-07,0.00485162281413593,2.332004080212882e-06,9.150932498534081e-05,0.00021481220432769272,0.00012552406200933632,4.891639449646043e-08,0.005141479226129076,9.190918249673389e-05,1.0518130651605195e-05,0.001120693822337432,1.434762860685456e-06,2.934025938319417e-10,3.602142874946349e-06,4.044602443267215e-07,0.9698985609983184,5.598019046616025e-08,0.018084295139976364,2.729559083532699e-06,1.6908511777426313e-05,6.84341007138512e-05,0.00012236550648463002,1.0673048433214515e-07
