,0,1,2,3,4,5,6,7,8,9,10,11,12,13,14,15,16,17,18,19,20,21,22,23,24
0,0.00017851741280373618,1.0917678499505951e-07,3.471880571827429e-06,0.0006065271596829791,2.2341052503784122e-05,6.97061887767728e-05,1.5488427115206747e-06,8.256854257651184e-05,8.049203034815267e-06,0.0002974914143068524,8.205155315531422e-08,2.204837033058188e-07,0.00033114762477521025,0.0010703244963666193,8.694584714413227e-10,0.0006676631532590748,0.0016613364039455916,0.9911252525009154,1.749929992526458e-08,0.0038261866886396792,8.007608627057852e-06,1.0699215811884288e-07,3.4031799424680104e-07,3.6740204323605903e-06,3.530841511806788e-05
1,0.0002301405342262346,1.5286447149823158e-07,4.899939497861973e-06,0.0006209810068881983,6.794179463553922e-05,0.0001386796972527471,2.301845682474233e-06,0.0001571702252222203,2.6742655900902777e-05,0.000242656144062048,1.5853645814351756e-07,4.440068079945409e-07,0.0014418174442676103,0.0010621422305841241,3.297007790978366e-09,0.0026997086594208563,0.00496417049349472,0.9777241522566569,5.256352007657201e-08,0.010541679121532066,1.712778048712119e-05,2.623502420806672e-07,4.086114144809801e-07,7.326515681153904e-06,4.887942458499845e-05
2,0.00023052133438419657,1.567023062043688e-07,3.971187852177235e-06,0.000567240471988701,7.81277192415241e-05,0.00011744873461535142,2.155181109372169e-06,0.00015150673682563329,2.257164656826525e-05,0.0002223027233943221,1.6013727639785246e-07,4.1497692743947976e-07,0.0014078056644990773,0.0012586000230537194,3.1153469753891267e-09,0.00217337092535526,0.005704207561128209,0.9758754676446435,4.57684552143187e-08,0.012109162741089653,1.476270764638727e-05,2.455959053455233e-07,4.399202830861823e-07,6.261212906517015e-06,5.30495671974679e-05
3,0.00021104178814225624,1.4529146917709136e-07,4.146882422540298e-06,0.0006360672848815855,6.288040149217678e-05,0.00012506613709324077,2.0046572826421847e-06,0.0001490075246734791,2.2143446026307686e-05,0.00022324786248092832,1.6348168697022585e-07,4.0497590700045824e-07,0.001268305167486871,0.0011544510844089288,2.6253012198761157e-09,0.0021277723107620246,0.005293010608639027,0.9783516416037102,4.689735017545036e-08,0.010300051532050377,1.6059545730375163e-05,2.506327707943366e-07,4.375197339216628e-07,6.9861500146331015e-06,4.466458848288749e-05
4,0.00021683791478668298,1.4351904777639568e-07,4.172789881056198e-06,0.0006295788974118658,6.385261887377419e-05,0.00012406637097868182,2.0077653837232276e-06,0.00014350272668471286,2.3007768541603525e-05,0.0002097554600541998,1.6438916870261582e-07,4.3914752970079376e-07,0.0014519003150821237,0.0011625956758857835,2.648809508000847e-09,0.0020964858013446234,0.005547904311022063,0.9778650042704449,4.7505120821265496e-08,0.010388034337984728,1.646765580804379e-05,2.547334235536784e-07,4.3175935169010164e-07,7.159318040528889e-06,4.6182299339227694e-05
5,0.00019409134130814475,1.317762148409841e-07,3.648374414487448e-06,0.0006467226953861208,5.292460798261875e-05,0.00011139434679430341,1.7232824689644065e-06,0.00012392972065986446,1.9769061313857417e-05,0.00020662620955195685,1.4438307280425633e-07,3.709801381943519e-07,0.001138141275570233,0.0010790475792282048,2.19503701191135e-09,0.0018328996668385837,0.0048548609104030515,0.9802904483894589,3.862381647455148e-08,0.009379780686858446,1.4606730507504573e-05,2.279865713173069e-07,4.0423430406091666e-07,6.566529921040674e-06,4.14984121790526e-05
6,0.00021104178814225624,1.4529146917709136e-07,4.146882422540298e-06,0.0006360672848815855,6.288040149217678e-05,0.00012506613709324077,2.0046572826421847e-06,0.0001490075246734791,2.2143446026307686e-05,0.00022324786248092832,1.6348168697022585e-07,4.0497590700045824e-07,0.001268305167486871,0.0011544510844089288,2.6253012198761157e-09,0.0021277723107620246,0.005293010608639027,0.9783516416037102,4.689735017545036e-08,0.010300051532050377,1.6059545730375163e-05,2.506327707943366e-07,4.375197339216628e-07,6.9861500146331015e-06,4.466458848288749e-05
7,0.00030681164603979494,1.2936105816604306e-07,6.2081282128884674e-06,0.0005264595611071429,7.168421193906787e-05,0.0001304907009575075,2.5429204495218115e-06,0.00015342004175428092,2.1616099572738083e-05,0.00020285358664909683,1.728749763194187e-07,4.3234283041018144e-07,0.0017250371873489352,0.0010147196978978568,2.4066412507988235e-09,0.0018703784637251115,0.004415912214944538,0.9804969626646552,4.922002743192543e-08,0.008983796614766268,1.3183027638303297e-05,1.6854360924403738e-07,3.952512254852275e-07,7.958380061602496e-06,4.861485191153126e-05
8,0.0002506559348372093,2.007356667991261e-07,5.645245878301949e-06,0.000953885797836753,7.025881975173531e-05,0.00015257592004686685,2.4649396464064965e-06,0.00017129577465720505,2.0276629620083497e-05,0.0003209847182678323,1.9209834895872326e-07,4.3672603786624963e-07,0.001241002598296067,0.0016205171321339031,2.229845677330234e-09,0.002015450218247644,0.004768186685149185,0.9757431145543706,4.61811645521297e-08,0.01258632598086845,1.5460760756596107e-05,1.93967976144381e-07,6.928282099697647e-07,8.644573076479358e-06,5.148894930882219e-05
9,0.00020272351333793377,1.871910839428528e-07,5.346104231472907e-06,0.0010361400350409789,5.82254911027005e-05,0.00014580568149854994,2.3326263843177097e-06,0.000152398084922489,2.14305250041017e-05,0.00034074488304210247,1.6448107577821354e-07,4.547377097365668e-07,0.001203842033704612,0.0014049703033430483,2.3030948306790913e-09,0.0022299598906837773,0.004670518740169035,0.9758616105388552,4.198418930938461e-08,0.01258489953478957,1.920885772074239e-05,2.2576207719306882e-07,6.358398822123225e-07,8.393877613913385e-06,4.973697944242007e-05
10,0.00021104178814225624,1.4529146917709136e-07,4.146882422540298e-06,0.0006360672848815855,6.288040149217678e-05,0.00012506613709324077,2.0046572826421847e-06,0.0001490075246734791,2.2143446026307686e-05,0.00022324786248092832,1.6348168697022585e-07,4.0497590700045824e-07,0.001268305167486871,0.0011544510844089288,2.6253012198761157e-09,0.0021277723107620246,0.005293010608639027,0.9783516416037102,4.689735017545036e-08,0.010300051532050377,1.6059545730375163e-05,2.506327707943366e-07,4.375197339216628e-07,6.9861500146331015e-06,4.466458848288749e-05
11,0.00021438197858617537,1.4378805576350987e-07,4.186657715301445e-06,0.0006352703957106185,6.457626704178506e-05,0.0001239701271728684,2.0416138099633616e-06,0.00014608032117373367,2.2647996510473008e-05,0.00021608698013625324,1.6531392335805518e-07,4.3064804610916297e-07,0.0014179522037041275,0.0011537682502011895,2.6446784001079573e-09,0.002124012368389251,0.005508759174766221,0.9777179947816508,4.721795696264255e-08,0.01057731975585031,1.64372281903597e-05,2.53138535888037e-07,4.4077373905176717e-07,7.209919292004021e-06,4.582045516328894e-05
12,0.0004646909939218992,2.99928873846107e-07,8.445866082941592e-05,0.0035496196616833543,0.000156615207111589,0.0005779433215923019,2.8999581081542033e-05,0.0031063371195434,0.0001608956485830447,0.0004895359659621542,3.0299931418380504e-06,5.192403794746112e-06,0.0037776961674974513,0.0010819277489299772,3.723970559650012e-08,0.025747497577725077,0.0033180551494705664,0.9375787577986386,5.712049511040495e-07,0.01963521781359936,7.375655128663145e-05,1.1933942199447318e-06,2.1898665513767576e-06,0.0001017778601557109,5.37031411496832e-05
13,0.00021854283261171206,1.4395952247342875e-07,3.967247600574603e-06,0.0005781785208410222,6.064333748204158e-05,0.00012680829268252813,1.8643149911932302e-06,0.00012071369008281066,2.1878490310387458e-05,0.00023672963677987913,1.2543334916917895e-07,3.244012790839574e-07,0.001153064740612208,0.0009612350874557,2.4982842719576796e-09,0.002166927123893828,0.004812833902535398,0.9800125493576914,4.239734304605028e-08,0.00945672995406687,1.4607610878455182e-05,2.1338237823014906e-07,3.609543214343068e-07,6.314648738059985e-06,4.519818426804782e-05
14,0.0002060468162104865,1.3239126948985208e-07,4.500253718183177e-06,0.0006523746630881276,5.82337248084295e-05,0.00012602726302925795,1.9010277029191894e-06,0.00014947423866638833,2.2969824747942304e-05,0.00020772790249504294,1.5732956717068112e-07,4.120675968146149e-07,0.001322473282282754,0.0010734964321659896,2.630547719303224e-09,0.0021550040270219215,0.005218746562208333,0.9785682165402352,4.4323406147438336e-08,0.01016375312328379,1.6755983132858233e-05,2.4595568609418507e-07,4.1278584139203806e-07,6.878030052521639e-06,4.40128212349948e-05
15,0.00021104178814225624,1.4529146917709136e-07,4.146882422540298e-06,0.0006360672848815855,6.288040149217678e-05,0.00012506613709324077,2.0046572826421847e-06,0.0001490075246734791,2.2143446026307686e-05,0.00022324786248092832,1.6348168697022585e-07,4.0497590700045824e-07,0.001268305167486871,0.0011544510844089288,2.6253012198761157e-09,0.0021277723107620246,0.005293010608639027,0.9783516416037102,4.689735017545036e-08,0.010300051532050377,1.6059545730375163e-05,2.506327707943366e-07,4.375197339216628e-07,6.9861500146331015e-06,4.466458848288749e-05
16,0.00022871208023120466,1.4181880959070977e-07,4.7590644558716395e-06,0.0006489766248615618,6.468538272205917e-05,0.0001355471970206678,2.0336899325123575e-06,0.0001507919509550499,2.3107165201488134e-05,0.0002120795892822391,1.7769090734884714e-07,3.8965869685142184e-07,0.0012994293926317604,0.0011000792336023346,2.529454225796227e-09,0.002100582273476724,0.005064724590627926,0.9789977499287904,4.7480218035778184e-08,0.00989965136877769,1.474707785790243e-05,2.2534036465685227e-07,4.3966236439339414e-07,7.646986355824008e-06,4.327222240156429e-05
17,0.0002003583095341669,1.4189604552974676e-07,3.805296021485826e-06,0.0006372563335751396,6.314360267793597e-05,0.00011945505876761785,1.9079034308190134e-06,0.00014908279978343434,2.102242647386142e-05,0.0002187204582195483,1.630407789318992e-07,4.1062511823028453e-07,0.0013337914609865562,0.0012223407323768277,2.528539872467024e-09,0.0020887101150790376,0.005781325806391474,0.9770440898935667,4.549939269795655e-08,0.011045955957642817,1.6240956579471762e-05,2.5991173859790024e-07,4.5535212649893406e-07,6.798395739535871e-06,4.4515639413487466e-05
18,0.0003428804286474022,3.14412059685797e-07,1.5988591463613275e-05,0.0018280678595791828,0.00010845622998941977,0.00038698652318210086,5.008646365885185e-06,0.0004776644247207223,6.334772289593909e-05,0.00037134643900834817,6.417015183240491e-07,9.393092897825124e-07,0.0019067321886447046,0.0015040618267782855,6.85556877440213e-09,0.006681946686188161,0.0050169792846957,0.9653717702599228,1.5947144989779047e-07,0.01580977427723507,2.970126336672845e-05,4.517504274292608e-07,1.1613145755951809e-06,2.983178925063856e-05,4.578074317563476e-05
19,0.00021763214752078543,1.6009480707338383e-07,4.751569174731108e-06,0.0007265082285059573,6.80574032527763e-05,0.00012582856765161265,2.438639443199748e-06,0.0001566607177413678,2.5560411041092953e-05,0.0002344934680211026,1.6762620342557748e-07,5.024914217122628e-07,0.0014729122607906192,0.0011907455842818996,2.992003169129945e-09,0.0023656394800695047,0.005489993740707253,0.9768883007620623,4.73957191974586e-08,0.010953021821197161,1.8643134518495468e-05,2.7776808030264355e-07,4.575568783375011e-07,7.3073524157055145e-06,4.9888786491077926e-05
20,0.00018736962946222776,1.3636862430304344e-07,4.220825967634189e-06,0.0006624800405696603,5.679522332462348e-05,0.0001159213180302144,2.083164017496449e-06,0.00019967915169677333,2.2187325250779864e-05,0.0002172892966217231,1.8719366720376702e-07,4.654297233891224e-07,0.0011793548680429985,0.001144210693313614,3.400407484258741e-09,0.002334650927975537,0.00557460913071909,0.9777385421043662,5.2241941080730885e-08,0.0104921013086747,1.759897978792259e-05,3.4463469186045345e-07,4.4725405594515015e-07,6.674266403026468e-06,4.259522266450786e-05
21,0.00020899715131973234,1.388405248691231e-07,4.124207119287711e-06,0.0005966089210069965,6.333396678913159e-05,0.00012856452368284198,1.9125509049699738e-06,0.00014992501172904124,2.0393951802867437e-05,0.00022079879402729256,1.728292982265117e-07,3.5424729816020265e-07,0.001177343478726447,0.0010883655203664916,2.5174965951369983e-09,0.001871671975795204,0.005605665128774575,0.9788749690326192,4.880792767540781e-08,0.009920430116576253,1.564161914895683e-05,2.469605842376511e-07,4.597147972635827e-07,7.048727514596584e-06,4.278140416931363e-05
22,0.00019474959887510888,1.0692114749371053e-07,3.323169842664326e-06,0.0004729623217624391,4.906725325813711e-05,9.645718244544418e-05,1.3993556567250799e-06,0.0001123183523179741,1.726337249656574e-05,0.00016755437369352043,1.2811137545956451e-07,2.7105652063405564e-07,0.000895783928669333,0.0008531517133517785,2.1306300699840547e-09,0.0015479666574242316,0.004759604814608699,0.9832629055906118,3.3585911281514175e-08,0.007509779119425464,1.2005896255500894e-05,2.1542926691353724e-07,3.078117772313341e-07,5.1057140444642865e-06,3.753653863108019e-05
23,0.00021104178814225624,1.4529146917709136e-07,4.146882422540298e-06,0.0006360672848815855,6.288040149217678e-05,0.00012506613709324077,2.0046572826421847e-06,0.0001490075246734791,2.2143446026307686e-05,0.00022324786248092832,1.6348168697022585e-07,4.0497590700045824e-07,0.001268305167486871,0.0011544510844089288,2.6253012198761157e-09,0.0021277723107620246,0.005293010608639027,0.9783516416037102,4.689735017545036e-08,0.010300051532050377,1.6059545730375163e-05,2.506327707943366e-07,4.375197339216628e-07,6.9861500146331015e-06,4.466458848288749e-05
24,0.00020512854768529358,1.6066923148760893e-07,3.5035171981673707e-06,0.000703356871847526,6.172861633491833e-05,0.00011934247780162704,1.824082295190961e-06,0.00014198703008097316,2.0221889942743205e-05,0.00023002016478247117,1.585642206776006e-07,3.9389326466121983e-07,0.0012225233810193045,0.0013915984486686202,2.242055880938271e-09,0.002048727459547856,0.005529778783269289,0.9771376093575405,4.331276823222658e-08,0.01111654139434463,1.4395885814827426e-05,2.414389116687751e-07,4.657795851802046e-07,6.766730092101691e-06,4.3479461696135765e-05
25,0.00019746652310204463,1.627010450224288e-07,4.439778281192242e-06,0.0008597148059873959,6.795872445864733e-05,0.00013462267200389216,2.350776428461823e-06,0.00025858831972574395,2.153583323585718e-05,0.0002451039023575591,2.661398405216751e-07,5.091944442532268e-07,0.0012317342476460534,0.0016330367827211618,2.82479598345978e-09,0.0025152534893034097,0.006257560081489668,0.9736727161135836,6.073709471071714e-08,0.012830324688332905,1.7593165537554143e-05,3.4078004865459386e-07,6.559865664611091e-07,8.83086940714515e-06,3.917086256231393e-05
26,0.00023760867181817847,1.1946260334254902e-07,4.104865129009835e-06,0.0005700939290420263,6.296361715514867e-05,0.0001370777866938485,1.4185497798606957e-06,9.632780855447487e-05,2.152372407235381e-05,0.00016310900288090652,1.6345683304394921e-07,3.0150676142855696e-07,0.0015016609806593178,0.0008742733517470658,1.868659306196574e-09,0.0017320407624209766,0.00522222299018524,0.9796256235015381,4.0769743167610775e-08,0.009688558139430415,1.293866461701821e-05,1.6970959190982374e-07,4.0543782171323233e-07,9.193390300898898e-06,3.80580519610017e-05
27,0.000196378185652477,1.4052651242177474e-07,3.9508552298140925e-06,0.000636511190811766,5.924860328862122e-05,0.00012445623589419554,1.900782820269e-06,0.0001602624200593764,2.2603133734607813e-05,0.00021484459400735755,1.7302720838426022e-07,4.050346185078311e-07,0.001182378783354503,0.0011305250206971056,2.9057056078745776e-09,0.0022188043689148115,0.005409556069135512,0.9784160351384369,4.9515377108480973e-08,0.010155867745287444,1.6144122216077234e-05,2.913437514066246e-07,4.3407485754556345e-07,6.97675056866575e-06,4.205957185945264e-05
28,0.00021104178814225624,1.4529146917709136e-07,4.146882422540298e-06,0.0006360672848815855,6.288040149217678e-05,0.00012506613709324077,2.0046572826421847e-06,0.0001490075246734791,2.2143446026307686e-05,0.00022324786248092832,1.6348168697022585e-07,4.0497590700045824e-07,0.001268305167486871,0.0011544510844089288,2.6253012198761157e-09,0.0021277723107620246,0.005293010608639027,0.9783516416037102,4.689735017545036e-08,0.010300051532050377,1.6059545730375163e-05,2.506327707943366e-07,4.375197339216628e-07,6.9861500146331015e-06,4.466458848288749e-05
29,0.00021104178814225624,1.4529146917709136e-07,4.146882422540298e-06,0.0006360672848815855,6.288040149217678e-05,0.00012506613709324077,2.0046572826421847e-06,0.0001490075246734791,2.2143446026307686e-05,0.00022324786248092832,1.6348168697022585e-07,4.0497590700045824e-07,0.001268305167486871,0.0011544510844089288,2.6253012198761157e-09,0.0021277723107620246,0.005293010608639027,0.9783516416037102,4.689735017545036e-08,0.010300051532050377,1.6059545730375163e-05,2.506327707943366e-07,4.375197339216628e-07,6.9861500146331015e-06,4.466458848288749e-05
30,0.00021104178814225624,1.4529146917709136e-07,4.146882422540298e-06,0.0006360672848815855,6.288040149217678e-05,0.00012506613709324077,2.0046572826421847e-06,0.0001490075246734791,2.2143446026307686e-05,0.00022324786248092832,1.6348168697022585e-07,4.0497590700045824e-07,0.001268305167486871,0.0011544510844089288,2.6253012198761157e-09,0.0021277723107620246,0.005293010608639027,0.9783516416037102,4.689735017545036e-08,0.010300051532050377,1.6059545730375163e-05,2.506327707943366e-07,4.375197339216628e-07,6.9861500146331015e-06,4.466458848288749e-05
31,0.00024697533846079517,1.238950742476211e-07,4.526752581775918e-06,0.0005261105210804386,5.6945864229440295e-05,0.00010376799651426862,2.123735163645067e-06,0.0001731137997572142,1.731270578900851e-05,0.00020699677714989897,1.4986102713592794e-07,3.7049759371981526e-07,0.0011553956379461653,0.0010849245390720606,2.261169916362013e-09,0.0016835417647590924,0.004579994565971392,0.9818387830532359,4.3866058282608674e-08,0.008256968668513212,1.2594967847963898e-05,2.024420576508009e-07,3.703734658586806e-07,5.672377896817672e-06,4.29877375840418e-05
32,0.00021689167755694637,1.485874063931018e-07,4.194118183516552e-06,0.0006216781106909803,6.34228294525099e-05,0.0001277361586284465,2.0553797249921733e-06,0.00015379137416031638,2.257501037640947e-05,0.00022373545185215544,1.6991181897392258e-07,4.162146722449288e-07,0.0012845935428206178,0.001156101234199241,2.745047370601181e-09,0.002142345904350335,0.005309829530844103,0.9785600242941638,5.097043844200854e-08,0.010041388071144951,1.629440803982039e-05,2.606634765058543e-07,4.3860052605363553e-07,7.180168227089805e-06,4.4675042197868296e-05
33,0.00044388994238254607,2.083000149546745e-07,1.253944492134181e-05,0.0005013875953620248,5.555932809093762e-05,0.0001003080715197666,3.647083431301888e-06,7.284473499678972e-05,4.85010137469709e-05,0.0001711080608001677,8.281810333694118e-08,4.109330692222064e-07,0.0005165144673138032,0.00047479088652148946,5.651203435944316e-09,0.0011989751759883774,0.0011088210158508333,0.9917463288564136,2.3549326820138976e-08,0.0034337709074476444,1.3341794265067389e-05,9.950827581147964e-08,1.4330171972137064e-07,3.5136596912852514e-06,9.318389954273153e-05
34,9.001546840821164e-05,1.5652367411003047e-07,3.013365202030754e-06,0.0013461362996232062,4.877887451102414e-05,0.00013064267309680232,1.6902230919011073e-06,0.0001844842692942863,1.1819534489555244e-05,0.0006290241835459634,1.3701966970121213e-07,3.099243399137483e-07,0.0008247703331796582,0.001858771582025949,1.8642307464720425e-09,0.0029740199201992623,0.007003223175710472,0.9593703457141244,2.952290991720833e-08,0.025449761779326705,2.2650083000317402e-05,3.1676333410081546e-07,1.0460680536350952e-06,6.5171378732689155e-06,4.233769708478419e-05
35,6.682001638659609e-06,3.2320810518173246e-07,2.068051798628828e-06,0.003935582498350269,0.0001840932565053189,0.0011131756989528003,6.009435157363607e-07,5.6488731650381995e-05,1.1909899058834398e-05,0.0008025188673006262,7.563829047784806e-07,5.516364044589304e-07,0.007463595381679798,0.0065302761987970515,3.5231558058104607e-09,0.013357251914332742,0.02850045370920099,0.055236429821819394,6.240746151592103e-08,0.8825822066784945,6.693692287287098e-05,2.923031534679867e-07,4.3133203900457284e-05,6.244851627490322e-05,4.215824267083338e-05
36,0.0002070869774777402,1.4675680071778897e-07,4.082103489045578e-06,0.0006429516857489049,6.241555300297084e-05,0.00012668824559510764,1.9399355965415363e-06,0.00014033668759024144,2.1707410683101293e-05,0.0002286300044071392,1.6053562425176428e-07,3.822475133177326e-07,0.0012113079031265185,0.0011441683463714592,2.5046708695522068e-09,0.0020478741343020524,0.0051977474056228625,0.9785648033672238,4.524014412277176e-08,0.010329498310594947,1.60066562976288e-05,2.40524731299999e-07,4.490914354051581e-07,7.062504980570873e-06,4.426586696936708e-05
37,0.00020892260493651928,1.5232479205974176e-07,4.2350901184774e-06,0.0006552918929720876,6.507762077472756e-05,0.0001301574467143504,2.065157582870315e-06,0.00015885625186926034,2.3331895271977254e-05,0.00023056668281591162,1.6982842322191679e-07,4.2804677049834814e-07,0.0013139604374445754,0.0012122313570088633,2.8457895478825746e-09,0.0022709187972505063,0.005585518125885431,0.977207382794787,4.991796972037201e-08,0.010859719675455987,1.710071100732271e-05,2.7143160863689254e-07,4.549052561424692e-07,7.026695565399456e-06,4.610746192891094e-05
38,0.0003046689052147232,1.6010457724329872e-07,5.682002798335101e-06,0.0005249423966479041,7.558569477544783e-05,0.00015614814149132953,2.6302492557960004e-06,0.00013869760364626778,2.7846612063823904e-05,0.00023238166241432143,1.6857357779538306e-07,4.434405374719593e-07,0.0015204337215391887,0.0010119118033800828,3.2617485897900636e-09,0.002405339487254847,0.004242920475251914,0.9807500760938903,6.068968301790597e-08,0.008523654455475604,1.4775266712664988e-05,2.1242572365594247e-07,3.764116651728735e-07,8.33916485869006e-06,5.254135581568351e-05
39,0.00019694027826058083,1.1338499014556269e-07,5.316184929368389e-06,0.0006251643172370555,5.6310849618956286e-05,0.00015091643864767454,2.0638511659891588e-06,0.00020015319004518345,2.323351696988441e-05,0.00023328438885622898,1.7272246091511177e-07,4.358033003589713e-07,0.0016034281223797537,0.0008982756247692529,3.2167047389423e-09,0.002754406828542522,0.006419697450519264,0.976237725850386,6.172149716819654e-08,0.010520601877853973,2.1225504483055527e-05,3.2412624639229883e-07,4.304180950424528e-07,7.858475705460842e-06,4.185585633491314e-05
40,0.00015160111357665162,1.3172982999526879e-07,2.934037254724612e-06,0.0007915521013561928,5.226746273419211e-05,0.0001198389929031558,1.5394394041376668e-06,0.0001523096463974251,1.7022450695819062e-05,0.0002556362990844654,1.5850850506594375e-07,3.1522976731218707e-07,0.0009941524199711656,0.0011236848141221408,1.9847830580681017e-09,0.002349647530082331,0.005945581690880965,0.9754541327991423,4.249173022728511e-08,0.012528740939054353,1.647682022517624e-05,2.617653311060179e-07,5.146124755711812e-07,7.557104861035483e-06,3.3898015831581014e-05
41,0.00010035043329440708,1.7184821304402334e-07,2.5581774346999093e-06,0.001015049495630184,3.0069892559372606e-05,0.0001423930490763119,1.3788295486894178e-06,0.00019327548713550684,1.0885617377698625e-05,0.0004775374238573721,1.8379452028068508e-07,3.1218516930539883e-07,0.0005198956938176596,0.0019765346469956067,1.4779909133078559e-09,0.0014707739343067974,0.0053566947673116296,0.9774744425045292,5.990870112090479e-08,0.011164151093967584,2.5450091275231963e-05,3.5959192601594503e-07,9.05265999040882e-07,7.551360377537142e-06,2.9013428984728584e-05
42,0.00026105508880465997,1.533253668223419e-07,3.1813535512168518e-06,0.0005003094901003609,6.905951105842166e-05,9.073067667822427e-05,1.592294513278329e-06,6.033391244672128e-05,1.716093079167688e-05,0.00016982358641753865,1.0528081670221379e-07,2.553086135185526e-07,0.0009692066915101074,0.001266395143219344,1.1193084826771006e-09,0.0008970696742259723,0.00384026604368513,0.9841431413778527,2.1155403239225033e-08,0.007646037717723514,9.754146772813101e-06,9.945679619677776e-08,3.460182682684607e-07,5.02183617453029e-06,4.8878859900388534e-05
43,0.00024210683836759718,1.4609963759131335e-07,4.4633939566965745e-06,0.0006325811696616418,6.561998147248782e-05,0.00012238714334432142,2.0463497215230327e-06,0.00014581463525647215,2.4194841277795168e-05,0.00018454190099153115,1.7535960079357385e-07,4.392028309707747e-07,0.0013497302757407995,0.001155289902032929,2.6582669291654946e-09,0.002027383201735434,0.004994137047970835,0.9794640935595154,4.603054055188681e-08,0.009517147833776754,1.4331388785811491e-05,2.2721491404925e-07,3.988921757083681e-07,7.155551029107587e-06,4.5539527396295146e-05
44,0.00021104178814225624,1.4529146917709136e-07,4.146882422540298e-06,0.0006360672848815855,6.288040149217678e-05,0.00012506613709324077,2.0046572826421847e-06,0.0001490075246734791,2.2143446026307686e-05,0.00022324786248092832,1.6348168697022585e-07,4.0497590700045824e-07,0.001268305167486871,0.0011544510844089288,2.6253012198761157e-09,0.0021277723107620246,0.005293010608639027,0.9783516416037102,4.689735017545036e-08,0.010300051532050377,1.6059545730375163e-05,2.506327707943366e-07,4.375197339216628e-07,6.9861500146331015e-06,4.466458848288749e-05
45,0.00018835964194064553,1.8340348465562267e-07,2.3672617546029195e-06,0.0005640040876140836,6.683604538713767e-05,0.00010807415792300223,1.3774442184514788e-06,7.186657452486252e-05,1.803251257329326e-05,0.00022682642346794665,1.0470246863489426e-07,3.001182662719275e-07,0.0011655110028515989,0.001574796774500622,1.3494324905084097e-09,0.0012078672247628698,0.005819784257910751,0.9781030974433241,3.1735307608576193e-08,0.010808457442966497,1.712668913873612e-05,1.6536220902485344e-07,4.628924587887941e-07,5.334930739634893e-06,4.90305207737723e-05
46,0.00015713165341813576,1.134363027594071e-07,3.454189281071348e-06,0.0007853774861739914,5.521524971073609e-05,0.00013474385855837884,1.3317900256287884e-06,0.00015814028648641546,1.9109678340107724e-05,0.00019394332917420292,1.8256829086238499e-07,3.9274253088643197e-07,0.0017844511160466047,0.0011154324892241679,2.361711644999382e-09,0.0023958166000004073,0.009621938481065238,0.968481340045891,4.802812051187839e-08,0.015025396538443868,1.9617445461579244e-05,3.3515285544122345e-07,5.355522703837973e-07,8.277628656460936e-06,3.7672291959161506e-05
47,0.00024043708588179723,1.2442621504612641e-07,3.890568613730132e-06,0.0004962454722530582,6.782520002875431e-05,0.00011538461802075048,1.886799086075888e-06,0.00012358183610045536,2.5458221936885227e-05,0.00017610928552995523,1.3056420354169507e-07,4.4116047457215084e-07,0.00191197279752363,0.0009071760026112885,3.056228386164273e-09,0.0026325371071069937,0.005872950943474925,0.9768566615723447,4.68836507175692e-08,0.010495228152988192,1.592322783101016e-05,2.4641645927131437e-07,3.030193596403627e-07,6.6282408540472e-06,4.880734122246622e-05
48,0.00019532652031152206,1.1739209964218872e-07,4.348571605467038e-06,0.0006037701147743793,5.392139999455794e-05,9.631439497438481e-05,1.8876195710526913e-06,0.00012582487282170385,2.2295115236247627e-05,0.00018626102551866608,1.274986571552933e-07,4.0126583889493137e-07,0.0011016138499286808,0.000937392892891779,2.7764686530707716e-09,0.0019436728361383237,0.00429713746894893,0.9812186396029018,3.026102787909103e-08,0.00914198614713107,1.5209653684547965e-05,2.2852367667581056e-07,3.3955297642281824e-07,5.2235712596961555e-06,4.792707156187057e-05
49,0.00020419628857297524,1.4301744765757428e-07,4.471183556207465e-06,0.0006999428523377971,5.960995041920014e-05,0.00012819151793661316,1.973672517826871e-06,0.000145503134079776,2.2025078129205437e-05,0.00022714325365560918,1.6589726362517934e-07,4.3203483105687295e-07,0.0013428953793272389,0.0011815930937124723,2.569351070530345e-09,0.002066513986654402,0.005225975911298694,0.9777883992933415,4.43121744203877e-08,0.01082989625663266,1.6956500569244836e-05,2.475594357357134e-07,4.727371075899203e-07,7.386535395936332e-06,4.581798425140786e-05
50,0.00023812759164417767,1.735699781453164e-07,4.7446330863060154e-06,0.0005889629118231377,7.096680004020776e-05,0.00011310119542771764,3.4040050584897056e-06,0.00022073404343697677,1.7159229708471624e-05,0.00036578458024086384,1.551415021213313e-07,4.719565510140448e-07,0.0011525206870223483,0.0015469380729542799,2.788124782897457e-09,0.0019902430452468783,0.004690004088570504,0.9787341990319095,5.360973314414218e-08,0.010183516723144286,1.6042490930451835e-05,2.493917264633208e-07,5.220095033819965e-07,5.529340364851421e-06,5.6393062271571614e-05
51,0.00022104065065190032,8.902012544658906e-08,6.5220328474006074e-06,0.00040990449999012005,0.0001460306167176497,0.00025601155994946803,2.868711737912005e-06,0.0001511385917926929,3.146884564557288e-05,0.0003226917962901927,2.136781180584657e-07,4.826812376734381e-07,0.005557523781824913,0.0007310287791150521,4.352803959205475e-09,0.006254904061975597,0.009789180679850806,0.951328663758906,8.575511788453999e-08,0.02468246960514967,3.053456436574337e-05,2.884629840887076e-07,6.933619249012147e-07,1.695680443385139e-05,5.920334644355313e-05
52,0.0007798477758949279,6.504677921589002e-06,0.00012947026668160488,0.03743291883860694,0.0007191849272895879,0.0007927861556014419,0.00012394705573444848,0.004205679147301695,0.0002794387548213963,0.003259018446848848,2.495179095028967e-06,4.2605013044476004e-05,0.02666809535648501,0.010242918385206485,1.8900508293669288e-08,0.02940859740993403,0.028204615968096595,0.6102577721891552,1.3184426821753407e-06,0.24593796832920728,0.0009866414584480763,2.1239996888684002e-06,3.382223300806195e-05,0.00024187976088814304,0.00024033132784973918
53,0.00020946231960605857,1.417584747870496e-07,3.999628084494836e-06,0.0006193959648334089,6.012861317726665e-05,0.00012433033651767104,1.855975322121905e-06,0.0001419624228641416,2.170017324977527e-05,0.0002149336628213115,1.5749999761122683e-07,3.8419216031712575e-07,0.001237777372143837,0.0011240697104274457,2.528609454105459e-09,0.0020612848725581213,0.005302203363046926,0.9788531857715822,4.5988930527182765e-08,0.009956479023231105,1.56101053878698e-05,2.4609185843793585e-07,4.1739154842462626e-07,6.816129084966851e-06,4.340910448144646e-05
54,0.0002749056957612451,2.087436520142622e-07,4.7757914230809094e-06,0.0006067582439727855,6.795471156791362e-05,0.00013093808304839332,2.5087565233821863e-06,0.00014913830810954362,2.550909372399924e-05,0.0002772928134642413,1.3961386620413056e-07,4.5757895032957634e-07,0.0011041979727902127,0.0013838480398141511,3.6442786135608644e-09,0.002216263731360237,0.0041600904529094365,0.9802930145839153,5.112681882237303e-08,0.009219251242105923,1.4611852860158988e-05,2.42067457856097e-07,3.887936445957556e-07,5.5545874536856565e-06,6.189447052795174e-05
55,0.00015365528273263656,2.201948185222568e-07,4.008705187986661e-06,0.0008810685729175145,8.070621224679196e-05,0.0001783395195260242,2.0875829440044762e-06,0.00032331138465317553,1.1497510207442196e-05,0.0006610199031030161,2.642975018279754e-07,2.538815248701533e-07,0.0007087761013705513,0.002286678352487172,2.8046672523386252e-09,0.00256052699883244,0.00914027335633169,0.9599197879173087,6.73041171733159e-08,0.023014074371571686,1.99517413143467e-05,3.921222881804177e-07,1.390699049239803e-06,7.626289497771296e-06,4.4018893799982436e-05
56,0.00021718227364782468,1.4499728179392326e-07,4.2347173995224715e-06,0.0006304451246830851,6.489732753347528e-05,0.00012600653535221017,2.0630487498456994e-06,0.00014893128137495547,2.28366093507253e-05,0.00021703517376913214,1.6774216081451e-07,4.3419908098240094e-07,0.0014119199358193055,0.00116096350520011,2.7213323236242833e-09,0.002135175484056287,0.00550232656571575,0.9777722592308851,4.869005199096039e-08,0.01051225849938848,1.64339942535102e-05,2.5567209204558337e-07,4.410160035052557e-07,7.216834702708298e-06,4.631882011456399e-05
57,0.00021732446586631937,1.505267534582357e-07,4.471458091915147e-06,0.0006586122879866114,7.464193804521382e-05,0.00013335928213787618,2.383078229166129e-06,0.00017550103675090218,2.7220857506810957e-05,0.0002236949342552934,1.7799423333771897e-07,5.716603073263102e-07,0.001986712452843157,0.001235953990673429,3.4769293544066667e-09,0.0028405372096949703,0.0065218390224436144,0.9728380519416884,5.760220295832613e-08,0.012978196975367931,1.9985477032160822e-05,3.1090879160507203e-07,4.6128003371096025e-07,7.751304873508249e-06,5.202883726089291e-05
58,0.00022854197559142643,1.4542450749556812e-07,4.437409053087611e-06,0.0006451982417417815,6.584454731114012e-05,0.00013625329996530807,2.0553047070122183e-06,0.0001468489109392161,2.4127872169646134e-05,0.000208044910411548,1.8248040423255751e-07,4.373486542074783e-07,0.0014571470890832362,0.0011343817248556812,2.6169037251428296e-09,0.00217390183108927,0.0052650860821984525,0.9782658445317644,5.2168925420297664e-08,0.010172312333190471,1.632005487289791e-05,2.439787643315836e-07,4.5111914756488496e-07,8.366627498085476e-06,4.377211625034463e-05
59,0.00022246054810379963,1.4798213582331197e-07,4.722890369434209e-06,0.0006848518907334946,6.567322976414804e-05,0.00013918537406306408,2.102184641582753e-06,0.0001520284484204358,2.3935488683979175e-05,0.00022488749460044012,1.8418201097412022e-07,4.2942871977091053e-07,0.0013943209080182356,0.0011218275662623403,2.7129180743204934e-09,0.0022681010635415373,0.005220522544864057,0.9776249557908278,5.0908232851838466e-08,0.010779118733977308,1.703389182180923e-05,2.482349118923774e-07,4.775660421965211e-07,8.499956809923263e-06,4.4230979525012264e-05
60,0.00021104178814225624,1.4529146917709136e-07,4.146882422540298e-06,0.0006360672848815855,6.288040149217678e-05,0.00012506613709324077,2.0046572826421847e-06,0.0001490075246734791,2.2143446026307686e-05,0.00022324786248092832,1.6348168697022585e-07,4.0497590700045824e-07,0.001268305167486871,0.0011544510844089288,2.6253012198761157e-09,0.0021277723107620246,0.005293010608639027,0.9783516416037102,4.689735017545036e-08,0.010300051532050377,1.6059545730375163e-05,2.506327707943366e-07,4.375197339216628e-07,6.9861500146331015e-06,4.466458848288749e-05
61,0.0002217774005839894,1.4830475987389472e-07,4.675538609788415e-06,0.0006745911489547982,6.496503733180064e-05,0.00013451993990313968,2.1519198105308124e-06,0.00015354560968207736,2.3374597925818067e-05,0.00022657076933631915,1.8220593327937847e-07,4.3322370127286334e-07,0.0013650924176190978,0.0011293498922089022,2.7091808597986167e-09,0.002188871540704665,0.005156338697583793,0.9780805377713784,5.049710469826187e-08,0.01050245424929866,1.681408238394766e-05,2.492606094366336e-07,4.726331370451291e-07,8.176434163743198e-06,4.4654118093983577e-05
62,0.00021104178814225624,1.4529146917709136e-07,4.146882422540298e-06,0.0006360672848815855,6.288040149217678e-05,0.00012506613709324077,2.0046572826421847e-06,0.0001490075246734791,2.2143446026307686e-05,0.00022324786248092832,1.6348168697022585e-07,4.0497590700045824e-07,0.001268305167486871,0.0011544510844089288,2.6253012198761157e-09,0.0021277723107620246,0.005293010608639027,0.9783516416037102,4.689735017545036e-08,0.010300051532050377,1.6059545730375163e-05,2.506327707943366e-07,4.375197339216628e-07,6.9861500146331015e-06,4.466458848288749e-05
63,0.00021718132348819187,1.5767513034006087e-07,4.163577532169579e-06,0.0006526906758333057,6.446182103485335e-05,0.00012688423455862693,2.0229473007529168e-06,0.00014571416174868543,2.260192607629359e-05,0.00022858683576188518,1.6532305369577326e-07,4.136033616364185e-07,0.0012682956069145024,0.0012039005333381082,2.6996176088375996e-09,0.002091605118713042,0.005349827286787681,0.9781185752271702,4.79204127486353e-08,0.010432239749497975,1.6321138038912446e-05,2.5435197675265767e-07,4.5221868746141173e-07,7.049926596741895e-06,4.638411736799534e-05
64,0.00020058456852161565,1.5113973880718644e-07,4.198298504084116e-06,0.0006675127765763389,6.293588778111179e-05,0.0001295856144872391,2.0402453569360834e-06,0.00014889836116730926,2.2875157634172707e-05,0.0002388432435016349,1.63013791653124e-07,4.36192793392863e-07,0.0013612635789272086,0.0011894888076432837,2.7343763305697986e-09,0.0021948101366903268,0.005642145190991446,0.9770386008636298,4.902395827088818e-08,0.011022085583399408,1.8959308832395874e-05,2.749398418624084e-07,4.733797351244449e-07,7.267059456629819e-06,4.635489266357527e-05
65,0.00028446547182167534,7.955217829503414e-08,3.273327164192775e-06,0.00036988068062055715,5.041035655228887e-05,0.00012429352385503583,9.560247664091098e-07,6.147377413393568e-05,5.253497319155919e-05,4.2818118931133377e-05,1.9255433259265842e-07,4.1111306969571437e-07,0.0019515086014041253,0.00047155481543978135,2.3517758837211247e-09,0.002148162267235818,0.003934763040456101,0.9866067755829326,4.941246714118548e-08,0.003850613985439972,9.75525944928515e-06,2.132171976878237e-07,1.3823639348741155e-07,1.0968364777470985e-05,2.4705394413159604e-05
66,0.000213744638975081,1.458004080186726e-07,4.2364037160812255e-06,0.0006294252393469097,6.61438216320605e-05,0.00012858468343047871,2.0181071843817052e-06,0.00014417618311177386,2.237895144719927e-05,0.00022683048541014832,1.6440617482322782e-07,3.9739086028610235e-07,0.0013297805330203887,0.0011250244222712914,2.642522773608018e-09,0.0021484675212824172,0.0054388891290279,0.9776700221316017,4.6999318054678596e-08,0.01077945007247626,1.6458641826306133e-05,2.450092034961836e-07,4.5053898025967475e-07,7.273829590680037e-06,4.5642417181253784e-05
67,0.0003480397710914191,1.8046601558013286e-07,5.233046378441873e-06,0.00035881778837380416,6.883703497500086e-05,8.645085094124436e-05,3.8424554447113135e-06,0.00020161804685604355,3.156487166480013e-05,0.00017095098315261442,1.6160568601338952e-07,4.6787838884322904e-07,0.00068013158812767,0.0007849321072870782,5.358592627169715e-09,0.0019516316736160556,0.002881880524290919,0.9884516510222215,6.302118227708452e-08,0.003907365274295586,1.1986889272735517e-05,3.0359234483911945e-07,1.8999991364351225e-07,4.162991405776446e-06,4.9531158480515065e-05
68,0.000292937881488572,2.9513520971954085e-07,5.30364464217942e-06,0.0007041888041158802,0.0001654784283545694,0.000221359305519383,4.301081639545792e-06,0.00033684890062935457,3.3197839204557626e-05,0.0004277500067832113,3.818542878584506e-07,6.237874920773111e-07,0.002220532457482374,0.0017439892738676354,8.60962170194416e-09,0.0052808203268866994,0.009921270311114092,0.9558390319207754,1.4608099320776916e-07,0.02270013643034818,1.861448622775506e-05,5.61760200936712e-07,9.184086281719187e-07,1.2645494349667025e-05,6.865777013727202e-05
69,0.00022767839212062938,1.1591612053045288e-07,2.463207515038662e-06,0.00026322495240067037,4.526712605065328e-05,7.958566990688557e-05,1.2973868219937081e-06,8.269827487518135e-05,2.001744041457274e-05,0.00014317670653269803,6.882552946302541e-08,2.103294094555167e-07,0.0006801083227012951,0.000761094684232054,2.5124015416641873e-09,0.0013136064061074887,0.0038504422199483407,0.988134762440534,3.1417931018706714e-08,0.004339176073530286,7.961098103102956e-06,1.9740215786423875e-07,1.3498332415824367e-07,2.3478233569871e-06,4.4330387974207974e-05
70,0.00019594668913157557,1.863128372513346e-07,4.068008715800231e-06,0.000693976583203163,6.596468530809686e-05,0.00018394720043189518,2.0580831298969053e-06,0.00014623067880075997,2.5232318085051146e-05,0.0002892694073157656,2.3932578365175163e-07,4.067629226151559e-07,0.0011419874724114551,0.0012216223350923702,2.711552679720908e-09,0.0021916756079643765,0.005482730595456507,0.9784992676156162,8.076770089307686e-08,0.009780368203285428,2.3384603661678626e-05,3.3036223954811176e-07,6.719791095974796e-07,1.1815689156237474e-05,3.853600108750625e-05
71,0.0002091093072015841,8.618650959368363e-08,5.386128444379284e-06,0.00043011202082611494,2.1959349618986368e-05,0.00011960040636400929,1.3805445855992532e-06,0.0001351412581592602,2.067400648654475e-05,0.00012187520809781652,1.6199707682927334e-07,2.757694671991076e-07,0.00043496239453151954,0.000573536155195839,2.167899618815942e-09,0.001070986081064997,0.0025386108030411914,0.9921720899978379,5.1817961847459235e-08,0.0021029982277705303,1.1482958064678838e-05,2.6591351564693615e-07,1.8300109003153207e-07,5.202540391886463e-06,2.386575879643084e-05
