,0,1,2,3,4,5,6,7,8,9,10,11,12,13,14,15,16,17,18,19,20,21,22,23,24
0,2.2119344573886436e-06,0.0003179537994627375,6.995428878297839e-07,0.011699923873716746,5.152920476193941e-07,6.245436211897414e-06,0.0005029225860275133,0.0005786057297450715,5.2678438614085583e-08,0.007780399802366595,3.205181812739416e-05,3.459104482187219e-06,0.0012914091691085736,5.284753984428165e-07,1.414857488456865e-10,1.241749642084198e-06,8.953812840277408e-07,0.9531743914594674,6.179451011627806e-08,0.024016087577419788,2.1589562278897485e-06,1.2713523473118683e-05,4.339834811517737e-05,0.0005317568524212306,3.149734749386966e-07
1,3.980554381411365e-06,0.0003304523998102499,3.1543649396593404e-06,0.012449639264701799,1.1041497732043507e-06,1.803386012893353e-05,0.0013298793643530546,0.0013152658213333613,2.5825050861402103e-07,0.012294181341152448,8.693245118097779e-05,7.67502427375475e-06,0.00390813169176432,6.749119721951631e-07,3.0415356601138157e-10,4.146859560763052e-06,1.0454698283563243e-06,0.8742288026748265,1.3303171810378658e-07,0.09297802285537363,1.974114425543845e-06,1.6518460710909435e-05,4.0263235133883695e-05,0.000979465473384064,2.6407061070894847e-07
2,3.6885968288680886e-06,0.0003083507865544514,2.3487290826378364e-06,0.010767595665672824,8.78306372820105e-07,1.5426689018583665e-05,0.0011226715304991494,0.001044951392147428,1.6928918383514926e-07,0.009414128333126036,7.487299987011838e-05,8.139889141143536e-06,0.0033784749986477264,6.720710496286842e-07,2.9596485284398294e-10,3.6428558202027095e-06,1.1476878090478844e-06,0.8884198936238722,1.0437266740728683e-07,0.08453371158651943,1.84806762430352e-06,1.8929898420728716e-05,4.898104380849606e-05,0.0008291187005599953,2.525897381855246e-07
3,3.2101691658470864e-06,0.000278767462115255,2.3086331656721386e-06,0.010588841974054892,9.13369087554587e-07,1.3619730099377156e-05,0.0009416495587786019,0.0009520189586636519,1.5843484128461316e-07,0.00879849168480704,7.318013431987799e-05,7.076307080755632e-06,0.003203976885653274,5.700495643233309e-07,2.1405081143077915e-10,2.694202340608143e-06,9.679555912199148e-07,0.9067908697870475,8.796395657936259e-08,0.06745453641968145,1.6732319681179752e-06,1.3799005225873197e-05,3.6842011212262995e-05,0.0008335335473373048,2.1231019097606426e-07
4,3.2208542522121237e-06,0.00030795012943102956,2.553435780130781e-06,0.010811483805526855,1.0419339705019485e-06,1.4396016633471975e-05,0.000960148178265009,0.0009270794313586307,1.7041309692838208e-07,0.009056199264073252,7.55974205853403e-05,7.534316965750179e-06,0.003779256544036579,6.554703625759937e-07,2.240964400778681e-10,2.6817676690540642e-06,9.983610845671603e-07,0.905008013011672,9.1295242668855e-08,0.06812818198007031,1.640528536197028e-06,1.451772298641364e-05,3.6778894755640936e-05,0.0008595996536102949,2.093459382126325e-07
5,2.7827117969871005e-06,0.00025113491713184,1.9241349556833135e-06,0.010334728020671508,8.00935551765365e-07,1.1524155371114507e-05,0.0008214432778831301,0.0008505097051070212,1.21917501416281e-07,0.007924209969167359,6.591065401097249e-05,6.368078933516323e-06,0.0027946091069661334,5.025185731893726e-07,1.7104467020533423e-10,2.2840883977217555e-06,8.944572973557685e-07,0.9160367494917455,7.311712250608436e-08,0.06007411437920614,1.5970275535313292e-06,1.1940644946541886e-05,3.536765418571428e-05,0.0007702182424423624,1.906224364021118e-07
6,3.2101691658470864e-06,0.000278767462115255,2.3086331656721386e-06,0.010588841974054892,9.13369087554587e-07,1.3619730099377156e-05,0.0009416495587786019,0.0009520189586636519,1.5843484128461316e-07,0.00879849168480704,7.318013431987799e-05,7.076307080755632e-06,0.003203976885653274,5.700495643233309e-07,2.1405081143077915e-10,2.694202340608143e-06,9.679555912199148e-07,0.9067908697870475,8.796395657936259e-08,0.06745453641968145,1.6732319681179752e-06,1.3799005225873197e-05,3.6842011212262995e-05,0.0008335335473373048,2.1231019097606426e-07
7,3.24540581049617e-06,0.0003725961246751576,2.8640278150152117e-06,0.011471313321795774,1.015722864849801e-06,1.2288227322716133e-05,0.0009823641391843929,0.0009198620094962755,1.8410910419791672e-07,0.00911094456742283,7.26396105401888e-05,6.882829520149501e-06,0.0051643945850615314,6.4511574722326e-07,1.763261980902577e-10,2.1425349852384495e-06,8.987280713816866e-07,0.8954415989598551,8.524633087152742e-08,0.07545201004253489,1.1888488430524887e-06,1.2528032117481366e-05,2.9155493806302626e-05,0.0009389586488566577,1.934919119858921e-07
8,3.594902462131254e-06,0.00039174909020026793,3.275289102341233e-06,0.016199458977210507,1.1114831246768634e-06,1.2077679085299178e-05,0.0012729327495197384,0.0014351932520514272,2.03957523132262e-07,0.013640730870637722,6.316168558757764e-05,6.773912202948455e-06,0.003892091504641451,7.302134449341471e-07,2.634997521515698e-10,3.6296653608441495e-06,1.2595344295316051e-06,0.8773947626210047,1.1176533729977829e-07,0.08434332885937,2.226163724615219e-06,1.5192565845180386e-05,4.6696140464623976e-05,0.0012693726396840643,3.3421448507826435e-07
9,3.5684115192216397e-06,0.00042669415669421953,4.016064285647915e-06,0.01680151266791381,1.2000848391502826e-06,1.0428279056079631e-05,0.00124235643636214,0.0014548024769531654,2.3719507807842603e-07,0.012606795382293763,6.673479864113005e-05,6.796608950924914e-06,0.00509253136110293,7.033973168516192e-07,2.2000528102773152e-10,2.762281682859691e-06,1.2118677487856714e-06,0.8733578815972252,1.0758383201024078e-07,0.08744331448268372,1.7860884418727078e-06,1.26707488666988e-05,3.466315322692683e-05,0.0014269171012356858,3.075540440208108e-07
10,3.2101691658470864e-06,0.000278767462115255,2.3086331656721386e-06,0.010588841974054892,9.13369087554587e-07,1.3619730099377156e-05,0.0009416495587786019,0.0009520189586636519,1.5843484128461316e-07,0.00879849168480704,7.318013431987799e-05,7.076307080755632e-06,0.003203976885653274,5.700495643233309e-07,2.1405081143077915e-10,2.694202340608143e-06,9.679555912199148e-07,0.9067908697870475,8.796395657936259e-08,0.06745453641968145,1.6732319681179752e-06,1.3799005225873197e-05,3.6842011212262995e-05,0.0008335335473373048,2.1231019097606426e-07
11,3.2524464798925797e-06,0.00028601817763050695,2.3513528203158565e-06,0.01046539151829827,9.223363383483019e-07,1.3485714409800517e-05,0.0009436870707845059,0.0009349285107822791,1.580656091080238e-07,0.008671488454226679,7.300481242263003e-05,7.244180168295368e-06,0.003396165400899356,5.864133198213073e-07,2.1244952568168937e-10,2.6472183970024534e-06,9.829536915945765e-07,0.9066281847027041,8.733041923352277e-08,0.06767623128754051,1.6173742965518427e-06,1.3971669947022993e-05,3.66244676604892e-05,0.000840760085085508,2.0824361859274147e-07
12,8.90899624851674e-06,0.0006290970586100067,1.3498861935131491e-05,0.0403587013695976,2.0712485532980476e-06,2.0719674614781554e-05,0.004029121627541949,0.006989999593839961,2.408037932818187e-06,0.03137789715423302,0.00014955958521615213,8.00824098356363e-06,0.007465874511382565,8.053462126635018e-07,8.016161529328949e-10,7.367253988359755e-06,1.429052422612287e-06,0.6683872766431012,5.44186712964946e-07,0.23774154522164773,3.0616194820671e-06,1.4209802182484732e-05,3.254260362252685e-05,0.002754274965101776,1.0765432201029603e-06
13,3.080654396865396e-06,0.00028327551123166414,2.0915264644138337e-06,0.010453656296775436,8.280756557765339e-07,1.3549487061222383e-05,0.0009877443811689443,0.0009040049767501051,1.4301574973527654e-07,0.009764218134019408,6.425486142683355e-05,5.862268495540466e-06,0.0029330036934324013,5.203026057350597e-07,2.0395064174072396e-10,2.885948908956859e-06,8.840232806165278e-07,0.9077476168005024,8.075956904452569e-08,0.06590341220793983,1.6456264565420543e-06,1.3004283882389084e-05,3.869926574936423e-05,0.0008753248869553336,2.128075710264368e-07
14,1.4629238128700704e-05,0.00011230853688821365,5.042441507151967e-06,0.011412515029354883,8.225320046608298e-07,9.70963966112767e-06,0.0015451401081060367,0.003222664441217988,2.531024483625679e-07,0.0031367363841436195,0.00011043836496629887,3.79708609388661e-05,0.0017216896011441115,8.42252013342932e-07,8.111946572229297e-10,5.99152991772008e-06,4.451829867330833e-06,0.8836266169168671,2.7533015780956085e-07,0.09390165331283587,4.237496583110428e-06,3.5377503299770184e-05,9.32614619552369e-05,0.0009966785955694538,6.926792287802841e-07
15,3.2101691658470864e-06,0.000278767462115255,2.3086331656721386e-06,0.010588841974054892,9.13369087554587e-07,1.3619730099377156e-05,0.0009416495587786019,0.0009520189586636519,1.5843484128461316e-07,0.00879849168480704,7.318013431987799e-05,7.076307080755632e-06,0.003203976885653274,5.700495643233309e-07,2.1405081143077915e-10,2.694202340608143e-06,9.679555912199148e-07,0.9067908697870475,8.796395657936259e-08,0.06745453641968145,1.6732319681179752e-06,1.3799005225873197e-05,3.6842011212262995e-05,0.0008335335473373048,2.1231019097606426e-07
16,3.6351995652043996e-06,0.0003001949190765395,3.0544485022381525e-06,0.011003066446572753,1.1109815648383215e-06,1.5882628012479725e-05,0.0010904288327550679,0.0010627957043955387,2.1678274767079324e-07,0.008754452775758722,8.750796026601677e-05,8.102631903055594e-06,0.003919750627837094,6.420423035579899e-07,2.6462054343176943e-10,2.9180220311028906e-06,1.0571360226723265e-06,0.8953874610327749,1.0162404907386428e-07,0.07734154672756374,1.6020672062214827e-06,1.5203833695799453e-05,3.8863418159781944e-05,0.0009601771808923714,2.2671172308950258e-07
17,3.1081741946999033e-06,0.0002750996681624466,2.198998632552693e-06,0.010621254888152746,8.862557875632371e-07,1.2932290104212458e-05,0.0009047341742119123,0.000913964405880335,1.4587125462886237e-07,0.008361040881353083,7.111016431981874e-05,7.082736482687198e-06,0.0031572468423314523,5.807762170177883e-07,2.017503327135576e-10,2.555448600593511e-06,9.559385786029316e-07,0.9094488640213498,8.445013144470742e-08,0.06536763453829268,1.6540248955602868e-06,1.3522853102670497e-05,3.7373700751564776e-05,0.0007957610404068894,2.076550547096738e-07
18,2.9243257496934153e-06,0.0003887490258052753,4.155681146768405e-06,0.01865308075178875,2.0182275193441118e-06,3.472733161255471e-05,0.0014174673009739662,0.001346056807581629,4.0469376374363854e-07,0.014650308717472003,0.00014306125647006623,7.562481858026611e-06,0.004914032949606601,1.026743383608709e-06,3.4651889304996663e-10,5.124525006276251e-06,6.961864825566944e-07,0.8299904863970486,1.7272877710065263e-07,0.1275807551100748,2.205866318086496e-06,1.3238716953376326e-05,4.718601048767409e-05,0.0007943035038975968,2.543137028273526e-07
19,3.0693587895586306e-06,0.000335289131557275,3.314499659153058e-06,0.01252136257243494,1.3813719377052604e-06,1.4727836902847e-05,0.0009209560906436795,0.0011432247082862712,2.1960668519579435e-07,0.010358198416196004,8.075892318777685e-05,8.761912432579104e-06,0.004774286151992552,7.157366396991137e-07,2.278256459301531e-10,2.5451121015404042e-06,1.1330502770697304e-06,0.8922797468341966,1.0184667982581977e-07,0.07654728589084185,1.661946227457457e-06,1.567441481558683e-05,3.2855532815417454e-05,0.0009525171988714544,2.1162800208674623e-07
20,3.200035935275e-06,0.0003082876160947211,2.486189336996675e-06,0.011824482076841317,1.0742667900745432e-06,1.2432407354119729e-05,0.0009177318936913995,0.0012361947407589359,1.776892855046647e-07,0.009920211208128863,6.908451725954328e-05,8.154348981102234e-06,0.003518196091114253,6.375339153314871e-07,2.4770767299785384e-10,2.6220133477387744e-06,1.252667032106054e-06,0.9000969611979424,1.0314750898428138e-07,0.07110735836478743,1.8438346889010235e-06,1.8763359655032793e-05,3.838277257863613e-05,0.0009101242062340974,2.3757302971108986e-07
21,3.097238276392815e-06,0.0002571464104362876,2.1415987946525047e-06,0.010117711683093741,8.344606228406744e-07,1.4103891542569701e-05,0.000939748875926381,0.0008413659243465391,1.317806064585984e-07,0.00849509896618868,7.057971625950931e-05,7.3917674781048755e-06,0.0033697925173621136,5.71275256695991e-07,1.8688409675392298e-10,2.968621825725918e-06,8.717843708334389e-07,0.902465201140731,7.974677356818482e-08,0.07261774219968675,1.572410383579758e-06,1.256402204971281e-05,3.7839628083237426e-05,0.0007412639524606822,1.8020055999334728e-07
22,3.1525617382583565e-06,0.00021538132081477728,1.9137557845580125e-06,0.00867351601676153,7.431395211086521e-07,1.2256994438272917e-05,0.0008042540768646669,0.0007953986221469354,1.0929843930212505e-07,0.006813861652052916,6.883574105863652e-05,6.7039942235645614e-06,0.0023178600905357726,4.91101593557542e-07,1.808565851947073e-10,2.6861812194935428e-06,9.388799804933988e-07,0.9210211211855451,7.376243840284691e-08,0.05849292866215017,1.6840992691769917e-06,1.2378759875515172e-05,3.677518923695002e-05,0.0007167565937478464,1.7813970644524236e-07
23,3.2101691658470864e-06,0.000278767462115255,2.3086331656721386e-06,0.010588841974054892,9.13369087554587e-07,1.3619730099377156e-05,0.0009416495587786019,0.0009520189586636519,1.5843484128461316e-07,0.00879849168480704,7.318013431987799e-05,7.076307080755632e-06,0.003203976885653274,5.700495643233309e-07,2.1405081143077915e-10,2.694202340608143e-06,9.679555912199148e-07,0.9067908697870475,8.796395657936259e-08,0.06745453641968145,1.6732319681179752e-06,1.3799005225873197e-05,3.6842011212262995e-05,0.0008335335473373048,2.1231019097606426e-07
24,2.5498825592379704e-06,0.00031440275507707116,2.1011366971416228e-06,0.012248176047454687,9.915271001098593e-07,1.308284307912152e-05,0.0008304690464860854,0.0008553489760968597,1.3865527279135025e-07,0.009314772064023672,6.788425694384646e-05,6.433535227918531e-06,0.0035260487044217943,6.584180650275859e-07,1.7227954939298962e-10,2.308797841374766e-06,8.283777315747315e-07,0.9059526899783158,8.413085397314081e-08,0.06609820942287883,1.601466860277689e-06,1.2566841843646705e-05,3.529130422156239e-05,0.0007131643241887998,1.973344793508412e-07
25,3.200432198596836e-06,0.00022408707485514792,2.2805218170634024e-06,0.012127052662490161,8.016280554143514e-07,8.767968530115039e-06,0.0008744054892861969,0.0012305228490446741,1.2541624580063987e-07,0.0070222531131905915,6.967596544793968e-05,8.003682698632136e-06,0.0030121078841580623,5.113581045820574e-07,1.5038566619910245e-10,2.281192415264389e-06,1.0801863683630264e-06,0.9009936610363497,8.913051845026438e-08,0.07355200592833236,1.6140977860482802e-06,1.1744675309752191e-05,3.4425462178862974e-05,0.0008191074129268711,1.9468130567594594e-07
26,3.6083259547434173e-06,0.00023146922079930016,2.5356550663448305e-06,0.008789308703051836,7.830175907351001e-07,8.43370482168691e-06,0.0007921382924310857,0.0009697166101295799,1.3064833443057495e-07,0.006886461063547304,5.735348966554704e-05,6.863993255120912e-06,0.0028804227138026347,3.967230032278426e-07,1.6652390601137906e-10,1.9171735766790696e-06,1.2206861310944634e-06,0.9262357558208116,6.457987131633087e-08,0.05194433431001708,1.3905605247853393e-06,1.1804325602201284e-05,2.883556662132794e-05,0.0011448574093756555,1.9723949073950766e-07
27,3.85243660295219e-06,0.0003147385220483435,2.616428120674508e-06,0.010696913754719936,8.99968261797353e-07,1.577872086218859e-05,0.0011201636196683453,0.0011547444765575674,2.1660157861011286e-07,0.010208540809318802,7.743803594177047e-05,7.342648647433778e-06,0.003187595444195658,5.827647915388181e-07,3.0301156047452993e-10,3.3828911724976357e-06,1.081244651627341e-06,0.8903322339999689,1.074970350469892e-07,0.0818927040513433,1.8156283370255527e-06,1.7878351432805278e-05,4.058873173349371e-05,0.0009185048054499167,2.7826454818428365e-07
28,3.2101691658470864e-06,0.000278767462115255,2.3086331656721386e-06,0.010588841974054892,9.13369087554587e-07,1.3619730099377156e-05,0.0009416495587786019,0.0009520189586636519,1.5843484128461316e-07,0.00879849168480704,7.318013431987799e-05,7.076307080755632e-06,0.003203976885653274,5.700495643233309e-07,2.1405081143077915e-10,2.694202340608143e-06,9.679555912199148e-07,0.9067908697870475,8.796395657936259e-08,0.06745453641968145,1.6732319681179752e-06,1.3799005225873197e-05,3.6842011212262995e-05,0.0008335335473373048,2.1231019097606426e-07
29,3.2101691658470864e-06,0.000278767462115255,2.3086331656721386e-06,0.010588841974054892,9.13369087554587e-07,1.3619730099377156e-05,0.0009416495587786019,0.0009520189586636519,1.5843484128461316e-07,0.00879849168480704,7.318013431987799e-05,7.076307080755632e-06,0.003203976885653274,5.700495643233309e-07,2.1405081143077915e-10,2.694202340608143e-06,9.679555912199148e-07,0.9067908697870475,8.796395657936259e-08,0.06745453641968145,1.6732319681179752e-06,1.3799005225873197e-05,3.6842011212262995e-05,0.0008335335473373048,2.1231019097606426e-07
30,3.2101691658470864e-06,0.000278767462115255,2.3086331656721386e-06,0.010588841974054892,9.13369087554587e-07,1.3619730099377156e-05,0.0009416495587786019,0.0009520189586636519,1.5843484128461316e-07,0.00879849168480704,7.318013431987799e-05,7.076307080755632e-06,0.003203976885653274,5.700495643233309e-07,2.1405081143077915e-10,2.694202340608143e-06,9.679555912199148e-07,0.9067908697870475,8.796395657936259e-08,0.06745453641968145,1.6732319681179752e-06,1.3799005225873197e-05,3.6842011212262995e-05,0.0008335335473373048,2.1231019097606426e-07
31,3.070116163667928e-06,0.0002718021449945708,2.5880056122540557e-06,0.01111878997886604,9.013568210570172e-07,8.539370587278926e-06,0.0008192530743755082,0.0011325097789745089,1.3818619325218747e-07,0.008200389679840433,5.748212217514359e-05,7.246758856886341e-06,0.003669000601993702,5.076337529311816e-07,1.4198140202753778e-10,1.9514768328825644e-06,1.0615108354482674e-06,0.9078072352735914,7.723013171352102e-08,0.06586993670151416,1.4000783530192155e-06,1.2224229184768672e-05,2.792768889678221e-05,0.0009857776428474144,1.89216623898255e-07
32,3.4204664718568244e-06,0.0002824742821652802,2.3801211409491816e-06,0.01065084413388081,9.252794888524693e-07,1.3980832144275536e-05,0.0009842232951653045,0.0010045374830710955,1.6896502298383203e-07,0.008965116601635296,7.497331260545197e-05,7.347235336756889e-06,0.0032084344413199906,5.874154143563867e-07,2.3251710348841603e-10,2.856295692533053e-06,1.0141321451271655e-06,0.9044998622647238,9.599254111087229e-08,0.0693995937152581,1.7418273727080403e-06,1.4762204516520122e-05,3.770596073049995e-05,0.0008427285746997972,2.2493493958812548e-07
33,6.427198188863141e-06,0.00034140014377019134,8.260986027217074e-06,0.03674782081517852,1.7050973234118873e-06,3.757931284727668e-05,0.0028088766149381153,0.004161592008916793,1.5648037873845516e-06,0.03000985060219883,0.00018622261811838744,6.3529104771218054e-06,0.0022541543455380174,5.778337800101786e-07,9.996044337671106e-10,1.0507752172943531e-05,1.1240705938694214e-06,0.7888885124158516,3.3353911170918925e-07,0.13243652552459986,7.097211304502374e-06,8.008318131473139e-06,6.425106430597539e-05,0.002009847127977946,1.4066852555425271e-06
34,1.2268567177394948e-06,0.00014926301344811232,9.65067463298336e-07,0.008486368428604686,5.810381433542209e-07,7.819219545001939e-06,0.0004050821243774085,0.000514896704181853,3.151772569928824e-08,0.005381983022332189,4.408964970086172e-05,5.472584907593037e-06,0.0017266302282243995,3.4868298044973694e-07,7.021371368421895e-11,1.6620561836829499e-06,7.478065156687355e-07,0.9306591479179753,2.9728421416850435e-08,0.0520803400846717,1.238294748827274e-06,9.184032558952212e-06,4.119583461764244e-05,0.00048160540771068766,9.062802960567976e-08
35,8.719259798403656e-07,0.000996714143474405,1.2006035726135192e-05,0.02425910112917871,2.900497644976279e-05,0.0009707558683018306,0.002373962819800245,0.0002655239866708671,4.908354668530176e-07,0.023236449689102975,0.0006668803936226027,1.830992468447752e-05,0.03642898722262399,1.7429373196835135e-05,3.267949340628547e-09,8.416199597054589e-05,5.16984386135272e-07,0.42765615189554984,2.017093684502764e-07,0.4818300431542408,2.5213891681797635e-06,2.630211202881041e-05,0.000651692495436308,0.00047181819316254416,9.8478459617537e-08
36,3.1937970132206033e-06,0.00027802055170722035,2.2928760155866385e-06,0.01056408361498995,9.078763724992514e-07,1.3638952273791746e-05,0.0009401432646583035,0.000945205815605122,1.5741408699502094e-07,0.008778007815666847,7.316035129565679e-05,7.025659137933974e-06,0.003183260386455945,5.679517421595551e-07,2.1304558772729958e-10,2.692962690568003e-06,9.595284640487694e-07,0.9069639355300514,8.744105453064647e-08,0.06736099461764788,1.6700673477914101e-06,1.3715466376707447e-05,3.686627157463154e-05,0.0008292000004529756,2.1157427279802533e-07
37,3.1194977051345643e-06,0.0002910462157321809,2.378566107631729e-06,0.011351050162821254,9.838756855328953e-07,1.497120240895804e-05,0.0009851688555347217,0.0010225661756574646,1.7537023275396937e-07,0.009880977998628521,7.618370220220388e-05,7.132167618970304e-06,0.003279248641625558,5.888942802205693e-07,2.3827556227404653e-10,2.929027481332897e-06,9.926581895638526e-07,0.9005969089065147,9.413457811744089e-08,0.07157045850138367,1.799511886167861e-06,1.4583430407171882e-05,3.9624649669191794e-05,0.0008567909771668057,2.2663820660363578e-07
38,3.733234497871992e-06,0.0002355605222087814,1.7652070794068814e-06,0.007533505354378624,6.734697962084456e-07,2.0711133025834596e-05,0.0011985557988144168,0.0006404705543640049,1.2760807608237996e-07,0.00798196179797365,8.106262199446051e-05,6.334950586760636e-06,0.0025091966359568935,5.580813671208608e-07,2.6703006380738463e-10,4.377777700464098e-06,7.47464333151826e-07,0.9119147276154139,8.142314673578475e-08,0.06712277461971929,1.6601934542330774e-06,1.37218492608643e-05,5.03438959698443e-05,0.000677165104448658,1.8281940267708327e-07
39,3.442056944308483e-06,0.0001870929942875397,2.4524057376590395e-06,0.011699524697875895,9.211226112421298e-07,1.4837293485871294e-05,0.0009636812907315625,0.0013014282051618238,1.5427477963625983e-07,0.008311814379065975,8.534998143059741e-05,8.975948068555944e-06,0.002357847845382349,5.188733829106006e-07,2.2278800983667832e-10,3.934412127685796e-06,1.0815420552335413e-06,0.8909815025131317,1.0778982740951643e-07,0.08326168254567916,2.3495195435449268e-06,1.2810520489557054e-05,4.416549838601919e-05,0.0007541075981569839,2.1646886888787767e-07
40,3.378779693742728e-06,0.00028561734248613505,2.3458626585284614e-06,0.010279672017135035,9.361067984389508e-07,1.3943839070117157e-05,0.0009231698270899817,0.0009173767242980504,1.6174064505817335e-07,0.00830061146054836,7.490075165477887e-05,7.384777381810223e-06,0.0032174802136313934,6.133211536523334e-07,2.2442983043712555e-10,2.6405949944925586e-06,9.863979782177625e-07,0.9099064861648883,9.143446970921659e-08,0.06521059932586858,1.6692595882082687e-06,1.4636996466749453e-05,3.667418441640722e-05,0.0007984050440399388,2.1760861433014986e-07
41,1.7491725839546952e-06,8.213492707311912e-05,3.9577659944469157e-07,0.004156466167252445,1.8327359120058434e-07,3.731302070184165e-06,0.00039543125778249014,0.00030668570339938855,1.4517480109872291e-08,0.002153763405430658,3.159099828053639e-05,5.1362800723337394e-06,0.00110337013891842,2.117602998400888e-07,3.9639680304687385e-11,8.686580694992183e-07,5.237464267470869e-07,0.9638658789042925,2.303527210114631e-08,0.027568925091205093,7.204371143493423e-07,7.310657184968786e-06,2.7839303163683873e-05,0.00028698254129663124,6.290550048798003e-08
42,2.226711470233806e-06,0.0003131536592724151,1.949130297743377e-06,0.008904769787123621,9.986320811473122e-07,1.245630546167247e-05,0.000624526718420291,0.0004262954259302016,1.1647976450764094e-07,0.006701220223348368,6.470288155637996e-05,5.1636412449737865e-06,0.004211880564500698,5.558254428787231e-07,1.1828338760624848e-10,1.1651993402060012e-06,5.884220579550912e-07,0.9439097789864468,4.4255136722431825e-08,0.03400992410829959,1.014981821570625e-06,6.73738161044041e-06,2.4842715793671934e-05,0.0007757495354972657,1.383097972217226e-07
43,3.3320784521448634e-06,0.0002827713672656371,2.4274219900372497e-06,0.010475147503715773,8.854615785308764e-07,1.2508182786258697e-05,0.0009484172952147137,0.0009051476260055224,1.5571699448505344e-07,0.007817884653289284,7.30027965277193e-05,7.256695022821371e-06,0.0034743168314517073,5.929843597903303e-07,1.9834019051914613e-10,2.4346299573509055e-06,9.484986046907572e-07,0.9078764270605185,8.535718757756377e-08,0.06723559750181533,1.5048729718963113e-06,1.3068903916593666e-05,3.5007323091061885e-05,0.0008308716240067829,2.0741493565124185e-07
44,3.2101691658470864e-06,0.000278767462115255,2.3086331656721386e-06,0.010588841974054892,9.13369087554587e-07,1.3619730099377156e-05,0.0009416495587786019,0.0009520189586636519,1.5843484128461316e-07,0.00879849168480704,7.318013431987799e-05,7.076307080755632e-06,0.003203976885653274,5.700495643233309e-07,2.1405081143077915e-10,2.694202340608143e-06,9.679555912199148e-07,0.9067908697870475,8.796395657936259e-08,0.06745453641968145,1.6732319681179752e-06,1.3799005225873197e-05,3.6842011212262995e-05,0.0008335335473373048,2.1231019097606426e-07
45,2.0561224614263317e-06,0.0001953926938500465,7.958563185075733e-07,0.007591464569896149,4.3843549093758834e-07,9.584680266274255e-06,0.00043567701493574165,0.0004043806661712463,5.024556695562493e-08,0.005352881696849868,4.543159802635229e-05,3.873406192004659e-06,0.001142664777753659,3.7460912525730436e-07,1.0583102976888312e-10,1.519974868816691e-06,5.534719952251091e-07,0.951542218551298,4.4688744158616033e-08,0.03285112500669566,1.5628510251970942e-06,8.766736034283845e-06,3.197375643268572e-05,0.0003769877343321887,1.8074983849374913e-07
46,3.8229156213341664e-06,0.00022028313530580117,2.417736503078733e-06,0.009877053713454483,8.374882133550327e-07,6.2201393094208705e-06,0.0006174990897255674,0.0012294158342215959,1.0286430036539309e-07,0.006193014929008207,5.2630428538520265e-05,1.0436441736578192e-05,0.0029112519728804365,4.1983140764474e-07,1.6872601957462912e-10,1.766967438347978e-06,2.1193096763156055e-06,0.9224724163283794,7.196895766035164e-08,0.055252491046233004,1.6703247791420418e-06,1.6356447192399207e-05,3.13553239427135e-05,0.0010961269708930467,2.1862355557104983e-07
47,4.142952066491401e-06,0.00020714176752361865,1.5524035344692027e-06,0.006423259148505835,4.981907653720167e-07,1.0155837078914148e-05,0.0007740637199712447,0.0007020650507113646,8.767086170095432e-08,0.005506476368472395,5.494540771635412e-05,7.771847769524707e-06,0.0023621373226879595,4.1889017152651467e-07,1.6955254004177073e-10,2.4942748080016433e-06,9.964276033612655e-07,0.9216603875643401,6.632069871932855e-08,0.06160455970864755,1.2405362758602562e-06,1.6218902935544604e-05,3.210942383581117e-05,0.0006270390540532233,1.7103941249986775e-07
48,2.7633660044507677e-06,0.00023192910723742914,2.4033788958168713e-06,0.010197805407532729,9.344491368422704e-07,1.8076179075893177e-05,0.00083258570931864,0.0007482724744200233,1.6166259842802863e-07,0.00743798130814887,9.045218021375831e-05,6.7159182135630095e-06,0.0027163795852361487,5.471917178005362e-07,1.9192751887695272e-10,2.776179784688288e-06,6.692434667268622e-07,0.9070724214817555,7.373581524907864e-08,0.06993410728791884,1.6182209601723407e-06,1.0176082940436568e-05,3.527691055130327e-05,0.0006556855442860541,1.8720284318254706e-07
49,2.9667550748796437e-06,0.00023434985849213138,2.265032472402142e-06,0.009157969584829439,9.018250901548743e-07,1.4187962918104329e-05,0.0007951920850543777,0.000839328222575566,1.380872442959426e-07,0.007068270173809113,7.690724248225205e-05,8.475939276925211e-06,0.003140801932482557,5.695875073793327e-07,1.949965140636406e-10,2.542958764455835e-06,9.517414278392885e-07,0.9081180760685579,7.803633138065746e-08,0.0698046508880378,1.5054381606172053e-06,1.4576644724839421e-05,3.551176764685864e-05,0.0006796086671060693,1.7330493608696605e-07
50,3.8730043801695356e-06,0.0004655396513760093,3.0291580190706324e-06,0.013909498414825026,1.1219852322751184e-06,1.782117614615657e-05,0.001701645022934647,0.0013809479601369927,2.697496583037099e-07,0.017181507911563,7.162057234179988e-05,5.992872588723483e-06,0.00466424249008425,8.34157039336414e-07,3.0393861297432647e-10,4.545411811942084e-06,9.318473799440556e-07,0.8614671054535269,1.4974572469005675e-07,0.09797952820518455,1.8114235275678092e-06,2.0041434173327756e-05,4.360923761571388e-05,0.0010740453663736409,2.874444175946947e-07
51,4.435785625438107e-06,0.00031629920568462463,3.754913428914129e-06,0.010807188113467888,1.2829585992448108e-06,2.3410157174717273e-05,0.0013086811317540002,0.0011990020261776744,2.6319393512879294e-07,0.011535739888187669,9.72173889149909e-05,9.54176383750786e-06,0.004088315541613158,6.830007924001053e-07,4.004383800791527e-10,5.368012204671687e-06,1.2583472740881222e-06,0.8662143808643226,1.2107119385995742e-07,0.10320421082263462,2.042235774333247e-06,1.8743394772987934e-05,4.8634571538827735e-05,0.0011091617573785943,2.6345327389215234e-07
52,1.1435615167023952e-05,0.0013853437896304316,7.80600563266803e-05,0.306077420143212,3.5668143649964494e-05,2.576817749704948e-06,0.0022312805504082164,0.17789339976692572,8.59697103705076e-06,0.08323221173833152,7.644697247402361e-05,4.019982318104056e-05,0.026529025194347928,2.668904007176145e-06,2.572132392370158e-09,6.408226615076668e-06,4.286327387351715e-05,0.20328265470003856,6.733510448414481e-06,0.18332078101586347,1.3028064421613573e-05,4.05076408739393e-05,3.923144845730887e-05,0.015636432469964826,7.022590862397716e-06
53,3.1951241425740108e-06,0.0002788510908128047,2.3128741610232456e-06,0.010617510059255757,9.282569340225526e-07,1.3492283650898843e-05,0.0009221412718957586,0.000954778267545984,1.5798212144169598e-07,0.00877049487918542,7.275697792876472e-05,7.131431415904463e-06,0.003214480602481715,5.711445397660244e-07,2.1174571008960952e-10,2.6372139620224828e-06,9.761145888993229e-07,0.9077511463698633,8.789403429085561e-08,0.06650165135153678,1.673858487045933e-06,1.3807729986817566e-05,3.63037392464176e-05,0.000832701797695016,2.114727818122377e-07
54,4.345428095510411e-06,0.0004068011090165949,2.3386522450069347e-06,0.010419006537719207,7.463234100425337e-07,1.9604482273139776e-05,0.001501142451811646,0.0008409499538863051,2.014831568516005e-07,0.01182915321755458,7.216081037463194e-05,6.406837019494427e-06,0.0037263423515021357,7.525560601342948e-07,3.393605482833892e-10,4.5842837551385e-06,8.349311469808501e-07,0.8818026528955109,1.0737316325250568e-07,0.08846409463339895,1.7413537669426678e-06,1.779981782302381e-05,4.8867381821313646e-05,0.0008290592166242528,3.055795035699725e-07
55,3.011530052908113e-06,0.0003516459113777434,2.364824871418791e-06,0.015152842276385895,1.641908158064073e-06,2.4881014615057128e-05,0.0011781827048070886,0.001282460911352063,1.6713086297230392e-07,0.016552066542523263,7.876096593511577e-05,6.510748618619738e-06,0.002479067593392421,1.0062118124733585e-06,4.0187073892173106e-10,6.756434707662766e-06,1.2003932407678127e-06,0.885285774583144,1.532374827706103e-07,0.0765998210976923,3.4747487013233285e-06,2.2791622606813052e-05,8.389457907299484e-05,0.0008812288725475771,2.9375416821452393e-07
56,3.2526885625209456e-06,0.0002923746919603193,2.415358762419068e-06,0.010669610826183338,9.452418287360168e-07,1.3371275521758325e-05,0.0009442010160541195,0.0009462225083214167,1.619565496657072e-07,0.00872083958201621,7.336569648375401e-05,7.329574412502915e-06,0.0035197303798611738,5.978803658971603e-07,2.1323809756745124e-10,2.605126175636699e-06,9.971161525542824e-07,0.905575071359652,8.887811520921982e-08,0.06832463787329274,1.612983386994607e-06,1.4004224413329045e-05,3.6083669688443826e-05,0.0008502695973668423,2.1028163434504525e-07
57,3.666924661842713e-06,0.00030569490598318796,3.770816781776239e-06,0.012482134146909608,1.4651854902814615e-06,1.4416912590294878e-05,0.0009470168742102594,0.0015089694823934763,2.412231745128056e-07,0.011014210343181747,7.955365205914029e-05,1.140678688662588e-05,0.004857240071978643,7.119330103756078e-07,2.554948739708444e-10,3.096941285469507e-06,1.4700129629729807e-06,0.878535010251824,1.2756632213535793e-07,0.08918350051145488,1.9031597386931445e-06,1.974279588682323e-05,3.2093610041372336e-05,0.0009923314852084298,2.2415046857382134e-07
58,3.257692500510703e-06,0.0002725934152652877,2.3522490526105953e-06,0.010166688715984444,9.107492180576531e-07,1.2316964669767565e-05,0.0009119351230166485,0.0009572325871552986,1.5102266654551065e-07,0.008468657430025209,6.964439939622939e-05,7.1021456655234385e-06,0.003199171471902341,5.436656275291361e-07,2.0664396668944005e-10,2.514026809189623e-06,1.0448783677770809e-06,0.9122116433371604,8.324913027070979e-08,0.06275527915292677,1.6333354735707909e-06,1.373905120643254e-05,3.5715729197555887e-05,0.0009055824673003752,2.0693363763272241e-07
59,3.367690649197879e-06,0.0002582253522677997,2.479916431823922e-06,0.009912706675359184,8.837590706720833e-07,1.1649284889939422e-05,0.0009138272786722919,0.000995007158679439,1.4776778065497638e-07,0.008229958333838055,6.767508797957246e-05,7.123710257061497e-06,0.0031029110037785372,5.06797340623914e-07,2.0074488390009452e-10,2.5843438055600132e-06,1.0695543039714653e-06,0.9109162028065927,8.001449841452712e-08,0.06455462645015017,1.611523389411868e-06,1.3256830659696539e-05,3.486873468987623e-05,0.0009690249364593714,2.0478771098284798e-07
60,3.2101691658470864e-06,0.000278767462115255,2.3086331656721386e-06,0.010588841974054892,9.13369087554587e-07,1.3619730099377156e-05,0.0009416495587786019,0.0009520189586636519,1.5843484128461316e-07,0.00879849168480704,7.318013431987799e-05,7.076307080755632e-06,0.003203976885653274,5.700495643233309e-07,2.1405081143077915e-10,2.694202340608143e-06,9.679555912199148e-07,0.9067908697870475,8.796395657936259e-08,0.06745453641968145,1.6732319681179752e-06,1.3799005225873197e-05,3.6842011212262995e-05,0.0008335335473373048,2.1231019097606426e-07
61,3.3527914926751644e-06,0.0002665636681718613,2.5681749023812597e-06,0.010135070875334641,9.351760422030399e-07,1.2544316921307266e-05,0.0009188028802435484,0.0009882936523466957,1.577510988349483e-07,0.00832433059245276,7.163884712050834e-05,7.366262554704424e-06,0.0032436702007194876,5.401897284590506e-07,2.0756322956554163e-10,2.623821453411837e-06,1.0500600471361224e-06,0.908151627130986,8.410051548504158e-08,0.06689143564561781,1.6159099154475586e-06,1.3635659486852129e-05,3.479262029329513e-05,0.0009270929463252477,2.0651866619726326e-07
62,3.2101691658470864e-06,0.000278767462115255,2.3086331656721386e-06,0.010588841974054892,9.13369087554587e-07,1.3619730099377156e-05,0.0009416495587786019,0.0009520189586636519,1.5843484128461316e-07,0.00879849168480704,7.318013431987799e-05,7.076307080755632e-06,0.003203976885653274,5.700495643233309e-07,2.1405081143077915e-10,2.694202340608143e-06,9.679555912199148e-07,0.9067908697870475,8.796395657936259e-08,0.06745453641968145,1.6732319681179752e-06,1.3799005225873197e-05,3.6842011212262995e-05,0.0008335335473373048,2.1231019097606426e-07
63,3.2421425153446594e-06,0.00029229758161025156,2.2841277681120144e-06,0.010430345718059031,9.032892552753089e-07,1.3600597571962567e-05,0.0009417368610229701,0.0009227003020223415,1.600053120984965e-07,0.008836704255371345,7.256729073560371e-05,6.878723157261779e-06,0.00326308713121716,5.734912852943593e-07,2.1775718494401195e-10,2.634592156163275e-06,9.62250533077004e-07,0.9078309633067131,8.753961873248443e-08,0.06648523330550667,1.6406876438140922e-06,1.3947621923551196e-05,3.628345411047959e-05,0.0008409494785294861,2.16028603802335e-07
64,3.1303707995307858e-06,0.000248290257252626,2.07968236047368e-06,0.010218146447891594,8.80230352804103e-07,1.2855699012281426e-05,0.0008377894481428198,0.0009123048697535532,1.402347054758238e-07,0.008105732448624102,7.168928948592035e-05,7.043484226990645e-06,0.002682114708546619,5.310873707978752e-07,2.0692904615444962e-10,2.5395624368648193e-06,9.849114154036452e-07,0.9178379585011789,8.411184918740325e-08,0.05821420949956086,1.8501403709880938e-06,1.2926988559385763e-05,3.6492536055331975e-05,0.0007900127539152884,2.1252920356144756e-07
65,2.7941853222974447e-06,0.00023277494777494977,1.9016990387828838e-06,0.009331403045542317,8.469993351352992e-07,1.402864756006815e-05,0.0007711266667606565,0.0007786080050587397,1.2024867048275134e-07,0.007645683167178904,6.984098244003942e-05,7.029218868402251e-06,0.0026646364708067948,5.297343401020291e-07,1.8467469239523508e-10,2.5608110284385232e-06,8.690894172756028e-07,0.9174299546266492,7.410674770564204e-08,0.06032112427634574,1.637597342341593e-06,1.2906464383278759e-05,3.697820991756137e-05,0.0006723925492087648,1.7806558727047015e-07
66,3.2306518131570364e-06,0.0002815261793912964,2.3545766546242155e-06,0.010706243649872401,9.225728142316753e-07,1.3838414739914236e-05,0.0009611184424337836,0.0009700285965146897,1.623975356614386e-07,0.008977967533947742,7.383597508375515e-05,7.146050493991604e-06,0.003276586378714883,5.767035255250574e-07,2.1614875707354843e-10,2.7646309720789167e-06,9.673403145758968e-07,0.9042198547142577,8.981963262814809e-08,0.06961122926852253,1.6752272474697936e-06,1.3942202172506146e-05,3.691756642689396e-05,0.000836807863633509,2.130271356749124e-07
67,3.6541516262501226e-06,0.0003827424709757912,2.8173039000932815e-06,0.014023522965149433,1.3610672156026918e-06,1.0361061863876755e-05,0.000900289866069477,0.0016399161767264153,2.586567718012064e-07,0.013586078400679897,6.418021494679537e-05,6.457140634440985e-06,0.003925050593665905,5.457665408587342e-07,2.1667839057459156e-10,1.8672532027699432e-06,1.2843089172613298e-06,0.9130593143432086,1.2083132621402442e-07,0.05105172573616664,1.8787641053798621e-06,1.538935080425587e-05,2.44965978841229e-05,0.0012964168498692022,2.6991107037608806e-07
68,7.509554198968018e-06,0.0016579881180684188,2.3901664930745366e-05,0.06027344234998458,1.3835013084229347e-05,3.089654121113338e-05,0.003761286769200412,0.009747283977034695,3.315732070863037e-06,0.06742939087635261,0.00013646385045957193,1.445324403894373e-05,0.028801715370382334,4.348285191480363e-06,1.1604567759946542e-09,7.862414015131572e-06,2.9579166784153687e-06,0.6560205138101567,1.2355199262662472e-06,0.1682401043421212,4.005811500832016e-06,4.595436557970547e-05,4.414492316820356e-05,0.0037266713593881655,7.170307995830074e-07
69,3.3572049992122858e-06,0.00033304165879892634,1.931494137929818e-06,0.009632098118197008,1.8707482092975332e-06,2.7219156792896935e-05,0.0007256555424740506,0.0007762464398058319,2.2113913210654344e-07,0.008786203244815832,0.00010152894812406458,8.496902479284798e-06,0.0033430235833417066,9.980593140670198e-07,3.6010079473827913e-10,2.301675576902043e-06,9.825407049198288e-07,0.9387565082961719,1.289932727509856e-07,0.03683475424065892,2.004177210509951e-06,2.1440713702710993e-05,4.343069101477238e-05,0.0005963614615398194,1.9460942399320433e-07
70,3.2114562530026505e-06,0.00025754332736393717,2.1083340306914836e-06,0.011604609527508582,9.152058431197511e-07,1.1491392637954954e-05,0.0009754446753389408,0.0013655383223448345,1.701410570352279e-07,0.011098034802254018,6.771035120461426e-05,6.192431230082628e-06,0.002764751963091655,4.149287853000512e-07,2.183341477624841e-10,2.6485912412130743e-06,1.1347054941326082e-06,0.909289687220404,9.524149489180055e-08,0.061385887869350314,1.940949980034229e-06,1.3134315930011317e-05,3.576007749986523e-05,0.00111134820459947,2.2574672829469063e-07
71,3.212408478640065e-06,0.0006339775083786396,3.508557510922374e-06,0.015761712256218825,3.7440043055674506e-06,3.785817116673036e-05,0.0008110365155525902,0.0012151594444395379,4.980842386313295e-07,0.023845898030945112,9.493631570364899e-05,6.863320038894888e-06,0.004402012427528309,1.1300665533039913e-06,5.651813447527146e-10,2.95572064721136e-06,1.1736144666195362e-06,0.9105654078868413,1.743311595944321e-07,0.041406769086605365,2.8530855359038244e-06,2.4432556409957618e-05,4.0455566500502444e-05,0.0011338327767276438,3.976988650659489e-07
