,0,1,2,3,4,5,6,7,8,9,10,11,12,13,14,15,16,17,18,19,20,21,22,23,24
0,2.9968155727966997e-06,0.0014287482291368697,2.895473387248275e-07,0.010857216947822816,6.81687209462468e-07,6.331807219811332e-06,0.0001907372969061557,0.0001115731975813026,5.840097283357591e-08,0.012434755132239796,5.088100603736992e-06,5.05389459052548e-07,0.0003377860265847709,1.3645029104410647e-06,1.4925966842794155e-10,2.468083780785655e-07,2.0476951191272083e-07,0.9733727099753388,4.475535083792427e-08,0.0008048305226796113,2.2933375974877894e-06,7.72402884765103e-06,3.133061607952263e-05,0.000400173157940271,2.308797457627134e-06
1,6.396719544503131e-06,0.0018879613499065734,1.6765079414730633e-06,0.013224037389271411,1.7482293944373762e-06,2.332500485324792e-05,0.0006566197750477238,0.0002764217999660668,3.979950538271476e-07,0.024399392001336444,1.6306663530116732e-05,1.4042283907051495e-06,0.0013698205023220784,2.4700815929277522e-06,3.7940568841254814e-10,1.1142234320330128e-06,2.483484497111409e-07,0.9534157844897785,1.4251824650714687e-07,0.003944303923842138,2.4171449921076874e-06,1.1696332037756625e-05,3.0440881712555625e-05,0.0007236657541339935,2.2077558172644416e-06
2,5.354158162019828e-06,0.0015282780469687465,1.0078440784010376e-06,0.010369614177438381,1.2120194919580494e-06,1.872744257277565e-05,0.0004946258555803852,0.00019493804334063322,2.010252297432483e-07,0.01575894305477945,1.33567174433322e-05,1.2408076742260502e-06,0.0010607430326829764,2.044737881580378e-06,3.3058178350835906e-10,8.260253529965169e-07,2.502950877652761e-07,0.9666367751020868,8.303317227524598e-08,0.0032579212522725032,1.9399078248053202e-06,1.214985621821135e-05,3.853326794735938e-05,0.0005995067540809593,1.7272120501079936e-06
3,4.615587886321054e-06,0.001414217912367684,1.0660957234749296e-06,0.010877141385995588,1.3416179723499773e-06,1.6453185711999337e-05,0.0004158355303871112,0.0001877276246083028,2.0131466906717796e-07,0.01519951996088638,1.3193691988539355e-05,1.1446480322374358e-06,0.0010303732850311894,1.8714450448467648e-06,2.3471790601630343e-10,6.254634358927793e-07,2.1148485148350364e-07,0.9674907702882788,7.765725845958429e-08,0.0027275134697364836,1.8234607050912177e-06,8.989125975949556e-06,2.779897297634136e-05,0.0005759671037001902,1.5194520586194578e-06
4,4.562013321084411e-06,0.001541443195521346,1.1428132066495048e-06,0.01082240152107416,1.5025997507750008e-06,1.774992185953083e-05,0.0004245403240666539,0.00017520242501075457,2.094215761095198e-07,0.015490027488930627,1.3622527870894187e-05,1.1840794778599991e-06,0.0012164329235510197,2.124011503259363e-06,2.4572847120254907e-10,6.263159516957786e-07,2.128142119076301e-07,0.9669362848826193,7.711032643033588e-08,0.0027178168009678173,1.7583442725847537e-06,9.30779491316441e-06,2.8333782344399372e-05,0.0005920032455141136,1.4333964294552164e-06
5,3.721143591097351e-06,0.0012340743636108614,8.52182168479976e-07,0.010815950199969993,1.1591823768307346e-06,1.3295620594244833e-05,0.0003493711779183761,0.00016446945176535265,1.4466136375252228e-07,0.013183646681967648,1.172646862936832e-05,9.528871404715412e-07,0.0008869332103755375,1.5707386384697855e-06,1.7875960839273012e-10,4.871624172138182e-07,1.8956400066611377e-07,0.970389333981732,5.8614110939947836e-08,0.0023652190913489904,1.683433453789995e-06,7.246072688864539e-06,2.6596570687372102e-05,0.0005400172332843934,1.300127405609808e-06
6,4.615587886321054e-06,0.001414217912367684,1.0660957234749296e-06,0.010877141385995588,1.3416179723499773e-06,1.6453185711999337e-05,0.0004158355303871112,0.0001877276246083028,2.0131466906717796e-07,0.01519951996088638,1.3193691988539355e-05,1.1446480322374358e-06,0.0010303732850311894,1.8714450448467648e-06,2.3471790601630343e-10,6.254634358927793e-07,2.1148485148350364e-07,0.9674907702882788,7.765725845958429e-08,0.0027275134697364836,1.8234607050912177e-06,8.989125975949556e-06,2.779897297634136e-05,0.0005759671037001902,1.5194520586194578e-06
7,4.552203177597329e-06,0.0017615909587919943,1.397708559116967e-06,0.011339447189900612,1.261636906857701e-06,1.3367482336006267e-05,0.0004973580224423976,0.0001778374327545121,2.4046040538875584e-07,0.013644102610817943,1.520137019723779e-05,1.0724055142332068e-06,0.0019292596924075493,1.763822268294186e-06,1.9220572485721832e-10,4.3777513625294466e-07,1.9875291295692833e-07,0.9663628295374151,6.036512676943196e-08,0.003457933671592566,1.1477916841894596e-06,7.037124980855948e-06,2.0383124819578363e-05,0.0007602936377284018,1.2250299178191134e-06
8,4.8695085875366805e-06,0.00195466963611656,1.2929083291098197e-06,0.016270794695821152,1.4883941260340665e-06,1.3770471794140087e-05,0.0005311251517071211,0.0002702417396053068,2.2323713116501652e-07,0.023626484717781306,1.0518604671182431e-05,9.874888120287294e-07,0.001199294246006009,2.1334339642219795e-06,2.705106975940016e-10,7.639682982644906e-07,2.66675537011798e-07,0.9519694747104391,8.382376493073267e-08,0.003191767677245335,2.3000038803673316e-06,9.517965681342668e-06,3.628177265177201e-05,0.0008993455248477875,2.303372690544345e-06
9,4.9775251871385206e-06,0.0021878385209019094,1.755019382214854e-06,0.0174576210687124,1.568331567998933e-06,1.2068038758556166e-05,0.0005672394678550764,0.00028463027901843896,2.883175140389736e-07,0.02198639963256588,1.2088720168799614e-05,1.0533524462921773e-06,0.0016935642254016898,2.1035267586397578e-06,2.3446230365276537e-10,6.140018769183484e-07,2.588495988217373e-07,0.9509273234905496,8.381531708966638e-08,0.0037924692883645303,1.8854525292159608e-06,7.937079359055552e-06,2.6076416936183467e-05,0.001027942608707365,2.2127360596027775e-06
10,4.615587886321054e-06,0.001414217912367684,1.0660957234749296e-06,0.010877141385995588,1.3416179723499773e-06,1.6453185711999337e-05,0.0004158355303871112,0.0001877276246083028,2.0131466906717796e-07,0.01519951996088638,1.3193691988539355e-05,1.1446480322374358e-06,0.0010303732850311894,1.8714450448467648e-06,2.3471790601630343e-10,6.254634358927793e-07,2.1148485148350364e-07,0.9674907702882788,7.765725845958429e-08,0.0027275134697364836,1.8234607050912177e-06,8.989125975949556e-06,2.779897297634136e-05,0.0005759671037001902,1.5194520586194578e-06
11,4.6059824342795014e-06,0.0014320509267119813,1.079168865274562e-06,0.010753599601436183,1.3384833770041514e-06,1.6239116687994152e-05,0.0004202467487204875,0.00018308010254415257,1.9848119594988986e-07,0.014764167052263681,1.3338680511128825e-05,1.1591205710350992e-06,0.0011057210072123896,1.8995842777290896e-06,2.3213025096583258e-10,6.083222378084265e-07,2.1339136804545014e-07,0.9679088884110016,7.497226565458264e-08,0.0027665851581958564,1.7429654533070611e-06,8.951107716737607e-06,2.7805933517270764e-05,0.0005849514605162875,1.4539887879266628e-06
12,2.196388884769424e-05,0.004264956282020467,1.0704479445529084e-05,0.04701084564652193,2.3703958271012276e-06,2.4332091037789666e-05,0.0035930271644540627,0.0018615854078760654,6.47298692668349e-06,0.0602699347920579,4.669279146586768e-05,1.966027736682703e-06,0.0038364079719542753,2.4612771814052046e-06,1.354336420742581e-09,2.117267753802113e-06,4.603883530937228e-07,0.859636971163488,6.485776504717703e-07,0.01615741727635081,4.090770099644494e-06,9.361188409280535e-06,2.196447021835792e-05,0.0032002994412932448,1.2946898693306023e-05
13,4.888051792212761e-06,0.0013355559866207404,1.1727244194713132e-06,0.010469101082624012,1.4699255686767398e-06,1.5646197651113072e-05,0.0003674433077969082,0.0001916482657930746,2.1463869874332947e-07,0.012397419719103103,1.5269793091603908e-05,1.5289022735879298e-06,0.0011387043182141574,2.0411590176366807e-06,2.408952318850645e-10,5.358318159762231e-07,2.4734016664968614e-07,0.9708246224697856,8.208698471606668e-08,0.0026648451255789993,1.810747571139202e-06,9.792864184736914e-06,2.526330938737693e-05,0.0005292304843789133,1.4654265853268761e-06
14,4.561465629698541e-05,0.00037458267012414914,2.9237296455472416e-06,0.00898930999943923,8.882515664787372e-07,1.0749934331171397e-05,0.0006841145211311936,0.0005538141945938151,2.435202078308107e-07,0.003186787597690465,2.0712693284584246e-05,1.2814584562946308e-05,0.00037349482956517,2.815438120157102e-06,9.083009417297495e-10,1.6766501241181093e-06,1.2933757052404672e-06,0.9814852684007287,2.1473878048085218e-07,0.003517601850983388,4.698311418098138e-06,2.4247078014529133e-05,7.998286524139537e-05,0.0006188944193474771,7.254780795916139e-06
15,4.615587886321054e-06,0.001414217912367684,1.0660957234749296e-06,0.010877141385995588,1.3416179723499773e-06,1.6453185711999337e-05,0.0004158355303871112,0.0001877276246083028,2.0131466906717796e-07,0.01519951996088638,1.3193691988539355e-05,1.1446480322374358e-06,0.0010303732850311894,1.8714450448467648e-06,2.3471790601630343e-10,6.254634358927793e-07,2.1148485148350364e-07,0.9674907702882788,7.765725845958429e-08,0.0027275134697364836,1.8234607050912177e-06,8.989125975949556e-06,2.779897297634136e-05,0.0005759671037001902,1.5194520586194578e-06
16,5.530549440583111e-06,0.0015549699184130574,1.4348819666169704e-06,0.011530944074455677,1.573577346233216e-06,1.8948403048916388e-05,0.0004903071542863522,0.00021160929486259975,2.8172867259060825e-07,0.014371168466132464,1.6185929279689947e-05,1.3469176987049576e-06,0.0012777881688908503,2.1439658775306627e-06,2.936589649173068e-10,6.598455977126786e-07,2.3347703453422197e-07,0.9665488715731338,9.141231178658582e-08,0.0032742213099162423,1.698343562709654e-06,1.0064391995156624e-05,2.9086569035401687e-05,0.0006491307332237297,1.7090201577790842e-06
17,4.355617203310699e-06,0.0013685898045178795,1.0070198130481494e-06,0.010999221944070738,1.3083335717356258e-06,1.5426033207406576e-05,0.0003925135721825168,0.00018001213717293142,1.807375424009869e-07,0.014184894273746206,1.2829812374449605e-05,1.1338420496359932e-06,0.0010107988862774937,1.8913901373889532e-06,2.17102120844121e-10,5.787058632734317e-07,2.0786456729410488e-07,0.9686076543524774,7.251415076853685e-08,0.002628914746576681,1.7899992521532315e-06,8.671662382403254e-06,2.825042772990434e-05,0.0005482438323921618,1.4522736388124627e-06
18,4.15687159789409e-06,0.0020744188680370482,1.8143406690228065e-06,0.02060764097977291,3.078937911565338e-06,4.666398211596602e-05,0.0006654496204623159,0.0002637955749190759,5.197052292856197e-07,0.026803202190706744,2.8441595416201946e-05,1.1411583404235235e-06,0.0016524865323601704,3.3899329464517614e-06,4.128614338816532e-10,1.1917376003520792e-06,1.502211111104342e-07,0.9420577753862823,1.475596649235413e-07,0.005144022905941692,2.5026866270019876e-06,8.377081605037055e-06,4.0047555548164815e-05,0.0005877470853549438,1.8370769179082406e-06
19,4.35866368173109e-06,0.001698713358372232,1.5461938153582113e-06,0.0129904498358701,2.110866135128304e-06,1.7516421153173164e-05,0.00038512979415215425,0.00022758388758799047,2.6919975238271575e-07,0.018058435022623068,1.4241051520971403e-05,1.5041358067106674e-06,0.0015269699713049885,2.411062872321084e-06,2.4196469139422685e-10,5.872155316330587e-07,2.5802351103335145e-07,0.9613161873884982,8.992992942255285e-08,0.0030675252300024934,1.850074715183675e-06,1.0656001229068092e-05,2.4645072636192954e-05,0.0006454424086069773,1.5189487268468353e-06
20,4.542374825046023e-06,0.001537276967564441,1.093058583881202e-06,0.0119348165730369,1.547387432839625e-06,1.424935252716364e-05,0.00038981091098191033,0.0002472867904113351,2.0792517698961507e-07,0.017016900474720077,1.1876755993504007e-05,1.3022420990715876e-06,0.0011126037032311335,2.0058839396692064e-06,2.623869526062895e-10,5.918408112506125e-07,2.8711141718839525e-07,0.9642057808203536,8.631195886537352e-08,0.0028292579787949903,1.9709753144603614e-06,1.2664768595467205e-05,2.9465026814734874e-05,0.0006427429442864435,1.6315587419714542e-06
21,4.391241325946749e-06,0.0012772200406479448,9.992553817146266e-07,0.010160701606533309,1.2202239425872596e-06,1.6933721143170473e-05,0.0004157577168587256,0.00016139011469550534,1.6583456547307588e-07,0.014602053072151656,1.2932350836253289e-05,1.2290980758691588e-06,0.0011123732365816812,1.8544249188231339e-06,1.9979397475700824e-10,6.889827515468059e-07,1.9014221086173932e-07,0.9687851926946295,6.807182752843458e-08,0.0028867350735095913,1.7220952096391762e-06,7.87316275910737e-06,2.8136339397864813e-05,0.0005189370159969899,1.2342842548956523e-06
22,4.2084348667933e-06,0.000991915876719059,7.965616883690806e-07,0.008273809210728168,9.905428510492884e-07,1.3263972560204735e-05,0.0003210586347178242,0.00014652143884932078,1.2108560840420278e-07,0.010665484362663302,1.1864522041886021e-05,1.0682833148294992e-06,0.0006959801201519426,1.4347781189221663e-06,1.7771103767406059e-10,5.447755789589557e-07,2.016344220796676e-07,0.9761815209752666,5.656858927724961e-08,0.0021780232632641486,1.743575966709299e-06,7.579827150862935e-06,2.589310109181284e-05,0.0004747461266384905,1.1721494401570068e-06
23,4.615587886321054e-06,0.001414217912367684,1.0660957234749296e-06,0.010877141385995588,1.3416179723499773e-06,1.6453185711999337e-05,0.0004158355303871112,0.0001877276246083028,2.0131466906717796e-07,0.01519951996088638,1.3193691988539355e-05,1.1446480322374358e-06,0.0010303732850311894,1.8714450448467648e-06,2.3471790601630343e-10,6.254634358927793e-07,2.1148485148350364e-07,0.9674907702882788,7.765725845958429e-08,0.0027275134697364836,1.8234607050912177e-06,8.989125975949556e-06,2.779897297634136e-05,0.0005759671037001902,1.5194520586194578e-06
24,3.4235565435011552e-06,0.0015340379135496815,9.13908435796912e-07,0.012574906049568242,1.444727891481389e-06,1.5685515611636723e-05,0.00034867055324441055,0.00016327034812033136,1.619084285721748e-07,0.015940864220790937,1.1992633241138179e-05,9.934620008043985e-07,0.0010978459883617037,2.084609096186028e-06,1.8134150813919116e-10,5.197920062542377e-07,1.760929885690431e-07,0.9651815442403961,6.853074081234498e-08,0.0025982948358176283,1.7349192698078242e-06,7.913882351313354e-06,2.7131774256099184e-05,0.0004849821562924223,1.3381996551100267e-06
25,4.199036860879026e-06,0.0009643287111382911,9.130572230001754e-07,0.01206943442245742,9.528668173818402e-07,8.617458089310622e-06,0.00038234031223908827,0.0002401369701762249,1.2428326380344326e-07,0.010151818350188524,1.2753945551022843e-05,1.206437740572248e-06,0.0009763368168339132,1.3432666867808773e-06,1.362242563326576e-10,4.443547097869046e-07,2.404992192361764e-07,0.9714013079141629,6.056178417285073e-08,0.0031664522992641154,1.5385951802102152e-06,6.8412096910880215e-06,2.515320611747151e-05,0.0005823382834585262,1.1170049219082849e-06
26,5.230740856965778e-06,0.001117653815015231,1.1835692840815457e-06,0.008701271618960527,9.926106226265685e-07,9.034075293958817e-06,0.000363328371106353,0.0001892625274576767,1.664634000019266e-07,0.010429044805156685,1.0755923605528442e-05,1.0851753937935746e-06,0.000980594496731866,1.1484995734496901e-06,1.7302633000796155e-10,3.888425252547503e-07,2.642706372412785e-07,0.9751098900632901,4.99313405449071e-08,0.0022219212270233385,1.3481149199823552e-06,6.979052110541075e-06,1.9727419774292823e-05,0.0008273399642964311,1.338248597286132e-06
27,6.027099258246571e-06,0.0016576274843943307,1.2819828301798403e-06,0.010850152244694664,1.3386054546567062e-06,1.933476655355724e-05,0.0005123948709854993,0.00023992385103691085,2.8966652826747324e-07,0.01824719538044478,1.3889695350600755e-05,1.2486576528071205e-06,0.0010172110627512873,1.9358057991018465e-06,3.5391724539632243e-10,8.447711676199469e-07,2.548932812640464e-07,0.9632703132815539,1.007523735353002e-07,0.003442006567363163,2.0278380932323974e-06,1.2761795341415921e-05,3.1212438598813916e-05,0.0006684781657787133,2.1479687960977407e-06
28,4.615587886321054e-06,0.001414217912367684,1.0660957234749296e-06,0.010877141385995588,1.3416179723499773e-06,1.6453185711999337e-05,0.0004158355303871112,0.0001877276246083028,2.0131466906717796e-07,0.01519951996088638,1.3193691988539355e-05,1.1446480322374358e-06,0.0010303732850311894,1.8714450448467648e-06,2.3471790601630343e-10,6.254634358927793e-07,2.1148485148350364e-07,0.9674907702882788,7.765725845958429e-08,0.0027275134697364836,1.8234607050912177e-06,8.989125975949556e-06,2.779897297634136e-05,0.0005759671037001902,1.5194520586194578e-06
29,4.615587886321054e-06,0.001414217912367684,1.0660957234749296e-06,0.010877141385995588,1.3416179723499773e-06,1.6453185711999337e-05,0.0004158355303871112,0.0001877276246083028,2.0131466906717796e-07,0.01519951996088638,1.3193691988539355e-05,1.1446480322374358e-06,0.0010303732850311894,1.8714450448467648e-06,2.3471790601630343e-10,6.254634358927793e-07,2.1148485148350364e-07,0.9674907702882788,7.765725845958429e-08,0.0027275134697364836,1.8234607050912177e-06,8.989125975949556e-06,2.779897297634136e-05,0.0005759671037001902,1.5194520586194578e-06
30,4.615587886321054e-06,0.001414217912367684,1.0660957234749296e-06,0.010877141385995588,1.3416179723499773e-06,1.6453185711999337e-05,0.0004158355303871112,0.0001877276246083028,2.0131466906717796e-07,0.01519951996088638,1.3193691988539355e-05,1.1446480322374358e-06,0.0010303732850311894,1.8714450448467648e-06,2.3471790601630343e-10,6.254634358927793e-07,2.1148485148350364e-07,0.9674907702882788,7.765725845958429e-08,0.0027275134697364836,1.8234607050912177e-06,8.989125975949556e-06,2.779897297634136e-05,0.0005759671037001902,1.5194520586194578e-06
31,4.319301482312435e-06,0.0013818790004953049,1.2191716994475553e-06,0.01189533127033074,1.3354243878611411e-06,9.13477042134917e-06,0.00034738190025084735,0.00023846108171447688,1.6839995405426394e-07,0.013913961360627234,9.869601721107976e-06,1.1558148490441833e-06,0.0012106193663557812,1.5967939773782368e-06,1.4797166499129724e-10,4.0793478812911856e-07,2.484842461175965e-07,0.9675669325240577,6.40445410490847e-08,0.0026485362950444216,1.4852420219989789e-06,7.86992520956179e-06,2.0253615982204437e-05,0.0007364112059837822,1.3573218864571662e-06
32,5.036240275986118e-06,0.0014629111074089647,1.128119794371166e-06,0.010977919445463894,1.3859067090269115e-06,1.702711800964716e-05,0.0004404373758476586,0.00020153172397856866,2.2256323034292713e-07,0.015932710586413944,1.3515059815076481e-05,1.2174861406444886e-06,0.0010471411664724735,1.963375154442523e-06,2.6178867039905757e-10,6.79707957825129e-07,2.2727579010746326e-07,0.9664556829327421,8.797464303406334e-08,0.002804761669368103,1.944589465671742e-06,9.81520092949714e-06,2.841809621602017e-05,0.0005925795812963253,1.6554350877423062e-06
33,1.1925212777498061e-05,0.0019089088538471156,5.965836170161196e-06,0.03580380753661039,1.999121792224779e-06,5.134286623242732e-05,0.0017600203948919227,0.0007265878965637083,3.479449850310788e-06,0.05063830323240361,5.032400340048407e-05,1.4536481193181146e-06,0.0007396532467488842,1.8546482759077996e-06,1.6270080083094527e-09,3.1151145923157206e-06,2.726509670447636e-07,0.9000484956236082,3.467306053274805e-07,0.006566455548139965,1.0280171464329903e-05,4.424087287634789e-06,4.3804786737988005e-05,0.001599261161373639,1.7916550531551332e-05
34,1.0977564731372192e-06,0.0005600004137466897,2.9351990332281274e-07,0.00891747400229532,7.265960906746579e-07,6.908317733114473e-06,0.0001249229272841002,8.667782955292289e-05,2.162388637102732e-08,0.006996247664013946,7.072676802177837e-06,6.363172319954647e-07,0.0004789332499059476,8.145328600967007e-07,4.8250732240680824e-11,2.2225172565059725e-07,1.369966051776198e-07,0.9807423649362802,1.413987252496887e-08,0.0017367505633664826,1.0541895653765163e-06,4.206240874805322e-06,2.9814472992756655e-05,0.00030318440142444844,4.243312619741509e-07
35,2.6599531730286973e-06,0.0070227572867855486,2.5398561680481344e-05,0.10714413020065348,0.00011766976668368541,0.004300151320557453,0.0044656160131816055,3.013966287318016e-05,5.507836601595789e-07,0.038424527006265176,0.0004568802332245913,9.802724535738884e-06,0.03665263170290728,0.0006060784422165787,4.288366555637229e-09,3.4848418836414894e-05,5.449028012521239e-08,0.7517734241804026,1.0138988063985873e-07,0.046739563326094344,3.7128891287996305e-06,1.1534273809744197e-05,0.0018027333749016984,0.00037367261690616864,1.3570929949481972e-06
36,4.584679220196476e-06,0.001408332635193169,1.0564893101394643e-06,0.010846857981345721,1.332075851541375e-06,1.647203663374882e-05,0.0004150741878607303,0.00018620395206601827,1.995046099305975e-07,0.015142021025561976,1.3189365765894244e-05,1.1327629163684705e-06,0.0010228754895042055,1.8608783099603836e-06,2.33417529277604e-10,6.24284170107162e-07,2.0933892155719055e-07,0.9676024931969138,7.694402082569116e-08,0.002722038018157611,1.8169904082461178e-06,8.91944581304447e-06,2.7845781508056327e-05,0.0005732727894232748,1.50991309639347e-06
37,5.07148378633057e-06,0.0011827084148215653,9.36866948878159e-07,0.008111219491885346,1.001793936550658e-06,1.1745111204912261e-05,0.0003450133221746905,0.00014022038462039059,1.4185793174728938e-07,0.00975075413728635,1.1297445004091783e-05,1.1263728842650642e-06,0.0009336946917273916,1.6120750904055408e-06,1.636454132153014e-10,4.457620876086052e-07,1.9090216710322147e-07,0.9768441227132437,5.9113353313295674e-08,0.0021171705234276543,1.3651044029894962e-06,7.362942953826285e-06,2.0850746495555436e-05,0.0005106880975384224,1.2004813814351417e-06
38,5.897987702506625e-06,0.0011568752300774301,8.234645980867652e-07,0.006988813049153786,9.199544080286329e-07,2.6359906279999143e-05,0.0005673319164341892,0.00011734879045372167,1.7181652319699464e-07,0.012782443371777308,1.5498019391673468e-05,1.0299624034223338e-06,0.0007823047731458432,1.7760498527372041e-06,3.1782458108351243e-10,1.0568226041229087e-06,1.581744170240254e-07,0.9744227494597337,7.195486175610707e-08,0.0026064029825874206,1.7564087790219418e-06,8.627097593484784e-06,3.795301349425554e-05,0.00047231811213459246,1.3113637679490278e-06
39,4.955707909381179e-06,0.0009115286666684544,1.0859371716063408e-06,0.011647374600668841,1.3182873786904258e-06,1.6466460950446105e-05,0.00040711827159443963,0.00025516782028989004,1.796639142004559e-07,0.014208644384226445,1.4573849418091156e-05,1.48376791119058e-06,0.0007209667320717533,1.5852560731032725e-06,2.3806781115749973e-10,8.764860516463793e-07,2.5652196006236194e-07,0.9681082564728534,9.133522717096961e-08,0.0031040371912327,2.642844020413574e-06,8.311794013421163e-06,3.305728452967067e-05,0.0005484582918754656,1.5621339215644962e-06
40,5.516573072534501e-06,0.0014754428845392326,1.0815224309704897e-06,0.008936808029350728,1.3868319820410436e-06,1.7015117251665793e-05,0.00037717201693752565,0.00015841509046542806,2.0322876933357275e-07,0.012462044479376023,1.3202216150219102e-05,1.306888678435076e-06,0.0009960564757577198,2.184499322763089e-06,2.677577077580906e-10,5.796075320779735e-07,2.2937427709595067e-07,0.9727477400447996,8.243719774353038e-08,0.0022429264464847703,1.747428796083878e-06,1.0886100296090849e-05,2.6583252274922407e-05,0.0005198032331555421,1.585953343903587e-06
41,2.2111349628531573e-06,0.00026177001107386604,1.3898542402449699e-07,0.003559128155335438,1.702461175448794e-07,2.8312906278954996e-06,0.0001359631813466733,6.046216688226481e-05,1.129003990919147e-08,0.0022583208429933707,5.519761547970342e-06,8.396518040610859e-07,0.00028703722906102,4.2463568147231497e-07,2.7488495792381273e-11,1.3695644463559375e-07,1.268860433013583e-07,0.9920708387513273,1.3274738666657977e-08,0.0011604738958384561,5.957830316355027e-07,3.879765041782535e-06,1.794691734988526e-05,0.00017085503760638857,3.041221909495845e-07
42,5.8953368227472805e-06,0.0013893610793866513,1.175720187833369e-06,0.011566391876815456,1.322093866464677e-06,1.6049323325154924e-05,0.00048700951000773504,0.00028370343178775746,2.3518776118570004e-07,0.017903518583836684,1.309554930476448e-05,1.391317255953944e-06,0.0009256907317916168,1.8452183036990196e-06,3.0622880573854835e-10,8.861926552013951e-07,2.946801028123159e-07,0.963239297523177,1.093042531048596e-07,0.0034683075566206206,2.303651044740983e-06,1.3048413908990842e-05,3.201015811141298e-05,0.0006451177595374373,1.93949390599392e-06
43,4.870320829726694e-06,0.00140109042280469,1.1028606130720425e-06,0.010403901115979228,1.2148811189393478e-06,1.4500109278100698e-05,0.00041820726055633413,0.0001730074337228185,1.9336304326095193e-07,0.012628483373296855,1.3268423214954019e-05,1.1728602389992443e-06,0.0011060665518950765,1.8664786187667946e-06,2.1184828294599978e-10,5.378362369555807e-07,2.0498109269534082e-07,0.9705157487431413,7.185777827129235e-08,0.002708701964308505,1.5704872023701896e-06,8.268771089770785e-06,2.5548419596892567e-05,0.0005689334788173088,1.4677936766544175e-06
44,4.615587886321054e-06,0.001414217912367684,1.0660957234749296e-06,0.010877141385995588,1.3416179723499773e-06,1.6453185711999337e-05,0.0004158355303871112,0.0001877276246083028,2.0131466906717796e-07,0.01519951996088638,1.3193691988539355e-05,1.1446480322374358e-06,0.0010303732850311894,1.8714450448467648e-06,2.3471790601630343e-10,6.254634358927793e-07,2.1148485148350364e-07,0.9674907702882788,7.765725845958429e-08,0.0027275134697364836,1.8234607050912177e-06,8.989125975949556e-06,2.779897297634136e-05,0.0005759671037001902,1.5194520586194578e-06
45,2.6071704527042937e-06,0.0009064438075514915,3.8376013802074687e-07,0.007347455791634611,6.737291336902996e-07,1.0825010539797487e-05,0.00016474969194410773,7.270971506807707e-05,6.297706319625442e-08,0.008660650206483876,7.934946329918911e-06,6.670584324635005e-07,0.0003421373107755741,1.2022511995236671e-06,1.0961740345648485e-10,3.15661096848368e-07,1.1847092175456648e-07,0.9810621729482023,3.674264294422082e-08,0.0011412696167647967,1.7590355698720115e-06,5.155304691322658e-06,2.1502991263453558e-05,0.00024788922465938967,1.2764678230097396e-06
46,5.214237593954634e-06,0.0009401758058405806,9.747799788072366e-07,0.009735154691736699,9.62754101494661e-07,5.906341730550716e-06,0.0002489980771862298,0.0002479602241996872,1.0895774006817571e-07,0.008330415497738504,9.77850545367157e-06,1.7244990143396085e-06,0.0009466241586374657,1.0807107529628606e-06,1.547537946015509e-10,3.1339619561200264e-07,4.921293950391317e-07,0.9763431956255094,5.014746155587356e-08,0.002423608419549365,1.5425115408735427e-06,9.832863005845938e-06,2.134186202971377e-05,0.0007232128715653636,1.330777288285273e-06
47,7.133643843828383e-06,0.0009910130174536455,7.781527775411313e-07,0.005535919876995414,6.651926651920656e-07,1.0781454885336307e-05,0.0003300271142500896,0.00014022258056654193,1.1798271987405108e-07,0.008495149951856325,9.559108774112225e-06,1.5673886110923402e-06,0.000751066650096497,1.2565342963010063e-06,1.8805667475332114e-10,5.567665660138102e-07,2.566396255455492e-07,0.980886834135597,5.9471652243990904e-08,0.0023517907155292,1.2938027810717029e-06,1.1548660408075997e-05,2.086875842412296e-05,0.00045026235436682434,1.269857201529519e-06
48,3.6758371553546906e-06,0.0011615961849123348,1.122616386552715e-06,0.010106790380552864,1.3426396886367314e-06,2.1970866805039463e-05,0.0003492698086526005,0.00012854368326240957,2.0707121923258065e-07,0.0119842884137757,1.697406381946817e-05,1.0681026363666624e-06,0.0008461454182438991,1.7648028203246498e-06,2.120477194715992e-10,5.866305926562015e-07,1.3577525285088207e-07,0.972291654181124,5.84850522232737e-08,0.002604554673514242,1.767190293173156e-06,5.90028229300118e-06,2.5324334788272443e-05,0.00044387946077713373,1.3788843337506652e-06
49,4.279456061608685e-06,0.0011273084320700202,9.824229284147281e-07,0.008616703953604801,1.2401967645635e-06,1.6078720320470417e-05,0.0003261444150263698,0.00015617583367608703,1.5923974957700952e-07,0.01137564196651064,1.3205395097731719e-05,1.3813911540909175e-06,0.000962284589080292,1.725934711350522e-06,2.0166436851361132e-10,5.490228321504779e-07,2.1243662374422493e-07,0.9742696890865509,6.269120710337248e-08,0.002623220829843866,1.5590567487221994e-06,9.467356396203398e-06,2.578677913041592e-05,0.0004649650252973415,1.1755669493729034e-06
50,6.081425020439219e-06,0.0026860990749021855,1.6755653564543474e-06,0.015639896468194737,1.9846214557196596e-06,2.519815066382147e-05,0.0008664123572741633,0.000315241028699005,4.355966937783498e-07,0.0376130797535197,1.3646087046951693e-05,1.1257863488288744e-06,0.001632749521436181,3.303699771347635e-06,4.0019407790570294e-10,1.3776743195293696e-06,2.222263431395943e-07,0.9359686129454955,1.7566225258160947e-07,0.0043743059211857355,2.3775861370255295e-06,1.5395693298340654e-05,3.561838437525787e-05,0.0007925554391749338,2.4289308407205966e-06
51,7.419707191014108e-06,0.0018354318184437722,1.9016828980525958e-06,0.011039540785010267,1.8372949731371334e-06,3.011073959887754e-05,0.0006288832977008442,0.0002420270818049543,3.887413196305322e-07,0.02108715742526188,1.8189849594569008e-05,1.7349470238505828e-06,0.0013082568889306485,2.418146981737368e-06,4.93927356415817e-10,1.3922820200993862e-06,2.8692676618713336e-07,0.9584115145536644,1.2483619112714173e-07,0.0045590506720985845,2.359025828939591e-06,1.3757026387751825e-05,3.6431119982913955e-05,0.0007673929845744469,2.3916718250609704e-06
52,2.2844853345165997e-05,0.012300771279020496,6.294529229954977e-05,0.39690234502104504,6.16697060347568e-05,2.7149105654826954e-06,0.0009423951032747887,0.044184163866576046,1.7354264829102265e-05,0.250648111522897,1.1314331648931285e-05,1.3543814114202443e-05,0.008547424083816894,1.3679679062318075e-05,2.915372004589302e-09,1.7913062299118434e-06,1.3649287931719047e-05,0.2665276786945612,1.0487727907366784e-05,0.00827014483574108,2.589770975301438e-05,4.188742510305869e-05,2.122305610724757e-05,0.011215930304935366,0.0001400290078283797
53,4.5849923959111285e-06,0.0014155407854780414,1.0685535625303107e-06,0.010895388996171691,1.3667670154425032e-06,1.6277978644183314e-05,0.00040501860105133304,0.00018812160092616698,2.0037449068934802e-07,0.015176490652538047,1.3061627015521414e-05,1.158159904464377e-06,0.0010319170315949604,1.8792201997021544e-06,2.3146084897109062e-10,6.122981873598863e-07,2.134940868664239e-07,0.9675491197992396,7.772088867724452e-08,0.0026851319317221694,1.8265136264993574e-06,9.026157476170938e-06,2.7309783564137456e-05,0.0005730914908264585,1.515237932559884e-06
54,7.6109711210183215e-06,0.0024153587565364973,1.4364401720806614e-06,0.010831794991175299,1.2880832887115214e-06,2.7476076599162132e-05,0.0007957903276803234,0.0001846927841614042,3.6278180282533535e-07,0.02457567544993709,1.409700762299159e-05,1.2506058779866275e-06,0.0013101177684137358,2.9126767449922534e-06,4.76618649482532e-10,1.3743126164148233e-06,2.030818804350398e-07,0.9553315224937579,1.2617788891372334e-07,0.0037789558866077313,2.206332274787027e-06,1.3222905253545515e-05,3.7306024891931335e-05,0.0006624106690972873,2.8069179782374373e-06
55,3.684529196245779e-06,0.0017293470313179402,9.070933350932163e-07,0.015330138204309963,2.409855415527122e-06,3.149737823364387e-05,0.00047837578775314496,0.00023031074028668786,1.7686000847854141e-07,0.029603304451292604,1.3407058735768465e-05,9.022508062432579e-07,0.0007407300170596515,3.1927043543826847e-06,4.179027853767906e-10,1.5126228431185646e-06,2.360167238623604e-07,0.9483277654331355,1.1744603159257647e-07,0.0028338535534006585,3.763324396388517e-06,1.4302246390139163e-05,6.887178109186545e-05,0.0005793194015546258,1.873794424391534e-06
56,4.6562951847158285e-06,0.001467289611142096,1.1168172644044222e-06,0.010905509174797713,1.3679513773115978e-06,1.6182314379070453e-05,0.0004247271643429196,0.00018578267848852134,2.060611630697885e-07,0.014887123307707646,1.3487465633894589e-05,1.1726896581406352e-06,0.001151074546372541,1.926749513009746e-06,2.3562642282335465e-10,6.033961408162024e-07,2.173918369772957e-07,0.9674962916206034,7.652805527813527e-08,0.0028032206825340388,1.7394682899592475e-06,8.974304777492173e-06,2.7400296390589662e-05,0.0005983807105309495,1.472538189181661e-06
57,5.801467838787825e-06,0.0016758764942768657,2.0864361780742863e-06,0.012817174906057726,2.378852316007495e-06,1.6638160999674003e-05,0.00039805768841547046,0.0003270033827772495,3.5241738026377993e-07,0.02110280372526814,1.3938670696555454e-05,2.421989765016949e-06,0.0016423855508119838,2.542301626684307e-06,2.8596265519466166e-10,7.665820049313154e-07,3.866201801125156e-07,0.9575907669600908,1.329573474005139e-07,0.003650738598373065,2.3605088639963574e-06,1.4778757717415919e-05,2.1860732985388413e-05,0.0007068460057551402,1.899946310609144e-06
58,4.640399739557859e-06,0.001357962042939867,1.0598731545363417e-06,0.010294584617092303,1.2820752179161915e-06,1.4671658964610721e-05,0.0004078058681600435,0.00018635629408808037,1.8846156366725175e-07,0.014233916606110206,1.2645912091207962e-05,1.1147656332386541e-06,0.0010329330835071547,1.7205319448921657e-06,2.2481011735057223e-10,5.714407568145176e-07,2.244231201127507e-07,0.9692193896820887,7.041343935124355e-08,0.002559862946376018,1.7242257064434703e-06,8.720181491764435e-06,2.700253559021728e-05,0.0006301153947252048,1.4363416878309934e-06
59,4.749201466557198e-06,0.0012969731703017405,1.1263597214462678e-06,0.010082111984754392,1.2161329911591054e-06,1.3494414246402871e-05,0.0004076125079463559,0.00019150041041064077,1.8435726915417637e-07,0.013578681896367352,1.2356163891853358e-05,1.1094389599481516e-06,0.0010078567407587487,1.5879042960565e-06,2.1432118277953334e-10,5.675313866862706e-07,2.2731886840169005e-07,0.9700360505690523,6.590741338679853e-08,0.0026482521725532428,1.6878446573685e-06,8.17205766937722e-06,2.5667092362818064e-05,0.0006773099377619639,1.4386705715917041e-06
60,4.615587886321054e-06,0.001414217912367684,1.0660957234749296e-06,0.010877141385995588,1.3416179723499773e-06,1.6453185711999337e-05,0.0004158355303871112,0.0001877276246083028,2.0131466906717796e-07,0.01519951996088638,1.3193691988539355e-05,1.1446480322374358e-06,0.0010303732850311894,1.8714450448467648e-06,2.3471790601630343e-10,6.254634358927793e-07,2.1148485148350364e-07,0.9674907702882788,7.765725845958429e-08,0.0027275134697364836,1.8234607050912177e-06,8.989125975949556e-06,2.779897297634136e-05,0.0005759671037001902,1.5194520586194578e-06
61,4.7836423600837484e-06,0.0013366870809088933,1.1892799768505238e-06,0.01026519436458123,1.3011826876195634e-06,1.4523337535040389e-05,0.0004072419679418118,0.0001903824984195716,2.0001440425959087e-07,0.01367348183630711,1.3188850264176088e-05,1.182818941340064e-06,0.0010580448558969787,1.708476920552405e-06,2.2178614060533849e-10,5.75728087198733e-07,2.2629518605243395e-07,0.9696192633593326,7.044402317393902e-08,0.0027291949394411745,1.7084048662215327e-06,8.45860541797833e-06,2.521228929484517e-05,0.0006447166799783377,1.462825440670013e-06
62,4.615587886321054e-06,0.001414217912367684,1.0660957234749296e-06,0.010877141385995588,1.3416179723499773e-06,1.6453185711999337e-05,0.0004158355303871112,0.0001877276246083028,2.0131466906717796e-07,0.01519951996088638,1.3193691988539355e-05,1.1446480322374358e-06,0.0010303732850311894,1.8714450448467648e-06,2.3471790601630343e-10,6.254634358927793e-07,2.1148485148350364e-07,0.9674907702882788,7.765725845958429e-08,0.0027275134697364836,1.8234607050912177e-06,8.989125975949556e-06,2.779897297634136e-05,0.0005759671037001902,1.5194520586194578e-06
63,4.7177637855424325e-06,0.0014832106457604935,1.06072438130946e-06,0.01066503175009044,1.3068299652337318e-06,1.617789009921247e-05,0.0004208773362902422,0.000182634609494433,2.0356553447470205e-07,0.015062951936125975,1.311438012888134e-05,1.0990139047719914e-06,0.0010606546352019412,1.848349784948492e-06,2.400924029360884e-10,6.04429496184546e-07,2.126786317881619e-07,0.9677432442550153,7.597299037764765e-08,0.0027055993192306124,1.7580948191408966e-06,9.025398073437427e-06,2.7285708958612517e-05,0.0005957649886180344,1.5394835263120158e-06
64,4.3687943390369115e-06,0.0012442846983820573,9.4156854108492e-07,0.010496366923214493,1.2696425020998808e-06,1.5471954170447692e-05,0.0003714649032587056,0.00017601941357017398,1.748917921895542e-07,0.013940978886509935,1.2932891664676769e-05,1.1095987049979212e-06,0.0008623217059373603,1.7287904028028915e-06,2.2492420108524112e-10,5.894045358154649e-07,2.1058173986049741e-07,0.9699363798350112,7.284061840119712e-08,0.0023542613294125804,2.02142658485079e-06,8.16830537089925e-06,2.762469350494277e-05,0.0005397517880044682,1.484907302642906e-06
65,3.871071161425258e-06,0.0011634506537882541,8.829192751948551e-07,0.009519608965360324,1.2727723371190791e-06,1.6927158869250233e-05,0.00032651961795195935,0.00014976914531971417,1.501585264135146e-07,0.013123221453201293,1.2468865707992348e-05,1.1405257260462227e-06,0.0008323412916843835,1.7524642046736111e-06,1.9746628034358939e-10,5.873705371828195e-07,1.8650159201759146e-07,0.9719856637070508,6.460089011636284e-08,0.0023679776153299843,1.808889043325104e-06,8.243412593075018e-06,2.7373597584222632e-05,0.0004534491036884868,1.2679411105301844e-06
66,5.535368335173187e-06,0.0018391444383269433,1.6808828236198463e-06,0.014243412438043649,1.8128612619247861e-06,2.229411551512056e-05,0.0006266769633170505,0.00029279068926272005,3.5235850177639186e-07,0.025265225880037826,1.569874626602116e-05,1.5336971117456148e-06,0.0016225665502793481,2.4994436341997696e-06,2.998752456419205e-10,1.085883331833851e-06,2.3793996932419677e-07,0.9505465738143191,1.3315241257136873e-07,0.004792250401436879,2.1473283611839946e-06,1.17335397104895e-05,2.9288014843644307e-05,0.0006734881983262696,1.836994696290198e-06
67,4.832142335196863e-06,0.0015258905691706514,1.1393455006184712e-06,0.011608444945375685,1.476992918032119e-06,1.540619519469056e-05,0.0004146246190049003,0.00021639560951151152,2.2830806748536816e-07,0.016959842783633806,1.2740612029207167e-05,1.1565121317900881e-06,0.0010824893255640682,1.875520972616663e-06,2.3641305373080506e-10,5.905793259246784e-07,2.2989370655200184e-07,0.9648724687818201,8.615327745552915e-08,0.0026069868921219487,1.8907090168664557e-06,9.421199555184994e-06,2.521696335490346e-05,0.0006349330786976855,1.632031300036053e-06
68,8.489764592184667e-06,0.004345085393834016,4.087952009015846e-06,0.02870189136563263,6.174959469263236e-06,2.9718656034073283e-05,0.000993638022829226,0.0006964865853336201,1.1940248287132553e-06,0.059771808768220656,1.834753713782676e-05,2.0167558664888914e-06,0.0035105967782242927,6.493497736939895e-06,6.545122575634028e-10,1.4980328602556458e-06,4.144614590612762e-07,0.8956855738235872,4.2353333277979e-07,0.004842557842776575,3.621148347792077e-06,2.0492884813462536e-05,3.229889110351894e-05,0.0013134554374686703,3.6332279893930656e-06
69,4.643333994459696e-06,0.0016551501826307469,7.962282085850181e-07,0.008143526001590311,2.595513666880529e-06,3.293481321016728e-05,0.0002824580469035634,0.00011942310752179068,2.277230650708432e-07,0.013881402234639788,1.584874102788038e-05,1.3613384109871313e-06,0.0009634852870291022,3.5180952794987086e-06,3.342014615768244e-10,5.374814903271149e-07,1.8927174449798745e-07,0.9732042403375207,1.0658711217863539e-07,0.0013071559885702627,1.95313263071367e-06,1.4977191070782432e-05,3.0629838943169256e-05,0.0003316376552992293,1.2015342377027337e-06
70,4.767914091830421e-06,0.0013157256286288478,9.438602079465785e-07,0.012513366316440663,1.2540073380964569e-06,1.3609522692842916e-05,0.0004600001941722674,0.0002912499344514388,2.1446741043796682e-07,0.01924530522433069,1.2298329147130251e-05,9.575635599331576e-07,0.0008784180750592999,1.3176563242873935e-06,2.3955831460605455e-10,6.386496242338366e-07,2.484688101501896e-07,0.961669772636411,8.685989177521534e-08,0.0027828344061960842,2.056477576176939e-06,8.771988496581345e-06,2.805743719311666e-05,0.0007664479646350326,1.6561777518599828e-06
71,4.671983103842337e-06,0.00442686388157272,2.4723930245409923e-06,0.01832204733623125,8.2721265585392e-06,6.01503427426231e-05,0.000355515139778526,0.0002565505014475766,9.511188837345354e-07,0.06011072660637174,1.659995029527938e-05,1.491590382464201e-06,0.0014841704088251794,5.92955086725865e-06,7.904146790710424e-10,1.0358303924025709e-06,2.7376436501320454e-07,0.9122480801415837,2.438866864198047e-07,0.0019270792705238363,4.22047847551422e-06,2.1683652789273258e-05,2.9744266213459275e-05,0.0007069165121597661,4.308476310847957e-06
