,0,1,2,3,4,5,6,7,8,9,10,11,12,13,14,15,16,17,18,19,20,21,22,23,24
0,3.0156188929343717e-06,0.0012359297251518147,2.0898800500182756e-07,0.01647469779863506,6.218029124365259e-07,4.179538805133175e-06,0.00025098129609452607,0.0003428211010568383,7.048709251423867e-08,0.024874684188215365,4.355052084155428e-06,3.1325873907994135e-07,0.00023780124197527057,5.990836038289472e-07,1.5719554663885652e-10,2.6740982276195577e-07,2.936841397568012e-07,0.9548704734518355,6.268938700849088e-08,0.0008495482450495899,3.2430557316820885e-06,7.171934387251138e-06,3.274220771723357e-05,0.0008031314717066488,2.78651176293576e-06
1,6.699372425854911e-06,0.0015777713148147324,1.307752525032819e-06,0.01969625575993471,1.5957379154957438e-06,1.4729326680091651e-05,0.000828465072838793,0.0008628315944094736,4.974658031036581e-07,0.045649368060956735,1.4063606366349056e-05,9.305072005010094e-07,0.0009174143107043197,1.0687956353869363e-06,4.0780049965009054e-10,1.1847008565728795e-06,3.751091242787913e-07,0.9247874060331398,1.9916960822071837e-07,0.004121046438941304,3.490312208378805e-06,1.086977030987495e-05,3.0538038328275495e-05,0.0014690439175317638,2.847423940556547e-06
2,5.694996231268083e-06,0.0013103897703215625,7.809761049856495e-07,0.01548991503298392,1.0961719139727354e-06,1.177913414829234e-05,0.000629012142948625,0.0006064159445808142,2.518112032133698e-07,0.029364695969939916,1.1513942391228386e-05,8.074833456982533e-07,0.0007123007786473599,8.731267064002043e-07,3.6417858093037766e-10,8.593579083385343e-07,3.820399073821988e-07,0.9471581226663282,1.1363800179472126e-07,0.0033813261120603185,2.758886293811255e-06,1.1303810732247995e-05,3.911029956942899e-05,0.0012582035794219937,2.291964130710447e-06
3,4.8978614491854735e-06,0.001226274572783086,8.190903785047792e-07,0.016445118037536368,1.2211114467730184e-06,1.0347128572184613e-05,0.0005355881691120863,0.0005935961520459357,2.4996633290479757e-07,0.02929043204309856,1.1171619054807682e-05,7.410764045732812e-07,0.0006991658837035985,8.101137651870314e-07,2.5630863450133586e-10,6.686935606706071e-07,3.238328562242295e-07,0.9470625404681574,1.088574468032051e-07,0.0028662008212835374,2.626912110873763e-06,8.503949626981906e-06,2.85179119101203e-05,0.001208071782182444,2.0036888723692804e-06
4,4.836411112989416e-06,0.001321996513340836,8.856737759202322e-07,0.016257321870313497,1.3651605409094123e-06,1.1106156831093403e-05,0.0005395632858940493,0.0005507047019873047,2.595788771342398e-07,0.029391350216625263,1.1560560822763681e-05,7.777666006760701e-07,0.0008168621113836517,9.185071376871872e-07,2.671220940726927e-10,6.654452014186447e-07,3.268935369485003e-07,0.9469679711169547,1.0766162837735408e-07,0.0028499379261194215,2.540015159980484e-06,8.800942628754753e-06,2.8790227751461544e-05,0.001229453112094046,1.8978765590493291e-06
5,3.9659893800588136e-06,0.0010689920700122238,6.487119878909336e-07,0.016383228485751727,1.0516960153303065e-06,8.40220955816871e-06,0.0004542450469934802,0.0005243452744501394,1.7861035322164427e-07,0.02560679394584805,9.93199255740434e-06,6.19285802755049e-07,0.0006062292941721815,6.83170476746589e-07,1.9491396796981638e-10,5.283410739390041e-07,2.912190312293534e-07,0.9516519283884304,8.285943402364058e-08,0.0025125740446425102,2.4252315551891097e-06,6.948011825450332e-06,2.7599636177632998e-05,0.0011266134329426419,1.6928566136108257e-06
6,4.8978614491854735e-06,0.001226274572783086,8.190903785047792e-07,0.016445118037536368,1.2211114467730184e-06,1.0347128572184613e-05,0.0005355881691120863,0.0005935961520459357,2.4996633290479757e-07,0.02929043204309856,1.1171619054807682e-05,7.410764045732812e-07,0.0006991658837035985,8.101137651870314e-07,2.5630863450133586e-10,6.686935606706071e-07,3.238328562242295e-07,0.9470625404681574,1.088574468032051e-07,0.0028662008212835374,2.626912110873763e-06,8.503949626981906e-06,2.85179119101203e-05,0.001208071782182444,2.0036888723692804e-06
7,4.839836633687695e-06,0.0015409940373331136,1.1233330518024013e-06,0.01743897796069096,1.1850582318842184e-06,8.57704635730145e-06,0.000641231306221244,0.0005678966024710458,3.1420319670682977e-07,0.026339032113673517,1.3324514617290635e-05,7.08304573039123e-07,0.0013205701198945288,7.759826660510062e-07,2.159457762035208e-10,4.6713858218378776e-07,3.059389513746323e-07,0.9468274240152449,8.560827836103207e-08,0.0036475408499522955,1.6830976950325039e-06,6.587440910687196e-06,2.078392914698422e-05,0.0016139049398242505,1.6664058558754e-06
8,5.453855920883103e-06,0.00160122371562133,9.615561331410607e-07,0.02274845587419176,1.2478916094453313e-06,8.207989069494018e-06,0.0006680739378516193,0.0008344831461912922,2.6499703441919215e-07,0.04150335338697733,8.728454405858038e-06,6.32979154129249e-07,0.0007719144660835789,8.396335280438229e-07,2.9207289945470884e-10,7.777304476436726e-07,4.1882901555946126e-07,0.9266397551782926,1.0997420151544626e-07,0.0032321206127894245,3.115413113285698e-06,8.878805987180085e-06,3.622969332505864e-05,0.0019217837551313364,2.9678318514076628e-06
9,5.609400746784013e-06,0.001751299802335733,1.281444466381473e-06,0.023720756577343318,1.2846981721328977e-06,7.094167599996447e-06,0.0007009622261624381,0.0008667562481669421,3.309759949140784e-07,0.03770812185762157,9.899699755672316e-06,6.733775532789668e-07,0.001072314728550903,8.022454244522117e-07,2.5106071451921165e-10,6.172553282328472e-07,4.118551297578974e-07,0.9281209727609884,1.0561868484643131e-07,0.0037774338188775467,2.515013443104526e-06,7.409975074115599e-06,2.614897555302983e-05,0.002214405721410644,2.791304555069802e-06
10,4.8978614491854735e-06,0.001226274572783086,8.190903785047792e-07,0.016445118037536368,1.2211114467730184e-06,1.0347128572184613e-05,0.0005355881691120863,0.0005935961520459357,2.4996633290479757e-07,0.02929043204309856,1.1171619054807682e-05,7.410764045732812e-07,0.0006991658837035985,8.101137651870314e-07,2.5630863450133586e-10,6.686935606706071e-07,3.238328562242295e-07,0.9470625404681574,1.088574468032051e-07,0.0028662008212835374,2.626912110873763e-06,8.503949626981906e-06,2.85179119101203e-05,0.001208071782182444,2.0036888723692804e-06
11,4.863259429375901e-06,0.0012434309356786364,8.309504109848994e-07,0.016315306385740573,1.2233860991915606e-06,1.0229512475849083e-05,0.0005399604376910696,0.0005789137056554637,2.464213026164982e-07,0.028564410586633216,1.1289470705136252e-05,7.529195554806106e-07,0.0007501042564889357,8.270990082146366e-07,2.5318144728351053e-10,6.520583144526006e-07,3.264636598176147e-07,0.947800991238417,1.0535862190429349e-07,0.002912121267637317,2.5235553962129575e-06,8.486108510225102e-06,2.8548289312925398e-05,0.0012219338249512444,1.922255122541027e-06
12,2.1896912385160836e-05,0.003595756727657114,8.512486954440735e-06,0.07006915324805561,2.248059332420993e-06,1.5058397099844103e-05,0.004322042733312482,0.005758312762745091,8.595656747013233e-06,0.11250200999625141,3.959619606295729e-05,1.228885914021544e-06,0.002525344782690926,1.0458597536862517e-06,1.4672935983899973e-09,2.116779337452457e-06,6.667047652068439e-07,0.7787510512807286,9.005259394248093e-07,0.015840828430427816,5.727358653660656e-06,8.10432742405949e-06,2.050030961062298e-05,0.006482468443327844,1.6831667529476182e-05
13,5.314256944508877e-06,0.0011486358604220204,9.200859006787014e-07,0.015773657902005807,1.3378630330999882e-06,1.0081878437018552e-05,0.00048359886829504536,0.0006122298749334144,2.76163035699407e-07,0.023675944150016958,1.33988890977941e-05,1.0020550055108293e-06,0.0007765764921092972,8.782977042257779e-07,2.7166145436881486e-10,5.817336146338885e-07,3.8152401330622585e-07,0.9534917518137987,1.1577768620934675e-07,0.002837686303394494,2.615005527402938e-06,9.24914170578311e-06,2.6194062412441674e-05,0.0011256263048514531,1.9454243928335423e-06
14,3.438827131745331e-05,0.00032626349933178206,1.4616431405169348e-06,0.010516431255208587,6.726956825244112e-07,7.076057500043774e-06,0.0007074594994250543,0.001702705076010179,3.3830715242839624e-07,0.006306910760801273,1.7240432132000994e-05,5.759899001606292e-06,0.00023126028486930735,8.741236806125299e-07,9.39332513238272e-10,1.5450225534160194e-06,1.7701262708506824e-06,0.975564091782329,3.3113882507252377e-07,0.0034460659125375823,6.338858803628223e-06,2.4797086196568878e-05,6.686759831794324e-05,0.0010230091710936588,6.340558486443461e-06
15,4.8978614491854735e-06,0.001226274572783086,8.190903785047792e-07,0.016445118037536368,1.2211114467730184e-06,1.0347128572184613e-05,0.0005355881691120863,0.0005935961520459357,2.4996633290479757e-07,0.02929043204309856,1.1171619054807682e-05,7.410764045732812e-07,0.0006991658837035985,8.101137651870314e-07,2.5630863450133586e-10,6.686935606706071e-07,3.238328562242295e-07,0.9470625404681574,1.088574468032051e-07,0.0028662008212835374,2.626912110873763e-06,8.503949626981906e-06,2.85179119101203e-05,0.001208071782182444,2.0036888723692804e-06
16,5.8995261956922075e-06,0.0013716539702509395,1.1142299844719125e-06,0.017816578055337772,1.4652684463033577e-06,1.224325111063668e-05,0.0006494242430097016,0.0006835926182061407,3.6139228205392964e-07,0.028571711010782295,1.397416862810632e-05,8.686579708716794e-07,0.0008907308863750144,9.455606183579364e-07,3.2852939174204555e-10,7.248679320846969e-07,3.57725051349099e-07,0.9450569877240301,1.316133216663932e-07,0.003497367039521628,2.4776296599403086e-06,9.557356535085579e-06,3.0374327248610867e-05,0.0013792085879302841,2.249961041520488e-06
17,4.647492216412363e-06,0.00117457382350512,7.669118944184464e-07,0.01650261005713486,1.1802361496616855e-06,9.778671739985409e-06,0.0005093239756147044,0.0005683906038606504,2.230841586819037e-07,0.027285230907228956,1.0897175204537614e-05,7.344721215481445e-07,0.0006832979795059448,8.149960336694175e-07,2.3726243436141885e-10,6.269838751969496e-07,3.173709282700811e-07,0.949286433918067,1.0175234451129466e-07,0.0027740844471919267,2.5787400784262523e-06,8.22935939468431e-06,2.9230290145370132e-05,0.0011440330961200863,1.893418222959736e-06
18,4.410842907774596e-06,0.0017010934017834657,1.4283139129802725e-06,0.030188157036370483,2.7943043076246476e-06,3.032073843094026e-05,0.0008411114865573175,0.0008110807543542556,6.668796644865286e-07,0.04823811772761282,2.541141862795917e-05,7.702160456365196e-07,0.0011083367477058184,1.4689304975554103e-06,4.6260706119343567e-10,1.2751724090427034e-06,2.2781875508773059e-07,0.9103769387574538,2.0636208461930215e-07,0.005442586075677135,3.586400800758208e-06,7.845121196627645e-06,4.0406051003713066e-05,0.0011694224835967358,2.336495636069682e-06
19,4.7211882667078165e-06,0.0014387832306645616,1.1824920511883992e-06,0.019303520431368147,1.877980062295404e-06,1.1205673854020721e-05,0.000507294342633551,0.0007224679714283203,3.377599322767264e-07,0.03421153742281224,1.2326435077134075e-05,9.800237010472884e-07,0.0010368896446819869,1.030444259926408e-06,2.69683787705215e-10,6.430861283653814e-07,3.9632501045102493e-07,0.9380730776197218,1.2659755324742322e-07,0.0032864353388542163,2.6428965586615054e-06,1.0166436736562116e-05,2.5675415793085896e-05,0.0013447214713813403,1.9595017853177437e-06
20,4.636207368837682e-06,0.0013337229293168273,8.397885193167138e-07,0.018160774414346114,1.4322202168552518e-06,8.97966672602794e-06,0.0004904582889758989,0.0007661965343329288,2.5538013348968495e-07,0.03298357314317306,9.994644134608548e-06,8.385391885609808e-07,0.0007505588608625935,8.803833425659563e-07,2.810835960817775e-10,6.244277875188079e-07,4.2948560971729484e-07,0.9411843104588385,1.194379275405912e-07,0.002930403239945521,2.864303559937871e-06,1.1779247635267674e-05,2.9960409488642984e-05,0.0013242218184882474,2.145888997986832e-06
21,4.847910950587185e-06,0.0010473391918869453,7.597906742513896e-07,0.014541902521398361,1.0567614270231197e-06,1.0545674809166943e-05,0.000529644065383904,0.0004992982801291295,2.015453885058762e-07,0.026220357011493948,1.1073099338902383e-05,8.111400151216277e-07,0.0007240211076004275,7.640744533271025e-07,2.1782231136929442e-10,7.298207085427398e-07,2.9412960002189165e-07,0.9522920721087083,9.264507187059e-08,0.002996199663832509,2.426789573137591e-06,7.403660373852647e-06,2.8555292340687218e-05,0.00107800598858665,1.5975084327497064e-06
22,4.570812668973971e-06,0.0008478466627108,6.310674158559884e-07,0.01259227183606636,9.197130690863373e-07,8.853168214770194e-06,0.00043114553248809845,0.0004714570099647346,1.5906402446818963e-07,0.020643154693974704,1.0700716501599182e-05,7.10526515087812e-07,0.00048591028139936544,6.332073957202345e-07,2.0253866001462764e-10,6.119315576058432e-07,3.088717339501845e-07,0.9610974553195557,8.204304998023844e-08,0.0023692238811581154,2.5618104368778488e-06,7.198583284606574e-06,2.7233458325495332e-05,0.000994842807048194,1.5167989013289907e-06
23,4.8978614491854735e-06,0.001226274572783086,8.190903785047792e-07,0.016445118037536368,1.2211114467730184e-06,1.0347128572184613e-05,0.0005355881691120863,0.0005935961520459357,2.4996633290479757e-07,0.02929043204309856,1.1171619054807682e-05,7.410764045732812e-07,0.0006991658837035985,8.101137651870314e-07,2.5630863450133586e-10,6.686935606706071e-07,3.238328562242295e-07,0.9470625404681574,1.088574468032051e-07,0.0028662008212835374,2.626912110873763e-06,8.503949626981906e-06,2.85179119101203e-05,0.001208071782182444,2.0036888723692804e-06
24,3.672352353181061e-06,0.0013211671853045066,7.055765642071147e-07,0.01899400898660763,1.31110938746431e-06,9.907045686783446e-06,0.00045343835025806736,0.00052271904150212,2.025445130177527e-07,0.03066970706419457,1.0233555621454087e-05,6.525008252715448e-07,0.0007519397052295275,9.076843622102877e-07,1.9960679058430502e-10,5.659672165420535e-07,2.7312065284715744e-07,0.9434256360212273,9.760210359820231e-08,0.0027832313375090573,2.504603479904726e-06,7.6216648779237095e-06,2.8009423566917393e-05,0.001009744181695141,1.7431756538856777e-06
25,4.414041264688385e-06,0.0008109391126319747,7.349406292687759e-07,0.018347521809280943,9.030500738153255e-07,5.745852482537294e-06,0.000493736450841231,0.0007544320448648149,1.6157891625472055e-07,0.019474493349404605,1.14531824160112e-05,8.205380026293461e-07,0.0006666764273493517,6.035345406360612e-07,1.5092732552355724e-10,4.940404047643928e-07,3.618338292868591e-07,0.9548293133088934,8.754903579076633e-08,0.003382542850601766,2.3117003638199423e-06,6.393742683506454e-06,2.5797700816880958e-05,0.0011786078070542454,1.4534026903452292e-06
26,5.8137732377635176e-06,0.000936329442156307,9.125899028473231e-07,0.012658324500938399,8.794606135447319e-07,5.643835818992567e-06,0.00046611704255810054,0.0005949167983568892,2.0644302919416488e-07,0.019217010889880145,9.229763954293319e-06,7.084730404169274e-07,0.0006414507684857852,4.7324178378367025e-07,1.8940938095131323e-10,4.105782955265653e-07,4.090714310551743e-07,0.9613791086518698,6.839633821025569e-08,0.0022770484520990724,1.916840464464705e-06,6.467583291614631e-06,1.9968748259792407e-05,0.0017748097583739342,1.7747064107943e-06
27,6.344447783697759e-06,0.001420028920244105,9.82690267386569e-07,0.01629416051119187,1.2178694256162535e-06,1.2517922738476559e-05,0.0006668132751354645,0.000744229391245334,3.647215826012669e-07,0.03490260220543194,1.2044661816750945e-05,7.99158892729799e-07,0.0006880263766170109,8.338019957742998e-07,3.920919515713675e-10,9.065148249197678e-07,3.7959888713895943e-07,0.9402110014998708,1.3969840437560434e-07,0.0035909736987993117,2.9175810349700546e-06,1.175637508947039e-05,3.2239643309232023e-05,0.0013959090568239256,2.8099864949377613e-06
28,4.8978614491854735e-06,0.001226274572783086,8.190903785047792e-07,0.016445118037536368,1.2211114467730184e-06,1.0347128572184613e-05,0.0005355881691120863,0.0005935961520459357,2.4996633290479757e-07,0.02929043204309856,1.1171619054807682e-05,7.410764045732812e-07,0.0006991658837035985,8.101137651870314e-07,2.5630863450133586e-10,6.686935606706071e-07,3.238328562242295e-07,0.9470625404681574,1.088574468032051e-07,0.0028662008212835374,2.626912110873763e-06,8.503949626981906e-06,2.85179119101203e-05,0.001208071782182444,2.0036888723692804e-06
29,4.8978614491854735e-06,0.001226274572783086,8.190903785047792e-07,0.016445118037536368,1.2211114467730184e-06,1.0347128572184613e-05,0.0005355881691120863,0.0005935961520459357,2.4996633290479757e-07,0.02929043204309856,1.1171619054807682e-05,7.410764045732812e-07,0.0006991658837035985,8.101137651870314e-07,2.5630863450133586e-10,6.686935606706071e-07,3.238328562242295e-07,0.9470625404681574,1.088574468032051e-07,0.0028662008212835374,2.626912110873763e-06,8.503949626981906e-06,2.85179119101203e-05,0.001208071782182444,2.0036888723692804e-06
30,4.8978614491854735e-06,0.001226274572783086,8.190903785047792e-07,0.016445118037536368,1.2211114467730184e-06,1.0347128572184613e-05,0.0005355881691120863,0.0005935961520459357,2.4996633290479757e-07,0.02929043204309856,1.1171619054807682e-05,7.410764045732812e-07,0.0006991658837035985,8.101137651870314e-07,2.5630863450133586e-10,6.686935606706071e-07,3.238328562242295e-07,0.9470625404681574,1.088574468032051e-07,0.0028662008212835374,2.626912110873763e-06,8.503949626981906e-06,2.85179119101203e-05,0.001208071782182444,2.0036888723692804e-06
31,4.547701900748805e-06,0.0012135703483341195,9.369312177120365e-07,0.01828052588963083,1.2369355126085085e-06,5.766898483000148e-06,0.0004486378946837159,0.0007646863914158704,2.0953896102957736e-07,0.027444705752641747,8.335095030303863e-06,7.501278612383198e-07,0.0008380523716895158,7.03491281061808e-07,1.6133393786382618e-10,4.404366575464201e-07,3.8324471441872723e-07,0.9466019878142624,9.08230424661975e-08,0.0028067439018256636,2.1543000715176843e-06,7.540707274550179e-06,2.096013344615807e-05,0.0015452611550593525,1.7719536682443682e-06
32,5.313758354460821e-06,0.0012730861396021277,8.735918464111425e-07,0.016676904806869938,1.2702685675899997e-06,1.0670511778362965e-05,0.0005639424292196352,0.000637553972340079,2.775899133151383e-07,0.03070621491928162,1.1445571749822064e-05,7.910666053882461e-07,0.0007126548159658453,8.546903165328391e-07,2.852728385829878e-10,7.220429459908534e-07,3.484083145403229e-07,0.945165815147092,1.2346135448024157e-07,0.0029466925434831863,2.806695609533154e-06,9.274941185229987e-06,2.8969215072928854e-05,0.0012412006131246915,2.1925141336745822e-06
33,1.4372522849828273e-05,0.0014772867408596616,4.787365413229695e-06,0.04595003843909227,1.6825109996668042e-06,3.717180620871239e-05,0.0024910214608106543,0.0020637006853358136,5.041732863746755e-06,0.08275477237819603,5.0249545077539765e-05,9.574883857508266e-07,0.000508643497293741,7.534976890041355e-07,2.0261809991357104e-09,3.4990004119112653e-06,3.853273614694068e-07,0.8545369036361462,4.811629883452147e-07,0.006752803657307781,1.3516163701418202e-05,3.818993255333639e-06,4.3497895036365214e-05,0.0032636229123570483,2.0989554177439136e-05
34,1.2661589997657714e-06,0.0005039403936643529,2.339591215191254e-07,0.012559538969558998,6.64856443458685e-07,4.411663183674306e-06,0.00016137633918600634,0.00027737890489314484,2.7722262220197857e-08,0.014331884433585247,5.718496305399764e-06,4.5388202045203963e-07,0.00032831231468209867,3.5955274043399284e-07,5.544628844683252e-11,2.6378475581853356e-07,2.313980787045345e-07,0.9693087060925474,2.09974942364915e-08,0.0018226817329105734,1.5721427809074824e-06,4.48905624242499e-06,3.103569748237247e-05,0.000654855665306613,5.757303079792185e-07
35,1.6956481543097188e-06,0.005697831731436034,1.1907532040318855e-05,0.08760047230890894,8.057917963245982e-05,0.002286903190223913,0.0032968902565833676,7.114255428150637e-05,6.587549356690237e-07,0.06705227864264612,0.0003037684566527878,3.930877055104419e-06,0.021241285200492562,0.00013945371899734153,3.859762256743586e-09,2.761156730725275e-05,8.295187613758609e-08,0.7766149028053652,1.3033494637865615e-07,0.03373233602986657,4.620285365405855e-06,1.0060845959522763e-05,0.001161306346279406,0.0006591884811139976,9.584401175200254e-07
36,4.865118414599042e-06,0.001221025760036369,8.117817358422467e-07,0.016397948993724903,1.21248622893154e-06,1.0359933403158732e-05,0.0005344222302076153,0.000588614044606932,2.4768145382720156e-07,0.029174237095772316,1.1167564851047287e-05,7.336300969850175e-07,0.0006937557029107715,8.055928025639734e-07,2.54913551686659e-10,6.674501692533691e-07,3.205568316037771e-07,0.9472550714159544,1.0784520569962882e-07,0.0028598262284749145,2.618356945485427e-06,8.438049497068958e-06,2.8566063977963197e-05,0.0012021841360380016,1.9920257461517694e-06
37,5.706693015376002e-06,0.0010093928179504405,7.273313316074583e-07,0.012005748762249212,8.954646992279246e-07,7.385371507421926e-06,0.0004530130351563809,0.0004513493215333317,1.7946762882917678e-07,0.018278477754283394,9.7713089212025e-06,7.375936357891164e-07,0.0006307336696361082,6.748159100590479e-07,1.827175603776045e-10,4.78370437596893e-07,3.010158744500934e-07,0.9637791882957325,8.295124018927299e-08,0.0022263269716808897,1.942052833897593e-06,6.976038098475545e-06,2.1392635463555882e-05,0.0011069340271553604,1.5840513072516148e-06
38,6.243794221852913e-06,0.0009687426605648178,6.267891874483881e-07,0.010245173541299654,8.238691734066677e-07,1.7131555433142512e-05,0.0007275030756276196,0.00035522114649068543,2.131238712398828e-07,0.023580061887954987,1.3590506344466197e-05,6.618181172841198e-07,0.0005157498768214417,7.491191503901054e-07,3.519612318659885e-10,1.1167985026912031e-06,2.3421216904233366e-07,0.9598563063477733,9.687413912512654e-08,0.002675813926778332,2.508612125500725e-06,7.849672580899692e-06,3.9161777544367244e-05,0.0009827103848183234,1.7082773486189992e-06
39,5.2826757879305e-06,0.0007729557266633172,8.40133862116508e-07,0.017621621397426818,1.2214351428519894e-06,1.0817487793726434e-05,0.0005389569552948293,0.0008166400492257366,2.2810932758758974e-07,0.027918683866132377,1.2744822283121512e-05,9.69835774606985e-07,0.0004952517758967161,6.951664348020823e-07,2.6047411352871247e-10,9.846837256627942e-07,3.8592936808303115e-07,0.9473076276228335,1.3204007274129248e-07,0.003309518967606347,3.888210501224703e-06,7.809292755018348e-06,3.440966514195997e-05,0.0011363508318809714,1.9830585940261602e-06
40,5.8934366371705035e-06,0.0012556215408628772,8.270795399598382e-07,0.013253342692182597,1.243127829886984e-06,1.0665728656529586e-05,0.00048125758110423067,0.0004928100535065143,2.491625577791922e-07,0.023447471149694758,1.1201317374009643e-05,8.472235510781855e-07,0.0006611368805345088,9.260726808593781e-07,2.900907474387012e-10,6.122103692545491e-07,3.4905348703291455e-07,0.9569217012496259,1.132016789756066e-07,0.00232156268072955,2.502661506222711e-06,1.0148669161334181e-05,2.7074879303099085e-05,0.0010903482968053048,2.0937605297874557e-06
41,2.2638713772838626e-06,0.00023568783187310436,1.0759163372888697e-07,0.00567842700978397,1.6548224045789158e-07,1.9248377228763958e-06,0.00018183095918411827,0.00019264675682789225,1.4390854831071226e-08,0.004745437333791495,4.801995547746665e-06,5.41960173858478e-07,0.0002028635493279923,1.9726890944796031e-07,3.050369299194013e-11,1.56285081987648e-07,1.8739960673220622e-07,0.9871234819366252,1.9477349574590284e-08,0.0012491247067619904,9.08806328475704e-07,3.6857700046002444e-06,1.931657740162108e-05,0.00035580680589994087,4.0136518735631935e-07
42,5.861806473361477e-06,0.0012494287169077206,9.251462820592696e-07,0.0183687808676071,1.281379289762519e-06,1.0267068981678346e-05,0.0006164771948958353,0.0008927094617309499,2.9801159002391037e-07,0.03626866252400832,1.1071681307882145e-05,8.986235923761675e-07,0.0006451819634572175,8.488254167803131e-07,3.3045273501798313e-10,9.445670555524473e-07,4.3811519597943314e-07,0.9369093515700028,1.5647566020884202e-07,0.0036405085636928274,3.4319979490752843e-06,1.2177205776741282e-05,3.256834836090845e-05,0.0013251327336255463,2.596820686827382e-06
43,5.236955702616126e-06,0.0012282385505385286,8.553334383430469e-07,0.015876181563459883,1.1142222272541795e-06,9.265260430223926e-06,0.0005484100858984128,0.0005529188615188116,2.457278063867731e-07,0.024520572977140328,1.1422832582024112e-05,7.60629926834522e-07,0.0007618966719899791,8.129997487054075e-07,2.3733652617539083e-10,5.81322482519651e-07,3.1637343052487076e-07,0.9523545911223288,1.0181855307450399e-07,0.0028786377487063416,2.2693088565095182e-06,7.864691361175653e-06,2.653058715576046e-05,0.001209224122832725,1.9499945474073748e-06
44,4.8978614491854735e-06,0.001226274572783086,8.190903785047792e-07,0.016445118037536368,1.2211114467730184e-06,1.0347128572184613e-05,0.0005355881691120863,0.0005935961520459357,2.4996633290479757e-07,0.02929043204309856,1.1171619054807682e-05,7.410764045732812e-07,0.0006991658837035985,8.101137651870314e-07,2.5630863450133586e-10,6.686935606706071e-07,3.238328562242295e-07,0.9470625404681574,1.088574468032051e-07,0.0028662008212835374,2.626912110873763e-06,8.503949626981906e-06,2.85179119101203e-05,0.001208071782182444,2.0036888723692804e-06
45,2.8974694570780662e-06,0.0007673463842121251,2.860408163951658e-07,0.010784101531094693,5.898317281401364e-07,6.846497993078412e-06,0.00021964587080547298,0.00023411313120075898,7.64540047435012e-08,0.016552532352105766,6.738420574647736e-06,4.3065020312780155e-07,0.0002345427782875673,5.026672190794965e-07,1.209546893380746e-10,3.4898852536674753e-07,1.86601864690499e-07,0.9694011381223865,5.105224612186641e-08,0.001224018565224665,2.4813693615557644e-06,5.022267910269152e-06,2.2852924403746554e-05,0.0005316474521560705,1.6024552637257803e-06
46,5.32275408438059e-06,0.0008249308666500446,7.584560437050525e-07,0.014993850939985736,9.200089565954437e-07,3.7799668064131123e-06,0.00031333399122263674,0.0007740478014495567,1.3496555485961958e-07,0.0165667023474462,8.270172563419755e-06,1.1101709827960034e-06,0.0006484024882159756,4.778085235571622e-07,1.6611371707798344e-10,3.324655581251212e-07,7.40689831743727e-07,0.9618114596988346,6.916710194411474e-08,0.0024800349982175957,2.278492559020534e-06,9.069124355458154e-06,2.1855253112948905e-05,0.0015303690929031827,1.7481129256914671e-06
47,7.447371825860267e-06,0.0008500356202649618,5.911870703000129e-07,0.0082751285502562,6.110166699951001e-07,6.857678162103981e-06,0.00041635236953472746,0.0004293311675425088,1.429305736788246e-07,0.01626466758953175,8.076558526045861e-06,1.0028055851576112e-06,0.000502737538677234,5.374169876298465e-07,2.0258898927849447e-10,5.848258234012014e-07,3.859088842678811e-07,0.9698626732560245,8.012798198664625e-08,0.002385218080203582,1.871312925764404e-06,1.0593866597782632e-05,2.143080103939232e-05,0.0009519843880717607,1.6574286503948706e-06
48,4.285078290424763e-06,0.0009231514807299092,8.311659015884822e-07,0.01408299017995195,1.126395791865173e-06,1.4378450484407947e-05,0.00047426866550173463,0.0004044115874411961,2.5675626214683716e-07,0.021285951626734828,1.5249662737015926e-05,6.964214925885996e-07,0.0005585078205529865,7.045259611301047e-07,2.4128883286995355e-10,6.54999494722841e-07,2.100481113190761e-07,0.9584898035584575,8.02752243909661e-08,0.002767667196725189,2.4419287479437417e-06,5.573076226710307e-06,2.693075224425849e-05,0.0009381416851759115,1.6864204696342694e-06
49,4.434345239665596e-06,0.000967600284829977,7.580209189859703e-07,0.0131772651021185,1.1571273054383082e-06,1.0548510750123787e-05,0.00042400605504916834,0.0004889949868699162,1.9911684363805524e-07,0.022355077908869567,1.1438949202681907e-05,9.050702236329429e-07,0.00065971701708792,7.716315409903574e-07,2.1949982818163774e-10,6.075209654550457e-07,3.1641024704100074e-07,0.9581205769116224,8.963166218288348e-08,0.002788992069021974,2.3112573645598474e-06,8.903558518229635e-06,2.6840488754640354e-05,0.0009469713040758395,1.5165014176728116e-06
50,6.643577017021673e-06,0.0021446532715148773,1.2535140461047977e-06,0.0218696268949719,1.6788398723573167e-06,1.5253098681977037e-05,0.0010764065367613403,0.0009594539533145102,5.189257517795066e-07,0.06528645792757763,1.1480391002800248e-05,7.380519516733231e-07,0.001044721204910908,1.3314743677557162e-06,4.2648080494461884e-10,1.4208994025836501e-06,3.4076271004846005e-07,0.9014541973331979,2.3465485779063095e-07,0.004461067156204486,3.2662361161051764e-06,1.4252112888780455e-05,3.5168916045006294e-05,0.0016067688297801983,3.0650105735088207e-06
51,7.82743782711685e-06,0.0016120377671786164,1.466336589757472e-06,0.017154815338270204,1.7304194787403605e-06,1.9748728161760172e-05,0.0008420303286060655,0.0007849009698620818,5.031283267296317e-07,0.042582075880690386,1.5835513666847586e-05,1.10290699764194e-06,0.0009212414857388498,1.0704187426365825e-06,5.487661983057122e-10,1.5436075704488469e-06,4.3038416343281306e-07,0.929522982628288,1.8124672187640435e-07,0.004847508528407669,3.441485195504719e-06,1.2839401911599447e-05,3.810645391605976e-05,0.0016235070648829926,3.071990038864905e-06
52,1.7303611274745577e-05,0.007118838495619254,3.142128970549945e-05,0.3838896573526653,4.200502478902665e-05,9.78640387219349e-07,0.000766356451931008,0.10339458422324603,1.3862623335298319e-05,0.3171570361791665,6.013165669477678e-06,5.768414226049889e-06,0.004506761647880125,3.5630287667365023e-06,2.222643983338959e-09,1.2673585696702712e-06,1.7423541373416225e-05,0.15885003845445336,1.0651098164186935e-05,0.005147850777507749,2.2088924565721407e-05,2.541203934958537e-05,1.4821304367525755e-05,0.018842895857774055,0.00011339827256856725
53,4.868535588932168e-06,0.0012283440938597005,8.211315045614084e-07,0.0164849729388666,1.2441080983437427e-06,1.0237365742219917e-05,0.0005222144471975729,0.0005957330176929851,2.4894462184596154e-07,0.02927723391322124,1.1060076783446286e-05,7.501065831983534e-07,0.0007010347472194333,8.140649684230532e-07,2.529472493270709e-10,6.554688099611112e-07,3.2729599203236687e-07,0.94708964094177,1.0908997769317607e-07,0.0028260759821703437,2.6317635491359955e-06,8.553274588229895e-06,2.8041481770170525e-05,0.0012023890760668669,1.9978804094904566e-06
54,8.031631225949612e-06,0.002081233990227631,1.1148469420833596e-06,0.016267062101934956,1.1635179563302894e-06,1.671889776789692e-05,0.0009993689789947803,0.000584492892586776,4.4852186359115205e-07,0.046302922451424644,1.1789882478727412e-05,8.162837802374537e-07,0.0008808456558833498,1.2485930248778547e-06,5.135827966756379e-10,1.4269861359907796e-06,3.151013337295383e-07,0.9274513886098255,1.7496307380034312e-07,0.003950302009966394,3.139852697707304e-06,1.2524190058063838e-05,3.731738501812351e-05,0.001382428048895347,3.7240933207571394e-06
55,3.908040082935236e-06,0.0014246748232259912,6.875039316271562e-07,0.021876856099829717,2.0833071413169025e-06,1.8707284191377824e-05,0.0005828409100709978,0.0007056707981762691,2.0981749863174882e-07,0.05275665877534256,1.1085942249212255e-05,5.867773116140541e-07,0.00048331149374330394,1.297323212566116e-06,4.4179966370585367e-10,1.5162733557824835e-06,3.6706699555366337e-07,0.9179577364030782,1.5256521167541114e-07,0.0028748817483604176,5.168662549737326e-06,1.3321677716505961e-05,6.803761039816371e-05,0.0012078324724665353,2.406182059455012e-06
56,4.901942393601802e-06,0.001270960845572951,8.592494269067829e-07,0.016512114378631895,1.2503236903379063e-06,1.0194164654728314e-05,0.0005434963817594279,0.0005843824395227189,2.552143152705923e-07,0.028712184728186322,1.1410340634703035e-05,7.610947606507842e-07,0.000777513232737306,8.376440987068186e-07,2.563052248757036e-10,6.443090155803092e-07,3.311923035145875e-07,0.9473436589102907,1.0709965376258363e-07,0.002935689206107401,2.5186405473273424e-06,8.463875744997677e-06,2.8055679231240454e-05,0.001247460565284834,1.948285129679229e-06
57,6.059106803813726e-06,0.001478802200053136,1.5884371150028725e-06,0.019898166715578206,2.2090245558431567e-06,1.0742057317156033e-05,0.0005290324090889559,0.001054084978051045,4.4500234819873306e-07,0.04248295843553793,1.187229164683763e-05,1.5441751879518364e-06,0.0011594072572868172,1.1364954115385887e-06,3.1571949392373204e-10,8.516792704548617e-07,5.8536787265841e-07,0.9279071422446258,1.9322360695094087e-07,0.0039427194640266686,3.431443740144224e-06,1.415857936003281e-05,2.296160827869419e-05,0.001467479097134349,2.428390382203491e-06
58,4.8376980110691255e-06,0.0011828333983712907,8.217040116874669e-07,0.015705099876334942,1.1848029580438187e-06,9.257545215481576e-06,0.0005188946670488178,0.0005851802876271321,2.3435403704045907e-07,0.027597943339747206,1.0707739297493371e-05,7.25835928029573e-07,0.0006993195409942244,7.553298330031631e-07,2.439858354887008e-10,6.082137523613364e-07,3.4082344281497677e-07,0.9496529554369028,9.873556007724654e-08,0.002678011525992488,2.51334363278677e-06,8.203478337106148e-06,2.755109203132996e-05,0.0013100074064103585,1.913580536748226e-06
59,4.954338775585186e-06,0.001124437495274709,8.643361588889426e-07,0.015365456557761864,1.1198520385551612e-06,8.5812530409183e-06,0.0005231126588469762,0.0006029164933170478,2.2804791765191139e-07,0.026483719091908806,1.0483653161072425e-05,7.214408552734444e-07,0.0006844812034603865,6.979007390962912e-07,2.3204075416200202e-10,6.116312400456704e-07,3.437797213539736e-07,0.9509626837742255,9.280924213393679e-08,0.002785807654989943,2.460084665787533e-06,7.722883871136156e-06,2.6442873998048632e-05,0.0014001699563029521,1.889996445317673e-06
60,4.8978614491854735e-06,0.001226274572783086,8.190903785047792e-07,0.016445118037536368,1.2211114467730184e-06,1.0347128572184613e-05,0.0005355881691120863,0.0005935961520459357,2.4996633290479757e-07,0.02929043204309856,1.1171619054807682e-05,7.410764045732812e-07,0.0006991658837035985,8.101137651870314e-07,2.5630863450133586e-10,6.686935606706071e-07,3.238328562242295e-07,0.9470625404681574,1.088574468032051e-07,0.0028662008212835374,2.626912110873763e-06,8.503949626981906e-06,2.85179119101203e-05,0.001208071782182444,2.0036888723692804e-06
61,5.001710539442501e-06,0.0011735635506141405,9.155994578032749e-07,0.015803090761843084,1.2067016168066447e-06,9.28776908385642e-06,0.0005287533191142147,0.0006050846269509423,2.5016596780352076e-07,0.02704479398573747,1.1210056459076007e-05,7.653826528617323e-07,0.0007279900124549836,7.568587752986501e-07,2.429566264838179e-10,6.262439591723024e-07,3.4374805559175255e-07,0.9498073372727983,1.0029682275683228e-07,0.0028964520536249,2.4983308271459188e-06,8.04264622608379e-06,2.6171829518795837e-05,0.0013438297241882156,1.927109754595732e-06
62,4.8978614491854735e-06,0.001226274572783086,8.190903785047792e-07,0.016445118037536368,1.2211114467730184e-06,1.0347128572184613e-05,0.0005355881691120863,0.0005935961520459357,2.4996633290479757e-07,0.02929043204309856,1.1171619054807682e-05,7.410764045732812e-07,0.0006991658837035985,8.101137651870314e-07,2.5630863450133586e-10,6.686935606706071e-07,3.238328562242295e-07,0.9470625404681574,1.088574468032051e-07,0.0028662008212835374,2.626912110873763e-06,8.503949626981906e-06,2.85179119101203e-05,0.001208071782182444,2.0036888723692804e-06
63,4.944610653522112e-06,0.0012969395210658873,8.198313370112384e-07,0.01630963929982649,1.2067996358707987e-06,1.0228547141080843e-05,0.0005401293840178132,0.0005771719417915628,2.5396489688932547e-07,0.0293625924750028,1.110756429529202e-05,7.128256826163351e-07,0.0007231075278120861,8.117164710341715e-07,2.621109283750525e-10,6.472697246993952e-07,3.2412628793973235e-07,0.9470298006765285,1.0711381391448549e-07,0.002844191650920791,2.557351834631826e-06,8.52853619378078e-06,2.7994212745547507e-05,0.0012441400901076606,2.042700101589799e-06
64,4.621197300913862e-06,0.0010799218147762122,7.339045818890762e-07,0.015938367538580463,1.1664528303897344e-06,9.669881776240561e-06,0.0004736493694527983,0.0005585431401009405,2.1838143838769328e-07,0.026797837817682746,1.0976480944651075e-05,7.272161631763366e-07,0.000585400858431957,7.526347793913326e-07,2.4403117740714464e-10,6.248289480461066e-07,3.2409899859297623e-07,0.9508923309705479,1.0226539955948523e-07,0.002472599545800071,2.9242527385068497e-06,7.728796528905653e-06,2.8050088361026498e-05,0.0011307549600619395,1.973259744142343e-06
65,4.156047465745242e-06,0.0009999864857404377,6.74102026559417e-07,0.01435471037271561,1.1518455725261255e-06,1.0827497534284496e-05,0.000429909713002181,0.00047810112708181185,1.8697256397527333e-07,0.02544251191122475,1.068487172182346e-05,7.416989356067371e-07,0.0005709889281471294,7.607179554052722e-07,2.171003592795109e-10,6.458872326504001e-07,2.8604670256523737e-07,0.9541704312147304,9.186717831272873e-08,0.002535401497824577,2.6124939790212083e-06,7.89633522844526e-06,2.8570751384768816e-05,0.0009470359534025698,1.6354435485792484e-06
66,5.8742338156197714e-06,0.001529786581807444,1.2776045499004089e-06,0.02080308888697175,1.5995333138395762e-06,1.3801045594617986e-05,0.0007920027829642127,0.0009081662230980517,4.283918021037059e-07,0.046634918870773846,1.3243805149403507e-05,9.995526667683052e-07,0.0010710566738165487,1.05391174426034e-06,3.214257864279192e-10,1.147742760471263e-06,3.620264800829495e-07,0.921811271632997,1.8300790475980043e-07,0.004987154790476423,3.042671014355228e-06,1.0999406654625346e-05,2.9513125086858637e-05,0.0013766660993992294,2.3610777320922654e-06
67,5.149796796348175e-06,0.0013099669990092133,8.702482134903349e-07,0.017355450643452654,1.3292511691443921e-06,9.645578492218499e-06,0.0005317621351097814,0.0006797600135274584,2.813210898521684e-07,0.032278192985918,1.0759279460885463e-05,7.477320258007905e-07,0.0007264250454405082,8.024675917573263e-07,2.575473657693893e-10,6.28826979795203e-07,3.515852854738525e-07,0.9429967198601185,1.1971871315669803e-07,0.0027226403571775095,2.7074642419082134e-06,8.875835612496085e-06,2.5791305229724014e-05,0.001328874738080577,2.1465537165464236e-06
68,8.784197509698129e-06,0.0036532569266027144,3.1275243115297606e-06,0.041934180050846426,5.40753381778615e-06,1.696417208827163e-05,0.0011931389626260874,0.0021828197638576875,1.449831233516733e-06,0.10803730669425658,1.4735141283030673e-05,1.2904568460049466e-06,0.002301480864012613,2.688094069128934e-06,6.831847140119448e-10,1.4785260614554321e-06,6.413481919004842e-07,0.832987277140603,5.732689883647465e-07,0.004920284372324521,4.933780181992758e-06,1.902625073688976e-05,3.062887479524749e-05,0.002673812628569878,4.712913000846336e-06
69,5.06506924291851e-06,0.0013596762202788752,6.153686019210512e-07,0.012111212251668287,2.325359415585121e-06,2.1474591094390073e-05,0.0003672796180691808,0.00038487306315382016,2.846826814393296e-07,0.026374008801416667,1.400734655376305e-05,9.213417590006542e-07,0.0006293161572176257,1.4713386713845885e-06,3.812145845860479e-10,6.126449452731956e-07,3.0180615189399435e-07,0.9565611967490324,1.5175058484148858e-07,0.001420310652628354,2.9391850160347263e-06,1.4333963046412892e-05,3.257703410192931e-05,0.0006934506218711187,1.594001582312616e-06
70,4.8801997953341796e-06,0.00133013863294337,9.694390363232576e-07,0.012635405785549189,1.2878856773086135e-06,1.3861387453512774e-05,0.0004655713697905599,0.0002969462240622003,2.2117221369185674e-07,0.019445167479110206,1.2513600839335534e-05,9.855075048671094e-07,0.0008856793815610102,1.3519088586217132e-06,2.4896721916093714e-10,6.55609316661247e-07,2.554822245452147e-07,0.961285754794772,8.986839894741291e-08,0.00280252071462316,2.1117691863038507e-06,8.989066835413072e-06,2.8481938824821192e-05,0.000774457993265504,1.702539189891556e-06
71,4.963200569948567e-06,0.00371715266368921,1.797859047274394e-06,0.026511113907482124,7.024086318602781e-06,3.497645738269714e-05,0.0004486225743012902,0.0008154817231341569,1.1244636220202207e-06,0.11095463351433602,1.3254860481697865e-05,9.274647398836992e-07,0.001000480829556179,2.4160621782331232e-06,8.382438512710408e-10,1.068117431846874e-06,4.2741909702053394e-07,0.8529513398473966,3.3005233155454644e-07,0.002006202316343,5.645700932068351e-06,2.067948877836442e-05,2.972929752679612e-05,0.0014653141066966941,5.2931483828066106e-06
