,0,1,2,3,4,5,6,7,8,9,10,11,12,13,14,15,16,17,18,19,20,21,22,23,24
0,8.417910899342115e-05,1.281498479968457e-06,2.7375950952845687e-07,0.0030121689654984954,0.00021842393920099687,0.02847697356712459,8.973300651606575e-05,0.0007218860979824067,0.0005623568839929119,0.00018521307448702884,2.4167301087500432e-05,0.0004819745232388446,5.8420497471323846e-05,9.744504754361739e-05,4.8403745190318276e-05,0.0040880444428679505,8.27711441142924e-05,0.9568064352353591,8.788780021960805e-05,0.000827843325576926,7.448594232068798e-05,1.9653358373287954e-05,0.003808967990737256,0.00012946958342441146,1.154016068920029e-05
1,0.0001181018730329218,5.820479448317531e-07,3.036479755981862e-07,0.005554040928240596,0.00020064975480840565,0.025571026243377287,8.101613153789242e-05,0.0012179740015041407,0.0007549696893607396,0.0003365023833251544,2.4406906478406538e-05,0.0002665669561751752,0.00013737755847558627,4.90206261371176e-05,2.327480602618728e-05,0.007232025885058632,7.403367530842341e-05,0.9536198617705658,9.827398930275068e-05,0.0012836941230756338,4.111686627983526e-05,1.0388201811417076e-05,0.0031840833177478995,0.00011587853778429906,4.830078665430371e-06
2,9.323011708705301e-05,5.14432877107534e-07,2.539814466623888e-07,0.004508472673166385,0.000183727571601103,0.01874604193819387,6.468617829790698e-05,0.0011681431363145807,0.000607181191390663,0.00029295022057096996,2.7859956656960005e-05,0.00027486346318085595,0.00011930234408287645,5.6090540735499095e-05,2.7947983847874523e-05,0.004730548461008056,6.603305413801223e-05,0.9639467636500048,6.483986400246263e-05,0.0016096796859353336,4.182576084900445e-05,8.251366656467352e-06,0.0032601473478006335,9.551289509259763e-05,5.1321850625390196e-06
3,8.983423324957037e-05,4.991047992809272e-07,2.1181428753991233e-07,0.004761930963905937,0.000148109043053921,0.021128184317701824,7.104303035019628e-05,0.0009655222897945753,0.0005055904112680058,0.00023710563151490497,2.0624768693370063e-05,0.00025481134173735843,0.00010571642610797852,4.906707886103203e-05,2.1284926693139395e-05,0.005528934934392165,6.691425444195315e-05,0.9617591639908252,6.882896863474269e-05,0.0011523396254307298,3.904280248191959e-05,9.402145894932305e-06,0.0029096252820566006,0.00010175447619540352,4.4581376278346095e-06
4,8.917894130905943e-05,4.5659904917833526e-07,2.025305635874498e-07,0.0044121010813542375,0.00014169763977923635,0.019818427598659132,6.83210832305769e-05,0.0009179261360423728,0.0004495890337336694,0.00023158340785626652,1.9319918752313793e-05,0.0002371354927270635,0.000113748686019354,4.9175872772610655e-05,1.9390813263217257e-05,0.005387512509934535,6.576352671196068e-05,0.9638428416915786,6.914837035549194e-05,0.0011509905542902866,3.579487260797574e-05,8.402183200452645e-06,0.002761425096944189,0.0001057343900709924,4.131969193505423e-06
5,7.401010443544264e-05,4.2531488335797536e-07,1.5748920564969591e-07,0.004521988309333459,0.00011631879962358029,0.018278162295266923,5.524401874832143e-05,0.0007697102241103509,0.0003843374859816064,0.00019538008604784774,1.8184382502125843e-05,0.00019949252934348884,9.113550741216868e-05,4.2258927925764494e-05,1.7567056401747655e-05,0.0047624439948376505,5.548652639935525e-05,0.9666532175019291,5.741437740389364e-05,0.0010417890639157785,3.154038895699753e-05,7.70239249296077e-06,0.002538117088102466,8.433534428859916e-05,3.5807904513429893e-06
6,8.983423324957037e-05,4.991047992809272e-07,2.1181428753991233e-07,0.004761930963905937,0.000148109043053921,0.021128184317701824,7.104303035019628e-05,0.0009655222897945753,0.0005055904112680058,0.00023710563151490497,2.0624768693370063e-05,0.00025481134173735843,0.00010571642610797852,4.906707886103203e-05,2.1284926693139395e-05,0.005528934934392165,6.691425444195315e-05,0.9617591639908252,6.882896863474269e-05,0.0011523396254307298,3.904280248191959e-05,9.402145894932305e-06,0.0029096252820566006,0.00010175447619540352,4.4581376278346095e-06
7,0.00024062242963504742,6.304376155945564e-07,4.952246611822552e-07,0.007416117860836922,0.00024139143191690397,0.02043190545725358,0.00011734316993764363,0.0021014474216513243,0.0007387741261083283,0.0005857321553866948,3.650802061161979e-05,0.0003294386777523714,0.0002870388108729549,7.103498453573131e-05,2.4417475688604287e-05,0.007811655236268656,0.00011954371543966651,0.9542339256360728,0.00013788760007728287,0.001938703216337536,3.533066412096503e-05,1.2890857331169128e-05,0.0028959018999907393,0.00018488197713337594,6.381512763446397e-06
8,0.00022110643075952028,7.579626741731562e-07,6.507242393629696e-07,0.008416265779956867,0.00026014334706060097,0.026822046630250018,0.00014848175909982716,0.0018887474253683552,0.0009002059154904242,0.00064282028059267,3.8347351497644146e-05,0.000519995378817654,0.00021664141049998383,0.00010357357361516723,3.587916588827172e-05,0.00838123687534557,0.00014386906509673947,0.9427500818646695,0.00010831551090770382,0.0021934760525567933,8.115453812500075e-05,1.6286876707738815e-05,0.005848056013071578,0.00025160349284437115,1.025657486440298e-05
9,0.0001633337951521863,6.808382773240685e-07,3.8676937484321047e-07,0.007486753565454441,0.00019651628985501378,0.023421078136351792,0.00010775811849099232,0.0014865696609170616,0.0007475001765788151,0.00047940345149587524,3.360113223822491e-05,0.0003875555638775635,0.00014883647324574756,8.25570824979353e-05,3.339554027845819e-05,0.006219878268437463,0.0001055912393827738,0.9515933867143314,8.098221252698092e-05,0.001759449696999049,6.134930748941532e-05,1.3292555614987474e-05,0.005203160370137784,0.00017836756804167776,8.615472952112938e-06
10,8.983423324957037e-05,4.991047992809272e-07,2.1181428753991233e-07,0.004761930963905937,0.000148109043053921,0.021128184317701824,7.104303035019628e-05,0.0009655222897945753,0.0005055904112680058,0.00023710563151490497,2.0624768693370063e-05,0.00025481134173735843,0.00010571642610797852,4.906707886103203e-05,2.1284926693139395e-05,0.005528934934392165,6.691425444195315e-05,0.9617591639908252,6.882896863474269e-05,0.0011523396254307298,3.904280248191959e-05,9.402145894932305e-06,0.0029096252820566006,0.00010175447619540352,4.4581376278346095e-06
11,9.306785984055217e-05,4.6864119557534664e-07,2.1138141140297067e-07,0.004561943152238366,0.00014307248661382576,0.02026583878009163,7.099722643870463e-05,0.0010134941930882093,0.0004922721532660862,0.0002509903703908517,2.0283803968055086e-05,0.00025006433596965215,0.00011780955487186193,4.853785230949832e-05,2.0419636928249504e-05,0.005553144580366991,6.864557550770187e-05,0.9628258642130706,7.107514154029934e-05,0.0011737862708056483,3.617516695597055e-05,9.013046196162564e-06,0.002800818449361487,0.00010773293631697764,4.273191255647955e-06
12,0.002765304301233709,9.121065719194053e-06,9.37598657158422e-06,0.05786998856026934,0.00017769031557692648,0.061524698599662316,0.00030692381719337066,0.17226694996370953,0.007252207121202513,0.0072695836146844835,0.00017688926394981145,0.0027362125098376227,0.0020844294679871027,3.322652352661614e-05,0.00020846719143518468,0.054946048035522506,0.000686727120555195,0.6231892262977222,0.0018910166127789128,0.0016349333655403093,9.10849190652577e-05,0.0005769249526479638,0.0016785173023582405,0.0006015207585313856,1.2932332718673838e-05
13,0.00011024227884457753,3.2013377313450367e-07,3.049333562917681e-07,0.005158908000932591,0.00014337669593092152,0.010193273010576345,6.576947344793837e-05,0.00126670518674113,0.0004098068732945769,0.0002537124341252736,4.530784490449566e-05,0.00041270738709167057,0.00013654450728871974,9.414670177414074e-05,3.113982892137306e-05,0.005209811087223125,6.172087090604665e-05,0.9710010457968793,4.064727461641747e-05,0.0019702988418907378,4.797002371770416e-05,6.395449109830412e-06,0.003256558143938025,7.906929887439024e-05,4.217921841124695e-06
14,3.608662123815186e-05,4.651801275912915e-07,1.1183460127646236e-07,0.00325376126422328,0.0001227495492222899,0.01573769232820467,2.5523142883521708e-05,0.0003604577645673767,0.00022475149833953885,0.00011186353288965014,1.4668498358695778e-05,9.954221651903671e-05,7.316342562410714e-05,2.988530619866063e-05,1.2683716251691953e-05,0.0036068229766486647,2.7773386963442592e-05,0.9735796510767487,5.8129085667384995e-05,0.0009486658142304117,1.889649551603579e-05,4.395679030564324e-06,0.0016045067548315771,4.57424039856883e-05,2.010447127896224e-06
15,8.983423324957037e-05,4.991047992809272e-07,2.1181428753991233e-07,0.004761930963905937,0.000148109043053921,0.021128184317701824,7.104303035019628e-05,0.0009655222897945753,0.0005055904112680058,0.00023710563151490497,2.0624768693370063e-05,0.00025481134173735843,0.00010571642610797852,4.906707886103203e-05,2.1284926693139395e-05,0.005528934934392165,6.691425444195315e-05,0.9617591639908252,6.882896863474269e-05,0.0011523396254307298,3.904280248191959e-05,9.402145894932305e-06,0.0029096252820566006,0.00010175447619540352,4.4581376278346095e-06
16,6.46902417956221e-05,3.029652524198013e-07,1.629557630874405e-07,0.003667468219844562,0.00010908912380054421,0.015252852921750607,5.406291346246219e-05,0.0007142802443538896,0.00030044689293999685,0.00016834311412135952,1.7822295492091008e-05,0.00022427232655502553,9.427796090095371e-05,4.718829559372792e-05,1.6789503209087397e-05,0.004974094871630406,5.068195262192367e-05,0.9706124835155172,4.765301632531486e-05,0.0011092246962034029,3.47556253041499e-05,5.997923430534383e-06,0.0023509079084560753,7.934905713141246e-05,2.8014585440966424e-06
17,0.00013046843789972295,4.870432784519057e-07,2.816049386989827e-07,0.006359892706798242,0.000183325366721419,0.01804687765769338,0.00010938239564667226,0.0012290299554727528,0.0005324543476860281,0.00025417017917989175,2.8614281651618427e-05,0.00040696056738113057,0.0001367616986432169,7.854653416198631e-05,2.2534498024828054e-05,0.006364013103344949,8.915422962997893e-05,0.9610643802562896,5.926966989224124e-05,0.0015047240585458947,4.69889180525855e-05,1.1341359260714452e-05,0.0032167121473057627,0.00011761816942633745,6.010813073918386e-06
18,9.043809405574188e-05,4.992796865485793e-07,2.083800811215105e-07,0.004717341657683255,0.0001479607892176806,0.020982040927525487,7.129243454673582e-05,0.0009542270073192393,0.0005039778827998038,0.0002363582201285895,2.0537754546338585e-05,0.00025259926429013334,0.00010482620425627429,4.927125119102163e-05,2.1138883002448446e-05,0.005423442886743373,6.807838295961566e-05,0.9620660875160071,6.880544398618038e-05,0.001148494929474721,3.866361369563993e-05,9.448132147536012e-06,0.002917473088123305,0.00010224252433515624,4.545452196616369e-06
19,0.00013362144163955178,6.429447908344826e-07,3.770697604726468e-07,0.006664674878700664,0.00022088974869252667,0.031651530668730804,0.00012925568521628803,0.0017388147339418329,0.0008719753468230532,0.00047062735522111326,2.7215601018165492e-05,0.0004296874857602051,0.00017174861963728402,5.727119592286471e-05,2.681485389222552e-05,0.007676181717624012,0.00010452530402575958,0.9441632203192369,9.398863292233319e-05,0.0016011778247808513,5.144219759667028e-05,1.6103029738576244e-05,0.0035300512684045575,0.00016119225374329216,6.969822179080346e-06
20,6.332075515379203e-05,6.274023206238947e-07,1.902172288811666e-07,0.0047552278864275285,0.00010363068433975854,0.02008689309681129,5.516562470078425e-05,0.0011669733643350666,0.00043936141789596613,0.00019711736790133447,2.2105515566237878e-05,0.00032017254940371623,8.26287327746584e-05,4.2568636804233324e-05,3.017545932500192e-05,0.005015781790384195,5.644429065261483e-05,0.9639311843369917,5.5302574380718837e-05,0.0010233111307839144,4.448638117053368e-05,1.2608734337498999e-05,0.002412301087799184,7.847624464973835e-05,3.944717861148051e-06
21,9.479554867199117e-05,6.489834199228022e-07,2.381433609761757e-07,0.004547009699859688,0.00016889576865279716,0.028440984879218978,8.650834752696583e-05,0.0011673422095502984,0.000673473922160522,0.00029508377915622583,1.812058105019037e-05,0.0002658022041911252,0.00011353199796113025,4.275866952742503e-05,2.3698338221111785e-05,0.0056338460767085185,8.50511121500405e-05,0.9536075745605295,8.831585991299092e-05,0.0011173661264228575,4.470395618183238e-05,1.2622045673522336e-05,0.003329742909135545,0.0001362115109896824,5.6727697659870615e-06
22,7.736375456579855e-05,3.293855975411816e-07,1.9387327126552758e-07,0.004968736130824263,0.0001164690186496497,0.014541016224453406,5.710146202478409e-05,0.0007714549200530873,0.0003468353873741294,0.00020755898524593195,2.3539660169194934e-05,0.00021996567100477838,9.652920367644599e-05,4.573261666662284e-05,1.7051567687690713e-05,0.005104815505550933,6.262500351952025e-05,0.9693780143961421,4.858556572831835e-05,0.0012589611903091158,3.733223493938729e-05,7.401663250786623e-06,0.002535252882650876,7.392263912408944e-05,3.2110575202895e-06
23,8.983423324957037e-05,4.991047992809272e-07,2.1181428753991233e-07,0.004761930963905937,0.000148109043053921,0.021128184317701824,7.104303035019628e-05,0.0009655222897945753,0.0005055904112680058,0.00023710563151490497,2.0624768693370063e-05,0.00025481134173735843,0.00010571642610797852,4.906707886103203e-05,2.1284926693139395e-05,0.005528934934392165,6.691425444195315e-05,0.9617591639908252,6.882896863474269e-05,0.0011523396254307298,3.904280248191959e-05,9.402145894932305e-06,0.0029096252820566006,0.00010175447619540352,4.4581376278346095e-06
24,8.366811354985891e-05,4.761080892305935e-07,1.8820865637837408e-07,0.0059139983603642594,0.00014602790396600783,0.018408514303426875,5.755309854310198e-05,0.0008228530408231162,0.00040842935226683997,0.00021788584932544585,2.3520350476237484e-05,0.00024222686168477782,0.00010482443883213019,5.036846870438957e-05,1.83336296504855e-05,0.005151276295209072,5.5278875542539655e-05,0.9643706301401711,5.7605913457819606e-05,0.0012660571050521591,3.2088998101164694e-05,8.461392817001838e-06,0.0024784536652237006,7.730674321075442e-05,3.972782855357801e-06
25,0.0001294354675492395,3.169954919458587e-07,2.750793040097591e-07,0.0061915150796795545,0.00014756710152894254,0.0121809978298792,8.824962768337492e-05,0.0015191174406042995,0.0004423961447711298,0.0003015835073757825,3.6367759809563166e-05,0.0003575585836583747,0.00017503369621735807,7.252438293338307e-05,2.1763588034195035e-05,0.005792544484613261,7.55975152539079e-05,0.9676743887251068,4.769503789678211e-05,0.001931252821769692,3.4934225354172634e-05,7.746730460296474e-06,0.0026694189706902823,9.750135113814922e-05,4.217853196486176e-06
26,0.0001048877915443864,3.948564999218683e-07,1.7664982703038526e-07,0.0035792426888727412,0.00015996213845598936,0.021556659393408416,7.356653570434016e-05,0.0007774447118977549,0.0006278997457345254,0.00027206047846714743,1.610639279161455e-05,0.00015642414669731421,0.00010327015617343023,4.1132391162477685e-05,1.6469989615170078e-05,0.0046093529559514575,7.730461546687637e-05,0.9628003539674154,7.797156475279217e-05,0.0010433533994051232,3.3654382565562664e-05,6.863673043725724e-06,0.003736039474913987,0.00012457360248424484,4.834297148688601e-06
27,9.505105203793446e-05,7.243398468237529e-07,1.9906302968547291e-07,0.0055624835526065595,0.00015296034793531278,0.025161498082979582,7.394231585795305e-05,0.0011878420378001974,0.0006862002240936086,0.0002605189090800635,2.299573880714483e-05,0.0002772110544763531,9.723403406035028e-05,4.561910966092671e-05,2.6331891780483445e-05,0.005412843591029597,6.940757050795001e-05,0.9567353719409583,7.919539660959735e-05,0.001049912332213291,3.518630032220003e-05,1.340469844608872e-05,0.002852343866802377,9.574283437998515e-05,5.779714677951356e-06
28,8.983423324957037e-05,4.991047992809272e-07,2.1181428753991233e-07,0.004761930963905937,0.000148109043053921,0.021128184317701824,7.104303035019628e-05,0.0009655222897945753,0.0005055904112680058,0.00023710563151490497,2.0624768693370063e-05,0.00025481134173735843,0.00010571642610797852,4.906707886103203e-05,2.1284926693139395e-05,0.005528934934392165,6.691425444195315e-05,0.9617591639908252,6.882896863474269e-05,0.0011523396254307298,3.904280248191959e-05,9.402145894932305e-06,0.0029096252820566006,0.00010175447619540352,4.4581376278346095e-06
29,8.983423324957037e-05,4.991047992809272e-07,2.1181428753991233e-07,0.004761930963905937,0.000148109043053921,0.021128184317701824,7.104303035019628e-05,0.0009655222897945753,0.0005055904112680058,0.00023710563151490497,2.0624768693370063e-05,0.00025481134173735843,0.00010571642610797852,4.906707886103203e-05,2.1284926693139395e-05,0.005528934934392165,6.691425444195315e-05,0.9617591639908252,6.882896863474269e-05,0.0011523396254307298,3.904280248191959e-05,9.402145894932305e-06,0.0029096252820566006,0.00010175447619540352,4.4581376278346095e-06
30,8.983423324957037e-05,4.991047992809272e-07,2.1181428753991233e-07,0.004761930963905937,0.000148109043053921,0.021128184317701824,7.104303035019628e-05,0.0009655222897945753,0.0005055904112680058,0.00023710563151490497,2.0624768693370063e-05,0.00025481134173735843,0.00010571642610797852,4.906707886103203e-05,2.1284926693139395e-05,0.005528934934392165,6.691425444195315e-05,0.9617591639908252,6.882896863474269e-05,0.0011523396254307298,3.904280248191959e-05,9.402145894932305e-06,0.0029096252820566006,0.00010175447619540352,4.4581376278346095e-06
31,0.00012183032193997993,4.778522616749808e-07,3.200857287967911e-07,0.00448218693595873,0.00013549717090736367,0.01644401406545629,7.08822350102621e-05,0.00161347445644709,0.0004696689876281514,0.000259592379472867,2.222996904715335e-05,0.00030796976742472496,0.00017202683340982673,5.1075712267438594e-05,2.3363343536802297e-05,0.006675819082589164,7.864749196891729e-05,0.9650074637339547,8.314950643556346e-05,0.0012934237213091963,4.308143180297822e-05,9.228824895924435e-06,0.002503858963231909,0.00012705256315750446,3.6645641568433945e-06
32,9.036728957438241e-05,5.172730622211127e-07,2.067477896463757e-07,0.004476252948577151,0.00014611710594929418,0.02083459539725675,6.599512175390163e-05,0.000916271645988344,0.0004865466045277796,0.00022875608125357707,1.9475618189290233e-05,0.00023349983855033444,0.00010617021429409013,4.77298131629992e-05,2.0496087664587207e-05,0.005420946714994201,6.599958729462e-05,0.9627629652184724,7.53272142618154e-05,0.0010840506090300367,3.656439134585944e-05,9.150746501013352e-06,0.002765152971408064,0.00010253423879706654,4.31052030045393e-06
33,0.0002783619788212678,1.965496424182257e-06,4.241923734763095e-06,0.024885387078654585,0.0019211542794820601,0.05104938891349301,0.0003833318994612396,0.004916611613846574,0.019183252425888257,0.002678856422224852,0.001135020192173572,0.0033621812038020673,8.673298972775771e-05,0.00040628073884566777,0.0007623859200444215,0.007128007814256422,0.00011374471957149262,0.7978546663243729,2.9218370991642775e-05,0.011232712999626034,0.0008412159895094832,2.589463116341299e-05,0.07152335585658363,7.686825013463769e-05,0.00011916196716597283
34,2.0318865013847356e-05,6.82519972688273e-07,1.3763668178348722e-07,0.005921236124033704,9.31941283969373e-05,0.054411754710238264,8.813601608550761e-05,0.0009440387475819703,0.0005342010303961913,0.0002202602880053005,1.3650328595563763e-05,0.00046052208924996716,5.142610359025281e-05,2.703792247735773e-05,2.942275661346293e-05,0.005902733067844873,5.008934383215055e-05,0.9263752291809517,3.187878584020953e-05,0.0011224372469324723,6.563057555297792e-05,2.023290680194156e-05,0.00352424150674,8.644424845441497e-05,5.063870116316051e-06
35,1.9939556644861715e-06,1.0861943499348526e-08,8.887209413869429e-07,0.0013525735064964187,0.00012732060355702648,0.012541610718251581,6.464402043546143e-05,6.778367260206336e-06,1.8315396110005431e-06,0.00011292830025406125,9.268183209621231e-06,0.0008107498605985569,6.453735884898995e-05,0.0009373142884086385,5.774568626724353e-06,0.005644107820888271,3.712452739614066e-05,0.9218681066373746,1.8727651979187065e-06,0.020413047411031778,0.0024438958235235213,2.5362618442060094e-07,0.033090954155320235,0.00046120458949889615,1.207789476486179e-06
36,9.217304654307147e-05,5.204416492254637e-07,2.2335679957396273e-07,0.004890934931531818,0.00015771150910579384,0.02191408758252405,7.04982268469681e-05,0.0009443497574016766,0.0005281655550121858,0.00024572990582230657,2.0937384484802702e-05,0.00024198500616220875,0.0001068698200109381,4.9261318481131294e-05,2.1516407570726784e-05,0.005588241870175322,6.637343014471006e-05,0.9605631120174754,7.180823355869407e-05,0.0011847264937188266,4.045213629379166e-05,9.112697295710434e-06,0.00308271110445524,0.00010395070644247289,4.547060493411529e-06
37,8.78151458815399e-05,5.411373429887942e-07,2.146304010325987e-07,0.0048612708479905675,0.00015176798470962826,0.02258503035105168,7.097732458525083e-05,0.0010432711323091744,0.0005648494093254432,0.000248604447361664,2.1176287418921446e-05,0.0002610640150914347,0.00010457026892026343,4.615728855011249e-05,2.2736287440823758e-05,0.005550269076762796,6.675111028942588e-05,0.9600216561437939,7.098376501707349e-05,0.0011482674015676298,3.909104765252581e-05,1.01456614743479e-05,0.0029190782985529136,9.907816098183512e-05,4.63277552704808e-06
38,5.356563792080263e-05,3.517832787083762e-07,1.3432026213430962e-07,0.0030069032731306904,9.620907157677832e-05,0.021243875124715917,5.55420738956079e-05,0.0006314077913281897,0.0003348443990676017,0.00015646509893581738,1.254150299456136e-05,0.00019526860221531124,8.039385060879445e-05,3.568657112542224e-05,1.6923630831958407e-05,0.005228994298373791,4.676434984108961e-05,0.9653507914400891,5.776914464735419e-05,0.0007807916176554013,3.509565625196708e-05,6.774373999304754e-06,0.0024808283015724415,8.942477065660945e-05,2.653315024667612e-06
39,5.853939866231255e-05,5.644461687874601e-07,2.6806910464035677e-07,0.004005222195008774,0.0001207076105456016,0.02885120132954117,6.147146453006007e-05,0.0011338825487267818,0.00046850977145179305,0.00018990541913751688,1.4272571976927102e-05,0.0003310084619062266,0.00010114195510258106,3.1709050477454875e-05,2.237053544631866e-05,0.007340686451283252,7.042246476671474e-05,0.9532528081211921,7.273303167222295e-05,0.001002555407038614,6.597967641317374e-05,1.217396626071443e-05,0.00268284399925079,0.00010576259655329782,3.259457782237545e-06
40,6.051696281134869e-05,3.470568537684383e-07,1.20655762053648e-07,0.0046468329412080655,8.028624633599256e-05,0.0231863289730591,5.586909400652698e-05,0.0009389638211431843,0.0004851209350490461,0.00024649344281891324,1.4740301152049219e-05,0.00015550877533176288,8.785261327237354e-05,2.2623737668991453e-05,1.5892508109996626e-05,0.005184355082129958,5.177572862872138e-05,0.9610432370492115,5.3424463072418487e-05,0.0008896513903603286,2.670520593110351e-05,7.829100839724021e-06,0.0026584218974618034,8.431137534465671e-05,2.7906424365944196e-06
41,7.579371657549375e-05,6.28271280292537e-07,1.8208948571695674e-07,0.005773021429542099,0.00016557024259971088,0.016913641504513383,3.3999707460010934e-05,0.0009338427843716269,0.0005810459082318914,0.00018634017151500883,2.6502915776638456e-05,0.0001486393369126403,0.00010308037752088208,3.3909813780603705e-05,2.043193251906872e-05,0.005610991705214778,2.9211089499382754e-05,0.96639232476643,7.272719314662678e-05,0.0009846457340013503,2.053782977049992e-05,6.118557987853434e-06,0.001839040839310082,4.526787089416777e-05,2.5042116600209493e-06
42,8.577795408422447e-05,7.168156039748831e-07,2.5560982478337534e-07,0.005695764633940872,0.00013608602853933103,0.0257404988917215,6.615321314087657e-05,0.001315946376331465,0.0005923502466047749,0.00023787408791754513,2.0755991317122225e-05,0.00029891348883123,0.00010902060290338443,3.715197099708361e-05,2.427073063531847e-05,0.006961328454808716,7.04298515741188e-05,0.9548652276060594,8.641123704585263e-05,0.0010280136822870556,4.269231258897637e-05,1.4377651315890618e-05,0.002469919190211944,9.59463758650231e-05,4.116995849437092e-06
43,8.053601358333028e-05,4.848152014233315e-07,2.3118371462299155e-07,0.004371672888495024,0.00014666360568299516,0.02480097170358845,6.924158682444411e-05,0.0010229888383906838,0.0005265744686882097,0.0002809641317458749,1.827740741859577e-05,0.00024941138964038555,0.00011402426077619528,3.8982958735004676e-05,2.0991693028026235e-05,0.005837390035220452,7.295934459433122e-05,0.9579459057188661,7.482024188897167e-05,0.0011669413050130772,4.5407559889932554e-05,9.940416320817628e-06,0.002986898599876378,0.0001137275289206094,3.992303895975384e-06
44,8.983423324957037e-05,4.991047992809272e-07,2.1181428753991233e-07,0.004761930963905937,0.000148109043053921,0.021128184317701824,7.104303035019628e-05,0.0009655222897945753,0.0005055904112680058,0.00023710563151490497,2.0624768693370063e-05,0.00025481134173735843,0.00010571642610797852,4.906707886103203e-05,2.1284926693139395e-05,0.005528934934392165,6.691425444195315e-05,0.9617591639908252,6.882896863474269e-05,0.0011523396254307298,3.904280248191959e-05,9.402145894932305e-06,0.0029096252820566006,0.00010175447619540352,4.4581376278346095e-06
45,0.00011759634409480982,7.270138964670298e-07,2.6864477383198536e-07,0.0068555638029288235,0.00026181251678339515,0.02165753524525772,6.086919192286495e-05,0.0004932792948110546,0.0006042767785347698,0.00022201347063240925,3.23821750426305e-05,0.0002451034406733021,7.517247333597552e-05,8.4070833684175e-05,2.2308925867268226e-05,0.004194383209285786,7.96943670210059e-05,0.9575732857891835,6.477427738143056e-05,0.0015477234153568327,5.7675604524438896e-05,8.838820280271112e-06,0.005645154181959162,8.604008799236651e-05,9.45009477559954e-06
46,0.0001722416736683879,4.5666266489783474e-07,2.979728881938977e-07,0.00737868658517644,0.00013940991202751734,0.023895847818229756,0.00011373306012701547,0.0013981589321623526,0.0004810987241791439,0.0003692705324237055,2.305690478696784e-05,0.0004034926684489705,0.0001732135257878272,4.746779909421448e-05,1.5462051664325106e-05,0.007140045016838995,0.00017982380676677862,0.9534732857055579,8.523388348702382e-05,0.0013815167965336578,5.2050404804942264e-05,1.9021499141472264e-05,0.0028904332977368993,0.00016089848333677268,5.796282466022328e-06
47,0.00015908083053072135,4.4779190739992496e-07,2.6767464278023796e-07,0.005625802568616332,0.00013451862328591976,0.020431336118528296,9.106116368847811e-05,0.001256496871055341,0.00046210996666122203,0.0002818979968945208,1.9472310436481808e-05,0.0003158499576313986,0.00016823956074798978,5.159360482969964e-05,1.651892375220209e-05,0.007818740492253416,0.00010392971615541961,0.9590989750167974,9.759070485090908e-05,0.0010866514245972223,3.8884553461156146e-05,1.2029692222990044e-05,0.002575190627599321,0.00014914419120564743,4.169617647827159e-06
48,7.806176367010045e-05,4.939635169733762e-07,2.34896880629088e-07,0.005887635549825674,0.0001726463752837603,0.019237136000258923,6.641680786404973e-05,0.0008796938799961053,0.0005434415082309251,0.0002046940098317127,3.0028211597643925e-05,0.00029978403274686803,8.76412206364184e-05,6.112398439765367e-05,2.6261250646200357e-05,0.005611600567813957,5.067153269724314e-05,0.9618731632967233,4.941488894929257e-05,0.0014014275590622349,4.7252740306336084e-05,8.2019271788003e-06,0.003310380678262749,6.805189634506314e-05,4.5414572775741685e-06
49,8.393027267973988e-05,6.842375105954508e-07,2.855901690445613e-07,0.005632873861687124,0.00016636044287851335,0.02925697489013536,8.173203251621227e-05,0.0012438413576798628,0.0006178374381608638,0.00028058557546768427,2.2134380331814865e-05,0.000369232713924774,0.00011594813485507702,4.478295846780712e-05,2.547878829130003e-05,0.006575278767376057,7.939340423717505e-05,0.9508681087298257,7.85034753780453e-05,0.0013071570317375793,5.1886411173883296e-05,1.4933732882402388e-05,0.002965757278589287,0.00011109652098920145,5.201973054899432e-06
50,0.00018736312273623772,3.3618760917702793e-07,2.748320002048846e-07,0.004996227133714969,0.00017497548994556785,0.017906592514582653,0.00013475098448708912,0.001549696107870603,0.0005756312671602263,0.0004663509887738408,2.4465268237502157e-05,0.0002907974133480537,0.00021007309791421747,7.075250339048032e-05,1.8972106143658493e-05,0.006338580124737269,0.00010791098736922875,0.9619923344306804,8.603876042389511e-05,0.0015416769401859736,3.103441535355111e-05,8.964441047148065e-06,0.003085317695306922,0.00019523246938524475,5.650717595757105e-06
51,9.657847620621008e-05,4.2577368228250915e-07,2.199502137066051e-07,0.004266743560294502,0.0001575397021043523,0.02098493692975998,7.857982016658845e-05,0.0009343435611097902,0.0005063316505824113,0.00025154045632083487,1.925706979299462e-05,0.00024898795803293797,0.00011473996183117673,5.12466188109931e-05,1.9549212912232297e-05,0.005654600658763236,7.224732135869074e-05,0.9620209335161004,7.096769863539426e-05,0.0011924093741013761,4.001647362372007e-05,8.390552371019509e-06,0.0030886896425303214,0.00011629818597789582,4.4258747169407085e-06
52,0.0020304722319545603,4.335429822007801e-05,3.9195064421502854e-05,0.04354322046359717,0.004307439233497056,0.07779528247349095,0.004324432777159076,0.002459577344776462,0.010359691118717231,0.0003282645512790103,0.00025890770735308334,0.010299872847962759,0.0001904573800173987,0.0011390173370496688,0.00019571117818361483,0.04252354646983872,0.005558065490462702,0.6275650599924157,0.0003324183078679902,0.0027423977301921916,0.006114563149422384,0.0007143263481068351,0.1544379114559068,0.001529827623719437,0.0011669874243875802
53,6.755766089061276e-05,3.0659008550481145e-07,1.8388160858441643e-07,0.004405856062934482,0.00014058789224431913,0.01766661671534177,8.247567183410644e-05,0.0007250574658593425,0.0004214493626973038,0.00020149153324139384,2.1570232478892824e-05,0.0002636864302302427,8.989406671757643e-05,5.737852877814883e-05,1.922413425910181e-05,0.00506227181165378,5.8932061875766044e-05,0.9654302729096297,3.8744631267520516e-05,0.0014159183707534609,4.499383515730278e-05,6.474451069383862e-06,0.003684822796812147,9.003925607035299e-05,4.193646509358664e-06
54,0.0001007681124116008,1.0763647802236477e-06,1.8071726455440336e-07,0.006078375727892841,0.00015788022878024708,0.028154414104206226,8.493575307394261e-05,0.001133060285436015,0.0006942404212409582,0.0002317839549485821,2.2518458978016198e-05,0.000299822722751965,8.14437041045549e-05,5.6847770789562405e-05,3.200807127461146e-05,0.005271302739837931,7.043618832890778e-05,0.9534298628773428,8.795585087838693e-05,0.0008877393548605663,3.571596101257299e-05,1.7674671204607245e-05,0.0029554914383456677,0.00010655158857291826,7.912931681740608e-06
55,0.0001553172031056579,1.1390841018902228e-06,3.9782319849168987e-07,0.008716288826681132,0.000215551063030493,0.028307900892987372,7.124365201744359e-05,0.0009493331169403954,0.0006931689022783658,0.00039057761178424124,3.0423785908442884e-05,0.00015421082141074278,0.0001129166609013777,4.922359376779301e-05,2.7679132554886396e-05,0.005722865442898767,0.0001096438372841842,0.9476374391688871,0.00013128230727509627,0.001378865328443293,6.358229950069154e-05,1.3765538435603613e-05,0.004918260699895171,0.00014182966978718765,7.09353692439868e-06
56,8.984912383828559e-05,4.718938559804624e-07,2.090683200829383e-07,0.004618718158309145,0.00014387328474477792,0.02050762478060696,6.948023762653388e-05,0.0009798108055735562,0.0004850886741078497,0.00024355998441525538,2.0248176370235463e-05,0.00024845083554511465,0.00011412792461471865,4.811011914551787e-05,2.0327133113350563e-05,0.005491767262182597,6.653431476951187e-05,0.9626453561059182,6.905312050876485e-05,0.0011771252264838642,3.67234367461098e-05,8.906077621737777e-06,0.0028063993917449926,0.00010392906694109748,4.255796895763805e-06
57,9.96257562987348e-05,5.765910176458122e-07,4.258944375650029e-07,0.0049298771250845495,0.00022854761643541224,0.02601822671295337,9.018048311315887e-05,0.0014164796105218956,0.0006410607539121535,0.0003442191639658684,2.5119795354875955e-05,0.00043120898667715126,0.0001689998249561855,5.908585433360332e-05,2.616139456946555e-05,0.0076304857444264495,9.046785649337919e-05,0.952511932183589,8.944534983758412e-05,0.001807617658114667,6.0034877033831316e-05,1.1841065346907255e-05,0.00317667585655368,0.00013657473233649379,5.129112636430965e-06
58,8.732263314009484e-05,4.4500283707093583e-07,2.0022092164168117e-07,0.00404776758493801,0.00013815384556873725,0.02107937728471678,7.144876912126589e-05,0.0009212662424017413,0.0004493251861334166,0.0002421981005303412,1.711523588660549e-05,0.0002403357199112481,0.0001134461370668893,4.7450814348395576e-05,1.9155084529048947e-05,0.0053750652197838596,6.906734045928078e-05,0.9628729765475108,7.131968175542045e-05,0.0011181702615835395,3.748821872989038e-05,8.655978835865024e-06,0.0028478421956921714,0.00012026787409541483,4.138819502605072e-06
59,9.209478647232957e-05,4.7438631853135773e-07,2.4058350797497835e-07,0.004403773562807518,0.0001520650836858725,0.02139717640561121,7.442950097814223e-05,0.001001102258930668,0.0004791614651490939,0.00025909973557490925,1.9342193461834662e-05,0.0002630858086986879,0.00012209041917786374,5.054864273241877e-05,2.071274930528295e-05,0.005740942023599242,7.33851779629646e-05,0.9613116987946559,7.351467877805788e-05,0.0012656676551174389,4.2426592875834225e-05,9.091161633742132e-06,0.003021180194922936,0.00012232965396761025,4.3664840736943914e-06
60,8.983423324957037e-05,4.991047992809272e-07,2.1181428753991233e-07,0.004761930963905937,0.000148109043053921,0.021128184317701824,7.104303035019628e-05,0.0009655222897945753,0.0005055904112680058,0.00023710563151490497,2.0624768693370063e-05,0.00025481134173735843,0.00010571642610797852,4.906707886103203e-05,2.1284926693139395e-05,0.005528934934392165,6.691425444195315e-05,0.9617591639908252,6.882896863474269e-05,0.0011523396254307298,3.904280248191959e-05,9.402145894932305e-06,0.0029096252820566006,0.00010175447619540352,4.4581376278346095e-06
61,9.66281127984059e-05,4.992399848276833e-07,2.4400197159902855e-07,0.004540323265656732,0.00016028351304680377,0.022044643206700198,7.841494828080886e-05,0.0010025315291374143,0.0005150994071171027,0.0002591346398592742,2.016385995481842e-05,0.0002717403977105476,0.00011761727390818493,5.296599862766922e-05,2.1660726594745873e-05,0.005853265243237163,7.427120601730197e-05,0.9603056758234604,7.534980589000252e-05,0.0012270381626662374,4.3564568874473764e-05,9.579310822834308e-06,0.003103836252704471,0.00012079360907876954,4.675895899287369e-06
62,8.983423324957037e-05,4.991047992809272e-07,2.1181428753991233e-07,0.004761930963905937,0.000148109043053921,0.021128184317701824,7.104303035019628e-05,0.0009655222897945753,0.0005055904112680058,0.00023710563151490497,2.0624768693370063e-05,0.00025481134173735843,0.00010571642610797852,4.906707886103203e-05,2.1284926693139395e-05,0.005528934934392165,6.691425444195315e-05,0.9617591639908252,6.882896863474269e-05,0.0011523396254307298,3.904280248191959e-05,9.402145894932305e-06,0.0029096252820566006,0.00010175447619540352,4.4581376278346095e-06
63,8.558288559681555e-05,5.743362562603412e-07,1.9735381048962282e-07,0.004691465127803371,0.00014622691546195484,0.021758282235255517,6.59681963641715e-05,0.0009138578508726252,0.000515815507060552,0.00022103106977735295,2.0344530019881896e-05,0.00023866121815822302,9.607009765318833e-05,4.7446698316631245e-05,2.241715644594964e-05,0.005212760595742236,6.358738540036168e-05,0.96174576951719,7.12415572656899e-05,0.0010637419675253836,3.779308726013169e-05,9.84407462330296e-06,0.0028708430701932072,9.581977312459668e-05,4.657792821885609e-06
64,8.414073265559116e-05,5.074411501404864e-07,2.503818174432395e-07,0.004678006027284266,0.00015723626422430807,0.022538507529125156,7.284021625030488e-05,0.0009117795836455816,0.000495976049378415,0.00023124343457843764,2.079823906970612e-05,0.00029153764297447273,0.00010403916559160144,5.234547378358993e-05,2.2746356435925323e-05,0.005899251730643777,7.297847895571159e-05,0.9595165145195186,6.63110323445924e-05,0.0012496908670462726,5.3913879503381436e-05,9.743663011801209e-06,0.003357818427455167,0.00010726121265224046,4.5616509035250175e-06
65,0.00040456587406657776,5.315609726869997e-07,5.378850257423654e-07,0.008580188715138062,0.0002628172431583696,0.022871369981280913,0.0001601713220017741,0.0037781033649772248,0.0014167938807890077,0.0008085220570474729,4.995472270647855e-05,0.0004882400995558322,0.0003270994003170903,7.39626948578231e-05,3.0048960264567475e-05,0.011564086902567812,0.00012082626297118438,0.9447176971402267,0.00016684605636188327,0.0014243057283481412,3.166384402014024e-05,1.6391537574278298e-05,0.0025345682042450376,0.00016491015182638417,5.796409698935716e-06
66,8.974743617531563e-05,4.995030908745283e-07,2.1153277864471575e-07,0.004761451479912123,0.00014793261440498745,0.0211264108911217,7.09765271298365e-05,0.0009652678722160564,0.0005054526466696474,0.00023684082826232265,2.0619638818676922e-05,0.0002547835869010261,0.00010554335486119855,4.9049230071534575e-05,2.1301109564678702e-05,0.005525125259816046,6.685942422200555e-05,0.9617688490524973,6.878802059737279e-05,0.0011510605738026722,3.903369867789052e-05,9.40733880359722e-06,0.0029086778341153173,0.00010165228464597668,4.458260843360315e-06
67,0.0003006110442016764,6.582794833116305e-07,5.228980329510175e-07,0.006784316715323634,0.00032821513330184057,0.020303396265991938,0.00011598649205711261,0.002741907756881707,0.0012778009810484176,0.0005983954737347582,4.405078258074486e-05,0.00037915446158044345,0.00025821993578557947,7.176988518085559e-05,3.1811973116357064e-05,0.00920923351899282,9.736260595825568e-05,0.9530431402925682,0.00015696124632086147,0.0014521024644318652,3.518684990233067e-05,1.3150345546419738e-05,0.0026105278273671753,0.0001398354186191668,5.681351991682416e-06
68,0.0008852409436476342,9.99941449109903e-07,3.4471075412054867e-07,0.012947318949958491,0.0003620703367190533,0.010726592433691468,8.830286750064625e-05,0.0011048995174810273,0.0012048353768370165,0.0004910167098153259,5.427087742833094e-05,8.702392604956344e-05,0.0002615946620111891,0.00011284471674105276,1.5319811860538568e-05,0.00860860467388752,0.00011301367011316062,0.9583642689805909,0.00035666531083671465,0.0009923981028257377,1.0049423534358707e-05,8.72110940196556e-06,0.0030551669095756602,0.00014032035204030867,8.115685248948951e-06
69,0.00027582998630138275,1.0348702239725968e-06,4.6869671632262263e-07,0.005798356434039134,0.00022815980709519444,0.03662122617971061,0.00015361166939259008,0.001789721530100628,0.0007033958921072323,0.0003781349445380837,1.3253282882845456e-05,0.00035818252491467013,0.0002741376473770056,7.053384964361046e-05,1.879752345411275e-05,0.01498485542869378,0.00011841523508712262,0.9343351752944373,0.0003011288132125066,0.0007680221146574056,3.7695922323874885e-05,1.9033379980497583e-05,0.0023667446264782907,0.0003787329685748498,5.351378056807168e-06
70,7.713268997051656e-05,5.734212728078661e-07,2.6352456552422886e-07,0.007694429657314522,0.00016491299357005408,0.026271968977050298,7.296908581455125e-05,0.0011361822815272,0.0006440009285388143,0.0002779075717745806,2.9027123094141967e-05,0.00030292560981757513,0.00010979897241260056,4.575654843834754e-05,2.4675390895536538e-05,0.00677415208603895,5.26757973532916e-05,0.951344882810854,5.783810452547977e-05,0.0015537811762623588,4.263253709929177e-05,1.0160163714139206e-05,0.0032286234891972447,7.823186004820779e-05,4.497198850004158e-06
71,0.0001694953812611842,2.2574476358663633e-07,2.401202690365209e-07,0.004270048393574611,0.00022871278312399404,0.0236168811046241,0.00024807224811650445,0.001572570443451827,0.0007507289565317399,0.000639979823268621,2.1619926916749933e-05,0.00029125529540501943,0.00025410625534010424,6.261510507314318e-05,1.5022996422325917e-05,0.006344472282455172,0.00012300723094917055,0.9553578904858494,6.942724693661768e-05,0.0019487881800579162,2.76991052410353e-05,7.885151028305142e-06,0.0037178264937069083,0.0002549427713552997,6.486474277519219e-06
