,0,1,2,3,4,5,6,7,8,9,10,11,12,13,14,15,16,17,18,19,20,21,22,23,24
0,0.48312914543806634,0.25845670620588207,0.01583689385046335,3.576970284759693e-05,0.00580379085661083,0.0010960820502552472,0.011035130213118947,6.811237608397503e-07,0.20297350590407845,0.00010880046606985555,1.9718560509535606e-06,0.0001311024073989345,8.477134149198913e-06,9.919947169547246e-06,3.654141873979181e-06,9.396191865313535e-06,1.9916921990637293e-05,0.00017614199057974656,0.011764426848583339,1.8406839099705276e-06,0.00027309468956530295,4.47086231018085e-07,1.8725116243104194e-05,0.0003269467149198359,0.008777432458315419
1,0.5141492834213561,0.22674698613649386,0.021840260878689347,2.905128604068947e-05,0.003174389067335299,0.0009508096190429183,0.01077997237821414,5.718137733300102e-07,0.20352254517384222,0.00014813103265846976,9.798238302574076e-07,0.00011503349626764134,6.382186695230913e-06,5.482769776112646e-06,2.94954321615581e-06,1.02759064182428e-05,8.358168624970673e-06,0.00015583671474726207,0.010972144486222789,1.2907988947728909e-06,0.00021349038554984543,2.9018187322435837e-07,1.0797927556915178e-05,0.00028460641561046674,0.006870080387269677
2,0.531773396361798,0.27075421748573764,0.012481110280497459,2.3384416350390737e-05,0.008503303750374391,0.000602369327259343,0.014395674122761137,5.054395616978213e-07,0.14032516604449347,0.00010808470395274159,1.3605830200390122e-06,0.00011123197449028212,6.104683906339279e-06,1.1061790945458585e-05,4.39164654158264e-06,5.954193576840259e-06,1.393913841824239e-05,0.0001486103099359164,0.005794415131548991,1.8525617656848778e-06,0.00015203577431997025,2.81335892943826e-07,1.7882386097055707e-05,0.00015601305407188888,0.01460765350268246
3,0.5158352306846632,0.27321263238634913,0.01822638070413386,4.653581178476314e-05,0.0048167177493747895,0.0009061194868361629,0.013327674005056411,5.933591073167873e-07,0.15317809470780547,0.00014485563940545092,1.764791721932862e-06,0.00014420361918632366,6.620305156179254e-06,1.1641950986165759e-05,2.7506425898468235e-06,6.618435848399589e-06,1.674331196153415e-05,0.00019684914919010783,0.008215350215913669,1.6200843715440428e-06,0.00026218525526892396,4.0586909770968457e-07,2.5050320957310014e-05,0.00030325583457794283,0.011110105678655835
4,0.5301784734693756,0.2569185565696179,0.017075693417162436,4.506839224305715e-05,0.004723291161047494,0.000824926090263712,0.012482163159094619,5.259400672207597e-07,0.15699855740931565,0.00012330237419096624,1.7072372515655443e-06,0.00017094490487642574,8.98161841432986e-06,1.1688089036995723e-05,2.578197969558165e-06,6.090047687639544e-06,1.9150596943186056e-05,0.00019517134196567277,0.00810623244598966,1.6428399750945325e-06,0.00027229076963604956,4.3018234548034655e-07,2.416646349167313e-05,0.00031262719745014163,0.011495740084587805
5,0.564193905891743,0.248518923464638,0.016559986382561672,6.965394299082038e-05,0.003487722055993608,0.000846183133806126,0.0113042901249038,5.108972461835902e-07,0.13501480281264533,0.00016604672140712738,1.6546789072048088e-06,0.00016392962104079295,7.046177915331143e-06,1.441656020640082e-05,1.962160440350976e-06,5.632810917884238e-06,2.0182656351138344e-05,0.00032090586935851987,0.006203522934461829,1.6659931393114784e-06,0.0002846464025732268,4.7652315713498195e-07,2.7383426119056275e-05,0.00034286629267102125,0.012441682464805074
6,0.5158352306846632,0.27321263238634913,0.01822638070413386,4.653581178476314e-05,0.0048167177493747895,0.0009061194868361629,0.013327674005056411,5.933591073167873e-07,0.15317809470780547,0.00014485563940545092,1.764791721932862e-06,0.00014420361918632366,6.620305156179254e-06,1.1641950986165759e-05,2.7506425898468235e-06,6.618435848399589e-06,1.674331196153415e-05,0.00019684914919010783,0.008215350215913669,1.6200843715440428e-06,0.00026218525526892396,4.0586909770968457e-07,2.5050320957310014e-05,0.00030325583457794283,0.011110105678655835
7,0.5746591450237982,0.23973928412903653,0.020071603112919858,3.71293138681573e-05,0.004234471625003292,0.000817384635974839,0.01247689445665822,5.352729399412804e-07,0.1293487143615075,0.000132617375451978,1.5455521519790456e-06,0.00012524328077732235,6.282725846420086e-06,9.410987016184167e-06,2.093426772678149e-06,5.241753761453807e-06,1.3536346371566222e-05,0.00017502205088201412,0.008035899406966746,1.3574703763325731e-06,0.00020591993962624437,2.9529893826473683e-07,2.1920628587931435e-05,0.00029856520830657244,0.009579886616459522
8,0.527884062031375,0.34457300302523114,0.030026830032339632,6.056425759003673e-05,0.0032678617456055052,0.0006367244705877751,0.014985653146783153,4.052420785770346e-07,0.06409268864057827,0.0002036663274787432,1.2220076320449119e-06,0.0001186054061028394,3.6458857577733775e-06,1.1023727760814807e-05,8.624009900008219e-07,2.6719227409849127e-06,5.869570814403468e-06,8.125782071229993e-05,0.0046245632183352205,1.3453245787852672e-06,0.00012333959329802836,1.0892732024442123e-07,5.325544775535688e-05,0.00032194156397832846,0.008918828262575087
9,0.3849644328295663,0.4013711028601253,0.03911863448230359,0.00012864721015370847,0.0025369585719882794,0.0009950153602435205,0.01733778446188008,4.615257491780016e-07,0.13488089087307836,0.00034732454912130104,1.193783994950207e-06,0.0002083156888610987,5.6500143406424745e-06,1.0861069590229372e-05,1.6179996945031814e-06,6.27138128829861e-06,8.319319464861043e-06,0.00013719641127643453,0.005628546088801301,2.0836245883386595e-06,0.00040648457372067007,2.777715083954631e-07,5.38977699310628e-05,0.00048034541932130947,0.011367686359408347
10,0.5158352306846632,0.27321263238634913,0.01822638070413386,4.653581178476314e-05,0.0048167177493747895,0.0009061194868361629,0.013327674005056411,5.933591073167873e-07,0.15317809470780547,0.00014485563940545092,1.764791721932862e-06,0.00014420361918632366,6.620305156179254e-06,1.1641950986165759e-05,2.7506425898468235e-06,6.618435848399589e-06,1.674331196153415e-05,0.00019684914919010783,0.008215350215913669,1.6200843715440428e-06,0.00026218525526892396,4.0586909770968457e-07,2.5050320957310014e-05,0.00030325583457794283,0.011110105678655835
11,0.5282582302030988,0.2628819449498393,0.01813703338337575,4.604091834267167e-05,0.0048686836691551666,0.0008590103450438823,0.013008540824426356,5.775779473473144e-07,0.15171662792671,0.000136571625645214,1.7441658986268196e-06,0.00015735435568874442,8.193161164112593e-06,1.150565957284799e-05,2.545231472550236e-06,6.502754854765786e-06,1.7795150285470437e-05,0.0001918669034036663,0.008201865406289761,1.7380283493034595e-06,0.0002609700255583914,3.961530981324009e-07,2.524045162886228e-05,0.0003214148162880371,0.010877606312862137
12,0.44694037777729473,0.2526263060139532,0.03408141226488731,5.0763887187243384e-05,0.0030943621373717583,0.000843075980256983,0.021692335355312974,1.4141365085430767e-06,0.21504453224040443,0.0001382004715437712,3.0064062324541052e-06,0.0002723241607496808,6.043487085704036e-06,6.324424041838243e-06,4.686824811042654e-06,1.182589239719009e-05,6.6674372623368995e-06,0.00012395980864861276,0.01860521081689662,1.1887377318751404e-06,0.0002662636117946944,5.382309264923064e-07,2.1283136677262616e-05,0.0005405990357010469,0.005617297724322065
13,0.3412779009580792,0.3590339751408961,0.02768839237392225,0.0001733235307951649,0.010653625076099387,0.0009360001352425622,0.04499340864380198,3.7712920865549392e-06,0.18303860961772256,9.824853517672733e-05,2.9504051189849106e-05,0.0009962899333294006,1.2002938124580473e-05,7.002322482861772e-05,7.755892232422276e-06,8.840084619890053e-06,3.652219271769479e-05,0.00019943919980356907,0.0139312410303832,2.5498927593464183e-06,0.0005974602688831178,2.155845635798777e-06,0.00017166679065206336,0.0007088461392436004,0.015328447211774407
14,0.2170404249976304,0.7262841520038369,0.0014570036520888119,1.5011226618197998e-05,0.006230858166064245,0.00027169838376324797,0.008361027446586499,3.4482050965736965e-07,0.029814612289570126,0.00018839918288456726,1.5721119756248806e-06,2.4017729399441417e-05,4.998226150068557e-07,1.563171588012823e-05,9.482257646638413e-07,2.402817676367587e-06,4.209590404956486e-06,5.558614990790758e-05,0.007356280876855512,8.973625159132228e-07,3.0263938702318033e-05,1.2448517778295768e-07,1.827204544451893e-05,0.00010935302758769536,0.002716407930539393
15,0.5158352306846632,0.27321263238634913,0.01822638070413386,4.653581178476314e-05,0.0048167177493747895,0.0009061194868361629,0.013327674005056411,5.933591073167873e-07,0.15317809470780547,0.00014485563940545092,1.764791721932862e-06,0.00014420361918632366,6.620305156179254e-06,1.1641950986165759e-05,2.7506425898468235e-06,6.618435848399589e-06,1.674331196153415e-05,0.00019684914919010783,0.008215350215913669,1.6200843715440428e-06,0.00026218525526892396,4.0586909770968457e-07,2.5050320957310014e-05,0.00030325583457794283,0.011110105678655835
16,0.4052168648107353,0.3594039265047234,0.014341631763567732,6.268178287816168e-05,0.004393789656322536,0.0006916503143927288,0.022195648488919757,1.0142502779365772e-06,0.16443619001717596,0.00030421152604439655,1.670080650111233e-06,0.0003269637477223151,7.743166082563547e-06,1.7657735247789017e-05,4.770920727111526e-06,1.0976931799157317e-05,2.226840713555583e-05,0.0002804778569840894,0.011383176183379615,2.2060883896160158e-06,0.0006967351212095634,1.2010669444843374e-06,3.114383619890123e-05,0.0002659918336063949,0.015899407908884687
17,0.4580219603577464,0.33539139743426877,0.013191965259205978,0.00010264144630863673,0.009558013454520684,0.0007640054455760278,0.020375195573444707,9.641896691032899e-07,0.12865851995988326,0.00018945295443479533,3.5760780666513114e-06,0.0003646824736040273,1.6663600991129183e-05,4.295369537889868e-05,3.225203005009629e-06,7.390586883769732e-06,7.269759345917437e-05,0.0003223367656582283,0.006657628413235832,4.2184702754226e-06,0.0005437852134355058,1.2202807517159486e-06,9.26334774394979e-05,0.0003394524404181817,0.02527341963233856
18,0.6303314457156021,0.19990990800549896,0.010873376657247193,3.759914551003396e-05,0.006988184759842861,0.0006186373061626545,0.012809845172342748,3.1332500091637597e-07,0.09941854026595384,0.0001678641883682334,1.0229287409682193e-06,0.00014330212766686413,1.06568854853774e-05,1.8838729541302835e-05,2.393187284847193e-06,3.939528802141217e-06,5.414278999461517e-05,0.00044922131550448574,0.0034646017196040243,2.309760951499258e-06,0.0003891513222214999,5.565299481953473e-07,2.933015964347865e-05,0.00014946031047434442,0.034125358162606825
19,0.41898543197693705,0.30469785690683415,0.025985262955477772,7.381641523822077e-05,0.003985844014037757,0.0005703557168340431,0.02849584184306472,8.592779132700074e-07,0.19461931467086974,0.0001774709838301918,1.69011910464904e-06,0.00038189979995976027,8.594156942031083e-06,1.161815619525239e-05,3.853948691175321e-06,8.72958955500064e-06,1.3750820835501746e-05,0.0001773893852070395,0.007500351956625001,1.5209418069928405e-06,0.0004287778039874119,7.159887407792582e-07,2.6469290916943808e-05,0.0002735333430511621,0.013569049937344334
20,0.40248797453476304,0.297144423683136,0.024493646183364314,7.736413908456476e-05,0.004190615645000147,0.0008911405547032077,0.02417757574839059,2.266080656894409e-06,0.217168613105629,0.00018647574660811308,3.730866604941171e-06,0.00034114133868774006,6.478676895353915e-06,1.6047736102949015e-05,1.1258723191054796e-05,1.4510888914581676e-05,2.001307010225618e-05,0.00026916676717424795,0.014453443331400419,1.8352826512593222e-06,0.00046911468439084464,1.7415609950939858e-06,2.868629743749182e-05,0.00029473373201171875,0.013248001622104478
21,0.4587510656443457,0.29946560049825915,0.014868917149473523,5.565275492356683e-05,0.0028628470871208387,0.0007194758350101116,0.01178863354229766,7.046993995442347e-07,0.19567944324658432,0.00017425558144072722,1.1950613973597989e-06,0.00019758269841763633,6.022373260683089e-06,1.3750713316639448e-05,2.3733843441812155e-06,1.2163794421213564e-05,7.984511707165942e-06,0.00021210117704414835,0.0075715302259199025,1.4981612531986786e-06,0.00024311842205782574,4.0048086137095564e-07,1.2426707537205822e-05,0.00026726300773153655,0.0070839932418747
22,0.7112177740573021,0.14086926045795428,0.013539075290432509,2.815025278950517e-05,0.0037621978689398915,0.0009257446093482064,0.005585174036416852,3.8791212766243066e-07,0.10641147184608081,0.00010585995717327566,1.5100805629086732e-06,5.74720527214224e-05,5.102396852742166e-06,8.315050460392305e-06,2.1283187286029792e-06,4.420852156789307e-06,3.0837223345614663e-05,0.0004506388535861799,0.005673384044773688,1.2621012364391825e-06,0.00019641329177739507,4.4474404668419257e-07,1.4306303878748179e-05,0.00023814502279561288,0.010870523374511738
23,0.5158352306846632,0.27321263238634913,0.01822638070413386,4.653581178476314e-05,0.0048167177493747895,0.0009061194868361629,0.013327674005056411,5.933591073167873e-07,0.15317809470780547,0.00014485563940545092,1.764791721932862e-06,0.00014420361918632366,6.620305156179254e-06,1.1641950986165759e-05,2.7506425898468235e-06,6.618435848399589e-06,1.674331196153415e-05,0.00019684914919010783,0.008215350215913669,1.6200843715440428e-06,0.00026218525526892396,4.0586909770968457e-07,2.5050320957310014e-05,0.00030325583457794283,0.011110105678655835
24,0.4880703416292357,0.3590279982561644,0.010886098142170016,5.743762616859742e-05,0.0038000241306900403,0.0007511266747221279,0.008768800782575222,5.097979400161914e-07,0.11215316677047335,0.00016504659038764247,1.4303585360527785e-06,0.00011944903507872716,5.332939035346821e-06,1.6919823363713098e-05,1.5339193919437012e-06,5.760570668297491e-06,1.655679224164253e-05,0.00019594711891541327,0.0071178667481075885,1.8416740369014698e-06,0.00018394513661134225,3.5125695743217925e-07,2.574865153205381e-05,0.0002838855968705483,0.008342879978125899
25,0.3635417507752114,0.40362202957424365,0.020290256450846932,0.00015187954323982636,0.0074648474796424474,0.0012339738025415065,0.03104453602405191,4.79251460453596e-06,0.1477308000614971,0.00019559767225688218,1.4095507684982705e-05,0.00031922026147568404,4.922728092879856e-06,5.4421837105546827e-05,4.484154485081606e-06,1.462952939129633e-05,2.1260725900502247e-05,0.00023142061929666194,0.016135744721295735,2.2924601903691694e-06,0.00033435617548588576,1.1891324421056732e-06,7.815868395171836e-05,0.0005572961302720532,0.006946043434793289
26,0.7731669589769498,0.10886571668349317,0.013282672296018464,1.804288568864409e-05,0.0027077239237913984,0.0008435562650115869,0.002375218135248051,9.757219489360598e-08,0.08829594917596299,5.0910526380211085e-05,8.924266465678779e-07,3.6294694713971824e-05,8.0248804018393e-06,2.96037286818539e-06,3.5127969051148126e-07,1.8520575179117028e-06,1.5233322401016338e-05,0.0001668895329014686,0.00538342561732733,1.072521259992534e-06,9.990921887871021e-05,8.875259944528869e-08,1.6371116613771167e-05,0.0006580207355063281,0.004001767029933733
27,0.46153113131344137,0.28096164969175147,0.0174000525909988,5.6548118569659246e-05,0.0042835959784290395,0.001001770507704712,0.013434734268877587,9.045340914807613e-07,0.19778052913170738,0.0001461323289884148,2.5378638161276075e-06,0.00018458465937784668,6.431900743393033e-06,1.3107470242096249e-05,4.8800108254432825e-06,9.554666028833773e-06,2.0266083030043218e-05,0.00024599821682192113,0.011489689062315879,1.6661939190837617e-06,0.0003285406571867209,8.755764403110937e-07,2.5015730403409037e-05,0.00034437923790381234,0.010725424206385155
28,0.5158352306846632,0.27321263238634913,0.01822638070413386,4.653581178476314e-05,0.0048167177493747895,0.0009061194868361629,0.013327674005056411,5.933591073167873e-07,0.15317809470780547,0.00014485563940545092,1.764791721932862e-06,0.00014420361918632366,6.620305156179254e-06,1.1641950986165759e-05,2.7506425898468235e-06,6.618435848399589e-06,1.674331196153415e-05,0.00019684914919010783,0.008215350215913669,1.6200843715440428e-06,0.00026218525526892396,4.0586909770968457e-07,2.5050320957310014e-05,0.00030325583457794283,0.011110105678655835
29,0.5158352306846632,0.27321263238634913,0.01822638070413386,4.653581178476314e-05,0.0048167177493747895,0.0009061194868361629,0.013327674005056411,5.933591073167873e-07,0.15317809470780547,0.00014485563940545092,1.764791721932862e-06,0.00014420361918632366,6.620305156179254e-06,1.1641950986165759e-05,2.7506425898468235e-06,6.618435848399589e-06,1.674331196153415e-05,0.00019684914919010783,0.008215350215913669,1.6200843715440428e-06,0.00026218525526892396,4.0586909770968457e-07,2.5050320957310014e-05,0.00030325583457794283,0.011110105678655835
30,0.5158352306846632,0.27321263238634913,0.01822638070413386,4.653581178476314e-05,0.0048167177493747895,0.0009061194868361629,0.013327674005056411,5.933591073167873e-07,0.15317809470780547,0.00014485563940545092,1.764791721932862e-06,0.00014420361918632366,6.620305156179254e-06,1.1641950986165759e-05,2.7506425898468235e-06,6.618435848399589e-06,1.674331196153415e-05,0.00019684914919010783,0.008215350215913669,1.6200843715440428e-06,0.00026218525526892396,4.0586909770968457e-07,2.5050320957310014e-05,0.00030325583457794283,0.011110105678655835
31,0.08551986307438139,0.23827082839157662,0.004205535353903226,7.414239296171141e-05,0.011764118714865324,0.002539101743287541,0.007701693421390884,1.4824314709664232e-07,0.6206539809667903,5.441012306783221e-05,5.113781392109372e-06,0.0002385808788916848,1.3694671597734215e-05,1.8373458190171885e-05,1.7474539496664545e-05,2.6224927359970484e-05,6.324147911035824e-05,0.00017388261540284138,0.006290677881806337,3.0917453785387986e-06,0.0010437375963663848,2.470457861243953e-06,3.8530643909342796e-05,0.0005122282625321592,0.02076885463533242
32,0.5287402346054023,0.2713895244226499,0.016950069323948578,3.9221056771981684e-05,0.004308597074751838,0.0008782591577756682,0.012034459366869093,6.065095399810921e-07,0.14518699107394273,0.00013701498837253692,1.7291313784966544e-06,0.00013529600782728228,6.2372799257765466e-06,1.0526018089094086e-05,2.6066943870850197e-06,6.1944750227131145e-06,1.551299030328516e-05,0.00018300238022701714,0.010028322768611701,1.4347588198713396e-06,0.0002383706186608242,4.016178120748465e-07,2.2262181912423626e-05,0.00030801151782258805,0.009375113979175094
33,0.5029615367438225,0.2887743376627195,0.017195444679153737,5.460688996703776e-05,0.005200920281504186,0.00104426495502054,0.013175716871256045,7.158311676160006e-07,0.1499512875774378,0.0001649706770451948,2.1663534490725337e-06,0.00015207001405597562,7.730760540030776e-06,1.4580395969588674e-05,2.6885035990358623e-06,7.799477195643875e-06,2.1827880258892205e-05,0.00021636504630381334,0.009666569174723172,1.9740382552831682e-06,0.0002901155267668811,5.017770291553669e-07,3.1533740676764216e-05,0.00036533468357667637,0.010694940458505846
34,0.5472013014456396,0.24728249483997078,0.016791010997782154,3.271101156211365e-05,0.0040569383265177715,0.0007778043195960252,0.010744539969122509,4.931776036065736e-07,0.15484876034811673,0.00010286862479995584,1.498508799656571e-06,0.0001240461787612629,5.9540029486815974e-06,8.397702995232101e-06,2.3647464931329613e-06,5.29433831877076e-06,1.2906009653284633e-05,0.00016491148085801146,0.00886240447537602,1.1741509638539115e-06,0.00020379442349025535,3.22378957146454e-07,1.692493982767023e-05,0.0002796428163671208,0.008471440785478747
35,0.7289807163657926,0.12798726893701814,0.012702543271019235,2.1694887044035544e-05,0.0014985073729603955,0.00028507925672757007,0.008186813388749903,4.038127554412939e-07,0.10902537870425259,7.969152820112161e-05,5.341727937937585e-07,9.940018009663946e-05,3.221022407209491e-06,4.301146298795124e-06,9.97240254450774e-07,2.5880528325497945e-06,6.88873109428453e-06,0.000293294696358376,0.004610280475750453,4.536376376113309e-07,0.0001318674306446835,2.3716889656552876e-07,4.867042232567821e-06,0.0001338242107796331,0.0059391472674014305
36,0.5173390136481405,0.21537710973360782,0.014662521995663806,3.636769319614132e-05,0.0031305813126685715,0.0003227693108609467,0.022585071010254473,2.5128191476897482e-06,0.19861912407501855,8.61256509191958e-05,1.81101519991448e-06,0.0006743715442819693,1.5235811751506033e-05,1.2233779033523608e-05,7.030203417876645e-06,1.599607365096342e-05,1.7723703845694784e-05,0.00016959733579738147,0.017264866730131487,1.3760062327384855e-06,0.0002283278285204215,1.397410448318883e-06,8.797869498194157e-06,0.00016291364717209718,0.009257123791540334
37,0.7458978117638968,0.15741880896021973,0.015144655845628534,2.8140948635263775e-05,0.0018348600473141387,0.00036058030221151855,0.007080239082712648,2.1345681824519211e-07,0.06157102356934499,0.00011544436793509364,7.623630130498853e-07,7.386797253179564e-05,3.6558934607147827e-06,4.615911042049894e-06,4.4693922733173347e-07,1.746402315726543e-06,7.672904218097411e-06,0.0002029123687821765,0.004311465357863224,7.503205176454628e-07,0.00010541277464365768,1.423928856578645e-07,1.6281712416853814e-05,0.0003403159693607505,0.005478172373004271
38,0.46349247172061797,0.31637148397828785,0.01753035696013139,7.469655693635919e-05,0.005152008474930453,0.0008738706683862958,0.014412839160660879,7.913807873072277e-07,0.1591563707051243,0.00016732997434501658,2.3630510614834463e-06,0.00020272554121530592,8.082595658218482e-06,1.672751572697958e-05,3.0025012604922095e-06,7.351808244540003e-06,2.7887906563768336e-05,0.0002481102252959247,0.008374356012565906,2.3493899421802296e-06,0.0003893246189522478,6.923856305858653e-07,3.9340260599836496e-05,0.0003491575388689382,0.01309630906820561
39,0.5471627075797001,0.12875121655359367,0.04763826192234898,5.517393229475458e-05,0.004267851969966506,0.00342994210390931,0.013510243358670642,1.7099251207058541e-06,0.2198545650975313,0.00024197415700918638,2.1058671610695565e-06,0.0001519186058215097,1.9893276004210258e-05,8.325599904462566e-06,5.334242366518248e-06,2.0961726327266965e-05,4.502152634992225e-05,0.00036830725981903777,0.020928521443065416,2.5705370892709938e-06,0.0008825806686329629,7.477398554906257e-07,2.4138064201337577e-05,0.0005063052338870261,0.012119621609369408
40,0.5277679238186437,0.22687691338431468,0.025049386588441722,1.8678042404010522e-05,0.004352994869444923,0.0005756807290389637,0.015010424123062053,3.383213384037915e-07,0.18030156462440522,6.241317988595674e-05,1.1451855977945832e-06,0.00016436232884092274,5.865638206266623e-06,6.3463053800222e-06,4.287175100284905e-06,3.535291808738159e-06,7.232513634246187e-06,9.112257469777282e-05,0.006250370584831079,7.01019446635557e-07,0.0001604391057256793,2.5145529259128424e-07,1.2202464913102256e-05,0.00015019966517165563,0.01312562101037363
41,0.5492628780506409,0.2069712097890392,0.016932088248847437,2.598340013731449e-05,0.006517311539101425,0.0007163059960801434,0.01205995759140484,4.109762485995157e-07,0.1916634095912943,7.152330592768637e-05,1.263792087069687e-06,0.00010420826094548456,6.661463434644537e-06,6.971941483216072e-06,3.1967752667690385e-06,6.6370934578648e-06,1.0565535147179953e-05,0.00013947989307991191,0.005136647295597412,1.2444924707761677e-06,0.0001450034229163567,2.0318958460355161e-07,1.1678596261327138e-05,0.00019459840971176618,0.010010561349833717
42,0.37688876281170813,0.2591746109962671,0.02824474478019471,9.173283858918255e-05,0.0022817144967688346,0.0016924985813220519,0.0158081418477737,3.5392822920585595e-06,0.25778353279171745,0.00032238196906788356,3.3273842214801304e-06,0.00041453329938226705,1.3887426238320907e-05,1.0925075531897736e-05,9.322124983411973e-06,3.7168276966566076e-05,3.0026660207378235e-05,0.00030433333099824205,0.04790437051769831,2.7897001572162587e-06,0.0008570334126180041,2.8067863913635883e-06,2.8259569161002713e-05,0.0006951513141650744,0.007394404725578171
43,0.39907277731796487,0.34640436466717794,0.023719459810190892,9.081487113620723e-05,0.0048538283452158335,0.003398264599138152,0.014801311234871028,1.38644534456837e-06,0.16749457714918548,0.0012254901818494269,1.713668107898183e-06,0.0001166521138409737,1.0972527450985326e-05,1.9263485520072838e-05,4.278836386188608e-06,2.4212315664291684e-05,5.294702118464704e-05,0.0005659012515869422,0.021341894525227775,5.798935993852863e-06,0.0014080557801185007,1.4303949283082485e-06,6.322476794064131e-05,0.0006286581472741129,0.0146927216067005
44,0.5158352306846632,0.27321263238634913,0.01822638070413386,4.653581178476314e-05,0.0048167177493747895,0.0009061194868361629,0.013327674005056411,5.933591073167873e-07,0.15317809470780547,0.00014485563940545092,1.764791721932862e-06,0.00014420361918632366,6.620305156179254e-06,1.1641950986165759e-05,2.7506425898468235e-06,6.618435848399589e-06,1.674331196153415e-05,0.00019684914919010783,0.008215350215913669,1.6200843715440428e-06,0.00026218525526892396,4.0586909770968457e-07,2.5050320957310014e-05,0.00030325583457794283,0.011110105678655835
45,0.47472611009209664,0.18221437319262063,0.03352908266466366,4.755438961193267e-05,0.004848646142867077,0.0013636373806790326,0.022862192775454385,2.7809556804664347e-06,0.25532935529764855,0.00012104962118731579,4.249705267752956e-06,0.00018314885040408664,6.234802016785486e-06,8.099890588125942e-06,1.341764872067616e-05,2.7201079788612938e-05,9.616314642819161e-06,0.00019192592877341713,0.016751020272490147,1.3693193657199623e-06,0.00018094208729142056,6.981174479609477e-07,1.2172929435134978e-05,0.00033893385911308224,0.007226186682144502
46,0.5112606705684549,0.2564657241176779,0.019286260950261265,0.00019649030336136918,0.005920553353020116,0.0033740127935142517,0.007125853898519012,1.3181805487948298e-06,0.14996249413777826,0.00024270686823257977,6.09822397411441e-06,0.0002562482703495578,4.439545920126841e-05,3.704778915646491e-05,3.913891668998504e-06,1.589328046901422e-05,0.00044403388966872566,0.0006627570427887073,0.020831469808426088,8.363689900766899e-06,0.001260802572489788,3.5983778833071367e-06,0.00013379652185876054,0.0010790720812369496,0.02137642392955902
47,0.4699414982456727,0.32126866366609336,0.01966362197219464,5.8679176255768334e-05,0.005565529963656227,0.001138908712289154,0.014486537085675037,7.123709844791962e-07,0.1477474279313751,0.0001645548090615341,2.4498809178592655e-06,0.00012450530579662756,5.113669770731978e-06,1.540499489361418e-05,2.854460583510632e-06,6.3204711208487195e-06,1.6094194125764206e-05,0.00019569063087225837,0.00811278767723498,1.7094450681221802e-06,0.00025663822208182185,3.818995814058227e-07,3.409269499942414e-05,0.0003260318580110525,0.010863790661683973
48,0.45242293307554027,0.05401629509683801,0.04600226945685787,7.012922541254665e-05,0.008762752027844867,0.0002721609437863419,0.03589056406130835,3.7245175302772517e-07,0.31385322654605924,4.683919934571642e-05,7.834632447159642e-07,0.0003563707820984356,8.20424007014007e-06,9.62485735268322e-06,1.2751781351916313e-05,8.095307594088827e-06,9.499153037545264e-06,0.0005019040899764361,0.0001913842564306959,1.6437099905357308e-06,0.00040595397532408763,2.7285221735845535e-07,9.258475326690106e-06,4.1061582992656265e-05,0.08710564938824578
49,0.49574238834873724,0.279505278283457,0.02685417304035229,7.076245857943269e-05,0.003549817621683771,0.0010349988130708644,0.014414379106567485,6.097993295146146e-07,0.1559568203039551,0.00019158199986862935,1.8450848139664495e-06,0.00020901763025334036,7.969573456339045e-06,1.3262896177106521e-05,2.745004816104368e-06,6.450034668179658e-06,1.715140245253534e-05,0.00022010842398051885,0.008009883411137373,1.7829493688558957e-06,0.000367946335302693,5.186752333425128e-07,3.633754180553798e-05,0.0003874827843979928,0.013396688476534791
50,0.5116511381617469,0.329319077160036,0.019895005517021287,3.202753784946572e-05,0.005454428647858802,0.0003932547371394424,0.05511771944482281,1.282129067038556e-06,0.05042686179057726,0.00047107430885330874,1.1753983304985408e-06,0.0002154350333115364,4.212931874438958e-06,1.949707214260075e-05,2.61218621659511e-06,4.4669090992437604e-06,9.0822094399845e-06,0.00013505930095925693,0.007592685173266462,1.3477424405514426e-06,0.0002007418871750561,3.3779685043468834e-07,3.7917964786632986e-05,0.00011973187530322462,0.01889382708383106
51,0.31338695438669395,0.5914907606130901,0.005781797601978974,5.6761601941295515e-05,0.0006777334666659508,0.00018389589886618778,0.005179689190034925,4.5804430373047103e-07,0.07324598248919723,8.393926562269953e-05,8.158584293266159e-07,0.00011963136185813134,7.434660745023157e-07,1.3845036656191141e-05,1.0569761207946126e-06,1.3134300090140647e-06,4.667027758773497e-06,0.0001212448648729051,0.0057160363460616245,3.5552675925783567e-07,8.716550244933726e-05,4.75807087200038e-07,8.407296153218222e-06,8.515393339519077e-05,0.0037511150079194396
52,0.7866501625143246,0.03274540495883444,0.00856918373807382,8.26429296519434e-06,0.0030407284380641617,0.0032735258142607103,0.001406962845261092,2.7685659145002996e-07,0.1509942841218283,6.071742842900347e-05,1.412538667948638e-06,8.004160186477592e-06,2.618323411763679e-06,5.7812372131282645e-06,4.984083840998584e-06,9.15640277276253e-06,1.6858549942639167e-05,0.0015616211523770145,0.0037105588054367786,6.692324735325694e-07,5.0424054548615635e-05,2.5593552325438026e-07,2.208640323927463e-06,0.00015268715723885321,0.007723248717409509
53,0.33411881591771914,0.3175009438116854,0.02913512964491235,7.137611360118535e-05,0.012807620754347231,0.0005109930407901984,0.10760315785262656,1.6778303836443433e-06,0.1688373414699327,0.0002206198113377721,4.0072284347419415e-06,0.0005296555664791432,7.260231400131215e-06,1.9719198409451106e-05,7.811910275975223e-06,1.0823795752884074e-05,9.053883745732254e-06,0.0001206805774384073,0.005910856146292207,1.9459935805865886e-06,0.0003566446875864669,5.606179932528377e-07,5.93649727091494e-05,0.00024839440233619955,0.02190554454022948
54,0.5133235356213205,0.29503975854380143,0.016057727363719368,3.894021649294788e-05,0.004513996355960125,0.0007647755384902157,0.012799092759654898,4.909576560994896e-07,0.13749258273328166,0.00014231505229435985,1.3533906750794286e-06,0.00013124721806692658,5.317182503667696e-06,1.1521276699623651e-05,2.7565268572626134e-06,5.6246076277767455e-06,1.3390912958007762e-05,0.0001694164709006704,0.007069793249915645,1.3991591677177496e-06,0.00020707285490414656,3.412383393321544e-07,2.1086371125858402e-05,0.00022198248027571434,0.01196448191731092
55,0.19356830151778054,0.6947621332318598,0.013642101498665706,8.325944147987231e-05,0.02119057882564367,0.004845128345907664,0.015352464779151564,3.2053190397505455e-06,0.018585821599962127,0.0013626669057040025,1.5240355909274413e-05,2.0482720224265025e-05,1.3682547549250098e-06,0.00012144184658151361,5.973791034364367e-06,8.847923837499312e-06,0.0001258682308780498,0.00015523828189172988,0.01714308636229853,9.118552507178248e-06,0.00033097491246390336,1.0641060879540522e-06,0.0007108258698622201,0.0003051154846308732,0.01764969184184301
56,0.5289296457193888,0.2613021704922735,0.018215671965061703,4.4828025863228895e-05,0.004700552133934456,0.0008661817270565161,0.01316461450475512,5.804292566811793e-07,0.1519310267017066,0.0001353459074687668,1.7523602051147485e-06,0.0001613380527060978,8.014097534737485e-06,1.1502336805038006e-05,2.6634982820855727e-06,6.3171797009088485e-06,1.7560021943265098e-05,0.00019082179702316747,0.008571615004394682,1.6383876811961588e-06,0.00026264935913862666,4.1221286795353075e-07,2.4809427113158994e-05,0.00031494351082479515,0.011133345147013725
57,0.4918483098225729,0.2734419462572265,0.016234288842748263,4.3819599762555255e-05,0.00396913092744561,0.0005611565757821918,0.014881487258625838,7.805032246081449e-07,0.17247792132421524,0.0001532527763122095,1.2533187611974022e-06,0.0003587856381017141,1.735974121160274e-05,1.0470878782779438e-05,3.2054598915188042e-06,9.804321510430353e-06,2.5859174430737653e-05,0.00016892652214536266,0.012878793779988178,2.547100911233768e-06,0.0003667721715905242,7.622384242699528e-07,2.3212912043471752e-05,0.00030227334523501005,0.012217879509056326
58,0.5546336439563346,0.23865146230605036,0.018102796470738973,4.1959234572277254e-05,0.004135832987280938,0.0008740731561546833,0.011500139750774727,4.996539832874089e-07,0.15291976831649923,0.00011457198122783279,1.889209820966141e-06,0.00015465319688986678,7.72337335420138e-06,9.212538393398719e-06,2.0155944987107144e-06,5.734893439199967e-06,1.4007771875772368e-05,0.00017464348010308358,0.009587948561481867,1.3917229369248663e-06,0.0002312889693297575,3.4259329440132425e-07,2.4435887720003703e-05,0.00043523499228110814,0.008374729400963989
59,0.5297933347491903,0.25020517490212846,0.022367858416340092,4.894685082038622e-05,0.004176940340097673,0.0009513681149759635,0.01270862937807034,5.561596645142204e-07,0.16066253400184352,0.00013426584144676413,1.9715232401588747e-06,0.00015487855406286785,7.1246797009807085e-06,9.23309392862992e-06,2.256662458449723e-06,6.446824869393249e-06,1.3390593481224885e-05,0.00017541010835363724,0.00911964628851217,1.5559664914433573e-06,0.0002648083631030299,3.5474131588303107e-07,2.7432203705140867e-05,0.0004519262936622119,0.008713955348536718
60,0.5158352306846632,0.27321263238634913,0.01822638070413386,4.653581178476314e-05,0.0048167177493747895,0.0009061194868361629,0.013327674005056411,5.933591073167873e-07,0.15317809470780547,0.00014485563940545092,1.764791721932862e-06,0.00014420361918632366,6.620305156179254e-06,1.1641950986165759e-05,2.7506425898468235e-06,6.618435848399589e-06,1.674331196153415e-05,0.00019684914919010783,0.008215350215913669,1.6200843715440428e-06,0.00026218525526892396,4.0586909770968457e-07,2.5050320957310014e-05,0.00030325583457794283,0.011110105678655835
61,0.5368524371103557,0.2508825348998267,0.021711760511614463,4.637609886962011e-05,0.004213819230729382,0.0008865119431868474,0.013185876407748175,5.654106679044838e-07,0.15308601596413926,0.00013475480144801058,1.8989610940428017e-06,0.00015560693827579343,7.148950358947844e-06,9.231050706894704e-06,2.271010462133532e-06,6.050994260725984e-06,1.3311558751740265e-05,0.00017502288317904812,0.008986255897884406,1.5130473248050806e-06,0.0002539875312863005,3.519984006182198e-07,2.6631335254904295e-05,0.0004188745864113159,0.008941190877762253
62,0.5158352306846632,0.27321263238634913,0.01822638070413386,4.653581178476314e-05,0.0048167177493747895,0.0009061194868361629,0.013327674005056411,5.933591073167873e-07,0.15317809470780547,0.00014485563940545092,1.764791721932862e-06,0.00014420361918632366,6.620305156179254e-06,1.1641950986165759e-05,2.7506425898468235e-06,6.618435848399589e-06,1.674331196153415e-05,0.00019684914919010783,0.008215350215913669,1.6200843715440428e-06,0.00026218525526892396,4.0586909770968457e-07,2.5050320957310014e-05,0.00030325583457794283,0.011110105678655835
63,0.49210059511567467,0.3195365310249223,0.015795300892580487,4.210513606416668e-05,0.004374207792614503,0.0007873238524681711,0.011565071989150945,4.921741307753315e-07,0.13645459414261288,0.00014125402262006833,1.5253788577858379e-06,0.0001293938045062181,5.488571383315534e-06,1.1196161667535727e-05,2.460186459225924e-06,5.339347070309062e-06,1.489433656548977e-05,0.00016406431588722903,0.00811493761456695,1.4901902577383032e-06,0.00023129508873117035,3.6859356196138414e-07,2.4100250709131867e-05,0.0002686311642371033,0.010227338852700057
64,0.46909376121446134,0.29869441781807937,0.01994454873045997,5.689822499149426e-05,0.0047089370559464435,0.0010246176290694057,0.014295962290021532,5.927052365096827e-07,0.16860235937819398,0.00018873563134218872,1.6676052363529788e-06,0.0001826182885877617,8.481483257154343e-06,1.318728934527981e-05,3.0016382650110512e-06,7.2053448213162145e-06,2.0880197961222003e-05,0.00022037110532757763,0.008783468497898699,2.026271476632996e-06,0.00044917085514923304,5.356771768941918e-07,3.203681064753235e-05,0.00034189397634569636,0.013322624280701264
65,0.5163524678617791,0.2724609064772391,0.018154524273296776,4.6300904845663925e-05,0.004807291982893515,0.0009036534556844341,0.013246714199878287,5.892529015420001e-07,0.15363630490234534,0.00014348876597908457,1.7615280068041978e-06,0.00014395570052259436,6.625730344261989e-06,1.157018018651568e-05,2.7420378010239503e-06,6.603066658937782e-06,1.670501544497051e-05,0.00019653577021972525,0.008211053734576663,1.6120549018612823e-06,0.00026088299462700656,4.047770852519088e-07,2.4863805926407135e-05,0.00030349970041892516,0.011058941826436124
66,0.6850229855773564,0.1427933337069924,0.024517573197599497,2.1498107599429746e-05,0.00774840534547781,0.0014873627452717457,0.008881749960953316,2.589849317811528e-07,0.1106167836293943,0.00015980001246583035,1.3192159497129446e-06,5.432176057195536e-05,1.1387061103462843e-05,5.3110634043139905e-06,1.369619080030648e-06,4.929560741444632e-06,2.427666736345754e-05,0.00021001967372081366,0.006794781423042705,2.426996242678586e-06,0.0002938868672655262,1.5500954630594402e-07,2.9853611425243277e-05,0.0005120607313210887,0.010804149471178644
67,0.5073338350675518,0.2555042328880544,0.028737441369408815,0.00015858226518006773,0.0075424254661546255,0.003940574201849939,0.011199288015892584,7.778278067020784e-07,0.1537382350809446,0.0003399627152649415,3.6078689859037298e-06,0.00016166965614977983,2.2391479312253648e-05,3.9143320604320796e-05,2.343430582949479e-06,1.3258433403639872e-05,6.957959496683625e-05,0.0004369148137950768,0.00841782787591491,6.212595037567082e-06,0.0007077224803561733,5.654179003824192e-07,0.00011558284892042997,0.0008592021554708386,0.020648623130490453
68,0.5262737391477322,0.2642139992274494,0.01982825209912116,5.008385102630527e-05,0.004207305254986419,0.0008829685715852444,0.012788038067871087,5.694913308416236e-07,0.15211550751088213,0.00014684532180968154,1.6539408061109645e-06,0.00014884858684848502,6.493913159037741e-06,1.1118315365376043e-05,2.368959932555168e-06,6.185289740778963e-06,1.5882352240795174e-05,0.00020399369479974174,0.007793179839438234,1.548330163524126e-06,0.00028031205355097275,3.925869862204672e-07,2.536620521489986e-05,0.0003186782024364714,0.010676669185522281
69,0.45156682809693444,0.32486183588997664,0.023792643939019004,7.019804194120192e-05,0.005532009427093219,0.001149346477605724,0.016994862335443173,8.541460632464706e-07,0.15455368218636528,0.00017747172777395992,3.048859624896179e-06,0.00018062113096419192,6.825083399672133e-06,1.4124097998986353e-05,2.9261012136288325e-06,8.124633806758588e-06,1.5488618513355673e-05,0.00016584977356115044,0.01042568681284437,2.074733797200311e-06,0.0003447705967874173,4.369872539094953e-07,4.5917614922691245e-05,0.0005086723375777102,0.009575700349518105
70,0.6258339928447537,0.1831636270636988,0.021338474558215203,4.50757738290362e-05,0.004379024855138161,0.0005410944695371781,0.014300459214167437,7.761479223369366e-07,0.1319440180881379,0.00012072347985637061,1.0068706882939497e-06,0.0001430454975652932,7.043221068897194e-06,1.2619782914945015e-05,2.8551700172054654e-06,7.596991214720311e-06,1.4503426649102994e-05,0.0002451017500409559,0.0033169360706617273,1.7098130618418107e-06,0.0001430573013957243,2.8762887184370863e-07,1.185837786473725e-05,0.00012186004817060355,0.014303251554558017
71,0.5528231009705344,0.22625946328813915,0.022970936577040735,4.7554661868361095e-05,0.003359482759144799,0.0010950544441539183,0.012385233844631983,6.818156704127893e-07,0.1602117387267165,0.00012529187056964565,2.1501732116058874e-06,0.00013995220347312904,5.35928409949483e-06,1.054693346845619e-05,2.890079399069023e-06,5.918866492655168e-06,1.597247501136004e-05,0.00024093163989242044,0.009847795482956471,9.977724873444068e-07,0.00026947469423279404,5.002203631675305e-07,2.0287120143591226e-05,0.00031779860207463044,0.009840885494224067
