,0,1,2,3,4,5,6,7,8,9,10,11,12,13,14,15,16,17,18,19,20,21,22,23,24
0,0.0023478935968991683,7.501476734283128e-07,0.00038750059727265846,0.02064730404614946,0.000662571477779737,2.4099718440192897e-05,4.441353155816909e-05,5.709588400061242e-06,3.7420506964299665e-07,0.00015841710048755943,0.0031685362231153058,0.0015384877643632258,0.009407889269480517,0.006784697589273949,2.6396409116360584e-08,0.0015265175768420089,0.00016086377616832823,0.9513804755717874,1.0174727062769219e-05,0.00040353069951086105,0.001270014464611233,4.2341567811923324e-07,5.040637036507907e-05,1.3610661619534563e-05,5.311483982160922e-06
1,0.0028095166605255724,8.999874285725819e-07,0.00044291905712888203,0.023505337783612735,0.0008320933395113002,2.498859256602924e-05,4.785772492574749e-05,6.86594330853744e-06,4.801147199359983e-07,0.00019075362291269999,0.0032728818915894716,0.001569074644471582,0.010533946952894353,0.00626038373215381,2.6611758894297547e-08,0.002009890539630486,0.00016997566633232742,0.9467022355554556,1.2094266880619551e-05,0.0003668093850810231,0.0011784820441206418,4.037168966807611e-07,4.364183228448854e-05,1.3591435231090138e-05,4.848898578832963e-06
2,0.002304821345762815,6.334546974550189e-07,0.0003758889803793045,0.018367788596270977,0.0007134782800431417,2.0104488205908472e-05,4.3865711805295574e-05,5.7828568079476925e-06,4.0471534345091003e-07,0.0001666403038728232,0.002818024965414358,0.0012534200535119905,0.007505097364748412,0.007003887790960928,2.839472861822292e-08,0.0012928309674610648,0.00012777720307364013,0.9561966925656988,1.0154687975932614e-05,0.0005175773595503098,0.001196719992092932,4.784005944625952e-07,5.7172368398563975e-05,1.4191047993980376e-05,6.538104606770118e-06
3,0.0022637857841309316,7.238062422222458e-07,0.00037359105997622705,0.021113693054759856,0.000648182279333106,2.017309236556704e-05,3.929271198236538e-05,5.026051403607774e-06,3.2950345147976333e-07,0.00013365098411340047,0.003241234130575312,0.0015030333761842886,0.00896281285615133,0.006513414366212203,2.3682454593021083e-08,0.001317969052815872,0.00015447376939588408,0.9521529932639863,8.373444320306375e-06,0.00031726439214354717,0.0011673379119298316,3.6055495408796814e-07,4.4899203992228286e-05,1.2537041810336611e-05,4.82462531489664e-06
4,0.0020152377480253158,7.948866658566019e-07,0.0003494355119462156,0.020101630227307,0.0006487916502422712,1.968859796975118e-05,3.8058915594976986e-05,4.61391072130485e-06,3.1108508152182657e-07,0.00011991564964172997,0.00334092642800937,0.0017603572549069278,0.010380140122557441,0.006977393111221167,2.0722848972921575e-08,0.0012379964862719549,0.0001612776301904668,0.9513701791064955,8.180756683273375e-06,0.0002882727338417707,0.0011189537379993066,3.58072584659139e-07,4.222325229426749e-05,1.0585567019520617e-05,4.65683387951496e-06
5,0.00191034489650445,4.6683286293457344e-07,0.0002826205710346021,0.01768241934135986,0.00043755195106802837,1.4155653678738958e-05,2.999623773019143e-05,3.734475267848604e-06,2.581028538001132e-07,0.00011629552799769877,0.002265174230246545,0.001122468494173163,0.006006147346380533,0.005601635538000434,1.612670971788999e-08,0.0009623166542013859,0.00013162233960094634,0.962244105579647,5.2717201470981146e-06,0.00027552996650908413,0.0008569201593579788,2.945359538621971e-07,3.46835600554066e-05,1.1582145910145149e-05,4.388012748516999e-06
6,0.0022637857841309316,7.238062422222458e-07,0.00037359105997622705,0.021113693054759856,0.000648182279333106,2.017309236556704e-05,3.929271198236538e-05,5.026051403607774e-06,3.2950345147976333e-07,0.00013365098411340047,0.003241234130575312,0.0015030333761842886,0.00896281285615133,0.006513414366212203,2.3682454593021083e-08,0.001317969052815872,0.00015447376939588408,0.9521529932639863,8.373444320306375e-06,0.00031726439214354717,0.0011673379119298316,3.6055495408796814e-07,4.4899203992228286e-05,1.2537041810336611e-05,4.82462531489664e-06
7,0.0031910059845769233,1.0741785742245321e-06,0.0006184618886503154,0.020872805810389226,0.0007013326297746216,1.74917179207138e-05,3.6640289186897866e-05,6.87447524674817e-06,2.8082323928276087e-07,0.00010163400471067427,0.004063981209662412,0.0020286296552775953,0.016672443521035835,0.004946365667693851,1.9649996569810068e-08,0.0010663008045744184,0.00017405819848427792,0.9441189433711806,1.2531430940487794e-05,0.00023496654706853481,0.0010924637661758256,3.49915972746478e-07,2.8240080437266867e-05,9.994159459170709e-06,3.1102197707129568e-06
8,0.002569542325882872,5.068198145195153e-07,0.000439323024265988,0.024562386688088276,0.0005725735947647408,1.6695064259063293e-05,3.241390433905972e-05,3.725994227483021e-06,3.876064166057295e-07,0.00018604743786192603,0.0031605140118705854,0.0007648512183896472,0.004336945187436223,0.007327423687177652,3.3587413761586604e-08,0.000981803401909513,0.00011842538048161576,0.9534195282192535,5.551392510678395e-06,0.0003386076884520611,0.0010755391213770325,3.686848130060246e-07,4.944429314264172e-05,3.0465610539484282e-05,6.896055312066751e-06
9,0.0026283434187308447,5.605542770732302e-07,0.0005482372939826397,0.02674963155284651,0.0006431455111760095,1.9605562131229937e-05,3.05140640969931e-05,4.9641911313301234e-06,3.8599021444343743e-07,0.00019933465043472657,0.003342589073317492,0.0009770142190384439,0.0064383532922156405,0.007714303846930732,2.9236727939400052e-08,0.0011764441929848237,0.00014794886846658916,0.9476889641303872,7.27823747219718e-06,0.0004073742718805051,0.0011957879518898881,4.3439126663681107e-07,4.771653423103347e-05,2.589190990106587e-05,5.147054268105782e-06
10,0.0022637857841309316,7.238062422222458e-07,0.00037359105997622705,0.021113693054759856,0.000648182279333106,2.017309236556704e-05,3.929271198236538e-05,5.026051403607774e-06,3.2950345147976333e-07,0.00013365098411340047,0.003241234130575312,0.0015030333761842886,0.00896281285615133,0.006513414366212203,2.3682454593021083e-08,0.001317969052815872,0.00015447376939588408,0.9521529932639863,8.373444320306375e-06,0.00031726439214354717,0.0011673379119298316,3.6055495408796814e-07,4.4899203992228286e-05,1.2537041810336611e-05,4.82462531489664e-06
11,0.0022419704988116533,7.794829145447764e-07,0.0003751932703767708,0.020836477403299122,0.0006469336520219666,2.0600512754273908e-05,4.008634565791896e-05,5.2434669035370966e-06,3.2950534677259066e-07,0.00012846083286668298,0.0033039405037002516,0.0016576252679365998,0.01003431596999017,0.006554931909676979,2.3069632580271305e-08,0.0013358584101443056,0.00016541384862553171,0.9511268486182053,8.850130242120642e-06,0.000309726271542338,0.0011458278710728116,3.72552203985929e-07,4.378278270312391e-05,1.1712966302372781e-05,4.6948570682654045e-06
12,0.005241993151321974,1.1274502056340066e-06,0.0009056968558252418,0.054348377624182896,0.0006236391148854488,3.794438290432217e-05,7.678842345018081e-05,1.909916713641958e-05,7.037356161759556e-07,0.0003014044185362747,0.007334398422621384,0.0018463601060011874,0.019956596939606927,0.005915471651743822,6.616198296363092e-08,0.0035607762255398714,0.00044218532297953905,0.8970147024226027,2.1248716029195754e-05,0.00031984678811923777,0.001938979947450389,8.502704800106029e-07,5.25207111895827e-05,3.570056567283654e-05,3.521423915851464e-06
13,0.0022789796773982677,7.847699426441843e-07,0.00038929424232977505,0.023070834947897217,0.0007046553909113027,2.0478375673752583e-05,3.9490510875241914e-05,5.035658669340826e-06,3.320902998633541e-07,0.00012545725591392052,0.003909048999821338,0.0016507763572296752,0.010130384491134663,0.007025183218198037,2.5560674095648745e-08,0.0013287503835477136,0.00016366405216795759,0.9475412562927291,8.64533759295719e-06,0.0002975492269810612,0.0012427913014600477,3.6229504842785396e-07,4.859054102255168e-05,1.290863365070631e-05,4.720388830374037e-06
14,0.0022593445749270764,7.069854179573033e-07,0.00037309540056307467,0.02121066489816919,0.0006377242719091556,1.9786108637581803e-05,3.897848434314086e-05,5.017032633693925e-06,3.313478901564298e-07,0.00013417689795238382,0.0031846889495978858,0.0014637209420712105,0.008733619340339506,0.006474869357523682,2.358827780325163e-08,0.0012979874873578117,0.00015452767970641206,0.9524694366361116,8.145084413568345e-06,0.0003165646584200365,0.0011538523744671124,3.6103359637695943e-07,4.479531225150667e-05,1.2720206939796513e-05,4.861346482433809e-06
15,0.0022637857841309316,7.238062422222458e-07,0.00037359105997622705,0.021113693054759856,0.000648182279333106,2.017309236556704e-05,3.929271198236538e-05,5.026051403607774e-06,3.2950345147976333e-07,0.00013365098411340047,0.003241234130575312,0.0015030333761842886,0.00896281285615133,0.006513414366212203,2.3682454593021083e-08,0.001317969052815872,0.00015447376939588408,0.9521529932639863,8.373444320306375e-06,0.00031726439214354717,0.0011673379119298316,3.6055495408796814e-07,4.4899203992228286e-05,1.2537041810336611e-05,4.82462531489664e-06
16,0.003249520927798416,1.133073850610221e-06,0.0006260113415490845,0.028570098014899726,0.001031336168676258,2.9285331452118805e-05,5.254942934464122e-05,8.57105294642438e-06,5.643279287309959e-07,0.00014982627837031973,0.004739853297484718,0.0017490149752530245,0.01489241913167096,0.007258769719233123,3.7801122225418444e-08,0.0017419210168061947,0.00019738824467365184,0.9339653012687434,1.4790552438462269e-05,0.00041095160250922296,0.0012250300176735536,4.692353819078557e-07,6.256604521352353e-05,1.7185939007197924e-05,5.40520597250579e-06
17,0.001515226796923589,4.76882366394866e-07,0.0002068183229707872,0.011993123785104868,0.00035855927327200924,1.0884111852375079e-05,2.4903724170274353e-05,3.042339799821704e-06,1.7093689118858952e-07,7.058195505637533e-05,0.0019829277294504586,0.001464077034650317,0.00686685026244195,0.0054458190999493025,1.0646390005295716e-08,0.0006863881588423229,0.00012500709551160026,0.9681703746933772,4.8879469030515824e-06,0.00022686761166774972,0.0007985659393292682,2.6664487264193874e-07,3.3727116758053134e-05,6.275657077868419e-06,4.166234370522338e-06
18,0.005313948793052709,1.628172007486843e-06,0.0021221879212714348,0.09044086561772251,0.003078344583490144,6.012556216265085e-05,7.647723226657042e-05,1.801042731932485e-05,7.202157299853807e-07,0.0002699136901881396,0.012854924691466534,0.0020158490789472286,0.026332963569669653,0.008099496886988975,1.0703987403912097e-07,0.0044494440498255294,0.0002022790413001344,0.8405929333452431,3.1082572685342465e-05,0.0005655276075347768,0.0033497640264184433,4.771897133492143e-07,7.907499653751398e-05,4.0768859159457764e-05,3.0848294249012665e-06
19,0.0021070528324086887,7.817236162848668e-07,0.0004263584488751224,0.022428608079394948,0.0007319485817715277,1.8674015834502445e-05,4.156975319787498e-05,5.96672925505757e-06,3.231908308375294e-07,0.00011708875379881467,0.00325125156261935,0.0017904549436259065,0.011749484171067965,0.006395882185668633,2.129992328604614e-08,0.0012543435703364757,0.00015821709251925045,0.9480368871001759,9.298678016438668e-06,0.0003167187566327109,0.0011054352276645303,3.7998682718278117e-07,3.876358370022105e-05,1.0347791268612379e-05,4.141940969754735e-06
20,0.0026121616651160035,1.018924728861224e-06,0.0005741186268148477,0.03350419817795313,0.0009729191810840832,3.085668084029089e-05,6.684043472286539e-05,8.597111922541994e-06,4.799313267381352e-07,0.00018238115267281006,0.0057797237293207735,0.0018597599103086335,0.012315253219191202,0.00885627491584321,6.003917315906883e-08,0.0018317697600711222,0.00019680327757683256,0.9283665666043789,1.3565569562273079e-05,0.0004674324865190783,0.0022479883570952113,6.438113914703509e-07,8.273521372027654e-05,2.1200694054949093e-05,6.650524610865783e-06
21,0.0023921123267530015,7.711658351179549e-07,0.00044586359653252575,0.024633733322715155,0.0006541243941207279,2.5878238312077295e-05,5.107496038109141e-05,6.7350318606711235e-06,4.0533573939239384e-07,0.00014060165969901692,0.003572135958738817,0.001510767547860595,0.010940655036146822,0.006778884851788882,3.1656685931373837e-08,0.0015967882809678133,0.00019396299285984227,0.9454536407130109,9.896649631337435e-06,0.0003712119435991551,0.001144986817370506,4.426491451240538e-07,5.5428875250069997e-05,1.4647976050138527e-05,5.218018945080564e-06
22,0.002195402816102413,5.260172460384833e-07,0.0003514712122595068,0.019269114006760162,0.00046702244077831265,1.3816207674757295e-05,2.7226924389065557e-05,3.832766070591562e-06,2.2982632249436947e-07,0.00012981180782120754,0.0028781723607089788,0.0012811966940999967,0.006599511286822771,0.005554793391801223,1.7394111896061725e-08,0.0009976328334425524,0.00014426026489172325,0.958700106228967,6.041188978759556e-06,0.0002412643574892828,0.0010916823706398778,3.1774826001215067e-07,3.030508353750742e-05,1.2558292507739456e-05,3.686478316159299e-06
23,0.0022637857841309316,7.238062422222458e-07,0.00037359105997622705,0.021113693054759856,0.000648182279333106,2.017309236556704e-05,3.929271198236538e-05,5.026051403607774e-06,3.2950345147976333e-07,0.00013365098411340047,0.003241234130575312,0.0015030333761842886,0.00896281285615133,0.006513414366212203,2.3682454593021083e-08,0.001317969052815872,0.00015447376939588408,0.9521529932639863,8.373444320306375e-06,0.00031726439214354717,0.0011673379119298316,3.6055495408796814e-07,4.4899203992228286e-05,1.2537041810336611e-05,4.82462531489664e-06
24,0.0017019729719397003,6.828156665355417e-07,0.0003413875904681674,0.023789170011037645,0.000797099938330165,1.912862513680833e-05,3.6711543530141645e-05,4.511067524541455e-06,2.967735448652725e-07,0.00011209188140692171,0.003260234171207423,0.0016889313359262472,0.01062240679127107,0.007735599149079995,1.925793866352454e-08,0.0014444767392438683,0.00014224722357022767,0.9469365648499655,7.366086253491139e-06,0.00029402896770478913,0.0010072977758447035,2.9656549692330576e-07,4.342611371391827e-05,9.897333210052905e-06,4.1544209874401204e-06
25,0.0025409711387886324,6.154243742039629e-07,0.00042682543229393614,0.028398713975546098,0.0007064699600047298,1.611092304213445e-05,4.477748056855445e-05,7.194636850129103e-06,3.0015352820690986e-07,0.00011918642930732143,0.004047111264455306,0.001467078953122117,0.011002989007288869,0.0057703621194971,2.6813262212236626e-08,0.0014778408746434202,0.00015701120106592674,0.9421729774260323,9.579467596678099e-06,0.00029015971641856,0.0012806180270528188,3.480270789099503e-07,4.659666066264273e-05,1.2407841604867262e-05,3.727045914372463e-06
26,0.003522999975859569,7.795389837709597e-07,0.0004350092193419231,0.02604374632463916,0.0006842143649886047,2.2490053264718028e-05,3.8224708913128556e-05,6.344847198920736e-06,5.923497814316185e-07,0.00014286742282549906,0.003550855275123099,0.0011628483692534934,0.007753388970135595,0.0063118888118538306,3.1328138101954886e-08,0.0012604381237471599,0.00019055194737648446,0.9473310437961693,8.683668630733876e-06,0.0003735536602836787,0.0010589845742429024,3.8681261664982623e-07,7.051274819797004e-05,2.3096889152824434e-05,6.466219281520004e-06
27,0.0022836138612971485,7.808984870140271e-07,0.0003822516271353245,0.023645514688598622,0.0007103937599243372,2.6155950248129708e-05,5.382407676240479e-05,6.211469228939936e-06,5.361568387410304e-07,0.00018831567983432156,0.0034989091509831723,0.0014303985936074469,0.008843586948537095,0.008019863490095555,3.6166403503091944e-08,0.0016077831874267076,0.0001802874262193287,0.9472956781418476,9.743558245067538e-06,0.00046515272499271146,0.0012608887107495362,5.419194968198513e-07,6.466615291239663e-05,1.775242657279076e-05,7.113233555463993e-06
28,0.0022637857841309316,7.238062422222458e-07,0.00037359105997622705,0.021113693054759856,0.000648182279333106,2.017309236556704e-05,3.929271198236538e-05,5.026051403607774e-06,3.2950345147976333e-07,0.00013365098411340047,0.003241234130575312,0.0015030333761842886,0.00896281285615133,0.006513414366212203,2.3682454593021083e-08,0.001317969052815872,0.00015447376939588408,0.9521529932639863,8.373444320306375e-06,0.00031726439214354717,0.0011673379119298316,3.6055495408796814e-07,4.4899203992228286e-05,1.2537041810336611e-05,4.82462531489664e-06
29,0.0022637857841309316,7.238062422222458e-07,0.00037359105997622705,0.021113693054759856,0.000648182279333106,2.017309236556704e-05,3.929271198236538e-05,5.026051403607774e-06,3.2950345147976333e-07,0.00013365098411340047,0.003241234130575312,0.0015030333761842886,0.00896281285615133,0.006513414366212203,2.3682454593021083e-08,0.001317969052815872,0.00015447376939588408,0.9521529932639863,8.373444320306375e-06,0.00031726439214354717,0.0011673379119298316,3.6055495408796814e-07,4.4899203992228286e-05,1.2537041810336611e-05,4.82462531489664e-06
30,0.0022637857841309316,7.238062422222458e-07,0.00037359105997622705,0.021113693054759856,0.000648182279333106,2.017309236556704e-05,3.929271198236538e-05,5.026051403607774e-06,3.2950345147976333e-07,0.00013365098411340047,0.003241234130575312,0.0015030333761842886,0.00896281285615133,0.006513414366212203,2.3682454593021083e-08,0.001317969052815872,0.00015447376939588408,0.9521529932639863,8.373444320306375e-06,0.00031726439214354717,0.0011673379119298316,3.6055495408796814e-07,4.4899203992228286e-05,1.2537041810336611e-05,4.82462531489664e-06
31,0.0025807191162170932,5.904052956437443e-07,0.0003866487625165635,0.014425051108739347,0.0004783207173880134,1.2587978690794585e-05,2.985252185758631e-05,5.489934042031181e-06,2.1884999842270785e-07,9.26796937564074e-05,0.0019776569601165804,0.0013148699022714923,0.008087963944874368,0.004012666734308906,1.4114431409752041e-08,0.0008663351837744541,0.00012388690385114969,0.9643940880044521,8.201975859084766e-06,0.00027425984425300063,0.0008865717317932313,2.927935597116674e-07,2.8968369707539517e-05,8.238231028131321e-06,3.8262172168040245e-06
32,0.002347890416854014,7.78479745109425e-07,0.0003950771564667997,0.020616548063200856,0.0006917452090081844,2.1802721362368177e-05,4.186357618242646e-05,5.4631722633477455e-06,3.3474382258031163e-07,0.0001372766822821493,0.003403316334702528,0.0016117818086116582,0.009669926444301964,0.0066765473380276654,2.583334563242858e-08,0.001400898386629337,0.00015659236371934828,0.9511585782083714,9.918912154971078e-06,0.0003477884829327763,0.0012401314554863312,3.949028049087545e-07,4.783881932923725e-05,1.2492661602695717e-05,4.987826791746902e-06
33,0.0019785873405340905,6.598109079002927e-07,0.00032180615747262766,0.018830052087610977,0.0005274770716679568,1.845827752531124e-05,3.5860106283331446e-05,4.53910228181681e-06,2.8372664114599084e-07,0.00011817586864153525,0.002830749441367505,0.001571903863087149,0.009389075489829765,0.00619621058823388,1.7922242845198156e-08,0.0012468921351824528,0.00016242370973107998,0.955480927948825,7.35874122111754e-06,0.0002769363417535054,0.0009504987720570696,3.3296902411696467e-07,3.662900621183969e-05,1.0044506934932692e-05,4.099014731001964e-06
34,0.001040536382225519,3.4730199329569033e-07,0.00019429125983328846,0.019102690372510476,0.00036402500515066996,1.7900696240537074e-05,3.9419953253664816e-05,3.4324945416889763e-06,2.180952746455771e-07,0.00012323123824620433,0.0015372357996860312,0.0011445018717436257,0.00530306951372526,0.005437450512846891,1.4600331698364541e-08,0.001460777671422321,0.00013647518868027125,0.9628579475515444,3.229924880303968e-06,0.00029740862139325205,0.000891855919539887,2.437708402247745e-07,3.2006646817159056e-05,7.787794841766107e-06,3.901812436668913e-06
35,0.0005923184654870061,2.216862843928085e-06,0.002142195598761963,0.23942484878106987,0.012752275282701014,0.0005672078307556887,0.00020904180774550948,7.631494252665336e-06,1.1885068043656697e-06,0.0003583842969563179,0.07174965589880251,0.0032225571176181713,0.030260089573663804,0.1510627812828801,1.8316534798677214e-06,0.0070186460441212,0.0002475591639387753,0.4559892111511965,3.133845043193628e-05,0.0032926891035554894,0.018830838968669487,2.3424708399221697e-06,0.0020822160281848633,0.00013011548410615592,2.0818681132838306e-05
36,0.0018964907552116348,6.87553456155123e-07,0.0002705191181791033,0.019766130251734473,0.00046204867178422336,2.3492489553345688e-05,4.713559005296162e-05,6.158445857165073e-06,3.894101131268515e-07,0.00012451355397602397,0.0025169565357730656,0.0017438501983743232,0.011043459123368852,0.006061719154700833,1.9726913394530424e-08,0.0017766637655795864,0.000226400236846158,0.9528308854233352,7.836712944602071e-06,0.00031254595610719223,0.0008239965065985023,3.865892085027465e-07,4.397514099744679e-05,9.367814726556299e-06,4.371274607515634e-06
37,0.0024608510461989583,4.1477345606008967e-07,0.0003663983996171691,0.018363383597497913,0.0003945084424758048,1.1079573285376433e-05,2.40557317418055e-05,3.390603029918234e-06,2.136297015239262e-07,0.00010674434480109046,0.002563233456094325,0.0009355134137594732,0.005220217349395258,0.0047600198256997905,1.6183637429723893e-08,0.0007478774940343542,0.00011972277416577243,0.9628416133994788,5.152416144666144e-06,0.00022026199674163617,0.0008080685408740147,2.594471917811136e-07,2.8005747889611796e-05,1.531658089963584e-05,3.681232187726715e-06
38,0.0025808847887109332,9.085093442529307e-07,0.0004175496664019737,0.024582006929077273,0.0007401774284109966,3.743364469305418e-05,6.758085674826657e-05,7.966118669929074e-06,3.6649272730630515e-07,0.00016648369403927536,0.004238168401756296,0.0019663673004343784,0.013422464316522512,0.006684148956018789,3.965627256933571e-08,0.002759300713049266,0.0002000944247864527,0.9399486647602694,1.5446935104034225e-05,0.0004258083337073241,0.0016550510680004805,4.4543447441880545e-07,6.462652241427146e-05,1.317759582164595e-05,4.837452544865334e-06
39,0.0021915155511521016,7.064757998390856e-07,0.00035893653759928255,0.022198749764752255,0.0006575555276339008,2.4410958953676796e-05,5.6097011248923554e-05,7.55465253347133e-06,3.5403207962572846e-07,0.00013532515252162258,0.002815571890496385,0.0016469677446428973,0.01002366823655858,0.005963139945632991,2.989122401356667e-08,0.0018258218860116812,0.00017954992910834198,0.9500234410269667,1.0421272752113495e-05,0.0004114299059721458,0.0013904649762011467,4.4066513258729766e-07,6.0977948247822205e-05,1.1043895110400405e-05,5.825121667354152e-06
40,0.002479648801507855,5.062640004535783e-07,0.00022586911172111488,0.025808574895933797,0.00041480024262169406,1.8262451803368978e-05,4.9300151084717246e-05,6.639315376350938e-06,4.04885189058307e-07,0.00014380645946159126,0.002768496615927213,0.0011303191945512777,0.007936664371546819,0.005218988559840038,2.1660066066811078e-08,0.0018042298498673537,0.00020340368176744388,0.9503985186066473,6.719056515797538e-06,0.00027295281711240234,0.0010382545594082716,3.201827089130829e-07,5.5805160125060996e-05,1.2776156234027696e-05,4.716948982199136e-06
41,0.002329991453265486,7.993654769560806e-07,0.00039488508078338696,0.02248616876198048,0.0007104270197545911,2.1798996770744577e-05,4.0393318622911974e-05,5.258197200199084e-06,3.662846922260337e-07,0.00014026739957263167,0.0033446458318774222,0.0015477645746233629,0.009596163572280965,0.0066535422521222685,2.4268582865604604e-08,0.0014211654339315088,0.00016136773593488518,0.949590575111188,8.572945910562889e-06,0.00031777894911743027,0.0011650269451025977,3.562334860111546e-07,4.507067856232984e-05,1.278693875273754e-05,4.802650407452219e-06
42,0.0026148177085481466,8.931210324817961e-07,0.000515669596481927,0.023946357113907135,0.0007787520044411344,2.4422662375298125e-05,4.834401288042879e-05,7.872180994242318e-06,3.6822614566732474e-07,0.0001647391393044509,0.0038408550163609024,0.0019250467648224982,0.012207909495565567,0.0067102724251781485,3.154696097382882e-08,0.0017172999674638645,0.00018556368139971825,0.9432511266762125,1.3607053699732815e-05,0.000401610263364463,0.0015772634457330952,5.282908042441507e-07,4.84601603046947e-05,1.3564423674425732e-05,4.625022344418279e-06
43,0.002472537953017967,7.446124523688902e-07,0.0003982100536425922,0.02127226964669294,0.0008046790097035025,2.4988221834904065e-05,4.248539279645447e-05,5.34003442288592e-06,5.514818409076119e-07,0.0002955220023854178,0.002790891938835793,0.0011845074806534238,0.006683777797274365,0.008044803573864836,2.7558543959440558e-08,0.0016191528472972079,0.00014238682133172896,0.9521893426574514,1.0015532795753246e-05,0.0005386595062269211,0.0014039034618620852,5.32539495176789e-07,4.9600918237191964e-05,1.821187257767066e-05,6.857084762413226e-06
44,0.0022637857841309316,7.238062422222458e-07,0.00037359105997622705,0.021113693054759856,0.000648182279333106,2.017309236556704e-05,3.929271198236538e-05,5.026051403607774e-06,3.2950345147976333e-07,0.00013365098411340047,0.003241234130575312,0.0015030333761842886,0.00896281285615133,0.006513414366212203,2.3682454593021083e-08,0.001317969052815872,0.00015447376939588408,0.9521529932639863,8.373444320306375e-06,0.00031726439214354717,0.0011673379119298316,3.6055495408796814e-07,4.4899203992228286e-05,1.2537041810336611e-05,4.82462531489664e-06
45,0.0014214353219790692,4.751630906482501e-07,0.0001741296065913113,0.009609673472387567,0.0003502595068369984,7.888597494338629e-06,1.0909795631154308e-05,1.2010497661835916e-06,1.631146641126663e-07,6.902573659506944e-05,0.0018676996663129608,0.0011975204866051196,0.004541175831280416,0.006556894548874528,5.318142599617267e-09,0.0003600036379227321,0.00010160900960726297,0.9729248966731038,2.674020319662414e-06,0.00015534210514751831,0.0006113337586044776,1.8194893289028602e-07,2.440309600217686e-05,6.878917728601423e-06,4.219616378662722e-06
46,0.002603154860368977,6.727282644870413e-07,0.0002975885177861672,0.02698284190458668,0.0003162760799697731,2.4148145748215464e-05,3.436752923516888e-05,6.466943458992889e-06,3.50565128637909e-07,0.0001045071959259101,0.0030363797726129086,0.0016882738604001273,0.010164999446713294,0.004991838763875819,1.9834299958414564e-08,0.0015689558498174904,0.0003706646935012569,0.9465781076883099,5.853823363295707e-06,0.00021166189793621259,0.0009470860229628802,3.437749957168369e-07,4.761841254126779e-05,1.4286176326379369e-05,3.5355118706777017e-06
47,0.002943674094889282,8.340444903754961e-07,0.00028725104245524573,0.008581706621319709,0.0003315613727035772,1.5395851061815786e-05,3.686785082589836e-05,5.635044975612903e-06,2.660319310816265e-07,0.0001248638994709781,0.0017569832227092856,0.0018817946018172605,0.008062513492030257,0.003523213404430863,1.504048806187986e-08,0.0009718233699224842,0.00015873794056703614,0.970107323758531,1.2328543198883146e-05,0.00028925961209542035,0.0008727601991976816,4.746996973141317e-07,2.2878825975251313e-05,7.236189679979152e-06,4.601245535551075e-06
48,0.0021843383227137165,6.886954460702952e-07,0.00036937462969173073,0.021028545148044097,0.0006573511171707612,1.9326275196945884e-05,3.784230882155134e-05,4.7002079394034355e-06,3.2225984953439945e-07,0.00013470954405820195,0.0032122279607674606,0.0014401292231203727,0.008407839021178741,0.006671990133444733,2.337253823449614e-08,0.0012653059331143815,0.00014534429502859657,0.9528665829492778,7.90857259338904e-06,0.00031895544107244316,0.001163809052451454,3.5454825019454723e-07,4.462920393367968e-05,1.2796834196596437e-05,4.904950100082634e-06
49,0.0018367993511761711,7.517327280676845e-07,0.00043346018665539214,0.017167554375897832,0.0006090653186020316,2.0718247845336658e-05,3.292063173206849e-05,4.1490575297379675e-06,2.7998180122265846e-07,0.00013287498817755628,0.0028221429365998638,0.0017364014710888496,0.009021175527997714,0.00697625975225921,1.9989571426483793e-08,0.001041861963720729,0.00015219642251755442,0.9564901271715452,7.965119408223495e-06,0.0003526340412209404,0.0011099807804544819,4.2742478011034926e-07,3.4302319530361715e-05,1.1358812179736458e-05,4.5723949803227615e-06
50,0.0020177253794907576,4.597437033482486e-07,0.0002289437795305297,0.011485548991854213,0.0004422131505929316,1.1026833183731095e-05,5.577472333660672e-05,4.89725331198921e-06,3.233781761653366e-07,0.00019833841728981959,0.0015107785057436437,0.000869671737804416,0.005283419252134647,0.004826900616236401,1.7744421260436034e-08,0.0010804062759448493,8.775622895451765e-05,0.9706456453291106,8.897502948671056e-06,0.0003760645591149177,0.0008199220194020227,4.2946554859352116e-07,2.916635027113233e-05,8.248076506812177e-06,7.4246853875276455e-06
51,0.0023415788826553117,8.509590208484948e-07,0.00042709370326700905,0.02882389038568913,0.0007068968610944509,1.9419178199933696e-05,3.3830835897805346e-05,4.759914160440429e-06,3.6684576758334336e-07,0.0001333704809195704,0.00384677065221237,0.0015768132854262395,0.010204783849824461,0.006812236607538656,2.106087559434293e-08,0.0012575346011136513,0.00017733016750222673,0.9422310189209063,6.478381508424781e-06,0.00022450636705717526,0.0011167048524339388,3.0055982061417954e-07,3.563786469422614e-05,1.4074871619231182e-05,3.7299107947511755e-06
52,0.006967533720793291,7.973303135758976e-05,0.0037005248604201108,0.067578844449552,0.013814028553603227,0.0006453450426312556,0.0012450947310920476,0.00018720521876276565,4.997270925385246e-06,0.00024557353597754546,0.024224537158165943,0.02604154483203935,0.16063294708525597,0.03005790145970783,2.0120726368013834e-06,0.004972066177922366,0.0010612433880461765,0.6036301973748683,0.0007054829052231088,0.0018797133274163146,0.05065015920226069,1.0007189630408589e-05,0.0015661741917555496,1.280344192192839e-05,8.432977803406911e-05
53,0.002331905277673679,7.387065689611305e-07,0.0003917403256064482,0.020882108314164042,0.0006523528941383424,1.9854334456972846e-05,3.667180759289915e-05,4.910387035123149e-06,3.1787559097583016e-07,0.0001330009339882421,0.0032744611009403865,0.0015240800001493334,0.00900642075144029,0.006432134848125125,2.2752652440456077e-08,0.00127102458104016,0.00015390188732972135,0.9523315010708986,8.43548015167247e-06,0.00030833973542378554,0.001175993930514457,3.5565593434099224e-07,4.2505611334037924e-05,1.2607576303092377e-05,4.614160946842995e-06
54,0.0019094291479127704,8.425376366349977e-07,0.00019846728028081082,0.013421378095159966,0.00045527071626122906,2.0910384193475215e-05,4.751335332361033e-05,4.213340410477895e-06,3.6888517591042403e-07,0.0001525659703756322,0.0019725529952492023,0.0015955232968952804,0.0076174821118845555,0.0056956764488526,1.719179425605873e-08,0.0015735587573849866,0.00015513709348004284,0.9640103555004766,7.475331691100918e-06,0.00026352191412463836,0.0008495107234971558,3.274332889231393e-07,3.4363603469592924e-05,7.715066619686482e-06,5.822820560873613e-06
55,0.0029741712671674165,6.818264566282038e-07,0.0007044452759883844,0.039162749297974045,0.0009308796365189787,3.6144860253561695e-05,5.0142166850294345e-05,8.20295015368009e-06,4.507186577606558e-07,0.00026064641125007144,0.00597304191276525,0.0011636341772488154,0.01118627448987036,0.010633378166358873,5.30902449564106e-08,0.0021392632978799765,0.00020086480996456125,0.9217495109075995,1.4164160393475657e-05,0.0006290083151041627,0.00204820387426874,6.487952194741762e-07,9.702333755204936e-05,3.0690145592946274e-05,5.726108665885447e-06
56,0.002192479817439553,7.754941631854332e-07,0.00037114726104063106,0.020398358061287283,0.0006520954249500268,1.9731271913365974e-05,3.889309247472634e-05,4.965559997127748e-06,3.260183264728597e-07,0.00012685419339685233,0.003281648507216151,0.0016310783763758138,0.009817397153287307,0.006630303246252484,2.2347075801832664e-08,0.001267164216121299,0.00015856799145138242,0.9519262289319628,8.507678974690375e-06,0.0003018964710217372,0.001112658418048322,3.6473931648243797e-07,4.230130259153785e-05,1.1510966930224179e-05,4.72345838482749e-06
57,0.0024282405033839785,1.024464348495843e-06,0.0005496901820429218,0.01789405549193992,0.0009060301841905551,2.5116157363676534e-05,4.689999538153604e-05,7.560197232308284e-06,2.957872678028095e-07,0.00013838153217916632,0.0037599585321972154,0.002616829028520846,0.014309210811032345,0.006629919189470188,2.873098462146282e-08,0.0016010759911520211,0.00016455021804735227,0.9466371790215964,1.8836145668268433e-05,0.00046165650610675705,0.0017422194920961066,5.854926358410602e-07,4.6273079036647746e-05,9.775460313269293e-06,4.607805811931572e-06
58,0.0024307873148477588,7.385774053199336e-07,0.0004041500922416915,0.022035205053831393,0.0006426330692708025,2.0598742877876047e-05,3.916895082469497e-05,5.026882706220733e-06,3.4710950877140233e-07,0.00014350246128225116,0.003507350440090251,0.001471835120463929,0.008621456484262562,0.006667305480096443,2.665607170663937e-08,0.0013041934022322453,0.0001587099511199528,0.9509459124972859,8.621848304998196e-06,0.0003190424406028717,0.0012073059601166326,3.885314297075133e-07,4.551995750637916e-05,1.5146528279955346e-05,5.026447339651853e-06
59,0.0024400588802723482,7.11056394178181e-07,0.00043755890432106064,0.023053527510722583,0.0006637052847550422,2.0386411698046976e-05,3.773300101594888e-05,4.902297820531368e-06,3.534974192413265e-07,0.00015210764878360641,0.003590805188064554,0.0013655864584606093,0.007960653944674703,0.006977832024820064,2.8568949530952068e-08,0.0012527572097770726,0.0001554365530785626,0.9502445597020346,8.297319117887914e-06,0.0003357087631729491,0.0012279270970319814,3.991962473052511e-07,4.6484768591448614e-05,1.729345205623846e-05,5.18526071998188e-06
60,0.0022637857841309316,7.238062422222458e-07,0.00037359105997622705,0.021113693054759856,0.000648182279333106,2.017309236556704e-05,3.929271198236538e-05,5.026051403607774e-06,3.2950345147976333e-07,0.00013365098411340047,0.003241234130575312,0.0015030333761842886,0.00896281285615133,0.006513414366212203,2.3682454593021083e-08,0.001317969052815872,0.00015447376939588408,0.9521529932639863,8.373444320306375e-06,0.00031726439214354717,0.0011673379119298316,3.6055495408796814e-07,4.4899203992228286e-05,1.2537041810336611e-05,4.82462531489664e-06
61,0.0024744191919310564,6.921930503109386e-07,0.00043647640130161833,0.021789739147360543,0.0006275207058475423,1.916581304083079e-05,3.475718079064086e-05,4.8701248067692895e-06,3.161233213564131e-07,0.00013956753418376507,0.003378604219297447,0.0013805791449891973,0.008032233083356634,0.006403875764553583,2.5253989438358624e-08,0.0011871836847280504,0.00015257857286517265,0.9523663882306218,8.111163201796316e-06,0.00031407721721878724,0.001186121768727686,3.726767081136631e-07,4.215818744865967e-05,1.5491789245179646e-05,4.674827414176766e-06
62,0.0022637857841309316,7.238062422222458e-07,0.00037359105997622705,0.021113693054759856,0.000648182279333106,2.017309236556704e-05,3.929271198236538e-05,5.026051403607774e-06,3.2950345147976333e-07,0.00013365098411340047,0.003241234130575312,0.0015030333761842886,0.00896281285615133,0.006513414366212203,2.3682454593021083e-08,0.001317969052815872,0.00015447376939588408,0.9521529932639863,8.373444320306375e-06,0.00031726439214354717,0.0011673379119298316,3.6055495408796814e-07,4.4899203992228286e-05,1.2537041810336611e-05,4.82462531489664e-06
63,0.002306626996308639,7.648988211709041e-07,0.00037569306166107097,0.02089990133253873,0.000653107915115853,2.0328617041620906e-05,3.930875147216355e-05,5.01981560533509e-06,3.3697794557512034e-07,0.00013298018676841347,0.0032756163599074162,0.0015444118026356273,0.009146287049325756,0.006479038869856593,2.360710670890516e-08,0.0013008669828655465,0.00015656255468909886,0.9521181147561274,8.449003141143072e-06,0.0003092527926541539,0.0011655570894711393,3.597936736549785e-07,4.410237232031776e-05,1.2446158308511854e-05,4.842254638092844e-06
64,0.002470858999887019,8.432179416208007e-07,0.00043498776501622557,0.02346695224692986,0.0007607070813468148,2.1997669569019315e-05,4.2614643570695375e-05,5.689544004762069e-06,3.450236724142594e-07,0.0001469786639029019,0.00376070695730552,0.0016576923832624098,0.009369934782883171,0.006800451743467253,2.9305828332946135e-08,0.0013762969868193465,0.0001584369306818809,0.9475310197763946,9.706160327533174e-06,0.00034323932502846954,0.001570388470341196,4.0967772008325263e-07,5.041638776702671e-05,1.4157015916521903e-05,5.1392404152957894e-06
65,0.0014029555023311847,2.802642033717452e-07,6.804828832042546e-05,0.0064968822256108475,0.00023258546964652878,5.874774691638536e-06,1.6676541324744278e-05,1.5842655137269831e-06,2.567879891357578e-07,7.910924880142604e-05,0.0008587281615922141,0.0008736457655758755,0.0038089782036423592,0.0038332936460981387,3.0127284160540228e-09,0.0006643325272135601,8.380624466867611e-05,0.9811545600450983,2.984913519522372e-06,0.00015611111537408595,0.000234522935613869,1.4194042563533945e-07,1.7005731727105486e-05,3.7929593307142466e-06,3.839428958433567e-06
66,0.0021887802482785557,7.085176586368289e-07,0.000377352869542205,0.021149204330687763,0.0006616021711728167,1.9443064977200876e-05,3.731993408936522e-05,4.760069053787374e-06,3.1432006166223136e-07,0.00013497588993026255,0.003233230457922011,0.0015068671527825063,0.008833813383757445,0.006589591944490389,2.2527939079569443e-08,0.001299228498386814,0.00014918698601950036,0.9522648102691577,8.082425993388905e-06,0.0003086479652621581,0.0011725502916923585,3.520223142632383e-07,4.22180544251857e-05,1.2298135584181882e-05,4.638468820799059e-06
67,0.0035653957082710346,1.0387325499462352e-06,0.0005685024697185662,0.029654465573599006,0.001033489603110307,1.7653249178452982e-05,4.5779540340573205e-05,8.440461066600137e-06,4.656128586081943e-07,0.00015349101718490718,0.003944792070355775,0.001597775189875147,0.012413833582837026,0.005130144010171162,2.629533213304025e-08,0.0016995013460984645,0.00015665531299437237,0.9385056551507402,1.2088091453319091e-05,0.00024210454863935873,0.0011979928808789524,3.325363187754757e-07,3.4067830678742816e-05,1.2520176950977548e-05,3.7890087976597333e-06
68,0.0037985421509252213,1.387769737495409e-06,0.0007138137475197835,0.04263348735407954,0.0015758630617891593,4.4648363817060005e-05,6.112600749062487e-05,7.681761375488933e-06,7.45454979674309e-07,0.00031220233253376965,0.007092368836259576,0.0015732756516443163,0.009035137229698413,0.010634032978289047,8.671366501236278e-08,0.00252661763978933,0.00018696705231746987,0.9167222515678916,1.5601977871040637e-05,0.0005059155231814574,0.0024180285367101455,6.322166626771984e-07,9.106834986772602e-05,4.033951995218517e-05,8.178201952310417e-06
69,0.0024995547672642922,6.84762493254398e-07,0.0003539509857891406,0.038415510940854936,0.0009185845670014924,1.4249181442951076e-05,3.8872763082120864e-05,4.9601084413839115e-06,5.988866310325096e-07,0.0001657129883204987,0.0026652830917450535,0.0008408034949981846,0.0059663742677149995,0.005361766022269865,2.2350354230120583e-08,0.0018407889883766699,0.00014175608730263123,0.9399129655135506,3.822172317895578e-06,0.00014859941862469805,0.0006552898550481307,1.9281082156471592e-07,3.0284544068565174e-05,1.4761788173023688e-05,4.60964331270069e-06
70,0.0009478490602470273,4.1905718318713345e-07,0.0002542336165395498,0.030249906400579514,0.0006663383644698798,3.3246830524805585e-05,3.5822854744894746e-05,3.9980415927112195e-06,5.394678542574372e-07,0.0001630738828252978,0.0018037210377619124,0.0011870582612461338,0.0087325302893301,0.010092986454079335,1.3701557695987812e-08,0.0025271816986071247,0.00021297761552149244,0.9419214101162168,3.63525071797684e-06,0.00050738257910371,0.0005841399326586567,2.649704824189201e-07,5.5550727886069515e-05,1.1475391293099943e-05,4.244396976467546e-06
71,0.0018816220297627202,9.672468925903704e-07,0.0012008900833018713,0.030097563261491204,0.0007097248585331946,3.721848027416292e-05,3.855673374766427e-05,4.712106822322057e-06,2.5483695384524775e-07,0.00014296025795597773,0.004498428375290702,0.001694260171251655,0.01160206603866651,0.011019282516365537,3.721902593972452e-08,0.0007816164454371697,0.0002277014771843386,0.9338814946313732,9.273361523747153e-06,0.00038799695029900137,0.0017152346438403317,6.872786621592735e-07,4.2617491810628113e-05,1.9763085341063118e-05,5.0704181924370365e-06
