,0,1,2,3,4,5,6,7,8,9,10,11,12,13,14,15,16,17,18,19,20,21,22,23,24
0,0.00030346241110280794,3.393064712951044e-06,1.0647518288172406e-06,0.003633282332175442,0.0005547162889542748,0.05384063301250995,0.0001602674391121712,0.0022263882573042466,0.0028813278656116873,0.0005435261765665469,4.351500841369806e-05,0.0008664368542406697,0.00010347263115347538,0.0001240852012464481,0.00013710163221371035,0.00661295295599429,0.0002331685230654437,0.9158518517664762,0.0002667494917880952,0.0009257460401557574,0.0002540621194652199,4.525688566668134e-05,0.01005373365156739,0.0003022369618077775,3.156867686628439e-05
1,0.00040470641878681063,1.4279632117069693e-06,1.0634510889419376e-06,0.006417478367235582,0.0005066744167932866,0.04799923214524106,0.00014981086199603174,0.003745915310514668,0.0038429963414190462,0.0009369361111248185,4.051738471906641e-05,0.00045918439210930104,0.00023534224309096512,6.139790088412568e-05,6.277555873715623e-05,0.011382756774415954,0.0002017585595882399,0.9135110645651526,0.0002873920681922183,0.0014244729425145256,0.00013059101210247402,2.287582542605578e-05,0.007898670568049788,0.00026228866974154424,1.2670147863874874e-05
2,0.00032338717054345806,1.3158234120726328e-06,8.919263335495092e-07,0.005238702338624215,0.00046039329488632003,0.035056853025845096,0.0001166751197959235,0.0035514589826718536,0.0031197673504458996,0.0008184888672465073,4.790194521341412e-05,0.00047658207289934316,0.00020107176906072872,7.174086707920943e-05,7.850156847755134e-05,0.0073325211732127625,0.00017890606669246475,0.9321864488118902,0.00018982457506353887,0.0017640597967836687,0.00013446543732560667,1.8311284196327473e-05,0.008401539525884277,0.00021620605633471528,1.3985150081346277e-05
3,0.00031117282080215554,1.2510319589598313e-06,7.439201324920907e-07,0.0055157355953637304,0.0003714272666696395,0.03963680230535254,0.00012752274339276068,0.0029513908866722733,0.0025782183950988757,0.0006595604359642973,3.4670146284256625e-05,0.0004366402908246952,0.00018053721732763065,6.172540504587859e-05,5.836192295930627e-05,0.008678271095897163,0.00018217760039058824,0.9290149517363644,0.00020390941950161327,0.0012696509978196175,0.00012530105537616378,2.0663881939822773e-05,0.0073375720917182915,0.0002299824958737948,1.1759241269041187e-05
4,0.00030902060842122775,1.1402131708958572e-06,7.080995649986537e-07,0.005144450549912599,0.0003566961430702172,0.037312645360810984,0.0001238735415351082,0.002826960424367288,0.0023019305858137493,0.0006431234875019688,3.232920030059349e-05,0.00040604058058376437,0.0001944533555561033,6.185553241499897e-05,5.300111000876159e-05,0.00849256859539963,0.0001791074958493932,0.9327753094066328,0.00020475655227603244,0.0012736949187912433,0.00011457628188548287,1.850259684941989e-05,0.006923773088301773,0.00023861737378486447,1.0864897196082915e-05
5,0.0002570124045413035,1.0683264110373067e-06,5.503953111360745e-07,0.005316131048918589,0.00029485791465316786,0.034540340258353994,0.00010197782583490815,0.00238749475008006,0.001986431528772565,0.0005449759455476667,3.0684747979637015e-05,0.00034468262707090417,0.0001555463926488903,5.370277506002666e-05,4.846973894861682e-05,0.007508942336390831,0.00015126951497977935,0.9382264786438705,0.00016909932643900387,0.0011587239010181453,0.00010093954190813233,1.7113004916554445e-05,0.006403041250935917,0.00019090342822907058,9.562371179715723e-06
6,0.00031117282080215554,1.2510319589598313e-06,7.439201324920907e-07,0.0055157355953637304,0.0003714272666696395,0.03963680230535254,0.00012752274339276068,0.0029513908866722733,0.0025782183950988757,0.0006595604359642973,3.4670146284256625e-05,0.0004366402908246952,0.00018053721732763065,6.172540504587859e-05,5.836192295930627e-05,0.008678271095897163,0.00018217760039058824,0.9290149517363644,0.00020390941950161327,0.0012696509978196175,0.00012530105537616378,2.0663881939822773e-05,0.0073375720917182915,0.0002299824958737948,1.1759241269041187e-05
7,0.0008276404849470262,1.547887923493259e-06,1.7338452795101688e-06,0.008445398256233862,0.0005970703933511249,0.03812389489858998,0.00020335592338613007,0.006347561110189156,0.0036890201784929417,0.0016072361349525343,5.9666864402266136e-05,0.0005515570010273478,0.0004927847188452927,8.697265337044689e-05,6.505774756919138e-05,0.012311704883624645,0.00032481610482027005,0.916016742850073,0.00041377339404318267,0.0021170710735603387,0.0001132380962626671,2.7727889222183663e-05,0.0071440160331150415,0.00041430369247225486,1.6107884246110554e-05
8,0.0007542803369681908,1.942410710359825e-06,2.3337043173958173e-06,0.009459316034909323,0.0006485080504539207,0.049336190289795245,0.00026789113419255456,0.005577890670055808,0.004563118382290923,0.001824045157033488,6.74134260568675e-05,0.0009218189784642739,0.00036225154286905316,0.00013323500006586912,0.00010178675146101209,0.012685408517464442,0.0003888265623368819,0.8939410051936921,0.00030968087826085706,0.0023754047332923195,0.000260964306527358,3.621058502286363e-05,0.015375869627751122,0.0005757721913778089,2.8835534630183244e-05
9,0.0005629312124421279,1.7539962141731584e-06,1.3932012539938632e-06,0.008440644844115358,0.0004887029771301991,0.04328109850791297,0.0001900612962136296,0.0043984154372235535,0.003783427918989698,0.0013577751353881565,5.883551416912727e-05,0.0006806526989709904,0.00025115813722703125,0.0001056731085477646,9.458695457584699e-05,0.00950551686734108,0.0002869587771828748,0.9100249473168927,0.00023640204518331453,0.0019065687177451838,0.00019919463220093665,2.9406987679109535e-05,0.013681566203243204,0.00040847949255025373,2.3848019606775675e-05
10,0.00031117282080215554,1.2510319589598313e-06,7.439201324920907e-07,0.0055157355953637304,0.0003714272666696395,0.03963680230535254,0.00012752274339276068,0.0029513908866722733,0.0025782183950988757,0.0006595604359642973,3.4670146284256625e-05,0.0004366402908246952,0.00018053721732763065,6.172540504587859e-05,5.836192295930627e-05,0.008678271095897163,0.00018217760039058824,0.9290149517363644,0.00020390941950161327,0.0012696509978196175,0.00012530105537616378,2.0663881939822773e-05,0.0073375720917182915,0.0002299824958737948,1.1759241269041187e-05
11,0.00032224008188179275,1.1646401016105258e-06,7.427029616061084e-07,0.005302629400159452,0.00036089021647771916,0.03820024689447026,0.00012904370112343683,0.0031216375746664768,0.002514858402824236,0.0006989978670363531,3.3849258196993924e-05,0.0004289221431877347,0.00020248727147343572,6.0914234686578805e-05,5.553272692078235e-05,0.008782843338725295,0.00018762664292573512,0.9306871755174972,0.00021094177366604193,0.0013020650107246647,0.00011594437825879068,1.984162620991655e-05,0.00700421975843819,0.00024399347279397272,1.1191364591791999e-05
12,0.006062613990166512,1.4876875463843761e-05,1.9268108177181825e-05,0.04382259264178831,0.0002848097345834072,0.07662379671310113,0.0004141166733303537,0.3643377043333358,0.024960669314796593,0.013559688643382348,0.0001852659839123642,0.0031906538331470807,0.002315737465440031,2.7771966636462418e-05,0.000371847635406209,0.05419936973754879,0.0012193791830737107,0.3990287166306267,0.0034285913581582742,0.0011781397311411142,0.00016977620865916922,0.0008881579092637676,0.0027240313064089148,0.000948232775795353,2.41912466567303e-05
13,0.0003861327754661544,8.540384610177548e-07,1.121740614051137e-06,0.006035273209222726,0.0003719506234560703,0.01934739720045436,0.00012719924705315258,0.003878511804473147,0.002174539657785416,0.0007477120750879115,8.349967386905956e-05,0.0007683638425680812,0.00023219277689978367,0.0001272501374974808,9.273060254313793e-05,0.00804205304170594,0.00017119258350251865,0.945777750491878,0.00011695023170067111,0.0022058143473095023,0.00015783152360808177,1.4915585924194088e-05,0.00893887499508395,0.00018717839678751184,1.2709397048177033e-05
14,0.00012834212521155522,1.172233753445821e-06,4.1225692034133613e-07,0.0038626370789936783,0.0003112812753324363,0.03010235221041827,4.553569947589994e-05,0.001125180158376988,0.0011352183316969344,0.0003169791277377008,2.4660296872654058e-05,0.00017161759559410774,0.00013089774692886977,3.7039799385139004e-05,3.414682066123001e-05,0.00591792371119571,7.866457246690606e-05,0.9511461155536591,0.0001807110140011997,0.0010677865528855388,6.26811281362078e-05,9.858990209689477e-06,0.0039981711836895245,0.00010548041325296009,5.134123143737887e-06
15,0.00031117282080215554,1.2510319589598313e-06,7.439201324920907e-07,0.0055157355953637304,0.0003714272666696395,0.03963680230535254,0.00012752274339276068,0.0029513908866722733,0.0025782183950988757,0.0006595604359642973,3.4670146284256625e-05,0.0004366402908246952,0.00018053721732763065,6.172540504587859e-05,5.836192295930627e-05,0.008678271095897163,0.00018217760039058824,0.9290149517363644,0.00020390941950161327,0.0012696509978196175,0.00012530105537616378,2.0663881939822773e-05,0.0073375720917182915,0.0002299824958737948,1.1759241269041187e-05
16,0.00022563041398976689,7.649578548835556e-07,5.708461568624157e-07,0.004324364794692755,0.00027679697169625845,0.028905618913189417,9.941618540555882e-05,0.002219292774039309,0.0015564162406356647,0.0004703764642583455,3.014350594308773e-05,0.000387386800989723,0.00016132928500542298,6.003710196787988e-05,4.646696204924901e-05,0.007863928241775321,0.00013853918875380658,0.9455933698357653,0.00014121417100295926,0.0012350897136872204,0.00011164278577222181,1.3346997253539045e-05,0.005950820082941522,0.0001799502144643943,7.4865507096611036e-06
17,0.00045381976974634555,1.2501485197563852e-06,9.955567090513834e-07,0.00727099490531434,0.0004523187374357042,0.033532908761109786,0.00018744563869031752,0.0036730190310627743,0.002692830908784986,0.0007064200487041807,4.892415890372103e-05,0.0006934352679129418,0.00023128340202118093,9.894047262178929e-05,6.29643479237447e-05,0.009844284943250941,0.0002414162213410068,0.9292415663575659,0.0001769263372497985,0.0016287429761868352,0.0001524241051453834,2.4745220726687356e-05,0.008300999304949748,0.00026533438259858535,1.600899552422961e-05
18,0.0003134247890191899,1.254189942506483e-06,7.328263255002036e-07,0.0054615918188688755,0.0003709750649631776,0.03935240831432453,0.00012781476259456418,0.0029138997255377928,0.002570502226984172,0.0006581208002723008,3.460645260593706e-05,0.00043334574387384725,0.00017895985633926558,6.205970321310287e-05,5.809267286443041e-05,0.0085058649871946,0.00018537274696017492,0.9295380387329357,0.00020385645887377877,0.0012647640018402446,0.00012422315049995036,2.077670576922372e-05,0.007376038872971506,0.0002312561531582564,1.20192420673241e-05
19,0.00045415916678092147,1.549298456403685e-06,1.314235229767739e-06,0.00739893942586628,0.0005360404761320799,0.058675068637546776,0.000220328648180635,0.005187802421830115,0.004257114998388834,0.0012882566921661898,4.332700941050474e-05,0.000710796059466417,0.00029719181311981284,6.833494098748625e-05,6.943359441971154e-05,0.012037687459230454,0.000284854631662621,0.897331770413821,0.0002831502987926618,0.0017300728366001588,0.00016241789016134095,3.4323121023704584e-05,0.008545402423600204,0.0003634920339912146,1.717147313502806e-05
20,0.00022034757537469412,1.6125430077986344e-06,6.729621813743579e-07,0.005514703660463378,0.0002603153170352974,0.03757848276656475,9.934469682893734e-05,0.003540446043666625,0.002260588504390609,0.0005539853746421893,3.828598054200745e-05,0.000557563042938532,0.00013969391568205273,5.467649381973509e-05,8.520030520200157e-05,0.007771824341442943,0.00015343524411997973,0.9332556298494529,0.000162336531039821,0.0011230734948755217,0.00014366590880353713,2.8017483289055456e-05,0.006266739669378371,0.00017853192624138316,1.0826369016413647e-05
21,0.0003250547100372541,1.592101058718983e-06,8.41964303165599e-07,0.005139018361852176,0.0004189285238272758,0.05321043393316598,0.00015352391913972513,0.0035317937083010164,0.0033632946727084694,0.0008232394745063485,2.9773839083920744e-05,0.0004530220823650866,0.00019679261501973037,5.2575228665289446e-05,6.314163307677378e-05,0.00886595903789582,0.0002334617328679406,0.9128958691231267,0.00026360203237522337,0.00122616223235862,0.00014256957651507678,2.751802092290578e-05,0.00825628224942082,0.00031096449267676007,1.4584734728968824e-05
22,0.00027108357009449253,8.400741433504665e-07,7.184394860170792e-07,0.005757769808271929,0.0003024899661697594,0.027834041397529822,0.00010855250432257628,0.0023882462812767546,0.0018041365090924136,0.0006071094776079299,4.123833394859231e-05,0.00039933301688223447,0.0001701701214966826,5.9506147525961556e-05,4.8036643102001386e-05,0.008144394093560584,0.0001764147477589424,0.943351166743664,0.00014468669263347013,0.0014267361153762648,0.00012303704769638064,1.6878042041335392e-05,0.00663928532500566,0.0001751753302909101,8.953571021959216e-06
23,0.00031117282080215554,1.2510319589598313e-06,7.439201324920907e-07,0.0055157355953637304,0.0003714272666696395,0.03963680230535254,0.00012752274339276068,0.0029513908866722733,0.0025782183950988757,0.0006595604359642973,3.4670146284256625e-05,0.0004366402908246952,0.00018053721732763065,6.172540504587859e-05,5.836192295930627e-05,0.008678271095897163,0.00018217760039058824,0.9290149517363644,0.00020390941950161327,0.0012696509978196175,0.00012530105537616378,2.0663881939822773e-05,0.0073375720917182915,0.0002299824958737948,1.1759241269041187e-05
24,0.0002906272624231806,1.1871061456926205e-06,6.633543962133923e-07,0.006896041023744003,0.0003697418866030745,0.034823674221636736,0.00010525051955574764,0.0025454294844754265,0.002095940555681805,0.0006091551250771927,3.9386839726429734e-05,0.00041724540585427256,0.00018070627207053625,6.346715947428731e-05,5.0067356714315374e-05,0.008172395596354043,0.00015163186429518194,0.9350768877350295,0.00017139001975180197,0.0014092140948007807,0.00010315879348543985,1.8706111164844186e-05,0.00622176113214318,0.00017581377483487696,1.0457304561380857e-05
25,0.00045251852172636405,8.06701219818736e-07,9.773987197528614e-07,0.007135082962879931,0.0003680514772502628,0.0229080800342782,0.00015337069605952754,0.0046033338455898735,0.0022474352524900648,0.000841209801220221,6.149856339157359e-05,0.0006098917252866195,0.00030064392522688427,9.1058362353928e-05,6.0126639520157276e-05,0.009119899705809445,0.00020698686750127065,0.9413964242827719,0.00014424418532721763,0.0021164863563274245,0.00011380087888449997,1.6967315472000677e-05,0.006818572908144097,0.00022144915464637942,1.1082437902532088e-05
26,0.00035974307835929083,9.918202765226569e-07,6.003749789849237e-07,0.004183319838183343,0.0003969609668771725,0.0403474606526295,0.0001344732315540144,0.0023910870050390894,0.0032179266754112385,0.0007474307884473642,2.685987150841796e-05,0.00026691851176063815,0.0001728923206429067,5.17586171239916e-05,4.524994294434782e-05,0.0071334252771844365,0.00020761384509647643,0.9291904807470271,0.00022607544790700552,0.001141594519565288,0.00010541246803484568,1.5201828251333755e-05,0.009344773248591705,0.0002788420381089697,1.2906884495883517e-05
27,0.00032744145644634707,1.824015503033905e-06,6.879994713297373e-07,0.006431207376585434,0.00037914137009702295,0.04670091471955089,0.00013098366806851039,0.003595505298005277,0.0034875435307489154,0.0007157539487413684,3.871025947561991e-05,0.0004705814731228614,0.00016288443175022126,5.737880428984881e-05,7.261309162514183e-05,0.008363759136660986,0.00018616623531646662,0.9199277368708626,0.00023156154873507797,0.0011421536612355567,0.00011196082098105083,2.9262041418801533e-05,0.0072054349000874275,0.00021348048445059145,1.531285676957937e-05
28,0.00031117282080215554,1.2510319589598313e-06,7.439201324920907e-07,0.0055157355953637304,0.0003714272666696395,0.03963680230535254,0.00012752274339276068,0.0029513908866722733,0.0025782183950988757,0.0006595604359642973,3.4670146284256625e-05,0.0004366402908246952,0.00018053721732763065,6.172540504587859e-05,5.836192295930627e-05,0.008678271095897163,0.00018217760039058824,0.9290149517363644,0.00020390941950161327,0.0012696509978196175,0.00012530105537616378,2.0663881939822773e-05,0.0073375720917182915,0.0002299824958737948,1.1759241269041187e-05
29,0.00031117282080215554,1.2510319589598313e-06,7.439201324920907e-07,0.0055157355953637304,0.0003714272666696395,0.03963680230535254,0.00012752274339276068,0.0029513908866722733,0.0025782183950988757,0.0006595604359642973,3.4670146284256625e-05,0.0004366402908246952,0.00018053721732763065,6.172540504587859e-05,5.836192295930627e-05,0.008678271095897163,0.00018217760039058824,0.9290149517363644,0.00020390941950161327,0.0012696509978196175,0.00012530105537616378,2.0663881939822773e-05,0.0073375720917182915,0.0002299824958737948,1.1759241269041187e-05
30,0.00031117282080215554,1.2510319589598313e-06,7.439201324920907e-07,0.0055157355953637304,0.0003714272666696395,0.03963680230535254,0.00012752274339276068,0.0029513908866722733,0.0025782183950988757,0.0006595604359642973,3.4670146284256625e-05,0.0004366402908246952,0.00018053721732763065,6.172540504587859e-05,5.836192295930627e-05,0.008678271095897163,0.00018217760039058824,0.9290149517363644,0.00020390941950161327,0.0012696509978196175,0.00012530105537616378,2.0663881939822773e-05,0.0073375720917182915,0.0002299824958737948,1.1759241269041187e-05
31,0.000422512957259797,1.1893578446638548e-06,1.1258344133480402e-06,0.00521049673419164,0.00034170898242302404,0.031047166474909307,0.00012817670451122296,0.004963343247012681,0.0023985291497794587,0.000723234134662897,3.708816924966229e-05,0.0005273187957801266,0.00029612403350313076,6.404136754953836e-05,6.352524109959276e-05,0.01057571177717502,0.00021526845324732854,0.9345751541499325,0.00024786552380743677,0.001434764083129921,0.00013840075959284273,2.029962505407258e-05,0.006269469873338529,0.0002879084586997186,9.576111832507508e-06
32,0.00031305460121015024,1.2872270437440133e-06,7.247430287714942e-07,0.005194785615663414,0.0003668813934598619,0.03918276045188984,0.00011862334532910332,0.002813168275030565,0.0024788489016165506,0.0006348664098333354,3.245494744971989e-05,0.0003984182403838637,0.0001821089824385305,5.973250658493993e-05,5.57252251111971e-05,0.008557675793539098,0.00017998234616526998,0.9307130189246147,0.00022404550250692358,0.0011980088968670103,0.00011721223596691421,2.006415228447436e-05,0.00691383285581595,0.00023147916292025006,1.1239263245883978e-05
33,0.0008067766721004659,4.063334640604803e-06,1.2532905197620696e-05,0.022548781722629536,0.0040225731153052564,0.07442161766926933,0.0005336959634905398,0.011644894893828002,0.0797248862435826,0.006296075213017385,0.0017341149884508662,0.00466542474051766,0.00011737031839935737,0.000435417765245668,0.0018005828628597264,0.008606967035209282,0.00025314122577145196,0.6169223205079324,7.038932658165838e-05,0.009947948872105246,0.0022042971875168753,4.507576657185089e-05,0.15277235040263107,0.00013702014860998262,0.00027168111853548597
34,6.821493252048834e-05,1.6712732884455161e-06,4.888714862972407e-07,0.006320372986859695,0.0002229801070293424,0.09900001356076253,0.00014892388179519263,0.0027097502308507304,0.0025627285942381606,0.0006143238487137056,2.242373538472753e-05,0.0007803187086533832,8.804569282414047e-05,3.26392497958894e-05,7.770890194151858e-05,0.008950737108847593,0.0001366588609314162,0.8676950204748082,9.40922165224875e-05,0.001189058403639194,0.00020694408237469935,4.3430931032945885e-05,0.00882171679870712,0.00019865017476149537,1.308637223049836e-05
35,4.62386987017809e-06,2.579837322371048e-08,1.915895927008328e-06,0.0012712877079600908,0.00021686248258769058,0.02183072203972346,7.73608422216369e-05,1.2661472409619208e-05,6.075817114069747e-06,0.00024333979939390222,1.2679791396354874e-05,0.0009140101827964206,8.622432537511133e-05,0.001068437954530404,1.3883343785075922e-05,0.006539476426040875,6.321970821368472e-05,0.864492293178742,4.72509509734464e-06,0.01880788095346885,0.005008867872622347,3.7379006834003004e-07,0.07842245894321838,0.0008978958404050978,2.696868658619665e-06
36,0.0003187492088087629,1.298308834066019e-06,7.830778716600047e-07,0.005663478789809895,0.00039558618828477006,0.0411121097304105,0.00012686537076461588,0.0028904238303467996,0.002690437968323395,0.0006825891112545632,3.504061540233351e-05,0.00041407370772548845,0.00018264932548034375,6.181009495268824e-05,5.872366463754955e-05,0.008781946766495637,0.00018067198902258036,0.9267515019728781,0.00021256859460744044,0.0013062982029139912,0.00012953890181983705,2.000604307214464e-05,0.0077362015963546174,0.000234707622514678,1.1939317413696893e-05
37,0.0003036142351025204,1.3472153519714264e-06,7.498298144837333e-07,0.0056170658097455025,0.00037879302545651254,0.04227322118213048,0.00012617200694150135,0.0031828323499820347,0.0028646729817109395,0.0006868637265564224,3.5239832866286455e-05,0.00044309034869564103,0.0001784873492524998,5.758970009812314e-05,6.177185654828453e-05,0.008716613238627834,0.00018123926897785242,0.925740657619799,0.00021081971753760055,0.0012613243578135768,0.00012507201638819513,2.2137396986161668e-05,0.007295840977953196,0.00022273846127363335,1.2045494389951865e-05
38,0.0001898218650080389,8.957660205467469e-07,4.859196193262295e-07,0.0036209820084279762,0.00024390173807441236,0.04034428695984836,0.00010066540693953877,0.001975831406891001,0.0017242803993135535,0.00044052725837303886,2.134476263669948e-05,0.00033783759063976736,0.00013979224602641356,4.490164213746732e-05,4.652318287475436e-05,0.008428015807083659,0.000129100724063271,0.9345651713234638,0.00017394945769358614,0.000873201279634883,0.00011510907544576294,1.520214155208474e-05,0.006258108572891492,0.00020309024855620045,6.973216784277129e-06
39,0.0002006299089304954,1.3957253100830202e-06,9.275439342193863e-07,0.004667095245723067,0.00030477646132642024,0.05398446465523542,0.00011461234200367941,0.003492245126446375,0.002403886273960016,0.0005268689992825195,2.3891367713844842e-05,0.0005702832994606633,0.00017098176881112537,4.007706738406286e-05,6.1014583040914026e-05,0.011447687356739964,0.00019021972517013267,0.9133076966541387,0.00021016794382286677,0.0011093655587397213,0.00020793599305764487,2.6896768256334388e-05,0.006690466169986355,0.0002377260108507072,8.687450674854493e-06
40,0.00020581534869485406,8.70471350442672e-07,4.0091356129273666e-07,0.005365558593282005,0.0001949806702929639,0.043444075539404686,0.0001018558669024082,0.002879000277887073,0.002463449333952948,0.0006745106524174754,2.40351400337089e-05,0.0002630025515680151,0.0001469105640088905,2.800934719022387e-05,4.3048210961046834e-05,0.007940358703694972,0.0001393177130459682,0.9280858020051498,0.00015486028926815667,0.0009625773178065084,8.176711467465368e-05,1.743249715025814e-05,0.006584464198891369,0.0001904615484039991,7.435130406277746e-06
41,0.0002615124057460243,1.5923826920242377e-06,6.283523042620494e-07,0.0069778192046860464,0.00043067013222178736,0.03219988158684369,6.889585713465841e-05,0.002969528004358218,0.0031047126161497973,0.0005269451806784622,4.59829316990724e-05,0.0002671356275717789,0.0001727278172028299,4.481918136673524e-05,5.806951522550519e-05,0.008757220093144016,7.936610520658933e-05,0.9378119358185789,0.0002045767840609129,0.0011148797809728112,6.474352108653857e-05,1.4099900624969545e-05,0.004711894132404014,0.00010320635586742108,7.156712173104084e-06
42,0.0002949559635385731,1.7674498688956902e-06,8.9204048690606e-07,0.006584576995105203,0.00034199456300637864,0.048221461942407715,0.00012044170287150912,0.004032827591072635,0.0030121323785947964,0.0006594840386075819,3.4470904917214655e-05,0.0005109808902205527,0.0001861792454872242,4.647752315170073e-05,6.563654919343442e-05,0.010933028377524598,0.00019133590090857875,0.9168346390745694,0.00025389375360552075,0.0011356747218566326,0.00013576525517913066,3.149886625178154e-05,0.0061428763228051795,0.00021624608640905037,1.0761862359518004e-05
43,0.00025486449875592414,1.1742008574070158e-06,8.531480250553333e-07,0.004798877819836673,0.0003688542639229767,0.05218058091447219,0.0001279333521249285,0.0032948404658231555,0.0027892934528995247,0.0008822506859910335,2.809215871491751e-05,0.0004254184384733278,0.00020362511972873878,4.186905777747856e-05,5.678177365118048e-05,0.00947898563688479,0.00020997145764501272,0.9152547233045497,0.00022891311545368112,0.0013063413593773832,0.00015960066808250919,2.2955704049392218e-05,0.007595830705812494,0.0002774938262815318,9.87487080893528e-06
44,0.00031117282080215554,1.2510319589598313e-06,7.439201324920907e-07,0.0055157355953637304,0.0003714272666696395,0.03963680230535254,0.00012752274339276068,0.0029513908866722733,0.0025782183950988757,0.0006595604359642973,3.4670146284256625e-05,0.0004366402908246952,0.00018053721732763065,6.172540504587859e-05,5.836192295930627e-05,0.008678271095897163,0.00018217760039058824,0.9290149517363644,0.00020390941950161327,0.0012696509978196175,0.00012530105537616378,2.0663881939822773e-05,0.0073375720917182915,0.0002299824958737948,1.1759241269041187e-05
45,0.0004059953585031427,1.9123494986260184e-06,9.766406637762516e-07,0.007925247391486076,0.0006719420277851435,0.04052724308984203,0.00011767522381439352,0.0014977218591663353,0.003173663400235794,0.0006483211215074874,5.9240181714515216e-05,0.0004541012652382482,0.0001262070196649174,0.00011278964981124039,6.589088750725181e-05,0.006385551172243877,0.00021811134557171545,0.9199526249207258,0.0001826306171101825,0.0017155755863306147,0.00018699026469287745,2.0433122336566664e-05,0.015319346838231681,0.00020148304175848284,2.8325624559391998e-05
46,0.0005867379172316181,1.1088771098407509e-06,1.051783344098264e-06,0.008491442803406092,0.0003556657350017352,0.04548084756652403,0.0002197386690884504,0.004358803675898245,0.0024608491243464756,0.0010483422177397655,3.7978449350006566e-05,0.000708957712414268,0.00030256308289716726,5.942632837670049e-05,4.126244742633234e-05,0.01135044335126596,0.0004981618954215675,0.9144644651983788,0.00024901859644584643,0.0015552565406495792,0.0001639305852752953,4.267715745243093e-05,0.007132365594317748,0.0003735433317113033,1.5361358926919647e-05
47,0.0005399358210709381,1.094439312848466e-06,9.261542410927088e-07,0.006459791819089924,0.00033732710666620376,0.03902416920547687,0.0001756842538617705,0.00392165544665152,0.002357660190350011,0.0007984672815859819,3.1696320936014936e-05,0.0005521845520330208,0.0002929654411480484,6.401820242862697e-05,4.3926743731692266e-05,0.012328046044266804,0.0002884641302636864,0.9244365059241602,0.00028507013933279574,0.0012139259404329804,0.00012055700507035708,2.7235941648097963e-05,0.006339057750306618,0.0003485282457195645,1.1105900214255727e-05
48,0.00027187366813844047,1.2811961374355727e-06,8.403601995002995e-07,0.00676449865595286,0.0004320191231247307,0.035886306839297326,0.00011822158864032849,0.0026453500980187124,0.0027847276007054184,0.0005791935688382285,5.2547176098584096e-05,0.0005253195841215,0.00014832612971451466,7.870030690249348e-05,7.478204955562943e-05,0.00865444166671795,0.00013816398607245637,0.9301239573242501,0.00014543594240869106,0.0015307797121031966,0.0001536999593461348,1.8258424401807216e-05,0.008702861705590264,0.0001558334944619525,1.2579839201974252e-05
49,0.0002880824588210115,1.67540403792845e-06,9.972380377031826e-07,0.0064354335088370246,0.00041353890720669537,0.05449786811828723,0.00014458853818400752,0.0037734962503132817,0.003099939227879258,0.0007724106532237052,3.632166309884112e-05,0.0006222244783917008,0.00019847793404359336,5.518645280424665e-05,6.80284207701246e-05,0.01032596903248233,0.00021532650204455283,0.9096130711527705,0.00023289406770950926,0.0014318319321411025,0.00016509622022011845,3.2281764306723405e-05,0.0073127712588328215,0.00024920215098338374,1.3286664572761649e-05
50,0.0006429292707664648,8.27273442779581e-07,9.509326737014219e-07,0.005630330523568599,0.00042413989689359664,0.03364671179778484,0.00023073885815887054,0.0046823048023121715,0.0028463086865332943,0.0012815841320484805,3.912720850886706e-05,0.0004828584789799384,0.0003645748708754071,8.496568932837879e-05,4.980675877305236e-05,0.009986252127591076,0.0002960881356521479,0.9292528002888278,0.0002620354085717605,0.0016719664966356243,9.810562923278927e-05,1.9412163431788075e-05,0.0075470209405989535,0.0004440391877021849,1.4120441107448491e-05
51,0.00033492420809489695,1.065314996579284e-06,7.833237569455119e-07,0.004914646317733315,0.00039671977715299454,0.039478518345804695,0.00014132880751512166,0.002853636270745205,0.002576118970877804,0.0007061236062245433,3.2448096452291587e-05,0.0004298107362323192,0.00019802634022799946,6.444913548588464e-05,5.348427757642048e-05,0.008923876458541386,0.00019836188562221207,0.9289302176833149,0.00021153140383194964,0.001319433912319206,0.00012927171873114456,1.848654978410803e-05,0.007809706004624446,0.0002653583037388124,1.1672550614946872e-05
52,0.004623690501341419,8.782456559564309e-05,8.388953642091677e-05,0.03608455052356629,0.006667088074984575,0.10074935685552333,0.004680176992286334,0.005210359136375981,0.038832780268802734,0.0006489147863375925,0.00033496992089550667,0.01257401149477446,0.00020132289334270556,0.0009881353837864185,0.00043743251122537564,0.04128814000872886,0.009392273207485055,0.42915807526628874,0.000639404279706386,0.0019551222763846045,0.012473220500027566,0.001177564857953827,0.28712141974722905,0.002215066365850534,0.0023752100450860035
53,0.00023710960736823884,7.910897403558725e-07,6.819407462605815e-07,0.004980487234293776,0.00035373933387846,0.03319996025509806,0.00014424010157888524,0.0021705844220112447,0.0021359771393504234,0.0005805801012576217,3.7682134708496666e-05,0.00046528996005469755,0.000157006199641329,7.319460779212398e-05,5.4094926129403955e-05,0.007954004106435205,0.00016433355398946123,0.9355207087299156,0.00011747252791977901,0.0015588446702732473,0.0001494301747644023,1.4380214981407416e-05,0.009707438750642427,0.00021056315579474845,1.1405061634248485e-05
54,0.0003475644694375642,2.7743981484413665e-06,6.408537431161083e-07,0.006819486451065159,0.0003847752625084934,0.05184076268054062,0.00014491009758419918,0.0033324419214056404,0.003477275323772475,0.0006485183132213283,3.878039584291546e-05,0.0005153289203558431,0.0001370554648785011,7.159753794574147e-05,8.97877152662396e-05,0.008020858778656426,0.00019062474600600873,0.9145956867890669,0.0002594472894232126,0.0009508563692644535,0.00011519217913686362,3.8679608166703304e-05,0.007712946297240304,0.0002425522103030867,2.1455927019960826e-05
55,0.0005258192611993244,2.8715314731182086e-06,1.3738234703034878e-06,0.010072253897419515,0.0005427485947069107,0.05274002148643319,0.00013260115764655414,0.0028688027612286298,0.003576502708468588,0.0010881328351476929,5.251850866574567e-05,0.0002694753112366614,0.00018588039223894353,6.309989455324258e-05,7.761750661097627e-05,0.008737510621595961,0.0002932019547391875,0.9037984038956042,0.00037175399830677893,0.0015105755698264745,0.0002000223354850059,3.0701996316065703e-05,0.012522837160940515,0.0003156551252638508,1.9617671422597244e-05
56,0.0003110792216387188,1.1750359650172707e-06,7.320416179992525e-07,0.005371431049787648,0.0003620058291372261,0.03859306972471673,0.00012577266389024406,0.003013851266467664,0.002477778764168308,0.000676454235653208,3.380009736604678e-05,0.00042504713590324884,0.00019546340384432508,6.0373143598230427e-05,5.53733291158112e-05,0.008663898259173719,0.0001813604972369874,0.9305391597515771,0.00020471568298007832,0.001302440396389579,0.00011755960049721808,1.9580361757187126e-05,0.007022030246467534,0.00023469900312531261,1.1149257924801093e-05
57,0.0003406243919782168,1.4011966689779838e-06,1.5113358420557617e-06,0.005623440142845958,0.0005773912517641075,0.049144369551214595,0.00016816888888888297,0.004356131657179175,0.0032410804863816983,0.0009716838157877002,4.133870176190627e-05,0.0007485537816726784,0.00029500646543483586,7.334973614750597e-05,6.956773613023554e-05,0.012103682675572144,0.00025026881429775574,0.9113196723431889,0.00026399826759831416,0.002015150568631745,0.00019061679026620234,2.6219031230879158e-05,0.007848303950540689,0.0003150840888098591,1.338433016499604e-05
58,0.00030252872204700247,1.1078600528734e-06,7.048616996094455e-07,0.004696642757012874,0.0003480042832630556,0.0396929596737991,0.00012923122453970575,0.0028312443873871945,0.002292699262359193,0.0006748712529794959,2.86126214015762e-05,0.000412157878903736,0.00019502468732497446,5.953386188511806e-05,5.2155687510851477e-05,0.008494156437489898,0.0001888118873250021,0.9305904994497487,0.000211958788848167,0.001238663756881819,0.00012032497969729773,1.9039838137710167e-05,0.007135787685859255,0.0002724362943139403,1.0841859532040944e-05
59,0.00031859240014322647,1.183140598261911e-06,8.469032529271224e-07,0.005106471987405661,0.00038325216868891206,0.04024645749328633,0.00013526639627911173,0.0030728562999284693,0.0024478813791551563,0.0007231184455601807,3.2464712113756403e-05,0.0004528576167100222,0.00020929753109633604,6.362783754394646e-05,5.65994839243375e-05,0.009042831012165213,0.00020038587211602306,0.927847704662948,0.0002174101184854272,0.0014010554164039784,0.00013601635172464142,2.0043689272960934e-05,0.00759492519685168,0.0002773302673046406,1.1523617040795357e-05
60,0.00031117282080215554,1.2510319589598313e-06,7.439201324920907e-07,0.0055157355953637304,0.0003714272666696395,0.03963680230535254,0.00012752274339276068,0.0029513908866722733,0.0025782183950988757,0.0006595604359642973,3.4670146284256625e-05,0.0004366402908246952,0.00018053721732763065,6.172540504587859e-05,5.836192295930627e-05,0.008678271095897163,0.00018217760039058824,0.9290149517363644,0.00020390941950161327,0.0012696509978196175,0.00012530105537616378,2.0663881939822773e-05,0.0073375720917182915,0.0002299824958737948,1.1759241269041187e-05
61,0.0003347359506934211,1.252413571764808e-06,8.70299888597126e-07,0.00521991665607156,0.0004036408465862904,0.04140118234765082,0.00014135899572487493,0.0030537279826261545,0.002622151993974708,0.0007290711707062328,3.415534671947468e-05,0.0004709286111039742,0.00020248135387993676,6.683499193598451e-05,5.951705148584546e-05,0.009203036163850846,0.0002037542527345603,0.925935261190097,0.00022363857652048938,0.0013560471080858243,0.00014072647482303303,2.114282846702143e-05,0.007886166577891327,0.00027597087109428427,1.2429943815950465e-05
62,0.00031117282080215554,1.2510319589598313e-06,7.439201324920907e-07,0.0055157355953637304,0.0003714272666696395,0.03963680230535254,0.00012752274339276068,0.0029513908866722733,0.0025782183950988757,0.0006595604359642973,3.4670146284256625e-05,0.0004366402908246952,0.00018053721732763065,6.172540504587859e-05,5.836192295930627e-05,0.008678271095897163,0.00018217760039058824,0.9290149517363644,0.00020390941950161327,0.0012696509978196175,0.00012530105537616378,2.0663881939822773e-05,0.0073375720917182915,0.0002299824958737948,1.1759241269041187e-05
63,0.00029629868738430384,1.4415610800262614e-06,6.920026889849407e-07,0.005444650026388308,0.00036707351366760453,0.040806488997868706,0.00011904447553168236,0.0027963601467372516,0.002636383777079884,0.0006151119340798188,3.429336545129164e-05,0.00040995811964104114,0.00016364730284966066,5.987366338522129e-05,6.165371301155437e-05,0.008167037157724594,0.0001728985015964411,0.9288394923558551,0.0002101939863631126,0.0011724893163054027,0.00012112444412805374,2.168075463816844e-05,0.007253255202626689,0.00021650288812702663,1.2354105790126214e-05
64,0.0002915768287815617,1.2788648900264637e-06,8.995066786063522e-07,0.0053706981281369534,0.0003976091725928488,0.04235092147291558,0.0001325985360928144,0.002775729462014244,0.0025325568179522607,0.0006558436497734737,3.557835374333687e-05,0.0005105444585815183,0.0001793014141131744,6.654048402412232e-05,6.296298272126345e-05,0.009257273064948618,0.00020078538762214744,0.924537210911484,0.00019605755068639085,0.0013839448082372638,0.00017453471532034257,2.1641204025700904e-05,0.008604911686958733,0.000246697435612614,1.2303102092240085e-05
65,0.0013854136859313198,1.2807653691829224e-06,1.841674548013665e-06,0.009918264130244785,0.0006766244059355201,0.04213881802640358,0.0003055710000476669,0.011928536724583208,0.007382388084551892,0.002321854978619949,8.617270587743786e-05,0.0008496486029339115,0.0005542685730513691,9.471790978824777e-05,8.313471046388158e-05,0.017631842510273773,0.0003271064088468417,0.895506004649205,0.00047353393137168734,0.0016011603521007135,9.693784487791176e-05,3.625917320335055e-05,0.006216529371275841,0.0003663869123350141,1.5702868159710086e-05
66,0.0003108799049124851,1.2523012161182295e-06,7.429975861047482e-07,0.0055151813924191,0.0003709949849904425,0.039632519598695945,0.00012741310943001788,0.0029504333045063617,0.0025777235185186053,0.0006588995646489757,3.467132094549082e-05,0.00043667296782873256,0.00018022684791485662,6.1715049904601e-05,5.842199671552625e-05,0.008671279326894403,0.00018202749067725078,0.9290323195721651,0.00020376648568961762,0.0012682132269996181,0.0001252791945563812,2.067779036739385e-05,0.0073371549630777706,0.00022976903654830933,1.1764052790765653e-05
67,0.0010615937370872385,1.6706923862614777e-06,1.8932908624520647e-06,0.008320178544897002,0.0008352328815174997,0.03829737752367572,0.0002158958833562922,0.008627201382454106,0.00660477660606724,0.001690321403061932,7.6035906397001e-05,0.000661512411562922,0.0004430265042440367,9.07407786526727e-05,8.779815397559871e-05,0.01474202357961238,0.000266513112040775,0.9088555495617079,0.0004602453717220718,0.0016273928713987002,0.00011476405806664897,2.9816911651197096e-05,0.006559393659790725,0.0003138958219657017,1.514935184598361e-05
68,0.0028579515260304484,2.5922494258709256e-06,1.0881516346902185e-06,0.015401434279911794,0.0008711450735003656,0.02052105531598809,0.00017117160513521209,0.0034422989883147385,0.006431967028497818,0.0013878095272406383,9.322455355264793e-05,0.0001598026463110454,0.00041019229773648865,0.00014727881833661772,4.5568203580598974e-05,0.012659253363381797,0.00028649522577045816,0.924681602665567,0.0009331701447185193,0.0010748636930516886,3.048035156818783e-05,2.040485054603159e-05,0.008030571263907448,0.00031461381679710363,2.3964359494458002e-05
69,0.0009281135120391689,2.4836433528458106e-06,1.6248293941403455e-06,0.006582465138130578,0.0005695179346404992,0.06778798024584326,0.00028134773874999996,0.005425535083954138,0.00352426454277662,0.001041518372015006,2.1664512585566004e-05,0.000609805056930526,0.0004647011128485062,8.68396107534678e-05,4.9731133763855693e-05,0.02328249732009547,0.000318950689179797,0.8805182519399096,0.0008659992282376809,0.0008439834774926061,0.00011810079025684332,4.1281932456884425e-05,0.005773554137905737,0.0008459918530534522,1.3796163633846625e-05
70,0.00023588836229003086,1.5316986536326468e-06,1.0889326735168384e-06,0.012254702406999796,0.00043830781200255637,0.05712371514294496,0.00012691170988296085,0.0038323997657712496,0.0037801444682845032,0.0008550170289999379,6.0016699630534404e-05,0.000570201451807175,0.00019527844339836746,5.23169813154094e-05,7.174145153372663e-05,0.012400994933719543,0.00012021486026350949,0.896830814059872,0.00015354342955359947,0.002102806908420547,0.00014526412289483242,2.283886923606601e-05,0.008468655995300785,0.00014445576973095157,1.1148694819887275e-05
71,0.0005801135145736418,5.540073859109095e-07,8.309544526730983e-07,0.004814060197340181,0.0005553051106088581,0.04394252393536648,0.00042143366383844323,0.004720783836029103,0.003704740163722411,0.001744012410063652,3.4763666930130045e-05,0.00048160530470474556,0.00043596496767357577,7.542367509937438e-05,3.9565941402344674e-05,0.009941155747679982,0.00033379383758878976,0.9160850587045699,0.0002095494790982489,0.00210450266760391,8.776637656464931e-05,1.6913978728195645e-05,0.009081988855344258,0.0005714261831234458,1.6162820507126457e-05
