,0,1,2,3,4,5,6,7,8,9,10,11,12,13,14,15,16,17,18,19,20,21,22,23,24
0,1.3314336239296273e-07,7.950116956963182e-07,0.00031805986494678914,0.004805347023368443,0.00039455386159104847,0.05329941193137274,2.77859499536259e-05,1.4418929130297043e-05,0.13536434716222193,0.712097788376918,1.3403341849574422e-06,5.1536721635138994e-08,8.098792056715035e-06,0.0018833358424430616,0.0005011780796976517,0.0027564830269733824,1.2807096651860598e-06,0.010207954766244079,0.0002340290480356383,0.05580168919561111,1.4587027518584606e-05,3.360727862580887e-07,0.02133129853180556,0.0008854849703246961,5.021081137060378e-05
1,1.8423535788287555e-07,1.3857485393139516e-06,0.0005499246146916346,0.009444372037944638,0.0006734549682216944,0.03933117074798909,3.860434556624022e-05,2.56708620849551e-05,0.07907227175659297,0.7329276863543825,1.6843011127172316e-06,1.0203634181518614e-07,1.3308794704643911e-05,0.0018554190339833741,0.00048634370940458876,0.006614011246298167,3.3394887424676994e-06,0.013622390573745561,0.00025166368245975186,0.08900936911600685,2.0435232758575523e-05,3.103787879507038e-07,0.024714091320690242,0.0012883170225885844,5.448839100391078e-05
2,2.1380801145494078e-07,1.8094419575650396e-06,0.0005762772441299469,0.01155385620675739,0.0010619123728712872,0.041772097872380336,4.543130892645446e-05,2.753278806192674e-05,0.09981133326713369,0.684374861031913,2.3598812261959716e-06,1.4163258083123914e-07,1.5576283987295724e-05,0.002796084775471498,0.000679179492059101,0.005817820255676715,3.894578490635596e-06,0.013798681523014476,0.00024073718759097743,0.10895797658738005,2.28975064949926e-05,4.346338725483513e-07,0.026958290169515876,0.0014086668008939,7.193334960179176e-05
3,2.748410998890477e-07,1.7806289172203125e-06,0.0006224071228265152,0.0127407482742953,0.000991477395273766,0.0476614388221699,4.647023191094547e-05,2.936099004220671e-05,0.08740329572065056,0.6955861559961968,2.5021939215423766e-06,1.3717337079701348e-07,1.5774664251857652e-05,0.0023054070519013333,0.0005928533296528087,0.00608323998762879,4.741177824961552e-06,0.016988660042708943,0.0002652900284920393,0.09388989485810138,2.5258969558817307e-05,4.014054490502738e-07,0.03321872632543642,0.0014620730998771575,6.162966844100828e-05
4,2.946497333437497e-07,1.9789429773879324e-06,0.000655237529289936,0.012514596991805781,0.0010273943715715722,0.04284264210781306,4.7821770412756236e-05,3.1261250825412263e-05,0.08993574782912211,0.6940788928077082,2.6689010735761577e-06,1.514750408102547e-07,1.8122690715626043e-05,0.002668420155346525,0.0005611474192727338,0.005838932582205449,4.791028904818039e-06,0.017764576204638963,0.0002600874321951594,0.09947359997362984,2.744511669083313e-05,4.550350565263042e-07,0.030703138320877964,0.0014779640620009335,6.263135109072918e-05
5,2.816036286925134e-07,1.8491354644936666e-06,0.0006224022732094361,0.01373792244687315,0.0010175838092906847,0.04415927309147156,4.6889150042318005e-05,2.856204125269432e-05,0.08464804932321396,0.6875040809324979,2.364431234557785e-06,1.3242261135724283e-07,1.669717706251174e-05,0.002320608102779439,0.0005276226538986137,0.006293497878866437,4.94638244489834e-06,0.020131168481064533,0.00026140468177460337,0.10155901238394753,2.6325184767055876e-05,3.7160502555361177e-07,0.035479164928506585,0.0015554397278356058,5.4350151235582224e-05
6,2.748410998890477e-07,1.7806289172203125e-06,0.0006224071228265152,0.0127407482742953,0.000991477395273766,0.0476614388221699,4.647023191094547e-05,2.936099004220671e-05,0.08740329572065056,0.6955861559961968,2.5021939215423766e-06,1.3717337079701348e-07,1.5774664251857652e-05,0.0023054070519013333,0.0005928533296528087,0.00608323998762879,4.741177824961552e-06,0.016988660042708943,0.0002652900284920393,0.09388989485810138,2.5258969558817307e-05,4.014054490502738e-07,0.03321872632543642,0.0014620730998771575,6.162966844100828e-05
7,5.607208585136773e-07,1.8874158974125596e-06,0.00080084233675141,0.013003650158674345,0.0010110207392804442,0.05275570277374832,5.485722479532212e-05,4.485306963384239e-05,0.0788285680022798,0.6694016896890704,4.011540490093079e-06,1.7948101600968884e-07,3.173685156054274e-05,0.001989003825335809,0.0006177542579244396,0.006681834822874715,4.8611124691436985e-06,0.02275384201199256,0.0002694969987748285,0.12665025825417295,2.5960787561072366e-05,6.584765065530724e-07,0.023780034942356528,0.001238432168229128,4.830233774604315e-05
8,2.646104762669164e-07,1.746004786405392e-06,0.0009324294525651284,0.01215987633067914,0.0008838834795217534,0.03268233971897149,2.1455439805043225e-05,1.4964733274417702e-05,0.07891465258851904,0.7336524265440033,1.4414233037983544e-06,1.077188024923552e-07,1.1510979062967965e-05,0.0023200346624168556,0.00044051288300980845,0.005061200440803214,4.602008857915655e-06,0.009823402946166782,0.00011443630103107354,0.08367571029624031,1.5718111033800665e-05,2.2193816107346556e-07,0.03690281524353407,0.0022923081966675276,7.193794830650012e-05
9,1.0625818766104552e-07,1.463280861779348e-06,0.000635683505972789,0.008005244708731566,0.0004663986759755749,0.019408800027626436,1.4359645935557928e-05,1.2785666736877695e-05,0.05714208198900318,0.7988864568845384,7.54924587831773e-07,6.496460512981264e-08,8.41167801728322e-06,0.0022428512284812657,0.00028499230129825845,0.0048465497825606945,2.931426417742448e-06,0.007400505142195812,0.00010389860958668784,0.07809398647614646,1.2878023975039088e-05,1.6484809276680194e-07,0.020957304926050968,0.0014196860839695733,5.163894044493836e-05
10,2.748410998890477e-07,1.7806289172203125e-06,0.0006224071228265152,0.0127407482742953,0.000991477395273766,0.0476614388221699,4.647023191094547e-05,2.936099004220671e-05,0.08740329572065056,0.6955861559961968,2.5021939215423766e-06,1.3717337079701348e-07,1.5774664251857652e-05,0.0023054070519013333,0.0005928533296528087,0.00608323998762879,4.741177824961552e-06,0.016988660042708943,0.0002652900284920393,0.09388989485810138,2.5258969558817307e-05,4.014054490502738e-07,0.03321872632543642,0.0014620730998771575,6.162966844100828e-05
11,3.0519296773271723e-07,1.8888481912712515e-06,0.0006603857397066015,0.012884796899517737,0.0010711617402494745,0.04680167616263173,5.0039741458962356e-05,3.104461914502223e-05,0.09028387067841376,0.6832220493631243,2.759027548229093e-06,1.5540467724870221e-07,1.8154574673059843e-05,0.0024229367323619724,0.0006138364882814991,0.006406048695816227,4.99280443754431e-06,0.017624727249648482,0.00027145027387592233,0.10307570229210536,2.7020653354824333e-05,4.4572550790283285e-07,0.032860169871833766,0.001599118783080784,6.526243739041912e-05
12,3.033008244207174e-07,1.5278508297609721e-06,0.00016359462398286224,0.053547624908611986,3.10048497715739e-05,0.05003332689240586,5.944372875877892e-05,0.00019531795054346463,0.029475798303183448,0.7916989085206948,1.0208526810083499e-06,1.107127974815751e-07,2.4064786924489183e-05,0.0003937162281217507,0.0007608904516746859,0.012643475542934745,1.347525205571602e-06,0.03414410138334897,0.0026711323444440498,0.013904156424334258,9.381102151282242e-06,5.682652818609974e-07,0.010083862697157416,0.00014742842066824903,7.892332667261658e-06
13,4.843219188137438e-07,2.826413490234056e-06,0.0009483241733577085,0.012912152192749795,0.002086137842512024,0.04008512020029935,7.20586843397565e-05,5.1799846516498645e-05,0.13098603748130347,0.6098478999325141,7.672032855975374e-06,3.6553325385925655e-07,3.145180780862376e-05,0.006281990188748478,0.0010009087739430876,0.00553357000779766,6.235054759327732e-06,0.021259988171246174,0.00033460020479189243,0.14064492103171328,5.178510492436703e-05,1.0349670928557389e-06,0.02598038201501991,0.0017452938482058903,0.0001269601688369017
14,3.2791375200413117e-07,4.388141478591257e-07,0.001310319851548092,0.0069585521671444465,0.0002613245531103016,0.10305833967259796,5.941202651189635e-05,3.2760348023738596e-05,0.1490843523705665,0.5390066279827564,1.1317428140701733e-06,2.4228100223842517e-07,1.0152017304603067e-05,0.0014923058316350143,0.001170525605387881,0.016631027629414756,2.401489606915718e-06,0.007076677899984746,8.374906010943387e-05,0.13059056288624946,6.130972468810111e-06,2.4558834381474145e-07,0.04118565562839966,0.0017884900868228146,0.00018824558029653245
15,2.748410998890477e-07,1.7806289172203125e-06,0.0006224071228265152,0.0127407482742953,0.000991477395273766,0.0476614388221699,4.647023191094547e-05,2.936099004220671e-05,0.08740329572065056,0.6955861559961968,2.5021939215423766e-06,1.3717337079701348e-07,1.5774664251857652e-05,0.0023054070519013333,0.0005928533296528087,0.00608323998762879,4.741177824961552e-06,0.016988660042708943,0.0002652900284920393,0.09388989485810138,2.5258969558817307e-05,4.014054490502738e-07,0.03321872632543642,0.0014620730998771575,6.162966844100828e-05
16,2.3774923534310787e-07,1.5102138374587262e-06,0.0006853581189650767,0.011130306361019941,0.0009289753720287075,0.047589957991201574,4.0044816150543596e-05,2.2948266138438772e-05,0.08105419047037805,0.7055006554351412,1.9823167197405396e-06,1.029509860911755e-07,1.2980631579098278e-05,0.0018662869014531992,0.00048214244969704075,0.005948262564625704,4.8076357262435446e-06,0.014095751684658408,0.00021394197350984675,0.0912443885027851,2.3266847645992836e-05,2.806511301049718e-07,0.03740031773740344,0.0016937381376779742,5.756422030573575e-05
17,5.097304976097358e-07,2.6121234271386516e-06,0.0009136693375765847,0.014679574463952206,0.001993658283529421,0.04345451989321444,7.532520278189435e-05,3.448104521110775e-05,0.12158753181449226,0.5996529279080162,4.586356234324195e-06,2.389291753716074e-07,2.7700998054159198e-05,0.004156346023951795,0.000523990484320644,0.005511539939953538,7.26952573366126e-06,0.0277661431157268,0.00026725465261700696,0.13070253286392794,4.806070748636884e-05,5.873467701649806e-07,0.04597794298398858,0.0025308074058286627,8.018886353231152e-05
18,3.887712386649436e-07,1.77563161914847e-06,0.0004609642411884111,0.02568305685140226,0.0013074007656448685,0.07574654187287788,4.210798760746322e-05,4.370650151716246e-05,0.08059237787337054,0.6736808391383223,2.7448229653997853e-06,1.1374266269334225e-07,1.7321381715273643e-05,0.0011540440535659606,0.0006742188682868661,0.0057090083567893244,4.3428546579660535e-06,0.018746766268773255,0.00025499771444744936,0.08647293732378038,1.4840482616798424e-05,4.714388579169916e-07,0.02839199805768607,0.0009700562034172909,2.6978794988583032e-05
19,1.763004438026667e-07,1.822888518406102e-06,0.0004249671446616543,0.014115183648152922,0.0008840729829155629,0.04457378495934529,3.362601897191247e-05,2.2454810061899712e-05,0.08697793184089073,0.7307411472514557,1.5459564682519732e-06,1.145774118611108e-07,1.1929696016383309e-05,0.0018835065782451753,0.0006149185222665161,0.005113079182257199,3.3490366358936634e-06,0.010098825123358093,0.00019686431297501355,0.07911292244385042,1.2830598560774717e-05,3.6074588816257835e-07,0.023968091940082113,0.001155280064696217,5.1213375869949815e-05
20,2.411769864589343e-07,1.8391154128367297e-06,0.00045663673528573357,0.011774624836251423,0.0008979146125079963,0.0465957342346498,4.24696535249863e-05,3.302740615881736e-05,0.09954483266660777,0.7025016494528495,2.515735766600766e-06,1.2472441520538296e-07,1.7000528477909207e-05,0.00258542827805866,0.0006582722380624139,0.004607213003247624,3.324861170098988e-06,0.014973180814179879,0.0002757091449655681,0.09174799321745188,2.2083248136551317e-05,6.030899942772355e-07,0.02221564000067981,0.0009897400187125587,5.2201206445713664e-05
21,3.76655774108796e-07,2.0669636725963796e-06,0.0010126398329479921,0.013440987912185693,0.0009660818885125653,0.031143048869411518,4.727497016604083e-05,3.483997430792822e-05,0.07135879082114854,0.6821848805458433,2.674867087988545e-06,1.998401677840497e-07,2.269590872918015e-05,0.0031113930443918015,0.00043330488069768646,0.008369714511839344,6.396235053899702e-06,0.024563623878220746,0.00021956614405296352,0.1270020779418456,3.25463630549748e-05,3.6843509379035916e-07,0.03399814775668912,0.0019785470953837744,6.775466372098943e-05
22,3.315066582582592e-07,1.9071336805942797e-06,0.0007707428898720793,0.012025148902394495,0.0007600661049297862,0.04056322364561117,3.553106371089703e-05,3.356006621963737e-05,0.05195071313602287,0.7396034715594033,2.5396975451195836e-06,1.1023748130030837e-07,1.669333513238119e-05,0.0021925841831671325,0.0003986156364754661,0.005801614775659685,7.09009034176892e-06,0.021452571548386524,0.00024316163911229785,0.0902377504271023,3.073684647357912e-05,3.978556636706129e-07,0.032707137611939184,0.0011203903222750363,4.390978474141771e-05
23,2.748410998890477e-07,1.7806289172203125e-06,0.0006224071228265152,0.0127407482742953,0.000991477395273766,0.0476614388221699,4.647023191094547e-05,2.936099004220671e-05,0.08740329572065056,0.6955861559961968,2.5021939215423766e-06,1.3717337079701348e-07,1.5774664251857652e-05,0.0023054070519013333,0.0005928533296528087,0.00608323998762879,4.741177824961552e-06,0.016988660042708943,0.0002652900284920393,0.09388989485810138,2.5258969558817307e-05,4.014054490502738e-07,0.03321872632543642,0.0014620730998771575,6.162966844100828e-05
24,2.0042612556489858e-07,2.1995955057164545e-06,0.0004479201333983157,0.015370907663631495,0.0008773431146543713,0.03674112372018221,3.690263348495649e-05,2.7663926026211603e-05,0.07561981653825747,0.7397124311577055,1.8291600739543318e-06,1.1272360822154368e-07,1.3339347544294373e-05,0.0023762820723936674,0.0005126957169720632,0.005284590752852378,4.372669295183836e-06,0.016696669817130468,0.00028238396067046834,0.07555744765513844,2.230400017803349e-05,3.7224571611748817e-07,0.029265818393028217,0.0010994611336701378,4.5811442756758664e-05
25,4.5951726619951094e-07,2.2940759668509666e-06,0.000813584387646301,0.017340761505581087,0.001725991517560041,0.04795274516036798,0.00010256681158865677,7.403396902649429e-05,0.09597120801867172,0.58318950711612,5.438242905380506e-06,2.825076874510578e-07,3.1159803725412874e-05,0.0036494450869358655,0.0005991855097047024,0.008712279801289477,7.498158248553123e-06,0.039236923890554325,0.0003697461168160474,0.16380988544347577,5.1835045544393765e-05,7.116471960155524e-07,0.03475655084230947,0.0015327297726460884,6.317605116559553e-05
26,3.7163199651497315e-07,1.6146486225940015e-06,0.000932672994794214,0.01258776881452286,0.0012026992913576787,0.0431548070120516,4.0056539425562565e-05,1.84409664959439e-05,0.10213496785697415,0.6445937814347513,2.096133185250212e-06,1.1736060525343261e-07,1.6080440208307278e-05,0.0022298769419666917,0.0003644045055771639,0.005694411957342502,5.334254396201391e-06,0.01992420323909455,0.00016384622765206394,0.10869019509016592,2.600840883643255e-05,2.43159182107908e-07,0.055088432088574134,0.0030671186907778036,6.045031144295851e-05
27,2.441083161126269e-07,1.585552697888306e-06,0.00040018362556964163,0.012633969104788319,0.0009287129828923756,0.0609412394546528,4.4458630651876573e-05,2.9748211590514106e-05,0.12576355739934092,0.6706901825875785,2.289018240293862e-06,1.334700954095397e-07,1.449085440040217e-05,0.001948886889407677,0.0007551421254136697,0.004993844584206141,2.662577474292973e-06,0.012977427611149329,0.00026874759896660375,0.0818851982275174,1.5461778818290322e-05,5.476868656805705e-07,0.024441474495538115,0.0012013337550034555,5.847766882438018e-05
28,2.748410998890477e-07,1.7806289172203125e-06,0.0006224071228265152,0.0127407482742953,0.000991477395273766,0.0476614388221699,4.647023191094547e-05,2.936099004220671e-05,0.08740329572065056,0.6955861559961968,2.5021939215423766e-06,1.3717337079701348e-07,1.5774664251857652e-05,0.0023054070519013333,0.0005928533296528087,0.00608323998762879,4.741177824961552e-06,0.016988660042708943,0.0002652900284920393,0.09388989485810138,2.5258969558817307e-05,4.014054490502738e-07,0.03321872632543642,0.0014620730998771575,6.162966844100828e-05
29,2.748410998890477e-07,1.7806289172203125e-06,0.0006224071228265152,0.0127407482742953,0.000991477395273766,0.0476614388221699,4.647023191094547e-05,2.936099004220671e-05,0.08740329572065056,0.6955861559961968,2.5021939215423766e-06,1.3717337079701348e-07,1.5774664251857652e-05,0.0023054070519013333,0.0005928533296528087,0.00608323998762879,4.741177824961552e-06,0.016988660042708943,0.0002652900284920393,0.09388989485810138,2.5258969558817307e-05,4.014054490502738e-07,0.03321872632543642,0.0014620730998771575,6.162966844100828e-05
30,2.748410998890477e-07,1.7806289172203125e-06,0.0006224071228265152,0.0127407482742953,0.000991477395273766,0.0476614388221699,4.647023191094547e-05,2.936099004220671e-05,0.08740329572065056,0.6955861559961968,2.5021939215423766e-06,1.3717337079701348e-07,1.5774664251857652e-05,0.0023054070519013333,0.0005928533296528087,0.00608323998762879,4.741177824961552e-06,0.016988660042708943,0.0002652900284920393,0.09388989485810138,2.5258969558817307e-05,4.014054490502738e-07,0.03321872632543642,0.0014620730998771575,6.162966844100828e-05
31,3.7736442860679694e-07,1.7786390237926704e-06,0.0009377185841731222,0.011703042950006976,0.0007130189777052007,0.038975509028900665,4.5286846717350964e-05,4.1403978956135e-05,0.06663197686479348,0.7252651522949897,2.398764718011149e-06,1.3956958824429443e-07,1.8163969826976917e-05,0.0023395899610610662,0.00039603061356773196,0.0069835644528043065,5.522709487003858e-06,0.022342338390475096,0.0002384070266116798,0.09045488435980394,3.085502004072882e-05,3.6873106235440264e-07,0.031523104329709034,0.0012966009533844128,5.2765618164390045e-05
32,2.661145798479002e-07,1.795914276827618e-06,0.0005798797035558598,0.01280743318935955,0.0009905568203865723,0.04857001691476925,4.8293497268927e-05,2.9736490296718137e-05,0.08709473526300907,0.6955778436468573,2.5163969134050997e-06,1.361587318256332e-07,1.573252818307888e-05,0.0021849805237225007,0.0006357960661641433,0.006436067354895626,4.79835476709399e-06,0.01701149224442842,0.0003036099577594026,0.09255544879494158,2.628829095927146e-05,4.138963243030945e-07,0.03358969717492414,0.001470365541416867,6.209916150835362e-05
33,7.09769510955479e-07,2.8381441648763963e-06,0.0008577105590606721,0.024343204403031546,0.0016158863865340324,0.05108435952278718,8.74563091862259e-05,7.284968192096713e-05,0.07119530891688337,0.6111293043235605,6.101550751971731e-06,3.763569014553632e-07,3.7319446317770786e-05,0.002840335581619293,0.0006480020100600658,0.010977100107850616,1.1257359877111697e-05,0.042984265795617135,0.0004360998683626592,0.13627043521795104,4.873353833051431e-05,7.675065326700235e-07,0.04337744736406759,0.0019090231805364683,6.310709858322144e-05
34,5.240681670116978e-07,1.8019529079021604e-06,0.0007692051836600951,0.014541878999582876,0.0013271343871644988,0.057030500568289684,6.088333471410018e-05,3.800174199180819e-05,0.10562352559986068,0.6495667671125387,4.0304579690002584e-06,1.6779696312919373e-07,2.2407431940271495e-05,0.002339145516577232,0.000721790197080408,0.006087420015546839,5.195307242922234e-06,0.0246265907213815,0.00034181000455747404,0.0978620696091136,3.3983690039937485e-05,5.393865974375879e-07,0.037277710501265375,0.0016543328131984917,6.2583601649198e-05
35,4.230240142492591e-07,1.4012181868980802e-06,0.0005924828013678796,0.012313473083883308,0.0006535032918623671,0.05871733653437368,5.291142949266135e-05,4.473649660160151e-05,0.0881893914214762,0.6999675482569204,2.6465650309179993e-06,1.405893655758289e-07,1.7750534993114345e-05,0.0016814369504840419,0.00044769988886945425,0.006630416567622612,3.830105549701162e-06,0.027714522616698573,0.00034534169276497574,0.0712522230666248,2.4937404599607295e-05,4.7431452380059607e-07,0.030097338357233598,0.0012045376247428014,4.3496162717171454e-05
36,1.5674594851611077e-07,1.432194527788455e-06,0.00040799201985295075,0.010625916690748272,0.00037346365649051927,0.0339782858579846,2.961974761271672e-05,3.446229549941105e-05,0.05513665528280589,0.7745809835764087,1.2997442034140974e-06,9.977050266727201e-08,1.297758937017831e-05,0.001830059511184341,0.0004281129134468178,0.006555700938513668,3.116594255772089e-06,0.014743834399377393,0.00023212961669570928,0.08247776641130809,1.3453723929499685e-05,3.737969152888695e-07,0.017865164525855834,0.0006302110145116966,3.6731382050366974e-05
37,2.5791106531205934e-07,1.7460113772322587e-06,0.0005900964128763776,0.012632899311084685,0.0009481593697394105,0.04838579559755357,4.4790792726882065e-05,2.9000737682910525e-05,0.08532671402440925,0.7017290479303159,2.4130128083890544e-06,1.306413441154825e-07,1.5000521037256743e-05,0.002216475981359646,0.000607103768345515,0.006028085412448442,4.607438008591293e-06,0.016197062705420862,0.00026864343249626834,0.09109288264696695,2.4164757413797477e-05,3.9676707232613007e-07,0.03241736385174062,0.0013768741282614014,6.028683644450955e-05
38,3.064924950303375e-07,1.2120659635309295e-06,0.0005383915859971771,0.011827264826551961,0.0005632200685328333,0.06913922098133453,5.6326649310181315e-05,3.565646891758503e-05,0.060694614588668705,0.683485829556623,2.1489217957063855e-06,1.1579659925642814e-07,1.7399126732230217e-05,0.0011126879805693607,0.0006145705636155376,0.010048558893320486,4.671039718576964e-06,0.021482099905522682,0.00034381877566344316,0.10385632736690577,2.1258795515577032e-05,3.6346871398452217e-07,0.0349341820036314,0.0011763398219537683,4.341425534760912e-05
39,3.581405850168663e-07,1.51818358456416e-06,0.0007386655453129347,0.01244568183875585,0.0007653318720025278,0.0682111132399797,7.554975473190449e-05,6.126137420740283e-05,0.06852869545758758,0.6636198268518745,3.248986662319105e-06,1.8689776588859016e-07,1.9768981075500852e-05,0.0017382617036099586,0.0006177635254868185,0.011055300805078766,6.3429653496363145e-06,0.02304892807171628,0.0003637698377396417,0.11197144361993584,3.4202567628003244e-05,5.086593596801034e-07,0.03530055966580714,0.00132953333068613,6.21781234764265e-05
40,3.96991977407098e-07,1.9786657677589646e-06,0.0008420142997983003,0.01252575764394452,0.0012334840477104122,0.054305727226558076,5.16926628702514e-05,3.1138915215429036e-05,0.0989240527441939,0.6705652292694239,3.4679853607619903e-06,1.8759729756830286e-07,1.880453615100272e-05,0.002739172326033176,0.0007149750837888868,0.005597030393779406,5.448596780075093e-06,0.015505024610690863,0.00022482526544729425,0.10109778039431751,2.6481871267335506e-05,5.003481844763569e-07,0.033833867569981885,0.0016692847625800538,8.167619087964085e-05
41,2.5882532788841367e-07,1.7246231145289314e-06,0.0005134701734539257,0.015524546669327814,0.0011382181922270388,0.056737637901553506,4.109559131372471e-05,2.7379997011927742e-05,0.0981215460734102,0.6900592754181101,2.3682530332667176e-06,1.3055765339395953e-07,1.3471564288116448e-05,0.0019232235520154745,0.0007884486658341829,0.005531207566984974,3.956066703930645e-06,0.01312819692871925,0.0002471607203941287,0.08443062035258914,1.7075701922982986e-05,4.1146261764802957e-07,0.030379581306729075,0.0013095300064929038,5.9463829170967086e-05
42,2.7179029566228827e-07,1.773324613155765e-06,0.0006120127700204275,0.012694782224313129,0.0009793668948146087,0.04803187195270258,4.6198519100567084e-05,2.966953624039103e-05,0.08642353873589531,0.6971494451862502,2.494485332708919e-06,1.3635908124515522e-07,1.5799160194927963e-05,0.002253760532263297,0.0005985252941974103,0.0061416738088845525,4.709533515507236e-06,0.016719577673800702,0.0002679910685534718,0.09396853555286472,2.4910832308180683e-05,4.0746732382407736e-07,0.032533439702949474,0.0014380480668481602,6.10595276359244e-05
43,3.810684913003256e-07,2.1420210691620464e-06,0.0008005706505313099,0.015231396135819492,0.0013571632225135278,0.04605881094536824,5.932326698394705e-05,3.302483724030094e-05,0.09869992848255524,0.6493948645519462,3.357721014410184e-06,2.0605839258585023e-07,2.032737525344948e-05,0.002994987079328546,0.000613412247574108,0.006820577560582712,6.120061780546196e-06,0.02197950839663043,0.0002650198823084588,0.11217785920228956,3.161984833594523e-05,4.338960828193429e-07,0.04139396160882578,0.0019786527820330984,7.635109704902038e-05
44,2.748410998890477e-07,1.7806289172203125e-06,0.0006224071228265152,0.0127407482742953,0.000991477395273766,0.0476614388221699,4.647023191094547e-05,2.936099004220671e-05,0.08740329572065056,0.6955861559961968,2.5021939215423766e-06,1.3717337079701348e-07,1.5774664251857652e-05,0.0023054070519013333,0.0005928533296528087,0.00608323998762879,4.741177824961552e-06,0.016988660042708943,0.0002652900284920393,0.09388989485810138,2.5258969558817307e-05,4.014054490502738e-07,0.03321872632543642,0.0014620730998771575,6.162966844100828e-05
45,2.4473745915327585e-07,2.3960190837543424e-06,0.0017128893410424493,0.00504241780870207,0.0004964396171348266,0.011554533104963075,1.3772300876642561e-05,9.283135715493376e-06,0.04100350654951735,0.7818332153315342,1.4772179003075925e-06,7.513632542319367e-08,1.1735261546590584e-05,0.0063277054781464585,9.938968718248995e-05,0.003042247663744941,8.996300805504452e-06,0.020770646831415433,9.669307100683987e-05,0.07351057096176855,6.0419581638857356e-05,1.4356317355577378e-07,0.05158606058775352,0.0027449802247892312,7.016048677354094e-05
46,7.02783368556323e-07,3.0302796223920344e-06,0.0009626783085673958,0.026625153284091745,0.0015885952584507382,0.06972197586426249,6.0540012836037524e-05,5.006091864236203e-05,0.0509224221240054,0.6419661179994627,5.04425387083029e-06,3.265655729751632e-07,2.592458501658447e-05,0.0018573857792748582,0.0008760144230481918,0.010683164524167475,1.7113383780275416e-05,0.021001040337489455,0.0002963982646979428,0.1153505035936946,2.9294663341482828e-05,6.311889089194409e-07,0.05593183759827044,0.0019463940675275339,7.76499380286298e-05
47,3.74023020684807e-07,2.1221278554220684e-06,0.0006052606529241464,0.012619502213053913,0.0008542211575523891,0.0509955000804518,4.597396383557195e-05,3.3443398658051725e-05,0.0833795781180233,0.6817377205831544,2.7749408826222107e-06,2.1584948119537992e-07,2.4686342219910915e-05,0.0017876199449803904,0.0005847835529807877,0.007903705096885065,4.382836248684916e-06,0.015788506458120723,0.00023750168937544048,0.11760237332265916,1.6099894263109106e-05,5.96552088555404e-07,0.024061934722970947,0.0016462730096659002,6.484946864790786e-05
48,1.9372531257376878e-07,2.5831051424653943e-06,0.0003937082858706259,0.014972211766707533,0.0005324362009311439,0.04071993899710961,3.0756579957075096e-05,3.4014896593331375e-05,0.040450596543947774,0.803469549912409,1.5932088505418323e-06,9.261438694800709e-08,1.1045453077036023e-05,0.0017054187004784376,0.0004502093637566446,0.004941740731078047,6.405776734526179e-06,0.013570785841334808,0.00030567619490003465,0.05045251758951475,2.0481993896887452e-05,4.178354580520264e-07,0.027316648825839323,0.0005766544067368545,3.4321449975925165e-05
49,3.454437841937913e-07,1.7365077345672983e-06,0.0007703710826406593,0.012161643976410511,0.0009544716813037105,0.05414142378499726,4.7490814284669614e-05,3.1810487964575324e-05,0.08915180086222668,0.6735863143433366,2.7292445926038096e-06,1.5878471455810286e-07,1.8181062313346124e-05,0.002225075234025813,0.000530719065326971,0.006159850899928332,4.80479176869085e-06,0.016940223448454805,0.00019722402655269122,0.10871205629848196,2.2323584935315668e-05,4.1809704591430144e-07,0.032690040573402274,0.001587341535972648,6.144436780070843e-05
50,1.466137464682674e-07,1.6980597673012434e-06,0.0003879366094504307,0.00909822598275826,0.0005712669408529056,0.03709730129894031,3.843548854929004e-05,2.9646002972518997e-05,0.07634271288958155,0.7710873650012755,1.532713727782754e-06,9.640202748350133e-08,1.2713843748454392e-05,0.0020610955522502496,0.0004733372028085496,0.004765379233090569,2.710752266688989e-06,0.011330672370921686,0.00026655092922016934,0.0688361743456867,1.7967673149056037e-05,4.257203847217451e-07,0.016804857746689647,0.0007268704088719129,4.4880217261756536e-05
51,1.3377615893537121e-07,4.190664721371479e-06,0.0002781825527100803,0.019123341569403412,0.00048599495542198996,0.02049474461461702,1.538014886631945e-05,3.559106863381184e-05,0.051555097805384545,0.8389064468814112,1.15156180401531e-06,1.0957029102021879e-07,1.0903592474559858e-05,0.002800397039493744,0.00047726468106896737,0.003077141113413407,2.419208493332439e-06,0.009150479184938325,0.00018861771043132922,0.043870646238929535,9.338873667583807e-06,5.307121825081591e-07,0.009153765553229514,0.0003301356673220607,2.7995254931587486e-05
52,1.9719364167801975e-06,1.6000980939286108e-05,0.007891510354139547,0.016249934264705657,0.05387528503367605,0.04824685246279722,0.0009053270694943028,3.825755180935285e-05,0.21988656428105702,0.13775974754055245,4.480678318413898e-05,7.011835147275126e-06,4.060467195056276e-05,0.017820523080234015,0.0010523459590136826,0.009283031988308618,0.00016196467104453717,0.00774712010486644,0.00015516495584537833,0.1277983030394676,0.0005707565045125377,7.220376822377401e-07,0.3051528726825963,0.04250129141940889,0.002792028791150141
53,2.69386082890705e-07,1.7953663356351626e-06,0.0006172088065181763,0.012594608491749962,0.0009705994286364025,0.04558268960008328,4.266838782550468e-05,2.8324425276254898e-05,0.08372457024914298,0.706395155261602,2.4262634872422855e-06,1.297043305677061e-07,1.550049818265781e-05,0.002265224474316012,0.0005748231583362985,0.005893944349018717,4.712544396796097e-06,0.016460280082809444,0.00026099299261878197,0.09123780278544119,2.4796783072679733e-05,3.972700459172843e-07,0.031809809874127966,0.0014319391752533875,5.933064130921631e-05
54,1.1251833176111712e-07,1.7337883739244864e-06,0.0004934376789490608,0.008107152934154727,0.0006394101296686706,0.029421683763286115,3.119906256439335e-05,1.786710563908083e-05,0.09374996820296055,0.7444515900358127,1.2820014177886253e-06,1.3207427381956487e-07,1.056867609465625e-05,0.002675389396115736,0.0005899322873781355,0.005850953565178464,2.4772994800147746e-06,0.0074107370481800855,0.00017943654337878993,0.08611593510553807,1.319816975507656e-05,2.9300821948194735e-07,0.01880787763336285,0.0013355942109698614,9.203776091614673e-05
55,4.341674159180227e-07,1.948770356558307e-06,0.0006838847328565178,0.017201736035480357,0.002082845752032994,0.05815469498508512,0.00010488953583208818,3.256246098744625e-05,0.1924304212193027,0.4985864801204479,3.978916457729427e-06,3.7403986501118726e-07,2.490151207972965e-05,0.0029062842877314904,0.0007258318631955883,0.008503163906364249,4.30897143487441e-06,0.024607474639631394,0.0002704867067037934,0.14125784446423184,2.6317588610108644e-05,4.548807858516583e-07,0.048490850271943844,0.003792826603025631,0.00010500356814117129
56,2.952301753210834e-07,1.852626993286234e-06,0.0006375392526154034,0.012821959824185405,0.0010204859107363568,0.04808050103688146,4.89182930781683e-05,3.0773169769572354e-05,0.08954517022937314,0.6894187065501642,2.6688230863107737e-06,1.4785564977225134e-07,1.6983676983794198e-05,0.0023795735647944454,0.0006024797862211737,0.006151674837835086,4.8684244620468145e-06,0.017547045926212673,0.00027145455300219684,0.09665553122779198,2.629275033868579e-05,4.327875075829192e-07,0.033169377973649244,0.001502024410907063,6.324127758545336e-05
57,2.2153386217877184e-07,2.0544347093239687e-06,0.0005722948882078346,0.01048652381128178,0.000903813085007822,0.03435186773538643,4.7709612216262786e-05,3.0115539880124346e-05,0.0734468749999076,0.7217138418448547,2.4415896607775574e-06,1.3952524492800349e-07,1.899782800268352e-05,0.0022417123806636914,0.0005769061004613044,0.007783091415025209,4.811143333981253e-06,0.016346218899767073,0.0003765005557474319,0.10374438763016297,3.266763331645064e-05,4.335321371161985e-07,0.025709715839601566,0.0015420508128023713,6.460762875852127e-05
58,2.889567763079932e-07,1.909709814983764e-06,0.0006496882057866305,0.012782783302933776,0.0012265722046977325,0.04705267220706504,5.149040772701569e-05,2.6505525070266767e-05,0.10115930365299705,0.6613251627063667,2.7237651553380597e-06,1.5882048886283232e-07,1.7915887170833755e-05,0.0024153813433292885,0.0006321756484082706,0.006658470379089286,4.933898028244822e-06,0.0167829726194376,0.0002717491666590291,0.11000515474426663,2.7658399573642377e-05,4.13324936931058e-07,0.03676145215956582,0.0020691196444072016,7.334332024766745e-05
59,2.650765370871858e-07,1.8164954432395358e-06,0.000700666415816789,0.011642463278946753,0.001074909386997741,0.042450411430454256,4.433075468744596e-05,2.4700675006537292e-05,0.09007553181144295,0.6871550855888796,2.3690812245109514e-06,1.3638086370868914e-07,1.63452837644663e-05,0.002420942366363289,0.0005429351147488398,0.006281505209726381,4.857965310086341e-06,0.01564446841557281,0.00023524548713073934,0.10495172002930456,2.7046062446359642e-05,3.6037090480790917e-07,0.0347095748079289,0.0019237619056031152,6.855060489487047e-05
60,2.748410998890477e-07,1.7806289172203125e-06,0.0006224071228265152,0.0127407482742953,0.000991477395273766,0.0476614388221699,4.647023191094547e-05,2.936099004220671e-05,0.08740329572065056,0.6955861559961968,2.5021939215423766e-06,1.3717337079701348e-07,1.5774664251857652e-05,0.0023054070519013333,0.0005928533296528087,0.00608323998762879,4.741177824961552e-06,0.016988660042708943,0.0002652900284920393,0.09388989485810138,2.5258969558817307e-05,4.014054490502738e-07,0.03321872632543642,0.0014620730998771575,6.162966844100828e-05
61,2.85261086390703e-07,1.826057023085938e-06,0.0007439695500874296,0.011414251444690236,0.0011143566898382622,0.04312123329481891,4.638960933059287e-05,2.556282565512643e-05,0.09588848584413431,0.683179420248779,2.5059089483360106e-06,1.4362279424938461e-07,1.6614841240613367e-05,0.002521612823139561,0.0005226773716796101,0.006073622011040779,4.837543129981373e-06,0.016112075566531558,0.00023303093474567478,0.10173434501957913,2.8349812559545307e-05,3.670510730856268e-07,0.035133159759312714,0.0020098874981931323,7.0989410588896e-05
62,2.748410998890477e-07,1.7806289172203125e-06,0.0006224071228265152,0.0127407482742953,0.000991477395273766,0.0476614388221699,4.647023191094547e-05,2.936099004220671e-05,0.08740329572065056,0.6955861559961968,2.5021939215423766e-06,1.3717337079701348e-07,1.5774664251857652e-05,0.0023054070519013333,0.0005928533296528087,0.00608323998762879,4.741177824961552e-06,0.016988660042708943,0.0002652900284920393,0.09388989485810138,2.5258969558817307e-05,4.014054490502738e-07,0.03321872632543642,0.0014620730998771575,6.162966844100828e-05
63,2.564736724295826e-07,1.9223200854035296e-06,0.0005912601170949261,0.012668842918053482,0.0009509247365333326,0.04529317385115077,4.368345031916274e-05,2.854811471148606e-05,0.0834119391166196,0.7094391026708818,2.388178312940764e-06,1.362625233217232e-07,1.521816404091843e-05,0.00229577632848607,0.000593479656424018,0.006026567229249427,4.797607831590524e-06,0.015877557723086074,0.0002729006173202205,0.08910088474568799,2.466317133463052e-05,4.055183793070211e-07,0.03187501261243621,0.001418439530439328,6.211888532545789e-05
64,3.037318060090047e-07,1.919812193185523e-06,0.0007480994369976561,0.011669736529293727,0.0011101088361288587,0.042975027536408035,5.451245266580004e-05,3.046470803781909e-05,0.08630732097347638,0.6878770935361311,2.821965750314335e-06,1.436411566644787e-07,1.7859950729704225e-05,0.0026503193500455576,0.0005394773245783728,0.006403759784377467,5.743057630717391e-06,0.019518547213929965,0.0002965053828975866,0.10069296259861975,3.7275436342278707e-05,4.0234633354853545e-07,0.03724203783698074,0.0017501378891042567,6.741866838437822e-05
65,3.8533177851171554e-07,1.6850451624976351e-06,0.0005437418121243358,0.01845268704668135,0.0012655958134049632,0.08154678978591785,6.638188508444722e-05,3.7899249728033924e-05,0.08191115000013266,0.6405430719901689,3.6835531884555206e-06,1.538182851478613e-07,1.6546957831413838e-05,0.0016220724597044921,0.0008882080616002566,0.007674013033475598,6.829511861921666e-06,0.023168446626081415,0.00042736868395270016,0.08948768749126881,3.039730452697471e-05,4.6266427909381906e-07,0.0507844426417473,0.0014628187491665904,5.7480482846239105e-05
66,3.031623941643988e-07,1.6659170712035975e-06,0.0008065240440844818,0.010785066352433145,0.0009358496514552333,0.03543646463433549,4.8494608698981526e-05,3.7635707234659414e-05,0.07526618208298809,0.684612297464776,2.615875494594122e-06,1.4934369497109068e-07,2.4096784850491565e-05,0.002417896387334956,0.0004465785345243553,0.0070408755334349545,4.128427558645889e-06,0.019118728531659395,0.00020271167605737507,0.14087429487873898,2.4620632573133124e-05,4.335562980296853e-07,0.02057503631443554,0.001286305572509853,5.1044325363247766e-05
67,2.498355031049854e-07,1.7372958730991541e-06,0.0002170002019822726,0.012346773462775606,0.001341258061422801,0.07945812198913342,5.628101986575827e-05,3.3226873332876926e-05,0.2632566829930746,0.5879371507626907,3.4047989804379733e-06,2.378761076899184e-07,1.049433086548924e-05,0.001949475134247037,0.0011425062406492062,0.0025035642120405173,1.2712334828757509e-06,0.00763691892330989,0.00037902656227162604,0.028777769636665305,9.49202663533396e-06,9.814630425452125e-07,0.012010907433960433,0.0008473433610395566,7.81242710477994e-05
68,8.785715920640215e-07,2.427075277043237e-06,0.00047514597704768706,0.022406368185091566,0.0010557251360644633,0.08709371287014185,8.732184091112678e-05,0.0001384417058883114,0.04555618291984475,0.6938308095538007,7.821320572538768e-06,1.6169946901583267e-07,2.6362778215645218e-05,0.0011226209661019603,0.0009322029633306233,0.009314695302826666,1.1475948969765471e-05,0.05143499450214998,0.0017491629082637323,0.04941191508017559,8.0804040660592e-05,1.2939759410788756e-06,0.03456785322912702,0.0006588496750147917,3.277177352127986e-05
69,5.63977477123937e-07,2.255267713113496e-06,0.0003852173245308126,0.028944743856671198,0.002858583635036147,0.1158745589462616,5.096844604372809e-05,2.4384825914749192e-05,0.13559382447796467,0.6005175811424397,5.0702291564611845e-06,1.961193801096884e-07,1.344323267076622e-05,0.0012551821903871488,0.001682825421595016,0.004154470250698465,6.043115071574986e-06,0.011912981598255956,0.0004331984307184292,0.046709931103382084,1.544623512398222e-05,6.751777129664907e-07,0.04769609563687048,0.0017885502349060398,7.320912401771375e-05
70,3.140659261306249e-07,2.0065966792945374e-06,0.0006585922970821245,0.016774914269584038,0.0015317927629747822,0.0532233373429829,5.1138347778996455e-05,3.0224591706107486e-05,0.1174787447141381,0.6470625879309524,2.8775393389208186e-06,1.610786373782298e-07,1.6310209966243514e-05,0.0027964685313249184,0.0007401345739372001,0.004947143168545487,4.61776536670578e-06,0.014913162858119684,0.00020648987396954037,0.10204529694851433,2.1749021828054732e-05,4.4183842495252925e-07,0.035907472928469436,0.0015169614419146972,6.705930183764134e-05
71,5.795018675014559e-08,1.7837083343473035e-06,0.0005340821500963686,0.0058948208295263975,0.001241730739658345,0.012642555470815678,6.226483896027625e-05,1.5813464938108344e-05,0.13861192284676307,0.5871278442875045,1.0366241926070908e-06,9.011085452546045e-08,1.4466767757731365e-05,0.006155245064281001,0.00023212288159362153,0.005271305617885853,2.181621709255222e-06,0.015049900717833648,0.00015996352151500642,0.20209352096474947,4.009459184624953e-05,1.8404108770491307e-07,0.022601360260365543,0.0021754197733315377,7.023115421236225e-05
72,3.278019905213805e-07,1.9792515242420818e-06,0.0007085098473394107,0.013730425472614445,0.0012577812842814906,0.044424767320321995,4.367783869265686e-05,2.6585187003988504e-05,0.10029351962685755,0.679682294097895,2.8973315625593e-06,1.4745376323930802e-07,1.6112988209215288e-05,0.002876040963486274,0.0005642297276916232,0.005299976359982817,5.289469590438785e-06,0.018778230160630273,0.0002575797624408735,0.08995675921422472,3.042150308035044e-05,4.0722986970525035e-07,0.040071874601146674,0.0018998446083418647,7.032089745796452e-05
