,0,1,2,3,4,5,6,7,8,9,10,11,12,13,14,15,16,17,18,19,20,21,22,23,24
0,2.8285137907532205e-08,2.0407167471195598e-07,4.310151017365898e-05,0.01634866982898252,8.147309062878346e-07,0.05145376993088511,1.1229722705369491e-05,9.043160335460094e-05,0.00864299836759338,0.8856461030712537,8.597602491838176e-08,1.3481609177677546e-08,1.8713344311670288e-06,8.008785866748715e-05,0.0002421866379167657,0.011091975501112643,3.3803207392503623e-07,0.012887886949833496,0.0018338118516555224,0.002338714695854188,1.922244498089817e-06,6.137126568969786e-08,0.009256317724572184,2.4945857684685768e-05,2.429360132815111e-06
1,5.7213962851702706e-08,4.4618860252217767e-07,8.53586846552922e-05,0.037386357621847686,1.233035700268525e-06,0.03956452669661133,1.9868101210233215e-05,0.00016689979194188073,0.005211277370553433,0.8535967420763305,1.0365959564694296e-07,3.305491650014317e-08,3.989399143692644e-06,7.283295262325755e-05,0.0002332277501487049,0.02993825119596422,1.044962777649578e-06,0.01869417311549923,0.0021781111131552815,0.00310372327228119,2.7184931172548127e-06,7.169162437562727e-08,0.00969941130917673,3.701346430150231e-05,2.5277842589879835e-06
2,6.257985609800628e-08,5.294961919577855e-07,8.740262043457026e-05,0.04495442978599121,1.9329499410621455e-06,0.04215398805668204,2.102328492299663e-05,0.00018653919462436236,0.006428717310819843,0.8456632041732556,1.4689286291991245e-07,4.204418974873255e-08,4.376435535138135e-06,0.00011451654961150267,0.00032063523629665395,0.023929559552409364,1.051150527761989e-06,0.019618301356909503,0.0019076881518065797,0.0040267970492264965,2.8569578102006583e-06,9.3519946447556e-08,0.01053556806556755,3.735299595123376e-05,3.1845886292830853e-06
3,8.019698584354768e-08,5.492682828284428e-07,9.200357577796816e-05,0.05209714318300679,1.713371987873816e-06,0.04789520005205287,2.2408134971765653e-05,0.00018872640152854304,0.005568793340508033,0.8267170235652129,1.4778547452292606e-07,4.1831950506826086e-08,4.685389882701385e-06,8.66874244270525e-05,0.0002964106298945282,0.026866757302412662,1.3471931509243176e-06,0.022107698209526527,0.0022350821270460865,0.0033579033728057964,2.978135599211013e-06,9.088033740329623e-08,0.012413993717558502,3.978200135820618e-05,2.752908260046568e-06
4,8.389183913861623e-08,6.072259762269199e-07,9.651052645588722e-05,0.052978026557098455,1.7766059224598023e-06,0.04166451073522599,2.2545007089987914e-05,0.00019348860201960286,0.0057040641962398065,0.8334901910982174,1.5464228702065262e-07,4.3326230989251765e-08,5.468540667226104e-06,9.996609465357937e-05,0.0002809020932388158,0.024876906233664862,1.3123019473887418e-06,0.023129914069860216,0.0022122224635967684,0.003631118468830881,3.1883463300067138e-06,9.970919863178405e-08,0.011562808936394688,4.135704717436796e-05,2.7332798396151094e-06
5,8.048186473615e-08,5.359424505273308e-07,9.055449021975795e-05,0.05813467993946978,1.7990183710892706e-06,0.04316126410477467,2.1085066181451143e-05,0.00018743560838057474,0.005299035930516228,0.8214093025147174,1.4530705664802275e-07,3.707631965434459e-08,4.744946372720945e-06,8.912229460096135e-05,0.00024568642966164015,0.024208478424732817,1.3105920229171038e-06,0.027564550538132563,0.002120749383263219,0.003587950460268496,3.0757965952455463e-06,7.803291399559107e-08,0.013824311262970564,4.1737812671677224e-05,2.2485454703744903e-06
6,8.019698584354768e-08,5.492682828284428e-07,9.200357577796816e-05,0.05209714318300679,1.713371987873816e-06,0.04789520005205287,2.2408134971765653e-05,0.00018872640152854304,0.005568793340508033,0.8267170235652129,1.4778547452292606e-07,4.1831950506826086e-08,4.685389882701385e-06,8.66874244270525e-05,0.0002964106298945282,0.026866757302412662,1.3471931509243176e-06,0.022107698209526527,0.0022350821270460865,0.0033579033728057964,2.978135599211013e-06,9.088033740329623e-08,0.012413993717558502,3.978200135820618e-05,2.752908260046568e-06
7,1.9188322289679162e-07,7.077744692434286e-07,0.00013183948746636496,0.07011635270964059,2.0132127055706735e-06,0.05233132495570731,3.301796069132952e-05,0.0003044951628710362,0.005418856817668299,0.7942203598045139,3.1219898914169214e-07,5.6662288377937724e-08,1.2221661736145496e-05,8.213049006056353e-05,0.0003567492366421756,0.026916542152953866,1.7215530093212435e-06,0.0321861582064036,0.0033822714355916973,0.004255686044333374,4.134746679893977e-06,1.7747316703518984e-07,0.01019896061246743,4.141696563356962e-05,2.3007910872450365e-06
8,7.967703110097212e-08,5.36954361341837e-07,0.00013764532060163006,0.04868750368305291,1.5684162588414582e-06,0.03252026805871243,1.0829610108117377e-05,0.00010536398373966917,0.004782827186572504,0.8570586297729762,9.419601667785636e-08,3.4961661050152854e-08,3.667605546997523e-06,8.991496005065938e-05,0.00021635846212403863,0.02382944280766774,1.3620780949847048e-06,0.014431090576051958,0.0010177075742485789,0.0032573521853525474,2.0518737164731494e-06,5.288578757500563e-08,0.013780318933033258,6.209052540776142e-05,3.207711824869927e-06
9,2.6138890040418915e-08,3.7755995671679083e-07,8.667904805738537e-05,0.027420291802781507,7.409078515438801e-07,0.016511132157850564,5.6735778218637924e-06,7.451876252236537e-05,0.0032462859372215476,0.9144728573449926,4.044443374789492e-08,1.6134646302051888e-08,2.146025340545338e-06,8.332156878324453e-05,0.00011626086133342578,0.017698917616920884,6.587140862714866e-07,0.009563529119893624,0.0007257477865950443,0.0027539984562209305,1.4168419669914782e-06,2.9763446951173037e-08,0.007198695040753396,3.463337449191919e-05,2.005013140680488e-06
10,8.019698584354768e-08,5.492682828284428e-07,9.200357577796816e-05,0.05209714318300679,1.713371987873816e-06,0.04789520005205287,2.2408134971765653e-05,0.00018872640152854304,0.005568793340508033,0.8267170235652129,1.4778547452292606e-07,4.1831950506826086e-08,4.685389882701385e-06,8.66874244270525e-05,0.0002964106298945282,0.026866757302412662,1.3471931509243176e-06,0.022107698209526527,0.0022350821270460865,0.0033579033728057964,2.978135599211013e-06,9.088033740329623e-08,0.012413993717558502,3.978200135820618e-05,2.752908260046568e-06
11,9.226320703403497e-08,6.019768474963714e-07,9.975111749728133e-05,0.05537618699337706,1.8886250895484495e-06,0.04712613564016999,2.5233232837570703e-05,0.00020020195671483412,0.005874909479143733,0.8198984396021831,1.6691224270849611e-07,4.754103283194439e-08,5.725410992427903e-06,9.196810079875358e-05,0.0003133948776321944,0.028479302580965878,1.4415592276102554e-06,0.02376129981939653,0.0024188696310024483,0.003751029831039734,3.2938442898476112e-06,1.0344968398794343e-07,0.012521427471273239,4.5562257957682506e-05,2.925825396398055e-06
12,7.969525233629376e-08,4.553044043102067e-07,0.00014673339278623533,0.0253891930971475,5.39490006986585e-06,0.050694444411614234,1.3848497344636462e-05,9.898979954673157e-05,0.007419486993249641,0.8545364272150598,1.8384125301955527e-07,3.949481487962037e-08,2.965371701078632e-06,0.00018080667079544124,0.00021786834384159224,0.016101386432203206,1.6799617118903603e-06,0.01905635418816017,0.0005700724197023401,0.006832696438089234,3.282075786421407e-06,7.18448654356639e-08,0.018654011586079388,6.84934749210911e-05,5.0345495995766455e-06
13,1.514657758263895e-07,8.56105733866902e-07,0.00012269096665637374,0.05482801971612259,2.9012868761607765e-06,0.03933876324572455,2.800773794921915e-05,0.00039847921486430086,0.007443810122298236,0.8274731688207813,4.479815675898697e-07,9.651471735910078e-08,8.90495355731649e-06,0.0002293562525123076,0.000605562951321265,0.02445891655623631,1.4356535913227286e-06,0.02897587358151768,0.0026716087983063076,0.005135039541497609,4.537668275743722e-06,2.596470539899598e-07,0.00822883300155636,3.702614043509414e-05,5.252075071272555e-06
14,1.4490883004469976e-07,2.3545714233828633e-07,0.0002504994636352287,0.019583316442632327,8.362066668094114e-07,0.13835087989312125,6.559179527499239e-05,0.00036146829466693575,0.012579027779338713,0.631306455991915,1.4960205186339222e-07,1.6175620471217856e-07,3.2967680738735794e-06,8.235667692414023e-05,0.0010910228522179684,0.15854188860380897,2.3481676860273334e-06,0.00917200766296856,0.0014096240105992228,0.004730461983191018,2.2256786891785645e-06,1.1159625748629522e-07,0.02237710363707735,6.799003197566416e-05,2.0794739050267647e-05
15,8.019698584354768e-08,5.492682828284428e-07,9.200357577796816e-05,0.05209714318300679,1.713371987873816e-06,0.04789520005205287,2.2408134971765653e-05,0.00018872640152854304,0.005568793340508033,0.8267170235652129,1.4778547452292606e-07,4.1831950506826086e-08,4.685389882701385e-06,8.66874244270525e-05,0.0002964106298945282,0.026866757302412662,1.3471931509243176e-06,0.022107698209526527,0.0022350821270460865,0.0033579033728057964,2.978135599211013e-06,9.088033740329623e-08,0.012413993717558502,3.978200135820618e-05,2.752908260046568e-06
16,8.333092757563987e-08,5.860514478674557e-07,8.858129874362122e-05,0.05469755521947347,1.7975146900467527e-06,0.04758064158983075,2.3524733109518984e-05,0.0002079429100244171,0.005845772500875431,0.8241990064478715,1.6615008734864378e-07,4.726946234881571e-08,4.992033085937061e-06,9.730602626378545e-05,0.000328853072951577,0.026229189449114027,1.3272899377215787e-06,0.02301462934680802,0.002428511120865568,0.003371539314221217,3.086402020021489e-06,1.0518727422929317e-07,0.011834291944862088,3.754995306728598e-05,2.913842984775903e-06
17,1.6388010560309584e-07,8.066551455156716e-07,0.0001364915744346329,0.0709739894355351,3.1924475143241586e-06,0.04767311360165614,3.453981953490266e-05,0.0002466394144371418,0.007815816896492533,0.7838995418109806,2.693103301198289e-07,7.205736295969788e-08,8.720357746936539e-06,0.00015647875443248566,0.00027450588182566574,0.024123794248751915,1.9097479311953555e-06,0.03996991983154147,0.0022342482898387137,0.004853214553973854,4.957868514214992e-06,1.4151030755233198e-07,0.017518171049674167,6.595422693942674e-05,3.346774993045412e-06
18,1.3372381392979182e-07,5.733746171056685e-07,6.95757925447478e-05,0.14042030686398532,2.5338282571278026e-06,0.0678431300758177,2.2558810302165626e-05,0.00028069211258475047,0.004945411009907561,0.7227465238355216,2.0542655985158407e-07,2.9444941881265583e-08,5.966091996755355e-06,4.309902043127694e-05,0.00029359124153507775,0.016736227957019168,1.2575974240150963e-06,0.029304363974224305,0.0026681432721002074,0.002494523992974114,2.1333061163866863e-06,1.0004759893165008e-07,0.012089129879868864,2.884044034708475e-05,9.488795100160338e-07
19,5.0688029184891665e-08,5.932740426829364e-07,6.380231255133695e-05,0.05896034757920901,1.713153911472846e-06,0.04276765632422547,1.765080373727527e-05,0.0001441959265042679,0.005810717341458969,0.8423797502489783,9.920251468626465e-08,3.589278438943346e-08,3.6995579704596606e-06,7.467570552976868e-05,0.0003003733971575222,0.022009805576977595,1.01999061618431e-06,0.013448079855019422,0.0018126321466180766,0.002838299726987778,1.731674067125415e-06,8.237197698203933e-08,0.009325898686147997,3.472764674850734e-05,2.3609162356120493e-06
20,6.572437656853317e-08,5.694697823606542e-07,6.64309880505367e-05,0.05334691635981014,1.6487533425904488e-06,0.044154512073350805,2.0812224105687194e-05,0.00021272125137317032,0.0062510928915597485,0.8433992054273111,1.6689907396323845e-07,3.497293650610226e-08,5.482780498743595e-06,0.00010235796695485486,0.00034723586263276767,0.01784397451879985,9.103347649052973e-07,0.019559229428278868,0.0025830908844352196,0.003496781684994966,2.7609228217272182e-06,1.3495108316225717e-07,0.008573402329387062,2.8183678764173663e-05,2.2776215104368813e-06
21,1.111539184081743e-07,6.208584325731002e-07,0.00015646642788482066,0.05260531750569729,1.767288157651183e-06,0.0310161369139729,2.2196753552013583e-05,0.00022112400689161066,0.004878952537702199,0.8252153760707756,1.5849584859030515e-07,6.002609392166956e-08,6.426617403136174e-06,0.00012162779109336435,0.00020367688016023405,0.03465006702605776,1.720561357930295e-06,0.03185777536495967,0.001726250259464967,0.0044417556600762674,3.83054698655352e-06,7.910860616897067e-08,0.012809876866863771,5.55534825367743e-05,3.0717955055172585e-06
22,8.46604598783479e-08,4.902673339337686e-07,0.00010437356912633265,0.042356933948126604,1.248722938358396e-06,0.03829150265451919,1.4187624342842315e-05,0.00022158296630720356,0.0028266149272992607,0.8502406612264354,1.423326296622964e-07,2.8885052228783067e-08,3.929694508682015e-06,7.932644345513988e-05,0.00016814773357124024,0.022010529148857344,1.8330902505655642e-06,0.02727929870234811,0.0017014777286292766,0.00297701318691999,3.4428103869603156e-06,7.639466355265897e-08,0.01169091469331773,2.4462947423384338e-05,1.6956410970437956e-06
23,8.019698584354768e-08,5.492682828284428e-07,9.200357577796816e-05,0.05209714318300679,1.713371987873816e-06,0.04789520005205287,2.2408134971765653e-05,0.00018872640152854304,0.005568793340508033,0.8267170235652129,1.4778547452292606e-07,4.1831950506826086e-08,4.685389882701385e-06,8.66874244270525e-05,0.0002964106298945282,0.026866757302412662,1.3471931509243176e-06,0.022107698209526527,0.0022350821270460865,0.0033579033728057964,2.978135599211013e-06,9.088033740329623e-08,0.012413993717558502,3.978200135820618e-05,2.752908260046568e-06
24,5.459297102631625e-08,6.441068819162223e-07,5.998020379402815e-05,0.06905814806071917,1.3965574180421056e-06,0.0335575826267666,1.6791924195194125e-05,0.00016784560186463717,0.004410176580861934,0.8361495026792612,1.0540072635679095e-07,2.9523918345910578e-08,4.039646912753043e-06,8.291228064151089e-05,0.00024924473015510795,0.01963003958020645,1.0978483454950588e-06,0.021216624317953556,0.0024607398248509757,0.002537364860457567,2.3936032310150096e-06,7.948231343454174e-08,0.010363285104070807,2.8156683867282982e-05,1.7641776155401154e-06
25,1.3400674038674503e-07,5.837157624407809e-07,0.00011821603195149488,0.07360099262443712,2.9600217408226347e-06,0.05054348390294817,3.940382336957662e-05,0.0005188861020236783,0.005948167875690304,0.7609227442375223,3.130290212303398e-07,6.910015736133911e-08,7.442091746334371e-06,0.00013955379524734348,0.00026266760665870885,0.02957215627273521,1.730395151675942e-06,0.05632448032301326,0.0025730262269836853,0.005402869749932765,5.3800356669783185e-06,1.359961893073499e-07,0.01397671187543386,3.552455965922421e-05,2.3666002168879136e-06
26,1.1677355374880172e-07,5.071060515744128e-07,0.00014515774476147014,0.053347364607271616,2.145991511686072e-06,0.044697971871712164,1.9512135331002845e-05,0.00012905001229483065,0.006706797021718465,0.8103742053313964,1.2943456568374025e-07,3.622246229365999e-08,4.923420639352152e-06,8.937318802452112e-05,0.0001699830039499304,0.025458608353384014,1.5244482621000112e-06,0.030932898566348465,0.0013788956911956558,0.004156686004151461,3.285156472919704e-06,5.447935912283967e-08,0.022291385536562035,8.678911537230368e-05,2.5987836474240997e-06
27,7.625446717893115e-08,5.613453759366485e-07,6.614259399129931e-05,0.05606587763265781,1.972109154712538e-06,0.06359270344461919,2.5813747282163353e-05,0.00020426122518028245,0.00897729519068254,0.814375737305048,1.714227515843685e-07,4.60024007664532e-08,4.93009773835137e-06,8.506195874577607e-05,0.0004140838786758001,0.022170654822430864,9.220131442323975e-07,0.017552153159496552,0.002763831657628787,0.0030899606904335616,2.4108550697832116e-06,1.3795278715046398e-07,0.010562525868467636,3.9634488793707245e-05,3.0342829764318275e-06
28,8.019698584354768e-08,5.492682828284428e-07,9.200357577796816e-05,0.05209714318300679,1.713371987873816e-06,0.04789520005205287,2.2408134971765653e-05,0.00018872640152854304,0.005568793340508033,0.8267170235652129,1.4778547452292606e-07,4.1831950506826086e-08,4.685389882701385e-06,8.66874244270525e-05,0.0002964106298945282,0.026866757302412662,1.3471931509243176e-06,0.022107698209526527,0.0022350821270460865,0.0033579033728057964,2.978135599211013e-06,9.088033740329623e-08,0.012413993717558502,3.978200135820618e-05,2.752908260046568e-06
29,8.019698584354768e-08,5.492682828284428e-07,9.200357577796816e-05,0.05209714318300679,1.713371987873816e-06,0.04789520005205287,2.2408134971765653e-05,0.00018872640152854304,0.005568793340508033,0.8267170235652129,1.4778547452292606e-07,4.1831950506826086e-08,4.685389882701385e-06,8.66874244270525e-05,0.0002964106298945282,0.026866757302412662,1.3471931509243176e-06,0.022107698209526527,0.0022350821270460865,0.0033579033728057964,2.978135599211013e-06,9.088033740329623e-08,0.012413993717558502,3.978200135820618e-05,2.752908260046568e-06
30,8.019698584354768e-08,5.492682828284428e-07,9.200357577796816e-05,0.05209714318300679,1.713371987873816e-06,0.04789520005205287,2.2408134971765653e-05,0.00018872640152854304,0.005568793340508033,0.8267170235652129,1.4778547452292606e-07,4.1831950506826086e-08,4.685389882701385e-06,8.66874244270525e-05,0.0002964106298945282,0.026866757302412662,1.3471931509243176e-06,0.022107698209526527,0.0022350821270460865,0.0033579033728057964,2.978135599211013e-06,9.088033740329623e-08,0.012413993717558502,3.978200135820618e-05,2.752908260046568e-06
31,1.1568792092789456e-07,5.715656647007025e-07,0.0001448146441632224,0.047566974192846376,1.374650239769096e-06,0.03953394746877685,2.3838282988664035e-05,0.00029080181930953665,0.004130811709353594,0.8261114449856793,1.5803530582788671e-07,4.764813743170521e-08,5.583613564890978e-06,9.088045021291309e-05,0.00019320884458041792,0.03327931467852636,1.8560466842200323e-06,0.03072701017118668,0.002055796916130662,0.0033751798297600106,4.156073969770709e-06,8.703893681456274e-08,0.012423361173071783,3.62184957139343e-05,2.445977275477903e-06
32,7.890123563865512e-08,5.611738776350446e-07,8.528262056817703e-05,0.05369724231266796,1.6951792253013326e-06,0.049080133368416566,2.389211225282643e-05,0.00019073489263123376,0.005591241385413827,0.8220884506578604,1.4918423527083796e-07,4.18857710820168e-08,4.8079678744783675e-06,8.13589005673285e-05,0.0003275611673504237,0.028448548802951914,1.3637491581915768e-06,0.02199785138987987,0.0026371098839786523,0.0032812569075982047,3.0664070614617245e-06,9.642139557753824e-08,0.012414662492097484,4.003006374833543e-05,2.7821721822118526e-06
33,2.2009030422846416e-07,9.418612480286668e-07,0.00012223061971351016,0.12440170604937822,2.5431081838360304e-06,0.049612440186646976,4.534953348164948e-05,0.0003992282178767345,0.004633478817493158,0.7008601154670575,3.249715766031877e-07,1.0087661934788021e-07,1.274320362334986e-05,8.96717162001395e-05,0.0003614525334143024,0.045194673056294564,3.0406162532991514e-06,0.050390373387019356,0.004457078823051356,0.00414802958328473,5.078711107816617e-06,1.818357868982544e-07,0.015200674781144884,5.5717581006491855e-05,2.6043722328473075e-06
34,1.5999295921374353e-07,6.079161738235524e-07,0.00011736242913096681,0.06917465442937387,2.3592717511844593e-06,0.0580212383410592,3.146682549248342e-05,0.00025344990581230694,0.006993974586356219,0.783298638053074,2.574022253161983e-07,5.4258175138337297e-08,7.632562746963207e-06,8.957693833574045e-05,0.0003938442929529569,0.027678380208200064,1.5666564940358618e-06,0.03249841725380022,0.003223017112546587,0.00370942498674988,4.057245455863288e-06,1.3204101946615873e-07,0.014447238775890056,4.9618666083459735e-05,2.869848141005712e-06
35,1.2585580416319065e-07,5.132532188731749e-07,9.664849587718251e-05,0.050949953930757554,1.4613235227556632e-06,0.060880284554713886,3.167225590554333e-05,0.00029099843169003777,0.006279802454969766,0.7946459044289983,1.8657856894409502e-07,5.2840824575419286e-08,5.794926797696725e-06,6.731093762484245e-05,0.00024299189480059605,0.0344722622965658,1.5178972334788037e-06,0.033185458237806484,0.0034548111611524125,0.002668238151524961,3.820415324515909e-06,1.1895903680939778e-07,0.012676134589202682,4.1528424164081584e-05,2.4077039140779006e-06
36,5.2674775514826617e-08,5.519577755423066e-07,6.478703815160205e-05,0.038923634334316545,7.745720093216677e-07,0.03298580748944167,1.8793663061690824e-05,0.00023603198698134658,0.004128102819424856,0.863291831413496,9.172979964373767e-08,3.7347505320575496e-08,3.955611447456494e-06,7.626176347331439e-05,0.0002161723981974127,0.030427720161200364,1.2273523230338862e-06,0.017996873416179886,0.0023504677092428317,0.0024150548328438436,2.106334556897254e-06,1.0112008644101751e-07,0.006838487411310466,1.908253424743135e-05,1.9923281515494293e-06
37,7.488810509365516e-08,5.350262949973041e-07,8.662445293743792e-05,0.05126295361332874,1.6374135307925653e-06,0.04841875232432804,2.1614744053461354e-05,0.00018645749255825968,0.005399718819847257,0.8290579177091154,1.423684449767592e-07,3.960763408222807e-08,4.422938227196996e-06,8.310722084783816e-05,0.0003016666213091111,0.026447972888107126,1.3056937980061084e-06,0.02112206326962914,0.0022609807100947817,0.0032372051370344436,2.858766987565646e-06,8.944462566693872e-08,0.012062160414955145,3.7025359636617563e-05,2.673074568948772e-06
38,8.696514423100037e-08,4.370299268005917e-07,8.491942613174203e-05,0.045793867004736276,1.1712512552046474e-06,0.07283532685427978,3.482454497247383e-05,0.00022392149128018166,0.004330728166849644,0.7822427781245047,1.4464037937668627e-07,4.026310356608592e-08,5.141509925126462e-06,4.411506411620794e-05,0.0003648326578329002,0.04933410057258926,1.9080086529166525e-06,0.023149072438307414,0.0038900429654993057,0.0032505315584541463,3.4962551656245904e-06,9.42438102660918e-08,0.014369592436912729,3.63338814711288e-05,2.4926446990216782e-06
39,1.1928232375984605e-07,5.1219091977873e-07,0.00011956986891083488,0.04863752814599194,1.5907893560219432e-06,0.07731246773542433,4.502667337671238e-05,0.00044167171132132485,0.004885708294481391,0.7607137112912501,2.2380512507873954e-07,7.353851178485908e-08,6.050772396573169e-06,6.952855865403059e-05,0.0003309649945058742,0.05630372646530402,2.2933985609672043e-06,0.029865516980979688,0.0032781853814032877,0.003924760191578801,4.7785371479389295e-06,1.343408184587054e-07,0.01401412327851655,3.839923365838006e-05,3.334539482472638e-06
40,1.1610419923231607e-07,6.315431348839535e-07,0.00012551180780346425,0.04925340690325004,2.182389838348158e-06,0.05781536713062814,2.6257085791455984e-05,0.00021159263439630605,0.006370872732114813,0.8185819748681185,2.0814282002621484e-07,6.083931627047116e-08,5.5614349058162676e-06,0.00010431487987020808,0.0003918341648596913,0.02857845459631046,1.7268613678557822e-06,0.020058791443236215,0.002075756321615022,0.0036932194146081635,3.4116770119271835e-06,1.2493063758226085e-07,0.012649757401915008,4.486546717225216e-05,3.999225078206855e-06
41,8.162820893345622e-08,5.603795229414167e-07,6.0557731297292894e-05,0.09634708167616184,3.0370092077650973e-06,0.0771177694101047,2.030781556320556e-05,0.0001856452078830784,0.008322915350331502,0.7691182349953967,1.732878124860639e-07,4.361110475464976e-08,3.548756750092784e-06,6.324615326255355e-05,0.0006002730013348953,0.01880181144012527,9.705886985345652e-07,0.013694529584275712,0.00215260804256866,0.0024795336567027455,1.4099509731140273e-06,1.0835019955357527e-07,0.010990127208778495,3.285501832483901e-05,2.5701454105422103e-06
42,8.023963912818231e-08,5.537740108271553e-07,9.085115866528327e-05,0.05221837518430674,1.7003068595570127e-06,0.048498433709358565,2.2707697199088638e-05,0.0001912584687298077,0.005549633841191088,0.8261173541263173,1.4851884529515803e-07,4.215165535463633e-08,4.753952272172406e-06,8.479951570084632e-05,0.0003019493102167667,0.02732310165629791,1.357017869119154e-06,0.02175280036739209,0.0022964922359947544,0.003341718183268768,2.9686042953518357e-06,9.373755137297959e-08,0.012156682276027701,3.9393921228494774e-05,2.750045106618211e-06
43,1.2126154570904658e-07,7.093145466113176e-07,0.00012019619114985891,0.06907806862625897,2.208019265659307e-06,0.04818901254225348,3.099025094146046e-05,0.00021785353455853307,0.006416283202734941,0.7910698360426662,1.9645205775324293e-07,6.521588092946036e-08,6.784184620365204e-06,0.00010935257887668307,0.00033181858271953967,0.03265610934951779,1.7859804070646696e-06,0.029942212968974258,0.002520265517802177,0.003994250374871713,3.710519273181454e-06,1.0877847614497833e-07,0.015249463645873712,5.5180756843644976e-05,3.416107883630238e-06
44,8.019698584354768e-08,5.492682828284428e-07,9.200357577796816e-05,0.05209714318300679,1.713371987873816e-06,0.04789520005205287,2.2408134971765653e-05,0.00018872640152854304,0.005568793340508033,0.8267170235652129,1.4778547452292606e-07,4.1831950506826086e-08,4.685389882701385e-06,8.66874244270525e-05,0.0002964106298945282,0.026866757302412662,1.3471931509243176e-06,0.022107698209526527,0.0022350821270460865,0.0033579033728057964,2.978135599211013e-06,9.088033740329623e-08,0.012413993717558502,3.978200135820618e-05,2.752908260046568e-06
45,6.065450864288011e-08,4.6047879187274703e-07,0.0001903236167118726,0.013151024041650979,5.687675108402345e-07,0.010954713168133718,3.4865016798221444e-06,6.199071025763696e-05,0.0020522478620927575,0.9208417717994665,6.44738327648532e-08,1.8076880457867377e-08,2.0302489631062212e-06,0.00020845464673477,3.38148363146594e-05,0.009859646773601112,1.3066540295638865e-06,0.026909880573153844,0.00041160008998747844,0.002139242275196122,3.854940858164259e-06,2.4468738421070972e-08,0.013134497000454838,3.669282465670915e-05,2.2245157934447284e-06
46,2.6074338681174306e-07,1.2451484391349563e-06,0.00014219538246506398,0.11952114021927683,2.601206060953466e-06,0.07996379840606863,4.4677761258419386e-05,0.00031434480919767445,0.0033347101040520064,0.6783966778492003,2.9807884718882035e-07,1.3276694423216484e-07,1.0251959977487264e-05,5.63060477276758e-05,0.0005899518401745704,0.06831390698262285,6.89591136888832e-06,0.024099741707182955,0.0037867517944496763,0.003421480528879798,3.8456259508594195e-06,2.1431289512074723e-07,0.01793050072156665,5.403505057356606e-05,4.035041432613652e-06
47,1.4235663761541138e-07,1.0706929244996467e-06,0.00010561073746125084,0.05398764512444604,1.7896681325619454e-06,0.05648074620524144,3.6567362885540896e-05,0.00023064652890528604,0.00688911480926361,0.7956441707253824,2.0982384553535884e-07,1.0334746258147934e-07,9.739662444777795e-06,7.537930297388888e-05,0.0004201712216323514,0.05157655919142595,2.293473066755959e-06,0.017807300022277664,0.003328260438215269,0.0037457975473506253,2.8889942792544964e-06,2.1973979691863734e-07,0.009586645240797881,6.231344456192315e-05,4.614338588227862e-06
48,5.529980638688412e-08,9.178742959267252e-07,5.2885114234963515e-05,0.0618871449213717,9.126719922054665e-07,0.038019079534399335,1.708976075845765e-05,0.00020024759512302,0.0024486376098837434,0.8439783052267046,9.271850947972586e-08,2.9781052633862327e-08,3.645619108029088e-06,5.563654011209572e-05,0.00024159949291960574,0.024032189456488388,2.041296388566813e-06,0.015356595174970351,0.0029465902420667675,0.001693288557165795,2.3786292135966783e-06,1.0391797730394449e-07,0.009042956555484984,1.6028025833924975e-05,1.5483841381863478e-06
49,1.0933930155929439e-07,5.67994512276115e-07,0.0001237923597647011,0.04931490340530178,1.8849145612920874e-06,0.05780062601246942,2.4654418729786702e-05,0.00021949074722913274,0.006021989158855987,0.8144717502000318,1.7916512810231464e-07,5.354492428055239e-08,5.362700383286806e-06,9.075431528097244e-05,0.0002637667649579656,0.028742484140327876,1.6150549116388621e-06,0.023525579213679676,0.0017310847529571102,0.0038963719793951484,3.116286634773824e-06,9.891657446359949e-08,0.013710013529188644,4.674662791748016e-05,3.004456980720816e-06
50,3.419709433836254e-08,4.80953638514692e-07,5.184719009641424e-05,0.034460313940357326,9.525679462171334e-07,0.03366469193488357,1.598075314613645e-05,0.00017726798242289385,0.004362579149073986,0.8847107659865647,8.397710843482348e-08,2.5443215433904152e-08,3.186488338243911e-06,7.525895702090133e-05,0.000230294783843835,0.019169360128273197,7.587364082011553e-07,0.01247427836832089,0.0021423743178708853,0.0023210164957073232,2.0562893906327852e-06,8.626384807282502e-08,0.0061162362542869055,1.812293835236837e-05,1.9459027907035956e-06
51,3.964783646041137e-08,1.5560090546068644e-06,3.6965959700666446e-05,0.09916418847489333,9.564835772074645e-07,0.014269592596528182,7.292051947057734e-06,0.0002070630126131156,0.003038619619396271,0.8558911666614466,9.243547599365619e-08,2.793309416166233e-08,3.837740129643647e-06,0.00011040074402334683,0.0002474363203399703,0.008871088665208525,6.755543542311897e-07,0.011399672000963668,0.0019151348206993195,0.001401976861220534,1.1579987637521547e-06,1.1529538836126085e-07,0.0034191347521580146,1.0675619644316992e-05,1.132741542598678e-06
52,2.181255974764618e-06,1.1942249207552887e-05,0.0021050915339090224,0.15787378976405197,9.487160457770916e-05,0.14651447237722928,0.0011070132414158934,0.0006739148037202261,0.03259891558069024,0.3411372835877708,3.251151450729393e-06,6.1392109024110214e-06,2.9678318519588674e-05,0.0009940195174546,0.0013021648229250467,0.12689618749977427,7.875291686159e-05,0.02337034876418937,0.002648803842178044,0.006427241326383179,7.732220090924215e-05,6.187440248613052e-07,0.15449190370342744,0.0013473259421205668,0.00020676604033168213
53,7.768986402682324e-08,5.48119770459523e-07,9.020850142836307e-05,0.05127449971891259,1.660287072067665e-06,0.04516518273776183,2.0323659970452557e-05,0.00018109721391634188,0.005277168118120172,0.8335634252066959,1.4233065390675945e-07,3.904190167844187e-08,4.582882749380468e-06,8.453362702586726e-05,0.0002831997146901936,0.02554620669911376,1.311140278302313e-06,0.021332606981485397,0.002170794386234003,0.003248915953724713,2.8765523744162637e-06,8.883806640117522e-08,0.011709469569040813,3.844075443430709e-05,2.600274714535796e-06
54,3.5942106304007866e-08,6.390922656030763e-07,7.294600188361227e-05,0.025734947549703614,1.0309523914796633e-06,0.02882031568842352,1.5295928030690206e-05,0.00013121361469665597,0.005985772393911934,0.8870155417155569,8.089950908687863e-08,5.099561703221564e-08,2.842210997348578e-06,0.00011443207168594421,0.0003384512804877322,0.0322420209695319,9.085562907329521e-07,0.008665805632213452,0.0015078584631596928,0.0028075968557528283,1.7180406840404368e-06,8.352100648655754e-08,0.006501317103673087,3.375339823056219e-05,5.341122189738757e-06
55,1.9157230174120483e-07,8.394278251299254e-07,0.00012484599594461348,0.1019165781029016,4.350885961438782e-06,0.07845264217530995,7.718859999119114e-05,0.0002599349903957259,0.01694600145924295,0.6783048480389421,2.9490629844086493e-07,1.638975392735327e-07,1.0533361558259966e-05,0.0001237799978904456,0.0004972566040982205,0.05138299290127007,1.718500569489056e-06,0.04026165706952313,0.0035219365669358323,0.005289754356367813,3.949179238778286e-06,1.5529678372081106e-07,0.022669926096325448,0.00014236939782230566,6.090618962485119e-06
56,8.647322598165684e-08,5.806064239812099e-07,9.497355738555062e-05,0.05361868667386017,1.7836802772453055e-06,0.048202149222342075,2.3925781887979515e-05,0.00019592618947042077,0.005769241684189258,0.8231171071961666,1.5841941280196706e-07,4.502868990067038e-08,5.1740511280639975e-06,8.95784598017147e-05,0.0003060297832735212,0.027348489546346076,1.3921062690988131e-06,0.02283404244052664,0.0023382033976064513,0.0035066125469194773,3.118650930358205e-06,9.862069215342737e-08,0.012497678809554246,4.20679351533352e-05,2.849138466962816e-06
57,7.824666852148242e-08,7.193027028408168e-07,8.614645678649372e-05,0.049718437415823304,1.4013144010684376e-06,0.03628105931226452,2.673654215889898e-05,0.00019600969329694996,0.004862919644590934,0.8335292592041516,1.4449503576053404e-07,4.765691317335426e-08,6.8402788141517764e-06,7.938001147291581e-05,0.0003243631341811288,0.03695112440687873,1.4651781987747885e-06,0.021660393883904096,0.0037771538406328412,0.0033670333270162875,3.74413089691341e-06,1.2099047866741052e-07,0.009079378516841636,4.3110792717341624e-05,2.932223172611046e-06
58,9.110192477315524e-08,6.160035843235646e-07,9.921126233101437e-05,0.05651165299566566,2.0989372031811425e-06,0.048926310827197755,2.585639500879883e-05,0.00017340338808027194,0.006708537762295259,0.8130718343138027,1.635642392999742e-07,4.961411931583991e-08,5.780041570454111e-06,9.226180511284022e-05,0.0003316706848511675,0.030232265311535025,1.4049285314084003e-06,0.023196625142810973,0.0024258074270249105,0.004044068510231177,3.2696085300905654e-06,9.915345905179024e-08,0.01408428855631445,5.931207783732196e-05,3.3205867387817373e-06
59,7.847811571597825e-08,5.55709372073365e-07,0.00010344411738425974,0.04768050864411396,1.8205828003457435e-06,0.04297052867555461,2.118130626304504e-05,0.00016156251317110242,0.005837510209546584,0.8350926628710691,1.3767824543945778e-07,4.1344906581523185e-08,4.9063221148532005e-06,9.13821996694966e-05,0.00026712328428800055,0.027864515971548418,1.3086259319444087e-06,0.021285194449110884,0.0019560688080978612,0.0038330191063740303,3.099671733480987e-06,8.16663101330223e-08,0.012768307196909622,5.1959670286924125e-05,3.000897081532193e-06
60,8.019698584354768e-08,5.492682828284428e-07,9.200357577796816e-05,0.05209714318300679,1.713371987873816e-06,0.04789520005205287,2.2408134971765653e-05,0.00018872640152854304,0.005568793340508033,0.8267170235652129,1.4778547452292606e-07,4.1831950506826086e-08,4.685389882701385e-06,8.66874244270525e-05,0.0002964106298945282,0.026866757302412662,1.3471931509243176e-06,0.022107698209526527,0.0022350821270460865,0.0033579033728057964,2.978135599211013e-06,9.088033740329623e-08,0.012413993717558502,3.978200135820618e-05,2.752908260046568e-06
61,8.444182222661335e-08,5.551770305351015e-07,0.00010907331102821165,0.04670780175939639,1.8535967784579239e-06,0.04424997647872485,2.1753303312338184e-05,0.00016959094164268506,0.006108202624454265,0.8341565367749437,1.441855832503267e-07,4.3814148267947695e-08,4.921700189413558e-06,9.422518768370468e-05,0.00025928897490396766,0.02762262701520623,1.318519250249415e-06,0.02186896137486613,0.0019232308237472286,0.003721127650230251,3.203716712190345e-06,8.400508781986112e-08,0.012918957182946212,5.3326569866006594e-05,3.1108704452678204e-06
62,8.019698584354768e-08,5.492682828284428e-07,9.200357577796816e-05,0.05209714318300679,1.713371987873816e-06,0.04789520005205287,2.2408134971765653e-05,0.00018872640152854304,0.005568793340508033,0.8267170235652129,1.4778547452292606e-07,4.1831950506826086e-08,4.685389882701385e-06,8.66874244270525e-05,0.0002964106298945282,0.026866757302412662,1.3471931509243176e-06,0.022107698209526527,0.0022350821270460865,0.0033579033728057964,2.978135599211013e-06,9.088033740329623e-08,0.012413993717558502,3.978200135820618e-05,2.752908260046568e-06
63,7.47270382259644e-08,5.927122385865326e-07,8.668914878578554e-05,0.05122617542588647,1.6265801304097487e-06,0.04490275037932765,2.1120906361002318e-05,0.00018017619579017063,0.005292571357836596,0.8335137233363451,1.3907314558180283e-07,4.117262496279885e-08,4.546169527066505e-06,8.503224692276367e-05,0.0002931412295892673,0.02657487847361738,1.3445082489086972e-06,0.02060536181196701,0.0023038060056883125,0.0031577949878254163,2.8971866042470648e-06,9.146253189563925e-08,0.011704045027416636,3.8632775649799407e-05,2.7470989004854394e-06
64,8.845888016865524e-08,5.648155732338723e-07,0.00010641156659000744,0.04724132269821733,1.8045250878690493e-06,0.04420147658369447,2.5024635674672025e-05,0.00019973487786209445,0.005331869138751973,0.8282940227504165,1.575568820554459e-07,4.2841232411727907e-08,5.195341841092971e-06,9.522944204379663e-05,0.0002712974268091531,0.029114173178451875,1.5225004499973776e-06,0.02575248247358835,0.0023744551503007694,0.003678027837241885,3.973078449530969e-06,9.16245285953959e-08,0.01325402848127681,4.4112065041351456e-05,2.890951114096557e-06
65,1.1244250633484322e-07,5.416336166264134e-07,7.418414844588049e-05,0.08450406494597426,2.0762339076598785e-06,0.0843628717646147,3.513111892842756e-05,0.0002539512306654672,0.004962140322905259,0.7351537159854363,2.1757157765592832e-07,4.7427381925276164e-08,5.236250395555979e-06,5.5089876843074685e-05,0.0004897097282892071,0.035359498008166325,2.0136748288403325e-06,0.029636717339330577,0.004156237819248609,0.003036037117010592,3.4345644161614794e-06,1.1409400922782883e-07,0.017867750354423843,3.6682805952094083e-05,2.423541125221347e-06
66,9.378274441967838e-08,5.375917957431973e-07,0.00012726271667367088,0.04692855943117981,1.7496571183932884e-06,0.03653640774412553,2.3946038251431174e-05,0.000256043460167437,0.004993895954848628,0.8399520912956856,1.699259849717977e-07,4.649234174562423e-08,7.149051261125435e-06,9.808177198502018e-05,0.00022657468203371954,0.029856027365369183,1.3199341717735855e-06,0.02575135247279607,0.0018398591194989052,0.0048293592662204485,3.278664518302605e-06,1.0177466881402885e-07,0.008526703141720838,3.700430643815732e-05,2.384358400207927e-06
67,1.1556590538168906e-07,1.260304698117122e-06,3.324252021824809e-05,0.06182831708291348,2.8179282865102413e-06,0.10243339238987995,5.217709147555541e-05,0.00032497071032383106,0.019418941965487924,0.7606145056654922,3.247205964545492e-07,1.5121839002200442e-07,5.344249689669385e-06,7.616608819226353e-05,0.0013757758086428483,0.03127120645100519,1.0011747090143431e-06,0.00934862803270986,0.007311386421344635,0.0012400823739892352,1.6739119207707881e-06,5.969779877184916e-07,0.0046174234464193675,3.356556220454698e-05,6.9323375172498325e-06
68,2.789372742148153e-07,1.2248346171268356e-06,4.499919924439439e-05,0.09409998463139539,1.3209181366191128e-06,0.08193603144424008,5.397514825273659e-05,0.0011414706333655817,0.002278365749121064,0.6809011247952362,5.448739523051459e-07,6.452930749973465e-08,9.37717716958852e-06,2.9554406055653757e-05,0.0009030305761392548,0.06352655983608778,5.006102484714794e-06,0.04131260595615603,0.024530635879220802,0.0013305583239216498,7.5225151932835315e-06,6.014651833324195e-07,0.007870181400038928,1.326195396669851e-05,1.7187142390141622e-06
69,2.6389405260169795e-07,1.2670902675194894e-06,5.321317599870513e-05,0.1640213508224776,4.787335397547678e-06,0.13549319147598057,4.7045764548260294e-05,0.00018394993524748667,0.01000536852230818,0.6173298151032932,3.847161619901616e-07,1.0777010431814019e-07,7.801530645346917e-06,3.8036194487274734e-05,0.0015936255806266533,0.03466153427218727,2.802264859946318e-06,0.014046185647784405,0.0070678333170528275,0.0016578199415221448,1.793743175067066e-06,3.5446318515535174e-07,0.013716463854144935,6.052758605501466e-05,4.475998435824288e-06
70,9.875216609351476e-08,6.229776865322766e-07,9.755513552380637e-05,0.08134353383546522,2.5671232778997764e-06,0.05331548712983734,2.5002841419241684e-05,0.00021851748720070808,0.0072312908269393005,0.7941767178593846,1.8357838511126643e-07,4.7194852330828754e-08,5.321021982150714e-06,0.00010973340463527151,0.0003612708887171804,0.019994012251882083,1.2526982937520136e-06,0.023371894832352576,0.0018609118385597406,0.0037642298277942602,2.6196527443527073e-06,1.0218206574955e-07,0.014073946334401665,4.042579974550571e-05,2.6545246874553438e-06
71,1.5817637007204875e-08,3.9780960105666457e-07,7.501045728218052e-05,0.019030815105273595,1.6565629823350125e-06,0.014208657165103751,1.7572899011670897e-05,0.00012024802170609492,0.008460198837935598,0.8993176696730726,4.449670529040623e-08,2.0490091687542552e-08,2.4494381059654455e-06,0.0002530045647863739,8.30485138071687e-05,0.018758395790756895,4.110984903990767e-07,0.0238689846164157,0.0007951940705901474,0.006345437102647532,3.5434008871963255e-06,3.114989434680501e-08,0.008616710295916019,3.804839586261548e-05,2.4342254369654476e-06
72,9.409407373423818e-08,5.610870979057201e-07,0.00010201513927693451,0.056423390355502014,2.068291786990996e-06,0.04329314358530668,1.902927798407072e-05,0.00017082333000285923,0.006143646710944897,0.825676241164551,1.6446930937170434e-07,4.109030038860974e-08,4.698798607927282e-06,0.0001075467600295327,0.00026317059843452916,0.021560859361575757,1.2730110063136633e-06,0.026267381002144912,0.001939839514893358,0.003398291280239773,3.2165273840108728e-06,8.474290037631194e-08,0.014570566976796203,4.90128159742924e-05,2.8400138763947867e-06
