,0,1,2,3,4,5,6,7,8,9,10,11,12,13,14,15,16,17,18,19,20,21,22,23,24
0,1.0424927102326038e-05,0.05461040392954451,7.2895356260246085e-06,0.07403198230180291,1.7830239839758724e-05,0.0002120000103291767,0.0004315853347606779,0.0006891752214278472,0.0007500869631370264,0.5244845432941257,3.927164461182344e-05,1.4643205102476086e-07,0.00010505208404050976,6.911424696990123e-06,1.5006578098145265e-08,2.8582417734209306e-07,2.937463592101279e-08,0.3421465010625961,8.885364064255292e-06,0.0002030200848681146,2.4593059185288902e-05,9.321481882221552e-06,1.8600550776890958e-06,0.0004232899716934616,0.0017854953721452437
1,1.8803096674983214e-05,0.04573037163622973,4.1949882511489614e-05,0.05988152887834503,4.722148006514107e-05,0.0008098202460238246,0.0010693957176714467,0.0013162713178508521,0.006125028394259315,0.6618060789754725,0.0001252262739051687,3.5311124099931546e-07,0.0003338516645701608,9.386975217415543e-06,3.761461048266787e-08,9.927978831365516e-07,2.6050624142869976e-08,0.22025353515366014,2.4330500618443387e-05,0.0006725509971343301,1.8187505082602635e-05,9.870635879508555e-06,1.2101199314179954e-06,0.0005742612367649991,0.0011297097377727624
2,2.2696375085813077e-05,0.05053838369435723,3.13651686341974e-05,0.06120293108655874,4.0750211612862054e-05,0.0008662080570458594,0.001102490188178349,0.0012363895220308006,0.003845897083108359,0.5605836714956905,0.00013624019699943625,4.0298753807658237e-07,0.000321839582127535,9.771146738231026e-06,4.794133616732579e-08,9.936578149389932e-07,3.821678671826457e-08,0.31730382553367203,1.7950059343124205e-05,0.0007274679856659848,2.0036389555677578e-05,1.4515622768463613e-05,2.2871610853984914e-06,0.0006945348508241465,0.0012792657854413865
3,1.972271463877093e-05,0.04803616565354407,3.37832888371211e-05,0.06643224765279228,4.63358456376196e-05,0.0007310178207901576,0.0009102540980171338,0.00120752437687019,0.0037143900315747902,0.5481662812160085,0.00013134941956987998,3.877290798355878e-07,0.0003279511550668815,9.371912975821661e-06,3.0935168974432234e-08,7.309783064996239e-07,3.25509007739924e-08,0.3278115132315077,1.6935857142851562e-05,0.0006134061010186628,1.865741445625302e-05,1.0885878777127914e-05,1.5961503102176197e-06,0.0006590786474332535,0.0011003493395746822
4,1.9418263262450647e-05,0.0511336655624232,3.5533333770648815e-05,0.06397889492683774,5.074428552153768e-05,0.0007796450536372404,0.0009165013513998273,0.0011016687452120924,0.0037361124402200355,0.5484505158862993,0.00013267970172134544,3.9897081700632816e-07,0.0003752181426961671,1.0541945864223687e-05,3.207018676308128e-08,7.352921984195421e-07,3.2544302941215884e-08,0.3269419542508918,1.659193884789228e-05,0.0005986869939246097,1.8002261602965637e-05,1.1347890491295447e-05,1.6251459233204569e-06,0.0006664687416016788,0.0010229842603455346
5,1.691949150021795e-05,0.045215831310686884,2.8516024876795335e-05,0.07182595755345102,4.2615546036826964e-05,0.0006165517536658436,0.0008134448836462104,0.0011370440436400764,0.0027309036980698014,0.5140673988582197,0.00012221889909189788,3.44923794482694e-07,0.0003020189997691402,8.497584244767766e-06,2.4203318991265788e-08,6.047813720576178e-07,3.1399450741703963e-08,0.3607899862297156,1.353227646611941e-05,0.0005694033494121226,1.866113949415701e-05,9.422274932599101e-06,1.6470156824819412e-06,0.0006641757414127532,0.001004248018048625
6,1.972271463877093e-05,0.04803616565354407,3.37832888371211e-05,0.06643224765279228,4.63358456376196e-05,0.0007310178207901576,0.0009102540980171338,0.00120752437687019,0.0037143900315747902,0.5481662812160085,0.00013134941956987998,3.877290798355878e-07,0.0003279511550668815,9.371912975821661e-06,3.0935168974432234e-08,7.309783064996239e-07,3.25509007739924e-08,0.3278115132315077,1.6935857142851562e-05,0.0006134061010186628,1.865741445625302e-05,1.0885878777127914e-05,1.5961503102176197e-06,0.0006590786474332535,0.0011003493395746822
7,2.2531782634173175e-05,0.06338128166048931,4.746827105360175e-05,0.06994683718431184,4.194022453456095e-05,0.0005970894904109625,0.001205287615878784,0.0012179371591694206,0.004634009273804505,0.49512653204602725,0.00016306037143778995,3.78603259234521e-07,0.0006436023692208484,8.738536727858154e-06,2.6882291362154845e-08,5.350591591900201e-07,3.3676542617528196e-08,0.3601399220398228,1.3248741425392863e-05,0.000838473990480519,1.1960968829760994e-05,9.025754227481555e-06,1.231561990134867e-06,0.000994439730354565,0.0009544070059162248
8,1.778818846675784e-05,0.048785384952591875,2.998519770962155e-05,0.07107822699620187,3.380790689354887e-05,0.00040636832406148386,0.0009033915057414278,0.0013609279447438772,0.0028232365888529475,0.6133984125583183,7.444664033676886e-05,2.497227756359395e-07,0.00026554240178839055,7.142182724154744e-06,2.6463236217275157e-08,6.635409479597446e-07,3.4495529851126246e-08,0.2580162828111611,1.286769826130215e-05,0.0005281637112943286,1.782073639370696e-05,8.89972025628068e-06,1.6139919759977183e-06,0.0008807695026676263,0.0013479462170689406
9,1.876012102929886e-05,0.05616353461725919,4.260071293435145e-05,0.07779577977538522,3.759398892540314e-05,0.0003820899483225071,0.0009800574021722381,0.0014551860769338144,0.0038184924435436256,0.5873639548500659,9.085733746435252e-05,2.742749162810148e-07,0.00038353566071314436,7.1835024975359304e-06,2.453560393466895e-08,5.545468833438188e-07,3.4933737283487176e-08,0.2683848947921831,1.2969371489748501e-05,0.0006415499470799011,1.52616512763992e-05,7.640688817754374e-06,1.2148680712840118e-06,0.0010592648096858907,0.0013366891430086412
10,1.972271463877093e-05,0.04803616565354407,3.37832888371211e-05,0.06643224765279228,4.63358456376196e-05,0.0007310178207901576,0.0009102540980171338,0.00120752437687019,0.0037143900315747902,0.5481662812160085,0.00013134941956987998,3.877290798355878e-07,0.0003279511550668815,9.371912975821661e-06,3.0935168974432234e-08,7.309783064996239e-07,3.25509007739924e-08,0.3278115132315077,1.6935857142851562e-05,0.0006134061010186628,1.865741445625302e-05,1.0885878777127914e-05,1.5961503102176197e-06,0.0006590786474332535,0.0011003493395746822
11,2.0128790712978557e-05,0.04926523502923716,3.440728401911601e-05,0.06617079349965482,4.633688827347232e-05,0.0007225298282814591,0.0009307337190284666,0.0011933926321316835,0.0036355612570554657,0.5394970672917345,0.00013332100339952653,3.9825782160682314e-07,0.0003528401382998095,9.600792996044472e-06,3.0777908627874776e-08,7.231660387672618e-07,3.3694885866509025e-08,0.335557390985102,1.6488663337650947e-05,0.0006274356691475645,1.8204093005189993e-05,1.1082071401209743e-05,1.6293280068926043e-06,0.000683093623867717,0.001071541514652348
12,1.8611603583240397e-05,0.046803781262639094,2.8629966160469025e-05,0.06196526417862607,4.669917645260588e-05,0.000750028000567944,0.0007910340607991994,0.0010335412285197502,0.002723983355573021,0.5128283428468663,0.00012407000877247596,4.034538294985329e-07,0.00031081952719037593,9.922553515341776e-06,2.7374016349158207e-08,6.948666450228755e-07,3.3126857778184885e-08,0.37039863759382413,1.461017154010964e-05,0.0005544194439851234,1.8675222584400388e-05,1.1930673943419073e-05,1.7888903111153003e-06,0.0006032373260387227,0.0009608140871586548
13,2.6425022587313237e-05,0.05041996341105905,4.8757912157491705e-05,0.07243060861410927,6.282424083054947e-05,0.0008435485667793676,0.0009273115062768243,0.0015130151216689914,0.005267930127692623,0.4768304872188852,0.00020149689586979562,7.075965245669106e-07,0.0004287796313465193,1.2299905804256189e-05,4.0898767563914974e-08,7.249887034394708e-07,4.816045808458272e-08,0.38822556323815044,2.222028606708819e-05,0.0007057888970480161,2.2385683321549643e-05,1.4522584628097512e-05,1.650718343302458e-06,0.000708123149183982,0.0012847756237366257
14,0.0003660640776306294,0.023095143963078903,0.0002009030447854454,0.10297032860245629,6.19833243304578e-05,0.001070345052600896,0.0033441832815165507,0.00782529701290091,0.01189328964377017,0.19929620438863405,0.0005414996524058479,9.966179115841583e-06,0.00031130138286067344,2.7636881236742708e-05,2.5588449393359646e-07,3.828838422621474e-06,3.898373925138544e-07,0.6373747883049922,0.00010643863341121744,0.002001540310008092,8.472410452723223e-05,6.0395890049531e-05,8.517596408699254e-06,0.0012883006742126655,0.008056673438757907
15,1.972271463877093e-05,0.04803616565354407,3.37832888371211e-05,0.06643224765279228,4.63358456376196e-05,0.0007310178207901576,0.0009102540980171338,0.00120752437687019,0.0037143900315747902,0.5481662812160085,0.00013134941956987998,3.877290798355878e-07,0.0003279511550668815,9.371912975821661e-06,3.0935168974432234e-08,7.309783064996239e-07,3.25509007739924e-08,0.3278115132315077,1.6935857142851562e-05,0.0006134061010186628,1.865741445625302e-05,1.0885878777127914e-05,1.5961503102176197e-06,0.0006590786474332535,0.0011003493395746822
16,2.4808799295877847e-05,0.05466137906728372,4.9949617920145904e-05,0.07273025350246486,5.84455091997083e-05,0.0008916687102644475,0.0011167490827962566,0.001437432544988052,0.005832716243666053,0.5293000692137345,0.00017134477995757236,4.803864822163318e-07,0.0004252822248191687,1.1341256677231445e-05,4.193948247794182e-08,8.010709593280007e-07,3.713771833519528e-08,0.33039340719617216,2.1296456222609693e-05,0.0007649675702016673,1.781438012991333e-05,1.2675888205565178e-05,1.6978159497509716e-06,0.0007719769807979843,0.0013033626246104883
17,1.9484548964132017e-05,0.047837722270809714,3.233522048030245e-05,0.06890866124229994,4.5923338093208554e-05,0.0006986177300202867,0.0008846870509391433,0.00119026137492914,0.0032955883872564256,0.5268527486870876,0.00012969253992810444,3.9860182838379094e-07,0.00032624706455066933,9.814679664754e-06,2.887571633924432e-08,7.028342583991453e-07,3.333183621832002e-08,0.34737997369169255,1.6216357773766378e-05,0.0006056069534538638,1.9167494899865563e-05,1.102109823345787e-05,1.7017819331987706e-06,0.0006476979168781037,0.001085666926472598
18,2.296286848238205e-05,0.048757439644656425,3.1318037001500734e-05,0.06100381996142474,3.8946065026902966e-05,0.0005562572686531723,0.0008597993377002478,0.0011934492267259948,0.0028854055422375463,0.5020937605102976,0.00011138115366717546,4.3188936429250335e-07,0.0003197487641205226,8.706806664711561e-06,2.6929432765140347e-08,6.290678003374393e-07,4.067064298277012e-08,0.37962341744690564,1.4843417179093042e-05,0.0005540766895854197,1.824065608826981e-05,1.2422398872385859e-05,1.5631513881465045e-06,0.0007364984458107071,0.0011548140502710398
19,1.5890621843603034e-05,0.04979003749216859,4.581079419385635e-05,0.06982419055363853,6.704685028632794e-05,0.0007067615559678093,0.0007324067135427632,0.0013121920767404608,0.004598398487762526,0.5840027127540842,0.00012748591954676663,4.682224900269668e-07,0.0004207736779354606,1.1053332903879565e-05,2.882765219810285e-08,6.283178274492412e-07,3.483181178444311e-08,0.28605694622909644,1.7890997633407606e-05,0.0006173065920208726,1.7547312408995652e-05,1.1684116573013055e-05,1.2366811098547021e-06,0.0006351140810544303,0.0009863529597069522
20,1.849538720369931e-05,0.04749818716031288,3.206637529620118e-05,0.06599654645788679,4.858758707070837e-05,0.0005652216476059019,0.0007973195602228627,0.0015384288860454706,0.0035095731468330117,0.5672474671722485,0.00010800601353999588,4.09398195301076e-07,0.0003203050731968156,8.99444384051244e-06,3.2071922267756994e-08,6.385878096408627e-07,4.272353297959873e-08,0.30985926531045244,1.739875666780852e-05,0.0005837927649025489,1.8939622693545943e-05,1.4699724351405577e-05,1.5767654033201404e-06,0.000715971307271705,0.0010980340554937985
21,2.061419375203326e-05,0.04266765952484583,3.104847073104399e-05,0.060548807302778104,4.044795851773434e-05,0.0007892571256879991,0.0009658008850419236,0.0010233929567594797,0.002806818272652422,0.5259834282593319,0.0001316986835432906,4.4855345061045987e-07,0.00035635248352685234,9.488437756790806e-06,2.6198338818422592e-08,8.904439022081458e-07,3.043438122038876e-08,0.362414652921565,1.4723277920241982e-05,0.0006771340138054401,1.8478595360128556e-05,1.0100969410659544e-05,1.7752070016966175e-06,0.0006075197237947272,0.0008794051061438562
22,2.2274524770201357e-05,0.04164835413801623,3.2230295010008916e-05,0.06361858394955361,4.333527040740242e-05,0.0007430453753793499,0.0008783289055100963,0.0011469059006187848,0.00277317805875931,0.46250921823710217,0.00015546766055085529,4.638352862074466e-07,0.0002890594744904514,9.226101421409537e-06,2.8285559250987017e-08,7.725623862184259e-07,3.8379570448601055e-08,0.42378363681520836,1.5029739127364524e-05,0.0006161086365432624,2.20882539589836e-05,1.1168881713281217e-05,1.8458103991965734e-06,0.0006702157793197598,0.0010093951293375185
23,1.972271463877093e-05,0.04803616565354407,3.37832888371211e-05,0.06643224765279228,4.63358456376196e-05,0.0007310178207901576,0.0009102540980171338,0.00120752437687019,0.0037143900315747902,0.5481662812160085,0.00013134941956987998,3.877290798355878e-07,0.0003279511550668815,9.371912975821661e-06,3.0935168974432234e-08,7.309783064996239e-07,3.25509007739924e-08,0.3278115132315077,1.6935857142851562e-05,0.0006134061010186628,1.865741445625302e-05,1.0885878777127914e-05,1.5961503102176197e-06,0.0006590786474332535,0.0011003493395746822
24,1.3362557880853486e-05,0.04963351348499649,2.6382652866215702e-05,0.07277696102008459,4.6770679094448665e-05,0.0006399250101365957,0.0006985176318386532,0.0009704133074982045,0.0026029512315711902,0.5519128215151594,0.0001066110229378342,3.1532008021263377e-07,0.0003216516407029996,1.0254772419685752e-05,2.1183449912659445e-08,5.733869931630628e-07,2.5101514677367536e-08,0.31824581167616833,1.4082362353588403e-05,0.0005436502879935892,1.7211167266772134e-05,9.314723669461086e-06,1.476573433255056e-06,0.000503027042320714,0.0009043546475691165
25,2.3227106412734953e-05,0.03823703799195052,3.7334986716549245e-05,0.09292778134115062,4.057225071893276e-05,0.00047565107690040255,0.0010798296643564887,0.0020096822813134986,0.0028369821250270153,0.436069003564721,0.00016888950325555114,5.486822989813716e-07,0.00039807030000574067,8.431496855883165e-06,2.1571611257265857e-08,6.676255127079953e-07,4.731961964156216e-08,0.42291878733540383,1.670226087802331e-05,0.0009392230344353763,2.0000059988485372e-05,1.0215144366929096e-05,1.8304106553207945e-06,0.0008258386666712606,0.0009536241991731565
26,3.194188089285274e-05,0.0467453287932249,4.4799587409392994e-05,0.06294845030602116,3.81661632012946e-05,0.0004498510189530303,0.001031207600093419,0.0015122869235467398,0.0033768749216152964,0.4315446050923055,0.00013007463047179517,4.6065958315439237e-07,0.00040377305796405506,6.5539310680077305e-06,2.5547049327784892e-08,5.268436936691625e-07,5.449490532095364e-08,0.44863299012649566,1.2255327573774807e-05,0.0006140915144323878,1.572783551452187e-05,1.0489453366491783e-05,1.4135125030449944e-06,0.0013106440708751407,0.0011374067072399603
27,2.2927779712763843e-05,0.050882151502149565,3.713933470815677e-05,0.059826018555432715,4.197977610232747e-05,0.0007994682468530542,0.0010333592469961097,0.0013918106571699821,0.005135964099286835,0.5937259749751499,0.00012898679374454672,3.716774864180679e-07,0.00029972500480668904,8.543526647833685e-06,4.3941933376119977e-08,8.841745074744204e-07,3.468994781438218e-08,0.2838049471216326,1.977148900070697e-05,0.0007081606509724825,1.820587986971106e-05,1.3486646923057024e-05,1.6027604692289411e-06,0.0006976921348605626,0.0014007493336359214
28,1.972271463877093e-05,0.04803616565354407,3.37832888371211e-05,0.06643224765279228,4.63358456376196e-05,0.0007310178207901576,0.0009102540980171338,0.00120752437687019,0.0037143900315747902,0.5481662812160085,0.00013134941956987998,3.877290798355878e-07,0.0003279511550668815,9.371912975821661e-06,3.0935168974432234e-08,7.309783064996239e-07,3.25509007739924e-08,0.3278115132315077,1.6935857142851562e-05,0.0006134061010186628,1.865741445625302e-05,1.0885878777127914e-05,1.5961503102176197e-06,0.0006590786474332535,0.0011003493395746822
29,1.972271463877093e-05,0.04803616565354407,3.37832888371211e-05,0.06643224765279228,4.63358456376196e-05,0.0007310178207901576,0.0009102540980171338,0.00120752437687019,0.0037143900315747902,0.5481662812160085,0.00013134941956987998,3.877290798355878e-07,0.0003279511550668815,9.371912975821661e-06,3.0935168974432234e-08,7.309783064996239e-07,3.25509007739924e-08,0.3278115132315077,1.6935857142851562e-05,0.0006134061010186628,1.865741445625302e-05,1.0885878777127914e-05,1.5961503102176197e-06,0.0006590786474332535,0.0011003493395746822
30,1.972271463877093e-05,0.04803616565354407,3.37832888371211e-05,0.06643224765279228,4.63358456376196e-05,0.0007310178207901576,0.0009102540980171338,0.00120752437687019,0.0037143900315747902,0.5481662812160085,0.00013134941956987998,3.877290798355878e-07,0.0003279511550668815,9.371912975821661e-06,3.0935168974432234e-08,7.309783064996239e-07,3.25509007739924e-08,0.3278115132315077,1.6935857142851562e-05,0.0006134061010186628,1.865741445625302e-05,1.0885878777127914e-05,1.5961503102176197e-06,0.0006590786474332535,0.0011003493395746822
31,1.821783717804286e-05,0.04905224698113283,3.7212515610010344e-05,0.07411269685984688,4.616273206319652e-05,0.0003599083278898899,0.0007269651928550927,0.00157222225391815,0.0027357464241441246,0.5272824459248565,8.707904316330228e-05,3.8098173640486037e-07,0.00038169647659254424,8.05780950213093e-06,1.739907079331961e-08,4.5886805762986336e-07,4.012704928893494e-08,0.3411015425113834,1.3700428417488504e-05,0.0005718670721524652,1.5452085734199983e-05,9.963992112707335e-06,1.1508925099244358e-06,0.0008824734233374341,0.0009822938396856359
32,2.0547035082023097e-05,0.048492719800782236,3.4900788423570965e-05,0.06553799271109675,4.723532849029568e-05,0.0007370931457191559,0.0009325291885638438,0.0012599977346394486,0.004051611069224962,0.5629776189122886,0.0001302320837384508,3.988802961546061e-07,0.00032744432768214203,9.669077553135878e-06,3.352711241076807e-08,7.694955723087999e-07,3.3580211352224494e-08,0.3129686681563181,1.8886462611277785e-05,0.0006119752651234488,1.9273107009727404e-05,1.1489404154606252e-05,1.564954055626979e-06,0.0006504588256064473,0.001156857138643756
33,1.9053199559214306e-05,0.030385990065021882,7.310108529182271e-05,0.08786179514474397,3.5828066346004574e-05,0.0011267552439259447,0.0016000477792911085,0.001614925915067815,0.02279248492467686,0.7096882418659357,0.0002304448580304046,2.511634677548791e-07,0.00015996477422968377,5.2853903586108795e-06,8.065106083086152e-08,1.3700822684610395e-06,1.671188678631054e-08,0.13957935073017533,2.9684748182021548e-05,0.0006709320946248329,3.4127892305375605e-05,2.7732786465656452e-06,1.1074368407803147e-06,0.0006614418449811478,0.003424945053081044
34,1.2651501820468554e-05,0.040481408798862,2.2689675436619866e-05,0.07186055899629522,4.235645762995268e-05,0.0005810598325486719,0.0006498221085304784,0.001013767021033698,0.001662496511509037,0.4897164714104538,0.00011143976720628915,3.4736727875501906e-07,0.00029011691552174705,8.139872504706027e-06,1.7875542653044608e-08,5.555144416192561e-07,3.136732972458977e-08,0.39158050112405257,9.922071033302855e-06,0.0005840039493149413,1.7463152008014376e-05,9.555064668136855e-06,1.8982842605615381e-06,0.0005926965887765016,0.0007500287719404237
35,1.5232069120797399e-06,0.08705200955492304,0.00021063768952890176,0.16309114142883469,0.0017953832387943283,0.15214203559506626,0.003238972606065107,2.9478119374884033e-05,0.0034786791282104914,0.45371163125994823,0.002388050708334448,5.068992476238134e-07,0.006114606515043659,0.001181366422170602,1.9448566334570618e-07,1.176818005095482e-05,1.3257716948520228e-09,0.12189924205374102,4.628494668020987e-06,0.0033747865468215887,1.051993816779343e-05,3.77089210367413e-06,3.84027516118372e-05,0.0001190157191500873,0.00010164723979586043
36,1.9640024868054544e-05,0.04798185608111688,3.3554134109239506e-05,0.06643759375996053,4.6111427410810885e-05,0.0007344802113269108,0.000911404036353413,0.0011994810895956185,0.003689746316714958,0.5471462900071647,0.00013178823808360113,3.845752909943932e-07,0.00032673067889989947,9.347053123328179e-06,3.083627114051899e-08,7.311239136152719e-07,3.2269043547736244e-08,0.32891594379510875,1.6806298808122002e-05,0.0006141335492231335,1.8620728530745223e-05,1.0823619659776905e-05,1.6037958334413684e-06,0.0006574350444204998,0.0010954313051683578
37,3.07912022282102e-05,0.051844558763183723,3.7448717862723995e-05,0.06118669987216681,4.17660666402088e-05,0.0006094318764130108,0.0009700951158313747,0.0011520151397870903,0.003068118372799246,0.42259973996732464,0.00014001053933912155,4.9864735042497e-07,0.0003859215439161784,9.977888334032805e-06,2.5294867347304806e-08,6.249093305788938e-07,3.982423378582372e-08,0.45539728305788924,1.579316302932415e-05,0.0005922478848902477,1.7086287305741286e-05,1.1567105469111813e-05,1.491753325078263e-06,0.000797106585047731,0.0010896604214351536
38,3.01017721397272e-05,0.04368418966265056,2.7930998254825002e-05,0.04625719809449852,3.475936926821319e-05,0.0015580670471963137,0.0015673884186673678,0.0007943509171285089,0.0036085589852021776,0.5111743556038133,0.00019469652888379953,3.8701215021716854e-07,0.00029045764140359055,1.0040370918496213e-05,5.190482937767065e-08,1.5323452244069081e-06,2.5987100043785252e-08,0.38841151051005096,1.7301144752969528e-05,0.0006850319338505654,1.985646797641123e-05,1.175831870626284e-05,2.774881208767362e-06,0.000612335327134828,0.0010053387569899
39,2.1256239094222432e-05,0.02953256214804972,3.6383664717325325e-05,0.07544029099013298,4.979397494239067e-05,0.0007934200188515014,0.0009238483639341649,0.0018056881644717964,0.0034832532725710902,0.5526487554711714,0.00015597256151905187,5.531757778344969e-07,0.00022825972192136668,8.216180767067541e-06,3.287136655574045e-08,1.1761187253848872e-06,4.168979667925057e-08,0.3322757432034998,2.2044827651503286e-05,0.0007448986301555039,3.0817648100374535e-05,1.0413131485608817e-05,2.0421802819274046e-06,0.0006334409776787923,0.001151094773336022
40,3.1742192210906536e-05,0.058532099266168376,3.94621792958086e-05,0.055674945538628826,5.467885993435673e-05,0.0008624951020408624,0.0009275294786964041,0.0011076231909927555,0.004160503611378212,0.46869145388839895,0.00014945149260702618,5.46641203864325e-07,0.0003509483250820391,1.313203804566209e-05,4.1419754788821777e-08,7.51929928300238e-07,4.328349499537319e-08,0.40677826565129804,2.118399537104608e-05,0.0005200972981613844,2.032081158194897e-05,1.7008166608467843e-05,1.7232550417031893e-06,0.0006924399125222463,0.0013515124715532492
41,1.9443862624850596e-05,0.017197308222359424,6.094254140986669e-06,0.040674101998290385,8.118532519796836e-06,0.0001682639201718576,0.0005631630412613225,0.0007103857422860837,0.0002139072108716027,0.14441565499928238,8.331685867002305e-05,5.599016376375463e-07,0.000173077729815421,3.8034024515090774e-06,4.6801919382770685e-09,2.7607638546837035e-07,4.417089481387221e-08,0.7944724184600478,4.550755660356414e-06,0.0005151583361209011,1.0748797231507231e-05,1.0517700646386044e-05,2.222350989509632e-06,0.0003751597800910777,0.00037169921535713856
42,2.162914071956691e-05,0.042720673205587194,3.393343566195868e-05,0.06569318022547435,4.212203895285857e-05,0.0006217924949063279,0.0009706061595117734,0.0017241043967275427,0.004050311668407615,0.60178988810995,0.00011559822058120986,4.1291043885375485e-07,0.00028011017207147043,8.278533386789277e-06,3.551748018282537e-08,9.17963333091625e-07,4.046049835207397e-08,0.27926152135774623,2.2096909155096998e-05,0.0007208567137246454,2.075336688869803e-05,1.3828320057363701e-05,1.5923956120930757e-06,0.0006679793174672952,0.0012177369656593158
43,9.342491814260493e-06,0.02964616822923228,1.7449006943813846e-05,0.049242881265721385,4.206356884430403e-05,0.0007207925446606219,0.0005366024471250559,0.0010307834894529592,0.002529138781079146,0.7210407372446406,7.578579176724519e-05,2.1453817199717657e-07,0.00015263377318186126,5.725286547325573e-06,2.5889269115188514e-08,8.232181933589403e-07,2.1918868582842954e-08,0.19337798502580214,1.4313382076949076e-05,0.00038845390342148164,2.0756384880398235e-05,8.830181768392344e-06,1.326199539907403e-06,0.00040692741780044947,0.0007302180191963318
44,1.972271463877093e-05,0.04803616565354407,3.37832888371211e-05,0.06643224765279228,4.63358456376196e-05,0.0007310178207901576,0.0009102540980171338,0.00120752437687019,0.0037143900315747902,0.5481662812160085,0.00013134941956987998,3.877290798355878e-07,0.0003279511550668815,9.371912975821661e-06,3.0935168974432234e-08,7.309783064996239e-07,3.25509007739924e-08,0.3278115132315077,1.6935857142851562e-05,0.0006134061010186628,1.865741445625302e-05,1.0885878777127914e-05,1.5961503102176197e-06,0.0006590786474332535,0.0011003493395746822
45,2.389335514307683e-05,0.04865538424648713,5.276023078572873e-05,0.06566154676248996,5.699826886083459e-05,0.0007990004389264265,0.0013235635843179482,0.001814585395385503,0.0066068370627474565,0.6164455421458469,0.0001487842713984223,4.4812225341195774e-07,0.0004820865416974505,9.66178052877616e-06,4.479332073584182e-08,9.696418725972853e-07,3.861295055872174e-08,0.2550680525065882,2.2804795768910152e-05,0.0008462674696564276,1.596699292036722e-05,1.2866578629156462e-05,1.5494116984914265e-06,0.0009020590322349575,0.0010482879574905785
46,3.1913067855424795e-05,0.04251352014797664,3.905559716446617e-05,0.07956610005786058,4.227063986430282e-05,0.00029481710264628243,0.0006931197649134218,0.0022835208906152983,0.0022893120887777355,0.39955741345279483,0.00012009387029114833,7.742703404156859e-07,0.0003937700338880356,6.38324772145538e-06,2.4722666479332198e-08,4.4989291222069543e-07,1.2127715246114057e-07,0.4688434273814299,1.3508063913260154e-05,0.0006878098475263738,2.154627545643767e-05,1.5916837918721927e-05,1.6414513937106916e-06,0.0012877233452984647,0.0012957666716220215
47,4.7367215788238836e-05,0.0465280118918378,3.118376583541214e-05,0.04354941865812673,2.831113266394352e-05,0.000588641700989578,0.001000158837056279,0.0012098815591141308,0.002504371969597429,0.39750394019581925,0.00012315291413779437,7.325316229005618e-07,0.00033720600079646115,7.908908973487023e-06,3.000931708862276e-08,8.290798975613382e-07,5.893622890794019e-08,0.5038121326229241,1.6050555767158027e-05,0.0006991399566733683,1.6993369028930025e-05,1.9515266606129953e-05,1.642037055139265e-06,0.0007802071002884966,0.0011931137838536957
48,1.9911368232994027e-05,0.051811228618740574,2.43246958071251e-05,0.061231895548970905,3.5629721109991714e-05,0.00036595922240355934,0.0008695926443243139,0.0015691291178606768,0.002597857683199095,0.622938547604118,6.907478751257911e-05,3.238074262845536e-07,0.00033243901006446886,7.974398199234911e-06,2.575685535640419e-08,6.201232591197423e-07,4.635106798858565e-08,0.2557804328726501,1.8880680226123566e-05,0.00053270362125978,1.5541808788980202e-05,1.4669460316639498e-05,1.4017733883748247e-06,0.0007273889010200765,0.0010344004231974961
49,2.050475538341496e-05,0.04435842481040633,3.7232242489856007e-05,0.06252724588613573,5.3462955554347424e-05,0.0008951974964542101,0.0008320903987679164,0.0011660702317443142,0.0034986281152097768,0.49288425609374903,0.0001595899448237545,5.712423413155453e-07,0.0003686472846233658,1.0736413414185288e-05,3.106265547073592e-08,7.80764181010818e-07,3.723494241625103e-08,0.39087172136841436,1.650989411551787e-05,0.0007057092190452101,1.935481996074157e-05,1.3655696629234999e-05,1.7613037708006199e-06,0.0005961940309750155,0.000961586734212517
50,1.3488662397576753e-05,0.04627458625165086,2.414739510441843e-05,0.04614727857624063,3.257766950614439e-05,0.0005520800918288808,0.0010055671912930567,0.0010262808479421979,0.0036904553814585284,0.7413679882535597,6.087820631988516e-05,1.7499840053057428e-07,0.0002507884685036578,8.211865485334762e-06,2.541714275724365e-08,8.97468802113961e-07,1.680457557011459e-08,0.15772030664626144,2.030827700440307e-05,0.000485026523978336,1.2364967738888028e-05,9.839722253326933e-06,1.058180388433941e-06,0.00045506749976727853,0.0008405846323960936
51,2.4965050535052087e-05,0.050589685863744675,5.644793631739428e-05,0.055681267864333216,5.726342181132724e-05,0.001172314388565331,0.0011615317900306298,0.0013404909503272723,0.007319199538558053,0.6435006952265556,0.00015788708870623558,4.6957027247648957e-07,0.0003623133518277844,9.765994911629062e-06,5.8390934266615494e-08,1.3728916040570128e-06,3.444445835059043e-08,0.2354784203551075,2.3867424521916193e-05,0.0008670844434631643,1.9337737705200713e-05,1.2337102265693161e-05,1.571836197174566e-06,0.0007417278067790623,0.001419889530467034
52,3.088982444250815e-06,0.02411452045487256,0.0001241581471612798,0.15430994732119976,0.00011392420137693594,3.8017130939618727e-06,0.00010348775999715202,0.024525899204119926,0.018422640786535018,0.7687430610417995,3.7331604895821368e-06,2.4720147310396793e-07,8.774224457035633e-05,4.431303807110736e-06,1.3750629462728818e-08,9.791028030907926e-08,8.914658052109134e-08,0.003218000514640753,0.00018869941108071647,0.00010472418062287222,2.3286817071548912e-05,3.999116802064664e-06,3.333964379690984e-08,0.00043468216530069396,0.00546569012440678
53,1.9548776871106182e-05,0.048113448032873124,3.381979287080897e-05,0.06654909153424149,4.7303084514482846e-05,0.000720616645488946,0.0008823753006952147,0.0012101619243278044,0.003684114541236464,0.5480612324234002,0.00012943774845622195,3.922987765323941e-07,0.0003278684377694299,9.42296123521716e-06,3.03673024505299e-08,7.138264261876992e-07,3.287928878286081e-08,0.3278090338484826,1.6958859703331496e-05,0.0006017611328356394,1.8707605714609447e-05,1.0947478034679118e-05,1.5636836956536346e-06,0.000654731032814899,0.0010966857829440534
54,2.0776470850947484e-05,0.06437751555998875,2.922663878909057e-05,0.04764037559934861,2.9363518271947826e-05,0.0007684797639639535,0.0012207407793949716,0.000754877380400074,0.004140207694431521,0.6533152801452705,8.5940957118996e-05,2.6812665071237676e-07,0.0003188748544120146,1.0935451679712818e-05,3.7718431654509706e-08,1.030170467760949e-06,1.985609418441322e-08,0.22477805015631708,1.8297196947500576e-05,0.0005811645188897799,1.4664617125696564e-05,1.0860644265951884e-05,1.4242185443923442e-06,0.0005058335152682915,0.0013757544470758582
55,8.611959899693346e-06,0.03639587440580316,1.7295047907039053e-05,0.06046680428650358,5.639283416815978e-05,0.0009328795930627478,0.0006589977999935978,0.000919420893142373,0.0020739204043236158,0.7068344020396607,8.391379321725713e-05,1.7494412395963508e-07,0.0001569268157053901,1.0348337032655915e-05,3.352397063588475e-08,1.1033168978418011e-06,2.0485971493933945e-08,0.18979861530584316,1.6009068478732554e-05,0.00039754160480096393,2.347776192266223e-05,1.0290720171037192e-05,2.471249506183962e-06,0.00039604666668351286,0.0007384271412098826
56,2.0290585163751453e-05,0.0501845101955296,3.535428564543074e-05,0.0666510210706108,4.696477668866465e-05,0.0007198326892542901,0.0009395854516648524,0.0012014808602828595,0.003763410601085016,0.5397932683303737,0.00013465686581336003,4.0060399847622355e-07,0.0003663031434438301,9.654801553036423e-06,3.12913722574148e-08,7.144872705434283e-07,3.414305865031166e-08,0.33367522984240533,1.6723217315917274e-05,0.00063439674042333,1.803086351434543e-05,1.10380599704228e-05,1.601781668443986e-06,0.0006959319794527094,0.0010795333324405709
57,1.9052915605483423e-05,0.04388505907510214,5.4657097306129654e-05,0.06199877376707416,6.779693197297784e-05,0.0005655822688478961,0.0006611146347549592,0.001781660674155404,0.0053006139742462505,0.6360260283811409,0.00010535229538042245,6.806709438459634e-07,0.0003964359027142322,1.0084405050074662e-05,3.052154756266965e-08,7.470347125045626e-07,5.030307487459369e-08,0.24664375733625912,2.4656792920271308e-05,0.0006509485258397627,2.071321788004393e-05,1.4872304419213877e-05,9.65069211389131e-07,0.0006372214976763863,0.001133144402164036
58,2.067674840609999e-05,0.0480410840500005,3.4439769679869244e-05,0.06533694319081654,4.5474420680995246e-05,0.0006602454016576811,0.0009248700514975192,0.001245214931753471,0.0034969757126217652,0.5331136922928994,0.0001286832796831301,3.911573923761237e-07,0.0003439645844046971,8.873823114554898e-06,2.992551653755298e-08,6.857168129363427e-07,3.6352244528980425e-08,0.34413023927685443,1.572304199058697e-05,0.0005956324844914674,1.8206858482127547e-05,1.0951216249071187e-05,1.6099107454756915e-06,0.0007576217225627181,0.0010677340794415023
59,2.122052595482787e-05,0.04730254013259197,3.838165848647086e-05,0.06663766814322862,4.530138564429848e-05,0.0006327606214645071,0.0009509391466565103,0.001310357863780821,0.003585101408718176,0.5253472435517784,0.00013087321588931466,4.0212080740442993e-07,0.00035196687978234333,8.594673155376741e-06,2.9367682456474628e-08,7.001627702542884e-07,3.715455415370106e-08,0.3510286476885722,1.5121694655270356e-05,0.000640584562355361,1.828409147530814e-05,1.0459030709932514e-05,1.5688194103679098e-06,0.0008292952935495013,0.0010919208063262693
60,1.972271463877093e-05,0.04803616565354407,3.37832888371211e-05,0.06643224765279228,4.63358456376196e-05,0.0007310178207901576,0.0009102540980171338,0.00120752437687019,0.0037143900315747902,0.5481662812160085,0.00013134941956987998,3.877290798355878e-07,0.0003279511550668815,9.371912975821661e-06,3.0935168974432234e-08,7.309783064996239e-07,3.25509007739924e-08,0.3278115132315077,1.6935857142851562e-05,0.0006134061010186628,1.865741445625302e-05,1.0885878777127914e-05,1.5961503102176197e-06,0.0006590786474332535,0.0011003493395746822
61,2.1129189382653962e-05,0.048773307274985266,4.073457147671485e-05,0.06779106471061418,4.878896276249391e-05,0.0006812507740039635,0.0009422023066997943,0.001297857620495767,0.003941522792911238,0.5267035308525047,0.00013976209642655073,4.2856465841465e-07,0.0003704642770598745,9.288245443095425e-06,3.052520640646262e-08,7.042853734657708e-07,3.673071525847156e-08,0.3466433050291536,1.624379303674597e-05,0.000659460219448329,1.838094677050496e-05,1.081363353598873e-05,1.520867614015213e-06,0.0007797324708405369,0.0011084392588804443
62,1.972271463877093e-05,0.04803616565354407,3.37832888371211e-05,0.06643224765279228,4.63358456376196e-05,0.0007310178207901576,0.0009102540980171338,0.00120752437687019,0.0037143900315747902,0.5481662812160085,0.00013134941956987998,3.877290798355878e-07,0.0003279511550668815,9.371912975821661e-06,3.0935168974432234e-08,7.309783064996239e-07,3.25509007739924e-08,0.3278115132315077,1.6935857142851562e-05,0.0006134061010186628,1.865741445625302e-05,1.0885878777127914e-05,1.5961503102176197e-06,0.0006590786474332535,0.0011003493395746822
63,2.035369280956234e-05,0.05108983017296981,3.380258774349357e-05,0.06553322474614696,4.502249479244839e-05,0.0007104269578829602,0.0009265785259417115,0.0011787982021664559,0.0037412942638435287,0.5426795932485504,0.0001303146759585316,3.7465131103194625e-07,0.0003448254557562953,9.32094002039264e-06,3.1318361703020236e-08,6.993484748576486e-07,3.303118775018622e-08,0.33109215707768186,1.6521657402629916e-05,0.0006141487148634978,1.7830210568329144e-05,1.0998213793190639e-05,1.5612060230377801e-06,0.0006880646156474563,0.001114193990102035
64,1.928429634198303e-05,0.04403582518936785,3.1125249129682715e-05,0.06802202771686963,4.676659035434121e-05,0.0007171262315981235,0.0008417157404964819,0.0012010547136233468,0.003357897158248196,0.5363363745581855,0.00013391882461668333,3.9461045431612425e-07,0.0002855058749644054,9.096361289731773e-06,3.065387434998907e-08,7.269193446058278e-07,3.4094056515966466e-08,0.3425935580459478,1.6896659304629448e-05,0.0005505213582630128,2.2184208395728703e-05,1.0292604992884251e-05,1.6551827862311297e-06,0.0006437094515633841,0.0011222777059307811
65,1.6886509920382656e-05,0.04284400500050095,2.973448388050823e-05,0.06423656703091331,4.922942928418835e-05,0.0008354880801471388,0.0007580696847155916,0.0010194142922971986,0.002910919369706562,0.5265307491515997,0.00013369195111278227,4.198914133611161e-07,0.0002911413710175948,9.876346727450772e-06,2.716138349144984e-08,7.502074092072726e-07,3.002800736697447e-08,0.3582102826077915,1.534909548953734e-05,0.0005795731125555904,2.0419445462576744e-05,1.077477437847092e-05,1.7101559062739462e-06,0.0005359946567895389,0.000958896161589816
66,1.5802758598968357e-05,0.04264692402461917,3.769050760880987e-05,0.060558822731056255,4.476931842696376e-05,0.0007026589496036675,0.0009583520576666528,0.0013375723796446703,0.0046007655316023,0.6672222674681212,0.00010638122728196793,3.6586320934734695e-07,0.0003592579126718301,8.940522868166952e-06,2.6757978274798846e-08,9.373388577760704e-07,2.4491933936087232e-08,0.2191628127815928,2.137570046067254e-05,0.000770697736555088,1.5725828983553565e-05,9.978617630138888e-06,1.141883287695997e-06,0.0005140280832322326,0.0009026795265078395
67,1.9774367353928768e-05,0.04624978460702775,3.335643688783717e-05,0.06661258837924829,4.255403042290794e-05,0.0011426833446917422,0.0011160077358259393,0.0009119186349919015,0.0030230454027597624,0.4783988381727533,0.00017968337796902468,4.548795345857539e-07,0.0003398557452673379,1.1905850517099485e-05,3.772691233547233e-08,1.1064902305977215e-06,2.9479749145783012e-08,0.39935296716078456,1.4924287928188992e-05,0.0008748852763039505,2.0739478255103996e-05,1.1535781088481504e-05,2.7503879348336194e-06,0.0005674043063275556,0.0010711686592337192
68,1.1090748338886373e-05,0.0487716111107954,4.817518733273289e-05,0.05844962849276131,7.85762122891968e-05,0.0004348760611348924,0.0007072456368308244,0.0016557013802879373,0.008696680111023166,0.7916945365511558,5.6766320550427e-05,2.2057940116328824e-07,0.00035589210310594193,1.1347605674447026e-05,3.0171387842666016e-08,6.351774777494098e-07,2.0062659977984998e-08,0.08722522845363485,3.5978547629982215e-05,0.000366431621083872,1.2825315349893412e-05,8.450493189552745e-06,5.485035966075767e-07,0.00047728952089819946,0.0009002140324093485
69,1.8504192448129374e-05,0.04347378606472124,3.9234885778949135e-05,0.0800098138058993,2.85829066426657e-05,0.0004146806864992196,0.0010861544373181164,0.0015742342008721233,0.0033071015376955476,0.5653538172025137,0.00010831524363294715,3.20369747700355e-07,0.000326166938786438,5.7113939432594045e-06,2.4043359519222843e-08,7.316836781732775e-07,3.554347165804803e-08,0.30100199183667187,1.30120853274351e-05,0.0009376559319503647,1.7084667744016935e-05,7.262145356467344e-06,1.3961844129935598e-06,0.000942239667172972,0.0013321423443552276
70,2.3521318851938956e-05,0.06261783843318737,4.855759319801114e-05,0.0594238967599865,5.8482025455893585e-05,0.001210415578662115,0.0009208266460033618,0.0006748529266063054,0.0036621273343732815,0.4358340160132613,0.00017554938108158558,6.533794872342719e-07,0.0004519430782363799,1.9882369484180007e-05,3.688421172773676e-08,9.068795829725464e-07,3.129695860479742e-08,0.43238637262954577,1.654001901314106e-05,0.0006965464326440703,2.0177820204068994e-05,1.4728205499237549e-05,2.0366326956888875e-06,0.0004991225888050363,0.001240937772964232
71,3.862207912976979e-05,0.029089814427230763,2.885105735979817e-05,0.06946951860495675,1.5688307221320964e-05,0.00044202501862062254,0.0019436908308715568,0.0017090230738193114,0.001833258806444556,0.29152866457398513,0.00020027347933913178,5.541523140667367e-07,0.00035768364462773945,5.386585176247455e-06,2.306326523597941e-08,9.449000141536557e-07,5.0272918739492384e-08,0.5998996184859856,1.1582052105612856e-05,0.0014412435151802297,1.7568190127626305e-05,9.254464950293877e-06,2.8659329543345885e-06,0.0010456874480185134,0.0009081070333829863
