,0,1,2,3,4,5,6,7,8,9,10,11,12,13,14,15,16,17,18,19,20,21,22,23,24
0,2.064746786287206e-08,4.4598697116277104e-08,4.51746418631789e-05,0.002278524030623725,1.3651869425298183e-07,0.18126042518210322,1.1390992240560085e-06,1.439475392608746e-05,0.0036465946320668914,0.780063510183589,1.4712712207838142e-08,2.8159791306698307e-09,6.27094593784813e-08,1.3996686047999596e-05,2.95248340042635e-05,0.003453318873036778,4.3257143366115085e-07,0.002181147333787697,0.0001442074827203086,0.00014424078515156192,4.4154537439980986e-07,7.511656815609353e-09,0.02670616345939812,1.4514651391386979e-05,1.9597395910475065e-06
1,2.9572455485364815e-08,7.81280576669351e-08,7.312666164850377e-05,0.004009977499351876,1.598820556739598e-07,0.1516229514925074,2.274704528240732e-06,2.1138786044696797e-05,0.0026445581381194195,0.7964434214761867,1.2721693672736611e-08,4.657905348607103e-09,9.579522881753475e-08,1.4066588668814905e-05,2.9962890708434454e-05,0.007395515660341789,1.092468736293596e-06,0.002698753644731518,0.0001952347102410453,0.00015245939371655718,7.364862669477428e-07,7.490681176519269e-09,0.0346739526986422,1.8357452717804173e-05,2.030998763909577e-06
2,3.174494753008131e-08,9.253542644414494e-08,7.352379196145785e-05,0.00476443383953056,2.4805902988619963e-07,0.1609864066225542,2.354512242764693e-06,2.310576482258367e-05,0.0032332921877345428,0.7843156656438771,1.777176168017194e-08,5.83173445523507e-09,1.0266537632226132e-07,2.208580391340385e-05,4.154680823757232e-05,0.005817574942533261,1.0945211764700798e-06,0.0027502531574273943,0.00016966068024632024,0.00019427444922860416,7.650890613312186e-07,9.78206798508924e-09,0.03758263860083472,1.823537968364017e-05,2.5798145898329194e-06
3,3.914566671258625e-08,9.414618093842013e-08,7.417742651023478e-05,0.005368895253079528,2.0740759548252805e-07,0.18218310080891728,2.473361726191877e-06,2.2719038983365632e-05,0.002712413422154903,0.7560061607720672,1.7257248014591e-08,5.554026880986512e-09,1.0585108881867876e-07,1.616613416240049e-05,3.816908110682217e-05,0.006369878304385619,1.3805837993352183e-06,0.002997844423052633,0.00020153683353303666,0.00015382264404458447,7.902388057626977e-07,9.337101668372551e-09,0.04382930464705664,1.8516224732200226e-05,2.1721029736723832e-06
4,4.084586739591654e-08,1.0535233271790126e-07,7.983530612081739e-05,0.005457458654755527,2.1643358132091903e-07,0.1579191123167967,2.5033349213739944e-06,2.392077283753341e-05,0.0028065457828164997,0.7827587893310476,1.8110377317899233e-08,5.794308939614967e-09,1.2461564706606523e-07,1.9320681054332492e-05,3.583342884567501e-05,0.005976587460234568,1.355931643919306e-06,0.003209178382608079,0.00019900235372994303,0.00017156895305905624,8.67035971123859e-07,1.0245878925283805e-08,0.04131597560421671,1.9445877244641042e-05,2.177394102464024e-06
5,3.915525806954995e-08,9.270633682485455e-08,7.406517409918391e-05,0.006045185668088854,2.1913758063927525e-07,0.16486931455586165,2.3886785386401434e-06,2.2671558296420467e-05,0.0026422498820184758,0.7661812135830791,1.692895987743601e-08,4.895484945966359e-09,1.0813843519620649e-07,1.7167034202470297e-05,3.1692352904174004e-05,0.005711755112182018,1.3420323300840405e-06,0.0038292756604500927,0.0001933874224752507,0.00016735715913468934,8.400185767729634e-07,7.939279984019445e-09,0.05018813369753563,1.9696255770950842e-05,1.775253120096256e-06
6,3.914566671258625e-08,9.414618093842013e-08,7.417742651023478e-05,0.005368895253079528,2.0740759548252805e-07,0.18218310080891728,2.473361726191877e-06,2.2719038983365632e-05,0.002712413422154903,0.7560061607720672,1.7257248014591e-08,5.554026880986512e-09,1.0585108881867876e-07,1.616613416240049e-05,3.816908110682217e-05,0.006369878304385619,1.3805837993352183e-06,0.002997844423052633,0.00020153683353303666,0.00015382264404458447,7.902388057626977e-07,9.337101668372551e-09,0.04382930464705664,1.8516224732200226e-05,2.1721029736723832e-06
7,8.770971005664501e-08,1.1668041228271293e-07,0.00010386913866268358,0.006777382507996189,2.243371786975126e-07,0.19987298583333282,3.7179543810620814e-06,3.6650142750012145e-05,0.0026122826722520397,0.7429487893776693,3.493540829312485e-08,6.959328017624979e-09,2.627781302551556e-07,1.5505571955642165e-05,4.54394618575812e-05,0.0060970209214052965,1.7028894260692242e-06,0.004336662322884862,0.0003143309318256762,0.00018927682189904413,1.1492678771867741e-06,1.7502137471563393e-08,0.03662276323987226,1.7970399640999027e-05,1.7496420061186014e-06
8,3.541457578202059e-08,8.774588019510505e-08,0.00011191857180637822,0.0046031561131560815,1.8416695354551053e-07,0.12043579530858471,1.1427500784566114e-06,1.1553150966544193e-05,0.002459236298817309,0.8136324674259297,9.614915914373236e-09,4.133143664629328e-09,7.405527564037533e-08,1.7798333321160686e-05,2.6516917317994735e-05,0.005290552003571874,1.3296267007499645e-06,0.0018190946295118292,8.494731791968466e-05,0.00014454588458037633,5.515992178710212e-07,4.97917469755675e-09,0.051327342777713204,2.9070618367133626e-05,2.580562519798621e-06
9,1.3432514900086097e-08,6.764874561950702e-08,7.640450767118442e-05,0.0029763518969916887,9.835416649631507e-08,0.06494662002253411,6.554674784003405e-07,9.101458251366393e-06,0.001766777084355747,0.8967992946803587,4.78375426136371e-09,2.2085183501555e-09,5.071591701974888e-08,1.7177831432304896e-05,1.5371859544830103e-05,0.004316379946159462,6.989713627585306e-07,0.0013563323374902736,6.528972997174091e-05,0.000135591978782976,3.9690682239507685e-07,3.13092223478961e-09,0.027497716844658248,1.790941880963968e-05,1.6887827853914122e-06
10,3.914566671258625e-08,9.414618093842013e-08,7.417742651023478e-05,0.005368895253079528,2.0740759548252805e-07,0.18218310080891728,2.473361726191877e-06,2.2719038983365632e-05,0.002712413422154903,0.7560061607720672,1.7257248014591e-08,5.554026880986512e-09,1.0585108881867876e-07,1.616613416240049e-05,3.816908110682217e-05,0.006369878304385619,1.3805837993352183e-06,0.002997844423052633,0.00020153683353303666,0.00015382264404458447,7.902388057626977e-07,9.337101668372551e-09,0.04382930464705664,1.8516224732200226e-05,2.1721029736723832e-06
11,4.47059860189091e-08,1.0311985583801164e-07,8.05519787353506e-05,0.005674993948947823,2.2804129203895102e-07,0.17992108000729332,2.8216386001665746e-06,2.401359655185931e-05,0.002904789123511406,0.7561613907833175,1.9341239283418635e-08,6.25612522464004e-09,1.2903995686227334e-07,1.741652164422203e-05,4.054431759368405e-05,0.006715666606876469,1.4724032701320974e-06,0.0032260201105460424,0.00021994147054531148,0.00017213318398292887,8.88076844649134e-07,1.0616701922877896e-08,0.044812138535156844,2.1276101708197885e-05,2.3204737168388074e-06
12,3.684786459173217e-08,8.379846086507022e-08,0.00012386229828443884,0.003155239597717379,6.139434351674742e-07,0.1565275576770065,1.7191780847171274e-06,8.396986381404685e-06,0.00402340926360175,0.7665432417365117,1.824983407655885e-08,3.929223851337518e-09,8.652671674163134e-08,3.190286406765795e-05,2.8575570410478796e-05,0.0031232148209803298,1.4214341225299944e-06,0.002344438369037041,6.0517626719754974e-05,0.00031497057120049606,8.230549821154509e-07,6.696943587728233e-09,0.06366371784113649,4.2427392312570375e-05,3.713724963942726e-06
13,6.654299584822722e-08,1.3654259959051043e-07,0.00010274018828205852,0.005958285631896354,3.6099821733677533e-07,0.16471827459605626,3.414318745792827e-06,4.512075125124081e-05,0.003889278688278512,0.7836170102705884,4.915719340046693e-08,1.2428361224867896e-08,2.1070950889223788e-07,4.545472001987591e-05,7.522380841536318e-05,0.005534945263381129,1.371041173262466e-06,0.004135072053506286,0.0002692213192873597,0.0002419335529591546,1.4013169827476722e-06,2.5936711062277475e-08,0.03133917027676313,1.7141223971285454e-05,4.078662854437446e-06
14,5.402479337859764e-08,3.943094320382857e-08,0.00016721091726928328,0.002557738864802985,1.3068723096930702e-07,0.3854852631498502,5.002116061747858e-06,2.9070520564704723e-05,0.004599074690730752,0.5255957277031836,1.4782153992199066e-08,1.4316344083057683e-08,7.841912420872648e-08,1.3160838304614032e-05,8.023769749594234e-05,0.02028449268076208,1.7363156239891499e-06,0.0013638509634320555,0.00011112381361978735,0.00019206697422214302,5.500328834654338e-07,8.479165604653218e-09,0.059479231114397346,2.5773267354204424e-05,8.348199685595487e-06
15,3.914566671258625e-08,9.414618093842013e-08,7.417742651023478e-05,0.005368895253079528,2.0740759548252805e-07,0.18218310080891728,2.473361726191877e-06,2.2719038983365632e-05,0.002712413422154903,0.7560061607720672,1.7257248014591e-08,5.554026880986512e-09,1.0585108881867876e-07,1.616613416240049e-05,3.816908110682217e-05,0.006369878304385619,1.3805837993352183e-06,0.002997844423052633,0.00020153683353303666,0.00015382264404458447,7.902388057626977e-07,9.337101668372551e-09,0.04382930464705664,1.8516224732200226e-05,2.1721029736723832e-06
16,4.139390487564521e-08,1.0192254048662845e-07,7.180357967969399e-05,0.005735435651385945,2.2029387161148265e-07,0.18295494745284618,2.627232127541004e-06,2.5384404919975797e-05,0.0028612795953854484,0.7565696654049602,1.9840390020972707e-08,6.404960722401396e-09,1.1483163244039921e-07,1.8227035776060974e-05,4.3133762144755355e-05,0.006283552682176114,1.3753905095300808e-06,0.0031565380311162116,0.00022261030326365525,0.00015566703607737783,8.232708171122295e-07,1.1010513463136804e-08,0.04187651209735629,1.758140019169617e-05,2.3199714528855357e-06
17,7.47500378735337e-08,1.3422506514752378e-07,0.00011020003031310113,0.0068358016780761775,3.705204699773944e-07,0.17712907508909725,3.718634344072956e-06,2.9368626733716286e-05,0.00380631475057753,0.7369988424337468,2.9523639976591617e-08,8.993649690408758e-09,1.8429835061766227e-07,3.064063875835553e-05,3.366406030597419e-05,0.005544658403865511,1.921805509594112e-06,0.005362513890391786,0.00019430786119321072,0.0002220184489023814,1.3596933709511868e-06,1.3856338812468516e-08,0.06366230068174793,2.9845322321569378e-05,2.6317831919907576e-06
18,5.98701057650116e-08,9.195382470200049e-08,5.380052723051436e-05,0.013482795865493788,2.754716086495274e-07,0.25768337354262294,2.4466817943215553e-06,3.446435272293095e-05,0.002303230741384015,0.6754236280350675,2.260951611401245e-08,3.4875142721456336e-09,1.223618872907324e-07,7.919070417308367e-06,3.608717739616715e-05,0.003702082802712827,1.2214861479678392e-06,0.003959365542913222,0.00024346475196147427,0.00010730240124522758,5.820929296605571e-07,9.522664501704506e-09,0.04294506051836625,1.1901090398414476e-05,6.880420741766291e-07
19,2.45171207803623e-08,1.0280366100272563e-07,5.270660947029467e-05,0.006106239685524023,2.1081955994494076e-07,0.1619936550327949,1.895109089034875e-06,1.725230520082622e-05,0.002821768369162761,0.7882656441995601,1.1385803495921022e-08,4.7638704379432625e-09,8.233152612253572e-08,1.4012647800471633e-05,3.844123805753265e-05,0.005289809284026619,1.0602229499630008e-06,0.0018020211789489234,0.00015772123541582517,0.00013309032200946625,4.501627269381733e-07,8.248223405800487e-09,0.03328543746857725,1.646660070299435e-05,1.8834582168584845e-06
20,3.4221890137960457e-08,1.0579243998356554e-07,5.640522818348108e-05,0.00587770942701943,2.085309894292661e-07,0.16627356855126482,2.270669617532256e-06,2.7994235759972813e-05,0.002944914446181798,0.7880574874363698,2.11042698566548e-08,5.1033093043602746e-09,1.3579241107306002e-07,1.936219885325021e-05,4.4779831719864787e-05,0.004538037175668569,9.870783069899174e-07,0.0027818652106810374,0.00023438764496291014,0.00017150722507105651,7.312192988080164e-07,1.4858251415497004e-08,0.02895217171695652,1.347015554873444e-05,1.825144974114914e-06
21,5.3149118660077324e-08,1.0664757153712535e-07,0.00013226766925717088,0.005323821153153023,2.156130209624693e-07,0.1210676477905073,2.587305239735505e-06,2.658645386811064e-05,0.0025939537735385444,0.8079946751318627,1.7829231992346973e-08,7.73352837394091e-09,1.4253348617899824e-07,2.5146948967957047e-05,2.6582368025909068e-05,0.008209387105657922,1.7762912612966273e-06,0.0044506461674637815,0.00015911069740836078,0.00020986735162176578,1.1096357732552604e-06,7.990495131470202e-09,0.049744819743352035,2.692098828022629e-05,2.541928308002e-06
22,4.308049416764667e-08,8.287235881198324e-08,8.418950569461685e-05,0.004470301914288978,1.5809634338174622e-07,0.1554010199747236,1.6837036956620456e-06,2.5929486827531567e-05,0.0015059933347715052,0.7846907307341846,1.6939381624128137e-08,3.76168394413478e-09,8.962373747268464e-08,1.5204660412841884e-05,2.3016918209075977e-05,0.005047606999714752,1.8860762319625503e-06,0.00378410233521527,0.00016211839581922835,0.00013445789502104276,9.57053660735964e-07,8.060927155224317e-09,0.04463724116197176,1.179090762568161e-05,1.3665070045384925e-06
23,3.914566671258625e-08,9.414618093842013e-08,7.417742651023478e-05,0.005368895253079528,2.0740759548252805e-07,0.18218310080891728,2.473361726191877e-06,2.2719038983365632e-05,0.002712413422154903,0.7560061607720672,1.7257248014591e-08,5.554026880986512e-09,1.0585108881867876e-07,1.616613416240049e-05,3.816908110682217e-05,0.006369878304385619,1.3805837993352183e-06,0.002997844423052633,0.00020153683353303666,0.00015382264404458447,7.902388057626977e-07,9.337101668372551e-09,0.04382930464705664,1.8516224732200226e-05,2.1721029736723832e-06
24,2.8836414821849527e-08,1.2398715280987034e-07,5.215570085117636e-05,0.007924752911080506,1.8078971729202443e-07,0.1304698913339141,1.948751966425183e-06,2.2374926846752714e-05,0.0021941241475250807,0.8134735769504379,1.3403180438056127e-08,4.358311978065489e-09,1.023873821074719e-07,1.6501856785041426e-05,3.3231724561585515e-05,0.005072945344189985,1.2183269275193483e-06,0.003144970093522614,0.00023535395418932965,0.00012657596981692224,6.692879994062573e-07,8.84798239325181e-09,0.03721384859140916,1.3948817419254376e-05,1.4487004153504604e-06
25,5.836996945167956e-08,9.442619820534238e-08,9.255418130976226e-05,0.007487791602125658,3.4421436423002216e-07,0.1834297857894618,4.238931465388284e-06,6.566402644620804e-05,0.0028963365884458175,0.7398151818692794,3.569579217392475e-08,8.104032747279926e-09,1.598324904712518e-07,2.9032219405795804e-05,3.157235868474726e-05,0.006185056489736774,1.5791482886098935e-06,0.008188470858092847,0.00022942484723809312,0.00025636736167640646,1.5088925631956283e-06,1.2904831406984513e-08,0.05126762009155109,1.53759793509816e-05,1.7252171988004615e-06
26,5.048075449022773e-08,7.718207602228433e-08,0.00011500942986015502,0.00479903057841391,2.464102344734207e-07,0.16161011823318627,1.9846165601462406e-06,1.3701329917109463e-05,0.0033015335460012006,0.7382192168397562,1.291703328879206e-08,4.086064464374625e-09,9.43073028338773e-08,1.6738496739526423e-05,1.9796623639317232e-05,0.005442798180197548,1.434712459918493e-06,0.0038835219883916923,0.00010871918664859151,0.000182253448133535,8.485263530270304e-07,4.735696286354621e-09,0.08224137109590651,3.945650874180438e-05,1.9765399316368648e-06
27,3.704055079979748e-08,9.701277040672752e-08,5.3286140407634607e-05,0.005706316066004083,2.3610370534774058e-07,0.22653944917720079,2.6020599493888435e-06,2.486011880520897e-05,0.004045381735947138,0.7213390911315714,1.982133989108238e-08,6.250502011434919e-09,1.1128122662215849e-07,1.5151172106409486e-05,4.964740417390957e-05,0.005340697097976199,9.434229214895064e-07,0.0022997089066169193,0.00022989740761293156,0.00014168557798436204,5.953334423132203e-07,1.4073759751705214e-08,0.034189666018903185,1.8164521408353435e-05,2.3351231133139902e-06
28,3.914566671258625e-08,9.414618093842013e-08,7.417742651023478e-05,0.005368895253079528,2.0740759548252805e-07,0.18218310080891728,2.473361726191877e-06,2.2719038983365632e-05,0.002712413422154903,0.7560061607720672,1.7257248014591e-08,5.554026880986512e-09,1.0585108881867876e-07,1.616613416240049e-05,3.816908110682217e-05,0.006369878304385619,1.3805837993352183e-06,0.002997844423052633,0.00020153683353303666,0.00015382264404458447,7.902388057626977e-07,9.337101668372551e-09,0.04382930464705664,1.8516224732200226e-05,2.1721029736723832e-06
29,3.914566671258625e-08,9.414618093842013e-08,7.417742651023478e-05,0.005368895253079528,2.0740759548252805e-07,0.18218310080891728,2.473361726191877e-06,2.2719038983365632e-05,0.002712413422154903,0.7560061607720672,1.7257248014591e-08,5.554026880986512e-09,1.0585108881867876e-07,1.616613416240049e-05,3.816908110682217e-05,0.006369878304385619,1.3805837993352183e-06,0.002997844423052633,0.00020153683353303666,0.00015382264404458447,7.902388057626977e-07,9.337101668372551e-09,0.04382930464705664,1.8516224732200226e-05,2.1721029736723832e-06
30,3.914566671258625e-08,9.414618093842013e-08,7.417742651023478e-05,0.005368895253079528,2.0740759548252805e-07,0.18218310080891728,2.473361726191877e-06,2.2719038983365632e-05,0.002712413422154903,0.7560061607720672,1.7257248014591e-08,5.554026880986512e-09,1.0585108881867876e-07,1.616613416240049e-05,3.816908110682217e-05,0.006369878304385619,1.3805837993352183e-06,0.002997844423052633,0.00020153683353303666,0.00015382264404458447,7.902388057626977e-07,9.337101668372551e-09,0.04382930464705664,1.8516224732200226e-05,2.1721029736723832e-06
31,5.687935985922762e-08,9.861588770060292e-08,0.00011876447459164953,0.004908346576051396,1.679691918477553e-07,0.15456530398102813,2.8322850541303768e-06,3.527119674463743e-05,0.0021927359979622488,0.7792104397305717,1.8176635451524416e-08,6.236400676060214e-09,1.2771332220270693e-07,1.8200698698000927e-05,2.5245704456542524e-05,0.007797730045377884,1.8980185341530681e-06,0.004277723815035181,0.0001943147558867389,0.00015413689345614715,1.1920149240694486e-06,9.20476937822339e-09,0.046476115664235026,1.7280652548614777e-05,1.9826992765091206e-06
32,3.992259546402062e-08,9.82221061762882e-08,7.0187775957389e-05,0.005707879596907627,2.1077790862637075e-07,0.18702620938758072,2.6574752738580363e-06,2.367346742070499e-05,0.0026954671293589567,0.7506122093754403,1.8153123609504487e-08,5.802509920621729e-09,1.1292369561330081e-07,1.5067135494617845e-05,4.2510478500254364e-05,0.0069353312511454416,1.425900107665723e-06,0.0030676111057122857,0.00023901611737891406,0.00015474341045918822,8.099908325521597e-07,1.0061860359909088e-08,0.04338350942327992,1.8995735153836993e-05,2.1993801960815437e-06
33,1.0500983018697224e-07,1.7946847130052543e-07,0.00010144011447364881,0.013257297266872194,2.941276801757861e-07,0.19529116527028334,5.504356320802174e-06,5.393971636572199e-05,0.0023462195471366802,0.7130035114653059,3.8216391321552016e-08,1.3801966067638818e-08,3.0456128988675777e-07,1.9078501651876688e-05,4.807250570849881e-05,0.011443958097096408,3.31979832825937e-06,0.0073124884143929226,0.0004617328582155945,0.00019602318318027892,1.573142931238806e-06,2.065182714594755e-08,0.05642607318909706,2.5491998214493063e-05,2.1547369689753116e-06
34,7.26498577142274e-08,9.695574716834799e-08,8.991541585019396e-05,0.00661180145717057,2.6737261076383566e-07,0.21978449440758885,3.3958255071355037e-06,2.875657720593148e-05,0.003382284766056405,0.7073744840819374,2.808576696160771e-08,6.5318696163909254e-09,1.5750995803881522e-07,1.6373713107013886e-05,5.0284116762296536e-05,0.006141533978755047,1.522523332082764e-06,0.0041967456241437245,0.0002880760779665255,0.00016021174333711585,1.0728633237357506e-06,1.2764747711575674e-08,0.05184445050735267,2.175476331736218e-05,2.1996867281357366e-06
35,7.171909971600751e-08,7.803195581615602e-08,7.531124125524546e-05,0.004602405465000185,1.4317290519348647e-07,0.24823383695194098,3.9094636298645366e-06,4.19279976746642e-05,0.0030566197167315864,0.6862931753628608,2.2211161227447594e-08,7.139536255545435e-09,1.31151273949664e-07,1.0414173278466153e-05,2.5534249335704816e-05,0.008711624157996553,1.5571404608485804e-06,0.005219263777759665,0.00037556367379624735,9.685168458344074e-05,1.1317533278607184e-06,1.3124340643123815e-08,0.043230868251073494,1.787911936798851e-05,1.6592696537434773e-06
36,2.5444126247784225e-08,9.485228058336143e-08,5.771483838921881e-05,0.004296589723621195,9.746143426378096e-08,0.12833978566996318,2.1602485020480976e-06,3.006019076563742e-05,0.00201171502408224,0.8300542580870268,1.0772712198666179e-08,5.25213290812562e-09,9.771211565182976e-08,1.4916398075787796e-05,2.5773443889457684e-05,0.007588247708926638,1.2692122378772192e-06,0.002704533316632519,0.0002167781282715302,0.00012219804935799608,6.029318627965977e-07,1.0174134670387097e-08,0.024522420383620225,9.098697200721902e-06,1.5362786374294863e-06
37,3.6900277684775195e-08,9.251698421284153e-08,6.999357438335641e-05,0.005336523762270251,1.9924587886521326e-07,0.18394168898662044,2.3849841112810096e-06,2.26107086553777e-05,0.0026160434153455828,0.7561571670241812,1.679175076345176e-08,5.323274135827944e-09,1.0112986382510385e-07,1.543247494826987e-05,3.8892841566131784e-05,0.006316325744923208,1.3454485225265169e-06,0.002874457085256102,0.0002042792219482111,0.00014880038586027552,7.555591514219371e-07,9.27237685442275e-09,0.042233453444628415,1.7275834312674533e-05,2.1083229089620497e-06
38,4.334653784855488e-08,7.254371362559823e-08,6.774881260736386e-05,0.004687012607102775,1.4058984652324432e-07,0.26429110725956284,3.6773319950372377e-06,2.7299974019785983e-05,0.0019052506964199647,0.666924677283808,1.7314315492644143e-08,5.4817896090232e-09,1.1771086975062302e-07,7.447893763942028e-06,4.44593531008701e-05,0.011782929461058194,1.9475860093684476e-06,0.0031271957258319017,0.00032828531574567043,0.00014919634692484206,8.600649149644642e-07,9.308712456577834e-09,0.046632340025881756,1.632876896992143e-05,1.829196497496197e-06
39,5.412221196469698e-08,8.357741388423863e-08,8.937015865869727e-05,0.004718753674565602,1.8104830576742957e-07,0.2743450890710622,5.08043359033559e-06,5.000076117465312e-05,0.0024116769902555115,0.6547289595380172,2.3834799386319392e-08,9.100702442017595e-09,1.3213055806155197e-07,1.2972168973205154e-05,3.99015665550762e-05,0.012242633245074587,2.161547477356889e-06,0.003837995938289776,0.00029085501531190573,0.00016572527974492845,1.2731188638644628e-06,1.3541139740673791e-08,0.04703765652748039,1.691772675218997e-05,2.47988302097726e-06
40,5.422549925541845e-08,1.0412868323973909e-07,9.729187718226842e-05,0.004819016000266994,2.527126467017779e-07,0.2151309998867643,2.829168886088471e-06,2.3837392226687282e-05,0.0030465944221863624,0.7235562832419187,2.3078230605971798e-08,7.652131928305418e-09,1.1910222814233531e-07,1.892998872085452e-05,4.976168072778032e-05,0.006407701086540112,1.7052989442339475e-06,0.002554505815363404,0.00018163825572788475,0.00015986305206766772,8.826509842022326e-07,1.235850619672872e-08,0.043924411702647076,2.0081802481397003e-05,3.093418438108078e-06
41,3.23997271670777e-08,8.263749420462812e-08,4.285505338884741e-05,0.008414108757146493,3.1611414962189636e-07,0.2747442900108929,1.971170031572057e-06,1.918486179722019e-05,0.0037746800474377736,0.6697104737212102,1.6634991957114554e-08,4.677885156123188e-09,6.359032488769586e-08,1.092246334379391e-05,7.16949211856759e-05,0.0038359655835762214,8.691515861145008e-07,0.001574010986248271,0.00017380496834541598,9.884423707412437e-05,3.4010184088237454e-07,9.369718021849734e-09,0.03751046679605681,1.3138426711312198e-05,1.853317835375035e-06
42,3.906148922574339e-08,9.498377505101137e-08,7.306159393410307e-05,0.005374151799697184,2.0512602407354106e-07,0.18418212982004517,2.50623117499834e-06,2.3025184716078297e-05,0.002699474590437875,0.7550005480001758,1.7304798091624732e-08,5.589931578514964e-09,1.0738862552955186e-07,1.5806738573175648e-05,3.8832230691577817e-05,0.006474283269815563,1.389025176151209e-06,0.002943254174858861,0.00020735176518581658,0.00015271750571202366,7.879411871226671e-07,9.647071316041674e-09,0.04278975038590748,1.8283563920067077e-05,2.167077076056834e-06
43,5.6538617387440184e-08,1.200641849150318e-07,9.456726076182178e-05,0.006896805129193493,2.5749415588511756e-07,0.18628052677102114,3.50118973145353e-06,2.5118185634938457e-05,0.003238459916605566,0.7352350529246193,2.1748277677909326e-08,8.195674514565884e-09,1.4652380161780163e-07,2.099936958471325e-05,4.356482654827485e-05,0.007492418430321396,1.8030654940981744e-06,0.003941639669073179,0.00023404234851934867,0.00017581723832555128,1.0200350280311304e-06,1.1052269115244327e-08,0.05628605764016407,2.5247626835460397e-05,2.736755557053009e-06
44,3.914566671258625e-08,9.414618093842013e-08,7.417742651023478e-05,0.005368895253079528,2.0740759548252805e-07,0.18218310080891728,2.473361726191877e-06,2.2719038983365632e-05,0.002712413422154903,0.7560061607720672,1.7257248014591e-08,5.554026880986512e-09,1.0585108881867876e-07,1.616613416240049e-05,3.816908110682217e-05,0.006369878304385619,1.3805837993352183e-06,0.002997844423052633,0.00020153683353303666,0.00015382264404458447,7.902388057626977e-07,9.337101668372551e-09,0.04382930464705664,1.8516224732200226e-05,2.1721029736723832e-06
45,3.466180979210117e-08,9.955739475979906e-08,0.00017692652634341297,0.0016509643475234026,7.359359291431164e-08,0.04038067006786519,4.501256902475029e-07,7.534153889651954e-06,0.0010999624032634345,0.9032553227554021,8.175206471768518e-09,2.5639567823767546e-09,6.190375751920551e-08,4.3415662414142605e-05,4.671756358009508e-06,0.0025170329574569997,1.4762761664583707e-06,0.003996478155721739,4.622346049777041e-05,0.0001038615965865369,1.2034233324123603e-06,3.0374858276405246e-09,0.0466907652514335,2.0835360435843406e-05,1.922226415013395e-06
46,1.1715956231288726e-07,2.0990412152945844e-07,0.0001066752029138565,0.011549083457801286,2.835337341188955e-07,0.29816707271253456,4.813679400074124e-06,3.575959280226161e-05,0.001541512579579591,0.6069603765084912,3.159576120582345e-08,1.6349163859033702e-08,2.142361670312571e-07,1.0177947752636905e-05,7.469179382151574e-05,0.015619530734423619,7.05823190824723e-06,0.002976368594159595,0.0003455067472333302,0.0001415730430124866,1.0224225892224815e-06,2.1861296824938203e-08,0.062431674948170146,2.3083876712884255e-05,3.1232868865125497e-06
47,6.196335308833701e-08,1.7189771617656738e-07,8.24129944532264e-05,0.005348438931642584,2.0206576356193449e-07,0.22046164143434133,4.078914683399252e-06,2.501221733731327e-05,0.003355785773149013,0.7219552909138214,2.1767544038200683e-08,1.2663978925018334e-08,2.1180641214356242e-07,1.37649066887673e-05,5.122112137226602e-05,0.011562602998637256,2.2171359440846227e-06,0.002279032160872339,0.00031203970584700174,0.00016099789858343823,8.015753839695621e-07,2.159782264303081e-08,0.034352853942155794,2.757392736872692e-05,3.529685127483055e-06
48,3.2006457509422495e-08,1.7969059244154368e-07,4.752405424470916e-05,0.007726073284377875,1.2957878771468772e-07,0.1547966286026363,2.061940902596121e-06,2.62076350574565e-05,0.0012562548461493219,0.7942494628979422,1.23464460574011e-08,4.698191662439513e-09,1.0038775971180048e-07,1.067378730440256e-05,3.257961424443089e-05,0.0063338210866144455,2.3556673372978898e-06,0.0023202695464948193,0.0002885136637271473,8.475193562441185e-05,6.644877510932547e-07,1.2244173129444863e-08,0.03281193745816141,8.4613252764257e-06,1.2872137455381907e-06
49,4.8170192294844865e-08,9.00086520558023e-08,9.248519711458234e-05,0.004629320373262719,2.0721916289991166e-07,0.21419431620522453,2.6681049796580386e-06,2.466669806804404e-05,0.002878209383463128,0.7208861551532111,1.9133236899043095e-08,6.401436217548504e-09,1.1016604751617491e-07,1.6536091386537242e-05,3.265657594661008e-05,0.006240740499873782,1.5277062889214613e-06,0.002989197179929897,0.00015237858588900379,0.00016521874003132966,8.162815093782157e-07,9.501074641568263e-09,0.04767036977802483,1.999816366617023e-05,2.2486823272611133e-06
50,1.9639618784256483e-08,9.137848703527418e-08,4.9118499163742404e-05,0.004028745444954217,1.362901322108506e-07,0.12532487930776565,1.7631050085629693e-06,2.4956591136555284e-05,0.0021177375623233573,0.8400638816022147,1.1401363858035709e-08,4.110384987733839e-09,8.52314433215662e-08,1.464826429321651e-05,2.8705166861633347e-05,0.005230063359973066,8.585238005969267e-07,0.00193443851051365,0.0001814036197964642,0.0001277459789718143,5.384844466928372e-07,9.413875505811611e-09,0.020858898539266826,9.66263697230367e-06,1.5973372314788838e-06
51,1.8432320180934753e-08,2.909062062716542e-07,3.3013480298851964e-05,0.01265750724570983,1.2585173493697948e-07,0.0602227902794821,9.68946636853057e-07,2.7757129641882738e-05,0.001697773222452276,0.9076968011391123,1.109768436560697e-08,3.913209902888126e-09,1.0556596662492311e-07,2.530630859286868e-05,3.1037390713054264e-05,0.002087400825909121,6.649210179329488e-07,0.00188845149315327,0.00021320827564285183,7.28819210620899e-05,3.932123997934304e-07,1.273033712715908e-08,0.013337433310589043,5.167445850185648e-06,8.749542764168496e-07
52,6.080175748301404e-07,1.7149201530583991e-06,0.0012587958025326044,0.009001120590062492,1.118031946181696e-05,0.35891149004171374,0.00012069972841607563,4.79230618804053e-05,0.012600905704874956,0.18366274893110987,2.9036955083710904e-07,7.139242310158034e-07,4.447271414061166e-07,0.00015162295172346696,0.00012150574209242384,0.021736493659694576,6.325588601450789e-05,0.0016207524266278433,0.00016850272836948209,0.0002009287645406151,2.0022261862521913e-05,4.1100028192632994e-08,0.40954585108902264,0.0005753760102099386,0.00017701124111077339
53,3.7923416762350215e-08,9.41238177979054e-08,7.270640386998921e-05,0.005292919844244898,2.014358594518965e-07,0.1733009645558785,2.258487160468158e-06,2.1715977121376796e-05,0.002602850538275241,0.7675676668740007,1.6585331844537547e-08,5.1561281216365594e-09,1.0339114449384066e-07,1.5877060993293208e-05,3.681477635475613e-05,0.006042376348195482,1.3451821798400222e-06,0.002890708872226216,0.00019773940192764766,0.0001484265985001186,7.695598525943654e-07,9.176204031820658e-09,0.0417843719791271,1.7955286831963265e-05,2.0644613570755767e-06
54,1.8842713425615858e-08,1.108395232054718e-07,6.970240662649504e-05,0.00311057409354319,1.5191296943428108e-07,0.11966614085827512,1.8222037664271428e-06,1.57765463363319e-05,0.0031310212766979682,0.8396967623955457,9.980665375663904e-09,7.742194633957902e-09,7.597118714062204e-08,2.191609193249385e-05,4.172285820803961e-05,0.008331303163047827,9.610460137311948e-07,0.001320943107935457,0.00013949383120152523,0.00014938539067686923,4.9266567325223e-07,8.561684050404106e-09,0.024278763978938307,1.8455207114411222e-05,4.3790275295554445e-06
55,8.093793953103645e-08,1.338359484717312e-07,9.196869918764712e-05,0.009397743014306752,4.650352535960038e-07,0.2860251325767729,8.37677206570778e-06,3.0012147518127593e-05,0.007864283635965521,0.6020702046032101,3.103446339323412e-08,1.9684477320083347e-08,2.1145868866554547e-07,2.2732749646927337e-05,6.047673871511084e-05,0.011189432832636414,1.6173173435717588e-06,0.005112105742244084,0.0003079762903322632,0.00022417217700947605,1.0397854930124442e-06,1.460931351437823e-08,0.07752888111068613,5.840689193627938e-05,4.480318845390378e-06
56,4.210080214196061e-08,9.932767940134983e-08,7.671814433422142e-05,0.005505160693714441,2.1568274265311429e-07,0.18310148795728798,2.6437885519148884e-06,2.3625283416988417e-05,0.0028136562042935824,0.7542314274865087,1.8474651038774114e-08,5.968703091262212e-09,1.1674349552376704e-07,1.6771996552089418e-05,3.931484771474905e-05,0.006476927892457611,1.4243383882844108e-06,0.0031023001936005858,0.00021047259047350187,0.00016118643153345693,8.300875142617396e-07,1.0102287075399365e-08,0.04421371449809615,1.958168155964121e-05,2.2474836407020493e-06
57,4.0508902066772e-08,1.3588869669294578e-07,7.376078113128673e-05,0.005490560778135413,1.7755425112076412e-07,0.14036214154831775,3.1872724701338298e-06,2.5906610853709872e-05,0.002441295945151023,0.8060418060254559,1.818091088643966e-08,6.890454217352255e-09,1.7359105157027518e-07,1.5790699629318305e-05,4.322027683194845e-05,0.009524671463939798,1.5912300863352973e-06,0.0031889845115907665,0.0003729858155849241,0.00016599009853250003,1.0837993650759151e-06,1.3568065500756781e-08,0.032222854625818115,2.119082039573351e-05,2.4115143780945356e-06
58,4.3797100975575614e-08,1.0468606292706147e-07,8.009920309277931e-05,0.005750076540711989,2.520251452174283e-07,0.1848425681712769,2.850107704124756e-06,2.0796782007256106e-05,0.003251065953818311,0.7453052411880079,1.8970864931734748e-08,6.533293771957761e-09,1.294875638991503e-07,1.7250317958069e-05,4.2448149735257e-05,0.007144253876839028,1.4271660830441488e-06,0.0031525532024589457,0.00021710757208265178,0.00018716621750255221,8.697904387922661e-07,9.966212759364266e-09,0.04995343152045969,2.7620955617694188e-05,2.60781796047314e-06
59,3.8179508907856044e-08,9.545932889699277e-08,8.467798194597202e-05,0.004889575226004591,2.2200564258480834e-07,0.16370576221845543,2.3453088765388754e-06,1.905771061116294e-05,0.0028913321648815775,0.772387378376639,1.584495415564018e-08,5.4329361489101425e-09,1.1021877200101462e-07,1.728876756635213e-05,3.4463756559098374e-05,0.0065908976786009845,1.3447691528047795e-06,0.0028715458538220826,0.00017489289307228757,0.00017700180060005252,8.302404926318118e-07,8.260191123077504e-09,0.04612397421898071,2.4736424906711384e-05,2.3992074982463465e-06
60,3.914566671258625e-08,9.414618093842013e-08,7.417742651023478e-05,0.005368895253079528,2.0740759548252805e-07,0.18218310080891728,2.473361726191877e-06,2.2719038983365632e-05,0.002712413422154903,0.7560061607720672,1.7257248014591e-08,5.554026880986512e-09,1.0585108881867876e-07,1.616613416240049e-05,3.816908110682217e-05,0.006369878304385619,1.3805837993352183e-06,0.002997844423052633,0.00020153683353303666,0.00015382264404458447,7.902388057626977e-07,9.337101668372551e-09,0.04382930464705664,1.8516224732200226e-05,2.1721029736723832e-06
61,4.048082004266905e-08,9.38992158185505e-08,8.886048396803549e-05,0.004707178876193763,2.2296280980169207e-07,0.1672926740550597,2.3780738637267868e-06,1.990645766923396e-05,0.0029885442520550818,0.7686125787854523,1.641613547023232e-08,5.68118163555969e-09,1.0851974091767873e-07,1.7705640933110273e-05,3.303813346984905e-05,0.006473829607638774,1.3413027247138416e-06,0.002931652333326481,0.0001695122940178494,0.00017092002970751794,8.518459270585807e-07,8.329677421115165e-09,0.04646101493706209,2.5053482563042167e-05,2.4631187868046656e-06
62,3.914566671258625e-08,9.414618093842013e-08,7.417742651023478e-05,0.005368895253079528,2.0740759548252805e-07,0.18218310080891728,2.473361726191877e-06,2.2719038983365632e-05,0.002712413422154903,0.7560061607720672,1.7257248014591e-08,5.554026880986512e-09,1.0585108881867876e-07,1.616613416240049e-05,3.816908110682217e-05,0.006369878304385619,1.3805837993352183e-06,0.002997844423052633,0.00020153683353303666,0.00015382264404458447,7.902388057626977e-07,9.337101668372551e-09,0.04382930464705664,1.8516224732200226e-05,2.1721029736723832e-06
63,3.757873641095661e-08,1.0510288766679247e-07,7.110878321268095e-05,0.005443387936704782,2.0144163453103556e-07,0.17232447621688604,2.3660409450231296e-06,2.1937129922861742e-05,0.0026032458401805242,0.7683421265152386,1.661203491796355e-08,5.636921050449617e-09,1.0619577375743408e-07,1.5989967106814948e-05,3.8405530938758185e-05,0.0064301081479543835,1.411284832456888e-06,0.002826894726722518,0.00021132070104426263,0.00014645338687618352,7.750082008260268e-07,9.657163366837273e-09,0.04149887754437248,1.8428276009680366e-05,2.2047376994547626e-06
64,4.485478120070234e-08,1.0162935461971604e-07,8.945744290948996e-05,0.005038583932717356,2.2420286286966367e-07,0.16650170521250915,2.810645364419175e-06,2.5000983444704454e-05,0.0025798913637905796,0.768007829931458,1.9064159362318905e-08,5.9836271588204315e-09,1.2420587434915372e-07,1.8167765474739903e-05,3.476396414140234e-05,0.0071695462210633314,1.6156908012357312e-06,0.003621405112956955,0.00021565343637183987,0.00017533803837515977,1.078778056864853e-06,9.650228532297487e-09,0.046493134697879086,2.117771828372619e-05,2.3094735141312235e-06
65,4.938427248139793e-08,8.309979754443526e-08,5.380450991057756e-05,0.007885980869434112,2.249686453634719e-07,0.3018580954818738,3.4904312899652855e-06,2.7889927923863575e-05,0.0021345705761282247,0.6171200092591349,2.314458053902288e-08,5.613636826468096e-09,1.0383790369773158e-07,9.041692664120109e-06,5.904427014621888e-05,0.007728905454497803,1.919315156170139e-06,0.003637785505772173,0.00034709329330343826,0.00012545417585238677,8.251596064671625e-07,1.0457509933915692e-08,0.0589887087315016,1.5145394125394094e-05,1.7354453324073657e-06
66,4.2659738732842744e-08,9.022495136788174e-08,0.00010266258872422447,0.004613068905072541,2.010207130733743e-07,0.1403965051423142,2.770310845876634e-06,3.174461303581545e-05,0.002510961053688484,0.8102266852819241,1.9188765419069837e-08,5.8583439922929695e-09,1.5708464308358083e-07,1.9629593020502497e-05,2.9133152649290774e-05,0.006944745910561787,1.3092135160756534e-06,0.0035797149013231523,0.0001720052858677555,0.00022561402880744933,9.363598943927603e-07,1.0209628827446456e-08,0.031123623869310526,1.649625811606779e-05,1.867284543555844e-06
67,4.2188172557235575e-08,1.6161890373953526e-07,2.5233735061473712e-05,0.0064825347941519385,3.4106461844939e-07,0.3796607732816169,5.203933519965212e-06,2.8852986092075258e-05,0.00819492210423543,0.5833116909196443,3.056938858677866e-08,1.8472838592502558e-08,1.1698071029266329e-07,1.1134422775807973e-05,0.00013584193814814976,0.006344299009603943,7.699068551547536e-07,0.0011449638072865617,0.0006082333419953882,5.347664809335091e-05,3.9847323577429646e-07,4.609146511983396e-08,0.013972200099048213,1.426800527289118e-05,4.4456072652297025e-06
68,1.2304060828483744e-07,1.7884386598978624e-07,3.7397701990596364e-05,0.01124262396961405,1.6920634464085617e-07,0.3542402973985714,6.8603480494454516e-06,0.0001139021521039602,0.0011501565298034908,0.5815282570116249,5.575650032255068e-08,8.026276143914925e-09,2.4170342496920367e-07,5.11474922323664e-06,9.901044136209421e-05,0.01343847243395014,4.556204177005266e-06,0.0059714004999572405,0.0026459886846327343,5.7132090499596696e-05,2.4314898567717364e-06,5.837054117591835e-08,0.029448319731376744,6.0716010432803765e-06,1.1720146018294463e-06
69,9.127255660333137e-08,1.556926414836959e-07,3.464880045140963e-05,0.014005475479019033,4.6370532744352445e-07,0.4692566664716301,4.355672408469781e-06,1.526599392633313e-05,0.004002604127506208,0.4609824344472081,3.208159227923324e-08,1.0411461385609547e-08,1.3565848541321414e-07,5.443413249156834e-06,0.00016126331355841608,0.0061227193100308035,2.1743513518096052e-06,0.001493491899866449,0.000557450709411135,5.8301257765127564e-05,4.136605165141843e-07,2.624721891475334e-08,0.043271766180607726,2.1894859305241598e-05,2.714982904703183e-06
70,4.4445824161445456e-08,1.0026370758819461e-07,7.664823398372843e-05,0.007838340039384356,2.9714578971952633e-07,0.200473559078166,2.6457388880908654e-06,2.4633768072143287e-05,0.003515355720456601,0.7289015458223899,1.9682648263262557e-08,5.681972344664593e-09,1.0831334015910449e-07,2.0497265375407694e-05,4.5541974632863656e-05,0.0044438115672461006,1.2281551550675238e-06,0.0029968371375248453,0.00015892661762439874,0.00016651321706162754,6.825817079594957e-07,9.631276557283957e-09,0.05131254093706029,1.8049856403819957e-05,2.0571243080287477e-06
71,8.093634351171886e-09,7.825344525099327e-08,7.370265085798423e-05,0.002677751387671432,2.558598156126642e-07,0.043005015085742226,1.8148916575804351e-06,1.5410111238113186e-05,0.004343549557081701,0.9129348445193305,5.924612557347514e-09,2.7665303518486e-09,7.66774342734665e-08,5.4411470258190025e-05,9.58091800963925e-06,0.004278473571619146,3.559381924859045e-07,0.003927444671164646,6.619466642389625e-05,0.0004152229760843983,8.63708902682688e-07,2.9631975067083408e-09,0.028168459135787156,2.461248218751276e-05,1.8617191206462616e-06
