,0,1,2,3,4,5,6,7,8,9,10,11,12,13,14,15,16,17,18,19,20,21,22,23,24
0,2.3913682542452553e-05,0.9791600822179026,8.064720839725548e-07,0.0026093103550562133,0.00046652191733254604,0.0005025054919425236,3.678567329268492e-07,0.0001837117813527935,0.007297496852173723,1.8251322571049307e-07,0.00010129138936351325,1.4029265636287827e-06,7.421161395183167e-09,2.910794212769216e-07,0.0008356504299257622,4.338248024270241e-05,1.154796828023538e-07,2.3882175421777056e-05,0.0029368383455526557,3.3147469261465735e-09,5.819850816406539e-08,0.00576865792891932,3.9197029950835017e-07,5.14222274442413e-09,4.312257762251092e-05
1,2.017946768830661e-05,0.9812559660971467,9.728763748770733e-07,0.0015006720232200348,0.0004858377591229992,0.00036674360942653576,2.3395862967763278e-07,0.00014140193293212406,0.00741782268838057,1.4976257547483837e-07,7.513343357581487e-05,8.833589845393652e-07,5.52328778109528e-09,1.764085655791689e-07,0.0006656741399017352,3.320671763932373e-05,7.741722908459675e-08,1.1971073545271194e-05,0.0035559375805015747,1.9902240963213147e-09,4.005380685340997e-08,0.004435816824301345,2.2915902948281184e-07,3.4720696652605983e-09,3.086267184069073e-05
2,1.8850374323517367e-05,0.9835914466579809,6.369579674872174e-07,0.0011230852548670095,0.0005061344576183722,0.00028589468192909704,2.442509089633321e-07,0.0001315462275781402,0.006633235929810588,1.619075314213396e-07,0.00011387282587255824,1.3012811308226982e-06,4.662920769322586e-09,3.1825054914685954e-07,0.0013034304440989184,1.7912665521626328e-05,8.182106200443975e-08,1.5080378957777106e-05,0.0019833824991372507,2.438198511601663e-09,5.403232625243098e-08,0.004217035924878013,3.862722761346663e-07,3.7483809555737495e-09,5.5896054173833207e-05
3,1.822683190972451e-05,0.9835421817922949,6.46178642723356e-07,0.0015090583109844018,0.00039111928035879845,0.000387640480101546,3.063912802498698e-07,0.00012451233290689282,0.0054563450423076665,1.2926606013439066e-07,8.022860341987118e-05,1.2779071509361817e-06,4.657496965921099e-09,2.8298034289729036e-07,0.0008780700462763275,2.698694763060689e-05,9.318762884785809e-08,1.727025033890985e-05,0.00232600510119325,2.1740764914428527e-09,5.428004036480877e-08,0.005193552189902725,3.5249594872155516e-07,4.6353652028078104e-09,4.564863634069797e-05
4,2.0876706622836705e-05,0.9829656885770066,7.418324923206993e-07,0.001613877685173389,0.0004460028078553705,0.00043692405971464576,3.485706546425663e-07,0.00013472418176682432,0.005464018730327318,1.528190948929916e-07,8.188897551031346e-05,1.3493253986926146e-06,6.113266271816912e-09,3.4244405028950084e-07,0.0008713947350183563,3.1262264078458855e-05,1.0749206614548211e-07,2.020530801602156e-05,0.0027915213543477802,2.6719858422351186e-09,5.8431726407825256e-08,0.005070243343256239,3.8662151511885513e-07,5.98942196032538e-09,4.7868959633463706e-05
5,1.6843369891500863e-05,0.9846178103301202,4.814458541324034e-07,0.0017676109890203287,0.00032281791009480256,0.00043514929574206177,2.6558819658169697e-07,0.0001150265252531564,0.004660161656500647,1.1601601333887147e-07,7.443296338584248e-05,1.1116668996687304e-06,4.626862132478891e-09,2.861823481898127e-07,0.0008348307977717109,2.786448556054482e-05,9.202996986560836e-08,2.4126420775707042e-05,0.002228046386476608,2.431939753671063e-09,5.405074026628217e-08,0.004831176189035453,3.9665783989267246e-07,4.831692735328632e-09,4.128715201502943e-05
6,1.822683190972451e-05,0.9835421817922949,6.46178642723356e-07,0.0015090583109844018,0.00039111928035879845,0.000387640480101546,3.063912802498698e-07,0.00012451233290689282,0.0054563450423076665,1.2926606013439066e-07,8.022860341987118e-05,1.2779071509361817e-06,4.657496965921099e-09,2.8298034289729036e-07,0.0008780700462763275,2.698694763060689e-05,9.318762884785809e-08,1.727025033890985e-05,0.00232600510119325,2.1740764914428527e-09,5.428004036480877e-08,0.005193552189902725,3.5249594872155516e-07,4.6353652028078104e-09,4.564863634069797e-05
7,8.00703146644598e-06,0.9884287963578822,3.294828387274476e-07,0.001031386358785276,0.0002274452666160799,0.0003622122027161972,1.7251719078974462e-07,7.064709169561593e-05,0.0035904488443078844,5.186280243648477e-08,4.93546029789021e-05,9.773551200862095e-07,2.2099767578479117e-09,1.856114047688575e-07,0.0008308537126031158,1.9734141078543895e-05,5.6840989494459684e-08,1.774615931705112e-05,0.0013218572836816258,1.4442274297714513e-09,5.901058052480945e-08,0.004006895104384088,3.5725587693454774e-07,2.8617293700972013e-09,3.241938974962373e-05
8,3.766794000292772e-05,0.9807894550717526,1.9080407106700694e-06,0.0019566540122314714,0.0005250404017183419,0.00028511748783310045,5.115370170100599e-07,0.00016202527295550815,0.0058313280756383205,3.301837669217189e-07,0.00012201549677020096,2.45462334285842e-06,9.111304413246195e-09,6.295008713064632e-07,0.0010719413093756513,3.064330323859519e-05,1.5043288794792605e-07,1.1052859498784733e-05,0.002670451442804858,3.1749657813856533e-09,8.56073960924269e-08,0.006411135603819659,5.459948324845442e-07,1.0638777422947357e-08,8.883287648694104e-05
9,2.258987040241237e-05,0.9851949952183056,7.161608463160788e-07,0.0015993496920763087,0.00031222220031150086,0.00022324027339222207,2.598456727942811e-07,0.00010707918628262048,0.004456718686036668,1.983507416273286e-07,0.00010767607222983842,1.4121173127472382e-06,4.099964757805166e-09,4.0624297558665307e-07,0.0011020457764313097,1.583226553276343e-05,9.000086465323852e-08,1.0681716189621182e-05,0.0016522431452068377,1.986771784979819e-09,5.1543882055669974e-08,0.005117428788838694,4.496640719601751e-07,5.294281669796965e-09,7.430180137747187e-05
10,1.822683190972451e-05,0.9835421817922949,6.46178642723356e-07,0.0015090583109844018,0.00039111928035879845,0.000387640480101546,3.063912802498698e-07,0.00012451233290689282,0.0054563450423076665,1.2926606013439066e-07,8.022860341987118e-05,1.2779071509361817e-06,4.657496965921099e-09,2.8298034289729036e-07,0.0008780700462763275,2.698694763060689e-05,9.318762884785809e-08,1.727025033890985e-05,0.00232600510119325,2.1740764914428527e-09,5.428004036480877e-08,0.005193552189902725,3.5249594872155516e-07,4.6353652028078104e-09,4.564863634069797e-05
11,2.1320553505218414e-05,0.981812583740915,7.952933539454938e-07,0.0016495829042105154,0.00044258108969573857,0.0004395859384042453,3.6192640207063846e-07,0.00015095330237512012,0.005970467028540973,1.6444231860106143e-07,8.642216049034453e-05,1.4818517740404654e-06,6.2460139984437784e-09,3.242750903136638e-07,0.0008972659320412426,3.2315157844547706e-05,1.1352216471396027e-07,1.931716064500465e-05,0.0027925087807509036,2.6727455114690173e-09,5.929046956614842e-08,0.005632766930579296,3.7184719917610444e-07,5.836143025316347e-09,4.8642116326831244e-05
12,1.8516989163843567e-05,0.9831449691597661,6.6959967138397e-07,0.0015270127741880387,0.0003758651640184475,0.00038493512885191323,2.9970732744291604e-07,0.00013299672742310209,0.005552516499372315,1.354907171247867e-07,8.121020772720241e-05,1.2977428301613219e-06,4.7021002915980645e-09,2.6976769152292246e-07,0.0008869177797692859,2.715340933819557e-05,9.383328734099582e-08,1.6475485919932232e-05,0.002385938487172522,2.120547524570838e-09,5.3321378706041547e-08,0.005417883928876352,3.328679586530386e-07,4.548920033230337e-09,4.444455598273537e-05
13,0.0001231105897242248,0.9543759267078151,5.476454695135308e-06,0.005233854219260896,0.0012778779353387474,0.0003026793591528897,1.2156920435013259e-06,0.0006940660958827572,0.014143902412586904,1.0259503025061252e-06,0.002136939633465865,1.84352539711648e-05,2.9084369137213742e-08,5.212492781627912e-06,0.010466537467915168,8.485660880071445e-05,3.4866984175091595e-07,6.090304963648104e-05,0.002319023672774844,2.109873761276152e-08,4.946322620005635e-07,0.008559520326474675,3.057643202671187e-06,1.390182887709556e-08,0.00018547104713454894
14,0.00021325395022382432,0.8984042381971636,4.231252224719101e-06,0.0067399678762699415,0.000639743379480098,0.0007209306547818032,8.142840678725355e-06,0.002722038193148054,0.032090779739221316,1.3989370686835904e-06,0.0003658058437947138,5.193677859758894e-05,2.211034092588567e-08,3.1532136701859123e-06,0.0048915662904706544,0.0001301201550519001,1.0843611898931519e-06,3.319502596630617e-05,0.002558420496362937,7.829640804328662e-09,3.785076681312028e-07,0.04982035313396589,1.8539459215205744e-06,5.71997457983182e-08,0.000597320087351986
15,1.822683190972451e-05,0.9835421817922949,6.46178642723356e-07,0.0015090583109844018,0.00039111928035879845,0.000387640480101546,3.063912802498698e-07,0.00012451233290689282,0.0054563450423076665,1.2926606013439066e-07,8.022860341987118e-05,1.2779071509361817e-06,4.657496965921099e-09,2.8298034289729036e-07,0.0008780700462763275,2.698694763060689e-05,9.318762884785809e-08,1.727025033890985e-05,0.00232600510119325,2.1740764914428527e-09,5.428004036480877e-08,0.005193552189902725,3.5249594872155516e-07,4.6353652028078104e-09,4.564863634069797e-05
16,4.265511641239894e-05,0.973261194385295,1.909442893824215e-06,0.004210051451083467,0.0007472648759927124,0.0008787904101355498,9.951289707332661e-07,0.0003287204146950159,0.006355465237804742,2.829528052882121e-07,0.0002494008654269597,5.420190576259837e-06,2.0661020067435355e-08,1.2971298394960665e-06,0.002199967566077139,0.00013333800091372747,2.6374852302110087e-07,9.542561090423981e-05,0.0037974052129500753,1.1732064363335391e-08,2.876019931472633e-07,0.007633003076232194,1.2502144640434925e-06,1.6324477842937885e-08,5.5562648448490597e-05
17,5.288739230783021e-05,0.9724908791346176,1.4139923217783705e-06,0.003097317926979746,0.0008522667821544511,0.00040584243902275127,1.3878254534227569e-06,0.00025082035768873054,0.009618419693073454,2.496557104315731e-07,0.00019016777846164035,4.886926872239895e-06,1.0210246280021225e-08,1.142599349971869e-06,0.0013883839063377123,4.764353779069841e-05,2.1475734495933318e-07,2.3887579872925857e-05,0.002041604548485396,4.420719537370304e-09,1.1404661689409697e-07,0.009398239184953545,7.845759569362651e-07,1.1012952518453427e-08,0.00013141971470836624
18,2.3365077833314637e-05,0.9845876594078233,2.992003771772361e-07,0.0008744651298338158,0.00036187186209660774,0.0002141082291191975,3.3058736990996536e-07,5.7955518879385174e-05,0.005320071346462615,1.0492844434074254e-07,7.092878756855144e-05,6.915502324066411e-07,2.032126836477807e-09,3.1655478091740666e-07,0.0006810892496852091,8.356371584004417e-06,1.5162842731926035e-07,1.2724524549341121e-05,0.00181063434510399,1.203252200328387e-09,3.1880903659766706e-08,0.005853438316364085,4.0398283766715313e-07,4.382340582033202e-09,0.00012099390200372993
19,2.939323332728342e-05,0.9700414299076291,1.5028824553626424e-06,0.0026310553234953752,0.0006509227004711111,0.0006543539049104973,8.380239524599671e-07,0.00031705196352052367,0.010161157707707692,4.0853687134826666e-07,0.00010633890930527749,3.1124045176670438e-06,1.1731028254756931e-08,3.0160217737277783e-07,0.0008402596134782434,4.685753271466402e-05,1.6878559784500092e-07,1.4117304324715886e-05,0.0031309407994762825,3.848705625983375e-09,6.026199796453273e-08,0.011299912412764169,3.1784940120481797e-07,8.623619951405941e-09,6.947413654991362e-05
20,6.233141199771961e-06,0.987323485942201,3.3702722107867165e-07,0.0008410675299484279,0.00011274654321569405,0.0002968017323111954,1.1516744868933177e-07,0.00011163179627152593,0.0030892147136525427,6.951933293551319e-08,4.9398355583519244e-05,1.4219192595298553e-06,1.9073318481462763e-09,1.2962234454172993e-07,0.0011999595762510707,1.4435080898553777e-05,5.1574308508331796e-08,1.112952955538199e-05,0.0010136407578919611,1.1021338392322394e-09,6.225584891690131e-08,0.005901583614496693,2.4518428860984685e-07,2.538917508727048e-09,2.6233868086611337e-05
21,3.307030556898511e-05,0.9803853621883227,1.0251868030201607e-06,0.003143137088620345,0.0004716749957166267,0.00042783858224615477,4.4546388790348254e-07,0.00017498874011459198,0.006074090425468645,1.7036893179706591e-07,0.00017215462731335354,2.3287762673521434e-06,8.431541954960853e-09,6.657350193705317e-07,0.0014517975210394704,5.5412975469212964e-05,1.099712470452409e-07,3.501854065593333e-05,0.002443902841749714,4.49006550736646e-09,1.0398985054204748e-07,0.005076109973078112,7.337371935974953e-07,6.578851986653144e-09,4.983846497611272e-05
22,3.6589557003192645e-05,0.9754682564940391,1.3694028149453703e-06,0.0033148464854749165,0.0005817752542481051,0.00046609175464065153,4.916532269300293e-07,0.00022531389655210015,0.007346996177076214,3.089372634236681e-07,0.00025597591198864864,2.18758769814397e-06,1.1190616461903697e-08,5.491734353839258e-07,0.0015559503375683894,5.518689432484175e-05,2.2468946612657433e-07,4.5070056558022284e-05,0.003294741341889839,6.448438580879968e-09,1.254223332689024e-07,0.0072897259047796205,7.974840679607901e-07,7.453488195841713e-09,5.7400491007082926e-05
23,1.822683190972451e-05,0.9835421817922949,6.46178642723356e-07,0.0015090583109844018,0.00039111928035879845,0.000387640480101546,3.063912802498698e-07,0.00012451233290689282,0.0054563450423076665,1.2926606013439066e-07,8.022860341987118e-05,1.2779071509361817e-06,4.657496965921099e-09,2.8298034289729036e-07,0.0008780700462763275,2.698694763060689e-05,9.318762884785809e-08,1.727025033890985e-05,0.00232600510119325,2.1740764914428527e-09,5.428004036480877e-08,0.005193552189902725,3.5249594872155516e-07,4.6353652028078104e-09,4.564863634069797e-05
24,1.9143142977663742e-05,0.9839880400393652,6.027528056862628e-07,0.001934164696045577,0.00042834505080909755,0.00038623758806566197,3.056135803717702e-07,0.00011394938305868974,0.0052896327467445185,1.382814913657574e-07,8.161340640332316e-05,1.2201438552134452e-06,5.350269846483761e-09,3.040895819344968e-07,0.0007621672186928303,2.6300688566162244e-05,8.457028930465158e-08,1.9011354979770054e-05,0.0021029775937414404,2.585326249726022e-09,4.9263035709841195e-08,0.004798747731296454,3.939129926488852e-07,4.871784276309701e-09,4.655792424108321e-05
25,0.0001255855807248661,0.9521227248027079,3.1509090404388685e-06,0.00691766544246743,0.0015685180951331933,0.0006288935955702327,2.6718649894833993e-06,0.0007699031821941598,0.0161079097835788,9.89537502003064e-07,0.000734698396555109,1.045060531422335e-05,3.679730195306481e-08,2.4622263579766545e-06,0.0030561001540622135,0.00010974122307738978,4.803391618323213e-07,6.339744853897705e-05,0.0038687706776305516,1.5516963221720523e-08,1.8762470394704453e-07,0.013734562592714526,1.3231211594532324e-06,1.9831243331646127e-08,0.00016974065130689127
26,2.0117919402913632e-05,0.983964840919556,4.824469127474918e-07,0.0012673030660790591,0.0004412166979371335,0.00039509059218920226,2.2932495411169357e-07,7.796021054191232e-05,0.006012802770904372,1.0316130675810625e-07,5.694087350842577e-05,5.419426253726169e-07,4.003804355227834e-09,1.9961854291101246e-07,0.000509091894424856,2.2289413712794118e-05,1.1076966218487817e-07,2.0040739972939742e-05,0.0033007030415314158,1.895084790947067e-09,3.8350112795727446e-08,0.0038632762003900515,3.363923784413717e-07,4.0921185534795726e-09,4.627366234596231e-05
27,9.430052056077979e-06,0.986825405195471,2.7174872677874506e-07,0.000908120667394174,0.00018470427268342022,0.0002539578226735352,1.399172787260415e-07,8.317272499074999e-05,0.004817138712387053,7.497137722195381e-08,4.495107520344554e-05,6.754197071213878e-07,1.6685714289897963e-09,1.0796553288311842e-07,0.0006465625360150336,1.0865118213596472e-05,4.637202783218317e-08,7.070787271493806e-06,0.0013789849451332642,7.93189618366982e-10,2.215327326361767e-08,0.004790472312640816,1.7301734826229597e-07,1.9281571320515613e-09,3.76478226762454e-05
28,1.822683190972451e-05,0.9835421817922949,6.46178642723356e-07,0.0015090583109844018,0.00039111928035879845,0.000387640480101546,3.063912802498698e-07,0.00012451233290689282,0.0054563450423076665,1.2926606013439066e-07,8.022860341987118e-05,1.2779071509361817e-06,4.657496965921099e-09,2.8298034289729036e-07,0.0008780700462763275,2.698694763060689e-05,9.318762884785809e-08,1.727025033890985e-05,0.00232600510119325,2.1740764914428527e-09,5.428004036480877e-08,0.005193552189902725,3.5249594872155516e-07,4.6353652028078104e-09,4.564863634069797e-05
29,1.822683190972451e-05,0.9835421817922949,6.46178642723356e-07,0.0015090583109844018,0.00039111928035879845,0.000387640480101546,3.063912802498698e-07,0.00012451233290689282,0.0054563450423076665,1.2926606013439066e-07,8.022860341987118e-05,1.2779071509361817e-06,4.657496965921099e-09,2.8298034289729036e-07,0.0008780700462763275,2.698694763060689e-05,9.318762884785809e-08,1.727025033890985e-05,0.00232600510119325,2.1740764914428527e-09,5.428004036480877e-08,0.005193552189902725,3.5249594872155516e-07,4.6353652028078104e-09,4.564863634069797e-05
30,1.822683190972451e-05,0.9835421817922949,6.46178642723356e-07,0.0015090583109844018,0.00039111928035879845,0.000387640480101546,3.063912802498698e-07,0.00012451233290689282,0.0054563450423076665,1.2926606013439066e-07,8.022860341987118e-05,1.2779071509361817e-06,4.657496965921099e-09,2.8298034289729036e-07,0.0008780700462763275,2.698694763060689e-05,9.318762884785809e-08,1.727025033890985e-05,0.00232600510119325,2.1740764914428527e-09,5.428004036480877e-08,0.005193552189902725,3.5249594872155516e-07,4.6353652028078104e-09,4.564863634069797e-05
31,4.210898296255565e-06,0.9905708029244502,1.1926664279178843e-07,0.0011684099143520201,0.00028955806088174657,0.0003978636598847519,1.778345800602434e-07,1.5288988436752362e-05,0.003856914412708782,5.1789030138415756e-08,6.178633173284162e-05,3.244510492595716e-07,6.147096443323507e-10,1.3873737350906713e-07,0.0005576594155129321,5.53645663934976e-06,2.7584985117479592e-08,8.677508986250566e-06,0.000513838987969682,1.3795510356366261e-09,2.128701443849745e-08,0.002475663305642454,5.525448202383679e-07,1.3356688588637964e-09,7.237230908080967e-05
32,1.6687252635298116e-05,0.9849492987467003,6.236690453318402e-07,0.001248147794270149,0.00036126352653370733,0.0003643444942899772,2.4144426561014444e-07,0.00010501178382052662,0.004884158785699265,1.1450419119568025e-07,6.48055725992666e-05,9.881789266084586e-07,4.264249848371619e-09,2.39956832412156e-07,0.0007495993532400993,2.428304981124389e-05,8.675997271557195e-08,1.5581915907382735e-05,0.0026100422525478693,1.86759802393582e-09,4.818067280280927e-08,0.0045644107327830995,3.0669712335445206e-07,4.426449617346502e-09,3.970478983447144e-05
33,1.6675104855581332e-05,0.9840921505905714,6.295627320385833e-07,0.0014524972865919033,0.0003521076687217019,0.0004483829023806374,2.76101429392493e-07,0.00011842937112969531,0.004510568801416216,1.2211659387371164e-07,5.640727712159392e-05,1.138257085551409e-06,5.074297448263448e-09,2.5621413335963717e-07,0.0006719088293002431,2.9592092718510696e-05,1.0113231973521623e-07,1.8989623743161055e-05,0.0029082150893053977,2.1307723693397768e-09,5.0494489850301895e-08,0.005282967151889666,3.0200250792052583e-07,5.664126900292763e-09,3.8219459765583957e-05
34,2.0534776745156588e-05,0.9831763355277007,6.880562573987082e-07,0.0015392923006781383,0.0004203895232252951,0.0003770915631201013,3.128491772869706e-07,0.00012772060142635696,0.005655608249604669,1.3546259954271114e-07,8.475130867700052e-05,1.258473223140234e-06,4.9491490343044105e-09,3.0374871801310525e-07,0.0008826227850414953,2.7708583544958472e-05,9.738353985252188e-08,1.7724340343484327e-05,0.00252807935798647,2.2339117293063977e-09,5.407126160346099e-08,0.0050923035444192044,3.557199258699215e-07,4.7831865090438515e-09,4.6619806536979356e-05
35,1.888183863575057e-05,0.9806949051708848,4.2086761612947636e-07,0.001187302904412193,0.00028914055814111965,0.00028822232672025716,1.8322865571355715e-07,0.00015093488146411898,0.008190935979430004,1.0350780529340614e-07,5.234264739450669e-05,7.681555869261738e-07,2.6822113671873887e-09,1.1627968584510342e-07,0.0005693785295073351,1.6737355964687088e-05,7.297128985092192e-08,8.512080307512728e-06,0.0025009050754850977,9.235540666193765e-10,2.2125085922317687e-08,0.005991553132888054,1.3825333144764788e-07,2.1704999945997968e-09,3.841635344186116e-05
36,3.029070682416563e-05,0.965465343898733,9.459328102633243e-07,0.002089783958141646,0.0003639629176038665,0.0005463770484309879,9.914528701643863e-07,0.00041007119590180376,0.008636325671324486,2.313471080830931e-07,0.0001421222461178795,8.023626066032322e-06,7.347716561751292e-09,6.542673544163365e-07,0.001819466400389882,4.5063737079459546e-05,2.7965952895162604e-07,2.7076445957181058e-05,0.0020555965867451666,3.2886663454191987e-09,1.1587741851406715e-07,0.018248423599023227,5.069656260118937e-07,9.564439573270013e-09,0.00010832625812218875
37,6.355409643709333e-05,0.9798720837013943,1.5717933173700176e-06,0.002847650606345235,0.0008705884522417723,0.0005281144389260413,1.0684402996688612e-06,0.00014265734626401602,0.00460766949976785,2.2508478218304362e-07,0.00015295519969916048,2.9403033708663307e-06,1.5120863699007577e-08,2.0787016628412066e-06,0.0012887239014480454,7.300023288613537e-05,2.5924466663732916e-07,5.874711487267709e-05,0.004233842859387909,6.972766880729297e-09,1.6814259041917074e-07,0.005157448740977953,1.2538322052350758e-06,2.3753820336633443e-08,9.335241900589138e-05
38,2.067648474983223e-05,0.9829283298575309,6.157926039165803e-07,0.0015224572033729524,0.00042407863567438616,0.00033449534334426017,3.051820344095765e-07,0.00012720777095247,0.00608697811725493,1.3949798198880771e-07,8.375298284163063e-05,1.2195670557541896e-06,4.526954107465691e-09,2.8850692540264436e-07,0.0008408887783934153,2.3386161917148993e-05,9.484666329940501e-08,1.5393823963336915e-05,0.0022732724219999864,2.032853138217292e-09,4.5677524610734876e-08,0.005263785957987344,3.3212062058210583e-07,4.37223838561777e-09,5.2244336562064334e-05
39,4.583524681477187e-06,0.9863779076668739,7.022875379665276e-07,0.0007904309246960132,0.00016986775666176854,0.0005929424026307145,1.2571088530162368e-07,0.00011968024536620936,0.003204285018442701,4.4036428385513826e-08,2.174722046121747e-05,1.398106468942281e-06,2.869797454112359e-09,7.642971627498266e-08,0.0006288666588070552,3.7710907283055146e-05,7.115259408200699e-08,1.471022365446833e-05,0.0020821260586602964,1.3167000331090706e-09,1.2127136245582934e-07,0.005938361332439997,1.986442541547293e-07,3.2212538226009853e-09,1.403501234220317e-05
40,3.277350680928566e-05,0.9844980191761119,1.5256176821037927e-06,0.000798355326566683,0.0009203400065642089,0.00021945056585796074,5.473586398182622e-07,9.237859373527159e-05,0.005100841898275376,1.262512359422514e-07,9.33998971982552e-05,2.220596905153674e-06,5.6971572388560385e-09,8.391715897730336e-07,0.0011146747156215533,2.235113879325924e-05,1.1777275535347254e-07,1.1505971747498352e-05,0.002631248580683595,2.0850308448355177e-09,9.309203928007066e-08,0.0043759980185833144,4.874912827180561e-07,8.374396930935716e-09,8.268909473673531e-05
41,1.6456420138312862e-05,0.9847455824952582,5.776444494928587e-07,0.00143192272062275,0.00040444550719761314,0.0003596727395020008,2.297596334858657e-07,0.00011536981888031958,0.005529542964052692,1.1398127098681703e-07,7.388481495488549e-05,9.561948602871489e-07,4.427542059497758e-09,2.354796414999427e-07,0.0007956543796047244,2.5507200971629195e-05,7.034956222922139e-08,1.619283575211554e-05,0.0023870698405020134,2.0000700301321488e-09,4.3424985194814446e-08,0.004060518563978521,2.9651590367306294e-07,3.633843219355506e-09,3.564628682189653e-05
42,3.3818446008533107e-06,0.9859489010829559,4.195573636755147e-07,0.0007509272521537749,7.330875498089426e-05,0.0003153757139755149,4.580457064701295e-08,0.0001179041752405514,0.003603079012638168,3.8337558696793946e-08,1.4407912279667885e-05,5.669329801836579e-07,1.2459572304445076e-09,1.9302491065011053e-08,0.0003285791278721716,1.9273965525819744e-05,3.481019002349089e-08,4.190322831439727e-06,0.0019266245768908006,4.1306597713696663e-10,2.6888129658170365e-08,0.006885384349718978,5.2769624606793044e-08,1.0365019155396827e-09,7.454809901831215e-06
43,8.896266942446743e-06,0.9822545751465124,8.322063741024459e-07,0.0015418675522180772,0.0002909688612108573,0.0006631893039975593,1.8565912886454728e-07,0.00017724421688050543,0.004604328208272401,1.6162727078477065e-07,4.510695417670033e-05,1.1115512683464878e-06,5.788009095114058e-09,9.080240333460055e-08,0.0006969817934737992,3.550289027984292e-05,9.881347263981313e-08,1.6787154137326448e-05,0.0028228788579894282,2.6943034595647953e-09,8.285333361757091e-08,0.006819676945957566,2.2099934969653603e-07,4.2891639888725875e-09,1.91985638729676e-05
44,1.822683190972451e-05,0.9835421817922949,6.46178642723356e-07,0.0015090583109844018,0.00039111928035879845,0.000387640480101546,3.063912802498698e-07,0.00012451233290689282,0.0054563450423076665,1.2926606013439066e-07,8.022860341987118e-05,1.2779071509361817e-06,4.657496965921099e-09,2.8298034289729036e-07,0.0008780700462763275,2.698694763060689e-05,9.318762884785809e-08,1.727025033890985e-05,0.00232600510119325,2.1740764914428527e-09,5.428004036480877e-08,0.005193552189902725,3.5249594872155516e-07,4.6353652028078104e-09,4.564863634069797e-05
45,2.3384130077669283e-05,0.9729667378632615,1.2931071656417192e-06,0.0019891794361383487,0.0004937695411354803,0.0008610448521432098,6.592973550724591e-07,0.00045617366489522594,0.007936055871749594,2.8423977269594903e-07,9.489683787255802e-05,3.3915614458638966e-06,1.1747435497805014e-08,3.562455120424597e-07,0.0013379853565346816,7.097237897870809e-05,1.6658123382131618e-07,2.4863334015331692e-05,0.0040004134904890985,3.9311917633985265e-09,9.369782362187857e-08,0.009698125925011949,2.826940759815706e-07,9.263989407080073e-09,3.984495069516827e-05
46,4.7894066451744504e-05,0.9544228725818206,2.293796095938464e-06,0.004850783034976234,0.00046821073710664855,0.0007967738690526022,9.500814029861757e-07,0.00039595540282580713,0.008277296961890545,4.6898004665514035e-07,0.00012110262797947337,3.812154831063802e-06,1.445182311516511e-08,2.920844670755479e-07,0.0007110313553549033,7.397671514909137e-05,5.917746521834636e-07,3.160663820971013e-05,0.005002646492814752,5.408233002941992e-09,1.499086097279008e-07,0.024722568700999557,4.634029292344829e-07,1.3428891181493613e-08,6.822534338611714e-05
47,1.2212434164831649e-05,0.9867246142505909,4.0881943860476247e-07,0.0011326560153239287,0.0003576732111181926,0.000327296996605691,2.144147351180191e-07,8.927096232319942e-05,0.004903968213566725,9.681951874556734e-08,7.900716817323449e-05,9.245727593299761e-07,3.2632731612337387e-09,2.4314610360680064e-07,0.0009819357136227312,1.8006306417658818e-05,6.113613840296426e-08,1.6018270837000343e-05,0.0016426269376906,1.8755435462830207e-09,4.42188415886043e-08,0.0036696941780036104,3.5997939929637854e-07,3.1538066588538092e-09,4.265794200378662e-05
48,1.795386620653315e-05,0.9834921629823683,6.399176812962568e-07,0.0013802463806052042,0.00037013818290120167,0.0004071770352726515,2.8304793474261597e-07,0.0001249890097973577,0.00513696083855775,1.3514131595903832e-07,6.65896257774201e-05,1.1350764877417835e-06,4.747764674572023e-09,2.4831481522553425e-07,0.0007616271537842273,2.6109135558023526e-05,1.0235195113297611e-07,1.668933208908708e-05,0.0027478261780682373,2.0222770243769945e-09,4.9375112594480915e-08,0.00540552158314274,3.0129902555964816e-07,5.0214541805062265e-09,4.3102380051492516e-05
49,9.302087743360622e-06,0.9827682813054919,6.721290453552945e-07,0.0012195430559604782,0.00024974065799772643,0.0004572307383363316,2.3736359848715502e-07,0.00013206839186586592,0.004987544608984093,1.088253846148227e-07,4.4785911470472935e-05,1.5109210242537078e-06,3.5529164316786264e-09,1.1602695301238326e-07,0.0006650936572392708,2.460924026377394e-05,7.708039906519822e-08,1.0083358013181385e-05,0.0018277827683054787,1.5761195658761799e-09,5.606737600349612e-08,0.007570107320966999,2.1830274826651784e-07,3.6017502192585534e-09,3.082145004556905e-05
50,0.00019700877375221403,0.9494119359705965,3.151468113737325e-06,0.006114461393556655,0.002157860416480936,0.0008224916910550315,3.8832647727935744e-06,0.0006941239288738866,0.016694603478490888,1.4560695250209905e-06,0.0004324955922310916,6.350136151933296e-06,4.541521308422438e-08,2.5127032774668727e-06,0.0017106951052405933,0.00010771243720014292,6.189700051187658e-07,4.954030953288826e-05,0.00796814146943,1.3105650462135946e-08,9.666441300428219e-08,0.01339656027345124,8.709835457923391e-07,3.4156946643221026e-08,0.00022333622249296432
51,0.014165902604549935,0.014390021707332126,0.00034962018797868056,0.0010372975787098415,0.672456450311381,0.003910997828579858,0.0018264050026058991,0.0007369986116854974,0.05282473572812341,7.871355441476681e-05,0.000622187633071608,2.3192413990176393e-05,1.1226637835599158e-05,0.000229565542528582,0.00037647233015292636,0.004239694634997988,8.663203016687526e-05,0.0007251544091959147,0.23003756659342156,1.2389106444393342e-06,2.728909272395801e-06,0.0008743733262133529,4.07111458082182e-05,2.5961499131977605e-05,0.0009261508682073738
52,3.404495386088322e-05,0.9678459052571458,6.305616861185668e-07,0.004727594058752849,0.0005111952257511482,0.0014689295972601661,3.0673852926751346e-07,0.0006964830967231345,0.009456385653192836,1.0074442983069055e-06,0.00020379924215952922,1.935468197293111e-06,2.746738541012457e-08,3.5880650101841437e-07,0.002245496518825759,7.126847351289293e-05,9.447264459785194e-08,9.460839479080385e-05,0.006652409883168388,1.2094948746050788e-08,4.5778609653298215e-08,0.0059607659915254544,3.9301546837340085e-07,9.211451901513127e-09,2.6292593609589484e-05
53,3.7490796393222394e-05,0.9713666577551902,1.4184342163208388e-06,0.004383503335064236,0.0010715124339359585,0.0007438577449438284,2.1143264016008112e-06,0.00020599987388853337,0.00933640603277594,2.701728012970142e-07,0.0003275450804857921,5.979831179383194e-06,1.303660490874281e-08,1.5304408443904419e-06,0.002092320321786386,8.259048087428697e-05,2.557193235383503e-07,5.956731834451989e-05,0.0016861899161173099,1.0625783223849014e-08,2.30432928643061e-07,0.00845097557436548,1.9603626166184368e-06,1.3375117215419591e-08,0.0001415865780172694
54,2.5873784313270517e-05,0.9791152308754625,1.124771568513008e-06,0.0022664276519317166,0.0005827646038327757,0.0005279388719350764,4.287903801885237e-07,0.00018971009070928096,0.006646505266366751,2.011484292080161e-07,0.0001244669566966061,1.9227331474140986e-06,9.278643259033206e-09,3.9877355442875e-07,0.001070206956688183,4.912581751569632e-05,1.4235357291980678e-07,3.059834152344369e-05,0.003312083294262306,4.281416188024035e-09,8.942594304812442e-08,0.006009032038843583,4.930298867883131e-07,6.680586043253371e-09,4.521418279070191e-05
55,9.281594335691478e-06,0.9924076371585446,3.140928057913009e-07,0.0007945012584397819,0.00015816679838916834,0.00011267391473949519,4.3862715935976984e-08,2.2143318077482083e-05,0.0018521599177146793,6.811162818192388e-08,5.126676596142894e-05,6.707056342113791e-08,9.350216134878022e-10,5.7155782345386574e-08,0.0004198318663204078,5.138492428524339e-06,4.13497263970627e-08,5.1117452063601275e-06,0.002201777174809495,5.490350826800177e-10,1.9993423106210426e-08,0.0019423095722765557,1.6707589657952057e-07,1.2101335875328014e-09,1.7219016024294737e-05
56,2.006154635273656e-05,0.9822822226447228,7.395627477255019e-07,0.001661772509071798,0.000427587054257918,0.00044576002221714584,3.4710789520606043e-07,0.00014513674665327353,0.005812048229599017,1.5462095304462128e-07,8.279896863763339e-05,1.429936794408564e-06,5.949069404199913e-09,3.081678976428958e-07,0.0008806830829539247,3.148083723391198e-05,1.0668186149533936e-07,1.9424727618673167e-05,0.0026497693900646778,2.6264071703015977e-09,5.859338284639862e-08,0.00549063139749101,3.703963028117881e-07,5.5631486670659646e-09,4.709363666520844e-05
57,1.7406558518070547e-05,0.9782159144430962,1.925776133220021e-06,0.0012549140690118641,0.000653394109467901,0.0005332224016948203,4.679463793470334e-07,0.00020405914005329354,0.007233325218833049,2.049646927963374e-07,6.916598821118017e-05,2.920067561621067e-06,9.62238457116185e-09,2.710061877493302e-07,0.0008587069881819834,4.9048322804609664e-05,1.3597229351747313e-07,1.3868797000904841e-05,0.003337690869796655,3.32145810851338e-09,1.0072204956902559e-07,0.007510690135653532,3.2342834542260174e-07,7.743184758542802e-09,4.222238700521532e-05
58,1.860712708002513e-05,0.9834277628446424,7.241861151559954e-07,0.0014517465325869857,0.00040093743170700416,0.00045337902594210703,3.2282150415139854e-07,0.00013227730516795051,0.004960240857598501,1.4936433394911686e-07,6.849462667612852e-05,1.4029486284933503e-06,5.862888859437821e-09,3.07366954260617e-07,0.0008241440877473253,3.0138930490902216e-05,1.0683920486571387e-07,1.9275642512765178e-05,0.0027713601347754218,2.5124539300028826e-09,5.91422056721918e-08,0.005392972596662852,3.5364847618335984e-07,6.357809913512222e-09,4.522180583399892e-05
59,2.0032739039549485e-05,0.9824049453291356,8.886920616703725e-07,0.0015771842228269797,0.0004465147652508755,0.0004592450106970312,3.591678455573275e-07,0.000145227808003207,0.0053763943938527885,1.593250534972256e-07,7.658670121854956e-05,1.591542717692556e-06,6.61144044047963e-09,3.289946732878977e-07,0.0008671793013782539,3.4974942398526994e-05,1.1596957100527797e-07,1.9837404773378593e-05,0.002868752477647907,2.816235529931637e-09,6.9581985572073e-08,0.0056540794951522744,3.813451744303735e-07,6.6362794905356836e-09,4.5134725587006364e-05
60,1.822683190972451e-05,0.9835421817922949,6.46178642723356e-07,0.0015090583109844018,0.00039111928035879845,0.000387640480101546,3.063912802498698e-07,0.00012451233290689282,0.0054563450423076665,1.2926606013439066e-07,8.022860341987118e-05,1.2779071509361817e-06,4.657496965921099e-09,2.8298034289729036e-07,0.0008780700462763275,2.698694763060689e-05,9.318762884785809e-08,1.727025033890985e-05,0.00232600510119325,2.1740764914428527e-09,5.428004036480877e-08,0.005193552189902725,3.5249594872155516e-07,4.6353652028078104e-09,4.564863634069797e-05
61,1.9828860451065996e-05,0.9829809305367966,8.519129809691197e-07,0.001421839110244487,0.00044242705899460544,0.0004150231323144593,3.4299056569150183e-07,0.00013205159935629612,0.005423559114620928,1.4550229124511055e-07,7.696614517166994e-05,1.472701363569593e-06,5.78212630134393e-09,3.2006226658824324e-07,0.0008709938917021095,3.1304660430949705e-05,1.0833868633213459e-07,1.773263388308398e-05,0.00275158509988525,2.47695879939071e-09,6.495196527247413e-08,0.005365508901880194,3.7034194461309e-07,5.959253683502062e-09,4.655823386535289e-05
62,1.822683190972451e-05,0.9835421817922949,6.46178642723356e-07,0.0015090583109844018,0.00039111928035879845,0.000387640480101546,3.063912802498698e-07,0.00012451233290689282,0.0054563450423076665,1.2926606013439066e-07,8.022860341987118e-05,1.2779071509361817e-06,4.657496965921099e-09,2.8298034289729036e-07,0.0008780700462763275,2.698694763060689e-05,9.318762884785809e-08,1.727025033890985e-05,0.00232600510119325,2.1740764914428527e-09,5.428004036480877e-08,0.005193552189902725,3.5249594872155516e-07,4.6353652028078104e-09,4.564863634069797e-05
63,1.2468601761604696e-05,0.9868607536719632,4.372911418606278e-07,0.0010541602069488126,0.0002762164284532529,0.00031486869900342523,1.8974664404308504e-07,8.472856078866669e-05,0.004432181956123328,8.57337411964917e-08,5.470148414339688e-05,8.123160460371288e-07,2.838560915060958e-09,1.8579757796467546e-07,0.0007247883567607175,1.7580162457186783e-05,6.594902617819154e-08,1.2338472852347485e-05,0.0019006123152294288,1.3742814854496986e-09,4.063524546642241e-08,0.004214847586485358,2.750763052805961e-07,3.263518776627026e-09,3.765347493975116e-05
64,1.467460339738324e-05,0.9846079323828458,8.47506524106967e-07,0.001342851739415533,0.000363015202530001,0.00038005059828329985,2.8211057650218593e-07,0.00011214494834988913,0.004762573269513367,1.0729316328705006e-07,7.152081726179015e-05,1.443083495535402e-06,4.4836987654286205e-09,2.560798973549949e-07,0.0009064720253869246,2.985803270100835e-05,9.795355729312216e-08,1.6446254309369232e-05,0.0020972780097228065,2.23341741921369e-09,8.865223124126163e-08,0.005252908236033193,4.0546615037930194e-07,4.755905942056721e-09,3.873426163159083e-05
65,1.9211007197426692e-05,0.9830662912338144,6.769718531582561e-07,0.0015576647778871868,0.00040539473070933386,0.00039087833152414494,3.1872158677644426e-07,0.00013081964395372477,0.0056393523743704,1.3674939829738397e-07,8.406790823647379e-05,1.315956590547767e-06,4.881598163547049e-09,2.905895576769168e-07,0.0008929835966713544,2.7873815079106387e-05,9.605975674296636e-08,1.74200011404979e-05,0.0024071113535121032,2.238590110062141e-09,5.44671890999336e-08,0.005311354598342878,3.522674038114514e-07,4.728577918689448e-09,4.6322995458924555e-05
66,7.158153700688527e-05,0.9641590443229067,3.3309584199829885e-06,0.0034495874857724223,0.0022118886151323526,0.0007873929359997802,1.5736576437739612e-06,0.00029227073029873015,0.012767660660242632,5.1821006781546e-07,0.00017785770481936868,2.686962347894674e-06,2.8495451917088342e-08,8.079730357079784e-07,0.0008319566888265006,0.00010002432146249705,3.244920262453173e-07,3.482526775470256e-05,0.0075604456985689265,9.208428247341371e-09,1.0777880709767438e-07,0.0074643462031940624,6.169149259282956e-07,1.67569756528391e-08,8.109641988447922e-05
67,2.101868752920834e-06,0.9930155554515468,1.221793004710715e-07,0.0005945983418922183,6.669896580949734e-05,0.0004279003813002196,8.98550342730622e-08,1.8945420649441877e-05,0.001264381062149728,1.9494359929343643e-08,1.6077884914336668e-05,5.188806878929633e-07,8.549262108600851e-10,9.285079878104671e-08,0.0004913574997107601,9.47845953191666e-06,4.84453328156689e-08,1.697916637988128e-05,0.0006534786739013755,9.344450510094954e-10,6.851374755427827e-08,0.0033887360724085083,5.300700423428803e-07,2.921687947315058e-09,3.221575068873077e-05
68,1.6648193226539323e-05,0.9833319717580398,6.390530867569784e-07,0.0014998078603370801,0.00037964319236400194,0.0004307906665170212,3.2302074344188384e-07,0.00013304458004062656,0.005343857297623616,1.2780637425933865e-07,7.889568124505154e-05,1.4887967314756087e-06,4.7495049497916776e-09,2.811621665952546e-07,0.000947778748332071,2.822058899525149e-05,9.549073636447257e-08,1.868415786913466e-05,0.002168653782888472,2.31630201149455e-09,6.275580417697169e-08,0.005573219738784344,3.6879074496022705e-07,4.825758094432516e-09,4.5384985783895686e-05
69,1.543412426985807e-05,0.982917142293716,5.373032176391477e-07,0.0016371347852040794,0.0003473370113309816,0.0003722771609935766,2.817413962153372e-07,0.00011790859767501698,0.005902538070044724,1.247699449371615e-07,0.00011888209818410542,1.3409890039260437e-06,3.791763498755969e-09,2.512276118266905e-07,0.0011994384844950493,2.239168786374991e-05,9.905497513010549e-08,2.1522860185684812e-05,0.0016077064014570126,2.534985093866419e-09,7.179118455664577e-08,0.005665579793839892,4.991947978715965e-07,3.37976669986585e-09,5.1490852093147116e-05
70,1.5338558929701466e-05,0.9806963536668246,7.684913220022847e-07,0.002456686873144852,0.00041132597732767786,0.0005502124502962298,3.7662570338588405e-07,0.00015421087315307678,0.007073332076818007,1.4280096309279972e-07,9.410109452457423e-05,1.5593440724733523e-06,5.72583667773398e-09,2.1357327727846537e-07,0.0008497374741510951,4.1930557919873576e-05,7.342498773990046e-08,1.766803711475676e-05,0.001957160711932611,2.886396142835549e-09,5.90883439524887e-08,0.005641674849313334,3.774681549612758e-07,3.81330587401611e-09,3.6683556186076525e-05
71,3.4557261270802956e-06,0.9935433242779266,2.2294558883920978e-07,0.0004700049899226488,7.245964208105241e-05,0.0001483438340715498,2.697600456972273e-08,3.1910119848149537e-05,0.0015929810323324395,2.207290706019782e-08,2.586690949937938e-05,3.7170763549364787e-07,8.048756589488011e-10,6.420253268555826e-08,0.0006256065542196327,8.34726868146774e-06,2.3040201724670112e-08,7.869325501240082e-06,0.0010916275028157504,4.841509814987022e-10,3.577446566025075e-08,0.002365061249744082,1.7719093939409069e-07,1.0859500301569396e-09,1.2195281976909086e-05
