,0,1,2,3,4,5,6,7,8,9,10,11,12,13,14,15,16,17,18,19,20,21,22,23,24
0,0.0006036695363215033,0.9804112141616188,1.7595995875284214e-07,0.0011067449905040612,1.7561165161334607e-05,6.707606353864339e-07,0.0019660123078890763,0.0002514583019548015,2.1899783619159822e-07,0.0011018675780513627,0.00014269599318495762,4.421399012498223e-06,6.115897116651924e-06,9.874915977059977e-05,4.660823214356795e-06,8.359951750551849e-08,1.4688850330501562e-05,0.010801529450583287,0.00054245223539837,1.9777887630850262e-07,9.456032757731467e-05,0.0020011471868278357,0.00013491711318319068,0.00042299001924154546,0.00027119640623374637
1,0.00039453098907817015,0.9845353496276764,1.4536908907115163e-07,0.0010897184268147762,1.4421765953906639e-05,6.603118844949419e-07,0.001856199354901183,0.0002812858195766122,3.820091110499668e-07,0.001849838510373609,8.646230450872347e-05,2.5904593496494124e-06,4.434695973342207e-06,9.102366566135732e-05,5.267592522928592e-06,1.1584365383838628e-07,9.363578158192245e-06,0.00618463455498782,0.0009267537569122563,1.9654225589325385e-07,0.00011133734275098475,0.0018584008070244833,9.142188359193813e-05,0.00026228295401423645,0.0003431818341753596
2,0.00056952028953457,0.9821774568771372,7.259759704240353e-08,0.0008094602192496715,1.103552216322959e-05,5.937838637884844e-07,0.001567104445642344,0.00020668692209772715,1.200345287653438e-07,0.0010416305726572697,8.767707905329727e-05,3.257838269565983e-06,3.0698538327406793e-06,8.443687633985123e-05,9.284559443561988e-06,1.1955880299406399e-07,2.108425204441963e-05,0.008438484011879294,0.0005346855178712613,1.3816609786561706e-07,0.00012628287186566524,0.0032776083055480985,0.00029870501881826137,0.0003496200017886538,0.0003818648238728567
3,0.00044285786630416605,0.98242552748768,1.0710630189724511e-07,0.0010565036036103773,1.2452095705113399e-05,4.4404985655794385e-07,0.0014072814476079607,0.00020740317284990794,1.3560068793672476e-07,0.0010524467266241468,9.420319824156647e-05,3.118904737225627e-06,4.028815032432242e-06,7.999709785337548e-05,3.7560131620813916e-06,6.180092215157927e-08,1.3877136875008663e-05,0.010015748737369988,0.00041715312772605095,1.4238765000440933e-07,9.89801767668716e-05,0.0018786161353160362,0.0001352143428377268,0.0003520196151905183,0.0002979233530908971
4,0.000393127317308356,0.9836031901630018,1.1663629920905103e-07,0.0009853164460366676,1.3949055539794477e-05,4.783439591559176e-07,0.0013518279551131258,0.0001691408879058427,1.346653407877271e-07,0.0010037297561863556,9.184552476314605e-05,3.0280040655651614e-06,5.022293424772733e-06,9.15086972552947e-05,3.4840857109227406e-06,5.753831411576763e-08,1.2199385331742911e-05,0.009392619475787671,0.00036103028695281847,1.3752688611603038e-07,8.375303173730718e-05,0.0017285339167374622,0.0001247774838260302,0.0003388249695570591,0.00024216655295884352
5,0.00035374633903844554,0.9793446913510868,9.19658471710084e-08,0.0013768483641216534,1.2453875639398561e-05,4.0175604586158616e-07,0.0012468415562629602,0.00020572278256344596,9.731217047547162e-08,0.0011308308047201653,9.043994931452275e-05,2.721754877952533e-06,4.120136072009435e-06,7.466813227504416e-05,2.5984016333801296e-06,4.966618431429458e-08,1.34190673603988e-05,0.013359517608506202,0.00030334430862936137,1.4614309847774294e-07,0.00010580478455664599,0.0015524911864658146,0.00015004678502152246,0.0003913179616338896,0.0002775880068740727
6,0.00044285786630416605,0.98242552748768,1.0710630189724511e-07,0.0010565036036103773,1.2452095705113399e-05,4.4404985655794385e-07,0.0014072814476079607,0.00020740317284990794,1.3560068793672476e-07,0.0010524467266241468,9.420319824156647e-05,3.118904737225627e-06,4.028815032432242e-06,7.999709785337548e-05,3.7560131620813916e-06,6.180092215157927e-08,1.3877136875008663e-05,0.010015748737369988,0.00041715312772605095,1.4238765000440933e-07,9.89801767668716e-05,0.0018786161353160362,0.0001352143428377268,0.0003520196151905183,0.0002979233530908971
7,0.0005303630479692036,0.9769424817754295,9.852068503031508e-08,0.0014290509459321083,2.1026884562405916e-05,7.277012513529023e-07,0.0012939163823844594,0.00029569710533921195,1.3646883095647214e-07,0.0016612779195529343,9.096913214300792e-05,4.493347265808112e-06,2.919541463951075e-06,0.0001188143622267838,6.086636957187957e-06,1.282446664391174e-07,2.106639864528224e-05,0.012311993731799488,0.00072530429173978,1.3710512134967346e-07,0.00021136758625557123,0.0032375173171669395,0.00027471734377278764,0.0003404159003453374,0.00047929230849286215
8,0.00043509412383227995,0.9848172393850548,1.2478346284469563e-07,0.0016122731850854197,1.0642926287834227e-05,1.8866772908857818e-07,0.0014794402419327625,0.00027447910449331434,9.607941770169982e-08,0.0016030976087993813,3.216416207231932e-05,1.8753670068096206e-06,3.924108093695368e-06,6.627667723867916e-05,3.151010128810274e-06,7.35862431629225e-08,1.7579575310979495e-05,0.006614001093381279,0.00026096228992977203,1.2113458667257334e-07,9.492065432452172e-05,0.0011222317492812447,0.00017712302081214945,0.0007697902123078195,0.0006031292531865533
9,0.0002662231911547059,0.989561263803012,2.0003369461003356e-07,0.001262262983063628,9.118777260973975e-06,9.124028484710055e-08,0.0011185153366100988,0.00020959301221907818,1.3399765318970874e-07,0.0009943162994596997,2.9622141221738922e-05,1.233082985012021e-06,6.160550853878812e-06,4.004254110838457e-05,1.5560538149885272e-06,2.3279726355182404e-08,1.0829759470111387e-05,0.004511697897855107,0.0001444575618682138,1.1018473508258428e-07,3.981745394785861e-05,0.0004761620795634164,4.911215617092513e-05,0.0009017489603412292,0.0003657076219248519
10,0.00044285786630416605,0.98242552748768,1.0710630189724511e-07,0.0010565036036103773,1.2452095705113399e-05,4.4404985655794385e-07,0.0014072814476079607,0.00020740317284990794,1.3560068793672476e-07,0.0010524467266241468,9.420319824156647e-05,3.118904737225627e-06,4.028815032432242e-06,7.999709785337548e-05,3.7560131620813916e-06,6.180092215157927e-08,1.3877136875008663e-05,0.010015748737369988,0.00041715312772605095,1.4238765000440933e-07,9.89801767668716e-05,0.0018786161353160362,0.0001352143428377268,0.0003520196151905183,0.0002979233530908971
11,0.0004264132815676516,0.9826663185167938,1.0943484952692111e-07,0.0010259019091170718,1.2135369823483753e-05,4.373762543306486e-07,0.0014010574321988367,0.00019369895596847697,1.3339404393796255e-07,0.0010100361004794062,9.372892301742979e-05,3.0958392286332745e-06,4.524608130552672e-06,8.049747424387507e-05,3.524068028731982e-06,5.7784300388907825e-08,1.3438984869650429e-05,0.01003914575531679,0.00037694107245874104,1.4696292739739333e-07,8.944827484980452e-05,0.0018006667222898402,0.00012983472144941538,0.0003545358243912459,0.0002741712134010778
12,0.00042031502036727475,0.9864976299049981,1.4311338032944899e-07,0.001094238899464439,8.04064129173517e-06,3.2629201670172286e-07,0.0021758530614016084,0.0003065833435747788,3.937317699559824e-07,0.0011675337080101925,0.00010033562478853117,1.8302235469471888e-06,4.003104883702936e-06,4.8290205466891e-05,4.568038718629131e-06,5.518997438243408e-08,9.125136427436303e-06,0.005517210024250579,0.0006423901362922051,1.8714652511549937e-07,7.947339102002218e-05,0.0011158627803004488,6.158074746305299e-05,0.000364769501437447,0.0003792610326294644
13,0.0010053582423854037,0.9747404732212471,2.5419691924024335e-07,0.001078587241053656,2.1622834355370446e-05,5.896249735682895e-07,0.0017063996934434215,0.00028918154554328184,2.1249585156694603e-07,0.0004885308807656574,0.0003697039698464156,1.9318088187745806e-05,6.120599688558351e-06,0.00018080414625222706,7.482213850678365e-06,5.7690538435818617e-08,3.5202154976325636e-05,0.013901462210111886,0.0007930481817741586,1.9886542210003872e-07,0.00017546871755725428,0.004398724810979662,0.00015234638835972977,0.0002976927776075034,0.0003311592083086082
14,0.0004807877875284545,0.9817285328886365,1.121445778200284e-07,0.0010929470764494136,1.2722351833964962e-05,4.5786700199293044e-07,0.0014781011924395176,0.00021684421853124166,1.3867091578063948e-07,0.001053656546755099,9.79890023688602e-05,3.3916451085194455e-06,4.105039254791144e-06,8.398796995718913e-05,3.956910281409874e-06,6.587644200327151e-08,1.4791579923280456e-05,0.010389465249961823,0.00043653913699352693,1.486495808065035e-07,0.00010343595245455972,0.0019738730686019975,0.00014451359949392448,0.00036272708007383436,0.00031670849483389686
15,0.00044285786630416605,0.98242552748768,1.0710630189724511e-07,0.0010565036036103773,1.2452095705113399e-05,4.4404985655794385e-07,0.0014072814476079607,0.00020740317284990794,1.3560068793672476e-07,0.0010524467266241468,9.420319824156647e-05,3.118904737225627e-06,4.028815032432242e-06,7.999709785337548e-05,3.7560131620813916e-06,6.180092215157927e-08,1.3877136875008663e-05,0.010015748737369988,0.00041715312772605095,1.4238765000440933e-07,9.89801767668716e-05,0.0018786161353160362,0.0001352143428377268,0.0003520196151905183,0.0002979233530908971
16,0.0003702074608717076,0.9726353025983682,6.35272299275235e-08,0.00131506798705841,9.348218825416594e-06,5.860513984128614e-07,0.0014575483801742217,0.00024171390030718092,9.157121020272803e-08,0.0020960968678720845,8.928670044208501e-05,2.8864078812826063e-06,2.5281820570068993e-06,7.256074568791114e-05,2.761467095038082e-06,9.680522645951251e-08,1.2889247271301182e-05,0.017907551250100347,0.00042214822869300205,1.7516399804972e-07,0.00022657691473191612,0.0023868035221927186,0.00016461627487122517,0.0002908375591308826,0.0002922549673050379
17,0.0005703748549266407,0.9702931263344191,1.5270323049491852e-07,0.002272850795135291,1.6988959959339407e-05,6.424125082920839e-07,0.0018302023919339562,0.0002197953954352833,9.97245070721773e-08,0.0011816515747878392,0.0001216511083589576,6.0520253837541694e-06,5.953820841330565e-06,0.00018676115602490043,2.740323792841481e-06,8.493177585642012e-08,1.5241080525411206e-05,0.019689395820790486,0.00033778890272685567,2.3856450502060294e-07,0.000145970184636897,0.002020060797837791,0.0002835035637158536,0.000372269306748883,0.00042640326549173055
18,0.0008619340045056567,0.9748483722017984,1.0547268920930775e-07,0.0008081360319465737,6.6121596092905665e-06,1.7250635261223338e-07,0.0012745634287774006,0.00018748030514805465,5.972598845675947e-08,0.0007358862794672417,5.612711777607869e-05,5.54409017934616e-06,3.7915238742745857e-06,6.459721446636041e-05,2.4766456045516658e-06,4.031103637468726e-08,3.189362444199274e-05,0.01691848794618482,0.00023299406732676446,1.0512525101564812e-07,9.291052311838833e-05,0.002701115664641084,0.0001327137285386626,0.0005889147230951966,0.0004449655781820409
19,0.000298416665085836,0.9847409893473903,2.1373194982235898e-07,0.0011962095501922027,2.183458773659639e-05,4.014252644559846e-07,0.0010438011637087096,0.00024049509297126276,2.155873167448074e-07,0.0012011699722684975,8.667738837153945e-05,4.199204296261797e-06,6.733810675957162e-06,0.00010328977841101573,2.617242466528516e-06,4.1795166228281704e-08,1.2828758177137193e-05,0.00806782241793861,0.0003942425005268231,1.6482460689403676e-07,7.75945228590548e-05,0.001859825247667762,6.656180680661729e-05,0.0003354756684177695,0.0002381779097275112
20,0.00030535528196192033,0.9832672140700193,8.13881665760051e-08,0.0008167991670957509,1.287241689899965e-05,3.089889900986777e-07,0.0009096253542866755,0.00032284239127700027,1.3334396387501373e-07,0.0012017663935284173,6.536607050357342e-05,2.863578301896475e-06,2.8680215917466998e-06,5.856445239682163e-05,4.73001713930168e-06,5.1320992661775444e-08,2.1376878689786097e-05,0.007985301448627885,0.00047956124198391016,1.241625664782635e-07,0.00011743464998656323,0.003714369733443315,0.00011712632977968044,0.0003442595330129019,0.0002490037647948858
21,0.0009806450245659255,0.9687353111611071,1.9332209834021425e-07,0.001769919779362786,1.4971709495635045e-05,8.549478844114726e-07,0.0030231922911228186,0.00021609457024639636,1.2897150823761398e-07,0.0014010481620760316,0.0001470667994520257,8.420048587273377e-06,8.266631118837685e-06,0.00017571397938849725,3.4833195201199867e-06,1.550056078926698e-07,1.5596418046546854e-05,0.019864213045309168,0.00043597443078576497,2.981697475310117e-07,0.00014576096970929944,0.001938449705522911,0.00026486258244082624,0.00045300641455934144,0.00039637254073643727
22,0.0006708947285891183,0.9682100862533769,1.2292809388542005e-07,0.0011976073640498949,1.342844651874743e-05,6.245587348501545e-07,0.0016850916749341872,0.00025346026689769416,1.1032144939283609e-07,0.0010763593731158148,0.0001600186923677699,5.482951051497777e-06,3.842541484939649e-06,0.00010045346313437255,3.7923753346380386e-06,8.152591208082223e-08,2.265484127124508e-05,0.021998967744199675,0.000441109900151505,1.9248669304076404e-07,0.00018274842442318718,0.0030813079828765663,0.00019562095842361055,0.00041016599841192425,0.00028577419850345736
23,0.00044285786630416605,0.98242552748768,1.0710630189724511e-07,0.0010565036036103773,1.2452095705113399e-05,4.4404985655794385e-07,0.0014072814476079607,0.00020740317284990794,1.3560068793672476e-07,0.0010524467266241468,9.420319824156647e-05,3.118904737225627e-06,4.028815032432242e-06,7.999709785337548e-05,3.7560131620813916e-06,6.180092215157927e-08,1.3877136875008663e-05,0.010015748737369988,0.00041715312772605095,1.4238765000440933e-07,9.89801767668716e-05,0.0018786161353160362,0.0001352143428377268,0.0003520196151905183,0.0002979233530908971
24,0.0002088656840527513,0.9841543823380584,8.563005805464025e-08,0.0013551021037497073,1.3923841413804139e-05,4.22330934795881e-07,0.0009217431367068581,0.00014374562616645915,9.328222322459514e-08,0.0011926154537303835,6.987457980004148e-05,2.1953804596350233e-06,4.403161444122839e-06,9.53789453823456e-05,1.7872371314146073e-06,4.084900592869272e-08,7.4062730767088995e-06,0.009689780058977637,0.0002805339600199973,1.3434596758612156e-07,8.243962362716061e-05,0.0012382366971181095,0.00010210052029513083,0.00022232553647349618,0.00021238340412627245
25,0.0008513301401302511,0.9642604228564495,2.1590129618360666e-07,0.0026935701916991515,1.4130736262887992e-05,3.7171553481225626e-07,0.0034626977765111287,0.0006116960926029006,1.362899844397792e-07,0.0009460963687990543,0.00027751138666275767,9.118121217505902e-06,8.663321579441451e-06,0.00011371531584778872,2.925917790003969e-06,7.150657150674864e-08,2.9942936607766437e-05,0.022550446803393777,0.0005839800253675913,4.637108928681885e-07,0.00016264623509438755,0.0022591037997578343,0.00021842531759618322,0.0006438829900539258,0.000298434542296032
26,0.0008720372722070899,0.9743922526638461,1.8232764635975925e-07,0.0009110340653389284,8.977579905118099e-06,1.859867885234863e-07,0.0015434877419759792,0.00027262794407030674,1.1614715440079851e-07,0.0006750731601068067,9.183449961064683e-05,3.7439554986763005e-06,7.014656392094204e-06,3.631509485606273e-05,2.4026275283692462e-06,2.84738531784547e-08,3.461833566886708e-05,0.017660161269193012,0.00018221066370903403,1.4455139110801907e-07,5.7819107858889764e-05,0.0015616226869826564,0.00010065422236667851,0.0013167261120070445,0.00026872885404403594
27,0.0004570771552336804,0.9833254288429464,9.811040711933826e-08,0.0008105849268729849,9.828600491996568e-06,5.491216096663089e-07,0.0013760753138890654,0.0002631376648503444,2.49067954467205e-07,0.0013656695615112497,7.290889580619817e-05,2.3241184797457063e-06,2.6376455111370944e-06,6.043436515467246e-05,6.215933673075517e-06,8.181411199071279e-08,1.3300560747218847e-05,0.007825609601746874,0.0005545407257198155,1.608974809726377e-07,0.00010231820936017934,0.0029054034729719884,0.00011594485156037073,0.00030960353710937085,0.000419817004799428
28,0.00044285786630416605,0.98242552748768,1.0710630189724511e-07,0.0010565036036103773,1.2452095705113399e-05,4.4404985655794385e-07,0.0014072814476079607,0.00020740317284990794,1.3560068793672476e-07,0.0010524467266241468,9.420319824156647e-05,3.118904737225627e-06,4.028815032432242e-06,7.999709785337548e-05,3.7560131620813916e-06,6.180092215157927e-08,1.3877136875008663e-05,0.010015748737369988,0.00041715312772605095,1.4238765000440933e-07,9.89801767668716e-05,0.0018786161353160362,0.0001352143428377268,0.0003520196151905183,0.0002979233530908971
29,0.00044285786630416605,0.98242552748768,1.0710630189724511e-07,0.0010565036036103773,1.2452095705113399e-05,4.4404985655794385e-07,0.0014072814476079607,0.00020740317284990794,1.3560068793672476e-07,0.0010524467266241468,9.420319824156647e-05,3.118904737225627e-06,4.028815032432242e-06,7.999709785337548e-05,3.7560131620813916e-06,6.180092215157927e-08,1.3877136875008663e-05,0.010015748737369988,0.00041715312772605095,1.4238765000440933e-07,9.89801767668716e-05,0.0018786161353160362,0.0001352143428377268,0.0003520196151905183,0.0002979233530908971
30,0.00044285786630416605,0.98242552748768,1.0710630189724511e-07,0.0010565036036103773,1.2452095705113399e-05,4.4404985655794385e-07,0.0014072814476079607,0.00020740317284990794,1.3560068793672476e-07,0.0010524467266241468,9.420319824156647e-05,3.118904737225627e-06,4.028815032432242e-06,7.999709785337548e-05,3.7560131620813916e-06,6.180092215157927e-08,1.3877136875008663e-05,0.010015748737369988,0.00041715312772605095,1.4238765000440933e-07,9.89801767668716e-05,0.0018786161353160362,0.0001352143428377268,0.0003520196151905183,0.0002979233530908971
31,0.0006586781274207325,0.9781389123933033,7.918889719311634e-08,0.0008654836866040998,1.1686130909872147e-05,1.6317339553184895e-06,0.0025438679459262896,0.00013671285646316288,1.9354593795326135e-07,0.0010473189582522896,0.00023565592007062134,3.972491159557603e-06,2.843413098198843e-06,0.00011631153867037518,1.2103106600501801e-05,1.5935232276608186e-07,1.2629070373198112e-05,0.011281478121194241,0.0007113138279067415,1.644830083422178e-07,0.00016581051877542535,0.003163820657407001,0.00032028615306194206,0.00020909865271417444,0.000359788125966813
32,0.00044445543167793587,0.9831461245298174,1.0536171910551033e-07,0.000985392302241667,1.2684686601239408e-05,4.63310613334122e-07,0.0013872752583742832,0.00022250628840904255,1.5863482253955473e-07,0.0011120133192749752,9.190109756873965e-05,3.0988842748474806e-06,3.802798068612943e-06,7.970221835695798e-05,4.353935451810752e-06,6.835867876825e-08,1.423012315813745e-05,0.00902504814443892,0.0005162400877347696,1.408659992123758e-07,0.0001057353795527174,0.0020873784542734587,0.00012791643937538742,0.00032348929215298046,0.0003057147973632928
33,0.0004072305581376264,0.9828132059832276,9.022021655504792e-08,0.0009118466964746425,1.2272266778839874e-05,3.9723269178775063e-07,0.001186466622533662,0.00018941025790221284,1.0370375623662109e-07,0.0009433638660640963,8.468884524327319e-05,3.0559604213912097e-06,3.98832282235166e-06,7.724453716488689e-05,3.3583564020335547e-06,5.3820860835496806e-08,1.46463120237858e-05,0.010057961581226849,0.0003743475434605059,1.277071428221356e-07,8.807142506357397e-05,0.0021277434117663837,0.00013334813304632129,0.0003304018035681815,0.0002365748320033905
34,0.0005302142453743057,0.9850734530505633,1.3134942670682433e-07,0.0008440164539549824,1.100984474196696e-05,4.981534651376313e-07,0.001681458103260912,0.0002137349883630363,2.791985413301298e-07,0.0011126473464261233,8.82292450426933e-05,2.6258841461998223e-06,3.908279352675857e-06,7.518334145894597e-05,4.971418195555278e-06,7.096071212347011e-08,1.055140271230313e-05,0.007134870855429785,0.0006173878982286987,1.4211739971567129e-07,8.704470612365438e-05,0.0017586486739510296,8.576921027134535e-05,0.0003083880196689079,0.00035476525318867846
35,0.0005891685813265707,0.9751050893997906,1.1087495856043501e-07,0.0012659813233534861,7.605558342538855e-06,2.884169812956492e-07,0.0014261592628050355,0.0004093546942597066,2.2332075532769548e-07,0.0015968939320420285,6.857839925473854e-05,3.2517695463097055e-06,3.96758204981121e-06,4.515615841472425e-05,2.165468566744818e-06,4.3946704383551005e-08,1.6969869314138347e-05,0.01572086821792476,0.0004971827818208119,1.969497946285196e-07,0.0001019303622015015,0.0021832148810015614,6.587345813357627e-05,0.00043817330849963657,0.00045155148215767925
36,0.0008124556366146203,0.9850512402789602,2.729379480357401e-07,0.0008791152310775736,2.52989598467583e-05,1.202330994160266e-07,0.0008289990044513389,0.0005700075213620223,2.5446028518147844e-07,0.0010559032008169418,3.769325603981575e-05,1.1740416460169206e-05,7.556883447849464e-06,9.528388431694925e-05,6.248750195747988e-06,6.171726812591488e-08,7.55534058364346e-05,0.004011383783244004,0.0012281152214177313,9.801064322846652e-08,9.860440554772543e-05,0.00392525628961203,7.059238653056394e-05,0.000589858607419983,0.0006182855175574605
37,0.0018008696517671937,0.9704016199237683,1.7947229941916895e-07,0.0007981576680808908,8.751318832515846e-06,3.0427900866097885e-07,0.0022851442943027725,0.00013123083250155617,6.664281746589199e-08,0.00040055370321007047,0.00013041265582023915,7.826971692470223e-06,6.120322876277724e-06,0.00012129738440216563,2.364194911167009e-06,4.758150226105291e-08,1.960667963600448e-05,0.020741039801920057,0.0002723560812860096,1.277010088684328e-07,6.871810184659615e-05,0.0018347404043732526,0.0001317523668426425,0.0005432041186830821,0.00029350784661003537
38,0.0003010447803331646,0.9850547882877477,1.1594520693074592e-07,0.0012174686871474034,1.4055558909814116e-05,2.707905500351393e-07,0.0009188971149906795,0.0002365073571351179,1.3426696273837624e-07,0.001052176191766593,6.778554270830198e-05,2.7826960416554226e-06,4.386478642001409e-06,6.906525914995393e-05,2.5378537930012653e-06,3.630708272616921e-08,1.4351583672560898e-05,0.008318331251501946,0.00035285494038501285,1.2685295680396418e-07,8.22357338368862e-05,0.0015522092613783505,8.840742936499887e-05,0.00035788074468225665,0.00029154908405324293
39,0.0009488329616963697,0.9543525381688891,2.358400030223572e-07,0.0035994814446165583,3.6082139803364934e-05,1.4646113502463555e-06,0.00269021395291389,0.0010082467466257328,3.192793236727924e-07,0.0036145710943070214,0.00020550061101861343,1.1948659566409244e-05,4.5866920999796545e-06,0.00017338135607781693,8.440345632622626e-06,3.7721929701495937e-07,3.785563179366976e-05,0.024720890419857873,0.0017058402507686536,4.7108202171347844e-07,0.0006399230475213323,0.00434735994955465,0.0004449844517879078,0.0005708791760216311,0.0008755748674507486
40,0.0010329844812978412,0.979246632920755,1.2114492888438199e-07,0.0003224817972790357,9.071997354141084e-06,5.994090634400539e-07,0.0013023351328895671,9.323640287391428e-05,1.2624898894764232e-07,0.0004029906195371466,0.00012617157060228966,5.899490493651179e-06,2.3700077164966355e-06,0.00011450588885972832,6.37571543883558e-06,5.389772078528529e-08,1.517730512192772e-05,0.011354694703492107,0.00043322852118414106,8.355515735174872e-08,8.986184705169083e-05,0.004863803078228665,9.960313519100336e-05,0.00020894322448855793,0.0002686479042846298
41,0.0003644477119439715,0.9855935543703495,1.1798045385751215e-07,0.0009754507994033112,1.4059921247713482e-05,4.547464250816791e-07,0.001237066097238809,0.00019561609076384419,1.7640961370115085e-07,0.001147490013958061,7.831850995707245e-05,2.434760603960562e-06,3.8568364574983845e-06,7.732774626364569e-05,4.087695585660029e-06,6.066001915502784e-08,1.1262486699311712e-05,0.00741450381311267,0.0004253379114556715,1.2493566551487512e-07,8.988322734072417e-05,0.0016225737943605927,0.0001063000890654621,0.0003351349161170828,0.0003003584758981669
42,0.0005149749457944017,0.9777210980124549,8.237433036593119e-08,0.000788365546812231,1.2066222002148011e-05,4.3418530558443226e-07,0.0014530193544634962,0.0006909811136189682,2.240748300350382e-07,0.0018341031483969288,8.511703840639972e-05,3.7389134043449404e-06,1.7950539806858937e-06,5.552809775652957e-05,1.0747349247536617e-05,1.6869789891367876e-07,3.326950446597532e-05,0.006823692548357447,0.001614246155996967,1.993128848250799e-07,0.0002524459611255554,0.007275354844079318,0.0001639270309769929,0.00031105538754773275,0.00035336512586186977
43,0.00020814520920479001,0.9745184107936475,5.304469884278817e-08,0.0012986251270588652,2.3685096127295263e-05,1.2451348429388902e-06,0.0009163107961584865,0.000512501260205402,2.3678606836304843e-07,0.005009785712451712,7.855967863185315e-05,1.9781274817291025e-06,1.6613963276734687e-06,5.700535755999264e-05,7.781935655979704e-06,1.9163673924288542e-07,1.708380232541266e-05,0.010512848818813031,0.0010527576553906932,1.5683984198224053e-07,0.0003842011410793284,0.004597921774396951,0.00020628823640702433,0.0002766316147419731,0.0003159330241429279
44,0.00044285786630416605,0.98242552748768,1.0710630189724511e-07,0.0010565036036103773,1.2452095705113399e-05,4.4404985655794385e-07,0.0014072814476079607,0.00020740317284990794,1.3560068793672476e-07,0.0010524467266241468,9.420319824156647e-05,3.118904737225627e-06,4.028815032432242e-06,7.999709785337548e-05,3.7560131620813916e-06,6.180092215157927e-08,1.3877136875008663e-05,0.010015748737369988,0.00041715312772605095,1.4238765000440933e-07,9.89801767668716e-05,0.0018786161353160362,0.0001352143428377268,0.0003520196151905183,0.0002979233530908971
45,0.0005456109556457563,0.9856023253046677,1.8168393592446801e-07,0.0008675937472510976,1.7229123848118065e-05,3.5638160702005364e-07,0.0023224019670460574,0.00041748860955134043,2.8404795435318425e-07,0.0010909864960548606,9.833469720390295e-05,3.184938360430498e-06,7.096683804624796e-06,7.054121311993213e-05,7.0740522019912084e-06,8.50513875610867e-08,1.9533759991682062e-05,0.004942934578191716,0.000743679469355946,1.8268173401115128e-07,6.70241239516057e-05,0.0022156652503692517,0.0001170819350159292,0.0006150323951677087,0.00022809085258134116
46,0.0009699421973547558,0.9704244045422226,1.3268461195928654e-07,0.0012364490112608674,1.5349372005897026e-05,1.0729195444691421e-07,0.0007319407938764161,0.0006586956363950802,6.02686646360279e-08,0.0007044924983942721,9.233093361358681e-05,1.1217039526195338e-05,6.571850344818744e-06,3.699017363722026e-05,3.885524337216536e-06,3.42754107540862e-08,0.0002199896613126765,0.018041929438737295,0.00034673836451176954,1.4601968526983468e-07,0.00014432057447318132,0.004364559709102189,0.000195087276858626,0.0014506092274273036,0.00034401563428110884
47,0.00034040429588577355,0.983973336817973,1.0576952236634685e-07,0.0011911624038123713,1.4023463841685268e-05,4.4820403728093657e-07,0.0013348471834575912,0.00020601846149837308,1.4394963206587585e-07,0.0011406066178157536,9.087364129280014e-05,2.520638426005242e-06,4.0832014380245e-06,8.18903218157836e-05,3.60516038967095e-06,5.8184276136818885e-08,1.1774484647810187e-05,0.008784170608483194,0.0004102176785719301,1.368625776150266e-07,9.683858218827869e-05,0.0015549907792896125,0.0001334020065084169,0.00033882094713556316,0.0002855197354825689
48,0.0010912120955876147,0.8907440438314358,1.425084705578024e-06,0.008521804381492085,6.508421177712573e-05,1.5159846014403991e-05,0.005129030493724548,0.00011453297351187172,8.746312902539717e-07,0.0016680161076581981,0.001353056936942997,1.7590432115825827e-05,9.12705708999325e-06,0.0007914700571353768,4.475126660059162e-06,1.863038061363147e-07,2.8739319850937674e-06,0.08684560955460226,0.0002187579973844412,7.535069645997303e-07,0.00036687145402205964,0.0007220409232751048,0.0003787568304468597,0.0003947884826273421,0.0015424577477441222
49,0.000569359703090753,0.9724350560485394,1.6177965838285012e-07,0.0012371979077492106,2.075804053869892e-05,8.893042771352479e-07,0.0014289037246065634,0.00024034074598007328,1.565698191142669e-07,0.0011453149315795808,0.00016195982580693711,7.773167045866026e-06,5.465947075546016e-06,0.00013285365738180532,4.430813860912203e-06,8.399180371672416e-08,1.9772957107731445e-05,0.01762336264076921,0.0004662446123783414,2.2363850585384213e-07,0.00014229879468981535,0.00354368921240904,0.00018726274991947114,0.00033296648289158845,0.0002934727525151252
50,0.00029240823850230067,0.9864757926821147,9.323874620011054e-08,0.0008364337064182716,9.656709886055352e-06,5.242586315095007e-07,0.0025544965823825778,0.00020548843467676624,2.7340411564128377e-07,0.0023856225452788017,4.144800453038418e-05,1.1128523654313808e-06,3.518957499742824e-06,9.6493200700765e-05,3.5423215608860437e-06,1.2579274747384431e-07,4.04910496738443e-06,0.003946992716218017,0.0008596268616443412,1.4594833906828982e-07,6.599428215603978e-05,0.0016873660172518408,7.443906104727503e-05,0.0001963503630586561,0.0002580047151601173
51,0.0009959967185966614,0.9898694276206979,2.1033968552629067e-07,0.00045990350400615794,4.137975905215154e-05,8.669044510648285e-07,0.0010678469808486262,0.00015738450268398674,3.5041679468359164e-07,0.0009539970927100632,5.418954699954642e-05,3.850099717936872e-06,5.138772378214309e-06,8.477129545167824e-05,4.3864428508310194e-05,5.68303670751003e-07,3.8847514031913256e-05,0.0012945261447590078,0.0013242438192177669,9.03904425694459e-08,6.374847695800789e-05,0.0016030125411798566,0.00037676433316055256,0.0006607949080999594,0.0008982255858970856
52,0.0006913621453427966,0.8582323503384811,6.571588825269074e-08,0.000959618371138766,5.409575331414371e-06,6.0000295157104715e-06,0.0035623056115487227,6.635978580222633e-05,1.2559909376849505e-07,0.0011987718319451447,0.00040697828492727514,2.613515619040211e-06,4.884966759115483e-06,9.173184124984006e-05,2.376997644839498e-06,8.781836420233625e-08,4.2121787535166e-06,0.13098531440705735,9.670440351163439e-05,4.817303876851592e-07,9.511290043706736e-05,0.0028438842808683044,0.00032652536657029835,0.0002797123972043369,0.000137009906557586
53,0.0008199313960297215,0.9712713868160404,1.0599266662927664e-07,0.0011441659006338665,3.747705599471682e-06,8.981015943325308e-07,0.008018423400610115,0.00017116696484875484,1.9521497505034262e-07,0.0009976288695922471,0.00022451694488684288,1.842831017309316e-06,4.39230536007689e-06,6.820779763821173e-05,7.318222820128365e-06,1.5857405822200723e-07,8.39749621803267e-06,0.014104159532719544,0.0003276242871581552,4.0277416281599386e-07,8.437227053089867e-05,0.001479423748546453,0.00037225299101284974,0.0005130182147679733,0.0003762616465115188
54,0.0003553324031486817,0.956179045408353,1.4084734797639013e-07,0.0026300337676412088,5.879708619580201e-05,5.042930158643353e-07,0.0007688429489624329,0.0008863336436248069,1.206974472154513e-07,0.0013619257994156029,0.0002926221085741686,6.829685717122145e-06,6.770773155026826e-06,5.989263223323381e-05,3.2110147689657176e-06,3.68386864774255e-08,7.136378864600863e-05,0.032118847221321474,0.0005609451450504611,1.8567153091665377e-07,0.00025184558345227515,0.0029935624244188854,0.00022830116718689536,0.0010087749598023902,0.00015573409030318383
55,0.00017495608506211513,0.9846179583214224,3.582969617821176e-08,0.0009058616651131477,2.9425682471968116e-05,8.417176904050015e-07,0.0010317177978395545,0.00022533720677040672,5.1010297057621564e-08,0.0019094385553563465,7.163442115406797e-05,1.2318644469061323e-06,1.2166691142627595e-06,0.00012066186803311502,1.1277033986180683e-05,2.3946713418730344e-07,1.643345103642185e-05,0.004728236756536996,0.0008380588199704369,7.183112172780122e-08,0.00027907804632710924,0.003983594211173355,0.0006488890952286608,0.00023590887664971927,0.0001678437163674476
56,0.0004159009865401643,0.9833468074653089,1.1087125424295631e-07,0.0009917368170672873,1.225620421211805e-05,4.1980828516554626e-07,0.0013536116285872432,0.00019450486703619134,1.3788264494027838e-07,0.0009896939989105793,9.243350499267123e-05,3.005141504187918e-06,4.63761004628396e-06,7.663916750822696e-05,3.523155370706746e-06,5.536611161188147e-08,1.3533487384911547e-05,0.009551096504859382,0.0003806595167914507,1.4442196538041105e-07,8.590808900480028e-05,0.0017406305687282613,0.00012091247731781389,0.0003591982726649161,0.0002624421859022757
57,0.0004448379756120104,0.9816143516540751,2.384677279206433e-07,0.001151730061289397,3.4490192095838094e-05,3.1420817833011205e-07,0.0007103080145473782,0.0005878931302483788,2.9744964031316383e-07,0.001752380092752611,6.71880173650677e-05,9.444437507552891e-06,5.666121583805427e-06,0.00010278562650022946,4.6067274191622465e-06,7.288284452555543e-08,4.1692999426926465e-05,0.007041794722517043,0.0012176585232259996,1.495835601731426e-07,0.00017295319051323127,0.004217383869785223,6.797939450952975e-05,0.0003678028389933265,0.00038597981808103754
58,0.00042627117284405156,0.9831684197030341,1.0671354812271304e-07,0.0009356784697262025,1.1599418888546917e-05,3.364775751149788e-07,0.0013119616997077457,0.00020789851764323503,1.1802642743253286e-07,0.0009557872247353341,8.504508114132961e-05,2.8615307331677503e-06,4.276226381830646e-06,6.440352131570018e-05,3.503833344267738e-06,5.0833549615211665e-08,1.644821503142385e-05,0.009766811491783389,0.0003393044710674646,1.2732393254158381e-07,8.695232123204856e-05,0.001772132967595725,0.00012765437809449744,0.00044973859869643,0.0002625117819707828
59,0.0004757958925559097,0.9818457083069247,1.3447002211386488e-07,0.001033560365059618,1.230684130756691e-05,3.118021365649421e-07,0.0014096971305836618,0.00022814410107903493,1.198908376023939e-07,0.000951503037965774,8.678834571606055e-05,3.133323829098266e-06,4.792020300814446e-06,6.550261630000526e-05,3.2574679070068545e-06,5.094595801027074e-08,1.7991676613389866e-05,0.010849264353410602,0.0003083551046245668,1.401177172220533e-07,8.7650071325595e-05,0.0016409575595067137,0.00012595374826304348,0.0005676121448432271,0.00028126866521217966
60,0.00044285786630416605,0.98242552748768,1.0710630189724511e-07,0.0010565036036103773,1.2452095705113399e-05,4.4404985655794385e-07,0.0014072814476079607,0.00020740317284990794,1.3560068793672476e-07,0.0010524467266241468,9.420319824156647e-05,3.118904737225627e-06,4.028815032432242e-06,7.999709785337548e-05,3.7560131620813916e-06,6.180092215157927e-08,1.3877136875008663e-05,0.010015748737369988,0.00041715312772605095,1.4238765000440933e-07,9.89801767668716e-05,0.0018786161353160362,0.0001352143428377268,0.0003520196151905183,0.0002979233530908971
61,0.00045133768506238167,0.9830475892960289,1.416333546920104e-07,0.000998826946205401,1.2955187987360925e-05,3.3295275729589224e-07,0.0013326748507281265,0.00021151667511306476,1.3122944082635375e-07,0.0008945239762245359,9.331192604874602e-05,3.3501591416299384e-06,4.733423045426516e-06,7.135190505739257e-05,3.3368664307609818e-06,4.9365179033995866e-08,1.6476369706902292e-05,0.009922834552300468,0.0003330698599703329,1.3949852909489708e-07,8.68354764483726e-05,0.0016498022481706055,0.0001129490870125958,0.0004742325864191087,0.0002774962436372367
62,0.00044285786630416605,0.98242552748768,1.0710630189724511e-07,0.0010565036036103773,1.2452095705113399e-05,4.4404985655794385e-07,0.0014072814476079607,0.00020740317284990794,1.3560068793672476e-07,0.0010524467266241468,9.420319824156647e-05,3.118904737225627e-06,4.028815032432242e-06,7.999709785337548e-05,3.7560131620813916e-06,6.180092215157927e-08,1.3877136875008663e-05,0.010015748737369988,0.00041715312772605095,1.4238765000440933e-07,9.89801767668716e-05,0.0018786161353160362,0.0001352143428377268,0.0003520196151905183,0.0002979233530908971
63,0.00038546898293865726,0.9847986600923347,9.004187811125021e-08,0.0008409766761705505,9.618052283693315e-06,3.574790029374268e-07,0.001231867521576827,0.0001689042058851398,1.2124857810203825e-07,0.0008852952977371379,8.182840008517226e-05,2.3967991719753844e-06,3.7164084161574504e-06,6.321840469897547e-05,3.341139854416429e-06,4.6943928661265966e-08,1.2121029834765072e-05,0.008746014371674101,0.00033798306945160184,1.2385413632161199e-07,7.768516538687573e-05,0.0016632959409984731,0.00010683923591589221,0.00032641374635892237,0.00025361589170206413
64,0.0004479213207081103,0.9800054493923547,1.0245177837747511e-07,0.001160858039822636,1.372017111152641e-05,4.99339353549075e-07,0.0013613893075659694,0.00023891354145346542,1.315695327877365e-07,0.0011922640202114965,0.00011300124308124171,3.6009339160877656e-06,3.1506747007221734e-06,8.116923229613577e-05,4.541060435058856e-06,7.391708148486094e-08,1.6718762023860396e-05,0.011737054147981483,0.0004944411161837421,1.381036221591115e-07,0.0001706282003955496,0.0020968161321883484,0.00015919397997573375,0.0003582549191954484,0.00033996842303036845
65,0.00042378787488004153,0.9845655102215732,1.0105119449876757e-07,0.0009242790744989776,1.0269301781201265e-05,3.4738865935017353e-07,0.0014005298959037147,0.00020264785367015824,1.3773617406067226e-07,0.0009472981200593053,8.307246725519225e-05,2.536179746190319e-06,3.955619195004356e-06,6.516646883217983e-05,3.614194051747181e-06,5.1988404036140664e-08,1.322689373733488e-05,0.008429542596492636,0.0003847772813419322,1.324359175407937e-07,7.998199674424029e-05,0.001698852972072972,0.00011349014395957367,0.0003684429697570558,0.00027824727409796044
66,0.0004661069959451447,0.9806355728239641,1.6487415336521715e-07,0.0014451220662024056,1.583403902980447e-05,7.010554829542074e-07,0.0020649651969057857,0.0003223809791688695,3.03954553060548e-07,0.00199711995454975,9.691218353295408e-05,3.823318952588749e-06,6.136577826333853e-06,0.00010953712044907296,3.58386143411191e-06,1.1612700695211367e-07,1.0496757500020784e-05,0.009143053899457973,0.0008141054362940036,2.731517825811816e-07,0.0001076608237645576,0.0020219793386483057,0.00010484398148079362,0.0002905307897306089,0.00033867469218395964
67,0.0007787816986462344,0.9632376925394001,1.6868719147077108e-07,0.0020602854197541054,1.5496838473071727e-05,1.8354534737473939e-06,0.00343989788528704,0.00011291456971138175,8.123855030894007e-08,0.0008998500471195172,0.00023303105095385244,8.250228455000078e-06,6.463909319324447e-06,0.00031959900397892683,6.914095492840269e-06,2.4471591082548477e-07,1.4221923827076005e-05,0.024169797640195726,0.0003042404441035146,4.133361100129276e-07,0.000172298087986609,0.0023385341438879616,0.0009931938768538533,0.0003394473009857313,0.0005463458643316649
68,0.00048679685726079084,0.9792750034116342,9.923502319142703e-08,0.0011050108713883536,1.1177890695903846e-05,4.97014831687618e-07,0.0014681653837665578,0.00019762019671541918,1.19472566343555e-07,0.0010045739398322226,0.00010978152955354587,3.4038186343275247e-06,3.847258088481757e-06,7.769086748528617e-05,3.725087598791428e-06,6.256885556110397e-08,1.4893075468047352e-05,0.012924054798572653,0.00036676192314364297,1.567909987453391e-07,0.00010905192917616096,0.001999451180917127,0.00016275443531036792,0.0003627311112580549,0.00031256935122429434
69,0.0004235660179988731,0.9816817893671063,1.3001726703017677e-07,0.0014139811769923833,1.0954322817190474e-05,3.4078966268165253e-07,0.0015347020507728364,0.000276997014182864,1.5505437035413142e-07,0.0012632903865839372,8.338629029804478e-05,2.8683347752266315e-06,4.48445499507685e-06,6.491766005477267e-05,3.2831186157462863e-06,6.304751188755155e-08,1.5231700772907619e-05,0.010279604115908614,0.0003949891857909884,1.9253321973540194e-07,0.00010409691803404343,0.0014503480615753737,0.00012505122311464353,0.0004705149094170861,0.00039506224816127094
70,0.0012353660628247455,0.9683160659922114,5.719928448455865e-07,0.0016318375233881383,2.2389281438865653e-05,1.7331821985754793e-06,0.002425520717565252,5.321459065588008e-05,1.5308819267549632e-07,0.0006846279890696945,0.00015045822291068973,1.6966624215381956e-05,8.083335669669722e-06,0.0008658813991648508,3.616047265326718e-06,1.3540007553778467e-07,7.960063665059146e-06,0.020762225918377043,0.00024867704451358357,2.3660796813567812e-07,0.0001277845211638093,0.0020976009214613844,0.0002427405060352993,0.00020668360237050256,0.0008894693647535119
71,0.00012555407566667033,0.9920250946859503,8.168448320626628e-08,0.0006075132345278239,1.9257095662235703e-05,3.5134674361934506e-07,0.0004061514266522577,0.00010237367667836935,1.5415457160806753e-07,0.0011400057918767,3.640329021937988e-05,1.3241991826245968e-06,2.7851218418852394e-06,6.774606346399227e-05,2.5967293720540368e-06,2.6929758621451476e-08,5.850862293354976e-06,0.0033976018675131833,0.0003122582918114324,5.047102054344015e-08,5.2497338137395283e-05,0.001300688059463928,4.27612734234711e-05,0.00015956084184228848,0.00019131148784321764
