,0,1,2,3,4,5,6,7,8,9,10,11,12,13,14,15,16,17,18,19,20,21,22,23,24
0,1.1828033617765343e-06,9.07813099318225e-06,8.681681443167997e-07,9.81278303926006e-08,0.00046516228794955735,3.9126522430946965e-07,7.795830177996088e-08,0.00033341817190930514,4.439514787698628e-05,2.6417900841946955e-05,1.2419689351208467e-07,1.855831470678843e-05,6.96341866090182e-10,1.3023481212608181e-05,0.00045275577435808595,3.738671303266695e-05,5.451970726826318e-06,2.7112688853885377e-09,0.9922108783511885,2.523398001878872e-09,0.0002954598252246145,0.006081390017324627,7.068972041249017e-08,6.57421322976243e-09,3.7981979559378393e-06
1,8.464857060400249e-07,6.4670143246110444e-06,7.091740706497393e-07,7.576075482249875e-08,0.0003454089476358218,3.4423447454927496e-07,6.687459845927596e-08,0.00026609442777009146,4.750036260862249e-05,2.2895882389202498e-05,9.463014582949572e-08,1.296906576612443e-05,5.053268473390177e-10,1.0455463054969112e-05,0.00036952890921342264,3.560183428159311e-05,3.10312801284466e-06,1.6293511745625442e-09,0.9944277347212231,2.1666157195457853e-09,0.00023137785702476447,0.004215670184222129,4.589402530131251e-08,3.948514747342021e-09,3.0008988882882035e-06
2,1.1935069765390232e-06,7.60426002785435e-06,6.50137255369491e-07,8.200847765920526e-08,0.000372595673432104,4.076249619413183e-07,7.703663123983844e-08,0.0002784823778715441,3.630557975330066e-05,2.1817497305968898e-05,1.1381566096583295e-07,1.7533318772002213e-05,5.195086633745506e-10,1.2934395625530304e-05,0.0005776533388604296,4.4655383366593454e-05,5.3590026049597e-06,2.2801693611094134e-09,0.9916913122521709,2.2348375650483147e-09,0.000300910213420622,0.006626222128485362,9.402375484777543e-08,5.210845853870335e-09,3.986179222936667e-06
3,1.1669989693625335e-06,8.975855579661104e-06,8.735824718197393e-07,9.768572834127157e-08,0.00046607985923850743,3.936293312773071e-07,7.755678417441329e-08,0.0003305854723414015,4.491976432888029e-05,2.629142070260729e-05,1.2453894312222244e-07,1.8546016651933974e-05,7.008645463928255e-10,1.302319394040159e-05,0.0004471902093201217,3.731269606685009e-05,5.3170700047462686e-06,2.6809482213628817e-09,0.9923097850462621,2.5369669584688844e-09,0.0002925705633898686,0.005992851197210136,6.93384853966651e-08,6.458224410441029e-09,3.7359272454765968e-06
4,1.1866933742554968e-06,9.800501935392251e-06,9.649028036528754e-07,1.0433135376105886e-07,0.0005059244847374695,4.359250911619869e-07,8.470592948143674e-08,0.0003254642382409301,4.840796459250975e-05,2.773807185640811e-05,1.3499438044918565e-07,1.9345100429984785e-05,8.344678764790977e-10,1.4744362516317088e-05,0.0004532751689713979,3.819299579306481e-05,5.2616353882090035e-06,2.895268712953526e-09,0.9921200980977664,2.7657427121555635e-09,0.0002896428537856257,0.006135349011915372,7.315341585961042e-08,6.845912534426228e-09,3.7574643303602694e-06
5,1.2505183719814143e-06,1.001110488783484e-05,9.724200915097892e-07,1.1546106465178263e-07,0.0005270445108413407,4.1796622603703916e-07,8.439696932267639e-08,0.00037409978861510814,4.589161198855525e-05,2.9313423402528152e-05,1.4017735460324475e-07,2.0341644984697335e-05,8.187733000688415e-10,1.4084719581211689e-05,0.00045400319386157867,3.795062679568293e-05,6.21462389670385e-06,3.2783576131249404e-09,0.9917755092868167,2.85039603138122e-09,0.0003208687004669707,0.006377589702221934,7.760944835148534e-08,7.811126354719311e-09,4.003753459452443e-06
6,1.1669989693625335e-06,8.975855579661104e-06,8.735824718197393e-07,9.768572834127157e-08,0.00046607985923850743,3.936293312773071e-07,7.755678417441329e-08,0.0003305854723414015,4.491976432888029e-05,2.629142070260729e-05,1.2453894312222244e-07,1.8546016651933974e-05,7.008645463928255e-10,1.302319394040159e-05,0.0004471902093201217,3.731269606685009e-05,5.3170700047462686e-06,2.6809482213628817e-09,0.9923097850462621,2.5369669584688844e-09,0.0002925705633898686,0.005992851197210136,6.93384853966651e-08,6.458224410441029e-09,3.7359272454765968e-06
7,1.3505227564456026e-06,1.167435956551767e-05,1.1268071810676905e-06,1.15128430009956e-07,0.0004977578143117614,4.2223009561972966e-07,9.95933222690385e-08,0.0003616380221384377,5.675576447709141e-05,2.9500378529618947e-05,1.5544039048310956e-07,1.962911209385823e-05,1.036909035615333e-09,1.4573329075469723e-05,0.00044871414969304535,3.4752119281613824e-05,5.568166134995208e-06,3.287277976432742e-09,0.992219087379792,3.1750645178700846e-09,0.00027695801390782997,0.006015987812592545,6.759498116012286e-08,8.408099056458e-09,4.050353898372254e-06
8,1.207164601289424e-06,9.953678201584428e-06,9.291700606473022e-07,1.2212608118201065e-07,0.0005076530213595118,3.4575455665197803e-07,8.79291400469528e-08,0.00039179842744421555,4.3060886241919143e-05,3.3662543954656794e-05,9.608763701765057e-08,1.558267357072497e-05,7.757099832934069e-10,1.3885979883924064e-05,0.00047752642608695086,4.614744758954095e-05,6.294940460122098e-06,2.391649423575925e-09,0.9929305969521308,2.5411205122901372e-09,0.00030533580579593194,0.005210987628640138,8.465457052755645e-08,8.719117663813389e-09,4.626274395045452e-06
9,1.4096964909876432e-06,1.4181468400435055e-05,1.460146354224594e-06,1.492745855481256e-07,0.0006058845543481732,3.4563005715414867e-07,1.0593496661504223e-07,0.00044137095834266733,6.444574480001204e-05,3.661700426987059e-05,1.286756737345308e-07,1.802029329206867e-05,1.2934002927315193e-09,1.517485881361708e-05,0.00045876544760286203,3.60543557253149e-05,6.7454693390441235e-06,3.0271411465964524e-09,0.9932114316432957,3.2041822229601162e-09,0.0002900908075370236,0.0047922017192838845,6.657883058311452e-08,1.2684422181760027e-08,5.32952884452441e-06
10,1.1669989693625335e-06,8.975855579661104e-06,8.735824718197393e-07,9.768572834127157e-08,0.00046607985923850743,3.936293312773071e-07,7.755678417441329e-08,0.0003305854723414015,4.491976432888029e-05,2.629142070260729e-05,1.2453894312222244e-07,1.8546016651933974e-05,7.008645463928255e-10,1.302319394040159e-05,0.0004471902093201217,3.731269606685009e-05,5.3170700047462686e-06,2.6809482213628817e-09,0.9923097850462621,2.5369669584688844e-09,0.0002925705633898686,0.005992851197210136,6.93384853966651e-08,6.458224410441029e-09,3.7359272454765968e-06
11,1.2342167668163555e-06,9.566501376456531e-06,9.344383438893081e-07,1.0329060951559534e-07,0.0004813917904541333,4.1437454156986495e-07,8.347973980267592e-08,0.00033934822300920594,4.694357071640097e-05,2.7215892039823477e-05,1.3339285210035024e-07,1.95337016021576e-05,7.859665100803368e-10,1.3816213460516481e-05,0.00045538094306087496,3.7949220822681794e-05,5.560655409487179e-06,2.9231248291265576e-09,0.9920540542773952,2.7482587269977733e-09,0.0002947442721126435,0.00620764018428522,7.316001517858298e-08,6.9737034433887e-09,3.864770332784014e-06
12,1.0973817704218396e-06,8.526083848700226e-06,8.467754890501977e-07,9.295071837166705e-08,0.0004283728843236363,3.7019577456418746e-07,7.594783929478264e-08,0.00032017558621458655,4.725669270663727e-05,2.5230629021593517e-05,1.1928992628698824e-07,1.6830925523987514e-05,6.576751085704119e-10,1.2031050588103807e-05,0.00043231862693506604,3.528339793977383e-05,4.720179717382582e-06,2.3752127860785935e-09,0.9929969767225866,2.4480533783065353e-09,0.00027546036249217446,0.005390515019651652,6.080444533410234e-08,5.940054531070319e-09,3.6270714908555114e-06
13,1.12580407026681e-06,7.124110125486438e-06,9.15541985009201e-07,7.913397149837476e-08,0.0004082759448805587,3.5098877786417145e-07,6.974322671630927e-08,0.00030016706376864304,4.51998889342996e-05,1.7291647276174693e-05,1.483898648946292e-07,2.4069457661948062e-05,6.115271962344385e-10,1.2755369221297529e-05,0.0004720243316268699,3.3582530532491383e-05,5.465951622832055e-06,2.382893449435098e-09,0.9918631923001305,2.5511519657386952e-09,0.00029407258072387593,0.006510786094417505,6.53450569985043e-08,5.026148831773658e-09,3.22721040278123e-06
14,9.669528482304163e-07,1.2921797420899093e-05,1.0296907711955436e-06,1.215862966175453e-07,0.0006338262431579095,4.402990822001569e-07,8.346419567829798e-08,0.0003447611008658881,5.73420147802035e-05,3.71263337429987e-05,1.3903002693439615e-07,1.4610850072726834e-05,9.806256253232295e-10,1.4178581746372061e-05,0.0004073781786079668,3.080599625630042e-05,4.497355739927634e-06,2.8474503542384257e-09,0.9932438926982925,2.5068478242985773e-09,0.0002823743127948807,0.004909850708029167,5.68259562486722e-08,8.049775327247702e-09,3.581594616060591e-06
15,1.1669989693625335e-06,8.975855579661104e-06,8.735824718197393e-07,9.768572834127157e-08,0.00046607985923850743,3.936293312773071e-07,7.755678417441329e-08,0.0003305854723414015,4.491976432888029e-05,2.629142070260729e-05,1.2453894312222244e-07,1.8546016651933974e-05,7.008645463928255e-10,1.302319394040159e-05,0.0004471902093201217,3.731269606685009e-05,5.3170700047462686e-06,2.6809482213628817e-09,0.9923097850462621,2.5369669584688844e-09,0.0002925705633898686,0.005992851197210136,6.93384853966651e-08,6.458224410441029e-09,3.7359272454765968e-06
16,1.1726873744725368e-06,9.079104485398241e-06,8.893110790219769e-07,9.747134886641374e-08,0.0004704931723825926,3.869686505321773e-07,7.68896166279085e-08,0.00032786672632511134,4.5580381329364685e-05,2.5485908202885202e-05,1.254130834430038e-07,1.8707677713835455e-05,7.1855020404441e-10,1.3114820140678833e-05,0.00044883182925086444,3.606752121846691e-05,5.339453099738169e-06,2.650855602141734e-09,0.9923326884106579,2.5267647544344407e-09,0.00028478010488598693,0.005975389898563262,6.833254088065561e-08,6.474073886717444e-09,3.745547805526958e-06
17,1.4421432529408648e-06,1.032898183913183e-05,1.1319770324874603e-06,1.2890957758809607e-07,0.000540495370360108,4.605688407656008e-07,9.806760842070574e-08,0.00041406479041814,4.83756134768882e-05,3.0015821562600387e-05,1.5235091242020435e-07,2.4492138103953348e-05,9.25551710630112e-10,1.7088834608239703e-05,0.0004842832763560838,4.3705521408582064e-05,7.17907737612358e-06,3.907269348742914e-09,0.9903525398678799,3.5259560857700517e-09,0.0003470943199325018,0.007672345523184331,9.495231113136906e-08,8.59417078424893e-09,4.464941009646437e-06
18,1.234240276648652e-06,9.20998938784517e-06,8.955519200103326e-07,9.950802579712852e-08,0.0004681894388086689,3.926457839994924e-07,7.978625951870047e-08,0.00033992728639555485,4.462427628385611e-05,2.658344210974534e-05,1.2673984184537257e-07,1.9451801622144536e-05,7.228868158258305e-10,1.3192550507917172e-05,0.0004530041309636065,3.7770374283758316e-05,5.6869870511441045e-06,2.840129659031151e-09,0.9920272180143904,2.596110962802592e-09,0.000298886137043354,0.006249482243637482,7.19706679916181e-08,6.842811219047628e-09,3.859882799759471e-06
19,1.0425391208365823e-06,1.0159114901424782e-05,1.1065989016665536e-06,1.1788217637518991e-07,0.0006253580126743396,4.623412480856698e-07,7.508197157432845e-08,0.00035338658585141455,5.51889904265814e-05,3.153205709500009e-05,1.3062914707529647e-07,2.085741163357412e-05,9.61496451873832e-10,1.5687865909319305e-05,0.00039411170429519855,3.599197765775166e-05,4.991044057030556e-06,2.8677131504870423e-09,0.9922090916258888,3.024501673137105e-09,0.0002784645002247782,0.005958508259183034,6.288467256610138e-08,6.664869777069717e-09,3.6593743825242453e-06
20,1.1193418366352986e-06,8.416949169764538e-06,7.356433096533238e-07,8.945601955143692e-08,0.00043112623209793586,3.6108122530048515e-07,7.413519854225321e-08,0.0003435883373898076,3.8812259468704044e-05,2.4902443069024445e-05,1.1342730740916497e-07,1.8305650178729417e-05,5.795848164622777e-10,1.2400024377048042e-05,0.00046415022532751737,3.630566376705745e-05,5.570122390424299e-06,2.48263010626114e-09,0.9914005570458406,2.2953702365483022e-09,0.00029930785710211987,0.006910445248823179,7.455214071076841e-08,5.920168477392194e-09,3.5330262065877857e-06
21,1.097163174356345e-06,9.230906345852432e-06,7.856177829285219e-07,9.077699235654689e-08,0.00045053874117181457,3.3765010315009753e-07,6.959227829735422e-08,0.00032012229977386756,4.3401985646954205e-05,2.3377087698681992e-05,1.1828322548181869e-07,1.5990242935006815e-05,6.180093369132542e-10,1.1726738873204908e-05,0.00045673511213551474,3.0390089674535984e-05,5.2540610675214976e-06,2.3272095687050932e-09,0.9925905298276225,2.121166403978484e-09,0.00026912162582970185,0.005767344772902474,6.270505737527668e-08,6.187654234136753e-09,3.6634656686328354e-06
22,1.4038045796914916e-06,9.220377176466307e-06,1.0156356203604346e-06,1.056241772451237e-07,0.00047507292260784965,4.534828888156529e-07,8.989468558870977e-08,0.00037117147821623435,4.1919587850101716e-05,2.7515465730830664e-05,1.55906851124447e-07,2.3968294561653774e-05,7.065950731925107e-10,1.4541268536394874e-05,0.00047290658561640535,4.601327980599831e-05,6.690870203789029e-06,3.7103123768453023e-09,0.9905573480721958,3.230231084038919e-09,0.00037968569337161305,0.007566663466713319,8.570946939931977e-08,7.44564010497629e-09,3.957486362673263e-06
23,1.1669989693625335e-06,8.975855579661104e-06,8.735824718197393e-07,9.768572834127157e-08,0.00046607985923850743,3.936293312773071e-07,7.755678417441329e-08,0.0003305854723414015,4.491976432888029e-05,2.629142070260729e-05,1.2453894312222244e-07,1.8546016651933974e-05,7.008645463928255e-10,1.302319394040159e-05,0.0004471902093201217,3.731269606685009e-05,5.3170700047462686e-06,2.6809482213628817e-09,0.9923097850462621,2.5369669584688844e-09,0.0002925705633898686,0.005992851197210136,6.93384853966651e-08,6.458224410441029e-09,3.7359272454765968e-06
24,1.078361560508001e-06,1.098834138245562e-05,9.979498740108167e-07,1.1735433318221857e-07,0.0005791763109889681,4.614503845737338e-07,8.323763736014639e-08,0.00034398147371558676,4.943490395008591e-05,3.262965028181819e-05,1.3292051702384006e-07,1.8207318326276034e-05,9.112107437465563e-10,1.57993614641019e-05,0.0004187537747627678,3.660244017809298e-05,5.102619683479766e-06,3.1035968366511563e-09,0.9920872878047015,2.8523806640825165e-09,0.0002855204322759359,0.00610981384948241,7.086932905513328e-08,7.112532950589684e-09,3.7455954497802127e-06
25,1.388055075649521e-06,8.627797440167604e-06,1.0226289080389472e-06,1.1854503453781486e-07,0.00042698760469177607,3.1888702306494336e-07,1.0004540616436931e-07,0.0004823973701147391,4.3016560211124495e-05,2.4679918801099414e-05,1.6075271881028937e-07,2.2979252963331588e-05,8.542210464724503e-10,1.188375825518053e-05,0.00041390986341560877,3.568964237821679e-05,7.36217626531767e-06,3.4746785217940785e-09,0.9918793494068636,3.5062849925559663e-09,0.0003237014444410349,0.0063126634691277154,7.765772730898733e-08,8.912916328192276e-09,3.548415036747902e-06
26,2.3834441161815114e-06,1.4359720805125105e-05,1.5336200291016466e-06,1.4734470131251582e-07,0.0005833208038169679,3.7943650036124015e-07,1.2026859202089483e-07,0.0005192844198861836,5.422292099096347e-05,3.0499022603991684e-05,1.9483277012627474e-07,3.192593148531121e-05,1.4175543392678197e-09,1.5223147406110575e-05,0.0005090004169391406,3.613196998009446e-05,1.1864412683898975e-05,5.5501104279607186e-09,0.9895747102103271,3.807646847309274e-09,0.00035875343106503714,0.008250472515856668,9.467581149815879e-08,1.6320328502029968e-08,5.350357992707565e-06
27,1.1886904398983825e-06,7.925931891359848e-06,7.163504914653276e-07,8.582197283737995e-08,0.00036961904247220263,4.151696987601748e-07,7.398549863304511e-08,0.00030332631784593417,4.667998099432227e-05,2.4956175169377375e-05,1.0773686076400616e-07,1.6039950784714554e-05,5.215586919448201e-10,1.1756489055745014e-05,0.0004803029000012741,3.894316761271223e-05,4.412449033413901e-06,2.33493054170724e-09,0.9923264057312515,2.374231419935452e-09,0.000281110683208557,0.006081742937874633,6.542550402875384e-08,5.081216124845183e-09,4.114750401150928e-06
28,1.1669989693625335e-06,8.975855579661104e-06,8.735824718197393e-07,9.768572834127157e-08,0.00046607985923850743,3.936293312773071e-07,7.755678417441329e-08,0.0003305854723414015,4.491976432888029e-05,2.629142070260729e-05,1.2453894312222244e-07,1.8546016651933974e-05,7.008645463928255e-10,1.302319394040159e-05,0.0004471902093201217,3.731269606685009e-05,5.3170700047462686e-06,2.6809482213628817e-09,0.9923097850462621,2.5369669584688844e-09,0.0002925705633898686,0.005992851197210136,6.93384853966651e-08,6.458224410441029e-09,3.7359272454765968e-06
29,1.1669989693625335e-06,8.975855579661104e-06,8.735824718197393e-07,9.768572834127157e-08,0.00046607985923850743,3.936293312773071e-07,7.755678417441329e-08,0.0003305854723414015,4.491976432888029e-05,2.629142070260729e-05,1.2453894312222244e-07,1.8546016651933974e-05,7.008645463928255e-10,1.302319394040159e-05,0.0004471902093201217,3.731269606685009e-05,5.3170700047462686e-06,2.6809482213628817e-09,0.9923097850462621,2.5369669584688844e-09,0.0002925705633898686,0.005992851197210136,6.93384853966651e-08,6.458224410441029e-09,3.7359272454765968e-06
30,1.1669989693625335e-06,8.975855579661104e-06,8.735824718197393e-07,9.768572834127157e-08,0.00046607985923850743,3.936293312773071e-07,7.755678417441329e-08,0.0003305854723414015,4.491976432888029e-05,2.629142070260729e-05,1.2453894312222244e-07,1.8546016651933974e-05,7.008645463928255e-10,1.302319394040159e-05,0.0004471902093201217,3.731269606685009e-05,5.3170700047462686e-06,2.6809482213628817e-09,0.9923097850462621,2.5369669584688844e-09,0.0002925705633898686,0.005992851197210136,6.93384853966651e-08,6.458224410441029e-09,3.7359272454765968e-06
31,1.3550975872179613e-06,1.1058443412395846e-05,1.2119906113952499e-06,1.2128044856188843e-07,0.000583002763649748,3.381798411523206e-07,8.260824978661764e-08,0.00044866082623691133,4.7722393381708116e-05,2.9896252449823297e-05,1.2620806391286488e-07,2.1398433183026424e-05,9.824554456214426e-10,1.4063501050024864e-05,0.0003687670229795064,3.382213957068197e-05,6.824493948859715e-06,3.4023073892424644e-09,0.9918823838935986,3.0736411332874035e-09,0.00028683427550946775,0.006258350988356115,6.480371789126737e-08,9.63708305381753e-09,3.897308665880733e-06
32,3.3016825279751944e-05,0.00428742373525642,0.000303194157858179,0.0001062793267023527,0.8732549010029628,2.629951793787341e-05,1.5241906237538556e-06,0.0050686377052520755,3.440331941667946e-05,0.0018886401426747928,5.017011269273439e-05,0.005081494980140726,6.212969326457092e-06,0.00198721322325771,0.000681895595958308,2.9694836102198985e-05,0.002905625357102126,3.199566533729856e-05,0.02884976895159644,1.3573810203028132e-07,0.004763459272658462,0.07045679305915646,2.8561916322109773e-05,9.015758452733295e-05,3.2500813755009514e-05
33,8.181193250168611e-07,6.538928294715514e-06,8.510699227227595e-07,1.014907321286317e-07,0.00036925823502279335,3.738988178991006e-07,6.645357786985493e-08,0.0003085267559930994,7.299184885279333e-05,2.633280151105504e-05,1.1286661650538911e-07,1.2823991373189662e-05,4.993550811107676e-10,9.304622383278403e-06,0.00046289021277340006,3.4617341363188575e-05,3.1984547554277434e-06,1.6199367020550511e-09,0.9953991825615212,2.304785943476296e-09,0.00031086809203269977,0.002976751109639089,4.208706053201302e-08,4.609364657076297e-09,4.3400249892115845e-06
34,1.1431169995289874e-06,8.720121869299841e-06,8.545005290146839e-07,9.39688431020731e-08,0.00044228835112371516,3.830615167616367e-07,7.675367890281696e-08,0.0003210739923969558,4.6014586992200124e-05,2.5515861142292456e-05,1.2074024814688415e-07,1.765205075050206e-05,6.747264016980946e-10,1.2580520178771176e-05,0.00044000533658379587,3.629239653315012e-05,4.969674184053034e-06,2.528225577653554e-09,0.9926169460783995,2.472396313123868e-09,0.00028151878899309603,0.005739987177521449,6.493953212640862e-08,6.131813626625216e-09,3.6861748215446117e-06
35,1.196021758163917e-06,8.922107084994052e-06,8.771237656945874e-07,9.881823609308054e-08,0.0004535051298576718,3.8534299633388784e-07,7.806038885900413e-08,0.00034148912662610185,4.583771384176787e-05,2.660712119593446e-05,1.2307624444496088e-07,1.859179299427064e-05,7.02868756508054e-10,1.2598280141071375e-05,0.00043299357637521124,3.65572488386555e-05,5.367234774185171e-06,2.7432578552599894e-09,0.9923643961843427,2.5878584173978124e-09,0.0002896538001522623,0.005956840628977948,6.692198414559712e-08,6.566886399662244e-09,3.802088552112868e-06
36,1.1418885624496252e-06,7.118084598493233e-06,8.206519803704654e-07,8.103192904687576e-08,0.00046018806603688353,2.192605908082035e-07,5.4870929309853085e-08,0.0003347986819104751,3.343135291052851e-05,1.9492813800138885e-05,7.918201627834424e-08,2.251339218708867e-05,6.924299979396666e-10,1.0675902781456647e-05,0.00038730145104885034,3.340517723961922e-05,7.421045580867229e-06,1.7710616464830658e-09,0.9930025389090019,1.9416268533291285e-09,0.0002242733670237646,0.0054508225423390184,6.416888348294324e-08,6.462370990315093e-09,3.547291159602247e-06
37,1.0491511660652863e-06,8.465001513663463e-06,8.053026560244984e-07,9.805345373588904e-08,0.0004631047199587568,3.982821694275867e-07,7.313018915857168e-08,0.00032650299985540696,4.5306867065934374e-05,2.65096768418872e-05,1.2031866372192444e-07,1.7272850757299624e-05,6.51731461968472e-10,1.2412659979097893e-05,0.0004509766599480521,3.6764538913694136e-05,4.953361698455243e-06,2.426053375203152e-09,0.9927120011645764,2.4405342088181773e-09,0.000292035810943001,0.005597400454837158,6.803295929930017e-08,5.896865583333647e-09,3.6695466691881844e-06
38,1.1929693863114415e-06,6.858728345452161e-06,6.553114730817654e-07,7.02239180179864e-08,0.0003165956993301232,5.017037913104143e-07,8.949822717573072e-08,0.00023758432457383498,3.8497024014166226e-05,2.2614319363507703e-05,1.299025098252779e-07,1.6712980410561446e-05,4.6155797273749076e-10,1.2876011317270195e-05,0.0005461767710964701,5.3220962810076554e-05,3.83017735816e-06,2.432649454531987e-09,0.9919855031818264,2.394043464131679e-09,0.00032916777085708124,0.006424274524374136,8.17128556332032e-08,4.373136081103438e-09,3.35654077419049e-06
39,9.547187983413676e-07,4.88886834402173e-06,7.226294831478366e-07,8.463243100004658e-08,0.0003789566909798094,4.008002168937931e-07,6.005087587665141e-08,0.0003352813572009365,3.661787412024149e-05,2.359436484089909e-05,1.0494531141301976e-07,1.9785942129983956e-05,4.070934664036791e-10,1.0126772346274517e-05,0.0003834201800102236,5.233227838027051e-05,4.487850448561536e-06,2.173178277269155e-09,0.9932766291464821,2.722225485713067e-09,0.00036310964059935516,0.005105220685017141,6.521304321286815e-08,4.167520840025634e-09,3.1458889224046857e-06
40,1.4486501078729646e-06,9.014002098498193e-06,8.514290094875655e-07,6.302277687928119e-08,0.0003622937758768801,4.618358030074105e-07,7.844568108527426e-08,0.00022798915758445162,4.371219985955203e-05,1.9219923063424226e-05,1.2906286229220672e-07,2.0749111405726872e-05,5.392172844027197e-10,1.5255319887535733e-05,0.0005052818065414446,3.864901117247688e-05,4.413117665013999e-06,2.7798741106511782e-09,0.9896692018917091,2.327776124113365e-09,0.00027359458569444487,0.008803918831458719,6.607656091368832e-08,4.609516124758486e-09,3.598486797752438e-06
41,3.1019597691851074e-06,9.699932673197506e-06,1.0059130794730892e-06,1.3596816226458913e-07,0.0003818247502825703,3.735184097649619e-07,1.5077518524085152e-07,0.000652005155490085,2.4361084974222875e-05,2.4467965211488685e-05,2.6798182354587927e-07,5.856795684650683e-05,1.1038705515093304e-09,1.3824862364379277e-05,0.0004851166019592788,4.8138448774810044e-05,2.3439567603653813e-05,1.0669748373603194e-08,0.9808784662790051,5.445927775329265e-09,0.00047750443093633557,0.01691300076948955,1.974219962689239e-07,1.5451494922128932e-08,4.315984921577988e-06
42,3.2106967556235977e-06,7.06834333187223e-05,7.347357415566584e-06,7.779725964884805e-07,0.004187709844064287,2.1238880471706683e-06,2.757578530411771e-07,0.0005572971707233452,0.00021168651636603857,0.0001171241781248761,6.776905534548077e-07,6.44602771360464e-05,1.667138731432445e-08,9.868555966124536e-05,0.0007609989127680126,3.907163770844855e-05,1.3349323475438313e-05,2.5511231579929588e-08,0.9847249634336097,8.827881468629936e-09,0.000473761107595593,0.008652234948446958,1.9839701319514424e-07,5.885181719321381e-08,1.325203444909856e-05
43,7.891702078496805e-07,5.870225955639443e-06,5.141578061968796e-07,8.677922578997454e-08,0.0004279702922044705,4.3422899952705663e-07,5.578391785034976e-08,0.0003211673476942502,3.549775399491198e-05,3.165528131149263e-05,9.07007415215767e-08,1.3044424551577949e-05,3.6140897337231073e-10,9.366432756874794e-06,0.0004138986422379434,4.689456072157172e-05,3.967565161318925e-06,1.872342204904503e-09,0.9934026917782709,1.895901950491491e-09,0.00035315048381642073,0.004929728023804392,6.732296338322048e-08,4.205161569902082e-09,3.0507088414702736e-06
44,1.1669989693625335e-06,8.975855579661104e-06,8.735824718197393e-07,9.768572834127157e-08,0.00046607985923850743,3.936293312773071e-07,7.755678417441329e-08,0.0003305854723414015,4.491976432888029e-05,2.629142070260729e-05,1.2453894312222244e-07,1.8546016651933974e-05,7.008645463928255e-10,1.302319394040159e-05,0.0004471902093201217,3.731269606685009e-05,5.3170700047462686e-06,2.6809482213628817e-09,0.9923097850462621,2.5369669584688844e-09,0.0002925705633898686,0.005992851197210136,6.93384853966651e-08,6.458224410441029e-09,3.7359272454765968e-06
45,9.38129922984745e-07,7.309170292972974e-06,7.589956398866352e-07,8.145878967111759e-08,0.0004205346527290827,3.175116089141447e-07,7.085353205713873e-08,0.0003057330011629107,4.296561129041991e-05,2.170293706401633e-05,1.0402735281813434e-07,1.549329769792719e-05,6.591094991194434e-10,1.1452130878126672e-05,0.00039661763774616104,3.3512622826906227e-05,4.0561787821940516e-06,1.774370982589846e-09,0.9935819589165373,2.2170823465758344e-09,0.00022888742230825094,0.004924623349856263,5.721810173950679e-08,5.146680089381231e-09,2.8150786364000104e-06
46,2.766556878964103e-06,1.1446837058437186e-05,1.1677601806486526e-06,1.4397570561666067e-07,0.000554363168170754,2.827093396026801e-07,9.694595728176872e-08,0.000635051842980169,3.091734581070802e-05,2.6072106755857305e-05,1.698080424611179e-07,4.210714281408604e-05,1.1353282481701275e-09,1.1786435390287087e-05,0.0005521377719598038,4.353418665992993e-05,2.3905674278580814e-05,5.391395744602295e-09,0.9876897244425152,3.6102787166904824e-09,0.0004136807656539187,0.009954809213232,1.496097764618403e-07,1.875185444644999e-08,5.656811982125226e-06
47,2.2491554101655164e-06,8.458147749364605e-06,9.338771400982819e-07,7.257583286168991e-08,0.00030964180409755567,3.880661371857663e-07,9.042608482398222e-08,0.0003266095970611386,3.7504576780641286e-05,2.18826797708824e-05,1.2689023206439535e-07,3.08805704508267e-05,6.072885827694765e-10,1.200214371534152e-05,0.0004659457174596863,4.899875790950847e-05,7.623323525022165e-06,3.847177820110043e-09,0.9883969160197176,3.172922098851813e-09,0.00031539774010604663,0.010009615662879176,7.607022797020686e-08,6.876466049349586e-09,4.571693857678017e-06
48,1.1287546856558078e-06,1.0446917924168754e-05,1.9860395787896904e-06,1.5282698216539026e-07,0.0008360910183989122,1.026512994978321e-06,8.354962552580423e-08,0.00030761659885172746,0.00010774450130894098,3.4782590472554335e-05,2.50409593107711e-07,3.130901524906153e-05,1.0056075208709704e-09,2.500665505398e-05,0.000521944119721041,4.654532193240723e-05,3.6537483560539216e-06,4.325028650156935e-09,0.9912582059715949,4.5317822466425936e-09,0.0004552561209562002,0.00635176443807476,5.880277231354639e-08,5.54472010500783e-09,4.930678734210559e-06
49,1.2647440878982205e-06,8.562129350738954e-06,9.588844703550252e-07,9.81188234336619e-08,0.0004980396272138785,4.916449567634081e-07,7.686423636598857e-08,0.00032667533647647067,4.522675921147255e-05,2.552308372250895e-05,1.455223448683015e-07,2.515485476359215e-05,7.454627195145091e-10,1.4903388438125182e-05,0.00045328140202916087,4.2139436113823444e-05,5.658926277506269e-06,3.248340392963036e-09,0.9907347130566954,3.088264796251802e-09,0.00031803554348991457,0.007495286353792048,7.743787665801507e-08,5.889829568408573e-09,3.6739137315866733e-06
50,6.944858137587307e-07,6.405455179192001e-06,5.411547225353159e-07,7.008559876645729e-08,0.0003224413700026063,3.3515371658753335e-07,6.997192110670973e-08,0.00024442073230862197,4.100528131779198e-05,2.733259530201324e-05,6.560859150911867e-08,8.375854282757453e-06,4.5156293342197657e-10,1.1005829744467486e-05,0.0002984301514448456,3.5642025865079706e-05,2.174605352245587e-06,1.3947549796984282e-09,0.99465899013093,1.7971009156368726e-09,0.00018388529845990933,0.004155588058152284,4.2313595020375435e-08,3.3427483325377807e-09,2.4768515314483354e-06
51,1.2077961154210197e-06,1.1006332763413108e-05,9.505760402156583e-07,1.1336746454577005e-07,0.00044751281928337943,4.32952193159405e-07,1.063002198593639e-07,0.00038674651479053083,5.3027415488496146e-05,3.383738339712417e-05,1.4426386685752728e-07,1.7240432681671404e-05,8.237605271616879e-10,1.444826218328199e-05,0.0003869802277147447,3.192901590695846e-05,4.808591027293753e-06,3.927367129659877e-09,0.9914303424198642,2.9263151508574993e-09,0.000313034217800027,0.006862449867477344,6.297576551658214e-08,7.584343652702884e-09,3.6030061698035055e-06
52,1.2880022414102705e-06,9.690008912374296e-06,9.433720498054046e-07,1.0537677179406382e-07,0.0004743835278159777,4.7650379747950955e-07,8.800796688771499e-08,0.0003349989749582073,4.9728203088985084e-05,2.8639885725729968e-05,1.4403043001714146e-07,2.014908366633291e-05,7.807921658311173e-10,1.443307743966067e-05,0.0004667938586970896,3.984514750579998e-05,5.326325226198059e-06,3.270218367837387e-09,0.9916135455582008,2.935044039162166e-09,0.00031215399393629066,0.006623194863327441,7.503203678256288e-08,6.7780426809666865e-09,3.983402107712264e-06
53,1.4675751476264409e-06,8.75239472280084e-06,8.806070127995064e-07,1.0067008224665975e-07,0.0002998500848415276,4.7676547060140295e-07,1.2999798050858953e-07,0.000308045161818373,5.437050313369951e-05,2.408380249893064e-05,1.663644811639646e-07,1.685676856947638e-05,6.783020469788721e-10,1.4351760910616744e-05,0.0006056735563702507,4.643793379099335e-05,4.6161729987928995e-06,2.930770657478897e-09,0.9920504987428197,3.378859156848414e-09,0.000309452565664577,0.0062491653194570165,8.793745269596594e-08,6.1717514424792085e-09,4.522155092295092e-06
54,1.246516629039762e-06,9.654898651416234e-06,8.287345984361742e-07,8.086642826226515e-08,0.0003387267412931805,5.262165819392813e-07,9.678996755166658e-08,0.00023707978523898935,5.5519025484684094e-05,2.910297417003164e-05,1.0840580149600814e-07,1.567841708402663e-05,6.106668378108525e-10,1.5618989409018313e-05,0.0005474894183751869,4.845367373731769e-05,3.461114049605496e-06,2.374053856383619e-09,0.991997857914786,2.6083664050188355e-09,0.00026856851605794335,0.006425128676889649,6.639153222772506e-08,4.752470293145459e-09,4.695587676668137e-06
55,1.900582309431094e-06,1.3040558707851783e-05,1.5868845175395685e-06,1.3166115267515786e-07,0.0005008636430643106,4.723121246064913e-07,1.07434587830012e-07,0.00041164311215365095,8.178868804115856e-05,3.0281152171623508e-05,1.9469435265483963e-07,3.215398209122133e-05,1.4164706230283643e-09,1.5256580830552992e-05,0.000439415795578214,3.083265666703469e-05,6.916060775177794e-06,5.009307253851066e-09,0.9909560060264168,4.2557331257272166e-09,0.00028939756768397236,0.007182506780700017,5.840982156619569e-08,9.997514507348359e-09,5.42473722663666e-06
56,1.229038482378531e-06,9.565282061896117e-06,9.32089877125623e-07,1.0291173738912892e-07,0.00048100926080020756,4.1052673696604756e-07,8.33864523397236e-08,0.0003382177422982453,4.680896366174758e-05,2.719468001847828e-05,1.3244997948600765e-07,1.9319179103061615e-05,7.868950984395584e-10,1.371330808514203e-05,0.00045287930780798705,3.7738572354580014e-05,5.530965844656531e-06,2.8982773822082053e-09,0.9921431108557477,2.7235126116622907e-09,0.00029336341740869364,0.006124730498047772,7.257534454504355e-08,6.999528081634962e-09,3.841579936496142e-06
57,9.183224686218163e-06,0.00014915834697382907,1.92012440697252e-06,5.299511545080115e-07,0.0009572923753417038,8.339042477296965e-06,1.6660118286865496e-06,0.00038937983047646556,0.00017949695284092575,9.127109856774205e-05,2.871227685572577e-06,1.579033091648495e-05,4.524395105352616e-09,8.75365493433372e-05,0.00512797528422572,7.976396356506952e-05,8.655766785782151e-06,6.72781039330613e-08,0.9712375725347878,1.0312357696368971e-08,0.0008419538559239951,0.020791271681991633,1.0831953172996349e-06,6.972595054900881e-08,1.7136809895782793e-05
58,1.3265544744415356e-06,9.888979369823628e-06,9.514724591335748e-07,1.0535976580504746e-07,0.0004935476428441345,3.837077433575152e-07,8.493832044704829e-08,0.00036316028023835245,4.475181607498213e-05,2.702565481487778e-05,1.3689810241631962e-07,2.046834007024608e-05,8.092989253058614e-10,1.3321373422300828e-05,0.00046842887921968074,3.739903063795061e-05,6.401480575188885e-06,3.053590983755844e-09,0.9918692295015313,2.6780546484942274e-09,0.0003086754951608986,0.0063306980418864605,7.71920154977506e-08,7.98824020853232e-09,3.922832087744321e-06
59,1.4314468082474017e-06,1.0249838392457654e-05,1.0557775861286005e-06,1.1115775718715696e-07,0.0005132048982944281,3.880997525351793e-07,8.861585044248119e-08,0.00038482824801372266,4.588030147367525e-05,2.776156359501332e-05,1.425657835625495e-07,2.220550927645396e-05,8.555683211062876e-10,1.3826930978731346e-05,0.00047109046547977405,3.896630453835312e-05,6.855918976938893e-06,3.345137674607695e-09,0.9916094627693925,2.889708070539383e-09,0.000326925735419858,0.006521281425697229,7.850493584906182e-08,8.797833851047389e-09,4.148033749128071e-06
60,1.1669989693625335e-06,8.975855579661104e-06,8.735824718197393e-07,9.768572834127157e-08,0.00046607985923850743,3.936293312773071e-07,7.755678417441329e-08,0.0003305854723414015,4.491976432888029e-05,2.629142070260729e-05,1.2453894312222244e-07,1.8546016651933974e-05,7.008645463928255e-10,1.302319394040159e-05,0.0004471902093201217,3.731269606685009e-05,5.3170700047462686e-06,2.6809482213628817e-09,0.9923097850462621,2.5369669584688844e-09,0.0002925705633898686,0.005992851197210136,6.93384853966651e-08,6.458224410441029e-09,3.7359272454765968e-06
61,1.3667039545600797e-06,1.0127753399954232e-05,1.074188428207139e-06,1.0869333995975931e-07,0.0005139802068306049,3.8827462532384544e-07,8.512277681484863e-08,0.00037005304900707505,4.7447141933340584e-05,2.6718674883065554e-05,1.4325098377223584e-07,2.2055477612167465e-05,8.396102414867525e-10,1.3869952560610753e-05,0.0004650084560222356,3.743515613343037e-05,6.489929026045627e-06,3.1883497278088977e-09,0.9917781267619429,2.8706374770339184e-09,0.00031822236790707465,0.006383132694314335,7.334673652385676e-08,8.204342110882554e-09,4.077694642354715e-06
62,1.1669989693625335e-06,8.975855579661104e-06,8.735824718197393e-07,9.768572834127157e-08,0.00046607985923850743,3.936293312773071e-07,7.755678417441329e-08,0.0003305854723414015,4.491976432888029e-05,2.629142070260729e-05,1.2453894312222244e-07,1.8546016651933974e-05,7.008645463928255e-10,1.302319394040159e-05,0.0004471902093201217,3.731269606685009e-05,5.3170700047462686e-06,2.6809482213628817e-09,0.9923097850462621,2.5369669584688844e-09,0.0002925705633898686,0.005992851197210136,6.93384853966651e-08,6.458224410441029e-09,3.7359272454765968e-06
63,1.2387843243780708e-06,9.780052771582163e-06,9.131164929610633e-07,9.99054157180736e-08,0.0004626119608343868,3.9604737803855394e-07,8.280511640842482e-08,0.00033442079386269643,4.707686086690999e-05,2.6673824393242304e-05,1.3060269482104044e-07,1.85099456256444e-05,7.542288189931176e-10,1.3263225664911265e-05,0.00046131466794819404,3.6372596648332205e-05,5.45801521563069e-06,2.800116568475997e-09,0.9921963860612207,2.628676800736684e-09,0.000287524356047603,0.006093750267182316,6.978336718246164e-08,6.9416289868676825e-09,3.913202277172032e-06
64,1.1475163832439978e-06,8.332673618937896e-06,8.351212746441198e-07,9.425945701959607e-08,0.00045041143605752,3.898021804264822e-07,7.498663695874103e-08,0.0003349549950408116,4.228536239143275e-05,2.557962849428783e-05,1.278780214666227e-07,1.8585943764642038e-05,5.960807712443296e-10,1.2110565441113822e-05,0.0004703094983378854,3.93505040556524e-05,5.467968284692642e-06,2.6507507320455903e-09,0.992375651018158,2.438385517722809e-09,0.0003367439647991747,0.005873747710715096,7.144302189078447e-08,6.37263169749091e-09,3.71566601653835e-06
65,1.1824117766488538e-06,9.179550456546767e-06,8.746878054328895e-07,9.680005239271158e-08,0.00045340205900740524,3.7693503092659757e-07,7.921428315172873e-08,0.0003321384504555412,4.568408756166723e-05,2.593176181245574e-05,1.236741719497354e-07,1.791523370688054e-05,7.096196708961911e-10,1.277343915671975e-05,0.00044782651740212534,3.5984853763366956e-05,5.291734921070829e-06,2.613596982004867e-09,0.9924358876629064,2.5027074591052017e-09,0.00028276070410048897,0.005888659940734275,6.749263549372405e-08,6.599220236771119e-09,3.750363114821247e-06
66,6.000661946878456e-07,4.7187145923363685e-06,7.136703306974719e-07,8.022215913551798e-08,0.00032350688108813533,4.764915818440922e-07,6.514460940188114e-08,0.00023888847370507054,5.818823240133887e-05,3.095500254151583e-05,7.170247322573368e-08,1.1677119018003391e-05,5.95906231430492e-10,1.1254317746266911e-05,0.00021331059415543525,4.5240298452272086e-05,1.6076838117001048e-06,1.4018482023833587e-09,0.9955163865244379,3.1745548664613593e-09,0.0001643305752329546,0.0033755869162970034,3.149933359402272e-08,2.278136011868875e-09,2.302419392104766e-06
67,1.2076965469628449e-06,8.960599307351891e-06,9.006524807446301e-07,9.964507736819218e-08,0.00046883827811053564,4.208900369261813e-07,8.025877513558897e-08,0.0003262675801319386,4.4885279486518775e-05,2.599685478091512e-05,1.3130821832120103e-07,1.979214263279714e-05,7.168868716148139e-10,1.3800263294810898e-05,0.0004706357488006774,3.982376428396782e-05,5.469783676612945e-06,2.822609468580338e-09,0.9920161047972721,2.6982907828583718e-09,0.0003042262104415259,0.006248399148386132,7.527949320561224e-08,6.452982456793931e-09,3.871127995784648e-06
68,1.84664939169628e-06,1.086526071690438e-05,1.07262110399114e-06,1.2649413250663584e-07,0.000496189445711642,5.750923618313118e-07,1.0330076354355844e-07,0.0003943410088929385,4.824492139940173e-05,2.8889952185522436e-05,2.0750310059824219e-07,3.020641474673036e-05,8.612457283601547e-10,1.5704603360454993e-05,0.0006094089766888512,4.6187235570007555e-05,8.667012802024315e-06,5.1834093725468646e-09,0.9887906091456256,3.766063156585636e-09,0.0004275572240149382,0.009083826656517571,1.1258925809904665e-07,9.063973381887351e-09,5.239016963560382e-06
69,1.1534520627400027e-06,8.982187600048463e-06,8.60596878409936e-07,9.650552939261792e-08,0.0004697781683126863,3.9677755136168873e-07,7.666287519369241e-08,0.0003265009095906378,4.476729340309504e-05,2.6139525502754923e-05,1.245145237246372e-07,1.8441509869649676e-05,6.95405435827971e-10,1.31033854826217e-05,0.0004484637712933408,3.68648051253817e-05,5.253290666547227e-06,2.666051979762333e-09,0.9922410687667195,2.4863028143992946e-09,0.00029119447003386273,0.006062975117257632,6.937259683113035e-08,6.3507867995868414e-09,3.676718577818657e-06
70,1.2905086134287558e-06,9.569596299776788e-06,1.0246619265268997e-06,1.0154331693102916e-07,0.0004944939699435759,4.807425030957627e-07,8.415721915043901e-08,0.0003089981359086876,4.9056539421537974e-05,2.7110607202685955e-05,1.3433617511042074e-07,2.1602587319365624e-05,7.775364340095908e-10,1.6132761874407933e-05,0.0004757601028653764,4.286790905910762e-05,5.318852497477092e-06,3.0996561126775037e-09,0.9913570833604535,2.9440064422109747e-09,0.00030742622521694803,0.006877216883120171,7.583523040441723e-08,6.393442187729274e-09,4.157469191571121e-06
