,0,1,2,3,4,5,6,7,8,9,10,11,12,13,14,15,16,17,18,19,20,21,22,23,24
0,0.00010333214318041247,0.00012263486733708713,2.7475056105856865e-05,9.716052708055108e-07,4.804139220083752e-05,0.00014133266996603722,5.555208751490178e-05,0.0002751668259950538,0.006049887414679597,1.308316410496471e-06,0.0003938962333768064,0.0002451126618252797,3.432347978821365e-05,6.531318106822574e-07,0.00024243138297069022,0.0027027044591129467,1.9573511918163784e-05,4.782343520414229e-06,0.9868062719535852,3.3642125765210026e-06,5.0806724417975335e-05,0.000714460907267044,2.2745412684275854e-06,0.001952700854032886,9.412238677102154e-07
1,0.0001931706732957238,0.00026584373644736705,5.3246564076333783e-05,2.6190075114589018e-06,4.316779604189238e-05,0.00014168948717755618,0.00012509156667599421,0.00036670053714421005,0.006482221088365575,3.564802315623893e-06,0.00035806726226020997,0.0006140391212521933,4.224821711871852e-05,1.3099318914669471e-06,0.00021642380185957287,0.0027649779644714147,2.0477910958300103e-05,8.256315731432261e-06,0.9847240745225138,4.1584863347837755e-06,7.956775947353062e-05,0.0009639909038174948,3.977485605519494e-06,0.0025191023013540017,2.0127563057247318e-06
2,0.0002513351215293803,0.0003783355974665266,5.230898076303325e-05,2.9258363583155244e-06,8.572808254062957e-05,0.0001400403257699528,0.00017899634629198362,0.00043549871757941444,0.007430661694618005,3.805555431137174e-06,0.0005282254885397539,0.0008185868242448717,5.516263479850601e-05,2.210051624622722e-06,0.0003418482189964629,0.0028139986286770504,3.185982111813859e-05,9.944672007669124e-06,0.9826358802114922,6.3404639087403835e-06,8.705867888222036e-05,0.0012374450608378944,6.070658509955031e-06,0.002462205192573936,3.527135439672257e-06
3,0.00020816215166605321,0.00031872536133577495,5.102174011021578e-05,3.2023321643885836e-06,5.431075813784845e-05,0.000134843827079959,0.00014604529977002936,0.00040064017476810983,0.006626326090204672,3.536008300441274e-06,0.0004726759331173624,0.0008028090204181298,4.872839936870884e-05,1.8555243679048957e-06,0.00023809336788686118,0.0025239564504876246,2.749577932127097e-05,9.269816162769698e-06,0.9839354240914099,4.912799834947226e-06,9.082793197488674e-05,0.0012150168852329453,5.416952975431575e-06,0.0026741391507746856,2.5641531291062807e-06
4,0.00022757953536264443,0.00032909890402942315,5.302591298896203e-05,3.45000502497933e-06,5.763919831188795e-05,0.00013927587586189268,0.0001515179165520378,0.00039111450626024946,0.007000554051694192,3.6472903421509948e-06,0.00047895842382801346,0.0009074127196682037,5.993761784271122e-05,2.055639016692153e-06,0.00023523569934035473,0.0025212326330590795,3.199668293473842e-05,1.0372602646497628e-05,0.9831660008916023,5.364799773274827e-06,0.00010082271558580408,0.0012885986961392833,5.748891863351509e-06,0.00282644804030247,2.910749969114642e-06
5,0.00023966107706563678,0.0003425908344311118,5.39574722629203e-05,4.100543207493878e-06,5.1279029800246467e-05,0.00014182373555143138,0.00014631492384258239,0.00040220019510721323,0.007002187427535001,4.0367282797275696e-06,0.0004756981958600536,0.0009796555708776523,5.949792965485817e-05,2.1974347509792446e-06,0.00022193607067228277,0.0025946910328239568,3.330410642687896e-05,1.214885680644736e-05,0.9825903850463666,5.660128384194168e-06,0.00010772099901612454,0.001406591504798957,5.982289729179457e-06,0.003113412794835356,2.966071913232903e-06
6,0.00020816215166605321,0.00031872536133577495,5.102174011021578e-05,3.2023321643885836e-06,5.431075813784845e-05,0.000134843827079959,0.00014604529977002936,0.00040064017476810983,0.006626326090204672,3.536008300441274e-06,0.0004726759331173624,0.0008028090204181298,4.872839936870884e-05,1.8555243679048957e-06,0.00023809336788686118,0.0025239564504876246,2.749577932127097e-05,9.269816162769698e-06,0.9839354240914099,4.912799834947226e-06,9.082793197488674e-05,0.0012150168852329453,5.416952975431575e-06,0.0026741391507746856,2.5641531291062807e-06
7,0.00028806936393722195,0.00024909639163547484,6.374679875519231e-05,2.203201408765346e-06,4.150658282555126e-05,0.00012051658472417977,0.0001224142059039656,0.0003409625008919826,0.005047040695076258,2.945661860656516e-06,0.0003591112222185372,0.0005974874174339626,4.737357515849466e-05,1.2453300629866894e-06,0.00013024901939610804,0.0016303103073682672,2.0186271651210142e-05,8.294069757840135e-06,0.9874564738241564,3.486700803700997e-06,5.9251675419812824e-05,0.0006516881735517071,3.905836114048955e-06,0.0027505442781476635,1.8903117399474011e-06
8,0.00030366107656944565,0.0004723021908005322,8.334721815686578e-05,4.799101905360629e-06,5.97766410503406e-05,0.00014660639945400752,0.0001987737663596134,0.00043216171081859623,0.0070889939561856775,4.786769603091967e-06,0.00045872055837818736,0.0010469556973266767,5.575863423132767e-05,2.2391828510611133e-06,0.00017896978718524815,0.00243387380065885,2.3051990381230808e-05,8.61974394195956e-06,0.9824863272876069,5.675392104602171e-06,9.190630966874488e-05,0.0008812389015774104,7.797772718747497e-06,0.0035207311975438554,2.9249129216242594e-06
9,0.0002362092044161707,0.00045816999488095753,8.545020091980672e-05,6.266212281669775e-06,4.8951534360132626e-05,0.0001683848394561004,0.00019806577071657604,0.0004228574532152968,0.008592729586020462,5.9069610620079925e-06,0.0004522861267389438,0.001246187673100235,6.030776527373424e-05,2.216619916960007e-06,0.0002280432677419747,0.0031620403899658535,2.4822337407244e-05,1.0515993199382797e-05,0.9792364131436954,6.4175100671188296e-06,0.0001387398595658454,0.0012882495554228806,7.940113739687262e-06,0.003909649585970378,3.1783008653841555e-06
10,0.00020816215166605321,0.00031872536133577495,5.102174011021578e-05,3.2023321643885836e-06,5.431075813784845e-05,0.000134843827079959,0.00014604529977002936,0.00040064017476810983,0.006626326090204672,3.536008300441274e-06,0.0004726759331173624,0.0008028090204181298,4.872839936870884e-05,1.8555243679048957e-06,0.00023809336788686118,0.0025239564504876246,2.749577932127097e-05,9.269816162769698e-06,0.9839354240914099,4.912799834947226e-06,9.082793197488674e-05,0.0012150168852329453,5.416952975431575e-06,0.0026741391507746856,2.5641531291062807e-06
11,0.00022046239746968162,0.0003219274105058464,5.307817814871686e-05,3.3143835348919144e-06,5.7023569858261686e-05,0.00013819600292802543,0.00014973813333662902,0.00039915429545786356,0.0067458113957386615,3.650915685344178e-06,0.00047552511467074607,0.0008449432095427031,5.562697187220944e-05,1.9351671603622883e-06,0.0002327726619071534,0.002544951173321638,2.988005329551521e-05,9.793484171848731e-06,0.983572506073856,5.285309200799068e-06,9.538115371994658e-05,0.0012215637041585131,5.678017091590565e-06,0.0028090869260771903,2.7142972898040213e-06
12,0.0004942304893174335,0.000947573321715921,4.4732212020788294e-05,6.015826635955961e-06,0.00018919503723566973,0.00026146683106082033,0.0001969664356893209,0.0002916591467827123,0.010424991221721342,7.578647442370171e-06,0.0005392099125464164,0.0011751271756514795,0.00013377534255690085,9.084786634756148e-06,0.0002727715965272486,0.002608049417190165,0.0001394837850344263,2.6985259137291706e-05,0.9771282048090706,1.4555644367027044e-05,0.00019437926863120835,0.0018793796239146355,1.3628928829034536e-05,0.0029892134014073263,1.1741878878976755e-05
13,0.0002438555360648519,0.00031552373808571506,4.566267347460032e-05,2.1369582219223803e-06,4.316698436067111e-05,0.00016298471814453225,9.144760960007535e-05,0.0002100948548388867,0.0068224174024284915,4.700191533787385e-06,0.00018297822332562192,0.0003942817343770098,4.400697286138028e-05,9.692422213569648e-07,0.00017606527977716123,0.0026124885027456655,2.2446205992628135e-05,9.287236026205466e-06,0.9854114757296205,4.811063857943163e-06,7.348481730753546e-05,0.0007101225300698365,3.192028973451302e-06,0.0024101139440088097,2.2858220814060762e-06
14,0.00020114716815705977,0.00039951823370849,3.886076918449004e-05,2.7851483236607275e-06,6.709539843861426e-05,0.00013065740908254484,0.00014894519440046758,0.0003518343723162334,0.0055751430625957275,4.062206340903248e-06,0.0004784728707871072,0.0006082335131765716,3.617667639054382e-05,2.0531281507409693e-06,0.00021764095354380756,0.00219272426896589,2.5283450773907667e-05,8.143962624495884e-06,0.9859215718959854,4.895256338797079e-06,7.50573611192032e-05,0.0010206906689627059,6.144758557750934e-06,0.002480387168948386,2.4751031263951954e-06
15,0.00020816215166605321,0.00031872536133577495,5.102174011021578e-05,3.2023321643885836e-06,5.431075813784845e-05,0.000134843827079959,0.00014604529977002936,0.00040064017476810983,0.006626326090204672,3.536008300441274e-06,0.0004726759331173624,0.0008028090204181298,4.872839936870884e-05,1.8555243679048957e-06,0.00023809336788686118,0.0025239564504876246,2.749577932127097e-05,9.269816162769698e-06,0.9839354240914099,4.912799834947226e-06,9.082793197488674e-05,0.0012150168852329453,5.416952975431575e-06,0.0026741391507746856,2.5641531291062807e-06
16,0.00020889774520262486,0.0003184549105290918,5.1105687750039264e-05,3.1926549803788835e-06,5.4399308494556545e-05,0.00013547585017454667,0.0001447660186720502,0.00039935991723791996,0.006640999317555095,3.499047353900768e-06,0.0004729784072640138,0.0007952536869419112,4.873548165295374e-05,1.8473555274796189e-06,0.0002368945787880722,0.0025184704757524375,2.7443732130639664e-05,9.22159588387149e-06,0.9839451768590833,4.908649114697623e-06,8.97673709115767e-05,0.0012005740596322879,5.386868876467104e-06,0.002680644702228657,2.5457182614793907e-06
17,0.0002428473751974059,0.0004166147727105962,5.393134221246472e-05,5.391276929244067e-06,8.745786430627629e-05,0.00013784178444402464,0.00021927302491099278,0.000554450141115707,0.0073709838701142795,4.7561400208094645e-06,0.000701049375569045,0.0014945955879145873,8.967771747411615e-05,3.833336229709685e-06,0.00027917833071053864,0.003047100448507854,5.855414178471362e-05,1.3719790215748775e-05,0.9796721729583442,8.842209841425085e-06,0.00014840524281695792,0.0021400847683364023,1.0889377480069657e-05,0.0032338628258534686,4.4862969594609556e-06
18,0.0002734035545969239,0.0003920592232530223,5.1659046587085495e-05,3.790169165945253e-06,7.305495507344424e-05,0.000138835914343934,0.0001846694911568319,0.0003969703184552039,0.007527482288770373,4.650623935229529e-06,0.000473964803789061,0.0011440819639492177,7.566676477693333e-05,2.7749936963202955e-06,0.00028095998679399,0.0026316227869012314,4.661108255595251e-05,1.4345350623346211e-05,0.9817599183289467,6.88833744309536e-06,0.00013142914191904912,0.0016975979358346558,6.812245547946179e-06,0.002676207340124604,4.543351759835734e-06
19,0.0002116563612350288,0.00036520970693381646,7.061973955205764e-05,4.891981614584696e-06,5.6410311744484736e-05,0.00013190226544220396,0.00024056041603759672,0.0005127361417187694,0.008238212966464068,4.717459173894215e-06,0.0005369884293057139,0.0014736624700192004,6.500439350615663e-05,2.334593908658585e-06,0.0003011263902090915,0.003145610101724574,2.9424271655550066e-05,1.0860811623431207e-05,0.9797281013658867,5.549736722200027e-06,0.00014009129624804884,0.0017588467994325023,7.150594691374835e-06,0.0029547774980387535,3.553897111394365e-06
20,0.00016250272597637138,0.00026518766609755093,5.4963980525910536e-05,3.3915021021202103e-06,4.573201416513957e-05,0.00012104818360231176,0.00017183844065035673,0.0005727196507840788,0.006385094998086738,3.660124378012695e-06,0.0005717662840704977,0.0009273129193762723,3.916134516951597e-05,1.7703978096490754e-06,0.0003709814034460631,0.0029014270243445275,2.5017605795910165e-05,9.640754338201931e-06,0.9830981086248302,4.3641137744709804e-06,0.0001046646372902415,0.0018480408386656487,5.444839646315949e-06,0.002303569462796407,2.59046227769205e-06
21,0.00019091140774522456,0.00029259418899510063,4.6068910914762836e-05,2.543718821083736e-06,5.527553027685878e-05,0.00012241617886000951,0.0001316113464420961,0.0003522075019157869,0.00570349940883168,2.9313859005537547e-06,0.00046190287441858516,0.0006607390668536431,4.2946961774941655e-05,1.5094175215409032e-06,0.00023413127525035804,0.0019223652767660878,2.8554403993653636e-05,7.603426756622404e-06,0.9861137063727942,4.425573626549513e-06,8.053143859420057e-05,0.001119109410130576,5.522549673867385e-06,0.002414449398593987,2.4429745482511048e-06
22,0.0002495120832066342,0.00025570309238037616,4.647192414496656e-05,2.70332477009107e-06,5.1005988254910174e-05,0.0001412076629975433,0.00010763767855975403,0.0003782368679623158,0.005995168300885555,3.140440782373478e-06,0.0004941369144987928,0.0006174048003925241,4.90032749551616e-05,1.6704638445820563e-06,0.00023124008284658359,0.0023218570619619543,3.6876076240453835e-05,1.3245483875103117e-05,0.9848521373175144,4.758143416242522e-06,8.400471537828838e-05,0.0013492715966623304,4.381767873002551e-06,0.002706700880950034,2.524055646013551e-06
23,0.00020816215166605321,0.00031872536133577495,5.102174011021578e-05,3.2023321643885836e-06,5.431075813784845e-05,0.000134843827079959,0.00014604529977002936,0.00040064017476810983,0.006626326090204672,3.536008300441274e-06,0.0004726759331173624,0.0008028090204181298,4.872839936870884e-05,1.8555243679048957e-06,0.00023809336788686118,0.0025239564504876246,2.749577932127097e-05,9.269816162769698e-06,0.9839354240914099,4.912799834947226e-06,9.082793197488674e-05,0.0012150168852329453,5.416952975431575e-06,0.0026741391507746856,2.5641531291062807e-06
24,0.00024268136229375876,0.00039470007611626515,4.998379842142643e-05,3.839454358772162e-06,5.890888831791569e-05,0.00014748119058133016,0.00014338237831373988,0.0003756441133049711,0.0066293227246212935,4.322128493232767e-06,0.00045683205440971215,0.0008312528974408716,5.5322947371972656e-05,2.4036939712440473e-06,0.00019611430866249446,0.0025903023035085374,3.135617993970817e-05,1.0543072118021465e-05,0.9834789495141742,5.968246468698742e-06,9.276403911026461e-05,0.0011561047728224898,6.44029851169358e-06,0.0030325784136567575,2.801143010603202e-06
25,0.00015742439554782225,0.0002834326472721326,5.340842850791041e-05,4.318151347616359e-06,5.848002043907898e-05,0.00013604009277012275,0.00018472670566960017,0.000751685998074762,0.005670712770710459,3.2168492435811106e-06,0.0009071974980553663,0.0009338872154794497,3.8860005810221184e-05,2.692414207207618e-06,0.00023920642463675742,0.0029637359914220446,2.5224120645942788e-05,8.052690107137217e-06,0.9830446780607461,4.857649197370387e-06,9.15152044509705e-05,0.001402427971110705,7.715931212405128e-06,0.0030245957990475323,1.906964287650364e-06
26,0.00030612631455783913,0.00025662805862661925,5.103779899127015e-05,2.504659976922964e-06,4.811230104081494e-05,0.00014554858946144047,8.04326056233672e-05,0.00022770129749309973,0.006060695209756079,2.6193271098924755e-06,0.0003857996931909148,0.0005030791951748537,6.138524130386217e-05,1.1497024526407993e-06,0.00010252153237721935,0.0017091700086183644,2.907484069925728e-05,9.880111418995665e-06,0.9847926595315092,4.749369436792879e-06,6.548088423481791e-05,0.0006831510327397043,4.85809164423623e-06,0.004463918490026891,1.7161125348378383e-06
27,0.00017225017509967295,0.0002844623877087267,4.639624636470643e-05,3.1653493325543714e-06,4.6941766666862126e-05,0.00012860145991133043,0.00013389910953135104,0.00042217527944192127,0.006210189315590218,3.4061272852414447e-06,0.0005041355728871233,0.0007550923829482516,4.121946727597575e-05,1.7299200123439654e-06,0.000258883353733816,0.0025843691428225108,2.6629814709990516e-05,8.942050497289481e-06,0.9842156538734115,4.559933900690047e-06,9.130289899402431e-05,0.0014519803119468727,5.365526982716159e-06,0.002596382277736884,2.2662552072156136e-06
28,0.00020816215166605321,0.00031872536133577495,5.102174011021578e-05,3.2023321643885836e-06,5.431075813784845e-05,0.000134843827079959,0.00014604529977002936,0.00040064017476810983,0.006626326090204672,3.536008300441274e-06,0.0004726759331173624,0.0008028090204181298,4.872839936870884e-05,1.8555243679048957e-06,0.00023809336788686118,0.0025239564504876246,2.749577932127097e-05,9.269816162769698e-06,0.9839354240914099,4.912799834947226e-06,9.082793197488674e-05,0.0012150168852329453,5.416952975431575e-06,0.0026741391507746856,2.5641531291062807e-06
29,0.00020816215166605321,0.00031872536133577495,5.102174011021578e-05,3.2023321643885836e-06,5.431075813784845e-05,0.000134843827079959,0.00014604529977002936,0.00040064017476810983,0.006626326090204672,3.536008300441274e-06,0.0004726759331173624,0.0008028090204181298,4.872839936870884e-05,1.8555243679048957e-06,0.00023809336788686118,0.0025239564504876246,2.749577932127097e-05,9.269816162769698e-06,0.9839354240914099,4.912799834947226e-06,9.082793197488674e-05,0.0012150168852329453,5.416952975431575e-06,0.0026741391507746856,2.5641531291062807e-06
30,0.00020816215166605321,0.00031872536133577495,5.102174011021578e-05,3.2023321643885836e-06,5.431075813784845e-05,0.000134843827079959,0.00014604529977002936,0.00040064017476810983,0.006626326090204672,3.536008300441274e-06,0.0004726759331173624,0.0008028090204181298,4.872839936870884e-05,1.8555243679048957e-06,0.00023809336788686118,0.0025239564504876246,2.749577932127097e-05,9.269816162769698e-06,0.9839354240914099,4.912799834947226e-06,9.082793197488674e-05,0.0012150168852329453,5.416952975431575e-06,0.0026741391507746856,2.5641531291062807e-06
31,0.0002519754587644305,0.0002853818445200947,5.876299883070259e-05,2.6537482046629905e-06,4.608800944849856e-05,0.00011676877681402915,0.00013679183774264819,0.00045668745069567555,0.005010037827743453,3.5069865118787344e-06,0.0003833110725073659,0.0006321354025506463,4.243840619531691e-05,1.5233147979121824e-06,0.00016409767790435557,0.0019440619338312337,2.3286774158808812e-05,8.535464802662027e-06,0.9871019391736533,4.12865418909246e-06,7.121953492993937e-05,0.0008530812247391713,4.7655898577046405e-06,0.0023947729044765296,2.0479321298729376e-06
32,0.0002656003082170655,0.0021627739348077137,0.0010217011357410476,0.003905092573535121,0.006962880580801119,0.0014581207739112038,0.012559073255702286,0.0032082904233545788,0.3818412619237988,3.3164143065599775e-05,0.01579756372502624,0.12973171582107487,0.0035353369098830856,0.00040950976207488053,0.013035766270502876,0.339921454481844,0.001152500364955128,0.00023965625998055513,0.036357786521329316,0.001236158378249536,0.007084230956978511,0.022562106092387867,0.0007400888734263375,0.013922795802733862,0.0008553707266185438
33,0.00016896036607023642,0.0002768424932117176,4.06968564551716e-05,3.513169457590326e-06,5.301267295966465e-05,0.00014266349182789347,0.00012329472481290574,0.0004419427432688013,0.005221635696874734,3.97534198247304e-06,0.0005148513784556619,0.0006993659009806453,5.492264973587217e-05,2.2056395678273997e-06,0.0001719601128408794,0.0028017836364519254,3.617683908088879e-05,9.404402972811465e-06,0.9847230067298962,5.9967916553511644e-06,9.32938629706849e-05,0.001343400486089991,6.920487410102283e-06,0.003058125858333451,2.0476666365222818e-06
34,0.00020989980992390734,0.00029829148802323885,4.886494532597339e-05,2.7471469582667864e-06,4.981686217316017e-05,0.00012794581012949644,0.00013014515633904926,0.0003597301621185698,0.006377318382641488,3.068073639186421e-06,0.0004375170967485002,0.0007183121285778847,4.523730282511734e-05,1.6152925263893624e-06,0.00021481087751009094,0.0022092510504674234,2.484037264689605e-05,8.599311218563133e-06,0.9850016361471451,4.230934602531049e-06,8.125276278800497e-05,0.0010733287226915818,4.680893472931477e-06,0.002564577433187303,2.2818363193530696e-06
35,0.0003642729519112105,0.0002242931664111624,6.474650929388547e-05,2.605498392827544e-06,3.437436842602213e-05,9.471715466515795e-05,0.00014319512598436328,0.0004029799109308918,0.00710173225852495,2.998597901760593e-06,0.0003089000357239839,0.0008542748018828565,4.7766447319696376e-05,1.0207080861350324e-06,0.00015636184402861,0.001751610579624283,2.3285019994879404e-05,1.5244820463775472e-05,0.9844032843355432,2.927759241890493e-06,9.088015164344641e-05,0.0011386087503869528,3.0917668537657565e-06,0.0027645560343079714,2.2714024562428617e-06
36,0.00020959977143411725,0.00023447883360800073,5.944006143689973e-05,3.2817409413115112e-06,4.632625956347175e-05,9.962272476187609e-05,0.0001991452916584381,0.0006163323507436374,0.006308691563516775,3.4190773882549914e-06,0.0005086108546338571,0.001430898003245843,6.672403262323359e-05,2.0566518172094104e-06,0.00029038304733653,0.003145714190955762,2.899089573837424e-05,1.0098878111019676e-05,0.9826242742064101,4.681743307537673e-06,9.876085192937012e-05,0.0017541002354967581,5.1984997601396675e-06,0.002246126613117636,3.043620463884673e-06
37,0.0001953519497012743,0.00032169166233176884,5.083565417799175e-05,3.2409443346274492e-06,5.695027475815209e-05,0.0001393850758767686,0.0001525069504589837,0.0004212675732685189,0.006792347075142104,3.5876294705430076e-06,0.0004994002450213483,0.0008133377582379085,4.74842160647623e-05,1.952261202993366e-06,0.0002669039995070466,0.002682111477409679,2.7291024731184508e-05,9.027729420277372e-06,0.9835887088520906,4.998097380437861e-06,9.276465013454674e-05,0.0012653862272752586,5.574114315304664e-06,0.0025552407789155773,2.653778772549779e-06
38,0.00022654592479920204,0.0002588386800125985,4.8825550672903294e-05,1.7270546239821794e-06,4.7832751690461224e-05,0.00015872352426616327,0.000109772161771836,0.0002660418340747709,0.006560736354375958,2.8118386643020875e-06,0.00031373028917831906,0.00043552565959210395,3.564869144374446e-05,1.0944785287035656e-06,0.0002262191777224768,0.0023319565226697075,1.576134064785693e-05,7.196532991001816e-06,0.9860841529052943,3.053126579493166e-06,5.4620607365690675e-05,0.0006387153160104708,2.7284260864699906e-06,0.0021657804197961128,1.9608311416047647e-06
39,0.0001450860539805985,0.00015880808624336675,5.5172291939860585e-05,2.375175941497935e-06,3.301222536983157e-05,0.00015300395092380004,0.00010785253381424497,0.000429945525650593,0.005069345328836635,3.3877931941419353e-06,0.0003357091745505237,0.0005364851027920757,4.583862711861096e-05,9.881575992498222e-07,0.000198827168492771,0.002789627851715531,2.279511203194615e-05,7.964525255292826e-06,0.9864914869282074,3.832776189887852e-06,9.62904323909906e-05,0.0009613163116353071,3.693035084923461e-06,0.002345478014129911,1.677816911166398e-06
40,0.00023461173408995364,0.00036492234221840954,6.249809199413517e-05,3.0197722049544747e-06,5.981228767773444e-05,0.00013800650464428175,0.00018363010626821192,0.00035881260734713083,0.008436635351220719,3.0586346232818203e-06,0.0005022821732851451,0.0010754684881248246,5.422290647636794e-05,2.068258529775304e-06,0.00032030034852307903,0.002171624223249104,2.358709570623426e-05,8.950430898404423e-06,0.9823120079297923,3.991876257883647e-06,9.582907728718507e-05,0.0012139641683565979,4.946329766308446e-06,0.0023622975646115504,3.451696846566389e-06
41,3.2453399172486246e-05,0.0001380032592335342,9.231928212499318e-06,3.65463984332337e-06,3.5515260144565486e-06,6.187130789613891e-05,2.7502959921552353e-05,0.00021227729444805578,0.0009988257093744236,4.885093869628797e-06,0.0002730119105695291,0.0005629944862751404,1.3106025376138322e-05,2.209432003546075e-06,3.657682537536817e-05,0.0006300522482267375,3.255969107914881e-05,8.406782457230558e-06,0.9912082075823833,2.0689110403812987e-06,0.00014974008087651307,0.003600169415421481,7.538387732827706e-06,0.001980362044138269,7.390590582698275e-07
42,0.0037026343406789054,0.004295479746337133,0.000210300007577686,1.3368136384657716e-05,0.0021923751353892847,0.0006659767977324354,0.0009859604752710293,0.0003112708439800451,0.04816188103562316,7.731413917780785e-06,0.002564629794100147,0.0025549931896665314,0.00028683799443379417,3.4427838024030196e-05,0.0005991121962723549,0.0024037080774235633,0.00017918488896411183,5.7920416230570336e-05,0.9211241207851764,2.8293092256842192e-05,0.0001698188325896243,0.0009916590456388976,4.4262956832692563e-05,0.008354480372622567,5.957258687573855e-05
43,0.00011558649921189642,0.00021433993277992749,3.622075660114598e-05,2.5968508450146494e-06,3.34146199120436e-05,0.00015533029480917977,0.00010017265654608746,0.0003579368918355358,0.004375102757033031,5.8974459388930845e-06,0.0003075489350096122,0.0004564914065637133,3.689145151572334e-05,1.403520754195752e-06,0.00018620892171772638,0.0027466832378145196,2.6065354180763103e-05,9.390530299035707e-06,0.9869060988942284,4.916439176972945e-06,0.00011801761808358532,0.001357197304788718,5.284689378191642e-06,0.0024394130685650908,1.7899224110226906e-06
44,0.00020816215166605321,0.00031872536133577495,5.102174011021578e-05,3.2023321643885836e-06,5.431075813784845e-05,0.000134843827079959,0.00014604529977002936,0.00040064017476810983,0.006626326090204672,3.536008300441274e-06,0.0004726759331173624,0.0008028090204181298,4.872839936870884e-05,1.8555243679048957e-06,0.00023809336788686118,0.0025239564504876246,2.749577932127097e-05,9.269816162769698e-06,0.9839354240914099,4.912799834947226e-06,9.082793197488674e-05,0.0012150168852329453,5.416952975431575e-06,0.0026741391507746856,2.5641531291062807e-06
45,0.00015486711426154212,0.0001904191893449527,6.009480318988539e-05,2.636514883073179e-06,4.5438978012777976e-05,0.0001481841450068048,0.00014563756239708856,0.0005889815722451926,0.006364943330073262,2.7970853387224156e-06,0.000568953985817147,0.0006343861680630014,3.676419036973486e-05,1.19218822087811e-06,0.0003749297121785544,0.003821019396261209,1.7745295809988673e-05,7.384497052652336e-06,0.9831909282072065,3.861171383544369e-06,6.929252349465852e-05,0.0011381573106915629,3.7576449855299e-06,0.0024258246409700653,1.8027727418319914e-06
46,0.00016865134786375378,0.00021665602089746875,4.3163177107582784e-05,4.091488238522333e-06,4.1340939114483166e-05,0.00015477950919561773,8.963102028240367e-05,0.0003899264003801018,0.004873389613616364,3.5488363797411337e-06,0.000516846077827226,0.0007806701405793081,7.893462524552589e-05,2.0361440086800843e-06,0.00018524012706515422,0.0025468970399697708,6.676209489908971e-05,1.2132175788000674e-05,0.9843663945898352,6.8524083808563056e-06,0.00012691260342495946,0.0020103792417569435,7.767350474259229e-06,0.003304416244402692,2.5807832661050067e-06
47,0.00025981643775325206,0.0002705385153484947,5.028414555717724e-05,2.809318703108315e-06,4.734909773881815e-05,0.0001083647888336612,0.0001479082009462366,0.00032670592829368584,0.006899819288460482,3.642224679288044e-06,0.0003317629646110275,0.0010846119724459262,7.386130912042722e-05,1.5510177563571596e-06,0.00021683490674159574,0.002714878834508688,3.199801158011797e-05,1.1312471422120109e-05,0.9832307498522161,5.0239630327860375e-06,0.00010567230079275499,0.0013821811501132431,4.462759017251738e-06,0.00268470912879278,3.1514115344025458e-06
48,0.00019126984325233925,0.0002994198100320514,4.532815553377085e-05,2.8228806575350696e-06,4.8261431492601284e-05,0.00012855751281450536,0.00012667297728421824,0.0003578913429924241,0.005922613752500983,3.3457486276048094e-06,0.0004293486763109163,0.0006881284841373376,4.357505865588925e-05,1.6659209934268424e-06,0.00020422221211754542,0.0022560505540361138,2.5338879440515678e-05,8.328618014165853e-06,0.9854552805575988,4.412504686317566e-06,8.169973666014009e-05,0.0011029832911665033,5.038922818167466e-06,0.0025655383602088966,2.204767967350585e-06
49,0.00021283341844103107,0.000333624714868319,5.987727571471331e-05,4.038114603402528e-06,4.670495645615783e-05,0.00014386066740993282,0.00015133050012863748,0.0004136561709896293,0.007071795758467698,4.05053771078214e-06,0.00047056047666036295,0.000986961978552299,5.447058942994605e-05,2.0492840540035495e-06,0.00023741893112699155,0.002589516743109223,2.8582085129751754e-05,1.0538897038961806e-05,0.9827115533806599,5.138308341293618e-06,0.0001097113458003534,0.0014013014370491737,5.911738015926017e-06,0.0029416898740807513,2.822816160902326e-06
50,0.00020153125477920798,0.00033063282776229266,5.334826321042334e-05,2.845207879371254e-06,6.331194023432963e-05,0.00011112406512588266,0.00024731290596982885,0.0005154298303419692,0.004869565484928241,5.670833349745191e-06,0.00042148731307553534,0.0009335845749701086,4.75549420133609e-05,2.1727093202552694e-06,0.0002551216424545002,0.0024164854535235003,2.629897622431318e-05,8.584542743686888e-06,0.9861018239614344,5.048884963901874e-06,9.784071848411732e-05,0.001259280780696672,6.8677125499119496e-06,0.0020137022865843275,3.372887380177044e-06
51,0.00021543412575647958,0.0004332381091779129,4.7854701386481913e-05,3.9581574072459435e-06,3.841924192983338e-05,0.00011794834508513182,0.00012779338223718118,0.00036785939454496907,0.006442668232815576,3.5790426778204616e-06,0.0004677728961048701,0.00086527039959438,3.317044730094735e-05,2.321264225644136e-06,0.000212149468097183,0.0017599914012252878,2.448146774926851e-05,1.0058323962149481e-05,0.9848797441751531,3.7649148456135366e-06,8.776251899148738e-05,0.0014512684666091065,5.469441375354863e-06,0.002395470989324282,2.551092422559232e-06
52,0.0002098843943725214,0.00030015536354767295,4.91990843622592e-05,2.9997596162146887e-06,5.33430606635652e-05,0.00014203620441524944,0.0001348868782591252,0.00039598033722415137,0.006616911967873415,3.4206895179430332e-06,0.000466930669913139,0.0007287768229959856,4.751159431376773e-05,1.8108902484730962e-06,0.0002446437080867561,0.002580562012897479,2.7450964545066705e-05,9.779440560139455e-06,0.9840702429905461,4.789704316707369e-06,8.667837478886937e-05,0.0011924313081215913,4.8828952707247945e-06,0.0026222005218791192,2.4903616640403414e-06
53,0.00019858211536962696,0.00037586109869045935,7.490491938220464e-05,4.831606028391607e-06,0.00010192969755740029,0.0001400838289152321,0.0003970253327493447,0.0007696285241364437,0.009069680023192118,5.020788913859971e-06,0.0007911142839191683,0.0016087782725941158,6.66277869660695e-05,2.767267876148301e-06,0.0004976917415278078,0.004280891707029694,3.036448388963711e-05,9.957021189440757e-06,0.9767169125175882,6.9224170183210455e-06,0.0001388212514714694,0.0018786764928886196,9.077456419557949e-06,0.0028195131234297847,4.336241256850308e-06
54,0.00027321559745275664,0.0005500638978416699,5.2270704997744915e-05,3.5852808082027382e-06,6.78947815410262e-05,0.00014955483340573655,0.0001763203990927816,0.00033820938929958943,0.0078014084745083425,5.009613368758829e-06,0.0004109504544822467,0.0009563632652126528,4.651515206513836e-05,2.854402457811437e-06,0.00033724424089835264,0.002570008227539609,2.6915612978556374e-05,1.0202523636967993e-05,0.9827882884660498,5.599825689440383e-06,8.496943258042106e-05,0.0012236121942087793,6.034356478809613e-06,0.002108301772598427,4.607100806338552e-06
55,0.00037998554276489846,0.0003408559718650531,8.331756841047643e-05,4.242391588832846e-06,5.2165110551855965e-05,0.00013425020042372475,0.00020352909025893944,0.0003265323306948486,0.013909809074273286,3.0737317150909233e-06,0.00036196596581973024,0.0018121452397013346,0.00010628082749444258,1.6312377787309737e-06,0.00022951125603495415,0.002841434609931024,2.5952340595511564e-05,1.475614202532371e-05,0.9740934646142306,4.543441978625294e-06,0.00013193207017503638,0.00120386329049768,3.87519891450312e-06,0.003727091604107999,3.79114816734442e-06
56,0.0002168643572278005,0.00031850702411755517,5.2456901627953905e-05,3.2666555042279e-06,5.4955432878806786e-05,0.00013535157959324945,0.00014893958391991262,0.0003945489621836286,0.006686611023765422,3.571287583227156e-06,0.00047133702554078206,0.000853872209530316,5.4094414320328975e-05,1.9189080699568574e-06,0.00023171486752504084,0.0024703669066213113,2.895505947737539e-05,9.605468881087094e-06,0.9837826104958413,5.047910804196443e-06,9.434416752400226e-05,0.001224878518238138,5.560818841682785e-06,0.0027479308723526168,2.689548030427257e-06
57,0.0004620904945096464,0.0005330916427334606,0.00013116828562431747,5.0064889779470815e-06,0.0002466630103141744,0.00150244827271799,0.00015330224100815144,0.0004192070780578049,0.01617871345990703,3.4115977137759543e-06,0.00394158328663825,0.00012826714020931288,9.44786026269437e-06,3.89816184313954e-06,0.0007246871448119371,0.002709517096310452,2.0138254234547354e-05,2.6037816355548595e-05,0.9653668007889575,2.97189658235666e-06,6.90292604600047e-05,0.0006131809889710511,1.0748721867084704e-05,0.006735102671841917,3.48633909005743e-06
58,0.0002132970225800344,0.00029606198123997965,5.063516089758622e-05,3.103115300565061e-06,4.925358365753012e-05,0.00013077199896812058,0.00013331238769216018,0.00036128304273874094,0.006397845572714323,3.227313220047973e-06,0.00044879700991928243,0.0007923112835286579,5.1117308394786025e-05,1.654528574589641e-06,0.0001945874066121484,0.0023053369091757354,2.579872080712947e-05,8.873136063896037e-06,0.984341134119966,4.6155939634419315e-06,8.710922585272377e-05,0.001084503024081271,5.221732871559462e-06,0.0030078850506017516,2.2637705781477556e-06
59,0.00020491227916068295,0.0002939521182318822,5.3815261026213785e-05,3.183769978542375e-06,4.890855833894073e-05,0.00013438248914754064,0.00013603931207069,0.0003799061051120414,0.006503266691361031,3.2899831116813504e-06,0.0004640516104035525,0.0007721483292899218,4.803919402731495e-05,1.5831271438748347e-06,0.0002105146330305693,0.002432350049222152,2.4673199975352394e-05,8.610104913008898e-06,0.9840317768098348,4.679329412273948e-06,8.821525939403004e-05,0.0011032250740467564,5.276010631706462e-06,0.0030409932140259585,2.207487109476595e-06
60,0.00020816215166605321,0.00031872536133577495,5.102174011021578e-05,3.2023321643885836e-06,5.431075813784845e-05,0.000134843827079959,0.00014604529977002936,0.00040064017476810983,0.006626326090204672,3.536008300441274e-06,0.0004726759331173624,0.0008028090204181298,4.872839936870884e-05,1.8555243679048957e-06,0.00023809336788686118,0.0025239564504876246,2.749577932127097e-05,9.269816162769698e-06,0.9839354240914099,4.912799834947226e-06,9.082793197488674e-05,0.0012150168852329453,5.416952975431575e-06,0.0026741391507746856,2.5641531291062807e-06
61,0.00020889541607842552,0.00029626122694837885,5.376070279356668e-05,3.121525817089688e-06,4.979718276640625e-05,0.00013205030407802568,0.00013938000349581267,0.00038009825953645607,0.006454444255993935,3.327864802782326e-06,0.00046058285237787153,0.0007807945141481585,4.882005704305977e-05,1.5968878013540572e-06,0.00021179554276559354,0.0023693392151059793,2.4939104485736543e-05,8.732650288958839e-06,0.9841884604090033,4.646137118969583e-06,8.852646833261916e-05,0.0011068157169301129,5.287702127133737e-06,0.0029762554300408867,2.2705701190470557e-06
62,0.00020816215166605321,0.00031872536133577495,5.102174011021578e-05,3.2023321643885836e-06,5.431075813784845e-05,0.000134843827079959,0.00014604529977002936,0.00040064017476810983,0.006626326090204672,3.536008300441274e-06,0.0004726759331173624,0.0008028090204181298,4.872839936870884e-05,1.8555243679048957e-06,0.00023809336788686118,0.0025239564504876246,2.749577932127097e-05,9.269816162769698e-06,0.9839354240914099,4.912799834947226e-06,9.082793197488674e-05,0.0012150168852329453,5.416952975431575e-06,0.0026741391507746856,2.5641531291062807e-06
63,0.00021448090901085622,0.0003510997978614673,5.073189327645823e-05,3.1794095637823836e-06,5.4827235314420214e-05,0.0001337785689835477,0.0001435136522712045,0.00037021318448882254,0.006506182194538325,3.7053360518811044e-06,0.00045152370253455257,0.0007682565662192915,4.634012314503771e-05,1.8650012256254542e-06,0.00023137905097288898,0.002332686546687007,2.7217154272177397e-05,9.05204715511119e-06,0.9843933003949481,4.907433317242283e-06,8.982435087072097e-05,0.001172283612403115,5.605281874932447e-06,0.0026314145766095772,2.631976403749332e-06
64,0.0002019820005988745,0.0003356122137101441,5.3976853028324775e-05,3.6543452066697864e-06,5.384779338377986e-05,0.0001430371958963981,0.00015547060529737556,0.0004024045189654702,0.006864214253264228,4.20974642518292e-06,0.00046262997789254737,0.0009007091936348626,5.410499556309976e-05,2.0567869117279143e-06,0.00024101818474936716,0.002577280275779127,3.0148557260388374e-05,1.0274071719798764e-05,0.9831999856078433,5.482700093907126e-06,0.00011688857822720704,0.0013604774313809834,6.2242023936256644e-06,0.002811437257888413,2.8726528853897357e-06
65,0.00016044310342043402,0.00047479119440794825,8.764850395955787e-05,6.413991074518858e-06,6.477636795820521e-05,0.00017862511769037125,0.000381509385823482,0.0011114449017492313,0.004802484574266861,1.6378758168216035e-05,0.0005165799813068773,0.0011306077506298608,4.0347247345885234e-05,4.551002702150829e-06,0.0004417379720638193,0.0037460721133690893,3.014735516892745e-05,1.226127021581387e-05,0.9827603017083331,9.488194471052705e-06,0.0002031539034775594,0.0019280939291561612,1.3980966499350884e-05,0.0018728393586169973,5.321348124734673e-06
66,0.0002074154644462262,0.00032456289493027857,5.111843576956841e-05,3.2845195495808356e-06,5.399671279753919e-05,0.00013397286445302343,0.00014864753142087688,0.0004075020170964349,0.006700371113379652,3.5470413804812687e-06,0.00047895137961638675,0.0008274793595594723,4.8217894152163535e-05,1.910330579739678e-06,0.00024215121165630028,0.0025423530855462526,2.7297736124087792e-05,9.30759244982697e-06,0.9837930521773965,4.872656317958296e-06,9.1228275151305e-05,0.0012431141644019255,5.458286098513654e-06,0.0026475904290118764,2.5968267139364547e-06
67,0.00020630243884021957,0.00031785433499727944,5.114254130111167e-05,3.459541360989051e-06,5.5016519180755614e-05,0.00014589290659127957,0.00014178930164336035,0.00040748060214427324,0.006645035739293285,3.7214923505501685e-06,0.00048415494401321383,0.0008126866790036527,5.322860962846139e-05,2.013441932812051e-06,0.00023250400473567864,0.0026756734796415365,2.98077214223258e-05,9.774327981973015e-06,0.9835466045319325,5.399689113288407e-06,9.569832586157441e-05,0.0012354346919578659,5.762582460583027e-06,0.0028309490734671648,2.6124791443997006e-06
68,0.00031677273994506203,0.0003574610912714221,0.00010667938394303952,6.656384315204964e-06,3.196957117663059e-05,0.0001406985693936367,0.00017682507047138337,0.00048266360041695014,0.008319575106103105,5.004769548071554e-06,0.00041338092993639615,0.001426701408728521,5.908112189819607e-05,2.0125495088996432e-06,0.00013022129011069892,0.0023049765537134035,2.4080518784418463e-05,1.449209586403087e-05,0.9798138139610884,4.597299810911941e-06,0.00015864960240017154,0.001292040300282918,6.769920485793755e-06,0.0044023167505410025,2.5594102616173903e-06
69,0.00021079366797055376,0.0003199492163982358,5.069779554784836e-05,3.1709219585285314e-06,5.4234193635246464e-05,0.00013392283812728453,0.0001457803409622494,0.0003969649932208062,0.00664363089279715,3.5374216230605116e-06,0.000464905231192791,0.0008043232469595536,4.900986629135609e-05,1.8583423355784403e-06,0.0002382413638784698,0.002504746610291583,2.771709089199201e-05,9.368201163222101e-06,0.983980037082669,4.895432216194654e-06,9.017697660557869e-05,0.0012179861465979748,5.337639722940634e-06,0.002636113296939185,2.6011900037265552e-06
70,0.0006355261561162383,0.0005049430772209958,0.00018073742616116125,9.227737369020269e-06,0.00014496172907315616,0.0002274598426941727,0.00044273609429842464,0.0014642853022633813,0.014938711381685702,7.4868489581665275e-06,0.0007850835519297943,0.0023897104214316784,0.00016750614062225697,5.382084624210477e-06,0.000672635572901817,0.008739806184363912,6.661010901039746e-05,2.7192156754654436e-05,0.9630666743639293,1.67687169860298e-05,0.0001434438255077883,0.0020961259452709764,8.435632537778457e-06,0.0032491993537725164,9.350344516490577e-06
71,0.00020942657389600529,0.0003215069151331447,5.113813655153039e-05,3.2219724799181736e-06,5.515651194012441e-05,0.00013531071879469318,0.00014724675623396433,0.00040188780852777974,0.006654800043771114,3.572295466754897e-06,0.0004738115473558562,0.0008065880222125186,4.924642968213376e-05,1.8733157699783966e-06,0.00023910091915523373,0.002545233974608832,2.7755708430221747e-05,9.309876800882294e-06,0.9838561889043363,4.99487995194141e-06,9.130475373910362e-05,0.0012166975882152383,5.482987568100817e-06,0.0026865521874830946,2.5911718956994185e-06
