,0,1,2,3,4,5,6,7,8,9,10,11,12,13,14,15,16,17,18,19,20,21,22,23,24
0,4.034606116268063e-06,0.973345331355391,1.4147802419459537e-05,6.596904015342742e-06,0.0005076003754537992,1.0276313348317852e-08,2.0013206718512675e-05,2.5555252091249537e-06,3.3474164534273066e-05,9.213206649241841e-06,0.00017339385418332876,0.0004113777159901904,3.5584408826255524e-06,0.006818434562539143,3.9148280695857405e-06,2.6267358574097035e-05,0.014193087607509201,4.393148789245186e-07,5.718777635451759e-05,1.7745878759708863e-08,0.0005993779529204834,4.8976166945595924e-05,1.1925962728552136e-06,3.3053655978455024e-05,0.0036867430002019796
1,3.608761445609028e-06,0.9715696536521432,2.051093045848714e-05,8.12269482868999e-06,0.0005193650763364112,2.0616055994447506e-08,2.812525335440939e-05,3.493010657946953e-06,8.982732029517617e-05,2.506493780332251e-05,0.00015223310492450294,0.00034500542729759776,4.784536763590037e-06,0.011076710773531905,5.927324830178395e-06,4.56503284097795e-05,0.009680215659963597,7.61344310845927e-07,0.00011368942243244834,3.566944158110675e-08,0.0008182283767404095,6.0756855005726774e-05,1.8154460489378336e-06,5.19686245218398e-05,0.005374424852397783
2,2.83850422698684e-06,0.9699866359666641,1.3872745772082495e-05,5.997320911221139e-06,0.0005573750941715294,1.4073665867478438e-08,1.800711097705728e-05,3.030161557221707e-06,6.7805729964526e-05,1.6258478430926938e-05,0.00017614599483810136,0.00037367392202866505,3.0512432709090986e-06,0.01347562979408854,6.5010595840940726e-06,2.5065446902106472e-05,0.008730920358645772,4.275063646874413e-07,5.708091087377889e-05,2.810821163769531e-08,0.0005305401869006501,6.451475221089757e-05,1.252903862875773e-06,3.2611099972884704e-05,0.0058507215259027655
3,3.6267882702606966e-06,0.9748567117419173,1.3636938324097134e-05,6.047695339615012e-06,0.0004527796079303694,1.2374655078721157e-08,1.898363591636034e-05,2.7311704441621095e-06,4.6769878569809046e-05,1.2385975194255061e-05,0.00016966649378945224,0.00035819804500551185,3.580508558555117e-06,0.008643854056847344,4.541932739139928e-06,2.4692656171068178e-05,0.010528201724535235,4.542908287304514e-07,6.352840765166125e-05,2.0085370295891663e-08,0.0005837173324529921,5.9504057376135796e-05,1.1596414800506208e-06,3.1189833890559485e-05,0.004114005126741975
4,3.449804731199971e-06,0.9755599984914803,1.3424869167398204e-05,5.790198591196311e-06,0.00044760018095657084,1.0335287445280047e-08,1.9411478933666053e-05,2.621560184905134e-06,4.704317559901824e-05,1.1804768523701962e-05,0.0001634743642432741,0.00034413065412402415,4.090047143567741e-06,0.009510177676685086,3.81584799864694e-06,2.1343909312630112e-05,0.00935383675173855,4.801906711742032e-07,6.228422794980667e-05,2.1314574775320576e-08,0.000634697129951518,6.0327341766909986e-05,1.0606339653116962e-06,3.171381434189151e-05,0.0036973912320774787
5,3.9766261232240285e-06,0.9733651915281736,1.7176476960445128e-05,8.586798660198572e-06,0.0005657626322102824,1.3711590643265087e-08,1.9074129906251816e-05,2.8525717151880917e-06,5.2131902222423087e-05,1.635405140381497e-05,0.00016790280041486941,0.0003036078254065775,4.208587178971385e-06,0.010365301946716126,3.7671142844732734e-06,2.4382881196169393e-05,0.010820610332424398,7.775950297767857e-07,6.912442415443304e-05,2.7551120180218894e-08,0.0007434861838670496,4.939061955345803e-05,1.7081135532050484e-06,4.048885481550574e-05,0.0033540947413186893
6,3.6267882702606966e-06,0.9748567117419173,1.3636938324097134e-05,6.047695339615012e-06,0.0004527796079303694,1.2374655078721157e-08,1.898363591636034e-05,2.7311704441621095e-06,4.6769878569809046e-05,1.2385975194255061e-05,0.00016966649378945224,0.00035819804500551185,3.580508558555117e-06,0.008643854056847344,4.541932739139928e-06,2.4692656171068178e-05,0.010528201724535235,4.542908287304514e-07,6.352840765166125e-05,2.0085370295891663e-08,0.0005837173324529921,5.9504057376135796e-05,1.1596414800506208e-06,3.1189833890559485e-05,0.004114005126741975
7,1.0106091122525101e-05,0.9814126682655502,1.6413890737589143e-05,5.962626870391935e-06,0.0003466328906543629,9.455760589850175e-09,2.718242783800405e-05,3.7351033618330805e-06,2.9903809046074148e-05,8.31107656562623e-06,0.00029717346184516245,0.000358818666059049,9.913394065273071e-06,0.004933535528122477,3.8567032904494405e-06,1.8650735785822094e-05,0.009605409581959195,6.52172124000786e-07,8.893135988069087e-05,1.7335159946182144e-08,0.0006785247152646306,9.625415341876028e-05,5.944948615739751e-07,2.098621346051752e-05,0.0020257558471952998
8,4.26142273683847e-06,0.9693899844754456,2.8455415813573343e-05,7.137936386719139e-06,0.0004569167553225192,1.153604876277945e-08,6.8929808198768475e-06,1.4001041184831415e-06,5.237833574763936e-05,1.92224866027093e-05,9.609429493834934e-05,0.0003432814441402066,2.4955742956619896e-06,0.010277555825085816,3.905889421618797e-06,2.7934741765434473e-05,0.012194692209887678,2.9056076918026e-07,2.1456656600796672e-05,2.4476992151398803e-08,0.0002858105649641995,3.082906209381447e-05,1.9328404275286842e-06,7.584553180185015e-05,0.0066711888777730545
9,1.6694713042859187e-06,0.9722854865469,2.1522020694762888e-05,5.7234166009474896e-06,0.0002966490798167937,9.628220776319465e-09,5.955328848366792e-06,1.5226323583935973e-06,5.400660435958823e-05,3.0293191529442404e-05,5.815088154341301e-05,0.00021301079247817599,2.0376766355236295e-06,0.012809879701233037,3.1422547854454705e-06,3.214110302506429e-05,0.007987746000092555,2.9608853371836946e-07,2.7307060426991327e-05,3.151357553439521e-08,0.0003002541968061749,2.6158535737264263e-05,1.505520416820121e-06,5.881926737978323e-05,0.005776681486697195
10,3.6267882702606966e-06,0.9748567117419173,1.3636938324097134e-05,6.047695339615012e-06,0.0004527796079303694,1.2374655078721157e-08,1.898363591636034e-05,2.7311704441621095e-06,4.6769878569809046e-05,1.2385975194255061e-05,0.00016966649378945224,0.00035819804500551185,3.580508558555117e-06,0.008643854056847344,4.541932739139928e-06,2.4692656171068178e-05,0.010528201724535235,4.542908287304514e-07,6.352840765166125e-05,2.0085370295891663e-08,0.0005837173324529921,5.9504057376135796e-05,1.1596414800506208e-06,3.1189833890559485e-05,0.004114005126741975
11,3.920550393645025e-06,0.9755866781288483,1.3764249447832269e-05,6.306687072904452e-06,0.000462276399563916,1.1891984239470961e-08,2.0811555466062362e-05,2.7128599822305046e-06,4.709881271784542e-05,1.162650061992683e-05,0.0001738145025366843,0.00037674489691238815,4.285821861479125e-06,0.00828716403344471,4.391555741474605e-06,2.475733345637758e-05,0.010315151125226267,4.7624795875125814e-07,6.646483372807159e-05,2.1565975480308615e-08,0.0006040293766580222,6.342310335662643e-05,1.1253854954864017e-06,3.424786315145467e-05,0.0038886947183997874
12,3.1166476246968857e-06,0.984949034448967,7.70456572913122e-06,6.92795155825758e-06,0.00015509724235684145,9.786597234055367e-09,1.9033270997750904e-05,3.208940301266887e-06,3.0657075823310875e-05,1.0839624524649149e-05,0.00011163944860766276,0.0002793711618030775,4.119983536544918e-06,0.004248798009450577,5.142433971589278e-06,3.1306396052178413e-05,0.00720257051563943,3.953627049971057e-07,0.00011645775602192155,1.1993409568331824e-08,0.0003745008339489614,6.52528358495145e-05,6.508449470528379e-07,1.7002032437409744e-05,0.0023571508371393163
13,4.12061197197231e-06,0.9701321004616068,6.474413321660035e-06,2.5498037169538024e-06,0.000498521832081653,5.33450719000164e-09,1.7889714433291597e-05,4.670995715919556e-06,2.96604576059823e-05,3.503194388535804e-06,0.0005882309073320034,0.000976793947547647,3.0246119023224582e-06,0.012447496319810897,6.9289672076779595e-06,1.0549593428293252e-05,0.008321218272525004,2.1314993141480917e-07,3.952165328109901e-05,1.0866939668474239e-08,0.0004444647428684809,0.00015119642225940564,3.006799175260091e-07,1.0726477021498803e-05,0.006299826568677361
14,6.427870111159042e-06,0.9595355235684121,2.4539700793355126e-05,7.491023976753451e-06,0.0004274200150568262,3.142260832552755e-08,3.323797563680689e-05,5.74830416621775e-06,0.00010630426703434557,2.0427271142303786e-05,0.00020584017537940858,0.0008576088939451246,4.158485937920042e-06,0.012545389541201046,1.2164456964425508e-05,7.12379275145921e-05,0.013896299410308618,5.073169490424232e-07,6.957416826790033e-05,3.413567321178815e-08,0.0004711626933576518,0.0001043987956519229,1.8825924238593375e-06,4.695978231258431e-05,0.011545630205174878
15,3.6267882702606966e-06,0.9748567117419173,1.3636938324097134e-05,6.047695339615012e-06,0.0004527796079303694,1.2374655078721157e-08,1.898363591636034e-05,2.7311704441621095e-06,4.6769878569809046e-05,1.2385975194255061e-05,0.00016966649378945224,0.00035819804500551185,3.580508558555117e-06,0.008643854056847344,4.541932739139928e-06,2.4692656171068178e-05,0.010528201724535235,4.542908287304514e-07,6.352840765166125e-05,2.0085370295891663e-08,0.0005837173324529921,5.9504057376135796e-05,1.1596414800506208e-06,3.1189833890559485e-05,0.004114005126741975
16,3.8906356130329665e-06,0.9753584397203757,8.565205915874721e-06,4.629770599417982e-06,0.0003156522625639355,8.62516048576871e-09,1.71995583487208e-05,3.5044278316443516e-06,3.27631556734055e-05,8.126689973390718e-06,0.00021808922224315875,0.0004991376308413306,3.1382389503228232e-06,0.008849638301923174,5.618944230081466e-06,2.0323868837706653e-05,0.009924784498271721,3.7865752940603876e-07,6.22956697896062e-05,1.2881145770038946e-08,0.00044950061971792376,8.952521978922639e-05,6.465517390748274e-07,1.5466352264278586e-05,0.0041086632906715105
17,5.4497758633661555e-06,0.9651960054996735,1.856544370760018e-05,4.822483730463174e-06,0.0008965549569868067,8.826897211653682e-09,3.0875767466028024e-05,2.5459154767863975e-06,5.009109760855123e-05,6.745632404648709e-06,0.0002734599373233708,0.0005653006659126845,5.1596481293626895e-06,0.0132996459129891,2.1254575992008534e-06,1.480968583092828e-05,0.014247792078906554,6.471737855481594e-07,4.234515197970015e-05,2.196519234957906e-08,0.001195987995866588,6.218385913223803e-05,1.3787186738348826e-06,4.523042748763976e-05,0.004032245921375913
18,2.176863808033575e-06,0.9584504352382724,1.514772264749943e-05,2.6412247476489643e-06,0.0003536106174207369,9.329517357955192e-09,1.932951052354287e-05,1.9953438936830974e-06,4.446395722764809e-05,1.0744953318480403e-05,0.00013742755436110698,0.0005888290996484877,2.2663830276512425e-06,0.013630171074149992,4.8701843982299634e-06,3.855178038460457e-05,0.014385023168154692,2.7285331934399536e-07,4.779850141433656e-05,2.1106214809412418e-08,0.0007056924033200868,5.260157936070768e-05,1.2407039895854488e-06,4.1637513941040124e-05,0.011463041332938597
19,1.8518027094736979e-06,0.9809136333669684,8.39571354537674e-06,8.96611200255238e-06,0.00048187393429795385,1.5189941617902836e-08,1.4708734377163117e-05,1.9112199770340816e-06,6.130228458398157e-05,1.565228773145842e-05,9.016510843319703e-05,0.00028967610348374045,2.611637175841725e-06,0.007485893743042007,5.32523407944267e-06,2.095021602257605e-05,0.006732320293440942,2.7900330984154183e-07,5.349008249229243e-05,1.932187843867965e-08,0.00026988491500400634,5.349311102106382e-05,1.0172223473721736e-06,2.80919171317223e-05,0.003458471445002539
20,2.2760080328239833e-06,0.9818677671550902,6.437392380160807e-06,4.6971333942206725e-06,0.0002883884090603894,8.817109038326493e-09,1.3581834542774717e-05,2.8704262750805615e-06,3.85400716010307e-05,1.0839024014869595e-05,0.00014817471233352072,0.0002455947294535999,3.354822653588266e-06,0.007997496017017448,5.113948496935467e-06,1.4615837319144872e-05,0.006004598408871131,2.7928065267616907e-07,6.599243016767047e-05,1.556631356632704e-08,0.00038295808679889113,9.611690718353916e-05,5.046683415453063e-07,1.3954088419321683e-05,0.002785824224476872
21,6.921569637463583e-06,0.9634712178184873,3.121617806891219e-05,6.095865834799838e-06,0.00047497525343161867,7.133084237805721e-09,2.2229495912278405e-05,3.0092031886667874e-06,3.9454784054651376e-05,1.0344069591820362e-05,0.00018837875171426384,0.0006565844153563724,5.637075109828705e-06,0.013067431890061926,2.344183872364232e-06,3.496447097726109e-05,0.016123576236374733,9.241987437570857e-07,4.2954610389593554e-05,2.8246099305337992e-08,0.0009429514194242768,4.1101425302027156e-05,1.6273653114866665e-06,6.160324404342455e-05,0.004764421095927657
22,5.604935625927181e-06,0.9666303077446549,2.1208771226102143e-05,5.739898479817062e-06,0.00037190306629959687,1.2118113168660111e-08,1.2648966112758978e-05,4.0912026178735175e-06,2.2556274157292302e-05,1.6637611747776364e-05,0.00021244705395582927,0.0002348836327973138,3.7192860491793717e-06,0.00878429864373386,2.619016889750414e-06,2.222682627550127e-05,0.020095689511703284,8.599013489538414e-07,6.0909578024021994e-05,2.1062257441825646e-08,0.000978771862211385,5.729854720450396e-05,1.4681524800351815e-06,2.0514368628886754e-05,0.0024335619674048454
23,3.6267882702606966e-06,0.9748567117419173,1.3636938324097134e-05,6.047695339615012e-06,0.0004527796079303694,1.2374655078721157e-08,1.898363591636034e-05,2.7311704441621095e-06,4.6769878569809046e-05,1.2385975194255061e-05,0.00016966649378945224,0.00035819804500551185,3.580508558555117e-06,0.008643854056847344,4.541932739139928e-06,2.4692656171068178e-05,0.010528201724535235,4.542908287304514e-07,6.352840765166125e-05,2.0085370295891663e-08,0.0005837173324529921,5.9504057376135796e-05,1.1596414800506208e-06,3.1189833890559485e-05,0.004114005126741975
24,1.485835390911811e-06,0.9837218574796172,6.270794103128097e-06,6.679022408893176e-06,0.00026989260456554095,6.4787082173763955e-09,1.0178047992550519e-05,1.7897400233515142e-06,2.5566014024263662e-05,1.0917562997913113e-05,7.965521124823045e-05,0.00017987374178083187,2.2141046709713637e-06,0.00616191653373935,2.925740774857079e-06,1.5458150998065526e-05,0.007062414440923703,3.218350150580616e-07,6.008246638626479e-05,1.2013400452878571e-08,0.0003607582306218088,3.7225136570033165e-05,7.542014091510911e-07,1.705796021595609e-05,0.0019646866524131827
25,7.834937777620698e-06,0.9565185631351456,2.1717646060849003e-05,7.398114220244368e-06,0.0011817174015611544,1.2883294676197552e-08,5.114960219786978e-05,1.1136338171748689e-05,4.445921616013915e-05,8.529362818446628e-06,0.0006708004935910199,0.0008659263186848586,6.625401570067894e-06,0.016689792647237824,3.373878872293062e-06,2.4744625970140708e-05,0.018050143983510607,1.624060687293899e-06,7.320621859520622e-05,3.706905389595527e-08,0.00179127611440495,9.461486742829273e-05,1.446150828960457e-06,2.800777154048245e-05,0.0038458617606157257
26,7.02864904005793e-06,0.9645397864743834,4.585686041696793e-05,1.2252674282104378e-05,0.0010411110060695003,2.1536428315228065e-08,1.9270561388345976e-05,1.9700759343548303e-06,0.00011450811728720704,2.6521024633321793e-05,0.00014394009359425323,0.00031349976120984056,5.099960673732614e-06,0.014392718089235984,2.730414313750645e-06,3.091161737730502e-05,0.013402894252047472,1.2751565246929584e-06,4.659598201131878e-05,4.774194073543834e-08,0.0009344928730139768,3.0423278658403603e-05,4.909508351962752e-06,0.00014833333554757205,0.004733800955635658
27,2.841834516061519e-06,0.9798357524621356,8.727429903127553e-06,6.657908866401868e-06,0.00040957840366290927,1.6953631558291726e-08,1.6840163896980265e-05,2.8197309201953895e-06,8.213635341265282e-05,1.556645194173536e-05,0.0001424957139520773,0.000336196502420962,3.389222089931745e-06,0.008142262280135247,7.820961694404298e-06,2.4504848210840342e-05,0.005789773175657209,3.16775408401605e-07,7.541515010472112e-05,2.085291614906961e-08,0.0003146868050585412,9.469590414539234e-05,8.377618799284617e-07,2.8664883579709753e-05,0.004657981469859301
28,3.6267882702606966e-06,0.9748567117419173,1.3636938324097134e-05,6.047695339615012e-06,0.0004527796079303694,1.2374655078721157e-08,1.898363591636034e-05,2.7311704441621095e-06,4.6769878569809046e-05,1.2385975194255061e-05,0.00016966649378945224,0.00035819804500551185,3.580508558555117e-06,0.008643854056847344,4.541932739139928e-06,2.4692656171068178e-05,0.010528201724535235,4.542908287304514e-07,6.352840765166125e-05,2.0085370295891663e-08,0.0005837173324529921,5.9504057376135796e-05,1.1596414800506208e-06,3.1189833890559485e-05,0.004114005126741975
29,3.6267882702606966e-06,0.9748567117419173,1.3636938324097134e-05,6.047695339615012e-06,0.0004527796079303694,1.2374655078721157e-08,1.898363591636034e-05,2.7311704441621095e-06,4.6769878569809046e-05,1.2385975194255061e-05,0.00016966649378945224,0.00035819804500551185,3.580508558555117e-06,0.008643854056847344,4.541932739139928e-06,2.4692656171068178e-05,0.010528201724535235,4.542908287304514e-07,6.352840765166125e-05,2.0085370295891663e-08,0.0005837173324529921,5.9504057376135796e-05,1.1596414800506208e-06,3.1189833890559485e-05,0.004114005126741975
30,3.6267882702606966e-06,0.9748567117419173,1.3636938324097134e-05,6.047695339615012e-06,0.0004527796079303694,1.2374655078721157e-08,1.898363591636034e-05,2.7311704441621095e-06,4.6769878569809046e-05,1.2385975194255061e-05,0.00016966649378945224,0.00035819804500551185,3.580508558555117e-06,0.008643854056847344,4.541932739139928e-06,2.4692656171068178e-05,0.010528201724535235,4.542908287304514e-07,6.352840765166125e-05,2.0085370295891663e-08,0.0005837173324529921,5.9504057376135796e-05,1.1596414800506208e-06,3.1189833890559485e-05,0.004114005126741975
31,1.418893761237365e-06,0.9730640142764936,4.501981119539047e-06,9.096440629458282e-06,0.0018631202153083974,2.6965459104498466e-08,2.6423987879239018e-05,5.89416962365054e-07,0.00019255267010471604,1.0109682847780916e-05,0.00022892480958255053,0.00036790698127445306,3.4904006757065467e-06,0.010618381278278478,2.125443751957535e-05,1.015315370345476e-05,0.004652162702911431,1.5071465866743521e-07,9.447416376033253e-05,2.610613794255204e-08,0.0003446987704744644,9.34909674159499e-05,1.3521780108813977e-06,6.613522710275834e-05,0.008325543577927868
32,3.342304916899866e-06,0.9758451651534616,1.2422463068279823e-05,6.51499744098515e-06,0.00042848222981050336,1.297859261748288e-08,1.989619151383862e-05,2.779713212441473e-06,4.565635876199597e-05,1.3068272471309384e-05,0.00016436788251121892,0.00033099290000334995,3.7391821068570383e-06,0.007921157717776676,5.11099165591192e-06,2.6810280195740415e-05,0.010454617916139762,4.643658821434642e-07,8.136960195561807e-05,2.0351402014879097e-08,0.0006165431106182897,6.249500076320137e-05,1.1663434373227586e-06,3.058643174711119e-05,0.003923217260554196
33,4.827988536029799e-06,0.9761670701598599,7.33798009401228e-06,5.690286564651898e-06,0.00028060789000154424,4.506632339888705e-09,2.313756345461668e-05,3.6540183934284024e-06,1.223374181006822e-05,3.4841957416526983e-06,0.0002247601408942571,0.0006121919216295034,5.495657189915099e-06,0.00396169534292996,2.1035873842276435e-06,2.2752607860557572e-05,0.016124428957990582,4.7583954497761207e-07,6.685490854482301e-05,1.0122719919064664e-08,0.0006011048040530174,7.45567545780446e-05,4.886797195837146e-07,1.72864586878114e-05,0.0017777458851846073
34,5.279174442474216e-05,0.9707459420086219,3.677141705172729e-05,1.5120252696569398e-05,0.001263046192090038,3.044927413519549e-08,7.135723282699555e-05,7.388936212100104e-06,0.00010866910651928627,1.1310407882148125e-05,0.0010389465071771295,0.0006558369738756734,2.0455772326187592e-05,0.007213495906322575,1.1031451955615856e-05,2.7524945508406296e-05,0.012907620235724443,2.4885052951583297e-06,0.00024409598067816031,2.7228647536120982e-08,0.0017674638368099622,0.00017687213651918507,1.9614201176437764e-06,6.278979205297415e-05,0.003556961559389771
35,8.75496893465482e-06,0.9756437234213817,1.6918833827091266e-05,6.55556160809675e-06,0.00030965505358768175,1.5590950830985386e-08,2.336891970064213e-05,5.390995949364485e-06,5.123248533774994e-05,1.391594874411818e-05,0.00022089187176716063,0.0005486129958602315,5.735211941020174e-06,0.006989709880512668,3.903808946262324e-06,4.158499869897482e-05,0.011772643896614747,9.406115710400837e-07,9.046466191907254e-05,1.9130283808663583e-08,0.0005873940974168142,0.00010086540931217459,1.0118771170344555e-06,3.210034290852846e-05,0.003524589425108478
36,2.3857092684493574e-06,0.982210536943702,6.0377355106445075e-06,5.204878534601086e-06,9.156526272660892e-05,9.94767025630864e-09,1.2060611255514769e-05,5.6675733364527954e-06,3.2246371413500415e-05,1.5873675222087975e-05,7.032023034972782e-05,0.0003461185073541719,2.519250328339508e-06,0.006770586528518348,3.876986669082616e-06,3.4921231556238336e-05,0.007693637772827615,3.6104042895145276e-07,6.286270396505557e-05,1.1275047708767822e-08,0.0001925128728939525,0.00011016010274031447,4.2870423620287697e-07,7.642775519656655e-06,0.0023224513089245527
37,1.0457009582001374e-05,0.962903276472755,4.3542339504636214e-05,6.634862979139788e-06,0.0008872876643221725,1.0384162827652154e-08,3.352043129395126e-05,2.1525073225151763e-06,7.094550683522066e-05,1.1462100994406202e-05,0.00023471295378990595,0.0005755039320954105,8.718851216612186e-06,0.01339991151452226,2.4158340172736025e-06,2.785555007964237e-05,0.015158769097798794,1.1161660777308692e-06,5.0660908977300634e-05,3.599746497448745e-08,0.0013311298253840967,4.586573340891202e-05,2.23727915765412e-06,0.00011003765391058744,0.005081739422346999
38,2.766129363051335e-06,0.975742940949918,1.127148843179573e-05,4.653622287790365e-06,0.00047609059638434813,8.167539000992121e-09,1.2130458985991594e-05,2.171959971977391e-06,4.273674346484089e-05,9.928714701493615e-06,0.00016108448438202993,0.0003387116143342998,2.567019840629521e-06,0.010269812944666586,3.3786412364967147e-06,1.471885648724957e-05,0.00832074299604445,3.052392886358256e-07,3.652735694374213e-05,1.5652848560145852e-08,0.0004353256063103817,5.218432904936532e-05,8.36742878281443e-07,2.584372390664704e-05,0.004033245960734356
39,7.156838770433683e-06,0.9546833610654872,2.1863586802212413e-05,6.181019863115551e-06,0.0004211914952431513,2.5704560355871764e-08,4.956604362780698e-05,1.0595432087120907e-05,3.605829876195003e-05,1.2890489907952746e-05,0.00033008467085622644,0.0009208182928909413,5.333375148582801e-06,0.007307211433923478,6.0045635582503146e-06,8.928941999729735e-05,0.028230828869855187,8.473962971901445e-07,0.00011860375235163831,2.8851717096617122e-08,0.0012485715620286963,0.00011426812021428385,1.6316046370902763e-06,3.226424675630386e-05,0.00634532386465666
40,5.0202752591077e-06,0.9744285784300244,1.3635660220642914e-05,3.466908093183129e-06,0.00043972885650606075,1.0406588504095664e-08,1.6323122955190205e-05,2.3102414375889765e-06,3.819705718041355e-05,6.93850347318694e-06,0.00021330238007857716,0.0005357207166395924,3.2725942089764913e-06,0.00804509848022349,4.961531115201123e-06,1.5779363890621594e-05,0.01055177699088153,2.065166710166717e-07,2.9622939472173143e-05,1.3716405255640524e-08,0.00037451335148632213,8.49662591718062e-05,6.155184282909721e-07,1.970705655129606e-05,0.005166233123037858
41,3.907412003454676e-06,0.9756551920704896,1.345278996004353e-05,8.40927208773324e-06,0.0006094533464892681,1.765033992985645e-08,1.887388039835794e-05,2.8003301133080887e-06,6.309206963183048e-05,1.4589200428429039e-05,0.00018307791667364164,0.0003741410393112163,3.2791861833739564e-06,0.008191641070792847,6.96667103370221e-06,2.5245195725736135e-05,0.009649385972841717,4.2432849402148836e-07,6.721169182086481e-05,2.093685281576586e-08,0.0004447232737589947,6.23186286266139e-05,1.316211693962825e-06,3.3729044690615116e-05,0.004566730809557926
42,2.482986449383751e-06,0.9833888768363303,4.978461554866063e-06,4.844215773508077e-06,0.00020470212879954229,1.3501517472707372e-08,1.614686912504898e-05,3.860022964950385e-06,2.9887864955900242e-05,1.0391631758587065e-05,0.00013495690304240988,0.0003101929383356786,3.520328825707674e-06,0.0035029003017447097,6.81394549772057e-06,3.2289765068387476e-05,0.008947506512186912,2.0603573493957833e-07,0.00010944612372882662,1.2284292531422019e-08,0.00029642153564325024,0.00015298552984133252,3.86800617260088e-07,1.2393655590437682e-05,0.002823782820620228
43,2.784150003935558e-06,0.9757595912543342,1.482556437841534e-05,9.197493563266267e-06,0.00044639668338573033,4.469778073881616e-08,1.9226326296345797e-05,4.817563555817906e-06,7.723220110887206e-05,4.479612885882246e-05,0.00014138233355143412,0.00018037188310244704,3.6320769975343916e-06,0.00869687780096391,8.802256995272307e-06,4.0896353128519945e-05,0.00975023449819951,6.194704667919902e-07,0.00013628632562287876,3.716904103125408e-08,0.0007187892783647095,9.330715924535328e-05,1.8156356265775427e-06,2.690740997637737e-05,0.003821128285451468
44,3.6267882702606966e-06,0.9748567117419173,1.3636938324097134e-05,6.047695339615012e-06,0.0004527796079303694,1.2374655078721157e-08,1.898363591636034e-05,2.7311704441621095e-06,4.6769878569809046e-05,1.2385975194255061e-05,0.00016966649378945224,0.00035819804500551185,3.580508558555117e-06,0.008643854056847344,4.541932739139928e-06,2.4692656171068178e-05,0.010528201724535235,4.542908287304514e-07,6.352840765166125e-05,2.0085370295891663e-08,0.0005837173324529921,5.9504057376135796e-05,1.1596414800506208e-06,3.1189833890559485e-05,0.004114005126741975
45,5.707654317268432e-06,0.9750572393520421,9.951577918660739e-06,2.8430888476366776e-05,0.0013169683790987632,7.143445487846661e-08,0.00010932213157765273,7.929705956989327e-06,0.00017509208857187042,1.763896949186154e-05,0.0003548433222208508,0.0007878661803253814,8.199602424258687e-06,0.005522427970740628,3.901936297452132e-05,7.70954547953274e-05,0.009363946886870296,7.494781498016508e-07,0.00033576263464754174,4.678312942322286e-08,0.0004993535230724252,0.00017079014805407102,1.90826409422347e-06,4.763504576461363e-05,0.006062003160830158
46,5.565932223210161e-06,0.9563975995934477,7.20695505391613e-06,5.0496825788611905e-06,0.00019363748809262375,7.716199716152128e-09,1.0759853686084383e-05,2.481268587694027e-06,6.2464780032395995e-06,3.560994622485683e-06,0.00016470858310452737,0.0005550759950421416,2.654420362749956e-06,0.0018789104041702762,3.4981932828943497e-06,2.8697402096766477e-05,0.03802284918074163,1.6889732750170177e-07,3.7686073990713714e-05,6.3261098612671365e-09,0.0002541688924769942,7.643482306594401e-05,5.955585424637e-07,1.220205426311806e-05,0.002330227232926779
47,3.6026314989070056e-06,0.9723921365690256,1.5176229887694567e-05,6.9714800645109385e-06,0.0005491376977353965,1.4316818321324003e-08,2.0553672349890723e-05,2.9006574063051672e-06,5.300405678435432e-05,1.4279331837076187e-05,0.0001842963498030368,0.0003478546963227225,3.5855834103583413e-06,0.010004127137181126,4.993529092679214e-06,2.5451107949619113e-05,0.011129409730517252,5.379328705127962e-07,7.044975751731126e-05,2.3289036091394365e-08,0.0006943715957602563,5.670429058827303e-05,1.4633125628165396e-06,3.4654833734677146e-05,0.004384300210245242
48,3.582983949798059e-05,0.6974999421676882,0.0002118773610010972,1.4385474667213794e-05,0.029351027329407076,1.7502745461548927e-07,0.00032235018929124804,7.5672177180905455e-06,0.004672247692090503,3.88211550982969e-05,0.004147280718598918,0.0035217394659745878,2.9202516794560677e-05,0.1441241748300944,4.586366183076725e-05,6.380700818207425e-05,0.00582278604297506,4.9555561308427355e-06,0.00015633562774079325,5.552463954696537e-07,0.0062999130590858194,0.00017519307819292683,1.2907434927444342e-05,0.0016206705554988343,0.10182039174366328
49,4.571492153565899e-06,0.9722168430989683,1.8166283456790475e-05,5.7789927825102335e-06,0.0005102304573512293,1.6636729603979154e-08,1.9386404595922226e-05,3.285414727763995e-06,5.2544890769326746e-05,1.3013409682399298e-05,0.00019525992335993981,0.0004786973214309845,3.7423770980319646e-06,0.009508548145820308,3.928591190243786e-06,2.595747314476639e-05,0.011637546463882183,4.799767510292069e-07,4.3558574591420056e-05,2.442760997854045e-08,0.0005444014354452187,6.496860749575516e-05,1.2733465571409606e-06,3.4019982566201715e-05,0.00461375627183931
50,2.3527978174530006e-06,0.9785632235096451,1.157997711474585e-05,4.7266769217673395e-06,0.000281459101222731,1.1304802501147044e-08,2.156359480383746e-05,3.4808676162420903e-06,4.971677187219079e-05,1.774386403147342e-05,0.00011676677637591901,0.00025547195073650505,3.821239629380578e-06,0.009658180929029788,4.21698799680398e-06,2.244679578051386e-05,0.00684325566065668,3.8504827654553534e-07,8.325389106486021e-05,1.867760449830132e-08,0.0005946456513940002,7.404976529335954e-05,7.107709678754901e-07,1.7449863505875292e-05,0.0033694675258390014
51,5.830815654245066e-06,0.9627991198500051,2.3827181452561036e-05,7.118163335069791e-06,0.0007585340742485429,2.0879743080829237e-08,3.4596552066160905e-05,3.4238376624497688e-06,7.301253371905392e-05,1.553077616751676e-05,0.0002594574763950957,0.0005186311229578049,5.155864423563939e-06,0.01113932873420884,6.113436270718996e-06,4.063684384918422e-05,0.016366679164261218,7.395772748710041e-07,8.894817094212588e-05,3.294660972337052e-08,0.0010728801262946612,6.967841046188316e-05,2.183041696318374e-06,6.007953379914479e-05,0.006648440886500999
52,6.08615821762445e-06,0.9808836473002435,1.546901464378954e-05,2.4118907824268116e-05,0.00019348378990122745,4.506778476759888e-08,1.0416085349504507e-05,9.181026294520603e-06,8.013133817589551e-05,0.00012398181449107298,0.00013097790922621326,0.0001530554440362195,6.749086820932417e-06,0.008265268639012857,1.4543720534382843e-05,8.563467829459615e-05,0.00716427475314691,2.5805975955276314e-06,0.00029504009439594554,5.8921348035690614e-08,0.00032221626766697263,0.00013000132428235098,1.5924210655268726e-06,2.326099345091656e-05,0.002058184646196281
53,4.451810272636179e-06,0.9613312118441877,1.7536784050613347e-05,5.814599399495142e-06,0.0006647433006461705,1.955585258692201e-08,7.68596628847764e-05,4.436517460466312e-06,8.949451829809243e-05,8.848390081482834e-06,0.0002656625268060383,0.0010645461838197342,4.893236587783781e-06,0.012918943625607178,7.4908651580322344e-06,4.734812836011725e-05,0.012953862335994703,5.851423177980697e-07,7.660362108657251e-05,3.211909555857372e-08,0.0008915195390099823,7.225421532507017e-05,1.8062856269586422e-06,4.62509524961398e-05,0.00944478423957428
54,5.7722801277489866e-06,0.9724825441560201,1.7103289806357103e-05,8.568742196078071e-06,0.0006272234196200743,1.619936333244937e-08,2.5512044548904275e-05,3.5461711065734655e-06,4.569616062994974e-05,1.2787051619299392e-05,0.0002491774790591391,0.00033777648368883765,5.2542042629099286e-06,0.008102463597130644,4.2218752037817505e-06,2.386169932574699e-05,0.013836173598843399,7.992569819713886e-07,8.86561241878501e-05,2.347227021125596e-08,0.0009673055217069937,6.771546451633626e-05,1.6123191635480046e-06,3.5591141962239854e-05,0.003050598246658087
55,1.0262140302905478e-06,0.9818009715583252,6.446135196626279e-06,2.6772907173397117e-06,6.610646037837792e-05,5.853980556204158e-09,1.4807097612840546e-06,2.3965463895685873e-06,5.429102817286899e-06,3.191643262786203e-05,5.143213665521623e-05,2.2563591252387426e-05,1.0036849144840947e-06,0.004846847252600965,3.221303930099395e-06,1.0863527031390415e-05,0.011769287837614757,1.6105722277756872e-07,4.4335809786246584e-05,9.710188498916533e-09,0.0003212518747279155,5.059063256340132e-05,4.152993055250317e-07,2.4844828086361615e-06,0.0009570754951732106
56,3.71063312734107e-06,0.9753535418581726,1.3465749551465657e-05,5.964720980229289e-06,0.0004425894447618601,1.1791817508925635e-08,1.956265749935518e-05,2.7135596525193247e-06,4.600435554247926e-05,1.1807766645635829e-05,0.0001699484623409479,0.00036525512324548406,3.847503709634567e-06,0.008494348345423156,4.3674962357468765e-06,2.4179974446881496e-05,0.010316672619907857,4.5744828270405275e-07,6.416949498259976e-05,2.027981317284458e-08,0.0005920498238781444,6.140947745295489e-05,1.1150843770494111e-06,3.1656263869324824e-05,0.003971130064283509
57,2.4263140990161372e-06,0.9809604881089289,7.99759067233463e-06,4.312385618093466e-06,0.0002715954558003968,7.678019425407194e-09,2.1747486388178e-05,2.3318273672710824e-06,2.9353119601637494e-05,8.131686611592066e-06,0.00013572528425901472,0.0003441050849455666,4.0310359871980476e-06,0.005221917104490919,3.5181941715076423e-06,2.540835019909625e-05,0.00894985121194674,3.258234356626585e-07,0.00010398884390142888,1.265042605098318e-08,0.00064480423236699,6.61033255361829e-05,6.198414049848583e-07,2.3594349074007528e-05,0.0031676030147481764
58,3.5850274594305085e-06,0.9743618787339998,1.5154891061794845e-05,6.713847139660214e-06,0.0005768276917320564,1.2990213141616452e-08,2.168511994207672e-05,2.1597318839322004e-06,5.841856455107098e-05,1.2494301487108945e-05,0.000167326785339171,0.000378801859736159,4.360956940650154e-06,0.008791140847590988,4.603038154285989e-06,2.6706946780581548e-05,0.01009320909605135,4.7535634076035723e-07,6.831030870494843e-05,2.5754972745835584e-08,0.0006606400034985402,5.438898117752524e-05,1.4250136921654071e-06,5.193165560296529e-05,0.0046377224959472775
59,3.5250812286483694e-06,0.9728131255970413,1.7195210604694936e-05,6.250393390727256e-06,0.0005607262792061333,1.3412493953705148e-08,1.941413369328189e-05,2.203313031415352e-06,5.664595153991489e-05,1.4185272864093398e-05,0.00015936470330149606,0.0003472861827030806,3.936034871521149e-06,0.009565029203230815,4.151808406561029e-06,2.6867777387851065e-05,0.010816694960780332,4.882721884795234e-07,6.0383111411260156e-05,2.643566311010012e-08,0.0006860344493840871,5.047835523570372e-05,1.5202575430264004e-06,5.022284177078445e-05,0.004734230961028014
60,3.6267882702606966e-06,0.9748567117419173,1.3636938324097134e-05,6.047695339615012e-06,0.0004527796079303694,1.2374655078721157e-08,1.898363591636034e-05,2.7311704441621095e-06,4.6769878569809046e-05,1.2385975194255061e-05,0.00016966649378945224,0.00035819804500551185,3.580508558555117e-06,0.008643854056847344,4.541932739139928e-06,2.4692656171068178e-05,0.010528201724535235,4.542908287304514e-07,6.352840765166125e-05,2.0085370295891663e-08,0.0005837173324529921,5.9504057376135796e-05,1.1596414800506208e-06,3.1189833890559485e-05,0.004114005126741975
61,4.082035451274091e-06,0.9714687387354342,2.0352324702645835e-05,6.474142523656401e-06,0.0006166935458371678,1.4038206599382362e-08,2.053999968822731e-05,2.3518046501712965e-06,6.468098830553902e-05,1.543133364693175e-05,0.00017194245904713468,0.0003580731892227629,4.3013090786441295e-06,0.010633568177223943,4.042088656654606e-06,2.702508797232911e-05,0.010712993998656304,5.670040242945855e-07,6.136735774888933e-05,2.8516856355077165e-08,0.0007665091017885724,5.0820194456112384e-05,1.6540087783466483e-06,5.6635787159791514e-05,0.004931112770883363
62,3.6267882702606966e-06,0.9748567117419173,1.3636938324097134e-05,6.047695339615012e-06,0.0004527796079303694,1.2374655078721157e-08,1.898363591636034e-05,2.7311704441621095e-06,4.6769878569809046e-05,1.2385975194255061e-05,0.00016966649378945224,0.00035819804500551185,3.580508558555117e-06,0.008643854056847344,4.541932739139928e-06,2.4692656171068178e-05,0.010528201724535235,4.542908287304514e-07,6.352840765166125e-05,2.0085370295891663e-08,0.0005837173324529921,5.9504057376135796e-05,1.1596414800506208e-06,3.1189833890559485e-05,0.004114005126741975
63,2.741278788374391e-06,0.9792490189101474,1.0251489662872106e-05,5.090137244111782e-06,0.0003307591877044712,9.15217598038979e-09,1.3870969745025937e-05,2.214360200291411e-06,3.553777830849072e-05,1.0808858810169686e-05,0.00012776960984807576,0.00028949841728177463,2.939269996195691e-06,0.007130580952314207,3.7504829243477157e-06,2.035057762972178e-05,0.00887049359091894,3.3283318445435303e-07,5.371146892186644e-05,1.5474913312699332e-08,0.0004388944401300717,5.277594159162738e-05,8.492034585877921e-07,2.3939151274097187e-05,0.0033237964628255144
64,3.8072444426000354e-06,0.9715866736263276,1.6579172421921482e-05,5.619912601748303e-06,0.0005003461792936516,1.1228593264885384e-08,2.2507195805790866e-05,2.721665947407462e-06,4.1894073391962994e-05,1.1920231198806877e-05,0.00018488472044703443,0.0003349442142251692,4.1993138903315735e-06,0.009656359516474262,3.649445299651717e-06,2.4259263029335874e-05,0.012534931006862787,5.667798029914088e-07,7.149357137992168e-05,2.230394342038633e-08,0.0009618719575336304,5.477424335284185e-05,1.3704723910851037e-06,3.505513826448539e-05,0.003939537523078127
65,1.6577024415907695e-05,0.9128371072671494,1.3715062936786835e-05,4.723188361481399e-05,0.0017238028134022605,1.3844461370812933e-07,0.0001587670790242935,1.1316421028982902e-05,3.845654877083146e-05,1.1521044973668505e-05,0.0010595593085942693,0.0009762237109551909,7.153722478553597e-06,0.002558415426958449,3.961842365743956e-05,0.0001259088461942613,0.0724366520940798,2.4405136320631985e-06,0.0009210619944298796,2.5526086372943016e-08,0.0021065601777655357,0.00012860635750142817,7.612456735629883e-06,4.341005550434165e-05,0.004728117795496117
66,6.121334466434561e-06,0.9731060981159485,2.2789726158896924e-05,6.525458915850188e-06,0.0005571625927621797,1.2514178894748587e-08,2.909622958672457e-05,4.216180644671481e-06,5.341311199271578e-05,1.3924714099155272e-05,0.00023197436370399143,0.00043230470663616565,6.6339167411545045e-06,0.010034215226766733,3.847611631968021e-06,2.871477330167937e-05,0.010793771569589801,7.556871286852333e-07,6.908911336934458e-05,2.9332744848100132e-08,0.0008328444359307592,7.1975910945976e-05,1.0416814357735675e-06,3.4358236335193933e-05,0.003659083454984155
67,6.669775170979101e-06,0.9493934596531557,5.201633915527003e-05,1.006612876782993e-05,0.0006745045220562036,1.9751114111247536e-08,2.403366090439558e-05,3.743104685537632e-06,4.087476161107711e-05,2.5377346877543678e-05,0.00021784739165224014,0.00029567979954857906,5.584103403465609e-06,0.014928223118918485,3.17784031662871e-06,4.0621476987479235e-05,0.027606178004105305,1.6447903021572316e-06,7.410745653710016e-05,5.235434205828267e-08,0.002134707878069816,3.453094561137752e-05,5.183023587468634e-06,6.988021822475495e-05,0.0043518165548946846
68,3.278686168548816e-06,0.9586981233040704,2.8373954005449512e-05,7.155215529726057e-06,0.0008760874555257542,1.6969207447097127e-08,2.1700354515314083e-05,1.9660482323658847e-06,0.00012173943638284457,1.9836154084795925e-05,0.00015624793873220109,0.0005034003640845783,3.504156731101704e-06,0.02132780069682625,4.7347472313752336e-06,2.433912817799091e-05,0.008698703867415537,4.963067259747552e-07,3.552897785958539e-05,3.953009078707747e-08,0.0006071181056780807,3.91943533273797e-05,2.3239937801539986e-06,7.847492074114885e-05,0.008739815334875544
69,4.169296553472042e-06,0.9640281162604113,2.58199902389827e-05,6.292785059832954e-06,0.0005421808890598169,1.563321761918122e-08,2.651795881852687e-05,3.9813361838740634e-06,6.303637710804978e-05,1.955395040640184e-05,0.00019200668842473954,0.0004028984068212071,4.478737658859282e-06,0.015356877986592854,3.972240320542338e-06,3.4544526019110926e-05,0.012507971912427019,8.86508480426928e-07,7.313569166593913e-05,3.5827484475310774e-08,0.0011750833894748776,5.395328664610648e-05,2.0058807031733437e-06,4.6218980833961614e-05,0.0054262454593890065
70,4.313229406321969e-06,0.9704706715779542,1.6933028129976215e-05,1.1208901399871662e-05,0.0013116270684357656,1.982900409605898e-08,3.0804894205527514e-05,2.8240848162877737e-06,0.00010049223981861836,1.1635048134006358e-05,0.0002469219164846863,0.000481035018238111,3.810090457013938e-06,0.01247834827780196,6.9115362148248975e-06,1.607469199559796e-05,0.0088598550632227,4.525162161798829e-07,5.2645436765446254e-05,2.5546894162074037e-08,0.0005833662085053345,5.761062569791171e-05,1.8383603855361052e-06,4.36302453348087e-05,0.0052069445644810156
