,0,1,2,3,4,5,6,7,8,9,10,11,12,13,14,15,16,17,18,19,20,21,22,23,24
0,0.00012526178018837313,0.00011872410422662338,4.448081409452178e-05,3.416223293099406e-07,0.00010535222063274862,0.00030853704681286614,5.821092851681556e-05,0.0003044958345174995,0.026732021922034173,6.696379486242952e-08,0.003002450582608088,7.102763170616486e-05,1.5151103167294934e-06,2.782314410931693e-07,0.0032760182343984263,0.0013916003692852736,3.5842512371344586e-06,3.533718028198845e-06,0.9631111443158025,1.3185896647824105e-07,2.331009011813911e-05,0.0005598894333259801,4.1152113709410183e-07,0.0007569035392507134,7.078752301908379e-07
1,0.00026308157831712013,0.00025198419250202725,0.00011909642338948712,9.794983282094666e-07,0.00010183995995605937,0.0003904722305359691,0.00014427647415093438,0.0003783094627966583,0.03149281512617466,2.1793686032659965e-07,0.003515374572470248,0.0001454587993058441,1.5356841849301718e-06,5.17776987910186e-07,0.0028784677481063984,0.0014275030724950463,2.932883136158274e-06,6.419578498774766e-06,0.9568873572702655,1.5124513448626537e-07,3.135968673633929e-05,0.0006624862365417008,9.506078419124153e-07,0.0012949366561966513,1.4752990865062385e-06
2,0.0003102954865374619,0.00032239970656568553,0.00011593900623550082,9.867107336151724e-07,0.00019291515346913816,0.0003852230155625963,0.00020572271693336143,0.00044430084190050847,0.032442107492901356,2.177705204040486e-07,0.005336402795402481,0.0001729119157522217,1.82949354281216e-06,7.976436726041093e-07,0.004611545304472098,0.0013273417196711591,4.3087411957775775e-06,6.8208350805574385e-06,0.9520339438388649,2.1261874927133125e-07,3.049736685339292e-05,0.0008157629095009012,1.428097894693826e-06,0.0012336898317202786,2.3989862673933275e-06
3,0.00027143966723602137,0.0002868664050626402,0.0001191283664150207,1.1719704795800765e-06,0.0001309772186339172,0.00039443056214074647,0.00017412750561402295,0.0004141535470623458,0.030024990639510345,2.1840649278285304e-07,0.004999536499919508,0.00017710630906539655,1.6882473471175905e-06,7.256923997308588e-07,0.003241394573943511,0.0012482907950563907,3.967913199873147e-06,6.812085686870298e-06,0.9562141756177709,1.7499446934306753e-07,3.481823987250063e-05,0.0008294880884047366,1.4405469986991815e-06,0.0014209873099439298,1.8887972740126556e-06
4,0.0002809597660273726,0.00029061421819610573,0.0001208750783598886,1.2287899109370366e-06,0.00013447038211116788,0.000398331120180278,0.00017665078399388022,0.0004003468846256352,0.030298441152569255,2.2160290357058145e-07,0.0050277014756902935,0.00019237457236115078,1.9694834889467992e-06,7.691044389038325e-07,0.003147999455890833,0.0012104802379414017,4.440776052536325e-06,7.0981867716741404e-06,0.9559034188208,1.8655740410298878e-07,3.7530915509782156e-05,0.0008665510506222092,1.5399116059476276e-06,0.001493772237387299,2.02743515694687e-06
5,0.0003097901053252074,0.00029620961319406033,0.00013222122385915403,1.4659079500856446e-06,0.0001231694900353515,0.00042751528720470463,0.0001773745563121866,0.0004119593133008697,0.03096284343970945,2.54567130941394e-07,0.005267800344811847,0.000202334520283278,1.9589764638502653e-06,8.255068724138585e-07,0.003015364394285852,0.0012518001309040207,4.610887456130948e-06,8.77072979477118e-06,0.9547034604314069,1.9653767619732747e-07,3.917326999772961e-05,0.0009397771404537374,1.6542741298797202e-06,0.0017173365271400056,2.1328243017111757e-06
6,0.00027143966723602137,0.0002868664050626402,0.0001191283664150207,1.1719704795800765e-06,0.0001309772186339172,0.00039443056214074647,0.00017412750561402295,0.0004141535470623458,0.030024990639510345,2.1840649278285304e-07,0.004999536499919508,0.00017710630906539655,1.6882473471175905e-06,7.256923997308588e-07,0.003241394573943511,0.0012482907950563907,3.967913199873147e-06,6.812085686870298e-06,0.9562141756177709,1.7499446934306753e-07,3.481823987250063e-05,0.0008294880884047366,1.4405469986991815e-06,0.0014209873099439298,1.8887972740126556e-06
7,0.00045333908969449383,0.0002556206683926381,0.00016286977578626566,8.955952161924003e-07,0.00010900768926395537,0.00036231887915600937,0.0001566260827545518,0.00037050907065252635,0.022417938036516434,2.2236112649095961e-07,0.0037699369301759955,0.0001413830675251576,1.7590214630635218e-06,5.68220488524603e-07,0.0015985351218193867,0.0008198305690250165,3.16487277205721e-06,7.2097448541911805e-06,0.967383077947582,1.375942917184627e-07,2.4288415540551325e-05,0.00043184541096254544,1.1974170835783168e-06,0.0015261308028753687,1.5876149812180723e-06
8,0.0004167748635190721,0.0004230702616699549,0.00020579767143309578,1.8164977747881661e-06,0.0001486404895472448,0.00042689583114788657,0.00025107994891136325,0.000462387724823716,0.03083993049422446,3.1224759032767544e-07,0.005214812232534683,0.00023664846173918197,1.9771353865841193e-06,9.048902164393361e-07,0.002388998954021025,0.0011782386999805452,3.423513445725935e-06,6.609436190753258e-06,0.9551756085762892,2.0648852764930877e-07,3.412360603956617e-05,0.0006111331077053736,2.2952659324083202e-06,0.001966070856747451,2.242744601427857e-06
9,0.0003209324231378355,0.00040679474943803277,0.00020446229917874095,2.3284889912211885e-06,0.0001200446654057137,0.0004885749202157576,0.00023720707274880543,0.00043742609831218135,0.040079486888464556,3.5350040625458007e-07,0.004782696953298174,0.00028749962188717227,2.2678637372557387e-06,8.636456311805871e-07,0.0030771831470989964,0.0015835169525064395,3.713256772081693e-06,7.907624032179786e-06,0.9448876336191694,2.3252161506373664e-07,5.408282460390406e-05,0.0008827418016761201,2.105997057537297e-06,0.002127551734825432,2.3913297900050984e-06
10,0.00027143966723602137,0.0002868664050626402,0.0001191283664150207,1.1719704795800765e-06,0.0001309772186339172,0.00039443056214074647,0.00017412750561402295,0.0004141535470623458,0.030024990639510345,2.1840649278285304e-07,0.004999536499919508,0.00017710630906539655,1.6882473471175905e-06,7.256923997308588e-07,0.003241394573943511,0.0012482907950563907,3.967913199873147e-06,6.812085686870298e-06,0.9562141756177709,1.7499446934306753e-07,3.481823987250063e-05,0.0008294880884047366,1.4405469986991815e-06,0.0014209873099439298,1.8887972740126556e-06
11,0.00028014778167884076,0.0002883737556831425,0.0001219576727271334,1.2070105117232617e-06,0.00013493686005671866,0.00039694443181725376,0.0001771335466842239,0.0004131637600074013,0.03006305483099711,2.2493040526736969e-07,0.004982884826333538,0.00018616600641749905,1.905230172107922e-06,7.489648783914417e-07,0.0031416149830830087,0.0012478401838119275,4.2604127647548606e-06,7.029936640440574e-06,0.956191878225608,1.8793072351752683e-07,3.638738993192874e-05,0.0008357545383323943,1.5077739270813257e-06,0.0014827304100879146,1.958606718652134e-06
12,0.0005194818722552953,0.0005707653944200137,0.0001116223115822051,1.5729112074693093e-06,0.0003398186520262163,0.0007610008057687379,0.00022190569719904855,0.0002639159146375393,0.038952327277415245,3.8461060624565864e-07,0.006124362867515068,0.00018128391174268248,3.4662893146714267e-06,2.4033554272303014e-06,0.0034859014516028255,0.0009432561939784257,1.420060189800533e-05,1.5437070560846907e-05,0.9447490664407899,3.665452799363809e-07,4.870327817834873e-05,0.0010690084502661041,2.903907317092615e-06,0.0016105082546716168,6.335934339364231e-06
13,0.00031261358739718704,0.0002495040680504583,0.00010633682570411605,7.005894681651564e-07,9.101620772739423e-05,0.00046759161577480203,0.00010322771418741019,0.0002044216187400387,0.031459840179680926,2.5098378566869795e-07,0.0018986289184681425,8.41362582931244e-05,1.518618006709184e-06,3.4502394811739085e-07,0.002329193004913115,0.0011964395161801998,2.863676701596706e-06,6.657701407964838e-06,0.9597456920605759,1.5090819130968506e-07,2.4317010038395477e-05,0.0004508856851151876,6.788753108423951e-07,0.0012614584141074883,1.5309382257513082e-06
14,0.0002185758268500922,0.00040831262851958276,6.193674973024873e-05,8.186993210364655e-07,0.0001583600722941426,0.00029986770783690925,0.0001723781626541073,0.0003494236785638044,0.017926889063105463,2.944385872870031e-07,0.0046939636917755784,0.00010041317245481462,8.518070420717587e-07,8.155832422114078e-07,0.0023854452045826307,0.0008886687264072051,2.795753510264241e-06,4.757348742898598e-06,0.9706205128089892,1.7028905273466638e-07,1.9625449291960664e-05,0.0005650215799068421,1.5392826862573361e-06,0.0011171528195924449,1.4094552600268824e-06
15,0.00027143966723602137,0.0002868664050626402,0.0001191283664150207,1.1719704795800765e-06,0.0001309772186339172,0.00039443056214074647,0.00017412750561402295,0.0004141535470623458,0.030024990639510345,2.1840649278285304e-07,0.004999536499919508,0.00017710630906539655,1.6882473471175905e-06,7.256923997308588e-07,0.003241394573943511,0.0012482907950563907,3.967913199873147e-06,6.812085686870298e-06,0.9562141756177709,1.7499446934306753e-07,3.481823987250063e-05,0.0008294880884047366,1.4405469986991815e-06,0.0014209873099439298,1.8887972740126556e-06
16,0.0002740541186076092,0.00028725325973070137,0.00012003764311061082,1.1744556141932286e-06,0.00013208394918005098,0.00039849277347444825,0.00017357961757788286,0.0004134946425083603,0.030203729300958417,2.172208593856213e-07,0.005032602635434811,0.00017606849543568167,1.69662051681162e-06,7.272399378549164e-07,0.003237195489914309,0.0012490223768800138,3.9860868063231935e-06,6.835737554273267e-06,0.9559966014213954,1.7553723769754535e-07,3.455182559404174e-05,0.0008227133722900617,1.4438389204232448e-06,0.001430369890344941,1.8924501154435643e-06
17,0.00026302114642603547,0.0003139184857797695,0.00012094726167887748,1.6925022838638862e-06,0.00018387320065984847,0.0003809334983139401,0.000249565394839885,0.0005552990907457345,0.0286083063572705,2.5981335290716644e-07,0.007687729317483958,0.0002877053713391486,2.6872365261938448e-06,1.2706382424862695e-06,0.0036507333955595085,0.0012976322294719303,7.314366728632204e-06,8.120475610130224e-06,0.9532486272804993,2.743052009323883e-07,4.8942595792954665e-05,0.001377778947767875,2.792916181549632e-06,0.0016978332540201894,2.7409182238021097e-06
18,0.0003420466942910385,0.0002971288203861558,0.00012623585321065286,1.2092848642597598e-06,0.00017277206119509548,0.0004151305461287877,0.00023829179317693896,0.00039003096246668565,0.03163270461136767,2.831285839871473e-07,0.005327260390579195,0.00023803327758841478,2.7143543693160637e-06,1.0308259135236294e-06,0.004030422207052777,0.001125818608371632,6.976825230955206e-06,1.0587545579738534e-05,0.9529635031565882,2.3416968320751624e-07,4.7252521314358504e-05,0.0011987358058278754,1.8077148804639592e-06,0.0014262454244882597,3.5434168606289436e-06
19,0.0002579008024017032,0.0003363846422981298,0.000148721173442764,1.7180341321534195e-06,0.00012990586598109124,0.0003493828550549648,0.00027041919307140797,0.000531041759832392,0.03616895519495766,2.7430397550930035e-07,0.005228174241214723,0.0003204071589697701,2.1442596320241058e-06,8.645280201595136e-07,0.003978997251332896,0.0015592635182759473,3.975620926085996e-06,7.196299339486039e-06,0.9480198670254181,1.9491658365890372e-07,5.1234003864313564e-05,0.0011614906846591677,1.7231174516342294e-06,0.0014674055561899148,2.35799297438389e-06
20,0.00020718347958953155,0.0002651844165133175,0.00011386734387411005,1.2903756889622462e-06,0.00011285960184626671,0.00032791016532660825,0.00019544022568482495,0.0006135972469317615,0.028995274291613252,2.1956317199840631e-07,0.005613768547983055,0.0002201171621569421,1.390151561226305e-06,7.407989187143038e-07,0.005052553763015684,0.0015293345478040279,3.7489082168101247e-06,6.7961433030003076e-06,0.9542625307981883,1.6522132494561343e-07,4.240070464498407e-05,0.0012907348575182586,1.4028327520252426e-06,0.0011396051407413948,1.8837116298872937e-06
21,0.00027128860198425277,0.0002865152257554386,0.00011895485990474074,1.1660664068661387e-06,0.00013136162890665717,0.0003942696238970981,0.00017385792760048568,0.0004128353311427256,0.02994157543296582,2.173493595221932e-07,0.0050084697091981704,0.00017631009182577796,1.6839931975036444e-06,7.237001751093216e-07,0.0032445776269721806,0.0012401585744893035,3.976917160997308e-06,6.787519207045892e-06,0.9563007901260214,1.7459695832091134e-07,3.4715698928941635e-05,0.0008278272161272232,1.443942321870407e-06,0.0014184274358505704,1.890803642058124e-06
22,0.0003429816958821812,0.00022850884597942037,0.00011828452778097196,9.970721273944264e-07,0.00013003261472416172,0.0004466107284484798,0.00013307801602145195,0.00038641854683049253,0.02801165342321218,2.0499219709203793e-07,0.005509166793062566,0.00012937447912144963,1.6842993631995347e-06,6.458600763477807e-07,0.003255196464989566,0.0011692679194561823,5.459120459189976e-06,1.0297577723556435e-05,0.9576271478391613,1.7197135590090127e-07,3.257627045213181e-05,0.0009295720908647704,1.2439380554563442e-06,0.0015274757034749145,1.9492091797759074e-06
23,0.00027143966723602137,0.0002868664050626402,0.0001191283664150207,1.1719704795800765e-06,0.0001309772186339172,0.00039443056214074647,0.00017412750561402295,0.0004141535470623458,0.030024990639510345,2.1840649278285304e-07,0.004999536499919508,0.00017710630906539655,1.6882473471175905e-06,7.256923997308588e-07,0.003241394573943511,0.0012482907950563907,3.967913199873147e-06,6.812085686870298e-06,0.9562141756177709,1.7499446934306753e-07,3.481823987250063e-05,0.0008294880884047366,1.4405469986991815e-06,0.0014209873099439298,1.8887972740126556e-06
24,0.0002753887195738256,0.0003281859013579519,0.00010658434844530888,1.2753058036689863e-06,0.00012236896610266668,0.00038296732758086056,0.0001586332862137627,0.00038217507014094883,0.026591106786275114,2.4829169026154006e-07,0.00463664561490383,0.00016938104314378634,1.6884040090321236e-06,8.239099557331917e-07,0.0024597393696418157,0.0011624066329407143,3.89120412752014e-06,6.547010127739801e-06,0.9608745648812143,1.9498819055599822e-07,3.085186379562298e-05,0.0007466860471254138,1.5728943227800576e-06,0.001554369531769397,1.7026015473981874e-06
25,0.00021351587364378788,0.0002966505891345309,0.00011743493436961427,1.7886570964657687e-06,0.00015364732991650064,0.0003688291098425404,0.00023025967066042164,0.0008557756000356629,0.02500921368869606,2.319211058331574e-07,0.009489070793221116,0.00023140598129331916,1.4043171658371546e-06,1.2217049898824843e-06,0.0031819518565181244,0.0015917086884194053,4.074342641445055e-06,6.418257946988219e-06,0.9555814620836554,2.013647790586585e-07,3.9405825691310646e-05,0.0010479784740950755,2.3500461610779635e-06,0.0015724815758782027,1.517313042322504e-06
26,0.00041813103203818815,0.0002410507464426446,0.00012649989119474427,9.887293385775931e-07,0.00011678555630837013,0.00044399689559023435,9.931209921275876e-05,0.00023320074895815575,0.02888465566248155,1.7533053231020752e-07,0.004265225691128477,0.00011702065551238905,2.171634218761905e-06,4.824143153933648e-07,0.0014034071852952641,0.0008600877393287866,4.3116331543839864e-06,7.959898833173812e-06,0.9597283952869238,1.757999928330443e-07,2.6356102370310877e-05,0.0004944590037407092,1.3891246415269766e-06,0.002522409572559229,1.3515658874399357e-06
27,0.0002272713681312963,0.0002715021481886974,0.00010476508447672362,1.2012678709435767e-06,0.0001172476543042298,0.0003727423661172952,0.00015924481042357483,0.00044514489966897687,0.029035421612926358,2.111978261864495e-07,0.0052020190625794325,0.0001750607123394928,1.4882650880252782e-06,7.152555815794214e-07,0.0036053270014063006,0.0013462011112692087,4.038251601573087e-06,6.696011700102045e-06,0.9565092019199459,1.7084194370198e-07,3.679177365416663e-05,0.0010238078753502227,1.4202006116188026e-06,0.0013505858641715326,1.7234428228929629e-06
28,0.00027143966723602137,0.0002868664050626402,0.0001191283664150207,1.1719704795800765e-06,0.0001309772186339172,0.00039443056214074647,0.00017412750561402295,0.0004141535470623458,0.030024990639510345,2.1840649278285304e-07,0.004999536499919508,0.00017710630906539655,1.6882473471175905e-06,7.256923997308588e-07,0.003241394573943511,0.0012482907950563907,3.967913199873147e-06,6.812085686870298e-06,0.9562141756177709,1.7499446934306753e-07,3.481823987250063e-05,0.0008294880884047366,1.4405469986991815e-06,0.0014209873099439298,1.8887972740126556e-06
29,0.00027143966723602137,0.0002868664050626402,0.0001191283664150207,1.1719704795800765e-06,0.0001309772186339172,0.00039443056214074647,0.00017412750561402295,0.0004141535470623458,0.030024990639510345,2.1840649278285304e-07,0.004999536499919508,0.00017710630906539655,1.6882473471175905e-06,7.256923997308588e-07,0.003241394573943511,0.0012482907950563907,3.967913199873147e-06,6.812085686870298e-06,0.9562141756177709,1.7499446934306753e-07,3.481823987250063e-05,0.0008294880884047366,1.4405469986991815e-06,0.0014209873099439298,1.8887972740126556e-06
30,0.00027143966723602137,0.0002868664050626402,0.0001191283664150207,1.1719704795800765e-06,0.0001309772186339172,0.00039443056214074647,0.00017412750561402295,0.0004141535470623458,0.030024990639510345,2.1840649278285304e-07,0.004999536499919508,0.00017710630906539655,1.6882473471175905e-06,7.256923997308588e-07,0.003241394573943511,0.0012482907950563907,3.967913199873147e-06,6.812085686870298e-06,0.9562141756177709,1.7499446934306753e-07,3.481823987250063e-05,0.0008294880884047366,1.4405469986991815e-06,0.0014209873099439298,1.8887972740126556e-06
31,0.0003262225160723962,0.00027876340609698017,0.0001323381041220554,1.0396968833753902e-06,0.00010707794359500933,0.00032525878389898905,0.00016464539960869753,0.0004942596566784224,0.02182389447182651,2.4478406750389035e-07,0.004019867602218936,0.00014623849097775268,1.4002445650508437e-06,6.537367460660634e-07,0.002111436579560834,0.0009742631773951397,3.2184130196623686e-06,6.497000467385082e-06,0.9672026456303021,1.551454179357232e-07,2.73259572364049e-05,0.0005899105037641326,1.3197592641119086e-06,0.001259830667062877,1.4923291512743534e-06
32,0.00014202700001904808,0.0006405992515969437,0.001335333789554717,0.0006096173839531453,0.005911336341145954,0.0024025545366506904,0.006525559977267283,0.0011011915100998047,0.7314315877504997,8.82182259205177e-07,0.08931641103999728,0.008366720803274176,3.770952730656671e-05,5.275881447286034e-05,0.07054321681867029,0.05534891716790602,6.584929664526005e-05,8.447247649170044e-05,0.014146050206970446,1.4154290663631576e-05,0.001001316224504407,0.00653322815310054,8.419879817237407e-05,0.004054554157883374,0.0002497525008946408
33,0.0001559246045156727,0.0002152564760882151,6.858363779377814e-05,1.3860375887461504e-06,0.00010895674984335286,0.0003963331579756645,0.00011753070341100401,0.000504279846122952,0.016131433989221896,2.712509724020677e-07,0.00569262414676996,0.0001337519024690266,1.911331066686698e-06,9.790206031802865e-07,0.0016024020302942725,0.0014066284916397999,6.473320649525034e-06,6.0316164192535825e-06,0.970583979225889,2.492969280023929e-07,3.556654047104735e-05,0.0010411275785035972,2.3852429342096e-06,0.0017848507028524901,1.083098976313375e-06
34,0.0002758227946995547,0.00027439121571479647,0.00011308076219292506,1.0196282592136908e-06,0.0001204896333116812,0.00036959799635088796,0.00015508266632951255,0.00037331298234156854,0.029314846704332025,1.9217925308849375e-07,0.00454366818668619,0.0001617776345929535,1.5871499321652539e-06,6.375199548956494e-07,0.0029228152276022613,0.0011077245620131158,3.6296144521428503e-06,6.42578871347198e-06,0.9581223196080985,1.533434999010883e-07,3.186354356199087e-05,0.0007433817485282241,1.2389920006332252e-06,0.0013532427329142644,1.697784664208752e-06
35,0.00047518728644579424,0.00020632543977116744,0.0001421405781861957,9.31905493334305e-07,7.338936764872098e-05,0.0002443700617592164,0.0001626915201635705,0.00042315786963491813,0.03362987445510029,1.9673102868004775e-07,0.002925322820485876,0.0001905027958014534,1.571076785134082e-06,3.8600621872959966e-07,0.0018985114755868317,0.0008908778010504475,2.767742197029544e-06,1.1749840809848297e-05,0.9565587635887783,1.051360985968719e-07,3.181735130247565e-05,0.0007212390958501124,6.686632727392509e-07,0.001405993702418384,1.4576881123074532e-06
36,0.0002093258173227749,0.0002222260117519445,9.993934340680436e-05,1.0724506236276434e-06,9.10796172823952e-05,0.00022042473950743884,0.00019592361931133602,0.0006496608915119797,0.02457709710583299,1.877509281339998e-07,0.004093978480800051,0.000303201027476663,1.9712200250061096e-06,7.104863674381049e-07,0.003540780190335671,0.0015387336378086883,3.5049472279617983e-06,5.367681260271137e-06,0.9621239160842566,1.638967595995613e-07,3.469564686015082e-05,0.0011218087816248562,1.0646032998000437e-06,0.0009615222793496927,1.6436890680506091e-06
37,0.00025197540959091185,0.0002872009791889264,0.0001166212505513038,1.174654176936153e-06,0.0001365597568724177,0.0004047953728709065,0.00017967154123086797,0.00043458705902308173,0.031033888662484826,2.1410725531003439e-07,0.0051401569235639665,0.0001817968135891771,1.69005446543935e-06,7.578170692192903e-07,0.0036759439299133205,0.0013320309955444519,4.023661264045258e-06,6.5520070865480276e-06,0.9545741389154567,1.777652369946061e-07,3.614447954052293e-05,0.0008698084652708694,1.4316247498664877e-06,0.0013266970944832643,1.960659520271459e-06
38,0.00033463542329738923,0.0002614936030353262,0.00012401161337211386,7.538822084190322e-07,0.0001286146427549459,0.0005128702276099768,0.00014874526854671683,0.00029253905165279307,0.029777640520874192,2.1820904503028995e-07,0.0036006917453564936,0.00011044272172868933,1.369156456597898e-06,5.55438696898806e-07,0.003198342445719248,0.0012223634988229811,2.7590143556006313e-06,6.579222291453747e-06,0.9585473675206205,1.2468681295099803e-07,2.456174054665881e-05,0.0004946411221793117,9.089776105393387e-07,0.0012059055829194932,1.8646834856006053e-06
39,0.0001984790520032479,0.00015875503379428595,0.00012459436238898458,9.599627596818033e-07,8.779173349287745e-05,0.0004660587797458666,0.00013089108605484782,0.00046150231626904614,0.023869166180729987,2.143209056438851e-07,0.0035480700729698107,0.00013571196751995923,1.7866153754085102e-06,4.606291505997758e-07,0.002837978345022017,0.0014878765663247934,3.914378612037332e-06,6.311942630770656e-06,0.9645017259320126,1.4989078935219927e-07,4.483614112854891e-05,0.0007129921902532347,1.0695288159469635e-06,0.0012172762223858096,1.4267488648454183e-06
40,0.00031157796872548086,0.00034959447349233237,0.00014947921413132527,1.1774604322685613e-06,0.0001518795117824002,0.00041516763185570386,0.0002309617031720586,0.00037473402858271345,0.03765616454107327,2.0706249815960378e-07,0.005259407499132916,0.00024516969566538657,1.907466243600442e-06,8.523779343972196e-07,0.004602633873761304,0.0010929538021440172,3.834609021328763e-06,6.8895838568813166e-06,0.9469480941517902,1.5073401795872098e-07,4.06764376713992e-05,0.000905325426515638,1.4635621730004531e-06,0.0012468372891446089,2.8598951818244592e-06
41,3.8219425443040506e-05,0.00011163287947697296,1.8694650553480166e-05,1.2650432580290458e-06,7.483205815532411e-06,0.00016229151369333335,2.9116044028256705e-05,0.00022110096853871994,0.0034433674296328394,2.559979409517997e-07,0.003063822769734779,0.00012528236802309895,4.4820310635609757e-07,8.840165190926094e-07,0.0004264942578054939,0.0002685389207876759,4.841516364056089e-06,5.092213817989784e-06,0.9884844058587924,6.698293079731866e-08,5.2357070815410034e-05,0.0024637719152178646,2.1408253309856017e-06,0.0010679545161620659,4.7140621094625367e-07
42,0.004285818732885875,0.0026156755292292113,0.0005415302480085494,3.474530162154788e-06,0.0041296055864299885,0.0018337134155908075,0.0011403208805847293,0.00024367011877467223,0.19147162253258337,4.01954597920995e-07,0.026062162546710173,0.0003731549760508182,7.200894256831191e-06,8.704285684783273e-06,0.007281186884946725,0.000830091146216859,1.8252472620713074e-05,3.747612333859389e-05,0.7542297446316578,7.038015454647561e-07,4.175937607822045e-05,0.0005378521547377007,8.741295031620165e-06,0.004261796717646425,3.533916463004759e-05
43,0.00015320146699611013,0.0002005975982428692,7.75100088583913e-05,9.421658678327616e-07,7.747474860427182e-05,0.0004277409361015175,0.00011251421725824133,0.0003703430711162419,0.02031142871053302,3.431587089934984e-07,0.002973138308550169,0.00010611742752722864,1.3390807473698956e-06,5.569224780739406e-07,0.002498681157903405,0.0013947683600545218,3.8387761877249345e-06,6.98007140358692e-06,0.9690835829070151,1.7576860980679552e-07,4.555569389924973e-05,0.0009342368713648113,1.2136239883891292e-06,0.0012164293673622526,1.2895806207617265e-06
44,0.00027143966723602137,0.0002868664050626402,0.0001191283664150207,1.1719704795800765e-06,0.0001309772186339172,0.00039443056214074647,0.00017412750561402295,0.0004141535470623458,0.030024990639510345,2.1840649278285304e-07,0.004999536499919508,0.00017710630906539655,1.6882473471175905e-06,7.256923997308588e-07,0.003241394573943511,0.0012482907950563907,3.967913199873147e-06,6.812085686870298e-06,0.9562141756177709,1.7499446934306753e-07,3.481823987250063e-05,0.0008294880884047366,1.4405469986991815e-06,0.0014209873099439298,1.8887972740126556e-06
45,0.0002310899776897494,0.00022136620205080878,0.00013486705942137705,1.1927192151179258e-06,0.00013015753699152793,0.0004293516460558599,0.00018684455840942168,0.0006740406654828964,0.031736840263417575,2.123977550661528e-07,0.005621219513838019,0.000172271858508599,1.4895094545476022e-06,5.98487718914454e-07,0.005433566715069679,0.002299754975542641,3.2597993733285665e-06,6.726843427380975e-06,0.9505381979339381,1.7492938810783727e-07,3.415621578973297e-05,0.0009065160456341321,1.1231229164694017e-06,0.0012333052837146963,1.675739196514407e-06
46,0.00018989493425556982,0.00018813280067741674,9.206620940459652e-05,1.4365688763177397e-06,9.251549344536652e-05,0.00044034714176396635,0.00010169971156453036,0.00040876560089400866,0.01847464762745162,2.1237147916728396e-07,0.0054429416997785925,0.00016018270659015824,2.491320737200639e-06,7.883016680352271e-07,0.002458276514019433,0.001177234013269153,9.635414974230647e-06,7.511461124724541e-06,0.9676290886342894,2.394288807178846e-07,4.6090705386595984e-05,0.0013762562918600435,2.1575750336869643e-06,0.0016956475705501989,1.7399020251594117e-06
47,0.0002883035448710319,0.00022127645819185898,0.00010700772709728387,8.86803341262527e-07,9.516415737486191e-05,0.0002848626871494496,0.0001589439223011027,0.00031887891667100986,0.0284655138015014,2.0446542015678197e-07,0.0031220566851544573,0.00020954869315526885,2.1929634980397847e-06,4.923567378818455e-07,0.0027757205442714,0.0012338383448528905,3.855881770044862e-06,6.781302186899363e-06,0.9604500411316492,1.6032843017568078e-07,3.541683830152964e-05,0.0008772899396736682,9.886181272679972e-07,0.0013387133630976065,1.8605251740285178e-06
48,0.00018093480831221824,0.0002344204559867932,6.537878138133402e-05,7.108544894205935e-07,7.620400225087983e-05,0.00030091188631420536,9.232353207170953e-05,0.00026340925151168066,0.017376453563137457,1.7633747482136202e-07,0.003208476876172621,9.731308911629729e-05,1.0346756692092506e-06,4.9379052639157e-07,0.0016207324972669862,0.0007688597708180259,2.8587957675171374e-06,4.165574541418531e-06,0.973966494455132,1.1454133687045893e-07,2.2625703086216788e-05,0.0005684649545538554,1.078106915357124e-06,0.0011453883106768543,9.753854901411605e-07
49,0.00028501361127349393,0.00030459327896931903,0.00014278499586100013,1.5110015909042475e-06,0.00011830486420539603,0.0004296432767955287,0.00018422386035138742,0.00043315244902116727,0.0317706006464301,2.51531593878283e-07,0.005209941500541803,0.00021918207380321482,1.9152025125165814e-06,8.250811666858469e-07,0.003277315882916602,0.0012896727980096884,4.278737768655981e-06,7.81594287223508e-06,0.9537019333179524,1.858739284367056e-07,4.218409506891319e-05,0.0009656029326406838,1.6860799546419343e-06,0.001605233741039843,2.147223731362242e-06
50,0.00026346140098153795,0.00029909042388500176,0.00011961854256058834,1.04179644150355e-06,0.00015307075808584307,0.0003145880160092352,0.0003039486453220577,0.0005617725283240751,0.020046341541858477,3.494450589360655e-07,0.004623330295279593,0.00021483743290203806,1.678857042899991e-06,9.325715776035598e-07,0.003442419996421485,0.0011594231475336614,3.953620989432084e-06,6.2467564455689354e-06,0.9665354214334305,1.8140238630581386e-07,3.55962235202045e-05,0.0008706976100043792,1.857360848714947e-06,0.0010375918502487861,2.5483428413843544e-06
51,0.00022378103812995017,0.00045298163373474456,8.010024199295653e-05,1.4494291021825387e-06,5.425111816748535e-05,0.00022520779183682262,0.00011435979276249278,0.00035481710678146274,0.02423012854229482,1.8897409821387658e-07,0.0038690837903064016,0.00019779271149776337,7.739160653821018e-07,8.490839331763e-07,0.002270946794856781,0.0006108476324007609,2.654402082890489e-06,5.880427855063064e-06,0.9652094662499502,1.020985519816108e-07,2.8384455063528717e-05,0.001065626596600009,1.0894961937818436e-06,0.000997905752833954,1.3309229072731137e-06
52,0.0002856075412973244,0.00027430080538105406,0.0001197994430103377,1.122640777943808e-06,0.00013310461535307665,0.0004279657044673028,0.00016547206320781404,0.0004100429081756167,0.030759390446236774,2.1936914749117213e-07,0.005091338015867537,0.00016096848600268902,1.6533163033296532e-06,7.203027203431579e-07,0.003399171602571587,0.001294444021685631,4.046993896902429e-06,7.575286031124767e-06,0.9551716674487009,1.7241190657962208e-07,3.35594412827821e-05,0.00082850533377355,1.348406143619346e-06,0.0014258874177815967,1.9159782772467405e-06
53,0.000258181674351944,0.0003569959138450067,0.00016728791189812481,1.8313868433308123e-06,0.00026601274470092033,0.000405152638005479,0.000494442373424448,0.0008347045833290038,0.04066497345307182,3.1507819324004093e-07,0.008537431391622476,0.00038082089235029866,2.406575401252678e-06,1.2183567841758108e-06,0.007038517632257588,0.002205282822033307,4.702155295243663e-06,7.449708277551054e-06,0.9355486497497213,2.615936613430003e-07,5.654913016505491e-05,0.001327250866172929,2.529160049461932e-06,0.0014336071152539983,3.4250932906253255e-06
54,0.00031644305518998644,0.0004168414364427749,0.00011682692275531772,1.1017813827673784e-06,0.00014120546271413392,0.000413256127943033,0.00019503638574039597,0.00033016845632009834,0.03169669543211845,2.5651715003927883e-07,0.00420284743349981,0.0001865789110165748,1.4875699496365958e-06,9.294600997853511e-07,0.004466963882660099,0.0011119057026273689,3.4382633922508373e-06,6.1998523914268855e-06,0.9545193531352892,1.7145494302242766e-07,2.7017331873635858e-05,0.0007682423240143376,1.353037059469785e-06,0.0010727980237009238,2.8820397255792754e-06
55,0.00041927967261669275,0.00029150342439971907,0.00017357617955046057,1.3772788528982802e-06,0.00010372224729650828,0.0003325834300866005,0.00021747194007694227,0.0003193970253777432,0.05968044860490173,1.8498390684402086e-07,0.0032924154049557863,0.00035387303732520666,3.0242753056816782e-06,5.1725944035773e-07,0.002768820933392784,0.0013292152642127607,2.8210627634484587e-06,9.109039994753112e-06,0.9280814516829703,1.484226682686952e-07,4.3749206619733995e-05,0.0007333919194754366,8.48781376841587e-07,0.0018389365510815062,2.1323713508399604e-06
56,0.0002760468396600921,0.0002870911265203382,0.00012051485828311192,1.1939925860275666e-06,0.00013142660559057213,0.0003906988517165159,0.00017668202202482218,0.0004101028520877462,0.02945635198399777,2.2231946612393605e-07,0.004961552151370787,0.000187153442723219,1.8463631848429715e-06,7.490325175216488e-07,0.003120071998352012,0.0012125789908004887,4.159179731160723e-06,6.870577065924876e-06,0.9569256463439663,1.806747880874419e-07,3.611004636588923e-05,0.0008359062705771535,1.5064918717393695e-06,0.0014533869170651715,1.9500676866385905e-06
57,0.00031146916924389763,0.00030734903372846235,0.00013524720063527962,1.247198123094886e-06,0.00015807547288391357,0.0005130007172511049,0.00017868559505938012,0.00041483707865106145,0.034248869986560126,2.201773928191714e-07,0.006241199090536328,0.00015071375672910312,1.4874893161206378e-06,7.997030785979922e-07,0.0037122415282943183,0.001281443301700426,4.013027625933499e-06,8.058876875224168e-06,0.9499295092565466,1.6834155137236844e-07,3.464812862125751e-05,0.0007921713273760008,1.5424742446154503e-06,0.0015709410810305074,2.06098694439796e-06
58,0.00028184335487251033,0.0002743029004070603,0.00011976126397836234,1.1808310433788745e-06,0.0001212151019601751,0.0003841057611286126,0.00016218244871481474,0.0003793310856104016,0.02882291324120094,2.1036866817726137e-07,0.004869300080085823,0.0001785124430684504,1.773221236090741e-06,6.734291309045944e-07,0.002621750151084859,0.001153440667443413,3.770441421533723e-06,6.681301369575798e-06,0.9581905136904799,1.6944649903611132e-07,3.411894899634663e-05,0.0007533500236711014,1.4897910020430552e-06,0.0016357044778833043,1.705529043232424e-06
59,0.00028320606827569547,0.0002824025764540554,0.00012817216122086933,1.2532734160586802e-06,0.00012311125948760628,0.00039711245125855334,0.0001662778866642145,0.00039916099917382047,0.0306340322617446,2.1551305359694622e-07,0.005012992368692083,0.00018216140564230376,1.7341591759341372e-06,6.704310459142525e-07,0.0028687024301864367,0.0012512983975044376,3.728719495719783e-06,6.824130988855896e-06,0.9557802597403127,1.7536736262871815e-07,3.5837610852826407e-05,0.0007820093042610537,1.4951089899874803e-06,0.0016554304349535173,1.7359397865388981e-06
60,0.00027143966723602137,0.0002868664050626402,0.0001191283664150207,1.1719704795800765e-06,0.0001309772186339172,0.00039443056214074647,0.00017412750561402295,0.0004141535470623458,0.030024990639510345,2.1840649278285304e-07,0.004999536499919508,0.00017710630906539655,1.6882473471175905e-06,7.256923997308588e-07,0.003241394573943511,0.0012482907950563907,3.967913199873147e-06,6.812085686870298e-06,0.9562141756177709,1.7499446934306753e-07,3.481823987250063e-05,0.0008294880884047366,1.4405469986991815e-06,0.0014209873099439298,1.8887972740126556e-06
61,0.0002883019132162501,0.00028304891510634963,0.00012740113782183765,1.2160681548951042e-06,0.0001260277410959576,0.0003886611765539572,0.00017108995500711638,0.00040189472729812545,0.03040018591289365,2.1646668650296952e-07,0.004942680453287774,0.00018378445385771702,1.7808502483473973e-06,6.73232365298504e-07,0.0029095259582746858,0.0012243873542430227,3.793454000715922e-06,6.917597457581501e-06,0.9561078799707701,1.7508092445884214e-07,3.568248881725152e-05,0.0007843940848969326,1.4711746897047888e-06,0.0016070244277620093,1.7854045697853535e-06
62,0.00027143966723602137,0.0002868664050626402,0.0001191283664150207,1.1719704795800765e-06,0.0001309772186339172,0.00039443056214074647,0.00017412750561402295,0.0004141535470623458,0.030024990639510345,2.1840649278285304e-07,0.004999536499919508,0.00017710630906539655,1.6882473471175905e-06,7.256923997308588e-07,0.003241394573943511,0.0012482907950563907,3.967913199873147e-06,6.812085686870298e-06,0.9562141756177709,1.7499446934306753e-07,3.481823987250063e-05,0.0008294880884047366,1.4405469986991815e-06,0.0014209873099439298,1.8887972740126556e-06
63,0.00027183409807331535,0.00030940636359890324,0.0001148745592150237,1.1422848395357568e-06,0.00012707149787335705,0.0003773214486792985,0.00016783661871070158,0.0003828290103856609,0.02873730958855469,2.2049198356177153e-07,0.004731481574167366,0.0001712059054208379,1.6022302649999603e-06,7.208316250120107e-07,0.003089588029122751,0.0011238271887221865,3.843628247510237e-06,6.439065864901554e-06,0.9581717125929159,1.7137396028344422e-07,3.3444928457867135e-05,0.0007956501997075284,1.4419892878858054e-06,0.0013771530725447969,1.871427776265861e-06
64,0.00025475408129047814,0.00029364554524137493,0.00012305825926281545,1.284139502710616e-06,0.00012462535000125037,0.00040941523855727517,0.00017805933621594668,0.00040541633767906236,0.030516193388400326,2.431004355897305e-07,0.004772990142991455,0.00019299248441768162,1.8270550467293674e-06,7.59017484438449e-07,0.0032466579713888,0.0012354617735116358,4.227377111908766e-06,7.066555961622452e-06,0.9558027977024021,1.866387377896507e-07,4.349671293496314e-05,0.0009102876811338575,1.5775468469865876e-06,0.0014709698255406915,2.0067379027153077e-06
65,0.00018863560132541227,0.00043970865314881387,0.00017442104026218076,2.322314260770712e-06,0.00014795554013153882,0.0004920521947019258,0.0004431470901939903,0.0011921983555094838,0.017324728780405634,9.877807799846213e-07,0.0052472713011753064,0.00024299890985401146,1.2911046525148389e-06,1.9014826664703391e-06,0.0058848532363067,0.0017127841375215943,4.838748704966337e-06,7.933102250024643e-06,0.9641387478482618,3.2818706897605304e-07,7.642520936387314e-05,0.001377665439065054,3.7166155188736784e-06,0.000889248855258491,3.8384716115054095e-06
66,0.00035919772948986013,0.00023160746408908928,0.00013990877238237543,9.480091938112962e-07,0.00016454127309193387,0.000518641627931089,0.00015181841716214097,0.0003206651134027042,0.030136873117268235,2.390368860577238e-07,0.004730665779670394,0.00013202454162177793,2.3808240049767374e-06,5.743686290457332e-07,0.0026858667223952277,0.0012002972732063283,5.245166508312934e-06,8.839280015285164e-06,0.9566162076615284,2.1619432021544149e-07,3.908110875380207e-05,0.000649910831165466,1.5142067670606979e-06,0.0019006662930898684,2.0691874265214453e-06
67,0.00025777870974060473,0.000246070130064965,0.00015823530472193785,2.5789969334380782e-06,0.00015484162709961108,0.0010921224752464549,0.00014577124877864555,0.00045285470056274067,0.030225360154544835,3.813776586524351e-07,0.007772250109831396,0.0001844970958028004,3.854898930912295e-06,1.5818572616427332e-06,0.002809432119887629,0.00197876021659274,9.574177910259828e-06,1.1968097736825651e-05,0.9504520932812199,3.9909574852403043e-07,6.360777184920795e-05,0.001041488944623455,3.5796332793509983e-06,0.002928229337080723,2.6886368928047215e-06
68,0.0004153838212831724,0.0003255190340702992,0.0002535152963867923,2.5183188708182687e-06,6.834855095405982e-05,0.0003806377987124443,0.00020114307934505538,0.0004796620114344376,0.040459803406100586,3.1843688647865834e-07,0.004046628794295271,0.00032951239219623313,2.0105686397220233e-06,7.293694385446271e-07,0.0016319892910404933,0.001133030398736289,3.1519024400102425e-06,1.1013548034222884e-05,0.9468903893366308,1.616221398162322e-07,6.246940663274108e-05,0.0008931326396215123,1.6798606402747728e-06,0.00240549638016131,1.7547353085222643e-06
69,0.00027511451325155125,0.0002863794916642725,0.00011893469666581016,1.1524596592185303e-06,0.00013092812714656416,0.0003941478676274175,0.00017376558220661524,0.0004089317562162755,0.030217757316013075,2.1783138342875288e-07,0.004915872154791859,0.00017579140907985724,1.6941325620256024e-06,7.215458875143748e-07,0.0032504824228889867,0.0012389216853883622,3.978731975807302e-06,6.876381169190621e-06,0.9561321065845191,1.7369166385998727e-07,3.439701816635912e-05,0.000826074661281732,1.409365157797872e-06,0.0014022596983752067,1.9108752580617843e-06
70,0.0008634124801140108,0.00042507132901918067,0.0004453308033030148,3.0823139784268523e-06,0.000327962466047054,0.0006235536279615908,0.0005361072053628406,0.0015287154864555973,0.06768812679773466,4.635402649948077e-07,0.008057109254787363,0.000471040640034324,5.137855470334156e-06,1.8177928495181743e-06,0.009167584092324252,0.004242412566577855,8.141071401639664e-06,2.0477035395604417e-05,0.9025724294001652,5.549068014488159e-07,4.4490007797551886e-05,0.0013107798437634716,1.8446165289742799e-06,0.001648052533821687,6.302332039261638e-06
71,0.0003185251772998841,0.0004673545759034115,0.00010965098961079153,1.4235454642508088e-06,0.00032963796425245927,0.00035223616434838784,0.00029457508510160425,0.0004937665355673285,0.03565170723508522,3.914946996807041e-07,0.004849727563833118,0.00023590600479320828,3.6444642433394082e-06,1.0651266910446574e-06,0.003938359942934599,0.0020298649064498667,6.058070940787394e-06,6.273350133734758e-06,0.9482099978972405,6.32392929020828e-07,3.627240319291273e-05,0.0008031832931754236,2.5764351312137184e-06,0.0018543343163781917,2.835064600025536e-06
