,0,1,2,3,4,5,6,7,8,9,10,11,12,13,14,15,16,17,18,19,20,21,22,23,24
0,5.2023482078844026e-06,0.00010636854957416421,3.126178870034006e-05,9.003077821486247e-07,0.008595921347525319,6.655580082203111e-05,2.852628867204092e-07,0.00021372974904406995,0.0041146412493180805,9.437548570161957e-05,1.5277286714368857e-05,0.0002342715992861242,5.133349172461647e-09,0.00020556993185379016,0.01025126424587601,5.112895055520442e-05,6.0759752057870745e-06,8.477549274258116e-08,0.9532807250047095,1.4583130521790595e-08,0.003258723748953553,0.019386180923805688,2.453830417503108e-07,2.5264341467994653e-08,8.11653041219855e-05
1,3.6132880526387434e-06,7.540427502413564e-05,2.6739293121243335e-05,6.847627472267098e-07,0.006278692484691737,5.51955971260161e-05,2.484860319227366e-07,0.00017595551237410993,0.004629517417027608,8.195967134183139e-05,1.1180745360962161e-05,0.00015674069276706463,3.772208452298355e-09,0.00015763417671618907,0.008059714719824548,4.800614123385264e-05,3.3810418030662562e-06,4.854846879949015e-08,0.9649293146554673,1.2740224967492628e-08,0.002436945100463839,0.012805605231557436,1.4942922419405384e-07,1.5656627910052784e-08,6.323656051281241e-05
2,5.3194933621798386e-06,8.990462062198323e-05,2.303566532300489e-05,7.196605459983894e-07,0.006817011349022329,6.726807446830042e-05,2.8028878779046853e-07,0.0001752890691121514,0.0033105240728815285,7.550113872872654e-05,1.3686448912046122e-05,0.00021846659983518175,3.830309185472211e-09,0.00019977402208346627,0.013500296653735781,6.114197007000061e-05,6.020147858524273e-06,6.819390504541825e-08,0.9512433379700765,1.2458784149836265e-08,0.0032190906163730515,0.0208874766438709,3.323299907521689e-07,2.0482540764133347e-08,8.541819880051917e-05
3,5.187924341297137e-06,0.00010524597963231734,3.180863526493189e-05,8.967819500553967e-07,0.00864320251767343,6.743588455999018e-05,2.874110022805617e-07,0.0002119787405798019,0.004185919345766571,9.37972255105931e-05,1.5438615150459712e-05,0.00023474358546917085,5.190164456140188e-09,0.00020613106214721437,0.010213715995047773,5.1542333008666766e-05,5.93722915439162e-06,8.376580738299067e-08,0.953570914954926,1.4719281643070093e-08,0.0032120386309881393,0.019063048816007115,2.4390620107200717e-07,2.5099603044088424e-08,8.035565076232013e-05
4,5.319050952347772e-06,0.00011402439640479978,3.5333471967772436e-05,9.639657833830792e-07,0.009431176546521933,7.200352057847033e-05,3.128387965922416e-07,0.0002083947487359128,0.0043754910195191515,9.771877293815669e-05,1.6355553388644437e-05,0.0002495440484755019,6.241698180803374e-09,0.00023734349854031035,0.010160681777413989,5.228099540489272e-05,5.884227654189973e-06,8.839698457131721e-08,0.9524779526846692,1.5846106918929586e-08,0.003163283769497608,0.01921481147411156,2.53719356414452e-07,2.6513315876067303e-08,8.073292118378482e-05
5,5.4059315224769e-06,0.00011654151364494612,3.46127360269007e-05,1.067473186927085e-06,0.00979703296096551,7.189047882685644e-05,3.039946728720171e-07,0.00023802457249921756,0.004200935843523799,0.00010737390535055844,1.6983300900038135e-05,0.0002559791310557217,5.888151628264731e-09,0.00022327915586438377,0.010158349473190859,5.2395157415368835e-05,6.843234445634304e-06,1.0288807191395335e-07,0.950747750404051,1.630388530489851e-08,0.0036539823129443194,0.020225020980907605,2.656174512228235e-07,2.9485602943283315e-08,8.580725584183196e-05
6,5.187924341297137e-06,0.00010524597963231734,3.180863526493189e-05,8.967819500553967e-07,0.00864320251767343,6.743588455999018e-05,2.874110022805617e-07,0.0002119787405798019,0.004185919345766571,9.37972255105931e-05,1.5438615150459712e-05,0.00023474358546917085,5.190164456140188e-09,0.00020613106214721437,0.010213715995047773,5.1542333008666766e-05,5.93722915439162e-06,8.376580738299067e-08,0.953570914954926,1.4719281643070093e-08,0.0032120386309881393,0.019063048816007115,2.4390620107200717e-07,2.5099603044088424e-08,8.035565076232013e-05
7,6.846201226658041e-06,0.0001577748453225153,4.9264651255835326e-05,1.118937128036868e-06,0.008941879925666365,7.38084467397921e-05,4.4366009923158874e-07,0.00024217682030550406,0.0064302585695096125,0.00010805431642298466,2.263743862964903e-05,0.0002539561328082252,9.485280400289092e-09,0.00023397620942746685,0.01051452352261109,4.604159874711408e-05,6.377832481734067e-06,1.1382609068249726e-07,0.9512998356532895,2.12185643425475e-08,0.0028898014739309743,0.018627635853006294,2.2836337080830407e-07,3.8916912841336395e-08,9.317610117227248e-05
8,6.347043409086041e-06,0.00011290873053658425,3.628436531741634e-05,1.1091475980160826e-06,0.008964706115768419,5.42047802474232e-05,3.3811258552695006e-07,0.00025464275789584983,0.0038938727594663726,0.00011411940836380825,1.0924599673095405e-05,0.00021689920289553075,5.820623059020906e-09,0.00022277662754092046,0.01052801583141272,6.521562357283733e-05,7.14944199255335e-06,7.315799259434319e-08,0.9560940492039802,1.4831892218133679e-08,0.0032483825214590944,0.0160582275878443,2.8438486594790343e-07,3.537586918965084e-08,0.00010941256719738716
9,7.256143344121149e-06,0.00016159973987566687,5.928731644483924e-05,1.3609910359782207e-06,0.010675620457033628,5.393434367058413e-05,4.2088937681952663e-07,0.00028905332387318933,0.006110151130466991,0.0001240150698817838,1.508559034974181e-05,0.00024390226489427836,9.784480434320626e-09,0.00023821592058707362,0.010221582552431344,5.059041444519307e-05,7.572251561342849e-06,9.081318918259952e-08,0.9542657592547554,1.8973090381050983e-08,0.0030530673731885114,0.01429563673586978,2.2103918516420208e-07,5.2934895803578873e-08,0.00012549469207280274
10,5.187924341297137e-06,0.00010524597963231734,3.180863526493189e-05,8.967819500553967e-07,0.00864320251767343,6.743588455999018e-05,2.874110022805617e-07,0.0002119787405798019,0.004185919345766571,9.37972255105931e-05,1.5438615150459712e-05,0.00023474358546917085,5.190164456140188e-09,0.00020613106214721437,0.010213715995047773,5.1542333008666766e-05,5.93722915439162e-06,8.376580738299067e-08,0.953570914954926,1.4719281643070093e-08,0.0032120386309881393,0.019063048816007115,2.4390620107200717e-07,2.5099603044088424e-08,8.035565076232013e-05
11,5.419482671910292e-06,0.00011134477313554598,3.362038953575998e-05,9.406676336856795e-07,0.008883456183544478,6.952683351495955e-05,3.0361382233201907e-07,0.0002155164163001548,0.004315239866257116,9.636347674138474e-05,1.6137648447580372e-05,0.0002458821522755219,5.792476281225461e-09,0.00021874807811278225,0.01025766768156416,5.190423780384515e-05,6.149835109967071e-06,8.936824020507302e-08,0.952657519558876,1.5692738503052457e-08,0.003208091512337805,0.0195234093862212,2.526047701169185e-07,2.659346925570917e-08,8.236815439941413e-05
12,4.894064528491841e-06,0.00010048873931606119,3.0734614551008126e-05,8.417590342136704e-07,0.007750343755078897,6.264644023111078e-05,2.827515877824787e-07,0.0002073004480838953,0.004519421814022138,8.962556620263082e-05,1.486615519551865e-05,0.0002081305588231215,4.83958238396913e-09,0.00018342974031473227,0.009925967205867296,4.812835197867546e-05,5.302958902433992e-06,7.439375375952439e-08,0.956687269765041,1.423518598508568e-08,0.002993699356581559,0.01708817229215593,2.1069426903296328e-07,2.345677930494024e-08,7.812604293281593e-05
13,5.304781982109821e-06,8.579392189689224e-05,3.475366246422844e-05,7.643684221756981e-07,0.007477577448271656,5.746542608869692e-05,2.7506825363015525e-07,0.00019864743587040825,0.004225270144843725,5.758115859496101e-05,2.0949583702982723e-05,0.00033286507698224486,4.875304624619499e-09,0.00020950052635653328,0.011104986964644578,4.2640554312938674e-05,6.368125760728106e-06,7.771226931598103e-08,0.9517204498057926,1.5336889110547803e-08,0.0033133986393438916,0.02103623522395876,2.2826182694348095e-07,1.9999907686431504e-08,6.882589625838334e-05
14,3.968367083473246e-06,0.00014956610665416479,3.50071979320654e-05,1.0828476345404426e-06,0.011448832731153788,7.629600016979456e-05,2.9692490787005334e-07,0.000224454427221161,0.005240938898312619,0.00013759640097816677,1.7246077991636045e-05,0.00017574251710460732,6.795803450284627e-09,0.00020944268922352594,0.008932436288519892,4.206327461523358e-05,4.9776594164758216e-06,9.290554658390881e-08,0.9537782758454343,1.456010386629755e-08,0.0032520614200730966,0.016197857165272656,1.9246627880382604e-07,3.0365449447655386e-08,7.152006711903356e-05
15,5.187924341297137e-06,0.00010524597963231734,3.180863526493189e-05,8.967819500553967e-07,0.00864320251767343,6.743588455999018e-05,2.874110022805617e-07,0.0002119787405798019,0.004185919345766571,9.37972255105931e-05,1.5438615150459712e-05,0.00023474358546917085,5.190164456140188e-09,0.00020613106214721437,0.010213715995047773,5.1542333008666766e-05,5.93722915439162e-06,8.376580738299067e-08,0.953570914954926,1.4719281643070093e-08,0.0032120386309881393,0.019063048816007115,2.4390620107200717e-07,2.5099603044088424e-08,8.035565076232013e-05
16,4.796761495568641e-06,9.734175243381488e-05,2.575122528009432e-05,9.227181978435671e-07,0.007554992407053222,6.801065030544913e-05,2.874801853715647e-07,0.00023656197741571725,0.003604988748227417,0.00011660042788271518,1.4239306235621768e-05,0.00022039171495429378,4.259327088589119e-09,0.00018472892881076747,0.00912148892615449,5.756285132747784e-05,5.909632195479456e-06,9.550946476565135e-08,0.9543140276003622,1.507484657402364e-08,0.004066643348892459,0.020229586211635626,2.3606249569910665e-07,2.3570778048179732e-08,7.479285404219593e-05
17,6.522087290072502e-06,0.00011522922889404604,3.9100923060993934e-05,1.236488532501153e-06,0.010265186234662736,7.421098799531697e-05,3.3735410866370994e-07,0.00024898513303843304,0.003849955355631858,0.00010520956005974992,1.6935163514881112e-05,0.00033302934782458113,6.679325742967817e-09,0.00030177843946133966,0.009835482859077682,5.941581842591403e-05,7.622407129972605e-06,1.1720986723574622e-07,0.9480950171627917,1.853641788507378e-08,0.003947906918744513,0.022598157981084006,3.2339433098879177e-07,2.981442207644138e-08,9.818491430730053e-05
18,6.309755957440114e-06,0.00011485998569309162,3.3269098022142374e-05,9.477756835636503e-07,0.00857112453213665,6.241555098168323e-05,3.0273010276867293e-07,0.00023302789935544026,0.003909131847588976,9.682706595674653e-05,1.5243864882862642e-05,0.000276788132529444,5.7417371685622985e-09,0.0002138219412193066,0.010248318262432712,5.177508295062543e-05,7.6173423871527425e-06,1.0109483895253047e-07,0.9506019650492592,1.536778215439858e-08,0.0034312829975515482,0.022034462123937434,2.648676358221503e-07,3.007608768762572e-08,9.009181328954915e-05
19,4.519028981799633e-06,0.00011592509889850358,4.145107387701771e-05,1.0773319795304738e-06,0.011409595580177437,7.17062998799314e-05,2.773233222195041e-07,0.00022419536239514775,0.005029858264877981,0.00010761089551428338,1.5683867454319586e-05,0.000265434053994924,7.2387095314422124e-09,0.0002513639196646849,0.008547093887542231,4.758470895682379e-05,5.383131121970652e-06,8.233394126355295e-08,0.9531900152928237,1.7125092881724342e-08,0.002970284197818793,0.017624798664788964,2.0454816318512466e-07,2.5147838112936596e-08,7.580562218495022e-05
20,4.398078619142545e-06,9.391778860573214e-05,2.220712430424088e-05,7.327294392531693e-07,0.007198202694665016,5.3052556538283475e-05,2.2939334110297323e-07,0.00021456413652470277,0.0033406837686946822,8.441035131860406e-05,1.2095459713339856e-05,0.00020355009949945562,3.7796019360821984e-09,0.00016831570712342393,0.009798924025550071,4.517404785478092e-05,6.112530849255876e-06,7.089475672041383e-08,0.9542207090221106,1.1820092546528655e-08,0.003234957701376575,0.021228341933143536,2.2695448290341486e-07,2.0727588930594292e-08,6.908667420518376e-05
21,6.199965643391183e-06,0.00010243047121922063,4.041811220518279e-05,1.0517180511172634e-06,0.009562064750964893,8.145701901138088e-05,3.553292429638721e-07,0.00022137263001197006,0.00425694433235287,0.00010842007845560135,1.6751082228110598e-05,0.00031771622613175184,6.625031645992722e-09,0.0002624251199849924,0.009968798628114197,6.937838267092685e-05,6.150290107835591e-06,9.950185312927786e-08,0.9516776647986718,1.8941827366292598e-08,0.0035747827824833068,0.019637843293072242,2.868418091313216e-07,2.7725344790221073e-08,8.733535351009694e-05
22,6.213923878536154e-06,0.00010529017289479794,3.729681577661476e-05,9.792182070739775e-07,0.008600852577192196,7.704642387579934e-05,3.411502756913705e-07,0.00023891699283807715,0.003955799785568548,9.727886822597374e-05,2.0280631004232985e-05,0.0002978751826808423,5.118082478063743e-09,0.00022273410636011412,0.010689553482288176,6.259251839330052e-05,7.3706476055946095e-06,1.1626607597778357e-07,0.9481882837369876,1.8689775031859247e-08,0.004245176764379748,0.023062562900872607,2.9495304355204536e-07,2.897179170210946e-08,8.30901019257982e-05
23,5.187924341297137e-06,0.00010524597963231734,3.180863526493189e-05,8.967819500553967e-07,0.00864320251767343,6.743588455999018e-05,2.874110022805617e-07,0.0002119787405798019,0.004185919345766571,9.37972255105931e-05,1.5438615150459712e-05,0.00023474358546917085,5.190164456140188e-09,0.00020613106214721437,0.010213715995047773,5.1542333008666766e-05,5.93722915439162e-06,8.376580738299067e-08,0.953570914954926,1.4719281643070093e-08,0.0032120386309881393,0.019063048816007115,2.4390620107200717e-07,2.5099603044088424e-08,8.035565076232013e-05
24,4.392623162218504e-06,0.00012226379946597048,3.3376056237822234e-05,1.0785624894367996e-06,0.010803776960690528,7.253403378445965e-05,2.7215581377502363e-07,0.00021355152759202085,0.004155680339146035,0.00011441901901464141,1.4794886934910882e-05,0.00023085322792588508,6.4391077872679535e-09,0.00025392090503625415,0.008801895373739174,4.776446389907185e-05,5.449175033709869e-06,8.947706566779232e-08,0.9532202294807971,1.5375969056074367e-08,0.0032243032281327657,0.01860287203627196,2.2460184828168416e-07,2.4346097850176574e-08,7.621190474338905e-05
25,5.650062762441359e-06,9.575162663644674e-05,3.412347411221596e-05,1.046778865219676e-06,0.007674459240494111,5.093529259586275e-05,3.36365613665179e-07,0.00029393379338858,0.003788296383128845,8.290928013668589e-05,1.9263880391210626e-05,0.0002758282130644199,5.9519357374667086e-09,0.0001813635159747404,0.008983786593032011,4.630353188735858e-05,7.85066342456153e-06,9.985600789795276e-08,0.9559909815638358,1.8806768988458035e-08,0.003548210297961486,0.018848446349785105,2.533163614014036e-07,3.1031083109817396e-08,7.011413075202282e-05
26,1.1301868753897568e-05,0.0001702038768824141,5.490494063041351e-05,1.2359028661082583e-06,0.009935184941539414,6.12246926103362e-05,4.574730133533804e-07,0.0003295793360245057,0.005153594255970543,0.00010883225657215642,2.2106162803414092e-05,0.00037024280307997563,1.0242383389366778e-08,0.00021713584703877105,0.011391305585662793,5.007196449397901e-05,1.32205186794818e-05,1.685929145237519e-07,0.9429088638827265,2.1024932710344537e-08,0.0035623986231524936,0.02551980666142913,3.2305889346539e-07,6.822100776466713e-08,0.00011773726593840765
27,5.149423802903325e-06,9.528807643707494e-05,2.513986515674877e-05,7.369002484012921e-07,0.006500041809850604,7.043231429422115e-05,2.718466926482605e-07,0.0001972852246154307,0.004612315549125662,8.966236524590767e-05,1.3155784539338763e-05,0.0001845020709624562,3.737189874444696e-09,0.00016636678184168407,0.011242894080322557,5.303103930086785e-05,4.962795011877648e-06,7.301466567216597e-08,0.9542162926591599,1.3643493027963395e-08,0.00297817497921502,0.019456148314271858,2.270736426463767e-07,2.070410002710478e-08,8.780994681365356e-05
28,5.187924341297137e-06,0.00010524597963231734,3.180863526493189e-05,8.967819500553967e-07,0.00864320251767343,6.743588455999018e-05,2.874110022805617e-07,0.0002119787405798019,0.004185919345766571,9.37972255105931e-05,1.5438615150459712e-05,0.00023474358546917085,5.190164456140188e-09,0.00020613106214721437,0.010213715995047773,5.1542333008666766e-05,5.93722915439162e-06,8.376580738299067e-08,0.953570914954926,1.4719281643070093e-08,0.0032120386309881393,0.019063048816007115,2.4390620107200717e-07,2.5099603044088424e-08,8.035565076232013e-05
29,5.187924341297137e-06,0.00010524597963231734,3.180863526493189e-05,8.967819500553967e-07,0.00864320251767343,6.743588455999018e-05,2.874110022805617e-07,0.0002119787405798019,0.004185919345766571,9.37972255105931e-05,1.5438615150459712e-05,0.00023474358546917085,5.190164456140188e-09,0.00020613106214721437,0.010213715995047773,5.1542333008666766e-05,5.93722915439162e-06,8.376580738299067e-08,0.953570914954926,1.4719281643070093e-08,0.0032120386309881393,0.019063048816007115,2.4390620107200717e-07,2.5099603044088424e-08,8.035565076232013e-05
30,5.187924341297137e-06,0.00010524597963231734,3.180863526493189e-05,8.967819500553967e-07,0.00864320251767343,6.743588455999018e-05,2.874110022805617e-07,0.0002119787405798019,0.004185919345766571,9.37972255105931e-05,1.5438615150459712e-05,0.00023474358546917085,5.190164456140188e-09,0.00020613106214721437,0.010213715995047773,5.1542333008666766e-05,5.93722915439162e-06,8.376580738299067e-08,0.953570914954926,1.4719281643070093e-08,0.0032120386309881393,0.019063048816007115,2.4390620107200717e-07,2.5099603044088424e-08,8.035565076232013e-05
31,6.0024811369314464e-06,0.00012566257785507904,4.220083930442434e-05,1.0780808927620665e-06,0.01050898504825435,4.78962187001242e-05,2.739262798376024e-07,0.00027719387037250645,0.003960330059197758,0.00010640332035801716,1.2109015563151742e-05,0.00026866564513141234,7.291439833442105e-09,0.00022536865372235927,0.007275188909224032,4.4892856665282145e-05,7.484889544693066e-06,9.369759103030055e-08,0.9556744481675181,1.5993379008488363e-08,0.002955695094227465,0.018376166153267166,1.9606265997292164e-07,3.51971162717166e-08,8.360595059850025e-05
32,7.217685063662202e-05,0.0032581685564116707,0.001548524792012558,9.570358286347428e-05,0.9433629813942607,0.0014382578015065823,1.7712089195495085e-06,0.0001777325496504147,0.0003263964145790181,0.00036892249906578077,0.002049897083689425,0.013851471573202554,1.9554243086282655e-06,0.004930568585000326,0.002090479059253406,7.955626893581179e-06,0.00021251030965165407,0.00024281330251917958,0.0026666017609811923,6.632146452411695e-08,0.008074382637857203,0.01493385081723716,2.7323033805435098e-05,3.257606001824228e-05,0.00022691275421089668
33,5.964332283504586e-06,0.00012862104018580693,2.665340108707843e-05,8.171615365412063e-07,0.010169049269441028,5.9375286257515725e-05,2.609703914298242e-07,0.0002039102088786611,0.0023150089549604505,8.962044007744283e-05,1.3706276964817909e-05,0.0003037596670326606,6.39860548627652e-09,0.00027201317229389187,0.008763872954438806,4.949941190249103e-05,8.61991096213083e-06,1.0857062348146805e-07,0.9423092896732329,1.3414860290936e-08,0.0030306561223686587,0.0321859493678601,3.1790872607860265e-07,2.6918172808616243e-08,6.287916685574159e-05
34,5.124047940985331e-06,0.00010258336513748582,3.145359483453191e-05,8.597410016762782e-07,0.00812736352015494,6.515861686388121e-05,2.8610513049749175e-07,0.00020678375502330016,0.004368929650665822,9.054028084006615e-05,1.4983520711788221e-05,0.0002226557189424331,5.021680282419837e-09,0.00019708438980630799,0.010092288300038573,4.9922045614707e-05,5.558013429908235e-06,7.872833924281985e-08,0.9551247020615852,1.4423658865960953e-08,0.003063580328814512,0.018149833960800926,2.2649614924586717e-07,2.4064894753335857e-08,7.996024794013769e-05
35,5.268125698949707e-06,0.00010481415603543211,3.136005864052455e-05,8.988658302227909e-07,0.008262805359634117,6.467480925629998e-05,2.841783908369337e-07,0.00021974682489954078,0.00427712026187176,9.473624768706443e-05,1.5011851255185916e-05,0.00023195008572853202,5.1724163201021584e-09,0.00019538591698992652,0.009759555664094201,4.946363713275757e-05,6.009715529952136e-06,8.582062306984985e-08,0.9544377321243771,1.491951262544303e-08,0.0031658393000984133,0.018995795414438823,2.2942823241203e-07,2.5335927720999688e-08,8.118672569812067e-05
36,4.81832153032191e-06,7.714341005171707e-05,2.4798177697650088e-05,6.742182819667341e-07,0.007688243794229339,2.7108349248340665e-05,1.57871845433095e-07,0.0001970506569052824,0.0024924570768319687,6.216263217005546e-05,6.4900085332424836e-06,0.000283356497162128,4.9630279890422484e-09,0.0001738506066585258,0.007020415675242014,3.934763128485845e-05,7.773771858754093e-06,4.4449691931542035e-08,0.9631756385451049,9.454514180464848e-09,0.0021324604042774853,0.016513230873880118,1.7295843899203854e-07,1.9684105277146917e-08,7.256996742742569e-05
37,4.395289069923206e-06,9.952220896401581e-05,2.8214975847076893e-05,8.832575509707426e-07,0.008588145583692634,6.960237154492012e-05,2.638372413018835e-07,0.00020802169190825502,0.004253335152358809,9.568661719906153e-05,1.4964696002087269e-05,0.00020939852147168565,4.693712430572652e-09,0.00019151797476322683,0.010394386082987638,5.0412963464257016e-05,5.430333605257183e-06,7.553311498676782e-08,0.9545201716256333,1.4002942106054616e-08,0.003228604417221487,0.01796012500412726,2.3916942816367406e-07,2.2410076138989333e-08,7.656158607310312e-05
38,6.033910957620471e-06,8.447240477540228e-05,2.8260762106506856e-05,6.756995885068823e-07,0.006423080616112552,0.00010903544555687642,4.176783487004728e-07,0.00015712120588214394,0.00397069546850153,8.433948874153942e-05,2.065748883040568e-05,0.0002297917881894952,3.6641019654426138e-09,0.00021762432335789537,0.014781878415892086,8.761598407477102e-05,4.471341065949827e-06,8.594856308474232e-08,0.9480038527465844,1.5923668035845767e-08,0.003749296212632086,0.02196287709636743,3.7174048142791476e-07,2.0297751558038813e-08,7.730434786796712e-05
39,3.748528712875819e-06,5.768579440978195e-05,2.4446561951595137e-05,7.873039564980578e-07,0.00767529443778517,6.805682404853088e-05,2.0847405088072888e-07,0.00021551686917580667,0.0031695519150230908,9.05108324382891e-05,1.1684230860659923e-05,0.00023056089297569164,2.948377137345251e-09,0.00016222317506073383,0.008360427911360699,7.174456456958993e-05,4.738668520237772e-06,6.388195513870453e-08,0.9601132855410247,1.4683179878075716e-08,0.0039492152625508325,0.01572537722674506,2.2850067258870766e-07,1.585434115551819e-08,6.460911625343603e-05
40,6.880624240738211e-06,0.00010355145567025152,2.9086866649401277e-05,5.498076839084809e-07,0.0060922958894685944,6.625470645897653e-05,2.899882717176007e-07,0.00015356854022859228,0.003609924490051014,6.428629319450839e-05,1.4620930421488068e-05,0.00026817898077672735,3.941995062221276e-09,0.00022728949191422814,0.010431772615557857,4.90040135649151e-05,5.2240192453048545e-06,8.813127203289978e-08,0.9464044931867113,1.3177776363596526e-08,0.0028408736152671084,0.02955746847968437,2.1619642519858774e-07,1.8300202786629883e-08,7.404625726758137e-05
41,1.2054815918232265e-05,9.962268191061211e-05,1.909098140859795e-05,1.1765677363776631e-06,0.005928599204573619,5.3185485178283833e-05,3.797124117336358e-07,0.0003159152479236463,0.0012208059790187419,7.398356202745376e-05,2.7822960878285243e-05,0.0007072066009470901,5.765918246312911e-09,0.00023126576088498618,0.0071391128957783824,5.0038817525001516e-05,2.2291982879429904e-05,3.56667001882397e-07,0.9303313716519016,1.914652282014829e-08,0.00591486503129013,0.04777043374390943,6.681019071768253e-07,3.54291001431382e-08,7.96912054478312e-05
42,5.483951036942432e-06,0.0001150978884916006,3.535547775483666e-05,9.882606885053081e-07,0.009544701813106864,7.295731906984834e-05,3.0748892892168274e-07,0.00021774521719290603,0.004493568398886386,0.00010030318547391221,1.6697292793489838e-05,0.00024987205890643436,5.982731019494913e-09,0.00022628039196001908,0.010488552698857827,5.2003100630408727e-05,6.186265332899362e-06,9.281498897333936e-08,0.9516713991330656,1.5651027946014287e-08,0.003283982493760449,0.019332342091207908,2.571792242595996e-07,2.792253669165013e-08,8.57759223454597e-05
43,2.497632906182445e-06,6.548935142666083e-05,1.3590703096896055e-05,7.126145518605675e-07,0.007644767248722411,7.116725364353516e-05,1.6353763912712523e-07,0.00020947433038705487,0.0029546741374126438,0.00012124665497695123,9.603613867370704e-06,0.0001282236950759166,2.175684122886238e-09,0.0001206305284724949,0.008418927268012242,5.831648531957659e-05,4.0797270393843425e-06,5.6533508238164976e-08,0.9597095172261558,9.834368042543256e-09,0.003953443033603099,0.016460649482456294,2.1173238511265702e-07,1.3959193137777042e-08,5.2531240095631e-05
44,5.187924341297137e-06,0.00010524597963231734,3.180863526493189e-05,8.967819500553967e-07,0.00864320251767343,6.743588455999018e-05,2.874110022805617e-07,0.0002119787405798019,0.004185919345766571,9.37972255105931e-05,1.5438615150459712e-05,0.00023474358546917085,5.190164456140188e-09,0.00020613106214721437,0.010213715995047773,5.1542333008666766e-05,5.93722915439162e-06,8.376580738299067e-08,0.953570914954926,1.4719281643070093e-08,0.0032120386309881393,0.019063048816007115,2.4390620107200717e-07,2.5099603044088424e-08,8.035565076232013e-05
45,4.331301704496107e-06,8.758808617007135e-05,2.76555067240853e-05,7.083450814525263e-07,0.007927666124171026,5.3749289858133836e-05,2.720572870868488e-07,0.0001938564285904749,0.00393213679714619,7.58393633345491e-05,1.2852493832315277e-05,0.00018885332715571794,4.976290657786514e-09,0.00017498866519945764,0.0096301480917441,4.8631644905456934e-05,4.7055017693406725e-06,5.2637789135678294e-08,0.959844176228503,1.23376378460761e-08,0.0023656896838499235,0.015365135446937414,2.2095493038514807e-07,2.1942826315272738e-08,6.0702766561492535e-05
46,9.917193478570647e-06,0.0001275782386599915,2.8280885923416066e-05,1.0370077927230664e-06,0.008454633328498367,3.449929896458749e-05,2.595955252122405e-07,0.00035674225134018625,0.0022388887197316134,8.318718054293634e-05,1.4851515529645356e-05,0.0004281343445352707,7.360190597317793e-09,0.000156066607760841,0.01007814839217797,4.5859162804054684e-05,2.4268973749663908e-05,1.365887981404251e-07,0.9430061838673832,1.5490624344613047e-08,0.0038438561283774472,0.030973248696328826,3.8760314985340776e-07,5.522282850460589e-08,9.375634530398308e-05
47,1.0369002046566713e-05,0.0001002048117999447,3.0239446021856418e-05,6.154334359768101e-07,0.005249946319971837,5.489037466924956e-05,3.092182119071816e-07,0.000202658553418954,0.003080118668382169,7.227694203169344e-05,1.3718318531862667e-05,0.00038837351996266203,4.572144427016201e-09,0.000183015808856959,0.009850480309285014,6.037188391013934e-05,8.884228728976216e-06,1.1324253227645247e-07,0.9449806680526128,1.6511394957563482e-08,0.0031665737218493665,0.03245225416883306,2.434271591822867e-07,2.5659329517347777e-08,9.362780487865765e-05
48,4.319849530478518e-06,9.370334192461921e-05,1.5770852936396384e-05,6.22179358843414e-07,0.0056629667220977,3.1021350987664266e-05,2.0516857092301694e-07,0.0002061240845195505,0.00222506906574137,7.496226328451044e-05,8.297380928439402e-06,0.00015903333954486563,4.033558757798877e-09,0.00013237348386019697,0.0076790026963015475,3.70895014975891e-05,7.0942502387020464e-06,5.716346406325212e-08,0.9627256873037979,9.180522012872369e-09,0.0023764140771666614,0.018503410408234774,2.03503644196454e-07,2.1515125574342153e-08,5.653728316257043e-05
49,5.577011270546178e-06,0.00010279124544153847,3.550992159829051e-05,9.238761812492088e-07,0.009874113866636775,8.851119200085812e-05,2.9231824360624217e-07,0.00020614479134245837,0.004048193853992595,9.612812571379045e-05,1.778192614599093e-05,0.0003257791804079915,5.65658078591239e-09,0.0002549639403433398,0.01041844040861876,6.12543531014085e-05,6.234089067149363e-06,1.021160636826922e-07,0.9465885003346793,1.7760144332690303e-08,0.00354103391472254,0.02424763070845241,2.889828389863003e-07,2.3181488304371414e-08,7.975724492351776e-05
50,3.4191017616818297e-06,7.941711912072944e-05,2.014395120601872e-05,6.546101993058446e-07,0.005919497780229799,4.989339483966219e-05,2.5882935483702e-07,0.00016868207419745083,0.003592843193960108,0.00010367989572043167,7.1773400814391916e-06,0.00011032401252617654,3.5699571225146517e-09,0.00016946838642419596,0.0061479418690649325,4.834535420391177e-05,2.7069952766804363e-06,4.5836610828467504e-08,0.9680325249314246,1.0366338321466522e-08,0.0020402169155432186,0.01344716141416483,1.3672725390243115e-07,1.4661065046679483e-08,5.5431669474785374e-05
51,5.030926339198918e-06,0.00012671445901213174,3.099726738199491e-05,1.0564482458713931e-06,0.00798768244419547,7.239154138175393e-05,3.5731619016626894e-07,0.00024751071711196274,0.00462112545047476,0.00012114743026044771,1.8205395473652435e-05,0.00022292652704380172,5.803232231348421e-09,0.00022417523071393706,0.008274127907158578,4.0451246795220276e-05,5.422113088189476e-06,1.3157822307692979e-07,0.9511184910818445,1.675465311233838e-08,0.003833020308982681,0.02297729349777566,2.0095521597008068e-07,2.6327297665796517e-08,7.149127190790594e-05
52,6.325101638563049e-06,0.00012204673860582069,3.7258612075696985e-05,1.0274134237394998e-06,0.00896839395853622,0.00010374441816119733,3.833289126802635e-07,0.00021965732983808618,0.005225883738681814,0.00011153580357677418,2.19833533684607e-05,0.00027127995323354334,6.1290944774248954e-09,0.00024244493701914966,0.011864994056925376,6.081671870930515e-05,6.038269229879361e-06,1.2631726149623002e-07,0.9454309045580105,1.9678919566916827e-08,0.0037320299448663505,0.023480645026062216,3.054179226346771e-07,2.884557987618951e-08,9.212035034636693e-05
53,7.462537429950432e-06,0.00011524326267993897,3.906928714402928e-05,9.425316306810712e-07,0.005936494380132118,0.0001093206704894357,6.28075223702542e-07,0.00020620147356703074,0.006255209741782688,9.483748426428193e-05,2.7898428147084114e-05,0.00021769633316512493,5.3533328272935955e-09,0.00022620649881177862,0.017221271567151794,7.754977045884086e-05,5.503283561079876e-06,1.0987884856200333e-07,0.9440944702289883,2.301491760759213e-08,0.003591172673920694,0.021664276862440553,4.0013391714218135e-07,3.1187690262123936e-08,0.00010797534030465851
54,5.934784453813617e-06,0.00011146689887302893,3.343083772622413e-05,7.536069271909131e-07,0.006421243300778361,7.675622988499421e-05,3.5815441237383903e-07,0.0001455429892378647,0.004830846783627842,0.00010006468661712006,1.1032783331871492e-05,0.00021668685627236576,4.979463549339152e-09,0.0002834762867735703,0.01126204722350972,6.70400397857258e-05,3.7473374583985297e-06,6.331856296775206e-08,0.9549291196184645,1.4529042076043547e-08,0.002652689553256432,0.0187403241380944,2.122666908054961e-07,1.7958156830843227e-08,0.00010712483859787053
55,8.690554056305436e-06,0.00015124966400052674,5.6696056174685984e-05,1.1907507968588498e-06,0.008747703595420812,7.237850416703918e-05,3.775211441061187e-07,0.00026491165799055695,0.007668303592240411,0.00010763958409789075,2.0990631094355384e-05,0.0003897057793287233,1.023848921340649e-08,0.00022715858867962779,0.009539432258045832,4.0723177449860385e-05,7.727351460747745e-06,1.483127069996804e-07,0.9482251430232623,2.3441202705959285e-08,0.003057463495667248,0.021287598356742533,1.8502166215836614e-07,3.9179593964627574e-08,0.0001245096645246815
56,5.4460009031489436e-06,0.0001111527480716119,3.3782690791058114e-05,9.328576954359531e-07,0.008778436178324652,6.765412111792445e-05,3.0417195858097054e-07,0.00021551350896273155,0.00433045314234048,9.527646820467382e-05,1.59667377717093e-05,0.0002431216098543042,5.83031290699929e-09,0.00021484610471788495,0.010155833173429881,5.1230047936521766e-05,6.145073307830211e-06,8.796772936102588e-08,0.9533191427749529,1.558247691706717e-08,0.003159396774885088,0.019112971331507328,2.4755319737802516e-07,2.6879137540721593e-08,8.201067041224816e-05
57,6.613038655200649e-05,0.0015293968690166992,5.897777688817935e-05,4.057997661328681e-06,0.012609776346223036,0.0027422169043605747,1.3549861656680836e-05,0.00018095091209707507,0.012890004713359313,0.00024056383475543,0.0007649278433293989,0.00016981597775562028,2.4480641138413982e-08,0.001196011268669703,0.14977667610476,0.0001784102407726966,7.201118667259034e-06,2.7010448384676357e-06,0.7564867600520067,6.445879906086364e-08,0.008911379584802445,0.05183751915675577,9.414853212030727e-06,3.2773421471552343e-07,0.0003231404782047885
58,5.8591835385512846e-06,0.00011536381543369702,3.453178233983111e-05,9.558386621526767e-07,0.009077265229156938,6.492781233649342e-05,3.1160451337331354e-07,0.00023263934069016253,0.004171315044310305,9.682855785441692e-05,1.6456111557819853e-05,0.00025472880445126555,5.941598118030716e-09,0.00020794273060071344,0.010537270700551103,5.1821818424350545e-05,7.119038998005534e-06,9.437367763896426e-08,0.9517208912615389,1.5461013404596076e-08,0.0033444262820668622,0.019974447805065163,2.681070410090189e-07,3.108975447975652e-08,8.44822648254204e-05
59,6.396146710177458e-06,0.00011961255181413896,4.036144732461528e-05,1.0166005729025169e-06,0.009545386114233327,6.606635388722789e-05,3.371921191539168e-07,0.00024462665460816565,0.004407528269866268,9.904590805447379e-05,1.7355677148873638e-05,0.00027739200540284717,6.4238010828679484e-09,0.00022056203462975956,0.0106959681190532,5.4912873536085757e-05,7.48370526781891e-06,1.0055080765787097e-07,0.9506790537795319,1.6865246322635784e-08,0.0034610532225002946,0.019964749438962506,2.741650175522439e-07,3.4777367158602984e-08,9.065912253656001e-05
60,5.187924341297137e-06,0.00010524597963231734,3.180863526493189e-05,8.967819500553967e-07,0.00864320251767343,6.743588455999018e-05,2.874110022805617e-07,0.0002119787405798019,0.004185919345766571,9.37972255105931e-05,1.5438615150459712e-05,0.00023474358546917085,5.190164456140188e-09,0.00020613106214721437,0.010213715995047773,5.1542333008666766e-05,5.93722915439162e-06,8.376580738299067e-08,0.953570914954926,1.4719281643070093e-08,0.0032120386309881393,0.019063048816007115,2.4390620107200717e-07,2.5099603044088424e-08,8.035565076232013e-05
61,6.011283942071788e-06,0.00011753329455236827,3.9890815092590366e-05,9.909045986624578e-07,0.009631171103114627,6.608224919399227e-05,3.1798596388469354e-07,0.00023372870411020774,0.004447121247059224,9.519839796572303e-05,1.728809170226967e-05,0.0002733355675307924,6.2393992356729054e-09,0.00022116571192301593,0.010579163310651183,5.258625336609898e-05,7.062020035389155e-06,9.507021302445693e-08,0.9512116793870407,1.6420764917477848e-08,0.0033781135070264155,0.01953320196677896,2.588746166878689e-07,3.1969508702623355e-08,8.7949623849052e-05
62,5.187924341297137e-06,0.00010524597963231734,3.180863526493189e-05,8.967819500553967e-07,0.00864320251767343,6.743588455999018e-05,2.874110022805617e-07,0.0002119787405798019,0.004185919345766571,9.37972255105931e-05,1.5438615150459712e-05,0.00023474358546917085,5.190164456140188e-09,0.00020613106214721437,0.010213715995047773,5.1542333008666766e-05,5.93722915439162e-06,8.376580738299067e-08,0.953570914954926,1.4719281643070093e-08,0.0032120386309881393,0.019063048816007115,2.4390620107200717e-07,2.5099603044088424e-08,8.035565076232013e-05
63,5.405976061993319e-06,0.00011400958086073757,3.235522660601256e-05,8.954537633654177e-07,0.008365786672744601,6.605736933972689e-05,2.9879212961052344e-07,0.00021312038961992166,0.004380796621049954,9.411622407313147e-05,1.5861019658402933e-05,0.00022812840178225397,5.4783863706422105e-09,0.00020309213092414792,0.010422590274398244,4.9254343226804616e-05,6.072597436954481e-06,8.601890683944603e-08,0.9533605164692593,1.4981584679651757e-08,0.0031265585640256684,0.01923183297464958,2.3826052716416385e-07,2.6572843703221763e-08,8.28796061409491e-05
64,4.784202761197176e-06,9.645970154591018e-05,2.8233889003611878e-05,8.577466536059173e-07,0.008283220046097946,6.3658999988136e-05,2.6026170025775933e-07,0.00021550104844810972,0.0037401335608056503,9.190991408586423e-05,1.5058632302356679e-05,0.00022679544970405585,4.273808605647333e-09,0.00018589308792010272,0.010227407199643424,5.1844257531640084e-05,6.053515011907351e-06,8.181893461894718e-08,0.9542885967261938,1.3596952072430244e-08,0.0037328723995996155,0.018664085506873096,2.387101269780193e-07,2.3698203993366353e-08,7.601175610347382e-05
65,5.2820386184708975e-06,0.00010795504018558631,3.1831083441063684e-05,8.764342218062433e-07,0.008248584529649513,6.388569469389466e-05,2.9357548510351774e-07,0.00021373665902568194,0.004328799016042228,9.16510069346978e-05,1.5341205769174734e-05,0.0002242336990108657,5.24224343626195e-09,0.0001975571876250642,0.01026409040680673,4.929281179593821e-05,5.9449473219985905e-06,8.164149519656915e-08,0.9542535211203821,1.4569300502512157e-08,0.0030726824184673877,0.01874327099434848,2.349724048897431e-07,2.5864594873587255e-08,8.080784013531477e-05
66,2.0781254492192388e-06,4.640173107697131e-05,2.0514225049166643e-05,6.534524887497962e-07,0.005584282609950166,6.108013572549061e-05,1.920122011437008e-07,0.00014314560275332098,0.004217461299474426,0.00011774150587661066,5.529917310886242e-06,0.00012013762139999933,3.797924449885149e-09,0.0001586506995279874,0.003488931079274575,6.0229466879983624e-05,1.4306659912337395e-06,3.169713953268026e-08,0.9758460135253325,1.4572311465161617e-08,0.001621546822896621,0.008463603000135756,8.099888965751873e-08,7.012258116370044e-09,4.023842268183691e-05
67,5.4336773172197084e-06,0.00010534444801941397,3.372632575872254e-05,9.301060943532593e-07,0.008981147260013013,7.460907051195721e-05,3.04524096776509e-07,0.0002073005276835408,0.004171144685558178,9.391176567159602e-05,1.648963462653368e-05,0.00025581964211196723,5.381011401594643e-09,0.00022723048127551088,0.010934157854211117,5.693750232984279e-05,6.071065310223783e-06,8.800769694608122e-08,0.9515618481663312,1.5757204683224745e-08,0.0033594533205053958,0.01982308192832852,2.751030707818454e-07,2.532588669967902e-08,8.464843937455144e-05
68,7.96472903536054e-06,0.00013107468143587267,3.720763410743231e-05,1.1498630624990837e-06,0.009450509557530167,0.00011280019061061551,3.860064978727939e-07,0.00024275362000922182,0.0045439739500124495,0.00011137088667401097,2.681332180693464e-05,0.00036370040400564063,5.96522112471552e-09,0.0002471909056637378,0.014753300342651444,6.746227848870109e-05,9.301503978256557e-06,1.7066914239337702e-07,0.9353381194138406,2.108424234798291e-08,0.004983603799724754,0.02945531195608726,4.276676575777806e-07,3.532768898552057e-08,0.00011534424082474334
69,5.359993127106376e-06,0.0001049786224822301,3.307046083973085e-05,9.264678418355335e-07,0.00840071585751457,6.564688262053998e-05,2.9406181854946996e-07,0.00021937439956857372,0.004279843350708546,9.570257757740052e-05,1.5241276685981359e-05,0.00023562256769934118,5.259968213136141e-09,0.00020011716995164058,0.01013499240746867,5.308450937240893e-05,6.1202403936972984e-06,8.459105021082367e-08,0.9545791009272786,1.5448084439820403e-08,0.003255064953800511,0.018229310752887796,2.4024550541533763e-07,2.6307072887456647e-08,8.506066868117291e-05
70,6.247151203807038e-06,0.0001121169041032752,4.1486487004671306e-05,9.949910488875577e-07,0.009645204162017073,8.441897627763243e-05,3.340732661182776e-07,0.0001978520807846922,0.004565101049449053,9.790253348146644e-05,1.6875188908683496e-05,0.0003014881592170438,6.091275984986127e-09,0.000283934909145885,0.010933912585566044,6.24321976306295e-05,5.91535804231857e-06,9.709772922177014e-08,0.9488400836120311,1.7619480802511838e-08,0.0034399889814927583,0.021267215994489858,2.755425642888062e-07,2.561488608405299e-08,9.607263890268716e-05
71,9.01181775871485e-06,8.389713228616042e-05,3.516684907257916e-05,8.695727279687004e-07,0.004997011243816675,5.803746628675919e-05,4.964775672341993e-07,0.0002753280384589457,0.003407646193307444,6.755202290150124e-05,2.349915785343831e-05,0.0003449186300942924,5.020318024422859e-09,0.00018576497188281657,0.01214120825263797,7.16172986707359e-05,9.733444008611536e-06,1.2705798439823764e-07,0.9490305924007328,2.401011539289417e-08,0.004099664183670241,0.025072015184847737,3.934054169020232e-07,3.370602393408909e-08,8.538646155876491e-05
