,0,1,2,3,4,5,6,7,8,9,10,11,12,13,14,15,16,17,18,19,20,21,22,23,24
0,4.078694438427968e-06,0.000837934197789625,1.3328560660144241e-08,9.347466796788937e-05,1.1035704912619408e-06,4.5412275382752175e-06,0.00010663682832742263,2.2061470471398192e-05,4.343911654060898e-06,4.750141030632669e-06,5.392391913877026e-05,1.8179961220580062e-06,6.848082487857608e-05,1.0113253544828586e-07,0.0010500118325496182,0.00034822731116209267,0.0003447231734036826,7.982093639745012e-07,0.991289368155662,9.1028895414044e-09,3.8712278677351606e-05,0.005721659999400006,1.1746613531918872e-07,5.189707538714516e-07,2.5915890581217735e-06
1,2.9836152987466756e-06,0.000589766772491284,1.3243287792670246e-08,7.747046402242608e-05,8.676316699211699e-07,4.334502581914804e-06,0.00010045925609675305,1.955552026617596e-05,4.543853638429383e-06,5.241324631555454e-06,3.700499953782741e-05,1.364561556515845e-06,5.833649791625017e-05,8.648933758773518e-08,0.0008344647348318527,0.0003884526814307057,0.0002388475891801884,8.319375370549977e-07,0.9936685780232604,9.416462830271053e-09,3.6123742752677335e-05,0.0039277520187602985,1.1148985332222839e-07,5.228307050238023e-07,2.2768028922766705e-06
2,4.004070701960297e-06,0.000971662219196665,1.6172079502648078e-08,0.00010279779731738841,1.5120655935705984e-06,5.046970944655859e-06,0.0001183092299968497,2.7864091312255272e-05,5.956396393228763e-06,6.20204480380378e-06,6.407921928888782e-05,2.256434211395912e-06,7.107374405536326e-05,1.6087383794088174e-07,0.0014268695218817846,0.00040067668233691823,0.00035939906403649875,8.768724304285159e-07,0.9897064703925949,1.3068546670844946e-08,4.3261709871605337e-05,0.006677028333014979,1.3330828484840195e-07,6.005439457991418e-07,3.7291733222751457e-06
3,4.17004166139721e-06,0.0008500933684717479,1.3543176833186841e-08,9.5277156117269e-05,1.1282882246632697e-06,4.482612400372226e-06,0.00010829955529461971,2.2245948308046596e-05,4.230547780334029e-06,4.657719632326882e-06,5.4716910684815396e-05,1.873720465005305e-06,6.913193427633281e-05,1.003413073332615e-07,0.001046948687588606,0.00035549211749849054,0.0003606329275114285,8.053480900926581e-07,0.9912934066484356,9.087427551073052e-09,3.9360202179882315e-05,0.005679676619517042,1.1891216007239342e-07,5.265822682887543e-07,2.601179521873113e-06
4,4.343639956890032e-06,0.0009125551439182788,1.4706857922528006e-08,9.52861537076053e-05,1.1903810715420457e-06,4.040918864584307e-06,0.00011365864811601684,2.293405990839463e-05,4.4719876268871445e-06,4.760283826122444e-06,5.7028306657321115e-05,1.9703104598231504e-06,7.955553996471843e-05,1.1805034649824687e-07,0.0009583886379156399,0.0003376899949623271,0.00035552423402903006,8.872230365676369e-07,0.991022129024215,1.0057492786301297e-08,4.470195229360244e-05,0.005975409400677605,1.1901028613495299e-07,5.740152191589433e-07,2.6383185897103386e-06
5,4.149911005356738e-06,0.0008363108060293533,1.5177477848903127e-08,0.00011589581017255482,1.2482116910265195e-06,4.424873844250979e-06,0.00010151303964166478,2.1668258231403796e-05,4.3022633267512365e-06,5.400169496437407e-06,5.171871697957487e-05,1.6371769513392715e-06,7.308358194755306e-05,1.1148172684760206e-07,0.0008876945470388496,0.00034144340583594355,0.0003523614492847677,1.0943868389320187e-06,0.992437117877552,1.0832191840793084e-08,4.3794273513708794e-05,0.004712001966442257,1.4702570574742976e-07,6.128834040079427e-07,2.2418736701411433e-06
6,4.17004166139721e-06,0.0008500933684717479,1.3543176833186841e-08,9.5277156117269e-05,1.1282882246632697e-06,4.482612400372226e-06,0.00010829955529461971,2.2245948308046596e-05,4.230547780334029e-06,4.657719632326882e-06,5.4716910684815396e-05,1.873720465005305e-06,6.913193427633281e-05,1.003413073332615e-07,0.001046948687588606,0.00035549211749849054,0.0003606329275114285,8.053480900926581e-07,0.9912934066484356,9.087427551073052e-09,3.9360202179882315e-05,0.005679676619517042,1.1891216007239342e-07,5.265822682887543e-07,2.601179521873113e-06
7,5.37730644226639e-06,0.0007660630957266722,1.2622792187630635e-08,8.308167778690876e-05,9.124569492833323e-07,3.709363217272523e-06,0.00011090315169827973,2.1907208323005665e-05,3.339486158431156e-06,3.5259966903915307e-06,6.083722942832249e-05,1.6990574026566424e-06,9.276556561776897e-05,7.198029312082469e-08,0.0008725144939966356,0.00027889990025514695,0.0002904258990668261,7.881755980157761e-07,0.9910637609761002,7.72664867349478e-09,3.661726218732766e-05,0.006300465754354837,7.991022557429557e-08,4.238969415147723e-07,1.8098060986226701e-06
8,8.013241101135704e-06,0.0015213986213915367,4.0263404231044175e-08,0.00021349475364007043,2.2383391781090333e-06,7.58980726210909e-06,0.00011065864348844903,2.4738367399334052e-05,8.14499953794249e-06,1.1363009110552705e-05,6.549061564538412e-05,3.166795083578155e-06,0.00010190264640398417,2.096389652841587e-07,0.0017992719103012526,0.0007412801916525168,0.0007931872644389551,1.2069502888529585e-06,0.988320697731268,2.05201728353144e-08,4.9791623937483e-05,0.0062075161694432595,3.495802120882842e-07,1.810103241469246e-06,6.418213431692357e-06
9,4.011706415292527e-06,0.0014136137016811023,3.331883772743901e-08,0.00014701092532074284,1.4640818107862833e-06,5.062280317958256e-06,8.588454791095605e-05,2.537377084189241e-05,6.792274983655213e-06,1.3785632214003682e-05,4.312124371728328e-05,2.176117986388649e-06,7.747124557659762e-05,2.470881669614451e-07,0.0012677214154880115,0.0007579840163327221,0.0005840217826217726,1.1851159982566058e-06,0.9907128824770678,2.1635778736094234e-08,5.222686264634163e-05,0.004790839899191952,2.5683147576243416e-07,1.3148597042390808e-06,5.4971679131405325e-06
10,4.17004166139721e-06,0.0008500933684717479,1.3543176833186841e-08,9.5277156117269e-05,1.1282882246632697e-06,4.482612400372226e-06,0.00010829955529461971,2.2245948308046596e-05,4.230547780334029e-06,4.657719632326882e-06,5.4716910684815396e-05,1.873720465005305e-06,6.913193427633281e-05,1.003413073332615e-07,0.001046948687588606,0.00035549211749849054,0.0003606329275114285,8.053480900926581e-07,0.9912934066484356,9.087427551073052e-09,3.9360202179882315e-05,0.005679676619517042,1.1891216007239342e-07,5.265822682887543e-07,2.601179521873113e-06
11,4.47817636769608e-06,0.0008575523639162282,1.3848267554607998e-08,9.582836606643189e-05,1.1413247631302884e-06,4.194259072617795e-06,0.00011382030473783848,2.225659804581081e-05,4.162537114282821e-06,4.36341343389196e-06,5.648779291554424e-05,2.004897827273807e-06,7.80735401305172e-05,9.900552776246184e-08,0.0010068599924677368,0.00035598409232256376,0.00035860891233016997,8.278038200835596e-07,0.9910910374122229,9.46383379129675e-09,4.032009094616844e-05,0.005898641610912047,1.1450716482770091e-07,5.638979417002374e-07,2.5557878513922942e-06
12,7.373304801525433e-06,0.001283479157033167,3.217856079398223e-08,0.00013665497741079105,3.777721403192108e-06,8.860941381374894e-06,0.00016193191461757786,3.091343107728933e-05,9.211419156255024e-06,8.370781989578785e-06,0.00011397201435558516,3.342239112206827e-06,9.276061860357192e-05,2.6345147131322366e-07,0.0015874710749829346,0.00047835308088191834,0.0007665522141076869,1.403062122363121e-06,0.9868639811506112,2.117792234086141e-08,8.156504953967783e-05,0.008351878640734537,3.049161288468538e-07,1.2781737890389125e-06,6.2473082051961215e-06
13,6.526165894089025e-06,0.0012067652755356686,1.2825251421887508e-08,8.310432730705187e-05,1.8032101782167896e-06,3.3300432862505976e-06,0.0001390630225440786,4.431199110954872e-05,4.602998821550798e-06,2.9869992886413034e-06,0.00015804627920238865,4.5047040837056826e-06,9.361419955812209e-05,1.8611078873546186e-07,0.0017246095102381417,0.00027255416637752715,0.0004314467679405899,7.188111505578678e-07,0.9816328523080365,9.15830369225821e-09,4.97927260653674e-05,0.014134423145311855,7.177875570537362e-08,4.012210544282147e-07,4.2622539157994225e-06
14,1.6877440991995662e-06,0.0013177253669931091,5.151099758286805e-09,7.097790500312421e-05,1.425272957611228e-06,6.175419315631158e-07,2.8934694389478332e-05,5.872338935135545e-06,8.761779846842759e-07,2.3780246721136994e-06,4.175918134864358e-05,3.4482633515082903e-07,5.888359885574113e-05,6.301614868910636e-08,0.0001789409432498591,4.6110462760039954e-05,0.00023905206033326325,6.721690121015459e-07,0.9954334498568329,3.0653072291518697e-09,7.061171633469563e-05,0.00249893206524256,3.9991336003667353e-08,2.4342009590122163e-07,3.934087414256341e-07
15,4.17004166139721e-06,0.0008500933684717479,1.3543176833186841e-08,9.5277156117269e-05,1.1282882246632697e-06,4.482612400372226e-06,0.00010829955529461971,2.2245948308046596e-05,4.230547780334029e-06,4.657719632326882e-06,5.4716910684815396e-05,1.873720465005305e-06,6.913193427633281e-05,1.003413073332615e-07,0.001046948687588606,0.00035549211749849054,0.0003606329275114285,8.053480900926581e-07,0.9912934066484356,9.087427551073052e-09,3.9360202179882315e-05,0.005679676619517042,1.1891216007239342e-07,5.265822682887543e-07,2.601179521873113e-06
16,3.6573115222929847e-06,0.0009287272816910007,9.509788017280542e-09,7.768931294896632e-05,9.61987180435603e-07,3.284209971972555e-06,0.00010451616535108,2.5225902784379523e-05,3.5216526848556015e-06,3.603802714002578e-06,5.982863336520216e-05,2.422505493165981e-06,6.469843951913187e-05,1.0469885170346762e-07,0.0012308399598270666,0.0003175381835902246,0.00032345773791757067,5.891092798522867e-07,0.9890150775813114,6.927685628031192e-09,3.272533116591122e-05,0.007798345280704695,6.868494213611151e-08,3.414434653396492e-07,2.758346244190282e-06
17,6.958885303875093e-06,0.0011753015509787911,2.1137394920096467e-08,0.0001048492015360686,2.363542489070422e-06,4.337090207567012e-06,0.0001942204996711692,2.9026898424074376e-05,5.6833681225529514e-06,3.936090002990638e-06,0.00010229152413984546,3.5276817475784236e-06,0.00011605444899515934,1.8805384786892697e-07,0.0008498282097829485,0.00032814452258718625,0.0005964825185410213,1.2428369782406817e-06,0.9880125257286245,1.2495779987571697e-08,8.576487838116639e-05,0.00837260151344866,1.6472737217461173e-07,8.798866286651277e-07,3.5927090138182066e-06
18,4.118426138593545e-06,0.0008536600590334549,1.3798544643937724e-08,9.301806709066071e-05,1.1321628230199528e-06,4.455106949713279e-06,0.00010975479686814697,2.2085474491224943e-05,4.268652761033632e-06,4.682600601874762e-06,5.446810738202502e-05,1.9178073268896787e-06,6.858251707806628e-05,1.0329124382998163e-07,0.0010557009121510723,0.00036568597943747273,0.0003693968248663979,7.996111124143998e-07,0.9912777082197896,9.224330321566407e-09,4.0316858143082275e-05,0.0056647295809202575,1.2104318640964156e-07,5.405596900693605e-07,2.73031803986753e-06
19,3.699793772300285e-06,0.001086823129612026,1.3031227057493801e-08,0.00014303009705691987,1.421991991070018e-06,6.309065709221632e-06,0.00010835697338212901,2.2715301125271865e-05,6.106501002265173e-06,6.727028784016301e-06,4.633006872964201e-05,2.2280835156086727e-06,6.6822870143482e-05,1.1515713090046332e-07,0.0014353579801051303,0.00039679237221307344,0.00034225645232311184,7.055659081141161e-07,0.9895991248018989,1.0315398479486208e-08,2.7455473202810778e-05,0.0066938116452896265,1.2876833244057547e-07,5.778920060967272e-07,3.079640140202927e-06
20,3.889805090824231e-06,0.0009866320198830595,9.693542086728068e-09,8.310180884777107e-05,9.577539968445145e-07,3.892757448602287e-06,9.44921032632322e-05,2.629539657922141e-05,4.3679004066961875e-06,4.530071879963316e-06,6.298961532389008e-05,1.768044902550736e-06,7.855645708225456e-05,1.1440130982091497e-07,0.0011654837041427306,0.0002476970567398747,0.0002635773780800071,6.555312867463645e-07,0.9875718065910186,8.569641051016814e-09,3.232425831365535e-05,0.009364144979374624,7.159364168062179e-08,3.494617337477129e-07,2.2830464702557627e-06
21,4.199561280900117e-06,0.0008527947707937068,1.368390885147091e-08,9.557042254799694e-05,1.1328729329086612e-06,4.4691536683299435e-06,0.00010878656283838702,2.2329995127894966e-05,4.235648207893757e-06,4.665757021973368e-06,5.488955887998167e-05,1.8887856656597978e-06,6.95950014535858e-05,1.0106091210750017e-07,0.0010441520401122484,0.0003577882508685427,0.00036306686303280516,8.122126776828842e-07,0.991291971431723,9.144853455462825e-09,3.967549214709922e-05,0.005674587441671375,1.1956877982827013e-07,5.313645995495673e-07,2.6133542943233386e-06
22,5.458501394283682e-06,0.0010102701186781584,1.9345270411340966e-08,9.904229939508451e-05,1.055248549414235e-06,4.604858790746416e-06,8.361254649529463e-05,3.006200923298003e-05,2.8913316304062255e-06,6.422133342312422e-06,6.486188104922353e-05,1.595943926132128e-06,7.623048955177564e-05,1.1425821854242493e-07,0.0007827851806934923,0.00036820389688711427,0.0005771019708791189,1.1745246198094965e-06,0.990683967062169,1.0233296298337684e-08,5.571701016245059e-05,0.006142063918722337,1.3836781032387306e-07,4.552419365960706e-07,2.141627298746555e-06
23,4.17004166139721e-06,0.0008500933684717479,1.3543176833186841e-08,9.5277156117269e-05,1.1282882246632697e-06,4.482612400372226e-06,0.00010829955529461971,2.2245948308046596e-05,4.230547780334029e-06,4.657719632326882e-06,5.4716910684815396e-05,1.873720465005305e-06,6.913193427633281e-05,1.003413073332615e-07,0.001046948687588606,0.00035549211749849054,0.0003606329275114285,8.053480900926581e-07,0.9912934066484356,9.087427551073052e-09,3.9360202179882315e-05,0.005679676619517042,1.1891216007239342e-07,5.265822682887543e-07,2.601179521873113e-06
24,2.509199263002081e-06,0.0009295008233428332,8.574298347054216e-09,0.00010974043048870437,8.102332826321237e-07,2.7595996936896465e-06,7.117467264339253e-05,1.721437433147031e-05,2.8069181909413474e-06,4.445318390994473e-06,3.396723689081084e-05,1.213384285784152e-06,5.2280453842019515e-05,8.565860290872185e-08,0.0007846352690573248,0.0002652112839379998,0.00029986252784255175,7.091902101324828e-07,0.9932632451886183,6.5075109185658785e-09,2.9753125268177143e-05,0.004125999413313195,9.561513981329758e-08,3.630466309071436e-07,1.6019549229982686e-06
25,6.538362135653736e-06,0.0008592177449359586,1.875562084837268e-08,0.00010465012498575876,1.989033983146232e-06,4.031712098154045e-06,0.00018729365025589524,6.0221228105753685e-05,3.954458690833441e-06,3.601859386584798e-06,0.00013019617245566887,3.5170112148762083e-06,9.888608414658286e-05,1.6623562081103707e-07,0.0008340738390324056,0.00036874284195063234,0.0005024327918371972,1.7229405297630539e-06,0.9890002322484771,1.3634769722695696e-08,7.864572032861838e-05,0.007746597028603721,1.2521863254374824e-07,4.907523268314435e-07,2.6405498750354053e-06
26,7.860525427935445e-06,0.0010210663758156758,3.7968427454513135e-08,0.0001887361471585746,2.453395729538015e-06,8.412798030663646e-06,0.00013514205809177988,2.120109894704581e-05,9.629154194597936e-06,9.511969303322388e-06,6.22658715776781e-05,2.125952364592124e-06,0.00010235723438335816,1.801669657619841e-07,0.0009464646318642689,0.0005175346391343364,0.000545076935221984,2.063622754625978e-06,0.9921192532112211,2.0729285699933187e-08,6.783720675167749e-05,0.004224547511996264,4.40270779108203e-07,1.967558504247833e-06,3.812966068670499e-06
27,3.93658278033298e-06,0.0008240290403791186,9.850364828180084e-09,9.250961370796852e-05,1.0016203455953058e-06,5.846018653674011e-06,9.733878623755456e-05,2.4631323571304575e-05,6.076123456142313e-06,5.039298958023237e-06,5.3871603275806256e-05,1.9624837722236483e-06,6.484348057673574e-05,9.367430030291816e-08,0.0014641561932180183,0.0003273683231900428,0.00022833478048398063,6.151765334605291e-07,0.9883609723375256,8.635487739370959e-09,2.3791771229672576e-05,0.00841019572561672,8.727344840457514e-08,4.4772965210579305e-07,2.8325532345734915e-06
28,4.17004166139721e-06,0.0008500933684717479,1.3543176833186841e-08,9.5277156117269e-05,1.1282882246632697e-06,4.482612400372226e-06,0.00010829955529461971,2.2245948308046596e-05,4.230547780334029e-06,4.657719632326882e-06,5.4716910684815396e-05,1.873720465005305e-06,6.913193427633281e-05,1.003413073332615e-07,0.001046948687588606,0.00035549211749849054,0.0003606329275114285,8.053480900926581e-07,0.9912934066484356,9.087427551073052e-09,3.9360202179882315e-05,0.005679676619517042,1.1891216007239342e-07,5.265822682887543e-07,2.601179521873113e-06
29,4.17004166139721e-06,0.0008500933684717479,1.3543176833186841e-08,9.5277156117269e-05,1.1282882246632697e-06,4.482612400372226e-06,0.00010829955529461971,2.2245948308046596e-05,4.230547780334029e-06,4.657719632326882e-06,5.4716910684815396e-05,1.873720465005305e-06,6.913193427633281e-05,1.003413073332615e-07,0.001046948687588606,0.00035549211749849054,0.0003606329275114285,8.053480900926581e-07,0.9912934066484356,9.087427551073052e-09,3.9360202179882315e-05,0.005679676619517042,1.1891216007239342e-07,5.265822682887543e-07,2.601179521873113e-06
30,4.17004166139721e-06,0.0008500933684717479,1.3543176833186841e-08,9.5277156117269e-05,1.1282882246632697e-06,4.482612400372226e-06,0.00010829955529461971,2.2245948308046596e-05,4.230547780334029e-06,4.657719632326882e-06,5.4716910684815396e-05,1.873720465005305e-06,6.913193427633281e-05,1.003413073332615e-07,0.001046948687588606,0.00035549211749849054,0.0003606329275114285,8.053480900926581e-07,0.9912934066484356,9.087427551073052e-09,3.9360202179882315e-05,0.005679676619517042,1.1891216007239342e-07,5.265822682887543e-07,2.601179521873113e-06
31,5.276563016510757e-06,0.0009167386730544625,1.8625607280491273e-08,9.522557382896164e-05,8.077810654725023e-07,3.829586506208812e-06,0.00010941537454882575,3.513450678966875e-05,3.1332875956092112e-06,5.307421763025799e-06,5.246768801397517e-05,1.9346253861123628e-06,7.813209060864047e-05,1.0132521486624389e-07,0.0007503364175111655,0.00047999153258955794,0.0004653985989987787,1.1384168279462175e-06,0.991532382636721,9.59279040919742e-09,4.681617653077497e-05,0.005413589178912341,1.1987143662502227e-07,4.6303677720786554e-07,2.2314179045844926e-06
32,0.0022001611805759634,0.1178878809932965,9.880118813358798e-06,0.002381667434409276,0.0003334460035988967,0.0002959459029694395,0.004305337573122271,0.0022931027751382075,0.001006227465726508,0.00021841421673591963,0.00905067500801477,0.0012937820668705257,0.0032345753692345843,8.687857773639436e-05,0.012849600670747321,0.00782042436342887,0.047920666384058945,3.1993678054463295e-05,0.3312165473271268,1.0586100507880925e-06,0.0007137822984884308,0.4539350644665237,8.224947309858223e-06,5.545767153214124e-05,0.0008492048964361065
33,3.765780826799226e-06,0.000860083312829374,1.612019985171242e-08,9.739932858634358e-05,1.3562765022137898e-06,6.06561229815002e-06,0.00010768640474694069,2.0666053752444402e-05,6.423963924112233e-06,6.7109349819472845e-06,5.152834284246111e-05,1.640973773487424e-06,6.238751836427903e-05,1.2924938335439153e-07,0.0013148682872589851,0.00035995929291941174,0.00031398658832616446,8.010865235121953e-07,0.9913315117664906,1.1321171180313188e-08,4.007547855024158e-05,0.0054088094593130395,1.508372574043873e-07,6.236643390113233e-07,3.3423448386953166e-06
34,4.1654533732199375e-06,0.000852045876688011,1.3558532355285573e-08,9.535142065364973e-05,1.1289919906060443e-06,4.4873960495566785e-06,0.00010833654309836838,2.2272722789971656e-05,4.235205018119066e-06,4.669724922752509e-06,5.469612611262555e-05,1.8768865912678087e-06,6.9118040981854e-05,1.0060699512093413e-07,0.0010475823368070263,0.00035627809404355747,0.0003613602919849022,8.05473504417623e-07,0.9912840799099929,9.103074399906311e-09,3.938118109462624e-05,0.005684751577185805,1.1906550223587215e-07,5.270905674678127e-07,2.607322445337199e-06
35,4.925296790683633e-06,0.0006357718526960123,1.0821843595680364e-08,7.563335705666138e-05,6.436312804747598e-07,4.245642639995185e-06,9.508778042331226e-05,2.5722077941515748e-05,3.4519350668120224e-06,3.903700167924731e-06,4.713833969301801e-05,1.8354007013567613e-06,6.884055382873325e-05,6.267751853197985e-08,0.0007475740196552656,0.00039467143766269713,0.00028699915658289435,9.035625506589914e-07,0.9913884337296425,6.782206385410368e-09,2.8391705976006946e-05,0.006183440655659561,8.173131974473372e-08,4.0671457188496407e-07,1.8174365238942419e-06
36,3.497754506501738e-06,0.0010774101279594393,1.0035099880740501e-08,8.903552951553135e-05,5.061260365934515e-07,3.9394794607303285e-06,9.651730930274752e-05,4.38012408587013e-05,4.018007722414754e-06,6.288206236968459e-06,3.7689107230221635e-05,2.5210483220003475e-06,6.167372866476101e-05,1.1772132711148503e-07,0.0009285591894866831,0.0005089808925841408,0.00034325287294013175,7.922123156261191e-07,0.9874144845864608,7.299943739329547e-09,2.3002153819861987e-05,0.009351211002406927,6.710947152347568e-08,2.5682707602750674e-07,2.360431250997532e-06
37,7.766757307400786e-06,0.0010032047209066735,2.919032951086839e-08,0.00010946465176965946,1.7825728633728912e-06,4.397409796888825e-06,0.00016441751028084642,2.213549963334412e-05,5.562260987835722e-06,5.04913573230193e-06,7.261206505988043e-05,2.8826057539329913e-06,0.00012473104507190587,1.5029759874296787e-07,0.000874116216659681,0.00046424965502214765,0.0005411718940598639,1.359707834819128e-06,0.9908576532438761,1.4532307251563823e-08,7.314242484122112e-05,0.005659031564080631,1.9244108087075127e-07,1.2152839297532226e-06,3.667313215476183e-06
38,2.9555696938327594e-06,0.00035800194772872676,8.474916893986516e-09,5.679552860403368e-05,4.248597946258342e-07,4.356047412639931e-06,0.00010390714867127045,1.3194980045774233e-05,2.2934987545769375e-06,2.880133441593699e-06,2.6483182903625124e-05,1.0548999111384512e-06,5.179477366034066e-05,3.01246656789953e-08,0.0007968943477795907,0.0004197840497103358,0.00021725332089081537,6.108514923262355e-07,0.9949430267638253,6.0735088862589874e-09,2.4218567365352614e-05,0.002972155744954043,8.650722970855774e-08,3.6068097020724095e-07,1.4219220685883123e-06
39,5.330696336570026e-06,0.0006010811485240292,1.5126595416921098e-08,6.739487467571465e-05,8.446633856303767e-07,5.70627031465512e-06,0.00016482335935473152,4.1687913817635923e-05,2.8952103664203816e-06,3.4258891297070298e-06,6.547307321834816e-05,2.9612415831338446e-06,7.284854906886937e-05,6.561341727851692e-08,0.0008518177789879629,0.0006308913816501113,0.0004883234084043759,8.914220808921505e-07,0.9901874670782274,8.974631019216937e-09,4.706192370086683e-05,0.006755802094152899,1.0294477130424349e-07,4.341114632190799e-07,2.64525214179156e-06
40,9.402162787972129e-06,0.0015893533995564525,2.470665134680288e-08,0.000113265509247985,2.1983398384821295e-06,7.660481423694905e-06,0.00018434147913134707,3.579395025860419e-05,7.204570519208305e-06,5.464484601658645e-06,0.00012281227793666414,4.9102903654045666e-06,0.00012041787447589394,1.8025628791609832e-07,0.001992196956932065,0.0004531024411228143,0.0006433096306631354,7.80828711098443e-07,0.9804921064862069,1.3116525173962828e-08,5.294299773877167e-05,0.01415572792188716,1.3676064037370718e-07,7.425116564292447e-07,5.910564833600152e-06
41,3.999934729191247e-06,0.0007230637096074424,1.0772289048078088e-08,0.0001768243285640468,2.026608532177452e-06,9.200617598318573e-06,9.864666921207881e-05,1.951575127718497e-05,7.148265019443744e-06,5.534351750389898e-06,5.6573504998924766e-05,1.822657283902419e-06,4.702863054547415e-05,7.351690183382099e-08,0.0024527621490459386,0.0003208164001595527,0.0002578003468691648,5.91345809491883e-07,0.9905988135921114,8.669336327134897e-09,1.834030939061715e-05,0.005195881951846894,1.427532469612408e-07,5.31741756367908e-07,2.8414221176891635e-06
42,1.6631534560239085e-05,0.003070375840815445,5.786279839689459e-07,0.0007634264759487476,2.686952972479158e-05,9.596232499075686e-06,0.0004458175607300167,2.186772101258343e-05,4.322749411928428e-05,3.9132264998706224e-05,0.000160767066366867,5.7986243192669065e-06,0.00016904133319275863,4.70263346020605e-06,0.002039593391315272,0.0008918926740854,0.0022280517984048427,1.7044038305629178e-05,0.98819552862461,1.5424317729528727e-07,0.0007055040382405311,0.001087237880371276,9.571401972919977e-06,1.9256781111776277e-05,2.833218867316609e-05
43,2.6169331387850018e-06,0.0005798827119149516,1.046474173807547e-08,7.485348514323273e-05,8.000507761517644e-07,7.0859088013927965e-06,7.45015164157336e-05,2.2432351802186664e-05,4.576395306542921e-06,7.267582085262968e-06,3.69203442017839e-05,9.311975342228743e-07,4.7151548129474694e-05,7.602582681163484e-08,0.0011028659963361646,0.0003183203385483346,0.00020662258868091548,6.53434979156016e-07,0.9920574659218174,9.078392586540256e-09,2.94618931872788e-05,0.005423092293140831,9.921496000059061e-08,3.398156011558136e-07,1.9629085378138287e-06
44,4.17004166139721e-06,0.0008500933684717479,1.3543176833186841e-08,9.5277156117269e-05,1.1282882246632697e-06,4.482612400372226e-06,0.00010829955529461971,2.2245948308046596e-05,4.230547780334029e-06,4.657719632326882e-06,5.4716910684815396e-05,1.873720465005305e-06,6.913193427633281e-05,1.003413073332615e-07,0.001046948687588606,0.00035549211749849054,0.0003606329275114285,8.053480900926581e-07,0.9912934066484356,9.087427551073052e-09,3.9360202179882315e-05,0.005679676619517042,1.1891216007239342e-07,5.265822682887543e-07,2.601179521873113e-06
45,2.654365190652243e-06,0.0003203635404854246,4.628130894697673e-09,9.10532264934337e-05,8.364165764382395e-07,5.7061369901353356e-06,0.00012509987646304522,1.885119058015071e-05,3.7416421766270856e-06,2.1255784606810554e-06,3.841605080478952e-05,1.5003267262495334e-06,4.339004831041751e-05,2.7007146237134244e-08,0.0017883444527581754,0.00032831512666468967,0.00013442929268924202,4.177605768402602e-07,0.9926086898060188,5.831387102466924e-09,1.1937229348278353e-05,0.0044722542966254665,6.040795095635634e-08,2.698621703219813e-07,1.5058992750158756e-06
46,8.368735404228423e-06,0.001431898902419552,1.3319088331060344e-08,0.00012820516608416554,1.0776034856276414e-06,4.103629002384089e-06,0.00010953947816664302,3.11327116562743e-05,1.5864688243535515e-06,2.766746238392278e-06,8.254362961169436e-05,4.637810064609488e-06,8.795092779675004e-05,5.554156245842709e-08,0.0012630387486569706,0.0006337431592108594,0.0013602964221094953,5.665369122369357e-07,0.9843661246796498,6.0824710112365545e-09,3.3099859511870195e-05,0.010445713055798287,9.942504530449761e-08,4.7585465690796174e-07,2.955506571789689e-06
47,7.009035778666523e-06,0.0014941644113100748,1.2312198978284456e-08,7.474860048505622e-05,6.570011627872944e-07,3.4404502768040667e-06,0.00011719306433581222,2.8517575948363002e-05,3.5359574245705955e-06,3.783734304863095e-06,5.741546359374082e-05,3.598028973177421e-06,0.00011682346360522715,7.62522814795213e-08,0.001089139238592414,0.0005231925092945668,0.0004681867157231634,5.176144942404396e-07,0.9824805632585327,7.03848203070946e-09,2.577370990284881e-05,0.013498049435450915,5.501461099222172e-08,4.807049492632955e-07,3.0594082872680787e-06
48,9.649769862281631e-06,0.00037891592544502233,3.819202887214978e-08,9.709990576784837e-05,5.977598310421356e-06,1.2256895056243422e-05,0.0002890826738628014,2.279490402284297e-05,3.113266319624111e-05,5.398904913124762e-06,0.00017475111039707013,3.1238558772467244e-06,0.00013822703626202934,2.485480068232834e-07,0.0021411277574350522,0.0003289770254213506,0.00015630900922804732,1.8301304264682024e-06,0.9899813920119477,3.351904391344076e-08,8.582542713473318e-05,0.006125446178910131,2.8872670501454396e-07,2.6710482068664593e-06,7.401182531763616e-06
49,6.922784814471244e-06,0.0010695881431390841,2.192072198892929e-08,0.00011855420243186362,1.561015125650199e-06,7.968742472610592e-06,0.00014652430248093072,3.538775096202125e-05,6.128476597484235e-06,6.317026123777281e-06,8.387739448936874e-05,3.0884679255621293e-06,9.394951875939363e-05,1.3728935919638584e-07,0.0012605046300210095,0.00047549347979254517,0.0005053381591185512,1.109064775046369e-06,0.9876552327495105,1.3462594163081253e-08,4.8388797308093705e-05,0.008469313063892599,1.6779886200337443e-07,7.117539443707456e-07,3.7000047774930664e-06
50,2.615043159211837e-06,0.0008211043481690087,1.1128266334723359e-08,6.334705742152117e-05,6.899138892232963e-07,3.3781617720475528e-06,9.690286807267417e-05,2.38343019174108e-05,3.992125689201145e-06,5.565178092366897e-06,3.542864733472764e-05,1.4277343843933072e-06,5.998001106174132e-05,1.0739858603363074e-07,0.000883299305012483,0.00031969980125922824,0.00023218165908862542,5.848020380184641e-07,0.9914411984052803,7.54657550967012e-09,3.5115574968349216e-05,0.005966793965854765,6.901442258732704e-08,3.176307385192232e-07,2.348376945853181e-06
51,2.9389724764801273e-06,0.0023253472752717583,7.776671146216543e-09,0.00014614142899707617,6.807350690464833e-07,2.221423464383936e-06,4.9147582208443506e-05,3.443186467058141e-05,2.6735225279607988e-06,6.283653108583478e-06,4.393540178858572e-05,1.7067388496254052e-06,6.262796935714937e-05,1.358986594511395e-07,0.001071012002752953,0.00022363823315024527,0.00028981068293301894,5.720551345776323e-07,0.9864810239418466,5.617389034148723e-09,2.0920962839082087e-05,0.009232847406873688,4.770937459613606e-08,1.8806220966828176e-07,1.6530823764220171e-06
52,3.5705464386753665e-06,0.0007289962748666808,1.159487343637742e-08,9.31155539898324e-05,8.926603759249931e-07,4.479522644903153e-06,8.694859816522144e-05,2.075087525278324e-05,3.963647052678071e-06,5.126802359252601e-06,4.491483141770217e-05,1.4544154830224542e-06,6.194453560290174e-05,8.566232680677996e-08,0.001019839129049328,0.00034479357037376913,0.00028619002385880336,7.963185356672961e-07,0.9921155134780829,8.800668371469097e-09,3.123833737838793e-05,0.005142662854830044,1.0645801053436158e-07,4.5466072437460615e-07,2.1408476381280584e-06
53,4.151114113727193e-06,0.0006494026354015754,1.3778536696324636e-08,8.250595383941497e-05,1.26020362224529e-06,6.037812955344875e-06,0.00026152006891731386,2.6702669875828072e-05,6.144088219126603e-06,3.2360283466964645e-06,6.014341793094187e-05,3.103561444643844e-06,7.451626031377485e-05,1.0405839182528589e-07,0.001241151544724644,0.00048332242847266854,0.00034186530754358745,8.637324694369082e-07,0.9912803519957902,1.1244200745780699e-08,4.529575604621282e-05,0.005423929138240684,1.5122327326822938e-07,6.113166712365821e-07,3.6046606580956904e-06
54,2.7880286153727622e-06,0.0016109077255344391,1.6440713816217223e-08,8.714340949866104e-05,1.147219124400455e-06,4.509400554068093e-06,0.00011664697697792851,2.6767317869238187e-05,7.65854392420339e-06,8.531120909090244e-06,4.3648493207983e-05,3.7260083219613273e-06,6.050289134039744e-05,2.1328558872153708e-07,0.00206082558317066,0.0007470932624823743,0.00040619883990265554,4.916042370809628e-07,0.9867791259629917,1.2935665435435117e-08,3.0068821078732366e-05,0.007993095171544784,1.072297736347442e-07,7.011068727741174e-07,8.072620099974463e-06
55,5.641135516607359e-06,0.000607492754110695,1.4516560693339506e-08,0.00012117639277695909,1.9587108512868257e-06,5.7089624782329065e-06,0.0002680460641281888,1.9272256971888316e-05,8.671790546238434e-06,2.5402920109953794e-06,6.722470932567615e-05,4.795237590274111e-06,8.898448932677413e-05,9.64046206129693e-08,0.0011289689182065622,0.00046083396976759984,0.0003005844525723785,1.0252471323197202e-06,0.9921112538323092,1.032073279436988e-08,3.875458156553847e-05,0.004751572253600589,1.785787838608931e-07,1.2536810522865022e-06,3.9404474616101345e-06
56,4.346808898648116e-06,0.0008622703359614733,1.3735501539053152e-08,9.45057788723738e-05,1.125187522382846e-06,4.36755276419761e-06,0.00011105907067475244,2.2603400937072276e-05,4.232242457364691e-06,4.5398805096055784e-06,5.6066129218387084e-05,1.9540096307263823e-06,7.318928378826739e-05,1.0150546053218237e-07,0.0010252342125884378,0.0003535353157501214,0.00036001030457548654,8.194378121840408e-07,0.991093008287325,9.22926102935425e-09,4.02034944952168e-05,0.005883544440211419,1.1688895325598364e-07,5.398245844993866e-07,2.6036422461038705e-06
57,2.650495291141925e-06,0.0006517192169056863,7.877108413470707e-09,5.9705094744405835e-05,6.262357055114699e-07,2.3577283404458614e-06,8.541828368604785e-05,1.590931763397103e-05,2.343284551418241e-06,2.7699846977761427e-06,3.6246153087022915e-05,1.3844728554247097e-06,5.585570632117154e-05,5.858018754865799e-08,0.000675047003887327,0.0002788756748483844,0.0002570891457971339,5.291583219590834e-07,0.993374844098684,5.159989853254911e-09,3.239452185347678e-05,0.004462086502792523,6.246795291898187e-08,3.329442985725604e-07,1.6808904579843462e-06
58,4.2561402905131275e-06,0.0008159760960182097,1.4550455240126157e-08,9.735657794643601e-05,1.2797113225781984e-06,4.357676596816156e-06,0.0001141289906660679,1.890919984299791e-05,4.535812792488175e-06,4.392742752782928e-06,5.471384112616678e-05,1.9492392677909663e-06,7.65074036397052e-05,9.946114471691535e-08,0.0010152058880921393,0.0003655812527161237,0.0003561682658533409,8.344537666622378e-07,0.9918695239575448,1.0310555045227328e-08,4.2889479750747e-05,0.005147699412704434,1.347789455752193e-07,7.126228120494113e-07,2.7621333966815437e-06
59,4.520549418058198e-06,0.0008879585773657687,1.729643521814189e-08,9.906099666875415e-05,1.360301834995278e-06,4.717915889934324e-06,0.00011519363126091354,2.0894641247332415e-05,4.793135818584998e-06,5.214439691163283e-06,5.6734862033178423e-05,1.997210469978943e-06,7.714869686673051e-05,1.1590343296395754e-07,0.0010096729898928336,0.0004021030789948121,0.00040295751837784126,9.33381181976207e-07,0.9915789095498742,1.136530844161153e-08,4.8509106502649526e-05,0.00527323375746574,1.4999188996162402e-07,7.478277715711639e-07,3.0432743064356086e-06
60,4.17004166139721e-06,0.0008500933684717479,1.3543176833186841e-08,9.5277156117269e-05,1.1282882246632697e-06,4.482612400372226e-06,0.00010829955529461971,2.2245948308046596e-05,4.230547780334029e-06,4.657719632326882e-06,5.4716910684815396e-05,1.873720465005305e-06,6.913193427633281e-05,1.003413073332615e-07,0.001046948687588606,0.00035549211749849054,0.0003606329275114285,8.053480900926581e-07,0.9912934066484356,9.087427551073052e-09,3.9360202179882315e-05,0.005679676619517042,1.1891216007239342e-07,5.265822682887543e-07,2.601179521873113e-06
61,4.873182559504505e-06,0.0008703557043680675,1.8848631000915226e-08,0.0001007291706581725,1.4184942106939792e-06,4.971255332161426e-06,0.00011833807129093823,2.178431451061368e-05,5.177203550690021e-06,5.464560866944325e-06,5.922677879367984e-05,1.992867593584949e-06,8.038084435497476e-05,1.2172881001034568e-07,0.0009967299947369185,0.00039486671306729457,0.0003947334917623915,9.994308896673602e-07,0.9915578767595499,1.1824489262592111e-08,5.117424081518205e-05,0.005324733451331174,1.5797789952024114e-07,7.87173131503641e-07,3.0759167962527246e-06
62,4.17004166139721e-06,0.0008500933684717479,1.3543176833186841e-08,9.5277156117269e-05,1.1282882246632697e-06,4.482612400372226e-06,0.00010829955529461971,2.2245948308046596e-05,4.230547780334029e-06,4.657719632326882e-06,5.4716910684815396e-05,1.873720465005305e-06,6.913193427633281e-05,1.003413073332615e-07,0.001046948687588606,0.00035549211749849054,0.0003606329275114285,8.053480900926581e-07,0.9912934066484356,9.087427551073052e-09,3.9360202179882315e-05,0.005679676619517042,1.1891216007239342e-07,5.265822682887543e-07,2.601179521873113e-06
63,3.940686273427371e-06,0.0009646630401562291,1.2560069624196696e-08,9.5947132788243e-05,1.022809930372875e-06,4.0164824541941625e-06,9.75311403797465e-05,2.191969109811566e-05,3.874508049539607e-06,4.756947345163436e-06,5.063212134367893e-05,1.8007542019723883e-06,6.849458717152223e-05,9.85168589619021e-08,0.0010136092574925745,0.00034444862469174415,0.00036190041321176517,7.421423696357788e-07,0.9910333030723096,8.451129248999301e-09,3.6541726738364746e-05,0.0058876973971356715,1.0663380214783786e-07,4.831071269667029e-07,2.448195871449662e-06
64,4.2721015501987385e-06,0.0008485151174661113,1.5883719349658243e-08,8.438426886021202e-05,1.1829162751708169e-06,3.7075913652861605e-06,0.00011507972657648828,2.1268464737793686e-05,3.7447860605757973e-06,4.319350485706616e-06,5.757048316862119e-05,1.8218761616819766e-06,7.538413014939615e-05,1.116391159046784e-07,0.0008436955330673886,0.00033880842144968484,0.0003993463629155042,9.007104420474748e-07,0.9920636312834448,9.434128927926843e-09,5.516216609117321e-05,0.005073774694386366,1.2622283864572707e-07,5.761431497252977e-07,2.5906923930556254e-06
65,2.1441474345329674e-06,9.724233119211106e-05,1.84907405738241e-09,7.543652594085215e-05,4.7208249191247324e-07,5.488893055726448e-06,7.444403381138129e-05,6.84113441377679e-06,6.84625627352149e-07,6.007542878631759e-07,3.137587545507975e-05,5.61572901303046e-07,1.4738677624604574e-05,4.656608187197025e-09,0.000881347571202021,0.000165565172910492,0.0001920729951772847,4.2432377464782685e-07,0.9972445347274489,1.4562851508462958e-09,1.0633291009138333e-05,0.0011947210066258385,9.424428341816422e-08,1.2917403871924095e-07,4.3887732578286163e-07
66,4.0536522890508566e-06,0.0008536913918236417,1.3134761859767753e-08,9.591586653043877e-05,1.1244118305023716e-06,4.5111166801719945e-06,0.00010567224106455773,2.1593844201876432e-05,4.229550038399822e-06,4.655597840375376e-06,5.367593268063143e-05,1.846040765265999e-06,6.665772029020554e-05,9.939775477467196e-08,0.0010623981280404792,0.0003522844984400248,0.0003613423499056717,7.854736785302796e-07,0.9913563625711411,8.900318883577683e-09,3.844839688411926e-05,0.005607368285991098,1.2083723529399065e-07,5.265277963154374e-07,2.614132016553497e-06
67,5.985606885633296e-06,0.0008078999842849082,4.699348382915269e-08,0.0001377780923351314,1.7966138686185202e-06,5.210412394105539e-06,0.00012462353352216506,2.322077777767253e-05,3.923987854869752e-06,8.164647230469007e-06,6.28650458399999e-05,1.565442362911072e-06,9.61859542038262e-05,1.9091669203010065e-07,0.0006798717517925661,0.0005187925145188813,0.0007801626610609367,2.366078327544386e-06,0.9938648476350436,2.268210112487146e-08,0.00013242126795886538,0.0027370889949068955,4.68786629454709e-07,1.3708487353990757e-06,3.128770188624026e-06
68,6.183246644921003e-06,0.0011898037952709892,3.979577217053855e-08,0.00017876177294589573,3.00799543328646e-06,9.956543076901033e-06,0.00019600676256809735,2.7309747700588343e-05,1.4504401096929936e-05,1.1152269575838693e-05,7.565039074483736e-05,3.4859640429443197e-06,0.00010405410687379572,3.1518712270465703e-07,0.0016410237837487477,0.000547725637354867,0.00048282122129173947,1.5075730702987397e-06,0.9894928015613907,2.5024248802526682e-08,6.679400396490472e-05,0.005938236546586136,3.651274806693259e-07,1.6683447765649767e-06,6.7991972166757825e-06
69,3.946699537277372e-06,0.0006817745040991794,4.778787804576749e-08,7.599839053642031e-05,1.3147857890141286e-06,5.435567545156299e-06,0.00017615102444632708,4.35477975920396e-05,6.37842365980232e-06,1.0514467243091323e-05,5.650549937168036e-05,2.0863072751073645e-06,8.606502908701388e-05,3.4410857779099897e-07,0.0006024991320277099,0.0006438142543401066,0.0004428554614234363,2.7445772703657246e-06,0.9934777081826596,2.9597015734676543e-08,0.00016194648962368762,0.0035124644146466303,3.276393726002239e-07,1.054091756971365e-06,4.445767225214921e-06
70,7.730792679834604e-06,0.0010888986613660672,2.904179745188366e-08,0.0003517408547322298,8.890888151659876e-06,1.3662227243151438e-05,0.0003071908422758737,3.157547670213106e-05,1.9780141571030476e-05,5.8282029473925466e-06,0.00014330496637717915,3.909225949089708e-06,8.987343333320181e-05,2.74343588600624e-07,0.0028267494952319496,0.0002517599686921284,0.00043595387850761924,1.2751897665313038e-06,0.9881305565126414,1.934615194761193e-08,6.22241801693854e-05,0.006211084780060994,4.795014344207305e-07,1.3964798922199022e-06,5.811568736374232e-06
