,0,1,2,3,4,5,6,7,8,9,10,11,12,13,14,15,16,17,18,19,20,21,22,23,24
0,0.011124456602305112,3.0547526953131264e-07,0.0059590028103884635,4.584051383974321e-07,4.9787354603075645e-05,4.449243953656237e-05,2.071027799365722e-05,0.005103204944608403,3.87484085863509e-06,2.932089288049951e-05,1.0094513887091886e-08,0.00014718729791774596,0.0005615667177299317,1.0378323674540447e-07,2.1721301989886976e-08,0.013251048641963224,0.032637928312231446,5.619647536795504e-06,0.9291460565976708,3.0324260458828295e-08,1.4503416970568636e-05,0.0006788334752870859,6.141162538536751e-09,0.0012214500374130473,1.9747221352857414e-08
1,0.00826107756158379,2.3582297457402252e-07,0.005803411127799124,2.800062920224704e-07,4.493841870617076e-05,3.201192321232691e-05,1.185504888579193e-05,0.003487479928868579,3.6653043356188952e-06,2.2393325346249972e-05,6.390490159640573e-09,7.902525330407668e-05,0.0003907941653705793,4.695352692892405e-08,1.2669607086165503e-08,0.010107464043023043,0.01986036362365873,2.6353103977063682e-06,0.9507462004711043,1.6959556086029604e-08,8.519523261481959e-06,0.0004685903407360385,3.0908218935178956e-09,0.0006689615931873252,1.1143950178079051e-08
2,0.012499735556066593,5.009219318998197e-07,0.008229661124057529,4.306039898001154e-07,7.118133104977908e-05,3.322421386859141e-05,1.9110089516664184e-05,0.007445823202957907,5.428203858987138e-06,4.181481853330172e-05,2.2699791054277263e-08,0.00019707278916624078,0.0005998872305416809,1.6270692005460345e-07,5.429174986411074e-08,0.009227845296095397,0.029682559042573938,6.055356099927607e-06,0.930060268145615,4.345759117153823e-08,1.588965507856885e-05,0.000780599356184409,7.569826410379487e-09,0.0010825888605800005,3.3476355163034723e-08
3,0.009832000419196336,3.492734645151157e-07,0.005769460894678691,3.9179764035288305e-07,5.059280239259772e-05,4.460042002767825e-05,2.0728799753519627e-05,0.004309236003113611,3.445807728105955e-06,2.7310686020498432e-05,1.0004003742920087e-08,0.00015720377927623243,0.0004664694759555618,1.1723892805613618e-07,2.4477510448695536e-08,0.011491172802597267,0.03278935346474782,5.586248244467703e-06,0.9329896989583589,2.7529791530104948e-08,1.5195968460930951e-05,0.0007544024533958854,6.238507212933277e-09,0.001272591310740181,2.3145465720263018e-08
4,0.010068570267648758,3.0607989188604223e-07,0.005585896677357183,3.7367687653910676e-07,4.8704210635366875e-05,4.240944494121014e-05,2.0194234441242153e-05,0.0041300304950968765,3.1220327135237327e-06,2.7697737465927307e-05,9.22770029833554e-09,0.00014394120534828546,0.0005211199205290224,1.2252056451944785e-07,2.17678018313727e-08,0.011332675138604795,0.031736771924257376,5.556794843496878e-06,0.9343186944154395,2.8744351813327708e-08,1.387780277198615e-05,0.0006320477864885905,6.112003270425242e-09,0.0013678003041433257,2.1478083511099014e-08
5,0.00983242944776743,4.1204832600914245e-07,0.004819087666653824,5.386911562012012e-07,4.924229077767916e-05,5.620955871386702e-05,1.943888159423819e-05,0.004552994855408932,3.6511909170205645e-06,2.8089750135895733e-05,1.1926786798902047e-08,0.0001563048198596762,0.0004992433029015807,1.2542644567482866e-07,2.8380924040889186e-08,0.012512161789099073,0.032431280250051035,8.456910408214935e-06,0.9329607869985065,3.466576864993204e-08,1.646301798564925e-05,0.0008027884849584367,7.774478224634793e-09,0.001250188033084575,2.3837290925718364e-08
6,0.009832000419196336,3.492734645151157e-07,0.005769460894678691,3.9179764035288305e-07,5.059280239259772e-05,4.460042002767825e-05,2.0728799753519627e-05,0.004309236003113611,3.445807728105955e-06,2.7310686020498432e-05,1.0004003742920087e-08,0.00015720377927623243,0.0004664694759555618,1.1723892805613618e-07,2.4477510448695536e-08,0.011491172802597267,0.03278935346474782,5.586248244467703e-06,0.9329896989583589,2.7529791530104948e-08,1.5195968460930951e-05,0.0007544024533958854,6.238507212933277e-09,0.001272591310740181,2.3145465720263018e-08
7,0.01003980818471806,3.404926738219607e-07,0.005829966178562619,3.871811392576029e-07,5.0682945221228064e-05,4.301719972215323e-05,2.066855906948599e-05,0.0043412818864001345,3.44536373046148e-06,2.7827034399868706e-05,9.978462500621395e-09,0.00015273909954196044,0.000472173716153535,1.1540559873287156e-07,2.383743704186718e-08,0.01122209815030293,0.032447420726147216,5.364708986689921e-06,0.9333289478335786,2.7327842246340892e-08,1.4532977913853286e-05,0.0007368208776176508,6.032647133068472e-09,0.0012622714267913552,2.2875341721926354e-08
8,0.01783577443540535,3.2145554319417876e-07,0.012989354471974246,3.657547073148427e-07,5.2071550305303534e-05,2.8825660682249326e-05,3.337400056434141e-05,0.004940865532369214,3.031296694202434e-06,5.2973983549442854e-05,9.835008706748063e-09,0.0002234366956065579,0.0008491709169175283,1.9310837872250963e-07,2.3430881614858224e-08,0.01024035007794346,0.049172245655881686,3.211788387714474e-06,0.899287932843637,3.539765509382541e-08,1.9232512426987522e-05,0.0007584012041370312,9.814176124599778e-09,0.0035087477267349487,4.085043227347118e-08
9,0.017240248159685938,4.3165512852997337e-07,0.009370515407937784,3.6688920667534805e-07,4.630188863170616e-05,2.8169712785651304e-05,2.3636003568877993e-05,0.005407920749168481,3.3367539494511506e-06,4.550662398858563e-05,1.2250376874390475e-08,0.00019651161837634017,0.0006485698914725194,1.86241627936964e-07,3.498674734892404e-08,0.008171006742650323,0.045206626690846026,4.027479479671379e-06,0.9101362248616898,3.133128392070721e-08,1.9017838080252394e-05,0.0008015299454887477,1.0596771129331638e-08,0.0026497320432107728,4.363784661110356e-08
10,0.009832000419196336,3.492734645151157e-07,0.005769460894678691,3.9179764035288305e-07,5.059280239259772e-05,4.460042002767825e-05,2.0728799753519627e-05,0.004309236003113611,3.445807728105955e-06,2.7310686020498432e-05,1.0004003742920087e-08,0.00015720377927623243,0.0004664694759555618,1.1723892805613618e-07,2.4477510448695536e-08,0.011491172802597267,0.03278935346474782,5.586248244467703e-06,0.9329896989583589,2.7529791530104948e-08,1.5195968460930951e-05,0.0007544024533958854,6.238507212933277e-09,0.001272591310740181,2.3145465720263018e-08
11,0.01024855349252959,3.083418472830351e-07,0.0058536128334342125,3.8431404331922404e-07,4.835692402718776e-05,4.373029508633473e-05,2.090240130879923e-05,0.004738479835699314,3.4648529804273795e-06,3.0610939728034714e-05,9.636560834618655e-09,0.00015483733061260485,0.0005479701522689567,1.1110080432133234e-07,2.2268357175596897e-08,0.01154287849630295,0.03347682512102673,5.360924021958955e-06,0.9312141611072513,2.943184001197189e-08,1.380098397342619e-05,0.0007018660608382538,5.925522956958205e-09,0.0013536957160742128,2.1513859753936176e-08
12,0.010300410878805826,3.9265807465640106e-07,0.004633449340024612,5.343132590872787e-07,0.00019571850791596214,8.651720005156219e-05,5.953624832159093e-05,0.0011559794321666535,2.6284265589987684e-06,2.014569430971767e-05,1.43922407323084e-08,0.00024613527274347806,0.0006371441892607749,7.860363615308111e-07,2.652312842737396e-08,0.020471816406423187,0.052284952012188184,2.689985140874531e-05,0.9061269169449612,7.660495890719212e-08,3.860903031618074e-05,0.0005238025484515258,3.1157082130133495e-08,0.0031874131379928407,6.319299347864736e-08
13,0.04496958923423178,5.697798091469409e-07,0.033053537547836596,1.8588182984461619e-06,0.0001503656868401184,2.690537012199974e-05,6.563785626250496e-05,0.028043843058420944,9.228202722191546e-06,0.00011656742969670871,3.6372464200332766e-07,0.0017009613977778367,0.002291779291154086,2.169687255148757e-06,3.9722785925227006e-07,0.03320823323345024,0.06061529728485732,3.0968926685174965e-05,0.792461721166147,2.827599699835085e-07,7.392915527695174e-05,0.0012218532698585617,3.8669121060278136e-08,0.001953821494559236,7.972714574112592e-08
14,0.0017646546322329848,7.008660719908031e-07,0.00240046047710678,2.807883483783033e-07,5.45856660741334e-05,3.417229851294844e-05,1.883808313729649e-06,0.0007254738144830609,1.9046243719549277e-06,6.58750623479665e-06,1.1048613668571884e-08,1.8106434636217986e-05,0.00012989910516047047,4.643608155810398e-08,2.186282395010337e-08,0.004765390957546121,0.0035881269071888306,7.157313892499134e-06,0.9861686129534954,1.8571357120771505e-08,5.198651973366104e-06,0.00019649248498838256,2.7428278559335645e-09,0.0001302044110351931,5.636628520770407e-09
15,0.009832000419196336,3.492734645151157e-07,0.005769460894678691,3.9179764035288305e-07,5.059280239259772e-05,4.460042002767825e-05,2.0728799753519627e-05,0.004309236003113611,3.445807728105955e-06,2.7310686020498432e-05,1.0004003742920087e-08,0.00015720377927623243,0.0004664694759555618,1.1723892805613618e-07,2.4477510448695536e-08,0.011491172802597267,0.03278935346474782,5.586248244467703e-06,0.9329896989583589,2.7529791530104948e-08,1.5195968460930951e-05,0.0007544024533958854,6.238507212933277e-09,0.001272591310740181,2.3145465720263018e-08
16,0.012022178886379919,3.085305839643163e-07,0.009770877760527763,7.643392503425766e-07,7.197381823901862e-05,6.891867675006181e-05,3.9690920985720204e-05,0.005362051211118452,2.8874251453974356e-06,2.9477541072685285e-05,2.4276143654383103e-08,0.00041954626255929676,0.0008230150881625027,3.78188054592771e-07,5.0129845389228606e-08,0.03253197499098802,0.04450289771860982,1.9035580512420936e-05,0.8916119653339478,7.494416431250926e-08,5.34100361072845e-05,0.0007894461742174299,1.4795281851839096e-08,0.0018790140895496978,2.3281802301555653e-08
17,0.02630746373974946,3.835072169039503e-07,0.011833320843647743,9.267073792288062e-07,0.00011009804122785883,4.936536905732242e-05,8.674238419858209e-05,0.008434827054225677,6.614922595673901e-06,5.397846540089399e-05,2.593282450224521e-08,0.0005230753432367577,0.0009758575886898764,4.0542883725752635e-07,3.788749128384884e-08,0.019866033069040705,0.07517133957122564,8.122378756037231e-06,0.8524782848402183,5.840065594925652e-08,2.8570066309285614e-05,0.001470841477859352,1.3850725924891282e-08,0.002593548212072362,6.491735740559145e-08
18,0.013101059266025972,3.937968147777155e-07,0.003021841429735927,2.528539587805957e-07,5.451831690678193e-05,3.131502021988667e-05,2.956472736575145e-05,0.0021199567394696267,3.521167273233238e-06,2.8567611058079613e-05,9.28346491316701e-09,9.398542826822659e-05,0.00023587446721133447,1.4086475492579485e-07,1.9307162874755427e-08,0.004046306785502578,0.07406144746975103,4.746807965714759e-06,0.9004341512943058,1.8479233042319868e-08,9.747107482873603e-06,0.0011134859679125615,8.020456020547252e-09,0.0016089936113049665,7.41763942600589e-08
19,0.011933333944049282,2.627463571705718e-07,0.008821733265750326,4.2697774237915396e-07,5.872114936269143e-05,5.363669945229008e-05,3.823253877769756e-05,0.007417664654954461,4.81956306738347e-06,5.39131028171113e-05,8.099529180935282e-09,0.00023538293919571706,0.0007932108311336898,8.095104000659931e-08,1.6573908824983095e-08,0.013130956495366764,0.04297023926882556,3.1129763845789995e-06,0.911593484740319,3.138604736374637e-08,1.266433789564108e-05,0.001073899219548617,4.551236866053576e-09,0.0018041373789948818,2.560824251259567e-08
20,0.0072210588791922214,1.0435363165428442e-06,0.007535424098758971,6.683815335780038e-07,3.7401118954266606e-05,8.096192638971947e-05,1.6457184405922968e-05,0.010694546515423564,5.650538888461959e-06,3.4912559926888764e-05,2.1054923812863206e-08,0.0004145422511061471,0.00042272405287535977,1.2254390805308628e-07,1.0000664297429193e-07,0.014220042685658442,0.03420219954528297,9.609269554314386e-06,0.9217142135450797,3.806416659033968e-08,3.683838599869377e-05,0.002221270441753393,9.521127604151792e-09,0.0011301114341427019,3.2457989091224904e-08
21,0.016705810697571016,3.9769947242579347e-07,0.008165337512286036,9.059953007512372e-07,6.881737574478155e-05,4.6182356769627465e-05,2.6504010967521524e-05,0.005795669074243298,4.451972637539824e-06,3.0587413696599374e-05,3.035744786865975e-08,0.00031665855263156463,0.0006718080734365406,3.464976656989394e-07,5.287142588759301e-08,0.022715505541274945,0.028699061558944344,1.256895420963668e-05,0.914837337195359,5.38152870657444e-08,2.6135000099769795e-05,0.0007374646262379596,1.1716403160594467e-08,0.0011382741098762558,2.702101082501634e-08
22,0.01377116012345631,2.930737975896462e-07,0.008488599673135932,6.549113630179992e-07,6.73775681993787e-05,3.974776297807436e-05,2.7923857704930378e-05,0.0051478392420271635,4.054782453637424e-06,4.1084925754775005e-05,2.5694022573908085e-08,0.00019607465727166924,0.0006634542590511017,1.7448231863782253e-07,3.3267403899491354e-08,0.015993653620048495,0.05958444371873745,1.1188108472922837e-05,0.8937944675522205,5.862234107013623e-08,2.6322853850327536e-05,0.0008761572833706016,1.094041683574407e-08,0.0012651720511532012,2.696844985694766e-08
23,0.009832000419196336,3.492734645151157e-07,0.005769460894678691,3.9179764035288305e-07,5.059280239259772e-05,4.460042002767825e-05,2.0728799753519627e-05,0.004309236003113611,3.445807728105955e-06,2.7310686020498432e-05,1.0004003742920087e-08,0.00015720377927623243,0.0004664694759555618,1.1723892805613618e-07,2.4477510448695536e-08,0.011491172802597267,0.03278935346474782,5.586248244467703e-06,0.9329896989583589,2.7529791530104948e-08,1.5195968460930951e-05,0.0007544024533958854,6.238507212933277e-09,0.001272591310740181,2.3145465720263018e-08
24,0.006313391207569867,2.1180257356441254e-07,0.005617859224585858,1.207460840215839e-07,2.518444802568892e-05,3.523794503584689e-05,1.661392051929075e-05,0.0037275646985296417,2.1498826890146826e-06,1.6788774848365703e-05,3.510537238080246e-09,9.361145075070543e-05,0.00029119639447561967,4.7682842137170104e-08,1.6725563464081308e-08,0.009190895183612732,0.03616612377559522,2.6305488010714052e-06,0.9364760308710816,1.2587711007292734e-08,1.674298428887312e-05,0.0005502473822091904,3.883155003184333e-09,0.0014573016812752556,1.2687639822214286e-08
25,0.03546431347841198,2.9850983736729353e-07,0.015381277024943303,1.1547244591900808e-06,0.0001202679280943049,3.687707185528828e-05,7.957957424395095e-05,0.017437992296773275,7.486116814691701e-06,9.041267156588352e-05,6.712072723450793e-08,0.0005695317468697226,0.001804375661203636,5.320350809536505e-07,6.720710258332279e-08,0.022309789410514747,0.06853180104350667,1.3313989651179578e-05,0.8349135764265685,1.2458574897296262e-07,2.619490351992419e-05,0.0010362297998622917,1.444591815627471e-08,0.0021746719900387914,5.023668726829957e-08
26,0.011361578345969807,2.1067731434598353e-07,0.0030264939401170713,2.3712000317896105e-07,4.0205575766696126e-05,3.331453927150089e-05,1.409075096748275e-05,0.0027044345641930325,3.171084989918252e-06,2.3541965606390935e-05,5.051270953259937e-09,4.8684044843263e-05,0.00044590139966588926,5.3319927627957924e-08,9.577757894906513e-09,0.006507659318916127,0.03596495361320362,4.308614432030786e-06,0.9382109998413463,2.025061726149166e-08,7.114333739216317e-06,0.00038520904494485114,5.253796275178598e-09,0.0012177802891852265,1.748215389332355e-08
27,0.00824562508000295,5.662580296494717e-07,0.004225956821603223,3.998349350302218e-07,3.994401640128916e-05,4.871527283691496e-05,1.5443882632974986e-05,0.005122885093619034,5.072014426739243e-06,2.664856325557686e-05,9.769188722292807e-09,0.0001438308809513844,0.0002936576960757691,7.519682497173314e-08,3.009362156633201e-08,0.008070033408661813,0.02685987672910916,4.034345529821923e-06,0.9448791533296892,1.7902619280819383e-08,1.0160784652394382e-05,0.0011681158460103993,4.708298079705355e-09,0.0008397130704318348,2.940059221582109e-08
28,0.009832000419196336,3.492734645151157e-07,0.005769460894678691,3.9179764035288305e-07,5.059280239259772e-05,4.460042002767825e-05,2.0728799753519627e-05,0.004309236003113611,3.445807728105955e-06,2.7310686020498432e-05,1.0004003742920087e-08,0.00015720377927623243,0.0004664694759555618,1.1723892805613618e-07,2.4477510448695536e-08,0.011491172802597267,0.03278935346474782,5.586248244467703e-06,0.9329896989583589,2.7529791530104948e-08,1.5195968460930951e-05,0.0007544024533958854,6.238507212933277e-09,0.001272591310740181,2.3145465720263018e-08
29,0.009832000419196336,3.492734645151157e-07,0.005769460894678691,3.9179764035288305e-07,5.059280239259772e-05,4.460042002767825e-05,2.0728799753519627e-05,0.004309236003113611,3.445807728105955e-06,2.7310686020498432e-05,1.0004003742920087e-08,0.00015720377927623243,0.0004664694759555618,1.1723892805613618e-07,2.4477510448695536e-08,0.011491172802597267,0.03278935346474782,5.586248244467703e-06,0.9329896989583589,2.7529791530104948e-08,1.5195968460930951e-05,0.0007544024533958854,6.238507212933277e-09,0.001272591310740181,2.3145465720263018e-08
30,0.009832000419196336,3.492734645151157e-07,0.005769460894678691,3.9179764035288305e-07,5.059280239259772e-05,4.460042002767825e-05,2.0728799753519627e-05,0.004309236003113611,3.445807728105955e-06,2.7310686020498432e-05,1.0004003742920087e-08,0.00015720377927623243,0.0004664694759555618,1.1723892805613618e-07,2.4477510448695536e-08,0.011491172802597267,0.03278935346474782,5.586248244467703e-06,0.9329896989583589,2.7529791530104948e-08,1.5195968460930951e-05,0.0007544024533958854,6.238507212933277e-09,0.001272591310740181,2.3145465720263018e-08
31,0.008980376251768469,4.4385639555663925e-07,0.004324555970871374,4.5111471774903603e-07,6.45372674436672e-05,6.440223853791396e-05,2.989550128612663e-05,0.0026243642713112904,3.6528185744734552e-06,2.623704877483551e-05,1.0509919783960245e-08,0.0001745926055098379,0.0003319916188282446,1.585673874274497e-07,2.547288562379823e-08,0.011681212341234535,0.03830647025509431,6.670333410459198e-06,0.9309050231137213,2.538374824982565e-08,1.671463316002876e-05,0.0010512519089856626,8.553134958252925e-09,0.0014068897018922563,3.866140592904518e-08
32,0.008316428729064356,3.3504175029450304e-07,0.004765342881152938,3.171085102509193e-07,4.284592115825369e-05,3.9530614697503526e-05,1.4548438706100799e-05,0.0033831999400821267,2.9599267695625877e-06,2.2561580305504804e-05,7.853562939799014e-09,0.0001110750955575686,0.00038819589593552643,9.162788157317024e-08,2.0092836190846877e-08,0.009379067667018962,0.026735448111038996,4.80646003793423e-06,0.945106898207341,2.1847332102411005e-08,1.1872459774623785e-05,0.0006121918323717839,5.120894520602854e-09,0.001062208749871958,1.8796347366334977e-08
33,0.005940164636998909,1.969595321180641e-07,0.002874392127310872,2.3650176337284556e-07,2.5655562164595986e-05,4.1881592698113226e-05,1.2859934437985936e-05,0.0021797514082082677,1.5285554123014212e-06,1.7920113593688757e-05,2.9218205212360853e-09,7.868823083060318e-05,0.0003594009517841839,6.226872109466564e-08,7.708821516728633e-09,0.008907981410278827,0.030172337117659296,4.125971528587261e-06,0.9474058253279503,1.526704447562955e-08,7.528125302796393e-06,0.0005290507747012571,3.305804905445647e-09,0.0014403713846522358,1.1840979319263652e-08
34,0.0002683666230443187,4.554696902044742e-06,0.008197502768787153,1.734343804826192e-06,4.297259689827951e-05,0.010464301375427542,0.0007603431234553224,0.017427997118065742,1.2480274635555694e-05,9.228369784759225e-05,6.0527326589140445e-09,0.020537015370025197,0.000410336085141456,1.5080830652375695e-07,3.866285198385649e-07,0.15860088968052752,0.24608329524265815,4.9929169977080075e-05,0.4134825108403207,1.3481998473651326e-07,0.0016038569342559416,0.0971543285330394,1.6825556124262265e-07,0.024804148195451216,3.067646298005174e-07
35,0.012115435064281688,4.3202618872675837e-07,0.0023238084526441423,3.933578319061946e-07,2.6197912343456442e-05,2.6484445332810595e-05,6.153839974089743e-06,0.010242941274797848,1.1163200619660637e-05,2.2044944260587118e-05,7.296784202542558e-09,5.0026842267078286e-05,0.00022067432996919928,1.6324453672905502e-08,1.5101023198618243e-08,0.004638747096073077,0.014753971893976788,1.8365509115166323e-06,0.9544492006964064,8.077608861835818e-09,2.238970266615703e-06,0.0008815929336344351,1.281552587919715e-09,0.0002265950548831775,1.3031914398847969e-08
36,0.0028904929317506173,1.7449141656676266e-07,0.003257269334444737,6.93061549222877e-08,3.52358789538399e-05,1.5468174895768815e-05,1.1943739426772108e-06,0.00021775314172546264,7.110470983163111e-07,5.390954223333495e-06,1.0314186469928344e-09,2.3356008127042635e-06,0.00017087882324555762,1.429388397904263e-08,3.1017850523472966e-09,0.0034840720262821444,0.002233572075368516,9.366285378742005e-07,0.9872367026232451,6.152720746488374e-09,4.1907067861360405e-06,2.0469181547236415e-05,2.8052147803075684e-09,0.0004230533668146534,1.947730821474186e-09
37,0.008964410440196172,3.8245275981552125e-07,0.005565248581431169,3.9354615915871684e-07,4.854882550392638e-05,4.596747415269103e-05,1.843850240957762e-05,0.004803011748729867,3.859871186585165e-06,2.7500268895242804e-05,1.0018447370499553e-08,0.0001514866679984716,0.0004369580851010081,9.52444314729129e-08,2.549255185372895e-08,0.010870647664872817,0.030258108182410686,5.177379943232826e-06,0.9368850238399458,2.5879262460017284e-08,1.3816885817397242e-05,0.0008181048721497883,5.503693000777975e-09,0.0010827304758316647,2.2096118665825732e-08
38,0.00636990928707498,2.872926924061034e-07,0.005289652392899248,3.56535885751447e-07,3.877757710830847e-05,7.09178622268587e-05,1.927535314445888e-05,0.0031025173073569497,2.2254385103560868e-06,1.894713282820066e-05,7.719164162005709e-09,0.00016871361534515815,0.0004296479175919308,1.1025974350751249e-07,2.3955610222118665e-08,0.0179216407127879,0.027524817132156428,7.465605855666564e-06,0.9370853230921861,2.70088206942445e-08,2.4731460434718978e-05,0.0006306173763404872,6.836447943385787e-09,0.0012939874759245228,1.3651863009538942e-08
39,0.04068232470213304,2.671480082011229e-07,0.004385929622836208,5.342039341161181e-07,0.0001254073949893202,1.8652405453330683e-05,4.949431083376383e-05,0.0035485227611845066,4.814540676621745e-06,6.114634098208035e-05,3.326022336787423e-08,0.00011034008947701018,0.000690989304136771,5.448716236863988e-07,2.6928023144746283e-08,0.00600745914568619,0.03818773154469789,6.563998410763962e-06,0.9039516027948088,4.5371100007746065e-08,4.59565167987541e-06,0.0004452664151640737,9.04944258095741e-09,0.0017176236536979729,7.449079681584517e-08
40,0.004392922684822151,2.095947694113096e-07,0.0013956240710967347,6.09873438151215e-07,1.1167746382893421e-05,0.00020380341255473087,1.415584532106681e-05,0.009022860681776153,5.803192875102145e-06,4.4003985083635694e-05,3.3515944487731387e-09,6.361557257355983e-05,0.00043394498238307074,1.3634442963991047e-08,1.6008336495541275e-08,0.021443386198502702,0.034093937621828704,1.1131434410860192e-05,0.9265854911544372,2.310905830218514e-08,1.2837451425483867e-05,0.0008880387310275718,7.237866000910005e-09,0.001376384942355456,7.481637124034306e-09
41,0.0067607116760852,4.860461801262817e-07,0.0032190727961175177,5.602248698299666e-07,6.751515560821388e-05,2.7912798223843116e-05,4.378619663184402e-06,0.005030376935471562,6.001254710601112e-06,1.5140138754060627e-05,1.599058077443444e-08,5.056961541778928e-05,0.0003823821185014918,7.482585368605396e-08,2.7267156886706216e-08,0.010276257465474793,0.005038909560702053,5.924587323335949e-06,0.9686657139330963,2.4193628078311477e-08,3.6379515208912587e-06,0.0002415492284103513,2.35180519469673e-09,0.00020274802230013986,7.242544189136889e-09
42,0.06404671696048012,1.509570619028677e-07,0.006900471492915553,5.634983887427581e-07,0.00025486987875880315,3.564165454019488e-05,0.00018789763458395753,0.0028864329712735134,2.6727450388114147e-06,9.142268705723299e-05,5.268247220715404e-08,0.00037329600072392283,0.002160240315826542,3.5663418672783897e-06,4.6160253634113364e-08,0.014332313569679834,0.0899043668086365,2.704043801337752e-05,0.8100596477355267,1.7670388507846373e-07,2.474173077185023e-05,0.00029914039432933507,4.472546361676708e-08,0.008408346744050298,1.3916840098105867e-07
43,0.012555359782427966,3.641688980131322e-07,0.005558612536303719,4.022510045670211e-07,6.076574846394721e-05,3.582878640231947e-05,2.4389632030995336e-05,0.004010729066235419,3.558724537695648e-06,2.571587226285498e-05,1.3991475276989566e-08,0.00017016864033506343,0.00046056022382718763,2.0411756889804796e-07,2.898919353968e-08,0.010669871457986825,0.030853724909027082,6.5676963242517454e-06,0.9335998655180734,2.9607439420091568e-08,1.2336706079843614e-05,0.0006700443296840462,6.980486737770206e-09,0.0012808189967781459,3.1267152883516145e-08
44,0.009832000419196336,3.492734645151157e-07,0.005769460894678691,3.9179764035288305e-07,5.059280239259772e-05,4.460042002767825e-05,2.0728799753519627e-05,0.004309236003113611,3.445807728105955e-06,2.7310686020498432e-05,1.0004003742920087e-08,0.00015720377927623243,0.0004664694759555618,1.1723892805613618e-07,2.4477510448695536e-08,0.011491172802597267,0.03278935346474782,5.586248244467703e-06,0.9329896989583589,2.7529791530104948e-08,1.5195968460930951e-05,0.0007544024533958854,6.238507212933277e-09,0.001272591310740181,2.3145465720263018e-08
45,0.009807054206394324,3.4833441914241645e-07,0.0057729149322272655,3.9197672809847423e-07,5.0370156301724615e-05,4.480546237550024e-05,2.0736619373093127e-05,0.004364018326647566,3.45325112941981e-06,2.7396192752282017e-05,9.987833816808977e-09,0.00015778455992580652,0.00046878417293485164,1.1646918501036091e-07,2.4529762275112045e-08,0.011551693009882732,0.03271851688614322,5.583016621321408e-06,0.9329639150757978,2.7582596932768027e-08,1.5186426001137687e-05,0.0007553022455488608,6.194847525135733e-09,0.001271537435786148,2.294878397282439e-08
46,0.010519361022497519,3.168671397133801e-07,0.0057784324043485494,4.04189203436917e-07,4.768171123272009e-05,4.591367457787122e-05,2.286210312531099e-05,0.004435366761608625,3.447438080321667e-06,2.938846442383065e-05,9.140452275685641e-09,0.00016235999970056476,0.0004875641975720715,1.0550020630453466e-07,2.1119994049164986e-08,0.011605634992232999,0.03985301048164047,5.399411302998764e-06,0.924740280291594,2.71280497800786e-08,1.5790271923836075e-05,0.0008453368840606527,6.2896418812095555e-09,0.0014012561484549296,2.3506935236617988e-08
47,0.008532958867861066,4.933407722279291e-07,0.005663599497803039,4.0561755297544104e-07,6.385022288736507e-05,4.856775023424651e-05,1.9913130701863246e-05,0.004425336603081037,3.9610175678230405e-06,2.7294680400865054e-05,1.4044190296687e-08,0.00016608356332816287,0.0004420544655777334,1.5040101145803842e-07,3.8258246990630936e-08,0.010674353118777668,0.02961600067315567,7.322148092514234e-06,0.9383548775093736,3.406934935831493e-08,1.690049396644352e-05,0.0007776481653105076,7.678816767474233e-09,0.0011581050250062215,2.965693425325243e-08
48,0.01856832049962279,1.040535012426988e-06,0.016663213408019406,1.835556036139346e-06,0.0002171812799497449,7.634302636880861e-05,6.27687501394498e-05,0.009443744407803928,1.0411886509794455e-05,4.271020203326182e-05,1.0759373164253445e-07,0.0009196482194047077,0.000802109090758178,9.54233237891445e-07,1.8928182458889003e-07,0.03519844171549326,0.02896483909987854,2.1659715783713297e-05,0.8863271549001112,1.1355277021892648e-07,6.05330259468599e-05,0.001486296021377915,2.4862939155277884e-08,0.0011302854297549844,7.370549128797088e-08
49,0.006575416294268962,4.954498483489472e-07,0.007428419561711835,4.2621253627144737e-07,4.4867123790027954e-05,6.671842904015568e-05,2.079039191452678e-05,0.0057586291880883335,4.306119775901959e-06,2.9844844819273675e-05,8.138846524552224e-09,0.0002404995533961938,0.00042610608278491905,6.890621797266149e-08,2.6831639311398232e-08,0.012789243370373796,0.033086719219369655,4.268501874482182e-06,0.9308713098834104,2.519460066189072e-08,1.95712032292702e-05,0.0014464309236232782,5.137626403037954e-09,0.0011857807909081924,2.2646305506173364e-08
50,0.004476648369903364,7.399908890427836e-07,0.004986749890776659,4.189939331479806e-07,4.2048093471667257e-05,6.879675429025898e-05,1.0134735108116607e-05,0.0032986957647142667,3.7184597476357726e-06,1.5007956015697281e-05,8.803856593409124e-09,0.00016174983362360237,0.0002513202898439159,7.279683469906718e-08,3.545931667523118e-08,0.012230707928128517,0.023139034842156028,7.169861102051759e-06,0.9494362019168361,2.152469720172781e-08,2.4608229911389286e-05,0.0011144984841236793,6.849953133162376e-09,0.0007315852288136147,1.8941953173518253e-08
51,0.0062417290278090586,2.8604949569359328e-06,0.005621901287298475,1.419881332544381e-06,3.752757992589171e-05,8.564932705971494e-05,1.00035769333908e-05,0.011798509989257416,9.872278148037177e-06,2.696608697859175e-05,3.102694775389436e-08,0.0003148117544653444,0.00022626244166959092,1.0677818005611749e-07,1.5168160985194246e-07,0.010832860696176604,0.017939498803654374,8.736058926280289e-06,0.9428939676486077,2.7237104867792382e-08,2.2799796338018097e-05,0.003447528212953087,7.921147481633776e-09,0.0004767262484884352,4.416403047330331e-08
52,0.009723913227964232,3.446000321157087e-07,0.005467739820550249,3.948785985719331e-07,4.9781305630977574e-05,4.561072410894309e-05,1.9478516472319134e-05,0.0044690855258311115,3.462224250430287e-06,2.8163370014998843e-05,1.019085820111674e-08,0.00015418680351506818,0.0004772263908138138,1.1400017604931982e-07,2.508102013259978e-08,0.011342532532448045,0.030471090798759884,5.750416579041524e-06,0.9357889737533392,2.815684213437167e-08,1.4315456836860798e-05,0.0007269448912579238,5.947932209327716e-09,0.0012107994995061732,2.1886661063466783e-08
53,0.020691805747677084,3.7508847238959976e-07,0.014749183699442725,1.3337717541233058e-06,0.00015688083381898695,9.996456928035617e-05,0.00014634387914583602,0.007834876269748563,6.191094400647828e-06,6.16274796709021e-05,4.569114602149466e-08,0.000791322287156868,0.0014507581847620886,6.473727372309263e-07,6.238816950750328e-08,0.04274656140631878,0.09349910843910975,2.287506040427308e-05,0.8126911266571489,1.5345933028827449e-07,7.3201672644846e-05,0.0013988241167212341,3.2852488214291876e-08,0.0035766319715450465,6.60069054239482e-08
54,0.007254996926707217,7.734209826804998e-07,0.0030861605382507956,3.091330486350093e-07,3.4664412473087924e-05,4.5482677946702116e-05,1.543366686789705e-05,0.0030633311708909094,3.7515691529310088e-06,1.9489810067306473e-05,7.63311729445456e-09,0.0001264698012561347,0.0001543701338670157,1.1229138237809247e-07,3.496166082611943e-08,0.005868054862502386,0.020799656144934984,2.961877362165455e-06,0.9573976287589362,1.0111017585063477e-08,8.387651152553223e-06,0.001216772358645749,4.281292851088297e-09,0.0009010918043393549,4.400214452747981e-08
55,0.010315210174091993,3.494081925086354e-07,0.006107919255096793,4.522083640388789e-07,5.582338622360518e-05,5.347283131721093e-05,2.5239855303935356e-05,0.005321885771556961,3.945205766211132e-06,3.0362383829861556e-05,1.1017982116371554e-08,0.00022342871205995675,0.0005646508647176643,1.3587975730536137e-07,2.691208383053508e-08,0.014170413145998048,0.03442782292478143,6.62289013975138e-06,0.9264171222642082,3.325643748726339e-08,1.664086392684286e-05,0.0008624230313802307,6.672812807369102e-09,0.0013959761888997335,2.4895071367953324e-08
56,0.009885697986357815,3.2167721050987905e-07,0.005792757070885494,4.0196080253037776e-07,4.969807905154778e-05,4.6219506704943424e-05,2.0731695131776456e-05,0.0046055668361816866,3.4718668790819593e-06,2.9646891182788034e-05,9.721211920754447e-09,0.00015634760726609777,0.0005338576847243376,1.1230346881209132e-07,2.2844462499764088e-08,0.011871573901180365,0.03242635163633295,5.602910123311923e-06,0.9325326363622859,2.9794367646945408e-08,1.446915630294992e-05,0.0007120951794676895,6.053361167316277e-09,0.0013123497111494826,2.1563906550501714e-08
57,0.022163789799455887,6.174566265495199e-07,0.0006304889535699906,7.478025853294725e-07,2.8786868324974436e-05,3.459263735071224e-05,1.0421068714557067e-05,0.002037127933792906,2.552592965883535e-06,1.227940651292078e-05,2.2052894313948224e-08,3.156163235917704e-05,0.00015742273038442487,3.5712344026720406e-07,5.008351909042052e-08,0.00475569771365772,0.0229481018135874,2.3680989551582694e-05,0.946010109355651,1.7287406766051007e-08,6.229514943681178e-06,0.00036340546358655626,1.3836254684544285e-08,0.0007818817079205193,4.417494296771948e-08
58,0.009037368731698962,2.982910635969233e-07,0.005248929161451571,3.235069588313679e-07,4.31394046342572e-05,4.567266228612767e-05,1.920742578554519e-05,0.003932102348141232,2.7819571688461786e-06,2.8862808899130796e-05,7.0082039734329004e-09,0.00013908646401921285,0.0005268161139938595,9.999949108986178e-08,1.8784081680188914e-08,0.01050727997400702,0.03354892149608674,5.0584811978476e-06,0.9346179865264972,2.6847718197129527e-08,1.3577070896971742e-05,0.0006613797764233334,5.839068022272422e-09,0.0016210290712232933,2.0249003344143513e-08
59,0.00937371315086043,3.0310470665850044e-07,0.006618743914181021,3.3923436191307303e-07,4.708101547976517e-05,4.3907398115953695e-05,2.1373190462793988e-05,0.0043003198622436215,2.954144271468296e-06,3.012728453422258e-05,7.821257211761753e-09,0.00015612529870807302,0.0005660202977856382,1.0438455368544746e-07,2.012750595510285e-08,0.011517117638566688,0.035722658949614516,4.915580866942185e-06,0.9292171761228297,2.960395542375314e-08,1.5880472557492103e-05,0.000700018216261659,6.176982679368902e-09,0.0016610363099141023,2.0699422271676644e-08
60,0.009832000419196336,3.492734645151157e-07,0.005769460894678691,3.9179764035288305e-07,5.059280239259772e-05,4.460042002767825e-05,2.0728799753519627e-05,0.004309236003113611,3.445807728105955e-06,2.7310686020498432e-05,1.0004003742920087e-08,0.00015720377927623243,0.0004664694759555618,1.1723892805613618e-07,2.4477510448695536e-08,0.011491172802597267,0.03278935346474782,5.586248244467703e-06,0.9329896989583589,2.7529791530104948e-08,1.5195968460930951e-05,0.0007544024533958854,6.238507212933277e-09,0.001272591310740181,2.3145465720263018e-08
61,0.009257904850156295,3.0788657919340305e-07,0.00628471867075896,3.192883297415378e-07,4.774670401698026e-05,4.231022561679475e-05,2.0153745319801236e-05,0.0038689294745083307,2.976840681466357e-06,2.7768336596752497e-05,7.836984128500411e-09,0.00014641649467624622,0.0005035100086836764,1.0354475018479444e-07,2.016870966905548e-08,0.010902138100124636,0.03395150639274286,4.707925548553163e-06,0.9327399932840672,2.6577683982259424e-08,1.5367549428210892e-05,0.0006778465849830463,6.0621801731175486e-09,0.0015051924169923213,2.1029880996661915e-08
62,0.009832000419196336,3.492734645151157e-07,0.005769460894678691,3.9179764035288305e-07,5.059280239259772e-05,4.460042002767825e-05,2.0728799753519627e-05,0.004309236003113611,3.445807728105955e-06,2.7310686020498432e-05,1.0004003742920087e-08,0.00015720377927623243,0.0004664694759555618,1.1723892805613618e-07,2.4477510448695536e-08,0.011491172802597267,0.03278935346474782,5.586248244467703e-06,0.9329896989583589,2.7529791530104948e-08,1.5195968460930951e-05,0.0007544024533958854,6.238507212933277e-09,0.001272591310740181,2.3145465720263018e-08
63,0.008309923055590914,4.389935591764464e-07,0.004856147624106118,3.8001346594232886e-07,4.498271958942124e-05,4.6157021249510146e-05,1.5785704738350686e-05,0.0038908855958443454,3.5933344455208824e-06,2.4254758150197924e-05,9.531247563992243e-09,0.00012909711264573896,0.000368260838861501,9.690970975356089e-08,2.6244018596249076e-08,0.009625217207375107,0.02792312026354129,5.31579977136226e-06,0.942913782622321,2.3457935176924453e-08,1.3571261180411916e-05,0.0007880808056190519,5.8942175873927e-09,0.0010408199459633126,2.3284852825462968e-08
64,0.008335032793603201,3.965501876183512e-07,0.007753052617997954,4.0185555082744693e-07,5.209110126025437e-05,5.275925917030801e-05,2.1051606258841163e-05,0.003947273589914449,3.225209790671943e-06,2.5594210239085394e-05,9.765734535803185e-09,0.0001978051228375092,0.0004671420751618506,1.182830329190746e-07,2.8197300293681206e-08,0.014190805688626462,0.03688222524175891,5.943290504755892e-06,0.9257335129847918,2.988470995105024e-08,2.7652135704500516e-05,0.0008767618843942196,8.054294051184325e-09,0.001427056375743255,2.222143190246928e-08
65,0.009154518859654882,3.786711700436148e-07,0.0057149572028303,3.95225488191853e-07,4.987220623792276e-05,4.779862478104609e-05,2.033440723795084e-05,0.004049809751296207,3.368710306636721e-06,2.6065854227065753e-05,9.704691821467866e-09,0.0001601336599396474,0.00044432851773396564,1.1809806281726602e-07,2.5403868987305132e-08,0.011615530237319534,0.03300690671655269,5.847647740502451e-06,0.9335892794384423,2.7573382008185062e-08,1.665483709181327e-05,0.0007893088874419089,6.702730505559338e-09,0.001304299006566355,2.4055204821351605e-08
66,0.011814563742995353,2.1096769985195326e-07,0.006960480280008318,3.40090487022478e-07,6.52291628728306e-05,3.5979035519437444e-05,2.5526959721097426e-05,0.0038727004317171167,3.2266212954197747e-06,3.069409185376621e-05,8.563648751841315e-09,0.0001243760850606147,0.0006371111550381142,1.0802248465380599e-07,1.4615888106428142e-08,0.0118889599502318,0.03368295480077531,4.358977301931148e-06,0.9289615000457901,3.043813818602381e-08,1.2248191086675404e-05,0.0005071384212191846,5.179310775803801e-09,0.0013722158926970627,1.827715838098354e-08
67,0.007370439629773583,4.4457967134530807e-07,0.005350523837734419,3.8474443087053284e-07,4.4474136503632834e-05,6.107785808909479e-05,2.082295351520015e-05,0.0033924834371085793,2.9057766948080408e-06,2.284978977181292e-05,8.844354146668642e-09,0.0001796306292269261,0.00039840141602129976,1.2930251995782944e-07,2.878283489461204e-08,0.012145464624964197,0.03770756895139416,7.36120653984352e-06,0.9308059650315308,2.9137449921287696e-08,2.3111665692124254e-05,0.0009099698701646067,8.778965525771657e-09,0.0015558869658305035,2.8049217671485877e-08
68,0.009411381501123224,3.802785960934148e-07,0.0061366935745434505,4.266244638062723e-07,5.160812704001696e-05,5.295542071468214e-05,2.2787831835560845e-05,0.004936876766848512,3.577891940990528e-06,2.9093521390885657e-05,1.0714134293655231e-08,0.00019436657026943182,0.0005035476254629212,1.231036248197839e-07,2.8578173174657398e-08,0.012799167013093712,0.034811715676102195,6.417096609636169e-06,0.9287693410972285,3.1327612238475664e-08,1.8431426656319267e-05,0.0008710675663741314,6.855165956740399e-09,0.0013799394512617517,2.4359733464253887e-08
69,0.009678778269011146,3.3009795434781377e-07,0.005609967384975331,3.6940243256750757e-07,4.8775958787653377e-05,4.310501104219747e-05,2.023632058587955e-05,0.0041152815716653385,3.2534118341411085e-06,2.6429591356267062e-05,9.009682252986448e-09,0.0001492361036862768,0.0004597333511900276,1.1325938758577896e-07,2.2302192318137503e-08,0.01131609197120296,0.03181051719555752,5.1921175361011805e-06,0.9346925807875105,2.5769620020960647e-08,1.4186727384680042e-05,0.0007133154953870252,5.830230076491199e-09,0.0012924211375328666,2.1922255200643545e-08
70,0.00943829006379463,3.7413784173012773e-07,0.008143344753889363,5.800210854750881e-07,6.172480463635915e-05,6.08464750516691e-05,2.5352444235720164e-05,0.005668606722265798,4.629333822903112e-06,3.081401836327185e-05,1.2900281900493327e-08,0.00021386212914664015,0.0005901669883160791,1.0935924177061438e-07,2.7599435570350764e-08,0.01809954688227857,0.028864285209937543,6.095609078952493e-06,0.9268117916513269,3.646162307034412e-08,1.9565090688295987e-05,0.0008625533152614717,6.570935133567049e-09,0.001097357042161016,2.0415300217826177e-08
71,0.040479201884753326,9.514189785431399e-08,0.007711079657444324,5.077366285025886e-07,0.00012628549803241006,4.6142491038007333e-05,0.00021974906107926273,0.008936714622177641,6.028334478551407e-06,0.00010690020806368507,1.0473280449511187e-08,0.00021224088598839426,0.0018195593873093624,2.0425882008754312e-07,9.019746553204033e-09,0.01556908005409993,0.09854142426459996,3.553593238824743e-06,0.8209875406322138,5.7733977743060694e-08,7.88335081394642e-06,0.0006848898226034826,6.179332738059727e-09,0.004540788953120429,4.675526065463639e-08
