,0,1,2,3,4,5,6,7,8,9,10,11,12,13,14,15,16,17,18,19,20,21,22,23,24
0,0.12141444633600659,0.44540757557881866,0.006509141814955607,0.00011673526967132833,0.0034353188399113294,0.0015998887808191381,0.005061239350187056,3.307541446797275e-07,0.37419529535117374,6.283537252323961e-05,9.499990574105452e-06,0.0005282337149909909,1.6374018350538194e-05,1.13637029607853e-05,7.174535543746217e-06,1.7244682567801748e-05,3.290266404625604e-05,7.984320893246089e-05,0.03337424421969833,2.6684092568824273e-06,0.0008561515982119211,3.2133722624902766e-06,8.343534075680444e-05,0.002341299921363359,0.004833543172272359
1,0.1980762807394326,0.6206853339853349,0.018630330259662438,0.00036185986608462813,0.001039807921345592,0.0006716656507272769,0.01366998611376529,1.7747181394843576e-07,0.12315686653047013,0.00034451100207619136,3.6760193256911557e-06,0.0008522998845447319,4.722453293314063e-06,1.6360746427794088e-05,1.8329641103880257e-06,4.512947139069286e-06,7.588069885472182e-06,0.00012787104080880842,0.007346444400589797,1.2733541661983333e-06,0.0006489926172114533,1.5625504322468422e-06,0.00022365492412119634,0.0017221485517027325,0.012400239935528022
2,0.18813166246252339,0.6717467956439062,0.01034305492741369,0.0002776094706305153,0.0022717411329317393,0.00041045554081497126,0.01622002347773346,1.459787626250864e-07,0.0813623095746399,0.00023885399920080258,4.535267994947916e-06,0.0007771348263042653,4.197621912209857e-06,2.8963243853516597e-05,2.383841063186301e-06,2.5389745268845212e-06,1.1017887355887736e-05,0.00011418813901717699,0.0038080516724361365,1.6098710017326727e-06,0.0004431522070176063,1.4049971608624233e-06,0.0003209925106565194,0.0009212111012146566,0.02255596562992715
3,0.1816303436605588,0.6726778506125015,0.014324404622313752,0.0005071396532389667,0.0013556515753642044,0.0005836802555606741,0.014988579029203414,1.6688743388596183e-07,0.08701046461020022,0.00030730370966218094,5.656680365334613e-06,0.0009693953124505938,4.45394317068156e-06,3.0150820565018122e-05,1.5537320436012542e-06,2.757809141213633e-06,1.282906178366728e-05,0.00014538169244052902,0.00514319589311032,1.41347208855043e-06,0.0007110678550104544,1.926385028849562e-06,0.0004284775013184531,0.0016427748858126668,0.01751338033963239
4,0.19174020490712387,0.657158461882002,0.013815974842947658,0.0005148243958703868,0.0013546942643608655,0.0005517651137727398,0.01452701590066243,1.5376681739524386e-07,0.09168642286870368,0.00027287234164947966,5.673163410209938e-06,0.00119319718986798,6.082903489577156e-06,3.219887165483873e-05,1.5006239714998635e-06,2.622124488880491e-06,1.4942332822040964e-05,0.0001507265205358192,0.005196531431800521,1.4700275935630733e-06,0.0007632400777583945,2.1036296483613032e-06,0.0004260593753139709,0.001728427519848905,0.018852833923884912
5,0.20712696192963287,0.6498656046867115,0.013778304114028686,0.000788403968350932,0.0010543227447730962,0.0005811972126585639,0.013667200271515582,1.5286979687268115e-07,0.08276088371835058,0.00036197125276115423,5.696963371066668e-06,0.0012116406634877584,5.142896166465875e-06,4.049152377347498e-05,1.2112865123456593e-06,2.513663599231987e-06,1.6199550990246953e-05,0.00024317971533076118,0.0041827236937107114,1.5314848693782228e-06,0.0008272979936511968,2.3869582475588766e-06,0.0004897479729684655,0.0019362788272402026,0.02104895403750136
6,0.1816303436605588,0.6726778506125015,0.014324404622313752,0.0005071396532389667,0.0013556515753642044,0.0005836802555606741,0.014988579029203414,1.6688743388596183e-07,0.08701046461020022,0.00030730370966218094,5.656680365334613e-06,0.0009693953124505938,4.45394317068156e-06,3.0150820565018122e-05,1.5537320436012542e-06,2.757809141213633e-06,1.282906178366728e-05,0.00014538169244052902,0.00514319589311032,1.41347208855043e-06,0.0007110678550104544,1.926385028849562e-06,0.0004284775013184531,0.0016427748858126668,0.01751338033963239
7,0.21509412304860462,0.6439427063897404,0.016833730606469834,0.00044431404402488873,0.0013061333241090477,0.0005734086480083347,0.01521992052394882,1.640587527383093e-07,0.08052048766685219,0.00030618027314457865,5.403692234397804e-06,0.00091198571742742,4.557625042608162e-06,2.6561717866942524e-05,1.3141873411577378e-06,2.416142118117335e-06,1.1411662910303615e-05,0.00014023884292046758,0.005438961235325908,1.3005824842317333e-06,0.0006155938970204118,1.5585482050700685e-06,0.0004098416032079052,0.0017463997047647037,0.01644128625747505
8,0.16559252135859778,0.7430735458412528,0.019327654938794885,0.0005893307759195282,0.0008723787481230672,0.00038322713291891934,0.014618771388707095,1.0624670940578854e-07,0.03577326019060563,0.0003826722132069817,3.6620263913196016e-06,0.0007270451430310483,2.3513116633393234e-06,2.7317963167429588e-05,4.979309423191054e-07,1.1372215503471644e-06,4.6567920901038555e-06,6.24920936324319e-05,0.0026547436260293744,1.1327556399015943e-06,0.00032467387729638884,5.407557863064664e-07,0.000752398380106432,0.0015261060480815764,0.013297775239755737
9,0.11234603014185418,0.7627300199692103,0.022179895105710907,0.001042787978441793,0.0005937528943295934,0.000505335477672166,0.015077824432839556,1.0580012724987061e-07,0.06245954379167117,0.0005285649029552924,3.2277597970124374e-06,0.0011593552761304789,3.196051386967522e-06,2.4823968721614287e-05,7.629475879624286e-07,2.073922302587441e-06,5.5752031210561805e-06,8.786193620471045e-05,0.002887322232693935,1.4071517064248584e-06,0.0008593443079403443,1.122291482409653e-06,0.0006727254585220087,0.001951488282132786,0.014875852715457272
10,0.1816303436605588,0.6726778506125015,0.014324404622313752,0.0005071396532389667,0.0013556515753642044,0.0005836802555606741,0.014988579029203414,1.6688743388596183e-07,0.08701046461020022,0.00030730370966218094,5.656680365334613e-06,0.0009693953124505938,4.45394317068156e-06,3.0150820565018122e-05,1.5537320436012542e-06,2.757809141213633e-06,1.282906178366728e-05,0.00014538169244052902,0.00514319589311032,1.41347208855043e-06,0.0007110678550104544,1.926385028849562e-06,0.0004284775013184531,0.0016427748858126668,0.01751338033963239
11,0.18969018850476096,0.6613419718852404,0.01472119821258676,0.0005169582708679366,0.001410609783184702,0.0005748282643466398,0.015116927429781376,1.668800751016696e-07,0.08907830132791648,0.00029828071521982287,5.772079058331285e-06,0.0010817416787217637,5.606694432998343e-06,3.033953314795824e-05,1.5020158602406625e-06,2.8060610808140583e-06,1.3988383685258226e-05,0.00014577249079960103,0.0052790647533406,1.5530415685429007e-06,0.0007342503197593488,1.944548932849224e-06,0.0004453010233946324,0.0017957802056159282,0.017705145896620925
12,0.16303536895407253,0.635780736086317,0.026151057373090217,0.0005582009830829355,0.0009491251403912732,0.0005550066298240406,0.02429093940389206,3.5332738174279806e-07,0.12204237672777576,0.0003056828710601716,8.79316900838482e-06,0.0017335729307482286,4.3629319492538676e-06,1.6572901042097386e-05,2.4966756333375064e-06,4.70873867635009e-06,5.669020561012962e-06,9.543045474705131e-05,0.01069092611722035,1.1162519641068518e-06,0.0007534003632520611,2.427472836082359e-06,0.0003819233942071913,0.0029013449437933054,0.009728407137473388
13,0.10419422988572216,0.7225368904998207,0.015418713107689157,0.0013732020584510502,0.0019508891416463174,0.0004530400568450744,0.033929401783516354,5.975837890042441e-07,0.08235519913053609,0.00017550154400075118,4.853882390909071e-05,0.004960720424508869,6.354888003436441e-06,0.00013799566304283038,2.836842346847542e-06,2.6030929975333716e-06,1.9528808852854968e-05,0.00012829122996314257,0.006034850920994141,1.6607851956592663e-06,0.0012040542467728135,6.5375327002771095e-06,0.0017286691817299659,0.0026144798873979414,0.020715212879567638
14,0.04802431792699247,0.9255641791134637,0.0008796710730845095,0.0001063387465887744,0.0010079687490995616,0.00011592095437130382,0.005857795408940006,5.995869319495613e-08,0.01182498135150173,0.0002256686597472584,2.9730676773913474e-06,0.00011249402200322803,2.553360210651308e-07,2.234567732848454e-05,3.5995657890443613e-07,6.563915893226742e-07,2.1805388622140968e-06,2.7131398838143598e-05,0.0026824225626561906,4.821914687676962e-07,6.0488934244392786e-05,3.955861788389998e-07,0.00018777382733326824,0.0003795144825121755,0.002913624084225319
15,0.1816303436605588,0.6726778506125015,0.014324404622313752,0.0005071396532389667,0.0013556515753642044,0.0005836802555606741,0.014988579029203414,1.6688743388596183e-07,0.08701046461020022,0.00030730370966218094,5.656680365334613e-06,0.0009693953124505938,4.45394317068156e-06,3.0150820565018122e-05,1.5537320436012542e-06,2.757809141213633e-06,1.282906178366728e-05,0.00014538169244052902,0.00514319589311032,1.41347208855043e-06,0.0007110678550104544,1.926385028849562e-06,0.0004284775013184531,0.0016427748858126668,0.01751338033963239
16,0.12454912949080449,0.7323934906453893,0.009645773141260765,0.0005812173602440723,0.0010278996170758304,0.000387716126127297,0.019912326209433888,2.2598741972920392e-07,0.0788938603414689,0.0004985579829811659,4.607294094992899e-06,0.0018228199679069517,4.467936689339398e-06,4.022164398240714e-05,2.1178965391942627e-06,3.6191096932586814e-06,1.4164384262794278e-05,0.00017523669448268759,0.005733186536705926,1.5693330114493384e-06,0.0014679093905892702,4.366331662582624e-06,0.00043814649989263335,0.001224153579013813,0.021173216499267244
17,0.14433554526832548,0.7174459401985447,0.009052518707671207,0.0008853843236167893,0.002031040200893156,0.0004184480551359159,0.018610426831428977,2.0412182507362641e-07,0.06457649514729924,0.0003391101877376031,8.376440774499704e-06,0.0019968485488603294,8.857330815464573e-06,8.537286929688919e-05,1.464360662683892e-06,2.4692835363803883e-06,3.908030928897119e-05,0.00019786777009585287,0.0035709567880993815,2.783482714013929e-06,0.0011740100991723076,4.256634876812004e-06,0.0011221771830778175,0.0015212474598732988,0.03256911839637715
18,0.24944671040589908,0.5882676591191776,0.010153346051929036,0.0005024855989219633,0.002085286119437337,0.0004740870689719662,0.016489587934154393,1.0725849087350893e-07,0.06821455234316993,0.00039616394229199546,4.034053515438667e-06,0.0012003383329423473,8.070734801652054e-06,5.86016883880307e-05,1.544794904706129e-06,1.960791667126677e-06,4.227362633619074e-05,0.0003628586043464631,0.0026808543856225923,2.2068983776978704e-06,0.0011870598396654037,2.9891018773608e-06,0.0005606017248747325,0.0009882097256742812,0.05686840985456195
19,0.13955782757345134,0.6805651930253723,0.01818005934669388,0.0007387443266464063,0.0010451273812139654,0.0003628416943238911,0.02750481753261172,2.130421617340552e-07,0.10170353431784655,0.00033641163422437235,5.150593688654563e-06,0.002309715399890671,5.5257761526099455e-06,2.960232453874102e-05,1.9598566202285306e-06,3.2876986068330706e-06,1.0239653125548688e-05,0.00012729364645660285,0.00435744330404114,1.25122403169578e-06,0.0010655525721786452,3.048149656323539e-06,0.00042092604353857684,0.0014100818425938876,0.020254152040333564
20,0.13617434672602233,0.6745414293064995,0.017712197808676347,0.0007433244913568932,0.001126985576485069,0.0005323699760038209,0.02426534664153419,4.934032217586277e-07,0.11227243905953703,0.00036310238918065355,9.817598942776436e-06,0.0019503452932218075,4.2103408922908015e-06,3.5394208029006016e-05,4.973652764848021e-06,5.147461199492284e-06,1.3759422888511801e-05,0.00017502317833719173,0.007826849814646238,1.4931853195843407e-06,0.0011332438831782774,6.337320147914279e-06,0.00045305736986613813,0.001534769478529005,0.019113542413519216
21,0.15577915104276455,0.6957212346392132,0.010986479847245496,0.0006014538099263091,0.0007653066121035148,0.0004483732756322621,0.012591975916436106,1.8263857331258053e-07,0.10273079360883917,0.000337364321993142,3.843751263671684e-06,0.0013580510665392633,4.062777725639562e-06,3.828412377105393e-05,1.2593558093675342e-06,4.3838198217214045e-06,6.457535233810723e-06,0.00015816098206278148,0.004390453531921999,1.237249664803917e-06,0.0006517820201457161,1.8715215970678885e-06,0.00021479413858625643,0.00135362083729159,0.011849421575837921
22,0.33180353812325253,0.5249035898718192,0.014645697238140161,0.00044946912227325763,0.0014255719729124193,0.0007626777547927987,0.009478529861775095,1.4660467773608436e-07,0.08420661848561847,0.0003215299116375372,6.1206450742612175e-06,0.0005994024469659718,4.7989147895344745e-06,3.122977973835676e-05,1.5052497982243325e-06,2.4697831451880085e-06,2.8257771130978388e-05,0.0004064853387284396,0.004743206272948881,1.5160454351692502e-06,0.0007409093995025085,2.63089354657102e-06,0.00034506786485662193,0.0017474555379626091,0.023341575109477545
23,0.1816303436605588,0.6726778506125015,0.014324404622313752,0.0005071396532389667,0.0013556515753642044,0.0005836802555606741,0.014988579029203414,1.6688743388596183e-07,0.08701046461020022,0.00030730370966218094,5.656680365334613e-06,0.0009693953124505938,4.45394317068156e-06,3.0150820565018122e-05,1.5537320436012542e-06,2.757809141213633e-06,1.282906178366728e-05,0.00014538169244052902,0.00514319589311032,1.41347208855043e-06,0.0007110678550104544,1.926385028849562e-06,0.0004284775013184531,0.0016427748858126668,0.01751338033963239
24,0.15129440669902158,0.7526895928408124,0.007804389016438587,0.0005496023167787396,0.0009365672654683008,0.00043012195298592807,0.008989608716443182,1.2649688282493703e-07,0.057775565079583695,0.00029883699495575106,4.12700865404697e-06,0.000755657961596818,3.2829003953281827e-06,3.918398327129203e-05,7.978735330859522e-07,2.107061627203994e-06,1.1184642499641569e-05,0.00013017471739078563,0.003903493574258995,1.3781793197464027e-06,0.0004605743186604094,1.5012039644752917e-06,0.00038158803220334067,0.0013396904849383438,0.012196440678315459
25,0.106083948539283,0.7671758600816577,0.011749352964848827,0.0011250157387129504,0.0014282829851753628,0.000566807204376625,0.024134860538534694,7.362392331215668e-07,0.06554558172560689,0.00031347002346001946,2.4576511229422117e-05,0.0016216996563416003,2.70188087383781e-06,9.588935339173714e-05,1.7250489969428579e-06,3.962222260165892e-06,1.1552915445290575e-05,0.00013317593030512026,0.00694354512482291,1.4343211451165764e-06,0.0006838037005876274,3.681525027461582e-06,0.0008466383434076861,0.0020889225607390945,0.009412774864536578
26,0.4066286130542554,0.459623857323156,0.01730084735752804,0.00034143096452314423,0.0013057427056422546,0.0008751899308034719,0.005151156372319435,5.2706558955113254e-08,0.0849429018685904,0.00019081821294333925,4.889423626832674e-06,0.0004429998493827648,8.491720607468569e-06,1.3449440559153596e-05,4.0268379524689216e-07,1.4257428539196814e-06,1.8773796858168553e-05,0.00019534357081952658,0.005617056237205292,1.5630314744559347e-06,0.0004819466847700248,7.896466886504203e-07,0.0004687926708740991,0.005285471454660532,0.011097993549503443
27,0.1612417746627336,0.6718885135682134,0.013642652151396642,0.0005839677509935906,0.0012127597390667,0.0006290820855727099,0.014889711289107507,2.3655257376180124e-07,0.10773077627931489,0.00030490766456951805,7.596845305719223e-06,0.00116175408650432,4.274084796775225e-06,3.148470402572761e-05,2.5645937116926533e-06,3.7750024887994072e-06,1.4871499225770378e-05,0.00017138062788496055,0.006843125923502963,1.4298485445525399e-06,0.0008537459650547313,3.716806492282688e-06,0.0004212099775653716,0.0018305343605930008,0.01652415393076105
28,0.1816303436605588,0.6726778506125015,0.014324404622313752,0.0005071396532389667,0.0013556515753642044,0.0005836802555606741,0.014988579029203414,1.6688743388596183e-07,0.08701046461020022,0.00030730370966218094,5.656680365334613e-06,0.0009693953124505938,4.45394317068156e-06,3.0150820565018122e-05,1.5537320436012542e-06,2.757809141213633e-06,1.282906178366728e-05,0.00014538169244052902,0.00514319589311032,1.41347208855043e-06,0.0007110678550104544,1.926385028849562e-06,0.0004284775013184531,0.0016427748858126668,0.01751338033963239
29,0.1816303436605588,0.6726778506125015,0.014324404622313752,0.0005071396532389667,0.0013556515753642044,0.0005836802555606741,0.014988579029203414,1.6688743388596183e-07,0.08701046461020022,0.00030730370966218094,5.656680365334613e-06,0.0009693953124505938,4.45394317068156e-06,3.0150820565018122e-05,1.5537320436012542e-06,2.757809141213633e-06,1.282906178366728e-05,0.00014538169244052902,0.00514319589311032,1.41347208855043e-06,0.0007110678550104544,1.926385028849562e-06,0.0004284775013184531,0.0016427748858126668,0.01751338033963239
30,0.1816303436605588,0.6726778506125015,0.014324404622313752,0.0005071396532389667,0.0013556515753642044,0.0005836802555606741,0.014988579029203414,1.6688743388596183e-07,0.08701046461020022,0.00030730370966218094,5.656680365334613e-06,0.0009693953124505938,4.45394317068156e-06,3.0150820565018122e-05,1.5537320436012542e-06,2.757809141213633e-06,1.282906178366728e-05,0.00014538169244052902,0.00514319589311032,1.41347208855043e-06,0.0007110678550104544,1.926385028849562e-06,0.0004284775013184531,0.0016427748858126668,0.01751338033963239
31,0.05735639114436832,0.6435600733939532,0.005553805341995443,0.000863248752353692,0.002503879484095216,0.0011792236413731816,0.011680489650588426,7.612527195691695e-08,0.2355619538782801,0.00016619843861451826,1.2343374156916414e-05,0.0018020506670755542,8.847882000410492e-06,5.569759148901682e-05,5.138448442893945e-06,7.483959626991894e-06,3.448932775407796e-05,0.00015299540325384731,0.004173823608120055,2.426697402849488e-06,0.0020253800153288374,6.899844614183555e-06,0.0006134226807891327,0.0023699571002210084,0.030303703548830326
32,0.1876762312225708,0.6718716642203459,0.013758027227225461,0.00044089805453118676,0.0012584096854503367,0.0005806412009065449,0.01396965161962487,1.7263712234459598e-07,0.08472682411009055,0.0002963814773844695,5.660205891821261e-06,0.0009255840898715978,4.33646679359055e-06,2.7333854553751716e-05,1.522638070404034e-06,2.665878406743024e-06,1.223356433134761e-05,0.0001374225974559586,0.006262457768447511,1.2971682517833862e-06,0.0006684260373039027,1.9421027099906046e-06,0.0003945775114943554,0.0017155955670335899,0.0152600430941311
33,0.17269602211323976,0.687222577359129,0.013210026114106455,0.0005668699272404731,0.0014082798514880436,0.0006423500706042781,0.014406773336907482,1.908810033215357e-07,0.08293969546668165,0.00033543750513173484,6.562813881813241e-06,0.0009857659396962154,4.962073206326704e-06,3.566777701216287e-05,1.476356667513241e-06,3.09320125770334e-06,1.5734230409416124e-05,0.00015343703441083367,0.0057705091389633305,1.635253926225713e-06,0.0007549809132052928,2.2533722170217525e-06,0.0005096486195684506,0.0018818404821944453,0.016444210167851074
34,0.20255360063213415,0.6506438765492591,0.014132376608993457,0.0003919680179172472,0.001235533044597026,0.0005404280779617655,0.013119853410282907,1.4995591230288677e-07,0.09312939815871726,0.00024003923378598165,5.181908998211971e-06,0.0008955980220092669,4.297515410733776e-06,2.3729406733988245e-05,1.442268464222879e-06,2.3998465286840343e-06,1.078606643035143e-05,0.0001312579068137676,0.005833934881297631,1.1258331873392052e-06,0.0006023971733207754,1.6622082371943852e-06,0.0003206708885928254,0.0016234640412717846,0.014554828343142064
35,0.3579600266058261,0.49596388814710246,0.015158077411238926,0.00036844944215379976,0.0007032920882299808,0.00030310038578292714,0.014114369044593839,1.7238811517046653e-07,0.09312858519291696,0.0002629363600691195,2.8257546470546794e-06,0.000986258588624699,3.369967159006494e-06,1.7531146243052687e-05,9.187600251714732e-07,1.7431314375722481e-06,8.415426524993216e-06,0.00029676158887365,0.004487491493994791,6.619900314908937e-07,0.000555677086637082,1.7215350780885593e-06,0.000145062045907852,0.001155978831091059,0.014372685587695088
36,0.20033738834757273,0.6060820467479635,0.01223097437108762,0.0004631277979544482,0.000923453880912929,0.0002451122667544903,0.025523034509099807,6.080814780469479e-07,0.11953447079131033,0.00020736098189186205,5.970694134702124e-06,0.004679477255211491,1.06175150414641e-05,3.898033625128055e-05,3.664142435647192e-06,6.160484665743028e-06,1.4388017223438857e-05,0.00014672102300607878,0.010304699555889859,1.2903131855283063e-06,0.0007002167878823523,6.261950169372002e-06,0.00017477563274065228,0.0009827707060937356,0.01737642781004286
37,0.3431519903387453,0.5494596506466648,0.017237116949381365,0.00044864871006802023,0.0008131930129988553,0.0003644469628956896,0.012003103425036505,9.235495879339423e-08,0.054669900893110204,0.00034335638673048727,3.7647636504445708e-06,0.0007437211746454187,3.814458006774066e-06,1.7292418283556087e-05,4.4373435922652514e-07,1.2015817312661161e-06,9.054310869450074e-06,0.00020408199186009536,0.004046218271277399,1.008272983870627e-06,0.00045234338801413755,1.0641320954323823e-06,0.0004134582762147598,0.0026365766390713035,0.012974456906346856
38,0.15201219201680183,0.707493316414659,0.012483341148276777,0.0007107313336704919,0.0012803744005557898,0.000509628232565504,0.01458681043308805,1.9101192588845477e-07,0.08236300289865901,0.0003189549396846087,6.509228613649692e-06,0.0012336200668458311,4.907215632719608e-06,3.90013942021121e-05,1.5010740420374041e-06,2.6999067720171242e-06,1.8197695159732247e-05,0.0001652302043815485,0.004710448937181163,1.778060530672768e-06,0.0009265016275327838,2.8013501172537924e-06,0.000573194203468197,0.0016783919180771044,0.0188766742875561
39,0.25455106214268625,0.46103318651602243,0.04646374855091681,0.0008094196757352677,0.0016813729348804903,0.00250372783679552,0.021309784207798783,5.621184534409031e-07,0.16194796865701952,0.0006634004984388688,8.514709298257539e-06,0.001368194741699625,1.6525863822296227e-05,2.8376415862251984e-05,3.5391127405395805e-06,1.0357193434358989e-05,4.045419988567712e-05,0.00032530118049048265,0.015311743687963716,2.945110497813602e-06,0.0028760629736270856,4.190952620283655e-06,0.0005752503688435705,0.003612124038646891,0.024852186311819888
40,0.19764376800692668,0.6273507795852158,0.01968071248511554,0.00026045199489336976,0.0013001902939711128,0.00039992632322098057,0.01810285418088431,1.0887517276881369e-07,0.10581313203675173,0.000158505618178814,4.0542761750070185e-06,0.0012624523488734198,4.375757717229759e-06,2.1488685680808168e-05,2.242834225720283e-06,1.6720328687899815e-06,6.439463232448714e-06,8.086615065203733e-05,0.00401863755500949,7.391442198048653e-07,0.0004972550572421049,1.3057232124524172e-06,0.0002449054170366737,0.0009132350041892076,0.022229901149333816
41,0.21955144358732062,0.5999235152528234,0.015440504957376061,0.00034124164859046903,0.0020505036997181874,0.0005425313813167428,0.015713825746783084,1.3814020491842082e-07,0.12133340513739836,0.00018841240120160026,4.7943390442927445e-06,0.0008114383566067494,5.073083861707479e-06,2.125048376396762e-05,2.042228246450507e-06,3.1772964915430783e-06,9.711300773886255e-06,0.00012088924252171235,0.0038974247150986327,1.2811935539061143e-06,0.0004769990246992319,1.183639144648375e-06,0.0002492301883051749,0.0012722345586666487,0.018037748396488106
42,0.13712425370067519,0.634856945287736,0.021599927835151612,0.0009125556826411157,0.0007025400530025552,0.001003973689220185,0.017799038782326655,7.693165008334564e-07,0.1401815677257082,0.0006322620312658753,9.279435462609802e-06,0.0024466688659341264,8.898335782602493e-06,2.5892187854032696e-05,4.491549264377404e-06,1.2649435014217045e-05,2.0876588844158866e-05,0.00020580892044617954,0.024246169750894872,2.3159196212259635e-06,0.0020692488397742637,1.0208619750588977e-05,0.00047535934082279947,0.0035439687681685997,0.012104329338137052
43,0.12484687013443152,0.7219654205983757,0.015751185440528507,0.000792484537413973,0.0011955586262903575,0.0016183621212136345,0.014372201706910302,3.0830496310571467e-07,0.08092164022189396,0.001792505975327541,4.709892937596867e-06,0.0006800190783732139,5.966993262258697e-06,3.992923449239324e-05,1.948047631189639e-06,7.557581494469944e-06,3.04902069296614e-05,0.0003149979474033557,0.010319956824100775,3.8166581159405895e-06,0.0027185640037121687,4.989620469455689e-06,0.0008510682443350807,0.002722558106362089,0.019036889893031744
44,0.1816303436605588,0.6726778506125015,0.014324404622313752,0.0005071396532389667,0.0013556515753642044,0.0005836802555606741,0.014988579029203414,1.6688743388596183e-07,0.08701046461020022,0.00030730370966218094,5.656680365334613e-06,0.0009693953124505938,4.45394317068156e-06,3.0150820565018122e-05,1.5537320436012542e-06,2.757809141213633e-06,1.282906178366728e-05,0.00014538169244052902,0.00514319589311032,1.41347208855043e-06,0.0007110678550104544,1.926385028849562e-06,0.0004284775013184531,0.0016427748858126668,0.01751338033963239
45,0.1981393105279393,0.546233133536231,0.029607872001769918,0.0005988061411529419,0.0016162122007542716,0.0009748562182263307,0.029083568979559587,7.306111386709711e-07,0.1635662754171818,0.00031143293692298586,1.3572402195036925e-05,0.0013926483083454375,5.1373685571946316e-06,2.335366686101735e-05,7.3050005182120495e-06,1.1276801733428742e-05,8.924596233795759e-06,0.00016073191022525016,0.011207403405107608,1.4475368645422498e-06,0.0006107661662524727,3.4852578978272246e-06,0.00026454459092987596,0.0022018276803971865,0.013955376737004302
46,0.18284649759944607,0.6461168232746465,0.014980062272393426,0.0018198647137195288,0.0016319339313983017,0.0018147334620626466,0.00866265293832915,3.0557383414987437e-07,0.08641747486849698,0.0005107626495194018,1.4943944602605725e-05,0.0015878501358664282,2.4951860291131446e-05,7.878127734640355e-05,1.995063519689132e-06,5.8979768250518674e-06,0.00022558860775582013,0.0004236468713595241,0.011032986005891615,6.361964954225974e-06,0.0028846237095875604,1.2270676868832416e-05,0.001856663526577775,0.005129733983254535,0.031912593111452586
47,0.15354614585064258,0.7134809169061345,0.014050092984441018,0.0005660176744493957,0.0014112008626445862,0.0006528287919576816,0.014775104129988706,1.7820526701930104e-07,0.07715623947697779,0.0003164365433616199,6.8392463003364105e-06,0.0007712051215134203,3.226492608292596e-06,3.4859584832087224e-05,1.4655304672482324e-06,2.4122855208943268e-06,1.1248941169886468e-05,0.00013160750034784996,0.004658027934122028,1.3549054377885416e-06,0.0006359037151116021,1.6554478190091922e-06,0.0005133298982101941,0.001603254401467223,0.01566844756920716
48,0.23692539252369094,0.2334472794853427,0.045554348444420856,0.0011097173411761955,0.0030059848012908468,0.00027958198983822597,0.05225665953174743,1.4226469992535645e-07,0.2452664095268113,0.00016045148760156724,3.6087646868943263e-06,0.003734076039254596,8.658349532862886e-06,4.0823151427311444e-05,8.361487882054013e-06,4.454734175985068e-06,1.0799070065469e-05,0.0005093894025684329,0.000250892192313799,2.0305765186299387e-06,0.0016044290750143715,1.9290974196947724e-06,0.0002400209514766415,0.0003921529643235221,0.1751824067467198
49,0.1725217454362669,0.6676279737391523,0.020234903332393382,0.0007476161096776488,0.0010246354648331718,0.0006620898576620569,0.01610087020913944,1.6823519186439742e-07,0.08935800422906824,0.000385893247829611,5.938385225174789e-06,0.0014005815151579355,5.489383019377194e-06,3.395569174873904e-05,1.568172680260665e-06,2.7119031993765575e-06,1.3294218111383116e-05,0.00016169749895439902,0.0049789917544473886,1.548361326187888e-06,0.0009893169368235465,2.4292478620536402e-06,0.0005998640003299213,0.0020797067751555445,0.021059006294744137
50,0.16191185181141549,0.7123896495427868,0.013958262301836631,0.0003233723653175927,0.0013805346513157365,0.00025028757501773115,0.04757529075910786,2.9867956944434813e-07,0.029058166386943234,0.000794697791443918,3.5313912901007035e-06,0.0012102294351523824,2.647838055579451e-06,4.177697790431605e-05,1.342617443256564e-06,1.7646997726663028e-06,6.691453934723545e-06,9.274312338376434e-05,0.0043159864346012785,1.0890993318920217e-06,0.0004995714624673133,1.461396675378993e-06,0.0005585547963012369,0.0006483053461794202,0.024971892062752337
51,0.07622987946583548,0.8777326142174495,0.003299061019124107,0.00041077587562464836,0.00014975635511199246,9.17997522048221e-05,0.004194177948036733,8.566326031164601e-08,0.029564084868398385,0.00012205199265527887,1.8753838436737995e-06,0.0005760517647705949,4.285995778448065e-07,2.5122782045007567e-05,4.260171069425178e-07,4.214987781938248e-07,2.7196616029365946e-06,6.423403979446095e-05,0.002383065419596451,2.3854340404923583e-07,0.00017803390906496767,1.4764236559481336e-06,0.00010513312292690178,0.0003414297802831712,0.0045250558958474536
52,0.5589886427814021,0.21961216729138883,0.015278063568155819,0.0002044976398522087,0.0017898661762744234,0.003259131459243375,0.0045697424836568384,1.8491591806542565e-07,0.16354934909163163,0.0003070507135026389,7.971806597635765e-06,0.00014492134518492595,3.48646690581003e-06,3.1014949177299704e-05,4.753139550148162e-06,7.099470877310063e-06,2.028569364990306e-05,0.001592740795529668,0.005094790314473275,1.2517716328214628e-06,0.00028204437158681634,2.032052524242508e-06,9.170950047938341e-05,0.0016076017377882714,0.02354960046301651
53,0.10959930219244926,0.655275736627391,0.020024380006892807,0.0006749268968423008,0.002938195847847777,0.00032589309998729726,0.08666159890453039,3.8469619953509446e-07,0.08568804388647137,0.000400106494961937,1.0672786763254752e-05,0.0027174048499229537,4.5092407554663235e-06,4.131207665525544e-05,3.687123496654901e-06,3.940563277878184e-06,7.04131928447337e-06,8.640357354294327e-05,0.0034386540092890606,1.5244125817765174e-06,0.0008646957973733053,2.389164913308623e-06,0.0008421721126417953,0.0012681380551813623,0.02911888626074685
54,0.17432963552644934,0.6951544588599448,0.012262051760158706,0.0004216844339175958,0.001221143058394769,0.00048294718207692137,0.013908133430937247,1.3547291407239897e-07,0.07623223971903392,0.0002904067188429039,4.315207999595002e-06,0.0008773032996567344,3.562306504475759e-06,2.95265683589531e-05,1.4925422106316036e-06,2.289293390484155e-06,1.0164047212449668e-05,0.00012396252892596363,0.004312866006741292,1.1932912923028224e-06,0.0005588850144503731,1.599579090757951e-06,0.000353424990800234,0.0011943812040116001,0.018222197956683932
55,0.044894582892430916,0.9014282440527013,0.006107581212330497,0.00044526980033353424,0.002796054099317221,0.0012810058561203658,0.009703373190188921,3.7142365042847265e-07,0.007221016908140948,0.0012815681751503372,1.726327797752044e-05,8.925149201066267e-05,5.861786556173818e-07,0.00012435648207160085,1.4234774267471988e-06,1.7931444685639998e-06,3.630413669697452e-05,6.056064530814907e-05,0.0049539933417201,3.493851404227411e-06,0.00044039747684902883,1.9910273957116564e-06,0.004214378025153232,0.0008522918504594507,0.014042847982038068
56,0.1902735698961336,0.6595517260502608,0.01475117984305769,0.0005092306649722395,0.0013613110993398873,0.0005795638631446489,0.015288371554194047,1.6758209722484284e-07,0.08940077746927168,0.000295705212220508,5.815305847579858e-06,0.0011227538217183388,5.537852081563544e-06,3.087098307466251e-05,1.5618569838314807e-06,2.7320526575626947e-06,1.3874006014653837e-05,0.00014633919092313884,0.005480949143182469,1.474498216821012e-06,0.0007426478797185074,2.0249637210148016e-06,0.0004386810104479741,0.001762128830447832,0.0182310053702716
57,0.1738462161812025,0.6599441463977781,0.013322710478801668,0.0004962845998794632,0.001166114290528645,0.00039500438121549403,0.016989924575619052,2.1346310754832003e-07,0.1003252625480562,0.0003219659187326713,4.311353437889374e-06,0.002298359260595973,1.132952949127026e-05,2.7345057290026777e-05,1.861213971355663e-06,4.057246305252965e-06,1.964697599853213e-05,0.00012939089359075622,0.007782980361337293,2.1853712694105727e-06,0.001014902235564047,3.498277227262025e-06,0.00041404583514971906,0.001728109498719933,0.019750134055129983
58,0.20844233318762234,0.6388929289714443,0.015459315841618762,0.0004995398942246443,0.0012845731526845065,0.0006136191113121528,0.014244874580915097,1.5441829151675317e-07,0.09425513930227847,0.0002686538936099972,6.510907981243105e-06,0.0011155271746409532,5.575687077180463e-06,2.6112327853595492e-05,1.2831627125300435e-06,2.63858003352111e-06,1.1875869837242278e-05,0.00014076880657556788,0.006383734374513115,1.3398932692133027e-06,0.0006919355058867813,1.7945200112358483e-06,0.0004548508650196933,0.0024708725573189083,0.014724047413267452
59,0.194927411213561,0.6463877162142261,0.018385440213489392,0.0005543200405622586,0.0012807557241159586,0.0006494731204647562,0.015266099659901103,1.6616081845636317e-07,0.09643273012290186,0.0003026002094076269,6.606455200175182e-06,0.0010724126174600735,5.068595365775772e-06,2.478798637992619e-05,1.3997961099706605e-06,2.883558657805593e-06,1.1151674294901764e-05,0.00013646661768751604,0.0059998999260019135,1.4524307147485064e-06,0.0007621383757500531,1.8032535552461767e-06,0.0004950958363574776,0.002522157392667265,0.014769962804348561
60,0.1816303436605588,0.6726778506125015,0.014324404622313752,0.0005071396532389667,0.0013556515753642044,0.0005836802555606741,0.014988579029203414,1.6688743388596183e-07,0.08701046461020022,0.00030730370966218094,5.656680365334613e-06,0.0009693953124505938,4.45394317068156e-06,3.0150820565018122e-05,1.5537320436012542e-06,2.757809141213633e-06,1.282906178366728e-05,0.00014538169244052902,0.00514319589311032,1.41347208855043e-06,0.0007110678550104544,1.926385028849562e-06,0.0004284775013184531,0.0016427748858126668,0.01751338033963239
61,0.19734905150548715,0.6475667934925807,0.017955230917689052,0.000529411418649866,0.0012940037066075246,0.0006117122511072521,0.015812731902111323,1.6878220470443893e-07,0.0926398718312733,0.00030378421707893396,6.405817623402868e-06,0.0010798266329129804,5.108279977358688e-06,2.476188654773192e-05,1.4127770800370282e-06,2.734023517480344e-06,1.1125259495511644e-05,0.00013637008875876558,0.005932659389236035,1.4206780040793956e-06,0.0007371549840957444,1.795426932899282e-06,0.00048357251553153834,0.0023671139113975365,0.01514577830409911
62,0.1816303436605588,0.6726778506125015,0.014324404622313752,0.0005071396532389667,0.0013556515753642044,0.0005836802555606741,0.014988579029203414,1.6688743388596183e-07,0.08701046461020022,0.00030730370966218094,5.656680365334613e-06,0.0009693953124505938,4.45394317068156e-06,3.0150820565018122e-05,1.5537320436012542e-06,2.757809141213633e-06,1.282906178366728e-05,0.00014538169244052902,0.00514319589311032,1.41347208855043e-06,0.0007110678550104544,1.926385028849562e-06,0.0004284775013184531,0.0016427748858126668,0.01751338033963239
63,0.1615206775545342,0.7163185356209594,0.011753187037522454,0.00042658150925898225,0.0011632851964074279,0.00047842157754860793,0.012273068567752643,1.3141288995207843e-07,0.07277310651492257,0.00027958975925277275,4.6002197090088615e-06,0.0008029273247764005,3.4728479049935452e-06,2.6466772699127797e-05,1.3103492289451243e-06,2.120981805673376e-06,1.0699193632768293e-05,0.00011366307224520877,0.004739757115259604,1.2190832258007713e-06,0.0005871174835102804,1.6330830032200443e-06,0.00038473830902922466,0.001372788621341407,0.01496090079157926
64,0.15841224854257424,0.6879894578847146,0.014812765337703149,0.0005839642206403035,0.0012625032650608549,0.0006236641421447219,0.015244371816237725,1.581221219086423e-07,0.09091228309647194,0.00036803355343982465,5.158484077264354e-06,0.0011641990427479012,5.405858820834419e-06,3.235826219173351e-05,1.6096022699555553e-06,2.8456131058843116e-06,1.5005301137242627e-05,0.0001542652634579359,0.005187637146595735,1.6506430596700562e-06,0.0011102294662016126,2.3704077433553553e-06,0.0005102916551827085,0.0017569506211588238,0.019840572651140028
65,0.18206856720460343,0.6719805037011597,0.014298910721250146,0.0005056792559981455,0.0013556130128751915,0.0005832747120940566,0.014932736564694994,1.661195957137979e-07,0.08739178093059115,0.00030519282484770135,5.656895257333581e-06,0.0009695148388103015,4.465524456980338e-06,3.0025237862983275e-05,1.552200803238613e-06,2.756946422473675e-06,1.2824966355583686e-05,0.0001454011052756505,0.005149269324517506,1.4096616082065717e-06,0.0007091919518623366,1.9250070769173935e-06,0.0004263731470612157,0.0016469809725452155,0.017470227172373908
66,0.35494745103398434,0.4703069321668983,0.02922818096911416,0.00034510587019655995,0.003272292646040889,0.0014577794964703542,0.014424888009976326,1.0614538676146839e-07,0.0877925279613857,0.0005076715518617867,6.005211557187767e-06,0.0004895393619428921,1.1809861019442207e-05,1.907610119423903e-05,1.0617980400371877e-06,2.976404435178943e-06,2.9604691477370886e-05,0.00023705056315878029,0.005845681985053511,3.2362403630953933e-06,0.0011979498745048045,1.033821502129321e-06,0.0007691540934953954,0.0041565102909825865,0.024946373849958126
67,0.18203050702335533,0.6427204763429588,0.021495325252172476,0.0015202836531123655,0.001977287805633242,0.002144076495324103,0.012894241804107712,2.0233783368636244e-07,0.08882875320316656,0.000661753339008248,1.0219741411419658e-05,0.0011134189546060241,1.35953545626415e-05,8.8968027324609e-05,1.3292077326749241e-06,5.0057308281275714e-06,4.488920090583418e-05,0.0002994455332899555,0.005210068613811152,4.6632204849493984e-06,0.001751537632074405,2.55289659789437e-06,0.0016383327375439109,0.004164989108254831,0.031378076783898916
68,0.18817551601059695,0.664363877743722,0.015732046468556568,0.0005497900574554415,0.001225847921860297,0.0005807461669440596,0.014710330871982452,1.6387273361935034e-07,0.08799772533127917,0.00031684045137969977,5.432046803787717e-06,0.0010105362292237021,4.448362878975539e-06,2.930526290882042e-05,1.386102986595961e-06,2.6453621079823977e-06,1.245140623517322e-05,0.00015239121523211442,0.0050004970028250705,1.382381321006085e-06,0.0007671039882696383,1.9014368314123498e-06,0.00044120507392735937,0.0017489547518589452,0.01716747448007915
69,0.1475256356522051,0.7081120347953835,0.016992974980177343,0.0006649060583889824,0.0014289939607336876,0.0006701069303306518,0.017273107736522735,2.0845971216082987e-07,0.081774460577994,0.0003379079701457225,8.370300492506303e-06,0.0010789870925164147,4.315133314662358e-06,3.107307264411665e-05,1.5389285675175327e-06,3.078420698548412e-06,1.1026642907323262e-05,0.00011298914710791844,0.005878783559086306,1.637917936033736e-06,0.0008470090388545801,1.8831403587084013e-06,0.0006799759041948479,0.002461455581922704,0.014097538997803935
70,0.43712311361696315,0.36592226827358165,0.03258264831059093,0.0007070476395617441,0.0015439652789079226,0.0002483797638600698,0.025333197021938484,4.862634101233404e-07,0.0884367268086018,0.0002833770136987366,2.202965446196961e-06,0.0013759519816846782,7.446009518968417e-06,5.083937965904005e-05,2.3800870765810015e-06,5.734933766175855e-06,1.3006472297100081e-05,0.00035232458884857434,0.0008575976665346463,2.4005407808619986e-06,0.0002365714817999848,1.1826282701477706e-06,0.00010627135955502808,0.0002864614678116069,0.04451841844583568
71,0.19810003073094337,0.64537779165996,0.01699439875781512,0.0005440798564406286,0.0011896138048613097,0.0006715420194511894,0.01533715300190685,1.8598684401223973e-07,0.09400778614053784,0.0003018597480631322,6.477556719364961e-06,0.0010172687030064684,4.2764132702509245e-06,3.010349320825853e-05,1.6502091357835123e-06,2.73232364570649e-06,1.309784536442411e-05,0.00016870325309104189,0.005870120189627699,1.1715266044465728e-06,0.0007653890248097971,2.2236104079933997e-06,0.0004066748631150457,0.001781202719913775,0.017404466561256354
72,0.18869758325805336,0.6578398594627745,0.015362398967742795,0.00052056791849985,0.001350853331240812,0.0006113462483480131,0.015561865271937795,1.7902743948915198e-07,0.09290398790702084,0.0003086608848115206,5.828818795367877e-06,0.0010154835313817112,4.698914685104629e-06,3.0001287918126057e-05,1.6120682034723873e-06,2.9574953755989e-06,1.279819831978109e-05,0.00015416468357254702,0.00535068908322178,1.4055999397821803e-06,0.0007440455527344142,1.9778807925100065e-06,0.0004090708072381759,0.0017084985264148194,0.01739946527353787
