,0,1,2,3,4,5,6,7,8,9,10,11,12,13,14,15,16,17,18,19,20,21,22,23,24
0,1.6384521281290745e-06,4.295474211967778e-05,4.8656795541614724e-06,6.562676479217097e-08,0.0007045770782548771,1.3748303302780606e-05,2.363870736594531e-07,2.102575520916102e-05,0.014387264786823789,5.4559976785056956e-05,2.8517049819687276e-07,1.7447782330472567e-06,2.72647004565214e-09,3.250465565757534e-05,0.0002812726322624003,9.68465779511668e-06,6.368468279291805e-09,6.306325510794611e-10,0.9840577396645389,1.6004205050787154e-09,6.6866517309448025e-06,0.00036895880091511956,1.159847058338296e-09,8.691437657029145e-10,1.0172845370327431e-05
1,7.501715465800181e-07,2.354621246682085e-05,3.760493949291412e-06,4.7012956171094804e-08,0.0004517836205080406,8.929347074725605e-06,1.6062944029130623e-07,1.9464064752746027e-05,0.01849652904083001,5.628343217666984e-05,1.3766177463947624e-07,9.631089766251612e-07,1.4885662374447286e-09,1.958896962525035e-05,0.0002207729376757136,8.936606494152738e-06,3.41358529610042e-09,2.5311052994042573e-10,0.9804540829995764,1.1899497376729452e-09,5.543940647099939e-06,0.00022087794895970419,5.548713512698601e-10,4.4792721376847755e-10,7.834452558640106e-06
2,1.7619683030749882e-06,3.912051757168247e-05,2.48791843602967e-06,4.769200977054069e-08,0.0004981471420619644,1.3746922204094243e-05,2.2048397240418473e-07,1.6647754354086217e-05,0.008545402606446383,4.34795971087566e-05,2.1527035004032416e-07,1.5177519858350196e-06,1.6312824044901646e-09,3.280562348539074e-05,0.0005544913467165471,1.3752915000086785e-05,8.619808681908082e-09,4.909762202226364e-10,0.9896633585127386,1.1765013149897448e-09,7.83387105925393e-06,0.0005527565404363989,2.4057000185634542e-09,7.012010613648209e-10,1.2190540290041065e-05
3,1.6092161679749526e-06,4.436801557033391e-05,4.0820369925069115e-06,6.26465464481819e-08,0.0006302503738181282,1.2272592330124923e-05,2.1786001938511307e-07,2.0490528398654383e-05,0.01277218632291565,5.493061239224685e-05,2.53008437233161e-07,1.5565209737133502e-06,2.2846384761595765e-09,3.0383697799716874e-05,0.0002847959072862607,8.990192874088895e-06,6.677627854674791e-09,6.229507982510754e-10,0.9857283611290303,1.3811341161442952e-09,7.084053659695772e-06,0.0003871495081156931,1.1284818642445526e-09,8.313753607126397e-10,1.0942850463421898e-05
4,1.7257300513796852e-06,5.510904010168642e-05,5.463287070495299e-06,7.74273366182578e-08,0.0008418943035015897,1.5256281669509185e-05,2.5970199605050727e-07,2.0309717187719394e-05,0.014762067665152118,6.135092398530775e-05,3.1205617105246505e-07,1.9075883499506515e-06,3.865780603715825e-09,4.324191957964242e-05,0.0002915143563606459,9.389201575793307e-06,7.057599208131384e-09,7.443459481724116e-10,0.9834574428904069,1.7510470825027316e-09,6.908704711593495e-06,0.0004151573341111247,1.275502196811708e-09,9.768444656462026e-10,1.0596199561266587e-05
5,1.8270705583569397e-06,5.163585999219905e-05,4.1121103105828894e-06,8.383961776127858e-08,0.0007715614129764712,1.4260570699386517e-05,2.2729586456080229e-07,2.2951854549602766e-05,0.011563615311938058,6.468151424592017e-05,3.131137056338689e-07,1.7240050745205478e-06,2.7171693123329993e-09,3.308240957873727e-05,0.00026880227001325243,8.937474040004202e-06,8.331549612092851e-09,9.442227230626809e-10,0.9867694716535367,1.5057827905006417e-09,8.767731891568893e-06,0.00040199989751183655,1.3585830815256467e-09,1.0532571073647873e-09,1.1928693330402808e-05
6,1.6092161679749526e-06,4.436801557033391e-05,4.0820369925069115e-06,6.26465464481819e-08,0.0006302503738181282,1.2272592330124923e-05,2.1786001938511307e-07,2.0490528398654383e-05,0.01277218632291565,5.493061239224685e-05,2.53008437233161e-07,1.5565209737133502e-06,2.2846384761595765e-09,3.0383697799716874e-05,0.0002847959072862607,8.990192874088895e-06,6.677627854674791e-09,6.229507982510754e-10,0.9857283611290303,1.3811341161442952e-09,7.084053659695772e-06,0.0003871495081156931,1.1284818642445526e-09,8.313753607126397e-10,1.0942850463421898e-05
7,3.029138465613848e-06,0.00011772608156934972,1.0150300699575914e-05,1.109654939368907e-07,0.0008323454152525225,1.4039242161855585e-05,5.364408145421076e-07,2.7558698110330597e-05,0.025611342304058236,7.249859316060215e-05,6.173110828293721e-07,2.347381595979211e-06,1.0203085450306158e-08,4.4198521146667046e-05,0.0003378233579337405,6.797361925412359e-06,1.0635657051023332e-08,1.2782436133708709e-09,0.9724781365067339,2.9346565682589388e-09,6.0537697899901146e-06,0.0004207491526941772,1.140920075505164e-09,2.4201374937535716e-09,1.3910844610743663e-05
8,2.734095518537088e-06,5.344356520923315e-05,5.4733334058017714e-06,9.19718576862073e-08,0.0006295420710501195,8.066414749536956e-06,2.951665937322629e-07,2.7041193427235523e-05,0.012533035469830782,8.609075042864086e-05,1.187567858433247e-07,1.1897651015795037e-06,2.60173953976242e-09,3.3669950843592893e-05,0.0003486664179462574,1.429731611889984e-05,9.584718803586214e-09,4.5767080429273287e-10,0.985936634466407,1.2251111592019369e-09,7.123679623840455e-06,0.0002858578948800438,1.44643441500351e-09,1.695414205826876e-09,2.6610709132322854e-05
9,3.6975808028954697e-06,0.00011232559004598156,1.655311609263563e-05,1.4709800200011312e-07,0.001039990495497806,8.525948627924398e-06,4.290127743105379e-07,3.644993606411311e-05,0.03357348123956049,0.00011232157230515918,2.2407506167248054e-07,1.8090505768909444e-06,9.212492537685758e-09,3.9570377603719135e-05,0.0003476804694669591,8.949321158294407e-06,1.3126537544072496e-08,7.508293084586571e-10,0.9643981137460629,2.2069137363557933e-09,6.281710279656779e-06,0.00025916878266554473,8.763649138438908e-10,4.155370050744758e-09,3.425054884311696e-05
10,1.6092161679749526e-06,4.436801557033391e-05,4.0820369925069115e-06,6.26465464481819e-08,0.0006302503738181282,1.2272592330124923e-05,2.1786001938511307e-07,2.0490528398654383e-05,0.01277218632291565,5.493061239224685e-05,2.53008437233161e-07,1.5565209737133502e-06,2.2846384761595765e-09,3.0383697799716874e-05,0.0002847959072862607,8.990192874088895e-06,6.677627854674791e-09,6.229507982510754e-10,0.9857283611290303,1.3811341161442952e-09,7.084053659695772e-06,0.0003871495081156931,1.1284818642445526e-09,8.313753607126397e-10,1.0942850463421898e-05
11,1.767518433193748e-06,5.109678211738453e-05,4.647731075696293e-06,7.099328570502783e-08,0.0006955195477799175,1.3273711288642004e-05,2.4400621172447775e-07,2.1308914765029855e-05,0.013691828846014347,5.832510927051901e-05,2.880506310797008e-07,1.728421480007503e-06,3.014747125088754e-09,3.480826240909339e-05,0.00028771052211259073,8.974132820756544e-06,7.323607438327279e-09,7.304180894746533e-10,0.9847039470989996,1.5913373590209797e-09,7.062772597314661e-06,0.0004060715938366255,1.222314090821323e-09,9.618737759687797e-10,1.1311140572891168e-05
12,5.031943355315697e-06,0.00010127478562302897,5.574170606630341e-06,1.7529991289634203e-07,0.0033747472010136298,5.754697719926043e-05,2.8504773631385273e-07,2.4265603878007324e-05,0.0035505817718240454,0.00010020091818078739,6.765916613392731e-07,1.097065084439907e-05,6.796971160686556e-09,0.00020149266861775554,0.0004246598696892113,2.6379505448171628e-05,3.6859979309419717e-08,5.6432740262804215e-09,0.9897664511061448,2.4502657872199073e-09,2.2706478642262075e-05,0.002311058325011525,1.3532962991428382e-08,1.9766975617277734e-09,1.5853824459966913e-05
13,1.580712648408531e-06,2.9887888534477267e-05,5.526010184704028e-06,4.79584767994503e-08,0.000585512832917293,6.878609915912782e-06,1.5262735537551244e-07,1.6591831923820418e-05,0.010649364511916237,1.6247878893715996e-05,4.828387945500648e-07,4.502523356800371e-06,2.332200039299693e-09,4.129365334786783e-05,0.00025591212795397143,4.273718594533276e-06,8.561088011194152e-09,4.907604293136734e-10,0.9878441692358377,1.3374304567830892e-09,7.128293151355795e-06,0.0005229108610162211,8.141735410971926e-10,4.256519947806355e-10,7.521923875764236e-06
14,3.2720811528799463e-06,1.8995730746225178e-05,3.992405153771623e-06,5.1259270088629063e-08,0.0003524042344536445,1.0197147124692567e-05,2.527780215699756e-07,2.0561569678152746e-05,0.007985720547382785,2.6130034280143725e-05,2.2372021083819415e-07,3.6092157559978673e-06,1.2061941197193313e-09,3.5950392990320685e-05,0.00034275731366918065,1.5454238985924977e-05,9.54760647478002e-09,6.435914358221375e-10,0.9906090581332622,1.5354522534895931e-09,8.91485820994566e-06,0.000545505894182206,2.1539328934081852e-09,5.934948281476199e-10,1.693276519742648e-05
15,1.6092161679749526e-06,4.436801557033391e-05,4.0820369925069115e-06,6.26465464481819e-08,0.0006302503738181282,1.2272592330124923e-05,2.1786001938511307e-07,2.0490528398654383e-05,0.01277218632291565,5.493061239224685e-05,2.53008437233161e-07,1.5565209737133502e-06,2.2846384761595765e-09,3.0383697799716874e-05,0.0002847959072862607,8.990192874088895e-06,6.677627854674791e-09,6.229507982510754e-10,0.9857283611290303,1.3811341161442952e-09,7.084053659695772e-06,0.0003871495081156931,1.1284818642445526e-09,8.313753607126397e-10,1.0942850463421898e-05
16,1.6131619951289419e-06,3.873778841585085e-05,2.4786954277328386e-06,6.583136442938895e-08,0.00044131970180998737,1.1496693718370593e-05,2.194172358903987e-07,2.546284721490771e-05,0.007877834182861036,7.867896147687129e-05,2.3183476435269954e-07,1.5543437780639477e-06,1.4636515743242039e-09,2.3466444021822374e-05,0.0002343151509659326,1.1756258223466483e-05,8.209787154321095e-09,8.754933392876015e-10,0.9907793402237794,1.3851711706923476e-09,1.2929461975390427e-05,0.00044852417456246247,1.225181038839426e-09,7.776513972633346e-10,9.960889473354383e-06
17,2.6453224833692613e-06,4.711072726176193e-05,5.838821284697537e-06,1.2203536016433252e-07,0.0008934795758098139,1.6749829679340915e-05,3.0497354643187744e-07,2.169296040295071e-05,0.010452283521659353,5.625427356063056e-05,3.5981258233615957e-07,2.951206182604614e-06,3.960175959674859e-09,7.008879518686533e-05,0.00022985109557979518,1.1303066206186634e-05,8.447241429828572e-09,1.189822374118311e-09,0.9877504262185599,1.9721546319529062e-09,9.269871251642469e-06,0.00041420406004756533,1.984150096847151e-09,9.581093416516351e-10,1.5045321700534884e-05
18,5.88588728910136e-06,6.843304029392099e-05,5.203868590075468e-06,7.137257186189241e-08,0.0004301714179970977,6.8132875702410724e-06,3.1146847793545e-07,2.9742226277769892e-05,0.008948527518554076,5.82597339011756e-05,2.3104980229812684e-07,3.7383928716536034e-06,2.8776555436782126e-09,3.2602776460014574e-05,0.000294581608877175,8.43682957327454e-06,2.4190667551779888e-08,1.7266410195902887e-09,0.989220161505078,1.4095421048748586e-09,1.0630491551068942e-05,0.0008472024890932863,1.5102539703989032e-09,2.136963971241685e-09,2.8961183446038124e-05
19,1.1879161190956525e-06,5.063555612810685e-05,7.875865482246141e-06,8.709743771473825e-08,0.0012099229110223218,1.3930354511857752e-05,1.8737454793300242e-07,2.1107326619122793e-05,0.02013320106650922,7.227044604645552e-05,2.7808144559361944e-07,2.148524240255759e-06,4.998865031837323e-09,4.368336078114124e-05,0.0002031824372913883,7.07778555750997e-06,5.889317833123234e-09,5.867619045620532e-10,0.9778467496035927,1.8343029149008186e-09,5.599570206241057e-06,0.000371797943494626,6.755693474317183e-10,8.220102508702213e-10,9.061972139160402e-06
20,8.771772094921061e-07,3.762884540935119e-05,2.2552135636220582e-06,3.729742055059182e-08,0.0005279124445555822,6.748353806147389e-06,1.106125248631589e-07,2.1711987625885265e-05,0.009975429318468993,4.8787893565677254e-05,1.4414653527309283e-07,9.790952039427923e-07,1.3217982466052048e-09,1.7952764285751478e-05,0.0002856869043809321,5.547975041032416e-06,7.293172788825187e-09,3.6919167004027913e-10,0.9884990145279369,8.094407183238159e-10,6.430834019092473e-06,0.0005557518603258749,7.165773509630141e-10,6.016447179524305e-10,6.9816362955512984e-06
21,3.7814395327337386e-06,4.489857480446325e-05,8.857235347268883e-06,1.2080579168028788e-07,0.0008685386294935911,2.4684843637775232e-05,5.378159677475836e-07,2.3034939167294352e-05,0.01237943094253561,7.719400930015332e-05,4.156784090699588e-07,4.904080561919976e-06,6.473093830268823e-09,7.428086419784793e-05,0.00026856758021388865,2.5204366119214635e-05,8.618076109883559e-09,1.3100186016387775e-09,0.9857754828464269,3.5349049536695475e-09,9.590595624866594e-06,0.0003960795930312826,2.517490823407704e-09,1.2939628315254943e-09,1.4371412289415856e-05
22,2.178239756495846e-06,3.808790575186698e-05,4.856187197186198e-06,7.759400593054558e-08,0.0006752204697065849,1.6814949018205165e-05,2.515259517382018e-07,2.6428764783869197e-05,0.00976733516407902,5.826729524786114e-05,3.7849542105578196e-07,2.708655886883851e-06,2.0271033586944524e-09,3.791910376246228e-05,0.00026908495287654893,1.4030905145873527e-05,1.0165172814374623e-08,1.1985270252077213e-09,0.9884963150774265,2.131121872190477e-09,1.3263772130335465e-05,0.0005659232332005781,1.7928234606673816e-09,9.176842996032911e-10,1.0839476218179884e-05
23,1.6092161679749526e-06,4.436801557033391e-05,4.0820369925069115e-06,6.26465464481819e-08,0.0006302503738181282,1.2272592330124923e-05,2.1786001938511307e-07,2.0490528398654383e-05,0.01277218632291565,5.493061239224685e-05,2.53008437233161e-07,1.5565209737133502e-06,2.2846384761595765e-09,3.0383697799716874e-05,0.0002847959072862607,8.990192874088895e-06,6.677627854674791e-09,6.229507982510754e-10,0.9857283611290303,1.3811341161442952e-09,7.084053659695772e-06,0.0003871495081156931,1.1284818642445526e-09,8.313753607126397e-10,1.0942850463421898e-05
24,3.4166865643783732e-06,2.05006975269717e-05,3.5765907186944444e-06,2.3892451157900178e-08,0.00021555153776969908,5.984677602321746e-06,2.669949184723157e-07,3.0947614398102856e-05,0.014108937252211934,2.6454523778602902e-05,1.9219768762290127e-07,1.7523999968543864e-06,6.451192582720157e-10,9.308775808584624e-06,0.000785798809883264,1.4997110664067898e-05,1.532362795172848e-08,3.692658177062588e-10,0.9841646368511378,1.0630114631472214e-09,8.430685898440228e-06,0.0005802168742925911,1.8241153100811972e-09,1.4186587138643144e-09,1.8985182892037122e-05
25,1.804666502861192e-06,2.9941885933709576e-05,4.0172287955032526e-06,7.926662374208052e-08,0.00044007250884551413,6.144893647304029e-06,2.734645384819284e-07,3.2713349132574695e-05,0.008179554070268104,3.269005670399692e-05,3.934203851087134e-07,2.3289319989927905e-06,2.636348293756451e-09,2.4377870814035726e-05,0.00016529147144169653,6.1060200086471165e-06,9.604104462198e-09,8.097100843835855e-10,0.9907195460448907,1.9894228074981482e-09,7.93915297988717e-06,0.00033962960927722864,1.0613041500109863e-09,8.98831158921964e-10,7.0790874909012675e-06
26,6.95908294420562e-06,9.555988688087513e-05,1.0495023208821926e-05,9.795357663177649e-08,0.0007183452588675532,1.0729697759258652e-05,4.4522237531820725e-07,5.077032010076152e-05,0.022280824986255127,7.989962162591558e-05,4.2079401843015924e-07,2.9847316537834393e-06,6.350864328352501e-09,2.398917752793582e-05,0.0003744220726617542,9.14836323136445e-06,3.036827327093876e-08,2.313949734058329e-09,0.975572486807903,2.69306287641775e-09,8.972075154529384e-06,0.000729976876225493,1.6584078463452927e-09,5.5404736528107936e-09,2.3423122997781806e-05
27,1.3610592803526637e-06,3.9542584281456844e-05,3.339927264822264e-06,4.440710176702404e-08,0.0004354904172437234,1.1768337934427757e-05,1.829625610363929e-07,2.4168196050314505e-05,0.019169815131571292,6.211345838148356e-05,1.7158488039389697e-07,1.0017571173583263e-06,1.2461967464091805e-09,1.8894412878255282e-05,0.00041709167458723234,9.247739740755355e-06,6.310862168172611e-09,4.648152382994149e-10,0.979269557089696,1.2660152197880612e-09,7.02387151931562e-06,0.0005148741713037647,9.562542678130175e-10,7.732573156018259e-10,1.4300199205245849e-05
28,1.6092161679749526e-06,4.436801557033391e-05,4.0820369925069115e-06,6.26465464481819e-08,0.0006302503738181282,1.2272592330124923e-05,2.1786001938511307e-07,2.0490528398654383e-05,0.01277218632291565,5.493061239224685e-05,2.53008437233161e-07,1.5565209737133502e-06,2.2846384761595765e-09,3.0383697799716874e-05,0.0002847959072862607,8.990192874088895e-06,6.677627854674791e-09,6.229507982510754e-10,0.9857283611290303,1.3811341161442952e-09,7.084053659695772e-06,0.0003871495081156931,1.1284818642445526e-09,8.313753607126397e-10,1.0942850463421898e-05
29,1.6092161679749526e-06,4.436801557033391e-05,4.0820369925069115e-06,6.26465464481819e-08,0.0006302503738181282,1.2272592330124923e-05,2.1786001938511307e-07,2.0490528398654383e-05,0.01277218632291565,5.493061239224685e-05,2.53008437233161e-07,1.5565209737133502e-06,2.2846384761595765e-09,3.0383697799716874e-05,0.0002847959072862607,8.990192874088895e-06,6.677627854674791e-09,6.229507982510754e-10,0.9857283611290303,1.3811341161442952e-09,7.084053659695772e-06,0.0003871495081156931,1.1284818642445526e-09,8.313753607126397e-10,1.0942850463421898e-05
30,1.6092161679749526e-06,4.436801557033391e-05,4.0820369925069115e-06,6.26465464481819e-08,0.0006302503738181282,1.2272592330124923e-05,2.1786001938511307e-07,2.0490528398654383e-05,0.01277218632291565,5.493061239224685e-05,2.53008437233161e-07,1.5565209737133502e-06,2.2846384761595765e-09,3.0383697799716874e-05,0.0002847959072862607,8.990192874088895e-06,6.677627854674791e-09,6.229507982510754e-10,0.9857283611290303,1.3811341161442952e-09,7.084053659695772e-06,0.0003871495081156931,1.1284818642445526e-09,8.313753607126397e-10,1.0942850463421898e-05
31,1.4621152189265711e-06,3.802768732616443e-05,2.8857450826627817e-06,5.8439615188674464e-08,0.0005374099274944553,2.4050167977781135e-05,2.8090838634024515e-07,1.5958591557442427e-05,0.012883733956560839,5.190749211533845e-05,4.0074623771843036e-07,1.6204608244691427e-06,1.5979777222711307e-09,3.467310846859165e-05,0.0004925236585704123,1.3576411507637563e-05,5.578320633539345e-09,6.617113908666165e-10,0.9854222073075871,1.4896072171083941e-09,9.580824337692052e-06,0.0004588575619287628,2.145262933106892e-09,5.727621141633316e-10,1.0772843560425105e-05
32,1.3342955762208057e-06,3.7652547199320264e-05,3.5127325797108804e-06,5.278633648143556e-08,0.0005369349692247812,1.0038779316042516e-05,1.8351649246287677e-07,1.9925059705586188e-05,0.012192056605519327,4.860445904995825e-05,2.080270246735286e-07,1.3533187264390377e-06,1.8347982606363689e-09,2.5778260716404635e-05,0.00026763388142007303,8.099922261547649e-06,6.053195157707483e-09,4.911651733163273e-10,0.9864615460262105,1.2210690712154859e-09,6.5626576704604605e-06,0.0003688090203479699,9.452736023719556e-10,6.771645578466255e-10,9.701911955950186e-06
33,1.805722257813007e-06,6.14282076263388e-05,3.084114416902057e-06,5.743956058713919e-08,0.0008403100362576322,1.3193755710646075e-05,1.8639123512414459e-07,1.7721692723728597e-05,0.0070052202004401935,5.1549794817287436e-05,2.7073099420808825e-07,1.8817756696573948e-06,3.294408449485841e-09,4.08095811168467e-05,0.0002524929728475457,8.107170738134748e-06,9.343852360649606e-09,8.894116458012568e-10,0.9910059617217286,1.309548506136321e-09,6.263478722127751e-06,0.000682730300567241,1.4643263633149056e-09,8.433010520581692e-10,6.907767720947918e-06
34,1.0462240390514273e-05,0.0006754411989887085,9.910064096009e-06,4.552678364279892e-06,0.11383792150108041,0.00038473197141917614,6.116525652696199e-07,0.00017317644642452176,0.00021719875339998196,0.0007266643339001144,1.202235378850146e-05,0.00029782103708028164,4.485321409712803e-08,0.002162009570115601,0.0010919076294172824,0.000138916661893569,2.903980329734419e-06,2.985487133903075e-07,0.8531092020849247,1.1985739801834124e-08,0.0006425768250874569,0.026471253435121907,2.0932164434166904e-06,3.670354955909274e-08,2.823027395174396e-05
35,2.2447684891366286e-06,3.1877054565496395e-05,3.019136130955712e-06,5.956738304708535e-08,0.0001920780675893061,3.0805099462398194e-06,1.530820031543e-07,5.013460404001577e-05,0.019712220407256224,6.392585683259959e-05,1.0914552475676401e-07,1.1092103633483166e-06,1.3702455534937569e-09,7.065697357701582e-06,9.810284695859153e-05,2.876383877411422e-06,9.624926945680072e-09,9.402627679181865e-10,0.9794697779320333,1.2203486264858335e-09,5.648176096644836e-06,0.00033714875282666836,2.616626541533874e-10,1.158923683200007e-09,1.9354224355156213e-05
36,4.853970532063984e-06,0.0003232254013947725,7.305119798615481e-06,5.170844278290178e-07,0.0024267158290569375,0.0011814829836144657,4.3803610291916865e-06,3.72698652717509e-05,0.03216554336076558,0.0004057532863615999,1.6126107495815168e-05,1.6428267052176987e-06,4.799625395680646e-09,0.00015549214383772612,0.001918831826494528,6.155039133941966e-05,6.78592333001696e-09,2.9464565741171276e-08,0.9601542499565409,1.0888767417837648e-08,9.070745840008999e-05,0.0010249517165491027,3.765788106807606e-08,5.319266848522917e-09,1.9305394355000412e-05
37,1.0680933408856062e-06,3.9047053456711335e-05,3.238935317223196e-06,5.804681083584512e-08,0.0006278920562165428,1.2686008311813769e-05,1.7403193516455614e-07,2.0066789850182753e-05,0.013711065053325899,6.084460073653117e-05,2.1896774719513512e-07,1.1458893199823429e-06,1.8257349642203986e-09,2.4696163988475833e-05,0.00029124454538505273,8.553377371973674e-06,5.496127120094917e-09,4.789486872178663e-10,0.984831811140457,1.221961723002578e-09,6.941747846720881e-06,0.0003496419509785095,1.0001364444623858e-09,6.659227603870364e-10,9.59485877131525e-06
38,3.3933779073647887e-06,3.884398558411667e-05,3.867562628554463e-06,6.361980281685935e-08,0.0004885417531603243,4.197210695532575e-05,7.618141562720497e-07,1.7516756065828e-05,0.009279962941165081,5.716990550554027e-05,5.856118440027446e-07,2.703001101261337e-06,1.955204042986646e-09,5.5854775806395557e-05,0.0006865935363718437,4.049810788346729e-05,6.617938342135418e-09,1.1984638204714328e-09,0.988666731309064,2.5760603996312053e-09,1.3924647164465102e-05,0.0005890452342822751,6.14556782148663e-09,9.678331006943252e-10,1.1950492483422166e-05
39,2.4349790293778915e-06,0.00010659103141879942,4.828258435857538e-06,6.502822337392609e-08,0.0006592855748698935,1.258243324489915e-05,3.3683151973889933e-07,1.8129563072059077e-05,0.016903280834507203,5.8505393205007335e-05,3.5272529113655084e-07,1.400270235654655e-06,4.6404150285873906e-09,3.881478427690139e-05,0.00037930507332910367,5.858776443291527e-06,8.247394108237684e-09,8.610402807866293e-10,0.9812472135933596,1.4026671988176328e-09,4.9442536158471755e-06,0.0005434452847651002,1.1064197126824118e-09,1.3818145241721043e-09,1.2607671406187904e-05
40,4.1433324321504006e-07,2.2463761644687144e-05,2.485673638761414e-06,2.192600200477511e-07,0.001093607859041241,1.03800339748263e-05,1.6019840431170998e-07,5.634705184531236e-05,0.015170317644173979,0.00021434856500356808,1.3455703287152865e-07,4.4949231938937536e-07,2.7644432305633072e-09,1.0509458158630384e-05,0.00014464164260009506,1.2247585457985504e-05,5.0704264941597686e-09,3.2982405014018695e-10,0.9831877401782945,1.5338560288965545e-09,7.112615829412048e-06,5.7063473177480134e-05,1.0934598540906795e-09,1.3338627613988777e-09,9.344490267327904e-06
41,4.992080091378266e-07,5.2113780793295315e-05,1.1689620866921308e-05,6.197032353338051e-08,0.0018386420109208388,2.056960028353889e-05,1.1707259446639167e-07,1.550853947651975e-05,0.08623116503071271,0.00011572354317796394,1.1497771624080122e-07,5.22981567809278e-07,2.5594089678848935e-09,3.099068195055781e-05,0.0006244056298297353,1.0177624993000786e-05,2.0735301938213443e-09,1.0981152054979171e-10,0.9108697829951026,9.450531563708e-10,4.558072147717352e-06,0.00015822874722507796,3.9407698074665374e-10,7.605435555237881e-10,1.5121069883832041e-05
42,1.2204923224858096e-05,0.00039547415606224406,5.229502958262327e-05,8.621381890153074e-07,0.006075160169811473,0.0001140800201612408,1.602904388335371e-06,2.1844994907603615e-05,0.05566920948460084,0.00018330690047297935,2.380379245795025e-06,1.0553329152764354e-05,1.0873246303484546e-07,0.0005031795255227833,0.000352279566306406,1.1570668773607214e-05,1.1652248482559913e-08,1.0037843643957789e-08,0.936209765709428,6.557756082426052e-09,9.157125723484434e-06,0.0003077898845407727,4.814956078019963e-09,7.824768251901252e-09,6.713346986963313e-05
43,1.1724100369864545e-06,3.650875436126799e-05,3.033814968874818e-06,5.6453114400857905e-08,0.0006234519105984946,1.257152709093709e-05,1.6722732138257283e-07,2.1609625056884828e-05,0.011816300433556418,6.325679459921271e-05,2.1200121658172988e-07,1.2111109295033534e-06,1.5665133797026455e-09,2.318473058924227e-05,0.00028376017925253706,9.604956247996332e-06,6.243224921847169e-09,5.336629029517519e-10,0.9867006496602875,1.1708781517592717e-09,8.137102175599053e-06,0.0003856992215421067,1.0854977038892876e-09,7.063850390172669e-10,9.400780892141524e-06
44,1.6092161679749526e-06,4.436801557033391e-05,4.0820369925069115e-06,6.26465464481819e-08,0.0006302503738181282,1.2272592330124923e-05,2.1786001938511307e-07,2.0490528398654383e-05,0.01277218632291565,5.493061239224685e-05,2.53008437233161e-07,1.5565209737133502e-06,2.2846384761595765e-09,3.0383697799716874e-05,0.0002847959072862607,8.990192874088895e-06,6.677627854674791e-09,6.229507982510754e-10,0.9857283611290303,1.3811341161442952e-09,7.084053659695772e-06,0.0003871495081156931,1.1284818642445526e-09,8.313753607126397e-10,1.0942850463421898e-05
45,1.6536598647072986e-06,4.5239508780583044e-05,4.071159265946048e-06,6.427951689569424e-08,0.0006321128145838489,1.2628834780380043e-05,2.1777415373264321e-07,2.0464524511450324e-05,0.012626261173012318,5.584481831315612e-05,2.592548092337373e-07,1.5921603465061398e-06,2.2520488971933277e-09,3.095235531243808e-05,0.0002839976245744135,9.020929091793153e-06,6.8247326374399555e-09,6.626317792600945e-10,0.9858633797613802,1.3853546153984696e-09,7.417030890926275e-06,0.00039344763466403064,1.151140624227008e-09,8.348756460247378e-10,1.1361591363234804e-05
46,2.129109204889326e-06,4.71246529978462e-05,3.95651063828204e-06,6.404212432299995e-08,0.0006051926594266805,8.98204726787733e-06,1.9243614194359348e-07,2.5764069712077557e-05,0.010423373256709379,5.0823855206816365e-05,2.560466017380403e-07,1.9776705867967827e-06,2.545111294936776e-09,2.4662014738290712e-05,0.00028330547641089465,8.039470232775334e-06,1.2665764116951148e-08,7.750066499042986e-10,0.987998999377534,1.4192469468700835e-09,7.772407029824683e-06,0.0004956313347589699,1.2372194979457836e-09,1.1488378476931683e-09,1.1733771490195946e-05
47,1.2487034146188475e-06,4.2607229787956716e-05,3.879461585074253e-06,6.521210903201508e-08,0.0006921793950847789,1.2548753109867531e-05,1.98993534710782e-07,1.961766018256952e-05,0.013708182493323822,5.697981966466408e-05,2.410264292498271e-07,1.250918859547845e-06,2.233219181950659e-09,2.9944822092249652e-05,0.00027699803016095645,8.37178962372055e-06,5.5071667664027925e-09,5.182243638817825e-10,0.984808225676175,1.2713205051542698e-09,6.596725966285618e-06,0.0003208035175394981,1.044499955344517e-09,7.487673778203631e-10,1.0048448158200155e-05
48,1.097287320785616e-06,3.971825353030904e-05,1.1400279078221105e-06,2.8967157887000697e-08,0.00026982815028773045,3.0953446774377606e-06,1.2097542825601754e-07,1.956459711075963e-05,0.004911780724299101,3.777003555309565e-05,9.662423643750475e-08,6.980165285252318e-07,1.4358517188146423e-09,1.0845759251147015e-05,0.0002229826745326183,4.497292135638944e-06,1.020759571199255e-08,3.12689916734582e-10,0.9940402425841476,6.015246988804384e-10,4.109343517961503e-06,0.0004267899053010005,7.35891124475368e-10,6.882050501598665e-10,5.579455317663493e-06
49,1.7595436313613062e-06,4.177938215508711e-05,5.680224366812143e-06,7.208358533350579e-08,0.0009695743049142464,2.5136844917461148e-05,2.1539465636187844e-07,1.9909519158581127e-05,0.013231610976621042,5.9408161742164486e-05,3.9516256421711713e-07,3.36598697725106e-06,2.9764794574618874e-09,5.1037102497894015e-05,0.0002975062479416822,1.2835672608296965e-05,7.452303018609286e-09,1.032486567753868e-09,0.9845902082075729,2.2541900197985875e-09,9.483357411423624e-06,0.0006700960470431008,1.6066902425355145e-09,6.850418328747978e-10,9.909772443800671e-06
50,3.826319832870292e-06,7.263025010344802e-05,6.581609199346778e-06,1.0222245391237892e-07,0.0011300070845406877,2.430995162443328e-05,2.249613799502461e-07,2.7787001939931512e-05,0.01357360977041831,5.0667699559719534e-05,9.033459720557262e-07,5.22870472422951e-06,3.5729428806025236e-09,3.803059849880208e-05,0.0005742374238708319,1.0328798625199235e-05,2.4682461466440798e-08,2.2677354373037417e-09,0.9836783547460658,2.2967139382776025e-09,1.7579225691536317e-05,0.0007657391043897893,2.885820111837758e-09,1.875019095082635e-09,1.9813600416243943e-05
51,2.074259979709747e-06,6.681505179241955e-05,4.173560481656409e-06,8.136989152448667e-08,0.0005626020219194638,1.2063273753604244e-05,3.364560785611954e-07,2.4445404654941544e-05,0.012233637894786178,6.327444063150137e-05,4.078094073754752e-07,1.8581702463225778e-06,3.485820914030858e-09,3.9196268586734886e-05,0.00020198454286840322,5.315184243273205e-06,7.521347345860819e-09,1.4590934225044977e-09,0.986167662584375,1.6614643733487621e-09,8.45993471061052e-06,0.0005970743730331573,9.53122560544339e-10,9.932668178993551e-10,8.521324444289745e-06
52,2.160672473455074e-06,5.5751678653047444e-05,4.94660072160148e-06,8.154862483810544e-08,0.0007427098278303343,2.216584152149383e-05,3.1663250701246037e-07,2.2867149153160515e-05,0.01571299932390854,7.193404977896408e-05,3.9323173688541935e-07,2.0421422722341584e-06,3.2334309377751544e-09,4.0400272273101817e-05,0.0003443297942220498,1.1959536248636925e-05,7.675873631440862e-09,1.1328036077404046e-09,0.9824234901901701,2.1141686725871025e-09,8.825296253929011e-06,0.0005202208268750423,1.7220617999673124e-09,1.0763907647864915e-09,1.2388430046132703e-05
53,4.0936528345954905e-06,6.0632018087187636e-05,6.4199597015733996e-06,9.949919664800045e-08,0.0003597567752402073,3.7706503476265725e-05,1.5634890639204199e-06,2.701449066649784e-05,0.02243374573028754,7.609521075567044e-05,7.695725218203988e-07,1.7345455516452858e-06,3.180081899950149e-09,5.066837030835052e-05,0.0008807912793227249,3.246292361204684e-05,7.665609434282638e-09,1.4293092751379444e-09,0.9754646602649292,4.537418668397915e-09,1.09693219641954e-05,0.0005298396764740447,5.617474722876903e-09,1.8832541917830945e-09,2.0952402857807604e-05
54,2.988650282697223e-06,6.587412699753934e-05,5.461117252153947e-06,5.4448639396723406e-08,0.00033177496047598603,1.5012295656457591e-05,5.523948471523345e-07,1.2925730387979272e-05,0.017711500755177138,6.888035078246712e-05,1.7309656641231022e-07,1.531529860324469e-06,2.3925454792262913e-09,5.571937915040357e-05,0.0005007491858356077,1.7521664128806366e-05,4.214769365457712e-09,4.80566473729575e-10,0.9807788982681698,1.560684898953466e-09,6.092829329149782e-06,0.0003967364407172864,1.3357629359909393e-09,8.137715286608352e-10,2.754197764265775e-05
55,1.902887409363468e-06,4.863863320889066e-05,5.0268109259677246e-06,6.908368390123897e-08,0.0006254744370503604,1.2208741945005951e-05,2.408093982940238e-07,2.1786367298465407e-05,0.015727094917719085,5.651391102174026e-05,2.7540956354782476e-07,1.843180395106863e-06,2.907122771424119e-09,3.145449221450522e-05,0.0002674200355750088,8.173362499705672e-06,6.99552791269243e-09,7.350791718902529e-10,0.9827914398456505,1.5951785570616136e-09,6.747447330219825e-06,0.0003809887276402712,9.955064722129036e-10,9.50784653817838e-10,1.2686720270766638e-05
56,1.720001230022215e-06,5.176490673677644e-05,4.764927527811238e-06,6.991510272811625e-08,0.0007001923740803627,1.267616737060646e-05,2.405789355634525e-07,2.164825805858616e-05,0.014043950772764028,5.810208434985238e-05,2.835908351099991e-07,1.7020533302575995e-06,3.130823616194498e-09,3.3728298785454636e-05,0.00028576791486493807,8.655578265995346e-06,7.455768072902906e-09,7.067758669866624e-10,0.9843523869877998,1.6066929843815664e-09,6.852925382750929e-06,0.00040457935125822847,1.1586720432391827e-09,9.858443458511782e-10,1.0898268744105697e-05
57,7.422556199616166e-07,2.3460536294379296e-05,3.7245020549735976e-06,4.403855366194571e-08,0.000656991734959144,5.523444341667734e-06,7.602935609640604e-08,1.878499608594018e-05,0.01062592750975472,4.4902449656782245e-05,1.0704456642438197e-07,1.6127213461647358e-06,1.73305115639983e-09,2.0828767076495074e-05,0.00013731597451623628,5.77018966305126e-06,5.651911123409023e-09,2.688496027521614e-10,0.9881472576483319,9.190186279381146e-10,5.254208469347132e-06,0.00029481778965742393,4.0120796512050996e-10,4.021587081682727e-10,6.848783498591866e-06
58,1.8925513075955565e-06,5.2291991214889076e-05,4.552832594658184e-06,6.44190204668483e-08,0.000655038770208356,1.1392214212230389e-05,2.3917656634507396e-07,2.3648628954661103e-05,0.01331431991618985,5.894785611638038e-05,2.7231278996247797e-07,1.633904484733287e-06,2.707222533191602e-09,2.8136094132620586e-05,0.00031454942882518366,8.882704051420934e-06,8.932779346549297e-09,7.246772603768735e-10,0.9850684343182828,1.4729311661738575e-09,7.417920450095215e-06,0.00043653462305074823,1.2241333582373553e-09,1.1787403901875635e-09,1.1734097062973373e-05
59,2.3290980292243725e-06,5.466873884880479e-05,6.073627123982858e-06,7.303755448592318e-08,0.0007067795227315738,1.2124501751572495e-05,2.7581988028728375e-07,2.7482803523215296e-05,0.01489356265254297,6.36412416891699e-05,3.056300352934259e-07,1.9643581213491133e-06,2.951703460826651e-09,3.0026586276563125e-05,0.00031913810025840114,1.0032338498169314e-05,1.0198952590556665e-08,9.035820842812527e-10,0.9833858443987359,1.7856168469061378e-09,8.556745654151033e-06,0.0004632724232608923,1.275406709472643e-09,1.501884432855241e-09,1.3829758337992043e-05
60,1.6092161679749526e-06,4.436801557033391e-05,4.0820369925069115e-06,6.26465464481819e-08,0.0006302503738181282,1.2272592330124923e-05,2.1786001938511307e-07,2.0490528398654383e-05,0.01277218632291565,5.493061239224685e-05,2.53008437233161e-07,1.5565209737133502e-06,2.2846384761595765e-09,3.0383697799716874e-05,0.0002847959072862607,8.990192874088895e-06,6.677627854674791e-09,6.229507982510754e-10,0.9857283611290303,1.3811341161442952e-09,7.084053659695772e-06,0.0003871495081156931,1.1284818642445526e-09,8.313753607126397e-10,1.0942850463421898e-05
61,1.9760169875258644e-06,5.2167967893340444e-05,6.261441138744304e-06,6.973686525420564e-08,0.0007301447801984685,1.1788004109469034e-05,2.4634352760006144e-07,2.4207685874169346e-05,0.015273125009963084,5.720897360447278e-05,3.0098924346345546e-07,1.9479705708733655e-06,2.8413200233593752e-09,3.211581677663892e-05,0.00030486998692131587,9.14646661797152e-06,8.694816837105137e-09,7.508194614036115e-10,0.9830513708538678,1.6802457693980928e-09,7.962565421868749e-06,0.000422089104250828,1.1094385782329262e-09,1.2106998694491974e-09,1.2983998826545036e-05
62,1.6092161679749526e-06,4.436801557033391e-05,4.0820369925069115e-06,6.26465464481819e-08,0.0006302503738181282,1.2272592330124923e-05,2.1786001938511307e-07,2.0490528398654383e-05,0.01277218632291565,5.493061239224685e-05,2.53008437233161e-07,1.5565209737133502e-06,2.2846384761595765e-09,3.0383697799716874e-05,0.0002847959072862607,8.990192874088895e-06,6.677627854674791e-09,6.229507982510754e-10,0.9857283611290303,1.3811341161442952e-09,7.084053659695772e-06,0.0003871495081156931,1.1284818642445526e-09,8.313753607126397e-10,1.0942850463421898e-05
63,1.7359311670700272e-06,5.530299216714455e-05,4.278805430621531e-06,6.374299762225593e-08,0.0006163882421676631,1.1880564941276317e-05,2.3849076848195375e-07,2.1659175654527277e-05,0.014088318922791705,5.7734037786537815e-05,2.7595311481016393e-07,1.4720087662365633e-06,2.603572533593763e-09,2.94857229139524e-05,0.00031314049908010895,8.12811467444966e-06,7.452026405747818e-09,6.865906133524041e-10,0.9843541184551337,1.4485431669467842e-09,7.055838616088513e-06,0.00041709480554326356,1.105194475312355e-09,1.0046920405587177e-09,1.1613395665415943e-05
64,1.4557978698779462e-06,3.7825105312128265e-05,3.4193741740917078e-06,5.9106730440233093e-08,0.0005756235561511354,1.0852819870336502e-05,1.820020645768259e-07,2.182460231165103e-05,0.010602045210962701,5.064115338893981e-05,2.6335942939405586e-07,1.5908779452530124e-06,1.5289212362759496e-09,2.5505063612659117e-05,0.00029424922484756944,8.745459035940552e-06,7.3374516548982474e-09,6.349291435815815e-10,0.9879638363220565,1.1720521346933139e-09,1.0308606583447034e-05,0.0003807633576228181,1.136393267228479e-09,7.676702087235643e-10,1.0796422613106983e-05
65,1.558516903535685e-06,3.896467564135347e-05,4.0476985573048785e-06,6.956796780989856e-08,0.0007490056988582074,1.5900666103955197e-05,2.0085787999872463e-07,1.917440233575218e-05,0.011020924910007454,5.682707685334362e-05,2.8178426239303713e-07,1.9591315871085192e-06,2.135201799070042e-09,3.668308404275731e-05,0.0002731052796045194,1.0698790110150773e-05,6.536197009875538e-09,7.254661282505953e-10,0.9873481623674327,1.4335591586660608e-09,8.743345618079187e-06,0.00040284794848215394,1.3621225974252771e-09,7.062029002918648e-10,1.0831299001554608e-05
66,1.1631659610848897e-06,3.212999916255878e-05,4.219675478539881e-06,6.387912021082085e-08,0.0006070310341288175,1.1763206630334124e-05,1.9707572380954347e-07,1.9318492911393156e-05,0.014211612550683603,6.105989189299079e-05,1.867238743392903e-07,1.5098991082570255e-06,2.503837027531846e-09,3.0181438450775735e-05,0.00020134939120351676,9.77246144008253e-06,4.609044784961933e-09,4.4288494749060756e-10,0.9845086968569192,1.5065703891727985e-09,5.605071801262878e-06,0.0002851092054722338,8.286580059685281e-10,5.78141068592229e-10,9.019510900472376e-06
67,2.2603266019713672e-06,4.720886221015692e-05,5.550911646108194e-06,8.474740223626936e-08,0.0007958799804914502,2.3900612941540824e-05,3.339667558357316e-07,1.8287515221756202e-05,0.011988445255605114,5.689676595276195e-05,4.0263171873940194e-07,2.6607726940073246e-06,3.084065549123645e-09,5.7012501517574617e-05,0.0003903272147531772,1.6564293371325293e-05,7.461782876909646e-09,9.389892995206191e-10,0.9861115769569176,2.1962894770299987e-09,9.352857913191952e-06,0.0004591807618995351,2.433095774327356e-09,8.862869074980767e-10,1.4056063875653077e-05
68,2.0113955746535987e-06,4.856987710500209e-05,4.2309230333895255e-06,7.122726838970198e-08,0.0006549150231095341,1.580424812444101e-05,2.500006212661391e-07,2.1814331502987497e-05,0.012714370304333861,5.899459960390997e-05,3.2543547926840006e-07,1.9129800646031817e-06,2.384478152685919e-09,3.319630769598146e-05,0.00033133318394170633,1.0453915586351096e-05,8.209893611315041e-09,8.842479427475983e-10,0.9856190828203817,1.615150418848938e-09,8.890348301840784e-06,0.0004608177560921616,1.5289859359302402e-09,9.6737141796563e-10,1.2939732051434219e-05
69,1.6842159074437787e-06,4.119734084635512e-05,5.279681481251321e-06,7.617241931907149e-08,0.0005391588309105731,9.04156269038934e-06,2.156915038504354e-07,2.7061317411117068e-05,0.014880230629231028,6.881970495759628e-05,1.8101346856010073e-07,1.4939855081920384e-06,2.345051636245433e-09,2.4198906683464884e-05,0.0002500449843689353,1.0522100992732022e-05,7.80611118969863e-09,5.675633996879537e-10,0.9838402660010042,1.750571354399936e-09,7.547483715723211e-06,0.00027654730416844714,9.028096335560417e-10,1.0711872643422547e-09,1.6418629436321557e-05
70,3.6744658929091705e-06,6.35371836319417e-05,1.3758638351382141e-05,1.2044661760508808e-07,0.0012297682757598353,3.0210587263665042e-05,4.2990509207022057e-07,1.4813283545854677e-05,0.016402691352577884,5.860663654807446e-05,4.484114801382733e-07,5.440381802529498e-06,6.298162011068813e-09,0.00014960561793813813,0.00032016416895513716,1.7996611712667857e-05,7.02584106204875e-09,1.209498798376171e-09,0.9811510786414431,2.9455975300480975e-09,8.86323841509867e-06,0.0005073235863558182,2.143574974931863e-09,9.27464849850227e-10,2.1448016477050656e-05
