,0,1,2,3,4,5,6,7,8,9,10,11,12,13,14,15,16,17,18,19,20,21,22,23,24
0,2.4020515727016087e-06,6.880333107633899e-05,6.36611139372024e-06,1.208141153715906e-07,0.0016590657599735768,1.9845845409253254e-05,1.4337823356043842e-07,3.570218763046963e-05,0.01576039197448438,6.142316672259876e-05,7.494530012276267e-07,4.426828776304016e-06,3.882227453133011e-09,2.8055566515660126e-05,0.0005108921537136989,7.61837622169334e-06,2.5875360220625822e-08,1.7093613049614959e-09,0.9812500254930924,1.8665658423353598e-09,1.61400884810506e-05,0.000549671782146355,2.2628346021022807e-09,2.0835216029269943e-09,1.8117957568696824e-05
1,8.708277725010586e-07,3.233026189643004e-05,4.03257984578109e-06,6.581644632861009e-08,0.0008576029152299615,1.1132228957353257e-05,8.612281187872861e-08,2.5611713920133882e-05,0.019291291420263826,5.321217320424113e-05,2.873121460148241e-07,1.5393988814204543e-06,1.7251296692673068e-09,1.4096848954578816e-05,0.0003224654851474183,6.3448165765635435e-06,8.70147344661847e-09,4.688424413330054e-10,0.9791112564699863,1.1955571218553396e-09,9.463985310517457e-06,0.0002473652579683341,7.450920773253808e-10,7.78615645864853e-10,1.093074996997324e-05
2,2.45030413011965e-06,6.253520477260485e-05,3.233191427398884e-06,8.458103047725834e-08,0.0011362218287638013,1.9546149192234984e-05,1.326588042855452e-07,2.8012733910844063e-05,0.009816490210120685,4.83775623518072e-05,5.577330099417542e-07,3.67932377455859e-06,2.257250529880859e-09,2.7262327314306e-05,0.001093650500280705,1.085932709173359e-05,3.518473762620607e-08,1.2450255799374293e-09,0.9868760649685488,1.3661436970781023e-09,1.876837513959414e-05,0.0008298777935956451,4.703382653357341e-09,1.6726293246695379e-09,2.2148797570973745e-05
3,2.3785113379972916e-06,7.426418865105775e-05,5.590722440988382e-06,1.2244872105840896e-07,0.0015765238490557396,1.7631160887599102e-05,1.3402715490473465e-07,3.6933311011470254e-05,0.014053950871335001,6.374348500303471e-05,6.820406880278992e-07,4.2162055954352085e-06,3.4482450553414614e-09,2.7538185700128878e-05,0.0005296036307107066,7.0684249936838075e-06,2.939707658787242e-08,1.7655206528439722e-09,0.9829665379909832,1.6517240355143794e-09,1.787421157577755e-05,0.0005949623418556031,2.343499643395248e-09,2.134744115770358e-09,2.0203651488371252e-05
4,2.472962317713481e-06,9.199964746321032e-05,7.466365837837937e-06,1.4830286926660788e-07,0.002079474699180079,2.1684034347216333e-05,1.5857803093171762e-07,3.68781856065422e-05,0.016514279434359628,7.201123840212641e-05,8.146009134514995e-07,5.005341886410589e-06,5.735333911089687e-09,3.8671425471463694e-05,0.0005444436385842806,7.393506188312887e-06,3.0550871235405274e-08,2.052998034771139e-09,0.9798975087620093,2.098802851610162e-09,1.727416374375877e-05,0.0006428664162825476,2.597603209492197e-09,2.4898625789713954e-09,1.940317103402623e-05
5,2.6071210663979627e-06,9.349107883600365e-05,6.075370766090621e-06,1.8132329440805256e-07,0.002159440932772,2.08620318549102e-05,1.4311268983218923e-07,4.7189101590493855e-05,0.013315111991737197,8.446927208850329e-05,8.437004048506034e-07,4.962066485166543e-06,4.480117353462387e-09,3.2363598556574044e-05,0.0005182737259163709,7.177079214501201e-06,4.0540764581929267e-08,2.8885064574600877e-09,0.9830052024378619,1.903126991554125e-09,2.42141628376065e-05,0.0006542890812981997,3.095377658705122e-09,3.061701944140388e-09,2.3046841134084705e-05
6,2.3785113379972916e-06,7.426418865105775e-05,5.590722440988382e-06,1.2244872105840896e-07,0.0015765238490557396,1.7631160887599102e-05,1.3402715490473465e-07,3.6933311011470254e-05,0.014053950871335001,6.374348500303471e-05,6.820406880278992e-07,4.2162055954352085e-06,3.4482450553414614e-09,2.7538185700128878e-05,0.0005296036307107066,7.0684249936838075e-06,2.939707658787242e-08,1.7655206528439722e-09,0.9829665379909832,1.6517240355143794e-09,1.787421157577755e-05,0.0005949623418556031,2.343499643395248e-09,2.134744115770358e-09,2.0203651488371252e-05
7,4.007361343214293e-06,0.00019365831781979718,1.3746183525525567e-05,1.9620175057423497e-07,0.0019277325707606758,1.872877254932314e-05,3.2365504147452595e-07,4.831042663630676e-05,0.029362970085627757,7.974005294697816e-05,1.5392659653312673e-06,5.296427038977739e-06,1.440306967723207e-08,3.798445408187327e-05,0.000586154774132552,5.0440153949213085e-06,3.932692650007809e-08,3.1378555666574017e-09,0.9670762154650593,3.505197292902623e-09,1.3410406790350291e-05,0.0006012900533645793,2.0368336521722894e-09,5.732943275313748e-09,2.3583367344436666e-05
8,4.350084383589754e-06,0.00010776405702632798,9.525631936598323e-06,2.301229978535554e-07,0.0020650964794090526,1.0771309183807289e-05,2.0124474452398403e-07,6.575288541643909e-05,0.013766095475353114,0.00011508168421533107,3.3609505631357097e-07,4.116025826004304e-06,5.1399872621921824e-09,3.771273206088508e-05,0.000672501038883699,1.1284620115254704e-05,5.840361256005801e-08,1.5497981202104185e-09,0.9825502027880542,1.6447651494633647e-09,2.0573517225066234e-05,0.0005033632068116783,3.788332139676759e-09,6.206950690590876e-09,5.496426785432852e-05
9,4.729307782316217e-06,0.00022176145182844744,2.7849063997666525e-05,3.242068797118224e-07,0.0032832008168771905,9.45340665948774e-06,2.639108198236041e-07,8.769631219427261e-05,0.03694398159072028,0.0001431283732985212,5.214859148905009e-07,4.771677474016634e-06,1.7066272441467533e-08,4.058290360012501e-05,0.0005921219817403405,6.357325364943793e-06,6.686146675416313e-08,1.9876633747286082e-09,0.958152292213659,2.7915596795544036e-09,1.5043970875251923e-05,0.00040422650091343447,1.8537616423586922e-09,1.4196934966109756e-08,6.158874174142546e-05
10,2.3785113379972916e-06,7.426418865105775e-05,5.590722440988382e-06,1.2244872105840896e-07,0.0015765238490557396,1.7631160887599102e-05,1.3402715490473465e-07,3.6933311011470254e-05,0.014053950871335001,6.374348500303471e-05,6.820406880278992e-07,4.2162055954352085e-06,3.4482450553414614e-09,2.7538185700128878e-05,0.0005296036307107066,7.0684249936838075e-06,2.939707658787242e-08,1.7655206528439722e-09,0.9829665379909832,1.6517240355143794e-09,1.787421157577755e-05,0.0005949623418556031,2.343499643395248e-09,2.134744115770358e-09,2.0203651488371252e-05
11,2.6053536896967135e-06,8.62333694758449e-05,6.439818966032828e-06,1.3945596988815427e-07,0.0017480727105479738,1.902349724965092e-05,1.5057048496868992e-07,3.926704760886366e-05,0.01521190801172761,6.863284538213358e-05,7.727161241393262e-07,4.72586867408607e-06,4.556456054706826e-09,3.166624290460345e-05,0.000540957081340146,7.084828320753848e-06,3.283648350892513e-08,2.0846873555325112e-09,0.9815563195713751,1.923266703525294e-09,1.8071193988917463e-05,0.000636799134516088,2.5633938845788985e-09,2.5088507464969463e-09,2.1084208515253634e-05
12,8.65775468323363e-06,0.00020822512316445144,9.826266008483746e-06,4.60547610471422e-07,0.011500542397721494,8.246804740260685e-05,1.9595087768734906e-07,5.9277224483440464e-05,0.0037412793092958365,0.00013208899370401001,2.1578534226048496e-06,4.434202734806476e-05,1.3729692818816249e-08,0.0002377186001635701,0.0008543081347829128,2.1203947836718387e-05,2.504761951576219e-07,2.1749509732258986e-08,0.9786190078403245,3.3665155122759996e-09,7.259180343007012e-05,0.004371145994334527,3.971594782159534e-08,7.41258487556309e-09,3.416573295920058e-05
13,2.46132725015704e-06,5.2655778275237086e-05,8.842573520562844e-06,9.879095782711628e-08,0.001511029993194333,1.0223755951796847e-05,9.920139263989583e-08,3.216405662114133e-05,0.013516994585209078,1.758018339204404e-05,1.5997608257320978e-06,1.4314515426114653e-05,3.7068294564595782e-09,3.912295542774843e-05,0.0005534956346691405,3.227998512395837e-06,4.2218625537185124e-08,1.4725925428436535e-09,0.983328824937059,1.7718924950723353e-09,1.9529145151744637e-05,0.0008724388060583828,1.8078685796220529e-09,1.1701187395692025e-09,1.5243853177516389e-05
14,5.16609705884608e-06,2.9471526871204552e-05,5.261267852228513e-06,9.337264380360856e-08,0.0007989850932130386,1.4645626902075803e-05,1.561607975916759e-07,3.217963561099716e-05,0.008582050360669167,2.5936020619542925e-05,6.386597118348494e-07,9.694718718208179e-06,1.7445128428153198e-09,3.127754931797209e-05,0.0006395496038315585,1.1916319806888632e-05,3.910383384387945e-08,1.7056959345537718e-09,0.9889655795847855,1.7933989508611022e-09,2.0305447773241154e-05,0.0007961462517156822,4.241624255877782e-09,1.356566904664218e-09,3.089675646817144e-05
15,2.3785113379972916e-06,7.426418865105775e-05,5.590722440988382e-06,1.2244872105840896e-07,0.0015765238490557396,1.7631160887599102e-05,1.3402715490473465e-07,3.6933311011470254e-05,0.014053950871335001,6.374348500303471e-05,6.820406880278992e-07,4.2162055954352085e-06,3.4482450553414614e-09,2.7538185700128878e-05,0.0005296036307107066,7.0684249936838075e-06,2.939707658787242e-08,1.7655206528439722e-09,0.9829665379909832,1.6517240355143794e-09,1.787421157577755e-05,0.0005949623418556031,2.343499643395248e-09,2.134744115770358e-09,2.0203651488371252e-05
16,2.3031601406366453e-06,6.789123286833654e-05,3.434566698845282e-06,1.4183553068862756e-07,0.0012267482016495243,1.7885902732453794e-05,1.382775368765633e-07,4.7608821778740036e-05,0.008758676156703605,0.00010236233683348167,6.344027516930244e-07,4.1183203706251146e-06,2.410880483418598e-09,2.2891438105713987e-05,0.0004105815778714596,9.467450473164815e-06,3.45800527678624e-08,2.705609588804751e-09,0.9886264333588235,1.6806158518744833e-09,3.428325489178735e-05,0.0006464688389155378,2.634204497254054e-09,2.1021112468600086e-09,1.788475184877735e-05
17,4.250716254501245e-06,9.245842755742714e-05,9.878444852822584e-06,3.0575652317647846e-07,0.002822552059511317,2.4513929730475385e-05,2.0468491560883325e-07,5.100154634658573e-05,0.011796819446717207,7.483922802237941e-05,1.0694612880005576e-06,1.0844648661478089e-05,7.49097714977363e-09,7.981101650218781e-05,0.00045576543432476995,9.135243228758586e-06,5.055019585096727e-08,4.218579085039002e-09,0.9837430141124721,2.738289891580033e-09,2.8049040817560105e-05,0.0007633632430980048,5.296665048911123e-09,3.1917549213331466e-09,3.205007271366731e-05
18,9.598118910826064e-06,0.00013537054669817927,8.727199968005609e-06,1.7266257919639287e-07,0.001305709720251288,9.477162042439738e-06,2.068833596347791e-07,6.995294377485732e-05,0.010083668770618035,7.533304065131819e-05,6.790448238490221e-07,1.4162928299523606e-05,5.523130796620159e-09,3.5841419699281166e-05,0.0005950939907360191,6.6448945014876445e-06,1.5207729245985992e-07,5.981124797135866e-09,0.9859266771890796,1.9692467183733624e-09,3.1094813049077375e-05,0.0016293304090339174,3.9374653899098294e-09,7.1225837236145556e-09,6.208165107956806e-05
19,1.6190700300823655e-06,9.449352618696195e-05,1.2788440148139424e-05,1.8823523824094636e-07,0.0034348399944287363,1.8518164257223875e-05,1.1644001955680397e-07,4.800289914857471e-05,0.02414238448447311,9.202427149856744e-05,7.281402045402936e-07,6.564389026580835e-06,8.663793842820612e-09,4.4505035824538175e-05,0.0003654024117370686,5.266773261762045e-06,2.882148735776891e-08,1.7239918699289642e-09,0.9710533947601926,2.5389989193486757e-09,1.4518578681430676e-05,0.0006475557813796916,1.416584581820673e-09,2.376753751658877e-09,1.7043062652251096e-05
20,1.2947408574112327e-06,7.138031972667683e-05,3.5610632315177872e-06,8.38720087234888e-08,0.0015285266798226265,9.397265306466165e-06,7.068253816923897e-08,4.909134257204163e-05,0.011597735691276725,6.389901038812521e-05,3.9297724094199694e-07,3.2559844428763436e-06,2.3611500648348663e-09,1.8462802874331404e-05,0.0005755346670353776,4.3741145246033025e-06,4.114080592306006e-08,1.1617310901061233e-09,0.9850069739452209,1.0954812797336004e-09,1.7962678779718185e-05,0.001033881333308291,1.7253822411668437e-09,1.8586381709816144e-09,1.407148565559211e-05
21,6.11061689470167e-06,7.37513579342077e-05,1.2266715524524465e-05,2.401462774168287e-07,0.0021603777401529188,3.685973109430665e-05,3.4168212309325076e-07,4.108542261479073e-05,0.013040828385100133,8.780191315058788e-05,1.1845868509981839e-06,1.3939337459821446e-05,9.499396392195726e-09,6.891475462234256e-05,0.00048107104077876287,2.0388027616719843e-05,3.7635216101797904e-08,3.999083305150424e-09,0.9833012875330954,4.2381040046222056e-09,2.5333697243878197e-05,0.0006014108021688685,5.371828348519094e-09,3.3269063466393555e-09,2.6742438761878303e-05
22,3.437874312521233e-06,6.267739395181496e-05,6.784887003255852e-06,1.5060541820651264e-07,0.0016290323571282732,2.5135795870712313e-05,1.6143755621762833e-07,4.5209968997063165e-05,0.010914121794442795,6.30288475395616e-05,1.1290895741352826e-06,7.608995640295146e-06,3.083633711959898e-09,3.4406215090237866e-05,0.0004997742280759799,1.0943405034281397e-05,4.3155273521165545e-08,3.494143025763046e-09,0.9857926363849155,2.6229116167950496e-09,3.282689592770678e-05,0.0008509411147715718,3.6613946487009767e-09,2.278496116945774e-09,1.99344128974899e-05
23,2.3785113379972916e-06,7.426418865105775e-05,5.590722440988382e-06,1.2244872105840896e-07,0.0015765238490557396,1.7631160887599102e-05,1.3402715490473465e-07,3.6933311011470254e-05,0.014053950871335001,6.374348500303471e-05,6.820406880278992e-07,4.2162055954352085e-06,3.4482450553414614e-09,2.7538185700128878e-05,0.0005296036307107066,7.0684249936838075e-06,2.939707658787242e-08,1.7655206528439722e-09,0.9829665379909832,1.6517240355143794e-09,1.787421157577755e-05,0.0005949623418556031,2.343499643395248e-09,2.134744115770358e-09,2.0203651488371252e-05
24,5.105596962973149e-06,3.0135024340692587e-05,4.495777435198795e-06,3.7690751443886054e-08,0.0004272992645652241,8.99317243353588e-06,1.633409032863464e-07,4.160009168482846e-05,0.017204091304588415,2.3395619073003837e-05,5.885199572852553e-07,4.018708900704755e-06,8.398004143493409e-10,7.0821684890325854e-06,0.001636947345434751,1.1222334959311353e-05,5.324561262972722e-08,8.401940312145067e-10,0.9797649145099395,1.1958718541114277e-09,1.748731308249953e-05,0.0007790013970117925,3.196926698486416e-09,2.8495680444227226e-09,3.3358651512552954e-05
25,2.9764288658233766e-06,5.300320742217731e-05,6.091533313275035e-06,1.7484627777845208e-07,0.0012034160101425321,8.895528407706642e-06,1.781676778658283e-07,6.602150987943281e-05,0.008754791250102386,3.80087680720122e-05,1.2077580534190199e-06,7.602678046016892e-06,4.278241926979991e-09,2.4318424956500612e-05,0.00031179281493489547,4.79494940322457e-06,4.960610817268897e-08,2.6761819334492814e-09,0.9889244983536906,2.524870475355031e-09,2.2649759491055512e-05,0.0005554948975469367,2.518645992633081e-09,2.614327345210478e-09,1.4018895340680951e-05
26,1.1344318461229293e-05,0.0001836015712001192,1.692755531902627e-05,2.2944571169597228e-07,0.002149450589190747,1.4958424802158786e-05,2.9275410078150856e-07,0.00010958452204275409,0.024652010552259986,9.849012092648966e-05,1.2532563190015776e-06,1.0416487059881052e-05,1.2273712364038631e-08,2.513588059585452e-05,0.0007306308421088046,7.067242489623943e-06,1.7730198657737017e-07,7.679092191090097e-09,0.9706443851084738,3.5910382634492556e-09,2.4421756990559994e-05,0.0012721588970904683,4.101328859775439e-09,1.7948925968291004e-08,4.741777877236694e-05
27,1.913633638707756e-06,6.0993499849469816e-05,4.143185552957764e-06,7.652088344730302e-08,0.0009592885569237041,1.7389666332460832e-05,1.0950367362961976e-07,3.753988812813482e-05,0.02188888320909626,6.754844706819094e-05,4.449540336660997e-07,2.2851009806004973e-06,1.7136342175426083e-09,1.534469448731716e-05,0.0007601743531272967,7.18683866719022e-06,2.281815537780968e-08,1.1667106216193761e-09,0.9754130252725034,1.445432166666126e-09,1.5632978847752438e-05,0.0007235304169239912,1.7179411574500151e-09,1.6996007995988425e-09,2.445871780758865e-05
28,2.3785113379972916e-06,7.426418865105775e-05,5.590722440988382e-06,1.2244872105840896e-07,0.0015765238490557396,1.7631160887599102e-05,1.3402715490473465e-07,3.6933311011470254e-05,0.014053950871335001,6.374348500303471e-05,6.820406880278992e-07,4.2162055954352085e-06,3.4482450553414614e-09,2.7538185700128878e-05,0.0005296036307107066,7.0684249936838075e-06,2.939707658787242e-08,1.7655206528439722e-09,0.9829665379909832,1.6517240355143794e-09,1.787421157577755e-05,0.0005949623418556031,2.343499643395248e-09,2.134744115770358e-09,2.0203651488371252e-05
29,2.3785113379972916e-06,7.426418865105775e-05,5.590722440988382e-06,1.2244872105840896e-07,0.0015765238490557396,1.7631160887599102e-05,1.3402715490473465e-07,3.6933311011470254e-05,0.014053950871335001,6.374348500303471e-05,6.820406880278992e-07,4.2162055954352085e-06,3.4482450553414614e-09,2.7538185700128878e-05,0.0005296036307107066,7.0684249936838075e-06,2.939707658787242e-08,1.7655206528439722e-09,0.9829665379909832,1.6517240355143794e-09,1.787421157577755e-05,0.0005949623418556031,2.343499643395248e-09,2.134744115770358e-09,2.0203651488371252e-05
30,2.3785113379972916e-06,7.426418865105775e-05,5.590722440988382e-06,1.2244872105840896e-07,0.0015765238490557396,1.7631160887599102e-05,1.3402715490473465e-07,3.6933311011470254e-05,0.014053950871335001,6.374348500303471e-05,6.820406880278992e-07,4.2162055954352085e-06,3.4482450553414614e-09,2.7538185700128878e-05,0.0005296036307107066,7.0684249936838075e-06,2.939707658787242e-08,1.7655206528439722e-09,0.9829665379909832,1.6517240355143794e-09,1.787421157577755e-05,0.0005949623418556031,2.343499643395248e-09,2.134744115770358e-09,2.0203651488371252e-05
31,2.207363245655484e-06,5.449259416250893e-05,3.5047209261872404e-06,9.040968137647716e-08,0.0010270209314560315,3.548917857353042e-05,1.696760563402766e-07,2.1967753197109366e-05,0.014900005738973938,4.697069549526054e-05,1.1701158719708856e-06,3.696389136924953e-06,1.9326587537955532e-09,2.5655270901942057e-05,0.0009785969233019713,1.0338719449881733e-05,1.9516424903165563e-08,1.5563656478192778e-09,0.9822141937904039,1.6618864303774557e-09,2.0679849873223777e-05,0.0006348938528754894,3.720475738990407e-09,1.1394446004060693e-09,1.8826499160752038e-05
32,1.904516028305425e-06,6.002732223926627e-05,4.5250658704264685e-06,9.609244273171907e-08,0.0012567765330249248,1.4316887514758212e-05,1.0984766129897323e-07,3.323790583387129e-05,0.013370825697318999,5.43628164636448e-05,5.398452155528251e-07,3.326769806212236e-06,2.5922573422673993e-09,2.191710655039641e-05,0.0004895966561287338,6.3267001327346935e-06,2.4268412234455955e-08,1.2930558112594158e-09,0.9841129351571483,1.397195487545257e-09,1.566158045606804e-05,0.0005362761698271481,1.8236361562371572e-09,1.607752012166793e-09,1.7204348027579866e-05
33,2.681365345528836e-06,0.00011676828070602489,4.870641830283577e-06,1.2782711074911618e-07,0.0024146199697756003,1.8253309407884618e-05,1.2016168358152335e-07,3.944564670895365e-05,0.008008560555241273,6.627795002534115e-05,7.369689967686898e-07,6.180954639640464e-06,5.910556605424518e-09,4.239114588139372e-05,0.0004957582647506886,6.3712857080468084e-06,5.136880122110765e-08,2.781086950413115e-09,0.9874914395460754,1.7790928425183972e-09,1.7018400217482583e-05,0.001254624523547981,3.4835355437742234e-09,2.5763433480682893e-09,1.3685302931070626e-05
34,1.531877275658395e-05,0.0010890995388892865,1.5482282973647063e-05,1.230732682716086e-05,0.31694455571528846,0.00039207867672518226,3.609043090883763e-07,0.0004218018046553124,0.00017268881792524977,0.0007321836742375003,3.45768232013874e-05,0.001087885676573619,7.903914712935648e-08,0.0019651926099744635,0.0016725765380256699,8.473687917112508e-05,1.8739344856968494e-05,1.0207963450463818e-06,0.6359878193542585,1.6065156399595283e-08,0.0017042142932158025,0.03758733699922366,5.744351115830302e-06,1.3190372420390483e-07,5.405181142283097e-05
35,3.2310747611809717e-06,5.465348694982063e-05,4.335699810194519e-06,1.2375672012361274e-07,0.000500248343613438,4.472688475973704e-06,9.340712093366884e-08,9.830121750349863e-05,0.02325971560862941,8.037157060927132e-05,2.936562414115344e-07,3.1488515566133858e-06,2.2320992436323863e-09,6.5119385593271886e-06,0.00016627449724694528,2.1534846305225233e-06,4.1435513874768864e-08,2.868427735083891e-09,0.9752451886338379,1.5610302702038635e-09,1.4483695190734523e-05,0.0005210966905928255,5.00402999174555e-10,3.0197991711581117e-09,3.525008067670067e-05
36,6.784964315821766e-06,0.0004661599020332618,9.860208637586154e-06,1.0240512772854152e-06,0.005348383349244802,0.0022766190746469545,2.9877596956931703e-06,5.4904753315362755e-05,0.04428044189474373,0.0004125585230992388,5.76644098888066e-05,3.3255665127617427e-06,6.205316824022646e-09,0.00012761258221958,0.0036376246886131646,4.879498628697064e-05,1.8482472734627117e-08,7.96882703050475e-08,0.9419187652073044,1.4076358577590374e-08,0.0002121100175517559,0.0010999978980586007,6.919228455804906e-08,1.0948155364805605e-08,3.418156969579132e-05
37,1.5179513156778108e-06,6.58209812751175e-05,4.456929919788219e-06,1.1344924652477375e-07,0.0015827223093029096,1.813577692793906e-05,1.062364221109041e-07,3.654966189865908e-05,0.015500285261870755,7.156644792936259e-05,5.854980903737246e-07,3.0408179955335367e-06,2.758006740675832e-09,2.2165500266087038e-05,0.0005585827901865783,6.717976855454596e-06,2.434480433578247e-08,1.3252788631007958e-09,0.9815566681370701,1.4607573985286335e-09,1.7610757672942316e-05,0.0005354630842251094,2.0865212843129733e-09,1.7286841808304714e-09,1.7856727475986982e-05
38,4.769961992021128e-06,5.581584354414746e-05,4.469471904394698e-06,9.983477941943986e-08,0.0009708056920134573,6.511374916214375e-05,4.60651099181752e-07,2.3804635913751915e-05,0.0106236853504362,5.764723474357078e-05,1.5528443935941229e-06,5.5482132426129334e-06,2.469668978811972e-09,4.23865150243164e-05,0.0012512020217127085,3.2146269348206445e-05,2.0638006284537615e-08,2.8141655608549243e-09,0.9860467315828739,2.8473169817755277e-09,2.9023937141087652e-05,0.000765353343288603,1.0324071547221961e-08,1.8930719622758377e-09,1.934186108523194e-05
39,3.5838361497445128e-06,0.00019374175697341574,7.2018540545507535e-06,1.3487527221902382e-07,0.001797619572347555,1.689187793859114e-05,2.1089375868597917e-07,3.637035416620896e-05,0.019051341417465353,7.017544903015991e-05,9.637429027075094e-07,4.094427474408158e-06,7.760175592748572e-09,3.642253440561345e-05,0.000764927709263974,4.502002433614476e-06,4.307415124198044e-08,2.4836083757021557e-09,0.9770755191121038,1.7233253646875427e-09,1.2932293738519178e-05,0.0008987831981252908,2.49663814385265e-09,4.128789998846128e-09,2.4521425706864824e-05
40,8.425285076480372e-07,5.494420602490599e-05,5.248988678104241e-06,4.1755500530892496e-07,0.003336390639769069,1.6968550907687966e-05,1.1846089618382967e-07,9.259556826299054e-05,0.01981788202428885,0.00019066138088388743,5.718798742147896e-07,2.04311603446246e-06,5.591166309243261e-09,1.5075933571648795e-05,0.00041702042015603896,8.623877413757859e-06,3.1235737135404677e-08,1.2371120746609603e-09,0.975861576579857,1.970111867702539e-09,2.1082881048891144e-05,0.00013653046722068979,3.0197148503145706e-09,4.279278617171083e-09,2.135760847799463e-05
41,5.367326023330939e-07,7.288096178083882e-05,1.447988482836225e-05,7.805798152804409e-08,0.0031916566180811893,2.2918967559963112e-05,6.80124892954114e-08,2.1690432639052263e-05,0.10827158085696635,0.00010077526104474562,2.486745507050053e-07,7.091506758666895e-07,2.7772163191418653e-09,1.9935008075336997e-05,0.0009313206687942989,6.545021474011667e-06,4.581467053512762e-09,1.8237146331506442e-10,0.8871552264850882,9.877510092614433e-10,7.249059867628082e-06,0.00016151259650463117,4.489515524483771e-10,1.4420178210967744e-09,2.0577129220477993e-05
42,2.05584511423121e-05,0.0008263646971268774,9.660667347092982e-05,2.332510563493741e-06,0.02120308923054849,0.00017627169291340347,1.1497446673285742e-06,5.05502014138817e-05,0.06508124794374297,0.00024714704014097114,7.591276058775021e-06,3.817469222301936e-05,2.3408417781824632e-07,0.0006053881655054507,0.000718100705991796,9.559690671104975e-06,6.955964734800956e-08,3.675370929629054e-08,0.9102325260697856,9.153748156329874e-09,2.676385075985833e-05,0.0005069234046625156,1.4019147869659785e-08,2.9746265037214964e-08,0.00014926064191581888
43,1.6625398880700372e-06,6.058999784239596e-05,4.067017609219178e-06,1.08660261171551e-07,0.0015502746064141577,1.814160611626653e-05,1.0147967114739303e-07,3.850362695975536e-05,0.013182345683870873,7.471849750490176e-05,5.54781166798751e-07,3.1249773579209104e-06,2.3401243112883395e-09,2.0619706691849628e-05,0.0005267369213211262,7.576920908772894e-06,2.6532639430982454e-08,1.4680823542768396e-09,0.983891572511464,1.3861615796119873e-09,2.0210815001782053e-05,0.0005820234928759146,2.203352608332408e-09,1.7811234764346019e-09,1.7030445590480076e-05
44,2.3785113379972916e-06,7.426418865105775e-05,5.590722440988382e-06,1.2244872105840896e-07,0.0015765238490557396,1.7631160887599102e-05,1.3402715490473465e-07,3.6933311011470254e-05,0.014053950871335001,6.374348500303471e-05,6.820406880278992e-07,4.2162055954352085e-06,3.4482450553414614e-09,2.7538185700128878e-05,0.0005296036307107066,7.0684249936838075e-06,2.939707658787242e-08,1.7655206528439722e-09,0.9829665379909832,1.6517240355143794e-09,1.787421157577755e-05,0.0005949623418556031,2.343499643395248e-09,2.134744115770358e-09,2.0203651488371252e-05
45,2.4588361781443147e-06,7.622859333154815e-05,5.614789435280871e-06,1.2701177665022178e-07,0.001596773753531285,1.8168005783328138e-05,1.3442920229905656e-07,3.710851856760625e-05,0.013869091467073979,6.492319968973463e-05,7.043687315998726e-07,4.373649522355587e-06,3.4433694879626304e-09,2.833818059842831e-05,0.0005280842112768424,7.085225115445905e-06,3.0386254186128376e-08,1.8966784836120384e-09,0.9831139445947796,1.6652167454608424e-09,1.8788435751178495e-05,0.0006069447124018069,2.4126556265419545e-09,2.161761440968689e-09,2.1066051316986042e-05
46,3.2836146464126268e-06,8.472876572065297e-05,5.934844844999339e-06,1.374069450306011e-07,0.0016496938319985192,1.2707154381139822e-05,1.220087523931183e-07,5.2895354824779483e-05,0.011596163415220595,6.202809758484928e-05,7.167039499415654e-07,6.236173404653343e-06,4.235182032050973e-09,2.4224464815686717e-05,0.0005477015915436724,6.3378119952035404e-06,6.585217147696879e-08,2.406122958076226e-09,0.9850525990954989,1.8261167719367464e-09,2.1121948316033278e-05,0.0008501992224148224,2.850038708868843e-09,3.319671170040396e-09,2.308800383865396e-05
47,1.8062937333769053e-06,7.263175500488266e-05,5.392588253048911e-06,1.310086566527641e-07,0.0017924752703485304,1.8135100439038378e-05,1.2261484255570854e-07,3.621188854128245e-05,0.01525604212628633,6.806844516622749e-05,6.505780126258375e-07,3.3830041268061407e-06,3.4394293591268782e-09,2.761864327396952e-05,0.0005197633069087828,6.6040727113886405e-06,2.4567552983950742e-08,1.4842742431091469e-09,0.9816662849563514,1.5232812221286105e-09,1.7030453648545196e-05,0.0004889009559306274,2.2190445751768144e-09,1.9816231391695863e-09,1.8711722558496716e-05
48,1.456570882409014e-06,7.059669703960204e-05,1.638606517826799e-06,5.609270588762926e-08,0.0006923223162099652,3.785947569605349e-06,7.269974552139383e-08,4.058947038532058e-05,0.005361562213909272,4.455473311518793e-05,2.263083303970963e-07,1.8467024552692527e-06,2.3042415761721104e-09,1.0326353709246374e-05,0.00037951027325361706,3.2880918162597823e-06,4.5689978661996264e-08,8.095487827907945e-10,0.9926595136062468,7.703617963052686e-10,9.320027630712489e-06,0.0007095865389441987,1.4398756342932193e-09,1.8105014787105347e-09,9.693925024910904e-06
49,2.6896868811466384e-06,7.130932998304893e-05,8.103774167545733e-06,1.448101011805895e-07,0.002484335115716306,3.634227347091887e-05,1.3445738272311113e-07,3.766118651374423e-05,0.014608818586548163,6.96488004105526e-05,1.0859840444247428e-06,9.996648231127463e-06,4.686536668211569e-09,4.81908500472679e-05,0.0005579117411732312,1.0149317437085939e-05,3.50200646271176e-08,3.057413147858949e-09,0.9808959417239252,2.839674947881578e-09,2.4327222408077723e-05,0.001114545914102448,3.4536086124425968e-09,1.8001907180912496e-09,1.8611719967099754e-05
50,2.30404119670395e-06,7.262526016239025e-05,5.4633679205264045e-06,1.193714649245091e-07,0.001532756058250711,1.7234145121222305e-05,1.3347209586839217e-07,3.623847409116476e-05,0.014024343368353117,6.364371537458472e-05,6.511186693714965e-07,4.00456193284517e-06,3.365302879813009e-09,2.7106464981160872e-05,0.0005167934731728797,7.035439859477149e-06,2.7848901079116724e-08,1.6782704672600948e-09,0.983073886261281,1.6162420488299814e-09,1.7247913270153803e-05,0.0005786480072611134,2.2521266844248247e-09,2.058950713210595e-09,1.9726665746699445e-05
51,3.1028925109705516e-06,0.00012715611204201527,6.81944798778857e-06,1.9710777392832417e-07,0.0017161252187634598,1.8481615663174065e-05,2.2010517648657305e-07,5.663689150966327e-05,0.014629334320831203,8.882361016176053e-05,1.1905126375850932e-06,6.1787966466307345e-06,6.232813866985777e-09,4.1990545033344015e-05,0.0003635804920626682,4.162087040382148e-06,3.828107328970314e-08,5.250819681208256e-09,0.9818603920634151,2.302432911770748e-09,2.5747506364763477e-05,0.0010329673734131514,2.192778890138517e-09,3.073172533368196e-09,1.6835967874691178e-05
52,3.1780459566271997e-06,9.04194505185068e-05,6.546498789495248e-06,1.5321785658347533e-07,0.0017802800179796772,3.29119100864342e-05,1.9470190063570683e-07,3.875602182073201e-05,0.01745512413968258,8.147224997404726e-05,1.0743209314850645e-06,5.159308136911543e-06,4.629591325545561e-09,3.523785837287667e-05,0.0006365732121289613,9.46048585336982e-06,3.1124571975788845e-08,3.1482032967659357e-09,0.9790205681687181,2.4654824623104737e-09,2.1893819834529778e-05,0.0007585946037147866,3.444155686553139e-09,2.633118459061262e-09,2.2354522620635604e-05
53,5.763700586969453e-06,8.858989949138763e-05,7.832805765313559e-06,1.5571501013572083e-07,0.0006972207468159897,5.677012808658149e-05,9.638433859241592e-07,3.6692595685095685e-05,0.027482514301883764,7.146966138118733e-05,2.229503357344974e-06,3.6361751221110674e-06,4.0035844387711395e-09,3.727120446284856e-05,0.0018142789459187714,2.5051333440014997e-05,2.5667640121824973e-08,3.236372014608158e-09,0.9689221960116262,5.086371919489044e-09,2.319145084235058e-05,0.0006876186287899913,9.774562664630043e-09,3.841395428488564e-09,3.65017384215253e-05
54,4.203463732951999e-06,9.432239861737913e-05,6.157987450989956e-06,8.366971005460536e-08,0.00065138832653983,2.0905958149528316e-05,3.202586729484171e-07,1.7300233022553947e-05,0.018571644336693387,6.70861899279961e-05,4.201046394610371e-07,3.096388869667118e-06,2.9845821465880035e-09,4.2423874077192716e-05,0.0008391063806600778,1.3332470428959273e-05,1.3163379526191394e-08,1.0701622060365081e-09,0.9791092422496542,1.6359463663701324e-09,1.2019844559245746e-05,0.0005027400878909767,2.129237967723045e-09,1.562346315124835e-09,4.418323104825351e-05
55,2.8560741512567776e-06,8.140598197588487e-05,6.949503519000712e-06,1.348741686202383e-07,0.001553981080313511,1.7426495193221686e-05,1.4859088613025301e-07,3.968909729567566e-05,0.017312172085626368,6.521541552775648e-05,7.465767168735299e-07,5.079690425415519e-06,4.345639947593171e-09,2.8444286670814227e-05,0.0005000522732714492,6.421520312770009e-06,3.132398690117406e-08,2.103057892406938e-09,0.9797440301816684,1.9160985259063682e-09,1.7224183741511494e-05,0.0005942563465238795,2.0760735698898355e-09,2.4602564742976484e-09,2.3721516898110332e-05
56,2.4830842230317638e-06,8.690633851850527e-05,6.516744195204931e-06,1.3640921772623465e-07,0.0017579231284740172,1.8302072027183255e-05,1.4763602840342756e-07,3.931323746792672e-05,0.01567694839507433,6.893580096546204e-05,7.525450416196451e-07,4.487825780404405e-06,4.693054133281334e-09,3.039048828526183e-05,0.000533716584087402,6.846672360327738e-06,3.241488527333853e-08,1.992236103350326e-09,0.9811111969727677,1.916495482089173e-09,1.743612241409576e-05,0.0006174511234457277,2.396862976372367e-09,2.5481746930000165e-09,2.0062857917120278e-05
57,1.079124078225174e-06,4.200429629633239e-05,5.654177540871798e-06,9.239965416723061e-08,0.0017905451116990796,7.341209452085765e-06,4.682303838287704e-08,3.952607261236645e-05,0.011791689327023368,5.423108034232924e-05,2.8116075647395046e-07,4.9510703641900416e-06,2.8703612010035587e-09,2.058860520450094e-05,0.00025291914916736124,4.411511331374322e-06,2.8455815369598483e-08,7.831093182701117e-10,0.9854518342454728,1.1913844151348592e-09,1.357438115218987e-05,0.000506164451633506,8.749949217177279e-10,1.1303143411653485e-09,1.3030497200855263e-05
58,2.8156093823584573e-06,9.248168897710551e-05,6.600691030294091e-06,1.3545568377809667e-07,0.0017688160954514327,1.6405678069416404e-05,1.5027619430335495e-07,4.584562906195689e-05,0.014849961669787847,7.167081478708568e-05,7.536279131863577e-07,4.7642508732928196e-06,4.44919323133202e-09,2.7091635969804822e-05,0.0005970928604823591,6.9960838884715126e-06,4.286730929606496e-08,2.1705902003578773e-09,0.9817703512524509,1.8317097274249296e-09,1.9525343140288753e-05,0.000696099633195788,2.721153257944184e-09,3.2888596347626416e-09,2.2384374845262168e-05
59,3.4164574893285345e-06,9.792006728110642e-05,8.893081291969547e-06,1.5658327362309936e-07,0.001956156832688952,1.7563737864137087e-05,1.7377960558720563e-07,5.354511392567928e-05,0.016751780811323825,7.863074537089787e-05,8.482823674024622e-07,5.705681399622088e-06,4.988649130998394e-09,2.929478347923999e-05,0.000606543323905648,7.910341091337867e-06,4.902270315749769e-08,2.7171271727477076e-09,0.9796054393760492,2.2273875266718074e-09,2.2568601008619165e-05,0.000726965831386512,2.860796950399306e-09,4.265239276096725e-09,2.642048729413055e-05
60,2.3785113379972916e-06,7.426418865105775e-05,5.590722440988382e-06,1.2244872105840896e-07,0.0015765238490557396,1.7631160887599102e-05,1.3402715490473465e-07,3.6933311011470254e-05,0.014053950871335001,6.374348500303471e-05,6.820406880278992e-07,4.2162055954352085e-06,3.4482450553414614e-09,2.7538185700128878e-05,0.0005296036307107066,7.0684249936838075e-06,2.939707658787242e-08,1.7655206528439722e-09,0.9829665379909832,1.6517240355143794e-09,1.787421157577755e-05,0.0005949623418556031,2.343499643395248e-09,2.134744115770358e-09,2.0203651488371252e-05
61,2.930496249620812e-06,9.182088155245233e-05,9.034236075361906e-06,1.4626105833500364e-07,0.0019704451819700796,1.7028975767425244e-05,1.544319364546169e-07,4.584731572321702e-05,0.017006738164879385,6.877693190461976e-05,8.356072184757845e-07,5.629544701594513e-06,4.727944006678233e-09,3.09468242823403e-05,0.0005720670441169375,7.164029000537364e-06,4.0858491635343024e-08,2.224118345632271e-09,0.9794663402947398,2.082315192145258e-09,2.049674023108481e-05,0.0006590461162858239,2.428858813354905e-09,3.3254604860637855e-09,2.4495275117991853e-05
62,2.3785113379972916e-06,7.426418865105775e-05,5.590722440988382e-06,1.2244872105840896e-07,0.0015765238490557396,1.7631160887599102e-05,1.3402715490473465e-07,3.6933311011470254e-05,0.014053950871335001,6.374348500303471e-05,6.820406880278992e-07,4.2162055954352085e-06,3.4482450553414614e-09,2.7538185700128878e-05,0.0005296036307107066,7.0684249936838075e-06,2.939707658787242e-08,1.7655206528439722e-09,0.9829665379909832,1.6517240355143794e-09,1.787421157577755e-05,0.0005949623418556031,2.343499643395248e-09,2.134744115770358e-09,2.0203651488371252e-05
63,2.5366614208524735e-06,9.274834232106146e-05,5.824495103536544e-06,1.2377410455137884e-07,0.001534950107320927,1.6987910541999105e-05,1.4625649476610054e-07,3.861844485994209e-05,0.015585099035894433,6.679353792489774e-05,7.397747902628207e-07,3.9287475524048435e-06,3.9593964952655324e-09,2.6541270158398763e-05,0.0005842242681637989,6.353126741756642e-06,3.2553300506996597e-08,1.9161214564322167e-09,0.9813595978550054,1.7273613895724048e-09,1.751488430164617e-05,0.0006358937679129607,2.2713695767244892e-09,2.566371050290961e-09,2.133274546630152e-05
64,2.116528253513624e-06,6.261559109638502e-05,4.588202344729304e-06,1.1500090607364144e-07,0.0014401839934822113,1.574054397079983e-05,1.1099603802384878e-07,3.834267543342654e-05,0.011567450737272925,5.866106759726614e-05,7.117019090636567e-07,4.138793488996059e-06,2.2595103153817183e-09,2.283950140180446e-05,0.0005416467248371343,6.884251499810773e-06,3.1164336990364946e-08,1.7862771578121029e-09,0.9856297352340408,1.3631927548851676e-09,2.619452194260029e-05,0.0005581874869811822,2.3383779661646776e-09,1.9492246356601535e-09,1.9695586583412828e-05
65,2.2953478128435737e-06,6.615767326750653e-05,5.612085069316844e-06,1.4014412810862748e-07,0.0019388163789184347,2.326589005775744e-05,1.2431938720198458e-07,3.5036667478888846e-05,0.012139422377041083,6.748318321029517e-05,7.671712772939307e-07,5.39361618812011e-06,3.3293056438839872e-09,3.420727643496674e-05,0.0005039629804503195,8.459100959682054e-06,2.8954914048374987e-08,2.1061940429192936e-09,0.9845093211451992,1.7330611722606845e-09,2.2339635285575076e-05,0.0006171611648833664,2.885970150188929e-09,1.8434955382997454e-09,1.999299000922599e-05
66,1.5203331106925743e-06,4.7641840209143214e-05,5.030581263130807e-06,1.0280502299723542e-07,0.0012846266733501617,1.5857463646017505e-05,1.12662975260316e-07,2.9798812067447265e-05,0.015168960366739204,6.466467617845466e-05,4.313396614206318e-07,3.0299598981468596e-06,3.107015860516936e-09,2.3826899946698613e-05,0.0003256346312729043,7.4110935176395295e-06,1.4856367064503052e-08,1.01501178392521e-09,0.9826209715658094,1.633405250242202e-09,1.1822660854268343e-05,0.00037419995083748386,1.3532705886379979e-09,1.1968568931685692e-09,1.4332521712120158e-05
67,3.232357730639455e-06,7.613694657254305e-05,7.309846258320002e-06,1.5624039167430556e-07,0.0018876158013688819,3.419342480261847e-05,2.0174946032877413e-07,3.118553602616286e-05,0.013229517256294222,6.424861338542021e-05,1.056133674845586e-06,6.67867242116268e-06,4.348055092752416e-09,4.907913243775168e-05,0.0007381150839895905,1.315800876217921e-05,3.10024159749927e-08,2.501218339887882e-09,0.9831292419436127,2.5398399143557255e-09,2.3082777461830632e-05,0.0006801118570626849,4.875017983746011e-09,2.1676012262578226e-09,2.5631184137704043e-05
68,3.012933717145815e-06,8.146106593631706e-05,5.803357481394881e-06,1.399490408340681e-07,0.0016410310503673633,2.2785620485903725e-05,1.5443326177578145e-07,3.913150359396982e-05,0.013904073328320403,6.787753022372135e-05,8.89265043615113e-07,5.25626106606635e-06,3.633667869080764e-09,3.0261813733717924e-05,0.000616074534986822,8.210476614536489e-06,3.64318627289254e-08,2.528623113445434e-09,0.9828178946652957,1.9392114708161896e-09,2.238807024283763e-05,0.0007095422642847611,3.198582471071624e-09,2.4861105651627008e-09,2.3961658244796682e-05
69,2.341242619710269e-06,6.715486072101509e-05,6.996549348484721e-06,1.4254037379667478e-07,0.0012965975437769762,1.2773537613838794e-05,1.2911842283303673e-07,4.61856062020464e-05,0.016828248924746193,7.867379340815968e-05,4.692506898767459e-07,3.723723486414177e-06,3.4944762021945856e-09,2.0810410087662656e-05,0.00046359393118594833,8.16313048118773e-06,3.2046033916482504e-08,1.4832795470619973e-09,0.9807163470450713,2.053682483753076e-09,1.7919677647171286e-05,0.0004001150415109549,1.7444842141370989e-09,2.6136586766609198e-09,2.9570636991310474e-05
70,5.426047815288804e-06,0.0001026849351511446,1.876748033634341e-05,2.2300434896539005e-07,0.0029234722871259123,4.428642371189459e-05,2.651695157250374e-07,2.500017228470911e-05,0.018387205667707133,6.617464747071933e-05,1.163628144464434e-06,1.4123279576139514e-05,9.073396488925728e-09,0.00013496504760477515,0.0006007133501616868,1.4578784297656103e-05,2.8749819880308724e-08,3.2299498142324625e-09,0.9768197484568547,3.519733711255959e-09,2.1244061879175102e-05,0.0007801499548064897,4.278202678327395e-09,2.221357387601092e-09,3.9756528747162756e-05
