,0,1,2,3,4,5,6,7,8,9,10,11,12,13,14,15,16,17,18,19,20,21,22,23,24
0,3.1211405841271645e-06,2.9766976266844515e-05,0.0003217397952267466,9.949710559057796e-06,6.650000862703272e-07,0.00019983017572463714,0.0009392464008102498,0.01608437474015738,9.303095862142122e-05,0.0007416959253935642,3.2048699719543085e-05,0.0010016649480685887,1.5019694730395589e-05,3.2517932116919577e-06,0.0001660983452672124,0.001985279818014852,6.795222225785511e-05,6.04149375496431e-06,0.9666710048720092,2.6267115032527615e-06,0.0022599573790107247,0.009280586356923677,2.8758295095527483e-05,4.695973093734391e-05,9.328816064957998e-06
1,2.7484645578919423e-06,2.6725116512571305e-05,0.0003673954787136667,7.286877171532555e-06,4.252534824839668e-07,0.00018400957941946356,0.0008058040219749227,0.013531618637210443,9.214032701483202e-05,0.0008267775275262595,1.798995218030116e-05,0.0007317159262328362,1.088855367657991e-05,1.7164179937076443e-06,0.00014296691808079136,0.002025726179567601,3.1026284327499456e-05,4.273576372820903e-06,0.9737970886677922,1.9884719347690997e-06,0.001687396001185035,0.0056376067337415015,1.7403490744109106e-05,4.096116714671331e-05,6.320375439338331e-06
2,4.754859335244224e-06,4.342251435676972e-05,0.0003699169787536951,9.797164925379607e-06,1.3748117640338968e-06,0.00018733440493157516,0.0017502463206704264,0.020786913031014417,0.00010359613833963103,0.0010630220650142564,3.649364942160753e-05,0.0013393410555984436,1.8463665308494053e-05,5.057118100400139e-06,0.0002846073358218313,0.002662051980927936,7.649808920593907e-05,6.984780286591885e-06,0.9590786969322354,4.026942201405613e-06,0.002277029409093128,0.009794244342449727,3.752404741299865e-05,4.1232692410734733e-05,1.7369670420031518e-05
3,3.4306751907551896e-06,3.4419731982556725e-05,0.00035689019958367745,1.2057980089806074e-05,6.921094376454328e-07,0.0002059662380429725,0.001085756986613426,0.017394754412001546,9.529617081836874e-05,0.0008766935705827576,3.3305808407181156e-05,0.0011735920868513213,1.5910409062567492e-05,3.894866554322022e-06,0.00017071119529950106,0.001994566826172041,7.34709485710794e-05,6.777804021568408e-06,0.9637254074283941,2.8740762823703498e-06,0.0024974912241337815,0.010142328817528228,3.357788022087891e-05,4.9043560468876595e-05,1.1088993688825811e-05
4,3.948311267683026e-06,3.529088802871262e-05,0.00036359311099629966,1.343170643598879e-05,7.409691553603442e-07,0.00020510812137969716,0.0011205365778214212,0.016145574915803162,0.00010659670588029194,0.0008553746342335172,3.446176464765101e-05,0.0015178243487518226,2.3010000919394472e-05,4.492382733349771e-06,0.00016400030539569476,0.0020208461858507933,8.996332610413098e-05,7.94648938365004e-06,0.9630654105139248,3.233879405921264e-06,0.002891339298811563,0.01122311179947199,3.5727151606856896e-05,5.5445432690914594e-05,1.2991179299230294e-05
5,4.231221756340545e-06,4.0770074978213536e-05,0.0003708679678864987,2.0619820747500416e-05,6.059968676315426e-07,0.0002269996595277913,0.0010998447117711026,0.018238585389954858,0.00010811529364258353,0.0011245787077414178,3.598106643018702e-05,0.0016963681173068556,2.142806827597026e-05,5.692809167535777e-06,0.0001609518177323319,0.0020645246529400305,0.00010481110458290399,1.1686729236211828e-05,0.9566394918032965,3.5762124488463274e-06,0.003301382432033322,0.014600931730959412,4.057931286584894e-05,6.282817496931798e-05,1.4547122880840946e-05
6,3.4306751907551896e-06,3.4419731982556725e-05,0.00035689019958367745,1.2057980089806074e-05,6.921094376454328e-07,0.0002059662380429725,0.001085756986613426,0.017394754412001546,9.529617081836874e-05,0.0008766935705827576,3.3305808407181156e-05,0.0011735920868513213,1.5910409062567492e-05,3.894866554322022e-06,0.00017071119529950106,0.001994566826172041,7.34709485710794e-05,6.777804021568408e-06,0.9637254074283941,2.8740762823703498e-06,0.0024974912241337815,0.010142328817528228,3.357788022087891e-05,4.9043560468876595e-05,1.1088993688825811e-05
7,3.3326880189477107e-06,3.5329770406100426e-05,0.0003485411255061256,1.286784559052835e-05,7.11466034871027e-07,0.00021277145805716647,0.0011008857412308302,0.017762321933044563,9.959873261828362e-05,0.0008977175868110155,3.489637907157959e-05,0.001216806962012564,1.600458634304865e-05,4.151189214116629e-06,0.00018345088989761863,0.0021027108587495513,7.773800147070567e-05,7.096373210215895e-06,0.962013423935247,2.97323028795553e-06,0.002656654538233822,0.011114057668422803,3.5103538131728136e-05,4.923044170293684e-05,1.1623060685859145e-05
8,7.046481071110848e-06,9.503208504788714e-05,0.0009692601296411977,3.135496318247085e-05,1.1615317734840198e-06,0.0002764543623544275,0.0026066098944488966,0.02835741583003331,0.00011336279002930145,0.002357480552416268,3.529387745716497e-05,0.0019648931501189083,2.062448717246348e-05,7.818120328095214e-06,0.0001555175504351873,0.002193889640010839,6.669562922192894e-05,7.341475653165889e-06,0.9509715490197364,5.895171102380592e-06,0.0026838696743094743,0.0068896594077821225,8.67837477737865e-05,7.393402470350374e-05,2.1056404196323323e-05
9,4.5809585090131155e-06,7.931577819886995e-05,0.0010179198282136875,4.2763166909356884e-05,6.758646269829932e-07,0.0003455176326841687,0.0019922507343577804,0.020497459277093222,0.00016008754612666716,0.002796453436972059,2.9074549596179988e-05,0.002415717717913977,2.5465827954894743e-05,5.672102199387351e-06,0.00018884640042984087,0.0028053406099479406,6.780729901693928e-05,9.389769534032262e-06,0.9512002515930694,6.354263011831785e-06,0.005316183877083276,0.010796016850654996,7.898613878789646e-05,9.68018328867866e-05,2.106694422076503e-05
10,3.4306751907551896e-06,3.4419731982556725e-05,0.00035689019958367745,1.2057980089806074e-05,6.921094376454328e-07,0.0002059662380429725,0.001085756986613426,0.017394754412001546,9.529617081836874e-05,0.0008766935705827576,3.3305808407181156e-05,0.0011735920868513213,1.5910409062567492e-05,3.894866554322022e-06,0.00017071119529950106,0.001994566826172041,7.34709485710794e-05,6.777804021568408e-06,0.9637254074283941,2.8740762823703498e-06,0.0024974912241337815,0.010142328817528228,3.357788022087891e-05,4.9043560468876595e-05,1.1088993688825811e-05
11,3.763669720023586e-06,3.465614306062826e-05,0.00037197517058742654,1.2425344356361003e-05,7.375012080360517e-07,0.00020226811127392272,0.0011295627858765732,0.016898437860943964,9.928272373885798e-05,0.0008741109408672485,3.37820981715385e-05,0.001330876786307528,1.9922373470526616e-05,4.047707647942767e-06,0.00016511500474297535,0.0019996635036024593,7.95107678824881e-05,7.172631945713195e-06,0.9638881800946298,3.1551542455802597e-06,0.002600986479412904,0.010139923962138942,3.506176776151837e-05,5.353557494817125e-05,1.1845841458929173e-05
12,1.4997862339102622e-05,0.0001535413630896865,0.00041422022477861025,4.539822202794327e-05,4.433991141032352e-06,0.0007050449323891177,0.0019593003322305445,0.017182726908028415,0.0001650834145242848,0.0033495833508533994,4.9191071964114034e-05,0.0021379248634420932,7.313184355992292e-05,5.430170452363529e-05,0.00019802371893028973,0.0028415056567172342,0.0012529813208134674,4.5745604225963476e-05,0.9343383584951853,1.648857628963682e-05,0.010122836722800147,0.024531888142328966,0.00016299085927169954,6.429899988425994e-05,0.000116001818661167
13,2.941355048029172e-06,2.85009387940851e-05,0.0003552402707839106,2.5734479996267235e-05,9.771708536513012e-07,0.0001372477774437698,0.001974470760657884,0.06384522088682713,0.00010518659352794124,0.0003711971043994224,0.0002044591171925041,0.005323954154177846,2.870680278406733e-05,1.609355978746052e-05,0.00029696207270031523,0.00192138460687866,0.00013138237830145728,1.032367254594898e-05,0.8913462803870468,3.2344763095850144e-06,0.0031937685268854025,0.03053961343887323,6.466744590678636e-05,5.79736692078631e-05,1.4478353070056943e-05
14,3.6011082798423135e-06,2.3893824501224124e-05,0.0006345114392294697,1.5725194669767298e-05,5.609490445307692e-07,0.0002759355597279035,0.0010654354827166815,0.021636145203845155,0.0001181230824135381,0.0008255939396218046,3.4248229170551854e-05,0.001574406778129435,2.530023588373885e-05,3.496087087155297e-06,0.00021678792522570475,0.0025910824186368203,0.0001011773394076696,8.369562388645325e-06,0.9531044767989276,3.320724909365922e-06,0.004011107449778657,0.01361786835819722,3.6652664912156266e-05,5.838131814745706e-05,1.3798325147752712e-05
15,3.4306751907551896e-06,3.4419731982556725e-05,0.00035689019958367745,1.2057980089806074e-05,6.921094376454328e-07,0.0002059662380429725,0.001085756986613426,0.017394754412001546,9.529617081836874e-05,0.0008766935705827576,3.3305808407181156e-05,0.0011735920868513213,1.5910409062567492e-05,3.894866554322022e-06,0.00017071119529950106,0.001994566826172041,7.34709485710794e-05,6.777804021568408e-06,0.9637254074283941,2.8740762823703498e-06,0.0024974912241337815,0.010142328817528228,3.357788022087891e-05,4.9043560468876595e-05,1.1088993688825811e-05
16,2.8859707959618733e-06,3.752140977389108e-05,0.0002714273383964891,1.3063862963579664e-05,5.833539625145934e-07,0.0001435609453431211,0.001396349639512013,0.018825151101076177,0.00010195011151815875,0.0013753615758513044,2.7105217690562352e-05,0.0019398870974764052,1.75258227439975e-05,4.66908479918429e-06,0.00022152010929283054,0.0020350182181696178,7.917832759953316e-05,1.0267991134068683e-05,0.9497416790724098,3.0677266617278223e-06,0.0043033991850304305,0.019361248196988153,3.35394678353651e-05,3.839183056438406e-05,1.5647342410601505e-05
17,4.847755988506281e-06,5.2213908549180113e-05,0.0003725504471978577,3.356501370286137e-05,1.6544304747441451e-06,0.00021651772431601456,0.0021728264049577207,0.03341640659098112,0.00011578090242964945,0.0013861801783874611,7.547508948456786e-05,0.0038569474470949747,5.232003843313369e-05,1.681226618703078e-05,0.00023242885866235448,0.0028468661082896533,0.00034959278674264306,1.6798782864815276e-05,0.9157931648942398,8.511472393540755e-06,0.006191305994854572,0.03256458912237784,0.00011989050621951012,6.986377811218656e-05,3.28894970583918e-05
18,7.3857342045884756e-06,5.665047516543861e-05,0.0004151739700981281,2.4309455742321276e-05,1.6237743989167839e-06,0.0002603442050442571,0.002279957999222894,0.021203221305804924,0.00010933633302842595,0.0021358391433982074,4.041439715856856e-05,0.0030404502067135986,5.0821215168091196e-05,1.5246943599637455e-05,0.00022626131504516577,0.002574651733218128,0.000403051507507888,2.389585267482635e-05,0.9316138679211421,7.711042877163452e-06,0.008239968033625542,0.027078649639254132,8.422658172596188e-05,5.3335381444870946e-05,5.3605832736028157e-05
19,4.2274195875932445e-06,4.732418952863412e-05,0.0006317286210773123,2.2278647005185233e-05,7.550328647551973e-07,0.0001790638355723576,0.002345520106808259,0.024543841106717763,0.00015497365533278238,0.0012911063271773388,3.596361268772868e-05,0.0030427485179422994,2.5998932177605506e-05,4.668125813748591e-06,0.00026395971633632974,0.002604996067516208,7.524135050617059e-05,9.454614369431193e-06,0.9439590815434942,3.6127079124044697e-06,0.004185619672143431,0.01645040083080062,4.161225317115752e-05,5.6630560893317935e-05,1.919255256328755e-05
20,2.1747962293576665e-06,2.4026133335405854e-05,0.00033487867467487834,1.2610533121993826e-05,4.5932656982872234e-07,0.00015284982104044525,0.0011406715026178816,0.0329855532721659,9.163082903943635e-05,0.0008000760479325511,4.42147173183023e-05,0.0014320360838649799,1.0900029608556293e-05,3.4673058701009326e-06,0.00036437950641322956,0.0023873135327786683,6.152912502294992e-05,7.97350969872052e-06,0.9355761144760192,2.2630692731073875e-06,0.002637863043611932,0.021854503205950577,2.7876969536903556e-05,3.454882303066137e-05,1.0085665274382705e-05
21,4.098489108179909e-06,4.563802596017259e-05,0.00040826070747380943,1.8772940373491437e-05,6.028090173347023e-07,0.00021714825515118253,0.001238683106832265,0.02077716656315821,0.00016892433567152943,0.0011139173297782525,3.184429829875285e-05,0.0020765277812789676,2.1895762587513857e-05,5.617874002203417e-06,0.0001875903377003098,0.003324291641241399,4.7948166081044e-05,9.830936788803169e-06,0.9565886959451606,3.446586342206636e-06,0.0027622627173874525,0.010851379167344147,2.4735763778062046e-05,5.94528013974452e-05,1.1267658086922967e-05
22,3.7688238868734784e-06,2.35975750133321e-05,0.00029388477595869016,1.0832919307932385e-05,6.023565779922788e-07,0.00024700247652657207,0.0006657543103848965,0.01800544762008578,7.012200883593417e-05,0.0007838878210682763,3.9429753810324346e-05,0.0007654035151493766,1.4951805110684213e-05,3.995513808540244e-06,0.00016513070620859978,0.00187918652391895,0.0001525908816409064,1.1611554109422687e-05,0.9586938161195097,2.831473063001972e-06,0.002876317204677871,0.015202189261129265,2.8967020488886902e-05,4.7876222578517195e-05,1.0801757149631482e-05
23,3.4306751907551896e-06,3.4419731982556725e-05,0.00035689019958367745,1.2057980089806074e-05,6.921094376454328e-07,0.0002059662380429725,0.001085756986613426,0.017394754412001546,9.529617081836874e-05,0.0008766935705827576,3.3305808407181156e-05,0.0011735920868513213,1.5910409062567492e-05,3.894866554322022e-06,0.00017071119529950106,0.001994566826172041,7.34709485710794e-05,6.777804021568408e-06,0.9637254074283941,2.8740762823703498e-06,0.0024974912241337815,0.010142328817528228,3.357788022087891e-05,4.9043560468876595e-05,1.1088993688825811e-05
24,2.0360783129458164e-06,1.33383521102582e-05,0.0006248551486570504,4.689898137957799e-06,7.147139993187298e-07,0.00019220120632463405,0.0014567867610417254,0.019629181557661246,9.778681879054403e-05,0.0004605424104035083,3.069407538762837e-05,0.0008948537948705251,1.0328544912581154e-05,9.071516207430191e-07,0.000514479128306069,0.002232298966386601,5.2409202575746893e-05,3.415348059360783e-06,0.9589876578014251,1.456813467446996e-06,0.004235668003137922,0.010491814982414178,2.1530071533820885e-05,2.8607635201873186e-05,1.1745535261037211e-05
25,2.5225739677256132e-06,2.9953398131152055e-05,0.00027817169887346557,2.073482555421044e-05,7.997140682864489e-07,0.00018375645244599796,0.0012568927255894955,0.061434836854695356,8.996829675787958e-05,0.0005711706945529289,0.00010782490618863393,0.0015136030194097816,1.2265289020830152e-05,8.916919595148837e-06,0.00018507654190148376,0.0024446315754962982,7.678263481374442e-05,8.575502575023307e-06,0.9147858793437765,2.844312413263634e-06,0.0017797693863054462,0.015109097660057337,3.939556618005526e-05,4.994876501681785e-05,6.581342612935004e-06
26,4.726392398641278e-06,2.3739166166193145e-05,0.00030176907081173567,7.101221152209353e-06,5.202374956899267e-07,0.00020271225796393992,0.00036213809560995666,0.006236168538886922,6.629195188961718e-05,0.00045248519696484035,2.091507491199701e-05,0.00048593935589675045,2.006867415239593e-05,1.41400122945756e-06,3.939709175269276e-05,0.0010295489762980974,7.735547719264279e-05,4.503924600046763e-06,0.9853320257731563,2.714585584360584e-06,0.0015222133402022268,0.0036667567820647044,2.7686300340847264e-05,0.00010747083407506467,4.337679202457156e-06
27,2.4200744833629792e-06,2.5172721267255135e-05,0.00026873320423907883,1.0774550688688354e-05,4.801456892185965e-07,0.00018021875091686135,0.0008105608812190578,0.019202065575788848,8.551838384248601e-05,0.0007090191030156704,3.6431251380767904e-05,0.0009900970294204135,1.1684222421675133e-05,3.224941633752146e-06,0.0001994941971248186,0.0019766373672638502,6.670376273687422e-05,6.753912576488e-06,0.9590575834559666,2.2582302584717763e-06,0.002143465211366955,0.014131959620872813,2.7060740216763967e-05,4.356560914875175e-05,8.117056460334499e-06
28,3.4306751907551896e-06,3.4419731982556725e-05,0.00035689019958367745,1.2057980089806074e-05,6.921094376454328e-07,0.0002059662380429725,0.001085756986613426,0.017394754412001546,9.529617081836874e-05,0.0008766935705827576,3.3305808407181156e-05,0.0011735920868513213,1.5910409062567492e-05,3.894866554322022e-06,0.00017071119529950106,0.001994566826172041,7.34709485710794e-05,6.777804021568408e-06,0.9637254074283941,2.8740762823703498e-06,0.0024974912241337815,0.010142328817528228,3.357788022087891e-05,4.9043560468876595e-05,1.1088993688825811e-05
29,3.4306751907551896e-06,3.4419731982556725e-05,0.00035689019958367745,1.2057980089806074e-05,6.921094376454328e-07,0.0002059662380429725,0.001085756986613426,0.017394754412001546,9.529617081836874e-05,0.0008766935705827576,3.3305808407181156e-05,0.0011735920868513213,1.5910409062567492e-05,3.894866554322022e-06,0.00017071119529950106,0.001994566826172041,7.34709485710794e-05,6.777804021568408e-06,0.9637254074283941,2.8740762823703498e-06,0.0024974912241337815,0.010142328817528228,3.357788022087891e-05,4.9043560468876595e-05,1.1088993688825811e-05
30,3.4306751907551896e-06,3.4419731982556725e-05,0.00035689019958367745,1.2057980089806074e-05,6.921094376454328e-07,0.0002059662380429725,0.001085756986613426,0.017394754412001546,9.529617081836874e-05,0.0008766935705827576,3.3305808407181156e-05,0.0011735920868513213,1.5910409062567492e-05,3.894866554322022e-06,0.00017071119529950106,0.001994566826172041,7.34709485710794e-05,6.777804021568408e-06,0.9637254074283941,2.8740762823703498e-06,0.0024974912241337815,0.010142328817528228,3.357788022087891e-05,4.9043560468876595e-05,1.1088993688825811e-05
31,2.652689947565274e-06,3.5601729160764286e-05,0.0002878017652503828,1.4506210707188259e-05,8.159785861257413e-07,0.00027532102092476174,0.000995663171250189,0.011976073720338237,0.00014389223441678181,0.0007466979088573369,4.423531705225335e-05,0.0014505795358747914,1.8950532606980685e-05,4.406214631250122e-06,0.00026366136900242296,0.0028201036116161774,9.60599583892491e-05,7.372028445432248e-06,0.9611182837147648,3.1738345419494857e-06,0.00356761726752623,0.01601287360527908,3.7859488609589886e-05,6.204673008836434e-05,1.3750362132185589e-05
32,3.0949428807517726e-06,2.985540448623938e-05,0.00029328977150273216,8.84663691041445e-06,5.583977810620894e-07,0.00017698179016922667,0.0008595697650265884,0.014463903082596102,8.178743799707422e-05,0.0007424387615091448,2.7921078521734666e-05,0.0009227075124459858,1.2796403594182772e-05,2.988211453157659e-06,0.00014409721663484587,0.0016134405258399077,5.84348135143464e-05,5.731593057101394e-06,0.9698739555607642,2.2321185093748954e-06,0.0019964083177235357,0.008600673176897566,2.6280035625716176e-05,4.346246736985101e-05,8.544977189216331e-06
33,1.9001458086899655e-06,1.982903098544925e-05,0.00011977707469388008,1.5911922696571194e-05,6.690207959359443e-07,0.00024234449329844544,0.00041923330531915963,0.025023702305387533,5.034756255467041e-05,0.0007655936262365106,5.789269250808682e-05,0.0007432348070081523,2.985768903883243e-05,8.638092507217101e-06,5.855529793678074e-05,0.00244085691256883,0.00025021799831318945,9.520181934100752e-06,0.9510958777198654,5.459241892083441e-06,0.0019099707331153351,0.016590836864235438,5.9531087606531706e-05,7.53125730027373e-05,4.929620690526053e-06
34,3.3181352692613863e-06,2.9985614848726066e-05,0.00031404364358293284,8.738523774330926e-06,5.752047082282877e-07,0.0001749303713205042,0.0008789606841829806,0.014171784297264086,8.792415690487116e-05,0.0006605055848827486,2.859015058480456e-05,0.0009683763754212751,1.3388534577672318e-05,2.8874923644772985e-06,0.00014068671916424828,0.0015955292462887653,5.575232802194769e-05,5.523821000577543e-06,0.9708612831167418,2.1286786091456476e-06,0.0019616303957726102,0.007955689366790936,2.4610261456265766e-05,4.479919602244998e-05,8.35810044449209e-06
35,4.9004725460917075e-06,2.7383226527671084e-05,0.0003637899203090331,1.0509140261195406e-05,4.020643374628018e-07,0.00011681556442161281,0.0011563389278490322,0.022025719935853793,8.562922718784444e-05,0.0008251170991586061,2.1506766495148965e-05,0.0013027449239173098,1.3024171845819007e-05,2.61508817630529e-06,0.00010253985687566571,0.0013135046363569251,5.516955123062465e-05,9.866930366813873e-06,0.9603929776490565,1.7153408678078852e-06,0.002258956531149412,0.009841497380277274,1.7863145899734617e-05,4.1091396639264466e-05,8.321052392927054e-06
36,5.3078591971535854e-06,0.00024331299006685034,0.0009220316814387307,4.380864884892594e-05,3.0860671661320762e-06,0.002874390514369584,0.0009685496335430011,0.003917933069082227,0.00013000894432055413,0.005231443514183159,4.6316454782997884e-05,0.00017706614242159904,5.932288620202941e-06,7.889771028504039e-06,0.00010181492103422542,0.0012196380615527662,0.0001437277237566051,7.976736754136082e-06,0.9699952869723371,9.952677506770379e-06,0.010342818553756496,0.0029272864376311577,0.0003949195677957768,0.00025502135251752534,2.447941628781831e-05
37,3.965340995657373e-06,3.596806429849689e-05,0.0003637249149803813,1.1991536130164223e-05,6.147859192040946e-07,0.00017848960864008925,0.0010477897523427195,0.015599478992538116,8.883944270107295e-05,0.0008806692550076779,2.885962339153248e-05,0.0011862188729435848,1.6322167255641212e-05,3.4508991042447603e-06,0.00012596113410888186,0.0016373360002297653,6.846925091449973e-05,6.873387201700952e-06,0.9674106075081952,2.74543288002551e-06,0.002332605914589088,0.008871902902634995,3.218098424537101e-05,5.488699380984182e-05,1.0047234942089989e-05
38,4.128047269941562e-06,2.7981721014842203e-05,0.00036153918653793866,3.7922799749352e-06,6.290782482235665e-07,0.000244746150119795,0.0008343218382883253,0.007914904396176444,9.456484969326193e-05,0.0006334364635216518,1.4995757003647534e-05,0.00044301399476534987,8.354624555020182e-06,1.4151614425554058e-06,0.00016021221987308913,0.0018210959272801019,2.0079447083228107e-05,3.2977272034746043e-06,0.983698274089766,1.2118895055718315e-06,0.0010280041141293359,0.0026284867961257237,1.0665898823460142e-05,3.3839611288501926e-05,7.008730309671475e-06
39,9.461605385875559e-06,0.0003725404523108546,0.00025717562259080763,3.511309506925265e-05,2.1167185584685094e-06,9.8287292149741e-05,0.0031232194501103127,0.012969838566605522,0.0001632498386439997,0.001443857523571957,6.700425996452954e-05,0.0044252419745113725,1.2871668168107915e-05,2.4487689447551145e-05,0.0001725003696706789,0.0013440560220285538,6.219459262436075e-05,7.541203857289292e-06,0.9601526062578168,5.442931101023883e-06,0.0017963216867233765,0.013244273023597387,0.00010572945788150755,7.570373150671878e-05,2.9164966103959806e-05
40,2.0519887440296633e-06,3.574131041694838e-05,0.00012124443312158847,3.507261381153316e-05,5.987889371149438e-07,0.0002651319216937523,0.0004603027619306057,0.039874374989273216,4.882146016775222e-05,0.0019529205999675447,4.7248993350809614e-05,0.00038912249083671924,8.560015068044825e-06,6.194084480220871e-06,6.558774204321536e-05,0.0031024111362236016,0.0002305972014837892,1.5495965769422574e-05,0.9350806786338633,8.482159390283125e-06,0.0023492424725708064,0.015754857412241825,6.342946289562314e-05,7.712793446392639e-05,4.70342725429247e-06
41,1.136917941503702e-05,6.0180627732189115e-05,0.001095368069195034,1.1150150494238833e-05,6.312968602238568e-06,0.0003700778825348329,0.004029576914577927,0.027092292687470463,0.0004359189983103049,0.0006472422668418685,5.761864012435259e-05,0.0017806520531523354,5.026952699884014e-05,3.8114302293038124e-06,0.0006674137282068815,0.008280353389977926,6.208162180058471e-05,6.286573509696333e-06,0.94858660275111,5.985129796647207e-06,0.002050949868267175,0.004569649921364175,2.7217571092211035e-05,6.795100604113759e-05,2.3667043154600233e-05
42,3.5482920479309646e-05,0.00040862935250139416,0.0010871502855158395,4.193964770385326e-05,1.422822932256741e-05,0.0005657156474069996,0.00705976232925275,0.01645306865129134,0.00029172155894994367,0.0020625401903554153,9.023547286880034e-05,0.0033606673228419185,6.302700054698412e-05,4.825150747794991e-05,0.0002242596819612627,0.0018015684748542147,0.0003238905316283823,1.749148273744978e-05,0.954918520278462,1.3917392054006546e-05,0.004692839792491656,0.005994383228890987,0.00019549940176444557,0.00011040746822183185,0.00012480215041848567
43,4.574699051901765e-06,4.186369727871679e-05,0.0004094308257922952,1.3614445273352839e-05,9.076563430315504e-07,0.00017819702151337046,0.0014073445467280097,0.018887604561488917,0.0001180986214984865,0.0006242165102039052,4.496792226652919e-05,0.0017441680966152275,1.868020538377338e-05,4.701558024723146e-06,0.0001893597575027723,0.0019879580331938285,7.012629916880072e-05,6.288651382684869e-06,0.9625952722589389,2.742245667694739e-06,0.0021001848715714155,0.00945024302571976,3.414806412940917e-05,5.2584611833745746e-05,1.2721813428658627e-05
44,3.4306751907551896e-06,3.4419731982556725e-05,0.00035689019958367745,1.2057980089806074e-05,6.921094376454328e-07,0.0002059662380429725,0.001085756986613426,0.017394754412001546,9.529617081836874e-05,0.0008766935705827576,3.3305808407181156e-05,0.0011735920868513213,1.5910409062567492e-05,3.894866554322022e-06,0.00017071119529950106,0.001994566826172041,7.34709485710794e-05,6.777804021568408e-06,0.9637254074283941,2.8740762823703498e-06,0.0024974912241337815,0.010142328817528228,3.357788022087891e-05,4.9043560468876595e-05,1.1088993688825811e-05
45,2.8237629281325684e-06,2.1940353811896325e-05,0.0004298257273256272,1.0577490153650075e-05,6.27492089709012e-07,0.00022027184418216554,0.001098715740342911,0.03668869827208917,0.00011114876188690837,0.0006090799375156603,4.437784623022386e-05,0.0009644379758166899,1.0482956106971626e-05,2.500487873567877e-06,0.00038683261867719496,0.003957761616097002,3.8745654464809464e-05,6.09611335227995e-06,0.9440615373088624,2.034059495534741e-06,0.0015496912205019409,0.009719584138028656,1.7768986830571157e-05,3.688724791665549e-05,7.552387419630056e-06
46,2.6161242236653415e-06,1.7010166269830615e-05,0.0002482454312413684,2.4787792767881447e-05,5.405224378173927e-07,0.00037114428336200694,0.00040036210632303975,0.01925031493037849,6.661732256923725e-05,0.000856382200620512,5.326495968918545e-05,0.0010466585294209175,4.4563977636307073e-05,6.3512622397550354e-06,0.00013434600056098055,0.002736627058619428,0.0006680911167669972,1.7791840545609284e-05,0.9327179343120999,6.574505820553444e-06,0.005482106075254623,0.03568699126126402,6.889135887760744e-05,7.813553627912858e-05,1.3651324730890444e-05
47,4.186201978482751e-06,2.6218415187757677e-05,0.00030615003499866135,8.284726379384483e-06,5.398920266789934e-07,0.00012814234591353632,0.0009480195753557859,0.010690546891126853,0.00010161330013180745,0.0007796903841189086,1.7928285287631797e-05,0.0017107225526148998,2.9730366439061178e-05,2.350438923919156e-06,0.0001387602816976124,0.002005558823744375,7.869040461555494e-05,7.185562579938673e-06,0.9694118705867666,2.9157854687233965e-06,0.0027882648915521493,0.010728137815774611,2.3015924090646356e-05,4.888610458817098e-05,1.2590408638210368e-05
48,1.1569367371367714e-05,8.684705564391107e-05,0.0030782963155667345,0.00011745514954843789,4.561711856644992e-06,0.0005505704247732245,0.01215529828833537,0.11293735335369545,0.0005572235288562612,0.002996292995741586,0.0001390492102097858,0.014427755209128515,9.748471244079788e-05,2.586972371789488e-05,0.0022114258816815693,0.014443568900849597,0.00029939043569487874,3.9703731555956054e-05,0.7618507025438152,1.955727810625886e-05,0.021490760131537126,0.05205872588315881,0.00014916823633829586,9.129271258525344e-05,0.00016007721779131139
49,3.618111579360842e-06,3.635532694924913e-05,0.0004998021239120456,1.7908097463561532e-05,5.498643107146165e-07,0.0002374182059970649,0.0011871197729321505,0.018967887923749017,0.00010471749053132944,0.0011450911944809667,3.3392512667054155e-05,0.0016870401756250617,2.0532820218940262e-05,4.60145070654952e-06,0.00018511105483073466,0.002082989046991864,8.189384352875583e-05,8.680660562887534e-06,0.9569704049562922,3.363269870479793e-06,0.0034426032033848647,0.013164130715594089,4.148187787590401e-05,5.9059829583716167e-05,1.4246470361663729e-05
50,2.9753501568822047e-06,2.9366485035591565e-05,0.000312485902901865,1.5305326878307113e-05,5.133676651709533e-07,0.00029821686892608746,0.0004399366767242816,0.011012970106078778,0.0001503760804303871,0.0004197117609206897,4.2208467799238934e-05,0.0009002354279496414,1.5922449862406818e-05,2.900093313576329e-06,0.0001438362410334775,0.002334241513558774,8.389839932007495e-05,7.035106910075353e-06,0.9703792248034566,2.6878153918998704e-06,0.0027761167920956754,0.010515233938344902,2.6102773438515272e-05,8.210077482786633e-05,6.39747697907993e-06
51,3.6038676549626916e-06,6.812539269604196e-05,0.0002635343430913748,2.1054624756720877e-05,3.077720859645901e-07,0.00013031459765994082,0.0008225065928437349,0.018343061118987723,8.790804329278595e-05,0.0010098271626322421,3.140441144423891e-05,0.0013503261948601489,6.378310029899964e-06,6.171415603402114e-06,0.0001293042876450903,0.001053232601111493,5.078346638174242e-05,9.143389858138341e-06,0.9596759490756422,1.8147567294838462e-06,0.0019452471061589531,0.014915293167908652,2.827166796820317e-05,3.7238391605810765e-05,9.198241351143448e-06
52,3.5344243301317995e-06,1.974753865139936e-05,0.00026457355148575663,8.349049370607792e-06,5.685132914767351e-07,0.00035370358468600054,0.0006007938621140115,0.0204303753798837,8.17054175372124e-05,0.0006898785802444266,3.9875792030984655e-05,0.0005492657462910636,1.1012439898160488e-05,4.6140349393266125e-06,0.00022227699320190555,0.002676058851936525,7.93164599933552e-05,1.149567126172306e-05,0.9614056587353098,2.07361249983029e-06,0.0016902162429422891,0.010789523928588885,1.6502708782917146e-05,4.028112140782305e-05,8.597759320610385e-06
53,3.90268830871776e-06,4.720014083409816e-05,0.0007072590607480979,1.871154385845573e-05,2.0659183388501367e-06,0.00015734990526237338,0.007076810249634674,0.04972083309318157,0.0001535384343172928,0.0014170567972713556,6.409067175497756e-05,0.0040555791726954,2.7896294087588376e-05,5.923681634573014e-06,0.0005226209099108354,0.003796009431296062,5.8060016651175355e-05,6.7643085513006145e-06,0.9144662002553746,4.616326569223771e-06,0.003544808146674949,0.014004124689762068,6.153275171391599e-05,5.09507064736251e-05,2.609480509408521e-05
54,5.738971625265031e-06,9.534706932275378e-05,0.00040095338665063356,1.5886524472526606e-05,1.0351565812202438e-06,0.00024964064039618083,0.0017969936482422483,0.01375146493566702,0.00011763846215367435,0.0022744183644114965,2.3082435826281802e-05,0.0015771189243538057,1.2891876663063688e-05,8.196599404117669e-06,0.00034190455032776044,0.0026563091526926033,6.295042876948492e-05,8.070718737198468e-06,0.9638599028102867,4.1176847922846525e-06,0.0024270815272765486,0.010198555356926776,4.4274703093879866e-05,3.311856041591599e-05,3.330751091049312e-05
55,4.258760541227144e-06,3.370449694694502e-05,0.0004038952678186058,1.2901447954796858e-05,5.892942200023281e-07,0.00017034497139308065,0.0012116834597807938,0.014642311969989847,0.00013943634466544183,0.0007194549151212713,2.7524992865132855e-05,0.0019168116014303216,2.3022971710309897e-05,3.1999618653029853e-06,0.0001531704269868203,0.0020620162340387917,5.643274267771787e-05,7.493294419477671e-06,0.9661629118533525,2.4921380864732412e-06,0.002713740394951942,0.009439132194587035,2.4315404336636496e-05,5.7984079032768956e-05,1.1170781227040034e-05
56,3.718172956492988e-06,3.317556275756063e-05,0.00036127319798021383,1.1866353948773424e-05,6.85053365614873e-07,0.00019688159203409697,0.00108732315039729,0.01627781373677313,9.894206824677145e-05,0.0008377427074622935,3.203279585314892e-05,0.00132912927036069,1.9547199032413575e-05,3.882261899654783e-06,0.00015978209292683406,0.0019435360209960801,7.611112687740102e-05,7.121155901635847e-06,0.9647928139904648,2.9124452085424686e-06,0.0025642593787203976,0.010063855935141603,3.23275746034196e-05,5.178617382160132e-05,1.148098226962366e-05
57,4.894042508212043e-06,9.709336595362226e-05,0.0006556164597962032,2.9333782330493683e-05,1.9043896744879917e-06,0.0011645303683021047,0.001538442179353442,0.03503962208216901,0.00010325495843783977,0.0011978534319775531,0.00014363635416824935,0.00028502458693104813,2.3936292539167755e-06,1.3057813991569587e-05,0.00030702461265436754,0.0018547801190467246,5.678512726768054e-05,8.880966397751648e-06,0.9495606909862484,2.0455211418800474e-06,0.002291779824700808,0.005496795672921557,6.62411826110065e-05,6.67899681472376e-05,1.1528574014781647e-05
58,3.4195288065939706e-06,2.8830964516506746e-05,0.0003118411781255974,1.0038492413080447e-05,5.670513594004997e-07,0.00017653119748816453,0.0008567963246427938,0.013362771858986636,9.367333986962281e-05,0.0006514103091700784,2.9296895420341157e-05,0.0011234287545490666,1.727498151475863e-05,2.7941774200773537e-06,0.00011984522291012977,0.0016965377253799735,5.8091526745937236e-05,5.823114767073992e-06,0.971404662827005,2.4175870448790677e-06,0.0020462310411527708,0.007903605989464437,2.6911911781263647e-05,5.927435789442871e-05,7.923641571404496e-06
59,3.241702869292003e-06,2.9422994223542867e-05,0.000379971652883506,1.0738929367304112e-05,5.5855028823054e-07,0.00019194431507989733,0.0008931412050211533,0.01478843783278436,9.571199251513904e-05,0.0007199116909193281,2.9955141113111207e-05,0.0010421614907998847,1.5432845426186374e-05,2.5266938685746726e-06,0.00013807059703808036,0.0018087391214011558,5.4754744608353625e-05,5.496285270327544e-06,0.9695292426566933,2.5936518557967054e-06,0.002161910666583309,0.00799860880048739,2.8912871441648877e-05,6.064989306915673e-05,7.863674391945004e-06
60,3.4306751907551896e-06,3.4419731982556725e-05,0.00035689019958367745,1.2057980089806074e-05,6.921094376454328e-07,0.0002059662380429725,0.001085756986613426,0.017394754412001546,9.529617081836874e-05,0.0008766935705827576,3.3305808407181156e-05,0.0011735920868513213,1.5910409062567492e-05,3.894866554322022e-06,0.00017071119529950106,0.001994566826172041,7.34709485710794e-05,6.777804021568408e-06,0.9637254074283941,2.8740762823703498e-06,0.0024974912241337815,0.010142328817528228,3.357788022087891e-05,4.9043560468876595e-05,1.1088993688825811e-05
61,3.350344805123406e-06,3.0963357991605674e-05,0.0003834782131277132,1.1007898223328034e-05,6.001344108766289e-07,0.00019061855379274358,0.0009940064382861517,0.015787850057197406,9.443989561434019e-05,0.0007787274645168255,3.137787656300982e-05,0.001096792276428683,1.5436578154525464e-05,2.7977815249950223e-06,0.00015061928896715744,0.0017946813134999916,5.724559730885846e-05,5.853727336328138e-06,0.9677124058444113,2.6541415671233198e-06,0.0022246641733829836,0.008532972012746179,3.0788061750308586e-05,5.7886282685475716e-05,8.782685707164147e-06
62,3.4306751907551896e-06,3.4419731982556725e-05,0.00035689019958367745,1.2057980089806074e-05,6.921094376454328e-07,0.0002059662380429725,0.001085756986613426,0.017394754412001546,9.529617081836874e-05,0.0008766935705827576,3.3305808407181156e-05,0.0011735920868513213,1.5910409062567492e-05,3.894866554322022e-06,0.00017071119529950106,0.001994566826172041,7.34709485710794e-05,6.777804021568408e-06,0.9637254074283941,2.8740762823703498e-06,0.0024974912241337815,0.010142328817528228,3.357788022087891e-05,4.9043560468876595e-05,1.1088993688825811e-05
63,3.56321565434388e-06,4.0968579691387975e-05,0.00034189284565850606,1.1565342478918575e-05,6.8226873944525e-07,0.00019412376809631773,0.001016689220384761,0.01457766656969138,9.285702808787589e-05,0.0009313692541508913,2.988553660527057e-05,0.0010747714518616828,1.4150208391987275e-05,3.699778685177255e-06,0.0001607707657265145,0.0017435324809798685,6.805361004262568e-05,6.285507789714903e-06,0.9678524714660789,2.8302257800061392e-06,0.002361272698727549,0.009377812461816395,3.4148035984795946e-05,4.791126333607688e-05,1.1026415559650595e-05
64,3.44322728018487e-06,3.735997357512476e-05,0.0003989126023730348,1.466449118245501e-05,6.882192795327591e-07,0.00023271093085519112,0.0011436419313653617,0.01635992872517116,0.00010881908417551018,0.001126814905935053,3.10179129912667e-05,0.0013975429082018027,1.9891703844056832e-05,4.322947798128991e-06,0.00018192337351441993,0.0020905795332552047,8.933717803601779e-05,8.46801605887464e-06,0.9603739349742808,3.4912935029325327e-06,0.003836715718991215,0.012427419892637983,4.008046304206254e-05,5.439674264121293e-05,1.3893250011381713e-05
65,3.554257481690768e-06,3.767207628803998e-05,0.00040485998690920717,1.3673667863025794e-05,7.40440654070109e-07,0.00022206716068361802,0.0012844480528282692,0.02038024487625979,9.396220746799745e-05,0.001136867395048228,3.310058028176532e-05,0.0012333398782374643,1.6132158700185887e-05,4.520404480099366e-06,0.00018938636227324265,0.002139334493294843,7.875837854092976e-05,7.606407202785548e-06,0.9588963622023545,3.2857922718830174e-06,0.0028604980458667778,0.010861141255378315,3.827593158467348e-05,4.701645202570468e-05,1.3151536022656996e-05
66,3.629842652248819e-06,2.816218164227746e-05,0.00038471198620597115,8.52359208151309e-06,7.608782706317366e-07,0.00022393381838901384,0.00092192351362496,0.012961797506983532,8.443392482874387e-05,0.0008551033122244727,2.6793027898608678e-05,0.0008194550526560385,1.809885390319443e-05,2.4670065448993727e-06,0.00013789251962850903,0.0018501627846505375,7.612906672864823e-05,5.790897029946868e-06,0.9717458189953913,3.128806967045091e-06,0.0025364094064802625,0.0072058847257515605,3.1961886806180634e-05,5.736876394153435e-05,9.657648718593042e-06
67,3.7302212277947785e-06,3.42458716087461e-05,0.0004350237658198689,2.02252847665651e-05,8.15113385436258e-07,0.0003668796269328399,0.0009874370775624713,0.019305140595822008,0.00010509340578822312,0.0011559505078865275,4.095834166521395e-05,0.0013361879616948453,2.8970123267552028e-05,6.564274031211787e-06,0.00016542842269051997,0.0027804649348171155,0.00013993120989185158,1.0106117937299019e-05,0.9568724308427976,4.980116703246421e-06,0.0038453490186795454,0.012213482296358286,5.419392695722588e-05,7.139800682750385e-05,1.5012934880377949e-05
68,3.539643031301974e-06,3.508721804414464e-05,0.000388072577414106,1.3339829831354157e-05,6.470891412515246e-07,0.0002079356836447758,0.0010903876064448318,0.018011803371321286,9.717594272504979e-05,0.0009223474558388799,3.2428456152589885e-05,0.0012576033049719695,1.6788495856574126e-05,3.9830633656188465e-06,0.00015634317035946704,0.001948015706538258,7.521892056747313e-05,7.168223756237721e-06,0.962598502365051,2.963240715242642e-06,0.0027246974560064282,0.010307815677209054,3.504027720119737e-05,5.198245879523585e-05,1.1112766017043797e-05
69,3.57078678922157e-06,3.516588430223462e-05,0.0003545586940154338,1.1955490291709104e-05,6.911154620729396e-07,0.00020580601661161993,0.0011033925813861915,0.01700314446378027,9.532321817763055e-05,0.0008993840774188981,3.205337500311288e-05,0.0011873608889517529,1.5812757292059286e-05,4.047547647941129e-06,0.00017193851434351342,0.0019647853835806574,7.666841084839593e-05,7.035233093216084e-06,0.9637488982587505,2.8023406979820995e-06,0.0025211458045522,0.010463089436102389,3.299315216545085e-05,4.6539588156275476e-05,1.18369805790904e-05
70,5.655251185482539e-06,4.0227085597683644e-05,0.0006305587657830986,2.0760739243492807e-05,1.0443721922820828e-06,0.00025080819323945627,0.001919409618245951,0.03712902787162904,0.00012254760749667694,0.0013617750678954468,4.235448893531908e-05,0.002019273867857286,2.8897317521751362e-05,7.192499559548751e-06,0.0002548225113650671,0.0037675494295895634,0.00011410424863715419,1.1760494891113513e-05,0.9356546501748724,5.247078184702151e-06,0.0030654058934856294,0.013434786262711995,4.138459534999689e-05,5.118259374156502e-05,1.9573970788186462e-05
71,7.5148324416158386e-06,0.00011719371099837027,0.0004393331726301367,2.3973719146543018e-05,4.5945929668084905e-06,0.00019495613825705444,0.0034985436110118186,0.023847374323131585,0.00015776456147629904,0.003021109271379408,3.716959167578045e-05,0.002832076559195749,6.232866244532543e-05,1.0743044807025839e-05,0.00022800236514914512,0.005386015118327669,0.0001445766500262125,8.270286333029553e-06,0.947093482899207,2.48221393029511e-05,0.004031221263467542,0.008561236514970401,0.00014107733906865329,9.2562675065463e-05,3.4056957518222995e-05
