,0,1,2,3,4,5,6,7,8,9,10,11,12,13,14,15,16,17,18,19,20,21,22,23,24
0,2.8621380099797823e-06,0.00018952856357010067,9.803384275034792e-05,8.736916299680912e-06,2.7682311901054323e-07,6.0591939260138555e-05,0.0007387204021852099,0.004488447689795107,3.940530732177878e-05,0.0005913083206828208,3.858914594867693e-05,0.0011344457716549149,1.1181316748419042e-06,1.0368540399816302e-05,7.95987507708381e-05,0.000152044502664222,1.6217568020252342e-05,2.756737261927977e-06,0.982315228284613,5.46841794779746e-07,0.0009490674240784125,0.009002293513183745,4.38006138338079e-05,2.669924413638296e-05,9.312986970172314e-06
1,2.448703146846343e-06,0.00016691829209464454,0.00010760430446247788,6.167390854580266e-06,1.712650692187087e-07,5.2540836296613444e-05,0.000627303479098309,0.003721553984579893,3.751765387199036e-05,0.0006269759945871142,2.1949585425956802e-05,0.0008239804929713349,7.879189402282561e-07,5.356550982091896e-06,6.697697639461133e-05,0.00014621036071254295,7.155464637499467e-06,1.8705843061849464e-06,0.9874100179336784,3.955889594147972e-07,0.0006607278492365253,0.005450495863736531,2.5935298650876857e-05,2.290686770225644e-05,6.030759603766802e-06
2,4.385472814534657e-06,0.0002750578605312161,0.00011689235808670382,8.85075521886142e-06,5.630549395022308e-07,5.9420138218416e-05,0.0013940951725412477,0.005715208411470771,4.4886555932875205e-05,0.0008524891549728787,4.367466205259781e-05,0.001548853807769301,1.4120123414611258e-06,1.6254320209259292e-05,0.00013247563573669816,0.00020012793786534984,1.831377122893303e-05,3.2270970820312087e-06,0.979113415940712,8.180531097021771e-07,0.0010039696928713974,0.009346250490070318,5.774487775620052e-05,2.3976897586405398e-05,1.763586888155674e-05
3,3.1341844058066884e-06,0.00021853515706637047,0.0001081497956798633,1.0456552656844741e-05,2.887671678509712e-07,6.260219087557143e-05,0.0008513470126634734,0.004864545711001361,4.02716749137086e-05,0.0006974742515575837,4.0135252752614995e-05,0.0013181685479878857,1.174187992799212e-06,1.2461697056986964e-05,8.228274911902507e-05,0.00015352413327894175,1.743088790600337e-05,3.0826127235083477e-06,0.9805473187911095,5.946415489684084e-07,0.0010436481231538854,0.00983399304521349,5.071266030085028e-05,2.7642703799167028e-05,1.10246680679962e-05
4,3.5969061534100177e-06,0.00022638975814956262,0.00011198838293363803,1.181022165040698e-05,3.0869436967115636e-07,6.374411086117174e-05,0.0008672606558968549,0.0045918786831131665,4.53886842155491e-05,0.0006887090364698032,4.179298701828241e-05,0.0016475283217184816,1.6199604235774567e-06,1.4237046155661185e-05,8.177265546277916e-05,0.00015791062130160208,2.1425423983160042e-05,3.6203286155517653e-06,0.9790830619865815,6.715799741631971e-07,0.0012088318406422017,0.011028391790533412,5.422363903918284e-05,3.09036010795027e-05,1.2933083657662759e-05
5,3.7218204357011127e-06,0.00024647235766751867,0.00011092064907198044,1.6617993741484355e-05,2.559724604975919e-07,6.885676615026219e-05,0.0008551052791964846,0.0050535284507919,4.5005828656955994e-05,0.0008646248281862171,4.35005881255413e-05,0.0018506563982301238,1.5690371750823759e-06,1.745475466938655e-05,8.028820465103635e-05,0.00016132264682675813,2.4055088085685636e-05,5.0627548448801055e-06,0.9750683049029043,7.245195098454345e-07,0.001355768033463472,0.014017123948538154,5.9991288335132146e-05,3.498712576953945e-05,1.4080762512167928e-05
6,3.1341844058066884e-06,0.00021853515706637047,0.0001081497956798633,1.0456552656844741e-05,2.887671678509712e-07,6.260219087557143e-05,0.0008513470126634734,0.004864545711001361,4.02716749137086e-05,0.0006974742515575837,4.0135252752614995e-05,0.0013181685479878857,1.174187992799212e-06,1.2461697056986964e-05,8.228274911902507e-05,0.00015352413327894175,1.743088790600337e-05,3.0826127235083477e-06,0.9805473187911095,5.946415489684084e-07,0.0010436481231538854,0.00983399304521349,5.071266030085028e-05,2.7642703799167028e-05,1.10246680679962e-05
7,3.0507700724474544e-06,0.0002226551802997493,0.00010549779937213389,1.1031165368527411e-05,2.9567285423767975e-07,6.389095393394556e-05,0.0008623603017652894,0.004950655621313926,4.183353643554202e-05,0.0007063067715212567,4.187390436286152e-05,0.0013701794663311044,1.1889850178150642e-06,1.3137994190197408e-05,8.710227116194383e-05,0.00016055487318379516,1.8256108913731267e-05,3.1932813014935032e-06,0.9795067207927655,6.11442605192483e-07,0.001096203243042695,0.010641480633456159,5.265631407826546e-05,2.784292523526354e-05,1.1419991416933104e-05
8,7.140340609088984e-06,0.0006020820477773663,0.0002881535854306326,2.7634528762428374e-05,5.542271182898778e-07,9.697553295014015e-05,0.002158139787877922,0.008051698357070878,5.3503651059810894e-05,0.0020434880017469524,4.5341721702899054e-05,0.0023518270903119328,1.789841441781896e-06,3.225731627112948e-05,7.993016416857567e-05,0.00020569432424593793,1.8815390547258987e-05,4.3169920066695e-06,0.9749467870394283,1.2678261853275677e-06,0.001283656847243697,0.007508864959493732,0.00012492305965816988,4.051219857800299e-05,2.4645168313094855e-05
9,4.426013711544039e-06,0.0004943827290305792,0.00028625427559716813,3.5187205428814e-05,3.048495025500418e-07,0.00010122101886084158,0.0015756988380458297,0.006132845096396203,6.918708675442798e-05,0.002043362563897906,3.6988870566389714e-05,0.0028390787615631924,2.0234992116685732e-06,2.0326838587054426e-05,9.412373876969294e-05,0.00024211385892942166,1.6769696594528508e-05,4.50476830641377e-06,0.9729139842173341,1.3079665777895378e-06,0.0020675499444844595,0.010838454139032025,0.00010738358739869879,5.1670869474761644e-05,2.084956594373922e-05
10,3.1341844058066884e-06,0.00021853515706637047,0.0001081497956798633,1.0456552656844741e-05,2.887671678509712e-07,6.260219087557143e-05,0.0008513470126634734,0.004864545711001361,4.02716749137086e-05,0.0006974742515575837,4.0135252752614995e-05,0.0013181685479878857,1.174187992799212e-06,1.2461697056986964e-05,8.228274911902507e-05,0.00015352413327894175,1.743088790600337e-05,3.0826127235083477e-06,0.9805473187911095,5.946415489684084e-07,0.0010436481231538854,0.00983399304521349,5.071266030085028e-05,2.7642703799167028e-05,1.10246680679962e-05
11,3.432639291167849e-06,0.00021918724972538168,0.00011557615801332574,1.0991021700471832e-05,3.0848827074710413e-07,6.318254968506325e-05,0.0008809386875142139,0.0047772559165341,4.270645674145058e-05,0.0006973575790448898,4.112539163239829e-05,0.0014677251149061686,1.4473532176636697e-06,1.2681433611969385e-05,8.231156621401405e-05,0.00015732205217868636,1.9117470732141445e-05,3.2762091133475533e-06,0.9802302971701815,6.585996034522104e-07,0.0011002491332124688,0.0099771756647136,5.3410765599553635e-05,3.0418956884201747e-05,1.1846371677954185e-05
12,1.3169325253655637e-05,0.0010064811180642672,0.00012103005529335766,3.555467914453306e-05,1.7427960726677353e-06,0.0002012177441588707,0.0014665144973326576,0.005002783202913676,6.3381155039126e-05,0.002602806055432016,5.9101255499028336e-05,0.002162732362706089,4.329259457946211e-06,0.00017156008938643629,9.132114756102696e-05,0.00019767067303687726,0.00024992923421838863,1.850634111557689e-05,0.9607040855718108,3.0586667371429385e-06,0.003625111040826674,0.021826129957602042,0.00023616844135183483,3.323638255480643e-05,0.00010237894743056147
13,2.8280716385553935e-06,0.00018945878459278542,0.00011978598719100324,2.4859237644718727e-05,4.4379357759442875e-07,5.163343769394447e-05,0.0016589879057392174,0.01827248040659454,5.045332454751246e-05,0.000338977072119789,0.0002508543523879482,0.006124510990181357,2.2973614454116157e-06,5.6497005892090755e-05,0.00016043342499665362,0.00017097286633020056,3.490401147923312e-05,5.344181792058898e-06,0.9390915321418654,7.249903746486824e-07,0.0016206028348685895,0.031616532931657185,0.00010367712415587017,3.447690854750319e-05,1.6730852686178448e-05
14,3.1982085326582125e-06,0.0001497671363971048,0.00017815648440898816,1.3283425492207106e-05,2.3798394074418538e-07,7.871283288709747e-05,0.0008546899530828975,0.005812895014975382,4.881484795320745e-05,0.000643830628768516,4.170809509463327e-05,0.001880270229073019,2.0221262805951488e-06,1.132560662107079e-05,0.00010362287337113812,0.0001952975061724544,2.4412166504939603e-05,3.811293168375082e-06,0.9746097170180487,6.972968170881919e-07,0.001676935575512724,0.013563373764584226,5.5944508403561083e-05,3.346074335236917e-05,1.381468055621602e-05
15,3.1341844058066884e-06,0.00021853515706637047,0.0001081497956798633,1.0456552656844741e-05,2.887671678509712e-07,6.260219087557143e-05,0.0008513470126634734,0.004864545711001361,4.02716749137086e-05,0.0006974742515575837,4.0135252752614995e-05,0.0013181685479878857,1.174187992799212e-06,1.2461697056986964e-05,8.228274911902507e-05,0.00015352413327894175,1.743088790600337e-05,3.0826127235083477e-06,0.9805473187911095,5.946415489684084e-07,0.0010436481231538854,0.00983399304521349,5.071266030085028e-05,2.7642703799167028e-05,1.10246680679962e-05
16,2.6753756101991507e-06,0.0002336911785804577,8.636707320908545e-05,1.1684731542768035e-05,2.4882833223782655e-07,4.626208378906906e-05,0.001100290727571373,0.005515233208369686,4.3401013502710316e-05,0.0010665576699318586,3.446689737555649e-05,0.002125537083573954,1.2746471161859539e-06,1.4876850289404686e-05,0.0001064449386074566,0.00016280442419478158,1.8674686845787413e-05,4.602879764536473e-06,0.9694948883700818,6.362322555461075e-07,0.001740099384314909,0.018099802647373466,5.161819093062506e-05,2.272182606327299e-05,1.5139050773153375e-05
17,4.625495821726491e-06,0.000344868819850214,0.00012035214398592106,2.9982978975746292e-05,6.878275520143519e-07,7.035175252716782e-05,0.0017074756757444766,0.009644774454464839,5.09419555242744e-05,0.0011388976453320734,9.080718981762267e-05,0.0041848320621420305,3.6494873678314166e-06,5.444730529984504e-05,0.00011345728738174848,0.00022538200684503552,8.152187054878906e-05,7.771379667863435e-06,0.9482827099869788,1.724672831415038e-06,0.0025860906207738066,0.031005050761056724,0.0001775783764749635,3.912582200191506e-05,3.2892421033055225e-05
18,6.663621301275466e-06,0.00035801103453244975,0.00012769117499205937,1.9188560170526555e-05,6.846083199764806e-07,7.828553558211634e-05,0.0017731129246373472,0.00609189164353056,4.6156904836435924e-05,0.0016059318973214794,5.000306466276889e-05,0.003157120443391283,3.257773507041069e-06,4.549114148823059e-05,0.00011975471873659691,0.00019424531106742538,8.580494774315648e-05,1.0147624087816081e-05,0.956828878961446,1.4696024633977758e-06,0.0031268058850526482,0.026067613751985123,0.00012216598086133227,2.8970416076383764e-05,5.0652472206492836e-05
19,3.981966964670077e-06,0.00029184016746839286,0.00019521336078031485,1.9283768533637403e-05,3.1546995891568323e-07,5.5166696876644945e-05,0.0017837920889500027,0.0068570288227510715,6.818165754434555e-05,0.0010087056298469306,4.2510937269220546e-05,0.0033828475591383906,2.0167356300019956e-06,1.4274297554112286e-05,0.0001305527174529881,0.0002123562407742878,1.87633120784528e-05,4.433404614111536e-06,0.9676724926998057,7.68778909942716e-07,0.001779575338348171,0.016344185747871463,6.0330876070511735e-05,3.2237036606974596e-05,1.91446882007405e-05
20,2.0976038073305626e-06,0.0001404139731557405,0.00011186982128566144,1.1094929246230323e-05,1.8876956806360962e-07,4.8843249872355594e-05,0.0009100862403066506,0.009044595697857934,4.2133154746447947e-05,0.0006063602115850736,5.20480747803388e-05,0.001673833284214276,9.375277807747369e-07,1.0227278046955217e-05,0.00016921042692708232,0.00019276268688675404,1.501270386063604e-05,3.695482015694878e-06,0.9653885269277998,4.7323275084678543e-07,0.0011353354036654024,0.02036975267776731,3.944217764663405e-05,2.1085738491641065e-05,9.972725934794209e-06
21,3.814814910568341e-06,0.0003193877440823382,0.00011826978591954226,1.6036663765532312e-05,2.419933611755297e-07,6.262509461996162e-05,0.0009411492307839762,0.006066510162653618,6.620754582934294e-05,0.00090228224012063,3.8494802795860964e-05,0.002174970727343494,1.3357855956402283e-06,1.9483246691486245e-05,8.552176262039524e-05,0.00023356224120298959,1.0678113610995596e-05,4.348894595679239e-06,0.9775942098716949,6.627135114203117e-07,0.0010268112561281286,0.010235500166879316,3.681604630038311e-05,3.0379122380597408e-05,1.0699972601867529e-05
22,3.4775415702229865e-06,0.00015696961086446084,8.388163129481438e-05,8.46640872756646e-06,2.3818042733964858e-07,6.664190446015098e-05,0.0005238241530959583,0.004786266321551303,2.844155623337586e-05,0.0006049949877182045,4.42953043316256e-05,0.0008738313111917769,1.0299254705554018e-06,1.3009860022985367e-05,7.437913192671456e-05,0.000128252962555511,3.23143064445949e-05,4.987869349426684e-06,0.9771974473470878,5.169225945185968e-07,0.0011034231275829816,0.014188357505197959,4.0273519354966224e-05,2.4291405290799678e-05,1.0387205654406742e-05
23,3.1341844058066884e-06,0.00021853515706637047,0.0001081497956798633,1.0456552656844741e-05,2.887671678509712e-07,6.260219087557143e-05,0.0008513470126634734,0.004864545711001361,4.02716749137086e-05,0.0006974742515575837,4.0135252752614995e-05,0.0013181685479878857,1.174187992799212e-06,1.2461697056986964e-05,8.228274911902507e-05,0.00015352413327894175,1.743088790600337e-05,3.0826127235083477e-06,0.9805473187911095,5.946415489684084e-07,0.0010436481231538854,0.00983399304521349,5.071266030085028e-05,2.7642703799167028e-05,1.10246680679962e-05
24,1.572705070240423e-06,6.370937381547927e-05,0.000172898630719505,3.35591457443477e-06,2.7852981396861325e-07,5.3507039925700185e-05,0.0011714585042775897,0.005298473363209393,3.764336944392951e-05,0.00031098158105324306,3.888447304322098e-05,0.0009876645540294177,8.652835357029029e-07,2.502696744199735e-06,0.0002411653356877894,0.0001635137583449894,1.0933900101633183e-05,1.3683521754192766e-06,0.9804253596816889,2.874612571601165e-07,0.0015390679775958557,0.00941904159226664,2.848083134555872e-05,1.7121441041249373e-05,9.863649238724624e-06
25,2.350900071488239e-06,0.00019557718438568776,8.595951590505898e-05,1.7601652078100378e-05,3.1961934594275943e-07,6.038942589571948e-05,0.0010343990136630259,0.01673931193405566,3.88253415371586e-05,0.0005011878360880997,0.00012347356468386103,0.0017284106539168617,9.168357112032646e-07,3.2286591737075e-05,8.45103515200156e-05,0.00018246334767306325,1.758388572853283e-05,4.116792238610646e-06,0.9640137358801897,5.591636315218789e-07,0.0007852827041418022,0.014261102253030188,5.578345068266066e-05,2.69794583349073e-05,6.872643754066014e-06
26,4.3639436367605316e-06,0.00015241958200023858,9.585125070533625e-05,6.5456593278923325e-06,2.431673692253626e-07,7.039652724760133e-05,0.00031906553777867564,0.0017256672013142007,3.0320108957514365e-05,0.00042148098243519674,2.8156950452652393e-05,0.0005707681364719768,1.551677568284082e-06,5.24123509840548e-06,2.231210498625112e-05,8.682737146359587e-05,1.9923383966675595e-05,2.4528758163708e-06,0.9915124592971102,5.843436945505399e-07,0.0007364312633448749,0.004072544728141214,4.747804772018186e-05,6.167975001976609e-05,5.234873372337986e-06
27,2.3111463078803206e-06,0.00016128776541424937,8.355573144641365e-05,9.669030620170274e-06,2.052760698661547e-07,5.556325488774604e-05,0.0006476503071727315,0.005365699937214864,3.736175391026394e-05,0.0005746716212822007,4.3130858757447e-05,0.001165507878281906,9.400385651590278e-07,1.0569011207544837e-05,9.365936120792676e-05,0.00015583700097158276,1.6513754898787723e-05,3.2020860388480966e-06,0.9770098560541552,4.899289589015538e-07,0.0009463675974479502,0.013541044816452326,4.1270759294408194e-05,2.525533478711735e-05,8.379694648409737e-06
28,3.1341844058066884e-06,0.00021853515706637047,0.0001081497956798633,1.0456552656844741e-05,2.887671678509712e-07,6.260219087557143e-05,0.0008513470126634734,0.004864545711001361,4.02716749137086e-05,0.0006974742515575837,4.0135252752614995e-05,0.0013181685479878857,1.174187992799212e-06,1.2461697056986964e-05,8.228274911902507e-05,0.00015352413327894175,1.743088790600337e-05,3.0826127235083477e-06,0.9805473187911095,5.946415489684084e-07,0.0010436481231538854,0.00983399304521349,5.071266030085028e-05,2.7642703799167028e-05,1.10246680679962e-05
29,3.1341844058066884e-06,0.00021853515706637047,0.0001081497956798633,1.0456552656844741e-05,2.887671678509712e-07,6.260219087557143e-05,0.0008513470126634734,0.004864545711001361,4.02716749137086e-05,0.0006974742515575837,4.0135252752614995e-05,0.0013181685479878857,1.174187992799212e-06,1.2461697056986964e-05,8.228274911902507e-05,0.00015352413327894175,1.743088790600337e-05,3.0826127235083477e-06,0.9805473187911095,5.946415489684084e-07,0.0010436481231538854,0.00983399304521349,5.071266030085028e-05,2.7642703799167028e-05,1.10246680679962e-05
30,3.1341844058066884e-06,0.00021853515706637047,0.0001081497956798633,1.0456552656844741e-05,2.887671678509712e-07,6.260219087557143e-05,0.0008513470126634734,0.004864545711001361,4.02716749137086e-05,0.0006974742515575837,4.0135252752614995e-05,0.0013181685479878857,1.174187992799212e-06,1.2461697056986964e-05,8.228274911902507e-05,0.00015352413327894175,1.743088790600337e-05,3.0826127235083477e-06,0.9805473187911095,5.946415489684084e-07,0.0010436481231538854,0.00983399304521349,5.071266030085028e-05,2.7642703799167028e-05,1.10246680679962e-05
31,2.4644788882684865e-06,0.00021763581646664132,8.638962206670514e-05,1.2748643939795843e-05,3.5484533163412913e-07,8.187706628009589e-05,0.0007963289832767798,0.003431152198653839,6.0123313216248314e-05,0.0005805146609172101,5.437091953501944e-05,0.0017275951278840351,1.5725741701649488e-06,1.4288216002605845e-05,0.00012181810773829136,0.00022253461202424303,2.3531960944658775e-05,3.402678606627735e-06,0.9758702440941454,7.046536506217283e-07,0.0015242296983773516,0.015056205571056164,5.906211121517953e-05,3.721141276602122e-05,1.3638632846357612e-05
32,2.8534413344283093e-06,0.0001857592678972709,9.066244931182765e-05,7.808379686701627e-06,2.3432453356871852e-07,5.447825147182843e-05,0.0006752913399451149,0.004068250111752256,3.527745915932437e-05,0.0005825699328147409,3.386512521882632e-05,0.0010466404031636374,9.767210150194464e-07,9.377377005610084e-06,7.013907597380251e-05,0.00012788473365778834,1.4169384644475402e-05,2.6363526876571805e-06,0.9836780935331876,4.68714870499424e-07,0.0008421947523395781,0.008397266671601717,3.953476925596902e-05,2.5040096865096345e-05,8.527330605704872e-06
33,1.854806199618571e-06,0.00014223455558112888,3.760273178694858e-05,1.3966711800525683e-05,2.709265919688604e-07,7.521023191344622e-05,0.0003239421605578897,0.00707051366880459,2.1591531509762388e-05,0.0006731516160117314,6.426139968818355e-05,0.0007914498088984779,1.913559872769027e-06,2.9453663351429007e-05,2.7573663875781732e-05,0.0001797796426474355,5.6338881712642895e-05,4.460719726285431e-06,0.9741503725969113,1.098077786212703e-06,0.0008173445122987721,0.015384973758510436,8.702416619722284e-05,3.853483415382163e-05,5.081773611595599e-06
34,3.0445106980906087e-06,0.0001914301632413579,9.610529658691264e-05,7.746864137472988e-06,2.403424711925369e-07,5.3798256125438785e-05,0.0006898915673958094,0.003984493348915166,3.7584689595658454e-05,0.0005297335308856747,3.4561658214035105e-05,0.001088471657793971,9.88756962704368e-07,9.273021782104507e-06,6.863954990793526e-05,0.00012431076736130209,1.3454547490054354e-05,2.5478105128515815e-06,0.9843471361803163,4.4477016286556765e-07,0.0008285417826738901,0.00781646501132507,3.738830816135291e-05,2.52950829841568e-05,8.412524298358052e-06
35,4.431661775187964e-06,0.0001901068092010055,0.00010417348417810182,8.651414256648494e-06,1.6840789907126463e-07,3.424695031508408e-05,0.0009153195113184205,0.006209548525766234,3.5556617666624244e-05,0.0006627860382831182,2.647871622224995e-05,0.0014041896947483527,8.110292870659958e-07,9.065099953819105e-06,5.3804419792057624e-05,9.799412013992269e-05,1.2317575688979696e-05,4.41667182561646e-06,0.9791630546483974,3.2270454722122386e-07,0.0008676635536016549,0.01014007716025926,2.596264226822024e-05,2.0493521636912605e-05,8.35902097174272e-06
36,7.490763909003979e-06,0.0011861374933210083,0.0004760697698458512,3.550185509963324e-05,1.876521983015925e-06,0.0010122170489967532,0.0010670554215509787,0.0010648026329708922,6.494056088276485e-05,0.004919615136948353,8.582548862470748e-05,0.00019727890771864214,5.866123251215266e-07,2.0925215998211566e-05,4.594392134388243e-05,9.117203654573124e-05,3.202388394801529e-05,5.257187789887717e-06,0.9821186093893997,2.01320391677808e-06,0.003907878544140138,0.002458879632360488,0.0009379470145625432,0.0002305778480810315,2.937390773721353e-05
37,4.268189341960596e-06,0.00022988453751989445,0.0001158401005724903,9.789055709762789e-06,2.2147117442370706e-07,4.707198122329139e-05,0.000781371049190604,0.003620331635754441,3.562542957604547e-05,0.0006998514742690037,2.80301554762189e-05,0.0013170325231599367,1.2663357120669427e-06,8.866970106977787e-06,4.430907901448686e-05,0.00010124565499121392,1.4840138494868768e-05,3.168239353855274e-06,0.9844582966812577,5.227126033391386e-07,0.000944751129641493,0.007444672384308399,4.441011365983556e-05,3.530795200345292e-05,9.025005884048734e-06
38,3.408411112090556e-06,0.00016106386693720797,0.00010898517460072177,3.1382175736132726e-06,2.42674754165893e-07,7.110687870935426e-05,0.0006356731035123418,0.0021850746723238983,3.73276322987692e-05,0.0004702103129624162,1.8581279142903295e-05,0.0004692057267759434,5.780227281254987e-07,3.982649156906662e-06,7.609570711718731e-05,0.00012836888823677573,4.421439316560247e-06,1.351429117187209e-06,0.9926960457600723,2.408149837459806e-07,0.00039810455438964,0.002484616377757396,1.6211836635859453e-05,1.9675135956819052e-05,6.289433828079499e-06
39,3.1451683624143628e-06,0.00022021212878901777,0.00010803541358982219,1.0488854484213292e-05,2.897349632054989e-07,6.245026247376718e-05,0.0008540704779161157,0.004860320120267886,4.03387034550402e-05,0.0006985094241207039,4.0212737489351076e-05,0.001323532538119148,1.1730569811754774e-06,1.253769260007075e-05,8.225401813488959e-05,0.00015331782185889939,1.7416181704429234e-05,3.0836124969304627e-06,0.9805368340282054,5.955790377376475e-07,0.0010422295517925485,0.009839358799957702,5.086881593373205e-05,2.766870423453196e-05,1.1056573031114722e-05
40,1.905802040505932e-06,0.00017955207185349747,3.68232086315131e-05,2.4806241380297328e-05,2.6983349569757975e-07,7.69880046041471e-05,0.00042341809319965465,0.00946322036108546,2.287378669102046e-05,0.0011746267208196657,5.552852013645321e-05,0.0005658018555988138,1.0167993608091667e-06,1.814033483427749e-05,3.0194752467831404e-05,0.0002338499571357703,5.365660746652874e-05,6.662762029477216e-06,0.9721804364188678,1.4244656590117104e-06,0.0010686914815780952,0.014247563660303397,8.18052044829629e-05,4.587480739183986e-05,4.868248885607332e-06
41,1.0529092678174915e-05,0.00040953189887687265,0.0003343181499699571,9.520581568768565e-06,2.5233743163148712e-06,0.00011379819951510272,0.00311671928203715,0.007133546312080363,0.0001903347655856084,0.0005437020796507433,6.445608484819261e-05,0.001927760446908064,3.4925043148226174e-06,1.2126279855011771e-05,0.00033150071351868774,0.0005824217447817683,1.4997177484492419e-05,2.9605556458421888e-06,0.9795549327633286,1.161272053650277e-06,0.0008959663000034312,0.00464364855817062,3.987052760526214e-05,3.513098907922693e-05,2.5050346123160477e-05
42,4.4459813043522125e-05,0.002893143780940391,0.0004620753899220701,4.0329229428091854e-05,6.988094619019343e-06,0.00020711107914910502,0.006853598789437871,0.005085914516977047,0.00013370539735772877,0.0023071568828569216,0.00015600862030668502,0.0035135622659563954,3.5344536614288296e-06,0.00019619091611420915,0.0001142372673545532,0.00013050290361611328,6.806109866826634e-05,1.1658715731398513e-05,0.9692268656330632,2.592396591911367e-06,0.0017965531104415168,0.006099311260783395,0.0004209002215716,7.07851446217007e-05,0.00015475301778596732
43,4.169920128797394e-06,0.0002725896278258064,0.0001243271430445929,1.1947513108187664e-05,3.743531203477524e-07,5.4525892307453496e-05,0.0010996183769768281,0.0052348894853039805,5.0183716238839075e-05,0.0005113671874403601,5.337765531161806e-05,0.0019373152134378065,1.3434012581912192e-06,1.5140807580573321e-05,9.239494477168371e-05,0.00015100831315471543,1.675687169181145e-05,2.8948030509420443e-06,0.980043596372213,5.654915432827339e-07,0.000893203277448251,0.009334620785519524,5.186233714635455e-05,2.9058195041617804e-05,1.2868315335244046e-05
44,3.1341844058066884e-06,0.00021853515706637047,0.0001081497956798633,1.0456552656844741e-05,2.887671678509712e-07,6.260219087557143e-05,0.0008513470126634734,0.004864545711001361,4.02716749137086e-05,0.0006974742515575837,4.0135252752614995e-05,0.0013181685479878857,1.174187992799212e-06,1.2461697056986964e-05,8.228274911902507e-05,0.00015352413327894175,1.743088790600337e-05,3.0826127235083477e-06,0.9805473187911095,5.946415489684084e-07,0.0010436481231538854,0.00983399304521349,5.071266030085028e-05,2.7642703799167028e-05,1.10246680679962e-05
45,2.2825152545466745e-06,0.00011116675855940374,0.00012950181676642052,7.837178369551295e-06,2.1897390364143826e-07,6.36144968939436e-05,0.0008382648601817619,0.009537234516207638,4.6178629456155626e-05,0.0004292433708653444,5.116918808967189e-05,0.0010353887049250042,7.997293894358823e-07,6.501880135209207e-06,0.0001874559726396881,0.0002847969296120302,8.050769110870054e-06,2.5354132809581258e-06,0.9774135906970546,3.6858578084720133e-07,0.000586077564629148,0.009208861081760325,2.1780023369052307e-05,2.050249641031348e-05,6.577847354378179e-06
46,2.394662546521675e-06,0.00010664547388179906,7.612296112091347e-05,1.9552349192694645e-05,2.212547301503059e-07,0.00010730421263593375,0.0003236353435745962,0.004884498058863314,2.9775011366241873e-05,0.0006604112206639055,5.910373581607731e-05,0.0012221748347740415,3.4620741154608716e-06,1.864132981693398e-05,6.720995916307064e-05,0.0002043210891058347,0.00015022247422146308,7.785771602336377e-06,0.9547624495179361,1.255434403507588e-06,0.002318905334358979,0.034823330383926376,9.490752067265577e-05,4.176782560844395e-05,1.3902165902626403e-05
47,3.72116277466702e-06,0.00016328596346126917,9.574452835675334e-05,7.124089667691955e-06,2.198325707073024e-07,3.838401592757388e-05,0.0007317798347285004,0.0029780870295006935,4.3384317805111346e-05,0.0005788243397594805,2.2380095856249624e-05,0.00182587471052981,2.0252804823414505e-06,6.743449062244028e-06,7.1716493648214e-05,0.00015175699486507337,1.8104433728555484e-05,3.0683709889341273e-06,0.9814531587467747,5.68407540632765e-07,0.0010750192554404923,0.010655422153430917,3.4220223837693214e-05,2.7403797891214997e-05,1.1982471370469156e-05
48,1.157452768385208e-05,0.0005887837589762448,0.0009235931752031495,9.88423117711933e-05,2.096317565395387e-06,0.0001670297670762491,0.011318486659704197,0.030744210618196797,0.00025738918983432384,0.002412576387095734,0.0001774575616579327,0.02059619261446717,8.884750417237098e-06,9.618338384832729e-05,0.0011261244736878368,0.0010781499881514023,7.383065373390775e-05,1.996481450400608e-05,0.8633285908377477,3.84841201350509e-06,0.01042748133867742,0.05606576888115019,0.00023443644294283066,5.475815974418387e-05,0.0001837449741494599
49,3.3696834573706516e-06,0.00022978418543731087,0.00015658486763900394,1.6139855879990082e-05,2.3955603101243694e-07,7.635736069264615e-05,0.0009571338745437332,0.0052895816206398015,4.679635919485462e-05,0.0009304849201900569,4.041780090586255e-05,0.0019635166721024802,1.6430231500703705e-06,1.5009510585026698e-05,9.23356038520184e-05,0.00016878201424291506,2.059203939268062e-05,4.136675387928712e-06,0.9752931898096486,7.280137698771462e-07,0.001571106087129242,0.013008686284642678,6.406219096096279e-05,3.428878814682744e-05,1.5033202377253878e-05
50,2.5711038364739914e-06,0.00017552767582295717,9.127310337261409e-05,1.1551661481141263e-05,2.0192438580450953e-07,8.055507979592138e-05,0.00034650964174872816,0.002815757872801128,6.081140871161709e-05,0.00030095708099711036,4.865499050087264e-05,0.0010198287309503545,1.1640983207927003e-06,8.186439615121405e-06,6.85723637307775e-05,0.00015951490692537795,1.7995375475419165e-05,2.8359143372702607e-06,0.9836559574251673,4.840395434008268e-07,0.0010595631538416553,0.009984964147063185,3.679196932357067e-05,4.3750585878861464e-05,6.019306372517082e-06
51,3.8128003113748114e-06,0.00046228745680291475,8.138336403356149e-05,1.818740315978741e-05,1.1354693427106326e-07,3.684824781928288e-05,0.0006173969735400082,0.005090799444377573,4.0391289382975705e-05,0.0007727396681508414,3.355201661206203e-05,0.001569715759107227,4.555242880561131e-07,2.058977469460427e-05,5.656190544130511e-05,8.073233708000152e-05,1.1478511836876538e-05,4.52057046402481e-06,0.9757153055326886,3.238728937193785e-07,0.0007420994385413448,0.014579821351183441,3.3404428159205316e-05,1.8580755803640676e-05,8.898026693269858e-06
52,3.455067211862745e-06,0.00012842872901274748,9.171184459451773e-05,7.398051708717011e-06,2.3728333539821284e-07,0.00011461885152216969,0.000499376519131528,0.00555769819049971,3.438947444600105e-05,0.0006131873704850796,4.9142532402588946e-05,0.0006166665391036245,7.77068038987968e-07,1.5249070230218084e-05,9.779239120839367e-05,0.0001838095420830198,1.748982547475349e-05,5.423441943727543e-06,0.9815133267824361,4.0867683595184934e-07,0.0007579885198933504,0.009629776490933552,2.8648436609040277e-05,2.3930958215827776e-05,9.068342643211091e-06
53,3.7885370687074415e-06,0.0003016662108273866,0.00023831807066888923,1.7499819885210108e-05,8.967577232548165e-07,5.445216367237383e-05,0.0056688978661802334,0.013759702652105755,7.176704429382206e-05,0.0012045746339013636,7.654612097362227e-05,0.004695955059546578,2.2797894967135344e-06,1.885430920925746e-05,0.000263466733462383,0.00031179128795976824,1.5237967379527718e-05,3.370406738485048e-06,0.9572559993767049,1.0261944969949126e-06,0.0017605279343439512,0.014115489252280861,9.814482386775586e-05,3.126398664397104e-05,2.8483000568234917e-05
54,6.000565999290026e-06,0.000647513397609722,0.00011757259959772252,1.3615126392715422e-05,4.3174110308659446e-07,6.8439917533894e-05,0.0013983748717821048,0.004102599492981487,4.897948341804698e-05,0.0017648543828963387,2.6994096381165113e-05,0.0018179363046402304,9.197708038403791e-07,2.8764221465033955e-05,0.00014523636474113804,0.00019932537704157386,1.4736491028889105e-05,3.936107602795646e-06,0.9789781908043816,8.276474706248371e-07,0.0009379920278741768,0.009565838761648076,6.132099043573857e-05,1.781554428112498e-05,3.178391088933212e-05
55,3.7400239963218687e-06,0.00020518985921727693,0.00012676332311318316,1.107280372715676e-05,2.4702245519945853e-07,5.3362232520720026e-05,0.0009302602255162781,0.004126679768797233,5.9591431882568695e-05,0.0005531249385223249,3.430197139942685e-05,0.002027031451424749,1.6204846735091248e-06,9.3146442821377e-06,8.10391640221685e-05,0.00016343612391934761,1.3428221236092626e-05,3.26558308062122e-06,0.9809546644864062,5.136597738781817e-07,0.001118039301460681,0.00944207062844271,3.725328867661227e-05,3.3091424110709475e-05,1.0897937342903085e-05
56,3.3616964581963846e-06,0.00021074136643778354,0.0001112994382992777,1.0472766125107611e-05,2.870889118852895e-07,6.132244308081659e-05,0.0008485099998592062,0.004596742141988161,4.2215533459168707e-05,0.0006706656468452119,3.917487576019148e-05,0.001461738353891233,1.4062546321293082e-06,1.223682896447773e-05,7.992233571941555e-05,0.0001518187231919931,1.8241588339095182e-05,3.2378700075213116e-06,0.9805800015146972,6.08093178141189e-07,0.0010829534939557157,0.009922548725759147,4.967947295036595e-05,2.9329525112027957e-05,1.1484222376713566e-05
57,7.746313363874186e-06,0.0006910158994529114,0.00030941776669426817,3.103458314880478e-05,1.0898187378871321e-06,0.0004342314757048962,0.0017933337277398192,0.010590538888446547,5.124697320376149e-05,0.0015937046077960204,0.0002773106826961587,0.00037321985402618077,1.9241081139774702e-07,6.573679314572332e-05,0.0001313346782743252,0.00014556926395198602,1.3358221652708056e-05,7.739901802597846e-06,0.9768368668209024,4.467017736525918e-07,0.0009334118265117687,0.005476463313715695,0.00016593820634621222,5.216195055945663e-05,1.6889319540816666e-05
58,3.044604198520817e-06,0.00018443003177580033,9.436174993112439e-05,8.884551806480836e-06,2.4112866646137887e-07,5.5752647470286035e-05,0.0006746262623736323,0.0037752201594562014,3.979319215055784e-05,0.000534081660178024,3.605333802030048e-05,0.0012409361156414647,1.2438562515212479e-06,9.152887679452884e-06,6.138019398472905e-05,0.00013382013693413606,1.4143235314026226e-05,2.6945950286704763e-06,0.9842010496562145,5.111731799248926e-07,0.0008891456138044507,0.007956218105552453,4.197098423923507e-05,3.310263813066826e-05,8.141482017332809e-06
59,2.90959439002319e-06,0.00018612860745886503,0.00011339953397843577,9.578531530922784e-06,2.409270595540884e-07,6.059250767481047e-05,0.000717169253610417,0.0041318541165996075,4.0994388759771066e-05,0.000589670652808572,3.689011887801803e-05,0.0012041896021884814,1.192414552056691e-06,8.506001126387958e-06,6.925760822582225e-05,0.00014421819981847727,1.3652552537299942e-05,2.6080181033362106e-06,0.9835485948508657,5.569876019920445e-07,0.0009648328997755643,0.008064949578821841,4.518473607214642e-05,3.459095323666863e-05,8.237364325383455e-06
60,3.1341844058066884e-06,0.00021853515706637047,0.0001081497956798633,1.0456552656844741e-05,2.887671678509712e-07,6.260219087557143e-05,0.0008513470126634734,0.004864545711001361,4.02716749137086e-05,0.0006974742515575837,4.0135252752614995e-05,0.0013181685479878857,1.174187992799212e-06,1.2461697056986964e-05,8.228274911902507e-05,0.00015352413327894175,1.743088790600337e-05,3.0826127235083477e-06,0.9805473187911095,5.946415489684084e-07,0.0010436481231538854,0.00983399304521349,5.071266030085028e-05,2.7642703799167028e-05,1.10246680679962e-05
61,3.0585778383563786e-06,0.00019321940946427315,0.00011538127448362661,9.808167431453943e-06,2.6085724236763636e-07,6.023474664513107e-05,0.0007934218871524098,0.0044439971653838966,4.1143838526233037e-05,0.0006289897288088319,3.849133122562931e-05,0.0012764111279932426,1.2307207841003028e-06,9.338599762434701e-06,7.58175012270213e-05,0.00014737429092327966,1.4492144318724752e-05,2.809521721559817e-06,0.9824396530574305,5.778048404321556e-07,0.0009964998057154768,0.008618159079144103,4.721464411785481e-05,3.3223937140235954e-05,9.190780678860453e-06
62,3.1341844058066884e-06,0.00021853515706637047,0.0001081497956798633,1.0456552656844741e-05,2.887671678509712e-07,6.260219087557143e-05,0.0008513470126634734,0.004864545711001361,4.02716749137086e-05,0.0006974742515575837,4.0135252752614995e-05,0.0013181685479878857,1.174187992799212e-06,1.2461697056986964e-05,8.228274911902507e-05,0.00015352413327894175,1.743088790600337e-05,3.0826127235083477e-06,0.9805473187911095,5.946415489684084e-07,0.0010436481231538854,0.00983399304521349,5.071266030085028e-05,2.7642703799167028e-05,1.10246680679962e-05
63,3.342213813141735e-06,0.00026028744757515765,0.00010517850931675658,1.0258536140491335e-05,2.853075959521671e-07,5.978046503160219e-05,0.0007934169733690013,0.004161747107203061,3.9958131658556615e-05,0.0007408261539000608,3.596397041636515e-05,0.001210496567435658,1.0575214964776193e-06,1.199158446579704e-05,7.703595161615104e-05,0.00013819523315367164,1.6472350749037454e-05,2.9349613207295365e-06,0.9821554064886463,5.926873064418913e-07,0.0009893612993915057,0.009096618220619761,5.0749234390023746e-05,2.7032932659202457e-05,1.101015072915135e-05
64,3.0952016778307645e-06,0.00022920296083747864,0.00012120378257515035,1.2931048781604026e-05,2.93396088203475e-07,7.206504697832949e-05,0.0008966867381197361,0.004713889533504502,4.5573063140177364e-05,0.0008754935116985697,3.9218833521778775e-05,0.0015594704198755656,1.4851858273900957e-06,1.3616055957279808e-05,8.933698599567812e-05,0.00016654626978926133,2.1472616211029503e-05,3.8213361480428535e-06,0.9773955902851583,7.438021546563141e-07,0.001585234084598272,0.012045031585723547,6.234385858166104e-05,3.2096698538686386e-05,1.3557698517351e-05
65,3.2686730303813024e-06,0.00023689034401923995,0.00012322919836345675,1.1779234120404894e-05,3.089154692867291e-07,6.734017100612865e-05,0.0010055057933337566,0.005730498169572542,3.971875121704855e-05,0.000888012916453414,4.0155038351792354e-05,0.0013856890493949361,1.195901527567288e-06,1.4334324799159279e-05,9.025706602198916e-05,0.00016534855667992007,1.8521337320932032e-05,3.428207478487771e-06,0.9785006079025866,6.741982007898905e-07,0.0011724372142121837,0.010403937417570194,5.7243134443053736e-05,2.675270780715527e-05,1.286577701951754e-05
66,3.1846544048601437e-06,0.00018012139354714885,0.0001130921366274845,7.490888692398633e-06,3.218811796208648e-07,6.860119254002719e-05,0.0007303335024942226,0.0036385966463379944,3.496586274170865e-05,0.0006951616741561987,3.320164419042159e-05,0.0009246203319469391,1.313876845053795e-06,8.178900245453367e-06,6.847959187033221e-05,0.00014154877064842785,1.8181538412684805e-05,2.6403155968401984e-06,0.9849899564074216,6.596336610560342e-07,0.0010869715527752042,0.007159622035141685,5.060083766993406e-05,3.237610166627573e-05,9.778629186513042e-06
67,3.229176958201507e-06,0.0002164603015327215,0.0001290881632340052,1.6769912224727083e-05,3.415442423537573e-07,0.00010989482515520025,0.0007770508077972752,0.005398847157957458,4.259914076130551e-05,0.000907383161367362,5.0864819743097275e-05,0.0014478579357611592,1.977521789554592e-06,2.0474768116375644e-05,8.229540665102757e-05,0.00020594961678627887,3.132896832113486e-05,4.3039307857057984e-06,0.9771294613088138,9.984112895731936e-07,0.0015490968726677948,0.011735143016474207,8.42737423356181e-05,3.983077012930251e-05,1.4478719104851108e-05
68,3.2001013636463688e-06,0.0002218814431791121,0.00011711449952162069,1.1423381908648395e-05,2.7071619800124027e-07,6.328830642344698e-05,0.0008550850072000739,0.005034684457443643,4.0936579685668366e-05,0.0007273398702026169,3.9434452830855796e-05,0.0013987705885103556,1.2190197299837174e-06,1.267773211391923e-05,7.65672887567544e-05,0.00015003400426057684,1.766957019947747e-05,3.2192685155365916e-06,0.9799786869855402,6.05177368649058e-07,0.001123601186117255,0.010029438828839507,5.276233418841273e-05,2.9099438792370423e-05,1.0989761109545664e-05
69,3.2672169247323076e-06,0.00022482569331560025,0.0001054938485247876,1.0301640944573025e-05,2.8619987437812274e-07,6.093997639405628e-05,0.0008577237129015967,0.004765446026911151,3.965505676667704e-05,0.0007120201544100452,3.8501317112081687e-05,0.0013330140904422886,1.1568639600673908e-06,1.3004258116413302e-05,8.13852914099141e-05,0.00014920713165889575,1.8059984535581975e-05,3.1852265371711117e-06,0.980369186418361,5.797963473531049e-07,0.0010311551345008262,0.010094379496902521,4.957605854342145e-05,2.6047904867687974e-05,1.1601499737316942e-05
70,8.399205007944626e-06,0.0003389495616879569,0.0003098373718043964,2.9005444073615002e-05,6.09367918193001e-07,8.851590693050151e-05,0.0025420610464589647,0.019653729953493678,6.673326838484065e-05,0.0017258213151845198,6.01239484453905e-05,0.003711786646733814,3.3009588733960527e-06,4.380676278604232e-05,0.0001785496465686608,0.0004748546956300608,3.944771842363577e-05,9.072969249068992e-06,0.9512783667137326,1.7056919164823702e-06,0.0015369212098453118,0.01776559725979374,7.197058779240691e-05,2.649851152636127e-05,3.4334237738573335e-05
71,6.809659583688599e-06,0.000693376268246475,0.00013862645615089552,1.882311783202064e-05,1.7220626542348645e-06,6.302545591133729e-05,0.0027334683313235196,0.005997564853263992,6.926662290871653e-05,0.0021130000980805015,4.303581366775604e-05,0.0031888098767166237,4.514264910889879e-06,3.369183505737127e-05,0.00010489114993647118,0.0003674103884812784,3.202379631661444e-05,3.6382212694575966e-06,0.9743272658092249,3.7811342859766183e-06,0.0016925213431200983,0.008099619931358904,0.00018204829208919555,4.741978216901078e-05,3.3645435440282045e-05
