,0,1,2,3,4,5,6,7,8,9,10,11,12,13,14,15,16,17,18,19,20,21,22,23,24
0,0.004154572403940047,4.367741534184526e-06,0.009691960224770457,2.2046926752295837e-06,5.436763366205101e-05,0.0002553647792038302,1.1347791059213695e-05,0.01632930682659351,3.763300782578634e-05,1.3920955133580507e-05,1.1880051503216734e-07,0.0005441151391203145,0.00016146157486429522,1.0303815553950181e-07,1.1396462512219263e-06,0.07424964738164237,0.013341802281525032,4.786053094466602e-05,0.8775944944895742,3.786987256419259e-08,0.00035595967785416,0.002869563191817209,7.614972981971138e-08,0.0002785565724945931,1.7599241054763494e-08
1,0.0025065170422041705,5.3728928268167565e-06,0.009224251741420423,1.0922832986826402e-06,5.608724541012194e-05,0.00019412304753426535,6.862181359711805e-06,0.008102886311625083,2.673045940020096e-05,9.17993135925823e-06,8.829213795581805e-08,0.0003907710148960523,8.109734825512903e-05,7.597645101509253e-08,1.001185782728921e-06,0.04364042992475641,0.00870814629781503,2.527414036360963e-05,0.923877606285503,1.987258494327639e-08,0.0002494334721151196,0.002717100105832545,4.30241373257925e-08,0.00017579349106618253,1.6431864030561314e-08
2,0.0036163365597144054,1.1668433009097752e-05,0.012385998174753728,1.6044417867147345e-06,9.156019762339178e-05,0.0001936032960141369,9.636073971134023e-06,0.014835021336667918,3.566420704052454e-05,1.4824925653991466e-05,2.9954856949921846e-07,0.0008657310256359662,0.00011438094197923412,2.491574673704132e-07,3.899817583582563e-06,0.03835210443330641,0.011777393486800609,5.285640756443637e-05,0.9128059876099933,4.656737687472803e-08,0.0004256817523634516,0.004162263387706014,9.083468766019939e-08,0.00024305222984500853,4.515288571583362e-08
3,0.002863133380499428,7.998644705561742e-06,0.008948597742874145,1.4799000304790438e-06,6.175646657063001e-05,0.0002583560840075638,1.035310267464906e-05,0.009161662401591228,2.3326640278900354e-05,1.0062521377772534e-05,1.3138640743907367e-07,0.0007086255740786311,9.104455680777512e-05,1.6933561786421346e-07,1.7509685237850305e-06,0.04786282795422433,0.013352954942942337,4.823952626620436e-05,0.9116876770085975,2.991930159226946e-08,0.00041169253859239737,0.004200143787382473,7.429772524295123e-08,0.00028788066751605823,3.065140597467608e-08
4,0.002899901174041693,7.09986098921676e-06,0.008745023543053477,1.41293237064753e-06,6.012460633566799e-05,0.0002443406741984373,9.900030688911761e-06,0.008729677714262741,2.054215323808965e-05,1.0028939606757562e-05,1.2240657613265273e-07,0.0006543765867050527,0.00010169514664473709,1.768033411339944e-07,1.5484436585510708e-06,0.04717029376895235,0.012858622257576996,4.758761024313995e-05,0.9142149648856839,3.1450746906575955e-08,0.0003738833110303697,0.0035467463723653876,6.995644969526411e-08,0.0003018012961830993,2.8075056662861412e-08
5,0.002763843953148982,8.908333208773434e-06,0.007475701571660392,1.90954747234919e-06,5.7712240843387245e-05,0.0003203297817850653,9.577636411145335e-06,0.009400652819275213,2.336785076471481e-05,1.0084509461184243e-05,1.432176288445332e-07,0.0006980538123673333,9.532203537269126e-05,1.7276174050195708e-07,1.8951972205333607e-06,0.051715167320587015,0.01323319913429678,6.945655346357497e-05,0.9089448895184631,3.593298260199532e-08,0.0004426945801487945,0.004440789865629082,8.669556291886495e-08,0.0002859753210675876,2.980943742226394e-08
6,0.002863133380499428,7.998644705561742e-06,0.008948597742874145,1.4799000304790438e-06,6.175646657063001e-05,0.0002583560840075638,1.035310267464906e-05,0.009161662401591228,2.3326640278900354e-05,1.0062521377772534e-05,1.3138640743907367e-07,0.0007086255740786311,9.104455680777512e-05,1.6933561786421346e-07,1.7509685237850305e-06,0.04786282795422433,0.013352954942942337,4.823952626620436e-05,0.9116876770085975,2.991930159226946e-08,0.00041169253859239737,0.004200143787382473,7.429772524295123e-08,0.00028788066751605823,3.065140597467608e-08
7,0.0037974610515940817,5.791619902522043e-06,0.010793286396147683,1.301103655979991e-06,6.241711074394924e-05,0.00016030459060236628,9.558927275638766e-06,0.010181985477677923,2.123963707930682e-05,1.2109564386383183e-05,1.2738593824572226e-07,0.0005187013170285682,0.00011397117832531247,1.3683959109822887e-07,1.1632423252598355e-06,0.036975320410264516,0.012515770786237154,2.8330812535279933e-05,0.9211207668399813,2.8603689963345377e-08,0.0002389405300335278,0.0031858383719337085,4.483146773827731e-08,0.000255378015054298,2.5356528352745344e-08
8,0.004854021422313674,6.849851716257527e-06,0.01911154507012546,1.1303481443371794e-06,6.413028638827266e-05,0.00015001976573539454,1.4843261831397397e-05,0.009821565734101334,1.9657648332477018e-05,1.7869782740272075e-05,1.1700673608022848e-07,0.0008619800848117973,0.0001520413434968024,2.521360946345192e-07,1.5952749073308497e-06,0.03802545048384343,0.020336274570642805,2.497577540182276e-05,0.901527423048855,3.402926441460631e-08,0.0005103233668587739,0.00378050910828856,1.047294772362124e-07,0.0007172365725428427,4.9297349700116615e-08
9,0.004620621702687053,1.0530504360061815e-05,0.013061941448209444,1.2799754788125657e-06,6.0259899001230244e-05,0.00016652754864345982,1.1189814476079887e-05,0.010412016532162035,2.3766078984663068e-05,1.5730160889308092e-05,1.5977591582800713e-07,0.0007875310536968846,0.00010914602291015565,2.6747690596957813e-07,2.712403625997392e-06,0.031496747784607884,0.01727111069906843,3.544365919886033e-05,0.9165670847843624,3.107750282839469e-08,0.0005130106685332078,0.004289171300933174,1.2879069414787327e-07,0.000543532028061354,5.8809090748375085e-08
10,0.002863133380499428,7.998644705561742e-06,0.008948597742874145,1.4799000304790438e-06,6.175646657063001e-05,0.0002583560840075638,1.035310267464906e-05,0.009161662401591228,2.3326640278900354e-05,1.0062521377772534e-05,1.3138640743907367e-07,0.0007086255740786311,9.104455680777512e-05,1.6933561786421346e-07,1.7509685237850305e-06,0.04786282795422433,0.013352954942942337,4.823952626620436e-05,0.9116876770085975,2.991930159226946e-08,0.00041169253859239737,0.004200143787382473,7.429772524295123e-08,0.00028788066751605823,3.065140597467608e-08
11,0.002981181525922343,6.9748307304624885e-06,0.00918017778429107,1.4556133046262242e-06,5.8826590636108444e-05,0.0002533416536302734,1.0551493137793575e-05,0.010153569285224057,2.3313578726230585e-05,1.1309681953077423e-05,1.259543446557677e-07,0.0007058338953586581,0.00010765451350322744,1.6050256055169306e-07,1.5814241741791695e-06,0.048660475237245766,0.013741107360524302,4.648386682185653e-05,0.9094419221950982,3.214064948514429e-08,0.00037689226127515953,0.0039277106508603865,7.034533232917659e-08,0.00030921932747665973,2.8287218609974575e-08
12,0.0026675724202779643,1.3391518282184042e-05,0.007056052403871155,2.185161790396442e-06,0.0006473594121164555,0.000991164771691209,4.763253095075616e-05,0.0011839305020783565,2.649238528615559e-05,7.941840318393077e-06,2.518409929987721e-07,0.0013592739961406212,8.978924351694739e-05,3.3995004921851206e-06,3.1842386337415115e-06,0.08676421461584494,0.023530784509880612,0.00045375914892330015,0.8692950688917881,1.4115629550798298e-07,0.002306846710735149,0.0024385766758932043,1.2852109422305762e-06,0.001109480523857375,2.207893998091263e-07
13,0.011514411997295982,1.2214030465328677e-05,0.04395894549330182,5.280050348994984e-06,0.00016334395024489138,0.0001262199613772719,2.2155870631212144e-05,0.044158046170998215,4.456953392927612e-05,3.1290322260134336e-05,3.302956981502368e-06,0.005196194200465462,0.00038637769075809285,2.0527058795294795e-06,1.769290506944678e-05,0.10287012130699377,0.022918437686248055,0.00017537216444964398,0.7609354486842349,2.3477022493867243e-07,0.0014364982202127936,0.005684725773199272,2.796693314301291e-07,0.0003367012856444549,8.259945368637769e-08
14,0.0005955351420942808,1.9358120646213936e-05,0.004336859744554554,1.0212287645973418e-06,7.755704835350069e-05,0.00016406847463383036,8.712904719221773e-07,0.0014279423185122634,9.057216653813926e-06,1.8446974656878995e-06,1.472310665049345e-07,9.401303894010118e-05,2.831127636946592e-05,7.930268665663669e-08,1.3124104295445996e-06,0.018810775168048133,0.0017344919407110448,4.684412890027664e-05,0.9713452690582157,2.0959110241762878e-08,0.00013326343962555723,0.0011434766789527647,2.325973922067676e-08,2.7848222112982112e-05,8.602941382726638e-09
15,0.002863133380499428,7.998644705561742e-06,0.008948597742874145,1.4799000304790438e-06,6.175646657063001e-05,0.0002583560840075638,1.035310267464906e-05,0.009161662401591228,2.3326640278900354e-05,1.0062521377772534e-05,1.3138640743907367e-07,0.0007086255740786311,9.104455680777512e-05,1.6933561786421346e-07,1.7509685237850305e-06,0.04786282795422433,0.013352954942942337,4.823952626620436e-05,0.9116876770085975,2.991930159226946e-08,0.00041169253859239737,0.004200143787382473,7.429772524295123e-08,0.00028788066751605823,3.065140597467608e-08
16,0.0030715021042709355,5.701715821453525e-06,0.013992471257907214,2.287425700262157e-06,7.387350943737936e-05,0.00034809150727603604,1.6532521736063807e-05,0.010597413834388255,1.578751905791934e-05,9.966619299761988e-06,2.3315396434820466e-07,0.001645492492714955,0.0001546272353142408,4.2665309121883384e-07,2.6861983941922287e-06,0.11888777349164818,0.017146884394736637,0.0001329840602415542,0.828362429355231,7.023764306438955e-08,0.0012142167650722503,0.0039115877673858365,1.29097358270745e-07,0.00040680695824359353,2.412406529385082e-08
17,0.007292333263250586,8.919382497975063e-06,0.018001513122022663,3.236542624709003e-06,0.000121712000975997,0.00025770991082102126,3.3219506502503e-05,0.016170482189707854,3.486245159553295e-05,1.6070479510565088e-05,3.022501105556173e-07,0.0021384669835215102,0.00018670660589105537,5.073959745328897e-07,2.247555166845064e-06,0.07845072653781496,0.030324650368401374,6.191629516865615e-05,0.837979710107318,6.020743493014214e-08,0.000712451281915474,0.007692580133333055,1.2740009580685226e-07,0.0005094143166490014,7.371169502023323e-08
18,0.0043180071220195555,1.0374890402632311e-05,0.0055835142191161405,1.1630160001879057e-06,6.828843497239712e-05,0.00018965886711517647,1.4620273938049427e-05,0.005207650408059444,2.364550386197976e-05,9.993344693640212e-06,1.3272271833902179e-07,0.0005045486741132066,5.48225349470829e-05,2.1590493388109735e-07,1.3887618053329432e-06,0.020536724633904668,0.03283174848480432,4.216334772294408e-05,0.9231580372920719,2.276891171643349e-08,0.00029599558519157186,0.006772907642026843,9.571324127837713e-08,0.0003741803298988988,9.952352885148651e-08
19,0.003357494966076013,5.257379617063302e-06,0.013701542943668427,1.512168625319162e-06,6.660541162170036e-05,0.00029777354746669403,1.847649807638944e-05,0.01578234461456648,3.0150302100925602e-05,1.9511847402831933e-05,9.865684790329459e-08,0.001027612089565674,0.00015942341551875643,1.1297889164179231e-07,1.1017118090761084e-06,0.05588247729503459,0.01756611520255716,2.7759358062369498e-05,0.8857536055292756,3.427405322326598e-08,0.0003452948748697222,0.005535618057666031,5.2167192293570775e-08,0.0004199948752103002,2.983422402764835e-08
20,0.0019520411942156926,2.172617134777364e-05,0.010536261101812019,2.3400103652761826e-06,4.5414227030413684e-05,0.000457306308708905,8.002416334055024e-06,0.01925108115594392,3.3123689531205646e-05,1.167869114241786e-05,2.377383910042185e-07,0.001680279959372643,7.834924377550123e-05,1.8009956169724594e-07,6.143061042059055e-06,0.05766601979839734,0.012882587230200618,8.165331689103557e-05,0.8832374468519815,3.8976252880902697e-08,0.0009022374402618311,0.010887755375072115,1.0503136765396361e-07,0.0002579509375645455,3.9973436050974446e-08
21,0.004405276433626482,8.766433094693986e-06,0.011920087561867323,3.005011630094872e-06,7.595511219269921e-05,0.00024611220255106207,1.0934422630574174e-05,0.010801612544427413,2.3249164940392366e-05,9.333244589003087e-06,3.249085273714477e-07,0.0012996335048457057,0.00012327748090298912,4.21373269349741e-07,2.9759911174623087e-06,0.08552513211929591,0.011773012806694159,9.183923014010638e-05,0.8688001693573009,5.279015441787281e-08,0.0006415536008002238,0.00400391784891472,1.0479978036052891e-07,0.00023322102421928907,3.103248723448592e-08
22,0.00385293010529873,6.257704220758597e-06,0.013159865115216524,2.283092747496305e-06,7.494525274946191e-05,0.00022069779257632342,1.2816289197170298e-05,0.010837894971478197,2.2740218139775038e-05,1.3795596834144787e-05,2.842998576100458e-07,0.0009063967255416821,0.00013521867460119,2.419143860851947e-07,2.0333003523138097e-06,0.06711411982355527,0.023858451272355852,8.726338639188728e-05,0.8740462753702256,6.088239671121279e-08,0.0006643855258957661,0.004688029640796457,1.0631598531563485e-07,0.0002928750766301933,3.165256962288812e-08
23,0.002863133380499428,7.998644705561742e-06,0.008948597742874145,1.4799000304790438e-06,6.175646657063001e-05,0.0002583560840075638,1.035310267464906e-05,0.009161662401591228,2.3326640278900354e-05,1.0062521377772534e-05,1.3138640743907367e-07,0.0007086255740786311,9.104455680777512e-05,1.6933561786421346e-07,1.7509685237850305e-06,0.04786282795422433,0.013352954942942337,4.823952626620436e-05,0.9116876770085975,2.991930159226946e-08,0.00041169253859239737,0.004200143787382473,7.429772524295123e-08,0.00028788066751605823,3.065140597467608e-08
24,0.0023044049824543496,6.0455204667128234e-06,0.008546342746763684,8.101520279257024e-07,4.313958091602111e-05,0.0002522526479221649,1.1402421435396277e-05,0.009452532828008708,2.391505827183118e-05,9.571846208806196e-06,7.941212576809206e-08,0.0005494145504585844,6.915261984108726e-05,1.1281741501190994e-07,1.7538856175165112e-06,0.04386553151928553,0.013997865350928783,3.666625758899859e-05,0.9163564600276577,1.9694929545970775e-08,0.00046156268545215646,0.003643214639392656,7.880320947897274e-08,0.0003676441542144597,2.5797407081123284e-08
25,0.009257516647987508,5.9969082907807225e-06,0.023754198800965118,3.4764353061090947e-06,0.00012459875560151513,0.00018104282266790964,2.8861906909315597e-05,0.031006432788228774,3.6450129225398806e-05,2.615044546834464e-05,6.40486142608453e-07,0.002119503943521654,0.00034078110619317596,5.417191797333926e-07,3.187671405032662e-06,0.08230531930820083,0.02800489726200961,8.346587158101351e-05,0.8165149003274411,1.1467599178517129e-07,0.0006087317469151252,0.005175912744748904,1.1266419697760725e-07,0.00041711538434070886,4.944748115410909e-08
26,0.0032051905236154124,4.92746054686564e-06,0.004881359263868605,9.062030289190731e-07,4.916610598024704e-05,0.00022932363133900294,9.312476261464748e-06,0.006578849608360795,2.840592175269385e-05,1.0206307378657858e-05,6.362527822481746e-08,0.0002557665255479835,8.273756035185617e-05,8.858561017614066e-08,8.833619786192008e-07,0.030857834784585494,0.014821543087986586,4.415351289271885e-05,0.9359691837991885,2.1518676349748965e-08,0.0002416259197119821,0.0023651149546488432,9.008131456638578e-08,0.00036321792589443544,2.725420105952877e-08
27,0.0024535252010856223,1.360403637038749e-05,0.006629644224082078,1.5374382087388698e-06,5.211957366954749e-05,0.0002851814995009884,7.923854421050654e-06,0.01035014997603209,3.486158769009167e-05,9.575385396267179e-06,1.3373552098754945e-07,0.0006410537408158534,5.683524065021761e-05,1.1612257716711947e-07,2.2424112209052935e-06,0.033922150591407976,0.010947197693485905,3.617166306154649e-05,0.9277262834317854,1.9844113824159787e-08,0.00028998630867443784,0.006347117364790575,6.122883908617741e-08,0.00019246678975930003,4.105684016577687e-08
28,0.002863133380499428,7.998644705561742e-06,0.008948597742874145,1.4799000304790438e-06,6.175646657063001e-05,0.0002583560840075638,1.035310267464906e-05,0.009161662401591228,2.3326640278900354e-05,1.0062521377772534e-05,1.3138640743907367e-07,0.0007086255740786311,9.104455680777512e-05,1.6933561786421346e-07,1.7509685237850305e-06,0.04786282795422433,0.013352954942942337,4.823952626620436e-05,0.9116876770085975,2.991930159226946e-08,0.00041169253859239737,0.004200143787382473,7.429772524295123e-08,0.00028788066751605823,3.065140597467608e-08
29,0.002863133380499428,7.998644705561742e-06,0.008948597742874145,1.4799000304790438e-06,6.175646657063001e-05,0.0002583560840075638,1.035310267464906e-05,0.009161662401591228,2.3326640278900354e-05,1.0062521377772534e-05,1.3138640743907367e-07,0.0007086255740786311,9.104455680777512e-05,1.6933561786421346e-07,1.7509685237850305e-06,0.04786282795422433,0.013352954942942337,4.823952626620436e-05,0.9116876770085975,2.991930159226946e-08,0.00041169253859239737,0.004200143787382473,7.429772524295123e-08,0.00028788066751605823,3.065140597467608e-08
30,0.002863133380499428,7.998644705561742e-06,0.008948597742874145,1.4799000304790438e-06,6.175646657063001e-05,0.0002583560840075638,1.035310267464906e-05,0.009161662401591228,2.3326640278900354e-05,1.0062521377772534e-05,1.3138640743907367e-07,0.0007086255740786311,9.104455680777512e-05,1.6933561786421346e-07,1.7509685237850305e-06,0.04786282795422433,0.013352954942942337,4.823952626620436e-05,0.9116876770085975,2.991930159226946e-08,0.00041169253859239737,0.004200143787382473,7.429772524295123e-08,0.00028788066751605823,3.065140597467608e-08
31,0.002498042972627786,1.0625453935477471e-05,0.00648749335505611,1.649362967316306e-06,8.118514547131467e-05,0.00037763001385544305,1.44674890962555e-05,0.005580946809396382,2.6228689906201504e-05,9.790259089329126e-06,1.423529700901797e-07,0.0007470482865012779,6.133387439394437e-05,2.325145200562767e-07,2.0436844527914777e-06,0.04667479507236704,0.014038468941090612,5.950597393226888e-05,0.91699501155983,2.6965421824168847e-08,0.00045125212873502077,0.0055746250778195405,1.0639383089982734e-07,0.0003072965980563235,5.102467656114993e-08
32,0.002486466930282369,7.5430746914378225e-06,0.00771794572539683,1.2341854605789832e-06,5.259454225158083e-05,0.00023014083366101353,7.5321332330371085e-06,0.007497306921999165,1.9655723948944264e-05,8.475346457809007e-06,1.0441430474978322e-07,0.0005288440704597258,8.023029977381086e-05,1.3493398835339167e-07,1.4089645662764605e-06,0.040686430251805406,0.011393437877472138,4.18328367115604e-05,0.925162607780079,2.48445033526146e-08,0.0003283460449041264,0.0034994986087236325,6.002569577111134e-08,0.00024811878997889054,2.483965055652467e-08
33,0.001699272379185261,4.644017071605041e-06,0.004835070457580532,9.013063075585626e-07,3.0082577664638513e-05,0.00024228110586894822,5.915458159281173e-06,0.004635543498902223,8.970145467941873e-06,5.858121650169008e-06,3.489369898478847e-08,0.0003793249463666097,7.39884230477334e-05,8.425926900326389e-08,4.858155621310975e-07,0.03909337150248276,0.013074317161813608,3.3909764673404305e-05,0.9322292726998916,1.7030619128601343e-08,0.00021645769730344172,0.003108119147610366,3.411778827483238e-08,0.00032202899849324406,1.4473521442005582e-08
34,5.474476420165151e-05,8.575695888123353e-05,0.0055775140325872484,3.233544732268104e-06,3.443387956345567e-05,0.0351477291982933,0.0001628747743780216,0.01886282645388546,6.417535112603577e-05,2.0869015640601613e-05,5.0980822810946506e-08,0.0381757131769353,3.323628770467853e-05,1.5189216715905552e-07,2.4896508767415265e-05,0.2473097965700705,0.03921753425357198,0.00029709566403202635,0.3105343048025104,6.120814223373644e-08,0.02030266009079691,0.28114071940654045,1.3477369380808349e-06,0.0029479814305466245,2.9201716417623915e-07
35,0.003995493589317665,9.531920297092524e-06,0.0045487816196026045,1.5597067123126895e-06,3.3900062062121715e-05,0.0001514043674885356,3.8877289906301396e-06,0.022490772437027216,7.31820509086437e-05,8.576368937189615e-06,9.916509948624262e-08,0.0002704457438664421,5.27572946763572e-05,2.8674397776034798e-08,1.0507795675154022e-06,0.022495003145024697,0.00764487356850025,1.636398870496671e-05,0.9330645876262326,1.027431125025679e-08,7.518637255181124e-05,0.004994340173615219,1.9257011365471435e-08,6.812379276751981e-05,2.0292328613554247e-08
36,0.0009680246722707698,5.403591194180805e-06,0.005920635038884055,3.3830966639443055e-07,6.854464810260956e-05,0.00013252945999760323,9.429425012779547e-07,0.0006986457169828031,9.948282611327339e-06,4.051062741223633e-06,2.494320998157585e-08,1.701763923213874e-05,3.285053398026598e-05,3.8071033727088123e-08,4.937909828568144e-07,0.013130897980136606,0.0011375911424256224,1.1923534369162524e-05,0.9774115566354553,1.0898836144557825e-08,0.00016084908227395777,0.00015706192358045626,6.831091049310935e-08,0.00013054598484695906,5.8037741333916015e-09
37,0.0027407590153429497,8.416707691088811e-06,0.008791284642048711,1.4869849350113017e-06,6.077919375163631e-05,0.00026261591981495554,9.808561189140849e-06,0.009709020472817777,2.5076775954260178e-05,1.015162302180109e-05,1.324482262165292e-07,0.0006940153507071291,8.787334160604119e-05,1.5246803597023061e-07,1.8034316293957656e-06,0.0464361099926598,0.01279533050283904,4.640251202654807e-05,0.9132835671118736,2.895472788264935e-08,0.000392490584816976,0.0043776261643387,7.053389815297284e-08,0.00026496649764290903,3.020840437299648e-08
38,0.001804511513188758,6.4445170273205265e-06,0.007613453267161348,1.3927111190845934e-06,4.554700954696841e-05,0.0004320953779668365,1.062488455722937e-05,0.0070804807859451745,1.7263754826852567e-05,7.946953110911419e-06,1.0093201592028789e-07,0.0007806192048158406,8.049116580398786e-05,1.6718554942062248e-07,1.9012392669751764e-06,0.07441272039067373,0.010798548982393656,7.088047127134347e-05,0.8922107204941172,2.8919758799585688e-08,0.000660806589914973,0.0036393872947507932,9.40252523278068e-08,0.0003237527994816365,1.953048296404802e-08
39,0.010461549375052783,7.726388795486349e-06,0.006898445683946739,2.0097867870610726e-06,0.00015515415569927545,0.00011239847248240273,1.9768312667824335e-05,0.007232877302417849,3.270432977675836e-05,2.0142978843766043e-05,4.604752894730226e-07,0.0004671400584494146,0.00012040847226965035,6.937072827154245e-07,2.185264914757197e-06,0.023458830414585057,0.014420146545466157,5.287038596056904e-05,0.933468954035461,4.5862976253786626e-08,0.00013289281535741577,0.002616016393712715,1.0256985582050103e-07,0.0003163798490872756,9.636286170593751e-08
40,0.001288687008571705,4.281227796529732e-06,0.0021157475923717817,2.0117363682339284e-06,1.2928151298358259e-05,0.001136608535777258,9.03630996408972e-06,0.018446607476568896,4.803323947384475e-05,1.9193559089754145e-05,4.1907591441907775e-08,0.00030579614045602826,7.269974843587537e-05,2.2702692092798752e-08,1.319288959079265e-06,0.08182092605903758,0.01393665649691347,9.658068872372043e-05,0.8747887281628407,2.1549643108893798e-08,0.000364079104591276,0.005141689543312948,1.1589367724084887e-07,0.00038817577104648164,1.210479840824412e-08
41,0.002024861078093054,1.1949450363386771e-05,0.0053088002994013655,1.940232477442952e-06,8.988145676986107e-05,0.0001576796806420872,2.3274866825459787e-06,0.00959078180863362,3.579678971661257e-05,5.323111506069869e-06,2.1420693218901813e-07,0.00024368368527052163,7.326398318899703e-05,1.2018109564490522e-07,2.0006623849948475e-06,0.03978732505809701,0.0023275365491699845,4.807298166363176e-05,0.9387176469905312,2.6644806473163565e-08,0.00011032620853465988,0.001411255539233761,2.8762431189498355e-08,4.914596628853742e-05,1.118608526281648e-08
42,0.01460323808932366,4.682456309701524e-06,0.010011888916790756,1.837562618096328e-06,0.00033326006608424034,0.00023391159218256682,8.13410437476607e-05,0.006109804006147789,2.5766126311708418e-05,3.462900326103777e-05,6.407272424173501e-07,0.0013396051487199485,0.0002981982815802947,4.150609989787266e-06,4.501733633491515e-06,0.04942083196306986,0.030201317129999815,0.0002129994339531725,0.8829288335363932,1.4740832222920666e-07,0.0007084111391494327,0.0017709877664812586,6.095092644245296e-07,0.0016682056232051414,2.0112621845131315e-07
43,0.0020866837228932164,6.5046759060565846e-06,0.009381307419930311,1.359607879013938e-06,4.904660837259656e-05,0.0003439743309163135,9.736593292605955e-06,0.010744803039219318,2.3416818382151557e-05,1.2286363293443935e-05,8.355109944075241e-08,0.0006663109946866959,9.821044647735655e-05,9.20830193221082e-08,1.453760904397234e-06,0.054649044749370254,0.014173391621701644,4.32525014587838e-05,0.9022686607268985,2.857335170604051e-08,0.000531209279397712,0.004577702952297909,6.947083713140626e-08,0.0003313494689476327,2.0639466598476463e-08
44,0.002863133380499428,7.998644705561742e-06,0.008948597742874145,1.4799000304790438e-06,6.175646657063001e-05,0.0002583560840075638,1.035310267464906e-05,0.009161662401591228,2.3326640278900354e-05,1.0062521377772534e-05,1.3138640743907367e-07,0.0007086255740786311,9.104455680777512e-05,1.6933561786421346e-07,1.7509685237850305e-06,0.04786282795422433,0.013352954942942337,4.823952626620436e-05,0.9116876770085975,2.991930159226946e-08,0.00041169253859239737,0.004200143787382473,7.429772524295123e-08,0.00028788066751605823,3.065140597467608e-08
45,0.002853426628125287,7.942765397358936e-06,0.008952977582054381,1.4778395462558657e-06,6.143145529049201e-05,0.0002594504813737623,1.0372385826362663e-05,0.009278184851113218,2.3371004647341774e-05,1.011775740438229e-05,1.3094861521582084e-07,0.000710980234361092,9.155913225558205e-05,1.682039497158029e-07,1.7528799453720482e-06,0.048119044802577955,0.013321496642185083,4.824942867798134e-05,0.9113497210768138,2.998070188923938e-08,0.00041140479394537606,0.004198323778822371,7.382212654073072e-08,0.000288281188783109,3.033546014447925e-08
46,0.004657715915350033,4.478781338045858e-06,0.010396591744931011,1.8293654099570757e-06,4.1452642912339945e-05,0.00025313982175381066,1.545483807580148e-05,0.010688259876557188,1.6973251111060742e-05,1.2467195696193125e-05,7.567593485310372e-08,0.000907331658757915,0.00013784689175803808,8.983916531405123e-08,5.56770904868877e-07,0.05258916894939325,0.04684841409239701,3.3112208247429755e-05,0.864435756174006,2.9394526679969457e-08,0.00046711339072141536,0.008035928368055747,5.5240878526449246e-08,0.00045612781106501844,3.010105249352323e-08
47,0.0024523832175719637,1.1382885361673092e-05,0.008391785430587231,1.4774932460281089e-06,8.045730222771161e-05,0.00028539305314368726,1.0137514478168509e-05,0.009064271237637289,2.844784624367304e-05,1.0282174777509254e-05,1.856528171865104e-07,0.0007171322586280635,8.067561282735418e-05,2.2237284812238695e-07,2.9358244033635237e-06,0.04296428140157172,0.011390657005065608,6.39407794641559e-05,0.9195261006772394,3.524947076582341e-08,0.00045928410082451683,0.004197396396520069,9.737567481176692e-08,0.0002609968158022124,4.032156765001649e-08
48,0.00475899801717586,2.4900082891088215e-05,0.020056212414779447,5.8970842206471905e-06,0.00022495947575602176,0.0004041856321272356,2.417439630942361e-05,0.015638030012487543,6.343467969480537e-05,1.2631711179186076e-05,1.145862810507853e-06,0.003074708372008755,0.00011796092930025912,1.0660630883846904e-06,1.1649822017639873e-05,0.11431978943130824,0.01054392657920751,0.0001522675107689138,0.8213392608861838,9.217890431572277e-08,0.0013504609618675482,0.007663726630948837,2.591772045311077e-07,0.0002101694744682406,9.261329126218695e-08
49,0.0020021704905813704,1.0512974977104627e-05,0.011579839654102477,1.6432470592871826e-06,5.1758125296830536e-05,0.0003596078289881221,9.929019625062247e-06,0.012007469766235871,2.5657869874330165e-05,1.030520633461245e-05,1.0295337495740498e-07,0.001061987020082011,8.902073691242833e-05,9.91059099757154e-08,1.6600276981870377e-06,0.05450023156157565,0.014016282744642524,3.608165839075765e-05,0.8958461813519665,2.813570401187778e-08,0.0004999221078511093,0.007622121095254212,5.5852047152291886e-08,0.00026730354978782777,2.7915727577625726e-08
50,0.005042701509235547,3.945946891735019e-06,0.010482195996282393,1.2607769635479573e-06,6.821350504065192e-05,0.00017886484018374965,1.734976297762086e-05,0.011443474885768912,2.0957380662835766e-05,1.6137333429131932e-05,1.297548604455576e-07,0.0006777570440885766,0.00015267927522873766,2.1768229081548983e-07,1.1914759399218023e-06,0.0455839563340952,0.017938995107789263,3.7781610679832436e-05,0.9046119345482202,3.571930086470683e-08,0.0002892814204115018,0.002981799209432189,6.339727890034785e-08,0.00044904424119037676,3.124175694164247e-08
51,0.0015010056860218868,0.00013936631124990894,0.007767891752945581,7.013148233292258e-06,4.1369312215117796e-05,0.0005004198446741916,2.7179799710902936e-06,0.020882758033754424,5.492852777297354e-05,5.639435000274688e-06,4.5617607155699493e-07,0.0013885052799260168,3.086033451626389e-05,1.310473515119958e-07,1.1896167806581482e-05,0.03764282226375699,0.005991485243415669,6.428634902810457e-05,0.8968428591175135,2.523781346579502e-08,0.0005806679653071137,0.026483096064259314,6.724112178845832e-08,5.9668287454824956e-05,6.319281838964876e-08
52,0.0028028770743426462,7.656584857140256e-06,0.00848908814839165,1.4731487741438986e-06,6.04957813105564e-05,0.0002655428402925446,9.922890299533793e-06,0.0095505597541966,2.3448623609352464e-05,1.0572694401364792e-05,1.323196073130476e-07,0.0006988028483695237,9.342161696846305e-05,1.6583979367618476e-07,1.799331973999038e-06,0.04767437423361819,0.012395769511412465,5.034839228342885e-05,0.9131731672226127,3.067159478084274e-08,0.00039186303579451503,0.004018367049094203,7.150008898437738e-08,0.00028002028205325295,2.8604259020442947e-08
53,0.0051327036523831585,7.405739369699662e-06,0.01879862565063677,3.826616536610985e-06,0.0001585736124175958,0.0005433131529465863,6.392182763130522e-05,0.015377376415055459,4.523563841793273e-05,2.2486740897091323e-05,4.4573430673626275e-07,0.002747667076065666,0.00022243019024701342,7.107456511812621e-07,4.216732114259919e-06,0.14573318986431177,0.03205503723379851,0.0001719651678203544,0.769552669176063,1.2275051914288767e-07,0.0017367414407550266,0.0068393863175532105,3.781435171138656e-07,0.0007814942515058911,7.612947901895421e-08
54,0.0020539817700384226,2.2263209262796893e-05,0.004630230521292043,1.2060950161494546e-06,4.8049903982160544e-05,0.0002750792916832952,6.950654663096264e-06,0.0055256245131248116,2.480023197963248e-05,5.875416641463052e-06,1.0344277313444311e-07,0.0005394802795759953,2.7412670815554002e-05,1.6985594804103367e-07,2.6392810276989735e-06,0.02385727509650684,0.008182779874011899,2.7116289417591678e-05,0.9475913622561708,1.1016257456850605e-08,0.0002500482956871595,0.006742648192671383,5.4990017150571455e-08,0.0001847740514765654,6.279995873215177e-08
55,0.003119125960816253,7.192495999675612e-06,0.010134532472368129,1.9091470408370177e-06,7.415451889071723e-05,0.00038664242649659745,1.6576414099356525e-05,0.015103151897522487,3.254091027353073e-05,1.3003116043874084e-05,1.49110705450551e-07,0.0015687173181027248,0.0001408141943192182,2.179530190920358e-07,2.04860075235035e-06,0.07670125868153856,0.01498701365509036,6.86526548382005e-05,0.8712258824028126,4.4360370397328306e-08,0.000510829016275303,0.005541240253404856,8.581156610927542e-08,0.0003641825122702535,3.411538292019463e-08
56,0.0028931753922189552,7.239497412197017e-06,0.009085265672464473,1.5197522149150956e-06,5.987826435829589e-05,0.00026575534114439844,1.0460788650721517e-05,0.009899298529699386,2.3263476325464918e-05,1.0949561147949989e-05,1.2658540436361314e-07,0.0007137453012510676,0.00010516139465273526,1.6184513933824843e-07,1.6099622300474686e-06,0.04997986718747145,0.013419278866037387,4.831010849026751e-05,0.9087879456927955,3.245833983716409e-08,0.00039335483828668307,0.00399234969966931,7.163865294124569e-08,0.0003011497917667318,2.835417559448246e-08
57,0.00596775038630194,1.5344577308750346e-05,0.0011114014852653918,2.7599021585090334e-06,3.8917989208965995e-05,0.0002432795659211611,6.568428779905005e-06,0.004748410459307154,2.4952081177993185e-05,5.6285527063455725e-06,2.8860321027600905e-07,0.000166602826909684,2.9024561706448836e-05,4.990130455944333e-07,4.510421986616694e-06,0.02157932398874796,0.009396822607067241,0.0002067682840490631,0.9536339444988075,1.820521254434549e-08,0.00021081921952753867,0.0024000150165710793,2.233717432759237e-07,0.000206057135339083,6.881794004520726e-08
58,0.0026333605993510384,6.545057355030008e-06,0.008268389415344612,1.219279651799788e-06,5.254414546556442e-05,0.00027047526608611126,1.0191349162401408e-05,0.008737408724226393,1.9790005931210196e-05,1.1125388581964485e-05,9.127273914982219e-08,0.0006444124945716628,0.00010360088182385787,1.4578329810203168e-07,1.3768470509968344e-06,0.04529759031107114,0.013863369590416359,4.5412935789425534e-05,0.9155418628797134,2.9385066834070282e-08,0.0003822480523908574,0.003724550971801195,7.261015001651173e-08,0.0003841600035001392,2.6749460972723334e-08
59,0.0027076116601503345,6.622996451465952e-06,0.01023682508370188,1.2748280983636566e-06,5.657266981504042e-05,0.0002563430603734821,1.0801521720834517e-05,0.009324520396564253,1.9898676430660154e-05,1.1186331125932666e-05,1.0045533785675826e-07,0.000711407448006681,0.00011131072988778096,1.4906633214715475e-07,1.4106149418709546e-06,0.04899114123025886,0.01458364072683582,4.321351707439296e-05,0.9082230181799881,3.2171999163370654e-08,0.00043121700938812506,0.003893634729013642,7.184449872684469e-08,0.00037796863232475333,2.641968003002082e-08
60,0.002863133380499428,7.998644705561742e-06,0.008948597742874145,1.4799000304790438e-06,6.175646657063001e-05,0.0002583560840075638,1.035310267464906e-05,0.009161662401591228,2.3326640278900354e-05,1.0062521377772534e-05,1.3138640743907367e-07,0.0007086255740786311,9.104455680777512e-05,1.6933561786421346e-07,1.7509685237850305e-06,0.04786282795422433,0.013352954942942337,4.823952626620436e-05,0.9116876770085975,2.991930159226946e-08,0.00041169253859239737,0.004200143787382473,7.429772524295123e-08,0.00028788066751605823,3.065140597467608e-08
61,0.0027117780180119515,6.76628098914662e-06,0.009849917823870619,1.2263075461175676e-06,5.783025803926847e-05,0.00024758304167329335,1.034020727253446e-05,0.008596117528357018,2.0310931172512185e-05,1.0540962467236271e-05,1.0329806040009738e-07,0.0006770483125151484,0.0001014021209741364,1.5013636384101015e-07,1.4350183903783934e-06,0.04687126142540981,0.013955567603089533,4.178494990837004e-05,0.9122852671775677,2.9583892891505877e-08,0.0004175684188677496,0.0037899565175568127,7.146617207572803e-08,0.0003459154512981481,2.7160532956181888e-08
62,0.002863133380499428,7.998644705561742e-06,0.008948597742874145,1.4799000304790438e-06,6.175646657063001e-05,0.0002583560840075638,1.035310267464906e-05,0.009161662401591228,2.3326640278900354e-05,1.0062521377772534e-05,1.3138640743907367e-07,0.0007086255740786311,9.104455680777512e-05,1.6933561786421346e-07,1.7509685237850305e-06,0.04786282795422433,0.013352954942942337,4.823952626620436e-05,0.9116876770085975,2.991930159226946e-08,0.00041169253859239737,0.004200143787382473,7.429772524295123e-08,0.00028788066751605823,3.065140597467608e-08
63,0.0024599635917105516,1.0377895833211927e-05,0.0076302273616000215,1.4839073197923939e-06,5.6487575651275714e-05,0.00027177912508826146,8.096384699018243e-06,0.008258952380079905,2.434486582213532e-05,8.799170866400245e-06,1.2725353965173984e-07,0.0005986301070760773,7.254862848825303e-05,1.4509224786766737e-07,1.8881483017774561e-06,0.04102071750625069,0.011520712291076221,4.661090291193366e-05,0.9229249823101395,2.592445912848412e-08,0.00037434720630401237,0.004470555214963998,7.147428571610812e-08,0.0002380937990918163,3.188219250804267e-08
64,0.0025436848008828375,8.652087195685064e-06,0.012006361446537661,1.5298920405119879e-06,6.160736841647712e-05,0.00029226627664751323,1.059555068766684e-05,0.008738955594623355,2.146230619677198e-05,9.466442137854373e-06,1.258985741675577e-07,0.0008916402098466028,9.541736494714123e-05,1.6806554347325436e-07,1.8788749663669221e-06,0.059026478698410656,0.015528671641250122,4.989803123259514e-05,0.8948542823799494,3.273337617468703e-08,0.000701712552354741,0.004827949953642143,9.129347455253084e-08,0.00032704134441869753,2.9192646895166556e-08
65,0.0026798211012340023,8.621756091084625e-06,0.008852156905269543,1.4845366871784996e-06,6.106003606123367e-05,0.00027567057847092865,1.0228516855481256e-05,0.008645923569548516,2.2933635569894913e-05,9.631533579814426e-06,1.2683043087878499e-07,0.0007196974670785031,8.680118848487124e-05,1.7072480061172304e-07,1.8124092609376597e-06,0.04826018358415851,0.013449330692503569,5.036152804867451e-05,0.9117431268868643,2.986640739137323e-08,0.00044875185185976296,0.004375198352891178,7.984100203795817e-08,0.00029676468638205507,3.192045917082788e-08
66,0.003445197634863989,4.892332874489452e-06,0.011008085786263557,1.3248371248113957e-06,7.652642329918724e-05,0.0002095282470716936,1.2593369832673778e-05,0.008655108955573336,2.1219854643527177e-05,1.1323580725924073e-05,1.1379322055652534e-07,0.0005928999758020488,0.0001284411875962349,1.570326971727276e-07,1.051043172579976e-06,0.050906587620409074,0.014125358825508676,3.829900610074264e-05,0.9071699607775962,3.401341419076587e-08,0.0003362040601615449,0.0029403752830453865,6.033241205937615e-08,0.00031463194993137244,2.4076658872279656e-08
67,0.002182633360256126,1.0519858224603682e-05,0.00815313062692481,1.4985137258929792e-06,5.3738544325032604e-05,0.0003550590863366156,1.0319693766126215e-05,0.007237885765512537,2.0909533543149686e-05,8.324876814272679e-06,1.1510089257471885e-07,0.000784826297702284,7.495881334583869e-05,1.7656139107598855e-07,2.0246277037033057e-06,0.049959130215598106,0.01510140564803611,6.114148001782108e-05,0.90984076072226,3.00963401489035e-08,0.0006039267051369432,0.00519837563464583,1.0457075035544987e-07,0.000338966056020144,3.761072973156108e-08
68,0.002716460812543567,8.46561842119402e-06,0.009374449640592867,1.5735855147638162e-06,6.26112545566055e-05,0.0003022715488946402,1.1345695794656652e-05,0.010331057013828058,2.409899031695343e-05,1.0719650230528336e-05,1.3764594370400814e-07,0.0008540248291974789,9.702799404524882e-05,1.7706464439357546e-07,2.0149408057490656e-06,0.052670882931781265,0.013942383901399862,5.508046643057581e-05,0.90400837475921,3.347355497038961e-08,0.0004902721267193576,0.004723581353242929,8.11368442247115e-08,0.00031284183057480274,3.173491151926064e-08
69,0.003277019946771028,1.2446236751376208e-05,0.010817878236954494,2.2948558648705456e-06,8.155280863082688e-05,0.00032907008584943964,1.2556352722272044e-05,0.012751909081059139,3.692663268208322e-05,1.2738277433162814e-05,2.8529351878760325e-07,0.0010256322553272167,9.906103433498229e-05,2.2329565513528745e-07,3.5455738928896516e-06,0.05304583169233452,0.016497769487957514,8.162214218304858e-05,0.8946960375450642,4.7393045806579386e-08,0.0006731466009674702,0.006283000105948362,1.276422846616754e-07,0.0002592294754573686,4.794730917637368e-08
70,0.0025897123167485433,8.789951769021743e-06,0.011213665944969605,2.0597228266058064e-06,7.071709293028113e-05,0.0003481247014801114,1.1751627531535612e-05,0.010799843275216364,3.0480753081378304e-05,1.0547007789131354e-05,1.580544690938796e-07,0.0008786644474364062,9.995536258322047e-05,1.5019612333108466e-07,1.958558143177622e-06,0.06835799612223051,0.011235230810827154,5.1311047204248604e-05,0.8887655108037793,3.529822973212409e-08,0.0005091632386518849,0.004777584619224923,7.815059236559214e-08,0.00023648371277103702,2.7183391044117918e-08
71,0.00978995453611353,1.9194066178116955e-06,0.012168191939595481,1.5060784215654172e-06,0.00014547972472777463,0.0002791360573181258,0.00010475640594591676,0.019612229224798536,4.435045733281012e-05,4.2957701105212456e-05,1.1912482927037553e-07,0.0009241265467897697,0.00032762630460458745,2.846816649797575e-07,7.69555571211137e-07,0.06543639774020532,0.03584522955600555,3.524866416835265e-05,0.8504076994684522,5.828890854596559e-08,0.00025529776364484623,0.003421182651088885,8.476388793496134e-08,0.0011553400245854495,5.333361633011757e-08
