,0,1,2,3,4,5,6,7,8,9,10,11,12,13,14,15,16,17,18,19,20,21,22,23,24
0,1.7711975112606495e-06,2.5821820169309335e-05,1.689456075375745e-05,7.361139901074641e-08,0.0008694710639651906,1.051297888646641e-06,7.563818610420138e-08,4.107454884450373e-05,0.03604357838950559,9.605424192743033e-06,2.4496443142483914e-07,3.4879144411623727e-06,1.4818713882086808e-09,1.3720028499035401e-05,0.00048386512770435126,1.1641515345563134e-06,2.144899562135133e-08,1.4674355230011933e-10,0.9622772044305158,4.593719386172299e-10,5.7662864397576335e-06,0.00015863318331490575,3.3879759848079426e-10,1.7575298737414083e-09,4.647072739276829e-05
1,8.156437635620857e-07,2.593522518123094e-05,3.3060039728740527e-06,5.481275104410399e-08,0.00032507236889396445,3.266913718326952e-07,3.240606303842816e-08,3.591286603313413e-05,0.013540219402658989,1.1404850342950584e-05,5.2904250268515634e-08,9.218254441590885e-07,2.960128760531669e-10,7.5849622160523724e-06,0.00041215013191523716,7.056253590558769e-07,2.1239743762190522e-08,7.246412085961572e-11,0.9854254563780385,1.3659721605661288e-10,8.044224786246284e-06,0.00013644016350655792,2.1472609966798642e-10,8.275305138269291e-10,6.554072637698219e-05
2,2.0552238373287727e-06,4.8171089163716656e-05,2.9461586126362798e-06,7.381330591875028e-08,0.000471155390495117,5.169945769646165e-07,4.7263518482025755e-08,4.3185257772213596e-05,0.007333621605959599,1.1315356301714757e-05,9.31368124139581e-08,2.1372708826134012e-06,3.8792814834442654e-10,1.438677317366679e-05,0.001304113951074719,1.1443374927185906e-06,8.632915731830306e-08,1.8205206858852493e-10,0.9901738904400859,1.4776415482803625e-10,1.6131918988394303e-05,0.0004387330157022582,1.2462897246205033e-09,1.9037483387264903e-09,0.0001361908053037912
3,2.1021218267732864e-06,5.7540324183580176e-05,5.208204692718613e-06,1.1246231798067878e-07,0.0006660406831003626,4.6544742062919083e-07,5.0475950993305226e-08,5.806967736768311e-05,0.010225809184046666,1.4555941465605127e-05,1.1760478098136301e-07,2.553736985127939e-06,6.135797740731675e-10,1.5122430113507099e-05,0.0006608362546740315,7.704143846275326e-07,7.65013230672913e-08,2.5985227984554636e-10,0.9878337576771667,1.830958469223847e-10,1.5580858664240513e-05,0.00031238276139860106,6.80139003423288e-10,2.552922916065322e-09,0.0001288429485464684
4,2.1946932690617724e-06,7.022551061330873e-05,6.816476430055261e-06,1.3556817803841757e-07,0.0008892686453069573,5.794631233740547e-07,5.8618824196415843e-08,5.835045029968554e-05,0.01162650597481155,1.7007519351092874e-05,1.3512200413684426e-07,3.009553422009904e-06,9.79612192640968e-10,2.11105542761361e-05,0.0006733721844250584,8.332268106556676e-07,8.010105345072052e-08,3.074463736743331e-10,0.9861454674861285,2.2691849880446013e-10,1.5348596684506085e-05,0.0003440066680432491,7.696889474140844e-10,2.9954854422734554e-09,0.00012548830779333418
5,2.298958305003114e-06,7.07210131797266e-05,5.856032392151726e-06,1.7028068957507025e-07,0.0009255528451967013,5.280718124905411e-07,5.404766170136247e-08,7.4344390987669e-05,0.009656705064361013,1.8768640737178928e-05,1.4116637249852077e-07,2.9706304153598364e-06,7.804264737400773e-10,1.8329341179594996e-05,0.0006395878898482482,7.721019955858604e-07,1.035740818278186e-07,4.046682791937613e-10,0.9880796675449875,2.0550541451665427e-10,2.0847949113828768e-05,0.00033079276771212353,8.928343988275504e-10,3.6467160321445876e-09,0.00015178175881965512
6,2.1021218267732864e-06,5.7540324183580176e-05,5.208204692718613e-06,1.1246231798067878e-07,0.0006660406831003626,4.6544742062919083e-07,5.0475950993305226e-08,5.806967736768311e-05,0.010225809184046666,1.4555941465605127e-05,1.1760478098136301e-07,2.553736985127939e-06,6.135797740731675e-10,1.5122430113507099e-05,0.0006608362546740315,7.704143846275326e-07,7.65013230672913e-08,2.5985227984554636e-10,0.9878337576771667,1.830958469223847e-10,1.5580858664240513e-05,0.00031238276139860106,6.80139003423288e-10,2.552922916065322e-09,0.0001288429485464684
7,3.463534657993996e-06,0.00014845310283824578,1.410061965996869e-05,1.7851330534727083e-07,0.000711884335027691,4.676824915727199e-07,1.2856569547625192e-07,8.059837681076497e-05,0.025742587854606817,1.829468605275184e-05,2.835274698685229e-07,3.30204373307885e-06,2.5607773191508817e-09,1.9482732495693035e-05,0.0007044886388546964,4.902768139164549e-07,9.421473947898872e-08,4.5644059334518e-10,0.9720682064117537,4.198557149016578e-10,1.1483164938030573e-05,0.0003108974519548441,4.99904502094424e-10,6.556602403229865e-09,0.0001611037725197934
8,3.988264583394294e-06,8.465831444347572e-05,9.19138467269938e-06,2.4957315229495347e-07,0.0009434412137818669,2.892518997872343e-07,8.428739112525666e-08,0.00010745206838516007,0.009246739040873543,2.4099587175947127e-05,6.659640917256834e-08,2.541582263467497e-06,1.0224172586978033e-09,2.261965261538554e-05,0.0007869701225077866,1.2214696757069046e-06,1.5666479205442546e-07,2.428446547751974e-10,0.9882052906464411,2.0302326929885594e-10,1.8147191899428495e-05,0.00023244269708892575,1.2026582680492453e-09,7.75085541761104e-09,0.00031033996814885164
9,4.6100350299879325e-06,0.00017130420290333026,2.658974238600288e-05,3.629601382553958e-07,0.0014765982143769597,2.765744998092994e-07,1.1855036298617938e-07,0.00014491085474635477,0.024759927043781067,2.9389168945222313e-05,1.1417712567185274e-07,3.0966198954577993e-06,3.3325764588329623e-09,2.4551316017916777e-05,0.000757327566009048,7.460079642312633e-07,1.8197321981626126e-07,3.233015423364041e-10,0.9720398221619965,3.619655651667262e-10,1.3842540500036835e-05,0.0001863499363256063,6.657695732200031e-10,1.7858417549364854e-08,0.00035985781174520203
10,2.1021218267732864e-06,5.7540324183580176e-05,5.208204692718613e-06,1.1246231798067878e-07,0.0006660406831003626,4.6544742062919083e-07,5.0475950993305226e-08,5.806967736768311e-05,0.010225809184046666,1.4555941465605127e-05,1.1760478098136301e-07,2.553736985127939e-06,6.135797740731675e-10,1.5122430113507099e-05,0.0006608362546740315,7.704143846275326e-07,7.65013230672913e-08,2.5985227984554636e-10,0.9878337576771667,1.830958469223847e-10,1.5580858664240513e-05,0.00031238276139860106,6.80139003423288e-10,2.552922916065322e-09,0.0001288429485464684
11,2.288628169220599e-06,6.574203909353736e-05,5.909548429174379e-06,1.2680045292036884e-07,0.000726997093637997,5.017947302743948e-07,5.622783778548556e-08,6.174659758906455e-05,0.01098143791631223,1.574494008219246e-05,1.3171065021746608e-07,2.862043891682809e-06,7.939620594150639e-10,1.71115524682342e-05,0.0006655821796479984,7.766707244440402e-07,8.452760597183159e-08,3.054357932561129e-10,0.9869695005629279,2.1292349170273967e-10,1.5757131873940324e-05,0.00033403699264472066,7.353506954006052e-10,2.942088914269805e-09,0.00013360005146956545
12,6.371531861779022e-06,0.0001445833889107927,7.219065206298393e-06,2.971568136328252e-07,0.003973973262823899,1.758213962309282e-06,5.6543541296730805e-08,8.037710511585033e-05,0.0025502268965533455,2.962791311343438e-05,2.477257681030212e-07,1.932931894998297e-05,1.6818033361082996e-09,0.00010637254389132802,0.000962969609427237,2.070988992662241e-06,5.341238106311026e-07,2.4871883970952422e-09,0.9894678911636571,2.6793523433378375e-10,5.820143663635538e-05,0.00238617613811108,8.33982048593422e-09,7.107707460550748e-09,0.000201695988397945
13,2.317247652479874e-06,3.912157236513311e-05,7.042139102172514e-06,9.302227207847275e-08,0.0005714907572321182,3.579876025937092e-07,4.045238780921794e-08,5.015665274984735e-05,0.009472896178305027,4.565694076265578e-06,2.902671223721569e-07,8.760276593892197e-06,6.315707504193665e-10,2.0453265800560183e-05,0.0006565725110232122,4.339986396238687e-07,9.419226138737131e-08,2.514808025434022e-10,0.9886125761211824,2.3255187679851424e-10,1.7207527917278123e-05,0.0004435555017539456,5.752885339197881e-10,1.226215072881955e-09,9.197171685259815e-05
14,1.083122387616013e-06,0.00011734108982790783,4.809396201801192e-06,1.1912658380001128e-07,0.0010329070347013494,5.154187789123077e-07,4.044892829931224e-08,5.904315418702543e-05,0.014418107499378332,2.8695666330438927e-05,1.1062807585286405e-07,1.2274144625578888e-06,9.475127876006117e-10,1.2948199915424017e-05,0.0005479745780133864,4.85741845267729e-07,5.675011852530924e-08,2.5196224072453544e-10,0.9834109427220298,1.5535593449577893e-10,1.3462676103703047e-05,0.0002634256257412699,3.8175666584345494e-10,3.2154782886425745e-09,8.669875432283147e-05
15,2.1021218267732864e-06,5.7540324183580176e-05,5.208204692718613e-06,1.1246231798067878e-07,0.0006660406831003626,4.6544742062919083e-07,5.0475950993305226e-08,5.806967736768311e-05,0.010225809184046666,1.4555941465605127e-05,1.1760478098136301e-07,2.553736985127939e-06,6.135797740731675e-10,1.5122430113507099e-05,0.0006608362546740315,7.704143846275326e-07,7.65013230672913e-08,2.5985227984554636e-10,0.9878337576771667,1.830958469223847e-10,1.5580858664240513e-05,0.00031238276139860106,6.80139003423288e-10,2.552922916065322e-09,0.0001288429485464684
16,1.9035687105667043e-06,5.066823968144084e-05,2.911685664214217e-06,1.1064367138125699e-07,0.00045887388794660724,4.800751925495746e-07,4.641932448416334e-08,6.53747782283186e-05,0.006462184724787712,2.210838207319e-05,9.911982328438227e-08,2.2845408965948107e-06,3.5226206422864723e-10,1.251693291826328e-05,0.00048311457728026253,9.679803285701407e-07,7.63562599955457e-08,3.7598181691349473e-10,0.9919218237807085,1.727706990842297e-10,2.8939001500967284e-05,0.00037249266975780725,6.466166422346311e-10,1.9885639234903313e-09,0.00011301909905012004
17,3.7134895299561817e-06,6.59882654901903e-05,8.691852621843527e-06,2.718356598013388e-07,0.0011660186343441993,6.642465328282027e-07,7.292634908011203e-08,7.90931201161539e-05,0.00802206714785832,1.777581424852752e-05,1.646289482130893e-07,6.298231984218186e-06,1.13929665573597e-09,4.285092012920512e-05,0.0005385434665642768,1.0692990707178768e-06,1.2036536643626864e-07,5.959026435170398e-10,0.9894178573511281,2.889246379736235e-10,2.4621429089322898e-05,0.00039451984665760337,1.5141052797004123e-09,3.501324937194874e-09,0.00020959008875677407
18,8.83207358546884e-06,0.00010920822779620967,7.138693948141105e-06,1.6085506096091626e-07,0.0005855066559482856,2.8114061362204044e-07,8.048928163681496e-08,9.99361994760351e-05,0.006152210757383993,1.6709832550757368e-05,1.1822987561063614e-07,8.009224431503163e-06,1.0527922351127064e-09,2.0982030594286876e-05,0.0007140059701260295,8.115266714773364e-07,3.791453243591971e-07,8.991340684126662e-10,0.9911211177702323,2.258616818394642e-10,2.5578701684547538e-05,0.0007990348672341129,1.2703083437238873e-09,8.28648146946104e-09,0.00032988587360295476
19,1.6264516957908277e-06,7.552049325545373e-05,1.0950534629225817e-05,1.7033592027521074e-07,0.0013165511132394868,5.501671860110262e-07,4.915471607144809e-08,7.160534710208543e-05,0.016574436830114947,1.9512720731265697e-05,1.410355018093847e-07,3.88578223216314e-06,1.4632199386204271e-09,2.44022103110617e-05,0.0004900207121176074,6.376322318287468e-07,7.477821618785102e-08,2.7708032353158395e-10,0.9809554161209209,3.0439578682308197e-10,1.32933721019602e-05,0.00033679324035690956,4.6237561568768174e-10,2.8108958245085594e-09,0.0001043566494515545
20,1.3821406871745328e-06,5.869371097386086e-05,3.0571721668827512e-06,8.385956233092044e-08,0.0006462367682840653,3.249806967523199e-07,3.118615311512467e-08,7.253292711302927e-05,0.007541736071401669,1.4816086179940137e-05,7.877769472354914e-08,2.1153787915825744e-06,4.676967570222658e-10,1.1120208139295731e-05,0.0007206036094025472,5.886460565539486e-07,1.046919452985351e-07,2.0958788473966603e-10,0.9903031383958911,1.448086726998628e-10,1.5813972136195317e-05,0.000523927909011467,6.171369451543326e-10,2.2274845605598473e-09,8.360984099765862e-05
21,4.431465034725792e-06,5.032883195207433e-05,1.0443369391547171e-05,1.8055177464509276e-07,0.0007902641382605809,7.672498156005485e-07,1.0132453949422192e-07,6.304578437903608e-05,0.00981169793883007,1.9154654910960254e-05,1.5927152288946404e-07,7.217089054859076e-06,1.2370459588869145e-09,3.234411998430692e-05,0.0005532186325965274,1.8115750304034803e-06,8.55891509419944e-08,4.670130078675649e-10,0.988130101155907,3.693345310943646e-10,2.1188260555907292e-05,0.0003249016550710077,1.1720190151782666e-09,3.257270906090823e-09,0.0001785508395537823
22,2.844207324154956e-06,4.865545299833832e-05,6.012439459335179e-06,1.2656224588720857e-07,0.0006777299756873217,6.954237701531213e-07,5.636343457376779e-08,6.874262041918052e-05,0.008233626893692392,1.547846825060722e-05,1.8103573131165996e-07,4.347484537907632e-06,5.169433663995727e-10,1.7906104267875873e-05,0.0006310604380104872,1.2167608960459346e-06,1.0801424774133572e-07,5.057444922457598e-10,0.9896582570655981,2.8053734701529115e-10,2.8433512275818523e-05,0.0004794928260408021,1.0047405006099362e-09,2.593311251994838e-09,0.0001250234498353623
23,2.1021218267732864e-06,5.7540324183580176e-05,5.208204692718613e-06,1.1246231798067878e-07,0.0006660406831003626,4.6544742062919083e-07,5.0475950993305226e-08,5.806967736768311e-05,0.010225809184046666,1.4555941465605127e-05,1.1760478098136301e-07,2.553736985127939e-06,6.135797740731675e-10,1.5122430113507099e-05,0.0006608362546740315,7.704143846275326e-07,7.65013230672913e-08,2.5985227984554636e-10,0.9878337576771667,1.830958469223847e-10,1.5580858664240513e-05,0.00031238276139860106,6.80139003423288e-10,2.552922916065322e-09,0.0001288429485464684
24,4.592935309903217e-06,2.296591299851282e-05,3.2869853351080686e-06,3.1723436339747925e-08,0.00015350091720493466,2.769709286080029e-07,6.262328133836391e-08,5.6321227081314654e-05,0.011299589596176086,5.297985020930063e-06,1.1056376318012363e-07,2.296441337308574e-06,1.555461833227729e-10,3.4116076748714815e-06,0.0018098940336163114,1.2721886942369748e-06,1.1579315916720731e-07,1.3319761074895576e-10,0.9860833091214894,1.4284258134840623e-10,1.3713765187046464e-05,0.0003709691703919937,8.596101239957552e-10,2.827725831649005e-09,0.00016897631899078872
25,2.535549036669853e-06,3.8982519935591774e-05,6.290181425967552e-06,1.807718575542264e-07,0.0005173563838061877,2.446557506377898e-07,6.910888401656537e-08,0.0001098391139519963,0.007195866577921294,8.801415773891914e-06,2.2077180146649922e-07,4.828743173046091e-06,7.72336062671675e-10,1.3786006839709539e-05,0.0003833492369732467,5.170741244231493e-07,1.1788926356856717e-07,3.74988887427678e-10,0.9913378640631924,3.049397077240509e-10,1.9416351512154062e-05,0.00026241851742619276,7.127376252228524e-10,2.941470715432504e-09,9.73099608767892e-05
26,9.960752954430945e-06,0.0001425161370689609,1.594106900286321e-05,2.317094258248456e-07,0.0009835736678999593,3.951068401037466e-07,1.1696230272237784e-07,0.00017404746361393854,0.016579014571822946,2.1804645144817373e-05,2.279556161498759e-07,6.280766666402268e-06,2.324730906671691e-09,1.4512381323854892e-05,0.000915224560626219,8.067719663695188e-07,4.729235455728376e-07,1.0938239404156953e-09,0.9802305886263324,4.1077651566897357e-10,2.1488775758652447e-05,0.0005991778726886632,1.300824069985527e-09,2.2444203804953632e-08,0.0002835897050399808
27,1.860649078357761e-06,4.9736575305337745e-05,3.4349142223345726e-06,6.874824500355797e-08,0.0003757738752170628,5.386059558136086e-07,4.4615672492803546e-08,5.442258831129717e-05,0.014725222119106408,1.4918612216258492e-05,8.66928642890267e-08,1.4563716729855934e-06,3.257698484419066e-10,8.604833744810256e-06,0.00093505951754588,8.553243102901983e-07,5.7288168707156915e-08,1.9465170174661476e-10,0.9832927341152728,1.808938265981116e-10,1.3494644966620476e-05,0.00038439728456477753,5.337883924240178e-10,1.8820557712101028e-09,0.00013722950639892108
28,2.1021218267732864e-06,5.7540324183580176e-05,5.208204692718613e-06,1.1246231798067878e-07,0.0006660406831003626,4.6544742062919083e-07,5.0475950993305226e-08,5.806967736768311e-05,0.010225809184046666,1.4555941465605127e-05,1.1760478098136301e-07,2.553736985127939e-06,6.135797740731675e-10,1.5122430113507099e-05,0.0006608362546740315,7.704143846275326e-07,7.65013230672913e-08,2.5985227984554636e-10,0.9878337576771667,1.830958469223847e-10,1.5580858664240513e-05,0.00031238276139860106,6.80139003423288e-10,2.552922916065322e-09,0.0001288429485464684
29,2.1021218267732864e-06,5.7540324183580176e-05,5.208204692718613e-06,1.1246231798067878e-07,0.0006660406831003626,4.6544742062919083e-07,5.0475950993305226e-08,5.806967736768311e-05,0.010225809184046666,1.4555941465605127e-05,1.1760478098136301e-07,2.553736985127939e-06,6.135797740731675e-10,1.5122430113507099e-05,0.0006608362546740315,7.704143846275326e-07,7.65013230672913e-08,2.5985227984554636e-10,0.9878337576771667,1.830958469223847e-10,1.5580858664240513e-05,0.00031238276139860106,6.80139003423288e-10,2.552922916065322e-09,0.0001288429485464684
30,2.1021218267732864e-06,5.7540324183580176e-05,5.208204692718613e-06,1.1246231798067878e-07,0.0006660406831003626,4.6544742062919083e-07,5.0475950993305226e-08,5.806967736768311e-05,0.010225809184046666,1.4555941465605127e-05,1.1760478098136301e-07,2.553736985127939e-06,6.135797740731675e-10,1.5122430113507099e-05,0.0006608362546740315,7.704143846275326e-07,7.65013230672913e-08,2.5985227984554636e-10,0.9878337576771667,1.830958469223847e-10,1.5580858664240513e-05,0.00031238276139860106,6.80139003423288e-10,2.552922916065322e-09,0.0001288429485464684
31,1.9839121416431844e-06,5.133558778620718e-05,4.489114806605592e-06,9.825659395130896e-08,0.0005712642240131956,5.493474813512833e-07,5.230221938215903e-08,4.919929522475749e-05,0.010562467455548083,1.3228532244866974e-05,1.3296830989573097e-07,2.3782780878512393e-06,4.942140642340262e-10,1.4261863035507737e-05,0.0007901261396723344,8.343821981764832e-07,6.657548814491038e-08,2.4065015451205315e-10,0.987474243557014,1.7492919970645773e-10,1.6155365428609983e-05,0.00032056282209933347,7.415650659783397e-10,2.0756649950285392e-09,0.00012656629358258082
32,1.7329981939583653e-06,4.7359829435160215e-05,4.11016496839066e-06,8.801463082351535e-08,0.0005282388688636866,3.9738151969049473e-07,4.203771071591556e-08,5.153351512553565e-05,0.00950697818277885,1.261426239746184e-05,9.465180075407314e-08,2.0466757946414135e-06,4.684167762501917e-10,1.2164885322641218e-05,0.0006076913393244285,7.148519622120625e-07,6.321377897345776e-08,1.990690200716484e-10,0.9888152014860496,1.593202535325219e-10,1.3720970014586996e-05,0.00028768305661274173,5.426562223645869e-10,1.91141733665856e-09,0.00010752033283554202
33,2.219763116552491e-06,8.378595500418553e-05,4.1942922320617085e-06,1.0634017211564455e-07,0.0009805179085342508,4.4571199494228664e-07,4.028887843655305e-08,6.167554356791282e-05,0.005466190568468437,1.629604555183259e-05,1.0434345115783632e-07,3.4655282859148342e-06,9.057653382703554e-10,2.129933460621608e-05,0.0005692206207477985,7.01176896519749e-07,1.2961211299577e-07,3.876962694235305e-10,0.9920113536749734,1.73644290897792e-10,1.5030119148983023e-05,0.0006759747181193022,9.231958435935005e-10,2.947892590105066e-09,8.72431159427959e-05
34,1.2892265788375071e-05,0.0010012870527088293,2.575394465718436e-05,1.6451128134414465e-05,0.13298306891499545,5.4427690959359376e-06,1.6422725265453994e-07,0.000997634123350118,0.00024934110952842977,0.000188248925547156,5.084656619313453e-06,0.0005570242008972673,1.589313155847826e-08,0.0011505232449618241,0.0022148725256143764,6.721328932225297e-06,4.690154263806398e-05,1.0241368176156747e-07,0.8403951778016069,1.8287530105728768e-09,0.001564435164236919,0.017890699866779707,1.2886882378824957e-06,2.0804398166955958e-07,0.0006866583388691335
35,3.3236229609622918e-06,4.650635994316997e-05,3.306735490955077e-06,1.0675115401916729e-07,0.00020114522429741402,1.9512048395103985e-07,4.006328312420308e-08,0.00012250867959696338,0.014565634542766355,1.7933534064175543e-05,6.439939421638916e-08,2.0507861462285675e-06,4.263937472103961e-10,4.050680695716438e-06,0.00022033969358483028,3.365696062158277e-07,9.406905385911612e-08,5.027203787408362e-10,0.9843339883852024,2.345031331009401e-10,1.2648329659496451e-05,0.00029319481244244344,1.7795482569539231e-10,2.8933723191343202e-09,0.00017252740522928034
36,3.711713861759692e-06,0.00024620232118807326,6.3775612322876665e-06,4.916412705003762e-07,0.0014913869704748436,4.205148729599882e-05,6.557635720175993e-07,5.0450900263190276e-05,0.03568241258104216,7.96438621144472e-05,4.879333920094623e-06,1.033037660138473e-06,5.818782016938059e-10,5.094971230698997e-05,0.003549391436651102,3.7694616666985728e-06,2.1949925987694786e-08,5.663685790099136e-09,0.9580040321714363,7.560449580765021e-10,0.00012492575182065688,0.0004490189809548297,8.819717649394816e-09,6.303804320009911e-09,0.00020857123621116213
37,1.4213082622388823e-06,5.2621374014044395e-05,4.211375759220937e-06,1.0657550456637135e-07,0.0006666370871269985,4.950957036909382e-07,4.213128014711952e-08,5.704136164739256e-05,0.0112803029077791,1.5730932317088156e-05,1.0870487480316965e-07,1.9003618764180711e-06,5.163757505117635e-10,1.2454842927052863e-05,0.000716471673164556,7.449805425782098e-07,6.449926018531459e-08,2.0135624713658192e-10,0.9867843093169435,1.7088762012330573e-10,1.5285056182672552e-05,0.00027753168446189306,6.299342850172115e-10,2.1121991887425805e-09,0.00011251509961914704
38,2.8972298900071483e-06,3.077510842543145e-05,3.2991433449482775e-06,5.1486287716083755e-08,0.00027537905623683796,1.1744204949994264e-06,1.0514588481602382e-07,2.7022145420868926e-05,0.00864283296719726,1.113624743696672e-05,1.712557512019003e-07,2.1204915815257094e-06,2.367361872131807e-10,1.4624909882809157e-05,0.0012722193928433082,2.4184652682391653e-06,3.397545779110434e-08,2.4358445532181254e-10,0.9892001743297877,1.8730564922463226e-10,2.0008452335763977e-05,0.00037447422441641754,1.3849521343592836e-09,1.3409539485037835e-09,0.00011907815852285851
39,3.0367138663898564e-06,0.00014172517370655526,6.938196246159446e-06,1.263253611909332e-07,0.0008146094306079343,4.484428105573274e-07,7.587553871004914e-08,5.923007790415012e-05,0.013863099858802927,1.7031758945342654e-05,1.5666859044013672e-07,2.47514136429223e-06,1.3045379396357976e-09,2.0096883016811003e-05,0.0009619166166148115,5.124613573281293e-07,1.1343569031561938e-07,3.641715562556991e-10,0.9834568217828655,1.8112530454640649e-10,1.1904792249122401e-05,0.00047479496995753113,7.514262647879736e-10,5.092209054941129e-09,0.0001648777010335376
40,6.632009001976534e-07,4.384107178162777e-05,4.7281970262759836e-06,3.593695886193243e-07,0.0013206648450223863,3.665178584437121e-07,4.273481621513518e-08,0.00013872373597131725,0.015244714946585749,3.558738075921006e-05,1.0379610627927167e-07,1.061289524729946e-06,9.983559472277197e-10,7.391507628999104e-06,0.0005698646380487564,7.599262449301691e-07,7.961532446412329e-08,1.4693802620165422e-10,0.982426590340451,1.987659220551372e-10,1.718360974893197e-05,6.0478930341706925e-05,7.769773113382531e-10,5.101851835662295e-09,0.00012678712338107064
41,5.10274380500748e-07,6.274694534729652e-05,1.1337406094403491e-05,7.813367479975065e-08,0.0013698204286376472,8.084530111148138e-07,2.94379748005272e-08,3.3317243258757165e-05,0.0705854462238514,2.4628693588668147e-05,4.914977493489071e-08,3.9816204214162434e-07,5.439806348959365e-10,1.1805301483297845e-05,0.0012022488850826482,8.766870291132064e-07,1.2030545902409405e-08,3.448608534049803e-11,0.926494335053563,1.329329149392079e-10,6.916358843568903e-06,8.611477467442648e-05,1.6236268578240826e-10,1.7428923003297052e-09,0.00010851774048696679
42,7.126775829228679e-06,0.00023129189614045167,3.348244967245547e-05,6.770822544514683e-07,0.0032976454569943817,1.4842529633581123e-06,1.7291040216390588e-07,8.054163873139334e-05,0.028985260353950663,3.252434756438299e-05,4.6883066452868114e-07,9.483078412591814e-06,7.15096471455085e-09,9.117277969302672e-05,0.0008305037709562216,8.070938414812664e-07,1.3879600267805917e-07,1.4058449814747268e-09,0.9655939746813691,4.583388933320588e-10,2.065561965482992e-05,0.00028058744949709054,1.8342079104208608e-09,1.3698523550860209e-08,0.0005019761875254981
43,1.5223355788895895e-06,4.796100684075502e-05,3.554331678505167e-06,9.50478092654371e-08,0.0006232216632156309,4.862519587811643e-07,3.82862967043141e-08,5.7122562951862094e-05,0.009121377294232695,1.6409504456536305e-05,9.506321953970573e-08,1.8830527972886493e-06,4.184640566385633e-10,1.1411923434089848e-05,0.0006431616546467803,8.289591502459992e-07,6.72698294185665e-08,2.18834621098606e-10,0.9890401917606273,1.5451953770234426e-10,1.7008799851395512e-05,0.0003102888740959394,6.312502634719087e-10,2.023471127929024e-09,0.00010327091078878351
44,2.1021218267732864e-06,5.7540324183580176e-05,5.208204692718613e-06,1.1246231798067878e-07,0.0006660406831003626,4.6544742062919083e-07,5.0475950993305226e-08,5.806967736768311e-05,0.010225809184046666,1.4555941465605127e-05,1.1760478098136301e-07,2.553736985127939e-06,6.135797740731675e-10,1.5122430113507099e-05,0.0006608362546740315,7.704143846275326e-07,7.65013230672913e-08,2.5985227984554636e-10,0.9878337576771667,1.830958469223847e-10,1.5580858664240513e-05,0.00031238276139860106,6.80139003423288e-10,2.552922916065322e-09,0.0001288429485464684
45,2.1632574288534986e-06,5.8855079726345796e-05,5.2116578468994094e-06,1.1573125556263975e-07,0.0006714820701241205,4.787209833592155e-07,5.037909775716986e-08,5.791070579164949e-05,0.010091950558998333,1.4774293828257242e-05,1.2028846148438373e-07,2.629526855464827e-06,6.067106098907414e-10,1.560378809534544e-05,0.0006570493202596936,7.70326764406537e-07,7.822561152240834e-08,2.770858418332133e-10,0.9879507959165177,1.832917337665813e-10,1.6314220070144342e-05,0.00031932363691918747,6.948794419839111e-10,2.5558844500128323e-09,0.0001343179775115936
46,2.9960354488303875e-06,6.702255131100314e-05,5.517256698330337e-06,1.3268368292215295e-07,0.000720282027267207,3.4007323122300204e-07,4.8926291954182226e-08,8.476590374360517e-05,0.008057314200363468,1.432688591848953e-05,1.279722334212014e-07,3.793010529949129e-06,8.099023455490004e-10,1.3358590934169112e-05,0.0006786307717787214,7.185604456788172e-07,1.7692384809305653e-07,3.6513109385759003e-10,0.9897686080899172,2.0942679982322598e-10,1.8387141384249484e-05,0.0004231695051757314,8.790246628579635e-10,4.257471155319117e-09,0.00014027636883980386
47,5.402832949657268e-06,5.963839751766301e-05,5.198540958530659e-06,7.41967162806013e-08,0.00036773313117364006,3.867831188426758e-07,6.150203652264634e-08,5.669548082319501e-05,0.007138784915153006,1.093987281943439e-05,1.201400504402651e-07,5.319485976603712e-06,5.401099530004135e-10,1.4109424065644238e-05,0.000650771902176616,9.204026329282945e-07,1.3344118946307464e-07,4.477534362985947e-10,0.9908294403684854,2.2047825857282086e-10,1.749514684979823e-05,0.0006752622029006063,7.093628330295487e-10,2.8135097883541325e-09,0.00016150710119131552
48,1.3523121426147513e-06,5.562979562426319e-05,1.5277976226845884e-06,5.167415303668821e-08,0.0003068028859493558,1.0546213888191127e-07,2.7931725658200746e-08,6.438265820321945e-05,0.0036318403395486066,1.0967739606525735e-05,3.8840802553954836e-08,1.1616358042476035e-06,4.2710928255660707e-10,5.6304686453889205e-06,0.0004512154700149558,3.95875362938249e-07,1.2683156472371473e-07,1.3019225281026032e-10,0.9950185527280673,8.883485882019552e-11,8.539692814460257e-06,0.0003836505636678098,4.3256191935550954e-10,2.329824151955553e-09,5.7995888018090806e-05
49,2.3350887035968055e-06,5.469292771629547e-05,7.206442071190897e-06,1.273471563235738e-07,0.0009689380907412838,8.567056823366206e-07,5.0076779961878013e-08,5.89365099325661e-05,0.010401662792204636,1.5241966934425976e-05,1.7785161492855222e-07,5.656292765509504e-06,8.009186075165064e-10,2.4655851351190277e-05,0.0006690527065618913,1.0383077089808056e-06,8.993005603514955e-08,4.196545722717015e-10,0.9870981999808227,3.0045901166306694e-10,2.0533893743029347e-05,0.0005552469276143485,9.238794391092753e-10,2.1208685418191977e-09,0.0001152957440584939
50,2.0405097844481263e-06,5.625544805651032e-05,5.061248694445785e-06,1.0936518341803943e-07,0.0006462910977504569,4.5601835080125275e-07,5.0129337148632177e-08,5.6844418521006825e-05,0.010142527193216835,1.454891623328002e-05,1.119257778022581e-07,2.430465815568013e-06,5.975449773129201e-10,1.4894749555330769e-05,0.0006419997540416905,7.685030557092714e-07,7.243987089096412e-08,2.479126383211651e-10,0.9879700203973518,1.7915262673870036e-10,1.5039917321659731e-05,0.00030495061397682155,6.535033638240991e-10,2.451247466911418e-09,0.00012552275874328436
51,2.5874117418512526e-06,9.015476542849311e-05,6.8151171953950934e-06,2.021048739639212e-07,0.0007576162540684658,5.116343356351629e-07,8.079512973112906e-08,9.214755662888445e-05,0.01126518593225107,2.0261108110239756e-05,2.090085000924672e-07,3.8027426862864734e-06,1.045640804189036e-09,2.4044331917162736e-05,0.000432689398240767,4.629215371019595e-07,8.967599893082136e-08,7.255590805023897e-10,0.9866758806433503,2.735210232409345e-10,2.259236059014241e-05,0.0004889248862357905,6.178151789348954e-10,3.334455448827629e-09,0.00011573535418797738
52,5.0946180404775094e-06,0.00011064395359386803,9.795236157673061e-06,2.1690334116631845e-07,0.0009633772878754659,4.841382306680988e-06,1.6800165617558434e-07,6.371974587763012e-05,0.029285034170596726,3.78986872189113e-05,5.679133242311225e-07,4.8717959554757915e-06,1.3606117363431526e-09,3.791202863490912e-05,0.0013565906263134613,1.9760142665840496e-06,7.642959930757264e-08,2.053231162385472e-09,0.9669255613185623,6.895471410515988e-10,3.4964777326232244e-05,0.000929928483951706,2.2422793973115973e-09,4.411838819619512e-09,0.00022674986789264918
53,3.573686772507619e-06,5.072112205287006e-05,6.772364055978141e-06,1.0484563929574452e-07,0.00023401270122550894,1.0151156766065958e-06,2.5320605086088156e-07,4.9834569092100366e-05,0.02310865826872957,1.3842257115397077e-05,2.889579793799476e-07,1.6090327588060382e-06,4.941042235400313e-10,1.3897827531179047e-05,0.001970176528850685,1.9609423906976104e-06,4.876577909031156e-08,2.8093106639783734e-10,0.9740106421070436,3.997026591655566e-10,1.6393048334045652e-05,0.00028701651883875773,1.5759942019200646e-09,3.3040165979137617e-09,0.00022917207933427708
54,3.3026356156298605e-06,6.519132161712515e-05,5.290223316905139e-06,6.980031045209645e-08,0.00026385814131924716,5.447616464337491e-07,9.976727109428205e-08,2.6576097150149112e-05,0.013032713737672378,1.6140770433410677e-05,6.151487653508145e-08,1.8449776649563385e-06,4.374102734665168e-10,2.2623818168696834e-05,0.0008868128983381262,1.3972426483933001e-06,3.0702037550374376e-08,1.5398814688654068e-10,0.9850942046051289,1.6806332250164994e-10,1.060474295311189e-05,0.00029117183099416666,5.272574818195763e-10,1.5128139581917835e-09,0.00027745761130342937
55,2.5134039352747656e-06,6.261794043686082e-05,6.400213267074645e-06,1.2484015153469277e-07,0.0006554431490674854,4.6008523040387346e-07,5.600698204330913e-08,6.240574897933664e-05,0.012446372708827083,1.4696899828692899e-05,1.2987236641478933e-07,3.079023432499134e-06,7.728150589951951e-10,1.5638369333045197e-05,0.0006241122127776933,7.014561354108957e-07,8.086559526929539e-08,3.046574060141407e-10,0.9856336127164114,2.1369635167281161e-10,1.4907831617752522e-05,0.0003068323360244867,6.081418862889832e-10,2.8983237354117574e-09,0.00014980952196616857
56,2.1863551016975676e-06,6.63150986908146e-05,5.956036629805075e-06,1.242698992012443e-07,0.0007332451885131336,4.844268470887319e-07,5.503850115519756e-08,6.192351206957466e-05,0.011293382637436017,1.5809766267585256e-05,1.2893965521829557e-07,2.736680323082455e-06,8.233733097138138e-10,1.639771590426625e-05,0.0006598157383340137,7.515203044781146e-07,8.369963095766695e-08,2.920522105939624e-10,0.9866745653202619,2.12490894837698e-10,1.5151058422819018e-05,0.00032367931786735104,6.926689714738317e-10,2.9914092468923154e-09,0.0001272026673452769
57,1.1679840787268383e-06,3.6769395203269605e-05,4.449931171247494e-06,8.393348782421597e-08,0.0006994877714696968,2.4363921405722786e-07,2.096723540017497e-08,5.665307647488318e-05,0.007434298651500591,1.1848627863221388e-05,5.79651090058519e-08,3.0059424040394573e-06,5.610149378585127e-10,1.1535429957330905e-05,0.00033513885153523855,5.722242423283746e-07,7.572186484933544e-08,1.3959035212697603e-10,0.9910519455697455,1.5526874663648228e-10,1.1847867699313874e-05,0.0002700940035611907,3.081207003430614e-10,1.3823618608909446e-09,7.069989982569991e-05
58,2.5224215134348195e-06,7.217648263089771e-05,6.093395385544254e-06,1.260019871706379e-07,0.0007589908806235234,4.2847943499654596e-07,5.739201247066978e-08,7.15715048746209e-05,0.010390380829038422,1.6147748077002474e-05,1.2945014520548565e-07,2.8527809197035874e-06,8.028018931972011e-10,1.508055017235384e-05,0.0007388104707211183,7.694615832504401e-07,1.1318914010209513e-07,3.1970167952879515e-10,0.9874091567595854,2.0159429611203804e-10,1.6996385413437128e-05,0.00035825311915309874,8.061937242611084e-10,4.0108886834701185e-09,0.0001393365564080401
59,3.087826065875917e-06,7.756396803772222e-05,8.392167395583877e-06,1.5102851116186198e-07,0.0008553567091880779,4.581272389471892e-07,6.872328665705942e-08,8.471951676241327e-05,0.01190066346033461,1.7379037531013698e-05,1.5250828127149623e-07,3.42311807449011e-06,9.3260713327482e-10,1.6481091030102002e-05,0.0007754951394099253,8.618085656190862e-07,1.3218476066355737e-07,4.0001829505766683e-10,0.9857076397993457,2.481058083952992e-10,1.969074752462072e-05,0.000363071522744084,8.787135030038122e-10,5.399338093351317e-09,0.0001652036571286793
60,2.1021218267732864e-06,5.7540324183580176e-05,5.208204692718613e-06,1.1246231798067878e-07,0.0006660406831003626,4.6544742062919083e-07,5.0475950993305226e-08,5.806967736768311e-05,0.010225809184046666,1.4555941465605127e-05,1.1760478098136301e-07,2.553736985127939e-06,6.135797740731675e-10,1.5122430113507099e-05,0.0006608362546740315,7.704143846275326e-07,7.65013230672913e-08,2.5985227984554636e-10,0.9878337576771667,1.830958469223847e-10,1.5580858664240513e-05,0.00031238276139860106,6.80139003423288e-10,2.552922916065322e-09,0.0001288429485464684
61,2.663050436239143e-06,7.252812474256307e-05,8.257852945477246e-06,1.37935683791483e-07,0.0008398952881607767,4.5561521870336977e-07,6.069127426400343e-08,7.211240729033265e-05,0.012009663427813611,1.5453256004748392e-05,1.4943232806458037e-07,3.3861200178799234e-06,8.733746559872553e-10,1.709084852887444e-05,0.0007267396104649154,7.94666541766951e-07,1.0904816809664103e-07,3.337805471374244e-10,0.9857245007204734,2.3467168910714803e-10,1.787249288482103e-05,0.0003367642542350812,7.435150891268967e-10,4.12027786582039e-09,0.00015135885116698106
62,2.1021218267732864e-06,5.7540324183580176e-05,5.208204692718613e-06,1.1246231798067878e-07,0.0006660406831003626,4.6544742062919083e-07,5.0475950993305226e-08,5.806967736768311e-05,0.010225809184046666,1.4555941465605127e-05,1.1760478098136301e-07,2.553736985127939e-06,6.135797740731675e-10,1.5122430113507099e-05,0.0006608362546740315,7.704143846275326e-07,7.65013230672913e-08,2.5985227984554636e-10,0.9878337576771667,1.830958469223847e-10,1.5580858664240513e-05,0.00031238276139860106,6.80139003423288e-10,2.552922916065322e-09,0.0001288429485464684
63,2.2187992442403643e-06,7.04864603025699e-05,5.272773997535355e-06,1.1043126958510749e-07,0.0006343330199890769,4.5360455226660344e-07,5.399675131389463e-08,5.96249536455738e-05,0.011200612164590687,1.530054356006831e-05,1.2482659853297058e-07,2.3729117286410383e-06,6.833433878305941e-10,1.4435763125339863e-05,0.0007161613861664361,6.996802040478437e-07,8.266079563661368e-08,2.812786615930588e-10,0.9867898456966722,1.8996964721619529e-10,1.5240540980724066e-05,0.0003385683823144689,6.483134605979367e-10,2.942998583120717e-09,0.0001339966576072983
64,1.928462916997586e-06,4.925049196606789e-05,4.21446803670924e-06,1.0649063753862971e-07,0.0006081975469011707,4.204610862002378e-07,4.281469515620513e-08,6.070915603340395e-05,0.008120975123281353,1.3588559170258622e-05,1.2294975859899435e-07,2.548887397632147e-06,4.223957802432053e-10,1.2458227181867683e-05,0.0006567127875009321,7.743689974695885e-07,8.306881778756382e-08,2.69000858127389e-10,0.9900320279900697,1.5772602630635048e-10,2.2302716976085694e-05,0.000293167527758924,6.885328953132712e-10,2.3777677176947526e-09,0.00012036398539262782
65,2.0001388154054882e-06,5.115800412207448e-05,5.07942978385197e-06,1.2279303412205054e-07,0.0007927361282548026,5.851257277124936e-07,4.538565471600451e-08,5.3477279913837365e-05,0.008686645143985934,1.5064545815779643e-05,1.2438758520779282e-07,3.120030353043931e-06,5.683918390386263e-10,1.8650927511471662e-05,0.0006140352099736168,8.918185310436155e-07,7.333267549317225e-08,2.971814897498416e-10,0.9892838162100086,1.8324850939244372e-10,1.894482895165001e-05,0.0003268894745520428,7.94082792658883e-10,2.1276989616533437e-09,0.00012653583414574797
66,1.3540112879357817e-06,3.687378244896628e-05,4.23836042108125e-06,8.650334932938566e-08,0.0004890660925129003,4.0524062367055324e-07,4.087993483531385e-08,4.463688259343697e-05,0.010487081660053067,1.402707847747774e-05,7.220406694563134e-08,1.8103075185976965e-06,5.197628092552935e-10,1.2548251667012316e-05,0.0003909684320879747,7.755917434428738e-07,3.7422549602859576e-08,1.4763703612224477e-10,0.9882155206591426,1.7698067143082407e-10,1.0085629491131205e-05,0.0002033097598897897,3.677702625285097e-10,1.301325997273767e-09,8.705873666329392e-05
67,4.581582631397077e-06,5.677497758722167e-05,1.510681725506609e-05,2.348804032517078e-07,0.0012644925336526005,2.8331656689847065e-06,1.5891522194824954e-07,3.6424964084378596e-05,0.00988631614391842,1.4908433362505839e-05,3.9095728991895813e-07,1.0220363386884504e-05,1.0908624152767763e-09,9.376582968070467e-05,0.0019300525407120515,4.528894701110335e-06,9.202024413867455e-08,6.235204272040203e-10,0.98581916950202,5.656152073824504e-10,3.6699231631000705e-05,0.00048470526642939606,5.7817200410794165e-09,2.808897702287013e-09,0.0003385321095034293
68,3.3547911917664195e-06,6.818738956338482e-05,5.748614155750186e-06,1.4501841890332248e-07,0.000696428976076744,7.64070521999654e-07,6.592424786364057e-08,6.615896967557501e-05,0.01053870676426167,1.628030338640256e-05,2.0517383379621164e-07,4.084759488293355e-06,6.507851443655039e-10,1.7914965302976507e-05,0.0009153053222970342,9.99239280216678e-07,1.1875531881617668e-07,5.345777953915557e-10,0.9869879787614264,2.51240158130119e-10,2.5343328816569575e-05,0.0004592565881936303,1.2358953897954864e-09,3.401951522383902e-09,0.00019294621009227172
69,2.1471699366537876e-06,5.4399603344075796e-05,6.797004254076442e-06,1.458269627389415e-07,0.0005734977292530084,3.352717790091431e-07,5.443548869659027e-08,7.29581250544905e-05,0.01236346754838627,1.620324076786258e-05,9.268059703050231e-08,2.2253060937346334e-06,6.916936815040646e-10,1.2157049619642793e-05,0.0006155232252197883,8.583373134927707e-07,8.431932591229541e-08,2.1430197357133008e-10,0.9858952534489664,2.3636769473120725e-10,1.5316001355135612e-05,0.00018402194786636619,5.548977256362464e-10,3.3583964347551924e-09,0.00018445667275821903
70,4.53106777421217e-06,7.222562227132177e-05,1.685041862266302e-05,1.9820697862895388e-07,0.0011529206944205562,1.1753432038537892e-06,9.49854358674583e-08,4.115797952504259e-05,0.013577847028316449,1.6067763229169556e-05,1.8481527355285802e-07,7.933673925047791e-06,1.2868546601793723e-09,6.868659850655599e-05,0.0007191067868324337,1.624634094525884e-06,6.959516708774591e-08,4.73991213737046e-10,0.9836122574953743,3.7364820002711564e-10,1.997110614525575e-05,0.0004207323171942151,1.1802513824505681e-09,2.4673446752348623e-09,0.0002663580856189872
