,0,1,2,3,4,5,6,7,8,9,10,11,12,13,14,15,16,17,18,19,20,21,22,23,24
0,0.0005519836110490598,1.598736702060603e-05,0.004679504317310318,2.5009170985300936e-06,1.3631385308551013e-05,0.0030296952346300448,3.582045923563379e-05,0.013279993016152158,6.282442386640353e-05,8.902662581443115e-06,1.802972758036775e-08,0.001326609390480971,3.517134729255474e-05,2.2663853511824816e-08,1.3094050998014474e-06,0.16379422863744428,0.06732885797172918,5.942833697730515e-05,0.7018070493311686,1.301316727514311e-08,0.0024093198658644045,0.04043443586603399,3.497893523013293e-07,0.0011222870338668388,5.5923688682447714e-08
1,0.0003219638821567051,2.2151338184290737e-05,0.004550727431529901,1.1725230394097982e-06,1.537926275665962e-05,0.002492021350204326,2.1040412353692436e-05,0.006121738296978878,4.61043206356961e-05,5.686285146545784e-06,1.2682761581468438e-08,0.0009097027934662384,1.66074851072987e-05,1.5625085961358364e-08,1.153329943439396e-06,0.09261380234975193,0.04453621097109533,3.0466682267395015e-05,0.8050116461793503,6.478152906101017e-09,0.0017663355372506174,0.040818840135070984,1.9364636985777846e-07,0.0006969672524014739,5.374893852200377e-08
2,0.0004554815888081435,4.823657409150262e-05,0.006078774452478355,1.7944947797636302e-06,2.4812558025081017e-05,0.0025477244498795784,2.9500549329423907e-05,0.011703560131073178,6.329823731738421e-05,9.567614861444886e-06,4.392133106240061e-08,0.0020438621420179044,2.4019954298542e-05,4.826064569696337e-08,4.50829744056704e-06,0.08034272310131067,0.059812744053000064,6.464191358251837e-05,0.768319848308207,1.5764511478936756e-08,0.003010477195216237,0.06446552366054106,4.119022164815952e-07,0.0009482352200072545,1.456550294461837e-07
3,0.0003563302485189925,3.2137172680251494e-05,0.004241588232159614,1.61635738291902e-06,1.6305356124072645e-05,0.0032929612654556376,3.1896400256507436e-05,0.00690629927869942,3.947195644905059e-05,6.197363627065713e-06,1.8721734925249136e-08,0.001648573048808139,1.847894040295351e-05,3.4127740547902894e-08,1.975079453925092e-06,0.09956620404144007,0.06675658973085472,5.841550592140323e-05,0.7503038676063848,9.807466768387878e-09,0.0028315224005962315,0.06275858367985043,3.3463368681323655e-07,0.0011304897410861154,9.930321855729957e-08
4,0.0003666716278947281,2.8653160135236605e-05,0.004214318251862658,1.5720324946425601e-06,1.6115892930803094e-05,0.003176245720463427,3.094560036035186e-05,0.006708367698981536,3.5573708478320884e-05,6.331506068733645e-06,1.7591625272154885e-08,0.0015267758862952466,2.1158585340997606e-05,3.509078940841794e-08,1.739662066489022e-06,0.09919566613318222,0.06526868636500902,5.803955809549994e-05,0.7618016081229394,1.0507929862181537e-08,0.0025908934806276648,0.05375457901305301,3.1746216796452665e-07,0.001195586377658087,9.096354938551433e-08
5,0.00034613596430235137,3.587727037580888e-05,0.0034833065159979642,2.077329739271443e-06,1.5214052662056245e-05,0.003985980407280002,2.9712931013374928e-05,0.0069681525048386535,3.872317091724645e-05,6.075260898105399e-06,2.073715799022479e-08,0.0016261379991829666,1.907616204129999e-05,3.7087358413054394e-08,2.1824652848266886e-06,0.10719988961997674,0.06554854063077276,8.552140742055241e-05,0.7416224071114191,1.1787266766760232e-08,0.0030134174627042265,0.06483871314836409,3.964838651974965e-07,0.0011322932932490391,9.919591096492673e-08
6,0.0003563302485189925,3.2137172680251494e-05,0.004241588232159614,1.61635738291902e-06,1.6305356124072645e-05,0.0032929612654556376,3.1896400256507436e-05,0.00690629927869942,3.947195644905059e-05,6.197363627065713e-06,1.8721734925249136e-08,0.001648573048808139,1.847894040295351e-05,3.4127740547902894e-08,1.975079453925092e-06,0.09956620404144007,0.06675658973085472,5.841550592140323e-05,0.7503038676063848,9.807466768387878e-09,0.0028315224005962315,0.06275858367985043,3.3463368681323655e-07,0.0011304897410861154,9.930321855729957e-08
7,0.0004995792588508338,2.319704524128158e-05,0.005360393739461835,1.4267542434355384e-06,1.67820809070347e-05,0.002002941277269815,2.9800424357084942e-05,0.00794963710944585,3.5813456494288805e-05,7.699629437487277e-06,1.8896860378088345e-08,0.0012483841913955983,2.4194436039314894e-05,2.9392470220377678e-08,1.3499041699429412e-06,0.07907494011975995,0.06489182438955732,3.459438716199642e-05,0.7885060797173101,9.620119740731587e-09,0.0016720246406386466,0.04758551451174883,2.0189642329865897e-07,0.0010334796076653164,8.351297045024253e-08
8,0.0006299750908719359,2.7085169854221046e-05,0.009554816471092308,1.3743927577943187e-06,1.6927250149917997e-05,0.0019938624020821353,4.9579588197590075e-05,0.008221769189168423,3.563517145126844e-05,1.2415657902618508e-05,1.7377172060450947e-08,0.0021215965485894515,3.438492228224491e-05,4.917920267420213e-08,1.7760729693364854e-06,0.08269261548404827,0.10537923716566466,3.0907212691739527e-05,0.7232055202145046,1.2184471004504463e-08,0.003519831045400171,0.059465082314872936,4.986764197219773e-07,0.003004868699719298,1.6251846361616513e-07
9,0.0006103653073774341,4.336493257626459e-05,0.006523719853256957,1.5838097783341366e-06,1.6396296270709128e-05,0.0022632309970466095,3.797853318617914e-05,0.00878057379006647,4.492896253358057e-05,1.1012873708426357e-05,2.4319407928287526e-08,0.0019180278907629557,2.4482845431932913e-05,5.206597632824721e-08,3.1003020848616923e-06,0.06798752599791512,0.09018631693569472,4.463950227250857e-05,0.746663287596802,1.1194067220439809e-08,0.0035617239139025154,0.0690079519392621,6.292592923369427e-07,0.0022688708597621943,2.0002156450083928e-07
10,0.0003563302485189925,3.2137172680251494e-05,0.004241588232159614,1.61635738291902e-06,1.6305356124072645e-05,0.0032929612654556376,3.1896400256507436e-05,0.00690629927869942,3.947195644905059e-05,6.197363627065713e-06,1.8721734925249136e-08,0.001648573048808139,1.847894040295351e-05,3.4127740547902894e-08,1.975079453925092e-06,0.09956620404144007,0.06675658973085472,5.841550592140323e-05,0.7503038676063848,9.807466768387878e-09,0.0028315224005962315,0.06275858367985043,3.3463368681323655e-07,0.0011304897410861154,9.930321855729957e-08
11,0.00037468324896866925,2.7853457192379915e-05,0.0043631942692679586,1.5677134518616625e-06,1.5614029034483405e-05,0.0031843606547606045,3.258019580002171e-05,0.007607687676947981,3.9323603763311634e-05,6.9405572493435535e-06,1.796440022807934e-08,0.001629687193246073,2.1828847704339448e-05,3.2691341446090535e-08,1.7812059053432096e-06,0.10054782130850887,0.06890665826329978,5.5810644313005824e-05,0.751364181507961,1.049457784232149e-08,0.0025782103695635274,0.05802396793113054,3.156877708982678e-07,0.0012157784662976195,9.201754266961061e-08
12,0.00028668676955955207,4.800161962504165e-05,0.0024296503084039315,2.2603991867571532e-06,0.00015509078654679594,0.012286439102864248,0.00016275027365531588,0.0007978237957605363,3.999332782418455e-05,4.0690733256178295e-06,2.8308407719586264e-08,0.002591297643789454,1.824379510242247e-05,5.235150967768551e-07,2.8866466091663497e-06,0.17776422656535473,0.10497151958590595,0.0006279524485614414,0.6449367186843685,3.955892320843712e-08,0.012991505610266728,0.035638508861056184,5.278318480589935e-06,0.004237923082371405,5.819189537917448e-07
13,0.001415535952876456,3.864630741073785e-05,0.020487340486630066,6.020061335867293e-06,3.69980147389942e-05,0.0013702208835523679,6.486093896625571e-05,0.03660036698376327,7.074152502144749e-05,2.078960141647093e-05,5.176592317061299e-07,0.012579318516754012,8.494500813917761e-05,3.842153495158566e-07,1.885533310696021e-05,0.2099271339285532,0.10722655976879628,0.00020322655795716426,0.5222735474774923,8.21916940445674e-08,0.008965232886048143,0.07742087687170646,1.1698677002978714e-06,0.0011864009226218906,2.280391370246189e-07
14,7.848759147153803e-05,8.867637851623318e-05,0.0023269415270413822,1.1800584862821167e-06,2.294442699486523e-05,0.002072818995511374,2.3580127490742692e-06,0.0010237983154922693,1.3257229952694592e-05,1.0420751798064385e-06,2.3478786344107875e-08,0.00021895130174979746,6.272996501310931e-06,1.7160470878329915e-08,1.4270905183892442e-06,0.04115844480532748,0.009014085831218866,5.691425593203937e-05,0.9254414665876644,7.570904209502725e-09,0.00090619175483084,0.017466192407296913,8.715474022471423e-08,9.838649309522522e-05,2.6499567441323588e-08
15,0.0003563302485189925,3.2137172680251494e-05,0.004241588232159614,1.61635738291902e-06,1.6305356124072645e-05,0.0032929612654556376,3.1896400256507436e-05,0.00690629927869942,3.947195644905059e-05,6.197363627065713e-06,1.8721734925249136e-08,0.001648573048808139,1.847894040295351e-05,3.4127740547902894e-08,1.975079453925092e-06,0.09956620404144007,0.06675658973085472,5.841550592140323e-05,0.7503038676063848,9.807466768387878e-09,0.0028315224005962315,0.06275858367985043,3.3463368681323655e-07,0.0011304897410861154,9.930321855729957e-08
16,0.00036013202871555444,1.8431783110643688e-05,0.006272187924052815,2.436541889477143e-06,1.744943550762191e-05,0.003993899074652114,4.891428544942354e-05,0.007759700723024357,2.3753603340227704e-05,5.977186770452983e-06,3.217367782045351e-08,0.0036158472011937046,3.1542764783290324e-05,7.727916494066978e-08,2.613270133324806e-06,0.2386946474174632,0.07910826118894039,0.00015168756958991594,0.598586267834648,2.306540856824903e-08,0.007455558230836232,0.052409170245370326,5.090821186885507e-07,0.0014408149604066493,6.512975218142665e-08
17,0.0008082608825166595,3.0124517448419845e-05,0.007564199102700227,3.1213164678788295e-06,2.781678040073227e-05,0.0027964767514961973,9.054521505367591e-05,0.010832828159128198,5.095088687108523e-05,8.739116961892568e-06,3.813153669784662e-08,0.0044865639627845915,3.390812625448851e-05,8.997081608532502e-08,2.174346578892426e-06,0.14352854033125612,0.13490575235037885,6.45820603038089e-05,0.5880676010879464,1.7450908290874624e-08,0.004304853058619577,0.1006497514418429,4.950020851953031e-07,0.0017423635861194447,2.0636352371556973e-07
18,0.0004865971468601482,3.792596363921618e-05,0.002364971314461658,1.1029296256346338e-06,1.6324866056968685e-05,0.0021900319676431863,3.9569231204475995e-05,0.0034220957542420304,3.624547129680771e-05,5.540409026809456e-06,1.6495088582912578e-08,0.0010177038751505406,9.76011330859004e-06,3.6613491103739506e-08,1.362491349217096e-06,0.03673763795619597,0.15492766101397815,4.454072730050913e-05,0.7012677142763787,6.509562042958092e-09,0.0018479443502972643,0.09424139382303215,3.7965251340061185e-07,0.0013031456034483288,2.9144484873021226e-07
19,0.00039472849666091146,1.9757215389931653e-05,0.00620469198780792,1.518986126432742e-06,1.6559572962055336e-05,0.0035493309349041626,5.398956997167505e-05,0.011162810793352382,4.653751327721962e-05,1.1449172852968199e-05,1.3223583952305397e-08,0.002332274041531072,3.0570394036947304e-05,2.2595313605181336e-08,1.1921250547254204e-06,0.11081169160258576,0.08363755102621179,3.125998532051417e-05,0.699671762041259,1.0506296087908732e-08,0.002257227383952138,0.07817071484487713,2.1767364150423029e-07,0.0015940259730558963,9.233997401520712e-08
20,0.00022223572615823333,8.012106764567301e-05,0.0045489574310251715,2.247494631716586e-06,1.0950615882080051e-05,0.005107898346718707,2.226417425429428e-05,0.013005346273372635,5.089330490080262e-05,6.376435862464095e-06,3.152081152459446e-08,0.0034936570642338464,1.3919525031950548e-05,3.3319208198337703e-08,6.464609036075333e-06,0.10518877585460215,0.0580485840867642,8.769370800292051e-05,0.6564434369878616,1.1402287024074862e-08,0.0056152874668345,0.1471533207462056,4.232789321244e-07,0.0008909505036277539,1.190561089279691e-07
21,0.0005495829106983231,3.3746820892626056e-05,0.005604822511990808,3.4822553386068026e-06,1.980980501875905e-05,0.003129735078287104,3.429603803024123e-05,0.008332839572133141,4.023439412038587e-05,5.867205032374584e-06,4.758261091699236e-08,0.0030032317557007735,2.5641760478773908e-05,8.06550961762881e-08,3.2292511147499444e-06,0.17884216980980866,0.05716388602585268,0.00011161614224271729,0.678481033504121,1.7911158406440668e-08,0.004256936831489324,0.05947700442233392,4.687972993686851e-07,0.0008801222418759071,9.671727444927213e-08
22,0.0004639227903724074,2.2246253477474155e-05,0.005912932101705394,2.2591712498730886e-06,1.8715155581590477e-05,0.0024424666337811212,3.7181859303299315e-05,0.007393542628862721,3.4262425260269055e-05,7.827482522015043e-06,3.955286064438801e-08,0.0019375110709158245,2.5556576957932518e-05,4.847171133616023e-08,2.128362214795238e-06,0.12900871651560453,0.11340269971287949,9.810884201423212e-05,0.6712999005430015,1.8860756762259505e-08,0.004207073791687714,0.0626272869358016,4.357505524701074e-07,0.0010550233113737883,9.519955109564744e-08
23,0.0003563302485189925,3.2137172680251494e-05,0.004241588232159614,1.61635738291902e-06,1.6305356124072645e-05,0.0032929612654556376,3.1896400256507436e-05,0.00690629927869942,3.947195644905059e-05,6.197363627065713e-06,1.8721734925249136e-08,0.001648573048808139,1.847894040295351e-05,3.4127740547902894e-08,1.975079453925092e-06,0.09956620404144007,0.06675658973085472,5.841550592140323e-05,0.7503038676063848,9.807466768387878e-09,0.0028315224005962315,0.06275858367985043,3.3463368681323655e-07,0.0011304897410861154,9.930321855729957e-08
24,0.0002948993582968146,2.2491302228423422e-05,0.004170235684062728,8.462528747113397e-07,1.0943527580270295e-05,0.0030689098693465686,3.444415078298917e-05,0.007358874103218435,3.9594031480341135e-05,6.040036848387853e-06,1.1331285405138174e-08,0.0012875740788366907,1.4428371758424415e-05,2.2378759811478667e-08,1.9636706553762354e-06,0.09220313568219272,0.07209725793563197,4.317440382941316e-05,0.7617344675182713,6.406568077140702e-09,0.003219804115033492,0.05294610842158388,3.44190182662581e-07,0.0014443439928434178,7.918584778193937e-08
25,0.0011139388818036723,2.0635709494542772e-05,0.010617095752158558,3.6589686695904703e-06,2.9610174106329373e-05,0.0019881064481761814,8.529358557471727e-05,0.02312437459342552,5.54371258052894e-05,1.5493279144095665e-05,9.169856217491608e-08,0.00489214144575264,6.854812433009209e-05,1.1091327239348394e-07,3.3972430707907633e-06,0.1633181945373666,0.13057991827266366,9.59584033583237e-05,0.5895836588061677,3.7126596235583324e-08,0.0037945353347186637,0.06907062683046925,4.724250383841137e-07,0.0015385161193808502,1.482008938833598e-07
26,0.00041216856842931813,2.025535453933973e-05,0.0023169544412220467,9.56966219272788e-07,1.326016115175834e-05,0.0029148253584246817,2.875751343843481e-05,0.0048660985596194325,4.783939338475707e-05,6.225290993895707e-06,9.02605870789773e-09,0.0005909499092951766,1.6743222437019862e-05,1.9154328425987553e-08,1.0273345635559545e-06,0.06461285611742071,0.07652753804796825,5.4840707815505775e-05,0.8095984395837301,6.991964325336736e-09,0.0017006732595429585,0.03477546190300268,4.192291092726267e-07,0.0014935818303251638,9.207501527442508e-08
27,0.00029962396217926275,5.57696660309074e-05,0.00308613905965624,1.6884936045202446e-06,1.3513805298838345e-05,0.0036727700482631852,2.393738265305409e-05,0.007856061749447188,5.9568343836345466e-05,5.881545616103059e-06,1.8928681343839083e-08,0.001492317077452765,1.1322198109389929e-05,2.2864544511678475e-08,2.548220946317419e-06,0.0698231426336913,0.0539746165056038,4.344934446580784e-05,0.7602131150959308,6.39638428933447e-09,0.001967606264996383,0.09665364417456801,2.7278600935853605e-07,0.0007428301115449366,1.3334048554362796e-07
28,0.0003563302485189925,3.2137172680251494e-05,0.004241588232159614,1.61635738291902e-06,1.6305356124072645e-05,0.0032929612654556376,3.1896400256507436e-05,0.00690629927869942,3.947195644905059e-05,6.197363627065713e-06,1.8721734925249136e-08,0.001648573048808139,1.847894040295351e-05,3.4127740547902894e-08,1.975079453925092e-06,0.09956620404144007,0.06675658973085472,5.841550592140323e-05,0.7503038676063848,9.807466768387878e-09,0.0028315224005962315,0.06275858367985043,3.3463368681323655e-07,0.0011304897410861154,9.930321855729957e-08
29,0.0003563302485189925,3.2137172680251494e-05,0.004241588232159614,1.61635738291902e-06,1.6305356124072645e-05,0.0032929612654556376,3.1896400256507436e-05,0.00690629927869942,3.947195644905059e-05,6.197363627065713e-06,1.8721734925249136e-08,0.001648573048808139,1.847894040295351e-05,3.4127740547902894e-08,1.975079453925092e-06,0.09956620404144007,0.06675658973085472,5.841550592140323e-05,0.7503038676063848,9.807466768387878e-09,0.0028315224005962315,0.06275858367985043,3.3463368681323655e-07,0.0011304897410861154,9.930321855729957e-08
30,0.0003563302485189925,3.2137172680251494e-05,0.004241588232159614,1.61635738291902e-06,1.6305356124072645e-05,0.0032929612654556376,3.1896400256507436e-05,0.00690629927869942,3.947195644905059e-05,6.197363627065713e-06,1.8721734925249136e-08,0.001648573048808139,1.847894040295351e-05,3.4127740547902894e-08,1.975079453925092e-06,0.09956620404144007,0.06675658973085472,5.841550592140323e-05,0.7503038676063848,9.807466768387878e-09,0.0028315224005962315,0.06275858367985043,3.3463368681323655e-07,0.0011304897410861154,9.930321855729957e-08
31,0.0003050061819952316,4.098701600660416e-05,0.0030843091527824953,1.7884194275884107e-06,2.035590998666508e-05,0.004661977808036531,4.259642184869581e-05,0.004353034844314491,4.321774648754751e-05,6.011066179254944e-06,1.980148330890456e-08,0.0017229140239605357,1.273175649094513e-05,4.446619188480036e-08,2.2381339633170773e-06,0.09659507255130369,0.0683656422785155,7.040530714188881e-05,0.735573208238669,8.839239622094763e-09,0.003029308165132904,0.08088519053202524,4.5907029442605646e-07,0.0011833174362187301,1.5483230398280733e-07
32,0.00031961593438331593,3.099297169687548e-05,0.0037436915960731747,1.3492690869813152e-06,1.4313031242920155e-05,0.002945073678826281,2.3576557997441746e-05,0.005678226039640208,3.382107652150172e-05,5.267292479439364e-06,1.5184930169930963e-08,0.0012339378242483445,1.646517965410633e-05,2.8052110974855504e-08,1.6205480843701239e-06,0.08539530409145392,0.05827575499884719,5.1151807290758255e-05,0.786264430109825,8.222437842024322e-09,0.0022903394826354387,0.052683618768314094,2.7447808965670375e-07,0.0009910411467474788,8.265738265454535e-08
33,0.00022150050522812213,1.8508441456528383e-05,0.002341162472692727,1.0098300234345912e-06,8.195767847580578e-06,0.003142619136207805,1.919287440532863e-05,0.003543425469281867,1.555591014352642e-05,3.72468166652577e-06,4.989986739486481e-09,0.0008691236209898663,1.561171658176068e-05,1.6833044432967707e-08,5.263352766760265e-07,0.0824793331548663,0.06809278766144695,4.1262367228907255e-05,0.7891911510370615,5.73352415975685e-09,0.0014578411738748302,0.04723444867922296,1.5354366713015442e-07,0.0013027906761946377,4.7388079549257955e-08
34,1.4035902299717265e-05,7.451029993708208e-05,0.0016233458264810696,1.5028995614415482e-06,5.875186506995969e-06,0.04291010349326005,0.00010186618169848433,0.005656183353625183,3.796044487437375e-05,5.416159245067132e-06,5.509381328492529e-09,0.011269492120545328,5.220251721154333e-06,1.7065697082496044e-08,5.568869078557415e-06,0.15930285293783675,0.06867353355707681,0.00010536212126072662,0.19748837711087713,8.683148728707062e-09,0.01770209732434534,0.4923602299366291,1.1181704977558524e-06,0.00265510366810985,2.129263049118893e-07
35,0.0005280743935799943,3.934898250465056e-05,0.0021493346509278894,1.651504583852035e-06,8.749739253803411e-06,0.0018439422450926453,1.1003709072746478e-05,0.01799293026386184,0.00013128670123393083,5.206322201686513e-06,1.4126153116729001e-08,0.0006055531328035819,1.0421583554526437e-05,5.45180448862537e-09,1.1979710199247298e-06,0.04556142233969076,0.038365639489335863,1.861305907279781e-05,0.8163811528478997,3.1250486119624727e-09,0.0004899788830480913,0.07560634886159541,7.94705648305017e-08,0.00024797670347268214,6.444262261885902e-08
36,0.00011799626423986712,2.334151793936723e-05,0.002619026822187562,3.9047065137232456e-07,1.7916504403070194e-05,0.0018769799372518581,2.960127192415233e-06,0.0005201641213333449,1.7039702772889e-05,2.567707199412593e-06,3.2500997324199967e-09,3.240851504174599e-05,7.411068785460769e-06,5.732773649983585e-09,5.23858412874824e-07,0.030518089832138082,0.005487020134867734,1.629558488430753e-05,0.9546183180267411,3.244512137612087e-09,0.001050508726333546,0.0025523281784757545,2.971679839934595e-07,0.0005183881205015783,1.538327704735156e-08
37,0.0003407777198776431,3.3973291360649184e-05,0.004163829416491138,1.618962195140097e-06,1.6048342556820146e-05,0.003339854981529268,3.0129330140972468e-05,0.0073141915356106394,4.235960509566185e-05,6.229620906042971e-06,1.8903694230112845e-08,0.0016173824007053748,1.7767944307459228e-05,3.096173197423395e-08,2.0476356740702704e-06,0.09656379196745095,0.06387499039712985,5.6213048703572485e-05,0.7534648226697255,9.465508800696247e-09,0.0027000548841309047,0.06537353402826439,3.1748396981299197e-07,0.0010399071651144612,9.823812456583476e-08
38,0.00022968513113343208,2.3732248017251206e-05,0.003655069386158977,1.5234031296980667e-06,1.1869096829757971e-05,0.005437851373083545,3.339609990062999e-05,0.005435365446768321,3.0107385229063128e-05,5.114579807657493e-06,1.4523624217886442e-08,0.0017478915823665928,1.6763415184334072e-05,3.045907992399229e-08,2.0252694961763237e-06,0.15353296314988027,0.05433750732045504,8.262990849856655e-05,0.716251795700608,9.568187770327626e-09,0.004447970809821833,0.053493171569957844,4.1365942979507405e-07,0.0012230397273333608,5.918601803063756e-08
39,0.0014888627449179206,3.2903010219075863e-05,0.0035351531552769103,2.665568808091481e-06,4.498875679266577e-05,0.0015802689104755527,7.068386606259167e-05,0.0063781171330601115,6.359027602938807e-05,1.5038764633824015e-05,7.755527338749763e-08,0.0012185638351075634,2.878702869509691e-05,1.5408080413480952e-07,2.676650135300474e-06,0.05394438583060148,0.07882009762534566,7.270377714157085e-05,0.8069650059146619,1.7748283810009444e-08,0.0009379548290190559,0.04341706053520911,5.217398156427431e-07,0.0013793715548321174,3.4910879801694157e-07
40,0.00027729292770105985,2.5237405930085114e-05,0.0025978372878382515,1.7841485075909784e-06,9.43548167272906e-06,0.005209570328867325,3.0712392727257914e-05,0.008860859147500316,4.9857341796680505e-05,7.590351969115276e-06,1.2831852498733962e-08,0.001241069420288309,1.728306685811921e-05,1.7919087413233515e-08,1.7908562856179192e-06,0.1198427348373269,0.06751092660542216,7.39666633509258e-05,0.7254672900648429,8.815296524054245e-09,0.0026715828798866514,0.06484382838961628,3.908096753347422e-07,0.0012588474290341249,7.25966657467107e-08
41,0.00029186793068548367,5.2910801092278884e-05,0.0028060378444849897,2.517025094140014e-06,2.821006317192276e-05,0.0022580658112237367,8.264727626392885e-06,0.00855848806306095,7.399895598891008e-05,3.844224647894538e-06,3.617893195214899e-08,0.0006081690578676747,1.7170110744248393e-05,2.5953320205437634e-08,2.497779922740005e-06,0.09273053040395988,0.012502734885007867,6.557850552938584e-05,0.8557697897739994,1.01110512442746e-08,0.0007955396163270655,0.02322067814502995,1.4093198632949027e-07,0.00020285372316977628,3.9376075687869516e-08
42,0.0018579231300887063,1.7883847860176637e-05,0.00457710555039598,2.1969087558958413e-06,8.862119044885039e-05,0.003102061918900047,0.00027694983149619684,0.004824882972036001,4.5040864925878155e-05,2.3326013543733795e-05,9.449929514937061e-08,0.0031770742023673492,6.676480023777573e-05,8.232124743092352e-07,4.938220646188297e-06,0.10513788096658665,0.15111000578542927,0.00027929597042905107,0.6870921728756655,5.2416183560270406e-08,0.0047112163136807175,0.026684768831224236,2.931134267190345e-06,0.006915335437577786,6.531054838668348e-07
43,0.00025588606762628574,2.514025338516364e-05,0.0043538323319623744,1.3508050840553477e-06,1.2788470353968226e-05,0.0040909987385764094,2.88963323860163e-05,0.007558206679008269,3.776009923271056e-05,7.128574266117139e-06,1.1383682872602853e-08,0.0014548481378417767,1.8741525475176944e-05,1.8391881043068947e-08,1.5953819691815708e-06,0.10757609635244966,0.0694866133085022,4.907044651446559e-05,0.7358249575631031,8.777851595028778e-09,0.0035770769888286693,0.06438062707737849,2.993438581148689e-07,0.0012579816471432275,6.53216391369234e-08
44,0.0003563302485189925,3.2137172680251494e-05,0.004241588232159614,1.61635738291902e-06,1.6305356124072645e-05,0.0032929612654556376,3.1896400256507436e-05,0.00690629927869942,3.947195644905059e-05,6.197363627065713e-06,1.8721734925249136e-08,0.001648573048808139,1.847894040295351e-05,3.4127740547902894e-08,1.975079453925092e-06,0.09956620404144007,0.06675658973085472,5.841550592140323e-05,0.7503038676063848,9.807466768387878e-09,0.0028315224005962315,0.06275858367985043,3.3463368681323655e-07,0.0011304897410861154,9.930321855729957e-08
45,0.0003551786706239196,3.189712288938254e-05,0.004243494177956334,1.6135499797853709e-06,1.6219151828669796e-05,0.0033055821811336624,3.19665641653995e-05,0.006995732871504162,3.954970990601954e-05,6.231423300750732e-06,1.8660101864942488e-08,0.0016537113495744666,1.858328666855915e-05,3.390289975744276e-08,1.9772130100038107e-06,0.10008761264419262,0.06658881336936094,5.841143746568761e-05,0.7498970335891622,9.82694273041557e-09,0.0028284346899873428,0.06270545699781328,3.3240681454192795e-07,0.0011320069357115263,9.826700623906344e-08
46,0.0005018594572157097,1.2928807268751186e-05,0.004186471649506073,1.6039162335968674e-06,8.341136781859483e-06,0.002457127075554169,3.8082850147363205e-05,0.006806974918578566,2.1508044503707927e-05,6.426339492632508e-06,8.871272223883352e-09,0.0017842254128328527,2.43531376140256e-05,1.4856753760078336e-08,4.82287701649407e-07,0.09254877519155853,0.20480406255464534,3.1907125406107195e-05,0.586408901072176,7.996483612954568e-09,0.0026325499505533393,0.09625698643113662,1.8731287625125883e-07,0.0014661406613657776,7.29423415663914e-08
47,0.000309373679122073,4.736832451121945e-05,0.004039614482662614,1.6851608780008468e-06,2.1830247127076503e-05,0.0037580673939411847,3.2303148942362355e-05,0.007076901194943183,4.986993269658213e-05,6.544453155759847e-06,2.763977144253872e-08,0.0017255236397029734,1.6825047026028995e-05,4.659000300313394e-08,3.4637750170084658e-06,0.09177808002660634,0.05759800013815093,8.103372766039702e-05,0.7647971582050063,1.2048753227387257e-08,0.003222045060941051,0.06438214981380377,4.5807339347138373e-07,0.001051482429735265,1.3576644889313487e-07
48,0.0005582130144449305,8.423801320437217e-05,0.009026157766545908,6.852968166704736e-06,5.2625886106648504e-05,0.0047445087773976755,7.187771719797102e-05,0.012416312973717335,0.00010468277784757773,7.978543467356403e-06,1.689647106488013e-07,0.007221971609411128,2.460588231526318e-05,1.9131497973766068e-07,1.2149899269073186e-05,0.23434475345038672,0.04761262082463885,0.00017756494282575945,0.567034659653064,3.1151465822490814e-08,0.008449369314370951,0.10731409450838653,1.0993727622620763e-06,0.0007330093258900338,2.613474266258599e-07
49,0.0002277118951550296,3.96636516825419e-05,0.0051545095947353944,1.6057935068512326e-06,1.2640128010712962e-05,0.004223319270922635,2.7681754105658718e-05,0.008219433966993626,3.892437216849088e-05,5.718954743723355e-06,1.3354977740723517e-08,0.0023142674910029506,1.640677123553045e-05,1.875489327851988e-08,1.7461769557967967e-06,0.10496192086599983,0.0651802192395056,3.9715604103874565e-05,0.6989327199571229,8.36063145616854e-09,0.003241640371080919,0.10639311396250561,2.253674575897135e-07,0.000966691136716472,8.320378580301729e-08
50,0.0006486948533307707,1.5440156064622232e-05,0.005076363922697087,1.4517372910563002e-06,1.8020817589763344e-05,0.002326067730523337,5.613698421363546e-05,0.009187456359630513,3.631386535276515e-05,1.0623179318456212e-05,1.8977909400736744e-08,0.0016381800514237064,3.3177558114499506e-05,4.424616837961361e-08,1.336436098037013e-06,0.09830650633403175,0.09200968650737944,4.694064605472697e-05,0.7414719150852443,1.2329978762799838e-08,0.001980600784185094,0.04529585419283567,2.908842210147375e-07,0.001838764732665913,1.0162767728720512e-07
51,0.00014253431934005653,0.00047066455201355827,0.0028339619572436423,6.768134394739312e-06,8.249091418781487e-06,0.005100244026993353,6.502904845647165e-06,0.013026690222772603,7.289741101475067e-05,2.703520105791711e-06,5.53598142176704e-08,0.0026524491376951767,4.857169880380687e-06,2.142588347110734e-08,1.1123969713316088e-05,0.06261071570860526,0.02210845038322185,6.38416467176541e-05,0.5582513425112559,6.7693205023443305e-09,0.002998915582309223,0.3294528163525122,2.319393167642924e-07,0.00017379357551631963,1.6232809480850604e-07
52,0.0002986326267063276,1.5571087626015775e-05,0.0019419555695454015,1.8692302800394433e-06,1.2693495398109113e-05,0.005770318437480469,1.9597107709154552e-05,0.01662925270165534,5.1723314068406664e-05,1.989024357291052e-05,2.8404749375339074e-08,0.0015337551805348231,3.331353443680541e-05,2.7236328361678885e-08,3.7200078014289195e-06,0.10451862662531279,0.02154602004274288,0.00013360592440304943,0.8106134671530293,1.7888428255793953e-08,0.0012860618985172689,0.03478533133651676,2.0794920647128308e-07,0.0007842766984841107,3.630546610427372e-08
53,0.0005185980784527868,2.3730937125047692e-05,0.007165630911770614,3.5036651630534405e-06,3.4021715924654946e-05,0.005537539828795481,0.00017171357525485185,0.009409371866359846,6.022693576121002e-05,1.1170933072978279e-05,5.4486532159471574e-08,0.005598133393536261,3.709601169325787e-05,1.3545590140440172e-07,4.094908133314088e-06,0.2573028086253073,0.12980445250662437,0.0001809862783135938,0.49047524389519404,3.431926322414112e-08,0.009966381179370444,0.08106343758803834,1.4915557854497115e-06,0.0026299285144739163,2.1283415222886362e-07
54,0.00026060738948188017,9.471586262043297e-05,0.002233580428986083,1.4977757728486259e-06,1.2931383001105019e-05,0.003905786225915815,2.2860933727889242e-05,0.00458832854623875,4.751563907631115e-05,4.005541263862487e-06,1.5285882849177324e-08,0.0012917678127818066,5.870055744291571e-06,3.10247542310788e-08,2.9771499190647046e-06,0.051141606647833016,0.041731481679963274,3.370209974712284e-05,0.7797068514547174,3.81250016588625e-09,0.001707373087681058,0.11247272464829351,2.572904339264168e-07,0.0007332988074827614,2.094161805914427e-07
55,0.00037549224658907067,2.7341649521635703e-05,0.0045215540965711275,1.9801610226498254e-06,1.8790521367868276e-05,0.00454272863260384,5.0675728374841085e-05,0.01081924069756642,5.151136594137352e-05,7.471513927082106e-06,2.0842057036177565e-08,0.0036225337539007862,2.713433460379532e-05,4.693753904518915e-08,2.283714866203836e-06,0.15399171565626768,0.07060648091768496,8.109503598771729e-05,0.6697976748695904,1.4010352289935823e-08,0.0032992160696594048,0.07675428605389018,3.777658690291652e-07,0.001400222461778782,1.1096246677517587e-07
56,0.0003612956458811818,2.888980142567019e-05,0.00430750237755432,1.6388898298191534e-06,1.5838558966122462e-05,0.0033548853674573156,3.21218402070079e-05,0.007408164265514107,3.919426518640525e-05,6.710363104359236e-06,1.796582673097414e-08,0.001645480568209696,2.1290176600898867e-05,3.2619312248124706e-08,1.806092244679098e-06,0.10326674986236077,0.06708602380562263,5.796719784903432e-05,0.749418103349837,1.0582915683228427e-08,0.002694150132199108,0.05907315562616894,3.2042559133792317e-07,0.001178558631534326,9.15886005756978e-08
57,0.0008350434936533552,6.892155016434606e-05,0.0005418239858878337,4.000913298119869e-06,1.0872312173073763e-05,0.0038452827235193805,2.325409301312994e-05,0.004335859081494952,5.104139258593921e-05,4.36837089543259e-06,4.93484836663239e-08,0.0004313612782997175,6.845157853255271e-06,1.0333887138824699e-07,5.770105012369978e-06,0.05125090892385212,0.05181000412942535,0.00030986833060577126,0.8411196539569727,7.1099566008175215e-09,0.0015564404089377973,0.042891529122455786,1.2056806051796644e-06,0.0008955387730255241,2.4641895708459734e-07
58,0.00033799763607466607,2.623589776254514e-05,0.00395928808845977,1.3157118530536996e-06,1.4178334629646113e-05,0.003389394243162683,3.232856744876218e-05,0.006555966663217486,3.371111647346344e-05,6.887353162291445e-06,1.3156882687328439e-08,0.0014883207191770337,2.1153186384348333e-05,3.046019372121319e-08,1.5618076237644939e-06,0.09369786111999848,0.0703461552293519,5.482703844457245e-05,0.7609373346338868,9.679825190134857e-09,0.0026131972625123745,0.05493928664957705,3.3201340566253555e-07,0.0015425242212888336,8.920920326778989e-08
59,0.00033968299592459844,2.6365973934508727e-05,0.00486782866687385,1.361459159182e-06,1.4986744707303106e-05,0.003190005964494348,3.3522271505395804e-05,0.006927940245726289,3.31269343905812e-05,6.815959847817558e-06,1.4262340557017273e-08,0.0016452426349554648,2.2495402566001514e-05,3.09061840405178e-08,1.5904916566478945e-06,0.10108542206046964,0.07304466365201384,5.1805591967083326e-05,0.747226708906694,1.0491422507962154e-08,0.0029503421405045363,0.05702673203085564,3.238614780301398e-07,0.0015028938358064526,8.651452182994771e-08
60,0.0003563302485189925,3.2137172680251494e-05,0.004241588232159614,1.61635738291902e-06,1.6305356124072645e-05,0.0032929612654556376,3.1896400256507436e-05,0.00690629927869942,3.947195644905059e-05,6.197363627065713e-06,1.8721734925249136e-08,0.001648573048808139,1.847894040295351e-05,3.4127740547902894e-08,1.975079453925092e-06,0.09956620404144007,0.06675658973085472,5.841550592140323e-05,0.7503038676063848,9.807466768387878e-09,0.0028315224005962315,0.06275858367985043,3.3463368681323655e-07,0.0011304897410861154,9.930321855729957e-08
61,0.0003401320391402844,2.7088504081855256e-05,0.004696221579245673,1.304055678756054e-06,1.5360988115330066e-05,0.0030940004284824856,3.185883446854098e-05,0.006367037521807816,3.382782402779825e-05,6.4107426641489466e-06,1.4646147179758343e-08,0.0015661961357630364,2.0435955173041325e-05,3.1052688315439126e-08,1.6231904836677625e-06,0.09680706454179604,0.07007863389891857,5.00802599140177e-05,0.7569068625746109,9.60436406023773e-09,0.0028781988735675917,0.05570548315174582,3.2154655189165867e-07,0.001371713259435301,8.879112793493583e-08
62,0.0003563302485189925,3.2137172680251494e-05,0.004241588232159614,1.61635738291902e-06,1.6305356124072645e-05,0.0032929612654556376,3.1896400256507436e-05,0.00690629927869942,3.947195644905059e-05,6.197363627065713e-06,1.8721734925249136e-08,0.001648573048808139,1.847894040295351e-05,3.4127740547902894e-08,1.975079453925092e-06,0.09956620404144007,0.06675658973085472,5.841550592140323e-05,0.7503038676063848,9.807466768387878e-09,0.0028315224005962315,0.06275858367985043,3.3463368681323655e-07,0.0011304897410861154,9.930321855729957e-08
63,0.0003096038274915031,4.251740157759359e-05,0.0036336940322076326,1.6064181902644036e-06,1.5114724422020746e-05,0.0034505699794464867,2.488802353233386e-05,0.006172691317910023,4.141204310019981e-05,5.37867098588934e-06,1.829434809067418e-08,0.0013833825733537922,1.4573717776572754e-05,2.9733483798501596e-08,2.1625307515031447e-06,0.0848170336133292,0.05791332216505423,5.637235015309752e-05,0.7716942641006193,8.443701667661736e-09,0.00258722584438838,0.06689986318674665,3.232740589781481e-07,0.0009338386228926674,1.0511047813539482e-07
64,0.00031012582287399894,3.302117905989089e-05,0.00559963240661634,1.573587990331494e-06,1.5768372847700595e-05,0.003498276621391036,3.1442251654399984e-05,0.006281818237466161,3.463747789105078e-05,5.572812997323425e-06,1.74045740252177e-08,0.0019955445138660514,1.8636801042096325e-05,3.307739336083873e-08,2.045429954556527e-06,0.11807942288025636,0.07590949670199294,5.73136270873094e-05,0.713526598643827,1.0289974908684766e-08,0.004734266560832599,0.06862888688232349,3.954006583573678e-07,0.0012353721022497124,9.091317885986898e-08
65,0.00033195579113009133,3.4565163315028234e-05,0.004178929993302722,1.6102988725170715e-06,1.6077957607695826e-05,0.0034981763672308477,3.1386315441919846e-05,0.006462308290719411,3.864537805598194e-05,5.890515688485715e-06,1.7976895871548975e-08,0.0016632213277201656,1.7484887423088685e-05,3.4261540942723336e-08,2.0364683078612345e-06,0.09975959281761163,0.06701250702380082,6.066678666894999e-05,0.7475489541874406,9.733535624984215e-09,0.003080482866135245,0.06509474456653015,3.587931339424701e-07,0.0011602390178596382,1.0321403073415856e-07
66,0.0004340409531092422,1.9108495651810272e-05,0.005316506690040479,1.407799476844434e-06,2.028684998766396e-05,0.0026217889467851155,3.8218456473447344e-05,0.006481825258047658,3.5214834297080204e-05,6.976210701163158e-06,1.6041797841821412e-08,0.001371725100245154,2.6442679477534583e-05,3.1545545161371324e-08,1.1637700135152876e-06,0.10626226706450341,0.07151396307713866,4.555613294501611e-05,0.7591499400672761,1.110002867465261e-08,0.0023297161090135546,0.04308977840565988,2.650814619735166e-07,0.0012336733861356413,7.594418739799443e-08
67,0.00026944629711566867,4.1602522815685756e-05,0.0037985704080741893,1.6480798185647728e-06,1.4042453852826798e-05,0.004487519521856499,3.2377198593100744e-05,0.005400516469115931,3.563741242965352e-05,5.103398462134782e-06,1.6370106406870186e-08,0.0017906360972647583,1.5047124700722072e-05,3.483737690069875e-08,2.2383494746969988e-06,0.10209472671897472,0.07475678763193366,7.341283346871547e-05,0.7247360600495533,9.872433401924636e-09,0.004061422559597679,0.07706334148260154,4.758597361765886e-07,0.0013192039362427853,1.225144003036593e-07
68,0.0003336534405252505,3.350234427214339e-05,0.004377643918608047,1.6849366246159582e-06,1.6331848997585545e-05,0.003777333221456252,3.464404734438718e-05,0.007656091129148092,4.00721057540631e-05,6.478347669501699e-06,1.9403747151304686e-08,0.0019631714599758353,1.9337750871099118e-05,3.561854716991121e-08,2.254833921616196e-06,0.10777508292271265,0.06867134869611126,6.579195195944084e-05,0.7313875036848038,1.081453274179758e-08,0.0033286223646577266,0.06929574076042588,3.6124554560420726e-07,0.0012131811314890625,1.0202029913754731e-07
69,0.0003938965310759186,4.690424181713929e-05,0.004924669303889116,2.346207733764476e-06,2.027163583117042e-05,0.0038437290744653507,3.620674138143895e-05,0.009185722475016412,5.7952427395608776e-05,7.41194898791784e-06,4.016345651171637e-08,0.002328182066557657,1.913908715029603e-05,4.5330273486963073e-08,3.954708303863757e-06,0.10542551309032278,0.07927871749405527,9.51961013065921e-05,0.7010372679565989,1.4880195359134013e-08,0.0044968731237815,0.08783282116129573,5.485762597464967e-07,0.0009624270524247898,1.4862042372159146e-07
70,0.0003125537992253014,3.4956730291400725e-05,0.005220450731985275,2.320675321749863e-06,1.8190646725821334e-05,0.0044644330767307176,3.6348198951148475e-05,0.008222620758751126,5.1123170136262295e-05,6.466408751704865e-06,2.2588580000777804e-08,0.002085779886582245,2.030819300815943e-05,3.046728791256959e-08,2.210680081735181e-06,0.14472346336549763,0.054299850996871166,6.299582641842113e-05,0.7051195338979036,1.169978508563347e-08,0.0034504211635970772,0.07094258439136493,3.538980525813636e-07,0.0009228814655280091,8.728257099684833e-08
71,0.001228308215579278,6.101444115627041e-06,0.005413049191382909,1.5212092062039633e-06,3.456795906570346e-05,0.002992137979640602,0.00032814127314807653,0.01466219827037257,6.673779845123733e-05,2.6321138788428345e-05,1.6527462113996587e-08,0.0021186915497137773,6.755596480791456e-05,6.029527773912752e-08,7.900077306071006e-07,0.1308774597047439,0.1723824155994184,3.9322764040640746e-05,0.619765296372105,1.8644655390330813e-08,0.0015448448971263993,0.04394533962619647,3.5103988831359316e-07,0.004498591735324626,1.6079175801562752e-07
72,0.00035092485923295515,2.8975864466750854e-05,0.004319716829367084,1.6120796540931004e-06,1.632915753532196e-05,0.003427126518460495,3.4285268185640926e-05,0.007149029791038708,3.866694028312019e-05,6.202079176006771e-06,1.7611739511065285e-08,0.0017056668435047938,1.9738721957034503e-05,3.3786220484123136e-08,1.849055457341433e-06,0.10906510618785084,0.0676127324347018,5.9836398540688374e-05,0.741630155899973,1.015781348132143e-08,0.0029183359385033156,0.06042804905953414,3.2828869797145014e-07,0.0011851788420117813,9.138609386705845e-08
