,0,1,2,3,4,5,6,7,8,9,10,11,12,13,14,15,16,17,18,19,20,21,22,23,24
0,8.223579935349239e-07,2.574239579314773e-05,1.2879078284387273e-06,3.18228765964759e-11,4.8052986462509446e-08,4.174741584136268e-06,3.1168576724547876e-06,3.5803747053438624e-05,1.798778350750821e-08,3.414096406130761e-08,3.318573172812906e-08,2.8750383735270927e-06,2.265951778345481e-06,9.727083027197932e-09,5.477108742998042e-06,6.186004346625184e-08,4.160822669448976e-07,1.1721101358888917e-10,0.9931126809595006,2.817947342288252e-08,3.949127248198958e-06,0.006801133473866921,9.321195884264703e-09,1.1423340239823703e-12,1.1644859541891503e-08
1,1.3713283504415077e-06,3.3707235767273496e-05,1.6282181562461378e-06,4.674465898704471e-11,7.816833284790943e-08,2.8953614802153648e-06,3.998380053538918e-06,5.071187634906009e-05,4.3305751854240815e-08,5.068318239146756e-08,3.615071788119894e-08,2.300887025891585e-06,2.519400065803937e-06,9.798426242380708e-09,5.58742791240467e-06,8.199641193543116e-08,5.035663950478556e-07,1.352616851706472e-10,0.9928133430620176,2.2204393874256018e-08,2.805543178602979e-06,0.007078281444070259,8.179897051068195e-09,1.6848678463466236e-12,1.5598372527173756e-08
2,1.2635776583748232e-06,3.0484384934424096e-05,1.6380265230212834e-06,5.062289144411262e-11,8.818676277074464e-08,3.30475126135623e-06,4.375492744292263e-06,5.1824861448963294e-05,4.8980870714173916e-08,5.7573053067424024e-08,4.273279339987665e-08,2.3682895069798707e-06,2.1355858663837793e-06,1.5402081287425467e-08,8.235472656312506e-06,6.463358730251433e-08,5.145289253446549e-07,1.517207371259134e-10,0.9868685372365947,3.620352456709673e-08,3.8062780564709024e-06,0.013021118364689232,1.3278580058323047e-08,2.3253988051359893e-12,2.5953211695214112e-08
3,1.1795782506833336e-06,3.4960444184175e-05,1.8125742109687768e-06,4.900080590169264e-11,7.1092483577788e-08,3.406908582791453e-06,4.164513769620292e-06,4.896629190264162e-05,3.1053733244425147e-08,4.401574215835808e-08,4.394525452782613e-08,3.237674425220895e-06,2.7191102132119484e-06,1.3228363805191747e-08,6.887366478877109e-06,6.646403152103923e-08,5.97928462606528e-07,1.5925588829626273e-10,0.9897079824204361,2.4574129313726204e-08,4.039125848070345e-06,0.010179723436134911,9.76187908222735e-09,1.6458684590798685e-12,1.8281580229437644e-08
4,1.1618420652221116e-06,3.849118357175616e-05,1.8720079829822768e-06,5.1792412101992597e-11,7.489437243845716e-08,3.3224974647739167e-06,4.221786498749952e-06,4.861442860951675e-05,2.9968528212521424e-08,4.347524227089359e-08,4.911788766217455e-08,4.0315905692391365e-06,3.5225704893421233e-06,1.524956131002489e-08,6.072787599251472e-06,6.828626172069596e-08,6.508594831652105e-07,1.874880353883085e-10,0.9898070844588818,2.5481156747915387e-08,4.070053085236612e-06,0.010076549048896245,9.805174273195879e-09,1.5683778614463056e-12,1.836576943144873e-08
5,1.7900443440648528e-06,3.462384762096397e-05,2.2656179677025618e-06,7.567986964592129e-11,7.88456369568187e-08,3.7074654980051322e-06,5.091359951335423e-06,6.55067129681222e-05,4.124724884478173e-08,6.181957625480848e-08,5.307430992856015e-08,4.244087085308468e-06,3.297478861571687e-06,1.8033835402225065e-08,6.913580296271129e-06,8.361828299192285e-08,8.940582496904645e-07,3.104866859744329e-10,0.9870659085034799,3.7518165359769795e-08,4.836864570860524e-06,0.012800505476913264,1.3293253367289955e-08,2.6848276518911044e-12,2.7063032443247427e-08
6,1.1795782506833336e-06,3.4960444184175e-05,1.8125742109687768e-06,4.900080590169264e-11,7.1092483577788e-08,3.406908582791453e-06,4.164513769620292e-06,4.896629190264162e-05,3.1053733244425147e-08,4.401574215835808e-08,4.394525452782613e-08,3.237674425220895e-06,2.7191102132119484e-06,1.3228363805191747e-08,6.887366478877109e-06,6.646403152103923e-08,5.97928462606528e-07,1.5925588829626273e-10,0.9897079824204361,2.4574129313726204e-08,4.039125848070345e-06,0.010179723436134911,9.76187908222735e-09,1.6458684590798685e-12,1.8281580229437644e-08
7,1.1802987535446832e-06,3.500991027924417e-05,1.78790505904766e-06,4.976428364896856e-11,7.185195319818796e-08,3.54926711298955e-06,4.237172794894901e-06,4.8874975923147464e-05,3.279699971685688e-08,4.5534566347619983e-08,4.4427508754030855e-08,3.24997818687275e-06,2.646662115993568e-06,1.3896437792633538e-08,7.1923213587602175e-06,6.819013449176568e-08,6.181110165826354e-07,1.620384623892298e-10,0.9892218128203244,2.5579621421199646e-08,4.086652931037894e-06,0.010665421466210715,1.0421549274107957e-08,1.727255609277218e-12,1.954563163506274e-08
8,2.6210751659613902e-06,5.801947453043863e-05,3.771107758209677e-06,1.5249380928699776e-10,1.8427945459521795e-07,5.6904205400332276e-06,7.796492943539087e-06,6.764238949226162e-05,1.4487421325986082e-07,1.68691880235015e-07,1.0872181435250915e-07,2.9894374410411284e-06,2.6058616799724717e-06,4.6043311169959425e-08,2.2797239890528715e-05,9.972437790904058e-08,1.1123849788896644e-06,3.204105305793049e-10,0.9700629428877754,5.489025070178107e-08,7.0458938118289965e-06,0.02975405146543731,2.6164349029583027e-08,1.2366500357669075e-11,7.99936325329138e-08
9,1.6913686303587146e-06,3.190757415647643e-05,3.7013291743227147e-06,1.2507940819392057e-10,1.1029176999274837e-07,4.56663716916306e-06,4.280381767530194e-06,7.102665221048882e-05,6.1897799283031e-08,1.096595440027347e-07,7.483486123210785e-08,2.7893090456083816e-06,3.0958890637178305e-06,2.7851507248457844e-08,1.1218307352620958e-05,9.245954195233469e-08,9.455997910596749e-07,2.2780058244130144e-10,0.9818045316628344,5.143180160536588e-08,6.304888298687363e-06,0.018053366852105197,1.7879053512470717e-08,6.190561541861532e-12,2.688345082042113e-08
10,1.1795782506833336e-06,3.4960444184175e-05,1.8125742109687768e-06,4.900080590169264e-11,7.1092483577788e-08,3.406908582791453e-06,4.164513769620292e-06,4.896629190264162e-05,3.1053733244425147e-08,4.401574215835808e-08,4.394525452782613e-08,3.237674425220895e-06,2.7191102132119484e-06,1.3228363805191747e-08,6.887366478877109e-06,6.646403152103923e-08,5.97928462606528e-07,1.5925588829626273e-10,0.9897079824204361,2.4574129313726204e-08,4.039125848070345e-06,0.010179723436134911,9.76187908222735e-09,1.6458684590798685e-12,1.8281580229437644e-08
11,1.1432238984472292e-06,3.57293738113231e-05,1.7890775654760768e-06,4.9608843656303504e-11,7.041993028926968e-08,3.3506181000056672e-06,4.1718374185739e-06,5.097656433371412e-05,2.943489127043665e-08,4.1859581322137775e-08,4.2994930403947154e-08,3.5229246823339272e-06,3.089104974820165e-06,1.3096193619487364e-08,6.2173263154733335e-06,6.806586078935723e-08,6.18038212295917e-07,1.6432437643231338e-10,0.9903427803085448,2.453033575197802e-08,3.92717438379751e-06,0.00954236736779452,9.453590100773367e-09,1.4716372647757492e-12,1.6989245826127644e-08
12,1.6145399927319626e-06,7.999332417455351e-05,2.793119060542116e-06,7.996585953886979e-11,2.543441678417338e-07,7.3982214009983015e-06,5.473247942899053e-06,3.153297032348811e-05,5.0418444266794717e-08,4.018052402413896e-08,9.152277018986487e-08,7.046819807979885e-06,3.8167963011621234e-06,4.277628585107959e-08,1.0777393690058191e-05,8.122219714272513e-08,7.359509162363326e-07,3.9854147736463393e-10,0.9908853070037777,4.495142181227394e-08,5.413253744837076e-06,0.008957403705920684,2.816786205137029e-08,2.788358879989831e-12,5.958797716004317e-08
13,1.004548146917021e-06,3.992922963672142e-05,2.3766474278839107e-06,8.663358218630225e-11,1.2017757588311046e-07,2.8877376754245125e-06,3.6945995094671645e-06,4.048029700015545e-05,2.05728530748797e-08,3.4063817598172806e-08,1.5703136202921222e-07,5.038484248791855e-06,5.242002504666251e-06,1.9482817702742037e-08,1.0665786818365888e-05,7.5433813524854e-08,5.557369691880092e-07,1.5459550789330022e-10,0.9916200313990996,1.7816230540977563e-08,7.339135864980248e-06,0.008260285554802424,1.2541418688353137e-08,2.174678996111155e-12,1.1477002479663477e-08
14,2.757274612358125e-07,3.858706398616897e-05,3.816905940892282e-07,3.972610112050725e-12,3.215226422273299e-08,1.683792283753906e-06,8.579114155795353e-07,4.961949737992178e-06,1.7970225294159598e-09,4.52029099961788e-09,2.034019413743581e-08,4.286702786629288e-06,2.0804270066543418e-06,3.3614423311058505e-09,9.065438220037899e-07,1.573194481120318e-08,7.570056975219923e-08,3.693704465085896e-11,0.9988059788671252,3.4832290034844527e-09,1.68255494052806e-06,0.0011381566014506401,1.1224009036424256e-09,6.884770652841968e-14,1.9170521909413317e-09
15,1.1795782506833336e-06,3.4960444184175e-05,1.8125742109687768e-06,4.900080590169264e-11,7.1092483577788e-08,3.406908582791453e-06,4.164513769620292e-06,4.896629190264162e-05,3.1053733244425147e-08,4.401574215835808e-08,4.394525452782613e-08,3.237674425220895e-06,2.7191102132119484e-06,1.3228363805191747e-08,6.887366478877109e-06,6.646403152103923e-08,5.97928462606528e-07,1.5925588829626273e-10,0.9897079824204361,2.4574129313726204e-08,4.039125848070345e-06,0.010179723436134911,9.76187908222735e-09,1.6458684590798685e-12,1.8281580229437644e-08
16,1.6174508880010147e-06,3.68455977653668e-05,1.910318157089467e-06,5.4034994905253745e-11,5.5452244254540347e-08,3.385109245521132e-06,4.4329717040041644e-06,4.788845335912696e-05,2.5680450842282615e-08,5.783780603594962e-08,6.036584908330246e-08,5.6321224244465065e-06,2.6679633968538803e-06,1.982645483061845e-08,7.40907487030985e-06,5.7352790626623986e-08,9.235967724057461e-07,3.303439568147937e-10,0.9823718346548808,3.1645661849011344e-08,7.250459659357531e-06,0.017507851482206675,1.2711956563143859e-08,2.1268386172927485e-12,2.9484950327852274e-08
17,1.4019787150888354e-06,3.616301830330435e-05,1.3926940998439372e-06,3.86299405643302e-11,5.405597984724322e-08,2.1546157308360247e-06,3.345396321433967e-06,5.4173550976879536e-05,2.1897446451050508e-08,3.00312536071151e-08,3.851033307845023e-08,7.360716800417845e-06,3.936048583165137e-06,1.5412383370692834e-08,3.0561105533177207e-06,4.808399367690103e-08,8.646850618883067e-07,3.3402950141365506e-10,0.9875328054180394,2.6327341423410298e-08,4.3454309651723334e-06,0.012348732353372653,1.0494564865026757e-08,8.985315225156144e-13,2.2795622320408053e-08
18,1.9208328445493386e-06,5.236818276807991e-05,1.3181272162870804e-06,4.534057839855986e-11,5.125029031850273e-08,4.093238420119268e-06,5.623812436812767e-06,5.004453831152402e-05,5.2654045554576466e-08,7.545551707393751e-08,4.953762225479638e-08,7.436389335002025e-06,3.246740190620275e-06,2.8561522397047152e-08,5.748877452524297e-06,6.948374547919091e-08,1.637761411169977e-06,4.743263333019421e-10,0.9740694457720566,3.9479204793975595e-08,5.0928603512012625e-06,0.025791575236753784,1.719950466624834e-08,2.236991573971301e-12,6.348709528064645e-08
19,1.0917430672889485e-06,3.737396649864851e-05,2.1495326574856727e-06,5.527115495283401e-11,8.754044726639343e-08,2.6324837661554657e-06,4.107782153540258e-06,5.953625839928961e-05,2.5515219798754548e-08,3.386525713179901e-08,4.291460544124547e-08,4.175420805845812e-06,3.7842452023585007e-06,1.2472478486714369e-08,5.47282684467175e-06,6.127833617172611e-08,5.55759073237783e-07,1.704281281583575e-10,0.9907768946097666,2.182002937331775e-08,3.733132827586118e-06,0.009098186125782396,7.264127678812886e-09,1.1520592555945165e-12,1.3215802085418692e-08
20,8.132522433196023e-07,2.8271302769023954e-05,1.7934907920409315e-06,5.7790305812317705e-11,6.452562296447748e-08,3.448911190288138e-06,5.023409125139402e-06,5.904056996883288e-05,2.560048587423861e-08,4.542452523969724e-08,5.626255889513433e-08,2.3659472571986062e-06,2.1108468346445426e-06,1.2736994093522314e-08,1.5151751720812626e-05,5.937111541799578e-08,4.974344165042618e-07,9.177249232118737e-11,0.9847206938552449,2.3375181221922444e-08,6.476185428188538e-06,0.015153998258874441,1.1947928990351182e-08,1.895654859360653e-12,1.538826360664361e-08
21,1.3820063252949176e-06,3.807919619956141e-05,1.8020071706635843e-06,3.8752366824065506e-11,7.66708817030384e-08,2.387228437609875e-06,2.523468963667375e-06,3.4361998213784355e-05,2.067247232943871e-08,4.0570377837767416e-08,4.8953726596874136e-08,4.272628015880215e-06,2.522679206678808e-06,1.3529226512847348e-08,4.688475874522357e-06,4.966697340772963e-08,4.662206015024251e-07,2.0160622202192695e-10,0.9914899556314338,2.1487445610079314e-08,4.741953793708421e-06,0.008412520162807543,7.800421456509028e-09,1.4433774783032836e-12,1.6749628190707534e-08
22,1.4810271396966932e-06,2.742125294518985e-05,2.7302542230489403e-06,7.50662694374511e-11,5.643091628241329e-08,3.3569412280642424e-06,3.848158816678508e-06,6.507505936838102e-05,2.4734199422199578e-08,6.393231888273095e-08,5.662416466352765e-08,3.96850999261472e-06,3.047579604110592e-06,1.5626460008112e-08,7.341634821902929e-06,7.621107278729415e-08,9.599133128574374e-07,2.438116657066435e-10,0.9858242401063982,3.0737322264666094e-08,6.272990569047005e-06,0.014049904954655384,1.0261234513251176e-08,2.3930442222811212e-12,1.6737964679134903e-08
23,1.1795782506833336e-06,3.4960444184175e-05,1.8125742109687768e-06,4.900080590169264e-11,7.1092483577788e-08,3.406908582791453e-06,4.164513769620292e-06,4.896629190264162e-05,3.1053733244425147e-08,4.401574215835808e-08,4.394525452782613e-08,3.237674425220895e-06,2.7191102132119484e-06,1.3228363805191747e-08,6.887366478877109e-06,6.646403152103923e-08,5.97928462606528e-07,1.5925588829626273e-10,0.9897079824204361,2.4574129313726204e-08,4.039125848070345e-06,0.010179723436134911,9.76187908222735e-09,1.6458684590798685e-12,1.8281580229437644e-08
24,1.2919388334110255e-06,2.989938883925731e-05,1.4738589055866085e-06,2.751674478852124e-11,2.7594798532429004e-08,4.324107308041609e-06,4.887073040876002e-06,4.2051740368144255e-05,2.924566890549423e-08,6.442145068820883e-08,3.114268015258788e-08,1.5707663618726033e-06,1.0867393595687355e-06,6.66241776601339e-09,1.1753080465032187e-05,4.718270359996101e-08,5.960584292856195e-07,8.672816505959927e-11,0.9847665371173607,1.9886739228627812e-08,5.719111653381133e-06,0.015128555240612077,7.673184056801385e-09,1.99599135798651e-12,1.985257925947143e-08
25,1.2947373937638199e-06,1.999619347155081e-05,1.869227682449577e-06,6.388880701016389e-11,5.709743634108628e-08,1.570919584020864e-06,4.053018452277965e-06,8.17483755321165e-05,1.857811401382539e-08,3.4339339402979226e-08,4.716020519058417e-08,2.844073551583341e-06,3.383170410374717e-06,8.120524313103958e-09,5.425733666152727e-06,6.380414563008432e-08,4.90413851630545e-07,1.6547636623813627e-10,0.9919911147184141,1.970651935998765e-08,4.254379334366705e-06,0.007881689361834284,7.371443695315588e-09,1.230637545672989e-12,9.26849756332089e-09
26,2.289721333235323e-06,4.675364104059697e-05,2.4209060337110784e-06,9.5692278326475e-11,1.1893528779899704e-07,5.368798339997252e-06,5.89365656467142e-06,7.501012798440883e-05,9.91372053855443e-08,7.60684565016277e-08,5.462547121369286e-08,3.251919321550288e-06,3.3924563614712143e-06,1.8556185401964875e-08,8.906826682613917e-06,1.2616210209447825e-07,1.0013476571411856e-06,2.64159516970814e-10,0.9894832812522426,4.6307079057098135e-08,4.20155798313658e-06,0.010357628544242917,2.1887135946857795e-08,4.7424276503801956e-12,3.720069411270305e-08
27,1.2336380977230917e-06,4.102335608758069e-05,1.7268622468286093e-06,5.6771233800703016e-11,8.46118294273951e-08,4.382316521404707e-06,5.984994200005839e-06,5.2222822918510294e-05,6.183344377186003e-08,7.403039819117036e-08,5.375145193074773e-08,2.856236736686786e-06,2.4187449292172297e-06,1.970815915246392e-08,1.1993877906961537e-05,7.811231114508021e-08,7.359809994569945e-07,1.576048368092712e-10,0.9818569408665376,3.5204676448610426e-08,4.3420666463683406e-06,0.018013684090952393,1.4454027906607355e-08,2.966052962059651e-12,3.2221579343450675e-08
28,1.1795782506833336e-06,3.4960444184175e-05,1.8125742109687768e-06,4.900080590169264e-11,7.1092483577788e-08,3.406908582791453e-06,4.164513769620292e-06,4.896629190264162e-05,3.1053733244425147e-08,4.401574215835808e-08,4.394525452782613e-08,3.237674425220895e-06,2.7191102132119484e-06,1.3228363805191747e-08,6.887366478877109e-06,6.646403152103923e-08,5.97928462606528e-07,1.5925588829626273e-10,0.9897079824204361,2.4574129313726204e-08,4.039125848070345e-06,0.010179723436134911,9.76187908222735e-09,1.6458684590798685e-12,1.8281580229437644e-08
29,1.1795782506833336e-06,3.4960444184175e-05,1.8125742109687768e-06,4.900080590169264e-11,7.1092483577788e-08,3.406908582791453e-06,4.164513769620292e-06,4.896629190264162e-05,3.1053733244425147e-08,4.401574215835808e-08,4.394525452782613e-08,3.237674425220895e-06,2.7191102132119484e-06,1.3228363805191747e-08,6.887366478877109e-06,6.646403152103923e-08,5.97928462606528e-07,1.5925588829626273e-10,0.9897079824204361,2.4574129313726204e-08,4.039125848070345e-06,0.010179723436134911,9.76187908222735e-09,1.6458684590798685e-12,1.8281580229437644e-08
30,1.1795782506833336e-06,3.4960444184175e-05,1.8125742109687768e-06,4.900080590169264e-11,7.1092483577788e-08,3.406908582791453e-06,4.164513769620292e-06,4.896629190264162e-05,3.1053733244425147e-08,4.401574215835808e-08,4.394525452782613e-08,3.237674425220895e-06,2.7191102132119484e-06,1.3228363805191747e-08,6.887366478877109e-06,6.646403152103923e-08,5.97928462606528e-07,1.5925588829626273e-10,0.9897079824204361,2.4574129313726204e-08,4.039125848070345e-06,0.010179723436134911,9.76187908222735e-09,1.6458684590798685e-12,1.8281580229437644e-08
31,9.69169525824668e-07,4.2575350593158906e-05,1.9015517070809784e-06,6.02918482726216e-11,8.414046717572384e-08,5.581252042052965e-06,5.73483893686636e-06,4.3678783790474294e-05,4.3153622525635516e-08,5.961965248908618e-08,6.384018448985285e-08,3.255790756508048e-06,2.7075482337041443e-06,2.0915556066861768e-08,1.3296276034607264e-05,8.568473841982692e-08,7.158692213946128e-07,1.4359467329546901e-10,0.9856274053454,2.9343736777714672e-08,4.829159769563885e-06,0.014246923437862784,1.4114929673674635e-08,2.5751702248819454e-12,2.4606776807081554e-08
32,1.0232190656187777e-06,3.1856644102702694e-05,1.5734682154573654e-06,4.001065214499989e-11,6.565180754715344e-08,3.070038632805154e-06,3.6258377527444977e-06,4.332611048210979e-05,2.5494116345029816e-08,3.74463399383791e-08,3.896032599078879e-08,3.061517369429993e-06,2.4698339468007563e-06,1.1646009756335052e-08,6.065316727089385e-06,5.8814327740006154e-08,5.025877845084385e-07,1.362654262414935e-10,0.9907703578143031,2.2516824221392518e-08,3.739744416545071e-06,0.009129042657518297,8.744063533356703e-09,1.2969367677226555e-12,1.575829469931805e-08
33,1.1322879263126902e-06,3.553747625153958e-05,1.5659227691316884e-06,4.3771524151604114e-11,5.714514180912912e-08,3.0057033131366666e-06,4.3684531987874844e-06,5.487643873837245e-05,2.9643109924481568e-08,4.2178012037791804e-08,3.796512581193749e-08,4.205136633291852e-06,3.6213348235390846e-06,1.3689097544974572e-08,4.810198357648017e-06,6.864984341729701e-08,7.730186032433481e-07,1.9002272676723762e-10,0.9885384638784332,2.414767788383971e-08,3.2595923891423192e-06,0.011344081952058733,8.241624062965643e-09,1.168415917514512e-12,1.6711908498853816e-08
34,1.5997184785081872e-06,0.0001210567228090205,1.3707888332938404e-05,1.3694777235633595e-09,1.403880695687754e-07,0.00013299272325170914,5.561546801542755e-05,0.00039060386558422073,1.1397062087723119e-07,1.983385255675905e-07,2.3441334631249214e-07,2.882389507106547e-05,1.6505965439153388e-05,1.7798271291099593e-07,0.00010940529222508972,7.041936588429759e-07,2.480161743203515e-05,1.4428889143212307e-09,0.9164023989306435,1.9155745704445956e-07,3.3265369202197556e-05,0.08266726609425314,1.1318518370677606e-07,1.0619297593558741e-11,7.959670127892637e-08
35,7.221249718800364e-06,2.8796335541576888e-05,1.002466486262145e-06,3.1774551880494084e-11,2.3130707185348735e-08,5.258166129555071e-07,3.475283501471394e-06,0.0001635654455170554,4.268208900571637e-08,4.690614916099992e-08,1.2611310903184105e-08,5.181056129994043e-06,4.160725286217147e-06,3.2400662441613006e-09,6.202189091029608e-07,6.229559891291006e-08,1.1940747374145012e-06,6.969588517707485e-10,0.9928530481663886,1.3836708000853073e-08,1.5690407341037947e-06,0.006929416530680578,2.66389217085232e-09,6.682923333399049e-13,1.549383269928065e-08
36,1.2739709250956462e-06,3.6719816313865874e-05,2.679200307732744e-06,5.001680026146838e-11,1.216501815388654e-07,3.2308953690675156e-06,2.936115103227184e-06,2.6298142515883766e-05,2.0852346802939467e-08,4.196893546742325e-08,6.683150089390138e-08,2.1250788196981717e-06,1.804803524918103e-06,1.2777454257912766e-08,9.283453999646243e-06,4.333655722693573e-08,2.507663433420665e-07,1.2482115017519625e-10,0.9936557466670073,2.122361374631906e-08,6.148291159231201e-06,0.006251147301530049,9.179983835550573e-09,2.5314696892358387e-12,1.749913765258905e-08
37,1.6966241880086127e-06,3.2035599670165054e-05,2.291173940692681e-06,6.25282798828441e-11,7.54909603258439e-08,2.904348175968962e-06,4.020500370658525e-06,5.239607326186291e-05,3.105113439045389e-08,5.351211249582997e-08,5.178862791391172e-08,3.4954031723484644e-06,2.8862115700357162e-06,1.414812832304198e-08,6.186531650930299e-06,6.980594134619369e-08,6.548708035318054e-07,2.37511942007063e-10,0.9897778623962891,2.7048575748540247e-08,4.394965589044805e-06,0.010108823001050982,9.309951349734939e-09,2.4013189725034877e-12,1.9842393399360096e-08
38,6.272573756375161e-07,2.2429700400429018e-05,1.0990764244685784e-06,2.8679549457824626e-11,3.5315514476723795e-08,4.2924478159070055e-06,3.75461784172937e-06,3.8341625033817933e-05,1.1462974095634117e-08,2.1619451952193317e-08,3.099045425161752e-08,2.5283458739826394e-06,2.297793996970201e-06,6.609188166886153e-09,6.362016425407105e-06,7.064910922219847e-08,4.1864973936579347e-07,8.140174567885717e-11,0.9946899666457639,1.7438822562050827e-08,3.5837787098106407e-06,0.0052240878009557614,8.365528358940097e-09,6.869398022802547e-13,7.681831436542735e-09
39,1.5580797544968803e-06,6.245049443281079e-05,2.917838683956361e-06,5.603850504103228e-11,1.4862957875353248e-07,3.281069859184341e-06,3.960350005531479e-06,3.14921865838985e-05,5.582912761550314e-08,7.305089823088101e-08,7.90059731878219e-08,3.5552642411768925e-06,3.1949713723408874e-06,2.6340855635482923e-08,8.263382132825603e-06,5.992258423390149e-08,5.067965686249601e-07,1.961792666611132e-10,0.987539220574242,2.579826455468541e-08,3.5375843884232877e-06,0.01233556101459296,7.481753032696351e-09,3.6592285349636965e-12,2.4078229509709503e-08
40,3.7742789173952845e-06,3.322083931484556e-05,1.35653251380832e-06,2.06877451935819e-10,5.1054192397379475e-08,4.229067052053232e-06,1.4894727271221307e-05,0.00026413166188630496,1.664741778347636e-07,1.2749784989920944e-07,6.730402636450489e-08,3.2984608984793496e-06,6.558169041185956e-06,1.5124349832770933e-08,8.458515195550175e-06,2.6796152057914356e-07,2.9049383892561954e-06,4.561440038824996e-10,0.9855023514250759,4.3647117777430855e-08,5.359027377420838e-06,0.014148644510161753,3.6917348076720285e-08,4.5710054804319914e-12,4.119872960790919e-08
41,1.910083693826231e-06,0.00014619172559964804,4.0808059436079046e-06,1.8661918246613184e-10,3.5989728333960947e-07,9.822033666427998e-06,8.53771306013884e-06,9.859183668680487e-05,2.500783560679951e-07,9.512949056196107e-08,7.18174732340328e-08,3.6127397875829668e-06,7.159401702995968e-06,2.9422889586036737e-08,1.1279412304684345e-05,1.6777751978917613e-07,1.2234419667842854e-06,1.7521267812089363e-10,0.990648483551217,3.307746349270955e-08,3.7698986626134087e-06,0.009054279884574933,1.7828351683297867e-08,3.955074694683777e-12,3.2076518133025454e-08
42,4.9213013787016875e-06,0.000137319578424698,4.331350537593994e-06,2.954247343677224e-10,3.9340358969541385e-07,1.736121096347381e-05,1.6123728431449567e-05,5.448062478744788e-05,2.0405229520982088e-07,1.2834616554887808e-07,2.5844578417616596e-07,7.91650256552514e-06,7.520538574234573e-06,9.762833637377544e-08,2.4857097238333395e-05,2.5935742997965724e-07,2.1145308236131717e-06,1.140787865986592e-09,0.9886224192982818,7.671282839585132e-08,7.625908888805909e-06,0.011091334267618045,8.167547206298693e-08,1.5652169902068935e-11,1.7298772026263932e-07
43,1.1394964569424522e-06,3.860625732191304e-05,1.7131422837337759e-06,4.346481258839654e-11,7.17877633847913e-08,2.9259931542922255e-06,4.0666792576040565e-06,4.485379981590205e-05,2.3384390829819982e-08,2.7544863250664626e-08,4.420700923841771e-08,4.312445371440478e-06,3.215531459456897e-06,1.192180440971111e-08,5.7648104482081084e-06,5.986507745148717e-08,5.704025664303281e-07,1.7244553872747976e-10,0.9918631034754372,1.8131252600114806e-08,3.613131178346208e-06,0.008025832714528388,8.442786106443263e-09,1.144142757628086e-12,1.6618718383310408e-08
44,1.1795782506833336e-06,3.4960444184175e-05,1.8125742109687768e-06,4.900080590169264e-11,7.1092483577788e-08,3.406908582791453e-06,4.164513769620292e-06,4.896629190264162e-05,3.1053733244425147e-08,4.401574215835808e-08,4.394525452782613e-08,3.237674425220895e-06,2.7191102132119484e-06,1.3228363805191747e-08,6.887366478877109e-06,6.646403152103923e-08,5.97928462606528e-07,1.5925588829626273e-10,0.9897079824204361,2.4574129313726204e-08,4.039125848070345e-06,0.010179723436134911,9.76187908222735e-09,1.6458684590798685e-12,1.8281580229437644e-08
45,1.005263953824594e-06,2.8587904344445276e-05,1.8623787706239404e-06,5.929619807108834e-11,6.748799799765872e-08,3.8121184829129908e-06,5.273331186867442e-06,6.58418655741885e-05,2.871204917685934e-08,4.117541944009956e-08,4.205402017675e-08,2.3375173643262385e-06,2.592387878177269e-06,1.011053435459646e-08,9.94715620448244e-06,8.051556783001633e-08,5.37953363813784e-07,1.1128243324360959e-10,0.990981279348711,2.327631322629526e-08,4.039680594276283e-06,0.008892567198318792,9.638694838544012e-09,1.5515373301225144e-12,1.2752525236584656e-08
46,1.6851851097686056e-06,3.791504678551314e-05,2.2439042272130042e-06,1.0308207447268608e-10,4.49832111591299e-08,6.39617950415611e-06,5.006572562049467e-06,0.00010427661724583337,3.3690291255423245e-08,6.000893830647733e-08,5.3232460501714606e-08,7.0609626972119034e-06,5.233109026095021e-06,1.535123418851407e-08,6.476191491446952e-06,1.4405210621776652e-07,2.2765821502010646e-06,3.05691942445335e-10,0.987077616383403,3.3981075468833814e-08,6.885474234224152e-06,0.012736511476953592,1.518291928480013e-08,2.0513695069578516e-12,1.542154771634224e-08
47,1.1387631896411376e-06,3.568384640104937e-05,2.4207016016112738e-06,7.486691161584734e-11,1.0222106799174533e-07,4.5047211498608385e-06,4.873550772048401e-06,5.2589449075571774e-05,3.7626219713098763e-08,4.958957786126018e-08,6.065470299923991e-08,2.866471766438591e-06,3.0130474691259575e-06,1.7589155520027308e-08,1.0263785488075975e-05,8.287527733085667e-08,6.043627904209781e-07,1.5737400896866715e-10,0.9899601289436397,2.9512422910431473e-08,4.7039126939910634e-06,0.00991679413598552,1.3968825951551188e-08,2.443992265220559e-12,2.0036041622297284e-08
48,4.50658410937978e-06,9.848907030822151e-05,7.860905149241528e-06,2.1405475805710293e-10,1.0306395183030346e-06,3.3879761680260674e-06,5.883259983270456e-06,2.7562614221878306e-05,1.9789708212732112e-07,2.2651742273513064e-07,4.583397232245807e-07,5.119376605806152e-06,2.0939445952798123e-06,1.8356683033136324e-07,4.5190910003014524e-05,5.0924031933788404e-08,6.061510212426595e-07,8.023910417996192e-10,0.9448092819885223,8.617777072151265e-08,1.4266358185974098e-05,0.054973192218204375,5.014518392979673e-08,3.718211924440047e-11,2.733817305712021e-07
49,9.044449873174898e-07,3.9159021286389056e-05,2.4058709660206905e-06,4.0558351511248185e-11,6.478549192173053e-08,4.400811341523588e-06,3.252955128654066e-06,3.641350705068588e-05,1.9085175741818986e-08,4.121353471424439e-08,4.224837156035223e-08,5.169990246746978e-06,2.75293493388626e-06,1.6556328467366262e-08,6.2989557148593795e-06,4.9677445112357665e-08,6.77128641048798e-07,1.777626783730468e-10,0.9863559916031891,2.8465662443812706e-08,5.035161985366804e-06,0.013537252410842,7.278565687212555e-09,1.3284939982123401e-12,1.5673461362669126e-08
50,1.1887569704622364e-06,3.4543402300409604e-05,1.767966148060497e-06,4.817902250549485e-11,7.025212560160345e-08,3.3073899911505204e-06,4.211814410106094e-06,4.91346993154482e-05,3.1432890674645125e-08,4.4608365290905186e-08,4.329895032896735e-08,3.1513400556318967e-06,2.676616827348759e-06,1.303510112712592e-08,6.832466131037828e-06,6.572697354979304e-08,5.894629707051809e-07,1.5819986034880097e-10,0.9895928378277868,2.437950571573423e-08,3.964084657702362e-06,0.010295473117837867,9.614616139738502e-09,1.6337415279467586e-12,1.8498055911647822e-08
51,1.7010668803359773e-06,7.65172041500658e-05,3.833486577490665e-06,1.2804424442276948e-10,1.4336353907452382e-07,3.89201079082366e-06,6.340534878756298e-06,0.00010566274551325983,7.972458897684016e-08,7.922169881086386e-08,6.881613408294873e-08,4.312832196568157e-06,5.757877427305871e-06,2.1028602960038678e-08,9.325087703435512e-06,8.489162520862705e-08,1.0506756707766775e-06,1.873835210340035e-10,0.9835650747297736,2.415639760513035e-08,5.199776594447397e-06,0.016210804056817022,8.57900810173704e-09,2.8030251733060073e-12,1.7815200553017622e-08
52,2.7253175912167997e-06,2.250309385164942e-05,4.331035766503786e-06,1.6598491456532412e-10,1.0543891301272578e-07,4.793570263518323e-06,6.326878311588008e-06,7.547025772724995e-05,5.711289293376861e-08,1.6643115396802124e-07,1.0749565300782164e-07,3.3351753934863687e-06,4.602658670225666e-06,2.981961495057314e-08,9.697462093434045e-06,1.811563798268105e-07,1.1208688880034992e-06,5.688730920957613e-10,0.9855080830193533,8.403084051888159e-08,4.926177385550294e-06,0.014351309881565865,1.6592209277481625e-08,9.629583369829843e-12,2.578099328317558e-08
53,1.2690727252521383e-06,3.667633972968441e-05,1.3424583083966016e-06,1.1395071400327451e-10,9.345783801920889e-08,6.429066051963182e-06,2.0118359627013478e-05,0.00010998998669883114,1.0232445133982744e-07,6.893158112297766e-08,7.401297984444164e-08,2.604496648783736e-06,4.0099232217637355e-06,2.1766425212015795e-08,2.356160678050991e-05,1.6915266082456743e-07,1.0145283807225054e-06,2.052903168165302e-10,0.9832597462275022,4.6531317724188063e-08,4.184576345455711e-06,0.016528395987013906,3.4388104396048866e-08,3.5386912044772124e-12,4.648282729896519e-08
54,1.389718157521044e-06,7.677446166338228e-05,8.881572812696217e-07,2.5241608323158252e-11,5.799671866674216e-08,3.638964950287543e-06,5.714995172913554e-06,3.938558779375841e-05,5.2850165991062975e-08,4.521319573350938e-08,3.020953827639432e-08,5.161250235324362e-06,2.6602184662812126e-06,1.504078246034899e-08,5.254250280930275e-06,6.345059990152525e-08,8.23389122834772e-07,1.9884951038515644e-10,0.9864734664475578,1.7274193495882838e-08,2.6256371294979616e-06,0.013381888889201578,8.026792717293142e-09,1.0401655656626668e-12,3.7745868088559336e-08
55,1.71322450963834e-06,5.742825089590516e-05,1.6614368985388609e-06,4.203124081546744e-11,8.816184479225624e-08,2.65077585537437e-06,4.5210433798488044e-06,4.407432191648441e-05,3.82702645688741e-08,3.608205418915898e-08,4.5625600257846913e-08,6.161847946388108e-06,3.552270924428365e-06,1.4514242018806844e-08,4.765570253001142e-06,6.034985876594395e-08,6.967625937395734e-07,2.8478186361993937e-10,0.990526263590821,2.0620515432483082e-08,3.4224300798817494e-06,0.009342748826646973,8.307092971388504e-09,1.3736808695537087e-12,2.7387618857497656e-08
56,1.1859874849581477e-06,3.6793227246362026e-05,1.835260985244315e-06,5.058582100219985e-11,7.427344204188534e-08,3.322788153147168e-06,4.301538920869953e-06,5.004453030589716e-05,3.097082308620632e-08,4.329631903787186e-08,4.573848850324578e-08,3.5837532146657914e-06,3.1364208684844584e-06,1.3712137095882525e-08,6.451661673394963e-06,6.848291059994018e-08,6.123012057623392e-07,1.728215839087847e-10,0.9901192552815006,2.4926911138819876e-08,3.933570361727342e-06,0.009765214478800313,9.52164948537982e-09,1.5833667569049143e-12,1.8051606893149387e-08
57,1.4284981735553882e-05,0.0002482282231170565,1.0977459627839068e-05,2.50501696546094e-09,7.074448062641398e-07,4.998297485182529e-05,0.00010508997942249957,0.00030940612247086935,2.5736643579868398e-06,1.10075042454381e-06,7.020165639362128e-07,3.5809627916542376e-06,1.3102470758012065e-05,2.758704458583847e-07,0.000189813080967673,9.668171275388578e-07,8.294202481553172e-06,1.7470759606755602e-09,0.9584746245593091,2.1023645696231574e-07,1.5511646628730424e-05,0.04054956404194611,3.4327072005550924e-07,2.1072418703733758e-10,6.547601713118841e-07
58,1.2866453768660367e-06,3.610523311827401e-05,2.042813540146565e-06,5.6946707694100106e-11,7.822046181592377e-08,3.663459571981085e-06,4.453811579212617e-06,4.95618863303664e-05,3.551852621737386e-08,5.297458547342709e-08,5.246154966451151e-08,3.2927332189553827e-06,2.8276082462516945e-06,1.5135111056683136e-08,8.169289705583485e-06,7.266375698885792e-08,6.359416685588732e-07,1.7350851715866717e-10,0.9886006565489601,2.8234387969336366e-08,4.4473303186367975e-06,0.01128249026712502,1.0757641395787195e-08,2.284397170300136e-12,2.023247973840376e-08
59,1.3515949168793478e-06,3.734207272610128e-05,2.346384598563147e-06,6.422434994790627e-11,8.830302244244478e-08,3.911048038044083e-06,4.401509285918816e-06,4.965871709081576e-05,3.838432201627445e-08,5.988202377112895e-08,5.73422628226842e-08,3.213393451523954e-06,2.629602837200927e-06,1.6389148305143364e-08,9.436803063377176e-06,7.448332500505127e-08,6.478588214428226e-07,1.765859889631468e-10,0.9879295576456495,3.024370008981786e-08,5.021088571797502e-06,0.011950083972178118,1.1447492666374006e-08,2.7940662168536748e-12,2.1589869210650617e-08
60,1.1795782506833336e-06,3.4960444184175e-05,1.8125742109687768e-06,4.900080590169264e-11,7.1092483577788e-08,3.406908582791453e-06,4.164513769620292e-06,4.896629190264162e-05,3.1053733244425147e-08,4.401574215835808e-08,4.394525452782613e-08,3.237674425220895e-06,2.7191102132119484e-06,1.3228363805191747e-08,6.887366478877109e-06,6.646403152103923e-08,5.97928462606528e-07,1.5925588829626273e-10,0.9897079824204361,2.4574129313726204e-08,4.039125848070345e-06,0.010179723436134911,9.76187908222735e-09,1.6458684590798685e-12,1.8281580229437644e-08
61,1.3202600579403458e-06,3.4931085389050677e-05,2.3926255439771997e-06,6.258348989242382e-11,8.24417160199001e-08,3.77235044462635e-06,4.134580277990672e-06,5.139644400909482e-05,3.353543974038145e-08,5.444841384972884e-08,5.244982043846804e-08,3.1777734048376334e-06,2.6327816531304328e-06,1.4973980784790282e-08,8.552903065453874e-06,7.036812150923923e-08,6.327304544629376e-07,1.722336137852883e-10,0.9886318906963965,2.8942069474452506e-08,4.94681517579332e-06,0.01124985187291709,1.0556126746615801e-08,2.433291630773374e-12,1.91282710851589e-08
62,1.1795782506833336e-06,3.4960444184175e-05,1.8125742109687768e-06,4.900080590169264e-11,7.1092483577788e-08,3.406908582791453e-06,4.164513769620292e-06,4.896629190264162e-05,3.1053733244425147e-08,4.401574215835808e-08,4.394525452782613e-08,3.237674425220895e-06,2.7191102132119484e-06,1.3228363805191747e-08,6.887366478877109e-06,6.646403152103923e-08,5.97928462606528e-07,1.5925588829626273e-10,0.9897079824204361,2.4574129313726204e-08,4.039125848070345e-06,0.010179723436134911,9.76187908222735e-09,1.6458684590798685e-12,1.8281580229437644e-08
63,1.1807443336233684e-06,3.744919829108597e-05,1.7632226014332494e-06,4.6441059997835315e-11,7.16259427890038e-08,3.342795595848536e-06,4.1720059559596576e-06,4.7610663154452636e-05,3.1650061124360476e-08,4.3382984862698974e-08,4.332111695949095e-08,3.3054967649801248e-06,2.725037245798706e-06,1.3045914480683712e-08,6.776724420831777e-06,6.437466693654293e-08,5.867836162864606e-07,1.5588570487380105e-10,0.9897314689631087,2.3356251405109903e-08,3.958950397942681e-06,0.01015534062072753,9.303049411212734e-09,1.5868615589335497e-12,1.8529884121993613e-08
64,1.0921747928129817e-06,3.3165138378904254e-05,1.9241395925679694e-06,4.886788037867516e-11,6.975390654257797e-08,3.2054600656260843e-06,3.7078868963583487e-06,4.749572997090733e-05,2.5132774710941634e-08,4.075902076270336e-08,4.553457861617618e-08,3.0067044865959816e-06,2.421731125167266e-06,1.162774517107515e-08,7.40210267760503e-06,5.633029458428506e-08,5.017348756990549e-07,1.3516715645041615e-10,0.9902549323979494,2.3249776822175645e-08,5.138989788138084e-06,0.009635707905793836,9.637409696353363e-09,1.617919616476488e-12,1.5692446699063176e-08
65,1.0529521790134532e-06,3.5084539622483916e-05,2.1384131444523007e-06,5.7718781245345895e-11,7.48456671422634e-08,4.146604047576349e-06,4.423433400349968e-06,5.128708487722025e-05,2.9373339230032122e-08,4.53197772822222e-08,4.856318705633523e-08,2.9905260679503182e-06,2.6952117206184423e-06,1.3955654538295774e-08,9.08062756452254e-06,6.85894358052575e-08,6.050039219434298e-07,1.3724203594457468e-10,0.9893095811151721,2.537439260506455e-08,4.824806180183349e-06,0.010571755708646454,1.0683607666884303e-08,1.8294314603752366e-12,1.7071603402431416e-08
66,1.712162707615449e-06,4.709235210588114e-05,5.128009286912981e-06,1.186226142424154e-10,1.7464251432847598e-07,2.7649545450436404e-06,3.1567765281162413e-06,4.4666234647615224e-05,3.249545549219378e-08,8.51140402049323e-08,1.2050418967358948e-07,5.175041152696281e-06,4.263329926268136e-06,3.1898324664598326e-08,8.156790386542153e-06,7.073312555131402e-08,7.987615877312148e-07,2.9837699193677344e-10,0.9837703538375678,2.63514826647081e-08,7.0422146408141535e-06,0.016099118575323763,8.72655208013947e-09,3.922136507461721e-12,2.007298656980968e-08
67,1.0108251589260403e-06,3.712689773707519e-05,1.9231404032276325e-06,5.4237130085484576e-11,6.39217846872157e-08,6.509675146597149e-06,4.684931434576049e-06,4.104544139134135e-05,2.8774530054046724e-08,5.249784550044368e-08,5.518910411359527e-08,4.2137812178719986e-06,2.8883955586176542e-06,2.1771618288375238e-08,9.435946737128757e-06,7.648361240442188e-08,8.495147817288569e-07,1.98431131783112e-10,0.9863383802302196,3.902643677439422e-08,5.6690142167378235e-06,0.0135458825359572,1.6198656310698324e-08,2.231921799122098e-12,2.5551551111316546e-08
68,1.3747754084328818e-06,2.9643360653940825e-05,2.3710152532799287e-06,6.602860281055825e-11,5.726120186558872e-08,3.635253975893314e-06,4.5861382668757945e-06,6.854870520250083e-05,2.178829189634767e-08,3.373416455897937e-08,4.5527429021813496e-08,5.232609504677199e-06,5.18566581555238e-06,1.2979655084043575e-08,4.26949892126572e-06,7.619190019000417e-08,8.456846393643986e-07,3.071054651914004e-10,0.9921035309063292,3.057448106300207e-08,4.3875166705454185e-06,0.007766085345292806,1.0307259056620221e-08,1.2666878644302382e-12,1.4785282064708043e-08
69,1.1738834931486099e-06,3.4818071834104106e-05,1.806862286607058e-06,4.873518743907084e-11,7.06583569331807e-08,3.407302971664511e-06,4.146888294074924e-06,4.8777892623126555e-05,3.077871259511448e-08,4.3842611123853656e-08,4.3837728979215553e-08,3.237926160657025e-06,2.7144793338351058e-06,1.3195319365849656e-08,6.862938503322202e-06,6.623018354436145e-08,5.964921971477273e-07,1.5878749905979754e-10,0.9897276442498462,2.457844006689643e-08,4.042774410545038e-06,0.01016044897612534,9.747002834285153e-09,1.6362918872373263e-12,1.818440583093741e-08
70,1.8691868747429377e-06,6.434280930450788e-05,5.986515747393229e-06,4.990022257996838e-10,2.684321571664801e-07,2.4161977407779517e-05,1.2919821341945792e-05,0.00014753785434464242,2.077289504219975e-07,1.4121686582201781e-07,1.3188823492600694e-07,8.265390749415354e-06,1.2261147905181944e-05,8.477300240453157e-08,1.7081452448475215e-05,4.68600875912958e-07,4.29009609170352e-06,6.611371490570323e-10,0.9827268209951252,1.401863676962714e-07,6.230128697422661e-06,0.016966670753829842,6.746109183301157e-08,1.0105342991339966e-11,5.041234107895946e-08
