,0,1,2,3,4,5,6,7,8,9,10,11,12,13,14,15,16,17,18,19,20,21,22,23,24
0,7.336471062413914e-07,0.00011071443164475196,5.965226611547187e-05,1.9980729410768017e-06,2.0849886073068258e-07,0.0002908459648241337,0.0001387537969244095,0.00031866996123949164,5.4303058800008406e-05,0.00015068818744879946,2.9337236590567454e-05,7.682770135411399e-05,1.0833364633784451e-07,1.972948117554084e-06,0.00011658176493463236,4.150223052590822e-05,1.2076083330177723e-05,9.301982500069478e-07,0.9911572951430023,9.217143786083202e-08,0.002224203864155913,0.005152782943528129,3.1893885334774304e-05,2.16669374660644e-05,6.160672420474246e-06
1,6.135008111026263e-07,9.262790823005123e-05,6.656412397564416e-05,1.428201849478148e-06,1.1661141201521889e-07,0.00024814806125272263,0.00011421963785545822,0.00025815661943353284,4.934365619260172e-05,0.00016022528049829257,1.547173945511413e-05,5.621216351546879e-05,7.519275473148108e-08,9.619943074026395e-07,8.668806655760723e-05,4.186640380980756e-05,4.954747278029419e-06,5.866036445150215e-07,0.9942273038801879,6.38495149147932e-08,0.001619091866000774,0.002914347186245675,1.8245777174031025e-05,1.906204809717828e-05,3.6248799458171215e-06
2,1.1916603716024751e-06,0.0001731536570315679,6.90828798131953e-05,1.8730847979903187e-06,4.737013786841326e-07,0.0002933794067040941,0.00025074419249226395,0.00039924007483988416,6.668120038510981e-05,0.00021069984578599754,3.3645842498218576e-05,9.655605898191554e-05,1.386540980154955e-07,3.1111268325748623e-06,0.00022849112653400335,4.905844007595799e-05,1.4535773412130233e-05,1.1889982919907046e-06,0.990464047873064,1.4653076905151576e-07,0.0021194635118123796,0.005450827698815333,4.0825504433302125e-05,1.8341103063531945e-05,1.3102053717025771e-05
3,8.576129178047045e-07,0.00012827087827892692,7.050756219581298e-05,2.4750658037277567e-06,2.2381699612558514e-07,0.00030867074773947855,0.00016741742807826446,0.00034492313126435357,5.701734986561565e-05,0.00018632920201866162,3.188470414137976e-05,9.166201610819909e-05,1.1576175226530799e-07,2.41178829035363e-06,0.00012011117007496196,4.22046454201117e-05,1.301214889589477e-05,1.1094581893280086e-06,0.9902067194805972,1.0090610821489375e-07,0.002495105462386701,0.005658226295525379,3.9276588143099443e-05,2.37242779625394e-05,7.642501245735066e-06
4,9.382809863603161e-07,0.00013311447595386455,7.016027503665586e-05,2.7578302599038624e-06,2.3356720960518686e-07,0.00030614737092092103,0.00016736355866591595,0.0003224554127694609,6.247382985469315e-05,0.00018104403839068754,3.2593052004132443e-05,0.00011324562136046824,1.583157471916371e-07,2.709387095267623e-06,0.00011674813370276082,4.170942395393855e-05,1.586991092034935e-05,1.2440851612506607e-06,0.9892290541808977,1.1340074157106727e-07,0.0028264833994134627,0.00629689494339619,4.171382735460688e-05,2.6092822232452108e-05,8.680855970531785e-06
5,1.1500742521397543e-06,0.00014569224362241442,7.927915191556082e-05,4.104520045888583e-06,1.980030720007052e-07,0.00034527713371999006,0.000173033015587101,0.0003456835375168654,6.681647005901934e-05,0.00023700693233378692,3.517787825620216e-05,0.00013682972137091403,1.6029916984180985e-07,3.3991751453950015e-06,0.00011202353313930867,4.420953377454637e-05,1.7907017646695672e-05,1.988479301595838e-06,0.986839318861969,1.211388186085241e-07,0.003324844032520957,0.007994715808058045,4.828890695055755e-05,3.248129447159979e-05,1.0293237281835866e-05
6,8.576129178047045e-07,0.00012827087827892692,7.050756219581298e-05,2.4750658037277567e-06,2.2381699612558514e-07,0.00030867074773947855,0.00016741742807826446,0.00034492313126435357,5.701734986561565e-05,0.00018632920201866162,3.188470414137976e-05,9.166201610819909e-05,1.1576175226530799e-07,2.41178829035363e-06,0.00012011117007496196,4.22046454201117e-05,1.301214889589477e-05,1.1094581893280086e-06,0.9902067194805972,1.0090610821489375e-07,0.002495105462386701,0.005658226295525379,3.9276588143099443e-05,2.37242779625394e-05,7.642501245735066e-06
7,8.298924994005238e-07,0.00012996387679225675,6.842254642216852e-05,2.5538738595104203e-06,2.2710985809813842e-07,0.0003120385237534697,0.00016809243282814908,0.00034990715746448573,5.837683451108861e-05,0.00018668317973594777,3.257210949507242e-05,9.396446523584267e-05,1.1644919948260423e-07,2.5015978637742553e-06,0.00012605517382517563,4.378117041851906e-05,1.3466727480594658e-05,1.1224153862582957e-06,0.9897426518500194,1.0304242580113506e-07,0.0025935800621146574,0.00600178340060178,3.987463069888144e-05,2.3536535575867085e-05,7.794941934413037e-06
8,2.3235754993061277e-06,0.0003435131831430147,0.00023837591972987443,7.239517381052272e-06,3.8366402717563665e-07,0.0004455940638080005,0.000457765375183874,0.0005278612230824743,6.528663321818815e-05,0.0006243274386637134,3.9119035293130597e-05,0.0001735176298375774,1.7317302311966248e-07,5.6352547096891324e-06,7.866176862926776e-05,4.690455438265882e-05,1.1182058429665005e-05,1.52631032604095e-06,0.9906108089710964,2.0248271966965296e-07,0.002762095516062297,0.0033651836302037025,0.0001295004518837744,4.7337363472213886e-05,1.5481206193954156e-05
9,1.2161245069286762e-06,0.0002821300532316139,0.0002196713658951566,1.0030437232219094e-05,2.171492844792212e-07,0.0005034949204602066,0.00035318318752112994,0.0004240653741316371,9.376976488642838e-05,0.0006436426136336566,3.0398529500595807e-05,0.00023296790673836464,2.079523849338427e-07,3.940830128468681e-06,0.0001118452410016553,7.258517815954476e-05,1.1557114452663096e-05,1.55467382226031e-06,0.9846938385440712,2.2307946811171765e-07,0.006115221402491545,0.006022387428135109,0.00010379142645694949,5.412851413231334e-05,1.3931188272682652e-05
10,8.576129178047045e-07,0.00012827087827892692,7.050756219581298e-05,2.4750658037277567e-06,2.2381699612558514e-07,0.00030867074773947855,0.00016741742807826446,0.00034492313126435357,5.701734986561565e-05,0.00018632920201866162,3.188470414137976e-05,9.166201610819909e-05,1.1576175226530799e-07,2.41178829035363e-06,0.00012011117007496196,4.22046454201117e-05,1.301214889589477e-05,1.1094581893280086e-06,0.9902067194805972,1.0090610821489375e-07,0.002495105462386701,0.005658226295525379,3.9276588143099443e-05,2.37242779625394e-05,7.642501245735066e-06
11,8.9181931556003e-07,0.0001291493345964261,7.170691607288047e-05,2.5582256404750946e-06,2.2879876783385117e-07,0.0002991404512723679,0.00016688007854022736,0.0003362032327019238,5.731518760551645e-05,0.00018426494168719115,3.169714666538797e-05,9.972571176419222e-05,1.38640459947691e-07,2.4256672473618688e-06,0.00011242718979799455,4.1526880769498115e-05,1.3844494365606501e-05,1.1029324685689562e-06,0.9902756338369127,1.104051797845679e-07,0.0025415701569102334,0.0055571554407653125,4.1057646278227064e-05,2.5555439531753087e-05,7.689424683052665e-06
12,4.168862446298319e-06,0.0006477160507663902,9.538034518284529e-05,8.729988341203297e-06,1.6956769822718091e-06,0.0012323271698757184,0.00032430365750252824,0.0003367791573703453,0.00011029407958862757,0.0008058263618593725,5.3161637151047656e-05,0.00014704409891934877,4.791288756812042e-07,3.5487542205187006e-05,0.00016367744962243505,5.094945587491645e-05,0.00021419127533827578,8.428173563133844e-06,0.9729406906155483,5.770494807683366e-07,0.009065313358399331,0.01340940931964903,0.00021682779120613886,3.091140070652224e-05,9.563035354444451e-05
13,5.288493139867369e-07,0.00012025252228106231,7.415523228236112e-05,7.462618311107325e-06,3.4193066076812527e-07,0.00025051488014059514,0.0003862059830197751,0.0014695038348275671,5.7558100482535785e-05,0.00011193274031758047,0.00029142469294180564,0.0004504030803277411,1.6802589069867364e-07,1.3333355327830699e-05,0.00022267457856098364,4.7791410696041313e-05,2.3737309153093028e-05,1.4655366650666269e-06,0.9702853641196839,1.2336284621194793e-07,0.004326621292127374,0.021676814733317232,0.00013827709199054996,3.3432873119170674e-05,9.911845714827676e-06
14,7.93720058666496e-07,0.00014396735015445168,5.5760528903985165e-05,2.212925749737507e-06,2.3356640385341793e-07,0.0002742763162188317,0.0001624982559772039,0.00031931950432544326,5.0291931479263835e-05,0.00018870675573066898,3.118513698720666e-05,7.823703782437656e-05,9.201378563526749e-08,2.4116929485654186e-06,0.00010769391350687636,3.7946848691826e-05,1.1226412800375641e-05,9.56090165813388e-07,0.9914512522166284,9.480238372690234e-08,0.002053698228389766,0.00496032634575184,3.823629994059466e-05,2.194507652536045e-05,6.637028667495564e-06
15,8.576129178047045e-07,0.00012827087827892692,7.050756219581298e-05,2.4750658037277567e-06,2.2381699612558514e-07,0.00030867074773947855,0.00016741742807826446,0.00034492313126435357,5.701734986561565e-05,0.00018632920201866162,3.188470414137976e-05,9.166201610819909e-05,1.1576175226530799e-07,2.41178829035363e-06,0.00012011117007496196,4.22046454201117e-05,1.301214889589477e-05,1.1094581893280086e-06,0.9902067194805972,1.0090610821489375e-07,0.002495105462386701,0.005658226295525379,3.9276588143099443e-05,2.37242779625394e-05,7.642501245735066e-06
16,5.598372234618094e-07,0.00013244041358931796,4.7207604776431405e-05,2.7444413862350397e-06,1.5253275812298712e-07,0.00018869629088529884,0.00021916625441370508,0.00039781099145726217,5.0419329216764696e-05,0.00028541473468670037,2.266644635152989e-05,0.0001618700876294885,1.0551582656490559e-07,2.7496050073536866e-06,0.000139900998488879,4.814677209971106e-05,1.2227990128479916e-05,1.2384491353777027e-06,0.9821584237508879,9.635489852616582e-08,0.004983400118778042,0.011082363593913947,3.653004723630953e-05,1.711397781246589e-05,8.553861412118959e-06
17,1.052387602947591e-06,0.0002080470999152632,7.237096398736105e-05,7.411529534701036e-06,5.431557067051204e-07,0.0003405182677509375,0.00035122065893097105,0.000709425063257401,6.752107579581507e-05,0.0003280549269504766,7.822486115516432e-05,0.0002956696941621691,3.418032729039164e-07,1.1091711129122979e-05,0.00017631196683195587,6.176419745656431e-05,6.300992537529086e-05,2.5542719104249283e-06,0.9701644248057826,3.0954588672566797e-07,0.006646505117761546,0.020195259884037454,0.00016243135722763573,3.349685914035977e-05,2.2438869437369e-05
18,2.3687671270754736e-06,0.00023399001557767015,0.00010127392734385889,4.732923191959845e-06,6.550891776249055e-07,0.0004548481737692651,0.00040224716813271175,0.00043085936921651637,8.108705085303453e-05,0.0004901576002191428,4.2697600026431334e-05,0.00023131157734152376,3.821856338878722e-07,9.912996345869414e-06,0.00020747123437903162,4.950412905779804e-05,7.638703018313987e-05,5.129862019156484e-06,0.9730302021974291,2.740777141759918e-07,0.007838117902545292,0.016128497998821108,0.00010229545234208414,2.5958139951294085e-05,4.963753160132967e-05
19,8.350396668121605e-07,0.00017377420388123765,0.00010883710981037926,4.787844492917986e-06,2.1919801600984846e-07,0.0002338929921031331,0.00037618019273876776,0.0005241234878766385,8.396430788272353e-05,0.00027721527557127785,3.338574281888058e-05,0.00026260851622857405,1.7407567800349536e-07,2.9738142356965816e-06,0.00017665634429098908,6.431955798555847e-05,1.276643611751363e-05,1.2406334142305165e-06,0.9824032349690986,1.2257857605844358e-07,0.004682087251472964,0.010490793424526924,4.920045779836944e-05,2.5512058419099604e-05,1.1094487298687795e-05
20,4.503356344698317e-07,8.385025461683242e-05,5.8919584750514146e-05,2.558667377028173e-06,1.3107745437317737e-07,0.00020332965805601157,0.00017604400698248673,0.0007060720017919642,5.17166808191334e-05,0.00014784616955593682,4.030430037570487e-05,0.00011937550678344144,7.497853954181985e-08,2.0221131846070508e-06,0.00026530485964630337,5.682835553841907e-05,1.0346567150522305e-05,1.039540504760857e-06,0.98220937131231,7.457686377037464e-08,0.002700208869871929,0.013115268688081076,2.776826352750089e-05,1.5255799392145475e-05,5.837831191673577e-06
21,8.313459102011076e-07,0.00017583604699933331,7.091379082725494e-05,3.983859216135e-06,1.4966515085387875e-07,0.00027498516509739387,0.00018704171202043647,0.0004265094264650001,8.12865797511734e-05,0.0002447585153154468,2.647866812107872e-05,0.00016686114857095334,1.195136641279914e-07,3.518487244172863e-06,0.000104300535596424,7.09577255192334e-05,6.860523974833743e-06,1.1996642474550692e-06,0.9892214674860681,1.0147922649952064e-07,0.0029453692805865737,0.005926925644757436,2.7811005908368747e-05,2.5814301490127213e-05,5.9184282714406855e-06
22,1.4617829083957333e-06,9.221784057927597e-05,7.53552916108542e-05,2.0884174547761843e-06,2.2758369788054932e-07,0.0004056354704755478,0.00011109903126990365,0.00032184313417403835,5.368463823453479e-05,0.00016706321145552313,3.985139959096822e-05,6.127027166543025e-05,1.2561318961514712e-07,2.4187682743150263e-06,0.0001273849290688482,3.5175422952292555e-05,2.7727485372304476e-05,2.760353367049092e-06,0.9876396958657848,9.357240834016812e-08,0.0026073997916786786,0.00815784075280528,3.2172397151191555e-05,2.560345366389887e-05,9.80352116627116e-06
23,8.576129178047045e-07,0.00012827087827892692,7.050756219581298e-05,2.4750658037277567e-06,2.2381699612558514e-07,0.00030867074773947855,0.00016741742807826446,0.00034492313126435357,5.701734986561565e-05,0.00018632920201866162,3.188470414137976e-05,9.166201610819909e-05,1.1576175226530799e-07,2.41178829035363e-06,0.00012011117007496196,4.22046454201117e-05,1.301214889589477e-05,1.1094581893280086e-06,0.9902067194805972,1.0090610821489375e-07,0.002495105462386701,0.005658226295525379,3.9276588143099443e-05,2.37242779625394e-05,7.642501245735066e-06
24,8.677867389390896e-07,0.00013343256509624254,6.875721411522522e-05,2.5649716875309506e-06,2.225117798622604e-07,0.0003078227517619902,0.0001649396337621007,0.00034371482402212046,5.6663004820754225e-05,0.00019080246100836867,3.169444649832479e-05,9.256780371829593e-05,1.1645163181916383e-07,2.533900056619587e-06,0.00011512975768747576,4.215156741875693e-05,1.3161564259807623e-05,1.1244692574501338e-06,0.990229596331172,1.0316950997099865e-07,0.002470270813989971,0.005660191638704008,3.9965822368135206e-05,2.401562991920092e-05,7.588909014785775e-06
25,4.1120682308238894e-07,9.809244535431668e-05,4.674741153296296e-05,4.384230730871556e-06,2.0970999917991113e-07,0.0002590311090272888,0.0002056470477914286,0.0012523108198100388,4.143763503182523e-05,0.00013538931387233483,0.00011479550439930676,0.00012447948911400796,7.046368175278739e-08,5.983406669918625e-06,0.00011322161338801809,6.003774448867719e-05,1.126748416270486e-05,9.91671339701794e-07,0.9859598903088775,8.828354800762928e-08,0.0020718020682489085,0.009410540693689637,5.5248933020623886e-05,2.4528853285162335e-05,3.3925521128201217e-06
26,1.8449985516303876e-06,9.443853779329131e-05,8.304162212292039e-05,1.5391932283101024e-06,1.9914116968549477e-07,0.0003756426903087045,6.089281668924846e-05,0.00010514250134065624,4.868829229164825e-05,0.00011912147535941448,2.3007770680712158e-05,3.667619414702499e-05,1.6823984452392015e-07,9.222221654402925e-07,2.627926517621636e-05,1.8529264410606377e-05,1.4317098501761933e-05,1.1961373662199964e-06,0.9955659722451607,9.631867051674171e-08,0.001436667045011063,0.0018757789612428438,3.92576962653508e-05,6.649966215092471e-05,4.0806103504367836e-06
27,5.854422718049946e-07,9.619263257865508e-05,5.046461525388376e-05,2.2885936629963992e-06,1.5420168810194944e-07,0.00025707787123859405,0.0001294281851120941,0.00039871799708643353,5.1957344561741814e-05,0.00014606319474933316,3.389075204375977e-05,8.440101160104703e-05,8.645944885737743e-08,2.0967200917457675e-06,0.00014354167555501133,4.517342598412807e-05,1.1991142028845093e-05,1.0664926760711046e-06,0.9878161111022571,7.936781383720716e-08,0.0023003285942462697,0.008372487849937828,3.0087918290031562e-05,2.0220236779088604e-05,5.50717304281854e-06
28,8.576129178047045e-07,0.00012827087827892692,7.050756219581298e-05,2.4750658037277567e-06,2.2381699612558514e-07,0.00030867074773947855,0.00016741742807826446,0.00034492313126435357,5.701734986561565e-05,0.00018632920201866162,3.188470414137976e-05,9.166201610819909e-05,1.1576175226530799e-07,2.41178829035363e-06,0.00012011117007496196,4.22046454201117e-05,1.301214889589477e-05,1.1094581893280086e-06,0.9902067194805972,1.0090610821489375e-07,0.002495105462386701,0.005658226295525379,3.9276588143099443e-05,2.37242779625394e-05,7.642501245735066e-06
29,8.576129178047045e-07,0.00012827087827892692,7.050756219581298e-05,2.4750658037277567e-06,2.2381699612558514e-07,0.00030867074773947855,0.00016741742807826446,0.00034492313126435357,5.701734986561565e-05,0.00018632920201866162,3.188470414137976e-05,9.166201610819909e-05,1.1576175226530799e-07,2.41178829035363e-06,0.00012011117007496196,4.22046454201117e-05,1.301214889589477e-05,1.1094581893280086e-06,0.9902067194805972,1.0090610821489375e-07,0.002495105462386701,0.005658226295525379,3.9276588143099443e-05,2.37242779625394e-05,7.642501245735066e-06
30,8.576129178047045e-07,0.00012827087827892692,7.050756219581298e-05,2.4750658037277567e-06,2.2381699612558514e-07,0.00030867074773947855,0.00016741742807826446,0.00034492313126435357,5.701734986561565e-05,0.00018632920201866162,3.188470414137976e-05,9.166201610819909e-05,1.1576175226530799e-07,2.41178829035363e-06,0.00012011117007496196,4.22046454201117e-05,1.301214889589477e-05,1.1094581893280086e-06,0.9902067194805972,1.0090610821489375e-07,0.002495105462386701,0.005658226295525379,3.9276588143099443e-05,2.37242779625394e-05,7.642501245735066e-06
31,8.779296946958947e-07,0.00012765913509109949,7.201573087183729e-05,2.435720855633563e-06,2.1938439490459188e-07,0.00030210134032790045,0.00016781375415186756,0.0003518929846603399,5.5147146683118016e-05,0.00018888182952432963,3.1174762862612486e-05,8.968368467771696e-05,1.1313396849291518e-07,2.3685711279146986e-06,0.00011554615128217327,4.0913364519205164e-05,1.265050792054198e-05,1.102337602161941e-06,0.9905033675772708,9.927960198986244e-08,0.0024179407896764097,0.0054461398333342315,3.895357365149069e-05,2.3409622918407918e-05,7.491853330193911e-06
32,7.512635020149813e-07,0.0001080019055370654,5.5901841838354085e-05,1.7785306590363332e-06,1.7174701687475582e-07,0.000254915306106516,0.00012669722828245113,0.0002857757393860368,4.693787462222403e-05,0.00015112781131259158,2.5581206097027422e-05,7.061090951267724e-05,9.215365573082872e-08,1.7666188490640239e-06,9.686117033806727e-05,3.4011943163015085e-05,1.018815052820663e-05,8.897197084065563e-07,0.9920879407549567,7.739811352358382e-08,0.001935110986085365,0.004649470266010948,2.918478176063075e-05,2.062548474685401e-05,5.5292082106341645e-06
33,2.722783462461628e-07,7.350456350857759e-05,1.8274672222712565e-05,3.4340562725750838e-06,1.5514380270521652e-07,0.00030840946358718003,6.030538276689565e-05,0.0005253367050510993,1.958008306545662e-05,0.00017407459277443943,5.461526557612943e-05,5.073963872752879e-05,1.2460617897610926e-07,5.141686967563654e-06,3.30471814769918e-05,5.018385617973344e-05,3.44343810781002e-05,8.836830019219951e-07,0.9868366772134362,1.575887930192465e-07,0.0019632284477048133,0.009670426498420176,8.237832846613441e-05,3.244636584983205e-05,2.1683167450260007e-06
34,8.464198524113087e-07,0.00011256080157929874,6.163520508783071e-05,1.766871894073964e-06,1.8187717481983136e-07,0.0002585754771204096,0.00013066747544048375,0.00027643659319748936,5.2865389388759426e-05,0.00013591733183951582,2.6337839846711892e-05,7.391405296846837e-05,9.669870808801256e-08,1.7330213265764439e-06,9.76844586339422e-05,3.2547497483306054e-05,9.82577228843306e-06,9.051757036854743e-07,0.992450072583631,7.36778479802594e-08,0.0018925366071823517,0.004328408671837054,2.7425212796173995e-05,2.128087805564336e-05,5.704409115547487e-06
35,1.5952782918033012e-06,0.00010292632813485013,8.2297614640215e-05,2.005041158479991e-06,1.316430429664975e-07,0.00018095307946931912,0.0001731307168681287,0.00038152944171720836,5.8191294199569965e-05,0.00017030066353742167,1.9988858590592804e-05,0.00010183638330929643,9.523569645161542e-08,1.515003638130931e-06,7.452408397202627e-05,2.5970358011924618e-05,9.447818220643518e-06,1.93396751900799e-06,0.9910448346126896,5.461268363586232e-08,0.002163353800702841,0.005356266053777408,1.9736139547727258e-05,2.0863948249279496e-05,6.5180223315808544e-06
36,8.11847955359426e-07,0.00011940818863575141,6.557719426599496e-05,2.3647354853598216e-06,2.0539550870002163e-07,0.0002733278565447415,0.00016571633176911337,0.0003685827960112954,5.530739445658203e-05,0.00017187785064557676,3.081954410887106e-05,9.940818506995596e-05,1.1834421584044276e-07,2.360968778440078e-06,0.00012250067484718263,4.3339788861368955e-05,1.2664681562396515e-05,1.0682134458551252e-06,0.9900034725958877,9.599410275000011e-08,0.0023802671434847394,0.006016866424857948,3.491660668089387e-05,2.1668053511791217e-05,7.253189305764897e-06
37,1.512711490099626e-06,0.00013501836421838517,9.161140455128978e-05,2.3410778647602765e-06,1.6824362747087946e-07,0.00023132434858257297,0.00016041028356241003,0.00023698120427100743,4.9911671551465645e-05,0.0002076554279430805,2.4182535409785558e-05,8.999159990759711e-05,1.1462494522862434e-07,1.6511744477010698e-06,5.498905707430009e-05,2.4505273372488095e-05,9.935535592569145e-06,1.3490433832085633e-06,0.9926831173662957,8.084671293167856e-08,0.00200455191553645,0.003906962847996318,3.945337658976575e-05,3.564545181118705e-05,6.534613262530204e-06
38,1.1857184900995756e-06,9.383778962776902e-05,8.214304626073598e-05,6.862222142672538e-07,1.9981343790084854e-07,0.00039552583779273935,0.00012149753992961688,0.00014310279499320163,5.892864253217907e-05,0.00013010863237619244,1.4548823671600974e-05,2.950044118041227e-05,5.780736908774323e-08,7.41685968733075e-07,0.0001161307917199509,3.3169595409028126e-05,3.323244345251584e-06,6.0781838555883e-07,0.9965512972569863,3.9565108136550524e-08,0.0008623435808070068,0.0013267794581831428,1.1842125814352774e-05,1.734689126686604e-05,5.054876130081699e-06
39,8.610185249717815e-07,0.0001292890028776108,7.047073719731226e-05,2.4831542117649866e-06,2.248495815474038e-07,0.0003079632806746557,0.00016810172348482121,0.0003445498172091949,5.716683997312364e-05,0.00018658616334221053,3.199228513904883e-05,9.209700075031583e-05,1.1570686503373172e-07,2.426772884863012e-06,0.00012023778623872095,4.214177582326358e-05,1.3005623651765697e-05,1.1105882448893364e-06,0.990200131422693,1.0109499635116667e-07,0.0024913836545233975,0.005666672196683307,3.9447869800202705e-05,2.37666516825245e-05,7.67298294621864e-06
40,3.979266093235445e-07,8.947507271820416e-05,2.046326806617613e-05,5.549993875951643e-06,1.4842400704306607e-07,0.00031729553159454176,6.908916550698364e-05,0.0005666365586247503,2.137921963647083e-05,0.00030270202551540334,4.2692128503399515e-05,3.77151289776173e-05,7.643921982006801e-08,3.24956980660196e-06,2.5137881096725698e-05,6.0466110144439034e-05,2.966665903179455e-05,1.531344937904207e-06,0.9889372978923829,1.9503493054651273e-07,0.0026304862440171325,0.0067165969034176844,7.526762484416782e-05,4.4349413696497894e-05,2.1344388378232614e-06
41,3.3104341460313954e-06,0.00025424600773266614,0.0002357904286051353,1.9684122378503197e-06,1.9962605353725873e-06,0.0005790951934443965,0.0005492248341634449,0.00046041080355441763,0.0003019819583360063,0.0001181473298321787,4.8915617584663316e-05,0.0001119892911033802,3.084111257328642e-07,1.8127990534344522e-06,0.0005872170706960461,0.00013190630822852345,1.0546327197670308e-05,1.0592669160740402e-06,0.9924801826313041,1.7913656376439178e-07,0.0016248163041510716,0.0024223938889124936,2.525250947766253e-05,2.921276234382043e-05,1.803601275419505e-05
42,1.899787669757003e-05,0.002137011662004453,0.00046573091601382157,1.1663788223778336e-05,8.608367651688729e-06,0.0015176177822906454,0.0017347694123583664,0.000318099274690662,0.00031766520635790235,0.0007593529783022667,0.00016358933619294223,0.0002778502061379958,4.72920841944077e-07,4.4943912870839114e-05,0.00023479972305620668,3.536116570288216e-05,6.944259678431465e-05,7.194609240819972e-06,0.9817247100699902,5.46215248394896e-07,0.0052764919152608674,0.004138039778539038,0.0004590400089030237,8.118495183159987e-05,0.0001968153248075108
43,1.3193314960527536e-06,0.00016226109294675944,8.847401409063084e-05,2.8072223700688744e-06,3.1249223732758425e-07,0.000283633530614113,0.000218501545028397,0.0003619259255245663,7.915828486470194e-05,0.00013092466519205339,4.4356995555975197e-05,0.0001361900618381338,1.40811121829535e-07,2.890079759129983e-06,0.0001468843174444945,4.0679736813771096e-05,1.3045082726682556e-05,1.1778314328980155e-06,0.9907949651975644,9.656500022875323e-08,0.0020356407849089235,0.005379220614710246,3.9403595065120296e-05,2.6046875055449726e-05,9.943346638050926e-06
44,8.576129178047045e-07,0.00012827087827892692,7.050756219581298e-05,2.4750658037277567e-06,2.2381699612558514e-07,0.00030867074773947855,0.00016741742807826446,0.00034492313126435357,5.701734986561565e-05,0.00018632920201866162,3.188470414137976e-05,9.166201610819909e-05,1.1576175226530799e-07,2.41178829035363e-06,0.00012011117007496196,4.22046454201117e-05,1.301214889589477e-05,1.1094581893280086e-06,0.9902067194805972,1.0090610821489375e-07,0.002495105462386701,0.005658226295525379,3.9276588143099443e-05,2.37242779625394e-05,7.642501245735066e-06
45,4.452791628802199e-07,5.5951360380127473e-05,6.342422396413793e-05,1.5911171263827456e-06,1.4249726491539548e-07,0.0002664959402609819,0.00013845978524244584,0.0007038898533585655,5.007234668290506e-05,9.378012377502322e-05,3.9875411845571176e-05,6.267274278667971e-05,6.253853667030482e-08,1.0956461945654987e-06,0.0002794048322992291,8.318982707507892e-05,5.473759095941526e-06,6.407979100206385e-07,0.991597271647649,5.7234083951674886e-08,0.0011575553610398183,0.005365456813927676,1.4631074801466991e-05,1.4991429767045233e-05,3.368355768822507e-06
46,4.6231201347949896e-07,5.552182417720301e-05,3.538292011243085e-05,3.6465432947934982e-06,1.3430886976999286e-07,0.00043291956006622374,4.810739984767271e-05,0.0003363020505461405,3.1297950027756864e-05,0.00013759586134480425,3.8924503252756486e-05,7.036501180017696e-05,2.9776182424455486e-07,3.026639313753674e-06,8.315103263302052e-05,5.015031717021579e-05,0.00010193839807895425,1.8420954487577594e-06,0.976218207933073,1.9180727727838875e-07,0.0043337148733046844,0.017924155968078517,5.697686817279354e-05,2.9065860597622147e-05,6.620199674125054e-06
47,1.0052065049516542e-06,9.824179368367053e-05,5.774737106264473e-05,1.571174988258242e-06,1.4096735867061194e-07,0.00016608892963135765,0.0001353485578707526,0.00020284082734086517,5.743752124200566e-05,0.00014396168232515315,1.3849598870851547e-05,0.00012812102381390235,1.73784774216292e-07,1.1876498215320473e-06,9.799932236071713e-05,4.056184067469517e-05,1.2288415393449264e-05,9.838583505962323e-07,0.9902052497053911,8.421084327265432e-08,0.0026279484623786408,0.005958797986512755,2.0540167570127767e-05,2.0229616931276023e-05,7.6003243046037905e-06
48,6.846789437473713e-06,0.00045645358712301655,0.001127013501803621,3.145025113910688e-05,2.5961249357729327e-06,0.0012105941446532778,0.0033158386560763384,0.002411716185687022,0.0006821075502174966,0.0008621477124208985,0.00018646367903558554,0.0018797858586739643,1.2301701886616013e-06,2.4222777165487973e-05,0.0024782188550817974,0.00036528958307451644,7.374269709035866e-05,1.60963781644411e-05,0.9132471860917243,7.941519947406603e-07,0.030955211642418736,0.04013698461323674,0.00021185718418844038,6.268199118389687e-05,0.0002534698232843592
49,9.641613051379397e-07,0.00014175289787590173,0.00010840755100808823,4.086039723890778e-06,1.844055974311268e-07,0.0003733326069096081,0.00019852063058754346,0.00038457740068378334,6.633501412590935e-05,0.00026357843263719185,3.416200378656343e-05,0.0001433750685159353,1.5554707074563858e-07,3.1018563423494406e-06,0.00012624206060122216,4.627903253373843e-05,1.461504119408408e-05,1.5212398651165278e-06,0.9867378737402823,1.1951858007361197e-07,0.003722053154173407,0.007533668601249053,5.391608337395814e-05,3.0862217159637566e-05,1.0315694817352864e-05
50,7.387867507943203e-07,0.00010649780419954156,5.799397477941255e-05,2.595003146906829e-06,1.527855456127039e-07,0.00040769736448228143,5.9456560285284234e-05,0.0001871874349886862,9.297559694738612e-05,7.129242991490995e-05,3.555300047942915e-05,6.584713990758893e-05,1.1653504147667447e-07,1.4967918277810564e-06,0.0001013914243539268,4.1573009264740766e-05,1.3694444496265874e-05,1.029211784509794e-06,0.9909299545626603,8.095411899525397e-08,0.0023461750229041866,0.005412555768092174,2.4091263504044624e-05,3.572350695345171e-05,4.129623570275444e-06
51,7.927399666519031e-07,0.0002563651168212193,4.0167259664135913e-05,3.4949176597339096e-06,7.302257507860279e-08,0.0001406380981980382,0.00010098148485035827,0.0003224326033470725,5.000671524587482e-05,0.00015524391902638825,2.289710878605493e-05,0.00010596942661395002,3.917568266773136e-08,3.2054507950171405e-06,8.228160245964586e-05,1.9658988617354776e-05,7.388765970079434e-06,1.1263985823559494e-06,0.9886335823719491,4.7917071858282866e-08,0.0015404534472000689,0.008473085194032157,2.1473412270406943e-05,1.3826653653065242e-05,4.768208961634803e-06
52,1.248757866762894e-06,7.478539186419127e-05,7.71555248796078e-05,1.7561029743745722e-06,2.315758582274363e-07,0.0007043312268048072,0.00010730123202979652,0.0003859199886625348,6.0427515100342726e-05,0.00017441835123622565,4.9143091064780994e-05,3.916647321770115e-05,8.35510562520699e-08,2.8419109645368196e-06,0.00018491644577579513,4.877385069298157e-05,1.4558250985074543e-05,2.8009093423593173e-06,0.9906578859065847,7.402964681813535e-08,0.0015805351180516037,0.005774834047842935,2.4376788823530748e-05,2.4147035810764372e-05,8.286922863247367e-06
53,8.449140172975958e-07,0.00018670173437447331,0.00014515445668318754,4.567622028679687e-06,7.65944645415418e-07,0.00025852496444833683,0.0013472449439723931,0.0011127017125101566,9.67550340630428e-05,0.0003620357899051898,7.996329486104329e-05,0.000365457664552994,1.8631376838247708e-07,4.443936466817385e-06,0.0004577810531541935,0.00010226273743549752,1.1041439538429396e-05,1.0913070510583844e-06,0.980281457050616,1.7509408518181357e-07,0.004519851502467318,0.010514036261316528,0.00010058077050486465,2.6736045014094445e-05,1.963841251921253e-05
54,1.9608228293187826e-06,0.00040759027861238907,8.316940811124383e-05,3.1023407363158517e-06,3.885661527122923e-07,0.0003718210251080634,0.00028528080585446113,0.00028397067656526153,8.727884244055866e-05,0.00044727931919837766,2.022838416563357e-05,0.00013351886549721988,1.1177276206492219e-07,5.616676917357598e-06,0.000269984869297272,5.338518179129494e-05,1.2460810212884884e-05,1.7272819723982262e-06,0.9894829548076616,1.519309609327507e-07,0.0022449691558055285,0.0057179464644469625,4.1863572990087495e-05,1.4766168762378572e-05,2.8471971147857687e-05
55,1.1194136316714536e-06,0.00013017471233060037,8.299652725617424e-05,2.6019352099910922e-06,1.8096382798904772e-07,0.0002464712287114335,0.0001820590001213417,0.00028540466821138375,8.678570658185012e-05,0.00014453204375475154,2.4698033481394794e-05,0.00014758067799408963,1.553017843544977e-07,1.8282759198273273e-06,0.00010871807019891154,4.154223138064091e-05,9.441831079548447e-06,1.1933616454267818e-06,0.9906441457826815,8.122508459340452e-08,0.002600179888245208,0.0051972129765011955,2.618538442546619e-05,2.7184966552786646e-05,7.5257933879000765e-06
56,8.845212788142483e-07,0.0001234689688399307,6.99176374826253e-05,2.45163279220958e-06,2.1716161044510166e-07,0.00029582819940175036,0.00016319077033299419,0.0003260696494632373,5.7584556779299975e-05,0.00017806938459039565,3.06249024057325e-05,9.983235834253458e-05,1.3676670835010248e-07,2.361624878688558e-06,0.00011263357320906228,4.080215952530146e-05,1.3494378666302512e-05,1.1193127624031582e-06,0.9902800261813529,1.0308120068565781e-07,0.0025271708725914358,0.005603522946327234,3.814559291331453e-05,2.467195963416551e-05,7.671806910211261e-06
57,2.685345911024845e-06,0.0004026831948993942,0.0002697605302717608,6.962822980594047e-06,1.2443575508633757e-06,0.0029020234243662805,0.0003949678151699395,0.0006326367033678774,9.806841350832411e-05,0.00041915950374575215,0.0002944131358664781,2.521412571827666e-05,2.3763949713775164e-08,1.2365474144542787e-05,0.0002451103201407739,4.1745981498288664e-05,1.1121962307567327e-05,3.4681061237944383e-06,0.9886955881314551,8.565582032249636e-08,0.0022585990618647217,0.0030511543402616296,0.00015567156012432916,5.953618376810017e-05,1.5710085184644397e-05
58,8.847452426514207e-07,0.00010631969599981984,6.459142456075384e-05,2.1246933030895277e-06,1.814205732658651e-07,0.00027119999104854837,0.00013461735621398703,0.0002636473680374312,5.5044371423015835e-05,0.00014572938118837168,2.8695296183849598e-05,8.689272831958816e-05,1.2220433416327669e-07,1.7373987793181005e-06,8.134873261299008e-05,3.578860314370294e-05,1.0111689109858989e-05,9.911238730559038e-07,0.9922507539360056,8.397463885122383e-08,0.002065298315695378,0.004325372455757277,3.306696742520919e-05,2.9873638952303763e-05,5.522487578027473e-06
59,8.394974329910112e-07,0.00010925022491500395,7.836634161205343e-05,2.3546037470537087e-06,1.8369361932278083e-07,0.00029712898029511447,0.00014639954903370974,0.00029399679369150416,5.692054424230605e-05,0.00016584664372265868,3.0257607099437117e-05,8.53800983312641e-05,1.1396878062265297e-07,1.6695593989804965e-06,9.396657121526191e-05,3.984309609056992e-05,9.734748623503166e-06,9.626639608495497e-07,0.9916916122695469,9.225014351670577e-08,0.002310643749153964,0.004510607903764404,3.690122764294807e-05,3.1283734635009114e-05,5.64367930111179e-06
60,8.576129178047045e-07,0.00012827087827892692,7.050756219581298e-05,2.4750658037277567e-06,2.2381699612558514e-07,0.00030867074773947855,0.00016741742807826446,0.00034492313126435357,5.701734986561565e-05,0.00018632920201866162,3.188470414137976e-05,9.166201610819909e-05,1.1576175226530799e-07,2.41178829035363e-06,0.00012011117007496196,4.22046454201117e-05,1.301214889589477e-05,1.1094581893280086e-06,0.9902067194805972,1.0090610821489375e-07,0.002495105462386701,0.005658226295525379,3.9276588143099443e-05,2.37242779625394e-05,7.642501245735066e-06
61,8.706023524917244e-07,0.00011268313214226874,7.748677065430393e-05,2.3407099822637253e-06,1.928267153965706e-07,0.0002868313413267496,0.00015522708957885372,0.000311397772982431,5.541993148334315e-05,0.0001715686040493318,3.0476057069285852e-05,8.841477784132778e-05,1.1809558328751142e-07,1.778825473996239e-06,9.736998274625388e-05,3.889292349275657e-05,1.014292474767939e-05,9.986788199364146e-07,0.9915971076221999,9.475306591531356e-08,0.002275967785140859,0.004611355501155356,3.7502371536637306e-05,2.9743142259951713e-05,6.017777599588734e-06
62,8.576129178047045e-07,0.00012827087827892692,7.050756219581298e-05,2.4750658037277567e-06,2.2381699612558514e-07,0.00030867074773947855,0.00016741742807826446,0.00034492313126435357,5.701734986561565e-05,0.00018632920201866162,3.188470414137976e-05,9.166201610819909e-05,1.1576175226530799e-07,2.41178829035363e-06,0.00012011117007496196,4.22046454201117e-05,1.301214889589477e-05,1.1094581893280086e-06,0.9902067194805972,1.0090610821489375e-07,0.002495105462386701,0.005658226295525379,3.9276588143099443e-05,2.37242779625394e-05,7.642501245735066e-06
63,8.733183820396526e-07,0.0001534702042753212,6.534428246853663e-05,2.3771635877868576e-06,2.1792477144516397e-07,0.00028296530771110864,0.00015356908077699983,0.0002930525949505967,5.527250482922959e-05,0.00019260873227643088,2.7826556431662683e-05,8.412307665736677e-05,1.0348565353029152e-07,2.281446226241859e-06,0.00011172784386016291,3.724332245199488e-05,1.2131993072170888e-05,1.0005315070463372e-06,0.9908819541765604,1.0030765248403839e-07,0.002347503516176273,0.005225574532540422,3.865683922172035e-05,2.2642599473862658e-05,7.37865848512729e-06
64,7.810168553830421e-07,0.00013788309482567942,7.395548485439853e-05,3.0868785784992934e-06,2.1586743122466015e-07,0.0003403062536539156,0.00017532308403292904,0.00033717822488680616,6.121255115095248e-05,0.00024405924053344074,2.9089857151144806e-05,0.00011046785422822579,1.4223823356018977e-07,2.744691108791055e-06,0.00012201837745214286,4.595546245446845e-05,1.574188616110658e-05,1.2865959364591162e-06,0.9871829797116095,1.263643371599983e-07,0.004055928895224072,0.006976307012941577,4.814286767368676e-05,2.6111656306569215e-05,8.954832378521616e-06
65,8.454786678826743e-07,0.00013640185125788883,7.812539616475568e-05,2.7635036725887426e-06,2.3429338359124062e-07,0.0003301535619440154,0.00019426538025278417,0.00040383539211365276,5.398817502719271e-05,0.0002421664648921516,3.163606469835848e-05,9.444803382911007e-05,1.1489079350710029e-07,2.742929044125623e-06,0.00013098412905211565,4.583785805506807e-05,1.3762510000678438e-05,1.1873542743457023e-06,0.9892606139696916,1.1564850198651187e-07,0.002866714411621058,0.006032079457232124,4.549720291742955e-05,2.278613401027674e-05,8.699908901798096e-06
66,1.3632719715333318e-06,6.287531823754534e-05,0.00011817614958851942,8.137908007780529e-07,4.1978202763011947e-07,0.0005911785075214428,0.00010418754879045305,0.00011191193358589947,4.2787584118424116e-05,0.00022942325402028712,1.8981339846428712e-05,2.4329069351506502e-05,2.297463417097583e-07,5.722239607572206e-07,6.0658112940575614e-05,3.2025806211190844e-05,1.844959784954945e-05,1.0257258187812204e-06,0.9938774873323993,1.738706986237251e-07,0.0029551863547101096,0.0016401422119618598,4.642301182731272e-05,5.431267786308909e-05,6.865777556750071e-06
67,8.700980451653273e-07,0.00012473210244298447,8.844204895130622e-05,4.190762501648521e-06,2.661002028216518e-07,0.0005900020149040326,0.00015437654390930208,0.0003824313648995333,5.9160603086305656e-05,0.00027033446745576095,4.229852058871381e-05,9.718862441379522e-05,1.962164319452509e-07,4.098256399726918e-06,0.00011586598458485741,5.7452406315457305e-05,2.4154770964962708e-05,1.618516218575231e-06,0.9872610315676761,1.7720899518931204e-07,0.00387836013706004,0.006723499974464951,7.283334292756262e-05,3.612504956770589e-05,1.0293316991500456e-05
68,9.189268879664154e-07,0.00013135390803051679,8.003881383321844e-05,2.780811617012497e-06,2.0770651793135917e-07,0.00031219844695833083,0.0001732650179777398,0.0003562199938811527,5.8252394622285963e-05,0.00020174188201008345,3.136736127648886e-05,9.983267145818517e-05,1.1924250113072788e-07,2.4744101552512737e-06,0.00010756210990155292,4.133825012451664e-05,1.2893819859153996e-05,1.1941731110099487e-06,0.9898339762393613,1.0115520289011679e-07,0.002763229926943835,0.0057134934532266654,4.19490076915375e-05,2.5790190395879833e-05,7.70008645408784e-06
69,9.202367080545614e-07,0.0001318031595515327,7.007827373011024e-05,2.4340240919337896e-06,2.2809907509315138e-07,0.00030902842772383013,0.00016935071286997187,0.00033755995291778144,5.836514126342505e-05,0.00018862522926145129,3.0515847284816975e-05,9.301039474919348e-05,1.1963462800751382e-07,2.517966011700127e-06,0.0001223950747254242,4.118644432614259e-05,1.3927898286304353e-05,1.1921975604864868e-06,0.9900550759722169,1.0009852586960246e-07,0.002476113749600358,0.0058269258871131956,3.772971804064631e-05,2.2440737221194863e-05,8.355122516551856e-06
70,2.817271955470594e-06,0.0002105536141597165,0.000251582288467852,7.3026740885595944e-06,5.511903382215769e-07,0.0005099209242912584,0.0005429405128996324,0.001464714107809801,0.00012044062008357684,0.000450802548392231,5.2086060576208406e-05,0.0002750925676262042,3.756970625475627e-07,8.280517896401723e-06,0.00035711528541299556,0.00013815004788175674,3.4043386830685735e-05,3.997449178979688e-06,0.9802857643301408,3.153919278081529e-07,0.003655300282133256,0.01151765384347042,5.537835192977736e-05,2.427445234259067e-05,3.054658310323285e-05
