,0,1,2,3,4,5,6,7,8,9,10,11,12,13,14,15,16,17,18,19,20,21,22,23,24
0,5.853073050939149e-07,4.6071330494370755e-05,3.201995008022492e-06,2.115358740674895e-10,3.987129748616055e-08,8.49978699594008e-05,2.1330780214865585e-05,0.0001530734551417248,4.700727541259102e-08,9.860794951529941e-08,6.329706294691941e-08,1.0723698730048344e-05,3.6569763268987e-06,6.538414822403023e-08,6.676333223182161e-05,3.143089216164934e-07,7.5962078785811885e-06,3.461984864291934e-10,0.9376319109602305,1.337290706221375e-07,1.766067705901776e-05,0.06195153858853558,7.87179535342488e-08,3.3000446024433093e-12,4.7336170513449676e-08
1,1.013081661913285e-06,6.309140727612646e-05,3.794463878236401e-06,3.507584057506148e-10,7.058756717447821e-08,6.153850616230911e-05,2.7979761418507374e-05,0.0002277059089073498,1.2816805130519255e-07,1.4811370036599314e-07,7.673751174115018e-08,9.462630237482258e-06,4.549206123287257e-06,6.947556914090617e-08,6.58240029380562e-05,4.6971972429835915e-07,1.0490155657508289e-05,4.173206247559549e-10,0.9343849055747439,1.0286460941328623e-07,1.281116401272683e-05,0.06512562783939871,7.576291609964077e-08,4.9470873199864076e-12,6.409490830104421e-08
2,9.083336494410909e-07,5.385064848297879e-05,3.6980604201849444e-06,3.216796991490548e-10,7.635455150596326e-08,5.873095780655067e-05,2.8942169556481138e-05,0.00021164375275817897,1.2979681082599813e-07,1.5622929554233953e-07,8.183560421334723e-08,8.535038000125426e-06,3.252434746494103e-06,1.0860986654682746e-07,9.912885990722362e-05,3.0173481909135616e-07,8.974448477970414e-06,4.527774848999085e-10,0.882738858490165,1.6758470375807144e-07,1.6314133695447928e-05,0.11676590151795802,1.2372128964373553e-07,6.268148205538268e-12,1.1450670943421004e-07
3,9.2511906701347e-07,6.888208197040721e-05,4.391648965803513e-06,3.6595809525806953e-10,6.66349216516175e-08,7.178621241391966e-05,2.9460873177586858e-05,0.00020864925719744895,8.947827720507083e-08,1.2625916716144397e-07,9.799468863305295e-08,1.3608430334748399e-05,4.679774037261929e-06,1.0187055209972739e-07,8.896478458909612e-05,3.55868849078267e-07,1.2407199704930732e-05,5.255878677892194e-10,0.9057890699241342,1.1719698747228852e-07,1.9338668310975513e-05,0.09368669804065222,9.917081639827478e-08,5.022433228164386e-12,8.261461626595348e-08
4,8.855552026839901e-07,7.653372563231093e-05,4.3116808128056435e-06,3.977559622746069e-10,7.202424456006627e-08,7.276490584310162e-05,2.9810666075068216e-05,0.00020245397627980245,8.847545529280881e-08,1.23636116656979e-07,1.1591668815264047e-07,1.7816549867783135e-05,6.3522050703025524e-06,1.1987848376437967e-07,7.692522450678825e-05,3.8329791730923295e-07,1.4064583332575712e-05,6.101205600438254e-10,0.9059688065077722,1.193201163637585e-07,1.9669612824480737e-05,0.0935083983470559,1.0168300374679055e-07,4.782740056679352e-12,8.121503904012514e-08
5,1.41868362949581e-06,6.678719656904923e-05,5.594246012165697e-06,5.533440272401611e-10,7.205106433238901e-08,7.447303252038458e-05,3.598748979148241e-05,0.0002778469452994566,1.1525282255134046e-07,1.750854920548686e-07,1.1468229572995313e-07,1.7299809968254446e-05,5.42980260438763e-06,1.3806483262624945e-07,9.088456038301494e-05,4.284261170219272e-07,1.7995442566199877e-05,1.0451180913587612e-09,0.8831720044584876,1.8055514907533818e-07,2.289337802214486e-05,0.11620989846111246,1.3545637487005123e-07,8.217833584265566e-12,1.253122057407928e-07
6,9.2511906701347e-07,6.888208197040721e-05,4.391648965803513e-06,3.6595809525806953e-10,6.66349216516175e-08,7.178621241391966e-05,2.9460873177586858e-05,0.00020864925719744895,8.947827720507083e-08,1.2625916716144397e-07,9.799468863305295e-08,1.3608430334748399e-05,4.679774037261929e-06,1.0187055209972739e-07,8.896478458909612e-05,3.55868849078267e-07,1.2407199704930732e-05,5.255878677892194e-10,0.9057890699241342,1.1719698747228852e-07,1.9338668310975513e-05,0.09368669804065222,9.917081639827478e-08,5.022433228164386e-12,8.261461626595348e-08
7,8.532319480102571e-07,6.521659908459806e-05,5.299963706247826e-06,2.8124237230744577e-10,5.5862860183816404e-08,4.5903884188677615e-05,2.3974422146928075e-05,0.000205734825493992,4.507001398394941e-08,8.664810573679675e-08,8.024096103667691e-08,1.2672614546408546e-05,6.296927741878849e-06,5.2923991172748537e-08,5.1561074959862885e-05,2.6566083723109365e-07,7.939510380191963e-06,4.0300173237320145e-10,0.9437854165118804,7.314163875234506e-08,1.5897128755334503e-05,0.05577249899538689,3.8995518865624764e-08,2.8298465591252236e-12,3.507877983551085e-08
8,1.7085729643983378e-06,9.56414439730273e-05,8.263852026303406e-06,9.56880270471266e-10,1.4426674828953462e-07,0.00010171254202043326,4.957075446385505e-05,0.0002362240134913157,3.499787908477547e-07,4.247365605400793e-07,2.0985741644710615e-07,9.775373810897033e-06,3.4021380162831642e-06,3.0234835865362407e-07,0.00030492930511837117,4.3642400617359555e-07,1.8282998747152847e-05,8.409789179881967e-10,0.7544764793927451,2.2433505851052214e-07,2.9788489500253723e-05,0.2446615709507613,2.2920034501065668e-07,3.690153445691221e-11,3.2719031595025507e-07
9,1.1543211869374146e-06,5.5585596775359385e-05,8.720579898304233e-06,8.061395305004873e-10,8.897636939389277e-08,9.007721811227118e-05,2.8944230125643902e-05,0.0002702634471522709,1.5700692689033144e-07,2.961704991349158e-07,1.4460902396358103e-07,1.0205720924781911e-05,4.447147883948616e-06,1.8939450341329472e-07,0.00014852604788845807,4.519927133256437e-07,1.706113843391044e-05,6.563251300719399e-10,0.8395545435168595,2.3026434189662487e-07,2.723905505668877e-05,0.15978140309143846,1.5613239144812376e-07,1.8580437546538208e-11,1.1286044902216565e-07
10,9.2511906701347e-07,6.888208197040721e-05,4.391648965803513e-06,3.6595809525806953e-10,6.66349216516175e-08,7.178621241391966e-05,2.9460873177586858e-05,0.00020864925719744895,8.947827720507083e-08,1.2625916716144397e-07,9.799468863305295e-08,1.3608430334748399e-05,4.679774037261929e-06,1.0187055209972739e-07,8.896478458909612e-05,3.55868849078267e-07,1.2407199704930732e-05,5.255878677892194e-10,0.9057890699241342,1.1719698747228852e-07,1.9338668310975513e-05,0.09368669804065222,9.917081639827478e-08,5.022433228164386e-12,8.261461626595348e-08
11,8.57168220445297e-07,6.827854085311571e-05,4.214209147628028e-06,3.653513843175957e-10,6.43325095965283e-08,7.09021536907415e-05,2.9381449218424647e-05,0.00021714230862330004,8.400206199238218e-08,1.1907914641726672e-07,9.408762011360766e-08,1.4728418843373555e-05,5.380083481645556e-06,9.806940605037245e-08,7.79066843981522e-05,3.7153941364627994e-07,1.2757408331233206e-05,5.240838678406459e-10,0.9112444863736728,1.1568389403354044e-07,1.835136901869005e-05,0.08823449928989238,9.286850087400594e-08,4.404629435010884e-12,7.398621508886871e-08
12,1.4337882147760865e-06,0.00020814983926080376,6.840148297970691e-06,6.118635375114072e-10,3.396931585634707e-07,0.00017256446682383674,3.634073553561631e-05,0.0001125669140543959,1.6196936442456485e-07,1.1061746437361299e-07,2.440984536868722e-07,3.860382731395229e-05,7.086858210933578e-06,4.2081791302403126e-07,0.00013226721205169813,4.235983635095229e-07,1.5821120308941188e-05,1.632013262888688e-09,0.922626331644495,2.258162170043491e-07,2.8157518668870736e-05,0.07661122833976351,3.3953214949584317e-07,8.10761097552427e-12,3.3919193102773077e-07
13,7.462818882697643e-07,8.353563850289798e-05,4.667308901770067e-06,5.82739676999639e-10,1.2457659120215698e-07,5.874499942268424e-05,2.4645783776957136e-05,0.00013878272992087754,5.716992142828121e-08,8.653771165048885e-08,4.150976833755081e-07,2.5133185830738575e-05,9.046129653957009e-06,1.610398946576491e-07,0.00013662756184947542,4.0943768636502076e-07,1.1403263021769225e-05,5.034489934179624e-10,0.9255426880827218,7.70425180443471e-08,3.5602020635971206e-05,0.07392685147024759,1.394507989254169e-07,5.964300808698898e-12,5.409866654650664e-08
14,1.6015194260820313e-07,8.773533746548469e-05,6.588740750094051e-07,1.914067838701101e-11,2.8987830731327416e-08,3.6453050814284006e-05,4.792957235697344e-06,1.557847760752845e-05,3.989347727690419e-09,8.59524898217278e-09,4.1325793853035174e-08,2.0305723498467692e-05,3.5655261169105946e-06,1.9289710281583907e-08,9.789977802136975e-06,8.095902295376344e-08,1.2671669670673275e-06,7.949805846701392e-11,0.9918986713815956,1.1034617277464437e-08,7.169243922630544e-06,0.00791364230351179,9.082674918540383e-09,1.2602205804528857e-13,6.4644333411909475e-09
15,9.2511906701347e-07,6.888208197040721e-05,4.391648965803513e-06,3.6595809525806953e-10,6.66349216516175e-08,7.178621241391966e-05,2.9460873177586858e-05,0.00020864925719744895,8.947827720507083e-08,1.2625916716144397e-07,9.799468863305295e-08,1.3608430334748399e-05,4.679774037261929e-06,1.0187055209972739e-07,8.896478458909612e-05,3.55868849078267e-07,1.2407199704930732e-05,5.255878677892194e-10,0.9057890699241342,1.1719698747228852e-07,1.9338668310975513e-05,0.09368669804065222,9.917081639827478e-08,5.022433228164386e-12,8.261461626595348e-08
16,1.277122511975877e-06,7.202876132486374e-05,4.37449777996723e-06,3.96197555693946e-10,5.004502310957629e-08,6.665093021669791e-05,2.9783588488226875e-05,0.00019581371718719776,6.98766634377278e-08,1.6421968128097312e-07,1.3105441756707102e-07,2.4042587517996e-05,4.374885179693218e-06,1.5162832413100285e-07,8.927432522357507e-05,2.858002777448915e-07,1.887785445140424e-05,1.1238813216524671e-09,0.8447392380120579,1.4469256229700888e-07,3.638830386578048e-05,0.15471661806940556,1.2609562598648454e-07,6.074413900612351e-12,1.3240606054236614e-07
17,1.0414807070690684e-06,6.784305287397783e-05,3.0709510932955e-06,2.498256929409241e-10,4.821286228258514e-08,3.9479910491723594e-05,2.2443391971136404e-05,0.00021192216406457635,5.651147996533076e-08,7.752972990744177e-08,8.137875419083552e-08,3.072418311578758e-05,6.366313410806282e-06,1.1875808109112095e-07,3.745124681928111e-05,2.277135989507083e-07,1.6436471431638447e-05,1.0914039189209523e-09,0.8863795614289356,1.2344435876647138e-07,1.9818707497580997e-05,0.11316288991586004,1.08823422544877e-07,2.4302191822470316e-12,1.070657799403911e-07
18,1.3464379871600253e-06,8.893871487398471e-05,2.5768152615054612e-06,2.7623255472174605e-10,4.0834869323869085e-08,6.607146586491716e-05,3.476325310686948e-05,0.00018824613409468226,1.3122407343451455e-07,1.8468238624892208e-07,9.421836257236127e-08,2.7379197465519898e-05,4.795393541660193e-06,2.0304292000204135e-07,6.340736176574376e-05,3.0390444687930395e-07,2.934728405741477e-05,1.4500198466604004e-09,0.7835605322864593,1.6783742412929092e-07,2.0987621749646977e-05,0.21591002794587666,1.6932776892589174e-07,5.544419443360638e-12,2.8328384682184167e-07
19,7.871554044281297e-07,6.992063775794341e-05,5.127761860630386e-06,3.9759706297669426e-10,7.864155081934747e-08,5.609481582084825e-05,2.8860160223436374e-05,0.0002497755316619638,7.105343543920938e-08,9.578555210527989e-08,9.154946789062772e-08,1.7347841560399135e-05,6.552531970830636e-06,9.074232871541422e-08,6.769045856733203e-05,3.347651046418884e-07,1.120221695570748e-05,5.2956599158002e-10,0.9147055167340957,1.022278286354296e-07,1.6967741233414273e-05,0.0847631686669434,6.664676610279715e-08,3.4370910248966744e-12,5.540330927586818e-08
20,5.570746662163048e-07,4.808745445459567e-05,4.21731664243404e-06,3.864040498186907e-10,5.1433710447612764e-08,6.654724901914914e-05,3.449268565571765e-05,0.0002402459564296411,6.405958503272059e-08,1.2292922712511593e-07,1.1155213926712942e-07,8.65721424198801e-06,3.2439626521931856e-06,8.835184457777797e-08,0.00019797143443911,2.91930477814718e-07,9.120553937584261e-06,2.6785204454233334e-10,0.8611409862712509,1.0712564618643872e-07,2.883790772692747e-05,0.13821602304467967,1.0932036130234772e-07,5.65732101546042e-12,6.451129890483177e-08
21,1.1965925413189145e-06,8.397502380764644e-05,4.249980409265955e-06,3.3023288216570935e-10,8.097700972427761e-08,5.282648734712295e-05,1.7570187606159983e-05,0.000151029033677775,6.482904022303535e-08,1.1909553496334853e-07,1.2767872924586644e-07,2.0871633320288428e-05,4.871440344113687e-06,1.1334101816655374e-07,5.903901220280259e-05,2.8467737053657967e-07,1.100229216684622e-05,7.224058304452172e-10,0.9226703948713643,9.994287479000634e-08,2.557118121768212e-05,0.07689634532576314,8.827701892872032e-08,4.452266020371007e-12,7.706254412484343e-08
22,1.1756066064298796e-06,5.555857201697661e-05,6.436846242660424e-06,5.827548689448525e-10,5.4622313223751265e-08,7.40823906035072e-05,2.6309249216048062e-05,0.0002597199982066816,7.188561337081488e-08,1.831752900598833e-07,1.3666989825115985e-07,1.7827086149620888e-05,5.28384048553494e-06,1.239148215232127e-07,9.373557495625346e-05,4.177525889166682e-07,2.11293840587289e-05,8.205804978039298e-10,0.8721447167020792,1.416719871225814e-07,3.113308165424839e-05,0.12726158136547308,1.0524972364414996e-07,7.464161822994168e-12,7.394921530499466e-08
23,9.2511906701347e-07,6.888208197040721e-05,4.391648965803513e-06,3.6595809525806953e-10,6.66349216516175e-08,7.178621241391966e-05,2.9460873177586858e-05,0.00020864925719744895,8.947827720507083e-08,1.2625916716144397e-07,9.799468863305295e-08,1.3608430334748399e-05,4.679774037261929e-06,1.0187055209972739e-07,8.896478458909612e-05,3.55868849078267e-07,1.2407199704930732e-05,5.255878677892194e-10,0.9057890699241342,1.1719698747228852e-07,1.9338668310975513e-05,0.09368669804065222,9.917081639827478e-08,5.022433228164386e-12,8.261461626595348e-08
24,9.426922809888134e-07,5.3183557632752225e-05,3.706577411494522e-06,1.8022970936506672e-10,2.1269613892183427e-08,8.46158979647418e-05,3.254787099165513e-05,0.00017964896154049954,7.325488631919013e-08,1.7863960331164828e-07,5.648988646514595e-08,5.702697284728899e-06,1.6574083845267826e-06,4.230570506005437e-08,0.00014213636984880402,2.2214396749775848e-07,1.1030119322220061e-05,2.5751181959536327e-10,0.8665943743579277,9.007856882842308e-08,2.5866108597695313e-05,0.13286375954486604,6.31541581802545e-08,5.632847522877892e-12,8.005618213061025e-08
25,9.556174592938458e-07,3.804521107162784e-05,4.242146392676754e-06,4.6025463485968293e-10,5.380634840355916e-08,3.293388184923675e-05,2.8927395388069036e-05,0.00032831103141950846,5.2139314956571574e-08,9.598220875019901e-08,1.0981955810874513e-07,1.2195864274591754e-05,5.836052524622266e-06,6.27050002011892e-08,7.054231761609997e-05,3.503495468502833e-07,9.966996956967318e-06,5.245134673982514e-10,0.9247043695042795,9.242925419090985e-08,1.998064331735882e-05,0.07474275964442452,7.445948069619189e-08,3.715039761014968e-12,4.1013830494423135e-08
26,1.925779197264766e-06,9.869185804407081e-05,5.976147175619676e-06,8.342988016444091e-10,1.208355960679995e-07,0.00012611451196094614,4.419115661607361e-05,0.00033988961664944305,3.2300916342783005e-07,2.2565187755256485e-07,1.370866085239689e-07,1.4816993899736479e-05,6.333527509897775e-06,1.5153655772132412e-07,0.0001237371059083258,7.615404747360764e-07,2.369256267625972e-05,9.189318304031737e-10,0.9040014093695504,2.2635353296267903e-07,2.1777581295908634e-05,0.09518906718760442,2.5428582161175956e-07,1.6185719048498645e-11,1.7453286280852277e-07
27,8.423967454124727e-07,6.87875720069343e-05,3.8401004904903454e-06,3.7332373538629247e-10,6.781826667732495e-08,8.039820880889319e-05,4.0279257777783594e-05,0.000213236051137631,1.6063643966672913e-07,1.9711045484354654e-07,1.0321835332240222e-07,1.0195176513916723e-05,3.726608300836115e-06,1.367091393783549e-07,0.00014709856645413123,3.7992148182172117e-07,1.3383963645204274e-05,4.606079437481514e-10,0.839261574239704,1.6014011802553715e-07,1.830215384084063e-05,0.16013685699442734,1.3508983000079472e-07,8.430531219769395e-12,1.3722370060793734e-07
28,9.2511906701347e-07,6.888208197040721e-05,4.391648965803513e-06,3.6595809525806953e-10,6.66349216516175e-08,7.178621241391966e-05,2.9460873177586858e-05,0.00020864925719744895,8.947827720507083e-08,1.2625916716144397e-07,9.799468863305295e-08,1.3608430334748399e-05,4.679774037261929e-06,1.0187055209972739e-07,8.896478458909612e-05,3.55868849078267e-07,1.2407199704930732e-05,5.255878677892194e-10,0.9057890699241342,1.1719698747228852e-07,1.9338668310975513e-05,0.09368669804065222,9.917081639827478e-08,5.022433228164386e-12,8.261461626595348e-08
29,9.2511906701347e-07,6.888208197040721e-05,4.391648965803513e-06,3.6595809525806953e-10,6.66349216516175e-08,7.178621241391966e-05,2.9460873177586858e-05,0.00020864925719744895,8.947827720507083e-08,1.2625916716144397e-07,9.799468863305295e-08,1.3608430334748399e-05,4.679774037261929e-06,1.0187055209972739e-07,8.896478458909612e-05,3.55868849078267e-07,1.2407199704930732e-05,5.255878677892194e-10,0.9057890699241342,1.1719698747228852e-07,1.9338668310975513e-05,0.09368669804065222,9.917081639827478e-08,5.022433228164386e-12,8.261461626595348e-08
30,9.2511906701347e-07,6.888208197040721e-05,4.391648965803513e-06,3.6595809525806953e-10,6.66349216516175e-08,7.178621241391966e-05,2.9460873177586858e-05,0.00020864925719744895,8.947827720507083e-08,1.2625916716144397e-07,9.799468863305295e-08,1.3608430334748399e-05,4.679774037261929e-06,1.0187055209972739e-07,8.896478458909612e-05,3.55868849078267e-07,1.2407199704930732e-05,5.255878677892194e-10,0.9057890699241342,1.1719698747228852e-07,1.9338668310975513e-05,0.09368669804065222,9.917081639827478e-08,5.022433228164386e-12,8.261461626595348e-08
31,7.688717673104799e-07,8.895885692268064e-05,4.2786109868779164e-06,4.880122955275805e-10,8.515181071844942e-08,0.00012302622882317263,3.959039892335067e-05,0.0001822889927633161,1.3336307904678742e-07,1.6933062188216483e-07,1.5731847865276482e-07,1.4609578556492193e-05,4.904269233528851e-06,1.688508927199884e-07,0.00016773651059124697,4.765534682448693e-07,1.601424168768751e-05,4.71961106542338e-10,0.8716439833759378,1.3286491800549254e-07,2.4241317884918726e-05,0.12768801154812467,1.5371692622813268e-07,7.707766762423486e-12,1.0907992024100639e-07
32,7.576597438380783e-07,5.901850380789534e-05,3.733100515931307e-06,2.805197480018434e-10,5.800270460694807e-08,6.176760100739742e-05,2.533266278874522e-05,0.0001849575159120755,7.010704873631492e-08,1.0533061123033782e-07,8.092029956737397e-08,1.2212581621697247e-05,4.13644007962129e-06,8.518591991562903e-08,7.593972927060574e-05,3.07534109455047e-07,9.84706707562977e-06,4.284776863998828e-10,0.9152457946325937,1.0678027606578895e-07,1.7047701667369357e-05,0.0842984870807982,8.4088939906627e-08,3.786767861015714e-12,6.906042374559023e-08
33,8.030318677493095e-07,6.521918137207769e-05,3.5455994601120736e-06,3.1751013860047133e-10,4.96592306610043e-08,6.416180946938617e-05,3.0427582824675893e-05,0.00023116171117093355,8.331024120786086e-08,1.1777601942167579e-07,8.083405127961027e-08,1.7470567477029862e-05,6.329654806297825e-06,9.821257123940916e-08,5.7884592833752104e-05,3.8203328390191506e-07,1.605598625237837e-05,5.810413598628289e-10,0.8950960148093269,1.1046327475429895e-07,1.4677341403024097e-05,0.10439517952205002,7.675474567522616e-08,3.4222860339216943e-12,6.866429377102238e-08
34,9.774864741350086e-07,8.508842239972796e-05,6.123723461383083e-06,6.387893189230037e-10,7.445864744649788e-08,0.00013180194312634977,4.403086596127578e-05,0.00028960861065083476,1.1057626637428743e-07,1.605919803813459e-07,1.284451530243724e-07,1.9469953755411338e-05,6.249732993231799e-06,1.5360747326275463e-07,0.00013667745237273224,5.184858737282234e-07,2.2975727832693433e-05,7.520964072556427e-10,0.8710978789996796,1.6019213150913584e-07,2.7319587766095825e-05,0.12813024323526845,1.443120239942558e-07,6.764006808262089e-12,1.0219105889376721e-07
35,5.82304097391349e-06,5.7379992835996183e-05,2.43044462943278e-06,1.8019585424249286e-10,1.9429321568027502e-08,9.586934397916222e-06,2.240313517645705e-05,0.000610771782642971,1.1001731787125986e-07,1.3849712300967745e-07,2.3086814133610564e-08,2.1388217020786073e-05,6.224144071212292e-06,2.1484018089332877e-08,6.64009459825073e-06,2.827520856044887e-07,2.1629821463549997e-05,2.3160825859422187e-09,0.9348258929480586,6.082022734241527e-08,6.650245893871692e-06,0.06440243428915722,1.8794676025243117e-08,1.7905354006458464e-12,6.752942716501577e-08
36,1.0840593256632449e-06,7.738294093315564e-05,7.346565696015522e-06,3.5721225894682003e-10,1.20091013192098e-07,6.479812035543368e-05,2.014687563931438e-05,0.00011482549225449846,5.853241289281879e-08,1.2372050808213704e-07,1.4005167350571514e-07,8.542836395577863e-06,2.909511273949058e-06,9.41938149693939e-08,0.0001223810735567763,2.1096709284903028e-07,4.6928405458375015e-06,4.196653441980575e-10,0.94458079686331,1.0251424314319588e-07,3.067257783981914e-05,0.05496340166625672,8.718867333565861e-08,7.459871633406668e-12,8.053284792966057e-08
37,1.384085136482898e-06,6.332846373284936e-05,5.9050657129637665e-06,4.750488822224383e-10,7.005414593191548e-08,6.134774035441821e-05,2.953631375006662e-05,0.00022282713642540202,8.746882562974503e-08,1.5515020327330493e-07,1.1850954474935003e-07,1.4718506790716254e-05,4.843663857443594e-06,1.1219047982608857e-07,8.751692337366099e-05,3.7199198153088973e-07,1.3649692709077139e-05,8.206930954929575e-10,0.9054055994765308,1.3338061186378105e-07,2.168841657523116e-05,0.0940664112116255,9.863725605605546e-08,7.974872757286268e-12,9.4616659751711e-08
38,4.521716869022181e-07,4.137769327722034e-05,2.5791819376013322e-06,2.2277051232327005e-10,3.120814185479811e-08,9.668612236543585e-05,2.735959428576174e-05,0.00017662882140783548,3.2668379700265924e-08,6.162557901763036e-08,6.827985619639198e-08,1.0437960516791374e-05,4.2370385623881335e-06,4.697192473341921e-08,8.086801624977105e-05,4.188181229605264e-07,8.867097963330758e-06,2.448806749548002e-10,0.9513928998646839,8.177071684396877e-08,1.7197163681076876e-05,0.048139554041639165,8.239167771508159e-08,2.057123476128088e-12,3.1027635354059445e-08
39,1.2478128523318262e-06,0.00014022219970876224,6.329206365899016e-06,3.6956384931288955e-10,1.5644093403799977e-07,6.386782161398533e-05,2.320701602641446e-05,0.00011316489929558352,1.625410798661822e-07,1.9529212253057982e-07,1.8194355723917824e-07,1.6910111891379668e-05,5.422101410323251e-06,2.0072725509720915e-07,8.971624233601648e-05,2.968496636435768e-07,9.972181670580886e-06,6.413348727271369e-10,0.8988174752687662,1.0846893195740614e-07,1.663210526268797e-05,0.1006943547564513,7.041830414850898e-08,9.34924124096748e-12,1.0457425193540116e-07
40,2.9836154209927765e-06,6.627883790226322e-05,2.839790081588185e-06,1.6638986790068426e-09,4.675660714714192e-08,9.851475929969191e-05,0.0001114623286134696,0.0010857982983156777,5.307039664082268e-07,3.724663016942573e-07,1.7049225966279264e-07,1.4692847076937991e-05,1.1797406773985842e-05,1.241667390538933e-07,0.00011269529977260112,1.5910610024323456e-06,6.91661908658093e-05,1.5182029596686322e-09,0.8664185057288788,2.0926086067167633e-07,2.671350696912622e-05,0.13197487116918624,4.4214606463627113e-07,1.510041500015042e-11,1.8996983922757906e-07
41,1.646681184444252e-06,0.00037739356716274316,1.195824068765905e-05,1.6042161829556084e-09,4.3695081125467997e-07,0.0002758787695099806,6.201432360530802e-05,0.0004058353087348812,8.847019169760292e-07,3.0035930239443564e-07,1.7739770162191243e-07,1.6943601935725094e-05,1.3596533534168599e-05,2.334131381349829e-07,0.00015723352404027052,1.0762444754759347e-06,2.816098415440054e-05,5.801910259325516e-10,0.9214055623930779,1.481251039660825e-07,1.8159525100150136e-05,0.07722205321095874,1.612888024816093e-07,1.3998233186164565e-11,1.4265665579384491e-07
42,4.4929580182300965e-06,0.000330836102502768,1.0185682180385236e-05,2.4731802185676574e-09,4.358842249807307e-07,0.00041492708623524333,0.00011667322167261336,0.00023135740079999529,6.985798858132365e-07,3.789949138191405e-07,6.503747044582407e-07,4.007996595655417e-05,1.377226046139748e-05,7.805367959024644e-07,0.00031845833736907694,1.5722445275895426e-06,5.0615889779232663e-05,4.283294355853923e-09,0.9056885998451547,3.4470224791609865e-07,3.928746928035306e-05,0.09273412923130499,8.810953661155384e-07,4.7227222093069594e-11,8.353329162070614e-07
43,9.673978266292961e-07,8.29374412583759e-05,4.404136881065407e-06,3.6152868080043125e-10,7.293185896771309e-08,6.734227820382072e-05,3.0517326009646707e-05,0.00019566961812219081,7.113556589545505e-08,8.071975883556218e-08,1.1163134898549113e-07,2.0047576197550196e-05,5.953311440736075e-06,1.0054570717071548e-07,8.142360863857001e-05,3.424690693343599e-07,1.3063801744883941e-05,6.198176147223306e-10,0.9241767284410976,8.930773658100068e-08,1.8838537787571804e-05,0.0753010612948088,9.554941068801852e-08,3.840154090718183e-12,7.995433967273816e-08
44,9.2511906701347e-07,6.888208197040721e-05,4.391648965803513e-06,3.6595809525806953e-10,6.66349216516175e-08,7.178621241391966e-05,2.9460873177586858e-05,0.00020864925719744895,8.947827720507083e-08,1.2625916716144397e-07,9.799468863305295e-08,1.3608430334748399e-05,4.679774037261929e-06,1.0187055209972739e-07,8.896478458909612e-05,3.55868849078267e-07,1.2407199704930732e-05,5.255878677892194e-10,0.9057890699241342,1.1719698747228852e-07,1.9338668310975513e-05,0.09368669804065222,9.917081639827478e-08,5.022433228164386e-12,8.261461626595348e-08
45,6.975372476685375e-07,4.956803076419716e-05,4.575887647537882e-06,4.0854163292479385e-10,5.575115526202471e-08,7.906726475017752e-05,3.8171638614234476e-05,0.0002803472140362871,7.581544152324544e-08,1.1656961675886285e-07,8.419084317263237e-08,8.815181141891223e-06,4.227083305358892e-06,7.10012133092888e-08,0.00013116212447346383,4.3102559394538683e-07,1.02278160735301e-05,3.3315591792556496e-10,0.9156461078430541,1.1225108346414465e-07,1.77814696597339e-05,0.08372816194371889,8.765837736923099e-08,4.792459259306022e-12,5.39556980005545e-08
46,1.2183760554853907e-06,7.217007721089825e-05,5.398814625611043e-06,8.224522088431328e-10,3.82608545099767e-08,0.00015568766084009229,3.517055718629479e-05,0.00042988265622568835,9.397954058898657e-08,1.758736809217452e-07,1.2482353070531544e-07,3.184430304587625e-05,9.466386799365883e-06,1.1355146469351668e-07,8.285282694785161e-05,8.512972049204308e-07,5.295086955508495e-05,9.597853224054134e-10,0.8789812957161255,1.5566229666048797e-07,3.440716450156475e-05,0.12010589649581274,1.41596330139555e-07,6.861720850131052e-12,6.126106562776558e-08
47,9.645449507949477e-07,7.608738302000634e-05,6.136388283340487e-06,6.409577720412281e-10,1.0547709918205885e-07,0.00010301384095278827,3.572880711712272e-05,0.0002339803371147612,1.1752374904070931e-07,1.4730492549652727e-07,1.5257253692109082e-07,1.2969857280330463e-05,5.591363356358355e-06,1.4708477213944837e-07,0.00014086933847261195,4.748950725126797e-07,1.3840692047266311e-05,5.54608599377189e-10,0.9081024298118129,1.439571201771186e-07,2.4630647312879483e-05,0.09124221445155763,1.5862470597914134e-07,8.070202283737923e-12,9.389310295265793e-08
48,2.4385674849591086e-06,0.0001457088250823555,1.3709567979952445e-05,1.144419264774367e-09,9.673995658737764e-07,4.438236604545644e-05,3.2084010382332926e-05,7.241345222007337e-05,4.022846289312086e-07,5.800092729868727e-07,7.193072823084331e-07,1.7225587560850422e-05,2.333230746508905e-06,1.3167228927267435e-06,0.00041133310328839016,1.9565848528125536e-07,6.996653077936742e-06,2.313446357678082e-09,0.6216983462487524,3.57985565020605e-07,6.515881941063799e-05,0.3774817041026038,3.8991363306231465e-07,7.924040139136217e-11,1.2326469320340612e-06
49,6.266945809629703e-07,6.832903008668639e-05,5.865560514595104e-06,2.683980275434522e-10,5.1803135073576786e-08,8.692913835710987e-05,2.1321116030593036e-05,0.0001528198305495932,4.8375853112123404e-08,1.1410926803542108e-07,7.821008849044923e-08,1.9597057517863535e-05,4.409371330704747e-06,1.0990661550468276e-07,7.257713039925641e-05,2.456435344547961e-07,1.26322564780126e-05,5.304798262771875e-10,0.8785021525698001,1.3048059028871108e-07,2.183410516695874e-05,0.12103000538488887,5.950203998376009e-08,3.703448948732616e-12,6.192059242240386e-08
50,9.228990754867534e-07,6.702081427106478e-05,4.2695400222936046e-06,3.514236974746961e-10,6.476692867674248e-08,6.827593086479137e-05,2.9676786217182577e-05,0.00020855404933467419,8.922626150727283e-08,1.272770004105364e-07,9.430478659334921e-08,1.298497918669562e-05,4.530631349707393e-06,9.911028809044671e-08,8.777418439517425e-05,3.4621906275179163e-07,1.1965564704032504e-05,5.173214485403522e-10,0.9048293029481373,1.161771830051017e-07,1.8678313083045166e-05,0.09465492566020822,9.622300511443461e-08,4.9251960838567636e-12,8.352096391408408e-08
51,1.2600517002747107e-06,0.00015879746913174378,9.364802373663234e-06,9.535870188410784e-10,1.3315692481490178e-07,8.649084031062286e-05,4.267928982115889e-05,0.00041930363151963215,2.2737556965791694e-07,2.2602394724835724e-07,1.507649293458883e-07,1.845439791242827e-05,9.47702882921357e-06,1.45286333268029e-07,0.0001183020096133206,4.490132133150856e-07,2.167447384561021e-05,5.51725195593091e-10,0.8565799250499198,1.0001646863705507e-07,2.4947025014704928e-05,0.14250775118466089,7.049857915394339e-08,8.401386356600806e-12,6.909566788214709e-08
52,2.0883308605157153e-06,4.23331330065204e-05,1.0222139219092714e-05,1.2319112935247397e-09,9.511735058751832e-08,0.00010124631266642415,4.0942694291092156e-05,0.0003156650803080173,1.640150972206342e-07,4.852088114842788e-07,2.2816054380968836e-07,1.4134537254278096e-05,7.953928631768101e-06,2.0638989077401027e-07,0.00010840338914320744,1.0152376223822947e-06,2.3245365972195493e-05,1.8491914162357819e-09,0.8777363551361516,3.816763038408462e-07,2.2397133267588492e-05,0.12157218713208008,1.4467547102147446e-07,2.8231662891309595e-11,1.0209672220582939e-07
53,9.069526432128657e-07,6.396620532406528e-05,3.0234309104589163e-06,7.966262451480527e-10,7.912153326303794e-08,0.00012182717734368063,0.00014627657048367295,0.0004678215243624244,2.795839218318802e-07,1.8588372552767035e-07,1.5110656799255103e-07,9.46929647799733e-06,6.39252825393713e-06,1.5843321303843558e-07,0.0003119536963813288,8.55311523529911e-07,1.9037000548630244e-05,6.270617874194503e-10,0.8510997175984871,2.183930698933815e-07,1.829047669395797e-05,0.14772882512760155,3.5284532051004105e-07,1.0412027718736842e-11,2.103015123982082e-07
54,1.080442586240303e-06,0.00015344916758935055,1.959772176521547e-06,1.6310925320578544e-10,5.16817447919595e-08,6.67611242845407e-05,3.8545783361582895e-05,0.00015986087300856705,1.4627421152395907e-07,1.2276539936982318e-07,6.080027291642483e-08,2.0809331480091392e-05,4.268934492505793e-06,1.1275281077078338e-07,6.245456683675856e-05,2.9916990952237013e-07,1.5767099582899584e-05,6.437456694019176e-10,0.8798211059551081,7.732629767249477e-08,1.1653105106780855e-05,0.11964115783423036,7.801817269260574e-08,2.7320311310028952e-12,1.7641174963368488e-07
55,1.5101026874961492e-06,0.00012961071120267125,4.301278685053567e-06,3.6015996966636026e-10,9.285413959941975e-08,6.176480331393627e-05,3.337602711442876e-05,0.000193039563459506,1.217019660541214e-07,1.0813435439507065e-07,1.1707707087340918e-07,2.9752413185134676e-05,6.7451384678532865e-06,1.2291017766390465e-07,6.447126694490161e-05,3.4595693526455794e-07,1.6482336784735756e-05,1.053256274045162e-09,0.9127923304829964,9.981043809894899e-08,1.8119439805952904e-05,0.08664726409577343,9.154857192228652e-08,4.59062873672466e-12,1.309279177078184e-07
56,8.974014511421701e-07,7.091051137110462e-05,4.343069521379547e-06,3.7175910141392664e-10,6.844025858775241e-08,7.006975116949939e-05,3.028508107639617e-05,0.00021171665970447044,8.854929188993499e-08,1.233471445058329e-07,1.0060231870041e-07,1.5010972031977995e-05,5.4366801541228145e-06,1.034548743903031e-07,8.127154960797324e-05,3.709753349436751e-07,1.2597410068021926e-05,5.55651989304433e-10,0.9092845251564504,1.1773034812395889e-07,1.8424449343845398e-05,0.09019336401009065,9.386332660208363e-08,4.753612362097014e-12,7.940289661973013e-08
57,9.837501398494105e-06,0.00047034045636798103,2.193699347610883e-05,1.7098486377054657e-08,5.790206471658549e-07,0.0010827775539868478,0.0007000631034384292,0.0011276546086831716,7.578691381681785e-06,2.8557051341191587e-06,1.3382683173959825e-06,1.2810571121072145e-05,1.7544225290928067e-05,1.6493004772655782e-06,0.002398776340030989,4.934625479424276e-06,0.0001577845798922456,4.6505527134296034e-09,0.6980894193019658,7.96280147868931e-07,6.499135922585223e-05,0.2958209660704191,2.8692562772848605e-06,5.785908482237254e-10,2.473859210853735e-06
58,9.682487468600384e-07,6.737977875312566e-05,4.971224181718803e-06,4.1628554206539896e-10,6.926998929108222e-08,7.624485366708538e-05,3.149282464171263e-05,0.00021148833048385121,9.927962356644321e-08,1.5138381078495065e-07,1.1207740581186213e-07,1.3238641335041832e-05,4.768037533526635e-06,1.1223071863213333e-07,0.0001052370556667285,3.880896136223245e-07,1.2831241600596691e-05,5.55317869857395e-10,0.8957063453751549,1.348792771950739e-07,2.0602060236563706e-05,0.1037431703862343,1.0480664548036999e-07,7.078784044563586e-12,8.89459972304805e-08
59,9.98847107167665e-07,6.757065997540558e-05,5.695171215311138e-06,4.6287978540757136e-10,7.622124964758135e-08,7.936851652071875e-05,3.105945963587593e-05,0.00021261147790920773,1.0521843549204236e-07,1.695550407881649e-07,1.197703233019361e-07,1.2537006845697488e-05,4.350892407396728e-06,1.2004973234115231e-07,0.00012226087845113536,3.9285968195745396e-07,1.2789018919641858e-05,5.573071890313565e-10,0.8897116865508893,1.4480185294027811e-07,2.293452248362191e-05,0.10971480112508772,1.1150004960306107e-07,8.662598633552428e-12,9.486733639662606e-08
60,9.2511906701347e-07,6.888208197040721e-05,4.391648965803513e-06,3.6595809525806953e-10,6.66349216516175e-08,7.178621241391966e-05,2.9460873177586858e-05,0.00020864925719744895,8.947827720507083e-08,1.2625916716144397e-07,9.799468863305295e-08,1.3608430334748399e-05,4.679774037261929e-06,1.0187055209972739e-07,8.896478458909612e-05,3.55868849078267e-07,1.2407199704930732e-05,5.255878677892194e-10,0.9057890699241342,1.1719698747228852e-07,1.9338668310975513e-05,0.09368669804065222,9.917081639827478e-08,5.022433228164386e-12,8.261461626595348e-08
61,9.934852715650296e-07,6.420937708651584e-05,5.92414009732164e-06,4.4709488494539e-10,7.172116433444566e-08,7.614690154615549e-05,2.884363783931771e-05,0.00022214174352567576,9.183639128380403e-08,1.5560673643502987e-07,1.0729675451386191e-07,1.2399339418321461e-05,4.338754588161924e-06,1.0831964108435228e-07,0.00010845335879763686,3.6501304286074655e-07,1.2390777785344775e-05,5.481232860192166e-10,0.8967416686337154,1.3835934663722528e-07,2.2622627630980944e-05,0.10269864510375037,9.957562440486434e-08,7.371911311394971e-12,8.338765546851244e-08
62,9.2511906701347e-07,6.888208197040721e-05,4.391648965803513e-06,3.6595809525806953e-10,6.66349216516175e-08,7.178621241391966e-05,2.9460873177586858e-05,0.00020864925719744895,8.947827720507083e-08,1.2625916716144397e-07,9.799468863305295e-08,1.3608430334748399e-05,4.679774037261929e-06,1.0187055209972739e-07,8.896478458909612e-05,3.55868849078267e-07,1.2407199704930732e-05,5.255878677892194e-10,0.9057890699241342,1.1719698747228852e-07,1.9338668310975513e-05,0.09368669804065222,9.917081639827478e-08,5.022433228164386e-12,8.261461626595348e-08
63,9.313946723139263e-07,7.456994014587537e-05,4.284627631369592e-06,3.477813448612226e-10,6.754639689656867e-08,7.079056958286227e-05,2.949690813436073e-05,0.00020282878568234788,9.172425080899138e-08,1.2484338604101754e-07,9.688118374548436e-08,1.397939294769891e-05,4.705247595111095e-06,1.0053084588287963e-07,8.733760385961479e-05,3.4486132598915006e-07,1.2224971028093833e-05,5.158124973393891e-10,0.9061117439996434,1.1106152848204571e-07,1.9017418000351357e-05,0.0933669730634091,9.406787466308052e-08,4.841375855355604e-12,8.369243992627617e-08
64,8.670978326828598e-07,6.661094866623061e-05,4.753210877882419e-06,3.67912432523421e-10,6.640009065043358e-08,6.851525669637286e-05,2.60318365691458e-05,0.00020246162544816727,7.258596949053342e-08,1.1823081766746141e-07,1.0218367784788803e-07,1.275998675982757e-05,4.168300104024564e-06,8.910881205126712e-08,9.542671600534779e-05,3.002271593865808e-07,1.041769958403894e-05,4.469281221115162e-10,0.9109625374830791,1.1071196435430694e-07,2.5141908116701542e-05,0.0885192811693095,9.631154833537365e-08,4.946130676632847e-12,7.018112464718549e-08
65,8.043217023177901e-07,6.781221377980868e-05,5.2975416369902725e-06,4.2521929453531683e-10,6.855068724900415e-08,8.89681035086985e-05,3.148622380627834e-05,0.0002146800354739561,8.260794369069155e-08,1.3022514243007193e-07,1.0680136231745677e-07,1.2295700624133347e-05,4.536445372146254e-06,1.0634060103011624e-07,0.00012042044214186877,3.6604206964632823e-07,1.2334270225168955e-05,4.4407395384639043e-10,0.9015936403437502,1.2187132937931556e-07,2.2906006601997205e-05,0.09782365281489926,1.0585921906810597e-07,5.723869384226689e-12,7.636310497634495e-08
66,1.3337442948468445e-06,0.00010703113425465228,1.2099567119167275e-05,8.26494268330071e-10,1.9170095111686234e-07,5.9221500024352335e-05,1.7787644162393258e-05,0.00014930069238394914,9.140687139333153e-08,2.3096368539135558e-07,2.9730557046987996e-07,2.5473809148202947e-05,7.204281940324383e-06,2.4704033305673147e-07,9.206829441031052e-05,3.5492763380324834e-07,1.6055094765364546e-05,9.59293228699909e-10,0.8677888609693911,1.112046516839911e-07,3.5231349680942834e-05,0.13168664404523214,7.935889627787655e-08,1.0911156997199619e-11,8.216790060512517e-08
67,7.617952020230428e-07,7.052141463411492e-05,4.537477896777627e-06,4.003385545054754e-10,5.7588911820988645e-08,0.0001359426490301564,3.284427259156831e-05,0.00017048408335625762,7.981295699072648e-08,1.4611375755913854e-07,1.2248319315807378e-07,1.7355973653234662e-05,4.870642474863493e-06,1.6911872578304848e-07,0.00012347261716471263,4.0177483365896187e-07,1.7484443696273506e-05,6.444706770738937e-10,0.8760009082067157,1.8610848138166567e-07,2.702238145675182e-05,0.12339234399483387,1.7026017652606336e-07,6.7977006620191185e-12,1.157346497803118e-07
68,1.1042880513521661e-06,5.998881747760644e-05,5.557030790111035e-06,5.193884088872174e-10,5.5658613999639235e-08,7.690216287234455e-05,3.3792051130487476e-05,0.00030380249756314183,6.4440756820976e-08,9.477628664762229e-08,1.0837962879066395e-07,2.3521240722247962e-05,9.645422717148164e-06,1.0582760786241713e-07,5.5468481091460734e-05,4.25855060186498e-07,1.8601051838212868e-05,1.0675896064962484e-09,0.9273007578415762,1.4691424334221584e-07,2.1716066948280927e-05,0.07208795345472331,1.1632465552708539e-07,3.780142986082326e-12,6.982488688838802e-08
69,9.197242913988411e-07,6.853572827270972e-05,4.377148442838213e-06,3.6370304372098714e-10,6.615474525523065e-08,7.17960022902785e-05,2.933199533740659e-05,0.00020782877154841637,8.861324507027074e-08,1.2574229887145853e-07,9.766985015226959e-08,1.3602628818855774e-05,4.670720621247292e-06,1.0153528780895675e-07,8.8613861176428e-05,3.546133396686075e-07,1.2371096679631354e-05,5.236614520566834e-10,0.905956392829246,1.172243719760762e-07,1.9346288288641793e-05,0.09352107972445231,9.892341842182942e-08,4.991726168598399e-12,8.211162028531209e-08
70,1.360493765161449e-06,0.00012805080714929707,1.3822751338862227e-05,4.0857464994226995e-09,2.615569726120615e-07,0.000567858890435026,8.584836657098213e-05,0.0006189044518811796,6.450008163560004e-07,3.9988264384790487e-07,3.019202731725858e-07,3.642073873320121e-05,2.2988486272425515e-05,6.522965308590559e-07,0.00019680477450604783,2.726696594135295e-06,9.731712533282047e-05,2.06346141556483e-09,0.8521438685396339,6.513190115584783e-07,2.9488193143065932e-05,0.14605073450761025,6.862751491933373e-07,3.008887641470704e-11,2.007463392291475e-07
