,0,1,2,3,4,5,6,7,8,9,10,11,12,13,14,15,16,17,18,19,20,21,22,23,24
0,0.019967138299055977,0.0004082676694853302,0.022296456932856878,0.00013228059704611844,0.0003095490617209214,0.0010215985123306654,0.00021409012806958747,0.050200007215662104,0.003322422021548473,2.2090825350554093e-05,5.965026943413187e-06,0.005924374256362776,2.1880729578091775e-05,1.1732464107588247e-06,5.087668236048263e-05,0.21256201366919333,0.03626871672218485,6.108003615153382e-05,0.5015208717840564,2.9400064413048065e-08,0.002542686919499176,0.14295274036093186,3.965225390476013e-06,0.00018608233288295255,3.6423448629087195e-06
1,0.013804070543878463,0.0006067173357709968,0.026311887547532012,6.531721001995378e-05,0.0004281728407995822,0.0009460676365656382,0.0001429631550154167,0.025953054701540423,0.002821198833805526,1.639664676262953e-05,4.923027279556188e-06,0.00507584745233386,1.1278440147906398e-05,1.1261667771168056e-06,5.367945468359393e-05,0.12804215414132306,0.028576433527060185,3.40260874184941e-05,0.6163984920905623,1.83689086594545e-08,0.002352992233974858,0.14820706453008756,2.7108377413451985e-06,0.0001388896195520464,4.517570458715451e-06
2,0.01979955892827725,0.0012439322801196286,0.035484800434161225,9.268661414610622e-05,0.0007158876497670029,0.0008975092121045119,0.0001909452320512814,0.04665726608132746,0.0038314715422529334,2.673770889049999e-05,1.7465340699497975e-05,0.011743488028205924,1.4358620589713823e-05,4.076201854978746e-06,0.00021512046710680426,0.09896466167912335,0.03728326885190321,6.452774497957212e-05,0.5320147187686026,4.555991375409479e-08,0.004056579335003908,0.2064789975429501,5.880092946472997e-06,0.00018224803785111968,1.3768045170972673e-05
3,0.014525059489718986,0.0008321476030646887,0.021635578884407706,7.997163656062008e-05,0.0004081315457131998,0.0010762142956938494,0.00020124528690653644,0.027442668484664402,0.0021423227324183147,1.5324305894631688e-05,6.516480993770862e-06,0.008344248961408196,1.161170160416444e-05,2.3014949681129144e-06,8.566738297595178e-05,0.12704437960333825,0.038648286953630526,6.066841425558388e-05,0.5428186401088514,2.3846410815634937e-08,0.0032826828454252032,0.21111635028666476,4.0750434568551425e-06,0.0002082755920185939,7.607018954785455e-06
4,0.015022711430260599,0.0007586782014028073,0.021013952281494806,7.595607245101085e-05,0.00039594379279170197,0.0010207821310972542,0.00019751731232256866,0.026679363242269803,0.0018684591157983336,1.4990484324747837e-05,5.954285650037297e-06,0.007714641600561539,1.3448978050801134e-05,2.3815785909095963e-06,7.597161519945158e-05,0.12954496767808124,0.037928265272214254,6.199993015212245e-05,0.5698149810968911,2.446375206904513e-08,0.0029735870698474986,0.1845796390468532,3.7778174894809045e-06,0.00022516153914401836,6.84396330854815e-06
5,0.013596079945746102,0.0009114366667658967,0.0168098576736521,0.0001006758183811054,0.00035658700065574575,0.0012631257506971359,0.00018384500561972428,0.027632613143449385,0.002020696129984848,1.4364388327113477e-05,6.738670495070683e-06,0.007822588339846498,1.2028177454027857e-05,2.217050909028622e-06,8.899453111966432e-05,0.1359631320968441,0.03658375519649938,8.72219167445873e-05,0.5315159883005499,2.659511164340726e-08,0.0032670436494847323,0.22154783683935994,4.46813082217682e-06,0.00020173196022323423,6.947021256781659e-06
6,0.014525059489718986,0.0008321476030646887,0.021635578884407706,7.997163656062008e-05,0.0004081315457131998,0.0010762142956938494,0.00020124528690653644,0.027442668484664402,0.0021423227324183147,1.5324305894631688e-05,6.516480993770862e-06,0.008344248961408196,1.161170160416444e-05,2.3014949681129144e-06,8.566738297595178e-05,0.12704437960333825,0.038648286953630526,6.066841425558388e-05,0.5428186401088514,2.3846410815634937e-08,0.0032826828454252032,0.21111635028666476,4.0750434568551425e-06,0.0002082755920185939,7.607018954785455e-06
7,0.02048438824538921,0.0006246033261180276,0.02661900743216683,7.366405646094272e-05,0.00041295850665505786,0.0006763863587369266,0.00019679480998762257,0.03272107646110819,0.001978378807551461,1.889843491952774e-05,6.49235960927608e-06,0.006248479931564963,1.590387946529523e-05,1.8475808718485973e-06,5.8228904455934524e-05,0.1063813010398365,0.03799927464240612,3.8252050992798294e-05,0.5915166288637648,2.2841253045498488e-08,0.001913512696424064,0.17181184988217293,2.4526817610402e-06,0.00019342641562612045,6.169790701437171e-06
8,0.027015332016668142,0.0007215222938999651,0.06067348144125439,7.499940661847827e-05,0.0005396914006397408,0.0007623758172574059,0.0003081274159298418,0.03240075314268338,0.002342439275526954,3.784689292261924e-05,7.924824327937123e-06,0.012981287534332633,1.9652355261739058e-05,4.72378871696343e-06,9.458014011120137e-05,0.1027091767916772,0.06644438199849244,3.145885122500618e-05,0.5021275295850498,3.992539915251152e-08,0.005281953042094861,0.18483819628679468,7.916828084046607e-06,0.0005576724546337387,1.6936490397573954e-05
9,0.026091296337462586,0.0011646076450220018,0.04102901740245631,8.862890255464596e-05,0.0005117337969508449,0.000852470710398397,0.00023603891981466968,0.03500778102701366,0.0028921724722746696,3.34811142058842e-05,1.1160696203353517e-05,0.011845640637038534,1.4061097584177932e-05,4.983436789615704e-06,0.00016549679815067243,0.08524062970284667,0.056173276278048884,4.547058110692382e-05,0.5145791887438735,3.629816263531409e-08,0.005240985395139815,0.21832361695240987,9.792042393708192e-06,0.00041766566686930224,2.076734522853425e-05
10,0.014525059489718986,0.0008321476030646887,0.021635578884407706,7.997163656062008e-05,0.0004081315457131998,0.0010762142956938494,0.00020124528690653644,0.027442668484664402,0.0021423227324183147,1.5324305894631688e-05,6.516480993770862e-06,0.008344248961408196,1.161170160416444e-05,2.3014949681129144e-06,8.566738297595178e-05,0.12704437960333825,0.038648286953630526,6.066841425558388e-05,0.5428186401088514,2.3846410815634937e-08,0.0032826828454252032,0.21111635028666476,4.0750434568551425e-06,0.0002082755920185939,7.607018954785455e-06
11,0.014912851543661463,0.0007218957227452974,0.021220950455170667,7.547965790235128e-05,0.0003726821398219615,0.0010208288403603632,0.00020342209532320447,0.029956744668385504,0.002039892065817435,1.624277856790871e-05,5.885568224252588e-06,0.007990475537203558,1.3797129195183028e-05,2.069023199293381e-06,7.468133842996641e-05,0.12960052885336026,0.03913712303606109,5.8689199085741165e-05,0.5511161041123,2.3949463344778362e-08,0.002882865126615921,0.1983437476223003,3.6460188550237104e-06,0.00022276979388423238,6.603724065574819e-06
12,0.01526718248819167,0.0014183497663474668,0.023313228475552453,0.00013605308381883842,0.005739075808611161,0.005057652941004054,0.000981430418225228,0.00393918140800643,0.003215519214534696,1.6753192522189133e-05,1.6973485843663618e-05,0.02193773290698666,1.1293209354685933e-05,7.078241272573583e-05,0.00019672642131304474,0.2224170841784702,0.07912532675262186,0.0005524533276111012,0.4744706295373371,1.7267176200985246e-07,0.02550992794287373,0.11552415719802453,0.00010023889775305511,0.0008992599934209267,8.281426708743309e-05
13,0.04710587447407972,0.0007725021884228385,0.09451782164628018,0.0002392218080466023,0.0008829407208905534,0.0003901628817394611,0.00031141876263574925,0.1094627647943969,0.0035512911573095276,4.852648519081893e-05,0.00016677457567554961,0.0577949038832555,3.479310026005468e-05,2.7501798090827813e-05,0.0007343036181006552,0.17858531023759078,0.051204977247970095,0.00014247140264943598,0.2612273277192557,1.9579515190135492e-07,0.009669646283840169,0.1829241666968599,1.3730348479421849e-05,0.00017186966095573882,1.9502712871777048e-05
14,0.0031569790941556037,0.00234242415550163,0.011024319512083585,6.712992009787891e-05,0.00047859776339726986,0.0007864723630183689,1.7103186464020492e-05,0.004789080908356783,0.0007172442691963197,2.765878539314248e-06,6.805861548845401e-06,0.0010268483586504654,5.148177903920875e-06,7.048742751032979e-07,5.19091286496697e-05,0.06853769492848948,0.00567597907777049,6.936662841238838e-05,0.8195730362496043,1.570604295499459e-08,0.0009700168878449086,0.08067826177118397,9.167817378930082e-07,1.9741223917740455e-05,1.437293157107149e-06
15,0.014525059489718986,0.0008321476030646887,0.021635578884407706,7.997163656062008e-05,0.0004081315457131998,0.0010762142956938494,0.00020124528690653644,0.027442668484664402,0.0021423227324183147,1.5324305894631688e-05,6.516480993770862e-06,0.008344248961408196,1.161170160416444e-05,2.3014949681129144e-06,8.566738297595178e-05,0.12704437960333825,0.038648286953630526,6.066841425558388e-05,0.5428186401088514,2.3846410815634937e-08,0.0032826828454252032,0.21111635028666476,4.0750434568551425e-06,0.0002082755920185939,7.607018954785455e-06
16,0.012444699928281495,0.0004521274356235143,0.02698847672920525,9.869424709938192e-05,0.00036386042800776056,0.0011667325294422545,0.00025716130258885637,0.02672140180939448,0.001047415320888856,1.2070411827165802e-05,8.82483252183773e-06,0.01612839756874952,1.7646059675125146e-05,4.545674094111764e-06,0.00010072782668665077,0.27991695161765223,0.040589625441563026,0.00014387093903618254,0.42299941805006214,4.4560193697050215e-08,0.007632766336345466,0.16264800026384446,5.143896266296291e-06,0.00024721793505369635,4.178855896586839e-06
17,0.029423779476167533,0.000682671126672974,0.03436416843130601,0.00012734515178738267,0.0006339743662779678,0.000797004514062671,0.000489341261664427,0.0378829777201439,0.002476334881192644,1.8949470378911996e-05,1.1704372844933489e-05,0.020440441022433833,1.7910060753622666e-05,5.76693011519314e-06,8.654764997849488e-05,0.1509919020119415,0.06860984490456794,5.7170757239618533e-05,0.3659190644869451,3.838404652880565e-08,0.004514228827242341,0.28214277164225343,5.414597202850281e-06,0.0002857766218330477,1.4871330947171383e-05
18,0.02019007023372886,0.0009702479177763065,0.01211737159529133,5.1900590167002305e-05,0.0004101057201059594,0.0006885846935051117,0.000250593880136499,0.013979396034030173,0.0019139193621514725,1.3037089422199082e-05,5.65007208919441e-06,0.005341330252107136,6.206975984524233e-06,2.6384969565501735e-06,6.0914646113010364e-05,0.04722348950182045,0.08689989319255319,4.630118721273919e-05,0.5038234892297315,1.5696927826734314e-08,0.0021561393740973417,0.3035775825004526,4.5118686265466965e-06,0.000244551433396211,2.2058455616333318e-05
19,0.014694691940023343,0.00047523587254829996,0.029361656398761704,7.564195721251318e-05,0.0003832841754827816,0.0011421855295206493,0.00031439650031587645,0.04184916365309908,0.0024705417947962134,2.8175229160863273e-05,4.475782283656518e-06,0.010775680996340728,1.80291071791713e-05,1.2954266825869186e-06,4.779048514913841e-05,0.13285960148892914,0.044709626029565616,3.0868353011162826e-05,0.46446153447493904,2.465215900962147e-08,0.0024382511545022736,0.25358692390028387,2.5341945909166848e-06,0.00026201297212551935,6.377931336838962e-06
20,0.006782436049733786,0.001584239787859025,0.01598193818046097,7.820649243105954e-05,0.00018988976731383289,0.001229829023656646,0.00010560999471763487,0.0396478169545039,0.001853366684411435,1.060321784443979e-05,7.0378260767754535e-06,0.013035893304694771,7.11882322252756e-06,1.5541209148591941e-06,0.0001966590689135406,0.10770125108981989,0.025396378304336796,7.326930860939752e-05,0.3894114184322379,1.8435076104025837e-08,0.0046408274256066594,0.39192352631571614,3.438479099469142e-06,0.00013164549533297354,6.027417409477467e-06
21,0.02049379105622203,0.0008413504603133938,0.028080500157093482,0.00016251750003458588,0.0004822267019246904,0.0010029256194089235,0.00019719271101997568,0.030142817961178493,0.00208438957946162,1.434598083006731e-05,1.6110836219148488e-05,0.014620384869260351,1.4484107774151498e-05,5.498640646105233e-06,0.000138318035810132,0.21246391186601246,0.03170249756636438,0.00010685460204353963,0.46697427312840245,4.250087014138202e-08,0.004915055469049949,0.1853727513566652,5.689921949815892e-06,0.0001545828602129249,7.4865112319803e-06
22,0.016673639329791923,0.0005537773408679082,0.029910186743347635,0.00012008802395809696,0.00044177077012431503,0.0008948073356040725,0.0002142862201866526,0.028830431992484567,0.001927354099263333,2.1378154810207965e-05,1.3332388075336833e-05,0.009498239835250872,1.5621075533730944e-05,2.6704622113026325e-06,8.632273595193644e-05,0.16398084892959433,0.06172375324619013,9.6161374480991e-05,0.46460165913126966,4.6457909392661425e-08,0.0048554743735458,0.21534748812484678,5.234275319425404e-06,0.00017883649994215552,6.591079439471072e-06
23,0.014525059489718986,0.0008321476030646887,0.021635578884407706,7.997163656062008e-05,0.0004081315457131998,0.0010762142956938494,0.00020124528690653644,0.027442668484664402,0.0021423227324183147,1.5324305894631688e-05,6.516480993770862e-06,0.008344248961408196,1.161170160416444e-05,2.3014949681129144e-06,8.566738297595178e-05,0.12704437960333825,0.038648286953630526,6.066841425558388e-05,0.5428186401088514,2.3846410815634937e-08,0.0032826828454252032,0.21111635028666476,4.0750434568551425e-06,0.0002082755920185939,7.607018954785455e-06
24,0.012513645719432974,0.0005943153814385745,0.021730257501523,4.346491869494475e-05,0.0002836283654597272,0.0010413931587439048,0.0002266704184887043,0.03036739018664731,0.0021974861491798,1.5607847112309852e-05,4.068113380121897e-06,0.006854835195694706,9.60841799352961e-06,1.548388434323259e-06,8.655875823757058e-05,0.12170743186985623,0.04322305779214318,4.672457546600845e-05,0.5680375300649794,1.6234682972154597e-08,0.0038016522058308922,0.18692685060717815,4.240119055122136e-06,0.0002758466827653954,6.171327581273345e-06
25,0.03953350086380488,0.00048235395836445386,0.045318145993627296,0.00015759822582867572,0.0006426195577070195,0.0005676921199338032,0.0004637156625189886,0.08021664736965857,0.0026887324104839998,3.282331577269903e-05,2.7434000206400186e-05,0.021300984608542885,3.547842606899048e-05,6.39979533590577e-06,0.00013033359406775972,0.17214128625934094,0.06425652947906037,8.473654045882197e-05,0.36239267330562197,7.646811589634919e-08,0.0037331450007530883,0.20552990119379086,4.996673895187583e-06,0.00024183739893979248,1.0357778100561128e-05
26,0.01771024027383355,0.0005689061779553702,0.013849960862736635,5.732425753934307e-05,0.00036834046779221776,0.0011683484360801278,0.00020231039593960178,0.022136436000955616,0.0030615426487104773,1.8649873485528056e-05,3.487226087268264e-06,0.003293557134334007,1.2378101789679122e-05,1.1999249551709905e-06,4.6063122377075544e-05,0.09671737723856302,0.04930445538302551,6.266850598751316e-05,0.6507635810740308,1.9782597050548246e-08,0.002238149178030399,0.13810881643992753,5.6083541836900116e-06,0.0002935050172866549,7.074121795971648e-06
27,0.01183346973290076,0.0013459253677082055,0.014202126840921392,7.703247524985202e-05,0.00031095305440574184,0.001055501284520792,0.00014641974755163117,0.02965200154410489,0.0028962143924846917,1.2926099742015352e-05,6.098380956521294e-06,0.007000871111400006,6.813461483354187e-06,1.4697905727564686e-06,0.00010300114068400202,0.08351433098235844,0.02904897213784073,4.33202076322423e-05,0.5129982974728102,1.4087721119450828e-08,0.002046183771494879,0.30355552305591377,3.011841771201342e-06,0.00013007420662759577,9.447811143259971e-06
28,0.014525059489718986,0.0008321476030646887,0.021635578884407706,7.997163656062008e-05,0.0004081315457131998,0.0010762142956938494,0.00020124528690653644,0.027442668484664402,0.0021423227324183147,1.5324305894631688e-05,6.516480993770862e-06,0.008344248961408196,1.161170160416444e-05,2.3014949681129144e-06,8.566738297595178e-05,0.12704437960333825,0.038648286953630526,6.066841425558388e-05,0.5428186401088514,2.3846410815634937e-08,0.0032826828454252032,0.21111635028666476,4.0750434568551425e-06,0.0002082755920185939,7.607018954785455e-06
29,0.014525059489718986,0.0008321476030646887,0.021635578884407706,7.997163656062008e-05,0.0004081315457131998,0.0010762142956938494,0.00020124528690653644,0.027442668484664402,0.0021423227324183147,1.5324305894631688e-05,6.516480993770862e-06,0.008344248961408196,1.161170160416444e-05,2.3014949681129144e-06,8.566738297595178e-05,0.12704437960333825,0.038648286953630526,6.066841425558388e-05,0.5428186401088514,2.3846410815634937e-08,0.0032826828454252032,0.21111635028666476,4.0750434568551425e-06,0.0002082755920185939,7.607018954785455e-06
30,0.014525059489718986,0.0008321476030646887,0.021635578884407706,7.997163656062008e-05,0.0004081315457131998,0.0010762142956938494,0.00020124528690653644,0.027442668484664402,0.0021423227324183147,1.5324305894631688e-05,6.516480993770862e-06,0.008344248961408196,1.161170160416444e-05,2.3014949681129144e-06,8.566738297595178e-05,0.12704437960333825,0.038648286953630526,6.066841425558388e-05,0.5428186401088514,2.3846410815634937e-08,0.0032826828454252032,0.21111635028666476,4.0750434568551425e-06,0.0002082755920185939,7.607018954785455e-06
31,0.01246852293253889,0.0010243029303846633,0.01779295013803415,9.699382675431304e-05,0.0005517862612576953,0.0016474066981425363,0.00026310390268080976,0.017466074395593285,0.0026046786803698542,1.7705916052507982e-05,7.957121477321097e-06,0.009259587421684317,7.839295542268063e-06,3.201655898478327e-06,0.00010248586608266184,0.12150619180248413,0.040547576971450186,6.963761121721483e-05,0.5077559080362956,2.521250252509774e-08,0.003856185956040129,0.26271876505796726,6.275756015005809e-06,0.00021186951239937263,1.2967041134844135e-05
32,0.013159212194724773,0.0008271540589510103,0.01884044064409718,6.771398462795036e-05,0.0003518834750892025,0.0009798109708153008,0.00015345185698432056,0.023395797506741086,0.0018182061770661037,1.2856641994248468e-05,5.15536739889553e-06,0.00630629073598907,1.0880373861071037e-05,1.8263946875489156e-06,7.027129434186469e-05,0.11466675149591526,0.03431189507358153,5.5853108053736527e-05,0.5946286046837823,1.949706793999921e-08,0.002650217426104273,0.18748783329719942,3.2779272110323623e-06,0.00018848800911834787,6.107804596574748e-06
33,0.008456440304375307,0.0005033108500051741,0.00958313020353229,4.2957926957132555e-05,0.000165019324225822,0.0008973703681839157,0.00011847735177271322,0.013995245924677028,0.0006629817713221742,6.924686270804902e-06,1.35825437263246e-06,0.003978655237884413,1.0449495848203787e-05,9.519734534637815e-07,2.1319949214563623e-05,0.11432023339671939,0.03632365408089924,4.7859178859657625e-05,0.6370633389243814,1.0225773704671432e-08,0.0014430236040460214,0.17210764079537075,1.4691071129951962e-06,0.0002453981201724404,2.7789445685556562e-06
34,0.00026197526821954733,0.0009071831922745149,0.004609386753207315,4.5604320542900205e-05,7.079517411183566e-05,0.0074494186979643445,0.00023224929459447579,0.010893214097094876,0.0010801133682128768,8.299788607327011e-06,1.1432980288963203e-06,0.028156818893424113,1.5082305195057887e-06,5.215735983795736e-07,0.00011958758715253242,0.09525795968901195,0.017868343662575014,4.776640491587959e-05,0.06482825812316993,1.2281298176103933e-08,0.010579888880968953,0.7573732169888614,6.911578045430566e-06,0.00019214844367745348,7.67440992250487e-06
35,0.01925741450059533,0.0009392135641643332,0.008045021899071395,6.781035343944765e-05,0.00016636641528282298,0.00048016438652764734,6.680087696931616e-05,0.06646572976264084,0.005383571211969613,9.330617854111098e-06,3.578243792979331e-06,0.002417741283195071,6.536483107728691e-06,2.480167031141481e-07,4.093624979225606e-05,0.05415917341784033,0.019134493002458335,1.898061899594101e-05,0.5631118004617567,5.317354957098827e-09,0.00042577012652311014,0.2597536661829257,6.909151523484443e-07,4.1491435580289495e-05,3.4646563062094557e-06
36,0.008147261685516988,0.0009273975163941056,0.034954703736556396,4.325527209107571e-05,0.00101719576284185,0.0012903398489676231,2.696482634109216e-05,0.003470987193105136,0.0023111806438671128,1.850988790819688e-05,3.374386618402467e-06,0.0003852835516028946,6.0186732049063975e-06,9.068492958644013e-07,4.888331484537583e-05,0.0533180354873668,0.00604305189510408,2.0835091213186123e-05,0.8714801037499224,2.305251085030242e-08,0.003024755345715018,0.013321231302787142,8.909047927218472e-06,0.00012756342504800206,3.228453248198924e-06
37,0.01573462698257785,0.000768152416332386,0.022379500079659418,7.885785025384699e-05,0.00042136078274641154,0.0010501883858277125,0.0002214814860454332,0.025078515490002076,0.0019023765096002174,1.5079316995083746e-05,6.410739085677243e-06,0.008709413010752669,1.2401874025245686e-05,2.765229677815753e-06,8.196001593338975e-05,0.13415895947854628,0.04181864268704914,6.504972556045996e-05,0.5457786150271533,2.521479363969135e-08,0.0035789076979615346,0.19788264835997635,4.447690514966403e-06,0.00024178616341679574,7.827785512286342e-06
38,0.00816296850362275,0.0005883663325029852,0.015360745020903238,6.337374541285929e-05,0.00023978183781798884,0.0015646087925936293,0.0001870633653435695,0.019410545650886596,0.0012631764963420067,1.01731814788997e-05,3.963621326216819e-06,0.007834569314492577,1.0271832221954131e-05,1.741140482381669e-06,7.739865664773259e-05,0.1962385382804743,0.02851595189632565,8.558066743145893e-05,0.5380365662733714,1.7925929446235067e-08,0.004421383289466215,0.1776972749238513,4.011454356545988e-06,0.0002183968216673498,3.5309750509178962e-06
39,0.06299586478103644,0.000913214108463425,0.021425735920112435,0.0001489457667066499,0.0012746270641634644,0.0005957284243205025,0.00046260845119595206,0.02688014760791772,0.0039278143154979645,4.389696156716067e-05,3.23500121132184e-05,0.007275231641777259,1.796219349534178e-05,1.2506609217485651e-05,0.00013737383274940818,0.07344141065182498,0.04968010354317868,7.781417854908449e-05,0.5959931510645309,5.187095359197599e-08,0.001334235524319077,0.15302267460638602,7.631612746068119e-06,0.0002668596111237741,3.2059646053340754e-05
40,0.010407625641595208,0.0006373677309846624,0.01229628051831678,9.420740190144917e-05,0.00021385160683691872,0.0016805441759015064,0.00018587617840201868,0.034616851464471944,0.0025975454622778316,1.8786925639766065e-05,4.333241713587058e-06,0.0057460061511688315,1.0940295217898554e-05,9.624606251666238e-07,7.080251544962431e-05,0.15360236706843133,0.0361327004004341,7.554279333985692e-05,0.5089553866507148,1.9916071854223933e-08,0.0027627350793570926,0.22967151697696503,4.316320236327407e-06,0.0002086529495190598,4.7800744273116716e-06
41,0.012656204113081842,0.0015886183878497523,0.014660529917591581,0.00013524350426503322,0.0006864947027214654,0.000772451516047665,5.661665437123928e-05,0.03612878600476492,0.00392656930205882,9.548263894424924e-06,1.3059377824118061e-05,0.003353931803117809,1.1628576070569181e-05,1.858366283713972e-06,0.00011942568638987592,0.13206428356525296,0.007988063320660021,7.696746924294502e-05,0.692509396313539,2.4269119102944264e-08,0.0009867922622915214,0.09220621193025003,1.838035770146625e-06,4.219034620330902e-05,3.26631133828067e-06
42,0.08404001405378922,0.0005105497487374825,0.03497670436316229,0.00012659351872939273,0.0030932069806518755,0.001285180250887225,0.0017193633653831055,0.020625014940767954,0.0033530541135753495,8.00042071066539e-05,4.679150756348487e-05,0.021850031289189095,3.833435244721701e-05,8.624343335318559e-05,0.0002858057758211215,0.13321712469962183,0.10395519721731108,0.00026711512099044423,0.4937558188825682,1.9291364604954903e-07,0.008158164791354741,0.087055403505948,5.087612702651925e-05,0.0013455580738553515,7.765676651320758e-05
43,0.009738591515771429,0.0006260848367265442,0.021619012731506595,6.714101279530462e-05,0.00030342758020090186,0.001386501544034897,0.00017338816909201666,0.029352667709428067,0.0020013395721212857,1.786562932783521e-05,3.773381881998148e-06,0.007177329835597742,1.184300659452003e-05,1.0981271122775496e-06,6.485025423267025e-05,0.13835822922746033,0.03913156099900173,5.043436961225504e-05,0.526693890860563,2.094421752296369e-08,0.004066704424085083,0.21892287939396649,3.4964767961580576e-06,0.0002233360109063827,4.532386967066296e-06
44,0.014525059489718986,0.0008321476030646887,0.021635578884407706,7.997163656062008e-05,0.0004081315457131998,0.0010762142956938494,0.00020124528690653644,0.027442668484664402,0.0021423227324183147,1.5324305894631688e-05,6.516480993770862e-06,0.008344248961408196,1.161170160416444e-05,2.3014949681129144e-06,8.566738297595178e-05,0.12704437960333825,0.038648286953630526,6.066841425558388e-05,0.5428186401088514,2.3846410815634937e-08,0.0032826828454252032,0.21111635028666476,4.0750434568551425e-06,0.0002082755920185939,7.607018954785455e-06
45,0.010708016758491257,0.0005280081335243786,0.016039194153750724,5.826960228611816e-05,0.0002290998311305812,0.0010345503863937548,0.00020461734866176302,0.047838285851813454,0.0017257759592828675,1.4111191266708354e-05,3.880836438458948e-06,0.007794941832964078,1.5036644976775604e-05,1.2055421029775247e-06,7.268458176326782e-05,0.1594484915951631,0.028812368021086218,5.972122829621652e-05,0.5246110725500502,1.780326478450951e-08,0.0023072398897728157,0.1982818440572023,2.052947277359709e-06,0.00020638815248805487,3.125100551716716e-06
46,0.016988431322202038,0.0003059140567356357,0.01827350495970996,7.220092720253988e-05,0.00017681196313518556,0.0007689308183543928,0.00021276609102116958,0.024617496980362145,0.0010444021643314823,1.4111272414365345e-05,2.544549844950238e-06,0.007514822684866106,1.4680141255235768e-05,7.32506040021515e-07,1.773225186072079e-05,0.11431689173392048,0.10056074602602846,3.158713701973807e-05,0.40555297456976647,1.6367314343840377e-08,0.002614575879149301,0.30665335627109247,1.9277019616920204e-06,0.0002386286636787694,4.212960732198439e-06
47,0.013087509763032124,0.0012151021744487395,0.023639840145936026,8.87833073487333e-05,0.0006090349630314632,0.0013492315547565176,0.00020579489756425545,0.028481252304370635,0.003003345307383859,1.861173815076652e-05,1.0685045928456583e-05,0.00955008160855719,1.0538130104280037e-05,3.5222059013528007e-06,0.0001582702906406092,0.11787418361950518,0.035684194629584706,8.1755399072767e-05,0.5481831914699676,3.412887523985593e-08,0.004260278892250468,0.21226711181680027,6.327012123413224e-06,0.00019959784456092657,1.1721750104305292e-05
48,0.010147063231325193,0.0004374125719844635,0.010398930200625546,2.770753952774094e-05,0.00015194822284457225,0.0007334300074574452,0.0001177143936486105,0.018639803920484838,0.0009298682520491997,1.0061743922019124e-05,1.2014700468764754e-06,0.0027135706259727057,1.0193974595689315e-05,5.585852531033858e-07,2.223449363507974e-05,0.07483335063782984,0.04355431120474878,3.0909426673068016e-05,0.6770984272024717,8.35467469459045e-09,0.001274869609963324,0.15859446613256295,1.4371312428686768e-06,0.0002675048566395502,3.0162098201654087e-06
49,0.00812122495140703,0.0008854674992295517,0.022468024623142496,7.122324334803716e-05,0.00027168422641035315,0.0012276008750766365,0.0001547804142267217,0.02881555097637558,0.0018557346070502793,1.2598152074442386e-05,4.008271301938855e-06,0.00985166461141066,9.387598974488508e-06,1.0266051266242557e-06,6.395367600200129e-05,0.12040925161572856,0.03296595442648435,3.723003807122288e-05,0.4512481115411751,1.758080194612378e-08,0.0031965411174758,0.318165458537303,2.3768922839786527e-06,0.00015587174166790973,5.256177851338563e-06
50,0.027435572629117763,0.0004349003963204885,0.025529745379140132,7.357522607966116e-05,0.00045760380021909325,0.0007495855048908802,0.0003646883137717531,0.03750210974171204,0.0019857514125235036,2.5245329483531363e-05,6.878146260836241e-06,0.008499750185184129,2.0808244588802274e-05,3.174842514280636e-06,6.230235019772119e-05,0.12779802032390572,0.05351306503332578,5.139383732709865e-05,0.552976315761381,2.946230085962982e-08,0.00229884796380962,0.15985620583460577,3.596267110588025e-06,0.0003426150494720366,8.218964756810691e-06
51,0.0029379556818651207,0.006559436369060069,0.006254615240716667,0.00017790369902532036,8.902424013854686e-05,0.0008208347336607595,2.2104308060973107e-05,0.0279633700260183,0.0017116660383988708,3.0694285089009397e-06,8.583491881912187e-06,0.006339605222147739,1.811826376798231e-06,6.125787398987239e-07,0.00023075641439353905,0.04839551658765691,0.006422029533567312,4.0549453410293795e-05,0.23803335094402855,6.915386908583681e-09,0.0015380975063617886,0.6524253178590497,1.2425929184267285e-06,1.742741130222654e-05,5.111897324430598e-06
52,0.0110249541433075,0.0004254840039138518,0.009897739985947106,0.00010508234374507283,0.00029377578569778377,0.0020909872457522375,0.00011592044894306456,0.06641345707590342,0.0026797909911380506,5.138141452586808e-05,9.90672930139927e-06,0.007988147814568696,2.1323954460000367e-05,1.6276686260509308e-06,0.0001595138108100458,0.14619691847590335,0.012407981970614301,0.00014591367002133029,0.6062922634754047,4.3443786059830926e-08,0.0015420721014668653,0.13199139470132412,2.464280960335482e-06,0.00013931580528928793,2.5386585893002867e-06
53,0.018803427804618755,0.0005342645766805885,0.03764352855029787,0.0001676284539077605,0.0008495561839226697,0.0018038075881195216,0.0008912202526483624,0.033659477043822106,0.0034430320177850195,3.009658160255151e-05,1.9136678113899073e-05,0.026401338718723067,1.9466497862657794e-05,8.317988249388627e-06,0.00016264797385790353,0.2682040963503223,0.06847361688589866,0.00014840877575400264,0.29567886948319627,8.903247615649784e-08,0.011339675669256699,0.23127850488069268,1.8068547873206797e-05,0.0004052723484589953,1.64511158590013e-05
54,0.010264877966561711,0.0022791106555268255,0.009402637625821539,6.045735194362908e-05,0.0002772528834794327,0.0009762895591124296,0.00013541685906228232,0.016644713597351164,0.0019898976055350618,7.499481773315053e-06,4.625625151467166e-06,0.005995486998357252,3.4287070772746873e-06,2.2062677004491906e-06,0.00012342406005353345,0.060333395081230076,0.021650287113996997,3.4429975330302137e-05,0.5327867962842784,7.489479296062456e-09,0.001675529056097154,0.3352048123561235,2.6214139830080917e-06,0.000130351551392024,1.4444433581947644e-05
55,0.013668302301879593,0.0006417608947867548,0.020112782472078775,8.529025281800826e-05,0.0004060534862862848,0.0013331681277900733,0.0002839180538062401,0.039317989487720736,0.0024413660700767295,1.60165394488768e-05,6.0375808935609286e-06,0.015949262571227373,1.5788011328211852e-05,2.5916116478745504e-06,8.518762748088329e-05,0.17711134952740842,0.03697985034104733,7.637530386677049e-05,0.44828918695112036,2.9077877695898878e-08,0.0033731199799490277,0.23955802109168606,3.910698955445451e-06,0.00023552329556257869,7.11864325639267e-06
56,0.014573282124288016,0.0007514106119628995,0.021161217300438247,7.932658788547918e-05,0.00038308549443766537,0.0010727809049130032,0.0002018901933838577,0.029375729060840326,0.0020575406065501674,1.5878556844819925e-05,6.003042003155329e-06,0.008161175504059244,1.3417384128484343e-05,2.1169602240760283e-06,7.687211672728312e-05,0.13217910212010858,0.03832561826681991,6.077334641703277e-05,0.5468446080312609,2.450100211577563e-08,0.0030302617856388507,0.2014007779835031,3.7494200853193005e-06,0.00021661682172384567,6.741274753699249e-06
57,0.02274823391870325,0.001280719624019909,0.008293541161946357,0.00012353576057024193,0.00033672287329801113,0.0010906182264118903,0.00018723705711640314,0.02345679253119303,0.0023315789353573696,1.2376576338773862e-05,1.0381523775885929e-05,0.004641535398162474,7.767429507129839e-06,4.0165822754914985e-06,0.00014773248473104691,0.09920259382155883,0.03476680284646585,0.00013837325770738276,0.6073950949720538,1.9510362882330465e-08,0.0023856582560339754,0.19122526834269132,7.054281009242053e-06,0.00019454957293264333,1.1795055776655228e-05
58,0.013570528664217658,0.0006897616727711948,0.01950550206639173,6.279015397817839e-05,0.00034074926789307144,0.0011055831321485966,0.00020198798758649583,0.026417911078672186,0.0017488705594563047,1.6050640947108583e-05,4.2732567495623765e-06,0.0075458791932288645,1.3654280697594618e-05,1.9585300127187113e-06,6.644391084780499e-05,0.12312824486872405,0.04069769063540144,5.874273912729813e-05,0.5703597929892812,2.2237072349825096e-08,0.003007898962958008,0.19115666287342173,3.820188026808565e-06,0.00028878708873820877,6.3930216497766425e-06
59,0.013660142894014267,0.000684993544992663,0.024405786158571065,6.680071446307864e-05,0.0003684432382245032,0.0010577411734548163,0.00020969030614419442,0.027683532936107154,0.0017834612804359044,1.6565106064375203e-05,4.8033956832034846e-06,0.008278234305391739,1.4310555011593501e-05,1.9941716272049883e-06,6.776942300431321e-05,0.13093300656778534,0.042229934318460144,5.457516889256093e-05,0.549307780409425,2.49294403521593e-08,0.0034104231518085623,0.19547327517091873,3.8498436347220054e-06,0.0002764946862727343,6.366550171762257e-06
60,0.014525059489718986,0.0008321476030646887,0.021635578884407706,7.997163656062008e-05,0.0004081315457131998,0.0010762142956938494,0.00020124528690653644,0.027442668484664402,0.0021423227324183147,1.5324305894631688e-05,6.516480993770862e-06,0.008344248961408196,1.161170160416444e-05,2.3014949681129144e-06,8.566738297595178e-05,0.12704437960333825,0.038648286953630526,6.066841425558388e-05,0.5428186401088514,2.3846410815634937e-08,0.0032826828454252032,0.21111635028666476,4.0750434568551425e-06,0.0002082755920185939,7.607018954785455e-06
61,0.014021964316661278,0.0007105398366209103,0.02445754732094078,6.53159095827819e-05,0.0003918281404674416,0.0010521393932670894,0.0002035063106760722,0.02599357601283831,0.001885795699287604,1.619530655257415e-05,5.103222782816858e-06,0.008144807778939717,1.3180681435285804e-05,2.087705537359266e-06,7.095889640266157e-05,0.12628676873474073,0.041599735466615786,5.310677980265302e-05,0.5591424377454614,2.390736760722228e-08,0.00344813611608226,0.19216641085824981,3.9678225354394e-06,0.0002580486699034992,6.817367248087927e-06
62,0.014525059489718986,0.0008321476030646887,0.021635578884407706,7.997163656062008e-05,0.0004081315457131998,0.0010762142956938494,0.00020124528690653644,0.027442668484664402,0.0021423227324183147,1.5324305894631688e-05,6.516480993770862e-06,0.008344248961408196,1.161170160416444e-05,2.3014949681129144e-06,8.566738297595178e-05,0.12704437960333825,0.038648286953630526,6.066841425558388e-05,0.5428186401088514,2.3846410815634937e-08,0.0032826828454252032,0.21111635028666476,4.0750434568551425e-06,0.0002082755920185939,7.607018954785455e-06
63,0.01246548278647289,0.0010806758136240773,0.017801040524204382,7.692251125871361e-05,0.0003620976453909958,0.0010980632866762383,0.00015709078428960814,0.02460188765271604,0.002147913703821944,1.2706220245250863e-05,5.994177403628162e-06,0.006865200207690022,9.332420897173037e-06,1.9014609847717455e-06,9.017536484556681e-05,0.10913099855868774,0.03313035348400492,5.896457336444879e-05,0.5612220473480529,1.9497482007289794e-08,0.002894590242240495,0.22660231662764238,3.7291504641715704e-06,0.00017293627107276252,7.559686466756851e-06
64,0.01221232788661026,0.0008182846975830986,0.029327275549740704,7.697299489248322e-05,0.0004014261153767411,0.001189668193123235,0.0001898925050934324,0.024384975549741245,0.0019260968934717846,1.4431386024720388e-05,6.0308269120720115e-06,0.01014968760977682,1.1417593515914788e-05,2.208355327615852e-06,8.677405377426115e-05,0.14639984166721468,0.04378681618851975,5.709585744704244e-05,0.5016741075135159,2.6150034268980024e-08,0.0056513025845884406,0.22139791318315757,4.90358240881606e-06,0.00022356032533005227,6.9627368190278345e-06
65,0.013534374207604434,0.0008899582538837125,0.02132442761523205,7.929554629525941e-05,0.00040232519643593033,0.001140203229421377,0.0001971909745196657,0.02572065398045105,0.00209506051039498,1.4574365071315732e-05,6.2480026113518935e-06,0.008441374481697435,1.0973751208337102e-05,2.3148949324155636e-06,8.821196325188403e-05,0.12673235817343256,0.03875398226745387,6.268772445175197e-05,0.5388078011551479,2.369319575623814e-08,0.003569370863447782,0.2179009292485819,4.352179811183666e-06,0.0002134087632144574,7.898958251423784e-06
66,0.01820387869340586,0.0005173157707494255,0.02889132466502632,7.363981954605478e-05,0.000535844481709758,0.0009297147251692812,0.00025052441726270444,0.026731159266453083,0.0020579735068137427,1.855504292213833e-05,5.888147384485713e-06,0.007269976621707156,1.721568929971495e-05,2.188365965579034e-06,5.286942048251441e-05,0.1419619299809083,0.04363407654008215,4.9288589316540384e-05,0.5734169287168008,2.8839538866959732e-08,0.002903023950115785,0.15223024464582544,3.4742559523067833e-06,0.00023682838682795215,6.10746073407275e-06
67,0.0037532030804343433,0.001862213973323257,0.012351810947998625,6.872560229711117e-05,0.0001896321967244944,0.003196954696390938,0.00015672351123036883,0.00833442952639614,0.0011268233018382303,6.203976305793805e-06,3.1844691150726895e-06,0.010496106022104013,4.1661817159407104e-06,2.3090035249085715e-06,0.00012261308282720927,0.11918575533171066,0.049959563707735154,0.00012165706869929471,0.4025660165038475,2.1269443172631696e-08,0.01260608574210787,0.3735364396271754,1.3655340418844822e-05,0.0003214415027517458,1.4264333883905181e-05
68,0.0023165232462118573,0.0006931209234524731,0.017300562145684727,7.192941085502168e-05,0.00019532944111134285,0.004649802787561059,0.0002948567060351057,0.06449101127340567,0.0013430252149518697,1.5931099099001686e-05,5.099574272641971e-06,0.06123051169620142,1.0693402234432601e-05,1.8706601676617292e-06,0.00029231100670393473,0.1888877441464579,0.02811963411309298,0.00016201535076169714,0.15965788813713835,5.502714402556627e-08,0.02012580970632302,0.4498457544060068,6.191378182287196e-06,0.0002770901989102337,5.238948034460007e-06
69,0.015036983481039289,0.0010987977715617519,0.02585305141339452,0.00011816893989013956,0.000509941149869605,0.0012930066461786683,0.00021385154103162928,0.034597112339866766,0.0032824432006425645,1.99560376797182e-05,1.4104366276317482e-05,0.011375704689641154,1.1237157258921149e-05,2.835112128831134e-06,0.00015959019856983062,0.12491036406072008,0.044065577756161,8.792345934622026e-05,0.45865402352547935,3.83208382036381e-08,0.005190001570288088,0.273323627907009,6.789958090984988e-06,0.0001636318725668951,1.123752447042477e-05
70,0.012391979160600489,0.0008600120177574343,0.027873683589745773,0.00011678747578769186,0.0004722593474983335,0.0014847550621623266,0.00021904821760315092,0.030985179690417784,0.002893570920942264,1.7263201500835254e-05,8.32145536868897e-06,0.010418717458646976,1.1978401505999104e-05,2.103350581925041e-06,9.531351219299533e-05,0.1738306207408178,0.031281736732738465,6.101647342068624e-05,0.4795826110194446,3.055251016211267e-08,0.004121356666645722,0.2230975522608898,4.5819302276659345e-06,0.000162489403241189,7.031357751414864e-06
71,0.04575181321372411,0.00016341232777183763,0.0262298449844718,7.914450916668734e-05,0.000794643878871147,0.0009983669644373435,0.0018698785701945916,0.05781073664040714,0.003638331743397337,6.260330501711546e-05,5.547756431573827e-06,0.009875352218439644,4.125870182752923e-05,3.2308630056697407e-06,3.2387869112982334e-05,0.1643753374079215,0.09278527323309346,4.0690326682411284e-05,0.4376024998972814,4.295250861213511e-08,0.0017072008674383322,0.1553813330554807,4.038512483712322e-06,0.0007361707452847314,1.0859455548704667e-05
72,0.014192202575677743,0.0007495886925587052,0.02166279249448474,7.913130849354152e-05,0.0004017180736751965,0.0011104193873506575,0.00021493862216642729,0.02832369382275533,0.0020745184585277176,1.5111903779684965e-05,6.016761518000465e-06,0.00850053759355207,1.241448981045205e-05,2.2131702593377464e-06,7.904618587689233e-05,0.13873845217494096,0.038825807522943866,6.208495806199426e-05,0.5371208587477552,2.41833911839401e-08,0.003323976456797042,0.20427675892500766,3.923063005332616e-06,0.00021692165236254958,6.8487752477146214e-06
