,0,1,2,3,4,5,6,7,8,9,10,11,12,13,14,15,16,17,18,19,20,21,22,23,24
0,0.05852659745343661,0.010382822800367432,4.186059283470059e-06,0.00034092908075375374,2.9949085290574873e-05,0.01075456325930122,0.004159136764884558,0.0026609680732316227,6.848026378887952e-05,7.3466676861821885e-06,0.14034561178524466,0.005002434457848944,0.0002373489140866108,1.4611094247510658e-06,0.009868788774360598,0.002394201718729289,0.1755673654738517,1.7499402787147084e-05,0.21691309142868753,5.476539666779998e-09,0.0005382140327177364,0.36121008344053585,3.0515337451985017e-05,6.039477893233417e-06,0.0009323596618159589
1,0.03900658888881129,0.008067588079208179,4.383168204166914e-06,0.0002977631883893711,2.1814846506705052e-05,0.01814909714110895,0.00426541206339167,0.002787088291361494,0.00016050112776001292,1.6859509264104705e-05,0.09518217685189452,0.002971036121152334,0.00024828804435111495,1.937289148270366e-06,0.012306277305452364,0.002913628978036251,0.07881119367688079,2.1842389069519446e-05,0.33588546855262796,8.589680541730622e-09,0.0005347697609482269,0.39723288602450574,3.336267910793505e-05,6.878526114711768e-06,0.0010731489070237017
2,0.03629202525705395,0.009822237639116964,3.665799670209868e-06,0.0002559946999317228,2.8706578084089477e-05,0.013357860196923291,0.0031644683663816947,0.002858557632823555,0.00014374331264758097,1.3172705033971599e-05,0.1324089531943831,0.0038332261886462687,0.00018944374417975498,2.9962868366678322e-06,0.016062331061596134,0.0019317704584275877,0.08581204271222258,1.484074240656371e-05,0.20214318343143717,8.27933374280202e-09,0.0004320488672690242,0.4897402563048837,2.7212938438236387e-05,5.353408750209878e-06,0.001455900193522111
3,0.0470256845308137,0.009248026968054173,3.608584096138185e-06,0.0002753125381475293,2.3762792616031362e-05,0.013981811573332345,0.003538597080922947,0.0025989865395366963,0.00010841108501366253,1.0518736725840708e-05,0.1288161914127442,0.0035737958183463922,0.00021862444976534682,1.8824583284761117e-06,0.011607709136822592,0.0019098614807239972,0.10152997855075545,1.7059267616394604e-05,0.23166255686781032,6.1477340167062875e-09,0.00046740419982086297,0.442338994143513,2.8643542593831817e-05,5.220439882511035e-06,0.0010073516542835643
4,0.04565406327869192,0.009733974748580117,3.733881911983696e-06,0.00026717396951463036,2.4938603826597668e-05,0.011722444790885127,0.003682937607629838,0.0025320651103648683,0.00011380929077359816,1.0425838919807236e-05,0.12728214053002035,0.0035634812578777624,0.00025541511212030733,2.1772693581762493e-06,0.0101316421431253,0.001711206281227562,0.09305828131346831,1.797839759191383e-05,0.22995710174702508,6.761497104588618e-09,0.0005249439706297311,0.4587514180691186,2.6592327080114514e-05,5.600384148281887e-06,0.0009664473146130223
5,0.053580606560655886,0.009612411133990414,4.698960653808691e-06,0.0004131462524586581,3.064981941123408e-05,0.01618733614846284,0.003802040386739606,0.0028762427809348105,0.00012548488291710817,1.4330127584377652e-05,0.1330725875834975,0.003223930542131863,0.00026709029908500415,2.3482862670491045e-06,0.01016390457767146,0.002018520804362668,0.11086846272305477,3.0874620759224435e-05,0.2695751317485817,8.722138373823418e-09,0.0006246403230604512,0.38259313594015826,4.446021029694639e-05,7.000544627313674e-06,0.0008609560204985777
6,0.0470256845308137,0.009248026968054173,3.608584096138185e-06,0.0002753125381475293,2.3762792616031362e-05,0.013981811573332345,0.003538597080922947,0.0025989865395366963,0.00010841108501366253,1.0518736725840708e-05,0.1288161914127442,0.0035737958183463922,0.00021862444976534682,1.8824583284761117e-06,0.011607709136822592,0.0019098614807239972,0.10152997855075545,1.7059267616394604e-05,0.23166255686781032,6.1477340167062875e-09,0.00046740419982086297,0.442338994143513,2.8643542593831817e-05,5.220439882511035e-06,0.0010073516542835643
7,0.07108247181130384,0.006862523949826576,3.1822541837904667e-06,0.00019484070103508808,1.6374613284618113e-05,0.009071427995697809,0.0034008032976865768,0.002358496687899317,6.741582031252299e-05,6.110195523830307e-06,0.14276071512960406,0.0026896576968758576,0.00032311348374970163,1.0206499084106115e-06,0.007528717960575024,0.0011611845037671456,0.06930300967665422,1.6056297690435586e-05,0.20587275330426433,4.386155592166757e-09,0.00038990892716914025,0.4763617822176296,1.4109965795652669e-05,3.3093783398577914e-06,0.0005110090950668965
8,0.08352896361950547,0.015683904152980786,1.1302764619627404e-05,0.0005171984651248037,3.7506093834461404e-05,0.0184244737528319,0.0020725030799954684,0.002185131688872266,0.0001797711253384034,2.5960564787951947e-05,0.11705047819569034,0.005174872048507485,0.00025023173353150914,3.655012551336954e-06,0.017135391071808788,0.0036111971304571503,0.20051441262400846,1.7533393897902244e-05,0.1453730239964405,1.2027024262871724e-08,0.00040469174883734255,0.38510128354492934,7.364961459704708e-05,1.93164463528652e-05,0.002603536103474719
9,0.04302165122369835,0.020217555392726395,1.1489288124310632e-05,0.0005394996538813809,3.346219706139195e-05,0.017396814925258564,0.002308873402796521,0.0028178851320883476,0.00023580339201811047,4.915620332708967e-05,0.08946627306306126,0.0042503813066358176,0.0002646026102004282,6.065989110434213e-06,0.017263980265161346,0.005154912208319998,0.1712954963069133,2.2735412506468726e-05,0.23337459854376083,1.913846962769785e-08,0.000577562641075622,0.3886372194400654,7.472377227357721e-05,2.0684369096425024e-05,0.002958554122369009
10,0.0470256845308137,0.009248026968054173,3.608584096138185e-06,0.0002753125381475293,2.3762792616031362e-05,0.013981811573332345,0.003538597080922947,0.0025989865395366963,0.00010841108501366253,1.0518736725840708e-05,0.1288161914127442,0.0035737958183463922,0.00021862444976534682,1.8824583284761117e-06,0.011607709136822592,0.0019098614807239972,0.10152997855075545,1.7059267616394604e-05,0.23166255686781032,6.1477340167062875e-09,0.00046740419982086297,0.442338994143513,2.8643542593831817e-05,5.220439882511035e-06,0.0010073516542835643
11,0.048315971719184246,0.00904577415998818,3.5332085501208028e-06,0.00027289694271438405,2.3550805225581247e-05,0.012573794422133036,0.003674319874478702,0.00247447814174472,0.00010463200546193656,9.563962399070996e-06,0.12641240040532467,0.0036235861845424874,0.0002490202298889188,1.7713789377855661e-06,0.010846260198452766,0.0018491765581551182,0.09626539308083315,1.6908209899544118e-05,0.23126901463611985,6.34546574573155e-09,0.0004678633026810833,0.45153317754351663,2.6407369821579718e-05,5.525744178154121e-06,0.0009349735703023807
12,0.05779864599068651,0.009024704014010563,8.43752189457643e-06,0.00020410461266108566,0.000122483186595392,0.017950081572082006,0.00308022393967274,0.001852066649685839,0.00019493290058052577,1.2406138707498323e-05,0.24542608300411178,0.004721059042657914,0.00016613756523750796,5.7213408345530594e-06,0.009732564209785903,0.001199758842174184,0.18246699542313408,1.9154346735838073e-05,0.08454689644146854,1.336795803212473e-08,0.0009111980354197693,0.37806093729619017,6.810294454205081e-05,1.3108120889877338e-05,0.0024141834922830592
13,0.028956135938170747,0.005724193759447814,1.1096696677354765e-06,6.15105111243854e-05,1.7334000740555997e-05,0.0024320078550835807,0.0016863845888736165,0.0022952612788274575,4.1510151053230587e-05,1.694581451987224e-06,0.23739380915295402,0.005271991443292453,0.00010763187666512352,1.9036528385354634e-06,0.00877196571375422,0.0004421702670317178,0.044483612961844415,4.402498116297298e-06,0.07233246803714276,2.0939565012874055e-09,0.00022200380627358752,0.588770060291178,4.050752198750726e-06,1.262359563624755e-06,0.0009755227587488756
14,0.03037308257269788,0.020849188623465943,2.4912623823501675e-06,0.0003310203253851855,6.386232583249184e-05,0.0039095130455876915,0.00233165398244148,0.0012316876422240987,4.521175155249684e-05,7.735425330007103e-06,0.18910512858194214,0.001482289448217024,0.00033503730425828404,2.0537598998488694e-06,0.0029305688489213075,0.0004406627238410437,0.11004254392541327,2.5798773559998188e-05,0.33904157231220866,4.3078353192515e-09,0.0015043156098791324,0.29563692439206746,1.8446169502906512e-05,4.901794505749345e-06,0.00028430509104803526
15,0.0470256845308137,0.009248026968054173,3.608584096138185e-06,0.0002753125381475293,2.3762792616031362e-05,0.013981811573332345,0.003538597080922947,0.0025989865395366963,0.00010841108501366253,1.0518736725840708e-05,0.1288161914127442,0.0035737958183463922,0.00021862444976534682,1.8824583284761117e-06,0.011607709136822592,0.0019098614807239972,0.10152997855075545,1.7059267616394604e-05,0.23166255686781032,6.1477340167062875e-09,0.00046740419982086297,0.442338994143513,2.8643542593831817e-05,5.220439882511035e-06,0.0010073516542835643
16,0.04118367801529935,0.0082619763031518,2.147484300435294e-06,0.00016577745858868673,1.5889661178640436e-05,0.00743514982441444,0.0026403472838442336,0.0027164099296147683,6.866928993267882e-05,5.996119171366116e-06,0.13607508337405935,0.00447342031545671,0.00016174383418126071,1.7870322154526193e-06,0.01132098025946396,0.0013205502281678943,0.07723207042555343,1.0901846763291232e-05,0.16980384263524245,3.4480118914954262e-09,0.0003111080317759209,0.5358375651556699,1.2362648800319702e-05,2.4259519481476496e-06,0.0009401134431935892
17,0.0633046074984297,0.008886790354954903,4.399505693513669e-06,0.00019949041382492079,4.2254408374720886e-05,0.00839686599454296,0.005131981013568005,0.0022542874666341525,0.00010554505873423233,5.266422130459876e-06,0.18894953707805578,0.005232716465258547,0.0002986364708392242,2.706870664449912e-06,0.005094476677843394,0.0010650211454211929,0.1220822981033869,2.1321416608263073e-05,0.1440617599662656,6.212684399362813e-09,0.0008598038017758142,0.44304927272217565,2.853175092016228e-05,6.919273367379138e-06,0.0009155039078456154
18,0.031198886801573372,0.010740778429978542,4.635955028445997e-06,0.00015077524167810002,2.2031253375177813e-05,0.011507843633974245,0.004143522924934675,0.0021208231325331,0.00011735642706252786,1.0963195533390257e-05,0.11202967857215233,0.006232027618514792,0.0001620596318425152,3.3702956385417655e-06,0.014351439913468808,0.00354098457721555,0.16276657170993397,1.225781786938063e-05,0.2159624351855628,7.603087065676951e-09,0.000671508248542758,0.42115329593219486,3.6595895265267184e-05,8.215058051992756e-06,0.00305193494498774
19,0.02973631795088421,0.011935040275807787,2.8509497359318982e-06,0.00047942386880968173,3.134672695060295e-05,0.020920154307061505,0.0035321698996430844,0.002250493370093691,0.00017613856656074214,1.6475698762407248e-05,0.08222767624052717,0.0036633405794048945,0.0002072217311794963,1.948158837506614e-06,0.01604529579774128,0.0020946905491246058,0.07989188347004487,1.2261566851747336e-05,0.24171340255132362,7.2820238278988834e-09,0.00027671959294890854,0.5036941353879035,2.8832689457002297e-05,5.967295222621262e-06,0.0010562054930992667
20,0.026235898762214233,0.007814254428527779,1.5060797086554256e-06,0.0001752013543560586,1.3629204705535808e-05,0.008663009706526411,0.0021729118543702504,0.0022071217960223585,8.109762951127044e-05,7.6093629822867335e-06,0.09838422623857501,0.0020840204108651212,0.00017836499597556876,1.4732350186748465e-06,0.010620883009507453,0.0009069271379977433,0.04735678322388843,8.690302925620589e-06,0.19085364786293063,4.120910941826924e-09,0.00025968489097266624,0.6013715168215392,1.0758174303986884e-05,2.1601101956758515e-06,0.0005886192854684664
21,0.09451739551774248,0.01103439302329326,9.67293081343241e-06,0.00030639580922222444,3.15149456749937e-05,0.008134295274888246,0.004680826760890523,0.0033414213430472605,0.00010663492848963214,1.0120857592117417e-05,0.16220679029574142,0.00801596053129865,0.00038360426631467193,3.565519021021421e-06,0.00673389703215086,0.0031267256834889923,0.1741047236802671,3.7190899586476276e-05,0.17486101030410597,9.863398943649671e-09,0.0008959827476914547,0.3459741043358124,4.1120106400504624e-05,1.1898336871066509e-05,0.0014307450061964012
22,0.06507981143259153,0.00822567166428868,5.0442049499143864e-06,0.00024158152154722787,1.824728058719714e-05,0.012780552587564517,0.0022692760399959087,0.0035119931452343533,5.0945622756129353e-05,1.2553387113573193e-05,0.14529941231680818,0.002273984383494519,0.0002075596842040144,1.7386921593408694e-06,0.0061362580934298805,0.001577513627123972,0.16616489844173823,2.886378550023922e-05,0.2002500408905181,5.819121254145299e-09,0.0006891900862062202,0.38458278100698917,3.2432655239390615e-05,3.2242270183378145e-06,0.000556419403820122
23,0.0470256845308137,0.009248026968054173,3.608584096138185e-06,0.0002753125381475293,2.3762792616031362e-05,0.013981811573332345,0.003538597080922947,0.0025989865395366963,0.00010841108501366253,1.0518736725840708e-05,0.1288161914127442,0.0035737958183463922,0.00021862444976534682,1.8824583284761117e-06,0.011607709136822592,0.0019098614807239972,0.10152997855075545,1.7059267616394604e-05,0.23166255686781032,6.1477340167062875e-09,0.00046740419982086297,0.442338994143513,2.8643542593831817e-05,5.220439882511035e-06,0.0010073516542835643
24,0.033788884211127516,0.012067505710065906,2.849712763512703e-06,0.00039710303493084223,2.2180238645986335e-05,0.011973703842897322,0.0031388220169445012,0.0025687616233362126,9.546109426848658e-05,1.2785224162570271e-05,0.10041693794344371,0.0029382990720336474,0.00020826752909840787,1.972244119961807e-06,0.011368496968337912,0.001891047959541827,0.10429164819903865,1.8508049064862483e-05,0.3020070623349957,5.812872844738959e-09,0.00045581584081483495,0.4114966609670349,2.9514872608676935e-05,4.660838899047465e-06,0.000803044658952091
25,0.0591223410730005,0.005094063841367257,3.341208517423161e-06,0.0001992013521770122,3.4745079008813333e-05,0.007613038592935981,0.0053501405578244435,0.0059097696580814995,6.007938574475947e-05,3.9243568363616515e-06,0.28352324645360133,0.005226206098532491,0.00023373248279422257,2.1479860248550744e-06,0.004579652212494054,0.0010421816071526791,0.09288440047312986,3.578500504213913e-05,0.14645811971481207,6.123690908270846e-09,0.0008012231870433063,0.3812764230288654,1.9708856283470743e-05,2.755812249279891e-06,0.0005237658527899975
26,0.11138437872694672,0.011024750079812946,1.3283936019908474e-05,0.0006850792465772059,6.176296060706633e-05,0.029670464347030367,0.004397026853149977,0.0023449777269145696,0.00030623881865035835,2.595493258756199e-05,0.14087195840224473,0.0036189287140939957,0.00038118486999020847,3.68094024568839e-06,0.00917953728175704,0.0027940263865079314,0.1600676344277547,5.8786971910284366e-05,0.22517171933639163,1.7248682814297025e-08,0.0009064034174422209,0.2955070336383821,0.00014812011434584045,2.762317155397137e-05,0.001349427450400256
27,0.030961836753125017,0.00722329256656777,1.8105244910711506e-06,0.00022700712385448213,1.6454633756525776e-05,0.015593388970804532,0.002487258154319241,0.002156552293572754,0.00014522303797739953,9.841902873217785e-06,0.0901252847243975,0.002714294221782263,0.00016815399302732033,1.3341721039190013e-06,0.014869842673270206,0.0014040844633721203,0.043248113805410396,9.155647886320886e-06,0.203899074947549,4.849631034534908e-09,0.00019549189078150498,0.5836612983593658,1.5449751601617966e-05,3.6418701628058644e-06,0.0008621086683162284
28,0.0470256845308137,0.009248026968054173,3.608584096138185e-06,0.0002753125381475293,2.3762792616031362e-05,0.013981811573332345,0.003538597080922947,0.0025989865395366963,0.00010841108501366253,1.0518736725840708e-05,0.1288161914127442,0.0035737958183463922,0.00021862444976534682,1.8824583284761117e-06,0.011607709136822592,0.0019098614807239972,0.10152997855075545,1.7059267616394604e-05,0.23166255686781032,6.1477340167062875e-09,0.00046740419982086297,0.442338994143513,2.8643542593831817e-05,5.220439882511035e-06,0.0010073516542835643
29,0.0470256845308137,0.009248026968054173,3.608584096138185e-06,0.0002753125381475293,2.3762792616031362e-05,0.013981811573332345,0.003538597080922947,0.0025989865395366963,0.00010841108501366253,1.0518736725840708e-05,0.1288161914127442,0.0035737958183463922,0.00021862444976534682,1.8824583284761117e-06,0.011607709136822592,0.0019098614807239972,0.10152997855075545,1.7059267616394604e-05,0.23166255686781032,6.1477340167062875e-09,0.00046740419982086297,0.442338994143513,2.8643542593831817e-05,5.220439882511035e-06,0.0010073516542835643
30,0.0470256845308137,0.009248026968054173,3.608584096138185e-06,0.0002753125381475293,2.3762792616031362e-05,0.013981811573332345,0.003538597080922947,0.0025989865395366963,0.00010841108501366253,1.0518736725840708e-05,0.1288161914127442,0.0035737958183463922,0.00021862444976534682,1.8824583284761117e-06,0.011607709136822592,0.0019098614807239972,0.10152997855075545,1.7059267616394604e-05,0.23166255686781032,6.1477340167062875e-09,0.00046740419982086297,0.442338994143513,2.8643542593831817e-05,5.220439882511035e-06,0.0010073516542835643
31,0.0575971891310676,0.009689924127605937,4.550391011600257e-06,0.0002650352926156267,1.922762843651811e-05,0.012604278125713735,0.003395357005819846,0.0035029164468237993,8.763599151450641e-05,1.1370116605022092e-05,0.12735153160699342,0.003674578769355519,0.00022785326408985171,1.8885095164788464e-06,0.009307307171189121,0.0022935171450430276,0.12089929726160696,2.1076800265800627e-05,0.2206833805744091,6.11498628565283e-09,0.0005208159955027307,0.4268782792350359,2.851975974400568e-05,4.726293434498963e-06,0.0009297372416130432
32,0.040323067187276206,0.00870109556816514,3.1226202760124135e-06,0.00027784400281965203,2.146018531217855e-05,0.013622833720829156,0.0034648775548983364,0.0024298722160747163,0.0001005007550467297,1.0482639356379086e-05,0.11562051645860189,0.0030604611113531663,0.00021265024521359316,1.636867454407671e-06,0.0122045165705688,0.0019408060371313499,0.0947663944856299,1.629181029700955e-05,0.27534709871231683,5.8962623328198164e-09,0.0004648348692107466,0.4264668564505071,2.745745612408192e-05,4.8992316043017025e-06,0.0009104173476698393
33,0.05009613537631301,0.00845746415535839,2.489742726636734e-06,0.0002513702911823139,1.825297781365354e-05,0.007645490257775577,0.003814675108572068,0.002737995479855977,5.1303885205024475e-05,4.95871440449866e-06,0.1370788817515588,0.004478795493473319,0.000256765944127464,1.1570646721931278e-06,0.006829100364009502,0.0017137449446381029,0.11849847549095047,1.6652953225760135e-05,0.2191694257968143,4.061302689331415e-09,0.000452955710611893,0.43780397549916056,1.7421522017881265e-05,3.771249604464303e-06,0.0005987361646254185
34,0.14187604814518126,0.0031409825387464065,2.9437730747954063e-06,0.00020589251044339773,2.1744567517859713e-05,0.008100001323118692,0.00343084372660802,0.0017775717694732112,7.99745874229981e-05,3.4155738564970114e-06,0.18678325774225935,0.0016489755415381062,0.00032177789972331146,6.378146284295726e-07,0.008111204573975132,0.0007096496069589068,0.0426613050679622,2.705619258172653e-05,0.2603997616415372,3.1373032017699565e-09,0.0004532094261753161,0.3398974054204318,1.784643575834207e-05,3.886476387428301e-06,0.0003246045073364926
35,0.07200960066902545,0.006169528862668931,3.0694984074623896e-06,0.00021749596441117205,1.1467088241422882e-05,0.013575998099113541,0.0032018657408733366,0.003281874225291591,8.638350292989629e-05,8.411315769264572e-06,0.10436436902057325,0.0035196064574440243,0.0002371605872518825,9.758338487988573e-07,0.006693963057426887,0.002243379218165726,0.07630677646067568,2.3771821212348547e-05,0.23162728452390333,4.091750556457782e-09,0.00032206079133046024,0.4755054958007393,1.8660389261838316e-05,3.847937772107134e-06,0.0005669490419118624
36,0.035884810690834976,0.008706539995324515,2.3619103496735898e-06,0.00024530049728799003,1.1107677413855884e-05,0.011708401378699869,0.00275228880841707,0.003302134022051338,9.191502508677958e-05,1.1326813569312572e-05,0.07845067618727491,0.0032409450021968923,0.00017515255447077776,1.6462046715123189e-06,0.010186181804367015,0.002087582175953734,0.08102015002294645,1.4627228337428896e-05,0.22209803728484412,4.4919360619969694e-09,0.0002704513093014639,0.5389757151880884,1.7762143317946636e-05,2.7120177165290537e-06,0.0007421695655414874
37,0.08388445470370234,0.009373062434654097,6.8085093607470045e-06,0.00028227115529613875,3.449622700221744e-05,0.011693259417229849,0.004850039695204289,0.002328505165015879,0.00013156695554873216,9.629105634421604e-06,0.15598599614572206,0.0049037371872816616,0.00036850015470451847,2.438581313646691e-06,0.007750069671743932,0.0020231765587840566,0.12349061218019555,2.7728990071809025e-05,0.19924791053594232,8.412783332326128e-09,0.0007464206990353398,0.391697088453248,3.7857939654853025e-05,1.0337831787278535e-05,0.0011140232890828358
38,0.045430027970377464,0.003936069596977183,2.7807056061017817e-06,0.0002637859330470233,9.671282939947416e-06,0.025247071427326163,0.005847213803378708,0.0022101217265501787,6.989631233487709e-05,9.21928621932605e-06,0.06724642338302791,0.0019350317017435424,0.0002387371243979224,4.979208271449997e-07,0.011685920121871451,0.0035507369603005167,0.08357050785961517,2.3223022387666927e-05,0.4625013958170774,5.465712578412041e-09,0.0004407215751128426,0.28526678144596834,3.391043851579072e-05,3.952435507403801e-06,0.0004762966831774239
39,0.0411279775816877,0.025303978095301626,4.440368544667813e-06,0.0005875513051003498,6.747507228688007e-05,0.009681446604707308,0.001903453297096622,0.0009983534223789521,0.00034682923751612406,2.5067050804034715e-05,0.13689616949550767,0.0022577676876499213,0.0002736390362797285,7.138660952651107e-06,0.022125973997747114,0.0007988620282671921,0.07084795782722,1.70570794567265e-05,0.23715506492112948,9.765908128234505e-09,0.0004186777867322928,0.4474941635380768,4.290823044326779e-05,1.1768348515181527e-05,0.0016062695606894018
40,0.012531553182488548,0.004977088286254753,1.914034954000259e-06,0.0005530244160827485,1.3507800361917486e-05,0.010908255953923515,0.0028396831521464642,0.0019868547285098333,8.510869226353752e-05,1.9627603898536992e-05,0.04196571563605037,0.0008095136220960992,0.00014138803418712646,1.210562337137104e-06,0.005791375834911832,0.0029946344567277237,0.06449413878022538,5.7052221558370285e-05,0.7434467285586291,7.765039347735226e-09,0.0006958489905602355,0.10527109065029341,7.149801037323589e-05,7.349504384134204e-06,0.00033582952174270264
41,0.04677912272188838,0.006572059365431691,2.347841670498274e-06,0.0009439625104646614,7.194756295450157e-05,0.050418579231420256,0.0024340394641709966,0.0021574724217915094,0.0003189311714328554,1.624842529070144e-05,0.13057560673294571,0.003088434876138995,0.00010235989977338774,1.071357478798463e-06,0.06322072706097624,0.001631100179595433,0.05025522884384184,9.252659601304844e-06,0.22694530628057552,5.645206880406278e-09,9.269750600140039e-05,0.41308326882597196,3.777027212826291e-05,5.566859214788647e-06,0.0012368922840334227
42,0.03273939326235575,0.007221906648634485,1.871163511615696e-06,0.00019784588652481578,1.3872406267575178e-05,0.011894368940859731,0.0026724469679724407,0.00228423634852449,7.498411291917892e-05,7.593408066579755e-06,0.09427003846200338,0.0026359622729109503,0.00017853626676314746,9.977245695258032e-07,0.010774370463824045,0.0015923677788198694,0.07150423073313947,9.492179692993129e-06,0.22929193823973265,3.92759228185599e-09,0.0002779605219047703,0.5316692273589496,1.4253116614803669e-05,2.916323520832452e-06,0.0006691854843249487
43,0.03395406088244345,0.007512203906442421,3.213776362926422e-06,0.0002745574316185517,2.0631873281323085e-05,0.022866559958854664,0.002854536435310963,0.00272870827780289,0.00012603066917852993,1.7487779766839423e-05,0.09653430413048426,0.001948477918733397,0.00018248509356166284,1.5987253796605469e-06,0.01367331273415978,0.0018978641362108084,0.07465494554132256,1.57047810426627e-05,0.2778859375954679,7.049309117607983e-09,0.0004375355137572156,0.46155797466251863,2.9852345369960368e-05,4.22235878425626e-06,0.0008177864228357193
44,0.0470256845308137,0.009248026968054173,3.608584096138185e-06,0.0002753125381475293,2.3762792616031362e-05,0.013981811573332345,0.003538597080922947,0.0025989865395366963,0.00010841108501366253,1.0518736725840708e-05,0.1288161914127442,0.0035737958183463922,0.00021862444976534682,1.8824583284761117e-06,0.011607709136822592,0.0019098614807239972,0.10152997855075545,1.7059267616394604e-05,0.23166255686781032,6.1477340167062875e-09,0.00046740419982086297,0.442338994143513,2.8643542593831817e-05,5.220439882511035e-06,0.0010073516542835643
45,0.022521296373140254,0.0031679108259863634,9.004357698814709e-07,0.00038750999093554165,2.2018194749976537e-05,0.02373342401595872,0.006329165332704261,0.002179553645056148,0.0001287413714391317,5.0783069781982835e-06,0.07730619015457717,0.0024136436246029913,0.00016746022398915968,4.0097233200800675e-07,0.027600269573210573,0.002059803068853327,0.031371417923445825,9.009766090521246e-06,0.39550868787917665,4.844352790121351e-09,0.00013940467610365137,0.40442947533969925,1.5467166330616702e-05,2.908813639624783e-06,0.0005002574808772346
46,0.054060150670985595,0.00819353747558429,2.0125961232923496e-06,0.00020070136850683796,1.13444827065875e-05,0.007195699023597802,0.0019205673639874018,0.0019431018858813906,1.9797544437512475e-05,3.4247061418739205e-06,0.09937296528337608,0.004355294728178727,0.0001516520465154291,5.175831053305202e-07,0.007608914809045739,0.0019042714589807051,0.2377759113865215,6.387501969814381e-06,0.1287273044174216,2.183510587135096e-09,0.00021859873556734347,0.4457197472326555,1.3952986813457222e-05,2.39299092521904e-06,0.0005917495374604352
47,0.05123543369130847,0.010234748652444217,1.9717396233461954e-06,0.00011021048015392063,7.5494456046676245e-06,0.005468458383261381,0.0022048451855632123,0.0018526071967406121,5.1966478501078e-05,4.4223291285919335e-06,0.07992807535691354,0.004772549200075644,0.000229530231538752,8.031825749627624e-07,0.0064816691247495724,0.0016353112592448406,0.07256335889378675,5.6663091943578125e-06,0.11796529996897885,2.4959502860227317e-09,0.00016037386086749025,0.6443382168149688,6.213853038434021e-06,2.841259850036207e-06,0.000737874605938101
48,0.044892655993964435,0.009902831543325535,3.4386883158024484e-06,0.00027847401979663424,2.149940917026837e-05,0.013274749651119338,0.003330156059053028,0.0026100437296985145,9.613114815251926e-05,1.0696421643735244e-05,0.11901539645074567,0.003434776869757878,0.00021097964979015446,1.7857252350548747e-06,0.011232186309095359,0.0019512085807508088,0.10945199644394327,1.6189698022740358e-05,0.23466813064527065,5.726757222261589e-09,0.0004490498550756166,0.4441660567491387,2.7473332049522853e-05,4.755659792026259e-06,0.0009493316403356048
49,0.05862575743519952,0.008561526737062614,4.431024097909971e-06,0.0002558116622626984,2.4362782260536378e-05,0.019987406529544973,0.00365981892340952,0.003122118297378844,0.00011759687238191077,1.03437371850452e-05,0.14256077033718045,0.004676440839741894,0.00022475695640956155,1.8190942922281283e-06,0.009347489390734726,0.001910767584344541,0.10329486473288482,1.7333951822953413e-05,0.15502981918977807,6.821213683113408e-09,0.0004051683439556259,0.4871155031205407,2.923069582345553e-05,5.209653350494248e-06,0.0010116452871432684
50,0.032931929986869786,0.009288724335003733,3.257072847794361e-06,0.0002167226008832139,1.7774901698767075e-05,0.011714377858860365,0.0038054544139117527,0.0028446545088941216,0.00011285594703905151,1.2928699423066402e-05,0.09471805389399914,0.002894676350431563,0.00022898313735369267,2.0494543106442534e-06,0.01027131011788497,0.0017347690275801172,0.07146215803325032,1.3990393563688766e-05,0.26498096434704993,5.703781615903508e-09,0.00047786998923522056,0.4913551012549258,1.8539131450665304e-05,3.6369020202163623e-06,0.0008892119377306995
51,0.01531727541768681,0.03527724619257355,1.0092846220164e-06,0.00036089475333427615,8.348344122190787e-06,0.002665642412850702,0.0006650591372839958,0.0029853977524610053,4.3645751279798504e-05,1.1793415065779238e-05,0.054040838328940015,0.002333997233269178,0.0001299084283677666,2.391565084510142e-06,0.008321148036461777,0.0007124549268797134,0.04629190319997571,5.43251193113084e-06,0.14202627647722796,2.239142676864407e-09,0.0001010835689580337,0.688241992029948,4.233270094658428e-06,9.482091037735488e-07,0.0004510775133350382
52,0.046524815925744464,0.008278242120664914,3.4088180467807762e-06,0.0003056237167157988,2.0018959773819875e-05,0.015685883395642544,0.0030257137743240226,0.0027503021769687006,0.0001116050752704516,1.3261644625412683e-05,0.1143963665367568,0.0028483563405165466,0.00021689698266388446,1.7285548773747671e-06,0.012444495962334365,0.0020271985435160885,0.0866392200603383,2.017330777240717e-05,0.2627083616196274,6.577724107198162e-09,0.00040362216122841134,0.44069860421345536,2.864430984412321e-05,4.758389267245081e-06,0.0008426908323006003
53,0.04759240483041919,0.006279066263852738,3.3583075759615774e-06,0.00022479631470841548,2.539765019594061e-05,0.01981237908013947,0.010973691864294156,0.0031878985854223232,0.00016270158328990201,5.736068384621826e-06,0.1588790263336547,0.007389058029137726,0.00023354180830097385,1.938569067813864e-06,0.014161473478424193,0.0025492754118435637,0.09054563920582585,1.918538618232174e-05,0.22764695743752897,7.2355390590777875e-09,0.0005264050916294561,0.4082294781823781,3.797122116134979e-05,5.773031215501947e-06,0.0015068390298276875
54,0.02295973492107883,0.017747445049433732,3.354891813732166e-06,0.00016701894059581882,1.6483255543872966e-05,0.009150879180646825,0.002517166421455782,0.0023169647498969305,0.00017053814274775798,1.5581029142418898e-05,0.0800879275607509,0.00776914860031141,0.0001389574286550771,4.002654552453807e-06,0.023449287670216402,0.0036041194661240064,0.08578295214847484,5.678714223951199e-06,0.15457698848297874,6.59549028191085e-09,0.0002116845255390097,0.5853207386830993,1.593604344066666e-05,5.8458006381855764e-06,0.003961559043149201
55,0.05231108981307087,0.008757245307528461,3.764111600525015e-06,0.00029210426618479475,2.8928190423636567e-05,0.014629343240391961,0.004762170908789215,0.002548621988999568,0.00013556302178100146,8.749968748356394e-06,0.14232400168136253,0.004990915756959191,0.00024405738444899306,1.921229210884935e-06,0.011449340662732064,0.0020666694734343383,0.09583834062612735,1.870692027343916e-05,0.23075547779098074,6.41336471629151e-09,0.00047864257674561745,0.427156229679737,3.102564437049224e-05,6.8739950686588265e-06,0.0011602093476654524
56,0.04763778520403726,0.009161529355228994,3.551704687646282e-06,0.0002669380089728683,2.3207714506540434e-05,0.013204926834210609,0.0035915856450874847,0.002551028717185621,0.00010641468766420531,9.948446487111589e-06,0.12800912105905501,0.003616180818886066,0.00023113122232517762,1.8416721393391953e-06,0.01103016196229657,0.0018404716983494466,0.09789935906551263,1.6849926883870048e-05,0.22850322140718657,6.138541734274497e-09,0.0004675927736583234,0.4508241317023627,2.7147646708018926e-05,5.262787832470055e-06,0.0009706038001937696
57,0.10999353324603933,0.00722718113393355,8.62914232822593e-06,0.0005039492608601182,5.5676690154616054e-05,0.044879757925848154,0.00282638138119955,0.0037319022634480234,0.000263699870240414,2.0733823984617506e-05,0.22464224328831403,0.00385040551384926,0.0001618538994857998,4.176628160663306e-06,0.017938229410748994,0.00154971578945892,0.12121446066038602,3.5514228205756794e-05,0.08714114411796962,1.3207213996064851e-08,0.000339019213466716,0.37206854258035466,9.792156648675434e-05,7.5222106088157276e-06,0.0014377929472534096
58,0.04708616456984451,0.009657058470171084,4.049133539127446e-06,0.00030579573847521965,3.006882938766988e-05,0.01420826595854838,0.0040043125630475325,0.002126212536110756,0.0001326093272598671,1.0747063192065916e-05,0.12880486283787854,0.0038341323928480137,0.00026989511185540735,1.966648155808619e-06,0.01202069320803209,0.002104462117135685,0.10060298482301383,1.77148101933658e-05,0.2530823764904406,7.873931973922742e-09,0.0005389412992352925,0.4199579589653904,3.434241395920602e-05,8.531100453266678e-06,0.0011558457179003643
59,0.04882016132057429,0.010396780122833876,4.89220149581637e-06,0.00030221717751374375,3.130921165333561e-05,0.015216356447897691,0.00383411639547059,0.0023165988625355027,0.00013600646998409226,1.2917556487143557e-05,0.1298344202656864,0.00382862759789268,0.00026064724425047057,2.288569463413066e-06,0.011556572361888685,0.002285991809468001,0.11471960165253649,1.91095526903645e-05,0.2387444570516493,8.571714470367178e-09,0.0005967890823850977,0.4157636813547135,3.798631612181293e-05,8.792999995011186e-06,0.0012696698030982003
60,0.0470256845308137,0.009248026968054173,3.608584096138185e-06,0.0002753125381475293,2.3762792616031362e-05,0.013981811573332345,0.003538597080922947,0.0025989865395366963,0.00010841108501366253,1.0518736725840708e-05,0.1288161914127442,0.0035737958183463922,0.00021862444976534682,1.8824583284761117e-06,0.011607709136822592,0.0019098614807239972,0.10152997855075545,1.7059267616394604e-05,0.23166255686781032,6.1477340167062875e-09,0.00046740419982086297,0.442338994143513,2.8643542593831817e-05,5.220439882511035e-06,0.0010073516542835643
61,0.05527367549039222,0.009949723543929038,5.48071811440014e-06,0.000302883921393194,3.263083926242778e-05,0.015702611361432365,0.003944854771224901,0.0024262405999015448,0.00014877922581943754,1.3323614189254352e-05,0.13723364969971863,0.003851196722994141,0.00027688306066917456,2.410008355241303e-06,0.01080717756624774,0.0021953086033629724,0.10897401537708246,2.148385519973277e-05,0.23364026107220007,8.82522511276828e-09,0.0006342796433673922,0.41326272462943026,3.948746355452614e-05,9.372948775112763e-06,0.0012515364381586675
62,0.0470256845308137,0.009248026968054173,3.608584096138185e-06,0.0002753125381475293,2.3762792616031362e-05,0.013981811573332345,0.003538597080922947,0.0025989865395366963,0.00010841108501366253,1.0518736725840708e-05,0.1288161914127442,0.0035737958183463922,0.00021862444976534682,1.8824583284761117e-06,0.011607709136822592,0.0019098614807239972,0.10152997855075545,1.7059267616394604e-05,0.23166255686781032,6.1477340167062875e-09,0.00046740419982086297,0.442338994143513,2.8643542593831817e-05,5.220439882511035e-06,0.0010073516542835643
63,0.04225546825663919,0.010960790681631387,3.255209685866396e-06,0.0002730095380726983,2.0875468637952127e-05,0.012141355929939028,0.00306893946545524,0.0024956983368860236,9.805106597041827e-05,1.0859132220013342e-05,0.11562943971026426,0.0034364284524851926,0.00021264442744651095,1.8612854493218659e-06,0.01137873172802263,0.0018675880540150608,0.10155177339002554,1.4826589795386922e-05,0.23084779628022054,5.652054131737201e-09,0.00042104841915391116,0.46230410857900794,2.490671162154166e-05,4.795894586521351e-06,0.0009757417407137779
64,0.04723321861461081,0.009414892453867885,4.32546180067594e-06,0.0002503035567841688,2.5901817850688992e-05,0.011754414033568755,0.004035705746658133,0.0025291251920668335,9.471741990267594e-05,1.0038287281204286e-05,0.1335736065576727,0.0033271552842846744,0.0002517961827558753,2.096288385975644e-06,0.009238796829446033,0.0018904469290986583,0.11900164044375865,1.9996908763237106e-05,0.25455213687440165,6.6935358552785145e-09,0.0007473286679404323,0.401034989184766,3.1751432798173644e-05,5.8102062357984875e-06,0.0009697989317643735
65,0.04728090075571519,0.008184614629345287,3.2690355837457464e-06,0.00028907902134971743,2.3721671677986466e-05,0.015289465153893544,0.0037286539972526036,0.0025687153287674036,9.829193931205581e-05,9.487354410739653e-06,0.13194387835912197,0.0034165827288583353,0.00020586863879725378,1.55620504137066e-06,0.012160177267870607,0.00191597157388551,0.10415102966297995,1.753276519048495e-05,0.25177086340106974,5.668282569618483e-09,0.00046103178764896426,0.4155301047844624,3.0276328522370172e-05,4.8709341334837594e-06,0.000914051006826743
66,0.061322382742196875,0.008014599331148224,4.550485536864242e-06,0.00023968299805877545,2.4184581567127685e-05,0.011542357089737058,0.004128409708098772,0.0031274494275651556,0.00010263862600404857,9.415703014050481e-06,0.1455993558687967,0.003720683539669843,0.0002987208990530676,1.8658040967833996e-06,0.0087274691062684,0.001759846810213896,0.08733610307220768,2.0573904347459482e-05,0.20571400570913628,6.735488141040311e-09,0.0005352008437630556,0.45692701584240764,2.1490370617680848e-05,4.828820432198617e-06,0.0008171619805739813
67,0.06284271517309573,0.009135996811447085,7.313271704415803e-06,0.0003555155140254689,3.105313629402696e-05,0.016693506102458275,0.003955233681853863,0.0029085060316487127,0.00010508114319759116,1.5164588614923566e-05,0.14559941800391107,0.003151910461667359,0.00026828733583967625,2.6446222501026562e-06,0.009837897713857187,0.0024135485808394973,0.16713855542735606,3.2855675350890144e-05,0.2533477271285184,1.015508236281775e-08,0.0009581370327747603,0.3200379412378537,6.469120198788796e-05,8.419137910827547e-06,0.0010878708304601706
68,0.07178529080301602,0.01521086128643421,5.769419767277038e-05,0.0009535148693733789,0.00032512399590778134,0.08771557973076781,0.012686210308273828,0.002481369921102276,0.003833682917372089,8.360345010402056e-05,0.22571091884962743,0.021921580935914647,0.00042661455860375724,5.181843994523231e-05,0.02671994753437911,0.004301269928325068,0.12037484005590836,5.4948473795467333e-05,0.09598068003074427,9.88651657788397e-08,0.00108441587092452,0.28963641156285674,0.00048577591060820264,0.00015116992362261696,0.017966577579554607
69,0.06450644780794136,0.00695448634753641,2.1859639218471864e-05,0.00027449337161421315,3.150537462511187e-05,0.022283347463709205,0.00832264041778302,0.007640962064484774,0.00020641101758542656,3.285100928911861e-05,0.16159686618669633,0.004523836118037314,0.0003699584525723256,9.355359508635472e-06,0.005820579651549526,0.004372044106488924,0.14455617939071966,0.00012878592673912117,0.300127847009707,2.8624383987869623e-08,0.0035654553199629957,0.26272889673724553,0.00013003579880216084,1.367165024918774e-05,0.001781455153550251
70,0.06306764282005695,0.007617450584826669,5.151813608947586e-06,0.001088142234715417,0.0002469066650027522,0.036355870033580324,0.009750075184105615,0.002475021477572064,0.0005594957735866164,7.744978093488908e-06,0.28833263364493744,0.005920322598236878,0.0002241144501593183,4.021763602592214e-06,0.027339636735269932,0.0006268482450369687,0.06509066093319225,1.7787561659483995e-05,0.14572681856660416,1.0110986905901422e-08,0.00045071299985198086,0.3435143475501369,8.831656738774537e-05,1.0704552034588944e-05,0.0014795621557539976
71,0.027135120378296757,0.017180281638678137,1.026747703373887e-05,0.0003090531420225917,0.00012421065295469577,0.013335159632833623,0.011721347082861228,0.0040829285032811915,0.0006273990588867387,2.8119269413318792e-05,0.15245221111925547,0.005358696145821047,0.00036384655857850184,1.8276203971118176e-05,0.0077133163898481395,0.002672846885549652,0.09480074523422123,5.923814759155963e-05,0.28562558636666335,3.312915916380235e-08,0.0028998067977437764,0.3705982738629105,8.415320647118138e-05,2.172916815095893e-05,0.0027773539478024006
72,0.009783095615026367,0.0036290212251752665,7.455067030396647e-07,0.0001378950564191118,5.094753054754311e-06,0.02054974213795287,0.009081047992729121,0.0021298314734489437,6.24273533573951e-05,6.131131678019281e-06,0.026578065527452444,0.001685064422102467,0.00016099041679806404,2.773410579128441e-07,0.013548913816037365,0.003696497046050913,0.03785824765091549,6.2892823427575394e-06,0.45677280216065586,4.169616756407036e-09,0.00016524977880319494,0.4137791517377461,7.948381823328896e-06,1.075935560707733e-06,0.00035439008749177256
