,0,1,2,3,4,5,6,7,8,9,10,11,12,13,14,15,16,17,18,19,20,21,22,23,24
0,1.0491468672188386e-05,0.0007462552797546333,0.00023055600041910584,9.872537384894031e-06,3.2585441186266125e-06,0.000304033171245276,0.0011959796070875313,0.0005788797552645571,0.0007736353578833444,6.266644641451709e-05,0.00024352637178148102,0.00180042974444805,9.732809561775538e-07,1.9035278536269776e-05,0.001441073649189955,6.768181835245029e-05,6.4743390732108e-05,5.850701554590106e-06,0.9643256270690268,2.6425985184997935e-07,0.003896579856478073,0.02395364599655139,7.962955069071515e-05,4.096200515301427e-05,0.00014434885845254582
1,6.980356027127957e-05,0.004139992291934184,0.00204854562772071,0.00010497294857848233,5.007765987281735e-06,0.0005950742120720293,0.009696683526040195,0.0012046341056294206,0.001312880091481238,0.0009504868301760991,0.0003699981886121823,0.010538703557091187,1.5738810645743428e-06,0.00012579409552022932,0.0014223410404288908,8.539752735499954e-05,8.983492481751027e-05,3.99632875441377e-05,0.9065738086430981,5.842471866446329e-07,0.012686141891664353,0.04589762656426467,0.0005921567321507342,0.0001083764502338036,0.0013396180090770441
2,0.00011707665066172195,0.006885172537563374,0.0019304220061341026,0.00012601154352194626,1.7091712691336542e-05,0.0006406848488522726,0.018906240439410915,0.0017307353432534783,0.0015538077358255588,0.0011393797116695853,0.0007259116608540737,0.016488140625422615,2.573534358674018e-06,0.00036186782181387534,0.0032490943402053306,9.047473488243049e-05,0.00022562458154152978,6.955294674709913e-05,0.8491644411851659,1.1789656125365747e-06,0.014983348143816464,0.07620282146815555,0.0012037037631565696,9.634417178341061e-05,0.004088299526899737
3,8.983408307577301e-05,0.00550877687049096,0.0020830929271294985,0.00017377544158015128,8.391692452336567e-06,0.0006546338511072031,0.014248627924977565,0.0015976731586141233,0.0013609942673478298,0.0010905840834548527,0.0006974394037324443,0.016799393631319035,2.1135349567966204e-06,0.00029827564762454327,0.0017816269688147581,7.817011900663932e-05,0.00018825652309583998,6.671249426940972e-05,0.8532969561861488,8.204838197516969e-07,0.01746513305064727,0.0786619543442484,0.0011900870022662994,0.00012386705661740656,0.002532809253202257
4,9.537895918062839e-05,0.005560218638428573,0.0020102000904474024,0.00018715528350474802,8.650009610054301e-06,0.0006462427157075498,0.013712727479954237,0.00146623715069416,0.0014490356037407874,0.0010296898511813763,0.0007030079943295123,0.019812637068536143,2.8101900065938673e-06,0.00032724761532524206,0.0017001781901157206,7.626724454477194e-05,0.0002294966239368951,7.28789786822153e-05,0.8415597286675888,9.053842535984128e-07,0.01936100195002684,0.08582959389437915,0.0012359249359670413,0.0001329253673168008,0.0027898601125411365
5,0.00011630279313837949,0.005991296904818394,0.0022737602322520085,0.0002721846626192799,7.356651199396183e-06,0.0007111657464592559,0.01435065619246966,0.0015438526660221036,0.0015351334383314713,0.001322677870862184,0.0007389616243550267,0.023230567815379202,2.788000917209462e-06,0.0003955203096678639,0.0015846508216876118,7.959240689196562e-05,0.0002528467888022184,0.00011407270605403714,0.8132281414573487,9.364685712158666e-07,0.022460682147687774,0.1050149814220593,0.0013740920809842982,0.00016136974414350703,0.003236409047277899
6,8.983408307577301e-05,0.00550877687049096,0.0020830929271294985,0.00017377544158015128,8.391692452336567e-06,0.0006546338511072031,0.014248627924977565,0.0015976731586141233,0.0013609942673478298,0.0010905840834548527,0.0006974394037324443,0.016799393631319035,2.1135349567966204e-06,0.00029827564762454327,0.0017816269688147581,7.817011900663932e-05,0.00018825652309583998,6.671249426940972e-05,0.8532969561861488,8.204838197516969e-07,0.01746513305064727,0.0786619543442484,0.0011900870022662994,0.00012386705661740656,0.002532809253202257
7,8.676427092668995e-05,0.005554014817634596,0.002018017766220461,0.000178236194685331,8.460994771553653e-06,0.0006573942438010312,0.014257673106201556,0.0016116574944044437,0.0013857458645349643,0.001088440840660333,0.0007075643783790676,0.01713049759939068,2.113158442818205e-06,0.0003070707184148491,0.001855383748267768,8.049072094961614e-05,0.0001929979672948153,6.714903783055084e-05,0.8482032955053513,8.32136412769414e-07,0.01801805579022273,0.08269597018586833,0.0012007970665996897,0.00012235091637623685,0.002569025476357762
8,0.00019929756069001658,0.01252143782464504,0.005390325572073031,0.00041052034438390317,1.37239819209282e-05,0.0009563407654816646,0.028081100903643384,0.002121301965534421,0.001379446141763106,0.0029020904448558674,0.0008269491599632367,0.025016505107493144,3.03002721746366e-06,0.000631191935277851,0.0011130686656459713,8.302469307576153e-05,0.00019124701245969419,8.151775804566854e-05,0.8446100852158286,1.5969002192678451e-06,0.018225800104162818,0.04714610259014987,0.0034826486291905058,0.00022039257540527613,0.004391254120873497
9,0.00011572398693050237,0.010862101729216513,0.0053617825883417805,0.0005865629732052527,7.718390345177745e-06,0.0009949631447764551,0.02462088194290899,0.001776574422528622,0.0019653633778825255,0.0031887262295422175,0.0006193950527089348,0.034268249316524314,3.3457397503910006e-06,0.00044959380506963816,0.0014710316763380492,0.00012127004844537818,0.0001712155443932597,8.593626233273084e-05,0.7924908781665524,1.6282153682992777e-06,0.03699151157498907,0.07693609273182048,0.0026683422951830084,0.00024220390620426985,0.003998906878641904
10,8.983408307577301e-05,0.00550877687049096,0.0020830929271294985,0.00017377544158015128,8.391692452336567e-06,0.0006546338511072031,0.014248627924977565,0.0015976731586141233,0.0013609942673478298,0.0010905840834548527,0.0006974394037324443,0.016799393631319035,2.1135349567966204e-06,0.00029827564762454327,0.0017816269688147581,7.817011900663932e-05,0.00018825652309583998,6.671249426940972e-05,0.8532969561861488,8.204838197516969e-07,0.01746513305064727,0.0786619543442484,0.0011900870022662994,0.00012386705661740656,0.002532809253202257
11,9.186345328712543e-05,0.0054331753142422435,0.0020984650500107953,0.0001776468723912639,8.612562822530802e-06,0.0006422054823777618,0.014002542288836604,0.0015443684585050902,0.0013623997398667207,0.001060336082639729,0.0006962232545375666,0.017989394937444798,2.543945226060004e-06,0.0002956488175808343,0.001677409302632541,7.737627056420772e-05,0.00020410459934197667,6.585881189397666e-05,0.8531947698923746,8.973021598778318e-07,0.017918244910597843,0.07754845920776429,0.0012413410974070039,0.0001336331161214964,0.0025324792293728833
12,0.00032696800416323276,0.021752958342337238,0.002282087451619078,0.00046294126071150314,4.254317909081413e-05,0.0018070135766045136,0.02258058722601485,0.0013849311897437824,0.002005409094926934,0.00377980206904221,0.0008964120021573282,0.022069567983015057,5.758060138818998e-06,0.003137983940672001,0.0019737024765212724,7.245002349614028e-05,0.0018133255226009636,0.0003554571345918168,0.7001053372369709,3.3113333206574646e-06,0.043886941729092854,0.1423266817876139,0.004884068542288953,0.00012216505078717712,0.021921595782478175
13,3.891187354203953e-05,0.0036609955433395494,0.0015078836129840403,0.00035013359718151786,9.741625269198645e-06,0.0004429413403557485,0.020402429974551998,0.004525795326844046,0.0009906676157770196,0.0004704810240209825,0.0044056419442774965,0.052017035640613,2.4332913981744142e-06,0.0011049416358922732,0.0024303364699075417,6.893169619790928e-05,0.00029576346089352337,6.13754212034474e-05,0.6617920935538149,8.06943048160285e-07,0.022886458961662047,0.21701349250593743,0.0030584923346860405,0.0001323242643179893,0.002329890342283983
14,8.567803128609729e-05,0.006363361657688186,0.0016955626153329494,0.00016026272598821512,8.831767944958659e-06,0.0005891695493772519,0.014241644852556579,0.001536331838418446,0.0012122394659272876,0.001138551109260165,0.0006940957264521596,0.01471185258847975,1.689914986960363e-06,0.00031125102072832793,0.001602269475991886,7.104567806173273e-05,0.00016428535757481494,5.9146338515444475e-05,0.8671721700891543,7.773274210862925e-07,0.014606383651362567,0.07003747970467478,0.0011764167136901812,0.00011522203014643978,0.0022442807689794964
15,8.983408307577301e-05,0.00550877687049096,0.0020830929271294985,0.00017377544158015128,8.391692452336567e-06,0.0006546338511072031,0.014248627924977565,0.0015976731586141233,0.0013609942673478298,0.0010905840834548527,0.0006974394037324443,0.016799393631319035,2.1135349567966204e-06,0.00029827564762454327,0.0017816269688147581,7.817011900663932e-05,0.00018825652309583998,6.671249426940972e-05,0.8532969561861488,8.204838197516969e-07,0.01746513305064727,0.0786619543442484,0.0011900870022662994,0.00012386705661740656,0.002532809253202257
16,5.117711138127121e-05,0.005051214877205154,0.001215040024207131,0.0001654807157459699,5.14422267593823e-06,0.00036958025491431415,0.015351970174347425,0.001620095248667338,0.001052927464478824,0.001423225729278588,0.00045276286347244567,0.025255801411625388,1.7229119999316597e-06,0.00030438350695233724,0.0018738564342137241,7.92972974997214e-05,0.00016122949042859908,6.286768412334609e-05,0.7781162499400894,7.203833141310623e-07,0.02965342661012013,0.13418106329068977,0.0010109261921283528,8.01561177426819e-05,0.0024596800426979304
17,8.075575309031025e-05,0.00668122971583751,0.0015436263999965018,0.00036065316550907704,1.4903849040271968e-05,0.0005672876122070999,0.02028732000493292,0.00242795518131235,0.0011966336805227028,0.0013877484101553848,0.0012783023916034192,0.03811921443510098,4.552079784817798e-06,0.00100169827955796,0.0020119125727421352,8.621547200052567e-05,0.0006731353178018792,0.0001087685349631214,0.6748796243395662,1.8773021140744595e-06,0.03322104556561039,0.20505074356979625,0.003580735587179302,0.0001300921987835244,0.005303968580791323
18,0.00018271815312679483,0.007854802239432503,0.0023643926260268015,0.00025858179224300674,1.7886411777058006e-05,0.0007384378749241494,0.026565770162520024,0.0016134516029198019,0.0015275958749209684,0.0022097671115060493,0.000744390064417235,0.034474347153776314,5.215930845858292e-06,0.0009128286602124207,0.0025183534473879527,7.232699539417545e-05,0.0007359645944149296,0.00021684967320034665,0.6916422646792516,1.7090646808051322e-06,0.040363406824763845,0.17043019968945264,0.0024676758932326505,0.00010975443375873107,0.011971309045813339
19,7.714878666618322e-05,0.006437369798343611,0.0028429922923798204,0.0002896502731008992,7.264086145000095e-06,0.0004415062919774661,0.02822228468824731,0.002173370174914762,0.001735420547384011,0.0014191140731225234,0.0006493008496662281,0.041070842771927504,2.7470587884772797e-06,0.0003174944118939313,0.002298287540403901,0.00010418965752565789,0.00015845310009966827,6.459358139203449e-05,0.7552254312673442,8.709276190350031e-07,0.02798076813986996,0.1238825424984324,0.0013115449687990137,0.00011841725021149669,0.00316839496374482
20,4.1041182125346816e-05,0.00317122824319765,0.0015193907201194372,0.0001579728168612415,4.5625893331867465e-06,0.0004023129031968039,0.013046660187262214,0.0028163968903227193,0.0010696770272221327,0.0007597864050458747,0.0008026382866663355,0.01925888802610006,1.2996415171913223e-06,0.00022397979335690807,0.0034267215527001476,9.300033603875304e-05,0.00014134358733182347,5.326873006913458e-05,0.7752835691335488,5.655201142399886e-07,0.01723316213330514,0.15789207825168777,0.0008020968609593473,7.448993084128364e-05,0.0017238692510766819
21,8.466604579167455e-05,0.007206360220339492,0.0019168447056188793,0.00025078495513356815,5.695825580006444e-06,0.0005835240865884647,0.01411694628565863,0.0018915146804115407,0.0017944356843481014,0.0013225083025679375,0.0005655750953510835,0.026296710795822187,2.066173243425516e-06,0.0004227806364808634,0.0014649449988933807,0.00012444276006751563,0.00010921059538154946,6.991298453496331e-05,0.8398765113712349,8.058891216591293e-07,0.019328255781499278,0.07977137289460584,0.0008004611092750655,0.00012391094337457954,0.0018697571790755613
22,0.00014906224888714916,0.004073361614706877,0.0021456749079199855,0.0001412039698625865,8.251820773320777e-06,0.0008195539430698817,0.009075705420768364,0.0014196216129645834,0.0013011390018628122,0.0009664844615307719,0.0008146853046557248,0.011112156303059654,2.1783197767633225e-06,0.0002918719326193596,0.0018800296460294407,6.434877238014004e-05,0.0003680856638166831,0.00015644575002483213,0.834485794709669,7.530830143930172e-07,0.017299563620159986,0.10917773389919734,0.0009400649635335935,0.00012726170511559242,0.0031789673246010106
23,8.983408307577301e-05,0.00550877687049096,0.0020830929271294985,0.00017377544158015128,8.391692452336567e-06,0.0006546338511072031,0.014248627924977565,0.0015976731586141233,0.0013609942673478298,0.0010905840834548527,0.0006974394037324443,0.016799393631319035,2.1135349567966204e-06,0.00029827564762454327,0.0017816269688147581,7.817011900663932e-05,0.00018825652309583998,6.671249426940972e-05,0.8532969561861488,8.204838197516969e-07,0.01746513305064727,0.0786619543442484,0.0011900870022662994,0.00012386705661740656,0.002532809253202257
24,9.356019808534133e-05,0.00639899243846916,0.0018731553526120026,0.00019562366948941987,8.184019627216124e-06,0.000644870448679065,0.01334808871727517,0.0015914680514342039,0.0013045881901837823,0.0011861115482086617,0.0006824665894049776,0.017130719513205685,2.110105311400095e-06,0.0003634447528526608,0.001504797651893947,7.683415219235392e-05,0.00019641999075040512,6.967656112983046e-05,0.8547247513348907,8.795807271821867e-07,0.01659305613513941,0.07818232926330197,0.0012574886561351,0.00012653833795973503,0.002443844741040591
25,4.229687822639514e-05,0.0043870002095427775,0.0012954377805388768,0.0002913307954334089,7.2296627567773895e-06,0.0004947735327112438,0.017301394203544252,0.005600414152230027,0.0008562564646234071,0.0008156961613764587,0.0022378771004711714,0.021367561434784226,1.1133978713282085e-06,0.0007539604413952395,0.0014650967414095344,9.648629789488e-05,0.0001453957700718777,5.503057961015206e-05,0.8105658624803341,6.517271015893887e-07,0.013251471617713954,0.11619612708487519,0.0015866800817837888,0.00011260331811740135,0.0010722520855821487
26,0.00019275915297275014,0.004251442093609903,0.0026152527209513565,0.00011574055667034806,8.066262309953266e-06,0.0008652107677422177,0.00559234102451054,0.0005219684648300483,0.0013402271710118959,0.0007407322265012829,0.0005464186437760555,0.007726030452827168,3.420394750732725e-06,0.0001194161483485288,0.0004991707218233118,3.982492848691964e-05,0.00022200136526179666,7.560817425383033e-05,0.9291013211106183,8.841291441991431e-07,0.011368314745097748,0.030826554521051073,0.0013083699295413239,0.00036849535224698103,0.0015504289416615796
27,6.072915193933581e-05,0.003955797913890198,0.0014576322988536534,0.00015224710348776124,5.910949382367455e-06,0.0005575327194329197,0.010281126650701494,0.0017024588618774145,0.0012445945201943964,0.0008102277208638068,0.0007162422193319535,0.014515406486556873,1.6337834811412222e-06,0.0002439091025276422,0.0020896865670160625,8.335716655333245e-05,0.00018348253933354977,6.332802064691761e-05,0.8301550083954541,6.535470637659226e-07,0.01611978028716093,0.11279215412655155,0.0008859394218110538,0.00010528134536372016,0.0018158791005242756
28,8.983408307577301e-05,0.00550877687049096,0.0020830929271294985,0.00017377544158015128,8.391692452336567e-06,0.0006546338511072031,0.014248627924977565,0.0015976731586141233,0.0013609942673478298,0.0010905840834548527,0.0006974394037324443,0.016799393631319035,2.1135349567966204e-06,0.00029827564762454327,0.0017816269688147581,7.817011900663932e-05,0.00018825652309583998,6.671249426940972e-05,0.8532969561861488,8.204838197516969e-07,0.01746513305064727,0.0786619543442484,0.0011900870022662994,0.00012386705661740656,0.002532809253202257
29,8.983408307577301e-05,0.00550877687049096,0.0020830929271294985,0.00017377544158015128,8.391692452336567e-06,0.0006546338511072031,0.014248627924977565,0.0015976731586141233,0.0013609942673478298,0.0010905840834548527,0.0006974394037324443,0.016799393631319035,2.1135349567966204e-06,0.00029827564762454327,0.0017816269688147581,7.817011900663932e-05,0.00018825652309583998,6.671249426940972e-05,0.8532969561861488,8.204838197516969e-07,0.01746513305064727,0.0786619543442484,0.0011900870022662994,0.00012386705661740656,0.002532809253202257
30,8.983408307577301e-05,0.00550877687049096,0.0020830929271294985,0.00017377544158015128,8.391692452336567e-06,0.0006546338511072031,0.014248627924977565,0.0015976731586141233,0.0013609942673478298,0.0010905840834548527,0.0006974394037324443,0.016799393631319035,2.1135349567966204e-06,0.00029827564762454327,0.0017816269688147581,7.817011900663932e-05,0.00018825652309583998,6.671249426940972e-05,0.8532969561861488,8.204838197516969e-07,0.01746513305064727,0.0786619543442484,0.0011900870022662994,0.00012386705661740656,0.002532809253202257
31,9.23795144517152e-05,0.005515162709314873,0.0021310278509444744,0.0001718486117248932,8.281103369285263e-06,0.0006447430643543246,0.014321623831458345,0.0016355246199551028,0.0013225488892419056,0.0011093552148916384,0.0006855670349258068,0.016465274186984284,2.0730220487557345e-06,0.0002952053946845665,0.0017185143994302345,7.620476214458726e-05,0.00018479148822547823,6.672441190015349e-05,0.856577978720444,8.105615162297866e-07,0.01702165513564804,0.07615371389246404,0.0011830527352304117,0.00012256379460554294,0.0024933750500413902
32,7.982616416080954e-05,0.004707524730339614,0.0017018504726799698,0.00012971780290495048,6.728310702291157e-06,0.0005654331898116052,0.011123929283336002,0.0013657804863415775,0.001152799051121163,0.0009035308028819965,0.0005854376407508886,0.013406418730600243,1.776619045616141e-06,0.00022585688778945526,0.0014959008192898951,6.563653219881175e-05,0.00015608661321136067,5.490179307906279e-05,0.8779159941267773,6.588854022459864e-07,0.014206648181040015,0.06720385534139081,0.0009287610606036773,0.00011209700183146405,0.0019028494727091445
33,2.6306260434835727e-05,0.0032976277584532946,0.0005271629216245641,0.00023440728516612247,5.3447743323544025e-06,0.0005814179595793904,0.005570210666305277,0.002540254548079502,0.00042270328268916805,0.0010695173955995298,0.0011486388414805506,0.00970671736839423,1.9300752274870075e-06,0.0006573241424289254,0.0005010899560848339,8.378305915060583e-05,0.0003921110916850365,4.6469519405195054e-05,0.8339267595263566,1.184997722453281e-06,0.012579671635692314,0.12331177752969336,0.0025053144973639398,0.0001498869709610857,0.0007123879360891946
34,9.118630436766347e-05,0.004960032704252377,0.001876392383617021,0.00012878910005070665,7.1775250623232294e-06,0.0005785152914952277,0.011366374826559252,0.0013145026229820092,0.0013151762281836078,0.0008223925247785883,0.0005990103584904375,0.01389217156585044,1.8634100795135968e-06,0.0002220643700668115,0.0015181625304607385,6.362870750152092e-05,0.00015328865453439146,5.700102486536196e-05,0.8807172619221062,6.339719611291807e-07,0.01397023162561469,0.06337986002140027,0.0008678040211630915,0.00011553581077400743,0.001980942493782576
35,0.00017949288705608466,0.005030844394905888,0.002554769596472485,0.00015297301815472193,5.228635029938255e-06,0.0003935096991347235,0.01611932383022002,0.0018886914260871687,0.0014165142014106714,0.001108155660782104,0.00045289142311281114,0.01892655277841327,1.6556917116597584e-06,0.00021314612110437682,0.0010890734090776755,4.957304497947626e-05,0.00013666113303020713,0.00012266117223375627,0.8573712776793516,4.520061454525083e-07,0.015259141777208525,0.07455310745189704,0.0006154914809943325,0.00010761127755196767,0.0022512002039342264
36,7.363738405983735e-05,0.004361877696874499,0.0016188099674038616,0.00014840423415112328,6.271826776567839e-06,0.0004392784294191512,0.013559434283915189,0.0019478239924921887,0.0011911645418667947,0.0008383646111322974,0.0006207050759330457,0.02123316653111952,2.190376948378143e-06,0.00027972910574371456,0.0018410276340699945,8.217171132677688e-05,0.00016778867145412333,5.737556412710589e-05,0.8412571517989017,6.880616515767539e-07,0.014663731618537065,0.0925937710052713,0.0008239713893853428,9.126748866796885e-05,0.0021001969987708966
37,0.00016361649875660375,0.0058893812555411516,0.0028602510002225558,0.00017396027835887848,6.982657209154905e-06,0.0005400511881947092,0.014479179021053676,0.0011488299930749305,0.001288804349871037,0.0012454973180395968,0.0005625552328040259,0.01670666569249152,2.274578090517045e-06,0.00020956881833596557,0.0008828480963690369,5.053956725040915e-05,0.00016395039391135314,8.726423630332655e-05,0.875824655561545,6.977290368991891e-07,0.015571764447374759,0.0584344437029207,0.0012153614416342364,0.00019469675302849872,0.002296160188581257
38,0.00013245092526967535,0.004322997120327936,0.0026484853413315055,5.725862539562155e-05,8.610084166586732e-06,0.000946519900920877,0.011519161932368847,0.0007590967487610697,0.0015397081941963427,0.0008295905062257074,0.0003736624356136889,0.006149853481811392,1.2709008363481014e-06,0.00010510751979283117,0.0018704786583547428,7.029622354999185e-05,6.275031262730811e-05,4.219744374669028e-05,0.9364212857239297,3.7772432460644905e-07,0.007408206398570562,0.022335404238209084,0.0004213100193008608,0.00010410795295845394,0.001869811587409507
39,9.019209582560675e-05,0.005551737299920145,0.0020813406433371567,0.00017428043061397066,8.427212442865404e-06,0.000653071072710809,0.014299307516088822,0.001596071634143295,0.0013637801819578975,0.0010920589997729564,0.0006994460353306013,0.01686329029701952,2.110955617491339e-06,0.0003001474635661187,0.0017819343739942527,7.803183637779253e-05,0.0001881755179012187,6.678863869685503e-05,0.853071178768194,8.215751579396676e-07,0.01743298693499256,0.0787450434321938,0.0011942893536468304,0.00012399044621945262,0.0025414972842781403
40,4.0694073772048244e-05,0.004253939358725498,0.0006876576279273621,0.000444509962190961,5.161885204396671e-06,0.0006076681120595796,0.007383760676842944,0.0029697590275535274,0.0004703009336350462,0.002075318472476301,0.000959536219437912,0.008078159963339738,1.2072301990004358e-06,0.0004146883254101189,0.0003897853688501239,0.00010318040924613081,0.00032086573123445193,8.13204621864579e-05,0.8607285064568367,1.531114527280671e-06,0.018679058793070392,0.08762420921271358,0.002715596667186231,0.00023756403950169952,0.0007260198758725041
41,0.0003208307357200604,0.010568780946471875,0.00657074161783301,0.0001389692108524144,6.288574883457001e-05,0.001131614313847361,0.04372605958661902,0.002041234940549521,0.0067196842714402644,0.0007195100506088969,0.001003667899143642,0.021019797758874234,5.17373506430623e-06,0.0002204888783733826,0.008192362299530057,0.00022459588724242223,0.0001400625367699537,6.314123233418223e-05,0.8439479239664605,1.3938011911634726e-06,0.011319888699664412,0.03516329784255392,0.000779684266280505,0.00014977447350001058,0.0057684353002401805
42,0.0013246846683130217,0.06404476842594911,0.009949292282548206,0.0006009451751589901,0.00018871809420908134,0.002072497962404136,0.10934444327995965,0.0012559308669943111,0.005085817208476843,0.0034200235887218104,0.0024132289650899462,0.03772203067912567,5.364362494636439e-06,0.003776460980184861,0.002389809358009552,4.964974216010454e-05,0.0005945489879908164,0.0002935504180634947,0.6390560884306841,2.8990244664290892e-06,0.02532800688932768,0.04211398417438791,0.008906808965039053,0.00028514132417128957,0.03977530614606921
43,3.176065328968152e-05,0.0031247465905317735,0.0012156865716513715,0.0001264391256721997,3.6573278465666283e-06,0.0007950323404944322,0.007364580527155201,0.0013787388191127243,0.0006404719190708845,0.0025975422185185917,0.0003038056324765936,0.006547937037605311,1.3154777999951839e-06,0.00018534423573360196,0.0011454083346431575,8.624726472725608e-05,0.00017884073724187024,5.7945360067967286e-05,0.8530880083608141,9.25874957208622e-07,0.028463552325799352,0.09001873973967502,0.0011767763753660876,9.958481943916317e-05,0.0013669123303098973
44,8.983408307577301e-05,0.00550877687049096,0.0020830929271294985,0.00017377544158015128,8.391692452336567e-06,0.0006546338511072031,0.014248627924977565,0.0015976731586141233,0.0013609942673478298,0.0010905840834548527,0.0006974394037324443,0.016799393631319035,2.1135349567966204e-06,0.00029827564762454327,0.0017816269688147581,7.817011900663932e-05,0.00018825652309583998,6.671249426940972e-05,0.8532969561861488,8.204838197516969e-07,0.01746513305064727,0.0786619543442484,0.0011900870022662994,0.00012386705661740656,0.002532809253202257
45,4.625284964929179e-05,0.0022545581745334014,0.0020200323281808646,0.00011041942054365584,5.232005668038164e-06,0.0005842484678252874,0.012532849840415864,0.003172617245833485,0.0011933326451021287,0.0005460031515685457,0.0009077528601204666,0.011235867024706863,1.18665825548886e-06,0.0001259326560980888,0.003922976287330656,0.00014451270185801158,7.923967499667939e-05,3.787705054400283e-05,0.8776509859531996,4.51859932763676e-07,0.008152805855354614,0.07367349587766486,0.0004443720082815172,8.623650218423254e-05,0.0010707609001515276
46,3.9228186258445785e-05,0.002042633394447869,0.0009454512903984548,0.00021755159875489735,4.196641074285873e-06,0.0007534906460586683,0.003893959160917526,0.0013452514317243217,0.0006537028549328809,0.0007042575841527629,0.000747323385604469,0.012428838139092032,4.536967395764136e-06,0.00030342890715097224,0.0011806702360455778,7.662438375324286e-05,0.0009958311647626278,8.393378852687136e-05,0.7421161577256264,1.3142696590297237e-06,0.025200928069950054,0.2025621554953208,0.0016375126325346952,0.0001374060151714081,0.0019236160306859114
47,0.00010279120402324406,0.004086125592445884,0.0017554391671025951,0.00011096457012686934,5.454485725941443e-06,0.0003710303057256145,0.011396471175512289,0.0009154609649897156,0.0014472643115846335,0.0008274091797324498,0.00031344128780171646,0.02320161340028582,3.2724456716889855e-06,0.00014046130690134934,0.0015648857890332168,7.752650411000305e-05,0.00017941207945414153,5.9406550439262604e-05,0.8471619052434362,7.09761460865881e-07,0.01880456690691027,0.08414775522626787,0.0006447699102402773,0.00011096834590452307,0.0025708942851137445
48,0.0002774672601346985,0.007422106048111495,0.012282870252403977,0.0007820351142767884,4.0949073203384113e-05,0.0011970663045014415,0.09151216434381373,0.0040639056138387485,0.006880377968546918,0.0018554023840253984,0.0016677525492924004,0.11893643293340342,1.0154957827679241e-05,0.001038062023910189,0.01526852210479271,0.0002971079543755082,0.0005356348680076978,0.0003771206295549858,0.37095804632563356,2.8347744086526646e-06,0.09006398145281577,0.2407855037197831,0.002554803046064043,0.00014780573170945834,0.03104189256556423
49,9.085601232865157e-05,0.005343886000157701,0.002855158511263185,0.00025163087623389943,6.814909422859219e-06,0.000781268452208251,0.014610431366068566,0.0015883289197761894,0.0015045840710354481,0.0013325500072033437,0.000712658813426847,0.023206814376574746,2.847101589505664e-06,0.0003368069015822639,0.0018315563350655248,8.349360624345428e-05,0.00022038209684172974,8.3582041457126e-05,0.8152137081615293,9.47883142603937e-07,0.024909567375340936,0.10020138753081141,0.0015199336147600257,0.00015464681679720814,0.003156158219139596
50,7.65827384053987e-05,0.004477526442497681,0.0018153628019401138,0.00018283970492165272,5.849724923261246e-06,0.0008650265849314163,0.005431363781553437,0.0008603543000624262,0.00233339879320498,0.00043983121753881076,0.0007790751764007823,0.013230568138750757,2.295226075020502e-06,0.00017565088872437118,0.001699923662874735,7.999491074374636e-05,0.0001900082049975968,6.118372892553064e-05,0.8694155841614123,7.041674639933595e-07,0.017095954436571876,0.07829202739828059,0.000797760354186316,0.00019781207648311705,0.001493321378129868
51,8.093681131438172e-05,0.011056286412402304,0.0011325728360918384,0.00023474816983762,2.8196462115950115e-06,0.0002963196199512845,0.008500161101614157,0.0015317250554569548,0.0010629684278104076,0.0009376182813476784,0.0004938822887848316,0.01739853165244087,6.576110713339504e-07,0.0004140762412675519,0.0011151282292959869,3.5629509663924705e-05,0.00011039754281864968,6.553443966699162e-05,0.8311152265588676,3.8373145643578595e-07,0.010701945957019685,0.11149663734056058,0.0006476145371734141,6.709371708631134e-05,0.0015011042807875966
52,0.00012361002122877166,0.0031629988419087205,0.0021196996165893035,0.00011337981896960336,8.56853419462305e-06,0.001441900446265747,0.00813571631413741,0.0016868764822561707,0.0014532140518578643,0.0009577288389184019,0.001008114275685521,0.0068978518015800445,1.5375190032938894e-06,0.00032338928693907823,0.0027987055086604396,9.079045362600921e-05,0.00022076838347357105,0.00015529982569283056,0.8728343330705,6.289771918560922e-07,0.010927851625214754,0.08202789205033377,0.000727367234026778,0.00012124213786673992,0.002660534883878911
53,6.934027746480609e-05,0.006148095851691671,0.0033345860104555146,0.0002607057662025006,2.2985408321926253e-05,0.000479585974892136,0.08485008769866698,0.004045675505175971,0.0017417974517756306,0.0016511423791788396,0.0014370732166056473,0.04842826273818742,2.821562632273562e-06,0.0004378856698842185,0.004909381743015196,0.00015064514577126,0.00014797596215802473,5.346503443910209e-05,0.6914012300043909,1.1432562179044976e-06,0.026672358120270453,0.11630648604077566,0.0024427614838399246,0.00011746666751204481,0.004887041030474035
54,0.00019788558853755777,0.015976983658057362,0.002256655852792399,0.0001981243419191977,1.4399445656236975e-05,0.0008004425540068535,0.020454764882003755,0.001224047825685114,0.002010452186507871,0.0023170402996954345,0.00043291969397688034,0.02061941022399395,1.9915177640574665e-06,0.0006414541321910076,0.0035754896508486318,9.697751878160935e-05,0.00020382147785078395,0.00010452115517961755,0.8254339453364901,1.1888745883282504e-06,0.01544708172489699,0.07838869807306978,0.0011416299725071604,7.453193638196286e-05,0.008385542076617264
55,0.00011355854812060607,0.0053142659060450995,0.0024511552131523677,0.0001804817935423891,7.0280187817119335e-06,0.0005459527296322431,0.015236427398147052,0.0012941996020490343,0.002064908303351794,0.00083064547127529,0.0005510683388767067,0.02593054615613459,2.9442860918943854e-06,0.00021674686788681794,0.001657398273754815,7.918938914917391e-05,0.0001465944790139313,7.162545988432624e-05,0.8473820182758623,6.804189299435725e-07,0.018871299763280648,0.07359034360040408,0.0008107788850828092,0.00014578486234714187,0.0025043579592032997
56,9.032606586589324e-05,0.005185722465450279,0.0020380887708629832,0.0001701608394558655,8.152877822068816e-06,0.0006329073992514701,0.0136703330510687,0.0015011431731578484,0.0013592598614666927,0.0010231905281264087,0.0006743145256459563,0.01805114001453488,2.5072365057570544e-06,0.00028822777220283645,0.0016812158635626246,7.577454426621701e-05,0.00019780953564539183,6.612470547903177e-05,0.8537480202616675,8.403089673192636e-07,0.017743335237840024,0.07798188747363034,0.0011628571625932507,0.00012904469335111858,0.0025176156315796384
57,0.0002627024609638525,0.01698005448210445,0.007528251190082136,0.000502893256374472,3.945786001259991e-05,0.005182668799147782,0.03379379726024575,0.0033705526858698116,0.002082584615159171,0.0026328148091607955,0.00561227516390465,0.00475955795132237,3.9356876910732805e-07,0.0014926868373441413,0.0032574513954261256,7.648330831523138e-05,0.0001501791880412901,0.00019731348955461122,0.8452638173114049,6.95640540561639e-07,0.015009539120675836,0.04233890649391773,0.004445463330384084,0.00027224120505121244,0.004747218576227339
58,9.174378635934956e-05,0.004589631865133658,0.0019201110157355268,0.00015135207841417535,7.044375272527286e-06,0.0005985576781782172,0.011555722286754475,0.001256040206526043,0.0013270157938984198,0.0008617084968574651,0.0006506540165251178,0.016157147795538434,2.315159836814335e-06,0.00022123534408306398,0.0012694841982539913,6.853585451609537e-05,0.00015542498728959148,5.998853296341446e-05,0.8782899732788106,7.115887328201001e-07,0.015002699386461876,0.06267533161003871,0.001043448728596425,0.00015787112666991554,0.0018862508085532791
59,8.883318818633118e-05,0.00470892209294851,0.002336258841787176,0.00016684039181266575,7.188934138488466e-06,0.0006559515381687525,0.012530169355547236,0.0013708667288371155,0.0014030582678606156,0.0009741249205746667,0.0006776409308945037,0.01582657185900934,2.1872401106469706e-06,0.0002090320350468982,0.0014653131763626313,7.665594655791293e-05,0.00015112760924396428,5.9501981444765124e-05,0.8717078698850131,7.794943649018592e-07,0.016837960960896806,0.0654898942643686,0.001141615494944221,0.00016619563162254366,0.0019454392302573123
60,8.983408307577301e-05,0.00550877687049096,0.0020830929271294985,0.00017377544158015128,8.391692452336567e-06,0.0006546338511072031,0.014248627924977565,0.0015976731586141233,0.0013609942673478298,0.0010905840834548527,0.0006974394037324443,0.016799393631319035,2.1135349567966204e-06,0.00029827564762454327,0.0017816269688147581,7.817011900663932e-05,0.00018825652309583998,6.671249426940972e-05,0.8532969561861488,8.204838197516969e-07,0.01746513305064727,0.0786619543442484,0.0011900870022662994,0.00012386705661740656,0.002532809253202257
61,9.223260960125695e-05,0.0048168916725510645,0.0023068410829725373,0.00016492066679497445,7.5909759052700595e-06,0.0006407911132841214,0.013085365536019272,0.0014312301278131079,0.0013763568551959499,0.0009970759375137852,0.0006806194090820751,0.016112066635928547,2.279384550332907e-06,0.00021973726148279236,0.0015123778502919608,7.54318537371867e-05,0.00016067166784289953,6.209805982145912e-05,0.869118117141549,8.01686939169421e-07,0.01671231007952285,0.06705189896143245,0.0011481093481104311,0.0001587503753727444,0.0020654337066848406
62,8.983408307577301e-05,0.00550877687049096,0.0020830929271294985,0.00017377544158015128,8.391692452336567e-06,0.0006546338511072031,0.014248627924977565,0.0015976731586141233,0.0013609942673478298,0.0010905840834548527,0.0006974394037324443,0.016799393631319035,2.1135349567966204e-06,0.00029827564762454327,0.0017816269688147581,7.817011900663932e-05,0.00018825652309583998,6.671249426940972e-05,0.8532969561861488,8.204838197516969e-07,0.01746513305064727,0.0786619543442484,0.0011900870022662994,0.00012386705661740656,0.002532809253202257
63,9.10639922171821e-05,0.006576370322303817,0.0019133988332158426,0.00016662912178516242,8.177706180212185e-06,0.000604447892777703,0.012983627008356253,0.0013829112481068815,0.0013071334006495914,0.001125726410409823,0.0006174577033633011,0.01544293001513933,1.889322203107647e-06,0.00028905983912382797,0.0016587135602011897,6.922193447656815e-05,0.00017746039427714836,6.024276091611407e-05,0.8622835474159488,8.186374567706274e-07,0.016360615282180427,0.07314038370492006,0.0011793749864931096,0.0001175162233312053,0.0024412822839666613
64,7.918756400546048e-05,0.005623910664536113,0.0021194782774787363,0.000205504499740637,7.862803595248684e-06,0.0006988980128737297,0.014274438389715042,0.0014874383922746258,0.0014361437426820849,0.0013458942809806953,0.0006175907177703232,0.019506881507732648,2.5357499591239194e-06,0.0003173983374923289,0.001796063805421047,8.28933092290728e-05,0.00021837131433776364,7.403147272473616e-05,0.825230350874714,9.9302752535377e-07,0.026912143470208965,0.09355933130173616,0.0013992267722759046,0.00013321433522956342,0.0028702173757607003
65,8.759268387836625e-05,0.005835406349465018,0.002263959420706856,0.00019212475677407188,8.60233852630683e-06,0.0006826342343142455,0.016415525649721208,0.0018645413489466911,0.0012580032144772185,0.0013944277059728357,0.000687334450498494,0.017197631067487486,2.041126696705078e-06,0.00033992271535900265,0.0018854116450178619,8.261877631867546e-05,0.0001930440668108438,6.991951864502933e-05,0.8437618612881692,9.139559188640029e-07,0.019496710787595524,0.08199124070402518,0.0013583062434957675,0.00011685346380773481,0.00281337248737068
66,0.00014944687890023432,0.0030402627994604013,0.004014726352279967,6.745966599676305e-05,1.5871303385189046e-05,0.0012214434909645383,0.011086608811147078,0.000610188374158901,0.0011662065259599272,0.0015194549555656836,0.0004511869218482065,0.005578534562334088,4.212353931346929e-06,7.428434369966805e-05,0.001086116256280112,6.493200427923134e-05,0.00023320754213541404,6.333188755057284e-05,0.9177702203538861,1.4558500100334608e-06,0.02163645828705976,0.025776285868368932,0.0015709796714860002,0.00030669610289605183,0.0024904288364158535
67,8.448726141680198e-05,0.005097481199594414,0.0024486766172159067,0.0002752680720952,9.402138926512605e-06,0.0011558617094571547,0.012764326205478058,0.001729214863038291,0.0013189904804326448,0.0014811405996537283,0.0008962242921646724,0.017488558773641628,3.3697262370974616e-06,0.0004793973356182441,0.0016716443790235496,9.970403278883882e-05,0.0003199034136166687,8.820488031227053e-05,0.8325704409930146,1.3496955958003506e-06,0.02539114105136861,0.08912537392396443,0.0021258438750622432,0.00017859377893739015,0.003195400701345317
68,0.00010208416665942977,0.005739290153893359,0.0026362779375547697,0.00021380394195183328,7.201516623428539e-06,0.0006590075044145162,0.015072654264310386,0.001667751701010894,0.0014275102176604642,0.0012597810252693977,0.0006645430488739772,0.019701151964103807,2.210901405213545e-06,0.00030717508125442335,0.0014581781992147244,7.469886535447506e-05,0.00018024566942684376,7.61900506702252e-05,0.8442442563541719,8.189357215610673e-07,0.02086862556434737,0.07959290464944954,0.001329872035584129,0.0001437924572651631,0.0025699737938078494
69,9.645663697128052e-05,0.005673763142601834,0.0020673047961909,0.00017009176947255152,8.511950572296075e-06,0.0006526541321024683,0.014287575731048663,0.0015529675023869163,0.00139938789241827,0.0011029025069871907,0.0006634824542776733,0.016963407881447835,2.1655569991186846e-06,0.00030944402574997293,0.0018165348385539909,7.626066484895407e-05,0.00019942588778657636,7.159941882610416e-05,0.8508690568686387,8.132809197173209e-07,0.017226838200779734,0.08077689468014919,0.001136942461767953,0.00011691428248548303,0.0027586034360165368
70,0.00025616457139725175,0.008164113964918113,0.006059010346919405,0.0004244520312137901,1.7221638499822777e-05,0.000904897117149503,0.037989560269538404,0.00549330650244752,0.0024099475360290106,0.0022705287674195784,0.0009438410476847991,0.03984059823702143,5.2471027233376756e-06,0.0008694365828353647,0.0041108819166126515,0.00020523452269155537,0.00040535842936194414,0.00020514417467149104,0.7265418940113282,2.0343243765458188e-06,0.021366015929461957,0.13189265392749452,0.0013699060256381612,0.00010603002570799602,0.008146520996857677
71,0.0001101440481131159,0.016457421358777764,0.001616591494448653,0.0002267935362740987,3.5231784334989015e-05,0.0005325483095889538,0.027829724586744955,0.0015800995303320905,0.001625135165223899,0.002523424034981422,0.0005501909610082477,0.02662460521433541,5.2532422940214065e-06,0.0005924381245169944,0.001948715880743573,0.00013552940070032593,0.00031334655913102896,4.4984023383878264e-05,0.824003181421045,4.355245790648384e-06,0.02405789997388595,0.06071882148571816,0.00340804198108318,0.0001516960673880238,0.004903826570155442
72,8.8453624357407e-05,0.004376529511835705,0.0025028664617965392,0.00018015055868803704,6.924258909632011e-06,0.0006875570579001813,0.014877982004301103,0.0019320897127644413,0.0015220413040533498,0.0009997336384232416,0.0007066671488534326,0.017905103285306444,2.1555447467933042e-06,0.0002554249574331469,0.0017728776251968693,9.027068557511588e-05,0.0001509466566083357,7.25218056815071e-05,0.8558199342936965,6.980032922379212e-07,0.018437695691277022,0.07450727458363635,0.0008944311351109832,0.00013013994841253612,0.0020795305021429544
