,0,1,2,3,4,5,6,7,8,9,10,11,12,13,14,15,16,17,18,19,20,21,22,23,24
0,3.967671719737176e-07,4.655601374373811e-05,4.0387225244412795e-06,2.3999317353368034e-10,8.734990376665933e-08,9.22976545384829e-05,1.7583077233975865e-05,8.956091414942858e-05,6.262226988754138e-08,1.4355073966062868e-07,1.1375544073899958e-07,4.950958185156913e-06,2.074232217463887e-06,1.1798066596194742e-07,0.00017280677365281698,2.2310390381105967e-07,3.6301684459064965e-06,1.7155062214809948e-10,0.9083673382676911,1.516565963960748e-07,2.5969976080499705e-05,0.09117168974056375,1.3367576925427026e-07,6.639481387481319e-12,7.262032866048832e-08
1,7.355266988445202e-07,6.761897696461705e-05,5.369501782679993e-06,4.18568126131723e-10,1.6400682777158952e-07,6.447028801752882e-05,2.3933054669857948e-05,0.00013558614621140256,1.7371001530563573e-07,2.2225515040554155e-07,1.4591001144108246e-07,4.406394147732493e-06,2.589437460261252e-06,1.3646488597253984e-07,0.00018628223733561168,3.172423982581652e-07,5.101507087056437e-06,2.223546517773581e-10,0.8991888417751622,1.1881899816716453e-07,1.9722463719768437e-05,0.10029382157919674,1.3429613742087637e-07,1.0717062607450009e-11,1.0775548093991979e-07
2,6.720426743546379e-07,6.0124139216154496e-05,5.29347937893656e-06,4.215991340554523e-10,1.833933736463124e-07,6.723487309710026e-05,2.4650786099327813e-05,0.0001251131195250698,1.832664891522454e-07,2.3700115324911098e-07,1.676057341177229e-07,4.209320238118753e-06,1.950614678839491e-06,2.1562211837828534e-07,0.0002793432429506916,2.1674441465268467e-07,4.7345586047255215e-06,2.438105970164211e-10,0.8250778352555233,1.8751435884630476e-07,2.616382026233789e-05,0.17432087987983158,2.1967360932449006e-07,1.4305553978392584e-11,1.8336695278091532e-07
3,6.578691732436613e-07,7.298409163456715e-05,6.12613572421017e-06,4.2956779095461066e-10,1.5435979291268205e-07,7.311186539186641e-05,2.4590931262638642e-05,0.00012137130231987767,1.194740545515154e-07,1.8657896191889767e-07,1.8473747766765244e-07,6.212983081730443e-06,2.6320394383941694e-06,1.9761832854409425e-07,0.0002458219283807621,2.343178031140448e-07,5.889151547974572e-06,2.7323462349471515e-10,0.8576017775540173,1.3198656303369037e-07,2.930343522359167e-05,0.14180800338287022,1.7179272205549763e-07,1.0619234838115608e-11,1.3575080830391534e-07
4,6.365716320872127e-07,8.159874880271123e-05,6.130645155448724e-06,4.751062273267785e-10,1.6714980300742852e-07,7.551599062946859e-05,2.5100623313300148e-05,0.00011867398158914315,1.189205469031031e-07,1.8447886730433758e-07,2.2027640908533572e-07,8.164950527079122e-06,3.5847815105639812e-06,2.3336855377613242e-07,0.0002158927845615198,2.550293329076224e-07,6.760814703496529e-06,3.198727026832724e-10,0.857655763467089,1.3529686184274227e-07,3.0121371522295216e-05,0.14177042946781399,1.7673126246542895e-07,1.0354158098324293e-11,1.3374417933272304e-07
5,9.99012028875163e-07,7.14010344033211e-05,7.474536648900279e-06,6.586196474504487e-10,1.6902575485472846e-07,7.759004830302775e-05,2.955774638500611e-05,0.0001591763032020127,1.5659781965586191e-07,2.5523160406919654e-07,2.2061227289115145e-07,8.068474611365494e-06,3.097118008390041e-06,2.6581223905889795e-07,0.00024457523848207775,2.883034724433775e-07,8.730056848545852e-06,5.334260586134043e-10,0.8266479752717657,1.975184128390151e-07,3.473447128877737e-05,0.1727046312291831,2.3503869594353387e-07,1.7057482417640322e-11,2.001094660349445e-07
6,6.578691732436613e-07,7.298409163456715e-05,6.12613572421017e-06,4.2956779095461066e-10,1.5435979291268205e-07,7.311186539186641e-05,2.4590931262638642e-05,0.00012137130231987767,1.194740545515154e-07,1.8657896191889767e-07,1.8473747766765244e-07,6.212983081730443e-06,2.6320394383941694e-06,1.9761832854409425e-07,0.0002458219283807621,2.343178031140448e-07,5.889151547974572e-06,2.7323462349471515e-10,0.8576017775540173,1.3198656303369037e-07,2.930343522359167e-05,0.14180800338287022,1.7179272205549763e-07,1.0619234838115608e-11,1.3575080830391534e-07
7,5.880610047517641e-07,6.725107530619692e-05,7.3393026965959535e-06,3.2577495510604605e-10,1.263846787408839e-07,4.7207076303780105e-05,2.0204152631623535e-05,0.00012201302628193797,6.048742110998409e-08,1.2990138402826097e-07,1.4719071912498707e-07,5.717111927168002e-06,3.5574048893329304e-06,1.0069104094564505e-07,0.00014090063759342764,1.7896228226291445e-07,3.753474589816881e-06,2.0497868335651024e-10,0.9127635473069836,8.334950794019843e-08,2.3669702542961933e-05,0.0867933012961186,6.585704578470074e-08,5.970246707058428e-12,5.7010326408665005e-08
8,1.1131274368560305e-06,9.553422779603624e-05,1.0131153256030513e-05,1.09645748519685e-09,3.188397801749976e-07,0.00010059033612214582,3.8214675168318156e-05,0.00012671575760752628,4.4422691614792185e-07,5.693287928504753e-07,3.924803580530058e-07,4.397279605638942e-06,1.8814840892725749e-06,5.519827027710052e-07,0.0007652862576161569,2.818273112596715e-07,8.54472008336119e-06,4.017338914658808e-10,0.6597073654025514,2.2759235817923476e-07,4.297458791941756e-05,0.33909359775770287,3.8381703698131266e-07,7.158052617922648e-11,4.815680168112801e-07
9,8.014997492268839e-07,5.9398426060856466e-05,1.1383941916146108e-05,9.60321565821657e-10,2.0837948580935242e-07,9.349907848902987e-05,2.3283331188138282e-05,0.00015108750466625502,2.109843501457791e-07,4.219266844234229e-07,2.800459083926909e-07,4.7940022341398795e-06,2.5413108292420167e-06,3.604498180526903e-07,0.00038837497952838606,3.0105593965933924e-07,8.2858408147966e-06,3.309427407481385e-10,0.7675733437736929,2.437810217977542e-07,4.1124067685499595e-05,0.23163961287802806,2.66240397839659e-07,3.76985424618003e-11,1.7517254822308559e-07
10,6.578691732436613e-07,7.298409163456715e-05,6.12613572421017e-06,4.2956779095461066e-10,1.5435979291268205e-07,7.311186539186641e-05,2.4590931262638642e-05,0.00012137130231987767,1.194740545515154e-07,1.8657896191889767e-07,1.8473747766765244e-07,6.212983081730443e-06,2.6320394383941694e-06,1.9761832854409425e-07,0.0002458219283807621,2.343178031140448e-07,5.889151547974572e-06,2.7323462349471515e-10,0.8576017775540173,1.3198656303369037e-07,2.930343522359167e-05,0.14180800338287022,1.7179272205549763e-07,1.0619234838115608e-11,1.3575080830391534e-07
11,6.144734956590941e-07,7.279043160883582e-05,5.9433052418889765e-06,4.3329243512908154e-10,1.4971927362608507e-07,7.298131714460121e-05,2.4685321710790133e-05,0.0001269861105844213,1.1288408418074538e-07,1.7729159875558708e-07,1.7872312003182352e-07,6.75706523026346e-06,3.0382857254960343e-06,1.9134722735465386e-07,0.0002174605086091281,2.463337446029709e-07,6.105539462658915e-06,2.744097744622226e-10,0.8652780087442192,1.310619933234907e-07,2.802941825887002e-05,0.13415512744244293,1.6173933947814896e-07,9.442001952779565e-12,1.2221873975114794e-07
12,1.065910558653197e-06,0.0002288296629875889,1.0388487585356696e-05,8.162726860004811e-10,8.321321133412291e-07,0.00019453077401192256,3.3886035306540034e-05,6.873721666328691e-05,2.2371769916616673e-07,1.8481998524875559e-07,4.7646704959611836e-07,1.920458892257456e-05,4.1653097868847576e-06,8.790114593669087e-07,0.0003884537977537742,3.1538909781230446e-07,8.024425889668151e-06,9.516049405751653e-10,0.8798021504554175,2.772452043112038e-07,4.88324973541916e-05,0.11918734138277837,6.024797668759164e-07,1.9144829525501808e-11,5.96405585344096e-07
13,5.524221392282687e-07,9.037992637574826e-05,6.968324905457324e-06,7.478061530901361e-10,2.899972473642525e-07,6.534688760231281e-05,2.188147251396753e-05,8.477753479852399e-05,7.949167506444804e-08,1.3334964561268481e-07,8.217479975800318e-07,1.1851141137023815e-05,5.301908434593351e-06,3.247743385231986e-07,0.00040825352860591633,2.892480162787937e-07,5.85103795776552e-06,2.746339895073214e-10,0.8841988015774024,9.113327005620054e-08,5.6537816705494944e-05,0.11504111780763018,2.5595908188912564e-07,1.4140381614282262e-11,9.187593837655708e-08
14,1.1799676292722249e-07,9.883171958538465e-05,9.229132506405772e-07,2.2462656090957695e-11,6.928362891325901e-08,3.971571455892654e-05,4.146377114558373e-06,9.493598065734371e-06,5.645721865249116e-09,1.2738614494644578e-08,7.8811533324988e-08,9.906096546503724e-06,2.101961991164231e-06,3.782434066060784e-08,2.8197121384027058e-05,5.840940497087083e-08,6.440235375429387e-07,4.2361229856430205e-11,0.987519036814611,1.2646622969765857e-08,1.0948636935043247e-05,0.012275633548329792,1.6756348383811748e-08,2.7022608436227933e-13,1.1296017256438417e-08
15,6.578691732436613e-07,7.298409163456715e-05,6.12613572421017e-06,4.2956779095461066e-10,1.5435979291268205e-07,7.311186539186641e-05,2.4590931262638642e-05,0.00012137130231987767,1.194740545515154e-07,1.8657896191889767e-07,1.8473747766765244e-07,6.212983081730443e-06,2.6320394383941694e-06,1.9761832854409425e-07,0.0002458219283807621,2.343178031140448e-07,5.889151547974572e-06,2.7323462349471515e-10,0.8576017775540173,1.3198656303369037e-07,2.930343522359167e-05,0.14180800338287022,1.7179272205549763e-07,1.0619234838115608e-11,1.3575080830391534e-07
16,8.705125343851038e-07,7.513715081832561e-05,5.935227626744725e-06,4.883240073819855e-10,1.2430156946341715e-07,6.846532417773488e-05,2.6953974889519285e-05,0.00011008263559923855,9.126142694603184e-08,2.6492320342690004e-07,2.3622982208111882e-07,1.1675308125009823e-05,2.4186741919659355e-06,3.141875966666914e-07,0.00023835373838472648,2.048121040547499e-07,8.608772537381091e-06,6.382086093696017e-10,0.7711832358084425,1.7290908705461594e-07,6.137128607959243e-05,0.22820503030753875,2.1614789688995637e-07,1.2627908357273443e-11,2.3536718714947732e-07
17,7.59229496739758e-07,7.455344800735394e-05,4.419802839230409e-06,3.2425982950066533e-10,1.1573185014583493e-07,4.435188543405746e-05,1.9191540403788707e-05,0.00012481438127030504,7.937139281895421e-08,1.1787734829812892e-07,1.6600150813701197e-07,1.466996603010178e-05,3.7588636512846396e-06,2.366846619639763e-07,0.00010784484014622376,1.613221890892901e-07,8.441752200001128e-06,5.765089314608854e-10,0.8293238539775756,1.389842754940019e-07,3.1553857126309714e-05,0.17024040217444686,1.9455926211854646e-07,5.594210589925698e-12,1.7284252112721674e-07
18,9.447921130076468e-07,9.0761479933496e-05,3.3479818174950725e-06,3.3363841975069344e-10,8.983874946801347e-08,7.19802768599075e-05,2.8392936112105694e-05,0.00010780201591812349,1.7693992400095173e-07,2.6263361198955734e-07,1.7342570541517457e-07,1.2452646500174203e-05,2.6474861444598137e-06,3.6497812755610986e-07,0.0001686579226359733,2.1346971911182156e-07,1.4445328531860587e-05,7.308300513050781e-10,0.7001582247676965,1.809104934684811e-07,3.066591524009254e-05,0.2993074967953026,2.8669685530896736e-07,1.1865433289118409e-11,4.2968567385373674e-07
19,5.623763489238643e-07,7.430127714415896e-05,7.1397294725094604e-06,4.663324053123693e-10,1.8255731795265512e-07,5.733433861347926e-05,2.4164169914067345e-05,0.00014540924154543685,9.549681072591536e-08,1.4245940761705669e-07,1.7317124815481675e-07,7.919390869876743e-06,3.6801593513403996e-06,1.7694759494003165e-07,0.0001880326139758528,2.21080032576976e-07,5.332070660628115e-06,2.759367862081798e-10,0.8703811241085775,1.1572087079376705e-07,2.581632645983479e-05,0.12907786750232908,1.1655851658395015e-07,7.298846769094375e-12,9.195336990688229e-08
20,3.951211115171504e-07,5.207716349531019e-05,5.623560322832597e-06,4.702494642334828e-10,1.2274542585966648e-07,7.015440415245107e-05,2.7997989987120032e-05,0.00013606304754646176,8.813420052688988e-08,1.7925788582209369e-07,2.1927530423950497e-07,4.12241123566747e-06,1.883039335462678e-06,1.718434635678329e-07,0.0005215649370449082,1.9784229107746876e-07,4.518429108648928e-06,1.3827899376457653e-10,0.7960589945297996,1.1591046170917925e-07,4.400291021118768e-05,0.2030712153138839,1.8946566262776984e-07,1.1798640950751984e-11,1.0204774253027037e-07
21,8.688150184366481e-07,9.058305075431343e-05,6.154458258713013e-06,4.0261436908200963e-10,1.8964996280624765e-07,5.6071152978208164e-05,1.510278687569884e-05,9.002154517037218e-05,8.859489952832036e-08,1.8025009671961147e-07,2.4575687713998305e-07,9.667600923540875e-06,2.794756467535213e-06,2.2348042386662785e-07,0.000168916321312663,1.9298845756849545e-07,5.392056131311765e-06,3.832869920464942e-10,0.8814291781571063,1.1504317685651169e-07,3.958440612611428e-05,0.11808414458609505,1.5543738033608533e-07,9.842843439248589e-12,1.2830976266352066e-07
22,8.164147347091599e-07,5.787286676070321e-05,8.736861867513676e-06,6.64885125365622e-10,1.244856938387984e-07,7.376323376304627e-05,2.1554435221670752e-05,0.00014766790716819926,9.438989776153181e-08,2.6391456992944045e-07,2.512922800074841e-07,7.949485340258449e-06,2.9083722130102015e-06,2.3509958269581e-07,0.00025341084199935736,2.6884436984269565e-07,9.747493946072998e-06,4.154157361791618e-10,0.81110198327139,1.5601570309853245e-07,4.591743806359946e-05,0.18826597809514922,1.7871909950796906e-07,1.5340879971896457e-11,1.1942554397806758e-07
23,6.578691732436613e-07,7.298409163456715e-05,6.12613572421017e-06,4.2956779095461066e-10,1.5435979291268205e-07,7.311186539186641e-05,2.4590931262638642e-05,0.00012137130231987767,1.194740545515154e-07,1.8657896191889767e-07,1.8473747766765244e-07,6.212983081730443e-06,2.6320394383941694e-06,1.9761832854409425e-07,0.0002458219283807621,2.343178031140448e-07,5.889151547974572e-06,2.7323462349471515e-10,0.8576017775540173,1.3198656303369037e-07,2.930343522359167e-05,0.14180800338287022,1.7179272205549763e-07,1.0619234838115608e-11,1.3575080830391534e-07
24,6.654160884915615e-07,5.6303819564445205e-05,4.715468416230835e-06,2.1626008766183312e-10,4.993362436172274e-08,8.919363590673153e-05,2.663699704463272e-05,0.00010349088161959513,1.0157158172302445e-07,2.567445815975198e-07,1.080545705838462e-07,2.717950958455172e-06,9.557665540414388e-07,8.077384072604685e-08,0.0003704349999858072,1.5509103384598118e-07,5.45991117234742e-06,1.3290927588373266e-10,0.8059049305014273,9.848439206012132e-08,3.8414509198508894e-05,0.19339499061285984,1.1139440025437724e-07,1.1534205045438466e-11,1.2712047495908817e-07
25,6.99736560382041e-07,4.156134959629278e-05,6.217926062777304e-06,5.707064366770368e-10,1.2680862235211598e-07,3.581244010080523e-05,2.5037035289845046e-05,0.0001953830593898405,7.19121291704383e-08,1.4651744617943024e-07,2.1525958947580369e-07,5.73555045014504e-06,3.3774211481014272e-06,1.2592208861495437e-07,0.00020538796541939584,2.4087195105527456e-07,4.975142148030187e-06,2.819817370878854e-10,0.8840268596497739,1.0747677864889782e-07,3.138672941732594e-05,0.11541632737943748,1.3369917811565597e-07,8.45560222123904e-12,6.928627852780914e-08
26,1.3430933140604648e-06,0.00010279317258890736,8.14942090994707e-06,9.592161068129585e-10,2.75277770882299e-07,0.0001261803508099305,3.666449368543948e-05,0.00019603037200229605,4.2198277358275557e-07,3.2771435808711246e-07,2.5579538549269687e-07,6.718014377528529e-06,3.532588034336013e-06,2.9129523070448755e-07,0.00033935901459887714,4.963523240432875e-07,1.1084273810451464e-05,4.7069763508655e-10,0.8552099269862903,2.5218453731527865e-07,3.2654748582009825e-05,0.14392251868516773,4.3845429305086493e-07,3.338535618822908e-11,2.8426585612024955e-07
27,5.866946048811565e-07,7.229740008299164e-05,4.965159523567607e-06,4.4667260245878105e-10,1.568329235147615e-07,8.387339902162886e-05,3.248974389442509e-05,0.00012043594656970911,2.163789697004977e-07,2.8072014096976227e-07,1.9832815677865982e-07,4.7748024467560804e-06,2.1231694177717167e-06,2.5864871373419433e-07,0.0003848049060795343,2.5755223067068743e-07,6.545216679433693e-06,2.333181816696151e-10,0.7679669929308744,1.71302255676615e-07,2.746371253385327e-05,0.23129065960541778,2.335041799511683e-07,1.728819822371291e-11,2.1334800321034377e-07
28,6.578691732436613e-07,7.298409163456715e-05,6.12613572421017e-06,4.2956779095461066e-10,1.5435979291268205e-07,7.311186539186641e-05,2.4590931262638642e-05,0.00012137130231987767,1.194740545515154e-07,1.8657896191889767e-07,1.8473747766765244e-07,6.212983081730443e-06,2.6320394383941694e-06,1.9761832854409425e-07,0.0002458219283807621,2.343178031140448e-07,5.889151547974572e-06,2.7323462349471515e-10,0.8576017775540173,1.3198656303369037e-07,2.930343522359167e-05,0.14180800338287022,1.7179272205549763e-07,1.0619234838115608e-11,1.3575080830391534e-07
29,6.578691732436613e-07,7.298409163456715e-05,6.12613572421017e-06,4.2956779095461066e-10,1.5435979291268205e-07,7.311186539186641e-05,2.4590931262638642e-05,0.00012137130231987767,1.194740545515154e-07,1.8657896191889767e-07,1.8473747766765244e-07,6.212983081730443e-06,2.6320394383941694e-06,1.9761832854409425e-07,0.0002458219283807621,2.343178031140448e-07,5.889151547974572e-06,2.7323462349471515e-10,0.8576017775540173,1.3198656303369037e-07,2.930343522359167e-05,0.14180800338287022,1.7179272205549763e-07,1.0619234838115608e-11,1.3575080830391534e-07
30,6.578691732436613e-07,7.298409163456715e-05,6.12613572421017e-06,4.2956779095461066e-10,1.5435979291268205e-07,7.311186539186641e-05,2.4590931262638642e-05,0.00012137130231987767,1.194740545515154e-07,1.8657896191889767e-07,1.8473747766765244e-07,6.212983081730443e-06,2.6320394383941694e-06,1.9761832854409425e-07,0.0002458219283807621,2.343178031140448e-07,5.889151547974572e-06,2.7323462349471515e-10,0.8576017775540173,1.3198656303369037e-07,2.930343522359167e-05,0.14180800338287022,1.7179272205549763e-07,1.0619234838115608e-11,1.3575080830391534e-07
31,5.482550882597202e-07,9.349646938800466e-05,6.071462977785993e-06,5.799220781239529e-10,1.939133160538107e-07,0.00012652020984373625,3.2837481857977406e-05,0.00010565943635728083,1.7589110247810893e-07,2.489013153585968e-07,2.9477608085253693e-07,6.629833305356556e-06,2.743112813358667e-06,3.226095456235254e-07,0.00046261095431240234,3.133589877201329e-07,7.636878904326203e-06,2.458959342775019e-10,0.809742133942453,1.4851615320003652e-07,3.666916831113169e-05,0.1893743066940279,2.61477106437673e-07,1.6605804785413448e-11,1.7581432798052612e-07
32,5.504850759203204e-07,6.432455333154446e-05,5.260700384000158e-06,3.446592757468583e-10,1.3814810550138737e-07,6.577530699208545e-05,2.1434343065002118e-05,0.00010896106604601758,9.68114123402397e-08,1.5852649562579352e-07,1.5884993942549156e-07,5.7796845158252e-06,2.4018109618499606e-06,1.6862594873611442e-07,0.00021227235716426635,2.101723129501585e-07,4.885112588461056e-06,2.2700485510432183e-10,0.870971094377384,1.2089544700670538e-07,2.6564305156312523e-05,0.12850938075180404,1.487678542609763e-07,8.249770629948968e-12,1.1376810106117087e-07
33,5.667245822627589e-07,6.856177686394799e-05,4.897932014873753e-06,3.687604993918467e-10,1.1470382183410196e-07,6.462011324385192e-05,2.5158233595273714e-05,0.00013314917873541283,1.1043967106292864e-07,1.7260697204032839e-07,1.513334476629568e-07,7.88185931326748e-06,3.5152270046519845e-06,1.8911704997142223e-07,0.0001591569939488953,2.488090082882824e-07,7.511225580941751e-06,2.9876402730032497e-10,0.8427255522564644,1.234632203947971e-07,2.2107284667493547e-05,0.15677596519967585,1.324727473725862e-07,7.171581150800208e-12,1.1237367419511022e-07
34,6.790497155415817e-07,8.796711471957127e-05,8.287618986147054e-06,7.253320861757457e-10,1.6881728131378816e-07,0.00012974263643699666,3.575221432053665e-05,0.000164140543429432,1.441220787393478e-07,2.313175052192164e-07,2.3585241885975482e-07,8.65680733959123e-06,3.426248963930102e-06,2.901691581498264e-07,0.00036661411883605604,3.3190405233331115e-07,1.0557035679408506e-05,3.803508745277844e-10,0.80975345856968,1.75825246517205e-07,4.0272868398693195e-05,0.18938845813512928,2.4373335876531563e-07,1.3861163118226922e-11,1.6417772095042435e-07
35,4.297183139679924e-06,6.343544533703643e-05,3.4759916419817445e-06,2.3315987836455033e-10,4.656990147658739e-08,1.138671662564096e-05,1.9835967425291266e-05,0.0003681963700303116,1.579027561415102e-07,2.1353214395885575e-07,4.656708994185331e-08,1.041359798942384e-05,3.660572763000169e-06,4.319621908904617e-08,1.9838120776225195e-05,2.0985935321211972e-07,1.1320612058364621e-05,1.2487720978211174e-09,0.900789777452117,7.195009393547756e-08,1.0645736523686841e-05,0.09868277682727561,3.50311033482483e-08,4.203741870436494e-12,1.1331150000333042e-07
36,7.983183810819519e-07,8.723405783775111e-05,1.0186333474830874e-05,4.559346447076011e-10,2.968255717352196e-07,7.159308788309795e-05,1.7258421512833365e-05,6.881720084406816e-05,8.447246285370877e-08,1.8899661359550078e-07,2.8753270125756005e-07,4.2626586431771644e-06,1.7720312464482875e-06,1.9177399577413416e-07,0.00034000056731955166,1.504507125342948e-07,2.457775867180769e-06,2.2560412201317853e-10,0.9136765188689453,1.1627852316956157e-07,4.8992736542091214e-05,0.08566849904958096,1.5879933129391638e-07,1.623867812431826e-11,1.3306423194918112e-07
37,1.3484698314126014e-06,6.666548804733518e-05,9.965525571051618e-06,7.324589887913074e-10,1.798970689554099e-07,6.0209065321806435e-05,2.467622716834932e-05,0.00013601028378399307,1.2268309378640975e-07,2.705361232525092e-07,2.80865436805105e-07,7.706519891428956e-06,2.9886626610269312e-06,2.4145390651920135e-07,0.00023541585172726572,2.706141006799981e-07,7.555392380944334e-06,5.978694212754986e-10,0.8566171836523222,1.6160198836741097e-07,3.753894163996988e-05,0.14279086282352724,1.7618512040115552e-07,2.4079031450044423e-11,1.679048799300216e-07
38,3.140828418702036e-07,4.2913530732405026e-05,3.6151933033936082e-06,2.591473000984241e-10,7.113459338386093e-08,9.875071317594742e-05,2.3089101875707372e-05,0.00010543126799156964,4.412160438419309e-08,9.313784209671837e-08,1.254526620330695e-07,4.726548326912804e-06,2.4145553469284076e-06,8.946125906353078e-08,0.00021980775040155522,2.816732718026134e-07,4.192624123350675e-06,1.2538677734552783e-10,0.9240764018739293,9.331911748162691e-08,2.559001567188547e-05,0.07539176603319717,1.375152002214172e-07,4.367442051738123e-12,5.050463000225752e-08
39,9.137249353704227e-07,0.00014813171843027599,9.191661907731776e-06,4.615475816278035e-10,3.551647994189429e-07,6.822696954476781e-05,2.0403737047730548e-05,6.91659677539924e-05,2.202910729147699e-07,2.95861173169579e-07,3.461363838204781e-07,7.722017238146586e-06,3.0879096192392813e-06,3.8990961895605447e-07,0.00025986647496650117,2.0353075387362862e-07,4.97390913402994e-06,3.440941123547271e-10,0.8456064440543785,1.244351648133279e-07,2.5767439571853766e-05,0.1537738707556338,1.2404590823295826e-07,2.0952427368232728e-11,1.7345836872576044e-07
40,1.9944364228611366e-06,6.685061549094463e-05,3.7681757440741292e-06,1.8701886759942162e-09,1.0383743439102909e-07,9.73577427501098e-05,9.048374739819468e-05,0.0006071058705732382,6.735105390928273e-07,5.216084351983293e-07,3.121951790840512e-07,6.47806765543366e-06,6.455475728188244e-06,2.3573465514780095e-07,0.00030496649684771374,1.0176969193978289e-06,3.153982238867822e-05,7.463745906811464e-10,0.8033662327794403,2.298024309025336e-07,3.903803556402402e-05,0.19537356633876712,7.639488656308747e-07,3.079859675473116e-11,3.0141340830750464e-07
41,1.1683245315967966e-06,0.0003932842447099405,1.649585150590691e-05,1.850350056898946e-09,9.948272637616513e-07,0.0002765436331624445,5.1553169242303913e-05,0.00023550582251103585,1.1530642699151436e-06,4.412381092616843e-07,3.3358273403186926e-07,7.763392280649919e-06,7.586522057456083e-06,4.509565054991611e-07,0.00043297900929368496,7.016494037399334e-07,1.3272618490339768e-05,3.028619041588451e-10,0.8803199139003655,1.6740345647172858e-07,2.768742279897431e-05,0.1182114867449859,2.7976680800711956e-07,2.921595953399587e-11,2.3467308595249217e-07
42,3.116295318962011e-06,0.00034226598096965405,1.3954227312266848e-05,2.810353688952568e-09,9.834766950251137e-07,0.0004098991404684631,9.529629196040876e-05,0.00013406276236217594,9.051634790673771e-07,5.499956456956889e-07,1.1907808356148186e-06,1.7987307042846947e-05,7.6139063263837605e-06,1.4701344352003379e-06,0.000860758792151894,1.0105565288259249e-06,2.3453418114409795e-05,2.156463204941687e-09,0.8576958666648992,3.8165349208784075e-07,5.874228859814849e-05,0.14032767654916564,1.480058458831712e-06,9.608186419866709e-11,1.329492840493634e-06
43,6.92155731860858e-07,8.832793850175229e-05,6.165424699259746e-06,4.2601122415369966e-10,1.7032870886439746e-07,6.888903104071767e-05,2.5644716255466308e-05,0.00011481105449762711,9.605057103871307e-08,1.208543478670947e-07,2.114860964388356e-07,9.17549144557237e-06,3.363171488147452e-06,1.9671838258971472e-07,0.00022649558406226096,2.2703151793526523e-07,6.2289379928287815e-06,3.2363895677067893e-10,0.8839737189381666,1.0174587797653852e-07,2.8742289955539885e-05,0.1154463204581458,1.6711503501321739e-07,8.16629183491072e-12,1.327196625128237e-07
44,6.578691732436613e-07,7.298409163456715e-05,6.12613572421017e-06,4.2956779095461066e-10,1.5435979291268205e-07,7.311186539186641e-05,2.4590931262638642e-05,0.00012137130231987767,1.194740545515154e-07,1.8657896191889767e-07,1.8473747766765244e-07,6.212983081730443e-06,2.6320394383941694e-06,1.9761832854409425e-07,0.0002458219283807621,2.343178031140448e-07,5.889151547974572e-06,2.7323462349471515e-10,0.8576017775540173,1.3198656303369037e-07,2.930343522359167e-05,0.14180800338287022,1.7179272205549763e-07,1.0619234838115608e-11,1.3575080830391534e-07
45,4.951304780048443e-07,5.327333834718923e-05,6.104915524239542e-06,4.94572913753653e-10,1.3145987714556657e-07,8.454322649747931e-05,3.175202657463202e-05,0.00016384392258311485,1.056391268638753e-07,1.7333283886966993e-07,1.6327508620831227e-07,4.213287751023495e-06,2.4710784870534058e-06,1.3733441109824143e-07,0.0003499273334133049,3.0023889753371024e-07,5.101832288689435e-06,1.7262816871972076e-10,0.8723693744845558,1.247232575847986e-07,2.7158176307667826e-05,0.12690036517789188,1.527035776299946e-07,1.0095359218385025e-11,8.668493075134796e-08
46,8.836822782208942e-07,7.044905304343706e-05,7.055261283725407e-06,1.0925686078265299e-09,6.945148170476016e-08,0.00018491488628011633,3.0343927495048687e-05,0.0002999379642587136,1.2287252665383965e-07,2.677973142185994e-07,2.2614102770167183e-07,1.71238309150776e-05,6.016983985543387e-06,2.0891645749122406e-07,0.000213943455604749,7.078800160527953e-07,3.505984521097124e-05,5.56852540104516e-10,0.811996932593812,1.862955950398876e-07,5.5337113883075105e-05,0.18707985199484892,2.6687448927807016e-07,1.475010416116956e-11,9.15140209413158e-08
47,6.838954434560636e-07,8.039312347332443e-05,8.47447505007139e-06,7.426541948645369e-10,2.428885323232213e-07,0.00010382589867998513,2.968879617978422e-05,0.00013571810499251154,1.5618284084952766e-07,2.1677462273258745e-07,2.852221086974068e-07,5.917228704032028e-06,3.132770973760929e-06,2.837004888319111e-07,0.0003854329314810113,3.1059066121914457e-07,6.5345121343344375e-06,2.874016469026068e-10,0.860941467064164,1.614731929810727e-07,3.710413906844494e-05,0.13825954203123367,2.730387783754726e-07,1.6835972385628692e-11,1.5411030364830235e-07
48,1.2991921796271492e-06,0.00012472240706618443,1.3643490765784563e-05,1.0062779107935143e-09,9.903075843591943e-07,5.568478200609395e-05,2.569230717056959e-05,5.7501451112809546e-05,3.454693107991896e-07,5.343794929644714e-07,7.700052912332359e-07,7.481473509629459e-06,1.6594603077787418e-06,1.1597438304815885e-06,0.0007116050734503765,1.5902368551538517e-07,4.1715576013016325e-06,7.607215687061167e-10,0.6372526039536034,2.7799205123639434e-07,6.906974864333489e-05,0.36166934068465634,4.4097395441951113e-07,7.540768045292261e-11,8.446803185222042e-07
49,4.398012451597691e-07,7.233128880304267e-05,7.869207704597647e-06,3.20540614396122e-10,1.210604435809689e-07,8.969024880391206e-05,1.752683561282351e-05,8.783707830891387e-05,6.575960672280483e-08,1.668995008239511e-07,1.500839306730188e-07,9.02892589890629e-06,2.5146748482831467e-06,2.106442764056026e-07,0.00019468057672575355,1.6500073471319356e-07,6.090790068094478e-06,2.6999867559339113e-10,0.8196932921509796,1.424817253909617e-07,3.29537386803752e-05,0.17978452106516737,1.0250622258628582e-07,7.739515279849438e-12,9.858243344729343e-08
50,6.596537868906974e-07,7.173061056747259e-05,5.958690424881141e-06,4.1959010424722227e-10,1.5164583052119666e-07,7.069989615890458e-05,2.480538731216914e-05,0.00012146896704741092,1.2046830677213524e-07,1.888223460525848e-07,1.8068307781543144e-07,6.01225074481796e-06,2.578973477359847e-06,1.934820341947451e-07,0.00024269946291596525,2.309185200759859e-07,5.772455791574367e-06,2.7002546395448187e-10,0.8561837610140458,1.3058308333670336e-07,2.858894240690609e-05,0.14323376194288778,1.676970325442881e-07,1.0498466716963868e-11,1.3675208665862143e-07
51,8.656799811478618e-07,0.00016154466195726131,1.2505031504382404e-05,1.0686946991118645e-09,2.972458965317319e-07,8.497387327728424e-05,3.440488163446875e-05,0.000234653617450674,2.9123298338013485e-07,3.215880781567083e-07,2.74127725635675e-07,8.148576548731306e-06,5.126859538939122e-06,2.7256194151286876e-07,0.00031552100295511253,2.8579558200376807e-07,9.89095410863977e-06,2.7805569586849484e-10,0.7903624250706242,1.0963749494252925e-07,3.6539766010234996e-05,0.20873131641202589,1.193122970789043e-07,1.7035054324287346e-11,1.1074659830539469e-07
52,1.4603963751809852e-06,4.3965159322691165e-05,1.3980194067046204e-05,1.4195650249141008e-09,2.1693502909383736e-07,0.00010092898941860214,3.357108882298024e-05,0.00018053344233092848,2.1550823954229608e-07,7.065313012885597e-07,4.230155806131422e-07,6.336549642686368e-06,4.3994830916844845e-06,3.942310649291948e-07,0.00029361386382531686,6.575729842950549e-07,1.0827620360251079e-05,9.466317486315904e-10,0.8180725589246461,4.23687277406722e-07,3.329561876806878e-05,0.181201076917662,2.466956192028179e-07,5.86029559549119e-11,1.651497701623515e-07
53,6.38105249775267e-07,6.707156074847085e-05,3.838770141389615e-06,9.340520097942413e-10,1.806965315482191e-07,0.00012775583212410997,0.00011685153783286117,0.0002649732218897738,3.7885884302415614e-07,2.6563164911339757e-07,2.83071566869878e-07,4.45647683177402e-06,3.5953720000574127e-06,2.94609105604699e-07,0.0008012731327498565,5.856043007350355e-07,9.33232664484978e-06,3.185083494146726e-10,0.7856432582857369,2.348774300512347e-07,2.7116131192031718e-05,0.21292668273863644,6.044859493233407e-07,2.1135323941155447e-11,3.2739914976884547e-07
54,7.903609616895574e-07,0.0001646967410256771,2.779120445986026e-06,2.0828195520162202e-10,1.2115140276745915e-07,7.446165562502926e-05,3.264805443383482e-05,9.49026561179662e-05,2.0281820739809624e-07,1.8467213368730766e-07,1.2015671713435e-07,9.886721804453735e-06,2.4847476154121062e-06,2.188133844303639e-07,0.00017577993863946686,2.1235966776565911e-07,8.047960844977599e-06,3.422212803642839e-10,0.8220340071939507,8.777197053554214e-08,1.8271550872397335e-05,0.17737967459234175,1.3825505556064322e-07,6.189586591189883e-12,2.821500885783552e-07
55,1.3875300549132248e-06,0.0001865450318001739,5.656841143083083e-06,4.0363594394138376e-10,2.478639328235854e-07,5.742318350330709e-05,2.9917967553776833e-05,0.00010899498818090835,1.9125926637932787e-07,1.4544610093518743e-07,2.3140038857317523e-07,2.0225689510218917e-05,4.49402911321047e-06,2.55308253363698e-07,0.00014791763046970413,2.275184643005767e-07,8.980258933817452e-06,7.868321774538245e-10,0.874521538394481,1.042229220196381e-07,2.5624927824582928e-05,0.12487945926659497,1.529362612850723e-07,9.01414189282341e-12,2.771057642368352e-07
56,6.427739187875733e-07,7.55240221455174e-05,6.125867342621565e-06,4.4101616329284105e-10,1.590077744156967e-07,7.217614750694604e-05,2.5425489721560387e-05,0.00012379623083674294,1.188444584627237e-07,1.835047894136713e-07,1.9088368605187714e-07,6.8817176465649925e-06,3.068412389667793e-06,2.0158449535519242e-07,0.00022674103658097802,2.4593788924616997e-07,6.030876342922455e-06,2.906511491120904e-10,0.8624652809694486,1.332824736358045e-07,2.8134791100766247e-05,0.1369586436425438,1.6331809384680885e-07,1.0188789444192764e-11,1.3091695812183456e-07
57,6.103745874226811e-06,0.00043647982914463764,2.6893457768050244e-05,1.713234944937141e-08,1.1744438474627164e-06,0.0009523598929738203,0.0005010115727407192,0.0005737660988380668,8.563443625772416e-06,3.642073873856232e-06,2.1972735817174067e-06,5.261060477426936e-06,8.73388945975437e-06,2.789473834107736e-06,0.005664443465086041,2.806169226366603e-06,6.502710920607456e-05,2.118746983427326e-09,0.5950458700738176,7.868540254621049e-07,8.703786308164664e-05,0.3965972515321105,4.280092777784778e-06,1.0328689917006937e-09,3.500300663569896e-06
58,6.85789921639746e-07,7.181057771840734e-05,6.807119250374066e-06,4.92231970443167e-10,1.6193212018724474e-07,7.820436540550243e-05,2.6049534128439002e-05,0.00012208496643276441,1.335016953642906e-07,2.221558641728108e-07,2.1371073627324454e-07,6.11666212446418e-06,2.704143216526944e-06,2.1762989639048858e-07,0.0002864325954786688,2.57148084613596e-07,6.152940747098498e-06,2.8688273212378975e-10,0.8434796660174823,1.4971776548691073e-07,3.129487574747079e-05,0.15588030771941666,1.8174181249234734e-07,1.478812406076638e-11,1.4436105181834985e-07
59,7.090296647070345e-07,7.279001871138072e-05,7.723014354131165e-06,5.566503307888808e-10,1.803071282611756e-07,8.278376606815293e-05,2.562637729912336e-05,0.00012240706110936008,1.4326894009008024e-07,2.487400647017877e-07,2.3266963062426327e-07,5.894754498204253e-06,2.5049660468327423e-06,2.3382701833474348e-07,0.00033021476727531664,2.6396341037713964e-07,6.246904122604199e-06,2.8805552546807954e-10,0.8350938785410529,1.5932442827601082e-07,3.512471601933252e-05,0.16421228633457327,1.9424541630599764e-07,1.8106357168717535e-11,1.5254035564370047e-07
60,6.578691732436613e-07,7.298409163456715e-05,6.12613572421017e-06,4.2956779095461066e-10,1.5435979291268205e-07,7.311186539186641e-05,2.4590931262638642e-05,0.00012137130231987767,1.194740545515154e-07,1.8657896191889767e-07,1.8473747766765244e-07,6.212983081730443e-06,2.6320394383941694e-06,1.9761832854409425e-07,0.0002458219283807621,2.343178031140448e-07,5.889151547974572e-06,2.7323462349471515e-10,0.8576017775540173,1.3198656303369037e-07,2.930343522359167e-05,0.14180800338287022,1.7179272205549763e-07,1.0619234838115608e-11,1.3575080830391534e-07
61,7.082874870239522e-07,6.95466185969663e-05,8.058412982782385e-06,5.407290767552654e-10,1.706351888971722e-07,7.987808846478972e-05,2.3916109106730123e-05,0.00012832348038548227,1.2589427821043592e-07,2.2949999952377448e-07,2.0985389068601002e-07,5.860786469270108e-06,2.510429840799955e-06,2.1221117149637833e-07,0.0002945042966149524,2.467167575052883e-07,6.0866164274124075e-06,2.845471610152886e-10,0.8448917983218496,1.5288402191943336e-07,3.481619846389135e-05,0.15445233450727394,1.7450985060992278e-07,1.5508886168275698e-11,1.3480009243350218e-07
62,6.578691732436613e-07,7.298409163456715e-05,6.12613572421017e-06,4.2956779095461066e-10,1.5435979291268205e-07,7.311186539186641e-05,2.4590931262638642e-05,0.00012137130231987767,1.194740545515154e-07,1.8657896191889767e-07,1.8473747766765244e-07,6.212983081730443e-06,2.6320394383941694e-06,1.9761832854409425e-07,0.0002458219283807621,2.343178031140448e-07,5.889151547974572e-06,2.7323462349471515e-10,0.8576017775540173,1.3198656303369037e-07,2.930343522359167e-05,0.14180800338287022,1.7179272205549763e-07,1.0619234838115608e-11,1.3575080830391534e-07
63,6.619344623336741e-07,7.889925563411546e-05,5.972278243525493e-06,4.0807317507871554e-10,1.564409750025309e-07,7.20316266388786e-05,2.461032402926826e-05,0.0001179945177811486,1.224006908607766e-07,1.8443147167970792e-07,1.8257300565002896e-07,6.377986653219175e-06,2.6453092867335978e-06,1.9501504325732464e-07,0.0002412074888344235,2.2703192538020523e-07,5.7992302097233756e-06,2.6807973616951756e-10,0.8580719302946751,1.251312849228448e-07,2.8807393235109355e-05,0.14134156808488954,1.6305955334737528e-07,1.0227403924206026e-11,1.375050964387998e-07
64,6.185154564646015e-07,7.07778374582017e-05,6.6342207053151115e-06,4.325453945399553e-10,1.5423812361258302e-07,6.993823918636179e-05,2.181526208553279e-05,0.00011810360787281838,9.743329596136219e-08,1.752669241859143e-07,1.929500357311496e-07,5.844679265791068e-06,2.3536630519134707e-06,1.7361048528892904e-07,0.0002639493642563808,1.985590320305167e-07,4.966149726947708e-06,2.3336416233732417e-10,0.8649329912705686,1.2508140555423544e-07,3.8044070677939464e-05,0.13446256206204057,1.6734742894007675e-07,1.0474338146031358e-11,1.1589453185677056e-07
65,5.718839036347626e-07,7.217350084361538e-05,7.281945989751384e-06,5.007934389425613e-10,1.5994681641806366e-07,9.075738246070641e-05,2.6123855315325605e-05,0.00012427669590683857,1.1112840777465805e-07,1.9184062781580464e-07,2.0295352839694101e-07,5.668527945786571e-06,2.568755214762851e-06,2.0645543628610367e-07,0.0003284733775801171,2.421630650737687e-07,5.895784111846676e-06,2.3057206313365134e-10,0.8517265052964693,1.3610332541384672e-07,3.471285397606729e-05,0.1475734303786913,1.8362103422507795e-07,1.2005746402120117e-11,1.2480597826404731e-07
66,9.425510811024195e-07,0.0001076888218075955,1.6166585932819e-05,9.700520037588708e-10,4.164078293537326e-07,5.879791187614815e-05,1.5591544598881264e-05,9.036696574799009e-05,1.218838601292865e-07,3.378728637556319e-07,5.316981868370153e-07,1.0945377569178906e-05,3.920565980400959e-06,4.6201879274819634e-07,0.0002564957728747724,2.340239240881535e-07,7.613054855934251e-06,4.941744062209101e-10,0.8009830125313555,1.2315684887575795e-07,5.113024758428386e-05,0.19839482716223458,1.3679464719999045e-07,2.267556659732343e-11,1.3556264603791748e-07
67,5.343443379692918e-07,7.36990460791246e-05,6.1197750562575645e-06,4.63314897499925e-10,1.3218659525303564e-07,0.00013589750886241456,2.6869832305786645e-05,9.77491506074889e-05,1.0597444064392583e-07,2.1152226679078646e-07,2.2772396149234685e-07,7.840987628882023e-06,2.7088478152882357e-06,3.2026421343391483e-07,0.00033115636907213704,2.624862794249269e-07,8.19661840354092e-06,3.280811203869098e-10,0.8166278378889725,2.0392059536353567e-07,4.010270571862617e-05,0.182639346912978,2.8955593381149046e-07,1.3982880631363909e-11,1.8557249678606552e-07
68,8.089701906752697e-07,6.531832249139803e-05,8.133877042031105e-06,6.427129141273622e-10,1.314124186607886e-07,8.27251577871748e-05,2.918121306560502e-05,0.00018113965684286276,8.875141519453051e-08,1.4501891341200388e-07,2.1235203899548058e-07,1.0976397072360806e-05,5.54558983422085e-06,2.1105040544157023e-07,0.0001618699005044264,2.918490398660063e-07,9.20658323589202e-06,5.692978599274946e-10,0.8879514069454397,1.698922119488925e-07,3.410432316746313e-05,0.11145800717875552,2.0715428689854672e-07,8.593100154902594e-12,1.1718323652281058e-07
69,6.540781427278084e-07,7.262323033069461e-05,6.105580670368838e-06,4.2691579395894527e-10,1.532724140015409e-07,7.311440049943286e-05,2.4484900181741666e-05,0.00012090290854960426,1.1833794570185574e-07,1.8582517876663517e-07,1.8413142387102076e-07,6.210484256345666e-06,2.627061914080881e-06,1.9698381445276203e-07,0.00024485442626456344,2.3349698579874957e-07,5.871939526252154e-06,2.722432160811524e-10,0.8578400120641522,1.3201989850117707e-07,2.9314354721205728e-05,0.1415717134682547,1.713796884208046e-07,1.0553705740979378e-11,1.3494547386237985e-07
70,9.295581870428963e-07,0.00012741491110938196,1.7672608285987806e-05,4.355583016891321e-09,5.607916892500254e-07,0.0005387223565213173,6.864527309495184e-05,0.0003464331960241401,8.119689700867571e-07,5.575026477118389e-07,5.226990692704522e-07,1.5695086696321256e-05,1.2019689101660274e-05,1.1656204057928808e-06,0.0005138807203741149,1.7083421633276313e-06,4.304158402201296e-05,1.0154459216083769e-09,0.7868086106495567,6.987074706680603e-07,4.182160145963379e-05,0.21145763716727817,1.1264262890185732e-06,5.877565472439027e-11,3.181097788551645e-07
