,0,1,2,3,4,5,6,7,8,9,10,11,12,13,14,15,16,17,18,19,20,21,22,23,24
0,0.05606159311892795,0.010281351143777696,4.0218445452800565e-06,0.0003458718534715654,3.042293187082306e-05,0.011131938642434096,0.003987990167558667,0.002669591790764297,6.918218417590706e-05,7.504490595402385e-06,0.14151675016687001,0.004869929338995914,0.00022314479715718625,1.465901009149068e-06,0.010479298283108056,0.0023714171728692755,0.17481898590435327,1.691658336976726e-05,0.21762574162655504,5.446994247042693e-09,0.0005192725190481561,0.3619776711559353,3.111172285035158e-05,5.904509002653793e-06,0.0009529167037599805
1,0.03734439483430161,0.00798136495615088,4.2040072611889365e-06,0.0003017076571863032,2.2143319159244963e-05,0.018730062354257383,0.004083111121540004,0.002791328798059926,0.0001615232762560568,1.715648047377042e-05,0.09592236365035574,0.0028917258767244846,0.00023303000074004072,1.9390994564698516e-06,0.01303915344616659,0.00287981029455051,0.07851683984247015,2.1068946383319424e-05,0.336063135383489,8.519578401463617e-09,0.000515137204757767,0.3973434697841199,3.395255865891434e-05,6.7117913501344275e-06,0.0010946567965521205
2,0.0347416451570001,0.009709260169866996,3.516563270666946e-06,0.00025941133285073707,2.9108831269981194e-05,0.013792485563242047,0.0030307020913787424,0.002861849549504746,0.0001446572779225072,1.3409448840481897e-05,0.13328167121640153,0.0037272552579005374,0.00017787556570373416,2.994717790676798e-06,0.017001743350682164,0.0019108508664707107,0.08544643039610673,1.4325565319706772e-05,0.20246121248535598,8.210082907037155e-09,0.0004162968443242286,0.4894569325486216,2.7700665891403774e-05,5.225533570009658e-06,0.0014834307906310825
3,0.04501958353862259,0.00914996523467404,3.4644155174410654e-06,0.00027914225055933654,2.4125907434181077e-05,0.014445809621109598,0.0033905514921825463,0.0026045863426717793,0.00010926379924165566,1.0722197236188858e-05,0.12977185789242612,0.0034782468803258447,0.00020535024451123296,1.8852028939420522e-06,0.01230638550280953,0.0018906520178202445,0.10112807887900731,1.6473335158739835e-05,0.23211705609919359,6.105695181764582e-09,0.00045060673282657513,0.44253373917891425,2.9174798999555207e-05,5.099899458383382e-06,0.0010281724307102014
4,0.04371410507413292,0.009630379059420241,3.5847278297064625e-06,0.0002709380516798031,2.53188794638304e-05,0.012118286305874065,0.0035288185374174053,0.0025379400616894246,0.0001147007205975734,1.0628773921180534e-05,0.1282428226664993,0.0034685680293746373,0.00023983128920737758,2.17981281099797e-06,0.010746377607446869,0.0016946508542763784,0.09272022971813032,1.736015053677016e-05,0.230434914294901,6.714213557822595e-09,0.0005059716219507517,0.4589531971628059,2.709347676513449e-05,5.470578200271089e-06,0.0009866258308546924
5,0.05129191643043482,0.009512251945673539,4.509373824325479e-06,0.00041856357335221146,3.110615570146285e-05,0.01672285379183341,0.0036433294369795513,0.0028824962152754026,0.00012645931678540297,1.4599552959974262e-05,0.13408690971815487,0.003139496679237753,0.00025081257632770566,2.351009810663554e-06,0.010782576644025352,0.0019985011725004677,0.11043566559270641,2.977592190291585e-05,0.2700733543750577,8.656964237537568e-09,0.0006019029885670364,0.38301910817018275,4.524512768626909e-05,6.8355555996537695e-06,0.0008793700184562546
6,0.04501958353862259,0.00914996523467404,3.4644155174410654e-06,0.00027914225055933654,2.4125907434181077e-05,0.014445809621109598,0.0033905514921825463,0.0026045863426717793,0.00010926379924165566,1.0722197236188858e-05,0.12977185789242612,0.0034782468803258447,0.00020535024451123296,1.8852028939420522e-06,0.01230638550280953,0.0018906520178202445,0.10112807887900731,1.6473335158739835e-05,0.23211705609919359,6.105695181764582e-09,0.00045060673282657513,0.44253373917891425,2.9174798999555207e-05,5.099899458383382e-06,0.0010281724307102014
7,0.06824851408208665,0.0068164547385023725,3.0657487557289113e-06,0.0001983481381222588,1.664897999239167e-05,0.009417857964010658,0.0032671091578695415,0.0023671924181328493,6.808253581065584e-05,6.2463535953098035e-06,0.14420885044588327,0.0026293743014882366,0.00030403274086024043,1.0244907352728438e-06,0.008017799445475125,0.0011505090095316705,0.06920285037074875,1.5508424089363363e-05,0.20640737598017742,4.357999331451526e-09,0.00037654213854122857,0.4767364820794342,1.4414666127655937e-05,3.237315838082053e-06,0.0005224741161917033
8,0.08019811847882313,0.015590169895543248,1.0890001037185966e-05,0.0005265758465274378,3.8138310788035864e-05,0.019069260088258183,0.0019967175917148727,0.0021874281264763072,0.00018136235033715627,2.6499532295329252e-05,0.1179729804930665,0.005046227693651959,0.00023618068627916916,3.667338619554645e-06,0.018204564207544745,0.003578987738012042,0.20048170223138312,1.6972146957656987e-05,0.14607064872138123,1.1967977627182365e-08,0.0003916802494218016,0.38541840837817687,7.528957690205512e-05,1.8917488257639576e-05,0.002658600860567327
9,0.04120208919452241,0.01996467908397815,1.0998082046245954e-05,0.0005461098292623535,3.394768258414958e-05,0.017966360640606898,0.0022151039257124927,0.0028237637836996524,0.00023720390151735945,4.991000605084648e-05,0.09023028077943823,0.004135446869665481,0.00024844735223874105,6.056911268189103e-06,0.01828653962768428,0.005090398501796284,0.17040601310238207,2.1941022332753043e-05,0.2338620360866479,1.8953255611998966e-08,0.0005565754375243904,0.38899848019273264,7.59276380693594e-05,2.0136121006110712e-05,0.0030115352739774064
10,0.04501958353862259,0.00914996523467404,3.4644155174410654e-06,0.00027914225055933654,2.4125907434181077e-05,0.014445809621109598,0.0033905514921825463,0.0026045863426717793,0.00010926379924165566,1.0722197236188858e-05,0.12977185789242612,0.0034782468803258447,0.00020535024451123296,1.8852028939420522e-06,0.01230638550280953,0.0018906520178202445,0.10112807887900731,1.6473335158739835e-05,0.23211705609919359,6.105695181764582e-09,0.00045060673282657513,0.44253373917891425,2.9174798999555207e-05,5.099899458383382e-06,0.0010281724307102014
11,0.046258446947010576,0.008951723843364352,3.392749858936444e-06,0.0002767410148312867,2.3914834749238612e-05,0.012996669529898554,0.0035207728837729105,0.0024805042572746605,0.00010548072800861517,9.752875993128402e-06,0.12737569157145864,0.0035271056865207612,0.00023385488678036526,1.7745135743500309e-06,0.011502896934647665,0.001831008680353221,0.09591224503531179,1.633029951564014e-05,0.23175854044304617,6.302491309885549e-09,0.0004511158128976702,0.45177509494282336,2.690698046022997e-05,5.398150845478469e-06,0.0009546300945109574
12,0.05530682100028199,0.008926544210496367,8.066299157355252e-06,0.00020708367179153917,0.0001234576842034541,0.01852466556911945,0.002950912866406246,0.0018597275065007127,0.00019562708982124818,1.2624468468570366e-05,0.24682615081370066,0.004591533032290526,0.00015617300331150532,5.70328015368513e-06,0.01032159779671647,0.0011893505078404,0.1815327038298662,1.8492264362674945e-05,0.08500215185359072,1.3230798558907192e-08,0.0008762275351720278,0.37882863500677605,6.910468809898848e-05,1.2740343609470478e-05,0.002453892447465026
13,0.027770487462981715,0.005664479165643832,1.0666972280471115e-06,6.255434151101121e-05,1.755155636369861e-05,0.002526073181633285,0.0016172719232174534,0.002301409317128292,4.1816379040827345e-05,1.7316905109405329e-06,0.23898689711978416,0.00512927271788968,0.00010118682460393586,1.9002736544354357e-06,0.009308867334100471,0.00043793081541112225,0.04430149911755194,4.254700129205028e-06,0.0725537319032271,2.076664774158073e-09,0.00021396052613705218,0.5879586691782661,4.132552855745985e-06,1.231812023110286e-06,0.000992021332442039
14,0.029209068555321266,0.020695501456552752,2.412286641158083e-06,0.00033712618389316815,6.497090742424976e-05,0.004060897746780345,0.0022446280905580804,0.0012323045774064135,4.5858536059362495e-05,7.923645832278122e-06,0.19016390531727118,0.001448773923594623,0.00031564814907287234,2.0652441203896077e-06,0.003125411122237246,0.00043866651696893147,0.11004801119171911,2.492069444899467e-05,0.339317405401322,4.300094573626986e-09,0.0014505667206055266,0.295447896647212,1.8935477494940137e-05,4.826068185262189e-06,0.0002922712391832387
15,0.04501958353862259,0.00914996523467404,3.4644155174410654e-06,0.00027914225055933654,2.4125907434181077e-05,0.014445809621109598,0.0033905514921825463,0.0026045863426717793,0.00010926379924165566,1.0722197236188858e-05,0.12977185789242612,0.0034782468803258447,0.00020535024451123296,1.8852028939420522e-06,0.01230638550280953,0.0018906520178202445,0.10112807887900731,1.6473335158739835e-05,0.23211705609919359,6.105695181764582e-09,0.00045060673282657513,0.44253373917891425,2.9174798999555207e-05,5.099899458383382e-06,0.0010281724307102014
16,0.039438473804479436,0.008176360244631765,2.064412061857768e-06,0.00016830025664426503,1.6148787515768643e-05,0.007694331585386455,0.0025317057268080074,0.0027217933950805877,6.928936985086308e-05,6.120870950817966e-06,0.1370571071269884,0.004350988797551512,0.00015203618965940041,1.789785333059828e-06,0.012002529572852982,0.001308474444063649,0.07697787069026006,1.0539317072920467e-05,0.1702676603645244,3.4294956324739504e-09,0.0003002345647103149,0.5357715162924386,1.2619309307975927e-05,2.374622555401993e-06,0.0009596670397758412
17,0.06063543989995629,0.008804974328598732,4.2270357557819865e-06,0.000202702581774709,4.2890665105531344e-05,0.008698600711424245,0.004918848037732215,0.002262948745408438,0.00010652175059880111,5.385164094514846e-06,0.19040659841426497,0.005094317715279306,0.00028063859325983746,2.7117472150016865e-06,0.005419986547695446,0.0010573213717488916,0.12169842930852627,2.0603808939958028e-05,0.14471499742623656,6.178089541269426e-09,0.0008286477711219942,0.4438214557094265,2.909919786109683e-05,6.763285910600066e-06,0.0009358840039747539
18,0.029894649212850587,0.01062061712640907,4.4469259333405315e-06,0.00015308701691417887,2.2368058484755003e-05,0.011893572436175094,0.003967739968219787,0.0021261259689309194,0.00011823174067610718,1.1171862427048033e-05,0.11288069397916835,0.006055304088051846,0.000152311155931568,3.3693515307255545e-06,0.015203764721057873,0.0034989613470252597,0.16188827362342142,1.1844876076864747e-05,0.21638443672317828,7.545383961413428e-09,0.0006466291698746275,0.4213118584581607,3.724323580457725e-05,8.01418275435919e-06,0.0031052772255585072
19,0.02858800447632749,0.011860310563269773,2.7585904922891995e-06,0.00048761229860712997,3.193954681046533e-05,0.021626064734496898,0.003395371892045536,0.0022472169245458646,0.00017795155243522555,1.683674186225858e-05,0.08284086211856566,0.003570648661900633,0.00019540771393914105,1.9586203584655587e-06,0.017029025867999096,0.002075857543747408,0.07993484514149417,1.186332684575509e-05,0.2420397721178631,7.256217836161225e-09,0.00026793562354154404,0.5024806861972733,2.955184849272138e-05,5.869930481970781e-06,0.0010816407103862325
20,0.025140670787692644,0.007730272041577836,1.4484038540039256e-06,0.00017774613913776487,1.3849670205604261e-05,0.008956557702985707,0.002083461804234132,0.0022115263357236938,8.175001168214387e-05,7.758613512128633e-06,0.09912625452715237,0.0020300012152129165,0.00016752643491163016,1.4754681849925537e-06,0.011256150202092178,0.0008990465026710731,0.047236782147309364,8.401856595253262e-06,0.1912131159069724,4.094648382260702e-09,0.0002505942509770052,0.6007912268734893,1.097967908300833e-05,2.113921756168901e-06,0.000601285408338273
21,0.09087845502297975,0.01100257229484033,9.359080671175067e-06,0.0003129942433008633,3.22129330878165e-05,0.008456738861036978,0.004510530601977512,0.0033436974773967403,0.0001082200308637723,1.0389044433421826e-05,0.16364288397130164,0.007821815765671203,0.00036229678286169454,3.5903469420140366e-06,0.007186063397482555,0.0031052015376654943,0.17439374860933354,3.599180510078671e-05,0.17580648163323603,9.851876564110373e-09,0.0008676037985137184,0.3465864898503076,4.2240449650675874e-05,1.1720087489315124e-05,0.0014686925219789303
22,0.062334043478437545,0.008151980256392447,4.844924597816308e-06,0.000245358033850938,1.856413998073638e-05,0.013225680578133418,0.0021798388660778504,0.0035215066312876907,5.1518723760531925e-05,1.2807495483986256e-05,0.1465284441988197,0.0022188348859155456,0.00019524766191063544,1.7439475723527601e-06,0.006525409395453728,0.0015645499665101798,0.16551464350346584,2.78712104724427e-05,0.2009916827119082,5.787983068036062e-09,0.0006646358947179332,0.3854149790451087,3.30679487878606e-05,3.15806637816811e-06,0.0005695826469925896
23,0.04501958353862259,0.00914996523467404,3.4644155174410654e-06,0.00027914225055933654,2.4125907434181077e-05,0.014445809621109598,0.0033905514921825463,0.0026045863426717793,0.00010926379924165566,1.0722197236188858e-05,0.12977185789242612,0.0034782468803258447,0.00020535024451123296,1.8852028939420522e-06,0.01230638550280953,0.0018906520178202445,0.10112807887900731,1.6473335158739835e-05,0.23211705609919359,6.105695181764582e-09,0.00045060673282657513,0.44253373917891425,2.9174798999555207e-05,5.099899458383382e-06,0.0010281724307102014
24,0.03236470686426543,0.01192704110943157,2.7366358002914425e-06,0.0004020984047807803,2.2515561449478455e-05,0.012371901459650754,0.003007426031400607,0.0025734934704880626,9.621138874123891e-05,1.3021321915966942e-05,0.10119399137641773,0.0028602438583123038,0.0001955802447096407,1.974198665199272e-06,0.012049307502955008,0.0018714349872487998,0.10383581742483698,1.7862369467062457e-05,0.30228335450067273,5.772001062191616e-09,0.0004393133968414944,0.41161550558811266,3.0049596685610812e-05,4.553026374047586e-06,0.0008198539087755053
25,0.056595156225803696,0.005050631851494023,3.21003700320873e-06,0.00020225020626506916,3.525875770570789e-05,0.007882441394405361,0.005123342877885538,0.005912683855869021,6.067811453948354e-05,4.012804838397893e-06,0.28517772899604876,0.0050839885324739115,0.00021961570513519,2.151478717589215e-06,0.004869804187142329,0.0010338913575592655,0.09258644020376953,3.450598435011402e-05,0.1469999096499767,6.0850274927016184e-09,0.0007717259292087002,0.38179196700627255,2.0104696426525677e-05,2.6981374099563118e-06,0.0005357959246721227
26,0.10664399669911745,0.010924330167614226,1.271364021963349e-05,0.0006944586605679132,6.251204263172488e-05,0.030650389006485194,0.0042182241136224366,0.002358663042022128,0.00030767364900501635,2.642122407059804e-05,0.14221319258508414,0.0035302891739708163,0.00035836378893718663,3.682130842158416e-06,0.00975919051495978,0.002769998988057671,0.15967276053040227,5.671780256470553e-05,0.2263210090347119,1.7099745451359104e-08,0.0008736505569944162,0.29698762592325595,0.00015033757185804847,2.685730659502031e-05,0.0013769247466642312
27,0.029648887476913865,0.007145363086193552,1.739905347327329e-06,0.0002300887949753837,1.6708278679833543e-05,0.01609265865059871,0.0023834178227307642,0.002160448177954837,0.0001461288908713462,1.0025596044252427e-05,0.09080340675476313,0.002641426609049228,0.00015792108304592172,1.3362113047986334e-06,0.01574126921472107,0.0013899250486008893,0.043138107933841756,8.848319042259407e-06,0.20419624515402535,4.815441086826176e-09,0.00018874319511596443,0.5829984422307508,1.574879913071034e-05,3.5581785304289615e-06,0.0008795497723266848
28,0.04501958353862259,0.00914996523467404,3.4644155174410654e-06,0.00027914225055933654,2.4125907434181077e-05,0.014445809621109598,0.0033905514921825463,0.0026045863426717793,0.00010926379924165566,1.0722197236188858e-05,0.12977185789242612,0.0034782468803258447,0.00020535024451123296,1.8852028939420522e-06,0.01230638550280953,0.0018906520178202445,0.10112807887900731,1.6473335158739835e-05,0.23211705609919359,6.105695181764582e-09,0.00045060673282657513,0.44253373917891425,2.9174798999555207e-05,5.099899458383382e-06,0.0010281724307102014
29,0.04501958353862259,0.00914996523467404,3.4644155174410654e-06,0.00027914225055933654,2.4125907434181077e-05,0.014445809621109598,0.0033905514921825463,0.0026045863426717793,0.00010926379924165566,1.0722197236188858e-05,0.12977185789242612,0.0034782468803258447,0.00020535024451123296,1.8852028939420522e-06,0.01230638550280953,0.0018906520178202445,0.10112807887900731,1.6473335158739835e-05,0.23211705609919359,6.105695181764582e-09,0.00045060673282657513,0.44253373917891425,2.9174798999555207e-05,5.099899458383382e-06,0.0010281724307102014
30,0.04501958353862259,0.00914996523467404,3.4644155174410654e-06,0.00027914225055933654,2.4125907434181077e-05,0.014445809621109598,0.0033905514921825463,0.0026045863426717793,0.00010926379924165566,1.0722197236188858e-05,0.12977185789242612,0.0034782468803258447,0.00020535024451123296,1.8852028939420522e-06,0.01230638550280953,0.0018906520178202445,0.10112807887900731,1.6473335158739835e-05,0.23211705609919359,6.105695181764582e-09,0.00045060673282657513,0.44253373917891425,2.9174798999555207e-05,5.099899458383382e-06,0.0010281724307102014
31,0.05515280303667916,0.009593350823419557,4.369264197261405e-06,0.00026895547086142236,1.9547396039928138e-05,0.013036142155584102,0.0032561584802934126,0.003510381660388965,8.844295287975945e-05,1.1596551670193062e-05,0.12839872389725104,0.0035788173480876344,0.0002141595652433992,1.892698852983056e-06,0.009880877742003262,0.002271090156379577,0.12045743649116952,2.0357093626702482e-05,0.2213145760839777,6.07792016482318e-09,0.0005023404738661065,0.4274343971210154,2.9071356515867128e-05,4.6219254782029525e-06,0.0009498841765986625
32,0.03860619948989175,0.008607452534903427,2.9980506129068997e-06,0.0002816114234967518,2.1786984522410704e-05,0.014071358174947013,0.003319032743573075,0.002434757879739759,0.0001012789775236234,1.0682059569095652e-05,0.11647414450246833,0.002978901647335947,0.00019968914397568575,1.6393334517955005e-06,0.012933232109206426,0.001920585118964268,0.09437812444401221,1.5729092145481876e-05,0.2756722834784342,5.8547060854937385e-09,0.00044799203915368163,0.4265585841159163,2.7960845265332262e-05,4.785372534465616e-06,0.0009291845836500195
33,0.04798508204653738,0.008375713518133003,2.3943253850027047e-06,0.00025510953361429327,1.8558032462570827e-05,0.007917478574363692,0.0036569480424367726,0.0027454652571624783,5.184683985538935e-05,5.068309873387006e-06,0.138171201490957,0.004359539302400059,0.00024124444232895514,1.1610713086506648e-06,0.007255484399155978,0.001698200887939761,0.118064908494502,1.6093429901225065e-05,0.21978772376299302,4.040833497002407e-09,0.0004370241104858264,0.4383198902891227,1.778066038240222e-05,3.689966773408231e-06,0.0006123891710913009
34,0.1362554078382924,0.0031146348685910743,2.8290236416076153e-06,0.00020972211133838336,2.2073901470465123e-05,0.008445951247390256,0.0033100196901340315,0.0017894777813018618,8.070094990921621e-05,3.4846378335243862e-06,0.1888609531838945,0.0016149669993410286,0.0003033053866570267,6.368819135091786e-07,0.00864026042873634,0.0007059904726092919,0.04262918372198334,2.6167462220537424e-05,0.2621628215019305,3.118581269955078e-09,0.00043788799134534656,0.34102983935133035,1.824119600444534e-05,3.803014589174564e-06,0.0003316372389605085
35,0.06895903881753955,0.006119458325155478,2.952375262311809e-06,0.00022097689209738282,1.1681608337939829e-05,0.014047819191187694,0.0030731391422208648,0.0032916450405240344,8.724079239026581e-05,8.591445481504664e-06,0.10534874340039421,0.003430576908128248,0.00022303353220690748,9.80368882952504e-07,0.007117468844833987,0.0022230642140794936,0.0761717664517041,2.2968179513489805e-05,0.2324159359488607,4.074013817627992e-09,0.00031124066721164694,0.47630846712303093,1.905547516736996e-05,3.767544560118567e-06,0.0005803836372150898
36,0.034377640946936704,0.008615357554296587,2.2700332716813554e-06,0.00024878188702163133,1.1299845489676772e-05,0.012102307070049868,0.002638823474667521,0.0033070578395023326,9.267593751978807e-05,1.1543319109807229e-05,0.07913440960164325,0.0031550246047565215,0.0001646099235657201,1.649144839920347e-06,0.010802733781259854,0.002066040538385017,0.08074545821875312,1.4130193545261266e-05,0.22255244331848728,4.4648065543307845e-09,0.0002611028821601782,0.5389157657890028,1.8113999015485257e-05,2.6539246452300483e-06,0.0007581017072681249
37,0.0870369650734419,0.009277020050962311,7.140936040492143e-06,0.0002867692391993873,3.6866494088689087e-05,0.011760910644009635,0.004851999528043236,0.0022939135503287217,0.00013608051402811078,9.678240934752466e-06,0.16121535483636507,0.0049838226664776775,0.00037213644751295846,2.529491505762217e-06,0.007747337120593026,0.0020161437442523743,0.12626846762387836,2.8641032100475817e-05,0.19511753178729574,8.721641771180616e-09,0.0007677737565401575,0.3845801375676073,4.005319099310958e-05,1.1108911371045996e-05,0.0011516088307879264
38,0.043494844245266805,0.003903056660566876,2.671386736997042e-06,0.00026747865967307726,9.842229240852419e-06,0.026043424953345815,0.005594985237952635,0.002215777444269336,7.052623014396325e-05,9.400651441994046e-06,0.06786033418527918,0.0018863117235951045,0.00022418362069844076,5.003940480684547e-07,0.012388761349112605,0.0035091611308820073,0.08328048040585442,2.2406480118045634e-05,0.4625485751971169,5.429887875790675e-09,0.00042493815189600785,0.2857168529268166,3.4523037983341944e-05,3.863920788873016e-06,0.0004870943472841758
39,0.03947933997473427,0.02506831440159053,4.279840161473573e-06,0.0005967505743789803,6.836239752900207e-05,0.010016352612664646,0.0018304240435296252,0.0009993831690543206,0.0003485593820554845,2.5536285718232552e-05,0.13762918352801076,0.0022018670378641555,0.00025767201422928607,7.135076663032422e-06,0.02344145840471906,0.0007932443283882086,0.07088328014238562,1.6477725783560047e-05,0.23748623555887552,9.70297663601175e-09,0.0004043321301303616,0.446747545544358,4.3834575691363234e-05,1.1516277817100359e-05,0.0016389052706907218
40,0.012056076252261889,0.004932294745146382,1.8415155057943954e-06,0.0005594679112728462,1.3769916843768983e-05,0.01126638585940329,0.0027340362733866376,0.0019907666642607767,8.59436958997591e-05,1.9920870644534345e-05,0.04249147130627972,0.0007925798395769539,0.00013339462586571866,1.2139640630744423e-06,0.006136938663019138,0.0029551684298829393,0.0642307701172861,5.5027478054506754e-05,0.7427508604666536,7.711888956693622e-09,0.0006712041437115545,0.10569772097685547,7.256656525783033e-05,7.1802141145426115e-06,0.0003433917928641909
41,0.04497096830578887,0.006512276274989758,2.2649998227767338e-06,0.0009535481007626246,7.315839908440802e-05,0.05173654955522427,0.0023588402157488295,0.0021445655827700225,0.0003207608361119046,1.6403327025181947e-05,0.13180596018030566,0.003020504755053148,9.713127218110017e-05,1.072624535253302e-06,0.06626777955998776,0.0016006548386506719,0.04994940490557055,8.956413727739602e-06,0.22631075392381245,5.599527259114439e-09,8.994138140266559e-05,0.4104603123571804,3.833707485700171e-05,5.448860832971299e-06,0.0012544006550468346
42,0.03135982790883586,0.0071470494530497435,1.7987907568416943e-06,0.00020069050791130826,1.4098643622594436e-05,0.012289264799030504,0.0025614823810970635,0.0022889921505082314,7.561641555211003e-05,7.743761021247256e-06,0.09500862536444513,0.0025664931826135337,0.0001677165935381887,1.000446700619782e-06,0.011420407941084551,0.0015764576862040023,0.0712578384767292,9.176597896956764e-06,0.22965283620268007,3.903750428673428e-09,0.0002682293177414304,0.5314237848971524,1.4538317634814202e-05,2.8522017963898615e-06,0.0006834740586468309
43,0.03250173592706063,0.007429347025798357,3.083300342812221e-06,0.00027810554276580263,2.0934429150398967e-05,0.023571481645931,0.0027339824773483204,0.0027315520564912855,0.00012684672013765408,1.7784578838515152e-05,0.09722935825119773,0.0018975703731426111,0.00017131899392691714,1.6001780035221417e-06,0.014475813187842601,0.0018769633768133647,0.07434702233943437,1.5153813406468265e-05,0.27802388867141953,6.991700562174067e-09,0.0004214713557569058,0.46125615181496077,3.03728627344006e-05,4.1231347220532995e-06,0.0008343309510735873
44,0.04501958353862259,0.00914996523467404,3.4644155174410654e-06,0.00027914225055933654,2.4125907434181077e-05,0.014445809621109598,0.0033905514921825463,0.0026045863426717793,0.00010926379924165566,1.0722197236188858e-05,0.12977185789242612,0.0034782468803258447,0.00020535024451123296,1.8852028939420522e-06,0.01230638550280953,0.0018906520178202445,0.10112807887900731,1.6473335158739835e-05,0.23211705609919359,6.105695181764582e-09,0.00045060673282657513,0.44253373917891425,2.9174798999555207e-05,5.099899458383382e-06,0.0010281724307102014
45,0.02159204521789317,0.0031366620181109872,8.651848724038295e-07,0.0003917790971938303,2.2258277350137315e-05,0.02447867855814417,0.0060425346237072495,0.002183519675098546,0.00012917426393738241,5.169303531652784e-06,0.07797912707040251,0.0023508320071683755,0.00015709209397044363,4.0151667311061733e-07,0.02917174615336813,0.002029734737780012,0.031240838448708747,8.682153546782384e-06,0.39454425623875505,4.788919778451684e-09,0.00013438609541916187,0.40387256235461416,1.5707965794581435e-05,2.829338560724576e-06,0.0005091128164789028
46,0.05192177603080377,0.008125539814428387,1.937611896173899e-06,0.00020410111250625666,1.153552114970686e-05,0.007475727428863883,0.0018469458696819534,0.001955225378275455,2.004487217287556e-05,3.5040421084438094e-06,0.10058261825072819,0.004252715216934565,0.00014288432930986415,5.200619232651045e-07,0.008102782190910792,0.0018845703190506977,0.23648582770113202,6.186149029725398e-06,0.1293247512658211,2.171969338063455e-09,0.00021134233917283714,0.4468184635805804,1.4232280389415623e-05,2.3383755541955667e-06,0.0006044280856067057
47,0.049085146090020584,0.01014225290799131,1.8988147693062384e-06,0.00011223567253391973,7.695697713716214e-06,0.005675983318109881,0.0021195945237138074,0.0018603997685934632,5.255676036563403e-05,4.527120526323918e-06,0.0806221938927127,0.004645699911886473,0.00021598965260719036,8.063824032928294e-07,0.006890028861143547,0.001623392765111856,0.07245107904472711,5.492333759293335e-06,0.11866031887649137,2.4882419773921367e-09,0.00015527639322095193,0.6449039393820001,6.3632032915929244e-06,2.784927000542317e-06,0.00075434121106403
48,0.04298496385490084,0.00979653562057125,3.3018926817861572e-06,0.00028235314497220183,2.1834808732766283e-05,0.013717848402606085,0.003191502435828785,0.002615767421530442,9.692293983237541e-05,1.0903374857747928e-05,0.11992943293422685,0.00334346172444282,0.0001981981160457429,1.7886673117117974e-06,0.01190988699912303,0.0019315692453171476,0.10900243243780793,1.5636574090859385e-05,0.2351321352297497,5.6889478265003485e-09,0.00043297939277138855,0.44437875099318563,2.79873628935971e-05,4.6472292774217466e-06,0.0009691535082940304
49,0.05612254497861907,0.008477086256239112,4.2539976994456355e-06,0.0002595617745216521,2.4746890385378525e-05,0.020642387641389957,0.003508296843178538,0.0031290269849859943,0.00011856078042397279,1.055001938002133e-05,0.14365796161737313,0.004550644657912673,0.00021120980166791477,1.822903199595505e-06,0.009921205853670016,0.0018925759584547195,0.1029372658881838,1.6746984654204664e-05,0.15558400363590258,6.776389223385673e-09,0.00039096805727801187,0.48747058704412716,2.9787442186860053e-05,5.092159388393083e-06,0.0010331050527887312
50,0.0315456193720254,0.009186856643417162,3.1266849106138534e-06,0.00021979849768118524,1.8053984224198508e-05,0.012104499911749469,0.0036442456793003763,0.002849088106062092,0.00011369107611987015,1.3166890113211102e-05,0.09546457414532498,0.0028178558662884977,0.00021497714209133215,2.051250588818511e-06,0.010889204636364471,0.0017171475285585132,0.07122021642312397,1.3512162871887108e-05,0.265311948513965,5.663889294544532e-09,0.0004605055852179609,0.4912598329742202,1.8898038452814928e-05,3.5550656646573654e-06,0.0009075681577737577
51,0.014382349395276538,0.035496664737666564,9.463450248204317e-07,0.0003660889191747349,8.303502283125816e-06,0.0026741680174268267,0.0006201259443334702,0.0029951557941929547,4.312784856880415e-05,1.1976521818365897e-05,0.053617212173627096,0.0022538584682353048,0.00012074318284586106,2.3920756837676193e-06,0.008745293913342611,0.0006926185904914398,0.04545635022813757,5.137293525140754e-06,0.14071979314215807,2.1796529891906897e-09,9.487284354180627e-05,0.691235461491449,4.1644030467813e-06,8.969265804268331e-07,0.00045229606191589974
52,0.044533412565262886,0.008191408917586797,3.272541362465163e-06,0.00030973414525793685,2.0330479425721806e-05,0.016198609017972015,0.002899812432703571,0.002755323919777144,0.00011245422573359911,1.3507456548062367e-05,0.11526078110777174,0.002773375834379972,0.0002036956605884612,1.7311579504122069e-06,0.013188756427810824,0.002006134501697278,0.08631716240264498,1.946829695498013e-05,0.2630892010908146,6.5304114868845824e-09,0.00038919885091388384,0.44081844135555864,2.9170382076361476e-05,4.648831135152308e-06,0.0008603618676611845
53,0.0457225204958584,0.006253791743526306,3.249875643657935e-06,0.00022922018294292175,2.590653625019177e-05,0.020495047685277618,0.010522794633062138,0.0031820582106337814,0.00016450060532107992,5.881387745078121e-06,0.15987195281081537,0.0071926439797330224,0.00022027769533197394,1.9500688209846065e-06,0.01504289145992628,0.002526419666075619,0.09061373719067793,1.855038684677989e-05,0.22811504546206737,7.213957142192373e-09,0.0005091053754728548,0.40769533787691187,3.89111718315147e-05,5.682435380218e-06,0.0015425158498898986
54,0.02198590883368263,0.017492910900779625,3.2096180622545053e-06,0.00016925582245420898,1.6674267813611304e-05,0.009444439693750027,0.0024086429430269568,0.0023211782954371076,0.00017091230387252556,1.5818470348092068e-05,0.08064553535921591,0.007533079830210998,0.00013046065957875673,3.986944596700711e-06,0.0247680292177569,0.00355634076945054,0.08536781942478149,5.490678067550108e-06,0.1548947945969789,6.5288269880724604e-09,0.00020399854927800648,0.5848250796316715,1.620494853519585e-05,5.6841831471560545e-06,0.0040145375286763435
55,0.050074777352230086,0.008667265674635154,3.614003455406417e-06,0.0002961766668510441,2.936044140043615e-05,0.01511585301389299,0.004560200553912553,0.00255472501494654,0.00013657403090237426,8.925243281229797e-06,0.14336889736792754,0.004854092452774466,0.00022921513638515204,1.9242873899348794e-06,0.012141204412545613,0.002045838931372561,0.09549148008464785,1.8063372270073545e-05,0.23125398706493736,6.369990664099112e-09,0.00046149875993647575,0.42746403937916333,3.1600322016609405e-05,6.711638636513283e-06,0.0011839684244980512
56,0.04560786872264971,0.009065377614446183,3.410240654667239e-06,0.00027069628872273166,2.3565817171689107e-05,0.013646364881487754,0.0034414788368566035,0.0025568677218176317,0.00010726605820714912,1.0143232315127379e-05,0.1289718611834026,0.0035196865578645663,0.0002170840143565468,1.8446203837145246e-06,0.011696646645778973,0.00182229304054503,0.0975294930957182,1.62730940025069e-05,0.22897922900120407,6.09710586232719e-09,0.0004508261964901816,0.45103807157340714,2.7657429106700103e-05,5.141594604698632e-06,0.000990846441699989
57,0.10554652116920324,0.007202840164239928,8.338275254954142e-06,0.0005132982683196629,5.6732809610938964e-05,0.04637353060847082,0.002722817005485193,0.0037273561621604433,0.0002665497343882246,2.1208720937248672e-05,0.22607204754524832,0.003758411962673718,0.00015296755552416885,4.197198488093251e-06,0.019062450060896758,0.0015394369322031245,0.1213370877781003,3.431819954835869e-05,0.08763320881449323,1.3160418813188576e-08,0.00032859926960190433,0.37205692635975596,0.00010019735144477379,7.406616209651308e-06,0.001473538277322272
58,0.04507618702810206,0.00955332166558968,3.886079464080132e-06,0.00030995536533618827,3.0508498325119247e-05,0.014678781937217547,0.0038354286051801496,0.002131873562253402,0.0001335776536357614,1.0954039049696367e-05,0.12975718533609965,0.003730833296313022,0.00025336000442312295,1.969237216209088e-06,0.012742723750059392,0.002082706986914207,0.100204649185574,1.710421908630563e-05,0.2535130575875,7.814764734967348e-09,0.0005193637501291427,0.42019000364737047,3.496166741114884e-05,8.323066588318279e-06,0.0011792760163965815
59,0.046738618960517286,0.010284611482603352,4.69354171151384e-06,0.00030638312933026186,3.176832750684711e-05,0.015719732739479336,0.00367337811644195,0.0023225835528412776,0.00013701074408780005,1.3161869688300405e-05,0.1308109996771611,0.0037260437026165327,0.00024473761613980424,2.2910018348728635e-06,0.012253821130004373,0.002262199710901392,0.11424256748742107,1.844991971451564e-05,0.23922318489460806,8.506651854310976e-09,0.0005750401053107788,0.4160661907170467,3.8666678963897114e-05,8.579164910387912e-06,0.0012952772225068275
60,0.04501958353862259,0.00914996523467404,3.4644155174410654e-06,0.00027914225055933654,2.4125907434181077e-05,0.014445809621109598,0.0033905514921825463,0.0026045863426717793,0.00010926379924165566,1.0722197236188858e-05,0.12977185789242612,0.0034782468803258447,0.00020535024451123296,1.8852028939420522e-06,0.01230638550280953,0.0018906520178202445,0.10112807887900731,1.6473335158739835e-05,0.23211705609919359,6.105695181764582e-09,0.00045060673282657513,0.44253373917891425,2.9174798999555207e-05,5.099899458383382e-06,0.0010281724307102014
61,0.052912285174160086,0.009845890568425834,5.257841279217923e-06,0.0003071310801922857,3.3113666054869366e-05,0.01622462057694906,0.00378009727584967,0.0024327951392012063,0.00014987818905082807,1.3577756935169055e-05,0.13827881033561845,0.003748850658561013,0.0002600032746581437,2.4128191372052148e-06,0.011464003628466803,0.0021732155999508737,0.1085617382331451,2.0740813465353784e-05,0.23417843791469356,8.759666979404923e-09,0.0006112126126842555,0.41366943845571913,4.020024621056557e-05,9.145660289198194e-06,0.0012771337196351177
62,0.04501958353862259,0.00914996523467404,3.4644155174410654e-06,0.00027914225055933654,2.4125907434181077e-05,0.014445809621109598,0.0033905514921825463,0.0026045863426717793,0.00010926379924165566,1.0722197236188858e-05,0.12977185789242612,0.0034782468803258447,0.00020535024451123296,1.8852028939420522e-06,0.01230638550280953,0.0018906520178202445,0.10112807887900731,1.6473335158739835e-05,0.23211705609919359,6.105695181764582e-09,0.00045060673282657513,0.44253373917891425,2.9174798999555207e-05,5.099899458383382e-06,0.0010281724307102014
63,0.04046271596941514,0.010839253763182826,3.1258878220277366e-06,0.0002768023350515634,2.1200893749406752e-05,0.012548468673346616,0.0029415355246409473,0.002501244593963084,9.884465490537439e-05,1.1067801320118945e-05,0.11651596744084353,0.003344766129525062,0.00019974002217715465,1.8639806631542986e-06,0.01206378146289203,0.0018488396869373478,0.10114569539172806,1.4322094105715926e-05,0.23129363049753704,5.614431390052706e-09,0.00040601303737994163,0.46243509788581444,2.537704679432214e-05,4.68602317428508e-06,0.000995953588599136
64,0.045230165860209795,0.009317180327426783,4.151800340771724e-06,0.0002539192098192229,2.6298840199520145e-05,0.012153419230587858,0.003866578321904746,0.0025354542165915766,9.552283829474307e-05,1.023653528476423e-05,0.13458862169179958,0.003239704443033422,0.0002364843646930659,2.0993231877036827e-06,0.009803506684187835,0.0018719978287132111,0.11851328777202881,1.9307255188647445e-05,0.25505796171195405,6.648093516171601e-09,0.0007197737357935516,0.4014260896717356,3.2340392686941604e-05,5.675998219455743e-06,0.0009902152980248056
65,0.045258397468680746,0.008099579572019351,3.1389169473474693e-06,0.00029303083521950175,2.4081679666775015e-05,0.015791419109263235,0.0035717776936932152,0.002574053091029682,9.908013396407892e-05,9.672470224472356e-06,0.1329000112806066,0.0033252759524685514,0.0001933789426599735,1.559092500172288e-06,0.012889133099760225,0.0018964807135658246,0.10372059785142916,1.692752153021464e-05,0.25218206785084424,5.630128328745233e-09,0.00044443171794567797,0.41573722717032113,3.083002427136257e-05,4.758826031938941e-06,0.0009330833552281786
66,0.0587102263684092,0.007938725088839674,4.3693602929873105e-06,0.00024329330712194054,2.457187921771998e-05,0.011940635831758454,0.00395711321295016,0.0031350601762091105,0.00010354050145333776,9.608028944732435e-06,0.14674470675816917,0.003623605501952021,0.000280567100314392,1.8700053851138084e-06,0.009266897850054592,0.0017438639441195755,0.0870920333958339,1.9872666993473926e-05,0.20634105089689248,6.692955128743886e-09,0.0005161784237181998,0.45744040250991047,2.1922473581896634e-05,4.721925928906721e-06,0.0008351560989935305
67,0.06017416622520838,0.009048212115206558,7.014785938823279e-06,0.00036056733822326044,3.153596873518076e-05,0.017256172120837483,0.003792326633618911,0.002916739652608776,0.00010601949921043952,1.5457965398813433e-05,0.14677470609553703,0.0030716487506563753,0.0002521062144657477,2.6486685740274395e-06,0.01044477582754163,0.002390115396587465,0.16641900868377943,3.1702955139629276e-05,0.25403157425380263,1.0082039297084466e-08,0.0009228457550131509,0.3207653997470516,6.58129379120118e-05,8.222324330993696e-06,0.0011112100025824625
68,0.0687517102840425,0.01506845787276265,5.5177898263151914e-05,0.0009660047885749792,0.00032772908219498196,0.09011131756107092,0.012134216542688377,0.002476338929071018,0.003823169031853127,8.476724738590355e-05,0.22643309078939897,0.02123568334682595,0.0004009284013191876,5.145511970079327e-05,0.028258370113317065,0.004249719410996882,0.12020637733889564,5.288128580501101e-05,0.09625027412758992,9.754488224313379e-08,0.0010439133978329795,0.28918568089501456,0.000492578170726644,0.00014677946561485585,0.018193281354171684
69,0.06196702095346714,0.006854569103137265,2.1399546457232366e-05,0.0002782018900696097,3.2027203807972706e-05,0.02313478447723939,0.008049402637615766,0.007756903198325761,0.00020919791176337243,3.389760808018338e-05,0.16317911962262482,0.004413754299169876,0.00034954107188361514,9.533194453677652e-06,0.006119201656903334,0.004369157911636916,0.14456881826419435,0.0001272927310923171,0.30167029925516053,2.890975843384213e-08,0.0035169555585991986,0.261362915911822,0.00013464243209646544,1.3481134072068026e-05,0.0018278535165688237
70,0.06043417037234605,0.007565940565892185,4.9605870092470806e-06,0.001102704001127781,0.0002491433533450814,0.03745904159267882,0.009329813188911166,0.0024701158310144094,0.0005612327369725026,7.909730730807677e-06,0.28912872822543084,0.005755502637189279,0.00021102029813525495,4.02340884413825e-06,0.02893123000804563,0.0006224608951070805,0.06509806837747835,1.717102326376411e-05,0.14602975151449588,1.0038789657681591e-08,0.0004349196090156045,0.34297258195122654,8.99959764864696e-05,1.0471515881867862e-05,0.0015090325605817204
71,0.025993745772008223,0.01694906482846032,9.80174046965703e-06,0.0003129354047668677,0.00012508070318126884,0.013760369818888145,0.011179429571321602,0.004087527705566802,0.0006271168516601002,2.8526257475860498e-05,0.1533762291279889,0.005205201668171947,0.00034100458173195715,1.814605848418598e-05,0.00817775935398931,0.0026416429613366926,0.09439342937604879,5.6967988244432e-05,0.28597914605095487,3.2680819647505514e-08,0.002777454382852333,0.3710336203341062,8.526576642170028e-05,2.1072114109034495e-05,0.0028194289009412514
72,0.00907900649875324,0.0035200609704895713,6.950104255869394e-07,0.00013800158133823456,5.010221128022411e-06,0.021359819102307255,0.008854511090002112,0.002106511015171832,6.208618479499563e-05,6.1623862848125175e-06,0.025797726088541258,0.001609784203740768,0.00015026785144753646,2.6596669803210486e-07,0.014341650754562372,0.0036935299893385625,0.03692539983356305,5.93284207479349e-06,0.4617540064192354,4.096449114418301e-09,0.00015582219270302648,0.4100719471620112,7.90802943636743e-06,1.0222312100658732e-06,0.0003528682782928961
