,0,1,2,3,4,5,6,7,8,9,10,11,12,13,14,15,16,17,18,19,20,21,22,23,24
0,0.00031535308202068504,0.001117695773948433,0.0008678509166651557,0.00013182651381012534,3.5327696688045744e-05,0.012004624865306263,0.00026499835697175637,0.00956223088940137,0.0017259832397331554,6.66826082900966e-06,2.3775609584519183e-06,0.015758834345971407,6.656510781424524e-07,8.776535719910822e-07,0.0002865073766408043,0.11345207031569708,0.017696969981034722,0.00024274498322935143,0.04764428900201799,1.0668208938406775e-08,0.011288251064470298,0.7673935842512022,2.9842851810511913e-05,0.0001581493668523956,1.2265331881701182e-05
1,0.00020867291596485016,0.001723838801466426,0.0010153877071808408,6.234609770654193e-05,4.9340583288619884e-05,0.011171905330704274,0.00017324111978847225,0.004660906061152652,0.0014086523431715893,4.890698477788377e-06,1.976810793526411e-06,0.013802227466505073,3.218615620602763e-07,8.677418160014295e-07,0.0003125526730357602,0.06491825923140104,0.013793080980266678,0.0001323675774409521,0.05822178378245246,6.514501741053149e-09,0.010526217291222427,0.8176584041136187,2.0165068404950376e-05,0.0001167206462399312,1.586658183661129e-05
2,0.00022988065823373487,0.002744790252433307,0.0010409172939632092,6.5780505483122e-05,6.35153822044681e-05,0.007833116291442453,0.00017564259406610162,0.006363263088789232,0.0014483542039944832,5.810710470040407e-06,5.299680044750789e-06,0.024044803999494293,3.106025714704049e-07,2.4520634249391928e-06,0.0009606506941559322,0.037561358988883416,0.01368107929965781,0.00019194208819134365,0.03818787223653465,1.2225477110654831e-08,0.01381342607334498,0.8513920052004421,3.334856549895202e-05,0.00011694564612341638,3.742165507446948e-05
3,0.00016147049385239286,0.001749360451821825,0.0006098072461275285,5.591374817516906e-05,3.4514188398944505e-05,0.009299434694673035,0.0001799709571355006,0.0036123570457772397,0.0007793356254228827,3.31377254496265e-06,1.9188379978360082e-06,0.016727718352340683,2.4301554340498376e-07,1.320784808120624e-06,0.000368119685132483,0.047176389447296276,0.013761794719063651,0.0001750024375440055,0.037567530064529196,6.210494943923714e-09,0.01083025907407822,0.8567325383485752,2.2374583284888786e-05,0.00012950644739710324,1.979976798450106e-05
4,0.00018853863066515538,0.001797211339407358,0.0006668960693600474,5.9557168330338444e-05,3.775015699140741e-05,0.009894617272521741,0.00019889251076801628,0.0039502995008698655,0.0007632129595854885,3.624589695273189e-06,1.9641913327679265e-06,0.017342872713382668,3.179462454948173e-07,1.5425432655301556e-06,0.00036620666274194373,0.054180930990359547,0.01521163671474418,0.00020154834260450126,0.0445305248591541,7.163199089500418e-09,0.01102516037153471,0.8393752441429528,2.3311059497559956e-05,0.00015809929201675678,2.0032808773651685e-05
5,0.0001480207150878475,0.001889996848310542,0.00045803192261846987,6.710775680998009e-05,2.9474408262840804e-05,0.010411913094038976,0.0001592583941765785,0.0035106871779932466,0.0007103471291359654,2.8760964232957167e-06,1.8807632303604651e-06,0.014908707252443759,2.4433045611931235e-07,1.244272546454873e-06,0.00036709312842482804,0.04890500256039924,0.01265276854192316,0.00024599528713236394,0.03603650421596434,6.630766591440546e-09,0.010434273336857796,0.8588948551416562,2.372428576972423e-05,0.00012241846113979956,1.7568248431581085e-05
6,0.00016147049385239286,0.001749360451821825,0.0006098072461275285,5.591374817516906e-05,3.4514188398944505e-05,0.009299434694673035,0.0001799709571355006,0.0036123570457772397,0.0007793356254228827,3.31377254496265e-06,1.9188379978360082e-06,0.016727718352340683,2.4301554340498376e-07,1.320784808120624e-06,0.000368119685132483,0.047176389447296276,0.013761794719063651,0.0001750024375440055,0.037567530064529196,6.210494943923714e-09,0.01083025907407822,0.8567325383485752,2.2374583284888786e-05,0.00012950644739710324,1.979976798450106e-05
7,0.0005574507672738851,0.001344674652567617,0.00153759963923654,7.260065773436233e-05,5.425961074832925e-05,0.0048559436761051195,0.0002643430275659439,0.008516196634263734,0.0009990498815838772,8.820480972979086e-06,3.011194809663418e-06,0.01326092891115012,7.914082791175977e-07,1.2002713855014944e-06,0.00022979817465499316,0.04784083848291478,0.020345285399148056,9.012361827806983e-05,0.07019063262712051,8.792372644028935e-09,0.004640134170032413,0.8249907578308759,1.0391242450978315e-05,0.00016658759518269756,1.857125329216359e-05
8,0.0003346263097674925,0.0016637066931468375,0.0019237230835915055,5.793196646643264e-05,5.051587575677978e-05,0.007235400526606509,0.0003063444453958877,0.00472127874822781,0.0009415037604435687,9.249667996083944e-06,2.5921102086395348e-06,0.029026245600183652,4.581935873232124e-07,3.027370697917344e-06,0.00044971991617553356,0.04188972555638184,0.026355239588601226,9.874283402797338e-05,0.03819327821726111,1.1608394682929789e-08,0.019399442583021665,0.8268498764698654,4.859310854940564e-05,0.0003894159396487068,4.9349825995883695e-05
9,0.00027905450382780255,0.0023373139267801784,0.0011208839705106912,6.039187907226674e-05,4.135712580581393e-05,0.007121663249708592,0.0002028333920362059,0.004452237542557767,0.001015909946015113,7.267068318042263e-06,3.2348337955374164e-06,0.02320911316468022,2.8304606696611605e-07,2.7654456974912036e-06,0.0006956386850364247,0.03014659805325383,0.01927508625340113,0.00012489388198017485,0.033846371861742934,9.229743258461888e-09,0.016743433519363655,0.8589572401697712,5.25908213479169e-05,0.0002511224051003809,5.270602438655695e-05
10,0.00016147049385239286,0.001749360451821825,0.0006098072461275285,5.591374817516906e-05,3.4514188398944505e-05,0.009299434694673035,0.0001799709571355006,0.0036123570457772397,0.0007793356254228827,3.31377254496265e-06,1.9188379978360082e-06,0.016727718352340683,2.4301554340498376e-07,1.320784808120624e-06,0.000368119685132483,0.047176389447296276,0.013761794719063651,0.0001750024375440055,0.037567530064529196,6.210494943923714e-09,0.01083025907407822,0.8567325383485752,2.2374583284888786e-05,0.00012950644739710324,1.979976798450106e-05
11,0.000176813292506703,0.0016155135642722182,0.0006352663264878575,5.554657454441681e-05,3.352871534950791e-05,0.009291857160692267,0.00019324816384906488,0.004187090271585975,0.0007865192250859157,3.675037526711679e-06,1.8213095061733224e-06,0.016883091506431313,3.0766689674830217e-07,1.2621808546735034e-06,0.0003385156419324958,0.05107544146829176,0.014814868666403462,0.00017970344645829703,0.04066259658071158,6.588347353705896e-09,0.01006723474894015,0.8488090539055227,2.1175058370489065e-05,0.0001476394302189942,1.822346921322575e-05
12,0.00023970277152809817,0.004325895664780224,0.000860265521797174,0.00010973112554112548,0.0007224153269182776,0.05203447333013619,0.001301577846342571,0.000657123998841782,0.0015328005992727603,3.711402871569488e-06,5.959939155362059e-06,0.056685795927647956,3.084161034137035e-07,6.373815136393364e-05,0.0011025080282500415,0.1055323050369619,0.03826372467352066,0.002191709051791296,0.043666315640042745,5.64314972893361e-08,0.11217640136527494,0.5766374779820139,0.0007491523854904797,0.0008114772689994882,0.0003253721138568033
13,0.0005222015237914395,0.0015559845009777645,0.0026130610916805176,0.00016314868284954354,7.252291837214003e-05,0.003167361918524414,0.000273459180024181,0.014515189487820459,0.0012454913679679342,1.0419155172304791e-05,5.0632349400741676e-05,0.11926210099681586,7.202112749600431e-07,1.626856372938218e-05,0.0032274652925429687,0.06391260361533409,0.017741732224796674,0.0004044840266901046,0.017080621491258687,5.115874194219937e-08,0.03134435331361321,0.7225921486870356,7.376133232671552e-05,0.00010390743156044526,5.030947769796794e-05
14,7.585037569483908e-05,0.011444341140067581,0.0006606244651707435,0.00010672887803136235,8.852511941933935e-05,0.015035839315584587,3.4939665868527985e-05,0.0013997690963451909,0.0005630356268827252,1.2962003059893348e-06,4.503678952852705e-06,0.004493658000836162,2.4303297409681535e-07,8.641085518334381e-07,0.0005000264064247898,0.05768185155266748,0.004328733814083085,0.00046341213002366763,0.1282760805350645,8.770570707923682e-09,0.006677934102833138,0.7681163708160085,1.0660614154533156e-05,2.664546524768634e-05,8.057088236159072e-06
15,0.00016147049385239286,0.001749360451821825,0.0006098072461275285,5.591374817516906e-05,3.4514188398944505e-05,0.009299434694673035,0.0001799709571355006,0.0036123570457772397,0.0007793356254228827,3.31377254496265e-06,1.9188379978360082e-06,0.016727718352340683,2.4301554340498376e-07,1.320784808120624e-06,0.000368119685132483,0.047176389447296276,0.013761794719063651,0.0001750024375440055,0.037567530064529196,6.210494943923714e-09,0.01083025907407822,0.8567325383485752,2.2374583284888786e-05,0.00012950644739710324,1.979976798450106e-05
16,0.0001550865936819811,0.0010543388037915636,0.0008620808432902133,7.88743703757372e-05,3.4529111377095346e-05,0.011485632802472527,0.00026087413187781593,0.003976824895582527,0.0004245699974072876,2.9830874962297478e-06,2.977865433154046e-06,0.037244887351475416,4.2043886743942237e-07,2.975293545148224e-06,0.0004923117216721151,0.119326744673617,0.016319143905140394,0.00047649305538419553,0.032763636009037214,1.3341819038100809e-08,0.028930748913169043,0.745885929864268,3.20934857499509e-05,0.00017370921542852924,1.2120228040262591e-05
17,0.0002574686108575774,0.0011299535339785954,0.0007426187825130073,6.459184625169625e-05,4.288741814803713e-05,0.004923316169999113,0.0003653014820171023,0.0038216547620593105,0.0006912745495283964,2.828502748161803e-06,2.552568459308354e-06,0.03165054959712792,2.8408494513767867e-07,2.7165068721145338e-06,0.0002818275162315913,0.041758584484966714,0.01887681842151295,0.00012445170807120093,0.01877963571970787,7.433123507246986e-09,0.01118210505345932,0.8651035547010805,2.2647352109236813e-05,0.00014045003804293672,3.191915618867109e-05
18,0.00017346773146076903,0.0015875590788261536,0.0002556567854845263,2.6140223873215458e-05,2.6787704221770043e-05,0.004294128391154785,0.00017274188193747722,0.0013605045576462191,0.0005240195182596278,1.9611653350280848e-06,1.205916852185771e-06,0.007805812792404853,9.656288604636351e-08,1.1719578497377886e-06,0.00019314277080638293,0.01287799660458014,0.023825062976461,0.00010020800878705385,0.026532719749170718,2.9832683774582448e-09,0.00529228952927468,0.9147667766286178,1.8629513511808522e-05,0.0001168243821733377,4.509258515609461e-05
19,0.00013470060659794683,0.0008158947281097487,0.0006935981886749733,4.4809250030257834e-05,2.696451707588736e-05,0.008352044072056522,0.00024188988233861286,0.004660737347744379,0.0007572532434483252,5.332191245453684e-06,1.1174338675297003e-06,0.01855542044423194,3.160996649598137e-07,6.145448315606759e-07,0.0001716371603551679,0.041077436453190376,0.013279167567832725,7.300084350716e-05,0.026182181487339667,5.431238329534082e-09,0.00665094296670497,0.8781130765522366,1.1583151841629713e-05,0.00013626799553370265,1.400784030175971e-05
20,4.208199508428175e-05,0.001908533248230651,0.0002545079243834507,3.131540805494794e-05,8.963796938631118e-06,0.006100679658167387,5.302398572798184e-05,0.0029949622247628063,0.0003826787826772381,1.314638804083219e-06,1.1899696212846838e-06,0.015090378202546596,8.391609627011817e-08,5.017696261225073e-07,0.0004904228978316287,0.02269168777499816,0.005096129607318502,0.00012061474297483231,0.015173142973974561,2.7308335746209106e-09,0.008773075694006016,0.9207190917955446,1.0718692790931012e-05,4.602686946603153e-05,8.87069953922689e-06
21,0.00024313036633132363,0.0018730334957718648,0.0008454078854615174,0.00012324996444936794,4.3374899330479575e-05,0.009251165945345806,0.00018738554824711216,0.00423215765352694,0.000806289088443935,3.3352446282734497e-06,5.168486231998598e-06,0.03167216574992404,3.23690849581005e-07,3.4047136386923104e-06,0.0006398859953319665,0.08479936666055525,0.011946446752268039,0.0003313119899004692,0.03415964174597353,1.1953489449340893e-08,0.01738712461531211,0.8012910478279206,3.347910885400251e-05,0.0001014002527304555,2.0690365483248663e-05
22,0.00017561965505111604,0.0010881363319705318,0.000806805714775149,8.179115808336235e-05,3.5370032236057236e-05,0.007434341766613473,0.0001826057852263749,0.003629045512462637,0.0006672703361065772,4.569531653295176e-06,3.852922818870498e-06,0.01840946737671081,3.130740896495681e-07,1.454318959150515e-06,0.0003558972081816113,0.05837116715030363,0.021082537763983264,0.0002663410472993681,0.030301073083032027,1.1794478056387218e-08,0.015388697637788742,0.8415647398727366,2.7587289808353712e-05,0.00010505658411806604,1.624705151329081e-05
23,0.00016147049385239286,0.001749360451821825,0.0006098072461275285,5.591374817516906e-05,3.4514188398944505e-05,0.009299434694673035,0.0001799709571355006,0.0036123570457772397,0.0007793356254228827,3.31377254496265e-06,1.9188379978360082e-06,0.016727718352340683,2.4301554340498376e-07,1.320784808120624e-06,0.000368119685132483,0.047176389447296276,0.013761794719063651,0.0001750024375440055,0.037567530064529196,6.210494943923714e-09,0.01083025907407822,0.8567325383485752,2.2374583284888786e-05,0.00012950644739710324,1.979976798450106e-05
24,0.00015555126236042335,0.0015011171708525764,0.0006473361159864392,4.1254977841279765e-05,2.918429107181729e-05,0.009735754770973246,0.00020493463377229638,0.004078612871096612,0.0008394126490427806,3.616332555240882e-06,1.5414403903283715e-06,0.015846626867162334,2.2946530831886047e-07,1.0956449370844329e-06,0.00039425896212067955,0.048747467442974,0.015590348054541037,0.00015813385930470912,0.040742184279653905,5.240790128690918e-09,0.012554710097343406,0.8485215301340239,2.4332026509269528e-05,0.0001623157172869742,1.8445692101442783e-05
25,0.00042716282823751777,0.0009566946553500886,0.0012471270737301097,0.00010936729113046233,5.26955317425531e-05,0.004728961320148523,0.0004134942759530152,0.010447173672104682,0.0009524623485024622,7.189458100470231e-06,8.18792408369401e-06,0.042846864257902545,7.287198638715924e-07,3.6133028133690918e-06,0.0005508512783845393,0.06183950814075088,0.022206178341174738,0.00023626806928139668,0.023539146175396777,1.98874575011274e-08,0.01187020046277218,0.8173579905466688,2.6713940486491708e-05,0.0001449598889317563,2.6440609031578195e-05
26,0.0003018369769235816,0.0018266723688779457,0.0005806760595402875,5.7171435200243564e-05,4.7418454969957514e-05,0.014573962418505785,0.00027092234597859104,0.0042993901009741485,0.0016698175655314668,5.562919393733394e-06,1.4510101983477126e-06,0.00936069854955038,3.8801095684079404e-07,1.0342602275593452e-06,0.0002864310155885297,0.05316882536630944,0.026513738392519904,0.00027101873225800205,0.06895002632204461,7.461631771181558e-09,0.010924696916435576,0.8065362194409831,4.593911566078609e-05,0.0002784080837065656,2.7686676032871022e-05
27,9.5853381485075e-05,0.002087262297437941,0.00029124020156676963,3.976330654636385e-05,1.9138809718157987e-05,0.006731906705652523,9.549737723276027e-05,0.0028737664494204126,0.0007785777896334349,2.0727416384567665e-06,1.3257765147049629e-06,0.010324030489807099,1.0357100476064131e-07,6.120196363261311e-07,0.00032715772563005535,0.022593592702678657,0.007544105585834407,9.10920470416134e-05,0.02595041757598678,2.677444801674e-09,0.004911854386065078,0.9151517358863629,1.2083548534517089e-05,5.869813139189058e-05,1.81088157344772e-05
28,0.00016147049385239286,0.001749360451821825,0.0006098072461275285,5.591374817516906e-05,3.4514188398944505e-05,0.009299434694673035,0.0001799709571355006,0.0036123570457772397,0.0007793356254228827,3.31377254496265e-06,1.9188379978360082e-06,0.016727718352340683,2.4301554340498376e-07,1.320784808120624e-06,0.000368119685132483,0.047176389447296276,0.013761794719063651,0.0001750024375440055,0.037567530064529196,6.210494943923714e-09,0.01083025907407822,0.8567325383485752,2.2374583284888786e-05,0.00012950644739710324,1.979976798450106e-05
29,0.00016147049385239286,0.001749360451821825,0.0006098072461275285,5.591374817516906e-05,3.4514188398944505e-05,0.009299434694673035,0.0001799709571355006,0.0036123570457772397,0.0007793356254228827,3.31377254496265e-06,1.9188379978360082e-06,0.016727718352340683,2.4301554340498376e-07,1.320784808120624e-06,0.000368119685132483,0.047176389447296276,0.013761794719063651,0.0001750024375440055,0.037567530064529196,6.210494943923714e-09,0.01083025907407822,0.8567325383485752,2.2374583284888786e-05,0.00012950644739710324,1.979976798450106e-05
30,0.00016147049385239286,0.001749360451821825,0.0006098072461275285,5.591374817516906e-05,3.4514188398944505e-05,0.009299434694673035,0.0001799709571355006,0.0036123570457772397,0.0007793356254228827,3.31377254496265e-06,1.9188379978360082e-06,0.016727718352340683,2.4301554340498376e-07,1.320784808120624e-06,0.000368119685132483,0.047176389447296276,0.013761794719063651,0.0001750024375440055,0.037567530064529196,6.210494943923714e-09,0.01083025907407822,0.8567325383485752,2.2374583284888786e-05,0.00012950644739710324,1.979976798450106e-05
31,0.00011146282427882134,0.0017391069669936332,0.0004055135987416735,5.615451974336994e-05,3.7878013828082944e-05,0.011825610794833661,0.00019216676401929687,0.0018582353211687311,0.0007743707728861743,3.2186181286636136e-06,1.9430055217623825e-06,0.015312261610902553,1.323001273403944e-07,1.4937365882556804e-06,0.0003619140691454294,0.036702638457283436,0.011724519175450346,0.0001635979816414292,0.028318038479860374,5.398264797824926e-09,0.010385261165416923,0.8798618867114358,2.8336426623195187e-05,0.00010660053074422221,2.7652756372040998e-05
32,0.00016503609832854642,0.0019678905192886714,0.000596849787899857,5.278630354096075e-05,3.353219478361669e-05,0.00945928997540601,0.0001537768546573767,0.003452519004835916,0.000742034590830483,3.076176780721425e-06,1.6892487942170196e-06,0.014077465117042129,2.5616859752470127e-07,1.1786311429547367e-06,0.00033760902091148993,0.0478255632761983,0.01374094723856815,0.00018123312059727364,0.046593796342573185,5.669386827756223e-09,0.00980169807126004,0.8506417154816722,2.0155374456794767e-05,0.00013204586126662726,1.784987118027418e-05
33,0.0001112679186008681,0.0013035738829621113,0.0002831275756193849,3.317846096761635e-05,1.4968415103309893e-05,0.008316764523221139,0.0001270294998397656,0.002159671451710381,0.00025435800770040964,1.4639961409213078e-06,4.06220273404741e-07,0.00844654279737475,2.6937992151222287e-07,5.80385649366732e-07,9.920987091654353e-05,0.052031721521917845,0.014845803290443861,0.00017205380871382426,0.0558823819630332,2.6425947826181456e-09,0.004944442485798252,0.8507718281654619,8.333493978640476e-06,0.0001834802653055238,7.539976750592134e-06
34,0.00037092876151947684,0.0020354388962037433,0.000928937091889435,7.214652682985258e-05,5.4453580447292724e-05,0.007931106512700388,0.0002070955004014817,0.0049591644427926,0.0010285579502553436,4.301304894660958e-06,3.0101996809209985e-06,0.01607476281918827,4.0179879825932315e-07,1.9930874353892056e-06,0.0004099023357307986,0.05829344060032193,0.01843608854081847,0.00021457961990296973,0.06305823978314312,8.15609944301487e-09,0.010506939778133616,0.8152062827682989,2.413888315114569e-05,0.00015477514685718625,2.3305914505300146e-05
35,0.0001940735842564944,0.0018145036904758263,0.0001742088871418509,3.676001956490772e-05,1.129883476281623e-05,0.0031151622153851033,5.203238099274661e-05,0.007796265453966425,0.0015693293515965314,1.385218290202852e-06,7.815416921846145e-07,0.0037854422976732758,1.210174312419805e-07,1.1428572337563788e-07,0.0001426223967457008,0.017258966656161417,0.005716898877160436,4.84825772939913e-05,0.03578515995220208,9.902868974643322e-10,0.0010562873475325918,0.9214076711355899,2.8200366190622794e-06,2.242739355960028e-05,7.183857895356484e-06
36,0.0005531005582407627,0.012034888299675462,0.00618292303030458,0.00018874543875861528,0.0005412592905315817,0.07059283671588805,0.00014418397884978146,0.0027391364567919,0.005249691290217342,2.5790987100852698e-05,6.204081435022628e-06,0.004582001873254296,7.738310027738185e-07,3.1603346141563776e-06,0.0013027958864145195,0.12134754891509456,0.01288755642581268,0.00036601469205784577,0.37621537735219024,3.7732801677408376e-08,0.06208631949475116,0.3221015287920707,0.0003102066230668005,0.0004866219637182305,5.1295955356330445e-05
37,0.00018579177877399333,0.0017120117715713375,0.0006674233836648697,5.7853181077477506e-05,3.780519287725098e-05,0.00952593128802601,0.00020975291092458607,0.0034769987730473885,0.0007290724761905951,3.3962378499379308e-06,1.9794630825317656e-06,0.018358572265542317,2.746594226993528e-07,1.687972141758976e-06,0.00037057481005354646,0.052661747141690356,0.015773883967967646,0.0001986299034730773,0.040054322903757295,6.9143724414663535e-09,0.012492629443195352,0.8432725720979289,2.581395819916009e-05,0.00015969920778461248,2.1568297384669483e-05
38,9.922057788864892e-05,0.0013547552237153583,0.0004786123019200188,4.988516738837651e-05,2.2199929784684146e-05,0.01538374593540132,0.00018607447813551541,0.0028374360452986386,0.0005075985469257958,2.5079873299868464e-06,1.308885455473188e-06,0.017705333150532125,2.389618127022762e-07,1.1004706783079226e-06,0.00037268356404293623,0.08204957745954464,0.0112271981291378,0.0002767939590824536,0.0411901962752356,5.227175434665881e-09,0.016370752694292008,0.809697341068252,2.461579592920634e-05,0.00015075586748049345,1.0062297560317084e-05
39,0.0009421214252090558,0.002529011927686288,0.0008006557848252427,0.00014261998382926146,0.00014702972343050112,0.006844041991835747,0.0005840500633157042,0.004735735856949237,0.001945069197229433,1.3409773564436389e-05,1.3472366590221548e-05,0.020019213497885456,4.99106191209056e-07,9.963757115906018e-06,0.000806805322008756,0.03556358685017919,0.023511141834706942,0.0002973628862963369,0.05301669655103681,1.85177932774525e-08,0.005700902188026558,0.8419801452118896,5.6990835407346864e-05,0.00022166683079752526,0.00011778851619998764
40,0.00010438205668520685,0.0012070475766795166,0.00031323383121997214,6.137422779667701e-05,1.622180821505545e-05,0.013587965446327363,0.00015181036146602703,0.004203184940713313,0.0008694510171905631,3.849695896236846e-06,1.1771244179346148e-06,0.010598069206974352,2.0925958624485276e-07,4.937089423895702e-07,0.0002794633285587107,0.05248322598741587,0.011736842497608037,0.0002001413569011345,0.03196089091679445,4.778895030063468e-09,0.008322344942666801,0.863747414649322,2.1781562671533502e-05,0.00011816660673148656,1.125311032412632e-05
41,0.00028460282059005116,0.006867755209376545,0.0008298908692278759,0.0001923035678364534,0.00011895487659871517,0.013352470587999776,9.990673654768222e-05,0.009662178791199752,0.0029228665254855883,4.094240822440633e-06,7.84322551840515e-06,0.013300319534151773,4.923703078307819e-07,2.1530579989128386e-06,0.0010423079970239143,0.0992265875553681,0.005581092058103096,0.0004513707108387221,0.09766943713825452,1.274546468453707e-08,0.006428932178678069,0.741865916123603,2.007521786700092e-05,5.1507332662012174e-05,1.6928528475174877e-05
42,0.001676512307424821,0.0018544179060364973,0.00174267777060126,0.0001581132483588799,0.0004802536648138441,0.019642093148631374,0.002923040074619926,0.004758221437349424,0.002179088106946095,3.206261892466305e-05,2.5630141216918717e-05,0.08029246083354756,1.4284676004767145e-06,9.429242976301733e-05,0.0022348067913050347,0.08615396293732022,0.0659549306343747,0.001381880179214779,0.058169573620917146,9.268451199787673e-08,0.047696211013645386,0.6201218614883743,0.0005190501881019189,0.0015254599581159148,0.0003818783482837679
43,0.00010169575128981943,0.00123571177852256,0.0005806036728539288,4.529843730706354e-05,2.4162921265908094e-05,0.01164330260818621,0.00014743579680910225,0.003703607447889085,0.0006948107351407154,3.8129426895963088e-06,1.0657496483344985e-06,0.013862347541062433,2.3653872602453943e-07,5.888113589674655e-07,0.00026640155732785383,0.04918504396556455,0.013272900030631968,0.00013819862741299837,0.03450600879953135,5.244731926333185e-09,0.01286981589301038,0.8575554705260207,1.8318928965912803e-05,0.00013204321304268366,1.1112481010226341e-05
44,0.00016147049385239286,0.001749360451821825,0.0006098072461275285,5.591374817516906e-05,3.4514188398944505e-05,0.009299434694673035,0.0001799709571355006,0.0036123570457772397,0.0007793356254228827,3.31377254496265e-06,1.9188379978360082e-06,0.016727718352340683,2.4301554340498376e-07,1.320784808120624e-06,0.000368119685132483,0.047176389447296276,0.013761794719063651,0.0001750024375440055,0.037567530064529196,6.210494943923714e-09,0.01083025907407822,0.8567325383485752,2.2374583284888786e-05,0.00012950644739710324,1.979976798450106e-05
45,0.00011725113550373118,0.0010556657604038474,0.0004444023804447728,3.9167837484585126e-05,1.7819851565299246e-05,0.009296520760680408,0.00020100620904070474,0.007874147771348462,0.0006332119331389503,3.086308984327108e-06,1.0414036972275546e-06,0.016317950921667698,3.6064786662530617e-07,6.24921140964077e-07,0.00031760321316710974,0.06709592996609698,0.010097565297909221,0.00018289658168357757,0.03826180142318473,4.517790122702178e-09,0.007319399127671808,0.8405677381145064,9.913591327726693e-06,0.00013800549249516278,6.884831199834171e-06
46,0.00013332672454448977,0.00044249828230365906,0.0003635805346438691,3.62610802616162e-05,1.0354919696596416e-05,0.004744154826258703,0.00013502747712673707,0.0023008541090254763,0.00026607668538425116,2.2282343276437554e-06,5.300663891844306e-07,0.010798560927574068,2.1887365560563253e-07,2.896251520721468e-07,5.2775423299131345e-05,0.030093863096257438,0.025831601513148488,6.37452126743706e-05,0.01964798822374767,3.031779827812444e-09,0.006096998478256171,0.8988589670025572,7.4194976245778685e-06,0.00010500920690649122,7.66694740466125e-06
47,0.00014283885294166183,0.002529940318822523,0.0006580865224317028,6.165305593375099e-05,5.109298974343006e-05,0.011601435882281345,0.00018169383130107558,0.003704906650393998,0.001085616174886139,4.025679536560753e-06,3.1509820560530528e-06,0.019018736391027302,2.170880426065972e-07,2.006978268487249e-06,0.0006807802524579591,0.043128796367975744,0.012505430431537576,0.00023391504120964763,0.03732694144774415,8.859923565450363e-09,0.013939058333004264,0.8529525875294265,3.460434889807073e-05,0.0001221345086062221,3.034148154966697e-05
48,0.00014848597892830944,0.001144861618973419,0.00035595234676948816,2.1756252452991546e-05,1.4881470439986824e-05,0.00817327197241486,0.00013296426272593647,0.0031856953206563167,0.0004015361666438033,2.7496474552072967e-06,3.4922360888159667e-07,0.006040406436055277,2.9255117230268984e-07,3.4012607760781213e-07,0.00010173257308286745,0.035093054755365186,0.022400544197949995,0.00010952212907608325,0.06936883910785777,2.4572153737935055e-09,0.004883015942226133,0.8481543487856101,8.969866705157179e-06,0.00024724947397899424,9.177336557832734e-06
49,6.097871203956246e-05,0.001269823010816828,0.0004357620070535287,3.4716322632463495e-05,1.5578282270808526e-05,0.007421256191632622,9.476201434246824e-05,0.0026227412033216564,0.00046421872138369797,1.9268972160627543e-06,8.179182541945602e-07,0.013816980360541641,1.346818810243341e-07,3.9669648592647575e-07,0.00018953122655784545,0.03080380619403662,0.008041584286774916,7.317680427722908e-05,0.021268354001372818,3.1659512599690796e-09,0.007265275887095259,0.906033899706941,8.918135554694416e-06,6.603069585801996e-05,9.326875707638928e-06
50,0.00038256070569056555,0.001119547066213189,0.0009019142653131254,6.511321482425251e-05,4.845016926684975e-05,0.008130245987032521,0.00042025025374058095,0.006241842188880426,0.0009074498172477382,7.1011238967205565e-06,2.5854477242246663e-06,0.02174602424554025,5.489703847434655e-07,2.2976184114315783e-06,0.0003364191872181199,0.05922450239238164,0.023927262149720168,0.00018420455351403144,0.047073236478675166,9.742636367686872e-09,0.009395718486132985,0.8195621348604213,2.4783179860390375e-05,0.00026867028427990646,2.712761099334956e-05
51,1.237344121218762e-05,0.005248592794025724,6.37240015165899e-05,4.766958880488669e-05,2.965043804640184e-06,0.0027040712661203026,7.522796904581914e-06,0.0013454264923432253,0.0002349141550558466,2.473418826594391e-07,9.9237661667362e-07,0.004558116256848406,1.4584193586612445e-08,1.331751944623384e-07,0.00036476179557017903,0.006619158556085125,0.0008484500047845259,4.661113749219498e-05,0.006208971432144991,6.931922639090173e-10,0.0017958496065116321,0.9698779933282373,2.5488480306072485e-06,3.934951384770049e-06,4.95633204276658e-06
52,0.0001754359341455989,0.0012668340692027448,0.00039786905943972313,0.00010872806847018112,3.553877179076257e-05,0.026909474682372224,0.0001486467595963879,0.01294539380171611,0.0014224051124983705,1.7021189307908367e-05,4.335246433452053e-06,0.023502214906862662,6.54980189840257e-07,1.3370230962190347e-06,0.0010139640365528597,0.07908774607519893,0.006253821462097832,0.0006206775702947158,0.060547582096486856,1.6777306797596323e-08,0.007277401128044413,0.7781100134125799,1.949058028885362e-05,0.0001240436227943375,9.353633232207423e-06
53,0.00016735618484591127,0.0008935632674937861,0.0008681345414047573,9.824701803536591e-05,5.943707771032721e-05,0.012926703245108298,0.0007005465599135165,0.003638140939696058,0.0010396748539951428,5.578290984679092e-06,4.825032285974718e-06,0.04564526645758262,3.3020499477757496e-07,4.022606193797586e-06,0.0005860311856668491,0.08120885328127461,0.01989626150577615,0.00035022280772823057,0.015765300226788147,1.962512596456964e-08,0.030809308564363737,0.7850043514980211,8.387396854088001e-05,0.00020734776406971305,3.660329239953635e-05
54,7.816960472472077e-05,0.003421456321784471,0.00017655192213118123,2.7303016931212423e-05,1.6390193846783596e-05,0.005466104178799355,8.840835484181228e-05,0.0014834945331430342,0.0004947044519859128,1.008433563811124e-06,8.979265579159502e-07,0.008219128810638103,4.7021770242180294e-08,9.09468443966732e-07,0.00036485811933591194,0.014641434474810072,0.005196331683960817,6.626423493400888e-05,0.024409337801056714,1.2656011249487686e-09,0.0036369674540111456,0.9321165794534421,9.678381310501269e-06,5.6246209907169645e-05,2.7726682467807312e-05
55,0.00013799778286219255,0.0012291935048776416,0.0005064607945900249,5.127769116707768e-05,3.1188045048236687e-05,0.00996969109084281,0.00022823696339539928,0.004609016722129774,0.0007907766267141457,2.8579337202816326e-06,1.5193512772206449e-06,0.027959422723969337,2.9654609303041257e-07,1.3508610672818597e-06,0.00032023423485962217,0.05878110487233968,0.011787356935581252,0.00019771378511126652,0.0280761442309276,6.60404454057122e-09,0.009900773636714233,0.8452492685960127,1.8979077855646483e-05,0.00013252305599523498,1.6608332803809753e-05
56,0.0001695389975551859,0.0016510608130062654,0.0006226325428476684,5.7628324086119674e-05,3.38534531501136e-05,0.009636692141564056,0.0001885237254156347,0.004038090618702995,0.0007803854931675933,3.5531625394617442e-06,1.8332350850917809e-06,0.01700560219956278,2.9400099792082077e-07,1.2686540999403354e-06,0.0003433157337900425,0.05125417940810197,0.0142525718563136,0.0001830577407906068,0.03960413540364488,6.64389582214302e-09,0.010416830974492563,0.8495742893428783,2.1435457053559673e-05,0.00014093174029793985,1.8288336959935078e-05
57,0.00012072462917674277,0.0013221980090263876,0.0009684667982391858,4.1619067212273964e-05,3.641383698512043e-05,0.00868915687547429,0.00017736060165598873,0.0037185575925095826,0.000705161575079886,3.4661399024199046e-06,1.4038091071553608e-06,0.021586234658662443,2.8592304632927426e-07,9.309880325971388e-07,0.00025925870551602907,0.0510268275899415,0.013820140092386676,0.00010650709603847676,0.03364564272710086,6.521165315759278e-09,0.012178975046649925,0.8514324100996472,1.576152555286976e-05,0.00012764688789331213,1.4843203997293814e-05
58,0.00016487376413786649,0.001581533155424321,0.0005999524763618268,4.768354839682127e-05,3.1421313741406115e-05,0.010433364192070322,0.00019752207031274526,0.0037976608298129493,0.0006926691357942463,3.784006496075632e-06,1.3616375079874981e-06,0.016480741836602947,3.134457897415282e-07,1.2259068691146192e-06,0.0003103171227120971,0.04994878235509182,0.015864021924493106,0.00018516252494355144,0.043238835794953516,6.3152412779566944e-09,0.010829771807527014,0.845350243995121,2.2895071639947887e-05,0.00019771939343861113,1.8136375519763936e-05
59,0.00016448190975360802,0.0015600958362932097,0.0007429258986847841,4.932583517618385e-05,3.3707187906969845e-05,0.009697269922428586,0.00020203865807427642,0.003908436414528139,0.0006944347705128278,3.740622271583314e-06,1.4880623290723366e-06,0.017623441580172643,3.236430164768754e-07,1.2358460400420552e-06,0.00030952162055289227,0.05225690255001983,0.01623920515117937,0.00016916097564727755,0.041220571603624884,6.918932435256388e-09,0.012102172325027695,0.8427921040656905,2.2646171235841217e-05,0.00018694818142105582,1.781424947973788e-05
60,0.00016147049385239286,0.001749360451821825,0.0006098072461275285,5.591374817516906e-05,3.4514188398944505e-05,0.009299434694673035,0.0001799709571355006,0.0036123570457772397,0.0007793356254228827,3.31377254496265e-06,1.9188379978360082e-06,0.016727718352340683,2.4301554340498376e-07,1.320784808120624e-06,0.000368119685132483,0.047176389447296276,0.013761794719063651,0.0001750024375440055,0.037567530064529196,6.210494943923714e-09,0.01083025907407822,0.8567325383485752,2.2374583284888786e-05,0.00012950644739710324,1.979976798450106e-05
61,0.00017146069235415265,0.0016433413724994336,0.0007561323442127892,4.9029225467097244e-05,3.643008425740085e-05,0.009808008352674778,0.00019903202674070386,0.00372391168919923,0.0007467376880877405,3.723064838980565e-06,1.6099943496864835e-06,0.017625859531708768,3.022737112974785e-07,1.3145758720260264e-06,0.0003296951300830654,0.05116485536949379,0.016240467865438174,0.00016709275406185132,0.042604629941668526,6.740026323949543e-09,0.012432020425903122,0.8420743170136408,2.372735716608762e-05,0.0001768975345143434,1.9396952029788834e-05
62,0.00016147049385239286,0.001749360451821825,0.0006098072461275285,5.591374817516906e-05,3.4514188398944505e-05,0.009299434694673035,0.0001799709571355006,0.0036123570457772397,0.0007793356254228827,3.31377254496265e-06,1.9188379978360082e-06,0.016727718352340683,2.4301554340498376e-07,1.320784808120624e-06,0.000368119685132483,0.047176389447296276,0.013761794719063651,0.0001750024375440055,0.037567530064529196,6.210494943923714e-09,0.01083025907407822,0.8567325383485752,2.2374583284888786e-05,0.00012950644739710324,1.979976798450106e-05
63,0.0001326719329880271,0.0021967292278017446,0.0004780781098726357,5.089762915052648e-05,2.932874767758932e-05,0.008997424846071207,0.00013365432736064204,0.003082196288167451,0.0007461118602060895,2.5671291148450796e-06,1.667542372143619e-06,0.013000953416619764,1.8588674931383986e-07,1.0430685069643126e-06,0.00036902299896321965,0.03857583522007956,0.011253827589937605,0.00016254549961581348,0.037314724173112386,4.803378123076037e-09,0.009098529948267035,0.8742309649298198,1.949764456558256e-05,0.00010270354440701399,1.8833635195044736e-05
64,0.0001280999034330115,0.0016294636679588567,0.0007859554216592429,5.0596756507170704e-05,3.2127386637731826e-05,0.009694832587819464,0.00016027832945206586,0.00302272482121261,0.0006602970080146408,2.919509677579347e-06,1.667650329011356e-06,0.01922939135211671,2.2569184539986017e-07,1.1984910620920814e-06,0.0003516359464919147,0.051481712193535055,0.01477465090677067,0.00015544721775781798,0.0328184935840216,6.427506978729976e-09,0.01779991280881887,0.847044054172214,2.550778486279052e-05,0.0001316960067648989,1.710437352993835e-05
65,0.0001469339330238767,0.0018340369123819077,0.0005861800816374142,5.374363724317525e-05,3.325818849833131e-05,0.009568242227460284,0.00017191140422198733,0.0032928493627631737,0.0007423569676808331,3.033831746754685e-06,1.781360996828888e-06,0.01642385221251161,2.2370076992356048e-07,1.2986472731821273e-06,0.000368756769775638,0.04585536691268574,0.013465751878961388,0.00017648217252537107,0.036456669081560124,5.992211474941948e-09,0.011496604396860165,0.8591475840012909,2.330262682859897e-05,0.00012969198641691782,2.0081712674378692e-05
66,0.0002688343559540143,0.00142644909716439,0.0010803213051562076,6.736092466087709e-05,6.02432437290937e-05,0.010503015227483786,0.000296714294551231,0.004630342713585358,0.0009855879866647673,5.243477337328874e-06,2.266305079710035e-06,0.019062787709266633,4.787572996992376e-07,1.6583420157120141e-06,0.00029576789661197,0.06960509639955013,0.02054888496155796,0.0001867312758332899,0.052533393939436346,9.897830385984717e-09,0.012590758630910089,0.8056071012200693,2.503810078015034e-05,0.00019502484078607753,2.0889096685433344e-05
67,2.360353332842044e-05,0.0022614449343385723,0.00019952821662349259,2.8104074760645646e-05,9.110677524642786e-06,0.016527601428110012,8.082954085210665e-05,0.000621939400272496,0.0002350900579935415,7.952309954462584e-07,5.420590680231797e-07,0.01231152878256753,4.980852764232123e-08,7.627955186674693e-07,0.0003072196171172809,0.025599966319463794,0.010353940036720041,0.00020484222601189974,0.01601415009913913,3.2296096820671936e-09,0.024608154575118828,0.8904274307479564,4.462437456796919e-05,0.00011704074376551979,2.1697490048342386e-05
68,1.074245815958591e-05,0.0006354102175455462,0.00021053179601323885,2.197665808329729e-05,7.321693642885041e-06,0.018424329946658265,0.00012739390703605077,0.0038607813517117775,0.00021732708971718278,1.5609364629761746e-06,6.717116156361343e-07,0.05964656885113623,9.675556086103893e-08,4.859019062843163e-07,0.0005844968731781716,0.030333897862982132,0.004385783745590807,0.0002092958664735791,0.0044916164422201975,6.526452298248238e-09,0.030108061688562157,0.8466219953084049,1.5364779643396823e-05,7.789386695056615e-05,6.387764291955986e-06
69,0.0001293834497887996,0.0017914841342051284,0.0005692097697934484,6.586189265106821e-05,3.3516101295371385e-05,0.008858040349867579,0.0001491687296447138,0.0035777466260196486,0.000940096909490493,3.486961657764272e-06,3.340272473901461e-06,0.018112899929318874,1.831582127583069e-07,1.2653767179646807e-06,0.0005451870884577234,0.036201707299968855,0.012238791890112061,0.00019899200275798475,0.024480166586230843,7.933466564472242e-09,0.013482562257892738,0.878485992329025,2.944535794730528e-05,7.854788812977791e-05,2.291570487359981e-05
70,0.00012619144879328742,0.0016583635118508355,0.0007296080905752697,7.709808850332273e-05,3.681842678119001e-05,0.012085663683986232,0.00018144914838263488,0.0037932801957403783,0.0009809740358232683,3.5562994790695754e-06,2.310158542737918e-06,0.019624493464992253,2.320292595686589e-07,1.1085526249545874e-06,0.00038219072064555346,0.06017574727641331,0.010244850714445,0.00016274107304587002,0.030435954559947197,7.46430034159428e-09,0.012648012097328923,0.8465164691793748,2.339201474789867e-05,9.262103136461153e-05,1.6866733051536574e-05
71,0.0006454438730065062,0.0004227029847110865,0.0009247152585924324,6.730452139449e-05,8.793319838853985e-05,0.010415919274935586,0.0023864531310789352,0.009634625574100502,0.0016959466138401253,1.6624040549053937e-05,2.022980537680655e-06,0.02524816277365708,1.081445605880108e-06,2.4342835722677707e-06,0.0001713882118706052,0.07461398428566332,0.04174636245797438,0.00014301274413365756,0.03596104884209505,1.3956964748558272e-08,0.006778562230327244,0.7883720212319015,2.7862805809064164e-05,0.0005961409356692488,3.8232343621147354e-05
72,0.00016217836240246006,0.0016183422524909767,0.0006269569968388635,5.657335482343852e-05,3.492255809909948e-05,0.00982269532101658,0.00019758617036604853,0.0038263135528503007,0.0007738532254173491,3.328136136762666e-06,1.8085593096800493e-06,0.017444041407354467,2.6705779147576193e-07,1.3047353275245314e-06,0.0003474678708913479,0.05295310520216961,0.014198809581091926,0.0001839465558116484,0.03821763125212384,6.450452689381366e-09,0.011256534706430378,0.8480932492206903,2.2076721929771765e-05,0.00013872908268575685,1.827166549790023e-05
