,0,1,2,3,4,5,6,7,8,9,10,11,12,13,14,15,16,17,18,19,20,21,22,23,24
0,5.322494884213144e-05,0.00010382099809015247,1.764905380584384e-05,1.6500968265440773e-07,0.0011995160159294822,4.7719921771999964e-05,1.3173930769467022e-06,1.1384891412216543e-05,0.006993781005705151,1.1618240802823507e-05,1.9548597837506436e-06,3.21198533057081e-05,1.417429893389191e-09,0.0004296314648499712,0.012573365602165954,4.743887744860805e-05,1.123812570791008e-07,1.7582393059548423e-09,0.9740584186236383,1.447784333207493e-09,1.7468461165301906e-05,0.0037343244292334507,1.1276558561951482e-07,2.9689706808981507e-09,0.00066484761002263
1,2.1393691988555395e-05,0.00011188548097186569,4.3624895279898876e-06,1.3997930000240673e-07,0.0004536769836732667,1.1581553965787216e-05,5.524554920654776e-07,1.0715409736077684e-05,0.0030971563589842527,1.528750540596937e-05,3.605702403455082e-07,8.854182130567547e-06,3.443965870138029e-10,0.00026088511324564234,0.009174626422030496,2.504538277649157e-05,1.0348055568752711e-07,8.061044603261187e-10,0.982174970354217,4.726629339215637e-10,2.2602711483339558e-05,0.003455428116297832,6.70035119109366e-08,1.4571178036197584e-09,0.001150301674183004
2,5.2381917457519744e-05,0.00021267712308424547,3.4913941971208777e-06,1.8188399376625336e-07,0.0005824563825829976,1.8197618467736658e-05,8.066390531546729e-07,1.2152170374208153e-05,0.0016110488268922974,1.4832188166130653e-05,6.348343221119916e-07,1.8332676502926117e-05,4.201010022561737e-10,0.00044937219938446794,0.028614875883351154,4.096982549272776e-05,3.982934956785419e-07,2.0440913120214648e-09,0.9550406257089874,5.336201315540882e-10,4.5295280269739335e-05,0.010976741846629244,3.9212184162596063e-07,3.2566708122178976e-09,0.0023041289309704716
3,5.33308478822562e-05,0.00026116539760247216,6.318864569391002e-06,2.988400061941963e-07,0.0008525206924651288,1.689180316575688e-05,8.90996974050794e-07,1.68054273207386e-05,0.0022687589730473654,2.012294533855e-05,8.085193379768644e-07,2.2640462692623463e-05,7.020048776665051e-10,0.0005063759807926712,0.014450859896546391,2.850693608720761e-05,3.5222793278359557e-07,3.0153602738958213e-09,0.971179927685741,6.966925980093694e-10,4.502578807667087e-05,0.008003505512838604,2.2682113720655236e-07,4.374099122815135e-09,0.0022646565922879937
4,5.417420300546035e-05,0.0003079278483088026,7.99634821084235e-06,3.427484559590781e-07,0.0011113103906080911,2.0530067736760254e-05,1.0049325415483449e-06,1.6338158212806248e-05,0.002553900950594637,2.2440428175697845e-05,9.133111472493198e-07,2.5591754263249216e-05,1.0418557597970147e-09,0.0006894100159335108,0.014924940482530196,3.0006005976148125e-05,3.5772392577829665e-07,3.3584680856855424e-09,0.9695051155324816,8.089633931667931e-10,4.4135491410005234e-05,0.008525165026838349,2.459244461228919e-07,4.908395291139597e-09,0.0021581425375144336
5,5.772026309445556e-05,0.00036197630702571954,7.031802983189557e-06,5.27512584362873e-07,0.001171533649906269,2.054871469137691e-05,1.0415371293841786e-06,2.201273684987812e-05,0.0021183642819377303,2.9914424344296764e-05,1.0047237019797691e-06,2.6531564392187473e-05,9.768674208743484e-10,0.0006572384685031278,0.013501507928095952,3.104159163551888e-05,4.67074891286651e-07,5.434253227672963e-09,0.9699050993168811,9.260414354065977e-10,6.557622212824959e-05,0.009122827310684372,3.4688519027519425e-07,6.4950830209272555e-09,0.002897673851104312
6,5.33308478822562e-05,0.00026116539760247216,6.318864569391002e-06,2.988400061941963e-07,0.0008525206924651288,1.689180316575688e-05,8.90996974050794e-07,1.68054273207386e-05,0.0022687589730473654,2.012294533855e-05,8.085193379768644e-07,2.2640462692623463e-05,7.020048776665051e-10,0.0005063759807926712,0.014450859896546391,2.850693608720761e-05,3.5222793278359557e-07,3.0153602738958213e-09,0.971179927685741,6.966925980093694e-10,4.502578807667087e-05,0.008003505512838604,2.2682113720655236e-07,4.374099122815135e-09,0.0022646565922879937
7,9.424697159858999e-05,0.000658137932956212,1.5622869673251224e-05,4.454575924315756e-07,0.0008960581554619269,1.811304881826482e-05,2.237296844462782e-06,2.242229611809176e-05,0.005273019691603155,2.3435937384927728e-05,2.005235731464537e-06,2.922995661116265e-05,2.7469006186891693e-09,0.0006305313428556857,0.01670467069834543,1.980662566049647e-05,4.561978640051777e-07,5.25783782754231e-09,0.964823829138994,1.5906335991178359e-09,3.322687169249035e-05,0.008079770483094915,1.8100772917861548e-07,1.1014209853691307e-08,0.0026725321737880825
8,7.827658963525429e-05,0.0004596256898668745,1.1364554601157786e-05,7.912979673160715e-07,0.0011969423000655532,1.0634743988795537e-05,1.457116420949908e-06,3.170554800824136e-05,0.0022397692010061054,4.686959852923959e-05,4.2590495658614415e-07,2.056674596944544e-05,1.132669043182449e-09,0.0007940584215725391,0.017132278444555393,4.886858567884108e-05,6.639978629374259e-07,3.1450582973011464e-09,0.9631773910568192,8.975608818665018e-10,6.658001520893519e-05,0.007476544019023076,4.774759955730973e-07,1.3713833939567962e-08,0.0072046898031460265
9,8.758636778339059e-05,0.0008137977069265113,3.0583984222834656e-05,1.0100449504422887e-06,0.0018210926705039111,9.909462362652631e-06,1.8969475683186222e-06,4.13761114319271e-05,0.005798853591508395,5.2666988315116724e-05,6.968891472131526e-07,2.4064286096558267e-05,3.056615262386567e-09,0.0008103341731604539,0.017067447937840607,2.8874772841816685e-05,7.571648931256179e-07,3.773458673425482e-09,0.959605721310077,1.3446133141153632e-09,5.1152154768928285e-05,0.005827125809693631,2.4310953763350655e-07,2.8747710189548802e-08,0.007924771593972084
10,5.33308478822562e-05,0.00026116539760247216,6.318864569391002e-06,2.988400061941963e-07,0.0008525206924651288,1.689180316575688e-05,8.90996974050794e-07,1.68054273207386e-05,0.0022687589730473654,2.012294533855e-05,8.085193379768644e-07,2.2640462692623463e-05,7.020048776665051e-10,0.0005063759807926712,0.014450859896546391,2.850693608720761e-05,3.5222793278359557e-07,3.0153602738958213e-09,0.971179927685741,6.966925980093694e-10,4.502578807667087e-05,0.008003505512838604,2.2682113720655236e-07,4.374099122815135e-09,0.0022646565922879937
11,5.73955507998833e-05,0.000295135400933464,7.083519801711851e-06,3.29101246623805e-07,0.0009180700850836591,1.792551212745152e-05,9.77866867479921e-07,1.7622614075418104e-05,0.0024296292153737423,2.1359123611107715e-05,8.930937325667269e-07,2.48698199231279e-05,8.802658918021723e-10,0.0005650591818573107,0.01471602826066058,2.857001161067635e-05,3.855181137627285e-07,3.43597886537039e-09,0.9700033000675967,7.919906870056576e-10,4.5333448468528374e-05,0.008507433703976873,2.422850295098964e-07,4.964664726622768e-09,0.0023423465462095896
12,0.00014155178050745775,0.0007403379894969295,8.057984233329927e-06,9.21486529877155e-07,0.004750787286258927,6.868940412650825e-05,1.0748678161093056e-06,2.0760211022568632e-05,0.0005334446393281543,4.7715520701568126e-05,1.6051858653094004e-06,0.0001490622969176829,2.1896666041426025e-09,0.00381273312917245,0.017908283751151076,8.482586335356735e-05,1.9403292726606346e-06,3.0135868862745326e-08,0.912152401590484,1.2541356636719086e-09,0.00016373864793861042,0.0559660536951412,3.016866556374595e-06,1.1258717871231829e-08,0.003442952635736602
13,5.7762858161041814e-05,0.00013655598364094797,8.017374181016481e-06,1.6710934042480815e-07,0.0006884418919480574,1.0729818102458086e-05,5.905766994073975e-07,1.3531853209603027e-05,0.002145427274639467,4.853695826058823e-06,1.6991467081126467e-06,6.777663385387203e-05,5.420743560694416e-10,0.0005459565715197236,0.015238413565927372,1.298225796532471e-05,4.311561892167826e-07,2.1124070979586267e-09,0.9699769805646445,5.637731857070198e-10,4.163372456272975e-05,0.00967790913785685,1.3098537369332392e-07,1.923786811560512e-09,0.0013700026776084933
14,1.843231613380646e-05,0.0010109468409605217,5.580273323937683e-06,4.7679917831707447e-07,0.0018043468565218065,2.519447286074103e-05,7.622457477303896e-07,1.8174907285688357e-05,0.003750914955524904,8.113151052823237e-05,8.358859802011059e-07,7.590271906109765e-06,1.6281209772159435e-09,0.0004888153166202102,0.010569448501150103,1.7757262015155496e-05,2.163598301322309e-07,4.030268461363506e-09,0.9734858549736718,7.721966627198509e-10,4.6983809580657884e-05,0.007173530973082847,1.3683698197961606e-07,6.875906177794962e-09,0.001492855324622745
15,5.33308478822562e-05,0.00026116539760247216,6.318864569391002e-06,2.988400061941963e-07,0.0008525206924651288,1.689180316575688e-05,8.90996974050794e-07,1.68054273207386e-05,0.0022687589730473654,2.012294533855e-05,8.085193379768644e-07,2.2640462692623463e-05,7.020048776665051e-10,0.0005063759807926712,0.014450859896546391,2.850693608720761e-05,3.5222793278359557e-07,3.0153602738958213e-09,0.971179927685741,6.966925980093694e-10,4.502578807667087e-05,0.008003505512838604,2.2682113720655236e-07,4.374099122815135e-09,0.0022646565922879937
16,4.5897836064306346e-05,0.00029027765435592424,3.527260321426947e-06,4.0829896388356015e-07,0.0006227925485104052,2.1729325746949046e-05,9.742455794682805e-07,1.947915734178106e-05,0.0014158986337289654,4.230343225371508e-05,7.450790933885921e-07,2.054094343110255e-05,4.808263191821111e-10,0.0005030445349663067,0.009995299224981153,4.3376255405273644e-05,3.304100022891103e-07,5.9602167305438944e-09,0.9737255006696351,8.947032816049407e-10,0.00010242049066567485,0.010821607195949476,2.976484105539429e-07,3.6900691517790798e-09,0.00232353812877736
17,8.711129889844317e-05,0.0003637346711782165,9.576500672516346e-06,8.495842313919299e-07,0.001357906504970591,2.430983594113969e-05,1.4058919089122882e-06,2.261578347616783e-05,0.0017144827122198294,2.8799393031998707e-05,1.1298457562354005e-06,4.9866053771837304e-05,1.34829617814829e-09,0.0014887615421677052,0.011414713866927634,4.1692629745872806e-05,5.196170532341379e-07,7.917013786757131e-09,0.9680570489982259,1.3067125045359424e-09,8.044826353437194e-05,0.011128838492569654,6.032058960979268e-07,6.15035428839519e-09,0.00412556858544549
18,0.00018713862521232058,0.0004871867990874022,8.906433937180533e-06,4.452558419436562e-07,0.000729978379043444,8.959321836911315e-06,1.3107899489902897e-06,3.0085488284030367e-05,0.0014384579924745398,2.5837074620068544e-05,7.032780833490154e-07,6.541078453501094e-05,1.1596737340720611e-09,0.0006761711777533906,0.013958125330845573,2.7914754561891635e-05,1.5903206208040268e-06,9.792867330954557e-09,0.9549878649744391,8.511027346761001e-10,7.412083874294253e-05,0.020967082374196658,3.96717307522624e-07,1.3723255941123726e-08,0.006322287761726914
19,3.659285353187446e-05,0.00028859257649305274,1.3535039615911963e-05,3.887395548335168e-07,0.0016957118995962178,1.8057495493396984e-05,7.507480676776522e-07,2.0808638831059325e-05,0.0038978452003081906,2.657050681760746e-05,8.535691465510227e-07,3.243750045718283e-05,1.3316159360157933e-09,0.0007381223185191223,0.011005027887421606,2.1805687538337104e-05,3.332990642675354e-07,2.6911108289104923e-09,0.9719258493332761,9.049126040418982e-10,3.890725388399088e-05,0.008348598062757524,1.2912228370928353e-07,4.511453886848933e-09,0.0018890728282482873
20,3.148302919803612e-05,0.00024233870121075587,3.918887212269778e-06,2.007479266919413e-07,0.000777672907830623,9.73791008317276e-06,4.895803219130662e-07,2.1320181707403955e-05,0.0018309838542108314,1.9856714515616274e-05,4.782647261031347e-07,1.740609900001901e-05,4.484269979569735e-10,0.0003352280479355846,0.015697824128441083,1.8949339911573556e-05,4.714076706411811e-07,2.0955519894366137e-09,0.9658356402193569,4.66172807527349e-10,4.5791467179230505e-05,0.013472303080844157,1.7378016097592601e-07,3.725050604322003e-09,0.001637724915353806
21,0.00011304162629245117,0.00025168445337588036,1.1261779746669906e-05,5.282917458787296e-07,0.0010510156130845475,3.4902835746663625e-05,1.961461756184895e-06,1.6974752279844023e-05,0.0019988408569464023,2.83832015298683e-05,1.2301647800815325e-06,6.131807933900784e-05,1.4899752572015928e-09,0.001170237069350085,0.01248208381229914,7.720641777644645e-05,3.708246434233832e-07,6.142184850184294e-09,0.9716271887160737,1.5761041275982573e-09,6.518712244348489e-05,0.008113692290948984,4.6622179819237327e-07,5.447992998439745e-09,0.0028924097517854645
22,7.27421301612472e-05,0.0002053620775635363,6.9525666114975466e-06,3.0307829719548827e-07,0.0008420562924554284,2.3761603132440226e-05,9.55624113666253e-07,1.923599392237447e-05,0.0018047975918868238,1.88036053786627e-05,1.2318990214196025e-06,3.701200395274235e-05,5.562412622104068e-10,0.0005626583417956152,0.013747466665594375,4.0149934000732995e-05,4.876697628118505e-07,5.3709039765625915e-09,0.9692762093272149,9.335782912612354e-10,7.557331546254076e-05,0.011256172723232628,2.936523789132226e-07,4.229379920311384e-09,0.002007762813957082
23,5.33308478822562e-05,0.00026116539760247216,6.318864569391002e-06,2.988400061941963e-07,0.0008525206924651288,1.689180316575688e-05,8.90996974050794e-07,1.68054273207386e-05,0.0022687589730473654,2.012294533855e-05,8.085193379768644e-07,2.2640462692623463e-05,7.020048776665051e-10,0.0005063759807926712,0.014450859896546391,2.850693608720761e-05,3.5222793278359557e-07,3.0153602738958213e-09,0.971179927685741,6.966925980093694e-10,4.502578807667087e-05,0.008003505512838604,2.2682113720655236e-07,4.374099122815135e-09,0.0022646565922879937
24,0.00011631792510700812,7.905342403008655e-05,4.3290514578168635e-06,6.398201930500478e-08,0.0001989762670107303,8.323304281389408e-06,9.180691292986029e-07,1.6375658667819395e-05,0.002654983974957579,5.567379794520911e-06,6.987132227069634e-07,2.0942412893738592e-05,1.572328570243176e-10,9.91419864593131e-05,0.03643613104744488,3.587096460468847e-05,5.292930304990027e-07,1.2162585476955917e-09,0.949906221376513,4.0046180227946025e-10,3.205633875077561e-05,0.00793725808339689,1.8482271919228884e-07,4.387616552457306e-09,0.0024460497629386984
25,6.841670664551827e-05,0.00017870576563290208,7.384635455519656e-06,4.300535921873458e-07,0.0006525668711357811,8.986923027845739e-06,1.2072782591565921e-06,2.974367142038031e-05,0.001602832233157182,1.1368053316488162e-05,1.4846862541749333e-06,4.1885008901342164e-05,8.852091543753967e-10,0.00045159977224730225,0.008901116353766452,1.9007799336858327e-05,5.476136894243537e-07,4.140695938346352e-09,0.9796844787480042,1.0740434188777588e-09,5.2112262549961805e-05,0.006647357867470339,2.2802593956608225e-07,5.027162860419121e-09,0.0016385285430857931
26,0.00022450462876096055,0.0005393598392903747,1.9002454144807344e-05,5.303447116005563e-07,0.001233944973088225,1.2874012828183862e-05,1.7944012669581961e-06,4.867773470589714e-05,0.0037199865018081382,2.758431079438228e-05,1.3900810858784127e-06,5.357551468324556e-05,2.2936954018144317e-09,0.00045178014421071416,0.018749578473553827,2.632876675011175e-05,1.973064025926143e-06,1.0522882524624444e-08,0.9561247696810136,1.2764908441273827e-09,5.676817687191768e-05,0.0140843127736748,3.4741044575675156e-07,3.305382137906663e-08,0.004620869565394872
27,4.503819187490545e-05,0.00020210401088322573,4.556781612694563e-06,1.6507302000436365e-07,0.0004959128463964658,1.6513370577894887e-05,6.994318551735493e-07,1.629635621910566e-05,0.003423979499154763,1.912355002471037e-05,5.438888121208757e-07,1.3207764940721973e-05,3.515138960592847e-10,0.00027143967992560806,0.019861573537335996,2.7637779657242057e-05,2.730328070272612e-07,1.9503816485280765e-09,0.9636142163455241,5.850085672179356e-10,3.64297614632211e-05,0.009528575099834858,1.4873364707165415e-07,3.211103766495175e-09,0.002421559166424978
28,5.33308478822562e-05,0.00026116539760247216,6.318864569391002e-06,2.988400061941963e-07,0.0008525206924651288,1.689180316575688e-05,8.90996974050794e-07,1.68054273207386e-05,0.0022687589730473654,2.012294533855e-05,8.085193379768644e-07,2.2640462692623463e-05,7.020048776665051e-10,0.0005063759807926712,0.014450859896546391,2.850693608720761e-05,3.5222793278359557e-07,3.0153602738958213e-09,0.971179927685741,6.966925980093694e-10,4.502578807667087e-05,0.008003505512838604,2.2682113720655236e-07,4.374099122815135e-09,0.0022646565922879937
29,5.33308478822562e-05,0.00026116539760247216,6.318864569391002e-06,2.988400061941963e-07,0.0008525206924651288,1.689180316575688e-05,8.90996974050794e-07,1.68054273207386e-05,0.0022687589730473654,2.012294533855e-05,8.085193379768644e-07,2.2640462692623463e-05,7.020048776665051e-10,0.0005063759807926712,0.014450859896546391,2.850693608720761e-05,3.5222793278359557e-07,3.0153602738958213e-09,0.971179927685741,6.966925980093694e-10,4.502578807667087e-05,0.008003505512838604,2.2682113720655236e-07,4.374099122815135e-09,0.0022646565922879937
30,5.33308478822562e-05,0.00026116539760247216,6.318864569391002e-06,2.988400061941963e-07,0.0008525206924651288,1.689180316575688e-05,8.90996974050794e-07,1.68054273207386e-05,0.0022687589730473654,2.012294533855e-05,8.085193379768644e-07,2.2640462692623463e-05,7.020048776665051e-10,0.0005063759807926712,0.014450859896546391,2.850693608720761e-05,3.5222793278359557e-07,3.0153602738958213e-09,0.971179927685741,6.966925980093694e-10,4.502578807667087e-05,0.008003505512838604,2.2682113720655236e-07,4.374099122815135e-09,0.0022646565922879937
31,5.8333098413657756e-05,0.0003947781931028312,1.0537667748486812e-05,4.7630272171648015e-07,0.0013287792566026644,8.472264994359304e-06,7.522410053362812e-07,3.111090616081095e-05,0.0021572707840597834,3.0805538192983507e-05,4.795900132845827e-07,2.6608212807649086e-05,1.2874209085001398e-09,0.0005789481241882323,0.007946811284268263,2.0831153491236652e-05,5.682860913590785e-07,3.867465871448504e-09,0.9762920683571936,7.915206908814025e-10,4.413799548890154e-05,0.008217152791169125,1.6856534737328879e-07,9.081092345132652e-09,0.002850894359438629
32,4.360840114492375e-05,0.00020987276083188222,5.147537385430518e-06,2.2849472827632232e-07,0.0006903364608996393,1.396525193338799e-05,7.254095440917831e-07,1.4943189552621946e-05,0.002154282699034101,1.7020190788391575e-05,6.404305627345129e-07,1.8286672213012105e-05,5.337322055539738e-10,0.00040858018660647796,0.013278655673059345,2.5505668489683768e-05,2.9103534029528424e-07,2.2090061116855855e-09,0.9739700606886814,5.783869893043365e-10,3.879242419037834e-05,0.007223136846397707,1.7201367123143065e-07,3.2620265377643604e-09,0.0018857413817931826
33,5.772485212472462e-05,0.0003899281794377079,4.8544860959422055e-06,2.7985459149916217e-07,0.001159317288057922,1.6254667588632867e-05,7.353919323380545e-07,1.710888538409528e-05,0.0012040787376567858,2.142200017276488e-05,7.39240979731933e-07,2.9047242089220362e-05,1.0029553343726935e-09,0.0006887146187013164,0.013046479374015194,2.666342746030085e-05,5.853710147103692e-07,4.44200300464517e-09,0.9648315198917898,6.885310893761759e-10,4.346355509129051e-05,0.016908015363151892,3.223020738670397e-07,5.0224935066688405e-09,0.001552734114607506
34,0.00011113188230892547,0.0014930398105580422,1.084411152392448e-05,4.826294744207526e-06,0.010195009138114369,6.791069175291402e-05,1.9078715678109013e-06,5.7453546582926496e-05,0.00031353380625027803,0.00011234865510311753,4.163463550222347e-06,0.0002575419532193223,4.679147168429523e-09,0.005251128403282115,0.018711403241041317,0.00011284137346169318,5.641834347957978e-06,7.155027246639721e-08,0.8980880202199528,3.2994092953360526e-09,0.00045359669701788364,0.05947486640009524,1.184576656652916e-05,3.359897122662258e-08,0.005260831711158178
35,7.296770625099335e-05,0.00019957543075596048,4.410106246080412e-06,2.905313875271594e-07,0.00021430861658149611,4.474418761962246e-06,6.138107224670803e-07,4.43021214443088e-05,0.003919772927981734,2.8197433906407906e-05,3.244036867072646e-07,1.7163686175739704e-05,4.406708860336814e-10,0.00011427788197380019,0.0036041636354617814,8.596723717820702e-06,4.2661934601510435e-07,5.727011339184546e-09,0.9796928945223022,7.954692176685868e-10,3.6475885266537457e-05,0.00811472545266443,4.051302304865941e-08,5.034509752814153e-09,0.0039219855746816905
36,0.00010413855771451327,0.0019874138512048214,6.119891016034859e-06,2.7673120603098577e-06,0.0017912786609248358,0.0019750894680828092,1.5774035583199786e-05,1.4430849557022686e-05,0.005520939759769531,0.00017113833772270772,3.23565851845677e-05,1.0657708580811239e-05,1.3938323646819305e-09,0.0025467420451069558,0.05719604964513488,0.00022954857005931994,9.644674258632594e-08,1.1288618989854181e-07,0.9098033617026476,7.63179265987548e-09,0.00038745900631953007,0.013834486477761228,6.5725046113242485e-06,1.1327134821103056e-08,0.004363445345265687
37,0.0001339188608557046,0.00031396459708785634,9.576958752717946e-06,3.1846862677435356e-07,0.000848524610793086,1.551426310332199e-05,1.3438710556917094e-06,1.6488485549887174e-05,0.0017443483690788178,1.5194263817351578e-05,1.0201218040119615e-06,4.3112829168780006e-05,1.0378835449794904e-09,0.0007728790854489746,0.0126114404320696,3.1168478777137494e-05,5.134001549634802e-07,5.118011802626531e-09,0.9709003517686277,8.027415522480372e-10,4.42479617893012e-05,0.009758094984989871,2.6906930663121587e-07,6.444225079146322e-09,0.0027376957162796923
38,9.794231764947929e-05,0.0001375205171403037,3.4781132116395645e-06,1.280739746975811e-07,0.0003619068288568841,5.268862562226509e-05,2.0453612607743952e-06,7.233399762391147e-06,0.001594553850864474,1.2155083104328572e-05,1.4498984520312445e-06,2.0822954815152448e-05,3.1591412890153e-10,0.0004868411596295051,0.028468496020231594,9.657298367181227e-05,1.722447900450437e-07,3.1580948637100803e-09,0.9589317840673055,7.56635948872283e-10,4.895171240037812e-05,0.00817862868108206,4.881908271878164e-07,2.30451752707687e-09,0.0014961333801850342
39,4.2137313223385014e-05,0.00014014535904740107,5.26262127505878e-06,2.638610460486175e-07,0.00074728466774682,1.7094513096176643e-05,6.663163926138738e-07,1.7142289266038544e-05,0.0019079947386759094,1.829417013490296e-05,6.694223783197037e-07,2.310295331143978e-05,4.027776674350153e-10,0.00039713860786458343,0.011578833085093249,3.582132168881877e-05,2.8417982038823594e-07,2.441720145873361e-09,0.9767851729281608,6.560903201226288e-10,5.4437615460978894e-05,0.006280417824632242,2.0246145316620576e-07,2.858396603555685e-09,0.0019476273912467958
40,1.8233145173737452e-05,0.0002726861194826796,6.310496807533045e-06,1.4279529479808633e-06,0.0016945338215015727,1.6647516312127606e-05,9.757813222212345e-07,4.617560273196122e-05,0.0034644969487915888,7.607641212032277e-05,7.93508623111515e-07,1.1085868541421589e-05,1.4853546130756061e-09,0.0003052642638175705,0.011376977359785392,3.6954083255935483e-05,3.7940352560769055e-07,2.8352503917636847e-09,0.9774450461180079,1.249672993288518e-09,6.503728145195383e-05,0.0021543119262392974,3.9287821773444035e-07,1.0459039686698213e-08,0.0030061774820245657
41,1.0363327067489229e-05,0.00021165138596640002,1.5213682175263597e-05,1.6204320731822737e-07,0.002048773946434644,2.539430432781186e-05,3.8843816828632925e-07,9.84397506413261e-06,0.017187881970323546,3.4577327994837295e-05,2.7171985346051455e-07,3.6428289593736544e-06,4.750986734341459e-10,0.00037577434826912334,0.025358555711861023,2.726811201335768e-05,5.464919683249594e-08,3.061971419725414e-10,0.9506564647511334,3.208147404495452e-10,2.0553996702973076e-05,0.0021588438449890632,3.660209110521854e-08,2.605820657218216e-09,0.001854279326269505
42,0.0001668926676145377,0.0011519178719271638,3.2791359079191794e-05,2.0952817734019717e-06,0.004069653430146766,6.986683273111285e-05,3.4005299801710755e-06,2.2113795020043935e-05,0.005552559048675358,5.424809230763979e-05,3.5684331282931195e-06,7.708094426380181e-05,7.660131373493443e-09,0.003216034224094958,0.018048642017180472,3.722394002220681e-05,5.757648197564012e-07,2.0108485145810114e-08,0.9514223511784093,2.0927893640381864e-09,7.397923984061608e-05,0.007587506707282935,7.919295652094085e-07,2.1774249383551405e-08,0.008406655076481685
43,3.7876615042652714e-05,0.00021941036069379326,4.517488813106855e-06,2.6495774176599484e-07,0.000826936139926622,1.7718494345378874e-05,6.812061140161915e-07,1.6944811760346197e-05,0.0020727356228296225,2.387852821405859e-05,6.534672847374831e-07,1.7160307577388792e-05,4.934560646792813e-10,0.00039526253157377405,0.013668757665195413,3.042396061098926e-05,3.077075119431604e-07,2.6124756951335173e-09,0.9727326919305851,5.953499911438662e-10,5.0263304633108727e-05,0.007999264901914252,2.098374270716652e-07,3.5229530160452118e-09,0.0018840329359703812
44,5.33308478822562e-05,0.00026116539760247216,6.318864569391002e-06,2.988400061941963e-07,0.0008525206924651288,1.689180316575688e-05,8.90996974050794e-07,1.68054273207386e-05,0.0022687589730473654,2.012294533855e-05,8.085193379768644e-07,2.2640462692623463e-05,7.020048776665051e-10,0.0005063759807926712,0.014450859896546391,2.850693608720761e-05,3.5222793278359557e-07,3.0153602738958213e-09,0.971179927685741,6.966925980093694e-10,4.502578807667087e-05,0.008003505512838604,2.2682113720655236e-07,4.374099122815135e-09,0.0022646565922879937
45,5.47438108202449e-05,0.00027297360931001263,6.333172616473922e-06,3.164110376060456e-07,0.0008626581788000544,1.7594298049114514e-05,9.029088095957305e-07,1.6837480100672808e-05,0.0022359992413433357,2.0941600791113485e-05,8.319463161930296e-07,2.336185468233744e-05,7.094205414856351e-10,0.0005300766756481118,0.01429202943694077,2.8966023541360623e-05,3.5913877468943233e-07,3.287475174904071e-09,0.9709342799672503,7.191874280232367e-10,4.7705334374928555e-05,0.00826333572911234,2.3821031711809005e-07,4.420593363611101e-09,0.0023895058346871255
46,7.254665494815927e-05,0.0002834478212328259,6.773845416960794e-06,3.2247349029206936e-07,0.0008979591573527491,1.1414629548912973e-05,8.046899170067823e-07,2.4446751018954487e-05,0.001860735950004028,1.885258983427661e-05,8.318219638931032e-07,3.2286591704668026e-05,8.415368222663165e-10,0.0004184847513923612,0.014926796951093653,2.4697938187399944e-05,7.970328846554818e-07,3.841529566100625e-09,0.9681971139077711,7.207419676945342e-10,5.1307208483144006e-05,0.010694115049676127,2.6220020967052496e-07,7.045885293133071e-09,0.002475989534175721
47,0.00018423607992796543,0.00024627843153922775,6.185785622405005e-06,1.610267227720298e-07,0.00041681666319200183,1.4023676068378983e-05,1.112777984345146e-06,1.594620977610978e-05,0.0014052201822052372,1.2704471925509732e-05,8.454016243882555e-07,5.802066419264321e-05,6.014818577521189e-10,0.0004394666322932198,0.014314997629880966,3.594419813746944e-05,7.162696854765266e-07,5.6189944538039336e-09,0.9612183970768874,8.250162623607341e-10,4.641114318108225e-05,0.018981662234851704,2.2521175045962097e-07,4.841323545790864e-09,0.0026006163457352443
48,3.297181497341486e-05,0.0002508485345283622,1.8516173752090888e-06,1.316434221892019e-07,0.0003750671199353841,3.271874383367313e-06,4.620197610320295e-07,1.885710972953845e-05,0.0007973485480822995,1.4921821682385552e-05,2.3670144520862614e-07,9.885519140369464e-06,4.693315940477498e-10,0.00018127430193154385,0.009501770132218612,1.367460958461863e-05,5.91719060474095e-07,1.3892587405912679e-09,0.9775835705437566,3.183138656052913e-10,2.386516025194077e-05,0.010123555500249876,1.355023772583004e-07,3.985504449920787e-09,0.0010657020437015857
49,6.071445288127769e-05,0.00021903495282006428,8.529743229145587e-06,2.934267120084929e-07,0.0012110726135792797,2.9494495763998297e-05,8.253305948359516e-07,1.7186695552769184e-05,0.0023043355165005557,1.924305310744366e-05,1.1787438130402409e-06,4.891587980985175e-05,8.182923143519829e-10,0.0007266678467460757,0.014952780077838252,3.633859058091643e-05,4.285543273818704e-07,4.444465685538237e-09,0.9650628452228995,9.850176724194933e-10,5.5381498109184044e-05,0.013353995592976054,2.709028927255774e-07,3.604062970977726e-09,0.00189045695742668
50,5.171626516118248e-05,0.00025639922113273553,6.153675406445926e-06,2.922013914978369e-07,0.000829470641248211,1.6585492713353212e-05,8.862343919211153e-07,1.6474631878344748e-05,0.0022534825994325928,2.0197629180470744e-05,7.716213776407965e-07,2.1583857273686822e-05,6.852235996934561e-10,0.0005005496235778044,0.014057476434389322,2.847219786657823e-05,3.339655399629426e-07,2.888812740948964e-09,0.9718445495659286,6.840198706736746e-10,4.369255964215924e-05,0.007834405205994968,2.1895867739900703e-07,4.209987704847113e-09,0.0022162789497513647
51,5.868257683874476e-05,0.00047588741154093363,7.317478887033941e-06,6.420874219947233e-07,0.0009257483252322538,2.1437912034434515e-05,1.5751365323810737e-06,2.568607761222749e-05,0.0023921855306966587,3.608157423040951e-05,1.4621838025727104e-06,3.0487936510025228e-05,1.1495224072622708e-09,0.0008608787763344479,0.009453405607764457,1.9777485580970802e-05,3.7578426323887764e-07,1.0254303452973731e-08,0.9695087810323494,1.1849211600168959e-09,8.269477888512573e-05,0.013741630015983481,2.623516553721877e-07,5.7526952126589015e-09,0.00235498159440152
52,0.00015738781455770939,0.0005472906269340472,9.642447910004485e-06,6.349392344248048e-07,0.0011587026033620651,0.00021660591775037903,3.5139120345327784e-06,1.7751757107369223e-05,0.005105821665520706,5.116971196627491e-05,4.622900882449315e-06,4.5326977000267166e-05,1.7460467355285568e-09,0.00127199261438377,0.028899730756023465,8.815292057326118e-05,3.724644631858596e-07,3.0567535499595167e-08,0.9361152457791291,3.231763639222125e-09,0.0001019921439783192,0.022842414986411503,9.651661807702577e-07,7.804838814506223e-09,0.0033606185444117753
53,0.00010875746606606536,0.0002899211689741526,7.37345884374e-06,3.487160421134129e-07,0.00030610890148538377,4.4636960809221705e-05,5.298325034280453e-06,1.3956874944003489e-05,0.0042370109643078534,2.0156296186451126e-05,2.2906733658307947e-06,1.5879910390947956e-05,7.793214526927217e-10,0.0005445084120969223,0.039317480605927095,8.541327118311733e-05,2.3363802304715667e-07,4.39546026771229e-09,0.9437723408320108,2.096282635749075e-09,4.7113856056829307e-05,0.00751204516388786,7.072800147616405e-07,6.0274545964663615e-09,0.003668403925830523
54,8.159279809732304e-05,0.00038813631574558275,6.2713209509775e-06,2.610649638513039e-07,0.00035689061628045983,2.2646356352884775e-05,2.0607781324807345e-06,7.598298503406901e-06,0.0026697371311933636,2.7064958165357566e-05,4.6176038353942567e-07,1.6773247103890542e-05,6.755188679148908e-10,0.0009621160438153288,0.017352714313750368,5.9514023577324175e-05,1.3135136975706292e-07,2.2588258291962443e-09,0.9649978073300469,9.060399112673799e-10,3.377114982213251e-05,0.007851372926616723,2.408434816734879e-07,2.6871371453140113e-09,0.005162830844124663
55,6.384050309177359e-05,0.0002792743014602847,7.600940333729632e-06,3.239876526193675e-07,0.0008264179662986201,1.663391840693192e-05,9.795679364040026e-07,1.8182457673586963e-05,0.002733885732195225,2.0187149498935002e-05,8.904561995234007e-07,2.7002862633387783e-05,8.489141393459593e-10,0.0005089415327108635,0.013810788058067397,2.5950169197727546e-05,3.775753247299932e-07,3.5383308349096506e-09,0.9710289751612251,7.96402139358631e-10,4.354930603644431e-05,0.007968178574321126,2.0276067196224515e-07,4.959880120273119e-09,0.0026178068755363234
56,5.567925645100886e-05,0.00029583071996451066,7.124285502890205e-06,3.180261580631694e-07,0.0009174294220997071,1.714932123536507e-05,9.56729883689809e-07,1.7662460576349145e-05,0.002492356774499148,2.102485801210663e-05,8.745326382520197e-07,2.388471327078819e-05,9.096438963544264e-10,0.0005375991802783456,0.014647986343362989,2.7481593232760912e-05,3.8499125885746693e-07,3.266655485661415e-09,0.9704359979577636,7.84840195418223e-10,4.3096335041254365e-05,0.008237682642309395,2.2681914888949656e-07,5.046492832179037e-09,0.002219243029679607
57,2.647852863809435e-05,0.0001273947668658694,5.861194216195137e-06,1.6588848816808065e-07,0.0008818309506374954,7.062060426981899e-06,2.968493400200649e-07,1.708667541293552e-05,0.0019039851694343465,1.453139308796713e-05,3.37470715024252e-07,2.486309791187008e-05,4.615676386192767e-10,0.00031416735281423433,0.007844013359645257,1.7107303445097778e-05,3.547962291837349e-07,1.2086661132564992e-09,0.9807980404488584,3.96363839006333e-10,3.240525849903924e-05,0.006698974470828227,7.239137259328975e-08,2.254625339034992e-09,0.0012849662519101065
58,6.287066845394363e-05,0.00032044099122460225,7.477282431525897e-06,3.320058765359132e-07,0.0009659615789219501,1.521012213848275e-05,9.899776262174073e-07,2.093038247983179e-05,0.0023361079463471513,2.2499847607009448e-05,8.671107063823674e-07,2.5353178904473995e-05,9.034655677012479e-10,0.0004970855488016262,0.01589389124658636,2.8099881834415764e-05,5.17385458639889e-07,3.6528422268681136e-09,0.9680278187642081,7.588209993377751e-10,4.870562708647335e-05,0.00923729708663612,2.621231910552264e-07,6.797218198022417e-09,0.002487269131132026
59,7.56712294373369e-05,0.00033166261201401893,1.0375125451168013e-05,3.776930494436538e-07,0.001094504453642684,1.5754375346358783e-05,1.137527717510371e-06,2.4432679760701184e-05,0.002699495630806427,2.3463668285442466e-05,9.832671887914663e-07,3.0241158141013326e-05,1.0305014828017673e-09,0.0005336399131778995,0.016780916801093844,3.088946246673466e-05,6.000958253021401e-07,4.2488932130403696e-09,0.9662090966887871,8.870989323102248e-10,5.396673065681397e-05,0.009192862667715485,2.7192160132932604e-07,8.929886120649902e-09,0.0028896412014549006
60,5.33308478822562e-05,0.00026116539760247216,6.318864569391002e-06,2.988400061941963e-07,0.0008525206924651288,1.689180316575688e-05,8.90996974050794e-07,1.68054273207386e-05,0.0022687589730473654,2.012294533855e-05,8.085193379768644e-07,2.2640462692623463e-05,7.020048776665051e-10,0.0005063759807926712,0.014450859896546391,2.850693608720761e-05,3.5222793278359557e-07,3.0153602738958213e-09,0.971179927685741,6.966925980093694e-10,4.502578807667087e-05,0.008003505512838604,2.2682113720655236e-07,4.374099122815135e-09,0.0022646565922879937
61,6.601442124818065e-05,0.00030503561802394853,1.0133768803739196e-05,3.360868651598259e-07,0.0010659031573704908,1.543039724205012e-05,9.981510191246664e-07,2.086657601693223e-05,0.002723104285612262,2.031199003030567e-05,9.645570362976445e-07,2.971075734960643e-05,9.424601262253363e-10,0.0005423402972860837,0.01591066271035769,2.794980921015136e-05,5.018531319688778e-07,3.5024151183706876e-09,0.9681191935477551,8.141895805245049e-10,4.875727884737112e-05,0.008473342511616506,2.2533628648289007e-07,6.838792184135535e-09,0.00261820479103369
62,5.33308478822562e-05,0.00026116539760247216,6.318864569391002e-06,2.988400061941963e-07,0.0008525206924651288,1.689180316575688e-05,8.90996974050794e-07,1.68054273207386e-05,0.0022687589730473654,2.012294533855e-05,8.085193379768644e-07,2.2640462692623463e-05,7.020048776665051e-10,0.0005063759807926712,0.014450859896546391,2.850693608720761e-05,3.5222793278359557e-07,3.0153602738958213e-09,0.971179927685741,6.966925980093694e-10,4.502578807667087e-05,0.008003505512838604,2.2682113720655236e-07,4.374099122815135e-09,0.0022646565922879937
63,5.721529856419516e-05,0.0003249768293389625,6.449948348495632e-06,2.9733161996087415e-07,0.0008060999202928325,1.6218842625702228e-05,9.607989452527435e-07,1.7295485757347415e-05,0.0024725126696573236,2.0968446960565093e-05,8.546232630121809e-07,2.1274094584075913e-05,8.059301883110069e-10,0.0004877267837485311,0.015597220634094695,2.6123282083957186e-05,3.8426137890110356e-07,3.264596702150901e-09,0.9689816807103631,7.451657205946768e-10,4.3356611606946826e-05,0.008739781261981739,2.210675650609121e-07,5.091761795435911e-09,0.0023783711897649457
64,4.697000780105646e-05,0.0002233472718277873,5.19350699864362e-06,2.872935196123758e-07,0.0007807850488248576,1.4875013842572368e-05,7.488248567133817e-07,1.7761310398670144e-05,0.0018507417779860197,1.9309310818856026e-05,8.264857404838407e-07,2.2232804268317692e-05,4.778726240185552e-10,0.00041998340675749967,0.014005328017853213,2.748618212766853e-05,3.7366403924492213e-07,3.1112054933544283e-09,0.9727556247104605,5.879570995558108e-10,6.500097526864734e-05,0.007564718930270046,2.222156408541555e-07,4.043291916380708e-09,0.0021781750203715877
65,3.74040373597238e-05,0.00011089371736246241,5.142104989072609e-06,6.923735432332993e-07,0.0035104893681666034,0.0001278360529847466,4.65631614122761e-07,9.788332515340962e-06,0.0006546556082596804,3.460737092852433e-05,1.3830128069665624e-06,0.00010815183272568297,4.4173930263564223e-10,0.0025477707856597855,0.0077634198095092345,0.00010327197933066238,2.4911957728446087e-07,1.0924870173875337e-08,0.9718114384758674,8.178902065395748e-10,0.00021769520731290814,0.011065149247948991,8.347170811124473e-07,1.2052349818783988e-09,0.0018886478247220066
66,3.433142698711258e-05,0.0001652562251215848,5.323908992259669e-06,2.3188212970926153e-07,0.0006716936265378113,1.547078364328234e-05,7.176597844568068e-07,1.316876069360908e-05,0.002368035356027785,2.0062955190734074e-05,5.090805724493753e-07,1.6599954796667397e-05,5.900493734199535e-10,0.0004300283892024172,0.00884287764167694,2.9340546680443627e-05,1.766734706227686e-07,1.7388659473188574e-09,0.9805706053056813,6.534857797302099e-10,3.0303753230394386e-05,0.005240459536888907,1.238901384144058e-07,2.2827847029218766e-09,0.0015446773773674244
67,0.00013366111044960016,0.0003213991539689008,1.4779940200976104e-05,7.280270556705479e-07,0.0014959670896249585,0.00012573013649330307,3.3249695063769005e-06,1.0319839373478618e-05,0.0018287664969915652,2.3162987393621275e-05,3.0790011323399045e-06,8.739546515254878e-05,1.481543726077795e-09,0.0030862711026963586,0.0406852069371119,0.00020157216332960555,4.380479027363545e-07,9.823688021373994e-09,0.9335934562997542,2.8560887865793158e-09,0.00011039087142882347,0.012901999900501067,2.564145766753488e-06,5.330048735340279e-09,0.005369766822795878
68,8.79722003374331e-05,0.00033463065213275414,6.636050690122183e-06,4.2257814788455774e-07,0.0008694249585433526,2.9533862651338458e-05,1.250578423178036e-06,1.947436256287181e-05,0.0022213760124994313,2.40872127418821e-05,1.4767189110459412e-06,3.624076013338248e-05,7.976129802218437e-10,0.0006076868586413633,0.01936163795390708,3.93974580942941e-05,5.51509190351263e-07,7.070427090934763e-09,0.9606935283381657,1.0884648474687689e-09,7.572119750043864e-05,0.012196336900776601,4.6244829211032775e-07,6.061846642292249e-09,0.003392136369305561
69,5.263070070635138e-05,0.00026951971256127774,8.313800029068045e-06,4.388895107369848e-07,0.0007373830213531857,1.2829658882782642e-05,9.890769602304553e-07,2.336742306891164e-05,0.002813763836059114,2.7650240692630995e-05,6.493885212919276e-07,2.0206490819499385e-05,7.830695982406668e-10,0.0004044169930109396,0.013429438925085671,3.4006435700918445e-05,4.124626470700662e-07,3.000091711322792e-09,0.9726390733102283,1.0144825044729491e-09,5.194467883320532e-05,0.005695269686026108,2.1495417142139073e-07,6.299535467382023e-09,0.0037774692179523145
70,0.00010357651531004541,0.000329026379077102,1.7827467453482495e-05,4.980824294452738e-07,0.0013944152613383446,4.221229238492358e-05,1.6108389330642745e-06,1.1215216117664915e-05,0.002889460818359796,2.203847647417452e-05,1.2490395816421161e-06,6.0642726684609886e-05,1.2869992824005477e-09,0.0021296800653422764,0.016475282100423424,5.905213955273343e-05,3.0276329235780506e-07,5.173491550559578e-09,0.9614096577159482,1.3152337292834522e-09,6.047804326905152e-05,0.010512627547605005,3.9366606026197205e-07,4.023997889804906e-09,0.004478741044639845
71,0.0002040537768552994,0.0001433031863082805,5.550518475123657e-06,3.577994634036762e-07,0.00024251638071075206,1.5105016825846286e-05,3.577843502473724e-06,2.324949174730191e-05,0.0010922751876575542,9.678227714311047e-06,1.8614574931830842e-06,4.6875985416886444e-05,6.274406850379695e-10,0.00045076450209883574,0.016802293624925604,6.973220914202461e-05,6.622284117058546e-07,7.552862843495306e-09,0.9697771240596708,1.8223889283659938e-09,7.251634613527842e-05,0.00838460582762739,7.802375414512204e-07,6.678153323914001e-09,0.0026530994114308203
