,0,1,2,3,4,5,6,7,8,9,10,11,12,13,14,15,16,17,18,19,20,21,22,23,24
0,0.11893420362398817,0.4488183515190397,0.006421038082166012,0.00011733802213615224,0.003420989225668017,0.001638860073293621,0.005014373475314225,3.294704095437012e-07,0.37209174063955175,6.364927473570985e-05,9.784458444186216e-06,0.0005257984498461637,1.6265410516550797e-05,1.1386079532939825e-05,7.138381018342105e-06,1.716237080578995e-05,3.3211305438078114e-05,7.930191461997387e-05,0.0346245672633298,2.6676700803794748e-06,0.0008809387981034087,3.284628522125242e-06,8.667052590893685e-05,0.0024368563181966173,0.0047440930193338665
1,0.1937589999520413,0.6253032152523568,0.018383461140385058,0.0003628789357669077,0.001040043392265929,0.0006893716364874438,0.013555897466771293,1.7654673063743644e-07,0.12302819040739486,0.00034783220424101794,3.79641262927445e-06,0.000850301616255767,4.717340950874738e-06,1.632733049971982e-05,1.8307595347914588e-06,4.509776382662442e-06,7.662390233174104e-06,0.0001264896397009745,0.007653761211635679,1.2766066985276815e-06,0.0006696924726991439,1.597328063311756e-06,0.00023253696161528757,0.0018015745228388046,0.012153858695820835
2,0.183987721043431,0.6764628069003711,0.010211144454056152,0.0002784151454400181,0.0022690201447878294,0.00042143502543202504,0.016075769494503192,1.452118202370816e-07,0.08129957975037205,0.000241204052541873,4.681000848755698e-06,0.0007752078122155153,4.1925508671543346e-06,2.887357697923401e-05,2.379336761338687e-06,2.53842926775642e-06,1.1116618277147746e-05,0.00011294022746054253,0.003969734237178329,1.6129478179627467e-06,0.00045739587387096006,1.436054756343779e-06,0.00033346647048558006,0.0009642366175221965,0.02208294702293575
3,0.17758210396591845,0.6771845469371733,0.014130786828014837,0.0005080210770135631,0.00135457898980027,0.0005988079916862326,0.014852216084547936,1.6592692636057734e-07,0.08690766743368677,0.00031011938211533447,5.834791210403048e-06,0.0009663857915949668,4.446784089387292e-06,3.00462650923918e-05,1.551235656580991e-06,2.7560242211813667e-06,1.2937162694030724e-05,0.00014369868069470058,0.005357610269343553,1.4159832653162974e-06,0.0007332041724459435,1.9674736987791207e-06,0.0004448072871664293,0.0017175634051596117,0.01714676005678364
4,0.18751736808134686,0.661812130788982,0.013634643830050907,0.0005158870438512466,0.0013540929325226237,0.0005663065105080545,0.014400472716533297,1.5295236798379797e-07,0.09160311950277178,0.0002755138708759689,5.853797564444922e-06,0.0011895587010373456,6.072577039374067e-06,3.2095378229142854e-05,1.4988052541642051e-06,2.621521008649976e-06,1.507024147042859e-05,0.00014902572751337916,0.005414967160036655,1.473068636096259e-06,0.0007871952034300812,2.1489783206497715e-06,0.00044245381062919245,0.0018076129753703271,0.01846266382464922
5,0.2026342628649442,0.654771689305978,0.013603624039367468,0.0007899139192720234,0.0010546984275015445,0.000596738597624514,0.013555388469054012,1.521296123143227e-07,0.08273468850870713,0.00036549457410115107,5.880959836304185e-06,0.0012084622440517014,5.137679284757228e-06,4.036652628987219e-05,1.2107250920175836e-06,2.514362199411824e-06,1.634370551103924e-05,0.00024038238315007986,0.00436182766966249,1.535253867720018e-06,0.0008535502742796075,2.4390773628281267e-06,0.0005087220645567954,0.0020255733230086464,0.020619402915684634
6,0.17758210396591845,0.6771845469371733,0.014130786828014837,0.0005080210770135631,0.00135457898980027,0.0005988079916862326,0.014852216084547936,1.6592692636057734e-07,0.08690766743368677,0.00031011938211533447,5.834791210403048e-06,0.0009663857915949668,4.446784089387292e-06,3.00462650923918e-05,1.551235656580991e-06,2.7560242211813667e-06,1.2937162694030724e-05,0.00014369868069470058,0.005357610269343553,1.4159832653162974e-06,0.0007332041724459435,1.9674736987791207e-06,0.0004448072871664293,0.0017175634051596117,0.01714676005678364
7,0.2104470180567999,0.6489034889888142,0.01661798084478184,0.00044558556292374253,0.0013063898795565912,0.0005888355525789083,0.015095247824379097,1.6327114381503008e-07,0.08050939931339127,0.0003092765083685089,5.579413300111759e-06,0.0009100834465817894,4.554412316126158e-06,2.6499096700668006e-05,1.3136124824716489e-06,2.4172869862909416e-06,1.1520484558201025e-05,0.00013875214247222536,0.005670565429627146,1.3042650318234194e-06,0.0006354806872153208,1.5937546769209196e-06,0.00042588601141859697,0.0018274584976763718,0.016113605656218215
8,0.16150901586640815,0.7477502489940323,0.01897156022175591,0.0005893793557243791,0.000872330336453982,0.0003929241528548024,0.014467429063025877,1.0540567015556377e-07,0.035728717042372016,0.0003862750105842277,3.772241259169904e-06,0.0007239147333426881,2.3472865138118748e-06,2.7283217427048306e-05,4.980508285290323e-07,1.1370919215024757e-06,4.704759596840879e-06,6.191091142353073e-05,0.0027601723687650736,1.1353343908160142e-06,0.0003349260075669445,5.534220212628755e-07,0.0007791208723148752,0.001589885120359182,0.013040653133386829
9,0.10983654842664722,0.7659273417518806,0.0218242121996602,0.0010413434952549422,0.0005935940079733659,0.0005174883316482243,0.014912523165952485,1.0508508542934293e-07,0.06236446705736429,0.0005312962944873812,3.3253719646457096e-06,0.0011542957846400964,3.1944318192207696e-06,2.4714267616536568e-05,7.610432278915141e-07,2.071368320392731e-06,5.623392972808136e-06,8.682014942331893e-05,0.0030031348457008025,1.4080544311840684e-06,0.000884031447705367,1.1443152520188842e-06,0.0006958178641260726,0.0020356380734385384,0.0145490997734071
10,0.17758210396591845,0.6771845469371733,0.014130786828014837,0.0005080210770135631,0.00135457898980027,0.0005988079916862326,0.014852216084547936,1.6592692636057734e-07,0.08690766743368677,0.00031011938211533447,5.834791210403048e-06,0.0009663857915949668,4.446784089387292e-06,3.00462650923918e-05,1.551235656580991e-06,2.7560242211813667e-06,1.2937162694030724e-05,0.00014369868069470058,0.005357610269343553,1.4159832653162974e-06,0.0007332041724459435,1.9674736987791207e-06,0.0004448072871664293,0.0017175634051596117,0.01714676005678364
11,0.1854983872305187,0.6659586366437236,0.014525369913337216,0.0005179751041405875,0.0014097751818095122,0.0005898898380508379,0.014983043671051502,1.6596199857627837e-07,0.0889928560239911,0.0003011031767915651,5.955175542287847e-06,0.0010784930126909909,5.597305863736892e-06,3.024178105586624e-05,1.5000567700148819e-06,2.8048929755185477e-06,1.4108145160551212e-05,0.00014412121410180322,0.005500346870673322,1.5559926661973912e-06,0.0007572676514380588,1.9865061545192634e-06,0.00046236508206169355,0.0018777795218366958,0.01733867404559546
12,0.15955438475236322,0.6401315794207891,0.02572995409377624,0.0005595828258397167,0.0009465130554136849,0.0005691459321624341,0.024004714411526382,3.517174107013802e-07,0.12150167216247768,0.0003088475337172415,9.053329893813655e-06,0.001722202249828856,4.340639357904828e-06,1.6594361304812265e-05,2.4872053706730277e-06,4.692474835171058e-06,5.734589013919097e-06,9.473329167432566e-05,0.011104618163762731,1.1167540305018204e-06,0.0007751347070044544,2.4817707796507946e-06,0.00039569327769037945,0.003016977708519974,0.009537393571456207
13,0.10173689279964988,0.7260050781619866,0.01516644426465324,0.0013704295271691502,0.001945724324693982,0.0004639036871851752,0.033474643775285445,5.912282466791159e-07,0.08214349174872793,0.0001770257074298833,4.976060906165995e-05,0.004915402059797874,6.323910670005082e-06,0.0001367055809946584,2.827109485528965e-06,2.601278524707306e-06,1.963587257670438e-05,0.00012660197492235967,0.006267829568653839,1.6634988660394776e-06,0.0012373838659160152,6.648908994504023e-06,0.001786165976535385,0.002726893940784161,0.020229330619188617
14,0.04679712353498498,0.9268519419047485,0.000866952250738561,0.00010625563493463588,0.001003157333499485,0.00011862601393512832,0.005788206165801335,5.941963405872239e-08,0.011790400507315908,0.00022675143081378487,3.0556889612064638e-06,0.00011197939202267335,2.5468182642335486e-07,2.21796662538329e-05,3.5870342516306145e-07,6.543182873744149e-07,2.194254559803757e-06,2.6755940030910325e-05,0.0027824141112906195,4.813873754912058e-07,6.230721992613484e-05,4.0325667387839024e-07,0.00019422482809211132,0.0003955085338085157,0.00284775382105924
15,0.17758210396591845,0.6771845469371733,0.014130786828014837,0.0005080210770135631,0.00135457898980027,0.0005988079916862326,0.014852216084547936,1.6592692636057734e-07,0.08690766743368677,0.00031011938211533447,5.834791210403048e-06,0.0009663857915949668,4.446784089387292e-06,3.00462650923918e-05,1.551235656580991e-06,2.7560242211813667e-06,1.2937162694030724e-05,0.00014369868069470058,0.005357610269343553,1.4159832653162974e-06,0.0007332041724459435,1.9674736987791207e-06,0.0004448072871664293,0.0017175634051596117,0.01714676005678364
16,0.12164012470665851,0.7360177474063914,0.00950524333154891,0.0005811729796585627,0.00102581993230851,0.00039734813791552536,0.01969135229112131,2.2422736207037997e-07,0.07868376100053555,0.0005019701217945956,4.7460271849260504e-06,0.0018126110926536675,4.453507131283041e-06,4.000105084951482e-05,2.1101507820672757e-06,3.6095310312133434e-06,1.425861162437395e-05,0.0001728821209818903,0.005961611753981926,1.56934342131125e-06,0.0015096196066431056,4.447132459921264e-06,0.00045409352737198184,0.0012783370719009323,0.02069088533668705
17,0.14104858860115163,0.7215967985311277,0.008928599086731982,0.0008855059201779876,0.0020266249293780163,0.00042914245563742057,0.018420444001397623,2.0272382487495698e-07,0.06447440466198016,0.0003418902484328779,8.628373228943051e-06,0.00198700755798039,8.827351841587798e-06,8.4883310006438e-05,1.460933699476376e-06,2.4660495194925775e-06,3.9315943983493145e-05,0.00019533280772746235,0.003718685898077075,2.7835022687507718e-06,0.001208718527996896,4.339046303224069e-06,0.0011624221571605762,0.001589374023604021,0.031833553356762044
18,0.24451630367369379,0.5941128194923471,0.01005126884306176,0.0005048888745637349,0.0020886811291549925,0.0004879886397975341,0.0163868282425954,1.0703023092875679e-07,0.06836348803803086,0.0004008610188660669,4.175644920315564e-06,0.001199873906125575,8.075416764043445e-06,5.852067248589783e-05,1.5469931961217342e-06,1.966393097633118e-06,4.2687436752700324e-05,0.0003592824835113716,0.0028036277430291997,2.2161256333787173e-06,0.001226837113352958,3.0602118870179677e-06,0.0005835083509551512,0.0010370642912242148,0.05575432223472209
19,0.13640354758008377,0.6846408407067248,0.01791596474633134,0.0007391278403065194,0.0010439606055335272,0.000372236920471251,0.027212611851247827,2.1159743187936498e-07,0.10149108863755033,0.00033921673635110334,5.309801519197979e-06,0.0022981574057438048,5.511421595396545e-06,2.9480076477299207e-05,1.9547212671136094e-06,3.2824950207308624e-06,1.0322072281703404e-05,0.00012575664216374151,0.00453702305508346,1.252796252464252e-06,0.001097343929366565,3.109016338665864e-06,0.00043667743215104797,0.001473575144142216,0.01981243676856437
20,0.13306932635607865,0.678427370058048,0.01745136812315076,0.0007435262953324166,0.0011253395543954342,0.0005457310503805389,0.0240060386269115,4.893637122661379e-07,0.11199563145933544,0.0003660034166053114,1.010950313111302e-05,0.0019405820910391935,4.200000867065163e-06,3.523079539847114e-05,4.952965178543098e-06,5.1348583899065305e-06,1.3861117446710521e-05,0.00017279141587029292,0.008140778287634778,1.4943340734881195e-06,0.0011666753464935316,6.455695159952028e-06,0.0004698504157357231,0.0016033036658071027,0.018693755203824013
21,0.1524521003660631,0.6995291428497711,0.010842524010394173,0.0006035012091514921,0.0007644075232775379,0.0004607030973366063,0.012469961277907138,1.8202955616604689e-07,0.10246391629940158,0.0003407442324904564,3.967732297651956e-06,0.0013515676333867592,4.055052685743153e-06,3.8228608330375854e-05,1.25842070012759e-06,4.3775151010422335e-06,6.541415404457752e-06,0.00015693599004247647,0.004569840728846807,1.2396680613444894e-06,0.0006722408680932447,1.916452635588517e-06,0.00022308757787501072,0.0014130869660549327,0.011624472475134916
22,0.3256031615621799,0.530999521684004,0.014512758587628715,0.0004523672725267794,0.0014307983866494352,0.0007856958830038355,0.009440922483613026,1.4644805483213708e-07,0.08449216415147126,0.0003259256917501471,6.341274351766851e-06,0.0006006541339968261,4.812410346279916e-06,3.1260975983924553e-05,1.5097088214452304e-06,2.4797532049016895e-06,2.859334434233274e-05,0.0004030191056506322,0.004963899877232283,1.5254715368767851e-06,0.000767392616809759,2.698006690811026e-06,0.00035995138764258373,0.0018351303090966369,0.02294726947341108
23,0.17758210396591845,0.6771845469371733,0.014130786828014837,0.0005080210770135631,0.00135457898980027,0.0005988079916862326,0.014852216084547936,1.6592692636057734e-07,0.08690766743368677,0.00031011938211533447,5.834791210403048e-06,0.0009663857915949668,4.446784089387292e-06,3.00462650923918e-05,1.551235656580991e-06,2.7560242211813667e-06,1.2937162694030724e-05,0.00014369868069470058,0.005357610269343553,1.4159832653162974e-06,0.0007332041724459435,1.9674736987791207e-06,0.0004448072871664293,0.0017175634051596117,0.01714676005678364
24,0.14775384389138557,0.7565563239393179,0.007694710003481398,0.0005497277088668779,0.0009350056602240306,0.00044084297068862897,0.008901776520701343,1.2564222626612429e-07,0.05765990977751987,0.0003011662782756139,4.252897092332162e-06,0.0007525240658559816,3.274452302280412e-06,3.897932046362034e-05,7.962241240736429e-07,2.1035545718386153e-06,1.126532244447333e-05,0.00012850819804359235,0.004062125138497648,1.378751100661516e-06,0.00047453895329376385,1.5316207198969973e-06,0.00039564259408603463,0.0013991272897192165,0.011930519224996824
25,0.10334281829731791,0.7704946466477077,0.011529326079316596,0.001121479718529039,0.0014228903971381976,0.000579589199281878,0.02383861631197941,7.269232765638317e-07,0.0652970657405715,0.0003155132541876819,2.5201047574591983e-05,0.0016120971089670312,2.692811275126949e-06,9.534249506687496e-05,1.7184983075520675e-06,3.9412943256731925e-06,1.1623856426956063e-05,0.00013136390490758168,0.007204765440070936,1.4311059053001475e-06,0.0007036829086486783,3.7504870188909593e-06,0.0008746539507637823,0.0021717942526521977,0.009213268268782536
26,0.39914931200204706,0.46635101524964306,0.01712979683596753,0.00034417303734387997,0.0013134195649807867,0.0009029202589481257,0.005147638862122924,5.273119052618537e-08,0.08539725426380419,0.0001940315089850554,5.072967762732837e-06,0.0004453694650762214,8.530128604885001e-06,1.353686845957712e-05,4.0581429804199926e-07,1.4338138542705372e-06,1.9056262747003583e-05,0.00019441565792484183,0.005885815293673752,1.5742283104006012e-06,0.0005009301598220253,8.138610483741555e-07,0.0004893350715024129,0.005540436779383756,0.010963659312498526
27,0.15759049008480353,0.6760298915423171,0.013452190130855026,0.0005845431818625734,0.0012113710743210048,0.0006449784886324374,0.014746610482705555,2.3495288695604827e-07,0.1075140029835342,0.000307543919353983,7.828611347729414e-06,0.0011571881290479479,4.2651197318364465e-06,3.135529645633493e-05,2.557344297573919e-06,3.7689334619827045e-06,1.4985657780667298e-05,0.00016926374661798972,0.007121856464454274,1.4316113640916457e-06,0.0008796201019171937,3.7905325562960968e-06,0.0004370433832551969,0.0019125822069859433,0.016170606019452544
28,0.17758210396591845,0.6771845469371733,0.014130786828014837,0.0005080210770135631,0.00135457898980027,0.0005988079916862326,0.014852216084547936,1.6592692636057734e-07,0.08690766743368677,0.00031011938211533447,5.834791210403048e-06,0.0009663857915949668,4.446784089387292e-06,3.00462650923918e-05,1.551235656580991e-06,2.7560242211813667e-06,1.2937162694030724e-05,0.00014369868069470058,0.005357610269343553,1.4159832653162974e-06,0.0007332041724459435,1.9674736987791207e-06,0.0004448072871664293,0.0017175634051596117,0.01714676005678364
29,0.17758210396591845,0.6771845469371733,0.014130786828014837,0.0005080210770135631,0.00135457898980027,0.0005988079916862326,0.014852216084547936,1.6592692636057734e-07,0.08690766743368677,0.00031011938211533447,5.834791210403048e-06,0.0009663857915949668,4.446784089387292e-06,3.00462650923918e-05,1.551235656580991e-06,2.7560242211813667e-06,1.2937162694030724e-05,0.00014369868069470058,0.005357610269343553,1.4159832653162974e-06,0.0007332041724459435,1.9674736987791207e-06,0.0004448072871664293,0.0017175634051596117,0.01714676005678364
30,0.17758210396591845,0.6771845469371733,0.014130786828014837,0.0005080210770135631,0.00135457898980027,0.0005988079916862326,0.014852216084547936,1.6592692636057734e-07,0.08690766743368677,0.00031011938211533447,5.834791210403048e-06,0.0009663857915949668,4.446784089387292e-06,3.00462650923918e-05,1.551235656580991e-06,2.7560242211813667e-06,1.2937162694030724e-05,0.00014369868069470058,0.005357610269343553,1.4159832653162974e-06,0.0007332041724459435,1.9674736987791207e-06,0.0004448072871664293,0.0017175634051596117,0.01714676005678364
31,0.05617701226168443,0.6467229626722525,0.005472201162449837,0.0008632158855404629,0.0024933354013342555,0.0012055826852467519,0.011554807516787271,7.616143553697735e-08,0.23415318098223822,0.0001676802168886233,1.2693675419221063e-05,0.0017907526659425297,8.798169389075325e-06,5.5633570006539616e-05,5.113389454435856e-06,7.462536509453584e-06,3.474096994666681e-05,0.00015142995151123248,0.004341828116852155,2.42562931913701e-06,0.0020754545731905645,7.030110588242819e-06,0.0006336793002078665,0.0024602298281302688,0.029602672567674848
32,0.1834896946328559,0.6763920802691622,0.013573193401189218,0.00044176276552878853,0.001257578683687205,0.0005957103692632495,0.013844292960160657,1.7163993644153932e-07,0.0846321303368265,0.0002991202017666111,5.8385778805920884e-06,0.0009227949403282728,4.329773892135678e-06,2.724353761489128e-05,1.5202751440365833e-06,2.6643504468268802e-06,1.233779747180107e-05,0.00013584605715483047,0.006521906014648797,1.2996637847956237e-06,0.0006893129500641776,1.9835567724566213e-06,0.0004096735518988007,0.0017936379315149067,0.014943875761005825
33,0.16879371162893578,0.691539090535066,0.01302792276851937,0.0005675475067038885,0.0014065476774096158,0.0006586557343684528,0.014270988328721425,1.8967346859073643e-07,0.08281531176701644,0.0003383388140712682,6.765435188761824e-06,0.0009823034316345863,4.951436278454078e-06,3.552200958823103e-05,1.4735214874025038e-06,3.0895096478707746e-06,1.5856152076539382e-05,0.0001515908026399324,0.006007787291081335,1.6371926201914333e-06,0.0007781186038102913,2.3000419285547266e-06,0.0005287392275303962,0.001966379069289887,0.016095181840916628
34,0.19811237243144691,0.6553763297575428,0.013948914158534833,0.0003929966475470956,0.0012353622339927176,0.000554784835247535,0.01300972354447569,1.491932491612508e-07,0.09305918498598838,0.00024244931076589,5.348525258359254e-06,0.0008933840004611661,4.293068310273743e-06,2.3667438934032637e-05,1.4408550839361506e-06,2.4000160962976976e-06,1.0885291277725484e-05,0.0001298248926641922,0.0060792517280884376,1.1287835413510249e-06,0.0006216200252717268,1.6989018433019736e-06,0.00033320159471828215,0.00169828985001775,0.014261297929642118
35,0.35149651530768133,0.5021380819848354,0.015031204248508855,0.00037119798801782595,0.0007071140752223696,0.000312887739724127,0.014061108204637435,1.7229499536089967e-07,0.0935010560038473,0.0002668082196850534,2.93296973036753e-06,0.0009883251679879415,3.3835924572833704e-06,1.7575094693521965e-05,9.228205867626327e-07,1.7523521865058664e-06,8.536177305887551e-06,0.0002945745595667375,0.004700226682837368,6.673827396642067e-07,0.0005761957018997178,1.7678048412625698e-06,0.00015161712736573677,0.001215602390370401,0.014149774108275759
36,0.19569025135730164,0.611149333002339,0.012034570776840491,0.000464141556853756,0.0009249613012383343,0.00025191654971124785,0.02528369907838617,6.028583155380507e-07,0.11939459995263076,0.00020986346928088763,6.157044506619915e-06,0.004655398845779779,1.0595661654847046e-05,3.8980149736483564e-05,3.6612456960590856e-06,6.156074118836903e-06,1.4538910052951123e-05,0.0001454393572318046,0.010712487875032239,1.2953004077371556e-06,0.000722825098544346,6.397949583668543e-06,0.0001816743784586364,0.0010262856685270935,0.01706416653777112
37,0.3365796885399803,0.5560854847345279,0.017038991924689918,0.00045083321335349,0.000815221900267499,0.0003749765230088391,0.011928907394165897,9.224639889826021e-08,0.05476564137167253,0.0003478427899520454,3.895408367923591e-06,0.0007434484044897641,3.8118801236135613e-06,1.7336615440136484e-05,4.4453991743814574e-07,1.2046897569029373e-06,9.155460107436613e-06,0.00020233971185511514,0.004229337467741988,1.012899520181643e-06,0.0004674328217131164,1.090460510950524e-06,0.0004302283320366985,0.002758265884905066,0.012743314785496276
38,0.14852963912182626,0.7115526933427642,0.012306084519354618,0.0007110001313588014,0.0012783316784234155,0.0005224734168294298,0.014441862757550012,1.8970861401365684e-07,0.08219922690849844,0.0003215757708502964,6.706922285397995e-06,0.001228286946428452,4.894327713566714e-06,3.88177472076582e-05,1.4974085131921688e-06,2.695851997020675e-06,1.8325812344291686e-05,0.00016314363043914835,0.004903084721615578,1.7790708943458653e-06,0.000954145229574368,2.857069431737941e-06,0.0005942703201569231,0.0017531964400666305,0.018463221145262297
39,0.24959495702183937,0.46636005569850386,0.04583244988960872,0.0008120671931525335,0.0016826388028083163,0.002567219727462343,0.021145421212355336,5.596264992800946e-07,0.16186444254648852,0.000670956173198462,8.793546650941095e-06,0.0013654517237580617,1.6468275347723177e-05,2.8406609481947193e-05,3.532649576262081e-06,1.0345099106984809e-05,4.078987935417459e-05,0.0003220668919628153,0.015963218853402968,2.9520043328636203e-06,0.0029620723467239825,4.283173793343714e-06,0.0005978652338555475,0.003774406153853471,0.0243685796668821
40,0.1933174066859352,0.6323583814371352,0.019420099010114423,0.0002614588577278891,0.0013023135180385852,0.00041089452677022133,0.017968160549175244,1.0887700678962739e-07,0.10572849431147471,0.00016057073192650634,4.191775593994174e-06,0.001258920957606217,4.369336725657213e-06,2.1470012461906255e-05,2.244927981594343e-06,1.6793817712021366e-06,6.506219119251356e-06,8.00637278421033e-05,0.004195715306127646,7.442446596434044e-07,0.0005128330850951017,1.3360672408946537e-06,0.0002548475532167768,0.0009558098941064118,0.021771379005146595
41,0.2149256549289002,0.6049521078154606,0.015253439270467923,0.00034253448959685207,0.0020508349018264938,0.0005574941875112914,0.015593461123566988,1.3759040153346032e-07,0.1213167285844621,0.00019055871184741339,4.953907361057029e-06,0.0008103100709326007,5.071579658077579e-06,2.1218120346124355e-05,2.0412726789152526e-06,3.179445361617004e-06,9.811724954308576e-06,0.00011969880445454911,0.004067678225620277,1.2855948718623568e-06,0.0004928625583654075,1.2115286762883751e-06,0.00025931848467573246,0.0013326569658390498,0.017685750112162932
42,0.13388697559780474,0.6386410028317214,0.02122091027607543,0.0009107330754678449,0.0007003510214382716,0.001025512924527831,0.017576402118798254,7.616772421430311e-07,0.13942520120123444,0.0006362550947660008,9.53344759912107e-06,0.002427371836942967,8.829907917508026e-06,2.5791282000230687e-05,4.4590647534874325e-06,1.2566910402763173e-05,2.0962237610997766e-05,0.00020285695200898053,0.025133077372424324,2.3103178999885823e-06,0.0021212750137698964,1.0367271896742606e-05,0.0004916670338115241,0.003684461322396674,0.011820364209488487
43,0.1218955470788945,0.7253428196637084,0.015506791275718239,0.0007918349129052228,0.0011925703380596584,0.0016547803215243692,0.014215193407423738,3.056851485213294e-07,0.08068004543764441,0.001801038481518653,4.850154117741961e-06,0.0006769224492921622,5.94350315377872e-06,3.969717697870021e-05,1.9406159960450394e-06,7.527720082821418e-06,3.065111864210985e-05,0.00031041405288005343,0.010719349845290249,3.8108567558951835e-06,0.0027925625155890404,5.079494585461216e-06,0.000880975990205922,0.0028390935827243328,0.018600254321159852
44,0.17758210396591845,0.6771845469371733,0.014130786828014837,0.0005080210770135631,0.00135457898980027,0.0005988079916862326,0.014852216084547936,1.6592692636057734e-07,0.08690766743368677,0.00031011938211533447,5.834791210403048e-06,0.0009663857915949668,4.446784089387292e-06,3.00462650923918e-05,1.551235656580991e-06,2.7560242211813667e-06,1.2937162694030724e-05,0.00014369868069470058,0.005357610269343553,1.4159832653162974e-06,0.0007332041724459435,1.9674736987791207e-06,0.0004448072871664293,0.0017175634051596117,0.01714676005678364
45,0.19394925063508908,0.5512746184709737,0.029163820186787204,0.0005997799960704304,0.0016141850905262863,0.000998837382381492,0.028787217138499837,7.256064685570598e-07,0.1631427210222276,0.00031466418917628887,1.3978840611582237e-05,0.001386957468674847,5.117290112428075e-06,2.3336707352133682e-05,7.269244183166662e-06,1.123908002159075e-05,8.999151297996929e-06,0.00015896291156530302,0.011665271148218633,1.4493774404918898e-06,0.0006290998934441268,3.5555284777194837e-06,0.0002746769657368004,0.0022976015179175147,0.013666665156745163
46,0.17869363186896597,0.6508636814837846,0.014731824241163424,0.001817802399673935,0.0016289979008219286,0.0018551361266786655,0.008569132506976102,3.0340203045587936e-07,0.08611205487554062,0.0005154968517187438,1.536395587950818e-05,0.0015763278127798389,2.4747920913672816e-05,7.852651862398322e-05,1.986419279839052e-06,5.882855054203272e-06,0.0002262894732313789,0.0004183195928778543,0.011450813362045141,6.360888126610818e-06,0.0029583934269430856,1.2475650026534625e-05,0.0019198803810995578,0.005336053663949528,0.031180516421814842
47,0.15001975236411283,0.7175346684778748,0.013847685884353327,0.0005663876195128361,0.0014086954273241042,0.0006690216784604182,0.014627380180080987,1.7699878611683708e-07,0.07700648561605981,0.00031902621968987765,7.046165126905378e-06,0.0007683431794805199,3.2197695721909354e-06,3.469937795538329e-05,1.4619366604095505e-06,2.408937312490569e-06,1.1335280687355468e-05,0.0001299812681821027,0.004848383138485601,1.3561324293896663e-06,0.000655193724851723,1.6895462522177355e-06,0.000532263761866301,0.0016747441068321696,0.015328593208050223
48,0.23351380180900635,0.2382319325077728,0.04515688356660054,0.001119413054035858,0.0030273578101070705,0.0002893495260144397,0.05225164960085423,1.431880186543909e-07,0.2466436407532408,0.00016389097418780207,3.7573001780886175e-06,0.003754510691338759,8.69650299752491e-06,4.1240995571097396e-05,8.415301940439627e-06,4.4883637124071244e-06,1.0979452074509068e-05,0.0005071199299156673,0.0002653292395313387,2.0502031529850814e-06,0.001665408926441909,1.990633998340049e-06,0.0002513374038633246,0.00041273577978052006,0.17266387648566456
49,0.1686837246665925,0.6720881638452357,0.019951144367814772,0.0007484861245115763,0.001024196511494128,0.0006791098095854348,0.015952317587961305,1.672601204088189e-07,0.08924647697831178,0.00038929324538467073,6.1247685573408846e-06,0.001395472265051208,5.47879273972409e-06,3.3831309627128266e-05,1.5655867255379992e-06,2.710132028992827e-06,1.3405174818176633e-05,0.00015979707658662868,0.005186643957416477,1.5508683385298265e-06,0.0010196132970749024,2.480182777642885e-06,0.0006224135654971718,0.002173604231028666,0.02061222839471943
50,0.1582990694608434,0.7170254386338545,0.01375630654220777,0.00032422991887598397,0.001380837908715656,0.00025711112246620083,0.04702972632127797,2.9673601861595596e-07,0.029059254600801308,0.000801826514342612,3.6444964911634813e-06,0.0012042113477895048,2.6439661076391325e-06,4.1638597294128874e-05,1.3411291552505775e-06,1.7671719955430152e-06,6.759581517563177e-06,9.184218924718603e-05,0.004490992516118766,1.0938054547445808e-06,0.0005150461335799711,1.4929579151360011e-06,0.0005797222372237997,0.0006784230957284619,0.02444528301497699
51,0.07432514034847647,0.8798434261609038,0.003245529713193493,0.0004101770232782919,0.00014968418173577207,9.40771406254176e-05,0.004144447431373496,8.493149729842438e-08,0.02945254534476539,0.00012300203236298101,1.9298394669127737e-06,0.0005716358449002805,4.27449217984083e-07,2.4963843512151303e-05,4.2461121252868085e-07,4.213314223605526e-07,2.7404177882718732e-06,6.340322651031611e-05,0.0024723312083571435,2.3917435421577906e-07,0.0001831204234295446,1.5025916681056897e-06,0.0001089582793796032,0.0003562548072502702,0.0044235326433181305
52,0.552209710569409,0.22426578894861265,0.015271653207399732,0.00020752916496538876,0.001810136306794494,0.003375422063679989,0.004597925482558985,1.8673373403148194e-07,0.165357880988094,0.0003137717024346582,8.325395764890292e-06,0.0001467994432119104,3.5234038977750924e-06,3.123544897576219e-05,4.8095106293282225e-06,7.192161917410622e-06,2.066022566125543e-05,0.0015845829728017226,0.005388707283083241,1.2710598222715799e-06,0.0002946352658603464,2.1016313108697747e-06,9.65753022718181e-05,0.0017022739031958935,0.023297301823912573
53,0.10734397966752586,0.6597304250378956,0.019716375140117058,0.0006765303535367373,0.00292569513550778,0.0003344851729209009,0.08549100846705864,3.830067887287944e-07,0.08535809433392258,0.0004041132106723387,1.0987499946080537e-05,0.002697854376718816,4.486114654198695e-06,4.130572088065883e-05,3.6710722618973462e-06,3.928743547417318e-06,7.120759470697912e-06,8.578411250813926e-05,0.003577890439949581,1.5247236314303777e-06,0.0008894552638189906,2.4425147844346157e-06,0.0008717260537663415,0.0013206423497567452,0.028500090728358334
54,0.17040598978196833,0.6995827280547734,0.012095544329825802,0.0004224078099698562,0.0012200124974605289,0.0004954563777538996,0.013779170000186811,1.346947086262418e-07,0.07613487902683488,0.0002930083943199139,4.451517445506304e-06,0.0008744561159643697,3.556694123688793e-06,2.9416766675372847e-05,1.489809038145254e-06,2.2877654602179242e-06,1.0250155336461513e-05,0.0001225203946779234,0.004492510256272053,1.1953588801844064e-06,0.0005763162000429838,1.6336634965124116e-06,0.0003668902982552282,0.0012489631132430732,0.017834730923286513
55,0.0437365528667793,0.9028449073410236,0.005986547070494461,0.00044313747432525217,0.0027796557866374225,0.0013050046601598025,0.009571573842150303,3.6607904904891996e-07,0.007213359125684621,0.0012821511450483078,1.7661684365483994e-05,8.894431745304497e-05,5.855240179094837e-07,0.00012313526058826358,1.4165787791578047e-06,1.7846065720256896e-06,3.63892419479377e-05,5.9661644992166735e-05,0.005132488986511876,3.4766116731870217e-06,0.0004524291421876911,2.0242360603685406e-06,0.0043268512820195636,0.0008857418182327948,0.013704153673246317
56,0.18607394888688378,0.6641793801369188,0.014555370598761162,0.0005102591759651438,0.00136061645825034,0.0005947614498272446,0.015153208106558866,1.6666443809312422e-07,0.08931738943867686,0.0002985163538956593,5.999900147932301e-06,0.0011193589267053427,5.528849043717291e-06,3.0771740838645334e-05,1.5597836493261032e-06,2.731103886508075e-06,1.3993390955851514e-05,0.00014468527439509898,0.005710573436823574,1.4774541779540085e-06,0.0007659404232250684,2.068603822483921e-06,0.0004555153293054947,0.0018426985728164623,0.01785347994003071
57,0.16990186889063008,0.6646896659782888,0.013114333517771418,0.0004963595507879482,0.0011631116385618612,0.0004045201640551306,0.016799817883332457,2.1199200954216092e-07,0.09995813013912873,0.00032471658992098827,4.439805116645716e-06,0.002283438024769642,1.1253122565760782e-05,2.7272563498827795e-05,1.8523739341571207e-06,4.042313312466753e-06,1.9754515894702996e-05,0.00012778359991718816,0.008090740061560308,2.1830317837133875e-06,0.0010427992771514481,3.5625552615206235e-06,0.000428876659655183,0.0018007014669119044,0.019298564284179632
58,0.20389926423864538,0.643668315531469,0.015259362202679707,0.0005007676880974451,0.0012845489192286658,0.0006299176485000718,0.014126129294206832,1.5365334471606292e-07,0.09419887623072239,0.00027135563526663734,6.7192744598418745e-06,0.0011126205033691907,5.568853280552994e-06,2.604517411710152e-05,1.2823383750406836e-06,2.6388746957332265e-06,1.1985587915791928e-05,0.00013924252385128958,0.006652487637138039,1.3433104789821762e-06,0.0007140010828704966,1.834256568139932e-06,0.00047247550469088325,0.0025836836033361964,0.014429380432692046
59,0.19064148029219338,0.6510178385229954,0.018138197858840098,0.0005554277718941045,0.0012803923683863576,0.0006664801635856994,0.015133047024806758,1.6527391943230656e-07,0.09634400807023666,0.0003055063257710803,6.815732566946019e-06,0.001069320635932662,5.061502686283925e-06,2.4717565439454093e-05,1.3983361470972283e-06,2.882714098893223e-06,1.1252368327891406e-05,0.00013495062304811405,0.006251299495422214,1.4555547260102247e-06,0.0007860985042252834,1.8426165518424312e-06,0.0005140724527623926,0.002636494304216368,0.014469793921219247
60,0.17758210396591845,0.6771845469371733,0.014130786828014837,0.0005080210770135631,0.00135457898980027,0.0005988079916862326,0.014852216084547936,1.6592692636057734e-07,0.08690766743368677,0.00031011938211533447,5.834791210403048e-06,0.0009663857915949668,4.446784089387292e-06,3.00462650923918e-05,1.551235656580991e-06,2.7560242211813667e-06,1.2937162694030724e-05,0.00014369868069470058,0.005357610269343553,1.4159832653162974e-06,0.0007332041724459435,1.9674736987791207e-06,0.0004448072871664293,0.0017175634051596117,0.01714676005678364
61,0.19301814254730798,0.6522429207499341,0.017715427258937842,0.000530535470166248,0.0012936957323598094,0.0006278209605996891,0.01567508471401228,1.6788772662853366e-07,0.09256541253996625,0.00030671847123649485,6.609422462634882e-06,0.001076767632243345,5.101382788523819e-06,2.4693061240493937e-05,1.4113701947440986e-06,2.733591191772406e-06,1.1226427483821012e-05,0.00013486341079435593,0.006181710959476122,1.4238634663315482e-06,0.0007604109403856808,1.8347406097877985e-06,0.0005021542282224236,0.002474791149611631,0.014838341487580979
62,0.17758210396591845,0.6771845469371733,0.014130786828014837,0.0005080210770135631,0.00135457898980027,0.0005988079916862326,0.014852216084547936,1.6592692636057734e-07,0.08690766743368677,0.00031011938211533447,5.834791210403048e-06,0.0009663857915949668,4.446784089387292e-06,3.00462650923918e-05,1.551235656580991e-06,2.7560242211813667e-06,1.2937162694030724e-05,0.00014369868069470058,0.005357610269343553,1.4159832653162974e-06,0.0007332041724459435,1.9674736987791207e-06,0.0004448072871664293,0.0017175634051596117,0.01714676005678364
63,0.15781627444034646,0.7204589820327567,0.011587968021692232,0.00042707380108177674,0.0011616546919701552,0.0004905528930923558,0.012154779253955235,1.3059246423298197e-07,0.07264533527317811,0.0002819559971168086,4.742524082874411e-06,0.000799985272927407,3.4656128474521704e-06,2.6358040204841756e-05,1.3074764133442175e-06,2.118639390687122e-06,1.078318721414706e-05,0.00011229326842306764,0.004933842720969333,1.2204942601954579e-06,0.0006050579014927206,1.666925111002543e-06,0.0003991317578620626,0.00143446227186517,0.014638856909281558
64,0.1548217465680169,0.6921769536463241,0.014603422164662837,0.0005845257775929264,0.0012609017384673628,0.0006393993109682397,0.015096600775233239,1.571331636470364e-07,0.09074686003503345,0.000371097367255452,5.318523063231885e-06,0.0011596168525085857,5.39258862397561e-06,3.2224239305431254e-05,1.6060086026474443e-06,2.8420043417161338e-06,1.511968024062197e-05,0.00015237869131370617,0.005400718590986853,1.6522614131357e-06,0.0011434166601409707,2.418865739968884e-06,0.0005293038998026766,0.001835703408713143,0.019410623208485217
65,0.1780122454372925,0.6764922011568681,0.014105853931391457,0.0005065666962198316,0.0013545579110346186,0.0005984002068516434,0.014797149156833597,1.6516669670311776e-07,0.0872891193970542,0.000307996088459011,5.835087509206928e-06,0.0009665171946774114,4.458387798051596e-06,2.992167729228172e-05,1.5497289246720688e-06,2.755198659561592e-06,1.2933204671496315e-05,0.0001437196879655951,0.0053639969216705665,1.4121894986991582e-06,0.000731281971656907,1.9660935824279523e-06,0.00044263147391198737,0.0017219769231511589,0.01710478911032844
66,0.3490168697853401,0.4760532882055078,0.028962674824462555,0.00034848596311665836,0.0032798282587248617,0.001503501991776367,0.014361330297113964,1.0648935907105736e-07,0.08805927529099004,0.0005154872826333463,6.229079041987921e-06,0.0004905396429283392,1.1828616006568245e-05,1.918458053299159e-05,1.066865627457073e-06,2.9897477162190315e-06,3.0087246230941864e-05,0.00023643126171566715,0.006116484092088679,3.2558410872119546e-06,0.0012409400841898702,1.0653274695046565e-06,0.0008017652263461061,0.004354694032568922,0.02458258996742487
67,0.17803639936402701,0.6472990267144821,0.02120029275848525,0.0015211273170683862,0.001975383942634605,0.002196422589939745,0.012784195665488616,2.0119085202595098e-07,0.08875294080089956,0.0006673373418871408,1.0536555446533546e-05,0.001110143372990055,1.3557127660476197e-05,8.85567597949608e-05,1.32783682162398e-06,5.000098343602341e-06,4.520418696097054e-05,0.00029578501115186477,0.005429112004461636,4.6653614167602985e-06,0.0018044285650446238,2.607250777043784e-06,0.001698183498814321,0.0043504819528026656,0.03070708273174853
68,0.1840110886285528,0.6689676760959333,0.015520637576867202,0.0005507994794198602,0.001225309394196226,0.0005959277989617282,0.014579958433865396,1.6296812452554978e-07,0.08791091954035675,0.0003197972784532636,5.604585426865356e-06,0.0010075528685960739,4.442157802676776e-06,2.9210967232284774e-05,1.384389507547149e-06,2.644362167030399e-06,1.2559500743441235e-05,0.0001506488998224293,0.005210267170438769,1.3851726916255993e-06,0.0007910675697600379,1.9424386842939475e-06,0.00045809778058219787,0.001828802496515368,0.016812112445298108
69,0.14412196911875508,0.7120261072686163,0.01674096394677408,0.0006650814489349451,0.0014261980980030892,0.0006865906937260055,0.01709386210761184,2.069689681577819e-07,0.08159571714385694,0.0003405861855224351,8.619686103728691e-06,0.00107430092062159,4.303681764798442e-06,3.093018377960425e-05,1.5347980228677951e-06,3.072593598096717e-06,1.1109765991712074e-05,0.00011159854675561128,0.0061160274392708484,1.6386967130151129e-06,0.0008722092814568026,1.9212666295297447e-06,0.0007046630808665068,0.002569246827217012,0.013791540250439455
70,0.43672998578702704,0.3654604600375475,0.032789093578155,0.0007158904765392658,0.0015534671779278138,0.00025139111358296324,0.02548798720694571,4.958762679007729e-07,0.08873405196249755,0.00028675540558215746,2.2371446911536913e-06,0.0013880174743518786,7.546750187271704e-06,5.148446929999926e-05,2.40840902079868e-06,5.83969915676913e-06,1.3178739697000583e-05,0.0003562850471490122,0.0008644326269571121,2.440289199917751e-06,0.00023958302427349736,1.2015913980672474e-06,0.00010760650873203939,0.00028983241748592676,0.044658327186326514
71,0.19376918058583356,0.6501017912334056,0.016770025499187505,0.0005452757888888438,0.0011895535624379227,0.0006891957957335492,0.015205607011563285,1.8499146818821924e-07,0.09393891756489811,0.00030480311809893073,6.683971952528907e-06,0.001014607733171024,4.272164972766636e-06,3.0015903481138153e-05,1.6483376498649715e-06,2.7321140666956153e-06,1.321519541789417e-05,0.00016680848994519407,0.0061171167864260394,1.1745717452735527e-06,0.0007895752106914889,2.2718486424561883e-06,0.00042244016727926867,0.0018631208684422571,0.017049781484600495
72,0.1845315374419722,0.6624458513013554,0.015157337553726318,0.0005215937275120493,0.001350154033397151,0.0006273188705720387,0.015423619607392053,1.7802737597470767e-07,0.0928106408679013,0.0003115707862991365,6.013712944767824e-06,0.0010125370807531823,4.6922705395358685e-06,2.9905494876911185e-05,1.6098274849278623e-06,2.956085880499909e-06,1.2909551501152141e-05,0.00015240841745326828,0.005574942579095816,1.4084866111696058e-06,0.0007673659349823225,2.0205360449460255e-06,0.00042480271745647894,0.00178666100504088,0.017039964081830693
