,0,1,2,3,4,5,6,7,8,9,10,11,12,13,14,15,16,17,18,19,20,21,22,23,24
0,1.0328402222731428e-05,4.639406933248263e-05,5.527273124165209e-06,1.998134358225383e-06,4.933976875920707e-05,0.0007191155170758575,0.0012950061009906607,0.00028698634144265207,0.13887035906868897,0.00032398316371501937,0.0011182111332346488,1.1713293042703508e-06,2.181440574031497e-08,2.8126885511089037e-06,0.006494693754207631,0.00032039026542759303,1.0551797132501894e-08,3.7473963437573826e-08,0.8503659964544124,2.7700499896471947e-07,5.926121711357301e-05,1.8949891176993137e-05,2.704513500729977e-07,7.958364626861426e-08,8.778546700363419e-06
1,3.628055565726147e-06,2.7319948706441955e-05,9.699418521818461e-07,1.0134591698977987e-06,1.4031455655567094e-05,0.00015381592118475436,0.00037454221686744767,0.0001832209425147044,0.054430885101549295,0.0002599611029485741,0.00018402403821419483,2.512396094706495e-07,2.3930713701042504e-09,1.1912301367212496e-06,0.004366225034751294,0.00014269594577887324,5.963921412246655e-09,9.319345276104522e-09,0.9397610876261638,4.7171330804589144e-08,7.270709399409858e-05,1.051565411516898e-05,9.538067390303258e-08,1.966291619413218e-08,1.1734099963088974e-05
2,9.763123547319103e-06,4.6399879009002997e-05,6.737613267925538e-07,1.084484222860215e-06,1.553286066556909e-05,0.00027168529408761995,0.0005696891796929342,0.00019053041372416304,0.028273579273801933,0.0002225697161658134,0.0003595038514514796,4.795304342469386e-07,2.663521521326947e-09,1.743169647429952e-06,0.015082617459744617,0.0002513145919067218,2.1819565277754888e-08,2.3205601085373547e-08,0.9545116836559339,5.481994245019705e-08,0.00013476072482013164,3.526142245384706e-05,5.284481318931904e-07,3.998607954250458e-08,2.0456664522087668e-05
3,9.260365241847732e-06,5.333428287715443e-05,1.1058873076883395e-06,1.623559067780164e-06,2.1394878572683354e-05,0.0002380938577643268,0.0005639982963267859,0.00022682864876339467,0.03747929874893711,0.0002768912807468312,0.0004550472833001742,5.040729708189213e-07,3.820684205831727e-09,1.7197328734228591e-06,0.006770524510311944,0.00015462289181472313,1.658265048231432e-08,3.136584656174745e-08,0.953577477504826,5.928902889426677e-08,0.00012882116322861567,2.0454419727922836e-05,2.5183217533112196e-07,4.817000154171969e-08,1.8587554953820358e-05
4,9.55095152786919e-06,6.58932542298905e-05,1.4536766977161145e-06,1.870370360194011e-06,2.749452696843103e-05,0.00028469323222362665,0.0006506371967128057,0.0002307392122703946,0.04364303076288119,0.00031827937466733506,0.0005179437393056168,5.856580498392065e-07,6.0608974543841756e-09,2.265042586228195e-06,0.007259627183031417,0.00016722574968404242,1.808458545126165e-08,3.539178911833995e-08,0.9466503415853915,7.491888511409259e-08,0.00012691077212719632,2.280845111232663e-05,2.805986227607429e-07,5.8228620652161414e-08,1.817597677189064e-05
5,1.087604644423086e-05,6.233159144962613e-05,1.1179176282331724e-06,2.3086448703966987e-06,2.6204128139273408e-05,0.00028558662265012005,0.0006155333879901344,0.00027589168523216333,0.03389701460472042,0.0003478682635071182,0.0005879515293257592,5.604677767809096e-07,4.549959812097954e-09,1.8151096758396206e-06,0.006032673803487637,0.00015532379812795716,2.108514118151388e-08,5.351963623444871e-08,0.9574856276079633,6.877175028174461e-08,0.00016923245037093383,2.1418867049520015e-05,3.051472936834549e-07,6.483800540250153e-08,2.0145561803831887e-05
6,9.260365241847732e-06,5.333428287715443e-05,1.1058873076883395e-06,1.623559067780164e-06,2.1394878572683354e-05,0.0002380938577643268,0.0005639982963267859,0.00022682864876339467,0.03747929874893711,0.0002768912807468312,0.0004550472833001742,5.040729708189213e-07,3.820684205831727e-09,1.7197328734228591e-06,0.006770524510311944,0.00015462289181472313,1.658265048231432e-08,3.136584656174745e-08,0.953577477504826,5.928902889426677e-08,0.00012882116322861567,2.0454419727922836e-05,2.5183217533112196e-07,4.817000154171969e-08,1.8587554953820358e-05
7,9.092086872727697e-06,5.1902661336450404e-05,1.0750342939454023e-06,1.6002707910069374e-06,2.132901103048104e-05,0.00023708619697583678,0.0005477907427849857,0.0002244675366254787,0.03658925123854562,0.0002751702162480905,0.00044282476864344113,4.990507778351259e-07,3.6679634291497423e-09,1.7042361626402887e-06,0.006741652224223808,0.0001558609220679402,1.642323383953653e-08,3.072816523039744e-08,0.9545296987212065,5.7710072057193314e-08,0.00012973312789273542,2.038512472379977e-05,2.5237294342246775e-07,4.6765178112299e-08,1.846916124061107e-05
8,1.4064638785557076e-05,6.022556546267843e-05,1.411796313438019e-06,2.140681312417316e-06,1.853049476576527e-05,0.00010812500196467491,0.0006880678445453515,0.0003872971402884832,0.03737211058894641,0.0004916888835631649,0.00016086548613972036,2.999203086924303e-07,3.646182148322757e-09,1.252546868018566e-06,0.008194801283022026,0.0002484319763251327,2.8298829391312915e-08,1.9420606468139677e-08,0.9520515778040389,5.07425669555334e-08,0.00013730506947040382,1.4883842325636527e-05,2.9095036923946565e-07,1.2856745812730416e-07,4.639780954100631e-05
9,1.686905318061983e-05,0.00011454816999537065,4.18435948308781e-06,2.9181531907079926e-06,2.714053780304091e-05,9.500778599486046e-05,0.0009720069133477508,0.0004906758708725544,0.10122419203459354,0.0005101561791919911,0.000302953827389798,3.737409107940201e-07,1.2084694008832893e-08,1.2997782333701354e-06,0.007121937329886061,0.0001226620343934138,3.156796142913212e-08,2.597266026596457e-08,0.8888396441047863,8.302246592474649e-08,9.364032680648399e-05,1.092913634250256e-05,1.3285782824207868e-07,2.839590984129275e-07,4.829119888949107e-05
10,9.260365241847732e-06,5.333428287715443e-05,1.1058873076883395e-06,1.623559067780164e-06,2.1394878572683354e-05,0.0002380938577643268,0.0005639982963267859,0.00022682864876339467,0.03747929874893711,0.0002768912807468312,0.0004550472833001742,5.040729708189213e-07,3.820684205831727e-09,1.7197328734228591e-06,0.006770524510311944,0.00015462289181472313,1.658265048231432e-08,3.136584656174745e-08,0.953577477504826,5.928902889426677e-08,0.00012882116322861567,2.0454419727922836e-05,2.5183217533112196e-07,4.817000154171969e-08,1.8587554953820358e-05
11,1.0121053625498078e-05,6.0501716891655796e-05,1.2472849751793424e-06,1.7987332900773359e-06,2.2795865131594724e-05,0.00025401433768716425,0.0006309356735080472,0.0002407060938540068,0.040471988289330435,0.00029558721867735545,0.000503727051239068,5.532029796358239e-07,4.912443147823492e-09,1.9093881285287184e-06,0.0068885417314115,0.00015704829556724477,1.8266792840434783e-08,3.617830718957166e-08,0.950288738674027,6.976135295020318e-08,0.00012821773932699765,2.184659482965424e-05,2.7051956097067504e-07,5.56680057091972e-08,1.9265749056675362e-05
12,2.4400469215012175e-05,9.345960879379396e-05,7.892826695156934e-07,3.3644546787204687e-06,0.0001077545678934102,0.001353273604998583,0.00045904749084597636,0.0001611522666554816,0.004896266900907507,0.0004999956137689523,0.000895863584938884,2.6137104691327727e-06,6.340472140928888e-09,9.90692812433509e-06,0.0087310396414727,0.0006798386238642267,7.962309402042536e-08,2.745681596275948e-07,0.9813985359920097,7.377608588085303e-08,0.0005396149754916986,0.00011617161015652914,3.827063955077205e-06,7.479137449479322e-08,2.2574509904669114e-05
13,9.207507187684773e-06,5.1189710387215524e-05,1.1567262220248351e-06,1.5676137360608533e-06,2.097939885255332e-05,0.00022436568704538155,0.0005448331627777401,0.00022164253741491742,0.03770099714698702,0.00023917970207831094,0.0005005339114669233,5.64923940701558e-07,3.752115390178835e-09,1.7577278767454608e-06,0.006960612754118387,0.00014262369314781639,1.7093605039735818e-08,3.021146745233273e-08,0.9532080716662946,5.914952325917783e-08,0.0001310763272851879,2.0961971072308103e-05,2.453241500715464e-07,4.498803821666793e-08,1.8277313208948748e-05
14,1.8292063194576325e-05,2.1356850581029855e-05,1.1693423019821739e-06,1.3097419064784822e-06,1.1877006816122348e-05,0.0001784696976358699,0.0006514700062680971,0.0002218351489710355,0.024729850578556218,0.00011228635128491018,0.00040223268549868406,1.258958197971219e-06,2.2912908902922358e-09,2.0583882192713747e-06,0.008658066791847443,0.0002617891370673941,2.3506441488194888e-08,2.5973258993222244e-08,0.9645328329631049,7.01352777828895e-08,0.0001385998952292604,2.632130621956411e-05,4.6753689508449543e-07,3.246011013580176e-08,2.8301183824608048e-05
15,9.260365241847732e-06,5.333428287715443e-05,1.1058873076883395e-06,1.623559067780164e-06,2.1394878572683354e-05,0.0002380938577643268,0.0005639982963267859,0.00022682864876339467,0.03747929874893711,0.0002768912807468312,0.0004550472833001742,5.040729708189213e-07,3.820684205831727e-09,1.7197328734228591e-06,0.006770524510311944,0.00015462289181472313,1.658265048231432e-08,3.136584656174745e-08,0.953577477504826,5.928902889426677e-08,0.00012882116322861567,2.0454419727922836e-05,2.5183217533112196e-07,4.817000154171969e-08,1.8587554953820358e-05
16,9.359456081057184e-06,5.284868778191959e-05,5.866777488849479e-07,1.7327680591197093e-06,1.610224453678919e-05,0.0002754545682085841,0.0005062659867742082,0.0002714992090793288,0.02134418185758382,0.0005364032442657317,0.00037862666272086757,5.01233861282268e-07,2.0904905873245697e-09,1.4818163786091425e-06,0.004951320150705572,0.0002137732958984603,1.972908161748164e-08,6.16901044261579e-08,0.971082320822811,5.2946090982935445e-08,0.0003088981452822804,2.9476919094604193e-05,2.763374963276201e-07,4.299094580984564e-08,1.8710468918062212e-05
17,1.4450103078653486e-05,5.034656371139121e-05,1.4306249396930767e-06,3.040626872710811e-06,2.656516564072166e-05,0.00030346091914532623,0.0007090896119377122,0.0002767527934983895,0.02924251556414435,0.0003008453691866974,0.0005906240650133366,9.223215394526402e-07,5.1208716427167115e-09,3.135647919628935e-06,0.005159936392263936,0.00020476500763765652,2.2224101084649737e-08,6.018081606792048e-08,0.9628651310799424,8.969640166658611e-08,0.00019719430884368677,2.2457749545514013e-05,4.23591631226596e-07,5.435551409162443e-08,2.6680915802837253e-05
18,3.123294918569869e-05,7.356375262700774e-05,1.1790724547570172e-06,1.6784517605018596e-06,1.2007529287748926e-05,0.00010404693215979801,0.0007594560100088058,0.00032514786526374604,0.02193188010912262,0.0002850628338534234,0.00034826954052815116,1.014108131391847e-06,4.32541911761312e-09,1.4164169102413873e-06,0.006181666540475098,0.00015007492976739682,6.044025868248638e-08,7.344018407065676e-08,0.9695250901972102,5.835268660821556e-08,0.00018417717963138355,3.6692822904106606e-05,2.966677159915736e-07,1.2158543352069645e-07,4.572794701960685e-05
19,5.347045931827606e-06,5.4855982825408476e-05,2.1333405001731457e-06,1.8254017482888695e-06,3.5222508909187065e-05,0.00023873641021747723,0.00041640117099691926,0.00023485022673675311,0.06592409328830216,0.0003467405207272327,0.00041017191171512205,5.767156864625805e-07,6.3731224015611375e-09,2.0854056099976493e-06,0.004966430999224003,0.0001212071018006108,1.26272507141715e-08,2.227986211545073e-08,0.9271058305763555,7.912840094156525e-08,9.901325090174554e-05,1.8939585333631258e-05,1.2246313380002623e-07,4.1153652082922475e-08,1.5254531055387377e-05
20,4.725821106573434e-06,3.7842219684134905e-05,5.593251137337947e-07,8.681886575864165e-07,1.4839176947915362e-05,0.00011457091918459596,0.00027097814048217093,0.0002590312577627825,0.028401173166759133,0.0002326966901554649,0.00022671398931470432,2.973149367482807e-07,1.6895139458717435e-09,8.273309474439025e-07,0.007086785855561644,0.00010067964935561007,1.7951550130341062e-08,1.5549870860108666e-08,0.9630843924797275,3.545724404341735e-08,0.00012110511722919787,2.9374942908915186e-05,1.4852925153691643e-07,3.191466878564024e-08,1.2287322064917998e-05
21,2.232950549316071e-05,5.152130688521416e-05,2.2817478328498756e-06,3.063759520431452e-06,2.8770322063494706e-05,0.0005272544438983743,0.001331870529485995,0.0002577851575238771,0.034822537743307014,0.00044121891283042963,0.0006834691182042662,1.6480036787883509e-06,9.534063786020404e-09,4.104192411989955e-06,0.00652934414203478,0.0005189093648513867,2.1714915141092967e-08,6.861389140815993e-08,0.9545255798797329,1.515389499780214e-07,0.00019911032235570003,2.1233064479651776e-05,6.09851750825155e-07,7.383671083732234e-08,2.7033393127773025e-05
22,1.3223407171273205e-05,5.3024302905402305e-05,1.561321038127985e-06,2.2584440600303763e-06,2.604325643511554e-05,0.00041623873929006974,0.0007482165808426725,0.0003004904320429914,0.0326519731180247,0.00032630507325033206,0.0009068836422431472,9.89916581011965e-07,3.907005717901522e-09,2.4730745051414683e-06,0.006917277426479112,0.0002556828501122602,2.7723490180774126e-08,8.148074402110443e-08,0.9570382188508398,1.0862375224534027e-07,0.00028482627095583905,3.467941305253195e-05,4.5119556079104476e-07,6.062081635281003e-08,1.890032880115623e-05
23,9.260365241847732e-06,5.333428287715443e-05,1.1058873076883395e-06,1.623559067780164e-06,2.1394878572683354e-05,0.0002380938577643268,0.0005639982963267859,0.00022682864876339467,0.03747929874893711,0.0002768912807468312,0.0004550472833001742,5.040729708189213e-07,3.820684205831727e-09,1.7197328734228591e-06,0.006770524510311944,0.00015462289181472313,1.658265048231432e-08,3.136584656174745e-08,0.953577477504826,5.928902889426677e-08,0.00012882116322861567,2.0454419727922836e-05,2.5183217533112196e-07,4.817000154171969e-08,1.8587554953820358e-05
24,5.987412233265923e-06,6.658854516452604e-05,9.69720972296015e-07,2.1850634717820132e-06,3.069294266749063e-05,0.00029326277130318985,0.00042932319330915347,0.00019630008067689038,0.03245099824295334,0.00040083146869518155,0.0004053962420137216,4.2838778190907603e-07,4.922800281006239e-09,2.337190357512135e-06,0.004496510126105214,0.0001336590041630158,1.2227391629625106e-08,3.4754078937887534e-08,0.9609170896670671,5.9012221016384595e-08,0.00013408981484617155,1.7482309157411863e-05,2.0702209948989307e-07,3.6311324154663925e-08,1.5513567145371484e-05
25,1.2655424402015653e-05,3.883039205003007e-05,1.4144970635461328e-06,2.5127477092671087e-06,1.5669753451175283e-05,0.000123154496006412,0.0009412784222254973,0.0004427862737515347,0.028333360255118793,0.00016246456072102457,0.0009909979038540233,8.560090371535887e-07,5.781866374573925e-09,1.4275553542131388e-06,0.003733254986967355,0.00010022668735479718,2.537319497998241e-08,5.1822003243233846e-08,0.9649283853229383,1.1139062895304981e-07,0.00014104651755182397,1.7250631899650436e-05,2.436330001829496e-07,6.785474452316579e-08,1.192170710510882e-05
26,4.642106972765143e-05,0.00011863702610920819,3.4240637709891228e-06,3.095969851774156e-06,2.563958090624948e-05,0.00018082699652532266,0.0013754477994081696,0.0006419159935269497,0.06240481564106783,0.0003857051686073045,0.0008987574379527778,1.0765706156034564e-06,1.3897749521272798e-08,1.3076831956935028e-06,0.008047730335425236,0.0001545161042063226,9.206265771979888e-08,1.3267332926233353e-07,0.9254766635178192,1.3647134391343554e-07,0.00016018872651743578,3.230048214410603e-05,3.8902252098982143e-07,4.349805167662086e-07,4.033072450413152e-05
27,6.871280217973532e-06,4.6304883253090156e-05,8.45214177906063e-07,1.0812176839213658e-06,1.3931357918481417e-05,0.0002413941071425415,0.0004539309132980813,0.00023908518892692466,0.06001705554569822,0.00031277625504042803,0.00026902303726805563,2.94469848281844e-07,2.1408041795906253e-09,1.1379923984296264e-06,0.009555632162400077,0.00015877923818875784,1.2330107982622136e-08,2.0053385119181537e-08,0.9285244792081868,5.580379867636926e-08,0.00010787706728303564,2.6423045894433664e-05,1.8988364831519274e-07,3.569606425469183e-08,2.2761907366041526e-05
28,9.260365241847732e-06,5.333428287715443e-05,1.1058873076883395e-06,1.623559067780164e-06,2.1394878572683354e-05,0.0002380938577643268,0.0005639982963267859,0.00022682864876339467,0.03747929874893711,0.0002768912807468312,0.0004550472833001742,5.040729708189213e-07,3.820684205831727e-09,1.7197328734228591e-06,0.006770524510311944,0.00015462289181472313,1.658265048231432e-08,3.136584656174745e-08,0.953577477504826,5.928902889426677e-08,0.00012882116322861567,2.0454419727922836e-05,2.5183217533112196e-07,4.817000154171969e-08,1.8587554953820358e-05
29,9.260365241847732e-06,5.333428287715443e-05,1.1058873076883395e-06,1.623559067780164e-06,2.1394878572683354e-05,0.0002380938577643268,0.0005639982963267859,0.00022682864876339467,0.03747929874893711,0.0002768912807468312,0.0004550472833001742,5.040729708189213e-07,3.820684205831727e-09,1.7197328734228591e-06,0.006770524510311944,0.00015462289181472313,1.658265048231432e-08,3.136584656174745e-08,0.953577477504826,5.928902889426677e-08,0.00012882116322861567,2.0454419727922836e-05,2.5183217533112196e-07,4.817000154171969e-08,1.8587554953820358e-05
30,9.260365241847732e-06,5.333428287715443e-05,1.1058873076883395e-06,1.623559067780164e-06,2.1394878572683354e-05,0.0002380938577643268,0.0005639982963267859,0.00022682864876339467,0.03747929874893711,0.0002768912807468312,0.0004550472833001742,5.040729708189213e-07,3.820684205831727e-09,1.7197328734228591e-06,0.006770524510311944,0.00015462289181472313,1.658265048231432e-08,3.136584656174745e-08,0.953577477504826,5.928902889426677e-08,0.00012882116322861567,2.0454419727922836e-05,2.5183217533112196e-07,4.817000154171969e-08,1.8587554953820358e-05
31,1.1627170757232597e-05,6.117349397900755e-05,1.5148825204409626e-06,1.8043496156456334e-06,2.350134662070137e-05,9.129379992389155e-05,0.0004351365498170403,0.0003484999301101684,0.02987211550902104,0.00032175561074113406,0.00022274889516254862,4.5189364491634607e-07,5.4449072572568e-09,1.310999499950433e-06,0.00284431102636287,0.00010336967995638233,2.1370979454800103e-08,3.060560161990995e-08,0.9655349393236395,5.493310870279964e-08,9.011783145648463e-05,1.549028345197234e-05,1.1430306922448688e-07,8.356274574633932e-08,1.852720330729957e-05
32,7.494794859621808e-06,4.540684595572387e-05,9.38656229055683e-07,1.3219983603714462e-06,1.8381471099861397e-05,0.000193674714064825,0.0004547732370948743,0.0002128041065891568,0.03569496819101802,0.00024574830743021134,0.0003520108874976282,4.3459339216424705e-07,3.0743433623539803e-09,1.4948953072741053e-06,0.006245591071770294,0.00013714771737108455,1.4656619327342212e-08,2.396509921159321e-08,0.9562361367166518,5.0753260269961115e-08,0.00011508047312735721,2.0065030119708538e-05,2.0293616218520295e-07,3.735066435249667e-08,1.6193555912200813e-05
33,9.204122182503803e-06,9.044749801279689e-05,4.742020229541166e-07,1.0110134209003136e-06,3.3214936058676755e-05,0.00019654494659115948,0.00030082980561337323,0.00019007411744191978,0.007951147183464548,0.00024794678377934446,0.0003392231587243971,6.136927751883765e-07,5.6378125003650716e-09,2.254047345442165e-06,0.004852865539995744,0.0001332377051098788,3.951059150772682e-08,5.1793936359773505e-08,0.9854618926603206,4.9194479919202676e-08,0.00010312765667592954,7.916562398206519e-05,3.7947930329966085e-07,4.7402516210292554e-08,6.152287842875033e-06
34,1.735356743973487e-05,0.00010549017059351672,8.337482999652105e-07,5.49850381660499e-06,6.058794514570661e-05,0.0006737631647295655,0.0008497897557172053,0.0002934810744566989,0.006907938936542841,0.0005562136176319254,0.001545857207740909,1.4330745622504021e-06,6.974252929010318e-09,3.999711502492924e-06,0.0070684728130889505,0.0004511820662920194,6.739541665347418e-08,2.1145396337819132e-07,0.9809137044966394,1.32052840260211e-07,0.000465509047229568,5.554908359013041e-05,2.4259619796307287e-06,1.1442693432920155e-07,2.0383749593353298e-05
35,7.793621845696517e-06,6.821825457467838e-05,1.6456583608010834e-06,1.844111318104267e-06,7.582409947538068e-05,0.00101958688583192,0.0008848346418268159,9.511122365015416e-05,0.022147703330333446,0.0002018218872209975,0.0013843655159224933,9.18678577835121e-07,6.76497861544939e-09,7.4584247384351625e-06,0.025862986449362586,0.0005654951664806517,1.6264728199316285e-08,2.238161771007046e-08,0.9474593083308827,7.448229746356423e-08,0.00017641135553046186,2.568258770967274e-05,1.6063495433534461e-06,4.0920351621085136e-08,1.1222612840093279e-05
36,8.819525951973122e-06,4.9515847719273206e-05,1.070188160919936e-06,1.4950736274486624e-06,2.042655264702306e-05,0.00019986718966387036,0.0005006594553794563,0.00022189204693753948,0.03572115329830002,0.0002578843711140244,0.0003865043792323953,4.96059656407242e-07,3.639394460585098e-09,1.609106602503191e-06,0.006388888306141533,0.00014503865946040022,1.6712506689994922e-08,2.69381672853012e-08,0.9559374034960724,5.402142351075297e-08,0.00011887665089350219,1.9726686626174528e-05,2.2386725779366136e-07,4.5240481099644074e-08,1.8302686582204574e-05
37,5.942289002964621e-05,9.178375154409925e-05,3.036307829931006e-06,2.37260696534663e-06,2.1336473658466582e-05,0.00019167580071627002,0.001590384040834087,0.0002702224477225384,0.024315191755372324,0.00018499687556586996,0.0008620512826219342,1.9519799507664204e-06,1.031251111151791e-08,4.09209283931964e-06,0.005384814826978161,0.00020543067762932658,4.2142855937305986e-08,1.1011127143179892e-07,0.9665954732838221,1.0493685540035716e-07,0.00015406192818339482,2.920449846915947e-05,4.4192075083198763e-07,1.4373290092116735e-07,3.164332212153301e-05
38,1.0485902248659647e-06,0.00010834970075022507,2.759142694346717e-06,8.116108353090636e-06,6.872694935054728e-05,2.239395497965958e-06,1.8635468846298448e-05,0.001621363631959113,0.07526733276337022,0.00039340970624791876,3.763290158973459e-05,2.3008590477860243e-07,1.2103281196033313e-08,3.792372684989791e-07,0.00031572567612324115,1.5783493563431005e-06,5.076123785319248e-08,7.23451127639985e-09,0.9220737933301968,2.6870104932261848e-08,3.564462870888432e-05,5.658854028125259e-06,3.6643942032037624e-09,9.204658202540535e-08,3.7182799417593934e-05
39,4.956890806505212e-06,1.2093812769309208e-05,7.670177125584671e-07,1.6010799857344472e-06,2.1786751517643056e-05,0.0002739982559431751,0.0002680294205391285,0.0002727473025801614,0.021262609039850156,0.00029460757844160956,0.00023462839813622136,6.339966364318282e-07,1.1280418741076168e-09,1.3319017695628278e-06,0.0036120317833128694,0.00034523259452357984,1.0746161747611296e-08,2.2319849792472225e-08,0.9731161279776587,5.571076981363687e-08,0.00024821617549511036,1.377636043650893e-05,2.6867266034207574e-07,1.8929119335050078e-08,1.4446155282220254e-05
40,1.452477089930349e-05,6.560925899794409e-05,1.112469800788065e-06,7.124805128063931e-07,1.4809100269010944e-05,0.00020749138703428,0.00046071152701023947,0.00013948476822080034,0.026709106748785093,0.00014391729678937343,0.0004105602421015319,9.524950101201812e-07,2.366399986465541e-09,2.7604627715816387e-06,0.009363421730000807,0.00014038432990125637,2.1510353144738775e-08,3.5379043946780704e-08,0.9620863723337438,4.528844909306372e-08,0.00015608201243836378,6.0471655114476634e-05,2.57982476762401e-07,3.0897105757416285e-08,2.112150676978867e-05
41,4.061211648167386e-06,5.0107924388190335e-05,1.5793199556994183e-06,1.265811562768637e-06,3.0932530189692606e-05,0.0002482459322502834,0.0003333653743170061,0.00018491362384343737,0.09173506197215286,0.0003586862613392019,0.00022681854859846182,2.2900608476659162e-07,3.2050216172992337e-09,1.52690949385156e-06,0.008909076500042022,0.0001484805003275478,7.559083769254934e-09,9.94167135470327e-09,0.8976446614944041,4.197140340519935e-08,8.96198647527329e-05,1.2049705640487766e-05,1.205464242119606e-07,3.682584733612127e-08,1.909745955691849e-05
42,7.067668771297597e-05,0.0004769560215585742,1.3842638146718335e-05,2.3132823699176054e-05,0.00017805760829591615,0.0024570164123312002,0.0045896136732380835,0.000233206308191071,0.1791209619161173,0.0008995943700665417,0.006412993163958841,2.633417579412233e-06,1.5904973311711548e-07,1.789391291700022e-05,0.01002886525654905,0.00019839321586002568,3.002590792650484e-08,5.718954649967516e-07,0.7949400338213168,2.887201135162524e-07,0.00019101296359478982,1.0492139229875956e-05,1.1951802696592395e-06,6.266383719223496e-07,0.00013175213977552157
43,2.3816462979753876e-06,2.0518882398932083e-05,2.739494825812761e-07,1.0941646357245894e-06,2.3386933126409884e-05,0.0003164485211167117,0.00016657066859578008,0.0002487396085147108,0.020555243748288463,0.000646197123985294,0.0001457228854078139,1.8914710976840377e-07,6.759543563195403e-10,7.404674400202809e-07,0.005489722926414281,0.00026592641177160535,9.613543191982318e-09,1.504607439317626e-08,0.9718416752563427,2.6008189214563535e-08,0.00024332821399150142,2.122957165815562e-05,2.171067457888705e-07,1.757693130531236e-08,1.0323845983211682e-05
44,9.260365241847732e-06,5.333428287715443e-05,1.1058873076883395e-06,1.623559067780164e-06,2.1394878572683354e-05,0.0002380938577643268,0.0005639982963267859,0.00022682864876339467,0.03747929874893711,0.0002768912807468312,0.0004550472833001742,5.040729708189213e-07,3.820684205831727e-09,1.7197328734228591e-06,0.006770524510311944,0.00015462289181472313,1.658265048231432e-08,3.136584656174745e-08,0.953577477504826,5.928902889426677e-08,0.00012882116322861567,2.0454419727922836e-05,2.5183217533112196e-07,4.817000154171969e-08,1.8587554953820358e-05
45,9.538081519794862e-06,5.4613560581562e-05,1.0997044367951857e-06,1.6765932747879333e-06,2.155555260773463e-05,0.00024763828597889053,0.0005605042579666302,0.00022450009254787034,0.03685397715890436,0.0002818079921722131,0.00046947317070689787,5.204777170477182e-07,3.761004618529251e-09,1.7740713730375383e-06,0.006714102458033949,0.0001547671656265098,1.6925526006177236e-08,3.3822716839017144e-08,0.9542255442788188,5.9234338136868714e-08,0.00013626972583374327,2.0783039939276015e-05,2.577561280047018e-07,4.7881414490261436e-08,1.9434950832118184e-05
46,1.3506354019933913e-05,5.6871573625429855e-05,1.0284681268087004e-06,1.6698891804105825e-06,2.0986079463825062e-05,0.00013345055207291428,0.0004309403115399376,0.00032604531267045356,0.025510152146424547,0.00024069517786613583,0.000431702663043668,7.118213010231835e-07,4.414128103264292e-09,1.2060968157487242e-06,0.006532038697737881,0.00012479290812875555,4.649216879428629e-08,4.1276158339708356e-08,0.9659747380320722,5.743457052584273e-08,0.0001497434260391767,2.911745343730114e-05,2.82173093834441e-07,8.017626483299177e-08,2.009107004911066e-05
47,1.239757057544961e-05,5.500588890184406e-05,1.1500362573654864e-06,1.5135858714388064e-06,1.8677601090660747e-05,0.00022899306665030684,0.0006162235907529592,0.00023675090120787326,0.03396448251755311,0.0002649189501678251,0.00046022154286122377,6.583736607771753e-07,3.911577807193041e-09,1.7540417761522472e-06,0.006797115955401018,0.00016953794024435404,2.0507663776220466e-08,3.822975640843572e-08,0.9569870538291034,6.602347546781706e-08,0.00013683990814174587,2.6039638155016304e-05,2.6848689346336016e-07,5.2117353991220943e-08,2.0215784906771044e-05
48,7.0211832755864155e-06,4.9729945595425804e-05,5.37107200554368e-07,9.827768975300227e-07,1.371766797643276e-05,0.00010219560401541251,0.00037909761066090764,0.00021318255265500495,0.02079809740472071,0.00022813307165753626,0.00021940268123565,2.9451053065087565e-07,2.860375798168203e-09,1.0189972538297007e-06,0.005319846595941659,0.00010585492440095252,1.9040905324594964e-08,1.900039981818889e-08,0.9724403132228921,3.481630244088441e-08,8.659049981910942e-05,2.1490569481377978e-05,1.7988864437337462e-07,4.083144702780957e-08,1.2196635714740397e-05
49,9.549928002308215e-06,4.9042366162042373e-05,1.467923765924888e-06,1.83428897483955e-06,3.282621365812569e-05,0.0005307874219005036,0.0005393009029996207,0.00020732066048294046,0.036889205322642615,0.0003062417369095378,0.0006898335228628487,1.1407313253434263e-06,4.942197094061802e-09,3.0690021332618803e-06,0.006979310964561327,0.00023915383777509884,1.7705869143235744e-08,5.171284090683881e-08,0.9532917949799682,1.0196588494124394e-07,0.00017411717762489334,3.705958857193671e-05,3.6841204467031943e-07,3.504771272891743e-08,1.6363643129390227e-05
50,8.632394184077303e-06,5.113409821156261e-05,1.0480942351950083e-06,1.5396260575154308e-06,2.0137140711243788e-05,0.00022321857157984565,0.0005592772931595833,0.00022219635553855777,0.036884175949727684,0.00028141632504856797,0.0004004823857244377,4.5322095885238404e-07,3.630627705653801e-09,1.671200238988943e-06,0.00634368802889146,0.00015399693558849166,1.4895688743590102e-08,2.807095510148385e-08,0.9546900317804622,5.667178936105889e-08,0.00011928605978334068,1.9560250840275233e-05,2.3155643815426803e-07,4.4868693556578085e-08,1.767459486543798e-05
51,8.865430694004482e-06,6.593070316000414e-05,8.878593227105994e-07,1.9273573416449378e-06,1.6683951051533804e-05,0.00022887194813960975,0.0006889573842453749,0.00028448543443182646,0.03621536265964032,0.0003517381663189663,0.0006131504897559255,4.689195812703437e-07,3.791283810983046e-09,1.5928525519137054e-06,0.004902054635299399,9.950767884105849e-05,1.5813925605949954e-08,5.826747054006358e-08,0.9562991662422418,6.432463732185625e-08,0.00017988131988772824,2.45656948540429e-05,1.9343609998277313e-07,4.890873172755253e-08,1.5516730491830594e-05
52,2.542920775886296e-05,0.0001269930128967564,2.340560734673098e-06,3.9932281474086365e-06,3.394890713572266e-05,0.0021647334842086466,0.0023252644947292667,0.0003301228322900944,0.08878094042286012,0.0007384121158805001,0.002464901349699195,1.2787183024457981e-06,1.2463459029382285e-08,4.470195015024761e-06,0.013576306167526163,0.00043413084452507457,2.4118133722716963e-08,2.8905512038530306e-07,0.888605066400342,3.149899685977309e-07,0.0002917349065958722,5.81369861420143e-05,1.0435559741814211e-06,1.1932427091155173e-07,2.999265828318799e-05
53,2.8710190016643273e-05,8.482197902581553e-05,2.4411728098310024e-06,3.14357360818424e-06,1.0736564554906391e-05,0.0008407995977197709,0.0067229599580088785,0.00031769170818698436,0.0896327967994835,0.0003642681449042289,0.002035264416336385,6.388668575130653e-07,8.459525479390471e-09,3.3102433861685927e-06,0.022222457198898836,0.0005863795889915554,1.6958233721237444e-08,8.580199179654908e-08,0.8769188282849021,3.292058500918345e-07,0.00015764379635378815,2.801626401033415e-05,1.3719470003325299e-06,1.3000179925917515e-07,3.714927754390482e-05
54,1.382433585892605e-05,7.795200300210421e-05,1.371343705037668e-06,1.2370146226772211e-06,1.0164632453424812e-05,0.0002562700539105732,0.0012502092708404073,0.000123708381381468,0.052262911090300755,0.00037531107607998896,0.00019640172296354446,4.242965647798208e-07,4.574103164050628e-09,3.3510196818721385e-06,0.009598554519826915,0.000321634711536095,7.712725343085389e-09,1.6871570037581723e-08,0.9353659454623633,7.116239629183372e-08,7.876688552410973e-05,1.9450178565093876e-05,2.3380326651549396e-07,3.5629121415698045e-08,4.2142247636030406e-05
55,1.1062748149008658e-05,5.8335002911851935e-05,1.3680863967441198e-06,1.8143212075023931e-06,2.0662361308920523e-05,0.0002346242118595425,0.0006374702237556881,0.00024167790999998757,0.046161270142760225,0.0002801175214932371,0.0005073113631978679,5.989692636440256e-07,4.829347898904043e-09,1.7592930183826521e-06,0.006342031409828502,0.00013943691680205238,1.7177440310047798e-08,3.698470534053445e-08,0.945195865870319,6.962236227988498e-08,0.0001227752647181855,1.948638239460365e-05,2.2114267796631687e-07,5.506337735153563e-08,2.1927180704180937e-05
56,9.73832467288515e-06,6.178309646607345e-05,1.2905597857614067e-06,1.7846484468167877e-06,2.3374712678483448e-05,0.00024334291970275204,0.0006160958831713561,0.00024119413795140903,0.041743729870447575,0.0002932325713290312,0.0004978482912531588,5.429854308202702e-07,5.184222208845584e-09,1.8702581724257696e-06,0.006843468512120392,0.00014990091130790507,1.8332485048103998e-08,3.458187336041388e-08,0.9491069315854281,6.973705321720727e-08,0.0001237457848212235,2.1123864397534996e-05,2.548683309879206e-07,5.683623742192802e-08,1.85615422139717e-05
57,2.6013402223659186e-06,1.9362242332598794e-05,8.551325460024418e-07,7.291380588692913e-07,1.921429964903787e-05,6.16881259844592e-05,9.945063345024396e-05,0.00018636507001195603,0.02575584532140425,0.00019836292459977196,8.82888401395788e-05,4.774273826268263e-07,1.9854982219416056e-09,8.945116294048638e-07,0.0023253718541593645,8.783190646066902e-05,1.2406517739968e-08,6.956653692209515e-09,0.9710512952523294,3.01828723316726e-08,7.642721163888706e-05,1.5448286896429396e-05,4.7898046795040435e-08,1.3830122130846448e-08,9.377221393246809e-06
58,1.1261742040769438e-05,6.428537966130315e-05,1.2566001881373966e-06,1.7081931106858295e-06,2.2788655418518784e-05,0.0002128082934390045,0.0006377168547902466,0.0002679735468838059,0.03776024830601917,0.0002983030889698593,0.0004960007293721666,5.337495090486669e-07,4.8206306110970724e-09,1.5985213867037248e-06,0.007235977353535586,0.00015122520016765773,2.322100693186322e-08,3.7784707035406546e-08,0.9526597412162742,6.339802345357492e-08,0.00013380792217858043,2.287352201028484e-05,2.7616774159680706e-07,7.341859395313993e-08,1.941231434057533e-05
59,1.3887779282318833e-05,6.774679226195968e-05,1.7976557308138058e-06,2.0041815280008137e-06,2.579121321676086e-05,0.00022354931157283025,0.0007597163171469359,0.0003131205643137799,0.04380901989632992,0.0003149114859064641,0.0005772137066857968,6.480567333877562e-07,5.823784217922073e-09,1.7479038195711963e-06,0.0073940279591222504,0.0001703856129360839,2.64994379283829e-08,4.535239081079957e-08,0.946132558666126,7.949907931958301e-08,0.00014610165846555263,2.293442046693298e-05,2.8783354692808813e-07,9.78282410960931e-08,2.229398187449926e-05
60,9.260365241847732e-06,5.333428287715443e-05,1.1058873076883395e-06,1.623559067780164e-06,2.1394878572683354e-05,0.0002380938577643268,0.0005639982963267859,0.00022682864876339467,0.03747929874893711,0.0002768912807468312,0.0004550472833001742,5.040729708189213e-07,3.820684205831727e-09,1.7197328734228591e-06,0.006770524510311944,0.00015462289181472313,1.658265048231432e-08,3.136584656174745e-08,0.953577477504826,5.928902889426677e-08,0.00012882116322861567,2.0454419727922836e-05,2.5183217533112196e-07,4.817000154171969e-08,1.8587554953820358e-05
61,1.1752991178711896e-05,6.451587376282902e-05,1.8604550215908989e-06,1.916146332215827e-06,2.6515292758651163e-05,0.00022476024932007179,0.000675898558050874,0.00027225938482895284,0.04541398205245787,0.0002837339678768056,0.0005745106510794349,6.59544200425703e-07,5.5545913236004385e-09,1.9052766308231688e-06,0.0070195107233855915,0.00015540855181442662,2.2318276924283805e-08,3.869025055006694e-08,0.9450906109452731,7.648971365013358e-08,0.00013702307487448355,2.1562021849000055e-05,2.4832911764599616e-07,7.612771791696011e-08,2.1146729635897752e-05
62,9.260365241847732e-06,5.333428287715443e-05,1.1058873076883395e-06,1.623559067780164e-06,2.1394878572683354e-05,0.0002380938577643268,0.0005639982963267859,0.00022682864876339467,0.03747929874893711,0.0002768912807468312,0.0004550472833001742,5.040729708189213e-07,3.820684205831727e-09,1.7197328734228591e-06,0.006770524510311944,0.00015462289181472313,1.658265048231432e-08,3.136584656174745e-08,0.953577477504826,5.928902889426677e-08,0.00012882116322861567,2.0454419727922836e-05,2.5183217533112196e-07,4.817000154171969e-08,1.8587554953820358e-05
63,1.016896454589439e-05,6.78507951675045e-05,1.1766506017232303e-06,1.6474193466266383e-06,2.0867795148216288e-05,0.00023246729046027495,0.0006195352233420364,0.00023511699818584553,0.04181107842482408,0.0002883686569595532,0.0004967140819038464,4.886025432737647e-07,4.520136739189464e-09,1.7150715008099416e-06,0.007417573254360999,0.00013828246439325604,1.860848220734755e-08,3.50296304586533e-08,0.948488932464148,6.328506159347784e-08,0.00012517882910967766,2.257000543582218e-05,2.4451630193966754e-07,5.762887669222995e-08,1.9843419532954637e-05
64,8.700709920867963e-06,4.621689295472401e-05,8.789841263400984e-07,1.5470528366940325e-06,2.068422684283188e-05,0.0002171534389653582,0.00044272924973909594,0.00023027552854039578,0.02812503797665962,0.0002619064150914747,0.0004549271431140086,5.396985313509365e-07,2.447650056746724e-09,1.555194102174336e-06,0.006683210262643221,0.00014891278636644902,1.86205629591656e-08,3.481880559576664e-08,0.9631142016199887,4.5612895308894e-08,0.00020096766376564122,2.1326268541977025e-05,2.605423638523197e-07,4.3025157924797974e-08,1.8823819833474572e-05
65,9.756912383585991e-06,6.289552885331008e-05,1.1402514016924673e-06,1.3880884164363727e-06,1.5892386919137693e-05,0.00015426032174462864,0.0006604083841556844,0.0002559905666348053,0.04800250168164342,0.0002494723407064984,0.00040402176086800674,3.5306463546797394e-07,4.254922746720223e-09,1.2363453167072555e-06,0.0075127116185015955,0.0001177163487645117,1.7300387133727888e-08,2.371811677113051e-08,0.9424215880516572,5.687421479803129e-08,9.120189805313808e-05,1.831436805422394e-05,1.9237178015247532e-07,6.330128336889066e-08,1.8792260584935637e-05
66,2.8248172332365607e-05,0.0001605122065696967,1.1043352819773938e-06,2.0712740397897074e-06,3.271635625353748e-05,0.0003156981972204504,0.000763202695577399,0.00024678598977358554,0.02793197597094509,0.0001799128897577518,0.0020551517866228006,7.787402236529746e-07,3.699487133411848e-09,1.906306437806648e-06,0.030228422616585947,0.00010623538642872797,8.107578709559947e-08,1.1113052261671175e-07,0.9374820863534994,3.7810836961856794e-08,0.00037434595885918226,4.6173001672415014e-05,9.832004521987109e-07,1.9012447588292686e-07,4.126472035653075e-05
67,1.3300587744562574e-05,5.7432301426165523e-05,1.6661427030994667e-06,2.29397649682097e-06,2.950401127803179e-05,0.0005597338395831575,0.0009136726828335752,0.00020025183020338673,0.03683664444905821,0.00029996696763472786,0.000789996097526426,9.84734227410331e-07,5.620862347239431e-09,3.6791482167160694e-06,0.010202479603545837,0.00032973410685084955,1.9473368958562937e-08,5.197623752933287e-08,0.9495249649316616,1.0931519349393142e-07,0.00018064167919514259,2.748929677011518e-05,6.296446332515045e-07,5.188427258127133e-08,2.4695698476306246e-05
68,7.297820100714247e-05,0.00019434943464313777,2.1177022214503166e-06,7.3624197961765905e-06,3.5082638321574255e-05,0.0029136513686332495,0.0028094384010709022,0.0003999923287838824,0.044247134992353,0.0006797347795316672,0.006150617515183168,3.620215340191431e-06,1.0413679174788592e-08,5.222696606496607e-06,0.022572872297428635,0.0005805157025565149,9.681985870380087e-08,1.146769870455866e-06,0.9181966409956672,4.0933800692974106e-07,0.0009130845804899779,0.00012289120693468076,4.1253558368009194e-06,2.3334500829513564e-07,8.667048117020989e-05
69,9.157458344026748e-06,5.314121796954263e-05,1.0841584796623071e-06,1.6020626839374875e-06,2.1465740641593755e-05,0.0002400310179593989,0.0005582020533158788,0.0002235710183345517,0.037057294793616434,0.00027409783277899393,0.0004563640209166241,5.017304574056619e-07,3.774645540940831e-09,1.7266429900252191e-06,0.006805046392483925,0.00015390239789215497,1.6421220400903406e-08,3.110653075054671e-08,0.95397484891723,5.8262985345894807e-08,0.00012867971089716265,2.0608910071479958e-05,2.5369384655658373e-07,4.72343784641004e-08,1.8263429330162582e-05
70,1.9249680597339278e-05,7.050522322703793e-05,3.7634198577341e-06,2.7020220423632326e-06,3.5868120115721524e-05,0.0006446247626734148,0.0010222712209052062,0.00016435781914796312,0.053092997272715464,0.0003074475722346806,0.0007359128493842944,1.781528093720148e-06,7.694023572374651e-09,7.838981152483048e-06,0.00883283651332756,0.000363665952632798,1.715419872279765e-08,5.76818102822027e-08,0.9344271166945015,1.3870432827950086e-07,0.0001927646384534191,3.10203247263448e-05,4.7625355758570537e-07,4.694775368408074e-08,4.2530968539005e-05
