,0,1,2,3,4,5,6,7,8,9,10,11,12,13,14,15,16,17,18,19,20,21,22,23,24
0,0.010119430643812422,3.697197073363031e-07,1.0531865799260154e-05,1.4087803267706412e-05,0.0005308251933615039,0.004061307586897217,0.0005413446982423048,0.0005571906845311409,0.0076919532319802975,0.0015316744881383683,1.6767469536906253e-07,5.194077470280175e-08,1.5664205583727194e-05,1.8141894337819672e-09,2.299597093122448e-08,0.004320136695413202,0.008819744005350592,3.1906278319678044e-05,0.9613225778078943,1.2706819001198844e-08,1.0516254303610413e-07,0.00034540229272910796,4.985373633336303e-07,8.475909612198317e-05,2.32870494016977e-07
1,0.008058563109423399,2.4236712571543745e-07,1.1719871317777156e-05,9.169584253142136e-06,0.0004733729483093512,0.002886314048750642,0.0002979234099107398,0.0004155932912414897,0.00806009358724491,0.001346711242678705,1.115593766089362e-07,2.7984163138966538e-08,1.1782862937059864e-05,8.404375357803735e-10,1.3094762980676865e-08,0.0036382300598417515,0.005258120932868719,1.3890856321100484e-05,0.9692668732912343,7.744106790984677e-09,6.479704567255161e-08,0.0002043483816977342,2.67705964895225e-07,4.643538819664225e-05,1.2104078909907115e-07
2,0.013689474987530674,6.775458798568007e-07,1.8316118176619852e-05,1.4873769634885014e-05,0.001143827689428167,0.0034477486602051593,0.0005082376547613395,0.0009318152642346609,0.01552180363594926,0.0026871223273541105,5.182193781763552e-07,7.60368000602919e-08,1.8044596011177446e-05,3.7251768590121175e-09,7.233619874245787e-08,0.002856749980375124,0.008661197185054469,3.583106402473371e-05,0.9500429630399514,2.712526426760264e-08,1.439395855787357e-07,0.0003448972027386752,8.294494884050434e-07,7.420693961696124e-05,5.415071804655851e-07
3,0.009723266474110783,3.9958539460653326e-07,1.0347168129878813e-05,1.2837078767977622e-05,0.0005435830067613733,0.003945307684831343,0.0005426107054125247,0.0005012421231884883,0.0070584193825840675,0.0014319615924578873,1.6915291466091864e-07,5.311948113452424e-08,1.4195155147420609e-05,2.000594364480783e-09,2.4205652614090678e-08,0.003937272729746853,0.00889727165000666,3.12990292193722e-05,0.962904051767441,1.2075641429069868e-08,1.0517967225552355e-07,0.00035907613745655824,4.911615472696102e-07,8.57432152191296e-05,2.58618620376358e-07
4,0.009708666867470664,3.4606812723420504e-07,1.0106424321662074e-05,1.189883561596939e-05,0.0004969309324912286,0.003583231249728894,0.0005082551762185032,0.0004838399019359274,0.0057131516283405424,0.001343655422068138,1.4831867171082472e-07,4.946845434120351e-08,1.6667859199277584e-05,2.022732335774078e-09,2.0576219490121128e-08,0.003988523333974513,0.00844180644621616,3.11009373428706e-05,0.9652685688366568,1.2335372592150849e-08,9.525690192908781e-08,0.00030075343355143175,4.3698505217046755e-07,9.15149563488538e-05,2.1672698672355532e-07
5,0.009238877398839659,4.458300765489443e-07,7.897471115217161e-06,1.5969270645595906e-05,0.0004514691152802445,0.004383852327817919,0.0004511208742078355,0.0005115683109832203,0.006110371872472324,0.0012564490878650323,1.7610339026777537e-07,5.010054009689308e-08,1.5069792886528517e-05,2.028123018300332e-09,2.5912289161489055e-08,0.004254905878077505,0.00824201371142758,4.707655812879637e-05,0.9645657580376853,1.3380987050801031e-08,1.0520260635953852e-07,0.0003642717078166874,5.148244963557908e-07,8.1773196159186e-05,2.220060822618776e-07
6,0.009723266474110783,3.9958539460653326e-07,1.0347168129878813e-05,1.2837078767977622e-05,0.0005435830067613733,0.003945307684831343,0.0005426107054125247,0.0005012421231884883,0.0070584193825840675,0.0014319615924578873,1.6915291466091864e-07,5.311948113452424e-08,1.4195155147420609e-05,2.000594364480783e-09,2.4205652614090678e-08,0.003937272729746853,0.00889727165000666,3.12990292193722e-05,0.962904051767441,1.2075641429069868e-08,1.0517967225552355e-07,0.00035907613745655824,4.911615472696102e-07,8.57432152191296e-05,2.58618620376358e-07
7,0.009994979128333883,3.8933773822831145e-07,1.0496246298597719e-05,1.2780915300191112e-05,0.000540914226424311,0.0037650564637940168,0.0005406409068765142,0.0005080031079920217,0.006956869630794731,0.001454033234812678,1.696666153589981e-07,5.2053222126541575e-08,1.4516258363268128e-05,1.977179428909276e-09,2.344697307494862e-08,0.0038686095225940464,0.008827431598021095,2.9965739584095526e-05,0.9630367334592443,1.2001632086409628e-08,9.97736945884231e-08,0.00035264263150529675,4.676506261094979e-07,8.485682394493287e-05,2.541984350031312e-07
8,0.02290904173642039,3.3251541669676397e-07,3.3335110800186516e-05,1.2471742848441834e-05,0.0006949703666099138,0.002498208967260601,0.0008947706310613618,0.0006824265426926496,0.007818710472707033,0.004456586300623961,2.1958208808010313e-07,9.131629910670586e-08,3.0157864151982894e-05,4.387090581159766e-09,2.651115085070334e-08,0.003205663563714106,0.01714330510656702,1.4467194910399919e-05,0.9389977634000335,2.0943246386389193e-08,1.6222222877880957e-07,0.0003321909608177503,9.515881426610474e-07,0.00027352629512143007,5.94677996087774e-07
9,0.022098456305379127,5.487778282708738e-07,1.976452815875512e-05,1.6476127814250973e-05,0.0006637320230523472,0.0028547108611671544,0.000668623064538486,0.0007615308192383557,0.01078449806480282,0.0042693661142581205,3.4272755560780276e-07,7.383104626930596e-08,2.0941171746775765e-05,4.172532105814251e-09,4.715689414641812e-08,0.0024853623282590394,0.013797019379069523,2.2053654524565562e-05,0.9409565641016482,1.9568553366885414e-08,1.38267572482826e-07,0.00039538560473373867,1.1914283655940359e-06,0.0001824037856906684,7.461355703045312e-07
10,0.009723266474110783,3.9958539460653326e-07,1.0347168129878813e-05,1.2837078767977622e-05,0.0005435830067613733,0.003945307684831343,0.0005426107054125247,0.0005012421231884883,0.0070584193825840675,0.0014319615924578873,1.6915291466091864e-07,5.311948113452424e-08,1.4195155147420609e-05,2.000594364480783e-09,2.4205652614090678e-08,0.003937272729746853,0.00889727165000666,3.12990292193722e-05,0.962904051767441,1.2075641429069868e-08,1.0517967225552355e-07,0.00035907613745655824,4.911615472696102e-07,8.57432152191296e-05,2.58618620376358e-07
11,0.009910859022328597,3.446669724176368e-07,1.070302243702359e-05,1.1808282990477903e-05,0.0004848665116205739,0.003627516163884589,0.0005418855051516544,0.0005608750806946042,0.006454642630886123,0.001486031217583962,1.5085757547421053e-07,5.357266760311317e-08,1.7254410558827977e-05,1.8684144726780796e-09,2.1398155756257704e-08,0.004062971894031209,0.009019125997367953,2.9679199207324232e-05,0.9633528439961975,1.2254794454090376e-08,9.62156936626722e-08,0.0003330834508541203,4.370327094571917e-07,9.451306890962826e-05,2.226783126059372e-07
12,0.013213288485827495,6.253881076528247e-07,1.6717472466230374e-05,2.2937889987198763e-05,0.008569850364466546,0.018585849672451728,0.0033238110506169064,0.00012614799958114053,0.013946017006433765,0.0018260100968194978,4.5935771418465093e-07,1.735712734104979e-07,2.206785870901967e-05,4.821270511489796e-08,5.22956940843501e-08,0.008334741607251636,0.024928733001027246,0.0002941652600351904,0.90611727662635,1.1462470873252404e-07,9.98227525270518e-07,0.00022699313956707829,1.1722353827263006e-05,0.00042863469573948556,2.563741114091532e-06
13,0.009870838346617582,4.016684967192263e-07,1.051666812617117e-05,1.3000553193203249e-05,0.0005498261993821733,0.0039253365971350426,0.0005462839553086292,0.0005086515952386798,0.00712315221769817,0.0014512174490715363,1.745858492458177e-07,5.406456481166958e-08,1.4374312553204304e-05,2.050570316058877e-09,2.476450998166229e-08,0.003960002390499969,0.008952118682878086,3.164796787388075e-05,0.9625956206946327,1.2326377544169834e-08,1.0651113829251096e-07,0.0003599649427614289,4.983819128822925e-07,8.591119040090991e-05,2.6188320873734515e-07
14,0.001809339699828298,8.741988233916525e-07,5.1453252606778096e-06,1.0876351671533827e-05,0.0005134750044556769,0.0026602827718967973,4.985899550250322e-05,8.960696488064966e-05,0.0019421404771799503,0.00027550575985513996,1.9639570898961957e-07,9.447641587225528e-09,5.546728018197575e-06,8.334990338620307e-10,1.7643167778929587e-08,0.0020903971871452398,0.0012332723789941738,3.649230518317117e-05,0.9891385245794989,8.898071101443813e-09,3.7485250892092554e-08,0.0001294111952719232,1.3107645181416497e-07,8.793720964994479e-06,5.4575777531562637e-08
15,0.009723266474110783,3.9958539460653326e-07,1.0347168129878813e-05,1.2837078767977622e-05,0.0005435830067613733,0.003945307684831343,0.0005426107054125247,0.0005012421231884883,0.0070584193825840675,0.0014319615924578873,1.6915291466091864e-07,5.311948113452424e-08,1.4195155147420609e-05,2.000594364480783e-09,2.4205652614090678e-08,0.003937272729746853,0.00889727165000666,3.12990292193722e-05,0.962904051767441,1.2075641429069868e-08,1.0517967225552355e-07,0.00035907613745655824,4.911615472696102e-07,8.57432152191296e-05,2.58618620376358e-07
16,0.010254515820921286,2.624258723188461e-07,1.6536653456110215e-05,2.2010001478230835e-05,0.0005791621141246901,0.00530481220200091,0.0008444021237549965,0.0006148675892881152,0.0037155882842928533,0.0012791036364711295,3.085768742406337e-07,1.4226526845717775e-07,2.975049870670561e-05,5.365184638928779e-09,3.611990472417177e-08,0.013124554347599456,0.011203651591704712,0.0001102245123197872,0.9524290060950346,3.0263583162812526e-08,3.3123188979511396e-07,0.00034823755475738244,7.318847135391976e-07,0.00012158270574119968,1.461350569566943e-07
17,0.03626409683490979,5.066602701879604e-07,2.871553368312125e-05,2.8365049066427188e-05,0.001538703711542944,0.0036490140357594743,0.002888428482170686,0.0011113544645563872,0.0127470119647121,0.002539009547805528,4.865663080131826e-07,2.3176022263707332e-07,3.54935510807475e-05,1.0125461855804482e-08,3.779914180569446e-08,0.0066323471598421346,0.027240993130503592,3.9263637077883e-05,0.9042803071068648,2.8888745747653483e-08,2.1966918588825795e-07,0.0007638764903130193,1.00785823590905e-06,0.00020946474280480256,1.0252297344696603e-06
18,0.01781277500389302,5.948737538037433e-07,7.870828271249366e-06,8.86485565687343e-06,0.0006768515345332937,0.002404827391166087,0.0009765486971242533,0.0003062163032587647,0.007163673842722955,0.0013459094048120194,1.875422362515651e-07,4.843813667801541e-08,8.567641896292654e-06,3.4381781577679882e-09,2.145676695799248e-08,0.0014619594606264683,0.02983656078322102,2.509333558458136e-05,0.9371240759601863,9.484145331533984e-09,8.739081401596681e-08,0.0007003738236564889,6.91382852445153e-07,0.00013691306106786315,1.2740654387209057e-06
19,0.012314003210869357,2.657531886925635e-07,1.7818283153707053e-05,1.683364086908862e-05,0.0006388479276182696,0.005623967692480027,0.0012933812526785239,0.0010543298830344118,0.010639789774400983,0.00402453222874155,1.5106689631633325e-07,1.0420135859936316e-07,2.89507872904738e-05,1.5170086685994227e-09,1.6853776347100656e-08,0.005370122090787713,0.013143960944359143,1.8566628346956255e-05,0.9450605005449847,1.661663628686561e-08,9.162535292140577e-08,0.0006056250494059799,3.7481020548891886e-07,0.00014744278322944104,3.04833326394279e-07
20,0.0062306520078481255,1.238354272790348e-06,1.1162335079373586e-05,2.002061891462737e-05,0.0003092558471799725,0.0062283278661114565,0.00037774232099576857,0.0012513299600259743,0.008652620880593008,0.0014805308323306875,3.094104185802596e-07,1.3694296900690271e-07,1.2545517940774641e-05,2.020197967459432e-09,9.990373400328602e-08,0.004930591357062027,0.007935988607978199,5.663683043727652e-05,0.961330467856102,1.3624550036346185e-08,2.1529885142646205e-07,0.0010960185629431728,5.738575791781176e-07,7.322522042072456e-05,2.9396546374561503e-07
21,0.016359905864175038,4.4458941845301333e-07,1.7738256479133347e-05,3.087192702447053e-05,0.0007557578267593885,0.003828560215088449,0.0005628046863622155,0.0006330487350819512,0.007683914351144877,0.0016002898804286568,5.313148897306575e-07,1.0243781228744422e-07,2.1503235261268156e-05,5.151516477278452e-09,4.444509725297857e-08,0.0075196073170359585,0.007641841717399692,5.732120426050458e-05,0.9528813948359303,2.5198324608466554e-08,1.800473518030586e-07,0.0003387005234305795,7.240814369061654e-07,6.442387858568511e-05,2.582797043882447e-07
22,0.013219479874142579,3.1245870080019777e-07,1.842697367610515e-05,2.4048001131826496e-05,0.000689758126337664,0.003485090788303184,0.0006282752723711256,0.000612091391263404,0.006742588565202262,0.002581614782222618,5.141678045251872e-07,8.026848015125516e-08,2.220237241886542e-05,3.3741524981078504e-09,3.363221340914144e-08,0.006035053571059771,0.01714787838884302,6.115769523632912e-05,0.9482099028203456,3.064780462857349e-08,1.9810345374489603e-07,0.00043676058505872403,7.647777252881634e-07,8.345944848982097e-05,2.739135621584043e-07
23,0.009723266474110783,3.9958539460653326e-07,1.0347168129878813e-05,1.2837078767977622e-05,0.0005435830067613733,0.003945307684831343,0.0005426107054125247,0.0005012421231884883,0.0070584193825840675,0.0014319615924578873,1.6915291466091864e-07,5.311948113452424e-08,1.4195155147420609e-05,2.000594364480783e-09,2.4205652614090678e-08,0.003937272729746853,0.00889727165000666,3.12990292193722e-05,0.962904051767441,1.2075641429069868e-08,1.0517967225552355e-07,0.00035907613745655824,4.911615472696102e-07,8.57432152191296e-05,2.58618620376358e-07
24,0.011635512987851995,5.15316057461023e-07,1.1322205075370269e-05,2.1664356886806425e-05,0.0007521289785736053,0.003925007643718501,0.000477119214879875,0.00048047663810176064,0.006800426457270633,0.001524796118927972,2.5901463620711853e-07,6.210240007178016e-08,1.8087270952986655e-05,2.6869869057163725e-09,2.341878126153623e-08,0.0040652855616667375,0.008314812410749195,3.705612853704665e-05,0.961473059251923,1.7192864011376433e-08,9.414677779373873e-08,0.00039372945979208873,4.538366088872292e-07,6.779266492694395e-05,2.94935053092837e-07
25,0.04712171421748555,3.49310940143253e-07,3.4595384656658864e-05,4.1729656972980066e-05,0.0014121001225845483,0.0026914757661192653,0.0023311938785768294,0.002410258162640327,0.013786941519869976,0.00525573600895929,1.416989370101021e-06,2.2540748555518125e-07,6.807079517819516e-05,1.079458437134175e-08,6.448204944940802e-08,0.007560024362782562,0.02285146895716424,6.464707816909113e-05,0.8936627556244569,6.266970849482588e-08,1.6781032167300404e-07,0.0005515343592944297,9.328596750566091e-07,0.00015187580075182796,6.479802025953303e-07
26,0.010252911609960223,2.3593545065444952e-07,6.823944135021821e-06,6.325090426661663e-06,0.0004432455392090298,0.0033696261789454454,0.00044146601292897615,0.0003531105841497892,0.008573335808789892,0.0013430495313611634,7.268701946965617e-08,2.0845750923770043e-08,1.2871035914638814e-05,1.0707013821207494e-09,1.2300526894783172e-08,0.0024729969444349945,0.010655209382543494,2.6993178630382506e-05,0.9617404236665689,9.11915493112329e-09,7.9436860128586e-08,0.00018084479733441458,6.723430048336957e-07,0.00011943438694441254,2.2856925345278186e-07
27,0.008531842073298884,8.038322787823873e-07,8.008094437556882e-06,1.4820040694549735e-05,0.0004337933464223982,0.004410689135825945,0.0004283819851806059,0.0006895412366031582,0.011358468026036609,0.0014247279596481535,1.9411512196804916e-07,5.813635671560735e-08,8.84741904114662e-06,1.374814483835136e-09,3.7150421540239424e-08,0.002818798569713427,0.007332785654590921,2.321263948914653e-05,0.9617792725838546,7.869377662915975e-09,7.588527694077288e-08,0.0006790042574180437,3.9387531009879216e-07,5.5850027763873654e-05,3.847110227833385e-07
28,0.009723266474110783,3.9958539460653326e-07,1.0347168129878813e-05,1.2837078767977622e-05,0.0005435830067613733,0.003945307684831343,0.0005426107054125247,0.0005012421231884883,0.0070584193825840675,0.0014319615924578873,1.6915291466091864e-07,5.311948113452424e-08,1.4195155147420609e-05,2.000594364480783e-09,2.4205652614090678e-08,0.003937272729746853,0.00889727165000666,3.12990292193722e-05,0.962904051767441,1.2075641429069868e-08,1.0517967225552355e-07,0.00035907613745655824,4.911615472696102e-07,8.57432152191296e-05,2.58618620376358e-07
29,0.009723266474110783,3.9958539460653326e-07,1.0347168129878813e-05,1.2837078767977622e-05,0.0005435830067613733,0.003945307684831343,0.0005426107054125247,0.0005012421231884883,0.0070584193825840675,0.0014319615924578873,1.6915291466091864e-07,5.311948113452424e-08,1.4195155147420609e-05,2.000594364480783e-09,2.4205652614090678e-08,0.003937272729746853,0.00889727165000666,3.12990292193722e-05,0.962904051767441,1.2075641429069868e-08,1.0517967225552355e-07,0.00035907613745655824,4.911615472696102e-07,8.57432152191296e-05,2.58618620376358e-07
30,0.009723266474110783,3.9958539460653326e-07,1.0347168129878813e-05,1.2837078767977622e-05,0.0005435830067613733,0.003945307684831343,0.0005426107054125247,0.0005012421231884883,0.0070584193825840675,0.0014319615924578873,1.6915291466091864e-07,5.311948113452424e-08,1.4195155147420609e-05,2.000594364480783e-09,2.4205652614090678e-08,0.003937272729746853,0.00889727165000666,3.12990292193722e-05,0.962904051767441,1.2075641429069868e-08,1.0517967225552355e-07,0.00035907613745655824,4.911615472696102e-07,8.57432152191296e-05,2.58618620376358e-07
31,0.012168089263810822,2.393499676676692e-07,1.2253961170916636e-05,7.196978131926358e-06,0.00024724623293218185,0.0012390580898808293,0.0002746453475144403,0.001004721983449733,0.0038631246775512967,0.0007702178984566625,9.798669560831635e-08,3.536342045606816e-08,2.5344466242056305e-05,1.0408907335060899e-09,1.4611929672127887e-08,0.003688783309168492,0.006657755425303689,2.0183453667520288e-05,0.9697605833624227,8.189655268756282e-09,5.7501191797071785e-08,0.0001906432915566536,1.6743970965563664e-07,6.945089921063893e-05,7.98760685530175e-08
32,0.00789759040055454,3.7784665723427005e-07,8.607549307375876e-06,9.662096143265277e-06,0.0004238335955001921,0.0032058259624256594,0.00036385064411699665,0.00038724697672727734,0.005261447364813219,0.0010454484602603834,1.208560176921719e-07,3.7813926702676106e-08,1.198424876350335e-05,1.5143901198593258e-09,1.8608440589260398e-08,0.0032465876828335566,0.007142554308624256,2.60346789992336e-05,0.9706061452009178,8.956563923468587e-09,8.035979860503079e-08,0.0002901791892152098,3.59833157055361e-07,7.180399078772395e-05,1.9186105810345443e-07
33,0.006940198302098992,2.895972398943481e-07,6.893499107625778e-06,8.563726683573132e-06,0.00030776144197356873,0.0031291039183812376,0.00038097176548974697,0.0003511614785776895,0.0034493042897617734,0.000852404543463738,7.120940779939925e-08,3.528306023029962e-08,1.3166867421947485e-05,1.1655304483322766e-09,1.140306876450254e-08,0.0035975825275450326,0.00802081943844376,2.554816078533367e-05,0.9725240032638579,7.200195993745474e-09,6.840582388360978e-08,0.000304415332300978,2.6496373255763535e-07,8.721628135280664e-05,1.3593469457299604e-07
34,0.007284927445695714,5.317198677651778e-07,1.1081522100605912e-05,1.5933805664894294e-05,0.0005813956243981683,0.00726042513306139,0.0007810244143337328,0.0006035733927458481,0.008920118039862085,0.0018636631402553158,1.7849062844400753e-07,8.603254834017494e-08,1.4626547563468729e-05,2.1067980253511547e-09,3.3936331689389094e-08,0.0051109213868237606,0.011033617135744304,4.0950878512126346e-05,0.9557659773642245,1.5163658543092872e-08,1.6635789629979723e-07,0.0005943623791843149,7.157139058599851e-07,0.00011532076390870161,3.5150428613293375e-07
35,0.007267567606353502,2.9280719377533597e-07,2.5899921166310047e-05,1.7213861420583962e-05,0.0014680529098871618,0.010619011880035677,0.0015734585689026685,0.00020338268946914202,0.003207692869499029,0.0033035028237098584,3.4479538210137496e-07,1.7320984133119563e-07,2.913807947303471e-05,1.5874906769846767e-08,4.4673824258418486e-08,0.009384994380131812,0.018448560831157756,0.00010637172404522738,0.9436614589657089,6.739538033757914e-08,7.278219588686752e-07,0.0002783528753890554,2.960562416233913e-06,0.0004002123478437197,5.005249029054793e-07
36,0.010582443520831522,4.2512049086936896e-07,1.022675659312735e-05,1.3364696627453495e-05,0.0005140364219944262,0.0038825591648894296,0.0007189464959066505,0.0006311112412494727,0.007171852659823559,0.0013591539035246033,1.8009968309642326e-07,7.543291013064163e-08,1.5057780772472156e-05,2.2651048520597817e-09,2.6362659017292938e-08,0.004327855318928495,0.011452726054942635,3.474835146951403e-05,0.9586717316162567,1.1721628544275672e-08,1.0897211542073671e-07,0.0005191455584455738,4.510368484325845e-07,9.345491481828532e-05,3.045314856911184e-07
37,0.01880413604509668,1.707518880925096e-07,1.2140889887630583e-05,9.778736615440645e-06,0.000577648720483944,0.0022949730271742785,0.0009742077390465283,0.000216247541935178,0.0021328822088852685,0.0009938371414522271,1.1970484911357823e-07,5.67479223345394e-08,2.4521317730279317e-05,7.175681884357591e-09,1.215013204101375e-08,0.005473436279949423,0.014659699017976938,4.472532161229889e-05,0.9533630459787613,1.5127448865079286e-08,1.5434861665670966e-07,0.00016946949186572754,7.228354255702673e-07,0.0002477540967749931,2.3760278728158362e-07
38,0.06999697806218562,1.0470545434491804e-06,2.291354213280664e-05,2.0621420150918923e-05,0.0026782766676114087,0.0007063779348216008,0.0004898709797102774,0.0012351774740312486,0.033758871315156466,0.004559199677703391,7.687949348382423e-07,4.540655472135445e-08,1.5925171836382357e-05,5.3358502941948225e-09,2.885065449748041e-08,0.0006077800387130127,0.020666967724711386,7.564993330424924e-06,0.8647274216744499,2.298015246064335e-08,2.550520417563198e-08,0.0004414431070179964,4.0922558403015865e-07,5.8961754298031235e-05,3.2953086605049745e-06
39,0.0023592574321994403,3.3716080777154436e-07,8.33972860267748e-06,5.950320761474026e-06,0.00017006147960810046,0.006768938293234538,0.00021042808239764852,0.0004704242212382853,0.0038101043540727316,0.00042665018863198643,2.98050499420226e-08,5.013656786108837e-08,9.1929111646995e-06,3.737242592151108e-10,1.369234588340492e-08,0.006787247142443631,0.006857264747856896,2.7382407850248e-05,0.9716124143270627,5.109098161823545e-09,2.2270127792873346e-07,0.00040949763011419085,2.5412664157776107e-07,6.58780490302513e-05,5.5578217055996e-08
40,0.018899350926228874,5.636372968074226e-07,2.4100204135294365e-05,8.84566294732021e-06,0.0016224648723735093,0.0013395576312911833,0.0006287926223241492,0.0003167502908356208,0.004665362835415376,0.000816216119583314,3.434848478294363e-07,9.463666386913354e-08,1.5834669143899156e-05,9.474809508246868e-09,2.85909578426236e-08,0.002539566794445691,0.009041391814704982,1.965562565694145e-05,0.9597109520311149,1.472665054210612e-08,1.037867988970765e-07,0.0002757798206820192,3.6100713592078957e-07,7.331704362759556e-05,5.416903281694932e-07
41,0.00725830661793559,5.068527419083653e-07,8.495369659339579e-06,1.4440058743744256e-05,0.0006417298219628741,0.0031317023921779374,0.0002107515192022584,0.0005083433136937939,0.008527132186228381,0.0009855396121032595,2.024338463120563e-07,2.847656539145411e-08,1.2374667705511238e-05,1.3882479373065266e-09,2.5674729727473628e-08,0.003509603230340827,0.0033181553751465385,3.001964798681831e-05,0.9716144286434605,1.1233091493212445e-08,5.9300088266926965e-08,0.0001959121145655746,2.945494249352893e-07,3.1802458736525645e-05,1.3306161441494763e-07
42,0.014340228551609206,3.710510696407404e-07,1.2278336140703303e-05,1.509538832912062e-05,0.0008657551165741278,0.0042883962934402355,0.0008871307346078932,0.0005047023451753173,0.008232578285790292,0.0021447486519234325,2.688286668731406e-07,6.939994471622772e-08,1.9184924927741308e-05,4.21771495507665e-09,3.186098967061037e-08,0.0041474826318789884,0.011408283335071398,4.3576419714323807e-05,0.9526413811367233,2.0007710582097836e-08,1.3413371749054924e-07,0.00031855357529183756,8.574582261675904e-07,0.00012843670544140158,4.306093205612316e-07
43,0.004025137049726703,2.4574621049548294e-07,1.0725380770935191e-05,1.0994301528551266e-05,0.0002982370519439779,0.00894900128217336,0.00037426015909871295,0.0006786363366712221,0.006773215232841042,0.002323550833303542,5.993568817104619e-08,5.3606111971168196e-08,1.5970473256206455e-05,5.101030699411356e-10,1.7088805539507328e-08,0.005949535549995587,0.009880902909494515,2.7869078238576252e-05,0.96011925772139,1.1668140790930415e-08,2.1920685643991812e-07,0.000450060224927448,4.3962939967044687e-07,0.00011150751176789591,9.151155564272665e-08
44,0.009723266474110783,3.9958539460653326e-07,1.0347168129878813e-05,1.2837078767977622e-05,0.0005435830067613733,0.003945307684831343,0.0005426107054125247,0.0005012421231884883,0.0070584193825840675,0.0014319615924578873,1.6915291466091864e-07,5.311948113452424e-08,1.4195155147420609e-05,2.000594364480783e-09,2.4205652614090678e-08,0.003937272729746853,0.00889727165000666,3.12990292193722e-05,0.962904051767441,1.2075641429069868e-08,1.0517967225552355e-07,0.00035907613745655824,4.911615472696102e-07,8.57432152191296e-05,2.58618620376358e-07
45,0.00706734904032507,2.741031953253705e-07,8.50403761050862e-06,9.51432438569002e-06,0.0002933443403893088,0.003946071690249334,0.0006605728631120001,0.0011005368955387944,0.005796416159270658,0.0013061605179519838,9.898396016764366e-08,5.774714149935061e-08,1.9994122724846617e-05,1.0959293499419602e-09,2.3363417051558296e-08,0.0057363387030666384,0.006597049990058521,3.191552665727256e-05,0.9669455741211387,8.904478377693075e-09,7.822747506982996e-08,0.0003840423330487682,2.3392512169320712e-07,9.573400051679283e-05,1.0498323669212123e-07
46,0.010332770800640894,3.5271898832785827e-07,1.0395941475351318e-05,1.3033780119635664e-05,0.0004830621151057454,0.003879460977338549,0.000561015342412158,0.0004990585928617444,0.0063287801452806105,0.00146129869471318,1.4558420483069822e-07,5.3700038475853055e-08,1.5080933185472302e-05,1.6968766950877497e-09,1.883403353539773e-08,0.003968611232285715,0.011056676462735187,2.8489301679521043e-05,0.9608659077625799,1.1511907593902042e-08,1.0520135955965205e-07,0.00040275263951380024,4.44770674527482e-07,9.222641338162286e-05,2.448466072982606e-07
47,0.013844283696899589,1.5233564385191323e-07,1.0338941969626756e-05,1.0312459971097315e-05,0.00017437740787439022,0.0019744751646472245,0.0004935337494581873,0.0004955839283782541,0.002570874559822534,0.0008109000144431224,4.664184950567128e-08,4.383377743962596e-08,1.9637546985668272e-05,7.395830981918393e-10,4.918167147214157e-09,0.005392290900139599,0.011581852237219038,1.3260421099606372e-05,0.9621361023257983,4.720982929516681e-09,6.140430471865305e-08,0.00036743722970705565,1.513256505828897e-07,0.00010419223535161749,8.126027608499221e-08
48,0.021753999921079337,1.6338587447286599e-06,3.85406772316274e-05,9.35205579507313e-05,0.004385224399976252,0.010931491350343103,0.0017665612188182706,0.0011176200609473487,0.045103865821389526,0.0038284212991359866,3.688414450171389e-06,3.6747327641273805e-07,2.1335436692652896e-05,2.2707046050393015e-08,2.96253856979046e-07,0.011031411200514537,0.008373088278521287,0.00012787796417276787,0.8906063872261881,8.486758731475649e-08,5.783413140716009e-07,0.0007459195184010795,3.6231280852117957e-06,6.287316980907566e-05,1.5668544672880737e-06
49,0.0057870015776879296,5.330119551955894e-07,1.1888257463558074e-05,1.3650682212893099e-05,0.00042244316756256283,0.006093222323849621,0.0004918146782735443,0.0006136553854834055,0.007632905650234743,0.0014231559762916972,1.1314725463440652e-07,7.497440919435192e-08,1.2846544412185658e-05,9.460933122124238e-10,2.0907386997475628e-08,0.004412874956349903,0.008930199385881878,2.254938770300672e-05,0.9633477665887742,1.0280058851966051e-08,1.1835612804139178e-07,0.000707397390385001,3.3212524660745477e-07,7.520854218765365e-05,2.157567133671924e-07
50,0.012185640837274794,3.281145680358506e-07,1.133825290997654e-05,1.292145966431293e-05,0.0005726282173605561,0.003582161083218903,0.0006951193773548059,0.0005794472945773284,0.006995513548698831,0.0017499172856769811,1.7931094850440654e-07,5.779179024293313e-08,1.75823706248301e-05,2.307600557232113e-09,2.270256794185222e-08,0.004045001495121794,0.01014190634920684,3.006352438591501e-05,0.9589297170203134,1.3369201779981727e-08,9.738905721309157e-08,0.00034574776022643837,4.814994904771412e-07,0.00010383684506059835,2.747930989481072e-07
51,0.0048225666589738906,4.8199382222114365e-06,6.367664533263822e-06,5.079281013278269e-05,0.0002492254805796168,0.005333651851015437,0.00012829816549183527,0.0010490766391358754,0.011017196007603721,0.0006882111485619687,4.282059388644026e-07,6.897376092046263e-08,5.50569882344062e-06,1.0273148581996951e-09,1.0802400879779644e-07,0.0030567447434023186,0.0033141019295768103,3.861829483224211e-05,0.9683611976858377,7.07004988762707e-09,8.532116374075994e-08,0.0018562104031226787,2.737859597826184e-07,1.613424436366178e-05,3.0822759369105003e-07
52,0.007526082249683858,2.926110842038721e-07,6.9316881823889674e-06,1.4447399506633795e-05,0.00043569862366835317,0.005172493740275056,0.00034345112117115903,0.0006724768818754061,0.007076955596983345,0.00224540075312382,1.8634362609393483e-07,4.6600131505030186e-08,1.7080712912834705e-05,1.4875839056170392e-09,2.8964434834048263e-08,0.0039573933168468006,0.004707663660399259,4.29835627156411e-05,0.9674485192843072,1.5074270569028843e-08,7.116487750376679e-08,0.0002688115149354951,3.5373345489974885e-07,6.24767608059098e-05,1.3715314357598749e-07
53,0.025681395116290875,4.416871137403024e-07,3.8368754298844234e-05,5.558759480931607e-05,0.002727734741394299,0.013822957722352529,0.007167946231181934,0.001203630415973708,0.024591232109544083,0.006408720041132908,1.2602413792338553e-06,4.3441588733565407e-07,4.953489037025993e-05,2.0216269796394678e-08,1.080233985751182e-07,0.017910151138431963,0.03470233706237119,0.0001741994122430199,0.8642966500276106,1.1335463977024716e-07,8.881381908970014e-07,0.0007803595848134043,5.814013712425501e-06,0.0003787094425156043,1.405624073563407e-06
54,0.008007946912443335,1.3667443631444044e-06,5.50163098062897e-06,1.0840112931213386e-05,0.0003841240203797002,0.0033664055118282216,0.0004611758041324214,0.00040934473726290504,0.007684425965268214,0.0007594642008515865,1.373063541174691e-07,4.574612457444731e-08,4.656647310370593e-06,1.840396155413324e-09,3.873311224329356e-08,0.0018690042776922065,0.005362910850317101,1.4988137297812267e-05,0.9708226553211151,3.620917674381908e-09,4.987429385604381e-08,0.000779013717428977,2.781044645672875e-07,5.5025484583183126e-05,5.946981507291944e-07
55,0.010154688004235125,3.839975509668318e-07,1.060831707127163e-05,1.3070842711828515e-05,0.0005866099787699319,0.00439917873996045,0.0006757733073546738,0.0005999545467497029,0.007836563654960653,0.001460041423760896,1.6691453838922961e-07,7.168230381025378e-08,1.6723203684912062e-05,2.2949621081270052e-09,2.5407539714745635e-08,0.0046918677038189985,0.009217017987092234,3.555273602997477e-05,0.9598137361005673,1.3247708485362718e-08,1.1062712528464229e-07,0.00039019171182553983,5.02897758808564e-07,9.687120181673435e-05,2.734701022150428e-07
56,0.00969011970064654,3.644297131517302e-07,1.0597877172260289e-05,1.2759599863291822e-05,0.0005085644902245123,0.003946857115603118,0.0005434134487539176,0.0005554165301650685,0.006673128703048585,0.001480993162626426,1.561761143106085e-07,5.5349977750241776e-08,1.6928092269060446e-05,1.9065081247568628e-09,2.226688419978768e-08,0.004194456219413317,0.008853285390312453,3.151467909905593e-05,0.9630439387065256,1.2793926230803665e-08,1.0174328522594907e-07,0.00034494215512305583,4.552186407455439e-07,9.168471531886345e-05,2.2952878491453314e-07
57,0.006552517071980651,2.767970250102662e-07,2.2791010718385227e-05,7.539617068057533e-06,0.0006643898098497215,0.003897157117498613,0.0005424333175301883,0.0005059517446365438,0.006410271948936884,0.0015202401963618508,9.750453379501235e-08,8.280430202734002e-08,1.9096395356414292e-05,1.3546169763721358e-09,1.458630081248748e-08,0.0049805576380279,0.009830489492852654,1.5529088472485028e-05,0.9645819713557077,1.337240429129811e-08,1.417497050301348e-07,0.0003508993415410587,3.1368997862193735e-07,9.704486688654034e-05,1.7812770798875783e-07
58,0.008463327365929271,3.047271168049201e-07,8.986985435789759e-06,8.833611232980059e-06,0.0004182372360119077,0.003776409765783069,0.0005121368005451119,0.0004524070654570563,0.005143698918016021,0.0014125480441172732,9.661078946481229e-08,4.5960235764433406e-08,1.6253573741354443e-05,1.6408635047806735e-09,1.7305806465359253e-08,0.003577193364581586,0.009002393788686933,2.807621528029274e-05,0.9667578663802743,1.0592629119185852e-08,9.258091751138918e-08,0.000297742402576442,4.3483987246137785e-07,0.0001226808981804807,2.0332591872433268e-07
59,0.008915506361029104,3.0328154463477977e-07,1.112817963264806e-05,9.484042610698213e-06,0.0004608840821789821,0.0035285542326508566,0.0005317476103902162,0.0004720115685619266,0.005300593385889335,0.0013918404312384708,1.0856755130062639e-07,4.824457369785389e-08,1.7469603580369362e-05,1.6822612279719819e-09,1.7084823194481005e-08,0.003920978112090136,0.009505296699759419,2.683402054825745e-05,0.965493325611104,1.1855876032657467e-08,1.0248826124113481e-07,0.00029722471124252577,4.327985308104062e-07,0.00011589745823298116,1.9788583785037242e-07
60,0.009723266474110783,3.9958539460653326e-07,1.0347168129878813e-05,1.2837078767977622e-05,0.0005435830067613733,0.003945307684831343,0.0005426107054125247,0.0005012421231884883,0.0070584193825840675,0.0014319615924578873,1.6915291466091864e-07,5.311948113452424e-08,1.4195155147420609e-05,2.000594364480783e-09,2.4205652614090678e-08,0.003937272729746853,0.00889727165000666,3.12990292193722e-05,0.962904051767441,1.2075641429069868e-08,1.0517967225552355e-07,0.00035907613745655824,4.911615472696102e-07,8.57432152191296e-05,2.58618620376358e-07
61,0.00913255751168467,3.2243931866559646e-07,1.109989809400951e-05,9.405274186676485e-06,0.0004962639416941906,0.00352355103651474,0.0005263602177582487,0.0004381384874243446,0.0056815856138151734,0.001352869637561185,1.1932501917686634e-07,4.8890603176238373e-08,1.555925675341447e-05,1.843393026214151e-09,1.8547842476167404e-08,0.003763219297566721,0.009255354035580777,2.616232430429709e-05,0.9653622785883066,1.130399166037846e-08,1.0412960534836017e-07,0.0002972427894573208,4.5586051109233703e-07,0.00010704743007980579,2.2231893309066777e-07
62,0.009723266474110783,3.9958539460653326e-07,1.0347168129878813e-05,1.2837078767977622e-05,0.0005435830067613733,0.003945307684831343,0.0005426107054125247,0.0005012421231884883,0.0070584193825840675,0.0014319615924578873,1.6915291466091864e-07,5.311948113452424e-08,1.4195155147420609e-05,2.000594364480783e-09,2.4205652614090678e-08,0.003937272729746853,0.00889727165000666,3.12990292193722e-05,0.962904051767441,1.2075641429069868e-08,1.0517967225552355e-07,0.00035907613745655824,4.911615472696102e-07,8.57432152191296e-05,2.58618620376358e-07
63,0.008030207082510385,5.307763729695797e-07,8.547847984933746e-06,1.1866388609050319e-05,0.000459896389700132,0.0037960648848164406,0.00039354664090782967,0.00044200902892812003,0.006761518974038613,0.0011054754137033369,1.5359108725849626e-07,4.315810503632624e-08,1.0915837613370543e-05,1.651569018489119e-09,2.5858518201644993e-08,0.0032556631852821505,0.007327331729987135,2.920384806880672e-05,0.9679230822822811,9.53075388640395e-09,9.251583286401673e-08,0.00037478714532847594,4.3617268320867357e-07,6.833615217315715e-05,2.539131443650729e-07
64,0.008364403976023749,4.3018175881529227e-07,1.4898072319000212e-05,1.2852951142844219e-05,0.000582463926554042,0.0048311475788317395,0.0005307911166696092,0.00043673456692765183,0.006697029239869194,0.0013518743213802756,1.5799852953727895e-07,6.690326624516303e-08,1.4341021003238467e-05,2.0736812853810065e-09,2.5766461649829078e-08,0.0049224479073143755,0.010894961556306622,3.2163942850659814e-05,0.9608218208914081,1.4097565579661121e-08,2.087831272615136e-07,0.0003901815901313207,6.718036917546626e-07,0.00010005583472770146,2.5389845756986834e-07
65,0.010773720844229279,3.5153712954366677e-07,1.063897346764111e-05,1.2906751601790174e-05,0.0005465127746044909,0.0035090747888010796,0.0005481640261135262,0.0005521966589719374,0.007197038244184332,0.0015658295960683907,1.8062411156226687e-07,5.122649675764893e-08,1.5283722271353724e-05,1.92384958466882e-09,2.2744766185498857e-08,0.0038687090667500383,0.008643392826507943,2.8363491731600638e-05,0.9623086404393371,1.1923327056824053e-08,8.954424939078699e-08,0.0003380572736836393,4.259363958325902e-07,8.009768498564958e-05,2.3737636410455287e-07
66,0.004675737484396637,3.114907870539923e-06,3.931815569991204e-06,1.9214719003200093e-05,0.00018249149478575857,0.007420079412856414,0.0002264173094778101,0.0006978626964117791,0.009534061690626856,0.0008137434036944095,2.98063189540479e-07,9.645988467070101e-08,3.3887297907114244e-06,2.3366965825909692e-09,2.0081589239145013e-07,0.002723113257423005,0.006358769433382596,7.376933688504021e-05,0.9656129834874874,5.76469467651077e-09,1.9047393502107965e-07,0.00159388514547802,9.692859304913716e-07,5.5025080582963895e-05,6.473940533246468e-07
67,0.006584629862658333,5.464244634075109e-07,8.463221300816688e-06,1.2393075416168527e-05,0.00044861505123899474,0.006112999894345793,0.0005225384711544032,0.0003487452446286533,0.006303947590952127,0.0011421308034564647,1.3473641263109506e-07,5.524803943871695e-08,1.0673148399816947e-05,1.9184327184668494e-09,2.7479871228441057e-08,0.0039275349555344344,0.010321576135924543,4.170587970526469e-05,0.9636506247517954,1.181642000954852e-08,1.6146467124962103e-07,0.00045858316222528104,7.56536223447854e-07,0.00010281413341411608,3.2899331524876446e-07
68,0.005840545516930818,6.914939725976874e-07,1.4142209202546614e-05,2.043383899211674e-05,0.0007799083326573204,0.02323121644042297,0.0015220562502806431,0.0016106453153255438,0.011740793632468206,0.002906070213163398,2.636074006930104e-07,3.496086391129522e-07,2.621636497363391e-05,3.6340916975490294e-09,1.0804011488036954e-07,0.009571537646158973,0.01510871705358736,0.0001403181144867898,0.9261795427321361,4.2385245220228084e-08,6.374995826126499e-07,0.0010834208602534244,1.4145436930379606e-06,0.0002204773194838988,4.47346736310367e-07
69,0.009907272400140358,4.2041973515172996e-07,1.0562305292515297e-05,1.3653606326024801e-05,0.0005687758225045634,0.004113763683817594,0.0005548444496474316,0.0005191758507590944,0.007563941805245343,0.001497438713241239,1.8794664929968352e-07,5.550173138342395e-08,1.429028534070989e-05,2.088811872072488e-09,2.6433685120534498e-08,0.003980952655911482,0.009151552518072823,3.3466936814922235e-05,0.9616092505358911,1.2943082269019797e-08,1.1156365237193567e-07,0.0003749736473675785,5.307362319525646e-07,8.446103200501968e-05,2.76118042754616e-07
70,0.009310105244528315,4.860135410032095e-07,2.095919056825502e-05,3.306118733998904e-05,0.0008879623900750497,0.008829421168367754,0.0008252368255071232,0.0008358862129343782,0.015549283650077622,0.0025050976376163377,3.4866103306430006e-07,1.0248523592219435e-07,2.052093148336629e-05,2.001264346127251e-09,3.566660341996602e-08,0.008855653986385423,0.007717195306630301,3.878939355074661e-05,0.9439986878077553,2.506973703408185e-08,1.9008431952562388e-07,0.0005024970480340972,7.296326204010229e-07,6.745635091624165e-05,2.660538751222656e-07
71,0.0074856340368863045,5.031023506963304e-07,8.989173007844363e-06,1.2330043303524163e-05,0.0004288871416291109,0.0036400137872935555,0.00031356019690463225,0.0004098640030399884,0.005932810916612362,0.0010361682492873415,1.6424976870890703e-07,4.512849649109162e-08,1.0642334639899395e-05,1.6640348874923614e-09,2.637285259468728e-08,0.0035144688483973183,0.006899096236631331,3.15511041538398e-05,0.9698630946109933,9.818622576062532e-09,1.0293713787914742e-07,0.00035088317514073,4.382334592694857e-07,6.0502040384534195e-05,2.1259497126995552e-07
