,0,1,2,3,4,5,6,7,8,9,10,11,12,13,14,15,16,17,18,19,20,21,22,23,24
0,0.018015789108409966,8.313259802190838e-06,3.282882204982196e-05,2.4325273780257727e-05,0.0005092015328420157,0.001812573268256223,4.4553973837220864e-05,0.002492356720576127,0.08753651329531467,0.005188142419678664,3.759786650708663e-06,8.652333617358457e-08,3.2847168197321497e-06,1.5801537469888127e-09,1.0674330944481718e-06,0.0005112115553522797,0.004603491239676576,8.52356950259832e-06,0.8778405118428125,1.0593407732465182e-08,2.1599939105368655e-07,0.0013490985900177638,1.2811993786494746e-06,1.0777224421204783e-05,2.0804714374691176e-06
1,0.014204802672717268,5.8156749851734955e-06,3.588028358282598e-05,1.6664064036203333e-05,0.0005062923897699584,0.0013999688192779514,2.878974609252641e-05,0.0019447072988937669,0.09592447600692963,0.004661783770495823,2.5697538301169384e-06,5.250484204275872e-08,2.617223657923172e-06,8.396431807927514e-10,6.492756763017065e-07,0.0004493623649059236,0.002985179165855938,4.198850513356396e-06,0.8769580067729641,7.198530880771559e-09,1.4103492935628233e-07,0.0008593683478729147,7.692292192551488e-07,6.6136900192626634e-06,1.2830207585916391e-06
2,0.021992149281911438,1.3856904707988708e-05,5.3201466863001486e-05,2.3797579414844486e-05,0.0009741563350268132,0.0014693336901053353,3.943647659035416e-05,0.003838653682174174,0.1563068468690142,0.008243171436021813,1.0166168775328608e-05,1.2294569272262156e-07,3.503507642244727e-06,2.94478946073833e-09,3.0072174391758322e-06,0.00032745102318939683,0.0042468025616600935,8.830330281321305e-06,0.8011342150314485,2.0294340970244327e-08,2.8360411397546185e-07,0.0012957372634131643,1.9364284016379575e-06,9.005181864960418e-06,4.311775117132943e-06
3,0.017467525467956845,9.211177703199073e-06,3.3541898467087916e-05,2.2612844058936276e-05,0.0005307443555690415,0.0017977582774660345,4.530738929730714e-05,0.0023342705462630477,0.08212823750518897,0.0049760932409877445,3.9053632459520535e-06,9.392856137247774e-08,3.041222303834387e-06,1.7856464552021248e-09,1.1717088762959018e-06,0.00047682388072701906,0.00470546180515289,8.467363634874706e-06,0.8839904265968268,1.0357072495778794e-08,2.2537432004463404e-07,0.0014503466600706218,1.2859452252600182e-06,1.108214245235996e-05,2.3531629255367752e-06
4,0.017712924387082205,8.054062427381333e-06,3.20893020080824e-05,2.1356162524473643e-05,0.0004898218083746121,0.0016436088032126409,4.2803677900196816e-05,0.002246706758527033,0.06826214194561024,0.004685352603059638,3.4538001432440963e-06,8.525030993547929e-08,3.547511130621457e-06,1.7917685066887835e-09,9.896521033033617e-07,0.0004845145908959854,0.004488953865598268,8.512446257934259e-06,0.8986275252409637,1.0515584152970628e-08,1.9919733520094904e-07,0.0012224875114542084,1.150081966882739e-06,1.1715146838705863e-05,1.993886922864893e-06
5,0.016976308321590514,1.0073682468475958e-05,2.527426327396635e-05,2.8115746140802997e-05,0.00045252799100785866,0.0019815257271611005,3.9627752750866785e-05,0.0023334339934179232,0.07337074260771778,0.004429610590671685,4.0267482590690685e-06,8.366896708748394e-08,3.2181489410138855e-06,1.786107275449659e-09,1.2010837533953694e-06,0.00051059555255942,0.004408245754780375,1.2436908615797638e-05,0.893951835462182,1.1307390602328285e-08,2.1359332598212175e-07,0.0014468230848743659,1.35079990523162e-06,1.0639732891735628e-05,2.0756912457199634e-06
6,0.017467525467956845,9.211177703199073e-06,3.3541898467087916e-05,2.2612844058936276e-05,0.0005307443555690415,0.0017977582774660345,4.530738929730714e-05,0.0023342705462630477,0.08212823750518897,0.0049760932409877445,3.9053632459520535e-06,9.392856137247774e-08,3.041222303834387e-06,1.7856464552021248e-09,1.1717088762959018e-06,0.00047682388072701906,0.00470546180515289,8.467363634874706e-06,0.8839904265968268,1.0357072495778794e-08,2.2537432004463404e-07,0.0014503466600706218,1.2859452252600182e-06,1.108214245235996e-05,2.3531629255367752e-06
7,0.017904643788001398,8.992717334180972e-06,3.3983550865524735e-05,2.2492155359607497e-05,0.0005287138828839891,0.001720477258815118,4.512477056683449e-05,0.0023571924729613764,0.0810774954489124,0.005043616316053964,3.9073702885312e-06,9.171293628839658e-08,3.0993530029351073e-06,1.7611098834683437e-09,1.1346277683430592e-06,0.0004681188177902482,0.0046679726599615275,8.112499240645236e-06,0.8846663561937562,1.0280853770944829e-08,2.1421604884301958e-07,0.0014237352223974902,1.2284108145886032e-06,1.0968041467227612e-05,2.3164708092141935e-06
8,0.03463438531432171,7.66214573937109e-06,0.00010261254356044038,1.943603960639677e-05,0.0007078735016034658,0.0011808358962450021,7.216720562531784e-05,0.0028109269089175316,0.0883917826886076,0.013582729238141213,4.338147935548737e-06,1.4129087929768764e-07,5.710692190323798e-06,3.37874816913253e-09,1.1867806868620926e-06,0.00036268066584855353,0.008654141890233752,3.7400628123507866e-06,0.8481398951800144,1.6644839047610285e-08,3.5250276733120046e-07,0.001276771747281035,2.389225260153624e-06,3.2946970778117e-05,5.273337356693402e-06
9,0.0328022454219644,1.2184366373752566e-05,6.668028369668266e-05,2.5252653000423474e-05,0.0006842807708997069,0.0013894542725011443,5.7050675304356554e-05,0.003293737579666307,0.11626655626920677,0.013343569262897674,6.7482043146908666e-06,1.3546371110569157e-07,4.2420757859783164e-06,3.521940963886597e-09,2.1913833271452938e-06,0.00030083481142847296,0.007315298516492606,5.800130695142463e-06,0.8228353790647215,1.6738676947955567e-08,3.433994854006127e-07,0.0015541414865582874,3.0981234138117262e-06,2.4057832946956722e-05,6.6976909900184255e-06
10,0.017467525467956845,9.211177703199073e-06,3.3541898467087916e-05,2.2612844058936276e-05,0.0005307443555690415,0.0017977582774660345,4.530738929730714e-05,0.0023342705462630477,0.08212823750518897,0.0049760932409877445,3.9053632459520535e-06,9.392856137247774e-08,3.041222303834387e-06,1.7856464552021248e-09,1.1717088762959018e-06,0.00047682388072701906,0.00470546180515289,8.467363634874706e-06,0.8839904265968268,1.0357072495778794e-08,2.2537432004463404e-07,0.0014503466600706218,1.2859452252600182e-06,1.108214245235996e-05,2.3531629255367752e-06
11,0.018009679385230678,7.901838433536845e-06,3.306838323995427e-05,2.1153742460438788e-05,0.000472169854767058,0.0016458005998770866,4.509114827177099e-05,0.002555636445993399,0.07564579246336943,0.005087728092248383,3.4845570576648087e-06,9.062103728835015e-08,3.6492131631880914e-06,1.6542682429012884e-09,1.0117802438801723e-06,0.0004913342656199576,0.004731903659335582,8.165934221515557e-06,0.8898931450093952,1.0359725186571482e-08,1.969975071725575e-07,0.0013278926224108189,1.1370110969668323e-06,1.1939927478804365e-05,2.0144335468585404e-06
12,0.02197234057525318,1.5080690198125892e-05,5.1056304768588323e-05,3.743275077270393e-05,0.01696144617594935,0.011440978391957998,0.0003828059161769599,0.00029661789927727065,0.16730274620649488,0.005290588005398558,1.1276225798950108e-05,3.3084871966909254e-07,4.235419535889322e-06,9.081986737007608e-08,2.640383813080824e-06,0.0010238747127498775,0.015208021651423482,0.00012824311689533412,0.7590143103090873,1.4812387128966475e-07,3.5059586067685146e-06,0.0006753108959140768,6.42780088888628e-05,7.337805184448036e-05,3.926255673593658e-05
13,0.017708447790792226,9.251316336169299e-06,3.404289483355532e-05,2.287955967183688e-05,0.0005359572675000247,0.0017891740564679223,4.5584526672174245e-05,0.0023679304372057936,0.08276105321752618,0.005037271105598073,4.0234637735006925e-06,9.567027296097705e-08,3.077595622263682e-06,1.8285290970252249e-09,1.1977781668740059e-06,0.00047960827001565027,0.004731740041402521,8.559959143825085e-06,0.8829908242459226,1.0559497163306094e-08,2.2817803133070652e-07,0.001454255923518643,1.3031641944916302e-06,1.1101772618444745e-05,2.3793766866860924e-06
14,0.0036930208420334646,1.9193153169293703e-05,1.5244359263387489e-05,2.0099986598956156e-05,0.0005484442450081333,0.0013634056203256399,5.485642453299548e-06,0.00047398605388264035,0.025464671917236645,0.0010563510885204664,4.131478513499656e-06,1.9069929618811208e-08,1.4046670540711728e-06,8.698964210083608e-10,8.252190297394532e-07,0.0002906396582249321,0.000816678913285846,1.1568616892713465e-05,0.9656533615602937,8.32375954999736e-09,8.179692383585533e-08,0.0005588584199665441,4.021900727322993e-07,1.5109854824623833e-06,6.053221826735239e-07
15,0.017467525467956845,9.211177703199073e-06,3.3541898467087916e-05,2.2612844058936276e-05,0.0005307443555690415,0.0017977582774660345,4.530738929730714e-05,0.0023342705462630477,0.08212823750518897,0.0049760932409877445,3.9053632459520535e-06,9.392856137247774e-08,3.041222303834387e-06,1.7856464552021248e-09,1.1717088762959018e-06,0.00047682388072701906,0.00470546180515289,8.467363634874706e-06,0.8839904265968268,1.0357072495778794e-08,2.2537432004463404e-07,0.0014503466600706218,1.2859452252600182e-06,1.108214245235996e-05,2.3531629255367752e-06
16,0.01957638395673478,6.512123289107739e-06,5.911374102155329e-05,3.961983204737457e-05,0.000611622246083039,0.0026274025076695197,7.964794711585909e-05,0.003074705858248314,0.048070215577472326,0.005017405826565182,7.3999401199609034e-06,2.66665122698735e-07,6.5938695023571245e-06,4.9769458099766805e-09,1.884681311307646e-06,0.001589769984166062,0.006534047589468716,2.9380258776869223e-05,0.9111168184775605,2.712974346936937e-08,7.730107466661248e-07,0.0015290332451128982,2.133983071056426e-06,1.768416932485572e-05,1.5524027797076725e-06
17,0.05601574548088448,1.0535214879335462e-05,7.501351694838789e-05,4.485743232617741e-05,0.001267996576157751,0.0015326742086062533,0.00019560733998115376,0.0045337749556354145,0.13225640190648005,0.007728582799571508,9.709213972292694e-06,3.321277491686023e-07,6.659272494690624e-06,7.418080630892673e-09,1.6036654884710235e-06,0.0007257512162242381,0.012156452864165451,1.0008216893526209e-05,0.7807069534445941,2.1313888548420146e-08,3.852979672790711e-07,0.002688178524366333,2.25784493659333e-06,2.2863232565408278e-05,7.626915142753204e-06
18,0.03082452859816511,1.248102748585923e-05,2.3047511782488497e-05,1.6034741698336384e-05,0.0006254545163637691,0.0010823067887714866,7.582751633295601e-05,0.0013871517159785402,0.08199911514420774,0.0044715541929799965,4.089083716357594e-06,7.371476362601882e-08,1.8621733813768166e-06,2.724715927228472e-09,9.278971746790418e-07,0.00018506672421805608,0.013927370931828994,6.831655502607584e-06,0.8628205039468416,7.80053637743832e-09,1.6210174080933243e-07,0.0025083416915268222,1.6438875490003326e-06,1.5938056902794507e-05,9.675855834605643e-06
19,0.020633364915015235,6.072840919234083e-06,5.382823754652465e-05,2.7473882694040754e-05,0.0005954856490034237,0.0023875739553061693,9.670576462522646e-05,0.004376427772418074,0.11531567368640366,0.012385606168866524,3.3201042462769668e-06,1.6348189080089568e-07,5.5600134432788855e-06,1.3017652432017509e-09,7.946031351055909e-07,0.000599291405572424,0.006456294977261429,4.8972126869973745e-06,0.8347975790434854,1.3225995995891972e-08,1.9066079645983822e-07,0.0022325259034833398,9.6299863486549e-07,1.7549460816368744e-05,2.642733987961528e-06
20,0.01110234140368936,2.650309096406505e-05,3.650245434778981e-05,3.445717015960877e-05,0.0003440602003529214,0.003000931108625162,3.6117035094998956e-05,0.00579242728689955,0.09945001331294796,0.005190023758652328,6.808228297687307e-06,2.7153416114901565e-07,2.9477306250249987e-06,2.069412985517827e-09,4.665898563799942e-06,0.0006391017257478391,0.0045821657620602994,1.65251094417173e-05,0.8654759336872939,1.3094284067783753e-08,4.988311238878453e-07,0.004242380126356927,1.6348633477541127e-06,1.0743985930535268e-05,2.9305316187976876e-06
21,0.02851326090117266,9.742238265545642e-06,4.908362078457233e-05,5.364623747991452e-05,0.0007405792901025142,0.0018416067125465515,5.130850037588864e-05,0.0030331504160759125,0.08833655568301538,0.005419681425276849,1.1277524046790207e-05,1.8955511044512485e-07,4.904461082255991e-06,4.796961490601314e-09,2.053154273963516e-06,0.0009569642876729692,0.004313243416901533,1.7511303273207358e-05,0.8652536229103263,2.2237454469578934e-08,3.652096499971498e-07,0.0013778402560656391,1.919424248480259e-06,9.04063043454411e-06,2.425807401974637e-06
22,0.023875397871145232,6.782990642283554e-06,5.165823856685933e-05,4.141119467857557e-05,0.0006602354720919621,0.0016111980717287114,5.592561185387047e-05,0.0027073140047699914,0.07852272533893254,0.00850509767687076,1.0569583933489681e-05,1.2433753807636828e-07,4.732937865393068e-06,2.8681039487463222e-09,1.4444046418558748e-06,0.0007238307632583303,0.008873076684951907,1.66421532004121e-05,0.8726723940469807,2.4567813343787627e-08,3.7011672918555927e-07,0.0016435994374194795,1.956224051192766e-06,1.1012998196613448e-05,2.4724040351865926e-06
23,0.017467525467956845,9.211177703199073e-06,3.3541898467087916e-05,2.2612844058936276e-05,0.0005307443555690415,0.0017977582774660345,4.530738929730714e-05,0.0023342705462630477,0.08212823750518897,0.0049760932409877445,3.9053632459520535e-06,9.392856137247774e-08,3.041222303834387e-06,1.7856464552021248e-09,1.1717088762959018e-06,0.00047682388072701906,0.00470546180515289,8.467363634874706e-06,0.8839904265968268,1.0357072495778794e-08,2.2537432004463404e-07,0.0014503466600706218,1.2859452252600182e-06,1.108214245235996e-05,2.3531629255367752e-06
24,0.021137923351045973,1.1406185773249794e-05,3.31368889431627e-05,3.7854964893578415e-05,0.000697111191746204,0.001746085505738947,3.982273558169255e-05,0.002241403212113479,0.07947655258403404,0.0051438407180188364,5.840879257463451e-06,1.0484505134390826e-07,3.83629147677891e-06,2.3389988063811028e-09,1.0956885047518512e-06,0.0004961824936608207,0.004327359757532486,1.0279236856046516e-05,0.883017116226266,1.4088253041601034e-08,1.8329789898146245e-07,0.0015605789677678756,1.1459066761121361e-06,8.549459641377005e-06,2.5731842688503875e-06
25,0.0690794603338688,7.299885216307147e-06,8.893312927052927e-05,6.27626499048171e-05,0.0011852151943166935,0.0011924500494830059,0.00016546177650424442,0.009480708210137228,0.1377564630429128,0.014975077873851338,2.5677039431514052e-05,3.5655655818875914e-07,1.2551303589188994e-05,8.289263650369324e-09,2.7040109135290267e-06,0.0008488274208213645,0.010668160355009311,1.6675339967357582e-05,0.7523972953446157,4.5513384847774527e-08,3.2461214717422626e-07,0.002008591244599983,2.160038265382447e-06,1.7745326321898997e-05,5.045459645351413e-06
26,0.01856496690763491,4.999865001352538e-06,1.9558145826863685e-05,1.1611399088289543e-05,0.0004155781029261855,0.0014817787283934096,3.7939325880489434e-05,0.0015200143870598122,0.0948247335608062,0.004462826421187133,1.6401856424930092e-06,3.15252730117092e-08,2.71666812443825e-06,9.168668060857578e-10,5.280178306189444e-07,0.00030082634713842653,0.0054360755225500695,7.388594784670435e-06,0.8722101393959429,7.47341768929901e-09,1.4695889489640652e-07,0.0006782918511218929,1.6610140348869713e-06,1.4578598698131566e-05,1.960085874206058e-06
27,0.014568097195365814,1.6411450824733196e-05,2.2971983245851408e-05,2.4663569000541187e-05,0.00041871147399885573,0.0018907871023173338,3.5042828841665034e-05,0.002881300607484705,0.12239822328786157,0.004538233849164966,4.024110712475076e-06,9.04484928254975e-08,1.8791684003818915e-06,1.1869007794176008e-09,1.5474776337378035e-06,0.00033276451989605344,0.0037273841751283873,6.309420221518672e-06,0.846729095825604,6.593927961176059e-09,1.4520618686496638e-07,0.002391042575801813,9.860947727196193e-07,7.022961905186387e-06,3.256886309216421e-06
28,0.017467525467956845,9.211177703199073e-06,3.3541898467087916e-05,2.2612844058936276e-05,0.0005307443555690415,0.0017977582774660345,4.530738929730714e-05,0.0023342705462630477,0.08212823750518897,0.0049760932409877445,3.9053632459520535e-06,9.392856137247774e-08,3.041222303834387e-06,1.7856464552021248e-09,1.1717088762959018e-06,0.00047682388072701906,0.00470546180515289,8.467363634874706e-06,0.8839904265968268,1.0357072495778794e-08,2.2537432004463404e-07,0.0014503466600706218,1.2859452252600182e-06,1.108214245235996e-05,2.3531629255367752e-06
29,0.017467525467956845,9.211177703199073e-06,3.3541898467087916e-05,2.2612844058936276e-05,0.0005307443555690415,0.0017977582774660345,4.530738929730714e-05,0.0023342705462630477,0.08212823750518897,0.0049760932409877445,3.9053632459520535e-06,9.392856137247774e-08,3.041222303834387e-06,1.7856464552021248e-09,1.1717088762959018e-06,0.00047682388072701906,0.00470546180515289,8.467363634874706e-06,0.8839904265968268,1.0357072495778794e-08,2.2537432004463404e-07,0.0014503466600706218,1.2859452252600182e-06,1.108214245235996e-05,2.3531629255367752e-06
30,0.017467525467956845,9.211177703199073e-06,3.3541898467087916e-05,2.2612844058936276e-05,0.0005307443555690415,0.0017977582774660345,4.530738929730714e-05,0.0023342705462630477,0.08212823750518897,0.0049760932409877445,3.9053632459520535e-06,9.392856137247774e-08,3.041222303834387e-06,1.7856464552021248e-09,1.1717088762959018e-06,0.00047682388072701906,0.00470546180515289,8.467363634874706e-06,0.8839904265968268,1.0357072495778794e-08,2.2537432004463404e-07,0.0014503466600706218,1.2859452252600182e-06,1.108214245235996e-05,2.3531629255367752e-06
31,0.021222413064073416,6.15250906947755e-06,4.504501119383698e-05,1.3449237675944619e-05,0.00029206254681899633,0.0006951471295766691,2.7403865313051022e-05,0.004779919605730274,0.04935948186483183,0.0030122878058209193,2.4183424593734007e-06,7.686049222350674e-08,5.624671200127219e-06,1.1046266137188786e-09,8.216154966682305e-07,0.0004847082693007402,0.004017635747614707,6.07096270924228e-06,0.9151452827194648,8.262350829899706e-09,1.5951284375583153e-07,0.0008717420454191807,5.480691053983127e-07,1.0620798780479755e-05,9.183780313862834e-07
32,0.014792437905397235,8.701881348844065e-06,2.7526839016465093e-05,1.7777473302426524e-05,0.0004222483549603541,0.0014907491542319985,3.15986905144527e-05,0.0018392799389531612,0.06330037976033562,0.0037295069156827927,2.872754881854525e-06,6.665000451215784e-08,2.6446934245028455e-06,1.3808527767973879e-09,9.019893330059412e-07,0.0004053745177924903,0.003875512603011811,7.334119145464516e-06,0.908849719681955,7.870718230092818e-09,1.703917440475456e-07,0.001183024461153312,9.656488045533015e-07,9.420540424170619e-06,1.7757830110848612e-06
33,0.006498907750635765,3.3368814393630865e-06,7.934281123122914e-06,6.929550381238177e-06,8.60597671280876e-05,0.0008847394933298386,1.7180874794021443e-05,0.0007785712117197968,0.008530749854290061,0.0009505012840152102,2.4363234015734826e-07,2.4882742880513277e-08,2.6352202572517554e-06,3.291895354477792e-10,9.634942641876674e-08,0.000392104022978318,0.0035905889323829083,5.0407948555619544e-06,0.9772981674306143,1.9709817174206953e-09,4.6765632198416275e-08,0.0009331283508221058,1.7098679177732868e-07,1.2528440037505506e-05,3.109420907332346e-07
34,0.013152535363650627,1.1912947571191541e-05,3.617629890248641e-05,2.7155730239051705e-05,0.0005610613820501174,0.0031449579454547846,6.306070087960295e-05,0.0027584919718695307,0.10060167172363167,0.0063238301666811,4.073106281720773e-06,1.482880775083007e-07,3.094630609187469e-06,1.8669983999355603e-09,1.608520430361941e-06,0.0006009854412542562,0.005711458032284229,1.0687235885910581e-05,0.8646646842527761,1.2746978582358626e-08,3.5077733122532985e-07,0.0023025290232768967,1.8200845191984075e-06,1.457687007866304e-05,3.114892287770542e-06
35,0.013030026489579821,7.061614487689245e-06,9.708312195952542e-05,2.6684031643726743e-05,0.001429050235106454,0.004814689817550282,0.0001254082088512368,0.0009898119986022332,0.0393000764685787,0.011358800605289224,7.112776208922927e-06,2.8159496155586793e-07,5.888905901414855e-06,1.1435723492686506e-08,2.1366534055215886e-06,0.0010479709110188503,0.010167137628957186,2.4088291624849534e-05,0.9163330118781272,5.1458883496317364e-08,1.7360304238591802e-06,0.0011690350991360563,7.3267020958912855e-06,5.104520760216292e-05,4.472834280632913e-06
36,0.019148769569772975,9.786937717292593e-06,3.3222148248816734e-05,2.3934961465575163e-05,0.0005018001444653095,0.0017907807254645333,5.9394312771086904e-05,0.0029808936003345595,0.08327140303030009,0.004789739306028151,4.258757034859062e-06,1.3739333392676396e-07,3.2868031815616256e-06,2.0744536213686592e-09,1.308026000679584e-06,0.000535024905885894,0.006007467710100696,9.643944180088449e-06,0.8787271100925097,1.0293728321387185e-08,2.3772375633359798e-07,0.002085728852544574,1.1970510450497027e-06,1.2123861913265263e-05,2.737773763081213e-06
37,0.03505038514320524,4.506043237025972e-06,4.435870373465776e-05,1.938883003765891e-05,0.0006236415218533682,0.001227574419158805,9.414133098065779e-05,0.0012100559304046845,0.02971047067587734,0.004051015044943165,3.2136657485117753e-06,1.1913217334720067e-07,5.617260277323804e-06,6.753690526990357e-09,7.107107895301715e-07,0.0007227040073288372,0.008456275563272574,1.3136214959546534e-05,0.917906223596459,1.45970673686495e-08,3.776823956588581e-07,0.0008170639624884283,2.128005068090343e-06,3.435434269089486e-05,2.5168621576902923e-06
38,0.08207341074304009,1.7063051364858854e-05,5.221734278980376e-05,2.516478095148803e-05,0.0018067105217884419,0.0002710476483760216,3.092290954229158e-05,0.003865255652679364,0.2637823819382757,0.010647884385493222,1.1638331599001493e-05,5.7417906476998665e-08,2.4957300936403847e-06,3.0868196327369666e-09,9.891411714284292e-07,6.148557363015214e-05,0.007837994220823482,1.6508523095645337e-06,0.6281331331964753,1.3413750998861514e-08,4.4023926665697276e-08,0.0013537335109634848,7.632515466195987e-07,5.607924150331866e-06,1.833135053180845e-05
39,0.0048540387209485125,9.03173286996656e-06,3.657576849912927e-05,1.1543508110115537e-05,0.0002146995157514544,0.003409548636504144,2.299927695198981e-05,0.0024579977402233418,0.05184239884959856,0.0019126188933437868,8.749922295643225e-07,1.1037231579607938e-07,2.1662946722491133e-06,4.3294789013086597e-10,8.392931417105062e-07,0.0008359733813026349,0.0042233643872706915,7.5333378038064435e-06,0.9282384523762117,5.404789686588394e-09,6.020316036736105e-07,0.001906597063290172,8.46068946269279e-07,1.0472349639731766e-05,7.095710334826741e-07
40,0.031532250208294074,1.3618766417871168e-05,9.164394093825512e-05,1.5531038545233212e-05,0.0015928851689599377,0.0007168544442715851,5.550513846358126e-05,0.0015884261367741226,0.057701087788537185,0.003220441183352822,7.681494385275719e-06,1.800144410651667e-07,3.402557174943601e-06,7.852312252638016e-09,1.5280989829836794e-06,0.00032042620502103694,0.005135579925539004,5.2508991920340546e-06,0.8967682710206634,1.3370854644581815e-08,2.828405168559819e-07,0.001212101646401711,1.085290021591017e-06,1.076040933445799e-05,5.1845606040954235e-06
41,0.013836313393024697,1.1316200620582135e-05,2.4053691252239485e-05,2.7215545538497798e-05,0.0006289861906504026,0.0014410229461287462,2.083439994749442e-05,0.0024100097515158026,0.10254714732943658,0.0034893952619764893,4.805257257899441e-06,5.2594709912531185e-08,2.7543004289829706e-06,1.344385098522215e-09,1.1995093512486764e-06,0.0004408358643394239,0.001875652603922514,8.893255240877324e-06,0.8723783756458453,9.803400885608434e-09,1.1241622473378726e-07,0.0008445587516947263,7.863391725294876e-07,4.334031702105443e-06,1.3335722321268886e-06
42,0.024793410293924206,8.377081666231165e-06,3.85781351312159e-05,2.5969076188575097e-05,0.0007991702050619226,0.0019213243851372898,7.074434736551261e-05,0.0023211564671140722,0.0926847513729508,0.007140303511125623,5.9099491836881365e-06,1.1887426679350864e-07,3.995602154574562e-06,3.5261348169051567e-09,1.4862591294284796e-06,0.0004980961357201136,0.00587801584664524,1.1471881814593541e-05,0.8625010176842709,1.6364486900773468e-08,2.8013315275210025e-07,0.0012739794097505618,2.1336905962936475e-06,1.59998079568431e-05,3.6899590710357246e-06
43,0.007860139857074054,5.783609190794774e-06,3.8350699914489224e-05,1.961366964680776e-05,0.00033187047921779506,0.004099772554030204,3.866876626488531e-05,0.003019313311368197,0.08286759044974307,0.008485679935610545,1.487975284179927e-06,9.060086182879084e-08,3.44391245527535e-06,5.1377412829232e-10,8.416886688439124e-07,0.0007002746534572537,0.005645326056364673,7.484445538105643e-06,0.8850743268942955,1.055839624545722e-08,4.867626900511131e-07,0.0017810247035209758,1.321874764656155e-06,1.6075443124828014e-05,1.020584742846703e-06
44,0.017467525467956845,9.211177703199073e-06,3.3541898467087916e-05,2.2612844058936276e-05,0.0005307443555690415,0.0017977582774660345,4.530738929730714e-05,0.0023342705462630477,0.08212823750518897,0.0049760932409877445,3.9053632459520535e-06,9.392856137247774e-08,3.041222303834387e-06,1.7856464552021248e-09,1.1717088762959018e-06,0.00047682388072701906,0.00470546180515289,8.467363634874706e-06,0.8839904265968268,1.0357072495778794e-08,2.2537432004463404e-07,0.0014503466600706218,1.2859452252600182e-06,1.108214245235996e-05,2.3531629255367752e-06
45,0.013562080377852533,6.506894038024116e-06,2.722956628703687e-05,1.7990432151927225e-05,0.00029799696981410367,0.001828985072302279,5.5458162025893085e-05,0.005055264892520473,0.06902331757800968,0.004635305522751871,2.4906110632483453e-06,1.073507637659276e-07,4.373083884404791e-06,1.0771568784003683e-09,1.166541934630623e-06,0.0007117782636257349,0.0036424794962168516,9.261186928002894e-06,0.899518043145362,8.05595083406988e-09,1.7085034760556433e-07,0.0015859025483534266,6.524584664363766e-07,1.2413185075723194e-05,1.016677116652818e-06
46,0.018752182063365503,8.179909838968752e-06,3.32876728861608e-05,2.3261351580695627e-05,0.00047521109575927384,0.0017788781323759626,4.708901261413e-05,0.002342920505899035,0.07450451796147899,0.005089287050822473,3.428267176163336e-06,9.501998314427493e-08,3.2604541374304854e-06,1.5479464081060188e-09,9.284727523230587e-07,0.00048736648938148405,0.005794471175293777,7.925028499358216e-06,0.8890167299007403,9.974017564630216e-09,2.238011056809525e-07,0.001615431096479708,1.1769720114787677e-06,1.1906568039098686e-05,2.230475814818396e-06
47,0.02645326147316973,3.993276173673272e-06,3.2572450373325614e-05,2.12482923000952e-05,0.00021248969594733744,0.001065813448899522,5.273676686472404e-05,0.0025802638382734417,0.03633793183765264,0.003208744517912446,1.319521323932375e-06,9.067964165205798e-08,4.695081869589072e-06,8.534460897821349e-10,2.89622498586115e-07,0.0007286168603267448,0.0067450868340068896,4.653701103414371e-06,0.9208861631025713,5.02745672238382e-09,1.3850650947475972e-07,0.001643322404672488,4.90405285774526e-07,1.5109342101416055e-05,9.624596189869545e-07
48,0.02640925960675371,2.540288950897868e-05,9.111709973075145e-05,9.789954825202739e-05,0.002759459309960727,0.0034528977104591463,9.833908152826603e-05,0.003573210179036673,0.3323282890300046,0.009158827800215702,4.830779777024565e-05,4.220856447234436e-07,3.2093688720725927e-06,1.1965440317532855e-08,8.947352819888454e-06,0.0008910489680989293,0.0033658412256149456,2.1682472705757435e-05,0.615496254401829,4.5741831936845865e-08,8.917966511160951e-07,0.0021471917944580134,6.034324271366844e-06,6.241563770710596e-06,9.166884770375529e-06
49,0.01075382223853154,1.2232178109681196e-05,4.059371241236982e-05,2.3835711167387164e-05,0.00042762794951846313,0.0027520276208445223,4.222339921375277e-05,0.002887606407431746,0.08838263501435902,0.005074586961615373,2.7435188190799487e-06,1.3798572491525283e-07,2.805240826790318e-06,9.207188721249792e-10,1.073546740581657e-06,0.0005369893269162515,0.004828061941773265,6.254763577468498e-06,0.8814216036509442,9.188594377393419e-09,2.723541215281178e-07,0.0027897209584921857,9.256403044146475e-07,1.0167424373935908e-05,2.042344868146556e-06
50,0.021410155671891782,7.5768902663076266e-06,3.572446675070509e-05,2.2548157819126824e-05,0.0005526170206876776,0.0016237980827866812,5.635186803681647e-05,0.00261003215942485,0.0810348725626758,0.005911400592436513,4.041028972699028e-06,9.721492886202669e-08,3.660182773120256e-06,1.9897300998318556e-09,1.0721616881248192e-06,0.0004817637894909519,0.005253258082678847,8.055359304778643e-06,0.8795952614736641,1.1177601396885832e-08,2.035871123831839e-07,0.0013707427530306418,1.2468664494225994e-06,1.3048490676546921e-05,2.458369122053241e-06
51,0.0076221059805754,9.259233789663031e-05,2.0280391459846864e-05,7.834502035996353e-05,0.00035097370804384944,0.0030259154703214824,1.6488037832001324e-05,0.004946108983597249,0.1267862375489973,0.002442640664504715,8.028313427642467e-06,1.6868008156688665e-07,1.531800644761204e-06,1.3111116716870924e-09,4.972849150874377e-06,0.0004497528713203804,0.0023278898496639105,1.3897701452706498e-05,0.8449553229612625,8.559140748099015e-09,2.402773186486417e-07,0.006848498997082141,9.672934940849283e-07,3.2224738478566787e-06,3.8079174123422564e-06
52,0.012432345431982699,6.3641507047942966e-06,2.0271706513828455e-05,2.9209359187410288e-05,0.0004751287995826737,0.0030708676898385822,3.329228721610441e-05,0.003972906624357835,0.09093583915211455,0.010146790648646771,4.850193789859228e-06,1.0403027555384426e-07,4.523405722692076e-06,1.53446639227237e-09,1.71710120872275e-06,0.0005540705643673451,0.0023030364062916722,1.596731296639141e-05,0.8748714434413611,1.7364181569416437e-08,1.5441065819298864e-07,0.0011099145887589674,1.0002827975835038e-06,8.898850568671848e-06,1.2846624398006655e-06
53,0.03620998108927114,8.62170364051866e-06,9.87750894420805e-05,7.17892301084614e-05,0.0020326864398704757,0.004892389527474382,0.0004143187053298249,0.004358289205437023,0.22088909032626425,0.016850586375315384,2.06044649217446e-05,5.375905341856575e-07,8.105372739129781e-06,1.2332906365285214e-08,3.90860694855674e-06,0.0016152987904257607,0.014278171257412353,3.40218879578037e-05,0.6956354421151145,6.838238735310879e-08,1.419011419108921e-06,0.0025184474296917384,1.0675544370173114e-05,3.727975648063252e-05,9.479764536884964e-06
54,0.014521726792048422,2.8136796894148447e-05,1.747489665354471e-05,1.9333356837642947e-05,0.0003873382733803347,0.0015441690077095162,3.9276078626703884e-05,0.001917210786259213,0.08692605614591156,0.0026729995744903725,3.189110647224253e-06,8.325138399546825e-08,1.1041217650357702e-06,1.7346671029406456e-09,1.787965893383346e-06,0.00024438985229849986,0.002957578137352336,4.5302465774146465e-06,0.8857878732614275,3.4439998367831937e-09,1.0949551786701885e-07,0.002912407661180104,7.560225784618733e-07,7.363329067558355e-06,5.100656832093994e-06
55,0.018214651187643306,8.833710606160596e-06,3.407136430317475e-05,2.311796569507357e-05,0.0005638382391835342,0.001986957471915256,5.54596927344784e-05,0.002789962820103674,0.08979543178978817,0.005060510675255657,3.898499127318473e-06,1.2723749359597228e-07,3.564345072150808e-06,2.0563925859971666e-09,1.2394988496547763e-06,0.0005663785130055712,0.004859141816629761,9.659077135889398e-06,0.874430212537118,1.13482318794312e-08,2.371422090191751e-07,0.0015765325375793574,1.3102500464986733e-06,1.2390029395959342e-05,2.460194484432789e-06
56,0.01754221006762245,8.279320328847188e-06,3.2954951021889166e-05,2.2532756872534184e-05,0.000492634387927827,0.001777646503323309,4.504200769899319e-05,0.0025144660480902327,0.07759103529064437,0.005063550382443116,3.5665494414174633e-06,9.260879417199659e-08,3.570039415017802e-06,1.6730943218879883e-09,1.0442589913419899e-06,0.000503517631682198,0.004651112183987215,8.561363245179504e-06,0.8883614802601598,1.0748096146959299e-08,2.0890584644350428e-07,0.0013616014497430217,1.1826242053035647e-06,1.1632929531456946e-05,2.06505779356997e-06
57,0.012354001829020168,7.067282844012738e-06,8.047312684308489e-05,1.4354085050804456e-05,0.0006995706414576808,0.0019083066309641453,5.132417070174847e-05,0.002567322500286106,0.08000753249031797,0.0057636801683463145,2.57415602867926e-06,1.669895858769718e-07,4.163294133153723e-06,1.3629645665133385e-09,8.277541574379289e-07,0.0006161318646728756,0.00554928229032342,4.489088066101385e-06,0.8887588722194805,1.2429489059272216e-08,3.416677984072378e-07,0.0015932306227567949,9.180621439250447e-07,1.345978890140303e-05,1.8954836658990268e-06
58,0.015793912003675827,7.191557071084074e-06,2.9410565333748044e-05,1.640344986297921e-05,0.0004203668805508874,0.0017567512926963034,4.383737681922208e-05,0.002155605279645163,0.06210527146033668,0.0049899089405666865,2.3634007083451762e-06,8.248123995830112e-08,3.5376482483765103e-06,1.5127021033284356e-09,8.632944852068881e-07,0.0004480892280731936,0.004859508629097259,7.911562476515805e-06,0.9061110104718658,9.336139612832405e-09,2.0129690515978242e-07,0.0012289725964231071,1.168919821280108e-06,1.572531324976005e-05,1.8955020057522937e-06
59,0.01632076165697041,7.3967060199343466e-06,3.85696585266335e-05,1.7305879460374017e-05,0.00047381201741035213,0.0016841649192383165,4.624013842868535e-05,0.0022795526413368944,0.06462158108106547,0.005045521243277142,2.666055878953883e-06,9.093774697157615e-08,3.767329500040363e-06,1.5750780758132214e-09,8.930696304036146e-07,0.00048562222232201877,0.00518634915610878,7.414367927927971e-06,0.9024948791142489,1.0581969200285172e-08,2.3802787742754885e-07,0.0012646859126126764,1.1992192443284176e-06,1.535158415212588e-05,1.9249039681137137e-06
60,0.017467525467956845,9.211177703199073e-06,3.3541898467087916e-05,2.2612844058936276e-05,0.0005307443555690415,0.0017977582774660345,4.530738929730714e-05,0.0023342705462630477,0.08212823750518897,0.0049760932409877445,3.9053632459520535e-06,9.392856137247774e-08,3.041222303834387e-06,1.7856464552021248e-09,1.1717088762959018e-06,0.00047682388072701906,0.00470546180515289,8.467363634874706e-06,0.8839904265968268,1.0357072495778794e-08,2.2537432004463404e-07,0.0014503466600706218,1.2859452252600182e-06,1.108214245235996e-05,2.3531629255367752e-06
61,0.01656017980755271,7.768788641127066e-06,3.8164258045779496e-05,1.7007611089362745e-05,0.0005036077813417997,0.001667408923980876,4.52273878517491e-05,0.0021020178205467337,0.06838975286210973,0.004868051826334905,2.8728499665398497e-06,9.037413705388528e-08,3.3532103871693715e-06,1.690161815992561e-09,9.507154940880115e-07,0.00046282477704884023,0.005017420835784666,7.164319161036126e-06,0.8990387488032403,1.0015819121114947e-08,2.3896921328377365e-07,0.0012496371254056022,1.246699688551841e-06,1.4131251799098171e-05,2.121295197761378e-06
62,0.017467525467956845,9.211177703199073e-06,3.3541898467087916e-05,2.2612844058936276e-05,0.0005307443555690415,0.0017977582774660345,4.530738929730714e-05,0.0023342705462630477,0.08212823750518897,0.0049760932409877445,3.9053632459520535e-06,9.392856137247774e-08,3.041222303834387e-06,1.7856464552021248e-09,1.1717088762959018e-06,0.00047682388072701906,0.00470546180515289,8.467363634874706e-06,0.8839904265968268,1.0357072495778794e-08,2.2537432004463404e-07,0.0014503466600706218,1.2859452252600182e-06,1.108214245235996e-05,2.3531629255367752e-06
63,0.014750504520378783,1.1904570389060099e-05,2.7286101928424064e-05,2.1192374443987616e-05,0.00045173536240732077,0.0017204333775642233,3.345924971754171e-05,0.002065229149251071,0.07910048752121605,0.0038824847798504835,3.5620763811514274e-06,7.568403123092127e-08,2.385945497339067e-06,1.4841572167690826e-09,1.223291795795519e-06,0.00039988300880191863,0.0039039414646111206,8.00218015542625e-06,0.8921075689647786,8.244481090189253e-09,1.930034056884946e-07,0.001496151832601146,1.1369757192612262e-06,8.85981828251722e-06,2.289018153300314e-06
64,0.015256137192384887,1.0101585909162237e-05,5.005198789698472e-05,2.2748311470796322e-05,0.0005794377669313741,0.002233207295381225,4.558218438734581e-05,0.0021188010284979384,0.07902275800578833,0.004865693224686752,3.7565925030060095e-06,1.240370304785633e-07,3.1267599071662063e-06,1.909081541509166e-09,1.3046277359229424e-06,0.0005978685045002209,0.005835771644216959,8.753606965379071e-06,0.8877093107792984,1.2358852608963547e-08,4.592445121126809e-07,0.0016175291079964314,1.7829162849167642e-06,1.3291913513321427e-05,2.3874142667870254e-06
65,0.01929420237127733,8.112006154127683e-06,3.3702464305121725e-05,2.2865920046107566e-05,0.000527737643105201,0.0016050895956089373,4.556343868893572e-05,0.0025584063830465073,0.08321006803963789,0.005372097668123546,4.161321240284042e-06,9.086565421092681e-08,3.269368067215343e-06,1.7274833740578594e-09,1.1008283099682552e-06,0.00047170945156564236,0.004562996418086331,7.822714680661459e-06,0.8808894636964513,1.0213762341739208e-08,1.9102355406918798e-07,0.0013677432578326641,1.1175942882440195e-06,1.0326572656995878e-05,2.1494163729630665e-06
66,0.008667498800455224,6.051952769320841e-05,1.3000342277671054e-05,3.216014421933008e-05,0.0002002994126149747,0.0033253150878741543,2.1665214893855728e-05,0.0032902699166640808,0.10705504572140162,0.0028772425934788072,6.5688028905987276e-06,1.8557493794635206e-07,8.435637819072596e-07,2.1850428908656176e-09,8.546413233564091e-06,0.00035425112251438013,0.003599833027646516,2.0198108807673126e-05,0.8643879840330309,5.415908091791108e-09,4.04490416281798e-07,0.006062629461681106,2.390270208204617e-06,7.518683381452551e-06,5.622084945663714e-06
67,0.012373592802423897,1.2438725034551372e-05,2.961424428561974e-05,2.2138402221109416e-05,0.0004539705314033061,0.00279911826826296,4.544367802473476e-05,0.001723748674802397,0.07445791960508706,0.004189659940350568,3.2420959360944e-06,1.0340305792189443e-07,2.4128000763259436e-06,1.7860539554959959e-09,1.377195467275165e-06,0.00049215544325832,0.005626320542273189,1.1316217582995356e-05,0.8958709814836726,1.0582590369690104e-08,3.6535622400613707e-07,0.0018652056408184014,2.0136382907679072e-06,1.3830666931081535e-05,3.0182758704181216e-06
68,0.010162102362750636,1.550604088915609e-05,5.195572550367116e-05,3.217792791981393e-05,0.0007606413566751656,0.009443777990765406,0.00011866578765359015,0.006789794308511214,0.12806645458931779,0.009815766588115261,5.727822281433528e-06,5.710076607287864e-07,5.162952064543873e-06,3.0815937983784008e-09,4.927760174472728e-06,0.0010411173536577906,0.0077918116320986166,3.099566049385284e-05,0.8217613158578017,3.3597812748575995e-08,1.4074165725380839e-06,0.0040644327799782415,3.60070732636877e-06,2.797131108841814e-05,4.078381292949943e-06
69,0.017643151122157585,9.635114512983763e-06,3.441344655282252e-05,2.375588206231122e-05,0.0005527509989370136,0.0018657616234583937,4.614906701000018e-05,0.0024031999141875355,0.08715142519656478,0.005179749359963724,4.285668458752935e-06,9.796612635996894e-08,3.0443479998686687e-06,1.8526473248027135e-09,1.2720142355449682e-06,0.00047918208258100045,0.004820639020276447,8.933060804326855e-06,0.8782510713095082,1.1024052453659114e-08,2.3987433046924654e-07,0.0015064130855405042,1.3820860860585541e-06,1.0935206076742533e-05,2.4996758687668245e-06
70,0.015097190612882727,1.0195075164421906e-05,6.061148237136123e-05,4.755324035469517e-05,0.0007833284254046774,0.0034652617029748774,6.060529245639286e-05,0.0033661724901271014,0.15607514139518622,0.007558767756119082,6.785067738811699e-06,1.54949225455788e-07,3.846101216474239e-06,1.560177889682578e-09,1.5121041585078843e-06,0.0009010091895634242,0.0038278228547373935,9.068913193902565e-06,0.8068776096370156,1.823577238259409e-08,3.6404271055935097e-07,0.0018351208717216445,1.6509496919575194e-06,8.001469091759258e-06,2.206580942679053e-06
71,0.020965854926206118,7.567626905195286e-06,3.564135603554366e-05,2.295354067713438e-05,0.0006201174002023324,0.0018575402657062562,6.664397542300599e-05,0.002631708351057563,0.09216355194219204,0.006167989878027887,3.8850038324697005e-06,1.0060262610510363e-07,3.6888555021934294e-06,1.9829745776556154e-09,1.0537185721148327e-06,0.0005065667030433986,0.005544666307298745,8.257114464931156e-06,0.8679432632379317,1.172334338474342e-08,2.1658761777009765e-07,0.001430774948300327,1.3575758273762938e-06,1.3933279689283364e-05,2.653096542563164e-06
