,0,1,2,3,4,5,6,7,8,9,10,11,12,13,14,15,16,17,18,19,20,21,22,23,24
0,0.055400560204321284,1.4655754278054927e-05,5.767575414107279e-05,7.323411286023437e-05,0.0010980452958197604,0.0010677977416780338,9.496767121264913e-05,0.00772566798363464,0.1361948181635826,0.0057210026399208466,2.3929459462302868e-05,2.587684660975535e-07,5.151695034809918e-06,8.064659813943098e-09,3.997093856654882e-06,0.0008562802346466486,0.006714067205988031,1.6021756270446703e-05,0.7826465710650286,2.0471221298281497e-08,3.753560035864546e-07,0.0022706089359272054,1.7050872205750003e-06,8.397168026332429e-06,4.182316738727548e-06
1,0.04218853767542644,1.0354048750263906e-05,6.171114673011384e-05,4.860538083345055e-05,0.0011000832805699715,0.0008686107616902978,6.242191764661897e-05,0.005920234829472003,0.14182589810304236,0.005055807228631518,1.518842219808058e-05,1.6232005768721504e-07,4.225552468825295e-06,4.497161874311612e-09,2.432127718655731e-06,0.0007715583337894442,0.004569770850602412,8.4072274261233e-06,0.7960366085384172,1.4240455538245238e-08,2.621976704600897e-07,0.001439650871590819,1.0821031173305376e-06,5.710315119408694e-06,2.6580294132023486e-06
2,0.06228895910277079,2.264617699513213e-05,8.562167315715759e-05,6.616999579797322e-05,0.0019251597281606141,0.0008451305518006744,8.024250679410983e-05,0.01086491288019154,0.21835110530811536,0.008385385611219818,5.585670466196341e-05,3.439554766582759e-07,5.226926845344841e-06,1.3991605637240853e-08,1.0065893495047299e-05,0.0005339135845893811,0.005976579869197335,1.590654447836209e-05,0.6884118976051556,3.583898938387368e-08,4.684762216817649e-07,0.002056898473749894,2.428304915320584e-06,7.036099229022484e-06,7.994196386132896e-06
3,0.05477002552714644,1.6244700198241848e-05,5.943628548947045e-05,6.941031562988669e-05,0.0011398548168187115,0.0010505213031672773,9.610951396508272e-05,0.0073346716424531055,0.12997928743710085,0.005543969199995896,2.5499067846634314e-05,2.7893755052358726e-07,4.779953451588261e-06,9.016955586547983e-09,4.407536206100836e-06,0.0008003799233543313,0.006819966746291213,1.5832452994114445e-05,0.7898025187985799,2.0028170977749127e-08,3.8782475236002015e-07,0.0024515593398461745,1.6997078907376935e-06,8.452357279092468e-06,4.677566865920801e-06
4,0.05527450822938742,1.4413168600810636e-05,5.7706365833794023e-05,6.511101066826681e-05,0.0010622513309563638,0.0009786354567277195,9.149026836660816e-05,0.007044334832145519,0.10837453679664509,0.00526489612223327,2.2315366425905256e-05,2.5522094623559557e-07,5.565257482011807e-06,9.091812423538739e-09,3.758149660423372e-06,0.0008164435144250644,0.0066008312363738525,1.594568885842424e-05,0.8122036660525322,2.0354825455737137e-08,3.518977240311491e-07,0.0020882148000581024,1.5485372057335045e-06,9.159957998790261e-06,4.031292106412237e-06
5,0.05232467405265031,1.76162575561819e-05,4.485519138655547e-05,8.346652280686226e-05,0.0009751752722240611,0.0011689884390537625,8.309799827489379e-05,0.007208896028678307,0.11375260442985434,0.0048887491931356945,2.5090746782136525e-05,2.479703880462433e-07,5.081503672928692e-06,9.009901093181635e-09,4.437625764898853e-06,0.0008605360496213266,0.006472603336662748,2.312863871718199e-05,0.8096406559587291,2.1700889449629286e-08,3.746569815394093e-07,0.0024054246575128226,1.79248701889457e-06,8.363398039408628e-06,4.108873697339252e-06
6,0.05477002552714644,1.6244700198241848e-05,5.943628548947045e-05,6.941031562988669e-05,0.0011398548168187115,0.0010505213031672773,9.610951396508272e-05,0.0073346716424531055,0.12997928743710085,0.005543969199995896,2.5499067846634314e-05,2.7893755052358726e-07,4.779953451588261e-06,9.016955586547983e-09,4.407536206100836e-06,0.0008003799233543313,0.006819966746291213,1.5832452994114445e-05,0.7898025187985799,2.0028170977749127e-08,3.8782475236002015e-07,0.0024515593398461745,1.6997078907376935e-06,8.452357279092468e-06,4.677566865920801e-06
7,0.055747538683410376,1.5876536121117524e-05,5.9919857925459454e-05,6.891512142969612e-05,0.0011444683795583598,0.0010157519017447267,9.65816987265882e-05,0.007406425886806616,0.1281785951203552,0.005605584416428819,2.53087181820588e-05,2.7505871585665394e-07,4.898552426535992e-06,8.983936903818196e-09,4.2734448214656524e-06,0.0007912307751633413,0.006814563638203417,1.5360809930777487e-05,0.7905808593049092,2.004150291961162e-08,3.718510311942046e-07,0.0024084099083821016,1.6396421635891505e-06,8.473430059394965e-06,4.648238064380729e-06
8,0.10067191402044073,1.3082240820827594e-05,0.00015968767342411315,5.7323463213309825e-05,0.0015281989019626776,0.0006790593095493364,0.0001500624227096854,0.008385528329947167,0.13211030891624778,0.013379285514333199,2.7360691194847664e-05,4.2340544138137704e-07,8.56332330829247e-06,1.8382705156479605e-08,4.4485181516699626e-06,0.000614609229977693,0.012075367296964979,7.5340537319098535e-06,0.7280596605191607,3.1968633592917086e-08,5.837630018373569e-07,0.0020294701134024725,3.083697036338499e-06,2.391881039907066e-05,1.0475434241285357e-05
9,0.09476824719502158,2.021646838540719e-05,0.00010481453680153862,7.26444714920725e-05,0.001467500072270565,0.0007801115608803788,0.00011941626026475045,0.009621735860269194,0.16963564804975026,0.01300477370275853,4.1649562106467824e-05,4.0443849727015167e-07,6.330102319558503e-06,1.9246714839945215e-08,7.983454952138782e-06,0.0005065837142318035,0.010157280042179967,1.1304026484098337e-05,0.6972163140037565,3.175307636404352e-08,5.625907670144125e-07,0.0024217763689953044,3.922272600627367e-06,1.754277589189669e-05,1.318746953174941e-05
10,0.05477002552714644,1.6244700198241848e-05,5.943628548947045e-05,6.941031562988669e-05,0.0011398548168187115,0.0010505213031672773,9.610951396508272e-05,0.0073346716424531055,0.12997928743710085,0.005543969199995896,2.5499067846634314e-05,2.7893755052358726e-07,4.779953451588261e-06,9.016955586547983e-09,4.407536206100836e-06,0.0008003799233543313,0.006819966746291213,1.5832452994114445e-05,0.7898025187985799,2.0028170977749127e-08,3.8782475236002015e-07,0.0024515593398461745,1.6997078907376935e-06,8.452357279092468e-06,4.677566865920801e-06
11,0.055568617627000286,1.4143357499899113e-05,5.983699754187027e-05,6.440560636318681e-05,0.0010442979444259416,0.0009850400487638484,9.7358661939699e-05,0.007985842812679117,0.12034969492121282,0.005688512048383353,2.2497039904267338e-05,2.7339549272549426e-07,5.728691171668638e-06,8.478702225684246e-09,3.852999537548682e-06,0.0008275667697273517,0.006975563705726359,1.535153920649466e-05,0.7980189131521986,2.0368870775382225e-08,3.5318029858061283e-07,0.002257085737834839,1.5481684149135132e-06,9.352067434996777e-06,4.134679668514294e-06
12,0.06641206125542326,2.5382017882256336e-05,8.503206574015714e-05,0.00010652783753586152,0.02936764894119537,0.005463095196399536,0.0006887923619309127,0.0009252436518418581,0.23567042228224203,0.0054167480369319695,7.223934900295442e-05,8.90738961571906e-07,5.771826228541303e-06,4.3151705654217483e-07,9.853325692998474e-06,0.0015328248216758091,0.018932207020778614,0.00019854950322585775,0.633829158851317,2.3857034344083377e-07,4.988604063383463e-06,0.001063078662765546,7.007942424407199e-05,4.8373624966023966e-05,7.036051255458768e-05
13,0.05534787540711101,1.6300967372822583e-05,6.026078431350731e-05,7.003959692351364e-05,0.001151326013203331,0.0010464448357989284,9.672258081803965e-05,0.007425298152410015,0.1307496081402212,0.005603208845547165,2.6156438741328392e-05,2.8395941730027303e-07,4.832846749084949e-06,9.22592681684517e-09,4.497055513418221e-06,0.0008044547637522103,0.006858886232607356,1.5994696219282695e-05,0.7882472458251355,2.0406068414134366e-08,3.9297005936477205e-07,0.002455203468306293,1.722920784265861e-06,8.48191231291075e-06,4.731954686831529e-06
14,0.011825979549277145,3.556085740027206e-05,3.2192062652907615e-05,5.71832938423741e-05,0.0012569507307183207,0.0009312857493881674,1.3709869394893297e-05,0.0015784777623360667,0.040609646427122385,0.0013441271757113702,2.3846768587788284e-05,6.678989877732918e-08,2.40222633531561e-06,4.88808983176254e-09,3.327876954969611e-06,0.0005243260401679798,0.0014413404979392232,2.189481116150289e-05,0.9392604123514822,1.691367155997096e-08,1.851583133228252e-07,0.0010333644444609684,6.436811801931561e-07,1.6294685981771223e-06,1.4246053141355972e-06
15,0.05477002552714644,1.6244700198241848e-05,5.943628548947045e-05,6.941031562988669e-05,0.0011398548168187115,0.0010505213031672773,9.610951396508272e-05,0.0073346716424531055,0.12997928743710085,0.005543969199995896,2.5499067846634314e-05,2.7893755052358726e-07,4.779953451588261e-06,9.016955586547983e-09,4.407536206100836e-06,0.0008003799233543313,0.006819966746291213,1.5832452994114445e-05,0.7898025187985799,2.0028170977749127e-08,3.8782475236002015e-07,0.0024515593398461745,1.6997078907376935e-06,8.452357279092468e-06,4.677566865920801e-06
16,0.06414948673815307,1.1571715198843492e-05,9.982831849708558e-05,0.00012200290409230643,0.001239124622696809,0.0014453011657921838,0.00015469615868418006,0.00960179491554742,0.07784101152717815,0.005550361274156283,4.9069822722941654e-05,7.251110168617032e-07,9.915343270193286e-06,2.3346618117999757e-08,6.898942359457342e-06,0.0025203468819926496,0.009035662238747374,5.15304356516426e-05,0.8255329685744,4.8529680086789056e-08,1.1866633422446303e-06,0.002558562711281075,2.6195280805994925e-06,1.2327246554723282e-05,2.9352842858308327e-06
17,0.14588479656936795,1.6539048487818543e-05,0.00011958189423258885,0.00011205489174458088,0.002235674182470647,0.0008002971314386251,0.00033075712312717837,0.0117369375600029,0.17444771839713255,0.007564914932240372,5.10210506289496e-05,7.883227244934611e-07,8.67147227833812e-06,2.990439102265601e-08,5.217003282806433e-06,0.0010269995796717058,0.01490498239994278,1.5478311860252398e-05,0.6368507130956057,3.35638957325853e-08,5.980279357882144e-07,0.003855514930232746,2.6010211897611966e-06,1.5629543503621787e-05,1.24500426110569e-05
18,0.09214940027414117,2.1075357575298046e-05,4.228782035858202e-05,4.7464880935999276e-05,0.001240299416312199,0.0006194436138853912,0.0001463871673318366,0.0042741870109614935,0.12325319346874673,0.004923371829581851,2.5836777647442752e-05,2.109316447159966e-07,2.8347075405160006e-06,1.2812080586082458e-08,3.4878301990126532e-06,0.0003085113705297539,0.018356534944265913,1.2005376072497773e-05,0.7505826053239043,1.4398679172241654e-08,2.8687689702175483e-07,0.003959820538122722,2.1120405215153715e-06,1.1703107832675526e-05,1.691212423162621e-05
19,0.06124259057230582,1.0485786173455111e-05,8.735726315141885e-05,8.033418592909469e-05,0.001237134367042364,0.0013583757120485657,0.0001947713886251552,0.012898675467601985,0.17117553770901356,0.012673306578968332,2.0488006399424652e-05,4.6683028888964007e-07,8.387475379133364e-06,6.61051465312873e-09,2.9125677582426644e-06,0.0009822721899547689,0.009055877272544168,9.411616029870551e-06,0.7253745827602317,2.4731920463650202e-08,3.196517664968856e-07,0.003567197451480623,1.2604116310317076e-06,1.3118335872425213e-05,5.10505736832407e-06
20,0.03400627190930687,4.491588038927211e-05,6.534129858453032e-05,0.00010198165519045821,0.0008028259788390124,0.0017973769268669545,8.194762565070035e-05,0.01752699132346575,0.1567885137539311,0.005758242585717745,4.181338396832722e-05,8.098064241823174e-07,4.756252404663382e-06,1.086580574824907e-08,1.668421967875855e-05,0.0010809232427462221,0.0069165638369409095,3.106013932771506e-05,0.7680665437418913,2.6434959399797088e-08,8.846293572635607e-07,0.006848328009259086,2.2615850243843403e-06,8.754794782292335e-06,6.170119487528463e-06
21,0.0771251428080631,1.6987449170448467e-05,9.021039937314823e-05,0.00013389321606393847,0.0015748307099029452,0.0010977688786601896,0.00010535091781965438,0.00835484351091279,0.12458436905234638,0.005759063985376674,5.843538438411744e-05,5.265307656865101e-07,7.079850305934873e-06,2.3090412401418578e-08,7.255068775499184e-06,0.0014651015328830768,0.006373348701898332,2.9139077362947896e-05,0.7710291061223923,3.962147477515742e-08,6.902456793132572e-07,0.002171306121413508,2.610967975272803e-06,7.874973429116792e-06,5.001783158677957e-06
22,0.06749643364474561,1.1818824051278202e-05,8.821326135044555e-05,0.00011186812930795712,0.0013911021212657272,0.0009835739852014495,0.00011497695827669995,0.007868245906800773,0.11406890794454698,0.008871847671284174,5.652530430947353e-05,3.5946154966711354e-07,7.2621314046119714e-06,1.422564108804057e-08,5.152348809176521e-06,0.0011874740294174656,0.01275301598814168,3.0376304174740776e-05,0.7823410285113411,4.5052357722359276e-08,6.71506444155025e-07,0.0025941543505167562,2.6599960649240423e-06,9.377229580453173e-06,4.895113415654453e-06
23,0.05477002552714644,1.6244700198241848e-05,5.943628548947045e-05,6.941031562988669e-05,0.0011398548168187115,0.0010505213031672773,9.610951396508272e-05,0.0073346716424531055,0.12997928743710085,0.005543969199995896,2.5499067846634314e-05,2.7893755052358726e-07,4.779953451588261e-06,9.016955586547983e-09,4.407536206100836e-06,0.0008003799233543313,0.006819966746291213,1.5832452994114445e-05,0.7898025187985799,2.0028170977749127e-08,3.8782475236002015e-07,0.0024515593398461745,1.6997078907376935e-06,8.452357279092468e-06,4.677566865920801e-06
24,0.06244313234290792,2.001723352830122e-05,6.199260434672551e-05,0.00010688830612473897,0.001508358853327179,0.0010483746454767204,8.501641555007317e-05,0.0068004518006558445,0.12260978578687298,0.00571706368890255,3.4945803212533646e-05,3.0757445012903154e-07,5.873079920378156e-06,1.1564048437923444e-08,4.117740024277366e-06,0.0008154179881304605,0.006397601508170425,1.8408584034591502e-05,0.7897399602869112,2.687238417603325e-08,3.4573108922874585e-07,0.0025680589609520833,1.5921635680468934e-06,7.027140929137532e-06,5.22332448185766e-06
25,0.1634808643746913,1.151811853495566e-05,0.00013844787911561083,0.00014533625721181704,0.002210256192427572,0.0006613924785834687,0.0002965067252884673,0.023036367434587694,0.17503739765753304,0.013841242872328277,0.00011695389729477048,8.793343608078927e-07,1.6106591307363162e-05,3.4523647699886326e-08,8.406053919245928e-06,0.0012018616193308,0.013664520106007513,2.5911361494815527e-05,0.603215856593499,7.175477590030936e-08,5.380599991959542e-07,0.002864586582472236,2.609585853204116e-06,1.3388431792812293e-05,8.945513942497577e-06
26,0.058767030656914354,8.99313103618788e-06,3.690677070865867e-05,3.640206422595825e-05,0.000860290880294244,0.0008423097920170856,7.617610302329704e-05,0.004878183202863045,0.14679977664205637,0.005010571791512742,1.1440140186405541e-05,9.705260592986198e-08,4.173561179333733e-06,4.579937071090315e-09,2.086280807426732e-06,0.0005030091017348026,0.007600084883844499,1.3202747311819069e-05,0.7733509857258776,1.4220675559007317e-08,2.609367551990675e-07,0.0011817437866338426,2.0991285793241836e-06,1.0447480758496972e-05,3.709338460736447e-06
27,0.043068452797658384,2.8089874355164444e-05,4.18409102669312e-05,7.155606823382922e-05,0.0009399888644261343,0.0011520349275898937,7.792798526751719e-05,0.008809697485155744,0.1838123479731951,0.005011605223353102,2.4366743828971348e-05,2.833017815261274e-07,3.050633529800499e-06,6.330079313587776e-09,5.757575865801859e-06,0.000572810806456441,0.005640263355225039,1.216719664894683e-05,0.7467956214944449,1.339144072697791e-08,2.7530488220471835e-07,0.003917826852459773,1.3836505172386178e-06,5.9374994287028175e-06,6.693753908794019e-06
28,0.05477002552714644,1.6244700198241848e-05,5.943628548947045e-05,6.941031562988669e-05,0.0011398548168187115,0.0010505213031672773,9.610951396508272e-05,0.0073346716424531055,0.12997928743710085,0.005543969199995896,2.5499067846634314e-05,2.7893755052358726e-07,4.779953451588261e-06,9.016955586547983e-09,4.407536206100836e-06,0.0008003799233543313,0.006819966746291213,1.5832452994114445e-05,0.7898025187985799,2.0028170977749127e-08,3.8782475236002015e-07,0.0024515593398461745,1.6997078907376935e-06,8.452357279092468e-06,4.677566865920801e-06
29,0.05477002552714644,1.6244700198241848e-05,5.943628548947045e-05,6.941031562988669e-05,0.0011398548168187115,0.0010505213031672773,9.610951396508272e-05,0.0073346716424531055,0.12997928743710085,0.005543969199995896,2.5499067846634314e-05,2.7893755052358726e-07,4.779953451588261e-06,9.016955586547983e-09,4.407536206100836e-06,0.0008003799233543313,0.006819966746291213,1.5832452994114445e-05,0.7898025187985799,2.0028170977749127e-08,3.8782475236002015e-07,0.0024515593398461745,1.6997078907376935e-06,8.452357279092468e-06,4.677566865920801e-06
30,0.05477002552714644,1.6244700198241848e-05,5.943628548947045e-05,6.941031562988669e-05,0.0011398548168187115,0.0010505213031672773,9.610951396508272e-05,0.0073346716424531055,0.12997928743710085,0.005543969199995896,2.5499067846634314e-05,2.7893755052358726e-07,4.779953451588261e-06,9.016955586547983e-09,4.407536206100836e-06,0.0008003799233543313,0.006819966746291213,1.5832452994114445e-05,0.7898025187985799,2.0028170977749127e-08,3.8782475236002015e-07,0.0024515593398461745,1.6997078907376935e-06,8.452357279092468e-06,4.677566865920801e-06
31,0.06392190407232681,1.1051268521418957e-05,7.520801026998319e-05,4.147848252839408e-05,0.0006618906586054747,0.00044828156487836693,6.209098575639885e-05,0.01449170487700909,0.07765121547560717,0.0033840023411395,1.5054061493155715e-05,2.4169537786897344e-07,9.006641706029031e-06,6.0554754117182554e-09,3.1071664444579898e-06,0.0008514718820125645,0.006137021694884929,1.2456975934967323e-05,0.8307052548266003,1.6664844454002957e-08,2.86889939529804e-07,0.0015055528264173417,7.847627247657565e-07,8.930565873344337e-06,1.9795536283403425e-06
32,0.047215489485718694,1.585304339269398e-05,5.127037812819381e-05,5.6444454210018206e-05,0.0009709743912537811,0.0009160814148751957,7.172286144764064e-05,0.00602418662669124,0.10511039297006644,0.0043276413295961725,1.9441801365150615e-05,2.1074257835548766e-07,4.326507818147333e-06,7.358591404381143e-09,3.5541061618344073e-06,0.0007070849526268517,0.005898299342467707,1.4281951235743702e-05,0.8265043204231116,1.623505098743213e-08,3.1374358895949107e-07,0.002075389780929037,1.358349494218233e-06,7.554303751253843e-06,3.7834458486553586e-06
33,0.02289884160877034,6.8591702832055455e-06,1.8798671507833553e-05,2.3410050760801193e-05,0.000217329157575741,0.0005751150469796379,3.9711991070474094e-05,0.0027713519193400676,0.016200767530309353,0.001280758144097994,1.978527522265026e-06,8.455772846070195e-08,4.3436550994293156e-06,1.8505013724134476e-09,4.5708885752452177e-07,0.0006903919056403522,0.0056987723611884675,9.456607630965658e-06,0.9477882434853524,4.388711034940899e-09,1.0429404187778669e-07,0.0017619310136538625,2.7225795442748135e-07,1.0285473876402039e-05,7.292415456098281e-07
34,0.042911416086945535,2.0550517521598866e-05,6.336434478257204e-05,8.376640454507243e-05,0.0011471346254159004,0.0017133381746171552,0.000125937853227174,0.008582023963582224,0.15788096521157247,0.006954074674165208,2.7483758343506434e-05,4.138829257254306e-07,4.728820514202594e-06,9.023011799508562e-09,5.918207756659551e-06,0.0009741031963549737,0.007898017353755688,1.905593349358319e-05,0.7677753858225201,2.347638835804352e-08,5.615903226549009e-07,0.0037933926400535154,2.2588697322441488e-06,1.0270547826883568e-05,5.805020625283238e-06
35,0.045638800202513874,1.31604334094312e-05,0.00016773291110103083,8.681951095758569e-05,0.0029641294654736265,0.002625536824901358,0.0002577565515295638,0.003337551555981634,0.06581721956190686,0.012531391837954283,5.1366231280221865e-05,8.325389615323173e-07,9.070020558706792e-06,6.152923690042209e-08,8.564043571175081e-06,0.0017629243196784629,0.014326456883884524,4.504152594455835e-05,0.848280345188017,9.509855386255623e-08,2.697886069966218e-06,0.002017598214159235,9.248615711818619e-06,3.64940870690993e-05,9.104961573591332e-06
36,0.05886607870067738,1.7075102345585537e-05,5.9850943253603986e-05,7.014465051353495e-05,0.001031412037495156,0.0010201754610261859,0.00011852369191543069,0.008899776039880207,0.1270221020734441,0.005306473283304591,2.6683766610618107e-05,3.8035109455707513e-07,4.934407707937705e-06,9.86894784484399e-09,4.7809127214990355e-06,0.0008570702243777964,0.008393529707819689,1.6802380231102916e-05,0.7848681534754525,1.8803777806286754e-08,4.0537770937050946e-07,0.0033997498488846484,1.5446972682391424e-06,9.126478873371848e-06,5.197714667152688e-06
37,0.10953254231258497,8.075241293178192e-06,7.650524563383279e-05,5.817720845891067e-05,0.001262750757684591,0.0006707585474604686,0.00017766252658652399,0.003739652822729348,0.047071451988142186,0.004361488877580946,2.179789927717871e-05,3.319105523199933e-07,8.090173178852996e-06,3.2932736617041357e-08,2.752891625911347e-06,0.0011453307814578962,0.011374965307761,2.299239071529462e-05,0.8190914016234041,2.620927497229442e-08,6.06408932457011e-07,0.0013419299947209319,2.620172797510661e-06,2.327726133202458e-05,4.778514078047889e-06
38,0.19280589336054915,2.349036689313763e-05,7.241957128629511e-05,6.488129455830757e-05,0.003054872562402295,0.00014466766138967335,5.617994246710069e-05,0.00984678923601345,0.3212009896582626,0.009352583422779144,5.9133372227484144e-05,1.5005532602021314e-07,3.369840511165784e-06,1.361056728951645e-08,3.1254968432003107e-06,9.643784195834534e-05,0.009143537819930068,2.9383533549402804e-06,0.4522329505404937,2.253773691167668e-08,6.895863559418939e-08,0.001802494743187281,9.157351548605606e-07,3.825632755887957e-06,2.8248384715828338e-05
39,0.01753589506118767,1.6401917489713917e-05,6.53397751842201e-05,3.904586225314827e-05,0.00047168442188974145,0.0019284776132189453,4.8946039214910604e-05,0.008066173426241887,0.08702944248037263,0.0022940864727609813,6.601575184399702e-06,3.233135489690192e-07,3.557806521250697e-06,2.3266597971395075e-09,3.2917795308775114e-06,0.001415836690172122,0.006175597796288225,1.4561926511737518e-05,0.8715860832673685,1.0767192503339068e-08,9.672685935723956e-07,0.003287380155661419,1.1199988470015196e-06,7.737507347818726e-06,1.4347507580844559e-06
40,0.09517237145796294,2.2893880658095072e-05,0.0001452592763469017,4.407233866841519e-05,0.002984103885062941,0.00040100717235890546,0.00010636193983090979,0.004584200980349533,0.08227732472408224,0.0033873237546386157,4.603264424716318e-05,4.885797970565812e-07,4.9091142968234205e-06,3.9274765611631216e-08,5.571814215405987e-06,0.0005208958709461924,0.0070547304642329155,9.597353271791467e-06,0.8013142746365879,2.3047927111987787e-08,4.539395142478991e-07,0.0018989499321246438,1.3737460610872827e-06,8.181969631387475e-06,9.55820242141784e-06
41,0.04003764438021302,2.0104518258487167e-05,4.7545108714038334e-05,7.50280275467339e-05,0.001411905691531137,0.0009045929075056038,4.6455873054359725e-05,0.007208106871441988,0.15385917742880312,0.003953612277808452,2.762435624070971e-05,1.6344388052799728e-07,4.3081701820033e-06,6.896237654391165e-09,4.515170492053546e-06,0.0007310600780279821,0.002966774708702828,1.5975040329762627e-05,0.78724833912627,1.9372143256233904e-08,2.3324411935495887e-07,0.0014288791599412387,1.1501835744594664e-06,3.895045778876229e-06,2.882919202242012e-06
42,0.07670445995903097,1.4447143013593568e-05,6.71930295197144e-05,7.810212415033086e-05,0.0015878509303176287,0.0010522598308385315,0.00013815267708352158,0.007108781099261436,0.1432440171493175,0.00768786581044607,3.828623625465396e-05,3.281805386892414e-07,5.8950794858745595e-06,1.6196198845118317e-08,5.394488435440269e-06,0.0007938889276067266,0.00798315456149637,1.977882776764316e-05,0.7513371760432578,2.92574728357636e-08,4.5091732955206094e-07,0.002112047076924878,2.5967028429286725e-06,1.1085455058807286e-05,6.742296349709475e-06
43,0.026421771144511275,1.0429345544407425e-05,6.604657945622459e-05,6.283644318687005e-05,0.000724263224140562,0.0023073963718025425,8.141884921244346e-05,0.009612745580280895,0.13306854469374094,0.00923498298052911,1.0461291190546477e-05,2.704877802183976e-07,5.518983725649647e-06,2.766631965859262e-09,3.2274310369613753e-06,0.0011874508869669776,0.008137779553825112,1.4607556694204062e-05,0.8060334432315938,2.064605038483148e-08,7.919176264920863e-07,0.0030004083613557075,1.7261965458918962e-06,1.1796712642443402e-05,2.058763928481098e-06
44,0.05477002552714644,1.6244700198241848e-05,5.943628548947045e-05,6.941031562988669e-05,0.0011398548168187115,0.0010505213031672773,9.610951396508272e-05,0.0073346716424531055,0.12997928743710085,0.005543969199995896,2.5499067846634314e-05,2.7893755052358726e-07,4.779953451588261e-06,9.016955586547983e-09,4.407536206100836e-06,0.0008003799233543313,0.006819966746291213,1.5832452994114445e-05,0.7898025187985799,2.0028170977749127e-08,3.8782475236002015e-07,0.0024515593398461745,1.6997078907376935e-06,8.452357279092468e-06,4.677566865920801e-06
45,0.040899970917064814,1.1967486144171034e-05,5.166718539528559e-05,5.323004916717781e-05,0.0006992224614742244,0.001141530434342212,0.0001229351575081011,0.015125173802960403,0.10903899619496482,0.005259142823575967,1.547241783987311e-05,3.296555556298584e-07,6.885217793980255e-06,5.755180391784287e-09,4.444718959053895e-06,0.0011887986846980218,0.005640933804926972,1.7390520153393354e-05,0.8180222933413065,1.6350668644137175e-08,3.3162070140237427e-07,0.0026855038547889936,9.579230861900683e-07,1.053728218282118e-05,2.2623395609101228e-06
46,0.05832483299119396,1.4587943760518028e-05,6.001342088303122e-05,7.107068989880774e-05,0.0010399061445036553,0.0010488784537972778,0.00010065310173689602,0.007368577221956391,0.1190184308489549,0.005694361379848756,2.2465360257963505e-05,2.838888985961991e-07,5.117041971978212e-06,7.895121987146288e-09,3.5493224912980717e-06,0.0008175411783876714,0.008387140952890759,1.4821749614864445e-05,0.7952667544209833,1.9493637131221874e-08,3.927957530648796e-07,0.0027253524318617485,1.581247918005642e-06,9.153572029007238e-06,4.50645164862443e-06
47,0.0778285863350467,7.525021257891601e-06,6.27720867191339e-05,6.340688186408526e-05,0.0005206773472355191,0.0006810070835534531,0.00011721652484394078,0.008079103427775663,0.06058256721939652,0.003705501743310913,8.65340797835464e-06,2.8261102868686345e-07,7.421678457229406e-06,4.607900690992077e-09,1.1870844071208757e-06,0.0012207405007585907,0.01020729173831651,9.023842522644251e-06,0.8341064177846377,1.071345235606382e-08,2.768913510431041e-07,0.0027750047572986927,7.355272022583928e-07,1.2420667218289312e-05,2.164516465978179e-06
48,0.07182658670073842,3.716168492529108e-05,0.00012929789684321913,0.0002334318834187419,0.004565050001601937,0.0016276689571096772,0.0001669511898171805,0.009044693871346553,0.3990789092243537,0.008296887181097808,0.00024167021344859708,9.997225253361923e-07,4.202173722425199e-06,5.252180630524469e-08,2.7083967389756813e-05,0.0012494257406777004,0.004226342876607625,3.370727265129915e-05,0.4962240858283069,6.810144112148622e-08,1.2192998524720513e-06,0.0029589241356683857,6.387318118309084e-06,4.336073859244036e-06,1.4856162672122276e-05
49,0.034717726619487355,2.1399323718837763e-05,7.016273686905722e-05,7.408957161853555e-05,0.000937302066274589,0.0016038005831850812,9.141620841908545e-05,0.009110303762064346,0.14019576485387183,0.005660559330896784,1.8258051311048062e-05,4.115860932509036e-07,4.523991349586499e-06,4.908144926166386e-09,4.076044385974705e-06,0.0009176724747332385,0.007091981371943091,1.2278577479520385e-05,0.7948315189064469,1.8176841843072675e-08,4.6459438478803025e-07,0.004622959196748253,1.2546135239236783e-06,7.920487599853567e-06,4.131962608425655e-06
50,0.0656878041582605,1.3351264220458207e-05,6.221258781725964e-05,6.848878548050436e-05,0.0011785415684490244,0.0009503279850519115,0.00011798237656159221,0.008086782989838255,0.12683801790094362,0.006465937749852686,2.592583054108317e-05,2.8737360639358213e-07,5.6844154486386225e-06,9.981593591587407e-09,4.008186962235457e-06,0.0008051932462560346,0.0075463487495027,1.5095664455900766e-05,0.7798099363350516,2.1443670526789114e-08,3.4977929719105674e-07,0.002301301904032941,1.6433069360537063e-06,9.889189326267401e-06,4.857226843003697e-06
51,0.02253326956031251,0.00014492433391680325,3.583279878177771e-05,0.00020389517083050005,0.0007572234958064456,0.0018013683873555006,3.588723632288803e-05,0.013905961799187077,0.1787204673508002,0.0026923635685260515,4.282725956082777e-05,4.800971723517621e-07,2.4581886033107597e-06,6.680926916141893e-09,1.6604926131189458e-05,0.0007492008373847517,0.0035641111692947492,2.5333061897008267e-05,0.7644525560064915,1.61807253779349e-08,4.363258534287196e-07,0.01030309533497861,1.3302059772921564e-06,2.9133338374458264e-06,7.436689325427373e-06
52,0.036410793858651674,1.1352134822584531e-05,3.6692718274339604e-05,8.042309800851263e-05,0.0010318074478828543,0.0018486161366479794,7.105351291381666e-05,0.011441009187680982,0.13249359775380315,0.0106575991277967,2.692051972030919e-05,3.0597092019309104e-07,7.002379509661161e-06,7.836460800893654e-09,6.100502970921045e-06,0.0009239722202532616,0.003573016283774279,2.9133124419892887e-05,0.7995099561357466,3.23991566576718e-08,2.9198103239380026e-07,0.001828503551867976,1.3945767866090326e-06,7.748018940713712e-06,2.669521957106908e-06
53,0.09684064782354214,1.3318133754654755e-05,0.00014127346189782197,0.00017740151003511377,0.003357769926195809,0.00238968311361738,0.0006642215818561378,0.011252257887149444,0.276373148212077,0.015464899674644381,0.00010312512395403642,1.2402509058120893e-06,1.0582543110100673e-05,4.889070732170822e-08,1.181819904284032e-05,0.0022425577076786722,0.01713393010660315,5.199834274318703e-05,0.5701190958212227,9.976524012133181e-08,1.9145434482411076e-06,0.0035988329959641056,1.0955107789859176e-05,2.4473891494777913e-05,1.470538532531311e-05
54,0.045495712710942875,4.891872317334513e-05,3.376426711838281e-05,5.689547113697161e-05,0.0009291027819518361,0.0009068614716063663,8.837059629949975e-05,0.005863125130618738,0.1343190593667798,0.002986637919971247,2.1534374428259256e-05,2.6756587659791963e-07,1.7811627686030316e-06,1.066713316134153e-08,7.202345921795434e-06,0.0004254491459723337,0.004560392657365096,8.920426581688482e-06,0.7996209435461911,7.381886675596308e-09,2.1504570474794393e-07,0.004606233976602147,1.1184500281356817e-06,6.172703844399623e-06,1.1302110096140039e-05
55,0.05872060428827342,1.4451454176795937e-05,6.296956269765609e-05,6.891502712803964e-05,0.0012417704904305164,0.001273943375508236,0.00014502157834866289,0.01057163085008299,0.1534638919651188,0.0056773934826104275,2.429075086338477e-05,5.305971719217244e-07,6.519793161160428e-06,1.1663624841899225e-08,4.86731324232632e-06,0.0011265426538430068,0.00705164620649752,1.9644300675656834e-05,0.7576206081054186,2.3110699255877243e-08,4.3192736398725067e-07,0.0028869749639053215,1.7068949360113432e-06,1.0673936082693954e-05,4.9357081386337396e-06
56,0.05455781411906274,1.4737997058903005e-05,5.906182007594303e-05,6.854100052974006e-05,0.0010699150150801139,0.0010500548339555027,9.618331295971931e-05,0.007843656445199848,0.12271041677814125,0.005652610383793051,2.3078338145027768e-05,2.7632111251498495e-07,5.5806797012589555e-06,8.50312791844331e-09,3.952862470467834e-06,0.0008438911415921104,0.006801308761528881,1.5985371763125262e-05,0.7968585000717764,2.0820112087752312e-08,3.670511015378442e-07,0.002309256879568114,1.5867506224432191e-06,9.022583044525143e-06,4.172158476908953e-06
57,0.040195039459507385,1.2311322021998478e-05,0.0001321496166353961,4.430424684058017e-05,0.0013620385362334802,0.0010820001200545074,9.927600251095895e-05,0.007809828568379122,0.12074942290386015,0.006256518302902758,1.6623592749174898e-05,4.5491209227109364e-07,6.38160231325962e-06,6.735851003576341e-09,3.086209040124948e-06,0.0010201507815107544,0.007726698752565566,8.609463796476325e-06,0.8108944678168655,2.252885767224455e-08,5.619868718123457e-07,0.0025652905541950943,1.205099038242982e-06,1.0088532565530234e-05,3.4623527411537526e-06
58,0.0516128358723945,1.3064346278442747e-05,5.4377863117280174e-05,5.239541499794687e-05,0.0009095493153362886,0.0010186179698443468,9.24030849442085e-05,0.006923258123458041,0.10220032451347795,0.0057009736225850614,1.653487340792059e-05,2.441860300607316e-07,5.507781021110097e-06,7.598683808120264e-09,3.3600376060571458e-06,0.000752366946790372,0.007008007322338257,1.457185555418395e-05,0.8214717345201117,1.8068314540355686e-08,3.481982196437695e-07,0.002132640923730384,1.5434808471078802e-06,1.1536659868907809e-05,3.7774210416288106e-06
59,0.05355478870498173,1.3232076258334437e-05,6.72097473077144e-05,5.5843670577379744e-05,0.0010061540860420695,0.0009722482125661005,9.665268300712343e-05,0.007337840744164403,0.10538111769946465,0.005671413542656302,1.857098848402471e-05,2.6897553149758893e-07,5.91785572869432e-06,7.979461976572116e-09,3.432115787368549e-06,0.0008238290738907026,0.007415315672593914,1.4118464102776347e-05,0.815366438289208,2.0372299650253953e-08,3.948364260591383e-07,0.002178727036014759,1.5576115030584076e-06,1.1131374519970582e-05,3.768187421843226e-06
60,0.05477002552714644,1.6244700198241848e-05,5.943628548947045e-05,6.941031562988669e-05,0.0011398548168187115,0.0010505213031672773,9.610951396508272e-05,0.0073346716424531055,0.12997928743710085,0.005543969199995896,2.5499067846634314e-05,2.7893755052358726e-07,4.779953451588261e-06,9.016955586547983e-09,4.407536206100836e-06,0.0008003799233543313,0.006819966746291213,1.5832452994114445e-05,0.7898025187985799,2.0028170977749127e-08,3.8782475236002015e-07,0.0024515593398461745,1.6997078907376935e-06,8.452357279092468e-06,4.677566865920801e-06
61,0.0542952522257643,1.3845021395001809e-05,6.623240718902181e-05,5.498554584797521e-05,0.001065071921181093,0.0009613507476424984,9.485992384760362e-05,0.006792566954326739,0.11124025237234016,0.0054762825696014475,1.9977253964806045e-05,2.6771098796320255e-07,5.290368672938497e-06,8.547478656424353e-09,3.64224298171054e-06,0.0007864070402516212,0.007171739150933075,1.3674710938654216e-05,0.8097667462593683,1.9315677477873627e-08,3.9434858384854043e-07,0.0021551183832802428,1.6137219619121908e-06,1.0264213082247434e-05,4.137042700755221e-06
62,0.05477002552714644,1.6244700198241848e-05,5.943628548947045e-05,6.941031562988669e-05,0.0011398548168187115,0.0010505213031672773,9.610951396508272e-05,0.0073346716424531055,0.12997928743710085,0.005543969199995896,2.5499067846634314e-05,2.7893755052358726e-07,4.779953451588261e-06,9.016955586547983e-09,4.407536206100836e-06,0.0008003799233543313,0.006819966746291213,1.5832452994114445e-05,0.7898025187985799,2.0028170977749127e-08,3.8782475236002015e-07,0.0024515593398461745,1.6997078907376935e-06,8.452357279092468e-06,4.677566865920801e-06
63,0.046081648641531976,2.113869438093729e-05,4.997336599894793e-05,6.554293433281911e-05,0.001031000994230591,0.0010498444208240315,7.553815750807145e-05,0.006632173486907245,0.1277881032948156,0.00443101276046293,2.323328824322149e-05,2.3726281957949744e-07,3.900153095518655e-06,7.871827538670947e-09,4.690227731241088e-06,0.0006940716483914043,0.005920884837637748,1.551495363890172e-05,0.8035337904889697,1.688069366248995e-08,3.525861029756109e-07,0.0025637494269584375,1.5845969323343103e-06,7.176128175439215e-06,4.812897789225846e-06
64,0.049830948444881056,1.774787641764525e-05,8.648437016235009e-05,7.185435314070592e-05,0.0012119947380198359,0.001263190994531924,9.481084547502194e-05,0.006785026015049825,0.12706661911774153,0.00546115102650045,2.5645798194839003e-05,3.5873666203889926e-07,4.893253243664548e-06,9.488900229664718e-09,4.90931168231082e-06,0.0009929146399963646,0.00823491149525188,1.627757963205999e-05,0.7960700665504826,2.3410390587287615e-08,7.382267998466545e-07,0.0027429172043294853,2.262987684865136e-06,9.6322261954058e-06,4.611308633620922e-06
65,0.058406054938870126,1.4424586689343774e-05,6.025820379940172e-05,6.876946338038156e-05,0.0011712068359380496,0.0009690030109597232,9.945950148301666e-05,0.00795669767144313,0.13092672383105755,0.005946107463226152,2.6210222221610753e-05,2.768209171688208e-07,5.1753401613701455e-06,8.928511480285052e-09,4.157030630908948e-06,0.000798273474566622,0.006771644652470718,1.4881120291410376e-05,0.7844352948483168,2.0246781387446564e-08,3.447535559201376e-07,0.0023107695704919196,1.5346941864804356e-06,8.254219699469908e-06,4.448570349898562e-06
66,0.026923132108321618,0.00010119300596726217,2.617326954506623e-05,9.577441504390279e-05,0.0004916732026718027,0.0019912498274153984,5.0424976360327084e-05,0.01022954459821441,0.17053394461497604,0.0033472190184354604,4.144874663321273e-05,5.682369071292078e-07,1.4247066195071676e-06,1.1810987538647228e-08,3.085269544225601e-05,0.0006114522737905273,0.005527698768629432,3.6798254766746696e-05,0.7703758904993431,1.1658658726943199e-08,7.662690706257345e-07,0.009561037845143701,3.3940127970617006e-06,6.344632917075452e-06,1.1970551342057862e-05
67,0.030681442770419825,2.9076122312835025e-05,4.704620131379736e-05,7.062420895202412e-05,0.0008304018095006962,0.0023763992921713444,9.51523012442243e-05,0.00429723409048206,0.11164725774750117,0.004113821852273322,1.9357492518618443e-05,3.3181863271481495e-07,3.131162290162498e-06,8.9926106153229e-09,6.102307734233003e-06,0.0008636858442301196,0.00946163663689093,2.766156518671904e-05,0.8313583817308162,2.0698996088198395e-08,9.236384631310214e-07,0.004046903822022459,3.857602476369495e-06,1.2283887227656966e-05,7.2564037326380395e-06
68,0.03315135816508359,2.5764422570918364e-05,8.55943244274706e-05,9.765609201953686e-05,0.0014895682409363663,0.004783688665386271,0.00022520885281858739,0.02001145404332896,0.19463626946951115,0.010319614022261807,3.7572400642042564e-05,1.4750406700739148e-06,7.612603444548318e-06,1.4360262396558067e-08,1.6856293760006215e-05,0.0016281854071631973,0.010376915848793465,5.258043355150892e-05,0.7166188279932889,5.805795920149186e-08,2.032141398017845e-06,0.006401605190268752,4.208202712092771e-06,1.8596914259482804e-05,7.282813481842353e-06
69,0.05503838337369179,1.685552139643166e-05,6.013710607392813e-05,7.241065295543315e-05,0.0011758533447997583,0.0010848346589658767,9.730736268918009e-05,0.0075010148941322555,0.13641998509620162,0.005721164383371211,2.7624578336913345e-05,2.8925858650255115e-07,4.774868174359542e-06,9.321423372921482e-09,4.733391502416519e-06,0.0008029332201540012,0.006952362775407322,1.668619417186162e-05,0.7824587282470108,2.1134979321815332e-08,4.0807078926276913e-07,0.0025284157157979396,1.8105065218069002e-06,8.334572881022207e-06,4.921749985490015e-06
70,0.04395165285203477,1.7026214268116443e-05,9.630364966636721e-05,0.00013134198938048692,0.0016104621313971954,0.001999298426774366,0.00012562776185925492,0.00982136697194544,0.22099618666037035,0.007794239103658729,3.809406366195146e-05,4.4910047773433913e-07,5.9790621541213e-06,8.083104435456879e-09,5.354730614109856e-06,0.0014745712126344695,0.005585276187771383,1.7513079688482694e-05,0.7034391231734898,3.396442074888762e-08,6.206040431902481e-07,0.002876281170447759,2.208835570986829e-06,6.643056534927642e-06,4.3379140308250904e-06
71,0.0647590058721688,1.3220164459014004e-05,6.25101680920206e-05,6.880611392284633e-05,0.0012637412402780105,0.0010439998043805724,0.0001326863136666447,0.00800371791671409,0.14160597177636977,0.006708640517877782,2.5056221696747666e-05,2.842204118697152e-07,5.538678324216919e-06,9.513187088831568e-09,3.891065649911015e-06,0.0008179675911584076,0.007704240913832879,1.470749548071131e-05,0.7653787794276985,2.150608525463594e-08,3.6131832745586125e-07,0.0023699878346468087,1.7220457128865847e-06,1.0117046768214288e-05,5.015233089543925e-06
