,0,1,2,3,4,5,6,7,8,9,10,11,12,13,14,15,16,17,18,19,20,21,22,23,24
0,0.0030843835485529713,0.000631406784783567,8.419311620499758e-06,2.3001505123180786e-08,2.809733425864064e-07,1.1693701203664004e-05,2.6163082079569294e-05,0.00048322640971599525,7.936721725813667e-07,4.374523784227129e-06,2.492452465580792e-05,6.429266596571514e-05,0.00013406504862953822,1.2310473760410455e-07,1.2368461610584158e-05,1.5477094200923142e-05,0.00015478228193147262,1.265513878349046e-07,0.9926959581073997,8.97860969685774e-09,7.72932055376073e-05,0.0025696345576837025,1.0059234291967166e-07,4.355495239740472e-10,7.938099657420271e-08
1,0.007689004407712217,0.0013547421699021162,1.250992418428216e-05,5.225995826118013e-08,7.679627582699875e-07,7.748305069129181e-06,4.019044323289151e-05,0.0008166288782285928,3.5389621437140745e-06,7.902210263878989e-06,4.330188790697182e-05,6.717805419832751e-05,0.00021280326310013916,1.8207750183341728e-07,1.3855979749505416e-05,2.252536770855164e-05,0.00028607776156909347,1.931673381041534e-07,0.9859632769364873,6.1834516163204165e-09,6.169556332187295e-05,0.003395551130646077,1.1305346774042351e-07,8.18503783676644e-10,1.532315957069244e-07
2,0.007143100127143827,0.0011908705035166953,1.2357975008602227e-05,4.161663361708195e-08,8.032960652598782e-07,6.818019428247444e-06,4.4024676652499776e-05,0.0007411826133460147,3.4406290029013994e-06,8.294648397989543e-06,4.443144204315719e-05,5.767140048230165e-05,0.00013639949636721425,3.086518632987201e-07,2.4120420729948245e-05,1.2646165954719414e-05,0.00022869758011262434,2.1566653645864172e-07,0.983470241161655,1.0849090413809166e-08,7.970109432888348e-05,0.006794071833739726,2.0304677273032705e-07,1.097728175482021e-09,3.459873993584556e-07
3,0.008801910175815922,0.0017747140541499369,1.6838798991207553e-05,6.705470710262002e-08,8.049917587726504e-07,9.661005775402866e-06,4.578111667334063e-05,0.0007675748433873363,2.4100132634154618e-06,6.927523749424015e-06,7.522530354411978e-05,0.00012518980029902838,0.00026363568509772044,3.439798202112937e-07,2.1128671268496648e-05,1.7394146779871535e-05,0.00042365822514111874,3.231988800630836e-07,0.9821754835678179,7.105650900553269e-09,0.00011668510390040842,0.005353821245852682,1.7600852800875528e-07,1.0347777312568458e-09,2.3734436992816888e-07
4,0.008166449792985123,0.00217966384880791,1.777527762407592e-05,8.441839488142122e-08,9.656439941391508e-07,1.0983886248949876e-05,5.007069949058262e-05,0.000800801474558697,2.6542589885125164e-06,6.884877609478965e-06,9.808014703787878e-05,0.0001825495158270775,0.00042055401705249685,4.6162133355855385e-07,1.9179796599666114e-05,1.967020803801594e-05,0.0005461076146689466,3.914932245286109e-07,0.9816600347434178,7.722853681237678e-09,0.00012867737854003116,0.005687498623597452,2.0407516810868897e-07,1.0247407319296367e-09,2.478391978795495e-07
5,0.016800713325117116,0.0017916497940816273,2.4194054901691153e-05,1.299235658706619e-07,9.229592893870037e-07,1.1442343021525025e-05,6.265672104088781e-05,0.0011255240010042905,3.39169033578891e-06,1.1828290707598728e-05,0.00010463454595348847,0.00018998007573564022,0.0003619052311681579,5.852244712785719e-07,2.190500867280897e-05,2.6077261382734807e-05,0.0007866021606584781,9.13174860747668e-07,0.9713756051186986,1.3064491187388814e-08,0.00015611472121955365,0.007142502598831699,2.8415044613466515e-07,2.193881434199654e-09,4.2236646213496556e-07
6,0.008801910175815922,0.0017747140541499369,1.6838798991207553e-05,6.705470710262002e-08,8.049917587726504e-07,9.661005775402866e-06,4.578111667334063e-05,0.0007675748433873363,2.4100132634154618e-06,6.927523749424015e-06,7.522530354411978e-05,0.00012518980029902838,0.00026363568509772044,3.439798202112937e-07,2.1128671268496648e-05,1.7394146779871535e-05,0.00042365822514111874,3.231988800630836e-07,0.9821754835678179,7.105650900553269e-09,0.00011668510390040842,0.005353821245852682,1.7600852800875528e-07,1.0347777312568458e-09,2.3734436992816888e-07
7,0.008299710955824536,0.0018555527220083022,2.4631417223260293e-05,6.136346273061511e-08,7.188566520572003e-07,5.65111066756261e-06,3.335272707702748e-05,0.0007840395960093505,9.744629063264197e-07,3.715157252510284e-06,7.456994968526508e-05,0.00013831526485994075,0.0005389150176713084,1.5355402830416188e-07,9.235109917172205e-06,1.2078427452981116e-05,0.00028095774975173696,2.4561711279259706e-07,0.9854986476043682,3.4073346989301233e-09,0.00010303546679578888,0.0023353136872396865,5.291631048751965e-08,5.19522629791134e-10,6.733886560354663e-08
8,0.02487315661530182,0.0026990239648824778,4.517628642814752e-05,2.2449502647459003e-07,2.0689151766280044e-06,1.3362951292221007e-05,0.00010173860320687238,0.0011440320919117463,1.1892908965450902e-05,3.205973607410354e-05,0.00019440402327875148,8.167178512296151e-05,0.0001885021467118847,1.4097661495363283e-06,0.0001142615974426795,2.2214074232584334e-05,0.0006741936879266287,7.269870996234784e-07,0.9506444099968604,1.9368109685594612e-08,0.00022682267808076393,0.01892629921207661,6.393308958522288e-07,1.3834070813963023e-08,1.674943675161877e-06
9,0.014794608270099083,0.0013074754825163908,4.462300827274554e-05,2.1456737698208598e-07,1.130214917782017e-06,1.3740923784239248e-05,4.781223184206166e-05,0.001394171144160484,5.0003609139734065e-06,2.3149792674151315e-05,0.00012376328520171304,8.260684483689334e-05,0.00026668634318992643,7.199362423851494e-07,4.194183847132241e-05,2.7941387364267716e-05,0.0006852544262859995,4.96031901256051e-07,0.9708629105399521,1.889638931431109e-08,0.00020211674309895326,0.010072895774972099,3.610611992594754e-07,6.000881239290198e-09,3.548934552871213e-07
10,0.008801910175815922,0.0017747140541499369,1.6838798991207553e-05,6.705470710262002e-08,8.049917587726504e-07,9.661005775402866e-06,4.578111667334063e-05,0.0007675748433873363,2.4100132634154618e-06,6.927523749424015e-06,7.522530354411978e-05,0.00012518980029902838,0.00026363568509772044,3.439798202112937e-07,2.1128671268496648e-05,1.7394146779871535e-05,0.00042365822514111874,3.231988800630836e-07,0.9821754835678179,7.105650900553269e-09,0.00011668510390040842,0.005353821245852682,1.7600852800875528e-07,1.0347777312568458e-09,2.3734436992816888e-07
11,0.008145360049360737,0.0017709839206846189,1.623676310231979e-05,6.870650570859515e-08,7.886543472022274e-07,9.457186558405003e-06,4.5459012134406245e-05,0.000802704170963556,2.2449814491999663e-06,6.370478320974017e-06,7.404720105827253e-05,0.0001409277448343968,0.00031512266102651443,3.346895175158086e-07,1.8156817324622736e-05,1.817337586259444e-05,0.0004439114967728614,3.2890248547372695e-07,0.9831137658776051,6.959142772750573e-09,0.0001118236206372577,0.004963349585899743,1.65784168690299e-07,9.024889708391762e-10,2.1045774813144064e-07
12,0.013675526036577854,0.008908612378623322,2.7182556320596044e-05,1.3276335350188687e-07,8.281640260126523e-06,3.385245860994627e-05,0.00010099382905937181,0.0003239265107208001,5.421653882185768e-06,9.35820215166604e-06,0.00017720702884578207,0.000643326379347936,0.00042713042097437706,3.157659622963399e-06,3.289426531824774e-05,2.6291956201166427e-05,0.0005342675113628288,2.072924091967026e-06,0.9698057669100582,2.317765548364894e-08,0.0002885855819042776,0.004962507410597337,8.138911221344767e-07,1.5956411308506704e-09,2.6652576970667503e-06
13,0.00852147145187802,0.0019260810717926372,1.7811334497036643e-05,7.948347782885489e-08,9.307872639261586e-07,9.81074234966124e-06,4.663058695900483e-05,0.0007435706080669924,2.337162948193327e-06,6.579177466095018e-06,0.00010385666344323494,0.00014639261417138252,0.0003223119263875662,4.012078751071254e-07,2.3729165518591332e-05,1.8308562352314697e-05,0.0004513989400371978,3.309225206421381e-07,0.9821854587017318,6.721696369126382e-09,0.00013579511759987306,0.005336279383859614,1.987339805026725e-07,1.127418455739501e-09,2.2780470798820993e-07
14,0.016105089291307762,0.0016373550141033288,3.3237081017021515e-05,1.9177795512665721e-07,1.088256724843025e-06,1.1408611585236723e-05,9.199382574656296e-05,0.0019927707150684025,7.457643413752582e-06,1.8744690663848316e-05,9.895058265166724e-05,0.00010999152661315467,0.0002914883747209894,6.512783529827324e-07,4.585576834814075e-05,2.7900451122476147e-05,0.0009535529104325208,6.534642269256939e-07,0.9643171634125207,1.6701904306749718e-08,0.00016399719966272026,0.014089412105900869,3.9762109225802553e-07,3.722749237855904e-09,6.279721151006541e-07
15,0.008801910175815922,0.0017747140541499369,1.6838798991207553e-05,6.705470710262002e-08,8.049917587726504e-07,9.661005775402866e-06,4.578111667334063e-05,0.0007675748433873363,2.4100132634154618e-06,6.927523749424015e-06,7.522530354411978e-05,0.00012518980029902838,0.00026363568509772044,3.439798202112937e-07,2.1128671268496648e-05,1.7394146779871535e-05,0.00042365822514111874,3.231988800630836e-07,0.9821754835678179,7.105650900553269e-09,0.00011668510390040842,0.005353821245852682,1.7600852800875528e-07,1.0347777312568458e-09,2.3734436992816888e-07
16,0.014014344830321325,0.0019569939902170518,1.7660883748360855e-05,1.1321930124988869e-07,8.392000323155071e-07,1.2791723536598617e-05,7.68306817575783e-05,0.0007610606193453873,1.8543424164837698e-06,1.8349514181939038e-05,0.00011285201750857626,0.00040344963856465494,0.0002916895464450365,9.04717216157742e-07,2.179520477450855e-05,3.0161541215147166e-05,0.0008041489432572806,1.5735760592475735e-06,0.9708892971865329,1.5108690345446122e-08,0.0004565614679799601,0.0101257763176074,2.8787149473287066e-07,1.5541930216133163e-09,6.463036027869444e-07
17,0.013107956125155676,0.0020690371796778023,1.3326682145686633e-05,6.73392144864626e-08,6.694253302391603e-07,6.155391932195985e-06,4.614930838434803e-05,0.0009437545477081979,1.6077086103502991e-06,5.02910201574639e-06,8.040846430698904e-05,0.0004455115536311579,0.0005003581248713935,5.985373976794122e-07,9.182135354640659e-06,1.4667374810303508e-05,0.0008479654984977695,1.2087128565084663e-06,0.9743098722715899,9.192459821455225e-09,0.0001672270894190402,0.0074285207560399,2.7006995864750575e-07,6.217096908834828e-10,4.467869217501522e-07
18,0.016214038206718077,0.0028970006367655034,1.0428741767927386e-05,6.015764083339085e-08,5.912756995730757e-07,1.1051320640197939e-05,8.37536994688345e-05,0.0007977920046043328,4.569566306644714e-06,1.5027610879737236e-05,8.006009522867621e-05,0.00039591154361413367,0.00031961215804900714,1.1007971771651697e-06,1.7616620133685704e-05,1.980743326782313e-05,0.0013760680539807624,1.6431432086564146e-06,0.9591175730168915,1.5612808693735072e-08,0.00017227587929033336,0.018461981903845195,4.1502702188509016e-07,1.418640630965981e-09,1.6040763502941127e-06
19,0.007103175242981086,0.0019518868773664572,1.937055312693309e-05,7.630875244313852e-08,1.0173927559344538e-06,7.140680123574773e-06,4.7897313677033965e-05,0.000960086901563457,1.978463209335077e-06,4.813091571161558e-06,7.168850388858627e-05,0.00017423271284227983,0.0004074127439202048,3.1607921498731904e-07,1.581642235909987e-05,1.5745129661127178e-05,0.0004023414549107781,3.215722567913835e-07,0.9837806690419495,5.7709565516044295e-09,0.00010136348341087104,0.004932363685424779,1.173341704305433e-07,6.514199081013581e-10,1.625884867970673e-07
20,0.003939586282247883,0.0012074070586688714,1.6105946498992188e-05,6.75295083238997e-08,6.412261878941459e-07,8.710562337542111e-06,5.815220324021823e-05,0.0009777325192702393,1.7218076852617552e-06,6.072658357336253e-06,7.926900593834923e-05,7.008335749349297e-05,0.00016973966106166585,2.736723440471661e-07,5.896650054647851e-05,1.2972134212681208e-05,0.00027441564862000625,1.1571401612280651e-07,0.9839339942336947,6.311547581937629e-09,0.00018718902674322543,0.008996401855096927,1.992682506664445e-07,1.024671105953639e-09,1.7479176052887956e-07
21,0.011324469690071148,0.002310779163220843,1.576757943348946e-05,6.084777101270816e-08,1.042713426669059e-06,8.04449061965323e-06,2.9718155348181414e-05,0.0004768048322728197,1.6075417984597761e-06,7.888502346901804e-06,9.638926282828479e-05,0.00022677463417856246,0.000265651087250599,4.346529072890418e-07,1.3255095418905502e-05,1.641772745884494e-05,0.0003690726317828313,5.26456331452431e-07,0.9804936362293576,6.567164145300486e-09,0.00018962165948616897,0.004151637506559987,1.4847835743513418e-07,9.309009220094715e-10,2.435637076815351e-07
22,0.013523593814471763,0.0014386729300667226,2.9070255629722825e-05,1.308187522940843e-07,6.326901124918888e-07,1.0813906357606678e-05,4.247272619032856e-05,0.0010887194056818858,1.9781147245917192e-06,1.2462842809653041e-05,0.00012179220265897561,0.00017677794020944953,0.0003358326021435802,4.6237244656016794e-07,2.2853056732467566e-05,2.302544941452973e-05,0.0008862134925472014,6.152336075978285e-07,0.9740255555832918,9.439444177803156e-09,0.00021617481944393523,0.008041738726200787,1.9124399765214954e-07,1.8973403044574775e-09,2.0843572394952605e-07
23,0.008801910175815922,0.0017747140541499369,1.6838798991207553e-05,6.705470710262002e-08,8.049917587726504e-07,9.661005775402866e-06,4.578111667334063e-05,0.0007675748433873363,2.4100132634154618e-06,6.927523749424015e-06,7.522530354411978e-05,0.00012518980029902838,0.00026363568509772044,3.439798202112937e-07,2.1128671268496648e-05,1.7394146779871535e-05,0.00042365822514111874,3.231988800630836e-07,0.9821754835678179,7.105650900553269e-09,0.00011668510390040842,0.005353821245852682,1.7600852800875528e-07,1.0347777312568458e-09,2.3734436992816888e-07
24,0.008393208282517934,0.002404165989184842,2.031437403579439e-05,1.515562970259972e-07,1.8950850516385419e-06,1.242209003266689e-05,5.596723882611472e-05,0.0009844079657243294,3.2819332405043295e-06,6.901704633546497e-06,0.00012594718346489923,0.0002641996740568002,0.0006423408670568387,7.485830108642252e-07,1.815992540374792e-05,3.220469777536557e-05,0.0006233959986384691,5.711783901151283e-07,0.9814420852129854,9.494880734531752e-09,0.0001343898402785166,0.004832662087229729,2.9600004773670046e-07,1.0829954493780244e-09,2.7195424078095265e-07
25,0.009367546120059255,0.0009383457034398652,1.6174532711134022e-05,1.143978833046462e-07,6.465093485075667e-07,4.858203089166533e-06,4.5138666380847605e-05,0.0015152223035745105,1.3979019841647926e-06,4.807686913262958e-06,0.00010088288338912075,0.00012468285341304543,0.00043161412155461325,2.0614281551457536e-07,1.6297269813286205e-05,2.2198607229899525e-05,0.00043277934998453316,3.3251201253789885e-07,0.9832181764504946,5.257236578778051e-09,0.00013672941491236427,0.0036215829219810934,1.633342982859935e-07,7.589604967107749e-10,9.609652039617235e-08
26,0.02347873557615736,0.002486034979083317,2.3885468241509144e-05,1.4952460292332817e-07,1.5578141048942047e-06,1.2518248459090544e-05,6.735080193557831e-05,0.0011939933901369089,8.792233312639624e-06,1.190517578676579e-05,0.00010808460411414307,0.00011641802593160771,0.0002996052750466785,4.7279429349598167e-07,3.002059018767425e-05,2.9800487803385873e-05,0.0006863799995477798,5.805100346803538e-07,0.9660805135727079,1.2831573795337739e-08,0.00013001179714937721,0.00523216576911952,4.3635237780722256e-07,4.39063033937315e-09,5.697876606983214e-07
27,0.006964550766595727,0.0017764845386005368,1.3975455499065857e-05,6.15582381925432e-08,8.652850386205672e-07,1.0919111941524133e-05,6.970293044947844e-05,0.0008152044970501672,5.0773430788337475e-06,1.148040212166716e-05,7.164525847850171e-05,8.592811444077029e-05,0.00018814827041652453,4.6071774903735405e-07,4.0866502833212003e-05,1.838771034337525e-05,0.0004233265496202935,2.4130145907894397e-07,0.9784148714380257,1.0792304631784434e-08,0.00010624672445315545,0.010980847111335582,2.4923065043386287e-07,1.714140974890859e-09,4.466751347534254e-07
28,0.008801910175815922,0.0017747140541499369,1.6838798991207553e-05,6.705470710262002e-08,8.049917587726504e-07,9.661005775402866e-06,4.578111667334063e-05,0.0007675748433873363,2.4100132634154618e-06,6.927523749424015e-06,7.522530354411978e-05,0.00012518980029902838,0.00026363568509772044,3.439798202112937e-07,2.1128671268496648e-05,1.7394146779871535e-05,0.00042365822514111874,3.231988800630836e-07,0.9821754835678179,7.105650900553269e-09,0.00011668510390040842,0.005353821245852682,1.7600852800875528e-07,1.0347777312568458e-09,2.3734436992816888e-07
29,0.008801910175815922,0.0017747140541499369,1.6838798991207553e-05,6.705470710262002e-08,8.049917587726504e-07,9.661005775402866e-06,4.578111667334063e-05,0.0007675748433873363,2.4100132634154618e-06,6.927523749424015e-06,7.522530354411978e-05,0.00012518980029902838,0.00026363568509772044,3.439798202112937e-07,2.1128671268496648e-05,1.7394146779871535e-05,0.00042365822514111874,3.231988800630836e-07,0.9821754835678179,7.105650900553269e-09,0.00011668510390040842,0.005353821245852682,1.7600852800875528e-07,1.0347777312568458e-09,2.3734436992816888e-07
30,0.008801910175815922,0.0017747140541499369,1.6838798991207553e-05,6.705470710262002e-08,8.049917587726504e-07,9.661005775402866e-06,4.578111667334063e-05,0.0007675748433873363,2.4100132634154618e-06,6.927523749424015e-06,7.522530354411978e-05,0.00012518980029902838,0.00026363568509772044,3.439798202112937e-07,2.1128671268496648e-05,1.7394146779871535e-05,0.00042365822514111874,3.231988800630836e-07,0.9821754835678179,7.105650900553269e-09,0.00011668510390040842,0.005353821245852682,1.7600852800875528e-07,1.0347777312568458e-09,2.3734436992816888e-07
31,0.012941006011208572,0.0010568177643702692,1.6882916152952074e-05,3.924757903015878e-08,4.916071769756479e-07,3.221608888895567e-06,2.4182326238798583e-05,0.001011463650255498,1.07542095952679e-06,3.6298308931158043e-06,2.887006250352889e-05,0.00010664457067858993,0.00023435869184870438,1.2288336392945878e-07,5.7996917128760296e-06,9.49727432182441e-06,0.00025814899398394803,4.03516866204135e-07,0.9815800662208428,5.243523238507618e-09,7.587783124905369e-05,0.002641178369941364,7.763276302163223e-08,4.3002849541118593e-10,1.3820264873094092e-07
32,0.006726245893712832,0.0014121429541065487,1.3484517524477345e-05,4.6873136133188714e-08,6.65515513090364e-07,7.893100432195721e-06,3.7416335305319265e-05,0.0006598085423669029,1.7758043028332798e-06,5.407490541405002e-06,5.671134613415339e-05,0.0001030188832047837,0.0002124190857091924,2.5928152433071575e-07,1.7520158176737196e-05,1.4186470054898054e-05,0.00030368347610481135,2.3640099289407408e-07,0.9857414176768976,6.27469144421554e-09,9.844891558928889e-05,0.004586877315574402,1.418575087910742e-07,7.194129549342208e-10,1.8511148187748486e-07
33,0.008831331319212998,0.0017863577953588724,1.707894971820968e-05,6.610459021474616e-08,8.44851268952086e-07,9.625858921213225e-06,4.4980986431885224e-05,0.0007357808654928913,2.4083976554549026e-06,6.84748948003639e-06,7.610544161395218e-05,0.00011689517135348996,0.00024096560230918435,3.3663897282248853e-07,2.2895989851203177e-05,1.6689874398515622e-05,0.0003879199044611863,3.0517438506912053e-07,0.9824039142602289,7.009306167867806e-09,0.0001211319825568611,0.005177083353234247,1.8124531487052446e-07,1.078327087033006e-09,2.4465555578450534e-07
34,0.009563921587290301,0.0025770177345018465,3.30950803324765e-05,2.8379422905167146e-07,1.3278015525448234e-06,4.469793539431064e-05,0.00015421112296101116,0.0015912113597092116,3.928692551426789e-06,2.040783481745501e-05,0.0001308038328389934,0.00039554882615794,0.0005450320945265579,1.2430599868479578e-06,4.968689108128421e-05,7.502487121627239e-05,0.001721630823700845,1.2073982990730769e-06,0.9709465424506558,2.2277699353943367e-08,0.00034627618554957767,0.011795909817417788,4.44228639935878e-07,2.0087449125327154e-09,5.222901452016191e-07
35,0.001598902372045383,0.0024102942270326,3.147499649713611e-05,1.3334698027145968e-07,3.048898883738352e-06,5.7817015647478646e-05,6.66305708028365e-05,0.00025417850135046747,1.9767449248668797e-06,6.9057756489483285e-06,0.00034173500715369725,0.0001076026460918828,0.00024116566943496447,1.849439859616787e-06,0.000232200921500365,2.261145483422179e-05,0.00026724238472578335,1.011888914928684e-07,0.9851218911157246,1.3309228584556255e-08,0.0003257543644251402,0.00890536124478516,7.68360797975902e-07,2.8160656691198547e-09,3.3762666723080877e-07
36,0.008932655570698361,0.0017935430290231622,1.744384110722011e-05,6.731223259733748e-08,8.398368726026581e-07,9.625916517040227e-06,4.4713273651614786e-05,0.0007323261554969631,2.344573282038252e-06,6.892407821996243e-06,7.79023159731431e-05,0.00012208386330558708,0.0002558391188322472,3.45438155150509e-07,2.1682088851538072e-05,1.6784475652153255e-05,0.00040008662872652415,3.2043201353010235e-07,0.9822743293466174,7.0410552140388765e-09,0.0001207581924228531,0.00516899274300659,1.7636417070479776e-07,1.0751941785738477e-09,2.389593197151772e-07
37,0.028616697049028177,0.0016659285456362056,4.108179445417521e-05,1.8175156819164707e-07,9.961165882284705e-07,8.583117368209819e-06,5.260384218419484e-05,0.0010691491466283123,2.611082361658676e-06,1.2347959888875513e-05,0.00015357323052134328,0.00016729731534645317,0.0003569949893365033,5.371989987246624e-07,2.3516918586753273e-05,2.235656968276877e-05,0.0007302846900917888,1.1327745521652072e-06,0.9612773975917961,1.0550684756253756e-08,0.00019067539482877125,0.005605443779249126,2.3330105849985167e-07,4.198573818244939e-09,3.610909862106203e-07
38,0.0033617821763009823,0.0007394481286496817,7.6068189541562756e-06,2.6845998944827408e-08,2.6414289557435584e-07,1.1188938975867437e-05,3.2965464774090965e-05,0.0005319640408997263,5.972676249023989e-07,2.814999552856476e-06,3.7138086860952685e-05,7.223259513401124e-05,0.00017758844693762868,1.0239953837345132e-07,1.5041552873593665e-05,1.9301301096131454e-05,0.00020922213114700435,1.1029030398169343e-07,0.9925919007230785,4.2519640580799316e-09,7.886462289721132e-05,0.002109674296378661,1.0184694808742753e-07,3.0323843038469054e-10,5.832697658716833e-08
39,0.005596310377260624,0.0009269515684300561,9.651186749487374e-06,5.2121266665105265e-08,3.9374652416189974e-07,8.339764809488558e-06,5.177658521976162e-05,0.0012101060874912136,1.335562924990195e-06,4.3433898101111255e-06,3.4491846896335625e-05,0.00010030750465562084,0.00020764288115007043,1.6285938002756467e-07,1.7504313932132057e-05,1.9564522992357508e-05,0.0003878624429512495,2.3068879225995052e-07,0.9868864774376723,6.5600280947765624e-09,0.00011829759592555037,0.0044178163190702335,1.9240834630123358e-07,4.2033950342710685e-10,1.8180738134159818e-07
40,0.0031088173157097776,0.00258795848531643,2.442055052361957e-05,1.839709068050136e-08,1.2057881920359401e-06,9.084489667614155e-06,1.8173018479038788e-05,0.0001917770973643932,7.37906311181195e-07,2.893935694764641e-06,4.6675169147074896e-05,0.00013003775123618285,0.00013189591380718832,3.2970270632758943e-07,1.9494602722003024e-05,4.462704850247563e-06,0.00011498706052191287,1.2739104110100026e-07,0.9889204692275078,4.494653994173978e-09,9.48286888387708e-05,0.004591392368559127,5.419704632054584e-08,3.8821114692616195e-10,1.5335480133758475e-07
41,0.010378576594934408,0.003725090388992611,2.4284897400271816e-05,1.1530426411382253e-07,1.9365418573273627e-06,1.5641765683341907e-05,5.82299116182016e-05,0.0010131604918520226,6.895800522371162e-06,9.961941963400643e-06,8.548182432921803e-05,0.00012128568064012446,0.00040235054331442486,4.1841204726393876e-07,2.4344342184710654e-05,2.8858284151412192e-05,0.000510426811357204,2.796435125891126e-07,0.979194711796605,6.986971102454498e-09,9.511173098056197e-05,0.004302398346304814,1.766252424849903e-07,1.3945262423474285e-09,2.539387447398445e-07
42,0.08221502362953761,0.01355137899952466,6.438627938886761e-05,9.524015069900097e-07,9.44320132196931e-06,8.761622478433604e-05,0.0003303582353928743,0.000748683569133697,2.5283809780127663e-05,4.010114209518954e-05,0.0010088759477208204,0.0006644284192127673,0.0011785254061571276,7.412885837694336e-06,0.00010317219907332402,0.00012010086791899657,0.002829341463234833,8.582822585651821e-06,0.8900659745181954,3.404435063681429e-08,0.00038372667689014634,0.006548059816254557,2.4702828094399918e-06,2.5809988912098627e-08,6.041347303571106e-06
43,0.006484693539549792,0.0008695172975096525,1.4340069674689044e-05,5.535282226406105e-08,5.831520704368366e-07,1.0540260879936525e-05,4.042625368235885e-05,0.0008654005010884186,4.4991508743190014e-06,2.6440245017567458e-05,4.056777039624887e-05,3.633801884417919e-05,0.00010737345760270539,3.0829822456154027e-07,2.5277439223704776e-05,1.9994288729825017e-05,0.00029487387326537193,1.7621072969469858e-07,0.9809322131792949,1.6431393737748078e-08,0.00010843285942022647,0.010117519335299151,1.6507405791081226e-07,1.85585863590065e-09,2.460844897150755e-07
44,0.008801910175815922,0.0017747140541499369,1.6838798991207553e-05,6.705470710262002e-08,8.049917587726504e-07,9.661005775402866e-06,4.578111667334063e-05,0.0007675748433873363,2.4100132634154618e-06,6.927523749424015e-06,7.522530354411978e-05,0.00012518980029902838,0.00026363568509772044,3.439798202112937e-07,2.1128671268496648e-05,1.7394146779871535e-05,0.00042365822514111874,3.231988800630836e-07,0.9821754835678179,7.105650900553269e-09,0.00011668510390040842,0.005353821245852682,1.7600852800875528e-07,1.0347777312568458e-09,2.3734436992816888e-07
45,0.007830489725833273,0.0015664476473460167,1.625772976877161e-05,6.594003074240589e-08,7.430636695461739e-07,9.641772874323771e-06,4.795424909047521e-05,0.000829480904409599,2.256961280130483e-06,6.579174113387066e-06,6.853170170584817e-05,0.00010733115832282388,0.00024880873675739077,2.9393661672510483e-07,2.278821724074835e-05,1.8151833076872633e-05,0.00038548253623365983,2.7016405863077234e-07,0.9836807644379998,6.852565128098316e-09,0.00011031825465388086,0.005046966837664838,1.6487453971123921e-07,9.604779472744191e-10,2.0232966995224082e-07
46,0.010810800681807566,0.0017562571888268181,1.8974615466413973e-05,1.0524832784038433e-07,6.238665641538845e-07,1.3157855174276387e-05,5.022170395431193e-05,0.0011347389414337486,2.4565497866113664e-06,8.375582416094589e-06,8.774638559504576e-05,0.00019535807760082504,0.00038880387779498867,3.851405763066946e-07,1.9577246005373267e-05,2.6742685715626515e-05,0.0008758312539022527,4.854838223049093e-07,0.9782386465441086,8.443557645120304e-09,0.00015447024635248334,0.006215799818164363,2.158113473132029e-07,1.2610885058676561e-09,2.1549061008157536e-07
47,0.0093313030356155,0.0020196339328726457,2.5166075860995307e-05,1.3097610000980095e-07,1.394105206179419e-06,1.4693856437255576e-05,5.8965601211711514e-05,0.0008482843817144188,3.286171559207094e-06,8.63567940736909e-06,0.00013218437798664313,0.00012494637721473356,0.00033876040935391813,5.762040493575111e-07,3.602088629534338e-05,2.502901235382449e-05,0.000500043050226151,3.731872880775094e-07,0.980935320300697,9.202411332231174e-09,0.00015168612360607752,0.0054429597822053324,3.046977944270928e-07,1.8656753370706416e-09,2.9070685709854717e-07
48,0.026651368696840663,0.004318789141240753,8.186287522224653e-05,4.732895683799712e-07,1.843025419701438e-05,1.4157651061587426e-05,0.0001265656817496358,0.0004516444864746574,1.4283799153668202e-05,7.957890760716502e-05,0.0006988000102416595,0.00031402844831355836,0.0002392355560358887,1.0595413373712931e-05,0.00015182348291777962,3.500213901466052e-05,0.0004377234819020643,3.6997141690417028e-06,0.9338790373178818,5.904311777617095e-08,0.0008360019472287812,0.03162809685424807,1.4559003259093935e-06,2.6325697723938628e-08,7.25958241581732e-06
49,0.005079898793313701,0.0020386594377275477,2.375535744897136e-05,4.658906451656452e-08,6.393149244089361e-07,1.4250432775382895e-05,3.519421862037671e-05,0.0005411802805206961,1.3355882494035883e-06,6.302328769668973e-06,5.818222790061334e-05,0.00021152520233826027,0.0002665450834025354,4.1320720457455425e-07,1.833257230345133e-05,1.1810779867717263e-05,0.00047338534855062884,3.171061561729694e-07,0.9830623297459973,8.503998343113774e-09,0.00013888004603584262,0.0080167118656133,1.0452257477518367e-07,6.933213654778095e-10,1.907533204434811e-07
50,0.0087034447483415,0.001689875816473524,1.5957218957512223e-05,6.250559617808748e-08,7.693031114379788e-07,8.920220230791648e-06,4.6606615689997094e-05,0.0007703412602293973,2.4310291212326734e-06,7.029872278471942e-06,6.999047834141427e-05,0.00011510488756470518,0.0002481801695078482,3.2820882119227157e-07,2.0739197953817637e-05,1.6653955430182403e-05,0.00039919960187050817,3.1289783269301004e-07,0.9823014835267508,7.056906615197597e-09,0.00010970150592497464,0.0054724463094239575,1.6886443415562524e-07,9.958755354621263e-10,2.437533316134586e-07
51,0.017675134007306904,0.005961220342816913,5.124075006655449e-05,3.054859673734599e-07,2.2631030478564894e-06,1.4563041717598527e-05,7.546835467687626e-05,0.0018075050775524114,8.19153880723431e-06,1.5521252438486716e-05,0.00020150402170632624,0.0002644737092929775,0.0008826332004403125,8.116391034190535e-07,3.0425279276485104e-05,2.6910356074353672e-05,0.0012440390914269825,5.487324678840818e-07,0.9621381757742175,6.67637980993123e-09,0.0002033363668838527,0.009395311193834783,1.639425994321622e-07,2.738866376526971e-09,2.4432303135668e-07
52,0.01545078669135115,0.0013722483316139758,2.995790625494303e-05,1.603743917405322e-07,9.489421663271856e-07,1.520701378024286e-05,5.69163315907324e-05,0.0010202915163473381,3.4749680786728887e-06,1.6537796859711135e-05,0.00013910890494005189,0.00013990338362486235,0.0004064993804650728,5.851005183547247e-07,2.4552117762159824e-05,3.883925096114045e-05,0.0007559967870350039,7.601828697156597e-07,0.9741410740752273,1.518335265572036e-08,0.00013821205174329367,0.006247405796043141,2.5354640503869164e-07,3.2567308322030342e-09,2.6110988653892016e-07
53,0.00697089387356339,0.0014403842112248296,9.15378303781667e-06,1.5354735390325844e-07,1.1022741250351022e-06,1.778954070292303e-05,0.00036489634695474333,0.0019123843518205309,9.088540403892915e-06,1.2462110016698012e-05,0.00010011069982139398,9.358331218556329e-05,0.0003463514263533672,6.44186102642228e-07,8.740270798419949e-05,6.140459645966674e-05,0.0006122521915643142,4.5156206527631456e-07,0.9781992838823632,1.8837266910868765e-08,0.00011820890862501395,0.009640252612388467,8.279853129702947e-07,2.000655931947459e-09,8.9651164742131e-07
54,0.008641367248735796,0.004304794626556832,5.885632910706514e-06,2.9052866971420724e-08,7.880123922086364e-07,1.1433284830194653e-05,8.312315933763214e-05,0.0005796670471442376,4.964688346998588e-06,8.487411337557947e-06,3.773303898315441e-05,0.00023988511982563226,0.00022128370010960447,4.466820849460954e-07,1.5324901543344716e-05,2.113421455846579e-05,0.0005198163539932363,4.63044893145277e-07,0.9778971677107489,6.3021840127331e-09,8.571835465099525e-05,0.0073195784330391395,1.650788615757552e-07,4.5842763822707543e-10,7.364416369484367e-07
55,0.017692726921646702,0.006501435678166559,1.2168950642186274e-05,4.814345065916779e-08,1.5269692788789268e-06,7.041191228246558e-06,6.608117411161138e-05,0.0005671476444504979,4.137686017023186e-06,4.642120338887806e-06,7.528355458295331e-05,0.000616246252468518,0.0004461661000501984,4.2528240495095737e-07,1.0355408696656926e-05,1.669298453140256e-05,0.0005872903164584018,1.0892542603619581e-06,0.9692894751895161,4.785563663460393e-09,0.00010413198808313117,0.003995118739862139,1.264677895515563e-07,5.93338811081901e-10,6.366030617346836e-07
56,0.008442766688000796,0.0019466384426280448,1.7092801896922594e-05,7.160141964040661e-08,8.72457380316337e-07,9.804318682681013e-06,4.9183130097506e-05,0.0007954278176136442,2.5037241674830357e-06,6.721040347331033e-06,8.062493950908773e-05,0.00014590583099571155,0.0003295921033153534,3.6928325034488277e-07,1.9755712300604503e-05,1.8251434965228476e-05,0.00045119825409469715,3.4877651678793646e-07,0.9823015044323069,7.248077892879172e-09,0.00011409004601298482,0.005266857937986714,1.7347876563630948e-07,9.877970230321834e-10,2.3751187069810695e-07
57,0.0018860780369975392,0.0006163987550874075,6.113732368534861e-06,7.494766778146112e-09,2.4452535838015646e-07,2.2279848738349388e-06,9.609050990994229e-06,0.0003068417445376259,2.7776828231649433e-07,1.2436999145826949e-06,1.4432011140193499e-05,8.704617640373321e-05,9.814860182551366e-05,6.132501872761472e-08,4.476771645055362e-06,3.850353565670457e-06,8.531081633659424e-05,6.475474580016951e-08,0.9940992041333055,2.2975837088819815e-09,5.1477932260793406e-05,0.0027268160556666067,2.7095340347451153e-08,7.724618196443133e-11,3.880473747895626e-08
58,0.009667668690529013,0.001742994909889938,2.0088228046362808e-05,7.972429809518333e-08,8.615916828971097e-07,1.0258935367610458e-05,4.9903250669677953e-05,0.0007972594255481541,2.719022895505921e-06,8.475193704205017e-06,8.975789697198928e-05,0.00011918063884541864,0.0002659854834757115,3.80175162755672e-07,2.658517057072776e-05,1.882151525996022e-05,0.0004355632522407476,3.4317197336778687e-07,0.9805828238448828,8.37835646412096e-09,0.00013062331708207402,0.006029164001203048,1.918152201510083e-07,1.6085781598072797e-09,2.6075754494733827e-07
59,0.01050338762945495,0.00181286536725182,2.394443249827797e-05,9.283152620446929e-08,9.943770431053061e-07,1.0862781597255752e-05,5.006682121496164e-05,0.0007817839732089612,3.025901755384719e-06,1.0238390538598654e-05,0.00010272227120909602,0.00012013191203979727,0.0002472992412181733,4.530532577916978e-07,3.144492271458691e-05,1.929061736825373e-05,0.0004604332471249446,3.8218979405460764e-07,0.9789008634795712,9.45877346434709e-09,0.00014989883181950076,0.006769289167238279,2.114611559554019e-07,2.143114850184783e-09,3.0549751061692077e-07
60,0.008801910175815922,0.0017747140541499369,1.6838798991207553e-05,6.705470710262002e-08,8.049917587726504e-07,9.661005775402866e-06,4.578111667334063e-05,0.0007675748433873363,2.4100132634154618e-06,6.927523749424015e-06,7.522530354411978e-05,0.00012518980029902838,0.00026363568509772044,3.439798202112937e-07,2.1128671268496648e-05,1.7394146779871535e-05,0.00042365822514111874,3.231988800630836e-07,0.9821754835678179,7.105650900553269e-09,0.00011668510390040842,0.005353821245852682,1.7600852800875528e-07,1.0347777312568458e-09,2.3734436992816888e-07
61,0.010556527379483541,0.0016706290333305142,2.506141473175377e-05,9.02957945463715e-08,9.078906474429146e-07,1.0446350641132086e-05,4.583555650631623e-05,0.0008318881910432109,2.5140235405047294e-06,9.23357863431597e-06,9.082282178434076e-05,0.00011645975258834289,0.00024614407739839087,3.909726811366073e-07,2.7638586874032094e-05,1.8305295657203186e-05,0.00044228877004576586,3.7324521313500454e-07,0.9796611459154909,8.87002491540656e-09,0.0001476725198754168,0.006095173814912673,1.855904978954759e-07,1.7995950153929733e-09,2.542530077128921e-07
62,0.008801910175815922,0.0017747140541499369,1.6838798991207553e-05,6.705470710262002e-08,8.049917587726504e-07,9.661005775402866e-06,4.578111667334063e-05,0.0007675748433873363,2.4100132634154618e-06,6.927523749424015e-06,7.522530354411978e-05,0.00012518980029902838,0.00026363568509772044,3.439798202112937e-07,2.1128671268496648e-05,1.7394146779871535e-05,0.00042365822514111874,3.231988800630836e-07,0.9821754835678179,7.105650900553269e-09,0.00011668510390040842,0.005353821245852682,1.7600852800875528e-07,1.0347777312568458e-09,2.3734436992816888e-07
63,0.008880830772332806,0.0019703298477303675,1.65204300048891e-05,6.305046083172467e-08,8.235226298758576e-07,9.540203086780393e-06,4.593111687515694e-05,0.0007415265416082519,2.489439273419977e-06,6.804249418306117e-06,7.414968219890534e-05,0.00012890824460907034,0.0002640844122497941,3.38431709634968e-07,2.0851804535474395e-05,1.6534903007495986e-05,0.00041521115973959706,3.140355287482424e-07,0.981950225629027,6.659916161727691e-09,0.00011515938097267927,0.005338948578549151,1.6494702101051176e-07,9.945915880331844e-10,2.419629231187672e-07
64,0.0076766745560125586,0.0016187236692560487,1.6792931130223626e-05,5.815368115797635e-08,7.508864388495509e-07,8.236870350210926e-06,3.689701637826821e-05,0.0007002547888967292,1.7368253064172556e-06,5.815752280277024e-06,7.009443812769302e-05,0.00010709565768180549,0.00020347878953208307,2.5557904501251056e-07,2.1827533123127007e-05,1.309342564460772e-05,0.000304679303827313,2.3627512777323668e-07,0.9844207297499441,6.0545331929809634e-09,0.00014832316534630046,0.004643898876992787,1.546294342819267e-07,9.011699105592775e-10,1.8417073929671159e-07
65,0.00892200769218785,0.0017815021174202913,1.6606390942831198e-05,6.653106311514839e-08,8.036859816439698e-07,9.550053240418762e-06,4.5718629577098074e-05,0.0007665245847432505,2.435542007785495e-06,6.930143330550114e-06,7.496079320304894e-05,0.0001267318086090577,0.0002652608148015273,3.4459512693763345e-07,2.066296748574775e-05,1.743100873373716e-05,0.00042666662553911034,3.2942908922687215e-07,0.9820517241554099,7.106111080733717e-09,0.0001152464298740794,0.005348071943452466,1.7597133709759563e-07,1.028229626726949e-09,2.3995250252270234e-07
66,0.006896197994152433,0.0012475102581913904,6.779470133491859e-06,2.5570357120369382e-08,3.3709294823931874e-07,7.173354470910115e-06,5.955599703122606e-05,0.0007940516186314351,1.938690796600041e-06,3.549728247421318e-06,2.7409201645902485e-05,6.914902212748744e-05,0.00013740412457599548,1.4450656636822237e-07,1.8705931677723185e-05,1.1225977556961516e-05,0.0002545596096751606,1.835729167546911e-07,0.9865012796205138,5.695250575931249e-09,6.696369470113073e-05,0.0038954369140894083,1.5734095146367517e-07,4.935941525330249e-10,2.5451919697832785e-07
67,0.006475876777247029,0.0020181700223510426,2.2018513208432723e-05,1.0807110804113343e-07,6.235320036070459e-07,6.039273507868995e-05,7.010761714326439e-05,0.0004599366642520243,1.917903812885732e-06,1.3120582057337124e-05,0.00017756916053492618,0.0003033651469046144,0.000353857304536787,1.899135092915502e-06,5.419377549157017e-05,2.8322888673166563e-05,0.0013150075794029735,8.233948263735084e-07,0.9747910420339481,3.121502784874235e-08,0.00033540516012785866,0.01351457895544297,8.901567416355332e-07,3.2057533274682948e-09,7.384692326874396e-07
68,0.011056603699218905,0.0015597784718596002,2.045888825555986e-05,9.975650045926003e-08,6.121290708282516e-07,1.0067313166951971e-05,6.389158537666002e-05,0.0010922848990269226,1.413852910762786e-06,5.088911290517078e-06,8.464149727558161e-05,0.0003436160037311004,0.0007601740303657302,4.2920167662765395e-07,9.650094354657592e-06,2.3952923641948292e-05,0.0007665470695935751,1.1427417236781495e-06,0.9802965087095292,9.786949792208275e-09,0.0001366514132356335,0.003765947396428854,1.9680352979699604e-07,6.294221226838181e-10,2.3219186435241693e-07
69,0.00773827317114049,0.001587213682858419,1.560303469817035e-05,5.886424003670697e-08,6.825786735896589e-07,9.678243476551887e-06,4.1714051039774214e-05,0.000701989753847575,1.929318736039209e-06,6.257629069822738e-06,7.073033828350818e-05,0.00012473344838815392,0.00025376763753604686,3.20582250118591e-07,1.9478445527038678e-05,1.59735483061361e-05,0.00039889620375577905,2.9829879104922794e-07,0.9837516695303439,7.1090265789272384e-09,0.0001189422659501618,0.005141404992297925,1.684020044380611e-07,9.088483454909177e-10,2.0796091042201618e-07
70,0.010922626815761761,0.002420931808525482,3.616538535751411e-05,3.6701422684965714e-07,2.085390184196144e-06,4.47993101752393e-05,0.00010404247607860826,0.0016731210636555822,9.272471006215013e-06,2.1011886531239823e-05,0.0001456383631787595,0.00026988726216962576,0.0008216335627975952,1.4061411882506426e-06,3.244457943686989e-05,9.806138228441832e-05,0.0017817916873972633,1.0344057663727586e-06,0.9737616226013619,2.9519180614367726e-08,0.00015940277194762944,0.007691528260387293,6.332671239717552e-07,3.417289414638181e-09,4.591569871226132e-07
