,0,1,2,3,4,5,6,7,8,9,10,11,12,13,14,15,16,17,18,19,20,21,22,23,24
0,0.04583794738721242,0.001881653477516888,1.8294429792810673e-05,1.8993589815369134e-07,2.9701581422539476e-06,2.181834496650619e-06,0.0042670810021835015,0.001700427154834248,0.011680054904070206,3.233034009294787e-06,0.00772159168169249,7.158013346756327e-05,6.08574252205251e-09,4.518229204457691e-07,0.6438879369627402,8.399783399425471e-06,0.000168460504701259,1.0329478018403778e-06,0.2641691385650669,2.9771870093527888e-08,0.00017789188893579868,0.017298902784013647,2.5831256993755723e-06,7.394541617966145e-05,0.0010240152076122515
1,0.023009942727266308,0.0017816103363213892,6.8404856523794666e-06,1.6133029428057724e-07,1.6402003111657111e-06,1.0702774932762758e-06,0.0021761310083940845,0.0018136977654740773,0.008680234325299834,4.8973688045839714e-06,0.00241715151078687,2.9915553937705087e-05,1.886835007126914e-09,2.9905713080771796e-07,0.5939756899111571,6.719636169032204e-06,0.00015228819324669587,5.700682688556943e-07,0.34710079893299234,1.3759511780352064e-08,0.00026143853502496857,0.016968234894613438,1.52070641965658e-06,3.739914653560465e-05,0.0015717323820587101
2,0.024225681130460593,0.0013519091162519398,2.3272805855586766e-06,8.433634100491318e-08,9.032720002740569e-07,7.0453055379918e-07,0.0013470984346643092,0.000937168969087534,0.0019733237151574284,2.0245727095070535e-06,0.001761573329066307,2.6771210841081442e-05,9.76724996078921e-10,2.0718031343102344e-07,0.7960710491066197,4.783143425243122e-06,0.000254360429877079,5.770188628321847e-07,0.1478416198518264,6.540860104158188e-09,0.0002147503800829805,0.022691534067971485,3.534851772795701e-06,3.5829942541254896e-05,0.001252176611402311
3,0.04107261511866209,0.0027671535098524546,6.9432096379906304e-06,2.197572865207515e-07,2.1673970198336783e-06,1.0875588821489763e-06,0.002418750470318597,0.002033088637303959,0.004566919219142093,4.318536735305793e-06,0.003918267194669593,5.5235212953490334e-05,2.665289524693009e-09,3.827814619102566e-07,0.667576680438556,5.196620040405119e-06,0.0003735087098090476,1.430378003787871e-06,0.24576659201633844,1.3420963400069769e-08,0.00035165770765881464,0.027018206332515872,3.261649258021918e-06,7.801087264355988e-05,0.0019782905849969738
4,0.041084515050349775,0.0031696292604938624,8.348618805089869e-06,2.4145348527873824e-07,2.636137581157117e-06,1.2795693424513141e-06,0.0026259003024257286,0.00195623616423148,0.004982825005605087,4.7226710901540275e-06,0.0042760221196719815,6.107400691661656e-05,3.799016778268158e-09,4.809853859753963e-07,0.6726503053394589,5.420041148806038e-06,0.0003782185812633446,1.5807729821765617e-06,0.2375496791323898,1.5765639555934565e-08,0.0003368003696744595,0.028966695796274543,3.4807850427393983e-06,8.584355479731255e-05,0.0018480447169269816
5,0.04710393371924534,0.0034961011066265493,7.806161115273378e-06,3.3642691794663877e-07,2.9248854873598646e-06,1.2785133158700661e-06,0.002757802854275604,0.0027542131146030173,0.004453678964418107,5.806523703888894e-06,0.0050086214555947915,6.705685224883809e-05,3.525294406882658e-09,4.513471646510133e-07,0.647532325970577,5.362850150206508e-06,0.0005212561050193284,2.4060093943447783e-06,0.25338973295640543,1.6265928643865767e-08,0.00048434608554885286,0.029986768609842115,4.318544053399955e-06,0.00011509479725624708,0.002298356355812684
6,0.04107261511866209,0.0027671535098524546,6.9432096379906304e-06,2.197572865207515e-07,2.1673970198336783e-06,1.0875588821489763e-06,0.002418750470318597,0.002033088637303959,0.004566919219142093,4.318536735305793e-06,0.003918267194669593,5.5235212953490334e-05,2.665289524693009e-09,3.827814619102566e-07,0.667576680438556,5.196620040405119e-06,0.0003735087098090476,1.430378003787871e-06,0.24576659201633844,1.3420963400069769e-08,0.00035165770765881464,0.027018206332515872,3.261649258021918e-06,7.801087264355988e-05,0.0019782905849969738
7,0.04062622833088561,0.0027155263471939574,6.806701752111112e-06,2.179736293062983e-07,2.170178602317442e-06,1.0887193636930844e-06,0.0023699453479671412,0.002023678656618771,0.004489331487085796,4.314082810064054e-06,0.003844190008375536,5.5070889728874987e-05,2.5891371432694286e-09,3.814399250014072e-07,0.6673881447237824,5.2529327421031175e-06,0.00037243360871983233,1.4142245072406287e-06,0.24658825983716223,1.3190566862029782e-08,0.000354843726527172,0.027096770969462707,3.2837925960288254e-06,7.645620208792462e-05,0.0019741740387702335
8,0.05676681829504932,0.0028492432319321536,9.280384719216448e-06,2.823608985169919e-07,1.9250813126830236e-06,4.4911344133871266e-07,0.002787840022024687,0.0034338014084354896,0.003966102583851859,5.966061574117521e-06,0.0015618275911116223,4.185481507774221e-05,2.6868881156255193e-09,3.0499720417661364e-07,0.697869733329157,6.302522176207065e-06,0.0006611048428259757,9.484596716247168e-07,0.20561643287921708,1.1184608347074516e-08,0.0003455547298784743,0.0199077577632912,3.6308610840894493e-06,0.00019107619896814072,0.003971748595600917
9,0.06387628697086062,0.005730133812669727,2.5262213219139755e-05,3.993262294504964e-07,2.9248717275863765e-06,4.302067238445509e-07,0.0038959391318431273,0.004570823060581164,0.010169047336060057,7.302180103417475e-06,0.002745270907778014,4.950398432100817e-05,8.098436701616535e-09,3.224814660190769e-07,0.6844341018618417,3.83169221295984e-06,0.0007739587456025845,1.2779766656073735e-06,0.2019700426838192,1.9047279448973024e-08,0.00027573026424905083,0.016518817573142358,2.0611139869558586e-06,0.0004311403029816,0.004515364156198443
10,0.04107261511866209,0.0027671535098524546,6.9432096379906304e-06,2.197572865207515e-07,2.1673970198336783e-06,1.0875588821489763e-06,0.002418750470318597,0.002033088637303959,0.004566919219142093,4.318536735305793e-06,0.003918267194669593,5.5235212953490334e-05,2.665289524693009e-09,3.827814619102566e-07,0.667576680438556,5.196620040405119e-06,0.0003735087098090476,1.430378003787871e-06,0.24576659201633844,1.3420963400069769e-08,0.00035165770765881464,0.027018206332515872,3.261649258021918e-06,7.801087264355988e-05,0.0019782905849969738
11,0.04365230455436545,0.0030486744312894286,7.658758311161973e-06,2.391047085155564e-07,2.29237154012224e-06,1.1338725579915162e-06,0.0026173130956352636,0.002126671432852121,0.004806579922239995,4.534509410658974e-06,0.004217949993388087,5.9643162866142134e-05,3.276749368199469e-09,4.1715023093285045e-07,0.6671972645652335,5.176827135477897e-06,0.00040374261635381517,1.6053964196031526e-06,0.24108772871309675,1.5153478219654728e-08,0.00034793595445211517,0.028300630425298106,3.445038785771866e-06,8.778665012766054e-05,0.0020192530234737233
12,0.10338209491513492,0.0048086553757229105,4.185902779469616e-06,3.885313800178075e-07,1.4485606355823524e-05,4.292732172737573e-06,0.0010766907874966611,0.0011705916936163249,0.00019570660517228026,5.1888385353717e-06,0.004865152030261424,0.0005770418467142342,5.114446200805612e-09,3.628352942138108e-06,0.49331860462333943,1.1366700238164783e-05,0.003076630820756176,2.1092025546626166e-05,0.10703147648667921,1.0158323182098805e-08,0.0011702147270894877,0.27744914495466444,6.981329020876707e-05,0.00012938972652228587,0.0016141481539017632
13,0.04116508801075214,0.00264688517020598,7.168754237308938e-06,2.127566112738242e-07,2.1219371547313124e-06,1.043008872527675e-06,0.002337272888099548,0.0019791187347844128,0.004523088007994365,3.7807927723914685e-06,0.0042631099453274085,6.169308643264498e-05,2.626291690679081e-09,3.91378453742794e-07,0.6691858334577248,4.829138813975777e-06,0.0003803812247540797,1.4069588592740342e-06,0.24326139663177337,1.3488010139537251e-08,0.00035344403528197224,0.027826549970415834,3.176436068361576e-06,7.246292949803227e-05,0.001919528630810012
14,0.017678712812829848,0.014544188271622302,8.621926083199151e-06,3.896353057199005e-07,7.014235165836521e-06,2.0607555704165426e-06,0.0024623924822837645,0.002857660232911629,0.01113038015491293,2.1368908913414425e-05,0.005541108371584809,1.907957024470346e-05,7.808602527027784e-09,4.2422969391006144e-07,0.6098372227752749,3.0294093099438577e-06,0.0002906178023311848,2.42490249001423e-06,0.3080059234904862,1.4027281593439843e-08,0.00041355201463156096,0.02561526082305239,1.7267861799249673e-06,0.0001829331566367936,0.001373885416600361
15,0.04107261511866209,0.0027671535098524546,6.9432096379906304e-06,2.197572865207515e-07,2.1673970198336783e-06,1.0875588821489763e-06,0.002418750470318597,0.002033088637303959,0.004566919219142093,4.318536735305793e-06,0.003918267194669593,5.5235212953490334e-05,2.665289524693009e-09,3.827814619102566e-07,0.667576680438556,5.196620040405119e-06,0.0003735087098090476,1.430378003787871e-06,0.24576659201633844,1.3420963400069769e-08,0.00035165770765881464,0.027018206332515872,3.261649258021918e-06,7.801087264355988e-05,0.0019782905849969738
16,0.04720024751072831,0.0029211721055853843,4.5383945912106435e-06,2.7005179699383997e-07,1.7760317741809685e-06,1.516146049225239e-06,0.0028068892831566157,0.0028412056307538917,0.0034864605254092073,8.382172980793101e-06,0.004183076812822232,6.181086676642347e-05,1.7947126671745696e-09,3.769974619310335e-07,0.5899718779139118,8.384500531676681e-06,0.00045728529718689606,2.8759324740679957e-06,0.30212525612914753,1.6236516844436136e-08,0.00084784247151584,0.04084217102241599,3.994858190929491e-06,7.405923036886266e-05,0.002148512083150521
17,0.07560691917543122,0.0032706181243790464,1.0491807192688563e-05,4.898524557227119e-07,3.441982055203438e-06,1.5903859280332209e-06,0.0035017096100157883,0.002981091822463144,0.0037827181347797525,5.517265870708563e-06,0.0056651428019542935,0.0001367626266348604,4.6274884991844934e-09,9.40462745967444e-07,0.5915210640841614,7.578161389651785e-06,0.0006327327500114374,3.3974780244048623e-06,0.27056263690098503,2.2430495375056692e-08,0.0005994641294847939,0.038401474011967626,7.064183694268424e-06,0.00010639606862017356,0.003190731121771022
18,0.1282621002330747,0.004232503338050098,8.834459900819322e-06,2.63087384165638e-07,1.6835052508409396e-06,5.159588495451843e-07,0.0030478134016161287,0.0031184721797475456,0.0025965501769698467,4.5572759777215585e-06,0.0031027017884405626,0.0001447294950169336,3.7463344642402e-09,4.427465879822408e-07,0.5748055842597471,4.314875395655952e-06,0.0014770451212325253,3.8690720719496476e-06,0.2149928898605223,1.3129011177505195e-08,0.000492535988687496,0.059017098532679134,4.502692110753614e-06,0.00020711943524105668,0.004473855640099483
19,0.033816117130021715,0.003765612917006619,1.729538839761934e-05,3.3602444399704543e-07,4.614126877873227e-06,1.3123486844843312e-06,0.002361125643499079,0.0029262966806344343,0.009429668566914393,6.646770874363984e-06,0.004713197147436198,9.282937652424278e-05,5.81034197320418e-09,6.351837182125153e-07,0.6137178420952254,4.7596215728712175e-06,0.00042388271144131243,1.5279612549496752e-06,0.2904320610533864,2.213139016331821e-08,0.00036721971214702793,0.03566840277893953,2.2914102805479984e-06,9.406739831325348e-05,0.0021522300106733335
20,0.0225852709353402,0.0023360630413534617,4.033067078544566e-06,1.382398723256505e-07,1.826064768587713e-06,5.930811762556247e-07,0.0012341822013421178,0.0025703344328520342,0.0035696426495512167,4.155808737126613e-06,0.0021295479671567864,4.013817615647234e-05,1.5489590885698236e-09,2.2561963077663417e-07,0.686417234694764,3.393251351866677e-06,0.00047456026372276613,9.296738753828848e-07,0.23295134375212276,8.89309457875657e-09,0.0003453535935253737,0.04390394207393967,2.3235573951530565e-06,6.276762418801557e-05,0.0013619897880455276
21,0.09433053967088631,0.0025651533478366247,1.2236306180600296e-05,3.621572703923757e-07,2.565239578304227e-06,2.1319296338522004e-06,0.005156168427785692,0.002075561545683203,0.0040130579011145645,5.548550184543691e-06,0.005826345580267091,0.00015227854783274252,5.345931449053613e-09,8.407807175766339e-07,0.6042977699881037,1.3679555121056906e-05,0.0004237314098838347,2.8362187532298418e-06,0.2498358422283062,2.8826687977875166e-08,0.0004934833472410787,0.028095154394757026,6.570518834225741e-06,9.780707419257448e-05,0.0025903011072159845
22,0.05717358611637769,0.0025499171436944397,8.296903371622187e-06,2.659507450418891e-07,2.350921566976157e-06,1.7295776588959232e-06,0.0028862446997374976,0.002289318512143117,0.003624413076639772,4.559698652334291e-06,0.006742389540926434,9.436326010272638e-05,2.439749178550519e-09,4.955426300184917e-07,0.6403533886391721,7.924552019466652e-06,0.0005247776442667046,3.02510826250188e-06,0.24111819400385315,2.052005314129294e-08,0.000644032598102805,0.03996940453553605,5.100361931992282e-06,8.307429008585284e-05,0.0019131243627205832
23,0.04107261511866209,0.0027671535098524546,6.9432096379906304e-06,2.197572865207515e-07,2.1673970198336783e-06,1.0875588821489763e-06,0.002418750470318597,0.002033088637303959,0.004566919219142093,4.318536735305793e-06,0.003918267194669593,5.5235212953490334e-05,2.665289524693009e-09,3.827814619102566e-07,0.667576680438556,5.196620040405119e-06,0.0003735087098090476,1.430378003787871e-06,0.24576659201633844,1.3420963400069769e-08,0.00035165770765881464,0.027018206332515872,3.261649258021918e-06,7.801087264355988e-05,0.0019782905849969738
24,0.03827276453243443,0.004501753593193016,9.000327708003419e-06,3.912184992645156e-07,4.132115775931844e-06,1.6730252410652695e-06,0.0026144731538832117,0.002462316667593544,0.005323090484286434,7.584221113598814e-06,0.004789721019970323,7.045968027313013e-05,4.793941529524467e-09,7.294760104614802e-07,0.5960505995430107,5.607712366585972e-06,0.00039728954795540316,2.219312165371191e-06,0.3102189584144724,1.7831180180592454e-08,0.00047118805002600394,0.03250751448454429,3.682587706717786e-06,8.522687859520451e-05,0.002199601328053245
25,0.07478487698990452,0.0027901414808055255,1.1969187122797299e-05,4.856482500481304e-07,2.2941485085465903e-06,8.089060526174761e-07,0.00528673835576063,0.005477619526049239,0.004413359926690783,3.7334328018458822e-06,0.01061541491678284,0.0001408471103589236,5.330839742676482e-09,4.743525861011198e-07,0.5353957759634175,5.162323440146191e-06,0.000812688405049166,3.0296192976608523e-06,0.3261966620130913,3.398307897094134e-08,0.0005544887584599236,0.03145024521147562,4.977005342708946e-06,0.00014510149242999085,0.001903065912402666
26,0.13080791670763825,0.004907617977881262,1.638164945104728e-05,3.303926963874857e-07,2.357367147422167e-06,6.421828515683484e-07,0.0040680090836083226,0.004437651524898461,0.005557362516639304,4.862636865048704e-06,0.005536550295376233,9.96860055892428e-05,7.423161545752292e-09,2.7489033835239154e-07,0.625632258134184,3.7066774566443362e-06,0.0015702156006648224,4.317274375013427e-06,0.1762554088745676,2.1067771738256215e-08,0.00034946054858055783,0.03711790971300969,4.200752690057886e-06,0.0004836561325825759,0.0031391945699748153
27,0.02622755586328083,0.0018818765060385555,4.121531085715203e-06,1.1433896974281062e-07,1.1461115447678714e-06,9.0133377766457e-07,0.0015477785792600335,0.0015594639072302801,0.005460126902348644,3.6972803888191433e-06,0.0019977157119888973,2.5578682880905246e-05,1.1640754989136656e-09,1.9880078541073056e-07,0.7319963819392749,4.310626775816066e-06,0.00022023014257300583,7.456545820593145e-07,0.20060488604657795,9.389786577356764e-09,0.00024005538875836608,0.026303623826242635,1.9367642471466996e-06,4.535706823946191e-05,0.0018721864392863188
28,0.04107261511866209,0.0027671535098524546,6.9432096379906304e-06,2.197572865207515e-07,2.1673970198336783e-06,1.0875588821489763e-06,0.002418750470318597,0.002033088637303959,0.004566919219142093,4.318536735305793e-06,0.003918267194669593,5.5235212953490334e-05,2.665289524693009e-09,3.827814619102566e-07,0.667576680438556,5.196620040405119e-06,0.0003735087098090476,1.430378003787871e-06,0.24576659201633844,1.3420963400069769e-08,0.00035165770765881464,0.027018206332515872,3.261649258021918e-06,7.801087264355988e-05,0.0019782905849969738
29,0.04107261511866209,0.0027671535098524546,6.9432096379906304e-06,2.197572865207515e-07,2.1673970198336783e-06,1.0875588821489763e-06,0.002418750470318597,0.002033088637303959,0.004566919219142093,4.318536735305793e-06,0.003918267194669593,5.5235212953490334e-05,2.665289524693009e-09,3.827814619102566e-07,0.667576680438556,5.196620040405119e-06,0.0003735087098090476,1.430378003787871e-06,0.24576659201633844,1.3420963400069769e-08,0.00035165770765881464,0.027018206332515872,3.261649258021918e-06,7.801087264355988e-05,0.0019782905849969738
30,0.04107261511866209,0.0027671535098524546,6.9432096379906304e-06,2.197572865207515e-07,2.1673970198336783e-06,1.0875588821489763e-06,0.002418750470318597,0.002033088637303959,0.004566919219142093,4.318536735305793e-06,0.003918267194669593,5.5235212953490334e-05,2.665289524693009e-09,3.827814619102566e-07,0.667576680438556,5.196620040405119e-06,0.0003735087098090476,1.430378003787871e-06,0.24576659201633844,1.3420963400069769e-08,0.00035165770765881464,0.027018206332515872,3.261649258021918e-06,7.801087264355988e-05,0.0019782905849969738
31,0.06783125428456356,0.005754816299980872,1.783601495334983e-05,4.784543003515462e-07,5.118826121234475e-06,7.506974664396907e-07,0.0029537733862279284,0.005987169112555392,0.006381999004824287,9.474706072675089e-06,0.003376819483662567,9.795358251056289e-05,7.443453581802498e-09,5.89515836863616e-07,0.5077901713054773,5.308829887647813e-06,0.0009316111712409387,2.610319702188276e-06,0.35646185109129214,2.1467396377733125e-08,0.0004656096763149264,0.03845126947215261,3.098252044334023e-06,0.00025592913491338603,0.0032144784670482965
32,0.035742772129777806,0.002447820942285701,6.058423803120019e-06,1.8699979984219298e-07,1.908878575729869e-06,9.798491796119187e-07,0.002120555847001461,0.001927257452709119,0.0046021913835821646,4.029713484744945e-06,0.003309596898707387,4.777101658436022e-05,2.211196625643888e-09,3.4074990485003245e-07,0.6570440119612788,5.0921019892145825e-06,0.00033007888315949566,1.1451714951015426e-06,0.2637054399951665,1.2230554532038119e-08,0.000329893450162683,0.02649156378467175,2.769564933693923e-06,6.266365461677221e-05,0.0018158567053788068
33,0.0509622062492064,0.006017168486606693,4.085912339516399e-06,1.8340066001962514e-07,4.429969543449255e-06,1.0630644161159522e-06,0.0015759361011534203,0.0022295112089034145,0.001188880534734388,4.901224667788625e-06,0.003281786098488145,0.00010031678113510279,5.444591104276214e-09,7.291873760150908e-07,0.5479099784034238,4.682540108711579e-06,0.001164908897943022,3.362117938729872e-06,0.24711647257384933,1.2821706321639617e-08,0.00033406940972752035,0.1371290241264003,6.7240571257666876e-06,0.00010639494973109176,0.0008531664382238369
34,0.02723726267056378,0.00164356289268877,6.293749135969901e-06,8.95964904894659e-08,7.577871988718576e-07,7.332391857941851e-07,0.0020826763942302816,0.0011921363003486827,0.015549464282031142,2.889467354781553e-06,0.0018557677576153994,1.6795327291418357e-05,1.3692114945221682e-09,1.747922601009587e-07,0.6369038219835764,3.625055712528645e-06,8.245276092467538e-05,3.6352789250914044e-07,0.2998154132773666,9.420693929705178e-09,0.00014527711396954902,0.011502139804858303,6.524335766226488e-07,3.0038421283957327e-05,0.0019276005745378932
35,0.012541782193726182,0.001422566771895359,3.5382300427898605e-06,8.286197686095611e-08,2.3640618713252274e-06,1.2436434908356853e-06,0.0012756975568135502,0.00033053094400905907,0.0011471316988614008,1.1830261593556895e-06,0.0034579064490877507,2.748345712497577e-05,1.434880481379296e-09,5.016508367160992e-07,0.8707795885961035,5.276593329248781e-06,0.0001249996528092517,3.3839120356118376e-07,0.09696400600809721,4.756505463997316e-09,0.00017537340105978216,0.011187836536266416,5.3961945650462325e-06,2.563095647503413e-05,0.0005195349328087235
36,0.04126421583496379,0.0027143588523300976,7.1661158774891986e-06,2.1697766909545242e-07,2.1949383665146098e-06,9.733208427631054e-07,0.0022923350895228925,0.0021178960035124327,0.004567174755964262,4.253368125593616e-06,0.00358334493505168,5.814880879649466e-05,2.7101367281132523e-09,3.795107122546174e-07,0.6590809166995041,5.097390330574848e-06,0.000401036067477163,1.3345688678513782e-06,0.25380461627676193,1.3108859342679019e-08,0.00034387385165192706,0.027628609680738905,3.1120226377325207e-06,7.868537879166215e-05,0.0020400437325068087
37,0.23149970723091742,0.004205960333765902,1.5199893854292349e-05,2.547185370975395e-07,1.909380212995118e-06,8.968813848923318e-07,0.005550524565990896,0.0018510518358304708,0.0026668280729549147,2.5081002621901463e-06,0.006541013195889416,0.00018042716055739964,5.691831095763537e-09,8.190343268235427e-07,0.4803322218458508,5.8658858226070444e-06,0.0007339184756120327,4.3764961545260445e-06,0.22342617965151143,1.920767936889134e-08,0.0003444910698351138,0.039609949828477736,4.710367372357153e-06,0.00016898713581419545,0.0028521739395540213
38,0.01760028001038563,0.019288303255466068,8.475562554125548e-05,2.9316237531381427e-06,4.250107413561483e-05,6.205157164561374e-08,0.00032979957126272173,0.07217305917966836,0.031961579369795635,2.4427979537126987e-05,0.0014224639990740892,0.0001873423872543059,3.7376674397849476e-08,4.480243889285022e-07,0.1809611131112619,2.4471635635250896e-07,0.007999509493599387,1.8662499928539307e-06,0.6095708849198861,1.9180388389949228e-08,0.0004331455439081032,0.047878153409582846,3.149242420201294e-07,0.0008692861487398898,0.009167470773533101
39,0.031535575107465255,0.0009692105894447637,6.597710463314229e-06,2.969030573547191e-07,2.5627465022073075e-06,1.685215182818582e-06,0.0018509846602083313,0.0033192675464068073,0.004293019802657289,5.980637420581434e-06,0.0032859399337057484,8.280900131333682e-05,1.1135755859886118e-09,3.7392971915845234e-07,0.5480056802168888,1.4973552749367569e-05,0.0003053759870098519,1.2655579592948616e-06,0.38059963728044904,1.8962021944409137e-08,0.0008802038860298253,0.022545161616231327,4.284348265863871e-06,4.102062255939819e-05,0.002248073072712687
40,0.07091686348438254,0.002628881273509906,5.586477996817424e-06,7.21342932558413e-08,1.0541395253660185e-06,1.0797959549477839e-06,0.0019209322020764762,0.0007812430756192295,0.00275191144865489,1.7051739677420935e-06,0.003538089816457376,8.02676890220006e-05,1.3403096763513066e-09,4.814188442042663e-07,0.649965035657704,4.1709516013214e-06,0.0002914323607753193,1.6148874289545302e-06,0.19912415107242992,9.405204356582313e-09,0.00027828416503932726,0.06602190271937688,2.3520069266210327e-06,3.470723679587825e-05,0.0016481700661029367
41,0.017537459080522712,0.0022473722191891465,8.181796433499983e-06,1.3828375221439436e-07,2.3737335589810067e-06,1.0078337982281095e-06,0.0013737037515310507,0.0013499507217606761,0.009197034651474737,4.485052462605495e-06,0.0019434394666801177,2.1053065507295443e-05,1.869521930394551e-09,2.665422081273494e-07,0.7434032740491973,4.364594091523966e-06,0.00014823248256647456,4.441066913560802e-07,0.20655895931982882,8.723824669956725e-09,0.0002112764867703558,0.014253478036111496,1.319039945082551e-06,5.245293533679908e-05,0.0016797221572348528
42,0.155137800668967,0.011357014128248197,4.584428690738661e-05,1.4287765714318763e-06,9.567559452740358e-06,4.41680083450352e-06,0.009618391051871055,0.0017731135290589702,0.010175271162097642,7.412859491722912e-06,0.021473207169473173,0.00020197540066437555,3.726227467955964e-08,2.503385824707091e-06,0.6154332859933684,4.405715563213501e-06,0.0005174065239435449,1.1303633934145038e-05,0.1507606383697993,3.584061114909316e-08,0.0003786050002684003,0.01603752393194662,9.172961173452136e-06,0.00042825576424272596,0.00661138222341151
43,0.011423656460172314,0.0014181636145494348,1.874445945671897e-06,1.4929657233834503e-07,2.295220295053149e-06,1.5143998529193725e-06,0.0008273022789576922,0.002567935938835955,0.003615551820541585,1.0141036684111071e-05,0.0016046642970256205,1.946464714080373e-05,5.985640858141865e-10,1.598798322496694e-07,0.6377688722526943,8.06066751440405e-06,0.0002486129375602251,8.466621191212155e-07,0.30524330009672274,7.2222061943176965e-09,0.0006752290930494857,0.03339832423810846,2.690835361732468e-06,3.398643094586106e-05,0.0011271956287477079
44,0.04107261511866209,0.0027671535098524546,6.9432096379906304e-06,2.197572865207515e-07,2.1673970198336783e-06,1.0875588821489763e-06,0.002418750470318597,0.002033088637303959,0.004566919219142093,4.318536735305793e-06,0.003918267194669593,5.5235212953490334e-05,2.665289524693009e-09,3.827814619102566e-07,0.667576680438556,5.196620040405119e-06,0.0003735087098090476,1.430378003787871e-06,0.24576659201633844,1.3420963400069769e-08,0.00035165770765881464,0.027018206332515872,3.261649258021918e-06,7.801087264355988e-05,0.0019782905849969738
45,0.042429957431711025,0.0028409906536730396,6.952008378267644e-06,2.264282850016946e-07,2.1864624688560182e-06,1.1270776710272465e-06,0.0024208434894494105,0.0020238271945983467,0.0045176162091152645,4.386166358295217e-06,0.0040418731374131985,5.722495291391068e-05,2.649010294201498e-09,3.9572428149589027e-07,0.6646324133509627,5.203442302609391e-06,0.0003823572419501019,1.5364890768555306e-06,0.2464528961480739,1.3498881198507607e-08,0.00036932028277476565,0.027666870026848894,3.3379058126183173e-06,7.799567855232719e-05,0.002060446349436554
46,0.056431968607368384,0.00304190280799907,7.149611881163884e-06,2.4932704841722144e-07,2.3126577786094705e-06,6.144643998390785e-07,0.0019409943197409758,0.003174649774997119,0.003214486591803878,3.9951021729708115e-06,0.0037217324301488755,8.546195582869286e-05,3.3060771095733017e-09,2.9842953769829393e-07,0.6526167537754578,4.155369846925553e-06,0.0010733677767983175,1.9116538933813137e-06,0.23321030314251928,1.3540833819638348e-08,0.0004200384567236961,0.038671173938428914,4.000853125213717e-06,0.00013907469635059808,0.002233387409239269
47,0.05343614111018466,0.002761059400513073,6.838216999642114e-06,1.9522146148455952e-07,1.8289317652413893e-06,1.0318842554675204e-06,0.00254265155045069,0.00197576768092216,0.004014601183511419,3.927443677043517e-06,0.003865491300864946,6.735914486001419e-05,2.576410429595518e-09,3.7862315940337314e-07,0.6532809036454196,5.478489160827892e-06,0.0004288425867031227,1.648221669296584e-06,0.242274774281899,1.4032174205898865e-08,0.0003551833319836659,0.032818926018130794,3.3170067277453023e-06,7.889218499669838e-05,0.002074745932099188
48,0.037475617019593156,0.0030397749426521554,4.639816576564624e-06,1.7669617236922558e-07,1.7857987719079636e-06,6.073096821130595e-07,0.0020499739801840117,0.002455797545990404,0.0032629230754025068,4.373249280362008e-06,0.002529787487282249,4.3618413890315075e-05,2.554138987838041e-09,2.8388911547902186e-07,0.630860992252335,4.3701645049192155e-06,0.0005305014266658694,1.1296618608501683e-06,0.28218993377528734,1.0680595921321227e-08,0.00030030924694472076,0.03354620503088644,2.9711608113455076e-06,8.502502029635194e-05,0.0016091898010786357
49,0.042348024808932155,0.002525803128047484,9.129043778072894e-06,2.4254748803491184e-07,3.12488438001242e-06,1.924779866537696e-06,0.002226765468737812,0.0019066480296216282,0.004416043290728855,4.407354455803615e-06,0.005483042599074252,0.00011280993327668453,3.192105910547578e-09,6.169767282853913e-07,0.6571121450047365,6.632029729096628e-06,0.00041284611954368075,2.1624507824669176e-06,0.2362927053180622,1.9551147655347156e-08,0.0004539795637312001,0.04482766459437411,4.29109258017103e-06,6.0990643364945856e-05,0.0017879775947265604
50,0.04038375256036615,0.00275799668760602,6.855596969278918e-06,2.1713987506048357e-07,2.1246557848860844e-06,1.0863394003834282e-06,0.002509187832219141,0.0020492074248933114,0.004713498206160471,4.534352012807274e-06,0.003683280655320999,5.1839592026960526e-05,2.634811651294624e-09,3.871170544931008e-07,0.6564907680983568,5.422795421099221e-06,0.0003480071037610465,1.353991244727628e-06,0.25770788202952505,1.3453662611146546e-08,0.0003413303343954679,0.026902025156832945,3.132949092421997e-06,7.530130051355484e-05,0.0019607919926924815
51,0.061221828568603955,0.004993567395195191,8.982073341546926e-06,4.1420228976583953e-07,2.509484882163198e-06,1.5349009653883165e-06,0.004562770777041873,0.003921782301891684,0.005798520373872088,7.672923449114145e-06,0.00848966118672357,9.486822626625427e-05,4.584459218262676e-09,5.785351816640266e-07,0.5550741793500316,4.059106722065717e-06,0.0005540866794237388,5.280345531837268e-06,0.29628080399959167,2.4215811224002273e-08,0.0006754177653196224,0.05612015183081803,3.639110536376864e-06,0.00012149120751617199,0.002056170854534089
52,0.05896087929860987,0.0030792453945793523,6.199315309938415e-06,2.4269940114678183e-07,1.7334931985439238e-06,4.563246681971871e-06,0.004356936923875666,0.001377517379852444,0.0055130382205503025,5.489926780840246e-06,0.009375115229677364,5.972944431414533e-05,3.3607988165648946e-09,4.825530813191209e-07,0.7207582064184492,7.553744731945677e-06,0.0002498360419402,5.0699941917230175e-06,0.15645779099139823,2.6679978202426827e-08,0.00041736110744135165,0.037598037736859206,5.894776974288078e-06,7.705383371818852e-05,0.0016819921876056055
53,0.04346308027190318,0.001348300077580333,4.389193333307732e-06,1.2227970197664212e-07,3.981635002833628e-07,1.3331103056237601e-06,0.007763100467065119,0.0008687869935109011,0.00405222733436675,1.931558178832041e-06,0.005588517553118871,1.890039786127001e-05,1.5052374066871523e-09,2.0471257078506837e-07,0.8154717105976836,7.171210367007372e-06,0.00011762552359188369,9.995243494228431e-07,0.1088772887392548,1.8454167044155382e-08,0.00015828480222893944,0.010842430641887616,4.53118595246796e-06,5.773000003147658e-05,0.0013509157022510855
54,0.05557306218877049,0.0025756933987142127,5.63958173214652e-06,1.1150860174331693e-07,7.389815968976946e-07,1.0608325506098008e-06,0.003837370110934037,0.0007194185336763337,0.004440666846131937,3.5809170176636902e-06,0.001597493848632746,3.443944843119511e-05,1.843213552504224e-09,5.09837276347573e-07,0.7054062730581245,8.266770818588829e-06,0.00011936091662234168,6.279034926766686e-07,0.20338349731504693,1.08240181890711e-08,0.000167411117463195,0.019021371355442157,2.1377007702412802e-06,3.529582291575253e-05,0.0030659593380054496
55,0.10865499531860294,0.00481332289586877,2.137725210108239e-05,4.3477320199868434e-07,2.334431916742755e-06,1.2105194237439657e-06,0.004627760498892742,0.003217269067965191,0.013173430752929744,5.443539932915855e-06,0.007360308538847658,0.00015399881797289696,9.186752911137086e-09,5.256391798202725e-07,0.5567204569576527,3.6499248058843148e-06,0.0005485926834366887,3.8066913231705546e-06,0.2673669569981163,3.1117651072342006e-08,0.00033453368003552396,0.028020888603354343,2.1984717432562883e-06,0.00016748641631576566,0.0047989772219760715
56,0.04204427912399778,0.0030937315887558637,7.766208941521008e-06,2.3631597630253645e-07,2.34417271119416e-06,1.1158120048688306e-06,0.0025581009618879506,0.0021075626000257104,0.004949037476524826,4.548533789182111e-06,0.004160776468337562,5.772486027816984e-05,3.4022688341997362e-09,4.087597767467607e-07,0.6682640668946727,5.052896516075694e-06,0.0004002774657972741,1.5460103254199392e-06,0.24246928832681736,1.5088471762554365e-08,0.0003380998636503934,0.02749013384614583,3.2905730432023376e-06,8.856905793207141e-05,0.0019520236913515138
57,0.0240946537777556,0.002112970255448464,1.0807735811381204e-05,2.2447387374319215e-07,4.108875952425527e-06,5.955301382308089e-07,0.0009240125773756253,0.0036265106124712234,0.006104681381060848,6.092486007243162e-06,0.0018174588657337292,0.00010667081905759197,2.7853853587811556e-09,4.1021021748748584e-07,0.4769311369302387,5.179194716609436e-06,0.0006170046890736038,7.797067825450724e-07,0.4396537981006216,1.333712713196723e-08,0.000459956674266964,0.041437672232080856,1.5124512388395681e-06,5.337175987965973e-05,0.002030374537684564
58,0.044824752749013534,0.0031789508481898077,7.701489473416324e-06,2.270464027582269e-07,2.2740045102421305e-06,9.022798094696044e-07,0.002540010701886472,0.0023702260153270456,0.0044184373574393185,4.49747573108637e-06,0.003953946508027565,5.730636161801349e-05,3.226743968694727e-09,3.496152581691756e-07,0.6785970642286282,4.709213924574319e-06,0.000506355001103498,1.6104797155777068e-06,0.22823841185737614,1.3633011459664163e-08,0.0003533836786876526,0.02882660065113681,3.454465714596186e-06,0.00011350458307212955,0.0019953065281984044
59,0.05092285689778049,0.0032879019640896408,1.0224347190036875e-05,2.5388155575822035e-07,2.4837069307622606e-06,8.819055050249521e-07,0.0028460695182468804,0.002650388141985256,0.004871270486668127,4.600212227686293e-06,0.004268318714940821,6.481215367447563e-05,3.6987724714618098e-09,3.692389840328581e-07,0.681036756773944,4.964802435466034e-06,0.0005582868763374935,1.7839178032251122e-06,0.2190474605015801,1.5583712242731042e-08,0.00037175193570434314,0.027682079343671607,3.4986586031203057e-06,0.0001442671849089613,0.0022186995527478702
60,0.04107261511866209,0.0027671535098524546,6.9432096379906304e-06,2.197572865207515e-07,2.1673970198336783e-06,1.0875588821489763e-06,0.002418750470318597,0.002033088637303959,0.004566919219142093,4.318536735305793e-06,0.003918267194669593,5.5235212953490334e-05,2.665289524693009e-09,3.827814619102566e-07,0.667576680438556,5.196620040405119e-06,0.0003735087098090476,1.430378003787871e-06,0.24576659201633844,1.3420963400069769e-08,0.00035165770765881464,0.027018206332515872,3.261649258021918e-06,7.801087264355988e-05,0.0019782905849969738
61,0.046428378033675145,0.0032237783782981893,1.0551029348573669e-05,2.4720980657997943e-07,2.581518583525884e-06,9.341401017224377e-07,0.002644054043042485,0.0023718327697083196,0.0051311655844925195,4.307250953808977e-06,0.004423488002771786,6.704761576104928e-05,3.5641519577933712e-09,4.047300048131305e-07,0.6762138732551511,4.826788028318133e-06,0.00048769881206847714,1.5975082299060903e-06,0.22928630745825523,1.538978783073691e-08,0.00036300285566418417,0.027034737142578757,3.1742099660972635e-06,0.00011673245161892981,0.0021792602579506124
62,0.04107261511866209,0.0027671535098524546,6.9432096379906304e-06,2.197572865207515e-07,2.1673970198336783e-06,1.0875588821489763e-06,0.002418750470318597,0.002033088637303959,0.004566919219142093,4.318536735305793e-06,0.003918267194669593,5.5235212953490334e-05,2.665289524693009e-09,3.827814619102566e-07,0.667576680438556,5.196620040405119e-06,0.0003735087098090476,1.430378003787871e-06,0.24576659201633844,1.3420963400069769e-08,0.00035165770765881464,0.027018206332515872,3.261649258021918e-06,7.801087264355988e-05,0.0019782905849969738
63,0.04113813787449109,0.0031839054420384596,6.763214469501559e-06,2.0549677882156764e-07,1.9855879936850223e-06,1.005704864621812e-06,0.0024301683490688857,0.0019352847221928138,0.004714774220442258,4.206432898721919e-06,0.003919818374303335,4.911493663371696e-05,2.8382479157058594e-09,3.5543793305390293e-07,0.6811662442978088,4.468752028891513e-06,0.0003773052781782798,1.4428394964608428e-06,0.23154728846928854,1.3103694012515093e-08,0.0003212900999912723,0.02715588720364485,2.9501868381604497e-06,8.384561522768052e-05,0.001953535521445902
64,0.03670786803662579,0.002366902166597322,5.754253866638785e-06,2.159627673865394e-07,2.0888912124751494e-06,1.001993011251688e-06,0.0019924710844132056,0.00214411142720131,0.0037312891240667777,4.2204115305826015e-06,0.0039738850965143424,5.5706681440165964e-05,1.8051390750161405e-09,3.301691089641023e-07,0.66830344448667,5.2056059893727845e-06,0.0004049748579236304,1.4830566607107277e-06,0.2517638337071904,1.1226347545633679e-08,0.0005211413145834839,0.025958500087450008,3.3172231246844003e-06,7.15155961910344e-05,0.0019807257343738326
65,0.037469072824228816,0.0013497474052015818,6.351814886586408e-06,7.174171625870216e-07,1.4581145414986342e-05,1.580971025210526e-05,0.0012313115226878608,0.0013185804753590561,0.0014137277859329112,9.932544646634756e-06,0.009198358514249478,0.0005222315887364768,1.7190397558754416e-09,3.59030438972471e-06,0.4895265570518092,3.122219694661675e-05,0.00036030930142857503,8.372935670464396e-06,0.38762921068568457,1.9453250310588283e-08,0.0035343381110934944,0.06377707957550748,2.0465366421937065e-05,1.7886814802014503e-05,0.002540523735196948
66,0.04107986931981271,0.0027681226328900035,6.937801407493051e-06,2.1962960656931087e-07,2.166690101696769e-06,1.0866075343873815e-06,0.002417010808901694,0.002031726882007811,0.00455965114058508,4.312446007311099e-06,0.003920350901500713,5.522879045879988e-05,2.6634133458129063e-09,3.824955981405901e-07,0.667928134487952,5.188447609782062e-06,0.0003739590575751024,1.4313263163721222e-06,0.24541109619729093,1.3402833965471795e-08,0.0003516993120673125,0.027022074654152493,3.2641968991967733e-06,7.808417093792704e-05,0.0019779859365393784
67,0.03969358886980353,0.0010381602751676124,6.1797137778212296e-06,1.7873130584746907e-07,1.543785801928898e-06,3.987850794169774e-06,0.0033650680236447733,0.0003674601999367055,0.0012614384764808115,1.5500646132775132e-06,0.005868453811588687,9.732562155611843e-05,2.0213118945070047e-09,1.1332386678165402e-06,0.841180284134605,1.7367341504362063e-05,0.00016076747804458146,1.5181864108611189e-06,0.08918455405591025,1.9663828742685332e-08,0.0003194129113702851,0.015688129703829493,1.640610355946229e-05,2.7148479310621285e-05,0.0016983212571755613
68,0.08924317568250995,0.0023951570108110827,3.945474349259658e-06,2.7219793090400314e-07,1.2244059563499153e-06,2.941120409031593e-06,0.0031173517599896164,0.0012940304126498985,0.001857422062700408,2.8872577893076703e-06,0.012550324287032236,0.00011095739931332603,1.7611926309053514e-09,3.4969534673063894e-07,0.7451768204581436,5.647224576464251e-06,0.0006415174295276006,8.436277653587308e-06,0.10289879481795319,1.8479944454344773e-08,0.0007366017976963039,0.03713602463453441,1.1952874544183616e-05,9.238723700201038e-05,0.0027117582404435634
69,0.044113534167075405,0.002859508976061879,9.60812268417822e-06,2.9126859800604505e-07,2.017151331489702e-06,8.555936081492596e-07,0.002865651190538809,0.0028697383856641436,0.005966656522576531,5.406195354931298e-06,0.0035666078785179375,5.342480236893166e-05,3.1090012412481536e-09,3.2827118123210424e-07,0.6521899177611783,5.76105425907127e-06,0.00044449887182221765,1.4151121137506258e-06,0.2613556344407926,1.7749982519842772e-08,0.00038739364278429203,0.020332688990146286,2.844656636658103e-06,0.00011226248591528088,0.0028539335998061747
70,0.0701760088083644,0.00273415271191502,1.5310859510787292e-05,2.6588059840326433e-07,2.6632917801732324e-06,2.2570324901046302e-06,0.003316913406665811,0.00112410453508876,0.004916449077779588,3.6800613611300797e-06,0.005025092589786404,0.00012903858056328684,3.6412130864341654e-09,1.149721756521871e-06,0.6704094349040435,8.974844539175481e-06,0.00028893345601014393,2.0407984101763205e-06,0.2063837563355312,2.09030356718014e-08,0.0003969902944905878,0.031721427479788344,4.459018412663791e-06,5.685950281069288e-05,0.0032800122640543115
71,0.034456401313218386,0.003052862345477638,7.06206961047024e-06,2.1610280061163273e-07,2.590173587669658e-06,1.1109498633151142e-06,0.0019969040452252214,0.001958317090634633,0.005119756620492924,4.824622481457701e-06,0.0034884774352326197,5.056233858596179e-05,2.71369910139954e-09,3.9457458592033e-07,0.6676768441646046,4.6472586598714305e-06,0.00034703909472775526,1.2618537321087093e-06,0.2519711395768202,1.1830961052141768e-08,0.0003358416166553374,0.02746035855246855,2.7854267747332133e-06,7.321427766704843e-05,0.001987373951432862
72,0.04210755845447372,0.0028588649948547823,6.486148976056828e-06,2.2610258841420135e-07,2.129913865510751e-06,1.0417257460371626e-06,0.0025098925089280296,0.0022197312541463836,0.004273418644889226,4.4904272119560765e-06,0.004078082946449186,5.4886818879194124e-05,2.7098524982167463e-09,3.6042074888201563e-07,0.6598374723602167,5.119698729754189e-06,0.00041677811113001803,1.5770237096857653e-06,0.25096489881774664,1.358998501732392e-08,0.000373305756953591,0.028296960919556417,3.434487809787237e-06,8.560405614307027e-05,0.001897662106409391
