,0,1,2,3,4,5,6,7,8,9,10,11,12,13,14,15,16,17,18,19,20,21,22,23,24
0,0.008328840903013794,0.000503551353478027,2.6518720586660314e-05,0.0003378528465172442,0.001316845653115886,0.002230675506109426,2.323611391964247e-05,0.00533157510034437,0.8925555248658437,0.0022484354679957372,0.001006395654129613,2.0262479632422025e-06,1.1159120353623158e-07,7.8799892455742e-08,0.000985175982942966,0.00025020906902953316,0.0004969179332566849,3.576752772934122e-05,0.07727510070267714,2.3187455067473004e-08,3.486804213304284e-06,0.006926375751437531,3.041867656575381e-05,4.511940555927991e-07,8.440434652369151e-05
1,0.005933614456808937,0.0003302401156514594,2.6473902112532948e-05,0.00021176615995278076,0.0012722144880461072,0.00169752322557068,1.42781722242926e-05,0.00389810728185269,0.9053473183331018,0.0018445234920460355,0.000603768336004435,1.1741427597372678e-06,8.655751142715133e-08,3.846993155036778e-08,0.00054916245442978,0.00021036523432682656,0.0003175576990860336,1.744266492320428e-05,0.07347161259349913,1.522868119822453e-08,2.25535619016328e-06,0.0041838204733000315,1.7441844802302144e-05,2.698646856761125e-07,4.892945250109281e-05
2,0.006177606238327689,0.0005086655258320842,2.592326136033647e-05,0.00019369067799790256,0.0015473502348446087,0.001101344118245975,1.2620448015200142e-05,0.004793643887826184,0.9315619107656465,0.0020827680312757494,0.0015905788455792258,1.756263481862106e-06,7.140488369872228e-08,9.361378285402564e-08,0.0016702725056658785,9.945151918527105e-05,0.00028602400869208385,2.2718399688243346e-05,0.044187509665061596,2.6352118929883623e-08,2.852176825974997e-06,0.00399732863665071,2.7938557209985044e-05,2.3622429692992534e-07,0.00010761863750464296
3,0.00867229791372596,0.000590567690907606,2.8842816963367415e-05,0.0003315866602955829,0.0014362346028752473,0.0023090525537713767,2.458859651052826e-05,0.005262403964916331,0.884912304363705,0.0022820673222526634,0.001115779171418623,2.290711228447441e-06,1.0838608165286206e-07,9.367392995917417e-08,0.0011460327863626685,0.0002456964642848128,0.000533905043560198,3.709440655171592e-05,0.08309239879358718,2.3623608525907826e-08,3.822342935646056e-06,0.007840773762940465,3.194998096567317e-05,4.845078166795439e-07,9.959985880381371e-05
4,0.010372486974637713,0.0006139684385187951,3.2626505679683717e-05,0.00036455026050407783,0.001580908606497425,0.0024805149908510822,2.738299763059378e-05,0.005911544936362321,0.8648007353594186,0.0025106172402269687,0.0011684236082799638,2.4697595093697697e-06,1.4705236701944093e-07,1.1391181603912252e-07,0.0011602180921418508,0.0002937102316552705,0.0006039588336777119,4.400995451943379e-05,0.10012269144575563,2.8204852646860258e-08,4.03790548047672e-06,0.007768846840368296,3.3976349680046144e-05,6.060252306239035e-07,0.00010142547433826971
5,0.009018225582354182,0.0006935414001930257,2.3639481547623268e-05,0.0004551171377924996,0.0013436665104479824,0.0028563094107534855,2.3558510424476195e-05,0.005852110141136649,0.8742117811267011,0.0022413213614736497,0.0012165011571130164,2.238325712944272e-06,1.2912173516167588e-07,9.791426025290011e-08,0.0012427768460174726,0.0002921225323057167,0.0005510592473986145,6.0085447437897346e-05,0.09122324553009842,2.874426562893784e-08,3.981718480770719e-06,0.008557031930757866,3.680455229532421e-05,5.132224476734929e-07,9.411304684837126e-05
6,0.00867229791372596,0.000590567690907606,2.8842816963367415e-05,0.0003315866602955829,0.0014362346028752473,0.0023090525537713767,2.458859651052826e-05,0.005262403964916331,0.884912304363705,0.0022820673222526634,0.001115779171418623,2.290711228447441e-06,1.0838608165286206e-07,9.367392995917417e-08,0.0011460327863626685,0.0002456964642848128,0.000533905043560198,3.709440655171592e-05,0.08309239879358718,2.3623608525907826e-08,3.822342935646056e-06,0.007840773762940465,3.194998096567317e-05,4.845078166795439e-07,9.959985880381371e-05
7,0.0089015714462238,0.0005823048133392442,2.941432814654469e-05,0.00033280594799132334,0.0014586282929093294,0.0022549931850757315,2.4972672195508834e-05,0.005375174663638117,0.8839136619341122,0.002331987593365485,0.0011190608058893393,2.279451903361371e-06,1.1219705452010725e-07,9.370306863874916e-08,0.0011204650811961654,0.0002449713705162119,0.0005384345098692284,3.62631500171255e-05,0.08381032438900644,2.3903763672272985e-08,3.7019919738976236e-06,0.00778734085111275,3.108808539018077e-05,4.887066087391031e-07,9.983692563249547e-05
8,0.01605290417885526,0.00048191018615001744,8.097964870187948e-05,0.00027615771143473704,0.001912078470080894,0.001466325607950177,3.8986303870007514e-05,0.005952337512550184,0.8828424809255465,0.005636706194262673,0.0012407979421732765,3.569363149553687e-06,1.8994620567477824e-07,2.1168545456339733e-07,0.0012144366997052921,0.0001871113492028425,0.0009336002950394302,1.73862097995424e-05,0.07504087033566874,3.838576760085131e-08,5.87709488698298e-06,0.006314026797310041,6.13795959914773e-05,1.4412093689710902e-06,0.0002381963508736295
9,0.012063115270926981,0.0005969232794160981,4.243521491089417e-05,0.00027757293931063423,0.0014720165501667098,0.0013484291366805113,2.467592858717043e-05,0.005442424889781772,0.9062185426755043,0.004360852652921034,0.0015016003181435157,2.711869026121046e-06,1.1196902024669544e-07,1.755316611890498e-07,0.001740342411310569,0.000122926164033839,0.000629527230974338,2.0821981702899442e-05,0.05779193032381133,3.0311897967243966e-08,4.544348597276116e-06,0.006036588133446188,6.211652316529915e-05,8.416524690500296e-07,0.00023874269253407985
10,0.00867229791372596,0.000590567690907606,2.8842816963367415e-05,0.0003315866602955829,0.0014362346028752473,0.0023090525537713767,2.458859651052826e-05,0.005262403964916331,0.884912304363705,0.0022820673222526634,0.001115779171418623,2.290711228447441e-06,1.0838608165286206e-07,9.367392995917417e-08,0.0011460327863626685,0.0002456964642848128,0.000533905043560198,3.709440655171592e-05,0.08309239879358718,2.3623608525907826e-08,3.822342935646056e-06,0.007840773762940465,3.194998096567317e-05,4.845078166795439e-07,9.959985880381371e-05
11,0.009374611067803745,0.0005423236718633195,3.018128865999114e-05,0.0003305950354089813,0.0013935004579575584,0.0023126034518671018,2.648051014885971e-05,0.006158523112024364,0.8772101067105466,0.0024826553531951626,0.0010428872361955101,2.3829882438549338e-06,1.4006333192058406e-07,9.156540891077146e-08,0.001049453133028291,0.0002724194864610773,0.0005811289787120844,3.8792020760612905e-05,0.08928836296385438,2.5573673274407586e-08,3.6351829264530576e-06,0.007736248301748115,3.0481543817622974e-05,5.624940994209765e-07,9.180780826281563e-05
12,0.006421585765364819,0.0006148672646478473,2.360392166954208e-05,0.00030470395208042977,0.01919352358380041,0.006588711641010242,8.898193090252749e-05,0.00034300416097177497,0.916857121425065,0.0012391311671321376,0.001968158637396048,3.637481314474874e-06,6.301546808509962e-08,2.55002939526382e-06,0.0015651291618229352,0.00024753025913708824,0.000741368413905224,0.00024518978082997765,0.039967407560102315,1.3739090669486752e-07,2.564635045578465e-05,0.001989379492452477,0.0007315153731834436,1.4457693687447896e-06,0.0008356064716165817
13,0.008721161460612616,0.0005891790137291102,2.9054763344625398e-05,0.0003330661646122768,0.0014427413904246986,0.002285612388524568,2.4613497335484755e-05,0.00530052634314752,0.8854903309784155,0.002292989260884129,0.0011400350621711523,2.320561477683541e-06,1.089910681149825e-07,9.54673753570018e-08,0.0011635806305793476,0.0002456640205396539,0.000533762338424592,3.72999395943499e-05,0.0824241474920919,2.395039381634684e-08,3.847647787482605e-06,0.007806917626326773,3.220410896258891e-05,4.830492868884994e-07,0.00010023385288982509
14,0.0041315949141571325,0.00315655576318595,2.9369561361164865e-05,0.000673414633141961,0.0038654803244202764,0.005057428492268263,7.841573524090107e-06,0.002494425581286952,0.72851877955195,0.0011582994575940744,0.0021764459668923925,1.0015210710055641e-06,1.2314593154465322e-07,8.443601032359226e-08,0.0016600016951606835,0.00035875729883765527,0.00024572618541076377,0.00012222821719223102,0.2381730656095866,4.263057238504565e-08,3.4154655226072407e-06,0.00807860996395378,2.4514301710066032e-05,1.7708343636901548e-07,6.261662582181073e-05
15,0.00867229791372596,0.000590567690907606,2.8842816963367415e-05,0.0003315866602955829,0.0014362346028752473,0.0023090525537713767,2.458859651052826e-05,0.005262403964916331,0.884912304363705,0.0022820673222526634,0.001115779171418623,2.290711228447441e-06,1.0838608165286206e-07,9.367392995917417e-08,0.0011460327863626685,0.0002456964642848128,0.000533905043560198,3.709440655171592e-05,0.08309239879358718,2.3623608525907826e-08,3.822342935646056e-06,0.007840773762940465,3.194998096567317e-05,4.845078166795439e-07,9.959985880381371e-05
16,0.016028012399944263,0.0006658688008857073,7.915018236703625e-05,0.0008806225444506425,0.0024025093666397903,0.0048299195003785175,5.9916930514692636e-05,0.010393946063320836,0.8018791154452809,0.0035561310053105104,0.0033752647677316836,9.127940796076193e-06,3.381981861565323e-07,3.921799619825346e-07,0.0028729649726326302,0.0011822694699722511,0.0010944670134776053,0.00018109964248220784,0.13783746712003278,8.690768494939594e-08,1.8770621736980813e-05,0.012475559295623094,7.751823162160171e-05,1.1176284535950511e-06,9.836377051374209e-05
17,0.018365781735897754,0.00044009485009004136,4.166511231783229e-05,0.0004192020062180363,0.0019959136696304602,0.0012094886643935392,5.995685850722298e-05,0.006399854206522522,0.9062199870745713,0.0022951149767188126,0.0018282946715671587,4.6328266803109265e-06,1.427293653765997e-07,2.2281649482399672e-07,0.0010054661896875387,0.00022957404025455644,0.0008244162223607074,2.6230137378875692e-05,0.049160586479274196,2.8323203801123338e-08,3.932048817300494e-06,0.009250995821670962,3.330174887541347e-05,5.830269772865317e-07,0.0001845337625241569
18,0.016147311463848187,0.0007984752237813645,2.102028449033253e-05,0.00023143214568922203,0.0015942124192252218,0.0013354736441062362,3.62968452002228e-05,0.0030523888087715416,0.870258298175711,0.002044490213529597,0.0011977676079830775,1.6419330053209142e-06,6.47738635426054e-08,1.3066004630179632e-07,0.0009018330902567227,9.575619094631853e-05,0.0014648550595459484,2.793917144797198e-05,0.08728710644768319,1.6317781044071012e-08,2.7000746149629204e-06,0.013114229585437572,3.747845927211143e-05,6.369080895216279e-07,0.0003484444956736309
19,0.0070780874848915465,0.0002818778644242538,3.229319384319823e-05,0.0002933609620051247,0.0011788148067916036,0.0023118322287360485,3.794240430055474e-05,0.00716062542336406,0.910566380881136,0.004017389076433057,0.0006563931252701597,2.838925807051963e-06,1.4604567304114125e-07,4.574340588837241e-08,0.0005440825050304027,0.00022509648487033216,0.0005331457508975938,1.6192833518604086e-05,0.05612611050325527,2.2187604051438236e-08,2.3732274335105376e-06,0.008838202236626586,1.7479729165157842e-05,5.502065401799144e-07,7.871616897655737e-05
20,0.00443262574486466,0.001324505770507327,2.5639879495624145e-05,0.00040185687253237146,0.0008383246216763973,0.003346792407767258,1.7047817318535836e-05,0.010339697943929716,0.8849524342440725,0.0019326787690219429,0.0014535658214004784,5.380663477975002e-06,9.213071089268878e-08,8.736067607333124e-08,0.003408316962253297,0.0002806330090290878,0.00044918792840695795,6.163283068414926e-05,0.0684516956564126,2.5660015858944597e-08,7.149746169362967e-06,0.018133996668531018,3.43159304975032e-05,4.098595053104915e-07,0.00010190570104320414
21,0.012907533248367525,0.0006059673211314765,4.098179328009935e-05,0.0006992573496450084,0.0020164397712813865,0.0022843397790177316,2.7590185347400234e-05,0.006288179266185036,0.8822895220274657,0.0023202007478389645,0.0029288822374518727,4.563702144069555e-06,1.6269920345062493e-07,2.689660168834278e-07,0.001982422497843484,0.0004639290676455223,0.0004837518105566985,7.328316974469808e-05,0.07755672196844941,4.941247744216655e-08,6.2854716365981995e-06,0.006861326642431497,4.8628685384512744e-05,4.130553301779078e-07,0.00010929912412361118
22,0.011051374390248071,0.0004350213198434932,4.2788848030943934e-05,0.0005961776591475851,0.0018712919367714258,0.0022899318908412834,3.130553851168452e-05,0.006295576487954991,0.8757261223905645,0.0038417081971001544,0.00264530821225696,3.0659595824840167e-06,1.7980454476555433e-07,1.337122891899603e-07,0.0013162717948889324,0.0003843528860078587,0.0010392080371836266,7.548680557339501e-05,0.08304136311567398,5.73724691270417e-08,6.482064576755084e-06,0.009155182012281262,4.865060379191801e-05,5.022276657833555e-07,0.00010245673219965255
23,0.00867229791372596,0.000590567690907606,2.8842816963367415e-05,0.0003315866602955829,0.0014362346028752473,0.0023090525537713767,2.458859651052826e-05,0.005262403964916331,0.884912304363705,0.0022820673222526634,0.001115779171418623,2.290711228447441e-06,1.0838608165286206e-07,9.367392995917417e-08,0.0011460327863626685,0.0002456964642848128,0.000533905043560198,3.709440655171592e-05,0.08309239879358718,2.3623608525907826e-08,3.822342935646056e-06,0.007840773762940465,3.194998096567317e-05,4.845078166795439e-07,9.959985880381371e-05
24,0.010625145327286416,0.0007469052066018796,2.9190714190992153e-05,0.0005664954628840596,0.0019569226510074648,0.002335894445635896,2.2945657584462365e-05,0.005237183566864969,0.8793533543495606,0.0024235694105967827,0.0017023574902124727,2.7141095295183267e-06,1.4112846143243242e-07,1.333710328730593e-07,0.0011271178132471037,0.000267448894446534,0.0005109445712516441,4.7508585535371274e-05,0.08434024095408338,3.3840050770018726e-08,3.2727993462340066e-06,0.008553028793813058,3.055192581417199e-05,4.016312692028895e-07,0.0001164972996927195
25,0.01937474626954369,0.0002854178323208697,4.4887224757988465e-05,0.0005646710685883982,0.002010257872209635,0.0010151254162046766,5.629126687154979e-05,0.012633730802957913,0.9037428777662432,0.004089621825085597,0.004116274008453027,5.409080936672439e-06,2.765647063198415e-07,2.7022836245469877e-07,0.0015607447210944266,0.00027836620320303393,0.0007347432842042986,4.744147653746152e-05,0.04278412081111479,6.570277841142326e-08,3.443727345986233e-06,0.006481861774411161,3.4961272209356584e-05,5.049802008015693e-07,0.0001338888196583171
26,0.007883660383359968,0.00027198345998805416,1.3959951866103006e-05,0.000155334603064207,0.000904507352966698,0.0016511575741937465,1.6392406010825e-05,0.002995348583746644,0.9078141385786065,0.001786309412181296,0.0003877160962598876,5.814635862416764e-07,8.441620948717138e-08,3.192780053526793e-08,0.00039431037311726314,0.00013121642109187187,0.0005044144718520543,2.6431768582796058e-05,0.07169246021334062,1.378930752017595e-08,1.928037632287751e-06,0.0032751891304601596,3.16110454008093e-05,4.884007115351893e-07,6.0730138663141275e-05
27,0.004991520449386076,0.0007262544778464166,1.405354203714857e-05,0.000253845711487466,0.0008572551038875637,0.0017860777531365217,1.4372924227616728e-05,0.004567333395404991,0.9180513375138729,0.0014632530228758818,0.0007918080199286163,1.6531688720530218e-06,4.990996604503607e-08,4.807924789527076e-08,0.0010681567565639547,0.00012723908543652848,0.0003119882010838429,2.0951113122848016e-05,0.0559451998934798,1.1479835352949523e-08,1.8517411067223633e-06,0.008884607947406536,1.8506282170956734e-05,2.351843920526602e-07,0.00010238924322404756
28,0.00867229791372596,0.000590567690907606,2.8842816963367415e-05,0.0003315866602955829,0.0014362346028752473,0.0023090525537713767,2.458859651052826e-05,0.005262403964916331,0.884912304363705,0.0022820673222526634,0.001115779171418623,2.290711228447441e-06,1.0838608165286206e-07,9.367392995917417e-08,0.0011460327863626685,0.0002456964642848128,0.000533905043560198,3.709440655171592e-05,0.08309239879358718,2.3623608525907826e-08,3.822342935646056e-06,0.007840773762940465,3.194998096567317e-05,4.845078166795439e-07,9.959985880381371e-05
29,0.00867229791372596,0.000590567690907606,2.8842816963367415e-05,0.0003315866602955829,0.0014362346028752473,0.0023090525537713767,2.458859651052826e-05,0.005262403964916331,0.884912304363705,0.0022820673222526634,0.001115779171418623,2.290711228447441e-06,1.0838608165286206e-07,9.367392995917417e-08,0.0011460327863626685,0.0002456964642848128,0.000533905043560198,3.709440655171592e-05,0.08309239879358718,2.3623608525907826e-08,3.822342935646056e-06,0.007840773762940465,3.194998096567317e-05,4.845078166795439e-07,9.959985880381371e-05
30,0.00867229791372596,0.000590567690907606,2.8842816963367415e-05,0.0003315866602955829,0.0014362346028752473,0.0023090525537713767,2.458859651052826e-05,0.005262403964916331,0.884912304363705,0.0022820673222526634,0.001115779171418623,2.290711228447441e-06,1.0838608165286206e-07,9.367392995917417e-08,0.0011460327863626685,0.0002456964642848128,0.000533905043560198,3.709440655171592e-05,0.08309239879358718,2.3623608525907826e-08,3.822342935646056e-06,0.007840773762940465,3.194998096567317e-05,4.845078166795439e-07,9.959985880381371e-05
31,0.015004855366502005,0.0005998489577182269,5.668452016423936e-05,0.00029722188789065035,0.001290831268626345,0.0014730658922325096,2.3986546268944942e-05,0.015886487650606285,0.8235255916627018,0.0020948315005507026,0.0009991867906856571,2.9533548966612903e-06,3.0617214002858723e-07,8.854529351676034e-08,0.001202469371213654,0.0003853899467348818,0.0007204141774572216,4.2403250028692514e-05,0.12898664459776082,2.9903479990171527e-08,4.31905333777802e-06,0.007317203033941834,2.1793656278131075e-05,7.325098908962714e-07,6.266038359865679e-05
32,0.008988772959746089,0.0006918766401964147,2.9405978060706756e-05,0.00032466399420949256,0.001463288465074105,0.002457921897971103,2.2003535728215034e-05,0.005227100477735367,0.8615301094569907,0.0021421042043081816,0.001002365662940914,2.068196124525025e-06,1.1990705864073647e-07,8.913575140257481e-08,0.0010902977012017595,0.00026368050006072007,0.0005600599995454216,4.0772763038466825e-05,0.10595512206830628,2.2895091140783454e-08,3.6898515598823197e-06,0.008078850512839518,3.032178089690405e-05,5.22313044395416e-07,9.47691025197458e-05
33,0.01698319775753117,0.0010646247155459917,3.241287861090394e-05,0.00046103771376441104,0.0008645983079548287,0.005233444377043558,3.831559651548619e-05,0.0077350965633102495,0.3452861613801722,0.0018636163170258782,0.0002463782532635902,2.2269419157046487e-06,4.783359544522889e-07,6.245014806486126e-08,0.0003298431428737272,0.0010299358509942471,0.002091498565913729,9.847341195498484e-05,0.590157023413045,1.6250751522959387e-08,3.1596669302878054e-06,0.026414441701760463,1.5153295954333864e-05,2.8920844340055115e-06,4.591102663143232e-05
34,0.005789414819198496,0.0006303921563653671,2.6279554509864153e-05,0.00034091385978173575,0.0011663647698954365,0.0031294629493637993,2.646943013483466e-05,0.005174106223447885,0.8999191537314891,0.0024576264395674862,0.001023940017064787,2.790217199337244e-06,8.881249782191746e-08,7.682513942979568e-08,0.0012927487780541027,0.0002481424609406626,0.0005088840463606813,3.6459513040166764e-05,0.06786037518843645,2.272471651029893e-08,4.574218066142557e-06,0.01022435014901802,3.5399658978830465e-05,4.913896259464898e-07,0.00010147206710716719
35,0.014214781049499586,0.000862888035020599,0.00015652482390731394,0.0007640088637762902,0.005682531248113984,0.009045297926051589,0.00010304861621272815,0.004126319280173033,0.7731240755783212,0.009630785899053442,0.0045348117107302435,1.0897063187163763e-05,3.288663333356651e-07,1.1078330703690128e-06,0.004119268316760156,0.0008897112301963634,0.001788385109447063,0.00016247508572581095,0.15896797782636699,1.77449122361531e-07,4.334621742720523e-05,0.011160808028337982,0.0002912245092716372,3.3799751619296613e-06,0.0003158394587316381
36,0.01132414556560247,0.0006674237454470102,2.7090247012909272e-05,0.0003885484268779839,0.001031130045722385,0.002024528960646343,5.0157303216080595e-05,0.010591396525822085,0.8695890292126583,0.0019813841198588777,0.0014617731582922504,6.560029254640267e-06,1.2397781169785462e-07,1.320644651980325e-07,0.0015154123142707963,0.0003168097138668001,0.0009976127881646244,4.836876774225655e-05,0.07522626021742085,2.0624464098096916e-08,3.9582431337301044e-06,0.022584253514619575,2.3143091962925687e-05,5.638097697232962e-07,0.00014017353189628667
37,0.042560739722006705,0.0006867815872986029,8.888493028957247e-05,0.0006291516311763449,0.0034331512198111096,0.003180618131896283,9.66205333388171e-05,0.005969125768076776,0.7159030002431895,0.004148096121911914,0.0022879941120239233,5.877589890582839e-06,4.005985823023367e-07,7.83295126152744e-07,0.0016772498352336741,0.0007806967613839361,0.0019834193401617804,0.00011576275667070981,0.20638614272364855,6.58391467345923e-08,1.3402797378510488e-05,0.009717528819608665,0.00010875486333842245,2.9555422969599306e-06,0.00022279523651348997
38,0.012058046651645525,0.00035247814714159116,1.551914437002242e-05,0.0001470650137843633,0.0016023347914509837,0.00014526356043661936,6.039122620468956e-06,0.0030234163257833856,0.9577203729702976,0.0016341709353864741,0.0010335934904304514,5.19524807467583e-07,3.400044881882723e-08,5.11374390446326e-08,0.00029994161229864274,1.3234947688842253e-05,0.00028564083313290374,2.902314758256992e-06,0.018947739217775268,1.1888717809699881e-08,2.8432150347437164e-07,0.0024747201884967123,7.292087614318444e-06,9.05853290932467e-08,0.0002292371866416429
39,0.0039521112489919,0.0008315692862650167,4.650785862783512e-05,0.0002506082421406211,0.0007530051507527031,0.005740720868127064,1.543712160672255e-05,0.00789876597602548,0.8271184412811999,0.0013395422296986093,0.0003859195439379224,3.206524177640385e-06,1.0736837892154357e-07,2.6033508908014855e-08,0.0011077025841355957,0.0005677706612523625,0.000648586887039247,4.154643211279495e-05,0.13409849788770759,1.5569314708601846e-08,1.2893107271548127e-05,0.015124415705735212,2.6101261064084043e-05,5.60168981362272e-07,3.594100194602881e-05
40,0.023040164159738693,0.0012202229982326677,0.00010888525819760373,0.0002980112821759486,0.0053819655589538344,0.0011666962716443204,3.669841644258439e-05,0.004651156685684329,0.8231373182072462,0.001992136935846764,0.003159294186242468,5.448056818215883e-06,1.5003237456867154e-07,5.681262464675079e-07,0.002154766907222574,0.00021708641820624176,0.0007677262679739031,2.9355735132390372e-05,0.12359616656829338,3.702755171353184e-08,6.366399339307215e-06,0.008710957428182604,3.500523271471731e-05,6.027955241496809e-07,0.0002832130440142519
41,0.005582539264752773,0.0006136064011184929,1.801995486281877e-05,0.00032003901894263505,0.001523563705867164,0.0016179539152959162,9.947740871298055e-06,0.004472880669026517,0.9084094431340627,0.0013297196121404612,0.001099638380127336,1.1383754475343075e-06,8.370409374628378e-08,6.43504963150643e-08,0.0010057425231954418,0.000194498625200533,0.00019074892658536914,3.364203476054017e-05,0.069715064210469,1.9712771208440107e-08,1.7781382208301456e-06,0.0037904664346245388,1.7678639297383978e-05,1.7480733735873573e-07,5.1547720432263237e-05
42,0.011461306820545109,0.0004904836553871027,3.0317637231453786e-05,0.00034643670731130554,0.0018312236021842318,0.0021215395184683394,3.255892242774181e-05,0.004692469670617887,0.8919780513811697,0.0029451287525630934,0.001576403241332927,2.502797373450047e-06,1.2303450386309472e-07,1.6233799592695417e-07,0.001322727826084244,0.00022624993281142254,0.0005772732516805995,4.306379743869556e-05,0.07392882561452854,3.1760988957042964e-08,4.102660707126431e-06,0.006208346259144233,4.5657707760205207e-05,5.978349118634764e-07,0.00013441527483222724
43,0.003812905444477657,0.00035098343780077954,3.1889954919995487e-05,0.00027401135264006114,0.0008946531172367105,0.0053260791128027654,1.927830403478716e-05,0.006427916149567977,0.8811016911660703,0.0036624850440047313,0.00037530493244658357,1.9554571763897163e-06,1.2764532867839517e-07,2.1440553258755347e-08,0.000696128151484931,0.00035587169380924173,0.000628179573323717,3.20758308586561e-05,0.08659547093064325,2.282823816922529e-08,7.906704646440801e-06,0.009338096407804588,2.997541290763138e-05,6.544244803400465e-07,3.631548274252248e-05
44,0.00867229791372596,0.000590567690907606,2.8842816963367415e-05,0.0003315866602955829,0.0014362346028752473,0.0023090525537713767,2.458859651052826e-05,0.005262403964916331,0.884912304363705,0.0022820673222526634,0.001115779171418623,2.290711228447441e-06,1.0838608165286206e-07,9.367392995917417e-08,0.0011460327863626685,0.0002456964642848128,0.000533905043560198,3.709440655171592e-05,0.08309239879358718,2.3623608525907826e-08,3.822342935646056e-06,0.007840773762940465,3.194998096567317e-05,4.845078166795439e-07,9.959985880381371e-05
45,0.0071025794267090886,0.0004494626117140024,2.608692802646659e-05,0.00029375311357554784,0.0008833474296173634,0.003004283334914605,4.0453950073379825e-05,0.016831627181235705,0.8552474546105732,0.002471181613220124,0.0007107535385645492,3.4120432994007145e-06,2.148431398866132e-07,6.01215488206976e-08,0.0013348369748833139,0.0005041063481622246,0.00048066675429045636,5.2557271643955436e-05,0.09999516283981578,2.1897307796334018e-08,3.387982945986487e-06,0.010503737561444564,1.7010584334419764e-05,7.115520049938128e-07,4.312948695458434e-05
46,0.00992129726816281,0.0005665957195994125,3.077153650587172e-05,0.0003675403877548081,0.0014005220497246733,0.0024974444458100357,2.7669331066209104e-05,0.005726129572761722,0.8742163334758247,0.002519054681281989,0.0010464911401964854,2.4981420622293407e-06,1.262444546527673e-07,8.60290389276284e-08,0.0009764137473072651,0.0002716366992771856,0.0007077613716316458,3.770871603414656e-05,0.09009784753714811,2.468740341077629e-08,4.111376357578514e-06,0.00944844486858174,3.158883155183421e-05,5.609293071842723e-07,0.0001013412111552459
47,0.023362863500198238,0.0005015046777060178,5.2853001686641377e-05,0.0005665764623909458,0.0012088129459982952,0.0028232857939239214,5.4921867954635605e-05,0.010946901380437348,0.7679854496071974,0.002767756801759526,0.0006826668515326851,4.268485024113339e-06,3.261519044000638e-07,8.439236940152486e-08,0.0005487072137974192,0.0007202653308487629,0.0015175435913191572,4.124905993279053e-05,0.1692233859473718,2.311991404998755e-08,4.876825813921131e-06,0.01687952723195545,2.4396927096879438e-05,1.29329345357402e-06,8.045953841276839e-05
48,0.011915182657678648,0.0006151910169064212,3.0291678731324082e-05,0.0002775176970669218,0.0011192643270529013,0.0029937433062392554,2.905642467508638e-05,0.007446015872257827,0.7864609759503904,0.002926970227805189,0.000538106841204915,1.8634674716408707e-06,1.8608040248077406e-07,5.758524363937839e-08,0.0007005896057316645,0.0003126952435010438,0.0010986551437801614,4.0299179595473274e-05,0.17191937574352403,1.966224372106407e-08,3.3960477455676074e-06,0.011459396948975712,2.5285871718656975e-05,1.0891973553310452e-06,8.477422270213005e-05
49,0.004894651550511074,0.0007087361806958773,3.164365508039638e-05,0.0003192998150943376,0.0010878707562605153,0.003307953918465123,2.1320473895966887e-05,0.00601265653088439,0.8884031005569379,0.0021466703903720115,0.0007007118273005959,3.024635935433758e-06,9.45873041791942e-08,4.214015183322311e-08,0.0009339760371184604,0.0002550195530112263,0.0005124754159252256,2.5631227923554615e-05,0.07668372993415397,1.9448799253755404e-08,4.262430502222398e-06,0.013847789684333473,2.113134146143973e-05,4.096643985724666e-07,7.777824348299178e-05
50,0.010672626067548836,0.0004963333310932575,3.1015194707968987e-05,0.00033564590826518537,0.0015201254119584606,0.0021187114721420027,3.096158201876748e-05,0.005929271083189545,0.8820182585714249,0.0027239031322441867,0.0011752486495445616,2.4264597379622264e-06,1.3112898965208e-07,1.0834502273038351e-07,0.001076689930043844,0.0002522377165690246,0.0006015419029340917,3.610560645533139e-05,0.0833577775309819,2.598352432018451e-08,3.5233588127781955e-06,0.007477942486198558,3.180166861992893e-05,5.798692338511832e-07,0.00010700760873828008
51,0.002579064376633421,0.003609108956608182,1.1979270437460096e-05,0.0007570936736313632,0.0006854834480041248,0.002726972926311585,6.605408462734412e-06,0.007297232797344682,0.8999943919528912,0.0007786962429913816,0.0014623762649008342,2.871976412720317e-06,4.031769602581978e-08,5.1614990908289754e-08,0.003078860017980113,0.00016746174447705614,0.0001876675660653792,4.40724553530244e-05,0.053773957236350464,1.4417553313528642e-08,2.870677298970687e-06,0.02270365462327655,1.7872783269779902e-05,1.0944983711900108e-07,0.00011148980122134921
52,0.005488198743070677,0.00037555145537346827,1.5942624411549315e-05,0.0003876383815027843,0.0012359084355576988,0.0037170995941483067,1.729454125565984e-05,0.008112935263538672,0.892763453410082,0.004093302663957669,0.0011979746620572002,2.4076345421025085e-06,1.5182567186481272e-07,7.597289483770313e-08,0.0014939709569736044,0.0002693342996112161,0.00025437817820182275,6.629541591692032e-05,0.07492681747873,3.759264328087122e-08,2.5370295070086253e-06,0.005501831246203876,2.3961790402485575e-05,3.782331754464892e-07,5.252257057008555e-05
53,0.008051296869830943,0.0002222569672228391,3.421977860095395e-05,0.0004493336099181307,0.0016762891276961018,0.0021371629555601477,6.992719123768031e-05,0.003956305524494334,0.9430026138303721,0.0032173806568770043,0.002563596565268534,4.144463959201028e-06,1.0305679602606344e-07,1.9558951115682965e-07,0.0014329981180683424,0.00029412041004179515,0.0005407686169679833,4.815376233093958e-05,0.02659291792586753,4.9877358729353845e-08,7.519700103310276e-06,0.005489530846876092,8.490084480629067e-05,5.152414419255011e-07,0.0001236984687918452
54,0.007258090941875825,0.0017461785100666642,1.547039134203701e-05,0.00027229336416817544,0.001125680041782847,0.0019253135203245865,2.2200016384588128e-05,0.004115548709975354,0.8820071813065117,0.0011913182044775556,0.0009486331222592889,2.2011188358169055e-06,3.953459995064342e-08,1.1998769195872241e-07,0.0018834770461762793,0.00013126529729930292,0.0003446761735610095,2.127739538911358e-05,0.082630287131746,8.55406631047963e-09,2.0075760049993848e-06,0.014094544720622776,2.095440687542278e-05,3.543020014432804e-07,0.00024087862596075383
55,0.00832181406675151,0.0004283653891489866,2.4695933781547623e-05,0.000301954911239949,0.0011619903523386527,0.002209947023841552,2.8869559361686555e-05,0.00663343458481262,0.9028620131134188,0.00202596154783502,0.0009645750635094065,3.385962180385629e-06,1.2238049024573547e-07,8.890008634979135e-08,0.0010212764187534544,0.00028370511693412035,0.00042656443021967303,3.690959106450098e-05,0.06525136979976433,2.1513733063741086e-08,3.10445433897969e-06,0.007907982811309743,2.4422159520832847e-05,4.494991834199367e-07,7.697541638100681e-05
56,0.00903482839577935,0.0005569108472742632,2.959386579642508e-05,0.000343965489951917,0.0014106670136583804,0.0024154865491311434,2.5704535200688106e-05,0.005922528395305237,0.8793923429268936,0.002423496629057136,0.0010545829960252138,2.366159377007688e-06,1.332481718333962e-07,9.063151197158026e-08,0.0010639402976753976,0.0002716363155894432,0.0005567347765949183,3.937867182746132e-05,0.08756820200437256,2.5692932385171006e-08,3.743893010460898e-06,0.007760658302895538,3.080211668701105e-05,5.32823579772559e-07,9.164742170118082e-05
57,0.006429854069955692,0.0004512309320293787,6.73949635679835e-05,0.00021939521350583825,0.001699104460899828,0.0024036693343723703,2.4836559163947164e-05,0.005863390263658396,0.8825187713606981,0.0027019048354350052,0.0007360734536260789,3.5249779828213557e-06,1.4591340272066687e-07,5.663321305586267e-08,0.0007562279608119127,0.00030443410072818097,0.0006001803655785101,1.8644693098025668e-05,0.08623902776162846,2.582604238578541e-08,5.3372779764876244e-06,0.00886769586510144,2.0725345263067406e-05,5.242947063905241e-07,6.782353755382905e-05
58,0.010006759491056972,0.0005823460892694798,3.2036160200448694e-05,0.0003089311980674581,0.001396412451211031,0.002810008576657854,2.9088877215079045e-05,0.0061575836812209845,0.8568870298554153,0.0029071113097911363,0.0008672849764901389,2.4511955506554977e-06,1.5649825435594992e-07,9.348156574772209e-08,0.0010507464425094397,0.00028684389686599543,0.0006803248580465395,4.242910327092543e-05,0.10731271959944313,2.6110721018597742e-08,4.198787718906215e-06,0.00850244861156306,3.5406332948035976e-05,8.223944294953594e-07,9.674002051649333e-05
59,0.00996145944637812,0.0005779821299976189,4.012851465357884e-05,0.0003153744921942371,0.001517404536590919,0.0026190592359077534,2.9659660170961153e-05,0.006295665627668922,0.8609453476372522,0.002841975341827533,0.0009396357040950473,2.611851306084484e-06,1.6142879082384025e-07,9.424578925588952e-08,0.0010489452359966323,0.0003007603077092032,0.000701329741951891,3.876335784273661e-05,0.10324822340158898,2.8635722801144937e-08,4.779715388048195e-06,0.008439480454580761,3.523977555476896e-05,7.802547590998157e-07,9.510926628191609e-05
60,0.00867229791372596,0.000590567690907606,2.8842816963367415e-05,0.0003315866602955829,0.0014362346028752473,0.0023090525537713767,2.458859651052826e-05,0.005262403964916331,0.884912304363705,0.0022820673222526634,0.001115779171418623,2.290711228447441e-06,1.0838608165286206e-07,9.367392995917417e-08,0.0011460327863626685,0.0002456964642848128,0.000533905043560198,3.709440655171592e-05,0.08309239879358718,2.3623608525907826e-08,3.822342935646056e-06,0.007840773762940465,3.194998096567317e-05,4.845078166795439e-07,9.959985880381371e-05
61,0.009625211958670426,0.0005782827403667655,3.791373392412742e-05,0.0002944085103084602,0.0015388849773394786,0.0024759427829071355,2.773123113287504e-05,0.005546392188601142,0.8678537085864543,0.002615819725810808,0.0009598273066863535,2.4728478326650608e-06,1.3752408936187642e-07,9.563743935830144e-08,0.0010607041084558036,0.000273379674322903,0.000649375914111009,3.56721352745027e-05,0.09830363154325471,2.5828557978530723e-08,4.583053817476559e-06,0.007980823728031411,3.477594190693992e-05,6.863299886180562e-07,9.951199071534127e-05
62,0.00867229791372596,0.000590567690907606,2.8842816963367415e-05,0.0003315866602955829,0.0014362346028752473,0.0023090525537713767,2.458859651052826e-05,0.005262403964916331,0.884912304363705,0.0022820673222526634,0.001115779171418623,2.290711228447441e-06,1.0838608165286206e-07,9.367392995917417e-08,0.0011460327863626685,0.0002456964642848128,0.000533905043560198,3.709440655171592e-05,0.08309239879358718,2.3623608525907826e-08,3.822342935646056e-06,0.007840773762940465,3.194998096567317e-05,4.845078166795439e-07,9.959985880381371e-05
63,0.007359382143038071,0.0007735801407985694,2.4062941802877653e-05,0.00031770005763222817,0.0013077859168246916,0.0023559819391818664,1.9476631372643608e-05,0.004843202700042177,0.8837805037953814,0.0018391386529482954,0.0010133231418913854,1.9569868872958267e-06,9.050941438279108e-08,8.000008366151952e-08,0.00121076266434752,0.00021673177130371212,0.0004702955008936377,3.7112523282890624e-05,0.08591728320812089,2.0048841598824095e-08,3.4735391232894333e-06,0.008376586798625399,2.9665326106775554e-05,4.124990014005005e-07,0.00010139056305299217
64,0.0078936230114288,0.0006601978039790365,4.365737051557376e-05,0.0003407139386765674,0.0015612993978784974,0.002892004631436046,2.4538796536510105e-05,0.004915125729546449,0.8800447076504289,0.0023015308779034778,0.0010942274155456894,2.9453685919766327e-06,1.1329819112034842e-07,9.454807431031392e-08,0.0012708433976636952,0.0003082436339152112,0.0006663263900580443,3.803225264688852e-05,0.08674042588066806,2.771770744195933e-08,7.624234722769124e-06,0.009051938909093143,4.307225660342779e-05,5.701075110040908e-07,9.811538067746144e-05
65,0.009236910898986046,0.0005163527633362545,2.8423230088269776e-05,0.0003305135884980263,0.001457589854633904,0.002095029488777954,2.527160383184109e-05,0.005704363988341977,0.8865256333209924,0.0024159461747886336,0.0011547953378369747,2.267639302278313e-06,1.1689438902222368e-07,9.311108426549588e-08,0.0010729818176941682,0.0002444726512343661,0.0005223158952949197,3.506175761049607e-05,0.08119551290658661,2.3813261011432625e-08,3.300933507917784e-06,0.0073104687725229715,2.843448300662485e-05,4.6281416560922984e-07,9.365626022746559e-05
66,0.014909523763143683,0.0002190256207529396,5.753497495016221e-05,0.00029743065227731365,0.0028355568995697827,0.0018004201545958204,4.2125506020733684e-05,0.0048326091900389705,0.8685053308592384,0.003583171969144781,0.000910227304684689,1.6461384020282502e-06,2.5714600461312025e-07,8.313469952109339e-08,0.000385846734174205,0.0003207479156561528,0.0007028508331863538,2.3728811496914293e-05,0.09654112732868259,3.707704786519288e-08,2.9919956381654424e-06,0.003940266117511687,2.3512618240724048e-05,6.542424453031094e-07,6.329301239644626e-05
67,0.00599965888629603,0.0012528245630258252,2.8395629967541045e-05,0.00039337687614331683,0.0011014018469713116,0.005580052561359018,2.5758110446144306e-05,0.0034676450014488364,0.8582976098848669,0.0020089020342488034,0.0010573533224541543,2.945064800286924e-06,7.600638378498646e-08,1.0693867408916054e-07,0.0019020044897001764,0.00029093131005244533,0.0008073603911020463,6.76425178125241e-05,0.10267219374610526,2.6024552229792057e-08,1.02221637608889e-05,0.014781001332245587,8.113172338729992e-05,7.723418305261649e-07,0.0001706072323651273
68,0.0038132618228292085,0.0006254944559138608,3.0471479130579267e-05,0.0003278682412809597,0.0010555537142310323,0.006585797316469842,3.2812526027674703e-05,0.009686503602157283,0.9035481216095321,0.0030459230216564534,0.0011561315948898335,6.855239578728448e-06,1.094913132962895e-07,7.452993687900352e-08,0.002739704350320535,0.0003124925637131369,0.0004946667690556395,6.945759281715447e-05,0.052030925040039554,3.9721649864853224e-08,1.2319553990002212e-05,0.014296372703144957,4.614078786862565e-05,6.121920413526164e-07,8.229008041148535e-05
69,0.008286601749786324,0.0005845025412134799,2.8017667218163172e-05,0.00033006314328065027,0.0014183652744051227,0.002278019839745926,2.37835451142578e-05,0.005142996643909731,0.8903708698902346,0.0022518853788177197,0.001153388276173611,2.263172048791044e-06,1.0321063394726863e-07,9.148933691299905e-08,0.00117271964418677,0.00023443930628226864,0.0005191296749277453,3.709361233662287e-05,0.07829829010770488,2.3831080098097032e-08,3.852681029146977e-06,0.007730615024223273,3.2473167711539066e-05,4.5399743303394116e-07,9.995713116539519e-05
70,0.0041625326951220875,0.00036852080735364054,2.8485518072408333e-05,0.00040030266347498947,0.001232585337686817,0.0025451686924343434,1.994177211551947e-05,0.004352722332736072,0.9355232823949301,0.001958739815011986,0.0010947414133642887,2.287559773644608e-06,7.967739259448871e-08,5.2832116886754435e-08,0.0008604358063972914,0.00026731101171593714,0.00025208195592527007,2.4145771741551595e-05,0.04131220608019703,2.512057354096868e-08,3.5187417039816096e-06,0.005507180016217683,2.5051802270770323e-05,2.1608365568088842e-07,5.838409801622903e-05
71,0.00942758490698102,0.000439084335405094,2.762348953844673e-05,0.0003070840408828375,0.001459633097657343,0.0021204264024349347,3.14212532757889e-05,0.005346148732416904,0.89495181320773,0.002554412204187657,0.0010116359189612503,2.1515520245279183e-06,1.1668178277950722e-07,8.960940236685899e-08,0.0009228473570478312,0.00023215475748408263,0.0005532886229502636,3.193442149217155e-05,0.07343843176899414,2.3504607810003606e-08,3.2362786840427146e-06,0.007011206498945103,2.9674564757941297e-05,5.297696458735628e-07,9.744702270973872e-05
72,0.010732234862676868,0.0002197969900673013,4.412538508598706e-05,0.00041838948375443443,0.00147821973713817,0.004553131609027999,8.749354323639787e-05,0.01168874798402439,0.8458086189094314,0.0026059771648109247,0.0005672867009956122,3.560405920395891e-06,3.561773755080136e-07,7.064756903985569e-08,0.0005392959029864567,0.0011351221916432843,0.0007318482908445804,6.363728212745435e-05,0.11171171473104564,3.2556864617240963e-08,5.50067327075835e-06,0.007550594294179955,2.3275154678934063e-05,1.109789005014698e-06,2.9859532238921904e-05
