,0,1,2,3,4,5,6,7,8,9,10,11,12,13,14,15,16,17,18,19,20,21,22,23,24
0,0.004798955769003144,0.004285740453147826,4.6070292442768546e-05,0.0006866916414688717,0.0012338099931187734,0.004291062060459988,4.76185871425717e-06,0.005204396557405236,0.7784419196800413,0.0011141857320158194,0.0023702105888475152,4.276913107804347e-06,8.209898778151613e-08,1.388811507960533e-07,0.0050604260824416705,0.0004376525023491478,0.0004185400469432461,0.00011797708317368884,0.17473582410784577,3.183388373371383e-08,1.4320081098234724e-05,0.016564200796415608,6.0552693854073615e-05,2.868457098671079e-07,0.00010788540637324375
1,0.003444969052971263,0.002889014374285058,4.593418859778092e-05,0.0004362043145550505,0.001209961872420295,0.003314773388165563,3.0555039474956776e-06,0.003829169713305435,0.8028895186466063,0.0009271291586401176,0.0014544306663526962,2.524184875821973e-06,6.328726283196329e-08,6.953999784697333e-08,0.0029008094420126455,0.00036605834069277445,0.0002695432327842027,5.827204418133987e-05,0.16552718082688064,2.10065572752098e-08,9.278725871266107e-06,0.010321135215817918,3.544362613505578e-05,1.746366933022614e-07,6.52650103900651e-05
2,0.0037503650513864076,0.0045605861222171,4.7287163164125375e-05,0.00041824281034534024,0.0015168122675318471,0.0022597202835012266,2.747634469574569e-06,0.004909603472487202,0.8517084398978717,0.0010817638001413704,0.0038901049677971407,3.900507439180451e-06,5.545771396154353e-08,1.7240813747865447e-07,0.008909091386931805,0.00018597061929645037,0.000255319329037594,7.933240350746753e-05,0.10603809970897625,3.780178056599403e-08,1.2356298921831893e-05,0.010167565037878648,5.848217209294527e-05,1.595788133045674e-07,0.00014378381855919937
3,0.004913364843600146,0.005014891238215297,4.9131512119016344e-05,0.0006631046243781958,0.00133023257618076,0.0044192840550085636,4.916896297034923e-06,0.005023350941746123,0.7620683242553058,0.0011065134369159066,0.0025623013092233716,4.706034216645307e-06,7.824407636786651e-08,1.6150694696992184e-07,0.005791458822726799,0.000423741519859884,0.00044225448371597813,0.00012107271300540543,0.18738112323469408,3.174838960830056e-08,1.5508367864042167e-05,0.018476336334248392,6.277165892763525e-05,3.036338605561262e-07,0.00012503600847753543
4,0.005668824157234445,0.005095480435594356,5.2734246200464814e-05,0.0006955011182370478,0.001427933359423918,0.004623973939183397,5.368739896175779e-06,0.005395764050523147,0.7290031913562254,0.0011820350337824568,0.002576896535325594,4.825269268127712e-06,1.0096977731910677e-07,1.8886042757903387e-07,0.005697248604955337,0.0004816870140051116,0.0004814920625795106,0.0001383466586972986,0.21944687380590655,3.597903498270872e-08,1.5573502660361256e-05,0.017815793943404424,6.460697561068162e-05,3.681510336142253e-07,0.00012515523101271216
5,0.004964690144163371,0.005873629764693836,4.0103528902175215e-05,0.0008997314950998512,0.0012340101241827797,0.005354022978480773,4.795131596454998e-06,0.005474855909504421,0.747986877893443,0.0010697026512437567,0.0027963388662998402,4.621296803801849e-06,8.937780798895624e-08,1.6780188469692085e-07,0.006262784372615998,0.0004884468591286776,0.0004437749455115842,0.00018842724452916467,0.19642436516324738,3.7813307327295137e-08,1.583209453851958e-05,0.020281009053496023,7.132546461049313e-05,3.1436024354956863e-07,0.0001200456646647138
6,0.004913364843600146,0.005014891238215297,4.9131512119016344e-05,0.0006631046243781958,0.00133023257618076,0.0044192840550085636,4.916896297034923e-06,0.005023350941746123,0.7620683242553058,0.0011065134369159066,0.0025623013092233716,4.706034216645307e-06,7.824407636786651e-08,1.6150694696992184e-07,0.005791458822726799,0.000423741519859884,0.00044225448371597813,0.00012107271300540543,0.18738112323469408,3.174838960830056e-08,1.5508367864042167e-05,0.018476336334248392,6.277165892763525e-05,3.036338605561262e-07,0.00012503600847753543
7,0.00504577306583684,0.004927280920872298,5.000033163840895e-05,0.0006642093694943847,0.0013489754306268821,0.004311696927387163,4.985517729882037e-06,0.005131132525022906,0.7605464946455691,0.0011313806169692348,0.0025662717981095448,4.674797551869406e-06,8.109274462719904e-08,1.6139264413084806e-07,0.005654661938311057,0.00042246497488040486,0.0004462259892335283,0.00011843440866538061,0.1891213924263966,3.210946342887955e-08,1.500378143824241e-05,0.01830229907777786,6.104005135093365e-05,3.0630137622082826e-07,0.00012502050890909983
8,0.009235363182255282,0.00416094398754809,0.00014611943568320558,0.0005961418147568766,0.0017951920913805248,0.002860913828535726,8.138645504556964e-06,0.006044442032121598,0.7794306148681172,0.002785170841697238,0.003075173063700656,8.012350543942934e-06,1.4161431357855732e-07,3.7970863560562573e-07,0.00639096592552094,0.0003419056144411155,0.0007903612441108957,5.890158269994144e-05,0.1661606601007639,5.4940345323175715e-08,2.5046427993614e-05,0.01565632556362399,0.00012339403717446167,8.997249616524113e-07,0.0003047373735701727
9,0.007061951728425038,0.005402903431570088,7.76559114745337e-05,0.0006004349714012511,0.0014215261972826965,0.002748035650641994,5.045316889781206e-06,0.005473099887331376,0.8088804684792817,0.0021436337655564366,0.0036282611311908575,5.9718669093771335e-06,8.49160261773111e-08,3.14794670558126e-07,0.009174979453555434,0.0002306765300207591,0.0005451416493041047,7.252122851000055e-05,0.1369574429504293,4.334884072842144e-08,2.0030250937825216e-05,0.015117636225174315,0.00012694116496125894,5.410585569806068e-07,0.00030465809105750585
10,0.004913364843600146,0.005014891238215297,4.9131512119016344e-05,0.0006631046243781958,0.00133023257618076,0.0044192840550085636,4.916896297034923e-06,0.005023350941746123,0.7620683242553058,0.0011065134369159066,0.0025623013092233716,4.706034216645307e-06,7.824407636786651e-08,1.6150694696992184e-07,0.005791458822726799,0.000423741519859884,0.00044225448371597813,0.00012107271300540543,0.18738112323469408,3.174838960830056e-08,1.5508367864042167e-05,0.018476336334248392,6.277165892763525e-05,3.036338605561262e-07,0.00012503600847753543
11,0.0052407928494077076,0.004547416565558709,4.991543494013807e-05,0.0006447736886724647,0.0012808367392128487,0.004371010977330776,5.301092947870469e-06,0.005754153217642752,0.7513570830910041,0.0011955844518305174,0.002358426901134743,4.772396945628743e-06,9.862854392223217e-08,1.5563347036028137e-07,0.005249890896766519,0.0004568046466181413,0.0004731458001094687,0.00012438897729055346,0.19868386682673744,3.347318282538455e-08,1.430296960467086e-05,0.018012555070905416,5.908088589141684e-05,3.4838213629230124e-07,0.0001152604021145213
12,0.004099685862783351,0.006222879362048028,4.08169844916225e-05,0.0006269437047010491,0.015926999550076874,0.012788151745336032,1.4493891614970034e-05,0.0003267163305153166,0.8265575620968959,0.0006070195395571823,0.004559403901608991,6.099134425350372e-06,4.217736992157896e-08,3.6385174388337416e-06,0.008157167972129448,0.0004131534936105894,0.0005797422933703629,0.0007468523448257314,0.11094287037318547,1.519805238745707e-07,9.675823982040229e-05,0.005088544675542443,0.0012847685273231011,8.242836382535636e-07,0.0009087130171667168
13,0.0049475554739000305,0.005003760301319025,4.960451464192346e-05,0.0006674766909443885,0.0013373096203302555,0.0043770603059798754,4.932943502246533e-06,0.005071399272581861,0.7634416312357277,0.0011138409457080443,0.002623892109854139,4.780965580359431e-06,7.882394340428999e-08,1.64869949033848e-07,0.00588684042132181,0.0004244282905867481,0.00044279101181830826,0.0001218422178136464,0.18584989899918858,3.2258766248932206e-08,1.563363474382706e-05,0.018425398911845248,6.334418091552012e-05,3.030666447937649e-07,0.00012599893239292233
14,0.001812808012547956,0.022281156531950817,3.7085892700598794e-05,0.0010313983408281118,0.002821201364842792,0.0077834807291737515,1.1614253397986857e-06,0.0017741184246978607,0.5003927043808832,0.00041095631612083104,0.003685478377556416,1.5107254193940336e-06,6.53409364457615e-08,1.0945961666552284e-07,0.006513293215431833,0.00047207576165191403,0.0001559712389695121,0.00031181668252435965,0.43546136938651187,4.2124960480804464e-08,1.0837127816861256e-05,0.014942577472235184,3.756105104774156e-05,8.437282710926825e-08,6.11362434085773e-05
15,0.004913364843600146,0.005014891238215297,4.9131512119016344e-05,0.0006631046243781958,0.00133023257618076,0.0044192840550085636,4.916896297034923e-06,0.005023350941746123,0.7620683242553058,0.0011065134369159066,0.0025623013092233716,4.706034216645307e-06,7.824407636786651e-08,1.6150694696992184e-07,0.005791458822726799,0.000423741519859884,0.00044225448371597813,0.00012107271300540543,0.18738112323469408,3.174838960830056e-08,1.5508367864042167e-05,0.018476336334248392,6.277165892763525e-05,3.036338605561262e-07,0.00012503600847753543
16,0.008209961006859738,0.0050697145749150005,0.00011944430536762235,0.0015660855998719633,0.0020157401760462716,0.008223905068039874,1.1169392104950315e-05,0.008992816699971661,0.6388250876559035,0.0015921952230247467,0.0070101803313576665,1.6749171714064078e-05,2.1688038780734884e-07,6.037762356892597e-07,0.01306965191510058,0.0017742521655494002,0.0008135748941146331,0.0005159860866388305,0.27512012449074574,1.034720133003848e-07,6.555649053191239e-05,0.026734574396223513,0.00013631168658680145,6.307835088510501e-07,0.00011536375718574256
17,0.011198486390245012,0.0040019397358443875,8.198549256719944e-05,0.000952395424736117,0.0019374879402592892,0.0025222403725407424,1.1753349157867499e-05,0.0068412384293388105,0.8142416380059847,0.0011774293884545476,0.0045752158384549805,1.069660542438183e-05,1.1729804403697e-07,4.119822358352308e-07,0.005451593948738734,0.00046112224059433824,0.0007514945877420913,9.598403668117253e-05,0.12227124333577424,4.38243507890566e-08,1.883561030357839e-05,0.02309392926078366,7.117704898489603e-05,3.893643736454809e-07,0.00023115048838502834
18,0.008862748248811567,0.006723190583610537,3.36806345335562e-05,0.00044000063122769995,0.0014378207172653157,0.0025706210605587806,6.721482054532719e-06,0.0028508165224114613,0.7345722852086306,0.0009642307630576419,0.002565910450984543,3.1280267897967734e-06,4.5990340895620444e-08,2.1063505228856243e-07,0.004459045532527704,0.00016212320240243457,0.001174033028087304,9.068907387711058e-05,0.2029810751253049,2.0860457907799418e-08,1.0651412172607012e-05,0.02961038547548819,7.065301133204534e-05,3.891000732992776e-07,0.0004095232229475808
19,0.00428205294339662,0.00254017494712906,5.795269265142539e-05,0.0006172264486619952,0.001143960940452664,0.0046836365581988,7.472401504045436e-06,0.007153135112727857,0.81113923503599,0.0020004114999824353,0.0015675522471730267,5.9977646297400755e-06,1.1321493943916316e-07,8.315911898671987e-08,0.0028904559763086907,0.0004192300579785785,0.00047126965277048357,5.7816572379016407e-05,0.1395053129774352,3.166134284646475e-08,1.0480654512655314e-05,0.02130961966398575,3.648531966263856e-05,3.627902371881361e-07,9.992970683086802e-05
20,0.002420231599448842,0.011479635027626889,4.160988513673185e-05,0.0007729495318618269,0.0007700219899178918,0.006309500245399855,3.3451430534121685e-06,0.009315412178260886,0.7529736601443405,0.0008972996160882151,0.0031918338427302903,1.037003356593473e-05,6.170104957877598e-08,1.4387321617988025e-07,0.016800169643424734,0.0004546750654218862,0.00035917301979672937,0.00019107365132668325,0.15129593899482502,3.231813217265964e-08,2.771183969106808e-05,0.04249070884812355,6.518215506917485e-05,2.474989906730569e-07,0.00012901215350124773
21,0.007403505128274743,0.005135150038166146,7.137827101601324e-05,0.0014901714931820674,0.0018481448261756,0.004340709070543764,5.709310096429342e-06,0.006323176062004755,0.7679998560281053,0.0011346965308767607,0.0071080597107681,1.0125314918175188e-05,1.2054086056797243e-07,4.786377693470787e-07,0.010156164101013653,0.0008303037759919596,0.00040611046544779023,0.00024368513742829565,0.16840311981610914,6.9415736289491e-08,2.5646063466523223e-05,0.016828693355684914,9.575361492493247e-05,2.567250752541591e-07,0.00013891656636373496
22,0.006263878813085606,0.003688440961518256,7.725432707909351e-05,0.001250094719028731,0.001723391105743918,0.004320050668939573,6.535153939030151e-06,0.006288155134575029,0.75997326935396,0.0018820504624624482,0.0064013480414915015,6.8659270381441665e-06,1.3101820214499842e-07,2.3904296425726424e-07,0.006815606036759909,0.0006767231391033951,0.0008580458526846105,0.00024151127209838609,0.17701103009175131,8.018937468680638e-08,2.7012690030815972e-05,0.022259220068768723,9.651973439473742e-05,3.1353923465530785e-07,0.00013223265577122156
23,0.004913364843600146,0.005014891238215297,4.9131512119016344e-05,0.0006631046243781958,0.00133023257618076,0.0044192840550085636,4.916896297034923e-06,0.005023350941746123,0.7620683242553058,0.0011065134369159066,0.0025623013092233716,4.706034216645307e-06,7.824407636786651e-08,1.6150694696992184e-07,0.005791458822726799,0.000423741519859884,0.00044225448371597813,0.00012107271300540543,0.18738112323469408,3.174838960830056e-08,1.5508367864042167e-05,0.018476336334248392,6.277165892763525e-05,3.036338605561262e-07,0.00012503600847753543
24,0.005776271177796065,0.006697091281735884,5.014250424142639e-05,0.0011356725467828064,0.001810399878196935,0.0045355528427195296,4.58687627368956e-06,0.0048431331321641645,0.7564179305522053,0.001126656386312746,0.003869770187108219,5.592872923190561e-06,9.591496885319692e-08,2.2751407649876478e-07,0.00578134412509555,0.0004533261537527614,0.00041120385338770893,0.00015166786206132347,0.18594339477993183,4.4308476922402344e-08,1.3535066909947934e-05,0.02076240521363538,6.0368664806774323e-05,2.472565401112923e-07,0.00014933904789636018
25,0.011684054239880361,0.0026483346432762986,8.756352158197237e-05,0.0012801122369614768,0.0019421046395895003,0.002101841837936518,1.144328564281041e-05,0.013589156512145819,0.8240172470268262,0.0020996385065832797,0.010358852916528908,1.270799120194119e-05,2.190785268431929e-07,4.967521579912291e-07,0.008592368911626513,0.0005431038008547337,0.0006708199658364307,0.00016762506340077226,0.10306730931228196,9.923989699880798e-08,1.6294895188051087e-05,0.016858818179844096,7.400880940236044e-05,3.342437466422402e-07,0.00017544438908147388
26,0.004492145962268498,0.0024414716594767,2.3450389680385325e-05,0.0003101681710162689,0.0008721305126214556,0.003268506874451561,3.459606731658986e-06,0.0028436937280443718,0.8073845082518695,0.0008841731525444849,0.0009054933249584832,1.1991492579785684e-06,5.976043975677063e-08,5.650999836923394e-08,0.0020799427807171684,0.00022337830870368885,0.0004169237919050146,8.702719514751865e-05,0.16554738101400548,1.8197344354265053e-08,7.709809557900536e-06,0.008063033738749179,6.284106578411594e-05,3.1188624644083243e-07,8.091515847968079e-05
27,0.002907148173195732,0.006469485605690365,2.374956342859309e-05,0.0005041896274083333,0.0008301028707438518,0.0035818624289111495,2.9557264195059312e-06,0.0043379841051081475,0.8168315419195806,0.0007265942044529987,0.0018070593510450294,3.3140634186975204e-06,3.6401913681000844e-08,8.399238288612978e-08,0.005530098091738922,0.00022078370469504925,0.0002650976520292569,7.071591702641484e-05,0.13431904271768294,1.533067462739639e-08,7.580403370051204e-06,0.021390080908753117,3.7376414832086165e-05,1.5373078695497965e-07,0.0001329470947109293
28,0.004913364843600146,0.005014891238215297,4.9131512119016344e-05,0.0006631046243781958,0.00133023257618076,0.0044192840550085636,4.916896297034923e-06,0.005023350941746123,0.7620683242553058,0.0011065134369159066,0.0025623013092233716,4.706034216645307e-06,7.824407636786651e-08,1.6150694696992184e-07,0.005791458822726799,0.000423741519859884,0.00044225448371597813,0.00012107271300540543,0.18738112323469408,3.174838960830056e-08,1.5508367864042167e-05,0.018476336334248392,6.277165892763525e-05,3.036338605561262e-07,0.00012503600847753543
29,0.004913364843600146,0.005014891238215297,4.9131512119016344e-05,0.0006631046243781958,0.00133023257618076,0.0044192840550085636,4.916896297034923e-06,0.005023350941746123,0.7620683242553058,0.0011065134369159066,0.0025623013092233716,4.706034216645307e-06,7.824407636786651e-08,1.6150694696992184e-07,0.005791458822726799,0.000423741519859884,0.00044225448371597813,0.00012107271300540543,0.18738112323469408,3.174838960830056e-08,1.5508367864042167e-05,0.018476336334248392,6.277165892763525e-05,3.036338605561262e-07,0.00012503600847753543
30,0.004913364843600146,0.005014891238215297,4.9131512119016344e-05,0.0006631046243781958,0.00133023257618076,0.0044192840550085636,4.916896297034923e-06,0.005023350941746123,0.7620683242553058,0.0011065134369159066,0.0025623013092233716,4.706034216645307e-06,7.824407636786651e-08,1.6150694696992184e-07,0.005791458822726799,0.000423741519859884,0.00044225448371597813,0.00012107271300540543,0.18738112323469408,3.174838960830056e-08,1.5508367864042167e-05,0.018476336334248392,6.277165892763525e-05,3.036338605561262e-07,0.00012503600847753543
31,0.00797673777539127,0.004726860484694391,8.935218463623442e-05,0.0005591281308802873,0.0011284428258360086,0.0026679051721591376,4.562843023839133e-06,0.014061141001407637,0.6709273035081952,0.0009705186331100712,0.0021741478106003724,5.687872238272358e-06,2.0563759851578865e-07,1.443466473027471e-07,0.005710004567062861,0.0006199997761726411,0.0005614986263486423,0.0001301001790013648,0.27136156663195293,3.7783453742533246e-08,1.6325975319700996e-05,0.016192400573345648,4.0621228597209206e-05,4.308143402170126e-07,7.487561798679397e-05
32,0.004905105007430796,0.005664780206473226,4.7313927783052214e-05,0.0006157879153608658,0.0013109295842547739,0.004550740806327668,4.248927774934977e-06,0.004753055212302197,0.7181087765189191,0.0010025769486928823,0.0021907818649341887,4.010419693495809e-06,8.265361751068158e-08,1.47034325772443e-07,0.0052988007442019945,0.0004325959231915361,0.0004454648574990477,0.00012802044908048678,0.23209491354347725,2.9182962741883963e-08,1.4219145389952372e-05,0.018254976958127268,5.7307477506441125e-05,3.161713465909419e-07,0.00011501851932620716
33,0.005351217551523992,0.005660645236322208,2.793381682018316e-05,0.000520527385788147,0.000475450846148003,0.0059331186996721364,4.434519237487656e-06,0.003936801613833731,0.17932711119604464,0.0004944965554645738,0.0003244612517159001,2.464702365629903e-06,1.7825343224611911e-07,6.207551755253377e-08,0.0009970973077790826,0.0009536049610691308,0.0009231213463110653,0.00018742205350146755,0.7584685666083634,1.1643801392659868e-08,6.778891167942887e-06,0.036351223179847715,1.716475592937597e-05,9.853835373407438e-07,3.5120164805757436e-05
34,0.003335677043001964,0.0055943267712828225,4.565209125902048e-05,0.0006934565162824038,0.0011055559391879425,0.00614784576096656,5.19692313032362e-06,0.00494010515379694,0.7827626639174697,0.001180653485909991,0.002351975960513168,5.717464603106282e-06,6.481569058395034e-08,1.338632382150887e-07,0.00661364831129483,0.0004374362387566064,0.00042737950441235593,0.00012201775554249885,0.15963946749417043,3.082278369743782e-08,1.9154614047874678e-05,0.02437292212507197,7.070277482257165e-05,3.1167252531527444e-07,0.00012790298023900736
35,0.007531461757155215,0.006765700308252179,0.0002542039139902866,0.0014604622600077244,0.00411845862173127,0.013942729321346919,1.626146568721655e-05,0.0035848422224586535,0.5930214771017912,0.004051900692677683,0.010135825201650994,1.9058967243926425e-05,1.9445123268750985e-07,1.519426286214498e-06,0.018488161222601412,0.0013103382821495824,0.001205448926415136,0.0004161490943585776,0.3083179591205703,1.9386843528866056e-07,0.0001473558427799453,0.02443491418748429,0.0004572255425848527,1.6111201734254855e-06,0.0003165470809352225
36,0.006424178849468497,0.005481064129526551,4.457677376459601e-05,0.0007661674064457206,0.0009429894473915393,0.0038335749595598684,9.498966173357268e-06,0.009935950787633221,0.7364566617564429,0.0009505782632921103,0.0032724480182510203,1.2849749211343574e-05,9.071308161077196e-08,2.228672624725238e-07,0.007420674856864904,0.0005470943844697575,0.0008137876198036678,0.00015950875488402643,0.17228634886600858,2.761198642394431e-08,1.56718997470498e-05,0.0504136165112157,4.481100662632584e-05,3.475439299573448e-07,0.0001672582569587672
37,0.019889695158789744,0.005108977006898845,0.00012833890989968807,0.001081845435286403,0.002713463522183922,0.00522354795388328,1.6743449904321404e-05,0.004890533756926638,0.5400351902958237,0.001714301358673732,0.0045450284546198014,1.04026100002619e-05,2.3727934779589003e-07,1.1257365863843832e-06,0.007367280345057345,0.0011201669072325505,0.0013633381888644412,0.0003141498515429284,0.38385562220537117,7.451695276129912e-08,4.549271447819367e-05,0.02014733317725649,0.0001806682563256823,1.531040899867642e-06,0.0002449118671939682
38,0.00688054280886368,0.00381494474733449,2.990724804774931e-05,0.00034611414174837943,0.0015999993555459585,0.00032448958873940186,1.40980530949115e-06,0.003293743718659223,0.9263008474604053,0.0008381041293051414,0.0027566393665074754,1.30303203222226e-06,2.4388561750804155e-08,9.60419365796593e-08,0.0018764096622774845,2.5083235751094255e-05,0.0002560514355859238,1.0263233835879572e-05,0.04373437801022574,1.7350805063676908e-08,1.3815525128202103e-06,0.007546504822315643,1.595233009030581e-05,6.005739842998519e-08,0.00034573247620489866
39,0.0020841793191342297,0.0067186440165963235,7.76100287993303e-05,0.0004974977201134034,0.0006600459845050098,0.010006445668665076,3.0035690392469787e-06,0.0071115768710027,0.6668338452635677,0.0006066789721529892,0.0008928492183488175,6.5933348399558605e-06,7.115201517377494e-08,4.4407822428503154e-08,0.005375391801964463,0.0009116125042313979,0.0004942575257271694,0.00012438703091141525,0.26319358474115195,2.0413536339877973e-08,4.9561628351467295e-05,0.03425850468388826,4.883329643164511e-05,3.2079430673169893e-07,4.4440052896950805e-05
40,0.011823861242078446,0.01010737036191242,0.00017042895039211638,0.000564290009005554,0.004568672123505434,0.0021901162737713305,6.437527680212919e-06,0.004064936382192789,0.6591773646049854,0.0008704513465412551,0.006470765332529892,1.0095537008677068e-05,9.929721003424618e-08,8.708659898316684e-07,0.010073603770630527,0.00035697785360649915,0.0005888428120725915,9.178678284926838e-05,0.26915640607327135,4.576292217627739e-08,2.4924613277371138e-05,0.019296827968812342,6.47858450570418e-05,3.502135782464058e-07,0.00031968844911911906
41,0.0032634632362634123,0.005308769475610487,2.969198978663484e-05,0.0006559364887931023,0.0014298935242947504,0.0031663626750503566,2.130241089580232e-06,0.004345458546280727,0.8046788275890253,0.0006608871035901873,0.0025964759585356723,2.4088376027150584e-06,6.110834980577583e-08,1.1530526377639137e-07,0.005198564929270443,0.000339836923326539,0.0001617294401820842,0.00011397246468633458,0.1585796965073735,2.656162892814402e-08,7.0250973205260205e-06,0.009355382249587936,3.530640631670104e-05,1.1268233153498723e-07,6.786465843911128e-05
42,0.006494962457695105,0.0042906682883467415,5.0527093846191275e-05,0.0006811042149124688,0.001713674464210647,0.004162927935446727,6.426091659278189e-06,0.004419862061088271,0.7768293034984507,0.0014190391779553323,0.003515590979141766,4.965262461053498e-06,8.814075739850531e-08,2.742828098291887e-07,0.006681321162771082,0.0003886532987618822,0.0004791970703262378,0.00014195880423340375,0.17372249151690047,4.159050647368513e-08,1.6515496488679884e-05,0.01472197539528849,8.946632828663369e-05,3.7791247411677233e-07,0.00016858747518095566
43,0.002100726148478478,0.003040656771506859,4.9853448350015356e-05,0.0005202623113012449,0.0008138005210771345,0.00970653212210023,3.951935991303603e-06,0.0060087058349169225,0.7625360092460821,0.0017415001637623646,0.0008602556733355778,3.850171709700941e-06,8.447319229885771e-08,3.612779180595748e-08,0.0035912515877262897,0.0005539768857471289,0.0005021865482592903,9.857674632876935e-05,0.18529614187251106,2.8437577826899845e-08,2.9140961347834972e-05,0.022437544945929453,5.607741475379122e-05,3.908105030949817e-07,4.845883971936726e-05
44,0.004913364843600146,0.005014891238215297,4.9131512119016344e-05,0.0006631046243781958,0.00133023257618076,0.0044192840550085636,4.916896297034923e-06,0.005023350941746123,0.7620683242553058,0.0011065134369159066,0.0025623013092233716,4.706034216645307e-06,7.824407636786651e-08,1.6150694696992184e-07,0.005791458822726799,0.000423741519859884,0.00044225448371597813,0.00012107271300540543,0.18738112323469408,3.174838960830056e-08,1.5508367864042167e-05,0.018476336334248392,6.277165892763525e-05,3.036338605561262e-07,0.00012503600847753543
45,0.003980014609483677,0.0036611478651205564,4.126575645650824e-05,0.0005509911282258484,0.0007931670925769171,0.005575234528159047,7.301414443271904e-06,0.015039900066191872,0.7058245404486047,0.00115168425410141,0.001520493671765158,6.3356688083984745e-06,1.5148997984434422e-07,9.827072804724787e-08,0.006347739839115668,0.0008322000835525047,0.0003919839168158484,0.00016903077036234317,0.23107827514999885,2.794401998469621e-08,1.3141335127912585e-05,0.022931714349347328,3.225136586516287e-05,4.313876584074191e-07,5.087759349072503e-05
46,0.00558563924979161,0.004704133493986705,5.268132530705845e-05,0.0007364312660877154,0.0012836036885372124,0.004685115455320449,5.568510369719407e-06,0.005505946327812138,0.7479041050917091,0.0012237945674500217,0.0024355827007497242,5.207300609286373e-06,9.106131017475806e-08,1.4913825858282778e-07,0.004931271553844396,0.00046671827617274095,0.0005806775791296623,0.00012166318914787228,0.19748288947559664,3.343173335714245e-08,1.65701377586822e-05,0.02208325501925803,6.170458532937323e-05,3.476466767837793e-07,0.0001268199280529288
47,0.011470972718238702,0.003760133734265003,7.514848464083868e-05,0.0009651545841294198,0.0010003424156814894,0.004748742830179039,9.88951293247027e-06,0.008976361840067958,0.595274312157929,0.0011973954843466274,0.0013892416446061723,7.451361689170469e-06,1.9981302106902396e-07,1.2847544167662496e-07,0.0024908600532048152,0.0010413335139057474,0.0010759983899969682,0.00011794327694667263,0.3315939296276598,2.6685565404031224e-08,1.653516984148491e-05,0.03465303431424999,4.229072099068853e-05,7.050981389616171e-07,9.186809233107963e-05
48,0.0057411561830932115,0.0048276116866421415,4.273049562083637e-05,0.00046834235779097524,0.0009301419239797796,0.005132315224928484,5.077024600642285e-06,0.005836814978930835,0.6027655138358978,0.001206599731612744,0.0010505404156926795,3.1517436486732313e-06,1.0972436586842074e-07,8.55818397459237e-08,0.0031403398431479696,0.00044886318902276524,0.0007641092037623836,0.00011393390942898772,0.34367447521571065,2.1800315008913157e-08,1.1661194326172179e-05,0.02369624796778574,4.3550510289990915e-05,5.873505002984918e-07,9.601890706549474e-05
49,0.0028271859197965027,0.00604348068420447,5.649203945871737e-05,0.000666466777490523,0.0010144155503095894,0.0063022646307040586,4.267375214349421e-06,0.005888425008787155,0.7641841319719603,0.001043942262851982,0.0016791627510793947,6.495240118555982e-06,7.002596051943255e-08,7.557037636659993e-08,0.004806666937926525,0.00045507183366314354,0.0004309192776990665,8.532477739054354e-05,0.17157526048947358,2.7338367792381056e-08,1.8062932503298924e-05,0.03277094598000566,4.2524218366387616e-05,2.577264743871131e-07,9.806267981684413e-05
50,0.006061343801819297,0.0042084459617187115,5.232973693239058e-05,0.0006652778393255453,0.0014060119150637713,0.004074435720231821,6.079824283638071e-06,0.005638746964920827,0.7584078979782738,0.0013180345772586838,0.002665268365192711,4.906354344512432e-06,9.51634614723102e-08,1.8511611873050216e-07,0.00541421349524578,0.00043606518944187453,0.000499907457442506,0.00011880813678720273,0.19135873379007462,3.474320536463184e-08,1.4293418899298396e-05,0.017453585940365276,6.236762528138423e-05,3.6386414880944167e-07,0.00013256702016210435
51,0.0013864911836114827,0.03156216522499001,2.0906089196868905e-05,0.0015265114429017718,0.0006294521431996276,0.005103788150666544,1.344884652380631e-06,0.006766303764686945,0.765937074189268,0.00036015561844555944,0.0033999625520709834,6.056724757576578e-06,2.679007925865689e-08,8.78476351781367e-08,0.015654348301501197,0.0002774391845874881,0.0001504264452224682,0.00013493462474039748,0.11152921766936964,1.9047607559995236e-08,1.1839529957960972e-05,0.05536209221630739,3.467791992499856e-05,6.541570617519442e-08,0.00014461303891259453
52,0.0031622280612584254,0.0031764069326448885,2.6670985644780058e-05,0.0007542359825093476,0.0011586070080786815,0.007014114094511297,3.631966669176097e-06,0.007650103007285376,0.7818407870819534,0.002010157604913184,0.002743322090315046,4.852715182309139e-06,1.0808174221013187e-07,1.3161186336059342e-07,0.00752494839752544,0.00045175632916356526,0.00021365739037647075,0.00021187198662146953,0.1688581644415681,4.9072425707195964e-08,9.949442815070408e-06,0.013068238034258968,4.720700274991639e-05,2.409868971064756e-07,6.855969102658336e-05
53,0.005201048257692954,0.002122214380666714,6.74768917165399e-05,0.001021780378831294,0.0016771020394732781,0.004539048962690407,1.3930438046326863e-05,0.004316819631653298,0.8782749526357416,0.0016974280316609481,0.006438870133994511,9.395254259013164e-06,8.655555319378015e-08,3.64801276203114e-07,0.007892877714639509,0.0005908885550292726,0.000507717552688432,0.0001777514438625706,0.0709186201927114,7.562110042989682e-08,3.5322474882153307e-05,0.014155408482883429,0.0001807525981941793,3.547059679685644e-07,0.00015971226478445476
54,0.003854535176978137,0.015590604447122786,2.3817861701004682e-05,0.0005001573191516076,0.0010220483819307646,0.0038097951861340153,3.865563282677555e-06,0.0034805823275116596,0.7290504952863188,0.0005230838345764284,0.001896252781717228,3.854787190916719e-06,2.618463116364328e-08,1.8607049189878632e-07,0.009020989285300204,0.000214092801108774,0.0002715802360338334,6.927641307859113e-05,0.19877801626773306,1.0338158921935457e-08,7.978744330540527e-06,0.03155836189683579,3.9799775135414517e-05,2.1392071633912235e-07,0.0002803751128294634
55,0.004912266421360288,0.0037810643651112197,4.527570292201425e-05,0.0006440993917044715,0.0011116243570513421,0.004377883618193092,5.820400113374331e-06,0.006653990593824512,0.796245246336789,0.001014070955268241,0.002335083756129867,7.361122242720987e-06,9.337419266226422e-08,1.603832124784451e-07,0.005361206101911137,0.0005209623128773514,0.0003719701824062214,0.00012619596643787784,0.15303895926232172,3.094365613358042e-08,1.3613378582485519e-05,0.01928381542107809,5.027781962844505e-05,2.9124545466858067e-07,9.863658753048877e-05
56,0.005075963645118468,0.004677249920872802,4.942919305752127e-05,0.0006757843781150282,0.0012989102303403546,0.004572872274510665,5.151893591413483e-06,0.005577450348573924,0.7544448380500897,0.001171067380993192,0.0024000037581247075,4.782993830023796e-06,9.46034544323965e-08,1.548954503158617e-07,0.005340083327652439,0.00045930281909025615,0.00045605561309181015,0.00012683492848619915,0.1953424904018228,3.39235595204885e-08,1.4859599664060786e-05,0.018131180485654014,5.994674825474086e-05,3.312795465980117e-07,0.00011512730705521991
57,0.0036493851512588234,0.0039006454649483354,0.00011992031470980596,0.00046877251627272125,0.0015727568535071701,0.004565569479704714,5.178891102176217e-06,0.005780400205712869,0.7656917395071502,0.001315530935327194,0.0018147380216211387,7.798730026594132e-06,1.0496954495232728e-07,1.0255272919769095e-07,0.0039700192909285165,0.0005349247394665867,0.0004970240374479769,6.128917787804384e-05,0.18418686452806893,3.6287075050736784e-08,2.2362640680179252e-05,0.021703922098130594,4.188604236320285e-05,3.25522759846356e-07,8.870204158508958e-05
58,0.005444717394639088,0.00479226916504793,5.2017238618352894e-05,0.0005925472029243336,0.0012527746831243066,0.005179511001266648,5.628872907313009e-06,0.005616041247519375,0.7152945526038089,0.0013543237418359268,0.0019231416082166558,4.807837901962916e-06,1.0735084901306624e-07,1.5512502742797991e-07,0.005136971931335013,0.0004716568324528662,0.0005391490849275558,0.00013290820139421453,0.23267753143488049,3.3469731873825994e-08,1.6242534815476158e-05,0.019327447369838248,6.691611525894874e-05,4.923909501977655e-07,0.00011805556072785562
59,0.0054598544622134,0.004772027682122299,6.578966051067536e-05,0.0006130307966737205,0.0013673814004709912,0.004848910937104126,5.831472256499707e-06,0.00581816129800142,0.7243929485391998,0.0013393321425785502,0.0021160382838613418,5.2171014023138894e-06,1.1163248218194907e-07,1.5839086485914212e-07,0.005180980299919722,0.0004984749800586867,0.000559594207096751,0.00012218969060788138,0.22322683350866443,3.714989683498688e-08,1.8604249079641515e-05,0.019403352689186807,6.717427978437966e-05,4.705040655480438e-07,0.0001174946418972547
60,0.004913364843600146,0.005014891238215297,4.9131512119016344e-05,0.0006631046243781958,0.00133023257618076,0.0044192840550085636,4.916896297034923e-06,0.005023350941746123,0.7620683242553058,0.0011065134369159066,0.0025623013092233716,4.706034216645307e-06,7.824407636786651e-08,1.6150694696992184e-07,0.005791458822726799,0.000423741519859884,0.00044225448371597813,0.00012107271300540543,0.18738112323469408,3.174838960830056e-08,1.5508367864042167e-05,0.018476336334248392,6.277165892763525e-05,3.036338605561262e-07,0.00012503600847753543
61,0.005354912445392217,0.004769514147407297,6.268503614804803e-05,0.0005760714017426832,0.0013931342934721768,0.00462283963220156,5.429075309705022e-06,0.005198218133592712,0.7328500115530007,0.0012464880472639937,0.0021650801861668972,4.956354975743119e-06,9.735857751596618e-08,1.614350985959043e-07,0.005247477162969985,0.000460824620900298,0.0005264195945985545,0.00011428272990404844,0.21686307391084167,3.3964334294883204e-08,1.8054970084682485e-05,0.018330993715289325,6.671902984332982e-05,4.1944355230715323e-07,0.00012210175733183424
62,0.004913364843600146,0.005014891238215297,4.9131512119016344e-05,0.0006631046243781958,0.00133023257618076,0.0044192840550085636,4.916896297034923e-06,0.005023350941746123,0.7620683242553058,0.0011065134369159066,0.0025623013092233716,4.706034216645307e-06,7.824407636786651e-08,1.6150694696992184e-07,0.005791458822726799,0.000423741519859884,0.00044225448371597813,0.00012107271300540543,0.18738112323469408,3.174838960830056e-08,1.5508367864042167e-05,0.018476336334248392,6.277165892763525e-05,3.036338605561262e-07,0.00012503600847753543
63,0.0040924561952248705,0.006581709883353958,3.9688482286161816e-05,0.000616978890426624,0.0012071124759984433,0.004495322961628109,3.8747962087825445e-06,0.004468408104565736,0.7557672267757318,0.0008766350741579848,0.0022614107883679067,3.877309882980431e-06,6.320890343535881e-08,1.3520145689455378e-07,0.006038323916841762,0.00036270302082213435,0.0003812706591568417,0.00011899956220663871,0.19294772543821714,2.5999449017769346e-08,1.370640485876638e-05,0.019537490168968278,5.750724185523399e-05,2.56011609456022e-07,0.000127091427820754
64,0.004479852673048866,0.005480925852289946,7.474256614450276e-05,0.0006883376871988567,0.0014308799152023238,0.005423584799215678,4.9559252708386116e-06,0.004766133866833588,0.7542009830022579,0.0011226508294267417,0.002557597697162977,6.161925723517528e-06,8.232070380693164e-08,1.642903201965956e-07,0.006404466605161728,0.0005315540907872758,0.0005495605122284812,0.00012316597307715277,0.19066401726816865,3.7691532856278193e-08,3.0556729805192655e-05,0.0212522893650034,8.390338503593774e-05,3.5404019424163433e-07,0.000123040988205337
65,0.005274407510730988,0.004360971609647016,4.8643137951012824e-05,0.0006635525052710022,0.001353768727087723,0.004011576823792691,5.121989297344388e-06,0.0055006204712270855,0.7680070163298957,0.0011865393432206879,0.0026774822688242703,4.70308261077855e-06,8.519825520760515e-08,1.6182348160791936e-07,0.005451379260984133,0.00042348697565037304,0.00043612188943461443,0.00011492684600875105,0.1830010073792291,3.227758876227214e-08,1.3414762222755886e-05,0.01729004507028781,5.6200118295960786e-05,2.922974386725348e-07,0.00011844230156587435
66,0.008408593956380746,0.001859697317720451,9.444358707855091e-05,0.0005818681670345705,0.0025642022659473442,0.0034530516466691843,8.030193606718037e-06,0.004583278924110847,0.7390770366971948,0.001714155744354991,0.0020370007042049714,3.2857346986488412e-06,1.8478593428602833e-07,1.4091537811588672e-07,0.0019532907371530464,0.0005501243204003652,0.0005817317624319262,7.88216447903533e-05,0.22317818308750195,4.87786375738947e-08,1.2079695909872985e-05,0.009136857168845389,4.594332115429511e-05,4.083590618251694e-07,7.754048379915581e-05
67,0.00322378525718645,0.010668437008656018,4.978575089149802e-05,0.0008018050357511602,0.0009883462567539167,0.010249701344958319,4.839748981052795e-06,0.003232388901140994,0.7050899709577486,0.0009038360838934595,0.00241199438274218,6.1522304613755825e-06,5.244837895053754e-08,1.8030851621512008e-07,0.009360709750328827,0.0004980243110216417,0.0006338279692390641,0.00021060405984575759,0.21691229013302366,3.4769930356115485e-08,4.2135902572029894e-05,0.03435255092930042,0.00015338518003541412,4.5206118043065027e-07,0.00020470921746202188
68,0.002339995689125184,0.005607623289746782,5.858791444008813e-05,0.0007306646684030109,0.0009666081246912609,0.01243470850442867,6.188549287254496e-06,0.009861239104853179,0.7900373964735103,0.0015016443919075415,0.0029150083167293075,1.4783630461525612e-05,8.284522909128753e-08,1.3122669459387528e-07,0.014264963285848664,0.0005785606908795363,0.00042522716836065373,0.0002280430170047605,0.12259366659194972,5.616264134521344e-08,5.3736875918449645e-05,0.03518880778093096,9.139401085598637e-05,3.751705142924114e-07,0.00010050651558783392
69,0.004744579215402698,0.004980734589755975,4.832211006337459e-05,0.0006672317577402685,0.0013222482954314072,0.004385148705852938,4.795713852649892e-06,0.004971810893694141,0.7718023896101016,0.0011028710060875838,0.002676408578611228,4.709962607037123e-06,7.551180598254546e-08,1.5935687536465815e-07,0.005967728989212074,0.00040929412827306756,0.00043453194789588005,0.00012209829890870213,0.17780203895095872,3.2426816941866105e-08,1.5791839758707726e-05,0.018346244009521215,6.428760452284353e-05,2.8714423576175624e-07,0.00012617935201394902
70,0.0025518533610877844,0.0034700633689338837,5.136624067588089e-05,0.0008439742971202437,0.0012276810345324687,0.005301122869810596,4.0900987652058295e-06,0.004365353940100796,0.8539954510992775,0.0009942347230256399,0.002604488129533913,4.861591160298902e-06,6.159874226323129e-08,9.684510325399571e-08,0.004640139415112678,0.0004945452534061075,0.00022676730613539316,8.624441937851832e-05,0.10514089597550313,3.550422898535591e-08,1.5510897031407344e-05,0.013850613780852538,5.287056820561993e-05,1.4730846006591212e-07,7.753037381569344e-05
71,0.010924311305754575,0.0004356385549985902,3.548759713545354e-05,0.000359431838715807,0.0016310492826612927,0.002349402300155738,3.872530534445672e-05,0.006083451355632764,0.8874807684737728,0.0030550111080634122,0.0011358952506970712,2.781856998948776e-06,1.6218805755958175e-07,1.1554108101665267e-07,0.0009694195860208969,0.00028650448915576795,0.0006555621782228118,3.799203538127612e-05,0.07701286124264378,3.216523346595307e-08,4.096203900178168e-06,0.0073597455451977715,3.578881558302062e-05,7.042995783295891e-07,0.00010506148001337585
72,0.00616438849025527,0.0018370259317290942,7.651772164764114e-05,0.0008400244855983991,0.0012634989221635565,0.00815823639526504,1.4804395791073173e-05,0.010919760622942228,0.6913647330286111,0.0012189886402191293,0.0013136749096146262,6.930031366111628e-06,2.520938711789152e-07,1.1517382221949404e-07,0.002653072804199658,0.0019184540668776284,0.0005887901151371378,0.00019958089125859396,0.25440449965948797,4.262243405004619e-08,2.2341128779079372e-05,0.016956157353123096,4.364150785816056e-05,6.412194207784612e-07,3.382778852717186e-05
