,0,1,2,3,4,5,6,7,8,9,10,11,12,13,14,15,16,17,18,19,20,21,22,23,24
0,0.0070549305902463545,0.00535244509010795,0.0008870874892079205,0.0016093319925091997,0.011396356944132425,0.050062988862418646,6.113794568224954e-05,0.0011447316723334564,0.13826642049706517,0.005450884774288843,0.004176913419231465,7.016485160653067e-05,6.630095414467674e-07,1.6344546394383292e-05,0.012847639394857972,0.008785077075219205,0.0026100286801601113,0.0011739719898084568,0.7283762615313968,5.878461850528745e-07,0.0010297991127801568,0.017530504881015676,0.0017268041873923347,2.6042657422667258e-05,0.00034288095899550274
1,0.005892696307379461,0.0038412692327914255,0.0009773502921818725,0.0011115894972173882,0.010791964182816919,0.03782566511012875,3.863307276539987e-05,0.0009085644810985773,0.1496092459588292,0.005000446200740043,0.0029587210376514723,4.080409519821223e-05,5.324900687691157e-07,8.098006703550039e-06,0.007857945740967277,0.0074471816179260105,0.0017225071499566917,0.0005721133383561562,0.7497770915965517,3.8477774640121e-07,0.0006625208539501099,0.011743239571328912,0.0009952734093446522,1.5635541601427638e-05,0.000200526436699475
2,0.007902640755731622,0.00783563085374286,0.001285371899804841,0.0013999647483718437,0.019156147251503775,0.03749939732130551,5.028455414096854e-05,0.001519903955076895,0.20954763738961402,0.007461688903273718,0.009351436171398641,8.839426350163926e-05,6.440265911287705e-07,2.740776453733261e-05,0.030210419216927152,0.005438122993218754,0.0022767193869066404,0.0011036498845043775,0.6383521610554221,9.562317831962415e-07,0.0012305172367911823,0.015343901554450664,0.002282911536425259,2.0674772092577754e-05,0.0006134162728831905
3,0.006784435887160394,0.0059034769182880805,0.0008907691807484334,0.0014784476367678053,0.011772838602300495,0.04949006613075619,6.0672187041311e-05,0.0010523056737816044,0.12885877052721206,0.005126405494487772,0.004236058110346601,7.39373458689614e-05,6.052367825105711e-07,1.815059474239774e-05,0.013893828168152452,0.008154818312263527,0.0026329539594509197,0.001159457421414803,0.7367422516097126,5.64063362744913e-07,0.0010668690202197068,0.018475996177197213,0.0017197077890574127,2.6459088326917556e-05,0.00038015486455692264
4,0.00696302244286076,0.005319492737898705,0.0008569464694783516,0.001375289035980137,0.011257174832226435,0.04580498945139887,5.881912295373269e-05,0.001009980178011931,0.11035417989730498,0.004897199609041953,0.0038099769665495384,6.736818522299021e-05,6.928395788183097e-07,1.8662965635510014e-05,0.012155438451179794,0.00820534258569807,0.0025506684196649515,0.0011649562786624694,0.7653656345730645,5.673479819680698e-07,0.0009516484884950054,0.015880528004282093,0.0015656560766367164,2.828705333588124e-05,0.0003374779868559438
5,0.006559098179378089,0.006643717557167173,0.0006953386468806206,0.001906204741712124,0.010314286642983955,0.05694420162042377,5.598840777774673e-05,0.001079544728313678,0.12119022882480276,0.004713399411494784,0.004423258153854344,6.913399415963958e-05,6.397374969721792e-07,1.8005475568176925e-05,0.014455126687785435,0.008881410901086115,0.0024981533482766535,0.0016869557341375819,0.735105707946562,6.260427818819687e-07,0.0010411224974457918,0.019477024878310326,0.0018648707204269683,2.5867451826126397e-05,0.0003500876693471731
6,0.006784435887160394,0.0059034769182880805,0.0008907691807484334,0.0014784476367678053,0.011772838602300495,0.04949006613075619,6.0672187041311e-05,0.0010523056737816044,0.12885877052721206,0.005126405494487772,0.004236058110346601,7.39373458689614e-05,6.052367825105711e-07,1.815059474239774e-05,0.013893828168152452,0.008154818312263527,0.0026329539594509197,0.001159457421414803,0.7367422516097126,5.64063362744913e-07,0.0010668690202197068,0.018475996177197213,0.0017197077890574127,2.6459088326917556e-05,0.00038015486455692264
7,0.006968183184150915,0.005763251545227121,0.0009040901737283025,0.0014723170155022075,0.011747026082275968,0.04762319344558274,6.0500404745920644e-05,0.0010672434190794658,0.12777951773671278,0.00521945641101824,0.004242339181643049,7.229180044717567e-05,6.201840489019937e-07,1.7837294780914937e-05,0.0134733592455268,0.00804031486023178,0.002623945554787422,0.0011164402927546922,0.7405563566940809,5.616015436967858e-07,0.001018943960085319,0.018184554083559755,0.0016480554741240524,2.6253388812190154e-05,0.00037334696554964164
8,0.013840847610139203,0.005337736803595962,0.0026970300900865584,0.0014674305653539718,0.01559577115380745,0.03376579327837992,9.822084451717911e-05,0.001338616814569692,0.14131698026435788,0.013299832619441364,0.005654058449492088,0.00012414420521654043,1.0902164215989121e-06,4.140584168247789e-05,0.016429017605043145,0.006966361195934513,0.004691275490452154,0.0006014408580156477,0.7136109685543188,9.555373167888692e-07,0.0017222613836028195,0.017102307821259457,0.003335783418391153,7.408083287724795e-05,0.0008865885457264466
9,0.012179309675079308,0.008020150024968196,0.0016512919551781792,0.0017088223539058528,0.013868765508142065,0.03741360069673092,6.964024293315729e-05,0.0013508762292712114,0.16659796190067533,0.011592205358389717,0.007538086997417621,0.0001055471569228323,7.285872845180237e-07,3.9414932090904737e-05,0.026733943869180186,0.005416590582297818,0.003676990591709203,0.0008362060587251942,0.6754441818174672,8.420100204830267e-07,0.0015892769550454407,0.019168866202545553,0.003933753924734006,5.122370877965119e-05,0.001011722660505486
10,0.006784435887160394,0.0059034769182880805,0.0008907691807484334,0.0014784476367678053,0.011772838602300495,0.04949006613075619,6.0672187041311e-05,0.0010523056737816044,0.12885877052721206,0.005126405494487772,0.004236058110346601,7.39373458689614e-05,6.052367825105711e-07,1.815059474239774e-05,0.013893828168152452,0.008154818312263527,0.0026329539594509197,0.001159457421414803,0.7367422516097126,5.64063362744913e-07,0.0010668690202197068,0.018475996177197213,0.0017197077890574127,2.6459088326917556e-05,0.00038015486455692264
11,0.007033732497898526,0.00514548013565006,0.0008781745591724868,0.0013814895743514274,0.010741954257661522,0.04614899034104129,6.145494731629188e-05,0.0011511898467287125,0.12201803701767763,0.005337367566421364,0.0038071108526651757,7.05663427965584e-05,7.213048103812513e-07,1.6477156981812062e-05,0.012094099616616812,0.008323886335933775,0.0026689104495398745,0.0011165809677868216,0.7519165212788922,5.60766562018187e-07,0.0009329097051129128,0.017267970348144084,0.0015272132785215553,2.8399473441215438e-05,0.000330201378275618
12,0.005054615838519544,0.007401057307553577,0.0006569068970161114,0.0011784268238017065,0.14812052099410178,0.15513632950163003,0.0002212357051317558,8.986307046622829e-05,0.14528852002638282,0.002590252464585627,0.005229164698605618,0.00010198708664968123,4.117594255558204e-07,0.00039567410528097116,0.01948356964124468,0.008353744585376594,0.004215661259292444,0.008118306699251301,0.43111809020607356,3.185822264238857e-06,0.007123425040331463,0.0048297667584039795,0.041861468742528794,0.00010584333834984098,0.0033219716277322346
13,0.006872616118105349,0.0059204885796264985,0.0009042312659800856,0.0014954241413525741,0.011879407791267027,0.04923648568461947,6.109704817376328e-05,0.0010674789144215415,0.12974891882771233,0.005188194490364397,0.0043583185854497615,7.533080422802113e-05,6.124886977797796e-07,1.8574436612094436e-05,0.014177866488254118,0.008204281388972667,0.0026478358482811513,0.0011706308302361851,0.7352190009042534,5.74917189074572e-07,0.0010792548554638666,0.018521643460527034,0.0017409566891619834,2.6515298026087173e-05,0.0003842601430238406
14,0.0018170054010611474,0.011740728442274632,0.0004408765318094294,0.001094144264830877,0.010540467485296811,0.032083314622402916,7.36576501907773e-06,0.0002627509643866599,0.04892421544395193,0.001158695782882145,0.003419992994831481,1.027315788364127e-05,3.1006353770572115e-07,4.880415903174511e-06,0.007692350291086489,0.004096935225954686,0.000504285710290651,0.0011040265958232828,0.8672662983155456,3.7529943881383545e-07,0.00032704243076209515,0.006930064890283302,0.0004885749628677274,3.942337219678981e-06,8.108260465609302e-05
15,0.006784435887160394,0.0059034769182880805,0.0008907691807484334,0.0014784476367678053,0.011772838602300495,0.04949006613075619,6.0672187041311e-05,0.0010523056737816044,0.12885877052721206,0.005126405494487772,0.004236058110346601,7.39373458689614e-05,6.052367825105711e-07,1.815059474239774e-05,0.013893828168152452,0.008154818312263527,0.0026329539594509197,0.001159457421414803,0.7367422516097126,5.64063362744913e-07,0.0010668690202197068,0.018475996177197213,0.0017197077890574127,2.6459088326917556e-05,0.00038015486455692264
16,0.007694491791770603,0.0040860892544917,0.001457861426348783,0.002387605447161555,0.013006407945827022,0.0653956942985586,0.00010056417346096083,0.0013490361965994748,0.07807166175592806,0.005230967830693352,0.007716483009345712,0.00018988480029757542,1.200026717263748e-06,4.8287350845688636e-05,0.021494063172853052,0.02352493567489891,0.003522185870749238,0.0034627889764034577,0.7366235004159656,1.330927133184473e-06,0.0031100111068482917,0.018523918081106518,0.0026948019849502964,4.0154022838618e-05,0.00026607445820675204
17,0.018435346301503577,0.006279383500723854,0.0018179750839570701,0.002743681087606935,0.022905393400347456,0.04068081953252181,0.00018824327266775406,0.0018390776254343776,0.1790843105729591,0.0069445458513765984,0.009206220285757372,0.00022386190724640612,1.1801822511682403e-06,6.168231621211981e-05,0.01748002294297013,0.012074349161179651,0.005897047315497035,0.0013292316935669861,0.6373872893548755,1.0591212350793795e-06,0.0017921390193578978,0.029908979429887267,0.0027249549883550887,4.6535653778762e-05,0.0009466703987309011
18,0.010689199213064134,0.007625995168845395,0.0005542867563438232,0.0009490070058416168,0.012737860998700796,0.03066232398467563,8.228690865053241e-05,0.0005737073815996329,0.11986193180708377,0.004175383649148582,0.0038248887492310104,4.993557988749535e-05,3.4621831901140194e-07,2.3808951976052275e-05,0.010612763655595393,0.00321619669458346,0.006467678041097161,0.0009186641631834575,0.7552409849891596,3.725714976869297e-07,0.0007472890434399783,0.027760940699164717,0.0019802655301508353,3.407309694875555e-05,0.0012098091418114311
19,0.007497839498454342,0.003657383983458489,0.0013065726122150128,0.0016442189144015497,0.01195763932238897,0.05950998874460079,0.00010429637259097833,0.0017962769786566755,0.16416929393702762,0.011089067344946142,0.003304744831689007,0.00010655114874826017,1.0486522397189976e-06,1.1034074777576046e-05,0.008489861465124149,0.009498866520744205,0.0033112443020627633,0.0006528397904830148,0.6844699159765675,6.585158338533757e-07,0.000846348263022909,0.025023585315201484,0.001167419608455869,3.617204799634691e-05,0.0003471317783127753
20,0.004022162229642429,0.014055988229448112,0.0008210188677706538,0.0018861114231071333,0.0065491985946705845,0.06824717107909287,3.961090629754359e-05,0.0019520898248095208,0.13554840236490345,0.004535622864109153,0.00598490682866771,0.000147881854992474,4.677710000802242e-07,1.5669767070515757e-05,0.040636935806598405,0.008741891736210513,0.0021175713902510003,0.001722081470692806,0.6551654281628322,5.375226261838166e-07,0.001806124807533831,0.043864249880152285,0.001746051326563185,2.0525461587493587e-05,0.00037229982936995095
21,0.01079773089626219,0.0065358461202232945,0.0012802476119626808,0.003429336374852551,0.014806020795403352,0.04874010797546128,6.547899760439318e-05,0.001298903082022505,0.13432499969967396,0.005365645564895609,0.012069160823491461,0.00014586432948911915,8.407789633582689e-07,4.9384182204591835e-05,0.025076023980891114,0.015228675602604647,0.0023368516312298675,0.002213311565904652,0.6934836296779099,1.0948056133171757e-06,0.0016948158417034512,0.01806750900474716,0.0025589283737057038,2.129118330478032e-05,0.00040830109987522855
22,0.009084741438858297,0.004426191068127133,0.001399095093650113,0.002741972252393639,0.013894002201997858,0.045749933941713714,7.376954146240801e-05,0.0013024648480230584,0.12882312706062649,0.00865755609032185,0.01060878797057589,9.882276897077269e-05,9.491504492069584e-07,2.4599846205658177e-05,0.016196958538156572,0.012277604604706704,0.004707517943102319,0.002078564295299211,0.7111731504587163,1.2616622871364579e-06,0.00170308022002345,0.022150412357547763,0.0024294390124409287,2.5360917227610024e-05,0.0003706367171159105
23,0.006784435887160394,0.0059034769182880805,0.0008907691807484334,0.0014784476367678053,0.011772838602300495,0.04949006613075619,6.0672187041311e-05,0.0010523056737816044,0.12885877052721206,0.005126405494487772,0.004236058110346601,7.39373458689614e-05,6.052367825105711e-07,1.815059474239774e-05,0.013893828168152452,0.008154818312263527,0.0026329539594509197,0.001159457421414803,0.7367422516097126,5.64063362744913e-07,0.0010668690202197068,0.018475996177197213,0.0017197077890574127,2.6459088326917556e-05,0.00038015486455692264
24,0.007820730161272951,0.007785318231578337,0.0008921847654966656,0.0024570417013348054,0.01552499940685655,0.050828199859147834,5.630545220227715e-05,0.0010024834053968944,0.1272659572175146,0.005143967155230222,0.0062066994994094205,8.659505402403279e-05,7.1668420248655e-07,2.5060483899614854e-05,0.01390759730853641,0.008638045254024803,0.002431876863739608,0.0014369463624434155,0.7247711993686785,7.623056590879479e-07,0.0009380807541250721,0.020644249590641296,0.001663651770518659,2.16337518843613e-05,0.00044969759218195694
25,0.023840790543790458,0.0041748461618911084,0.002349072856321706,0.0038074947505429097,0.021838316315890057,0.03035220384573186,0.0001750694064504431,0.0039754108672170226,0.19298219226086588,0.014175965650532257,0.02386438911982215,0.00024397158973829308,2.350319229131413e-06,6.576492952838807e-05,0.0268911290897423,0.013952892284360034,0.005332245048867328,0.0019487451623877064,0.6026165730360741,2.216941633544106e-06,0.001421175184444708,0.022827855864985147,0.0024862339955606413,3.7424233846442894e-05,0.0006356705405463856
26,0.006861633520414108,0.0034110632404870116,0.000474766705793888,0.0007946326572832206,0.009175075310206188,0.043571480831615154,5.0432434526643584e-05,0.0006789622281386141,0.15426114807903357,0.004626726491349301,0.0017195031505891118,2.2869987736196945e-05,5.252034618009009e-07,7.779381126440157e-06,0.005996410755595288,0.005016343370467209,0.0028382576141249625,0.0009942721653772235,0.7470463631186814,3.7542054449000154e-07,0.0006239450774382617,0.009503247909133648,0.001996589321752798,3.166393516870193e-05,0.0002959320899547972
27,0.005507136620954803,0.009504344391961092,0.0005762666611330768,0.00146116157799453,0.008781834672307464,0.04832321098890807,4.376839951391079e-05,0.0011434740065945554,0.17293169300172764,0.0044077417953152604,0.004029015841226843,6.217101382922314e-05,3.539523420916435e-07,1.1512718424234073e-05,0.016704983075555936,0.0053512785365574,0.0019486751409097882,0.0008210291157453509,0.6891833611908306,3.31860098793597e-07,0.00064665083752395,0.026825684874058224,0.0012495093632306708,1.6250024466603784e-05,0.0004685603387900263
28,0.006784435887160394,0.0059034769182880805,0.0008907691807484334,0.0014784476367678053,0.011772838602300495,0.04949006613075619,6.0672187041311e-05,0.0010523056737816044,0.12885877052721206,0.005126405494487772,0.004236058110346601,7.39373458689614e-05,6.052367825105711e-07,1.815059474239774e-05,0.013893828168152452,0.008154818312263527,0.0026329539594509197,0.001159457421414803,0.7367422516097126,5.64063362744913e-07,0.0010668690202197068,0.018475996177197213,0.0017197077890574127,2.6459088326917556e-05,0.00038015486455692264
29,0.006784435887160394,0.0059034769182880805,0.0008907691807484334,0.0014784476367678053,0.011772838602300495,0.04949006613075619,6.0672187041311e-05,0.0010523056737816044,0.12885877052721206,0.005126405494487772,0.004236058110346601,7.39373458689614e-05,6.052367825105711e-07,1.815059474239774e-05,0.013893828168152452,0.008154818312263527,0.0026329539594509197,0.001159457421414803,0.7367422516097126,5.64063362744913e-07,0.0010668690202197068,0.018475996177197213,0.0017197077890574127,2.6459088326917556e-05,0.00038015486455692264
30,0.006784435887160394,0.0059034769182880805,0.0008907691807484334,0.0014784476367678053,0.011772838602300495,0.04949006613075619,6.0672187041311e-05,0.0010523056737816044,0.12885877052721206,0.005126405494487772,0.004236058110346601,7.39373458689614e-05,6.052367825105711e-07,1.815059474239774e-05,0.013893828168152452,0.008154818312263527,0.0026329539594509197,0.001159457421414803,0.7367422516097126,5.64063362744913e-07,0.0010668690202197068,0.018475996177197213,0.0017197077890574127,2.6459088326917556e-05,0.00038015486455692264
31,0.009041797742633669,0.004231644769835149,0.0012571858008682073,0.0009931925059042945,0.006959501982073514,0.021623797861824116,3.938926450580582e-05,0.0021566437555676048,0.08799773824239686,0.0036364147768364846,0.0030309576351212884,6.209539225078745e-05,1.1163077476175237e-06,1.142610619542034e-05,0.010466130415900556,0.008596716672649782,0.0023991410230918167,0.0008642816941688999,0.8222915312143325,4.6870298009535105e-07,0.000793933030224925,0.012557039578385354,0.0008018618805623814,2.55522492588351e-05,0.00016044139468395258
32,0.005949766225469712,0.005678737984402045,0.0007495274413404226,0.0011882260208459612,0.009786811774382667,0.042824686558163294,4.450293330886263e-05,0.0008617075823902252,0.10486028993084663,0.004059197865476422,0.0031966800529857338,5.345335041706409e-05,5.456224069007168e-07,1.3940222456725906e-05,0.010942997831084985,0.007072781516544501,0.0022530203075512485,0.0010240286935262655,0.7812749896479153,4.395162956379897e-07,0.0008287582837776151,0.015692352604670296,0.0013254921331240877,2.3116191080956708e-05,0.0002939497095364779
33,0.002285711220506219,0.002234205178623986,0.00014881981638982107,0.00037859150970968587,0.0016923957930739413,0.024792279210310252,2.0943794674250164e-05,0.0002746431083945315,0.011283717217167125,0.0007754761858618493,0.00018154457555790134,1.433438485627793e-05,4.615057659779097e-07,2.7999555896738008e-06,0.0008971408193701238,0.006160638228727077,0.0018879429364100412,0.0006996713207190257,0.9342294748463389,7.870945930553568e-08,0.00016738794959969962,0.011608060344691949,0.00018868316465585298,3.0635340703223535e-05,4.436288284307115e-05
34,0.004860134493147342,0.007209266132228779,0.0008766184609502883,0.0016778040306005184,0.011489959873622895,0.07853461137212443,7.454443930121823e-05,0.0011257068570662634,0.14444966357686603,0.005800398502651192,0.00408030601675009,0.00010390331884096985,5.634360937324473e-07,1.787670319195765e-05,0.017435220756676122,0.009496054920210268,0.002890070290834367,0.0013762035763780667,0.6779297872140209,6.356968789941113e-07,0.001508732972111876,0.02631673894647882,0.0022532759256449673,3.166741969838702e-05,0.00046025506763163306
35,0.00818098234520644,0.005960981458120551,0.00025756709157498316,0.0009342969493386826,0.0036944583790672635,0.015275483497828311,1.7423748246481853e-05,0.0022280197363864496,0.24305463914854894,0.0020603205717207385,0.0017341952989050194,1.685327815968837e-05,2.970122607566781e-07,1.6391225370427045e-06,0.005393225884909183,0.002947369783938278,0.001070204067669713,0.00030655086378265575,0.6870503641470578,8.611258406328757e-08,0.00010172757566634647,0.019364919336635318,0.00020820977132044902,4.538891341567479e-06,0.00013564592719335637
36,0.00923141793086865,0.006192616825515596,0.0008650664042298353,0.0018200727152380336,0.009287646178459416,0.04612513368851813,0.00012891001936947476,0.0022658736106288004,0.13150521987828828,0.004898929645172306,0.005704493853620961,0.00022425144322385548,8.106735218480402e-07,2.8305679131120922e-05,0.01857177047749387,0.011694682651782974,0.005297020256042051,0.0017029229047040768,0.6922257846681809,5.839107533670003e-07,0.0011956225888067845,0.049052623526436315,0.001396159714422442,3.405910145574321e-05,0.0005500216541353545
37,0.013394725071743175,0.003604128774589264,0.001202596896410837,0.0013729453296973692,0.014881166252874065,0.038013197925932954,0.00012543268195095415,0.0005924514929297313,0.0547288662633191,0.004316691753421719,0.003944519832090126,0.0001027965984914182,1.0233439011532623e-06,7.511468050884045e-05,0.010527736856433536,0.012633189333659423,0.004718040760869204,0.001906824718337976,0.816376710409028,8.10997763055429e-07,0.0019111952785780702,0.011916473513299814,0.0030899818304634956,7.93731517257046e-05,0.0004840062519809099
38,0.024356067643406608,0.010154880522458188,0.0015685665259498299,0.0018461234724430988,0.036704221373797676,0.00947621316306724,4.6574538278493276e-05,0.0018001848226374371,0.3693713309506668,0.010017188824389112,0.011213036909914289,5.120652554845745e-05,5.59792935451977e-07,2.5610066307511528e-05,0.01065160674645512,0.001414321334841645,0.00407415125387795,0.0002551010830155462,0.48533661692040114,8.10204279739293e-07,0.0002606065752597733,0.01811328809657916,0.0010454378041805938,1.4001213972407836e-05,0.002202293635336762
39,0.0020919480993374633,0.005953909677477042,0.000991621563951704,0.0008474629210074064,0.005214941443926333,0.09026807546190822,3.279819337563321e-05,0.0011110651044435413,0.08669830372093265,0.0021370095328967103,0.0011052246129888913,8.733217592894174e-05,4.421732842142307e-07,4.649124555763682e-06,0.010034872449759454,0.013572841596256659,0.0023917399865485195,0.0010284537397837422,0.747221969048817,3.17248264923082e-07,0.0026824136633119933,0.025211402802499807,0.0011614570494755448,2.397104532405422e-05,0.0001257775639436744
40,0.011235090940056822,0.008626955431679765,0.00217388879307228,0.0009525307120795928,0.03149356659231102,0.020704229293086775,6.525042462846812e-05,0.0006709746756980331,0.08626610333632949,0.0031036505893351145,0.007371105734428177,0.00012549028419158625,6.167652073268791e-07,7.283333910238205e-05,0.01786997260542124,0.005540673512422865,0.0027944650104453988,0.0007334443156532094,0.7820104061594493,6.63752019512584e-07,0.0013536116370238599,0.01460527505334615,0.0014413981941685584,2.5225655570879222e-05,0.0007625771932723145
41,0.005534318349453817,0.007086505843327247,0.0006496067071855413,0.0016816652948504535,0.013574815876106804,0.03918246761154961,2.9707652127688627e-05,0.0010486516598427718,0.1546972496792889,0.003673215850832287,0.005094476171629316,4.231985464423438e-05,5.351147596202031e-07,1.4183392591151575e-05,0.014202964344099149,0.007337537854748092,0.0011264187230617987,0.001173543132986505,0.7308777504045326,5.150758750027793e-07,0.0005497195904248648,0.011104462868458856,0.0010782804999500317,1.1193332860494528e-05,0.00022789511481293207
42,0.008959307012148143,0.005353678666211876,0.0009489531142965272,0.0015820241749003958,0.016495026061933697,0.05107798338540744,8.614650792717781e-05,0.0009853585457343748,0.1381557109901659,0.006742879379848623,0.005822464082180476,8.568717657040148e-05,7.308136637089353e-07,3.288113943463794e-05,0.016776119711473414,0.00810092751759253,0.0030781601806804827,0.0014824814682725725,0.7141004077679801,8.010444995672946e-07,0.0012358338094476892,0.015673488564554167,0.0026297869250479573,3.587945523779327e-05,0.0005572825047902741
43,0.0030118078817785716,0.0034324301019678705,0.0008999227008049212,0.0011066542976100769,0.0070760142603974695,0.09529123280841184,4.6630454106428654e-05,0.001218397928671384,0.12333084335591198,0.007731262503251912,0.001475311039738957,5.696864144916059e-05,6.443789207683881e-07,4.080882426541157e-06,0.008274807531882504,0.009925492605871023,0.0028396488218119568,0.0008730503132012549,0.7091941833347306,4.842289218275216e-07,0.0017870478675098816,0.02083620820742187,0.0014125865261898532,3.156638341564614e-05,0.0001427229435956725
44,0.006784435887160394,0.0059034769182880805,0.0008907691807484334,0.0014784476367678053,0.011772838602300495,0.04949006613075619,6.0672187041311e-05,0.0010523056737816044,0.12885877052721206,0.005126405494487772,0.004236058110346601,7.39373458689614e-05,6.052367825105711e-07,1.815059474239774e-05,0.013893828168152452,0.008154818312263527,0.0026329539594509197,0.001159457421414803,0.7367422516097126,5.64063362744913e-07,0.0010668690202197068,0.018475996177197213,0.0017197077890574127,2.6459088326917556e-05,0.00038015486455692264
45,0.005092954074019658,0.0034677419461088665,0.00065873139307873,0.0010169172035431222,0.005586246293994228,0.046693501305893684,6.85754288192067e-05,0.0025577497126061718,0.10012294272243431,0.004731477883063951,0.002275450451475738,7.405808036068381e-05,9.616284607732847e-07,8.530465810209208e-06,0.012221732612527304,0.012360528746138306,0.0018978677208462862,0.0011986978798406683,0.7800530505611997,3.894270037632279e-07,0.0006875569764089379,0.018390053096175363,0.0006858466310925477,2.8658629372006916e-05,0.00011977912972564493
46,0.007394402894111368,0.0053170622282778255,0.0009166154727843387,0.0015651482458631182,0.010837628158185295,0.04972181616564425,6.49177743538882e-05,0.0011017932650590812,0.12138004276822043,0.005425688773919007,0.003895411082330311,7.737771478741756e-05,6.689658376096937e-07,1.600846196085388e-05,0.011428911078437676,0.008531636218235949,0.003249134895718807,0.0011065672198978646,0.7439584011611352,5.643134907676378e-07,0.0010808018734662843,0.020926682533648874,0.0016084802633773568,2.859403841729176e-05,0.0003656444328389447
47,0.010401318001803687,0.0028437609846299412,0.0008547102745148129,0.0013211315097625398,0.005167843129371904,0.03081232545603316,6.671027762396217e-05,0.0011341764083065782,0.06491481031750977,0.003619255382261105,0.0015870420800745393,6.300406772836206e-05,8.804351747820059e-07,8.239827871937004e-06,0.0039063962172721225,0.011244611447727036,0.0036058160478995875,0.0006430115024165314,0.8353362975437552,2.693681403461509e-07,0.0006436677646748444,0.02095393595235228,0.000677292012048602,3.3478020333010625e-05,0.0001600159707135431
48,0.005086797517307761,0.003535960863239817,0.0004949655981416708,0.0006512847244454489,0.0053395826930626045,0.03523807245264992,3.922503251008049e-05,0.0007684208151590739,0.06569076399224807,0.003599445968137814,0.0011485918176546669,3.0553821602243505e-05,5.362876114937989e-07,6.085417704337775e-06,0.004833427170191536,0.005328203703548469,0.0027829320218612182,0.0006719934248315037,0.8488356361510733,2.44845288775948e-07,0.0004939418781388819,0.014465914959508826,0.0007440913405602703,3.099413398812074e-05,0.00018233336953383196
49,0.0042340502158637995,0.00722421431710951,0.0010612571125621637,0.001531604435763977,0.009271559562680078,0.06993190208176456,5.385240950828106e-05,0.001265051721934475,0.1332671397732159,0.005052769832635992,0.0029743488093568783,0.00010130528336208162,5.621303658223514e-07,8.97198154046274e-06,0.011960973209460199,0.008913747487628305,0.0026273036267189785,0.0008413098918983695,0.7043188413443044,4.981990790006466e-07,0.001248203396243965,0.032578907068277804,0.0012039849344256531,2.298423136000494e-05,0.00030465694293951997
50,0.021265364537276635,0.0018804402732714018,0.0012197387681254735,0.0013238834885824313,0.014186296007065943,0.026073969684489367,0.00017580248028710015,0.0018798855939649774,0.11243388980162927,0.013006373255813095,0.00491930580868348,7.969941719956526e-05,1.7235169099798648e-06,3.2947131968144876e-05,0.008200503385024718,0.008414009934946032,0.004698594009982776,0.0008617594854642316,0.7652038598181765,8.272706734360676e-07,0.0005675943211171103,0.011696704808885544,0.0013736761518635357,6.385133338236099e-05,0.00043929971521665097
51,0.0022757919791454055,0.08807194423840535,0.0004072196752956177,0.005804348621145492,0.003486693946519597,0.05384073679589096,9.664794723034706e-06,0.002056316450884179,0.1680132262772466,0.0015554638336596153,0.009306022811560764,8.438296175886461e-05,1.5399131912361526e-07,6.923517130069904e-06,0.06523697969959852,0.004686206798144552,0.0006495233741489219,0.0011648135492941403,0.4960262348464512,2.576983329024481e-07,0.0007153321120633064,0.09538676007179066,0.0008110516861293025,3.3976519302577547e-06,0.0004005526174316724
52,0.005306941701288367,0.0037213251347448725,0.0005124362858973843,0.0017314925780216317,0.00890738651598372,0.06893506989726035,4.078311453392312e-05,0.0016122835511846497,0.1356707847999643,0.009930083244895313,0.005098993887368616,6.665656351407219e-05,7.947441984145125e-07,1.3480538285891458e-05,0.01796835038962333,0.00825057679630036,0.0012626342838749523,0.0017875716599130306,0.7137663794414622,7.525857369162157e-07,0.0006206507042008913,0.013394665998433806,0.0011931926514825552,1.914451803931567e-05,0.0001875684137912475
53,0.010397911022264185,0.004444223894382684,0.0018744511467543663,0.0036447972709999915,0.029326392060802526,0.09952529712474253,0.0003246616694419953,0.0015343197957392333,0.24775276534811294,0.012186886365875688,0.015006626861524049,0.0002850440842433529,1.205261466401727e-06,7.885805237465847e-05,0.031950592130045904,0.020530776163242767,0.005611720418670208,0.003373766246627293,0.47312321254451634,2.5371558310437992e-06,0.004520755176852032,0.02418865517324805,0.009266095006379182,6.173657173155062e-05,0.000986713454130871
54,0.005154968354702263,0.01701924533686361,0.00039377232814357543,0.0010915495763114363,0.00792431444787562,0.04088665867552386,4.1678415986843804e-05,0.0006578462762101088,0.11594871461361168,0.0023017767319379705,0.0030047096085706925,5.3390232485870794e-05,1.8159503226111386e-07,1.890710080261234e-05,0.020372024220913037,0.003903618348692006,0.0014784303752949943,0.0006474736279322639,0.7474302707327979,1.6710626084757402e-07,0.0005236494539214824,0.0293351636965782,0.0010538497602771504,1.6921453942941612e-05,0.0007407179293308171
55,0.007249636624900257,0.005188773009773309,0.0009269497546322925,0.0016269411649088446,0.01282640736569715,0.06139390357598591,9.155335204186919e-05,0.0016009735552779244,0.15536116404864203,0.005338531624894134,0.004190100916337077,0.0001441987366004948,8.790473367885835e-07,2.3008460447210152e-05,0.014993668439253717,0.012066105876039982,0.002768243983271523,0.0015369970752599558,0.6872209339131756,7.06430831366536e-07,0.001182492152511393,0.022081635829540164,0.0017607793227544068,3.274393552356631e-05,0.00039267180436302186
56,0.006841283421562343,0.005354178343827567,0.0008741818952660707,0.0014601656373668703,0.011090645483590143,0.049157103931831495,6.1021693506515335e-05,0.0011283252480128842,0.12385080226130048,0.0052681189969015765,0.0038877878735370857,7.219946721700489e-05,7.016204861724138e-07,1.6766786172573193e-05,0.012460129651842325,0.008499153640952403,0.002618622151663716,0.0011631370651512373,0.7456696392784544,5.784868013546057e-07,0.0009864465070000045,0.017591386630576415,0.0015824138685114411,2.7635902042740523e-05,0.0003375741564251032
57,0.005024925631809221,0.0044914313982792105,0.0021427218226217847,0.0010309061022321724,0.015266019416182282,0.05226962217067902,6.945034189858005e-05,0.0012596171703865007,0.13048207232926298,0.006192814739468134,0.002967353340705392,0.00012667022312013934,8.914762517465969e-07,1.2360362468325125e-05,0.009530019696664015,0.01056987343381943,0.003149197037013488,0.0006318653132932322,0.7306863493420785,7.038448940686847e-07,0.0015605446847529927,0.021011842456683492,0.0012034988435500756,3.064538990668388e-05,0.0002886034319785884
58,0.006304604082715531,0.00486235524951521,0.000800593147439327,0.0011391955656882386,0.009780929565774763,0.05033405401351496,6.059039183411528e-05,0.0010047411922977896,0.10434964704729238,0.005292043909482828,0.0027372591181060195,6.633077195525189e-05,7.074046947760345e-07,1.5368209086955522e-05,0.010693489476946687,0.007840646604589246,0.002764054468312813,0.001113478219198488,0.7713440169298529,5.205474539448502e-07,0.0009757795041869908,0.016562214826381576,0.001603114354269452,3.6666295541112e-05,0.00031759910386869013
59,0.006523107620140475,0.00497954974105011,0.0010303562292863723,0.0012101761186527667,0.010918454219710246,0.04856135000026356,6.436582004005612e-05,0.00107041027802764,0.10870804126443534,0.0054002451271920335,0.003087850094876306,7.355858613755466e-05,7.563273101307829e-07,1.608532372749335e-05,0.011083644586975916,0.008493202552238443,0.002944740225707766,0.0010556015817952463,0.7645282473695476,5.903276385588931e-07,0.0011385036883237332,0.01709967554926096,0.001650994275594418,3.6094334803147266e-05,0.00032439875726410645
60,0.006784435887160394,0.0059034769182880805,0.0008907691807484334,0.0014784476367678053,0.011772838602300495,0.04949006613075619,6.0672187041311e-05,0.0010523056737816044,0.12885877052721206,0.005126405494487772,0.004236058110346601,7.39373458689614e-05,6.052367825105711e-07,1.815059474239774e-05,0.013893828168152452,0.008154818312263527,0.0026329539594509197,0.001159457421414803,0.7367422516097126,5.64063362744913e-07,0.0010668690202197068,0.018475996177197213,0.0017197077890574127,2.6459088326917556e-05,0.00038015486455692264
61,0.006590424149818876,0.005062237014335149,0.0010143054889218874,0.0011634705654077835,0.01133530685694455,0.04705736788249598,6.127345944355951e-05,0.0009880098871272106,0.11232150422982466,0.005187242955856397,0.003237316453002627,7.120261152326855e-05,6.835041821937221e-07,1.659670703803383e-05,0.011413905362342493,0.008041458410106535,0.0028393930433197145,0.0010034048308081235,0.762921481813727,5.534199095696244e-07,0.001123500545227379,0.016515040260075373,0.0016607995906820954,3.296746179769023e-05,0.0003405534960817899
62,0.006784435887160394,0.0059034769182880805,0.0008907691807484334,0.0014784476367678053,0.011772838602300495,0.04949006613075619,6.0672187041311e-05,0.0010523056737816044,0.12885877052721206,0.005126405494487772,0.004236058110346601,7.39373458689614e-05,6.052367825105711e-07,1.815059474239774e-05,0.013893828168152452,0.008154818312263527,0.0026329539594509197,0.001159457421414803,0.7367422516097126,5.64063362744913e-07,0.0010668690202197068,0.018475996177197213,0.0017197077890574127,2.6459088326917556e-05,0.00038015486455692264
63,0.005705521800618682,0.007529883536115795,0.000715059995864867,0.0013675856778544416,0.010179454108029737,0.04843800687303477,4.606022687040763e-05,0.0009169204345036677,0.125282820595966,0.004042956746015624,0.0037603697338251347,5.877612914538106e-05,4.7283501853344946e-07,1.4697676389357714e-05,0.014209678108019192,0.006805172354464817,0.002196791799136568,0.0010934981976289382,0.7456196865267645,4.4369815813819345e-07,0.0009131723434413344,0.019189933732234862,0.0015231875965416742,2.142143843151552e-05,0.00036842783592622077
64,0.006002693091617342,0.006185555207439239,0.0012847500022932913,0.0014886425850414303,0.012484918966468327,0.05899401953512664,6.07637707366598e-05,0.0009836215257399707,0.12424164667123076,0.005070116718299092,0.004088890296626915,9.487340320697768e-05,6.294133123774956e-07,1.831322028991893e-05,0.014871635431849911,0.009950499367488336,0.003193089856031118,0.0011677784198033032,0.7247389654996944,6.607358828971393e-07,0.001993274387806503,0.020450987459116228,0.002232612725370801,3.0360002985747372e-05,0.0003707017065418613
65,0.0075491305324053735,0.005264230013544089,0.000907998547309212,0.0015111473309622541,0.01184461900589268,0.044888662813768715,6.2358005986256e-05,0.00116574733804674,0.13204647782623152,0.0056173519126121296,0.004577616860453576,7.30898027349268e-05,6.591458192055229e-07,1.797965688516705e-05,0.013310475088777307,0.008175572802222402,0.002599547427026306,0.0010911286766021214,0.7387914189328569,5.67651823157248e-07,0.0009252632754570154,0.01766190033412252,0.0015358061871855325,2.5244209304862468e-05,0.0003560066219699647
66,0.010204879669070063,0.0019651954647664518,0.0015336561522465318,0.0011610120483737088,0.02046310877625851,0.03493453865445751,9.099926648156795e-05,0.000915455028540494,0.11269024355636821,0.007230100963049002,0.0030792574568694366,4.978262816535103e-05,1.3353604779075236e-06,1.4746305408882702e-05,0.004413444993071942,0.009677907224846589,0.0032162555223941773,0.0007062403448885611,0.77711554670884,8.147768119458362e-07,0.0007688763720708089,0.008355463141446527,0.0011584125388178785,3.284297867790233e-05,0.0002198840676000549
67,0.0024517603056002546,0.012971345868744,0.0006407515632950765,0.0014354698296769222,0.007353524637343258,0.14575257629195884,5.623906828677627e-05,0.00043926588683046805,0.08896252515446337,0.0027916351627275534,0.00260045701235919,0.00010154237491706545,2.917036474130031e-07,2.0083227513915504e-05,0.021286364734530397,0.008705752582370864,0.0037765266852471616,0.0023811426731390715,0.6545132889290164,5.980814351988519e-07,0.0038972254404337696,0.033535798101232694,0.005548704633869625,4.360423301836539e-05,0.0007335258183424367
68,0.0032145251875709212,0.007471857756587057,0.0010876435316621814,0.001783305092025565,0.012089548366170221,0.17743773312106123,0.00010507294461088142,0.002240882831929514,0.15090631274183633,0.0072274090170732835,0.004695147194699679,0.00030303145665886707,7.849618567917637e-07,2.094940038849914e-05,0.037697904351587194,0.013737371011695938,0.0032490828688009035,0.0029631397827735097,0.5268896218611305,1.3257427576688497e-06,0.0046285116507974655,0.03837467080854119,0.003383489240078479,4.5119335396820796e-05,0.0004455597423091932
69,0.004979279144198129,0.010230423065969886,0.0011119663415785313,0.0039031317678088506,0.01854068833035853,0.07734244124262542,5.273761467717225e-05,0.0015636538936320006,0.4059456226577023,0.009780866477145836,0.03760796172096938,0.00014756253428666483,3.822830987926374e-07,2.3274827108652186e-05,0.07654549873431496,0.005467153652338676,0.0029762854246523983,0.002987619296567979,0.29713470785810103,2.1171642609081017e-06,0.003772227246648735,0.0315826784448349,0.007305102430158326,8.64158977853716e-06,0.0009879762571834076
70,0.005317723768952641,0.006169283807126007,0.0012931873471170468,0.002732223169388717,0.014623812564963942,0.08333913301460938,6.918566839570697e-05,0.0012784897975153403,0.2048523973780494,0.0065182087459560965,0.006300768540023209,0.00010515324032859076,6.409136916603552e-07,1.571710949009135e-05,0.016487861358555764,0.013190982764590692,0.0019241975647112095,0.0011892689891169048,0.6100606655927155,8.432639054879312e-07,0.0015004328904903955,0.020594044661644245,0.0020786749848669362,1.8238793913246834e-05,0.0003388640698816664
71,0.024215415947416552,0.0008802992219402377,0.0010835294363099103,0.0012922636611514108,0.02814733711514446,0.04919563660942766,0.0008117367203854448,0.0023251814849835194,0.2537394027486694,0.02416832141343197,0.0030251882636585627,8.268879936145201e-05,2.553812896413676e-06,2.4701843168985315e-05,0.00417382971988662,0.010492621397391391,0.0075551968481327135,0.0007558423882035292,0.5729118457064297,1.1421688944723287e-06,0.0005449062978286288,0.012028451520604557,0.001841623513908907,0.00011892680635294568,0.0005813565544205097
72,0.005616065792701351,0.0012589163402095475,0.001059875423530312,0.0013808740818664334,0.010500500589936918,0.08787185393684688,0.0002093010721459801,0.00205731499976179,0.08499849325255256,0.0041751342413859915,0.0012560463317898055,0.00011159868689988566,2.136526277921083e-06,1.1509608714765033e-05,0.004137514294386165,0.040585072162336394,0.003268813293552851,0.0019396102467089628,0.735010312854631,7.775071005909873e-07,0.0014608424688861991,0.011933729872427417,0.00101559079577925,6.064341338600736e-05,7.747220618516334e-05
73,0.006278090699802475,0.005715441429215069,0.0007745189626122894,0.0013424060948403634,0.010702473203377536,0.04845060186991993,5.65578100122956e-05,0.0009660817061872144,0.11033285185453763,0.004501783398221461,0.003669472562430765,6.715745217713691e-05,5.852378919709767e-07,1.7449108481890492e-05,0.012895563025722671,0.008108974525121848,0.0024381315231628534,0.001214295323220676,0.7621913623134751,5.053138377697909e-07,0.0009641165515323163,0.017421310288730237,0.0015337250836144991,2.645757023793361e-05,0.00033008709163615235
