,0,1,2,3,4,5,6,7,8,9,10,11,12,13,14,15,16,17,18,19,20,21,22,23,24
0,4.436994208973706e-06,1.3859638767712446e-05,0.00018789494636250442,5.465072228245253e-07,9.618876814666678e-08,0.0010501504259067722,1.1402879770853692e-05,0.0017273369641812259,0.00030954255640815837,0.00042258762105320993,3.3548772832393733e-07,7.963501209289658e-07,3.814922452910524e-07,1.137160849378425e-08,5.8425226893549365e-06,0.044667738727100524,1.6495884698950308e-07,9.279122483218776e-07,0.9514708614833486,6.382647646557798e-07,2.6521919748922964e-05,1.0956837290621286e-05,4.666398352678937e-08,8.690635654426896e-05,1.4929080716142643e-08
1,4.574144064391147e-06,5.121028533567623e-05,4.446860288829355e-05,2.9767274915519546e-05,5.666402182134597e-07,0.00110085949108657,3.720418055163864e-05,0.02570288600099279,5.9781978705676014e-05,0.0005416052864045071,8.750555980168862e-05,1.1200013720764579e-05,1.1198418934602227e-06,8.291290425274188e-06,5.937855738161829e-06,0.003252959695138637,7.07892761031614e-05,1.913880157196356e-05,0.9666158171781786,3.982896157635431e-06,0.00018055896651758563,0.001854077403416922,1.3907173815594099e-05,0.00030162274366738747,1.6741869009504171e-07
2,4.702892668669758e-06,1.429400053050043e-05,0.00017409004350566167,4.3200462847985196e-07,1.389204303198097e-07,0.001020728569632348,1.2888523867418315e-05,0.0017748886286269873,0.00031774292387137625,0.0004107933960056861,3.625798362995511e-07,7.10852829163291e-07,3.7630253791400334e-07,1.1946865212278369e-08,7.5181962740892045e-06,0.05077004825046499,1.6596646921341779e-07,8.446690436501305e-07,0.9453772695214954,7.414509467588684e-07,2.3176487809719898e-05,1.0180667567327286e-05,4.74963287962459e-08,7.782929607922002e-05,1.6411685113993364e-08
3,4.240776254489057e-06,1.2873261873449798e-05,0.00017761233727090712,4.954661648916028e-07,9.897559432663418e-08,0.0010430643721940653,1.0727817599904474e-05,0.0016759883446157095,0.0003120982328427812,0.0003792796763992306,3.38281580013477e-07,7.466509115845032e-07,3.8078183714390994e-07,1.065674961117485e-08,5.9387535899881485e-06,0.04578220483001502,1.643933456628522e-07,8.771145808925091e-07,0.9504716535691339,6.259548717994491e-07,2.5752371170029452e-05,1.0532835111975847e-05,4.368255578580826e-08,8.423682111471745e-05,1.4042622259947553e-08
4,4.377411919046678e-06,1.2948963138261957e-05,0.00017659749036356742,5.214146188818126e-07,1.0287323366900505e-07,0.0010468734068892324,1.0809468219950326e-05,0.001575615697573073,0.0003275192521394782,0.00036672706398637383,3.529036522456337e-07,8.366645905897318e-07,4.542505679892648e-07,1.1189860749173007e-08,5.841326993907864e-06,0.04425289808115741,1.8214954910037386e-07,9.120328031766962e-07,0.9520855298538657,6.492489417680442e-07,2.753782971249114e-05,1.1240388742730129e-05,4.739815953919919e-08,9.139866919836237e-05,1.497012271382386e-08
5,4.754453288157879e-06,1.3331019920305031e-05,0.00018162542215306179,6.246199977846535e-07,9.171999099744172e-08,0.0010887886452728606,1.061654392511639e-05,0.0016559357842540776,0.000330983218341833,0.00041905359607899455,3.510405691073135e-07,8.784555971513338e-07,4.514148023879595e-07,1.2049399104049801e-08,5.809076610001369e-06,0.04685630116655726,1.9811404707300358e-07,1.1482813012745936e-06,0.9492875880990193,7.045162964550029e-07,2.8640173806783368e-05,1.2738468268289891e-05,4.669864501919873e-08,9.931163187051885e-05,1.5789987014151727e-08
6,4.240776254489057e-06,1.2873261873449798e-05,0.00017761233727090712,4.954661648916028e-07,9.897559432663418e-08,0.0010430643721940653,1.0727817599904474e-05,0.0016759883446157095,0.0003120982328427812,0.0003792796763992306,3.38281580013477e-07,7.466509115845032e-07,3.8078183714390994e-07,1.065674961117485e-08,5.9387535899881485e-06,0.04578220483001502,1.643933456628522e-07,8.771145808925091e-07,0.9504716535691339,6.259548717994491e-07,2.5752371170029452e-05,1.0532835111975847e-05,4.368255578580826e-08,8.423682111471745e-05,1.4042622259947553e-08
7,4.175964735996104e-06,1.2916532914102693e-05,0.0001763674381319841,5.094771057359304e-07,1.0024361432399169e-07,0.0010548788961709046,1.088311983262906e-05,0.0017142786356046924,0.0003177715132378472,0.00038229019133491837,3.4944703527003436e-07,7.657240009247533e-07,3.8539989086987877e-07,1.1097042763982575e-08,6.164394195781545e-06,0.04718207253105725,1.6982978153267105e-07,8.997080416679115e-07,0.9490129677348746,6.385642362380609e-07,2.645840327320815e-05,1.1055651539236723e-05,4.41573938995899e-08,8.383096905663946e-05,1.4375897101522157e-08
8,5.974201026970919e-06,2.2856893992545312e-05,0.00030082210013718355,8.282290301819274e-07,1.1904106320065004e-07,0.0011563991935510292,1.6323627828418597e-05,0.0020478323357211643,0.00031692848423123943,0.0006390406001952204,3.323227162561429e-07,9.648774580564535e-07,4.126039708826208e-07,1.4324705769984907e-08,4.91190098145903e-06,0.04142162958627946,1.410351838200086e-07,8.076956012977046e-07,0.9539199622712776,8.668349493904145e-07,2.444478259150943e-05,7.940023111953806e-06,7.849969157829655e-08,0.00011035060178897725,1.793291479933396e-08
9,5.5366353719252015e-06,2.2458923960535703e-05,0.0003732852676575114,1.085756872072186e-06,1.0602143715459328e-07,0.0013233942426599378,1.7884617493413986e-05,0.0019634740869317016,0.000420565951285977,0.0007785472688078356,3.2276841241352395e-07,1.3310801861583104e-06,5.652182241621545e-07,1.4126278236011946e-08,6.094511156039162e-06,0.054806958366164164,1.6600240308429954e-07,1.0637380676641738e-06,0.9400966784481396,1.0788680229642824e-06,4.238620994332356e-05,1.0631658290123384e-05,7.533195890609269e-08,0.0001262723056170806,2.259465772143347e-08
10,4.240776254489057e-06,1.2873261873449798e-05,0.00017761233727090712,4.954661648916028e-07,9.897559432663418e-08,0.0010430643721940653,1.0727817599904474e-05,0.0016759883446157095,0.0003120982328427812,0.0003792796763992306,3.38281580013477e-07,7.466509115845032e-07,3.8078183714390994e-07,1.065674961117485e-08,5.9387535899881485e-06,0.04578220483001502,1.643933456628522e-07,8.771145808925091e-07,0.9504716535691339,6.259548717994491e-07,2.5752371170029452e-05,1.0532835111975847e-05,4.368255578580826e-08,8.423682111471745e-05,1.4042622259947553e-08
11,4.382882256500491e-06,1.2958975491743718e-05,0.00018091425013773568,5.147179029815499e-07,1.0508852105309028e-07,0.0010570346684692425,1.1054131146872782e-05,0.0016467937495994035,0.0003221367231857996,0.00038177296657386387,3.4949740611234655e-07,8.005805961997695e-07,4.371264728302243e-07,1.098689658489949e-08,5.940760809310838e-06,0.0460892209291381,1.7769217424442438e-07,9.086933888087903e-07,0.9501559194421569,6.683008019594873e-07,2.7026069409497344e-05,1.0830613283136228e-05,4.681849924347483e-08,8.997954824013015e-05,1.4787441429798674e-08
12,5.116776831218605e-06,1.8978144615738598e-05,0.0001138150964140061,6.018497504851643e-07,1.2800468337132667e-07,0.0016318183312678469,9.045946345721404e-06,0.0012388982970568596,0.0003169682894797552,0.0007340171572284592,2.898602491934745e-07,5.167904585273787e-07,4.773072522674895e-07,2.6319508031215575e-08,4.5100043044172785e-06,0.03681744927330046,3.9739024665331564e-07,1.7775108502945903e-06,0.9589765890539461,1.03024507149808e-06,2.9057373909886258e-05,1.53605037749198e-05,5.613460260502255e-08,8.305278053193672e-05,2.1558320003248017e-08
13,3.7844186841822245e-06,1.396802910924407e-05,0.00017401041142751545,7.059357797228746e-07,1.2119536822603729e-07,0.0010269755488060135,1.2538798381788e-05,0.002562676585678477,0.00031886732565847303,0.0003352068278213313,6.19474049610783e-07,1.0856506526275171e-06,4.420733307260808e-07,1.7992897492758093e-08,7.153106163108758e-06,0.045275491057763566,2.2478668209407915e-07,9.788275589929967e-07,0.9501264323093648,7.212906316987881e-07,3.0095884823793115e-05,1.6016426448620385e-05,6.888876480852576e-08,9.178153273608285e-05,1.562141691835608e-08
14,4.060974453155818e-06,2.1092837204173328e-05,7.278634046290549e-05,2.7901390102416026e-07,1.6664954523741067e-07,0.0008260093747757231,1.2782563034365727e-05,0.0011794163232185548,0.00015662717778845177,0.00048266998611752804,4.208093677202617e-07,3.650272839550363e-07,1.6795243813973732e-07,1.6431141711109357e-08,4.454768379430459e-06,0.024932073317511915,1.395544857469198e-07,6.847927617485379e-07,0.97222644092309,4.781857094705649e-07,1.1330111508638291e-05,7.196774217497603e-06,4.867039229803084e-08,6.027847968775807e-05,1.2961522741124474e-08
15,4.240776254489057e-06,1.2873261873449798e-05,0.00017761233727090712,4.954661648916028e-07,9.897559432663418e-08,0.0010430643721940653,1.0727817599904474e-05,0.0016759883446157095,0.0003120982328427812,0.0003792796763992306,3.38281580013477e-07,7.466509115845032e-07,3.8078183714390994e-07,1.065674961117485e-08,5.9387535899881485e-06,0.04578220483001502,1.643933456628522e-07,8.771145808925091e-07,0.9504716535691339,6.259548717994491e-07,2.5752371170029452e-05,1.0532835111975847e-05,4.368255578580826e-08,8.423682111471745e-05,1.4042622259947553e-08
16,3.970768692488468e-06,1.3852165148270222e-05,0.00017463526557175333,5.638632490402238e-07,1.0087374991692702e-07,0.0009471568984481782,1.4118178265085242e-05,0.0019124934829263265,0.0002968014892386443,0.0005568886145082879,3.4213343817178134e-07,9.717467416150221e-07,4.3389030655831555e-07,1.3515003606596309e-08,7.1463203172514294e-06,0.04559872974210186,2.0549895106854907e-07,1.119815729996802e-06,0.9503412483599637,7.660934619531586e-07,3.5577262985657545e-05,1.5458689824350192e-05,5.390678355456141e-08,7.733184823815846e-05,1.957635431061736e-08
17,3.7811698748356676e-06,1.3784086118133577e-05,0.0001568973296033636,7.73600071895854e-07,1.2778841760334732e-07,0.0010003751725153522,1.3649020170028822e-05,0.002415215155776134,0.0002964668796358728,0.0004698928067763642,5.331420231779094e-07,1.1876679326232998e-06,6.201192669381848e-07,2.0491726221897255e-08,6.503141319579312e-06,0.0480026842099288,3.25073941641036e-07,1.1794076267387146e-06,0.9474603013627391,1.023537428254417e-06,3.4726029973551235e-05,2.014008066603287e-05,8.57903686640249e-08,9.9687942496049e-05,1.8993602969930605e-08
18,4.330877343839152e-06,1.3545915653865592e-05,0.00015160246549263457,5.63815082942274e-07,9.761811866509452e-08,0.0009661839891025955,1.2519372511294092e-05,0.0016534256787930153,0.00028031112479451445,0.0005918011564309773,3.0102671906664085e-07,8.949332968021901e-07,4.793216176801064e-07,1.463679390305188e-08,5.816981084836636e-06,0.04204653902820762,2.469611837480117e-07,1.2672116224329587e-06,0.9541358002986512,8.304861271726484e-07,3.34056052001899e-05,1.6159928204240675e-05,5.595400977626981e-08,8.378610921167837e-05,1.9504745340932266e-08
19,4.754203352890349e-06,1.638343494720466e-05,0.00026482464122226337,7.732442207366947e-07,1.221443781345962e-07,0.0010566941412495372,1.874342469445461e-05,0.0020783853030620545,0.0004300534441226311,0.000517658676450582,3.7989473226901106e-07,1.3730063589021714e-06,5.895470805640035e-07,1.3053824791828502e-08,8.17907648428974e-06,0.0563850378830106,1.9636847529445979e-07,1.0696381998427403e-06,0.9390636202212833,8.17020950079949e-07,3.9511561107973834e-05,1.4722710907050801e-05,6.02884900591971e-08,9.601483046819837e-05,2.2240926364830868e-08
20,3.7411336554326194e-06,1.1906711462206966e-05,0.00019095268496667839,6.03122247693549e-07,9.862417180493808e-08,0.0009567823000093883,1.3089272594821623e-05,0.0027907452764438937,0.0003042175542947113,0.00038832830701457106,4.778480192879969e-07,9.939844039915334e-07,3.705668936451987e-07,1.3570180541926645e-08,9.573059887988179e-06,0.05283538632534111,1.9732349259119237e-07,1.0862864540519096e-06,0.9423715162825418,6.52296014879892e-07,3.111322894550085e-05,1.7412112069800927e-05,4.9558072527583024e-08,7.067555691264653e-05,1.7013908514206627e-08
21,4.929423831011544e-06,1.5427953594642073e-05,0.00022615277098373757,7.55313145853005e-07,1.2137115083255744e-07,0.001297102297067956,1.4650728963156526e-05,0.0019959534760046185,0.0004392346495106852,0.000502175361380169,3.937018648369972e-07,1.0916582671876131e-06,5.566438743109765e-07,1.5057835111754518e-08,7.005884007324075e-06,0.06795451701484465,1.829514024296731e-07,1.1723907317537468e-06,0.9273836061925741,8.71129603004326e-07,3.288197316523256e-05,1.2422620470774746e-05,5.2235487487825535e-08,0.00010870875221303354,1.8448025980107507e-08
22,4.5750112083028365e-06,1.026531200082275e-05,0.00015254526425093518,4.34697512324543e-07,8.751920577332038e-08,0.001063213781041631,7.723601518967223e-06,0.0016372753622366316,0.0002640574791921523,0.0003448501117212533,3.375382945174042e-07,5.358109196744412e-07,3.356175894912842e-07,8.998060991747348e-09,5.6616545670372e-06,0.04478531724464406,2.1742692056448156e-07,1.126608815826685e-06,0.9515982610846009,5.964468704711279e-07,2.4659621487311642e-05,1.2477438752923539e-05,3.596781506994669e-08,8.538821064919919e-05,1.2190123172308673e-08
23,4.240776254489057e-06,1.2873261873449798e-05,0.00017761233727090712,4.954661648916028e-07,9.897559432663418e-08,0.0010430643721940653,1.0727817599904474e-05,0.0016759883446157095,0.0003120982328427812,0.0003792796763992306,3.38281580013477e-07,7.466509115845032e-07,3.8078183714390994e-07,1.065674961117485e-08,5.9387535899881485e-06,0.04578220483001502,1.643933456628522e-07,8.771145808925091e-07,0.9504716535691339,6.259548717994491e-07,2.5752371170029452e-05,1.0532835111975847e-05,4.368255578580826e-08,8.423682111471745e-05,1.4042622259947553e-08
24,4.4589926685391145e-06,1.556040627156487e-05,0.0001622093864570013,6.176512676199986e-07,1.0903664418182007e-07,0.0011136299407841536,1.1146898828585328e-05,0.001747867952516762,0.00029824741510418336,0.00045734243818388405,3.909945488801116e-07,7.986672116489299e-07,4.1370027079077273e-07,1.5455624529860215e-08,5.375914741769068e-06,0.045695170572670606,1.9413319868513683e-07,9.945346973204922e-07,0.9503544594165679,7.732274401166238e-07,2.39572684118289e-05,1.1457530289602891e-05,5.609601934425571e-08,9.473706116602819e-05,1.5308414614174028e-08
25,3.5470269714551063e-06,1.3425206074972432e-05,0.00016417119835372115,8.05438918019924e-07,1.4796086141506865e-07,0.0011685452014652867,1.3671829047085722e-05,0.004032461417354453,0.0002879870185891931,0.00035861282129322,8.379478008103001e-07,9.439658817484957e-07,3.892062116847185e-07,2.363412589245571e-08,7.573672581059442e-06,0.05595634542725446,2.505594876144622e-07,1.0713127091005026e-06,0.9378577916365154,8.187436604077336e-07,2.6259678806561827e-05,1.6245971230882012e-05,7.725015910294445e-08,8.798161937818636e-05,1.42552684689255e-08
26,5.810723340589205e-06,1.1480593850076181e-05,0.00017100119463406098,3.897904083436234e-07,8.47781082211658e-08,0.0009994594086556296,6.162646719151458e-06,0.0008524400104978391,0.00029825710792363803,0.00025917390548833565,2.502141455036926e-07,5.265396330647547e-07,4.393808514842286e-07,5.796874236608252e-09,2.75504040278033e-06,0.03189011434088668,1.5003405747242066e-07,7.374642050853661e-07,0.9653302978720666,5.793438924843945e-07,1.9932224427120234e-05,6.0347981138064055e-06,3.872097452726286e-08,0.000143869100740539,8.969102815990767e-09
27,3.9086665990781956e-06,1.204080209902417e-05,0.00016214001668049581,5.264251432698609e-07,9.644157721221579e-08,0.0010108384325072054,1.0336697740323808e-05,0.0019218761982595202,0.0003093462934515387,0.00034397318036613926,4.0636250814788574e-07,7.882612943161146e-07,3.649613394198067e-07,1.1834402664448334e-08,6.7842263291352494e-06,0.04802962882615638,1.892963968913304e-07,9.654926845027334e-07,0.9480647148556561,6.102952852300094e-07,2.660856944768692e-05,1.352469057633446e-05,4.373476589645254e-08,8.026140185347081e-05,1.403688000906538e-08
28,4.240776254489057e-06,1.2873261873449798e-05,0.00017761233727090712,4.954661648916028e-07,9.897559432663418e-08,0.0010430643721940653,1.0727817599904474e-05,0.0016759883446157095,0.0003120982328427812,0.0003792796763992306,3.38281580013477e-07,7.466509115845032e-07,3.8078183714390994e-07,1.065674961117485e-08,5.9387535899881485e-06,0.04578220483001502,1.643933456628522e-07,8.771145808925091e-07,0.9504716535691339,6.259548717994491e-07,2.5752371170029452e-05,1.0532835111975847e-05,4.368255578580826e-08,8.423682111471745e-05,1.4042622259947553e-08
29,4.240776254489057e-06,1.2873261873449798e-05,0.00017761233727090712,4.954661648916028e-07,9.897559432663418e-08,0.0010430643721940653,1.0727817599904474e-05,0.0016759883446157095,0.0003120982328427812,0.0003792796763992306,3.38281580013477e-07,7.466509115845032e-07,3.8078183714390994e-07,1.065674961117485e-08,5.9387535899881485e-06,0.04578220483001502,1.643933456628522e-07,8.771145808925091e-07,0.9504716535691339,6.259548717994491e-07,2.5752371170029452e-05,1.0532835111975847e-05,4.368255578580826e-08,8.423682111471745e-05,1.4042622259947553e-08
30,4.240776254489057e-06,1.2873261873449798e-05,0.00017761233727090712,4.954661648916028e-07,9.897559432663418e-08,0.0010430643721940653,1.0727817599904474e-05,0.0016759883446157095,0.0003120982328427812,0.0003792796763992306,3.38281580013477e-07,7.466509115845032e-07,3.8078183714390994e-07,1.065674961117485e-08,5.9387535899881485e-06,0.04578220483001502,1.643933456628522e-07,8.771145808925091e-07,0.9504716535691339,6.259548717994491e-07,2.5752371170029452e-05,1.0532835111975847e-05,4.368255578580826e-08,8.423682111471745e-05,1.4042622259947553e-08
31,3.7866079467537544e-06,1.3429184497145603e-05,0.00016513969648353032,5.740511370177532e-07,1.0696328835471084e-07,0.0011799627159312035,1.0667110834284126e-05,0.0014494152740902875,0.0003830971028619819,0.00036500737349542153,3.925161572488867e-07,8.864746797220743e-07,4.599083028034515e-07,1.2418248551691907e-08,6.8874365344776445e-06,0.05654610168872214,1.940643217896738e-07,9.373291377922271e-07,0.9397344656523932,7.270715794692761e-07,3.0858330360286336e-05,1.273064346491651e-05,4.446577555967899e-08,9.410017762203948e-05,1.5742134240374394e-08
32,4.126976685384053e-06,1.2138483535327753e-05,0.000160908631516834,4.2491228154021927e-07,9.154692058360891e-08,0.0009697153688074067,9.689729074276142e-06,0.0015221602114047484,0.000284503218592411,0.00034942187070270296,3.139267366222048e-07,6.731451054752555e-07,3.476605795001188e-07,9.621668924525957e-09,5.490360140873818e-06,0.040418389370264936,1.5291124302437466e-07,8.164670604887526e-07,0.9561479496285253,5.549430516800462e-07,2.3399431370637416e-05,9.767802556690257e-06,3.9983516058169134e-08,7.89009083965789e-05,1.289026197872837e-08
33,8.729926436535782e-06,2.1064245418305937e-05,0.0004893237700659282,4.049743069515602e-07,7.117898984923023e-08,0.0009054975912438046,1.6242927861173316e-05,0.0009490473080725651,0.0006728460300983029,0.0003825440273417219,1.4287796951132537e-07,9.311312506289599e-07,2.0961430663093132e-07,3.7637473079944065e-09,9.733210019494163e-06,0.037676574142453845,4.9851985833645056e-08,7.68765304724396e-07,0.9587581464360992,3.1902404143234764e-07,3.3259098904207464e-05,5.6979203738740645e-06,1.7900056288810858e-08,6.835378009589432e-05,2.050355611692101e-08
34,3.9314662899337034e-06,1.5085171599460255e-05,0.0002119795507809877,8.666319907972417e-07,1.2010671824266304e-07,0.0012991516267308796,1.5357653263623137e-05,0.0027150033151603207,0.0003166400686982178,0.0006950779492161166,4.3879332320449473e-07,1.0315580455833109e-06,5.055512826738819e-07,1.8979452573852248e-08,8.002442871255513e-06,0.07022648928992625,2.509287828279447e-07,1.2478253157757866e-06,0.9243412821393089,1.1602143720789148e-06,3.605778520549394e-05,1.649782276436469e-05,7.108715408639167e-08,9.371111017101758e-05,2.093157532717207e-08
35,6.987633378137431e-06,9.34857789473258e-06,0.00020675212788928655,4.303969284314295e-07,6.365929160926791e-08,0.0007247344427496749,1.2071938157360525e-05,0.001798135570277484,0.00038902276449604724,0.0003092277181204934,2.1850469382570816e-07,8.603206576708345e-07,3.254996459326696e-07,5.709369395297923e-09,5.048162647204474e-06,0.03531435992239335,1.3001127643913032e-07,1.4645039718511457e-06,0.9610988454417078,3.2000299464867876e-07,2.7818370369967744e-05,1.2191699757412004e-05,2.279596746692216e-08,8.16014035362009e-05,1.2821827532978235e-08
36,3.7561163570999413e-06,9.186967017779428e-06,0.00015730862221216107,4.746123151863925e-07,9.503865945737442e-08,0.0007425574189825346,1.2808180305469055e-05,0.0025769987334100393,0.000311925104046979,0.00027523087468334095,4.1924850286758955e-07,1.1568021408093768e-06,4.7549973175953404e-07,1.0857956681361003e-08,8.474443496472303e-06,0.05209665260304869,1.7470963461898124e-07,8.718824686116259e-07,0.9436953103836925,5.190933452701073e-07,2.1776468087307975e-05,1.6270925731866857e-05,4.3570780511653656e-08,6.748681199312726e-05,1.5031398740495332e-08
37,5.653622555522989e-06,1.3223293282450145e-05,0.00018030043918903558,4.493915516029761e-07,8.375297599730137e-08,0.0008608126298341294,9.323471052099293e-06,0.0011866658338820764,0.0002687077087032571,0.0003894164185826045,2.4658481701300686e-07,6.499945919176782e-07,3.885928749894255e-07,7.112070966980838e-09,3.5935777246608905e-06,0.03318350366140352,1.52549444883297e-07,8.849833450291817e-07,0.9637492411147817,5.97557845094744e-07,2.2336040379295357e-05,8.326530239104332e-06,4.252302433207137e-08,0.000115380809431827,1.1806416770268797e-08
38,5.078548579912769e-06,1.1119278918717798e-05,0.00016993377055028887,2.569417004199667e-07,9.282667335427778e-08,0.0011839812235106104,8.55609040677802e-06,0.000990387320205251,0.0002976288254498533,0.0003100390605037297,2.0232698877210425e-07,4.209207803997295e-07,2.7576367816600615e-07,5.88592303821316e-09,5.281835954623611e-06,0.04363399221165533,8.602777283964329e-08,6.269118878219132e-07,0.953290416067148,3.756647151593582e-07,1.561382710783111e-05,4.8053942016776274e-06,2.249610499926035e-08,7.07896470273327e-05,1.1132555215512767e-08
39,4.138777608182736e-06,1.1914298905015874e-05,0.00018015557485566306,4.820190768441591e-07,9.505865371455135e-08,0.0010707900743633907,1.032372245201281e-05,0.0017125416188821271,0.000307615972311647,0.0003755514823531219,3.2636676234275785e-07,7.188290859418773e-07,3.8520565682436805e-07,1.0075071923138438e-08,5.897967096266683e-06,0.04675259322627591,1.652439882370384e-07,8.862989004216549e-07,0.9494454530373369,6.141359073277629e-07,2.64387636365401e-05,1.0370185898305686e-05,4.16821830625382e-08,8.247674808389479e-05,1.363465478767235e-08
40,4.662172443412944e-06,1.5025917854321984e-05,0.0002170333961885751,4.852614462785584e-07,1.013318491872051e-07,0.001039429207395207,1.2440313648253162e-05,0.0014835363350891985,0.0003590372429523105,0.0003719608205964837,3.1360228382841323e-07,8.808405695110155e-07,3.847538092797102e-07,1.039233764441714e-08,6.638780166233355e-06,0.04064303852350552,1.3561131386635335e-07,7.875050351681019e-07,0.955725125779605,5.350430264760393e-07,2.8029625647608e-05,9.845968078982163e-06,4.384598010224801e-08,8.050145573592147e-05,1.6273441582374434e-08
41,7.411012839512168e-06,1.4874008573121222e-05,0.0003104227402053706,5.009484884962466e-07,2.0753046882217908e-07,0.0013278369865858375,1.7843817670154314e-05,0.0018152682627168685,0.0006755107647015248,0.0002975517854553173,3.904185807184721e-07,9.338997076245633e-07,5.638252289572797e-07,8.772103345948204e-09,1.0238101765687058e-05,0.085691515950547,1.3241015149636745e-07,8.91293844372174e-07,0.9096890768173559,6.811526181697657e-07,2.525801663385618e-05,7.864712584535647e-06,3.524896219895733e-08,0.00010496361058260455,1.7911628801884307e-08
42,1.0777868518409134e-05,3.653910515736345e-05,0.00027262242461105246,6.720593755287498e-07,2.7543159483622733e-07,0.0016536683871331173,1.7979372293655443e-05,0.0011414017230913262,0.0006239263032800164,0.0005218307723171946,4.234307381780051e-07,7.467484841325338e-07,4.463319734647721e-07,1.9164200435837865e-08,6.123425618703082e-06,0.037852083113610234,1.7122108961046956e-07,1.1571268052962386e-06,0.9576925151506392,9.101813915362611e-07,2.2742260325108163e-05,6.911394496036919e-06,6.743352794797818e-08,0.0001359641303796265,2.5439347910029694e-08
43,4.770829298232468e-06,1.376373040766959e-05,0.00018361753990268006,5.069738314014621e-07,1.0494587812157845e-07,0.0009791824863330941,1.0780447512893636e-05,0.0015875507805838578,0.000359418970392844,0.00029096532572969627,3.758546331248369e-07,8.327597124810955e-07,3.79596182132067e-07,1.017519400472793e-08,6.187095755887826e-06,0.04407332157448176,1.4762383481205015e-07,7.973913401947469e-07,0.9523645073540438,5.544500641471006e-07,2.2124571135043932e-05,9.91081140319716e-06,4.217648842640989e-08,9.013292082415283e-05,1.361503620958569e-08
44,4.240776254489057e-06,1.2873261873449798e-05,0.00017761233727090712,4.954661648916028e-07,9.897559432663418e-08,0.0010430643721940653,1.0727817599904474e-05,0.0016759883446157095,0.0003120982328427812,0.0003792796763992306,3.38281580013477e-07,7.466509115845032e-07,3.8078183714390994e-07,1.065674961117485e-08,5.9387535899881485e-06,0.04578220483001502,1.643933456628522e-07,8.771145808925091e-07,0.9504716535691339,6.259548717994491e-07,2.5752371170029452e-05,1.0532835111975847e-05,4.368255578580826e-08,8.423682111471745e-05,1.4042622259947553e-08
45,4.206158673528436e-06,1.5597552363422183e-05,0.0001618720615577236,5.100933631412118e-07,9.290654089134393e-08,0.000964507554620677,1.0512520016947374e-05,0.001265360757963726,0.00029482856980221525,0.0004430845997308571,2.888954459729771e-07,7.754446816747257e-07,3.923292631681666e-07,1.174933747761339e-08,4.242110990705866e-06,0.03325633653477842,1.734267543405552e-07,8.360353044218659e-07,0.9634456823376149,6.596425403614364e-07,2.8677343565745155e-05,1.0245722861092438e-05,5.282930963358173e-08,9.103832109271853e-05,1.4501826366224451e-08
46,3.843646410910177e-06,1.1509087792552934e-05,0.00016063383754663936,5.248588260935325e-07,9.286375741297293e-08,0.0010436521598781406,9.38338748182029e-06,0.001739565107002205,0.00028187828790333485,0.00036451324962077296,3.674501746167319e-07,7.499962382235653e-07,4.2256740600620586e-07,1.1236888434831774e-08,5.775207374376778e-06,0.04533938758311004,2.071239417679309e-07,9.254135156757262e-07,0.9509099950138719,6.759907308223049e-07,2.680419170444399e-05,1.2495510806203554e-05,4.7971828466996196e-08,8.652449435788952e-05,1.376183133129132e-08
47,4.119824315182701e-06,1.4067114976848064e-05,0.0001822184249956604,5.51112294551954e-07,1.0831232635127106e-07,0.0011403945939632682,1.1372734783455966e-05,0.00193034618440197,0.00030846746406939824,0.00039769229992715175,3.9528169253913814e-07,7.337226205048411e-07,3.501296916472392e-07,1.289650005069825e-08,6.246305252924455e-06,0.046537437995650986,1.7059472346679782e-07,8.968043600112071e-07,0.949344345453324,6.492226410896705e-07,2.624396348727658e-05,1.0736223103567025e-05,4.846309940703783e-08,8.23805697724954e-05,1.4308025984553735e-08
48,1.7104304453721834e-05,1.821544987788837e-05,0.003991498296809615,8.92938285487512e-06,4.0558157777631397e-07,0.0025979155801738856,0.00011842774987015663,0.012088207887654266,0.004325233624126497,0.0012635271132937671,8.136812476134903e-07,9.81462320382281e-06,2.786864492585127e-06,2.991527193283805e-08,8.695511037319769e-05,0.6566505535059395,3.943282468991426e-07,9.313035119768927e-06,0.3182948628681702,5.434295863572495e-06,0.00026414374904426075,5.028909870132689e-05,9.382239594958335e-08,0.0001948856786163849,1.6445262047581564e-07
49,4.437092334943829e-06,1.477719027431448e-05,0.0002195243444300756,6.689446000813392e-07,9.209414431356795e-08,0.00112457751574106,1.1730780509568207e-05,0.0018066387099995684,0.0003316709091301389,0.0004589833121142749,3.508277700039875e-07,9.526321610493681e-07,4.3737903849568677e-07,1.254136586413435e-08,6.006311851967142e-06,0.04565835143029513,1.7859368012708826e-07,9.848650146622307e-07,0.9502193172898905,7.199888701208524e-07,3.1873397234803344e-05,1.2077975680680601e-05,5.41557748877007e-08,9.556523854659406e-05,1.6479547059434e-08
50,5.338054618175534e-06,1.0967632412548067e-05,0.00021832508917772484,6.235420183729497e-07,9.24635490449876e-08,0.0014785845020522687,5.526808657679908e-06,0.0010612510975971485,0.0007588079992907159,0.0001309540243183346,4.773921449693682e-07,8.057782576921965e-07,4.968642443980977e-07,7.165064783807012e-09,6.575109915609281e-06,0.06919628083703375,1.7936245005846256e-07,1.0220758514030855e-06,0.926927116811395,5.566723879095099e-07,3.251273929630735e-05,1.0543968536909757e-05,2.4407800145193675e-08,0.0001529198629815192,9.738947658447401e-09
51,3.838256805194457e-06,5.122157429500825e-06,0.00021476698472026496,2.7437790040841875e-07,1.5750967790586513e-07,0.0016382700012647188,1.1192073046518035e-05,0.0017442183488840582,0.00034807468859381925,0.0004314404777064417,2.204687826411835e-07,5.152624273859294e-07,9.036645473452433e-07,5.241316997283942e-09,6.9000450925166025e-06,0.12356857216719515,1.826342300518769e-07,8.663511413548336e-07,0.8718851221433558,1.0477010477748696e-06,3.224151892496518e-05,6.423339747440767e-06,3.083912868173063e-08,9.96008303680058e-05,1.291666527401123e-08
52,4.007657510581603e-06,2.3135359187944912e-05,0.00027337905016874175,7.591479575088278e-07,1.1695270421549974e-07,0.0006366454850007286,2.087667371591846e-05,0.001593473542885823,0.0003232452985530568,0.0004935856451675478,3.246284703743843e-07,1.6620927138973205e-06,5.648306393270034e-07,1.0357645511852537e-08,4.485241605204702e-06,0.025720972639416327,1.5839708918636969e-07,4.950811435692062e-07,0.9707528168650291,8.28816838433431e-07,3.6661100766936096e-05,9.971863850829251e-06,1.108858263572774e-07,0.00010169270286134508,1.9683251708872247e-08
53,4.2784528199171095e-06,1.6747187260276862e-05,0.0002552287537623084,7.457967706598459e-07,2.0233732567136642e-07,0.0010573210167385144,2.9340256662706896e-05,0.003210681732925213,0.00040433443151047954,0.0005696677969653287,5.427115290524146e-07,1.472046251325802e-06,5.68842758898708e-07,1.7162101518387473e-08,1.137816494300702e-05,0.07168471400709649,1.8940069870181466e-07,9.656831684389552e-07,0.9226125404568335,9.876558794811238e-07,3.635457721863347e-05,1.438479468198064e-05,7.742301310513e-08,8.723421073362493e-05,2.510035128240354e-08
54,4.3313791509483615e-06,1.3456971642809977e-05,0.000177116087657896,4.858663338673438e-07,9.805527336453083e-08,0.0010372330601012352,1.078949377595295e-05,0.0016084812049573316,0.0003091817699293004,0.0003905878877921485,3.2539673298313165e-07,7.357397850270054e-07,3.6360662486664636e-07,1.070568082291847e-08,5.999775777888935e-06,0.04473216251965863,1.566741016583589e-07,8.56049952087592e-07,0.9515904111497617,6.132805496482143e-07,2.4650217768539407e-05,1.0203347636273413e-05,4.306155574392906e-08,8.169227856881063e-05,1.4419230348155948e-08
55,4.57404087836904e-06,1.284435314986258e-05,0.00018982811781338536,5.122153856826728e-07,9.746205981511485e-08,0.0010364720941543053,1.1158437569095109e-05,0.0015687114485195145,0.00035997239557631955,0.00035415727451658716,3.257464469868451e-07,8.427857788862782e-07,4.2246978773623767e-07,9.947316185529856e-09,5.924419488809452e-06,0.046774357256311794,1.5578957978450614e-07,9.061575986090589e-07,0.9495503678458265,5.951622910805669e-07,2.6953314762642563e-05,1.036935610285439e-05,4.080765226758489e-08,9.038672952888668e-05,1.4371904049041711e-08
56,4.313021481056653e-06,1.2869756596535567e-05,0.00017748161259344356,5.013020956809109e-07,1.0185665199061555e-07,0.0010339513821071018,1.0896344854759482e-05,0.0016147335652091299,0.0003144525839465638,0.0003735444900807525,3.426900387814472e-07,7.961852823066064e-07,4.2273952223610175e-07,1.0804877080260695e-08,5.826559072933431e-06,0.044085938225976236,1.713289717394364e-07,8.753658142163261e-07,0.9522371091204239,6.382091609348441e-07,2.6397610109999676e-05,1.0626257240204442e-05,4.638916043548449e-08,8.793802776001131e-05,1.457097187675658e-08
57,7.280732086230853e-06,1.9699976668241564e-05,0.00029167768233788894,7.568642432377572e-07,1.3943172612943787e-07,0.0023846665922772855,1.2242850111657458e-05,0.002264149585288519,0.0003902552293711292,0.0005279346341476793,5.955223635516121e-07,3.9594426157228715e-07,1.713796158207908e-07,1.7544124385788274e-08,6.3309384767668e-06,0.05284648461563262,1.3467434457533298e-07,1.6373597323034422e-06,0.9411019529526942,4.906438895583149e-07,2.6045459806260113e-05,7.895400502112661e-06,4.3276405587143827e-08,0.0001089868432991873,1.3866593393913223e-08
58,4.464444849922673e-06,1.2177748434127005e-05,0.00017143225694803206,4.650977427336391e-07,9.418854855379211e-08,0.0009907556571055038,9.796690122731877e-06,0.0014312954848377558,0.0003128093903137687,0.0003198504778570059,3.277374678115645e-07,7.630063803181737e-07,4.104291010204611e-07,9.253700618295958e-09,5.070732437077872e-06,0.04080378686818331,1.5163973050841459e-07,8.164992035778971e-07,0.9558059041100604,5.660975368844641e-07,2.394553494533541e-05,9.298054570482642e-06,4.209568583309428e-08,9.57537836711447e-05,1.2720565550419455e-08
59,4.568230048579431e-06,1.2813815514839753e-05,0.00019701291829887375,5.090157489395024e-07,9.668699988621195e-08,0.001052607799532507,1.0279586418310232e-05,0.001553941562491673,0.00032812900043838937,0.0003536678076874429,3.307937617497226e-07,7.766092379846533e-07,4.128788619895709e-07,9.366358472825118e-09,5.484510506099853e-06,0.04488072077746664,1.5596486477636564e-07,8.488880713224035e-07,0.9514632937227732,6.318733760332425e-07,2.638730861774525e-05,9.543710698029324e-06,4.393787129215553e-08,9.771982033802432e-05,1.3414017074479775e-08
60,4.240776254489057e-06,1.2873261873449798e-05,0.00017761233727090712,4.954661648916028e-07,9.897559432663418e-08,0.0010430643721940653,1.0727817599904474e-05,0.0016759883446157095,0.0003120982328427812,0.0003792796763992306,3.38281580013477e-07,7.466509115845032e-07,3.8078183714390994e-07,1.065674961117485e-08,5.9387535899881485e-06,0.04578220483001502,1.643933456628522e-07,8.771145808925091e-07,0.9504716535691339,6.259548717994491e-07,2.5752371170029452e-05,1.0532835111975847e-05,4.368255578580826e-08,8.423682111471745e-05,1.4042622259947553e-08
61,4.610196898744053e-06,1.3094993069154416e-05,0.00019519588805803922,5.132780143621243e-07,9.981755792143073e-08,0.0010338923243518954,1.0839784613025397e-05,0.0016024934742521662,0.00032499859906800875,0.0003635524645415501,3.388422880136088e-07,7.91962916115557e-07,4.11516346425834e-07,9.742766261222345e-09,5.605777656102342e-06,0.044034825389134793,1.5925689236223394e-07,8.722289869774341e-07,0.9522748028453756,6.307961509852629e-07,2.657474812234059e-05,9.852716468362169e-06,4.5060793955069186e-08,9.577442828821932e-05,1.3867388846662803e-08
62,4.240776254489057e-06,1.2873261873449798e-05,0.00017761233727090712,4.954661648916028e-07,9.897559432663418e-08,0.0010430643721940653,1.0727817599904474e-05,0.0016759883446157095,0.0003120982328427812,0.0003792796763992306,3.38281580013477e-07,7.466509115845032e-07,3.8078183714390994e-07,1.065674961117485e-08,5.9387535899881485e-06,0.04578220483001502,1.643933456628522e-07,8.771145808925091e-07,0.9504716535691339,6.259548717994491e-07,2.5752371170029452e-05,1.0532835111975847e-05,4.368255578580826e-08,8.423682111471745e-05,1.4042622259947553e-08
63,4.338634626396609e-06,1.4090274012180475e-05,0.00017594222705963805,4.840408662231595e-07,9.771554882045394e-08,0.0010024555706382994,1.0596846618058851e-05,0.0015256226786681515,0.0003001820377337142,0.00038634408555474065,3.2959629349857025e-07,7.35434584692199e-07,3.623209140510997e-07,1.0671109536199737e-08,5.713863453581634e-06,0.040491906014768195,1.6007592886399628e-07,8.38181021626595e-07,0.9559609669495216,6.079490676990288e-07,2.506772794982998e-05,1.017307665228784e-05,4.510075962269126e-08,8.29145809767823e-05,1.43456719841125e-08
64,4.194720830166542e-06,1.3504095172323491e-05,0.00019347974662128984,5.511316090516952e-07,1.0013156250499363e-07,0.0010882239900807328,1.1587303482285081e-05,0.001660846917901773,0.000327448923325493,0.0004317677926631243,3.380487044846956e-07,8.546463457763235e-07,4.427389979264804e-07,1.1578450764354093e-08,6.017655433550465e-06,0.04471244336961616,1.818746889337559e-07,9.56058127542208e-07,0.9514130433951574,6.987665571665384e-07,3.272217991562287e-05,1.1520749112046723e-05,4.9474608029718e-08,8.899876803044299e-05,1.5943005432514687e-08
65,4.2529041061902155e-06,1.2732479275783461e-05,0.0001756457701156198,4.889247233285976e-07,9.833789206662076e-08,0.0010375029526156767,1.0519373237396407e-05,0.0016407045177638663,0.00031502275402227233,0.00036694658053100336,3.378377348090736e-07,7.430297169079549e-07,3.8154636838708265e-07,1.0438494672495672e-08,5.878557234672628e-06,0.045640231315788565,1.6339163714582082e-07,8.708401823481732e-07,0.9506660252249254,6.146672415466186e-07,2.5433352344825247e-05,1.0457783089546177e-05,4.277591195267427e-08,8.488084588365121e-05,1.3799162624353012e-08
66,4.859882425717582e-06,1.1336853811102079e-05,0.00019804621685076034,3.6746669347975593e-07,1.1463568378007474e-07,0.0011644941297248015,9.079284137872916e-06,0.0011673003755068893,0.00028625001953328893,0.00043130788925894894,2.412825746906348e-07,5.249736392981439e-07,4.787989512232548e-07,6.664051446780616e-09,4.555335533512907e-06,0.04536161126645662,1.7710732754757977e-07,7.995882616464544e-07,0.9512151106965074,8.351622336199813e-07,2.8981218861672006e-05,6.93027634722186e-06,4.3017070148895114e-08,0.0001065348065450311,1.305201218727352e-08
67,2.959283422842695e-06,1.0366782658585599e-05,0.0001946541778469098,1.446534897588234e-06,1.0792031926985445e-07,0.003051295879347037,7.421588116124353e-06,0.00265267413987524,0.0002813418028201999,0.0008282177490208683,5.183299388674771e-07,8.953106072033818e-07,1.2474107541124726e-06,3.5604938193663066e-08,4.973420413623052e-06,0.10133633241727266,5.052386680392512e-07,1.693016035860061e-06,0.891386742091882,2.6212201415785566e-06,5.184843072482476e-05,1.5142552464531655e-05,1.1452828503808017e-07,0.00016682616662848306,1.8402920601240576e-08
68,4.258967184802451e-06,1.2929954273408435e-05,0.00017964978608760236,5.014651252136815e-07,9.843312936453754e-08,0.0010444276307751148,1.0774865505810017e-05,0.0016824010307420396,0.0003141093734090765,0.0003816552488436304,3.373983590951452e-07,7.545164103664521e-07,3.8263383715890457e-07,1.0677259381324704e-08,5.917333867344036e-06,0.04574878604149666,1.6433626963851963e-07,8.821913924811012e-07,0.9504899209567879,6.276823082004098e-07,2.6030494006045817e-05,1.0568399049233657e-05,4.3889895884419844e-08,8.475260337660903e-05,1.4090607924644911e-08
69,4.210932518356346e-06,1.300371864165196e-05,0.00018289288631175357,5.122535649920514e-07,1.0207445532858768e-07,0.0010579568735195298,1.0890266394855052e-05,0.001732040516121955,0.00031089987580116396,0.00038082915770633617,3.548741495448298e-07,7.6471958515475e-07,3.9282378332109077e-07,1.0892791450521465e-08,5.995889882505772e-06,0.04619882604195283,1.6725967205558133e-07,8.69610390057301e-07,0.9499746678953768,6.537199037810511e-07,2.63939011285015e-05,1.04999805403093e-05,4.6250615576091395e-08,8.700344889841001e-05,1.413629387159254e-08
70,5.120105988165667e-06,1.396543576164679e-05,0.00024042385636449394,6.839626606731469e-07,1.250189341979361e-07,0.0012246430181106235,1.4367592519983837e-05,0.0024964918582241337,0.00038941997726618985,0.0004757000231386093,3.922464208657031e-07,9.412251098939828e-07,4.7312953841192776e-07,1.3546660846838766e-08,8.21537058487519e-06,0.06861027369671795,1.9264225651684287e-07,1.1159058176352915e-06,0.9263854496386589,8.538392500616691e-07,2.8394569818641046e-05,1.271129062354644e-05,5.123146987408782e-08,8.996258392558049e-05,1.823417789786041e-08
71,4.600614557634736e-06,1.5082010433285064e-05,0.00019183576002165407,5.494952731742755e-07,1.4191265172833392e-07,0.001059009626127602,1.3928345913602381e-05,0.0018004164942120075,0.00033322124101897103,0.0004912758419051399,3.623798389694939e-07,8.501847937608432e-07,5.000970886637493e-07,1.2567446387527965e-08,6.393303722311215e-06,0.05499923801768843,1.9135754458283514e-07,8.788399255857906e-07,0.9409442148134052,9.812734754716752e-07,2.7695968959923272e-05,1.045712937053703e-05,6.008092549384226e-08,9.808546043501007e-05,1.718326515412952e-08
