,0,1,2,3,4,5,6,7,8,9,10,11,12,13,14,15,16,17,18,19,20,21,22,23,24
0,0.0003520344347181704,0.0006206527993356931,1.1354530503121269e-05,2.0912579642405954e-07,5.137594543585176e-06,2.6853988826836535e-05,2.8916592897425714e-05,0.009589956962914762,1.220123962121702e-05,2.2606781004602963e-06,1.928274958399116e-06,9.340974001537923e-05,0.021554627054593208,4.877787451800004e-09,4.749585926500064e-08,0.0013421591847785394,7.787817801928661e-05,2.6537424202957883e-08,0.9662718053104314,1.1059835439546891e-08,5.32793875802116e-07,7.990668687134611e-06,8.348914239194022e-10,6.520497292481072e-12,3.506506996577399e-11
1,0.0002121671162768088,0.002062249215921723,4.2678381192923676e-05,3.0241990550719306e-07,1.663631730360444e-06,0.00011047873209440629,5.281462430054867e-05,0.007314619490860219,5.322285332393031e-07,7.831161668349749e-07,6.4438605200688496e-06,0.0027940268904718124,0.12254385619539361,4.3126918412069465e-08,6.768361409232058e-08,0.0003030882723800512,0.0007177984595754162,2.0248568820084862e-07,0.8637597438068034,1.5785328283316865e-08,5.881172668524336e-06,7.054217761254203e-05,1.0479120767516184e-09,4.30051754321638e-12,7.383056550822093e-11
2,0.00036183491602545076,0.0005107236116613818,1.0247182815055498e-05,1.557019398318402e-07,5.285292810730663e-06,2.0963626751314045e-05,2.742506593770442e-05,0.009395548945454578,1.3813307504012396e-05,2.4881087362975426e-06,1.4313385347658588e-06,6.348790351117412e-05,0.014357581241261635,4.309708516693863e-09,5.12124083598954e-08,0.001129892331890973,5.3640064296083866e-05,2.3931596161473675e-08,0.9740363817860016,1.3876139325777644e-08,4.4058362307027584e-07,8.564753030509703e-06,8.562963626722555e-10,6.956405326414782e-12,4.510883181704234e-11
3,0.0003467035107568595,0.0006031045701573035,1.1245212424903283e-05,2.0320528237604545e-07,5.038075610428065e-06,2.7066278365781514e-05,2.8409516235678908e-05,0.009339341620789986,1.176084690283408e-05,2.2597963373364755e-06,1.8957143307121527e-06,9.099986387396244e-05,0.020767029434956827,4.7477307092159955e-09,4.789942177408935e-08,0.0013362095948367628,7.438220655025999e-05,2.602203343763003e-08,0.9673459656157956,1.1228444487974598e-08,5.333486020059954e-07,7.760824968837597e-06,8.248424483991829e-10,6.508865289349514e-12,3.423983595026727e-11
4,0.0003269165556712598,0.0006659083342875935,1.1590394131278638e-05,2.3158453213339953e-07,5.634239465438543e-06,2.8606316541679966e-05,3.059191188917082e-05,0.009398766095909273,1.1725776224890693e-05,2.166818394129678e-06,2.3044375454347164e-06,0.00011700936921977851,0.02744499829993492,5.867587878369487e-09,4.732129853525051e-08,0.0014041816310377282,8.506246669859498e-05,3.0354945675002185e-08,0.9604553680694687,1.1887793212059768e-08,5.734134160215103e-07,8.267882406739971e-06,9.28329665298655e-10,6.423219896601235e-12,3.684705795639669e-11
5,0.0004705842785984164,0.0006327965132567229,1.3679786433450782e-05,2.809672619488723e-07,5.587968177429025e-06,3.146639026374785e-05,3.308081498457748e-05,0.011160180711507364,1.485589790603277e-05,2.9670602040520675e-06,2.262195722782668e-06,0.00011473148870743304,0.025402079859672647,6.438236382383974e-09,4.959580302919894e-08,0.0017501029803596918,0.0001057761539821375,4.388393327437486e-08,0.9602499322354336,1.5564317263855694e-08,5.796197565260263e-07,8.93846002846728e-06,1.078059220549134e-09,9.992126647019184e-12,4.740159964898622e-11
6,0.0003467035107568595,0.0006031045701573035,1.1245212424903283e-05,2.0320528237604545e-07,5.038075610428065e-06,2.7066278365781514e-05,2.8409516235678908e-05,0.009339341620789986,1.176084690283408e-05,2.2597963373364755e-06,1.8957143307121527e-06,9.099986387396244e-05,0.020767029434956827,4.7477307092159955e-09,4.789942177408935e-08,0.0013362095948367628,7.438220655025999e-05,2.602203343763003e-08,0.9673459656157956,1.1228444487974598e-08,5.333486020059954e-07,7.760824968837597e-06,8.248424483991829e-10,6.508865289349514e-12,3.423983595026727e-11
7,0.00031987403096384444,0.0005736745970194417,1.2491746397173158e-05,1.6620812273061033e-07,4.350109909303525e-06,1.984340638724402e-05,2.442943910916033e-05,0.008908583897548322,7.055715984143602e-06,1.5876855170903023e-06,1.669716451520862e-06,9.157105524611497e-05,0.025658245420262276,3.5429315481491713e-09,3.2546394030344207e-08,0.0009450179863067761,5.692723976775341e-05,2.355320698511e-08,0.9633679792569865,8.63735099708952e-09,4.84370390183584e-07,5.979300371858028e-06,5.111912838859594e-10,4.200120650361881e-12,2.19836975013418e-11
8,0.0005928630433592066,0.0008218400146983784,2.0441361705565713e-05,3.7847542729735226e-07,9.272399496622768e-06,3.5184467404497905e-05,4.039404182144811e-05,0.011391773744014972,3.332217243537352e-05,5.544513856067418e-06,2.843716924998323e-06,6.202576710994869e-05,0.017014763850497525,9.016200683848194e-09,1.1502252709536256e-07,0.0017284904711806902,8.967683221331771e-05,3.241143609243954e-08,0.9681368140342379,1.892965683368596e-08,6.819499654102143e-07,1.3512102591144307e-05,1.5404076806871882e-09,3.0859268661558066e-11,8.99720960819656e-11
9,0.0005263099311721389,0.000581358843237393,2.142911506077417e-05,3.623129940680563e-07,6.792746460921441e-06,3.437654754277128e-05,2.6835083600447006e-05,0.011913140729815638,1.996355258943585e-05,4.808717254434955e-06,2.4038174078381945e-06,7.138191543867356e-05,0.019922138629235905,7.198317570412831e-09,6.9133045155513e-08,0.0018705980286571912,9.782270717554169e-05,3.398278360840803e-08,0.9648891919116361,1.8856335801872047e-08,6.451008897875641e-07,1.0309952856204945e-05,1.1207353320863444e-09,2.0012031610503155e-11,4.574534277966249e-11
10,0.0003467035107568595,0.0006031045701573035,1.1245212424903283e-05,2.0320528237604545e-07,5.038075610428065e-06,2.7066278365781514e-05,2.8409516235678908e-05,0.009339341620789986,1.176084690283408e-05,2.2597963373364755e-06,1.8957143307121527e-06,9.099986387396244e-05,0.020767029434956827,4.7477307092159955e-09,4.789942177408935e-08,0.0013362095948367628,7.438220655025999e-05,2.602203343763003e-08,0.9673459656157956,1.1228444487974598e-08,5.333486020059954e-07,7.760824968837597e-06,8.248424483991829e-10,6.508865289349514e-12,3.423983595026727e-11
11,0.0003393311296055894,0.0006027078693756001,1.1294740400597825e-05,2.117236086816263e-07,5.032726489619148e-06,2.6674327438551793e-05,2.8955338565513258e-05,0.009609840671335192,1.105670337350882e-05,2.1640314835277963e-06,1.9729820489647016e-06,9.991697348313436e-05,0.022975132869562646,4.901516991335236e-09,4.658292797726789e-08,0.001346396741364954,7.737865835015197e-05,2.7653863346381647e-08,0.9648535811129852,1.1363539516469276e-08,5.456372486655801e-07,7.71438845383903e-06,8.330672090340078e-10,6.21975301717886e-12,3.369113677793658e-11
12,0.00034142787909472003,0.00112311370546064,1.5951432597732413e-05,2.9503144643985894e-07,1.4625296485393856e-05,5.82053094962093e-05,3.9763530307058864e-05,0.005990688759475132,1.4941690895764088e-05,2.6734040932235727e-06,2.765163180503288e-06,0.0001978803890128851,0.030786090872013203,1.4797354939166506e-08,4.789229535486678e-08,0.0015969082267224585,7.874605634334969e-05,6.453502155006945e-08,0.9597270808981637,2.5964016961718467e-08,7.807464222892707e-07,7.9067101400285e-06,1.610326836975375e-09,8.545300164991183e-12,9.108826945958921e-11
13,0.00029331455652154085,0.0006684794654404448,1.1322246040561239e-05,2.6549366083902824e-07,5.758015369733051e-06,2.8517184594044692e-05,2.9345941721039265e-05,0.009057629074919507,1.0398812025964669e-05,1.8923643328010243e-06,3.026945245002494e-06,0.00012766374907362496,0.03309706313532056,5.987936668678994e-09,4.902525155772878e-08,0.0015156271274207067,8.846156729495913e-05,2.6918285099440816e-08,0.9550530617932009,9.784929705253237e-09,6.438619993443803e-07,7.43593955999667e-06,9.744822368872997e-10,6.357306604213031e-12,2.9015681327145045e-11
14,0.0016876044719514808,0.0006621541297214626,5.435549248988639e-05,2.3145856425564393e-06,9.74925851679822e-06,4.532152216393948e-05,0.00013111009529203323,0.08459793889822574,0.00018630896251808484,2.2473029884918812e-05,3.315067625125401e-06,0.00010334729033846323,0.039836536877464,1.9046782247847914e-08,1.6322536527953697e-07,0.00590795435805726,0.0007884709742159414,1.7776724448367592e-07,0.8659038782234978,6.751541215253263e-08,8.810165888080261e-07,5.585361725822646e-05,4.1997351671152225e-09,1.0956947216828887e-10,2.644386245976225e-10
15,0.0003467035107568595,0.0006031045701573035,1.1245212424903283e-05,2.0320528237604545e-07,5.038075610428065e-06,2.7066278365781514e-05,2.8409516235678908e-05,0.009339341620789986,1.176084690283408e-05,2.2597963373364755e-06,1.8957143307121527e-06,9.099986387396244e-05,0.020767029434956827,4.7477307092159955e-09,4.789942177408935e-08,0.0013362095948367628,7.438220655025999e-05,2.602203343763003e-08,0.9673459656157956,1.1228444487974598e-08,5.333486020059954e-07,7.760824968837597e-06,8.248424483991829e-10,6.508865289349514e-12,3.423983595026727e-11
16,0.0003670507443908412,0.000593504849795225,9.58364014806564e-06,2.2737049892269134e-07,4.591639231453389e-06,2.987988351334447e-05,3.203667396362647e-05,0.008847402212353585,8.9817446992266e-06,3.056390624892178e-06,2.16138425656743e-06,0.00014730306325115962,0.022187733078713415,6.084042102642619e-09,4.322264334455945e-08,0.0018563863111012325,9.234788450773816e-05,4.332786635599766e-08,0.96580799019477,1.2945670095296924e-08,9.151755683884751e-07,8.741185394592529e-06,9.429113900615164e-10,6.52985229432853e-12,4.3554402077513876e-11
17,0.00041049894942899134,0.0006022540077062442,9.83595697146683e-06,1.689748148795008e-07,3.974222342328379e-06,1.6980501489681836e-05,2.5814771398581948e-05,0.010509762926978302,7.927006810104617e-06,1.6121065940894572e-06,1.7772654275328277e-06,0.00017246202510855482,0.03045251642840224,5.1479880981093666e-09,2.597602465069668e-08,0.0010426283352806484,9.827059233033244e-05,4.962987928702248e-08,0.956633999794966,1.1540240431617988e-08,5.419962237442045e-07,8.880989804236276e-06,8.078087647505476e-10,4.250657551863278e-12,4.1730304678150204e-11
18,0.00048707668709257904,0.0007926365543062024,9.713806863446364e-06,2.113877984092377e-07,4.054486717637279e-06,3.0925167017901374e-05,3.890054401859902e-05,0.010599490087449965,1.5801965688699948e-05,3.049533438535011e-06,2.2057472712543313e-06,0.0001759955051017528,0.026861636524971023,8.329511502244065e-09,4.633394555961388e-08,0.0014988542977815607,0.00016259095376572785,6.179824259634178e-08,0.9593013895531506,1.6007338908113487e-08,6.499707730710724e-07,1.4683317049760018e-05,1.3434461773752485e-09,8.364147258879755e-12,8.88942789916097e-11
19,0.0003144521826400217,0.000633719039998021,1.2879154533303507e-05,2.4408692971425104e-07,6.036187590006272e-06,2.3920456364985876e-05,3.268437922911163e-05,0.01121708543091465,1.078852997319694e-05,1.8554537733893673e-06,2.05352510415571e-06,0.00010915058354037482,0.02709714098266709,5.018336647752124e-09,4.890450747978052e-08,0.0013063284562142927,7.584267481498664e-05,2.7301240692155456e-08,0.9591471741754652,1.0602198823228486e-08,5.335421938524584e-07,8.018515234820168e-06,7.801391578737478e-10,5.548013847935125e-12,3.0847717234458e-11
20,0.0002523582898192848,0.0005892181894094604,1.086993690655229e-05,2.0655121059290454e-07,4.894791978631225e-06,2.672637764294007e-05,3.528034510722032e-05,0.011006322564516153,1.0773680646708036e-05,2.1152777150644482e-06,1.919119370595174e-06,7.370862874156171e-05,0.016809234011206733,4.237435136230116e-09,8.588178962932874e-08,0.0012042320524284754,6.40981744184618e-05,1.6375259708062137e-08,0.9698972793580943,9.808063836528468e-09,6.818085635888095e-07,9.963616651259121e-06,8.839686463186306e-10,6.039712763741397e-12,3.301582198395086e-11
21,0.00035754326518625744,0.0006137561314702802,1.0049680576324073e-05,1.728941013559257e-07,4.949292582144698e-06,2.4761117527433524e-05,1.9523296796946407e-05,0.00677374325298502,9.554195749187994e-06,2.3759658522686822e-06,2.1453685671461215e-06,9.747973350640262e-05,0.0197108370508738,4.715018350377667e-09,3.722597695537895e-08,0.0012855908462285088,6.273292359568418e-05,2.565566366342885e-08,0.9710177131623844,9.932376984874925e-09,5.751502024171117e-07,6.418399779263285e-06,7.08263774274523e-10,6.617380874732789e-12,2.811793573114582e-11
22,0.0004073019926760882,0.0005350970538008505,1.4113829151461176e-05,2.62884060750131e-07,3.942034419903062e-06,3.128148793359233e-05,2.4363808881731487e-05,0.010840343802391813,9.926677982833735e-06,2.900225842932744e-06,2.1788380718628703e-06,0.00011191604484537218,0.02408299840938393,5.106838273348538e-09,4.3176240508672606e-08,0.0017135118005249515,0.0001188192300578075,3.371411937154667e-08,0.9620914606506392,1.1843567119386739e-08,6.71796926578914e-07,8.814750669455951e-06,8.054623610961744e-10,7.936266273237363e-12,2.7574980762937602e-11
23,0.0003467035107568595,0.0006031045701573035,1.1245212424903283e-05,2.0320528237604545e-07,5.038075610428065e-06,2.7066278365781514e-05,2.8409516235678908e-05,0.009339341620789986,1.176084690283408e-05,2.2597963373364755e-06,1.8957143307121527e-06,9.099986387396244e-05,0.020767029434956827,4.7477307092159955e-09,4.789942177408935e-08,0.0013362095948367628,7.438220655025999e-05,2.602203343763003e-08,0.9673459656157956,1.1228444487974598e-08,5.333486020059954e-07,7.760824968837597e-06,8.248424483991829e-10,6.508865289349514e-12,3.423983595026727e-11
24,0.0003404710264296101,0.0007166038153182512,1.3469642181322914e-05,3.2458451222179083e-07,7.921173441545259e-06,3.1092217266658555e-05,3.311603109103187e-05,0.010849499526860368,1.3923176495107671e-05,2.201455949709358e-06,2.7100372753659967e-06,0.00013600593516881803,0.034841377650094915,7.424080719843045e-09,4.882919617197033e-08,0.0017859982580718367,9.561315600371241e-05,3.615253216878884e-08,0.9511211217351907,1.3218327564531455e-08,5.48701321366723e-07,7.895128109906143e-06,1.0803935882420616e-09,7.22136706413175e-12,3.746569208781112e-11
25,0.0003108981325624161,0.00039187756186936663,1.0241043435666455e-05,2.1496271496493081e-07,3.994263683308564e-06,1.6484083771454685e-05,2.7164651312715996e-05,0.013530078272156602,7.511812713517851e-06,1.5879665652129856e-06,1.720659391188602e-06,8.578115085698333e-05,0.024755486153587025,3.2175942374783706e-09,3.873590575994683e-08,0.0013676102967881338,6.804040447590515e-05,2.405911838209559e-08,0.9594143424474372,8.934031526806762e-09,4.857681240966329e-07,6.404709916461214e-06,6.874741891705714e-10,4.080331286550211e-12,2.043331583191616e-11
26,0.0006284163021794216,0.000754583583737917,1.4308120486868972e-05,3.1504494923935955e-07,7.662747226903424e-06,3.251007868619007e-05,3.614972951604512e-05,0.011855629496132716,2.8394777514750523e-05,3.5404611478200664e-06,2.3426217637922893e-06,8.551171287229895e-05,0.020356712360874475,6.230426338733862e-09,6.52785239027181e-08,0.0018150248707143296,9.63579339044941e-05,3.7740760620413024e-08,0.9642728593411437,1.7614018021650546e-08,5.703720833985826e-07,8.982085787994284e-06,1.4128010628795626e-09,1.7734552075346613e-11,6.501325296304586e-11
27,0.0003643087351291375,0.0006948585104732642,1.0802867091644751e-05,2.278072571601747e-07,6.19252776077978e-06,3.0662681603455405e-05,3.888844164070078e-05,0.01023973711637754,2.0978328289336706e-05,3.1761153405194477e-06,2.1901526784120763e-06,8.25558831388677e-05,0.018200383353573497,6.210325710249e-09,8.105961017187766e-08,0.0015722466311126604,8.441214781932916e-05,2.5754931824155817e-08,0.9686359443941847,1.4276945536155375e-08,5.602523243459129e-07,1.1745482058676781e-05,1.20064502014935e-09,1.0446140977236675e-11,5.924157469077619e-11
28,0.0003467035107568595,0.0006031045701573035,1.1245212424903283e-05,2.0320528237604545e-07,5.038075610428065e-06,2.7066278365781514e-05,2.8409516235678908e-05,0.009339341620789986,1.176084690283408e-05,2.2597963373364755e-06,1.8957143307121527e-06,9.099986387396244e-05,0.020767029434956827,4.7477307092159955e-09,4.789942177408935e-08,0.0013362095948367628,7.438220655025999e-05,2.602203343763003e-08,0.9673459656157956,1.1228444487974598e-08,5.333486020059954e-07,7.760824968837597e-06,8.248424483991829e-10,6.508865289349514e-12,3.423983595026727e-11
29,0.0003467035107568595,0.0006031045701573035,1.1245212424903283e-05,2.0320528237604545e-07,5.038075610428065e-06,2.7066278365781514e-05,2.8409516235678908e-05,0.009339341620789986,1.176084690283408e-05,2.2597963373364755e-06,1.8957143307121527e-06,9.099986387396244e-05,0.020767029434956827,4.7477307092159955e-09,4.789942177408935e-08,0.0013362095948367628,7.438220655025999e-05,2.602203343763003e-08,0.9673459656157956,1.1228444487974598e-08,5.333486020059954e-07,7.760824968837597e-06,8.248424483991829e-10,6.508865289349514e-12,3.423983595026727e-11
30,0.0003467035107568595,0.0006031045701573035,1.1245212424903283e-05,2.0320528237604545e-07,5.038075610428065e-06,2.7066278365781514e-05,2.8409516235678908e-05,0.009339341620789986,1.176084690283408e-05,2.2597963373364755e-06,1.8957143307121527e-06,9.099986387396244e-05,0.020767029434956827,4.7477307092159955e-09,4.789942177408935e-08,0.0013362095948367628,7.438220655025999e-05,2.602203343763003e-08,0.9673459656157956,1.1228444487974598e-08,5.333486020059954e-07,7.760824968837597e-06,8.248424483991829e-10,6.508865289349514e-12,3.423983595026727e-11
31,0.00031780018245850796,0.0008264069837546983,1.1861156267508398e-05,2.9219112791774435e-07,6.787206748950622e-06,5.1443767356159126e-05,3.986036718616694e-05,0.00868734585933268,2.0231195112661708e-05,3.3768060959942475e-06,3.0306658515121504e-06,9.524781098269713e-05,0.02255163390147712,7.425314632609267e-09,9.203962382634372e-08,0.0021114796209312763,0.00010077523722493984,2.3570040028791773e-08,0.9651616722430452,1.2744807602240276e-08,6.416995970286311e-07,9.976048621865295e-06,1.2216298747622036e-09,1.1208274607626268e-11,4.420321949546978e-11
32,0.0003197383698599807,0.0005333169992487178,1.0092268712983745e-05,1.6828111070712362e-07,4.559726001394467e-06,2.337472115103184e-05,2.5504236915738162e-05,0.00867252534100042,9.849446920027531e-06,1.9909821837213666e-06,1.6556659528343527e-06,8.250787309171079e-05,0.017944425340655927,4.080970319650982e-09,4.420248215499597e-08,0.0011591200608372652,6.173678606739258e-05,2.31690527806175e-08,0.9711416667306251,1.0609456370671953e-08,5.054012582793734e-07,7.17891896932787e-06,7.506830206844947e-10,5.453574279223291e-12,3.1338991854081907e-11
33,0.00031734667047683343,0.0005151144248728693,1.3483769123614784e-05,1.7007822927739017e-07,8.667954341971853e-06,3.8377080861759205e-05,1.9414569452307517e-05,0.005088807590867935,1.7854146521735783e-05,3.045712643963419e-06,1.3960677775791545e-06,1.369107292760644e-05,0.0032519921179012816,2.3016233393874973e-09,1.4959368145456147e-07,0.0007990693436929627,1.4292914310821098e-05,5.680361406336187e-09,0.9898923917960245,1.2554514373336749e-08,9.551604599166781e-07,3.7579628329536364e-06,1.3784441487483716e-09,1.835208967766853e-11,3.9703174877901014e-11
34,0.00035018919282429786,0.0006384344671139647,1.2451640292858215e-05,2.437649172693131e-07,5.273054538944437e-06,3.3256465766152265e-05,3.2103440598512875e-05,0.010301918325279082,1.2681489971545729e-05,2.4975035671393608e-06,2.0873542381325746e-06,0.00010226904045388282,0.023166666675606757,5.458919265348136e-09,5.4139362895281356e-08,0.0015878555905387748,9.203796755502285e-05,2.922252023833554e-08,0.9636508266090793,1.2432795751384993e-08,5.783144479232113e-07,8.526881940058575e-06,9.246411020636739e-10,7.144513766762884e-12,3.588648603215499e-11
35,0.000720006277402698,0.00043756486891082755,8.510704420262218e-06,1.394121097114266e-07,2.6263202312901477e-06,1.1024460240779522e-05,2.1902009225665064e-05,0.014852613425011383,1.1528392495101103e-05,2.1308063700628698e-06,9.332662254731788e-07,8.669508175136488e-05,0.01877998836170024,2.2012730833454806e-09,1.7379125411470666e-08,0.0011202980646027156,8.177946773888311e-05,4.1392239247356846e-08,0.9638554432220546,8.771397436676997e-09,3.389641669807229e-07,6.406660971186158e-06,4.5644749947729055e-10,4.410058670144491e-12,2.947818603358865e-11
36,0.0003992435932004295,0.0005480980906392476,8.809104667765594e-06,3.494393601451475e-07,3.409972763318914e-06,3.339028089280129e-05,5.56012119272509e-05,0.023967635831703447,1.9338653702020107e-05,2.5203112669596335e-06,2.1213548776215407e-06,0.00020571208580510747,0.04242881267619352,6.545109759684682e-09,5.644092679211987e-08,0.0033872479499647747,0.0003026251092789188,5.269175492492472e-08,0.928618913372089,1.4124934210166119e-08,4.3108670755176213e-07,1.5608749658583623e-05,1.2740877684299366e-09,5.93695711413614e-12,4.255125453625551e-11
37,0.0005962951857873497,0.0005254019819569416,1.7450870541836602e-05,2.94563478975881e-07,5.104929403895393e-06,2.3982574292243357e-05,2.691382424465521e-05,0.010999002074652627,1.1923486748033275e-05,3.0271067251550963e-06,2.240361659707643e-06,8.792508634843159e-05,0.02275957480734815,4.9546210180959105e-09,4.464482143411655e-08,0.0015618748543227712,8.563954920082007e-05,4.126342243160651e-08,0.9632854959229705,1.3542521777533102e-08,5.866519762964228e-07,7.160874558259737e-06,8.387481647650639e-10,1.3379867557543001e-11,3.626866924977614e-11
38,0.00024551963108534206,0.00038044426139478377,8.09967641211616e-06,1.5099674567826035e-07,2.922894519301989e-06,3.1760116529620406e-05,2.6746155838362676e-05,0.007954605237409967,5.4070089461817946e-06,1.533611298218193e-06,1.6177980515731508e-06,7.149922508028097e-05,0.016416017105950573,2.771285893310436e-09,5.006721830937137e-08,0.0014821051260993769,5.639746255224177e-05,1.7691674625804964e-08,0.973309732831144,9.133912454096528e-09,5.284509769822337e-07,4.832004998071141e-06,7.190534146139241e-10,3.909222428523992e-12,1.7913528461586085e-11
39,0.00033130321395261736,0.0005681689641997111,1.076935679951725e-05,1.9778824823207122e-07,4.7756185928919165e-06,2.6425430846606685e-05,2.885897592161512e-05,0.009542902546854961,1.0891355159159064e-05,2.1218798738257107e-06,1.820405174967808e-06,8.938012503807998e-05,0.0202608091042995,4.500203608462746e-09,4.8550764404985484e-08,0.001317780021547461,7.2675778196297e-05,2.5250561747058838e-08,0.9677228589848099,1.1139959304953413e-08,5.35265282820474e-07,7.634866484341292e-06,8.37637340902814e-10,6.018097620610536e-12,3.357320359985117e-11
40,0.0003460198476960365,0.0006032590423116096,1.1259790981783732e-05,2.0280977223560425e-07,5.041363773262143e-06,2.7061840136196757e-05,2.8344607272462214e-05,0.009316449211234817,1.1723772371161802e-05,2.2559070902808617e-06,1.8937106470972834e-06,9.09689146883787e-05,0.020744167912463342,4.746610729790975e-09,4.785586191612215e-08,0.0013320018157228562,7.416518551192453e-05,2.597205673531606e-08,0.9673968054628711,1.1223049977219145e-08,5.334520929532129e-07,7.754692118468419e-06,8.229911349602307e-10,6.496180850460711e-12,3.41772300418423e-11
41,0.0004196397955337531,0.0010424564565201036,1.775289334424885e-05,3.8547511614415786e-07,1.0549718711962616e-05,4.454916861359519e-05,3.836675028946266e-05,0.012085547629826283,2.7949471348125305e-05,3.2295624758958e-06,2.6220432665781094e-06,8.83705508406699e-05,0.029657853666225156,6.759636853479626e-09,6.749546833946893e-08,0.001989577688679725,9.311308505977555e-05,2.5487476524504772e-08,0.9544698240854382,1.3187722385992406e-08,5.450026024922762e-07,7.552927960912264e-06,1.0486698001228812e-09,1.0962897441944483e-11,3.82101359858223e-11
42,0.0008305078295187471,0.001534896885298184,2.2920208731620225e-05,8.708341870453943e-07,1.4085571927516974e-05,0.00012060308490178834,7.55557578386064e-05,0.010410918226898356,4.6302781490656874e-05,6.247229774083548e-06,6.670070905262945e-06,0.00018132564076112849,0.05851599739425489,2.1247555723988163e-08,9.05996934666155e-08,0.004637777624973799,0.00023299984286115143,1.0755429655733953e-07,0.9233524005407276,2.780167150364822e-08,7.793799492913714e-07,8.890732111347782e-06,2.9911840805648597e-09,4.0393384492324405e-11,1.2809413098041377e-10
43,0.00034319778059683224,0.0006288675713781238,1.1007807701002525e-05,2.0451489500252227e-07,4.755870364765717e-06,2.400652439100126e-05,2.9469104944437538e-05,0.009586485046260754,9.20102605369098e-06,1.5718079959905333e-06,1.9227172489883745e-06,0.00011694010652441882,0.026541968200708234,4.406380845099691e-09,3.837490801919729e-08,0.0012061441703136522,7.775803080452199e-05,2.899751211817853e-08,0.9614093094072698,9.36853087521282e-09,5.116030692511923e-07,6.596777084126941e-06,7.50515292732067e-10,4.918674376418921e-12,2.9629615489623904e-11
44,0.0003467035107568595,0.0006031045701573035,1.1245212424903283e-05,2.0320528237604545e-07,5.038075610428065e-06,2.7066278365781514e-05,2.8409516235678908e-05,0.009339341620789986,1.176084690283408e-05,2.2597963373364755e-06,1.8957143307121527e-06,9.099986387396244e-05,0.020767029434956827,4.7477307092159955e-09,4.789942177408935e-08,0.0013362095948367628,7.438220655025999e-05,2.602203343763003e-08,0.9673459656157956,1.1228444487974598e-08,5.333486020059954e-07,7.760824968837597e-06,8.248424483991829e-10,6.508865289349514e-12,3.423983595026727e-11
45,0.0004129280459490415,0.0007477006086418655,1.1741512040744776e-05,1.882636130389777e-07,5.41177927460456e-06,2.5923794435782362e-05,2.3607790219571998e-05,0.007572745163880895,1.2862761684643685e-05,2.502929229309473e-06,2.092553842142632e-06,0.0001221657314992534,0.023746943542274877,6.1540794606752345e-09,3.4584076393253566e-08,0.0011626343373125365,8.670782694389126e-05,3.581083860242047e-08,0.9660543919359456,1.188153026151564e-08,5.593585184453296e-07,8.802749828302632e-06,8.325571329986608e-10,7.235825709041562e-12,4.454753971213332e-11
46,0.00040803460154761016,0.0006495188071766453,1.2530767998618841e-05,2.956779538639462e-07,4.397886999513055e-06,3.708992820469182e-05,3.1796671399753446e-05,0.012099029243384045,1.256863795064983e-05,2.623979766974083e-06,2.3274610489144092e-06,0.00013711887508594908,0.02766063144944937,5.7052157346164595e-09,5.1524550467507734e-08,0.0019003985274696751,0.0001388052794785974,3.649085807814985e-08,0.9568928312755756,1.2677201954969406e-08,6.914842768838797e-07,9.201967966685742e-06,1.0362061164677886e-09,8.067691336364265e-12,3.5165864949142245e-11
47,0.00035090082863194883,0.0006646187254464443,1.4097405424437563e-05,3.0338090472920315e-07,6.790219381048051e-06,3.624035273692486e-05,3.316136507091473e-05,0.01017780507755154,1.4734035241282962e-05,2.620825925797629e-06,2.5068484174429593e-06,9.30733785341697e-05,0.025231636275501144,6.28254401828686e-09,6.0597145738736e-08,0.0017443679143934014,8.66658251184908e-05,2.8244700085573257e-08,0.9615320489019122,1.2947031621784803e-08,5.96142740634609e-07,7.723295306272019e-06,1.0844527936193744e-09,8.89568310538371e-12,3.699118144855641e-11
48,0.001566263963307372,0.0016580210069972459,0.00013542354811403083,3.7775094067972446e-06,0.0007198564872702788,4.116307058934623e-05,0.0001132487996888749,0.0035815040929582293,0.0007708762573516655,0.0005325281010630514,2.8487526426726534e-05,0.00012131365623933442,0.017644832952535567,1.1105051218384638e-06,2.898628578840779e-07,0.004808589908227726,4.712056106582393e-05,7.150681848978988e-07,0.9680173659422984,8.547410235580887e-07,6.416844844757746e-06,0.00020021494927375324,1.434369960812317e-08,3.287765701625047e-09,7.013687751765979e-09
49,0.00028545482630741494,0.000663252312460688,1.4543401464969448e-05,1.9106630983434565e-07,4.7166132921953845e-06,3.4264105084208787e-05,2.500681211698355e-05,0.008076738432247852,8.516959977685021e-06,2.177822012295896e-06,1.8499415145600003e-06,0.0001233277355482016,0.021951709633112118,5.676506497492053e-09,4.6829130123749466e-08,0.001090175210660533,8.486981264092523e-05,2.785874896092309e-08,0.9676228361311947,1.2917048417111112e-08,6.63579893788337e-07,9.611547681765296e-06,7.372153518251353e-10,5.737481448060811e-12,3.209261636381063e-11
50,0.0003537989866138947,0.0006843607208893056,1.3509796001551347e-05,2.64496543022477e-07,5.644664930212562e-06,3.582041620845407e-05,2.730236241057275e-05,0.009411808267988835,1.1781208570456085e-05,2.2400054648679357e-06,2.359099894315741e-06,0.00011653986883478132,0.025328722197468664,5.636880521788565e-09,4.951950912551273e-08,0.0015198231853223707,9.322846006105014e-05,2.8822031111636036e-08,0.9623845305623027,1.1969549527053724e-08,6.529789706397283e-07,7.515789527639956e-06,9.454130070902254e-10,7.643665249746991e-12,3.0969880466297925e-11
51,0.00018649672776897548,0.0001071318180061608,4.3776468002100715e-06,4.9516534210356175e-08,1.4444597506003346e-06,1.6685673746927136e-05,1.2355581252438772e-05,0.004291740177103112,1.839409991932952e-06,8.574548328851709e-07,6.593960222034208e-07,4.819313922799203e-05,0.005963660880886705,1.6837352042097589e-09,2.3588443188637237e-08,0.0007394531576359151,2.4695976280845615e-05,2.197899188173351e-08,0.9885965219837496,1.894077438743275e-08,4.3455537487382163e-07,3.335165113604513e-06,1.0604984762197206e-09,2.0652045378876863e-12,2.5412375649733243e-11
52,0.00021803603355463396,0.0006386365980583951,7.603101980648026e-06,1.132589453167741e-07,4.050172284606291e-06,1.7043028275114976e-05,2.771149992744433e-05,0.008557474694812257,8.37052143524227e-06,1.1708864295526846e-06,1.1838495733691612e-06,6.86879527836835e-05,0.012961807727157682,2.818838401983966e-09,5.3636286723337685e-08,0.0006249804390799392,4.4206778517321596e-05,1.1682416837544256e-08,0.9768104167879521,6.314522149401636e-09,5.51044125898691e-07,7.88049451069225e-06,6.43878469425328e-10,2.9166125955396433e-12,3.173672159356812e-11
53,0.0003450172616994143,0.0006809326813555667,8.732243834561954e-06,3.606933058069538e-07,7.427277017666593e-06,4.047343742952512e-05,0.00010430166203013964,0.017143404893682268,2.8629682805292667e-05,3.105063866108754e-06,2.695534050458848e-06,9.263743782521333e-05,0.026930784289701578,7.288317485032289e-09,1.3652735718875887e-07,0.0030330339093295614,0.00010424543027597177,3.6725821726702805e-08,0.9514620937224059,1.8262668839880988e-08,5.432806146271705e-07,1.1380494017528648e-05,2.1032797195978965e-09,9.874073334219895e-12,8.743390307249914e-11
54,0.00030102096062192233,0.0003672190561862659,2.1049464944804355e-05,2.8855871046036073e-07,4.934849508383735e-06,2.4977977039791203e-05,1.8292769493696423e-05,0.010276786738822711,5.759257919115629e-06,1.955660880619599e-06,2.0937005474473235e-06,8.046922457432694e-05,0.023772742311997108,4.2400293956689565e-09,4.0509420282105134e-08,0.0011770107134807483,6.62944446064317e-05,2.3844237171486295e-08,0.9638720070722772,1.2402427414865246e-08,7.06878412350455e-07,6.308646606542573e-06,6.93666294106646e-10,7.0839771347213366e-12,1.650537358391097e-11
55,0.00041494614952418516,0.0007804638545179553,9.501010866800585e-06,1.7612439702990718e-07,5.318818691981067e-06,2.1586764840899564e-05,3.0565800504786735e-05,0.008641890400709557,1.3873537118944391e-05,1.870061567832085e-06,1.8825166796842705e-06,0.00013465804250260092,0.024854685644648673,4.840125848130593e-09,3.48383106188481e-08,0.0011599591944602757,7.834329052636945e-05,3.552492737752269e-08,0.9638422479289899,1.0282302160420466e-08,4.642717451244897e-07,7.480291101993237e-06,7.625366107623095e-10,5.688367377184729e-12,4.271438712692413e-11
56,0.00034464823397799515,0.0006323165983444124,1.1626174980985539e-05,2.1979525424953526e-07,5.362150007384431e-06,2.7344167400001932e-05,3.0147195910856376e-05,0.009604507111874955,1.1860809628474167e-05,2.223555215184355e-06,2.074579787345302e-06,0.00010125087123158204,0.023929972725535438,5.1922073369595665e-09,4.816640004016701e-08,0.001370031132661727,7.82149878967443e-05,2.8374158065673648e-08,0.9638396759944258,1.1641750279284673e-08,5.474590487635242e-07,7.88217455058722e-06,8.655341860476531e-10,6.607080621994884e-12,3.5610309427127735e-11
57,0.001803925986370631,0.002843649678380267,4.9296069071001086e-05,4.383186240208275e-06,2.2875732150922643e-05,0.000372865065556652,0.0003011696928885348,0.03396464800311808,0.0003238796858897763,3.0901015254192665e-05,1.4295528915360121e-05,0.0001178763769987886,0.09070468487922564,4.829905553464885e-08,4.24707115504213e-07,0.014951775897333588,0.0007810799257551792,1.5524867817201602e-07,0.8536893279294385,5.2716906438854134e-08,1.2277276008135684e-06,2.14482855256102e-05,7.76423845682257e-09,2.734152481999824e-10,3.2487689796848196e-10
58,0.0003833577468796806,0.0006437551438419185,1.2405312621737236e-05,2.2695785536915767e-07,5.451608289346023e-06,2.8939021144489366e-05,3.0028848297580626e-05,0.009406944570123796,1.3375316336666351e-05,2.6009265085504016e-06,2.1458210861157842e-06,9.204771300789114e-05,0.02102742175243972,5.217496461315405e-09,5.5188995703668426e-08,0.001426392623314956,7.815093804474098e-05,2.7773272008096924e-08,0.9668377741779227,1.2274060874901687e-08,5.772175996370972e-07,8.30291049852279e-06,8.936039469241374e-10,8.682884879631001e-12,3.807461922419142e-11
59,0.0003959388210740944,0.0006366425924387973,1.3928006430555422e-05,2.482259288181114e-07,5.813954340533906e-06,3.0678334287821776e-05,2.8925635413391803e-05,0.009498559399499777,1.4188771328339516e-05,2.9086373267151483e-06,2.226379732036836e-06,8.975770264713812e-05,0.019963101481902664,5.7244210880900136e-09,5.920173417397464e-08,0.0014602693630977237,8.150630965426447e-05,2.8878516069435292e-08,0.9677657454938652,1.3652308587933162e-08,6.238548536211026e-07,8.828555637501046e-06,9.726938777066928e-10,1.0243395291281171e-11,4.0623756366713866e-11
60,0.0003467035107568595,0.0006031045701573035,1.1245212424903283e-05,2.0320528237604545e-07,5.038075610428065e-06,2.7066278365781514e-05,2.8409516235678908e-05,0.009339341620789986,1.176084690283408e-05,2.2597963373364755e-06,1.8957143307121527e-06,9.099986387396244e-05,0.020767029434956827,4.7477307092159955e-09,4.789942177408935e-08,0.0013362095948367628,7.438220655025999e-05,2.602203343763003e-08,0.9673459656157956,1.1228444487974598e-08,5.333486020059954e-07,7.760824968837597e-06,8.248424483991829e-10,6.508865289349514e-12,3.423983595026727e-11
61,0.0003795941595391932,0.0006119489821823542,1.3991218800708234e-05,2.3327012862282927e-07,5.3822819231568196e-06,2.9334095091596707e-05,2.74677839782303e-05,0.009617390818475418,1.220939497462934e-05,2.6148883884492396e-06,2.031570465013114e-06,8.891903900967177e-05,0.02002261519609059,5.1660067130681825e-09,5.3797983773525636e-08,0.001356037636468377,7.753463740867515e-05,2.7450597336101455e-08,0.9677437329607333,1.2623016463728863e-08,6.046501680357513e-07,8.257479606142594e-06,8.551950447913045e-10,8.639730876892306e-12,3.512884448057589e-11
62,0.0003467035107568595,0.0006031045701573035,1.1245212424903283e-05,2.0320528237604545e-07,5.038075610428065e-06,2.7066278365781514e-05,2.8409516235678908e-05,0.009339341620789986,1.176084690283408e-05,2.2597963373364755e-06,1.8957143307121527e-06,9.099986387396244e-05,0.020767029434956827,4.7477307092159955e-09,4.789942177408935e-08,0.0013362095948367628,7.438220655025999e-05,2.602203343763003e-08,0.9673459656157956,1.1228444487974598e-08,5.333486020059954e-07,7.760824968837597e-06,8.248424483991829e-10,6.508865289349514e-12,3.423983595026727e-11
63,0.00034893555443853705,0.000631171779768243,1.1163250414806051e-05,1.9806913413580462e-07,5.0948774282003055e-06,2.664781011807104e-05,2.8541245358348845e-05,0.009205535911006367,1.1971355452996121e-05,2.253900376646012e-06,1.8977339947339965e-06,9.09804337533126e-05,0.020691330363140012,4.711863133945879e-09,4.807496425287972e-08,0.0012898556096010358,7.27607066618421e-05,2.5462763578758222e-08,0.9675732240690443,1.091276526577331e-08,5.348038520993614e-07,7.812520181353149e-06,8.028146918881959e-10,6.485478940743944e-12,3.461845682785783e-11
64,0.0003105670929820955,0.0005803124369919403,1.0794631318090828e-05,1.743651519018978e-07,4.766273734202798e-06,2.4151837260454733e-05,2.5050543224011203e-05,0.008436473882273572,9.407474286320355e-06,2.0110930834337415e-06,1.774932389511771e-06,8.21410757748505e-05,0.01710126721700752,3.975863826473743e-09,4.894042111270182e-08,0.0010707126052628118,5.825174925809965e-05,2.0987941418945742e-08,0.9722742022837092,9.979370392098433e-09,6.080031497258213e-07,7.247844044405269e-06,7.39856910744443e-10,5.718029615347464e-12,2.9926301042148695e-11
65,0.00018785686909621275,0.0005349080512061035,2.2559104871648297e-05,2.7635667976915657e-07,4.823754985694451e-06,5.316512332633078e-05,3.0569608977566215e-05,0.009846760476887604,5.39600671075601e-06,1.9738572191011643e-06,1.923239406414253e-06,5.3376740013218386e-05,0.014640241929142964,4.507039638319102e-09,1.2877431559223463e-07,0.0010720869092052424,5.682055247199137e-05,1.1192295797690318e-08,0.9734780451759041,1.045159409644847e-08,9.930330310731383e-07,8.06746007777512e-06,7.987316336191555e-10,7.123609511812047e-12,1.9686217632921752e-11
66,0.0003336049990903468,0.0006222554032682949,1.2466151602423734e-05,2.1971230486252576e-07,5.5557948121800805e-06,2.7823159131713602e-05,2.608970092948851e-05,0.008910477631661765,1.1620011308832606e-05,2.3927063340368627e-06,2.1124200395717975e-06,9.842600562760213e-05,0.02288686668370734,5.319010124644072e-09,4.598682717228471e-08,0.0013819528577454696,7.807125467033147e-05,2.6480273178877212e-08,0.9655912856340907,1.1309509844658174e-08,5.541757204907225e-07,8.135757507231005e-06,8.061998984650849e-10,6.7575159795351625e-12,3.186971078608762e-11
67,0.000344527152046654,0.0006105296621242203,1.141052087414331e-05,2.0612242920565615e-07,5.015138647791165e-06,2.917982293883185e-05,2.8738050124849487e-05,0.00911192967153303,1.1580313980568573e-05,2.322395684632011e-06,1.9637995200454875e-06,9.500969819214593e-05,0.02102191895422136,5.055499534604183e-09,4.964880958579263e-08,0.0013686194738221252,7.763506201916286e-05,2.7224200896881283e-08,0.9672707701004528,1.1895388774753344e-08,5.559912980811788e-07,7.993332829632259e-06,8.707227011419484e-10,6.79712446503594e-12,3.5842053460800656e-11
68,0.00034606346265876847,0.0006056992710869699,1.1217373555339383e-05,2.0246737145940092e-07,5.0578130424199595e-06,2.7080069399391044e-05,2.8390806860839743e-05,0.00930851321432976,1.1830690308167248e-05,2.2681078822236713e-06,1.8934523857514702e-06,9.04133325858066e-05,0.02055070703928484,4.749662610901625e-09,4.834185233622581e-08,0.0013319446349255634,7.404091898259013e-05,2.5761434187711297e-08,0.9675962452097725,1.1191518956373306e-08,5.340138656265803e-07,7.807211589728672e-06,8.247169061061246e-10,6.534552210960367e-12,3.4392705491502165e-11
69,0.00031066023862405236,0.0005437153409674965,1.0451558950773067e-05,1.697523318022024e-07,4.157290964445832e-06,2.7396346549121305e-05,2.506617100265786e-05,0.008104409608053512,8.68451227164959e-06,2.025064812816075e-06,1.784749248159921e-06,9.3585155264109e-05,0.019418411955737635,4.357285878585106e-09,4.4091237224492094e-08,0.001204244826137194,6.884156775096109e-05,2.4893465943561195e-08,0.9701685367212711,1.1174952013824524e-08,5.583893171997969e-07,7.215432426668024e-06,7.657192635325742e-10,5.5666481236781965e-12,3.0091508993036323e-11
70,0.00042989685565777936,0.0007137233811619546,1.7068496987626725e-05,4.5070093181716976e-07,7.999233665843492e-06,5.049155107449794e-05,4.1191648405690176e-05,0.012939956806314375,2.2110392557152942e-05,3.6794898907179587e-06,3.0138298457400904e-06,0.00012372016199987777,0.03374784701425008,9.073243381050067e-09,6.765169932664352e-08,0.0027427641969035876,0.00014251114289397145,4.519723582315664e-08,0.9490033798530912,1.991121281979243e-08,6.061537712405052e-07,9.445702586807613e-06,1.4928829987819092e-09,1.3172935630241545e-11,4.8562558205743776e-11
71,0.00038652720415387047,0.0005931045369138009,9.71122382225453e-06,2.0844796269814063e-07,5.240159736028505e-06,2.41118353937357e-05,2.8266789321801462e-05,0.00994929946061462,1.3361510849095242e-05,2.2603494754052004e-06,2.039268319028644e-06,9.613424301509031e-05,0.021598391333167183,4.64698747397131e-09,4.589443245650791e-08,0.0015158475457165122,7.642917072586745e-05,2.8134891713362915e-08,0.9656909476762051,1.1146058055053328e-08,5.105876992697687e-07,7.517884765311539e-06,9.074850338451035e-10,6.905872530985544e-12,3.538282141376126e-11
