,0,1,2,3,4,5,6,7,8,9,10,11,12,13,14,15,16,17,18,19,20,21,22,23,24
0,0.0003377688578060165,0.000763031981069097,1.3833022101385705e-05,1.8189942302374604e-07,5.44835164944677e-06,2.52391866928502e-05,2.9431065381648768e-05,0.007468483216154212,7.335095456250405e-06,1.0387550018441643e-06,1.8113059566754047e-06,0.00013665334119724213,0.02888809987913534,4.855794626734059e-09,3.0867955372382846e-08,0.000777722396889772,6.56798938607973e-05,3.335386884613166e-08,0.9614720620875202,9.396744221197705e-09,5.103690365197422e-07,5.5900425078814225e-06,7.40490356504296e-10,4.27448314480003e-12,3.403172754115041e-11
1,0.00017070093163874713,0.0026078273828213615,4.3154313250823e-05,1.9177202238288693e-07,1.6227050018732098e-06,0.0001027680039775515,4.418578212818729e-05,0.004291226354060526,2.5027856233301647e-07,2.4598848560046923e-07,5.494623133140303e-06,0.004624720483021289,0.15718749340062294,3.7172077523950194e-08,3.78865288943655e-08,0.00017269597381572958,0.0005461498367693283,2.2034659529227933e-07,0.8301575971057786,9.834491348867994e-09,4.561570793598404e-06,3.8807396242616256e-05,7.941143668748814e-10,2.102797258084493e-12,6.196318252097235e-11
2,0.00031619181582390773,0.0006084824179225913,1.192807225971839e-05,1.267300283759518e-07,5.697223887165322e-06,1.9409304663813244e-05,2.6863311477692617e-05,0.006892016361063893,8.065129695441527e-06,1.1141893401891545e-06,1.3294162237087629e-06,9.242158159451087e-05,0.018730921977037462,4.44315952284323e-09,3.321803964341876e-08,0.0006330438976102848,4.2765925573425196e-05,2.8707505595207808e-08,0.9726030003679003,1.2030351352886804e-08,4.086506882576118e-07,6.134422218304397e-06,7.580611065237241e-10,4.265639839498117e-12,4.360787581269427e-11
3,0.0003305575155983736,0.000740162859526576,1.370314991521688e-05,1.764250650387911e-07,5.349225724870914e-06,2.5585434057634477e-05,2.8873532816209643e-05,0.007249202002818373,7.072837519447352e-06,1.0386368300648127e-06,1.7804550782471223e-06,0.00013324808543591738,0.027804293272995453,4.755205716941549e-09,3.1214355405016376e-08,0.0007741302332160739,6.275918806678872e-05,3.2660971133969574e-08,0.9628160268705663,9.598870031591381e-09,5.104150385588634e-07,5.450858767512109e-06,7.340100141542667e-10,4.26493961166055e-12,3.328587104890239e-11
4,0.00031183501885986354,0.0008121126300067889,1.3932764166339332e-05,1.9822104880032395e-07,5.976654683907399e-06,2.6110959884105542e-05,3.084611993732583e-05,0.007270781894247815,6.9891610759746845e-06,9.881221963744554e-07,2.147558337705052e-06,0.00016864942856477784,0.03637606455814702,5.751608437863227e-09,3.0435894110732896e-08,0.0008030298593421524,7.000351843246867e-05,3.7592899448620435e-08,0.9540939656838138,9.939271959514316e-09,5.430368467435038e-07,5.740241114806115e-06,8.100440932242004e-10,4.141583760863878e-12,3.543351220128164e-11
5,0.0004556643826803513,0.0007832161556928157,1.664074093601055e-05,2.4504800663326407e-07,5.906421853106854e-06,2.9221429137100523e-05,3.376746802124324e-05,0.008743033625891822,8.892921984899362e-06,1.3565851417824535e-06,2.126142043319823e-06,0.00016781640501634598,0.034154562466994796,6.318513947917094e-09,3.206794117386742e-08,0.0010121519909085158,8.908033037543597e-05,5.505866438956663e-08,0.9544894589308135,1.2980401540870744e-08,5.573137502025875e-07,6.194215819252496e-06,9.47230286603535e-10,6.519289347322503e-12,4.566241244099885e-11
6,0.0003305575155983736,0.000740162859526576,1.370314991521688e-05,1.764250650387911e-07,5.349225724870914e-06,2.5585434057634477e-05,2.8873532816209643e-05,0.007249202002818373,7.072837519447352e-06,1.0386368300648127e-06,1.7804550782471223e-06,0.00013324808543591738,0.027804293272995453,4.755205716941549e-09,3.1214355405016376e-08,0.0007741302332160739,6.275918806678872e-05,3.2660971133969574e-08,0.9628160268705663,9.598870031591381e-09,5.104150385588634e-07,5.450858767512109e-06,7.340100141542667e-10,4.26493961166055e-12,3.328587104890239e-11
7,0.0003111211038168626,0.0007026806809173483,1.4936420491604556e-05,1.458637167752556e-07,4.712672196321972e-06,1.776324442485331e-05,2.4750660895895392e-05,0.006897941585850572,4.290626985460543e-06,7.340222441739924e-07,1.5940712955530016e-06,0.00013148509158467128,0.03437521458311894,3.46745764554126e-09,2.0918866133623835e-08,0.0005512424051495174,4.656557551068736e-05,2.929611705434269e-08,0.9569102336551575,7.093422866540032e-09,4.5530953569639526e-07,4.071183325356123e-06,4.44075564405209e-10,2.7757709743026126e-12,2.1067238457481014e-11
8,0.0005594919583906258,0.0010011521206732433,2.4445461203488378e-05,3.220510431963618e-07,9.958506450439613e-06,3.180887353493327e-05,4.053325381285307e-05,0.008671630188727767,1.9683991029641683e-05,2.5164087352357375e-06,2.6903385257794543e-06,8.987108140723334e-05,0.02267392549374398,8.862471153687574e-09,7.400976036711853e-08,0.0009892645557933425,7.24782729400272e-05,3.985146369121547e-08,0.9658001418693605,1.576592960250112e-08,6.41689685306678e-07,9.303959087452717e-06,1.3311406697358315e-09,1.980614788101894e-11,8.528345012601871e-11
9,0.000481651074678967,0.0007098079624812369,2.6164401970890078e-05,3.120234033693198e-07,7.379023817616128e-06,3.294329792684002e-05,2.723412640267986e-05,0.00903820136484828,1.2104890394254076e-05,2.198128167866698e-06,2.2615173254932636e-06,0.00010380383921617552,0.02652095888166776,7.440324163796087e-09,4.59270552431335e-08,0.0010648451646772022,8.108599524850332e-05,4.167113479656556e-08,0.9618809616170151,1.6446437076120436e-08,6.080733253236952e-07,7.3660720628744185e-06,1.0024671632562392e-09,1.306192332977607e-11,4.488912446717533e-11
10,0.0003305575155983736,0.000740162859526576,1.370314991521688e-05,1.764250650387911e-07,5.349225724870914e-06,2.5585434057634477e-05,2.8873532816209643e-05,0.007249202002818373,7.072837519447352e-06,1.0386368300648127e-06,1.7804550782471223e-06,0.00013324808543591738,0.027804293272995453,4.755205716941549e-09,3.1214355405016376e-08,0.0007741302332160739,6.275918806678872e-05,3.2660971133969574e-08,0.9628160268705663,9.598870031591381e-09,5.104150385588634e-07,5.450858767512109e-06,7.340100141542667e-10,4.26493961166055e-12,3.328587104890239e-11
11,0.00032045555903957747,0.0007360101421246403,1.3703041636114267e-05,1.8215866900088293e-07,5.375251334150713e-06,2.489644538323692e-05,2.9247932437694493e-05,0.007398766956669791,6.621859987462155e-06,9.918399687850072e-07,1.8512080174220872e-06,0.00014485822063573423,0.030553080294519794,4.8923500298699055e-09,3.0364215625029674e-08,0.000774331144187946,6.408257238143378e-05,3.4270014491573096e-08,0.959919543106307,9.67357221943763e-09,5.183089272940846e-07,5.403986017603235e-06,7.350264696181917e-10,4.051210743279962e-12,3.252540600971212e-11
12,0.0002968357828288863,0.001228509221388646,1.7907152870262073e-05,2.0455871423705294e-07,1.31233079174174e-05,4.723302851381211e-05,3.304859287206926e-05,0.004357277153615406,8.008680176742473e-06,9.781159542462355e-07,2.440991815216177e-06,0.0002445825151351815,0.037297293685921544,1.2508111773579457e-08,2.964739602173866e-08,0.0007287652097425916,6.0351361215894264e-05,6.450888172223072e-08,0.9556572050984269,1.923752520414327e-08,5.982014508095154e-07,5.510039509647028e-06,1.3202577799091338e-09,4.8222104268623856e-12,7.493588963648594e-11
13,0.0002700104671219561,0.0007991600192836223,1.3384410714613287e-05,2.1948044732486025e-07,6.1749107135636184e-06,2.5199287368163567e-05,2.8964908330886875e-05,0.0068235632316328895,6.097622535313676e-06,8.549350244304651e-07,2.790345763598674e-06,0.00017923644742016964,0.042854028592349144,5.8470128948607105e-09,3.14400887232705e-08,0.0008449385750255543,6.923562239824694e-05,3.220942690729017e-08,0.9480702981860211,8.15035778962843e-09,5.959468055468103e-07,5.168499529565997e-06,8.330920314016402e-10,3.991768900183469e-12,2.7544351298595703e-11
14,0.001552080907153688,0.000892304292050037,6.568287561113584e-05,1.849718735869223e-06,1.152951467461524e-05,4.447581708729894e-05,0.00013212384024248778,0.0652993038595975,0.00011936384947358229,9.41081772967436e-06,2.8742063278961233e-06,0.00014348103195813041,0.05068585727217589,1.7398212874171995e-08,1.1720865939320747e-07,0.003666915765800211,0.0006160269258920408,1.9419730744678352e-07,0.8767205350367697,5.196124902508053e-08,7.683188258139823e-07,3.503116876522879e-05,3.6805385702988023e-09,6.851990303249528e-11,2.66642159864695e-10
15,0.0003305575155983736,0.000740162859526576,1.370314991521688e-05,1.764250650387911e-07,5.349225724870914e-06,2.5585434057634477e-05,2.8873532816209643e-05,0.007249202002818373,7.072837519447352e-06,1.0386368300648127e-06,1.7804550782471223e-06,0.00013324808543591738,0.027804293272995453,4.755205716941549e-09,3.1214355405016376e-08,0.0007741302332160739,6.275918806678872e-05,3.2660971133969574e-08,0.9628160268705663,9.598870031591381e-09,5.104150385588634e-07,5.450858767512109e-06,7.340100141542667e-10,4.26493961166055e-12,3.328587104890239e-11
16,0.0003558938551762975,0.0007128998730908806,1.1681006557981831e-05,1.7668565400059844e-07,4.242233905186673e-06,2.6140351035120148e-05,2.835991190054753e-05,0.006845875695225239,5.244968012728334e-06,1.1691201918139347e-06,2.0412810175969155e-06,0.00018970272344739697,0.028949207105249987,5.222528949203696e-09,2.798413846007253e-08,0.0009007033214858998,7.773620292991382e-05,4.613121499300142e-08,0.9618821243508324,9.552760664242095e-09,7.27213005896037e-07,5.984375104420244e-06,7.948532621642142e-10,4.176115414004319e-12,3.65042685994988e-11
17,0.00037538381620706056,0.0007196135366894271,1.1537727340764806e-05,1.4053270867027623e-07,4.170094434141668e-06,1.5923270517889254e-05,2.5639144357595064e-05,0.007954132667576823,4.712607168577923e-06,7.291585719879104e-07,1.624267560672132e-06,0.00025011265954048845,0.03973677514398272,5.193083069227667e-09,1.6636236226878175e-08,0.0005919238481160728,8.146990212648016e-05,6.113175201049322e-08,0.9502191920598668,9.959036156629142e-09,5.073246963326295e-07,6.318552736612394e-06,7.220964055156814e-10,2.6602219017332096e-12,4.093659418325951e-11
18,0.00044855977527775965,0.0009207131883563543,1.0899483327028807e-05,1.7008518156382637e-07,4.161932650081601e-06,2.8101756072499416e-05,3.86421201992273e-05,0.008093995134766427,9.350976756386371e-06,1.3618932880902705e-06,1.94479086991813e-06,0.0002525770916083117,0.03408849347274834,8.181639739952524e-09,2.9263695577076703e-08,0.0008522453582936848,0.00013204847280601082,7.681473892398906e-08,0.9551056611268978,1.392236121240198e-08,5.921708205705637e-07,1.035168907169753e-05,1.204914892275772e-09,5.095300054115998e-12,8.856284253508499e-11
19,0.00029960882923998547,0.0007732305028468274,1.5517206643545476e-05,2.1007723560741226e-07,6.526601969638363e-06,2.1518460310946135e-05,3.287171320721661e-05,0.008592683781989754,6.455083198029533e-06,8.514679180333312e-07,1.94485595163225e-06,0.000155584743201844,0.03594642259567337,4.913947609323361e-09,3.1692107297073024e-08,0.000749152013515798,6.099550395558319e-05,3.339922522859042e-08,0.953330343353537,8.793148589000193e-09,5.017536493429792e-07,5.501951416013714e-06,6.731847278453688e-10,3.6271505999615283e-12,2.929928009912412e-11
20,0.00023785036971749643,0.0007134318515561995,1.3288878676058143e-05,1.774277751727466e-07,5.304757982046801e-06,2.409717074833403e-05,3.5453367957647466e-05,0.008433220374954331,6.356174902937969e-06,9.5999946799592e-07,1.8104324893225174e-06,0.00010476301045815425,0.022270685871091527,4.153017826038575e-09,5.596258578118165e-08,0.0006822673511134104,5.118587942653241e-05,1.9895730556568215e-08,0.9674115493343175,8.203002225955453e-09,6.424072062997066e-07,6.866329341901812e-06,7.614105659035866e-10,3.930719249071332e-12,3.1139421632428276e-11
21,0.000348874989209887,0.0007537618592062524,1.2055387994816062e-05,1.4829547226007187e-07,5.2074288120824165e-06,2.2064177147098904e-05,1.972288251324712e-05,0.0053307567684892235,5.711276743378514e-06,1.0716828307711579e-06,2.00392344527425e-06,0.00013966619764851107,0.026328924962226594,4.508244292606524e-09,2.3739857955066335e-08,0.0007302801589190512,5.1795334959815515e-05,3.1745006487706046e-08,0.9662429281267954,8.089474980678629e-09,5.403382851454216e-07,4.417483071787072e-06,6.125610537260284e-10,4.252274156037248e-12,2.6832321376257336e-11
22,0.00039419299751880543,0.0006606223164830054,1.7157056158455922e-05,2.2902600031793242e-07,4.170357619396352e-06,2.92575951598555e-05,2.4915400462262365e-05,0.008484736077836955,5.979667607883946e-06,1.3282431539287566e-06,2.042364102887245e-06,0.0001638063779867642,0.03232535151681839,5.047843076322161e-09,2.7952892824261784e-08,0.0009918838892900936,0.00010041378022207281,4.2522404799471946e-08,0.9567870441866826,9.990325231031998e-09,6.440466432728682e-07,6.138840902143632e-06,7.138441758171403e-10,5.196387555072388e-12,2.684452264836244e-11
23,0.0003305575155983736,0.000740162859526576,1.370314991521688e-05,1.764250650387911e-07,5.349225724870914e-06,2.5585434057634477e-05,2.8873532816209643e-05,0.007249202002818373,7.072837519447352e-06,1.0386368300648127e-06,1.7804550782471223e-06,0.00013324808543591738,0.027804293272995453,4.755205716941549e-09,3.1214355405016376e-08,0.0007741302332160739,6.275918806678872e-05,3.2660971133969574e-08,0.9628160268705663,9.598870031591381e-09,5.104150385588634e-07,5.450858767512109e-06,7.340100141542667e-10,4.26493961166055e-12,3.328587104890239e-11
24,0.00031033661014033374,0.0008522864113806497,1.6027909435713945e-05,2.6742771423893156e-07,8.445024586036103e-06,2.7721391096963474e-05,3.2452967102274165e-05,0.008130979401699786,8.121038213291571e-06,9.942067550866282e-07,2.500066534104785e-06,0.000189287754388363,0.044903060217245265,7.268132135610461e-09,3.15730947099925e-08,0.000989953675262067,7.479907887523668e-05,4.2732007395010904e-08,0.9444466465341452,1.1034484072909213e-08,5.074182173615284e-07,5.51929560129609e-06,9.240090633817567e-10,4.5499224408887666e-12,3.5329485042025127e-11
25,0.0002900807218985081,0.00047444175948461114,1.1812103949585613e-05,1.7477451398729417e-07,4.260482386755541e-06,1.4081294978117222e-05,2.6885306858854855e-05,0.009953559220634517,4.360725720933595e-06,7.034479681536456e-07,1.6097083971166524e-06,0.00012355126265260028,0.03217121197640917,3.135101232050182e-09,2.4289927267898956e-08,0.0007474278482486577,5.333666468993414e-05,2.927478033072893e-08,0.9561175569833782,7.2245362074924866e-09,4.4962909484623084e-07,4.431558711476824e-06,5.833725790212375e-10,2.5397430454032212e-12,1.9766550090601114e-11
26,0.0005988993596547119,0.0009551517991311809,1.775093275166341e-05,2.8202366020885415e-07,8.182395562273924e-06,3.17231066288933e-05,3.77746225221212e-05,0.009423090326350865,1.7245177793100715e-05,1.633347002951621e-06,2.232218084566108e-06,0.00012811348264794154,0.027978958305546565,6.345065467076174e-09,4.378302141943329e-08,0.0010693652027005801,8.360389629515578e-05,4.773784230073405e-08,0.959638981133748,1.5056647601148895e-08,5.603586290010424e-07,6.33803712435465e-06,1.2762784709884834e-09,1.172559522942421e-11,6.35848349475094e-11
27,0.00032920517134064654,0.0008363180242260421,1.3169583070282773e-05,1.9312180489680837e-07,6.68636396826528e-06,2.943566208182782e-05,3.871954256880333e-05,0.007680222551991196,1.2458137863816261e-05,1.454089276230878e-06,2.0561338043988343e-06,0.00011956741489945334,0.02400357510220526,6.398787628497954e-09,5.372004099027926e-08,0.0008990102252096108,6.900765011128865e-05,3.136660952014141e-08,0.9659499233249391,1.2572356356655716e-08,5.279951021752712e-07,8.364714288868994e-06,1.0696852471659733e-09,6.7673657329758096e-12,5.700068494586403e-11
28,0.0003305575155983736,0.000740162859526576,1.370314991521688e-05,1.764250650387911e-07,5.349225724870914e-06,2.5585434057634477e-05,2.8873532816209643e-05,0.007249202002818373,7.072837519447352e-06,1.0386368300648127e-06,1.7804550782471223e-06,0.00013324808543591738,0.027804293272995453,4.755205716941549e-09,3.1214355405016376e-08,0.0007741302332160739,6.275918806678872e-05,3.2660971133969574e-08,0.9628160268705663,9.598870031591381e-09,5.104150385588634e-07,5.450858767512109e-06,7.340100141542667e-10,4.26493961166055e-12,3.328587104890239e-11
29,0.0003305575155983736,0.000740162859526576,1.370314991521688e-05,1.764250650387911e-07,5.349225724870914e-06,2.5585434057634477e-05,2.8873532816209643e-05,0.007249202002818373,7.072837519447352e-06,1.0386368300648127e-06,1.7804550782471223e-06,0.00013324808543591738,0.027804293272995453,4.755205716941549e-09,3.1214355405016376e-08,0.0007741302332160739,6.275918806678872e-05,3.2660971133969574e-08,0.9628160268705663,9.598870031591381e-09,5.104150385588634e-07,5.450858767512109e-06,7.340100141542667e-10,4.26493961166055e-12,3.328587104890239e-11
30,0.0003305575155983736,0.000740162859526576,1.370314991521688e-05,1.764250650387911e-07,5.349225724870914e-06,2.5585434057634477e-05,2.8873532816209643e-05,0.007249202002818373,7.072837519447352e-06,1.0386368300648127e-06,1.7804550782471223e-06,0.00013324808543591738,0.027804293272995453,4.755205716941549e-09,3.1214355405016376e-08,0.0007741302332160739,6.275918806678872e-05,3.2660971133969574e-08,0.9628160268705663,9.598870031591381e-09,5.104150385588634e-07,5.450858767512109e-06,7.340100141542667e-10,4.26493961166055e-12,3.328587104890239e-11
31,0.00028745971783755903,0.0009832100152240126,1.405747855485859e-05,2.415449015761867e-07,7.208197779227812e-06,4.7675635274742343e-05,3.929444812307339e-05,0.006522194440501697,1.1894373504266844e-05,1.52570083414903e-06,2.7826616753780453e-06,0.00013723096338994238,0.029398466833044923,7.51168000765929e-09,5.9258885743133267e-08,0.0011868986598559319,8.169259049907954e-05,2.8724079575342906e-08,0.9612703565031829,1.1042320762771954e-08,5.983231563208687e-07,7.104246271720487e-06,1.07954074157552e-09,7.018255937693573e-12,4.2863474473480486e-11
32,0.00029777595585100524,0.0006489670325700382,1.2239711481774467e-05,1.442271464130947e-07,4.881958587934765e-06,2.2137227918058506e-05,2.5701565160913467e-05,0.00663428595458798,5.907810679378311e-06,9.136857641440636e-07,1.5533563468109498e-06,0.00012020705998929617,0.023850098769629027,4.138427912890908e-09,2.896822490031848e-08,0.000667285026808841,5.1326519159323824e-05,2.8705780755056182e-08,0.9676509392778351,9.1765490148438e-09,4.79506709446702e-07,5.083661875140612e-06,6.689236812535277e-10,3.544770851548684e-12,3.044840970716483e-11
33,0.00029625251323926825,0.0005949081145158279,1.567727893064733e-05,1.3833077396229951e-07,8.7163279597458e-06,3.220466584229913e-05,1.885376748706747e-05,0.0039400196546924005,9.975025821667169e-06,1.3390550695923547e-06,1.2723371198975607e-06,1.9833059374274453e-05,0.004165304424204605,2.270189131138888e-09,9.350879855109539e-08,0.0004254513173335545,1.1829558360816521e-05,7.032577143747861e-09,0.9904544478644567,1.0338858788636516e-08,8.994533227665623e-07,2.762870657530186e-06,1.180641423754749e-09,1.136828079408009e-11,3.8404286721389515e-11
34,0.00033546425440387427,0.0007862796728860503,1.514996422445837e-05,2.115307373421794e-07,5.5764549650231095e-06,3.14302005172136e-05,3.269130466096004e-05,0.008000065100012466,7.639914708531091e-06,1.145643731997818e-06,1.957117883903967e-06,0.0001503449410103675,0.03104611854472813,5.46626723119041e-09,3.513885693725368e-08,0.0009171033141572842,7.812590446711413e-05,3.685940293666052e-08,0.9585840590912239,1.0601303121498456e-08,5.540537915841748e-07,5.994062730496154e-06,8.235525540925245e-10,4.680886338919809e-12,3.509575634347708e-11
35,0.0006815264130056241,0.0005474108386792317,1.0262679449335525e-05,1.2021069139678023e-07,2.7677249137725625e-06,1.0203525015628432e-05,2.2378785287737183e-05,0.011559884655285058,6.7163340622844875e-06,9.609948340338236e-07,8.801731211346096e-07,0.00012879546648390344,0.0253060578660931,2.174618100296815e-09,1.1310152319858205e-08,0.0006420013005970144,6.866254843953753e-05,5.150947759936724e-08,0.9610064889707001,7.203356378529547e-09,3.31682267622202e-07,4.477201041344462e-06,4.0123798437340947e-10,2.7912710743447303e-12,2.8398464461064155e-11
36,0.00036846725829008673,0.000664726086113464,1.058359745568871e-05,2.9204233976587367e-07,3.5813582879574404e-06,3.1777833711916504e-05,5.5555908170758776e-05,0.017979312805735694,1.149199317912247e-05,1.1465013881029538e-06,1.949720935142133e-06,0.0002991638189850142,0.055257198787659896,6.682063339038097e-09,3.6573009809882445e-08,0.0018957052164251858,0.00025230014719366736,6.537232466732093e-08,0.9231550304684392,1.225845227090773e-08,4.0879415056204497e-07,1.1185590069720072e-05,1.1394195795614387e-09,3.8130323120529344e-12,4.238633693417182e-11
37,0.0005602522253465151,0.0006574037430119977,2.1333381011500047e-05,2.568956819757243e-07,5.355429262061257e-06,2.3135735924486428e-05,2.762632866553269e-05,0.008541595768846685,6.9900793606662015e-06,1.3602071531380373e-06,2.118469558873958e-06,0.0001329325805398067,0.030905999842019447,4.984233741958029e-09,2.9334448275503535e-08,0.0009019349569288023,7.378345062693194e-05,5.185855630271777e-08,0.9581322157111833,1.1417519694700281e-08,5.759863579921242e-07,5.030820519035534e-06,7.496705784845185e-10,8.586393139105479e-12,3.498619731691514e-11
38,0.00023270365844906487,0.00047286528759459744,9.897704134263293e-06,1.3055108236036222e-07,3.1320485964904587e-06,3.0277596225012143e-05,2.7306403147813468e-05,0.006107637810946306,3.300412084138985e-06,7.05679827418519e-07,1.5246385349361817e-06,0.00010615350547768194,0.022032333802886526,2.848321110782067e-09,3.274550998976905e-08,0.0008475382293432349,4.808158824693491e-05,2.2381138262074682e-08,0.97007237418779,7.899892414290574e-09,5.052020931242595e-07,3.4651527417193193e-06,6.454714993750244e-10,2.5764419776216114e-12,1.788858157252836e-11
39,0.00031880939899761563,0.0006999953494656937,1.313759459442097e-05,1.7254235492972634e-07,5.052355476412166e-06,2.501694502439609e-05,2.9429639084112324e-05,0.007450972756137393,6.5678079627679894e-06,9.766559861922798e-07,1.7097990700300328e-06,0.0001314224602519569,0.027223920691837506,4.497210987167038e-09,3.15392332748845e-08,0.0007659403203245937,6.186666436669094e-05,3.192522312450952e-08,0.9632590586655517,9.499107108307536e-09,5.14112839540918e-07,5.357996506028922e-06,7.466991399995034e-10,3.953485878372272e-12,3.2741175345265893e-11
40,0.0003297534923712028,0.0007402294545000699,1.3720609659320644e-05,1.7605205410148826e-07,5.353269357435212e-06,2.558835858365114e-05,2.8804012949873064e-05,0.00722952324280982,7.050489271178121e-06,1.0368605829446992e-06,1.778559569958072e-06,0.00013319852561253712,0.02777035553290457,4.7557080613004925e-09,3.1192002515344036e-08,0.0007716639998229305,6.25689816519817e-05,3.259240406301115e-08,0.9628731615112781,9.597770755691603e-09,5.104554991518068e-07,5.447683679210039e-06,7.324738567400271e-10,4.256455846622837e-12,3.322629572465065e-11
41,0.00039985080788716547,0.001281489254781653,2.1968016501048148e-05,3.389177839943259e-07,1.1783584376293482e-05,4.054883849649611e-05,3.994652174900802e-05,0.009468889989352882,1.784917151286486e-05,1.5366488060323779e-06,2.4846155347776242e-06,0.00012116208471817093,0.039123447267711574,6.841277289227773e-09,4.628431482896498e-08,0.001138528109802362,7.420126223203459e-05,3.087756225141654e-08,0.9482500214807545,1.138751986815511e-08,5.070592382089963e-07,5.350006299802637e-06,9.260516472806425e-10,7.601522272648837e-12,3.813385828842644e-11
42,0.0007657944294650851,0.0018778628579110218,2.7969607690555797e-05,7.525615046135625e-07,1.4546555069870646e-05,0.00011540964985931155,7.528126413689631e-05,0.008054397448679074,2.7046005498327462e-05,2.7848926207325104e-06,6.197923074292113e-06,0.0002643270920303119,0.07811255919624766,2.1027411321284387e-08,5.927308546360408e-08,0.0026354688108392306,0.00019796208115996223,1.3040944388365522e-07,0.9078144627824942,2.316306003310456e-08,7.434336688774517e-07,6.1967608277903436e-06,2.6285906491671173e-09,2.5767390344293752e-11,1.1986336355012812e-10
43,0.00032778380544294883,0.0007057711517077196,1.3987230157710178e-05,1.7387344539856049e-07,5.704316804327485e-06,2.8897193127397485e-05,2.7673954400495457e-05,0.006981422117914243,8.98581991812243e-06,1.484676941185224e-06,1.7568990922271797e-06,0.00010352771803593713,0.02170249118259532,5.1670954580806495e-09,3.912503464927984e-08,0.0008525032249150533,5.931399549276641e-05,2.9016785515380845e-08,0.9691714783486857,1.1586984387776618e-08,5.286360347504213e-07,6.430109677919806e-06,8.058289940448832e-10,5.606136071498746e-12,3.8275807175185576e-11
44,0.0003305575155983736,0.000740162859526576,1.370314991521688e-05,1.764250650387911e-07,5.349225724870914e-06,2.5585434057634477e-05,2.8873532816209643e-05,0.007249202002818373,7.072837519447352e-06,1.0386368300648127e-06,1.7804550782471223e-06,0.00013324808543591738,0.027804293272995453,4.755205716941549e-09,3.1214355405016376e-08,0.0007741302332160739,6.275918806678872e-05,3.2660971133969574e-08,0.9628160268705663,9.598870031591381e-09,5.104150385588634e-07,5.450858767512109e-06,7.340100141542667e-10,4.26493961166055e-12,3.328587104890239e-11
45,0.0003890121704861623,0.0009049025066883809,1.3928718084387973e-05,1.5968988720821177e-07,5.679539649806423e-06,2.4006265136453374e-05,2.376750358196235e-05,0.005852471868723603,7.663572273896029e-06,1.1353932575615796e-06,1.929882258161329e-06,0.00017792924833392903,0.03142820340633944,6.104438977155013e-09,2.212228881509548e-08,0.0006656680956258443,7.244757909262366e-05,4.466848733391321e-08,0.9604242941260887,1.0078151750796261e-08,5.288466233381635e-07,6.1878280771531185e-06,7.383929319481799e-10,4.588012914757313e-12,4.3443494137604314e-11
46,0.0004896492747597058,0.0008708428036435594,1.782804681979505e-05,4.228704208606097e-07,3.7339422912874243e-06,5.3119235081000806e-05,3.72606473220735e-05,0.013353388948689022,8.029731074987e-06,1.4737900725594468e-06,2.822820192029041e-06,0.0003418264164481959,0.05351216078485624,7.129497773159628e-09,3.6591590109054224e-08,0.0017417508740902572,0.00027386855397342993,7.191028448469438e-08,0.9292826293626449,1.2447420629889262e-08,9.486602961831087e-07,8.113884584779634e-06,1.2318082323927865e-09,7.052385620458273e-12,3.5085371436811536e-11
47,0.00033056063520035426,0.0008106982958838879,1.7107024974239572e-05,2.6040768780822546e-07,7.238924094335855e-06,3.3853052666410305e-05,3.344893004852742e-05,0.007820234402701043,8.80156381681957e-06,1.1998915932581803e-06,2.3494251389029513e-06,0.00013498844416250097,0.03351909304916145,6.270358838486007e-09,3.951298516656427e-08,0.0010013259554210285,7.1694138854781e-05,3.4955487060263844e-08,0.9562010746539136,1.1035328113443377e-08,5.659021997077393e-07,5.412531748188821e-06,9.55138212151891e-10,5.789884799165293e-12,3.5645915975497245e-11
48,0.0013969370941614495,0.002185247682981994,0.0001712501561595321,2.698210205319188e-06,0.0008478219485082642,3.525178057343912e-05,9.523854228424649e-05,0.0024042630254990506,0.00038914813298950767,0.0001608163705874112,2.8597810777861482e-05,0.00019442835312130833,0.023158626341015957,9.7342939505436e-07,2.0633273752422715e-07,0.0025141023410929384,3.58496704937697e-05,8.119899544771526e-07,0.9662503208162436,5.242288952612014e-07,4.875718822570443e-06,0.00012199071788905607,1.1016131061511895e-08,1.7768887685312268e-09,6.51259064796778e-09
49,0.0002580664389777479,0.000796868403305262,1.7629432756954973e-05,1.61890652071133e-07,5.096011113762312e-06,3.2765806421423754e-05,2.4961208096572377e-05,0.006059658117728711,5.090254291021078e-06,9.973196907614496e-07,1.7361288164130536e-06,0.00017770379068400693,0.02884788235359635,5.838814324029533e-09,3.111954726552694e-08,0.0006241143776630962,6.922519522424919e-05,3.3847669816395015e-08,0.9630704978081996,1.1360455181038579e-08,6.229118024716115e-07,6.839691108951772e-06,6.586585835974619e-10,3.7282569509895245e-12,3.0997281044823396e-11
50,0.0003272763194333124,0.0006903254397888452,1.2375903508559372e-05,1.522826357040591e-07,5.044446784560919e-06,2.1666252204622616e-05,2.9497736568380882e-05,0.007215158745556437,7.055305848871836e-06,1.0431320965107854e-06,1.5802254741212087e-06,0.00011556539175945427,0.024884753210093407,4.298342516727015e-09,3.064035297261934e-08,0.0007189472491902328,5.482445809276649e-05,3.07042074264726e-08,0.9659086780800683,9.20161610576505e-09,4.5532586926674485e-07,5.5249358578835e-06,6.757445204705646e-10,3.899421297215991e-12,3.5005641271384835e-11
51,0.0001647624782104624,0.00011643199471486398,4.809578972920272e-06,3.823049789664594e-08,1.4515558740532053e-06,1.4173315463223685e-05,1.2120120580528966e-05,0.003250731902414358,1.0274103029772268e-06,3.721501018460983e-07,5.616852956133835e-07,6.54971171681635e-05,0.007126405499991456,1.6060214808109259e-09,1.510862993071691e-08,0.0003992311742512125,1.889880515085428e-05,2.6129945004097084e-08,0.988820659058252,1.635464851720404e-08,3.901577019108595e-07,2.3776070318239417e-06,9.32439692692473e-10,1.2156008990067016e-12,2.512370297979354e-11
52,0.00021032212790120675,0.0007692479535872402,8.780317996900807e-06,9.521321836802789e-08,4.20982670648487e-06,1.5384159143621072e-05,2.774582388686496e-05,0.006478372337660694,4.950014590483658e-06,5.290675679071399e-07,1.1110112183550216e-06,0.00010249404284731788,0.0172288603473945,2.7910230547681522e-09,3.335265373776873e-08,0.00036068956967128793,3.720073068152311e-05,1.504019062912228e-08,0.9747439697952016,5.28824037159719e-09,5.174404803797703e-07,5.463144132574254e-06,5.708642010614997e-10,1.859975379845548e-12,3.1280790902215715e-11
53,0.0003262872397796689,0.0008090814505066392,1.0507707705067488e-05,2.935247232062484e-07,7.4155012950405235e-06,3.7548476029178336e-05,9.892026003247812e-05,0.013155990851282221,1.7137106189929166e-05,1.3344323780625792e-06,2.5041422872004974e-06,0.0001268085277185436,0.03485807616444921,6.9190918296449265e-09,9.003450848346358e-08,0.0016461869934608195,8.657518574042505e-05,4.28147299938664e-08,0.9488067522937764,1.522886830010928e-08,4.71642615385549e-07,7.95156002088899e-06,1.8558341259116546e-09,6.4676462650571175e-12,8.05090808187682e-11
54,0.00025880262987241663,0.00042921303828306017,2.5911916454703636e-05,2.427623496679272e-07,5.2858454669273976e-06,2.351877573162907e-05,1.8163299550432604e-05,0.007589175622107966,3.200548988047449e-06,8.451351932947549e-07,1.9603150080770033e-06,0.00011542464690407733,0.030658258773087872,4.295754682444515e-09,2.7546236266611174e-08,0.0006445310336121201,5.24200231809983e-05,2.782402639837692e-08,0.9601678394195357,1.071481143089499e-08,6.763658188819468e-07,4.458835685820473e-06,6.125025534389014e-10,4.475469475253126e-12,1.536154071480167e-11
55,0.00041046079581660963,0.0009578703867598249,1.1571381080833222e-05,1.537574170022414e-07,5.541202524187248e-06,1.9725190150914862e-05,3.128959145312757e-05,0.006859392276640099,8.264492745163766e-06,8.612099142519736e-07,1.7523431645574902e-06,0.00019381161190556683,0.03306258722418055,4.653421789735806e-09,2.24621808865701e-08,0.0006718683579697688,6.586600171563861e-05,4.47895140811865e-08,0.9576932968646279,8.496167809346665e-09,4.4690243547436503e-07,5.159297636382954e-06,6.656419311750558e-10,3.742614727569558e-12,4.119307155557878e-11
56,0.0003247364981881962,0.0007708172537374667,1.4079824156211233e-05,1.8865731444212456e-07,5.722629009512851e-06,2.5488859362196764e-05,3.0401483867566236e-05,0.007383900993853388,7.092500939636343e-06,1.0179648185449275e-06,1.9436610463117188e-06,0.00014665549284099787,0.03177265833851882,5.180067405652329e-09,3.136406781722465e-08,0.0007868232230991293,6.465964463799299e-05,3.510743450626499e-08,0.9586576898809046,9.908982597051049e-09,5.193644006570411e-07,5.521367058477517e-06,7.630499691732325e-10,4.292657440994208e-12,3.435085260873757e-11
57,0.0017186763096032369,0.003881421037242241,5.630614320061561e-05,3.428628728637785e-06,2.5523759858300592e-05,0.0003459242786078647,0.0002894095787691521,0.02449646420903957,0.00019280364426100266,1.1835339918900411e-05,1.304290904698891e-05,0.00017772191293199488,0.12447296057910598,4.29722093466928e-08,2.699979519909804e-07,0.009426693643744113,0.0006409267185594075,1.790769136137704e-07,0.8342329316063894,3.5664315891374055e-08,1.0264297360718793e-06,1.2368543966342081e-05,6.535832396000544e-09,1.6691485615545563e-10,3.131520888066738e-10
58,0.0003632461861622487,0.0007877248155732533,1.5106783864731973e-05,1.9640925775080005e-07,5.837923093060978e-06,2.7002037090579834e-05,3.0408358610657643e-05,0.007272728390263872,8.021597142671207e-06,1.193612239201829e-06,2.018249904453257e-06,0.0001334111608339584,0.028068393540749168,5.200402758840075e-09,3.6018314573444984e-08,0.0008224816311952405,6.476319412997925e-05,3.4433906821565855e-08,0.9623910287631542,1.0426898942595337e-08,5.489726033850389e-07,5.801464863663636e-06,7.874133698539224e-10,5.670012100372061e-12,3.666139200615666e-11
59,0.00037373433752156167,0.0007781644991492118,1.6915829654786657e-05,2.1333790047021852e-07,6.259341012554522e-06,2.8207635744109777e-05,2.9211608127474954e-05,0.007305399852651318,8.465370305418337e-06,1.3303437099860123e-06,2.097910913844827e-06,0.00012921241328784716,0.026569430296615522,5.667705323498145e-09,3.8640122616727984e-08,0.0008368895957247255,6.640989469188359e-05,3.546076938839936e-08,0.9638412348036459,1.1507723444381692e-08,5.905400073383115e-07,6.140219297713018e-06,8.482576722943078e-10,6.6590214108436335e-12,3.8801090604704215e-11
60,0.0003305575155983736,0.000740162859526576,1.370314991521688e-05,1.764250650387911e-07,5.349225724870914e-06,2.5585434057634477e-05,2.8873532816209643e-05,0.007249202002818373,7.072837519447352e-06,1.0386368300648127e-06,1.7804550782471223e-06,0.00013324808543591738,0.027804293272995453,4.755205716941549e-09,3.1214355405016376e-08,0.0007741302332160739,6.275918806678872e-05,3.2660971133969574e-08,0.9628160268705663,9.598870031591381e-09,5.104150385588634e-07,5.450858767512109e-06,7.340100141542667e-10,4.26493961166055e-12,3.328587104890239e-11
61,0.00036043532511042273,0.0007500450678967895,1.7009266118152992e-05,2.016965308411242e-07,5.742700075678412e-06,2.7469710127837648e-05,2.786833402423433e-05,0.007439460225824598,7.325735149275534e-06,1.1993785537754802e-06,1.910293861798867e-06,0.0001294897663797783,0.0267612357366415,5.155333255610689e-09,3.5075090328083644e-08,0.0007829365682537821,6.463960531646492e-05,3.41913592535917e-08,0.963616587068735,1.0739542394912562e-08,5.761457317473508e-07,5.781418583166128e-06,7.561577334914069e-10,5.639699900740084e-12,3.396257013526129e-11
62,0.0003305575155983736,0.000740162859526576,1.370314991521688e-05,1.764250650387911e-07,5.349225724870914e-06,2.5585434057634477e-05,2.8873532816209643e-05,0.007249202002818373,7.072837519447352e-06,1.0386368300648127e-06,1.7804550782471223e-06,0.00013324808543591738,0.027804293272995453,4.755205716941549e-09,3.1214355405016376e-08,0.0007741302332160739,6.275918806678872e-05,3.2660971133969574e-08,0.9628160268705663,9.598870031591381e-09,5.104150385588634e-07,5.450858767512109e-06,7.340100141542667e-10,4.26493961166055e-12,3.328587104890239e-11
63,0.0003341825135404985,0.0007754747802254049,1.3605739375470575e-05,1.7233421813940983e-07,5.401377248997378e-06,2.5148226549789257e-05,2.9048590863318153e-05,0.0071665346125192484,7.2017517218876735e-06,1.0360626697482733e-06,1.7823741666033741e-06,0.00013332105661054472,0.027740877043603975,4.7063760740960815e-09,3.127223168158246e-08,0.000748173636409873,6.15372633883346e-05,3.20401021035093e-08,0.9629504340213112,9.304132013909847e-09,5.124371809742484e-07,5.478103543433651e-06,7.141003938645556e-10,4.252389545914606e-12,3.365785253920512e-11
64,0.00030445326048683094,0.0007192667528016514,1.3161682260570064e-05,1.5322520405837497e-07,5.033331841136843e-06,2.257358205187977e-05,2.5710375419895562e-05,0.006657369863050929,5.688251328320693e-06,9.265483425418601e-07,1.6715447939503351e-06,0.00012096517006170469,0.023127459097968147,3.926428070624194e-09,3.157573532479041e-08,0.000624987091359187,4.979388390367699e-05,2.6751949201617883e-08,0.9683150822993345,8.39371319771208e-09,5.8521330744125e-07,5.047489573648117e-06,6.561461598821129e-10,3.766643007087512e-12,2.917159221228335e-11
65,0.0001752283718331426,0.0006203447062747645,2.734133284647896e-05,2.184862602893754e-07,4.877228717033121e-06,4.744509560306938e-05,2.9387759957793836e-05,0.007273539953209912,3.062773406496963e-06,8.814387457587509e-07,1.7614163390955877e-06,7.427437425299577e-05,0.018015006982480573,4.575931400110784e-09,8.373976256566788e-08,0.000548654706000971,4.5364009301524836e-05,1.3662757414510154e-08,0.9731255795866085,9.119904292960484e-09,9.359916952178783e-07,5.98397249013513e-06,6.914826074313915e-10,4.761257186679795e-12,1.937670185530914e-11
66,0.00032088607814033436,0.0007686207770119362,1.5153335401975091e-05,1.9062187519516835e-07,5.891215566545999e-06,2.6007130399425338e-05,2.6639476851929556e-05,0.006925148429895928,7.0018709637128185e-06,1.0960519166663723e-06,1.983705628951517e-06,0.0001442267509471004,0.030665394836114027,5.293714294342259e-09,2.983279126274456e-08,0.0007953508172493898,6.584765017117571e-05,3.3325094315990166e-08,0.9602242547363017,9.560236639999045e-09,5.301418906553306e-07,5.697612929819138e-06,7.133577244955697e-10,4.427282524100035e-12,3.112178678522056e-11
67,0.00032763939034510375,0.0007485938418844788,1.3904982413960723e-05,1.789575965027339e-07,5.3104694471131035e-06,2.7819542883628205e-05,2.9205617461095087e-05,0.007069720478553583,6.9729654861588e-06,1.0676600479358399e-06,1.8411420783682901e-06,0.00013959865002415074,0.02814873157207081,5.0893892010873985e-09,3.23716403421757e-08,0.0007941181300323096,6.593596748129489e-05,3.426367909349996e-08,0.9626131099998239,1.0230107764754773e-08,5.324927875053706e-07,5.635366360228492e-06,7.789803985749512e-10,4.45303498294813e-12,3.4972005796488235e-11
68,0.00032957179857767764,0.0007430485283229263,1.366987694935803e-05,1.7570947026811874e-07,5.3724853373705366e-06,2.56098333612855e-05,2.884478755249059e-05,0.0072204021856595215,7.1137890547311435e-06,1.042442280521897e-06,1.778466038546812e-06,0.00013237206670990167,0.02750892014480085,4.760742377512498e-09,3.151652447803206e-08,0.0007715307578466405,6.243597596558087e-05,3.231726486275173e-08,0.9631420357530242,9.575153825387706e-09,5.108927694295843e-07,5.4855648478813154e-06,7.340328218807306e-10,4.281114198701089e-12,3.343140260587725e-11
69,0.00028778296641606777,0.0006613821345781907,1.2744086575596502e-05,1.461816252759461e-07,4.433495487552287e-06,2.6631612321435523e-05,2.5310133606432893e-05,0.006195888476425168,5.23617114957545e-06,9.32291659226111e-07,1.6727027783627895e-06,0.00013748061682702188,0.025842887647718492,4.486054613732664e-09,2.909183244772917e-08,0.0006976109192599183,5.823862978133152e-05,3.1059496193999734e-08,0.9660358576952454,9.8353837202412e-09,5.317915955875985e-07,5.157248593344121e-06,6.92450389164213e-10,3.6431698559437604e-12,2.9495240661569206e-11
70,0.00040055053564504005,0.0008761499753294356,2.063324795908051e-05,3.8391426177323753e-07,8.405644756059942e-06,4.879508733621065e-05,4.169679075606426e-05,0.009824846685059436,1.3292400590505782e-05,1.674070578198021e-06,2.8028105131723073e-06,0.0001835732910205212,0.04480425227680096,9.314411920732454e-09,4.406128226910029e-08,0.0015588336501664766,0.00012179961963210904,5.680696552917875e-08,0.9420848328727317,1.7302632100556464e-08,5.777365063300251e-07,6.770504373677574e-06,1.3438470159596024e-09,8.549508164911867e-12,4.8295005099118425e-11
71,0.0004083718215106835,0.0007063980618101029,1.001018482010559e-05,1.7979208224550017e-07,5.8241439793863515e-06,1.8783745789368517e-05,2.8070194230422314e-05,0.00813852463385046,8.908062730681057e-06,1.025970363146844e-06,2.0404346333932123e-06,0.00014329532235014548,0.029469457418944595,4.3790634103891505e-09,2.809505073155559e-08,0.0009651367517476569,6.225068507957655e-05,3.6855090944012585e-08,0.960026153895195,9.041548255404677e-09,4.5908057065124987e-07,5.030540412424835e-06,8.498320823338647e-10,4.647260073237052e-12,3.466721420994424e-11
