,0,1,2,3,4,5,6,7,8,9,10,11,12,13,14,15,16,17,18,19,20,21,22,23,24
0,3.2362291964199775e-07,1.7489346229970683e-05,5.200639787064501e-05,1.5240572236315415e-05,0.00047020552953080876,0.0018539727133714367,0.00017427153304087244,0.0005904599368279608,0.38642325373875014,0.042621785822226345,7.475159003124425e-06,3.1158041314219047e-07,3.6281829108072684e-08,2.6922359474543235e-05,0.00013652616538252518,0.005270231838165952,8.155395334097437e-10,1.798477364072182e-08,0.5621763354184292,2.26083574944811e-06,0.00013755713160595867,1.2455986135063543e-05,2.1009773720213022e-08,1.882335081652769e-08,1.081939737008756e-05
1,0.0006790892579169281,0.08847648418455724,0.00020706370014833276,0.05629491277267789,0.04335309223581982,0.08648880695925257,0.008634428992046913,0.00849288306354314,0.002036182842553595,0.38378215126280363,0.02946885055848183,0.001429345114402179,1.9240906271796173e-05,0.016456771002902066,0.001734672732499178,0.0027481886687104333,2.742682744158114e-05,0.030029182577668297,0.07228948798003385,0.00011107431178631186,0.1289299794922542,0.026424810760679197,0.0054301895810512785,0.00014683212134397613,0.006308852093153688
2,4.0983758345931324e-07,3.2471318361807384e-05,2.0813751433647208e-05,2.0023398539954566e-05,0.00027923127849899525,0.001573675274538903,0.0001956622661850075,0.0006061903039754389,0.2140889738659118,0.060963699481891405,5.600710781904382e-06,2.50019544138075e-07,2.236097634995914e-08,2.969429850094549e-05,0.00028425409652245806,0.007211907751156057,1.5200888149609317e-09,2.3603452905673344e-08,0.7143381007698738,1.982853692592826e-06,0.0002920847265605228,2.604775888279819e-05,6.300038760182314e-08,2.0288887799636975e-08,2.8795463771052663e-05
3,3.8259505809381755e-07,3.5672767407081336e-05,2.7855087875945453e-05,2.4407174199918113e-05,0.00034051171294977695,0.0015000300924372786,0.00018398431927099337,0.0006146869318579221,0.2621496494694405,0.06866743509074953,6.359462298535956e-06,2.50712567259168e-07,2.9252984753567512e-08,2.9281230092583607e-05,0.000164422297308255,0.004789298550823506,1.1828808965035872e-09,2.8879760808001978e-08,0.6611580299021633,1.945960654235955e-06,0.00026205903907915363,1.804737087976072e-05,3.6792822016099304e-08,2.1875675686375125e-08,2.5572248762324533e-05
4,3.949654986144164e-07,4.051999082620674e-05,3.2369644291502855e-05,2.4822699742780128e-05,0.0004060618969334202,0.0016382661832162538,0.00019301562634908154,0.0005739090568008053,0.27699869365599555,0.07072138801815439,6.706508813758168e-06,2.717801229543486e-07,3.8033830570850014e-08,3.535451103863581e-05,0.0001694425096171226,0.004664120992384811,1.229210745113689e-09,3.045344226717066e-08,0.6441991946986521,1.963969722066168e-06,0.0002501045368879534,1.9070524440348416e-05,3.71716261180872e-08,2.4106554921855304e-08,2.419723584711764e-05
5,4.2750500198612086e-07,4.229951430432692e-05,2.799569577279235e-05,3.350033375249725e-05,0.00037994069104577935,0.0017674456275841095,0.00020828969111579785,0.0006927984773057824,0.24591372076766865,0.08501365665489002,7.715688634609617e-06,2.7453132428232137e-07,3.508571204383101e-08,3.230858297587431e-05,0.00015292664707471998,0.005067063447729141,1.3344116148383493e-09,4.330827789980687e-08,0.660285062105095,2.3657407062926085e-06,0.00032420968718253093,1.8947642443857956e-05,4.6354967612961004e-08,2.6672046617256494e-08,2.889821297632214e-05
6,3.8259505809381755e-07,3.5672767407081336e-05,2.7855087875945453e-05,2.4407174199918113e-05,0.00034051171294977695,0.0015000300924372786,0.00018398431927099337,0.0006146869318579221,0.2621496494694405,0.06866743509074953,6.359462298535956e-06,2.50712567259168e-07,2.9252984753567512e-08,2.9281230092583607e-05,0.000164422297308255,0.004789298550823506,1.1828808965035872e-09,2.8879760808001978e-08,0.6611580299021633,1.945960654235955e-06,0.00026205903907915363,1.804737087976072e-05,3.6792822016099304e-08,2.1875675686375125e-08,2.5572248762324533e-05
7,3.7923258885891857e-07,3.517295938612191e-05,2.74758295815675e-05,2.4294884060111258e-05,0.00034029457619395886,0.0015043506614249187,0.00018169811720835865,0.0006132741520312852,0.25968052055162605,0.06872552375706667,6.283195934024043e-06,2.500880788020815e-07,2.8638613318864727e-08,2.9184046741643342e-05,0.00016448552819996662,0.004838373260651007,1.1770074318109601e-09,2.8614054297507612e-08,0.6635188571514712,1.9288295504500925e-06,0.0002639144494880944,1.8052263856294018e-05,3.6977106139629816e-08,2.1529876385607503e-08,2.55695282029557e-05
8,4.333185451878649e-07,4.172369114029787e-05,3.108456330460737e-05,3.4254099011304236e-05,0.00029217351632742456,0.0011315433180836686,0.0002324456155204983,0.000707032429023514,0.2378595588168294,0.11283791627157115,3.3118510585347714e-06,1.919764149131064e-07,2.978146078779939e-08,3.462642997703753e-05,0.00015580839557585154,0.00759976988681079,1.182654017142019e-09,2.43400112038541e-08,0.6386707388517257,2.2339539304170965e-06,0.00030202346916003814,1.623729111663167e-05,4.541821841625889e-08,2.934016259998606e-08,4.676219236613879e-05
9,4.193067354384366e-07,5.095305886666695e-05,5.3459565436169685e-05,3.567389077169421e-05,0.00030663310290038044,0.0008291032903454304,0.00023722641322672668,0.0007525495902974363,0.3781341478935994,0.09524303172925476,4.1385437797199746e-06,1.8669910958155903e-07,5.00531130987688e-08,2.793736904281081e-05,0.00011680374887715289,0.00403244502211984,1.1278148596591946e-09,2.5363021567520694e-08,0.519913805546996,2.6747837373795275e-06,0.00020571597472188234,1.147834838545546e-05,2.2315876625735547e-08,4.213605909051976e-08,4.147512591087277e-05
10,3.8259505809381755e-07,3.5672767407081336e-05,2.7855087875945453e-05,2.4407174199918113e-05,0.00034051171294977695,0.0015000300924372786,0.00018398431927099337,0.0006146869318579221,0.2621496494694405,0.06866743509074953,6.359462298535956e-06,2.50712567259168e-07,2.9252984753567512e-08,2.9281230092583607e-05,0.000164422297308255,0.004789298550823506,1.1828808965035872e-09,2.8879760808001978e-08,0.6611580299021633,1.945960654235955e-06,0.00026205903907915363,1.804737087976072e-05,3.6792822016099304e-08,2.1875675686375125e-08,2.5572248762324533e-05
11,4.1319117980747307e-07,3.874407315266078e-05,2.9893001532912147e-05,2.5417769193823298e-05,0.0003551355045661419,0.0015387187697107048,0.00019675510335450126,0.0006234084158517435,0.26849267377430175,0.07002432338353427,6.724274979930532e-06,2.6674951341118093e-07,3.420237119111993e-08,3.142972218982541e-05,0.00016683050782869598,0.004772564730906434,1.2751061640526434e-09,3.1651973934813796e-08,0.6533906104190261,2.071002662607526e-06,0.0002589939113329216,1.893470645437382e-05,3.850917052433791e-08,2.4266324120409636e-08,2.596108378133618e-05
12,9.274829186913465e-07,7.616228200298719e-05,2.3436511974093e-05,5.6863316092102126e-05,0.0012768254889851238,0.010001518843433057,0.0002267709021141579,0.00043279101476795387,0.08088343387238,0.15484469813780719,1.471345931039948e-05,1.1206953615153367e-06,7.097897935341713e-08,0.00015882266939663817,0.0002458213294846771,0.017323483484097738,3.0769251727725984e-09,1.8623543917146615e-07,0.7335258888829761,3.0006573853415095e-06,0.000796782616744315,6.802143089374014e-05,4.0582471190793224e-07,2.9329705677165728e-08,3.822147611287266e-05
13,3.6190044444275116e-07,2.3839711030590803e-05,3.522031946961557e-05,1.6019327854161744e-05,0.00033254693331283524,0.0010840193538139377,0.0001314554634104543,0.0005331452852661935,0.2943627088727187,0.027217092357267415,1.043195422608959e-05,4.61740236325777e-07,2.5854945132266492e-08,2.8446615516486777e-05,0.00019763821099803665,0.0026288648261133677,1.367407132749449e-09,1.886734585486742e-08,0.673126170809571,1.4717803489502432e-06,0.00023416971724803795,1.7196669594682384e-05,2.3796945552305832e-08,1.3948881840280394e-08,1.865431603320192e-05
14,5.661858795000576e-07,1.7749052463912784e-05,2.767198115039045e-05,1.959835739978437e-05,0.0002457120236810977,0.0011919090581037222,0.00017349832309351357,0.0006753951909935068,0.22988467606200202,0.0368756232636007,5.682463435501693e-06,4.2277111452219686e-07,1.9733033943664106e-08,2.7010522220127067e-05,0.00021010778042562596,0.006032909850457025,1.5662002001780375e-09,2.098988600162486e-08,0.72430673814138,1.8549991735303755e-06,0.0002521976750934855,1.823329903967188e-05,4.7317613988679666e-08,1.6715595689263835e-08,3.2336676962545655e-05
15,3.8259505809381755e-07,3.5672767407081336e-05,2.7855087875945453e-05,2.4407174199918113e-05,0.00034051171294977695,0.0015000300924372786,0.00018398431927099337,0.0006146869318579221,0.2621496494694405,0.06866743509074953,6.359462298535956e-06,2.50712567259168e-07,2.9252984753567512e-08,2.9281230092583607e-05,0.000164422297308255,0.004789298550823506,1.1828808965035872e-09,2.8879760808001978e-08,0.6611580299021633,1.945960654235955e-06,0.00026205903907915363,1.804737087976072e-05,3.6792822016099304e-08,2.1875675686375125e-08,2.5572248762324533e-05
16,3.691467891803965e-07,4.195028174835505e-05,1.969130764501423e-05,3.1168438415713594e-05,0.00030246925698528877,0.001701896065145047,0.0001993309056182271,0.0007276399194105778,0.18813594899845815,0.12223425654703882,6.099532109984326e-06,2.421228776863245e-07,2.423512309085211e-08,2.8325427108183575e-05,0.0001377067004919859,0.006381751574415298,1.3366329467627537e-09,4.74036422480704e-08,0.6795114143311883,2.1841154325035124e-06,0.0004872473019179069,2.2719509303045718e-05,4.6600317747235815e-08,2.35728834774016e-08,2.744536930114811e-05
17,5.255040317530769e-07,4.230537215318311e-05,3.243598458571164e-05,4.133276210465207e-05,0.0004168301830953412,0.001838884135126416,0.00022886472140872896,0.0006686624172482123,0.22574155572010837,0.08185383811493849,7.691441828215246e-06,3.6324605778240636e-07,4.1482519403118687e-08,4.835727368138946e-05,0.00014525692034384838,0.005735693590880883,1.394792928994425e-09,4.675652648795925e-08,0.6827855719817023,2.5309732919521897e-06,0.000353330786127699,1.9213995278818115e-05,5.962604382864671e-08,2.564770698466438e-08,3.657996841671166e-05
18,7.205492411120374e-07,4.835098407043736e-05,2.848515813652259e-05,2.8495600921039085e-05,0.00026480072634106465,0.0011060991107652164,0.0002153783248085433,0.0007401216343747534,0.22608916724154013,0.08614061501888715,5.594962024376281e-06,3.856748923547778e-07,3.875735782131596e-08,2.8476756258611435e-05,0.00016130107974542598,0.00468709407340245,2.3423733722211904e-09,4.9740327760221436e-08,0.6800498299478424,2.003272824961043e-06,0.0003318783461078464,2.4825513615884046e-05,4.470519684009262e-08,3.611707714627003e-08,4.620436186674476e-05
19,2.7697422622681727e-07,3.23799586620229e-05,3.9152874742861086e-05,2.1482064339197576e-05,0.00047389863437609863,0.0014174917254741956,0.0001295172825390472,0.0005313792657501949,0.33531096836777097,0.06573683804646062,5.393457775649263e-06,2.664187531686464e-07,3.641642154389082e-08,3.246075732494486e-05,0.00012798325904459136,0.0034164236992075578,9.544770265246925e-10,2.1481592846195833e-08,0.5924931846244315,1.7158263771716748e-06,0.0001930505335017625,1.6328713757721103e-05,1.971540534771453e-08,1.8014884768293333e-08,1.9710932703050505e-05
20,2.548624886211959e-07,3.0162988309639107e-05,1.8408526064865972e-05,1.7138615822205585e-05,0.0002862931801629082,0.001012288680095268,0.00012111820086429701,0.0006706778415265341,0.23738132481037902,0.06315991087991782,4.413920015870602e-06,1.8523904392689617e-07,1.9587716905070287e-08,1.9613302985946106e-05,0.0001752178291749578,0.0035715547606027195,1.2311350914684679e-09,1.8886970494260774e-08,0.6932416794620498,1.4120036591814893e-06,0.0002462026065588859,2.2668641611765244e-05,2.7072938693057962e-08,1.6910598277381935e-08,1.938995930630959e-05
21,6.272725833497678e-07,3.752599564026198e-05,4.466740761012038e-05,3.782795255666475e-05,0.0004424652319363167,0.002293902762260151,0.00031140274361762837,0.0006584293633055192,0.22952044751436101,0.09591038167307739,7.761196514412533e-06,4.818859238369889e-07,5.123289984809119e-08,5.294373977365011e-05,0.00015212271040009843,0.010130080809157477,1.3985813914854775e-09,4.753771901439258e-08,0.65998682028523,3.3530862622496956e-06,0.0003577182100104373,1.889569533547498e-05,6.414156658067374e-08,3.0513005796779013e-08,3.194964067130972e-05
22,4.807946926812941e-07,3.495606338736638e-05,3.298058302057575e-05,2.7888266986851628e-05,0.0003622923702663056,0.0021827509339309202,0.0002292787958896786,0.0007182543749498689,0.25072241722486405,0.07630116916282498,9.975869569031058e-06,3.6907139171448915e-07,3.002490815345548e-08,3.3664798343999614e-05,0.00018076982662083757,0.0067137987212102495,1.5505958193531536e-09,4.700624001673087e-08,0.6620011639472824,2.7147040851492132e-06,0.0003971191124561467,2.1983717671014914e-05,5.255367782989596e-08,2.5345789402867567e-08,2.581517934490008e-05
23,3.8259505809381755e-07,3.5672767407081336e-05,2.7855087875945453e-05,2.4407174199918113e-05,0.00034051171294977695,0.0015000300924372786,0.00018398431927099337,0.0006146869318579221,0.2621496494694405,0.06866743509074953,6.359462298535956e-06,2.50712567259168e-07,2.9252984753567512e-08,2.9281230092583607e-05,0.000164422297308255,0.004789298550823506,1.1828808965035872e-09,2.8879760808001978e-08,0.6611580299021633,1.945960654235955e-06,0.00026205903907915363,1.804737087976072e-05,3.6792822016099304e-08,2.1875675686375125e-08,2.5572248762324533e-05
24,3.160488624375178e-07,4.9181316391842334e-05,2.781292028248782e-05,3.512425616994794e-05,0.00045138508695654033,0.001784450072877596,0.00017379790562196517,0.000559402454680602,0.23369751464996108,0.09321105540597059,6.30835516507225e-06,2.3956894638832724e-07,3.915856012396547e-08,4.2869683103789075e-05,0.00012139991382645797,0.004446643112190831,9.740650006498792e-10,3.7252303006778986e-08,0.6650594047193461,2.2298936289934703e-06,0.0002863553311312193,1.8469972195057987e-05,3.714098758335909e-08,1.9839556028406026e-08,2.5904967219146082e-05
25,4.964645048902578e-07,3.0177831645939857e-05,3.065521717188847e-05,3.3144839657737626e-05,0.0002594482963116971,0.0009963887516097408,0.0002651039493240419,0.0010916031149427225,0.22385100341782704,0.05269887791896042,1.0464549545585899e-05,3.4718456260733077e-07,3.648689998083436e-08,2.369428133221614e-05,0.0001256153992373054,0.004070597280539974,1.6637803624923892e-09,3.946914882517528e-08,0.716181544800585,3.2575777615974446e-06,0.0002892492954064377,1.6470606008656786e-05,3.919575489189942e-08,2.8763911363215874e-08,2.1713643568934307e-05
26,8.02656880527253e-07,4.7827508229044706e-05,4.6539846325670674e-05,3.0333180903471947e-05,0.0003209787872642565,0.0013447404234407593,0.0002758305563615976,0.0009172238219595218,0.358558687305181,0.07663836310312096,8.967544911885183e-06,3.56662206460057e-07,5.8036991213926025e-08,2.3224019231800634e-05,0.00015625054284197474,0.004036072024474218,2.3631791346614417e-09,5.888366550013238e-08,0.5572872074789336,2.796081774754004e-06,0.0002515406165363336,1.9438995145999885e-05,3.8491008639115336e-08,5.8027250619606786e-08,3.260304218095798e-05
27,3.0842582847452683e-07,2.7234246034918964e-05,2.3219506495099685e-05,1.721666964147027e-05,0.0002351401129964147,0.0012713391349181882,0.00015007298664207306,0.0006565695466029789,0.3239629616432868,0.06320989567507193,4.340142542688454e-06,1.718925052541777e-07,1.7430838361469375e-08,1.9133265647227568e-05,0.0001886924512199313,0.004548934683843262,1.0280722934554717e-09,2.021916472411151e-08,0.6054139698449253,1.8058885356312347e-06,0.00022222488711641237,2.0176452896246982e-05,2.7808838572403897e-08,1.812771117911535e-08,2.65079286244459e-05
28,3.8259505809381755e-07,3.5672767407081336e-05,2.7855087875945453e-05,2.4407174199918113e-05,0.00034051171294977695,0.0015000300924372786,0.00018398431927099337,0.0006146869318579221,0.2621496494694405,0.06866743509074953,6.359462298535956e-06,2.50712567259168e-07,2.9252984753567512e-08,2.9281230092583607e-05,0.000164422297308255,0.004789298550823506,1.1828808965035872e-09,2.8879760808001978e-08,0.6611580299021633,1.945960654235955e-06,0.00026205903907915363,1.804737087976072e-05,3.6792822016099304e-08,2.1875675686375125e-08,2.5572248762324533e-05
29,3.8259505809381755e-07,3.5672767407081336e-05,2.7855087875945453e-05,2.4407174199918113e-05,0.00034051171294977695,0.0015000300924372786,0.00018398431927099337,0.0006146869318579221,0.2621496494694405,0.06866743509074953,6.359462298535956e-06,2.50712567259168e-07,2.9252984753567512e-08,2.9281230092583607e-05,0.000164422297308255,0.004789298550823506,1.1828808965035872e-09,2.8879760808001978e-08,0.6611580299021633,1.945960654235955e-06,0.00026205903907915363,1.804737087976072e-05,3.6792822016099304e-08,2.1875675686375125e-08,2.5572248762324533e-05
30,3.8259505809381755e-07,3.5672767407081336e-05,2.7855087875945453e-05,2.4407174199918113e-05,0.00034051171294977695,0.0015000300924372786,0.00018398431927099337,0.0006146869318579221,0.2621496494694405,0.06866743509074953,6.359462298535956e-06,2.50712567259168e-07,2.9252984753567512e-08,2.9281230092583607e-05,0.000164422297308255,0.004789298550823506,1.1828808965035872e-09,2.8879760808001978e-08,0.6611580299021633,1.945960654235955e-06,0.00026205903907915363,1.804737087976072e-05,3.6792822016099304e-08,2.1875675686375125e-08,2.5572248762324533e-05
31,4.3679876160969823e-07,4.108362400365856e-05,3.63840952408954e-05,3.141215839560126e-05,0.0003735026380893837,0.0009373342282725104,0.00017182869172917712,0.0008033161787418794,0.25185980379124734,0.08083959244056717,4.643528062459327e-06,2.5673751201920375e-07,4.3016617769605256e-08,2.8351713879593707e-05,9.408670027683659e-05,0.0036995104708216447,1.2583575810251125e-09,3.1135111226506225e-08,0.660817926557029,2.1613385036075606e-06,0.00021588536524427297,1.4682738614759196e-05,2.5087758196293157e-08,2.9789867008789474e-08,2.7669917294904408e-05
32,3.436513513857402e-07,3.229915666983161e-05,2.5582615455065634e-05,2.1131257747223526e-05,0.0003148696510200188,0.0013010425532781504,0.00016295011962993118,0.0005986876878228359,0.2570632199131968,0.06282749194210623,5.4813935602150186e-06,2.291940844015262e-07,2.5638361028162205e-08,2.6446680092317244e-05,0.00016140952342983992,0.004443591651507854,1.132021348431961e-09,2.3946148633724388e-08,0.6727288779916493,1.7202414971402383e-06,0.00024345106320157808,1.7593750418270376e-05,3.196759253888805e-08,1.9371933294798202e-08,2.3477906224820963e-05
33,4.071714864009241e-07,4.369788363762369e-05,2.456838454229163e-05,2.4490193944717583e-05,0.00039195983623829063,0.0016370211141617515,0.00018119471473951153,0.0006146993955715558,0.21125610918810625,0.07359044423832453,6.66509366288821e-06,2.8280523810063123e-07,3.693862659011884e-08,3.4130502735708674e-05,0.00016399039041862826,0.004916277799278588,1.4044304634116726e-09,3.420553105458187e-08,0.7068095965463093,2.067663715308256e-06,0.0002562659662328882,2.4358036204723026e-05,4.4344356039504675e-08,2.2486438275046462e-08,2.163369606864066e-05
34,2.514944713652206e-07,2.083303675306852e-05,2.7383578886910557e-05,1.0065719875118306e-05,0.0001840467629703378,0.0005907105042516138,0.00011402213023125507,0.00045334584627244005,0.4287461348830631,0.03383971229127157,2.8837535080116418e-06,1.2126928192154632e-07,1.6638575446673025e-08,1.437960691105138e-05,0.00013089674122077833,0.001978961884770446,6.321903768672107e-10,9.380888084831733e-09,0.533741653406073,8.547035232152475e-07,0.00011583896827704348,9.35695637683378e-06,9.263177733352346e-09,1.4242113444357116e-08,1.8496305065831914e-05
35,3.943559110400031e-07,2.6970556062466225e-05,2.0195828765239875e-05,2.0785845589442042e-05,0.0001226715638001771,0.00041875567855344963,0.00011807918632722607,0.0011187611297088732,0.36743581322791125,0.07738665241782215,2.58876570034892e-06,1.4705921130893549e-07,2.089328189345409e-08,7.682840298227244e-06,5.248324532570237e-05,0.0014753233874322958,1.2561235222928408e-09,3.570591585741703e-08,0.5515740814127198,1.5724687116348653e-06,0.00017181344983226537,1.3487138476731333e-05,8.422900794935096e-09,2.7190066735343903e-08,3.164697355167042e-05
36,2.6256127861581547e-07,1.615238966749961e-05,2.257204802110597e-05,9.481355722241014e-06,0.0002596554691869212,0.00035293390967211524,5.772795190888097e-05,0.0004656300299609498,0.21423507288010094,0.03383311468008455,1.4349863966504637e-06,2.598197936204407e-07,2.028221671288957e-08,1.7119021021086334e-05,0.00011346433930303957,0.0025456241115504154,1.2762281130464736e-09,5.889776710740702e-09,0.7479229904320811,6.565437952182941e-07,0.0001125791457335165,1.2237766456724275e-05,1.0165345586680332e-08,1.081361083173242e-08,2.0982131086735857e-05
37,9.438772265011514e-07,5.019443780122613e-05,4.7983221314940134e-05,3.132092496596722e-05,0.00036882610360509824,0.001545252126500963,0.00030851242247920363,0.0006493855654270591,0.2369412178524964,0.06281078325565646,9.098542278883173e-06,5.222500825513384e-07,5.98347463816929e-08,5.01073266016559e-05,0.0001389279598555966,0.0053416475155469096,1.646316754186689e-09,5.324008118089014e-08,0.6913879841774073,2.636844668730679e-06,0.0002635737904059139,1.8699907351732267e-05,4.5589159201852716e-08,3.459181449932859e-08,3.218699620857464e-05
38,6.143320693026988e-07,3.306834375749085e-05,2.829529740164466e-05,2.0331636261029444e-05,0.00032006721304457905,0.003592029254368918,0.000399900938208933,0.000541447140320594,0.23059783798012534,0.0699926277180997,1.1033623970484625e-05,3.431896667845111e-07,2.5512297273739306e-08,4.280094035150136e-05,0.00034095420693268337,0.013359697968190887,1.2870482262657334e-09,4.1672619743246854e-08,0.6802659305413674,2.5818309550325178e-06,0.00039968020546950146,2.661224273944396e-05,1.0364981045734251e-07,2.5488327191769227e-08,2.3947786595674527e-05
39,3.7033461836160914e-07,2.916869753750386e-05,2.699743914898304e-05,2.4261372621474593e-05,0.0003386525648611403,0.0015167889238623415,0.0001723640981217132,0.0006583511692151197,0.2452496416398094,0.06882075889089383,5.952819905461558e-06,2.6486481936612053e-07,2.4812152517588356e-08,2.7573281293446647e-05,0.00015733880765017062,0.005512062437670088,1.175015011872806e-09,2.7709051005016536e-08,0.6771257072340393,1.9705662721679686e-06,0.00028911085094417865,1.719931045399932e-05,3.790408490527133e-08,2.030970873603303e-08,2.5352786249913856e-05
40,3.845532653670233e-07,3.578608927739348e-05,2.794075549939495e-05,2.382351756514793e-05,0.00034056693104517633,0.0015046256687199328,0.000182516574946275,0.0006055859192836625,0.2624763359171617,0.06754937726624932,6.3647994403186505e-06,2.5421806091386677e-07,2.9136862876526774e-08,2.9636928308224973e-05,0.0001662405586744651,0.004746663952863038,1.1842517578457474e-09,2.8707620163195518e-08,0.6619968960266346,1.918055787941532e-06,0.0002611975087169054,1.837775576223148e-05,3.6488064539794506e-08,2.156286174699401e-08,2.538992307709438e-05
41,1.4037195982418782e-07,2.3424189490359118e-05,3.593162998584553e-05,1.2630044139620379e-05,0.0004007259452286917,0.0012284340585028543,8.651892787107163e-05,0.0003390404822187962,0.4740881050492196,0.056979224651200325,2.494419930422169e-06,9.60094156744521e-08,1.6462655834655754e-08,2.3600211028522776e-05,0.0001597827217278975,0.0034900742232291965,3.927388724902519e-10,7.008980828641988e-09,0.4629639744998723,9.55798059472823e-07,0.00013729458667884124,8.880213310655167e-06,1.09853430674371e-08,1.1800535235193544e-08,1.8625316676133486e-05
42,2.2248323396552e-07,1.6599715467790016e-05,1.305340702798621e-05,1.0542073530586434e-05,0.00015714762807806718,0.0007292878494861442,0.00010985518703636891,0.0007567273095741274,0.1773439257330964,0.04845982942759635,3.0007098030662024e-06,1.634918825365138e-07,9.337577958536396e-09,1.2126974383571604e-05,0.00017028743043490615,0.005457151661595268,1.1170355307627609e-09,1.0826089157571358e-08,0.7664923939609483,1.5053654094663702e-06,0.00022929410609969417,2.2422957458467097e-05,2.4625036241805403e-08,1.0641201501619804e-08,1.4405980916346018e-05
43,4.868275645031544e-07,4.122343055764293e-05,3.658285267220714e-05,2.6415520108169556e-05,0.0003364550222210122,0.0014345791298810788,0.00022773019443244894,0.0005823172879323461,0.2877570068623279,0.05778833672151173,7.693347022947213e-06,3.0656523987433797e-07,3.997755853039649e-08,3.5782999462258666e-05,0.00016580565218532047,0.0043170436828139855,1.2316172844343885e-09,3.1885985293767587e-08,0.6469657675698515,2.2329504653732762e-06,0.00022831532624778287,1.717425574465192e-05,3.703330006622893e-08,2.481779614233704e-08,2.8608855499934035e-05
44,3.8259505809381755e-07,3.5672767407081336e-05,2.7855087875945453e-05,2.4407174199918113e-05,0.00034051171294977695,0.0015000300924372786,0.00018398431927099337,0.0006146869318579221,0.2621496494694405,0.06866743509074953,6.359462298535956e-06,2.50712567259168e-07,2.9252984753567512e-08,2.9281230092583607e-05,0.000164422297308255,0.004789298550823506,1.1828808965035872e-09,2.8879760808001978e-08,0.6611580299021633,1.945960654235955e-06,0.00026205903907915363,1.804737087976072e-05,3.6792822016099304e-08,2.1875675686375125e-08,2.5572248762324533e-05
45,3.6108722887162085e-07,3.1845058197664337e-05,2.78800563344115e-05,2.126286861904809e-05,0.0003323081630847355,0.001348244215728314,0.00017900941900782794,0.0006186970779892536,0.2688324821811848,0.06211570413406837,5.827207325215897e-06,2.350579721909211e-07,2.8378053902168107e-08,2.691912263511524e-05,0.00016648429599932046,0.004626067757167085,1.1280574319774094e-09,2.3583992649905552e-08,0.6613975955190292,1.8114235764526098e-06,0.0002276350610236198,1.7255150087056864e-05,3.2689572527532873e-08,2.1177944442718176e-08,2.226818612056356e-05
46,4.5644057932780224e-07,3.628841713668528e-05,2.684108149555187e-05,2.5243465126951757e-05,0.0003247344090856173,0.001280608786202163,0.00017152319995964867,0.000742172769626791,0.24052382171335857,0.0673816927531569,6.597946866362844e-06,3.076488842039972e-07,3.2043436036518645e-08,2.5102023357101573e-05,0.00016935047463790582,0.004600341806005279,1.7954325562622493e-09,3.2646884290028936e-08,0.6843522104002444,2.0901235445319595e-06,0.0002823791293433456,2.07154583767365e-05,3.966404054740045e-08,2.5963705920224206e-08,2.738983951254117e-05
47,7.958712908406253e-07,3.690663080769736e-05,2.9690523107010774e-05,1.959667851248791e-05,0.00022799403905502893,0.0014058368623138529,0.00022348968784151405,0.0007864582760790575,0.2201996764034468,0.06814395577268453,6.378965005715495e-06,5.238355881853392e-07,3.266370379439425e-08,2.6392109997079866e-05,0.00017900882662906894,0.006838901269343041,2.2324060138340454e-09,4.448074275513481e-08,0.7015076959671928,2.910289781255852e-06,0.00029882544257048635,3.3779468876377845e-05,4.353738049763203e-08,2.6793676085984704e-08,3.1033371967878746e-05
48,3.2682659163318e-07,3.862853285315223e-05,1.2378490186436244e-05,1.4894053082005803e-05,0.00021192139964165896,0.0006288354375802703,0.0001384923141963947,0.0006549661918923237,0.14928648395076316,0.06280210895955375,3.05419387695683e-06,1.5317742274800126e-07,2.5558955100155882e-08,1.7360780201790967e-05,0.00015022116326182075,0.0035249153082429247,1.6877569898742433e-09,1.804724053552048e-08,0.7822918896920867,1.2078648772148839e-06,0.00018192754154003387,2.29786386318214e-05,3.060058286361532e-08,2.06903902514466e-08,1.715889859138795e-05
49,4.235591258777182e-07,3.173279201870404e-05,3.289480465320518e-05,2.3979590311482217e-05,0.00043651443798037987,0.0022670588972597975,0.00016929651328624477,0.0006153043440680858,0.26091092327890186,0.06608395231980964,8.20759276679905e-06,4.18046779065182e-07,3.229248991689519e-08,3.634538014988514e-05,0.00017244904207125574,0.005699716083388615,1.3509406876862837e-09,3.771084767427286e-08,0.6631664866115388,2.4547533129576337e-06,0.00029338708666928523,2.5138788845650364e-05,4.290897130367944e-08,1.9176043565735525e-08,2.318263776929998e-05
50,2.2883517984836235e-07,2.9507587731498178e-05,1.9044195749072285e-05,1.832562851473412e-05,0.0002455459019989817,0.0009635814270398282,0.00017624856456816993,0.0005346235154620859,0.22942076017825117,0.09506696487773202,2.400271873901755e-06,1.158513839408971e-07,2.1734969821666583e-08,2.4248042180505832e-05,0.00011208276795437337,0.005121689391452809,6.465490843813509e-10,1.444517436804984e-08,0.6680545388584839,1.3675699464347707e-06,0.0001740118388349873,1.5557110420236597e-05,2.286212097006469e-08,1.5479695429294356e-08,1.908241673179382e-05
51,4.273587441529995e-07,2.2737098628039647e-05,3.111222816749348e-05,1.524386963417848e-05,0.00037158314393861817,0.00152547369389334,0.00013644403693531917,0.0004846456689328422,0.25715428161442083,0.04690077588232771,4.182271478773545e-06,2.8600773546818004e-07,2.318510451496242e-08,2.6475793918316352e-05,0.00026595756251117966,0.009189534923376754,1.3596807211765944e-09,1.2414349797690121e-08,0.6836465170579751,1.6465587051815186e-06,0.00017855399178262426,1.4815591662061868e-05,4.654138843833044e-08,1.894960687372651e-08,2.9203195101606466e-05
52,1.4817796568125404e-07,1.6149186684979494e-05,1.4883865700641453e-05,1.1206914512325397e-05,0.0002176720549847698,0.00022684857380506773,5.227306090805246e-05,0.0004573776135151209,0.14611384241521913,0.03122477754045361,1.34809550779923e-06,1.2525757295414329e-07,1.0773601556531271e-08,1.3413869100990536e-05,9.66511639066345e-05,0.002206356924764218,7.545757193495139e-10,3.3006196708061637e-09,0.8191928636412593,5.036737884524164e-07,0.00012803624514442705,6.66410955099237e-06,9.625939851999343e-09,7.859037046712353e-09,1.882530188088149e-05
53,6.45844530868497e-07,4.339143144977005e-05,3.742019764051162e-05,3.306475531567139e-05,0.0001885758706829547,0.0022456903806879628,0.0006898067533971469,0.0007800275105499472,0.3494564660854609,0.07237061299927575,1.2571222904444367e-05,2.1637362125613803e-07,3.650611063982847e-08,3.244452985798522e-05,0.0003016347091912286,0.00975807098083141,1.3219754687413821e-09,4.700987607575438e-08,0.563701224983003,5.051967737535345e-06,0.00028546962602771464,2.2133200838788017e-05,9.987508536584714e-08,4.2200861318812164e-08,3.5253663086188804e-05
54,2.76211213392471e-07,2.4951927438256698e-05,2.2973536956844675e-05,2.9604561803514727e-05,0.0005649820563284216,0.0017430481294106804,0.00010369372291727129,0.0010023759403155127,0.24755712954727283,0.05447311513130824,1.4715753868974821e-05,3.1540574837706653e-07,2.657515470171185e-08,1.6786354809703436e-05,0.00012814732950453575,0.002520520919907626,1.836797439796028e-09,4.696603895949976e-08,0.6914112620337776,1.8377864495368553e-06,0.00035396047699789296,1.6860832583918937e-05,3.471235314662521e-08,2.3204203722448664e-08,1.3309046838981359e-05
55,4.6873207295243014e-07,3.6876188269758294e-05,3.70111483684655e-05,2.6076885209671815e-05,0.00030184595909582573,0.0012289852245449952,0.0001907067022308649,0.0006539793512172865,0.3419982223990911,0.061982249287792446,6.724457839586272e-06,2.9712834607207996e-07,3.83665125579076e-08,2.5675291163094558e-05,0.0001316081098264128,0.0034148811256275776,1.2458458456110507e-09,3.4809689662293826e-08,0.5896982253984777,2.19902865638967e-06,0.0002182847215790326,1.556941154292706e-05,2.5392506585660258e-08,2.6603125946310327e-08,2.9987031366942283e-05
56,4.008684345443966e-07,3.871629248693685e-05,3.0443883225285704e-05,2.5049799191614898e-05,0.0003594294421178427,0.0014723115729851615,0.00019079056349554236,0.0006249893611242977,0.27289267596609773,0.06849195325948652,6.637591565182252e-06,2.620417657983247e-07,3.4889440832070524e-08,3.054942400543937e-05,0.00016434582055546555,0.004537930647173906,1.2810318410576623e-09,3.047726626832379e-08,0.6508368268918252,2.043197338773359e-06,0.0002510247150431597,1.842230064395674e-05,3.632443799888097e-08,2.4426918198393263e-08,2.5068962342539845e-05
57,1.7632808344940153e-06,0.00021924168348770094,3.447741475601822e-05,0.000115415827861122,0.00030151192374924406,0.009967677363036364,0.002694805462162639,0.0007018378333490439,0.3438249660495244,0.1397061791657261,6.331392355554456e-05,1.8278095303046067e-07,8.297723807431615e-08,8.454239645763513e-05,0.0005557134065397595,0.011546863100510635,1.2956430208237446e-09,3.5668369823659913e-07,0.4894478247517678,8.389914167074791e-06,0.0006180319998489618,2.8915918454572613e-05,5.787610971092052e-07,1.3651340740492314e-07,7.718957217404825e-05
58,4.376847611566146e-07,3.968923084308325e-05,2.9762855179689528e-05,2.4678345455551883e-05,0.0003457919863379411,0.0014508631447016425,0.00020099655600927695,0.0006593603057359321,0.26697232793837045,0.07124477305546914,6.8309145178527675e-06,2.670343838712731e-07,3.411637908507551e-08,2.830410030129903e-05,0.0001736445736966478,0.004725191253873889,1.4280208707297757e-09,3.25892442759043e-08,0.6537824175994261,2.0106972490112996e-06,0.0002671426183387362,1.922972446849251e-05,3.928461540553486e-08,2.7521661319493447e-08,2.6145440959223235e-05
59,4.916021113484721e-07,3.818499432434636e-05,3.602206262888547e-05,2.6048908925518785e-05,0.00034561204968294593,0.001472983111222631,0.00022023003576886053,0.0007285475833202264,0.2899987542899367,0.0710500386311277,7.3423595787049185e-06,2.9667262848029455e-07,3.624718124812829e-08,2.7877939066017537e-05,0.00017228723395834323,0.005105412525850844,1.488922600636873e-09,3.515319172574201e-08,0.6304497610353856,2.3569314570667927e-06,0.0002713513551604218,1.841814721864041e-05,3.885534421054417e-08,3.1466145563586846e-08,2.7839319861375493e-05
60,3.8259505809381755e-07,3.5672767407081336e-05,2.7855087875945453e-05,2.4407174199918113e-05,0.00034051171294977695,0.0015000300924372786,0.00018398431927099337,0.0006146869318579221,0.2621496494694405,0.06866743509074953,6.359462298535956e-06,2.50712567259168e-07,2.9252984753567512e-08,2.9281230092583607e-05,0.000164422297308255,0.004789298550823506,1.1828808965035872e-09,2.8879760808001978e-08,0.6611580299021633,1.945960654235955e-06,0.00026205903907915363,1.804737087976072e-05,3.6792822016099304e-08,2.1875675686375125e-08,2.5572248762324533e-05
61,4.391552563854967e-07,3.729856818010991e-05,3.626845080931913e-05,2.495555350227323e-05,0.00035700091211431523,0.001447726839098705,0.0002000665590581081,0.0006600594179119875,0.29394100091167913,0.06583534625159596,7.219763408619318e-06,2.9222635214792633e-07,3.47290256921181e-08,2.9159341201780093e-05,0.00016917441893719046,0.00470741473473702,1.3478629968105132e-09,3.08832465622856e-08,0.6322414023675841,2.1843573806294414e-06,0.00025850417042932533,1.7442848562033082e-05,3.5089712348065306e-08,2.7056242191494488e-08,2.6914046110851916e-05
62,3.8259505809381755e-07,3.5672767407081336e-05,2.7855087875945453e-05,2.4407174199918113e-05,0.00034051171294977695,0.0015000300924372786,0.00018398431927099337,0.0006146869318579221,0.2621496494694405,0.06866743509074953,6.359462298535956e-06,2.50712567259168e-07,2.9252984753567512e-08,2.9281230092583607e-05,0.000164422297308255,0.004789298550823506,1.1828808965035872e-09,2.8879760808001978e-08,0.6611580299021633,1.945960654235955e-06,0.00026205903907915363,1.804737087976072e-05,3.6792822016099304e-08,2.1875675686375125e-08,2.5572248762324533e-05
63,4.062545103155986e-07,4.173104502943934e-05,2.845206527053473e-05,2.4409631076417567e-05,0.0003294201959262751,0.0014498839583056624,0.00019402453891331875,0.0006157071234399468,0.27370440858876033,0.06949407841835983,6.632782299826883e-06,2.441743317369793e-07,3.250255175610406e-08,2.91907027097798e-05,0.0001732900996026194,0.004424342241087283,1.2739302502890953e-09,3.094611335694711e-08,0.6491801247945027,2.000370358991714e-06,0.0002556983527415962,1.9254561041244674e-05,3.6583102687354224e-08,2.4449546358285823e-08,2.6574346487702706e-05
64,3.71715181054919e-07,3.438107015260027e-05,2.443760834604264e-05,2.4645943311701716e-05,0.00034543953645818393,0.0014775249564702656,0.00016546366225528175,0.0006364173374563488,0.23225265817883387,0.07032522739676529,6.629860514463441e-06,2.623464554515491e-07,2.3661046170908823e-08,2.743440260880899e-05,0.00017530864111102903,0.004837794887572794,1.299552601460764e-09,3.044050295347603e-08,0.6892659921971224,1.6751413911484971e-06,0.00035345606337437106,1.788501543900008e-05,3.9727018909288745e-08,2.1551354423952017e-08,2.6877359704895932e-05
65,3.805332097881891e-07,3.720106445448193e-05,2.7909784299808624e-05,2.2839229102632505e-05,0.0002991512813513292,0.0012650148229465604,0.00019166929059243805,0.0006283631497022171,0.2827215663465511,0.06476621166368488,6.017096171607855e-06,2.1820000479498925e-07,2.981456368146467e-08,2.602553815140804e-05,0.00016521289105887838,0.004244542260663345,1.1684867947226489e-09,2.6050397996337006e-08,0.6453235313774619,1.9133832688869507e-06,0.0002296435130305245,1.7334908089333574e-05,3.263159865064277e-08,2.3302137054656227e-08,2.5140699020020432e-05
66,4.051798489477085e-07,3.8020195006705945e-05,2.781347077142177e-05,2.487336646771056e-05,0.0003430709047610517,0.0015606628153183961,0.00018964688310274034,0.0006154740376856317,0.2635529124072321,0.06770130885142184,7.029798155663756e-06,2.5964088731990666e-07,2.9508524832337392e-08,2.954196215981877e-05,0.0001790360070113672,0.004703681635554379,1.2656461576576569e-09,3.121566226855769e-08,0.660699888855191,1.9405054526559916e-06,0.00027865784269219724,1.8801945900537047e-05,3.9782858572101154e-08,2.317334697707753e-08,2.6848749339749184e-05
67,5.193793339994739e-07,3.860754006497455e-05,3.626831252923461e-05,3.189168758903869e-05,0.00040319853103938305,0.002469797909724154,0.0002631836112199365,0.000600387431263884,0.2430846084927959,0.07170506242183383,9.095968634985003e-06,3.884674095505426e-07,3.63585469758707e-08,4.6957288370879345e-05,0.0002211541842452996,0.008393136465245771,1.4121934267750881e-09,4.110349561119409e-08,0.6722968971705693,3.0789635811573097e-06,0.0003396217695004239,2.2293693633374647e-05,7.390773005877754e-08,2.4841709927558892e-08,3.3673087738898504e-05
68,3.9580652529832563e-07,3.6410785370433515e-05,2.8043213388875e-05,2.5120018536829854e-05,0.00034174926364182004,0.0015633105374916946,0.00018909665418905789,0.0006223812771865456,0.2621057106081948,0.06980582762858793,6.654931887863132e-06,2.5883000358033425e-07,2.9644153179941462e-08,2.967808764020762e-05,0.00016798553897021812,0.0049110228666638875,1.2214162234833444e-09,3.073914106919831e-08,0.6598473688486319,2.0179247988947973e-06,0.0002719358300140702,1.8563418581582903e-05,3.883686633298277e-08,2.2504097607363776e-08,2.634498402002439e-05
69,3.909236839955779e-07,3.569918444029428e-05,2.9172536670944448e-05,2.5794832916767218e-05,0.00032774513919220377,0.0014321986584405009,0.00019023255780816847,0.0006477383392650977,0.26588065964024565,0.07067007219076156,6.239016525547204e-06,2.512127958862021e-07,2.9816333441714835e-08,2.8486791277961348e-05,0.00015979709098575028,0.0049230034367848995,1.2138922620908706e-09,2.943033230835671e-08,0.6553309399318521,2.107263364935e-06,0.0002645678192347592,1.7496024570089893e-05,3.6593166336937096e-08,2.3100775272303702e-08,2.7287254683516523e-05
70,6.652000291834029e-07,4.664743697900624e-05,8.680608037377573e-05,3.7962933353852214e-05,0.0006550373980031694,0.0037453881436572906,0.00026711047487304056,0.00036322634296176865,0.321506143704635,0.07597130535358498,8.170452680068048e-06,7.396450639364199e-07,5.980492752352504e-08,0.00013422817404033565,0.00019598775918924397,0.00994617644488834,1.0650654616942993e-09,4.148852301229482e-08,0.5866320842070981,3.3857269027272646e-06,0.00032251343316547096,2.2277348288017293e-05,6.349352653459571e-08,1.9884761702406236e-08,5.39580034284621e-05
71,5.495368153454715e-07,3.437986396794342e-05,2.9291068810492526e-05,2.938848846190322e-05,0.0002681654152856722,0.0015196729548596678,0.0002800655104915814,0.0007988795166536676,0.23593301990480078,0.06568691907435426,8.242025648304378e-06,3.141104203681924e-07,3.2403242926528306e-08,2.927488533222945e-05,0.00017985033071669937,0.006492600515696783,1.5523857366299284e-09,3.993789910791089e-08,0.6883496048885853,2.9835971455142026e-06,0.00030790412478207114,1.9897356876576467e-05,5.655518689601772e-08,2.8323239196808524e-08,2.88380583409267e-05
