,0,1,2,3,4,5,6,7,8,9,10,11,12,13,14,15,16,17,18,19,20,21,22,23,24
0,0.0022934582222947216,0.00019390115021416274,1.4421506041437088e-05,1.0377024723711405e-06,2.675912306245888e-06,5.0278436536137366e-05,0.000143733933572134,0.07024300010965229,0.00015460949009277587,1.266327794253729e-05,1.3902654538905842e-06,7.620487666065807e-05,0.01781834975152222,9.729349488911422e-09,9.61885412770882e-08,0.009723840207694897,0.0009580670301002427,3.567875169847763e-07,0.8982835533659207,1.1873083861522078e-07,4.900895721071017e-07,2.7727184551315674e-05,1.526607322860753e-08,7.70746934806914e-11,7.080048295249181e-10
1,0.001028087082507326,0.000408978276959631,3.661375623702626e-05,1.0983863113687058e-06,6.956042384938445e-07,0.00019037443060837807,0.0003016464457417241,0.04610130144237657,6.332338470539121e-06,3.6277440116453206e-06,4.287689179715319e-06,0.001737898839318093,0.06059940361721345,1.1447933849749295e-07,2.3006998574119318e-07,0.001949317188151338,0.007258821303351939,2.4124386988352863e-06,0.8799740184752318,1.9590334711540455e-07,4.806101007715659e-06,0.000389701016842593,3.443361572402004e-08,5.675357964332102e-11,2.8805012826004367e-09
2,0.00226341608271443,0.00015793602795729757,1.3044466359437944e-05,7.564371527892774e-07,2.8725854281402914e-06,3.9657261332855336e-05,0.00013114105035786245,0.06493653036586353,0.0001759182460725548,1.4148312574652075e-05,1.0682555568350154e-06,5.143573641146083e-05,0.012028488618690268,9.023839211605238e-09,1.0289162075678974e-07,0.008173372704693165,0.0006379978170129491,3.146263573596644e-07,0.9113412059440005,1.5334251615727167e-07,3.9400293282982653e-07,3.0019588792623952e-05,1.5631035695311867e-08,8.284045392694766e-11,8.978860603755375e-10
3,0.002248943710059812,0.00019017450385754465,1.4340901877409635e-05,1.0131083179627028e-06,2.659392540261192e-06,5.138156854667778e-05,0.0001410437429054415,0.0679673568600987,0.00015059760042143824,1.2738054738813877e-05,1.3804439834822092e-06,7.462731450121629e-05,0.017326536563205912,9.627423358026353e-09,9.715669031617339e-08,0.009719530050618711,0.0009187147611758597,3.500297093344575e-07,0.9011508258323526,1.2141516728226981e-07,4.916510607195797e-07,2.7049730196062752e-05,1.5207760905042097e-08,7.729956636255522e-11,6.954906031879552e-10
4,0.0021140508248912483,0.00021502104121724725,1.4787269157859586e-05,1.1603923390941056e-06,2.9848032235444848e-06,5.390191880601741e-05,0.00015432291052405058,0.06846543038752993,0.00014924786309569257,1.198304309457561e-05,1.6888229853341683e-06,9.88130057299164e-05,0.023157782868915067,1.1957431017966443e-08,9.622237406858662e-08,0.010039781765630088,0.0010601920273992395,4.1199666104663085e-07,0.8944287809332436,1.2662850787271795e-07,5.367225106446652e-07,2.8868692417043358e-05,1.7070406865792133e-08,7.540038594916212e-11,7.565086182019647e-10
5,0.00311686656383232,0.0001981783778514915,1.7177264846742256e-05,1.4020544221112088e-06,3.0112929183154023e-06,5.727768971201492e-05,0.00016188646917294277,0.08101054020136042,0.00019728350150075192,1.697963137298152e-05,1.6254635986505478e-06,8.898482845389556e-05,0.02092168140519039,1.2729098322138456e-08,9.724813690125959e-08,0.012659225657632634,0.0012611829361013809,5.805683386777557e-07,0.8802549789499337,1.636414939650429e-07,5.166527938413456e-07,3.0326247262491397e-05,1.954006811920752e-08,1.1951879882083739e-10,9.653882133744645e-10
6,0.002248943710059812,0.00019017450385754465,1.4340901877409635e-05,1.0131083179627028e-06,2.659392540261192e-06,5.138156854667778e-05,0.0001410437429054415,0.0679673568600987,0.00015059760042143824,1.2738054738813877e-05,1.3804439834822092e-06,7.462731450121629e-05,0.017326536563205912,9.627423358026353e-09,9.715669031617339e-08,0.009719530050618711,0.0009187147611758597,3.500297093344575e-07,0.9011508258323526,1.2141516728226981e-07,4.916510607195797e-07,2.7049730196062752e-05,1.5207760905042097e-08,7.729956636255522e-11,6.954906031879552e-10
7,0.0020361147294150612,0.0001750701450662692,1.6528625314877415e-05,7.685885965340412e-07,2.319880598395767e-06,3.072551069628229e-05,0.00011364087023961217,0.06277694840115892,7.659488499005173e-05,8.185914740512707e-06,1.1885488957408442e-06,6.901986481491884e-05,0.02190080446330782,6.333283434779374e-09,5.992332937124283e-08,0.005940805456818119,0.0005818285668567979,2.870920188617895e-07,0.9062495706947385,8.225949836448314e-08,4.2480579595796334e-07,1.9016297306933137e-05,7.715506943270818e-09,4.441420118767052e-11,3.8259751510349663e-10
8,0.003777682305335551,0.00024120099694705804,2.364855032851826e-05,1.6852959455819851e-06,4.5709690595921925e-06,6.0970066923943106e-05,0.0002029589017520403,0.08016466025622698,0.00042660449219926287,3.0564111976751447e-05,1.918814605998607e-06,4.721019991951168e-05,0.013006546751936255,1.7485723394185112e-08,2.3292601692705515e-07,0.012141969880999779,0.001018225288640014,4.268810457486415e-07,0.8888004634163785,2.013660306569959e-07,5.643034545699867e-07,4.764701537466814e-05,2.7451338142292983e-08,3.5648467791269565e-10,1.915355936433454e-09
9,0.0032297749619082405,0.00017582013630666968,2.6689771978291575e-05,1.7733632535756695e-06,3.5595878098794945e-06,6.522798913635441e-05,0.00012608823870263134,0.08314510002233723,0.0002465571305587527,2.6936930547332424e-05,1.7577843709184287e-06,5.7765342742554214e-05,0.016614280924476196,1.4844575217924167e-08,1.3712736755060214e-07,0.013739717606764212,0.0011788680544629726,4.4455054458118754e-07,0.8813234397204243,2.0495001298982016e-07,5.760688372718893e-07,3.5243324142956394e-05,2.0452121296447257e-08,2.3253266945511729e-10,8.840855933411855e-10
10,0.002248943710059812,0.00019017450385754465,1.4340901877409635e-05,1.0131083179627028e-06,2.659392540261192e-06,5.138156854667778e-05,0.0001410437429054415,0.0679673568600987,0.00015059760042143824,1.2738054738813877e-05,1.3804439834822092e-06,7.462731450121629e-05,0.017326536563205912,9.627423358026353e-09,9.715669031617339e-08,0.009719530050618711,0.0009187147611758597,3.500297093344575e-07,0.9011508258323526,1.2141516728226981e-07,4.916510607195797e-07,2.7049730196062752e-05,1.5207760905042097e-08,7.729956636255522e-11,6.954906031879552e-10
11,0.00218574419075345,0.00019281439866684243,1.4411000899373537e-05,1.0618759483860295e-06,2.711406133785469e-06,5.0927586706886696e-05,0.00014408820464682787,0.06936957295473584,0.00014348130387156725,1.2208861189491681e-05,1.4503615824893988e-06,8.23201410242513e-05,0.01929427087448085,1.0086305326558615e-08,9.489250501047579e-08,0.009769014816904682,0.0009518059530396982,3.70818236742381e-07,0.8977561419111517,1.2311948571245494e-07,5.035690467796767e-07,2.6855446207215626e-05,1.546171418981373e-08,7.413056515053721e-11,6.906322229504392e-10
12,0.0022616060770992716,0.0004365459913937499,2.2343464459970094e-05,1.944878890826942e-06,1.1852179373027014e-05,0.0001614024316747224,0.00025630076375635357,0.04310853748014706,0.00023445988098361628,1.6230678696762716e-05,2.24854009266749e-06,0.00023357064764750494,0.030232040086759764,4.841138285262217e-08,1.0528466079186032e-07,0.01436660833171003,0.0011215262068690036,1.345197408369137e-06,0.9075011728479028,4.200287688837951e-07,8.75668405012408e-07,2.8766464236056124e-05,4.531772670764077e-08,1.1382418582436336e-10,3.0261299305899192e-09
13,0.0017971167592474536,0.00019964564768584168,1.4789262913137767e-05,1.2592947819934093e-06,3.094095996106023e-06,5.020580109398553e-05,0.0001414813948793098,0.06379731772435529,0.0001249496414430366,1.0617279608217688e-05,2.187134770404371e-06,9.563602632653063e-05,0.025066977756076175,1.1794231489825729e-08,1.0775217249446068e-07,0.010239009145590783,0.0009724186655631321,3.2710857870091865e-07,0.8974554804790205,1.0565886826228214e-07,5.955728116298773e-07,2.6648199375596897e-05,1.716035301019161e-08,7.65747580897677e-11,5.676821234951223e-10
14,0.0016053344614603163,0.00018004606217512066,1.0447817449515521e-05,6.211324138110862e-07,2.2651875866892e-06,4.600317427092652e-05,0.00010146689253248812,0.04353944959594291,8.065147296582347e-05,7.979226612340056e-06,1.2379947883161146e-06,7.308781292642038e-05,0.015026359381560054,7.1901325348210995e-09,7.474138667115032e-08,0.007028688995395159,0.0005606319523702594,2.3628087104652448e-07,0.9317166346063218,8.58594609622191e-08,4.646889976551775e-07,1.8214127078862938e-05,1.086637958338443e-08,4.2371230423800666e-11,4.3654945166359803e-10
15,0.002248943710059812,0.00019017450385754465,1.4340901877409635e-05,1.0131083179627028e-06,2.659392540261192e-06,5.138156854667778e-05,0.0001410437429054415,0.0679673568600987,0.00015059760042143824,1.2738054738813877e-05,1.3804439834822092e-06,7.462731450121629e-05,0.017326536563205912,9.627423358026353e-09,9.715669031617339e-08,0.009719530050618711,0.0009187147611758597,3.500297093344575e-07,0.9011508258323526,1.2141516728226981e-07,4.916510607195797e-07,2.7049730196062752e-05,1.5207760905042097e-08,7.729956636255522e-11,6.954906031879552e-10
16,0.002404465384781026,0.00017970778120515992,1.1337446677645594e-05,1.0736984242775445e-06,2.229608942116953e-06,5.645683172493874e-05,0.00017018866909517897,0.06734444785299765,0.00011584817023271638,1.7046926768822715e-05,1.416909740411141e-06,0.00011974362696286625,0.017045029547120304,1.1818494610490499e-08,9.05629465536094e-08,0.013718966034357651,0.0011392445350336255,6.048321829458442e-07,0.8976398396980142,1.4349109731403022e-07,8.226603148950677e-07,3.126510909885407e-05,1.7769255047867136e-08,7.47813423257028e-11,9.597498588163574e-10
17,0.0025076597762964396,0.00019355880611693655,1.2391606268621124e-05,8.167158250297018e-07,2.035613204573733e-06,3.3753880457657086e-05,0.0001319916137370637,0.07534721303635623,9.95343642295847e-05,8.638894956431936e-06,1.2475950543454245e-06,0.00015120116073461838,0.025110809735887866,1.0956528262882924e-08,5.37693276865463e-08,0.00723197581755101,0.0012649157832315386,6.810796802986704e-07,0.8878682539756613,1.2818797002717235e-07,5.071147255167891e-07,3.2604295051058857e-05,1.5274414308393163e-08,4.792178540102387e-11,8.988119539714408e-10
18,0.003059443172066153,0.00025029234755796607,1.2314876827876734e-05,1.0247879835131432e-06,2.1094356263143644e-06,5.923820105353182e-05,0.00019732229588305928,0.07610943439139803,0.00020798165171738295,1.701607718008699e-05,1.5367362683212407e-06,0.00014447009439368685,0.021427057135767043,1.7440178402727115e-08,9.55951733765007e-08,0.010257705872380816,0.002042599179852597,8.328216092527627e-07,0.8861541652048811,1.770012891614857e-07,5.96759350458031e-07,5.454168575430528e-05,2.5182110434027404e-08,9.83779261709681e-11,1.9553190818227755e-09
19,0.0019808538060896537,0.0002074255164313232,1.5938451007278286e-05,1.1854165603128792e-06,3.4211185603849453e-06,4.3531279732091874e-05,0.00016174304669366564,0.07643302170680662,0.00014294812654544817,1.0410566169312178e-05,1.5556839747477707e-06,8.84163318138846e-05,0.022907590029934883,1.0570222479120531e-08,9.922761986337898e-08,0.00925150827398417,0.0008754685158947186,3.550999826879666e-07,0.8878462357046008,1.113226901608697e-07,4.6831910388000707e-07,2.7687107883358345e-05,1.407242965422879e-08,6.599198188947576e-11,6.392767249806427e-10
20,0.0015102013248857564,0.00018542613343385068,1.3752132062904637e-05,9.747460468459762e-07,2.5749315624221524e-06,4.9848629585726686e-05,0.00016919686317338215,0.07488825338084969,0.00012553503680498977,1.1638192932771848e-05,1.4485143585038488e-06,5.9178176829147504e-05,0.013803313050267652,8.6481673021855e-09,1.8288503670280924e-07,0.008526494261220504,0.0007358063414634939,2.0194815377008183e-07,0.8998803856342819,1.0114411881066192e-07,6.285249639373431e-07,3.483332925757853e-05,1.547801148819641e-08,6.95343806342191e-11,6.22996496591414e-10
21,0.002560391050883465,0.00019447198247173872,1.3010561313507892e-05,8.855517884186185e-07,2.6679370341479434e-06,4.213390260695501e-05,9.725977929593505e-05,0.0522801935613802,0.00012668015010970375,1.3577788342534247e-05,1.552863713718742e-06,7.58383150833787e-05,0.016047841352244904,8.772050981205001e-09,7.391230499516413e-08,0.009077624776689277,0.0007502502156885743,3.451542526490066e-07,0.9186928272968978,1.0202676032417128e-07,5.347271013341235e-07,2.1715000751698276e-05,1.2667154937605697e-08,8.141511397430998e-11,5.72663708345069e-10
22,0.0026727610324257835,0.00016013846297969128,1.76385927009671e-05,1.2734204309585789e-06,2.036738655909858e-06,5.634287590260463e-05,0.00011884580130031029,0.07892803315204826,0.0001270617663084973,1.662357034620137e-05,1.524012163295743e-06,8.511452587352192e-05,0.018607719396338214,9.947057020211711e-09,8.870064346340377e-08,0.012200667349730162,0.001406535740346197,4.4156046809036565e-07,0.8855655485729428,1.2875122316540203e-07,6.044040622475708e-07,3.084621794643125e-05,1.4743346512804734e-08,9.637054375884764e-11,5.683893393784939e-10
23,0.002248943710059812,0.00019017450385754465,1.4340901877409635e-05,1.0131083179627028e-06,2.659392540261192e-06,5.138156854667778e-05,0.0001410437429054415,0.0679673568600987,0.00015059760042143824,1.2738054738813877e-05,1.3804439834822092e-06,7.462731450121629e-05,0.017326536563205912,9.627423358026353e-09,9.715669031617339e-08,0.009719530050618711,0.0009187147611758597,3.500297093344575e-07,0.9011508258323526,1.2141516728226981e-07,4.916510607195797e-07,2.7049730196062752e-05,1.5207760905042097e-08,7.729956636255522e-11,6.954906031879552e-10
24,0.002140918670180065,0.0002120166898218832,1.6509929989161446e-05,1.5496038726955922e-06,4.168131800260222e-06,5.5003761870439575e-05,0.00015908838286705302,0.07829099556173234,0.00017143056005437725,1.1922227541850764e-05,1.8778586023189446e-06,0.00010413542166833619,0.026890070149474813,1.4029749920191635e-08,9.954886646082951e-08,0.012587251963700702,0.0010634906615080324,4.5727077394412353e-07,0.8782622851627254,1.412008328708911e-07,4.843347079821894e-07,2.6068955655919337e-05,1.9119542023372698e-08,8.30341700676937e-11,7.194269158404258e-10
25,0.002111444497137183,0.00011680266815035697,1.2239808326986003e-05,1.061484949307096e-06,2.1493298086700975e-06,2.7221257322708415e-05,0.000130379925519074,0.09898633568931622,9.850474322593265e-05,9.031987539511692e-06,1.2182678835868824e-06,6.193134928237264e-05,0.0193471221850995,5.849848421217227e-09,7.533794495918256e-08,0.009961721356656428,0.0007503956348377267,3.0716603115996336e-07,0.8683611785320946,9.013153856135818e-08,4.209113666297403e-07,2.0349253975042936e-05,1.2181756054519285e-08,4.897095307225867e-11,4.0141808912719305e-10
26,0.004208528316208736,0.00024502223417338263,1.75883181812373e-05,1.55774909214659e-06,4.084784236985597e-06,5.8986599439045406e-05,0.00017606897988770126,0.08267243005255255,0.0003741005574551098,1.971654165756048e-05,1.7601238963862893e-06,7.140381304599036e-05,0.01769120410688975,1.2774632459139634e-08,1.225405568164497e-07,0.01296220747599755,0.001205055713425888,5.207185359196467e-07,0.8802583466133467,1.809401085143162e-07,5.071891789111085e-07,3.056663856425321e-05,2.5660202635847693e-08,2.1132300940542332e-10,1.347410779371785e-09
27,0.0021905157834519783,0.00021686736473805373,1.396129499027661e-05,1.0959176884302207e-06,3.3130829677453803e-06,5.938580092697501e-05,0.00018798021610279083,0.06972373623864155,0.00025980145987615185,1.790144570788998e-05,1.6534362111995771e-06,6.727925861190293e-05,0.015266838429014025,1.3254326673185356e-08,1.69814586688628e-07,0.01125406883427608,0.0010093771624808633,3.3007003145876665e-07,0.8996826821125745,1.5630781674811442e-07,5.059997690748707e-07,4.2343733459596814e-05,2.169330845974734e-08,1.2412144218796682e-10,1.164319179574337e-09
28,0.002248943710059812,0.00019017450385754465,1.4340901877409635e-05,1.0131083179627028e-06,2.659392540261192e-06,5.138156854667778e-05,0.0001410437429054415,0.0679673568600987,0.00015059760042143824,1.2738054738813877e-05,1.3804439834822092e-06,7.462731450121629e-05,0.017326536563205912,9.627423358026353e-09,9.715669031617339e-08,0.009719530050618711,0.0009187147611758597,3.500297093344575e-07,0.9011508258323526,1.2141516728226981e-07,4.916510607195797e-07,2.7049730196062752e-05,1.5207760905042097e-08,7.729956636255522e-11,6.954906031879552e-10
29,0.002248943710059812,0.00019017450385754465,1.4340901877409635e-05,1.0131083179627028e-06,2.659392540261192e-06,5.138156854667778e-05,0.0001410437429054415,0.0679673568600987,0.00015059760042143824,1.2738054738813877e-05,1.3804439834822092e-06,7.462731450121629e-05,0.017326536563205912,9.627423358026353e-09,9.715669031617339e-08,0.009719530050618711,0.0009187147611758597,3.500297093344575e-07,0.9011508258323526,1.2141516728226981e-07,4.916510607195797e-07,2.7049730196062752e-05,1.5207760905042097e-08,7.729956636255522e-11,6.954906031879552e-10
30,0.002248943710059812,0.00019017450385754465,1.4340901877409635e-05,1.0131083179627028e-06,2.659392540261192e-06,5.138156854667778e-05,0.0001410437429054415,0.0679673568600987,0.00015059760042143824,1.2738054738813877e-05,1.3804439834822092e-06,7.462731450121629e-05,0.017326536563205912,9.627423358026353e-09,9.715669031617339e-08,0.009719530050618711,0.0009187147611758597,3.500297093344575e-07,0.9011508258323526,1.2141516728226981e-07,4.916510607195797e-07,2.7049730196062752e-05,1.5207760905042097e-08,7.729956636255522e-11,6.954906031879552e-10
31,0.0020714305221792005,0.00022846296025143942,1.481186765666985e-05,1.2316721517653795e-06,3.140150869892333e-06,7.530609269404808e-05,0.00017119514588343277,0.06445027176811954,0.00020136632364676043,1.5683917689058708e-05,1.7908115460241096e-06,7.856850133400354e-05,0.01810178414321612,1.267904783117152e-08,1.4235591188188904e-07,0.012359281090297979,0.001098497572926652,3.3043120210875675e-07,0.901094292935988,1.3233779963754716e-07,5.517846932454292e-07,3.1694877778102515e-05,1.9143557894293224e-08,1.0312309910432182e-10,8.104356334827917e-10
32,0.0020066510027555535,0.00017219769285458227,1.3103434215568959e-05,8.377167339485853e-07,2.4618948299353178e-06,4.615264603173816e-05,0.0001269358081323301,0.06151717392427225,0.00012583664515832075,1.1260151255727777e-05,1.2407856703463492e-06,6.918242778469832e-05,0.01526586058481694,8.676120594331237e-09,9.218828689468306e-08,0.008427159435196927,0.0007661589073911193,3.084556939028194e-07,0.9114211204063587,1.1653121420537323e-07,4.707819647590394e-07,2.5655220502278726e-05,1.3978514581786823e-08,6.504496563938072e-11,6.39199021629139e-10
33,0.0023282669398425973,0.00015862650216196106,1.7713114386107507e-05,9.176442171382307e-07,4.871769241084292e-06,6.67876376105024e-05,0.00010133980467925942,0.035955931484434225,0.0002227370646399484,1.84616757986585e-05,1.247967088080995e-06,1.1469707529528092e-05,0.0029009621841536238,5.0609428667221375e-09,3.133000322020244e-07,0.006501963299209342,0.0001797668618252176,8.683858505046263e-08,0.9515138522056789,1.270976578887427e-07,8.861616093362183e-07,1.3638611365134484e-05,2.5964174577452757e-08,2.563290373121979e-10,8.468079941041213e-10
34,0.002227337258611574,0.00019994399071349232,1.555914748982977e-05,1.2041887239740058e-06,2.7299238748358605e-06,6.36773507496188e-05,0.00015904997774367268,0.07498662067945647,0.00015971311412137356,1.3835876931465288e-05,1.4952270522194387e-06,8.460874293299515e-05,0.01931696413571488,1.0995183272013705e-08,1.0871968419044721e-07,0.011624913953261633,0.0011416710984529148,3.9246104148052743e-07,0.8899700636078908,1.3340475028734226e-07,5.304546870932773e-07,2.94178454077902e-05,1.7042857822085904e-08,8.209699280532185e-11,7.205692566915143e-10
35,0.005005170163247133,0.00014554325449236112,1.040721756518483e-05,6.89359701621795e-07,1.3814317637180444e-06,1.9191287215960657e-05,0.00010835296362673346,0.1056931708349303,0.00015389480631837127,1.1801012964640884e-05,6.827882818219683e-07,6.971365769604757e-05,0.016342571881172347,4.236228848246868e-09,3.172758959686978e-08,0.007950192248041442,0.0009956286255969101,5.621416936039373e-07,0.8634698218196907,8.37022357388495e-08,2.930333197635969e-07,2.0803370879693768e-05,7.790621305240656e-09,5.1878960980845277e-11,5.932472593864712e-10
36,0.0022110458828291163,0.00016420910816987116,1.01076310296714e-05,1.6244711689370549e-06,1.6511097689082233e-06,6.442373528624499e-05,0.0002626420962304792,0.1591253638586757,0.00023442404727991274,1.2696443352945487e-05,1.420935635962561e-06,0.00016530960872465338,0.03386716573585556,1.3086320269043846e-08,1.082496928776855e-07,0.023383400905466374,0.0036730897715281687,6.541542088746089e-07,0.7767686672418495,1.430798419773592e-07,3.608097647198344e-07,5.145467399581046e-05,2.2491499066453007e-08,6.235917682831514e-11,8.094652242695381e-10
37,0.003980672838084402,0.00016401894551777897,2.0992246042610763e-05,1.4073517399267062e-06,2.721562412823823e-06,4.288781029656482e-05,0.00013383703230293315,0.07862909353413383,0.00016289516104894233,1.719138625667824e-05,1.5575449957997602e-06,6.828828094690704e-05,0.01803682779477295,9.932915334387304e-09,8.759596087873237e-08,0.010973035100461484,0.0010166881692708842,5.577391270890615e-07,0.8867216020758693,1.458118128942908e-07,5.086006604677863e-07,2.4956974059152807e-05,1.555054320778285e-08,1.597478427353131e-10,8.010194935329995e-10
38,0.0014819712959307895,0.00012166428364309892,1.0375640796165304e-05,7.487026719770408e-07,1.5532438290181238e-06,6.491008083581722e-05,0.00013409021593005353,0.057181173038380315,6.719119082991823e-05,8.53436350562163e-06,1.1874916974209046e-06,6.016687749216949e-05,0.013766460232347347,5.85423998069473e-09,1.0709899853946438e-07,0.010939612323053086,0.0007007260185236165,2.3094547118942991e-07,0.9154414270407639,1.0095260819765135e-07,5.027093432657489e-07,1.7246346030359945e-05,1.3647940193638619e-08,4.467522167419382e-11,3.604624112355422e-10
39,0.0021675955121371483,0.00018012346194925153,1.3730330334261666e-05,9.99803538222604e-07,2.529785122039965e-06,5.041081304024975e-05,0.00014277978886678146,0.0699632763792836,0.00014020262085530995,1.1996318152606556e-05,1.3319866690169768e-06,7.355639338816029e-05,0.017105211744270165,9.099735487040305e-09,9.733324792274645e-08,0.00969450515732183,0.0009064622010610876,3.414470235177911e-07,0.8995179016199888,1.1983081371101425e-07,4.968190610587262e-07,2.6305263299041153e-05,1.5540975451926116e-08,7.141832636710115e-11,6.78447047567332e-10
40,0.0022431213366813077,0.0001902066106249909,1.4361396340676882e-05,1.0106093504879377e-06,2.6612079611776258e-06,5.138414302511747e-05,0.00014074301958326083,0.06777919591648511,0.00015009180463334466,1.2714446375436612e-05,1.3787966712343142e-06,7.461142471378524e-05,0.017301751817599947,9.629893221494563e-09,9.71244909972708e-08,0.009684468171015393,0.0009158427578665138,3.4928959059607384e-07,0.9014083230712796,1.2141616571708538e-07,4.917177665537273e-07,2.704834637138963e-05,1.5173901131403234e-08,7.713683349333754e-11,6.944760902498171e-10
41,0.0025956543563023155,0.00030545186922661043,2.099314675465444e-05,1.896286478925621e-06,5.777018080721112e-06,7.75439499601607e-05,0.00018374937354246812,0.08798637198600232,0.0003605311425086083,1.782897135197617e-05,1.828417768888786e-06,6.686468320474414e-05,0.023357503571016087,1.2935711972966642e-08,1.3546688393105555e-07,0.014619957431182691,0.0010248851349211362,3.202613949377119e-07,0.8693477018991799,1.4100810919018456e-07,4.6649836595061274e-07,2.436483087507537e-05,1.8901751703742368e-08,1.2436321121453826e-10,7.350618298068979e-10
42,0.00545520168442973,0.00043988839832272413,2.7769924568002983e-05,4.221326402251729e-06,7.268631179196142e-06,0.00021060169916813724,0.0003766326238902772,0.07810693622192202,0.0006216405434780858,3.444412963635158e-05,4.282590052386166e-06,0.00013127757564094123,0.04294117697077941,4.0616695297782954e-08,1.8083426817634515e-07,0.03179417950804681,0.0027041119192229754,1.4316776462075847e-06,0.837106926902152,3.0385303423346516e-07,6.562346517922295e-07,3.0766887268932306e-05,5.5946512417302456e-08,4.750535192637259e-10,2.8259778925424018e-09
43,0.002327174141739498,0.00018406972803301444,1.5246344837467854e-05,1.0450458661733774e-06,2.8531658992338443e-06,5.975249864643567e-05,0.0001348675114454995,0.06587945026742688,0.0001944839416157219,1.8887871069955262e-05,1.4221094108046588e-06,5.832388529569007e-05,0.014002297476377793,1.055072147445528e-08,1.218793288091821e-07,0.011096887527859459,0.0008987116045466394,3.1792541842420325e-07,0.9050918769109666,1.4718092680334518e-07,5.179801346731217e-07,3.151683038268439e-05,1.6729951204062806e-08,1.0848474273962515e-10,7.836143846679906e-10
44,0.002248943710059812,0.00019017450385754465,1.4340901877409635e-05,1.0131083179627028e-06,2.659392540261192e-06,5.138156854667778e-05,0.0001410437429054415,0.0679673568600987,0.00015059760042143824,1.2738054738813877e-05,1.3804439834822092e-06,7.462731450121629e-05,0.017326536563205912,9.627423358026353e-09,9.715669031617339e-08,0.009719530050618711,0.0009187147611758597,3.500297093344575e-07,0.9011508258323526,1.2141516728226981e-07,4.916510607195797e-07,2.7049730196062752e-05,1.5207760905042097e-08,7.729956636255522e-11,6.954906031879552e-10
45,0.002790091879551159,0.00023941520539379598,1.488294278827371e-05,9.421753322713191e-07,2.8554442418039987e-06,4.907151853438555e-05,0.00011988422575354145,0.05614317470817337,0.000170578545238184,1.4216792591295509e-05,1.5072182375917003e-06,0.00010312467006680967,0.019696609133823928,1.2626482438041385e-08,6.97658020620967e-08,0.008388844942993223,0.0011072196940462402,5.056988049831178e-07,0.9111249394890499,1.3183185723763697e-07,5.21359050278169e-07,3.138326357151799e-05,1.5813528272823876e-08,8.749947010192432e-11,9.67588226041066e-10
46,0.003061058367457111,0.00024596133533462834,1.8633747104582798e-05,2.5615228142255313e-06,1.9704209760166803e-06,0.00011696104540684656,0.0001747520042253768,0.11363757016124515,0.00017526828632433196,1.7923865501517028e-05,2.4548647240461044e-06,0.00020579995827897356,0.03726818327937628,1.629395192519304e-08,1.1127686281227326e-07,0.022247768758320085,0.004302044358605361,7.478932006868551e-07,0.8184790939237404,1.4881520008842755e-07,9.270902959096375e-07,4.001584256672769e-05,2.6049292820429136e-08,1.283692487344545e-10,7.108248960604565e-10
47,0.0022000846152491166,0.00020255899312634023,1.75142020961197e-05,1.4644658309691542e-06,3.542740905629811e-06,6.675173179881385e-05,0.00016176173267765052,0.07291146236610728,0.0001826674281605961,1.4509849177880316e-05,1.7932759201341376e-06,7.460437138780084e-05,0.020442054452266503,1.2534858393552525e-08,1.2314258974966653e-07,0.012523399593006565,0.0010280994121878624,3.696441153972757e-07,0.8901398016584898,1.3942361836890705e-07,5.387151935505863e-07,2.67250859088067e-05,1.972653755712784e-08,1.0253370471092106e-10,7.362550988711831e-10
48,0.01175815106757589,0.0003179242558689298,0.0001887291614076993,2.27129712217911e-05,0.00046169976502974483,7.457175759074794e-05,0.0007835363204489029,0.029011213296362304,0.012158780038373049,0.0045079350577977104,1.9637774711230068e-05,5.454547741683038e-05,0.007299039654946268,2.9434982272176463e-06,1.2827041936887965e-06,0.042482331238713915,0.00039068098571274636,1.1330249007856816e-05,0.8894258616217718,1.4071208663362874e-05,5.83085461095631e-06,0.0010064140654659796,4.0733824906060065e-07,7.971409720684884e-08,2.8992253506475125e-07
49,0.0016450349345171144,0.00021230367991770686,1.8352504542398454e-05,8.853796795884153e-07,2.54138924929308e-06,6.935064809767048e-05,0.00012466549568971696,0.05464339290139266,0.00010541681594817764,1.2037782620946599e-05,1.3522578709767882e-06,0.00010389758397617098,0.017883533874324918,1.2577040543419528e-08,1.028473689487648e-07,0.007685705860380156,0.001008481574809935,3.571681026003511e-07,0.916445806741606,1.4674489440347524e-07,6.065879571175791e-07,3.600013455081742e-05,1.3779487206568661e-08,6.533077390265276e-11,6.706442801590695e-10
50,0.0022670224521043622,0.00017817451888961532,1.2992372095696491e-05,8.758882246929838e-07,2.5023291682626955e-06,4.324057806963962e-05,0.0001454073542297503,0.06777817947529093,0.00015228307156361275,1.2843772102318979e-05,1.2238188242330615e-06,6.456984796007657e-05,0.0155461584368703,8.672226579705583e-09,9.477999483238137e-08,0.008990738423038063,0.00080627320294759,3.325145387712766e-07,0.90396909897802,1.1602166099007868e-07,4.348890285032528e-07,2.741387457858189e-05,1.391729239527398e-08,7.1591100275494e-11,7.396889874088619e-10
51,0.002165036260604078,0.00017366870576371467,1.3658256181925473e-05,9.365909611833974e-07,2.486877226042981e-06,5.067747156426243e-05,0.0001351671116745701,0.06484202327904966,0.00013566207601593328,1.2099494478092035e-05,1.311488798094553e-06,7.249830536962069e-05,0.016277440067923844,9.187739824016217e-09,9.404651445113841e-08,0.009454123279179508,0.0008674879305845114,3.475456838640697e-07,0.9057686954740919,1.256756081891373e-07,4.876590172326706e-07,2.594695175333933e-05,1.5505289738712235e-08,7.266160499015999e-11,6.862648704357232e-10
52,0.0013764739040578353,0.0002335498374276842,9.638061866700212e-06,5.760532040519096e-07,2.263561438231522e-06,3.544095305009838e-05,0.00014382198096735748,0.0582872908087051,0.00011043740884097326,6.4253799025144375e-06,9.497067405058756e-07,6.503546273623373e-05,0.012010816925044032,6.56877727180257e-09,1.1013533638842496e-07,0.004561439086469547,0.0005943680529261602,1.6416077383250457e-07,0.9225321269703245,6.554028665942735e-08,5.26778730592664e-07,2.845952874647467e-05,1.240258389833718e-08,3.403740186548493e-11,6.970260398024189e-10
53,0.0020204843269931282,0.00021203567864504553,1.0201866883350501e-05,1.5837955668931784e-06,3.6125810640366217e-06,7.572162502722322e-05,0.000511339093926607,0.11019009983525704,0.00033808259254283865,1.584923483016676e-05,1.861394538492083e-06,7.49833846765372e-05,0.021365295491895146,1.4627885194296853e-08,2.677365671077928e-07,0.02019574750238468,0.0012105506680510198,4.6572775217432825e-07,0.8437324721077184,1.8161114722815317e-07,4.595260874225763e-07,3.865218196378558e-05,3.556771800850982e-08,1.0682981887047786e-10,1.7340484600761637e-09
54,0.0018301503486415547,0.0001107606131839131,2.705539297130236e-05,1.5394103812330087e-06,2.9673509799476883e-06,5.103067331064046e-05,9.101791300243146e-05,0.07289615816070104,8.028668516458462e-05,1.1533838442867528e-05,1.6812101809280836e-06,6.1762207814061e-05,0.020332626855728748,9.502378310381869e-09,9.132778981912051e-08,0.009387003180113419,0.0007816629616199543,3.0361675252050014e-07,0.8943091608174518,1.476983695249984e-07,6.321617072311683e-07,2.2403161317160068e-05,1.4477188796491022e-08,9.298198776105198e-11,3.4182603429653884e-10
55,0.0027991796894044495,0.00025715639800060684,1.1710417760371873e-05,8.608113262365075e-07,2.8048442159534633e-06,3.7174857986562155e-05,0.00015847246795196984,0.06459399322041857,0.00017997822351596132,1.005172989005782e-05,1.33667698653331e-06,0.00011301500839453389,0.020896591911463876,9.306582466954589e-09,6.77263012812893e-08,0.007995893324640714,0.0009519434980865572,4.855465347619055e-07,0.9019629497405081,1.0212811009687831e-07,4.230237427014141e-07,2.5785139172737758e-05,1.3352634452687125e-08,6.369620740493996e-11,8.926744449713655e-10
56,0.0022155702147377554,0.00020126903497137138,1.4780825343567876e-05,1.0885992278861338e-06,2.8807892413307522e-06,5.156540198216171e-05,0.00015071615212372482,0.06910803595765408,0.00015434682677165163,1.2500015632925952e-05,1.5089114294193289e-06,8.26894957510904e-05,0.019828655347611034,1.0652790211251303e-08,9.839429747747036e-08,0.009790580171715243,0.000952984427947668,3.790942884960042e-07,0.8974020093587863,1.2613818220090228e-07,5.00523901965286e-07,2.768688118172718e-05,1.596727957789053e-08,7.85979279556241e-11,7.385531879161213e-10
57,0.011402717774226773,0.0006301081095639466,3.743402337671552e-05,1.683958246288899e-05,8.689147961397128e-06,0.0005038407333302624,0.0012151144263384827,0.21182335891984472,0.003829082077801905,0.0001302238776166115,7.206507381468193e-06,7.440400801140742e-05,0.05393380507616128,6.468185427573865e-08,6.111319360898063e-07,0.1074766856683525,0.008107884977280166,1.954307042176923e-06,0.600750233385118,4.2987651962202887e-07,7.445817587760364e-07,4.842517690094733e-05,1.3294123293219207e-07,2.636818025156352e-09,6.371108810439578e-09
58,0.0024349112019023136,0.0002013636454447713,1.564511764963674e-05,1.096697218152816e-06,2.920462039672323e-06,5.31538768406442e-05,0.00014747970588930353,0.06667342323713582,0.00017060515869105205,1.4688468452292308e-05,1.5663684841135596e-06,7.334059097105642e-05,0.017234321096147084,1.0619646610516027e-08,1.1286827186077604e-07,0.01014061847360695,0.0009236839733967744,3.6219937422074563e-07,0.9018807080397884,1.314812138594336e-07,5.19993450450406e-07,2.931969012019815e-05,1.615737431045687e-08,1.0249753134928536e-10,7.743927987712724e-10
59,0.0024940221004067795,0.00020527234027705577,1.7645164374522323e-05,1.2019059779024368e-06,3.1944723659855733e-06,5.680331792318422e-05,0.0001420623016688661,0.06578790900424526,0.00018259773473506066,1.6465226138805136e-05,1.6721970749667194e-06,7.276576579754194e-05,0.016684597803924887,1.2000113569991709e-08,1.2161423067144512e-07,0.010325866848098681,0.0009638372378840462,3.760138446129322e-07,0.9030114894193886,1.4532466155160665e-07,5.650083431058095e-07,3.135860257355319e-05,1.7639591733955375e-08,1.2182140867387523e-10,8.345378127572065e-10
60,0.002248943710059812,0.00019017450385754465,1.4340901877409635e-05,1.0131083179627028e-06,2.659392540261192e-06,5.138156854667778e-05,0.0001410437429054415,0.0679673568600987,0.00015059760042143824,1.2738054738813877e-05,1.3804439834822092e-06,7.462731450121629e-05,0.017326536563205912,9.627423358026353e-09,9.715669031617339e-08,0.009719530050618711,0.0009187147611758597,3.500297093344575e-07,0.9011508258323526,1.2141516728226981e-07,4.916510607195797e-07,2.7049730196062752e-05,1.5207760905042097e-08,7.729956636255522e-11,6.954906031879552e-10
61,0.0024434083085434705,0.00019300305277684116,1.7959460722987165e-05,1.1587259418764606e-06,2.9458575895885573e-06,5.470187412513228e-05,0.00013324968176667477,0.06843007163064849,0.00015837905784053227,1.5071958658872351e-05,1.5097287448809202e-06,7.045627444085618e-05,0.016593182898884937,1.0609571728282795e-08,1.0966491603974139e-07,0.009786208245856657,0.0009256828110809323,3.585916475536782e-07,0.9011429162035941,1.362674336323235e-07,5.53257495795443e-07,2.8909320800609873e-05,1.5700807591182563e-08,1.0456476406549501e-10,7.115455320474607e-10
62,0.002248943710059812,0.00019017450385754465,1.4340901877409635e-05,1.0131083179627028e-06,2.659392540261192e-06,5.138156854667778e-05,0.0001410437429054415,0.0679673568600987,0.00015059760042143824,1.2738054738813877e-05,1.3804439834822092e-06,7.462731450121629e-05,0.017326536563205912,9.627423358026353e-09,9.715669031617339e-08,0.009719530050618711,0.0009187147611758597,3.500297093344575e-07,0.9011508258323526,1.2141516728226981e-07,4.916510607195797e-07,2.7049730196062752e-05,1.5207760905042097e-08,7.729956636255522e-11,6.954906031879552e-10
63,0.0022716799549389512,0.0001999452727727588,1.4198858074314994e-05,9.852922528210576e-07,2.6816392921849946e-06,5.045067392912069e-05,0.0001424770242187207,0.06715135703826215,0.0001534590529049318,1.2665484360656767e-05,1.3784616729466338e-06,7.498303290697258e-05,0.017267920608848082,9.540168714433736e-09,9.744470265458276e-08,0.00935173826600114,0.0009012946894158098,3.4393704977110463e-07,0.9023744212853313,1.1761224436612547e-07,4.933778955724118e-07,2.7285880728954245e-05,1.47876770006346e-08,7.678687021687363e-11,7.075632656321853e-10
64,0.0021076618607505674,0.00018777550047829097,1.3697043259462969e-05,8.920954510760684e-07,2.517855366184607e-06,4.627525966023602e-05,0.00012569038735583802,0.06271763583593742,0.00012205351471413631,1.1469497814016802e-05,1.3216259731925408e-06,6.930895537585275e-05,0.01475003219267068,8.02380051154405e-09,9.782957163531443e-08,0.008078071008223367,0.0007416886128409296,2.9258486563909383e-07,0.9109980587971651,1.0696262420841696e-07,5.709103749191112e-07,2.4759092552809232e-05,1.3873131306375925e-08,6.886902718023073e-11,6.111735508457895e-10
65,0.0008995993654458738,0.00016821572947733912,3.0073010122059954e-05,1.3615263700371891e-06,2.6697260080161423e-06,0.00011746865585509368,0.00015468107125299953,0.06163134122359194,5.371519409817921e-05,1.0256443465469788e-05,1.6182485128646462e-06,4.5051317724206285e-05,0.012386172227935234,9.965296846880255e-09,3.449333843151038e-07,0.008281475913356541,0.0006297230116920114,1.2168647232090737e-07,0.9155567030019591,1.105448331675202e-07,1.0065262168202926e-06,2.8265116405520603e-05,1.5139879634493924e-08,7.872595306610228e-11,3.4191852554827024e-10
66,0.0022006323638901018,0.00019089983595826652,1.588248159666791e-05,1.1098740242153198e-06,2.9218494843529418e-06,5.181200268945746e-05,0.00012870614834229374,0.06693773261231542,0.00014854072630331356,1.3608571528541037e-05,1.5075963594664003e-06,7.859841906299879e-05,0.01864818527349486,1.0406763967868681e-08,9.338820084711347e-08,0.010197708421064836,0.0009517380716094496,3.548499897815454e-07,0.9004014350166608,1.2311633465027405e-07,5.146173894090021e-07,2.7868704270608836e-05,1.4934009215799053e-08,8.050685611490544e-11,6.381496339149377e-10
67,0.0022135978005857204,0.0001938038809715313,1.4618053142524601e-05,1.0287873675114512e-06,2.6411642604390017e-06,5.640208965555986e-05,0.0001431903103052816,0.06608961025190109,0.00014761769710373547,1.3057541645979425e-05,1.4359608959115572e-06,7.916572539659063e-05,0.01763280418518716,1.040790155774044e-08,1.0147667462754682e-07,0.009951278686256157,0.0009721530113018398,3.6795956819211733e-07,0.902458284476919,1.2964966816441276e-07,5.17466117455732e-07,2.8166412524022664e-05,1.6191504917530776e-08,8.055205255311845e-11,7.325932431885282e-10
68,0.002242477084197545,0.00019077363301055365,1.4314230474454153e-05,1.0097496737007444e-06,2.6724775661053887e-06,5.139040547461939e-05,0.00014070276809777455,0.06772795719452307,0.00015134484411994726,1.2792887208162469e-05,1.3798673568167137e-06,7.407859033402197e-05,0.017142294321852602,9.630936239996843e-09,9.807243097049039e-08,0.00969217784661981,0.0009134492778815842,3.4603278799054117e-07,0.9016128953049146,1.2108409328415125e-07,4.925797158573908e-07,2.720613692207676e-05,1.5205023494649394e-08,7.760315175082313e-11,6.971815453596852e-10
69,0.0012792728818606543,0.00013402487646640103,1.126416458973866e-05,5.001598485676362e-07,1.40836457802335e-06,6.429830470291073e-05,8.710978234000152e-05,0.036177386527616505,4.966172147031193e-05,8.722707523010986e-06,1.1611534882165614e-06,8.775828580171471e-05,0.0135650041358546,8.5808315217008e-09,7.944521551509204e-08,0.0065079930978221194,0.0007031974838002961,2.860230367564663e-07,0.9412965671525605,1.3833476849908302e-07,6.048570846366864e-07,2.3538603751860563e-05,1.2842768183909079e-08,4.335928688763291e-11,4.68860301533508e-10
70,0.00259461487248996,0.00022244025996175795,2.1694041442651485e-05,2.2688574023380033e-06,4.112483665996282e-06,0.00010182890313720841,0.00019866776888208894,0.0914231900305179,0.0002706363125972626,2.0089782854827784e-05,2.1926716187399798e-06,0.00010476427116006278,0.028519293523943383,1.8920222665127657e-08,1.3609882785137708e-07,0.0201003829815295,0.0018185260025790951,6.007720192052265e-07,0.8545613641999379,2.1647985139798503e-07,5.657455970230564e-07,3.236603147083915e-05,2.7892937205267605e-08,1.5121563568360622e-10,9.441374255312932e-10
71,0.0029089550709970593,0.00017592203097785132,1.0606052128211095e-05,1.0775150728414505e-06,2.8945135088415207e-06,3.660799274466224e-05,0.00013502370990154904,0.07924122141849875,0.00019276000904166335,1.2758058713403807e-05,1.5766910028224178e-06,7.686499168590721e-05,0.0183228217205328,8.360823974184606e-09,8.529486096885388e-08,0.012482226071911363,0.0009026834798301251,3.9383415193554233e-07,0.885471254077557,1.1242132918294374e-07,4.3896260655781814e-07,2.3689608587534605e-05,1.733849665426647e-08,8.715187737527217e-11,6.878863066263167e-10
