,0,1,2,3,4,5,6,7,8,9,10,11,12,13,14,15,16,17,18,19,20,21,22,23,24
0,4.206575104748085e-05,4.4729813215403435e-05,0.0003673528593038062,1.8179908211455472e-06,2.5566650238273723e-06,0.0014887388641030986,3.010764327247719e-05,0.0009954212592454693,0.054496010772861064,6.695911643426102e-06,1.2152554011158565e-05,1.9989037829396077e-05,5.21942062315219e-06,2.988604658700576e-08,0.0008236981741862461,0.1899921302844945,1.661522205489659e-06,7.592624725789942e-06,0.751020252155826,6.533902958871225e-07,4.9850590080701246e-05,0.0003316559695944983,1.8131508443673044e-08,0.0002593741384603498,2.2458957456585561e-07
1,0.0002967981180607803,0.0010501205073061657,0.0006568268617730258,0.0005078588055522793,0.00021644823242482973,0.0032953918491224338,0.0018526558980912612,0.02533291648870243,0.03547505476543291,4.677423840431678e-05,0.013296359968203726,0.0026777277488379543,5.4670686503194166e-05,0.00016990266875063857,0.007053548567147843,0.025911540141366575,0.0030102720564176787,0.0006219083497320235,0.6893455922644699,1.7927500981551148e-05,0.0016671949823901214,0.18548099350593006,7.999338539455026e-05,0.0017827261726760957,9.879623632751846e-05
2,6.850105489010543e-05,8.532846526019155e-05,0.0005617837629511404,3.178990719841032e-06,3.2883466877917263e-06,0.001504237368552439,5.923619186314272e-05,0.0012684176224193977,0.056820413105445805,1.5159369132933572e-05,1.310648491312195e-05,3.197761503367649e-05,5.674839386196549e-06,5.1018342877182626e-08,0.0010879933647876545,0.17934092142787644,1.8506762976466288e-06,1.114580315915772e-05,0.7583052271078259,9.586443370047106e-07,5.697103061047413e-05,0.0004478422399557965,3.3397974992834605e-08,0.00030623758922652136,4.644823497467436e-07
3,6.0747772396006664e-05,7.629483468858013e-05,0.0005932416345194547,3.93356201508118e-06,2.272026346892468e-06,0.0015453926021007517,5.3555762749698896e-05,0.0012461907787278176,0.05320059764272271,1.5838413660922414e-05,1.2834543236746654e-05,3.526180837237812e-05,5.434392652900734e-06,4.848876354259539e-08,0.0008087502117153288,0.17435342530171768,1.773339545537801e-06,1.179630069394909e-05,0.7670716892103187,8.008060018653653e-07,6.749566835656053e-05,0.0004833571789444806,3.3963206782084106e-08,0.0003488433715834735,3.903849623747037e-07
4,6.251185186508791e-05,7.778881923024632e-05,0.0005922939880625013,4.190331216636684e-06,2.383775856165277e-06,0.001567471141924666,5.4580247216113136e-05,0.0011901772520251737,0.05542535756695494,1.585601388164332e-05,1.3214133120769078e-05,3.903963964132826e-05,6.479252620985051e-06,5.148133049320348e-08,0.0007984369591960738,0.17087747198611994,1.9951673439742147e-06,1.2350200943141521e-05,0.7682920802045305,8.577924509668687e-07,7.254919538227534e-05,0.0005157281810180206,3.709781837890544e-08,0.00037667767956415187,4.200406858368244e-07
5,6.919300230737551e-05,7.710727839591795e-05,0.0006364973271836636,5.036469526348968e-06,2.119424769818893e-06,0.001661332825050922,5.3793836170978654e-05,0.0012554572992605367,0.056657148469683095,1.811071458359013e-05,1.366633827261206e-05,4.121101375702298e-05,6.472977811615449e-06,5.5335769370958724e-08,0.0007813998553928098,0.17820891491876123,2.1545198743004813e-06,1.611871441245491e-05,0.7594076766217859,8.975927609626927e-07,7.64687326453619e-05,0.0005893230567926446,3.7925349469147666e-08,0.00041936005696685503,4.4569271525219206e-07
6,6.0747772396006664e-05,7.629483468858013e-05,0.0005932416345194547,3.93356201508118e-06,2.272026346892468e-06,0.0015453926021007517,5.3555762749698896e-05,0.0012461907787278176,0.05320059764272271,1.5838413660922414e-05,1.2834543236746654e-05,3.526180837237812e-05,5.434392652900734e-06,4.848876354259539e-08,0.0008087502117153288,0.17435342530171768,1.773339545537801e-06,1.179630069394909e-05,0.7670716892103187,8.008060018653653e-07,6.749566835656053e-05,0.0004833571789444806,3.3963206782084106e-08,0.0003488433715834735,3.903849623747037e-07
7,7.255608706922314e-05,7.666518606785954e-05,0.0006701858582878027,3.4931172100020426e-06,2.176822236558641e-06,0.0015458057545269877,5.06076768520766e-05,0.0011064696032250518,0.0486985136229684,1.642009036595325e-05,1.1382277182388711e-05,3.036413066591686e-05,5.212312053372833e-06,3.975403782011272e-08,0.0006152384870554143,0.1445562196623527,1.466476979046448e-06,1.0986483061984305e-05,0.8017178021717891,7.241565858917212e-07,5.6499645853927545e-05,0.0003543648206138451,3.553747773215721e-08,0.00039642131031943675,3.4895516150548024e-07
8,9.12117257463594e-05,0.00012673422195164596,0.0010866539473838538,6.362568974545727e-06,2.6419791066936726e-06,0.0016975452799086166,8.286827269135911e-05,0.001411946964308627,0.05168673489357533,2.6617098163153915e-05,1.3074718899010038e-05,4.449799876003236e-05,5.506365752369754e-06,5.8443950285179576e-08,0.0006010621230022265,0.16188262443416893,1.3180913238443763e-06,1.021435871755603e-05,0.7803219085100783,9.716812845157542e-07,6.325633928401992e-05,0.00032996479767516125,6.434523484604095e-08,0.0005057031685480899,4.5767151064421463e-07
9,7.371437471413147e-05,0.00011395828922719477,0.0011826627988235,7.950302690147454e-06,2.148025350402927e-06,0.0018112910168093042,8.585361911878448e-05,0.0013536604472579009,0.06310339764696307,3.034612678467641e-05,1.1776343571847811e-05,5.865990146866317e-05,6.942470767046617e-06,5.7242753025797774e-08,0.0007217397152408933,0.21384973514614966,1.5076454070461705e-06,1.2687110360348024e-05,0.7165061266349242,1.1271285892183395e-06,0.00010650729798581356,0.00044774659810865175,5.485255437319548e-08,0.0005098201577889415,5.291065911950942e-07
10,6.0747772396006664e-05,7.629483468858013e-05,0.0005932416345194547,3.93356201508118e-06,2.272026346892468e-06,0.0015453926021007517,5.3555762749698896e-05,0.0012461907787278176,0.05320059764272271,1.5838413660922414e-05,1.2834543236746654e-05,3.526180837237812e-05,5.434392652900734e-06,4.848876354259539e-08,0.0008087502117153288,0.17435342530171768,1.773339545537801e-06,1.179630069394909e-05,0.7670716892103187,8.008060018653653e-07,6.749566835656053e-05,0.0004833571789444806,3.3963206782084106e-08,0.0003488433715834735,3.903849623747037e-07
11,6.236429570846405e-05,7.679908443445497e-05,0.0006036072713925848,4.06550341493418e-06,2.375515215348336e-06,0.0015699624525155307,5.436816728138372e-05,0.0012254867253366111,0.05391535811228963,1.614168967505464e-05,1.2969048994781597e-05,3.695602268750457e-05,6.152307198934041e-06,4.971148582016433e-08,0.0007879294821757957,0.17452666892273586,1.8946320303698762e-06,1.2074601842720224e-05,0.7661560455144503,8.584263482007199e-07,7.015380897524269e-05,0.00048598074806289457,3.626312201543894e-08,0.0003712984249893624,4.0326763635621217e-07
12,0.00010086421684886786,0.00015811153076105753,0.00041478563797657747,5.513994147925519e-06,4.641193271051799e-06,0.002677548447356745,5.057539692561273e-05,0.0008912523533272897,0.07474062933155157,3.2321822191324766e-05,1.2634540147181643e-05,2.9314074819828627e-05,9.103831675829578e-06,1.497890154122526e-07,0.0008490127671113937,0.14854153201801934,5.8895968047510296e-06,3.176775243519068e-05,0.7702218165580103,1.772304997901864e-06,8.501708358489736e-05,0.0007798555369473846,5.3685465494090485e-08,0.00035486432470570637,9.722119012672525e-07
13,5.023975736785822e-05,8.583441905159166e-05,0.0005904365866872241,6.233460165325332e-06,2.927369305769398e-06,0.0013912338399178303,7.323603414567349e-05,0.002126055152526107,0.05299694844552844,1.3348143024057412e-05,2.875896075922986e-05,6.127448870264138e-05,5.7105095913341456e-06,9.089345217041918e-08,0.0010321812590178751,0.18131130010085775,2.310513212264995e-06,1.1933784567764852e-05,0.7589109153396761,8.837781602069619e-07,8.832062064025658e-05,0.0008177118488810554,6.22253074277773e-08,0.00039162788335340434,4.24586100605454e-07
14,5.8478025469496105e-05,0.00014517405483093493,0.00028828671287911366,2.7005994075256975e-06,4.0614599369365825e-06,0.0013301128824396552,6.659700740474297e-05,0.0010062097728277093,0.027624743344014577,2.202584821690794e-05,1.693758259983053e-05,1.8730501529690955e-05,2.4935816178023654e-06,7.952950671971889e-08,0.0005650252989430162,0.10814972782806467,1.5510064817176833e-06,7.903121528991284e-06,0.8600446601233903,7.671092571031963e-07,3.634704469532036e-05,0.00031052728984403213,4.727350050933565e-08,0.0002964759884119576,3.3701320055455664e-07
15,6.0747772396006664e-05,7.629483468858013e-05,0.0005932416345194547,3.93356201508118e-06,2.272026346892468e-06,0.0015453926021007517,5.3555762749698896e-05,0.0012461907787278176,0.05320059764272271,1.5838413660922414e-05,1.2834543236746654e-05,3.526180837237812e-05,5.434392652900734e-06,4.848876354259539e-08,0.0008087502117153288,0.17435342530171768,1.773339545537801e-06,1.179630069394909e-05,0.7670716892103187,8.008060018653653e-07,6.749566835656053e-05,0.0004833571789444806,3.3963206782084106e-08,0.0003488433715834735,3.903849623747037e-07
16,5.061046062266816e-05,7.669169879569717e-05,0.0005465351960707017,4.2814452581470905e-06,2.0039546682105064e-06,0.001250005062915786,7.239938121498342e-05,0.0014460126047188295,0.045766156239853584,2.2126293958454385e-05,1.1939039562490659e-05,4.8907830903266944e-05,5.4581531135169656e-06,5.7666545089749235e-08,0.0009184482894322651,0.18170663096759618,1.9320199108941855e-06,1.2902338968185817e-05,0.7669309320116584,8.317207370433516e-07,9.864338789011237e-05,0.0007272902304086881,3.819498955182576e-08,0.0002986915430219323,4.74267185221033e-07
17,5.2434204656972535e-05,8.318729712480844e-05,0.0005263444469475513,6.112385893980122e-06,2.9879790180645273e-06,0.0014451781965887716,7.102733981044328e-05,0.0018061706941959557,0.049671846426466604,1.9773681222349118e-05,1.9541836460516494e-05,5.5944113153689426e-05,8.475151897421486e-06,9.047899489544747e-08,0.0009111313680391888,0.18873583002701644,3.413407954060219e-06,1.4736795469957805e-05,0.7551656777499232,1.3295819980539531e-06,9.368341665560225e-05,0.0009046647522757784,6.58799252542033e-08,0.00039982780406025637,5.249842501908078e-07
18,7.00026165298907e-05,8.496419726621956e-05,0.0005652165758665773,4.398770308647858e-06,2.6321597665053656e-06,0.0015182450908903813,6.642454750759616e-05,0.001201101903882413,0.05632108263979336,2.3726432572576208e-05,1.2379523311210119e-05,4.3752245374554826e-05,7.596494368425171e-06,6.490159512562733e-08,0.0009455970316453991,0.15781608490995705,2.8540495329836634e-06,1.875214061800803e-05,0.7800831945061305,1.1170417899930802e-06,8.845174859687761e-05,0.0007626745536861019,4.4109490870551365e-08,0.0003590081676827092,6.336418359412627e-07
19,5.7072852625227194e-05,8.883426109755515e-05,0.0007612017786463972,5.778439714797987e-06,2.4077481622139557e-06,0.00133821349568459,9.163989096443269e-05,0.0015232477378814091,0.06310814036996994,1.967137557478539e-05,1.3440654654862e-05,6.607255579760746e-05,7.1388916632461794e-06,5.70812522511898e-08,0.0010076788687801866,0.20993869579843252,1.8385464571867656e-06,1.1925277292341585e-05,0.7208271289118044,8.839467405342864e-07,0.00010220445948028589,0.0006711108053618825,4.310628996328975e-08,0.00035504678988608013,5.263557854580412e-07
20,4.840487598980898e-05,6.802167453841052e-05,0.000595081868261868,4.623756840667367e-06,2.041987183649754e-06,0.0012840563332576964,6.563098244396721e-05,0.0020309484137726315,0.0479568918295742,1.580697841879052e-05,1.6157634796467305e-05,4.781557213874458e-05,4.791066913169696e-06,5.831015005107041e-08,0.001262900343504078,0.20829330563708226,1.955126007098104e-06,1.2848463275864927e-05,0.7371295620935424,7.749536601283888e-07,8.535031670994938e-05,0.0008032684118030358,3.50705133931166e-08,0.0002692337932300765,4.3450639154654073e-07
21,6.0037562126616727e-05,7.848439190741368e-05,0.0006592807193831874,5.0905526387997934e-06,2.3223314318004453e-06,0.0017016438443430441,6.447919901350536e-05,0.0013434757934149145,0.06164735445565051,1.8148865004189316e-05,1.3116264904224005e-05,4.442028291173431e-05,6.288449211003578e-06,5.9234068188269115e-08,0.0007784621144189575,0.24384549441096498,1.5442273832016988e-06,1.2407671456305653e-05,0.6887631610449667,8.719576514714409e-07,7.712537210752588e-05,0.0004759528004991262,3.463112837234394e-08,0.00040035138318933873,3.924402249062402e-07
22,7.665354101924726e-05,6.36413402295644e-05,0.0005756583677715444,3.6575151200705086e-06,2.321669001397527e-06,0.0017730696401687472,4.0945482213526374e-05,0.0012116678724418805,0.05122107613403343,1.5581315118388027e-05,1.5191422737627195e-05,2.5598816012408355e-05,5.251283253898145e-06,4.448261941736938e-08,0.0008362249663020308,0.16466091117478493,2.5361320685562707e-06,1.8876465526617546e-05,0.7784048559466912,8.224300817091443e-07,6.214660903454603e-05,0.00058714535139978,3.224376058443017e-08,0.000395686686586186,4.0311202273038173e-07
23,6.0747772396006664e-05,7.629483468858013e-05,0.0005932416345194547,3.93356201508118e-06,2.272026346892468e-06,0.0015453926021007517,5.3555762749698896e-05,0.0012461907787278176,0.05320059764272271,1.5838413660922414e-05,1.2834543236746654e-05,3.526180837237812e-05,5.434392652900734e-06,4.848876354259539e-08,0.0008087502117153288,0.17435342530171768,1.773339545537801e-06,1.179630069394909e-05,0.7670716892103187,8.008060018653653e-07,6.749566835656053e-05,0.0004833571789444806,3.3963206782084106e-08,0.0003488433715834735,3.903849623747037e-07
24,6.31119436536382e-05,8.774353010566698e-05,0.0005426062075866425,4.559435012999076e-06,2.3496560171737304e-06,0.0016168049522221448,5.2313839788407975e-05,0.001244329491104142,0.04843432922042721,1.8255357392898144e-05,1.3405311058700971e-05,3.5322495451165254e-05,5.790010908556102e-06,6.184238415804693e-08,0.000681535533467868,0.17403454012992758,1.9591143480536777e-06,1.2199169029536563e-05,0.7722172989897541,9.363302267832248e-07,6.177775315970985e-05,0.0004786768982049946,4.02127715306572e-08,0.00038966673808441335,3.858379118460066e-07
25,4.39769192248242e-05,7.275707793431438e-05,0.0005315405589077784,6.031334654664642e-06,2.88500278038425e-06,0.0015045939637602919,6.854552565974959e-05,0.00279858569118801,0.04178417275180705,1.3904048722800284e-05,2.8720393118730175e-05,4.380379524033283e-05,4.3742134314763464e-06,9.10509280748216e-08,0.0008605386338269973,0.22520090650637345,2.0687045783658345e-06,1.0666257033825433e-05,0.7259442610359912,8.578741804638104e-07,7.276175815229338e-05,0.0006486979245816615,5.606740557433112e-08,0.00035489641402378173,3.0649649388138266e-07
26,0.00010341340534529599,7.149455711549847e-05,0.0006879181092394389,3.4721953736708302e-06,2.3087145807982828e-06,0.0018855682472188335,3.255983442005501e-05,0.0006789963038621302,0.05685314701086732,1.3389004997133692e-05,1.1697193984415843e-05,2.3481898822089166e-05,7.2683074767524e-06,3.08830963621656e-08,0.0003804258427704209,0.12073352665533861,1.8624592536917043e-06,1.381406454595395e-05,0.8174547927257928,8.47781758128454e-07,4.895771863687949e-05,0.00027747020968294303,3.79050599441457e-08,0.0007132193427050214,2.996280559235114e-07
27,5.426024379758586e-05,7.147159112831696e-05,0.0005344051026150596,4.13817480487686e-06,2.1467867025058444e-06,0.0014425935804696954,5.218601419088854e-05,0.0014187085469498702,0.051499637272307865,1.441717812695551e-05,1.4524183209984344e-05,3.764359611760162e-05,5.076206651705926e-06,5.249247056061746e-08,0.0009213570866269914,0.18587544121357044,1.9839849631024564e-06,1.2304617272230728e-05,0.7570246963018626,7.738527586054962e-07,7.144511741645174e-05,0.0006189922608287531,3.2889886331911107e-08,0.00032132886245605515,3.8284281466104055e-07
28,6.0747772396006664e-05,7.629483468858013e-05,0.0005932416345194547,3.93356201508118e-06,2.272026346892468e-06,0.0015453926021007517,5.3555762749698896e-05,0.0012461907787278176,0.05320059764272271,1.5838413660922414e-05,1.2834543236746654e-05,3.526180837237812e-05,5.434392652900734e-06,4.848876354259539e-08,0.0008087502117153288,0.17435342530171768,1.773339545537801e-06,1.179630069394909e-05,0.7670716892103187,8.008060018653653e-07,6.749566835656053e-05,0.0004833571789444806,3.3963206782084106e-08,0.0003488433715834735,3.903849623747037e-07
29,6.0747772396006664e-05,7.629483468858013e-05,0.0005932416345194547,3.93356201508118e-06,2.272026346892468e-06,0.0015453926021007517,5.3555762749698896e-05,0.0012461907787278176,0.05320059764272271,1.5838413660922414e-05,1.2834543236746654e-05,3.526180837237812e-05,5.434392652900734e-06,4.848876354259539e-08,0.0008087502117153288,0.17435342530171768,1.773339545537801e-06,1.179630069394909e-05,0.7670716892103187,8.008060018653653e-07,6.749566835656053e-05,0.0004833571789444806,3.3963206782084106e-08,0.0003488433715834735,3.903849623747037e-07
30,6.0747772396006664e-05,7.629483468858013e-05,0.0005932416345194547,3.93356201508118e-06,2.272026346892468e-06,0.0015453926021007517,5.3555762749698896e-05,0.0012461907787278176,0.05320059764272271,1.5838413660922414e-05,1.2834543236746654e-05,3.526180837237812e-05,5.434392652900734e-06,4.848876354259539e-08,0.0008087502117153288,0.17435342530171768,1.773339545537801e-06,1.179630069394909e-05,0.7670716892103187,8.008060018653653e-07,6.749566835656053e-05,0.0004833571789444806,3.3963206782084106e-08,0.0003488433715834735,3.903849623747037e-07
31,5.05265420192914e-05,7.62091723745861e-05,0.0005068158708229492,4.1753372720655105e-06,2.4356334086891893e-06,0.0016225886349612705,5.3004732854327356e-05,0.0010690525889345377,0.0647673082587569,1.3500726964846938e-05,1.4430933547002515e-05,4.1853830276737486e-05,6.18568608526989e-06,5.4915323682642486e-08,0.0010152378099100602,0.2067404327309858,2.0227911292920432e-06,1.1934215937497693e-05,0.7229781598211769,8.472708646210006e-07,7.881791926162816e-05,0.0006008016254558978,3.070486547027872e-08,0.00034313819474066093,4.340520700864583e-07
32,5.942199492840483e-05,7.326653483080678e-05,0.0005455391806698553,3.455135545873207e-06,2.1010361565976048e-06,0.001468486337035781,4.881726593827945e-05,0.0011679714163649608,0.04874516716310818,1.4973198057994869e-05,1.196103129630412e-05,3.222047381267515e-05,5.013167350135952e-06,4.4881003002386285e-08,0.0007436883173705095,0.15773361831678187,1.6686473714796892e-06,1.1053670597134111e-05,0.7884814903093096,7.226228672667048e-07,6.284832701823724e-05,0.00045374143432457036,3.1518645309996624e-08,0.00033234155776351793,3.5646185167895476e-07
33,0.0001446326950889314,0.00012324601259358024,0.0016225081623026682,3.0847248470380643e-06,2.2176160253904586e-06,0.001489591002998762,8.51391181930241e-05,0.0007242313904954195,0.13730889032711738,1.3947494794673743e-05,7.67566040923323e-06,4.338905530410694e-05,3.2930233096641804e-06,2.0835881596858964e-08,0.0017031375928884842,0.12286104910332633,6.209188974553112e-07,1.370080594626882e-05,0.7332045204594911,4.0644729786039466e-07,7.243309984423733e-05,0.0002874250224802952,1.5748027645457034e-08,0.0002840824224755405,7.412599631292356e-07
34,5.1865449692186936e-05,8.166415862892136e-05,0.0006706431497246299,6.5144333729791355e-06,2.5781469294865677e-06,0.0017225178561774753,7.594921405877884e-05,0.0018652087623269831,0.04976020533569535,2.6481082289777568e-05,1.617642696913262e-05,4.763364391221222e-05,6.41851096511011e-06,7.89477852302424e-08,0.0010178785156826592,0.25702891136092954,2.3994614598462928e-06,1.4824917695986098e-05,0.6864277459269127,1.297880084923289e-06,9.179107609503324e-05,0.0007146779182881245,5.325934623276771e-08,0.00036595109753740664,5.334674394732101e-07
35,0.00011494691794742644,5.6050776808253377e-05,0.0007879158203395674,3.558781628489336e-06,1.512485950278876e-06,0.0012250952579954976,5.6339435684639296e-05,0.0012871903906158861,0.07076334489221553,1.4488824954554801e-05,8.834783174754709e-06,3.839090119090312e-05,5.23136703057245e-06,2.6496419220036216e-08,0.0006573817700021856,0.1273238626785527,1.5187923014236993e-06,2.3825230660936484e-05,0.7966329921970454,4.624366223892503e-07,6.948211147032547e-05,0.0005386519498594818,2.023441752516521e-08,0.0003884838089024792,3.916582095944926e-07
36,4.754684021946574e-05,5.405653740766505e-05,0.0005175132267391817,3.77357742089013e-06,1.8480328637931094e-06,0.0010066693593903248,6.339042274096305e-05,0.0018560844273690586,0.04584486683694775,1.2801465624650078e-05,1.3041868466318675e-05,5.373429932384993e-05,5.993754419239705e-06,4.593296347284882e-08,0.0009827253912679445,0.2067112915828005,1.6822451712341568e-06,9.847621168655677e-06,0.7417775499638942,6.626533007706804e-07,6.231907742293514e-05,0.0007044301890751045,3.307988901418531e-08,0.0002677260152435877,3.6559886946864095e-07
37,9.464713455012713e-05,7.800759883658374e-05,0.000712017891802315,3.951713092621961e-06,2.067083643572974e-06,0.0014772277200808227,5.066260796139512e-05,0.000928738348935101,0.05004558841784931,1.880710676819883e-05,1.1566985062599508e-05,3.231315689018052e-05,5.9226839270408345e-06,3.634345194187869e-08,0.0004902319138735579,0.12879039929251404,1.7266877305489505e-06,1.5246684348083999e-05,0.8162029834182973,7.654309767151071e-07,6.010386301243394e-05,0.00041083549121915684,4.05130143699873e-08,0.0005657427659898821,3.691461720380202e-07
38,7.760269280947604e-05,7.163638914559196e-05,0.0006091810226960408,2.192367665202387e-06,2.343590086423282e-06,0.0018752037662845612,4.526479396911374e-05,0.0007590965093630796,0.054347641366144395,1.3961560593234616e-05,8.89115913169246e-06,2.0789769115794158e-05,4.02389543986407e-06,3.0978791475566084e-08,0.0007275937123306397,0.1611595779122666,9.459247022731187e-07,9.244635460589983e-06,0.7796814613549969,5.114554528948891e-07,4.049767581359834e-05,0.00022526281064654116,2.057951325962329e-08,0.00031668633765643124,3.377399244643497e-07
39,5.844418961535108e-05,7.040869217687573e-05,0.0005917650659847595,3.849218893726236e-06,2.138361775071378e-06,0.001568701392555529,5.118438489361976e-05,0.001269936440698964,0.05148010743711335,1.5777218943391237e-05,1.2260550006973215e-05,3.394983420947447e-05,5.455227953108831e-06,4.595058483577619e-08,0.0007843733035991844,0.1779673212418171,1.7745576673295843e-06,1.1809260733825462e-05,0.7651837532405654,7.844096302250277e-07,6.906534505904714e-05,0.000475363906042047,3.2394141292280154e-08,0.0003413255496861974,3.728256534427205e-07
40,6.754894596277217e-05,9.447059599071816e-05,0.0006968454814390522,3.788324660315987e-06,2.4937468677415886e-06,0.0015471299541666471,6.324867297346709e-05,0.0010923902863308453,0.06519433700653796,1.4743424857151104e-05,1.2594036973641466e-05,4.259797265193266e-05,5.520664364178848e-06,5.0142876799641296e-08,0.000987450074722968,0.1523257874907161,1.4702684327701734e-06,1.0724405101004338e-05,0.7769827519009446,6.842578569510681e-07,7.005887603183307e-05,0.0004591864604541796,3.3204104465473825e-08,0.0003236175842072086,4.7622077487890427e-07
41,9.853769439626648e-05,8.35916775517981e-05,0.0009005375802131728,3.4249450920928163e-06,4.81166613637122e-06,0.0019040036023956909,7.266773895808513e-05,0.0011805729399045068,0.1078004507871495,1.0743052779199832e-05,1.3758159730778154e-05,3.414647722693374e-05,7.486962454547347e-06,3.825590181932189e-08,0.0013024853647874133,0.2552429004200646,1.3873851988278662e-06,1.157111995562102e-05,0.6306067440668431,8.698650035888695e-07,5.070387660308748e-05,0.0002955548488082113,2.4766743172516438e-08,0.000372502860947023,4.838851545195322e-07
42,4.765555429966246e-05,6.0555649250415825e-05,0.000524820636108053,3.7282164000263443e-06,1.697445317065048e-06,0.0013618533950363666,4.7147717341328436e-05,0.0013616086017641243,0.04305271296598908,1.5094826004753287e-05,1.1513643287849965e-05,3.4909602436564787e-05,5.043949869297628e-06,4.222099892537998e-08,0.000735876368082092,0.1834035843546974,1.7010819763645013e-06,1.0528593257693273e-05,0.768415756559856,7.235857014147251e-07,7.058723649680858e-05,0.0005186171037452825,3.0356881247266755e-08,0.00031389254936361875,3.177858385903892e-07
43,7.008838272101937e-05,8.497314592049639e-05,0.0006353112284840333,4.124407273356083e-06,2.6129415504204953e-06,0.0014957986898345784,5.6919084620843544e-05,0.001215932462576737,0.06358248387482002,1.261017233725653e-05,1.5078104957743584e-05,3.960795177742622e-05,5.4655455222126165e-06,4.8581510680972324e-08,0.0008943878113531135,0.16638002233855337,1.6494601863655259e-06,1.1268239071466228e-05,0.7645936544757865,7.473136006580447e-07,5.8411045265879085e-05,0.0004624623636261852,3.462877295886317e-08,0.00037590087148978423,4.068783868677077e-07
44,6.0747772396006664e-05,7.629483468858013e-05,0.0005932416345194547,3.93356201508118e-06,2.272026346892468e-06,0.0015453926021007517,5.3555762749698896e-05,0.0012461907787278176,0.05320059764272271,1.5838413660922414e-05,1.2834543236746654e-05,3.526180837237812e-05,5.434392652900734e-06,4.848876354259539e-08,0.0008087502117153288,0.17435342530171768,1.773339545537801e-06,1.179630069394909e-05,0.7670716892103187,8.008060018653653e-07,6.749566835656053e-05,0.0004833571789444806,3.3963206782084106e-08,0.0003488433715834735,3.903849623747037e-07
45,6.501248908398732e-05,9.532544717570089e-05,0.000566398041195967,4.123975006229063e-06,2.309191803561743e-06,0.0015064252331118601,5.484031675699317e-05,0.0009753823599436862,0.05397799569574755,1.8707164512448107e-05,1.1852062768986468e-05,3.800271842799059e-05,5.96603834043992e-06,5.5304036004185615e-08,0.0006338456452044118,0.12981411251912653,1.977388553318085e-06,1.2199523936664885e-05,0.8112512856109494,8.695194716208787e-07,7.560715112128558e-05,0.0004937802610444212,4.249675016266598e-08,0.00039344685029876324,4.3699563213309714e-07
46,5.396744793660275e-05,6.85608736132863e-05,0.0005304757409742883,4.217317595551112e-06,2.054451406620853e-06,0.0015218305794156989,4.632044457883997e-05,0.0012925954767068987,0.047006543267549536,1.546919516552739e-05,1.3355139986871169e-05,3.5589315245794266e-05,6.050966103196559e-06,5.0384843656277253e-08,0.000756381483408046,0.17468482966348742,2.2241132076585806e-06,1.2092055469408101e-05,0.7729478956131188,8.769327599991739e-07,7.129534741305351e-05,0.0005679414079112647,3.6897461126501e-08,0.00035897492639848627,3.7095824257316074e-07
47,6.0763033690024085e-05,8.322028686812154e-05,0.0006224644063657104,4.2935481823513486e-06,2.527008538358764e-06,0.0017020967264864406,5.5965003402901527e-05,0.00139014049114727,0.05343850454026062,1.630088884846793e-05,1.500974284066954e-05,3.387130561731606e-05,5.03281394029255e-06,5.643360011641199e-08,0.000848271055465561,0.17542671489673178,1.8124359101437229e-06,1.2009280149886821e-05,0.7653911233100925,8.30402701749678e-07,6.736794363408238e-05,0.00047304046337781353,3.753460080889288e-08,0.0003481488416121059,3.9760593489337485e-07
48,8.633491973914935e-05,8.348202623083696e-05,0.0011768593087986869,7.573140349777199e-06,3.614530395675215e-06,0.0019057522197543383,0.00010094325783046208,0.0019655702696717296,0.10736264142857369,1.9145955736553382e-05,1.8718979628669054e-05,6.738917454860635e-05,8.483591310265827e-06,6.769573524186215e-08,0.0018059230154861639,0.31136254876153086,2.236418622452336e-06,2.234558819512521e-05,0.5727222151102388,1.2588623291658948e-06,0.00011010753925292773,0.0007597431477638015,4.12743565279413e-08,0.00040621462875810207,7.891551623924047e-07
49,6.258190395865777e-05,8.398832097702604e-05,0.0007235587374467919,5.319727544310049e-06,2.0169281900632637e-06,0.0016341079169194604,5.8643946395001443e-05,0.0013193641417141278,0.0544740070803843,1.9317130828875326e-05,1.3453847600432242e-05,4.5076125590092166e-05,6.021684028394024e-06,5.6232361879178194e-08,0.0007687457006167939,0.17616138998732211,1.8484558977890823e-06,1.3155636755983633e-05,0.763566802940053,8.690263004370061e-07,8.335469152338841e-05,0.0005521150547129191,4.241659146872549e-08,0.00040372569006663915,4.366762202109527e-07
50,7.33822146501924e-05,5.894620394414555e-05,0.00061696791509579,4.392109869168094e-06,2.1492925735886616e-06,0.0022445581646311553,2.3428607834359664e-05,0.0007475136879201563,0.12188392823374575,5.127415241172116e-06,1.819001932467915e-05,3.0245005243868547e-05,6.96822812528648e-06,3.440034254015465e-08,0.0008574237330665879,0.20897268041966385,2.0367522466715768e-06,1.61154745196815e-05,0.6633786963906373,7.00146299713359e-07,6.342634958246871e-05,0.0004409624930782961,1.748189341015677e-08,0.0005518285410686135,2.8071940165391853e-07
51,5.115334187883143e-05,2.8525307104435488e-05,0.000693226310514468,2.095576667349448e-06,3.899948184303948e-06,0.002142174466871222,5.5898332952047856e-05,0.0010594124331601198,0.054790058659871015,1.6330470262526505e-05,9.874389536148054e-06,2.2181315703639924e-05,1.0972881711067365e-05,2.3246022455622737e-08,0.0007922584398661792,0.36757589861796963,1.6600126055553502e-06,1.0571516796000941e-05,0.5720062030788552,1.2431505434353492e-06,6.807110075372273e-05,0.00023857254824902072,2.9294915514765948e-08,0.0004193136863533585,3.518726527467748e-07
52,4.500130901541095e-05,0.00012918830876901234,0.0007958530830361294,6.854714890331091e-06,2.3016132327469084e-06,0.0008440076973713194,0.00011820206193168753,0.0013573954231060296,0.04421434087326071,2.2240250398056013e-05,1.3585923964799795e-05,9.408077183724724e-05,6.525159108691409e-06,5.454845957299587e-08,0.0005229324696507833,0.12563741323052352,1.479197869142636e-06,5.167490779999481e-06,0.8251168162893686,9.59080441962503e-07,0.00011460053868722603,0.000511677970437727,9.909996034908596e-08,0.0004387916917297301,4.31202169166382e-07
53,5.201376308250566e-05,8.97805579405161e-05,0.0007782038376161361,5.463462755874834e-06,4.179914821422766e-06,0.0013068689654942346,0.0001492164816107611,0.0022009155670020997,0.06129412508370224,2.0909606176650056e-05,1.947826553202123e-05,7.076833021911221e-05,6.667833616038441e-06,7.040527201744885e-08,0.001448581702600093,0.2614078478445302,1.691277011895735e-06,1.0416574764557085e-05,0.6700800912365809,1.044375944197009e-06,9.618300205648908e-05,0.0006317870588665618,5.641410567486104e-08,0.0003230249982810901,6.134404170215683e-07
54,6.621999581463402e-05,9.733071944285198e-05,0.0005815520499828522,3.7441319631987146e-06,2.3034236327874726e-06,0.0015374778143405743,5.6775684824973636e-05,0.0011014091134036869,0.05255134448969495,1.8449319292171274e-05,1.1088982317291714e-05,3.421840857771878e-05,4.649560639030158e-06,5.320346383516804e-08,0.000899979077769121,0.16032973751535312,1.5378613557311068e-06,1.0815375073724248e-05,0.7818903906502532,7.872688956642631e-07,5.695288798311859e-05,0.00044242050473547185,3.287187748373578e-08,0.0003002660451965688,4.630441162139085e-07
55,6.475441209530116e-05,7.559256313112919e-05,0.0006258362523585035,4.033797691300956e-06,2.2130146061096985e-06,0.0015295473413975767,5.515986907069145e-05,0.001168093751979343,0.06053529203908111,1.4891115269081745e-05,1.2193298697069874e-05,3.923374779830081e-05,5.982626448423831e-06,4.5479623007232546e-08,0.0008010712325820337,0.17515388270332258,1.6884597196053163e-06,1.2302807391494113e-05,0.7589821180379925,7.613200333763879e-07,6.988250076561579e-05,0.00047716830310622543,3.1477748679146396e-08,0.00036782423313320083,3.996149577732631e-07
56,6.162482487210694e-05,7.69937093203319e-05,0.0005950580253538443,4.024248943413708e-06,2.3378767557319417e-06,0.001544565172269708,5.478907381357968e-05,0.0012203169835226443,0.05326006757480895,1.5952546976008844e-05,1.295630310263024e-05,3.748570661637296e-05,5.9891419647585495e-06,4.989408930005135e-08,0.0007907840570088527,0.16984752885901466,1.8530997590574112e-06,1.179127300154185e-05,0.7715319534295229,8.265662876659813e-07,6.967728796717709e-05,0.000488842770981271,3.6338682233605887e-08,0.0003640907564922559,4.0447887292831483e-07
57,0.0001280015252453655,0.00012676284967322806,0.0010661447540339904,5.232036630327151e-06,5.060923339465734e-06,0.004040764930638089,6.410863383141368e-05,0.0015027317732918912,0.08563757156332674,1.7710964457918146e-05,3.271770788430172e-05,1.6306747290374688e-05,2.363355576093755e-06,8.358356449690272e-08,0.0012090611249423546,0.18883675850297507,1.406073863313288e-06,2.365675483822063e-05,0.7164687513631189,6.501752600557849e-07,5.2115227374208334e-05,0.00030379535786333623,3.638219926273583e-08,0.00045772518960506795,4.824991765627715e-07
58,6.532371601594288e-05,7.413151614437653e-05,0.0006047548473187192,3.907018782961242e-06,2.1996085211553725e-06,0.001536936028004075,5.0880522059387915e-05,0.0011090440682025625,0.05321519586603538,1.4745433210345941e-05,1.2741970219234677e-05,3.611903162314179e-05,5.859723984869756e-06,4.4314834712751984e-08,0.0006781917047857301,0.16098698636585765,1.6676294116361978e-06,1.1463201300046167e-05,0.7806796751407432,7.620811092908889e-07,6.499454613207036e-05,0.00043151956118657665,3.527026908640095e-08,0.000412459372743411,3.6146150444286245e-07
59,6.540480431443625e-05,7.584079756015086e-05,0.000663504552606707,4.15903306888188e-06,2.223895752455002e-06,0.001581020989552757,5.2981091230080754e-05,0.0011779006712205962,0.05490970768531147,1.552861784733019e-05,1.3008565854255015e-05,3.67618491122718e-05,5.7127678814563615e-06,4.449643392271207e-08,0.0007334830142832279,0.1742222111468291,1.6650495795465579e-06,1.1695808748006028e-05,0.765502520901677,8.027338803859811e-07,6.946071314732161e-05,0.000443334028819372,3.572235046315981e-08,0.000410617205526053,3.7385741255284874e-07
60,6.0747772396006664e-05,7.629483468858013e-05,0.0005932416345194547,3.93356201508118e-06,2.272026346892468e-06,0.0015453926021007517,5.3555762749698896e-05,0.0012461907787278176,0.05320059764272271,1.5838413660922414e-05,1.2834543236746654e-05,3.526180837237812e-05,5.434392652900734e-06,4.848876354259539e-08,0.0008087502117153288,0.17435342530171768,1.773339545537801e-06,1.179630069394909e-05,0.7670716892103187,8.008060018653653e-07,6.749566835656053e-05,0.0004833571789444806,3.3963206782084106e-08,0.0003488433715834735,3.903849623747037e-07
61,6.626547722484446e-05,7.725366765693e-05,0.0006614630089807421,4.1515866467902794e-06,2.248745905893628e-06,0.001551479618936916,5.437019442984486e-05,0.0012004624164408668,0.05414161815395535,1.5801965368032963e-05,1.3035723096559233e-05,3.711900666173286e-05,5.730607545846952e-06,4.5204331689993246e-08,0.0007284176785258298,0.168765071880857,1.682916150320916e-06,1.1828052906577027e-05,0.7717367213504335,7.987927825807654e-07,6.972532637850402e-05,0.0004477046617912405,3.6343511959922e-08,0.000406589767373852,3.77852106398772e-07
62,6.0747772396006664e-05,7.629483468858013e-05,0.0005932416345194547,3.93356201508118e-06,2.272026346892468e-06,0.0015453926021007517,5.3555762749698896e-05,0.0012461907787278176,0.05320059764272271,1.5838413660922414e-05,1.2834543236746654e-05,3.526180837237812e-05,5.434392652900734e-06,4.848876354259539e-08,0.0008087502117153288,0.17435342530171768,1.773339545537801e-06,1.179630069394909e-05,0.7670716892103187,8.008060018653653e-07,6.749566835656053e-05,0.0004833571789444806,3.3963206782084106e-08,0.0003488433715834735,3.903849623747037e-07
63,6.199385200208229e-05,8.559078072711002e-05,0.0005904030612226461,3.941897667533729e-06,2.2861184192315145e-06,0.0015155679620679483,5.3733267257576254e-05,0.001176536861258078,0.05126091313215107,1.654277634567574e-05,1.2623045892675002e-05,3.499200099433079e-05,5.212235681656652e-06,5.021573647468754e-08,0.0007858670692403104,0.1592135317513474,1.7582855006594008e-06,1.1206587829169198e-05,0.7842829097744282,8.056662382386183e-07,6.683794446352331e-05,0.0004704927406800576,3.5765040745716295e-08,0.00034576748453858517,3.997232690406581e-07
64,5.774164446936315e-05,8.005344696517187e-05,0.0006328318425254707,4.430135211054591e-06,2.2290529365158375e-06,0.0015709434822646017,5.862535946967858e-05,0.0012606936263610455,0.05357346024064822,1.849980687056358e-05,1.2429861297445009e-05,4.0811207025881294e-05,6.145815980900599e-06,5.306493729903822e-08,0.0008018011434920357,0.17414895884568465,1.94053871215065e-06,1.2340198134826851e-05,0.7667308211147152,8.975886649083076e-07,8.753149011221969e-05,0.0005346904859902435,3.854544039937803e-08,0.0003615998828404135,4.3157924977627825e-07
65,4.24618440374e-05,0.00013323821832751992,0.0010789434499389706,9.13405412900418e-06,2.6179822074333777e-06,0.0017673085481914386,0.0001755818233521142,0.004516439477702234,0.02327043746571836,0.00011349950400263255,1.2828126886864324e-05,5.060874837637149e-05,3.9211104525396115e-06,1.5673513270777984e-07,0.0011653623810019599,0.22670374407976218,2.0292824865598676e-06,1.289125682841005e-05,0.7398637683203287,1.978105944700481e-06,0.00015865825675318598,0.0006966330325531665,1.2597329596524073e-07,0.0002167860714904589,8.461510990646698e-07
66,8.582836058227773e-05,6.381113921828413e-05,0.0007556169895767612,2.631797726740275e-06,3.2428295822253896e-06,0.002081610312683478,4.51433900306057e-05,0.0007750566298423105,0.05287809482235942,1.9593780600471686e-05,1.019430096839054e-05,2.163667990296759e-05,7.996653424051238e-06,2.9202102982225625e-08,0.0005941772601132404,0.16059723714496557,2.040596011013359e-06,1.3202721772334698e-05,0.7811570013517115,1.14015807263983e-06,7.223765359836004e-05,0.0002789258465352318,3.83884867226156e-08,0.0005331037203266325,4.082698057166155e-07
67,4.238102081918528e-05,4.569779825456111e-05,0.0006488196261073409,9.709994244448058e-06,2.1371224229623896e-06,0.004509751524564269,3.1836416314733655e-05,0.0015477871265924105,0.04067836554130469,2.9896240799226506e-05,1.8644808082937716e-05,3.256262860839845e-05,1.559670810118297e-05,1.258170518987857e-07,0.0005294851685251485,0.32981018080623464,4.688748413330125e-06,2.2172912664224117e-05,0.6206571925705328,2.4271957432153905e-06,0.00011225974352829008,0.0005547115808411429,8.334569490637948e-08,0.0006930425655602414,4.429889937574115e-07
68,8.8809357933278e-05,9.193713830167706e-05,0.001367315034738199,8.250915125610902e-06,1.4932321541638756e-06,0.0016955446090577938,7.309641021530494e-05,0.0014267725409969308,0.07350209184141401,2.6086653212418597e-05,1.1101229344723237e-05,6.29080643446949e-05,6.499670124664047e-06,4.863620689287998e-08,0.0005413132215405893,0.16778314088368373,1.4248279852512802e-06,1.7617413155142786e-05,0.7520698338577729,8.157975954320981e-07,0.00012344105718930853,0.0005173974352122035,4.887120181424326e-08,0.0005825617331747731,4.4956831848597156e-07
69,5.9633279347816556e-05,7.689959104884443e-05,0.0006053695397851906,4.063803821086434e-06,2.318968409849066e-06,0.0015562313488839384,5.463241998222034e-05,0.0012868593548292018,0.05213944971009186,1.593490007896302e-05,1.3441170629332573e-05,3.5946021128943157e-05,5.440316793724473e-06,4.9679735378109675e-08,0.0008052345243191648,0.177882398211602,1.7618205767294374e-06,1.1465531435851295e-05,0.7645358217149394,8.215988827113472e-07,6.915529573822358e-05,0.00047779796022146437,3.581504532518434e-08,0.0003588526148879383,3.848077847424458e-07
70,7.04055504800044e-05,7.718978537000632e-05,0.0007476319576479859,4.914256723123934e-06,2.731390940389505e-06,0.0016830463090215019,6.574590298889616e-05,0.0016599060879475918,0.06408382736325487,1.7740013978762148e-05,1.3853010428971462e-05,4.128305105773766e-05,6.534643970411384e-06,5.5597516650864634e-08,0.0010753941755289864,0.23383291310904397,1.975655007923133e-06,1.4294284310064495e-05,0.6956411468671515,1.009454006932639e-06,6.797405890145833e-05,0.0005434256456249089,3.621931204014749e-08,0.00034647721002855936,4.883997567924577e-07
71,7.162819878397672e-05,0.00011434771375466532,0.0006269256599396139,4.143019838576703e-06,7.032462875172217e-06,0.0014373682929883867,0.0001046109977725668,0.0013171257824308173,0.05663598784921946,2.8577384613298286e-05,1.3094347127876074e-05,4.097972301657085e-05,1.1275095319640764e-05,6.674643671197341e-08,0.0009257449630940363,0.27806164291906754,2.3605423830952114e-06,9.076647630303153e-06,0.6596951526436339,2.9034510956362958e-06,6.520727585487748e-05,0.00034869892009478263,7.285936013078988e-08,0.00047536304140920465,6.134622593013265e-07
