,0,1,2,3,4,5,6,7,8,9,10,11,12,13,14,15,16,17,18,19,20,21,22,23,24
0,0.021445440821600253,0.4653401615792561,0.000599240586803599,0.00011266298501814738,0.005313421489923593,0.005669748542362093,0.001354371921264549,1.0675476566419638e-06,0.266602206648454,2.6164403097574856e-05,0.00012599535159662874,0.00019012152551611111,8.930075957434039e-06,6.14581080789759e-05,3.7534868182785557e-06,1.8820778252430344e-05,0.00021464905547786625,6.19494337770592e-05,0.22492447115038566,1.915286257262636e-06,0.0016481907685816518,1.8899169779083512e-05,0.00023632798776307583,0.005429996933797105,0.0005900343625247842
1,0.04191826928998171,0.7795459386497491,0.0017545312774580137,0.00037815779482288145,0.001803841091315271,0.0027630602993948504,0.0038596995194882943,6.953138904643799e-07,0.09990720985857161,0.00016150499474189165,5.285997695516498e-05,0.00033716394579232534,2.9240894464791336e-06,0.00011758316546875768,1.0818351022459024e-06,5.42152365529311e-06,6.138202134178515e-05,0.0001232580916393968,0.05946881128505585,1.0363597016039857e-06,0.0013498867028953448,1.0754767391520823e-05,0.000629880665856593,0.003991043103545378,0.0017540043767380626
2,0.04052709139738167,0.8414605033856608,0.0010062625908702323,0.0003109207640301013,0.0038413023990789847,0.0017965752056582412,0.00459280336182822,5.903051069800017e-07,0.06700601798376472,0.00011625405145220627,6.796590760556261e-05,0.00031991016742679266,2.714361208711536e-06,0.00022703114692150105,1.352817940809392e-06,3.108963006790969e-06,9.380557338862553e-05,0.00011976397346108267,0.03112751083373804,1.3056787373705923e-06,0.0009725280874467468,1.0099197140324342e-05,0.0009257823906047925,0.0022107638934594897,0.0032580355630812486
3,0.03833014667222244,0.8281740388492836,0.0013575960817264218,0.0005466422182763348,0.0023756128546521507,0.0024928335360373814,0.004264301471689031,7.005534296298655e-07,0.07063799342415343,0.00014627332203908985,8.586792933092023e-05,0.00039216541721200223,2.8295614757588467e-06,0.00023622461012893454,9.24343421040564e-07,3.4676003639518954e-06,0.00010812632125188362,0.0001478928667858365,0.04166824700339475,1.1730110246224943e-06,0.0014961544150935808,1.3718799593386208e-05,0.0012215893417633278,0.003780705340345634,0.002514774455304857
4,0.040621429023543904,0.8211174660755322,0.001310526382007287,0.0005574072503130166,0.0024198422166485877,0.0023696949808717513,0.004187781894077526,6.695267426657034e-07,0.07437334824051421,0.00013534504009902362,8.583257056591734e-05,0.00047433107721082615,3.776028804520257e-06,0.00025502176600795615,9.110587003583201e-07,3.4187219127798648e-06,0.00012506520203492072,0.00015463845657469512,0.04232150232994593,1.2694740943301981e-06,0.0015823849982159754,1.4894330344083744e-05,0.0012220594352578083,0.003943448174248958,0.0027179357457310575
5,0.04425327579836211,0.8268872431231294,0.001351838938819808,0.0008219113173312506,0.0018760387342119243,0.0024836988830404107,0.004005297273071442,6.535712428542295e-07,0.06998296582790965,0.00017251901403757085,8.529272105072631e-05,0.0004965361403064277,3.2696855442271152e-06,0.0002968641304078717,7.623255598402275e-07,3.2714664397700574e-06,0.00013035561309954023,0.00023263458427904803,0.03627825056040793,1.2761600977184529e-06,0.0017438915070643074,1.6827963611399323e-05,0.0013725279537548313,0.004537093062985242,0.002965703644234551
6,0.03833014667222244,0.8281740388492836,0.0013575960817264218,0.0005466422182763348,0.0023756128546521507,0.0024928335360373814,0.004264301471689031,7.005534296298655e-07,0.07063799342415343,0.00014627332203908985,8.586792933092023e-05,0.00039216541721200223,2.8295614757588467e-06,0.00023622461012893454,9.24343421040564e-07,3.4676003639518954e-06,0.00010812632125188362,0.0001478928667858365,0.04166824700339475,1.1730110246224943e-06,0.0014961544150935808,1.3718799593386208e-05,0.0012215893417633278,0.003780705340345634,0.002514774455304857
7,0.10662798936289926,0.7561465663022988,0.0034498043959265826,0.0002977333081365246,0.0022147594164248,0.002490782613376979,0.004965305663331524,6.629803093263718e-07,0.053281869131156706,0.00016914952972164895,6.875135067872584e-05,0.0002960664176371116,3.474382090081551e-06,0.0001271374090553222,4.288632741254717e-07,1.9946818790535504e-06,6.334995841827589e-05,0.00013935087679217307,0.060022228718614366,9.069695201237996e-07,0.0007582347562997893,4.776473299121431e-06,0.0010352005601742958,0.005804152016783382,0.002029323861902077
8,0.03461293798019013,0.8973304562465816,0.0017032854435368601,0.0006285881411871437,0.0015946095229864093,0.0016406157985120872,0.004163928954555227,4.840715307109549e-07,0.028526288729904002,0.0001921683954556825,5.527280858969006e-05,0.0002847368636989941,1.4880032309294902e-06,0.00023662022977676678,3.0238652614473267e-07,1.5076808746351625e-06,4.206218715619749e-05,6.94850953864327e-05,0.020936796826337034,1.010994667356637e-06,0.00066910569625792,3.9871771120592395e-06,0.0020806852312372608,0.0032447627620082573,0.0019788127727005072
9,0.02291647560875541,0.8868701822495076,0.0018747637637623398,0.0009995026290749475,0.0010399038577592087,0.0020020884866886555,0.004053312841299807,4.4442129440588214e-07,0.047464434913656,0.0002432207312748049,4.543196846361574e-05,0.00042193687816972523,1.8832735025875495e-06,0.0001882823065218806,4.4450698967172316e-07,2.5669704860471904e-06,4.53308304883013e-05,8.696118142297758e-05,0.02236746234027932,1.1665770518832426e-06,0.0016011925716034063,7.4893996845703004e-06,0.0017308971733057663,0.003999273527684849,0.0020353509912722136
10,0.03833014667222244,0.8281740388492836,0.0013575960817264218,0.0005466422182763348,0.0023756128546521507,0.0024928335360373814,0.004264301471689031,7.005534296298655e-07,0.07063799342415343,0.00014627332203908985,8.586792933092023e-05,0.00039216541721200223,2.8295614757588467e-06,0.00023622461012893454,9.24343421040564e-07,3.4676003639518954e-06,0.00010812632125188362,0.0001478928667858365,0.04166824700339475,1.1730110246224943e-06,0.0014961544150935808,1.3718799593386208e-05,0.0012215893417633278,0.003780705340345634,0.002514774455304857
11,0.04010755528844676,0.822490636789926,0.001396354164817958,0.0005531291893871335,0.0024652012507337608,0.002443028670269804,0.004325903798987766,7.051743286117811e-07,0.07248387953141687,0.00014390942111263902,8.620895492436301e-05,0.0004348960644548102,3.4985508631343297e-06,0.00023510090183615618,9.015382856362901e-07,3.553160862219337e-06,0.00011556164330989517,0.00014694588288263424,0.043124740451821374,1.2935062997361052e-06,0.0015309257415379754,1.3727399178723253e-05,0.001257676223646891,0.00409967293367457,0.002534993766994456
12,0.03365963932804105,0.7609792678851579,0.0023760236941708294,0.0005848970481035344,0.0017310401252035475,0.0023837075332988323,0.00647373742426741,1.378397948089105e-06,0.09783811575604383,0.0001412401353213371,0.00013164237369568614,0.0006379261814178778,2.720764890876839e-06,0.00012301644761656959,1.4872514977549112e-06,5.956616973995906e-06,5.0183427739465704e-05,9.680337247652791e-05,0.08207125092435788,9.533710984344962e-07,0.0015702924274264604,1.7037365449348117e-05,0.0010936448293298825,0.006642151768308303,0.0013858855501644944
13,0.0218602498109996,0.8318758621984245,0.0013974887784842433,0.0015668910741881608,0.0037329625453561797,0.0021362448407702874,0.009298560724595414,2.7761761107313796e-06,0.06249577316616945,8.966381778893504e-05,0.0008058454252702944,0.0018061916831299174,4.047940400898891e-06,0.0013112149308458561,1.6376513661950626e-06,3.5471351599009767e-06,0.00019830560767196865,0.00015499938559442516,0.044604898541286624,1.5194985567926143e-06,0.0024982256860036924,4.84768147075088e-05,0.005251547326678338,0.005696362070572945,0.0031567071698672075
14,0.008942085743525539,0.9566571840038067,8.419315450618131e-05,0.00010266675419633393,0.0016045709886794276,0.00044175115843614386,0.0016964330507696832,2.0124988369934585e-07,0.010182672609925853,0.00010387657997472111,3.513423330466838e-05,5.1530352204191406e-05,1.8000222853692239e-07,0.0001564507665941711,2.3817624011309655e-07,8.078223624370678e-07,1.71611794682822e-05,2.819946888843824e-05,0.018003684343234638,4.226523215480492e-07,0.00015378302550330113,2.924051202964701e-06,0.0004706425003911005,0.0007859717678360738,0.0004772343645153039
15,0.03833014667222244,0.8281740388492836,0.0013575960817264218,0.0005466422182763348,0.0023756128546521507,0.0024928335360373814,0.004264301471689031,7.005534296298655e-07,0.07063799342415343,0.00014627332203908985,8.586792933092023e-05,0.00039216541721200223,2.8295614757588467e-06,0.00023622461012893454,9.24343421040564e-07,3.4676003639518954e-06,0.00010812632125188362,0.0001478928667858365,0.04166824700339475,1.1730110246224943e-06,0.0014961544150935808,1.3718799593386208e-05,0.0012215893417633278,0.003780705340345634,0.002514774455304857
16,0.025539698471985492,0.8507884035350377,0.0008717908707983425,0.0005692950053542315,0.001668598598055608,0.0015585795038873121,0.005142398122401877,8.094418591707375e-07,0.06047960403343089,0.000215558153730706,6.204834227848056e-05,0.000657459377847723,2.6479104536975945e-06,0.0002787000687529725,1.1167819414070572e-06,3.990305329595941e-06,0.00010747617298724078,0.00016350323023153244,0.04248026927285768,1.1740565524792697e-06,0.0027593482910820625,2.673944080848752e-05,0.0011290036698256456,0.0026672789088039582,0.0028245084337056026
17,0.03009381033470667,0.8585686017427049,0.000880183102341421,0.0009746283088852517,0.0037089636238207073,0.0019015892588130105,0.005363883223827854,9.827634733557861e-07,0.052501434663043745,0.0001640788907281631,0.00014160789293913306,0.00078384341032342,5.442983366069247e-06,0.0007045772463142853,9.273970621457977e-07,3.440633097952066e-06,0.0003363322111508242,0.0002073406093247728,0.029870406993743704,2.4047130610093126e-06,0.0024105781421889724,3.109673739226488e-05,0.0032630802170717627,0.003521897918629073,0.004558866981989707
18,0.05874956669895856,0.8249926084468855,0.0010888243125566455,0.0006060188698597022,0.003930795980402595,0.0022649519427821833,0.005359385255230989,5.222278383597543e-07,0.060467250546090985,0.0002152111435188154,6.735542538126707e-05,0.0005423549194012316,5.539287478869542e-06,0.0005310554002688302,9.644478950833205e-07,2.6366033118614763e-06,0.00037009563873107283,0.0003996451199571107,0.024657472463457068,1.9540478817852866e-06,0.002659403508719353,2.249601002213359e-05,0.0017606803784072332,0.002496932236261192,0.008806279088701626
19,0.028935735298379072,0.831275414597244,0.0016448675495276282,0.0007328984054505689,0.0018178167239522494,0.001501699400074063,0.007460172695578887,9.089548301197458e-07,0.08002956818982508,0.0001619633137192564,7.282966585066114e-05,0.0008484978384751361,3.242888453587961e-06,0.00021382152350435548,1.177343184572947e-06,4.269078406883603e-06,7.956900455412347e-05,0.00012051170500609533,0.036080792212867564,1.0829107253211293e-06,0.002026203055615683,1.9911928413608568e-05,0.0011321245771400963,0.0031192030476977005,0.00271571809152366
20,0.028376941903929007,0.8002999137724086,0.0016078979178519722,0.000792179156778861,0.0020191995415696044,0.002300709331820462,0.006504457989290072,1.945429723386787e-06,0.08747220728214175,0.00016790687060204459,0.00014975644713856768,0.0007342870336176828,2.6536731898517604e-06,0.0002836266094973342,2.7347166939185447e-06,6.288073382144807e-06,0.00012015576003287482,0.00018076750601951096,0.059097929740636955,1.248238400007213e-06,0.0023047840192107717,4.267432542474505e-05,0.0013069747628867855,0.0035043511750815506,0.002718408722671427
21,0.03155005038230587,0.8350059438218663,0.001036477981067532,0.0005917656788089422,0.001310028959680463,0.0018058162103342338,0.0036103177814038726,7.795110756402466e-07,0.08020227196908894,0.00015401990174117287,5.5796588037133587e-05,0.0005318661040778862,2.438485622844076e-06,0.0002663095201779948,7.597902499169183e-07,5.331605399055594e-06,4.991258720408937e-05,0.00014017374862585703,0.03718368157997815,9.96304354405462e-07,0.0012829855794456793,1.2490252119385689e-05,0.0005967825474820876,0.0030076698818076015,0.0015953332280445964
22,0.0784692143798505,0.7661692752619801,0.001681256976358423,0.000591901183795909,0.0030260673896634325,0.00387922020860031,0.0034215529266424013,8.373666743789585e-07,0.08100277709095587,0.00017992849186889722,0.0001205117665035768,0.0003084388705491986,3.625300920905686e-06,0.00030402831982880463,1.1249513590616088e-06,3.938142045865517e-06,0.0002765960845041222,0.00045474387877755205,0.048353570272252074,1.5187907415544847e-06,0.001854836252559973,2.2963952347055244e-05,0.0012358424021912085,0.004787761970133707,0.0038484677688952113
23,0.03833014667222244,0.8281740388492836,0.0013575960817264218,0.0005466422182763348,0.0023756128546521507,0.0024928335360373814,0.004264301471689031,7.005534296298655e-07,0.07063799342415343,0.00014627332203908985,8.586792933092023e-05,0.00039216541721200223,2.8295614757588467e-06,0.00023622461012893454,9.24343421040564e-07,3.4676003639518954e-06,0.00010812632125188362,0.0001478928667858365,0.04166824700339475,1.1730110246224943e-06,0.0014961544150935808,1.3718799593386208e-05,0.0012215893417633278,0.003780705340345634,0.002514774455304857
24,0.030989951199664918,0.8792343020489427,0.0007272637973772842,0.0005633942927292157,0.001585363272881184,0.0017749005305176563,0.0025474733317301912,5.169457260765379e-07,0.04474799956685951,0.00013769928651224473,6.003135798598255e-05,0.0002981628417906305,2.02922116804671e-06,0.00030164828254155505,4.5253503918606996e-07,2.462472015433332e-06,9.089301447532144e-05,0.00012887076312413127,0.030170655419542818,1.072590003059627e-06,0.0009407867428562995,1.0202729723130124e-05,0.0010479450682896814,0.002898055361417511,0.0017378673270860405
25,0.021406434112558034,0.8517938742895222,0.001067916449320669,0.0011920670320146607,0.0025290814049123435,0.0024588529792887617,0.00645641608420595,3.0499350053307075e-06,0.04981663364347454,0.00014103088473514967,0.0003863737144853554,0.0006188242355001251,1.7330039561067451e-06,0.0007921452425860314,9.85658473210948e-07,4.8564268156790606e-06,0.00010710034791075195,0.0001416315023883891,0.051275253309093854,1.1775151010823523e-06,0.0014167830153769328,2.6352885460876063e-05,0.0024477444500473175,0.004533278612782614,0.0013804032649839914
26,0.10036828449172802,0.722243357006648,0.002047929325139865,0.00043228468103237926,0.0028674761654788453,0.0043750958702361035,0.0019490000741831757,3.01189310664492e-07,0.08642991122186403,0.00011783600989676773,8.707717297484711e-05,0.00021623488255347867,6.059479901581322e-06,0.00011574373307498783,3.391372652837332e-07,2.4353378382610874e-06,0.00017502952933814146,0.00021736384897788613,0.05952665991483316,1.6362712655487316e-06,0.001214918974475328,6.973325953171492e-06,0.0015840947617355467,0.014140361470674703,0.0018735961236201952
27,0.03372038618479895,0.807329512517063,0.0012743611026637218,0.0006244881949012028,0.0021233562051963515,0.002671426222868402,0.0041567052812782924,9.542585713318134e-07,0.08452309073739886,0.00014203012753359704,0.00011450949503598643,0.00045817753731695134,2.708740689166395e-06,0.0002500473554466369,1.440871740806671e-06,4.536742745676769e-06,0.00012631770340944699,0.00017439457146127928,0.052784622096934665,1.1604399852754755e-06,0.0017728356967766606,2.5449522564281523e-05,0.0012052082987680471,0.004136911698949707,0.0023753683959017178
28,0.03833014667222244,0.8281740388492836,0.0013575960817264218,0.0005466422182763348,0.0023756128546521507,0.0024928335360373814,0.004264301471689031,7.005534296298655e-07,0.07063799342415343,0.00014627332203908985,8.586792933092023e-05,0.00039216541721200223,2.8295614757588467e-06,0.00023622461012893454,9.24343421040564e-07,3.4676003639518954e-06,0.00010812632125188362,0.0001478928667858365,0.04166824700339475,1.1730110246224943e-06,0.0014961544150935808,1.3718799593386208e-05,0.0012215893417633278,0.003780705340345634,0.002514774455304857
29,0.03833014667222244,0.8281740388492836,0.0013575960817264218,0.0005466422182763348,0.0023756128546521507,0.0024928335360373814,0.004264301471689031,7.005534296298655e-07,0.07063799342415343,0.00014627332203908985,8.586792933092023e-05,0.00039216541721200223,2.8295614757588467e-06,0.00023622461012893454,9.24343421040564e-07,3.4676003639518954e-06,0.00010812632125188362,0.0001478928667858365,0.04166824700339475,1.1730110246224943e-06,0.0014961544150935808,1.3718799593386208e-05,0.0012215893417633278,0.003780705340345634,0.002514774455304857
30,0.03833014667222244,0.8281740388492836,0.0013575960817264218,0.0005466422182763348,0.0023756128546521507,0.0024928335360373814,0.004264301471689031,7.005534296298655e-07,0.07063799342415343,0.00014627332203908985,8.586792933092023e-05,0.00039216541721200223,2.8295614757588467e-06,0.00023622461012893454,9.24343421040564e-07,3.4676003639518954e-06,0.00010812632125188362,0.0001478928667858365,0.04166824700339475,1.1730110246224943e-06,0.0014961544150935808,1.3718799593386208e-05,0.0012215893417633278,0.003780705340345634,0.002514774455304857
31,0.011315567205346594,0.7528202446898058,0.0005330107438671111,0.0007692917495346379,0.003789435519264983,0.004174073963622447,0.0032782894783497133,3.0890917939617406e-07,0.17256729683980468,7.518401157896271e-05,0.00015480297957827944,0.0006703303019499045,4.771702467249183e-06,0.0003142959674747025,2.7860958014185344e-06,8.626294226439118e-06,0.0002085484905994725,0.00011503951814774054,0.035318600644886865,1.8020042457837262e-06,0.0036199606631020427,3.905905989112703e-05,0.0015471206305098378,0.005192613167355198,0.0034789393694095784
32,0.03931860032291839,0.8232269024679199,0.0012835103172456962,0.0004690053007591741,0.002177462505440871,0.0024348397420740258,0.0038790530881529276,6.838352573347743e-07,0.06864581749059748,0.00014001202672383984,8.219981477130384e-05,0.00036462234014252156,2.7148071687659935e-06,0.00020628657827423034,8.905633809033471e-07,3.2979404488311786e-06,0.00010089629808584432,0.00013862663254570582,0.04893076799233415,1.0705768363109123e-06,0.001392222223679546,1.3446623834594447e-05,0.001097268264937657,0.003906773602512504,0.002183028643957626
33,0.0360246174915279,0.8302361382054437,0.0012390381681963772,0.0006077036279832692,0.00246119955752556,0.0027222789898457443,0.00406535319923429,7.984719809378201e-07,0.06629414027732489,0.00015756314606421348,9.983413909172897e-05,0.000393715061684821,3.107927911306548e-06,0.00028182808938916835,8.701706386602855e-07,3.84150762240474e-06,0.0001325289074382743,0.00015665094523561663,0.04548662036384292,1.3427803059284494e-06,0.0015698409696578931,1.5906921159951736e-05,0.0014438983380686598,0.00423863144014736,0.002362551302678412
34,0.04297292235768949,0.8146154967989543,0.0013456223584340705,0.0004311819043516338,0.002204997780276772,0.0023295602554519973,0.0037862880797537874,6.375823245939163e-07,0.07605201813309513,0.0001185722819365281,7.856825052499154e-05,0.00036348074543556485,2.742935533250911e-06,0.00018902017519791266,8.724043146669044e-07,3.099901071121346e-06,9.204927323081238e-05,0.00013574558642562596,0.047161087257992375,9.711163664729628e-07,0.0012806555965205661,1.1945184036194982e-05,0.0009324469671910927,0.0037561910253885067,0.002133826048502572
35,0.08896560286316306,0.7563378594815603,0.0017477538653707517,0.0004805766992474696,0.0015595974321359347,0.0016307612565339415,0.004853225867314368,8.384072240733211e-07,0.09129559496262823,0.00015368103086851463,5.252940911932677e-05,0.0004653455148495745,2.6174218966577574e-06,0.0001639671071042197,6.70609173891032e-07,2.656208229622713e-06,8.749096021136961e-05,0.0003481316903757004,0.04403904797594648,6.843987906558839e-07,0.0014334561957234902,1.46341630534639e-05,0.0005306131356989557,0.0033160762010366373,0.002516587142743276
36,0.0431738558329279,0.760695516479707,0.00117889346706836,0.00055805815924976,0.0018541259169948302,0.0012035368365233654,0.007244002186879252,2.6441329831146316e-06,0.09604187684035106,0.0001093842828894747,0.00010397973284099943,0.0017409599056802223,6.725827749354693e-06,0.0003618782028735305,2.1702011203296756e-06,8.164001738402313e-06,0.00014172523414532223,0.00017347944644153937,0.07809699174607428,1.2265846930458748e-06,0.0015434506494477944,4.570953002786606e-05,0.0005892794183731818,0.002400512004734278,0.0027218533784857334
37,0.08090292170993885,0.8021757262439951,0.0019041683747589434,0.0005363517430813729,0.0016436172853896227,0.0017899987978370973,0.004033824509738704,4.4684346482760796e-07,0.05432277569213367,0.0001867261090268916,6.235254039067363e-05,0.0003554813191746614,2.816738979022424e-06,0.00014285057935490132,3.3693138056299434e-07,1.8407817484907877e-06,8.248906674884671e-05,0.00021757903607741194,0.04017580668587495,9.747112436540168e-07,0.001117018543374459,8.689972690095931e-06,0.001295966512993806,0.006917126825393726,0.002122112445209543
38,0.031697076242849065,0.8431896704713259,0.0011783910928241472,0.000755629225118368,0.0022416249529406715,0.002200279745384042,0.004117401863173274,8.051813332099261e-07,0.0655368393512218,0.00014745866686252066,0.00010144507442450583,0.0004912416088607149,3.0925165223307143e-06,0.0003100898533302789,8.805635247433951e-07,3.3475943451674225e-06,0.00015363103913348974,0.00016769458957046056,0.03763802906512641,1.42618361949653e-06,0.0019187592462814834,1.9759603898186264e-05,0.0016277861488806994,0.0038165595231582595,0.0026810805962910046
39,0.057767319606615755,0.6167564518673944,0.0047161006260834,0.0009628736510638472,0.003559989718544253,0.011664525398223042,0.0066840801507803615,2.475303440515793e-06,0.14550379079127948,0.00034352335144145605,0.00014900286823447582,0.0005726168462242492,1.1426979302265833e-05,0.0002331528422026323,2.4111397897519238e-06,1.4735103675848402e-05,0.0003871765461275864,0.0003626523549589795,0.12834729008362813,2.8680246725477042e-06,0.006486610885571486,3.3015618780576686e-05,0.0019228262294984204,0.00955805999916082,0.0039550240133057165
40,0.04272903197411188,0.8171939436333685,0.0018524292465837533,0.0002957555856195017,0.0024064740157122492,0.001751981237179153,0.005413695455257175,5.32390933445748e-07,0.08563167311897625,8.780718521972215e-05,6.197470998020194e-05,0.0005071000734947752,2.7528561039621816e-06,0.00018065652283463175,1.3863122946117332e-06,2.3862570064604437e-06,5.591083371266339e-05,8.645584389890429e-05,0.03460377707663339,7.18309626999177e-07,0.0010325759254892208,9.474141182694488e-06,0.0007347896811250243,0.0021292385935200824,0.003227479020134914
41,0.04859274855535331,0.7919544470683594,0.001561192848807655,0.0003872018479239613,0.003682139353086501,0.0024327458374194585,0.004726126228564531,6.114440092829658e-07,0.10329866440555607,9.721766124468867e-05,7.545391875366227e-05,0.00034571637228438315,3.3409095291387794e-06,0.00016789679559636907,1.2783652952431015e-06,4.18864265159346e-06,8.481491919117994e-05,0.00012625929131863072,0.03476928133779472,1.11702708996985e-06,0.0010770406037187066,9.001304093502423e-06,0.0007611356252372598,0.0031724394352397453,0.0026679402018809453
42,0.026103611056820842,0.6800245675952133,0.0018468824927945291,0.0008925334374869113,0.0012524837739561767,0.00399987577530813,0.004545522302129003,2.7341728125697682e-06,0.10368455893560054,0.00026200375171226277,0.00013464741678807874,0.0008320945699994096,5.194239788043665e-06,0.00018073878748480558,2.465848013593772e-06,1.4560737183701713e-05,0.0001693904757359637,0.00019334531263646163,0.16135416784170362,1.8472951010768034e-06,0.0038956207737528697,6.33263586752242e-05,0.001301765108995543,0.0075995841177234685,0.0016364778225839254
43,0.02471682462187488,0.8121513224196055,0.001358517741290214,0.0007296456180897696,0.0018994489347717589,0.00581481669302154,0.0037373130358608407,1.1003125337234455e-06,0.05972231236753363,0.0007058430696080277,6.212948589317009e-05,0.0002476043530178828,3.3252316905338263e-06,0.00026321645597931993,1.020138320477116e-06,7.900892262091925e-06,0.00021330418026472165,0.0002691741746954412,0.0733617034036976,2.658614908303366e-06,0.004711743310620848,2.9361706633257644e-05,0.002068803184561538,0.005487966797391128,0.0024329432558736464
44,0.03833014667222244,0.8281740388492836,0.0013575960817264218,0.0005466422182763348,0.0023756128546521507,0.0024928335360373814,0.004264301471689031,7.005534296298655e-07,0.07063799342415343,0.00014627332203908985,8.586792933092023e-05,0.00039216541721200223,2.8295614757588467e-06,0.00023622461012893454,9.24343421040564e-07,3.4676003639518954e-06,0.00010812632125188362,0.0001478928667858365,0.04166824700339475,1.1730110246224943e-06,0.0014961544150935808,1.3718799593386208e-05,0.0012215893417633278,0.003780705340345634,0.002514774455304857
45,0.04336733297055036,0.6920382738378219,0.0029383766909111273,0.0007101889771113617,0.0031574892029405835,0.00456190594703066,0.008569944560081602,3.070603099513787e-06,0.14044807494720798,0.00015523785835819807,0.0002283228639733842,0.0005968726563319284,3.6919017226573906e-06,0.00019757451319864485,4.512288438758938e-06,1.4928423803843009e-05,8.918617658964081e-05,0.00017930156214693985,0.0924610695554007,1.3493765931955334e-06,0.0014683391834241443,2.723583837787922e-05,0.0008815626573718939,0.005684150140920649,0.002212007266592288
46,0.03767926305634616,0.7562800676676176,0.001450458129468651,0.0020591469300164774,0.0032566961100406835,0.008151949409834073,0.0026903373270731625,1.4931349037689973e-06,0.07080481511654048,0.00024771387914384165,0.0002681181920955293,0.0006496605845548771,1.5747577877769132e-05,0.0007015064094804261,1.3015062583621047e-06,8.330653043017545e-06,0.001974566606140772,0.0004633024617711568,0.08493925225148817,5.679368114270056e-06,0.006022940942863894,9.032803714728092e-05,0.005717538711762268,0.011734032733262968,0.004785753203154235
47,0.04324572021698744,0.8127582296389759,0.0013882673865313322,0.0005085900123959993,0.0023169834176582416,0.002326884828682474,0.004296667551459874,6.538262462204056e-07,0.0778701936977616,0.00014453533928074166,7.465687348761816e-05,0.00045273107907378333,3.4827031496363204e-06,0.00020890065045880786,9.68460040769726e-07,3.7882820976103215e-06,0.00011599829579703239,0.00015691758161112907,0.044799856422702275,1.2094653689502807e-06,0.001619218260233475,1.5009564725385566e-05,0.0010798841727278938,0.0039059917383654154,0.0027046605341800424
48,0.0781796329989157,0.4982054214180513,0.007121232346461094,0.0018875371085777086,0.00857302122207161,0.0021000864290744857,0.02413158802330542,1.1929140243557137e-06,0.3290904904944392,0.00012670645530795508,0.00010455931040473574,0.0024621344575347787,8.833035550691782e-06,0.00047458883384606686,8.898478766802567e-06,1.069146992430053e-05,0.00014773581960630347,0.0007154782068370719,0.004680098416568316,2.8885548791645206e-06,0.0054117305265459345,2.4505138258627142e-05,0.0012079811893842259,0.0017434627285434151,0.033579504423120715
49,0.036479139509131064,0.8260793718316031,0.0018782586489626964,0.0007867912991772098,0.0018371134745923069,0.0027948552264569024,0.004630821528881105,7.341002630810042e-07,0.0719201303503572,0.00018486517316577495,8.986363860968247e-05,0.0005560943477900806,3.4190859274510657e-06,0.00026819200943852,9.413451562839755e-07,3.47323637303961e-06,0.00011102361473603059,0.0001626776563152661,0.04085241564300022,1.3038741770611936e-06,0.00201273863928292,1.7011981158601848e-05,0.0016817179597990602,0.004658267965278692,0.00298877786036646
50,0.03516780444960435,0.87958773597093,0.0012998528180890687,0.0003751003386368955,0.00262726247153601,0.0011761606777850318,0.012747338343315626,1.262192551576294e-06,0.02443184199689197,0.0003901637497168105,5.7291876549894854e-05,0.0004559637022664137,1.74238624545992e-06,0.0003621256470498275,7.905210983675935e-07,2.343591334335936e-06,6.505104464235501e-05,0.00010858423767523086,0.03309057942226284,1.0056305240538947e-06,0.0010687626252057082,1.0761053840148263e-05,0.001674851868014295,0.0015501437938305145,0.0037454795904034604
51,0.014739564478900782,0.9406438346588086,0.0002914135770017516,0.00039019422765841747,0.0002689078826905395,0.00037755064513750005,0.0011339104314485068,3.483939141589849e-07,0.02204378691408062,5.708774211956845e-05,2.6020386097033483e-05,0.0002035348781023664,2.6487359141863234e-07,0.0001773284114026902,2.459284061023996e-07,5.526132643529068e-07,2.1711548987831854e-05,6.037206019014578e-05,0.017585607267351915,2.0922165462264866e-07,0.0003398283303739841,9.17789634148511e-06,0.0002839043253250296,0.0007295166955393971,0.0006151266116110286
52,0.18275559206356062,0.4805796912840023,0.0025828306737557855,0.000449963546724918,0.005854576146180886,0.02320366245377241,0.00274258671358751,1.9299465102552744e-06,0.20781125395459882,0.00026197063777591583,0.00026781677838570906,0.00012646671937601806,4.014524331580809e-06,0.0005605390828439296,4.829355900981446e-06,1.6306557021456842e-05,0.0003299464966770362,0.0025522642696356873,0.07608176860801935,1.9531955523956717e-06,0.0010980209263519454,2.829813985779923e-05,0.0005872524478900396,0.006244418352815023,0.005852047124871566
53,0.024262199895318633,0.8277398487997193,0.0019285306875776083,0.0007137297234913615,0.005235997585935525,0.0014840991885778133,0.022856730713606783,1.4893714585872934e-06,0.0730804539890903,0.00019090575135593646,0.00015900733381368198,0.0010344039561033674,2.97963889913659e-06,0.0003013729448484112,2.151079811968886e-06,5.0351381773958255e-06,6.189086119838728e-05,8.943214324424465e-05,0.0292844985224199,1.3102917632965967e-06,0.0018640884222658484,1.674974773362148e-05,0.0024034216259979442,0.0031840748754114016,0.004095597712179668
54,0.032769219722335624,0.8855190710080272,0.0007869920000950016,0.0002944365135849616,0.0016665314045368738,0.0013277313964048059,0.003082475243016842,3.2311184720241045e-07,0.046088061250264135,0.00012175526215717436,3.3361569881249844e-05,0.0002579544855169465,1.3550438975605063e-06,0.0001968710762450723,7.728184189867231e-07,1.9245122001330987e-06,5.035873166978314e-05,8.951963884486599e-05,0.02229195363111784,7.094091428222564e-07,0.000682233876095871,7.17090472733545e-06,0.0006272237611153156,0.001396517008643086,0.002705476620213281
55,0.008692994385683135,0.9153297002848835,0.0006034862409098571,0.0005072212541825799,0.004912536218185766,0.005305111415968742,0.0030633564813471502,1.6691337475196087e-06,0.006440732127820211,0.0005711142395217227,0.0002824833350726025,4.6673051509094474e-05,4.4539970752136916e-07,0.001118085623278596,9.558785179858768e-07,2.472737129203342e-06,0.00033515595180612313,7.297750020972624e-05,0.035368242846809755,3.1020381611038246e-06,0.001137925324248539,1.7174910123235377e-05,0.01198273032146507,0.0019072296669896147,0.002296423632721724
56,0.04024502464298643,0.820267144109395,0.001399014849343415,0.0005484319627852188,0.00240121803265985,0.0024767705240846508,0.004356293278652518,7.070055693351639e-07,0.07306267358688286,0.000142825724395267,8.757047252417498e-05,0.00044912626495927424,3.467706339184528e-06,0.00023934954473984354,9.414718664096217e-07,3.498219813132639e-06,0.00011581510790152916,0.00014869123319221408,0.044567228971193855,1.2424060051703373e-06,0.0015551204634452367,1.4361341847351902e-05,0.0012463372968493295,0.004054517181642284,0.0026126286009261904
57,0.03644331791292071,0.8009249077731107,0.001251003142040014,0.0005151482911817962,0.001987228634682443,0.0016795560774982865,0.00462809212569676,7.941214105572424e-07,0.08117004274676573,0.00014816110567303202,6.159741938057053e-05,0.000859013330551491,6.783308416257502e-06,0.000195697753311325,1.0666338301394938e-06,4.779648353305024e-06,0.00015415356866566718,0.00012801530625752987,0.05986481993418424,1.70490703323875e-06,0.002080296216552647,2.3005333432513287e-05,0.001126382382486933,0.003980164632627248,0.0027642676939369066
58,0.04419589874054469,0.8044260356738647,0.0014624302467074587,0.000539874758208227,0.0022949496632024033,0.0026184846489095194,0.004084831061117834,6.559470654041872e-07,0.07727119112152699,0.00013282534744411993,9.65962350723565e-05,0.0004442076277654225,3.4886247065522765e-06,0.00020440509817318915,7.888966458299088e-07,3.4349826982671223e-06,0.00010007867157257934,0.0001444909935536793,0.05148624442424145,1.1592053407648735e-06,0.001452056794315763,1.2789893195631394e-05,0.001289400357125371,0.005582830706852999,0.0021508502801484693
59,0.041289440754116266,0.8082027949555596,0.0017188346162385075,0.0005837989463304212,0.002259536115428188,0.0027317709872627487,0.004320146409470803,6.850143770027e-07,0.07860722449680667,0.0001465399879941207,9.584127032031849e-05,0.00042125501353485086,3.1554664008926086e-06,0.0001875628755449308,8.460534352497723e-07,3.660461070181159e-06,9.247295433649121e-05,0.00013728948346471343,0.0484294408439386,1.222556399957178e-06,0.0015776934219443597,1.2633411027427203e-05,0.0013754173323513544,0.005677679082327664,0.002123057490318762
60,0.03833014667222244,0.8281740388492836,0.0013575960817264218,0.0005466422182763348,0.0023756128546521507,0.0024928335360373814,0.004264301471689031,7.005534296298655e-07,0.07063799342415343,0.00014627332203908985,8.586792933092023e-05,0.00039216541721200223,2.8295614757588467e-06,0.00023622461012893454,9.24343421040564e-07,3.4676003639518954e-06,0.00010812632125188362,0.0001478928667858365,0.04166824700339475,1.1730110246224943e-06,0.0014961544150935808,1.3718799593386208e-05,0.0012215893417633278,0.003780705340345634,0.002514774455304857
61,0.04197558188010331,0.8118643677085537,0.00167158697556636,0.0005657789266264481,0.002305223822908017,0.002602295845423403,0.00444354824671415,6.911608055754638e-07,0.07577525232765586,0.00014861411101666216,9.355606502727645e-05,0.00042216029278181017,3.194841194991355e-06,0.00019118018738358735,8.517965519219395e-07,3.5021862040204445e-06,9.397328870199904e-05,0.00014054505886727914,0.04723171902944053,1.216609939514104e-06,0.0015363890114979102,1.2651610097100311e-05,0.0013551613685998448,0.0053558023874585884,0.002205155260880267
62,0.03833014667222244,0.8281740388492836,0.0013575960817264218,0.0005466422182763348,0.0023756128546521507,0.0024928335360373814,0.004264301471689031,7.005534296298655e-07,0.07063799342415343,0.00014627332203908985,8.586792933092023e-05,0.00039216541721200223,2.8295614757588467e-06,0.00023622461012893454,9.24343421040564e-07,3.4676003639518954e-06,0.00010812632125188362,0.0001478928667858365,0.04166824700339475,1.1730110246224943e-06,0.0014961544150935808,1.3718799593386208e-05,0.0012215893417633278,0.003780705340345634,0.002514774455304857
63,0.03315144827564839,0.8542123343782877,0.0010855687262444796,0.00044238574796593507,0.0019781479457334954,0.00197293159768322,0.0034028361185108737,5.376971811902424e-07,0.05792945589573162,0.00013020977037008256,6.655264745466293e-05,0.0003142377182364273,2.1376866559195363e-06,0.00019587341309227526,7.673624653370885e-07,2.6451983989085123e-06,8.588419157325881e-05,0.00011136101945843499,0.03751694924213262,9.95582323413413e-07,0.0011914248749982505,1.1175920754088156e-05,0.0010485223796853067,0.0030735460980509583,0.0020720705113630006
64,0.03290653023442124,0.8314312477921337,0.001361012343021374,0.0006078140206053778,0.002193127814699194,0.0025812898095635816,0.004233904721347991,6.609887166376922e-07,0.07204082507475858,0.00017272675499105259,7.618531990381407e-05,0.0004496050731224378,3.2820437943742945e-06,0.00024504292439847335,9.491315866199909e-07,3.590518937870062e-06,0.00012150784164435932,0.00015257846800110125,0.04113654194932216,1.3686814531735495e-06,0.0021935749269250825,1.620145231844015e-05,0.0014011792239436137,0.00391488661494171,0.002754366275447966
65,0.038429889001960676,0.827682718213522,0.001356187712797918,0.0005454924355696012,0.002377032055624537,0.002492684093590001,0.004252596937175919,6.984768319008552e-07,0.07096221222142583,0.00014539028142618324,8.596493964650338e-05,0.0003925134815095895,2.8379456054654257e-06,0.0002354791568025666,9.242882897859199e-07,3.4696719576050727e-06,0.00010815943602920659,0.00014796051070211936,0.041751217952301245,1.1707538731302126e-06,0.0014931890513918608,1.3720672081979813e-05,0.0012168676880809533,0.0037918026634765943,0.002509820358327029
66,0.08358477965612755,0.726225847223947,0.003141371323045495,0.00037051557191052374,0.0061347777504036196,0.006239602755176333,0.004562775334640211,4.108493752783909e-07,0.09059550703661534,0.0002580497328347661,8.559161576976316e-05,0.00021912354727890389,7.775390169013655e-06,0.00011755141889366452,7.603351650803465e-07,4.261757223770321e-06,0.00021449502286574604,0.000213904232684912,0.0581105177285911,2.8220105404084947e-06,0.002723241168521318,7.49514901204019e-06,0.0021686265673822192,0.011452903855389432,0.0035572929664367055
67,0.03847918944744062,0.7991638844231674,0.0020638268203573744,0.0016140114474587958,0.0035765990751828146,0.008866481779443556,0.003924538524209272,9.768602892534583e-07,0.0730854824091496,0.0003092616762497662,0.00016812371956593822,0.0004716335114050795,8.31163600671734e-06,0.0007118008640321593,8.592412012294918e-07,6.6283493204200274e-06,0.00037228832176064094,0.00029840816933904475,0.04492688924433734,3.822518380358962e-06,0.0035810673988029285,1.9220904022297948e-05,0.004631369931372225,0.009298896179708008,0.004416427547797219
68,0.03999384594167166,0.8258161641644919,0.0014965173852214983,0.000595669589883324,0.0021783227847314668,0.0025012491248104477,0.004254698371214669,7.022470393170416e-07,0.07161247136307963,0.00015244808822662882,8.350655401307418e-05,0.00041333728136097776,2.8519209804976815e-06,0.00023500920330597402,8.333419610134067e-07,3.346930496075272e-06,0.00010611292554091422,0.00015610030821878497,0.04097781085686698,1.156406989513508e-06,0.0016170054757255652,1.3659205303603576e-05,0.001270464350884709,0.004019967940435122,0.0024967482375466824
69,0.030139179700257836,0.8350915007754423,0.0015415825288998604,0.0006879903582567398,0.0024564270922399854,0.002763413547357091,0.004752165985384106,8.795692563980946e-07,0.06427460047924011,0.0001557752086365402,0.00012407993341568036,0.0004201606644857813,2.643721634524317e-06,0.00023912524905707414,9.109591661588472e-07,3.870166977239155e-06,9.178642703954021e-05,0.0001128299476711015,0.04625984594255976,1.3415835087382992e-06,0.0016964388862089823,1.3213332192633397e-05,0.0018537247187520442,0.005346963504438352,0.0019695497179215127
70,0.1394851436090856,0.7044862042145396,0.004626524719122992,0.0012314468162529612,0.0042845168528284384,0.0017609411723035588,0.011247370486644072,3.211075729784719e-06,0.10660410083248437,0.00021423357443877796,5.769211629205121e-05,0.0008720728948088275,7.404101220685595e-06,0.0007096533084468758,2.048835200254401e-06,1.0448692559252652e-05,0.00018576404382079863,0.0005838198002564832,0.011070753925153895,3.0179908316693657e-06,0.0008189142112896484,1.3740330163126235e-05,0.0005285742113147926,0.0010669238800586373,0.010125478305153066
71,0.04209688752711674,0.8096940727325995,0.0016186306021149187,0.0006005834276530881,0.0021852386406527213,0.0029189977669381822,0.004453172331025897,8.214868004163511e-07,0.07740821571939956,0.00014866108538084412,0.00010173758810835214,0.00041545301266027315,2.7607887761203683e-06,0.00024394293448379962,1.02276525583775e-06,3.6492196571225964e-06,0.0001139369742878666,0.00017481693255844404,0.04827322235617897,1.0395054775317546e-06,0.0016243180669568069,1.6214464783486178e-05,0.0012007756176655334,0.004158146739055581,0.002543681714412298
72,0.040101521929843856,0.8185354621776275,0.0014609886379875823,0.0005655401270779526,0.0023933737683924958,0.0026290939197956206,0.00444389731940097,7.520682499487624e-07,0.07592486831019322,0.00014834201888769006,8.902822221057946e-05,0.0004119394963588672,3.0013251042987197e-06,0.00023665249012015468,9.669430476042547e-07,3.7477955387073763e-06,0.00010900979505577752,0.00015807054472274573,0.04352577661393984,1.1817270910452195e-06,0.0015758933164060414,1.4190861481210063e-05,0.001179351921275072,0.003964316867896187,0.002523031802295089
