,0,1,2,3,4,5,6,7,8,9,10,11,12,13,14,15,16,17,18,19,20,21,22,23,24
0,0.00030874480941420467,0.9582713761352963,5.670065513128734e-07,0.00010799928504300569,0.001942820910811599,5.7080752098254195e-05,0.0001657557907726378,0.00010036841264138088,3.964659731767129e-06,0.0003797523268306684,0.0047719398024599294,1.384704239268188e-05,9.32476463100317e-07,0.0002757928794885201,0.0007124209861475632,9.893902208335018e-08,3.923054657707327e-05,0.004053373082264389,0.002726940985703785,1.1546627100542952e-08,0.000637826840183707,0.025019009708891465,0.00018458750572349411,0.00014498938932930902,8.056817953432349e-05
1,0.00021268977899771826,0.9612198526493144,5.004675150206163e-07,0.00010754112222336574,0.0016175525645002148,5.4897355516800365e-05,0.00016408836981945767,0.00011815538769303097,6.791641667316886e-06,0.0006048252556087862,0.00311377209779615,8.68047104473676e-06,7.201999049066104e-07,0.0002504905066118625,0.0007901949760053456,1.3232776739950012e-07,2.654438970967329e-05,0.0024720610770054695,0.004421554822827198,1.2184350882936696e-08,0.0007291901338543606,0.023755047118850937,0.000128102521269378,9.8909925142261e-05,9.769265500351334e-05
2,0.00026965965298723416,0.9481713438963566,2.3606255774261707e-07,7.968472324747895e-05,0.0011459035232569048,4.623833239638841e-05,0.00012981916237993056,7.799118839083457e-05,2.1500226925382614e-06,0.00033152255351985875,0.002896497739763237,9.675852460274046e-06,4.814302067730502e-07,0.00023349218463731452,0.001231721496587362,1.1843450777097639e-07,5.06553302941389e-05,0.0032022650132378216,0.002478613630429656,8.0952327621865e-09,0.0007772952272983966,0.03828831160893398,0.0003565729464283326,0.00011333534020329836,0.00010640655199304761
3,0.0002288632573096967,0.9631544189080631,3.4545185416158055e-07,0.00010402087926950955,0.00133729604762909,3.6628057785403004e-05,0.00012312325673957103,8.415266358788122e-05,2.4013231091020853e-06,0.0003605409420436489,0.003104112264623028,9.666820342431074e-06,6.459865073222888e-07,0.00022210805371745016,0.0005417109692032872,7.194459706958192e-08,3.675434348091012e-05,0.0038575777347467357,0.002049339846254947,8.758070080619323e-09,0.0006360989355081571,0.023719451215070634,0.00018228599233933838,0.00012349695470738524,8.487939344013468e-05
4,0.0002036148531821624,0.9654231211706428,3.6689863944958266e-07,9.820961432582575e-05,0.001466496380237363,3.852273993754435e-05,0.0001184579177279033,6.987867931235142e-05,2.3385513143799008e-06,0.00034622331373911156,0.0029687925215970724,9.334705962655915e-06,7.860852942985751e-07,0.00025199730015432187,0.0004982813666286637,6.691472108398998e-08,3.2513960642661886e-05,0.0036412423272768973,0.0017940919111216656,8.477301837479892e-09,0.0005451939892215718,0.022132241390608088,0.00016961682011854662,0.00011822483732533798,7.037727296665234e-05
5,0.00018670288706019783,0.9665320897817993,2.915698218663329e-07,0.00013182031248620713,0.0013252545025691852,3.281407047377292e-05,0.00010827687430480542,8.191315555315036e-05,1.7093342100014714e-06,0.0003847173807545821,0.002893035415159031,8.45346875325035e-06,6.523296858132558e-07,0.00021033860340987842,0.00037956232826553683,5.840041712575162e-08,3.5692540442905593e-05,0.005016287047239868,0.0015333430660705424,8.738608407565403e-09,0.0006740246214313299,0.020048679219544254,0.00020049162074273652,0.0001338148441499261,7.996788704600282e-05
6,0.0002288632573096967,0.9631544189080631,3.4545185416158055e-07,0.00010402087926950955,0.00133729604762909,3.6628057785403004e-05,0.00012312325673957103,8.415266358788122e-05,2.4013231091020853e-06,0.0003605409420436489,0.003104112264623028,9.666820342431074e-06,6.459865073222888e-07,0.00022210805371745016,0.0005417109692032872,7.194459706958192e-08,3.675434348091012e-05,0.0038575777347467357,0.002049339846254947,8.758070080619323e-09,0.0006360989355081571,0.023719451215070634,0.00018228599233933838,0.00012349695470738524,8.487939344013468e-05
7,0.0002644280156891242,0.9438004123667016,3.229344512749165e-07,0.0001377037406745355,0.0021836770367019503,5.758785306232647e-05,0.00011524484837827736,0.00011701894971402961,2.393389416161162e-06,0.000557472932103796,0.002934839994130263,1.3578905045593244e-05,4.906748739978851e-07,0.00032253263177632477,0.0008209051325773604,1.4321689381471797e-07,5.2374810700069505e-05,0.004573020043906845,0.0033973354809774766,8.649843406445849e-09,0.0012510073358439466,0.03880652424319443,0.00034476954329442483,0.00011857838980702482,0.00012762888024197866
8,0.00022054647795925793,0.9759661485612664,3.633732165412255e-07,0.0001469924033542852,0.0010894873662497194,1.5046443902314163e-05,0.00011843002019016024,0.00010228374355658063,1.6109895039032715e-06,0.0004902682959942496,0.0010946884211901573,5.807668894687177e-06,5.899537747437938e-07,0.0001844463898435825,0.00043256433555808243,7.406203862884577e-08,4.5544916916336867e-05,0.002631631949111632,0.0013222783030242212,6.7997063646906784e-09,0.0006014207521103645,0.014912454109925552,0.00022018792869454195,0.00023575688456507095,0.00016136984945267706
9,0.00014340434455517212,0.9865107652797224,5.631360632232265e-07,0.00011883239537208691,0.0009573858119979937,8.376680055063834e-06,9.411791471392405e-05,7.89858264955999e-05,2.2389973852312428e-06,0.00032152235122053104,0.001070741641081162,4.027465911829761e-06,8.950519712608916e-07,0.00011841128682609632,0.00024029768564018942,2.7161424947771952e-08,2.9455798075603902e-05,0.0019065903152457118,0.0007699025552403756,6.394647180066365e-09,0.00027950226132135984,0.0068942857519859345,7.199647127345668e-05,0.0002734431909844804,0.00010422423078928494
10,0.0002288632573096967,0.9631544189080631,3.4545185416158055e-07,0.00010402087926950955,0.00133729604762909,3.6628057785403004e-05,0.00012312325673957103,8.415266358788122e-05,2.4013231091020853e-06,0.0003605409420436489,0.003104112264623028,9.666820342431074e-06,6.459865073222888e-07,0.00022210805371745016,0.0005417109692032872,7.194459706958192e-08,3.675434348091012e-05,0.0038575777347467357,0.002049339846254947,8.758070080619323e-09,0.0006360989355081571,0.023719451215070634,0.00018228599233933838,0.00012349695470738524,8.487939344013468e-05
11,0.00022092891837277356,0.9646110284062548,3.443300064891155e-07,0.00010044752336923115,0.0012850386725372289,3.51506793836072e-05,0.00012041742532652408,7.819821042777854e-05,2.3062689451641484e-06,0.0003430371202302901,0.003029719452973167,9.459644642598893e-06,7.066091253175793e-07,0.00022108419183741932,0.0005016128014367092,6.611088257624088e-08,3.580440310962599e-05,0.0038638763789368372,0.001855101851773087,8.799620459621477e-09,0.000576844471785724,0.022732595524394907,0.0001740346877066157,0.00012347101706404662,7.871649985710267e-05
12,0.00021598531792044827,0.9147276557044773,1.4581020505628508e-07,0.00010155575259614747,0.00267139815891519,5.40607452892987e-05,4.8316550336799166e-05,3.409218314700867e-05,1.8033828114520384e-07,0.0002998864085412848,0.0019984156944746556,2.326581424822055e-05,6.576891542622801e-07,0.0005834594548298053,0.0002471300113452958,8.063146105961576e-08,7.64565973031487e-05,0.013441819263188288,0.0006608381991402247,4.981149087882671e-09,0.0008520232317777126,0.06290272263766114,0.000905608986207164,0.00010976769209125145,4.447214625867172e-05
13,0.0004718643610827968,0.9242030500199823,8.347954410281706e-07,9.906510054507815e-05,0.0020361770006471526,4.159647006270972e-05,0.0001501473157367795,0.0001268973863783682,4.441326345974241e-06,0.00015757692683498366,0.011789901364866405,4.825741882088683e-05,8.923201438414187e-07,0.000406945921715627,0.0011110616054721555,5.819681660709491e-08,8.537550543292605e-05,0.004691323459409549,0.0037580992506692145,1.1767316602732691e-08,0.0010280862258971921,0.049407150698844875,0.00017709937294822415,0.00011093244655013826,9.315374203874416e-05
14,6.068699811025579e-05,0.9824119824767834,1.5521678500747503e-07,6.0484141365718135e-05,0.0009338843362663613,2.2052926826085536e-05,5.504984979888303e-05,4.03137400883779e-05,1.5328026398270634e-06,0.00036877219882234716,0.0015479429083949503,2.4164028053680017e-06,4.834939105697359e-07,9.973909993038194e-05,0.00021717352764753962,2.6186961907779224e-08,1.308981713750375e-05,0.002186095655048402,0.0009520205280139389,4.350315257586823e-09,0.00030582294671718455,0.010549173098953899,6.325672596785005e-05,7.714658440409964e-05,3.069398630478846e-05
15,0.0002288632573096967,0.9631544189080631,3.4545185416158055e-07,0.00010402087926950955,0.00133729604762909,3.6628057785403004e-05,0.00012312325673957103,8.415266358788122e-05,2.4013231091020853e-06,0.0003605409420436489,0.003104112264623028,9.666820342431074e-06,6.459865073222888e-07,0.00022210805371745016,0.0005417109692032872,7.194459706958192e-08,3.675434348091012e-05,0.0038575777347467357,0.002049339846254947,8.758070080619323e-09,0.0006360989355081571,0.023719451215070634,0.00018228599233933838,0.00012349695470738524,8.487939344013468e-05
16,0.00018774642566093475,0.9550703227495828,1.8935712124850576e-07,0.00012569519625429506,0.0009128473979349007,4.285077609376234e-05,0.0001231638895738449,9.097546070128382e-05,1.480999296307931e-06,0.0006527682605510283,0.0026459379965852775,8.28265523583816e-06,4.0871515714180055e-07,0.00019965344032623134,0.00036377380344351686,9.973881089353966e-08,3.234978205251257e-05,0.00660063955174695,0.0019348331787353112,1.0342592856425741e-08,0.0012622066575764838,0.029351860680289672,0.00021313248650527448,9.693863098743423e-05,8.183182718436947e-05
17,0.00027626537632327423,0.9584693481065106,3.8775692360687336e-07,0.00020008865525760538,0.0015286952186823483,3.955657011590605e-05,0.0001413562758028664,8.51867324099062e-05,1.4539013533095343e-06,0.0003807568355349141,0.003134468720141895,1.5278413043069265e-05,8.494135763137964e-07,0.0004456113546581474,0.0003399842417264116,8.14991094405911e-08,3.98019199464697e-05,0.00691112893071823,0.0016032648016711948,1.2112929434598033e-08,0.0008360474862221433,0.02497848351953525,0.00033359417923502986,0.00012438922035118996,0.00011390875822152254
18,0.0004069617518582772,0.956010435181813,2.7107644569177973e-07,7.833201576535425e-05,0.0006453922325287975,1.2073512983887806e-05,0.00010154887358872385,7.358029160312939e-05,8.825436212410263e-07,0.0002500802975696001,0.0015379671526060646,1.3948011216104908e-05,5.665874855292731e-07,0.00016728075358905226,0.0003015545535151907,4.2322693631945215e-08,7.808054830445652e-05,0.0060973021156231514,0.0011254163887353052,5.8005457034843354e-09,0.0005476736219067438,0.032073456096818755,0.0001702722002938936,0.00019070189156366875,0.00011617417732491552
19,0.00015994653263174828,0.9632958179345484,6.743205086144537e-07,0.00011985185612872777,0.002319753279870178,3.65270992560916e-05,9.929254090876981e-05,9.944813316463848e-05,3.906720413734778e-06,0.00042795022795141753,0.0030411805308044014,1.3010480556098018e-05,1.062897075100503e-06,0.00028779994565532866,0.00041613951535005364,5.4954665817959826e-08,3.380109602680178e-05,0.0031756558098194197,0.0020001677120182666,1.0634636186788262e-08,0.0005253814464738012,0.023652339039252276,0.0001004255751120472,0.0001201008816741415,6.970083549803107e-05
20,0.00015939199728819936,0.9456864640837843,2.558466131369338e-07,7.959311323818308e-05,0.0013242393255464631,2.4338113125542987e-05,7.845375888306911e-05,0.0001212386969211794,2.2765770003000986e-06,0.0003845970616843371,0.0021121947583099,8.602551961179043e-06,4.479655217268085e-07,0.00016457013108723783,0.0006511553322262715,5.635903683323882e-08,5.3207235989941477e-05,0.002993607832672348,0.002321941022050512,7.081582672374259e-09,0.0007277594445917908,0.04276537134627329,0.00015291926272973345,0.00011496219227502716,7.234890960667993e-05
21,0.0004615721883892259,0.9552735511330634,5.801210044703604e-07,0.00017339966048779727,0.0016685398272916086,7.313467751803744e-05,0.0002519462991461618,8.53833763713546e-05,2.1904000478204883e-06,0.0005107149590037708,0.004519145323746669,2.4234694779062403e-05,1.2953890434951537e-06,0.0004831692548161659,0.0004991798975217112,1.8406517709983547e-07,3.9705723784817216e-05,0.007373554267851471,0.002125217033429058,1.8038708510751715e-08,0.000915398740309694,0.024897151645203355,0.00035939727622471163,0.00015271930680232798,0.00010861670027823567
22,0.00034733438952879966,0.9431250787835098,4.133320319604857e-07,0.00011693817176349977,0.0015345292961084997,5.613874854297617e-05,0.00015050537899845623,0.00010344203953464494,2.1722960079268526e-06,0.00038700037900398133,0.005416438754339651,1.6737862761791997e-05,6.356083263884423e-07,0.0002738302787153875,0.0006014401466900738,1.0321097348194648e-07,5.811538622128653e-05,0.007758582934531318,0.002232612110755168,1.1760436950151376e-08,0.0011393223535186704,0.036180694710882574,0.00026717890487143665,0.0001476949256995284,8.304823624574991e-05
23,0.0002288632573096967,0.9631544189080631,3.4545185416158055e-07,0.00010402087926950955,0.00133729604762909,3.6628057785403004e-05,0.00012312325673957103,8.415266358788122e-05,2.4013231091020853e-06,0.0003605409420436489,0.003104112264623028,9.666820342431074e-06,6.459865073222888e-07,0.00022210805371745016,0.0005417109692032872,7.194459706958192e-08,3.675434348091012e-05,0.0038575777347467357,0.002049339846254947,8.758070080619323e-09,0.0006360989355081571,0.023719451215070634,0.00018228599233933838,0.00012349695470738524,8.487939344013468e-05
24,0.00011438566696819382,0.9725783860304277,2.609595858060963e-07,0.00013231502952279226,0.0013805415521358497,3.1586444304176694e-05,8.414282424608432e-05,6.088774540675287e-05,1.5449128773390415e-06,0.00040785924729878117,0.0021273588853249017,6.691162568924123e-06,7.010702455936943e-07,0.0002579789020842835,0.00025202346953463766,4.759920069197824e-08,2.0653184756113952e-05,0.0037881784367714503,0.001389387952326681,8.300993511620128e-09,0.0005192003013904766,0.01656160878870646,0.00014104125312986975,8.145920789372911e-05,6.17510722991233e-05
25,0.00040875560202984455,0.9486501143698204,6.313442363313611e-07,0.00022530396267238841,0.001448729311659494,2.8949644165012293e-05,0.00024979151404115,0.00020878631470501655,2.469469178707924e-06,0.000292721107486398,0.008217363767473508,2.4648046031189208e-05,1.1545708431911388e-06,0.00029767803379563036,0.00044915894268506625,7.144805601986265e-08,7.393544667522367e-05,0.007603866876234268,0.002834610834067916,2.175856557955239e-08,0.0010064364914065458,0.027428105194737554,0.00025931610849348947,0.0001979844079611974,8.939543297889762e-05
26,0.0004329193929098764,0.9669769337454238,4.930662106333131e-07,8.779967029513299e-05,0.0009361575373304719,1.4535642547630031e-05,0.00012422826764340247,0.00010707246762902308,1.8732092403452769e-06,0.00023632456511653806,0.002728452639716851,1.0566689455296052e-05,9.924343892129684e-07,0.00010313414932936501,0.00034050769307099636,3.332044265745558e-08,8.725786993019881e-05,0.006252420691426526,0.0009807633378063666,7.720478701481088e-09,0.0003857600323355782,0.019571755371484218,0.00013647010329529148,0.00040503669106567696,7.850369142593349e-05
27,0.00024095397920716478,0.9522588598014973,3.254947734010432e-07,7.93531261317474e-05,0.001059964660273417,4.474073745376342e-05,0.0001209086300645266,0.00010411818782611297,4.3257513643712345e-06,0.0004341145804279558,0.002584784367204918,7.520881342987063e-06,4.357130709651086e-07,0.00016703559258981213,0.0008986287488423573,9.121317758783632e-08,3.614158447626217e-05,0.003071178169014603,0.002637218913266208,9.795974677904759e-09,0.0006489199486185966,0.035215637938927874,0.00015782914470977334,0.0001108495693041619,0.00011605347045963003
28,0.0002288632573096967,0.9631544189080631,3.4545185416158055e-07,0.00010402087926950955,0.00133729604762909,3.6628057785403004e-05,0.00012312325673957103,8.415266358788122e-05,2.4013231091020853e-06,0.0003605409420436489,0.003104112264623028,9.666820342431074e-06,6.459865073222888e-07,0.00022210805371745016,0.0005417109692032872,7.194459706958192e-08,3.675434348091012e-05,0.0038575777347467357,0.002049339846254947,8.758070080619323e-09,0.0006360989355081571,0.023719451215070634,0.00018228599233933838,0.00012349695470738524,8.487939344013468e-05
29,0.0002288632573096967,0.9631544189080631,3.4545185416158055e-07,0.00010402087926950955,0.00133729604762909,3.6628057785403004e-05,0.00012312325673957103,8.415266358788122e-05,2.4013231091020853e-06,0.0003605409420436489,0.003104112264623028,9.666820342431074e-06,6.459865073222888e-07,0.00022210805371745016,0.0005417109692032872,7.194459706958192e-08,3.675434348091012e-05,0.0038575777347467357,0.002049339846254947,8.758070080619323e-09,0.0006360989355081571,0.023719451215070634,0.00018228599233933838,0.00012349695470738524,8.487939344013468e-05
30,0.0002288632573096967,0.9631544189080631,3.4545185416158055e-07,0.00010402087926950955,0.00133729604762909,3.6628057785403004e-05,0.00012312325673957103,8.415266358788122e-05,2.4013231091020853e-06,0.0003605409420436489,0.003104112264623028,9.666820342431074e-06,6.459865073222888e-07,0.00022210805371745016,0.0005417109692032872,7.194459706958192e-08,3.675434348091012e-05,0.0038575777347467357,0.002049339846254947,8.758070080619323e-09,0.0006360989355081571,0.023719451215070634,0.00018228599233933838,0.00012349695470738524,8.487939344013468e-05
31,0.00032328459609355626,0.9410083453562054,2.9345966699318503e-07,8.725656799802065e-05,0.001274700286658614,0.00013172317378047041,0.00022868190713369677,5.996564895430619e-05,3.949502726740921e-06,0.00035285097757663036,0.008258345141365723,1.2283024987881694e-05,4.917358283692186e-07,0.0003041999615106564,0.0017754223472969427,1.7444560450590784e-07,3.2739303444474916e-05,0.004233396227999143,0.003267466681597438,1.1042802420993525e-08,0.0010100441740433408,0.03705353315218359,0.0004004859066500257,8.012044801247606e-05,0.00010023492987874429
32,0.00022820381720016643,0.9607683156323608,3.381426739879253e-07,9.744948584103423e-05,0.0013430302281884222,3.706564842574459e-05,0.00012126603185610432,9.02897771110795e-05,2.7442809493122286e-06,0.00037615723794900757,0.0029934151266248934,9.524965351869703e-06,6.107748082118442e-07,0.00021948258290435573,0.0006105418577064953,7.752834204398743e-08,3.750560931953488e-05,0.0034876130545441336,0.0024756534924695963,8.642172348310626e-09,0.0006691800581574693,0.026059203211342495,0.00017150216802202901,0.0001144404770934767,8.638016858540965e-05
33,0.00021046089507867938,0.9613591220540109,2.860093062034631e-07,9.09810235889799e-05,0.0012983596127838094,3.229604573344828e-05,0.0001039750042765648,7.638465160959013e-05,1.798479263910343e-06,0.0003275780816400738,0.0027091926110332136,9.319539009048736e-06,6.352675003783705e-07,0.00021451093585014695,0.00047141111130788964,6.291319386018945e-08,3.831392370924076e-05,0.0038770746995442085,0.001832420692448627,7.818857385806237e-09,0.0005658443519335185,0.02641661096953348,0.00017963727545761723,0.00011536890711581691,6.834712621328712e-05
34,0.00027468193717884194,0.9645559227610239,4.340520134120944e-07,8.342589530461145e-05,0.0011751609823844968,3.9931568566943676e-05,0.00014744229751906504,9.005315153319894e-05,4.977491294740367e-06,0.0003622466960551237,0.0031150248190974276,8.363216090777876e-06,6.250905250788666e-07,0.00020220194825259084,0.0007400006863449447,7.876521983813e-08,2.9536657267790524e-05,0.002813009984785911,0.0029517579292879202,8.868175761821707e-09,0.0005657065668894804,0.022507220346503314,0.0001185804338619073,0.00011310541221723109,0.00010050244260571497
35,0.0003384395737045244,0.9568000998699829,3.175390851923221e-07,0.00011741809726988542,0.0006288287370354018,1.761780257908021e-05,0.00011199993797095681,0.00018389374854938453,3.921112259663108e-06,0.0005168248586546395,0.0019231488168597382,9.471195859338667e-06,5.654133444654667e-07,9.919376631745754e-05,0.0002572720062793676,3.953123418564358e-08,5.002185113969232e-05,0.006635610552515713,0.0024481944483843708,1.1326989461515244e-08,0.0006208354172438448,0.028867532966833975,6.998210456865165e-05,0.0001562726904685614,0.0001424866348694097
36,0.0003866438621804926,0.9394390249199583,7.88122065568837e-07,8.799687198636823e-05,0.0025895796177367644,1.091131633910396e-05,7.473508221466656e-05,0.00021222609033598344,3.994904403624702e-06,0.0003716888694746004,0.001261386835579047,3.1983568607155855e-05,1.1227892594004562e-06,0.0002628161987120886,0.0007989812414838386,7.360198545309232e-08,0.00016527251767579475,0.001643891900332965,0.005528778735083231,6.163443547655147e-09,0.000629659137091519,0.04604895832110117,9.946324171746753e-05,0.00019183897066048553,0.00015817712057100407
37,0.0008223051064504282,0.9606889034711432,4.943586203439622e-07,7.951322797851581e-05,0.0009032693302001108,2.1474509953762748e-05,0.00018101065622782152,5.835496805407061e-05,1.0914559386757067e-06,0.0001518726465119929,0.0035727282005314194,2.0550987313914914e-05,9.151070009590701e-07,0.0002983525812305183,0.00030501675796877165,5.302439041774572e-08,5.262193343813199e-05,0.007418029220950324,0.0013735041613003665,7.45051632257751e-09,0.00043645620073071536,0.023172451835707767,0.0001699856441169479,0.00019020256535517592,8.083459836939454e-05
38,0.0001623346798251931,0.9689758168189839,3.6057807689579883e-07,0.0001170428570890864,0.0014543944660699573,2.2148755081872928e-05,8.24111876776335e-05,9.513672914576534e-05,2.301176558496859e-06,0.0003552450193218217,0.002227278460743236,8.55753869126842e-06,6.852111235552355e-07,0.0001915387108236258,0.00036889266464457273,4.306604290624022e-08,3.829921257996792e-05,0.0032489048758825427,0.001764077235224819,7.660394446499414e-09,0.0005334605365757253,0.020020370547341085,0.0001221744559711762,0.00012536102275565643,8.31565333747204e-05
39,0.00047828818426560814,0.9112024814658293,7.967423039589435e-07,0.000310902352949785,0.004005541390146191,0.00013959934791460044,0.0002217988375244973,0.0003374453161845075,5.970082200755795e-06,0.0011585889969424996,0.007075411193948438,3.785128855275344e-05,7.160510252737233e-07,0.0004956672355887127,0.001245699495601098,4.4163172561672154e-07,8.667198102733138e-05,0.008700511905847176,0.008044468990601426,2.7183100222915502e-08,0.003722932532819657,0.05177462468706887,0.000545520157011383,0.00017373344676649457,0.00023430950305388027
40,0.0004780171764309571,0.9307151482127478,3.327806524774853e-07,3.554313031415221e-05,0.0008279053375889892,3.666329640435953e-05,0.00011495676654207544,4.5333907909828815e-05,1.913726129005971e-06,0.00015344001704141027,0.0032299008247932007,1.52700510906102e-05,3.850304502203354e-07,0.0002752351415731937,0.0006721535774711782,5.8487227688323314e-08,3.768980669116453e-05,0.004215718353071952,0.002043350297893782,5.605590773254029e-09,0.000521814043406093,0.05630608659054272,0.00012558484840859805,7.606524840817542e-05,7.142774161940241e-05
41,0.0001949393926180889,0.9668581118899827,3.9714992010536095e-07,9.798016992060301e-05,0.001546771499520849,3.9444636898622455e-05,0.000113139655718712,8.204871947507839e-05,3.2356852490656306e-06,0.00039622304561081706,0.002771717060809256,8.021729860161732e-06,6.349099672971898e-07,0.00021871652233027724,0.0006139064713380751,7.372844596274926e-08,3.072102577928055e-05,0.002952759291094953,0.0021381180579537356,8.078029663117817e-09,0.000595792161019306,0.02098129685024527,0.00014913892336752363,0.0001204335079834789,8.636983686096453e-05
42,0.00026945037540012756,0.9021126861757616,2.5700716033087343e-07,7.116087982076398e-05,0.0012150978765281216,3.383408095997042e-05,0.00011768505475572485,0.00023704947733406713,3.639601804432639e-06,0.0005307400235155753,0.002738510993067163,1.12354380527175e-05,2.860022669215914e-07,0.00014672214608061522,0.0014317094797168931,1.686513727730297e-07,8.273387569874286e-05,0.002561339740917104,0.006871401659570325,1.0794692951527896e-08,0.0013988985938609322,0.07975667624095106,0.00020738925411382201,0.00010523243410178693,9.608414249536301e-05
43,0.0001167623942826472,0.9297983407458261,1.7681937279679483e-07,0.000125498923834989,0.0024309487336211986,9.559917952297109e-05,8.067910020137853e-05,0.00017830029560449503,3.531946891320191e-06,0.0015569864869335928,0.002406257981799784,6.44598569838152e-06,2.9131701442949664e-07,0.00016707830901283824,0.0009301103248846658,2.1412489806644547e-07,4.295726542022538e-05,0.004103752444283255,0.0045178995324569515,9.376932794006953e-09,0.0021150786509988185,0.0508688395716541,0.0002697369358369857,9.701147626888747e-05,8.749207674811017e-05
44,0.0002288632573096967,0.9631544189080631,3.4545185416158055e-07,0.00010402087926950955,0.00133729604762909,3.6628057785403004e-05,0.00012312325673957103,8.415266358788122e-05,2.4013231091020853e-06,0.0003605409420436489,0.003104112264623028,9.666820342431074e-06,6.459865073222888e-07,0.00022210805371745016,0.0005417109692032872,7.194459706958192e-08,3.675434348091012e-05,0.0038575777347467357,0.002049339846254947,8.758070080619323e-09,0.0006360989355081571,0.023719451215070634,0.00018228599233933838,0.00012349695470738524,8.487939344013468e-05
45,0.0002957064224276222,0.95658409859712,6.530964601274094e-07,8.8069422161577e-05,0.0021673769706647217,3.874487441118106e-05,0.00019321368377707567,0.00015316992394457353,5.655037319988288e-06,0.0003883072242213749,0.003721255746291043,1.1682647285202703e-05,1.0611476098500752e-06,0.00022810890142571479,0.0011858862282797748,1.1223388535520784e-07,5.077445473598724e-05,0.002007595052226372,0.003940014403432511,1.0719521267950496e-08,0.0005113908350455269,0.02798749921372006,0.0001695411866756211,0.00019394969832109784,7.612227903661246e-05
46,0.0004899059067709237,0.9347317098693292,3.2748945277842937e-07,0.00010614828009107047,0.0012349342342185545,6.921267183086862e-06,6.159855385586548e-05,0.00024250373779820773,8.908983536471245e-07,0.00022060910965734606,0.0023788986858882828,2.5626762481991528e-05,8.957430060852593e-07,8.831631635915479e-05,0.0004495211354887222,3.420703450698406e-08,0.0004794152488293844,0.006392514081224997,0.0015842179959803567,7.687645149880722e-09,0.0007626668866007857,0.04996204294201848,0.0002285510845034197,0.00046096675966317876,9.077511656484245e-05
47,0.00025734103680471787,0.9609205794698261,3.427035062182399e-07,9.806498291700984e-05,0.0012537488827947703,3.5907355471356154e-05,0.00012512519696351567,8.39643523343903e-05,2.297122340101412e-06,0.0003459970502118805,0.0031100005983490664,1.0556247896122214e-05,6.382832036596483e-07,0.00021835511761767934,0.0005439369297702614,7.320787938520944e-08,3.956401704200418e-05,0.004090194629147128,0.0020511821152938876,8.835182711385358e-09,0.0006382409218322163,0.025779988382202385,0.00018250030941596073,0.00012523399862449761,8.615825337268542e-05
48,0.0006103037616470563,0.8844217039841121,5.647744943500314e-06,0.000728077215812468,0.007771169271282427,0.0014187270773431074,0.0005124104506160841,6.3334532571838e-05,2.576158049129408e-05,0.000601494320719749,0.05953400650700307,6.121427732996512e-05,1.482559607691577e-06,0.0018959962607332068,0.0011305139863709579,2.7025100183243773e-07,9.634624507847025e-06,0.02572049966505847,0.0015158953364733491,4.95912057237467e-08,0.002602688982842808,0.010246677736068658,0.0005150165290845624,0.00015658135792657242,0.0004508423952454612
49,0.0002854190011486383,0.9387647935197904,5.016011826297701e-07,0.00012005787921088225,0.002115077899951629,6.703296171987853e-05,0.0001269753193136402,9.957038648507861e-05,2.7270733118745776e-06,0.00039570878071045043,0.004913007854778999,2.1980543310248163e-05,8.576412713735735e-07,0.00034730832615302674,0.0006215542507728278,9.707189621204787e-08,5.026059389578179e-05,0.006269376030287848,0.002292704186876021,1.342582502956468e-08,0.0008692353827736644,0.04219152414659806,0.00024340946442623178,0.0001185804514746001,8.222620683478684e-05
50,0.0001532217775828648,0.9681964340342589,2.4898896966297536e-07,8.163714279275665e-05,0.0009760587374029905,3.6875892846682156e-05,0.00018312872619316882,7.40090164758258e-05,3.4536814747978953e-06,0.0007334111434842375,0.001200677959517503,3.545043982787225e-06,5.219645554019409e-07,0.0002642744004876945,0.0004202503016964169,1.2406027708458086e-07,1.1853065180227851e-05,0.0016915881463208447,0.0037443901019991507,7.745529500352974e-09,0.0004269567891382972,0.021555852429918337,0.00010329521232110198,6.508067937022104e-05,7.310295822343226e-05
51,0.0006046569760358271,0.9509687194253216,7.854621962146903e-07,4.807712765511024e-05,0.005428667250016613,9.341653096116051e-05,0.0001016111482403628,7.826207782297975e-05,8.052281659258876e-06,0.0003757133667140758,0.0024225947287625595,1.5169354353550937e-05,7.992670732286855e-07,0.0002542404242275355,0.007856036963823787,7.59799585997227e-07,0.00011224793295959865,0.0005541248670008162,0.008147604392676096,5.40049560199238e-09,0.0005321465747636269,0.02135128556026371,0.0005319223388512986,0.00023934638892139605,0.000273754359618219
52,0.0003847123846435834,0.9005906455653304,2.2748858555489124e-07,0.00010401803791723412,0.0006408822350074635,0.0005759003873986136,0.000342893635082756,2.88416633385893e-05,2.6985371835333186e-06,0.0004547068742002834,0.015237334664838249,8.859447380284844e-06,8.107813827698005e-07,0.0002783914580530088,0.00048226323373739844,1.2863999158048779e-07,1.2414164725234289e-05,0.043285677886764226,0.0005784760245500781,3.0900184413672215e-08,0.000699612590067169,0.03562426945799585,0.0005204158544543223,9.787832362505194e-05,4.790976356223139e-05
53,0.0004008828185401622,0.9614646081588194,3.487411718718867e-07,0.00010597066475746406,0.0004510348059651636,7.345379520159812e-05,0.0005582809198262653,6.476104094329492e-05,3.6916510786605747e-06,0.0003050560336136174,0.007552649033758999,6.19294945658585e-06,6.52118274365393e-07,0.00019625548913559606,0.0011666123555062746,1.5466642945685205e-07,2.375727948490617e-05,0.005162814948422646,0.0016792559839828582,2.065915158938284e-08,0.0005707877614240452,0.019487982938324554,0.00045069822386266595,0.000160406981926184,0.00011366998094198764
54,0.00023889817592369708,0.9739926335729162,2.6193604763007206e-07,6.566017567106175e-05,0.0005686486852057191,3.433896545006214e-05,0.00016314630746101398,3.432519354683992e-05,2.1088200556289627e-06,0.00033327989168194233,0.0014689786883572281,5.941214072281038e-06,4.89048101686674e-07,0.000273819797301523,0.0005092162610438946,9.680180009020951e-08,1.3955327409012136e-05,0.0021102650080152725,0.0016128127758089335,7.376907514391096e-09,0.0003740001096004914,0.017874784414438433,0.00014233989035380664,6.473409063738817e-05,0.0001152574721925069
55,0.00022291646908427607,0.9626429387470359,3.346970283473182e-07,0.0001035083491866477,0.0013700270104551177,3.740531259587056e-05,0.0001221416963463883,8.423364379219718e-05,2.3359528184483175e-06,0.00036682358011883416,0.0030835671812609543,9.413129523779295e-06,6.246784081617664e-07,0.0002246518619450048,0.0005593891525549756,7.489543394766675e-08,3.689220834473913e-05,0.0037767955452805944,0.0020885893864354835,8.59662893057058e-09,0.0006548014842780549,0.024216304054683977,0.00019078415265546265,0.00012203403265661319,8.340418144730087e-05
56,0.00021512475409300546,0.9655184213854343,3.4677581691005194e-07,9.800754857841789e-05,0.0012845774352901098,3.371006500654298e-05,0.00011805166326375703,7.903774174109847e-05,2.3669241185869745e-06,0.00033855458554777235,0.0029772963184682257,9.15021473302346e-06,7.279175787231699e-07,0.0002110582892634548,0.0004987323677133959,6.371471008510669e-08,3.586026290497008e-05,0.003703693687795848,0.0018596079812919241,8.781843290856367e-09,0.0005527048006240875,0.022098112621077966,0.000163945068738733,0.00012553458093217786,7.53045134335144e-05
57,0.00022937271106676212,0.933898336082415,7.224833725806304e-07,0.00011345920011432076,0.0035233292496995787,2.945719962162656e-05,6.829500363752149e-05,0.00021392251153631387,4.854408777861418e-06,0.0006041560744926223,0.0023004777071205726,2.696662883217065e-05,9.005046516505876e-07,0.0002848826898647412,0.000656360702662081,9.316923311985814e-08,9.603434461914367e-05,0.002788024495554651,0.005385620521067898,9.53450624841297e-09,0.0010542172396018053,0.048385845005171,0.00010237469343504402,0.00012815147927757486,0.00010413635966798689
58,0.0002213848606164046,0.9655799766759409,3.340560377253223e-07,9.266501543799198e-05,0.001236694691635978,2.786152332710294e-05,0.00011323279805343928,8.297084116377343e-05,2.0366574828053907e-06,0.00032903993993358007,0.0027516958525558542,8.812441632799419e-06,6.729875742925132e-07,0.00018146886769976922,0.000493863001463575,5.941860320962615e-08,4.293774571754012e-05,0.0037870104810341,0.0016842501385200643,7.729472714720362e-09,0.0005621242028951707,0.022400315458540862,0.00017229030345958926,0.00015276912096425882,7.55251902363029e-05
59,0.0002461384479695005,0.9663219969841556,4.26765142316309e-07,0.00010147535932985714,0.0013490645215684706,2.715060059160556e-05,0.00012161107546804613,9.072928720594061e-05,2.188220482842783e-06,0.00032760539912077817,0.00292944169408357,9.82996802142739e-06,7.448555512935434e-07,0.00018808857295383736,0.0004900421460344762,6.059891843985765e-08,4.675555695687472e-05,0.004119987261136678,0.0015946828139976354,8.416493925537909e-09,0.0005812735467627099,0.021009776149637914,0.000171316850888494,0.0001873858340001942,8.221907352785014e-05
60,0.0002288632573096967,0.9631544189080631,3.4545185416158055e-07,0.00010402087926950955,0.00133729604762909,3.6628057785403004e-05,0.00012312325673957103,8.415266358788122e-05,2.4013231091020853e-06,0.0003605409420436489,0.003104112264623028,9.666820342431074e-06,6.459865073222888e-07,0.00022210805371745016,0.0005417109692032872,7.194459706958192e-08,3.675434348091012e-05,0.0038575777347467357,0.002049339846254947,8.758070080619323e-09,0.0006360989355081571,0.023719451215070634,0.00018228599233933838,0.00012349695470738524,8.487939344013468e-05
61,0.00023502287753020008,0.9661950263586944,4.466191549515582e-07,9.862245997452751e-05,0.0014168546873495115,2.8740046293012588e-05,0.00011612879837168882,8.562285198910953e-05,2.38496516779939e-06,0.00031172953907042107,0.003114228454051833,1.0444701459093026e-05,7.368428524570221e-07,0.00020356853051360066,0.0005051006876232907,5.930825506762229e-08,4.326388165462417e-05,0.003774590479605808,0.001725662540106475,8.368098477835349e-09,0.0005778855404924324,0.02115662405151546,0.0001559850870038602,0.00015973582447194697,8.152649870000552e-05
62,0.0002288632573096967,0.9631544189080631,3.4545185416158055e-07,0.00010402087926950955,0.00133729604762909,3.6628057785403004e-05,0.00012312325673957103,8.415266358788122e-05,2.4013231091020853e-06,0.0003605409420436489,0.003104112264623028,9.666820342431074e-06,6.459865073222888e-07,0.00022210805371745016,0.0005417109692032872,7.194459706958192e-08,3.675434348091012e-05,0.0038575777347467357,0.002049339846254947,8.758070080619323e-09,0.0006360989355081571,0.023719451215070634,0.00018228599233933838,0.00012349695470738524,8.487939344013468e-05
63,0.00020278998643266527,0.9674674242657388,2.9309029160859114e-07,8.48775174389392e-05,0.001046256757768173,2.9390303108510003e-05,0.00010971595541005966,7.103686524404982e-05,2.153623045907608e-06,0.00030863443699695296,0.0027026415888488594,7.561286600055909e-06,6.016210042534908e-07,0.00017781553732790665,0.0004819474569769719,5.568317471350057e-08,3.2769288390560304e-05,0.0034171220254418846,0.0016947942428003316,7.73688139422029e-09,0.0005082883740461446,0.02131678929438384,0.00014705615484853786,0.00011670835742330988,7.32685503753186e-05
64,0.0002329599217150402,0.9586443393940571,3.287470280965876e-07,0.00011277206889994433,0.0014354683624352405,3.831583433071232e-05,0.00011938656654400576,9.900669043381328e-05,2.2878074321878924e-06,0.00040404167141540673,0.00352376716284677,1.0866976330980244e-05,5.181268128196491e-07,0.000219467966139378,0.0006179128988002291,8.323829868878091e-08,4.4078791247411626e-05,0.004406412374127439,0.00240034600836926,8.487013345421784e-09,0.0010198086830297138,0.026238619976228752,0.0002067428485038372,0.00012825547502143465,9.420392293826854e-05
65,0.00022085561545750798,0.9667100323581895,3.30244521907201e-07,9.163966049417079e-05,0.0011227053167201647,2.9334052225381667e-05,0.00012196085322984115,8.22388154686586e-05,2.473944057540929e-06,0.00032318612682737536,0.0028164076568322764,8.037526807304634e-06,6.302237213263448e-07,0.00018378682307871214,0.000530589669911003,6.071662135273475e-08,3.539643613604723e-05,0.003298504564426912,0.0019111280133508337,8.125704159606408e-09,0.0005274228780670222,0.02161957798085975,0.00015463508072850746,0.00012863271939229915,8.042459717030243e-05
66,0.0002462583358860705,0.9542107132627891,6.604857168400614e-07,0.0001729852522643149,0.0022320195955505317,8.526142861237339e-05,0.00020976846035215146,0.0001542405517608674,8.059173860594822e-06,0.0010635134970656932,0.0030834389984725676,1.4222422627337485e-05,1.2173691834169241e-06,0.0004167063042134743,0.0005214327818332507,2.1787516271920418e-07,2.32619828074345e-05,0.0032632276910966075,0.00632227803812942,2.2210776210201643e-08,0.0007856075607822161,0.026862671457215007,0.00013067622663853325,8.252815767576323e-05,0.0001090108795274439
67,0.0003866067803469558,0.9452201068215969,5.515246535006147e-07,0.00019837387096940522,0.0019002863927167954,0.0001620387738352664,0.00028499706253366504,4.868786175994942e-05,1.650692160699005e-06,0.00035134181410376885,0.007453620128658013,2.5384811264281684e-05,1.0274117795578071e-06,0.0008668268566013568,0.001073907013088743,2.9896926060761697e-07,3.713159868607182e-05,0.008385062678141677,0.0016929267455120399,2.332021457604796e-08,0.0011413101725524946,0.02928962560962939,0.0012076400996305727,0.00011675389617413028,0.0001538190941295431
68,0.00024934545174565894,0.960664697590145,3.201294787860946e-07,0.00010833966109139297,0.0012199677332481492,4.094884572177651e-05,0.00012750135181010958,7.997286517810845e-05,2.135296460366807e-06,0.000347825450404136,0.003552930694847797,1.0442263609221578e-05,6.185295937760871e-07,0.00021758651821308418,0.0005413973581623315,7.339806212767942e-08,3.909822162885654e-05,0.004838018415330288,0.0018302129506428532,9.464971281350976e-09,0.0006963872445610168,0.0249998355539626,0.00021708142464006233,0.0001262543575862069,8.899922890492562e-05
69,0.00022366843854368116,0.9684950230045708,3.9709567816900877e-07,0.0001325758438237203,0.0011910559511968738,2.928200665765552e-05,0.00012858459423665473,0.00010452962822525457,2.653704193131708e-06,0.0004174786776493239,0.0027774553855492495,8.934737180113825e-06,6.903660497318359e-07,0.00018524842883318576,0.0004928017639404859,7.266052559709472e-08,4.0545296577090264e-05,0.003949537360526993,0.0019603605873999086,1.0839583732991736e-08,0.0006735711028030483,0.01874429967227812,0.00017251184677921324,0.00015654001027259396,0.00011217099692592005
70,0.0005762322042094478,0.9512537602822336,1.4812761475847048e-06,0.00016631349864536173,0.002187825264177714,0.00013759770848580105,0.00022531576256632591,2.639141776165997e-05,2.651059157565947e-06,0.00028305874817214873,0.00454627400085079,4.440789569852976e-05,1.2744931650440386e-06,0.0019939765635990634,0.000504590590155441,1.7140974498437079e-07,2.0431229932471556e-05,0.0077295394007677164,0.001314086244029254,1.6305990070330324e-08,0.0008005593287928442,0.02754886849543342,0.00033553685320810903,7.41278968842416e-05,0.00022551207019060754
71,0.0016868757804296833,0.9103293070676889,5.272692553230598e-07,0.00024764437643044995,0.0005936955592335211,4.775670465908673e-05,0.0009047626837259199,0.00025421185181344027,1.9853058228121297e-06,0.0002717092911688368,0.015054365369422338,3.743928622498886e-05,1.0715052688295117e-06,0.0002841842099583058,0.0009957541628034623,2.3531685909716813e-07,0.00014268182985022613,0.02140329232841615,0.0032262504231965273,4.384917858965527e-08,0.0017892161870673843,0.04103327839741117,0.0011035697956402262,0.0004129051309073698,0.00017723631756742973
