,0,1,2,3,4,5,6,7,8,9,10,11,12,13,14,15,16,17,18,19,20,21,22,23,24
0,3.632241424432891e-05,4.4414493499777907e-05,0.0003267756694777335,1.930336100439457e-06,2.783537830833278e-06,0.0015932617883230062,3.0174376608346013e-05,0.0008471480727286521,0.06695725314910492,5.840345410318426e-06,1.4036217677596354e-05,2.3329049078433588e-05,5.8773234504623375e-06,3.3683584078758704e-08,0.0010235157833201947,0.22250205748093363,1.868356290182618e-06,7.94005625417346e-06,0.7058504742545009,6.823763894582921e-07,5.7326471306509654e-05,0.0004053061445686333,1.693947170823323e-08,0.0002613780437655518,2.5363608009975026e-07
1,0.00021424265323206638,0.0009895394703104538,0.0004921164693568935,0.00051513469455949,0.0002330355172428709,0.0036337797984124574,0.0016100330564990145,0.018575184822211616,0.043273739750436226,3.698224408752311e-05,0.01472971408845744,0.002869497935965853,5.8985818526500775e-05,0.0001744977983399619,0.009233047275561233,0.030221887393759004,0.0034885525559167165,0.0005831566162073827,0.6265530996397796,1.8447520475315686e-05,0.0019807542959910203,0.23851510714055543,7.856804581643804e-05,0.001814389838464605,0.00010650555983477614
2,5.782677476676723e-05,8.553018361277498e-05,0.00048508687627187735,3.352965768714068e-06,3.534757810861549e-06,0.0015828931935694447,5.881628615656679e-05,0.0010848623923384872,0.06906962223627043,1.3030636154860139e-05,1.4704920384119337e-05,3.739941420572086e-05,6.370843362988542e-06,5.741783239615846e-08,0.001353838214246018,0.21032122615839585,2.0873387717909408e-06,1.1335816009523999e-05,0.7148905672066477,1.0046445342536735e-06,6.565640870487861e-05,0.0005490822854346628,3.02778058736545e-08,0.0003015664049085499,5.163460350178606e-07
3,5.1032084590450396e-05,7.636507598709227e-05,0.0005090153351033509,4.130257920710651e-06,2.430906635679741e-06,0.001620572098635415,5.281804019077678e-05,0.0010663272507694724,0.06462572645437874,1.3480720846276338e-05,1.4321045550629323e-05,4.128845230648142e-05,6.116826275156855e-06,5.430206134479117e-08,0.001007430402792266,0.2045628649003683,2.000286724452282e-06,1.1896059539944051e-05,0.72531857073076,8.377799548417832e-07,7.77689443426356e-05,0.0005923692395384535,3.05091857002913e-08,0.00034212092485987007,4.3137068187291135e-07
4,5.238287964776077e-05,7.748448570415371e-05,0.0005067128579314272,4.376311288637702e-06,2.540620766229021e-06,0.0016398786454088253,5.345551909886081e-05,0.0010160953094478652,0.06730007483904178,1.336958574302675e-05,1.4713286825693372e-05,4.567077226762292e-05,7.30553282084157e-06,5.727732660295541e-08,0.0009939765781637486,0.2001605638491831,2.2457661279923035e-06,1.2386122573416169e-05,0.7270129659299068,8.938518009794489e-07,8.337992004471025e-05,0.0006302432272811586,3.3135806144088084e-08,0.0003687317911339365,4.61904658579416e-07
5,5.814718339689826e-05,7.733455415041791e-05,0.0005464589594467045,5.3026434283948675e-06,2.270395195520144e-06,0.0017424340201439253,5.324628803044815e-05,0.0010742425042443201,0.0687347481449816,1.5501839345446146e-05,1.5249133467159612e-05,4.821623827866625e-05,7.265907848806291e-06,6.218658941656071e-08,0.0009720956273822945,0.20898719931643994,2.4307052815679803e-06,1.630179490012721e-05,0.7164178667950014,9.404358183391341e-07,8.814388242626269e-05,0.0007227533453200608,3.4165126586248135e-08,0.00041126037367636713,4.935600792944386e-07
6,5.1032084590450396e-05,7.636507598709227e-05,0.0005090153351033509,4.130257920710651e-06,2.430906635679741e-06,0.001620572098635415,5.281804019077678e-05,0.0010663272507694724,0.06462572645437874,1.3480720846276338e-05,1.4321045550629323e-05,4.128845230648142e-05,6.116826275156855e-06,5.430206134479117e-08,0.001007430402792266,0.2045628649003683,2.000286724452282e-06,1.1896059539944051e-05,0.72531857073076,8.377799548417832e-07,7.77689443426356e-05,0.0005923692395384535,3.05091857002913e-08,0.00034212092485987007,4.3137068187291135e-07
7,6.143432921261411e-05,7.709840632533022e-05,0.0005777832906672372,3.6781250733152443e-06,2.335281089690012e-06,0.0016356417688285039,4.982324137488931e-05,0.0009492521150080441,0.05967249945426656,1.404889396652539e-05,1.2699994280854481e-05,3.567083898802341e-05,5.934481712081409e-06,4.468128650671803e-08,0.0007724961969983846,0.17103288338405762,1.6716153258306492e-06,1.1183944589005167e-05,0.7641885661036877,7.641562954310942e-07,6.55401314033534e-05,0.000437754497918119,3.1889707782185024e-08,0.00039077506764998533,3.88110286345127e-07
8,7.715756005359357e-05,0.00012710631632144025,0.0009348335050631967,6.699461832318734e-06,2.8428329403320714e-06,0.0017946513966037101,8.173832219382514e-05,0.001208364612225941,0.06338866954010067,2.2765246918276695e-05,1.456128760548151e-05,5.2134973707138064e-05,6.2763679131232955e-06,6.580598210111759e-08,0.000753270318390857,0.19158794246900365,1.5004911164542683e-06,1.0420472439739441e-05,0.7389498485495308,1.0264516378275987e-06,7.307696330753962e-05,0.0004065436472409957,5.767491727842697e-08,0.0004979364086580421,5.093242954386712e-07
9,6.140815102586859e-05,0.00011141714269537115,0.00100002298577225,8.220450889853038e-06,2.3020651193637597e-06,0.0018861030061374507,8.356356007183697e-05,0.0011431748299709857,0.07710139839323013,2.508252806633703e-05,1.3002973240230355e-05,6.799522378754019e-05,7.920793397596333e-06,6.332756764906061e-08,0.0008946517746116363,0.250838586318832,1.6872539700157864e-06,1.2720996331577096e-05,0.665581533150933,1.1722270815837093e-06,0.00012031736579782387,0.0005405243583260377,4.825325299852146e-08,0.0004965043438322648,5.785260585400491e-07
10,5.1032084590450396e-05,7.636507598709227e-05,0.0005090153351033509,4.130257920710651e-06,2.430906635679741e-06,0.001620572098635415,5.281804019077678e-05,0.0010663272507694724,0.06462572645437874,1.3480720846276338e-05,1.4321045550629323e-05,4.128845230648142e-05,6.116826275156855e-06,5.430206134479117e-08,0.001007430402792266,0.2045628649003683,2.000286724452282e-06,1.1896059539944051e-05,0.72531857073076,8.377799548417832e-07,7.77689443426356e-05,0.0005923692395384535,3.05091857002913e-08,0.00034212092485987007,4.3137068187291135e-07
11,5.233305717824143e-05,7.672599849058456e-05,0.0005172725723146069,4.2601276770683695e-06,2.53775916339636e-06,0.0016446209934974376,5.348242269510266e-05,0.0010475315810348014,0.06546620572317317,1.3692991097137621e-05,1.4456918686106162e-05,4.324764032193505e-05,6.927305990355459e-06,5.553651012041557e-08,0.000980994968633813,0.20460049899070956,2.1350745985150825e-06,1.2151343032908044e-05,0.7244200730471219,8.966825123837163e-07,8.074260714088983e-05,0.0005948486659000591,3.25063882097742e-08,0.0003638307081872153,4.447779445035492e-07
12,8.516610877881578e-05,0.00016075084306767592,0.00034939681231527307,5.852820682773869e-06,5.0125316582704705e-06,0.002791960647100515,4.99269093529437e-05,0.0007605299230908421,0.09115713158373062,2.747557163234644e-05,1.4139661553737172e-05,3.48399325842859e-05,1.0291654310854642e-05,1.7141976921102554e-07,0.001059207442775138,0.17528171172277054,6.727642781900391e-06,3.235539901249357e-05,0.7267532745115272,1.8567239019395697e-06,9.865322637182059e-05,0.0009662583013106766,4.842321158042476e-08,0.00034617313452971063,1.0870521789880829e-06
13,4.2033029349849335e-05,8.52001558134574e-05,0.0005029639642178584,6.479067268797276e-06,3.1023075015632014e-06,0.001455147070895649,7.108256622027986e-05,0.001804549754813353,0.06428759159337447,1.1234133057658763e-05,3.175700753579134e-05,7.12793515401122e-05,6.44528174404164e-06,1.0078849202691413e-07,0.0012834494917834678,0.2122331095592516,2.6051349151882374e-06,1.1984640173420938e-05,0.7166062792771849,9.211031515008197e-07,0.00010131367136415074,0.0009990976839478567,5.5104721255673815e-08,0.00038175213121498984,4.661304666708058e-07
14,5.16756145539028e-05,0.00014967425401322214,0.00026035272404024057,2.947855404858305e-06,4.539947887166152e-06,0.0014517334350463641,6.857886110572253e-05,0.0008822288460007743,0.03461270989281786,1.978110420196643e-05,1.99602798490214e-05,2.2429555508486082e-05,2.870733779145929e-06,9.269778749935035e-08,0.0007232637872593805,0.13017975966401224,1.8027876810634974e-06,8.45876157863266e-06,0.8307957624249463,8.279943200376098e-07,4.269080756616341e-05,0.0003927110940803183,4.5091400175378666e-08,0.00030471148705369863,3.902981058311196e-07
15,5.1032084590450396e-05,7.636507598709227e-05,0.0005090153351033509,4.130257920710651e-06,2.430906635679741e-06,0.001620572098635415,5.281804019077678e-05,0.0010663272507694724,0.06462572645437874,1.3480720846276338e-05,1.4321045550629323e-05,4.128845230648142e-05,6.116826275156855e-06,5.430206134479117e-08,0.001007430402792266,0.2045628649003683,2.000286724452282e-06,1.1896059539944051e-05,0.72531857073076,8.377799548417832e-07,7.77689443426356e-05,0.0005923692395384535,3.05091857002913e-08,0.00034212092485987007,4.3137068187291135e-07
16,4.4078967681227467e-05,7.706322472228039e-05,0.0004892551813562795,4.596402540506429e-06,2.1957706540341776e-06,0.001350430578709589,7.324723831827508e-05,0.0012358691190294062,0.056546342100082574,1.9715151427947404e-05,1.3786954064627543e-05,5.7246992188132984e-05,6.1754271098211546e-06,6.592834080395041e-08,0.001148185721122347,0.21457226569701068,2.1986226597285717e-06,1.3719943572043906e-05,0.7230260474718239,8.806230407791053e-07,0.00011451496216757764,0.0008991349352313833,3.5924045070960366e-08,0.00030240435262865136,5.427104723166283e-07
17,4.4042119822619955e-05,8.32345363960589e-05,0.0004503850014106127,6.410721578342315e-06,3.1867816429955045e-06,0.001517063525730807,6.975148354309767e-05,0.0015379118939120957,0.060264229355375454,1.6917750474414374e-05,2.1640332698469387e-05,6.515059316770294e-05,9.537759517108361e-06,1.0144877282460807e-07,0.0011333266070124974,0.22142943758626266,3.86316239580362e-06,1.4940527877090212e-05,0.71171753785578,1.395420635052215e-06,0.00010790657388146503,0.001110522385706942,5.89103654875324e-08,0.00039086650492143834,5.81161119011765e-07
18,5.910452519301934e-05,8.562332813444997e-05,0.0004874811308222626,4.6523466332472985e-06,2.8335236372304253e-06,0.0015996917400482456,6.607147577357682e-05,0.0010325125386162195,0.06864750535457878,2.040962339804208e-05,1.3876748471397415e-05,5.143298905798277e-05,8.568502934612568e-06,7.329120355332307e-08,0.0011821194701019965,0.18591834880839703,3.2359599511817683e-06,1.905715023109171e-05,0.7393993636966852,1.1761190885270642e-06,0.00010245053495355285,0.0009399946826662496,3.9928909508826774e-08,0.00035367128618478676,7.052443282302407e-07
19,4.8702279545903064e-05,8.820925505002228e-05,0.0006662207848141824,6.09961604902163e-06,2.5911534001349194e-06,0.001419210628636797,9.100722434747532e-05,0.0012864907322038413,0.0767791788020232,1.714986050300016e-05,1.5182272296147137e-05,7.641822536264983e-05,7.979453709574166e-06,6.421036399458751e-08,0.0012445508829933935,0.2448363008847456,2.066148542209723e-06,1.2383775860676718e-05,0.6721101797486094,9.235581330718298e-07,0.00011712518179999368,0.0008190348453958045,3.9567199576648146e-08,0.0003523003050138252,5.906034003779681e-07
20,4.170634708941733e-05,6.725445212662098e-05,0.0005278740001040434,4.8962062983053406e-06,2.2204728527099842e-06,0.0013711483579026175,6.559984532247262e-05,0.0017246640176447438,0.05891117993274443,1.3716168387721285e-05,1.8620727183621327e-05,5.572036668439604e-05,5.401134952300949e-06,6.554987663813138e-08,0.0015675213556976659,0.24370220231738005,2.194183969394151e-06,1.3413639893123469e-05,0.6905553225467946,8.07754405048176e-07,9.781785202809786e-05,0.0009793651194697419,3.2641285571469183e-08,0.00027076538320433725,4.896267022266418e-07
21,4.963228721344495e-05,7.744747084222105e-05,0.0005569097747912332,5.273194059388695e-06,2.4478577353661097e-06,0.001755969155278658,6.280509768503807e-05,0.0011310927689947205,0.07358875867043978,1.5283960575731674e-05,1.4398682785350738e-05,5.113668336460521e-05,6.944713259956174e-06,6.54983685309291e-08,0.0009528166257710486,0.2814377303195501,1.7134947653399081e-06,1.2342887997444382e-05,0.6392279647216739,8.988147346577257e-07,8.746760111594276e-05,0.0005741738324025093,3.0691458584431e-08,0.0003862676723479078,4.27522788477975e-07
22,6.471791725909882e-05,6.410802908023948e-05,0.0004964338270157957,3.867143760194089e-06,2.498644979477086e-06,0.001868248753092795,4.07025566979537e-05,0.0010414740423171159,0.062417408188722316,1.339569071554454e-05,1.7030161375030493e-05,3.0072420849326016e-05,5.920228178225469e-06,5.020700330971762e-08,0.0010451273515261828,0.1939661159243528,2.874792180982238e-06,1.9181219176572367e-05,0.7377143174398758,8.65546038699258e-07,7.194717475821211e-05,0.0007233707091564722,2.917475445751875e-08,0.0003897944568883252,4.4840024520551847e-07
23,5.1032084590450396e-05,7.636507598709227e-05,0.0005090153351033509,4.130257920710651e-06,2.430906635679741e-06,0.001620572098635415,5.281804019077678e-05,0.0010663272507694724,0.06462572645437874,1.3480720846276338e-05,1.4321045550629323e-05,4.128845230648142e-05,6.116826275156855e-06,5.430206134479117e-08,0.001007430402792266,0.2045628649003683,2.000286724452282e-06,1.1896059539944051e-05,0.72531857073076,8.377799548417832e-07,7.77689443426356e-05,0.0005923692395384535,3.05091857002913e-08,0.00034212092485987007,4.3137068187291135e-07
24,5.3204270558466494e-05,8.829988348927309e-05,0.0004672874165761789,4.815510465132254e-06,2.525474281707525e-06,0.001701196917102762,5.194818219624972e-05,0.0010681719375457259,0.058940596071128414,1.5676563534514145e-05,1.5006197633576557e-05,4.1454546925288885e-05,6.519659301248295e-06,6.973259031192025e-08,0.0008504968213292113,0.20475028353570252,2.217219265094413e-06,1.2374301713885247e-05,0.7308827887222814,9.84253572086924e-07,7.142575696761653e-05,0.0005888382352236354,3.634568349636592e-08,0.0003833538425386769,4.2860239359480915e-07
25,3.724553354283781e-05,7.2314350448708e-05,0.0004604993859632948,6.339020977112843e-06,3.089582841222991e-06,0.0015876464313652463,6.761699961658558e-05,0.002369449083346332,0.05072417133803124,1.19974824641151e-05,3.2179509917849696e-05,5.0730650891982264e-05,4.897392277776242e-06,1.0210538735599355e-07,0.0010646837029836926,0.2629872223907006,2.328005195959645e-06,1.0952056705670622e-05,0.6792798363741667,8.96256478112566e-07,8.34127610118117e-05,0.0007922562822875572,5.0857739135234757e-08,0.0003497411048624182,3.413407967126008e-07
26,8.766842589684798e-05,7.200265501586865e-05,0.0005951732321581128,3.6660288516957773e-06,2.4879745005957877e-06,0.001995042130339941,3.222737727875326e-05,0.0005858090491439891,0.06980529189981823,1.141333340383336e-05,1.3167822546412922e-05,2.776228174779383e-05,8.287563477507169e-06,3.472498117841159e-08,0.0004785102923249061,0.1429494808074544,2.1196143402494736e-06,1.4010322511714754e-05,0.782208648291954,8.93259468793187e-07,5.687096546804579e-05,0.00034264427292038694,3.42350853039922e-08,0.0007064203898787224,3.330494326354986e-07
27,4.552756120993186e-05,7.103000695297376e-05,0.0004582631338301762,4.321843911578876e-06,2.288792591219345e-06,0.0015100173175557428,5.114426405398814e-05,0.0012087157203972498,0.062491007146569716,1.2178656747416332e-05,1.620829148871981e-05,4.394398720252586e-05,5.710550812626573e-06,5.8379136127585654e-08,0.001144745357996673,0.2173251221519076,2.228717075380252e-06,1.2374546469347504e-05,0.7144417977282894,8.049863706582581e-07,8.196223508408195e-05,0.0007551770596264764,2.946587304450817e-08,0.0003149206749328208,4.2142391442641574e-07
28,5.1032084590450396e-05,7.636507598709227e-05,0.0005090153351033509,4.130257920710651e-06,2.430906635679741e-06,0.001620572098635415,5.281804019077678e-05,0.0010663272507694724,0.06462572645437874,1.3480720846276338e-05,1.4321045550629323e-05,4.128845230648142e-05,6.116826275156855e-06,5.430206134479117e-08,0.001007430402792266,0.2045628649003683,2.000286724452282e-06,1.1896059539944051e-05,0.72531857073076,8.377799548417832e-07,7.77689443426356e-05,0.0005923692395384535,3.05091857002913e-08,0.00034212092485987007,4.3137068187291135e-07
29,5.1032084590450396e-05,7.636507598709227e-05,0.0005090153351033509,4.130257920710651e-06,2.430906635679741e-06,0.001620572098635415,5.281804019077678e-05,0.0010663272507694724,0.06462572645437874,1.3480720846276338e-05,1.4321045550629323e-05,4.128845230648142e-05,6.116826275156855e-06,5.430206134479117e-08,0.001007430402792266,0.2045628649003683,2.000286724452282e-06,1.1896059539944051e-05,0.72531857073076,8.377799548417832e-07,7.77689443426356e-05,0.0005923692395384535,3.05091857002913e-08,0.00034212092485987007,4.3137068187291135e-07
30,5.1032084590450396e-05,7.636507598709227e-05,0.0005090153351033509,4.130257920710651e-06,2.430906635679741e-06,0.001620572098635415,5.281804019077678e-05,0.0010663272507694724,0.06462572645437874,1.3480720846276338e-05,1.4321045550629323e-05,4.128845230648142e-05,6.116826275156855e-06,5.430206134479117e-08,0.001007430402792266,0.2045628649003683,2.000286724452282e-06,1.1896059539944051e-05,0.72531857073076,8.377799548417832e-07,7.77689443426356e-05,0.0005923692395384535,3.05091857002913e-08,0.00034212092485987007,4.3137068187291135e-07
31,5.067926815144791e-05,7.63585847074183e-05,0.0005060039234179402,4.139286809239946e-06,2.437008309704926e-06,0.0016233163170484674,5.2798681981730635e-05,0.0010601595423186273,0.06508767029896476,1.3402317353061232e-05,1.4381672964805408e-05,4.154517847646022e-05,6.144863928624157e-06,5.4553464171681774e-08,0.0010157889174073167,0.20583062344626338,2.0098298020306458e-06,1.1900907615449278e-05,0.723582100231102,8.394767642606462e-07,7.820879822214171e-05,0.0005971047916463393,3.0394839366800445e-08,0.0003418686575333977,4.3305090800123724e-07
32,5.0070960440338114e-05,7.343525571683839e-05,0.0004693524467138828,3.6311097203910933e-06,2.25248097752193e-06,0.0015447760152933908,4.813655738193442e-05,0.0010026316401669918,0.05947779612621402,1.2720733261374352e-05,1.3390056810939884e-05,3.788097678404897e-05,5.676031863782756e-06,5.026696021280979e-08,0.0009304338139372089,0.1857372580354588,1.8882802860429639e-06,1.1156688106479594e-05,0.7496189944661535,7.574291652679786e-07,7.262783691639619e-05,0.0005575984660697924,2.8332751395775344e-08,0.00032706159510986104,3.943977396756257e-07
33,0.00012030389254579993,0.00012100753318831643,0.0013584072203218357,3.1854583022282152e-06,2.466390819839544e-06,0.0015269654403320364,8.576448990932863e-05,0.0006133380476863711,0.1691911086207494,1.1401843128824349e-05,8.728037277976333e-06,5.1936406910305e-05,3.814906202270264e-06,2.3291602467709504e-08,0.0021761739991996397,0.1449114421762769,6.964671409529531e-07,1.3590380166040204e-05,0.6790890628064692,4.2666007633106584e-07,8.09285346974814e-05,0.0003507818852108913,1.4173714609775956e-08,0.0002775998548007208,8.314832702737889e-07
34,4.2886273029452687e-05,8.043800745549449e-05,0.0005650730611128549,6.726553640240687e-06,2.706501634011122e-06,0.0017803920981267448,7.34298197992783e-05,0.0015635288396825522,0.05943246416924517,2.2310648917433763e-05,1.7631472303794423e-05,5.4600641150180425e-05,7.108877369410359e-06,8.713042384632423e-08,0.0012465531145894567,0.29695580389506104,2.6724110830195776e-06,1.4796169864432435e-05,0.636809139668045,1.340927599754106e-06,0.00010408018310687545,0.0008634489128102694,4.6873927877539573e-08,0.0003521523744186802,5.813756031490087e-07
35,9.742489221460335e-05,5.664979523375041e-05,0.000682049747046236,3.7756649018902767e-06,1.6326951151838464e-06,0.001294834995331474,5.621733138382013e-05,0.0011102853906690927,0.0865583989417363,1.249861590136024e-05,9.932880748183228e-06,4.527486408183776e-05,5.918158455362609e-06,2.9993751956726315e-08,0.0008242459152715998,0.1504634015289341,1.7266528277322748e-06,2.429944098157557e-05,0.7576198524894288,4.880759648129891e-07,8.072703945539455e-05,0.0006658636027343968,1.8363061336014602e-08,0.0003840157706336414,4.3715413576008717e-07
36,4.100324578418395e-05,5.361127390577823e-05,0.0004598711959711327,4.004196269353062e-06,2.0085593463658355e-06,0.0010754184402154221,6.349103000322357e-05,0.0015784226156178663,0.05623967346417639,1.1157651343218132e-05,1.5043531618556026e-05,6.268917964766883e-05,6.740836682691932e-06,5.1720353896359215e-08,0.0012196442448006598,0.24176652704552573,1.8890540885844614e-06,1.0286666968701606e-05,0.6961859930354467,6.910985461033351e-07,7.158157501278739e-05,0.000860328685541147,3.088114772113423e-08,0.00026942825765593754,4.1251433023610404e-07
37,8.063231354878654e-05,7.928957763690214e-05,0.0006195802432443994,4.2154074636793e-06,2.2440173065174816e-06,0.0015699677298098606,5.081752511339737e-05,0.0008051105565788397,0.061521662788354026,1.631481811437949e-05,1.3077803763400133e-05,3.8304258209940074e-05,6.736908177265118e-06,4.1373837200880985e-08,0.0006177684323203793,0.15301187066275188,1.973753756058865e-06,1.5626132984723327e-05,0.7804004314589744,8.126075140662619e-07,7.019390237573976e-05,0.0005104344648814451,3.69890499106863e-08,0.0005624420696790459,4.1420455392138136e-07
38,6.520767094963209e-05,7.153084110265596e-05,0.000522495054642145,2.293949445095045e-06,2.5040744237338502e-06,0.001967157183265309,4.443580808469252e-05,0.0006494092787518036,0.06615729294676179,1.180048948945591e-05,9.92091879964041e-06,2.436692272226803e-05,4.546325453642268e-06,3.4535858998368175e-08,0.0009079916344601859,0.18924416615185125,1.0666171153325138e-06,9.292253302921016e-06,0.7396704484185607,5.340228520890958e-07,4.663354003419193e-05,0.0002757446772213108,1.8417085482013475e-08,0.0003107360088491481,3.72258916784266e-07
39,4.899683679146873e-05,7.022645637207936e-05,0.0005066067422896103,4.026356139262758e-06,2.281236499900527e-06,0.0016419252779019432,5.023911169387092e-05,0.0010847025158093413,0.06248784619331367,1.3345494507703976e-05,1.365571462990184e-05,3.970832417778796e-05,6.143377171588833e-06,5.12257218502659e-08,0.0009762370387870645,0.20850906597724778,1.9980303994977827e-06,1.186324916321688e-05,0.723534953052349,8.182161902487478e-07,7.941641623159814e-05,0.000581261534350272,2.898223487703614e-08,0.0003341921126697297,4.1052735657434313e-07
40,5.675507261749819e-05,9.444947827164541e-05,0.0005978969019206157,3.970800036849756e-06,2.6662844623040543e-06,0.001622663838081069,6.222288080953452e-05,0.0009348332807658311,0.07931652285006746,1.2496124270028152e-05,1.4056460067579359e-05,4.993752598458882e-05,6.229902622381766e-06,5.6020219743451434e-08,0.0012318074403847772,0.17880631780286538,1.6585157948197792e-06,1.0794680291321221e-05,0.7362125581911807,7.151232926338894e-07,8.072623945003438e-05,0.0005626191487616452,2.976918181660402e-08,0.0003174900735704132,5.25595029390231e-07
41,8.003600449555992e-05,8.075511787806071e-05,0.0007468610050861953,3.4690085985396263e-06,4.9749474752908406e-06,0.0019301391181184703,6.910148549609968e-05,0.0009763570746688711,0.12679460062471876,8.797917032671439e-06,1.4840033590432771e-05,3.867187841251897e-05,8.16597915845757e-06,4.1294701197053256e-08,0.0015704645288418702,0.28967419734031896,1.512235263494935e-06,1.1256755026777963e-05,0.5772249245081555,8.787548118745171e-07,5.6438946012643144e-05,0.0003497851803682361,2.1452794806198694e-08,0.0003531926881649811,5.161208096897193e-07
42,4.0523622650137834e-05,5.994424991125802e-05,0.00046019977677156786,3.943283259573904e-06,1.8219657300608077e-06,0.0014444089732176266,4.683819378592477e-05,0.0011676307100569898,0.05247120237091165,1.3038437505763996e-05,1.3122240877587739e-05,4.0911954689411464e-05,5.686583799824528e-06,4.7316767833954396e-08,0.0009150803999565053,0.21587494605188334,1.9171480175896936e-06,1.0845464951052821e-05,0.7263945914995054,7.55071438831997e-07,8.15631639804017e-05,0.0006375484978976631,2.7910058155371116e-08,0.00031305077848458587,3.543338912658843e-07
43,5.8694259852658194e-05,8.439456515783263e-05,0.0005415531314343507,4.2876517665801e-06,2.7704150460006183e-06,0.0015655627793140757,5.5264014920473736e-05,0.0010320806269644835,0.07718859315706422,1.0618735173286357e-05,1.6648852781255805e-05,4.6081935949695704e-05,6.172191723637694e-06,5.3867782502270374e-08,0.0011126108895999044,0.19485411030985322,1.8602531896673475e-06,1.1322326818464753e-05,0.7224073706966289,7.792048457187307e-07,6.701551756146315e-05,0.0005650526530209303,3.066595891540475e-08,0.0003666243611761758,4.4693641581637197e-07
44,5.1032084590450396e-05,7.636507598709227e-05,0.0005090153351033509,4.130257920710651e-06,2.430906635679741e-06,0.001620572098635415,5.281804019077678e-05,0.0010663272507694724,0.06462572645437874,1.3480720846276338e-05,1.4321045550629323e-05,4.128845230648142e-05,6.116826275156855e-06,5.430206134479117e-08,0.001007430402792266,0.2045628649003683,2.000286724452282e-06,1.1896059539944051e-05,0.72531857073076,8.377799548417832e-07,7.77689443426356e-05,0.0005923692395384535,3.05091857002913e-08,0.00034212092485987007,4.3137068187291135e-07
45,5.5287397638888147e-05,9.677695662609791e-05,0.0004920637565788209,4.393229597294457e-06,2.5036416323177486e-06,0.0015988006220944973,5.4935857683642026e-05,0.0008444104100308142,0.06626854065038004,1.6205431031589474e-05,1.3381788385855718e-05,4.499344100100643e-05,6.776822336826941e-06,6.289815729414816e-08,0.0007978415660835385,0.15401457073702557,2.257492021403388e-06,1.2482873493010282e-05,0.7745808564893658,9.219461692900984e-07,8.819758271767881e-05,0.0006127485557422021,3.8748093961099146e-08,0.00039046136858336125,4.897375289562697e-07
46,4.527987755303063e-05,6.838006079272317e-05,0.00045441517877212824,4.4107327396610536e-06,2.1923803525968557e-06,0.00159432570122602,4.5422236950659384e-05,0.0011051821822472237,0.05714836520543597,1.3061480129503498e-05,1.489141324742985e-05,4.1689123015712844e-05,6.831766493290032e-06,5.613517018588927e-08,0.0009428965964461459,0.2049134304058581,2.5072759191207137e-06,1.2144057421888134e-05,0.732454131167527,9.151054372724252e-07,8.205291918998412e-05,0.0006950970995858823,3.3003117986928064e-08,0.00035188044201444403,4.084533560005227e-07
47,5.114483930273314e-05,8.352577235829503e-05,0.0005345646314639548,4.519129925780803e-06,2.7062206347996712e-06,0.0017894030321309944,5.527906581861353e-05,0.0011887439564011739,0.06495148084821874,1.3973226497371716e-05,1.6715749272533177e-05,3.959820605822444e-05,5.66454368015085e-06,6.345208619816522e-08,0.0010571604270048763,0.20613728906133802,2.050845323514606e-06,1.2179294373805932e-05,0.7230521555499719,8.72119821531684e-07,7.775018291050568e-05,0.0005812161881166569,3.374389129997338e-08,0.00034146895928596007,4.4095411240372955e-07
48,6.945033161615007e-05,7.992917422743418e-05,0.0009665348052059199,7.622635693608178e-06,3.712809441612159e-06,0.0019135947033214545,9.556062714062062e-05,0.001609244547616301,0.12503184904250833,1.5621327384350937e-05,1.9991067065983784e-05,7.548390747364314e-05,9.150663443551457e-06,7.274590417314534e-08,0.002153662529698444,0.3501130480282967,2.4151655467946418e-06,2.1636765329446685e-05,0.5164156164809389,1.262927125455904e-06,0.00012129430761274017,0.0008910430280296888,3.550462681750621e-08,0.0003813305511072952,8.363236445932076e-07
49,5.240306131925629e-05,8.346373493988374e-05,0.0006182512563306479,5.54775737077592e-06,2.1496454343180803e-06,0.0017086650926742518,5.7349369697992816e-05,0.0011251879842650186,0.06619824626493179,1.6236429046894805e-05,1.4967159240779479e-05,5.269701652914338e-05,6.800877160209643e-06,6.248006445725548e-08,0.0009567715421470148,0.20638448278483276,2.0791604719001557e-06,1.318558938527527e-05,0.7215355746646636,9.050082790035476e-07,9.563103979174225e-05,0.0006738142928998652,3.780651181161376e-08,0.000395010312178057,4.796698333711332e-07
50,5.991046086412499e-05,5.717992598700049e-05,0.0005141843656461059,4.468559050215699e-06,2.231194581173556e-06,0.0022883173030942444,2.2332684534620088e-05,0.0006213676314046069,0.14428377827755592,4.206625482933049e-06,1.9736032803618673e-05,3.445769567500295e-05,7.654119480472442e-06,3.726747536038043e-08,0.0010398633104613463,0.2384988365452306,2.2332951015004954e-06,1.5748396356373536e-05,0.6114001688347449,7.105510966074008e-07,7.099902044494979e-05,0.0005248471608331155,1.519905334604781e-08,0.0005264149577599597,3.0058528198408076e-07
51,4.128580036105343e-05,2.6639415282825286e-05,0.0005653061423216391,2.112544488406181e-06,4.101052960700287e-06,0.002149991534761698,5.30476989126645e-05,0.000885035739381791,0.06482752652246376,1.3016313913839537e-05,1.0698974191549627e-05,2.5163046875996424e-05,1.230159511277644e-05,2.5116992998908717e-08,0.0009806812450856633,0.4198391078732557,1.8507506538169791e-06,1.0434270461747054e-05,0.5097985313308901,1.2703960609604376e-06,7.398789741546633e-05,0.00028656759220357605,2.5172683052222696e-08,0.0003909101003581728,3.8187291004068615e-07
52,3.976357305458553e-05,0.0001287226837454034,0.0007180256054724716,7.353347034775055e-06,2.575003810436551e-06,0.0009260051487067417,0.00011937626823166972,0.0011698054763108752,0.05644347355275786,1.9347686870261653e-05,1.5913795851697554e-05,0.00011176399885847561,7.720536400239216e-06,6.231151836904527e-08,0.0006672191908612687,0.15173805028983256,1.7065861858894397e-06,5.547434243430808e-06,0.786655125129764,1.026971990170043e-06,0.00013314503718397968,0.0006355660137433538,9.278903278437135e-08,0.000452115196982683,4.963715562038145e-07
53,4.283305426952042e-05,8.807924725557815e-05,0.0006531184875384231,5.617266647296246e-06,4.372223133399485e-06,0.0013448705652954484,0.00014377576094759228,0.0018377006939061598,0.07292433574893296,1.7540283250223662e-05,2.1147459954353612e-05,8.08198971011805e-05,7.355086396023694e-06,7.737549904592991e-08,0.0017673970073772266,0.30078440544914425,1.8752881613239387e-06,1.0350094905970887e-05,0.6190843029525043,1.074361183748778e-06,0.00010861906032210727,0.000760083875079786,4.94502120293852e-08,0.0003095334206055717,6.658903766515598e-07
54,5.593838863721285e-05,9.815344913929247e-05,0.0005018607517181453,3.961496813165825e-06,2.480665044100744e-06,0.0016208690251354463,5.649591216346235e-05,0.0009472500925912215,0.06408344261519797,1.5874865671206546e-05,1.2435566399922037e-05,4.023749752821611e-05,5.2447447466890616e-06,6.010173997048978e-08,0.0011256535417683727,0.1889866592266134,1.743503606532057e-06,1.0991145900520197e-05,0.7415221105674674,8.290646785664221e-07,6.597308773776452e-05,0.0005452783240364741,2.9763786380468577e-08,0.0002959111149296518,5.154869489615723e-07
55,5.4143329897646086e-05,7.51329442790683e-05,0.000534254943146407,4.2037007022249435e-06,2.3533069640940946e-06,0.0015965944500874118,5.391155985164614e-05,0.0009949942649863242,0.07334288811687958,1.2530113808433574e-05,1.3545155791237624e-05,4.5793676137593905e-05,6.7291081396324436e-06,5.048778995588617e-08,0.0009949773336451458,0.2047123033001823,1.8959646463102366e-06,1.2312337347056173e-05,0.7165189604408045,7.915020085626262e-07,8.013361399293599e-05,0.0005817853917235281,2.80517258627561e-08,0.0003592484276137593,4.3847784881331227e-07
56,5.1731297881979225e-05,7.689238144514086e-05,0.0005100644050293504,4.214535999457996e-06,2.4973407798388112e-06,0.0016186850005504446,5.3840873926279684e-05,0.0010436034536822354,0.06473664112335246,1.350789633343904e-05,1.4449836151116533e-05,4.390591540209511e-05,6.754708681410669e-06,5.5689258452180776e-08,0.0009855286499420154,0.19924341934721204,2.0892085355588e-06,1.1858906442236224e-05,0.7305432277740678,8.632804784158863e-07,8.022163510772016e-05,0.0005985065024378676,3.255263813400233e-08,0.0003569617393392967,4.4594532530546886e-07
57,0.00010525767968698924,0.00012180410612803952,0.0008893939456585144,5.2873800220238865e-06,5.3540168466100435e-06,0.004197852035689236,6.042856306078278e-05,0.0012401947932193984,0.10381444777553071,1.4451907040346375e-05,3.5584923632678624e-05,1.866859452129293e-05,2.7150887548957794e-06,9.041512345023289e-08,0.0015021882147753715,0.22105106862745047,1.5930385220890583e-06,2.3522728236002845e-05,0.666039878723388,6.822509653954705e-07,5.8950652070714105e-05,0.0003669392595719793,3.1533876450943324e-08,0.0004430887789217622,5.249673066312275e-07
58,5.489963542853284e-05,7.40510199140206e-05,0.0005188779590627896,4.091911404926647e-06,2.3509103261725243e-06,0.0016125426235016364,4.997230683209929e-05,0.0009494939627758904,0.06480024005000277,1.2468125877467183e-05,1.4227986071734973e-05,4.237269378653257e-05,6.625390002168589e-06,4.943874596348915e-08,0.0008465788236990542,0.18910802668026302,1.8821619692293987e-06,1.1528853627766094e-05,0.7408798639920235,7.96313139140427e-07,7.49046687641126e-05,0.0005287623577113082,3.1592753552369185e-08,0.00040496196898301797,3.9857333357124735e-07
59,5.478274378977778e-05,7.547223074421882e-05,0.0005670997333015697,4.33823522357077e-06,2.3668081110645505e-06,0.0016536519756766821,5.1782258286990604e-05,0.0010041249609983498,0.0666458448432037,1.3086001189539242e-05,1.4455359991205312e-05,4.294283403407319e-05,6.440421878176855e-06,4.944965222309232e-08,0.0009125718053099651,0.20400565889194794,1.8739697892109614e-06,1.1729631882730899e-05,0.7239076076291375,8.362560575242561e-07,7.977614641129451e-05,0.0005414976980607826,3.184245123981153e-08,0.00040156743018091414,4.1084268981447084e-07
60,5.1032084590450396e-05,7.636507598709227e-05,0.0005090153351033509,4.130257920710651e-06,2.430906635679741e-06,0.001620572098635415,5.281804019077678e-05,0.0010663272507694724,0.06462572645437874,1.3480720846276338e-05,1.4321045550629323e-05,4.128845230648142e-05,6.116826275156855e-06,5.430206134479117e-08,0.001007430402792266,0.2045628649003683,2.000286724452282e-06,1.1896059539944051e-05,0.72531857073076,8.377799548417832e-07,7.77689443426356e-05,0.0005923692395384535,3.05091857002913e-08,0.00034212092485987007,4.3137068187291135e-07
61,5.557994188163313e-05,7.701785706445261e-05,0.0005664441619881453,4.339579482632709e-06,2.398648969593627e-06,0.0016245440399262937,5.329592970396179e-05,0.0010257771361662541,0.0657969361790507,1.3335562498021035e-05,1.4527066451611336e-05,4.3459455612133794e-05,6.46622570712846e-06,5.033070548414027e-08,0.0009075132911832005,0.19785569727266888,1.895613522768595e-06,1.1872254939045351e-05,0.7309114643986822,8.330355905291391e-07,8.020096447894514e-05,0.0005475122616300194,3.2489628399533406e-08,0.0003983904746184351,4.158278496643704e-07
62,5.1032084590450396e-05,7.636507598709227e-05,0.0005090153351033509,4.130257920710651e-06,2.430906635679741e-06,0.001620572098635415,5.281804019077678e-05,0.0010663272507694724,0.06462572645437874,1.3480720846276338e-05,1.4321045550629323e-05,4.128845230648142e-05,6.116826275156855e-06,5.430206134479117e-08,0.001007430402792266,0.2045628649003683,2.000286724452282e-06,1.1896059539944051e-05,0.72531857073076,8.377799548417832e-07,7.77689443426356e-05,0.0005923692395384535,3.05091857002913e-08,0.00034212092485987007,4.3137068187291135e-07
63,5.2322937028235445e-05,8.61282294527652e-05,0.0005089907165399591,4.161268358530343e-06,2.4582421110959396e-06,0.0015966125500639255,5.329808347408412e-05,0.001011286852202017,0.06252614062874542,1.4170187326689132e-05,1.4149238527287936e-05,4.114810466628908e-05,5.8880420060696315e-06,5.6556538542868756e-08,0.0009830017235611021,0.18761123854882808,1.9923955685171528e-06,1.136187475727068e-05,0.7444769328960812,8.471112792690827e-07,7.737114477018914e-05,0.0005793318881807191,3.2304946929845624e-08,0.0003406344578649669,4.4401712082580086e-07
64,4.8468413175613946e-05,8.002577542300417e-05,0.0005425655329451411,4.645455272083648e-06,2.382301946017772e-06,0.0016462478350613508,5.771700040894505e-05,0.0010780368326288412,0.0650643937191811,1.5710125365669154e-05,1.3860082464924666e-05,4.777619525705317e-05,6.920337788496976e-06,5.932860722200918e-08,0.0009985054872336673,0.20421901880592197,2.1876329576503655e-06,1.2426609353577992e-05,0.7250475628943454,9.380993843615132e-07,0.00010080472244464632,0.0006548013681098498,3.4576475513093835e-08,0.000354434561239009,4.7630700895903067e-07
65,3.662763563759745e-05,0.00013331710651989212,0.0009497851504075754,9.775666588933393e-06,2.8551492379908547e-06,0.0018835330346329534,0.00017761242912685165,0.0038490351990401513,0.028562153966906426,9.93734264617004e-05,1.4968771797061056e-05,5.962365151771415e-05,4.395391684400471e-06,1.7953508922477285e-07,0.0014502045708968802,0.26551619169927687,2.283522301800894e-06,1.3553293805313619e-05,0.6959707941847104,2.0582372911646555e-06,0.00018200693224953177,0.0008600958899609141,1.1821606528961212e-07,0.00021849787419329092,9.594646000552325e-07
66,7.246172971700939e-05,6.372629053261917e-05,0.0006455936188548161,2.7967327324461865e-06,3.4458334591190742e-06,0.0022018367728942174,4.4226729554742844e-05,0.0006749385276787837,0.06422488831762516,1.6779378523601786e-05,1.1422745779475064e-05,2.5260992045806724e-05,9.015898849255493e-06,3.3194588813977296e-08,0.0007472562380682706,0.18950272912694457,2.3509468373523142e-06,1.3655171761542393e-05,0.7407837842525353,1.1957216228837642e-06,8.325518421688109e-05,0.0003492928964050664,3.4278025950624033e-08,0.0005195654606931401,4.5396005302818005e-07
67,3.465950403954446e-05,4.3769229270872565e-05,0.0005446996778511998,9.92523064382879e-06,2.2539922389080383e-06,0.004727248397120546,3.062301359374417e-05,0.0012703990826129702,0.04805556998838813,2.4089339762702405e-05,2.0779704089636213e-05,3.721478048147608e-05,1.732710287421944e-05,1.3844130286874087e-07,0.0006561167458989516,0.373478906511765,5.315304387907514e-06,2.175357739854346e-05,0.5695503323480714,2.4286379957203005e-06,0.00012724806769991105,0.0006718257259647052,7.470207584201684e-08,0.0006668109998322964,4.898946389315878e-07
68,7.36705996879181e-05,9.081964217791611e-05,0.001141247210576636,8.515295723918276e-06,1.5701355206546852e-06,0.0017550443100973786,7.043262903148985e-05,0.0012029664089552238,0.08874090239719,2.1600490892305164e-05,1.2270625722025359e-05,7.32803120775285e-05,7.2989051133730044e-06,5.392597361774907e-08,0.0006715991155121986,0.19541996361719483,1.596425397303092e-06,1.757013679069277e-05,0.7093524805949313,8.384847227729824e-07,0.0001398284551475184,0.0006323921345445254,4.273097465298098e-08,0.0005635259067650873,4.895092790085523e-07
69,4.9950407620006455e-05,7.659138187293442e-05,0.0005177496443367097,4.243963490065541e-06,2.4709974322454686e-06,0.0016274909985586072,5.351545502409877e-05,0.0010982897417283444,0.06326810940735186,1.3442202453052354e-05,1.496032004437519e-05,4.2025516774303544e-05,6.127864632858482e-06,5.527758357206166e-08,0.0010018603956595277,0.20827693990221025,1.982076601268836e-06,1.1497988422316919e-05,0.7229171604229665,8.559431449953493e-07,7.944771624555967e-05,0.0005836622680034006,3.19896632880914e-08,0.00035111502945703955,4.230887229686022e-07
70,5.804308284319718e-05,7.563410108762163e-05,0.000629331868539683,5.049545041952363e-06,2.8640626484813716e-06,0.0017322219695476435,6.335373264655752e-05,0.0013944981785523572,0.07655679143786172,1.4716058486305345e-05,1.5173992447152778e-05,4.751085780292475e-05,7.247969865557142e-06,6.085359785127689e-08,0.0013173443751047828,0.26952715557506574,2.187538056067249e-06,1.4104330073655898e-05,0.6474713571009046,1.0349179582870003e-06,7.684343774108922e-05,0.0006533026200340785,3.18230929364472e-08,0.0003336121657013774,5.28405298285018e-07
71,6.099230823113375e-05,0.00011084954202258787,0.0005466058963755915,4.401463265522673e-06,7.445601422350902e-06,0.0015241090380362047,0.0001023194451475842,0.0011295483215506728,0.06783154742054674,2.4849031610292856e-05,1.487449635581297e-05,4.647717952381492e-05,1.2407566100209098e-05,7.532349053402135e-08,0.001137494021366535,0.32085531259392536,2.6758874050651085e-06,9.642002308054215e-06,0.6056076808802935,2.9948522961855287e-06,7.354529876446671e-05,0.0004287368599391598,6.665679789568343e-08,0.0004646622455785569,6.860676462092017e-07
