,0,1,2,3,4,5,6,7,8,9,10,11,12,13,14,15,16,17,18,19,20,21,22,23,24
0,1.003985335115405e-06,4.192145894070313e-05,7.833713358511166e-05,7.458937349884628e-06,0.00040547037139968933,0.0031807603583568368,0.00019936182388568388,0.00026024676541136493,0.6368310186763684,0.012025407478329322,3.960713168082604e-05,7.439758342265919e-07,2.918789167735612e-08,3.475997708377208e-05,0.000749079537249756,0.0016596107360293967,1.582075598572844e-09,3.518626317690282e-08,0.3442395913673283,9.995264353990794e-07,0.0001943869673385611,2.669182126881895e-05,3.301412731614124e-08,2.7889888103944043e-08,2.3415110543101123e-05
1,0.0025014131858316626,0.24789741122872375,0.000304797297618148,0.024808018167424818,0.034090956398789694,0.05918743604921283,0.0079738107001449,0.0038215637718694334,0.0015131249489543977,0.08844117211437516,0.06892765330040221,0.0028994932134967597,9.182575986896094e-06,0.024671472285051316,0.008595883384991811,0.0008372663130921083,9.982636662560908e-05,0.05967767675197198,0.03394022193716337,3.158147698129606e-05,0.20179495535044925,0.09681886207292825,0.010641454601943432,0.00033804290396899735,0.02017672360200188
2,1.968552104132845e-06,0.00014399055602042372,3.427013342713389e-05,1.575747437664471e-05,0.0002691583061318316,0.003103575776692116,0.0003370678392822147,0.00033615909118682273,0.38220845959505007,0.025723769223598137,3.753704915500555e-05,7.213924200910086e-07,2.3229880775244875e-08,5.477333509623674e-05,0.002257295441488377,0.0028992088577460724,4.716634143492308e-09,7.91550654040085e-08,0.5816879001188114,1.1048861436084649e-06,0.0006778165181619832,8.754908841170302e-05,1.7530407321961875e-07,4.764730928898734e-08,0.00012158671173333271
3,1.8622640624373197e-06,0.00014947233275131516,4.455471484893347e-05,1.875465945097235e-05,0.0003069020835542982,0.0027815588413719105,0.00031890080963543004,0.00034397328889641034,0.442744862404589,0.027260048322533228,4.1850950236598284e-05,7.183560883490267e-07,2.9238261930347284e-08,5.175676572713955e-05,0.0012472666879182928,0.0018949365885501436,3.6456892687218623e-09,9.541870086025225e-08,0.5220401598329538,1.0990752507331538e-06,0.00058702983400857,6.0461133265626015e-05,1.0077637653463559e-07,5.0538767543651833e-08,0.00010355143651081081
4,1.8431764239733587e-06,0.00016268189765100328,5.003423827671349e-05,1.940103866430567e-05,0.00035204684158828594,0.0029716675433412933,0.0003288050878711569,0.00032350106083735525,0.4610599400076049,0.027756795227164708,4.3368336455653766e-05,7.572567962732639e-07,3.6901717226071784e-08,6.0605214663706915e-05,0.001228003760105332,0.001813226544027216,3.6123792419910695e-09,9.818107785975614e-08,0.5031173733612977,1.1299339384074697e-06,0.0005508050271035974,6.094171294543104e-05,9.986890374313107e-08,5.3074617301696576e-08,9.678109454759613e-05
5,2.1158509834118407e-06,0.00018227687011005734,4.610461141242519e-05,2.5883309974531536e-05,0.00035683242065698696,0.003319067862932649,0.0003652446218672538,0.00038886033016358147,0.4218142270431634,0.03417813433654256,5.102366711296787e-05,7.920126698643404e-07,3.5288668675784206e-08,5.939587103611788e-05,0.001207073093800174,0.0020595491553452665,4.260734717248186e-09,1.4500116554389791e-07,0.5350054650294758,1.3202414141289101e-06,0.0007504634463002963,6.581526550976263e-05,1.301423267326101e-07,6.357775459606092e-08,0.00011997668887845355
6,1.8622640624373197e-06,0.00014947233275131516,4.455471484893347e-05,1.875465945097235e-05,0.0003069020835542982,0.0027815588413719105,0.00031890080963543004,0.00034397328889641034,0.442744862404589,0.027260048322533228,4.1850950236598284e-05,7.183560883490267e-07,2.9238261930347284e-08,5.175676572713955e-05,0.0012472666879182928,0.0018949365885501436,3.6456892687218623e-09,9.541870086025225e-08,0.5220401598329538,1.0990752507331538e-06,0.00058702983400857,6.0461133265626015e-05,1.0077637653463559e-07,5.0538767543651833e-08,0.00010355143651081081
7,1.8561525277778974e-06,0.00014792635013376835,4.412395470532161e-05,1.873022638156271e-05,0.00030761125252065056,0.002795042721928829,0.0003163234071068289,0.00034423936446925256,0.4393390206822577,0.027336522380794086,4.148873295165675e-05,7.193959718346339e-07,2.8727807978508083e-08,5.1800307277653163e-05,0.0012509251504948013,0.001919932892780998,3.644438920011444e-09,9.4996277645388e-08,0.5253248135066612,1.0928900841441281e-06,0.0005928953120149102,6.076215730055309e-05,1.0165713234094684e-07,4.997688874156396e-08,0.00010389415909081769
8,2.434040316471123e-06,0.00019582642588758398,5.2077818320975154e-05,2.815603711092193e-05,0.00028582147272144674,0.0022959695873415974,0.0004256881279035761,0.0003991197884912062,0.40716588524936437,0.04594303797431907,2.3963143528262582e-05,6.136413758644822e-07,3.129601786238141e-08,6.843944530620765e-05,0.0012981377493252368,0.0031115512110854366,4.054333436418235e-09,9.105940760910531e-08,0.5377009715311951,1.2709294374897353e-06,0.0007237748174110251,6.0669830781174254e-05,1.4063252435451546e-07,7.255310247742234e-08,0.00021625158339107746
9,1.8507833088609594e-06,0.00021110941479829623,7.575167354621963e-05,2.3808261856573957e-05,0.000265973676644311,0.0014959457368850758,0.00035993833439370497,0.0003539064180994262,0.5833276226539221,0.03538842172103599,2.4489009865039746e-05,4.678865665286736e-07,4.477473825638642e-08,4.60142134983083e-05,0.0008862349821971372,0.0014487645579931115,3.1660502633718415e-09,7.508105672571916e-08,0.37547341565013664,1.2382398143930964e-06,0.0004174464821799942,3.54935820966248e-05,5.8413800361117587e-08,8.981338296181937e-08,0.0001618354721330035
10,1.8622640624373197e-06,0.00014947233275131516,4.455471484893347e-05,1.875465945097235e-05,0.0003069020835542982,0.0027815588413719105,0.00031890080963543004,0.00034397328889641034,0.442744862404589,0.027260048322533228,4.1850950236598284e-05,7.183560883490267e-07,2.9238261930347284e-08,5.175676572713955e-05,0.0012472666879182928,0.0018949365885501436,3.6456892687218623e-09,9.541870086025225e-08,0.5220401598329538,1.0990752507331538e-06,0.00058702983400857,6.0461133265626015e-05,1.0077637653463559e-07,5.0538767543651833e-08,0.00010355143651081081
11,1.971966864274435e-06,0.00015991328872800586,4.732455540876652e-05,1.9538612079574137e-05,0.00031663571736481274,0.0028429959491938373,0.0003360032185076838,0.00034637700435472706,0.4521122253006339,0.027577630715039204,4.398738362320874e-05,7.577912758049591e-07,3.368058646598276e-08,5.499698612096021e-05,0.0012494630862205668,0.0018653864878355104,3.847051588824142e-09,1.0318086246444665e-07,0.5122803607516798,1.1678905583382043e-06,0.0005759809974797897,6.214230390009215e-05,1.0420477196695599e-07,5.472860815413574e-08,0.00010484035125056437
12,9.074149522907424e-06,0.0005400506629228651,8.328314149263888e-05,7.87093042888124e-05,0.0020759360224423856,0.017218648808227266,0.0006412682924012999,0.0005359945212746412,0.15642474460836836,0.07745364975356377,0.00013556428163952276,6.97177869640389e-06,1.1835011809056516e-07,0.0005265685613134267,0.0023617264686857133,0.008576092239067657,2.609323542846045e-08,1.298740982253466e-06,0.729615291734634,2.8344447054726475e-06,0.002919498989516275,0.0005359490241829647,1.8866542932144658e-06,1.7398556454160596e-07,0.00025463938885992427
13,1.980429466451273e-06,9.668903493144757e-05,5.8036199280517636e-05,1.2877118105746446e-05,0.00029846316098856217,0.0018593555210181499,0.0002374226224644386,0.0003201364194641403,0.44758175987898474,0.010174380163281607,6.934551828561357e-05,1.4121020115452954e-06,2.4838055790692572e-08,5.2074663007593166e-05,0.0013726965703109808,0.0010567475367827437,4.640545155770178e-09,6.881707656497338e-08,0.5361196329335848,8.692732049844598e-07,0.0005472815762513456,6.37853033347005e-05,6.665202631197622e-08,3.381418932664491e-08,7.485521334686551e-05
14,3.2720711756303337e-06,8.209429079856889e-05,4.807619612746172e-05,1.5721591388895534e-05,0.00024428366858264447,0.0023214379148170793,0.0003235417146698249,0.00038159255045473555,0.3757837299918514,0.014774761508867801,4.0328379895204484e-05,1.3771053451867845e-06,2.0752595934294454e-08,5.519209518403854e-05,0.0016826348658784895,0.00252592142576863,5.6036525428141325e-09,8.062639196181872e-08,0.600882400948852,1.045113227762286e-06,0.0006194672749932842,7.244895368536296e-05,1.4336887630405546e-07,4.270901701893142e-08,0.00014037927790231606
15,1.8622640624373197e-06,0.00014947233275131516,4.455471484893347e-05,1.875465945097235e-05,0.0003069020835542982,0.0027815588413719105,0.00031890080963543004,0.00034397328889641034,0.442744862404589,0.027260048322533228,4.1850950236598284e-05,7.183560883490267e-07,2.9238261930347284e-08,5.175676572713955e-05,0.0012472666879182928,0.0018949365885501436,3.6456892687218623e-09,9.541870086025225e-08,0.5220401598329538,1.0990752507331538e-06,0.00058702983400857,6.0461133265626015e-05,1.0077637653463559e-07,5.0538767543651833e-08,0.00010355143651081081
16,1.8976931247689773e-06,0.00018338580847991482,3.3857647637181816e-05,2.6887853585570765e-05,0.00029517708954929944,0.0033914362552443615,0.00037985020005044435,0.0004504750297508945,0.3460183442433563,0.05201859743176851,4.347352428606699e-05,7.366209940550122e-07,2.621653430741149e-08,5.507324259357883e-05,0.0011045885417246073,0.0027687595978891505,4.339774439570718e-09,1.6771683415463375e-07,0.5918421529736587,1.3684776156973473e-06,0.0011852576659124826,7.999417271377798e-05,1.394394664317813e-07,5.75680630398433e-08,0.00011829064939246827
17,3.0273992753826438e-06,0.00018824320539403302,5.643140148222973e-05,3.5069281114995884e-05,0.0004024447725961544,0.0035513523431278805,0.00044242924034228556,0.00040318348746566293,0.3776114046916262,0.032956715544333964,5.498420276759162e-05,1.1994663793139945e-06,4.382441900156858e-08,9.83221086184135e-05,0.0011516526057783814,0.0024667236635159216,4.925255290501884e-09,1.7866097316105571e-07,0.5794694435044405,1.5387687583439728e-06,0.0008682255334923118,7.477876749216376e-05,1.8545798817243442e-07,6.465061090302683e-08,0.00016235249275160863
18,4.936578173158378e-06,0.0002455289125728212,5.8311825438398946e-05,2.6211848237498884e-05,0.00028925625571339604,0.0020050644444927707,0.00044057670462794934,0.0005158135832397335,0.3670539646482824,0.03467884720254381,4.1995084800078e-05,1.4565405214886326e-06,4.32933150233371e-08,6.379842143117262e-05,0.0013170897314790416,0.0020113823411678383,1.0443880748697925e-08,2.2148782693772514e-07,0.5900234525068473,1.3023019044295255e-06,0.0008725463664581674,0.00011892503455037083,1.5041263963228685e-07,1.1359953642967719e-07,0.0002290004303195203
19,1.313600629951213e-06,0.00012580418389942846,5.761056943642292e-05,1.562022032594731e-05,0.00038219698951229845,0.0024614441045930227,0.00021886088455035245,0.00028999427217136977,0.528790757282262,0.024532022170254433,3.409014354656459e-05,7.331666201230267e-07,3.4489414889125626e-08,5.210583139949439e-05,0.0009000077571092492,0.0012850666515742174,2.765727675289549e-09,6.750000086401052e-08,0.4403249432364313,9.5307049437752e-07,0.0004005723225881696,5.139041673546035e-05,5.1423281232186154e-08,3.9149816640401004e-08,7.431779762451571e-05
20,1.3823239309564417e-06,0.00013560885183235127,3.178587575188609e-05,1.3448013362613856e-05,0.0002781520229212295,0.0019557848060946124,0.00021930047852375796,0.0003766599559929073,0.40270128201147937,0.025292959408148217,3.055827590282152e-05,5.749470635729335e-07,2.0319530684494152e-08,3.787049849905464e-05,0.0014087252070403994,0.0014771520643168947,4.188491163404728e-09,6.797018225041236e-08,0.5652857198372705,7.94937583988528e-07,0.0005850384913940551,8.323684270184166e-05,7.902852415538633e-08,4.2407685501274793e-08,8.375123577523232e-05
21,3.0377278478063847e-06,0.00015503483194175886,6.906971766590404e-05,3.114283528699843e-05,0.00039181949805302705,0.004342446459976059,0.000546263459167352,0.00040062447830478573,0.399463339206005,0.039675098963307086,5.26092341039746e-05,1.4220925854778428e-06,5.19572150289221e-08,9.225239415658078e-05,0.0011258678532449877,0.004034708529439982,4.25121746058347e-09,1.5727365676494715e-07,0.5486127167504756,2.0559019550658023e-06,0.00080547110984605,6.35168082963693e-05,1.7772405772278307e-07,6.691194201177983e-08,0.00013104403025094894
22,2.71334007140015e-06,0.00014994407875060635,5.885226088390422e-05,2.2899891913346763e-05,0.00034078397157002283,0.0038131502558939575,0.0004256737560753999,0.0004478150131751064,0.41409712503283386,0.02897722523289656,6.943061500015961e-05,1.1702786260723104e-06,3.0346547467764765e-08,6.326529296267639e-05,0.0013390284957147394,0.002695729471397971,5.4476857205434525e-09,1.7254353776942197e-07,0.5463628191327722,1.6594583392467944e-06,0.00093694382992662,8.384466779004652e-05,1.46962694428186e-07,6.489294767461815e-08,0.00010950572999313699
23,1.8622640624373197e-06,0.00014947233275131516,4.455471484893347e-05,1.875465945097235e-05,0.0003069020835542982,0.0027815588413719105,0.00031890080963543004,0.00034397328889641034,0.442744862404589,0.027260048322533228,4.1850950236598284e-05,7.183560883490267e-07,2.9238261930347284e-08,5.175676572713955e-05,0.0012472666879182928,0.0018949365885501436,3.6456892687218623e-09,9.541870086025225e-08,0.5220401598329538,1.0990752507331538e-06,0.00058702983400857,6.0461133265626015e-05,1.0077637653463559e-07,5.0538767543651833e-08,0.00010355143651081081
24,1.579603793588771e-06,0.00021096867160963015,4.371072428163189e-05,2.7050868970136465e-05,0.0004047617061941157,0.0034838015533044317,0.00031831155363763443,0.00031741184361401304,0.41112981323668835,0.039138356190705506,4.209084863012275e-05,6.916480374324973e-07,4.1033114859531604e-08,7.614230359225617e-05,0.0009780163406787215,0.0018710350886484784,3.0214461746818537e-09,1.2322915649618577e-07,0.5411416355927379,1.276951002007043e-06,0.0006442299330748744,6.236038862263432e-05,1.0764224272377427e-07,4.691657900492805e-08,0.00010643310963723826
25,2.693748652386529e-06,0.0001316857757060921,5.233429597829404e-05,2.6103547618549595e-05,0.0002618450497322466,0.0020022382638108563,0.000454738342845489,0.000595309817573913,0.37310123902251047,0.02044354037992719,7.427284301653929e-05,1.1612547882191966e-06,3.6287616637268676e-08,4.8476257693404235e-05,0.0010180334551915424,0.0016722282650847456,5.769545434636572e-09,1.433351408560724e-07,0.5992278155453805,1.7665354717112518e-06,0.0007272313920062058,6.288127850604789e-05,1.154131213775808e-07,6.604183984336244e-08,9.403808124151111e-05
26,4.301786618148785e-06,0.00020351919893172812,7.606051911188247e-05,2.2302678552403232e-05,0.00029589320733681095,0.0022357589840143618,0.0004622230006040413,0.0005088898074267002,0.5296162227443303,0.027773287089777898,5.6143242844899064e-05,1.0457343760535185e-06,5.305438631535561e-08,4.2336880303468964e-05,0.0011463279310998842,0.001551910767587304,8.119148085561646e-09,2.0215528651698643e-07,0.4352263306737319,1.4738048320268108e-06,0.0005667348664967609,7.466886546519727e-05,1.0479062285940979e-07,1.4133902253238545e-07,0.00013405875809176744
27,1.3834809733560364e-06,0.00011107929431592763,3.396978642997399e-05,1.2033307124474718e-05,0.00020025293784743878,0.002297809011317365,0.00024140460072297383,0.0003309043558428971,0.5226984599183181,0.02438947493525509,2.6747700780475055e-05,4.568406827129623e-07,1.695217976327593e-08,3.130457708379544e-05,0.001391536289011816,0.001684553950534156,2.9146291471479905e-09,6.115261238379967e-08,0.4459290856126542,9.216994727008416e-07,0.00045653582612654737,6.162440174344829e-05,7.175846671718761e-08,3.9215200571139243e-08,0.00010026948067393423
28,1.8622640624373197e-06,0.00014947233275131516,4.455471484893347e-05,1.875465945097235e-05,0.0003069020835542982,0.0027815588413719105,0.00031890080963543004,0.00034397328889641034,0.442744862404589,0.027260048322533228,4.1850950236598284e-05,7.183560883490267e-07,2.9238261930347284e-08,5.175676572713955e-05,0.0012472666879182928,0.0018949365885501436,3.6456892687218623e-09,9.541870086025225e-08,0.5220401598329538,1.0990752507331538e-06,0.00058702983400857,6.0461133265626015e-05,1.0077637653463559e-07,5.0538767543651833e-08,0.00010355143651081081
29,1.8622640624373197e-06,0.00014947233275131516,4.455471484893347e-05,1.875465945097235e-05,0.0003069020835542982,0.0027815588413719105,0.00031890080963543004,0.00034397328889641034,0.442744862404589,0.027260048322533228,4.1850950236598284e-05,7.183560883490267e-07,2.9238261930347284e-08,5.175676572713955e-05,0.0012472666879182928,0.0018949365885501436,3.6456892687218623e-09,9.541870086025225e-08,0.5220401598329538,1.0990752507331538e-06,0.00058702983400857,6.0461133265626015e-05,1.0077637653463559e-07,5.0538767543651833e-08,0.00010355143651081081
30,1.8622640624373197e-06,0.00014947233275131516,4.455471484893347e-05,1.875465945097235e-05,0.0003069020835542982,0.0027815588413719105,0.00031890080963543004,0.00034397328889641034,0.442744862404589,0.027260048322533228,4.1850950236598284e-05,7.183560883490267e-07,2.9238261930347284e-08,5.175676572713955e-05,0.0012472666879182928,0.0018949365885501436,3.6456892687218623e-09,9.541870086025225e-08,0.5220401598329538,1.0990752507331538e-06,0.00058702983400857,6.0461133265626015e-05,1.0077637653463559e-07,5.0538767543651833e-08,0.00010355143651081081
31,2.1232054507725384e-06,0.0001874016788085829,6.242431850196699e-05,2.400030088451254e-05,0.0003838770919038652,0.0017213895122313435,0.0002905075667223654,0.00046059635921893993,0.4282665094358193,0.03318327665598258,3.009994899503366e-05,7.338075185654004e-07,4.2891761716153543e-08,5.367374148660164e-05,0.0007700142136608981,0.0014810093754486953,4.398103080681069e-09,1.0782364957775682e-07,0.5323797184948691,1.1375222800690455e-06,0.0005313588432500312,5.4362887043280956e-05,7.126428194415633e-08,7.768196068733352e-08,0.0001154809801664674
32,1.639347211565243e-06,0.00013430647080146338,4.07118945345317e-05,1.6486060536011402e-05,0.0002819853859452282,0.002412911008053766,0.00028329208790510234,0.0003382126605516815,0.4372210312484921,0.025162799777362136,3.60757031726095e-05,6.463577246288229e-07,2.568002754612256e-08,4.6341527548014444e-05,0.0012105833419333522,0.0017592011883414427,3.4233921969983758e-09,7.872378936411314e-08,0.5303557006955583,9.882399692660509e-07,0.0005444240116688138,5.7681771739712526e-05,8.734249504514754e-08,4.4505912327726914e-08,9.474154533375846e-05
33,2.3203362238285997e-06,0.00019923385246121118,4.422544449608166e-05,2.0003855810615257e-05,0.00038733021935492547,0.0031342508503503326,0.0003426174951852068,0.00036706636292237665,0.36506233178075337,0.029839990920716982,4.715806922403784e-05,9.044863783700197e-07,3.8630366348629404e-08,6.757389553986856e-05,0.0013379885295645543,0.002091730221085658,5.018645016647056e-09,1.2793101188700917e-07,0.5962309132456016,1.2175584476169675e-06,0.0006315519111283777,9.447881830342079e-05,1.3258683465867866e-07,5.909127060129985e-08,9.67488883231745e-05
34,8.712758607943032e-07,6.941112634895883e-05,3.378901623516988e-05,7.155087316501988e-06,0.00013585094539851928,0.0009348195550025275,0.0001602285664337623,0.00023209282257382032,0.6220773734057932,0.012406657711853663,1.56230420728185e-05,2.6842770230627346e-07,1.3936992114357801e-08,1.9860008705196343e-05,0.0007724308547731577,0.0006684501541429933,1.4679744336353007e-09,2.4452807724128346e-08,0.36216237081532987,4.5296851373778604e-07,0.00021793917431571462,2.357817453372764e-05,2.1118487197045163e-08,2.521035111468616e-08,6.069068048095509e-05
35,1.9394757325795686e-06,0.00010386002507265738,2.9965021117132533e-05,1.5792768994826727e-05,0.00010792143598702187,0.0007822661031925101,0.00019149648104673588,0.0005724324646686145,0.5432273255922945,0.027311303756985005,1.731598851607706e-05,4.5480846815198453e-07,1.887187843269735e-08,1.4253332805567071e-05,0.0003881251636335243,0.0005744882327519186,3.859914542263983e-09,1.1734640952216369e-07,0.42609324801328724,8.367536493599726e-07,0.0003942947202781997,4.5234159777306194e-05,2.4198383205769786e-08,5.455333773303489e-08,0.00012722687181771397
36,1.7064074296007497e-06,7.40739029498636e-05,4.251494203651093e-05,8.913926993817283e-06,0.00025046069503586245,0.0006999212347288271,0.00012126970425180656,0.0002988451646252565,0.3513804289807492,0.013320701544085168,1.1386142995547832e-05,9.294820565022795e-07,2.1751080266806898e-08,3.6750594082067915e-05,0.0008634499510427458,0.0011033311818284385,4.679707577095368e-09,2.5955739455627334e-08,0.6313473195493229,4.5454091191072306e-07,0.0002869246754835688,5.068131004596287e-05,3.3375581602385615e-08,2.884014122214052e-08,9.982146709421166e-05
37,6.387382007143292e-06,0.00023469769934811568,9.206857969378055e-05,2.6160197766623228e-05,0.0003847283137294142,0.0027142505479617004,0.0005961624140446261,0.0004221909903016906,0.36400496440165325,0.02397728127130317,6.485595872959265e-05,1.8572332778992448e-06,6.000249329982432e-08,0.00010581627596320679,0.0010947507871427447,0.0023084557852241345,7.116253991627125e-09,2.2379948892768367e-07,0.603039949248661,1.5840727812343796e-06,0.00068437659389949,9.0715944719639e-05,1.4219597864871488e-07,1.0038433100136985e-07,0.00014821280324556788
38,2.780093611768825e-06,0.00013168919701797587,4.320739851257591e-05,1.7765464783359976e-05,0.0002778461311583206,0.00648883711749528,0.0006775844964630689,0.00033581229878751497,0.3968596104424257,0.029198640959471955,7.15149419662442e-05,9.736790187643562e-07,2.579901130321854e-08,7.313285039331222e-05,0.002307122562953807,0.005138906916363402,3.6812966485715293e-09,1.34241218817033e-07,0.5573132544549886,1.646783089735747e-06,0.000877414435946233,8.29414190825294e-05,2.749563160936999e-07,5.3562197173075645e-08,9.882611642979772e-05
39,1.7972988447140045e-06,0.00012376957381645754,4.369746053093118e-05,1.885274313109739e-05,0.0003112135465372396,0.002854557738031812,0.000298698940484504,0.0003708891220688419,0.4219952684583946,0.02756042417271059,3.9893656048727034e-05,7.668731414438893e-07,2.505641206159442e-08,4.9409471006189963e-05,0.0012100328665445434,0.0021826468342900666,3.654365421936188e-09,9.212261235520268e-08,0.542116489522977,1.1187165257822257e-06,0.0006588724193565946,5.79825597087301e-05,1.041252134118544e-07,4.6956446291706484e-08,0.00010334611080064097
40,1.898058035589572e-06,0.00015043239272222392,4.5002621882948905e-05,1.8374171100183925e-05,0.00030740749755054747,0.002780118067614081,0.00031879079042524837,0.00034107996782790223,0.4417431574124026,0.026765246758493053,4.202252399241448e-05,7.335300423769129e-07,2.918970870254081e-08,5.2602698471790594e-05,0.0012599299656061314,0.0018839758799641193,3.6878765287839303e-09,9.575506578005804e-08,0.5235360366096447,1.0891016602258253e-06,0.0005863808246481201,6.221931377031243e-05,1.0037608457971378e-07,5.034091588341404e-08,0.00010322246449401589
41,4.797109574014607e-07,8.0449009624874e-05,4.341967079566935e-05,7.6057685460508255e-06,0.0002801035473782726,0.0017989830674433086,0.00011758192137901194,0.00016069790643996308,0.680773645614478,0.020111867217640227,1.2335924511767116e-05,1.9108787719760313e-07,1.349915475399008e-08,2.9652704330763604e-05,0.0009527840482829568,0.0010969504522970958,8.917684635307188e-10,1.7004393986285843e-08,0.29422226480311753,4.4846340566949336e-07,0.00023099240420160693,2.1988924764570185e-05,2.271637441385244e-08,2.205556158660901e-08,5.7481585274805055e-05
42,1.1835011572892425e-06,7.847451220087401e-05,2.3859667782784676e-05,8.493064326176132e-06,0.00016686095723687268,0.0014398451720267387,0.00019666484715158108,0.0004456606712829546,0.3221988265993644,0.020279961701119037,2.1649264275500178e-05,5.080864302262528e-07,9.967955489616522e-09,2.3717615408441187e-05,0.0014389249697039702,0.0022566821332575945,4.023749513373928e-09,3.964869783859646e-08,0.6506887357111206,8.496654848651364e-07,0.0005813289220853301,8.426328911318472e-05,7.128829251978531e-08,2.843318134414088e-08,6.33562875950627e-05
43,2.4032897711380077e-06,0.00017031168412734814,5.743327666456384e-05,1.9758205735796105e-05,0.0002992849869486513,0.002616629879367018,0.00038869758751046017,0.00031925413528127776,0.4676733131109411,0.022405014274736186,4.976035502197461e-05,8.81373560763915e-07,3.8916712463476786e-08,6.273837790644468e-05,0.0012417103835397096,0.001692087921216881,3.8288393055948304e-09,1.0545097658099218e-07,0.5023196805152563,1.2237847047114637e-06,0.000506813899461388,5.848340612054574e-05,1.0100413667381098e-07,5.6864108250270926e-08,0.00011421348735439522
44,1.8622640624373197e-06,0.00014947233275131516,4.455471484893347e-05,1.875465945097235e-05,0.0003069020835542982,0.0027815588413719105,0.00031890080963543004,0.00034397328889641034,0.442744862404589,0.027260048322533228,4.1850950236598284e-05,7.183560883490267e-07,2.9238261930347284e-08,5.175676572713955e-05,0.0012472666879182928,0.0018949365885501436,3.6456892687218623e-09,9.541870086025225e-08,0.5220401598329538,1.0990752507331538e-06,0.00058702983400857,6.0461133265626015e-05,1.0077637653463559e-07,5.0538767543651833e-08,0.00010355143651081081
45,1.6647866649536545e-06,0.00012970673325049677,4.3359135104897894e-05,1.582826187649627e-05,0.00029555255363222153,0.002485626923997205,0.0002983231801026983,0.00033480851147271176,0.4545182425567587,0.024274906768910365,3.7379721564085225e-05,6.52537243423939e-07,2.776909410409355e-08,4.6366098250212575e-05,0.0012563032594421432,0.0017849648456673517,3.329225526854698e-09,7.385540914938547e-08,0.5138361481734699,9.877600120698602e-07,0.0004959968400900902,5.5261944258692455e-05,8.669836811442721e-08,4.6718331496526444e-08,8.768103780299139e-05
46,2.5280036953110417e-06,0.00016141886480788116,4.6718359336922484e-05,2.0020854419066543e-05,0.00031188059962724516,0.002400792876681072,0.00031855667639655715,0.00043207406558568056,0.40294163095389984,0.026727161530381283,4.5508928565717365e-05,9.553470412316265e-07,3.293634800384073e-08,4.849394990844431e-05,0.001336041296622694,0.0019137941906027173,6.1736594560070305e-09,1.1882905557639488e-07,0.5624244627129011,1.2079618433150824e-06,0.0006707145707640414,7.857890077150936e-05,1.1558058524068752e-07,6.612695401246668e-08,0.00011711970954593099
47,5.1355651309427425e-06,0.00017463963130374553,5.769440346704551e-05,1.639963081816803e-05,0.00023982192228240513,0.0026311470797464255,0.00043219514655278143,0.00048450633982219187,0.36175755331757936,0.026266771670008494,4.7329035337542585e-05,1.8418476177885954e-06,3.4239155248713457e-08,5.629330203059913e-05,0.001451151775055704,0.002884358575519718,8.92296696392636e-09,1.8176574684860773e-07,0.6024380098779978,1.7254866927492469e-06,0.0007616148347111051,0.00014825110736288878,1.3380853814234883e-07,7.523028080170894e-08,0.00014312548427470578
48,1.8997493491198083e-06,0.00018358758739229464,2.3431854535177567e-05,1.3236243791888983e-05,0.00021844185756837739,0.0012849769536641355,0.00026856784770823867,0.0004195554906417539,0.2780265856853319,0.02671046470044807,2.3509838682464546e-05,5.167122087450812e-07,2.7791369379629446e-08,3.5081578950853375e-05,0.0012572632377190424,0.0015207141172137947,6.09621157254642e-09,7.076855416911226e-08,0.6893705725871085,7.785842355228816e-07,0.0004690707647610293,8.923712217059736e-05,9.376866139851361e-08,5.53087319339204e-08,8.225375298979422e-05
49,2.2196668252669475e-06,0.00013793191359565566,5.424120187419312e-05,1.805684988732137e-05,0.0003960970253837946,0.004081491369171936,0.00030413955260359134,0.0003518229082223616,0.43653902186832055,0.026130543150406502,5.4200568090085996e-05,1.2192644270547255e-06,3.274106549938865e-08,6.438299563501528e-05,0.001334224521998976,0.0022776745660313,4.441446756308787e-09,1.279653729043305e-07,0.5274088008683384,1.372394000420814e-06,0.0006582468583047253,8.936021496420018e-05,1.1828372690445322e-07,4.771471981475242e-08,9.462109558667974e-05
50,8.683164931294642e-07,0.00011867166689115854,2.8838839896161992e-05,1.4301455983173887e-05,0.0002145216972767345,0.0017265350074270628,0.000287291005423617,0.0003006192786187207,0.4055789178699378,0.037833035287264845,1.4128263562225656e-05,2.653528819302963e-07,2.0784169694521883e-08,4.38206507758532e-05,0.0007221514377841532,0.0019164174927804806,1.4659107355446083e-09,3.970546141440131e-08,0.5507433787804396,8.188455402196e-07,0.00034137283248859135,4.26745387323964e-05,5.4559566742966526e-08,2.9186607897444463e-08,7.122567808557618e-05
51,1.762936076761985e-06,9.451599284050776e-05,4.686852452719545e-05,1.1739475227860287e-05,0.00031653057564926467,0.002427441950080495,0.0002141578534429878,0.0002933609153285077,0.44351192533275563,0.018980495551257102,2.5111714304423327e-05,6.592445713283061e-07,2.0838173899939882e-08,3.858298809647338e-05,0.0018996725934691955,0.003216369019424653,3.942090424182366e-09,3.6856172861741414e-08,0.5283720153907804,9.121455046213302e-07,0.0003852025560200792,4.347645254714646e-05,1.1106451028805066e-07,4.51214988135366e-08,0.0001189809656491853
52,9.753186440242295e-07,8.735351064832854e-05,2.99571573396004e-05,9.746641569022302e-06,0.00023930623965987875,0.00044847148302110487,0.00010854359055249769,0.0003093507986276041,0.2610172018222809,0.013609198387898922,1.0393292048035273e-05,4.346846149183909e-07,1.2437208282029739e-08,2.8637649582796082e-05,0.0008542696235127575,0.0009745687057325182,3.2527831451452027e-09,1.4620900084419243e-08,0.7218086258739541,3.219048031926443e-07,0.000339483917148838,3.1111538821528466e-05,3.194412537762238e-08,2.5650163637453465e-08,9.195995435878643e-05
53,2.3924986517501436e-06,0.00016399202655095773,4.872782806678027e-05,2.2766505719005093e-05,0.00016292515003903197,0.0040352265432548095,0.0009296612523204468,0.0003651111960555407,0.5459331467814074,0.028205481250997137,6.917366889855462e-05,5.277146469914798e-07,3.2245055286603255e-08,5.183052350703835e-05,0.002100693403226429,0.0034125262142123305,3.362122439757615e-09,1.261980464996175e-07,0.4137188875204592,2.3266397100871276e-06,0.0005832059759462727,6.146221151755147e-05,2.4080216351068744e-07,7.614249338461787e-08,0.0001294563449315186
54,1.42197339608374e-06,0.00010916780865090498,4.131748884443579e-05,2.2873958913389027e-05,0.0005603029438446104,0.0029495876194592413,0.00018402099077793855,0.0006046151945382903,0.40833932383788957,0.02120568535693301,9.531435082282016e-05,9.313527998289962e-07,2.6158328227672812e-08,3.195201574754661e-05,0.0009943877562800275,0.0010322191729177604,6.628887135785051e-09,1.6307933442731943e-07,0.5628314799037611,1.026125350909519e-06,0.0008750126740767652,6.460219672439207e-05,9.585004466652366e-08,6.162646076012907e-08,5.440393521633927e-05
55,2.0899176598584627e-06,0.00014299007342667296,5.280743551596621e-05,1.873901624488255e-05,0.000251320722065217,0.0021767247322958616,0.00030533502741071335,0.00034123832125975665,0.5316971272626428,0.02352735883645552,4.083671620299855e-05,7.932643166972371e-07,3.5640830922060684e-08,4.211576867820968e-05,0.0009307277283908755,0.0012821280304091906,3.505097752133784e-09,1.0498214487820999e-07,0.4385729175708795,1.1618891758517963e-06,0.00045257641582185985,4.847588244636895e-05,6.619227968189361e-08,5.496813052122631e-08,0.0001122701002174526
56,1.8886566213946632e-06,0.00015910170055722904,4.7450220531376094e-05,1.912795199161484e-05,0.00031641909261232283,0.0027059528726347216,0.00032677031079754584,0.00034569053830896463,0.4579796106837555,0.027143715152868595,4.2800779090007104e-05,7.277762957154827e-07,3.4319736053154045e-08,5.280718516049119e-05,0.0012262332251641599,0.0017797581885861968,3.8080590920859825e-09,9.823292570724846e-08,0.5071384244160543,1.1473166746006371e-06,0.0005521113492967159,5.971318762492999e-05,9.823856822450974e-08,5.5051701715031104e-08,0.00010025974438281311
57,6.931470909996567e-06,0.0008635725229895714,4.571885712792891e-05,8.202873417834947e-05,0.00026425474787590623,0.01803717938029348,0.0038370081260580813,0.00032808637950229184,0.5397674071253147,0.05753692444279903,0.0003294098900975488,4.4185513707278666e-07,7.595269914080285e-08,0.0001418181915095935,0.0040396426801707465,0.004339466397667838,3.359918917050848e-09,9.542730313660377e-07,0.3687411512198046,3.845452120582805e-06,0.0012389289639849449,8.194488039568278e-05,1.5038478628361861e-06,2.60593231166454e-07,0.0003114406553188705
58,2.1529953930637148e-06,0.00016721979633302684,4.853910182281233e-05,1.9092291402504797e-05,0.0003151223739572203,0.0026529664838060864,0.00034660340023404216,0.00037074374417224074,0.44750354004649323,0.027895249209508453,4.4919580572679926e-05,7.669566847153328e-07,3.358669554801067e-08,5.055826661967333e-05,0.0013118308178741126,0.0018561723956539065,4.462501076854863e-09,1.0884326561248553e-07,0.5166368162805849,1.1363037525963329e-06,0.0006031974425115644,6.543565884871418e-05,1.0713044205782142e-07,6.432267210912543e-08,0.00010761850819796739
59,2.3887983218207483e-06,0.0001619036070855563,5.7879880851623615e-05,1.9511063735469214e-05,0.0003168903445456676,0.002633443648937802,0.000368522913893904,0.0003965339487460328,0.47264697771100533,0.02735698955156762,4.686519810948717e-05,8.296394238789308e-07,3.4758324943798464e-08,4.960408242429807e-05,0.0013048613599770645,0.0019686333390485037,4.692179690390206e-09,1.1580827480260047e-07,0.4918804082918841,1.26447759174386e-06,0.0006091435744261306,6.331069124138214e-05,1.0484943094346685e-07,7.36854126890604e-08,0.00011370408355968736
60,1.8622640624373197e-06,0.00014947233275131516,4.455471484893347e-05,1.875465945097235e-05,0.0003069020835542982,0.0027815588413719105,0.00031890080963543004,0.00034397328889641034,0.442744862404589,0.027260048322533228,4.1850950236598284e-05,7.183560883490267e-07,2.9238261930347284e-08,5.175676572713955e-05,0.0012472666879182928,0.0018949365885501436,3.6456892687218623e-09,9.541870086025225e-08,0.5220401598329538,1.0990752507331538e-06,0.00058702983400857,6.0461133265626015e-05,1.0077637653463559e-07,5.0538767543651833e-08,0.00010355143651081081
61,2.124646002296363e-06,0.00015503553739827633,5.796572628728568e-05,1.866325934617911e-05,0.00032326693106548437,0.0025760248827525565,0.00033441322296405573,0.0003618850996762261,0.4768142036782366,0.025205885420534663,4.609281023547779e-05,8.210797850692822e-07,3.321625247760847e-08,5.1264901823551514e-05,0.001259371431411912,0.001811099075452076,4.21327585811706e-09,1.0134805935920037e-07,0.49023632576416015,1.184482400933167e-06,0.0005766115445544017,5.95078140260009e-05,9.381008684515292e-08,6.260148276346982e-08,0.00010795750272955378
62,1.8622640624373197e-06,0.00014947233275131516,4.455471484893347e-05,1.875465945097235e-05,0.0003069020835542982,0.0027815588413719105,0.00031890080963543004,0.00034397328889641034,0.442744862404589,0.027260048322533228,4.1850950236598284e-05,7.183560883490267e-07,2.9238261930347284e-08,5.175676572713955e-05,0.0012472666879182928,0.0018949365885501436,3.6456892687218623e-09,9.541870086025225e-08,0.5220401598329538,1.0990752507331538e-06,0.00058702983400857,6.0461133265626015e-05,1.0077637653463559e-07,5.0538767543651833e-08,0.00010355143651081081
63,1.914962049105222e-06,0.00017079052291804427,4.488561613274998e-05,1.849180856595164e-05,0.00029168565771152204,0.002629883145106655,0.0003308470785261047,0.0003442183066028604,0.4597980174717998,0.027358687556576985,4.276180604752903e-05,6.786416963386948e-07,3.1903861315939733e-08,4.996943000971112e-05,0.001286531739186595,0.0017263504527949337,3.826957788774209e-09,9.941333159239107e-08,0.5051733382601672,1.1240232618590949e-06,0.0005617823999967588,6.270286232729766e-05,9.749700739564585e-08,5.576601359109155e-08,0.00010504985135024322
64,1.8223311773040512e-06,0.00014510242881801209,4.097585253718844e-05,1.9830304936668555e-05,0.000319187388016746,0.002696662857167907,0.0002961862451663741,0.0003804961503454718,0.40362932909500304,0.028325252128361674,4.447802353502769e-05,7.499636141471185e-07,2.401993729532531e-08,4.905445443172663e-05,0.0013194073830802395,0.0019518234861353504,4.1095874871234185e-09,1.0285137707174675e-07,0.5597954415006523,1.0040159886415921e-06,0.0008120002848568807,6.110477014121419e-05,1.0889976485862392e-07,5.203379746928061e-08,0.00010979942156982351
65,1.804485707065209e-06,0.00015309986099806532,4.3693176628496744e-05,1.7104081691377893e-05,0.0002665034299144472,0.0023338516008930854,0.00032182872427156847,0.00034047539758067766,0.46902636658981106,0.025287126503685534,3.888421450635272e-05,6.166610772701011e-07,2.917525122457275e-08,4.524785633364153e-05,0.0012377020236932707,0.0016453983454624962,3.517536419407562e-09,8.415661123801267e-08,0.498576552567869,1.0492429633130737e-06,0.000505618035093024,5.677822876467548e-05,8.766196549436318e-08,5.227056385232289e-08,0.00010004219112743094
66,5.407167834769658e-07,4.679602729351063e-05,4.168985903597572e-05,1.3152794139872074e-05,0.00027399923264507863,0.0014747860022570536,0.0001638070397127832,0.0003176099838741759,0.43244936941746104,0.03534839022721114,7.477728298672827e-06,3.5431029500373347e-07,2.355530406395921e-08,4.116755590683754e-05,0.0002943496437834255,0.0024239556946887134,1.0084200450749399e-09,2.1911180353133033e-08,0.5268222229511085,1.0683233489104435e-06,0.00021243781503324467,2.5271010941261903e-05,2.4372526698236192e-08,1.6057628687985714e-08,4.146676112152503e-05
67,2.4440252799436393e-06,0.00016537229003372076,5.5961946974588977e-05,2.432952007390408e-05,0.0003677194434805087,0.0046008533628196764,0.0004476496174064316,0.00033688671768250473,0.41654433772135496,0.02998144500120636,5.761002933248461e-05,1.067906113293253e-06,3.6596408866760096e-08,8.177562311497602e-05,0.001699339750199995,0.0033404300220866543,4.313124740460392e-09,1.3185225002732697e-07,0.5413235671208146,1.6899758241086221e-06,0.000756260843617844,7.461572120919701e-05,2.0160347705556406e-07,5.719806183538761e-08,0.00013621179805164255
68,1.9283981947497115e-06,0.0001524794709865792,4.4883102038912656e-05,1.930217795267001e-05,0.00030837237814421614,0.0028953298770989767,0.0003277937446548897,0.0003484575990165156,0.442377801749193,0.027686681305089614,4.377978100278749e-05,7.423705025969399e-07,2.9622083151862792e-08,5.254182300701949e-05,0.0012737645041955728,0.0019437231796559506,3.76887976523453e-09,1.0152721926221021e-07,0.5217425333450427,1.1385774748457055e-06,0.0006095840683307531,6.226780600402327e-05,1.0633284548257061e-07,5.197658631925487e-08,0.00010660151479964277
69,1.6240812099242908e-06,0.000137900312133787,5.479636953679119e-05,2.7080262052376206e-05,0.00021637446078114306,0.0018216130278854246,0.0003402843077836207,0.00048159813946880214,0.4932813702790782,0.03548082806143237,3.075477394751097e-05,5.855221193569643e-07,3.045806690839541e-08,3.560054601305171e-05,0.0009384034072144981,0.002174776231703944,3.801961880835135e-09,8.948825591023985e-08,0.4641752931380156,1.837108136905352e-06,0.000601966550951952,3.8477335851844475e-05,8.468164822313013e-08,6.62527684027414e-08,0.00015856140198180357
70,3.6065889359809663e-06,0.00019218331585150254,0.00013398921851500364,3.0857476500106916e-05,0.00055983619834121,0.00614961064093437,0.0004967607202001638,0.00022756804205852023,0.4842021475595816,0.029647056074117172,5.1731339694333714e-05,2.092170567059697e-06,5.8100398303651636e-08,0.00023136127904437696,0.0013539515350637914,0.003999489425044793,3.54993757596098e-09,1.4721775220329073e-07,0.4717046479828467,2.0250140065322995e-06,0.0007110510855970718,8.220171022914306e-05,1.8139993097295944e-07,4.973035138650123e-08,0.00021739262450025146
71,2.6961578819475547e-06,0.00014784904601344793,4.752525476524799e-05,2.2523300071393193e-05,0.0002568355462355496,0.0028844048196632554,0.0004783063524083567,0.0004464187672843281,0.4022309147403396,0.026587159928445358,5.470292441035713e-05,9.201046678991494e-07,3.25025264272234e-08,5.3877007813830216e-05,0.0014111075434780189,0.002614331746640283,4.99359858004683e-09,1.3340737403259664e-07,0.5618499106419779,1.6273717814352554e-06,0.0007212856014960006,6.980592892081923e-05,1.569604910767347e-07,6.611427441619903e-08,0.00011740323744063877
