,0,1,2,3,4,5,6,7,8,9,10,11,12,13,14,15,16,17,18,19,20,21,22,23,24
0,6.072236457089757e-07,3.102337907000806e-05,7.736066976441021e-05,5.208223677867932e-06,0.00036369157514303305,0.0026164288522485765,0.00016194611447135557,0.0001797630769565351,0.6879434586345982,0.009466408908385928,2.576661249927353e-05,4.4301501673527963e-07,2.054313668931172e-08,3.240680076213598e-05,0.0006118352577739125,0.0014060116361795138,7.435702664813575e-10,1.742443082454179e-08,0.29691663752773245,7.036979885101556e-07,0.00012577622006369757,1.6869561882165003e-05,1.9191132071350325e-08,1.768884838827339e-08,1.757742102180239e-05
1,0.002179795723044282,0.2576762805524551,0.00038580966225509655,0.02266609690187946,0.0393020814554394,0.08080936856783538,0.009731463798454132,0.0032414735509532795,0.0025330554813938044,0.10077813439246451,0.06769708413601694,0.002266061695826355,9.085467908057867e-06,0.03131933224357359,0.010723859392787093,0.0010709611783466424,5.50767681296633e-05,0.03947811982556438,0.04360543642964189,3.067230512752662e-05,0.17600004329970786,0.07823728319724092,0.008494829715151657,0.0002669194047098555,0.021441674854093075
2,1.1756670103474017e-06,0.00011055288193333854,3.39200160781202e-05,1.1462638957105263e-05,0.00024632801832143414,0.002779747107783242,0.00028127520018274,0.0002377962194996422,0.4475481685680155,0.0218833019262149,2.541890093891803e-05,4.387400182957567e-07,1.735778334776176e-08,5.1780919551180124e-05,0.001942761768836424,0.002549821012566094,2.1665682381969815e-09,3.919650470294258e-08,0.521700429903186,8.15721253231055e-07,0.0004455498374085253,5.418075232147951e-05,1.0543099169909182e-07,2.989249667780558e-08,9.488015557876932e-05
3,1.0799180785363012e-06,0.00011193021602911565,4.3226689164663666e-05,1.3283153326358555e-05,0.0002719295301109485,0.002481242200545128,0.00026282551573393484,0.00023438956441957458,0.5167323575369803,0.022668376302993346,2.8050333652267443e-05,4.271322473217491e-07,2.1625646889338164e-08,4.7770119118713196e-05,0.0010608375253561733,0.0016294460192710163,1.6014491501865065e-09,4.5978255765171245e-08,0.45392292666651823,7.962608651396308e-07,0.0003743929664723627,3.571446242726458e-05,5.921942864075943e-08,3.076933665051119e-08,7.88386925725466e-05
4,1.0733659709865945e-06,0.0001217545954381729,4.8427791772601593e-05,1.3812164709663488e-05,0.0003150290176717361,0.00261227034899397,0.00026834824804330927,0.00022358696771035937,0.5289486905744597,0.023108782879340508,2.8748595177809445e-05,4.511388775177134e-07,2.6995046263860566e-08,5.610960060338697e-05,0.0010331306431290612,0.0015622649361941873,1.6167371135100335e-09,4.747430996592654e-08,0.44119192044694766,8.174841271270211e-07,0.0003541257406896152,3.6793083752583765e-05,5.874789241770278e-08,3.2412296638919435e-08,7.369513010756459e-05
5,1.2330358622629569e-06,0.0001380565778195071,4.468316871775567e-05,1.843401157548975e-05,0.0003174519013634174,0.002965781449215448,0.00030184565058967205,0.0002676053130755887,0.49456681023986127,0.028734377008675288,3.422914400091463e-05,4.706754594431651e-07,2.6208738670216354e-08,5.474693269185026e-05,0.0010335828580944986,0.0017776432737566603,1.886765313357943e-09,7.007294978880533e-08,0.4691302516358426,9.602198003743813e-07,0.0004802258140085754,3.914462710104405e-05,7.690825510341927e-08,3.904372445846447e-08,9.225234205504283e-05
6,1.0799180785363012e-06,0.00011193021602911565,4.3226689164663666e-05,1.3283153326358555e-05,0.0002719295301109485,0.002481242200545128,0.00026282551573393484,0.00023438956441957458,0.5167323575369803,0.022668376302993346,2.8050333652267443e-05,4.271322473217491e-07,2.1625646889338164e-08,4.7770119118713196e-05,0.0010608375253561733,0.0016294460192710163,1.6014491501865065e-09,4.5978255765171245e-08,0.45392292666651823,7.962608651396308e-07,0.0003743929664723627,3.571446242726458e-05,5.921942864075943e-08,3.076933665051119e-08,7.88386925725466e-05
7,1.0763197886900798e-06,0.00011083206002089675,4.2832014053854976e-05,1.3267308904885092e-05,0.00027244654907858184,0.002497977653844891,0.0002610390786425052,0.00023441429439881287,0.5138358049235436,0.02274557721024291,2.7846938710805086e-05,4.278625412002106e-07,2.1280338913729193e-08,4.7816150124248107e-05,0.0010654805722715615,0.0016515314077508935,1.5988408204502464e-09,4.5777362169817437e-08,0.4566976683328467,7.923398371832825e-07,0.00037803538152657485,3.583728181218043e-05,5.976084714169059e-08,3.042923710137739e-08,7.91374734330203e-05
8,1.4268306073636977e-06,0.00014908771909265966,5.0765488657855424e-05,2.0042239016319112e-05,0.00025455988381643943,0.0020620339568480505,0.00035407592417534495,0.00027493956739624227,0.481119503999005,0.03865319620429871,1.6210551706360524e-05,3.666477501720055e-07,2.3389330582413807e-08,6.319845195737956e-05,0.0011203347408560388,0.002690531694760339,1.8020542196784875e-09,4.42236450186368e-08,0.47250136443045826,9.272311288371076e-07,0.0004643621998000338,3.615823545357121e-05,8.326323076305845e-08,4.4828139445800174e-08,0.00016671649681491478
9,1.057004804654844e-06,0.00015455079409312455,7.143491893742849e-05,1.614502468062749e-05,0.00022905690003463173,0.0012722597759003453,0.00028705348136647045,0.0002332755599971284,0.6509682668215253,0.02818800975537504,1.584810000510587e-05,2.694358981161702e-07,3.1821715384878686e-08,4.112154277051512e-05,0.0007336624264852124,0.0012014892472757088,1.3784708152106456e-09,3.5341548542627525e-08,0.3161862976069354,8.558857158263103e-07,0.0002588912842909626,2.070681356268044e-05,3.325125134062027e-08,5.400653392967408e-08,0.00011959182082576118
10,1.0799180785363012e-06,0.00011193021602911565,4.3226689164663666e-05,1.3283153326358555e-05,0.0002719295301109485,0.002481242200545128,0.00026282551573393484,0.00023438956441957458,0.5167323575369803,0.022668376302993346,2.8050333652267443e-05,4.271322473217491e-07,2.1625646889338164e-08,4.7770119118713196e-05,0.0010608375253561733,0.0016294460192710163,1.6014491501865065e-09,4.5978255765171245e-08,0.45392292666651823,7.962608651396308e-07,0.0003743929664723627,3.571446242726458e-05,5.921942864075943e-08,3.076933665051119e-08,7.88386925725466e-05
11,1.1460184611211715e-06,0.00011970795138359067,4.586104651317371e-05,1.3873371604870604e-05,0.00028197041429181346,0.0025169090602574456,0.00027553386815910234,0.00023770875499526742,0.5230133593506938,0.022942086146541963,2.9316031039361482e-05,4.5101390016015823e-07,2.47695636765243e-08,5.084189183923453e-05,0.0010567721202934099,0.0016055232008733915,1.7060651038962502e-09,4.980634970991562e-08,0.44732214064808107,8.454027784852818e-07,0.0003688445145663133,3.71184022132762e-05,6.126218616815298e-08,3.3372885085748464e-08,7.981987446343671e-05
12,5.782510272497076e-06,0.00041660887376453735,8.254546130182049e-05,5.610994640893664e-05,0.0018439024472564688,0.01697341466586652,0.0005694884215713123,0.0003605197220816296,0.19775954486509,0.06638632453031437,9.841658191624302e-05,4.117871595915023e-06,8.745859583863994e-08,0.0004943037101127432,0.0021593640654660527,0.00809650107941465,1.1218718675623147e-08,6.417052003913537e-07,0.7022272830648038,2.134988677885217e-06,0.0019327064563764251,0.00032415116798915054,1.1198297457359355e-06,1.0527460887062202e-07,0.00020481408284950356
13,1.1370260758990322e-06,7.213127172271958e-05,5.555426838403714e-05,9.157228761898017e-06,0.0002649634101414168,0.001647586318842923,0.0001931727899168237,0.0002203621041808405,0.5174120822395082,0.008539305671009438,4.584765329126782e-05,8.349535014380314e-07,1.8237253197296795e-08,4.777436250067659e-05,0.0011545000005906945,0.0009092844745058117,2.0409388783391745e-09,3.290338477428343e-08,0.4689820025167576,6.301324256513486e-07,0.0003488794294268042,3.787905291961318e-05,3.908062840718286e-08,2.038767873052651e-08,5.680244565212174e-05
14,1.9284776742355073e-06,6.269103603607801e-05,4.738050073086332e-05,1.1284143121414951e-05,0.0002200026789007738,0.0021142053870197106,0.0002714426996286376,0.0002641447790585555,0.44819549142112036,0.01253276238159152,2.754919994289813e-05,8.334913655194481e-07,1.5670466162275433e-08,5.1708523087028886e-05,0.0014625918062368078,0.002210810868764309,2.5028531558840245e-09,3.9466423905140906e-08,0.5319705549872917,7.694377324513648e-07,0.0004016449231399219,4.3507304902838094e-05,8.562315234581356e-08,2.6449921703793005e-08,0.00010852623983701827
15,1.0799180785363012e-06,0.00011193021602911565,4.3226689164663666e-05,1.3283153326358555e-05,0.0002719295301109485,0.002481242200545128,0.00026282551573393484,0.00023438956441957458,0.5167323575369803,0.022668376302993346,2.8050333652267443e-05,4.271322473217491e-07,2.1625646889338164e-08,4.7770119118713196e-05,0.0010608375253561733,0.0016294460192710163,1.6014491501865065e-09,4.5978255765171245e-08,0.45392292666651823,7.962608651396308e-07,0.0003743929664723627,3.571446242726458e-05,5.921942864075943e-08,3.076933665051119e-08,7.88386925725466e-05
16,1.1316587041994212e-06,0.00014141896036432507,3.381971642233028e-05,1.960248821313931e-05,0.00026898578889940155,0.003123401078925131,0.0003226965115061938,0.00031563117116106815,0.4171817820965594,0.0445746416977057,3.004495275412155e-05,4.5083746999063723e-07,2.0008075653859494e-08,5.230238076887637e-05,0.000969048820565449,0.0024513858836552826,1.9567594035520835e-09,8.310103698051606e-08,0.5295940494401725,1.0216373528399296e-06,0.0007771278233877876,4.848758596171436e-05,8.436162806708257e-08,3.6047233530742186e-08,9.274399471694167e-05
17,1.7860379001676663e-06,0.00014264129852428243,5.527451191649919e-05,2.5003308682959223e-05,0.00035891790992546613,0.0032350868801304137,0.00037075296298285146,0.0002765786417455019,0.44989614793339167,0.027750647684328306,3.7545239602687457e-05,7.190087460006589e-07,3.2743360083983694e-08,9.141455578638485e-05,0.0009976748735138203,0.002159620069988323,2.1733116103610463e-09,8.69011481312043e-08,0.5138691035258585,1.1297165536633528e-06,0.0005599133488512882,4.457700940381745e-05,1.0980663649219068e-07,3.961240978981173e-08,0.00012519424530133208
18,2.926326818986412e-06,0.00018124015801501442,5.438192569038957e-05,1.7997425045814552e-05,0.000247567260540034,0.0018236825974981728,0.000363116870363582,0.0003394727927065601,0.4304167778034023,0.028627011138600313,2.8195587201508165e-05,8.217387600141341e-07,3.050533170975446e-08,5.6769937707229476e-05,0.0011241208498829652,0.0017737384057161464,4.3837347717428034e-09,1.0386483196303847e-07,0.5341477412702417,9.303295842722141e-07,0.0005491527923787752,6.942156928958039e-05,8.558294018283702e-08,6.61329139793659e-08,0.00017464275080409928
19,7.602467409856601e-07,9.272033707651833e-05,5.555251658330191e-05,1.0850723197814759e-05,0.0003348796224405792,0.002131268667587766,0.00017764787647135322,0.0001943355229760156,0.5990927098018562,0.019779065869792466,2.2471245510740944e-05,4.308990906760491e-07,2.4888876051435764e-08,4.7670763202948427e-05,0.0007508120573178806,0.0010847369889389637,1.2158638098817566e-09,3.234795105681744e-08,0.37588432225061497,6.747111215811372e-07,0.0002529467035704216,3.0335725447171024e-05,2.9745777480206538e-08,2.3756349224867815e-08,5.569551564390631e-05
20,8.118004433460452e-07,0.00010340234510276591,3.106406760708284e-05,9.613359149283888e-06,0.00024834587291821375,0.0017605902613375413,0.00018289946561353765,0.0002595608119880408,0.4760560055557765,0.02132268905675664,2.0686874459150457e-05,3.4362100771530424e-07,1.520700878993789e-08,3.511370623986253e-05,0.0012165527856813926,0.0012807220044836897,1.8614657198828716e-09,3.308494841856868e-08,0.49698047403799306,5.809193617217517e-07,0.0003760063346793915,4.960163285725635e-05,4.6970162782236186e-08,2.6256555344273072e-08,6.481210640291013e-05
21,1.8528204558499803e-06,0.00011936469796636082,6.964004860705927e-05,2.2713149314025466e-05,0.00036346941873641143,0.0038494031846092883,0.00045820452632038574,0.0002850204499509414,0.46235251908038255,0.033328143893932564,3.578643909918614e-05,8.763641363414749e-07,3.86140439369403e-08,8.869624416699009e-05,0.000968705099885739,0.0035621224156218313,2.0041934664808335e-09,7.928755209143008e-08,0.49381159214206266,1.5151215588070278e-06,0.0005371310370761569,4.0342092245009145e-05,1.0748868594302957e-07,4.273090149009461e-08,0.00010263164849485013
22,1.582681377825546e-06,0.00011314981968958105,5.7492634032169395e-05,1.633645363802531e-05,0.0003038054792178728,0.003435630342481214,0.00035378407636964737,0.0003069916128875131,0.4884121082349919,0.02430492063931333,4.693115811979446e-05,7.005360444410241e-07,2.2657303668109347e-08,5.877839494531324e-05,0.0011491817746604501,0.0023352223764490174,2.402839078081568e-09,8.3644225091476e-08,0.47836705196623464,1.2119343668952845e-06,0.0006011556278330705,4.972205132527564e-05,8.698931534172094e-08,3.975258708517685e-08,8.400675975196839e-05
23,1.0799180785363012e-06,0.00011193021602911565,4.3226689164663666e-05,1.3283153326358555e-05,0.0002719295301109485,0.002481242200545128,0.00026282551573393484,0.00023438956441957458,0.5167323575369803,0.022668376302993346,2.8050333652267443e-05,4.271322473217491e-07,2.1625646889338164e-08,4.7770119118713196e-05,0.0010608375253561733,0.0016294460192710163,1.6014491501865065e-09,4.5978255765171245e-08,0.45392292666651823,7.962608651396308e-07,0.0003743929664723627,3.571446242726458e-05,5.921942864075943e-08,3.076933665051119e-08,7.88386925725466e-05
24,9.617030245589867e-07,0.00016208730189585756,4.414613030779264e-05,1.9451337281382715e-05,0.0003712244646169469,0.003110586901184113,0.0002687447048368456,0.00022095057904998068,0.47977895674550936,0.03253399046793434,2.881907527314052e-05,4.244629283044099e-07,3.06395759722022e-08,7.292566533145959e-05,0.0008492144252353703,0.0016427878707013465,1.4028106590665723e-09,6.187763010590653e-08,0.48034636962793337,9.323694105060847e-07,0.0004254466397145262,3.884929007264491e-05,6.485481924875405e-08,2.993521673858097e-08,8.294152770546918e-05
25,1.5972778624215671e-06,0.0001014763623256721,5.13627205769585e-05,1.8506697282875515e-05,0.0002368034753210908,0.0018339576109379404,0.0003839678931881739,0.00040943648750118845,0.44523978372360595,0.017502895227510838,5.048834387730963e-05,6.996536388412486e-07,2.7598817329036108e-08,4.5461933405422674e-05,0.0008974398120678567,0.0014797247476627245,2.594067261409157e-09,7.003378887627241e-08,0.5311633201067426,1.2834482842176308e-06,0.00047114816416245285,3.806071327859142e-05,6.951595221344408e-08,4.139407848352868e-08,7.237446406264253e-05
26,2.4222965918491362e-06,0.00014951502388951468,7.098302005232474e-05,1.548577332124276e-05,0.0002565172051042009,0.0019290271746104327,0.0003676576118299738,0.000343218588787292,0.5983341196211004,0.022827871551436226,3.623633202953475e-05,6.018463662732848e-07,3.804577524040712e-08,3.779220551039311e-05,0.0009462398923571634,0.0013023932183815656,3.5065408441972573e-09,9.450146368115042e-08,0.3728823570965531,1.0415106658567522e-06,0.0003527832701456085,4.344727738045172e-05,6.011607853785397e-08,8.387657591332963e-08,0.00010000943745237041
27,8.274055801593999e-07,8.356868594946843e-05,3.348272674496063e-05,8.431258319324811e-06,0.0001788184159664403,0.0019722813527308716,0.0001984296242295513,0.0002252930292542983,0.5891962108587836,0.01962624140572007,1.7793208964546137e-05,2.722136354533984e-07,1.225558524192382e-08,2.9127503989509517e-05,0.0011734683751890042,0.0014325288240870388,1.331979956725166e-09,3.007588268238137e-08,0.38541442145706695,6.537149678841165e-07,0.00029382281241233647,3.766944019020941e-05,4.2070120189380755e-08,2.465118883347568e-08,7.654730146136787e-05
28,1.0799180785363012e-06,0.00011193021602911565,4.3226689164663666e-05,1.3283153326358555e-05,0.0002719295301109485,0.002481242200545128,0.00026282551573393484,0.00023438956441957458,0.5167323575369803,0.022668376302993346,2.8050333652267443e-05,4.271322473217491e-07,2.1625646889338164e-08,4.7770119118713196e-05,0.0010608375253561733,0.0016294460192710163,1.6014491501865065e-09,4.5978255765171245e-08,0.45392292666651823,7.962608651396308e-07,0.0003743929664723627,3.571446242726458e-05,5.921942864075943e-08,3.076933665051119e-08,7.88386925725466e-05
29,1.0799180785363012e-06,0.00011193021602911565,4.3226689164663666e-05,1.3283153326358555e-05,0.0002719295301109485,0.002481242200545128,0.00026282551573393484,0.00023438956441957458,0.5167323575369803,0.022668376302993346,2.8050333652267443e-05,4.271322473217491e-07,2.1625646889338164e-08,4.7770119118713196e-05,0.0010608375253561733,0.0016294460192710163,1.6014491501865065e-09,4.5978255765171245e-08,0.45392292666651823,7.962608651396308e-07,0.0003743929664723627,3.571446242726458e-05,5.921942864075943e-08,3.076933665051119e-08,7.88386925725466e-05
30,1.0799180785363012e-06,0.00011193021602911565,4.3226689164663666e-05,1.3283153326358555e-05,0.0002719295301109485,0.002481242200545128,0.00026282551573393484,0.00023438956441957458,0.5167323575369803,0.022668376302993346,2.8050333652267443e-05,4.271322473217491e-07,2.1625646889338164e-08,4.7770119118713196e-05,0.0010608375253561733,0.0016294460192710163,1.6014491501865065e-09,4.5978255765171245e-08,0.45392292666651823,7.962608651396308e-07,0.0003743929664723627,3.571446242726458e-05,5.921942864075943e-08,3.076933665051119e-08,7.88386925725466e-05
31,1.245324982720022e-06,0.0001399516081672045,5.85534269919533e-05,1.6182028841811594e-05,0.0003313185340013856,0.0015583512668820724,0.0002387044656031864,0.00029821118231829603,0.4998595347122746,0.027296951366522253,2.0063420598582087e-05,4.185945253866898e-07,3.0850538241745335e-08,4.817914282156136e-05,0.0006677719697450388,0.0012870321839959682,1.8747465924436064e-09,5.065347102852727e-08,0.4677248494766059,7.905652302343405e-07,0.00033296657510881005,3.1680317113849186e-05,4.104963226663595e-08,4.625765807584905e-08,8.707315162315024e-05
32,9.601482200191041e-07,0.00010107278050312827,3.979921172519709e-05,1.1735146764606589e-05,0.00025196394493505806,0.002148520410260407,0.00023425997582157885,0.00023218441209296788,0.5091154436329268,0.02094181213170507,2.4246103758061626e-05,3.869174632761935e-07,1.9003206479417026e-08,4.310680545092703e-05,0.001031547832352117,0.001519651616849176,1.5242134687456654e-09,3.826987173428211e-08,0.463845315451508,7.178707155006034e-07,0.0003500998574173013,3.454153770179427e-05,5.1593130408118526e-08,2.735098203451029e-08,7.249647042477553e-05
33,1.378084074067661e-06,0.0001536506536228809,4.371626851183687e-05,1.4462908129770474e-05,0.00034978611918233326,0.002853457968429555,0.000288995587688501,0.000255916035514558,0.43664547226421996,0.025447300594187875,3.228753507455446e-05,5.467142999646364e-07,2.9235030420533667e-08,6.336069761848678e-05,0.001169038231380206,0.001834325131258154,2.256210176266125e-09,6.297029743885075e-08,0.5303018719013586,8.998869361577208e-07,0.00041062892826621857,5.6954517326801674e-05,7.969372035997768e-08,3.700520050204436e-08,7.573881246064855e-05
34,5.27554144768201e-07,5.157775636785359e-05,3.35224832706291e-05,5.0100607837644865e-06,0.00012309464606276356,0.0007767914654799719,0.0001296541489218487,0.00015952821102449658,0.6739902023859068,0.009774684385286808,1.0223851336260833e-05,1.6121654432182516e-07,9.816936784603399e-09,1.8714468370237004e-05,0.0006355141018574626,0.000567169064049989,6.926225328272905e-10,1.2158575125924153e-08,0.3135202744380973,3.1780809312661123e-07,0.000142147350295982,1.4955339924400202e-05,1.2337778946843192e-08,1.5936009648396492e-08,4.5878322258065194e-05
35,1.0892467434993432e-06,7.55718838917862e-05,2.7977173981537642e-05,1.0876987383991416e-05,9.203533047223063e-05,0.0006743179337074206,0.00015379520691814982,0.00038039340017818153,0.6154552359225275,0.022109336559377177,1.1248582467663316e-05,2.6009886470015046e-07,1.3554467082550539e-08,1.264809527945137e-05,0.0003200034926053067,0.00047909844244897705,1.638659897079554e-09,5.471463323700325e-08,0.35983263383178055,5.903196963816736e-07,0.0002429951208043853,2.575588423608774e-05,1.3813588457106523e-08,3.230556844502427e-08,9.402045971782855e-05
36,1.0103781073198593e-06,5.6883667087383566e-05,4.205845834200138e-05,6.501205372002666e-06,0.00022808017312736186,0.0006403551438198059,0.0001020609329326669,0.0002102073949220183,0.4197086704151252,0.011442578584124043,7.794963690644898e-06,5.658965771113145e-07,1.6476465185563552e-08,3.472408773368065e-05,0.0007505341720831174,0.0009750831615181884,2.10967404179379e-09,1.2797435166611555e-08,0.5654958564414376,3.3867441576390453e-07,0.00018791121063242196,3.079680572462756e-05,2.013479220415156e-08,1.7935760338320112e-08,7.79187791000164e-05
37,3.75442302310528e-06,0.00017929057199581998,9.027579643095933e-05,1.905227781236723e-05,0.00034991184914733194,0.0024637934947493684,0.0004966833715333692,0.00029772318224663245,0.43125239043005925,0.02060755493428017,4.394028736709844e-05,1.1250334189978661e-06,4.511437551777334e-08,9.942173219703752e-05,0.0009436285594387457,0.002034168096548698,3.2060105624702485e-09,1.0954940027408745e-07,0.5404984607538351,1.1761067055332722e-06,0.0004469705833230003,5.518731644731728e-05,8.538468566189117e-08,6.196851904574991e-08,0.00011518597644891516
38,1.7258920089001636e-06,0.00010206844615751307,4.4204874403166605e-05,1.3017579219052268e-05,0.0002607194526776509,0.00572022710906981,0.0005718185796479283,0.0002406281575088841,0.45695255684123554,0.024412794903336404,4.888634658166732e-05,6.063281655524533e-07,1.9168127419781446e-08,7.120567754382266e-05,0.0019899378029960865,0.004556909721316958,1.7723024269699775e-09,6.869547335681503e-08,0.5042875817784755,1.2149215698627736e-06,0.0005919421010672311,5.373480748118447e-05,1.6732227590628728e-07,3.478114899727557e-08,7.792694020914841e-05
39,1.0512341828789457e-06,9.335074039466174e-05,4.2761448872774006e-05,1.3433921871515235e-05,0.0002776440301104814,0.0025623823478281666,0.00024813634151394206,0.0002541612723604808,0.49576764262144357,0.02302858916949926,2.694900675870971e-05,4.593645304773402e-07,1.8659776723145992e-08,4.595926445297084e-05,0.0010368494918701228,0.0018887801394634274,1.6177345122797404e-09,4.475375413081866e-08,0.4741739592928075,8.154471742302039e-07,0.00042318342032138663,3.450187797633556e-05,6.160798850907007e-08,2.883327874931484e-08,7.923409403441251e-05
40,1.0971347297858426e-06,0.00011253635602505204,4.3534754063963086e-05,1.3012910909971518e-05,0.00027201293968992686,0.0024817531495591127,0.00026232076640632265,0.00023240019797486183,0.5158409069635548,0.022296368028056474,2.812545766035521e-05,4.354269131267098e-07,2.1589054366676023e-08,4.844887086395256e-05,0.0010706225912091862,0.0016194261868505318,1.6152030457121655e-09,4.601939290145143e-08,0.45518749027223127,7.892274943593021e-07,0.00037338812696054705,3.665932643566403e-05,5.893273492766981e-08,3.0555991014108756e-08,7.851260003448484e-05
41,2.8710828138095295e-07,5.905616546030058e-05,4.255245143236179e-05,5.2615130104370875e-06,0.0002506212163228592,0.0014762130014099985,9.402595355128114e-05,0.00010916055865548734,0.7286884479586723,0.01564954645172857,7.977326877524565e-06,1.1341906749968382e-07,9.394711139286612e-09,2.7598831261545528e-05,0.0007743741924950688,0.0009192379166834041,4.158653936244189e-10,8.355903873695937e-09,0.2516896087221706,3.1087563860579346e-07,0.0001488475212325492,1.378073580894545e-05,1.3111392140076444e-08,1.3775964731396374e-08,4.293302640197281e-05
42,7.134199850202132e-07,6.16995513155946e-05,2.3799568348995552e-05,6.154197187083962e-06,0.00015334488976946677,0.0013352318022551689,0.00016789066194071922,0.0003118143593842229,0.390173578008825,0.017587369545629207,1.4977561139325148e-05,3.108075951422206e-07,7.667265314890176e-09,2.257717863076528e-05,0.0012868770945971082,0.0020125995317730166,1.8409168635235952e-09,1.9737715404459995e-08,0.5863554144927697,6.274853966373087e-07,0.00038313079478968613,5.171380005989445e-05,4.358311379311453e-08,1.8106121136035638e-08,5.008431347556479e-05
43,1.3729503999876501e-06,0.00012634818329633731,5.472976848180716e-05,1.3965397098142376e-05,0.00026418105524501543,0.002307031490660061,0.0003147432640571783,0.00021837387252765438,0.5381708114017135,0.01868060327454295,3.276320385985312e-05,5.186636871312848e-07,2.8428719290479298e-08,5.725793489534438e-05,0.0010396949334759123,0.001447507726720749,1.6744494531939042e-09,5.015398443134957e-08,0.4368270038793048,8.820806663985043e-07,0.0003213242592290553,3.452120378352542e-05,5.889237926100007e-08,3.410732466025035e-08,8.619219949740669e-05
44,1.0799180785363012e-06,0.00011193021602911565,4.3226689164663666e-05,1.3283153326358555e-05,0.0002719295301109485,0.002481242200545128,0.00026282551573393484,0.00023438956441957458,0.5167323575369803,0.022668376302993346,2.8050333652267443e-05,4.271322473217491e-07,2.1625646889338164e-08,4.7770119118713196e-05,0.0010608375253561733,0.0016294460192710163,1.6014491501865065e-09,4.5978255765171245e-08,0.45392292666651823,7.962608651396308e-07,0.0003743929664723627,3.571446242726458e-05,5.921942864075943e-08,3.076933665051119e-08,7.88386925725466e-05
45,9.844185476206849e-07,9.764789592015838e-05,4.2729620501005805e-05,1.1230376920717017e-05,0.0002646218798341063,0.002197467424964989,0.0002472880099847294,0.00022916617945156265,0.525839394203134,0.01998389702347687,2.5165890681713626e-05,3.9183630899998793e-07,2.0467496669352245e-08,4.3344030483066094e-05,0.0010701481725607423,0.0015385786696764012,1.495608927096501e-09,3.6162556132354306e-08,0.4479867008684645,7.1412256720925e-07,0.0003199409480431862,3.333659828307285e-05,5.120767837236157e-08,2.8964748203986955e-08,6.711353210716633e-05
46,2.135111357317129e-06,0.00013490931148908488,4.861528517171415e-05,1.554897368639695e-05,0.00028557703100020123,0.0018310769639937362,0.00026671303164652976,0.0003911797070986824,0.42877714568450676,0.022107358292060626,3.422191548970199e-05,8.054175056657682e-07,2.852332298764443e-08,4.198957584984607e-05,0.0012556965239279329,0.0016900661274491496,5.11841216518564e-09,7.527155372871152e-08,0.5424390957646267,9.934316564868146e-07,0.0005075634574110187,6.40584730062014e-05,8.112642362011844e-08,5.6258322704307866e-08,0.00010500362303115401
47,3.021484321935705e-06,0.0001335452828754147,5.663526117549575e-05,1.1957300971977405e-05,0.00021836771952379427,0.0023902872258366077,0.00036044629630358865,0.0003418995530112134,0.4289278678594337,0.022591434596485157,3.2098457194680243e-05,1.1165953269422772e-06,2.5774643513058096e-08,5.295811138861447e-05,0.001251546125368167,0.0025432091552360743,4.0224364500082426e-09,8.905769357836658e-08,0.5403827671187117,1.2820225161982854e-06,0.000497765306111136,9.022633453273215e-05,8.041495210436783e-08,4.64871227809335e-08,0.00011132243682650493
48,1.1592557828356935e-06,0.00014545682160698123,2.380554376215183e-05,9.834097813436464e-06,0.0002027389460419251,0.0012025898511302128,0.00023275987062545554,0.00030046323017113345,0.34168830305296854,0.023402026508271435,1.65443233282135e-05,3.209837504307147e-07,2.161151209889427e-08,3.380861240810294e-05,0.0011285365828143672,0.001370298780850002,2.8150246935692596e-09,3.5800301765072567e-08,0.6298058083738868,5.913474999525796e-07,0.0003133782895558246,5.526506619503823e-05,5.7914524179718005e-08,3.558340624412106e-08,6.615673676795617e-05
49,1.2858866682378498e-06,0.00010336572647392551,5.2621713654910696e-05,1.2793931270160675e-05,0.00035061359036336193,0.0036515653451635213,0.000251075441730573,0.0002395470581190174,0.511269568878925,0.021766049561152516,3.638773747780649e-05,7.247456767247129e-07,2.427318864399616e-08,5.939878794120351e-05,0.001137074548159138,0.0019595605014668402,1.9456461035456036e-09,6.161514207433701e-08,0.4585629688534123,9.954366672635939e-07,0.0004195054413370511,5.2620731793756256e-05,6.953681079774564e-08,2.9032257987346444e-08,7.208967950124444e-05
50,5.580045143140585e-07,9.299120514723659e-05,3.048344099526881e-05,1.0469099154114682e-05,0.00020360863965351308,0.0015182280486217233,0.0002475713573548643,0.00021458147543522573,0.46669769686503465,0.0309995811655402,9.853780618711968e-06,1.6828839914580555e-07,1.5500554295159097e-08,4.3619495088770596e-05,0.0006317733381985127,0.0017060809980958894,7.249010840405249e-10,2.090343213351326e-08,0.49727319851277646,6.029570674277914e-07,0.00023384845517576548,2.82343201862466e-05,3.3544025107436346e-08,1.9581310821863335e-08,5.676029871839216e-05
51,1.0573453587846888e-06,7.541715879606533e-05,4.6064477039183625e-05,8.770091349926996e-06,0.0002834354535961126,0.0021734381781436927,0.00018581989423810952,0.00020537156877054757,0.5138266860452918,0.016292198781611804,1.7872039783654982e-05,3.9952976476279094e-07,1.5947386586456808e-08,3.720891268472893e-05,0.0015579716527045213,0.0026266190609856043,1.7738828419340526e-09,2.004941462068589e-08,0.4622824188326652,6.728832477823565e-07,0.00026056405869133355,2.7358073569095936e-05,6.522208665061373e-08,2.8642424252214346e-08,9.05243265121894e-05
52,5.991869516868053e-07,6.797965178233152e-05,2.9779571509232494e-05,7.050170994159468e-06,0.00021596931845960866,0.00042294742734226104,9.392435656957864e-05,0.00021415826431994873,0.3203295589714609,0.011708200305942686,7.316543440968923e-06,2.6167094342097116e-07,9.386465602539215e-09,2.698507310422845e-05,0.0007644937151482284,0.0008831554051323554,1.4493578264805273e-09,7.2628772926652654e-09,0.6649116696104046,2.4091359812089784e-07,0.00022345998443828137,1.8915864428937574e-05,1.925184051548205e-08,1.6001392974403013e-08,7.328064209415526e-05
53,1.4780857927742754e-06,0.00012385179545235396,4.918036123881135e-05,1.62306072773527e-05,0.00014928000463177178,0.003387790201240002,0.0007716277628159766,0.0002579614596459673,0.60269548645585,0.022680991026967686,4.5947894408038794e-05,3.209341423285849e-07,2.3198478842743464e-08,4.930457451209243e-05,0.0017506988958234744,0.002953563281872688,1.6135416362888592e-09,6.37881801451137e-08,0.3645406028733786,1.6745693583180715e-06,0.00038496357213003095,3.966444422561291e-05,1.4278128030791675e-07,4.9359091505782356e-08,9.910045866366606e-05
54,8.352554133374209e-07,8.193758193503106e-05,3.93905024743906e-05,1.5669855600870052e-05,0.0004914674010961414,0.0026923325360075903,0.00015232779987564852,0.0003971324846899429,0.48021947967785533,0.017626081662468124,6.402145023523968e-05,5.424764271954386e-07,1.9135311697204375e-08,2.9231097668845984e-05,0.0008657100600572529,0.0009038543201437621,2.861549653483106e-09,7.749968730781826e-08,0.49578480431172683,7.232160802584967e-07,0.0005550404783937427,3.8032914053205797e-05,5.5943161187563206e-08,3.701773676116867e-08,4.1192460350632703e-05
55,1.2127347503089423e-06,0.00010568030312799836,5.079150646818137e-05,1.3148305587803451e-05,0.00022298825356650297,0.0018713585493196315,0.0002460083885412488,0.00023296339015700052,0.5963780383786258,0.019159646251285172,2.6699859809550644e-05,4.680336524447308e-07,2.5588048704635786e-08,3.870085011216856e-05,0.0007710535677460685,0.0010892602991140947,1.5676095415962358e-09,5.046873366918826e-08,0.3793887835755397,8.261209341882005e-07,0.0002885848149585822,2.9230256990192425e-05,3.845766229994595e-08,3.3421876302390034e-08,8.440705578296022e-05
56,1.10064185214055e-06,0.00011912821917289705,4.603313272210436e-05,1.3593772946781812e-05,0.0002825569291917348,0.002386064529743179,0.0002675864870301898,0.00023791245782882822,0.5274419000352966,0.02255361408450174,2.847432352522987e-05,4.3368793386171196e-07,2.5171534474866637e-08,4.890546456365246e-05,0.0010349433070109895,0.0015324120079148779,1.6985090301629579e-09,4.752358059328366e-08,0.4435376453918396,8.298709108747408e-07,0.0003544499674402508,3.5889040822050955e-05,5.7785329083796897e-08,3.364961833211324e-08,7.636081918096596e-05
57,4.311588715775869e-06,0.000666296113459391,4.5883121689753144e-05,5.7335021271627776e-05,0.0002457591567461234,0.015338659610943233,0.0031586988730421903,0.00022781261077363092,0.5975876740651693,0.04666293157058365,0.00021850109283399216,2.696703836391059e-07,5.4822966460657925e-08,0.00013578251596101998,0.0034683348493810225,0.0037731783689274895,1.6426251817100154e-09,4.819532109887407e-07,0.3272856773046987,2.6839891185217077e-06,0.000824818683138977,5.373311697018868e-05,8.999094934150693e-07,1.7034365382834295e-07,0.0002400500042418714
58,1.2411092894662239e-06,0.00012568613724902778,4.6376889155265384e-05,1.3556202235188736e-05,0.0002793253564933098,0.0023419581382396254,0.0002822413159890468,0.00025561920486778686,0.5174802771501149,0.023438755532345045,2.9680241804177176e-05,4.51649700543922e-07,2.4653777984965846e-08,4.616339488935373e-05,0.0011081286521164395,0.0015928804611081303,1.9714276592680424e-09,5.208112504046089e-08,0.45245162095938934,8.21417274667643e-07,0.0003839734847478473,3.89237939427076e-05,6.286181972837332e-08,3.908136688935467e-08,8.213825953082645e-05
59,1.3669103290551993e-06,0.00012083714245376301,5.487844727442244e-05,1.3762273974256574e-05,0.00027903437424291465,0.002307668675627346,0.0002977969552730839,0.0002717056513645187,0.5424331658823083,0.02284025822203879,3.0728822522042306e-05,4.850862925551833e-07,2.53263130967301e-08,4.4971627269808686e-05,0.0010939664332127303,0.0016778457119208617,2.0592643568597583e-09,5.501294846578191e-08,0.42802170114270777,9.0776750002077e-07,0.0003851356617349025,3.742343808650664e-05,6.109754256141123e-08,4.443885557741583e-08,8.617183894217735e-05
60,1.0799180785363012e-06,0.00011193021602911565,4.3226689164663666e-05,1.3283153326358555e-05,0.0002719295301109485,0.002481242200545128,0.00026282551573393484,0.00023438956441957458,0.5167323575369803,0.022668376302993346,2.8050333652267443e-05,4.271322473217491e-07,2.1625646889338164e-08,4.7770119118713196e-05,0.0010608375253561733,0.0016294460192710163,1.6014491501865065e-09,4.5978255765171245e-08,0.45392292666651823,7.962608651396308e-07,0.0003743929664723627,3.571446242726458e-05,5.921942864075943e-08,3.076933665051119e-08,7.88386925725466e-05
61,1.210500602071405e-06,0.00011473965142220718,5.506561963382199e-05,1.3167454928695853e-05,0.00028478736243150066,0.0022647460418460602,0.0002699514147412646,0.00024718539442359055,0.54699461696954,0.020980224024880725,3.02521270936973e-05,4.820025779890413e-07,2.4198460995720794e-08,4.667497262839132e-05,0.0010512156046666133,0.0015459123237297702,1.839089543358972e-09,4.8075468204540916e-08,0.42561762922916435,8.519091831019973e-07,0.00036477172753632763,3.507240737018492e-05,5.457280493213945e-08,3.7440556189338825e-08,8.127713521977093e-05
62,1.0799180785363012e-06,0.00011193021602911565,4.3226689164663666e-05,1.3283153326358555e-05,0.0002719295301109485,0.002481242200545128,0.00026282551573393484,0.00023438956441957458,0.5167323575369803,0.022668376302993346,2.8050333652267443e-05,4.271322473217491e-07,2.1625646889338164e-08,4.7770119118713196e-05,0.0010608375253561733,0.0016294460192710163,1.6014491501865065e-09,4.5978255765171245e-08,0.45392292666651823,7.962608651396308e-07,0.0003743929664723627,3.571446242726458e-05,5.921942864075943e-08,3.076933665051119e-08,7.88386925725466e-05
63,1.1071404386269455e-06,0.00012775011394876832,4.317398058492886e-05,1.3087716070344206e-05,0.0002584799787451257,0.0023200792846932786,0.0002700703542294962,0.00023579556880675434,0.5307019478685523,0.022769500305847557,2.835036155947174e-05,4.0118565084508716e-07,2.3392638871902374e-08,4.585204818679398e-05,0.0010855447522523079,0.001479760562893472,1.6896736279030097e-09,4.7716019302899715e-08,0.44014313147425294,8.107804064363606e-07,0.00035786348074066146,3.7266991633534e-05,5.7125233632409954e-08,3.389388238535305e-08,7.986223305859987e-05
64,1.061309814693381e-06,0.00010968420932081262,3.982508685589018e-05,1.4268434197098462e-05,0.0002868223677444357,0.002423549918246646,0.00024463304372687186,0.0002647164984917964,0.473644885642006,0.024029078292559916,2.9868943216424547e-05,4.497045060203372e-07,1.7892052071280584e-08,4.562424991010424e-05,0.0011264103569309728,0.0017001916396452443,1.8293482291595337e-09,4.985181897714821e-08,0.49539285391514876,7.371168423522827e-07,0.0005240574689950767,3.66987448518433e-05,6.467561950616058e-08,3.181357928183787e-08,8.441699457082117e-05
65,1.0470413538386552e-06,0.00011462146066262975,4.2143260331000165e-05,1.2048075627651925e-05,0.0002354216939620976,0.0020534928815517644,0.0002633385922498286,0.0002318376759698029,0.5409294548149248,0.02089838872417517,2.582673581810118e-05,3.6400848527669543e-07,2.1371245047963246e-08,4.148379777429123e-05,0.0010464918982610663,0.00140519147120363,1.5529547697055047e-09,4.046609109859474e-08,0.43226681330982025,7.535719637317551e-07,0.0003213996545844694,3.366570966041939e-05,5.1287269185984015e-08,3.1914432352948394e-08,7.606902962770129e-05
66,3.4572934341430326e-07,3.645038855971214e-05,4.33916080432995e-05,9.49480106574958e-06,0.000257143167629149,0.0012857857183836236,0.0001413314674572107,0.00022554092572575054,0.49333838741678115,0.02894114677010855,5.1588716604552505e-06,2.2164448788112035e-07,1.7528194976454945e-08,4.047484136523759e-05,0.0002566350009104611,0.0021602443772116794,4.961786793697547e-10,1.1426631705941496e-08,0.4730640807189774,7.782781776786883e-07,0.00014420010248979577,1.664672336953742e-05,1.4944752437301643e-08,1.077333663511557e-08,3.248627915780546e-05
67,1.4459390842633844e-06,0.0001254738436874524,5.499644016774936e-05,1.754843193482971e-05,0.0003339091964455654,0.004088737672130592,0.0003702706289269112,0.00023606716411841953,0.48331483323326974,0.02524299844750892,3.869649212575681e-05,6.453071115425531e-07,2.7099361416136606e-08,7.683139891231401e-05,0.0014479580117610928,0.0029152425401794513,1.9626101212388914e-09,6.473307629041348e-08,0.4810886027415273,1.2376897728146555e-06,0.0004933382637786437,4.579243665873076e-05,1.201640758899415e-07,3.5484419369827965e-08,0.00010512467735470876
68,1.2850962225181659e-06,0.00012382484031726372,4.460606141316648e-05,1.5439019614422024e-05,0.00027905646227926843,0.0030429327745015947,0.00030098236551153964,0.00025190917495560337,0.5131634131733254,0.024695061896960184,3.5147243101704356e-05,5.045896842686231e-07,2.307330256639658e-08,5.146972289990743e-05,0.0011765968552389344,0.001858369079719198,1.899352147397328e-09,6.296013817451246e-08,0.4543709238872157,9.557581316037787e-07,0.0004542840417572,4.1626270336429346e-05,7.794712044585992e-08,3.535495352017814e-08,9.141045194732265e-05
69,1.0160250590190725e-06,0.00010725502867353582,5.5319654345321806e-05,1.9124694261596487e-05,0.0002026592199026737,0.0015671367803899874,0.0002827867877470726,0.00033618356749401694,0.5505953176844637,0.029050776328742926,2.057059552549243e-05,3.590277618456785e-07,2.2173431471288643e-08,3.4390501156095966e-05,0.0008120470613207464,0.0019069326926297173,1.863205271300927e-09,4.5539938155901896e-08,0.41445466338368875,1.2929443005526197e-06,0.0004033734620774618,2.5317230701884725e-05,5.123239521394286e-08,4.35741105439222e-08,0.00012331294667707485
70,2.048348304562272e-06,0.00014183639178035062,0.00012675634096227537,2.165315741996634e-05,0.0004911131642266683,0.005383799293532894,0.00039946662684667164,0.00015523511356349337,0.5544689814426422,0.024601798493868125,3.387339164777285e-05,1.2253791182832065e-06,4.2207024836370016e-08,0.0002093587184208877,0.0011277804131207148,0.003399967771002673,1.5477884480496442e-09,6.957785541209676e-08,0.40877375455953985,1.4519982278202903e-06,0.0004484292385324494,4.836474354096016e-05,1.0497297792523919e-07,2.9658098306650247e-08,0.00016285744995649261
71,1.5696351279997121e-06,0.00011202630027679657,4.603994979881925e-05,1.615405649443821e-05,0.00023151791726272542,0.002595127361112841,0.0003940560924034687,0.00031023859432826787,0.47125027458795476,0.022635755646394272,3.662098208460951e-05,5.513390737681795e-07,2.4208663742962754e-08,5.012996134854676e-05,0.0012081091027541977,0.0022823776436816604,2.2301048591738274e-09,6.455898120419616e-08,0.4982296954293176,1.1884434981235484e-06,0.00046609305625445454,4.210143377285565e-05,9.336512184809593e-08,4.0439814133234415e-08,9.014766437384164e-05
