,0,1,2,3,4,5,6,7,8,9,10,11,12,13,14,15,16,17,18,19,20,21,22,23,24
0,0.012390705244688367,0.0002590445206114302,4.863610486722725e-05,2.6026468879409482e-05,6.411437740438343e-06,0.00024766932966014413,0.0009317805038792797,0.34029989062411636,0.002135837501326005,6.885175644246957e-05,5.718872869492101e-06,3.6147692114744807e-05,0.05780336566319629,2.539313059904519e-08,3.708419596833025e-07,0.09341799759459544,0.005650064101177584,1.338765825986435e-06,0.4866486100467653,2.5048773924050343e-07,5.532843473910864e-07,2.0616068032716566e-05,8.349386243967726e-08,2.2475486584683688e-09,1.95462358540966e-09
1,0.008148874937968852,0.0004121882160336164,0.00020988165799221213,7.958964950497072e-05,2.1847558709344434e-06,0.0010297264765054114,0.0030657486245191795,0.3006801155274131,0.00010889646094340677,3.0273782260746403e-05,4.380841373398656e-05,0.0004863875658539988,0.21467137344002737,5.457127257236746e-07,2.127085005143923e-06,0.018384854837373812,0.047449646006936644,1.1189271148059843e-05,0.40480857935658404,6.742192866765877e-07,1.0747788064872274e-05,0.00036206320001133836,5.069582225631974e-07,5.720570548526377e-09,1.0335442886855058e-08
2,0.012333989601471484,0.00021174661668700085,4.518767045176078e-05,1.9263757508517954e-05,6.934687937829809e-06,0.00019090491230579654,0.0008946254399246049,0.3386784750520408,0.002525190716890526,8.393728443868997e-05,4.476971169728056e-06,2.5092308385994366e-05,0.039380518962996436,2.4912623768888204e-08,4.1440012336738575e-07,0.07528758636458015,0.0038365651298795603,1.214957049817094e-06,0.5264468810838978,3.555433040646498e-07,4.869551743487855e-07,2.6033330464253208e-05,8.832661120453983e-08,2.3960150060909807e-09,2.6180674221444388e-09
3,0.012314539590324046,0.0002562170828878269,4.870307108711193e-05,2.5446360720643585e-05,6.356942043610824e-06,0.00025325454100756976,0.000920396899282754,0.3334509465707182,0.0020684495767441134,6.931405098975077e-05,5.686724089586935e-06,3.5947802949845895e-05,0.05672567945656097,2.494056251841056e-08,3.7509951898131865e-07,0.09417302901605581,0.0054640246911246675,1.326123709123885e-06,0.49415924783153403,2.55457971423842e-07,5.594929702993365e-07,2.01318233912213e-05,8.269583135794339e-08,2.2433919176456913e-09,1.9145325610419e-09
4,0.010992825402020198,0.0002942612480866921,4.9839719754784495e-05,2.7393303458579805e-05,7.2263092882460686e-06,0.00026263357819035797,0.0009760144259869713,0.31746084776064265,0.0019813802304521006,6.455792179092358e-05,6.896070975014274e-06,4.741314524404259e-05,0.07455400866280014,3.144250218436361e-08,3.686153601478693e-07,0.0932655884390705,0.00604787551051664,1.4948353865480419e-06,0.49393652763885776,2.611179212463509e-07,6.00311680250604e-07,2.186137747749288e-05,8.879170128927433e-08,2.081598800985097e-09,2.0592365009165762e-09
5,0.01573180004283336,0.00019992411284691622,5.5269248457132745e-05,3.717094786063821e-05,5.9588789768048505e-06,0.00025456047406211826,0.0009846403153938887,0.3871384345964417,0.002412277482495111,9.12715163863258e-05,6.304321117013571e-06,3.570500764374337e-05,0.059524902510056515,3.154666598754757e-08,3.564221727318478e-07,0.11068188100409704,0.007110256708992751,2.1461754703434257e-06,0.4157041523582997,3.625881799422032e-07,5.733428551627931e-07,2.1906662239889127e-05,1.076182504446686e-07,3.728674891254832e-09,2.389529580506102e-09
6,0.012314539590324046,0.0002562170828878269,4.870307108711193e-05,2.5446360720643585e-05,6.356942043610824e-06,0.00025325454100756976,0.000920396899282754,0.3334509465707182,0.0020684495767441134,6.931405098975077e-05,5.686724089586935e-06,3.5947802949845895e-05,0.05672567945656097,2.494056251841056e-08,3.7509951898131865e-07,0.09417302901605581,0.0054640246911246675,1.326123709123885e-06,0.49415924783153403,2.55457971423842e-07,5.594929702993365e-07,2.01318233912213e-05,8.269583135794339e-08,2.2433919176456913e-09,1.9145325610419e-09
7,0.011102102713895116,0.0002703289402528465,5.835236917715675e-05,1.7828567481189765e-05,5.814574198524644e-06,0.00015929893924040062,0.0007420007113383248,0.2893905542722163,0.0009649789940708912,4.229896430610014e-05,5.368235554546886e-06,4.173532972149671e-05,0.07929385859005968,1.761031465765167e-08,2.2893860897631558e-07,0.057012924523408365,0.0036979795998934965,1.1475040379791074e-06,0.5571772365306364,1.6907324370275224e-07,5.182147427025057e-07,1.5214674236944432e-05,3.9903915482178436e-08,1.1784736775274676e-09,1.0469749724121918e-09
8,0.020608575427087744,0.00023291045953699512,8.152317062120957e-05,5.412613451526505e-05,8.821362918712329e-06,0.00027440499203850284,0.0012603879713151032,0.4149008609912586,0.005720563976679237,0.00019194115817527737,8.284038719282665e-06,1.9030315813178305e-05,0.03878838648392304,4.995332861540939e-08,8.652944599999596e-07,0.1060613858671328,0.006513171859079485,1.77756300450734e-06,0.4052321570335901,5.021925626962557e-07,7.106355558353844e-07,3.937247776000872e-05,1.7196984473782254e-07,1.3621457325559595e-08,5.049621746871143e-09
9,0.01690701426574455,0.00019559431347179873,8.345899936387688e-05,4.489944156727425e-05,6.852115956553959e-06,0.0002909847470427955,0.000781694243671594,0.38348255323582353,0.0030904061575003105,0.00014880132364513508,6.917821521354939e-06,2.599207517798465e-05,0.04936937216534894,3.945652848702895e-08,4.713014828501692e-07,0.11455905932182386,0.00706437363279805,1.7890425440802103e-06,0.42391102360488825,4.502754168211257e-07,6.514017540491564e-07,2.748207698109585e-05,1.0965745646066718e-07,6.9772210677354765e-09,2.3452691745998157e-09
10,0.012314539590324046,0.0002562170828878269,4.870307108711193e-05,2.5446360720643585e-05,6.356942043610824e-06,0.00025325454100756976,0.000920396899282754,0.3334509465707182,0.0020684495767441134,6.931405098975077e-05,5.686724089586935e-06,3.5947802949845895e-05,0.05672567945656097,2.494056251841056e-08,3.7509951898131865e-07,0.09417302901605581,0.0054640246911246675,1.326123709123885e-06,0.49415924783153403,2.55457971423842e-07,5.594929702993365e-07,2.01318233912213e-05,8.269583135794339e-08,2.2433919176456913e-09,1.9145325610419e-09
11,0.011686146840550306,0.00025984140646217107,4.851345756996117e-05,2.5415203763223162e-05,6.386276621570282e-06,0.0002455178022091038,0.0009184677139849675,0.3296787410299549,0.0018724789836756775,6.44521770168686e-05,5.9148228072069004e-06,4.004451864624449e-05,0.06244239083043875,2.5717337261990655e-08,3.6135720361127257e-07,0.09236712495668281,0.005542714330583994,1.3761999280317212e-06,0.4947732570069147,2.5070399335178286e-07,5.668009037403376e-07,1.992713496223912e-05,8.080804962065763e-08,2.0630108725463968e-09,1.8567288112534255e-09
12,0.011808081615468083,0.0005925847436851052,8.90492707794192e-05,3.896121865763291e-05,2.6168440828975266e-05,0.0007510494358625436,0.00132618251191891,0.2230976121980042,0.0033297884292977004,7.201529579908571e-05,9.672907159231343e-06,7.528453618921314e-05,0.09331094189660505,1.0741954356891397e-07,5.268759160403082e-07,0.10881198224145051,0.006219774990803794,3.2253260750666006e-06,0.5504106340273237,7.277767844355455e-07,7.3679629340396e-07,2.462735501094226e-05,2.5372309552846965e-07,3.5001132675975318e-09,7.467334551246176e-09
13,0.009407717316825739,0.0002785916817915774,5.023002124298593e-05,3.156370712795586e-05,7.881924616110125e-06,0.00024029041660833888,0.0009407660423716511,0.2991514804835957,0.0017347198128076708,5.767029039861145e-05,9.752633355018568e-06,4.718193052854623e-05,0.085278061339307,3.287524437370832e-08,4.2739304460593147e-07,0.095447065800249,0.005657616508668474,1.2102011920905279e-06,0.501635806643974,2.1812852404057767e-07,6.850727214460184e-07,2.0932928857089547e-05,9.301842758664836e-08,2.233951089793566e-09,1.5945692672747297e-09
14,0.010002602503045384,0.00030885034471447723,4.2075369947918626e-05,1.6594784758958474e-05,6.636883224035688e-06,0.0002653029147141797,0.0007489262391097789,0.23595812648896589,0.001271417680234604,4.881903054518613e-05,5.807988422276889e-06,4.075999680469675e-05,0.05730363185576131,2.113343759711868e-08,3.409985665659996e-07,0.07886028785244302,0.003668081573451174,9.650955590441882e-07,0.611434651030502,1.9244216678739414e-07,5.847843833260123e-07,1.525694861222713e-05,6.331702113841087e-08,1.3574883911465088e-09,1.3861198336450274e-09
15,0.012314539590324046,0.0002562170828878269,4.870307108711193e-05,2.5446360720643585e-05,6.356942043610824e-06,0.00025325454100756976,0.000920396899282754,0.3334509465707182,0.0020684495767441134,6.931405098975077e-05,5.686724089586935e-06,3.5947802949845895e-05,0.05672567945656097,2.494056251841056e-08,3.7509951898131865e-07,0.09417302901605581,0.0054640246911246675,1.326123709123885e-06,0.49415924783153403,2.55457971423842e-07,5.594929702993365e-07,2.01318233912213e-05,8.269583135794339e-08,2.2433919176456913e-09,1.9145325610419e-09
16,0.01423371515518645,0.00019654706752813363,4.026293284782614e-05,2.989300855333334e-05,4.314146502331623e-06,0.0002544506249164865,0.0009654879788545652,0.3696522897235477,0.001854437552975472,9.084799081660383e-05,6.3890183816656135e-06,3.9775258810310224e-05,0.05136675527027656,2.8909133529092523e-08,3.8581507311660575e-07,0.10684590173285433,0.007103317092062853,1.980175072941603e-06,0.4472866232113528,3.1102774791830927e-07,7.514501280601662e-07,2.5418810808506072e-05,1.1077159104005932e-07,2.921441103091232e-09,2.3535365521705387e-09
17,0.013931639105374073,0.00023622316866933344,4.049757815323462e-05,2.0718271668696688e-05,4.706567487236706e-06,0.00015020548090347312,0.0008237134997363234,0.36614588433243905,0.0013400689214304376,4.844616570518401e-05,5.033069705909474e-06,6.641526274788925e-05,0.07856366040161351,2.8610402784721483e-08,1.966697671188924e-07,0.0684344307620403,0.007177031078925003,2.6423280472300964e-06,0.4629834460161538,2.694295260961283e-07,5.469913443584629e-07,2.4108867350928324e-05,8.34551160424878e-08,1.4472056093292627e-09,2.518486442391966e-09
18,0.016038471611864343,0.00029953730212862345,3.853987924986467e-05,2.3191915450354474e-05,4.417615907238655e-06,0.00025089804477592553,0.001224431028121966,0.3583395870345615,0.002728576654553051,0.0001003953242088416,5.701634612194967e-06,6.228537621417647e-05,0.06132576255039985,4.5742840368828576e-08,3.43127983142201e-07,0.08446685757299008,0.011224287041813935,3.153483754803189e-06,0.4638168381333712,3.899273330262416e-07,6.585516578365504e-07,4.549303285268598e-05,1.2904286702393516e-07,2.7274005348717944e-09,5.643087476163513e-09
19,0.010179864153091073,0.0002667185251026756,5.1049930739602345e-05,2.7838342998505476e-05,7.729173793459192e-06,0.00020520136639505323,0.001027473074531896,0.3537788788201545,0.0018283286258771053,5.206686899950413e-05,6.177744535882329e-06,4.3361959386973294e-05,0.07195173502857849,2.6676755539996086e-08,3.68101068648194e-07,0.08380723009816465,0.005089165879344093,1.322843432481781e-06,0.47165436547885387,2.2858221607661695e-07,5.143160699832183e-07,2.0277094524695772e-05,7.381844640849372e-08,1.7859875052603546e-09,1.7109513187670522e-09
20,0.007884161273875936,0.0002452772593688983,4.643952188493762e-05,2.5313947144007714e-05,5.9615119774185725e-06,0.00025768471296346224,0.0011781017237220213,0.3688165005955205,0.001785064580285511,6.600680266476593e-05,6.215523049433985e-06,2.949940168781895e-05,0.04436743293990075,2.421701236879033e-08,7.633069632113116e-07,0.07966775987089807,0.00462061798825682,7.798780863611879e-07,0.4909660041239441,2.3352232309710597e-07,7.727999902224005e-07,2.9289736404604146e-05,9.084755733793696e-08,2.1057406125261912e-09,1.8087776333099628e-09
21,0.014518876444848556,0.00026940652694713987,4.910165828339867e-05,2.5076769488360006e-05,7.147891499688053e-06,0.0002391848193083442,0.00072317339390842,0.28286837734716713,0.0020751026230182066,8.804763153521234e-05,6.997858183375028e-06,3.6583504319915214e-05,0.054799124044647984,2.7547724854176427e-08,3.4458222843875525e-07,0.09501653782340626,0.004752910773564454,1.4084011937253208e-06,0.5445020949468861,2.7124642293214154e-07,6.601822480947148e-07,1.945725853341427e-05,8.201785424618347e-08,2.8421244299847098e-09,1.864657356875089e-09
22,0.013965314631597926,0.0001752861206351545,5.570051359931313e-05,3.362002357220814e-05,4.2133104985739755e-06,0.0002454114916948633,0.0007806829020091593,0.39009666011359934,0.001752824485998333,9.445728764708614e-05,5.928985023054408e-06,3.4731723385772754e-05,0.05461159718385084,2.551148363527291e-08,3.2976509147240944e-07,0.10404771184339022,0.007871811419395799,1.6738280458380018e-06,0.4261976798146846,2.9406391210197417e-07,6.61554218260039e-07,2.3299104662413842e-05,7.978138806940713e-08,3.0308593330197615e-09,1.5097565549188025e-09
23,0.012314539590324046,0.0002562170828878269,4.870307108711193e-05,2.5446360720643585e-05,6.356942043610824e-06,0.00025325454100756976,0.000920396899282754,0.3334509465707182,0.0020684495767441134,6.931405098975077e-05,5.686724089586935e-06,3.5947802949845895e-05,0.05672567945656097,2.494056251841056e-08,3.7509951898131865e-07,0.09417302901605581,0.0054640246911246675,1.326123709123885e-06,0.49415924783153403,2.55457971423842e-07,5.594929702993365e-07,2.01318233912213e-05,8.269583135794339e-08,2.2433919176456913e-09,1.9145325610419e-09
24,0.010221082764095508,0.0002526971694433367,5.37238463539203e-05,3.741557784020736e-05,9.517804216788742e-06,0.00025102980712860006,0.0009422210249819247,0.3480794157253771,0.0021372747017413146,6.066568094868701e-05,7.488001178058334e-06,4.478351558827596e-05,0.08204632283268132,3.603680265496744e-08,3.684618446546239e-07,0.1130947603538344,0.005807493353559037,1.568631566246572e-06,0.4369325107042043,2.795799683780322e-07,5.138097389185313e-07,1.8725617043120166e-05,1.0083363371948128e-07,2.322824981362112e-09,1.8434045718954837e-09
25,0.009451901603428983,0.0001092122712339989,3.6308199167661034e-05,2.5631541897159827e-05,4.119793255140133e-06,0.00011033694708681263,0.0007666079604600329,0.449766180434298,0.0011247699316618144,4.539834712278453e-05,4.545723541725697e-06,2.3684509253075635e-05,0.05242842000626059,1.4107901639420926e-08,2.6887581500251995e-07,0.0793554914631017,0.003825497077998176,1.0380453263710347e-06,0.4029050366131107,1.9523687957097191e-07,4.462075513212987e-07,1.4829436031702301e-05,6.33700865277016e-08,1.363588508116633e-09,9.339409104198635e-10
26,0.020770926814431146,0.00028124956179231527,5.835454523458184e-05,3.8499859014104435e-05,8.21834708766811e-06,0.0002755609448444082,0.0010067403062709766,0.36772185915320554,0.0042313014160093865,9.252839186088928e-05,7.132616967634026e-06,3.2898611665682015e-05,0.054894068412567415,3.087027183259347e-08,4.3605465235407907e-07,0.11565600946206853,0.007269035550067157,1.8403873048159232e-06,0.4276310608607056,3.3915461229076065e-07,5.684981760972472e-07,2.119694882453852e-05,1.3397694839403838e-07,6.076527716289872e-09,3.1788889009453004e-09
27,0.011493220461856975,0.00028480245136330075,4.8418735410628386e-05,2.700100553008757e-05,7.568915751256537e-06,0.00028494261271217694,0.0012270939359034455,0.3372854848253742,0.0035000879972927924,0.00010445567354971922,6.80760634417254e-06,3.147418481964355e-05,0.04752447415649438,3.571765832102959e-08,6.699561697554936e-07,0.09792738069682506,0.0059083177318648705,1.2211902474720006e-06,0.4942999525014318,3.487614757248807e-07,6.195520800466887e-07,3.5498705518519126e-05,1.1578879250252147e-07,3.6210148023746424e-09,3.214518051730467e-09
28,0.012314539590324046,0.0002562170828878269,4.870307108711193e-05,2.5446360720643585e-05,6.356942043610824e-06,0.00025325454100756976,0.000920396899282754,0.3334509465707182,0.0020684495767441134,6.931405098975077e-05,5.686724089586935e-06,3.5947802949845895e-05,0.05672567945656097,2.494056251841056e-08,3.7509951898131865e-07,0.09417302901605581,0.0054640246911246675,1.326123709123885e-06,0.49415924783153403,2.55457971423842e-07,5.594929702993365e-07,2.01318233912213e-05,8.269583135794339e-08,2.2433919176456913e-09,1.9145325610419e-09
29,0.012314539590324046,0.0002562170828878269,4.870307108711193e-05,2.5446360720643585e-05,6.356942043610824e-06,0.00025325454100756976,0.000920396899282754,0.3334509465707182,0.0020684495767441134,6.931405098975077e-05,5.686724089586935e-06,3.5947802949845895e-05,0.05672567945656097,2.494056251841056e-08,3.7509951898131865e-07,0.09417302901605581,0.0054640246911246675,1.326123709123885e-06,0.49415924783153403,2.55457971423842e-07,5.594929702993365e-07,2.01318233912213e-05,8.269583135794339e-08,2.2433919176456913e-09,1.9145325610419e-09
30,0.012314539590324046,0.0002562170828878269,4.870307108711193e-05,2.5446360720643585e-05,6.356942043610824e-06,0.00025325454100756976,0.000920396899282754,0.3334509465707182,0.0020684495767441134,6.931405098975077e-05,5.686724089586935e-06,3.5947802949845895e-05,0.05672567945656097,2.494056251841056e-08,3.7509951898131865e-07,0.09417302901605581,0.0054640246911246675,1.326123709123885e-06,0.49415924783153403,2.55457971423842e-07,5.594929702993365e-07,2.01318233912213e-05,8.269583135794339e-08,2.2433919176456913e-09,1.9145325610419e-09
31,0.011128759475797566,0.00029501166113947707,5.034388216738738e-05,3.172705728000965e-05,7.441129949008663e-06,0.00036176676238488056,0.001108964345048171,0.3151957277853043,0.002732141870094329,8.744889822899975e-05,7.5458167380524205e-06,3.6532788154166065e-05,0.0585140382451547,3.340536904872707e-08,5.529874352103163e-07,0.1171033720121261,0.006431875249563689,1.2350022758403013e-06,0.4868802546953727,2.821208918296547e-07,6.404147020671929e-07,2.4194312351262482e-05,1.0482720534247431e-07,3.0672192328800036e-09,2.188046501187758e-09
32,0.011477744228746591,0.000249662125630699,4.6075597714065635e-05,2.1227121560151724e-05,6.18084687889821e-06,0.00023032549507556103,0.0008462260725526222,0.3128461468202242,0.0017509050967619458,6.210632958534879e-05,5.302875786561657e-06,3.616502493061563e-05,0.053050474234284356,2.2938673010629753e-08,3.5840290258390605e-07,0.08408596114594802,0.004725610856250303,1.214718000366131e-06,0.5305377067352914,2.4505253307058195e-07,5.589065881609342e-07,1.969963921021285e-05,7.608200188122297e-08,1.8573389572256646e-09,1.7955304647825808e-09
33,0.010794103298315112,0.00028908298152105467,8.716173705010636e-05,2.8423111311833684e-05,1.8405782350450863e-05,0.0004619727128210693,0.0010210612274813762,0.2074967660501441,0.0038646566063117384,0.00012054462142740077,8.081152191865641e-06,7.458330795366264e-06,0.014136217428700552,2.421229962304312e-08,2.114027825245494e-06,0.08032901024441504,0.001371589825541386,3.779671366028783e-07,0.6799421311327778,3.454222758808565e-07,1.306815424107113e-06,1.8943855416365032e-05,2.0934251395989146e-07,8.546784868779912e-09,3.5671670972832954e-09
34,0.011627436307973294,0.0002450966978931041,5.0833480789344676e-05,3.0224755915710598e-05,6.173668813377362e-06,0.00030306309242661303,0.0010004293927355584,0.35834863317166854,0.002140023182866325,7.370534510230204e-05,5.844485846783959e-06,3.666396049966488e-05,0.05880829253581471,2.709940476793831e-08,4.124551319609871e-07,0.1091849535193703,0.006443223906355092,1.4083671297329986e-06,0.4516719620641077,2.7726970082719244e-07,5.741304475487427e-07,2.064551016726023e-05,9.130839285013585e-08,2.4042616232973528e-09,1.8871847821372964e-09
35,0.02256810081446757,0.00015957107769089493,3.069176687113449e-05,1.3391326695003999e-05,2.652930497966397e-06,7.794715309364448e-05,0.0005774544747386157,0.4332024665229994,0.0016092555351963243,5.808603413637928e-05,2.285141689318995e-06,3.0048097037227033e-05,0.04347705617355513,9.854488335173685e-09,9.97324242062697e-08,0.05947794075295993,0.004974342844507003,1.8966485198954027e-06,0.4337210127455844,1.6636155181006557e-07,2.9895676484312107e-07,1.518842032914809e-05,3.4081585402057116e-08,1.161986898792265e-09,1.3906294753778458e-09
36,0.007246365819361239,0.00014296670925221096,2.288779136047651e-05,2.3044830126992372e-05,2.421064168969804e-06,0.00018640995347163914,0.001040388028675064,0.5028356335987475,0.0019116247626811491,4.534821230189315e-05,3.398492108736374e-06,4.8876072063458104e-05,0.06579141630743837,2.055924587765751e-08,2.666227589206048e-07,0.12676182002361971,0.013090668979977495,1.4413302381750922e-06,0.2808175479872292,1.90703930888084e-07,2.724968067745594e-07,2.6918189702181717e-05,6.907484858823637e-08,1.0250220868388338e-09,1.3648624256839968e-09
37,0.02188953010192259,0.00016904003900130842,7.19121343394093e-05,4.104842837596338e-05,5.3741443524929205e-06,0.0001816702227282579,0.000822866310265918,0.385652742586833,0.0018989106277717827,9.473407652266965e-05,6.7117739967175334e-06,3.008094954384402e-05,0.05654177412563417,2.628920858713743e-08,3.037363196526535e-07,0.09431268477705526,0.006158887935236573,2.3013484307545806e-06,0.43209962933996904,3.1378593433821086e-07,6.078541193323562e-07,1.8757909092703917e-05,8.428435557105244e-08,5.2686156955168405e-09,1.9503742841808134e-09
38,0.008356843477084042,0.00018074723743185636,3.6454177842861226e-05,1.8342885488861785e-05,3.964839860664229e-06,0.00034355378050638193,0.0008897802795140618,0.2927935191890663,0.0009455677500577091,4.420504022220723e-05,4.770126848836516e-06,2.9996886760300137e-05,0.04676259616936104,1.4257824423232755e-08,4.346041996273994e-07,0.11700337315232724,0.0042201154875024125,8.464346804829662e-07,0.5283520669113874,2.006217221856295e-07,5.624737600332684e-07,1.196745937555224e-05,7.45122377458462e-08,1.2406627140964358e-09,1.004275155877826e-09
39,0.011646509429664564,0.00023974798111385442,4.627528151528215e-05,2.461721127526629e-05,5.953333917796189e-06,0.00024984930450509146,0.0009305009342367246,0.3416349045505329,0.0019042838637798453,6.40629817752351e-05,5.369611591576534e-06,3.499032397198794e-05,0.05498314460638022,2.3214189063707538e-08,3.800168752077279e-07,0.09367133060707543,0.005344145174463676,1.2711950588815735e-06,0.4891922765797974,2.5152409781784663e-07,5.579551432816114e-07,1.9465997431258736e-05,8.441414480251125e-08,2.045156548719583e-09,1.8623063329495887e-09
40,0.012300083599637508,0.0002569869608548624,4.882109137382727e-05,2.5394442976750165e-05,6.375910206068885e-06,0.0002535185174797944,0.0009193339940603418,0.3328412838265044,0.0020652229873568185,6.92300840622276e-05,5.684870928826272e-06,3.599601164208403e-05,0.05672892169869639,2.4958648884600836e-08,3.75267029082416e-07,0.09395310449233042,0.005450839308036367,1.3240747432229515e-06,0.49501644008961904,2.554432485574657e-07,5.5995699841639e-07,2.0135716412726776e-05,8.254391578365697e-08,2.2390614377476767e-09,1.914176070743462e-09
41,0.011347339374709643,0.0004524764724632682,6.67776201161979e-05,3.506282192031833e-05,1.3326225975982956e-05,0.00036824588160199096,0.0010012186446015548,0.33342991720715986,0.003997960999793756,7.786305937960828e-05,6.6924982898252175e-06,3.265708293386116e-05,0.06975497330369113,2.9628071106957635e-08,4.6943919363917915e-07,0.11886728868580154,0.005280046833894605,9.518561939576265e-07,0.45524945565931274,2.2982225134664745e-07,4.81527711725635e-07,1.645120473921947e-05,7.978914043946577e-08,2.647136858398885e-09,1.7139156204074497e-09
42,0.023622537352831277,0.0003884254026538565,7.578003286782123e-05,9.276804882453644e-05,1.1734945441336312e-05,0.0007520402908279368,0.0018515527358656694,0.28796523963661314,0.005624740121698066,0.0001523068429333873,1.5656054654463478e-05,4.618316422936694e-05,0.10866879663248877,8.79743212166639e-08,5.309918110804413e-07,0.22653695339004176,0.012956177806760552,4.55913001169321e-06,0.33121354852631846,4.997935665449477e-07,6.528822470392578e-07,1.8955827953036616e-05,2.54054071447993e-07,1.2601147865343571e-08,5.75981961803548e-09
43,0.012707713525017875,0.0002309859184268,5.2018101543018117e-05,2.6640771376403818e-05,6.855006866600436e-06,0.0003034291039143224,0.0008813334420136187,0.32113659446533865,0.0031561702440869688,0.00014675744852609793,6.033941506191121e-06,2.4259952524966467e-05,0.039215252122776253,3.158677937929125e-08,5.277161856300249e-07,0.10484526477105376,0.005201103543133859,1.1897636320284447e-06,0.5120262402911046,3.91712090354484e-07,6.535759869185178e-07,3.0450255571114583e-05,9.65692624424797e-08,3.7635941092820735e-09,2.407688064197473e-09
44,0.012314539590324046,0.0002562170828878269,4.870307108711193e-05,2.5446360720643585e-05,6.356942043610824e-06,0.00025325454100756976,0.000920396899282754,0.3334509465707182,0.0020684495767441134,6.931405098975077e-05,5.686724089586935e-06,3.5947802949845895e-05,0.05672567945656097,2.494056251841056e-08,3.7509951898131865e-07,0.09417302901605581,0.0054640246911246675,1.326123709123885e-06,0.49415924783153403,2.55457971423842e-07,5.594929702993365e-07,2.01318233912213e-05,8.269583135794339e-08,2.2433919176456913e-09,1.9145325610419e-09
45,0.016495597506603735,0.0003374373965971982,5.373075901292274e-05,2.5351338755626027e-05,7.388406125312437e-06,0.00024583323624023575,0.0008404039734294787,0.2912067362814202,0.0025665563627667335,8.567945888530344e-05,6.660234854847652e-06,5.042885591047211e-05,0.06801447967940275,3.627426616119585e-08,2.8668865459544814e-07,0.08462847467821538,0.0067821756605087385,2.0690180004798396e-06,0.5286240893156519,2.9839245214202097e-07,6.109176073139834e-07,2.5578496293183614e-05,9.127915556417437e-08,2.826362952600406e-09,2.9628269077057603e-09
46,0.012324587115668952,0.00017547011524317882,4.685888232340375e-05,5.490273878973931e-05,2.7490870991132606e-06,0.0004046403571074951,0.0008298093766270877,0.4390852684783362,0.0015940044843163101,7.259323080891126e-05,7.20632341055157e-06,6.076554311371028e-05,0.08087269872238838,2.9655463727714435e-08,3.21768323916052e-07,0.15932939062258472,0.019490995809297966,2.1896110614403906e-06,0.285623050211283,2.5156627274326887e-07,7.772420522204515e-07,2.132026645902047e-05,1.1411531664601737e-07,3.3487835793955306e-09,1.3278680735852675e-09
47,0.01154293638078324,0.00024910719705653107,5.744913489117499e-05,3.761183622248921e-05,7.955758770733128e-06,0.0003240139813596613,0.0010147530280543232,0.34437732419594513,0.0024127077659564728,7.596912244271412e-05,7.241655768136643e-06,3.37492795778008e-05,0.06423424067575635,3.1924488850190235e-08,4.5781942174020496e-07,0.11844524590098533,0.006039638208303396,1.3737934846967777e-06,0.4511183116999864,2.8806871890839495e-07,5.935911216389937e-07,1.8885497398529563e-05,1.0851647704205209e-07,3.028268565807891e-09,1.9387598811350125e-09
48,0.08350331686888238,0.00036940525272652423,0.0008565715485642828,0.0011230750218111055,0.0017696844898535493,0.0002699740483387511,0.003513500405961129,0.10423634111268018,0.19207836691206473,0.020463303534502573,0.0002648938588843575,2.186101902535616e-05,0.022317269098553746,1.415164008526624e-05,9.660296092758394e-06,0.26004281441435256,0.0024291143000150237,5.4709898031007244e-05,0.30582845617192106,2.8081325879074828e-05,7.7648718038689e-06,0.0007863700313137096,4.9451163747291105e-06,5.359180960851903e-06,1.0095813214824358e-06
49,0.009734958805136343,0.0003264770668766547,6.8551332181298e-05,2.3986129514601497e-05,6.923856816656623e-06,0.00036954592983177797,0.0008938166775330276,0.29701784079053273,0.0016713626013538775,7.132935227371273e-05,5.813081933861965e-06,5.2923304678144626e-05,0.06266200703448294,3.4111366150381155e-08,4.4193723296436736e-07,0.08038532467973677,0.0063094980765025215,1.4063068552989768e-06,0.5403685115545938,3.320916581620827e-07,7.319812658309903e-07,2.8100298239883038e-05,7.894167355387356e-08,2.0401669263508606e-09,2.017562626442538e-09
50,0.012417243468004541,0.0002400392367125707,4.445219324247635e-05,2.2022625094809116e-05,5.981368397136661e-06,0.0002121625880320174,0.0009594220342893368,0.336786865811364,0.0021125550019357956,7.252094266969349e-05,5.0823190108029954e-06,3.1499097164718685e-05,0.05112961850773392,2.323505210455471e-08,3.6779249902447565e-07,0.08530976640966885,0.004828213494462619,1.2823980457267757e-06,0.5057985057996899,2.548497128019673e-07,5.079321086482932e-07,2.15325017791904e-05,7.624050102457109e-08,2.0759019121542764e-09,2.0769263456824384e-09
51,0.01207313051531003,0.00024051800101551317,4.7133123266321694e-05,2.3562141188525778e-05,6.0677629158899724e-06,0.0002508410450807573,0.0008898420162279564,0.32538556461618007,0.0018959634327414395,6.628725930831345e-05,5.3993187694637666e-06,3.54223522596438e-05,0.05417045865358346,2.3746038172723007e-08,3.6616742712093787e-07,0.09296051501671132,0.005198960577924438,1.3239498253494307e-06,0.5067283146621487,2.641193330385223e-07,5.583125508337172e-07,1.9394879718802193e-05,8.431443900920078e-08,2.1017280607183824e-09,1.914307813758335e-09
52,0.007903969427116351,0.0004272616440846214,3.517607408052387e-05,1.2741808744370024e-05,6.565146583354771e-06,0.0001846893303257433,0.001075138595011608,0.3047970153330493,0.0018850029504716452,3.712772599764664e-05,3.8486786944169936e-06,3.436950782979361e-05,0.04155978378750318,1.7448714494028943e-08,5.021772428102749e-07,0.04423184842296534,0.003470091710849185,5.890010596782729e-07,0.5943096870328987,1.4101557137338925e-07,6.044357972125206e-07,2.3760975300024244e-05,6.450776730708106e-08,9.482016767954884e-10,2.3141398410493077e-09
53,0.00813920175002952,0.00018610465649197467,2.817115111236867e-05,3.45513691180602e-05,5.899393076401855e-06,0.0002757529175824351,0.0024084666531381475,0.4495988783717842,0.003383115545548635,6.726146342998611e-05,6.318187844756905e-06,2.4797874791584843e-05,0.05342879338322387,2.907033949163813e-08,8.246818481883157e-07,0.13914830519322902,0.005843379522864827,1.2901454915359312e-06,0.3373939398111408,3.090812983864888e-07,4.198468991484473e-07,2.4022795875653868e-05,1.6132363863019768e-07,2.5746565042850375e-09,3.2355459035061556e-09
54,0.012464653658466909,0.0002847285817876202,4.492768697519584e-05,2.340145982568669e-05,6.389252552759292e-06,0.0002586419889076806,0.0009722182406877793,0.32568255311596744,0.0022707850582471063,7.052308490996961e-05,5.501078910634831e-06,3.727372635330063e-05,0.05557051035546545,2.53325120997756e-08,3.8222007414267984e-07,0.09444372695696956,0.005561902238293051,1.328768485316761e-06,0.5022786745543729,2.482542930899689e-07,5.384357590867278e-07,2.0979179620595013e-05,8.249580404416482e-08,2.1389101370069464e-09,2.1358483305214075e-09
55,0.01455011505723563,0.0003941182156137555,4.364697618599113e-05,2.0595639829567605e-05,7.70411581422489e-06,0.00020861776630704971,0.0010288699006182893,0.3078284902430297,0.002695877460945875,5.691551337766862e-05,5.4358148853660896e-06,5.3533173070071374e-05,0.06760979804073679,2.52944125857329e-08,2.9562687946281686e-07,0.07985562846836516,0.005505338863891281,1.6622846847325658e-06,0.5201127660663983,2.2260311116459952e-07,4.785113434052287e-07,1.9787041735230305e-05,7.284953647363988e-08,1.876512395075327e-09,2.5954797122660302e-09
56,0.01182707554867177,0.00027439879780044314,4.9356676914519134e-05,2.576149227270043e-05,6.813829362175637e-06,0.00024795446890604674,0.000957217685539839,0.3269013972538086,0.0020238907521177196,6.622436946184283e-05,6.102966916346236e-06,4.057459350285407e-05,0.06403826053402374,2.7178224866677933e-08,3.6957853610390705e-07,0.09153409992510837,0.005532978266642508,1.409451325688312e-06,0.4964445708864211,2.578656798211496e-07,5.648826678082853e-07,2.0605873376830818e-05,8.29832681560784e-08,2.1433659406133738e-09,1.9960843064522608e-09
57,0.010437465439813746,0.0002458436888345503,4.4015837515037314e-05,1.7499353333058456e-05,5.962486208566692e-06,0.00019972780394296677,0.0007331243092892378,0.2972232102661983,0.0014666165758405066,5.212893523163835e-05,4.707042207454659e-06,3.901573438180907e-05,0.05158585178550557,2.007553969530633e-08,3.102268598818403e-07,0.07324684301674043,0.004257342525932058,1.0922722765212695e-06,0.5604192021397961,2.2099005294483333e-07,5.387946068781765e-07,1.919334210318676e-05,6.440110732912765e-08,1.4063862463615487e-09,1.5502962386150175e-09
58,0.013484588758645954,0.0002657565737120211,5.381168666152431e-05,2.810623289155147e-05,6.735298988441842e-06,0.00026757284166952075,0.0009591252486826202,0.3262443641143461,0.002263968601829598,8.029480642402631e-05,6.581868604019952e-06,3.6584013306114776e-05,0.05679959518188714,2.796333601960359e-08,4.318199767853486e-07,0.09828592350640096,0.005719236826389606,1.4274872817139582e-06,0.49547270163585094,2.838631760622903e-07,6.14060054880249e-07,2.2172977621628244e-05,8.948477779458738e-08,3.035124734490026e-09,2.1123599833041455e-09
59,0.013882061870016069,0.00026522767443082904,6.066516652548195e-05,3.162290243476363e-05,7.270165640700245e-06,0.0002821724227973267,0.0009431033757417634,0.3317356889359511,0.0024841686227659466,9.124637058421769e-05,7.01111091585113e-06,3.6010609615947345e-05,0.05499726292566375,3.179649516122863e-08,4.696870980041279e-07,0.09926348267133718,0.00601726378947811,1.5049646615280747e-06,0.48986857190812116,3.233302632470232e-07,6.698255662446801e-07,2.406505388298755e-05,9.883073440462259e-08,3.7008955458201585e-09,2.2883825397280462e-09
60,0.012314539590324046,0.0002562170828878269,4.870307108711193e-05,2.5446360720643585e-05,6.356942043610824e-06,0.00025325454100756976,0.000920396899282754,0.3334509465707182,0.0020684495767441134,6.931405098975077e-05,5.686724089586935e-06,3.5947802949845895e-05,0.05672567945656097,2.494056251841056e-08,3.7509951898131865e-07,0.09417302901605581,0.0054640246911246675,1.326123709123885e-06,0.49415924783153403,2.55457971423842e-07,5.594929702993365e-07,2.01318233912213e-05,8.269583135794339e-08,2.2433919176456913e-09,1.9145325610419e-09
61,0.013612210592719689,0.00024841985651727285,6.0350704360174695e-05,2.9677280935538156e-05,6.620434638327465e-06,0.0002691408060054095,0.0008812151897615623,0.33906870244097875,0.0021093055641704965,8.139817162990692e-05,6.226251657784708e-06,3.489308281398918e-05,0.05428890125156069,2.7604008633560173e-08,4.1543180175034067e-07,0.09435292284622618,0.005712481621459028,1.4363918928985416e-06,0.4892129398811813,2.944963032830427e-07,6.37372060952026e-07,2.169112767096923e-05,8.65598730049024e-08,3.0888635911090475e-09,1.9509087830632287e-09
62,0.012314539590324046,0.0002562170828878269,4.870307108711193e-05,2.5446360720643585e-05,6.356942043610824e-06,0.00025325454100756976,0.000920396899282754,0.3334509465707182,0.0020684495767441134,6.931405098975077e-05,5.686724089586935e-06,3.5947802949845895e-05,0.05672567945656097,2.494056251841056e-08,3.7509951898131865e-07,0.09417302901605581,0.0054640246911246675,1.326123709123885e-06,0.49415924783153403,2.55457971423842e-07,5.594929702993365e-07,2.01318233912213e-05,8.269583135794339e-08,2.2433919176456913e-09,1.9145325610419e-09
63,0.012434519935422918,0.00027617943894689314,4.875265934941821e-05,2.4490479109067877e-05,6.510824592635082e-06,0.00025252118689401314,0.0009301110353806236,0.3275214603701349,0.002108330241496299,6.918998520855992e-05,5.711008128810306e-06,3.674427948008725e-05,0.0569158992926948,2.494423310922425e-08,3.791211865884794e-07,0.09082635956154811,0.0053800612052124505,1.3001188383593272e-06,0.5031400251709598,2.4749975948194283e-07,5.665740073479198e-07,2.0530746202916062e-05,8.015086201118693e-08,2.2087088351726547e-09,1.9616419822216003e-09
64,0.011861249974937838,0.00026762151593704456,4.8280316496815476e-05,2.3307499076746444e-05,6.4812147267857325e-06,0.00024691603177262876,0.0008829956892803006,0.3232058405112948,0.001836721228498944,6.488621908928277e-05,5.605081994451089e-06,3.442592024829551e-05,0.04986748659013132,2.1993761038580417e-08,4.1331138749835807e-07,0.083449835600073,0.004562988753669432,1.1397965035184966e-06,0.5236135079812357,2.402321814727329e-07,6.602938815920587e-07,1.928932982830176e-05,8.098300270453776e-08,2.1032448515985974e-09,1.8277456859071036e-09
65,0.004782592994206486,0.0002631146041334729,0.00010974417012490577,3.415938520797193e-05,7.0365550367409425e-06,0.0006837687710807784,0.0011158085610533683,0.3131568250290651,0.0008084410410279558,5.465014202635883e-05,6.881034114177968e-06,2.4046310086986527e-05,0.04218873520527123,2.6734984922458616e-08,1.5646950967818741e-06,0.08342321023783539,0.004001849550444528,4.406338648981289e-07,0.5493131361549547,2.4335336156597686e-07,1.241783738034238e-06,2.2391798007831056e-05,8.798682191616987e-08,2.2539695926079514e-09,1.0144842777909828e-09
66,0.011619887073087828,0.0002545676420227213,6.454849794910321e-05,3.503209009167702e-05,8.526811244989434e-06,0.00025838544967377757,0.0007538898490639866,0.3235494393955332,0.0021831454419363235,8.890650126441305e-05,7.520110370999036e-06,4.0303298125022536e-05,0.07049258506781153,3.4022928949497567e-08,3.452199053471444e-07,0.10640738922023243,0.0060120668690200035,1.4388892771980317e-06,0.4781979916450469,2.863357250356001e-07,6.197739602944045e-07,2.300472110490519e-05,8.173414146227758e-08,2.745523571138504e-09,1.5949584531530656e-09
67,0.011744042224123974,0.00027911759481762485,5.7810363031245714e-05,3.2341917008939934e-05,6.127073357636167e-06,0.0004962203605701581,0.0010684810178594405,0.29701179625539575,0.001951117819852728,8.765732379997302e-05,7.894533795848021e-06,5.2398134497274336e-05,0.06633869551078092,4.4607252845732564e-08,5.27885349825789e-07,0.11806347397268875,0.008560844907354185,1.9778261392368656e-06,0.49421097113141477,4.29317523135561e-07,8.222578551459298e-07,2.706124308848516e-05,1.4047462399172433e-07,3.4197068542203497e-09,2.828111158771928e-09
68,0.012312352181356795,0.00025792411531813734,4.868715853755521e-05,2.5412388069134316e-05,6.400692144295892e-06,0.0002537742084817194,0.0009208604125375861,0.3328665137714422,0.0020839133858321073,6.970534070616257e-05,5.699120361625577e-06,3.579554285202535e-05,0.05629203120867818,2.5001165004341444e-08,3.7927417645892323e-07,0.09410584471892675,0.005446346540645536,1.3144566610739315e-06,0.4952458344771153,2.5489584948245325e-07,5.614134042213203e-07,2.0282724645014157e-05,8.279071894180449e-08,2.2569094303463558e-09,1.9234651656904895e-09
69,0.009194821444748277,0.00021259418540075235,4.836644093656606e-05,1.639390452527167e-05,3.848420411736351e-06,0.0003657717851488838,0.0007108309330908738,0.22794465023146143,0.0008074141240670418,5.737260120867669e-05,6.0433647318050604e-06,5.3075952214940655e-05,0.05667567496766376,2.6835995986066836e-08,3.6899762112661526e-07,0.07663768550558218,0.005379525075468338,1.426701625319033e-06,0.6218617377224952,3.4883403651525995e-07,8.506068791858037e-07,2.108472069341713e-05,8.342441669951554e-08,1.6785107205699336e-09,1.5410653955301326e-09
70,0.011124516614537354,0.0002372131211516242,6.0593273810779626e-05,4.7029806061885757e-05,7.811870723771852e-06,0.00041795367864599426,0.0010419896921784987,0.3678054305459053,0.002946242919053684,8.877795339762914e-05,7.256882067986993e-06,4.109208426414818e-05,0.07569886803603464,4.0222590322491136e-08,4.2685299010463454e-07,0.1576631374226719,0.008955878347628168,1.8394622218769372e-06,0.3738328266802206,3.7833973174417383e-07,5.35536404327807e-07,2.002996014558988e-05,1.2514851599108452e-07,3.4859611082186914e-09,2.0630850589121686e-09
71,0.013768029188493045,0.00021887896425991916,3.388483183455233e-05,2.3336434705094012e-05,6.418679938663787e-06,0.00017172187560635406,0.0007959956994829401,0.35122204952521974,0.002401083800790287,6.619573499648742e-05,5.855829888431613e-06,3.433849829969399e-05,0.05394149073451315,2.1243086287397486e-08,3.1348010480974823e-07,0.10727243583213222,0.004881141606429137,1.3407097504174078e-06,0.4651366202150192,2.3375983896956864e-07,4.7091162071388104e-07,1.8050669872753684e-05,8.774036931234524e-08,2.2278638846171275e-09,1.805883924950739e-09
72,0.012151488087731843,0.00025785261035796717,4.815206384959515e-05,2.3370083039295222e-05,6.1901263305410735e-06,0.0002376251503626823,0.0008897180921233955,0.3287655824455332,0.0020089322468382215,6.819107915250524e-05,5.440026220605902e-06,3.6496613936897804e-05,0.05505169688994656,2.4865951243177862e-08,3.6649944438655794e-07,0.08698335548738863,0.005356045719921149,1.3017862197699846e-06,0.5080856612081396,2.529003026893983e-07,5.569762341784536e-07,2.1615138421182515e-05,7.980849326040948e-08,2.119421953733797e-09,1.974638733807109e-09
