,0,1,2,3,4,5,6,7,8,9,10,11,12,13,14,15,16,17,18,19,20,21,22,23,24
0,5.371051131981704e-07,5.024731126589716e-05,7.73694720786729e-05,3.3469604533229062e-06,0.00042938851803787996,0.0022375658847818155,0.00012161474481949306,0.00012064670635471037,0.755308047144683,0.0061965645443920305,3.7090007003785144e-05,3.687772781093126e-07,2.221657639112308e-08,2.7894755459114347e-05,0.0007811844891834625,0.0004931092537877953,7.642578234366676e-10,1.9386067966008198e-08,0.23398171840408333,3.6511106826022803e-07,9.979921195972207e-05,1.9176230641922452e-05,1.2139147348048329e-08,2.1759126831307288e-08,1.3889102378178767e-05
1,0.0018194138367807473,0.38162582551613633,0.00042013615569199856,0.010675887451576485,0.04452770367340674,0.05385642235773206,0.006418222294454242,0.0020497168182363012,0.0023973145215725787,0.055039733676442514,0.07817018648744481,0.0019324298449588243,8.479855606242853e-06,0.02569191056698556,0.012756899495044539,0.00037643408292703783,6.384041818272231e-05,0.038744661250662144,0.03186511503414687,1.4350672243474828e-05,0.12826357185062157,0.10480048222672293,0.004396933976504631,0.00032759878916174525,0.013756729146756975
2,1.3302968913951267e-06,0.00020306436909661675,4.2838865418281524e-05,8.264585626196544e-06,0.00035249495287669136,0.002443160270033723,0.0002438627685906597,0.00018640686467356259,0.5110388638682772,0.014700257200239906,4.1770126556049984e-05,4.3705468625576516e-07,2.0359091016585087e-08,5.404985519785727e-05,0.0027184845950208396,0.0010112988214346994,2.915264823798276e-09,5.4109781977104974e-08,0.4663670589777167,4.670478962628658e-07,0.0004213492581476035,7.997293565926126e-05,7.531560800963122e-08,4.6772583766692885e-08,8.436781363047297e-05
3,1.2252381118738477e-06,0.00020412122071347463,5.420530075644895e-05,9.441518551073522e-06,0.000386264184054956,0.00213660308463244,0.00022581012335944317,0.00018221706742550507,0.5768545720087077,0.014928075907877243,4.54953273792397e-05,4.2212995560057397e-07,2.4870088703879583e-08,4.960265649971453e-05,0.0014792041385726128,0.0006421621705446498,2.1743442198638042e-09,6.320559380819827e-08,0.40232412118821886,4.488651772523614e-07,0.0003528962826844327,5.3186069763360984e-05,4.2232239176431104e-08,4.8223734815458646e-08,6.974481101347556e-05
4,1.1973065360503467e-06,0.00021989076550538468,5.976166785054577e-05,9.745618867942973e-06,0.0004411913403278605,0.002248945700975535,0.00022857625087836726,0.00017238090193371432,0.5905722146699857,0.015217632848496808,4.62639691088741e-05,4.404971978978233e-07,3.0861241444873974e-08,5.737870868628378e-05,0.0014326859599558654,0.0006117076999861295,2.152276745120524e-09,6.426665679796678e-08,0.38823101063107274,4.5871226194199085e-07,0.0003298898292471321,5.374300404007904e-05,4.1544662559547944e-08,4.994545382315161e-08,6.469514679386331e-05
5,1.4068929174147235e-06,0.0002536925382347944,5.693241720788752e-05,1.324758009634624e-05,0.0004576946815064476,0.002563387503034386,0.0002611616418742307,0.00021112321828439435,0.5563084454880061,0.019061161674995063,5.586538114315522e-05,4.7347472285610233e-07,3.0526617456624225e-08,5.7727129067235515e-05,0.001452431633070219,0.0007050698844003469,2.6040154923979646e-09,9.719476290319019e-08,0.41794075526478985,5.466805366884823e-07,0.00045737677375744734,5.910112148187967e-05,5.546072340582936e-08,6.194898584086598e-08,8.215128576807346e-05
6,1.2252381118738477e-06,0.00020412122071347463,5.420530075644895e-05,9.441518551073522e-06,0.000386264184054956,0.00213660308463244,0.00022581012335944317,0.00018221706742550507,0.5768545720087077,0.014928075907877243,4.54953273792397e-05,4.2212995560057397e-07,2.4870088703879583e-08,4.960265649971453e-05,0.0014792041385726128,0.0006421621705446498,2.1743442198638042e-09,6.320559380819827e-08,0.40232412118821886,4.488651772523614e-07,0.0003528962826844327,5.3186069763360984e-05,4.2232239176431104e-08,4.8223734815458646e-08,6.974481101347556e-05
7,1.2238646207556995e-06,0.00020240524821316583,5.3819339227488535e-05,9.440792694430257e-06,0.00038763131057108327,0.00215154214176611,0.00022457858796074253,0.00018247724739726365,0.5738597592379752,0.014983664000888472,4.522284260802095e-05,4.2350785177119025e-07,2.4495299290317176e-08,4.973707618302449e-05,0.0014870743795052865,0.00065147940044569,2.176140324403072e-09,6.30559424644782e-08,0.40522841768510925,4.470562014188035e-07,0.0003568874646890717,5.3492941501560087e-05,4.266762031084597e-08,4.779742965948408e-08,7.0095682158108e-05
8,1.6210907963588905e-06,0.0002803549654041396,6.630482550733327e-05,1.4553208404012703e-05,0.0003761731627482163,0.0017769417964952035,0.0003073241358487996,0.0002254142555918671,0.5500178321663278,0.025922421801403615,2.7062663993185148e-05,3.8774350108360787e-07,2.8467791140191695e-08,6.73506138168634e-05,0.0015982269503060035,0.0010487281935020675,2.6118862503246413e-09,6.305684204650726e-08,0.4176160545334569,5.377393358391909e-07,0.0004491231567448335,5.603345640025674e-05,6.092018034127363e-08,7.380510091390303e-08,0.00014732467861491397
9,1.1116933651972632e-06,0.0002766239062719253,8.667185673627768e-05,1.113414929902124e-05,0.0003211401869825829,0.0010404553403754696,0.00023274290949189044,0.00018718261827192306,0.7104539164635163,0.018437015300960057,2.489543358048987e-05,2.7543150122298695e-07,3.728917319618739e-08,4.0986799850047235e-05,0.0009973985684855512,0.0004439921754005201,1.923947240423274e-09,4.7291177050984544e-08,0.2670754037304064,4.7677927354458974e-07,0.00023840894939640574,3.0776062534082525e-05,2.3196272136850245e-08,8.353235977374027e-08,9.919841137200274e-05
10,1.2252381118738477e-06,0.00020412122071347463,5.420530075644895e-05,9.441518551073522e-06,0.000386264184054956,0.00213660308463244,0.00022581012335944317,0.00018221706742550507,0.5768545720087077,0.014928075907877243,4.54953273792397e-05,4.2212995560057397e-07,2.4870088703879583e-08,4.960265649971453e-05,0.0014792041385726128,0.0006421621705446498,2.1743442198638042e-09,6.320559380819827e-08,0.40232412118821886,4.488651772523614e-07,0.0003528962826844327,5.3186069763360984e-05,4.2232239176431104e-08,4.8223734815458646e-08,6.974481101347556e-05
11,1.2877771822155932e-06,0.00021714734946231987,5.703418811130241e-05,9.820843555962069e-06,0.00039782523518761144,0.002167558997698633,0.00023556592631408574,0.000183914085189352,0.5839401512613048,0.015108504306560239,4.733722507606675e-05,4.4280513910346717e-07,2.839152487594176e-08,5.2392389406594646e-05,0.001469216610328128,0.0006305773925914001,2.2910733141787073e-09,6.786799394336394e-08,0.39501005719454657,4.7515513966855026e-07,0.0003454986336011202,5.470934932208022e-05,4.3477962634864517e-08,5.181000130673038e-08,7.028943572647825e-05
12,7.07003047544972e-06,0.0009247554975720967,0.00013089983319773105,4.997266495774274e-05,0.0032835065158887127,0.015612835094511305,0.0005606044200814254,0.00036530568201223945,0.2568170668529504,0.05245786964121043,0.00017996167046184633,5.229249348456735e-06,1.3072149747476835e-07,0.0006306300629121265,0.003461822368801198,0.0034078846133187212,1.9892465238703066e-08,1.065104589281264e-06,0.6591597200616796,1.4392766486903091e-06,0.0021565787503538356,0.0005731686541450168,9.817184255163831e-07,2.1636983002173578e-07,0.00021126525266549256
13,1.2885122993105975e-06,0.0001320130719168685,6.935364611758584e-05,6.52361882516759e-06,0.00037590756447528794,0.0014203440685104489,0.00016625562210468748,0.000171060914809948,0.5750554438478532,0.0056736486063380664,7.36728903617743e-05,8.16261474340135e-07,2.094512095267859e-08,4.953904674402379e-05,0.001603136974385706,0.0003602110421148779,2.7621922644356076e-09,4.5394232834273114e-08,0.4144049149711109,3.5514958153848046e-07,0.00032866921229861713,5.636138389990581e-05,2.7960798031103026e-08,3.2110574455353264e-08,5.0354421859058854e-05
14,2.2136394180224175e-06,0.00011699915422761135,6.060849494667482e-05,8.116124274529244e-06,0.0003170370217178488,0.0018539480425501238,0.00023794697129715775,0.00020641192736689596,0.510443341239962,0.008375378459376795,4.563795627858071e-05,8.297442993543423e-07,1.8408495706664345e-08,5.4510328460381484e-05,0.0020705209596112517,0.0008783517874736535,3.422309377796936e-09,5.535357364002641e-08,0.47478196076712964,4.3922682717290084e-07,0.00038327952927712933,6.530463492028662e-05,6.159559318622503e-08,4.235483281426879e-08,9.698285578003607e-05
15,1.2252381118738477e-06,0.00020412122071347463,5.420530075644895e-05,9.441518551073522e-06,0.000386264184054956,0.00213660308463244,0.00022581012335944317,0.00018221706742550507,0.5768545720087077,0.014928075907877243,4.54953273792397e-05,4.2212995560057397e-07,2.4870088703879583e-08,4.960265649971453e-05,0.0014792041385726128,0.0006421621705446498,2.1743442198638042e-09,6.320559380819827e-08,0.40232412118821886,4.488651772523614e-07,0.0003528962826844327,5.3186069763360984e-05,4.2232239176431104e-08,4.8223734815458646e-08,6.974481101347556e-05
16,1.334415602869446e-06,0.000265388736738418,4.446820248323799e-05,1.4153054282290822e-05,0.000391036132707517,0.002781381162670701,0.0002890426701811263,0.0002473095168605102,0.4862840698545227,0.02952336148521454,5.09154647020175e-05,4.6012548455427375e-07,2.3902817950204896e-08,5.612224805338768e-05,0.0014108317065879505,0.000985942656828963,2.711273909220302e-09,1.1755882372058912e-07,0.4767510223360677,5.890288296374748e-07,0.0007446809768858409,7.31800689278866e-05,6.167145637889782e-08,5.8639537670923424e-08,8.444567245844758e-05
17,2.0433093916421355e-06,0.00027987354727443224,7.592715687063551e-05,1.9303488938364695e-05,0.0005589019761594427,0.0028053179855409413,0.0003305851769388935,0.00023801687480336456,0.5216541706800317,0.019425372158217456,6.29163573669604e-05,7.900005481663407e-07,4.191756739204175e-08,0.00010291527618347802,0.001452956135550524,0.0008538419392770539,3.308209658566157e-09,1.2867964350376614e-07,0.451390263261402,6.752583291336021e-07,0.0005591855665602753,7.085084546066699e-05,8.525328569244281e-08,6.960195211953567e-08,0.00011576424449634167
18,3.3006033383497986e-06,0.0003690251653092964,7.787578612090476e-05,1.4922427430252105e-05,0.00041474146486643706,0.0015827480248235075,0.00032507372379703614,0.0003174470913457894,0.5014668101567474,0.021141153838528798,4.745399794327269e-05,9.649415708151691e-07,4.152015072818649e-08,6.772759622499003e-05,0.00164415335088246,0.0007064772190127975,7.175285709394263e-09,1.599848082953714e-07,0.470966168256892,5.81547635502724e-07,0.0005721966182916087,0.00011601782618062565,7.057259625996763e-08,1.2245092247798903e-07,0.00016475865929452914
19,8.315095003332436e-07,0.00016609867644013434,6.834988248249998e-05,7.545506670017188e-06,0.00045964490324787904,0.0018156661072050147,0.00015116775008767306,0.0001463060548358344,0.664730053388145,0.012749326979521778,3.604309575099371e-05,4.186925010359072e-07,2.863861763865677e-08,4.834067308211891e-05,0.0010386377424570132,0.00041395592978894953,1.5916497211437641e-09,4.353684879183299e-08,0.3178447137706732,3.7330667747379494e-07,0.00023132675506607782,4.286163258476479e-05,2.100983718526405e-08,3.6678646040748214e-08,4.8206187682941493e-05
20,9.353252539595046e-07,0.00019637892051082981,4.1569949178294734e-05,7.173262035489289e-06,0.0003704984982325662,0.0015398704577451621,0.0001628725396950176,0.00021062599111167267,0.5459378304286705,0.014401680636900135,3.468505101448351e-05,3.6337298709848324e-07,1.8769806852891348e-08,3.8592648060284865e-05,0.001742535535018086,0.0005070967466003156,2.6725537768931887e-09,4.7949891066368675e-08,0.4343062662325582,3.397688837264036e-07,0.00036595494036218226,7.561072455274048e-05,3.532056842813172e-08,4.407833944048168e-08,5.8970179469572104e-05
21,2.029712624011135e-06,0.00021724497963752045,8.50730608807245e-05,1.609732548966769e-05,0.0005079260626095225,0.0033861672074341634,0.00039056392780036835,0.00022048292668931354,0.53117481989351,0.02241961734729803,5.798085200431166e-05,8.493044065712118e-07,4.479595840573246e-08,8.994142080309842e-05,0.0013624857227606446,0.0013940710394239578,2.617936472028675e-09,1.0593463807563133e-07,0.4380280810037045,8.572783469287252e-07,0.0004970632181233544,5.799519626599124e-05,7.5962847469929e-08,6.501682496889633e-08,9.03581919817995e-05
22,1.815672230502563e-06,0.0002081150058229794,7.336598266466474e-05,1.1549633181954953e-05,0.0004307015679261949,0.002986383307453547,0.0003094008875865629,0.00023496328158376437,0.5553234532421071,0.015851676867234755,7.728172544504026e-05,6.94474879834913e-07,2.641071749077706e-08,6.153510938726837e-05,0.0016317023301676572,0.0009181798846899867,3.242912949983137e-09,1.1562727107888641e-07,0.4211654000388278,6.810759367725632e-07,0.000564729202278776,7.325963402606224e-05,6.210835748612138e-08,6.311880226476443e-08,7.484056850768226e-05
23,1.2252381118738477e-06,0.00020412122071347463,5.420530075644895e-05,9.441518551073522e-06,0.000386264184054956,0.00213660308463244,0.00022581012335944317,0.00018221706742550507,0.5768545720087077,0.014928075907877243,4.54953273792397e-05,4.2212995560057397e-07,2.4870088703879583e-08,4.960265649971453e-05,0.0014792041385726128,0.0006421621705446498,2.1743442198638042e-09,6.320559380819827e-08,0.40232412118821886,4.488651772523614e-07,0.0003528962826844327,5.3186069763360984e-05,4.2232239176431104e-08,4.8223734815458646e-08,6.974481101347556e-05
24,1.0630923613794167e-06,0.0002953131975786006,5.4909693456805154e-05,1.3885110785417286e-05,0.0005227148234838947,0.00272550640366877,0.00023119876463708355,0.0001725859213213365,0.5495584012815042,0.02184195748026138,4.687682427516148e-05,4.2033147155733714e-07,3.5998363928579366e-08,7.482057625526172e-05,0.0011976236018910358,0.0006454748683781548,1.866787434696774e-09,8.371026358063813e-08,0.4220905753195188,5.314977496214941e-07,0.0003964320339501155,5.6168694218196114e-05,4.6489027045749016e-08,4.646557700632353e-08,7.332595321416662e-05
25,1.8488542204066537e-06,0.0001917233040935835,6.660651747070709e-05,1.3125163316410241e-05,0.0003469308597181523,0.001639451679902708,0.00033720835801237954,0.0003131582595073894,0.5124726640393411,0.011682334769046626,8.385243693049868e-05,7.103323436380015e-07,3.282164445762154e-08,4.902259839246422e-05,0.001316140535633437,0.0005921376056334023,3.5993661969662987e-09,9.853945747354028e-08,0.4703160602989684,7.153835119153739e-07,0.0004530402814884848,5.756436261462093e-05,5.1052585626969715e-08,6.711159816210786e-08,6.545123520159344e-05
26,2.660705081643908e-06,0.0002721750677809873,8.935831843988416e-05,1.1140922949251354e-05,0.0003707265565474831,0.001628503265156897,0.000310407343845721,0.0002711162575912021,0.6563814714422548,0.015067286620203754,5.772523635762939e-05,6.049265064230914e-07,4.4163058824786595e-08,3.9854515658392025e-05,0.0013037088122098226,0.0005043848295603615,4.829470628024762e-09,1.295617131119347e-07,0.3232017265228359,5.858903983975815e-07,0.0003336643748968758,6.499972322816128e-05,4.338089707350755e-08,1.320223481151984e-07,8.754471100861342e-05
27,8.814949720817561e-07,0.0001465035633465905,4.005870739801739e-05,5.7736156721872e-06,0.00024031066173040147,0.001700930458731681,0.00016629418795331227,0.00016495362478170797,0.6566831738004687,0.012641724060218032,2.8333781293709184e-05,2.579699725532928e-07,1.3990740666873472e-08,2.886696928616833e-05,0.0015969108870225665,0.0005436646979854523,1.6562007735836968e-09,3.916542263282247e-08,0.32563305630771344,3.5892972386794847e-07,0.000261842559218407,5.112672993554868e-05,2.887949678105488e-08,3.6319301457107957e-08,6.485698141326748e-05
28,1.2252381118738477e-06,0.00020412122071347463,5.420530075644895e-05,9.441518551073522e-06,0.000386264184054956,0.00213660308463244,0.00022581012335944317,0.00018221706742550507,0.5768545720087077,0.014928075907877243,4.54953273792397e-05,4.2212995560057397e-07,2.4870088703879583e-08,4.960265649971453e-05,0.0014792041385726128,0.0006421621705446498,2.1743442198638042e-09,6.320559380819827e-08,0.40232412118821886,4.488651772523614e-07,0.0003528962826844327,5.3186069763360984e-05,4.2232239176431104e-08,4.8223734815458646e-08,6.974481101347556e-05
29,1.2252381118738477e-06,0.00020412122071347463,5.420530075644895e-05,9.441518551073522e-06,0.000386264184054956,0.00213660308463244,0.00022581012335944317,0.00018221706742550507,0.5768545720087077,0.014928075907877243,4.54953273792397e-05,4.2212995560057397e-07,2.4870088703879583e-08,4.960265649971453e-05,0.0014792041385726128,0.0006421621705446498,2.1743442198638042e-09,6.320559380819827e-08,0.40232412118821886,4.488651772523614e-07,0.0003528962826844327,5.3186069763360984e-05,4.2232239176431104e-08,4.8223734815458646e-08,6.974481101347556e-05
30,1.2252381118738477e-06,0.00020412122071347463,5.420530075644895e-05,9.441518551073522e-06,0.000386264184054956,0.00213660308463244,0.00022581012335944317,0.00018221706742550507,0.5768545720087077,0.014928075907877243,4.54953273792397e-05,4.2212995560057397e-07,2.4870088703879583e-08,4.960265649971453e-05,0.0014792041385726128,0.0006421621705446498,2.1743442198638042e-09,6.320559380819827e-08,0.40232412118821886,4.488651772523614e-07,0.0003528962826844327,5.3186069763360984e-05,4.2232239176431104e-08,4.8223734815458646e-08,6.974481101347556e-05
31,1.4155390780708767e-06,0.0002741247105126981,8.101674111727756e-05,1.258934471406651e-05,0.0005184682840400967,0.0013488651171745464,0.0002130332042923631,0.000256992015169029,0.5741261138833874,0.018980963838679813,3.375251327318287e-05,4.702726398168296e-07,3.9985129160312276e-08,5.507997529462921e-05,0.0009714551235426956,0.0005041518456560669,2.8848816551606725e-09,7.585081774805013e-08,0.4021563269488689,4.734858438176619e-07,0.0003337797635277197,5.043052036461965e-05,3.245179838739073e-08,8.181036628940626e-08,8.026388983010313e-05
32,1.0824929853532387e-06,0.0001841374793564295,4.9652686129293665e-05,8.344896014624611e-06,0.00035658592618342176,0.001860251829792851,0.00020113358623636784,0.0001800524792613463,0.5704596645771955,0.013852310467112966,3.9336802539983495e-05,3.812985614497248e-07,2.1921013202876205e-08,4.4584723620278524e-05,0.0014380398984298601,0.000598626061733042,2.051183707826519e-09,5.239695079699655e-08,0.4102815385998794,4.0542254985301964e-07,0.0003286671180284359,5.0994763745375936e-05,3.6775842984397273e-08,4.261940661003499e-08,6.405312624697922e-05
33,1.6041646557458132e-06,0.0002844756254976472,5.6867984976970445e-05,1.0376040400390141e-05,0.0005015101519201702,0.0025257611554451837,0.0002571443538309093,0.00019851271291728657,0.504535884526138,0.016776650171001262,5.42646984632773e-05,5.522152539053271e-07,3.4450361578812454e-08,6.730037548560574e-05,0.00168149193866861,0.0007337158481479156,3.0808622744342845e-09,8.857910022344343e-08,0.4717670658938397,5.149533954087142e-07,0.0003930104713702298,8.471350593752907e-05,5.7712460698452054e-08,5.947898245512568e-08,6.833991088684627e-05
34,4.298686778912354e-07,7.363922034213197e-05,3.313850643426331e-05,2.766588210747098e-06,0.000130919222579918,0.0005509166436030006,8.841563984102118e-05,0.00010233763520337764,0.7591003144521379,0.0055239218785912095,1.2740932003789925e-05,1.1791156065052609e-07,9.426469566415867e-09,1.4118566315604428e-05,0.0007433555559776592,0.00017110810819195887,6.432359041180121e-10,1.1247127380860768e-08,0.23330593952854378,1.4472108685126526e-07,9.747954858881716e-05,1.5281643682362113e-05,6.15566370727698e-09,1.8185791638735877e-08,3.286817013892224e-05
35,1.2087858321869667e-06,0.00013429572548540413,3.484682864467354e-05,7.523919883162218e-06,0.00012845141589735894,0.0005835424473573083,0.0001315093680398957,0.00027997875618952415,0.6756311046697733,0.01393968929889331,1.8363563939549057e-05,2.540146649181092e-07,1.5383318269401067e-08,1.317144325925964e-05,0.00044645379034420016,0.0001864984360920895,2.138188207566789e-09,7.36547077752698e-08,0.3081201972808945,3.2475609581764845e-07,0.00022480934140101675,3.682478771111066e-05,9.809442294837168e-09,4.921117872499726e-08,8.080117276599018e-05
36,1.166295895893039e-06,0.00011231061979953472,5.706916010619062e-05,5.100287684921253e-06,0.0003561585950694298,0.0005678559053653152,9.185034149729153e-05,0.00018187290460423174,0.4840818114782441,0.008147115896868852,1.3241397872302513e-05,6.159232595231945e-07,2.0936316832805065e-08,3.925057221515188e-05,0.0010893150639479082,0.00039328444233278003,3.193568161654773e-09,1.9269656301142718e-08,0.5045492714173823,2.0555819959143562e-07,0.00019049739162870684,4.949337189904287e-05,1.5873348157151092e-08,3.1327283244994044e-08,7.242277595436198e-05
37,4.283468673084006e-06,0.00033163396795236595,0.00011456092869839675,1.3750803593535555e-05,0.0005060456845958867,0.0021614885571065545,0.0004318358652305813,0.00023552013622726728,0.49164693045927843,0.013843588330618675,7.229012881109299e-05,1.1208560979950787e-06,5.2369063657641635e-08,0.0001044454016285444,0.0013444406340330135,0.0008155923960803188,4.4126751028889475e-09,1.5214424947064639e-07,0.4877549357809958,6.725476037059738e-07,0.00042941503902903,8.35946810303896e-05,6.184953764969185e-08,9.837252896040915e-08,0.00010348518466079093
38,1.8582764672208748e-06,0.00018479894875708048,5.352949576788471e-05,9.248603431739173e-06,0.0003616346483057076,0.005026411104130768,0.0004825344545341513,0.0001851166329858416,0.5272934090094508,0.016557440008440977,7.840160061520546e-05,5.841448714734138e-07,2.2447226427730487e-08,7.14747646137699e-05,0.0027610169800925174,0.0017678841158389213,2.2696333753361815e-09,9.054543896449668e-08,0.4444796339663305,6.882553293269539e-07,0.0005403171991581676,7.537549389326914e-05,1.1668632903720827e-07,5.21648824685012e-08,6.835818347452557e-05
39,1.1971159819901758e-06,0.00017139071342599468,5.383729982347551e-05,9.58701252892343e-06,0.00039564321725796465,0.002218162809392807,0.00021437003173659875,0.00019807346282080634,0.5570044079107644,0.015237271657031313,4.394634780062998e-05,4.5532103117123984e-07,2.1615476059745504e-08,4.7925334475019925e-05,0.001453463872404511,0.0007460715146046605,2.2015064171330705e-09,6.17636441754863e-08,0.42168201097786445,4.616924505223617e-07,0.0003996356104836888,5.152471342275441e-05,4.409736957881721e-08,4.538596483898499e-08,7.038832073723539e-05
40,1.2486301435657754e-06,0.00020549899262374346,5.473563815161982e-05,9.261320999525356e-06,0.0003872354903859329,0.0021356720362455516,0.00022568605132231056,0.0001809597822814919,0.5755089189539114,0.01467784238177542,4.566838126951886e-05,4.3108700275402906e-07,2.4831776198475154e-08,5.0419550329045545e-05,0.0014938358674723865,0.0006389422690725092,2.2012794955927204e-09,6.344081312889012e-08,0.40390591390809366,4.451434043265356e-07,0.00035276800698962513,5.477786974473839e-05,4.2089002867782774e-08,4.804374725390372e-08,6.955803216180257e-05
41,2.6351848881137184e-07,9.444353394664486e-05,4.3222777699585625e-05,3.377340830128417e-06,0.00029554166212627874,0.0012547272153991052,7.183712329590492e-05,7.454541009642386e-05,0.78820085700753,0.010029269208501852,1.1730558412802314e-05,9.783257822673188e-08,1.0254513608822523e-08,2.3814038827970335e-05,0.0009749635214328938,0.00032380400030890516,4.3819829995573743e-10,9.518709176536111e-09,0.19843032585904366,1.6433922729124903e-07,0.00011758002466927001,1.599645734760667e-05,8.333956858154891e-09,1.7185118213455045e-08,3.33928397405655e-05
42,8.470136153474302e-07,0.00011691273995140101,3.155506580140972e-05,4.515179647533595e-06,0.00022474927273977355,0.001207104749229474,0.00015212644580257353,0.00024384491799577356,0.45643135345218583,0.011779670965592688,2.571238625165022e-05,3.1978612641907395e-07,9.300598150920682e-09,2.4583332182666246e-05,0.0018686514966315625,0.0008127434708790993,2.548104100626779e-09,2.851161073725983e-08,0.5265800238635183,3.6475394964220435e-07,0.00037102350738631027,7.785582820666233e-05,3.216712806286484e-08,2.9705077468579382e-08,4.593953978752514e-05
43,1.5486185560852999e-06,0.00022900296538752463,6.819403936449985e-05,9.871269314209611e-06,0.00037402192916315835,0.0019755926836558745,0.000268529636901778,0.00016918068655977225,0.5965464133891322,0.012254610616904055,5.2776470543246265e-05,5.092628937824398e-07,3.2385222607170164e-08,5.9102236473544276e-05,0.0014427224525418974,0.0005686178148461533,2.267489982385837e-09,6.86536748098145e-08,0.38554906674037404,4.938420114066343e-07,0.0003024091548150963,5.132138932486714e-05,4.1813140109892404e-08,5.323259995508315e-08,7.58164491092494e-05
44,1.2252381118738477e-06,0.00020412122071347463,5.420530075644895e-05,9.441518551073522e-06,0.000386264184054956,0.00213660308463244,0.00022581012335944317,0.00018221706742550507,0.5768545720087077,0.014928075907877243,4.54953273792397e-05,4.2212995560057397e-07,2.4870088703879583e-08,4.960265649971453e-05,0.0014792041385726128,0.0006421621705446498,2.1743442198638042e-09,6.320559380819827e-08,0.40232412118821886,4.488651772523614e-07,0.0003528962826844327,5.3186069763360984e-05,4.2232239176431104e-08,4.8223734815458646e-08,6.974481101347556e-05
45,1.092450810153772e-06,0.00017622266755701465,5.270334640627392e-05,7.886233305347552e-06,0.0003676265222191684,0.001905789444681811,0.00021136710630608767,0.0001742843839934095,0.5910780188800655,0.013115150843719434,4.069807171107622e-05,3.8133825204980904e-07,2.355101582435912e-08,4.4218563646873427e-05,0.0014876987383753263,0.0005992971112057416,1.9621160205368765e-09,4.8841821850736805e-08,0.3903346033509493,4.000782766023393e-07,0.0002957575959136518,4.789889055443581e-05,3.610814162284735e-08,4.444976056246839e-08,5.874946919484372e-05
46,2.731178181092039e-06,0.0002691479581572274,6.756710878156185e-05,1.2124673233703324e-05,0.00044023950452816977,0.0015473100586120509,0.0002410300066460941,0.0003514484803114914,0.4866742413565611,0.01520634249734247,5.9723218548167584e-05,9.550044438949063e-07,3.7498150208747376e-08,4.6306036410393885e-05,0.0018783112448629731,0.0006788089512665278,8.929651667715949e-09,1.1921182070235544e-07,0.4917860336626364,6.096598522632039e-07,0.0005266941970997816,0.00010887803065297453,6.525040703745037e-08,1.0569088589550335e-07,0.00010116059095615929
47,3.4616058051651373e-06,0.0002483082126419814,7.241440248760279e-05,8.695305891616928e-06,0.00031821700553263363,0.0021003998492654793,0.0003151331819028506,0.000270285756003221,0.48962395688625154,0.01517570873880912,5.309772608716089e-05,1.1139080407679874e-06,3.018400827433493e-08,5.6179493944608094e-05,0.0017784742562785727,0.0010178334218388845,5.526036420018097e-09,1.2418305862271027e-07,0.48824149419181445,7.33142540835918e-07,0.0004780939192954547,0.00013592516135448604,5.836754971887772e-08,7.417446451368598e-08,0.00010018139909610028
48,1.3867773866513733e-06,0.0002763139431638698,3.201256265805936e-05,7.271419343876855e-06,0.0003002369405478387,0.0011042472645381135,0.00021296315341528694,0.00023843571570262564,0.4061380284312145,0.015836014750647956,2.876786802581951e-05,3.348150380679619e-07,2.6217503115989327e-08,3.713319110121592e-05,0.0016650396734182663,0.0005641842292521562,3.9292138894781786e-09,5.202903540897955e-08,0.5731028306791542,3.4892539427127353e-07,0.0003086395798805601,8.431167200555399e-05,4.318665850925113e-08,5.866975277510234e-08,6.131437594732064e-05
49,1.4625026821421592e-06,0.00018916109102239944,6.612342132734591e-05,9.107985644551563e-06,0.0004974768870824465,0.003131065777812975,0.00021660967809634157,0.00018629365879272393,0.5716046927185781,0.01432824345965605,5.900894245181446e-05,7.133268715566242e-07,2.7919407507038006e-08,6.17133656203141e-05,0.001588424564051544,0.0007715259213445157,2.644866066236402e-09,8.471691735385443e-08,0.4067495193808265,5.599947959678959e-07,0.00039588238358394853,7.820278955164381e-05,4.9590733102237216e-08,4.575031068867566e-08,6.40015279724909e-05
50,6.056267453139951e-07,0.00016633013049406612,3.6743120757317825e-05,7.327034231473618e-06,0.00027398612382024116,0.0013847144973965781,0.00021283911657677074,0.0001601708392764748,0.5473625806515479,0.02064241538509613,1.6402747245422826e-05,1.6548215171649582e-07,1.8408821079435113e-08,4.333904272080981e-05,0.0008935308484044824,0.0006603588644824573,9.011099147566445e-10,2.7630226018064016e-08,0.4278402208604636,3.4443956986065467e-07,0.00021015709664907355,3.820117792095599e-05,2.3628974770174297e-08,2.8853677537255606e-08,4.9467491640154856e-05
51,1.2052699191116688e-06,0.000136681278113653,5.777445925815464e-05,6.18146947864057e-06,0.0003921102187085421,0.001910294169375579,0.00016236087082026587,0.00015564966786397368,0.5817699696571967,0.01057802395449852,2.9785039095115326e-05,4.0065683122634354e-07,1.8638426499302005e-08,3.852262332660256e-05,0.0021711800148875586,0.0010168912977321105,2.335204486877314e-09,2.779118303865209e-08,0.40121157834531496,3.808625795325546e-07,0.00024196564792682067,3.96065012411768e-05,4.6121908330065596e-08,4.414329656384053e-08,7.929896581262342e-05
52,7.20686409560325e-07,0.00014151212892985802,4.376060636043914e-05,5.847079024231982e-06,0.0003579617559138276,0.0003916842813021509,8.925339837689078e-05,0.00019533945228069127,0.3899048374990909,0.008680978705572332,1.3107544719795781e-05,3.1043242027216857e-07,1.3015685083568978e-08,3.2702998080554415e-05,0.0011674964733557702,0.00036566138556647435,2.351986355127999e-09,1.1734811747727145e-08,0.5982684966919545,1.5442217276454347e-07,0.00023701412754931791,3.1835093672197904e-05,1.6178548369368765e-08,3.0232491876649e-08,7.125172372431732e-05
53,1.4300882459519925e-06,0.00020776628581374479,5.3604455640675496e-05,1.0795848400785218e-05,0.0001909416537235093,0.0029681236882947836,0.0005991714707884035,0.00018211324671113448,0.6750409961211021,0.014899077265004905,6.980601218134328e-05,2.928354411726766e-07,2.5958928223971004e-08,4.564075135962577e-05,0.0023031309031794345,0.0010750267226765245,1.8180050507161863e-09,7.607514602734155e-08,0.30189739843475577,8.95403712689988e-07,0.0003230539235213756,4.9328915533136e-05,9.31177658280751e-08,6.464011103306516e-08,8.114436395667892e-05
54,9.524609991108786e-07,0.0001623311642817776,5.420063886744394e-05,1.2006605278382757e-05,0.0007642948090869228,0.0023100422097200412,0.0001360806208506394,0.000335904380439283,0.5531656329167951,0.012337924287185602,0.00010530764878219813,5.931721566276558e-07,2.4847473449632782e-08,3.315360840699199e-05,0.0012665915645535867,0.00035598333659516156,4.353951994724709e-09,1.1358129855848863e-07,0.42831249182256803,4.2467177217434847e-07,0.0005478479608401381,5.981143938235943e-05,4.371192218177238e-08,6.579520253079413e-08,3.8172391589666055e-05
55,1.3076589863837337e-06,0.00018684596559734768,6.0816730641296524e-05,9.087721813039455e-06,0.0003053923226340869,0.0015967082581382014,0.0002050395100039481,0.00017532640544511691,0.6558456995171627,0.012476324964174525,4.207293657459162e-05,4.4497645583241883e-07,2.877654999308416e-08,3.8677303262775056e-05,0.0010519742897222141,0.0004194555546273287,2.0160453116964394e-09,6.624680044060597e-08,0.3272082486565699,4.549739903240083e-07,0.0002622962407646322,4.13869784917338e-05,2.6727433397052263e-08,4.9889605717044474e-08,7.226537850912691e-05
56,1.2295387221898814e-06,0.00021540013246378197,5.693263295293719e-05,9.600174003938107e-06,0.0003968044273846947,0.002056484047929771,0.00022813040269628382,0.00018343950823696695,0.5888447067793885,0.014855593026830814,4.586338332718266e-05,4.241861947589434e-07,2.8811287290915568e-08,5.017393035901507e-05,0.0014359948703500643,0.0006006024542020949,2.2643444892252035e-09,6.443403741442492e-08,0.3905677371830032,4.657548136568686e-07,0.00033062110370529285,5.2546093668519957e-05,4.090881946024273e-08,5.191497489006125e-08,6.70620363028174e-05
57,4.262829805314357e-06,0.001098284111612082,4.9394968221711135e-05,3.502902182009139e-05,0.00030512095342732736,0.012849822985326402,0.0023963680466441953,0.00016433268603278426,0.6700982967926499,0.029900164084831583,0.00032890994278015484,2.5782793737403996e-07,6.129027178458766e-08,0.0001188533960054332,0.004601885697202578,0.001358417606164885,1.961915492713657e-09,5.590047789037694e-07,0.27575106968603075,1.4104438286674675e-06,0.0006811004402510853,7.050714259944108e-05,5.526819295586502e-07,2.2223001904570702e-07,0.00018511416791342096
58,1.40823155682254e-06,0.00022852179336499228,5.831606136725962e-05,9.646019300886265e-06,0.0003976844718068181,0.0020199158531467414,0.00024255107352445852,0.00019860334423376356,0.5773880523730675,0.01540612120438332,4.818814324257051e-05,4.477015622142889e-07,2.83114126682279e-08,4.816100457796007e-05,0.0015433815821617393,0.0006291155846596049,2.674850415390213e-09,7.16566732931107e-08,0.40128577794538633,4.6347977625317513e-07,0.00036280003751948457,5.806684264991241e-05,4.483915314999442e-08,6.107086989450218e-08,7.256869975202882e-05
59,1.5401620981056242e-06,0.00021857678369581539,6.845855105150785e-05,9.735153336584636e-06,0.000395024069165534,0.0019794565739433886,0.00025428343987427584,0.00020973139991882327,0.6014147583444911,0.0149328831977428,4.9584446198021705e-05,4.77657228156217e-07,2.8908318443395988e-08,4.666830229236776e-05,0.0015152851851416842,0.0006584524406921353,2.776548457210095e-09,7.52055406205894e-08,0.3777513424042477,5.086087761213623e-07,0.00036182072923524175,5.554178862743771e-05,4.3350431532187985e-08,6.89289141541163e-08,7.565159248991504e-05
60,1.2252381118738477e-06,0.00020412122071347463,5.420530075644895e-05,9.441518551073522e-06,0.000386264184054956,0.00213660308463244,0.00022581012335944317,0.00018221706742550507,0.5768545720087077,0.014928075907877243,4.54953273792397e-05,4.2212995560057397e-07,2.4870088703879583e-08,4.960265649971453e-05,0.0014792041385726128,0.0006421621705446498,2.1743442198638042e-09,6.320559380819827e-08,0.40232412118821886,4.488651772523614e-07,0.0003528962826844327,5.3186069763360984e-05,4.2232239176431104e-08,4.8223734815458646e-08,6.974481101347556e-05
61,1.365799848471298e-06,0.00020794279717921757,6.851055142341529e-05,9.301618527527763e-06,0.000402219933071247,0.001937147190614014,0.0002304710784752115,0.0001909117351488025,0.6053429394119656,0.013722228169110782,4.871582797012378e-05,4.730726324526512e-07,2.758780538744336e-08,4.824441378671032e-05,0.0014564443511193837,0.000605880460732151,2.4837826975946364e-09,6.57539031436864e-08,0.3752608003224258,4.7650598295670254e-07,0.0003422277808032864,5.205648819363709e-05,3.873193087945564e-08,5.827910956176574e-08,7.144965445761164e-05
62,1.2252381118738477e-06,0.00020412122071347463,5.420530075644895e-05,9.441518551073522e-06,0.000386264184054956,0.00213660308463244,0.00022581012335944317,0.00018221706742550507,0.5768545720087077,0.014928075907877243,4.54953273792397e-05,4.2212995560057397e-07,2.4870088703879583e-08,4.960265649971453e-05,0.0014792041385726128,0.0006421621705446498,2.1743442198638042e-09,6.320559380819827e-08,0.40232412118821886,4.488651772523614e-07,0.0003528962826844327,5.3186069763360984e-05,4.2232239176431104e-08,4.8223734815458646e-08,6.974481101347556e-05
63,1.2458607769207746e-06,0.0002308603031869521,5.387398926363868e-05,9.269979717884779e-06,0.0003656198400603264,0.001997954838867645,0.0002308929520988244,0.0001822940298472856,0.5909398804869268,0.014945328250436495,4.581017574935103e-05,3.954700698211731e-07,2.679483249477184e-08,4.745989445983619e-05,0.001505381952615712,0.0005820007097490173,2.272227270085389e-09,6.514998259481229e-08,0.3884000328986502,4.557900447999089e-07,0.000335850095179171,5.503567067111492e-05,4.0561606849550656e-08,5.256796485582869e-08,7.016946501386585e-05
64,1.2205387681828414e-06,0.0002023727978615413,5.0635563423583964e-05,1.0244051617408226e-05,0.0004121221896822826,0.00210720941332884,0.0002127837715129586,0.00020782559102403177,0.5343576333455716,0.015961141342284588,4.8946454608544265e-05,4.494967913090866e-07,2.083921252023033e-08,4.799599272585473e-05,0.0015863666807929859,0.0006770976979614574,2.5139143974021043e-09,6.933894637757101e-08,0.44348669874032454,4.203166211589189e-07,0.0004977937238673358,5.5386688699565565e-05,4.659554679108099e-08,5.049578995884296e-08,7.546581912205768e-05
65,1.171437075215767e-06,0.00020655020260212215,5.229759263628669e-05,8.510476221358007e-06,0.0003316807746377039,0.0017679367464698528,0.00022426247969850686,0.0001784884441639422,0.601019474151076,0.013706056487067977,4.161768692889116e-05,3.5749266820977745e-07,2.444074151668217e-08,4.276127655486638e-05,0.0014467583657096707,0.0005509080325411532,2.0757541922795533e-09,5.504467265045746e-08,0.38000408809368186,4.227137553925272e-07,0.0003004603199231707,4.9436865965634045e-05,3.631363934296596e-08,4.9226119297208524e-08,6.659325969525578e-05
66,3.1079444243697775e-07,6.08837744889913e-05,4.516515919171436e-05,6.420334542772265e-06,0.00031757182027546187,0.0012314223586249666,0.00011078630713535336,0.00015169359859647984,0.5901117835817397,0.019586428731682114,8.201091118869394e-06,1.9691700277041153e-07,2.0122538571073894e-08,3.701127832586524e-05,0.0003543325574580334,0.0007862251892083224,5.086367477581586e-10,1.3238191280747339e-08,0.3870249086801381,4.2129958497192406e-07,0.00012064482546275058,1.8650103983370965e-05,1.0035041802070435e-08,1.3176664042354731e-08,2.688451592462575e-05
67,1.6191412588047324e-06,0.00022883544235108514,6.833558429612319e-05,1.2473991469892984e-05,0.00047159272351235165,0.0035431891585807093,0.0003172541620057132,0.00018371305783855505,0.5471455375576855,0.016813022130356126,6.267546457434791e-05,6.329810316957823e-07,3.1343803725739615e-08,7.893994130244673e-05,0.0020207225875405062,0.0011439063917318454,2.6247582357463188e-09,8.80049344239229e-08,0.42728491430011295,6.984894758077423e-07,0.0004617071348705737,6.718523749912729e-05,8.501795202939599e-08,5.505794578404885e-08,9.278247311163045e-05
68,1.461165244851824e-06,0.0002260909019260298,5.613149129122335e-05,1.0975705447416336e-05,0.00039760230467944795,0.0026145000652115866,0.0002587763813188081,0.00019617169154941032,0.5732506304817927,0.01625390978183977,5.696597417617406e-05,4.991614152482709e-07,2.6546906577133544e-08,5.358367901199261e-05,0.0016415712248446898,0.0007327285679606123,2.5859509376912498e-09,8.653024654324802e-08,0.4036759837641526,5.383183493516578e-07,0.00042857040984891606,6.216717252874004e-05,5.5524644278425965e-08,5.554600543498439e-08,8.091502365646786e-05
69,1.0975759129740307e-06,0.0001900430501054714,6.440950285185163e-05,1.2919201054523512e-05,0.0002742880260670304,0.0014021880932274427,0.00023570567860859811,0.00024700293026790396,0.6184193294775508,0.019235666034266546,3.293417939048594e-05,3.5034872081503906e-07,2.5656891763086107e-08,3.414287353436321e-05,0.0011308279019253142,0.0007353086211288107,2.3391358258802246e-09,5.894067611420214e-08,0.35748456020877645,7.04231671997917e-07,0.0003589248406272066,3.53927893305487e-05,3.5750192665725016e-08,6.275938762901777e-08,0.00010401898869678313
70,2.2869157681172904e-06,0.00025556808742659696,0.00015495974017959996,1.5015217420241312e-05,0.0006835086181776777,0.004522558090190338,0.0003371107861778568,0.00012072674489084388,0.6135957514365793,0.015992057218559442,5.437912774769051e-05,1.1886665919173515e-06,4.765508904210043e-08,0.0002095854421987646,0.0015597615580466107,0.0013103849127036942,2.099668207441755e-09,9.414509220366623e-08,0.3605542058828185,8.03887737434396e-07,0.0004178391742440439,7.156925708022613e-05,7.30524900607999e-08,4.6110180575658796e-08,0.0001404761729409286
71,1.796484941232981e-06,0.00020674052459552695,5.8452238075314056e-05,1.1584240450763482e-05,0.00033379690243993433,0.0022554507765155177,0.00034071681372118133,0.00024316476966056527,0.5319646649896135,0.015055529844772037,5.987592500527957e-05,5.4984369324425e-07,2.8095188146040562e-08,5.2695511174529865e-05,0.001700679634491375,0.0009057896887171996,3.0579749735208876e-09,8.95264197895701e-08,0.44621990759474855,6.736363058382888e-07,0.00044366601737273986,6.345468499455009e-05,6.69648086812925e-08,6.40117583725614e-08,8.055822256104012e-05
