,0,1,2,3,4,5,6,7,8,9,10,11,12,13,14,15,16,17,18,19,20,21,22,23,24
0,0.007758181026326743,0.0007227747163353473,7.012446449515273e-05,4.333822247182641e-05,1.3967283814340462e-05,0.00048375921201104105,0.003049679710141639,0.44302677101251386,0.004064029757695602,0.00010432218934914416,9.388012859276319e-06,2.8760105159676505e-05,0.02742144952907335,7.217244035197276e-08,4.051314172855958e-06,0.06606002507600432,0.007329134673278747,6.013058945237645e-07,0.4396635184359878,1.8455104746397112e-07,1.2530295892931411e-06,0.00014445658411700105,1.46165263531758e-07,4.872761889535675e-09,6.57719532247044e-09
1,0.009407055240196742,0.0015535358520082736,0.00033082083497000417,0.00012645043807625364,1.1463734658770901e-05,0.0014442914732358417,0.008664746479449207,0.40638435681374857,0.0005407147564833566,6.443248977155206e-05,6.773211279072422e-05,0.00027354123762601785,0.07114925224077102,9.672165143489382e-07,2.5354996079736056e-05,0.01879955518329646,0.03777831518071546,4.574927817994898e-06,0.44200544294196653,4.390876723149224e-07,1.641331020522592e-05,0.0013498028348444384,6.894897808662526e-07,1.3518973228291205e-08,3.7608347164542314e-08
2,0.007621566199827656,0.0005968893465085548,6.242335876566294e-05,3.1526972300262394e-05,1.5530771263935447e-05,0.00038110806399950785,0.0031150605986897057,0.44630866631403476,0.005379387877010886,0.0001300302761119217,6.889695919892675e-06,1.7964929231688848e-05,0.017232907790083126,7.004649690875898e-08,4.933723800388384e-06,0.053716660323343005,0.004716878553859026,5.183837722450625e-07,0.4604794282181422,2.6718050051684876e-07,1.0283310820490905e-06,0.0001800885127361376,1.5952977312250796e-07,5.386878073798782e-09,9.615868873667338e-09
3,0.007723902712211677,0.0007183442135094399,7.042866711955142e-05,4.259902442782254e-05,1.3916718411123652e-05,0.0005009989147705672,0.003022046109893268,0.4361218705269239,0.003997464664422463,0.00010614472794354945,9.338359050960768e-06,2.8593491547133182e-05,0.02700797792425867,7.125309775219872e-08,4.12164107574773e-06,0.06722284063550714,0.0071296223999971035,5.968600364381674e-07,0.4461363131661177,1.9048568750142503e-07,1.2674440979824834e-06,0.00014119291558171878,1.4575548113233812e-07,4.911363240202254e-09,6.477466562254391e-09
4,0.007132409479689275,0.00084723703061555,7.35609689881409e-05,4.6910645564440524e-05,1.594975435390618e-05,0.0005154693391076001,0.0031431259269432002,0.42639278795858115,0.0038742650303385945,0.00010001337878417858,1.130013528256545e-05,3.9395722434392675e-05,0.03705798259296634,8.876614591442552e-08,3.844727909144551e-06,0.06759340303749885,0.008149820442653376,6.977109118218527e-07,0.44484948166882105,1.9425455108735096e-07,1.3719990832409926e-06,0.00015052552564625164,1.525847684859103e-07,4.519878943439555e-09,6.798482479702856e-09
5,0.009996757728513979,0.0005515089481620123,7.751579043025453e-05,6.161522891078652e-05,1.2453663633296598e-05,0.0004779760335010902,0.003159770463531461,0.5038605939845114,0.00455726306110736,0.00013586296749198997,9.97438585156853e-06,2.8749917955340093e-05,0.028103636729084225,8.66605637134654e-08,3.6245286215265425e-06,0.07666337367993585,0.009349448390647788,9.912203698304877e-07,0.3627977019588247,2.5875409733084524e-07,1.2765208294469334e-06,0.00014936099062696012,1.8256792695660054e-07,7.877772082223958e-09,7.947098891790418e-09
6,0.007723902712211677,0.0007183442135094399,7.042866711955142e-05,4.259902442782254e-05,1.3916718411123652e-05,0.0005009989147705672,0.003022046109893268,0.4361218705269239,0.003997464664422463,0.00010614472794354945,9.338359050960768e-06,2.8593491547133182e-05,0.02700797792425867,7.125309775219872e-08,4.12164107574773e-06,0.06722284063550714,0.0071296223999971035,5.968600364381674e-07,0.4461363131661177,1.9048568750142503e-07,1.2674440979824834e-06,0.00014119291558171878,1.4575548113233812e-07,4.911363240202254e-09,6.477466562254391e-09
7,0.007334119295568432,0.0007912034049403229,8.992480037570015e-05,3.311139709432942e-05,1.2957566025571118e-05,0.0003007960294349083,0.002468109614975782,0.41078912761546826,0.001814809658351897,6.368840515488454e-05,9.420012321101843e-06,3.241372999016887e-05,0.04152896970100415,4.4076319664912006e-08,2.5001474374434137e-06,0.04154956032494531,0.00476904856053075,4.873511907323935e-07,0.4883144330328702,1.1492117946299029e-07,1.2631191845769226e-06,9.382640095051473e-05,6.519757839332883e-08,2.655869324669895e-09,2.9812380785626828e-09
8,0.012339352466315777,0.0006411818913213227,0.00011487480331546649,8.571393394507427e-05,1.906331984978669e-05,0.0005506849766793368,0.004502156533248608,0.5166210750381337,0.011550937821483136,0.00029658683708531686,1.29789266000295e-05,1.2734967739351828e-05,0.016433830132638556,1.4216039086477332e-07,1.0824201359923376e-05,0.07254752063932662,0.007664295955757547,7.232426057990577e-07,0.3563112990818432,3.6368597033639965e-07,1.4896141426005323e-06,0.00028181538721208253,3.0427738572030757e-07,3.1456768367925814e-08,1.864888152270912e-08
9,0.010536073635121533,0.0005371556694141876,0.00012525613626270015,7.893339409176891e-05,1.4627991045735464e-05,0.0005931236413412189,0.0026031631964170154,0.4961884011431745,0.006122067259512518,0.0002467692886917669,1.181332647720747e-05,1.9391507010763442e-05,0.022661409675929747,1.1484746102713682e-07,5.590518240135257e-06,0.08193577175878602,0.009390680846228645,7.831316867179704e-07,0.36872612601329874,3.441814750691204e-07,1.550954603368493e-06,0.00020062859420066345,1.980467580630726e-07,1.7249817695649935e-08,7.992953333082357e-09
10,0.007723902712211677,0.0007183442135094399,7.042866711955142e-05,4.259902442782254e-05,1.3916718411123652e-05,0.0005009989147705672,0.003022046109893268,0.4361218705269239,0.003997464664422463,0.00010614472794354945,9.338359050960768e-06,2.8593491547133182e-05,0.02700797792425867,7.125309775219872e-08,4.12164107574773e-06,0.06722284063550714,0.0071296223999971035,5.968600364381674e-07,0.4461363131661177,1.9048568750142503e-07,1.2674440979824834e-06,0.00014119291558171878,1.4575548113233812e-07,4.911363240202254e-09,6.477466562254391e-09
11,0.007429946125882488,0.0007402390078195696,6.962498216131831e-05,4.261671563275987e-05,1.4055822777335397e-05,0.00048169456176268787,0.002961593271479741,0.4368818392409135,0.003656198743640058,9.776816765754311e-05,9.513203914768755e-06,3.267912785679186e-05,0.030292896250809425,7.178440202892754e-08,3.79492466736952e-06,0.06657203835751459,0.007312630448372302,6.284881691910876e-07,0.44326348232316304,1.8526307128463547e-07,1.268639374536776e-06,0.0001350846933357967,1.393085934019925e-07,4.388780381885583e-09,6.1582482595374315e-09
12,0.009973105806561652,0.0029726929834436927,0.0001294033815546738,7.392550443249727e-05,0.00011691350291920343,0.0018445218217390154,0.006407250200207412,0.24131355708607213,0.00766031857359926,0.00011533276384891016,1.939196683583547e-05,0.00011348903164258516,0.047531502177722784,5.570512984676887e-07,6.588725838954948e-06,0.08562063047716229,0.008821948640495132,2.7036064866371906e-06,0.58710323776127,6.740314982300756e-07,2.6178543585312796e-06,0.00016885027441178167,7.226685920840275e-07,6.5159417717118705e-09,5.7592066458215024e-08
13,0.006050388289099743,0.0007917312885238126,7.479630914063448e-05,5.515497277141174e-05,1.7412564820950693e-05,0.00047251571808474554,0.0031495756550208314,0.39578571718726585,0.0031939253261724135,8.772619192158403e-05,1.7904141619780346e-05,3.86075945970367e-05,0.04347269803424775,9.218507500871187e-08,4.848655606946182e-06,0.06953320689075188,0.007484163886843952,5.377901467023616e-07,0.46962157971367074,1.585014095716275e-07,1.692958850021343e-06,0.000145388699407642,1.6728340122516786e-07,5.070867937546069e-09,5.090681610424985e-09
14,0.00647433361930877,0.0009088848438408061,6.099331795182185e-05,2.78880162896617e-05,1.5064328963882032e-05,0.0005369829464531882,0.0024032936616479876,0.30998689002070423,0.0023045103761148494,7.04274026900087e-05,9.94487313876925e-06,3.637714024278091e-05,0.03009421942285129,5.831151836144005e-08,3.4623029412263287e-06,0.05898775182081782,0.004907568908296512,4.519623307027931e-07,0.5830709092437486,1.4020149361446156e-07,1.3772419921081295e-06,9.83531481278433e-05,1.0980483751160603e-07,2.730523144691895e-09,4.3531746536904725e-09
15,0.007723902712211677,0.0007183442135094399,7.042866711955142e-05,4.259902442782254e-05,1.3916718411123652e-05,0.0005009989147705672,0.003022046109893268,0.4361218705269239,0.003997464664422463,0.00010614472794354945,9.338359050960768e-06,2.8593491547133182e-05,0.02700797792425867,7.125309775219872e-08,4.12164107574773e-06,0.06722284063550714,0.0071296223999971035,5.968600364381674e-07,0.4461363131661177,1.9048568750142503e-07,1.2674440979824834e-06,0.00014119291558171878,1.4575548113233812e-07,4.911363240202254e-09,6.477466562254391e-09
16,0.008708979827971659,0.000516875472645752,6.178354040273385e-05,4.777814434868961e-05,8.543972376929846e-06,0.00048683887498823325,0.0030774139771055677,0.461723585838202,0.002913659979292461,0.0001451025820011694,1.019191003314408e-05,3.6622889709236795e-05,0.024820565293716953,8.547050118755152e-08,3.7165419359772127e-06,0.07094697430334101,0.00958108229985566,1.0101987016847198e-06,0.4167081835299945,2.5086913169961787e-07,2.0149710304301415e-06,0.000198545112149203,1.807977289288744e-07,5.887557890791073e-09,7.715277272361948e-09
17,0.008863037460447025,0.0006800597601713829,5.57530636933648e-05,3.3853451432117554e-05,9.77704581614779e-06,0.00029675449468823215,0.0026647102870330933,0.47095097532087044,0.0025008053065094693,7.02048997771835e-05,7.990380584408716e-06,6.059478405402845e-05,0.03888441687827284,8.297153546216455e-08,1.9043857891017468e-06,0.04791276088206514,0.010181411719482895,1.3188100514124215e-06,0.41665165669239573,1.951682953217852e-07,1.2420695825134476e-06,0.0001703374909849661,1.4506642762068893e-07,2.862723405000484e-09,8.74731664214076e-09
18,0.010442353000541782,0.000833808716540772,5.2623584332754025e-05,3.743731364600084e-05,9.082396319978807e-06,0.0004895600104223204,0.003897752188201701,0.46922027875816313,0.005458378559151488,0.0001538533834319381,8.637719034228363e-06,5.233237743547572e-05,0.02940552656864767,1.2883412333845922e-07,3.3003336119943418e-06,0.060189575456824955,0.015426266612527224,1.5651531720028035e-06,0.4040025979807398,2.987752771019755e-07,1.4246275579928319e-06,0.00031296670327321665,2.2532475932577158e-07,5.725077312568357e-09,1.9897186644353695e-08
19,0.006370728385036158,0.0007653800655567438,7.72974190905123e-05,4.7112367002061166e-05,1.7250266034247433e-05,0.00038271781002851657,0.0030788343630435053,0.4739230756132144,0.0033275791914709053,7.569915567335223e-05,9.489413508285129e-06,3.549285698121011e-05,0.035699372449592946,7.000555833383969e-08,3.531584031640063e-06,0.05781153208992645,0.006509545053768894,5.858716966650978e-07,0.411735563801347,1.5909380553256634e-07,1.1391463409281478e-06,0.00012772217117449085,1.1330971515014675e-07,3.5146517512013506e-09,5.0017503835797706e-09
20,0.004794764308226143,0.0006302874038304997,6.749604848619384e-05,4.1015865929335465e-05,1.2260882061682686e-05,0.0004594565470119161,0.0038699163445569344,0.4770674093196798,0.003222978964926387,9.96504763741937e-05,1.0219819565248332e-05,2.049719399738637e-05,0.019683136259076403,6.424219447416952e-08,8.8400412325914e-06,0.051936398720572714,0.005449196935638745,3.1897134074530857e-07,0.43241741089267804,1.6929979609868486e-07,1.7776928291861995e-06,0.00020656812629892744,1.5500787125835833e-07,4.820525369405167e-09,5.815299789553478e-09
21,0.010010706601213382,0.0007970055554275411,7.305977066404912e-05,4.4110331657702315e-05,1.573231090427157e-05,0.000454683054543958,0.002161224557250258,0.38059861956351765,0.0037939616875554394,0.00013291758769588274,1.16097339150601e-05,3.377233041951158e-05,0.02868310804773504,7.452402091822536e-08,3.1243734216779513e-06,0.06955289938238063,0.0067708659924988505,7.04094868840961e-07,0.49673377456356616,1.906218274770038e-07,1.5930867781124414e-06,0.00012611520981892368,1.354853385077542e-07,5.77966895069106e-09,5.753311258537128e-09
22,0.008581132346190857,0.00047308419144449825,8.500633258834619e-05,5.743555266413141e-05,8.796361249850165e-06,0.00047344277999838405,0.0023729433156469753,0.4922714593942554,0.0029669656602445953,0.0001453818795808276,1.0309225208530907e-05,2.8119125385616867e-05,0.026234161805149023,7.165474687919282e-08,3.482704195833767e-06,0.07106202521190103,0.010467654676496374,7.365348856766063e-07,0.3845896041945873,2.1156840185677912e-07,1.654660469274389e-06,0.000166174502603533,1.351454553892822e-07,6.606281356891935e-09,4.570368319464229e-09
23,0.007723902712211677,0.0007183442135094399,7.042866711955142e-05,4.259902442782254e-05,1.3916718411123652e-05,0.0005009989147705672,0.003022046109893268,0.4361218705269239,0.003997464664422463,0.00010614472794354945,9.338359050960768e-06,2.8593491547133182e-05,0.02700797792425867,7.125309775219872e-08,4.12164107574773e-06,0.06722284063550714,0.0071296223999971035,5.968600364381674e-07,0.4461363131661177,1.9048568750142503e-07,1.2674440979824834e-06,0.00014119291558171878,1.4575548113233812e-07,4.911363240202254e-09,6.477466562254391e-09
24,0.006631982035305898,0.0007490962951571419,7.78077248579141e-05,6.416161102441582e-05,2.1934510271044484e-05,0.0004966127497789145,0.002868441450758174,0.4592394316862062,0.004152685715664471,8.814363960012667e-05,1.1768761624011234e-05,3.966381737233495e-05,0.042339152619679354,1.0081638149639794e-07,3.39494530232296e-06,0.08265703084475778,0.00794620799607614,7.56128880216743e-07,0.39249208204543046,2.002844889095559e-07,1.1260832235698746e-06,0.00011803898945148214,1.687498439623132e-07,4.56684792261632e-09,5.932015725835013e-09
25,0.005651900088752261,0.00029973982825510256,5.129735799532887e-05,4.318313647340195e-05,8.565407673452835e-06,0.00019862315393842262,0.002374660501172921,0.5570288151197514,0.0017769312426668684,5.96662806354577e-05,7.900746331792837e-06,1.880184197313856e-05,0.026390188398664933,3.4317900925472425e-08,2.6807884459911435e-06,0.05353682252357978,0.004694466109492822,4.2052944542187944e-07,0.34776698032859316,1.1895267212717173e-07,1.0491943568333577e-06,8.705127068416527e-05,9.775964292227702e-08,2.6594574748887503e-09,2.4614438663879874e-09
26,0.01380319554769833,0.0008218354727730501,7.8188011604751e-05,6.65796861318388e-05,1.9249197937071154e-05,0.0005448420285862956,0.003326617815040894,0.48400234357422667,0.009499763517656601,0.00014300833479709946,1.1318207744987168e-05,2.479586988911407e-05,0.025693348248435,8.256455387142957e-08,4.6486186301406505e-06,0.08881953956200475,0.009315136411554825,8.248877551535809e-07,0.36369526213889236,2.4786737833683083e-07,1.1893606256799856e-06,0.00012771538060703334,2.4252767661743167e-07,1.3948552859718113e-08,1.121924656361139e-08
27,0.00718293470912465,0.0007974957416232165,6.740539473020699e-05,4.4251827380199266e-05,1.657759572460783e-05,0.0005650997774915879,0.0041835569347963225,0.44500167799827367,0.0073804313813567845,0.00016426617716583052,1.076402774070027e-05,2.33938359050403e-05,0.02162980296856521,1.0094298491986112e-07,7.751857077620844e-06,0.07059585464990595,0.007487328405817588,5.337415595592779e-07,0.4345896264955343,2.6605868135346147e-07,1.328004998608391e-06,0.00024932411256414094,2.0762920999481661e-07,8.238318069123693e-09,1.1493469792588083e-08
28,0.007723902712211677,0.0007183442135094399,7.042866711955142e-05,4.259902442782254e-05,1.3916718411123652e-05,0.0005009989147705672,0.003022046109893268,0.4361218705269239,0.003997464664422463,0.00010614472794354945,9.338359050960768e-06,2.8593491547133182e-05,0.02700797792425867,7.125309775219872e-08,4.12164107574773e-06,0.06722284063550714,0.0071296223999971035,5.968600364381674e-07,0.4461363131661177,1.9048568750142503e-07,1.2674440979824834e-06,0.00014119291558171878,1.4575548113233812e-07,4.911363240202254e-09,6.477466562254391e-09
29,0.007723902712211677,0.0007183442135094399,7.042866711955142e-05,4.259902442782254e-05,1.3916718411123652e-05,0.0005009989147705672,0.003022046109893268,0.4361218705269239,0.003997464664422463,0.00010614472794354945,9.338359050960768e-06,2.8593491547133182e-05,0.02700797792425867,7.125309775219872e-08,4.12164107574773e-06,0.06722284063550714,0.0071296223999971035,5.968600364381674e-07,0.4461363131661177,1.9048568750142503e-07,1.2674440979824834e-06,0.00014119291558171878,1.4575548113233812e-07,4.911363240202254e-09,6.477466562254391e-09
30,0.007723902712211677,0.0007183442135094399,7.042866711955142e-05,4.259902442782254e-05,1.3916718411123652e-05,0.0005009989147705672,0.003022046109893268,0.4361218705269239,0.003997464664422463,0.00010614472794354945,9.338359050960768e-06,2.8593491547133182e-05,0.02700797792425867,7.125309775219872e-08,4.12164107574773e-06,0.06722284063550714,0.0071296223999971035,5.968600364381674e-07,0.4461363131661177,1.9048568750142503e-07,1.2674440979824834e-06,0.00014119291558171878,1.4575548113233812e-07,4.911363240202254e-09,6.477466562254391e-09
31,0.007070884103994501,0.0008333171416022587,7.310995555332583e-05,5.3627555128628924e-05,1.6400300959065783e-05,0.0007303712427980481,0.00370839325880865,0.4168889043582047,0.005457465958783384,0.00013711111564074924,1.2603688558423267e-05,2.893538123173756e-05,0.028153215184420034,9.633315101244798e-08,6.227029466047761e-06,0.08527116587743029,0.008482415248608259,5.58015951668686e-07,0.4429015703333627,2.1575002649449916e-07,1.4613614421539133e-06,0.00017174684503997207,1.8948161028118266e-07,6.940027188347036e-09,7.53820066887738e-09
32,0.0071953756033558535,0.000706769164621449,6.651403120741361e-05,3.5301350951769544e-05,1.3774008770541844e-05,0.00046335213310294695,0.0028011151929844824,0.40845651897618107,0.0033971104031278033,9.465168685015165e-05,8.668130863243662e-06,2.8912381360136192e-05,0.025305655700889364,6.555987446556206e-08,3.968871761250558e-06,0.06093216287686685,0.00611618461411487,5.470951808873744e-07,0.48423551044751956,1.8434564947106255e-07,1.2537161760438587e-06,0.00013625914539105492,1.3442569405031023e-07,4.028116177758013e-09,6.109388985041026e-09
33,0.008576583911221802,0.0009175474576025264,0.00017656727039446236,5.3292320494747566e-05,5.9364232653086e-05,0.0009331937164701627,0.0038475152401563047,0.2540983606872244,0.007180231483038086,0.00017548580246463957,1.739359173414275e-05,5.633359240609856e-06,0.00524659606705983,6.963347692084434e-08,4.145722290603868e-05,0.05178743726653433,0.0013877115489574305,1.872155667192411e-07,0.6653647690831447,2.584059334111626e-07,3.826686037273139e-06,0.00012606926015055458,4.061972085819864e-07,2.5603571492442027e-08,1.6736757724100784e-08
34,0.009557921961631669,0.0008207355442867346,5.6388636300795185e-05,1.9427963621981677e-05,1.6144396730165036e-05,0.00021443264118723031,0.002007858528953944,0.29855593567337924,0.0034687449558836593,7.968866444296747e-05,8.114057059193354e-06,2.2228021201792805e-05,0.021023339419734256,4.657745463911961e-08,2.7950649493210763e-06,0.033771271230486274,0.0030343413440956013,4.0759191699812136e-07,0.6272238361250974,1.2880732147578595e-07,1.0571209273531774e-06,0.00011505235172366659,9.281401888683988e-08,3.815343521325895e-09,6.692251317627108e-09
35,0.01460308679580115,0.0004554492011312624,3.881822761395197e-05,2.121154669528153e-05,5.158957374559848e-06,0.00013604777136189478,0.001797333012065741,0.5660155587582528,0.003205582058106741,8.290889523898288e-05,3.2870766099360553e-06,2.4162799677068443e-05,0.020658275705993615,2.3628199675781175e-08,8.912730546898405e-07,0.040976847948534345,0.006559992637437378,8.593255541876071e-07,0.3453225259655473,1.0597020841507641e-07,6.049710424045062e-07,9.120965408046815e-05,5.1240774496447396e-08,2.2676588061534984e-09,4.311984864633279e-09
36,0.004131723410586248,0.0003963698809867769,3.0094017462962046e-05,2.9999880513001648e-05,4.730611326449404e-06,0.0003522280368762467,0.0029714939832801244,0.6304657491454078,0.0037484154737618797,6.693522660520106e-05,3.958786652908725e-06,3.9276580009548204e-05,0.02766768439025954,5.1218937468064266e-08,2.3800521009650587e-06,0.08092946096951562,0.01613555784085534,6.284378724156676e-07,0.23284198414742568,1.5034018326589244e-07,5.043232486191541e-07,0.0001805194722667899,9.768018238761323e-08,1.7215331946251044e-09,4.372149711050911e-09
37,0.013606327082357057,0.0004734128156714781,0.00010372498188934381,6.912684035190604e-05,1.1782606088391125e-05,0.00036011709357720184,0.002814866569627692,0.4866179911235026,0.003569106785641241,0.00014176694689341945,1.1550960268900202e-05,2.3336053397364226e-05,0.026815368236007556,7.517487037115049e-08,3.4781133246332078e-06,0.06634479590318318,0.007839104956505418,1.0140272905217632e-06,0.39106168139946623,2.2653854961639069e-07,1.3987033721176669e-06,0.00012957844233156876,1.5013015450265514e-07,1.1878953358281784e-08,6.6367241446823345e-09
38,0.005214841123149337,0.0005198360239654762,5.101196459696337e-05,2.9007300524328342e-05,8.602741601984146e-06,0.0007076211864273897,0.002873760706937075,0.37532998740161955,0.0016828185871633067,6.348720096111033e-05,7.864996058311138e-06,2.5930201920569235e-05,0.023596760221235788,3.818845176041278e-08,4.541320249456705e-06,0.08820066360689152,0.005490086857054437,3.8302403609796246e-07,0.49611457904913064,1.4761196609787365e-07,1.2747039698741856e-06,7.662390450728807e-05,1.2651805272473076e-07,2.4447862176620893e-09,3.1147428251459043e-09
39,0.0073258312816419716,0.0006708281780325467,6.66452059971886e-05,4.131979184718271e-05,1.2940675007561829e-05,0.0004925192846036401,0.003028938391697544,0.44644849555289573,0.0036795795386559173,9.807282218406029e-05,8.740614996679505e-06,2.7925835896068307e-05,0.026051553586231322,6.598519713142777e-08,4.110806517257221e-06,0.06664115944019568,0.007027229877009118,5.754316573894644e-07,0.4382358168354671,1.8657230114434142e-07,1.265150740655022e-06,0.00013603992523405275,1.4846088608913045e-07,4.455681024907514e-09,6.2994259844702084e-09
40,0.007712012895545876,0.000720655145272433,7.064821684254954e-05,4.251429544109704e-05,1.3962268621645277e-05,0.000501990679319559,0.0030200127016382075,0.4352846762188654,0.003991066172939931,0.00010604947276626254,9.339079649577783e-06,2.864449110321745e-05,0.027011733984855252,7.138397605637992e-08,4.127598582283819e-06,0.06706043635492487,0.0071148794895499355,5.96020890549136e-07,0.44716357199815543,1.9063574108833807e-07,1.269099455148071e-06,0.0001413948519095504,1.455602360145331e-07,4.903428831728491e-09,6.480288940204137e-09
41,0.007349062627125509,0.0015411884139622256,0.00010445866226668105,6.733227700398957e-05,3.868356839031312e-05,0.0007810303949338375,0.003163831417776764,0.472284247582312,0.010941081512682208,0.00012437576522273002,9.800592471563993e-06,2.3345665606038287e-05,0.03363772151171039,8.168077273818255e-08,5.014840940744574e-06,0.09288864216744308,0.006722648643655602,3.8666259782759057e-07,0.37022155893829695,1.6189149333639733e-07,9.358292743247574e-07,9.426314094045979e-05,1.34404285495176e-07,6.007390971244606e-09,5.801444220315861e-09
42,0.022005935654681657,0.0016038710269088876,0.00011314883317767625,0.00018557898416581687,3.9542866346827965e-05,0.0017004901718016255,0.007980121592406544,0.3853098522160992,0.01639065762639982,0.0002424616875937063,3.370388308779431e-05,4.215809907006235e-05,0.0540332043414879,3.5560233948629654e-07,8.064578425568959e-06,0.16950313321911203,0.019116905975096906,2.780707365342037e-06,0.32155426223875827,4.239151069968231e-07,1.6540010656996282e-06,0.00013086782367211227,7.559857037630689e-07,3.4071298951109874e-08,3.4898827188656937e-08
43,0.008187777528657928,0.0006398589755136435,7.718235742573705e-05,4.584788650276057e-05,1.4830965587490792e-05,0.0006061102581240045,0.0028116483799745643,0.43945634175668535,0.006589595930844327,0.0002482872960769992,9.399126648190823e-06,1.8258707253069204e-05,0.018114727089096196,8.831786061832424e-08,5.768943136531402e-06,0.07699458419671606,0.006860463248930364,5.400209393910269e-07,0.43910382020542155,3.126447648004805e-07,1.4720859767186628e-06,0.00021289906262885196,1.680880028400379e-07,8.83615976713443e-09,8.091072145179923e-09
44,0.007723902712211677,0.0007183442135094399,7.042866711955142e-05,4.259902442782254e-05,1.3916718411123652e-05,0.0005009989147705672,0.003022046109893268,0.4361218705269239,0.003997464664422463,0.00010614472794354945,9.338359050960768e-06,2.8593491547133182e-05,0.02700797792425867,7.125309775219872e-08,4.12164107574773e-06,0.06722284063550714,0.0071296223999971035,5.968600364381674e-07,0.4461363131661177,1.9048568750142503e-07,1.2674440979824834e-06,0.00014119291558171878,1.4575548113233812e-07,4.911363240202254e-09,6.477466562254391e-09
45,0.01080293902883609,0.0009955153936582024,7.91351311476548e-05,4.393515914144833e-05,1.6527678325739355e-05,0.0005006609090913214,0.0026784877478349765,0.38518714518326874,0.004973491682459205,0.0001322330996432596,1.120200988620608e-05,4.4852914370520174e-05,0.03468520680380074,1.072294428899955e-07,2.8953352916204426e-06,0.062010550954548715,0.009602268032536169,1.0116861742402285e-06,0.488050083931718,2.233343819159735e-07,1.44914407481717e-06,0.0001798985418096891,1.6299508607641686e-07,5.999694074375576e-09,1.0073777939493436e-08
46,0.007653110330859505,0.0004386313934023411,6.738173577434817e-05,9.499663746297468e-05,4.814725349464191e-06,0.0007641029847902958,0.0020916011366798873,0.5731525464499624,0.002453689679612751,0.00010701655482119892,1.1120996708603e-05,5.695199118394114e-05,0.04101371284612294,7.283722338292153e-08,2.58626855990117e-06,0.1153201539266488,0.030334842873349564,1.0649106425621788e-06,0.22629770739103908,1.794912223097557e-07,1.8842211051018294e-06,0.0001316487276171413,1.7215136225644063e-07,6.502248348691254e-09,3.2362509552270475e-09
47,0.007149888649353341,0.0006923207014178654,8.452249255374793e-05,6.346966019774997e-05,1.7886125970321388e-05,0.0006402780579730659,0.0033730099320031307,0.44956731531325084,0.004602666215677823,0.00011510926764198458,1.2085944007998276e-05,2.5610945989706857e-05,0.03035053715561261,9.098025492979695e-08,5.222215103868498e-06,0.08413735731359336,0.00756461865062359,5.95149280629563e-07,0.411465096613922,2.1270784076819528e-07,1.346973408482931e-06,0.0001305527104373602,1.9300996069581204e-07,6.7102199253944274e-09,6.503704179996436e-09
48,0.07551008805295462,0.001642629438891185,0.0017183961763364939,0.0028263512129325344,0.008618631043411136,0.0005035551534711928,0.017199506761006008,0.10519054537439254,0.3284996484304612,0.03260661979510326,0.0007673686896219402,3.080094171785916e-05,0.008833108219652242,6.828396669225287e-05,0.00022949116845744075,0.18662861240463458,0.002939664710568634,5.214759582486642e-05,0.2211484642321952,1.9416173405692747e-05,3.65962597558036e-05,0.00489679722853573,1.0766170230157729e-05,1.4549021249159129e-05,7.961778498360666e-06
49,0.0060879162503939665,0.0009574525245548166,0.00010653283682747495,4.067176193099363e-05,1.471873523790918e-05,0.000780536828368209,0.0028888920466962993,0.3885534576811887,0.0030790070862469826,0.00011267529206911416,9.658323363768528e-06,4.88288469896238e-05,0.031500633566844405,1.0497911038462106e-07,4.665242475546823e-06,0.05640867049645765,0.009206544955021713,6.908274623702715e-07,0.4999773734286901,2.596953271345158e-07,1.788621329889163e-06,0.00021877337567446502,1.3549122988822558e-07,4.324077809768364e-09,6.78243080521546e-09
50,0.00779070165441167,0.0006655162491717119,6.372301620713451e-05,3.6432043445965066e-05,1.3035012935961413e-05,0.00041236587234086647,0.003189047615014229,0.43998168456293646,0.004129787641809267,0.00011132377438274112,8.199360442085584e-06,2.402031510964033e-05,0.02367481044627247,6.559751681703314e-08,4.102282138045056e-06,0.060099568396896653,0.006130945319456112,5.678590113014956e-07,0.453511821437988,1.8874261781767018e-07,1.1292295874254403e-06,0.00015081771602226847,1.341026789134277e-07,4.592709825481425e-09,7.158896572615961e-09
51,0.007547982838505538,0.0006765919343202731,6.743664565465781e-05,3.92218865535409e-05,1.3326588520229824e-05,0.0005057902928197797,0.0029936294540386637,0.4216351358495784,0.003674798107898172,0.00010148455281311556,8.982162980742273e-06,2.8163844532137858e-05,0.02558801455690759,6.893659006443708e-08,4.148984372049417e-06,0.06697993099152899,0.006782090681042332,5.961726580819833e-07,0.4632129478281623,1.9790319889419783e-07,1.2691888532205832e-06,0.00013802688429201518,1.5241209811278097e-07,4.634207489031773e-09,6.667873642254162e-09
52,0.0045337463468337,0.0013843995624335378,4.8821148956531136e-05,1.7503951668350476e-05,1.5851764805243656e-05,0.00036408412529748005,0.003198778324724817,0.3672000158981752,0.003206366220678198,4.306453363160408e-05,5.306133348322416e-06,2.9195284622524152e-05,0.0192387104469833,4.298386984415742e-08,4.905137469528179e-06,0.029888775983952853,0.0040650361883768915,2.297709331383406e-07,0.5666155553500685,8.235868237776398e-08,1.2136671611228284e-06,0.00013820832727621992,9.769403391860341e-08,1.4374549453937312e-09,7.358562112555507e-09
53,0.004839595486348832,0.0004894968720618261,3.492701878017155e-05,5.146286494450763e-05,1.2155696288491023e-05,0.0005113699213186182,0.008766318637317314,0.5687591968617737,0.006980546351441928,9.300646587464028e-05,9.2811761423704e-06,1.6609609840943128e-05,0.02260586905174254,7.492124128604158e-08,9.578503772083215e-06,0.09277097551341128,0.006610700813315375,5.267769113540653e-07,0.2872810255500354,2.227207578050888e-07,8.155865799125468e-07,0.00015593840308602885,2.878244880223879e-07,5.4766269934560445e-09,1.1895898484540268e-08
54,0.007958616738848845,0.0008130870347402006,6.40375767266965e-05,3.891344307915449e-05,1.3998543775488446e-05,0.0005105446629036259,0.003203698728614512,0.4314002869772073,0.004552242411840735,0.00010898279567206191,8.7673979700473e-06,2.987969261907116e-05,0.026388248955392272,7.182894440600494e-08,4.121192129282657e-06,0.06811820641385127,0.007327350224238181,6.08868637376181e-07,0.4493106803606294,1.8496639958638107e-07,1.1893589856654386e-06,0.00014612584160703568,1.4396838756797938e-07,4.640108049051788e-09,7.376692118871953e-09
55,0.009728667801667567,0.0011979291393240303,5.917986179838797e-05,3.273394819656893e-05,1.6396890271074316e-05,0.00038985997880178327,0.0033317899285418206,0.4091969958365042,0.005140220047084102,7.933255834805477e-05,8.314485797389695e-06,4.878702842141801e-05,0.03433973808446292,6.558185629296296e-08,2.725584841458096e-06,0.056359245835058816,0.007485733834119571,8.067695978879572e-07,0.4724536384985326,1.5019610830735607e-07,1.0428388235564112e-06,0.0001265166327860172,1.1661668054197761e-07,3.5020417726377014e-09,8.520333835431875e-09
56,0.007515246634256582,0.000785808086385342,7.078348252002287e-05,4.333800052588395e-05,1.4974791600255217e-05,0.0004916225103699356,0.003149233841813007,0.43400965073754305,0.004007354849162051,0.00010157758701712297,9.948372792422012e-06,3.28713774243733e-05,0.031203382135825738,7.653315667058952e-08,3.9825418871948e-06,0.06655455429059016,0.007312791820687325,6.413441808528667e-07,0.4445493133340858,1.9143794441047405e-07,1.2656447679910108e-06,0.00014123495082582688,1.443516926434751e-07,4.6528468622236495e-09,6.690098259159257e-09
57,0.006452420366914665,0.0007015941135645291,6.573314454356072e-05,2.9151082896523422e-05,1.3025700693200417e-05,0.00040017987255493723,0.00236531843716688,0.38799863312469424,0.0027025899703861916,7.908725666128127e-05,7.762766908100142e-06,3.266990335495558e-05,0.025040500397616027,5.778665434174848e-08,3.364970892293519e-06,0.051479923572401,0.005672646121773511,4.931994033955513e-07,0.5168155515107214,1.641100223271848e-07,1.2625672434543653e-06,0.00013775187542350745,1.1012051398872416e-07,2.9581798278212485e-09,5.0688158468784435e-09
58,0.008560401781597678,0.0007376147804108198,7.912668154687971e-05,4.7338571403120945e-05,1.4581736964966498e-05,0.0005221630484413347,0.003199731764716462,0.43415580835392975,0.004479539446083082,0.00012663425733004845,1.0841455113588214e-05,2.81614069006362e-05,0.026830288990293515,7.948243040251303e-08,4.880276106525833e-06,0.06952147318677299,0.007403081642702079,6.385093826546808e-07,0.4441169697496049,2.1628516210619979e-07,1.3979783403022406e-06,0.00015885849004071496,1.5794385365202944e-07,6.971562927188166e-09,7.209308937563372e-09
59,0.00875765792844411,0.0007463513763632055,8.95174188880056e-05,5.3765550708829793e-05,1.586018060517707e-05,0.0005603388546407483,0.003177938737491038,0.43499312691559355,0.00481369640122533,0.00014291861226366323,1.1794583762552201e-05,2.7696360599011968e-05,0.025899011498615985,9.052823842899079e-08,5.419231127173939e-06,0.0706408813568644,0.007793247660565672,6.623879876897034e-07,0.4420965182323455,2.388008835312983e-07,1.5542921940510432e-06,0.0001715219174308535,1.7492364979658598e-07,8.47363472204254e-09,7.775876972453243e-09
60,0.007723902712211677,0.0007183442135094399,7.042866711955142e-05,4.259902442782254e-05,1.3916718411123652e-05,0.0005009989147705672,0.003022046109893268,0.4361218705269239,0.003997464664422463,0.00010614472794354945,9.338359050960768e-06,2.8593491547133182e-05,0.02700797792425867,7.125309775219872e-08,4.12164107574773e-06,0.06722284063550714,0.0071296223999971035,5.968600364381674e-07,0.4461363131661177,1.9048568750142503e-07,1.2674440979824834e-06,0.00014119291558171878,1.4575548113233812e-07,4.911363240202254e-09,6.477466562254391e-09
61,0.008544781768861764,0.0006838918483196251,8.955313920094725e-05,5.068419917935019e-05,1.4350323337368654e-05,0.000525131896540307,0.002892427237731845,0.4461099954910775,0.0040431025338527595,0.00012831083027790182,1.0389131092565995e-05,2.6661871046913486e-05,0.02534277760011256,7.88644716147538e-08,4.710267865766618e-06,0.06639992058929041,0.007385096934745643,6.345134374088359e-07,0.4375901338633948,2.1984078172637661e-07,1.4864812548461716e-06,0.00015549410582567426,1.530286827772362e-07,7.081043513917989e-09,6.558574394184693e-09
62,0.007723902712211677,0.0007183442135094399,7.042866711955142e-05,4.259902442782254e-05,1.3916718411123652e-05,0.0005009989147705672,0.003022046109893268,0.4361218705269239,0.003997464664422463,0.00010614472794354945,9.338359050960768e-06,2.8593491547133182e-05,0.02700797792425867,7.125309775219872e-08,4.12164107574773e-06,0.06722284063550714,0.0071296223999971035,5.968600364381674e-07,0.4461363131661177,1.9048568750142503e-07,1.2674440979824834e-06,0.00014119291558171878,1.4575548113233812e-07,4.911363240202254e-09,6.477466562254391e-09
63,0.007842168621706754,0.0007826112022572454,7.015816269755873e-05,4.103889983265824e-05,1.4328242708501474e-05,0.000497975121941027,0.0030661870296456303,0.4315182562613307,0.004138944059212077,0.00010578105811303153,9.318834778347333e-06,2.9277318308248775e-05,0.027247931516937888,7.077369859540537e-08,4.1473035553101415e-06,0.06510731749219466,0.007021883111105406,5.853599413462567e-07,0.4523578541097776,1.8349635467029492e-07,1.2707501263224365e-06,0.00014255946620479195,1.403477628540211e-07,4.819155546336391e-09,6.6406531838999534e-09
64,0.0074575904117540085,0.0007400969570797934,7.310887235686828e-05,3.924286924423623e-05,1.3877677456490876e-05,0.0004697844693817815,0.0027729624750022657,0.423987873639999,0.0032800391678891316,9.754033290307302e-05,9.266778235301308e-06,2.767068086562416e-05,0.024058156062307896,6.03398197432808e-08,4.334507506374103e-06,0.05666726894433976,0.00591840283389874,5.071654459992739e-07,0.4742464266648753,1.751303861574906e-07,1.5774120661606475e-06,0.00013389023259323719,1.3616405899757294e-07,4.494441990570598e-09,5.716092236653595e-09
65,0.0028341292037050987,0.0006466587913074226,0.00018605746001064237,5.850334218125876e-05,1.4751767977120421e-05,0.0012248871784056729,0.0036772413469404585,0.42078620971060454,0.0013422846785303628,8.354661039142146e-05,1.168958209370491e-05,1.5474168427744958e-05,0.018486398177061436,7.020686135089557e-08,1.9865790837091957e-05,0.050382030053668043,0.0044879595676560686,1.6833274664955892e-07,0.4955738379154914,1.8606395564614176e-07,3.1542543977633318e-06,0.00016473880220615453,1.4847283306758144e-07,5.493860581303458e-09,3.0278491117010647e-09
66,0.0074418396970136694,0.0007191475949269746,9.972437397266411e-05,6.0679626452834675e-05,1.884399517077095e-05,0.0005056528122253311,0.0023227834243702014,0.4197927330129683,0.0038321315080002897,0.00013867497037957501,1.3031684577404117e-05,3.35686287714621e-05,0.03489511549372777,9.783839611517096e-08,3.595059463561469e-06,0.0758343687582304,0.008050579810867022,6.596169193136309e-07,0.4460719413210552,2.0587787809071534e-07,1.5317740218579548e-06,0.00016294201301876517,1.4018122864991187e-07,5.89677702598532e-09,5.029586711306689e-09
67,0.007445318020982346,0.0007834648857184576,8.669711339510529e-05,5.4565355519550163e-05,1.3347360336983462e-05,0.001021467835717906,0.0036552588667637417,0.39064427554954534,0.0037181531781572187,0.00013943822801301583,1.3544281891829657e-05,4.249052798405615e-05,0.031630110993285256,1.343342850180452e-07,6.198547725877391e-06,0.0846303356859047,0.01145298162559169,9.168672461226135e-07,0.46445302656688897,3.383940918691472e-07,1.978492395239714e-06,0.000205678701314954,2.606655462721722e-07,7.858565167700446e-09,1.006313351235318e-08
68,0.007639472558488006,0.0004395809894870237,7.37193790875156e-05,5.0264708249426987e-05,6.845607888275824e-06,0.00042457989123858463,0.0030409414119754352,0.5199605960253584,0.0020016822880453717,6.12224423965909e-05,7.369045616775186e-06,4.641475452856553e-05,0.059381651867070985,5.753243063864907e-08,1.3749091257895234e-06,0.06780486952540278,0.010558012115655897,1.39646328460632e-06,0.32842664229777885,2.0154540323818913e-07,9.258865703615626e-07,7.205877616464207e-05,1.1341252652475798e-07,2.6003717668490437e-09,3.965853946252993e-09
69,0.0047454192331551895,0.0005564491319085355,6.889074836711169e-05,1.9904067726023094e-05,5.766718095896622e-06,0.0009421132887809783,0.00197462525834445,0.21450291364946653,0.0007033827734039696,7.082165177404553e-05,1.179137755092524e-05,6.780563918262845e-05,0.030408398189823355,7.748504075707489e-08,3.736951206463098e-06,0.047079073764974576,0.0075532193021221,7.08861729752026e-07,0.691132404183047,3.0583182209904274e-07,2.901228757271911e-06,0.00014914223204222536,1.4164138914775733e-07,2.769271211034157e-09,4.021017549328687e-09
70,0.007153927546179819,0.0006926118080055692,8.755480119891832e-05,8.15961473461154e-05,1.801246266096923e-05,0.0008600143998064605,0.0032861438560369237,0.4900216470814009,0.006192939741692221,0.00013647895024796437,1.1123618924900712e-05,3.374187184439487e-05,0.037102953247302464,1.1367267905059226e-07,4.254600425348185e-06,0.118315373082921,0.012109950461214934,8.664265057859273e-07,0.32376131004437775,2.8636069639216526e-07,1.135593054987395e-06,0.00012773408768395917,2.1576718011652518e-07,7.428097634591355e-09,6.9425152957189796e-09
71,0.009125742697189413,0.0006381135421628512,4.414889383863464e-05,3.812371100270831e-05,1.4195584540411979e-05,0.00031898204779757535,0.002610220866521037,0.46134007748633293,0.004808694818794486,9.403868961262967e-05,9.177517166338227e-06,2.7315266077436775e-05,0.0261124634769212,5.368867268707014e-08,3.1075110750150517e-06,0.07956416765487173,0.006160358185847557,6.033967478030916e-07,0.4089819345875971,1.5546273006248546e-07,9.86693857733902e-07,0.00010717999292701582,1.477594556717085e-07,4.5052251406161855e-09,5.963034830857938e-09
72,0.007565703641644202,0.0007201974023954722,7.006685895511694e-05,3.894713382974066e-05,1.348657322376473e-05,0.0004724984605462378,0.0029320620152366484,0.42821687898134636,0.003854630231488562,0.00010505586935094474,8.948241901024505e-06,2.8974139550829426e-05,0.02600215973535639,7.20815823660492e-08,4.081807350345398e-06,0.0616403754382663,0.0069954410960478795,5.853667769116499e-07,0.46117301717915,1.8972809311832008e-07,1.2697549381654365e-06,0.00015520553200616523,1.413241902179088e-07,4.6551625595976235e-09,6.751610589161539e-09
