,0,1,2,3,4,5,6,7,8,9,10,11,12,13,14,15,16,17,18,19,20,21,22,23,24
0,6.101776008297883e-07,5.016051626801744e-05,8.721916684932145e-05,2.9842337213151907e-06,0.0004497748934955983,0.0024142831147487233,0.0001291336740661072,0.0001144769284323229,0.7650610675236583,0.005335607295395227,4.374904976335856e-05,4.342979933163295e-07,2.3663091349857513e-08,3.0352153808172697e-05,0.000838565598828398,0.000475778372787684,8.166223562014787e-10,2.100096940419439e-08,0.22483456480314412,3.639293990106737e-07,9.664854027605104e-05,2.174215052840401e-05,1.2254519244897857e-08,2.254483688212949e-08,1.2403299196468832e-05
1,0.002125254445187958,0.3641538754725711,0.00046577926177731157,0.008716111642928494,0.043504240335923115,0.05882702817143758,0.006959584791665583,0.0018803738286926365,0.002511208812040247,0.04587719455738465,0.09296459409882163,0.0022785064395658174,8.6827290376572e-06,0.026859439259181404,0.013906224401468721,0.000372633385366302,6.518079371885018e-05,0.040541975325518884,0.03151582317463021,1.4130017150362768e-05,0.12178918647767283,0.11835646059877972,0.004134817316838084,0.00032099957306955923,0.01185069508957128
2,1.5269221728560353e-06,0.00020439203158450356,4.908243374103257e-05,7.447228443573851e-06,0.0003746906166128897,0.00267268480003177,0.0002618743664599557,0.00017903050051555752,0.5256427257109195,0.012791788014327515,4.994066386809352e-05,5.217096367219846e-07,2.199544498527632e-08,5.9503821692543653e-05,0.0029446487111444717,0.000986876188722348,3.1420075484665846e-09,5.920740941755494e-08,0.453193712337784,4.7167769991151525e-07,0.00041157048316987454,9.144266118250985e-05,7.656830669543955e-08,4.897747697611334e-08,7.585922964467591e-05
3,1.402130417833129e-06,0.00020482235367634495,6.182432708829167e-05,8.473297432733623e-06,0.00040897927957001765,0.002329764591893642,0.00024171283734184703,0.00017443262524853884,0.5909823150213032,0.012945524496111074,5.418141323230282e-05,5.020572058134911e-07,2.6754140788185897e-08,5.441826172259024e-05,0.0016006004675914987,0.000625434076598359,2.338429521736748e-09,6.888107647805828e-08,0.38983801301789534,4.517271949760852e-07,0.0003436996711244727,6.0700578061879354e-05,4.287876706757143e-08,5.0336614498525865e-08,6.255658026098727e-05
4,1.3692643156143663e-06,0.00022042099528179053,6.808630177286956e-05,8.738677361907538e-06,0.00046655857922485477,0.0024499730868484102,0.0002444807075547487,0.00016492790956414816,0.604533072273349,0.013185868740078207,5.5052395075564597e-05,5.23429622154017e-07,3.314787574774725e-08,6.286839775672286e-05,0.0015492952869040082,0.0005954372092334168,2.3130625540523535e-09,6.998099014031444e-08,0.37595224303946656,4.6125648622485887e-07,0.0003211341822808105,6.128820236359534e-05,4.215185761258976e-08,5.208820052740829e-08,5.800038347280374e-05
5,1.6105541892411529e-06,0.0002524193780657994,6.472920140700201e-05,1.1811507164044193e-05,0.0004817091729584151,0.002807366866195789,0.0002795137811216071,0.00020019970340067654,0.5705666726381146,0.016433992904614142,6.661411654234557e-05,5.603685209926106e-07,3.260435928217931e-08,6.316765486720609e-05,0.0015692176817590302,0.000689005752504823,2.769004778001327e-09,1.0530588374661673e-07,0.4059260690133242,5.489587829725869e-07,0.00044411526494879806,6.709157734634844e-05,5.592224534915066e-08,6.389772069131557e-08,7.332340495808919e-05
6,1.402130417833129e-06,0.00020482235367634495,6.182432708829167e-05,8.473297432733623e-06,0.00040897927957001765,0.002329764591893642,0.00024171283734184703,0.00017443262524853884,0.5909823150213032,0.012945524496111074,5.418141323230282e-05,5.020572058134911e-07,2.6754140788185897e-08,5.441826172259024e-05,0.0016006004675914987,0.000625434076598359,2.338429521736748e-09,6.888107647805828e-08,0.38983801301789534,4.517271949760852e-07,0.0003436996711244727,6.0700578061879354e-05,4.287876706757143e-08,5.0336614498525865e-08,6.255658026098727e-05
7,1.4008008673557893e-06,0.00020314113853012837,6.13961059917069e-05,8.474078532143215e-06,0.00041049069168711666,0.002346389489981273,0.00024044003136164255,0.00017471024873796332,0.5880247596386047,0.012995743898575052,5.386719747740066e-05,5.03774917355366e-07,2.635689329109361e-08,5.457439290542478e-05,0.0016093564894478296,0.0006345817390900755,2.3407490187865996e-09,6.873019145472829e-08,0.39270795811411985,4.499893746406099e-07,0.00034763098816108104,6.105980672597901e-05,4.332647484871406e-08,4.9901698266776086e-08,6.288072890447133e-05
8,1.8548636459739453e-06,0.00027659260447723377,7.518595197096586e-05,1.2914114276016847e-05,0.00039445061931449505,0.0019587742434677086,0.00032881312476802145,0.00021195245412785032,0.5646578761460558,0.022219425224701873,3.24238257304352e-05,4.578775650905629e-07,3.024764939604735e-08,7.359713876936868e-05,0.0017225282631062133,0.001027046525218609,2.749307412951066e-09,6.81679990523182e-08,0.40637597422335564,5.395915174858783e-07,0.0004354609879198987,6.332196647541856e-05,6.108081088574703e-08,7.524529409702653e-08,0.00013057276247498243
9,1.2623656550495097e-06,0.00027047717288348284,9.730261865381538e-05,9.801259943586726e-06,0.0003339193885951436,0.0011388985803134667,0.00024703832689233226,0.0001745457966649329,0.7221353627982213,0.015681389504287616,2.9568891549098042e-05,3.227432390549799e-07,3.92258304440462e-08,4.4468408119713e-05,0.0010671961624828948,0.000432290869952159,2.0092886527396286e-09,5.0720038582182876e-08,0.2579840561272725,4.7434219586987565e-07,0.00022962279511800832,3.454408307576637e-05,2.3131641648466365e-08,8.435969008516074e-08,8.725831839481988e-05
10,1.402130417833129e-06,0.00020482235367634495,6.182432708829167e-05,8.473297432733623e-06,0.00040897927957001765,0.002329764591893642,0.00024171283734184703,0.00017443262524853884,0.5909823150213032,0.012945524496111074,5.418141323230282e-05,5.020572058134911e-07,2.6754140788185897e-08,5.441826172259024e-05,0.0016006004675914987,0.000625434076598359,2.338429521736748e-09,6.888107647805828e-08,0.38983801301789534,4.517271949760852e-07,0.0003436996711244727,6.0700578061879354e-05,4.287876706757143e-08,5.0336614498525865e-08,6.255658026098727e-05
11,1.4728667581687688e-06,0.00021776047862058173,6.501386221655261e-05,8.809088628198125e-06,0.0004210142040328641,0.002362495782306768,0.0002520203890989106,0.00017598426195902285,0.597987243611234,0.013096433375184884,5.6345266399362046e-05,5.263536969590481e-07,3.051573921607463e-08,5.7445338798019956e-05,0.0015892298557567623,0.0006139594903902469,2.4625538962008487e-09,7.391451612399187e-08,0.3826317410967783,4.779022360888113e-07,0.0003363935606083398,6.240883191826655e-05,4.412204158001857e-08,5.404508146833912e-08,6.301932344528499e-05
12,8.241506259708793e-06,0.0009339256572170403,0.00015090993754563012,4.479376618653716e-05,0.0034657421215519867,0.01733890443042594,0.0006121744914382121,0.00034838774100035246,0.2700430741719415,0.04561444937459346,0.00021849339180246634,6.200212649231647e-06,1.4096421194411218e-07,0.0006926260170744735,0.0038181254746125336,0.003369135971633626,2.1230718927601824e-08,1.1633100253173218e-06,0.6503755501863903,1.459525066291982e-06,0.002110783850586595,0.0006527129045485078,9.93347498553635e-07,2.2639610655815202e-07,0.0001917640189144617
13,1.4731552490402712e-06,0.00013258135454652617,7.897009232056821e-05,5.858262438666923e-06,0.00039775444294675284,0.001549935821235702,0.00017803271883034527,0.00016366832577740457,0.58870289206028,0.004934147685421926,8.751588813338599e-05,9.677113122929468e-07,2.2529258345616623e-08,5.430786248923051e-05,0.0017328817461383123,0.00035131749886204333,2.9657676373883662e-09,4.949397536223593e-08,0.4011978055902292,3.5745607301368156e-07,0.0003199477473105325,6.426230449796803e-05,2.8410983024334565e-08,3.3542894351673545e-08,4.5185333028388634e-05
14,2.535341039020248e-06,0.00011800096148456993,6.930855122696409e-05,7.310029237564962e-06,0.0003369467425854722,0.0020287590337078137,0.00025542760943228493,0.00019810166826747646,0.5247697660396924,0.007300765642295978,5.451556008167853e-05,9.873631340663775e-07,1.9885344406581833e-08,5.996283184130418e-05,0.0022444387080497417,0.0008570691292424844,3.685524738974144e-09,6.053685759229035e-08,0.46115931628305823,4.434044051177856e-07,0.0003743089643919901,7.470051631764437e-05,6.264043947130175e-08,4.436610277009583e-08,8.714450623915816e-05
15,1.402130417833129e-06,0.00020482235367634495,6.182432708829167e-05,8.473297432733623e-06,0.00040897927957001765,0.002329764591893642,0.00024171283734184703,0.00017443262524853884,0.5909823150213032,0.012945524496111074,5.418141323230282e-05,5.020572058134911e-07,2.6754140788185897e-08,5.441826172259024e-05,0.0016006004675914987,0.000625434076598359,2.338429521736748e-09,6.888107647805828e-08,0.38983801301789534,4.517271949760852e-07,0.0003436996711244727,6.0700578061879354e-05,4.287876706757143e-08,5.0336614498525865e-08,6.255658026098727e-05
16,1.5365376285224448e-06,0.0002677750582057435,5.108677765969083e-05,1.2765258170771037e-05,0.00041671182238142224,0.0030496157618717405,0.00031112999172103217,0.00023801735743277715,0.5017594885884274,0.025704158606062986,6.100613959106746e-05,5.506379760962007e-07,2.5885028510208362e-08,6.194374413951146e-05,0.0015368385899089986,0.0009649808223951992,2.9324812052100804e-09,1.2865315817924548e-07,0.4646733900428367,5.960467960715214e-07,0.0007279800188154085,8.396432524767791e-05,6.293517473801546e-08,6.156304591833897e-08,7.618190384241886e-05
17,2.3454776279033014e-06,0.0002790316663836424,8.592702542801799e-05,1.712692161620229e-05,0.0005855640667888272,0.003071828681235639,0.0003538780348690029,0.00022496962971148475,0.5355775827735889,0.016739045921765842,7.500833633640088e-05,9.27448705307066e-07,4.454718847104277e-08,0.00011181825019484931,0.0015738913294430835,0.0008345306879843433,3.5079464078093524e-09,1.3907746896739117e-07,0.4397400986113634,6.758309846452958e-07,0.000541587268969927,8.032686781420582e-05,8.563713133014493e-08,7.178751540729514e-08,0.00010349061193773584
18,3.7744056448158418e-06,0.0003644538634958868,8.843661424807628e-05,1.326791008824608e-05,0.00043563465195043473,0.0017490702152699413,0.00034845070404526175,0.000298726461375919,0.5160567704901696,0.018172405892463633,5.685361968409831e-05,1.1379748017374215e-06,4.414540795979753e-08,7.416066484410187e-05,0.0017755058602030025,0.0006943208444695779,7.540073426295557e-09,1.727120746269775e-07,0.4590332955911511,5.845879269839419e-07,0.0005554385047451701,0.0001310253142828485,7.086634391292686e-08,1.2486360689676312e-07,0.00014626570163298356
19,9.511815165423183e-07,0.00016435365209195986,7.68993707357669e-05,6.631034569224749e-06,0.00047578498116351825,0.0019788137399291985,0.0001614916917965181,0.0001363022082504805,0.6780759119903995,0.010849731536958597,4.2858056281132236e-05,4.878581743675219e-07,3.0235786492478195e-08,5.21841080123164e-05,0.001120236314108366,0.00040155640262294775,1.6693825261613672e-09,4.684637455338216e-08,0.3061422245369738,3.703975166027192e-07,0.00022226123021297742,4.797885232183089e-05,2.099406890689182e-08,3.761028867495662e-08,4.283350046347415e-05
20,1.0712982467265398e-06,0.0001938194200051661,4.716781070488417e-05,6.375292171468907e-06,0.0003881059861015086,0.0016963916473960808,0.00017448578600257544,0.00019789858697582738,0.5598783577905505,0.012358778018700462,4.1472012641075414e-05,4.2871916152500104e-07,1.995310079160034e-08,4.221114401894064e-05,0.001875555459865991,0.0004973976887913235,2.810219035422109e-09,5.183503759688589e-08,0.42210762382539574,3.411436911008827e-07,0.0003547077970239915,8.526350479223137e-05,3.544872223483625e-08,4.498326825042243e-08,5.2392037415000306e-05
21,2.3256666457209627e-06,0.0002186239309550818,9.717215922474443e-05,1.446315033967757e-05,0.0005389331782921438,0.003697541145963931,0.0004185273516946166,0.0002115755087198328,0.5460570115983133,0.019473643293491057,6.920479653417004e-05,1.010652581634609e-06,4.823502308416448e-08,9.876400884461255e-05,0.001479376297489901,0.0013580962249746852,2.8223759335607973e-09,1.1558688717793473e-07,0.42562994954782385,8.633713776876157e-07,0.0004850096112855577,6.637531290109888e-05,7.719899482764336e-08,6.800270325197352e-08,8.12213465624767e-05
22,2.0771418429862453e-06,0.00020905310714147956,8.367955976069119e-05,1.0369288717070783e-05,0.0004563656461768613,0.0032560334646863595,0.000331180754531376,0.00022496959824101895,0.5696535670479806,0.013759082615119827,9.196040760388316e-05,8.253834340966666e-07,2.843755199606718e-08,6.75320997441294e-05,0.0017669846131534545,0.0008940938070794123,3.486436051157098e-09,1.2587098794646936e-07,0.408490782338636,6.851387442561427e-07,0.0005496789313360439,8.360618352142939e-05,6.304074153766146e-08,6.589356171986218e-08,6.71861432696605e-05
23,1.402130417833129e-06,0.00020482235367634495,6.182432708829167e-05,8.473297432733623e-06,0.00040897927957001765,0.002329764591893642,0.00024171283734184703,0.00017443262524853884,0.5909823150213032,0.012945524496111074,5.418141323230282e-05,5.020572058134911e-07,2.6754140788185897e-08,5.441826172259024e-05,0.0016006004675914987,0.000625434076598359,2.338429521736748e-09,6.888107647805828e-08,0.38983801301789534,4.517271949760852e-07,0.0003436996711244727,6.0700578061879354e-05,4.287876706757143e-08,5.0336614498525865e-08,6.255658026098727e-05
24,1.2218400717349153e-06,0.00029410174308821255,6.216255194967073e-05,1.2324645441518824e-05,0.0005473512638869536,0.0029812463395540814,0.0002475512507656417,0.00016320143778834697,0.5635056865946679,0.018796395673933722,5.58858642093707e-05,4.942470875417329e-07,3.824894263380881e-08,8.132003316406339e-05,0.0012968564814802614,0.0006308005189913399,1.9823096061243756e-09,9.05384966677467e-08,0.4108092784232823,5.319255046807394e-07,0.0003840870687999051,6.367923766666837e-05,4.676510002928762e-08,4.796027914351147e-08,6.559736353811236e-05
25,2.126402367395064e-06,0.00019166231411971092,7.577980796940764e-05,1.1645098258657578e-05,0.00036371675007995636,0.0018023604743930945,0.00036248443355441106,0.00029452073585661045,0.5280616347462184,0.010052918395718192,0.0001002938797225477,8.360623174657913e-07,3.505074368165276e-08,5.351229794926096e-05,0.0014315444450297037,0.0005785121007258996,3.811040018018709e-09,1.0686355977055688e-07,0.4560529751019104,7.155526387983405e-07,0.0004387596693840553,6.506827150714623e-05,5.1431309263635784e-08,6.949294253942289e-08,5.866681068385341e-05
26,3.0182801043209427e-06,0.0002667386201102329,0.00010053161719064492,9.82914072404075e-06,0.00038613532990457,0.0017836022825196657,0.0003298571023150727,0.0002530301676520184,0.6688630637223743,0.012853608614047987,6.850067457905573e-05,7.083492534295603e-07,4.6531398422501393e-08,4.334118653774186e-05,0.0013966724537986502,0.0004919574291547757,5.037725235431355e-09,1.387461024864021e-07,0.3126766357950522,5.83752592723035e-07,0.0003216847752925799,7.291829660337798e-05,4.325610166698579e-08,1.3340120503163654e-07,7.721543765991024e-05
27,1.0014409580776797e-06,0.00014525170166294196,4.569191624049504e-05,5.175061806049255e-06,0.0002541953953318104,0.0018571894190616664,0.00017738442892110495,0.0001568491363497243,0.669900233445845,0.010893409234900208,3.3729039920378555e-05,3.0779188631081037e-07,1.5029115003267974e-08,3.178662300869901e-05,0.0017128795321476036,0.0005289692275777575,1.7656493117786635e-09,4.254045675921481e-08,0.3138853424000732,3.610788399410758e-07,0.0002546102611392154,5.796232918730852e-05,2.9205118823629622e-08,3.745117285081725e-08,5.754454362978911e-05
28,1.402130417833129e-06,0.00020482235367634495,6.182432708829167e-05,8.473297432733623e-06,0.00040897927957001765,0.002329764591893642,0.00024171283734184703,0.00017443262524853884,0.5909823150213032,0.012945524496111074,5.418141323230282e-05,5.020572058134911e-07,2.6754140788185897e-08,5.441826172259024e-05,0.0016006004675914987,0.000625434076598359,2.338429521736748e-09,6.888107647805828e-08,0.38983801301789534,4.517271949760852e-07,0.0003436996711244727,6.0700578061879354e-05,4.287876706757143e-08,5.0336614498525865e-08,6.255658026098727e-05
29,1.402130417833129e-06,0.00020482235367634495,6.182432708829167e-05,8.473297432733623e-06,0.00040897927957001765,0.002329764591893642,0.00024171283734184703,0.00017443262524853884,0.5909823150213032,0.012945524496111074,5.418141323230282e-05,5.020572058134911e-07,2.6754140788185897e-08,5.441826172259024e-05,0.0016006004675914987,0.000625434076598359,2.338429521736748e-09,6.888107647805828e-08,0.38983801301789534,4.517271949760852e-07,0.0003436996711244727,6.0700578061879354e-05,4.287876706757143e-08,5.0336614498525865e-08,6.255658026098727e-05
30,1.402130417833129e-06,0.00020482235367634495,6.182432708829167e-05,8.473297432733623e-06,0.00040897927957001765,0.002329764591893642,0.00024171283734184703,0.00017443262524853884,0.5909823150213032,0.012945524496111074,5.418141323230282e-05,5.020572058134911e-07,2.6754140788185897e-08,5.441826172259024e-05,0.0016006004675914987,0.000625434076598359,2.338429521736748e-09,6.888107647805828e-08,0.38983801301789534,4.517271949760852e-07,0.0003436996711244727,6.0700578061879354e-05,4.287876706757143e-08,5.0336614498525865e-08,6.255658026098727e-05
31,1.6131335569427562e-06,0.00026944244488223093,9.163084693415863e-05,1.1088012955385352e-05,0.0005390720993952348,0.0014878027208291387,0.00022824796388507234,0.0002386856942311681,0.5901375765853458,0.016174616585783595,4.03782492139339e-05,5.501420416079458e-07,4.23013006441099e-08,5.9938966646258814e-05,0.0010498030538034608,0.000493067876156218,3.0035241304009952e-09,8.152689582467017e-08,0.3887263462376062,4.7233423098125203e-07,0.00032205660923869176,5.63628768332674e-05,3.2430128989421106e-08,8.312649176601669e-08,7.100517808924398e-05
32,1.2397090669882215e-06,0.0001848947365278477,5.666682187113627e-05,7.494758701118048e-06,0.0003777782767893119,0.0020300667366339883,0.0002154539903444455,0.00017241855325676956,0.584625857637709,0.012019478783484503,4.688610727897957e-05,4.537987126953434e-07,2.3599612082139152e-08,4.8946856911479954e-05,0.0015566760367824984,0.0005833546224354761,2.2070977068110937e-09,5.715838104110362e-08,0.3976357670562881,4.082812011060853e-07,0.0003202801202955609,5.822578248596235e-05,3.736895386919658e-08,4.4520169064480167e-08,5.7486479009139826e-05
33,1.8404429016559458e-06,0.00028490312236888226,6.546382661082611e-05,9.33561999546592e-06,0.0005322471048128883,0.0027783183262710576,0.0002772452758314478,0.0001896076225843348,0.5211304480016989,0.014533864303219459,6.518712453415593e-05,6.615840554426261e-07,3.726784614008305e-08,7.439420795366168e-05,0.0018274981101987252,0.0007178177966079717,3.304517864333234e-09,9.690597643877932e-08,0.45696843097266066,5.207734210515252e-07,0.0003842044414717264,9.64274017395209e-05,5.873487749959763e-08,6.208380959081428e-08,6.132564403464795e-05
34,4.862412015117341e-07,7.335606229333926e-05,3.739784897437578e-05,2.4653974521862293e-06,0.00013765173206248943,0.0005969023179383012,9.381499746848291e-05,9.699359980497917e-05,0.7691360075821344,0.004762464981769827,1.504251139276832e-05,1.3869356290404415e-07,1.005932420156425e-08,1.5369165844105692e-05,0.0007978808808901558,0.00016562320259920735,6.855211933994916e-10,1.2168730098155569e-08,0.22392741938945238,1.4444841618196194e-07,9.429688222412495e-05,1.7279802826299047e-05,6.220323781409753e-09,1.8837900322926395e-08,2.921628989254739e-05
35,1.3740782663747943e-06,0.0001333665676124513,3.977524711163229e-05,6.700454494679708e-06,0.0001361461324611152,0.0006385123937176452,0.0001403875754145287,0.0002637352096319965,0.6891169651022954,0.011934535106414346,2.1910255358632892e-05,3.0289685982026076e-07,1.6623208470003964e-08,1.4529918392541614e-05,0.0004834686203325822,0.00018210921923205903,2.277006499678797e-09,7.954220404327042e-08,0.29655536177039205,3.249527903245855e-07,0.00021728376784772532,4.145125677207426e-05,9.973930316219844e-09,5.086470421051709e-08,7.160019354857108e-05
36,1.3430477036592407e-06,0.0001124776860897141,6.472553542810656e-05,4.5526710251547486e-06,0.0003741881693873512,0.0006261969099250881,9.890038514282954e-05,0.0001722658127418766,0.49769124956979094,0.0070509547578173635,1.5895523960999228e-05,7.245554045000041e-07,2.2331884373946366e-08,4.2846446971546366e-05,0.001182555080028268,0.00038592517908422636,3.3905796743819612e-09,2.0997373759666435e-08,0.49186827056724314,2.0687241542404896e-07,0.00018544692469539464,5.624999650246583e-05,1.6062466617525864e-08,3.24428503996565e-08,6.492908348696264e-05
37,4.901747048041013e-06,0.00033371198322758197,0.0001309041684154221,1.23805136108175e-05,0.0005377462255472327,0.0023677124821209795,0.00046327152926094726,0.00022628683001592773,0.5063208699942053,0.012064037444153176,8.634198111942423e-05,1.3344062246738609e-06,5.644087354954033e-08,0.00011479800635177182,0.001462032656374834,0.000797316644387092,4.755133391192755e-09,1.6603107211718916e-07,0.47446662718632154,6.789496489939019e-07,0.00041985488182006054,9.568649017606012e-05,6.299784343839502e-08,1.0288532732716488e-07,9.311276972025566e-05
38,2.1283749341291998e-06,0.00018594775245327314,6.120301922628216e-05,8.320738581632148e-06,0.00038391493180784547,0.005476561084218006,0.0005162992051970018,0.00017762351260067612,0.5416855160025226,0.014387446036560753,9.340547200686567e-05,6.955772853135447e-07,2.4214947295931195e-08,7.849553907894106e-05,0.002987850953951289,0.0017194864068436977,2.4463822662186493e-09,9.87808877220173e-08,0.431559862885224,6.93205786196986e-07,0.000526666198426479,8.61200780571282e-05,1.183097315544066e-07,5.456529145087274e-08,6.146470799744556e-05
39,1.371612640971862e-06,0.00017228532896047493,6.147545859999135e-05,8.61309235242929e-06,0.00041934528590520826,0.0024210906652885984,0.0002297704265179111,0.0001897667990971901,0.5713643582120231,0.013227562821591486,5.240250912587689e-05,5.419915543564978e-07,2.329134768524193e-08,5.2644166501715836e-05,0.0015746254439162307,0.0007270515592306908,2.370204363626753e-09,6.739139240262577e-08,0.4089848832883027,4.651119732634405e-07,0.0003894802526072909,5.8877801629759635e-05,4.481578693808567e-08,4.743866391753744e-08,6.320286478534778e-05
40,1.428866283813905e-06,0.00020620937647044627,6.242987813994457e-05,8.31256382373941e-06,0.00041002311036174093,0.0023288623624331444,0.0002415918510797292,0.00017324163235544029,0.5896364737807271,0.012729920013637293,5.4389290823808446e-05,5.126942635201454e-07,2.6714331737993665e-08,5.531370057913352e-05,0.0016164497134730437,0.0006223388590879997,2.3674002131869464e-09,6.913970570433979e-08,0.39138336590218764,4.480165582052172e-07,0.0003435913163588977,6.251336292424826e-05,4.2735881523177885e-08,5.01517895671584e-08,6.239259932241778e-05
41,2.92613026065803e-07,9.362210169964865e-05,4.8295819711438725e-05,2.9894424984421985e-06,0.0003086377085423145,0.0013482421907911608,7.564902673008419e-05,7.018614182044437e-05,0.7983583572113009,0.008642488302751862,1.3681733919073433e-05,1.1272244896251249e-07,1.0873134954244775e-08,2.5640524494913032e-05,0.0010429117785879928,0.00031141390250387683,4.6149887124216595e-10,1.0167741414021878e-08,0.18949695171172784,1.624804245010943e-07,0.00011300573339155565,1.782704178936418e-05,8.35334670181616e-09,1.7721399887370154e-08,2.9484234717736242e-05
42,9.759026901949187e-07,0.00011743977908986841,3.659067165020656e-05,4.0875261826704475e-06,0.0002400152708884138,0.0013387720188551486,0.00016496569230506252,0.0002329465483648651,0.47351667629493616,0.010231428319202441,3.112269941610985e-05,3.85994377902691e-07,1.0149450428147368e-08,2.7430046829873956e-05,0.0020345568978852417,0.0007979540695624352,2.736097380810681e-09,3.14202478354566e-08,0.5107300659203051,3.708739806273928e-07,0.0003640427930674885,8.875937648309808e-05,3.289491464500305e-08,3.1087130935829893e-08,4.1305016085747065e-05
43,1.7682851442360346e-06,0.00022938368885576136,7.760889183354703e-05,8.845646467461158e-06,0.00039553386249929816,0.0021519380943563044,0.00028687110191137334,0.00016178080052820458,0.6102615636595526,0.010620659037720874,6.273388320896303e-05,6.044552164975221e-07,3.475780957541756e-08,6.471109592456377e-05,0.001559177951884044,0.0005533135226481945,2.4349580239059695e-09,7.469518354675184e-08,0.37314210569081074,4.961489636990983e-07,0.0002943024092814364,5.850172727033682e-05,4.239794781125158e-08,5.5470132769018045e-08,6.789028989009126e-05
44,1.402130417833129e-06,0.00020482235367634495,6.182432708829167e-05,8.473297432733623e-06,0.00040897927957001765,0.002329764591893642,0.00024171283734184703,0.00017443262524853884,0.5909823150213032,0.012945524496111074,5.418141323230282e-05,5.020572058134911e-07,2.6754140788185897e-08,5.441826172259024e-05,0.0016006004675914987,0.000625434076598359,2.338429521736748e-09,6.888107647805828e-08,0.38983801301789534,4.517271949760852e-07,0.0003436996711244727,6.0700578061879354e-05,4.287876706757143e-08,5.0336614498525865e-08,6.255658026098727e-05
45,1.249536127913263e-06,0.00017675919363330158,6.0061354450000234e-05,7.07562087966509e-06,0.00038895328163556154,0.002077023877292045,0.00022609673946137235,0.000166710480751213,0.6049334793962964,0.011368206037359585,4.8443005967856414e-05,4.5328913339181074e-07,2.5316589075208395e-08,4.84868171606881e-05,0.0016082536407822,0.0005832898397985136,2.1090181253749598e-09,5.322873162123553e-08,0.37790960672440943,4.0242492503566554e-07,0.0002879697347357942,5.463654785059953e-05,3.66479773748066e-08,4.636796208596578e-08,5.2678787070977375e-05
46,3.1417620030678508e-06,0.00026821844936828913,7.686002919575529e-05,1.074931260032081e-05,0.0004606283158001225,0.0017069806854726414,0.0002597780383580578,0.00032955933879340684,0.5023826437402827,0.013061864619260297,7.166809337521577e-05,1.1219294716564921e-06,3.996430662140974e-08,5.057025235948495e-05,0.002041528290812835,0.0006646599343134038,9.39277657420908e-09,1.2911681840549196e-07,0.4778859400530301,6.104928121838849e-07,0.0005099649296733988,0.00012267592729324706,6.559134952260765e-08,1.0889811399046364e-07,9.048284235871593e-05
47,3.9653706782521015e-06,0.0002501945784247685,8.290659869115197e-05,7.844080074665082e-06,0.0003388180989060501,0.0023016085880621104,0.00033855286583903344,0.0002596208105331096,0.5043697438215572,0.013223669630337534,6.350733824019319e-05,1.3264924694731355e-06,3.260557979410193e-08,6.190567011567998e-05,0.0019324973502820755,0.000994452942100673,5.951394780761037e-09,1.3565349807167573e-07,0.4750554379859909,7.400669518087808e-07,0.000467378967451473,0.00015534412708848405,5.9478688246448e-08,7.767776462439629e-08,9.01732492797559e-05
48,1.6010161605970017e-06,0.0002777389827112908,3.7262045741175364e-05,6.596357522502558e-06,0.00032151832214053335,0.001229815198573623,0.00023153618579145724,0.00022867477043256312,0.42314574822156636,0.01379239930318773,3.494053858629459e-05,4.056209816247083e-07,2.8610096282229036e-08,4.1528945361161755e-05,0.001820624603175352,0.0005568040732030917,4.228531558521105e-09,5.7429030597215635e-08,0.5578163052083376,3.562039183170138e-07,0.00030420600946273025,9.646071759383294e-05,4.428524318345534e-08,6.14800821916458e-08,5.528164256833157e-05
49,1.672679217329218e-06,0.00018987921591484422,7.536782403345657e-05,8.175693322262038e-06,0.0005262780102382591,0.0034095535929608554,0.00023191823939396595,0.000178334216688138,0.5856691054465182,0.012428209414878292,7.021266223794352e-05,8.468040459044625e-07,3.0023887898315285e-08,6.76550442439515e-05,0.0017184627942282572,0.0007509740138005384,2.842610077883998e-09,9.223073011347257e-08,0.39414057818364123,5.631461258701841e-07,0.0003854308017475554,8.913102584584853e-05,5.032377730126771e-08,4.776785968842223e-08,5.742800205225314e-05
50,6.81455130921228e-07,0.00016709712254065468,4.184973738722412e-05,6.545776367773663e-06,0.00028980881184820494,0.0015136327389164827,0.00022753971266091177,0.00015175427931137797,0.5657317851476835,0.017939269560228947,1.9475407419613192e-05,1.9312304362021502e-07,1.9817366937877958e-08,4.729039334206465e-05,0.0009742702471320302,0.0006421643984012044,9.574711875080176e-10,2.9872977403791394e-08,0.41195479333828816,3.4428758725074685e-07,0.00020426873766262363,4.285506192785599e-05,2.3939706621394676e-08,3.021212073771233e-08,4.4275863476592086e-05
51,1.3418191961287123e-06,0.00013574341835099734,6.567871850197778e-05,5.514114180151394e-06,0.00041349896503855497,0.002088722034455742,0.00017309622127860294,0.00014657397253205496,0.5995851434837273,0.009163028539552412,3.523429016939892e-05,4.6685279596637253e-07,2.0011144170958638e-08,4.215933036153451e-05,0.002342176578048438,0.0009866942292883134,2.450124804446533e-09,2.991352473039112e-08,0.38446546594203845,3.8040859038576583e-07,0.00023465128253961318,4.415199689238758e-05,4.640419968484783e-08,4.5586924820101024e-08,7.013343654342177e-05
52,8.354785048190863e-07,0.00014100569729489393,5.0229162287683654e-05,5.2261016902122646e-06,0.00037694982501253465,0.0004388003051758481,9.708637551147802e-05,0.00018388460995789243,0.40535402998869025,0.007492206385296834,1.5939629994003672e-05,3.6946241535579794e-07,1.3993481932343607e-08,3.6105558101812534e-05,0.0012740890699739162,0.0003619041829255085,2.484671775093809e-09,1.287326655987086e-08,0.58383952972301,1.5661079312842376e-07,0.00023164266828868768,3.613330406727553e-05,1.6406405776533632e-08,3.119371509023221e-08,6.379890946666444e-05
53,1.5879640852227717e-06,0.00020672842317149293,6.024074260599976e-05,9.577836628785315e-06,0.00020106130033252048,0.003200290911254903,0.0006301294056597983,0.0001720214608462497,0.6887640202467813,0.012907413395347634,8.140323655407697e-05,3.381388675441727e-07,2.761195834819853e-08,4.934421248909983e-05,0.00247228064088749,0.00103616518851858,1.916881733522402e-09,8.11578441434431e-08,0.28976788636733986,8.854885243361356e-07,0.00031137491083737184,5.509661003600557e-05,9.311251787503706e-08,6.67718765496891e-08,7.188294815322186e-05
54,1.102009112458788e-06,0.0001612878760541176,6.132699794455207e-05,1.0565374845638093e-05,0.0007900191214908608,0.002553140128808242,0.00014699809017721538,0.0003124997764170761,0.5679806216201231,0.010554648546235772,0.00012597443440883307,6.984541493433494e-07,2.6287102299820158e-08,3.626570133680932e-05,0.0013760384845962613,0.0003498497786341179,4.5585386239567294e-09,1.2326807962306932e-07,0.4149062120177616,4.252932008415916e-07,0.0005301304623147463,6.769997062055748e-05,4.390687768719258e-08,6.723296797683563e-08,3.423060820177553e-05
55,1.489472223852211e-06,0.00018671989398801576,6.902875959846749e-05,8.120864316318747e-06,0.00032220255296011113,0.0017352364425625916,0.000218587106601317,0.00016711798784587074,0.6686176048549966,0.01077871371348378,4.9898505368426715e-05,5.267857926377774e-07,3.080293209722643e-08,4.228363180004142e-05,0.001134709798722612,0.00040736604283792775,2.15920180032534e-09,7.186352621223176e-08,0.31589355113216666,4.558270594289368e-07,0.00025461134579778355,4.7069361382354054e-05,2.7062535436956256e-08,5.183862370470704e-08,6.452219367613027e-05
56,1.4061099429203583e-06,0.0002159549711521254,6.488055019633672e-05,8.60949404143373e-06,0.0004198215726133568,0.0022412484262155827,0.00024402694964786788,0.0001754832070335972,0.6028240098612458,0.012874443590599477,5.458224980391881e-05,5.041624905654607e-07,3.095664167665522e-08,5.5006522026164986e-05,0.001552996037350403,0.0005847182746778432,2.433256349930633e-09,7.016871274028132e-08,0.3782397158200994,4.683525569551039e-07,0.00032187155214446,5.993350824898227e-05,4.151273014958307e-08,5.413917492398414e-08,6.0119577396963864e-05
57,4.690035821316121e-06,0.0010764626734762622,5.5693296416409576e-05,3.09774083301414e-05,0.00032126067990091353,0.013845749077775846,0.00250589521254422,0.00015482630836465862,0.684295803529055,0.025778207977544314,0.0003819825763646322,2.9924106619093496e-07,6.502886833225549e-08,0.00012877781097731146,0.004907400147834404,0.0013117558882560468,2.0556975518247793e-09,5.911672438392728e-07,0.26430095778256263,1.3964282403400236e-06,0.0006556708001406338,7.84035006008143e-05,5.483406387661508e-07,2.2647785462423056e-07,0.00016235655442506356
58,1.6048172431260966e-06,0.0002273289135453418,6.672943955383097e-05,8.669817814396232e-06,0.0004218303203648863,0.0022140909440848807,0.000259583841405856,0.0001896218271392171,0.5920551901655551,0.013329412418386,5.75164357783134e-05,5.354815464345121e-07,3.0475193471181835e-08,5.3169844369294636e-05,0.0016637034097050122,0.0006146035817066997,2.8604737075625646e-09,7.802492094536238e-08,0.3883509360545429,4.679569222211579e-07,0.000353992207923983,6.611464652435716e-05,4.5485516338344306e-08,6.316768234946822e-08,6.467786210125611e-05
59,1.7518689726336084e-06,0.00021710085493862553,7.818717840943492e-05,8.737708277261586e-06,0.0004184526261780674,0.002167209357811631,0.0002717072784726041,0.00019990615940823476,0.6157437787026022,0.012902158256686424,5.909789458858467e-05,5.70480014520988e-07,3.107239008479328e-08,5.1465969457156394e-05,0.0016310040479848653,0.0006423097954523619,2.9641016600338405e-09,8.17573018606022e-08,0.36512279399684794,5.126772681421368e-07,0.00035256344012877725,6.315590151944498e-05,4.391747944870879e-08,7.114192885588455e-08,6.730495177927641e-05
60,1.402130417833129e-06,0.00020482235367634495,6.182432708829167e-05,8.473297432733623e-06,0.00040897927957001765,0.002329764591893642,0.00024171283734184703,0.00017443262524853884,0.5909823150213032,0.012945524496111074,5.418141323230282e-05,5.020572058134911e-07,2.6754140788185897e-08,5.441826172259024e-05,0.0016006004675914987,0.000625434076598359,2.338429521736748e-09,6.888107647805828e-08,0.38983801301789534,4.517271949760852e-07,0.0003436996711244727,6.0700578061879354e-05,4.287876706757143e-08,5.0336614498525865e-08,6.255658026098727e-05
61,1.5597507570863146e-06,0.0002082948761872948,7.794220887067205e-05,8.334290624628821e-06,0.00042509949508720156,0.002109523357909482,0.00024627210145117533,0.00018241961155815526,0.6190237271515374,0.011883702199093684,5.790535407021456e-05,5.61469912915952e-07,2.9616856334808556e-08,5.284537513122333e-05,0.0015734363134805804,0.0005892410880899482,2.6654489675815566e-09,7.152825278429738e-08,0.36310237119058414,4.786385919613486e-07,0.0003327915178076467,5.931709290372523e-05,3.9271938151141405e-08,6.068843985162478e-08,6.397314541486679e-05
62,1.402130417833129e-06,0.00020482235367634495,6.182432708829167e-05,8.473297432733623e-06,0.00040897927957001765,0.002329764591893642,0.00024171283734184703,0.00017443262524853884,0.5909823150213032,0.012945524496111074,5.418141323230282e-05,5.020572058134911e-07,2.6754140788185897e-08,5.441826172259024e-05,0.0016006004675914987,0.000625434076598359,2.338429521736748e-09,6.888107647805828e-08,0.38983801301789534,4.517271949760852e-07,0.0003436996711244727,6.0700578061879354e-05,4.287876706757143e-08,5.0336614498525865e-08,6.255658026098727e-05
63,1.4243098549286626e-06,0.00023128143259297399,6.1411087676722e-05,8.314183062573562e-06,0.0003869390538370333,0.0021779746819487193,0.00024694552128621665,0.00017435411929845934,0.6049217394483745,0.012949218794277068,5.4519586321245994e-05,4.702334318886091e-07,2.8796218832310547e-08,5.2051331183743976e-05,0.0016272998765352723,0.0005666933979094625,2.4408765502984973e-09,7.093663882408899e-08,0.37608614918630884,4.5839263224850007e-07,0.0003269378242176666,6.274963047214085e-05,4.1156039051150484e-08,5.4790594019756667e-08,6.286978841092468e-05
64,1.4002162168197114e-06,0.0002035750831538266,5.7909870896911354e-05,9.213405060435034e-06,0.00043732846196621806,0.0023034969742487823,0.00022838105539476353,0.00019934023384596627,0.5489502981086574,0.013872068562449524,5.841928437169796e-05,5.35798762617095e-07,2.248793879446024e-08,5.27918932634259e-05,0.0017203427712838663,0.0006609553347855737,2.708830221185229e-09,7.572541375182396e-08,0.43062672858154577,4.2414300485631175e-07,0.00048539567436764035,6.335841989473633e-05,4.740819202649547e-08,5.282913176776369e-08,6.783496732270839e-05
65,1.337546853096875e-06,0.00020649173273010088,5.96291969849017e-05,7.633143448849463e-06,0.0003510698908033884,0.0019290379541385657,0.0002397272638119836,0.0001705273058255089,0.6149228020040629,0.011865656281151918,4.954263368705228e-05,4.2552097549868774e-07,2.6264644557665432e-08,4.6951166755341216e-05,0.0015618470900676364,0.0005365385034730718,2.2266469460917034e-09,5.992690687387004e-08,0.3676417561532842,4.2529289861385287e-07,0.0002925445110164422,5.63257208543002e-05,3.68313604078293e-08,5.119082634917102e-08,5.955464679147852e-05
66,3.4402817899431324e-07,6.034758746918229e-05,5.0043112188607e-05,5.683278107078156e-06,0.00032668667459274665,0.0013592897842676778,0.00011745726067872567,0.00014187594690772087,0.6113333008111973,0.017015842634051183,9.733671223514561e-06,2.292425206327902e-07,2.1679260567939785e-08,3.949529683879779e-05,0.00038314980402902695,0.0007542958103692295,5.229526148967058e-10,1.4037533056418517e-08,0.3682430958834001,4.213745071896034e-07,0.0001145388678224383,2.0320274593988896e-05,1.0067245791664007e-08,1.3331999347755264e-08,2.3789018064300966e-05
67,1.8539159090410832e-06,0.00022988741074411764,7.799700486518317e-05,1.1200922577210038e-05,0.0004997456817602897,0.003862367819194317,0.0003397052113284574,0.00017613780296842565,0.5615434695253746,0.014596772862103466,7.467089647856643e-05,7.528895201703512e-07,3.3742653544919494e-08,8.659125636483564e-05,0.002187486380586475,0.0011134814355206594,2.825326644917497e-09,9.594106587531745e-08,0.4145869666299072,7.029005953121528e-07,0.0004499374426434298,7.673242510723424e-05,8.62317446718401e-08,5.753292228595754e-08,8.326331273815488e-05
68,1.6714410155033921e-06,0.00022683771637791182,6.402886170144244e-05,9.847093001187378e-06,0.0004210435105737449,0.002849437291360278,0.00027692936143371925,0.0001877862768341095,0.58744970234149,0.014094325111444515,6.780227005340654e-05,5.934519104374196e-07,2.855816044139921e-08,5.878352283129181e-05,0.0017760469148869204,0.0007134688237646615,2.779998005749299e-09,9.421358583867919e-08,0.3912402297989643,5.415196670923469e-07,0.0004172042196814255,7.092710368861793e-05,5.633138320019241e-08,5.796366544404727e-08,7.255352252635485e-05
69,1.2189436927919624e-06,0.00018829912532377312,7.286585580768346e-05,1.1517120412630272e-05,0.0002901658624857432,0.0015299645808567988,0.00024969090308907754,0.0002333713790112604,0.6344537417517414,0.016683225974577786,3.8744306019838234e-05,4.079239104644307e-07,2.742872079935559e-08,3.732706047432329e-05,0.00121747033021948,0.0007147622557577913,2.459986579637824e-09,6.31278686811672e-08,0.3437970271765808,7.020707936279958e-07,0.00034785134150950556,3.9628809949071456e-05,3.598760439974476e-08,6.453919260479968e-08,9.18236844131891e-05
70,2.605074257986046e-06,0.0002556477558561209,0.00017565107335804978,1.3421546452449912e-05,0.0007205248288259033,0.004906495908268359,0.0003594937073456191,0.00011548219580630019,0.6270463641705316,0.013833047171262332,6.457089359816714e-05,1.4050952240041288e-06,5.102495495110539e-08,0.00022818382343983473,0.0016835897221472017,0.0012699712451140577,2.2532626100806844e-09,1.0221346183857839e-07,0.34870990601995555,8.054237427348142e-07,0.00040576768285730084,8.140504128882632e-05,7.38512673996003e-08,4.802872483007591e-08,0.00012538424899581274
71,2.057990729801395e-06,0.00020795220342549017,6.681383256128879e-05,1.0413998341947142e-05,0.00035448997884386337,0.002464923822152156,0.0003650526945006904,0.000233100459552693,0.5465009334952856,0.013087823555003318,7.141048232067951e-05,6.549213737659159e-07,3.0284346258320696e-08,5.794087652884981e-05,0.0018438328301265117,0.0008832397251469538,3.2926764440421753e-09,9.767946939388065e-08,0.43327066756190885,6.785786424492166e-07,0.00043280097048072476,7.255095425631247e-05,6.80409612375418e-08,6.691066099139826e-08,7.239486070377894e-05
