,0,1,2,3,4,5,6,7,8,9,10,11,12,13,14,15,16,17,18,19,20,21,22,23,24
0,1.1193478873000745e-07,1.8018851876577727e-08,0.0002470422554077436,7.333732960663188e-06,5.056875951332784e-07,1.7249107966468612e-08,3.7349407869401582e-06,7.57723647793896e-06,1.1319570144856159e-07,4.267193885204804e-06,2.5608053259787977e-07,2.664270597407182e-08,0.0060678270950530805,1.465265495133119e-05,2.0516540630492735e-09,0.00026773019507362076,2.1524179604642775e-07,0.0032891122850226165,1.1374595902557314e-08,0.9900800190036517,6.404785089903292e-06,6.551660748871251e-09,4.3296240747337657e-07,2.579785996916285e-06,1.8442441488441507e-09
1,1.5333664248971394e-07,2.383043900070968e-08,0.0002745218272890443,1.4841055512402811e-05,6.532420515420976e-07,8.514079470532971e-09,4.307337504724201e-06,9.14767813447049e-06,4.722036345123683e-08,2.4555455564835924e-06,2.754138665993289e-07,4.210526025858065e-08,0.010296339622097812,8.291361555534165e-06,1.5793532654746727e-09,0.00036596768069637896,3.491143617576886e-07,0.003118008463934974,9.432693531514957e-09,0.9858969888681774,4.731170603658484e-06,5.0572464708650075e-09,3.010496145761189e-07,2.5283482093357785e-06,1.1447551747414306e-09
2,2.5816257630550893e-06,1.2402065485550236e-07,0.0014933436059628173,0.00011373458181996495,2.5309257102973777e-06,3.7273828382965405e-08,2.9211538704126895e-05,4.070071621331112e-05,9.534820056068576e-08,6.484647750918526e-06,1.8605156452153718e-06,1.31140063615371e-07,0.05434916639029557,1.3204767035247107e-05,2.1312971498835563e-09,0.0005947212744587915,2.503843917049473e-06,0.03396560823618966,5.7174536989117846e-08,0.909343344175783,3.1111069246480336e-05,1.2344291067779277e-08,1.732835922512884e-06,7.698587464029826e-06,1.2292453221511886e-09
3,1.8466622708997888e-07,2.614277168301523e-08,0.00028572711652792473,1.656380923495621e-05,7.522779098589512e-07,9.433802488962979e-09,4.845095172043859e-06,1.0121740668526792e-05,5.050327014585706e-08,2.4090948858718005e-06,3.297061607366587e-07,4.829525520958041e-08,0.011310618191832569,8.825962181982097e-06,1.687970340348194e-09,0.00035462791731299845,3.852808825423185e-07,0.0034731847870336607,9.993988281049325e-09,0.9845231635510988,5.158987188130435e-06,5.806561713345836e-09,3.262184736986196e-07,2.622548704282849e-06,1.1848845284530063e-09
4,1.8779785477898658e-07,2.6337319473730733e-08,0.0002863002306343956,1.634213127733178e-05,7.382345175532687e-07,8.999893193429718e-09,4.845012809587221e-06,9.894229210731928e-06,5.082401718781147e-08,2.3600034765070464e-06,3.285067114868291e-07,4.82569603740112e-08,0.011862930087753618,8.923150893016205e-06,1.6498452792501578e-09,0.0003415159423901111,3.728374463070303e-07,0.0034289217636671696,9.866776092946364e-09,0.9840281041649861,5.126473865976557e-06,5.914514940594352e-09,3.142926759354995e-07,2.6421221878350345e-06,1.1683149809244107e-09
5,2.375218937862188e-07,4.032939176136023e-08,0.00044650025144604813,1.5981089238895694e-05,7.355203632454597e-07,1.5378283681465202e-08,1.1721762961471076e-05,3.132265474161378e-05,6.682481518712045e-08,3.520509029272534e-06,6.90732907678454e-07,1.1881776593957658e-07,0.017053925825095496,1.5812477520548867e-05,3.495869253756924e-09,0.000568709953381468,5.326437723027603e-07,0.0031253835405465028,2.21522526480831e-08,0.9787111747833998,1.1023388467422708e-05,1.486078195567755e-08,2.844024666943421e-07,2.1581114677736713e-06,2.9721392823853773e-09
6,1.8466622708997888e-07,2.614277168301523e-08,0.00028572711652792473,1.656380923495621e-05,7.522779098589512e-07,9.433802488962979e-09,4.845095172043859e-06,1.0121740668526792e-05,5.050327014585706e-08,2.4090948858718005e-06,3.297061607366587e-07,4.829525520958041e-08,0.011310618191832569,8.825962181982097e-06,1.687970340348194e-09,0.00035462791731299845,3.852808825423185e-07,0.0034731847870336607,9.993988281049325e-09,0.9845231635510988,5.158987188130435e-06,5.806561713345836e-09,3.262184736986196e-07,2.622548704282849e-06,1.1848845284530063e-09
7,8.989185705172293e-08,2.93291186635345e-08,0.00025151411370661725,1.734380162858504e-05,1.1059207898906022e-06,1.9480111205305813e-08,5.133000593806675e-06,1.1432538652343298e-05,9.45254961810465e-08,4.6090413355753945e-06,2.618290282273462e-07,4.7690760023907356e-08,0.0042757092270502405,1.5043009336356258e-05,2.6891405523050813e-09,0.0005702398102776243,5.41388741103321e-07,0.0034371612365540877,1.4733524192958857e-08,0.9913974228883614,7.704336729084304e-06,5.034157537727149e-09,8.30837166823336e-07,3.6409564876201164e-06,2.6893951041186124e-09
8,1.8913819179058822e-07,2.8016877948294878e-08,0.00032579824237910987,1.7346615382372565e-05,7.598804852587958e-07,9.691144687235505e-09,3.988509007088461e-06,8.992272832123807e-06,5.327322067691226e-08,2.7503257116727965e-06,2.965593193120981e-07,4.5992052722967524e-08,0.010444894389356656,9.272352244976606e-06,1.7792014575212297e-09,0.0003483576338489159,3.9574010495131586e-07,0.0030367673610087764,8.575872695696993e-09,0.9857922941424722,4.52373646108804e-06,5.453020645324761e-09,3.47795558146081e-07,2.871224567473774e-06,1.2996774776889198e-09
9,1.417101326524342e-07,2.4701777583930842e-08,0.00028575338765981107,1.5106256331675958e-05,6.25879857333439e-07,8.364162945644986e-09,3.4918458454569975e-06,8.139102079991213e-06,4.808725300898851e-08,2.7018731578245483e-06,2.4067579322263376e-07,3.925811211440533e-08,0.009279199566616658,8.707231777373081e-06,1.6021633843863046e-09,0.00035802771703158257,3.425608649945429e-07,0.0027158511912554703,8.168178727313566e-09,0.9873144717262606,4.132860623921352e-06,4.696321931450475e-09,3.0922544945455873e-07,2.62110499840145e-06,1.2062939998385079e-09
10,1.8466622708997888e-07,2.614277168301523e-08,0.00028572711652792473,1.656380923495621e-05,7.522779098589512e-07,9.433802488962979e-09,4.845095172043859e-06,1.0121740668526792e-05,5.050327014585706e-08,2.4090948858718005e-06,3.297061607366587e-07,4.829525520958041e-08,0.011310618191832569,8.825962181982097e-06,1.687970340348194e-09,0.00035462791731299845,3.852808825423185e-07,0.0034731847870336607,9.993988281049325e-09,0.9845231635510988,5.158987188130435e-06,5.806561713345836e-09,3.262184736986196e-07,2.622548704282849e-06,1.1848845284530063e-09
11,1.852695948801271e-07,2.6145826936074787e-08,0.0002832490025777081,1.6369476102761333e-05,7.448479491150657e-07,9.119376354568832e-09,4.820881419665757e-06,9.9093882736217e-06,5.0125712868141454e-08,2.352103297100429e-06,3.292306848775284e-07,4.833631786557847e-08,0.011663636988779534,8.726478599393395e-06,1.6786708847178637e-09,0.0003472427301609922,3.767280706048553e-07,0.003375787171640617,9.901028263304168e-09,0.9842780833989772,5.082817833800418e-06,5.885253314968361e-09,3.1399030896582945e-07,2.637130654313762e-06,1.1728882303731503e-09
12,1.4574730000239606e-07,1.891926044530619e-08,0.00024422039102432643,1.0522722229622175e-05,7.611969793214967e-07,7.752254166198211e-09,3.6890291350355094e-06,6.686251272456162e-06,4.087003116897554e-08,1.8044534448394977e-06,2.8255775282116923e-07,3.842355939370538e-08,0.008607761345901731,7.240025265767624e-06,1.285745601817991e-09,0.0002955274287199008,3.4326124220313366e-07,0.002707938737190679,6.52646229423108e-09,0.9881055440095289,4.487853594988411e-06,4.33654921810359e-09,2.966887633450673e-07,2.629077952052225e-06,1.1088397814928597e-09
13,1.901638934889269e-07,2.615787858595807e-08,0.0002846657142265381,1.6188370991396103e-05,7.679241016295947e-07,9.088295147144191e-09,4.94955499920349e-06,1.0429263079356724e-05,5.008301443272352e-08,2.2837085664084797e-06,3.5621380881739593e-07,5.1873036984365267e-08,0.011738331058824497,9.185330880762721e-06,1.7220158965835596e-09,0.00034604177722695245,3.8670324473964627e-07,0.0034752923467300197,1.0054447860398656e-08,0.9841025611279043,5.323219482433522e-06,6.1461726382881645e-09,3.1207185496857637e-07,2.5791051672807743e-06,1.2201558118407993e-09
14,7.812772067620849e-08,1.5031599214603288e-08,0.0003226487603525388,7.468119187424752e-06,2.318092136866584e-07,7.3254954935838844e-09,2.1955123213262276e-06,7.736124329146442e-06,4.2971410779769736e-08,3.3033373257554187e-06,1.0758967605329531e-07,2.899020741099365e-08,0.005356763278929988,8.208500615152126e-06,1.351764636800347e-09,0.0003669254076929937,1.727592671526567e-07,0.0014850023940857883,3.7088575012389035e-09,0.9924359453847971,1.6668052497742486e-06,3.0789460638434284e-09,1.7023636617284183e-07,1.2720962841134996e-06,1.298304087257587e-09
15,1.8466622708997888e-07,2.614277168301523e-08,0.00028572711652792473,1.656380923495621e-05,7.522779098589512e-07,9.433802488962979e-09,4.845095172043859e-06,1.0121740668526792e-05,5.050327014585706e-08,2.4090948858718005e-06,3.297061607366587e-07,4.829525520958041e-08,0.011310618191832569,8.825962181982097e-06,1.687970340348194e-09,0.00035462791731299845,3.852808825423185e-07,0.0034731847870336607,9.993988281049325e-09,0.9845231635510988,5.158987188130435e-06,5.806561713345836e-09,3.262184736986196e-07,2.622548704282849e-06,1.1848845284530063e-09
16,1.6549215882236738e-07,2.4707366802803608e-08,0.00030111878690186866,1.525290138523756e-05,7.176315436808155e-07,9.13285393546273e-09,4.351123800427103e-06,8.882033628175867e-06,4.79338267019532e-08,2.4884353723539744e-06,2.8923055107813566e-07,4.3981502996649204e-08,0.010218750981532165,8.223357480596222e-06,1.5169848250528913e-09,0.0003545437749462822,3.8148247630147796e-07,0.00307239744237595,8.543556168231911e-09,0.9860045831446301,4.650534361289636e-06,4.8446589918401505e-09,3.2412119475470176e-07,2.737690761188815e-06,1.1741492972712084e-09
17,2.1220909328138856e-07,2.688631405388177e-08,0.00029380049256552053,1.682195778233854e-05,8.454302367190772e-07,9.041376050768442e-09,5.374816004515842e-06,1.0108232576285933e-05,5.322789401757237e-08,2.2029162287369302e-06,3.700726338673934e-07,5.092872166406917e-08,0.012781430522046682,9.327954114900318e-06,1.5862732409674852e-09,0.00032080592919536433,3.9260055465556867e-07,0.0037837076029536647,1.0063812939424702e-08,0.9827655338951058,5.760749869183766e-06,6.229080486212643e-09,3.3266923904821954e-07,2.8128301872545977e-06,1.1561397989834118e-09
18,1.8339790394344272e-07,2.6080798244273994e-08,0.0002857676330054773,1.6343126459050784e-05,7.486228330478628e-07,9.40550658046193e-09,4.85346349073393e-06,1.008519854473443e-05,5.054533866734749e-08,2.410670593010667e-06,3.2884344212893304e-07,4.82606078802262e-08,0.011266666715818711,8.87226414287565e-06,1.6859125242424792e-09,0.00035508414277087133,3.8460256091335506e-07,0.003462746052649693,1.0012306076480094e-08,0.9845772242880257,5.196538345305215e-06,5.799221881327447e-09,3.262996904821508e-07,2.6251548243736066e-06,1.1952070720455091e-09
19,1.6840392002309854e-07,2.750179146148087e-08,0.00026870181930311763,1.8508634626366794e-05,7.471414880465074e-07,9.724576716283416e-09,4.5375656505267275e-06,9.498322260033315e-06,5.2995404635531456e-08,2.5440793651899445e-06,2.9074505646416896e-07,4.688503341133756e-08,0.010894806735428125,8.59622853152308e-06,1.8352872765710467e-09,0.0003564948371626967,3.6645556708423677e-07,0.003020229911473667,9.576791251937405e-09,0.9854069687985912,4.372114485812339e-06,5.79898713473451e-09,3.2409788476273453e-07,2.688597610999461e-06,1.193722250892747e-09
20,1.8299930417284986e-07,2.5970462998977736e-08,0.0003087203423000818,1.6076463307015724e-05,7.955440292220356e-07,9.310376430489589e-09,4.785399553147113e-06,9.595441081890849e-06,4.7412479300975885e-08,2.4086944526501483e-06,3.259855578624399e-07,4.835387304956456e-08,0.01055582037927207,8.6004114745229e-06,1.6044798716868587e-09,0.00037000024747807037,4.2345955063622393e-07,0.0034488236008594656,9.36424496525204e-09,0.9852649164863219,5.2704033383705155e-06,5.085176292615971e-09,3.475657694797693e-07,2.7582475627419416e-06,1.2276941180949746e-09
21,1.8999814588432506e-07,2.675717990187126e-08,0.0002790188071509476,1.7445923230845922e-05,8.036875181926147e-07,1.0628655494195877e-08,5.227098487814002e-06,1.0855446940028153e-05,5.4659317815808585e-08,2.4754352240970525e-06,3.514089713099821e-07,5.068495178201167e-08,0.011262363122821417,9.019728040112447e-06,1.8474005549884883e-09,0.00035945129783660607,3.9645983375779476e-07,0.0035577145256655163,1.0740751219281443e-08,0.9844861780179579,5.35031233576802e-06,6.313683736850512e-09,3.4565299237178714e-07,2.650211210935946e-06,1.2336960270024886e-09
22,1.5793155039243158e-07,2.560604333497985e-08,0.00025963954147985833,1.6585007455280267e-05,7.842603089211684e-07,9.256240889382304e-09,5.194555718784716e-06,9.19079090524575e-06,5.4903606184125825e-08,2.2798682332112863e-06,3.052938900112346e-07,4.7722610729676014e-08,0.011048623468842958,8.62193849884527e-06,1.8269977540319175e-09,0.0003461745903371329,3.42156864992943e-07,0.002941245085492491,1.0016320291765251e-08,0.9853526101123354,4.925197597003291e-06,5.635966198987575e-09,3.1241696939722553e-07,2.8515670838363426e-06,1.2486509337316082e-09
23,1.8466622708997888e-07,2.614277168301523e-08,0.00028572711652792473,1.656380923495621e-05,7.522779098589512e-07,9.433802488962979e-09,4.845095172043859e-06,1.0121740668526792e-05,5.050327014585706e-08,2.4090948858718005e-06,3.297061607366587e-07,4.829525520958041e-08,0.011310618191832569,8.825962181982097e-06,1.687970340348194e-09,0.00035462791731299845,3.852808825423185e-07,0.0034731847870336607,9.993988281049325e-09,0.9845231635510988,5.158987188130435e-06,5.806561713345836e-09,3.262184736986196e-07,2.622548704282849e-06,1.1848845284530063e-09
24,1.9401170525158087e-07,2.9291474646022645e-08,0.00028323434801919245,1.9773568102268514e-05,7.880612768209399e-07,1.017481840725289e-08,5.04167471733919e-06,1.0967169288315998e-05,5.5000157847504007e-08,2.6107083509221485e-06,3.3823831473477103e-07,5.021224238505055e-08,0.011954099364140292,9.359516457807179e-06,1.8579912585976854e-09,0.0003650681490371916,3.999470896799858e-07,0.003659209458859723,1.1211964713446582e-08,0.9836804402713362,5.252934769343141e-06,6.462506943736613e-09,3.495931703147471e-07,2.7075673389090536e-06,1.206869653150868e-09
25,1.8003583910735733e-07,3.411346690374983e-08,0.00039712631138552834,1.8448083802885567e-05,6.188930055765847e-07,1.361891228750654e-08,3.921653283070296e-06,6.693139272942585e-06,7.746167759945843e-08,5.025059439732409e-06,2.1198241819306693e-07,3.5270684755496986e-08,0.010172049576090721,1.0182209004183555e-05,2.800329057760639e-09,0.000407975606056838,3.893487258730464e-07,0.002519030879974512,1.2184838755524576e-08,0.9864485980609191,4.794528260743785e-06,5.458018957846716e-09,4.804778259096411e-07,4.091446836616437e-06,1.7999302848298615e-09
26,1.7528687784927785e-07,2.3899673693704718e-08,0.0002936591808621627,1.4940730118369166e-05,7.303507009610226e-07,8.647408727659433e-09,4.04370569181106e-06,7.967338484460763e-06,4.979937863655315e-08,2.3717886826534467e-06,2.7860219064307675e-07,4.013806208683944e-08,0.010190369392630268,8.267664209044937e-06,1.4175248966038297e-09,0.0003211154218385283,3.589573680350101e-07,0.0032933060893258885,8.03583937685019e-09,0.985854518138284,4.593878974166371e-06,4.6744434766479205e-09,3.3508306808662666e-07,2.830699218837272e-06,1.0791434013704994e-09
27,1.7958350590515347e-07,2.624118451409432e-08,0.00025801154456438143,1.7735320368671105e-05,7.310048098705369e-07,1.0205727118472271e-08,4.657588228454604e-06,1.0496344947264618e-05,5.502471021319629e-08,2.491026050202456e-06,3.1738999603149295e-07,4.8302063741827155e-08,0.011116426605422034,8.764225106556533e-06,1.8710811851267157e-09,0.00035209151604007245,3.517680591945116e-07,0.0033425199884223895,1.0230878980515036e-08,0.9848776730132341,4.552498476744895e-06,6.507536985892213e-09,3.1390383605209376e-07,2.527115174958789e-06,1.1805742848659253e-09
28,1.8466622708997888e-07,2.614277168301523e-08,0.00028572711652792473,1.656380923495621e-05,7.522779098589512e-07,9.433802488962979e-09,4.845095172043859e-06,1.0121740668526792e-05,5.050327014585706e-08,2.4090948858718005e-06,3.297061607366587e-07,4.829525520958041e-08,0.011310618191832569,8.825962181982097e-06,1.687970340348194e-09,0.00035462791731299845,3.852808825423185e-07,0.0034731847870336607,9.993988281049325e-09,0.9845231635510988,5.158987188130435e-06,5.806561713345836e-09,3.262184736986196e-07,2.622548704282849e-06,1.1848845284530063e-09
29,1.8466622708997888e-07,2.614277168301523e-08,0.00028572711652792473,1.656380923495621e-05,7.522779098589512e-07,9.433802488962979e-09,4.845095172043859e-06,1.0121740668526792e-05,5.050327014585706e-08,2.4090948858718005e-06,3.297061607366587e-07,4.829525520958041e-08,0.011310618191832569,8.825962181982097e-06,1.687970340348194e-09,0.00035462791731299845,3.852808825423185e-07,0.0034731847870336607,9.993988281049325e-09,0.9845231635510988,5.158987188130435e-06,5.806561713345836e-09,3.262184736986196e-07,2.622548704282849e-06,1.1848845284530063e-09
30,1.8466622708997888e-07,2.614277168301523e-08,0.00028572711652792473,1.656380923495621e-05,7.522779098589512e-07,9.433802488962979e-09,4.845095172043859e-06,1.0121740668526792e-05,5.050327014585706e-08,2.4090948858718005e-06,3.297061607366587e-07,4.829525520958041e-08,0.011310618191832569,8.825962181982097e-06,1.687970340348194e-09,0.00035462791731299845,3.852808825423185e-07,0.0034731847870336607,9.993988281049325e-09,0.9845231635510988,5.158987188130435e-06,5.806561713345836e-09,3.262184736986196e-07,2.622548704282849e-06,1.1848845284530063e-09
31,2.0891659101654553e-07,2.7228620392797884e-08,0.0003251837608241105,1.6447080319259338e-05,7.075376980046508e-07,9.550465097537945e-09,4.983798708159835e-06,1.1486503312843803e-05,4.8441035392593224e-08,2.565399285471908e-06,3.4263184996174284e-07,4.9574512302086474e-08,0.01209468391348402,8.9289122558168e-06,1.56910404247431e-09,0.000368084583588644,4.1026678440648096e-07,0.0037795628168596695,1.0033586739477307e-08,0.9833781118865581,5.374175406811812e-06,5.950024874997975e-09,3.232014786769973e-07,2.4411150044290523e-06,1.1526417308065616e-09
32,1.8260173558440636e-07,2.6445787352650973e-08,0.0002821469703475278,1.6793626148267624e-05,7.629283187585248e-07,9.564462055193313e-09,4.877405767498721e-06,1.0125030805068688e-05,5.1095374142668064e-08,2.4374018660428378e-06,3.301749586911254e-07,4.819296346141193e-08,0.011278087439777306,8.77278580785338e-06,1.753873463976217e-09,0.00036231644537741036,3.888499742598131e-07,0.0034349837955141432,1.0439035533170672e-08,0.9845893900409504,5.238702939031237e-06,5.904872149457582e-09,3.301462123542192e-07,2.681046061226257e-06,1.211070549926632e-09
33,1.792649632172047e-07,2.5689685894611886e-08,0.00028506195953904856,1.613059257271538e-05,7.39268875996614e-07,9.396519974824813e-09,4.723049606470659e-06,9.85397127103431e-06,5.066527241365775e-08,2.4354746652483e-06,3.188612495024997e-07,4.701868079638446e-08,0.010954230810444925,8.836607645787833e-06,1.6755198532907116e-09,0.00035410860945304506,3.7934060943954625e-07,0.0034164256993505,9.789675579536737e-09,0.9849383837801139,5.093208413996973e-06,5.640406428005665e-09,3.2784945872332363e-07,2.6205855020851714e-06,1.1905034729316676e-09
34,1.3041574498664242e-07,2.386884584097113e-08,0.000249186946531582,1.4835085440542192e-05,6.645047729401243e-07,9.547479993283888e-09,4.295056337941297e-06,9.269477430947789e-06,4.886044600604251e-08,2.5053324399553896e-06,2.6122704617051694e-07,4.3511100469556596e-08,0.008807699094697245,8.541117606338271e-06,1.6488969390848001e-09,0.00037653699827701993,3.497999189502523e-07,0.002853846395038473,8.874469074985032e-09,0.9876645672547787,4.4100967179514215e-06,5.0054694064932296e-09,3.205174352110526e-07,2.4381200829348027e-06,1.2429945040860318e-09
35,2.8533991413319365e-07,2.8863070194203692e-08,0.00033258496231310363,2.010947609150069e-05,8.352475462487687e-07,1.3527093357645803e-08,6.446911607865434e-06,1.610350393761124e-05,6.226095665391171e-08,2.945441911942774e-06,4.4922822142475834e-07,5.9564422989008784e-08,0.01351792551640163,9.527559187856403e-06,1.8575771261083308e-09,0.00040412095614489747,4.520378549992518e-07,0.00547446759177546,1.3859461875813049e-08,0.9802043296986142,6.317951350488939e-06,8.142700975461291e-09,3.7400450021510127e-07,2.5353139931597525e-06,1.1833501487889024e-09
36,1.4630228930994685e-07,2.3371232070912244e-08,0.00024634500330846047,1.557869517185352e-05,5.387021401349015e-07,9.042661033770456e-09,3.93918976037598e-06,1.0620945928937427e-05,4.4157306079995077e-08,2.5638460553703717e-06,2.5993775062648084e-07,4.2866743083298494e-08,0.01024788403408526,7.929600720936207e-06,1.6512938246834952e-09,0.0003724925257204659,3.2416297580102435e-07,0.0029505966835916245,8.996938425168325e-09,0.9861347249545229,3.717789476348571e-06,5.827478110680857e-09,2.5908174008061623e-07,1.9415795818756446e-06,1.0515270308868083e-09
37,2.188871123298973e-07,2.6662502953528115e-08,0.00031879349661934807,1.6451014115005912e-05,8.062798106635048e-07,8.663479412572158e-09,5.209967651072262e-06,9.659676902657336e-06,5.308696291147921e-08,2.2936514689486196e-06,3.474005644849342e-07,4.914394047882366e-08,0.012787628731327088,9.329638130453594e-06,1.5023959049118934e-09,0.0003230630411596714,3.85618154131117e-07,0.0038863442930391514,9.607586975952786e-09,0.9826305156251224,5.5897753302522374e-06,5.7417065622689515e-09,3.318639713295439e-07,2.8754863714993713e-06,1.1445744205190142e-09
38,1.8932263860648278e-07,2.6882623358387444e-08,0.0002880338694448934,1.7180653374507264e-05,7.964757002245888e-07,9.55541001214267e-09,4.946725623437943e-06,1.035761818993755e-05,5.291670251365866e-08,2.4193525076937546e-06,3.431473853292996e-07,5.050763277625367e-08,0.011395156141675246,9.290157436555508e-06,1.739290080775379e-09,0.0003511382995054592,3.9325002553829864e-07,0.0035292306218419455,1.015413339800924e-08,0.9843820424223745,5.294375809269194e-06,6.014219481969989e-09,3.3495943574688347e-07,2.6936116923115307e-06,1.2253273215690741e-09
39,1.8637572163024775e-07,2.6496467223556742e-08,0.00028817018835328634,1.7402036869068932e-05,7.948983275947253e-07,8.616860922677548e-09,4.0382971815356736e-06,7.3344393790284055e-06,5.7593031856970435e-08,2.4488339391113765e-06,2.934454635147621e-07,4.194705899034984e-08,0.011206860099201757,9.658990494536e-06,1.7088323211543725e-09,0.00029342014749461344,3.548093805682265e-07,0.0032436803816900737,8.815283400258836e-09,0.9849169245771909,4.730175722712402e-06,5.3671909607817565e-09,3.561246359027331e-07,3.194445227748047e-06,1.189000535842979e-09
40,1.9137726794355944e-07,2.622193266345468e-08,0.00029531179428021146,1.6070497264881514e-05,7.556917956762132e-07,9.183508020986866e-09,4.834503890976488e-06,9.839322907010735e-06,4.982527058608595e-08,2.34724429982939e-06,3.3587326400792996e-07,4.973313260982043e-08,0.011536099994230224,8.902337480351941e-06,1.6714572901251153e-09,0.00034422832385365404,3.8837466047669425e-07,0.003393010009414918,9.50254868478903e-09,0.9843794843354028,5.094343724036114e-06,5.776207905972124e-09,3.198102282070383e-07,2.6330521325934036e-06,1.19984448700639e-09
41,1.9876058225577278e-07,2.8045740549311284e-08,0.0002770390377198664,2.207032425906607e-05,8.217760850090832e-07,1.0376446819368106e-08,4.3039243127629985e-06,1.0350121634463112e-05,5.0804048214534644e-08,2.526232071229651e-06,3.20326208465024e-07,4.952281420731425e-08,0.011196343809965094,7.901829476884125e-06,2.047188568366619e-09,0.00037293131984199703,3.9225621039582586e-07,0.0032757125885465852,9.714651589895103e-09,0.9848219501820108,4.029124776463192e-06,6.0520241877963865e-09,3.2283441218353066e-07,2.627866640434962e-06,1.1223317663892003e-09
42,2.1783814080183905e-07,2.7899925135787588e-08,0.00034102299635337406,1.6848154778446812e-05,8.887727467846814e-07,9.420021757665495e-09,5.581249155286337e-06,9.737209956399024e-06,6.05985789851873e-08,2.4675075686098705e-06,3.559013114566782e-07,4.977486678126481e-08,0.011718654619193363,1.1119533209880523e-05,1.508697140334014e-09,0.0003200947388557422,4.075468944690138e-07,0.004348402792082577,9.7838733077996e-09,0.9832139082273538,6.616835695530211e-06,5.344367967805435e-09,4.0953936412901256e-07,3.100951482216402e-06,1.2555261989306353e-09
43,1.9585311902984124e-07,2.6707103512789976e-08,0.00029622311780633286,1.6799344218480657e-05,7.825209854046522e-07,9.031820371751501e-09,5.063933911773476e-06,1.0177892784203383e-05,5.0111097025219366e-08,2.2869878569373443e-06,3.4757905687683655e-07,5.1237575818795204e-08,0.011926747587813315,9.013701991823759e-06,1.6511705288138779e-09,0.0003453072601048342,3.9188843308804826e-07,0.003547566857004229,9.78145257400508e-09,0.9838306934972807,5.252462075425859e-06,5.8452947872326774e-09,3.206008829907473e-07,2.673357674471473e-06,1.1914855313916432e-09
44,1.8466622708997888e-07,2.614277168301523e-08,0.00028572711652792473,1.656380923495621e-05,7.522779098589512e-07,9.433802488962979e-09,4.845095172043859e-06,1.0121740668526792e-05,5.050327014585706e-08,2.4090948858718005e-06,3.297061607366587e-07,4.829525520958041e-08,0.011310618191832569,8.825962181982097e-06,1.687970340348194e-09,0.00035462791731299845,3.852808825423185e-07,0.0034731847870336607,9.993988281049325e-09,0.9845231635510988,5.158987188130435e-06,5.806561713345836e-09,3.262184736986196e-07,2.622548704282849e-06,1.1848845284530063e-09
45,1.84105902532482e-07,2.6517054194715116e-08,0.0002716550051421517,1.8190442931477768e-05,7.664442718020441e-07,9.694152417599228e-09,5.032042280086127e-06,1.0839512481743888e-05,5.1022418256658374e-08,2.3743831661632146e-06,3.330837323587695e-07,5.0154455838120926e-08,0.011740974143499202,8.383342169462002e-06,1.8171684589878676e-09,0.00036368049369458225,3.7375494959121277e-07,0.003351293366989695,1.0388532543045316e-08,0.9842181044176823,4.809839965713383e-06,6.1852437688654706e-09,3.067880067432596e-07,2.541901804328336e-06,1.1523044770949427e-09
46,2.3647224054113136e-07,3.2121855028722846e-08,0.00030142649693971663,2.1344124739454867e-05,8.532323367581915e-07,1.120275094429245e-08,5.233726929600308e-06,1.2197307871965235e-05,4.589582437498951e-08,2.4894266183900934e-06,4.0493408263123606e-07,6.053283095525098e-08,0.013163216020966971,7.971092576963065e-06,2.022242993318027e-09,0.00039367508071556614,5.007716635566004e-07,0.0034716855840462675,1.101909317688616e-08,0.9826108975236564,4.796764420313582e-06,7.332938934768111e-09,3.3313349014418457e-07,2.566946222738696e-06,1.232945530452825e-09
47,1.8349664965609135e-07,2.608953247156771e-08,0.0002883588463120383,1.6631011478549482e-05,7.621083766151404e-07,9.423432447195316e-09,4.833138099613245e-06,1.0071429642395643e-05,5.121546047810396e-08,2.435466517950074e-06,3.2932011908746075e-07,4.793933113265668e-08,0.011141172581089072,9.023140113231811e-06,1.6883643560383956e-09,0.0003551183235286759,3.881499503352817e-07,0.0035293312713413788,1.0065402543529664e-08,0.9846329423990609,5.273526259711333e-06,5.7129974096412e-09,3.343120046803841e-07,2.6581486231869854e-06,1.1963118699332007e-09
48,2.3952584850755215e-07,3.402502456382705e-08,0.0003111846347278756,2.252537696579943e-05,7.960280584954441e-07,1.2804776542532945e-08,6.013405275678297e-06,1.4444968175552644e-05,5.76708366348805e-08,3.0636580301488427e-06,3.904938846352103e-07,5.665776423084002e-08,0.013436896282046416,9.54335371576549e-06,2.112927776416096e-09,0.00041285728605914505,4.772626696626006e-07,0.004213896801496329,1.397548574235605e-08,0.9815587162801549,5.864679233361184e-06,8.06245205718208e-09,3.8606943741293135e-07,2.5173255077979367e-06,1.2594451096308152e-09
49,1.761280233932549e-07,2.477891978864463e-08,0.00027861509963843825,1.5572243375476242e-05,6.833568842670409e-07,9.202786396381298e-09,4.413826094550671e-06,9.482988658304965e-06,4.6563867912984104e-08,2.3181500670123022e-06,3.059400206759524e-07,4.623157742222979e-08,0.01086881182600291,8.152222621778916e-06,1.569841297762414e-09,0.0003404399559285431,3.6413438647870564e-07,0.003203872177749935,8.570811770163376e-09,0.9852594724533065,4.441368218676457e-06,5.4173365190745305e-09,3.0241348642982603e-07,2.432280806930122e-06,1.0995886242123037e-09
50,1.8445712797030838e-07,2.5657852615597817e-08,0.0002900807790901972,1.6372930668406535e-05,7.711958309259076e-07,9.261796087797496e-09,4.394473174167116e-06,9.303073927053773e-06,4.6920577244777495e-08,2.3239985402194585e-06,3.3309639253136317e-07,4.782736180910703e-08,0.010632462599933145,8.52201902959552e-06,1.6767722039595226e-09,0.00035178403377267135,4.0618317226553664e-07,0.003400505817372184,9.233709538082888e-09,0.9852744327924485,4.949803761463027e-06,5.361783902010094e-09,3.347957824892422e-07,2.6908203349288152e-06,1.1897879722538498e-09
51,1.1579484005007493e-07,1.0541956346956741e-08,0.0003209122578835927,4.63136377192681e-06,7.489281654402398e-07,6.038204037176416e-09,4.906111245300309e-06,5.023447755572724e-06,3.3825085268701844e-08,1.5333306092369475e-06,2.8173505452665246e-07,2.912384224598363e-08,0.006800245047249013,6.858695578767108e-06,7.394848351430298e-10,0.00030959210345325494,3.6353702900682296e-07,0.003373038768026615,6.3339317642366175e-09,0.9891597591590874,8.456809468838321e-06,2.2127234985784856e-09,3.262815858414698e-07,3.1166510644007496e-06,1.1629032702374166e-09
52,2.0938169050241317e-07,3.9126160434644264e-08,0.00039040760856276106,1.528142689881322e-05,1.4344269138586787e-06,7.041597119901085e-09,9.507244946076133e-06,9.442710476806065e-06,5.174891100518398e-08,1.6405331790581871e-06,4.919584920728443e-07,8.656133212200938e-08,0.01445794242409729,1.185829382329765e-05,1.585493117712734e-09,0.00033652862910318795,5.899302367607394e-07,0.002787663427785062,9.715048240760063e-09,0.9819629139551068,9.28645509602543e-06,5.4724295365453545e-09,3.903662774403987e-07,4.20796507454021e-06,2.0112680731797564e-09
53,1.8623854705466992e-07,2.6209873176511357e-08,0.000286343840682991,1.667352687845662e-05,7.521696836658524e-07,9.411081784893674e-09,4.770408800679245e-06,1.0067738911189914e-05,5.0234304761944057e-08,2.420054409084755e-06,3.301240774691881e-07,4.803667290297547e-08,0.011349655067630934,8.783026620994961e-06,1.6958746829202338e-09,0.0003549315080071777,3.8740097342646576e-07,0.003478543243006724,1.0028273082853244e-08,0.9844779026437884,5.141560097459038e-06,5.8210693314326625e-09,3.2628917776597843e-07,2.632542040225691e-06,1.1795168601085883e-09
54,1.2863482569547148e-07,2.390194272915676e-08,0.00025427436408439195,1.3786231743295584e-05,5.987959066194227e-07,8.59174427524245e-09,4.065396138015362e-06,8.922234533766059e-06,4.711089430377758e-08,2.524485892690823e-06,2.468263352215859e-07,4.3586393132830125e-08,0.009189075984120434,8.424906083210973e-06,1.7587006467579553e-09,0.0003862206047210323,3.268963722560546e-07,0.0025724049410675714,8.971968946490686e-09,0.9875520239335159,4.174599200554266e-06,5.113782694230248e-09,2.8196498206735954e-07,2.3788620600488927e-06,1.3029903585377496e-09
55,1.8149496725696148e-07,2.5719549579984807e-08,0.000320185460127622,1.5682777310022596e-05,6.224324381144368e-07,1.17694163932856e-08,3.806067974239776e-06,1.1377826649745783e-05,5.0745768634289335e-08,3.3526031945184975e-06,3.1260370267293005e-07,3.944530564943082e-08,0.009571648298807,9.783295180637424e-06,1.9553469428112208e-09,0.00039281326829677433,4.2554762862002925e-07,0.003509372488551072,1.1074219061410652e-08,0.9861520117734793,5.638780243788961e-06,6.251138037560937e-09,3.8156069219785504e-07,2.2554534734324653e-06,1.3065387327036705e-09
56,1.8808424700886608e-07,2.6342147270366583e-08,0.00028639679927251337,1.657785119365447e-05,7.52890398581085e-07,9.391635158292933e-09,4.8866726682126134e-06,1.011683330496068e-05,5.067148030238076e-08,2.390561977216284e-06,3.3373371773918267e-07,4.876901297880232e-08,0.01157051666464324,8.82726056931035e-06,1.692065842147366e-09,0.0003508146082022713,3.842508197457794e-07,0.003466570163046527,1.0023807108088193e-08,0.9842729711317844,5.1616251134768285e-06,5.912414138872483e-09,3.2290153226263586e-07,2.63398140043447e-06,1.1835454303944279e-09
57,2.536172110255291e-07,2.7467551442303645e-08,0.00035781627066110004,2.1640197171077133e-05,9.111920276578139e-07,1.7162177094315794e-08,4.900843418497013e-06,1.2715805419888011e-05,7.101411313186714e-08,3.296928861627956e-06,3.715446866622588e-07,5.0465721617833465e-08,0.008877679886337258,1.1298807857836244e-05,1.8323151067013026e-09,0.00033671097851361296,4.631681173379402e-07,0.005058877214300106,8.58467874810211e-09,0.9853048535401602,4.965366887830641e-06,6.044022700776924e-09,5.352535046215606e-07,2.5255414817207253e-06,1.2728022117375763e-09
58,1.767173293157002e-07,2.5743840307233667e-08,0.00027538077967271884,1.6062353584867738e-05,7.639785243376737e-07,8.989757772850655e-09,4.714048113187544e-06,9.25002523377684e-06,5.0789371016448905e-08,2.304170120921674e-06,3.189318587143098e-07,4.689569975291118e-08,0.011276913431047544,8.574552923959386e-06,1.685127471304681e-09,0.000343086902663052,3.685846223302434e-07,0.0032235100067280957,9.725977095202916e-09,0.9848303042022352,5.02963500232952e-06,5.684698413729309e-09,3.1686074435643776e-07,2.7741156146281007e-06,1.1895089002830767e-09
59,1.715684545881225e-07,2.5086076403719174e-08,0.0002804913039856751,1.5420291988255417e-05,7.36319630390294e-07,8.790755682821704e-09,4.518238281520493e-06,9.006487398868312e-06,4.934793694851142e-08,2.3361903885442043e-06,3.0601880129216017e-07,4.543340258334409e-08,0.01084296764180133,8.587003825965392e-06,1.6133106759191882e-09,0.0003444329830961537,3.6738127888686465e-07,0.0032131438539304683,9.283132694777898e-09,0.9852693719740263,4.957923402211688e-06,5.355512377560147e-09,3.1731892704722157e-07,2.721411839152057e-06,1.1788158616108232e-09
60,1.8466622708997888e-07,2.614277168301523e-08,0.00028572711652792473,1.656380923495621e-05,7.522779098589512e-07,9.433802488962979e-09,4.845095172043859e-06,1.0121740668526792e-05,5.050327014585706e-08,2.4090948858718005e-06,3.297061607366587e-07,4.829525520958041e-08,0.011310618191832569,8.825962181982097e-06,1.687970340348194e-09,0.00035462791731299845,3.852808825423185e-07,0.0034731847870336607,9.993988281049325e-09,0.9845231635510988,5.158987188130435e-06,5.806561713345836e-09,3.262184736986196e-07,2.622548704282849e-06,1.1848845284530063e-09
61,1.7873984489885317e-07,2.5650512809645018e-08,0.000288914901515374,1.5760749041391885e-05,7.610079967014475e-07,9.01474755341416e-09,4.6940325589217675e-06,9.318727073727974e-06,5.1043948728971676e-08,2.3814575722642516e-06,3.1737795309631e-07,4.6777279120655246e-08,0.011010727592900322,8.873668069725914e-06,1.635614788208654e-09,0.00034649786991596503,3.78591246503357e-07,0.0033433692464012407,9.583429516195047e-09,0.9849594088509002,5.168426694231064e-06,5.481143653363886e-09,3.2806900129672054e-07,2.770299817948609e-06,1.2048202666021738e-09
62,1.8466622708997888e-07,2.614277168301523e-08,0.00028572711652792473,1.656380923495621e-05,7.522779098589512e-07,9.433802488962979e-09,4.845095172043859e-06,1.0121740668526792e-05,5.050327014585706e-08,2.4090948858718005e-06,3.297061607366587e-07,4.829525520958041e-08,0.011310618191832569,8.825962181982097e-06,1.687970340348194e-09,0.00035462791731299845,3.852808825423185e-07,0.0034731847870336607,9.993988281049325e-09,0.9845231635510988,5.158987188130435e-06,5.806561713345836e-09,3.262184736986196e-07,2.622548704282849e-06,1.1848845284530063e-09
63,1.8574292726832503e-07,2.7028233416194877e-08,0.000285379022630148,1.6892684533795855e-05,7.629561013588471e-07,9.692596758378629e-09,4.911779922276216e-06,1.027594991059152e-05,5.145394143204933e-08,2.455834776271513e-06,3.346759393773408e-07,4.9370692239724254e-08,0.011373701149530995,8.914865531400223e-06,1.7570039496234732e-09,0.00036080603295749017,3.935631222875293e-07,0.0034394623756447353,1.0359462391924756e-08,0.9844871337590558,5.2313193835221855e-06,6.003351560404121e-09,3.322837328297969e-07,2.6691150130266063e-06,1.2240051948217285e-09
64,1.8451658914765976e-07,2.596705419218714e-08,0.0002941057515164346,1.55559754608565e-05,7.784522237097879e-07,9.213969886990599e-09,5.029699428590763e-06,9.846456005494726e-06,5.077713070931571e-08,2.379327655272514e-06,3.387592927915182e-07,4.81665444611406e-08,0.011290342583449403,9.092722072520642e-06,1.6488065117051379e-09,0.0003539218317845352,3.980061465990366e-07,0.0035215829802483414,1.0268651090611138e-08,0.984487474038595,5.722629056117723e-06,5.668599132070471e-09,3.3866201911760106e-07,2.7546635628952984e-06,1.2341370278586135e-09
65,4.8053885145641685e-08,1.2321699667513202e-08,0.00023457542555338864,4.150013051132917e-06,2.266205700171404e-07,2.8016529738718326e-09,1.5697193027392685e-06,2.9535471789266685e-06,6.085577949179289e-08,2.3766845309644733e-06,5.89774766500445e-08,1.6539722605205427e-08,0.006055475047233549,1.0993827640131623e-05,6.66072491102985e-10,0.0001850911706646271,8.01775088956015e-08,0.0010015748692827735,2.4523090072735847e-09,0.9924965819808452,1.8814994221074962e-06,2.366176460963907e-09,1.292928578287276e-07,2.134034425024328e-06,1.0551579912124611e-09
66,3.359652156528385e-07,9.509674751907977e-08,0.00039463027608441724,6.525871707914021e-05,2.677957445295768e-06,7.324189002248687e-08,1.1115965181279234e-05,2.230708408911717e-05,2.3448706486994394e-07,9.60756111671468e-06,7.879332182061585e-07,1.0750827702875835e-07,0.007821409223761537,2.662023909878294e-05,1.1098382303145851e-08,0.000765396205331999,1.520390751195833e-06,0.0073471070506427255,5.774855521376802e-08,0.9835030923149726,1.7141866669720965e-05,1.704377397927684e-08,2.7132875720720962e-06,7.67596571990548e-06,5.771358831388497e-09
67,7.202114316192834e-07,1.2316840557415352e-07,0.0003352539180228276,8.223419559993969e-05,4.2144302307304e-06,6.613091865506201e-08,4.071014300237168e-05,8.175667943955527e-05,3.9929051526677015e-07,6.160302521770952e-06,2.558644957369677e-06,4.048301700203131e-07,0.02977968639715424,3.0144025888003697e-05,1.3780901220749228e-08,0.0005828908698914169,8.152610841290746e-07,0.0089925648206385,9.979035854149973e-08,0.9600392311491622,1.483517217065109e-05,7.538849242516563e-08,6.035893863835807e-07,4.432686862784329e-06,5.122793673802519e-09
68,1.2546811842974815e-06,8.393435613485758e-08,0.0004882989448367858,6.625689574504728e-05,1.91024189267792e-06,5.029087694213107e-08,2.22556347178471e-05,0.00011150915974972002,8.398185501422005e-08,5.5787432514238535e-06,2.3828842813131135e-06,1.6136294231189263e-07,0.03220414826851343,1.1517293867746106e-05,6.390202180962512e-09,0.001009957565565172,1.8452873863115033e-06,0.01946752577622508,1.2253095050851375e-07,0.946572836359953,2.8706266513961683e-05,4.217912839013497e-08,8.559633681196727e-07,2.607456488981588e-06,1.9061476585611636e-09
69,9.626786984063689e-07,1.2016974290392107e-07,0.0004705888631352926,0.00011820858742281478,4.237474057424066e-06,3.793264404504497e-08,1.6819208093447085e-05,3.2272972849184564e-05,1.2965755679842187e-07,4.317918042066528e-06,1.6941118275701485e-06,2.117402214543165e-07,0.028125943274763112,1.4666881914166603e-05,9.224966832408959e-09,0.0005812759950444809,1.6005094448454904e-06,0.007533842202073757,4.917810342652415e-08,0.9630736410932426,1.19165430800074e-05,2.796553115793202e-08,9.537184539582136e-07,6.469163788705975e-06,2.9353016049620705e-09
70,1.9412448090442114e-07,2.758253202469314e-08,0.0002880705599747734,1.9117143452935186e-05,7.765932468459179e-07,9.088942148271055e-09,4.794039596863575e-06,1.000719992650518e-05,5.115786279297947e-08,2.3186735975414186e-06,3.246121386765256e-07,4.952466146242013e-08,0.012117031958357997,8.859971326068747e-06,1.71167749880597e-09,0.00032934738817307004,3.707432454828803e-07,0.003327525592591233,9.090338972703865e-09,0.9838836365860983,4.578853558347172e-06,5.827383720267542e-09,3.1344655161915194e-07,2.5774253255020288e-06,1.1049587774953499e-09
