,0,1,2,3,4,5,6,7,8,9,10,11,12,13,14,15,16,17,18,19,20,21,22,23,24
0,9.407059501260688e-08,2.9460858163452123e-08,0.0005555805400677962,5.762981827375338e-06,3.8718140861437076e-07,1.382012993245726e-08,2.036996283055577e-06,6.8945075980444324e-06,5.433844835280644e-08,9.694771516785589e-06,1.8876681717112849e-07,1.7263315617677335e-08,0.005089509961752051,1.2960112800545947e-05,2.544956161278441e-09,0.0005822496653629364,5.005538779466638e-07,0.001856616725193217,1.647350007350746e-08,0.99186352060494,1.0556276071439e-05,4.387629478919952e-09,5.342399206706768e-07,2.7705460619961375e-06,3.2090674697167598e-09
1,1.3247017206965907e-07,3.6126852798358856e-08,0.0006570863576725565,1.1953315349221664e-05,4.6970812465804456e-07,7.477285250552213e-09,2.5156685245584023e-06,9.5545832313483e-06,2.3962474414348744e-08,5.69397209521329e-06,1.9764153487653438e-07,2.9793023301935748e-08,0.008028663487868752,8.223062741294388e-06,1.9001769131290646e-09,0.0008327468101779544,8.227867208266995e-07,0.0019449198098863592,1.2503552087606823e-08,0.9884858051654203,8.051328148539603e-06,3.3096558654770326e-09,4.128477944157938e-07,2.633858439339077e-06,2.0530769827661076e-09
2,2.4353232313892132e-06,2.096211315834055e-07,0.00337576610129966,0.0001258414303279687,1.5880950323229856e-06,3.489308671964187e-08,1.8226168008879224e-05,4.593613182495844e-05,4.208712512191728e-08,1.7023663161942362e-05,1.2639430740886522e-06,8.70919563653405e-08,0.04738606126178114,1.158143198586595e-05,2.867616279304656e-09,0.00156453954235842,6.89543155948192e-06,0.027562691107788858,9.897387055409318e-08,0.9198207815552156,4.9353100554409525e-05,7.926009593861055e-09,2.684013895747579e-06,6.84646369274162e-06,1.7744098891836437e-09
3,1.6038533740428061e-07,4.044447262944557e-08,0.0006759918145894899,1.3677809086444347e-05,5.425821459326463e-07,8.307121954713869e-09,2.8693729029155488e-06,1.065102898079501e-05,2.5569841536894043e-08,5.56985962807792e-06,2.386472589197066e-07,3.4523087414696646e-08,0.008960920990701674,8.743555574062825e-06,2.0329243176809055e-09,0.0008084297591962429,9.185175314049561e-07,0.0021991538922500596,1.3494189030996376e-08,0.987299988650514,8.827677998542051e-06,3.833632845561132e-09,4.5156890120346467e-07,2.733585270663937e-06,2.096862285335195e-09
4,1.640428121320452e-07,4.0850213335512705e-08,0.0006771819952277048,1.348797327937772e-05,5.349062117270317e-07,7.882800467861619e-09,2.875499584381352e-06,1.0437187408906241e-05,2.5696105820219644e-08,5.40953171784679e-06,2.4069173541140085e-07,3.481049730020347e-08,0.009471522942395123,8.862372495532513e-06,2.000192519012351e-09,0.0007768318746477463,8.894370510986684e-07,0.0021659030916008457,1.3381480570876418e-08,0.9868535124463546,8.822064217342825e-06,3.943055546071786e-09,4.321660942496642e-07,2.761134773558415e-06,2.0780466032264697e-09
5,2.13923781461853e-07,5.774166402316461e-08,0.0010305319913178216,1.2513687341279427e-05,5.355917791112192e-07,1.1696391775269808e-08,5.013709031208084e-06,2.425793503036299e-05,3.101167039966462e-08,7.991972438961277e-06,4.4725114164461435e-07,6.818324992069507e-08,0.01306351014868552,1.4187116577539944e-05,3.446967728805047e-09,0.0010753947037068672,1.158200227806564e-06,0.0020145507541394626,2.3300128677861417e-08,0.9827319362336411,1.4925160523448128e-05,8.3903711967036e-09,3.6591362218488006e-07,2.2575986099726358e-06,4.33796041265347e-09
6,1.6038533740428061e-07,4.044447262944557e-08,0.0006759918145894899,1.3677809086444347e-05,5.425821459326463e-07,8.307121954713869e-09,2.8693729029155488e-06,1.065102898079501e-05,2.5569841536894043e-08,5.56985962807792e-06,2.386472589197066e-07,3.4523087414696646e-08,0.008960920990701674,8.743555574062825e-06,2.0329243176809055e-09,0.0008084297591962429,9.185175314049561e-07,0.0021991538922500596,1.3494189030996376e-08,0.987299988650514,8.827677998542051e-06,3.833632845561132e-09,4.5156890120346467e-07,2.733585270663937e-06,2.096862285335195e-09
7,6.660470135224784e-08,4.118048604708096e-08,0.000502734166564827,1.3796347767756793e-05,7.666161212689552e-07,1.4855504964279177e-08,2.9778541834382593e-06,1.005729526125012e-05,4.251572585246618e-08,9.491685052099604e-06,1.6323227913548188e-07,3.1423255239763947e-08,0.003096428986743445,1.2949802161603644e-05,3.0009570348971083e-09,0.0012919129373607883,1.263230855459259e-06,0.002198196654314494,1.9109666219146753e-08,0.9928429213188946,1.1389977417402808e-05,2.7048435857329615e-09,1.1356418352532917e-06,3.5887143473091248e-06,4.143699481079124e-09
8,1.5992307078551851e-07,4.284408708293865e-08,0.0007859762294874709,1.4214543438987161e-05,5.536890983118312e-07,8.469236753544378e-09,2.318069940141227e-06,9.125768843550125e-06,2.8102341066217537e-08,6.51058808616056e-06,2.0704446212349406e-07,3.136283261778698e-08,0.007981027763599288,9.563288063154633e-06,2.1096150717870035e-09,0.0007781630638042208,9.29492149501909e-07,0.001926553975335572,1.1390718152371358e-08,0.9884730843162763,7.89320308985574e-06,3.451537036726024e-09,5.025866045977512e-07,3.0863831130664555e-06,2.3411690491295014e-09
9,1.2086331300656131e-07,3.6953334621107853e-08,0.0006856806681244371,1.2010565501770703e-05,4.5398399057677656e-07,7.245236075057859e-09,2.015812918777263e-06,8.25918437474735e-06,2.4920410761395712e-08,6.204856853813222e-06,1.7055799039328108e-07,2.7048582441380093e-08,0.007123533080806612,8.807807289419564e-06,1.9125743962071096e-09,0.0007896762950695423,7.941894145605546e-07,0.0016730100381048562,1.0593203747496371e-08,0.9896788959407943,7.061008904291328e-06,3.024395652145564e-09,4.294709463051695e-07,2.761802800306259e-06,2.1750646221756542e-09
10,1.6038533740428061e-07,4.044447262944557e-08,0.0006759918145894899,1.3677809086444347e-05,5.425821459326463e-07,8.307121954713869e-09,2.8693729029155488e-06,1.065102898079501e-05,2.5569841536894043e-08,5.56985962807792e-06,2.386472589197066e-07,3.4523087414696646e-08,0.008960920990701674,8.743555574062825e-06,2.0329243176809055e-09,0.0008084297591962429,9.185175314049561e-07,0.0021991538922500596,1.3494189030996376e-08,0.987299988650514,8.827677998542051e-06,3.833632845561132e-09,4.5156890120346467e-07,2.733585270663937e-06,2.096862285335195e-09
11,1.6087132224517955e-07,4.033526338998885e-08,0.0006689460145142596,1.3439753703019881e-05,5.382319272482933e-07,7.982459711542451e-09,2.856573503179366e-06,1.0398768340209157e-05,2.5417938288892243e-08,5.394399401052862e-06,2.3889476693210313e-07,3.4676169552983034e-08,0.00924891077879008,8.669733076906361e-06,2.017625845672138e-09,0.0007865403824727173,8.936011897042737e-07,0.0021300236303933517,1.328463678882256e-08,0.9871109916790654,8.686408969980194e-06,3.8901405516903284e-09,4.3226495814658087e-07,2.7483312632196217e-06,2.0781081090535412e-09
12,1.1772884312749116e-07,2.8277483778607995e-08,0.0005621972520865996,8.025980573551475e-06,5.778638394503306e-07,6.62006154769611e-09,2.1557541532922414e-06,6.474426004503e-06,2.146464484764131e-08,4.0258659694639585e-06,2.031078026467321e-07,2.6599615357010464e-08,0.006427027749165195,7.246048082144781e-06,1.5426337219814362e-09,0.0006388523971890706,7.725452512588866e-07,0.0016247675123840768,8.466637265170932e-09,0.9907066278798269,7.639520904955473e-06,2.7048334254204107e-09,4.019981964583186e-07,2.7886728021857906e-06,2.021015103281976e-09
13,1.673083891342865e-07,4.058622468828376e-08,0.0006817888169289278,1.3286569235941845e-05,5.569248395678969e-07,8.035106479896586e-09,2.937122760553722e-06,1.107701051858804e-05,2.5815695250553818e-08,5.277003489932648e-06,2.605732347509736e-07,3.7125586586503193e-08,0.009390344056677663,9.235075650768814e-06,2.063109288528085e-09,0.0007772571023488998,9.125755552778309e-07,0.00218654947346851,1.346297920945616e-08,0.9869078715727191,9.209092396217807e-06,4.133504615201216e-09,4.3008572387137334e-07,2.7062382353522525e-06,2.1756208560849145e-09
14,5.99774075219814e-08,1.93338547215731e-08,0.0007208745191040158,5.100909860504822e-06,1.686103828912671e-07,6.017096489978073e-09,1.1497627443678032e-06,6.4905363745869176e-06,2.0632584143037514e-08,6.9660163344822015e-06,7.199306461806396e-08,1.809300636651386e-08,0.003714751766755326,7.473181413620128e-06,1.4290259638838297e-09,0.0007611404145070759,3.7667334568876337e-07,0.0008786363145630176,4.1991049889060625e-09,0.9938923301680246,2.694729752205224e-06,1.6781431966852746e-09,2.3163774784643434e-07,1.409175061837547e-06,2.2307398504152637e-09
15,1.6038533740428061e-07,4.044447262944557e-08,0.0006759918145894899,1.3677809086444347e-05,5.425821459326463e-07,8.307121954713869e-09,2.8693729029155488e-06,1.065102898079501e-05,2.5569841536894043e-08,5.56985962807792e-06,2.386472589197066e-07,3.4523087414696646e-08,0.008960920990701674,8.743555574062825e-06,2.0329243176809055e-09,0.0008084297591962429,9.185175314049561e-07,0.0021991538922500596,1.3494189030996376e-08,0.987299988650514,8.827677998542051e-06,3.833632845561132e-09,4.5156890120346467e-07,2.733585270663937e-06,2.096862285335195e-09
16,1.740593026784591e-07,4.2621692753376935e-08,0.0006359029392972324,1.4817581197688074e-05,5.515861166460164e-07,8.639671776629176e-09,3.1276493676398016e-06,1.1865159286829226e-05,2.590581773106448e-08,5.449075946446204e-06,2.6262973885139937e-07,3.7445995310962635e-08,0.009784388134319609,8.956017030102443e-06,2.2507249455027867e-09,0.0008232000792138251,9.356680816355747e-07,0.0023918678351478205,1.5407522453604055e-08,0.9863060464986066,9.289146620883219e-06,4.467148399845553e-09,4.480669142533002e-07,2.579056202445776e-06,2.0790354149476327e-09
17,1.7926338148507545e-07,4.054735163953391e-08,0.0006732036455930313,1.3370768133502972e-05,6.167494717019171e-07,7.599898863080237e-09,3.214076666091447e-06,1.028748497708909e-05,2.6860385780703624e-08,4.802001691106746e-06,2.666556243758205e-07,3.698197939953043e-08,0.010032799856612231,9.175820440518067e-06,1.873579875848496e-09,0.000712993247540185,9.067423874131356e-07,0.0023475451888246082,1.3134731353044049e-08,0.9861774430506174,9.682340465916519e-06,4.011728542113841e-09,4.4616396357746153e-07,2.9339025452946622e-06,2.031409174563323e-09
18,1.5897150111147787e-07,4.026392526843159e-08,0.0006748153885720408,1.3459349563295174e-05,5.393389973423817e-07,8.270054360612825e-09,2.8750127069493835e-06,1.0600587646398051e-05,2.5571152786448294e-08,5.562706177930862e-06,2.3782098291532684e-07,3.450391262776223e-08,0.008915017666317991,8.782714199303396e-06,2.0285727155754066e-09,0.0008091938298711716,9.154506191917336e-07,0.0021919465502899934,1.3504961202777416e-08,0.9873536991845868,8.881569755456846e-06,3.823588220724894e-09,4.5098470747310306e-07,2.732793253803299e-06,2.1140834631496104e-09
19,1.44491396177863e-07,4.255874840777973e-08,0.0006176002930330731,1.541095141487513e-05,5.386370218433034e-07,8.493529810382017e-09,2.6953726675694214e-06,9.913856077009889e-06,2.6133508944365417e-08,5.7728925865354504e-06,2.1274728530081567e-07,3.435146569961662e-08,0.008575676205362152,8.454872484349893e-06,2.259568975984165e-09,0.0008181491246794149,8.861794308991104e-07,0.0019257797601747396,1.3038823536941641e-08,0.9880081023367341,7.344110253087884e-06,3.8099903894540015e-09,4.462483896964578e-07,2.739169606084246e-06,2.105767309826435e-09
20,1.5384056906482272e-07,3.9550010363222084e-08,0.000716230049418695,1.320953845910508e-05,5.537438498894322e-07,8.206490832765427e-09,2.825419601604786e-06,9.954207712089602e-06,2.3810049614121606e-08,5.675881647010162e-06,2.2460031355245234e-07,3.3358897712114275e-08,0.008187685452360614,8.353346538441432e-06,1.8773559983793255e-09,0.0008536275475065057,9.99466795154201e-07,0.00222668374960465,1.2665828431373762e-08,0.9879615773711158,8.813173137110633e-06,3.234079964492965e-09,4.866954475865677e-07,2.8211097771225214e-06,2.103433122615041e-09
21,1.636461004366913e-07,4.232490655928068e-08,0.0006627437493189391,1.438331368342454e-05,5.934861344893188e-07,9.491769017531864e-09,3.069500438165841e-06,1.1207426417956705e-05,2.8414237363307964e-08,5.907251167967498e-06,2.558995144942821e-07,3.531053968323075e-08,0.008903595042849278,9.004571713948956e-06,2.2564994322767443e-09,0.0008065100605286627,9.363755882107652e-07,0.0022311948179617146,1.4777052358779437e-08,0.9873378975205912,9.15317191239214e-06,4.190552740484915e-09,4.774348530595946e-07,2.7677585395747314e-06,2.207129071737921e-09
22,1.30741894853172e-07,3.8730445907630825e-08,0.0005899487009653196,1.2968299329086787e-05,5.60199437428148e-07,7.626226410187748e-09,3.0359306814352587e-06,9.077976752237802e-06,2.82891458352002e-08,5.108672870002345e-06,2.1314380323325942e-07,3.3246093253275105e-08,0.008633532550221415,8.685465229726241e-06,2.101029290994622e-09,0.0007451358038610014,7.649074859367925e-07,0.0018463204255081825,1.3003430098985348e-08,0.9881330046108281,8.0686481139524e-06,3.6070509076194317e-09,4.1424465106486437e-07,2.9009087708471997e-06,2.1661743047147292e-09
23,1.6038533740428061e-07,4.044447262944557e-08,0.0006759918145894899,1.3677809086444347e-05,5.425821459326463e-07,8.307121954713869e-09,2.8693729029155488e-06,1.065102898079501e-05,2.5569841536894043e-08,5.56985962807792e-06,2.386472589197066e-07,3.4523087414696646e-08,0.008960920990701674,8.743555574062825e-06,2.0329243176809055e-09,0.0008084297591962429,9.185175314049561e-07,0.0021991538922500596,1.3494189030996376e-08,0.987299988650514,8.827677998542051e-06,3.833632845561132e-09,4.5156890120346467e-07,2.733585270663937e-06,2.096862285335195e-09
24,1.671949578537359e-07,4.644402086771454e-08,0.000649794811673053,1.7107463556950716e-05,5.724946004688785e-07,8.631835538993042e-09,2.996299198251337e-06,1.1262741928996868e-05,2.6864403971740898e-08,5.919966722905548e-06,2.4411087448174335e-07,3.6122324167169504e-08,0.00963107512514537,9.087335858523169e-06,2.265567386474772e-09,0.0008428313746616494,9.851131506636185e-07,0.0023653411248440617,1.5707820281899073e-08,0.9864502402820181,8.911783604396184e-06,4.186163835321871e-09,4.897038289307991e-07,2.830772273466367e-06,2.0789656302407816e-09
25,1.625210790446572e-07,5.963744300241469e-08,0.0009562471894149027,1.6558234967189534e-05,4.887840171378053e-07,1.1084182014146537e-08,2.1454464842889025e-06,6.129875747540305e-06,3.799790256207592e-08,1.2152740414709578e-05,1.5999429595818393e-07,2.3871433861446637e-08,0.00846447195549801,1.0472379655516915e-05,3.4786146412841597e-09,0.0008618466298160675,1.0185121910755345e-06,0.0016423024554359246,1.7348775744839143e-08,0.9880126022778588,8.075122085965635e-06,3.5412176883502496e-09,6.915293628828676e-07,4.314224953789914e-06,3.167152033608343e-09
26,1.4986198265023822e-07,3.609587391466858e-08,0.0007071259965266642,1.2033788140586434e-05,5.438792788903924e-07,7.468393645608548e-09,2.351967886070814e-06,7.996763203018124e-06,2.572733134239746e-08,5.404173344013248e-06,1.9849629411276546e-07,2.7550850399792786e-08,0.007839634903968936,8.221950758332165e-06,1.6856520419274423e-09,0.0007119871493041643,8.44950570824927e-07,0.0020311664878219214,1.0508636800081332e-08,0.9886607256147539,7.962569457797865e-06,2.950513837372147e-09,4.72700394436727e-07,3.0648261363085498e-06,1.932925084318139e-09
27,1.5367745327592893e-07,4.057219490421456e-08,0.0006058261554518617,1.4146518505902932e-05,5.370393892270985e-07,8.804812934361495e-09,2.7256527182373046e-06,1.0744174616914963e-05,2.8492839646447456e-08,5.69409058689552e-06,2.3039119859481416e-07,3.4443490444360754e-08,0.008784532781969584,8.778444578205687e-06,2.2586129646877155e-09,0.0007768768251272126,8.069996938144414e-07,0.0020392391975391434,1.3508456047425693e-08,0.9877388775324561,7.645806082159899e-06,4.332167903888514e-09,4.179575207453867e-07,2.6322164829353415e-06,2.1260543352565543e-09
28,1.6038533740428061e-07,4.044447262944557e-08,0.0006759918145894899,1.3677809086444347e-05,5.425821459326463e-07,8.307121954713869e-09,2.8693729029155488e-06,1.065102898079501e-05,2.5569841536894043e-08,5.56985962807792e-06,2.386472589197066e-07,3.4523087414696646e-08,0.008960920990701674,8.743555574062825e-06,2.0329243176809055e-09,0.0008084297591962429,9.185175314049561e-07,0.0021991538922500596,1.3494189030996376e-08,0.987299988650514,8.827677998542051e-06,3.833632845561132e-09,4.5156890120346467e-07,2.733585270663937e-06,2.096862285335195e-09
29,1.6038533740428061e-07,4.044447262944557e-08,0.0006759918145894899,1.3677809086444347e-05,5.425821459326463e-07,8.307121954713869e-09,2.8693729029155488e-06,1.065102898079501e-05,2.5569841536894043e-08,5.56985962807792e-06,2.386472589197066e-07,3.4523087414696646e-08,0.008960920990701674,8.743555574062825e-06,2.0329243176809055e-09,0.0008084297591962429,9.185175314049561e-07,0.0021991538922500596,1.3494189030996376e-08,0.987299988650514,8.827677998542051e-06,3.833632845561132e-09,4.5156890120346467e-07,2.733585270663937e-06,2.096862285335195e-09
30,1.6038533740428061e-07,4.044447262944557e-08,0.0006759918145894899,1.3677809086444347e-05,5.425821459326463e-07,8.307121954713869e-09,2.8693729029155488e-06,1.065102898079501e-05,2.5569841536894043e-08,5.56985962807792e-06,2.386472589197066e-07,3.4523087414696646e-08,0.008960920990701674,8.743555574062825e-06,2.0329243176809055e-09,0.0008084297591962429,9.185175314049561e-07,0.0021991538922500596,1.3494189030996376e-08,0.987299988650514,8.827677998542051e-06,3.833632845561132e-09,4.5156890120346467e-07,2.733585270663937e-06,2.096862285335195e-09
31,1.8492690760525095e-07,4.2053652979912666e-08,0.0007893263264184547,1.3411620901648072e-05,5.247800420794338e-07,8.447226586349577e-09,2.9575662489193562e-06,1.2238282961184229e-05,2.483692360912066e-08,5.881472886423091e-06,2.5782068718681006e-07,3.600981898339774e-08,0.00958028896373889,9.03935508489697e-06,1.918295819906671e-09,0.0008347638648421854,9.849583868215776e-07,0.0023851048481489407,1.3570274976568855e-08,0.9863523141736156,9.542755375413772e-06,3.981116500425665e-09,4.4880400723864663e-07,2.5965536816563835e-06,2.1087554958886115e-09
32,1.5765639673676355e-07,4.081755694476081e-08,0.0006597124046605935,1.386381383102521e-05,5.465385203435973e-07,8.330934818048692e-09,2.893220027381059e-06,1.0597700241851847e-05,2.57441880733156e-08,5.592263804618643e-06,2.3783363261979624e-07,3.444081085940792e-08,0.00894625802811599,8.67998818958893e-06,2.099775504784529e-09,0.0008235114050074245,9.2424225065975e-07,0.00219134881087031,1.4123103700833224e-08,0.9873234024332475,8.911123116082707e-06,3.8832600502994726e-09,4.557135778861682e-07,2.775262154733961e-06,2.122724736652564e-09
33,1.5605410402002305e-07,3.9593257541228465e-08,0.0006803101439463025,1.3229878687254305e-05,5.363521306483818e-07,8.306493203352571e-09,2.7869462643093145e-06,1.0355082560582506e-05,2.5778915799443776e-08,5.638816932975605e-06,2.3102009789383858e-07,3.352251035519768e-08,0.008640609501171317,8.762567126635286e-06,2.0207464556098212e-09,0.0008050858390248668,9.02234850698186e-07,0.0021421946823090058,1.3101703777134207e-08,0.9876771449323876,8.728112031419601e-06,3.721150492161909e-09,4.535743957110863e-07,2.746094184303516e-06,2.1230169664756182e-09
34,1.1070278476196483e-07,3.686093179253715e-08,0.0005664827521991054,1.2428889432851082e-05,4.750596896357305e-07,8.25185422549839e-09,2.5418091014763136e-06,9.566852825229101e-06,2.3475808882469205e-08,5.654482394608596e-06,1.872507260882592e-07,3.154071316687881e-08,0.00691574536549591,8.119699522225731e-06,2.0058864223589493e-09,0.0008761485226965789,8.539578679099068e-07,0.0018120085592589165,1.2072066826836529e-08,0.9897793647314568,7.273973557313331e-06,3.212325756863395e-09,4.4064550304721066e-07,2.477183718963091e-06,2.1421815490790297e-09
35,2.539179977627762e-07,4.397319174749329e-08,0.0007919382170020293,1.6174972463408012e-05,5.932184304564418e-07,1.180839175817715e-08,3.814254495742289e-06,1.739007495161802e-05,3.159126684433726e-08,6.769235453739053e-06,3.374365179132448e-07,4.295066492033623e-08,0.010814716037193863,9.761600781529265e-06,2.2232937862300208e-09,0.0009137843642046811,1.0760627878459688e-06,0.0036373305947954787,1.915788996322271e-08,0.9837715723165206,1.1213444859490226e-05,5.549738501195351e-09,5.153763084967825e-07,2.5995000753684125e-06,2.1207224232100436e-09
36,1.2121136382394823e-07,3.639359175947109e-08,0.0005425801942121972,1.3135138729244652e-05,3.78096767915464e-07,7.473179045690943e-09,2.3411689860258888e-06,1.0831405238065652e-05,2.1222706832564728e-08,5.703841833716599e-06,1.8424464813976172e-07,3.07778699131405e-08,0.008254696627047505,7.5519257960684365e-06,2.0109805006847064e-09,0.0008681330817615708,7.742881610671556e-07,0.0018807600515523288,1.2812822134121958e-08,0.9884041347808713,6.214115729625633e-06,3.783009341593713e-09,3.48928107139158e-07,1.994633860746982e-06,1.7911741566071974e-09
37,1.8573084782820458e-07,3.979371844819064e-08,0.0007455924459724051,1.2857708368737764e-05,5.878355253100157e-07,7.38479879568217e-09,3.097794585888612e-06,9.865464694117368e-06,2.7298526779045182e-08,5.07036913498695e-06,2.488839711606211e-07,3.51909790838064e-08,0.00994371027886969,9.261339078316133e-06,1.7590074080792578e-09,0.000713063276314843,8.796350521503421e-07,0.0023934403850497956,1.2328397828013233e-08,0.9861491030988041,9.443353226541225e-06,3.6953860379397807e-09,4.4634639631635174e-07,3.0165710585995235e-06,2.032234863837506e-09
38,1.6562158469416483e-07,4.2102109485696785e-08,0.0006914362130046765,1.4222359812987675e-05,5.871753308115971e-07,8.37655574999878e-09,2.92012982213161e-06,1.0826228531465418e-05,2.7293868311137423e-08,5.609791134144939e-06,2.500882086193326e-07,3.59708136340858e-08,0.009095672564811513,9.308839850903259e-06,2.102174982095833e-09,0.0007908147267137845,9.332130816159159e-07,0.0021998806661595034,1.36729908815747e-08,0.9871647502477517,9.155196490158906e-06,3.998497551918648e-09,4.632816144415938e-07,2.8679413901870686e-06,2.1976959724608503e-09
39,1.5373416246092094e-07,4.5343186429906746e-08,0.0006505308136677527,1.5196993574795575e-05,6.136715017704449e-07,7.2452040994365885e-09,2.332792214899955e-06,6.88428463463024e-06,2.9660482737558072e-08,5.903074498815629e-06,2.089251004610565e-07,2.8246877764105165e-08,0.00917004695627951,9.293123748900428e-06,2.17530244156185e-09,0.0006490978747977797,8.383732753651236e-07,0.0019586070090431684,1.2937194265213021e-08,0.9875185593567478,7.722068001868974e-06,3.488321025849728e-09,4.787580612558297e-07,3.4010207446193416e-06,2.0733753026409568e-09
40,1.6852983255040266e-07,4.071069431187998e-08,0.0007107478725798818,1.3242208627963222e-05,5.495030151141087e-07,8.169804117272228e-09,2.8596683970604883e-06,1.0450137661651687e-05,2.5594044068973974e-08,5.461696855697506e-06,2.464656799401841e-07,3.57014770695991e-08,0.009168895524704682,8.983833267367173e-06,2.0256728827494968e-09,0.0007786273945540822,9.257202003832679e-07,0.00213970905943869,1.2769747931141792e-08,0.9871469579447195,8.836288261748017e-06,3.874231627524439e-09,4.442783894024812e-07,2.7628689543042755e-06,2.159187937737849e-09
41,1.692171311963553e-07,4.419883879994646e-08,0.0006568879258171595,1.7939704196372095e-05,6.023316861330766e-07,9.4505638152239e-09,2.516969161487799e-06,1.070373290238842e-05,2.7138035773651345e-08,6.128630586731596e-06,2.3000183258636398e-07,3.445674537108496e-08,0.008733933735353791,8.022538349525481e-06,2.4957984610724452e-09,0.0008238285545842386,8.982896771923192e-07,0.0020210522243593134,1.2990177714665275e-08,0.9877070927124345,6.71989899022978e-06,4.05086002874749e-09,4.401304176161174e-07,2.696599091817436e-06,2.022407568024147e-09
42,1.8445269699371377e-07,4.233689234775793e-08,0.0007946286557415376,1.3562521860375388e-05,6.55853700804079e-07,8.177633311716047e-09,3.3164668437685812e-06,9.898246256907277e-06,3.0083871591382914e-08,5.533255254120047e-06,2.54392455559452e-07,3.552269376865143e-08,0.009107475634988088,1.0536355477228977e-05,1.7893889772859625e-09,0.0007317879274644416,9.7131348895572e-07,0.002665075167965087,1.285432368329126e-08,0.986641002309988,1.1133816384217129e-05,3.3749508764207134e-09,5.609359982511206e-07,3.286357779946782e-06,2.1959012615938584e-09
43,1.6968227329702294e-07,4.184546000856257e-08,0.0006934320327624151,1.4106351834425257e-05,5.70226252141203e-07,7.713127401779572e-09,3.0070928105431734e-06,1.0502190177140292e-05,2.5174487460394876e-08,5.1909447252984335e-06,2.500144637436223e-07,3.6799719274185913e-08,0.009548319418376191,8.92063098437017e-06,1.961339017174783e-09,0.0007794345440568851,9.397598053945128e-07,0.0022592878924914176,1.3149088286473115e-08,0.9866635683835233,8.91518691546185e-06,3.79804075407708e-09,4.4488404472213207e-07,2.8082496196568674e-06,2.0736215417591596e-09
44,1.6038533740428061e-07,4.044447262944557e-08,0.0006759918145894899,1.3677809086444347e-05,5.425821459326463e-07,8.307121954713869e-09,2.8693729029155488e-06,1.065102898079501e-05,2.5569841536894043e-08,5.56985962807792e-06,2.386472589197066e-07,3.4523087414696646e-08,0.008960920990701674,8.743555574062825e-06,2.0329243176809055e-09,0.0008084297591962429,9.185175314049561e-07,0.0021991538922500596,1.3494189030996376e-08,0.987299988650514,8.827677998542051e-06,3.833632845561132e-09,4.5156890120346467e-07,2.733585270663937e-06,2.096862285335195e-09
45,1.5501254272526473e-07,4.030915988746664e-08,0.0006297802617711804,1.470624405002887e-05,5.429278194195892e-07,8.534498120555864e-09,2.982110120497322e-06,1.1304400837687455e-05,2.6003425461000502e-08,5.515281668953481e-06,2.3602933611211355e-07,3.541530009536505e-08,0.009101980639793833,8.323635067384019e-06,2.1623499266659948e-09,0.000827629563183442,8.709379187153815e-07,0.002139487941143702,1.3976610458450422e-08,0.9872452079986576,8.121187036478504e-06,4.011859078145158e-09,4.2267166903223895e-07,2.60071892397784e-06,2.0252563375512417e-09
46,2.0303113026166948e-07,5.177382186699524e-08,0.0006758227859593827,1.8956832662021946e-05,6.084499484450249e-07,9.714181989696627e-09,3.168206128264501e-06,1.284907860031533e-05,2.2266379816683377e-08,5.705759249495223e-06,2.9610222128592923e-07,4.508150161892335e-08,0.010554256687355903,7.982613477655854e-06,2.467721085893928e-09,0.00091594322174034,1.2616044119069077e-06,0.002367363064123417,1.566619373278523e-08,0.9854242250662769,8.137547790634998e-06,4.789378061065099e-09,4.794352193636319e-07,2.586648973747456e-06,2.1055524537392666e-09
47,1.5967838417099327e-07,4.0332890363564546e-08,0.0006862028020555602,1.3731679406845292e-05,5.499391782822792e-07,8.36963802951885e-09,2.8569740318290088e-06,1.0619523040045062e-05,2.5997433920855647e-08,5.6712105422249215e-06,2.3794588410525732e-07,3.4088655623782526e-08,0.008803851256657948,8.922081906180037e-06,2.036659357708606e-09,0.0008109344167130258,9.263664158044329e-07,0.00222703429038231,1.357022516097979e-08,0.9874159032535054,9.029493790717184e-06,3.772835723101311e-09,4.643328379890983e-07,2.774465501311699e-06,2.1214279965957104e-09
48,2.1309216466604988e-07,5.6896245926402374e-08,0.0007147041769905529,2.0854369024575018e-05,5.738621623503906e-07,1.1176294054862516e-08,3.630531299571958e-06,1.5594162008176646e-05,2.75783256982132e-08,7.203965960679982e-06,2.9301043947739344e-07,4.2381264872201326e-08,0.011218177410382843,9.387641770498645e-06,2.701581027094389e-09,0.000997678563365565,1.2443379136549152e-06,0.0028595251617212904,2.1209299778596696e-08,0.9841373491765236,1.0242314592847952e-05,5.480201649242994e-09,5.540371828071937e-07,2.6045766440690226e-06,2.1866396001204157e-09
49,1.542782737033071e-07,3.76344421108508e-08,0.0006706440939789922,1.249618152923658e-05,4.985304883663414e-07,8.177930194125014e-09,2.601408856988515e-06,1.0011563244167013e-05,2.3975795856155244e-08,5.3112872806809864e-06,2.2535440787765574e-07,3.3236722815939995e-08,0.008489494790676141,8.255877103269515e-06,1.8851221426031306e-09,0.0007595360230713785,8.580066264503237e-07,0.002008868340367842,1.1207928154440401e-08,0.9880203064617321,7.664387168892468e-06,3.594590271508951e-09,4.175810452916721e-07,2.534133957732827e-06,1.9876595774783576e-09
50,1.5974011370644495e-07,3.93710495197735e-08,0.0006858941439214826,1.3427186817795648e-05,5.656224578101129e-07,7.927484748590443e-09,2.5758696063271345e-06,9.441010306620813e-06,2.3770421871872134e-08,5.2409415762735935e-06,2.379756018500422e-07,3.359153386063841e-08,0.008387689777088439,8.410178397558017e-06,1.968809708264275e-09,0.0007769966070044691,9.631572918105317e-07,0.0021237183796029126,1.2026843414072311e-08,0.9879729058909922,8.349408246141646e-06,3.4472570438208027e-09,4.6474122246117133e-07,2.8351934284144726e-06,2.0729235813549054e-09
51,9.337406257713368e-08,1.428834029143681e-08,0.0007433352025917009,3.1864829139137254e-06,5.453991246568697e-07,4.804997244022656e-09,2.6608369539540663e-06,4.442276598352901e-06,1.5652604867814412e-08,3.140236624451604e-06,1.8661758556813048e-07,1.889848515373425e-08,0.004885072510783788,6.099574437438494e-06,7.784748239954815e-10,0.0006419651032331796,8.278891053533356e-07,0.0018744441260317365,6.8068302349633055e-09,0.9918172999046767,1.302451757220992e-05,1.2358979762166212e-09,4.2799612558422683e-07,3.1835389972458873e-06,1.9469509381892254e-09
52,1.938771651236491e-07,5.619532261138838e-08,0.0009101115255421954,1.2397807982888447e-05,1.2184498738693597e-06,6.2278480211899295e-09,5.656594942727136e-06,8.936513370135499e-06,2.7290155408044578e-08,3.448224828370448e-06,4.1077291803099433e-07,6.505439957182202e-08,0.011527048609654972,1.2274786702982621e-05,1.8189991412151673e-09,0.0006846720360614423,1.4257311069126769e-06,0.0019331176007054485,1.2407536195760162e-08,0.9848762524830202,1.7029028260780247e-05,3.5524197430924066e-09,5.695152918163782e-07,5.060263387297536e-06,3.6325038661206587e-09
53,1.4450769133153968e-07,3.813501598664884e-08,0.0006362923464275938,1.2455490023000443e-05,5.418745467498679e-07,8.242346240728398e-09,3.318111868340112e-06,1.0768721486335842e-05,2.6014250412861826e-08,5.044576229235205e-06,2.321414859806424e-07,3.633107158336033e-08,0.008524101072878041,8.761151020106403e-06,1.912506552658684e-09,0.0007857448334047375,8.593153170831444e-07,0.002118154196593035,1.2503210430355266e-08,0.987881790862055,8.656657386580178e-06,3.6097740790844517e-09,4.3790254193559673e-07,2.56737431642985e-06,2.1165534348607687e-09
54,1.0588669848539384e-07,3.712005377924682e-08,0.0005889109379569881,1.0840785306299162e-05,4.361089723253489e-07,7.3848607639677585e-09,2.3455855202834173e-06,8.853360998257691e-06,2.4408852125546287e-08,5.936250526504223e-06,1.7299779752551597e-07,3.008847668221367e-08,0.007143541382183529,8.262869079294175e-06,2.1241689678844276e-09,0.0008573606834994432,7.353079225571428e-07,0.0015363249960943233,1.1944262242271598e-08,0.9898264397505926,6.79647799541808e-06,3.321231892488902e-09,3.685119643594885e-07,2.44938120630541e-06,2.333779041773993e-09
55,1.6198949609153642e-07,3.906696333687982e-08,0.0006296438545795891,1.3450590816197801e-05,5.975078217661164e-07,7.2461999001227826e-09,3.291545837597346e-06,9.874723084279485e-06,2.5594844717321745e-08,4.4615835696315094e-06,2.4546822652433924e-07,3.882647246072543e-08,0.009664070956210117,8.289389345887136e-06,1.8318191414915283e-09,0.0007374427893384002,8.396928197910892e-07,0.0021829741738440657,1.2063381207175546e-08,0.9867330995620059,8.143408016604798e-06,3.6405096872688208e-09,4.0313562737107996e-07,2.8793856784422468e-06,1.9734909968044585e-09
56,1.6314330558777817e-07,4.074649612386078e-08,0.0006756292103458895,1.36664874706758e-05,5.417084037675265e-07,8.235467715959198e-09,2.8984480056334765e-06,1.0647074440373858e-05,2.5702897841611955e-08,5.513148887215964e-06,2.4159506744628577e-07,3.489942697445461e-08,0.00918930662446437,8.771962323369377e-06,2.033782049230751e-09,0.0007980666115374995,9.124309320958966e-07,0.002199726728179137,1.3560116779620508e-08,0.987081749936359,8.843703161454075e-06,3.91263008795627e-09,4.4576839751801264e-07,2.7442349373819775e-06,2.0929638670044885e-09
57,2.2405110844372622e-07,4.281915400105025e-08,0.0008641653998439279,1.788784298880502e-05,7.006527088920251e-07,1.6078352947672637e-08,2.9353791710861583e-06,1.3622034345577886e-05,3.6066334674683124e-08,7.573730623534777e-06,2.84791907183744e-07,3.7398237936949956e-08,0.006904151014168945,1.1024925143623274e-05,2.2898880158861484e-09,0.0007755126615525832,1.1469610675109217e-06,0.0030856809711254677,1.1429008888377054e-08,0.9883027302256993,8.733736028041603e-06,4.027724024939757e-09,7.568057281066391e-07,2.716370824536099e-06,2.3372637772341625e-09
58,1.5095933171479184e-07,3.909669762115268e-08,0.0006425544311420243,1.2961751746203815e-05,5.483003992129104e-07,7.740113354511581e-09,2.7879113132016945e-06,9.550307105513124e-06,2.5750201423253255e-08,5.218890677660154e-06,2.275037928834117e-07,3.339594908089248e-08,0.008840587568589462,8.494869478204647e-06,1.9858205071869888e-09,0.0007697521502128112,8.607128118199234e-07,0.002035338936668725,1.2823528989063015e-08,0.9876590524552538,8.47823602288235e-06,3.6828962771105615e-09,4.3340660904719487e-07,2.875048600437074e-06,2.085037168394663e-09
59,1.492320232882138e-07,3.845383538068052e-08,0.0006693936103048896,1.2547548854773722e-05,5.323794215526152e-07,7.721032190731316e-09,2.6622448422281783e-06,9.442240048725618e-06,2.5236503785415013e-08,5.390188322078749e-06,2.2145553892124856e-07,3.232686566005975e-08,0.008540190584653025,8.597142431208979e-06,1.925598742174747e-09,0.000776052004266376,8.674679480534467e-07,0.0020270641297574915,1.233770983063643e-08,0.9879349737532461,8.508214466190338e-06,3.5284073534300287e-09,4.385834866810404e-07,2.8455908778602447e-06,2.0995577407570303e-09
60,1.6038533740428061e-07,4.044447262944557e-08,0.0006759918145894899,1.3677809086444347e-05,5.425821459326463e-07,8.307121954713869e-09,2.8693729029155488e-06,1.065102898079501e-05,2.5569841536894043e-08,5.56985962807792e-06,2.386472589197066e-07,3.4523087414696646e-08,0.008960920990701674,8.743555574062825e-06,2.0329243176809055e-09,0.0008084297591962429,9.185175314049561e-07,0.0021991538922500596,1.3494189030996376e-08,0.987299988650514,8.827677998542051e-06,3.833632845561132e-09,4.5156890120346467e-07,2.733585270663937e-06,2.096862285335195e-09
61,1.5665221247849663e-07,3.9153100540505354e-08,0.0006964171340902429,1.2705033576828234e-05,5.56924030540406e-07,7.930820345300578e-09,2.76440721486338e-06,9.770064335193414e-06,2.6287289760974064e-08,5.45945189016573e-06,2.3190940040497017e-07,3.342541188963298e-08,0.008657474500984372,8.929107436714287e-06,1.9544117275513747e-09,0.0007739368700344763,8.917169770281161e-07,0.002088338668700219,1.2569419198458e-08,0.987729968183444,8.90584337219789e-06,3.6229031038940075e-09,4.5216216592911765e-07,2.914259217017317e-06,2.167560594422575e-09
62,1.6038533740428061e-07,4.044447262944557e-08,0.0006759918145894899,1.3677809086444347e-05,5.425821459326463e-07,8.307121954713869e-09,2.8693729029155488e-06,1.065102898079501e-05,2.5569841536894043e-08,5.56985962807792e-06,2.386472589197066e-07,3.4523087414696646e-08,0.008960920990701674,8.743555574062825e-06,2.0329243176809055e-09,0.0008084297591962429,9.185175314049561e-07,0.0021991538922500596,1.3494189030996376e-08,0.987299988650514,8.827677998542051e-06,3.833632845561132e-09,4.5156890120346467e-07,2.733585270663937e-06,2.096862285335195e-09
63,1.6123112928465314e-07,4.208439144958967e-08,0.0006706702781568602,1.4064626820433816e-05,5.504233146188515e-07,8.440584300540459e-09,2.9133850498253525e-06,1.0770279975595293e-05,2.590981003228125e-08,5.6469899665432655e-06,2.4213529199464245e-07,3.543070219661012e-08,0.00906797795278212,8.82285380510311e-06,2.113135689519094e-09,0.0008227299146346217,9.419591730806515e-07,0.00218953165943396,1.4072057421347679e-08,0.9871926655191314,8.93335745007386e-06,3.958071403388705e-09,4.5975905036756145e-07,2.7835131333546643e-06,2.152948534511429e-09
64,1.6154700043747937e-07,4.011096328774201e-08,0.0007009596013151471,1.2767631524696444e-05,5.625481039663496e-07,8.057857907822996e-09,2.9762223505933004e-06,1.0373651787569337e-05,2.5885999431992405e-08,5.4868965242867e-06,2.4675152866966175e-07,3.4469987909993405e-08,0.008982108295712832,9.134142544160457e-06,1.972451933708752e-09,0.0007990641065587644,9.460675672361894e-07,0.0022431323858464,1.3810155587853391e-08,0.9872187307311696,9.87352923856716e-06,3.763966014453116e-09,4.6850080441732837e-07,2.8771254335731006e-06,2.193606948071543e-09
65,4.23138215860265e-08,2.033537738403502e-08,0.0005548237998336901,3.4370682485147014e-06,2.0737901390783635e-07,2.264652276794336e-09,8.833672082831054e-07,2.5466838133586174e-06,3.5263954626592645e-08,5.46758866164905e-06,4.8941733916756775e-08,1.150858149061863e-08,0.005364797404501759,1.1291932452490352e-05,8.824167250603321e-10,0.0003592257636682471,1.6586110187008683e-07,0.0005728802148958946,3.497805317000221e-09,0.9931180639637875,3.2504246294464212e-06,1.6513917468242714e-09,1.5263679236771276e-07,2.637243097774126e-06,2.0085582678659537e-09
66,2.6937629985348344e-07,1.5515409171743204e-07,0.0007556816295726979,6.0763907848135955e-05,1.8335496435887788e-06,5.2199229628809414e-08,6.56520625638253e-06,2.0104058183703982e-05,9.903061546434582e-08,1.9941455751171846e-05,5.1560856615414e-07,7.394055198440693e-08,0.006599032769025052,2.2947846745803877e-05,1.215943483502008e-08,0.0017801345165597588,3.92898568635538e-06,0.005335702150159812,8.753877684204754e-08,0.9853539761700851,2.6520996872556474e-05,9.953267406568644e-09,3.834324839596318e-06,7.749252001756737e-06,8.219934576720002e-09
67,6.462075076579816e-07,2.1651711753431178e-07,0.0007962945448361858,6.937767001102006e-05,3.364160432776644e-06,5.852685743931272e-08,2.3218214365280477e-05,8.226417801683466e-05,2.0435681851746903e-07,1.55228997578764e-05,1.953888973427193e-06,2.949326427354997e-07,0.02550414703815129,2.743361794608332e-05,1.8724679742512156e-08,0.0013359706717037125,1.9184692660276925e-06,0.00507371360726302,1.4484256664961586e-07,0.967035521136947,2.24124028605991e-05,5.423026908176396e-08,7.130342219087663e-07,4.526768363648574e-06,9.358424024032364e-09
68,1.3756888396529308e-06,1.5452903833183056e-07,0.0011915159077305532,7.033900259789082e-05,1.5243304121750683e-06,4.5531828387049136e-08,1.4449323311278393e-05,0.00013540427370770404,4.271938083778905e-08,1.3282027626517994e-05,2.1518518540069543e-06,1.2808299191622738e-07,0.03171060189065337,1.2177625680123411e-05,8.311796355654056e-09,0.0023126966993343456,5.148854557977549e-06,0.015567206079443653,2.1034330389593675e-07,0.948901508846074,5.596444528988097e-05,3.399472451344049e-08,1.2655302391745395e-06,2.7608893878650356e-06,3.2201953564752057e-09
69,8.159805135064816e-07,2.4011077619208394e-07,0.0009509422550824246,0.00012159105401250097,3.095393431843413e-06,3.298208566661503e-08,1.0312330627343124e-05,3.193725502203326e-05,5.876848588274935e-08,1.0824015122462144e-05,1.2742704067434404e-06,1.4986665162984902e-07,0.026077013142145805,1.273214642238464e-05,1.2328978507769202e-08,0.001412821651904548,4.231876692656952e-06,0.0051618896451048205,8.973724406565206e-08,0.9661731549014353,1.909989068792874e-05,1.95815383241638e-08,1.2876892606028661e-06,6.3685462075595005e-06,4.580159243862678e-09
70,1.6636366347658345e-07,4.164331085547927e-08,0.0006922613222936328,1.527889610052941e-05,5.703866529483287e-07,7.920225507240864e-09,2.8157999219787832e-06,1.0241712109447905e-05,2.6976651836784383e-08,5.301575260240146e-06,2.3101789366000664e-07,3.447945455605229e-08,0.009371299592941905,9.027776864892694e-06,2.012252047661297e-09,0.000720011679578802,8.532245863417007e-07,0.0020579777303612753,1.1672288052367016e-08,0.9871027909798185,7.865525451727327e-06,3.759301014741658e-09,4.3686195228359107e-07,2.7391096638298464e-06,1.9814006235567605e-09
