,0,1,2,3,4,5,6,7,8,9,10,11,12,13,14,15,16,17,18,19,20,21,22,23,24
0,1.5919256164830492e-07,7.6727625224539e-08,5.606614279685073e-06,0.03039950154315431,1.6191682432324248e-06,4.2403707116853795e-06,1.1123355328443043e-06,4.5902028315224265e-05,2.165163954371793e-07,0.0003365295265774732,2.5393619780503542e-08,5.567672085713116e-06,0.000983991916698319,0.0006619315323678887,1.8647325231187035e-10,0.0010702684271869248,4.50697464469102e-05,0.0001610846451471494,5.413148766350408e-10,0.9662096955328994,9.36764397275197e-06,2.4901375011638368e-09,4.627035972692843e-05,6.674782651484727e-06,5.085105874504825e-06
1,5.1723515560713836e-08,2.8516973670308792e-08,2.3939640843783247e-06,0.007768204710783255,2.2269486820217747e-06,3.3969320553592703e-06,6.39713421146007e-07,4.093545218568802e-05,2.3264708034612763e-07,8.550417389057411e-05,2.1026099702246678e-08,3.5913981200834183e-06,0.0019220552548926666,0.00018986730392538093,3.161858317653782e-10,0.0020423157720690414,4.899004881947892e-05,3.797526222153233e-05,7.594059217819415e-10,0.987816447975882,7.569256679497699e-06,2.2672110888370343e-09,2.0451178804100152e-05,5.211019154765727e-06,1.8863778570615987e-06
2,1.4112012628030363e-07,8.074484960389104e-08,2.060432970610946e-05,0.09632096217220334,1.2916324150241485e-06,2.2626628781106402e-05,1.963929434660784e-06,0.00017546301949920983,1.2637026789144958e-06,0.00039262495119506586,1.0445173626151946e-07,2.0465253893590283e-05,0.002882101140918801,0.0004141536339804499,6.252611138012598e-10,0.0074275498730860265,7.510547600125448e-05,0.0002181706808364757,4.1348269981131156e-09,0.8918513490505158,6.285144263502726e-05,1.4068651396141886e-08,6.312534254324663e-05,4.49768558523789e-05,3.005738371822264e-06
3,4.978662530981904e-08,2.784613538255307e-08,2.2106875739014785e-06,0.008051810633805594,2.1141280827291618e-06,3.1692115075351376e-06,5.982035093417448e-07,4.010501005559839e-05,2.1020931657286602e-07,8.234813263771645e-05,2.1168667890531774e-08,3.4998908141215586e-06,0.0017996947514276303,0.00020180730862553472,2.848680930332525e-10,0.0017904375704924363,5.0648680046175764e-05,3.865517655206703e-05,6.986711904987146e-10,0.9878972707222389,7.272730284177633e-06,2.2192964766496447e-09,2.1219466698941098e-05,4.9720236350792885e-06,1.8534584314781522e-06
4,5.079576851746371e-08,2.762378933165698e-08,2.1944696265112043e-06,0.007928920760234822,2.1338960954931412e-06,3.142048163461405e-06,5.931922906227599e-07,3.8834712226700165e-05,2.1644551301675223e-07,7.846647341653601e-05,2.11477255478758e-08,3.6738035298557115e-06,0.0019574151742997427,0.00020174765348625266,2.859187145539907e-10,0.0017722486516614606,5.2642541481432875e-05,3.8831882640488734e-05,7.066864435832298e-10,0.9878836859680687,7.395278715427049e-06,2.2625767507896523e-09,2.082482311243528e-05,5.040940522195842e-06,1.8884624492874362e-06
5,5.0792672043478954e-08,3.602843371596418e-08,5.411994344279353e-06,0.002578777641740019,4.734115150050944e-06,4.719791630181085e-06,1.5377887482239104e-06,0.00010854590586831555,2.965894322295174e-07,0.0001021455872070543,2.7975977515974945e-08,3.519690673004624e-06,0.0021909685397853724,0.00010894599308586305,8.22903351820635e-10,0.003254087235410146,3.308953291647532e-05,1.1369023458999448e-05,2.837013164007464e-09,0.9915541096129553,8.159368439118501e-06,1.9430870086389494e-09,2.3135291216816467e-05,4.73268433245289e-06,1.5932135190878243e-06
6,4.978662530981904e-08,2.784613538255307e-08,2.2106875739014785e-06,0.008051810633805594,2.1141280827291618e-06,3.1692115075351376e-06,5.982035093417448e-07,4.010501005559839e-05,2.1020931657286602e-07,8.234813263771645e-05,2.1168667890531774e-08,3.4998908141215586e-06,0.0017996947514276303,0.00020180730862553472,2.848680930332525e-10,0.0017904375704924363,5.0648680046175764e-05,3.865517655206703e-05,6.986711904987146e-10,0.9878972707222389,7.272730284177633e-06,2.2192964766496447e-09,2.1219466698941098e-05,4.9720236350792885e-06,1.8534584314781522e-06
7,1.179017454617375e-08,2.2209578399341286e-08,6.049653994829249e-07,0.012002343679534405,1.0832570972754504e-06,2.578752660932987e-06,2.7324921354261205e-07,3.333741029814972e-05,1.5854702222281313e-07,7.552005004404078e-05,1.6870280583932276e-08,2.506488348128774e-06,0.0006949021741694433,0.0002860793832249745,3.237378833420027e-10,0.0021310976290256833,5.259925306180113e-05,3.4346727703742574e-05,3.6665176468789915e-10,0.9846509920234625,1.0072199218264072e-05,3.986693471892143e-09,1.78614595092567e-05,2.311184436175937e-06,1.2760194530822123e-06
8,5.13925981399082e-08,3.085289241618545e-08,2.3730107907690025e-06,0.008636696098547695,2.0312646449708967e-06,3.059671761615429e-06,5.808837626297712e-07,3.683799444660945e-05,1.8657072607704196e-07,8.692902417987665e-05,2.0387168469203624e-08,3.2083538893269805e-06,0.00156126744599822,0.00020069633791076184,2.3052387241957587e-10,0.0015131273638596804,4.4009458598502596e-05,3.392586737545343e-05,6.454613862290015e-10,0.9878372962457874,6.2933314092358956e-06,1.7787106329793946e-09,2.4420337615175468e-05,5.193710995707695e-06,1.7617403455441978e-06
9,4.484560612043698e-08,3.0224519287633254e-08,2.2599785074085744e-06,0.009393482409760446,1.8004238495777884e-06,3.0564419081745558e-06,5.669432748586988e-07,3.541045318776251e-05,1.9308336576447408e-07,9.219564051192504e-05,1.916140691758507e-08,3.3666607362658576e-06,0.0015120322949863047,0.00019633289583171907,2.3612650207174225e-10,0.0016268889311513552,4.307396623996722e-05,3.460926810070361e-05,6.221157616386594e-10,0.9870168540386953,7.309489231157031e-06,1.9694983075974903e-09,2.3600255427926336e-05,5.136705722413983e-06,1.733060238059262e-06
10,4.978662530981904e-08,2.784613538255307e-08,2.2106875739014785e-06,0.008051810633805594,2.1141280827291618e-06,3.1692115075351376e-06,5.982035093417448e-07,4.010501005559839e-05,2.1020931657286602e-07,8.234813263771645e-05,2.1168667890531774e-08,3.4998908141215586e-06,0.0017996947514276303,0.00020180730862553472,2.848680930332525e-10,0.0017904375704924363,5.0648680046175764e-05,3.865517655206703e-05,6.986711904987146e-10,0.9878972707222389,7.272730284177633e-06,2.2192964766496447e-09,2.1219466698941098e-05,4.9720236350792885e-06,1.8534584314781522e-06
11,4.996345800558284e-08,2.751422061678926e-08,2.1855734935669913e-06,0.007888755895277459,2.133261628448839e-06,3.11428444063825e-06,5.95204605664086e-07,3.89850512071044e-05,2.1148533973707934e-07,7.96212423741763e-05,2.1025888155259895e-08,3.5649040424313198e-06,0.0018915437619816517,0.0001986914905090201,2.8266892876405543e-10,0.001767773643153666,5.151834644159618e-05,3.823081039165318e-05,6.971872390385291e-10,0.9879978746014186,7.266351953989004e-06,2.2164264054347764e-09,2.097151382633737e-05,5.0041804090396715e-06,1.8566976558717117e-06
12,4.2172369084756026e-08,2.3499881720164416e-08,1.1950388048559483e-06,0.006247668781863707,1.911934258805697e-06,2.4721289790875843e-06,3.791142688849281e-07,2.3029252550945877e-05,1.4257640297057302e-07,7.896222605015739e-05,1.161443091998543e-08,2.264558975483891e-06,0.00162231933826032,0.00025184739169412866,1.8797171113126546e-10,0.0011752662868742608,6.142172599587492e-05,4.6759490474312326e-05,3.720234116772541e-10,0.9904578276021044,6.110078566122405e-06,1.6737447817822862e-09,1.553114954617585e-05,2.5993407483640817e-06,2.2124631592804266e-06
13,4.9386309801927515e-08,2.7664943151987765e-08,2.2007382337471814e-06,0.008059439401792927,2.106580788805358e-06,3.1594111375735813e-06,5.959302839642059e-07,4.0378983076805296e-05,2.0933094366645583e-07,8.161173558299603e-05,2.138257754207824e-08,3.5176074391333806e-06,0.0018006035686200272,0.00020305596631443981,2.8477994314612445e-10,0.001785583799807894,5.075721599207675e-05,3.855295844776401e-05,6.984948846986895e-10,0.9878927660193435,7.270757391277514e-06,2.2287961577179504e-09,2.1278021240916847e-05,4.967038937141931e-06,1.8432887238737857e-06
14,6.091153117970773e-08,2.7994552373128386e-08,3.3028663312971757e-06,0.009618533478614182,1.8955077014352815e-06,3.46278135772535e-06,6.058638626044634e-07,4.360076213337606e-05,2.78618230348454e-07,7.863757644222097e-05,2.101277473561483e-08,4.54063539495831e-06,0.0021840782621511054,0.00019005521567160518,2.767818608207631e-10,0.0018318261918667045,5.2911357331319125e-05,4.401449428817139e-05,7.457816368943899e-10,0.9859027281091093,9.639687045801509e-06,2.4262787166216857e-09,2.1904896044457175e-05,5.8589814517256174e-06,2.0113472712463373e-06
15,4.978662530981904e-08,2.784613538255307e-08,2.2106875739014785e-06,0.008051810633805594,2.1141280827291618e-06,3.1692115075351376e-06,5.982035093417448e-07,4.010501005559839e-05,2.1020931657286602e-07,8.234813263771645e-05,2.1168667890531774e-08,3.4998908141215586e-06,0.0017996947514276303,0.00020180730862553472,2.848680930332525e-10,0.0017904375704924363,5.0648680046175764e-05,3.865517655206703e-05,6.986711904987146e-10,0.9878972707222389,7.272730284177633e-06,2.2192964766496447e-09,2.1219466698941098e-05,4.9720236350792885e-06,1.8534584314781522e-06
16,5.782565116855722e-08,2.9359656287852956e-08,2.7496728531609674e-06,0.008625815507521893,2.337181149750314e-06,3.5300463646133807e-06,6.630497454494114e-07,4.2766772054090266e-05,2.2859065186536892e-07,8.275081222432182e-05,2.4173007503120957e-08,3.549173080896134e-06,0.0018961109261170345,0.00020283913093603804,2.807832421427248e-10,0.0017963806119770003,4.896543881272818e-05,3.9294628259607234e-05,7.315507767354073e-10,0.9872146253582417,6.77400186502195e-06,1.996393498219279e-09,2.294630967175693e-05,5.662532136260308e-06,1.8958892943414666e-06
17,5.466914529595452e-08,3.010051013187675e-08,2.5126605713340125e-06,0.008484569722367191,2.210531790798809e-06,3.4522714444297482e-06,6.583871009519457e-07,4.244809929898337e-05,2.2901035878200015e-07,8.899444147899024e-05,2.2305236851765144e-08,3.652647429523594e-06,0.0018118927367211895,0.00020359412255550129,3.083257592949696e-10,0.00190526764793508,4.9272339386770686e-05,4.036801279733027e-05,7.56238308765227e-10,0.9873240740697579,7.542683557603566e-06,2.2553751142495565e-09,2.1847711170131847e-05,5.3451754795496394e-06,1.957333966581427e-06
18,5.012754372682021e-08,2.8317352593779524e-08,2.292649724990798e-06,0.008230405088331208,2.13839002640909e-06,3.2586810349372282e-06,6.115426556911491e-07,4.128835479946465e-05,2.1512924245822145e-07,8.270501714320105e-05,2.1968595896913116e-08,3.5432912193786958e-06,0.001797647788977283,0.0002010848069193663,2.90720324570264e-10,0.0018389181624060354,4.986715998522024e-05,3.8035362908464406e-05,7.203740005191546e-10,0.9876719257026567,7.305082374593371e-06,2.226286102119079e-09,2.1669131609435537e-05,5.155196783410155e-06,1.829810328928131e-06
19,4.9189679644208075e-08,2.8997506207286526e-08,2.2841360456182875e-06,0.008559328169310463,2.095112715740077e-06,3.0518552032691568e-06,6.400762780529388e-07,3.9382670919089535e-05,2.2159482940617849e-07,8.229446779470038e-05,2.0658543954150745e-08,3.909326289900928e-06,0.001888891697991329,0.00020142478903705126,2.8902815175242914e-10,0.001813057746371954,5.030940691454977e-05,3.7669483764852736e-05,6.856599269418698e-10,0.987279330596854,7.759304300061706e-06,2.320049911025158e-09,2.1325725286469802e-05,5.021514627379745e-06,1.9001849983241955e-06
20,5.818794776313466e-08,2.805931076370258e-08,2.228741938172589e-06,0.007121739789298439,2.260495939819756e-06,3.024760337262419e-06,5.475813615467856e-07,2.744824094969781e-05,2.0126271649570776e-07,7.897128326000986e-05,1.6389426536969948e-08,2.8494312526377367e-06,0.0019092391826787448,0.00017533706952332716,2.178219050990971e-10,0.0015178943969506936,4.565132012879225e-05,3.6825534352982544e-05,5.769211242994194e-10,0.9890437003402415,6.0663162577217625e-06,1.4254765443108013e-09,1.915025139040866e-05,4.782142676144845e-06,1.977001840953685e-06
21,5.0164041643294427e-08,2.8003977062139296e-08,2.227964027899507e-06,0.008040981991985276,2.130174834912766e-06,3.18600338658788e-06,6.019773575686551e-07,4.0470476218957454e-05,2.0966553611863462e-07,8.299363742252258e-05,2.1383050713399854e-08,3.4791812245673216e-06,0.0017888783841756243,0.000202162740883077,2.857247654819298e-10,0.0017749850833384674,5.096300350393113e-05,3.8822010764856e-05,7.052518900380906e-10,0.9879322191496582,7.2767808958589145e-06,2.226293220080746e-09,2.1460791326516478e-05,4.988206832133639e-06,1.8600082874992339e-06
22,3.5392239161340894e-08,2.795572927527302e-08,1.917836363841687e-06,0.00755225773662962,1.8121117614456422e-06,2.751600309978364e-06,5.748197314429297e-07,3.736097095270959e-05,1.901725524841525e-07,7.496228766735968e-05,1.7852907298521368e-08,3.5471782086680856e-06,0.0016898289485869097,0.00017713033665721698,2.492530674009938e-10,0.0017843238770784459,3.713397611804989e-05,2.32303675484437e-05,7.095572864887298e-10,0.9885797104341507,6.4656897616961054e-06,1.7348920459100959e-09,2.067527938182312e-05,4.618098404276972e-06,1.4243835567767501e-06
23,4.978662530981904e-08,2.784613538255307e-08,2.2106875739014785e-06,0.008051810633805594,2.1141280827291618e-06,3.1692115075351376e-06,5.982035093417448e-07,4.010501005559839e-05,2.1020931657286602e-07,8.234813263771645e-05,2.1168667890531774e-08,3.4998908141215586e-06,0.0017996947514276303,0.00020180730862553472,2.848680930332525e-10,0.0017904375704924363,5.0648680046175764e-05,3.865517655206703e-05,6.986711904987146e-10,0.9878972707222389,7.272730284177633e-06,2.2192964766496447e-09,2.1219466698941098e-05,4.9720236350792885e-06,1.8534584314781522e-06
24,4.609820798841808e-08,2.737320484988521e-08,1.897782623652204e-06,0.008085998787265757,1.9833542065236045e-06,2.908004228861502e-06,5.352785248984255e-07,3.677689917710209e-05,1.9031219467939372e-07,7.834055181340972e-05,1.9571759677583716e-08,3.3025521991253146e-06,0.001710884749905421,0.00021075463697635082,2.5109021778427276e-10,0.0016853768939442848,5.004740458479668e-05,3.6971931517716196e-05,6.21492510501392e-10,0.9880605622969822,6.529415785206879e-06,2.0831014056187215e-09,2.050527061861218e-05,4.586158064263231e-06,1.7517205304823537e-06
25,5.5054832686057795e-08,2.9544049105323083e-08,2.337657589544447e-06,0.007782634490332199,2.193321905203285e-06,3.2579050079455956e-06,6.096810607119151e-07,3.646142613534066e-05,2.2478342122326285e-07,8.634368940315121e-05,1.9585208066739122e-08,3.5116791419424713e-06,0.001908504226356826,0.0001919642365048728,2.9105003832898697e-10,0.0017740462473551598,5.124995984109236e-05,4.0363444541043685e-05,7.145179156094703e-10,0.9880808557713405,7.511715644743614e-06,2.184040857769714e-09,2.072451396970288e-05,5.072680994223106e-06,2.0251957556757024e-06
26,5.7795162192045214e-08,2.6617294058477153e-08,2.40442659493633e-06,0.007431659230400785,2.1715436231451245e-06,3.229360854961092e-06,5.339247041841008e-07,3.247896462441912e-05,2.1655465600894874e-07,7.323112477499678e-05,2.1113633314846096e-08,3.244359789084993e-06,0.0020803713870440436,0.00016076359722692828,2.5218609406397174e-10,0.001600640096190581,5.0664457218857116e-05,3.8049629718290216e-05,7.166761211785523e-10,0.988483711346287,6.631252053058193e-06,1.927984301067957e-09,2.186479683779519e-05,6.244882737405395e-06,1.7806417275061121e-06
27,4.7885805389129686e-08,2.7597367333474198e-08,2.1375523548016513e-06,0.008126101870616586,2.0902023221495395e-06,3.2389331164517073e-06,5.840314053243097e-07,4.251378283334595e-05,2.153617664051478e-07,8.10915280065362e-05,2.242029017055651e-08,3.5036540587917073e-06,0.0017529133700029903,0.0002036674506609308,3.051902707782992e-10,0.0018681224949432477,5.265351677016591e-05,3.921256611316656e-05,7.355005593329984e-10,0.9877862260033193,7.45958102993409e-06,2.4622154546491054e-09,2.1339379178895547e-05,5.0320723381810015e-06,1.7952427936051274e-06
28,4.978662530981904e-08,2.784613538255307e-08,2.2106875739014785e-06,0.008051810633805594,2.1141280827291618e-06,3.1692115075351376e-06,5.982035093417448e-07,4.010501005559839e-05,2.1020931657286602e-07,8.234813263771645e-05,2.1168667890531774e-08,3.4998908141215586e-06,0.0017996947514276303,0.00020180730862553472,2.848680930332525e-10,0.0017904375704924363,5.0648680046175764e-05,3.865517655206703e-05,6.986711904987146e-10,0.9878972707222389,7.272730284177633e-06,2.2192964766496447e-09,2.1219466698941098e-05,4.9720236350792885e-06,1.8534584314781522e-06
29,4.978662530981904e-08,2.784613538255307e-08,2.2106875739014785e-06,0.008051810633805594,2.1141280827291618e-06,3.1692115075351376e-06,5.982035093417448e-07,4.010501005559839e-05,2.1020931657286602e-07,8.234813263771645e-05,2.1168667890531774e-08,3.4998908141215586e-06,0.0017996947514276303,0.00020180730862553472,2.848680930332525e-10,0.0017904375704924363,5.0648680046175764e-05,3.865517655206703e-05,6.986711904987146e-10,0.9878972707222389,7.272730284177633e-06,2.2192964766496447e-09,2.1219466698941098e-05,4.9720236350792885e-06,1.8534584314781522e-06
30,4.978662530981904e-08,2.784613538255307e-08,2.2106875739014785e-06,0.008051810633805594,2.1141280827291618e-06,3.1692115075351376e-06,5.982035093417448e-07,4.010501005559839e-05,2.1020931657286602e-07,8.234813263771645e-05,2.1168667890531774e-08,3.4998908141215586e-06,0.0017996947514276303,0.00020180730862553472,2.848680930332525e-10,0.0017904375704924363,5.0648680046175764e-05,3.865517655206703e-05,6.986711904987146e-10,0.9878972707222389,7.272730284177633e-06,2.2192964766496447e-09,2.1219466698941098e-05,4.9720236350792885e-06,1.8534584314781522e-06
31,6.365590929406779e-08,2.9726090379542794e-08,2.6436410050561375e-06,0.007906010863958802,2.399011301519378e-06,3.2449991977968782e-06,7.017911636081571e-07,4.8881971834882725e-05,2.1128522470179236e-07,8.783650100995586e-05,2.3307042740848564e-08,3.642991785729212e-06,0.0019162587869709622,0.0002148026355082742,2.898793630342194e-10,0.001747093871964516,5.4563642186818784e-05,4.3050992121675595e-05,7.884311799353397e-10,0.9879317483474479,7.161503860351058e-06,2.245004781098988e-09,2.241013541668643e-05,5.213823668934891e-06,2.0031920140662657e-06
32,5.1574128524028226e-08,2.8731051227306497e-08,2.2618324945614855e-06,0.008019301351547601,2.154314221235971e-06,3.2431999364889094e-06,6.133456992718131e-07,4.12636048023427e-05,2.1611247906007053e-07,8.35434270369888e-05,2.1854145455775814e-08,3.6013291177793425e-06,0.0018412305105111836,0.00020311114293632466,2.96922994638097e-10,0.001818238338983587,5.17645794677694e-05,3.916195369523499e-05,7.472301762523051e-10,0.9878542150930286,7.4389000578977e-06,2.3160231345966205e-09,2.152583002831761e-05,5.128425512968492e-06,1.881188940985183e-06
33,5.386238157123798e-08,2.972317424829607e-08,2.412536856975966e-06,0.00830458771054836,2.199346409888811e-06,3.270666315230629e-06,6.388851982955444e-07,4.080715672085748e-05,2.2432433029950865e-07,8.540842702814328e-05,2.156188938964861e-08,3.641407678187626e-06,0.0018013294794896521,0.0002045052200766383,3.029396110685807e-10,0.0018120176604832239,4.98748929629017e-05,4.0182789308965446e-05,7.144400899809322e-10,0.9876128674359999,7.4835281290573885e-06,2.230126452590532e-09,2.1395599396555225e-05,5.060773819139471e-06,1.983764296356198e-06
34,3.7395174849913284e-08,2.4708643745736266e-08,1.8029002102751288e-06,0.008082057196317254,1.8121066252729142e-06,2.8679122187925994e-06,5.170764854112168e-07,3.6790864812571366e-05,1.6723071939967402e-07,8.610749547511076e-05,1.849722893015513e-08,2.88550945629288e-06,0.0014209520496984256,0.00020075896452107333,2.3709021182050243e-10,0.0016824060333186434,4.53810251315406e-05,3.44370252597834e-05,5.542304671051571e-10,0.9883671476769088,6.704950863771043e-06,1.9871059152182056e-09,2.1271579822796394e-05,4.2367668336526695e-06,1.612255847151772e-06
35,1.0331682124973199e-07,3.659174865848701e-08,3.7509131625922586e-06,0.010221375746256773,2.829176927674867e-06,3.9188733885805686e-06,9.955845379386675e-07,6.357075490322823e-05,3.407546133232514e-07,0.0001027361218189612,2.759227919609808e-08,5.316643873084116e-06,0.0024583709605279936,0.00023987262632401945,4.337039344791688e-10,0.0021936408364015532,6.9203033876491e-05,7.538449095907157e-05,1.0123268623866574e-09,0.9845178401883181,1.0064204776315776e-05,3.4178349914828764e-09,2.136164188907143e-05,6.3327258584441035e-06,2.922356871775234e-06
36,5.798029034833969e-08,2.753218854232363e-08,2.385927577816399e-06,0.007883249057229359,2.2774388812011368e-06,3.1332348794669035e-06,7.061246840200739e-07,5.472449891996399e-05,2.541309460856051e-07,7.128816170955048e-05,2.4700246046433345e-08,4.993258258963392e-06,0.002435669085726825,0.000224949154566632,3.5975587702301555e-10,0.002247215890016261,5.947962285557332e-05,4.132948664809502e-05,8.986369337494246e-10,0.9869344224047412,7.900731723588968e-06,2.9276547477177282e-09,1.8812606650824605e-05,5.1408171159658805e-06,1.9539680961339864e-06
37,6.213433482012169e-08,2.90197063071696e-08,2.4431947322664064e-06,0.008290447330566822,2.149823164232471e-06,3.060542494981639e-06,6.115174607518446e-07,3.6522428635610154e-05,2.0710256091744792e-07,8.534080964393894e-05,2.0553289650882012e-08,3.47599052463569e-06,0.0018952842491697952,0.00018939025551509042,2.499984340789671e-10,0.0016141353201547907,5.148383886358461e-05,4.355146431339736e-05,6.841739950330903e-10,0.9877453384859727,6.778572167324511e-06,2.0579637993478042e-09,2.2028703309852143e-05,5.676913739875166e-06,1.958757542610816e-06
38,7.070886339270129e-08,3.344335563466673e-08,3.0496154692846053e-06,0.007986729446041646,2.6816980088051506e-06,4.0606350345386955e-06,7.904691336626448e-07,4.3765659568834965e-05,2.6896976166388387e-07,9.537376162351634e-05,2.4372018241169044e-08,3.976336240709822e-06,0.0021856530412402765,0.00020545462601624992,3.655281648002222e-10,0.002166602724814477,5.0168270748646015e-05,4.342780391271324e-05,9.206192044704312e-10,0.9871701411870571,7.597664200468782e-06,2.247054109276524e-09,2.1719133437382637e-05,6.141746415019622e-06,2.2651538361710915e-06
39,4.869692419940686e-08,3.183600316331487e-08,1.7090847428041767e-06,0.007753528352117731,1.9970029925483437e-06,2.277915938910936e-06,5.173920261276402e-07,2.6749441765931867e-05,1.779893106225754e-07,7.454152372259522e-05,1.720608655334286e-08,3.2306436617569407e-06,0.0014321022607259083,0.0002118682526548993,2.222619556824823e-10,0.0012843273864150764,4.088542892535993e-05,3.442085981973855e-05,4.920122105319588e-10,0.9890995899501447,5.111227406763041e-06,1.6687530311225394e-09,2.0776568252467985e-05,4.184551011533092e-06,1.9040463232890524e-06
40,4.833383794657033e-08,2.742528021636236e-08,2.149303376971882e-06,0.008073848060143116,2.072722198746201e-06,3.1209154159208258e-06,5.858465537924851e-07,3.980204795513459e-05,2.04926476009593e-07,8.221796840621884e-05,2.0894794896288674e-08,3.4205669202900984e-06,0.0017535080404219605,0.00019982083428628334,2.780609211996397e-10,0.0017795032888664815,5.0263108136585233e-05,3.822613785700321e-05,6.845653440709451e-10,0.9879360362995779,7.201211681272602e-06,2.198313966181761e-09,2.1186272279951058e-05,4.922053947612271e-06,1.8105806454968687e-06
41,6.738089760233307e-08,2.8052212417569025e-08,2.7299075046452964e-06,0.007355796677373774,2.8669845625878006e-06,3.2990976799453612e-06,6.994416616281081e-07,3.79191338596984e-05,2.8737400187746384e-07,6.369270630306763e-05,2.2247207632627134e-08,3.992823311128707e-06,0.002591517329315805,0.0001800051052990706,3.428561030918409e-10,0.0020502662906215293,5.1298508780825686e-05,3.981093776075636e-05,6.891917746548936e-10,0.9875839083179442,6.582774625023148e-06,1.9421061497718128e-09,1.7658255920115872e-05,5.399022882592173e-06,2.1486561202100463e-06
42,1.1335317482722544e-07,4.1330075163851325e-08,2.62577793627154e-06,0.007630005619248518,3.7287003027692885e-06,2.322802297910397e-06,7.208096705583137e-07,1.8075618034541112e-05,2.1694930987670528e-07,7.36368057654072e-05,1.646273462077326e-08,2.8295867941082798e-06,0.0016699057496485958,0.00029836868297233545,1.7205520906461484e-10,0.0007228681221456679,4.3255434040712495e-05,5.903748863191989e-05,2.898268724525697e-10,0.9894404534594309,4.599901679354417e-06,8.421698814994328e-10,1.9807158889828417e-05,3.558636743870592e-06,3.8102464201805576e-06
43,3.856360695210324e-08,2.519997998397876e-08,1.8494078618227928e-06,0.0074344974062233995,1.9005300783555108e-06,3.1242994964288174e-06,5.448009140621153e-07,3.912468854156732e-05,1.781827315781304e-07,9.446239240919333e-05,1.8721185056325556e-08,2.9008647761582213e-06,0.0015376945197732473,0.00019004899531846963,2.70554668463349e-10,0.0018042192185418835,4.9897963978342144e-05,3.631204363445757e-05,6.699022418361338e-10,0.9887677576943151,7.783264463288998e-06,2.3240851740767085e-09,2.1482607509170464e-05,4.4696988940905344e-06,1.66567122535958e-06
44,4.978662530981904e-08,2.784613538255307e-08,2.2106875739014785e-06,0.008051810633805594,2.1141280827291618e-06,3.1692115075351376e-06,5.982035093417448e-07,4.010501005559839e-05,2.1020931657286602e-07,8.234813263771645e-05,2.1168667890531774e-08,3.4998908141215586e-06,0.0017996947514276303,0.00020180730862553472,2.848680930332525e-10,0.0017904375704924363,5.0648680046175764e-05,3.865517655206703e-05,6.986711904987146e-10,0.9878972707222389,7.272730284177633e-06,2.2192964766496447e-09,2.1219466698941098e-05,4.9720236350792885e-06,1.8534584314781522e-06
45,5.2805065189324364e-08,2.8164936164230378e-08,2.461213862707284e-06,0.008487867404028798,2.221493310337204e-06,3.4853186542604097e-06,6.570661011403047e-07,4.717648010145299e-05,2.2919992230629952e-07,8.379979581912437e-05,2.4597692053598687e-08,3.7182594414593927e-06,0.0018435403351382228,0.00020703106193302253,3.2278981023960285e-10,0.0020453292029197455,5.1410820932940235e-05,4.0599655087719634e-05,7.841731248130786e-10,0.9871440574838517,7.4574091782800604e-06,2.437289647720464e-09,2.154605501625892e-05,5.460031684884787e-06,1.8426010696304433e-06
46,3.854061799053376e-08,2.240342314315694e-08,1.7151077649016186e-06,0.007703917977409855,1.8161340934746232e-06,2.820777410498793e-06,4.5406639726641854e-07,3.647515058438203e-05,1.829198600127936e-07,6.633897040897094e-05,2.015253677084415e-08,3.2151011423729673e-06,0.001847166283403734,0.00018450399992152306,2.357642439834723e-10,0.0016308445837271727,5.8670655104542505e-05,3.48674707041523e-05,6.264305207503747e-10,0.9883928234724267,7.456730928809469e-06,2.350442503834001e-09,2.0401206271405545e-05,4.725613434012238e-06,1.519469791155389e-06
47,5.2419397708241184e-08,2.6955986897480564e-08,2.1350827203519567e-06,0.007321340462697312,2.1164720882843633e-06,2.9645294467199463e-06,5.757299675008951e-07,3.644303325599642e-05,2.1684283541744692e-07,7.532421105286615e-05,1.9222398873456345e-08,3.6662557003407035e-06,0.002058111055898395,0.0001839506389255818,2.8090446446777076e-10,0.0018184584150510556,5.236268189707541e-05,3.7541835970398433e-05,7.093341142476132e-10,0.9883712765974602,7.238989252120826e-06,2.211767513611087e-09,1.929673824810954e-05,5.012829226888731e-06,1.8657985161724139e-06
48,4.872806668974873e-08,2.9578747649141356e-08,2.05388541106809e-06,0.007458137861600082,2.105550840883826e-06,3.357795226374058e-06,5.871474807326273e-07,4.113210699091296e-05,1.9362926931177453e-07,8.737275497596165e-05,2.1805417126298303e-08,3.279046513182025e-06,0.0018533684210549014,0.00019458041744955295,2.6553092858761523e-10,0.0017653310937215591,5.199466852405304e-05,3.416200934337512e-05,8.827044673873258e-10,0.9884656220429108,6.714777319800615e-06,2.181445559769086e-09,2.2750810697821077e-05,5.501819162653599e-06,1.6507195944341968e-06
49,4.88139066958073e-08,2.782864766077514e-08,2.2445867865404708e-06,0.008275361639805148,1.996188528167184e-06,3.1125710069927024e-06,5.761453665347778e-07,3.7876512562513654e-05,2.0578030142659953e-07,8.238450539664057e-05,2.0654262220256983e-08,3.5609459972267752e-06,0.0017931152428239576,0.00020071798346324581,2.6699113128911864e-10,0.0016949104941737605,4.946620525272461e-05,3.786426134427369e-05,6.728386043567586e-10,0.9877803843978014,7.3108688910041145e-06,2.1770891775120943e-09,2.1898716475284676e-05,5.076329623054878e-06,1.8362106645519275e-06
50,4.784494819472976e-08,2.6139306512128083e-08,2.144905767246765e-06,0.008477885465693015,1.984659665641067e-06,3.2510201529656863e-06,5.002153255177156e-07,3.515337145943985e-05,2.3602577082956987e-07,6.766393413050107e-05,2.17028067042278e-08,3.51668280623686e-06,0.0018969929711206161,0.0001862042684886349,2.8514057435059796e-10,0.0018300973449210443,5.119260219032627e-05,3.893574372876492e-05,6.567543061127414e-10,0.9873699185927688,7.374673316413358e-06,2.2183311730711423e-09,1.9731373125409308e-05,5.373089744410633e-06,1.7442125366335894e-06
51,3.9065747687827946e-08,1.7861512443762323e-08,1.933856954915549e-06,0.004980647434855001,2.2929234859080812e-06,3.1612582408943633e-06,5.332431973512859e-07,3.2655108447484084e-05,1.8611512024599338e-07,6.960463372227158e-05,1.8762523666384372e-08,2.718656359449441e-06,0.00216582340388323,0.00013984642779872524,2.838879450034472e-10,0.0020476983880226367,4.545095988169271e-05,3.0009691820704992e-05,6.617240382705738e-10,0.9904465944857778,6.693305086460695e-06,1.7131476236473662e-09,1.7732397261765153e-05,4.749320351723092e-06,1.590041188144917e-06
52,5.293029672582461e-08,2.5929423108989317e-08,2.159374195040174e-06,0.007807991359463632,2.1680748232263927e-06,3.472679509605155e-06,5.688810651001191e-07,4.041617721051364e-05,2.1496738157960403e-07,8.423439939296805e-05,2.220247128476772e-08,3.273731945132391e-06,0.0018428130138344254,0.00021664113761736792,3.0216087553843946e-10,0.0018749741699691314,5.4274807713295596e-05,4.7187450097536716e-05,6.866433831775409e-10,0.9879855406188321,7.074783535452275e-06,2.3227832039421376e-09,1.9983486081250684e-05,4.926064765615674e-06,1.9804487883324194e-06
53,4.529166732233803e-08,2.6662951429473808e-08,2.181104129616575e-06,0.007851501184513918,2.15733965591232e-06,2.9305130731069557e-06,6.522181831141112e-07,4.118510697597078e-05,1.9656750380086689e-07,8.205657932293812e-05,2.1134154946997157e-08,3.5100129268484313e-06,0.0017234716355535391,0.00019440213750484138,2.8256593359262774e-10,0.0017736880675471606,4.623201527923086e-05,3.463331022134279e-05,6.573658635748512e-10,0.988206018924021,6.9255599845675594e-06,2.066925853433127e-09,2.1633201153348397e-05,4.746116495610758e-06,1.7823103228089508e-06
54,6.040418599221826e-08,3.605376517047897e-08,2.4882006379126533e-06,0.008323383046553279,2.266382541295582e-06,3.3868393785514047e-06,6.852015723606766e-07,3.974770467042057e-05,2.3424234383323106e-07,9.649403726153925e-05,2.0082115566873936e-08,3.947960814724713e-06,0.0017793852796100453,0.00023401021762243805,3.262159228033513e-10,0.0018439187115331568,4.749213256942091e-05,3.9670728131682814e-05,7.701409305668994e-10,0.9875467325616296,7.316882558942869e-06,2.2448442985688113e-09,2.1633034237504343e-05,4.823342990811724e-06,2.263612074656654e-06
55,2.6677633882053453e-08,2.2989644561266443e-08,1.4587479873158567e-06,0.006542077522324174,1.7816835705274414e-06,2.699517681809944e-06,4.5636543232310813e-07,4.233773350932092e-05,1.0309886948285507e-07,0.00010033853920716735,1.9845336292817415e-08,1.7977912934140422e-06,0.0008319122728424827,0.0002117268115088699,2.1043167482569408e-10,0.0013676467166532122,4.149975184109437e-05,2.6017186401431174e-05,5.277471093411356e-10,0.9907913773145469,5.587316248108118e-06,1.76606248739196e-09,2.65073018331277e-05,3.328476796499689e-06,1.27383459677154e-06
56,5.067109179368017e-08,2.7786326184850574e-08,2.205590516257507e-06,0.007909634393689437,2.138380415257252e-06,3.1521112022966843e-06,5.987249827725964e-07,3.939996843178341e-05,2.1357944641146948e-07,7.993472857117751e-05,2.1251149160801348e-08,3.60720252047045e-06,0.0018984989900843446,0.00020079117514234864,2.8671676276452923e-10,0.0017719188670736851,5.179238442770516e-05,3.852647744726821e-05,7.118957037432899e-10,0.9879622263176612,7.300209904225989e-06,2.2388312122848098e-09,2.1044458715320198e-05,5.0373737537168315e-06,1.8761200034568986e-06
57,6.556196430482468e-08,3.535177963294311e-08,2.9502909191083547e-06,0.011510230216779372,2.427410621028305e-06,4.546452769320595e-06,7.014144515408277e-07,4.7990646042480234e-05,2.1627343723758204e-07,0.00012221694054481298,2.873674994408503e-08,2.785809475783982e-06,0.0012355679097786547,0.00027331766165325256,3.0327430714320674e-10,0.0017810702105192536,4.910805012198373e-05,5.957272140470993e-05,6.725543074795396e-10,0.9848651770025961,7.2802185624256234e-06,2.080773620110249e-09,2.68272984304823e-05,5.633454280368003e-06,2.247310516066192e-06
58,5.3216867302577354e-08,2.8014104074602832e-08,2.345464555275803e-06,0.008060976685092295,2.1488529994031137e-06,3.288317022521844e-06,6.076527619309514e-07,3.966300424074941e-05,2.2317931067642214e-07,7.9407794810203e-05,2.21810475254425e-08,3.720093246808668e-06,0.0019822046073355937,0.00019373423727561494,2.907184291805609e-10,0.001820695425380885,5.095782488894037e-05,3.8726142909461684e-05,7.557496443126995e-10,0.987684994204733,7.3238471494797755e-06,2.23133367193585e-09,2.1475725110293627e-05,5.541099920495288e-06,1.8591514358108338e-06
59,5.0622021677452264e-08,2.7733759031095428e-08,2.340853147662311e-06,0.008066498445628113,2.1103926219747668e-06,3.2356596683397276e-06,5.99116362853971e-07,3.9237905571101766e-05,2.1496434883923663e-07,8.05198377853113e-05,2.181954404821586e-08,3.540030716686507e-06,0.001854616526072699,0.00018808027244516146,2.8405056084477374e-10,0.0017934757346224192,4.905447524432224e-05,3.710386782437891e-05,7.252290018337073e-10,0.9878428949576273,7.2970610412127234e-06,2.169973568674473e-09,2.182563360494016e-05,5.454836314898384e-06,1.7960747740470563e-06
60,4.978662530981904e-08,2.784613538255307e-08,2.2106875739014785e-06,0.008051810633805594,2.1141280827291618e-06,3.1692115075351376e-06,5.982035093417448e-07,4.010501005559839e-05,2.1020931657286602e-07,8.234813263771645e-05,2.1168667890531774e-08,3.4998908141215586e-06,0.0017996947514276303,0.00020180730862553472,2.848680930332525e-10,0.0017904375704924363,5.0648680046175764e-05,3.865517655206703e-05,6.986711904987146e-10,0.9878972707222389,7.272730284177633e-06,2.2192964766496447e-09,2.1219466698941098e-05,4.9720236350792885e-06,1.8534584314781522e-06
61,5.1179739021775985e-08,2.8206562773894404e-08,2.3373776229814124e-06,0.00809356785872187,2.1299473778157617e-06,3.234837758005953e-06,6.084213937099715e-07,3.983103561403147e-05,2.1505074231928436e-07,8.159977802124021e-05,2.2025970976958813e-08,3.5757436323497088e-06,0.0018575053334293952,0.00019150839929692038,2.8659591489262795e-10,0.0017823437384126796,4.99074596183835e-05,3.76478002512903e-05,7.359087829336811e-10,0.9878173214344496,7.334255647521783e-06,2.2104650701392164e-09,2.198202393035879e-05,5.423948140459307e-06,1.820910696574271e-06
62,4.978662530981904e-08,2.784613538255307e-08,2.2106875739014785e-06,0.008051810633805594,2.1141280827291618e-06,3.1692115075351376e-06,5.982035093417448e-07,4.010501005559839e-05,2.1020931657286602e-07,8.234813263771645e-05,2.1168667890531774e-08,3.4998908141215586e-06,0.0017996947514276303,0.00020180730862553472,2.848680930332525e-10,0.0017904375704924363,5.0648680046175764e-05,3.865517655206703e-05,6.986711904987146e-10,0.9878972707222389,7.272730284177633e-06,2.2192964766496447e-09,2.1219466698941098e-05,4.9720236350792885e-06,1.8534584314781522e-06
63,5.051161924063507e-08,2.9118623989659865e-08,2.2043057566058737e-06,0.008048261175717261,2.1351486415864783e-06,3.1523524216634332e-06,5.950199885733718e-07,3.882473813004013e-05,2.1229869607737188e-07,8.25273721964759e-05,2.101277712408434e-08,3.505331819557068e-06,0.0017875331926000052,0.0002012010038342195,2.871032305688302e-10,0.0017494246555870496,5.07268728944104e-05,3.807741787528317e-05,7.058480862485155e-10,0.9879558286274249,7.282240974443241e-06,2.229737374663495e-09,2.1527266461759354e-05,5.001495581758877e-06,1.8756176889908493e-06
64,4.679129568306953e-08,2.7610461146896128e-08,2.137743784748729e-06,0.007966760235712949,2.0432644797325996e-06,3.1387266322087476e-06,5.812512860281264e-07,3.888073090929118e-05,2.071715904601722e-07,8.281573293974511e-05,2.0480067750052086e-08,3.5107966338436396e-06,0.0017946447705095869,0.00019870926603352676,2.8326880614206573e-10,0.0017671080896032286,5.080047192521703e-05,3.7412673424093237e-05,6.992688839326277e-10,0.9880152625123169,7.719806603260189e-06,2.2764351793472863e-09,2.143146683017497e-05,4.9128525988594125e-06,1.8242953887171473e-06
65,2.5171988354753896e-07,3.7081509052059545e-08,6.602492869074167e-06,0.01264709913138288,4.346448343028296e-06,8.055506494382676e-06,7.769956340666462e-07,4.330590331469553e-05,1.9464935625680487e-06,3.077597598661466e-05,7.148066433481357e-08,1.4856393036343072e-05,0.012807609858249984,0.0001624945813516545,8.898876581337141e-10,0.005553637891961311,0.00011704084531459807,0.00011799349050726155,2.3436864079081278e-09,0.9684240525973105,1.273857300959536e-05,6.615242212449241e-09,1.552223871823077e-05,2.7655849577383872e-05,3.118602502672027e-06
66,4.9639675786093094e-08,2.7740977336336616e-08,2.2070005297117507e-06,0.007996515964366699,2.114843409170649e-06,3.158151788930831e-06,5.962526365290183e-07,3.974916589316161e-05,2.0936385394251367e-07,8.212304761341823e-05,2.1055825533257206e-08,3.4778074526582783e-06,0.001800161280645453,0.00019987446878171205,2.836088918549545e-10,0.001780862735316912,5.0488084659315265e-05,3.840385114034599e-05,6.9594531007542e-10,0.9879646768314646,7.253872616696915e-06,2.202229082866132e-09,2.1204457909148698e-05,4.972581529997149e-06,1.8486201296554153e-06
67,6.259129364783728e-07,2.082616878693975e-07,1.9135526115439845e-05,0.01445549687287934,9.62222669280545e-06,6.543005068803862e-06,7.918603839894811e-06,0.0002732162638041336,1.8273616992635977e-06,0.0002344226386765867,8.793413484330073e-08,2.5111422780658732e-05,0.003530531986234272,0.000324495462982303,3.826628837822972e-09,0.005701916715678186,9.774079454010035e-05,0.00015826761793677173,7.018728165599703e-09,0.9750764097889298,2.358171938446075e-05,1.7077459533306398e-08,2.9744873603753243e-05,1.3718032343567269e-05,9.349055234223563e-06
68,4.137713091674014e-08,2.6785674039654437e-08,1.5827865910954247e-06,0.005957500818360652,2.749249584828859e-06,3.3976646173490305e-06,5.858354798037656e-07,4.01749653312355e-05,1.987992952465717e-07,7.095827699159605e-05,2.5070105264185615e-08,2.7609983325920203e-06,0.001735079269404262,0.00019487437259269153,3.798751716434037e-10,0.002151323262033958,5.32983898416683e-05,3.044838656035749e-05,8.084072658025869e-10,0.9897245112455274,5.4421358298181705e-06,2.2515586907292604e-09,1.885185056429711e-05,4.521999135407139e-06,1.643021174544371e-06
69,2.0237421868216e-07,6.913038375108743e-08,3.962300374324641e-06,0.00827297040553304,4.647221729991295e-06,5.6227878531491545e-06,1.344487641690401e-06,5.937477210573618e-05,6.522711982926773e-07,0.00017758536854138463,1.9474360601863448e-08,5.412905716918506e-06,0.0027416517804942863,0.00039980184878533724,9.31284189535552e-10,0.0031186087686251563,0.00010349902474813452,0.00014720700480121075,1.2834791564620877e-09,0.9849215526381845,1.0210820308720818e-05,5.5611664517757486e-09,1.4640433127074324e-05,3.639862535166406e-06,7.316542802966496e-06
70,5.995683693726948e-08,1.0998208230347395e-07,4.046401250264792e-06,0.01636753236809723,3.027151195347365e-06,1.7782188263098518e-05,1.2889275789188649e-06,6.329090328095422e-05,6.69217541954762e-07,0.00036241966394163724,1.1834080677494459e-07,7.710528497397244e-06,0.0016328858738407716,0.0002929321912697593,8.191629513876285e-10,0.003320854413163628,6.422883813263336e-05,6.647535715506723e-05,8.895668099097117e-09,0.9775648369517601,5.692716361979641e-05,1.2679018455318489e-08,0.00012432265205200308,4.6440026504632896e-05,2.0185092791992104e-06
