,0,1,2,3,4,5,6,7,8,9,10,11,12,13,14,15,16,17,18,19,20,21,22,23,24
0,1.4686490278869782e-07,3.396395922753562e-08,0.000696514097355352,6.913158822233264e-06,5.920610303970174e-07,1.417285023015952e-08,1.7783140509963355e-06,5.969150986673825e-06,6.874441452720857e-08,9.956700579504942e-06,2.720457828274755e-07,1.7215459227600697e-08,0.006042378733162574,1.625208590207721e-05,3.078177643150194e-09,0.00045941545515972167,5.75705172215125e-07,0.002175124451342809,1.820882289096876e-08,0.9905656128291505,1.3725677981870496e-05,5.376253279165143e-09,6.489827156217551e-07,3.959225133991461e-06,3.7008309132873333e-09
1,1.9355332729504697e-07,4.0674128853444085e-08,0.0007747520837901769,1.4251625816122226e-05,6.952125421200318e-07,7.434558966685332e-09,2.2484752836958663e-06,8.173255785464645e-06,3.1537915108371947e-08,5.8071282035405135e-06,2.589365374435913e-07,2.8546093273349235e-08,0.009565053905505546,9.969811892022134e-06,2.0694224986510984e-09,0.0006505255051869923,8.663678859533687e-07,0.0022854637375185863,1.3482630015221237e-08,0.9866673963987124,9.93032678527365e-06,3.936540709793476e-09,4.826423160894326e-07,3.8011659482843065e-06,2.185673589994127e-09
2,3.8021247171441855e-06,2.397023284761e-07,0.004047397096992975,0.00016123432492257459,2.4306740863817227e-06,3.5483968991575856e-08,1.7475079642522586e-05,4.077639513163392e-05,5.468952263542411e-08,1.6756131769352723e-05,1.7230873699016347e-06,8.642638595537949e-08,0.05782137377720803,1.3973670332214199e-05,3.064901374267467e-09,0.001243674163789721,7.926321012060089e-06,0.035012886400245656,1.1158489620025085e-07,0.9015278543969925,6.620854632816961e-05,9.393222619630098e-09,3.4712597453180817e-06,1.0494343752076161e-05,1.860735535006539e-09
3,2.373257885863396e-07,4.535775866551225e-08,0.0008041372732551905,1.629575091514046e-05,8.081205372527751e-07,8.18938642041159e-09,2.5674253004551113e-06,9.10928319656232e-06,3.360632710159152e-08,5.619241101665791e-06,3.1733167380997656e-07,3.338665176266913e-08,0.010690924859325317,1.0788502096007296e-05,2.219369277499584e-09,0.0006256673919234595,9.75669957545357e-07,0.0026136469033415117,1.4480676361743186e-08,0.9852032515741438,1.1029377386191721e-05,4.561432158933335e-09,5.3237721797293e-07,3.947541022129476e-06,2.2502157309457072e-09
4,2.4316545579020376e-07,4.5717062525266014e-08,0.0008056533400389023,1.6073010689534473e-05,7.945094912035452e-07,7.777909941895712e-09,2.5762801119852553e-06,8.968564450862393e-06,3.372519364301857e-08,5.444785811649913e-06,3.1925320675367005e-07,3.376865016456959e-08,0.011313479446238978,1.08917228232819e-05,2.174869362513855e-09,0.0006033378618902498,9.441958446710394e-07,0.0025705693156693925,1.4309098581806092e-08,0.9846450462912243,1.100864275924698e-05,4.6972396147529185e-09,5.088178707271852e-07,3.996401140205335e-06,2.225258501132993e-09
5,3.2571476737890066e-07,7.20165274706289e-08,0.0012636119583635027,1.5239108241613136e-05,8.208399580423457e-07,1.0913532659465213e-08,4.728489472036273e-06,2.1196970946096285e-05,4.041072047213218e-08,7.798228720327888e-06,6.279618903497224e-07,7.055633480051498e-08,0.016601382143031678,1.8673736831182232e-05,3.962682637319079e-09,0.0008042402380948647,1.2802730080471583e-06,0.0022638966718664956,2.5335927153165344e-08,0.9789731875226577,1.9201836684857358e-05,1.0520958125084322e-08,4.2287642812381965e-07,3.12682135232317e-06,4.891002281416181e-09
6,2.373257885863396e-07,4.535775866551225e-08,0.0008041372732551905,1.629575091514046e-05,8.081205372527751e-07,8.18938642041159e-09,2.5674253004551113e-06,9.10928319656232e-06,3.360632710159152e-08,5.619241101665791e-06,3.1733167380997656e-07,3.338665176266913e-08,0.010690924859325317,1.0788502096007296e-05,2.219369277499584e-09,0.0006256673919234595,9.75669957545357e-07,0.0026136469033415117,1.4480676361743186e-08,0.9852032515741438,1.1029377386191721e-05,4.561432158933335e-09,5.3237721797293e-07,3.947541022129476e-06,2.2502157309457072e-09
7,9.535294686854127e-08,4.513791594227023e-08,0.0005937038410175243,1.656479297184943e-05,1.1031742709415925e-06,1.518239933627198e-08,2.6639012321170746e-06,8.841826279772975e-06,5.488942601028265e-08,9.73922883168554e-06,2.054944195152732e-07,3.004947443654348e-08,0.003500354678458902,1.5578903330251528e-05,3.244651000683208e-09,0.0010675236746716177,1.3950968822372756e-06,0.0026230829845730547,2.055049157090662e-08,0.9921379018006435,1.4378678465701845e-05,3.1116127936892776e-09,1.428886710840198e-06,5.261064385167664e-06,4.453937415579729e-09
8,2.3934933807048226e-07,4.761604111330139e-08,0.000950418457375328,1.7183693697287897e-05,8.137943427845821e-07,8.324740779125226e-09,2.0672904183247874e-06,7.861051250434594e-06,3.649020323591866e-08,6.541563644790275e-06,2.705998771210431e-07,3.023989789887626e-08,0.009512481033559787,1.1747940770756237e-05,2.276257450023907e-09,0.0006105235626098492,1.004154034245694e-06,0.0022986261263743843,1.2056916566210084e-08,0.986564991592131,9.946455474555075e-06,4.047073086010552e-09,6.073040506906498e-07,4.5324832473964005e-06,2.4966730097703463e-09
9,1.786315220045461e-07,4.132324580976841e-08,0.0008184529789990494,1.459277330435992e-05,6.677569738004514e-07,7.173035343499102e-09,1.7930741869288332e-06,7.089585951464865e-06,3.2301723105700105e-08,6.284823029925588e-06,2.218102262589812e-07,2.5869382051536473e-08,0.008461142814101751,1.0682925157730497e-05,2.070646466576406e-09,0.0006227109131242083,8.570966851126783e-07,0.001989555675334052,1.1336381473681666e-08,0.988052279268724,8.810513708606383e-06,3.5436190878029306e-09,5.173244105530904e-07,4.0361141327098875e-06,2.302394056648843e-09
10,2.373257885863396e-07,4.535775866551225e-08,0.0008041372732551905,1.629575091514046e-05,8.081205372527751e-07,8.18938642041159e-09,2.5674253004551113e-06,9.10928319656232e-06,3.360632710159152e-08,5.619241101665791e-06,3.1733167380997656e-07,3.338665176266913e-08,0.010690924859325317,1.0788502096007296e-05,2.219369277499584e-09,0.0006256673919234595,9.75669957545357e-07,0.0026136469033415117,1.4480676361743186e-08,0.9852032515741438,1.1029377386191721e-05,4.561432158933335e-09,5.3237721797293e-07,3.947541022129476e-06,2.2502157309457072e-09
11,2.3805600011939848e-07,4.514515966411923e-08,0.0007951030273385135,1.6009294685094166e-05,8.003391691896408e-07,7.871594029636896e-09,2.557185468628168e-06,8.909219985629202e-06,3.3370087030107023e-08,5.432164977488973e-06,3.170087702518258e-07,3.356524981477395e-08,0.01103412326774236,1.0664734699716063e-05,2.1977907041459007e-09,0.0006098725860764801,9.486560632303709e-07,0.002528521231779908,1.422624309955692e-08,0.9849710379165099,1.0839134936475907e-05,4.628393176426277e-09,5.092718011991492e-07,3.973673080547181e-06,2.226397784674546e-09
12,1.688056020946555e-07,3.1382608606323764e-08,0.0006519003359073788,9.396125694242417e-06,8.599175521054888e-07,6.607434918509094e-09,1.914601054965495e-06,5.4332541341437025e-06,2.827919370772035e-08,4.084788956440649e-06,2.645206581749103e-07,2.5115973142594552e-08,0.007508188464543297,8.703560630303728e-06,1.679299666915267e-09,0.0004953237099517162,8.063052240124276e-07,0.001896980354680614,9.07623768912427e-09,0.9894020663635497,9.329355784405972e-06,3.1816436158839404e-09,4.694703347033476e-07,4.002594480857504e-06,2.148869590894374e-09
13,2.48945795749742e-07,4.611812938670167e-08,0.0008144665224819451,1.572241578176803e-05,8.387755139682088e-07,7.90187703032589e-09,2.6253132888145022e-06,9.45227544589222e-06,3.4194612440329963e-08,5.349500100583278e-06,3.539456778143632e-07,3.630026592659635e-08,0.011290824243021557,1.1598050237308094e-05,2.2794511547152244e-09,0.0005937002109751448,9.651607512851216e-07,0.002593480081492347,1.4512422363857475e-08,0.9846443272044819,1.1525771522262998e-05,4.990959493671213e-09,4.996798472350739e-07,3.873238218933402e-06,2.367647600319512e-09
14,8.732523694790529e-08,2.184796577146836e-08,0.000871679238507626,6.130310700084045e-06,2.3430024588444265e-07,5.726431082588902e-09,1.0386103224603322e-06,5.787393980898522e-06,2.5675827388391604e-08,6.707174980907731e-06,8.869977646294471e-08,1.755266489174737e-08,0.004307119355134965,9.018400631311087e-06,1.5530801218217062e-09,0.000604372109108719,4.098233077699123e-07,0.0009782233531860102,4.193993791680137e-09,0.9932036604285588,3.195539034437649e-06,1.9236364069267615e-09,2.763100038107329e-07,1.8908001430430057e-06,2.353540268273957e-09
15,2.373257885863396e-07,4.535775866551225e-08,0.0008041372732551905,1.629575091514046e-05,8.081205372527751e-07,8.18938642041159e-09,2.5674253004551113e-06,9.10928319656232e-06,3.360632710159152e-08,5.619241101665791e-06,3.1733167380997656e-07,3.338665176266913e-08,0.010690924859325317,1.0788502096007296e-05,2.219369277499584e-09,0.0006256673919234595,9.75669957545357e-07,0.0026136469033415117,1.4480676361743186e-08,0.9852032515741438,1.1029377386191721e-05,4.561432158933335e-09,5.3237721797293e-07,3.947541022129476e-06,2.2502157309457072e-09
16,2.5846968360190857e-07,4.815669771172887e-08,0.0007539569999757617,1.749893307321171e-05,8.327765340611208e-07,8.50761449811504e-09,2.800678447335446e-06,1.01408253202331e-05,3.434634080254976e-08,5.490161984651394e-06,3.5720472525395057e-07,3.670813902521443e-08,0.011708619561257778,1.1223178186961602e-05,2.4859059981549386e-09,0.0006289537269703627,9.877762080004682e-07,0.0028480853907029307,1.6603899132366946e-08,0.9839948324832032,1.1601736316419016e-05,5.397995105914525e-09,5.205413791252004e-07,3.6850904243622795e-06,2.2590145606715123e-09
17,2.6808567293654917e-07,4.5009700804993777e-08,0.0008026286698772585,1.614077029784446e-05,9.158466554466935e-07,7.585125207847315e-09,2.891775943127228e-06,8.952389135460142e-06,3.484506850022559e-08,4.8112608497293315e-06,3.535057042776852e-07,3.609523423770387e-08,0.011909766066470305,1.1170867761355324e-05,2.031522608422291e-09,0.0005620865597217142,9.820368538470224e-07,0.0028209916355676073,1.401264131903151e-08,0.9838409423617845,1.2147306757318497e-05,4.751287385224065e-09,5.360817157608503e-07,4.2682858312076275e-06,2.162820173770028e-09
18,2.3483376819787534e-07,4.5097720312528113e-08,0.0008017779557435714,1.603519319673203e-05,8.024639778784572e-07,8.155826796581496e-09,2.5724161884689572e-06,9.058866094656575e-06,3.359424413192333e-08,5.612134885603834e-06,3.155210215058584e-07,3.330045197304067e-08,0.01062194960404885,1.0818504139674785e-05,2.213412137664839e-09,0.0006268122398508398,9.72353321812778e-07,0.002604981094033758,1.4497938167390248e-08,0.9852823406640981,1.109256040617206e-05,4.542009684392597e-09,5.323620766659096e-07,3.947565443033291e-06,2.266101199741072e-09
19,2.0773115404681093e-07,4.784911548809784e-08,0.0007150864359990766,1.8354683841560585e-05,7.97054223853384e-07,8.551552358674064e-09,2.4140087931351493e-06,8.454552823480416e-06,3.467570303973736e-08,5.917175253552748e-06,2.751338999324519e-07,3.2658796164907993e-08,0.010134860844480603,1.008463444791488e-05,2.4658826268083018e-09,0.0006415523477897525,9.211160536118184e-07,0.002240308607579349,1.4108810146646342e-08,0.9862072559048007,8.900512909806339e-06,4.53704047764618e-09,5.182228861528633e-07,3.94395910116055e-06,2.2270617674574372e-09
20,2.310808834485155e-07,4.352028431619832e-08,0.0008652076700144403,1.5865709849317914e-05,8.179679445921534e-07,8.029945304608485e-09,2.531057264433186e-06,8.607381268493587e-06,3.072723238402539e-08,5.625458051101833e-06,2.9707462476279567e-07,3.250585394691479e-08,0.009715763198770324,1.0312301964373367e-05,2.019779210427288e-09,0.0006688027844323846,1.0864679493914457e-06,0.0026859731034084124,1.3356499356744594e-08,0.9860028374481825,1.118717708754636e-05,3.783470418984815e-09,5.894124670205002e-07,4.128513491131958e-06,2.24928113439242e-09
21,2.3944287290504234e-07,4.777623320341113e-08,0.0007798590893032618,1.7073592332600186e-05,8.895920612117129e-07,9.42842246377342e-09,2.74767783165314e-06,9.511309799038462e-06,3.77356017964024e-08,6.016049190070538e-06,3.4054160450444444e-07,3.388849745513414e-08,0.010591084239212858,1.1083932256499206e-05,2.4852530400892414e-09,0.0006209959135517985,9.84970727066716e-07,0.0026372299226249214,1.603124489810956e-08,0.9853059121356991,1.1346018307727897e-05,5.009681634042609e-09,5.58506461532715e-07,3.972339630383884e-06,2.3715984977266412e-09
22,2.362277612208809e-07,4.5325326386294896e-08,0.0008016282617575832,1.6278317252913683e-05,8.085640955304473e-07,8.176814526922184e-09,2.5704523238528493e-06,9.077681321467136e-06,3.368192220074484e-08,5.611232762530579e-06,3.164622330406178e-07,3.3346413108430516e-08,0.010682547470430022,1.0782437423689541e-05,2.2209657088444805e-09,0.0006246798986963016,9.716863745154374e-07,0.0026034345545515474,1.4473707576944414e-08,0.9852254239682754,1.1005234846975358e-05,4.5556183692231335e-09,5.313266125082594e-07,3.9521912931931605e-06,2.251219798226382e-09
23,2.373257885863396e-07,4.535775866551225e-08,0.0008041372732551905,1.629575091514046e-05,8.081205372527751e-07,8.18938642041159e-09,2.5674253004551113e-06,9.10928319656232e-06,3.360632710159152e-08,5.619241101665791e-06,3.1733167380997656e-07,3.338665176266913e-08,0.010690924859325317,1.0788502096007296e-05,2.219369277499584e-09,0.0006256673919234595,9.75669957545357e-07,0.0026136469033415117,1.4480676361743186e-08,0.9852032515741438,1.1029377386191721e-05,4.561432158933335e-09,5.3237721797293e-07,3.947541022129476e-06,2.2502157309457072e-09
24,2.434216709862445e-07,5.230379979649287e-08,0.0007601899383154033,2.0423625447755928e-05,8.531707398398659e-07,8.592842035650085e-09,2.6827075880335406e-06,9.576684595212297e-06,3.556920622254026e-08,6.031196682741507e-06,3.2114192660755956e-07,3.4513343159580345e-08,0.011431960702176017,1.1064303387456003e-05,2.4846215917529792e-09,0.0006540963961019074,1.0358260731158084e-06,0.002793433613930438,1.705691467159277e-08,0.9842922950468818,1.09870463582099e-05,4.984558105098311e-09,5.743541697363056e-07,4.073102826897516e-06,2.215842481798143e-09
25,2.412735867118517e-07,6.91869371999737e-08,0.001154897169178293,2.036446180562314e-05,7.119148676106721e-07,1.1339389267726526e-08,1.9090374855692423e-06,5.213767795747237e-06,5.072867211317062e-08,1.303263717254201e-05,2.0776762602283223e-07,2.2271480093316477e-08,0.01017714375717069,1.2878751659058147e-05,3.949867481870919e-09,0.0006765373303937258,1.0861267435955453e-06,0.00194413233936437,1.9369437745381986e-08,0.9859744030726393,1.0015133751760975e-05,4.2449460182548805e-09,8.332415039944234e-07,6.207712559131732e-06,3.413966389977334e-09
26,2.2382625028176354e-07,3.930205042418008e-08,0.0008503870793874052,1.4463184213295214e-05,7.970574972404148e-07,7.364032538342927e-09,2.0986944512979098e-06,6.912980323959146e-06,3.3115175741891094e-08,5.3611256460485344e-06,2.5851352441318127e-07,2.6585074011829523e-08,0.009218792319571456,1.00075294931054e-05,1.8029058681318752e-09,0.000562153937411724,9.170589516529184e-07,0.002443361692540023,1.1014307431622897e-08,0.9868690276231529,1.003499270099303e-05,3.423157368541492e-09,5.761508271811086e-07,4.5015782571094405e-06,2.0490967602477322e-09
27,2.273638525093625e-07,4.638112099489708e-08,0.0007160435295471913,1.7010762273071593e-05,8.075072054939028e-07,8.768260675920385e-09,2.438032267701033e-06,9.193741737111805e-06,3.7715977747224694e-08,5.818231844700406e-06,3.0905780898211615e-07,3.340236545501148e-08,0.010552958060964807,1.0813409020195515e-05,2.496322815064144e-09,0.0006002622754282668,8.557992490595934e-07,0.002415077169869111,1.4695484527276541e-08,0.985654292234375,9.471232775905521e-06,5.2274973175246195e-09,4.884849558847258e-07,3.7821357905170516e-06,2.284005127608535e-09
28,2.373257885863396e-07,4.535775866551225e-08,0.0008041372732551905,1.629575091514046e-05,8.081205372527751e-07,8.18938642041159e-09,2.5674253004551113e-06,9.10928319656232e-06,3.360632710159152e-08,5.619241101665791e-06,3.1733167380997656e-07,3.338665176266913e-08,0.010690924859325317,1.0788502096007296e-05,2.219369277499584e-09,0.0006256673919234595,9.75669957545357e-07,0.0026136469033415117,1.4480676361743186e-08,0.9852032515741438,1.1029377386191721e-05,4.561432158933335e-09,5.3237721797293e-07,3.947541022129476e-06,2.2502157309457072e-09
29,2.373257885863396e-07,4.535775866551225e-08,0.0008041372732551905,1.629575091514046e-05,8.081205372527751e-07,8.18938642041159e-09,2.5674253004551113e-06,9.10928319656232e-06,3.360632710159152e-08,5.619241101665791e-06,3.1733167380997656e-07,3.338665176266913e-08,0.010690924859325317,1.0788502096007296e-05,2.219369277499584e-09,0.0006256673919234595,9.75669957545357e-07,0.0026136469033415117,1.4480676361743186e-08,0.9852032515741438,1.1029377386191721e-05,4.561432158933335e-09,5.3237721797293e-07,3.947541022129476e-06,2.2502157309457072e-09
30,2.373257885863396e-07,4.535775866551225e-08,0.0008041372732551905,1.629575091514046e-05,8.081205372527751e-07,8.18938642041159e-09,2.5674253004551113e-06,9.10928319656232e-06,3.360632710159152e-08,5.619241101665791e-06,3.1733167380997656e-07,3.338665176266913e-08,0.010690924859325317,1.0788502096007296e-05,2.219369277499584e-09,0.0006256673919234595,9.75669957545357e-07,0.0026136469033415117,1.4480676361743186e-08,0.9852032515741438,1.1029377386191721e-05,4.561432158933335e-09,5.3237721797293e-07,3.947541022129476e-06,2.2502157309457072e-09
31,2.802808674277898e-07,4.6281547469994755e-08,0.0009606315695627621,1.626350540850533e-05,7.643386239596199e-07,8.307259159040742e-09,2.6612291630693327e-06,1.0771039698195166e-05,3.186533289267169e-08,5.842356608865032e-06,3.369668170977213e-07,3.5137010879059854e-08,0.011472495228910872,1.101885264383179e-05,2.0424814903283295e-09,0.0006636054847368528,1.0741076108332823e-06,0.002869842840680778,1.4265363502879069e-08,0.9839677631368051,1.2133063130031644e-05,4.6711175850076884e-09,5.449603736434872e-07,3.826235511238517e-06,2.2327339494329144e-09
32,2.3161029642947292e-07,4.579108902373925e-08,0.0007799456420713714,1.6518878620000794e-05,8.131841149060557e-07,8.237304016420975e-09,2.5885253434939803e-06,9.030348376522154e-06,3.389732088692976e-08,5.66208183936408e-06,3.1440719136086123e-07,3.307664608224073e-08,0.010645554517310111,1.0645519516806636e-05,2.295450189373972e-09,0.0006383015447245736,9.783357675925333e-07,0.002597115121353117,1.522879252981616e-08,0.9852765259999064,1.108704673777195e-05,4.612764567399335e-09,5.369029675289919e-07,4.004923492368516e-06,2.271003055377718e-09
33,2.3034257716322565e-07,4.463206561778791e-08,0.000808278934047675,1.570993244530011e-05,8.015478031637221e-07,8.190229045355902e-09,2.4903631171019123e-06,8.81988552881921e-06,3.403416899392118e-08,5.71346619856572e-06,3.082597232025277e-07,3.239082672802497e-08,0.010320064828861697,1.084867442701276e-05,2.2152646751152216e-09,0.0006201502998763913,9.539794501502724e-07,0.0025380212924973025,1.410190281027381e-08,0.9856521022346993,1.0879706916184885e-05,4.442798371624401e-09,5.314673245441835e-07,3.952491248731859e-06,2.2860013934644247e-09
34,1.613782661257768e-07,4.077797219839263e-08,0.0006659624069630908,1.4797881415317045e-05,6.995748666535639e-07,8.215605133262832e-09,2.275160277179846e-06,8.244639701030228e-06,3.067692998766051e-08,5.689287524709711e-06,2.436386034495623e-07,3.040464343491853e-08,0.00813533650799985,9.807237110868999e-06,2.1672419660477686e-09,0.0006902237897256831,9.046141534030047e-07,0.0021376879483371554,1.284201793747951e-08,0.988314746926616,8.978031470138313e-06,3.787760918704986e-09,5.211472518192369e-07,3.5886800692174597e-06,2.2774767490236416e-09
35,3.83386281703706e-07,4.8592406874291215e-08,0.0009529124111893273,1.9924122526642726e-05,8.626425773384498e-07,1.1829988442171026e-08,3.4549353829215235e-06,1.5375381636659074e-05,4.068581221168672e-08,6.812886857495945e-06,4.3672840174768915e-07,4.1368339148766424e-08,0.012938782057310342,1.168306826642874e-05,2.37538473609717e-09,0.0007348856538989255,1.1774965212178854e-06,0.0044128815517768955,2.0557721565717333e-08,0.9808815874151638,1.4198104207345671e-05,6.5185308994602734e-09,6.324829660628359e-07,3.835532628148006e-06,2.2142230807041916e-09
36,1.823376893933959e-07,4.000843517055136e-08,0.0006541712204171731,1.605658957817623e-05,5.483003422661231e-07,7.365583932072181e-09,2.0924820926861434e-06,9.493002510843903e-06,2.7092446512787984e-08,5.6826156954076485e-06,2.4069120792934523e-07,2.983369123346587e-08,0.009812894336018235,9.220875209403689e-06,2.1686862568986523e-09,0.0006900858644601526,8.476049311483164e-07,0.002277294484539432,1.3587898991723519e-08,0.986509884079526,7.8494819644048e-06,4.430679987080132e-09,4.2607058454498984e-07,2.903582649061476e-06,1.8931616224595474e-09
37,2.8632084243405724e-07,4.43646740650822e-08,0.0009165700705410334,1.5714589811886247e-05,8.71381431345872e-07,7.242463325530643e-09,2.7855239340763427e-06,8.650591064522128e-06,3.500433921938068e-08,5.036894843688186e-06,3.3437192473699176e-07,3.484097038441354e-08,0.011994887024612984,1.1531083348420447e-05,1.899061714218011e-09,0.0005605759788631732,9.742132591961352e-07,0.0029175017607000267,1.3027083121049738e-08,0.9835470203591428,1.2136948464852222e-05,4.367594658517436e-09,5.451332948454233e-07,4.434829005692018e-06,2.1787279378009953e-09
38,2.444649521172377e-07,4.7700204367930045e-08,0.0008210497732250604,1.6865626424563482e-05,8.840858968333442e-07,8.242420110735688e-09,2.607581951034036e-06,9.172390528731408e-06,3.620525460097795e-08,5.6935316777072024e-06,3.367071344366888e-07,3.478679466678822e-08,0.010874645636848831,1.1627371666266217e-05,2.3207729396765653e-09,0.0006042874941625205,9.858057197469817e-07,0.0026101937675470062,1.4788364082288051e-08,0.9850251691224091,1.143062046331879e-05,4.79122267157387e-09,5.415121281928556e-07,4.113292656069046e-06,2.379574892439707e-09
39,2.3294008015834457e-07,5.239409979529531e-08,0.0007941919025911996,1.8094058286345592e-05,9.360129268224537e-07,6.986025522287597e-09,2.0633063587452473e-06,5.755352033664417e-06,3.937855589298844e-08,6.006067124346399e-06,2.902832896890112e-07,2.7685446557835182e-08,0.011167086059555116,1.211183540190633e-05,2.442680012851529e-09,0.00048394815255421036,8.972177237177172e-07,0.0023433362311990184,1.3982008794465156e-08,0.9851496402594672,9.826285042940562e-06,4.215724904411249e-09,5.607685658961102e-07,4.873886591073456e-06,2.2966664811943683e-09
40,2.50747357495406e-07,4.5751012305720006e-08,0.000849287148869005,1.57698618024618e-05,8.184549539173892e-07,8.053671200111779e-09,2.5612587917454403e-06,8.976937226146843e-06,3.363118641855158e-08,5.5059824640684e-06,3.286955002877846e-07,3.4747848394943795e-08,0.010982807124188216,1.1101216181255081e-05,2.2082534623682133e-09,0.000602932475065717,9.838003412277778e-07,0.002538331132526398,1.3650462735312157e-08,0.9849646357305041,1.1046978173630715e-05,4.627924979612989e-09,5.221602996996077e-07,3.995303595738478e-06,2.3217995157521537e-09
41,2.4934152163823143e-07,5.000791216950628e-08,0.0007763113260476302,2.137051552977599e-05,9.073610233191256e-07,9.352935794496624e-09,2.240821642485036e-06,9.084627926517611e-06,3.601759711214754e-08,6.226710670385632e-06,3.083595672779639e-07,3.331636743100739e-08,0.01040604863291729,9.940178035129541e-06,2.7623580535340524e-09,0.0006317022176348232,9.459396087211338e-07,0.002390062494429315,1.4010371728627544e-08,0.9857317761352206,8.29727682957102e-06,4.857085514024697e-09,5.129335527833449e-07,3.862621427783564e-06,2.181787344250096e-09
42,2.827568686579735e-07,4.7989769230067526e-08,0.0009769278941142313,1.6392147835432113e-05,9.820345180396805e-07,8.035830165575081e-09,2.975418948396427e-06,8.535901412182168e-06,3.9541775497751846e-08,5.60203257698023e-06,3.4875935385876546e-07,3.4794489261812564e-08,0.01097989642569022,1.3561116083745597e-05,1.9895958062625325e-09,0.0005600775079904879,1.0568346377873059e-06,0.0032667508753181414,1.3880901957156363e-08,0.9841467002444036,1.4355923308894626e-05,4.0378593044245305e-09,6.783847225848068e-07,4.7230683325046525e-06,2.403663210451817e-09
43,2.5507778696306666e-07,4.6706605557317476e-08,0.0008373034770584844,1.6932259243170377e-05,8.471938080519987e-07,7.533941334038149e-09,2.6930450072977e-06,9.03122041134502e-06,3.274257191785405e-08,5.184511019070197e-06,3.3410890294388657e-07,3.5881025314474786e-08,0.011439344143653388,1.1112815190884058e-05,2.1322958781602622e-09,0.0006040521264162306,1.0142545059743556e-06,0.002713758428598472,1.399556668111386e-08,0.984342081810127,1.1296188421499374e-05,4.493716290459828e-09,5.322095012520997e-07,4.081415133936442e-06,2.2294909813668367e-09
44,2.373257885863396e-07,4.535775866551225e-08,0.0008041372732551905,1.629575091514046e-05,8.081205372527751e-07,8.18938642041159e-09,2.5674253004551113e-06,9.10928319656232e-06,3.360632710159152e-08,5.619241101665791e-06,3.1733167380997656e-07,3.338665176266913e-08,0.010690924859325317,1.0788502096007296e-05,2.219369277499584e-09,0.0006256673919234595,9.75669957545357e-07,0.0026136469033415117,1.4480676361743186e-08,0.9852032515741438,1.1029377386191721e-05,4.561432158933335e-09,5.3237721797293e-07,3.947541022129476e-06,2.2502157309457072e-09
45,2.2540365032579952e-07,4.53881595166452e-08,0.000735769708258543,1.7460301552361653e-05,8.087490234396155e-07,8.52337599488912e-09,2.673709788556505e-06,9.657820466455903e-06,3.449437011948552e-08,5.621720687154297e-06,3.1074975397137506e-07,3.399345179490756e-08,0.010817544159476517,1.0092337418363768e-05,2.367910004753694e-09,0.0006430991710979981,9.092975346920754e-07,0.0025101335571931136,1.5120540580141103e-08,0.9852313713679459,9.953131168173732e-06,4.800944025601861e-09,4.9022197057621e-07,3.731744541131987e-06,2.159720655372718e-09
46,3.0583725073550393e-07,5.7204451252924464e-08,0.0008127335051846637,2.3200305849927607e-05,8.859011061831469e-07,9.652646145087892e-09,2.858442805834284e-06,1.1327904756592156e-05,2.8518303716777635e-08,5.686054401144353e-06,3.841273399051141e-07,4.394647958051874e-08,0.01262774861288574,9.573151427374481e-06,2.637182778318865e-09,0.0007344016089141646,1.3769834029623148e-06,0.002832085388998151,1.6564268914276783e-08,0.9829226510167345,1.0220576679354536e-05,5.63667825812799e-09,5.81713874693416e-07,3.81249423104058e-06,2.214146416144714e-09
47,2.3623814056398546e-07,4.5078467418106966e-08,0.0008163959028436145,1.635720449072601e-05,8.196322108324637e-07,8.242243931108622e-09,2.554799871125031e-06,9.071471113638794e-06,3.4138620840273495e-08,5.708670853430394e-06,3.1648182789802004e-07,3.293814389797411e-08,0.010472116018781709,1.1026946695082626e-05,2.223085736230724e-09,0.0006273099441214752,9.861898303145213e-07,0.0026546538005373047,1.4549963607970444e-08,0.9853664386938822,1.1305501503192204e-05,4.475518968681205e-09,5.497005517880951e-07,4.0088793093308545e-06,2.2773916038274873e-09
48,3.160381452846641e-07,6.4317271714454e-08,0.0008493366105333436,2.5331283745472653e-05,8.443861269121908e-07,1.1179418741177777e-08,3.275360287009459e-06,1.354490571199875e-05,3.6149189814210856e-08,7.359941596032472e-06,3.831450910103286e-07,4.076752941995294e-08,0.013481979401414925,1.136584724122472e-05,2.9438308524763075e-09,0.0007876903794897972,1.3305038591251954e-06,0.0033962234077264336,2.3042379345701817e-08,0.9814036191722793,1.277168835383056e-05,6.544889542582921e-09,6.590169718803086e-07,3.781650105119541e-06,2.316811892794949e-09
49,2.2832381697881922e-07,4.163997205884537e-08,0.0007975547333760412,1.4954277462168527e-05,7.31832022480365e-07,8.11288514677869e-09,2.33048815625891e-06,8.668195682787261e-06,3.119084335676279e-08,5.3249213724786105e-06,2.940150085866314e-07,3.211880254015801e-08,0.01007925406100553,9.985106115910401e-06,2.026354921500172e-09,0.000597765630860882,9.14355300873891e-07,0.0023807558917627943,1.186434528003245e-08,0.9860873961120508,9.524265522281815e-06,4.241039505011418e-09,4.960157396808553e-07,3.68847483789118e-06,2.1056625341701486e-09
50,2.3987992587940305e-07,4.2931927843426906e-08,0.0008264838398972728,1.6182456822899416e-05,8.31143033815354e-07,7.843303034041727e-09,2.3023157531786005e-06,8.211693495966644e-06,3.051860568144497e-08,5.1960076192482074e-06,3.1352359961300065e-07,3.269847650775197e-08,0.009860712592518205,1.0308569797850303e-05,2.1253944771779343e-09,0.0006140172096263637,1.0527654682569788e-06,0.0025702916311996006,1.2657035945389503e-08,0.9860684495333992,1.0564191468558997e-05,4.022414823772514e-09,5.67732893788087e-07,4.139904124429078e-06,2.2121974986914974e-09
51,1.4010993615551264e-07,1.527539003142425e-08,0.0008894070637628532,3.814716109169329e-06,8.13368702942793e-07,4.77646406690863e-09,2.4250423713183774e-06,3.846527213142332e-06,1.985765394131634e-08,3.0351967757773755e-06,2.5069437170628043e-07,1.842264753027277e-08,0.00563653785173319,7.513578557143849e-06,8.436593163160088e-10,0.0005076406757196666,9.291118216139675e-07,0.0023345619677380604,7.240580711573308e-09,0.9905867996930028,1.7015455784666023e-05,1.4196533396068828e-09,5.419896800903009e-07,4.657026720687347e-06,2.09395009129678e-09
52,2.9676066201191837e-07,6.517658895644852e-08,0.001168698932527293,1.499396985307271e-05,1.7316132008826756e-06,6.008961053008644e-09,5.1844972280105335e-06,8.136506424613062e-06,3.348642543356379e-08,3.4134098172698958e-06,5.273073774498132e-07,6.551100591248496e-08,0.013781936172384074,1.5158555201677479e-05,1.995869698323324e-09,0.0005515496552931143,1.6258799400955263e-06,0.002159865372977332,1.2419194926131932e-08,0.9822579811614744,2.1124495804978524e-05,4.127732413310339e-09,6.860534351517651e-07,6.896976961621584e-06,3.9536581833562075e-09
53,2.1530102820722878e-07,4.14474058148224e-08,0.0007598023482079819,1.4902608837590631e-05,7.980456584934675e-07,8.11200297716786e-09,2.9873609397576056e-06,9.357447520258717e-06,3.359028783714738e-08,4.959536083709373e-06,3.0503195528630537e-07,3.5418277093641774e-08,0.010022279209608539,1.071650157494243e-05,2.049203163552113e-09,0.0006183204584802338,9.293531014876364e-07,0.0025544490844083907,1.313073353709046e-08,0.9859846309459966,1.092536065107494e-05,4.213841583910275e-09,5.306599675140962e-07,3.7505320383303825e-06,2.2521893884729194e-09
54,1.5819985932633455e-07,4.3039100701627286e-08,0.0007103688826468574,1.3003066614470281e-05,6.564829410766292e-07,7.221413204554684e-09,2.0872603756728943e-06,7.5254927049779715e-06,3.219319114801058e-08,6.086996712734162e-06,2.3523660033839806e-07,2.939181196442372e-08,0.008690029046753513,1.0442015140096895e-05,2.363962946152382e-09,0.0006555808978654812,7.848334243724406e-07,0.0018155395452895047,1.2981674051747897e-08,0.9880748944756452,8.532274473991186e-06,4.015482105717063e-09,4.290969933250983e-07,3.512441465773894e-06,2.5478572457441196e-09
55,2.405503840036816e-07,4.317884128963888e-08,0.0007489141259842656,1.643866344189253e-05,8.740841894348262e-07,7.281438361027807e-09,2.967721888035459e-06,8.61934039472372e-06,3.290791178517216e-08,4.491632875656971e-06,3.1745449172836597e-07,3.742099393359896e-08,0.011443354171394405,9.870874582735592e-06,1.972190772425397e-09,0.0005915329164123416,9.126959872826275e-07,0.0026123700081182133,1.2876661594942614e-08,0.9845440990319825,1.0148703602626064e-05,4.25685900147802e-09,4.894097055061919e-07,4.216648772084596e-06,2.0708957207535027e-09
56,2.417911166824229e-07,4.566741508642136e-08,0.0008039998021491133,1.6282108709350177e-05,8.061468327384286e-07,8.125713931633877e-09,2.595969660187677e-06,9.133954464574371e-06,3.3767149962846205e-08,5.5555944509006465e-06,3.2120564527940947e-07,3.384292767282456e-08,0.010973341944142425,1.0807492903617719e-05,2.2166127785766445e-09,0.0006187097059743338,9.69043885354462e-07,0.0026128986600828,1.4525167116999766e-08,0.9849286557941357,1.1043972447419843e-05,4.66242122000759e-09,5.249613622693785e-07,3.966799592621939e-06,2.2450367746377285e-09
57,3.572100778759781e-07,4.7537427090229256e-08,0.001093903437133942,2.2150023586792987e-05,1.036310297267948e-06,1.6063694627479118e-08,2.6385772255786276e-06,1.2241556906421825e-05,4.660631943409697e-08,7.569582655516193e-06,3.9293474872267933e-07,3.754598757779882e-08,0.008264766280089425,1.4315301529228648e-05,2.53268064456811e-09,0.0006064602183449264,1.2944009747813269e-06,0.0038922313113097357,1.2043628162877364e-08,0.9860641159160544,1.1465506408051379e-05,4.810440478956104e-09,9.541984041794645e-07,3.937529724961392e-06,2.564350021455596e-09
58,2.2080046951140035e-07,4.3792443652370136e-08,0.0007562461220264849,1.539559353697295e-05,8.155628793504167e-07,7.666576987005311e-09,2.4937566697920237e-06,8.127892123334272e-06,3.3958140623229886e-08,5.28143424599703e-06,2.996290576506888e-07,3.2040780385915296e-08,0.01050072153106729,1.0361649875584803e-05,2.1657822170413382e-09,0.0005969786912006211,9.062884257482533e-07,0.002401015069671274,1.3794390728976562e-08,0.9856858471756077,1.0489906688482385e-05,4.374392461827474e-09,5.082531978021601e-07,4.150624561716219e-06,2.2261874771216175e-09
59,2.1994684632659987e-07,4.293081676491105e-08,0.0007934962393803595,1.4922144009600906e-05,7.89665775097026e-07,7.640476580960912e-09,2.3823132006166845e-06,8.101488971116063e-06,3.3134106926927866e-08,5.432724870394886e-06,2.919241221306321e-07,3.1246008478811886e-08,0.01015794192150582,1.0500533382483935e-05,2.0892241346339534e-09,0.0006045847696464154,9.181731053184872e-07,0.0023966535790755305,1.3172252658827803e-08,0.9859884181696943,1.0570503116585682e-05,4.190693058522898e-09,5.159455902879225e-07,4.12331061290217e-06,2.243516221769174e-09
60,2.373257885863396e-07,4.535775866551225e-08,0.0008041372732551905,1.629575091514046e-05,8.081205372527751e-07,8.18938642041159e-09,2.5674253004551113e-06,9.10928319656232e-06,3.360632710159152e-08,5.619241101665791e-06,3.1733167380997656e-07,3.338665176266913e-08,0.010690924859325317,1.0788502096007296e-05,2.219369277499584e-09,0.0006256673919234595,9.75669957545357e-07,0.0026136469033415117,1.4480676361743186e-08,0.9852032515741438,1.1029377386191721e-05,4.561432158933335e-09,5.3237721797293e-07,3.947541022129476e-06,2.2502157309457072e-09
61,2.311242570904649e-07,4.3732357304214856e-08,0.0008262183672694468,1.5113370358124471e-05,8.269923631334008e-07,7.854135396709509e-09,2.4760761412418864e-06,8.389400006283961e-06,3.4551741397410624e-08,5.504841056924076e-06,3.060173116050677e-07,3.2330044074517895e-08,0.010300288484184622,1.091440575245542e-05,2.1212547806979023e-09,0.0006028923369876809,9.443434761483435e-07,0.0024706243243970668,1.3426943238616699e-08,0.9857392964223182,1.1075491075052667e-05,4.305758005117298e-09,5.322646310218302e-07,4.2250983497705385e-06,2.3178296787673126e-09
62,2.373257885863396e-07,4.535775866551225e-08,0.0008041372732551905,1.629575091514046e-05,8.081205372527751e-07,8.18938642041159e-09,2.5674253004551113e-06,9.10928319656232e-06,3.360632710159152e-08,5.619241101665791e-06,3.1733167380997656e-07,3.338665176266913e-08,0.010690924859325317,1.0788502096007296e-05,2.219369277499584e-09,0.0006256673919234595,9.75669957545357e-07,0.0026136469033415117,1.4480676361743186e-08,0.9852032515741438,1.1029377386191721e-05,4.561432158933335e-09,5.3237721797293e-07,3.947541022129476e-06,2.2502157309457072e-09
63,2.376687538587557e-07,4.741947137509752e-08,0.0007949119531093159,1.6738041173296778e-05,8.213970135372817e-07,8.3404374963342e-09,2.607137161971758e-06,9.189107219965187e-06,3.418372284302809e-08,5.7221851830151e-06,3.220997554712893e-07,3.4208948365389766e-08,0.010825681080344277,1.0875951127702026e-05,2.314947584090702e-09,0.0006358453828821251,9.965805650042979e-07,0.0025933362355171656,1.516987989943019e-08,0.985086893130207,1.1122637025763663e-05,4.724703367212827e-09,5.394726915213701e-07,4.011265464163241e-06,2.3126938731633726e-09
64,2.40456842438901e-07,4.504482272745165e-08,0.0008398217922957365,1.5263706541007052e-05,8.345182997874153e-07,7.9340457962088e-09,2.6693053937400146e-06,8.918218984703348e-06,3.3912465943799605e-08,5.5361979707680646e-06,3.271894046469026e-07,3.3397377953103484e-08,0.010773391505853538,1.1258743817373618e-05,2.143129528664501e-09,0.000621446347720612,1.0094725135500039e-06,0.00266548918048623,1.4793789341872308e-08,0.9850365062071973,1.2409282338679172e-05,4.476797161083168e-09,5.544212288521309e-07,4.17939941644868e-06,2.3512661451044415e-09
65,6.30660465363342e-08,2.4398414553985826e-08,0.0007069687048247811,3.945641379836422e-06,3.0460575445642765e-07,2.185366348195683e-09,7.693492017898211e-07,2.2097522530236245e-06,4.269111995236323e-08,5.488410543574345e-06,6.729047351580312e-08,1.1843533935840007e-08,0.006289515569909755,1.4284756275607742e-05,1.0733523070293485e-09,0.0002852649679370288,1.9132760326248394e-07,0.0005976510822337753,3.6142290893233755e-09,0.9920854501761571,4.037035666366516e-06,1.9849832161752936e-09,1.761442737365979e-07,3.5219449389672547e-06,2.3835275492372795e-09
66,3.9520553962920796e-07,1.7761586434128194e-07,0.0009002709119993285,7.559839468055715e-05,2.6376169439292977e-06,5.715848330446709e-08,5.952787262104101e-06,1.81763827182768e-05,1.3107474929664943e-07,2.171078967619683e-05,6.659882878911939e-07,7.112275973361749e-08,0.007463150162910322,2.81172314973262e-05,1.4113589915348581e-08,0.0015042823307033543,4.469195393896441e-06,0.006544677452726234,1.0065731506956994e-07,0.9833791726379942,3.3954254291710505e-05,1.1947432363555481e-08,5.01142994956636e-06,1.1184415193149923e-05,9.122038046345008e-09
67,1.0049140079430365e-06,2.5841399597770566e-07,0.0009229840355151845,8.806925893387304e-05,5.692026946215468e-06,6.13229280984431e-08,2.2675859964372718e-05,7.384987892876728e-05,2.778117834653736e-07,1.5080244416545954e-05,2.963108205447461e-06,3.2000269457474355e-07,0.031335011636359544,3.429325248984144e-05,2.3111554932308365e-08,0.0010437881875366972,2.183708856564912e-06,0.006007562194298188,1.6941926795126756e-07,0.9604066827882128,2.9341657819467137e-05,7.117067721930653e-08,8.598364626891202e-07,6.765332795516504e-06,1.0825348202533005e-08
68,2.0566844631854843e-06,1.845933214751823e-07,0.001407396209689903,8.912996823938451e-05,2.130828057665946e-06,5.276862590702143e-08,1.340184989986473e-05,0.0001313372264475661,5.486067397270206e-08,1.5207725976346034e-05,2.908764268222734e-06,1.2404671750048567e-07,0.03739885158874675,1.4260403174560902e-05,1.0078357802627952e-08,0.00203228409182097,5.922036244316405e-06,0.01929273722147942,2.646087052692852e-07,0.9395144384152806,7.189268507871549e-05,4.352513915436106e-08,1.5778832038390295e-06,3.7284203514866594e-06,3.5160359719356773e-09
69,1.2477490178967895e-06,2.8325950378059037e-07,0.001128976174038551,0.0001509523692713304,4.973325009236094e-06,3.314220631219129e-08,9.545089806176861e-06,2.7378838521031653e-05,7.98442048324429e-08,1.0908597873563804e-05,1.8162476852660155e-06,1.5194127788398036e-07,0.03168939750270161,1.629764591994599e-05,1.42981431611383e-08,0.0010740213657761198,4.651131399102205e-06,0.006245769822416207,1.0100476885954856e-07,0.9595979665676783,2.449563122730941e-05,2.4315877510957903e-08,1.5512609106414032e-06,9.357750678729083e-06,5.124086466201419e-09
70,2.445929163658896e-07,4.685616650882599e-08,0.0008192024075370638,1.8193080596991463e-05,8.531438118525087e-07,7.84152051649122e-09,2.5135944862182356e-06,8.70035604017276e-06,3.5642902444705346e-08,5.379999633702948e-06,3.073871541108887e-07,3.318103417429847e-08,0.0111425632156226,1.1145433209065667e-05,2.2129604935470577e-09,0.0005540978972980211,9.009676965943925e-07,0.002436636007788325,1.2557613716892434e-08,0.9849849301582843,9.745770350402057e-06,4.475997560219406e-09,5.126283524719249e-07,3.928462660877999e-06,2.128365434231386e-09
71,2.2329039054971625e-06,2.0396363604618721e-07,0.002360096254506662,0.00012495465581727747,1.730601591032843e-06,4.369989444894667e-08,5.063317404864353e-06,4.2675672068779196e-05,5.3171061046140654e-08,1.745925320382849e-05,1.6473701799671825e-06,1.23785812509467e-07,0.03160483262421329,1.7946629973667322e-05,1.0519822182315097e-08,0.001167076686111867,5.352246550852962e-06,0.008611238756819904,6.102188641678212e-08,0.9560097499595672,2.0404916775091904e-05,2.4567411140761993e-08,1.579448545369351e-06,5.433875795780781e-06,4.097445182844816e-09
