,0,1,2,3,4,5,6,7,8,9,10,11,12,13,14,15,16,17,18,19,20,21,22,23,24
0,4.0073791425133345e-07,5.3579842835682676e-08,0.002388615404691752,2.429382813658698e-05,4.051566204254467e-07,3.3859485810177576e-08,2.4714003210434684e-06,1.1745614766408412e-05,4.0105038217164e-08,2.6428941560275858e-05,2.2267871990184193e-07,1.5782545391586836e-08,0.006060100513958722,1.3400824470987364e-05,1.499839870611817e-09,0.0010013902128228082,2.3360129173097e-06,0.010997539180017649,1.8121431649203885e-08,0.979447508701351,1.625449588364814e-05,1.913754607672617e-09,2.9704879157145253e-06,3.7490592148983605e-06,1.8867780757179615e-09
1,5.36796912617517e-07,8.393743548104733e-08,0.002521641194492785,5.721209232870785e-05,5.362204863647415e-07,1.9049941386592696e-08,3.129555525850916e-06,1.5896760719937833e-05,1.8152084283865016e-08,1.8084508492384922e-05,2.4817299924889365e-07,2.6863534345027157e-08,0.01090884298025948,7.867939503200654e-06,1.1532920164818352e-09,0.001394203494661326,3.689817549862176e-06,0.01165215223634698,1.659141447174081e-08,0.9733998960846957,1.0776290350754163e-05,1.5870775611945482e-09,1.940964467164591e-06,3.1764783338728455e-06,1.0770943584693484e-09
2,9.545543329706604e-07,1.173732087698169e-07,0.003263643091380404,8.922023820218733e-05,7.363316618442168e-07,2.5781783317590913e-08,4.623888326671603e-06,2.1198431227108373e-05,2.0913135182515013e-08,2.041475231767714e-05,3.76500277825559e-07,3.494747144413515e-08,0.015168888660576753,8.715887350183251e-06,1.28479756719133e-09,0.0014496231263056742,5.490543952222998e-06,0.018701643383006304,2.3073924289445598e-08,0.9612427328659495,1.4954092048154537e-05,1.990748725562363e-09,2.780792495071623e-06,3.7764235869008722e-06,1.0719333867866842e-09
3,6.540597618747841e-07,9.391119250931172e-08,0.002582141911550516,6.605794257051913e-05,6.377952536997223e-07,2.1184590250575443e-08,3.6215332164361743e-06,1.7499609825324088e-05,1.9554129146387684e-08,1.7365000329488018e-05,3.058991184197566e-07,3.125712311665585e-08,0.012066581748871092,8.52498068335955e-06,1.2506563323754955e-09,0.0013287554747277075,4.18678192554434e-06,0.013407050936503068,1.801257292219448e-08,0.970478858501002,1.2057135949202118e-05,1.8278862929809054e-09,2.190532071396443e-06,3.3220466737785464e-06,1.1118160874921813e-09
4,6.6722641597801e-07,9.506327539408748e-08,0.002579126236595283,6.471218246065055e-05,6.364228800774834e-07,1.987450518026868e-08,3.653568791673033e-06,1.699715958165824e-05,1.9769228921676256e-08,1.6634183178277716e-05,3.097400266874057e-07,3.177068115083326e-08,0.012810627049012514,8.684802924324986e-06,1.2247263923114983e-09,0.0012642589445202097,4.033762112403035e-06,0.013072948945323955,1.773051903937583e-08,0.9701389393952705,1.2100608736261918e-05,1.8812011708985056e-09,2.086760161108418e-06,3.3945895882469525e-06,1.108283080016239e-09
5,9.470368422757603e-07,1.3407539340725427e-07,0.004771336580705824,5.4102730577119036e-05,5.768983534855952e-07,2.9602028827045135e-08,6.325785218431383e-06,4.728391779327531e-05,2.3034866696170673e-08,2.55415131835851e-05,5.817624605650038e-07,6.934948522083304e-08,0.018058721083676784,1.4598945894231139e-05,1.959397495494226e-09,0.0018794496908629316,5.443000335245225e-06,0.01107534461631116,2.7121553270434875e-08,0.9640337025115465,2.1386936539609727e-05,4.19419537373432e-09,1.6564532244960834e-06,2.708667756064798e-06,2.5317980059137397e-09
6,6.540597618747841e-07,9.391119250931172e-08,0.002582141911550516,6.605794257051913e-05,6.377952536997223e-07,2.1184590250575443e-08,3.6215332164361743e-06,1.7499609825324088e-05,1.9554129146387684e-08,1.7365000329488018e-05,3.058991184197566e-07,3.125712311665585e-08,0.012066581748871092,8.52498068335955e-06,1.2506563323754955e-09,0.0013287554747277075,4.18678192554434e-06,0.013407050936503068,1.801257292219448e-08,0.970478858501002,1.2057135949202118e-05,1.8278862929809054e-09,2.190532071396443e-06,3.3220466737785464e-06,1.1118160874921813e-09
7,2.544827436708997e-07,1.0688958250767754e-07,0.0018568520062560382,7.284460526611972e-05,9.696581642859626e-07,4.4522323998183694e-08,3.931059039423032e-06,1.7518560559204673e-05,3.4655994704846556e-08,3.279908077880147e-05,2.238503310921496e-07,2.9735904781387912e-08,0.003904813088308313,1.3830777584044757e-05,2.1761431254840376e-09,0.002309237003465892,6.707584160023773e-06,0.013253600926735363,3.0466712703421236e-08,0.9784972302483897,1.76893325114946e-05,1.4321300184611293e-09,6.597482376490223e-06,4.647789382139868e-06,2.5851561675265433e-09
8,6.567063485635594e-07,9.984693528650835e-08,0.0030374677994838262,6.907039362580924e-05,6.25194393592414e-07,2.208938995444423e-08,2.8451754615955007e-06,1.519565568247342e-05,2.131431595625628e-08,2.1130468348600587e-05,2.5950282302900213e-07,2.784599134739035e-08,0.010786237077965303,9.134685287380462e-06,1.2962759365467822e-09,0.0013048701926563339,4.221162687764803e-06,0.01171459114782876,1.5242457645223326e-08,0.9730168992902138,1.0496148637560297e-05,1.6590057757478804e-09,2.4127332538387642e-06,3.696149990821193e-06,1.220938975775292e-09
9,4.781952701641256e-07,8.375826819464242e-08,0.0026433635942423317,5.651476723370576e-05,5.010289623324538e-07,1.8605220270054513e-08,2.421113137071594e-06,1.3498808240409886e-05,1.8953004564646505e-08,2.0240067222066092e-05,2.0519946485738843e-07,2.3277505540996247e-08,0.009385015806643757,8.358233608416081e-06,1.1543056724643622e-09,0.0013242586585305901,3.4852775755689156e-06,0.009922223751854753,1.380939556318468e-08,0.9766047484050685,9.208416119064145e-06,1.4109468085606607e-09,2.026049523709853e-06,3.2905270964215794e-06,1.1315595811150357e-09
10,6.540597618747841e-07,9.391119250931172e-08,0.002582141911550516,6.605794257051913e-05,6.377952536997223e-07,2.1184590250575443e-08,3.6215332164361743e-06,1.7499609825324088e-05,1.9554129146387684e-08,1.7365000329488018e-05,3.058991184197566e-07,3.125712311665585e-08,0.012066581748871092,8.52498068335955e-06,1.2506563323754955e-09,0.0013287554747277075,4.18678192554434e-06,0.013407050936503068,1.801257292219448e-08,0.970478858501002,1.2057135949202118e-05,1.8278862929809054e-09,2.190532071396443e-06,3.3220466737785464e-06,1.1118160874921813e-09
11,6.554306826683051e-07,9.376130036044611e-08,0.0025468289664054636,6.474561645047169e-05,6.353282277506847e-07,2.02637659415916e-08,3.619230879104245e-06,1.7029938417582996e-05,1.9462594723765434e-08,1.6694403000508076e-05,3.072033908740054e-07,3.153565537132505e-08,0.012500934655355492,8.459163672916566e-06,1.2412042609210064e-09,0.001287490499255552,4.06438876521664e-06,0.01292280423002945,1.7710033030445023e-08,0.9706082231010048,1.1879168553291768e-05,1.8600406393043066e-09,2.089386820690486e-06,3.35235048548344e-06,1.1040083168081075e-09
12,4.795062800957808e-07,6.43679580717952e-08,0.002081481371273902,3.840355408747733e-05,6.784809948891839e-07,1.6478581301721008e-08,2.711272546767546e-06,1.0508402989853437e-05,1.5502566803429095e-08,1.1774398887567863e-05,2.642385207883671e-07,2.46570491611049e-08,0.008734471520544936,6.871071572727533e-06,9.254652542561383e-10,0.0010541478112638552,3.674720173083103e-06,0.009781672993629873,1.1087408562749666e-08,0.9782567138618662,1.0580908101042243e-05,1.2994614353260658e-09,1.971375417905722e-06,3.4591362932999647e-06,1.057065062929575e-09
13,6.884859897190891e-07,9.436814943680336e-08,0.002615194153876185,6.365169021228803e-05,6.660326427135795e-07,2.0220042930134018e-08,3.7274375451113944e-06,1.821363423349325e-05,1.9820336772326573e-08,1.614985435242164e-05,3.416820007094292e-07,3.438168065929721e-08,0.012718442710446696,9.182676209863824e-06,1.2708193149545953e-09,0.0012606032982908234,4.168544059739938e-06,0.013308935411600569,1.780913414497792e-08,0.9699617326040718,1.2730166710163706e-05,1.990042229849836e-09,2.0743425781950296e-06,3.3062436820876866e-06,1.1712918508162814e-09
14,2.3732245891819044e-07,4.6021379860070476e-08,0.0028185734968344408,2.4171020508234203e-05,1.453446907602129e-07,1.533951216154718e-08,1.3396816028554042e-06,1.2116239662187278e-05,1.4144877091588787e-08,2.397944697533283e-05,7.984943535001017e-08,1.560831535561078e-08,0.005069884879047645,6.877742342418102e-06,9.069551078493408e-10,0.0013655916404056304,1.616793693390691e-06,0.004973625604624204,5.4854441938867805e-09,0.9856963321343848,3.045217419851815e-06,8.391896935555817e-10,9.752714744930584e-07,1.3088615959064561e-06,1.107170208638194e-09
15,6.540597618747841e-07,9.391119250931172e-08,0.002582141911550516,6.605794257051913e-05,6.377952536997223e-07,2.1184590250575443e-08,3.6215332164361743e-06,1.7499609825324088e-05,1.9554129146387684e-08,1.7365000329488018e-05,3.058991184197566e-07,3.125712311665585e-08,0.012066581748871092,8.52498068335955e-06,1.2506563323754955e-09,0.0013287554747277075,4.18678192554434e-06,0.013407050936503068,1.801257292219448e-08,0.970478858501002,1.2057135949202118e-05,1.8278862929809054e-09,2.190532071396443e-06,3.3220466737785464e-06,1.1118160874921813e-09
16,7.227240719587278e-07,9.78583913750715e-08,0.002476524505378366,6.920570415736717e-05,6.70814915648764e-07,2.2037943978542965e-08,3.996739573321353e-06,1.9816544696761465e-05,2.0310856665931645e-08,1.6593166955907736e-05,3.477131119020581e-07,3.541486153119411e-08,0.013040619069294658,9.010261357208545e-06,1.3786942657397755e-09,0.0013304230397321916,4.199039780307078e-06,0.014468177188444164,1.9748849210386836e-08,0.9685413465332332,1.2847466117943228e-05,2.1516388348684598e-09,2.1407011326968265e-06,3.1587437339619313e-06,1.1430765096001602e-09
17,7.378140004867492e-07,9.534463064967645e-08,0.002522833036911574,6.448637073265836e-05,7.544161821305594e-07,1.8988397577677997e-08,4.1982323947071e-06,1.6784352063305637e-05,2.0676949854985214e-08,1.428331740070254e-05,3.5542141541070313e-07,3.481678745499992e-08,0.013807255616378434,9.103527043763538e-06,1.1523986057274968e-09,0.0011433941370692703,4.164557102935541e-06,0.014320148716113734,1.7604950762179855e-08,0.9680719360622962,1.3578650640457287e-05,1.9546336650722087e-09,2.1609132936772894e-06,3.633230527467171e-06,1.08968430566046e-09
18,6.4701163897427e-07,9.35550345124471e-08,0.0025735745738952294,6.501496757201593e-05,6.344474868296458e-07,2.1067229165088213e-08,3.6329816246353e-06,1.7378506164556634e-05,1.9558880372523384e-08,1.73278834122944e-05,3.0464479102958646e-07,3.121677905324882e-08,0.012000901766236725,8.568600716851698e-06,1.2491103336003833e-09,0.001329630493854742,4.175974327742315e-06,0.0133579126429607,1.805968141595426e-08,0.9706024423242751,1.2148777537421758e-05,1.821743584460401e-09,2.191722326658375e-06,3.325030809425711e-06,1.1219104657355365e-09
19,5.808435809165384e-07,9.905321933975969e-08,0.002356723772205721,7.386382536536786e-05,6.364857068262898e-07,2.167880276364189e-08,3.396876116456482e-06,1.6244197060640526e-05,2.0231938730112287e-08,1.8014390641427155e-05,2.667095355763061e-07,3.137550029884563e-08,0.011529059714703298,8.124793108270778e-06,1.3707309991062206e-09,0.0013520150869926722,3.95583444631025e-06,0.01129998238680428,1.6896041075267878e-08,0.973321637445763,9.791093549277501e-06,1.8099276404922525e-09,2.120434066314737e-06,3.3925753100913457e-06,1.1188828568502558e-09
20,6.41089591305557e-07,9.288684097193632e-08,0.0026903104807488175,6.495825779328579e-05,6.413921273976258e-07,2.0938290414597496e-08,3.556414898643228e-06,1.681868641068864e-05,1.861032647683339e-08,1.7689373677836127e-05,2.9368771004027523e-07,3.0557598705284815e-08,0.011476473157987235,8.27449066051527e-06,1.1869217233529386e-09,0.0013783655288823282,4.418289800239024e-06,0.013539003298355867,1.7310209104840303e-08,0.9707807347231473,1.197681403744883e-05,1.6479291044568785e-09,2.2824154070162872e-06,3.377652713183337e-06,1.1079342260617602e-09
21,6.873437432989407e-07,9.827163875366136e-08,0.002548363716070734,7.250438419001676e-05,6.897806855909416e-07,2.4751560156326095e-08,3.942963493547542e-06,1.909778204140548e-05,2.1414158047613313e-08,1.83281425726258e-05,3.3155728874684493e-07,3.2469999798758166e-08,0.012077122215783704,8.81066892403459e-06,1.4152842074346553e-09,0.0013576460090703357,4.444536703392848e-06,0.0140556380048061,2.0160999687724384e-08,0.9698135628251559,1.283028993595133e-05,2.0277377902991306e-09,2.423691623680858e-06,3.3744085390927565e-06,1.1679936107421053e-09
22,6.512256622019824e-07,9.382331444339543e-08,0.0025741541034701196,6.601957782194542e-05,6.380485002223364e-07,2.1150519361396564e-08,3.6275416535934993e-06,1.7445840094927658e-05,1.9591963250674778e-08,1.732962147393652e-05,3.0509203733576896e-07,3.123396545530833e-08,0.012059228577929628,8.521180579358817e-06,1.2516620328422295e-09,0.0013270566462947695,4.1719735744848934e-06,0.013359001804881606,1.8004618970703528e-08,0.9705441086873028,1.2037278685389215e-05,1.82561906577364e-09,2.1876811382455254e-06,3.327124879630571e-06,1.1123572666714206e-09
23,6.540597618747841e-07,9.391119250931172e-08,0.002582141911550516,6.605794257051913e-05,6.377952536997223e-07,2.1184590250575443e-08,3.6215332164361743e-06,1.7499609825324088e-05,1.9554129146387684e-08,1.7365000329488018e-05,3.058991184197566e-07,3.125712311665585e-08,0.012066581748871092,8.52498068335955e-06,1.2506563323754955e-09,0.0013287554747277075,4.18678192554434e-06,0.013407050936503068,1.801257292219448e-08,0.970478858501002,1.2057135949202118e-05,1.8278862929809054e-09,2.190532071396443e-06,3.3220466737785464e-06,1.1118160874921813e-09
24,6.742065117903144e-07,1.0811184594694856e-07,0.002440575800479411,8.324880378520231e-05,6.788258263673367e-07,2.216968840628091e-08,3.833846451634835e-06,1.8467285907602963e-05,2.069782702641833e-08,1.8347118378396125e-05,3.129599722078079e-07,3.266923761056068e-08,0.012914153292507322,8.829859075956408e-06,1.4037419559359264e-09,0.0013848496128677106,4.491615954442839e-06,0.014438437722156321,2.1258484386528176e-08,0.9686647994511504,1.22326538827166e-05,1.996751156137017e-09,2.401058182627526e-06,3.4564780948006132e-06,1.1012386405608197e-09
25,6.736950308925816e-07,1.312244654780784e-07,0.0039650851639070495,8.242318461393782e-05,4.978252718666607e-07,3.2340022070464457e-08,2.605188239474615e-06,1.062191405903937e-05,2.8666400859313726e-08,4.309797129223847e-05,1.8456593084934098e-07,1.9758857933537847e-08,0.010711783313355813,9.719613696750518e-06,2.1897768717860572e-09,0.0015952101701167695,4.903549066627074e-06,0.010323719367841993,2.377917012883792e-08,0.9732287395103444,1.1257358723771471e-05,1.604736262980067e-09,3.827735978132091e-06,5.408631693599471e-06,1.677407151615988e-09
26,6.181056438339793e-07,8.436185953062367e-08,0.002694648312106245,5.896824634247716e-05,6.259130172159503e-07,1.9132915485790564e-08,2.9247612001949457e-06,1.3128009692813006e-05,1.9374341392099682e-08,1.702688588893066e-05,2.5372610369333393e-07,2.4647394809360378e-08,0.01067568455173266,7.927155905234596e-06,1.038418933410663e-09,0.001175229697829205,3.884402362688309e-06,0.01255674444989851,1.4195149695774601e-08,0.9727754079235484,1.0776731718092704e-05,1.4168176811607407e-09,2.2984709501179595e-06,3.6874835791087854e-06,1.0055831051152654e-09
27,6.390242267342695e-07,9.28530406379243e-08,0.002330214447174619,6.80792908970681e-05,6.206178550750358e-07,2.272487574663218e-08,3.4400677060062814e-06,1.8317730918177746e-05,2.1769556846554565e-08,1.7612181456960833e-05,2.9600179683128603e-07,3.202191244739831e-08,0.011892461068909576,8.521471678717096e-06,1.3783816022719715e-09,0.0012945156858393152,3.650439828868915e-06,0.012409660631864447,1.7644410894882163e-08,0.971936221858897,1.0361537640557064e-05,2.111491386768198e-09,1.999940769849209e-06,3.1963715513861588e-06,1.1273189416664042e-09
28,6.540597618747841e-07,9.391119250931172e-08,0.002582141911550516,6.605794257051913e-05,6.377952536997223e-07,2.1184590250575443e-08,3.6215332164361743e-06,1.7499609825324088e-05,1.9554129146387684e-08,1.7365000329488018e-05,3.058991184197566e-07,3.125712311665585e-08,0.012066581748871092,8.52498068335955e-06,1.2506563323754955e-09,0.0013287554747277075,4.18678192554434e-06,0.013407050936503068,1.801257292219448e-08,0.970478858501002,1.2057135949202118e-05,1.8278862929809054e-09,2.190532071396443e-06,3.3220466737785464e-06,1.1118160874921813e-09
29,6.540597618747841e-07,9.391119250931172e-08,0.002582141911550516,6.605794257051913e-05,6.377952536997223e-07,2.1184590250575443e-08,3.6215332164361743e-06,1.7499609825324088e-05,1.9554129146387684e-08,1.7365000329488018e-05,3.058991184197566e-07,3.125712311665585e-08,0.012066581748871092,8.52498068335955e-06,1.2506563323754955e-09,0.0013287554747277075,4.18678192554434e-06,0.013407050936503068,1.801257292219448e-08,0.970478858501002,1.2057135949202118e-05,1.8278862929809054e-09,2.190532071396443e-06,3.3220466737785464e-06,1.1118160874921813e-09
30,6.540597618747841e-07,9.391119250931172e-08,0.002582141911550516,6.605794257051913e-05,6.377952536997223e-07,2.1184590250575443e-08,3.6215332164361743e-06,1.7499609825324088e-05,1.9554129146387684e-08,1.7365000329488018e-05,3.058991184197566e-07,3.125712311665585e-08,0.012066581748871092,8.52498068335955e-06,1.2506563323754955e-09,0.0013287554747277075,4.18678192554434e-06,0.013407050936503068,1.801257292219448e-08,0.970478858501002,1.2057135949202118e-05,1.8278862929809054e-09,2.190532071396443e-06,3.3220466737785464e-06,1.1118160874921813e-09
31,7.68261998325803e-07,9.852042474163105e-08,0.0030997023978823843,6.531414424395771e-05,5.983035401072686e-07,2.1788972004858563e-08,3.6784682404957963e-06,2.059774671543637e-05,1.885322890176394e-08,1.902014859832356e-05,3.2412834338344906e-07,3.2098569313390266e-08,0.013054441557674379,8.67668909266952e-06,1.1647486413828903e-09,0.0013981209464617808,4.479980954206827e-06,0.014577043817378395,1.810602362450925e-08,0.9677289198222613,1.2855938326606691e-05,1.902589064808144e-09,2.1512671030009053e-06,3.1128473701320823e-06,1.0992589305812854e-09
32,6.383965293846834e-07,9.485137063743581e-08,0.002507130471274965,6.708158491199547e-05,6.451001814041545e-07,2.1235161328919837e-08,3.6622363159925727e-06,1.7300594003622836e-05,1.9747170013395772e-08,1.7417155058737358e-05,3.0351805701399727e-07,3.103418405592656e-08,0.012009756313128507,8.448038699963537e-06,1.2961231506091638e-09,0.0013542505149634757,4.2139031727191975e-06,0.013318465247587497,1.8948976293439873e-08,0.9706726848302266,1.2197021506094159e-05,1.8445616916325013e-09,2.222998210487615e-06,3.391991449788137e-06,1.1271746929110152e-09
33,6.381997064410212e-07,9.20099495260036e-08,0.0026036495476438708,6.403424582207376e-05,6.262458635864226e-07,2.1300490227293982e-08,3.5075556717680534e-06,1.7099778639918028e-05,1.967996744155576e-08,1.7693946090253725e-05,2.961481166731974e-07,3.031847230014734e-08,0.011639158691327511,8.544474445838453e-06,1.2485326845225874e-09,0.0013285103334806498,4.1186181865539455e-06,0.013103408565440452,1.7554435756574847e-08,0.971191101617222,1.1906192819084036e-05,1.7811407252433157e-09,2.2014399357964015e-06,3.3193810705357412e-06,1.1255284934446795e-09
34,4.4095594030653205e-07,8.630406917437292e-08,0.0021347553817404473,5.9066994635570534e-05,5.655121782567013e-07,2.095357568314671e-08,3.23428549442193e-06,1.5804678505852868e-05,1.801015715880389e-08,1.7368719634597396e-05,2.40690850256697e-07,2.9632270951532626e-08,0.009270514306593335,7.951352616327404e-06,1.2271174144955488e-09,0.001449180885774848,3.857673385735162e-06,0.010675732926435415,1.5757856453674243e-08,0.9763461476969535,9.836323166320366e-06,1.5465546967981125e-09,2.0897951966710926e-06,3.0372286158010336e-06,1.1606808627737584e-09
35,1.065445752776819e-06,1.0195163553712494e-07,0.0031653929837700844,7.910415243129093e-05,6.745015334768268e-07,3.0862366035213283e-08,4.6793671877739045e-06,2.930977161848684e-05,2.4629954983324037e-08,2.2678950782809385e-05,4.1046362400231325e-07,3.704677981300138e-08,0.014581365425318347,9.249617047701682e-06,1.3170727455997483e-09,0.0015358106204051067,4.8094453886490915e-06,0.022502737169953234,2.543269435746538e-08,0.9580419314092815,1.4911002955094397e-05,2.6092212821560154e-09,2.4841929293416473e-06,3.160545883518972e-06,1.0844123256676107e-09
36,4.754178814872655e-07,8.055869966404604e-08,0.0020927166331319055,6.127702427772491e-05,4.1862859888394615e-07,1.9352757129890286e-08,2.8249543587767393e-06,1.7788795265288626e-05,1.618835422378781e-08,1.851524526350697e-05,2.2019513327374956e-07,2.621086936143921e-08,0.010590563834177561,7.1439155954004325e-06,1.2109451063733023e-09,0.0014520779199844037,3.373591653930203e-06,0.011245911204229379,1.6451726906919777e-08,0.9744944979305253,8.038733689540608e-06,1.7236112332131758e-09,1.658905587836032e-06,2.33444460333126e-06,9.290789491985893e-10
37,7.78343587079494e-07,9.389819184595249e-08,0.0028574010187249433,6.120015512480768e-05,7.127732571402093e-07,1.8044800091963723e-08,3.98291263978451e-06,1.615541209809829e-05,2.0899905780557525e-08,1.5131669338886818e-05,3.3122520676663497e-07,3.361056575973531e-08,0.013944276198343136,9.203260138482708e-06,1.0538675727285307e-09,0.0011413239173464276,3.99897140066324e-06,0.014472082274138539,1.61041051681099e-08,0.9674543034563501,1.308530614690755e-05,1.807952297504636e-09,2.0925781382453983e-06,3.75402246342302e-06,1.0861680027799344e-09
38,6.790050846613475e-07,9.727313946658408e-08,0.0026324338700866434,6.850975020510003e-05,6.955128158748903e-07,2.1281320356416684e-08,3.709826538525105e-06,1.7876230777456914e-05,2.0845054593731427e-08,1.72252313683966e-05,3.2552533539317744e-07,3.302263976844262e-08,0.012266203424551956,9.14397057870576e-06,1.2932043031232135e-09,0.0012944789328190182,4.282911516277581e-06,0.013498671374843615,1.825039324953322e-08,0.9701671726933384,1.264642804764629e-05,1.9189898545008206e-09,2.2546013509625378e-06,3.495655782311747e-06,1.1702175076618077e-09
39,6.737174313820986e-07,9.864116184248739e-08,0.002600644322756978,7.336803368956881e-05,6.931200661147535e-07,1.7931286617193994e-08,2.9388798949383732e-06,1.1699775469903426e-05,2.1390674842029872e-08,1.7125618749348297e-05,2.752363384669415e-07,2.6609329075769485e-08,0.01248459675861695,9.24512248239011e-06,1.2881182080915806e-09,0.001074497010264256,4.0499368666509606e-06,0.01264081797822783,1.642748997853799e-08,0.9710612667608389,1.1224409500821676e-05,1.6358180944882431e-09,2.4567522567320977e-06,4.241554593438624e-06,1.0880763573418588e-09
40,6.930865535567601e-07,9.460382503948591e-08,0.0027385098634342205,6.344387662717566e-05,6.477518678932605e-07,2.0913367372203474e-08,3.6201846142104334e-06,1.727332288398919e-05,1.964727481938443e-08,1.699878583656436e-05,3.183360241221613e-07,3.269198395607496e-08,0.012379804349443801,8.794456348891558e-06,1.2447126103011196e-09,0.001276930175498011,4.208700542931237e-06,0.012976824747505302,1.6871024005270805e-08,0.9704941672778159,1.2074125549354802e-05,1.8585458849659002e-09,2.1410923929466077e-06,3.3608826538584187e-06,1.15367362028195e-09
41,7.160606827345255e-07,9.953168256341379e-08,0.0025760407617701235,8.910895198704207e-05,6.857044417323202e-07,2.4440907637509376e-08,3.1016384559152012e-06,1.8299125084856202e-05,2.0183213493064676e-08,1.9106345944547964e-05,2.8998800045766033e-07,3.138507954024979e-08,0.011700500847757733,7.6498057508881e-06,1.5189034910311173e-09,0.001397100539915591,4.171023685905815e-06,0.012553756712942342,1.678911873740638e-08,0.9716148274186394,9.0127095263177e-06,1.9165415598859876e-09,2.1650940778911124e-06,3.270459073958861e-06,1.0468154115060886e-09
42,7.971511646622342e-07,1.0158358672764284e-07,0.003158104401643332,6.867266338895829e-05,7.713458773783742e-07,2.1069708113632162e-08,4.224002278198495e-06,1.659710348167088e-05,2.3021427527738715e-08,1.7636208471959905e-05,3.3858104581925687e-07,3.2597111081169926e-08,0.012557429460080356,1.0824331987811162e-05,1.1375526889207647e-09,0.0011955973639442036,4.613476039529558e-06,0.01725900282611936,1.7734426577547104e-08,0.965682555250365,1.5841704338822614e-05,1.6377755369990581e-09,2.848815626118442e-06,3.945351369398575e-06,1.1811894498657237e-09
43,6.954893354842274e-07,9.720582450773671e-08,0.002629301619565297,6.809151597209388e-05,6.747310549461235e-07,1.959228092465128e-08,3.853365246502501e-06,1.7286880469750873e-05,1.9153158473584628e-08,1.5879461802903418e-05,3.2698635055266373e-07,3.378642069055944e-08,0.012934949519277433,8.748389923428491e-06,1.2118053248374674e-09,0.0012716592839102027,4.315750742690358e-06,0.013917885342938554,1.7684889266768765e-08,0.9691082569761221,1.2320731635491975e-05,1.822443738358755e-09,2.1638318536483946e-06,3.3985648899051605e-06,1.10208597982649e-09
44,6.540597618747841e-07,9.391119250931172e-08,0.002582141911550516,6.605794257051913e-05,6.377952536997223e-07,2.1184590250575443e-08,3.6215332164361743e-06,1.7499609825324088e-05,1.9554129146387684e-08,1.7365000329488018e-05,3.058991184197566e-07,3.125712311665585e-08,0.012066581748871092,8.52498068335955e-06,1.2506563323754955e-09,0.0013287554747277075,4.18678192554434e-06,0.013407050936503068,1.801257292219448e-08,0.970478858501002,1.2057135949202118e-05,1.8278862929809054e-09,2.190532071396443e-06,3.3220466737785464e-06,1.1118160874921813e-09
45,6.351905738417846e-07,9.49910132618656e-08,0.0023867290737093986,7.305418034873502e-05,6.401022288610621e-07,2.1825798222709114e-08,3.8121652311665096e-06,1.8827178075829335e-05,1.9857340796715133e-08,1.7143498076442322e-05,3.0325895749026045e-07,3.2513250223498135e-08,0.012441552668655433,8.089002745081397e-06,1.3479565983793484e-09,0.0013730227159598214,3.999860634438151e-06,0.013028177318917415,1.8920967337281132e-08,0.9706275214112947,1.1074353486567628e-05,1.9428275314382214e-09,2.0542742896434793e-06,3.1712765053181035e-06,1.0711558478123848e-09
46,8.31516381019161e-07,1.2102625880174111e-07,0.0025858122611213566,9.127794399438115e-05,7.252336199253142e-07,2.5482629874681024e-08,4.0674807243503095e-06,2.1490171054740907e-05,1.708550722713259e-08,1.779387880678975e-05,3.807194522588883e-07,4.162196794441522e-08,0.014166543440864295,7.587611273091988e-06,1.5136113983349294e-09,0.0015238445159993412,5.76128052483966e-06,0.014130931787361524,2.060876217486358e-08,0.9674263118665972,1.094517991889976e-05,2.2970452908283093e-09,2.3069592097302977e-06,3.1573962164410287e-06,1.1210969535933233e-09
47,6.51927544273128e-07,9.38296834261486e-08,0.002619238542611463,6.667536323291172e-05,6.485451602764536e-07,2.1355658056806066e-08,3.6113559076780686e-06,1.7437104481068097e-05,1.9887474941365584e-08,1.767335706998705e-05,3.064113938546645e-07,3.0883475267745925e-08,0.011843312242265234,8.751715882377754e-06,1.2607149740592446e-09,0.001331631327257071,4.247766072879343e-06,0.01365989810328102,1.8228713938859347e-08,0.9704076809043527,1.2405256001707818e-05,1.8003153917617377e-09,2.2703000827150332e-06,3.3714032133922344e-06,1.128153318978297e-09
48,8.53263468526648e-07,1.3235663112676603e-07,0.002695571100657669,0.00010035242873204255,6.906158828519559e-07,2.9364996744430533e-08,4.75291747450133e-06,2.5713697590292256e-05,2.1672576802456315e-08,2.2472221063586183e-05,3.730496784516507e-07,3.8166896396807824e-08,0.014817779908909137,9.06007586217749e-06,1.6699983705380522e-09,0.001646021756787225,5.667322131946458e-06,0.017272902530218882,2.869822369995286e-08,0.9633773524726851,1.4210131095806266e-05,2.5918475405384186e-09,2.75785605835064e-06,3.2129605519768345e-06,1.169980724843215e-09
49,6.342565560436239e-07,8.825920338318974e-08,0.0025781611871402016,6.0163479054372966e-05,5.813394123099205e-07,2.0837101069215402e-08,3.261125280186124e-06,1.6613627502595964e-05,1.8253951246862988e-08,1.6589973353666696e-05,2.882689614651601e-07,3.056910713724028e-08,0.011604950281834947,7.979430950904215e-06,1.1450555228570244e-09,0.001251163827027008,3.873395452332805e-06,0.012010306041533107,1.4644562176817313e-08,0.9724299433932412,1.0265690720865172e-05,1.736561007047352e-09,1.9718480126350405e-06,3.0763392641437803e-06,1.0491606805080335e-09
50,6.600188413713048e-07,9.156397385125735e-08,0.002617966529494944,6.585127914521317e-05,6.579219053652785e-07,2.062191173775608e-08,3.2397515413593022e-06,1.568569460662873e-05,1.793035176475908e-08,1.6423882468416692e-05,3.100648988858187e-07,3.0429959055767166e-08,0.011256660609609333,8.205857981688793e-06,1.2392552215081692e-09,0.0012857805403191495,4.475664316181387e-06,0.013249819896889333,1.633935786244305e-08,0.9714569796580049,1.1430805590424214e-05,1.6580643940266096e-09,2.2919300358125323e-06,3.379012737802878e-06,1.0987393286072892e-09
51,3.582820539755079e-07,2.8405295816346475e-08,0.0030122680128774116,1.2244014457279364e-05,5.754303257419978e-07,1.1983134389507854e-08,3.0646448220218353e-06,6.821676189838493e-06,1.1532317992629727e-08,1.0124679203330124e-05,2.2252091908957112e-07,1.5127685578452677e-08,0.005979923968900048,5.839288227093264e-06,4.1997216763947716e-10,0.0010493775150134397,3.584149632112418e-06,0.011259029671693524,8.296663792157441e-09,0.978632604185525,1.8072620885965345e-05,5.356053049305196e-10,2.0072769887291406e-06,3.804715248266374e-06,1.0463620986546748e-09
52,8.611262224548783e-07,1.579391708607012e-07,0.003617920452284155,6.077669205484457e-05,1.4861447462692495e-06,1.414116796344066e-08,8.353682675744097e-06,1.659577192864504e-05,1.959486762178643e-08,9.181127014226021e-06,6.028141605045654e-07,7.401152053405104e-08,0.017912234629940203,1.3034343237874877e-05,1.1639775131351843e-09,0.0010857698083535123,7.191580677471585e-06,0.01056648366883602,1.625662554692333e-08,0.966666617462541,2.444119041499284e-05,1.95356170626098e-09,2.56673625477417e-06,5.595626254613066e-06,2.0815110403552226e-09
53,5.892954870743741e-07,8.940247132289699e-08,0.002408437700931766,6.117654997192268e-05,6.430986999265918e-07,2.119515677036139e-08,4.3001418955426844e-06,1.7818815064743818e-05,1.9953267481754868e-08,1.5564479172997076e-05,3.0254673482241963e-07,3.33986950087783e-08,0.011476213325183808,8.698603955989885e-06,1.2046484528217671e-09,0.0012884541924390203,3.974119115267569e-06,0.013105040455029355,1.6991179319059594e-08,0.9715913535617692,1.1987591979787083e-05,1.7349453219322804e-09,2.1698082015416415e-06,3.090696834921109e-06,1.1371685892402202e-09
54,4.4592819085440036e-07,8.507457247310335e-08,0.0023188939041098727,5.195503537827289e-05,4.890276851381633e-07,1.8674276569985054e-08,2.9669476628212063e-06,1.5490370008751762e-05,1.8069820026834594e-08,1.8152464655911087e-05,2.2406262375874964e-07,2.9017889812156862e-08,0.00981097423437725,8.191551537211913e-06,1.2993788876109818e-09,0.001461304023845534,3.4005679495603536e-06,0.009325096558421016,1.5464161424230483e-08,0.9769681222819896,9.401816247133462e-06,1.634268201952389e-09,1.758523231178377e-06,2.962201712305297e-06,1.2660063069841137e-09
55,6.549971641940644e-07,9.245637688597618e-08,0.00234595979464206,6.558711672620923e-05,7.213761818277421e-07,1.7819540380689196e-08,4.258472273793855e-06,1.5870973651588837e-05,1.9543296697025186e-08,1.3382299692283205e-05,3.1510489115679624e-07,3.603530187813735e-08,0.01340866720423159,7.984786895839045e-06,1.1069285183423363e-09,0.001196239610171128,3.8042077956989724e-06,0.01301756864910785,1.6027194844644504e-08,0.9699022336636731,1.1050354356692795e-05,1.7424830613334097e-09,1.9145992691386776e-06,3.601022541699163e-06,1.0356116413108577e-09
56,6.65709000917416e-07,9.470840791141698e-08,0.0025805120724605324,6.581441971045165e-05,6.396320226390733e-07,2.093652215899828e-08,3.6683221998765277e-06,1.7463421223801806e-05,1.9709479096179266e-08,1.710943750389817e-05,3.103911951914205e-07,3.173770626507218e-08,0.012401795214877477,8.567218131552623e-06,1.2486866452924876e-09,0.001307355946355995,4.15007174721527e-06,0.013360781258757328,1.8038375328677228e-08,0.9702133801981405,1.2092068371615173e-05,1.868345281315146e-09,2.1563693697159584e-06,3.348888911492456e-06,1.1124970745953413e-09
57,9.947344073410197e-07,1.0045511953413288e-07,0.0036001696743702023,9.034024901686752e-05,8.15427126952663e-07,4.418935323515465e-08,3.5713191963296866e-06,2.364131154476858e-05,2.8277094369749984e-08,2.5489238846262155e-05,3.735094556005944e-07,3.3905872419650395e-08,0.009094434963157256,1.1352187802065575e-05,1.4476853999825303e-09,0.0012746302505711794,5.393327061446755e-06,0.0200341116669513,1.4836264125639937e-08,0.9658155418855979,1.1855064441050792e-05,1.939124623511974e-09,3.872381427760452e-06,3.186495637976027e-06,1.2628740586361703e-09
58,6.128552623223777e-07,9.170897535823029e-08,0.0024204218217554825,6.308518182272273e-05,6.49297842172673e-07,1.9591189894276925e-08,3.5472244610995397e-06,1.5557526204950527e-05,1.9680683631827476e-08,1.6087420583015474e-05,2.928046649744516e-07,3.044482580488407e-08,0.012031544072528301,8.271473319352851e-06,1.2296597142550783e-09,0.0012613669977390573,3.932594165917678e-06,0.012330018282512739,1.7291632829865613e-08,0.9718271931501801,1.1609291926746648e-05,1.7711118742372484e-09,2.10104534373079e-06,3.5261351749213714e-06,1.1064333928734533e-09
59,6.065305162206184e-07,8.974783833581869e-08,0.0025497940265675036,6.036215342519755e-05,6.268621779442117e-07,1.9474479643223188e-08,3.350162175179319e-06,1.5396435547527616e-05,1.9261133801081846e-08,1.6714841883806046e-05,2.830941599768993e-07,2.941461686447134e-08,0.011591589013242646,8.358918259636376e-06,1.1763076619630249e-09,0.0012733698229026942,3.938004029560119e-06,0.012202576719060863,1.6367182099303723e-08,0.9722556802514571,1.1579777071203816e-05,1.686734859295201e-09,2.1045143357442048e-06,3.4906318147171782e-06,1.113079209882614e-09
60,6.540597618747841e-07,9.391119250931172e-08,0.002582141911550516,6.605794257051913e-05,6.377952536997223e-07,2.1184590250575443e-08,3.6215332164361743e-06,1.7499609825324088e-05,1.9554129146387684e-08,1.7365000329488018e-05,3.058991184197566e-07,3.125712311665585e-08,0.012066581748871092,8.52498068335955e-06,1.2506563323754955e-09,0.0013287554747277075,4.18678192554434e-06,0.013407050936503068,1.801257292219448e-08,0.970478858501002,1.2057135949202118e-05,1.8278862929809054e-09,2.190532071396443e-06,3.3220466737785464e-06,1.1118160874921813e-09
61,6.426951775604501e-07,9.1532724389003e-08,0.0026739415319489788,6.112105656216339e-05,6.534014519958755e-07,2.0071099084893748e-08,3.472439673895042e-06,1.6086329079031293e-05,2.007590461169784e-08,1.7043967018412993e-05,2.972520843304564e-07,3.0538118373488607e-08,0.011810425893433516,8.681205021665662e-06,1.190596060622272e-09,0.0012738535676012255,4.0474248877566695e-06,0.012603704901422442,1.6656858780645618e-08,0.9715080168463006,1.2105020854857192e-05,1.7427269338545663e-09,2.157123615559875e-06,3.566388042283394e-06,1.1477955883688585e-09
62,6.540597618747841e-07,9.391119250931172e-08,0.002582141911550516,6.605794257051913e-05,6.377952536997223e-07,2.1184590250575443e-08,3.6215332164361743e-06,1.7499609825324088e-05,1.9554129146387684e-08,1.7365000329488018e-05,3.058991184197566e-07,3.125712311665585e-08,0.012066581748871092,8.52498068335955e-06,1.2506563323754955e-09,0.0013287554747277075,4.18678192554434e-06,0.013407050936503068,1.801257292219448e-08,0.970478858501002,1.2057135949202118e-05,1.8278862929809054e-09,2.190532071396443e-06,3.3220466737785464e-06,1.1118160874921813e-09
63,6.565480485797211e-07,9.762768621561488e-08,0.0025632369984037572,6.77192268096275e-05,6.455028454178417e-07,2.1604010033530655e-08,3.6750615392487152e-06,1.772656173113732e-05,1.9847096335696504e-08,1.766732356728382e-05,3.095454520334281e-07,3.203666242349057e-08,0.01218652473406927,8.576259306850795e-06,1.2992818600246356e-09,0.0013561022459009113,4.2851389875375796e-06,0.013319176940006238,1.8784303580290852e-08,0.9704357111021757,1.2181379308841785e-05,1.886990254739e-09,2.227504146047511e-06,3.3836996450920583e-06,1.142025617875118e-09
64,6.571195373146957e-07,9.345596144273587e-08,0.0026776879162679064,6.130026827425798e-05,6.646245989968893e-07,2.046866677159653e-08,3.782042818017333e-06,1.6984786154029935e-05,1.9840498900768414e-08,1.7061684444085645e-05,3.162966860991003e-07,3.124491847993666e-08,0.012142174152885755,8.901193697113679e-06,1.206553841811744e-09,0.0013132403402358152,4.31421937290331e-06,0.01360448914271608,1.8480432168450136e-08,0.9701288235075335,1.361260137563893e-05,1.7944723248656589e-09,2.272468741007899e-06,3.5299768736175365e-06,1.166283941760172e-09
65,2.6912771000446014e-07,5.2673253112447484e-08,0.0025669120258969363,1.7708046801685764e-05,2.6849944992441265e-07,6.132384466766688e-09,1.35732860106782e-06,6.788103778178705e-06,2.1334423405048234e-08,1.3535403064968087e-05,9.953121609062388e-08,1.7678619084311248e-08,0.00921757378549268,1.0531745695271988e-05,5.639466595165617e-10,0.0007079384568634643,1.0739453860155559e-06,0.003830641779139364,4.707748294096522e-09,0.983615889569272,5.491168888118393e-06,1.0751231138644529e-09,6.959627419144195e-07,3.120210646815632e-06,1.1438573875014147e-09
66,1.1837472931643957e-06,4.351029109036076e-07,0.003217463711430572,0.0003454966640247357,2.6013030178907384e-06,1.7423355866357478e-07,8.933729862891442e-06,3.6048183545359126e-05,9.461760499190036e-08,7.579465471125633e-05,7.466074628062311e-07,7.002250803004794e-08,0.008262104520808179,2.7421450803488425e-05,9.837458632357363e-09,0.0031220452189172393,2.1560156999632486e-05,0.03350719710201392,1.4595996202107372e-07,0.9512873805728569,4.619764249559663e-05,5.477569058393023e-09,2.5640433452500497e-05,1.1243244347641996e-05,5.804384053706979e-09
67,4.250362994529205e-06,4.343123504204563e-07,0.003920799844046925,0.00037343408039167646,3.795554134995042e-06,1.6260848736336609e-07,3.673614317230476e-05,0.0002533860317533482,1.3907573390709386e-07,3.7242877315579545e-05,3.219634272264479e-06,4.90794240443228e-07,0.04037901129840595,2.7452889270071796e-05,1.032154049391169e-08,0.002896434243410718,1.1292601864844943e-05,0.03573647934818084,1.6222935056857263e-07,0.9162654129691851,3.927928965360597e-05,3.368700305823374e-08,3.6688432581445664e-06,6.665513403446993e-06,5.4465794238077625e-09
68,6.250949538607482e-06,3.957207149108314e-07,0.004488200564634012,0.00037117271328552306,1.8441208391427817e-06,1.2820496692966973e-07,2.008834729935977e-05,0.00026873075142553785,3.101012632810052e-08,4.102605289549692e-05,3.263009295509657e-06,1.2827838894971074e-07,0.043310620460514634,1.1758092313320121e-05,5.488380256580222e-09,0.003995277849089028,2.7471805550266572e-05,0.10461037157858284,3.468153544398353e-07,0.8427414896332855,9.143590134868832e-05,1.839122560089981e-08,6.713907293941397e-06,3.228589094272061e-06,1.7645570976509308e-09
69,3.896482058071838e-06,4.956824986570628e-07,0.004199066625869251,0.0006245646987948031,4.021283218645009e-06,8.793633501412848e-08,1.32796989537188e-05,5.8996390096317745e-05,4.3880875332815846e-08,3.0912389378162795e-05,1.672394486791484e-06,1.5080874866665016e-07,0.03301400534961064,1.1958072589896121e-05,6.897612433756603e-09,0.002508952008329315,2.2949671016114177e-05,0.03255369000889754,1.0339980200626646e-07,0.9269057636962622,2.8564544191658627e-05,8.738977541496325e-09,7.427761783434724e-06,9.379089597118371e-06,2.4900168229953425e-09
70,6.840741214679499e-07,9.86004117415753e-08,0.0025868144230851036,7.58045413064057e-05,6.821504631036427e-07,2.0078863862126734e-08,3.6351220983597235e-06,1.6884851775229308e-05,2.0568716445511675e-08,1.6075078212998924e-05,3.0528142254833463e-07,3.210169761726724e-08,0.012912161471160654,8.90913360132804e-06,1.2634013934609377e-09,0.0011669215281684252,3.940753027162274e-06,0.012625151084972037,1.585828668164705e-08,0.9705655584133561,1.0833740567831547e-05,1.8414975386456883e-09,2.1264976463879496e-06,3.3204910397700965e-06,1.0510997854194831e-09
71,6.8365253280370374e-06,4.5052494726197325e-07,0.008412435928995939,0.0005330952217963685,1.3892238736222879e-06,1.2643971910290672e-07,6.7047256573550455e-06,8.641514693745796e-05,3.217789645873622e-08,6.201835942410768e-05,1.6559804196667809e-06,1.1580376890519118e-07,0.035763311064019386,1.3993419796787245e-05,6.156288651730878e-09,0.002485191146560006,2.3601167328468586e-05,0.044101245841340474,7.643492558691896e-08,0.9084691793395242,2.116548658041454e-05,1.031364564092496e-08,6.415446638135742e-06,4.526059556891022e-06,2.0650310093288583e-09
