,0,1,2,3,4,5,6,7,8,9,10,11,12,13,14,15,16,17,18,19,20,21,22,23,24
0,2.911553779280954e-06,0.49884689447788827,1.3320850042269949e-05,9.689446964162354e-06,0.08754290977286,7.180660766748903e-08,0.00024372504651083035,9.347671776760258e-07,0.015330215478636522,6.652287051982168e-06,0.0032123455521709957,0.004714875598124441,8.605154319167313e-06,0.22247734583397258,0.00011695289942618119,6.229889924500231e-06,0.000724767856783732,2.8680292719495414e-07,4.072819166942171e-05,2.52476508809096e-07,0.0006269684182103528,0.00018956219360811568,2.828520556802567e-06,0.0009146547093617822,0.1649662704149172
1,2.262888009867401e-06,0.41150662164713464,1.6414420506139914e-05,9.794455630232148e-06,0.07344332293764022,1.136531601357725e-07,0.0002812996566333792,9.89232365400578e-07,0.033341761215519114,1.4294272818823294e-05,0.0022743297475414,0.003198160906873068,9.874149143031073e-06,0.2852176448784062,0.00013705714944707825,8.413646640472685e-06,0.00040015383119244385,4.0137249524006163e-07,6.289975773411177e-05,4.0488310246705305e-07,0.0006850542860147083,0.00018576614773741822,3.468770778384879e-06,0.0012099228833398156,0.18798957321013607
2,1.6966205072204085e-06,0.36922108767702955,1.0782831092064813e-05,6.498562177924406e-06,0.07404998192275894,7.111892901571561e-08,0.00016256441752718318,8.265398846596047e-07,0.022475866132317352,8.606581133257322e-06,0.002511715820083813,0.0032821540769616547,5.5363789556009394e-06,0.3314726957991294,0.00013713685686126388,4.345803381877531e-06,0.00035163004599074715,2.158013219920367e-07,2.8463750237016407e-05,2.904198534924136e-07,0.0004309842844246942,0.00017683701067685155,2.2850093453517457e-06,0.0006922304518472778,0.1949654960875718
3,2.5295382724124487e-06,0.4630627582037201,1.213503803550714e-05,8.220108399797987e-06,0.07468292804559128,8.156344315929812e-08,0.00021928946431203712,9.220387890673334e-07,0.020269305672270768,8.244574791466411e-06,0.003023489445447497,0.0038907914474662765,8.237827645791061e-06,0.26090657657186866,0.0001255986110602417,5.3485087866602664e-06,0.0004989764114401964,2.784272593630101e-07,4.1683759329792254e-05,2.6634287266511195e-07,0.0005671904907187075,0.00021577126319598472,2.555942490170783e-06,0.0008199305059831935,0.17162689019680905
4,2.4455628129234024e-06,0.4621950686456352,1.2172346809924374e-05,7.988791042434456e-06,0.07229391225829589,7.02411751424327e-08,0.00022209193709552208,8.979514409467797e-07,0.01998036586804003,8.019719954726025e-06,0.002880686899184176,0.003708985049030519,9.232861602445927e-06,0.28257501482161324,0.00010664859423694597,4.7464947631016464e-06,0.0004566484782946476,2.97444376528285e-07,4.076698762548291e-05,2.806700427324887e-07,0.0006127979603961586,0.00021539115373292756,2.4075708294542494e-06,0.0008196858201159664,0.1538433758718528
5,2.5980859440978835e-06,0.4446449776788882,1.4153601650601975e-05,1.1120460077707052e-05,0.08852064456598932,8.716684124891743e-08,0.00021250550428865924,9.589830821241861e-07,0.021596597277124756,1.047996092739582e-05,0.002917054537522846,0.003237453381792384,9.191162514131068e-06,0.2989662304036878,0.00010369278074574247,5.23897839660148e-06,0.0004913613479430039,4.5168446807663535e-07,4.5146508756136995e-05,3.4818295769475497e-07,0.0006857992643085485,0.00017838196251252506,3.4953820008441987e-06,0.0009937845991291412,0.13734824653845057
6,2.5295382724124487e-06,0.4630627582037201,1.213503803550714e-05,8.220108399797987e-06,0.07468292804559128,8.156344315929812e-08,0.00021928946431203712,9.220387890673334e-07,0.020269305672270768,8.244574791466411e-06,0.003023489445447497,0.0038907914474662765,8.237827645791061e-06,0.26090657657186866,0.0001255986110602417,5.3485087866602664e-06,0.0004989764114401964,2.784272593630101e-07,4.1683759329792254e-05,2.6634287266511195e-07,0.0005671904907187075,0.00021577126319598472,2.555942490170783e-06,0.0008199305059831935,0.17162689019680905
7,6.281302234213332e-06,0.6059939105429819,1.4366427446574863e-05,1.0972565183810403e-05,0.06957633192118473,8.703762955292048e-08,0.0004124459997353977,1.60816543201042e-06,0.01643805724183661,7.2683219291892676e-06,0.006030011677092553,0.00481172427790807,2.5976259887691198e-05,0.18272072842219014,0.00015460867195419555,5.810144197451393e-06,0.0005650817889005335,4.483198723027731e-07,8.444201325870859e-05,3.0980422844529826e-07,0.0007786885545089532,0.00046128083437654843,1.6606751201495553e-06,0.0006611522798741092,0.11123674675103629
8,2.14482846429074e-06,0.3963385684250461,1.8583766112939714e-05,8.231078777170655e-06,0.06303685462222854,6.167585591432461e-08,7.010423496220157e-05,4.243772570043509e-07,0.019230658879425964,1.0574845634566639e-05,0.0014339487751374696,0.003229769416881031,4.704985942366389e-06,0.2688492887191889,9.87025956722288e-05,5.439172506671463e-06,0.0004740920550963391,1.444606601104046e-07,1.3596270407949607e-05,2.728278180391258e-07,0.00024317921828809514,0.00010166024873399743,3.3706049082254357e-06,0.0016084604084431822,0.2452171635065508
9,1.0107756592155055e-06,0.4008833376809045,1.6586471973945214e-05,6.834195531648409e-06,0.04166171779355532,4.889461505282278e-08,5.855958752102133e-05,4.5367305114903964e-07,0.018645265857268258,1.656935704128428e-05,0.0008849536266552979,0.0020447851587969603,4.077376132474427e-06,0.33327251659811613,7.267783433836357e-05,6.029558844886005e-06,0.0003355713582402563,1.5834495537995661e-07,1.579094090962778e-05,3.411885364721861e-07,0.00026173226213742796,8.011033698580722e-05,2.7092858432029754e-06,0.0012784587866280601,0.2004497030557582
10,2.5295382724124487e-06,0.4630627582037201,1.213503803550714e-05,8.220108399797987e-06,0.07468292804559128,8.156344315929812e-08,0.00021928946431203712,9.220387890673334e-07,0.020269305672270768,8.244574791466411e-06,0.003023489445447497,0.0038907914474662765,8.237827645791061e-06,0.26090657657186866,0.0001255986110602417,5.3485087866602664e-06,0.0004989764114401964,2.784272593630101e-07,4.1683759329792254e-05,2.6634287266511195e-07,0.0005671904907187075,0.00021577126319598472,2.555942490170783e-06,0.0008199305059831935,0.17162689019680905
11,2.810740906612102e-06,0.4690922396938269,1.2597787565424107e-05,8.708877785087201e-06,0.07749165261368515,8.033801206477416e-08,0.00024359942729375322,9.548751299851875e-07,0.020580528540815074,7.915098088410927e-06,0.0031777296860465345,0.0041945942251459265,9.849382179374136e-06,0.2560418537030854,0.0001241088994556904,5.5316318523667e-06,0.0005069533502898432,2.998872712229501e-07,4.4437444422030056e-05,2.8813502161951077e-07,0.0006055014134329894,0.00023360840989642507,2.556132539172497e-06,0.0009068029606483863,0.1667047967456045
12,2.922591314178317e-06,0.6281054697499142,9.308798290558402e-06,1.2761157286065425e-05,0.036927916228990276,8.793424331965264e-08,0.0003092635791347261,1.4688325753849777e-06,0.01849781986480681,9.548596977833878e-06,0.0027709532675207708,0.0042304070607847855,1.3294444849261938e-05,0.17695874814262136,0.00018116705027828933,8.94308489936245e-06,0.00046044859509894177,3.3831953210136975e-07,0.0001016233774150861,2.236785333761019e-07,0.0005098284165704035,0.00032378414359277865,1.9395289670361734e-06,0.0006259230866240357,0.12993581046917907
13,2.567705118853354e-06,0.38024003895330905,5.92505327046279e-06,3.1145716546979836e-06,0.06574658283462398,2.8634967886407754e-08,0.00015407007756149983,1.279025402590096e-06,0.009334153557803048,2.0890563912874325e-06,0.007738746160519583,0.008067147546031966,5.342495440671265e-06,0.3216004782939728,0.0001417744028172847,1.989973989702153e-06,0.0003886327652087034,1.21047450772673e-07,1.9077219253253974e-05,1.201445330831359e-07,0.0003920224865854594,0.00036320692892057054,6.753633584103097e-07,0.0002377505992180687,0.20555306510259633
14,2.8277967073666694e-06,0.31841750728436735,1.4670788856704534e-05,6.813947050731235e-06,0.05186587731188992,1.323234150487145e-07,0.00026670973104753507,1.2021696049738477e-06,0.03200102087545398,8.90583474336394e-06,0.0024186285052976513,0.006234592309130432,6.692159667463638e-06,0.26444057558192274,0.00021361977083089257,9.844186495099614e-06,0.0004390016584865113,2.0126805562287758e-07,3.0387896028870044e-05,3.1450263984625395e-07,0.000329672840471695,0.0002505168881593097,2.776267676171025e-06,0.0009002953071299051,0.3221372127948709
15,2.5295382724124487e-06,0.4630627582037201,1.213503803550714e-05,8.220108399797987e-06,0.07468292804559128,8.156344315929812e-08,0.00021928946431203712,9.220387890673334e-07,0.020269305672270768,8.244574791466411e-06,0.003023489445447497,0.0038907914474662765,8.237827645791061e-06,0.26090657657186866,0.0001255986110602417,5.3485087866602664e-06,0.0004989764114401964,2.784272593630101e-07,4.1683759329792254e-05,2.6634287266511195e-07,0.0005671904907187075,0.00021577126319598472,2.555942490170783e-06,0.0008199305059831935,0.17162689019680905
16,2.3545233895102362e-06,0.4642332379431436,7.285624332676536e-06,6.088363188590188e-06,0.054854341832062545,4.866241880114106e-08,0.00019521268361695455,1.0385364472859743e-06,0.014350683096825842,4.995267188365513e-06,0.003622968300644901,0.005260989816289833,7.044710202756983e-06,0.28288607263658505,0.00014598806633132598,4.0417930488492405e-06,0.00043903254289478,2.1304867444407605e-07,3.881067843670374e-05,1.7115448931652057e-07,0.00044904495162427944,0.00029812895461112695,1.3762524761492934e-06,0.00043649903639805896,0.17275433152467823
17,3.1009031505579817e-06,0.3789183817418646,1.3424323068342736e-05,5.624112230777128e-06,0.11823530820531707,5.0965224723037884e-08,0.0002998323081424677,7.172693029324692e-07,0.01827929263427159,3.8105511327779275e-06,0.003950270585451943,0.005040329595431022,9.41221998939394e-06,0.32785650604776373,5.278730044444491e-05,2.761935454305743e-06,0.0005596175871082965,3.2334696340249337e-07,2.4007224069152697e-05,2.353193628440156e-07,0.0009420194780480465,0.00018460504914081835,2.6503613176203994e-06,0.0009806358524584334,0.14463429508329065
18,1.3310966676368385e-06,0.3224758362203945,1.1369019197959026e-05,2.69114807989217e-06,0.041743978258875845,4.3809867390861905e-08,0.00015592028837176205,5.463461288664063e-07,0.01287229211235274,5.226150549949013e-06,0.0018492301753474407,0.004636854344607703,3.7816199458768394e-06,0.29255583110570077,8.85327402375569e-05,6.115298039561274e-06,0.0005406074858934032,1.368571780572029e-07,2.1334547649826752e-05,1.9233157239396904e-07,0.0005247639027109221,0.00012997346025355768,2.0806088797777043e-06,0.0007693568951232176,0.32160197417637343
19,1.7217214704143733e-06,0.5026296482647115,8.86087839013215e-06,1.3431170706250038e-05,0.08263906939679158,1.1389420815583346e-07,0.00018867341804599535,8.118583861606729e-07,0.02842226132021879,1.1445406097331975e-05,0.001891101383338267,0.003459302178970023,7.049785813864419e-06,0.2324525872064185,0.0001515915114755266,5.094961526854787e-06,0.00036137135034347453,2.0920110674459155e-07,3.883138134942848e-05,2.724842753560902e-07,0.00029347727343517445,0.00022465216761901572,2.447119054671362e-06,0.0007808461966745982,0.14641512846957214
20,2.002809827108376e-06,0.5250268521523671,7.448565844597673e-06,7.355908045008246e-06,0.055778285403528784,7.140311423763639e-08,0.00018174211605497475,1.033919687432437e-06,0.019042673110820835,8.392425878557636e-06,0.0029189812573305256,0.0029572403155932367,8.959070239296033e-06,0.264659136433002,0.00014868197468105747,3.546542441586229e-06,0.00034633291171631267,2.0050356863317375e-07,4.5300080198096485e-05,2.3695748980209856e-07,0.00043881322117062075,0.00036356827542170073,1.4165816944658997e-06,0.00044798124481283555,0.12760374681547124
21,3.837887493122722e-06,0.38989976362820306,2.1710324114164276e-05,7.1059143687038145e-06,0.06332751262229387,3.7886997729139596e-08,0.00020916568450481506,9.450883630140615e-07,0.013967033722128472,5.844445983947347e-06,0.0028972149219638242,0.0061276156997634,1.0331782260610658e-05,0.3452983294670755,5.990125405789039e-05,6.752133877782433e-06,0.0006449412548220666,4.796286373384096e-07,2.576694362668201e-05,3.084429846249769e-07,0.0007670347750505954,0.00013202815266522954,2.9103961105924087e-06,0.0012618665802050563,0.17532156136244798
22,3.4201135552753876e-06,0.5042073960387164,1.7808047139938674e-05,8.439468633934245e-06,0.06737105392125857,7.84332117242914e-08,0.00016149791885532245,1.2582087475186465e-06,0.011169827132519237,1.1087750927374048e-05,0.003681591691007097,0.002672444754358995,8.98746715166182e-06,0.29425172517733483,8.117483475343478e-05,4.864353614780576e-06,0.000915547230042626,4.931008584345575e-07,4.342268047036526e-05,3.022131560328452e-07,0.0009830358539208855,0.0002129353104641,3.380176667242476e-06,0.0006208657962771393,0.1135673623263571
23,2.5295382724124487e-06,0.4630627582037201,1.213503803550714e-05,8.220108399797987e-06,0.07468292804559128,8.156344315929812e-08,0.00021928946431203712,9.220387890673334e-07,0.020269305672270768,8.244574791466411e-06,0.003023489445447497,0.0038907914474662765,8.237827645791061e-06,0.26090657657186866,0.0001255986110602417,5.3485087866602664e-06,0.0004989764114401964,2.784272593630101e-07,4.1683759329792254e-05,2.6634287266511195e-07,0.0005671904907187075,0.00021577126319598472,2.555942490170783e-06,0.0008199305059831935,0.17162689019680905
24,1.4703479636999482e-06,0.5797121615415637,7.674517941522666e-06,1.128331594322606e-05,0.05708888225439784,5.5197880011057384e-08,0.00014968048711819042,8.179071512451597e-07,0.01398801919222035,9.238628709521983e-06,0.0018950653107955562,0.0025563551739932284,6.499780449266721e-06,0.23762098643832588,0.00010042540323791501,4.316850017033519e-06,0.00044396302422259443,2.6374351817095397e-07,4.9141569117421514e-05,1.9839595654168577e-07,0.00046744689701666786,0.00017310777030581074,2.1635200775663715e-06,0.0005699931389329423,0.10514078959314414
25,4.182339168555033e-06,0.3299156654967719,1.5244839308901525e-05,8.328871828070138e-06,0.1384388180851579,6.385269470583912e-08,0.0004406040982041996,2.5712119937872276e-06,0.014322756734235961,4.268052525333694e-06,0.00825629423286866,0.006896567465037927,1.1042906760057463e-05,0.37999614346847516,7.099569990931637e-05,3.979805378743638e-06,0.0006436732460200213,7.871044756381841e-07,3.644210332231205e-05,3.470094047376543e-07,0.0013115268281281855,0.0002237973371037529,2.710647637861571e-06,0.0005717488158058614,0.11882143974778252
26,3.3269849325628937e-06,0.34353612067103895,2.7223794830922017e-05,1.2198097547063626e-05,0.1288343407705893,1.0662242511801555e-07,0.00017416397923591316,5.086397768960838e-07,0.03801515863644577,1.2821400430447745e-05,0.0019605846732544036,0.0026386813771027574,8.596831749755008e-06,0.3255398305696492,6.105137146396379e-05,5.09283215150851e-06,0.00045662294307183027,5.491423611092321e-07,2.4889597359750442e-05,4.639280089644454e-07,0.0006784398113026375,8.893371016091969e-05,7.6101308614280305e-06,0.0028307024117538333,0.1550819810724951
27,2.2119111086692856e-06,0.46061751317255917,8.590805583443348e-06,9.262524231215152e-06,0.0681947329406874,1.222282827408358e-07,0.00019966316649773846,9.49287153693118e-07,0.03539098369302205,1.0596664030815939e-05,0.0025610597250755704,0.0036010784018680386,7.908517320086126e-06,0.2387021785859605,0.00020744681235516127,5.2913846404012235e-06,0.00029405104333714494,2.0442622125952652e-07,4.737602550092939e-05,2.761370048957102e-07,0.00031747885913902815,0.0003287856099478266,2.0530206977211423e-06,0.000775631366878426,0.1887145536908962
28,2.5295382724124487e-06,0.4630627582037201,1.213503803550714e-05,8.220108399797987e-06,0.07468292804559128,8.156344315929812e-08,0.00021928946431203712,9.220387890673334e-07,0.020269305672270768,8.244574791466411e-06,0.003023489445447497,0.0038907914474662765,8.237827645791061e-06,0.26090657657186866,0.0001255986110602417,5.3485087866602664e-06,0.0004989764114401964,2.784272593630101e-07,4.1683759329792254e-05,2.6634287266511195e-07,0.0005671904907187075,0.00021577126319598472,2.555942490170783e-06,0.0008199305059831935,0.17162689019680905
29,2.5295382724124487e-06,0.4630627582037201,1.213503803550714e-05,8.220108399797987e-06,0.07468292804559128,8.156344315929812e-08,0.00021928946431203712,9.220387890673334e-07,0.020269305672270768,8.244574791466411e-06,0.003023489445447497,0.0038907914474662765,8.237827645791061e-06,0.26090657657186866,0.0001255986110602417,5.3485087866602664e-06,0.0004989764114401964,2.784272593630101e-07,4.1683759329792254e-05,2.6634287266511195e-07,0.0005671904907187075,0.00021577126319598472,2.555942490170783e-06,0.0008199305059831935,0.17162689019680905
30,2.5295382724124487e-06,0.4630627582037201,1.213503803550714e-05,8.220108399797987e-06,0.07468292804559128,8.156344315929812e-08,0.00021928946431203712,9.220387890673334e-07,0.020269305672270768,8.244574791466411e-06,0.003023489445447497,0.0038907914474662765,8.237827645791061e-06,0.26090657657186866,0.0001255986110602417,5.3485087866602664e-06,0.0004989764114401964,2.784272593630101e-07,4.1683759329792254e-05,2.6634287266511195e-07,0.0005671904907187075,0.00021577126319598472,2.555942490170783e-06,0.0008199305059831935,0.17162689019680905
31,2.86700479275875e-06,0.49185086891912067,1.5167041093456406e-05,7.963149450432134e-06,0.05942946235275685,7.14785867102925e-08,0.00021608152607000035,1.2059206837887682e-06,0.01613168700492487,8.949596957416992e-06,0.0027927713347036024,0.003991328632743278,8.447936998551135e-06,0.26312977955533406,9.919821011813113e-05,6.681348339162947e-06,0.000600373244744133,3.376115225677722e-07,4.054801060247209e-05,2.6564482856298434e-07,0.0006476938628853054,0.0001987471843855876,2.575961767528778e-06,0.0007557147045895919,0.1600612127620005
32,2.503344528194165e-06,0.4782264570310396,1.1872960357026593e-05,9.125073157211017e-06,0.07375781909061238,8.896785421271937e-08,0.00023836843112770456,9.67761039108135e-07,0.02052707083570231,9.022852250632008e-06,0.0030412370705066227,0.0037430721858823096,8.910823939110036e-06,0.247888081335327,0.00014437905529499561,5.9829455007874935e-06,0.0005196231408560087,2.968453336509489e-07,5.4207163939432136e-05,2.7635765298444385e-07,0.0006274924212381994,0.00023110347094868042,2.7029932384737773e-06,0.000842646138543233,0.17010669170413012
33,5.11570163186422e-06,0.6401082497245623,1.0489976407292473e-05,1.121059010044464e-05,0.0638821866921509,4.5144843765385375e-08,0.0003747466576052131,1.5962529920289292e-06,0.007590456288812023,3.440666687028565e-06,0.005216082467064134,0.008906449886866931,1.723889683299082e-05,0.16600990594055862,8.054998721652284e-05,6.974047172671609e-06,0.0011284966335820895,4.2103947639309997e-07,5.812963301901845e-05,1.8643974542043372e-07,0.0008336131383613091,0.0003351675813114393,1.761029934465571e-06,0.0006776312417632183,0.10473985434130201
34,2.374683359198578e-05,0.41281772304573056,2.3416462960375054e-05,1.9626538502001008e-05,0.20195068983867398,1.5899240015875768e-07,0.0008032585953792529,1.9798825036601043e-06,0.04117133460508371,6.023446860076566e-06,0.01507246854595198,0.005989012925833997,4.2027205324225005e-05,0.1882291248629117,0.00030257997713982563,5.438723831033216e-06,0.0004979141060435761,1.2127981553894626e-06,0.0001696701406586802,3.3987227911133533e-07,0.0016427087679339312,0.0005491629295262969,3.5900251159691057e-06,0.001520320765378008,0.1291564701122305
35,7.960235429198457e-06,0.5748893883110324,1.7185228301595902e-05,1.2389288021183288e-05,0.04587737694009171,1.548164418751228e-07,0.0003913222109309684,2.4487199475161433e-06,0.027372193494769728,1.2258803734064065e-05,0.0037997980466540856,0.00777693922314432,1.9342028877314357e-05,0.18901230762777613,0.00011863574486814537,1.5668453709061023e-05,0.0006823192272274078,8.192514666917621e-07,9.108359668313085e-05,3.043393413214538e-07,0.0006239554609056103,0.0005016144645392915,2.5786946412760983e-06,0.001055375245440379,0.14771658054602568
36,2.2885731472308598e-06,0.5853154786989442,7.800106692522592e-06,8.873429644500366e-06,0.02073607629540084,7.719655828203383e-08,0.00017553946402286267,1.9961681276743277e-06,0.017660743370742627,1.2805377402899038e-05,0.0015317460719581621,0.004595874917580656,7.886813489412168e-06,0.2528941116387789,0.00011952795041433225,8.424831885475318e-06,0.00045338382850295664,2.747513902805501e-07,4.588468702489068e-05,1.8809037730760793e-07,0.0002415162943431739,0.00043573564864997344,1.2196318567930434e-06,0.0002867465309566802,0.11545579963210736
37,4.686522138785939e-06,0.36802110599648724,2.6229569661140165e-05,7.63277699941995e-06,0.10663789970944466,5.745809780426905e-08,0.00030177519524455837,6.468044447989518e-07,0.022543853315878826,6.263844662584995e-06,0.003139153163260567,0.004891645621255362,1.3830976757059388e-05,0.31687359720460423,6.0054256435609324e-05,5.5060158860209655e-06,0.0006028551522598205,5.178099147237449e-07,2.9215206500113335e-05,3.7949602616333227e-07,0.000995870036040403,0.00013481212766596013,4.033710355019611e-06,0.0020325950104261295,0.17366578301955302
38,3.6836537228618815e-06,0.4877003384708733,1.5777109334678306e-05,1.2069351307447369e-05,0.07566517071788098,1.4841160075782214e-07,0.00042764229301876463,1.272484656074602e-06,0.024896906660909365,1.1365639571748054e-05,0.0034348461802162634,0.004411392627237616,1.3859860286976551e-05,0.21683701917275083,0.00019265095633958927,1.076817376862738e-05,0.0006849982951817722,4.819188760383235e-07,9.140708152255857e-05,3.957557692793914e-07,0.000868536090003016,0.00027688851913038477,3.992692974279483e-06,0.0011327247061607316,0.18330566317690627
39,5.183013432513512e-06,0.4533511916391372,2.0656999599261498e-05,9.213946054012558e-06,0.07237014484097759,1.81366701914039e-07,0.0006238304257870598,3.0936810652639934e-06,0.016799739866575375,8.476787169306302e-06,0.0053372769417968065,0.009429738771343616,1.379553933837011e-05,0.20622633404662474,0.0001466401454096402,1.7830831686947444e-05,0.0012932436747348887,5.302092561229815e-07,7.724203902484576e-05,3.8577393576796875e-07,0.0012730441539542858,0.00038742169174055843,3.913848091667489e-06,0.0009557647343726242,0.23164512503218956
40,2.7824820708863243e-06,0.4535674473010151,1.0091392949852917e-05,4.715670815406886e-06,0.07071021740262012,6.918882777264309e-08,0.00019206295665179506,8.145223409102872e-07,0.01613024783758823,4.540305965678154e-06,0.003614963927221286,0.0057283151662197935,6.977581954670727e-06,0.23399079454203733,0.00014185210957606928,3.6605472254161283e-06,0.00048254205570301867,1.1815889503442492e-07,2.1407141652190737e-05,1.828741794762861e-07,0.0003599726813619408,0.00031843589411554153,1.2842532705103183e-06,0.0004894918684419811,0.21421701213729982
41,2.4117366520749134e-06,0.39914828293071,9.092635200753026e-06,1.9357643195908407e-05,0.15672411672086511,2.0279088245524503e-07,0.00018147125023051626,8.538810610453315e-07,0.04272130704364861,1.1484769618842902e-05,0.003169538925903826,0.0037242223899063634,5.244821852001215e-06,0.1916536417107514,0.0004029240349603868,4.945189065420259e-06,0.0003216156423480034,1.8729728096962333e-07,4.362376491353747e-05,2.6593838130660953e-07,0.00021048051373310389,0.0002174510084339487,3.159694837473772e-06,0.0008661007606090264,0.2005580169049579
42,3.1744275088901278e-06,0.6357703312253234,7.5091831378527176e-06,1.0242524011096008e-05,0.04625402979794228,1.446349235684865e-07,0.0002707948959901964,1.7000929518399706e-06,0.01889808678525139,1.0183066221389563e-05,0.003375260990844157,0.0044778551469034766,1.2559208603674756e-05,0.13768859865627325,0.0002533275442462065,9.226729340439276e-06,0.0006122267467048035,2.0131380781063813e-07,9.70422200742557e-05,2.2301468691307996e-07,0.000407143237065924,0.0007136182989353699,1.4312423311377545e-06,0.0004938184481797044,0.15063127056874095
43,2.0880678355542914e-06,0.4595165843089209,1.329243295151834e-05,1.2382808019672369e-05,0.0759687117914203,2.3755629949860585e-07,0.00022273720961403135,1.4633578819010404e-06,0.03425378083748551,2.568492063717529e-05,0.002602643416808744,0.0020023221011812005,9.153627206457366e-06,0.27081835862865494,0.00022241710894440052,7.485225749181356e-06,0.0004118075420961604,3.7836421212509e-07,8.469728317777548e-05,4.6315663006288164e-07,0.0006962891696161144,0.0003219869879110499,3.679916975234804e-06,0.0007671606946875708,0.15203419348508276
44,2.5295382724124487e-06,0.4630627582037201,1.213503803550714e-05,8.220108399797987e-06,0.07468292804559128,8.156344315929812e-08,0.00021928946431203712,9.220387890673334e-07,0.020269305672270768,8.244574791466411e-06,0.003023489445447497,0.0038907914474662765,8.237827645791061e-06,0.26090657657186866,0.0001255986110602417,5.3485087866602664e-06,0.0004989764114401964,2.784272593630101e-07,4.1683759329792254e-05,2.6634287266511195e-07,0.0005671904907187075,0.00021577126319598472,2.555942490170783e-06,0.0008199305059831935,0.17162689019680905
45,4.361230637033481e-06,0.39761118164596276,9.774263971698881e-06,3.167928126949927e-05,0.19052328731373647,3.8072702982528804e-07,0.0010344225988965124,2.0340418702031507e-06,0.06340970279839754,9.858571473224978e-06,0.005324448231286232,0.006890567258193103,1.8130775138623834e-05,0.13956582443124904,0.0007178804423125187,1.265617606307962e-05,0.00040565885397238026,4.237072839891169e-07,0.00015674532743974125,5.297887190889497e-07,0.00045123311360193357,0.00046926898812644005,3.899468464134496e-06,0.0012198559772721974,0.19212619498763275
46,4.988936296887632e-06,0.6963400276436689,8.867962689765217e-06,1.0250739018187083e-05,0.04878700603695347,6.075546013055121e-08,0.0001869680765670795,1.1334368923885878e-06,0.004244104013887317,3.278287172550803e-06,0.004040569250828676,0.00879016371930639,9.481223887952207e-06,0.09023257614539897,0.00013847673551796645,8.607762766744832e-06,0.0023123028026052327,1.4382779749786454e-07,3.798230868868074e-05,1.2433820423338956e-07,0.0003741343152849152,0.00039497231581316907,1.7426195152733566e-06,0.0005131405769102966,0.14355889616886736
47,3.595195312630662e-06,0.6854535750595331,7.860377052818529e-06,4.673601142104305e-06,0.023342715104160562,4.827914729300149e-08,0.00017335824667661745,8.710020581316459e-07,0.010924886232338823,4.777693208177204e-06,0.0021543749234515593,0.006516204780082708,1.1034121947997832e-05,0.11765296829252692,0.00010035031943503875,7.151562796577518e-06,0.0005180660063936993,1.1853966873453869e-07,3.01488793213971e-05,1.327808171259988e-07,0.00021135609148487526,0.0004230245592404385,7.44486281799456e-07,0.000502730652534483,0.15195523321338658
48,2.512921042526397e-06,0.468124951408625,1.204024555258224e-05,8.249071464587844e-06,0.07355492645254923,8.101189214311301e-08,0.0002176495893202631,9.232914060604224e-07,0.01991653732519149,8.261446458555068e-06,0.002990135561810521,0.003871737622788095,8.204443370602927e-06,0.25897157649357466,0.00012505365285458742,5.366147275659744e-06,0.0005048342145787157,2.7661017283254697e-07,4.181491805412555e-05,2.6366595982213434e-07,0.0005640903575019407,0.00021613827179218313,2.542744169042508e-06,0.0008088361515510056,0.17004299638104375
49,3.1210878061842353e-06,0.4453041434294045,1.5201777094581453e-05,7.748476608776753e-06,0.07820332502954094,1.1170112316070338e-07,0.00022466280554179203,1.0684001468942867e-06,0.02256901799714017,8.512218113920411e-06,0.0032962344251985503,0.004946448859849532,8.488759980142615e-06,0.2594695438091555,0.00010909062262984669,5.57411071780642e-06,0.000515483293808438,2.802768375554605e-07,2.9267252038491863e-05,3.03968117267081e-07,0.0004905738175664368,0.00023257251591688415,2.6722763711295047e-06,0.0008600709453012767,0.1836964821439904
50,1.6172768369372996e-06,0.4890387459096089,1.0768339793406014e-05,7.219897216549059e-06,0.046412938973430434,7.353412695450955e-08,0.00024841938198516187,1.1153805383662906e-06,0.02103619702450196,1.1913058078897268e-05,0.0019750590811075564,0.0026977838239154975,8.953875988876704e-06,0.2986343307250614,0.0001171482345825026,4.992786811621745e-06,0.0003484135407299974,2.4428830417485377e-07,5.431253714523738e-05,2.614923334957033e-07,0.0005932798196664447,0.00024602580951816027,1.785816538154698e-06,0.000495334564462965,0.1380530648277164
51,3.1820422505690456e-06,0.36893538856753655,1.6400613205838458e-05,7.72678783562291e-06,0.10217082850877257,1.1014580415804133e-07,0.00032564571257873913,9.098979748014875e-07,0.026138939532834277,8.125205682492923e-06,0.003731514660842989,0.004503080304921722,9.677301437670193e-06,0.27057495272932175,0.00013456874798776307,6.814022362138566e-06,0.0006009597660422771,3.566287980858964e-07,4.704128043581436e-05,3.526267871584703e-07,0.0008341580968453079,0.00020753677872558358,3.7947971906695514e-06,0.0012854544559704677,0.22045248078785504
52,3.2887511663029768e-06,0.5471986773106217,1.2787380745010467e-05,3.701063369337121e-05,0.036278561525860495,2.829532230690828e-07,0.0001363285922213308,2.4633646548718242e-06,0.039745080935207934,8.335714103389502e-05,0.0020916017599815436,0.001581858141294967,1.687827158880969e-05,0.2769914053940948,0.00044815149275351956,1.8321687502121835e-05,0.0003251464789688183,1.4159064516025499e-06,0.00021414538144078185,9.114360943195932e-07,0.00033495033024851894,0.00044585499744953614,3.8485726790199396e-06,0.0007557548046450042,0.09327191675637878
53,2.6883773649898334e-06,0.3178805631423011,1.2019837336403313e-05,5.87846367462628e-06,0.08559964781804807,1.0378683237002214e-07,0.0006797425714062195,1.1724733871415177e-06,0.029989772967308696,4.2985488599981e-06,0.003962763286275667,0.008769548098054506,9.036776814412857e-06,0.27927138040109545,0.00014365165415489368,7.090737671777612e-06,0.00044658621735504933,2.9669058343565513e-07,3.829801356248591e-05,3.091459513638491e-07,0.0006797886789951096,0.00020793842364331223,2.975604604551041e-06,0.0009191757285390199,0.2713652725561793
54,4.031882282745923e-06,0.4749944349548136,1.5121169973649386e-05,1.197286841697966e-05,0.10668237453139594,1.1436309347011543e-07,0.0003100680502643424,1.2430836025156332e-06,0.02101706302230073,8.82420207930316e-06,0.004599939731399431,0.0038193868544728667,1.2375121165394598e-05,0.2513386683995732,0.00012439540850151093,5.402295436198318e-06,0.0006658145977869009,4.964511675188561e-07,6.183985447004894e-05,3.2209427157107e-07,0.0009624124433246224,0.0002616013067584133,3.6633875553823238e-06,0.0009651147993253261,0.13413331912656828
55,1.05456802363585e-06,0.6879978724395681,8.057255685042641e-06,5.173773728520789e-06,0.0194181646159249,4.2961640145789116e-08,2.8609955458809242e-05,9.567077749487965e-07,0.0040098424122044785,2.4713830527917248e-05,0.0014512332010305953,0.0004026935957331364,4.100377629308624e-06,0.22731693907523862,0.00011589652165923483,2.6982526107113725e-06,0.0006533136321047285,1.3569903196598616e-07,4.0848057794748716e-05,1.8430066829404364e-07,0.00046250551348927236,0.0002616769714596458,1.118424108738543e-06,0.00011976001382879895,0.05767240784307591
56,2.6336378563897006e-06,0.4698968103830821,1.223223097260041e-05,8.280573686836175e-06,0.07351519533405045,8.023253686360411e-08,0.00022884994299288456,9.297902104201827e-07,0.020156048733448454,8.07188623381565e-06,0.003051876013428127,0.004008351190144382,8.919905472747942e-06,0.2584327668657495,0.00012360936755103011,5.372213587485801e-06,0.0005006602251011835,2.8497242423768215e-07,4.28154881047259e-05,2.7244921294053277e-07,0.0005811275695041678,0.00022466491809160287,2.5248390531090915e-06,0.0008401769633897393,0.16834744427411444
57,2.2610437535867357e-06,0.5785882421832276,9.876603343297144e-06,7.590243432172954e-06,0.05171574821279196,6.2392094620605e-08,0.0002960366314755301,1.0139791349631e-06,0.014413319027679103,6.980635918930334e-06,0.002768609215531785,0.00446364222888172,1.0948006859124411e-05,0.18800821439071438,0.00011542200000874807,7.266301620744035e-06,0.0005745526790807293,2.551291611234896e-07,7.944678182954915e-05,1.98888396257264e-07,0.0007736999693157665,0.0002678720953698666,1.8077438676882685e-06,0.000741650732817272,0.15714528288369348
58,2.4977561495876855e-06,0.44031150301393246,1.3447637954762434e-05,8.785854925771754e-06,0.08939068036716874,8.275247128434858e-08,0.00023645817801137058,7.395488933894774e-07,0.023290309351345333,8.053796708001847e-06,0.0028696497059179536,0.0039597950441896445,9.343172304374467e-06,0.25330549866678326,0.00012010894772275185,5.703858505832576e-06,0.00048223518067481893,2.8722571655817156e-07,4.234229982986507e-05,3.1962178144697066e-07,0.0006288075745854669,0.00018618358139713755,3.0862855126158005e-06,0.0012659077077431444,0.18385817286977438
59,2.385578803227003e-06,0.4293481346158626,1.4554501084451091e-05,8.003833535043201e-06,0.08416131262401143,8.314394557873273e-08,0.0002073339976121374,7.471663238941999e-07,0.022228178202939194,8.90233671032229e-06,0.002697590725650413,0.003571759299491912,8.250211658262186e-06,0.26986385784956823,0.0001085021157925112,5.6417346793442975e-06,0.0004976846547875664,2.885028631817159e-07,3.7543919223602316e-05,3.1913123880625315e-07,0.0006335545704478771,0.00017262269669475583,3.172430513312689e-06,0.0011852050261749612,0.1852343711303874
60,2.5295382724124487e-06,0.4630627582037201,1.213503803550714e-05,8.220108399797987e-06,0.07468292804559128,8.156344315929812e-08,0.00021928946431203712,9.220387890673334e-07,0.020269305672270768,8.244574791466411e-06,0.003023489445447497,0.0038907914474662765,8.237827645791061e-06,0.26090657657186866,0.0001255986110602417,5.3485087866602664e-06,0.0004989764114401964,2.784272593630101e-07,4.1683759329792254e-05,2.6634287266511195e-07,0.0005671904907187075,0.00021577126319598472,2.555942490170783e-06,0.0008199305059831935,0.17162689019680905
61,2.544671653509228e-06,0.411880311446478,1.605104101985523e-05,8.040228612995457e-06,0.08759396424937407,8.570826602312515e-08,0.00021106413560453014,7.535236960485287e-07,0.024273888102940115,9.362059786542026e-06,0.00272310972736721,0.003477295625688398,8.550066653718324e-06,0.28293196374808666,0.00010292357993892383,5.5064913346162536e-06,0.00047238005463710794,3.153340705084715e-07,3.705676403010391e-05,3.3252628933190897e-07,0.0006687856177153056,0.00016652418962231005,3.3435744453307825e-06,0.0012707136837165015,0.18413513384897212
62,2.5295382724124487e-06,0.4630627582037201,1.213503803550714e-05,8.220108399797987e-06,0.07468292804559128,8.156344315929812e-08,0.00021928946431203712,9.220387890673334e-07,0.020269305672270768,8.244574791466411e-06,0.003023489445447497,0.0038907914474662765,8.237827645791061e-06,0.26090657657186866,0.0001255986110602417,5.3485087866602664e-06,0.0004989764114401964,2.784272593630101e-07,4.1683759329792254e-05,2.6634287266511195e-07,0.0005671904907187075,0.00021577126319598472,2.555942490170783e-06,0.0008199305059831935,0.17162689019680905
63,2.223330873049196e-06,0.5141627810693057,1.0479565483034995e-05,7.704880592110608e-06,0.06158479634325719,6.870082864063733e-08,0.0001800377245870792,8.640170230259149e-07,0.01723040624533619,8.094686419728052e-06,0.002613249390802618,0.003569363973135056,7.543661688244347e-06,0.24214752800468925,0.00011596384451187595,4.986172043211099e-06,0.00048006533155140564,2.3424261350045437e-07,3.952057444560195e-05,2.2840032123450502e-07,0.0004887675246397134,0.00021589250466377393,2.1276949535307616e-06,0.0007024016151795714,0.1564246705010556
64,2.65966634628598e-06,0.44610065771754664,1.4589481810340391e-05,7.414612817603034e-06,0.07995486607373617,7.211349623630511e-08,0.0002531920493538243,9.401405814315629e-07,0.017567457786364454,7.738309981968136e-06,0.0032451154321742237,0.003617397908363459,9.235413242877833e-06,0.2840197643274896,9.885697294298878e-05,5.26020165611424e-06,0.0005892986831173961,3.418355352618216e-07,4.627799709570437e-05,2.80027186141516e-07,0.0009285818419793304,0.0001955753875026061,2.9413024006136744e-06,0.0008870760561434779,0.1624444086611352
65,1.00048418451172e-05,0.414698467546288,1.1839504634621802e-05,5.547354075659112e-05,0.2936042186770914,7.294241705289256e-07,0.0016885083683635094,3.036153205210843e-06,0.016087431422300697,6.6580141419183065e-06,0.01654767268023506,0.009638735455623762,1.709556260145074e-05,0.07600775748580207,0.0007790475049984469,2.1458117109350673e-05,0.0029497571689084414,1.3266433375973153e-06,0.00046647972325629785,3.4447250507490767e-07,0.0019516262710501395,0.0004085590244287876,1.4140449466145719e-05,0.0011827659376762857,0.16384686601020362
66,3.539500659731503e-06,0.4468437518836076,1.7661786653325754e-05,8.806482399287017e-06,0.08446505774835245,7.762689199245115e-08,0.0003158148866686295,1.2327872371299184e-06,0.022053400670867317,8.777454368157493e-06,0.0036056684424418963,0.004280120054964895,1.3912571694925617e-05,0.2884078373479846,0.00010783007069914027,5.89771998133283e-06,0.0004710658555372181,4.1081095247585403e-07,4.4626247248149725e-05,3.699796916309782e-07,0.0007390940630220064,0.00023848179791303702,2.2457841947729356e-06,0.0008638921323836159,0.14750042629358484
67,3.3536792730255447e-06,0.3244182707041986,4.6927023261468354e-05,1.1512262308914062e-05,0.09571763961179632,9.417404566152996e-08,0.0002171243439500694,1.0198355076996622e-06,0.011715899008492856,1.489359455433669e-05,0.0030249222428089108,0.0022664084739683343,1.0564570492503052e-05,0.4174602995516045,5.6597049769609434e-05,7.767074419898873e-06,0.0012663757834217538,1.0725457636954068e-06,3.992523835839491e-05,7.116588376569515e-07,0.0024383509174859923,7.561671741649435e-05,1.2245938698675465e-05,0.0017443631040850156,0.13944804489547957
68,1.578090499824786e-06,0.27632664014258823,1.550281201690278e-05,6.105362195193482e-06,0.08497547897535876,7.373372336175265e-08,0.00015515992445103193,4.7463354169504473e-07,0.0316335453521001,8.224534885142827e-06,0.0018773558003383447,0.003418065455473678,5.042257976078584e-06,0.38231675709782825,8.25930507060118e-05,3.3796902556668613e-06,0.0002641321290579392,2.055431585533124e-07,1.517919425664116e-05,3.1672378891132436e-07,0.0003657406624008827,9.54264503227854e-05,3.1857557032757257e-06,0.001181325408559418,0.21724851121881342
69,2.0910361417342718e-06,0.36562234692407614,1.7636070358169986e-05,6.765273711096587e-06,0.06972695174000072,7.518235768073763e-08,0.00023339869009829018,9.553422237620414e-07,0.020704801261315228,1.002444751818818e-05,0.002468888736202449,0.0033447930955747174,7.9365615567207e-06,0.35986605207332684,8.503697380222235e-05,5.771833512908412e-06,0.00045895517375797354,3.961443995100117e-07,3.668197508491325e-05,3.673618348319376e-07,0.0008706261834384669,0.00014346918658582775,3.369528076535575e-06,0.0009622256140759188,0.1754203835909691
70,2.278422242922164e-06,0.34831269622380334,1.1440627725266558e-05,1.1287229897620625e-05,0.15691708853059425,9.971986616629132e-08,0.0002628250656026906,7.468757651146965e-07,0.031852427398407726,6.033423915150988e-06,0.003350727633493472,0.003984948275566874,6.467891189692292e-06,0.28349856128023937,0.00014903814855224637,2.8276613595229177e-06,0.0003324932795379214,2.134548150396621e-07,2.713124500104188e-05,2.563749999647113e-07,0.0004339842636712878,0.000159752533264321,3.0958516834398897e-06,0.0008543014329625675,0.16981927715584286
71,5.82713666200933e-06,0.6366172297006921,9.72154040821143e-06,1.376154135674823e-05,0.04919113121487796,1.2807665884007853e-07,0.0001853314357543935,1.2811087442819703e-06,0.011499751710656397,7.4607093637819475e-06,0.005261704687290834,0.005893217166945142,1.1646285579599566e-05,0.11451971487727065,0.0003285648785971574,8.150981428774453e-06,0.00096346739963963,2.0243814003126074e-07,7.551266596136759e-05,1.6812440875931835e-07,0.0003270180526571926,0.000519416700081623,1.9501072460019537e-06,0.0006097386432537164,0.1739479028163248
72,2.5835254906688645e-06,0.47483835765506893,1.2117001397491629e-05,8.54406564606893e-06,0.07311255035247653,9.044239446750849e-08,0.00025015066465419424,9.992431990837277e-07,0.02105837152413203,8.601972106135193e-06,0.003033634520853396,0.004039375777867128,8.872333326851225e-06,0.24924543260298584,0.00013708270985360335,5.9617347787738575e-06,0.0005093870248991952,2.859118283479653e-07,4.6674938169842954e-05,2.7907324063604416e-07,0.0005755541080554401,0.00023366014795174041,2.543738175100724e-06,0.0008010278068660041,0.17206786112458264
