,0,1,2,3,4,5,6,7,8,9,10,11,12,13,14,15,16,17,18,19,20,21,22,23,24
0,2.2130296312583866e-08,3.4324792611700563e-12,2.5011146195426267e-05,0.0055832632656398415,1.2511207409010462e-05,1.7161533022050385e-06,1.5108645555201664e-06,3.5908186102983025e-06,8.783352667531709e-08,6.58594753304482e-05,7.66031385958912e-05,3.0513341600549223e-05,3.227749141504853e-05,1.656165472520801e-06,1.0710411734454806e-08,6.599470899944365e-05,3.0380786398513155e-07,1.597875812807373e-05,4.961506598463963e-11,0.9938275382489741,3.46041144069585e-05,1.9960351397710712e-10,0.00022089105788606475,4.51175819810457e-08,1.0191146752899951e-08
1,8.704803407658789e-09,5.895539011994761e-13,1.170664916219047e-05,0.006431121340056538,3.604419032340408e-06,7.947338930039771e-07,5.705358738586093e-07,3.30006573274498e-06,4.4185402190946555e-08,5.351348385542428e-05,3.172993331550887e-05,7.299496156260908e-06,3.466350786228331e-05,2.65016450748275e-07,2.168383341435998e-09,6.094728423482563e-05,1.1134591151292147e-07,1.0107045410635538e-05,1.9235015752408223e-11,0.9932534347524956,9.810734938038618e-06,4.89965373254114e-11,8.694598352281705e-05,1.7252911178368212e-08,1.2917744493872496e-09
2,3.893866051743495e-08,2.7101929509619394e-12,5.2222469131041796e-05,0.13932225556565955,4.436463821893104e-06,1.8344154374029265e-05,1.3746594743890492e-05,7.331291660052592e-06,8.533393954442274e-08,0.00010160028538350928,3.5785056553909536e-05,7.243309242986163e-05,0.00011050154314149752,8.483501202329525e-07,2.525944399679021e-09,0.0034729444066213997,1.0740374125672766e-06,7.022803631293765e-05,1.5494627792262268e-10,0.8562075565099727,0.0001243283551970254,1.503478005227023e-09,0.00038402061255419763,2.1199149179211699e-07,2.723739027633695e-09
3,8.345265054935812e-09,5.967965941382787e-13,9.940676101496115e-06,0.0064130762998385665,3.3672695519053144e-06,8.011692266693384e-07,5.766781592648091e-07,3.110393568795212e-06,4.027563359279355e-08,4.928869611799103e-05,3.139669392820022e-05,7.55295857505669e-06,3.251518978826158e-05,2.8461646445358715e-07,2.2190571794973445e-09,5.6041036890851974e-05,1.1413900236951975e-07,1.0790089737954904e-05,1.7481412106247312e-11,0.9932810767057737,9.786132236465287e-06,5.029732037914464e-11,9.021165059595037e-05,1.7295733336291144e-08,1.4003775852800953e-09
4,8.330924050165704e-09,5.783945193314798e-13,9.6698953032625e-06,0.006147093554779367,3.289798036317286e-06,7.784800538271995e-07,5.650665409383597e-07,3.0468704015675245e-06,3.7971409864991e-08,4.871364851524368e-05,3.0434258748571428e-05,7.2695336857818145e-06,3.3746711732923694e-05,2.8569509555793104e-07,2.133033585851194e-09,5.53306300059715e-05,1.1462781414643438e-07,1.0951522834379514e-05,1.7842340014735793e-11,0.9935517819820063,9.290389841242986e-06,4.8127431312937983e-11,8.756975059136886e-05,1.7721805891631057e-08,1.3602915651745482e-09
5,8.480554355850153e-09,5.92074047949142e-13,1.0639520633911348e-05,0.006260829995661983,3.5463723755316914e-06,8.028189459481297e-07,6.043974362397367e-07,3.1765971571482155e-06,4.221595297557758e-08,5.0769159487432255e-05,3.1745370216149886e-05,7.866314709198252e-06,3.257606633300603e-05,2.878998219641979e-07,2.255367044376618e-09,5.629795102725377e-05,1.154226972138792e-07,1.0223643608218973e-05,1.7563033562493083e-11,0.9934301006143199,1.0124268802492289e-05,5.093578770319342e-11,9.022171919932668e-05,1.740913910482799e-08,1.4374627811473552e-09
6,8.345265054935812e-09,5.967965941382787e-13,9.940676101496115e-06,0.0064130762998385665,3.3672695519053144e-06,8.011692266693384e-07,5.766781592648091e-07,3.110393568795212e-06,4.027563359279355e-08,4.928869611799103e-05,3.139669392820022e-05,7.55295857505669e-06,3.251518978826158e-05,2.8461646445358715e-07,2.2190571794973445e-09,5.6041036890851974e-05,1.1413900236951975e-07,1.0790089737954904e-05,1.7481412106247312e-11,0.9932810767057737,9.786132236465287e-06,5.029732037914464e-11,9.021165059595037e-05,1.7295733336291144e-08,1.4003775852800953e-09
7,3.763874680919725e-09,1.0371118638462074e-12,5.840596760960672e-06,0.008549587419633612,3.052084750777725e-06,1.9703147005805517e-06,5.726115517356302e-07,2.3293479047403953e-06,5.286233062311994e-08,2.2619718845464637e-05,3.078219728448071e-05,1.25523112161331e-05,1.4319879875857034e-05,3.6715717613663397e-07,4.656773100007256e-09,8.584602224973278e-05,9.271017492614382e-08,2.8962819932207526e-05,1.1968194820684193e-11,0.9909850700898899,2.9309047671932072e-05,7.23439287446501e-11,0.00022664848746179985,1.4083815250432219e-08,1.7307762380026286e-09
8,1.107955755817413e-08,6.416236953538874e-13,1.30189655788376e-05,0.006856859289408336,3.545131567652036e-06,7.104322708280814e-07,6.38581715058618e-07,3.6276144524418388e-06,4.402876723692886e-08,6.238749276350047e-05,3.2793147986330305e-05,7.984596488798889e-06,3.668197462495578e-05,3.13480101931347e-07,2.2625333703180637e-09,5.3872271513821505e-05,1.3081959429316084e-07,8.375210179115526e-06,1.943243696148175e-11,0.9928187402909473,9.752423100079753e-06,5.5296100298464895e-11,9.048838294484272e-05,2.0763393879552254e-08,1.6851395462523611e-09
9,9.71512195864286e-09,6.065715106128664e-13,1.0252260985432377e-05,0.006985253971212459,3.209973528848227e-06,7.113575807043967e-07,5.735748776012968e-07,3.3577781655647873e-06,4.195163987460052e-08,5.8422740142169196e-05,3.3001390164474084e-05,7.270891067915362e-06,3.24505463057316e-05,2.9613096825126693e-07,2.2930905496359303e-09,4.858079460767806e-05,1.1553101099193223e-07,9.168135289689964e-06,1.6648887595539386e-11,0.9927046151079144,9.077947352010869e-06,5.072782337945217e-11,9.356790684392895e-05,1.8342837646574714e-08,1.591308859113274e-09
10,8.345265054935812e-09,5.967965941382787e-13,9.940676101496115e-06,0.0064130762998385665,3.3672695519053144e-06,8.011692266693384e-07,5.766781592648091e-07,3.110393568795212e-06,4.027563359279355e-08,4.928869611799103e-05,3.139669392820022e-05,7.55295857505669e-06,3.251518978826158e-05,2.8461646445358715e-07,2.2190571794973445e-09,5.6041036890851974e-05,1.1413900236951975e-07,1.0790089737954904e-05,1.7481412106247312e-11,0.9932810767057737,9.786132236465287e-06,5.029732037914464e-11,9.021165059595037e-05,1.7295733336291144e-08,1.4003775852800953e-09
11,8.510295559201766e-09,5.829713743866822e-13,9.85673093720157e-06,0.006218926642698186,3.2895230518658327e-06,7.758346259032621e-07,5.697320514871989e-07,3.175971806348657e-06,3.911036381866224e-08,4.980518616096655e-05,3.086905844267312e-05,7.388744220668707e-06,3.440300417290233e-05,2.823058249522059e-07,2.1571128203201073e-09,5.586102553626185e-05,1.1531855504955527e-07,1.087593404193862e-05,1.7981327174400472e-11,0.9934775257411443,9.256029283449185e-06,4.913717644034555e-11,8.695424648594375e-05,1.7766880359255334e-08,1.3586057456127468e-09
12,2.809083225914731e-08,1.3877998752380304e-12,5.3662117293435505e-05,0.01586645194572635,2.471853345321813e-06,9.223018370916191e-07,8.039722659758238e-07,2.653358272436668e-05,9.040274381065988e-08,0.0001888581402386529,6.254868215397937e-05,1.8341458275046244e-05,0.00011626570684604963,1.6907029523664092e-07,4.521067434694901e-09,0.00013649127904766356,2.014023764650657e-07,6.710765041780383e-06,5.1318059891832094e-11,0.9834521814106281,1.3258105087655817e-05,2.1754807279278268e-10,5.397208706146768e-05,3.168001898083929e-08,1.1548390601042513e-09
13,8.345828152772742e-09,5.948921440074078e-13,9.928992484310778e-06,0.00640557229821112,3.3595779212099433e-06,7.980911806274324e-07,5.753712852361933e-07,3.110527210614344e-06,4.018509216664966e-08,4.924554757542263e-05,3.143593601430984e-05,7.556003174686278e-06,3.2504038603000536e-05,2.8483853786834857e-07,2.2192845778418803e-09,5.5954823418286314e-05,1.1396631081475239e-07,1.0775369854120543e-05,1.7436473172802482e-11,0.993288874643614,9.770990775785473e-06,5.016613785832111e-11,9.006951411610065e-05,1.7253597438702402e-08,1.3977125557837398e-09
14,5.491780673110081e-09,5.047864845896423e-13,6.377512991458137e-06,0.004976932323351123,3.1972433051797933e-06,6.959313817499363e-07,3.3002861509297855e-07,1.7254191580182841e-06,2.4444955367108874e-08,3.677461419202674e-05,2.7834059707136145e-05,4.309916671302794e-06,3.044438918377322e-05,2.3029885931944408e-07,1.5829903800853303e-09,4.419680654700742e-05,8.012689746312296e-08,1.2091786354478408e-05,1.753105270866808e-11,0.9947821055693572,6.005897370647924e-06,3.073378062768895e-11,6.662383353505519e-05,1.1776613567974478e-08,8.974122527209745e-10
15,8.345265054935812e-09,5.967965941382787e-13,9.940676101496115e-06,0.0064130762998385665,3.3672695519053144e-06,8.011692266693384e-07,5.766781592648091e-07,3.110393568795212e-06,4.027563359279355e-08,4.928869611799103e-05,3.139669392820022e-05,7.55295857505669e-06,3.251518978826158e-05,2.8461646445358715e-07,2.2190571794973445e-09,5.6041036890851974e-05,1.1413900236951975e-07,1.0790089737954904e-05,1.7481412106247312e-11,0.9932810767057737,9.786132236465287e-06,5.029732037914464e-11,9.021165059595037e-05,1.7295733336291144e-08,1.4003775852800953e-09
16,1.0814954336533484e-08,8.630243133274312e-13,1.2107141148903396e-05,0.007792006578786578,4.3669271957439526e-06,9.086107383534454e-07,6.858272999561195e-07,3.8739985371297085e-06,6.41930155463944e-08,6.409468779907797e-05,3.5641617919336704e-05,7.642324026714564e-06,3.398500309510768e-05,2.801900104222722e-07,2.566860685698113e-09,5.15773596722648e-05,1.236712956737874e-07,9.041168314670109e-06,2.009836731467637e-11,0.9918696887177385,9.67664114852836e-06,6.452194181682152e-11,0.00010420071149381627,1.911266777535105e-08,2.0507975625007795e-09
17,7.852988516344332e-09,5.918821659693255e-13,1.002654998042076e-05,0.006216435121297576,3.2736825107144765e-06,8.196108354489065e-07,5.261568025274443e-07,3.0532453964776743e-06,3.996982515683102e-08,5.097503439113757e-05,3.0640933576104076e-05,6.8453971453930045e-06,3.2375650207408464e-05,2.590185656421563e-07,2.2309586628636477e-09,5.5548301044394576e-05,1.0743444550391012e-07,1.0940145741829965e-05,1.818937257260722e-11,0.993478115032808,9.763721015812786e-06,4.7531941947915163e-11,9.02265323986653e-05,1.704056213859187e-08,1.2711893522600856e-09
18,9.115695156736575e-09,6.041634690652291e-13,8.923639041127011e-06,0.005917414204890192,3.5482354999629455e-06,7.531057639360418e-07,6.003207225620995e-07,2.814016713918336e-06,3.946482450495428e-08,4.698738401226605e-05,3.0492441638569237e-05,6.86544843326736e-06,3.203889847872322e-05,3.1238927226577206e-07,2.095777586089366e-09,4.949373665349464e-05,1.2894345785220798e-07,1.1325092047017134e-05,1.8009699717257e-11,0.9937841916755327,9.105983253255086e-06,4.891042210676021e-11,9.493348638407552e-05,1.8631441217196848e-08,1.6229421983102936e-09
19,8.683680958929023e-09,5.698199737057593e-13,1.1474474111475027e-05,0.006522458870407728,3.5376238125223366e-06,8.213055233867146e-07,6.65138796730259e-07,3.5444570398201547e-06,4.415856047363811e-08,5.938892629647556e-05,3.0765957515774014e-05,8.392008613874183e-06,3.556062504864338e-05,2.612181501337457e-07,2.065724823613664e-09,5.619742919728797e-05,1.198117826807377e-07,8.977820839873054e-06,1.7401612110584153e-11,0.993167452039876,9.333577045324903e-06,5.6512131753834775e-11,8.097395192115247e-05,1.8325422077240818e-08,1.4561493462588819e-09
20,8.350534480770083e-09,3.1542473039636504e-13,9.556794912021643e-06,0.004735369510515205,4.1487940584177145e-06,5.615873164711233e-07,6.133159352970156e-07,1.779303076374371e-06,3.548819179374875e-08,4.431420328581811e-05,2.4692526545776395e-05,4.2408467354683736e-06,2.8710509401302794e-05,2.748306130145442e-07,1.158579451884777e-09,4.4040618337045186e-05,1.061716752473068e-07,8.000093829146873e-06,1.4717710417821023e-11,0.9949981342872175,6.866518000707294e-06,2.466835666558229e-11,8.852798371939803e-05,1.576466128470885e-08,1.3031574235250366e-09
21,8.546729482288407e-09,6.649139407077979e-13,1.0852460896568993e-05,0.006228208465813317,3.6798984286708284e-06,8.684368123507255e-07,6.26592803500201e-07,3.323597869307773e-06,4.48139585108607e-08,5.2811659167371016e-05,2.9990209499536116e-05,7.464866699731763e-06,3.398459548915731e-05,2.6833385509504994e-07,2.259669487977329e-09,5.512447548768899e-05,1.2416705843190546e-07,1.0476570395278918e-05,1.9081422192572138e-11,0.9934583909154682,1.0274196962279016e-05,5.510623867939575e-11,9.34541045119838e-05,1.9227133542328538e-08,1.530437906352431e-09
22,9.877178600607206e-09,9.945630383607227e-13,1.0851843029825564e-05,0.006470204731304387,4.551894981657144e-06,1.0757914313193827e-06,7.187608452513589e-07,4.178562334547994e-06,6.518049052029798e-08,5.287315647351114e-05,3.2306651694477705e-05,9.307457793416135e-06,3.526894146089501e-05,3.498337449006009e-07,3.2657330440503816e-09,5.561415916406604e-05,1.1095978853445485e-07,1.0964731018088672e-05,2.1324081769102576e-11,0.9931849995189174,1.0661834484038548e-05,6.081485870093546e-11,0.00011585856674862824,2.200947831326689e-08,2.188771490246875e-09
23,8.345265054935812e-09,5.967965941382787e-13,9.940676101496115e-06,0.0064130762998385665,3.3672695519053144e-06,8.011692266693384e-07,5.766781592648091e-07,3.110393568795212e-06,4.027563359279355e-08,4.928869611799103e-05,3.139669392820022e-05,7.55295857505669e-06,3.251518978826158e-05,2.8461646445358715e-07,2.2190571794973445e-09,5.6041036890851974e-05,1.1413900236951975e-07,1.0790089737954904e-05,1.7481412106247312e-11,0.9932810767057737,9.786132236465287e-06,5.029732037914464e-11,9.021165059595037e-05,1.7295733336291144e-08,1.4003775852800953e-09
24,7.9305657801543e-09,5.772467847887571e-13,8.513753892404798e-06,0.006894528632199535,3.1746885687362934e-06,7.561369381611457e-07,4.958609428620364e-07,2.8264607475550746e-06,3.516603707312196e-08,4.651164441100169e-05,3.175704341099348e-05,7.071610838291383e-06,3.202792518144739e-05,2.7830942015364534e-07,2.011916225633276e-09,5.309724940120337e-05,1.0284924821337338e-07,1.0967538972295554e-05,1.6321706995846857e-11,0.9928186652142048,8.273839292325658e-06,4.6897600455384025e-11,8.088969614898685e-05,1.5079357068994857e-08,1.2945080840292005e-09
25,9.281327443459339e-09,2.0907417461834305e-12,1.68298438997238e-05,0.008864491641302975,6.814428743859687e-06,2.5801236003657443e-06,7.922775810702178e-07,3.042886287279125e-06,9.179296001749067e-08,5.604709455744128e-05,2.9349041685723144e-05,8.467406532730335e-06,2.8570341429148933e-05,3.4330411935794413e-07,4.158955435919268e-09,9.400191439697473e-05,1.5610576643230964e-07,1.8738773981176868e-05,4.471654823549861e-11,0.9906305912690911,2.6245709526676128e-05,1.0459626406087832e-10,0.000212797911198151,3.180408867332395e-08,2.7375646193166435e-09
26,9.208556284553407e-09,6.582052521478206e-13,1.0039045345559484e-05,0.006135980100221974,3.667197969856023e-06,8.0840206491388e-07,5.723254447272336e-07,3.0348082510813843e-06,4.770245367796147e-08,5.054745340248032e-05,3.0312943403668672e-05,6.102892497563351e-06,3.293968413806063e-05,2.674663144043419e-07,2.1639959749362524e-09,5.1878269476828615e-05,1.2420329086699009e-07,1.153920213394966e-05,1.9713000869389234e-11,0.9935476515637205,9.596701960825571e-06,4.829227007633784e-11,0.00010485815560580818,1.889261978244139e-08,1.5484678071381572e-09
27,8.978479252472639e-09,7.080848088687297e-13,9.685452108047197e-06,0.0072386680674416835,3.4989119818545807e-06,8.663923199964047e-07,6.036002431158729e-07,3.5303981762887144e-06,4.732168752533146e-08,5.226271730933375e-05,3.4432235208232765e-05,8.034735938832183e-06,3.331945361468115e-05,2.9288927368504185e-07,2.512713360763651e-09,5.6931727107797705e-05,1.1344221606567635e-07,1.129447890787554e-05,1.822769345846392e-11,0.9924420705673452,9.537489887565432e-06,5.74398419506197e-11,9.477956635800473e-05,1.74139948053518e-08,1.5713110425031928e-09
28,8.345265054935812e-09,5.967965941382787e-13,9.940676101496115e-06,0.0064130762998385665,3.3672695519053144e-06,8.011692266693384e-07,5.766781592648091e-07,3.110393568795212e-06,4.027563359279355e-08,4.928869611799103e-05,3.139669392820022e-05,7.55295857505669e-06,3.251518978826158e-05,2.8461646445358715e-07,2.2190571794973445e-09,5.6041036890851974e-05,1.1413900236951975e-07,1.0790089737954904e-05,1.7481412106247312e-11,0.9932810767057737,9.786132236465287e-06,5.029732037914464e-11,9.021165059595037e-05,1.7295733336291144e-08,1.4003775852800953e-09
29,8.345265054935812e-09,5.967965941382787e-13,9.940676101496115e-06,0.0064130762998385665,3.3672695519053144e-06,8.011692266693384e-07,5.766781592648091e-07,3.110393568795212e-06,4.027563359279355e-08,4.928869611799103e-05,3.139669392820022e-05,7.55295857505669e-06,3.251518978826158e-05,2.8461646445358715e-07,2.2190571794973445e-09,5.6041036890851974e-05,1.1413900236951975e-07,1.0790089737954904e-05,1.7481412106247312e-11,0.9932810767057737,9.786132236465287e-06,5.029732037914464e-11,9.021165059595037e-05,1.7295733336291144e-08,1.4003775852800953e-09
30,8.345265054935812e-09,5.967965941382787e-13,9.940676101496115e-06,0.0064130762998385665,3.3672695519053144e-06,8.011692266693384e-07,5.766781592648091e-07,3.110393568795212e-06,4.027563359279355e-08,4.928869611799103e-05,3.139669392820022e-05,7.55295857505669e-06,3.251518978826158e-05,2.8461646445358715e-07,2.2190571794973445e-09,5.6041036890851974e-05,1.1413900236951975e-07,1.0790089737954904e-05,1.7481412106247312e-11,0.9932810767057737,9.786132236465287e-06,5.029732037914464e-11,9.021165059595037e-05,1.7295733336291144e-08,1.4003775852800953e-09
31,1.0056626311920942e-08,6.113734810190354e-13,1.2281912475892501e-05,0.005922517031091407,3.187311527377346e-06,7.184977825804304e-07,5.69550549237724e-07,4.014351589480992e-06,3.904996801184784e-08,5.057338465079905e-05,3.0880375605772365e-05,8.20771073258074e-06,4.136092944546268e-05,2.7788380225280717e-07,2.2761386540758547e-09,6.116964215553168e-05,1.310058273360174e-07,1.0582987908529812e-05,2.0699470533443938e-11,0.9937618364744256,1.020528676391098e-05,5.259281348744091e-11,8.141299412994668e-05,1.9923494882173278e-08,1.289404688588645e-09
32,8.651217760630042e-09,6.250126033343598e-13,1.0158568696499977e-05,0.006346091347825656,3.439807534283033e-06,8.146188599250323e-07,5.726368844771282e-07,3.129791021361334e-06,4.033220332048816e-08,4.978823700429607e-05,3.1300830924675686e-05,7.395809400211693e-06,3.3963014812881167e-05,2.882434024022683e-07,2.232405820044427e-09,5.706276924172353e-05,1.1748169211979022e-07,1.1186827017450512e-05,1.898745280814809e-11,0.9933448423323546,9.732776108596794e-06,5.1008011152230135e-11,9.004417642080129e-05,1.803587488820427e-08,1.408475524647838e-09
33,8.330419378528807e-09,5.902596642521852e-13,9.617888772067552e-06,0.006318302065687348,3.1762002649350167e-06,8.01099974587645e-07,5.673121634193399e-07,3.084298528547796e-06,3.6155413876237695e-08,4.8164952681441664e-05,2.94138517014311e-05,7.336520063539642e-06,3.542717450267194e-05,2.8181435844116106e-07,2.070366503378605e-09,5.9318767751162656e-05,1.1921022444637325e-07,1.1830925233745007e-05,1.8914280892570805e-11,0.9933775365626804,9.295998691531432e-06,5.067703423241326e-11,8.565876230586582e-05,1.8669226283825073e-08,1.298806800182809e-09
34,1.3282426851604691e-08,5.592968601355436e-13,1.2327240825356853e-05,0.00543758859306689,3.954817291880788e-06,5.659827599661459e-07,5.149307581966497e-07,3.170682395414771e-06,4.0582590806172126e-08,5.1155685942217856e-05,3.559101754076157e-05,6.051976327271796e-06,3.9461130064815316e-05,3.2814875966374093e-07,2.0538236732640144e-09,5.123668829718651e-05,1.3171726325880678e-07,1.0088248684805086e-05,2.3432486280517823e-11,0.9942569987857355,8.376946901255213e-06,4.001513877205315e-11,8.238203442287854e-05,1.799030726406798e-08,1.3998069738988735e-09
35,1.4029061557767434e-08,9.535235915874506e-13,1.250352757592551e-05,0.008010328382324919,4.2971821720232615e-06,8.906873779131405e-07,7.198435327914876e-07,5.559546772272967e-06,7.409102759285431e-08,6.295702709295626e-05,4.0979293605534574e-05,8.942964764072989e-06,4.4065567265933444e-05,2.976721546120259e-07,2.9958465512201463e-09,6.445356389789421e-05,1.396976684649196e-07,1.2200267989663411e-05,2.5092731587538577e-11,0.9916236038886177,9.502567560436869e-06,7.467943432684727e-11,9.844455343894342e-05,2.0666595092634596e-08,1.8829315448442568e-09
36,8.858467330078809e-09,5.413617788062476e-13,9.068301480644736e-06,0.006163738820921098,2.9783598572366133e-06,7.780780576121386e-07,7.28407478108225e-07,3.894339346680066e-06,3.722618409127355e-08,4.580139210870027e-05,3.0793007892974294e-05,1.0985052684271892e-05,3.766865238443638e-05,3.423444900962535e-07,2.309160166177946e-09,6.402224096733887e-05,1.3516489665174757e-07,1.2547737948150293e-05,1.665141384017868e-11,0.9935236462298951,9.804762113535716e-06,6.083705192715682e-11,8.299709460476054e-05,2.0094181346075397e-08,1.4468499704582153e-09
37,9.00965291063236e-09,5.471147825999918e-13,9.605281743916709e-06,0.006212106570987046,3.1358013207094848e-06,7.254943016387427e-07,5.707782341308183e-07,2.570543060057284e-06,3.055157985917993e-08,4.286329282447594e-05,2.9860669372145527e-05,7.211429993646557e-06,3.274678852609091e-05,3.400145716814893e-07,1.9894116375427396e-09,5.88951300804111e-05,1.2761057467974307e-07,1.1909218526302894e-05,1.851019758196201e-11,0.9934868264616495,1.0050906584494952e-05,4.6390937621515025e-11,9.039215048095556e-05,1.886549585254695e-08,1.3755796726520824e-09
38,8.066854117739955e-09,6.001832403596938e-13,9.861722726074478e-06,0.006325537741207089,3.341645728373193e-06,8.344737550263978e-07,5.830380126298994e-07,3.060604184040764e-06,3.972972668684017e-08,4.8466067499547957e-05,3.10005821551544e-05,7.602378531762292e-06,3.249715579588296e-05,2.8685697024725197e-07,2.2655539319153427e-09,5.821773932109026e-05,1.1350665222666508e-07,1.1372696073136554e-05,1.788157665619687e-11,0.9933649329596631,1.0111112344432558e-05,5.05158044799923e-11,9.211058260877463e-05,1.763663275648194e-08,1.3690065169956017e-09
39,8.195717072560967e-09,6.037037972297664e-13,1.0245830437791875e-05,0.00638995902967756,3.347752346083142e-06,8.19436640250015e-07,5.777430633253388e-07,3.1647974389927023e-06,4.023868336698485e-08,4.878883989167394e-05,3.087851361054389e-05,7.739162531945635e-06,3.2723894463592554e-05,2.7981816874664493e-07,2.2372001195754316e-09,5.7844937466597085e-05,1.1549367637248618e-07,1.0881803437672903e-05,1.7675765128151265e-11,0.9933018891324426,1.023999199590025e-05,5.136545914453285e-11,9.043418562566044e-05,1.7517973053832275e-08,1.3778661846754974e-09
40,8.58210946739014e-09,6.039305073864164e-13,1.0276395908571394e-05,0.00620643467817678,3.5226982609971333e-06,7.879129660602536e-07,5.790266065961726e-07,3.07205181316924e-06,4.024802959632101e-08,4.8802313583836054e-05,3.1612932004191896e-05,7.710071896297745e-06,3.272081949811913e-05,2.973982085171888e-07,2.2329694247915255e-09,5.539065593033693e-05,1.16257071580199e-07,1.0530217180693128e-05,1.7888671728618702e-11,0.9934887868925455,9.902081191770488e-06,4.998758819460488e-11,8.938763740955168e-05,1.7382888631584017e-08,1.445270127088071e-09
41,8.620627349997e-09,7.152982918705087e-13,9.543722822677574e-06,0.007673976022218541,3.723750272692783e-06,8.290859541491809e-07,4.621297278673379e-07,3.4088454269110577e-06,4.590279204891644e-08,5.0617755587805255e-05,3.726944537344604e-05,6.816319998981953e-06,3.457231702139489e-05,2.6518866934373544e-07,2.4313252752884415e-09,5.9722486373185394e-05,9.06100396848792e-08,1.1700537582421991e-05,1.929833385292824e-11,0.9920164838460509,8.278099959088413e-06,4.783874528983746e-11,8.216772710896401e-05,1.385436204096934e-08,1.2328528573388122e-09
42,9.207038758951645e-09,2.616460704196225e-13,3.7247962956516357e-06,0.0029032461469813285,3.932811019368796e-06,3.654445488109006e-07,5.687013612722989e-07,9.471814795172439e-07,2.541455021041672e-08,4.7847871345142935e-05,3.45015683651104e-05,3.7672547915374555e-06,2.0168537492983322e-05,6.808367977396677e-07,1.7217953799443327e-09,1.5781953738023423e-05,8.735334838508953e-08,9.370224706566185e-06,8.70112730678959e-12,0.9968102588622736,4.215016210995257e-06,1.4431110987525921e-11,0.00014047925339155472,1.6995856237609893e-08,2.8232178374337863e-09
43,7.892666296557074e-09,5.792669868532387e-13,1.0142942479644042e-05,0.0061996157678980346,3.293503590726749e-06,8.15463084530776e-07,5.629382696503314e-07,3.124427527618873e-06,3.9678272215014146e-08,5.0714273717223904e-05,3.0143741705488317e-05,7.388310620633738e-06,3.2610166957532036e-05,2.6491337322157685e-07,2.1887279348332906e-09,5.632440600657748e-05,1.1363822080088242e-07,1.0741857711029961e-05,1.7515628917108966e-11,0.9934950470671392,1.006201461852505e-05,4.995139139443821e-11,8.896592902154361e-05,1.7490285820222387e-08,1.3200595626579855e-09
44,8.345265054935812e-09,5.967965941382787e-13,9.940676101496115e-06,0.0064130762998385665,3.3672695519053144e-06,8.011692266693384e-07,5.766781592648091e-07,3.110393568795212e-06,4.027563359279355e-08,4.928869611799103e-05,3.139669392820022e-05,7.55295857505669e-06,3.251518978826158e-05,2.8461646445358715e-07,2.2190571794973445e-09,5.6041036890851974e-05,1.1413900236951975e-07,1.0790089737954904e-05,1.7481412106247312e-11,0.9932810767057737,9.786132236465287e-06,5.029732037914464e-11,9.021165059595037e-05,1.7295733336291144e-08,1.4003775852800953e-09
45,8.409304166793439e-09,6.13002703482581e-13,1.0518806861789758e-05,0.006367332773843137,3.220676294764439e-06,8.444933853842194e-07,6.227288017463528e-07,3.696358569511772e-06,4.0979774220494436e-08,5.252900820495028e-05,3.105684159266362e-05,8.263948258039838e-06,3.694560245083258e-05,2.740029667841796e-07,2.364959748175183e-09,6.289815780840394e-05,1.1753389284812155e-07,1.1351786159455005e-05,1.879363995488455e-11,0.9933142442234322,9.993302334031022e-06,5.519406172635172e-11,8.60174990517279e-05,1.912297269200767e-08,1.3044801745980974e-09
46,8.533479813146822e-09,5.005691229409802e-13,1.0751243536960092e-05,0.006681851556591031,2.6907025200993868e-06,7.049762809034807e-07,5.596567843923983e-07,3.141775842145843e-06,3.175218217637833e-08,4.8580688840368974e-05,2.8478139664081245e-05,7.573463417560645e-06,3.526725425843176e-05,2.278155773080381e-07,1.6530918425872785e-09,5.669193747496529e-05,1.4575881789233687e-07,1.0054126220797878e-05,1.656574721611729e-11,0.9930275786600664,9.927169807150793e-06,5.670939321672422e-11,7.571430222944095e-05,1.755915896208266e-08,1.2003817026073096e-09
47,7.908584480708874e-09,6.300182905949892e-13,9.416620061014143e-06,0.006460626490736415,3.526349044953494e-06,8.386146447978346e-07,5.652335443713615e-07,3.0100033270240497e-06,4.2682933300471466e-08,4.912574888604333e-05,3.223364639562646e-05,7.4834881784673145e-06,2.9952619375863312e-05,2.8932676333332453e-07,2.378822737812875e-09,5.261991478428718e-05,1.0762494294545455e-07,1.0705992465267004e-05,1.6605146388580802e-11,0.9932340843838519,9.986349880370812e-06,4.9792214759991725e-11,9.535663785441662e-05,1.642022225449482e-08,1.4976728148448578e-09
48,9.769423669893042e-09,6.123949995371389e-13,1.0781666090854942e-05,0.005887612681557627,3.219230946027723e-06,8.078237085584303e-07,6.28480918612331e-07,3.5796251424072428e-06,3.76888750560164e-08,5.6614231821189805e-05,2.7182488973184905e-05,7.004563837026369e-06,4.18668421591126e-05,2.6458194981919874e-07,1.9946045983631075e-09,5.846758210114088e-05,1.4697974962488394e-07,1.1959969369344032e-05,2.267376959343319e-11,0.9937961464224795,9.306761667341206e-06,5.614204751709484e-11,8.433527565405168e-05,2.3893443484289814e-08,1.3660998097053252e-09
49,7.544608765560203e-09,6.168451054686459e-13,1.0837377456777487e-05,0.006414488715592537,3.2471713163043967e-06,8.641393959608816e-07,5.712829865604163e-07,3.3171502716574656e-06,4.058043508947499e-08,5.0008126508059995e-05,2.987697468404892e-05,8.421847855130264e-06,3.287068718853331e-05,2.508774685137342e-07,2.214335318250974e-09,5.828284326379478e-05,1.1375341733332118e-07,1.0041518948289684e-05,1.716706505195291e-11,0.9932811715456281,1.0549920703590374e-05,5.616432770452316e-11,8.501725413006686e-05,1.707227666099146e-08,1.3275804593513701e-09
50,1.0148343527630752e-08,4.591058243484742e-13,9.706144242834035e-06,0.005696660923501875,3.3347592973482177e-06,6.37554449697589e-07,6.673697186183107e-07,3.270516723013992e-06,3.684803347682315e-08,5.826489089912605e-05,3.001056908667781e-05,6.803341017951362e-06,3.869595428848319e-05,3.011677810508697e-07,1.8200557374956562e-09,5.045196577609828e-05,1.2344352488535563e-07,9.483366656212154e-06,1.7648534263127677e-11,0.9940073015700893,7.185485904849587e-06,4.390134283735117e-11,7.70306178611763e-05,2.008320214850881e-08,1.3975369384664559e-09
51,1.0401341408550905e-08,1.6730100145217428e-13,1.4460850487623417e-05,0.00203764775626554,5.302633730626744e-06,5.137655933690644e-07,9.354601427443922e-07,1.6909800806190766e-06,3.1609480581687e-08,5.0347757466816495e-05,1.5615954585787263e-05,4.462550298765088e-06,4.1171725332940665e-05,2.9134465633235833e-07,8.540719280875451e-10,5.16495645054586e-05,1.8134955532802454e-07,7.689647415633367e-06,2.068537743771909e-11,0.9976674452789619,9.702302967394336e-06,1.8747328436840016e-11,9.081678618464865e-05,3.029828756456051e-08,1.0889870982772503e-09
52,1.2141893233623909e-08,9.373748420148823e-13,1.8233021326899278e-05,0.007416230655393059,5.329660359687693e-06,9.343398392804081e-07,1.1543989059318373e-06,3.1695985236993785e-06,6.318138711143812e-08,4.160045646786355e-05,3.624284950714883e-05,1.1060187741943869e-05,2.9829493307908254e-05,4.132882123768424e-07,2.5522328063881108e-09,7.161996965088833e-05,2.1881106241085362e-07,9.504162581298495e-06,2.025400959265891e-11,0.9921845447366792,1.9296251103717422e-05,8.287792144426183e-11,0.000150513289653942,2.3789772309760525e-08,3.0603282060541785e-09
53,7.3040621078783944e-09,5.119182507321124e-13,8.937684217889914e-06,0.006122342670760057,3.183638533171758e-06,7.706166757810498e-07,5.896701251161611e-07,2.74796591464331e-06,3.7255730835838996e-08,4.505969914430939e-05,3.0090858555019313e-05,7.415350972329814e-06,2.916329303000727e-05,2.8078125162819626e-07,2.0698560089938398e-09,5.369218274607293e-05,1.0869897007932828e-07,1.0550926407684166e-05,1.4686515021102875e-11,0.993583018561759,9.776283679724013e-06,4.581720688454454e-11,9.220704932320899e-05,1.6027663115802412e-08,1.3496063452202075e-09
54,1.0330669964831888e-08,9.126505200051852e-13,9.512623726633792e-06,0.00810893100687594,3.973298137416038e-06,1.0101037682604798e-06,7.361743480583499e-07,3.6056907615235425e-06,5.24287898566751e-08,5.375190082476111e-05,3.726576175215182e-05,9.01297416380728e-06,3.247996813920436e-05,3.7962503562012056e-07,3.037585735824097e-09,5.9748407735425356e-05,1.2607817323353582e-07,1.254348025420175e-05,2.045800881064205e-11,0.9915454776764604,1.0542905514175503e-05,6.959172212218942e-11,0.00011081380142281733,2.0516186887468258e-08,2.118711428767586e-09
55,9.057894494082408e-09,7.228618718927762e-13,1.1307246440406324e-05,0.00732523165235003,3.505206718423141e-06,8.283973404558768e-07,5.184432652136633e-07,2.9502593279866662e-06,4.1278436226924045e-08,5.454377533230562e-05,3.3968068500976834e-05,5.947996780261826e-06,3.167765079106743e-05,2.575161787032163e-07,2.279561677133765e-09,5.399066635162433e-05,1.2134200410974597e-07,1.0385780058915878e-05,2.0484567856393042e-11,0.9923578761498452,1.0448143331216301e-05,5.2668475921918095e-11,9.637027500973692e-05,1.7303430340380118e-08,1.437174997558246e-09
56,8.319065715202103e-09,5.825718202013691e-13,9.761956826551032e-06,0.006248801967316432,3.2849670820933614e-06,7.858014949092874e-07,5.651391994135604e-07,3.1150315007051407e-06,3.896240324226623e-08,4.92559227775674e-05,3.068925230024507e-05,7.386114273450774e-06,3.3613231797183707e-05,2.805511273083761e-07,2.156682857468418e-09,5.561718131773618e-05,1.1376444297362491e-07,1.0858817043444901e-05,1.7652320915762725e-11,0.9934486690594377,9.38668856878034e-06,4.892929635618384e-11,8.774617734875342e-05,1.7510176403530062e-08,1.3606524939683071e-09
57,1.2465494304890462e-08,1.0508073890758909e-12,6.788604193663773e-06,0.012633787861797124,3.3056448699571517e-06,1.0814730913058384e-06,6.989133278863002e-07,3.4692446982158468e-06,5.5050265234694614e-08,5.0868778751826806e-05,4.777039068235771e-05,6.860442199202851e-06,2.9456406573596652e-05,4.0592971459945163e-07,3.423110270358878e-09,6.249252476577151e-05,1.2003366065112853e-07,1.9860074601347597e-05,2.03815928451519e-11,0.9869736489378358,9.88021537056175e-06,7.005755465605615e-11,0.0001494124343046858,1.890280459605907e-08,2.1563973829960383e-09
58,8.350628590090809e-09,6.000340014359714e-13,9.886737089933314e-06,0.006063944040337558,3.2771243189114717e-06,8.057213626602697e-07,5.762212637842663e-07,3.177055204469391e-06,3.882690595530851e-08,5.0059950342969686e-05,2.9613043187509944e-05,7.49018657297191e-06,3.435285864011236e-05,2.826578617495086e-07,2.2029241806455434e-09,5.605654499430764e-05,1.1724584557323439e-07,1.1114956370480941e-05,1.8394193496773144e-11,0.9936304385012908,9.629691348820413e-06,5.043784801061393e-11,8.910782160177309e-05,1.881587106304318e-08,1.3766037103595044e-09
59,8.282852566553355e-09,5.844097141250061e-13,1.0283021299840758e-05,0.005964173511548798,3.275357699966529e-06,7.822628906052848e-07,5.632212629620796e-07,3.1474404131651677e-06,3.836957359832723e-08,4.949979814887638e-05,2.9475239333702974e-05,7.410237072196012e-06,3.410829416725964e-05,2.752188072957977e-07,2.1501293178251165e-09,5.5531816243662546e-05,1.1662355311705853e-07,1.0550223638375275e-05,1.80667359893087e-11,0.9937335280983447,9.741748941912535e-06,4.9045016922102696e-11,8.746937641544795e-05,1.829205270413561e-08,1.3479137603919498e-09
60,8.345265054935812e-09,5.967965941382787e-13,9.940676101496115e-06,0.0064130762998385665,3.3672695519053144e-06,8.011692266693384e-07,5.766781592648091e-07,3.110393568795212e-06,4.027563359279355e-08,4.928869611799103e-05,3.139669392820022e-05,7.55295857505669e-06,3.251518978826158e-05,2.8461646445358715e-07,2.2190571794973445e-09,5.6041036890851974e-05,1.1413900236951975e-07,1.0790089737954904e-05,1.7481412106247312e-11,0.9932810767057737,9.786132236465287e-06,5.029732037914464e-11,9.021165059595037e-05,1.7295733336291144e-08,1.4003775852800953e-09
61,8.551840696800699e-09,6.089550705785232e-13,1.0563326516252943e-05,0.006132398205845589,3.451103439788906e-06,8.078251408323716e-07,5.903227597216505e-07,3.1547846454221912e-06,4.0347757516379426e-08,4.989956547339096e-05,3.0615233652468356e-05,7.628540968024322e-06,3.365854783756534e-05,2.875380418582636e-07,2.2333205798828886e-09,5.7015005129179507e-05,1.1908982428870112e-07,1.072676618582614e-05,1.8536059285615395e-11,0.9935584764596839,1.013648566904685e-05,5.108111232102125e-11,9.040019120948354e-05,1.838808111170035e-08,1.416751352317496e-09
62,8.345265054935812e-09,5.967965941382787e-13,9.940676101496115e-06,0.0064130762998385665,3.3672695519053144e-06,8.011692266693384e-07,5.766781592648091e-07,3.110393568795212e-06,4.027563359279355e-08,4.928869611799103e-05,3.139669392820022e-05,7.55295857505669e-06,3.251518978826158e-05,2.8461646445358715e-07,2.2190571794973445e-09,5.6041036890851974e-05,1.1413900236951975e-07,1.0790089737954904e-05,1.7481412106247312e-11,0.9932810767057737,9.786132236465287e-06,5.029732037914464e-11,9.021165059595037e-05,1.7295733336291144e-08,1.4003775852800953e-09
63,8.567329820356754e-09,6.77379713802451e-13,9.952402386014207e-06,0.006636268111390043,3.485054302405457e-06,8.571496786558521e-07,5.813402970818778e-07,3.169584552059966e-06,4.2407887689106836e-08,4.948788552754291e-05,3.228859155258391e-05,7.66157425035417e-06,3.2721543361137416e-05,2.9393823178562257e-07,2.3931615549138566e-09,5.708832872333324e-05,1.171002424220217e-07,1.1433594627173239e-05,1.8753069915445535e-11,0.9930496083548975,1.0167671835783313e-05,5.413023275317814e-11,9.474495518809407e-05,1.7879560902119894e-08,1.4974555680475829e-09
64,7.810470869692979e-09,5.974091090782545e-13,1.0521211358717652e-05,0.006067810300162773,3.4170836922330658e-06,8.277557835882956e-07,5.705164785610714e-07,2.922467474317518e-06,3.925517483936985e-08,4.7014123248081446e-05,3.0349777011674817e-05,7.718580194262876e-06,3.099123565988728e-05,2.8188392079090443e-07,2.2392261653684652e-09,5.7234055287553745e-05,1.1770470838200574e-07,1.0758129987661047e-05,1.7501573417041198e-11,0.9936250041657534,1.1117096077780806e-05,5.0579933784777636e-11,9.327586318410208e-05,1.728969663560974e-08,1.3867689819644408e-09
65,1.4999126974421694e-08,6.009610401161684e-13,1.660370418343228e-05,0.008410811812928808,4.141847594848527e-06,6.705697015864347e-07,6.675049641071586e-07,6.121622214458589e-06,6.305545854916542e-08,8.481733650838017e-05,5.074296408868367e-05,9.549566179700882e-06,5.2882964117322266e-05,2.8089171176808104e-07,2.411056335753464e-09,7.062578879656486e-05,1.1329897715645828e-07,8.240503129588374e-06,2.4019476049634798e-11,0.991216963822011,6.8727346095556705e-06,6.209827137091549e-11,5.979563176429749e-05,1.565349726333759e-08,1.23066076519745e-09
66,1.0885832436035636e-08,1.8051601294916027e-12,8.5823381826341e-06,0.013711416015641806,2.923182397845411e-06,1.4791561869139382e-06,6.50144794187737e-07,5.672349913643571e-06,6.854655961106173e-08,5.173848864565337e-05,5.616093166723142e-05,1.5411819450840092e-05,2.783634156477212e-05,4.898366911673075e-07,7.19313879053712e-09,7.883722539513652e-05,1.2528553894289812e-07,2.1961915597276414e-05,2.1293834564841427e-11,0.9858238437158122,1.8466202018869744e-05,1.2859999100594485e-10,0.00017429493857141397,2.0717642878424735e-08,2.6170566005599163e-09
67,3.419493384588238e-08,8.156803857954022e-13,2.9582171307828656e-05,0.006888996057567798,9.86702520077135e-06,5.722621186927274e-07,8.224557706849581e-07,1.1745995201912946e-05,1.4455586235068981e-07,0.00015690198497758618,7.274321320604271e-05,9.826073347879008e-06,8.597873723446516e-05,3.72655546160659e-07,3.5627751280969382e-09,7.406162839799324e-05,1.2058226223499218e-07,7.2279237202969074e-06,4.702284231938845e-11,0.9925931945769125,5.610656147580111e-06,6.201458598153958e-11,5.217217862439972e-05,1.9802212268107295e-08,1.5968183576113863e-09
68,1.6657581138516093e-08,7.009122685658881e-13,1.1514619406611524e-05,0.008883280761776597,4.515359856358584e-06,6.023455212833455e-07,6.147409521009374e-07,2.9885248241467185e-06,5.010606051322067e-08,6.0656793518691114e-05,4.575102588653856e-05,4.9131668958333116e-06,4.081410727973514e-05,3.922244321550203e-07,1.998203767725095e-09,6.18737750663488e-05,1.323971363154712e-07,1.1491573886865942e-05,2.828956777803795e-11,0.9907708293578025,6.387188290077433e-06,4.5893606279717473e-11,9.315335900245803e-05,1.8159976391865153e-08,1.6817596516560577e-09
69,6.128467023934103e-08,2.1751893841000993e-12,5.6896355162536336e-05,0.012015307016783819,1.0736102810551932e-05,2.0488737493031687e-06,3.468236395946779e-06,1.2469792705185707e-05,1.0408606629732274e-07,0.0001532433539158914,3.4203419360876385e-05,2.2040350991729254e-05,0.00016326925859936822,1.0712859300098703e-06,3.4597506446448976e-09,0.00033015504963427477,4.2029283508500926e-07,1.583891497396199e-05,1.834079610944146e-10,0.9870666064922955,1.4976121492208162e-05,2.1109227618872285e-10,9.691970273770365e-05,1.5644003058534505e-07,3.7124325789822424e-09
70,2.5822106474339154e-08,1.4007698086155562e-12,1.0612514915495746e-05,0.0029558537693574007,5.760475806613915e-06,8.114467622615017e-07,9.641309457397062e-07,4.226570782642612e-06,5.335851168829194e-08,6.798910961835822e-05,3.823631965961361e-05,1.0137726272543729e-05,5.2819731419020636e-05,1.0640373210984626e-06,5.615560995140377e-09,4.5027045420376506e-05,4.0843252586337334e-07,3.0929973116713154e-05,5.7519654567380546e-11,0.9965720395916706,1.5237147877145106e-05,8.963873371132461e-11,0.00018771695760092772,7.522244470705229e-08,4.851744654801526e-09
