,0,1,2,3,4,5,6,7,8,9,10,11,12,13,14,15,16,17,18,19,20,21,22,23,24
0,9.20989792681022e-08,1.0839253760453656e-10,0.00017185014454209677,0.08589352568777876,1.843400481823256e-05,1.2651659144410182e-05,6.864020634741901e-06,4.561024355399765e-05,9.147711162240028e-07,0.00018672394411193524,0.0004473496975862178,0.0005704561653086676,3.161733856058406e-05,6.825388212435868e-06,2.807044743253207e-07,0.0005413133551767954,7.400460534462378e-07,3.08721834307802e-05,1.4910541188636664e-10,0.9101942678854588,0.0005860365705595078,7.278562257712624e-09,0.0012533434686839116,1.403922913518872e-07,8.26934633840144e-08
1,3.2011497569650354e-08,1.364422290988141e-11,6.846406038452632e-05,0.09467771551225336,4.890671182524514e-06,5.47248561988666e-06,2.4935808903851976e-06,4.0264847675640834e-05,4.2646014627972016e-07,0.0001434379279477265,0.00014482962032875935,0.00010526248883936079,3.442226237291187e-05,8.754902211495579e-07,4.128688828201136e-08,0.0005092406337277767,2.3851814294215997e-07,1.784830544816853e-05,5.412822805652985e-11,0.9037277573429232,0.00012947154521966014,1.4272326297921479e-09,0.0003867578239188262,4.800557702469182e-08,7.623789058207647e-09
2,5.11720215905009e-08,2.1790372622472383e-11,9.041187258651116e-05,0.7967330544986169,1.5230420628792602e-06,4.455502635250928e-05,2.028052351065127e-05,2.42057925244124e-05,2.149885633667927e-07,7.182365327147865e-05,4.473933170495592e-05,0.00030492617612143467,3.434808038116369e-05,8.618067376843839e-07,1.2698620672589522e-08,0.011555791306735166,7.974825736422827e-07,4.416358897128482e-05,1.5602568592505437e-10,0.18989995602284937,0.0005485934649108726,1.54926825375759e-08,0.0005794535127566176,2.1550498142375532e-07,4.782646741280671e-09
3,3.0705189701704944e-08,1.401315067472438e-11,5.927190795420098e-05,0.09325519274156416,4.499588560853858e-06,5.441557774991276e-06,2.520144484092271e-06,3.787901207658672e-05,3.8320669846790295e-07,0.0001330316640198952,0.00014793393825859806,0.00011326994266481337,3.221658123393138e-05,9.632462813754605e-07,4.378138848511503e-08,0.00046265672254985625,2.5042870159589117e-07,1.928348248188991e-05,4.833330190494774e-11,0.9051728204569272,0.00013390103666592652,1.4904478317888176e-09,0.0004183505382184135,4.920320132723254e-08,8.560309347015781e-09
4,3.0652061682205344e-08,1.3462183341249329e-11,5.720757684116898e-05,0.08947695841978218,4.402818332538048e-06,5.306145197222912e-06,2.4702742534146438e-06,3.70964541648214e-05,3.6048437359524223e-07,0.0001313249796786134,0.00014151940045395824,0.00010745037695473588,3.365054406060961e-05,9.632182405378046e-07,4.1546865670981836e-08,0.0004590613887629909,2.5059540983275536e-07,1.961719219838592e-05,4.968175514847628e-11,0.9089941592412579,0.00012576135610580191,1.4105873077531829e-09,0.0004023071708649913,5.048101280078046e-08,8.209395333976448e-09
5,3.131670365443621e-08,1.4039544875811487e-11,6.45808879911501e-05,0.09051373745021968,4.768613743951476e-06,5.453690609406219e-06,2.6639980682617163e-06,3.8882078568908105e-05,4.052467619458999e-07,0.00013885077568207813,0.00015202529701031564,0.00012017915722449628,3.238093690458843e-05,9.836153650248102e-07,4.524593805731526e-08,0.0004633640892317962,2.5547546781690216e-07,1.821136752922379e-05,4.850182794606979e-11,0.9078781358789301,0.00014016683644125846,1.526106975758064e-09,0.00042481741123023077,5.006594265026284e-08,8.975787178016035e-09
6,3.0705189701704944e-08,1.401315067472438e-11,5.927190795420098e-05,0.09325519274156416,4.499588560853858e-06,5.441557774991276e-06,2.520144484092271e-06,3.787901207658672e-05,3.8320669846790295e-07,0.0001330316640198952,0.00014793393825859806,0.00011326994266481337,3.221658123393138e-05,9.632462813754605e-07,4.378138848511503e-08,0.00046265672254985625,2.5042870159589117e-07,1.928348248188991e-05,4.833330190494774e-11,0.9051728204569272,0.00013390103666592652,1.4904478317888176e-09,0.0004183505382184135,4.920320132723254e-08,8.560309347015781e-09
7,1.2026109011654283e-08,2.426876498433099e-11,3.289346635025093e-05,0.1177950431999392,3.750973620860523e-06,1.3664105804023212e-05,2.3663692477372095e-06,2.6294637475571e-05,4.6783084034448354e-07,5.4970640254395024e-05,0.00014117414901193776,0.0002013702212817322,1.267276880886808e-05,1.242890886135542e-06,9.792644470646188e-08,0.0006958787972930191,2.0139452287548653e-07,5.5448047241086655e-05,2.97924482246626e-11,0.8793477453550825,0.00046343437485233345,2.1589404272752406e-09,0.001151218986851566,3.909098173068161e-08,1.0534098740255165e-08
8,4.090576768332343e-08,1.5329172346079577e-11,8.165775620849356e-05,0.09640380807168678,4.722690832941124e-06,4.773844305909063e-06,2.7951378271798965e-06,4.318703913415272e-05,4.1608803399212607e-07,0.000176047961414788,0.00015771989612064244,0.00012183848485050035,3.662173569018396e-05,1.0880102980802895e-06,4.575850475812405e-08,0.00043648838054885346,2.885110866317045e-07,1.4606925448429819e-05,5.375336788927295e-11,0.9019381302956996,0.00013521063175565663,1.6278501032646033e-09,0.00044043707195895747,6.227744904443827e-08,1.0828444106160585e-08
9,3.581975907755646e-08,1.4803104358493933e-11,6.429449959562811e-05,0.09901414853851177,4.22078986471969e-06,4.771171589736883e-06,2.4797964475327675e-06,4.022814512251977e-05,3.9488383129330297e-07,0.00016346542582197597,0.00016249971186939753,0.00011361704143540968,3.1948577974377735e-05,1.0374353362201384e-06,4.7947488993787734e-08,0.000390514068938245,2.563765359791338e-07,1.6239254123760976e-05,4.550382089809847e-11,0.8993941365605922,0.0001295303447631158,1.5217344301098485e-09,0.00046606690433754686,5.4745971168071904e-08,1.0378048102592878e-08
10,3.0705189701704944e-08,1.401315067472438e-11,5.927190795420098e-05,0.09325519274156416,4.499588560853858e-06,5.441557774991276e-06,2.520144484092271e-06,3.787901207658672e-05,3.8320669846790295e-07,0.0001330316640198952,0.00014793393825859806,0.00011326994266481337,3.221658123393138e-05,9.632462813754605e-07,4.378138848511503e-08,0.00046265672254985625,2.5042870159589117e-07,1.928348248188991e-05,4.833330190494774e-11,0.9051728204569272,0.00013390103666592652,1.4904478317888176e-09,0.0004183505382184135,4.920320132723254e-08,8.560309347015781e-09
11,3.118264362677306e-08,1.3492415500361237e-11,5.799487852355071e-05,0.09024548158143636,4.385203350570151e-06,5.262230654168623e-06,2.4881658007013303e-06,3.890217526354057e-05,3.723676021380165e-07,0.00013406276056131036,0.00014334504827517405,0.00010920775749531552,3.421131714594203e-05,9.462217493677083e-07,4.2057873929533885e-08,0.00046107053494711444,2.517344467776226e-07,1.9404567411133276e-05,4.9668821211303726e-11,0.9082193103558313,0.0001250817583282268,1.4390786869031157e-09,0.000398088122982925,5.0300987975271586e-08,8.17444908097175e-09
12,1.0120512413945938e-07,3.146609685863812e-11,0.0002996858392550958,0.2301757990687339,2.825628712560091e-06,5.7031209266655786e-06,3.150176843581974e-06,0.00036676249985676744,8.369234288185188e-07,0.0004628776434639375,0.0002576609793374661,0.0002530825147200746,0.00011098203112223345,4.572563836194522e-07,8.14502830794536e-08,0.0010650408838640405,3.970566952542287e-07,1.010122335984747e-05,1.3774286879710519e-10,0.7666319888144554,0.00015794495732249125,6.5420434402691885e-09,0.00019443018000074675,7.801920508966513e-08,5.815652794151692e-09
13,3.070790340676038e-08,1.3970330347964457e-11,5.923651825674315e-05,0.0931209626116134,4.489223411132997e-06,5.4185433089061125e-06,2.5146559856001497e-06,3.7883569917449764e-05,3.823304069159916e-07,0.00013296662824913245,0.00014826966933762986,0.00011343339426288708,3.220803995574721e-05,9.644228778389073e-07,4.381871905884275e-08,0.0004618369345389185,2.5015071654008425e-07,1.925743324857093e-05,4.818708312112445e-11,0.9053080917383237,0.00013376928003099367,1.4872150455996752e-09,0.0004179311417729914,4.908769642828817e-08,8.55009358579967e-09
14,1.953960754199143e-08,1.1484708169215948e-11,3.414500119013213e-05,0.07584653436214202,4.333610702244381e-06,4.891886855888665e-06,1.3680600972093625e-06,1.9805775143071282e-05,2.2645433636473236e-07,9.510174809861223e-05,0.00012383781463836424,5.719474824455959e-05,2.9916317309365276e-05,7.526913805318417e-07,2.914258012094613e-08,0.00036935566692702416,1.6235551935117295e-07,2.232920968754798e-05,4.923388003290726e-11,0.923021226132009,7.642707651765136e-05,8.346617136759732e-10,0.00029230545050655825,3.108556025367027e-08,4.9755665106687945e-09
15,3.0705189701704944e-08,1.401315067472438e-11,5.927190795420098e-05,0.09325519274156416,4.499588560853858e-06,5.441557774991276e-06,2.520144484092271e-06,3.787901207658672e-05,3.8320669846790295e-07,0.0001330316640198952,0.00014793393825859806,0.00011326994266481337,3.221658123393138e-05,9.632462813754605e-07,4.378138848511503e-08,0.00046265672254985625,2.5042870159589117e-07,1.928348248188991e-05,4.833330190494774e-11,0.9051728204569272,0.00013390103666592652,1.4904478317888176e-09,0.0004183505382184135,4.920320132723254e-08,8.560309347015781e-09
16,3.9858554403795346e-08,2.090264602008626e-11,7.362100496331394e-05,0.11118437502792777,5.8285868833299875e-06,6.109807119630009e-06,2.9893788490415584e-06,4.664376252137169e-05,6.215521223384149e-07,0.00017666616941071285,0.00017134454413600148,0.00011553711030503059,3.3144294746208614e-05,9.532302997361188e-07,5.199165708071127e-08,0.0004115557879334807,2.6982816271720654e-07,1.571198970160057e-05,5.487405394183261e-11,0.8871220975170448,0.00013235195469383468,1.928094969845373e-09,0.0005000161305572787,5.526955954828421e-08,1.319897891912705e-08
17,2.824736611764904e-08,1.3781432647807861e-11,5.910788237481152e-05,0.08881906227039499,4.351403725173227e-06,5.650037164216087e-06,2.273019219544509e-06,3.677361635639407e-05,3.8059886408680903e-07,0.000138503591653518,0.00014089190004065887,9.973171375970283e-05,3.190746906715455e-05,8.712919066910372e-07,4.4139540883836935e-08,0.00045730164787714404,2.3041918253793235e-07,1.961099020213676e-05,5.050529145723089e-11,0.9096258161160157,0.00013333685696897943,1.3634305528274862e-09,0.0004240685604691746,4.913095902475078e-08,7.669174182638372e-09
18,3.4446741804217686e-08,1.4547116146442715e-11,5.4296606792260925e-05,0.08687704052131673,4.843397059898508e-06,5.108444648329388e-06,2.679911565054599e-06,3.4584042634905575e-05,3.8053992330938495e-07,0.0001282516260621036,0.0001491345237911426,0.00010656649449814695,3.2105244148664697e-05,1.0814578159750488e-06,4.206606268111816e-08,0.0004085740518545337,2.9283557650785974e-07,2.0457168562571037e-05,5.022097705418931e-11,0.9116023508957214,0.00012618735211846686,1.506737822086431e-09,0.0004459230139514636,5.3451822367541655e-08,1.0335825748900218e-08
19,3.157878567740888e-08,1.3266680139835161e-11,6.812605168732599e-05,0.09456022083143391,4.732933882513025e-06,5.559934743089118e-06,2.9226807333174267e-06,4.3387583622235544e-05,4.2576279167636336e-07,0.00016299141540717545,0.00014528231943530175,0.0001260406751854445,3.512064761655958e-05,8.683620905000403e-07,4.0631211044119186e-08,0.0004551833852310213,2.596722674929702e-07,1.558968731917981e-05,4.700701183664627e-11,0.903875349420529,0.00012576127658583218,1.6760171496443881e-09,0.0003720430377540468,5.140914149202689e-08,8.966255501954015e-09
20,3.0943181933510143e-08,7.232497410533608e-12,5.7437086676805645e-05,0.06870689790460859,5.893361782222159e-06,3.9162681668738085e-06,2.7621392443407794e-06,2.0261552496192088e-05,3.4636573208470756e-07,0.00012635442627086622,0.00011496988907138412,5.91880390888303e-05,2.909527608807054e-05,9.38027803458115e-07,2.1560839604784375e-08,0.00036221720509350085,2.2443916098421193e-07,1.3878887657508525e-05,4.1403146290517955e-11,0.9299902544812227,8.775011606527537e-05,6.798963649985846e-10,0.0004175072360985442,4.5892588194058385e-08,8.172529838899153e-09
21,3.0979055929115664e-08,1.554850591042363e-11,6.44196531525935e-05,0.08883410354119735,4.885719449464875e-06,5.9063630222112125e-06,2.7421368574473674e-06,4.076931293539191e-05,4.303571278299343e-07,0.00014373526606913938,0.00013997533597183423,0.00011132304485604115,3.352743379921775e-05,9.054935379396013e-07,4.529821989394521e-08,0.00044934477684519723,2.722965323284831e-07,1.8711601710426274e-05,5.2198517795743415e-11,0.9095633792567548,0.00014223574861665995,1.6135724155182263e-09,0.0004431897124423366,5.556006389529601e-08,9.43046256564881e-09
22,3.393616451575267e-08,2.282238343837151e-11,6.550320077038888e-05,0.0868037688959624,6.10076243937019e-06,7.671855120106055e-06,3.0943891464352883e-06,4.9875467965180115e-05,6.108469365458322e-07,0.00014394162597316504,0.00013801601076290134,0.00013350252585736866,3.552160529055518e-05,1.1528405575468812e-06,6.323803725140183e-08,0.00046459374658628446,2.3272317262338083e-07,1.937855113617365e-05,6.109109250964363e-11,0.9114429998653952,0.00014611677943222363,1.6738903796470101e-09,0.0005377401374015547,6.652513759521956e-08,1.2712950687011395e-08
23,3.0705189701704944e-08,1.401315067472438e-11,5.927190795420098e-05,0.09325519274156416,4.499588560853858e-06,5.441557774991276e-06,2.520144484092271e-06,3.787901207658672e-05,3.8320669846790295e-07,0.0001330316640198952,0.00014793393825859806,0.00011326994266481337,3.221658123393138e-05,9.632462813754605e-07,4.378138848511503e-08,0.00046265672254985625,2.5042870159589117e-07,1.928348248188991e-05,4.833330190494774e-11,0.9051728204569272,0.00013390103666592652,1.4904478317888176e-09,0.0004183505382184135,4.920320132723254e-08,8.560309347015781e-09
24,2.957549161413559e-08,1.3523714763900905e-11,4.888547803923387e-05,0.10400796333382101,4.254373014273396e-06,5.112954215576374e-06,2.1464039034694165e-06,3.437833255179654e-05,3.3362107148353957e-07,0.00012199073285909287,0.00014863006547472817,0.00010394499442046922,3.146887786580403e-05,9.296222682422435e-07,3.846148189517174e-08,0.00043968670030664027,2.224842386534338e-07,1.959355983186079e-05,4.51635734026966e-11,0.8945634437580473,0.00010904220589154022,1.3981007933972613e-09,0.00035785433670922073,4.0948119626960565e-08,7.72358827480415e-09
25,2.9234986976628415e-08,4.908781709556787e-11,9.485411077170875e-05,0.11940143234802136,9.139937471985755e-06,1.8865392045559943e-05,3.2122960265730804e-06,3.198360221807181e-05,8.361135615102244e-07,0.0001422360434282165,0.00011943205180511016,0.00010827114526952633,2.573826671711436e-05,1.1093917474679208e-06,7.857794514408917e-08,0.0007682902724044455,2.9506765636170305e-07,3.361089584652817e-05,1.2744486213560636e-10,0.8779199479439583,0.0003482842288485505,2.724090080092747e-09,0.000972245481690713,8.931878338700844e-08,1.537817247496802e-08
26,3.338745489540584e-08,1.49853147060123e-11,5.9335272373718815e-05,0.0871654764001765,4.900554559236519e-06,5.499370578785261e-06,2.4864437249656915e-06,3.666192093790823e-05,4.524892955380953e-07,0.00013640116406359924,0.0001366001887783263,8.728716494216672e-05,3.293307254609065e-05,8.807325860540115e-07,4.113976817327572e-08,0.00042795422811197443,2.704819001141909e-07,2.049879461032961e-05,5.5127290220033326e-11,0.9112743183871067,0.0001286374299630515,1.3772138290069787e-09,0.0004792665080968154,5.42773145028899e-08,9.14378420727149e-09
27,3.3104113085006946e-08,1.6687146788519502e-11,5.760160223588488e-05,0.1051319227466487,4.653841982522824e-06,5.840515316949016e-06,2.628606728368142e-06,4.332804464144907e-05,4.505112780500121e-07,0.00013973582109888392,0.00016154380756041792,0.0001205736648914608,3.2906006533779465e-05,9.789249664940154e-07,4.9166079083303216e-08,0.0004673073177916953,2.486558657153022e-07,1.994324956650553e-05,5.043825442760841e-11,0.8932513758754017,0.0001286374921682392,1.7220298652404895e-09,0.0004301806968610459,4.900154826243863e-08,9.55756654858532e-09
28,3.0705189701704944e-08,1.401315067472438e-11,5.927190795420098e-05,0.09325519274156416,4.499588560853858e-06,5.441557774991276e-06,2.520144484092271e-06,3.787901207658672e-05,3.8320669846790295e-07,0.0001330316640198952,0.00014793393825859806,0.00011326994266481337,3.221658123393138e-05,9.632462813754605e-07,4.378138848511503e-08,0.00046265672254985625,2.5042870159589117e-07,1.928348248188991e-05,4.833330190494774e-11,0.9051728204569272,0.00013390103666592652,1.4904478317888176e-09,0.0004183505382184135,4.920320132723254e-08,8.560309347015781e-09
29,3.0705189701704944e-08,1.401315067472438e-11,5.927190795420098e-05,0.09325519274156416,4.499588560853858e-06,5.441557774991276e-06,2.520144484092271e-06,3.787901207658672e-05,3.8320669846790295e-07,0.0001330316640198952,0.00014793393825859806,0.00011326994266481337,3.221658123393138e-05,9.632462813754605e-07,4.378138848511503e-08,0.00046265672254985625,2.5042870159589117e-07,1.928348248188991e-05,4.833330190494774e-11,0.9051728204569272,0.00013390103666592652,1.4904478317888176e-09,0.0004183505382184135,4.920320132723254e-08,8.560309347015781e-09
30,3.0705189701704944e-08,1.401315067472438e-11,5.927190795420098e-05,0.09325519274156416,4.499588560853858e-06,5.441557774991276e-06,2.520144484092271e-06,3.787901207658672e-05,3.8320669846790295e-07,0.0001330316640198952,0.00014793393825859806,0.00011326994266481337,3.221658123393138e-05,9.632462813754605e-07,4.378138848511503e-08,0.00046265672254985625,2.5042870159589117e-07,1.928348248188991e-05,4.833330190494774e-11,0.9051728204569272,0.00013390103666592652,1.4904478317888176e-09,0.0004183505382184135,4.920320132723254e-08,8.560309347015781e-09
31,3.662045931330214e-08,1.4040008053155719e-11,7.320740358199315e-05,0.08470912366914839,4.197640531228422e-06,4.82646646201407e-06,2.47030800054698e-06,5.0110995910172906e-05,3.694798684430752e-07,0.0001361586705478127,0.00014318260425401694,0.00012289347695805305,4.14567393098308e-05,9.257284506696036e-07,4.5005240827201354e-08,0.0005048802824621974,2.8861964138996287e-07,1.8878847076216633e-05,5.681487887428719e-11,0.9136709980632255,0.00014128001793155818,1.5368824959934297e-09,0.00037460332692633934,5.674842261333684e-08,7.67785367914081e-09
32,3.213883693582736e-08,1.480051716012558e-11,6.0390653635302584e-05,0.09323953445163181,4.609467441892308e-06,5.566735533748998e-06,2.5015931653386654e-06,3.8350557310121524e-05,3.851717125163686e-07,0.00013379439659856306,0.0001469697292153756,0.00011030530278870254,3.374712572210978e-05,9.775511947139723e-07,4.4041242756394964e-08,0.00047420691493179246,2.581603559065614e-07,2.0130508823699617e-05,5.31691510866371e-11,0.9051789651476556,0.00013305121816148025,1.5168499974085019e-09,0.00041611761946629946,5.134466175321711e-08,8.585093969414427e-09
33,3.094076090995436e-08,1.3825516062099554e-11,5.593969096567019e-05,0.09367912673872678,4.22951582728828e-06,5.48457564895968e-06,2.4733171918137394e-06,3.7950962083957966e-05,3.4396316891557705e-07,0.00012777460487419534,0.00013543680669389065,0.00010747427145120187,3.519782245347155e-05,9.488286172220947e-07,4.020687934300376e-08,0.0004962451753244772,2.603937022429375e-07,2.1431869958176588e-05,5.3133752768414435e-11,0.9047745406723819,0.0001254046841626196,1.4937661929671081e-09,0.0003896028631806377,5.2783197179898896e-08,7.75202356712995e-09
34,5.2739633432801166e-08,1.3475018215018306e-11,7.574826878970196e-05,0.08201469857319603,5.510784973662404e-06,3.850863537486098e-06,2.2689298431961486e-06,3.835873356980969e-05,3.882293362295133e-07,0.00013876744538467107,0.00017347652590893445,9.07671573828508e-05,4.0317386685491035e-05,1.1674388589236231e-06,4.0339102884281176e-08,0.0004377441676459084,2.9666819719155956e-07,1.860299164206234e-05,6.880649973973069e-11,0.9164601740303776,0.00011460267419204193,1.1928952704789125e-09,0.00038310428197806904,5.180680575211125e-08,8.687781269687528e-09
35,5.39788025758885e-08,2.2174895326032328e-11,7.304314389100206e-05,0.12094469104096008,5.824111717011485e-06,5.901561238484149e-06,3.1740219232875012e-06,7.214111849069573e-05,7.207045609659029e-07,0.00016152727067389518,0.0001889323745185332,0.00013327617141340283,4.426351524840156e-05,9.492115142532055e-07,5.537664629837076e-08,0.0005408031111140384,3.1251801483324817e-07,2.1313202403317452e-05,7.117479416916049e-11,0.877278758761038,0.0001226704999788171,2.3393235678021515e-09,0.00040152052534951226,5.451800219900837e-08,1.0829826952910536e-08
36,3.277708228862163e-08,1.258108858987303e-11,5.487178791009639e-05,0.0892977500408897,4.023457408548308e-06,5.140712643497747e-06,3.3105012403127006e-06,4.884154341672754e-05,3.56829217620644e-07,0.00012465061592641737,0.00015376091921284085,0.00017979470087510727,3.789554147820501e-05,1.1685311824388265e-06,4.620537665746196e-08,0.0005262839024478608,3.101962380843705e-07,2.2380321539150688e-05,4.4337848520456746e-11,0.9090265136751288,0.00013539410053147794,1.9268388588953915e-09,0.00037740675869490383,5.576413076619209e-08,9.133670627208839e-09
37,3.415659747016633e-08,1.3039522962087807e-11,5.754234202304902e-05,0.09210094201843491,4.231541680870763e-06,4.986750501914185e-06,2.512253752311287e-06,3.037599977880482e-05,2.857938127201905e-07,0.00011530959083815723,0.00014125078070606007,0.00010719122284666053,3.272809870356279e-05,1.1972526883679275e-06,3.896304623121332e-08,0.0004994892238064036,2.8244170304827e-07,2.1957203270115505e-05,5.292970944754102e-11,0.9063148437447496,0.0001377921336094642,1.3672230852332665e-09,0.000426943425491205,5.5123718693112774e-08,8.505047825163813e-09
38,2.9678281879385658e-08,1.4127085105474244e-11,5.8761479376635096e-05,0.09217503346597716,4.464441173468482e-06,5.6924861701461155e-06,2.55056922089763e-06,3.731188740435008e-05,3.780680918772295e-07,0.0001305862754401864,0.00014602447679491783,0.00011413798204704145,3.2208798700325327e-05,9.734113759853705e-07,4.4865130699817906e-08,0.0004828661642301372,2.4926898503460297e-07,2.0460963533740554e-05,4.960852785531761e-11,0.906220488823558,0.00013904843793079106,1.4989947912646786e-09,0.00042862824344037963,5.0291685982942474e-08,8.358719789748212e-09
39,3.006249515605384e-08,1.4113908911063623e-11,6.08967706871424e-05,0.09290896196413491,4.459111127709547e-06,5.569243328812145e-06,2.520410161488477e-06,3.8765606473030364e-05,3.825196449984102e-07,0.00013092433501874024,0.00014428000760895247,0.0001157374426353679,3.2407434121064234e-05,9.416240344855993e-07,4.401361555219317e-08,0.0004788506327600886,2.534348801624412e-07,1.9460053104320454e-05,4.889073656691089e-11,0.9054980326418118,0.00014043987729960583,1.5200479527196771e-09,0.00041698317944946793,4.9711312493227015e-08,8.341242029489142e-09
40,3.205707493072944e-08,1.4475131641093233e-11,6.199029080762774e-05,0.09116382267209266,4.759634992732558e-06,5.373991731029828e-06,2.5503571591700803e-06,3.751074980429946e-05,3.8669726679023507e-07,0.00013266787515293685,0.00015234014214191697,0.00011774340184496334,3.250717564510397e-05,1.0251843251577348e-06,4.485453213653902e-08,0.0004585306047434587,2.575560565337429e-07,1.8952961872852527e-05,4.9747390982310125e-11,0.9072515223160968,0.0001369830210691587,1.5062204587650909e-09,0.0004209380960534579,4.973207128343436e-08,9.057022030994572e-09
41,3.0939816678767535e-08,1.5495028921257906e-11,5.2584070514022644e-05,0.11244240367708576,4.962023973597553e-06,5.527356800135427e-06,1.956457467997087e-06,4.0912146742216215e-05,4.27058849573828e-07,0.00012934687091676093,0.00016106598341047946,9.234987519451452e-05,3.407729047374341e-05,8.265162079948943e-07,4.250383080137478e-08,0.0004964421969792008,1.8748893799601506e-07,2.026244772422549e-05,5.3374385239078336e-11,0.8860823814817214,0.00010167802089056559,1.3332134119111994e-09,0.000332491487873905,3.6072461584041167e-08,6.630044049863747e-09
42,2.817417007050599e-08,4.765484605319987e-12,1.975269118153184e-05,0.03282303276708048,5.2720740152415265e-06,2.263849765726077e-06,2.332445209230298e-06,8.224825726997651e-06,2.0280948178224924e-07,0.00013280536235798723,0.0001590398060843197,5.2764044050675466e-05,1.8501072253495187e-05,2.4772173056315746e-06,3.070457928872851e-08,0.00010712047541446168,1.770678771736847e-07,1.595123478283673e-05,1.9451057003898652e-11,0.9658857373698053,5.411332552794595e-05,3.2078760234488384e-10,0.0007101068499245714,4.734428986936084e-08,1.814411122204988e-08
43,2.8589009879493313e-08,1.3270246843242602e-11,5.945770131626009e-05,0.08976388109476138,4.366759628097564e-06,5.542453407662223e-06,2.4414460390041804e-06,3.822561219892253e-05,3.752483335013774e-07,0.00013563257701756026,0.00013811568352031344,0.00010840388288806825,3.2274082963857656e-05,8.777973937770896e-07,4.240720996307267e-08,0.00046611210847855586,2.4711591900310377e-07,1.91647412413087e-05,4.824745537614206e-11,0.9086829594942362,0.00013691577330579523,1.4526698622197374e-09,0.0004048768677674339,4.925118177808845e-08,7.797994368912908e-09
44,3.0705189701704944e-08,1.401315067472438e-11,5.927190795420098e-05,0.09325519274156416,4.499588560853858e-06,5.441557774991276e-06,2.520144484092271e-06,3.787901207658672e-05,3.8320669846790295e-07,0.0001330316640198952,0.00014793393825859806,0.00011326994266481337,3.221658123393138e-05,9.632462813754605e-07,4.378138848511503e-08,0.00046265672254985625,2.5042870159589117e-07,1.928348248188991e-05,4.833330190494774e-11,0.9051728204569272,0.00013390103666592652,1.4904478317888176e-09,0.0004183505382184135,4.920320132723254e-08,8.560309347015781e-09
45,3.041275114630594e-08,1.3898181695908004e-11,6.0850409077256886e-05,0.09222931282085092,4.249656923425622e-06,5.715460316666909e-06,2.713938616237878e-06,4.5890821198089804e-05,3.886357265708985e-07,0.0001395372469808324,0.00014109085172552468,0.00012094042244274755,3.6680021231449536e-05,8.989187345411132e-07,4.55113566596866e-08,0.0005215842143158947,2.548480424718791e-07,2.0195851421615312e-05,5.155660027116642e-11,0.9061512171728353,0.000134307364548013,1.6069295548140144e-09,0.00038403281510226994,5.333649060810639e-08,7.596927377450018e-09
46,3.327968336747726e-08,1.2218028907100979e-11,6.160025100198972e-05,0.10639106910513672,3.591228811949463e-06,4.779802419399618e-06,2.474219655365937e-06,4.0497401506137205e-05,3.116909742291203e-07,0.00012547721578448344,0.00013752525416201603,0.00011585396394260891,3.440606162444078e-05,7.664735746889579e-07,3.2670803114054424e-08,0.0004716512425031339,3.295359516188571e-07,1.823135631118408e-05,4.587231090871005e-11,0.8921197030853097,0.0001352959761241233,1.817662905878598e-09,0.0003363139668622039,4.6937195609924084e-08,7.404908502282635e-09
47,3.1718534554446226e-08,1.3878116235822373e-11,6.0347197045707465e-05,0.09435879668251394,4.434218166592041e-06,5.372354095962208e-06,2.5440860811277204e-06,3.86123513178507e-05,3.7687144004094403e-07,0.00013249008142412235,0.00014694700231953248,0.00011382446414733507,3.3219110421767814e-05,9.628460574132108e-07,4.280563855277895e-08,0.00047680237979559083,2.5687487340734714e-07,1.9484032519955128e-05,4.969525352482589e-11,0.9040628237444223,0.0001331531096671661,1.5095326352881299e-09,0.00040941805238458266,5.007645253946074e-08,8.367574003005654e-09
48,3.663444271995913e-08,1.4287171566969105e-11,6.242183677577082e-05,0.08669364667942,4.2634799625719165e-06,5.5598923542574945e-06,2.7646795162606793e-06,4.5526709374549537e-05,3.6368252673152443e-07,0.00015122288117971774,0.0001221420432998713,0.00010105148354427224,4.2086173046578115e-05,8.855223226953927e-07,3.886280294674697e-08,0.0004895288809072788,3.256647959906992e-07,2.1798336478063237e-05,6.473993685136284e-11,0.9117462162185089,0.0001258611211870144,1.6496702604768906e-09,0.000384180058103256,6.932231981458864e-08,8.108433402780278e-09
49,2.757701342525863e-08,1.443832967495285e-11,6.392818494484911e-05,0.09452832870956727,4.34073595153658e-06,5.891507889148046e-06,2.493032665452271e-06,4.09349761175469e-05,3.889671777960176e-07,0.00013388580806747273,0.00013963159025182694,0.00012617918481947973,3.2477472800231326e-05,8.292331446267962e-07,4.3175418483028276e-08,0.00048075580282762136,2.478142552360083e-07,1.770481051427868e-05,4.710127705703834e-11,0.9038954436236895,0.00014299719482727214,1.6824158444482727e-09,0.000383413579053116,4.7288783570040946e-08,7.986264793952472e-09
50,3.828660837371853e-08,1.081681281384808e-11,5.864706256012906e-05,0.08299087621147858,4.525235194265607e-06,4.3052324801857365e-06,2.9966854158874383e-06,4.053102592079347e-05,3.570050886062405e-07,0.00016250251003246298,0.00014495963314083285,0.00010359763849490634,3.914822203692951e-05,1.0374321831720235e-06,3.6266817264044027e-08,0.000413744211983928,2.75435949238142e-07,1.6852746482874853e-05,4.8923817864822375e-11,0.9155580772808224,9.709728916095345e-05,1.3172970236896221e-09,0.00036032613067439763,5.8248683409229565e-08,8.831752778881808e-09
51,3.533679584976387e-08,3.699128551549736e-12,9.34575816717709e-05,0.025157364499841038,7.43010702978005e-06,3.3275173544934526e-06,4.1939964435825316e-06,1.907317498644052e-05,2.952968611256506e-07,0.00014343026358996529,7.58423743624617e-05,6.738430151804876e-05,4.0230922083245126e-05,1.0727636845558803e-06,1.775790197909542e-08,0.0003990174543883405,3.912681450751946e-07,1.3557763017288552e-05,5.465310291064748e-11,0.9733753392402199,0.00013632468663417297,4.948622196773619e-10,0.0004621132035958664,9.272096469991501e-08,7.215696035092185e-09
52,4.838176366348347e-08,2.5413961441618402e-11,0.00012256328266174043,0.11215826586482888,7.458921966814897e-06,6.34020105728062e-06,5.3514254924654885e-06,3.8774505259627714e-05,6.287533492941737e-07,0.00011374650401189205,0.00019823574443567432,0.000193695002884231,2.914658826820832e-05,1.5386200894260613e-06,5.640696288445379e-08,0.0005937180692750609,5.294671279957197e-07,1.7142295000358535e-05,5.6415900993662694e-11,0.8854377792240418,0.0002964435557157634,2.856471196947747e-09,0.0007784417213987637,7.007105142000845e-08,2.24550556622775e-08
53,2.6515495782148525e-08,1.1985089431555791e-11,5.358894053620503e-05,0.08791495242665769,4.247587404017422e-06,5.222454466741325e-06,2.5912722023221917e-06,3.2929456180110894e-05,3.537363592954124e-07,0.00012310954318234612,0.00014432502222484146,0.00011286880139734442,2.8723921362136413e-05,9.630148681223445e-07,4.153110952740857e-08,0.0004394301270734554,2.3856824701428817e-07,1.890597222509037e-05,3.9778048442285765e-11,0.9105404479470658,0.00013569666341830262,1.3507357918446745e-09,0.0004412806261231359,4.603308908645547e-08,8.436812518062251e-09
54,3.8426906053531146e-08,2.190025516755081e-11,5.766336393426888e-05,0.11653520975426863,5.337209425345779e-06,6.77021237388006e-06,3.252311550673783e-06,4.316178592973111e-05,4.95018195293577e-07,0.00014491705668715114,0.0001795797763967768,0.00013893583005234814,3.198355924748408e-05,1.3011630594323714e-06,5.997723693484412e-08,0.0004884587508103619,2.8027816643903955e-07,2.2134916239006125e-05,5.666227840864449e-11,0.8816873329292021,0.00014268506618972715,2.132857083438234e-09,0.0005103284201363719,5.859222487338216e-08,1.3390347544276536e-08
55,3.332180441631476e-08,1.7159459533068642e-11,6.707699762493928e-05,0.10746123114765742,4.609061133210322e-06,5.623016299561082e-06,2.1987537107396703e-06,3.553359297580999e-05,3.8593952953282053e-07,0.00014440032391658034,0.00015663748039014682,8.595886451160723e-05,3.090100674242952e-05,8.561242853691993e-07,4.452610019276869e-08,0.00044404859636526793,2.632649478600361e-07,1.845099125736902e-05,5.74859890741754e-11,0.8909559359171398,0.0001431327741970668,1.5429020882568431e-09,0.000442619286303932,4.8824654555412074e-08,8.570904582512896e-09
56,3.0423766376187e-08,1.3465022877389022e-11,5.742599374107756e-05,0.09071950483949508,4.3798396492186185e-06,5.334996399242812e-06,2.464416125166626e-06,3.8045863696166635e-05,3.7008040393137463e-07,0.00013236663874190157,0.00014215212163194734,0.00010897296079955722,3.339918533392652e-05,9.3803316131698e-07,4.188969434706402e-08,0.00045937923892734703,2.479104680654643e-07,1.934896583979367e-05,4.876462477715975e-11,0.9077482876917577,0.00012673733381594654,1.4312895153533167e-09,0.00040051245441042834,4.9468579636983744e-08,8.160042549721203e-09
57,4.316529193555512e-08,2.366331472925633e-11,3.891630361342326e-05,0.1683555732666997,4.052964957041575e-06,6.875546975152605e-06,2.847500225136342e-06,3.739158712338276e-05,4.7021889275019235e-07,0.00012982599310051756,0.00021619423960525042,9.731850557262633e-05,2.7245168214832662e-05,1.3428046572943077e-06,6.450743793861802e-08,0.00048651185094315336,2.507542743496466e-07,3.4691632283628155e-05,5.370236032467359e-11,0.8297382406904905,0.0001297177734193648,1.9431467128747346e-09,0.0006923572501212386,5.34829613128083e-08,1.2772627044556664e-08
58,3.0656864422762486e-08,1.403795582260928e-11,5.860645632730459e-05,0.08792624103608154,4.371521966528584e-06,5.517032998107813e-06,2.516855690345669e-06,3.864366429429774e-05,3.688804543478001e-07,0.00013562727264113136,0.00013759497722383874,0.00011085608899230187,3.423188073773144e-05,9.585759218432476e-07,4.337805273655486e-08,0.00046512353367008643,2.5616178610348154e-07,2.002782877601064e-05,5.127572866410022e-11,0.9105115150671702,0.0001315859492282946,1.4739441383044863e-09,0.00041581901214778045,5.427201586581824e-08,8.357701182066916e-09
59,3.019624693976126e-08,1.3562193032209288e-11,6.104886427972945e-05,0.08606921307255193,4.356745508784913e-06,5.329290429426242e-06,2.452363735021829e-06,3.8496086025105935e-05,3.6394869680103806e-07,0.00013378745480138832,0.00013656848026630003,0.0001098431471024623,3.396382536444793e-05,9.245882507385897e-07,4.225000336140725e-08,0.00045905417166959626,2.5500314891415383e-07,1.886973978351907e-05,4.998876805719856e-11,0.9123863663149466,0.00013356139073018955,1.4313592093565959e-09,0.00040541108436458525,5.2367022131222684e-08,8.120161795846631e-09
60,3.0705189701704944e-08,1.401315067472438e-11,5.927190795420098e-05,0.09325519274156416,4.499588560853858e-06,5.441557774991276e-06,2.520144484092271e-06,3.787901207658672e-05,3.8320669846790295e-07,0.0001330316640198952,0.00014793393825859806,0.00011326994266481337,3.221658123393138e-05,9.632462813754605e-07,4.378138848511503e-08,0.00046265672254985625,2.5042870159589117e-07,1.928348248188991e-05,4.833330190494774e-11,0.9051728204569272,0.00013390103666592652,1.4904478317888176e-09,0.0004183505382184135,4.920320132723254e-08,8.560309347015781e-09
61,3.142373763209916e-08,1.4330342267539166e-11,6.326219716533325e-05,0.08872301482228004,4.6178329865507985e-06,5.515979912359165e-06,2.584479553076351e-06,3.8474734544673416e-05,3.851486789202758e-07,0.00013563700133773193,0.0001437800810040778,0.00011413467952153331,3.3473585500121256e-05,9.763949285480946e-07,4.43390709232876e-08,0.00047102655225273805,2.6129614935503725e-07,1.9198594353720816e-05,5.1456805380161844e-11,0.9096804480730255,0.00013946873243596955,1.505434390832003e-09,0.00042360084297365724,5.294259936253894e-08,8.694766432071102e-09
62,3.0705189701704944e-08,1.401315067472438e-11,5.927190795420098e-05,0.09325519274156416,4.499588560853858e-06,5.441557774991276e-06,2.520144484092271e-06,3.787901207658672e-05,3.8320669846790295e-07,0.0001330316640198952,0.00014793393825859806,0.00011326994266481337,3.221658123393138e-05,9.632462813754605e-07,4.378138848511503e-08,0.00046265672254985625,2.5042870159589117e-07,1.928348248188991e-05,4.833330190494774e-11,0.9051728204569272,0.00013390103666592652,1.4904478317888176e-09,0.0004183505382184135,4.920320132723254e-08,8.560309347015781e-09
63,3.178506026366278e-08,1.6110001386586333e-11,5.9271653129767164e-05,0.09737850746840858,4.674740886637289e-06,5.848781441319122e-06,2.5408284895019875e-06,3.863206071170742e-05,4.047726584036482e-07,0.00013293463815115965,0.00015238612814710934,0.00011481709641689284,3.240311527357711e-05,9.96708871404239e-07,4.722711605289571e-08,0.0004729428148470584,2.5727089108997086e-07,2.0498628925450875e-05,5.23502195562768e-11,0.9010064560650967,0.00013875586786980823,1.6193124416189759e-09,0.00043753073166006104,5.0745193129169647e-08,9.182981715524277e-09
64,2.8702365102733147e-08,1.4132720345916281e-11,6.286472795637858e-05,0.08860281678954025,4.564909881029647e-06,5.6620436973074795e-06,2.491518397083118e-06,3.570689295454651e-05,3.7461501283510716e-07,0.00012650189534498446,0.00014346618793288805,0.00011653424624145188,3.05743435502585e-05,9.61276293802334e-07,4.487580497756809e-08,0.00047478395383791593,2.595757195051762e-07,1.944139029099869e-05,4.841101067381935e-11,0.9097776611506904,0.0001555932524672166,1.5036440972765854e-09,0.0004396082062465384,4.9365580392067436e-08,8.514006448179568e-09
65,5.518179996277925e-08,1.380613276343044e-11,9.832861344593261e-05,0.11982056150109288,5.390463954436962e-06,4.333030452826816e-06,2.8441095852262763e-06,7.646589656709314e-05,6.077971589859349e-07,0.00023070788270477342,0.00024333590403448043,0.00014305924368080997,5.163934191821356e-05,9.298159805493952e-07,4.806727103519265e-08,0.0005600343759650485,2.401992668115572e-07,1.396413999639266e-05,6.39907032806408e-11,0.8783878833245705,9.04206788661501e-05,1.810524314864596e-09,0.00026909834470796644,4.2760299266508375e-08,7.438359534383097e-09
66,2.5580125717902257e-08,6.266673969134696e-12,6.38855264381568e-05,0.0560875641889521,5.134748325824024e-06,3.6351902077510045e-06,2.380246697776249e-06,2.561823162262752e-05,2.755679226772993e-07,0.00013153523373922397,9.548462521349074e-05,6.56108993637715e-05,3.6884743729093584e-05,6.437155839734769e-07,1.858117284764318e-08,0.0003681604432094911,2.3119970535185584e-07,1.1611422864740495e-05,4.2495579643714786e-11,0.9427625137881985,8.237836849574006e-05,7.503044362099223e-10,0.00025635860931681986,4.289672512594299e-08,5.393322286424824e-09
67,1.428627890815423e-07,1.8760003718205192e-11,0.00017376332007826612,0.10998172880465193,1.4157321951208511e-05,3.6172038007001766e-06,3.6779067498515677e-06,0.0001628261465007469,1.4930138882358332e-06,0.0004143253593385172,0.000368813886597892,0.00015486616769485773,8.776700181371946e-05,1.2389585534547258e-06,6.85539762129895e-08,0.0006224849010864208,2.700558503402126e-07,1.2486368265022725e-05,1.3126276194665678e-10,0.887719897825621,7.165307542473903e-05,1.987752898766969e-09,0.0002046616173407745,4.8245725687742964e-08,9.264525636244652e-09
68,6.304789057108975e-08,1.6014704098994187e-11,6.713674807798388e-05,0.12832418850882704,6.013145304753029e-06,3.894064527783684e-06,2.638737269131632e-06,3.4689115101996035e-05,4.652998619623084e-07,0.00015988898778886572,0.00021256803790430673,6.884853273151004e-05,4.0040988416765105e-05,1.3247745514252924e-06,3.7028875054985624e-08,0.0005065315250676168,2.85758898178655e-07,2.018229570446305e-05,7.970176969677692e-11,0.8700564193454855,8.099664945477392e-05,1.3085824755653486e-09,0.0004137254631800843,5.0529380917214746e-08,1.0011400277183667e-08
69,4.9363096593718084e-08,1.8822991074304165e-11,8.706206508477584e-05,0.10973792403537375,5.789264562775338e-06,6.546817634106545e-06,3.7782153745941828e-06,5.150555281998294e-05,4.663333837233842e-07,0.00016729053134118202,0.00014867034718283974,0.00014024937520354809,4.561939892459628e-05,1.3288574072721522e-06,4.766100836580012e-08,0.0006952485825280602,3.3331907018952514e-07,2.0846650029009298e-05,8.321579722421794e-11,0.8883304595608331,0.00014404117107109834,2.0453319911400062e-09,0.0004126499788803018,8.018288099484012e-08,1.0588938326748953e-08
70,9.317099071398457e-08,3.2583479032714474e-11,6.995112200702656e-05,0.03617600225475649,7.829324589956895e-06,5.344848643912247e-06,4.395712000500571e-06,5.085620893173712e-05,4.915053621331399e-07,0.0002027965615557523,0.0001940751779113814,0.0001723166214096702,5.560316576775651e-05,4.025581326242227e-06,1.2634544134174137e-07,0.0003616063835496149,1.0295826627163413e-06,6.0501481996860395e-05,1.5945287268142361e-10,0.9613618314620674,0.00024333843328498225,2.697393253897553e-09,0.001027494569762757,2.543659018219703e-07,3.3230649542834205e-08
