,0,1,2,3,4,5,6,7,8,9,10,11,12,13,14,15,16,17,18,19,20,21,22,23,24
0,2.892758674021871e-05,4.994476719354446e-06,0.004917404555885035,0.0204873332326881,5.814811722555184e-06,1.9647634393781603e-05,0.0003126867849445475,0.010653367787989308,2.124813150057713e-06,0.0013675076317650721,1.0957402036912966e-05,1.5062077792237336e-06,0.05418333581053645,7.530456689819991e-05,2.0903857925572468e-07,0.013787353203483354,6.051267847966382e-05,0.47792898943459955,1.2488784336169641e-05,0.41596287787180114,0.00011015508024593559,7.140444882887211e-07,6.028304587591589e-05,5.491726278356734e-06,1.1788583437379043e-08
1,5.112663988499037e-05,7.117575480479318e-06,0.005686770619903187,0.04386557009881844,8.85661238637994e-06,7.6247987533436754e-06,0.0003546116853737484,0.013010650976918496,5.704899475582814e-07,0.0005616168847402094,1.645712323104481e-05,3.169640820469795e-06,0.10788723434341682,3.503501348520104e-05,1.5657833526302354e-07,0.016916106604394604,0.00011953451433130415,0.4330481278194263,8.67534215985736e-06,0.37830471094021634,7.056542789342622e-05,5.352508505149463e-07,3.098414932593882e-05,4.184626194352381e-06,6.243711671985484e-09
2,7.515635535613006e-05,8.049816994186015e-06,0.005731926494364337,0.054854767292621606,9.568011244538755e-06,8.372326622169998e-06,0.0004174854503388667,0.013680743968860326,4.888748715974327e-07,0.0004753434498136249,2.0594361151559287e-05,3.3211889892625686e-06,0.11897241309779867,2.815399146020321e-05,1.4315794446763188e-07,0.01392117110328238,0.0001491202517590552,0.5201527160222837,9.976795108207341e-06,0.27136344981270505,7.855389602830695e-05,5.516999295727121e-07,3.407266047535218e-05,3.855045714245274e-06,4.874282609180239e-09
3,6.000076740939531e-05,7.504248469015595e-06,0.005471944735699945,0.04760301481530614,9.991403961879402e-06,8.012505666970526e-06,0.0003847365551499922,0.01344833803743515,5.622216272282872e-07,0.0004931519428045088,1.9514500883265433e-05,3.4785242154315045e-06,0.113587149158989,3.443363912319771e-05,1.5997662246860442e-07,0.014865854820980066,0.00012889410009080804,0.45429100374949594,8.72916084012659e-06,0.349463105106333,7.346323507068099e-05,5.877557195025607e-07,3.228373648617825e-05,4.07931992348293e-06,5.981696672102527e-09
4,6.155668215956656e-05,7.611050481413355e-06,0.005500744189962506,0.04659728643581612,9.949694277319772e-06,7.459800191109455e-06,0.00038846957930373374,0.01304417079693894,5.759573875005197e-07,0.00047467929620903087,1.9638750052732533e-05,3.53627132585961e-06,0.12136268619962329,3.5742830667806435e-05,1.5535965313679272e-07,0.014036224999985903,0.0001232381835139224,0.44718574742177175,8.52184788014628e-06,0.35102274914976284,7.366671470471172e-05,6.067293313111138e-07,3.080591547466404e-05,4.170175377570689e-06,5.9681471309550935e-09
5,0.0001186877919869643,1.5630189900060118e-05,0.01119949615115533,0.03911857079889635,1.0299754700385276e-05,1.58854457549707e-05,0.0013077070133719502,0.04411762324832594,8.1239342925814e-07,0.0006338196726616287,4.5643384925700347e-05,1.4166960595689748e-05,0.21989675149900714,5.4028060343100205e-05,4.172563078319113e-07,0.039150308214738215,0.00030242474028784126,0.3299577596857039,2.2202876832347268e-05,0.31380458983403653,0.00018355557389306562,2.459911696202595e-06,2.342638095830478e-05,3.7113433439086234e-06,2.181714733625924e-08
6,6.000076740939531e-05,7.504248469015595e-06,0.005471944735699945,0.04760301481530614,9.991403961879402e-06,8.012505666970526e-06,0.0003847365551499922,0.01344833803743515,5.622216272282872e-07,0.0004931519428045088,1.9514500883265433e-05,3.4785242154315045e-06,0.113587149158989,3.443363912319771e-05,1.5997662246860442e-07,0.014865854820980066,0.00012889410009080804,0.45429100374949594,8.72916084012659e-06,0.349463105106333,7.346323507068099e-05,5.877557195025607e-07,3.228373648617825e-05,4.07931992348293e-06,5.981696672102527e-09
7,2.336890134158283e-05,9.650534612883017e-06,0.004731153153903056,0.05841675886654345,1.8720910032195258e-05,2.3869473792491112e-05,0.00045115905793412155,0.015441966930784447,1.4515342031825655e-06,0.001272670330223149,1.541840333735969e-05,3.4255793450732965e-06,0.03356017588328371,7.70800095459707e-05,3.4565129524363697e-07,0.02879138658058954,0.0002325846040373264,0.46228417155068663,1.6596568626180665e-05,0.39434988627226136,0.0001346971970923168,5.418336997115788e-07,0.00013562190519581449,7.278275394820429e-06,1.9992238326638656e-08
8,6.685123785216804e-05,8.651622283875602e-06,0.007293711508388387,0.053262262464055216,1.119058204142895e-05,8.981908405158456e-06,0.0003171486470415739,0.012187689522218211,6.667984199552221e-07,0.0006468431288805997,1.810998941966406e-05,3.4346093663263648e-06,0.10859975227461582,4.0693756440686454e-05,1.81624820939119e-07,0.015609411924580485,0.00014572071563332984,0.41281990942585645,7.410052956708779e-06,0.38883971481511515,6.704179919050019e-05,5.69761934925752e-07,3.898004070055766e-05,5.0643813779701e-06,7.408403793535441e-09
9,4.9820743502675246e-05,7.980525165300529e-06,0.006730142950783509,0.04824992702135772,9.491562761259428e-06,8.152554801805169e-06,0.00029183036223042835,0.011755573889509187,6.7143559034889e-07,0.0007030341330687203,1.482462376484335e-05,3.0685761065281844e-06,0.10120650719866688,4.236741630584804e-05,1.7330347637241061e-07,0.017474925273543614,0.00012676911925807617,0.3874014557067218,7.510998906888997e-06,0.4258097002985756,6.439252034070183e-05,5.225205673025449e-07,3.6173854772726315e-05,4.975902997814776e-06,7.507224272548593e-09
10,6.000076740939531e-05,7.504248469015595e-06,0.005471944735699945,0.04760301481530614,9.991403961879402e-06,8.012505666970526e-06,0.0003847365551499922,0.01344833803743515,5.622216272282872e-07,0.0004931519428045088,1.9514500883265433e-05,3.4785242154315045e-06,0.113587149158989,3.443363912319771e-05,1.5997662246860442e-07,0.014865854820980066,0.00012889410009080804,0.45429100374949594,8.72916084012659e-06,0.349463105106333,7.346323507068099e-05,5.877557195025607e-07,3.228373648617825e-05,4.07931992348293e-06,5.981696672102527e-09
11,6.133460381456994e-05,7.595807140516106e-06,0.005498416713033381,0.04707919505246322,1.0141069379138758e-05,7.704970122665564e-06,0.0003900762394464362,0.01322185169803485,5.675532493492033e-07,0.0004770388487916245,1.9964597832675932e-05,3.5788430139513e-06,0.12011651638520335,3.4811869968144543e-05,1.6071290290304187e-07,0.014521313865046431,0.00012668918558945733,0.4425440976326197,8.620485002211582e-06,0.35576111346533523,7.335866170590537e-05,6.077654136350186e-07,3.105439105833819e-05,4.183543859230236e-06,6.0399728796683525e-09
12,5.3714079488980374e-05,5.994051649424976e-06,0.005696514194760671,0.031212137956514875,1.3803009798280598e-05,7.767168770630413e-06,0.0003365695754510685,0.009214732246795088,5.579357308705101e-07,0.00040848511403468316,2.0347165893281768e-05,3.3235439004494645e-06,0.09499585435364549,3.524149934387764e-05,1.3841529374096525e-07,0.013853700560909942,0.0001435761391831596,0.3871845772179938,5.584056564771201e-06,0.4566896951109361,7.468415583148215e-05,4.913961492138801e-07,3.717944797625801e-05,5.324287447801999e-06,7.3159360784054875e-09
13,6.326694051314351e-05,7.549333173123452e-06,0.0054605001171753,0.04586360233236203,1.041240236306901e-05,7.506290698112128e-06,0.0003992496022285933,0.01398649145689456,5.579631577007534e-07,0.0004467983560925981,2.1972616308351368e-05,3.886304967214315e-06,0.12140361460091749,3.646861826270726e-05,1.6289060603011467e-07,0.014104531868907406,0.00012794717040858427,0.44890874135028913,8.633364647494298e-06,0.34902667899583323,7.686157480552914e-05,6.406700254331322e-07,2.990398567297573e-05,4.014970338629758e-06,6.223351534158651e-09
14,4.020367277051543e-05,7.410307651067549e-06,0.012246548402356235,0.023869849260275414,4.779795966099977e-06,1.1810369048134612e-05,0.00034446871283142205,0.016460487019451055,8.678771647476936e-07,0.001031498811789141,1.0429042545984591e-05,4.605232025213985e-06,0.08356756299056915,5.235168749210581e-05,2.5393556482849024e-07,0.034562831133075636,0.00013091331186012637,0.21659495123847872,4.837110622607497e-06,0.6109853753404294,3.9462539352160274e-05,6.064270644675868e-07,2.4712602703754905e-05,3.1670978724005115e-06,1.608103941765427e-08
15,6.000076740939531e-05,7.504248469015595e-06,0.005471944735699945,0.04760301481530614,9.991403961879402e-06,8.012505666970526e-06,0.0003847365551499922,0.01344833803743515,5.622216272282872e-07,0.0004931519428045088,1.9514500883265433e-05,3.4785242154315045e-06,0.113587149158989,3.443363912319771e-05,1.5997662246860442e-07,0.014865854820980066,0.00012889410009080804,0.45429100374949594,8.72916084012659e-06,0.349463105106333,7.346323507068099e-05,5.877557195025607e-07,3.228373648617825e-05,4.07931992348293e-06,5.981696672102527e-09
16,6.44380507737502e-05,7.778808842164813e-06,0.005043709705193017,0.04946496468595126,1.0084617825141284e-05,7.794353005661481e-06,0.000402307445508755,0.014726022185778747,5.664904118376342e-07,0.0004554254329195053,2.118862366147983e-05,3.823675239292632e-06,0.12124137977770524,3.598824236062049e-05,1.6797415745263813e-07,0.01401557535407775,0.00012225083930736026,0.4651807129722212,9.19237641583765e-06,0.32907703142451694,7.539223240932717e-05,6.847967296990982e-07,2.9765064495930664e-05,3.7489695180195912e-06,5.900973933660032e-09
17,6.723900576055394e-05,7.337373977732833e-06,0.005335763789414135,0.04441473497548857,1.1581690390823527e-05,6.995490419231316e-06,0.0004247361844369209,0.012447990314834761,5.925637810784273e-07,0.0003962752565318489,2.1946153185333226e-05,3.698893749950096e-06,0.12544453032375483,3.676596588259922e-05,1.3966047573349014e-07,0.011902320726470246,0.00012284299386741294,0.4641467560395478,7.912927867427878e-06,0.3350836078015663,8.025109019433938e-05,6.180869102126683e-07,3.101644940301305e-05,4.340497583791161e-06,5.7445052730748134e-09
18,5.959165942339998e-05,7.496545488291955e-06,0.005490690228335394,0.046876529619724404,9.991583308298266e-06,8.007820980673836e-06,0.00038715136209822523,0.01340224596543457,5.659145851506468e-07,0.0004945165986280516,1.9526178502583753e-05,3.486688927181483e-06,0.11321590419707138,3.4859287343894636e-05,1.6032480457376514e-07,0.014915503268241499,0.00012906648731969653,0.4537427798824757,8.763693360391146e-06,0.3510815299116579,7.446432113060401e-05,5.882829764652083e-07,3.246854131406795e-05,4.105554293153245e-06,6.082574490224211e-09
19,5.79251139775741e-05,8.791740106020561e-06,0.005532687161505941,0.060002185032783505,1.1004456664544145e-05,9.077064842608674e-06,0.00037762485831674663,0.013492819757277027,6.584050421653173e-07,0.0005807700802228665,1.822479054869337e-05,3.8013642995043784e-06,0.11547054658101773,3.7831835103610366e-05,1.9351127732281256e-07,0.016099416915154086,0.0001334388332932273,0.40930216099894917,8.647452374767436e-06,0.378748631099028,6.335548621285819e-05,6.451266152032062e-07,3.496928621031283e-05,4.586263324091716e-06,6.785852580599434e-09
20,5.921714331390192e-05,7.429345794207276e-06,0.005818303366644514,0.04681578156196974,1.0203794909258418e-05,8.158864433277574e-06,0.000380375563113608,0.013086086097335378,5.399311267706137e-07,0.0005113893308344664,1.89686725836629e-05,3.396803324232028e-06,0.10722302436006383,3.330680115130906e-05,1.5486012653354918e-07,0.01574130185587887,0.00013813296572783547,0.45818850168632963,8.50601246451608e-06,0.35183374177051824,7.448138414172701e-05,5.305392639467224e-07,3.4241517138469166e-05,4.219684115810291e-06,6.087696177448926e-09
21,6.016679320793441e-05,7.551571344098522e-06,0.005389010961823452,0.048603869369253,1.0136821841747555e-05,8.33207190342036e-06,0.0003916823078863527,0.013688881989896156,5.715532644525983e-07,0.0004974489619718037,1.982774144716832e-05,3.4924558891194554e-06,0.11269759603081526,3.434150506559583e-05,1.646427412559939e-07,0.014899308410439224,0.00013043783746252425,0.4568389203884374,8.996816438751517e-06,0.3465973624620729,7.422182481911982e-05,6.007092304524768e-07,3.299651186491301e-05,4.074245754917451e-06,6.015128916044002e-09
22,5.988799028497039e-05,7.5121804151828994e-06,0.0054674287406616525,0.04767531153745958,1.0020404229200306e-05,8.017922579484528e-06,0.0003862285979844182,0.01344023531113623,5.645979902878947e-07,0.0004930230019797684,1.9520480393316516e-05,3.4837234807866406e-06,0.11375614774460334,3.449339738705499e-05,1.6061028730776306e-07,0.014876562004646562,0.00012867245146935577,0.4534517481368194,8.75007230756147e-06,0.3500616767533534,7.356392243999277e-05,5.885815097620459e-07,3.230067248348063e-05,4.0951629056558066e-06,6.0011922009283145e-09
23,6.000076740939531e-05,7.504248469015595e-06,0.005471944735699945,0.04760301481530614,9.991403961879402e-06,8.012505666970526e-06,0.0003847365551499922,0.01344833803743515,5.622216272282872e-07,0.0004931519428045088,1.9514500883265433e-05,3.4785242154315045e-06,0.113587149158989,3.443363912319771e-05,1.5997662246860442e-07,0.014865854820980066,0.00012889410009080804,0.45429100374949594,8.72916084012659e-06,0.349463105106333,7.346323507068099e-05,5.877557195025607e-07,3.228373648617825e-05,4.07931992348293e-06,5.981696672102527e-09
24,6.064659652185519e-05,8.470807936818695e-06,0.005055792937998571,0.0595911101051723,1.0009922292475253e-05,8.167242782097186e-06,0.0003775386618020883,0.013937514925271902,5.868812893507894e-07,0.0005201702652869445,1.9057840758554656e-05,3.381537806090773e-06,0.11658802560901033,3.555799185861255e-05,1.731658921201862e-07,0.014409209625067336,0.0001303317335520298,0.4674355854242997,1.0058108153497742e-05,0.32168674258003715,7.296491631139222e-05,6.411109003712625e-07,3.420792597442845e-05,4.048357033236929e-06,5.726990605832693e-09
25,7.80622946200614e-05,1.7586647932855857e-05,0.010119548106608206,0.09005715496013987,9.153206621374756e-06,1.8000493163187937e-05,0.0003765786971428576,0.009381943467260373,1.2058341557304896e-06,0.0017472425534786722,1.2537236004611516e-05,3.1635726664973623e-06,0.127628291161893,4.9311365304435284e-05,4.637190523091509e-07,0.028847520062379544,0.00024085415085166204,0.3683856871304513,1.9227602852289658e-05,0.36283537646118647,8.662848370263365e-05,8.310076493458984e-07,7.435082874813013e-05,9.266980904803115e-06,1.3975229987452505e-08
26,5.815903813658108e-05,6.919526306122867e-06,0.006080086513073614,0.0430369075313177,1.041622691649249e-05,7.4642439951116195e-06,0.0003198643834362091,0.010114594813784626,6.063406431529074e-07,0.0005140407244112886,1.6183760091513314e-05,2.811279640606253e-06,0.10269969652227347,3.447328435983258e-05,1.322781113917874e-07,0.013575463592924879,0.00012323673946882361,0.44641316226620925,6.753931636444483e-06,0.3768702602418489,6.718179933108852e-05,4.57048365249243e-07,3.623747866045385e-05,4.8847551891308795e-06,5.679868029470197e-09
27,5.969022331618764e-05,7.732294177173303e-06,0.004938720145118556,0.052233415430059674,9.79274589541194e-06,8.831629753881605e-06,0.000374520005408921,0.014622067710147518,6.586051533088784e-07,0.0005246061302328239,1.8886632354071624e-05,3.6565440157967664e-06,0.1154795929193363,3.5890472744342076e-05,1.8349378774802142e-07,0.014926537236834979,0.00011243525083006584,0.4397211727543829,9.000259606496035e-06,0.35681427396852156,6.346682299959575e-05,7.108290495265175e-07,3.016656016747873e-05,3.985180253434783e-06,6.155852234439822e-09
28,6.000076740939531e-05,7.504248469015595e-06,0.005471944735699945,0.04760301481530614,9.991403961879402e-06,8.012505666970526e-06,0.0003847365551499922,0.01344833803743515,5.622216272282872e-07,0.0004931519428045088,1.9514500883265433e-05,3.4785242154315045e-06,0.113587149158989,3.443363912319771e-05,1.5997662246860442e-07,0.014865854820980066,0.00012889410009080804,0.45429100374949594,8.72916084012659e-06,0.349463105106333,7.346323507068099e-05,5.877557195025607e-07,3.228373648617825e-05,4.07931992348293e-06,5.981696672102527e-09
29,6.000076740939531e-05,7.504248469015595e-06,0.005471944735699945,0.04760301481530614,9.991403961879402e-06,8.012505666970526e-06,0.0003847365551499922,0.01344833803743515,5.622216272282872e-07,0.0004931519428045088,1.9514500883265433e-05,3.4785242154315045e-06,0.113587149158989,3.443363912319771e-05,1.5997662246860442e-07,0.014865854820980066,0.00012889410009080804,0.45429100374949594,8.72916084012659e-06,0.349463105106333,7.346323507068099e-05,5.877557195025607e-07,3.228373648617825e-05,4.07931992348293e-06,5.981696672102527e-09
30,6.000076740939531e-05,7.504248469015595e-06,0.005471944735699945,0.04760301481530614,9.991403961879402e-06,8.012505666970526e-06,0.0003847365551499922,0.01344833803743515,5.622216272282872e-07,0.0004931519428045088,1.9514500883265433e-05,3.4785242154315045e-06,0.113587149158989,3.443363912319771e-05,1.5997662246860442e-07,0.014865854820980066,0.00012889410009080804,0.45429100374949594,8.72916084012659e-06,0.349463105106333,7.346323507068099e-05,5.877557195025607e-07,3.228373648617825e-05,4.07931992348293e-06,5.981696672102527e-09
31,6.721723913737963e-05,7.180246637784626e-06,0.006223275624196197,0.04243718896810145,8.614456158683738e-06,7.620811584738007e-06,0.0003695582365454926,0.01497707062265185,5.053711816319199e-07,0.0004985461860456638,1.9397591914118398e-05,3.3521545436458214e-06,0.11547993469187778,3.295804059822449e-05,1.3466107125321715e-07,0.014476359169794485,0.00012746181677226594,0.4762468466196247,7.983437565526208e-06,0.32890261160170786,7.288815591066265e-05,5.679560798305646e-07,2.9250362975491246e-05,3.4705395392464913e-06,5.437783947236708e-09
32,5.9476679923103176e-05,7.650666516224218e-06,0.0053882820368931226,0.04882450941138148,1.0230989875562395e-05,8.160026086209137e-06,0.0003906844820033114,0.013490117358632262,5.733185278587228e-07,0.0004996703062811307,1.9741149494566116e-05,3.4752902220265573e-06,0.11382430556347997,3.444284355654342e-05,1.69323513455802e-07,0.01525082389237889,0.00013103074474114405,0.452069223563112,9.344522462214733e-06,0.34986439015020404,7.583038689294204e-05,6.0428807878198e-07,3.3044107285118666e-05,4.2127238708685585e-06,6.174587039862352e-09
33,5.857289297384848e-05,7.437501182958846e-06,0.005544758187648662,0.04667434313127201,9.89713720824128e-06,8.137565432621679e-06,0.00037830425651042893,0.013237059402847917,5.751521536234801e-07,0.0005108821666033966,1.8909341937628905e-05,3.409049453966125e-06,0.11053848904343284,3.49527521172834e-05,1.6078503988828237e-07,0.015131967311293796,0.00012801937580550872,0.4519477712003856,8.631584383970493e-06,0.35564689781495296,7.313432973194794e-05,5.751058076675628e-07,3.297211815522925e-05,4.136685715426566e-06,6.107952585233664e-09
34,5.010385687281856e-05,7.917165225085869e-06,0.005432248511728631,0.0492493495208381,1.0237435132963753e-05,9.027989091529137e-06,0.0003836338508448683,0.013878434148599456,6.078717123965854e-07,0.0005683979649858614,1.8136765023945066e-05,3.661776557108028e-06,0.10237452382854303,3.797597340160291e-05,1.7481450560525827e-07,0.017252515538800323,0.00013563824162494744,0.4235047571963112,8.669291963065592e-06,0.3869623659518195,7.105661805974224e-05,5.8558160686305e-07,3.565726146449496e-05,4.315790956165998e-06,7.054330958955978e-09
35,7.223050615340388e-05,5.650935153642641e-06,0.004700302084154297,0.040839060948342325,7.31581020266903e-06,8.631413546069028e-06,0.00036412277915203324,0.0171871614002901,5.121513395363036e-07,0.0004640459096032358,1.9170283789913133e-05,2.9516365524261777e-06,0.0970313709378289,2.648946847096833e-05,1.2223314083834462e-07,0.012380114884943273,0.00010297115484854058,0.5888010267643421,9.398773465334509e-06,0.2378817688863129,6.643664188254284e-05,6.164456369434346e-07,2.5892064775284964e-05,2.6318240827548066e-06,4.061990026100557e-09
36,5.093116668294601e-05,7.713593277985411e-06,0.0051151380792762375,0.05073086681950326,6.915882377942913e-06,8.51905047917186e-06,0.0003415150507381212,0.015808644811031516,5.616648096000415e-07,0.0006274024801403251,1.479989670552439e-05,3.335404286835424e-06,0.11541901819046692,3.364600685839755e-05,1.7858778864070134e-07,0.019304104375916658,0.00011854586457702042,0.4173985563312621,9.397355420701503e-06,0.37491428198793475,5.5349853969428966e-05,6.956330773509168e-07,2.6699386685311883e-05,3.1766823332227474e-06,5.844399948397447e-09
37,6.882726587802412e-05,7.011085645118962e-06,0.005895795624021099,0.04104176839848908,1.0662605004779792e-05,6.523668979396246e-06,0.0004017352824304494,0.011661534388178468,5.825600677499058e-07,0.00041045766384787834,1.9800863384885372e-05,3.5149838755026703e-06,0.12335636559421612,3.592772867634326e-05,1.2552017103549257e-07,0.011933587538614438,0.00011617108286253901,0.4699560218871207,7.0941862780754945e-06,0.3349571336837294,7.473703240330827e-05,5.444161509310922e-07,2.9702062375945766e-05,4.369305520981509e-06,5.5720777475050936e-09
38,6.134294030409409e-05,7.796922288915344e-06,0.005493808761463755,0.049770593930778484,1.080044923133196e-05,7.934395081085425e-06,0.00038985407582259167,0.01351566638144042,5.954534626747422e-07,0.0004879004102841872,2.0313999086101715e-05,3.646011197487502e-06,0.11466796246428745,3.6822348251290084e-05,1.6341314347100347e-07,0.014339801793800929,0.00013137708824776024,0.45393502391094825,8.741654803758861e-06,0.3469964543828727,7.533442927413709e-05,6.097225650331639e-07,3.319088063572276e-05,4.257973234938432e-06,6.207493382023656e-09
39,6.14749443511816e-05,8.861709640275888e-06,0.005566688718907565,0.06263204458347724,1.0732308991576886e-05,7.441097689241451e-06,0.00030809521603436096,0.009274367183456903,6.919482548263951e-07,0.0005745277908722578,1.6297224353727423e-05,2.8145000539935103e-06,0.12192396495553696,3.9831589088789636e-05,1.7409885597978358e-07,0.012488621280986814,0.000124648905792246,0.4354237963647853,8.799294358900314e-06,0.35141197125459017,6.834271768739736e-05,5.689812075274272e-07,3.9621921634256894e-05,5.615441225544154e-06,5.96816706143618e-09
40,7.797484707110172e-05,8.180221504942868e-06,0.006943345980290266,0.04446687856772374,1.120648745816944e-05,8.034862625381179e-06,0.00040523927131455665,0.01349171026756698,5.840528024521752e-07,0.00047188209593680995,2.3830372004011072e-05,4.33633750287488e-06,0.1320248794679505,3.902901794768119e-05,1.6916437408866463e-07,0.013829547045536478,0.00014233024382730524,0.42232685759610045,7.433555812975246e-06,0.36560387459945215,7.65149741835026e-05,6.639030914040068e-07,3.1060638666735075e-05,4.4293437562555964e-06,7.085499117013809e-09
41,6.892773868924332e-05,8.470857842466977e-06,0.005677972569117483,0.0713359793498983,1.1523146353133332e-05,1.012960673292314e-05,0.0003299961360141568,0.014665739531550688,6.017585265391057e-07,0.0005844930613354111,1.9172085283638782e-05,3.6213464850688654e-06,0.1122212942593085,3.083779417308613e-05,2.1573962249286195e-07,0.016607988308060127,0.0001380660525289849,0.41990983170326435,8.546160437505164e-06,0.35827364739947537,5.445134087846493e-05,6.53222420876986e-07,3.35906440360354e-05,4.244255505018069e-06,5.932460280189061e-09
42,6.368665256950168e-05,6.917286217859754e-06,0.006050778120402689,0.040790221279580784,1.077634392740923e-05,7.043483687142476e-06,0.0004003228182407296,0.011000691105903165,6.095145891611618e-07,0.0004401085932494603,1.852307882008385e-05,3.1166925615500778e-06,0.10207501525739295,3.930110370414191e-05,1.194431425624011e-07,0.011485668118266885,0.0001208864449742014,0.5146455903010003,7.062380774137421e-06,0.312705384563241,8.590296102991287e-05,4.480071764570625e-07,3.7446244709951284e-05,4.374596573158034e-06,5.6082648530161145e-09
43,6.435065305492277e-05,7.701107119462358e-06,0.005607993765983422,0.048305714136115646,1.0536823013098455e-05,7.256148237553438e-06,0.0004002276642915829,0.013117445079309694,5.42125372888905e-07,0.0004402575261603592,2.0881655389734927e-05,3.7083392010221947e-06,0.1213933602873467,3.4981602337607874e-05,1.5282763133263279e-07,0.013778595851426333,0.0001307800828269044,0.4556438423263237,8.330517311669331e-06,0.34091276215054683,7.475293668931471e-05,5.854153053633378e-07,3.109173841603644e-05,4.1433441942082335e-06,5.896394616653457e-09
44,6.000076740939531e-05,7.504248469015595e-06,0.005471944735699945,0.04760301481530614,9.991403961879402e-06,8.012505666970526e-06,0.0003847365551499922,0.01344833803743515,5.622216272282872e-07,0.0004931519428045088,1.9514500883265433e-05,3.4785242154315045e-06,0.113587149158989,3.443363912319771e-05,1.5997662246860442e-07,0.014865854820980066,0.00012889410009080804,0.45429100374949594,8.72916084012659e-06,0.349463105106333,7.346323507068099e-05,5.877557195025607e-07,3.228373648617825e-05,4.07931992348293e-06,5.981696672102527e-09
45,6.017118659109302e-05,7.514836002170199e-06,0.005160591780072331,0.05218899044749546,1.026618784471016e-05,8.41802602298239e-06,0.0004115368397597865,0.014849761574662067,5.744017832789454e-07,0.00048144819702105116,2.0080197407086064e-05,3.6897397957005124e-06,0.1183565950910757,3.250183111246899e-05,1.7740580828754716e-07,0.015462746212596743,0.00012339551990364902,0.4402573872873809,9.18038882004906e-06,0.35245209226029744,6.841234860700133e-05,6.391951630787736e-07,2.992630766708829e-05,3.896871323017113e-06,5.865786875837984e-09
46,8.897108224035932e-05,1.0576063865259554e-05,0.005947320382611177,0.06583233865899431,1.2331493719820614e-05,1.0072917784460278e-05,0.0004461094171804683,0.016443766854549097,4.700675231536562e-07,0.0004652585850275981,2.7300311475186256e-05,5.391666807503092e-06,0.14238752704570073,2.9367741556129557e-05,2.1564826990011123e-07,0.017825678571195082,0.0002134437680978178,0.41869236981337393,9.801048215167527e-06,0.33144671781878754,6.774343177525787e-05,8.58302043657211e-07,3.239593894866631e-05,3.966597985664768e-06,6.772272142057194e-09
47,5.890022488771737e-05,7.42915516930409e-06,0.005488008574165173,0.047605411604609654,1.0082262856514488e-05,8.01527706745485e-06,0.0003818164971862958,0.013258299656197252,5.683539869982078e-07,0.000498716535848406,1.929050190544681e-05,3.3996295485431494e-06,0.11030340451887731,3.497146125071303e-05,1.5964439997244283e-07,0.014846092665098898,0.0001296194584591177,0.4597893915361007,8.79265678007767e-06,0.3474345531588409,7.508188676808216e-05,5.707404931662352e-07,3.329559381249405e-05,4.122395083610114e-06,6.010605929835666e-09
48,7.24545336280987e-05,9.860281290377569e-06,0.005127651222538118,0.06660446066397537,9.320595430665225e-06,1.0086931247738614e-05,0.00042762663792344575,0.017588810104859923,5.48390906931386e-07,0.0005752512202783258,2.1096460051942386e-05,3.757645600535412e-06,0.12275740580166628,3.284212533751133e-05,1.9295611820683737e-07,0.015793143325702707,0.00016272878595681542,0.4894706356416102,1.2463807453649439e-05,0.28120320617014205,7.641740081848993e-05,7.993300136591345e-07,3.5847407405301915e-05,3.386858073877309e-06,5.701969823431422e-09
49,6.230446029272461e-05,7.358659726900128e-06,0.005857050892757237,0.04488491943845477,9.78716727825042e-06,8.386261838141266e-06,0.0003664363574652548,0.013423487293652206,5.467111048647351e-07,0.00048760491225970933,1.9969376404140856e-05,3.6789918860957082e-06,0.1151128917547948,3.396988963282582e-05,1.5569997225521587e-07,0.01475661454869917,0.0001286305477670551,0.4272816130168517,7.2390502035659575e-06,0.3774468015941924,6.5280317172899e-05,5.875036147580305e-07,3.070452596957893e-05,3.974981284395969e-06,6.046724444409571e-09
50,6.223370585019929e-05,7.497363206169305e-06,0.005694696235341973,0.04819356677499124,1.0675863495144196e-05,7.927434873457783e-06,0.0003515781124635725,0.012191854285087695,5.106035609246343e-07,0.00046278794666133573,2.08302870935494e-05,3.4915615887072168e-06,0.10915975110080657,3.308642102862519e-05,1.6391380983972545e-07,0.014725475230027285,0.00014368170421690224,0.45009461632955466,8.088751417594223e-06,0.35871619739444977,7.210758277317646e-05,5.417271454519711e-07,3.4346161616232834e-05,4.287435741609217e-06,6.073198155832601e-09
51,3.984106771214553e-05,2.5793374088071417e-06,0.008598824404589542,0.008228417944448065,1.2118095775211316e-05,6.2031699392542984e-06,0.000495388107663537,0.006029122241782155,4.5090404989260117e-07,0.00032742218144159895,1.71886622178243e-05,2.290892513723761e-06,0.06658431656710341,2.7230743267190378e-05,6.536746201637806e-08,0.01722348821109323,0.00015215770820637705,0.42441045533890054,4.614115557602519e-06,0.4676463632174473,0.00014853866089287128,2.093419422397558e-07,3.630743785059337e-05,6.3981177229363775e-06,8.163011907297772e-09
52,7.615272212871471e-05,1.05884281039096e-05,0.0069124273167356755,0.04732561009268738,1.63333739215467e-05,7.376124569347846e-06,0.0006388501139305444,0.013617297051559542,6.020536818995625e-07,0.0003706032956893802,2.915813542443717e-05,6.1173230754489595e-06,0.1476103054540265,4.262653153245962e-05,1.7817573160524093e-07,0.015802130220776336,0.00019733493401881305,0.40246726325559024,9.029337215769417e-06,0.3647082842761668,0.00010937557258382454,6.968788634307741e-07,3.596879195045391e-05,5.681325863394596e-06,9.21417231401357e-09
53,5.622875718885649e-05,7.2420192035454695e-06,0.0054416754403742475,0.04315449851969402,1.042709360596009e-05,8.299050740731598e-06,0.0004797173115187831,0.014278672598145001,6.088629264357857e-07,0.00045011465782777526,2.0102272754839214e-05,3.810907867461444e-06,0.11143091238953577,3.7073172600987724e-05,1.5585666496178997e-07,0.014620000748364054,0.00012243179033799703,0.44904342166041156,8.267490688340555e-06,0.360710785793934,7.84801843281747e-05,5.798669385819212e-07,3.253621432111327e-05,3.950861895511683e-06,6.478131337182512e-09
54,4.687230121221472e-05,8.398480552979403e-06,0.0058630493308723655,0.044545764892150244,9.238875581150383e-06,8.469694014562197e-06,0.00038711523655886597,0.014035557903051776,6.584197736603709e-07,0.0006335284516182476,1.630207995669041e-05,4.020210426038304e-06,0.1100818668674198,4.127565987577001e-05,2.0151057378865294e-07,0.020719897296370568,0.00012613579399583594,0.3702676771685807,8.982979131433678e-06,0.433090487113202,6.808290558742977e-05,6.378548128440187e-07,3.123274164709192e-05,4.537606854324298e-06,8.626179636412793e-09
55,6.475851787958875e-05,7.520427483165948e-06,0.0054323044205490025,0.04727913288598711,1.1953607118556072e-05,7.200733980556787e-06,0.00046512904314860204,0.012881425667247155,6.035581633682966e-07,0.00038830524442881234,2.1774634648951324e-05,4.1599245860105e-06,0.12827250261984038,3.472553030624483e-05,1.5124863167939585e-07,0.013421027401280556,0.0001189035800461776,0.44002623534285473,7.853035155569291e-06,0.35144672109483543,7.341172348819986e-05,6.022563971808653e-07,2.8964183189752958e-05,4.627162743035641e-06,6.156010186448956e-09
56,6.136791997460843e-05,7.557232050330914e-06,0.005476818413462162,0.04728211429978396,1.0027714184823042e-05,7.883006304235409e-06,0.0003894961051315123,0.013402557142984968,5.657008300452096e-07,0.00048315742482476245,1.9854602869630977e-05,3.5394123958858827e-06,0.11706250461177603,3.461097960870324e-05,1.596477421195246e-07,0.014558667673233813,0.00012749607659526862,0.4518540230369172,8.698481800389905e-06,0.3490989871541158,7.357376387696673e-05,6.016886639612581e-07,3.162806870972538e-05,4.1038590835682165e-06,5.983079434940049e-09
57,7.342005878027455e-05,6.582712041592724e-06,0.006455851132987569,0.05064399904700693,1.0943461772309064e-05,1.3801155145155702e-05,0.00032398024825687916,0.014351067073011956,6.892424628180771e-07,0.0005971517571566051,1.8738429754221988e-05,3.1308646769630796e-06,0.07321936736915745,3.671659109821182e-05,1.4365926792497943e-07,0.012023376301584841,0.00013783725523237896,0.5255629516621587,5.345549016051905e-06,0.31640860550320216,5.575205304457204e-05,5.05439937750981e-07,4.6628577925524136e-05,3.409231677564875e-06,5.62364365836636e-09
58,5.9587761999616126e-05,7.631594733353874e-06,0.005466104637206359,0.04697414795617584,1.084896968364689e-05,7.83315752624931e-06,0.00039468417306520634,0.012527127736035842,5.971497037317716e-07,0.0004755930012766752,1.9987780454025906e-05,3.5621375905328993e-06,0.11845964892298162,3.521336386664589e-05,1.671726847986528e-07,0.014720307003429385,0.00012720109979661066,0.43236631061245817,8.72469964728848e-06,0.3682216228905905,7.538313013262097e-05,6.011838528014808e-07,3.2507219468442774e-05,4.60026716043342e-06,6.3784795574652884e-09
59,5.807848320849078e-05,7.476809665960848e-06,0.005670810826024114,0.045227809096094335,1.0378070842015423e-05,7.69462702099595e-06,0.0003746085588319311,0.012289276783893925,5.793805795599993e-07,0.0004938770955994235,1.9016990233265688e-05,3.4565496123805353e-06,0.11389005695558616,3.5493661940201485e-05,1.5874018313438557e-07,0.015027243905772921,0.00012784023535683485,0.43527318630346273,8.275515386332239e-06,0.37136282264140086,7.406377688718064e-05,5.622933897714952e-07,3.270765401999457e-05,4.518713072406874e-06,6.331934903121751e-09
60,6.000076740939531e-05,7.504248469015595e-06,0.005471944735699945,0.04760301481530614,9.991403961879402e-06,8.012505666970526e-06,0.0003847365551499922,0.01344833803743515,5.622216272282872e-07,0.0004931519428045088,1.9514500883265433e-05,3.4785242154315045e-06,0.113587149158989,3.443363912319771e-05,1.5997662246860442e-07,0.014865854820980066,0.00012889410009080804,0.45429100374949594,8.72916084012659e-06,0.349463105106333,7.346323507068099e-05,5.877557195025607e-07,3.228373648617825e-05,4.07931992348293e-06,5.981696672102527e-09
61,6.049370496017864e-05,7.471098923137788e-06,0.005861647815443632,0.04480638761589623,1.0627989391092463e-05,7.813126201735885e-06,0.0003816618935202806,0.012624289079606256,5.963750531934359e-07,0.000496143311242654,1.958971832727582e-05,3.519608437584022e-06,0.11357413280306757,3.637189328954783e-05,1.570830175050103e-07,0.014724463656647977,0.00012897148685328137,0.4426853654161561,8.237133953089034e-06,0.3644477998253728,7.610624200262429e-05,5.699190908085665e-07,3.304367925670833e-05,4.533102393036143e-06,6.421895562408087e-09
62,6.000076740939531e-05,7.504248469015595e-06,0.005471944735699945,0.04760301481530614,9.991403961879402e-06,8.012505666970526e-06,0.0003847365551499922,0.01344833803743515,5.622216272282872e-07,0.0004931519428045088,1.9514500883265433e-05,3.4785242154315045e-06,0.113587149158989,3.443363912319771e-05,1.5997662246860442e-07,0.014865854820980066,0.00012889410009080804,0.45429100374949594,8.72916084012659e-06,0.349463105106333,7.346323507068099e-05,5.877557195025607e-07,3.228373648617825e-05,4.07931992348293e-06,5.981696672102527e-09
63,6.078619388427463e-05,7.891470964909398e-06,0.0054702270446390575,0.049349399139413996,1.0144101969100842e-05,8.209258735889046e-06,0.0003897752571748081,0.01373465227029735,5.739697058833539e-07,0.0005057984154654944,1.9904165576607263e-05,3.580082431030503e-06,0.11543093981474206,3.5002953950566863e-05,1.6773676819627929e-07,0.015166564471163062,0.00013247270264930345,0.45138451524485584,9.189570117608455e-06,0.3481675494159839,7.491504366038235e-05,6.151090126112991e-07,3.294524873177129e-05,4.175118942748424e-06,6.199163566238911e-09
64,6.000579153720589e-05,7.39052240295506e-06,0.005656793179461532,0.04333362847813449,1.0481322100090979e-05,7.593149415828401e-06,0.00040221215935833755,0.012876411916933755,5.630085264451697e-07,0.0004728434901247917,2.0396636012372528e-05,3.5000451690513702e-06,0.11355326825318646,3.6026269760636975e-05,1.5368679134618065e-07,0.014565562710986808,0.00013321575696286745,0.46014567170598314,8.883086980177875e-06,0.34858333930245067,8.378096287614549e-05,5.693196076140884e-07,3.337156471621881e-05,4.331374825506443e-06,6.3056955711759875e-09
65,3.0370862370025852e-05,6.4212384509667305e-06,0.007948678536798353,0.0201807987692593,5.2462785563557045e-06,3.592748824754145e-06,0.00020830251271579877,0.007216903152012819,1.1737956708908195e-06,0.0007679849477081508,6.586973393051629e-06,2.356321480191926e-06,0.12154652715906922,7.859197957344068e-05,9.577004643650674e-08,0.012203247941362816,4.423545107286652e-05,0.22403090120070512,3.339808756445524e-06,0.6056455803857561,4.4207880740402266e-05,4.778969838078582e-07,1.865296153375043e-05,5.716571665362282e-06,8.855493634469383e-09
66,6.239156112871959e-05,2.205887465508966e-05,0.003970292549061546,0.15718820030638073,2.704887374950203e-05,4.800668642181018e-05,0.0005353786479917237,0.016308112925211428,1.8550281738798862e-06,0.001359831678578077,3.057328890593476e-05,4.440582636142694e-06,0.03837026123833683,7.328762796306031e-05,8.954130346150315e-07,0.018697374038664765,0.00041919871316370324,0.5879716261454387,4.60624096206167e-05,0.17439167196605365,0.00019076837521070302,1.1646287324392612e-06,0.00027052724248480606,8.94838858539113e-06,2.2809816089277062e-08
67,5.425132393114772e-05,6.819226765146782e-06,0.005781024888329617,0.04166447994396183,9.282014163033839e-06,7.01521627760562e-06,0.0003286766318073126,0.010931920437335802,4.943941072180501e-07,0.00048006462869577837,1.696091764036214e-05,2.8773991624711908e-06,0.10808300895342017,3.2747224106336526e-05,1.3959618194370802e-07,0.014727347805065943,0.00012715420524361367,0.43246100389051756,7.253734094355799e-06,0.38516969013626334,7.033825061223514e-05,4.686610315637875e-07,3.282070622821396e-05,4.154214517960518e-06,5.6005392738926185e-09
68,0.00013661541764792233,7.245891475713398e-06,0.0016378287505182814,0.058528685997165215,6.244612196924686e-06,1.1348647654154665e-05,0.0006024684124618649,0.050228124791131944,1.6232693027213602e-07,0.00018041849765218666,5.718763491262097e-05,3.6483872929860134e-06,0.08701718578244487,8.090795561016477e-06,1.895967198709001e-07,0.010218405683739988,0.00022256327920371874,0.743540282264724,5.357408430663495e-05,0.04736497388252136,0.0001526615788437783,1.5811116580505968e-06,1.9801992144878242e-05,7.085349284180802e-07,2.0461633083099446e-09
69,0.00021743359376876487,2.8476465050134147e-05,0.004290452728460459,0.2775440634216771,2.9484869417498516e-05,2.106057910378394e-05,0.0008322425681096863,0.021266420688795848,6.407319486642555e-07,0.00041971850564661797,4.8906413616899644e-05,1.0315787048118065e-05,0.16791934861896876,1.903860259678143e-05,6.119888496052195e-07,0.01792592126711709,0.0005164440741895669,0.392135318746862,3.310614009032462e-05,0.11659743523249867,8.422189190360332e-05,2.0676147994615295e-06,5.149733546941977e-05,5.764280656957442e-06,7.853354178521054e-09
70,6.486413067310322e-05,8.08779722059902e-06,0.005684679379829162,0.05636358009209911,1.1304211697285687e-05,7.778367476279416e-06,0.00039182968984696076,0.013038826285656734,6.042228082328376e-07,0.00046182905829762695,2.0025910358951355e-05,3.705364918105851e-06,0.12419596366402146,3.665834455178263e-05,1.6702217649502358e-07,0.013219357791328216,0.0001263334570520257,0.4241895925693192,7.527999949731692e-06,0.3620648404849977,6.548317395955207e-05,6.025252984914641e-07,3.213652485141494e-05,4.216088945555352e-06,5.842666131786784e-09
71,0.0002923506522311398,1.7881100645150973e-05,0.006706150326568579,0.18459397944954017,8.867098504408548e-06,2.6126987244833667e-05,0.0003356197011773656,0.0308543236838148,3.380436307981814e-07,0.0006977828009737044,4.9845746925507414e-05,6.132222953714396e-06,0.14376350719043515,1.6533840619660793e-05,4.1556204229035733e-07,0.013897269455159513,0.00042512679812483825,0.5110171357055859,2.115064820407248e-05,0.10717396986708864,5.368324667161525e-05,1.7918039163182984e-06,3.785836282894702e-05,2.155084838182456e-06,4.620274581491369e-09
72,0.0001037771604611061,7.591551107780856e-06,0.005892332084823495,0.05300295375433718,2.2462291766921817e-05,7.4994497317970375e-06,0.00028055683912231493,0.008647149248731298,8.469213877725151e-07,0.00039058097087280486,2.8306993947221186e-05,2.7042120996397994e-06,0.0852008083868523,4.583561677556235e-05,1.276988010194927e-07,0.007024382420178035,0.00016078000459081182,0.6220990542332969,8.62597646904506e-06,0.2168790827079833,0.00012726141422123713,5.745943619755459e-07,5.922958538581666e-05,7.4697935956241555e-06,6.089098988884728e-09
