,0,1,2,3,4,5,6,7,8,9,10,11,12,13,14,15,16,17,18,19,20,21,22,23,24
0,2.2856923741643747e-07,7.169916077138792e-10,0.00024913339596476175,0.09083327477298947,4.10689014667773e-05,1.7192271531822923e-05,4.853135258199819e-06,4.5963868954487874e-05,3.196826183213771e-06,0.00041601151160299053,0.0012197652824577781,0.0006109080320811167,2.182280394877953e-05,1.886270436194792e-05,1.456963274373846e-06,0.00018973144422497032,7.484039105970099e-07,2.8903971707622234e-05,2.9537071236876516e-10,0.9004667149322285,0.0007966806879909491,1.1637747219046254e-08,0.0050326220044007025,2.2857874504836153e-07,6.182873691321484e-07
1,7.516205018046896e-08,8.499175140020401e-11,8.735533453394356e-05,0.10449738283142122,1.0129556360645368e-05,6.968067341980285e-06,1.5180227567543081e-06,3.673487311464061e-05,1.4820660010608436e-06,0.00032505443474587864,0.00040074299072358395,9.562567791906667e-05,2.2094699492623274e-05,2.0124864923051825e-06,1.947877304183533e-07,0.00015363676829139761,2.1883362202236542e-07,1.5878452954167595e-05,9.559399301467939e-11,0.8926753835051593,0.00015430578150696044,2.1311786472698383e-09,0.0015130837019825872,6.598489857105574e-08,5.3669136206263533e-08
2,1.0025632267689935e-07,1.377594793044378e-10,9.530531383268652e-05,0.8345007730303298,2.63696990340961e-06,4.5768425220337585e-05,9.491895489418462e-06,1.6652298506131217e-05,6.518761231606915e-07,0.00013048864924073878,0.00011729391705873592,0.00021596012335639672,1.5664849520116082e-05,1.762985945708259e-06,5.586720984785494e-08,0.0026244367676927023,5.853553195559067e-07,3.375896799797894e-05,2.2279223633273352e-10,0.1595185707448339,0.0005573773869774953,2.0456328864178648e-08,0.0021123859544929465,2.240003403866211e-07,3.354740524419119e-08
3,7.265926189194665e-08,8.663748196780687e-11,7.710950507603687e-05,0.10197260714258506,9.358850137333717e-06,6.870704856882309e-06,1.5375444081996826e-06,3.487581489473978e-05,1.3226165437770105e-06,0.00030264998179232143,0.00040768481085877195,0.00010341355078601777,2.097586626341587e-05,2.2477963510076355e-06,2.0661193471114866e-07,0.00014156174227349433,2.3102769896686125e-07,1.7111560294578846e-05,8.659724000767969e-11,0.8951137665850346,0.00016030068540298062,2.2056306454653104e-09,0.0016259642201431437,6.859522901370246e-08,5.97493075110924e-08
4,7.275038487256117e-08,8.383641188476173e-11,7.427716185397309e-05,0.09780031879997862,9.195793259382802e-06,6.7028835925879065e-06,1.50570172146867e-06,3.389837211629687e-05,1.2436378457631625e-06,0.0002980458496198903,0.00039245003747681947,9.832043566310685e-05,2.177135443713838e-05,2.283197087402942e-06,1.9787641681542453e-07,0.0001400962692116835,2.3156898350425853e-07,1.7458715338690444e-05,8.912514502309236e-11,0.899371914156009,0.00015135336315437337,2.0847578187906425e-09,0.0015785312455292135,7.05253028447265e-08,5.804729691420831e-08
5,7.436390652856676e-08,8.759168398927381e-11,8.381474712439927e-05,0.09889453888130716,9.972742846415875e-06,6.890820168300111e-06,1.625280515243851e-06,3.545721217073245e-05,1.3990423863458394e-06,0.000314896663372374,0.0004224677294995241,0.00011018552941848914,2.0888761904980046e-05,2.342462467923427e-06,2.1618542611222015e-07,0.00014125428150501038,2.361918287296667e-07,1.620699659755359e-05,8.692138776723951e-11,0.8980960312938477,0.00016906460768649666,2.256243802993901e-09,0.0016723000312798518,6.997456525718423e-08,6.37694181223901e-08
6,7.265926189194665e-08,8.663748196780687e-11,7.710950507603687e-05,0.10197260714258506,9.358850137333717e-06,6.870704856882309e-06,1.5375444081996826e-06,3.487581489473978e-05,1.3226165437770105e-06,0.00030264998179232143,0.00040768481085877195,0.00010341355078601777,2.097586626341587e-05,2.2477963510076355e-06,2.0661193471114866e-07,0.00014156174227349433,2.3102769896686125e-07,1.7111560294578846e-05,8.659724000767969e-11,0.8951137665850346,0.00016030068540298062,2.2056306454653104e-09,0.0016259642201431437,6.859522901370246e-08,5.97493075110924e-08
7,2.9512305694881198e-08,1.5165827759143947e-10,4.434019011268307e-05,0.12143586721749904,8.411011651693277e-06,1.7514180808972712e-05,1.4838091271229437e-06,2.394611996777867e-05,1.550314699123231e-06,0.00012164036194591067,0.00037823561254166885,0.00018860533647058387,8.606616646163575e-06,3.322463480032742e-06,4.7457876561887644e-07,0.00022561709824552693,1.887760961301453e-07,5.1421534733970503e-05,5.869424850992476e-11,0.8724771798716665,0.0005717781264817795,3.045545052862502e-09,0.004439650527182194,5.884739433843408e-08,7.463628000722169e-08
8,9.772874296937802e-08,9.527436021446665e-11,0.00010413573779404511,0.10442443844843369,9.893905458451345e-06,6.01145005860855e-06,1.7268559612253884e-06,3.8899463245013714e-05,1.4227874577609904e-06,0.00039515518624961605,0.0004409621659978371,0.00011321430034636582,2.336686191351084e-05,2.6876569669318274e-06,2.2096755440760125e-07,0.00013201578623683004,2.679426952831087e-07,1.3079377633453043e-05,9.540611726086394e-11,0.8923756035950609,0.0001632071470619873,2.392176945452969e-09,0.001753423342159486,8.77379256913486e-08,7.897218841052767e-08
9,8.56532530427085e-08,9.045054999770716e-11,8.228659576267885e-05,0.10623315828967317,8.83752810124772e-06,5.966420328889335e-06,1.5282761325756274e-06,3.64284334222703e-05,1.338128490367664e-06,0.00036762268260378514,0.0004498084866054988,0.00010484228629138416,2.0674795798339083e-05,2.549527923779276e-06,2.286239644084704e-07,0.00011870488934696758,2.3723728195562443e-07,1.4516092430120642e-05,8.128464891649127e-11,0.8905709715478685,0.00015471770534417504,2.204898235569613e-09,0.0018253428978542241,7.728973288083714e-08,7.423515631364807e-08
10,7.265926189194665e-08,8.663748196780687e-11,7.710950507603687e-05,0.10197260714258506,9.358850137333717e-06,6.870704856882309e-06,1.5375444081996826e-06,3.487581489473978e-05,1.3226165437770105e-06,0.00030264998179232143,0.00040768481085877195,0.00010341355078601777,2.097586626341587e-05,2.2477963510076355e-06,2.0661193471114866e-07,0.00014156174227349433,2.3102769896686125e-07,1.7111560294578846e-05,8.659724000767969e-11,0.8951137665850346,0.00016030068540298062,2.2056306454653104e-09,0.0016259642201431437,6.859522901370246e-08,5.97493075110924e-08
11,7.37002999580182e-08,8.408293699419573e-11,7.518258662717612e-05,0.09912532404128223,9.13112913994876e-06,6.6640205812840915e-06,1.5089372196273743e-06,3.562663567242735e-05,1.2894835886069816e-06,0.00030499368811896257,0.0003965550922830043,9.920728229382302e-05,2.2159541547310097e-05,2.1995517095784127e-06,1.99004713558637e-07,0.00014031923793344196,2.3170472725570295e-07,1.723507975177724e-05,8.893934212831158e-11,0.8980580175070503,0.00014981628641120488,2.1344402424163763e-09,0.0015541361514587178,6.972898090416696e-08,5.7301146409696236e-08
12,2.4033551754473815e-07,2.2991416623346692e-10,0.0003545211410954548,0.2730593260826978,5.768296852996735e-06,7.806815618082168e-06,1.7209965873940653e-06,0.00032788375057542885,3.27581754186926e-06,0.0010923208460244685,0.0007541791914373253,0.00020794898698295878,6.244476970385435e-05,9.631750621698368e-07,4.21866268098036e-07,0.00030347343598853836,3.6896239034245577e-07,8.945769766638674e-06,2.6412418757262496e-10,0.7228409918786622,0.00018262234007263652,1.0721936833463897e-08,0.000784623224482073,9.56593789648989e-08,4.544131779596328e-08
13,7.266990702758996e-08,8.636285441696698e-11,7.70483573836453e-05,0.10181333273945428,9.337684943971765e-06,6.841196097800014e-06,1.5342187000438362e-06,3.487486757581768e-05,1.319399660077063e-06,0.0003024742107364325,0.0004086300961062712,0.00010356482007826734,2.096962121581944e-05,2.2511829471067243e-06,2.0679490830117522e-07,0.00014129662067800206,2.307653718251735e-07,1.7089792703300135e-05,8.633097579966472e-11,0.8952743135064175,0.00016012961500763126,2.2004465305367416e-09,0.001624351347467151,6.843388858011572e-08,5.968561056219394e-08
14,4.4683378127156174e-08,6.725273922951031e-11,4.457037220047934e-05,0.08392068376563856,8.734674092345282e-06,6.334707724454391e-06,8.780124324623903e-07,1.9570585282832844e-05,7.92883763098847e-07,0.00021972283449119923,0.00031836040189428,5.214947163759647e-05,2.0543650876782843e-05,1.5532619396434627e-06,1.270629082406869e-07,0.00011779132939403773,1.4954798989709958e-07,1.966160493622107e-05,8.704321795914975e-11,0.9140976784141305,8.799513927531907e-05,1.2766777435337787e-09,0.0010625808516811616,4.376610268028501e-08,3.154725637624481e-08
15,7.265926189194665e-08,8.663748196780687e-11,7.710950507603687e-05,0.10197260714258506,9.358850137333717e-06,6.870704856882309e-06,1.5375444081996826e-06,3.487581489473978e-05,1.3226165437770105e-06,0.00030264998179232143,0.00040768481085877195,0.00010341355078601777,2.097586626341587e-05,2.2477963510076355e-06,2.0661193471114866e-07,0.00014156174227349433,2.3102769896686125e-07,1.7111560294578846e-05,8.659724000767969e-11,0.8951137665850346,0.00016030068540298062,2.2056306454653104e-09,0.0016259642201431437,6.859522901370246e-08,5.97493075110924e-08
16,9.321202488297675e-08,1.2983066487803552e-10,9.502923090697915e-05,0.1227724634532486,1.1995098325115874e-05,7.771864935427377e-06,1.8330575299592206e-06,4.313635185618174e-05,2.1749343392136783e-06,0.00040290104375020766,0.00047057469010666265,0.00010536210958314383,2.1368834083271298e-05,2.1608657025339004e-06,2.441078380732647e-07,0.00012499202242004256,2.482906427069099e-07,1.3854434051744013e-05,9.669889741714182e-11,0.8738156724060423,0.00015792211929660014,2.902748496789599e-09,0.0019500301020740328,7.648614356743501e-08,9.215582061169947e-08
17,8.086099707594778e-08,8.901312419817883e-11,7.687772898387568e-05,0.10859133754258463,9.789292720700098e-06,6.548095462289058e-06,1.7461788223621358e-06,3.587589804041663e-05,1.3331018103980496e-06,0.00028632297833736375,0.00043582159631386225,0.00012136682245348916,2.106912312282165e-05,2.570967266406973e-06,2.0530790578094585e-07,0.00014268487002614641,2.564649782339848e-07,1.6762872910677904e-05,8.169187669257178e-11,0.8884817951838583,0.00016121547665517156,2.467636880723256e-09,0.0016061992141715136,6.840392034134395e-08,6.938031651544747e-08
18,8.218523117049669e-08,8.985598206251948e-11,7.196082572051109e-05,0.0946964222868292,1.0126681488210232e-05,6.413758756938383e-06,1.6327151495331349e-06,3.212596081870365e-05,1.3105727111449746e-06,0.00029313063042064354,0.0004104968351789273,9.744689805828498e-05,2.116618419045847e-05,2.540197982034622e-06,1.9853112022585303e-07,0.0001264001577215276,2.7155098245125456e-07,1.811243481340335e-05,9.131486558259491e-11,0.9023353731492089,0.00015172844512616751,2.2221865919036355e-09,0.0017229108784633052,7.513763351478905e-08,7.157903731202178e-08
19,7.437685987374639e-08,8.423243235279165e-11,8.828872733181108e-05,0.10513389546859496,9.892839969062619e-06,7.079147184658344e-06,1.7326090739764648e-06,3.933137287447912e-05,1.4868444676507622e-06,0.0003721628065205131,0.0004044936820564877,0.00011233311873572069,2.2570839055142906e-05,1.973349608185973e-06,1.9230033096968832e-07,0.00013686591466145913,2.3675736753327473e-07,1.379166381608428e-05,8.449083577390189e-11,0.892048330977873,0.00015044499733353172,2.4959670656055496e-09,0.001454686889832586,6.988675165479217e-08,6.276501006508956e-08
20,7.492581406812435e-08,4.7543652033356924e-11,7.661406735259019e-05,0.07708510009807676,1.2303170540148114e-05,5.01834772839261e-06,1.707159071392953e-06,1.9230422224109043e-05,1.209316246173432e-06,0.00028638429712027683,0.0003302192697352277,5.7928855894326e-05,1.8774204001751334e-05,2.3383346478280913e-06,1.095654267943861e-07,0.00011365526366288248,2.1338639149605555e-07,1.2582871607694242e-05,7.534229480127095e-11,0.920184567564683,0.00011165303622583465,1.0643239983588506e-09,0.001680189299182633,6.542960116156224e-08,5.99275555627324e-08
21,7.302263284663345e-08,9.82224763469598e-11,8.338383234713246e-05,0.0986256668487247,1.0164223948138775e-05,7.529591396121248e-06,1.6583175497327355e-06,3.732766838999262e-05,1.5034438619143512e-06,0.00032708355812545285,0.00038939565212404114,0.00010115937605864843,2.1546219528467477e-05,2.0825533170706812e-06,2.154149107180541e-07,0.00013610772939628407,2.506892849160512e-07,1.6619450218854783e-05,9.309123864704956e-11,0.8983249625618447,0.00017129879435350416,2.42511623353336e-09,0.00174182546313962,7.645706722108518e-08,6.651534975300789e-08
22,7.09942320075801e-08,7.882511202985522e-11,7.564892094425893e-05,0.10368727101623372,8.79838242625079e-06,6.4727988782743265e-06,1.4842967931935335e-06,3.348841117576862e-05,1.2189711863765254e-06,0.00029929623351299296,0.00040987062754754193,0.000100050870501193,2.0734609502401188e-05,2.1267662934232744e-06,1.9116273380804665e-07,0.00014171477067667924,2.336992333857693e-07,1.706401850168842e-05,8.272406641907963e-11,0.893498409485735,0.00015669325524831284,2.170925798977984e-09,0.0015390388006680175,6.472707476645838e-08,5.4848425651447755e-08
23,7.265926189194665e-08,8.663748196780687e-11,7.710950507603687e-05,0.10197260714258506,9.358850137333717e-06,6.870704856882309e-06,1.5375444081996826e-06,3.487581489473978e-05,1.3226165437770105e-06,0.00030264998179232143,0.00040768481085877195,0.00010341355078601777,2.097586626341587e-05,2.2477963510076355e-06,2.0661193471114866e-07,0.00014156174227349433,2.3102769896686125e-07,1.7111560294578846e-05,8.659724000767969e-11,0.8951137665850346,0.00016030068540298062,2.2056306454653104e-09,0.0016259642201431437,6.859522901370246e-08,5.97493075110924e-08
24,6.981089180915865e-08,8.26026720859165e-11,6.392605901624939e-05,0.11335870804577344,8.774552229995142e-06,6.440529144626585e-06,1.3351590849840238e-06,3.211694731201146e-05,1.1510228761618513e-06,0.00027768545853859155,0.0004067398650981956,9.654960164970288e-05,2.058283300409967e-05,2.177220433839551e-06,1.8100852411864062e-07,0.00013612729813633598,2.0684321355744697e-07,1.7341043162835355e-05,8.030360739210145e-11,0.884051012511088,0.00013087920995132093,2.083523236544647e-09,0.0013878811387449837,5.7871042982604597e-08,5.372465257158569e-08
25,7.018890015484771e-08,3.0436756020265443e-10,0.0001289110465620536,0.12918294923915394,1.9555935790681298e-05,2.4367684052560014e-05,2.0000851828708697e-06,3.061920301747192e-05,2.8793788568659166e-06,0.000322667933242832,0.00032159578475946166,0.00010129647669418106,1.750896169781294e-05,2.618750595674357e-06,3.69368778987906e-07,0.0002498115707124239,2.7295258207947034e-07,3.063166183375959e-05,2.4328587537686294e-10,0.8655023547434355,0.00042024920749326913,4.064105254449132e-09,0.00363903408503763,1.286036246616377e-07,1.0252623653458852e-07
26,7.820734793953209e-08,9.279871617638264e-11,7.662081798965277e-05,0.09723200548667969,1.009397554213229e-05,7.006041238125464e-06,1.4917463687403514e-06,3.415128780558411e-05,1.57898667025191e-06,0.0003120167764036332,0.0003736001308932775,7.785479676471686e-05,2.1622173009195322e-05,1.9161224007226505e-06,1.893099255401338e-07,0.0001297258793658972,2.4658984258929654e-07,1.813072275136564e-05,9.830356776120892e-11,0.8997301418213052,0.00015121445516322993,2.0687454308974753e-09,0.0018201772472901377,7.341366825791613e-08,6.17517263791952e-08
27,7.860552578263033e-08,1.0344239915948879e-10,7.537458601859754e-05,0.114811315562926,9.710852827592463e-06,7.349583248516295e-06,1.5921441562461955e-06,3.987837924453508e-05,1.5520883366361014e-06,0.00031803121696564275,0.00044553571843297354,0.0001096519123984483,2.1482839919937073e-05,2.2903712053907377e-06,2.3227146227914096e-07,0.00014316215220083197,2.2899399055949113e-07,1.7663606619679703e-05,9.105563238252846e-11,0.8821744472129701,0.0001540038300582128,2.5372596829443364e-09,0.0016662806122449275,6.82325341917075e-08,6.649495527832294e-08
28,7.265926189194665e-08,8.663748196780687e-11,7.710950507603687e-05,0.10197260714258506,9.358850137333717e-06,6.870704856882309e-06,1.5375444081996826e-06,3.487581489473978e-05,1.3226165437770105e-06,0.00030264998179232143,0.00040768481085877195,0.00010341355078601777,2.097586626341587e-05,2.2477963510076355e-06,2.0661193471114866e-07,0.00014156174227349433,2.3102769896686125e-07,1.7111560294578846e-05,8.659724000767969e-11,0.8951137665850346,0.00016030068540298062,2.2056306454653104e-09,0.0016259642201431437,6.859522901370246e-08,5.97493075110924e-08
29,7.265926189194665e-08,8.663748196780687e-11,7.710950507603687e-05,0.10197260714258506,9.358850137333717e-06,6.870704856882309e-06,1.5375444081996826e-06,3.487581489473978e-05,1.3226165437770105e-06,0.00030264998179232143,0.00040768481085877195,0.00010341355078601777,2.097586626341587e-05,2.2477963510076355e-06,2.0661193471114866e-07,0.00014156174227349433,2.3102769896686125e-07,1.7111560294578846e-05,8.659724000767969e-11,0.8951137665850346,0.00016030068540298062,2.2056306454653104e-09,0.0016259642201431437,6.859522901370246e-08,5.97493075110924e-08
30,7.265926189194665e-08,8.663748196780687e-11,7.710950507603687e-05,0.10197260714258506,9.358850137333717e-06,6.870704856882309e-06,1.5375444081996826e-06,3.487581489473978e-05,1.3226165437770105e-06,0.00030264998179232143,0.00040768481085877195,0.00010341355078601777,2.097586626341587e-05,2.2477963510076355e-06,2.0661193471114866e-07,0.00014156174227349433,2.3102769896686125e-07,1.7111560294578846e-05,8.659724000767969e-11,0.8951137665850346,0.00016030068540298062,2.2056306454653104e-09,0.0016259642201431437,6.859522901370246e-08,5.97493075110924e-08
31,8.641921114262889e-08,8.85499920711026e-11,9.446065816870542e-05,0.0935880312627906,8.733294995533005e-06,6.146279527253134e-06,1.5018635106363612e-06,4.570261507855963e-05,1.2886393608164293e-06,0.0003093802433341587,0.0003989274390104619,0.00011218713031990698,2.6558599946514013e-05,2.1600430512374437e-06,2.1512183552740382e-07,0.00015290448022817402,2.6639746763460235e-07,1.6807448389416766e-05,1.010830496788567e-10,0.9035804626595763,0.00017052150941116695,2.3017724898789948e-09,0.0014835220878091449,7.864759488476392e-08,5.4667976853828616e-08
32,7.576519498602742e-08,9.127971453445722e-11,7.833729038452276e-05,0.10217997667539702,9.545992407729991e-06,7.046180621294873e-06,1.5318517291839588e-06,3.544537593397782e-05,1.3330203277688536e-06,0.0003046779879588376,0.00040376992050066213,0.00010074057710946514,2.1982476956108147e-05,2.2567854152648882e-06,2.069261999257471e-07,0.00014506881346688,2.3813165466448006e-07,1.7855612686825286e-05,9.480314327235516e-11,0.8949167296769731,0.00015884918391092167,2.2556449265175917e-09,0.0016141981075272994,7.150459891320956e-08,5.970131678809996e-08
33,7.316245561448585e-08,8.693690507761981e-11,7.213626747347952e-05,0.10297775045760006,8.820699173328605e-06,6.961469720921565e-06,1.5047259046967669e-06,3.445075990382155e-05,1.1924209195226822e-06,0.00028943838976354223,0.0003772279385343834,9.825685477330055e-05,2.2531180364379344e-05,2.2448801897935266e-06,1.925000925294609e-07,0.00015052263901486806,2.4042326782698185e-07,1.91033736218302e-05,9.476762305086196e-11,0.8942425581411296,0.00015139954145633558,2.222478404182284e-09,0.0015432629962248365,7.342801700750345e-08,5.534621523413364e-08
34,1.2539279305190267e-07,8.247170853860731e-11,9.848714864758013e-05,0.08912905790707597,1.1429650266545234e-05,4.851229039080808e-06,1.4177165616033638e-06,3.560651587669986e-05,1.3397717679184838e-06,0.000315268734615902,0.0004778215154429275,8.448885279257066e-05,2.628793624123189e-05,2.77835704946744e-06,1.9107320963652482e-07,0.00013489844481310862,2.7685441828391087e-07,1.6554805712810524e-05,1.2240063883720773e-10,0.9080225908183608,0.00013771837262144173,1.7723124862330238e-09,0.0014986721371657969,7.347512331913435e-08,6.131321908848953e-08
35,1.2644983272361924e-07,1.4193161314037078e-10,9.411797171289469e-05,0.13548061939202807,1.2121503374687596e-05,7.515226960611738e-06,1.8509920629264636e-06,6.514039713039575e-05,2.533191217072833e-06,0.0003682861512027739,0.0005260452135373089,0.00011682260212538106,2.826107278380367e-05,2.0978522430804854e-06,2.604820261328047e-07,0.00016096216941248993,2.824224973107286e-07,1.8779846807071937e-05,1.2755854944747745e-10,0.8614058909130088,0.00014567873270491648,3.4979867634760945e-09,0.0015624557729616649,7.27563847762724e-08,7.512050818442856e-08
36,7.81421248422664e-08,8.31153577778354e-11,7.107577864202558e-05,0.09974573460265303,8.566425629515735e-06,6.557647246506446e-06,1.9279826412820963e-06,4.29522315077605e-05,1.2485403861826668e-06,0.0002821943588370933,0.00044063064441902825,0.00016060336141273282,2.3732375363219906e-05,2.797994548726545e-06,2.273862014917888e-07,0.00015657350642275081,2.8382694959675485e-07,2.0003595139740032e-05,8.062415178272941e-11,0.8973377954696136,0.00016606281806069603,2.8642865351677735e-09,0.0015308075789934757,7.575678056562398e-08,6.69484001145975e-08
37,8.209105591018134e-08,7.922109302327793e-11,7.610219834552876e-05,0.09930407589768456,8.814022269622807e-06,6.223150567038594e-06,1.5749089760326058e-06,2.844594484431219e-05,9.71912693993008e-07,0.00026111970122580456,0.0003884120117225449,0.00010111947121547848,2.1627801801838792e-05,2.923585481175951e-06,1.851945341829746e-07,0.00015649470490080065,2.654174120541465e-07,1.9554060362192122e-05,9.552601732896155e-11,0.8978010744004725,0.00016692376337149007,2.0162477866609484e-09,0.0016538687879658952,7.916019598598123e-08,5.962190643287398e-08
38,7.027833869009619e-08,8.744810306411893e-11,7.643761590487892e-05,0.10070440444624605,9.292273318525192e-06,7.1900757901030895e-06,1.5599807608668986e-06,3.4314379700496756e-05,1.3045822203888051e-06,0.00029679683257839343,0.00040302912465978283,0.00010455420758632267,2.0932161940999e-05,2.287262035108489e-06,2.124927501104968e-07,0.00014787412282407254,2.3034154208753936e-07,1.818139104135567e-05,8.886128657113786e-11,0.8963320950207043,0.00016694637867118998,2.219097602397865e-09,0.001672155710713515,7.031394321524995e-08,5.8611322733351264e-08
39,7.101610784561054e-08,8.757809457219973e-11,7.890738296841021e-05,0.10181474272868365,9.273263641346021e-06,7.047516774245967e-06,1.5345772348101378e-06,3.5563068806892135e-05,1.3224387539202686e-06,0.00029756016749819304,0.00039829835439572967,0.0001054672577376646,2.1011036587147692e-05,2.192831461523903e-06,2.0799581253840798e-07,0.00014598070226069923,2.3348830671941378e-07,1.7283373327022566e-05,8.738998450818076e-11,0.8952693590991682,0.00016817040616711192,2.2531329457941094e-09,0.0016256433742844205,6.907698820181877e-08,5.8414932669295725e-08
40,7.599412352323534e-08,8.91426882000795e-11,8.04547369468757e-05,0.09929583693736366,9.908208952658274e-06,6.7759782663557315e-06,1.5636077971794053e-06,3.450961370968865e-05,1.3306454593086523e-06,0.0003012468400947066,0.00041976728208046693,0.00010795515511316457,2.11732114516203e-05,2.4143389975811207e-06,2.1188991758769188e-07,0.0001403709111253032,2.3802692265982996e-07,1.6844652056215656e-05,8.903122594432556e-11,0.8977582507168149,0.00016393420864010196,2.2229622929306724e-09,0.001637001591235577,6.960060688567559e-08,6.345118767222775e-08
41,7.338195454424133e-08,9.32700077928477e-11,6.716765141299824e-05,0.12372175475745283,1.0174231681430315e-05,6.9585590377398e-06,1.2277322530886353e-06,3.883706373897332e-05,1.4642446039673716e-06,0.0002870513111195949,0.0004338619853032874,8.607937743581017e-05,2.2201979531346215e-05,1.942543210554662e-06,1.9822790980259422e-07,0.0001551048906811491,1.7446120695985366e-07,1.803807882314981e-05,9.454817214198804e-11,0.8737661976359462,0.00012154882806431586,1.9880186463813523e-09,0.0012598452335773362,5.036891047476372e-08,4.528030755722081e-08
42,7.2900706473541e-08,3.036529742476065e-11,3.0018614563556962e-05,0.035855235557119176,1.1686587133110842e-05,2.9815211191108116e-06,1.5845123886925721e-06,8.734884982441402e-06,7.132856829753135e-07,0.0003041981820310931,0.00042687911518065534,5.365528122951643e-05,1.3804844368250695e-05,6.493057054774765e-06,1.506546237601312e-07,3.9503914531273306e-05,1.7346659658853418e-07,1.4761726524269868e-05,4.054931045195066e-11,0.9604778161112008,6.96835474226917e-05,4.87882116411947e-10,0.0026816531748787642,7.589676114818189e-08,1.226051042116985e-07
43,6.727498269057291e-08,8.197627379015965e-11,7.686595865558053e-05,0.09855884173897557,9.046909673774885e-06,7.0260486611576095e-06,1.4873733302930856e-06,3.521350170409803e-05,1.2994668246184117e-06,0.00030891462953020653,0.00037966503623575946,9.846603624495435e-05,2.0987481902721294e-05,2.0139456825946385e-06,1.9895596363905332e-07,0.00014202119948473883,2.2722359466325304e-07,1.7003681637782283e-05,8.596700414602168e-11,0.8986078542136839,0.00016312010610067265,2.1582987313901136e-09,0.0015695545298020296,6.820886767291298e-08,5.415221906765741e-08
44,7.265926189194665e-08,8.663748196780687e-11,7.710950507603687e-05,0.10197260714258506,9.358850137333717e-06,6.870704856882309e-06,1.5375444081996826e-06,3.487581489473978e-05,1.3226165437770105e-06,0.00030264998179232143,0.00040768481085877195,0.00010341355078601777,2.097586626341587e-05,2.2477963510076355e-06,2.0661193471114866e-07,0.00014156174227349433,2.3102769896686125e-07,1.7111560294578846e-05,8.659724000767969e-11,0.8951137665850346,0.00016030068540298062,2.2056306454653104e-09,0.0016259642201431437,6.859522901370246e-08,5.97493075110924e-08
45,7.184439995904146e-08,8.740151590434666e-11,7.821735132946158e-05,0.10153224138407245,8.87560277043488e-06,7.258616992014516e-06,1.6343388813466705e-06,4.155954763730728e-05,1.3467308012007887e-06,0.0003164480889936509,0.0003926830795135895,0.00010932461636427257,2.3541953175355757e-05,2.0988759928897684e-06,2.1670284608437743e-07,0.00015739449569756315,2.3374121597111844e-07,1.79907952061515e-05,9.220134427288721e-11,0.8956377080412543,0.00016100776766847302,2.3808007485633603e-09,0.001510016617904211,7.345950749094806e-08,5.378737218431063e-08
46,7.838203101057866e-08,7.628271328769716e-11,8.043172441942954e-05,0.11815001142695256,7.485885335071736e-06,6.031824245016199e-06,1.4282079126531023e-06,3.700716362414141e-05,1.0761018285549195e-06,0.0002876598156491146,0.0003768889352821029,0.00010013013197520867,2.267488436865049e-05,1.6643738178421575e-06,1.4974732965435646e-07,0.00014198338002944496,2.967125625175213e-07,1.6028434082377563e-05,8.379395667015906e-11,0.8793465376712299,0.00015818819527017627,2.665083332364585e-09,0.0012641322352370712,6.258140445337744e-08,4.936025293512277e-08
47,7.505088212945984e-08,8.627276697098374e-11,7.82625605096229e-05,0.1033935792927657,9.23631788215028e-06,6.7918912302167454e-06,1.5449366404595795e-06,3.53510630042626e-05,1.3019248966892473e-06,0.0003010574952443039,0.00040626022874660974,0.0001035678775498206,2.152969398124271e-05,2.248430876684054e-06,2.0254642364346432e-07,0.00014526745853580796,2.3657456734611254e-07,1.7305687017016476e-05,8.902917650537205e-11,0.8937195392203438,0.0001595013307602501,2.2338945340315804e-09,0.001597009798408779,6.954496209141408e-08,5.8665574954514355e-08
48,8.60697313121113e-08,9.122371092742709e-11,7.956590946630263e-05,0.09742343028592844,8.847483429469292e-06,7.13784112969454e-06,1.6522007052237384e-06,4.137149555017772e-05,1.2755602194231157e-06,0.00034337844304255574,0.00034130666754999015,9.072940164618057e-05,2.684629161018895e-05,1.9940394493460716e-06,1.8423697738888781e-07,0.00014626892649381373,2.980383676548156e-07,1.944056964388761e-05,1.1487055552211532e-10,0.8998059263888453,0.0001505987274665477,2.498776454531025e-09,0.0015095077866092534,9.370235922312303e-08,5.722890781639083e-08
49,6.487703816761654e-08,9.003320996952231e-11,8.27272521550556e-05,0.10421718595872428,9.020020976277691e-06,7.4779645467277726e-06,1.5004947481865898e-06,3.748802598861484e-05,1.349374897908651e-06,0.0003049692230372579,0.00038521930024439967,0.00011368613135681309,2.10506375508859e-05,1.8916566250911398e-06,2.0289552842715734e-07,0.00014577297604442867,2.268760605997542e-07,1.5684564172513595e-05,8.425805749006327e-11,0.8929968880396837,0.00017043144237845827,2.4992810808881826e-09,0.001487039214491173,6.493614608133337e-08,5.5464032531406015e-08
50,9.21110327039905e-08,6.887014913244425e-11,7.636902849114002e-05,0.0908309136798068,9.567286475146331e-06,5.423197907304199e-06,1.8284101330885973e-06,3.644514876713715e-05,1.2365185811964349e-06,0.0003692994561608522,0.00041032064034981537,9.547365667343469e-05,2.4923876225481243e-05,2.5676025656439683e-06,1.773765493896967e-07,0.00012533885330737461,2.567997569602197e-07,1.5021739749154391e-05,8.816965504777685e-11,0.9064217843668049,0.00011859117618496194,1.9490818294583404e-09,0.0014542197767613014,8.221964098266679e-08,6.497195364206728e-08
51,8.166101823130129e-08,2.7228078932638675e-11,0.000121229381996193,0.029286208802454382,1.5831223325940987e-05,4.041266467509318e-06,2.3888648770473336e-06,1.707790666779144e-05,1.0514663174592781e-06,0.0003052215507686979,0.00023402355738969826,5.970435602807244e-05,2.2901789231184126e-05,2.761587846927124e-06,9.766877370267821e-08,0.0001131889668924128,3.350755947888352e-07,1.2401892475455159e-05,9.639439156917043e-11,0.9677421897008177,0.0001654512377595125,7.484217274914766e-10,0.0018936362060945854,1.1833873967286941e-07,5.6626419002095955e-08
52,1.162623479749975e-07,1.5827744718714775e-10,0.0001594248939557136,0.12074412888485034,1.6056805708182125e-05,8.01071812427911e-06,3.1748015356459747e-06,3.4851481229707805e-05,2.12832352979601e-06,0.00025587981525685734,0.0005405596309027794,0.000170477262532557,1.9338911369485864e-05,3.6126101181402403e-06,2.622387921377018e-07,0.00018049381710954197,4.82186386063688e-07,1.533894579131897e-05,1.053952116422363e-10,0.874548245762832,0.0003491690544978175,4.088905152866772e-09,0.0029479918599369177,9.664347608039254e-08,1.5473713884779137e-07
53,6.268606468567373e-08,7.352264765375034e-11,7.00181861425693e-05,0.09611566359323373,8.830058483782469e-06,6.579043477135584e-06,1.569064417432635e-06,3.0474629327942328e-05,1.217615854643178e-06,0.0002810376996823549,0.0003952533500368089,0.00010199945489021626,1.891073892582944e-05,2.2058470080970284e-06,1.9356542845010996e-07,0.00013472181734845148,2.1902691857092574e-07,1.6732349537422733e-05,7.165464753380768e-11,0.9009631550168792,0.0001610949017149986,1.988248979040606e-09,0.0016899377029607689,6.376802954544068e-08,5.775021118332265e-08
54,9.363834417611073e-08,1.355592800992272e-10,7.798003606201955e-05,0.12456971760816991,1.1335197222282927e-05,8.375534738225723e-06,1.9978697675444775e-06,3.9907273212979675e-05,1.6781419812298706e-06,0.00032904884856110764,0.0004990103096821541,0.00012999193895492605,2.112067108682133e-05,3.295551533939622e-06,2.9077367321573197e-07,0.00015354950717120112,2.630541133730528e-07,1.9641532317977513e-05,1.0514491234096792e-10,0.8719621387322438,0.0001750326912251851,3.089421148887461e-09,0.0019953479919277714,8.475035120386843e-08,9.50175337933219e-08
55,7.960009634061217e-08,1.0144775729204166e-10,8.688145787706963e-05,0.11413949315743446,9.57302347337524e-06,6.98017959198063e-06,1.3706830393398746e-06,3.302778933907586e-05,1.2952115634138874e-06,0.0003262902969871891,0.0004240696838644638,7.933599578121417e-05,2.0600178857533987e-05,2.0542080486432226e-06,2.0651731408535927e-07,0.00013751136102617723,2.4398108335951006e-07,1.6414071107091375e-05,1.0329780139448369e-10,0.882869725336775,0.00016843701402292406,2.2198901588831103e-09,0.001676279507026861,6.946126462618363e-08,5.885979025152449e-08
56,7.187698274950383e-08,8.353639032533437e-11,7.459163373390531e-05,0.0994803965394397,9.101104483461169e-06,6.751719008214009e-06,1.5038353534566043e-06,3.500712780284836e-05,1.2810614000842006e-06,0.0003012520189345722,0.0003922767440449292,9.950485164408716e-05,2.1683125605524163e-05,2.183310016876151e-06,1.9798319118131935e-07,0.00014035156263319967,2.2874252078576526e-07,1.7175648413478557e-05,8.717279595335449e-11,0.8977025492821479,0.000151915758105393,2.125859460541091e-09,0.0015618477774335116,6.888906004532468e-08,5.71114753584877e-08
57,1.0726959986196951e-07,1.4226124442507615e-10,5.46298899498038e-05,0.17710609111199288,8.594994468315369e-06,8.313151219571734e-06,1.7725007140759255e-06,3.579136944967239e-05,1.5609338172027752e-06,0.0002950401014207957,0.0005931516913570213,9.293342780160111e-05,1.8664227243141096e-05,3.481270804032356e-06,3.1014606250659057e-07,0.0001586135965529919,2.3840351681222528e-07,3.065386604796317e-05,1.0208086406253105e-10,0.8188038401191161,0.000159723153815909,2.7784171785020175e-09,0.002626318718228931,7.936961968806901e-08,8.766444165636997e-08
58,7.234620825752056e-08,8.765909954994881e-11,7.595578784593035e-05,0.09686062148745607,9.086332161261625e-06,7.003383873455243e-06,1.5289808530525522e-06,3.546868053934926e-05,1.2807740552732032e-06,0.00030875119858073607,0.00038066851530537364,0.000100886077778838,2.2151288737213262e-05,2.218141222540073e-06,2.0531567216429934e-07,0.00014157583512071245,2.3597823374499668e-07,1.7792401782278937e-05,9.161850293531349e-11,0.9002511219541622,0.0001578277889418368,2.1972476904752007e-09,0.0016254115463159463,7.520593342820542e-08,5.860269513241317e-08
59,7.119353913424242e-08,8.440623953182072e-11,7.900914455353206e-05,0.09467309455190755,9.051753168230213e-06,6.76219417103085e-06,1.489619771120456e-06,3.532433899508737e-05,1.2623917042237738e-06,0.0003046309893222238,0.00037710189709751554,9.975513007360837e-05,2.200846367564281e-05,2.1337166277654364e-06,1.9936499583819407e-07,0.0001396280368705839,2.346386547212269e-07,1.6756722266785107e-05,8.925994943942732e-11,0.9024905630457786,0.00015975198642495357,2.1287170915164604e-09,0.0015810392142623373,7.251675051312333e-08,5.6787005869202694e-08
60,7.265926189194665e-08,8.663748196780687e-11,7.710950507603687e-05,0.10197260714258506,9.358850137333717e-06,6.870704856882309e-06,1.5375444081996826e-06,3.487581489473978e-05,1.3226165437770105e-06,0.00030264998179232143,0.00040768481085877195,0.00010341355078601777,2.097586626341587e-05,2.2477963510076355e-06,2.0661193471114866e-07,0.00014156174227349433,2.3102769896686125e-07,1.7111560294578846e-05,8.659724000767969e-11,0.8951137665850346,0.00016030068540298062,2.2056306454653104e-09,0.0016259642201431437,6.859522901370246e-08,5.97493075110924e-08
61,7.410205237186417e-08,8.86208729659766e-11,8.192177232384784e-05,0.09735804025572145,9.587036032412092e-06,6.985986249314105e-06,1.570512493767958e-06,3.540972395481676e-05,1.3325067593716239e-06,0.0003089675733126332,0.0003955041258441196,0.00010347541527828064,2.1802973228908537e-05,2.2433700475949177e-06,2.080381981473582e-07,0.00014350561261945795,2.401594398886366e-07,1.7033919756869646e-05,9.199276922070717e-11,0.8997055516591914,0.00016608292794755908,2.232088211174167e-09,0.0016403262754424268,7.328890200750888e-08,6.035250150818942e-08
62,7.265926189194665e-08,8.663748196780687e-11,7.710950507603687e-05,0.10197260714258506,9.358850137333717e-06,6.870704856882309e-06,1.5375444081996826e-06,3.487581489473978e-05,1.3226165437770105e-06,0.00030264998179232143,0.00040768481085877195,0.00010341355078601777,2.097586626341587e-05,2.2477963510076355e-06,2.0661193471114866e-07,0.00014156174227349433,2.3102769896686125e-07,1.7111560294578846e-05,8.659724000767969e-11,0.8951137665850346,0.00016030068540298062,2.2056306454653104e-09,0.0016259642201431437,6.859522901370246e-08,5.97493075110924e-08
63,7.499921635127285e-08,9.864951318252103e-11,7.725442812736932e-05,0.10640156453141202,9.674375671313848e-06,7.3798212941294e-06,1.5549670273030625e-06,3.591591874975266e-05,1.396408594964554e-06,0.00030316898400187443,0.0004165441226539604,0.00010468490434339954,2.1281998693138233e-05,2.2888327803916375e-06,2.204671794523836e-07,0.00014530855864729541,2.371164075359799e-07,1.8144817414528047e-05,9.37111469130153e-11,0.8906071215379561,0.00016501349774707138,2.3991682018651884e-09,0.0016810332463290266,7.072719935648437e-08,6.314702467527565e-08
64,6.748514341660138e-08,8.617039528125808e-11,8.127811421287244e-05,0.0968022085467422,9.421796157499345e-06,7.162392454696736e-06,1.532102171193974e-06,3.3149671552762174e-05,1.2925006317139772e-06,0.00028805885991620844,0.0003915996274042703,0.00010639596864932597,2.0031764418804712e-05,2.1996243008248815e-06,2.0892320563210556e-07,0.0001454189340600527,2.391677302731617e-07,1.7241129229770165e-05,8.602172271175944e-11,0.9002172948010415,0.00018456929449404952,2.23076978587476e-09,0.0016904995471535996,6.870935574100892e-08,5.863701177585999e-08
65,1.3279310325157677e-07,9.473792777995721e-11,0.00012517507336807105,0.1341023820023723,1.1692602410402675e-05,5.5199124733382034e-06,1.6106655370015828e-06,6.414979726555183e-05,2.1279081485947055e-06,0.0005160214528829617,0.0007195371093927336,0.0001261846925242598,3.1086377221750954e-05,2.3366650668477556e-06,2.4507667824542334e-07,0.000161808656188569,2.176316903826877e-07,1.2518736041524633e-05,1.1665789122531114e-10,0.8628751399570538,0.00011208333515922713,2.6567813028761016e-09,0.001129912143536091,5.7165896158288737e-08,5.737781174043686e-08
66,6.097418341869285e-08,4.11895178521009e-11,7.955754332310875e-05,0.06479550343492056,1.0804474989581142e-05,4.714350769242866e-06,1.4026697381029827e-06,2.3089608118195145e-05,9.825941408444538e-07,0.00029451124687986357,0.00027035105933334325,5.798079564594373e-05,2.3000901007993844e-05,1.4836428911704426e-06,9.01620832091656e-08,0.00010911932104665414,2.0981261367665902e-07,1.0476301515371418e-05,7.58557419307713e-11,0.933191072244135,9.944384466817444e-05,1.1325275069373796e-09,0.0010260480047379794,5.686714537474605e-08,3.889654059799252e-08
67,3.3242939842033757e-07,1.2076223670853624e-10,0.00020971500578607035,0.12723115092030154,2.957441458278016e-05,4.670523912018842e-06,2.0701020676137167e-06,0.00014472689002979959,5.330147938689254e-06,0.0009170004149888516,0.0010069166564393038,0.00012747161347079447,5.4103897333372016e-05,2.627124904181386e-06,3.158652158641261e-07,0.00018040471278360178,2.3682527701506803e-07,1.1034888814940479e-05,2.3432584340848036e-10,0.8692129783004948,8.274906158604389e-05,2.9333692705740923e-09,0.0007764638352638264,6.048071426648664e-08,6.260023858563988e-08
68,1.519748549065922e-07,9.628038793213247e-11,8.48977946136503e-05,0.13748792750613356,1.2489889543352225e-05,4.844688381900746e-06,1.6801214431149227e-06,3.1847677299947317e-05,1.5648948808730757e-06,0.0003547537722046368,0.0005889776427906599,6.555269729083225e-05,2.5936748468955302e-05,3.3302645061541993e-06,1.7659633029369598e-07,0.00015535681305405138,2.680174886298917e-07,1.816769603668293e-05,1.4028899029032658e-10,0.8594525952265796,9.662817636104744e-05,1.918206128105331e-09,0.0016127053516590986,7.204704802601456e-08,7.224825465665214e-08
69,1.1921891283130003e-07,1.207889207148744e-10,0.00011104738994029537,0.11891544340685296,1.2394498349426255e-05,8.231493607865603e-06,2.2607251644715844e-06,4.472044035679711e-05,1.588580900062825e-06,0.00037305481112043655,0.00042458732797416457,0.0001279365483102683,2.8550518127671063e-05,3.403701807545967e-06,2.3579547478482793e-07,0.00020748657573979625,3.0751729074794736e-07,1.877349779530221e-05,1.506967269529093e-10,0.8778662568281576,0.0001759540641780849,2.957788064253034e-09,0.0016774526578964336,1.1180794997327964e-07,7.936481847187799e-08
70,2.2727420997764272e-07,2.2241648029107132e-10,9.248273086307256e-05,0.04166370215021905,1.6630893598825698e-05,7.247424170900845e-06,2.6340800431216242e-06,4.992348859413613e-05,1.8171770151139965e-06,0.0004635030575158877,0.0005444817990549936,0.00015516371104105383,3.7700386967876127e-05,8.803095773256955e-06,6.172968443606094e-07,0.00011347069061326981,9.512951237720105e-07,5.657373076561669e-05,3.0647286796161324e-10,0.9524653884632064,0.0002963204670467521,4.229973327469889e-09,0.004021774078045183,3.510907224668189e-07,2.3085970232190732e-07
