,0,1,2,3,4,5,6,7,8,9,10,11,12,13,14,15,16,17,18,19,20,21,22,23,24
0,3.5466313481652524e-05,8.515162494636856e-07,0.011159482523794985,0.7750099626099947,4.2610224444720573e-07,2.7724476525554673e-05,0.00030331646292347243,0.00063146906762727,9.996326201528502e-05,0.005549876450218565,3.794377274009226e-07,0.021308072523421928,0.027358166386353317,8.503354675443669e-05,1.3225904508497327e-08,0.014158311575483808,6.754578454168637e-05,0.01334161510315946,3.2500893223250685e-07,0.11565747900907404,0.012031477873313606,2.3532129194342066e-06,0.00015402888569192652,0.002896634000475095,0.00012002564117167449
1,4.604833967795825e-05,9.870871277959918e-07,0.015563526225520524,0.6335644840534129,8.283881250211706e-07,4.964275206303333e-05,0.0003575267561706222,0.000928954148828208,0.00021536921076702236,0.005154931358625798,5.087396326303614e-07,0.02405399825813823,0.056743815598838,6.824311178147942e-05,2.8761823670470014e-08,0.03444734327557085,9.880032599023535e-05,0.012863772918069708,6.816131934944294e-07,0.19408776630147237,0.01692927801872832,2.980635496659063e-06,0.00014088521242576702,0.0045575363793749,0.00012206252914496406
2,4.451136331170563e-05,1.0119988394175622e-06,0.012500079499974299,0.6285722420880838,9.334970609606434e-07,4.348530208147058e-05,0.00034110733637307224,0.0009101102901207936,0.00018090445427102945,0.00475943795836661,5.506263136320899e-07,0.023189997476715445,0.055438656498138214,8.552606797123443e-05,2.6771993786275523e-08,0.028301724861625584,0.00011542534369146725,0.013100185341736093,5.924289080052055e-07,0.21286259878716154,0.015209268629673199,2.9564675342148585e-06,0.00015857399109336345,0.004048646950243473,0.00013144596871769726
3,4.119662979888704e-05,9.475883223320243e-07,0.012884418720126307,0.66062446388082,7.830151303882443e-07,4.2697539623213174e-05,0.00033110001897489167,0.0008893601969879263,0.00017675704036220296,0.004659321498492006,5.389551537259484e-07,0.02361438057856855,0.05102472241675112,7.839330803913147e-05,2.4598862375601395e-08,0.027267952810728725,0.00010374118248641996,0.012642247366605025,5.848189556813199e-07,0.18558592519257164,0.015611254596699483,2.9738001133390593e-06,0.00015313247124528197,0.004143938728001406,0.00011914304657996907
4,4.196293418105959e-05,9.335819880092069e-07,0.012515854726696902,0.6504310037422956,7.968887237122475e-07,4.231035751751352e-05,0.00032517457711891485,0.0008552584068019154,0.00018237595922110955,0.004369979280584031,5.419084550425303e-07,0.025232585228405734,0.057928457324623456,7.96667684664802e-05,2.4872925277885106e-08,0.027095734178399104,0.00011225750909578443,0.01281584244747799,5.93998262707193e-07,0.18744160066237203,0.016041399468403786,3.115902859691231e-06,0.0001506196123956379,0.004208826338232711,0.00012308332449574387
5,8.208148345763054e-05,2.6732340617680834e-06,0.12445307476374633,0.17363388077494282,1.0030635986291927e-05,0.00019008588699902893,0.003691324020042823,0.012725975573537376,0.0006717532624682126,0.008822088861419684,2.8204931165311777e-06,0.03257741326898442,0.09693916923268918,5.6051779954316535e-05,3.256095906753717e-07,0.18291514285633226,7.352116193283775e-05,0.002351280673918964,1.0557115775441787e-05,0.3247890144802275,0.028004135319177725,3.039432467775978e-06,0.0003348314945271914,0.0075342873077823445,0.0001254412768608311
6,4.119662979888704e-05,9.475883223320243e-07,0.012884418720126307,0.66062446388082,7.830151303882443e-07,4.2697539623213174e-05,0.00033110001897489167,0.0008893601969879263,0.00017675704036220296,0.004659321498492006,5.389551537259484e-07,0.02361438057856855,0.05102472241675112,7.839330803913147e-05,2.4598862375601395e-08,0.027267952810728725,0.00010374118248641996,0.012642247366605025,5.848189556813199e-07,0.18558592519257164,0.015611254596699483,2.9738001133390593e-06,0.00015313247124528197,0.004143938728001406,0.00011914304657996907
7,3.227167949571763e-06,4.486475852028541e-07,0.0011156031491887817,0.8139560048167486,2.1699459018907984e-07,1.499651548423305e-05,8.464603543957963e-05,0.00040381171945230894,7.713972098236788e-05,0.0021728762201135912,2.830650672552241e-07,0.013725971562155572,0.011028055755120884,9.883766387638396e-05,2.024044205774958e-08,0.020607520167018237,8.599532638720576e-05,0.006791284283702242,1.2868772989665808e-07,0.1116289171147884,0.017185086142742816,6.322469703750621e-06,8.79156460954025e-05,0.0008693127611534778,5.537812648183524e-05
8,3.9369026876084354e-05,1.0094365588781043e-06,0.014054337637508772,0.6956711764627179,6.972765010043637e-07,4.01145287920589e-05,0.00030643246245605526,0.0007821372283366674,0.0001369895188787637,0.004905224089066391,4.861531183751016e-07,0.019498901106129944,0.03945693059050119,7.167624294197362e-05,1.77657674718078e-08,0.021325791410226724,7.765466385212125e-05,0.009368432917995472,5.027664360474466e-07,0.17803564149271556,0.011761359614945857,1.972976410677501e-06,0.00018101150746462717,0.004179112061895162,0.00010302106190617982
9,2.948755084912372e-05,8.99800238432456e-07,0.012083936926284851,0.719903811117951,5.0719758904995e-07,3.596933835957456e-05,0.00026710439019811156,0.000649857405625023,0.00013541884306944948,0.004922084578140407,3.8162192242900343e-07,0.019623511916333523,0.03501756735436082,6.089801270886189e-05,1.684091120435415e-08,0.021627939286340575,6.816435143612205e-05,0.00894279112934699,4.3539250998125117e-07,0.15882643505252791,0.013821794930679992,2.160057422952834e-06,0.00015134621864528277,0.003734688374926774,9.279231162145519e-05
10,4.119662979888704e-05,9.475883223320243e-07,0.012884418720126307,0.66062446388082,7.830151303882443e-07,4.2697539623213174e-05,0.00033110001897489167,0.0008893601969879263,0.00017675704036220296,0.004659321498492006,5.389551537259484e-07,0.02361438057856855,0.05102472241675112,7.839330803913147e-05,2.4598862375601395e-08,0.027267952810728725,0.00010374118248641996,0.012642247366605025,5.848189556813199e-07,0.18558592519257164,0.015611254596699483,2.9738001133390593e-06,0.00015313247124528197,0.004143938728001406,0.00011914304657996907
11,4.197007613882728e-05,9.436276914935573e-07,0.01279826368772052,0.6507472933092384,8.092685310457192e-07,4.286657519061945e-05,0.00033016329243591366,0.0008741185795302016,0.00018078016741785214,0.00451783504425647,5.442191701554512e-07,0.02424779297846218,0.055550408660707484,7.811775629512872e-05,2.4836151265281183e-08,0.027513781717151967,0.00010880438167865809,0.012660275345045156,5.95526549477349e-07,0.19001085216487812,0.015765176223145105,3.0136268161868454e-06,0.00015290986074704342,0.004252064047467296,0.0001205950275833455
12,4.3617936357221387e-05,8.992349836608539e-07,0.0063821758956237986,0.5860083144007571,9.33871429790253e-07,3.899402572212298e-05,0.0002127992702376194,0.0005118968004437519,0.00012549197648890548,0.005738752229868866,2.968972196877544e-07,0.01569349230977436,0.06278233228511322,0.00014758072160814693,1.6819761312784125e-08,0.01941551753912385,0.0002121236178426853,0.024236546573583474,2.9276733681095836e-07,0.26048438188501194,0.015516674391852761,2.7023940573618903e-06,0.0001288454951603404,0.002104518282480448,0.0002108023781606618
13,3.2129463642479203e-05,8.501907806307156e-07,0.011088337762706776,0.6803648837890486,7.671980955380064e-07,3.780262275406029e-05,0.00033487937665977195,0.0010481123770182397,0.000158750019221943,0.0036309610539448783,7.372249212057829e-07,0.027743059704008123,0.0493185092097642,9.387071415065272e-05,2.5449240116827812e-08,0.025235759134325058,0.0001045080462406845,0.010869040481384056,5.756337312921337e-07,0.17010571017860815,0.01555175356802788,3.453246913582341e-06,0.00017263607264062964,0.003997270618252928,0.0001056168639186675
14,4.0801470433226856e-05,1.1095168535503459e-06,0.011063250986526085,0.6544397589214465,9.649532712137264e-07,4.581492803376494e-05,0.0003710703657528902,0.00092118755356144,0.0001681131771491516,0.005239692427483233,6.384052680182133e-07,0.02215766277384396,0.04735168237062697,9.508413536528532e-05,2.7306370842146462e-08,0.028402251403928422,0.00010695059902436368,0.012815240934841248,6.318537438420306e-07,0.19762453376726818,0.014573908984787672,3.0557831998302077e-06,0.00017127082487700137,0.004281055381578879,0.00012424117476441066
15,4.119662979888704e-05,9.475883223320243e-07,0.012884418720126307,0.66062446388082,7.830151303882443e-07,4.2697539623213174e-05,0.00033110001897489167,0.0008893601969879263,0.00017675704036220296,0.004659321498492006,5.389551537259484e-07,0.02361438057856855,0.05102472241675112,7.839330803913147e-05,2.4598862375601395e-08,0.027267952810728725,0.00010374118248641996,0.012642247366605025,5.848189556813199e-07,0.18558592519257164,0.015611254596699483,2.9738001133390593e-06,0.00015313247124528197,0.004143938728001406,0.00011914304657996907
16,4.914188390140987e-05,9.461914229329058e-07,0.016002300093568754,0.6650267874538613,8.867810193088833e-07,4.897413130124787e-05,0.0003347499311219597,0.0009043646241902381,0.00018750077828679813,0.004323529748617412,6.05951938570555e-07,0.02063773801298008,0.0521357886464218,7.426565578025663e-05,2.2885379987461575e-08,0.026742092698576508,9.728811672446814e-05,0.012471076833484761,5.781409121038844e-07,0.18349974709453287,0.012553277602010441,2.305897260494932e-06,0.00015502076516915212,0.004636584160250775,0.00011442592128645133
17,4.565520612083752e-05,1.0163272405802722e-06,0.015082891109394135,0.6670348184730654,7.911885225204788e-07,4.743203782893958e-05,0.00035411070290138573,0.0009140701387677362,0.00019419572644970324,0.005026126684708986,5.413149179307653e-07,0.02305429811985706,0.04832005207905849,7.342845428690481e-05,2.602833628820664e-08,0.028779650705888143,9.295715310775969e-05,0.012819939015760323,6.364733088916427e-07,0.1777934468089825,0.01565115270400291,2.801911955036785e-06,0.00014853887957622078,0.004441792445172286,0.00011963031078906289
18,4.091341207673383e-05,9.51136643290604e-07,0.013392415191454711,0.6660543132237489,7.768888981947849e-07,4.353796632487652e-05,0.00033412432801683894,0.0009068527655156386,0.00017957231326916744,0.004581457711893603,5.545799652921912e-07,0.023499953566266562,0.049779403577785916,7.573075700524695e-05,2.4766233785392497e-08,0.027743931044974905,9.838354452983107e-05,0.012059969060567888,5.99085609332123e-07,0.181334940557856,0.015314204153356391,2.9001043040634296e-06,0.0001537055525942273,0.004286791501293654,0.00011399320981507501
19,3.516537464572616e-05,9.078129410875902e-07,0.012651431427330861,0.684928731486425,6.784059429628658e-07,3.471322900606782e-05,0.00035905146567212634,0.0008181922520045998,0.00017393856498027733,0.004248760988900024,4.840513306425292e-07,0.027837710685822872,0.04988987187030409,7.006457535491308e-05,2.4189869271923283e-08,0.02531433682545957,9.207848064264627e-05,0.010811782101355992,5.181701182416405e-07,0.1621993574979463,0.01651164502410975,3.1447317660863922e-06,0.00014507231524814505,0.0037561253959949715,0.00011621307682788109
20,4.1843557000114284e-05,9.525048354004023e-07,0.012972882216438471,0.6585763998259924,7.942059984795402e-07,4.316883545776038e-05,0.0003313456272246801,0.0008748288642027814,0.00017742509189458102,0.004699513871386769,5.336811812396451e-07,0.02338307343580945,0.051564212545847726,7.833279297879288e-05,2.4246914222768392e-08,0.027261046348798734,0.00010378051085170142,0.012695133003225719,5.82144224679471e-07,0.1871923567824685,0.015550954755053446,2.9013128925769326e-06,0.00015337017712398202,0.004174439430723728,0.00012010423147415225
21,4.167180982967097e-05,9.526669465766613e-07,0.013083707765991647,0.66093481203346,7.914932831409042e-07,4.283855585684572e-05,0.00033584391530093525,0.0009032382754690707,0.00017583880686070522,0.004709365000456542,5.474330940525732e-07,0.02353982215287337,0.05073682448515023,7.847416330349466e-05,2.4704216018123455e-08,0.026913735799571133,0.00010470085649650501,0.012721858084834812,5.909798134673754e-07,0.18561771040069563,0.015618405996905881,2.9870732872818307e-06,0.00015592559062249864,0.004159234181753105,0.00012009777392730827
22,3.4368584922607474e-05,9.958035299622504e-07,0.01247442699759611,0.6687314782979784,7.563262260172399e-07,4.0130643741315174e-05,0.0003587939375063878,0.000892872676420006,0.00017222716124691217,0.004461356755325852,5.379735218751533e-07,0.02612953999664194,0.04994560218893135,7.743906835074525e-05,2.4103365281511434e-08,0.027484717379747874,8.509439555319114e-05,0.009362921832709824,6.045387286150055e-07,0.18024361533868077,0.015073467513259256,2.708788657452611e-06,0.00016260452569921092,0.004156450485126419,0.00010726468653268969
23,4.119662979888704e-05,9.475883223320243e-07,0.012884418720126307,0.66062446388082,7.830151303882443e-07,4.2697539623213174e-05,0.00033110001897489167,0.0008893601969879263,0.00017675704036220296,0.004659321498492006,5.389551537259484e-07,0.02361438057856855,0.05102472241675112,7.839330803913147e-05,2.4598862375601395e-08,0.027267952810728725,0.00010374118248641996,0.012642247366605025,5.848189556813199e-07,0.18558592519257164,0.015611254596699483,2.9738001133390593e-06,0.00015313247124528197,0.004143938728001406,0.00011914304657996907
24,3.6807833580077457e-05,9.370095693165034e-07,0.010051862035286267,0.6707117674402282,7.282213870392195e-07,3.85744984223886e-05,0.0002788426356600691,0.0007869535859884445,0.00015342062438339978,0.004365074309711818,4.948940575928661e-07,0.021604784566680163,0.04766964130970763,8.684291289194264e-05,2.1202741979731185e-08,0.02514604773955518,0.00010511301002997667,0.01215184617660702,4.985939242548219e-07,0.1894117692495024,0.013422439303287268,2.7982960778730276e-06,0.00014826973840188234,0.0037122680494348676,0.00011219676288297498
25,4.903156613249157e-05,1.024170752422674e-06,0.014394262181513205,0.6387730084419455,8.007614693409189e-07,4.6133534069593997e-05,0.00033056644239872244,0.0007814928999771325,0.00019978458618555677,0.005283828042613547,4.573652949143577e-07,0.023542322597290798,0.05735891590936875,7.113068696041106e-05,2.5233136021344663e-08,0.02807453510938441,0.00010986497233082197,0.014278704236418012,6.195869231025598e-07,0.1949904909242242,0.017082368321179445,2.9551481939625645e-06,0.00014534460607901572,0.004345763787657931,0.00013656888850070072
26,5.839549886099183e-05,9.096323636452212e-07,0.015585407092243065,0.6084607150549686,9.010022540113007e-07,5.161398890592849e-05,0.00027403776193340133,0.0007143315273211896,0.00020318138405322542,0.004389037375388502,5.408169057768909e-07,0.020072505855099215,0.0687134158484303,5.885203803980658e-05,2.1049096834175245e-08,0.027006231427222336,0.0001199243927861798,0.014424296288645874,6.584321996892955e-07,0.21886067532134146,0.014477634351532303,2.4317736679853577e-06,0.00016157533884693018,0.006246150125672212,0.00011655662222051647
27,3.828254572385407e-05,9.243641714870123e-07,0.012082658492547896,0.6667431262737443,7.351281093975969e-07,4.2192550371015525e-05,0.0003152507950282455,0.000928623150214609,0.0001808392275757477,0.004475376483973985,5.610555152314633e-07,0.024066812431685125,0.04920564236315676,7.769902854889959e-05,2.691452136181086e-08,0.028203805058965165,0.00010743258197900657,0.012752685355408359,6.105898205733671e-07,0.1803518880198108,0.016044022983081392,3.4848442387153704e-06,0.00015034474973211933,0.004112581037719953,0.00011439397435593048
28,4.119662979888704e-05,9.475883223320243e-07,0.012884418720126307,0.66062446388082,7.830151303882443e-07,4.2697539623213174e-05,0.00033110001897489167,0.0008893601969879263,0.00017675704036220296,0.004659321498492006,5.389551537259484e-07,0.02361438057856855,0.05102472241675112,7.839330803913147e-05,2.4598862375601395e-08,0.027267952810728725,0.00010374118248641996,0.012642247366605025,5.848189556813199e-07,0.18558592519257164,0.015611254596699483,2.9738001133390593e-06,0.00015313247124528197,0.004143938728001406,0.00011914304657996907
29,4.119662979888704e-05,9.475883223320243e-07,0.012884418720126307,0.66062446388082,7.830151303882443e-07,4.2697539623213174e-05,0.00033110001897489167,0.0008893601969879263,0.00017675704036220296,0.004659321498492006,5.389551537259484e-07,0.02361438057856855,0.05102472241675112,7.839330803913147e-05,2.4598862375601395e-08,0.027267952810728725,0.00010374118248641996,0.012642247366605025,5.848189556813199e-07,0.18558592519257164,0.015611254596699483,2.9738001133390593e-06,0.00015313247124528197,0.004143938728001406,0.00011914304657996907
30,4.119662979888704e-05,9.475883223320243e-07,0.012884418720126307,0.66062446388082,7.830151303882443e-07,4.2697539623213174e-05,0.00033110001897489167,0.0008893601969879263,0.00017675704036220296,0.004659321498492006,5.389551537259484e-07,0.02361438057856855,0.05102472241675112,7.839330803913147e-05,2.4598862375601395e-08,0.027267952810728725,0.00010374118248641996,0.012642247366605025,5.848189556813199e-07,0.18558592519257164,0.015611254596699483,2.9738001133390593e-06,0.00015313247124528197,0.004143938728001406,0.00011914304657996907
31,5.991385577174288e-05,1.0219199002322368e-06,0.017651221797029104,0.6436462309042154,9.111729568994861e-07,4.547547365297522e-05,0.0004009967325911645,0.001182083317028213,0.00017788136258534523,0.005176045926653593,5.948081813990038e-07,0.02370510836730038,0.055517151474778786,8.048537470406979e-05,2.6165744188972447e-08,0.026879820124747413,0.00011239743949302823,0.01478526721057052,6.888912642050695e-07,0.19143661641722817,0.014479312290827027,2.8390463262883325e-06,0.0001589796384962064,0.0043658459388610515,0.00013308434909264612
32,4.3556355578104275e-05,9.922284926582878e-07,0.013330894052119405,0.6547229331401044,8.086191190944211e-07,4.468413753637917e-05,0.0003405438872312934,0.0009270290027702042,0.00018402611085097868,0.004771177582197874,5.646971820806504e-07,0.024292320777144973,0.05264074869377086,7.926824637003128e-05,2.5993805180453062e-08,0.027965641670033504,0.00010688925370366998,0.012899449534972183,6.464854681292509e-07,0.18697649866121357,0.01603368805905422,3.119837503595831e-06,0.00015627515474302375,0.004357190595245857,0.00012102722378873282
33,2.7481283405141704e-05,7.092456142550994e-07,0.00741037878572548,0.6257736211497821,7.783215145920364e-07,4.019826488756046e-05,0.0002465226331764267,0.000942209024396715,0.000123491214777932,0.003931366164920692,6.45861827626111e-07,0.020952085818195142,0.06223181197531005,9.629507417880055e-05,1.9193598282825595e-08,0.028717848530890374,0.00014549879249370148,0.011085934943780936,5.773303030808694e-07,0.2199184514691947,0.0137072563591454,3.470482932369349e-06,0.00018507234889894052,0.004369507628960413,8.876810208923866e-05
34,0.0001121244188723885,1.4224166896594723e-06,0.02672795099575188,0.5733952225425339,1.3224994307464208e-06,6.637922074183876e-05,0.0004922945173069888,0.0011453512752889422,0.0004120857536756399,0.0039246596310058965,7.873418442006791e-07,0.0371998952229346,0.09933947628539215,7.028148255254072e-05,4.324485663284798e-08,0.034376679857164874,0.00012997042429582336,0.017752118349543235,1.3394145461191522e-06,0.1777677903816488,0.01953990577511139,3.5908565575661565e-06,0.00013222383023051595,0.007243429239668517,0.00016365502235518586
35,8.64266365849389e-05,9.408331308416652e-07,0.019850118123450573,0.6667717460891168,7.702546770024972e-07,4.082322246645608e-05,0.0004566445880660961,0.001180084880145083,0.0002560989089067624,0.004833697567410708,4.879673876307115e-07,0.03111574455908174,0.060252290203835754,6.721880259641548e-05,2.8720542371518632e-08,0.02633499299755858,0.00011985629668899148,0.025614025853261,6.952890965678593e-07,0.1398540338353504,0.018623085652434708,3.906908293996245e-06,0.00010500222406638037,0.004269546660025859,0.00016173292582440107
36,4.5948448116284424e-05,8.386172431080074e-07,0.012786146873866273,0.6225945054194675,7.747284926951949e-07,3.584720310654108e-05,0.00038482843443683474,0.0012412219593803263,0.00020692441190291768,0.003380179111766575,6.151143093401139e-07,0.03932966846418118,0.0780811079788388,8.683480642743725e-05,3.3425194794065924e-08,0.033970499394053444,0.00012703459114097492,0.013060489587108426,7.189993155466378e-07,0.17471771468852262,0.01584524380910689,4.411252790917102e-06,0.00012152093813253,0.0038479380209187736,0.0001289537221793368
37,5.4754561491559456e-05,9.574633323314958e-07,0.01460818169364066,0.6639349791023018,7.550781434473442e-07,3.981366764399868e-05,0.00032845976114431876,0.00076298555501437,0.0001654603869870294,0.005030913863729797,4.817429753914615e-07,0.022150826368789886,0.05223178572456463,6.809580123479566e-05,1.9323835413898863e-08,0.02290922412432539,0.00010393238740038663,0.014934212550787852,5.538517278115262e-07,0.183477722574781,0.014084606371252742,2.5961053163361563e-06,0.00015605911751829358,0.004828255288331331,0.00012436753372939584
38,7.069049286463123e-05,1.2064263289034233e-06,0.020273784071415554,0.6129454493342787,1.1250704939503098e-06,6.562788890058614e-05,0.0004507307228291948,0.0009797796649039126,0.000246183883283053,0.005912160730363274,6.26058816587416e-07,0.024699692221725376,0.0655932129967075,7.880916622907499e-05,3.192209878877276e-08,0.03595533956469424,0.00010173552376664632,0.01503747938542987,8.703365456588163e-07,0.19582157405461437,0.015727903418196385,2.6522572575733425e-06,0.00015363806353158312,0.005731128641660216,0.00014856810306437793
39,3.79654927338379e-05,1.3173517785107235e-06,0.008508415382779227,0.699024570517138,8.502688529241358e-07,2.8931822811012678e-05,0.0003154463032356501,0.0005833181104880453,0.00015235187029188872,0.004082332268499547,5.25423468933155e-07,0.023932961686277315,0.037126175677361276,0.00010496686360415197,2.0897379766233042e-08,0.018870554198745774,8.315810213277666e-05,0.010734148476213007,4.003794854854467e-07,0.1817684089458939,0.010823836480280642,2.5449726837872992e-06,0.00017490730889042064,0.003511190524362628,0.00013070067461150455
40,3.978146648195099e-05,9.259170588537293e-07,0.01240197412944167,0.6628267298604208,7.663603687467831e-07,4.187392938750504e-05,0.00032145003442819405,0.0008799786721397668,0.00017001394058405663,0.004654651137201212,5.305750703209065e-07,0.022833058760684956,0.04962933288886631,7.761453497802945e-05,2.3738122943524346e-08,0.02701420911741504,0.0001035625159628252,0.01251627195855705,5.6750234362112e-07,0.18679474906624532,0.015328425410630418,2.926889518605747e-06,0.00015329652747360692,0.004091347053300946,0.00011593801331725488
41,7.380470214928347e-05,1.0064938171026006e-06,0.019363057344957788,0.5754450007420104,1.3897356021259373e-06,5.52928050006015e-05,0.00039800616557484036,0.0008986730649925578,0.00030715890977081503,0.0035077378114462027,5.964378818861536e-07,0.024824598197940487,0.08695213996117473,6.76570460797244e-05,3.31211980216297e-08,0.03802490721108637,0.00011287300748306847,0.014591655881665055,6.28863148978119e-07,0.21657592569763937,0.013474737097790866,2.2208954072722734e-06,0.00011631750314925126,0.005059557187912342,0.00014502411512064248
42,0.0001313393894610091,1.7807791426598786e-06,0.015062285336943574,0.6421072465132526,2.7938437261439514e-06,4.488499421911806e-05,0.00045637234085640433,0.0003133194272667739,0.00017359018122238662,0.005073711284165029,4.809134447596039e-07,0.013022352404415658,0.05002607378385065,0.00018844918990141128,9.578154385932855e-09,0.009287896456819003,9.881932501342426e-05,0.02292146735192527,1.7904763767814615e-07,0.22945167399424335,0.007708343177198855,6.021642753475427e-07,0.00019534933381616676,0.003429966925050437,0.0003010122639979709
43,3.3387109163798746e-05,9.157197309294805e-07,0.011310212383689231,0.6389098745190026,7.170578856244439e-07,4.752852931880769e-05,0.0003025383964509571,0.0008866908277451322,0.00015875866753434304,0.006453255757866977,4.6319272618359375e-07,0.01924187180354242,0.04610907311561189,7.623627501394926e-05,2.506833099137149e-08,0.03022333837682078,0.00011292702790624745,0.013511420811666447,6.095762556063931e-07,0.2094448036047845,0.018924133491284367,3.4353371854198578e-06,0.00016296726150247237,0.003969365554012988,0.00011545053496749564
44,4.119662979888704e-05,9.475883223320243e-07,0.012884418720126307,0.66062446388082,7.830151303882443e-07,4.2697539623213174e-05,0.00033110001897489167,0.0008893601969879263,0.00017675704036220296,0.004659321498492006,5.389551537259484e-07,0.02361438057856855,0.05102472241675112,7.839330803913147e-05,2.4598862375601395e-08,0.027267952810728725,0.00010374118248641996,0.012642247366605025,5.848189556813199e-07,0.18558592519257164,0.015611254596699483,2.9738001133390593e-06,0.00015313247124528197,0.004143938728001406,0.00011914304657996907
45,4.3068494746130635e-05,8.688360968060788e-07,0.015412264616157382,0.6722856519102673,7.890713412656357e-07,4.837490875655734e-05,0.0003607207843266513,0.0011762016240983275,0.00019252729480148754,0.0042410334096482745,6.865517765710628e-07,0.02353859917588426,0.04844268243051385,7.192342704913307e-05,3.05355361305963e-08,0.03397308352801025,9.378080491534973e-05,0.012317857455799958,6.7929245032372e-07,0.16914665273773108,0.013810245743490622,3.1312679659790034e-06,0.00013992327275821128,0.004594981399343208,0.00010424142653462123
46,2.8266419019947564e-05,6.432510212655925e-07,0.008508625854429009,0.6495317938196569,5.819389809577119e-07,3.340794231006723e-05,0.0002077738370416458,0.0007451197565011883,0.00012532043952341056,0.003497902334888275,4.6962922594036407e-07,0.021335743129208693,0.05995655565862472,7.04652932733602e-05,1.9305424543210583e-08,0.02326237187558989,0.00014652275517862114,0.011491178696433004,4.546704000404086e-07,0.20251288951717605,0.014725526778336016,3.428381598649724e-06,0.00014834575044218336,0.003565796409655781,0.00010079655605992462
47,4.702849979866807e-05,9.264439757526422e-07,0.0130674981481249,0.622807030594225,7.786176962973428e-07,3.993481183629912e-05,0.000322009393818239,0.0008030224755139285,0.0001960759628373297,0.004399213010947381,4.639969526115009e-07,0.02730539963056422,0.06686240128056253,6.977756241199677e-05,2.5121225240871754e-08,0.029633676133259266,0.00011682502397323875,0.01329431063806257,6.145824941448175e-07,0.1997334674565147,0.01666069934184231,3.1856266360515857e-06,0.0001374362730388593,0.004368831060948361,0.00012936831274006113
48,4.1680700274879656e-05,1.1496108893083297e-06,0.012329302506711076,0.6430648929171793,8.402659104191386e-07,5.093916098324159e-05,0.00035475741992038116,0.0010107409219705307,0.00016367273900141983,0.00562287689112235,6.432711540025646e-07,0.0234803893999119,0.05603025277915616,8.438926832917082e-05,2.429014831447201e-08,0.028308681782821525,0.00011356234368921127,0.011004550926682883,9.177257362577314e-07,0.19749023545661837,0.015195322042822496,3.2233027067566808e-06,0.00019510230311525387,0.005344177949817543,0.00010767402332736626
49,3.74174633975635e-05,9.096858908213056e-07,0.012613406440980017,0.6739210463650287,6.717618167563107e-07,3.969840824695891e-05,0.000302921830729767,0.0007984153809625441,0.00016568985308564193,0.004535954630123206,4.945080021548057e-07,0.023924464132402935,0.049166182580898415,7.428253243609213e-05,2.253183338590145e-08,0.024760042011240033,9.740691166778661e-05,0.011790094816694328,5.387517906500769e-07,0.17786553823007742,0.015592002841799815,2.940345747865819e-06,0.00015365256431462584,0.004041551841470935,0.00011465357936134144
50,4.090121027677729e-05,9.355543708306268e-07,0.01280269323839664,0.6614450612123939,7.728581983745887e-07,4.2733116183241886e-05,0.00032131158745683954,0.0008697135325328412,0.00017907173161112815,0.004526710753071897,5.365497482692121e-07,0.02345435573195544,0.05115930368676767,7.699571387975062e-05,2.4517398811232095e-08,0.027283749360257195,0.00010345303527336265,0.012627474405645425,5.77595048881207e-07,0.18506414304357327,0.015561409623737588,2.95660278139723e-06,0.0001504890490746466,0.004166954645951961,0.00011767164441374752
51,3.671560929219913e-05,1.0310121921111135e-06,0.011137544388418831,0.7247926839092809,5.918897748609357e-07,3.4396875969458e-05,0.0002938016594205163,0.0008303730811748654,0.0001593142798173233,0.004144582857269482,4.873179860942927e-07,0.0234411723131416,0.03695844488537955,7.997205101111856e-05,2.2466637279112075e-08,0.0210997759707065,8.853209284435396e-05,0.011688507595388375,5.130929796163453e-07,0.14745800878606996,0.014059890584780252,3.121314360596125e-06,0.00013886779865088434,0.003443832562447258,0.00010781560500604205
52,4.8753001113733955e-05,8.888374104609437e-07,0.012866273730673557,0.6344105309102797,8.834580769802874e-07,5.416316858352862e-05,0.00030144458196499756,0.0009313297947816727,0.0001927031938874174,0.0050640190374389195,5.888124169267635e-07,0.020016930367835705,0.05463415191522344,8.966482923051965e-05,2.7695945248668916e-08,0.031277265438348044,0.00012377444693460266,0.018184136831879794,5.965809634716347e-07,0.2021638936254361,0.015100989570865907,3.144790717176058e-06,0.0001405707995830072,0.004259552938066893,0.00013372164234211418
53,3.507289156452665e-05,9.242111930679522e-07,0.012598598407705223,0.665121295808133,8.740510021403058e-07,3.741126744703435e-05,0.0004245326657900525,0.0009960973951518251,0.00016393980164487113,0.004622886702814854,6.042221229774855e-07,0.026337956949593445,0.048859878259220196,8.128101722308497e-05,2.5557482785953084e-08,0.027369543069984344,9.348018728709526e-05,0.010619125438817203,5.48927802934153e-07,0.1828586341983125,0.015525751359368723,2.9505953344241555e-06,0.0001724620828136586,0.003959166293975659,0.00011695863821452597
54,5.156320883522755e-05,1.2694077780149052e-06,0.013796263541577335,0.658417044501505,8.048191733425437e-07,4.584793857090952e-05,0.00035103504863727165,0.0008086713454065738,0.00019049250913540469,0.0057224800037754976,4.5535802286455e-07,0.025001348173967906,0.048930497052162666,9.246573305555764e-05,2.801311236452168e-08,0.02742313977859901,9.706358537031012e-05,0.013257733609247296,6.28288738915362e-07,0.18689964321751798,0.014859419620005122,2.920262500529051e-06,0.00014726522789163028,0.003749906218138148,0.00015201353727519964
55,4.259826712326844e-05,9.424052378164304e-07,0.013086951084419223,0.6600782265865164,7.760132064201635e-07,4.248899248899861e-05,0.0003315869227415058,0.0008694203975796155,0.0001861510862193874,0.004490499020128836,5.280678187432637e-07,0.02461353094257424,0.053476013390551844,7.631832294831662e-05,2.473889253359228e-08,0.02751321154851604,0.0001035365757845159,0.012904346665663872,5.880553817742443e-07,0.1818954398302598,0.015811129362290878,2.9898624294549074e-06,0.00014631565184378871,0.00420598352459006,0.00012040268479271403
56,4.229052693903874e-05,9.512373908377333e-07,0.012828925667881692,0.651420210853568,8.024353190236077e-07,4.3103233491340836e-05,0.0003318125037099952,0.0008803341058566292,0.0001812146313617704,0.0045326802216348475,5.482459181420069e-07,0.024731062330624005,0.055750552668721205,7.909651008233072e-05,2.505435760971698e-08,0.027349902975781184,0.00010929927296761788,0.012698226640293216,6.101495686041609e-07,0.1885782658931919,0.015892308619291928,3.062605708585316e-06,0.00015368682825307397,0.004269202681953565,0.00012182410613377865
57,4.277312440800125e-05,9.859803056093928e-07,0.013280714389108222,0.6829749218494142,8.072911713761115e-07,4.570055486322066e-05,0.000334951107941941,0.0008933805726003639,0.00017169018451416976,0.0049073574605525225,5.766039792974601e-07,0.02078395445641527,0.04293918438014319,8.255905091265644e-05,2.3818092615065462e-08,0.02583051481010973,9.624692068214844e-05,0.013350724943452049,5.595413703860887e-07,0.17507850334891098,0.014762681161030265,2.719794050952777e-06,0.00015707774826642507,0.004143258856049993,0.00011813205165442035
58,4.439269057826382e-05,9.477874184108848e-07,0.013541932830425547,0.6528756796708415,8.000550979502028e-07,4.493023732887842e-05,0.0003329236785278829,0.0008725291169323869,0.00019014334237745385,0.0043842389615585745,5.767850653921255e-07,0.02531185984370968,0.05726058044079821,7.472736264888913e-05,2.471823424553268e-08,0.02767182297511179,0.00010396187210582433,0.012574079226631963,6.517991648560781e-07,0.1838909016278619,0.01572698561345738,2.9775121559548408e-06,0.00015549931111784272,0.004820060763568773,0.00011677177728052075
59,4.21922764272488e-05,9.32539537457887e-07,0.013939224887372093,0.6574355741105214,7.727038527361719e-07,4.401323921455649e-05,0.00032692866380614757,0.0008584449106113426,0.00018224682681264437,0.004515033486027892,5.532463447126687e-07,0.02372152933118466,0.05286703494047142,6.993293715945096e-05,2.4012542709906993e-08,0.027368313244441757,9.843618552796233e-05,0.011937834983190574,6.156051001812635e-07,0.1859440263611465,0.01564477393454968,2.8314992448158055e-06,0.0001575227690279414,0.004728982579841053,0.00011222472604305482
60,4.119662979888704e-05,9.475883223320243e-07,0.012884418720126307,0.66062446388082,7.830151303882443e-07,4.2697539623213174e-05,0.00033110001897489167,0.0008893601969879263,0.00017675704036220296,0.004659321498492006,5.389551537259484e-07,0.02361438057856855,0.05102472241675112,7.839330803913147e-05,2.4598862375601395e-08,0.027267952810728725,0.00010374118248641996,0.012642247366605025,5.848189556813199e-07,0.18558592519257164,0.015611254596699483,2.9738001133390593e-06,0.00015313247124528197,0.004143938728001406,0.00011914304657996907
61,4.262875930397726e-05,9.540147557280034e-07,0.013799323306555988,0.6571082222491628,7.886593883252736e-07,4.45221679757388e-05,0.0003308464627080217,0.0008805357155263915,0.00018380182211604515,0.0045761920505094185,5.627058068285009e-07,0.023668724018853487,0.0527307913211952,7.172743698582513e-05,2.4719031186437085e-08,0.027509036390063458,0.0001014362257911752,0.012193853700773284,6.303825969570746e-07,0.18607023097088088,0.015738201987731973,2.9294478734743073e-06,0.00015774638128397122,0.004672420197492635,0.00011386890563742137
62,4.119662979888704e-05,9.475883223320243e-07,0.012884418720126307,0.66062446388082,7.830151303882443e-07,4.2697539623213174e-05,0.00033110001897489167,0.0008893601969879263,0.00017675704036220296,0.004659321498492006,5.389551537259484e-07,0.02361438057856855,0.05102472241675112,7.839330803913147e-05,2.4598862375601395e-08,0.027267952810728725,0.00010374118248641996,0.012642247366605025,5.848189556813199e-07,0.18558592519257164,0.015611254596699483,2.9738001133390593e-06,0.00015313247124528197,0.004143938728001406,0.00011914304657996907
63,4.1755587240021024e-05,1.0139377849593146e-06,0.012910403529720288,0.6614744407727363,7.939463052133897e-07,4.311089099449163e-05,0.0003281046739974202,0.0008621802966165496,0.00017964693049561998,0.004710443186154546,5.368335573544191e-07,0.023449826869537022,0.05021954426540377,7.798909332467515e-05,2.5247867835303003e-08,0.026776613488597004,0.00010357574955863784,0.012288461725052291,6.027269434678067e-07,0.18635933472182092,0.015701133809783177,2.9958736767949906e-06,0.00015653772238633857,0.004190743163431914,0.00012018495701325845
64,3.856580855419655e-05,9.552831231780676e-07,0.012375386643665564,0.6572051080984661,7.512768052390989e-07,4.2492128943527275e-05,0.00032108114481761864,0.000840707243073839,0.0001762011734713751,0.004815418140938684,5.127116064195379e-07,0.024015631606526238,0.051532757425133885,7.800552958148343e-05,2.4744389632616054e-08,0.02670316026185309,0.00010626055763520978,0.012517301985274065,5.879092929103538e-07,0.18750485544581286,0.01734464394028658,3.158870032391883e-06,0.0001560025532655713,0.004099937914071179,0.00012049160337898262
65,2.8342633754759616e-05,1.0377850776371399e-06,0.010947644838286322,0.6765974266933185,6.934325181420865e-07,3.5776932090497346e-05,0.00036811051932205915,0.000979635008956026,0.00010373274400125045,0.007306558900851017,4.263547140733878e-07,0.018344829414966544,0.031356034655362956,9.546157415302733e-05,2.1362189652279996e-08,0.02143697988459907,8.763468703482211e-05,0.010066986954699281,4.650415893727722e-07,0.20380777498419733,0.015373670974106855,2.5462617994449283e-06,0.00019412747474439876,0.002742270945051275,0.00012180994261585359
66,5.3035468119404035e-05,9.86338148406758e-07,0.01679576558290451,0.5384515901861879,1.1749816659772078e-06,5.634312395861731e-05,0.00033061308313055496,0.0007126196158089181,0.0001960044643003602,0.005870353117078535,4.927440165898582e-07,0.01736293734065707,0.07028446830842429,5.506344169343379e-05,2.289669323343671e-08,0.02938286083600324,0.0001235971384572733,0.012668195400392802,6.723536424622255e-07,0.2833631927635548,0.017922870773157615,2.133311450268571e-06,0.00018698940015625322,0.006050851850183673,0.0001271654802138176
67,2.282298949998157e-05,5.975431322402325e-07,0.007248044696787362,0.6422763437405752,5.94566985006237e-07,4.073627552154796e-05,0.00016398065890507166,0.0005467934986414471,0.00010304241974928015,0.003956629771227527,4.0732996077972395e-07,0.014516690820476465,0.0517255546545022,8.448777284975054e-05,1.286324770174694e-08,0.022052644922673198,0.00010926845252399709,0.010224251389694404,3.280234991850994e-07,0.23094625247659475,0.012180321424378054,1.8812576384699385e-06,0.00016338164210835798,0.003545734380176062,8.919642865197701e-05
68,4.263958803324008e-05,1.158614382583056e-06,0.009711793563220942,0.5419607611531053,1.695413500209929e-06,6.503564869015334e-05,0.0004034876243252292,0.0012265215996918317,0.000189967189538291,0.005100858714420092,9.661054879991641e-07,0.0198758810514555,0.06687035092694493,0.00011563293254066079,4.805303192199509e-08,0.04525994667985359,0.00017071298030874428,0.01252619075687698,9.153503347151864e-07,0.27893427592105746,0.012613238464927137,3.882006020021896e-06,0.0001824237734932917,0.0046034886251690695,0.0001381272635900742
69,0.0001650376004190919,1.679031468867945e-06,0.020327796561413713,0.562612569710247,1.1011312708542322e-06,5.6009583617252214e-05,0.0005615121464390753,0.0009748988062660622,0.0004793933545117516,0.010107883193171175,2.5717996086248335e-07,0.03378500965594942,0.07912328910101228,0.00011174832187375888,6.024008432239505e-08,0.03879769495064891,0.00021820815618950516,0.05813836966475145,8.002936392429774e-07,0.17071917626355942,0.021111842312506315,7.007596825318742e-06,6.972185678940737e-05,0.0021384155984935146,0.0004905176888914278
70,2.7418757820621177e-05,1.5012652241920941e-06,0.012410104881467406,0.7184727815909423,6.46656310480046e-07,7.151052697493534e-05,0.00040734080344950903,0.0007893272810719611,0.00020969091550359335,0.0076423575189772264,1.0806898902625076e-06,0.028897170640702942,0.03126236810656404,7.284013777590969e-05,3.046704250174735e-08,0.02365487521280664,7.0947333922028e-05,0.009831501998616897,1.669517907671272e-06,0.1201998279337796,0.03534415089990268,5.447288699599947e-06,0.000342024848200882,0.010196620224626944,8.676450181936891e-05
71,5.865996953937267e-05,6.36531848458851e-07,0.043465931927564296,0.8303270561992279,1.8317313585220237e-07,5.9777567958438906e-05,0.0005610215668472602,0.0017758179957489506,0.0002662371803884153,0.0032972225024585893,1.1335713001211254e-06,0.035825518192998125,0.011805035226516441,5.8876950199045264e-05,3.969318293446506e-08,0.01388346065457817,3.0214285655275312e-05,0.023849643012949236,9.434733542871566e-07,0.013766241690646913,0.017438078179823534,6.241640573291567e-06,6.358903072190674e-05,0.003365337365330038,9.310241745330054e-05
72,7.802340038256688e-06,1.8475527383110982e-06,0.001976530903099861,0.7084736725873784,4.852403959908105e-07,1.3296295242866462e-05,9.224031578298972e-05,0.00019475835562026748,1.7704302637708315e-05,0.009869278068639287,2.1058014022629054e-07,0.004025226843368868,0.004199147371374881,0.00013217581020714486,5.452220881558654e-09,0.004183229420660533,8.046762344796014e-05,0.0026576439951013302,1.1276665890446335e-07,0.2567721253639149,0.005071722489805208,1.5325602170118222e-06,0.000963534185342992,0.0011702918850198826,9.495769094550661e-05
