,0,1,2,3,4,5,6,7,8,9,10,11,12,13,14,15,16,17,18,19,20,21,22,23,24
0,6.9230920180150606e-06,5.47681765259115e-06,0.0188417449044545,0.010659955206692839,3.157436031576903e-06,6.018903486793108e-05,0.00023998338548957492,0.015628982348339246,2.2082202156127673e-05,0.014881510255163408,2.1288535113213013e-06,1.4938383657530796e-06,0.006210732417782498,0.001081902542147169,1.0617908517458637e-07,0.017742735175431977,3.963669193465494e-05,0.4863261833743436,3.566475763600203e-06,0.4278467313885171,0.00010220387652120722,2.4335459024038196e-07,0.0002847922023426605,7.465316306070922e-06,7.36304912236824e-08
1,6.905251843821047e-06,5.658400555597917e-06,0.020207092553690496,0.011687932534922727,3.132320436651527e-06,4.712286858652207e-05,0.00023172483395239425,0.015669934843663413,1.6233063960560964e-05,0.013644262398932192,1.9879712962626886e-06,1.5827967311048218e-06,0.007134186825208015,0.000856783943394952,9.69084155566678e-08,0.02137217529661097,4.292118606915601e-05,0.44935477516192046,3.2785131268301465e-06,0.4593875703264775,8.688453159227557e-05,2.0835907199156942e-07,0.0002302060893268176,7.278403683150596e-06,6.461653079658849e-08
2,8.020596274616228e-06,6.061185195337906e-06,0.019344618130180766,0.012864442714295397,3.607886369205431e-06,4.9914232532323146e-05,0.000251984783129451,0.016385673543475827,1.6619124541309782e-05,0.012112535906943334,2.347494256382731e-06,1.8210919881035982e-06,0.007527169209147131,0.0008929542373568177,1.0410873883569071e-07,0.019094425220044214,4.5814671667208646e-05,0.4668675216717971,3.19794702356905e-06,0.4441859824057543,8.761470113889273e-05,2.3647722727827649e-07,0.0002402196628717052,7.0482745238504075e-06,6.472352702292485e-08
3,8.32820318945956e-06,6.115952767616945e-06,0.019514439768571847,0.013164799845175264,3.5847984498624597e-06,5.032155310332987e-05,0.0002547172432102305,0.01651337568438498,1.6256423545894454e-05,0.012100999046796115,2.378720350472739e-06,1.803175027588284e-06,0.007600299521837969,0.0008677908993364111,1.0189468351994252e-07,0.01886185334075694,4.681872316351153e-05,0.4815606135169583,3.2717883556429865e-06,0.429082926372284,8.878800752671924e-05,2.3419243416039524e-07,0.00024312959725209343,6.989272082110095e-06,6.245875590507682e-08
4,8.694575300049763e-06,6.309465741933505e-06,0.01968744728016985,0.012973984905589157,3.5656354196568733e-06,4.6281462191672975e-05,0.00025813563213053395,0.016096538712950637,1.6531319332182118e-05,0.011602336544082048,2.4319449746900814e-06,1.8663949198506455e-06,0.00837148201449258,0.0009067048598785508,9.891195846642875e-08,0.01783094340750463,4.5108791832848763e-05,0.47744393025612697,3.218441882112372e-06,0.4343676396366107,8.95263217209971e-05,2.468334204480304e-07,0.00022973690630122466,7.1774098139017225e-06,6.233565435599932e-08
5,1.635502251018914e-05,1.0770285395436284e-05,0.048636128586591484,0.01058555985959932,3.805989341612071e-06,0.00010863275435449011,0.0006737231276349462,0.0680164696577642,2.5025703311470838e-05,0.01996276916667917,6.377176056220366e-06,7.4155316052000935e-06,0.01279578819270417,0.0018408564665004818,2.6487624091461706e-07,0.04170726934294253,8.136511368407999e-05,0.36807325096114735,6.2851274611443765e-06,0.4270528247638916,0.00020877337915795196,9.144693989187349e-07,0.0001729789076367655,6.136130167041944e-06,2.5940822340813333e-07
6,8.32820318945956e-06,6.115952767616945e-06,0.019514439768571847,0.013164799845175264,3.5847984498624597e-06,5.032155310332987e-05,0.0002547172432102305,0.01651337568438498,1.6256423545894454e-05,0.012100999046796115,2.378720350472739e-06,1.803175027588284e-06,0.007600299521837969,0.0008677908993364111,1.0189468351994252e-07,0.01886185334075694,4.681872316351153e-05,0.4815606135169583,3.2717883556429865e-06,0.429082926372284,8.878800752671924e-05,2.3419243416039524e-07,0.00024312959725209343,6.989272082110095e-06,6.245875590507682e-08
7,5.672174621011655e-06,6.175342020819774e-06,0.016958666006450254,0.013473559039208629,3.840132640073517e-06,6.405948014381466e-05,0.00024271208758977088,0.015586078584166684,2.0365908369029595e-05,0.015615512445377207,1.86767535801413e-06,1.7199637067372699e-06,0.004759858702590896,0.001059415817442791,1.1873268602540556e-07,0.022784704511368204,4.917760538883372e-05,0.48371549075302245,3.5461178639742415e-06,0.42520156722515645,9.031549093218284e-05,2.0188812897561054e-07,0.0003476122862999654,7.678602256718051e-06,8.34272103643845e-08
8,9.357272369305441e-06,7.296494793129917e-06,0.028583688147600397,0.014398045673659533,4.22720952648003e-06,5.392133186703134e-05,0.00019223816024099626,0.014019148745268056,1.9350060082906928e-05,0.01623550270850904,2.190270806934737e-06,1.8029910034999364e-06,0.007035858424474669,0.0010837134154640996,1.1230421306893108e-07,0.019652990211760226,5.4479977464525896e-05,0.41528232143731186,2.5137157028839625e-06,0.48296844138166883,8.140051647718971e-05,2.132509905784207e-07,0.0003015756741551924,9.5264075940537e-06,8.421699530964032e-08
9,6.316243369934634e-06,6.6099877550598445e-06,0.025285742252406262,0.012900456966047715,3.28926335640691e-06,4.886472179702272e-05,0.00016710879527802715,0.013318443339511382,1.9342455860208067e-05,0.018415977953078776,1.6475143918632681e-06,1.5409047262260804e-06,0.0062661833461796585,0.001128617170107561,1.0774174326830435e-07,0.02244895945105684,4.518806500626987e-05,0.3697826026791175,2.5202485774962854e-06,0.5297956452037133,7.338095444279137e-05,1.9276878773427557e-07,0.0002721932852453706,8.983731317960407e-06,8.495712543993106e-08
10,8.32820318945956e-06,6.115952767616945e-06,0.019514439768571847,0.013164799845175264,3.5847984498624597e-06,5.032155310332987e-05,0.0002547172432102305,0.01651337568438498,1.6256423545894454e-05,0.012100999046796115,2.378720350472739e-06,1.803175027588284e-06,0.007600299521837969,0.0008677908993364111,1.0189468351994252e-07,0.01886185334075694,4.681872316351153e-05,0.4815606135169583,3.2717883556429865e-06,0.429082926372284,8.878800752671924e-05,2.3419243416039524e-07,0.00024312959725209343,6.989272082110095e-06,6.245875590507682e-08
11,8.591200858310332e-06,6.216407881914537e-06,0.019503484293499785,0.013080018791140884,3.6445029258245564e-06,4.8478311526137744e-05,0.0002622163144745309,0.01625093056515387,1.636999437862877e-05,0.011624525101430718,2.4502443000677563e-06,1.8602744373130976e-06,0.008208415589864192,0.0008650337465399055,1.0316754381780321e-07,0.01851939548679822,4.606435222460322e-05,0.47040145333478506,3.2747038800917026e-06,0.44081862499319796,8.866353042661133e-05,2.450043334926996e-07,0.00023268031077298203,7.197141286055272e-06,6.26363391349192e-08
12,7.23803017023108e-06,4.513169772654407e-06,0.020414293418256638,0.007644815884874437,4.7861345643782115e-06,4.1842673443707806e-05,0.00018365288941476845,0.009400276688678844,1.5000800331167404e-05,0.00933133062340594,2.143143710914401e-06,1.6430998534294163e-06,0.005904410845964838,0.000873909152700073,7.628069134777906e-08,0.01628763253082196,4.583327469050215e-05,0.37382281673211915,1.5651170977761942e-06,0.5556756856728751,7.63818402665907e-05,1.722080756177971e-07,0.0002507005332681735,9.20426215587711e-06,7.499279607083806e-08
13,9.133780552407338e-06,6.135436455143675e-06,0.019914857369880214,0.01249168187931687,3.69902919178116e-06,4.6537333713538125e-05,0.00025986113529176863,0.017381067452880008,1.610154630074163e-05,0.010933770138087223,2.701384761388375e-06,2.0533859176050794e-06,0.008278464197646947,0.0009350580419378095,1.0261837010037725e-07,0.017810947920789872,4.546366853143903e-05,0.48188289216885644,3.140523551984388e-06,0.42965866867166097,9.220157125947217e-05,2.611119754171477e-07,0.00021831350564053114,6.8207034530214785e-06,6.542397734418553e-08
14,7.137747862737939e-06,5.668073283930207e-06,0.024338290071516173,0.010762578023822793,3.1295298971264347e-06,5.2838604975808976e-05,0.0002360450696448408,0.017106889126573946,1.8028372776878936e-05,0.014305086424439336,2.098769972928921e-06,1.816465544388418e-06,0.006625603022905947,0.0010017113850503611,1.0883649191188087e-07,0.02091894220360509,4.3934155616366855e-05,0.3993785864974259,2.6093530353541495e-06,0.5048708092232603,7.659277550374369e-05,2.1086209031322557e-07,0.00023454645116201733,6.6598863761561735e-06,7.906716553917917e-08
15,8.32820318945956e-06,6.115952767616945e-06,0.019514439768571847,0.013164799845175264,3.5847984498624597e-06,5.032155310332987e-05,0.0002547172432102305,0.01651337568438498,1.6256423545894454e-05,0.012100999046796115,2.378720350472739e-06,1.803175027588284e-06,0.007600299521837969,0.0008677908993364111,1.0189468351994252e-07,0.01886185334075694,4.681872316351153e-05,0.4815606135169583,3.2717883556429865e-06,0.429082926372284,8.878800752671924e-05,2.3419243416039524e-07,0.00024312959725209343,6.989272082110095e-06,6.245875590507682e-08
16,8.882259575611559e-06,6.411172498870294e-06,0.017373150077924466,0.013665060687297828,3.6706534371663334e-06,4.7261434995929495e-05,0.0002731157832737302,0.018759780843591756,1.625400114712081e-05,0.010758077515119271,2.722916247535013e-06,2.1296922653974375e-06,0.008119944934227111,0.0009541388902645655,1.0631287526836646e-07,0.01755463891683282,4.539383765600909e-05,0.5130932653963521,3.5214876568243593e-06,0.39898936401912194,9.397719280002986e-05,2.791805790675064e-07,0.00022258235593296548,6.208530946273355e-06,6.190738026190843e-08
17,9.787419536704984e-06,5.845791820688826e-06,0.018019517109166144,0.012082128889755323,4.164593692007666e-06,4.01196828474938e-05,0.00028943860195548485,0.014555218582170175,1.6579889995911283e-05,0.0087424935841377,2.6621987156749584e-06,1.9630031826556615e-06,0.008885299694163615,0.0009006086356331606,8.253659812593095e-08,0.014166442661612808,4.218192604841406e-05,0.5160027315402712,2.8169865358519058e-06,0.40590992887436556,9.323819088670609e-05,2.447571019208921e-07,0.00021918542900486364,7.264240286118333e-06,5.5180515634074985e-08
18,7.652217753298824e-06,5.973200870339563e-06,0.019522903620837768,0.011400102508135135,3.4273353204755133e-06,4.8020378852709835e-05,0.00025741738380121235,0.015608094616585256,1.6658753446117544e-05,0.012191384067283111,2.2959261471922972e-06,1.836947316722849e-06,0.007212697335506406,0.000957563966735444,1.0002120648346948e-07,0.019173269294701294,4.565069552248807e-05,0.4767232690178843,3.2533047162674994e-06,0.43646993733370226,9.480185945688786e-05,2.2866471461740294e-07,0.0002462215140976414,7.169806307832478e-06,7.022909874847153e-08
19,7.754559948546395e-06,7.426141618849338e-06,0.01919333872874685,0.01729031787213416,4.0938738229648425e-06,5.7866295151989734e-05,0.00025902514665169916,0.016569476794140902,1.941731508576184e-05,0.01432761320019514,2.2508147710376367e-06,2.0494347121476666e-06,0.007804116668893437,0.0009664662722584554,1.2861933166149234e-07,0.020891669109125162,5.015326557060902e-05,0.42626566270342586,3.3541222809813056e-06,0.47592232165911175,7.663766813814433e-05,2.6081959918178603e-07,0.00027043824773685703,8.088051326803e-06,7.261622085932026e-08
20,8.141733682737601e-06,5.958976767391987e-06,0.020487693367317095,0.012761246730323236,3.583876128406598e-06,4.972614498951787e-05,0.0002463949594321901,0.015634533598331148,1.502312698399591e-05,0.01227257460491027,2.253463699495415e-06,1.7371354548833115e-06,0.007057625474645242,0.0008109466381944518,9.537476168948974e-08,0.01991371101897733,4.948334655701226e-05,0.4859354017283792,3.1129097826861013e-06,0.4243930244496675,8.764158508536645e-05,2.0297461385811415e-07,0.00025267489311347335,7.150012189672686e-06,6.187601217748799e-08
21,8.345503505024153e-06,6.180400138157711e-06,0.019266084206452597,0.013602249762411658,3.6587888871788333e-06,5.341212810113536e-05,0.0002610972168974946,0.016875428442081272,1.680048910801098e-05,0.012378855545572434,2.408485299780423e-06,1.7989370196526556e-06,0.007518287223170574,0.0008683189048900656,1.0673143228937279e-07,0.018988613365025737,4.744144053816864e-05,0.4827399684812736,3.4035914846819093e-06,0.42700836791041824,8.982409275723483e-05,2.4096812665922854e-07,0.000252023062864017,7.020997493782572e-06,6.332505048135772e-08
22,8.856390847089903e-06,5.98661110815759e-06,0.020081777759521524,0.012634487707024716,3.3965376183023085e-06,4.9711531099900975e-05,0.00023491553684413903,0.016894914626224136,1.4641930880827009e-05,0.012092655650874931,2.428760631263964e-06,1.7321392357880443e-06,0.007473398887092004,0.0008257587026038411,9.318959816517886e-08,0.018415495088963313,4.9762150700940905e-05,0.4992319300437333,3.154648145160811e-06,0.4116387438768804,8.859858211999666e-05,2.309224556123836e-07,0.0002408463005590192,6.424575027483838e-06,5.785020999893459e-08
23,8.32820318945956e-06,6.115952767616945e-06,0.019514439768571847,0.013164799845175264,3.5847984498624597e-06,5.032155310332987e-05,0.0002547172432102305,0.01651337568438498,1.6256423545894454e-05,0.012100999046796115,2.378720350472739e-06,1.803175027588284e-06,0.007600299521837969,0.0008677908993364111,1.0189468351994252e-07,0.01886185334075694,4.681872316351153e-05,0.4815606135169583,3.2717883556429865e-06,0.429082926372284,8.878800752671924e-05,2.3419243416039524e-07,0.00024312959725209343,6.989272082110095e-06,6.245875590507682e-08
24,7.939083079424496e-06,7.114557195646968e-06,0.017023792868790716,0.017219893501366657,3.5582667104671218e-06,4.9359545575587514e-05,0.0002519785258916507,0.01656785371892576,1.680062059098059e-05,0.012776893401092747,2.2060827013742054e-06,1.7825538528719977e-06,0.007783808408088603,0.0008970622991594423,1.1055121021796224e-07,0.018853928488279048,4.767347548975997e-05,0.5051899969734027,3.839369851993992e-06,0.4029411738775594,8.435979067678146e-05,2.464361207595754e-07,0.00026163016363490874,6.938879042227502e-06,5.8561710265822396e-08
25,8.095803728413011e-06,1.2414230597926217e-05,0.03917758499900659,0.022869363995045133,3.5342568010834434e-06,0.00011335734776885562,0.00018285364663682508,0.00955970776708541,3.800087494549768e-05,0.053695807319400664,1.481197750073945e-06,1.1658504146254693e-06,0.006320296775510973,0.0015120606691567768,2.5289471310396983e-07,0.027196971024378527,7.477805173199486e-05,0.37207752058201177,6.154447641228523e-06,0.4662589993708447,0.00011439349180570211,2.2668262039397312e-07,0.0007546777316146013,2.0143873843478904e-05,1.5711494569908276e-07
26,8.142169602626432e-06,5.523402371717685e-06,0.02192751284727845,0.011710252203301862,3.766514850979183e-06,4.524921096012212e-05,0.000201656515857212,0.011568804002245608,1.7187217876726728e-05,0.012260497437613883,1.916722283231375e-06,1.3690055654768631e-06,0.0067677982777216835,0.0008334867782029454,8.003531636021153e-08,0.016447603378003335,4.405622433593373e-05,0.4634019216865833,2.4025281497919985e-06,0.45438884924848616,7.958732744702686e-05,1.718004057225849e-07,0.00027348017153852063,8.628057365844969e-06,5.7236635361771654e-08
27,8.14956395521718e-06,6.545113920801044e-06,0.01788136884151059,0.01479066041364749,3.887783620885824e-06,5.941166876701003e-05,0.00026678646096782715,0.018871222919635285,2.0743277304911585e-05,0.013126253625772058,2.526431183275368e-06,1.9767075236472707e-06,0.007820564054641078,0.0009465873176832092,1.2495121319270243e-07,0.01916921559883843,4.3749050967733e-05,0.45467968220575744,3.666962667061124e-06,0.45196121811323064,8.442278300607233e-05,3.005072810762539e-07,0.00024345773554033172,7.408407880048232e-06,6.950348469344706e-08
28,8.32820318945956e-06,6.115952767616945e-06,0.019514439768571847,0.013164799845175264,3.5847984498624597e-06,5.032155310332987e-05,0.0002547172432102305,0.01651337568438498,1.6256423545894454e-05,0.012100999046796115,2.378720350472739e-06,1.803175027588284e-06,0.007600299521837969,0.0008677908993364111,1.0189468351994252e-07,0.01886185334075694,4.681872316351153e-05,0.4815606135169583,3.2717883556429865e-06,0.429082926372284,8.878800752671924e-05,2.3419243416039524e-07,0.00024312959725209343,6.989272082110095e-06,6.245875590507682e-08
29,8.32820318945956e-06,6.115952767616945e-06,0.019514439768571847,0.013164799845175264,3.5847984498624597e-06,5.032155310332987e-05,0.0002547172432102305,0.01651337568438498,1.6256423545894454e-05,0.012100999046796115,2.378720350472739e-06,1.803175027588284e-06,0.007600299521837969,0.0008677908993364111,1.0189468351994252e-07,0.01886185334075694,4.681872316351153e-05,0.4815606135169583,3.2717883556429865e-06,0.429082926372284,8.878800752671924e-05,2.3419243416039524e-07,0.00024312959725209343,6.989272082110095e-06,6.245875590507682e-08
30,8.32820318945956e-06,6.115952767616945e-06,0.019514439768571847,0.013164799845175264,3.5847984498624597e-06,5.032155310332987e-05,0.0002547172432102305,0.01651337568438498,1.6256423545894454e-05,0.012100999046796115,2.378720350472739e-06,1.803175027588284e-06,0.007600299521837969,0.0008677908993364111,1.0189468351994252e-07,0.01886185334075694,4.681872316351153e-05,0.4815606135169583,3.2717883556429865e-06,0.429082926372284,8.878800752671924e-05,2.3419243416039524e-07,0.00024312959725209343,6.989272082110095e-06,6.245875590507682e-08
31,9.7814502614986e-06,5.938639575474381e-06,0.023513162970641682,0.011390828902309625,3.132192510629858e-06,4.589814780560137e-05,0.00024073049575898208,0.01891717443940676,1.398890194887338e-05,0.011944568481274105,2.5224707679862004e-06,1.7912234160439696e-06,0.007821596619906222,0.0008452818425278932,8.187177736060086e-08,0.01807577571498447,4.846934035514585e-05,0.511889064319354,2.955434612145334e-06,0.3949094715241974,9.340098500370917e-05,2.2470279699810802e-07,0.0002181554523015787,5.9462592408539605e-06,5.7617265050618544e-08
32,8.143894202029329e-06,6.167842371055012e-06,0.018637883698051787,0.013498291703942627,3.60439257156199e-06,5.124757530126248e-05,0.0002613776035221788,0.016450531504891532,1.6348753135568467e-05,0.01215060562981249,2.3716962628076543e-06,1.7751984431514348e-06,0.007620120927923052,0.000841755161210212,1.0832768926406466e-07,0.019492999309921457,4.726510842493747e-05,0.4819414386800146,3.5803327318686006e-06,0.42861916922248305,9.053950914203223e-05,2.3979355013062007e-07,0.0002472716039415318,7.0996918065801635e-06,6.283865331603568e-08
33,8.100292432180395e-06,6.0723764767268156e-06,0.020058383108904614,0.012904507254316352,3.5801911088743167e-06,5.181100358651561e-05,0.00024919619210763083,0.01625174249735469,1.6902568009037552e-05,0.012718852402126366,2.303967101219681e-06,1.7534245659488595e-06,0.007319155313634842,0.0008917326668154229,1.0343585113401245e-07,0.019171528380523734,4.661090503408405e-05,0.4729558885594236,3.227822408814688e-06,0.4369902486790084,8.91819184241318e-05,2.2916568776465492e-07,0.0002516491468552942,7.173769075048765e-06,6.495916767374461e-08
34,1.2876071240506987e-05,5.635614958185707e-06,0.021320339499172752,0.012568556564466881,3.657282426168284e-06,4.217919621288926e-05,0.0002660996472618476,0.016632865827164,1.4520404852642933e-05,0.009325853507744184,3.0377321020677448e-06,1.6668745597833435e-06,0.009602837226843942,0.0007463659453928392,8.950710833011684e-08,0.013979767630661364,4.4735680374474924e-05,0.5638246143912378,3.4699898723984044e-06,0.35128047865548606,0.00010462671658460998,2.511482590416044e-07,0.00020897141047158087,6.455871059941462e-06,4.760448569286187e-08
35,1.0398049372141147e-05,4.5563301699420476e-06,0.016847668067199995,0.010671523504098852,2.7821244603930477e-06,5.22124848434394e-05,0.00024501282651965975,0.02326995004871351,1.4426438807149185e-05,0.010570540917560262,2.8469039926055946e-06,1.633880323221409e-06,0.006314544337208132,0.0007033189142670427,7.11599661432845e-08,0.01422587194022264,4.16671343841591e-05,0.6566136402922902,3.836970338943522e-06,0.2601055034755778,9.609631047401414e-05,2.5666215868868804e-07,0.00019718453648168342,4.414363408616899e-06,4.2327160698856203e-08
36,6.0574775801475155e-06,5.937996845971944e-06,0.01638298134263563,0.013930562968627139,2.4377446175793285e-06,4.7923507625032214e-05,0.00021300240626326013,0.019917929122875978,1.481025057140577e-05,0.014848377162914437,1.8989869258915838e-06,1.6590756071858245e-06,0.007288707839522948,0.0008765950590156844,1.0560402994123371e-07,0.02197959128047308,4.359487614776729e-05,0.44608117096380734,3.5994546788522517e-06,0.4580773594336055,6.745670399823475e-05,2.5656244257201493e-07,0.00020300014459276794,4.928567402392481e-06,5.546719322567042e-08
37,1.0284667200710953e-05,5.701845694812277e-06,0.021714492324801157,0.010916188138663727,4.002106562335288e-06,3.719222603057137e-05,0.0002670448422238634,0.013920360355131592,1.6496074536427458e-05,0.009324341304319105,2.524000535150186e-06,1.9071216789091264e-06,0.008740359392288836,0.0009137516573001667,7.298524775365954e-08,0.014347393228798917,4.182047030323403e-05,0.5123494069212793,2.502490384092817e-06,0.40707084176723396,9.247817849293203e-05,2.14687511580836e-07,0.0002127944428557407,7.771930730582507e-06,5.68401945325986e-08
38,7.569990052009601e-06,5.63019792345059e-06,0.01804960856163441,0.012108219764672789,2.9700103572230015e-06,5.182264458880295e-05,0.00026396135946929504,0.01646050971129035,1.3336905617432827e-05,0.011912003845626152,2.25736892993958e-06,1.5770449381003254e-06,0.007568111880023803,0.0006868933306875596,1.006668644078537e-07,0.020736845874486813,4.847126405523112e-05,0.4793565789726662,3.6769703202538397e-06,0.4323910176774078,8.763312167398806e-05,2.1490105265096695e-07,0.00023484981905460073,6.083741174209909e-06,5.4375432582988995e-08
39,8.054006566871636e-06,7.490928896775079e-06,0.020710805659811593,0.01779774354482098,4.16047266396034e-06,4.1891037737933623e-05,0.00019259055559031217,0.009943352881480755,2.2092882677904446e-05,0.014638229009859963,1.7683688258978966e-06,1.5017032427015498e-06,0.007879364762330062,0.001155722836277265,1.0842170290437297e-07,0.01565571880372918,4.3595731841223756e-05,0.45343380989587334,2.8777740379232625e-06,0.45805776279417365,7.737109446264051e-05,2.0223880170085643e-07,0.0003129124217918023,1.0805452696567931e-05,6.67201060720791e-08
40,1.1408568822530144e-05,6.650862716817587e-06,0.026025712978564666,0.011942776659874138,4.125055326320293e-06,5.136199845167711e-05,0.00027109004599354847,0.01690474322451319,1.7033549336684534e-05,0.011487380407433795,3.0930628205577317e-06,2.318381669853777e-06,0.008974287597615496,0.0010066423738996943,1.074159474984358e-07,0.01720697896010526,5.217259537101673e-05,0.45309456776959545,2.7283788262964967e-06,0.452596145429157,9.579617877841627e-05,2.6931189549106927e-07,0.00023478193057672022,7.750687179243176e-06,7.657552877904031e-08
41,9.893859011325294e-06,7.5739290667569804e-06,0.021823755963188144,0.022299660269917226,5.013685769189314e-06,6.852697582165841e-05,0.0002303482771410655,0.018891950871911773,1.896092983878914e-05,0.014960590347615385,2.6268618437968754e-06,2.0397875817851437e-06,0.007630147603487888,0.0008363748140208043,1.5701659869194908e-07,0.02181007911774043,5.759015270857718e-05,0.4303339719576102,3.3950842185463134e-06,0.46064291691512504,7.162392362398571e-05,2.714200470648457e-07,0.0002842505598054119,8.210091273116871e-06,6.958503354165e-08
42,8.035037822440751e-06,6.421089530572505e-06,0.01816589538397087,0.014550579204943223,3.4701574827734617e-06,5.774882289876246e-05,0.00025785306766153507,0.019324772799866965,1.5754611181818543e-05,0.013150626507661032,2.5456624599246147e-06,1.895444107180047e-06,0.008264622539495397,0.0007774026898980909,1.2635699532618567e-07,0.02232642538838247,4.9989040883374396e-05,0.4389816702098177,3.9688358168744365e-06,0.4637339659063376,8.344950399454237e-05,2.9101311534861497e-07,0.00022567788953980656,6.7477941348689085e-06,6.50420014244416e-08
43,7.243914290403631e-06,6.045655292773576e-06,0.01920267838118995,0.013253907321096213,3.3286895001893695e-06,6.85079704717236e-05,0.00023716636607935704,0.01843159003065277,1.82578969807623e-05,0.016479511950398602,2.1972090056867704e-06,1.5335782027925145e-06,0.006692182320801724,0.0008521128037968222,1.2364868189031758e-07,0.022454391124967353,4.893177517282363e-05,0.4488400116175507,3.971748922871272e-06,0.45301621947127296,9.326702746621909e-05,2.5839662303277183e-07,0.0002795221645254134,6.970464420120331e-06,6.847263682472601e-08
44,8.32820318945956e-06,6.115952767616945e-06,0.019514439768571847,0.013164799845175264,3.5847984498624597e-06,5.032155310332987e-05,0.0002547172432102305,0.01651337568438498,1.6256423545894454e-05,0.012100999046796115,2.378720350472739e-06,1.803175027588284e-06,0.007600299521837969,0.0008677908993364111,1.0189468351994252e-07,0.01886185334075694,4.681872316351153e-05,0.4815606135169583,3.2717883556429865e-06,0.429082926372284,8.878800752671924e-05,2.3419243416039524e-07,0.00024312959725209343,6.989272082110095e-06,6.245875590507682e-08
45,8.298336345707165e-06,6.290504853635789e-06,0.017731021589102156,0.015409095097318045,3.822848764823421e-06,5.4598060421527687e-05,0.0002941606492202213,0.018698904848404994,1.6795694919722326e-05,0.011678118061301557,2.5220461555459856e-06,1.939965469561346e-06,0.008222988297021236,0.0007945055666899815,1.2119020978521837e-07,0.02007726395139884,4.638763796923e-05,0.4668272172852281,3.7455268202541487e-06,0.43980020261300584,8.399527697403007e-05,2.6303420773885806e-07,0.0002309672418938867,6.714083407233158e-06,6.05928966183692e-08
46,1.221528095522738e-05,8.155048465810601e-06,0.019431439589052052,0.018911179386618727,4.446743677099215e-06,6.094633375394262e-05,0.00028753836859487267,0.020569752875796828,1.200768356630674e-05,0.01092125622900457,3.4941789930404385e-06,2.6473464310544867e-06,0.009615960830949384,0.0006736285110666287,1.29947492193112e-07,0.02095365591220663,7.65542971731659e-05,0.4790379769959407,3.667725259202728e-06,0.4190840982757176,7.655779765182506e-05,3.2056677003817953e-07,0.00024601678414278304,6.292444678673913e-06,6.084604178356487e-08
47,8.321672775556193e-06,6.111414338690174e-06,0.019515878308615627,0.013166764940734745,3.584417869044718e-06,5.033102095365871e-05,0.00025453786508575004,0.0164988299401237,1.6262327662042838e-05,0.012109878598115355,2.3758626208445456e-06,1.7999139874743109e-06,0.007588386684061093,0.0008680903499754245,1.0190444548733805e-07,0.018859338478231086,4.680889096003347e-05,0.48178865772537477,3.272439868038764e-06,0.42887108947303126,8.883602311017613e-05,2.3383220757861248e-07,0.00024345596692866884,6.989500344781143e-06,6.244857908761129e-08
48,9.634415498660996e-06,8.40721810347066e-06,0.017055365977864605,0.020131174305106567,3.384290248229021e-06,6.350848208095369e-05,0.00029637520490565265,0.022521772880339606,1.54325877354583e-05,0.014517494679856467,2.6190040266394233e-06,1.961528889353895e-06,0.00838207056933386,0.0008327307419287845,1.2793361252965876e-07,0.02014449238363558,6.319490944217165e-05,0.5418470892736076,5.142776516498332e-06,0.35371151478072826,9.253021801262482e-05,3.2090964874265316e-07,0.00028808075481084346,5.517542263364151e-06,5.6631803439015007e-08
49,8.790143326900401e-06,6.004388379080313e-06,0.021546131707371657,0.011999156704853868,3.6219558304145742e-06,5.1682513696533835e-05,0.00023946408476410965,0.01638162257773574,1.566858132754902e-05,0.011665761465999253,2.539163745449082e-06,1.949282507449548e-06,0.007730614325829756,0.0008653066446937422,9.563887739804911e-08,0.018328650880391272,4.7742745207070915e-05,0.4463947044487236,2.6178653148979313e-06,0.46438932212133466,8.10068588377448e-05,2.327756439261021e-07,0.00023022548100829003,7.023266740461728e-06,6.437785920206044e-08
50,8.609336047171157e-06,5.774290632577363e-06,0.02015348343522545,0.012589251877834572,3.7332238453919735e-06,4.757863194285808e-05,0.0002202116239134163,0.014081661300087884,1.4296474105238516e-05,0.010907213538157455,2.4113335377158785e-06,1.739143509383864e-06,0.00697837423463072,0.0008007721120087723,9.720186356873092e-08,0.018196903394977725,4.948391349294704e-05,0.4820108486501496,2.7843089594416563e-06,0.433583757077715,8.249831336019902e-05,2.0012532219830053e-07,0.0002509866836436426,7.268847405607658e-06,6.092763135245615e-08
51,4.478621031026477e-06,1.2382814027004754e-06,0.02475086041309604,0.0016221526811901201,3.353580682859448e-06,3.7965063884561236e-05,0.000271388902448576,0.005525725498368292,1.0033119660960345e-05,0.006788073388065651,1.6692154841912125e-06,6.695231662572161e-07,0.003525773254797578,0.00044841045458477504,2.984611097388826e-08,0.015677093457602993,3.765884942732239e-05,0.41761920248043477,1.3222633749830048e-06,0.5232745551263098,0.00014594468856907755,5.646049569683535e-08,0.000243410355113365,8.880083406597824e-06,5.439129083208664e-08
52,1.0257604836177938e-05,8.150604339273786e-06,0.0253054480167024,0.012999002465581623,5.731840252071301e-06,4.589939089019239e-05,0.0003888135629099543,0.01594754324882486,1.722763117858813e-05,0.009471401820477614,3.2784816488976008e-06,2.9092196356497317e-06,0.009493720528741057,0.0010635189564826314,1.0678303334629843e-07,0.019063369436144475,6.059645266994085e-05,0.43091057989896014,2.9237713004569513e-06,0.4748008213288903,0.00011828374841826412,2.463212101735255e-07,0.00026996508647915467,1.0109039064331001e-05,9.476132838417241e-08
53,7.209776162976258e-06,5.562789516368615e-06,0.017346707567075296,0.011631709155832169,3.5582758360205265e-06,4.966306534891924e-05,0.0003354673976664605,0.01686274211442928,1.6697247914884815e-05,0.010093334763109791,2.3191474156159985e-06,1.93764285608149e-06,0.007211340609822631,0.0008657500003140384,9.614336705075649e-08,0.01821018488005349,4.177552584482162e-05,0.483796919405627,3.0959961292739083e-06,0.4331818636417688,8.939764873017585e-05,2.1346131253746035e-07,0.00023612014279474725,6.271559670656378e-06,6.204140073585704e-08
54,5.830154355535681e-06,6.659504477314939e-06,0.02171090599997097,0.011453249670480758,3.3853564017073826e-06,4.852317679471054e-05,0.0002332954267428965,0.01644540463127428,1.9419765268387957e-05,0.015741106730816194,1.9114467802504637e-06,2.120809350176312e-06,0.0066323060075082286,0.0011768457790276856,1.2252169208366553e-07,0.025253759893747094,4.3438405347069684e-05,0.3659477484397564,2.9596815262523865e-06,0.5349471326642189,8.159223553637994e-05,2.2932444176959831e-07,0.00023392447959470804,8.028769148004254e-06,9.912574230407341e-08
55,8.356745293409716e-06,5.914227031443567e-06,0.017461695686744497,0.012807033304324268,4.221558451426234e-06,3.9833898774313555e-05,0.000313025310076705,0.014678169844933623,1.677579197237972e-05,0.008557060732531836,2.5151923561966987e-06,2.2764201793833463e-06,0.008525143571854408,0.0008458808786582779,8.692862089482987e-08,0.01668817041201809,3.950810852122617e-05,0.4880565024931757,2.7628605872408853e-06,0.4316535475230363,8.07711263560895e-05,2.1739135553204025e-07,0.00020249997078899487,7.970267480418846e-06,5.975487737478923e-08
56,8.575330923213982e-06,6.192676428359006e-06,0.019485815083857275,0.013126401968297305,3.6077212679163918e-06,4.9654522351155754e-05,0.0002608047497055835,0.016541847472599062,1.63511249866051e-05,0.011820438093225904,2.445840982790398e-06,1.8463625106855956e-06,0.007939746782553981,0.0008691611315954644,1.0225116649398396e-07,0.018513610731314783,4.6589542297892455e-05,0.48059011395827117,3.300670166955793e-06,0.4303785449141808,8.943956678430744e-05,2.42498549545889e-07,0.00023805809638091058,7.046537377734454e-06,6.23722241310837e-08
57,1.0417074996396162e-05,5.601534781784964e-06,0.025358770149047766,0.01407790288929239,4.532758182926101e-06,8.594868293129987e-05,0.00020391975542290492,0.017783735762979168,2.046666938284609e-05,0.014474203247407766,2.5808213818292667e-06,1.768483533983207e-06,0.004515680806230534,0.001100297468668937,8.992909574651282e-08,0.013609982852544451,5.829072008712857e-05,0.530367156272367,1.7661017500306608e-06,0.37784615560297846,7.251479750570689e-05,1.9652555083484563e-07,0.00039209553097946127,5.861225298386221e-06,6.433760219246434e-08
58,8.129593575712767e-06,6.209793948888361e-06,0.019006518845574513,0.0129800974054248,3.845393266732604e-06,4.812853144497287e-05,0.00025938850518445464,0.014779151866040554,1.71191240285156e-05,0.01152366778828663,2.3495495463868667e-06,1.8271923641172297e-06,0.007987887390250194,0.00086295809991337,1.0542584608486986e-07,0.01882695392150599,4.504869428626119e-05,0.45585231865782994,3.235011251222509e-06,0.45744778190445223,8.784275038438015e-05,2.350436556499206e-07,0.0002411155349198869,8.018447597901802e-06,6.552942071063472e-08
59,8.03832840571386e-06,6.0905788787375425e-06,0.020376611833327514,0.01239995863580203,3.711916133049586e-06,4.828754672901932e-05,0.0002440451564962918,0.014715249496998137,1.6852108369731826e-05,0.01219897935289986,2.2699553828542107e-06,1.7633877736235051e-06,0.007664278193928405,0.0008838876489532971,1.0075896128632777e-07,0.019135845963962617,4.558479378205583e-05,0.45113211617779053,3.047829810155976e-06,0.4607726988909466,8.820357494974497e-05,2.232914125583907e-07,0.0002441300915404511,7.957916758912841e-06,6.657000663159516e-08
60,8.32820318945956e-06,6.115952767616945e-06,0.019514439768571847,0.013164799845175264,3.5847984498624597e-06,5.032155310332987e-05,0.0002547172432102305,0.01651337568438498,1.6256423545894454e-05,0.012100999046796115,2.378720350472739e-06,1.803175027588284e-06,0.007600299521837969,0.0008677908993364111,1.0189468351994252e-07,0.01886185334075694,4.681872316351153e-05,0.4815606135169583,3.2717883556429865e-06,0.429082926372284,8.878800752671924e-05,2.3419243416039524e-07,0.00024312959725209343,6.989272082110095e-06,6.245875590507682e-08
61,8.454637106210391e-06,6.070680758083537e-06,0.021287852615895202,0.012188532072251557,3.802121206342193e-06,4.877291543711571e-05,0.00024685095372889405,0.015116378926053286,1.73792782586457e-05,0.012243433065410373,2.340119378278164e-06,1.8050712394170875e-06,0.007616432792623956,0.0009106943811242891,9.841148828468933e-08,0.018677008820114062,4.5663881450569564e-05,0.46144575667542653,2.9920355956007674e-06,0.44978551482023166,9.058384641227498e-05,2.2522812798408007e-07,0.00024527029647482745,8.018580399426392e-06,6.77738071676891e-08
62,8.32820318945956e-06,6.115952767616945e-06,0.019514439768571847,0.013164799845175264,3.5847984498624597e-06,5.032155310332987e-05,0.0002547172432102305,0.01651337568438498,1.6256423545894454e-05,0.012100999046796115,2.378720350472739e-06,1.803175027588284e-06,0.007600299521837969,0.0008677908993364111,1.0189468351994252e-07,0.01886185334075694,4.681872316351153e-05,0.4815606135169583,3.2717883556429865e-06,0.429082926372284,8.878800752671924e-05,2.3419243416039524e-07,0.00024312959725209343,6.989272082110095e-06,6.245875590507682e-08
63,8.332581667938558e-06,6.470309601761313e-06,0.019334742181431008,0.01366974579809551,3.6266415779235506e-06,5.145235760490163e-05,0.00025827026166898667,0.0167602471419861,1.661543191298224e-05,0.01245895975860523,2.397840783472102e-06,1.8654058200041976e-06,0.007698638048243818,0.0008811252040689878,1.0706173974488076e-07,0.019466385646518945,4.8056922339764774e-05,0.47879153665398727,3.4520256861645107e-06,0.43019213045000504,8.966652271976258e-05,2.4368272669645543e-07,0.000248678831810497,7.1882706534392506e-06,6.496874395429432e-08
64,8.485057375435006e-06,5.813779652041832e-06,0.01975152037606817,0.011658503485400054,3.593216669527896e-06,4.714653969592564e-05,0.0002639943578604064,0.015497356766210887,1.5785353342509015e-05,0.01135207245440074,2.4005958662406107e-06,1.7412594827453985e-06,0.0076528982556217165,0.000859603424580056,9.546951119090006e-08,0.018282352254157194,4.619592728452807e-05,0.49282935847612797,3.284640331097741e-06,0.42137032457478474,9.815446069644828e-05,2.2501250364137494e-07,0.00024186471531758482,7.166969206122401e-06,6.25778529061427e-08
65,6.034776962651499e-06,6.111275554782482e-06,0.02825255830940682,0.007775155363088377,3.0660764524446337e-06,2.8223306050363706e-05,0.00017102268089993662,0.011880791389617324,2.6051289654100505e-05,0.015073708862293448,1.481964008155253e-06,1.8135954305477254e-06,0.007967893364387874,0.0017178985082793763,6.630540848273465e-08,0.01639766043813439,2.7183867673309382e-05,0.32106098386663223,1.6060420417634724e-06,0.5893388261044739,7.526391726987883e-05,2.0666787808365434e-07,0.00017602736738069587,1.0271029851931996e-05,9.363116905635021e-08
66,5.6220488256271645e-06,1.787034405839463e-05,0.007924882020633482,0.051986799866515644,7.858779637105773e-06,0.00034328475388425023,0.00037242269677080465,0.016330083257485747,5.462685306157219e-05,0.03352077687705941,2.5963875901231305e-06,2.068618278871935e-06,0.0018673861445836636,0.0015415822356692507,6.276995224815283e-07,0.025200659340533116,0.00013416215956205338,0.6771750584895249,2.2188184609827904e-05,0.18091804505964829,0.00017404099069381627,3.9814903456392594e-07,0.0023830697501549866,1.3688420791613688e-05,2.0087187046625882e-07
67,5.873246430979284e-06,4.145579768844711e-06,0.019785302102572584,0.008546964331085474,2.4739427765872046e-06,3.050730974809661e-05,0.00014827288131739858,0.007906161053614958,8.914134625647388e-06,0.009634837319656326,1.4330499094256453e-06,8.671233832539025e-07,0.0065481151494217625,0.0005903091364551508,6.325969054768323e-08,0.016936937003054518,4.2080817649548136e-05,0.39648403682582134,1.844028947655775e-06,0.5330171459964181,6.895739106361512e-05,1.0896839189741383e-07,0.0002283065166653576,6.301999858256669e-06,4.083167254857085e-08
68,1.8394788802550903e-05,3.842420796105649e-06,0.003428439971550917,0.012633879086492349,1.2446103260566412e-06,4.383782254847999e-05,0.0002575953406065164,0.06631388944714994,2.3630528804351315e-06,0.002912345535301812,6.1552602810808345e-06,1.1472756472385144e-06,0.004914839746781817,0.00011596792168325638,6.686085749881056e-08,0.007568154317906849,4.87124133910073e-05,0.8703870359434216,1.9941099420931012e-05,0.03108810908270648,0.0001487415906069543,5.444121708067253e-07,8.418253592100518e-05,5.603036234323822e-07,9.159124967215752e-09
69,3.5228710816775065e-05,2.34596974172133e-05,0.014379749610553454,0.12381961632394116,1.4801879015974664e-05,0.00019054896376735118,0.0006135658741259506,0.03229510701099271,2.3126385267090818e-05,0.013376838076546238,7.540101459801378e-06,4.90376326397767e-06,0.01247245336319497,0.0005193808505942756,4.4310036466466113e-07,0.018492920062456158,0.00017034940230288798,0.6052416431606361,1.399621283881156e-05,0.17763036841274293,9.750702259137735e-05,8.679985252870527e-07,0.0005640593260559858,1.145671138425588e-05,6.797914466816477e-08
70,9.483558377458537e-06,6.7659116270020894e-06,0.02099155744851444,0.016437701260446375,4.327118373735521e-06,4.967890683498189e-05,0.00027095397688197033,0.016042652727646385,1.825801688784924e-05,0.011289959499658456,2.494695409719942e-06,1.954809541382868e-06,0.008695958567710544,0.0009421360568763024,1.1042619957864821e-07,0.016623079967142577,4.603790391710017e-05,0.45178521057880866,2.796186285053961e-06,0.4564436269170391,7.984900707907527e-05,2.4450052563500927e-07,0.00024757771436736915,7.522374130953332e-06,6.186971853368521e-08
71,6.269270234232162e-05,1.5811843886887153e-05,0.03080451816501357,0.06363429393098337,4.766990672236821e-06,0.0002358354218886279,0.00024970469238899386,0.05273796614229831,1.011917426832087e-05,0.01924734248938603,1.165570871660019e-05,3.607410429894455e-06,0.01086541018595129,0.00044099627144483306,3.2271540142607606e-07,0.015219571387049855,0.00022560047781791738,0.6726645220370352,1.0143712207129017e-05,0.1330643483419527,9.251286388985841e-05,8.881444279957588e-07,0.00039308914986137684,4.228346517281796e-06,5.169416787567208e-08
72,1.6349503778938723e-05,6.292852696696639e-06,0.025754311873675703,0.012715507184521472,8.254505991415631e-06,3.283995216845933e-05,0.00011311253801775212,0.008897769412228564,2.3731379301365748e-05,0.009354197554939943,3.2073206811661346e-06,1.5515168703028715e-06,0.004709071758212925,0.0016485820642655072,5.664745273708808e-08,0.007195448994653924,5.186442285333153e-05,0.7014191046465533,1.951066024821254e-06,0.2274789715441901,0.00014399260730437328,1.9392578777522166e-07,0.00040963935952203026,1.3924272634345317e-05,7.30956729497744e-08
