,0,1,2,3,4,5,6,7,8,9,10,11,12,13,14,15,16,17,18,19,20,21,22,23,24
0,8.850453332108074e-05,1.1295631585111614e-06,0.02330007072500839,0.7391605901626401,6.330142976920547e-07,3.226375605399557e-05,0.0006275162886225381,0.001392948893002087,0.0003252421644407781,0.004734850320235945,5.772334945385648e-07,0.04337737694648846,0.036263179351572646,8.264709874925707e-05,5.187232202823922e-08,0.02240557938858612,0.00011972367982153589,0.03080030205938196,6.460303031091225e-07,0.07560302238622757,0.018918729845549827,8.721550784685669e-06,9.121125642513566e-05,0.0024263357189325107,0.00023814616057945024
1,0.00011312355270649505,1.2987950426886987e-06,0.03276894921057643,0.5876567476846574,1.2571278997616492e-06,6.0622452426730747e-05,0.0007316118297821477,0.0021121963180844054,0.0007242950514570844,0.004343116656125775,7.827659314714577e-07,0.048035905929778154,0.0768373995129362,6.487372183600475e-05,1.163875302445287e-07,0.057761373610152926,0.00017609885557928124,0.028854408209983688,1.4286036386502905e-06,0.12841645663027174,0.027125095766313854,1.1056831244291573e-05,8.19912931892138e-05,0.0038861305354516602,0.00023366266740371542
2,0.0001118416233371653,1.3623780142260311e-06,0.026403238323222628,0.5923778464994247,1.466604717841489e-06,5.34522070879174e-05,0.0007100706802718645,0.002082290579282963,0.0006154572241998179,0.004040250480342168,8.706565379972876e-07,0.0470415591767814,0.07615913651220675,8.448874255568742e-05,1.105963120795978e-07,0.047287348417266166,0.00021157254837284758,0.03018943370285874,1.2392409170384206e-06,0.1443167389865341,0.02447241244083026,1.113116009805622e-05,9.452631552980471e-05,0.003471357063664798,0.0002607978396330033
3,0.00010084837041604405,1.2540184139089065e-06,0.02684618508119675,0.6213363712064411,1.2063372767188802e-06,5.169981603846511e-05,0.0006866275546246189,0.0020368657533711763,0.000596429707299067,0.003916538512480472,8.450897847033162e-07,0.047826823173837206,0.06908567243138532,7.611500383437893e-05,1.0170979571696785e-07,0.045669806515024634,0.00018830835258202018,0.02874963089518325,1.212888020694899e-06,0.12383574518583058,0.025152360137445564,1.1299941239388852e-05,9.015235484554901e-05,0.003505125523693915,0.0002327744399386172
4,0.00010353308331623133,1.2339987015563084e-06,0.026050806510782884,0.6078264648896344,1.227376196409604e-06,5.0921244221813605e-05,0.0006713662923630878,0.0019277438934804099,0.000615227009969819,0.0036405764072926705,8.45378286884698e-07,0.05126930793300439,0.07923172514552829,7.726100557297694e-05,1.0194101859750967e-07,0.044812243408940154,0.00020378602014720537,0.02917890295695045,1.2243028277467723e-06,0.12476067083037848,0.02567131253772285,1.1745034513805749e-05,8.82269561409793e-05,0.0035620214682237457,0.00024152437478425475
5,0.00014464316860630567,2.6750031279209283e-06,0.21766426560924385,0.10751780740049179,1.3082977281973841e-05,0.00019444196989778004,0.0063042980453136225,0.027963010659397495,0.0017733239725557632,0.005650853234529658,3.6414554392868676e-06,0.046821578705531254,0.09882922809867385,3.699735041032539e-05,1.1988399136995055e-06,0.2773952542902324,9.660592059063163e-05,0.003276506828686662,2.1040062071685176e-05,0.16607384666284383,0.034970516363807,8.682805822836263e-06,0.00015160013428312035,0.004921071721511483,0.00016382871973570322
6,0.00010084837041604405,1.2540184139089065e-06,0.02684618508119675,0.6213363712064411,1.2063372767188802e-06,5.169981603846511e-05,0.0006866275546246189,0.0020368657533711763,0.000596429707299067,0.003916538512480472,8.450897847033162e-07,0.047826823173837206,0.06908567243138532,7.611500383437893e-05,1.0170979571696785e-07,0.045669806515024634,0.00018830835258202018,0.02874963089518325,1.212888020694899e-06,0.12383574518583058,0.025152360137445564,1.1299941239388852e-05,9.015235484554901e-05,0.003505125523693915,0.0002327744399386172
7,5.793949294134279e-06,5.440503794068886e-07,0.0019442139007447004,0.7982178029222396,3.1119289900507675e-07,1.7764135545705917e-05,0.00017522159130096857,0.0010465213888113162,0.00025374124272336277,0.0017911558601703683,4.6077758543927124e-07,0.02804507374034484,0.012605675074558098,0.00010503296939591108,1.0432120601830584e-07,0.03934048936814114,0.00015702433745183828,0.014910741133565799,2.452883285777485e-07,0.07006672964566865,0.030545293367956913,3.0045971149088364e-05,4.846136743929736e-05,0.0005847689752343736,0.00010678342786537762
8,0.00010085460325036961,1.3806242223748508e-06,0.030724866643351948,0.6678266468068242,1.066871141829447e-06,4.969319062644208e-05,0.0006345341440376327,0.001785933960359221,0.0004545159626771269,0.004273294966625975,7.58521303157412e-07,0.03961987706894488,0.05455971920047238,7.026645026546472e-05,6.867726232913441e-08,0.03493397852371131,0.00013938733817353286,0.021111426131431608,1.0698312448570143e-06,0.12091023749185913,0.01875774274904125,7.125439013783914e-06,0.00011131047618889309,0.003724906969112403,0.00019933735885781608
9,7.273786177819144e-05,1.2159404766950436e-06,0.025759670780690105,0.6917675329809609,7.705185154103879e-07,4.370145669202434e-05,0.0005572122317509575,0.0014572764591057148,0.00045554302077645075,0.0042427474607791985,5.908497540904752e-07,0.040130347727234124,0.0472589664610872,5.9487456412414584e-05,6.774373464077902e-08,0.03567824115842444,0.00012125667636676443,0.020267634712298886,8.940598957229629e-07,0.10633419026916734,0.02230349448966095,8.037603565635401e-06,9.064631276432834e-05,0.00320525842320107,0.0001824773449066629
10,0.00010084837041604405,1.2540184139089065e-06,0.02684618508119675,0.6213363712064411,1.2063372767188802e-06,5.169981603846511e-05,0.0006866275546246189,0.0020368657533711763,0.000596429707299067,0.003916538512480472,8.450897847033162e-07,0.047826823173837206,0.06908567243138532,7.611500383437893e-05,1.0170979571696785e-07,0.045669806515024634,0.00018830835258202018,0.02874963089518325,1.212888020694899e-06,0.12383574518583058,0.025152360137445564,1.1299941239388852e-05,9.015235484554901e-05,0.003505125523693915,0.0002327744399386172
11,0.00010378144566058213,1.2503132023469482e-06,0.02676962317836119,0.6098261784011882,1.2457586683539192e-06,5.186852856671337e-05,0.0006815139716140031,0.001984321180622202,0.0006087917589627306,0.003789033815995224,8.496554900993188e-07,0.049148238461951266,0.07603720873317223,7.56411639356371e-05,1.0132000103469201e-07,0.045709183303646476,0.00019756527799093463,0.028774524492956123,1.2372136256946576e-06,0.12698906804659182,0.025286549819075195,1.1331397274427538e-05,9.007179345023147e-05,0.0036254950776729686,0.0002353258903242313
12,0.00011086638886360877,1.2134819488090948e-06,0.012770248967420897,0.5550255461011292,1.5054422108684763e-06,4.695465851936658e-05,0.00043876604662806355,0.001122460324142611,0.00042169770206481726,0.004995597200553582,4.483606024800592e-07,0.03176230004812172,0.08953689781148091,0.0001543831730840849,6.906619713230662e-08,0.03197478137118075,0.000419633292268601,0.0600440964509195,5.747919968995547e-07,0.18358433777146527,0.025346609196858876,1.0410616283748248e-05,7.583756360442951e-05,0.001704211408292772,0.0004505527641611255
13,7.797345411693825e-05,1.1193750755834413e-06,0.022906248026642238,0.6387141223226114,1.18505700704847e-06,4.496135045811644e-05,0.0006984720939092045,0.002392898908847378,0.0005324347518316201,0.0029861276933237048,1.1784828380349952e-06,0.057181397163794015,0.066923596097755,9.249679097956138e-05,1.0517579298336391e-07,0.04153140406696691,0.0001891244280545032,0.024562446917070567,1.1789137760357463e-06,0.11262769569726996,0.024848473047144985,1.317533451352739e-05,0.00010211156841162853,0.00336327200585764,0.00020680127595147814
14,0.00010213744714807149,1.5736747552624878e-06,0.02230054160081603,0.6200877147065046,1.603570922588957e-06,5.824760434363445e-05,0.0007942528213415672,0.0021563750988476144,0.0005591754615887057,0.004653929585094762,1.0712152941053156e-06,0.04378605612800018,0.06338259074862942,9.928452911403795e-05,1.1525505782653204e-07,0.04836392708133033,0.0001978696377431512,0.029503062279271693,1.382453849093318e-06,0.13674633709168021,0.023057093563813382,1.1595728943798873e-05,0.00010696461862165912,0.003781815579919642,0.00024528251736877276
15,0.00010084837041604405,1.2540184139089065e-06,0.02684618508119675,0.6213363712064411,1.2063372767188802e-06,5.169981603846511e-05,0.0006866275546246189,0.0020368657533711763,0.000596429707299067,0.003916538512480472,8.450897847033162e-07,0.047826823173837206,0.06908567243138532,7.611500383437893e-05,1.0170979571696785e-07,0.045669806515024634,0.00018830835258202018,0.02874963089518325,1.212888020694899e-06,0.12383574518583058,0.025152360137445564,1.1299941239388852e-05,9.015235484554901e-05,0.003505125523693915,0.0002327744399386172
16,0.00012431374235390442,1.2543069373013587e-06,0.0340715801597188,0.6246426314173121,1.376856027957915e-06,5.945683920111123e-05,0.0006888171247660471,0.0020569199562742767,0.0006336728095800416,0.0036044437898648794,9.499633296843962e-07,0.041431329337588495,0.0719434165569188,7.07469971368946e-05,9.277121158183907e-08,0.044408389564214695,0.00017657072963456032,0.028344380894330962,1.2038294168234331e-06,0.12363226868036947,0.01976680336595192,8.497317820122859e-06,9.160587667604403e-05,0.004016694717170946,0.00022258239619241208
17,0.00011218614795412805,1.3452335919256516e-06,0.031644170119587825,0.6247241689535359,1.2136618709337374e-06,5.755247979252032e-05,0.0007339512244571631,0.0020874623787859974,0.0006564758179088366,0.0042269923872943925,8.442801499818059e-07,0.046389983996254054,0.06493466244817588,7.048633700594723e-05,1.0747934628994272e-07,0.0481660469388982,0.00016666263547290887,0.029034625463464733,1.3227340383815632e-06,0.11780373695220142,0.025093797143224395,1.0545461053860666e-05,8.684076639150831e-05,0.0037622583950981557,0.00023256056444471976
18,9.972632850675167e-05,1.2553283585432448e-06,0.02790846878900232,0.6265169341516182,1.1923018816386088e-06,5.276553320457618e-05,0.0006907336225315772,0.002086768884587669,0.0006049899832900429,0.0038422015021180515,8.700745272966553e-07,0.04744269752142839,0.06720281853889738,7.301536354554148e-05,1.0232325862436189e-07,0.04664149727560774,0.00017798106820518812,0.027228073593783656,1.2479592452729185e-06,0.12081153006591465,0.024656659892830557,1.1006926174868437e-05,9.049374175909161e-05,0.003636250466359461,0.00022071876336278939
19,8.422482271487855e-05,1.1955066055857948e-06,0.026349805993947765,0.6421714990975071,1.022087290212384e-06,4.160184316561034e-05,0.0007482851227951458,0.0018488725512615944,0.0005800568408740401,0.0035604738227367084,7.492190378073828e-07,0.05675766825006785,0.06655142379330804,6.825215623757581e-05,9.766207075358713e-08,0.04162124996902036,0.0001628940651548825,0.024118469724855644,1.0593295058018136e-06,0.1052777219567022,0.0266019107782051,1.182552419917543e-05,8.4744176148385e-05,0.0031304722462127932,0.00022442346037487919
20,0.00010289480569968654,1.2623368541647638e-06,0.027085712169633836,0.6192404609059243,1.2252905011030165e-06,5.22613021627127e-05,0.0006873524466349355,0.0019978340182269273,0.0005988656013576832,0.003954349232748098,8.353176119946436e-07,0.04738926043134602,0.07007601780397694,7.60033129378999e-05,9.992982704896916e-08,0.045593603831082276,0.00018846963368213002,0.028900589980545777,1.2071836014740659e-06,0.1251461761797348,0.025029091443288336,1.0986838259000898e-05,9.035168940214394e-05,0.003540055022793922,0.00023503329216691102
21,0.0001019113733368138,1.2596607717444485e-06,0.02724431163537277,0.6216001642987306,1.2200070544573164e-06,5.1778088897115016e-05,0.0006973649900220536,0.0020738812894298022,0.0005928810819440366,0.003959138897381042,8.587341202172406e-07,0.04769219146566208,0.0687030538313305,7.604470286506078e-05,1.0235644464526328e-07,0.045118307979796914,0.00019039723941026654,0.028914070351742628,1.226684602250373e-06,0.12394400850459479,0.025182258249100573,1.1380124874728423e-05,9.186326097704966e-05,0.0035157114377646014,0.00023461375377342218
22,8.083792374915697e-05,1.310575798806833e-06,0.025617426859709018,0.6303856768911955,1.1511411741460566e-06,4.7995628157646474e-05,0.0007543048151929179,0.002085035297502025,0.0005750459204862546,0.0037568409557286017,8.388608779667907e-07,0.05368219394647775,0.06739941796901971,7.48727694840016e-05,9.985412390002024e-08,0.046898540764239216,0.00015268140944702912,0.02053662500054304,1.263579818778247e-06,0.11961978785094868,0.02453641081703823,1.0421239089059688e-05,9.592277908923614e-05,0.003480233748906463,0.0002050634022029639
23,0.00010084837041604405,1.2540184139089065e-06,0.02684618508119675,0.6213363712064411,1.2063372767188802e-06,5.169981603846511e-05,0.0006866275546246189,0.0020368657533711763,0.000596429707299067,0.003916538512480472,8.450897847033162e-07,0.047826823173837206,0.06908567243138532,7.611500383437893e-05,1.0170979571696785e-07,0.045669806515024634,0.00018830835258202018,0.02874963089518325,1.212888020694899e-06,0.12383574518583058,0.025152360137445564,1.1299941239388852e-05,9.015235484554901e-05,0.003505125523693915,0.0002327744399386172
24,9.18103341895516e-05,1.2615986069235665e-06,0.021116076287884117,0.6394068140838649,1.1161409982765923e-06,4.742749602417572e-05,0.0005723788120659675,0.0018026104966320294,0.0005129528888902,0.003735369165669989,7.746963974807595e-07,0.043879453475014756,0.06565185853345501,8.614565952922706e-05,8.444596532783241e-08,0.04189855399268497,0.00019222505007360002,0.02776531760936938,1.0496196450327705e-06,0.12809891936081955,0.021602115943467712,1.0471461424064603e-05,8.897809331377504e-05,0.0032184452977289013,0.000217789456284953
25,0.0001227303977967241,1.3609632984297926e-06,0.030204075647113037,0.5943579008749202,1.2343982205232812e-06,5.533588586379979e-05,0.0006839541312188261,0.0017388562091747422,0.000678000418102917,0.004447168456530116,7.008560330971991e-07,0.04773739416574084,0.07877108025765751,6.798399376416448e-05,1.0349593880644052e-07,0.046402644831708834,0.0001992315586604681,0.03276169594006381,1.2742944336204117e-06,0.13036265504173675,0.02735792773237419,1.1085205308027162e-05,8.46080853895753e-05,0.0036801137534361755,0.0002708834055148256
26,0.00015172093410761365,1.2111656387958114e-06,0.033568765683369285,0.5673336065915789,1.3932402639725735e-06,6.365239704077408e-05,0.0005526676587350232,0.0015824607584036118,0.0006876030113289039,0.0036896254639672984,8.391396624703805e-07,0.04007304222411728,0.09699086403597999,5.559839507933449e-05,8.25380288402173e-08,0.04422260599067232,0.00021914745902376937,0.03318679011404272,1.3912917410543335e-06,0.14875573777293888,0.02292921119351686,8.806908887442327e-06,9.633066705658054e-05,0.005600709853462548,0.00022613551135563183
27,9.126644789743693e-05,1.2122038462609162e-06,0.024804955334648843,0.6276017817030222,1.1225851615223152e-06,5.112054453172768e-05,0.0006515871047401352,0.002158142242626043,0.0006096627734295267,0.003747152465488196,8.846961273580355e-07,0.0485934847113503,0.0655925700959886,7.546293605943449e-05,1.1315060151325133e-07,0.04784325229199837,0.00019528965292224223,0.02881680192565263,1.2705441077893267e-06,0.11934483087728259,0.026058374821748165,1.355234554924899e-05,8.80966257401259e-05,0.003437003615232668,0.00022100830424716484
28,0.00010084837041604405,1.2540184139089065e-06,0.02684618508119675,0.6213363712064411,1.2063372767188802e-06,5.169981603846511e-05,0.0006866275546246189,0.0020368657533711763,0.000596429707299067,0.003916538512480472,8.450897847033162e-07,0.047826823173837206,0.06908567243138532,7.611500383437893e-05,1.0170979571696785e-07,0.045669806515024634,0.00018830835258202018,0.02874963089518325,1.212888020694899e-06,0.12383574518583058,0.025152360137445564,1.1299941239388852e-05,9.015235484554901e-05,0.003505125523693915,0.0002327744399386172
29,0.00010084837041604405,1.2540184139089065e-06,0.02684618508119675,0.6213363712064411,1.2063372767188802e-06,5.169981603846511e-05,0.0006866275546246189,0.0020368657533711763,0.000596429707299067,0.003916538512480472,8.450897847033162e-07,0.047826823173837206,0.06908567243138532,7.611500383437893e-05,1.0170979571696785e-07,0.045669806515024634,0.00018830835258202018,0.02874963089518325,1.212888020694899e-06,0.12383574518583058,0.025152360137445564,1.1299941239388852e-05,9.015235484554901e-05,0.003505125523693915,0.0002327744399386172
30,0.00010084837041604405,1.2540184139089065e-06,0.02684618508119675,0.6213363712064411,1.2063372767188802e-06,5.169981603846511e-05,0.0006866275546246189,0.0020368657533711763,0.000596429707299067,0.003916538512480472,8.450897847033162e-07,0.047826823173837206,0.06908567243138532,7.611500383437893e-05,1.0170979571696785e-07,0.045669806515024634,0.00018830835258202018,0.02874963089518325,1.212888020694899e-06,0.12383574518583058,0.025152360137445564,1.1299941239388852e-05,9.015235484554901e-05,0.003505125523693915,0.0002327744399386172
31,0.00014921428929201843,1.3368591613974715e-06,0.037362171087834246,0.5987789450968309,1.3712741257791108e-06,5.534343283101781e-05,0.0008118930397736523,0.0027877889997376167,0.0005822752042662095,0.004369137770965246,9.191352809303897e-07,0.046805799959284584,0.07548788161574865,7.5867565136039e-05,1.0351802667110705e-07,0.04479685674518533,0.00020370259552555874,0.03300461896648527,1.478456043083226e-06,0.12752544916555392,0.02307613931787716,1.0485642752746567e-05,9.398183846291824e-05,0.003767993256164268,0.00024924516765451683
32,0.00010661947170523522,1.3120156724805298e-06,0.02774171793655551,0.6133543702317932,1.2417527688838587e-06,5.402562869948931e-05,0.0007050043073316745,0.002126802950691271,0.0006193607282400616,0.00400830654247575,8.835355196026193e-07,0.049189168223401906,0.0713774639484797,7.658638771092787e-05,1.0721781953546504e-07,0.0468395801542347,0.0001939820311810201,0.029212537292602234,1.3495253882441517e-06,0.12453035230587862,0.025827672840634974,1.186286776989628e-05,9.188390555602193e-05,0.003692608774464099,0.00023519942342517324
33,6.406280024728693e-05,9.235855626358376e-07,0.014908309063603345,0.5976573355116513,1.1932435103649602e-06,4.948970660410896e-05,0.0005087022356497405,0.002269672183921491,0.00040533648135605,0.003358481313010318,1.0374533000346388e-06,0.04272936743388739,0.08625435755757363,9.653914361949072e-05,7.819728555465297e-08,0.05012724806326736,0.0002750195962951055,0.024817077145700937,1.2376626774152793e-06,0.14978553899872224,0.022643044460286445,1.3758371457363186e-05,0.00011262483010084572,0.003752428108422668,0.00016713685228667162
34,0.00028363058319285804,1.8156413437971596e-06,0.05576398853831954,0.4941665939903535,1.9399189919272794e-06,7.838407447692068e-05,0.0009507429283597061,0.0024492582616179384,0.0013582219072738717,0.0030408259421912187,1.1681940697515142e-06,0.07130579452661563,0.13285445424914089,6.242331744778547e-05,1.642215502935339e-07,0.05310616622793884,0.00022094481719889695,0.03834355728629411,2.7946259273724417e-06,0.1101248344424489,0.029361510027969752,1.2310474794462405e-05,7.236933268697413e-05,0.006137588673934797,0.000298517795860035
35,0.00022020273159116793,1.1994580561969036e-06,0.04196468558694352,0.5958016470053128,1.107044215329567e-06,4.930382336163273e-05,0.0008831169508579417,0.0025840869328870378,0.0008344646351616627,0.003910738541923754,7.257568163440022e-07,0.05880781848490167,0.0775523963482029,6.214665827709588e-05,1.0675572368139249e-07,0.040308185142169516,0.00020427053962310482,0.058432974102848666,1.4240908324986193e-06,0.08599642512996315,0.0284265673549286,1.3486662367952364e-05,5.825635963047072e-05,0.003585450046730717,0.00029921385667279184
36,0.00010427894891789406,1.0483047609549937e-06,0.0255790521127752,0.5654402552908581,1.1094880684313073e-06,4.320116746210693e-05,0.0007607584140179584,0.002935993589215606,0.000663863606557547,0.002730204968950266,9.453597017344752e-07,0.07737681133834895,0.10141975697239954,8.317208695930183e-05,1.318035960470088e-07,0.05684229315226186,0.00022230532558224422,0.027847095292567257,1.5150668901060035e-06,0.10930996086697316,0.025189675524878802,1.658270663232869e-05,6.864714723614306e-05,0.0031310442758002745,0.00023029718858816597
37,0.0001407450033726945,1.282260802527938e-06,0.031334142659271313,0.6240726440639917,1.1555685086727859e-06,4.8520149369670187e-05,0.0006748419361689129,0.0017013358391090748,0.000553352996013363,0.004283185799323144,7.461481128463595e-07,0.04451118868583443,0.07155855256702383,6.581536754858259e-05,7.577809586659118e-08,0.03707979212053401,0.0001872206820566058,0.034549710843662026,1.1517922696115628e-06,0.12235502189970514,0.02231391155550135,9.476050316673529e-06,9.278334146328906e-05,0.00421994321883481,0.0002434036731099938
38,0.000174685129871258,1.5782546406347766e-06,0.04235864908607546,0.5581403505413989,1.7314088722502619e-06,7.901950699838575e-05,0.0009365397331177782,0.0022090538271852703,0.0008270502599867056,0.0049282896418904295,9.609092007101436e-07,0.04928148522618097,0.08881544999157719,7.4060353434391e-05,1.3128406035458216e-07,0.060228135510974695,0.00018038596331479322,0.03360226824374819,1.8106661788592074e-06,0.12817647767101886,0.024771685834722727,9.812168682907539e-06,8.793498582371718e-05,0.004825402914375509,0.0002870508866691557
39,9.459367355665082e-05,1.8528861064680766e-06,0.017765916181398753,0.6772345048614759,1.3694527848755456e-06,3.528055550760389e-05,0.0006831931370358674,0.0013083877265860446,0.0005277105844811918,0.0035036142562452645,8.54909976648193e-07,0.050099397698988093,0.04947902895032055,0.00011080907285265787,8.850965223307443e-08,0.03111718469101568,0.00015009858206219148,0.02510578303529273,8.106491686828775e-07,0.12208154888079813,0.017358072555284113,9.787549197256052e-06,0.00010621110560719248,0.0029534556549844454,0.0002704448396208623
40,9.733955924158068e-05,1.2266555350060593e-06,0.025863121724442193,0.6258135087127448,1.180109771847496e-06,5.098128072346548e-05,0.0006651503017292579,0.002024679109969361,0.0005730600506477794,0.003928007138116156,8.342165002408422e-07,0.04612873156874288,0.06713805294486787,7.554936620594871e-05,9.793095906879823e-08,0.04537899433422585,0.00018842384475117776,0.02849228046664423,1.1817278742029836e-06,0.1250175313673574,0.02475750149737788,1.1124499872780218e-05,9.066703938743097e-05,0.0034748870004640115,0.00022588755184759076
41,0.00019240473109560425,1.3085647635984815e-06,0.04146480176068621,0.5141875982209553,2.2296733561584315e-06,6.653825889789808e-05,0.0008157492748163681,0.0019612396843797755,0.0010742654891128973,0.002755954371448274,9.11506461991207e-07,0.0491976731884448,0.12337113219356978,6.228094101168443e-05,1.355205043512761e-07,0.06321025438648543,0.00020032284769314721,0.03292626216409266,1.2700405635521774e-06,0.14340819699498294,0.020447974090451206,7.762945843773501e-06,6.42602769528142e-05,0.0042959126362486265,0.0002835602371811464
42,0.00035282030758005,2.566250629499403e-06,0.03395557836722408,0.6043093002906875,5.364074510796817e-06,5.619581393364071e-05,0.0011890748118696093,0.0007766869582398733,0.000642852305216864,0.004594365162173684,8.355794852033438e-07,0.029159865946975744,0.07042043670312317,0.00021926607675701407,5.202005187112963e-08,0.0167404459906058,0.0001867574589474298,0.05979776752901521,3.485489122682649e-07,0.16142198317536444,0.012709980350510167,2.4459638180384686e-06,0.00011296224255700362,0.0025769976203358774,0.0007650504514751092
43,7.962796518286698e-05,1.2113979696337336e-06,0.023467862885342975,0.606785672032518,1.0885292051698453e-06,5.924307327351719e-05,0.0006227988820976781,0.002096195556685434,0.0005290834587760921,0.005659387469775763,7.230064452581323e-07,0.038399213280722835,0.06212387457185088,7.434992348515724e-05,1.0310200586496921e-07,0.052171509280928084,0.0002080097711627981,0.030657985961171242,1.3058324805214154e-06,0.1417503494754097,0.03158335195508115,1.3352048676921985e-05,9.786693698039318e-05,0.0033951777799260297,0.00022065582284597622
44,0.00010084837041604405,1.2540184139089065e-06,0.02684618508119675,0.6213363712064411,1.2063372767188802e-06,5.169981603846511e-05,0.0006866275546246189,0.0020368657533711763,0.000596429707299067,0.003916538512480472,8.450897847033162e-07,0.047826823173837206,0.06908567243138532,7.611500383437893e-05,1.0170979571696785e-07,0.045669806515024634,0.00018830835258202018,0.02874963089518325,1.212888020694899e-06,0.12383574518583058,0.025152360137445564,1.1299941239388852e-05,9.015235484554901e-05,0.003505125523693915,0.0002327744399386172
45,0.00010161966944155685,1.1203981800411699e-06,0.03182399528233508,0.6279728272320146,1.1955618572216036e-06,5.893400723686996e-05,0.0007448115003116411,0.0027779227424223423,0.0006444681423003031,0.0035097179879826656,1.0907862979989415e-06,0.0468331150737913,0.06349183250987689,6.890840357932325e-05,1.285008402557258e-07,0.05820748087943934,0.0001670385395910197,0.027387082575790447,1.416975695677792e-06,0.11002388717525381,0.02206536947579168,1.2012698681899203e-05,8.083803396507298e-05,0.0038264580566692023,0.00019672779065381917
46,6.672565577411328e-05,8.517536106286022e-07,0.017277541146768674,0.6213282555978871,8.972660599030979e-07,4.188148614992862e-05,0.00042679879762460676,0.0017889678000559757,0.00042175527490396423,0.002974970705283704,7.635165019404508e-07,0.04345368715967726,0.08165007278553642,7.09764150511464e-05,7.739940824155335e-08,0.039982000837190314,0.0002765074906739111,0.025909110837198296,9.904644375803062e-07,0.1357244265319505,0.02518318205481646,1.3652402361840822e-05,9.095089435061357e-05,0.003126604525911261,0.00018835120081578808
47,0.00011441097914187456,1.2131301489748678e-06,0.027023543144823248,0.5777838335646007,1.1849733639402243e-06,4.7996184122030284e-05,0.0006613156524207877,0.001810613817350422,0.0006595590504266843,0.0036600817677677655,7.147007361191023e-07,0.05524913421163744,0.09073486691888664,6.716581317941753e-05,1.0273393374984819e-07,0.0494042254317969,0.0002107187420579101,0.030025402226643422,1.266477146919811e-06,0.13177704114944563,0.026762933000795318,1.203393445074469e-05,7.950908410444117e-05,0.0036598160994939437,0.0002513172115249635
48,0.00010196033269303384,1.5372982615279123e-06,0.025739998552102215,0.6050348994213844,1.2681408230853476e-06,6.274229479734574e-05,0.0007290602794328349,0.002382134378655636,0.0005365169805916909,0.004864836216021083,1.004711808957453e-06,0.04749727251845249,0.07776312621783384,8.11564345086219e-05,9.586548173114669e-08,0.04791026592363776,0.00020812430211275876,0.024247398081796392,2.0315188371881082e-06,0.13310507154130533,0.02467364293456561,1.2196264790943483e-05,0.00011837497484779712,0.004724168461397892,0.0002011163538597532
49,9.210781124531607e-05,1.2063944144099973e-06,0.026409553150527513,0.6347130466289479,1.025318563607025e-06,4.748026908723635e-05,0.0006280739489469717,0.0018004314958535936,0.000556528530360658,0.003817806314511625,7.662611694628835e-07,0.04901579024725208,0.06731408889934538,7.184239542339842e-05,9.17558335023288e-08,0.04094120422407678,0.00017625841112549063,0.026765578918396832,1.109036350952459e-06,0.11881857154979299,0.025068167806126505,1.111640306539098e-05,9.060974702553041e-05,0.003432629789324204,0.0002249146932326744
50,0.00010010474204012317,1.2366679837880381e-06,0.02665749986599397,0.622145109211184,1.1894817488535584e-06,5.1702856997884476e-05,0.0006647428051077555,0.0019887234698182307,0.0006047544815907032,0.0037960144083727053,8.406242989140964e-07,0.047494051036948884,0.06934404081268568,7.457913221008775e-05,1.013514526510635e-07,0.04571200638670961,0.00018785158829607868,0.028708497966612203,1.1970455416559528e-06,0.12354323615953229,0.02506580192566115,1.1232743678998224e-05,8.84793251111213e-05,0.0035273445937827326,0.00022966131664000914
51,8.962627184421483e-05,1.3852598372845635e-06,0.02307969476597305,0.6906759130537545,8.914541342881261e-07,4.115942847089931e-05,0.0006045726119699985,0.0018910753062443034,0.0005345619049660789,0.0034663485171008645,7.608651426307867e-07,0.04758451065372936,0.0486667439151506,7.851043122691727e-05,9.195985918993171e-08,0.034460378728639156,0.00015844545938690943,0.026542556605839995,1.055369584261688e-06,0.09645318580423458,0.022485088270420207,1.1895305573942654e-05,8.145280531521355e-05,0.0028803876203736885,0.00020970763122771455
52,0.00012209796554531598,1.1705568401663412e-06,0.026753940093349846,0.5907617016972487,1.3794640865016204e-06,6.53614318204987e-05,0.0006248217650850877,0.0020988535577746614,0.0006549903526663255,0.0042499891319693495,9.200458332411979e-07,0.04043346147546125,0.07512110202580718,8.73133898172775e-05,1.1544451652339392e-07,0.052277651994676204,0.00022732504331040508,0.04263634697569598,1.2187674485946315e-06,0.13592058248082414,0.024009106261117297,1.194401346876185e-05,8.153144022906039e-05,0.0035899787545913115,0.0002670958708161649
53,8.515702085550955e-05,1.2284157638909532e-06,0.02628070156511489,0.6256536875450224,1.3726693717082258e-06,4.4621288939390824e-05,0.0009124792179183018,0.002275278861821033,0.0005548707660784514,0.0038867320731625094,9.590132620836545e-07,0.05442466756875096,0.06595284373381974,8.026251800590748e-05,1.0716188525557395e-07,0.04557403035950766,0.00016789318763567275,0.02408155395171943,1.1160061461127511e-06,0.12142182832389795,0.024949839117516925,1.1250326097707869e-05,0.00010200305950408297,0.003302570325310752,0.00023294592289172365
54,0.00012886429795133346,1.7220657449264595e-06,0.02886714696207515,0.6169320805218574,1.2536843001003194e-06,5.497511612020744e-05,0.0007431673232293199,0.0018117296118578847,0.0006500954969246073,0.004869835090334011,7.031356074290772e-07,0.051556503381403475,0.06633746182495427,9.143949536332085e-05,1.180110112912865e-07,0.045593003258950986,0.0001749287842851498,0.03047752033392748,1.286021876174776e-06,0.1244615949403916,0.02372853946489535,1.11200858891731e-05,8.57805586335664e-05,0.0031106835827313314,0.0003084469496844223
55,0.00012402613396310583,1.1847230521739046e-06,0.029185723236324946,0.5983549657989039,1.1086487608482566e-06,4.880514355794414e-05,0.0006731951295113761,0.0016747225436903473,0.0008133359813372264,0.0029921171620827143,7.181945286933875e-07,0.06083361249375618,0.0912675967317662,6.261598984455163e-05,1.0107851617318198e-07,0.04612363026215737,0.00017905266138951303,0.032172713822783604,1.2120915551026985e-06,0.10513624292096407,0.026263643893703864,1.1152439790390826e-05,6.510581084104282e-05,0.0037689159487562488,0.0002445011584624226
56,0.00010431245386388936,1.2596395387521532e-06,0.02676112154192127,0.6099042484428824,1.2371014100985572e-06,5.2048729900887425e-05,0.0006865541960253958,0.0019962782892634884,0.0006114716800075639,0.003792518897405778,8.573402761688035e-07,0.05020714329885263,0.07608384928920682,7.671117461279822e-05,1.0294461104063122e-07,0.045420708558090814,0.00019841256844373685,0.02889483404598184,1.2637710818765644e-06,0.12576081224702504,0.025482095231113167,1.1562526919007011e-05,9.030905486532475e-05,0.0036215809876361024,0.0002387059890641592
57,0.00010515083480549152,1.3105076700666251e-06,0.027700358395983365,0.6456936255826088,1.2543311653250727e-06,5.5197801499820384e-05,0.0007017519175169177,0.0020529091011702505,0.000580884449485273,0.00414426275503566,9.090388265827941e-07,0.04213165060098849,0.057891335756093815,8.034685363918284e-05,9.940747390507923e-08,0.04339562018958247,0.0001750439295929098,0.030590452910028328,1.1551942502523862e-06,0.11707789823645874,0.02378339007244838,1.0385858970400679e-05,9.26492221461403e-05,0.0034997658514629285,0.00023259120109632493
58,0.00011000253827245271,1.2527298988789844e-06,0.028369514953433917,0.6090374114679792,1.2263220187930463e-06,5.430001034085862e-05,0.0006860536777874739,0.001965550547923034,0.0006403016850435617,0.003655076497495801,9.00262243053226e-07,0.05133080369843645,0.07826569078129547,7.19909958481449e-05,1.0019975187706682e-07,0.04565850589079096,0.00018704219170545715,0.02848310414996411,1.354420487943412e-06,0.12194130881991322,0.02508031977554908,1.1115049138248452e-05,9.128371365032515e-05,0.004128840808485534,0.00022694881254631342
59,0.00010381124876781064,1.23326607153631e-06,0.029260340615623975,0.617272475662182,1.1879135380675035e-06,5.3399946001542924e-05,0.0006759817260634656,0.0019533492131987044,0.0006155582370158247,0.0037844024964419133,8.676477152953285e-07,0.04800693997717512,0.07182621741416781,6.728267107451339e-05,9.857920467193023e-08,0.045655250661393657,0.00017763567690420482,0.027030191002483387,1.2806576286827932e-06,0.12400190547711759,0.02514233499662419,1.0665075659016086e-05,9.291514810759163e-05,0.004046496268237315,0.00021817842160198482
60,0.00010084837041604405,1.2540184139089065e-06,0.02684618508119675,0.6213363712064411,1.2063372767188802e-06,5.169981603846511e-05,0.0006866275546246189,0.0020368657533711763,0.000596429707299067,0.003916538512480472,8.450897847033162e-07,0.047826823173837206,0.06908567243138532,7.611500383437893e-05,1.0170979571696785e-07,0.045669806515024634,0.00018830835258202018,0.02874963089518325,1.212888020694899e-06,0.12383574518583058,0.025152360137445564,1.1299941239388852e-05,9.015235484554901e-05,0.003505125523693915,0.0002327744399386172
61,0.00010637852488978247,1.268944588136541e-06,0.029165416977080246,0.6160418955699218,1.211571000705465e-06,5.4034151448015287e-05,0.0006828277747958245,0.0019907214722124505,0.0006193785710352331,0.0038479850093860782,8.789352021729052e-07,0.04797120487778378,0.07226077692194127,6.90555978738826e-05,1.0001366283286032e-07,0.045467556674217924,0.00018306089997656728,0.02768346301484766,1.316138232277349e-06,0.124311312604441,0.0251816771484455,1.0922404328519033e-05,9.329296332168264e-05,0.004032692082519443,0.0002215711568470697
62,0.00010084837041604405,1.2540184139089065e-06,0.02684618508119675,0.6213363712064411,1.2063372767188802e-06,5.169981603846511e-05,0.0006866275546246189,0.0020368657533711763,0.000596429707299067,0.003916538512480472,8.450897847033162e-07,0.047826823173837206,0.06908567243138532,7.611500383437893e-05,1.0170979571696785e-07,0.045669806515024634,0.00018830835258202018,0.02874963089518325,1.212888020694899e-06,0.12383574518583058,0.025152360137445564,1.1299941239388852e-05,9.015235484554901e-05,0.003505125523693915,0.0002327744399386172
63,0.00010332936225689641,1.3547590219290277e-06,0.027056378710317793,0.622775165394804,1.2282243448815052e-06,5.226376059286204e-05,0.0006813375570294964,0.0019613513979607968,0.0006083425766803709,0.003970070527491641,8.41609469683476e-07,0.04763942579005428,0.06833330863362849,7.585126097319636e-05,1.0425667489061795e-07,0.04461230077135949,0.00018815482243909594,0.028009167474595836,1.2530459592850089e-06,0.12475371068562754,0.025268914888634995,1.1346166290067854e-05,9.251618797362783e-05,0.003566053338425227,0.00023622879739361083
64,9.320735101369412e-05,1.2598813383854399e-06,0.02560244211084561,0.6177326975623016,1.1475910142070064e-06,5.1265776094636525e-05,0.000663973785967124,0.0019294593777797336,0.0005914445020279415,0.004062597690860108,7.978091055262388e-07,0.048738665820183796,0.06988077358171545,7.537722703705115e-05,1.0205406734221656e-07,0.044891115678456,0.00019343531507273883,0.028262008584031377,1.2241473286258597e-06,0.12516493881018734,0.028263117554075505,1.2106280652536256e-05,9.192343303864247e-05,0.003461163877546212,0.0002337541982586845
65,6.742561270306016e-05,1.4121625492730902e-06,0.022899211684969025,0.6585086104934941,1.0668402135342508e-06,4.39381669031646e-05,0.000783847624780434,0.0023933600825254853,0.00033587997998489063,0.006658519499033779,6.672872961774891e-07,0.036948368194849465,0.04154299040470434,9.588921020324998e-05,8.854353908518667e-08,0.03670974947445708,0.00016181828229946081,0.022582888423646107,9.914641670333541e-07,0.1418310990303411,0.0257580466264583,9.86929328845528e-06,0.000121259611089354,0.0023049926700184483,0.00023800933648546286
66,0.00013701878801963098,1.3357632388358854e-06,0.03642668286031672,0.5050434052716318,1.9069879193927396e-06,6.968960185792896e-05,0.0006997823761191822,0.0016040871766697588,0.0006789671245784231,0.0050807213260275035,7.736125739413711e-07,0.03528507591529509,0.10069763397929637,5.2545648641912554e-05,9.527064620676865e-08,0.04973663678981889,0.00023151254247843299,0.029461342863973367,1.419192826984244e-06,0.1996516000111567,0.02938651098394443,7.98061260271192e-06,0.00011323486781168632,0.0053729509633013255,0.00025708946925280535
67,4.998291792132857e-05,7.33820196245279e-07,0.013640618403784605,0.6272762963706542,8.874360224718331e-07,5.0737083309912475e-05,0.0002990688062346107,0.0011882430428120543,0.00031717799444638903,0.0033420029078089918,6.212719999447095e-07,0.027301107487309725,0.07341215461391506,8.587900599809476e-05,4.771165806986243e-08,0.03728685313562891,0.0002109854084727818,0.02279189948689679,6.280050994938829e-07,0.16994993638612166,0.019496704046726907,6.780172279280149e-06,0.0001020342050081576,0.0030218232365029967,0.00016679704319108251
68,0.00010022348311059651,1.5875722491967849e-06,0.019950286382418015,0.517230276749399,2.8283913592755178e-06,8.578013131873237e-05,0.0008888706447669035,0.0030230228843174845,0.0006544944878312177,0.0044943885640376085,1.6758189832684847e-06,0.04012090682942853,0.08826804817211495,0.00012544220395904176,2.204079791552522e-07,0.08145161232018636,0.00032185729168464057,0.0288929100769005,1.982328893857735e-06,0.18937607942045562,0.020763647944933926,1.581823074453671e-05,0.00011179565682132816,0.003837720164214993,0.00027852384189119817
69,0.00014031170567321664,1.434329138202376e-06,0.0298173022693075,0.5926680159465758,1.303524850368629e-06,5.506642332114458e-05,0.0007788667422787209,0.0020660302959823406,0.0007579786809549187,0.004710353251329323,7.011618209756336e-07,0.05181589829458078,0.07588055895527676,8.310189201974926e-05,1.2617311019758584e-07,0.049369315151285925,0.0002235985437730259,0.04161613292438973,1.2958028204851854e-06,0.11975638039448841,0.026901144237946248,1.3858963593394082e-05,7.361036949258979e-05,0.002939376395366345,0.00032823757062386256
70,5.9728342774060195e-05,1.937277644748774e-06,0.024521375745959428,0.6638100099577218,9.101081272507636e-07,8.866248684734901e-05,0.000807567370645035,0.0018687347327272401,0.0006699013372356476,0.0065578185468294185,1.7131694141613214e-06,0.056420993533266045,0.03925159422213956,6.612196376050428e-05,1.2154005146015289e-07,0.03999217634139758,0.0001226994523813458,0.02027820567935989,3.84591471514156e-06,0.07540041571806748,0.06064618182987393,2.1483954086969356e-05,0.00020974185905682133,0.009049616963154969,0.0001484419527622035
71,0.00011526163881530322,7.709785128237225e-07,0.07337265275029795,0.7258711774489526,2.9163237281422916e-07,6.768145387460349e-05,0.0010657757055266674,0.003912969683438533,0.0008080380744662804,0.00263620723864171,1.634798706324353e-06,0.06438170333204578,0.015556167052589978,5.481589306483974e-05,1.62468475367566e-07,0.024728188726153268,5.796752417276862e-05,0.04680271035111605,1.7830563145277194e-06,0.010054862597596293,0.02772343970514299,2.338204124595269e-05,3.7537668780288076e-05,0.0025567247799673544,0.0001680933997290125
72,1.968486853920464e-05,2.817747519110964e-06,0.004297802586383554,0.7458297603169582,8.591366889350352e-07,1.6710637847146294e-05,0.00020930275154785652,0.00045303125448195277,5.242213676708955e-05,0.00996519799151777,3.6734747214755055e-07,0.008305755758563956,0.005518482604311813,0.0001538078860160566,2.3922888840062084e-08,0.006573806093962524,0.0001690671765169966,0.005917115942200451,2.2785617788972807e-07,0.20211127936712095,0.008320598648459476,6.219332880547164e-06,0.0008214168571329922,0.0010258192234804896,0.0002284225545641564
