,0,1,2,3,4,5,6,7,8,9,10,11,12,13,14,15,16,17,18,19,20,21,22,23,24
0,6.261266214354477e-07,3.021794127591032e-07,6.993788535983357e-05,0.8564542633802515,4.7470520180652334e-05,0.0026181982818644003,3.6698346609871874e-05,1.8019061607335174e-05,1.3129930710669746e-06,8.927459639668718e-05,0.0007882639375936117,0.0017898983223828687,3.186409633127756e-05,0.0002165803529129127,8.668828719594659e-06,0.011790264030051786,4.364195873007851e-06,0.012333711644123203,1.0357343505711526e-07,0.1028986541886773,0.002178674990462105,2.8939646389455225e-06,0.008611798257828145,6.27136041392834e-06,1.8848851807784321e-06
1,1.4903659452171652e-07,1.4539374711293142e-08,1.204044800644537e-05,0.9200414751199864,5.216449143675998e-06,0.000410569865126075,4.895123578391842e-06,1.3742494222040918e-05,4.3674111140825875e-07,4.055080969430803e-05,0.0002030814081253384,0.000117339058753964,2.5766314607786356e-05,9.076839914730535e-06,5.723451110472895e-07,0.006654671496088223,5.189020011956933e-07,0.0038462502716919973,1.6420355264011654e-08,0.06733752452697692,0.0001426115178256339,2.076540985262617e-07,0.0011326475645542303,5.73140081624591e-07,5.191297553665163e-08
2,1.3978269621457066e-07,1.4693966223197228e-08,1.070537094765322e-05,0.9186186912426929,4.737582029876541e-06,0.0004014109643028043,5.115208030337934e-06,1.319983430947957e-05,3.7613482869111336e-07,3.666899452743891e-05,0.0002050679779610872,0.0001346143435534694,2.4372725563284302e-05,1.0388131927778527e-05,6.158938056605018e-07,0.0061902484300260414,5.435588929076685e-07,0.0042860107241714206,1.387978825414214e-08,0.06864989341613535,0.00015903825197394233,2.2039996859469702e-07,0.0012472457667733637,6.097761207509222e-07,5.691500660892228e-08
3,1.4092452463170915e-07,1.4739598275208824e-08,1.0782091797098593e-05,0.9174487164947299,4.7986102908311485e-06,0.0004004681301003591,5.1015826521284514e-06,1.3335711793623158e-05,3.8081171352397193e-07,3.7201197462095325e-05,0.00020804425292227256,0.0001352483656090879,2.4633508553075322e-05,1.0478489185676974e-05,6.242524555713085e-07,0.006140622053825016,5.448599973371852e-07,0.004287798944631432,1.3870939492237318e-08,0.06984942956328381,0.0001596413650383495,2.1905985547428613e-07,0.0012610922353982845,6.113324450404814e-07,5.7551197766033804e-08
4,1.502166248046796e-07,1.4307744980579377e-08,1.114688028864465e-05,0.9130498807693115,4.997530398123023e-06,0.0003928126156659105,5.3173796661428545e-06,1.3924223943644569e-05,3.7553777673914855e-07,3.845597527961675e-05,0.00021180964151050257,0.00013638066996246473,2.7352692280202437e-05,1.1018591015326636e-05,6.138306599411918e-07,0.006309877754706462,5.753258832611764e-07,0.0044680748482553035,1.453767819419062e-08,0.07390758998430513,0.00015823896282604667,2.1459791858522167e-07,0.0012504577845817927,6.481622193022279e-07,5.717949750288261e-08
5,1.3658611094091885e-07,1.3869260598501326e-08,9.789912187814964e-06,0.9192997200635196,4.491485785415644e-06,0.0003791176478229186,4.812080736848907e-06,1.2906355166532721e-05,3.57124028897707e-07,3.507030959586524e-05,0.00020151403582266774,0.00012654427960881784,2.3870724198279612e-05,9.98872259050746e-06,5.874104788805444e-07,0.005915866755763567,5.251271621677104e-07,0.004349782311548839,1.3043192220391488e-08,0.0682711716963353,0.0001502902481193661,2.086597061965548e-07,0.0012025927832556317,5.752523008867095e-07,5.351570123106942e-08
6,1.4092452463170915e-07,1.4739598275208824e-08,1.0782091797098593e-05,0.9174487164947299,4.7986102908311485e-06,0.0004004681301003591,5.1015826521284514e-06,1.3335711793623158e-05,3.8081171352397193e-07,3.7201197462095325e-05,0.00020804425292227256,0.0001352483656090879,2.4633508553075322e-05,1.0478489185676974e-05,6.242524555713085e-07,0.006140622053825016,5.448599973371852e-07,0.004287798944631432,1.3870939492237318e-08,0.06984942956328381,0.0001596413650383495,2.1905985547428613e-07,0.0012610922353982845,6.113324450404814e-07,5.7551197766033804e-08
7,4.8241191389091565e-08,3.130785621975543e-08,5.2650340389841985e-06,0.9044093068273662,6.1476191718509196e-06,0.001592761548829427,6.532014473694171e-06,6.2332004569226855e-06,5.600491457463532e-07,1.3922419944825013e-05,0.00018325355243108317,0.0003131525709227645,6.466111118716933e-06,2.010036898340291e-05,1.843893624533818e-06,0.009878627987271746,5.611385368010312e-07,0.016771249974689813,9.16313673729668e-09,0.06025936975764226,0.0009738540121355333,3.9144391589230964e-07,0.00554957835172903,6.181523623783156e-07,1.1525902414706872e-07
8,1.995900168281454e-07,1.5001734519197797e-08,1.6603021187673615e-05,0.9157524396399359,4.979065514157733e-06,0.0003114956761615057,6.012296581533678e-06,1.4386875109689924e-05,3.778441407821263e-07,5.3709302029942645e-05,0.00023381980946103332,0.00015713558103899242,2.84601048447252e-05,1.3895758590511372e-05,6.658661341006769e-07,0.0052420895445342945,6.648697782114115e-07,0.0028828633399340512,1.3722754025236643e-08,0.07361598004563698,0.00017710737280766736,2.276521328965764e-07,0.0014858967868489744,8.784346843716873e-07,8.279840654398518e-08
9,1.689104687398369e-07,1.4217383196009087e-08,1.2083556617886414e-05,0.9216317390775044,4.403204336130607e-06,0.0003001405687749851,5.070327247434661e-06,1.3275838479572208e-05,3.7273493583073173e-07,4.7968923861554884e-05,0.0002346618748485217,0.0001376605025181521,2.304804724148353e-05,1.2146087055569683e-05,6.790017755773119e-07,0.004484492343305042,5.489404393784216e-07,0.0030364857324748024,1.1176588568900407e-08,0.0684381555722667,0.00015479543626033032,2.0749346484222406e-07,0.001461104702539251,6.892268518610054e-07,7.65027598689832e-08
10,1.4092452463170915e-07,1.4739598275208824e-08,1.0782091797098593e-05,0.9174487164947299,4.7986102908311485e-06,0.0004004681301003591,5.1015826521284514e-06,1.3335711793623158e-05,3.8081171352397193e-07,3.7201197462095325e-05,0.00020804425292227256,0.0001352483656090879,2.4633508553075322e-05,1.0478489185676974e-05,6.242524555713085e-07,0.006140622053825016,5.448599973371852e-07,0.004287798944631432,1.3870939492237318e-08,0.06984942956328381,0.0001596413650383495,2.1905985547428613e-07,0.0012610922353982845,6.113324450404814e-07,5.7551197766033804e-08
11,1.5066891281443968e-07,1.4326872921029197e-08,1.1044763047966182e-05,0.9141295958089588,4.851809747364902e-06,0.00039173385103489366,5.265527603892417e-06,1.4481392286769084e-05,3.8296045101376035e-07,3.931800611892793e-05,0.00020956021899414456,0.00013516807031784765,2.7706047512208386e-05,1.0579566012364699e-05,6.115979436077656e-07,0.006306945118335264,5.721083226291855e-07,0.004390641918594872,1.469013329069521e-08,0.07295236090621618,0.00015199831913065016,2.1742577380598057e-07,0.0012160825148650276,6.460821085087608e-07,5.6300704300319847e-08
12,2.0014013226322075e-07,1.4312917770647457e-08,1.7474187105588407e-05,0.9761174967296327,6.553756261900116e-07,0.00015621782799626,1.8102880344652064e-06,6.0590725039759616e-05,2.90028623930874e-07,6.51601203127168e-05,0.00013312976374697103,8.106362216130211e-05,3.3819054121925206e-05,1.3267075604876411e-06,4.080042344274383e-07,0.005200451197986175,3.193162688477851e-07,0.0005923111528263386,2.2742368596765288e-08,0.017365009342632975,3.382176673884e-05,4.1440512212834826e-07,0.00013765121809851315,3.279008825616148e-07,1.4069828256658081e-08
13,1.4115342368922067e-07,1.4671387050580398e-08,1.0787745368104893e-05,0.9172551348217993,4.790581297576621e-06,0.0003982479709956972,5.093370825466544e-06,1.3333047974849522e-05,3.796674488691428e-07,3.7224569554915256e-05,0.00020905118511471056,0.0001355718252578024,2.4675730250142474e-05,1.0523308403793725e-05,6.249724289097985e-07,0.0061294855771389265,5.442090577831795e-07,0.004284036636713926,1.3806354284684546e-08,0.07005747817994115,0.00015961302433005437,2.1813475283201816e-07,0.001262347988027729,6.103111263707239e-07,5.7511025949555316e-08
14,1.113059262393523e-07,1.4868493548226898e-08,9.952667511770751e-06,0.9001603863532245,7.323458625311414e-06,0.00039123371412529037,3.2457818822137086e-06,9.529156034568719e-06,3.188445270967883e-07,2.839485271493596e-05,0.00023139578403644508,8.667272767750962e-05,2.942632636807816e-05,7.832739345438525e-06,4.5622503911423934e-07,0.0064347446508511005,4.5234939444218124e-07,0.005497419254785477,1.729911416557952e-08,0.08611100033942307,0.00012787456730080192,1.6501908098004595e-07,0.0008616425492734475,3.5671636464023184e-07,3.244888003892174e-08
15,1.4092452463170915e-07,1.4739598275208824e-08,1.0782091797098593e-05,0.9174487164947299,4.7986102908311485e-06,0.0004004681301003591,5.1015826521284514e-06,1.3335711793623158e-05,3.8081171352397193e-07,3.7201197462095325e-05,0.00020804425292227256,0.0001352483656090879,2.4633508553075322e-05,1.0478489185676974e-05,6.242524555713085e-07,0.006140622053825016,5.448599973371852e-07,0.004287798944631432,1.3870939492237318e-08,0.06984942956328381,0.0001596413650383495,2.1905985547428613e-07,0.0012610922353982845,6.113324450404814e-07,5.7551197766033804e-08
16,1.5082520111662475e-07,2.537407434221198e-08,1.1217555576098074e-05,0.9407625833590202,5.153482355735077e-06,0.00045093119108373885,4.820561048385636e-06,1.439152564666039e-05,6.09233992800368e-07,4.319948856727151e-05,0.00018773547156099527,0.00010903568229750998,1.9172623266585642e-05,7.4671901543267895e-06,6.771535406842947e-07,0.004580041152826094,5.113230594523255e-07,0.0027356814111879823,1.6492221057424503e-08,0.04970469199948664,0.0001235397042309255,2.9693878813548727e-07,0.0012373794292634538,5.840956543203817e-07,8.673589526574198e-08
17,1.4607997116976305e-07,1.2563642865152095e-08,9.508931373141033e-06,0.9238333383860086,4.16129590531548e-06,0.0002965716916784173,5.284529804122465e-06,1.1723083423573253e-05,3.0612481893938786e-07,3.0075860076022063e-05,0.00020279231479702797,0.00014606972106726495,2.3708780757379468e-05,1.234677458009889e-05,5.231795124393028e-07,0.005349236125412362,4.996391873580434e-07,0.0034668412106112494,1.0002267053452702e-08,0.06530570941526581,0.00013527023276246615,1.9327566353683975e-07,0.0011650416190046033,5.690707377333581e-07,6.009167153811305e-08
18,1.7329604264784228e-07,1.6399171093700464e-08,1.0817689823390878e-05,0.9101173543864031,5.493898998596997e-06,0.00040059906792042505,6.021091046873955e-06,1.3014075584771394e-05,4.1346979760437623e-07,4.0602831175648824e-05,0.00022809646611190226,0.0001383994713347136,2.5859530922264815e-05,1.300731590673415e-05,6.592738747715413e-07,0.0056982038487679776,7.241036418819627e-07,0.004749659110230107,1.541427305580966e-08,0.07686561954799448,0.00016503947601755346,2.434891164224945e-07,0.0015191402411307028,7.45930783692685e-07,8.057392962428544e-08
19,1.369936281547407e-07,1.3694403380017614e-08,1.1881875265405897e-05,0.9183699355376321,4.703634083979692e-06,0.0004306355382177142,5.936481178708929e-06,1.510045576789449e-05,4.048035987486127e-07,4.84498241464992e-05,0.00019081698655674134,0.00014519349900170788,2.7561454482979428e-05,9.178909178481012e-06,5.625581250976105e-07,0.005937680016069377,5.386875942146768e-07,0.003337259143169753,1.3650859723532682e-08,0.07021778618098375,0.00013692585906966136,2.3858843164099646e-07,0.0011083043075270087,6.811742652621927e-07,6.014676216826136e-08
20,2.420605109353321e-07,1.0843048973360699e-08,1.5510993556047594e-05,0.8912355188597977,9.793862792699245e-06,0.00045090996855611074,8.409452033443287e-06,9.752338139592822e-06,5.060051090846818e-07,5.0441225877636e-05,0.00020286288332914767,0.00010558141434624952,3.554374158185812e-05,1.4927210777726036e-05,3.85222531735477e-07,0.007645909848433024,8.765747799743493e-07,0.004435625621082381,2.1259069956722805e-08,0.09372903820117476,0.00015804889655739068,1.5021414572450534e-07,0.0018888746012503234,9.764196363958197e-07,8.228188125672486e-08
21,1.3489837728209478e-07,1.0819221944570131e-08,8.802545857482072e-06,0.9216071834231285,4.018232416347108e-06,0.0002968801190939527,4.350356350959152e-06,1.0784983088575693e-05,2.9204590793930925e-07,3.0018138641966417e-05,0.00022423898968326248,0.0001319400476830912,2.1488028396929554e-05,1.1720838069723502e-05,5.466382923962526e-07,0.005721443430181571,4.4498485449945074e-07,0.0041065237863450385,1.0288013846287914e-08,0.06656278620904016,0.00013752414005347913,1.703219411174097e-07,0.0011181750873087443,4.644564278705149e-07,4.719162309007716e-08
22,1.3396859726312099e-07,1.2434117115346564e-08,1.0231895912467178e-05,0.9173954541836288,4.352831849187173e-06,0.00035450091336548047,4.683190633162226e-06,1.181827034260749e-05,3.255846956230258e-07,3.557747548811427e-05,0.00021118906133783368,0.000124005598961385,2.3807867407560246e-05,1.0070823206208863e-05,5.532736860442999e-07,0.005962203541696564,5.280143484787842e-07,0.004226745675766001,1.2492814963278692e-08,0.0702836301828927,0.00015194119191515852,1.966729670700624e-07,0.0011874226684274606,5.519137515335485e-07,5.0272191103908834e-08
23,1.4092452463170915e-07,1.4739598275208824e-08,1.0782091797098593e-05,0.9174487164947299,4.7986102908311485e-06,0.0004004681301003591,5.1015826521284514e-06,1.3335711793623158e-05,3.8081171352397193e-07,3.7201197462095325e-05,0.00020804425292227256,0.0001352483656090879,2.4633508553075322e-05,1.0478489185676974e-05,6.242524555713085e-07,0.006140622053825016,5.448599973371852e-07,0.004287798944631432,1.3870939492237318e-08,0.06984942956328381,0.0001596413650383495,2.1905985547428613e-07,0.0012610922353982845,6.113324450404814e-07,5.7551197766033804e-08
24,1.1985931989940926e-07,1.1950657662139398e-08,8.273649971770496e-06,0.9273137958972271,4.046629735568847e-06,0.00030878259694125046,3.8129085144606476e-06,1.0671011018680766e-05,2.8530647946362093e-07,2.9959276356638686e-05,0.00018931068471292117,0.00011329207778817298,2.1563787284305328e-05,8.835562052315193e-06,4.6368415088453443e-07,0.005054009949482442,4.1868963419040236e-07,0.0035901164121809157,1.0469879896523267e-08,0.0622967039787871,0.00011706109320025773,1.7868978676885994e-07,0.0009278011137729068,4.30558187862709e-07,4.416287660876071e-08
25,1.5293058307511346e-07,9.642209854452134e-08,1.7297328014077872e-05,0.9297059870416539,1.346752479058938e-05,0.0033730131212580247,9.325550086466496e-06,1.2789722006399709e-05,1.5538700191116246e-06,4.763647544736875e-05,0.00011605975176994692,0.00018660745115798598,1.4774524029325308e-05,9.228463594345093e-06,1.5060086635988055e-06,0.013849775642484153,1.3895432104503122e-06,0.009040016249545537,7.921907457239161e-08,0.039172459023182664,0.0007547999703627796,1.106501155005309e-06,0.0036689963713239584,1.706225430385813e-06,1.7506905771592184e-07
26,1.83117128837621e-07,1.7513298115838686e-08,1.1112588036506385e-05,0.9104197978107463,6.2174313381781996e-06,0.0004877124862863513,5.928414942816663e-06,1.4080263374689453e-05,5.677304635468331e-07,4.563001331130314e-05,0.00021440068238365618,0.00011129011613777691,2.6673837702223012e-05,1.0641638704145513e-05,6.718733106444912e-07,0.006063385093187192,7.229879616771184e-07,0.00525045767066908,1.8697245912966075e-08,0.0753974579694391,0.00017197212157134785,2.3028604992240466e-07,0.0017599769721675072,7.748414780688963e-07,7.784306530662687e-08
27,1.343309200036414e-07,1.7026323099944488e-08,8.78808317424086e-06,0.9315256851275001,4.320328340579445e-06,0.0004056700433851852,4.738054324785849e-06,1.3947715236034213e-05,4.3230479242068314e-07,3.6027760536740565e-05,0.00019871102709016444,0.00012758123933924234,2.0834834167849626e-05,8.906028965960279e-06,6.461330522318673e-07,0.00533418558107548,4.832724118024115e-07,0.0037557117045203025,1.339317383095913e-08,0.05730527762272755,0.00012676363586135536,2.481347408315828e-07,0.0011202882261880749,5.258815619200903e-07,6.251059035484826e-08
28,1.4092452463170915e-07,1.4739598275208824e-08,1.0782091797098593e-05,0.9174487164947299,4.7986102908311485e-06,0.0004004681301003591,5.1015826521284514e-06,1.3335711793623158e-05,3.8081171352397193e-07,3.7201197462095325e-05,0.00020804425292227256,0.0001352483656090879,2.4633508553075322e-05,1.0478489185676974e-05,6.242524555713085e-07,0.006140622053825016,5.448599973371852e-07,0.004287798944631432,1.3870939492237318e-08,0.06984942956328381,0.0001596413650383495,2.1905985547428613e-07,0.0012610922353982845,6.113324450404814e-07,5.7551197766033804e-08
29,1.4092452463170915e-07,1.4739598275208824e-08,1.0782091797098593e-05,0.9174487164947299,4.7986102908311485e-06,0.0004004681301003591,5.1015826521284514e-06,1.3335711793623158e-05,3.8081171352397193e-07,3.7201197462095325e-05,0.00020804425292227256,0.0001352483656090879,2.4633508553075322e-05,1.0478489185676974e-05,6.242524555713085e-07,0.006140622053825016,5.448599973371852e-07,0.004287798944631432,1.3870939492237318e-08,0.06984942956328381,0.0001596413650383495,2.1905985547428613e-07,0.0012610922353982845,6.113324450404814e-07,5.7551197766033804e-08
30,1.4092452463170915e-07,1.4739598275208824e-08,1.0782091797098593e-05,0.9174487164947299,4.7986102908311485e-06,0.0004004681301003591,5.1015826521284514e-06,1.3335711793623158e-05,3.8081171352397193e-07,3.7201197462095325e-05,0.00020804425292227256,0.0001352483656090879,2.4633508553075322e-05,1.0478489185676974e-05,6.242524555713085e-07,0.006140622053825016,5.448599973371852e-07,0.004287798944631432,1.3870939492237318e-08,0.06984942956328381,0.0001596413650383495,2.1905985547428613e-07,0.0012610922353982845,6.113324450404814e-07,5.7551197766033804e-08
31,1.8912489603489078e-07,1.577890957322292e-08,1.459251673085996e-05,0.9080249514646718,4.697360426262156e-06,0.0003632724357997404,5.163202094534804e-06,1.9620073385346782e-05,3.684468667096547e-07,3.954108081102477e-05,0.00021287320260946223,0.0001513023934208719,3.830231288303857e-05,1.1111834782952398e-05,6.647806587153965e-07,0.007362752334204221,6.466685494935903e-07,0.004550974735378884,1.8070745835189635e-08,0.07784821205635692,0.00017234615127755342,2.2184202631895073e-07,0.001177324609697822,7.860597624551711e-07,5.1463053398092776e-08
32,1.5399228533222823e-07,1.582751925015468e-08,1.1557826475121526e-05,0.9161008845400741,5.172564215990222e-06,0.00041165351957287127,5.232602252407968e-06,1.389747018917991e-05,3.9637787538023846e-07,3.835549883507342e-05,0.00021011535028632407,0.00013429830077052362,2.6582255827735858e-05,1.0803521959123084e-05,6.313550707042143e-07,0.006437723937542119,5.880046873835877e-07,0.004485677505094565,1.5932667044271048e-08,0.07069030518555205,0.00016178101993603858,2.2896959053410566e-07,0.0012532156784797167,6.536530720288611e-07,5.911016960658489e-08
33,1.6199788941084855e-07,1.5073718348026465e-08,1.0417858426148555e-05,0.9166605734861264,4.663177419410809e-06,0.00043716510693021413,5.724421360079385e-06,1.5695435785484997e-05,3.0484336388640637e-07,3.464489989491392e-05,0.00015186919881781386,0.0001346282916901806,3.5683885481700323e-05,9.937959873320638e-06,4.790390109060608e-07,0.0084557808808982,7.388781307799332e-07,0.005855643172214464,2.1247633275731226e-08,0.06708412322866082,0.00014554924429092597,2.698267322550201e-07,0.000955010042442243,8.542928412915658e-07,4.4510367881705355e-08
34,3.2582111631788105e-07,1.5563404079412315e-08,1.570643987977698e-05,0.9040575120717856,6.783530802986057e-06,0.0002707509974094232,4.76078765414183e-06,1.4814603023413919e-05,4.1745858798404454e-07,4.0384223922759416e-05,0.0003082438174082823,0.00011116226765675682,3.775900693316417e-05,1.6421850697291992e-05,6.432862985797484e-07,0.006468259773630803,7.308459723238973e-07,0.005034007379297022,2.3773673943973026e-08,0.08214228940456299,0.000144680483577559,1.7054506742211927e-07,0.0013233678394364147,7.049800596204046e-07,6.324814138403976e-08
35,1.8935455331138669e-07,2.2436564012294502e-08,7.039447314500742e-06,0.9463700630021896,4.177285679122915e-06,0.0003905599347319587,4.148723748889357e-06,1.945631237463689e-05,6.478516823653203e-07,3.389084050133738e-05,0.00019407118583555932,9.11617149977122e-05,2.2260196752012862e-05,6.812728190056563e-06,6.525881160384393e-07,0.005166508155670854,4.4802804023106255e-07,0.0038702294534808967,1.9599518516113012e-08,0.04288948781443349,7.45494017930236e-05,2.665293318452586e-07,0.0008528304867804075,4.4607760763371864e-07,6.085011209307619e-08
36,1.4314545729126127e-07,1.2630777805767642e-08,8.720751743398397e-06,0.9139111577499535,3.6897482367248667e-06,0.00037523773077551714,6.158438201741511e-06,1.6389597357974895e-05,3.1318844497498493e-07,3.379793559574822e-05,0.00021296516169697405,0.0002107317812351823,2.953323852587985e-05,1.377226867416374e-05,6.61259705880711e-07,0.007295441723635113,5.955284112438974e-07,0.005213967713352537,1.2614467123174242e-08,0.07141080064955967,0.0001415043084281153,2.56471819605659e-07,0.0011133939576106896,6.856441372123749e-07,5.676219600679524e-08
37,1.7686381228100828e-07,1.2166156774986412e-08,1.2842690151832547e-05,0.908318457224991,4.969487315407466e-06,0.0003129306661184888,5.961227649468705e-06,1.0777618121213812e-05,2.5846236391510506e-07,3.2034753335260484e-05,0.00021610701300221833,0.0001545801831264919,2.7458369640033846e-05,1.6725568617202724e-05,5.589078406058855e-07,0.0068476920750812345,6.914098576414049e-07,0.004794863753648341,1.3383381997285748e-08,0.07760400789221131,0.00020846178537621204,1.955576469528987e-07,0.0014293765002200748,7.868557021434284e-07,5.958463204920849e-08
38,1.3895276695302148e-07,1.4737409485508915e-08,1.1076650291477168e-05,0.9151644122026248,4.8838193356208735e-06,0.0004240980735005012,5.3672051340004255e-06,1.3578926878479787e-05,3.856979156929421e-07,3.759472260515578e-05,0.00020965505240761582,0.00014061058213946524,2.5243534693995056e-05,1.069734638878633e-05,6.477749399666444e-07,0.0065772315480225885,5.558105049981439e-07,0.004585148774264703,1.4390877655399155e-08,0.07131671657809777,0.0001700952570404913,2.2474997885649875e-07,0.0013009158927036488,6.352087004571403e-07,5.651077695871382e-08
39,1.166550506413071e-07,1.7605092751069085e-08,1.395146179956504e-05,0.9101712515245576,4.788317817732914e-06,0.0006001815507977442,5.325756628426414e-06,1.6132039508796507e-05,3.7962229926339806e-07,3.305384218468552e-05,0.00015716088995675948,0.00016631936206228294,2.7843504698657813e-05,8.935870286074558e-06,6.718239234153038e-07,0.009290298419644325,6.331010335486008e-07,0.005200248585615692,1.7956685763773836e-08,0.07272762366044627,0.0002636122096115931,2.7179864197810286e-07,0.0013103536377357993,7.633625356453365e-07,4.744138501428725e-08
40,1.8922146659537056e-07,1.963723942937964e-08,1.53146974420058e-05,0.9051156355899218,7.091357932648858e-06,0.00040977666922818214,5.975794716416558e-06,1.2986264802775877e-05,3.997636743453916e-07,3.830572418181278e-05,0.0002604092126733608,0.00018765864783620238,2.9520539460777517e-05,1.7418420065583834e-05,7.662327756943744e-07,0.0065270840826167145,6.822296567072174e-07,0.004455833916688631,1.729430557825939e-08,0.081192143557066,0.00020944233303451848,2.485147878812823e-07,0.0015122281731432185,7.681498807431086e-07,8.39754025052056e-08
41,1.1287345528758769e-07,1.4416209264078944e-08,6.860141761346382e-06,0.9416303976799224,4.086159173138702e-06,0.0003134551403726234,2.713974576125307e-06,1.21029290137243e-05,3.6300082556132104e-07,2.419363201066311e-05,0.00017785608063422597,7.811865262729192e-05,1.9408920456369227e-05,6.085132721316563e-06,4.724170299567832e-07,0.005350011595477675,2.9519607830137433e-07,0.0036527334391080854,1.2665905138832075e-08,0.04794144557760219,8.755212237449636e-05,1.6055636078630763e-07,0.0006912311986687365,2.856925918887333e-07,3.080504327564289e-08
42,4.13966823464718e-07,9.14989897894033e-09,1.3594100102030374e-05,0.7311772696711142,2.03355334021497e-05,0.000283556801438776,1.8181633275437014e-05,7.470118638174067e-06,5.53698094664532e-07,0.00010817459562772262,0.0008687722032050556,0.0002733622198000337,3.521022014404785e-05,0.0001297950048445083,1.4721041343903463e-06,0.0030631245781464708,1.2810416747594547e-06,0.008247939305883497,8.310610394412705e-09,0.24680470699594373,0.0003172531988930823,1.128815531515046e-07,0.008625188221990859,1.757496016882589e-06,4.5694874353816087e-07
43,1.344941280336278e-07,1.4633666814847934e-08,1.118149741725317e-05,0.9140030887578956,4.808793351412014e-06,0.00043503471216319137,5.16587023046742e-06,1.4122966276302371e-05,3.878036326704092e-07,4.018950020918979e-05,0.00019841725614573702,0.0001343786411408032,2.5676184006022953e-05,9.745960687980426e-06,6.313137102941293e-07,0.00643917353240764,5.665383098545466e-07,0.004450390618673888,1.4616896699933422e-08,0.07278956156703502,0.00017042409920039868,2.2643069910805733e-07,0.0012659616860355332,6.478567108177771e-07,5.4669369143462255e-08
44,1.4092452463170915e-07,1.4739598275208824e-08,1.0782091797098593e-05,0.9174487164947299,4.7986102908311485e-06,0.0004004681301003591,5.1015826521284514e-06,1.3335711793623158e-05,3.8081171352397193e-07,3.7201197462095325e-05,0.00020804425292227256,0.0001352483656090879,2.4633508553075322e-05,1.0478489185676974e-05,6.242524555713085e-07,0.006140622053825016,5.448599973371852e-07,0.004287798944631432,1.3870939492237318e-08,0.06984942956328381,0.0001596413650383495,2.1905985547428613e-07,0.0012610922353982845,6.113324450404814e-07,5.7551197766033804e-08
45,1.3904574935038378e-07,1.4506781241700527e-08,1.0615014771561257e-05,0.9161548007585455,4.4333771781795835e-06,0.0004383190248265916,5.652426866072458e-06,1.711204980715612e-05,3.8871484702378304e-07,3.9735081549928226e-05,0.0001936347082435515,0.00014470886894965722,2.9024439906280235e-05,9.579185423490709e-06,6.529823098813464e-07,0.007134275017201605,5.511560908957288e-07,0.0046488475854268765,1.5225243608814937e-08,0.0698928305722323,0.00015423056220677107,2.399831625960148e-07,0.0011194746699138482,6.753047245102374e-07,4.973804145220658e-08
46,1.4422780554433714e-07,9.65989263365251e-09,1.0370283942049984e-05,0.9230271803406032,3.230680356810061e-06,0.00032828455681463057,4.555278544380963e-06,1.114109317237199e-05,2.302858866192426e-07,3.7891046050599715e-05,0.00015741226634105983,0.00011651317959846464,2.749223501321748e-05,7.680759739341474e-06,3.379804504816093e-07,0.005733486524759264,6.971431956350348e-07,0.0031821645874597665,1.2591956598045254e-08,0.06631264998511589,0.0001315278997949702,2.1103576905502487e-07,0.0009060984775123667,6.345529499905012e-07,4.33272749542692e-08
47,1.450393432986526e-07,1.4383271787811662e-08,1.0921860459401667e-05,0.918177139807123,4.681480511884806e-06,0.000389974361192603,5.129767153331974e-06,1.3455226641965812e-05,3.6726428018199814e-07,3.6940820818949426e-05,0.0002033813593087303,0.00013443882766617305,2.540469334090317e-05,1.040201672722687e-05,5.97839112504526e-07,0.006262487351228953,5.545864912715502e-07,0.004241700231369187,1.4206785747509617e-08,0.06911545917167371,0.00015524560089273242,2.1910206261834529e-07,0.0012106468354105599,6.223740056518577e-07,5.579312739561851e-08
48,2.1967680758064175e-07,1.8134773768735436e-08,1.3791958416615352e-05,0.9111454276995404,5.706672086355822e-06,0.0005457112904052495,7.116225423091325e-06,1.9689957546343734e-05,4.517925616574739e-07,5.569791120192018e-05,0.00016992171715016246,0.00013489121458692952,4.049612644164352e-05,1.0030911417809986e-05,5.875309225406804e-07,0.008177389991097357,9.840303718456698e-07,0.005243507618306015,2.8151317383481187e-08,0.07302149344225957,0.00016722017721697562,3.1512417987400004e-07,0.0012380554539434421,1.1823258134736098e-06,6.486621202685167e-08
49,1.1876625121186098e-07,1.587889321585538e-08,1.1633536345047775e-05,0.9179503504435809,4.573050347861192e-06,0.0004611958882561888,4.966222431285364e-06,1.3963611290267674e-05,3.754956341008873e-07,3.793303154867522e-05,0.00018730114564455687,0.00015261779806507132,2.462661967443194e-05,8.84450063926519e-06,6.135368187458945e-07,0.006327952398287432,5.270244324383336e-07,0.003809718018760993,1.3804783966217013e-08,0.06968947561011464,0.00016878970775431663,2.533880892508224e-07,0.001143481249975319,6.047089629208706e-07,5.456341774823657e-08
50,2.0715261930856603e-07,1.1045179215865451e-08,1.2010014483727474e-05,0.9058297533421994,4.946243770971961e-06,0.0003310680676685463,7.195178514809001e-06,1.728837937055379e-05,3.8100847057158874e-07,5.723924273162255e-05,0.0002275165956500086,0.00013851558560070868,3.6438664585847514e-05,1.2893187207535417e-05,5.603728924873473e-07,0.006062922059157253,6.800946707924279e-07,0.003938634408865321,1.51774379418146e-08,0.08201800681976788,0.00011885957767187097,2.0353514646001843e-07,0.0011837156749080334,8.731658810439055e-07,6.540554822280152e-08
51,7.595128692925789e-07,8.678753840891538e-09,6.846655924299548e-05,0.6252452859688873,3.429715432985023e-05,0.0016262766157730017,4.9189428794684445e-05,1.8592228597499668e-05,9.8490809607669e-07,0.00024809584691033135,0.00025402779597816715,0.00034221431816653286,0.00018023793550930476,5.4241239755773745e-05,7.013760401881703e-07,0.02715001313272934,5.526915143223009e-06,0.013578379173354263,8.612588084435164e-08,0.32106992545441093,0.000927270637042506,2.1834217891566977e-07,0.009133444624596376,1.1562576662415341e-05,1.9345029616475044e-07
52,1.743831246028166e-07,3.372353128206585e-08,2.107197731362756e-05,0.9317393297566435,7.164732107649648e-06,0.0004270463688612609,7.921405919220766e-06,7.827661828671078e-06,4.3934314168508e-07,2.2310348259006636e-05,0.00019934624873430516,0.0001639046179776171,1.8154502837947566e-05,1.6565549453184192e-05,6.470885883944557e-07,0.00661668851155784,8.902729580782872e-07,0.002901087330049306,1.621515565312313e-08,0.05515911424933686,0.00031492234160580325,3.261069427334684e-07,0.002373964649460697,9.032276709131229e-07,1.493869402588538e-07
53,1.2292262447622911e-07,1.2041783271144251e-08,1.0163450675101547e-05,0.9100911839109229,4.625716523396783e-06,0.00038064724588695513,5.471889918198014e-06,1.1579291376332032e-05,3.522728410633716e-07,3.553990754115268e-05,0.00021680886345550084,0.00014115158318258415,2.2962800162769747e-05,1.1267700545033544e-05,6.05895485501157e-07,0.005969715051703612,5.140152328904872e-07,0.004301135434683255,1.0638340682443042e-08,0.07716698161927156,0.00017260890174159712,1.897244803659804e-07,0.0014557062964388647,5.854920892566587e-07,5.7333093532643673e-08
54,1.54020354640425e-07,2.4015565414086276e-08,9.277388538137498e-06,0.941169962834058,4.839007851676791e-06,0.00042602248096789054,5.664134663206295e-06,1.3599032896252874e-05,4.6744959158711524e-07,3.344110381099847e-05,0.00020391299430554157,0.00015137628793644058,1.7746674470919205e-05,1.1856562765658176e-05,8.050606097860918e-07,0.005365333136483409,5.418362735613949e-07,0.0035200962892251992,1.4867266065066181e-08,0.04767540634350536,0.00014659614792139484,3.233141426780988e-07,0.0012418347320255992,6.135594169489001e-07,9.072535382029144e-08
55,1.4649331084550127e-07,1.6087922932237037e-08,1.2286888615553357e-05,0.927448492890524,4.712603283382607e-06,0.0003482169011787879,4.165531987094167e-06,1.0766089207314175e-05,3.5197029907233123e-07,3.8726269881422265e-05,0.00021253929548417611,9.085182691355548e-05,2.0196065622407425e-05,8.481520938504286e-06,5.659861432788197e-07,0.004945770450467449,5.847248586897568e-07,0.00332435811545053,1.454188987388565e-08,0.06212493525012729,0.00016642264874051517,2.1197216961859162e-07,0.00123658090914241,5.475431406405577e-07,5.742270078133194e-08
56,1.4562562531426976e-07,1.4130676082752307e-08,1.0883056443394955e-05,0.9146055066325534,4.820833036336369e-06,0.00039364129135187635,5.193529652303581e-06,1.409154284081611e-05,3.7854835659503146e-07,3.8500928320346715e-05,0.00020683002388265163,0.0001345654506060325,2.682907608450002e-05,1.0443946817406788e-05,6.059770700104152e-07,0.00624476513692138,5.569713691255767e-07,0.0043451363820199524,1.4192379174964696e-08,0.07258302939987021,0.00015383367418090506,2.140834286020717e-07,0.0012193139755640574,6.299064114105945e-07,5.56845383734465e-08
57,1.3383972491331943e-07,1.3054060158416393e-08,3.598921587344743e-06,0.9596146659145277,2.3506364794921425e-06,0.0002431726205495975,3.7377099952381515e-06,8.846728029508535e-06,3.274030967189309e-07,2.146103362290652e-05,0.0002037202353288952,6.893418737158312e-05,9.613726815001323e-06,8.673088933893002e-06,6.095730570952234e-07,0.00339997178255391,3.4375245144015404e-07,0.0042978112035372265,7.670757898386824e-09,0.03082352987658433,8.718020927915266e-05,1.8338680538562226e-07,0.0012007247091712471,3.322437460161882e-07,5.649193338694373e-08
58,1.5469533845025384e-07,1.5433995720412023e-08,1.1805928767447785e-05,0.9094581037534223,5.146493923277966e-06,0.000433706681834466,5.764185162768801e-06,1.5246067897438392e-05,3.9489188853686624e-07,4.187608379014053e-05,0.00020646243978585807,0.00014896091104029123,2.9070424747686795e-05,1.1366691875262348e-05,6.638489657054242e-07,0.006644740270628762,6.278573723749253e-07,0.004806604077810162,1.5802262058958975e-08,0.0766673146297363,0.00017381925364751515,2.385771892810152e-07,0.0013370827909655546,7.571181693517226e-07,6.108978314092609e-08
59,1.545082076128804e-07,1.5103923736967173e-08,1.2625240110410279e-05,0.9071671373992737,5.2601034946677135e-06,0.00041806706733617846,5.619096771028378e-06,1.4825675122766212e-05,3.8703981714035746e-07,4.1250676090243055e-05,0.00020992026261715084,0.00014677970985143256,2.942326105092649e-05,1.1383419223176572e-05,6.480648421788831e-07,0.006635837627314871,6.224878450008189e-07,0.004560733002382496,1.54837281534071e-08,0.0792136072074001,0.00017940919698480792,2.2628670467717391e-07,0.0013452532427342381,7.390000255293034e-07,5.983714771900539e-08
60,1.4092452463170915e-07,1.4739598275208824e-08,1.0782091797098593e-05,0.9174487164947299,4.7986102908311485e-06,0.0004004681301003591,5.1015826521284514e-06,1.3335711793623158e-05,3.8081171352397193e-07,3.7201197462095325e-05,0.00020804425292227256,0.0001352483656090879,2.4633508553075322e-05,1.0478489185676974e-05,6.242524555713085e-07,0.006140622053825016,5.448599973371852e-07,0.004287798944631432,1.3870939492237318e-08,0.06984942956328381,0.0001596413650383495,2.1905985547428613e-07,0.0012610922353982845,6.113324450404814e-07,5.7551197766033804e-08
61,1.5596511473121638e-07,1.578587528100397e-08,1.2724279640525312e-05,0.9102233818983416,5.3842366363411675e-06,0.0004267319772155742,5.717868282225457e-06,1.4314863441482974e-05,3.9787091269444264e-07,4.0780837665862936e-05,0.00021367138399199713,0.00014802788169210863,2.8030423026729583e-05,1.1664622795335023e-05,6.629201989437045e-07,0.006632380452071811,6.209039784860923e-07,0.0044933448726203655,1.57460439728948e-08,0.07619349681936645,0.0001812603372306158,2.3352607676389071e-07,0.0013661915754185478,7.299560773370495e-07,6.299628416324477e-08
62,1.4092452463170915e-07,1.4739598275208824e-08,1.0782091797098593e-05,0.9174487164947299,4.7986102908311485e-06,0.0004004681301003591,5.1015826521284514e-06,1.3335711793623158e-05,3.8081171352397193e-07,3.7201197462095325e-05,0.00020804425292227256,0.0001352483656090879,2.4633508553075322e-05,1.0478489185676974e-05,6.242524555713085e-07,0.006140622053825016,5.448599973371852e-07,0.004287798944631432,1.3870939492237318e-08,0.06984942956328381,0.0001596413650383495,2.1905985547428613e-07,0.0012610922353982845,6.113324450404814e-07,5.7551197766033804e-08
63,1.436346972366816e-07,1.66494876535696e-08,1.0655872851244916e-05,0.9208519659452838,4.977089287423715e-06,0.0004155224731923999,5.057334544825158e-06,1.3323366561708412e-05,4.0588907568391195e-07,3.632721511961025e-05,0.00021077746250998362,0.0001334473845281572,2.3607116089539626e-05,1.0428754661554517e-05,6.60528434908706e-07,0.0060245730426901345,5.518881972180052e-07,0.00431389002877887,1.4612645752496074e-08,0.0665040119180388,0.00016215712903599455,2.3529722608175768e-07,0.00127658579585407,6.020145231877986e-07,6.155668383360725e-08
64,1.3775422559185956e-07,1.5559337151832593e-08,1.2801131567523515e-05,0.9096702109551568,5.228970917255087e-06,0.0004315490058750535,5.370857961888499e-06,1.267633430349295e-05,3.721571318636659e-07,3.710765564339471e-05,0.00021420420914635056,0.0001504705343705952,2.521941721368102e-05,1.1611054023604972e-05,6.680673652588679e-07,0.006648798951650031,6.059671194102555e-07,0.004487497520915651,1.4362131262041948e-08,0.07662931972713614,0.00020813423154263214,2.2833155670930726e-07,0.0014470221028048543,6.74412104944856e-07,6.07287989442296e-08
65,1.994449555508747e-07,9.95429749652011e-09,1.0938331473906118e-05,0.9367666998439821,3.7299993119224206e-06,0.00027107451962435635,3.893755417006135e-06,1.8426465892877072e-05,4.3264218345699415e-07,5.954489054565943e-05,0.0002875423439823527,0.00010789011734675865,3.1602144098004545e-05,7.782740593448901e-06,5.065679808148885e-07,0.005545247462931032,3.546097123056642e-07,0.002513420078798043,1.5941772645323e-08,0.05371644018189327,5.780824547317913e-05,1.7173586446774086e-07,0.0005958453971404037,3.8584819455357604e-07,3.6736534441401796e-08
66,1.8880924572023216e-07,8.729213765053884e-09,1.984799473040793e-05,0.8559933952447308,8.580692867464279e-06,0.0003907983602003844,7.00194479672948e-06,1.3238016549635908e-05,3.6039944300709466e-07,5.678514575001625e-05,0.00019631873320087145,0.00011119045887791087,5.6829221446871244e-05,1.0638189238296395e-05,3.3137113070694985e-07,0.0080623347865938,7.621119983990944e-07,0.003921091225716637,1.9493376831569433e-08,0.12984288336202426,0.0001467661325257891,1.3763291558641757e-07,0.0011595570443333277,8.899972130900842e-07,4.490187972037693e-08
67,5.738748701098283e-07,2.060718300169665e-08,1.6568889489143797e-05,0.9411519350420272,9.042417209702537e-06,0.0002455738427958013,4.23962252420199e-06,4.045628224047189e-05,1.0149345044666008e-06,9.382119412895686e-05,0.00035637214990659737,8.984547682096946e-05,5.914840919654666e-05,9.696994936893916e-06,6.862307506267124e-07,0.006354290372083848,4.064998096476072e-07,0.0025335135585084476,4.8226760492549634e-08,0.048598324655056445,3.464022572534258e-05,2.1191850191699194e-07,0.000399026820390822,4.949110109432975e-07,4.6843567333764145e-08
68,2.850329742158287e-07,1.3475217462847022e-08,9.30448537994625e-06,0.9519963173336904,4.773199428824101e-06,0.0001699071672745556,3.8399758849951424e-06,8.903675058376185e-06,3.698999800755949e-07,3.0882045471577696e-05,0.0002247989272385165,5.4002293436797405e-05,2.151719666123118e-05,1.0153149002987062e-05,3.373571641738089e-07,0.004794076065935734,5.35569354294254e-07,0.0026074368389796417,1.9602273468940796e-08,0.03922147264578651,5.786490885742633e-05,1.5658136240463776e-07,0.0007825588814757757,4.187561610755935e-07,5.493594949483192e-08
69,2.434097776899582e-07,2.184248567459102e-08,1.5634346619858466e-05,0.9306464915807832,6.2829047135303376e-06,0.0005164879734576004,8.316949407963845e-06,1.795850568494873e-05,4.4366249603925e-07,4.211569627919898e-05,0.00015539569468964423,0.00017199480290020435,3.5273251027836524e-05,1.3758303883196472e-05,6.031774151557695e-07,0.00987983866890334,8.152711774217747e-07,0.004317831079613078,2.9281757235178366e-08,0.0528998809047702,0.00017123707090748933,3.4699452981883673e-07,0.0010977130612659309,1.2143187680920738e-06,7.124668555319363e-08
70,1.91499600240506e-06,1.6918884637885618e-07,3.951661165130135e-05,0.786889112885453,2.9696738898186145e-05,0.0013694908143024348,3.080114550660459e-05,4.796735255676307e-05,1.4072979518428632e-06,0.00016734389003291458,0.0005429615260558559,0.0007332901129141618,0.00013200807551867942,0.00016224447320263498,5.404855306548728e-06,0.014488211231038705,1.2943668333499418e-05,0.041394586176388026,2.592869176369518e-07,0.14320790198107636,0.0011020088328752842,2.114676326952667e-06,0.009619713922680751,1.786976267285703e-05,1.0604974903181105e-06
71,1.6972612160270186e-07,9.354528422400711e-09,9.7828248760852e-06,0.8843478663131122,5.7940254963072986e-06,0.0004632512573442261,1.1221131365261525e-05,1.8346060238887243e-05,4.7062431639328666e-07,6.505182710236878e-05,0.00019590163782493407,0.0001379911503476269,3.9655745873678886e-05,1.1530003140462628e-05,5.052209927105811e-07,0.006344496030397935,7.393088106254079e-07,0.004401902564616523,1.3280787984361368e-08,0.10246866437490638,0.00011384075107676268,2.0173336711893727e-07,0.0013614992633086019,1.023094629207604e-06,7.269541747505061e-08
