,0,1,2,3,4,5,6,7,8,9,10,11,12,13,14,15,16,17,18,19,20,21,22,23,24
0,7.461784735272268e-06,8.914137378428559e-06,0.036190644026934796,0.008355715345234034,3.6156973600645334e-06,7.912234708596818e-05,0.00048210341371863916,0.043326178121006066,0.00012738845127109412,0.028605299375441467,3.2252592554791453e-06,4.626565296320816e-06,0.005682808223599989,0.007738918499646981,2.520565180879192e-07,0.01793834471603995,2.0749266759081205e-05,0.47279351946915493,5.729357694055664e-06,0.37810580777349195,0.00022640714243829166,6.726475556688723e-07,0.0002816355220044132,1.0396646253369591e-05,4.64154125566572e-07
1,4.915118887605942e-06,7.829325458588972e-06,0.03289133475042666,0.005584873696327961,2.7282100055131226e-06,0.00010739159454667997,0.00039419206729451336,0.03612523066812607,0.00021080761716910237,0.04728825764530384,2.551081803892691e-06,2.897046532133279e-06,0.004235358977825712,0.010353204979177928,2.6752606133995267e-07,0.016660640820436088,1.4466872332609515e-05,0.4572238386046385,7.411072975276536e-06,0.3882708671023656,0.0002682318577167172,7.172513295268718e-07,0.0003301764134915823,1.1221689728273115e-05,5.880100384119086e-07
2,5.6727175297246675e-06,8.349477177842962e-06,0.03195575805140737,0.005965813897796795,3.1999187166897196e-06,0.00011151093520991863,0.00042688425507142604,0.037541644092453086,0.00021908322125775023,0.04167237317227881,3.0501772777606696e-06,3.3441555787368514e-06,0.004433853618066447,0.011374804966607267,2.8860141377893814e-07,0.014392770284510808,1.5179143866009981e-05,0.47222200085287847,7.000480587217293e-06,0.3790129024320743,0.0002748691635011685,8.213009666671553e-07,0.0003375252584111633,1.069677731959543e-05,6.030480413386358e-07
3,5.951024788545876e-06,8.301854439694129e-06,0.03225249242955353,0.006077554261589116,3.139013771792619e-06,0.00011378255691093427,0.0004329632454718306,0.038124464014140116,0.00021496620330231243,0.041391215914059976,3.0870024692961924e-06,3.31889559348465e-06,0.004484624009553828,0.010912832274738257,2.799994663559669e-07,0.014280930141095058,1.5487266554104712e-05,0.48614080194364373,7.131297752659308e-06,0.36489122923629924,0.0002780381746223453,8.146865443842477e-07,0.0003453252301958118,1.068913603384552e-05,5.801874097886175e-07
4,6.1617991514221816e-06,8.626027396645848e-06,0.032576289767898184,0.006005039301638393,3.1026221503574676e-06,0.00010223584231260146,0.000435376897015518,0.03716851068689857,0.00021279044840076495,0.03963411229356299,3.11387559362455e-06,3.385890522733917e-06,0.004948428353507803,0.011364909995342933,2.6621613123630446e-07,0.013496533496793747,1.5119332132772262e-05,0.4846121775405733,7.004077803036577e-06,0.36877759944434724,0.00028385650319492754,8.518824976154824e-07,0.00032303779677995937,1.0903399899902047e-05,5.665084537803767e-07
5,1.436555007490797e-05,1.85461211073043e-05,0.06803633884043478,0.005851231165944323,4.096192811270806e-06,0.0003014238665238945,0.0014411985783272776,0.12026867364715543,0.0004189257511358082,0.06218150250704246,9.390917227226636e-06,1.5412861192444045e-05,0.009137387252341565,0.018853825643034994,9.952268875659201e-07,0.03324924132943416,2.792998202465567e-05,0.3547485557611983,1.8739187777181782e-05,0.32454584543151227,0.0005789868119453867,3.824323011207392e-06,0.0002603997449381002,1.0520347368468976e-05,2.642959549093646e-06
6,5.951024788545876e-06,8.301854439694129e-06,0.03225249242955353,0.006077554261589116,3.139013771792619e-06,0.00011378255691093427,0.0004329632454718306,0.038124464014140116,0.00021496620330231243,0.041391215914059976,3.0870024692961924e-06,3.31889559348465e-06,0.004484624009553828,0.010912832274738257,2.799994663559669e-07,0.014280930141095058,1.5487266554104712e-05,0.48614080194364373,7.131297752659308e-06,0.36489122923629924,0.0002780381746223453,8.146865443842477e-07,0.0003453252301958118,1.068913603384552e-05,5.801874097886175e-07
7,3.7086624317622436e-06,8.69267745845892e-06,0.02686054585325613,0.0067129949543787365,3.496533469723497e-06,0.00014828926298187436,0.00040889106124353855,0.03632342104706968,0.0002758152018650349,0.05557532046331954,2.295515468676927e-06,3.2090962971781653e-06,0.0026321616379077783,0.013391223447860149,3.446467639420231e-07,0.018145212726460077,1.642680006447398e-05,0.47337441370377364,7.81220793728372e-06,0.36532725657113213,0.0002657453628578357,6.891405973044829e-07,0.0004994356537450849,1.1804501958947526e-05,7.932697008854008e-07
8,6.661954566285939e-06,9.556177549460167e-06,0.04927266421672227,0.0068311677067620265,3.5593174276561204e-06,0.00011294578767187352,0.0003134414546630778,0.03202052303215685,0.00023577774729640358,0.05350274809874335,2.631749024690851e-06,3.2975042687897795e-06,0.003966733158480412,0.013481255023506968,2.936822239111413e-07,0.015569866109887467,1.8978813555650406e-05,0.42126280664435556,5.155455765419255e-06,0.4026562520795511,0.0002585784300018093,6.726643228571044e-07,0.0004485103650969725,1.5149211198902817e-05,7.736152001812718e-07
9,4.368863175606868e-06,9.2776316898116e-06,0.042388227271229935,0.0064638725909944615,2.8121086430464833e-06,0.0001015015718024235,0.00026742773049001487,0.02994614934256535,0.00023098072630062548,0.0638529344537969,1.97869019276336e-06,2.801313423891257e-06,0.0035689099227910956,0.01377239111304842,2.938104631942958e-07,0.01830399694064238,1.6031663239660715e-05,0.3792319654890163,5.566424687168905e-06,0.4411942689046561,0.00022505330706620505,6.088363725656654e-07,0.00039387677172525643,1.3934111719094148e-05,7.704102677158256e-07
10,5.951024788545876e-06,8.301854439694129e-06,0.03225249242955353,0.006077554261589116,3.139013771792619e-06,0.00011378255691093427,0.0004329632454718306,0.038124464014140116,0.00021496620330231243,0.041391215914059976,3.0870024692961924e-06,3.31889559348465e-06,0.004484624009553828,0.010912832274738257,2.799994663559669e-07,0.014280930141095058,1.5487266554104712e-05,0.48614080194364373,7.131297752659308e-06,0.36489122923629924,0.0002780381746223453,8.146865443842477e-07,0.0003453252301958118,1.068913603384552e-05,5.801874097886175e-07
11,6.1685877847896366e-06,8.372432593464518e-06,0.03245344914056055,0.0060112862338231685,3.1684755101499804e-06,0.00010799806615896634,0.0004450188981063653,0.03754324173994522,0.00021246592726462766,0.03941081269439757,3.1576936427727493e-06,3.401001937168111e-06,0.0048542923528826585,0.010816422213871395,2.7872098772505886e-07,0.01410069633224155,1.53988728584712e-05,0.47876248140620903,7.111925827416569e-06,0.37460825838486494,0.0002822158527006886,8.435735633891956e-07,0.0003318193661445033,1.1064314060548858e-05,5.757920630120162e-07
12,4.934552066773791e-06,6.705362627197214e-06,0.03386819773981365,0.0036310657940242033,4.7060552082346144e-06,0.00010116906557063324,0.0003133946191917776,0.02148311695001515,0.00021876251330682015,0.034991610357602766,2.8528974663128454e-06,3.111811709075575e-06,0.0034969372881900143,0.011672463882067512,2.290959402024342e-07,0.012564143751969549,1.5156896318354587e-05,0.3628677065462612,3.425020521814008e-06,0.51415526417286,0.0002278592704089856,6.326678813012787e-07,0.00035137652737073284,1.442526638440651e-05,7.518952233805765e-07
13,6.51842376910762e-06,8.509163741198014e-06,0.033240420620370144,0.005724257638100091,3.2683271370943605e-06,0.00010043950907774737,0.00043339481984245405,0.03991557127535665,0.00020883019939901059,0.03730784591271899,3.546134668518846e-06,3.7953487701371766e-06,0.004917764214229873,0.012184426694061615,2.816478268083351e-07,0.013202478220859246,1.5006612144140302e-05,0.488318441189631,6.80663172986916e-06,0.3637956873053539,0.00029241174137147193,9.145587925286986e-07,0.00029860286522142567,1.0169840289288543e-05,6.111055375742928e-07
14,6.875358577471935e-06,1.1364485764387655e-05,0.019431433005859866,0.007651340667505737,4.279315877685566e-06,0.00010457757105491963,0.00046956953810924166,0.032321376707025465,0.0002064686360103054,0.03602102809780816,4.196113699032819e-06,3.0924234462566763e-06,0.00601266247110215,0.009088704001783167,2.73659712502167e-07,0.010090252430455231,1.4235791287020366e-05,0.605783038582938,1.2124504589519857e-05,0.27215219421558384,0.00032169093884180466,1.161423878617928e-06,0.00027780887291152376,9.852148266439507e-06,3.990379115814993e-07
15,5.951024788545876e-06,8.301854439694129e-06,0.03225249242955353,0.006077554261589116,3.139013771792619e-06,0.00011378255691093427,0.0004329632454718306,0.038124464014140116,0.00021496620330231243,0.041391215914059976,3.0870024692961924e-06,3.31889559348465e-06,0.004484624009553828,0.010912832274738257,2.799994663559669e-07,0.014280930141095058,1.5487266554104712e-05,0.48614080194364373,7.131297752659308e-06,0.36489122923629924,0.0002780381746223453,8.146865443842477e-07,0.0003453252301958118,1.068913603384552e-05,5.801874097886175e-07
16,6.265900181135809e-06,8.869653779378761e-06,0.028195221277456745,0.006349150083604318,3.2230934193459093e-06,0.0001051406093680121,0.0004550992903515179,0.04365122333882337,0.0002116826381170711,0.03681689052279643,3.6022451546543593e-06,4.022970035085541e-06,0.004725997251387654,0.01219036712555952,2.996573008702194e-07,0.013143693328244626,1.500964641948781e-05,0.5178756104368504,7.7103822907823e-06,0.33563157713277125,0.00028510595966846933,9.844314174634884e-07,0.00030363548592372483,9.040237026482858e-06,5.773020522338064e-07
17,7.150795979192135e-06,8.004343163022988e-06,0.029720711613898897,0.005731625910030952,3.5907120229297834e-06,9.028359161516025e-05,0.00048555936797680576,0.0348895515829073,0.00021118670109688655,0.029510895883305657,3.452774472000622e-06,3.6339246132311785e-06,0.0053270177354713105,0.011193936980919117,2.1736144234025814e-07,0.010643563844430035,1.4451611468592483e-05,0.5273828678519612,5.9806529084423655e-06,0.3441513090431371,0.00029164822730883683,8.693360589198167e-07,0.0003110873926850133,1.0915844884457567e-05,4.869162423874575e-07
18,5.306357937042648e-06,8.273929207333584e-06,0.031863809125535957,0.005460624315015816,2.986510777086078e-06,0.00010803450920751187,0.00043654785666010507,0.036277452617831565,0.0002171839902821019,0.042149195918643696,2.909463547912549e-06,3.4368265610742835e-06,0.004182276672699331,0.011995526516333037,2.791228571030804e-07,0.015016699577524538,1.5408554424058877e-05,0.48012349051767933,7.17900121575771e-06,0.37146875292208464,0.0002901708111100778,7.837866181050618e-07,0.00035203256971406423,1.0982704124203599e-05,6.558224085336664e-07
19,5.291824000340371e-06,1.0492587374022974e-05,0.03092792197676684,0.007943410436582156,3.6735806309800532e-06,0.00013737573489448657,0.0004474744448669661,0.03809010409964833,0.00026602147654571946,0.05212973928300992,2.8785536410330272e-06,3.613565791123836e-06,0.00464308139092408,0.011908336004597803,3.5481774502974877e-07,0.015966968842106393,1.6479733525709855e-05,0.42220417149453426,7.649803081156775e-06,0.4146507371153327,0.00024057663165140628,9.334635205245044e-07,0.00037959664504813237,1.2451618403427287e-05,6.648757773161063e-07
20,5.960618086074804e-06,7.690671895296708e-06,0.03430866903912596,0.0058900151893476775,3.093290029091299e-06,0.00011312247177130107,0.00042317489522825227,0.03598907736732592,0.00019955259711528325,0.040548704343818257,2.9057319241859705e-06,3.3120216476634886e-06,0.004080326512336771,0.010021637115918537,2.6413595583070477e-07,0.015584496376301915,1.6411545055454495e-05,0.49340969488998626,6.63809745543006e-06,0.35872623164357753,0.0002703157341193723,6.780169818035193e-07,0.00037609009374078796,1.1346363939140083e-05,5.912373163181029e-07
21,5.951832516409278e-06,8.481869152673218e-06,0.03149169316487074,0.006250547151467233,3.2532084664537497e-06,0.00012317213227050028,0.00044847206365665633,0.03874218426727587,0.00022793072265035906,0.042798686585450475,3.173620490622561e-06,3.311340172431835e-06,0.004465423721844745,0.010945935840684517,2.9802441317587637e-07,0.014233861872225657,1.54691649848825e-05,0.48546850865272223,7.548618833539032e-06,0.3641079707370333,0.00028001769570080233,8.541559274893005e-07,0.00035592979447263997,1.0729825940200053e-05,5.939367762754989e-07
22,6.335421209293542e-06,7.869605376159274e-06,0.033559118964746046,0.005652691346468757,2.8780664143675983e-06,0.00010809650444996028,0.000388739154733716,0.03931855484903887,0.00018508938552603602,0.040267347129821815,3.104318949062403e-06,3.146611151562438e-06,0.004344651229787098,0.010387675219714405,2.442170708608015e-07,0.013719841653001793,1.6588893865500634e-05,0.5052281811532516,6.583793604204842e-06,0.3461659786891528,0.00028054051200837,7.896408474922974e-07,0.00033584784940997027,9.583507850327929e-06,5.22282549957991e-07
23,5.951024788545876e-06,8.301854439694129e-06,0.03225249242955353,0.006077554261589116,3.139013771792619e-06,0.00011378255691093427,0.0004329632454718306,0.038124464014140116,0.00021496620330231243,0.041391215914059976,3.0870024692961924e-06,3.31889559348465e-06,0.004484624009553828,0.010912832274738257,2.799994663559669e-07,0.014280930141095058,1.5487266554104712e-05,0.48614080194364373,7.131297752659308e-06,0.36489122923629924,0.0002780381746223453,8.146865443842477e-07,0.0003453252301958118,1.068913603384552e-05,5.801874097886175e-07
24,5.258675510045174e-06,9.80375037429676e-06,0.027587787615438227,0.007781488300882576,3.104303906263348e-06,0.00011107006108024333,0.00042882537583706744,0.038102525383014584,0.00022794697298669176,0.045554018959243624,2.7547025822626555e-06,3.220982262449795e-06,0.004472061613840682,0.011461246456791144,3.0553976927303724e-07,0.014576910488553993,1.536141305956151e-05,0.5007503518014704,8.560471777667537e-06,0.3482631353039727,0.0002613881535951159,8.520307696299905e-07,0.00036093798621215483,1.0530803608656235e-05,5.528534605236503e-07
25,6.291938786683109e-06,1.9127029709199542e-05,0.057030971468615584,0.009889019463333055,3.5789019886760587e-06,0.0003801614599417783,0.000408050388548981,0.017757502604381446,0.0008546180234961393,0.19916180212557238,2.190697764555064e-06,2.6759875669839074e-06,0.004106038795759168,0.016870931142338286,1.0844840113932307e-06,0.023057110282372763,2.0985425978492246e-05,0.29706265823076544,1.8646505505483285e-05,0.37192499321499795,0.00029195426671940316,1.0262048263019793e-06,0.001088416419070734,3.8002790877502316e-05,2.1621470714010165e-06
26,6.257044445192714e-06,7.003284461852275e-06,0.03625179212569433,0.005742440551552319,3.3401648878480096e-06,0.00010618408826900396,0.0003554473685037059,0.026507176457509152,0.0002251530891995893,0.03879893290378364,2.4958050426228006e-06,2.612404168111518e-06,0.003960328486373657,0.009624036043251445,2.2274562845468784e-07,0.01305079984814473,1.51829762876596e-05,0.48270295431742827,5.176814386266802e-06,0.38194032562111113,0.0002444903495378267,5.647579491397158e-07,0.00043217015253491065,1.4386047001567998e-05,5.265528476493617e-07
27,5.9083721838774495e-06,9.397478295628804e-06,0.02835784446236822,0.0071149658465610695,3.5725823614901184e-06,0.00014549062521022841,0.00046716539256577656,0.04240556924347381,0.0002909797928236062,0.04697274866070727,3.441486820639226e-06,3.6080717957789053e-06,0.004781709439353807,0.01153501042224234,3.682264489362255e-07,0.014515637892978139,1.4275356866904628e-05,0.45977457817330947,8.846366121288973e-06,0.382961634465362,0.0002604948678078241,1.1001971457961182e-06,0.0003534299408432881,1.1563607315910128e-05,6.59029036597667e-07
28,5.951024788545876e-06,8.301854439694129e-06,0.03225249242955353,0.006077554261589116,3.139013771792619e-06,0.00011378255691093427,0.0004329632454718306,0.038124464014140116,0.00021496620330231243,0.041391215914059976,3.0870024692961924e-06,3.31889559348465e-06,0.004484624009553828,0.010912832274738257,2.799994663559669e-07,0.014280930141095058,1.5487266554104712e-05,0.48614080194364373,7.131297752659308e-06,0.36489122923629924,0.0002780381746223453,8.146865443842477e-07,0.0003453252301958118,1.068913603384552e-05,5.801874097886175e-07
29,5.951024788545876e-06,8.301854439694129e-06,0.03225249242955353,0.006077554261589116,3.139013771792619e-06,0.00011378255691093427,0.0004329632454718306,0.038124464014140116,0.00021496620330231243,0.041391215914059976,3.0870024692961924e-06,3.31889559348465e-06,0.004484624009553828,0.010912832274738257,2.799994663559669e-07,0.014280930141095058,1.5487266554104712e-05,0.48614080194364373,7.131297752659308e-06,0.36489122923629924,0.0002780381746223453,8.146865443842477e-07,0.0003453252301958118,1.068913603384552e-05,5.801874097886175e-07
30,5.951024788545876e-06,8.301854439694129e-06,0.03225249242955353,0.006077554261589116,3.139013771792619e-06,0.00011378255691093427,0.0004329632454718306,0.038124464014140116,0.00021496620330231243,0.041391215914059976,3.0870024692961924e-06,3.31889559348465e-06,0.004484624009553828,0.010912832274738257,2.799994663559669e-07,0.014280930141095058,1.5487266554104712e-05,0.48614080194364373,7.131297752659308e-06,0.36489122923629924,0.0002780381746223453,8.146865443842477e-07,0.0003453252301958118,1.068913603384552e-05,5.801874097886175e-07
31,6.952754506396376e-06,7.428601210348516e-06,0.0399521978127585,0.0052396227428273354,2.485768839334644e-06,9.14914501196813e-05,0.0003893665788740046,0.04444613533745473,0.0001608978512583304,0.03738373932961241,2.9725096832831428e-06,3.2695995722855278e-06,0.004370819799898568,0.010211673698363592,2.0068054810411726e-07,0.014234917035614858,1.6686247220147063e-05,0.5236114950800013,5.901879432665281e-06,0.31924030855470265,0.00029714486339090424,6.937686000865083e-07,0.0003140295680807431,9.064550612092396e-06,5.039368174832523e-07
32,5.828953112388369e-06,8.362075757225438e-06,0.03065471572299617,0.006243991466933634,3.1407198212577255e-06,0.00011739971916633368,0.0004474219239126695,0.0381812667712973,0.00021827624751543767,0.041723331187290526,3.0834909705647934e-06,3.2952496211577033e-06,0.00450689341061141,0.010497833033354775,3.0030347287451716e-07,0.014932102788364545,1.562463418779507e-05,0.48645316386782145,7.895421902363187e-06,0.3653288983928012,0.0002814256685706424,8.38634872736341e-07,0.0003533970822149982,1.0926486746543394e-05,5.867466840705202e-07
33,6.777650486618899e-06,8.139762387011257e-06,0.02870254871759791,0.006555687539555784,2.970988886189442e-06,9.578585753809744e-05,0.0004745051026707125,0.04260545775701841,0.00016942196045840777,0.03160094692912648,3.4268291683820427e-06,3.756530208808617e-06,0.005306556313983798,0.009359093888192447,2.430114814613524e-07,0.013668938368234409,1.610478798224044e-05,0.5288559853408386,7.313885284486182e-06,0.33196839234306375,0.00027971029548902736,8.798808616872041e-07,0.00029731804254652644,9.570296194825909e-06,4.679207441160467e-07
34,1.0348496877246094e-05,7.221586574046189e-06,0.03601270688253351,0.0060066624715060775,3.1957017131944647e-06,9.970873693465233e-05,0.00046261467291690387,0.03805378629350379,0.00019890774212158718,0.02993535511782854,4.18547840009325e-06,3.3271476351032804e-06,0.005759048435041917,0.008988201288994966,2.6360558719748075e-07,0.010700904691886226,1.4733213282881754e-05,0.5732575498683109,7.527235862346771e-06,0.28983358078311683,0.0003099705452072737,8.633827505010681e-07,0.0003184903663060148,1.0381736499284256e-05,4.645186090475051e-07
35,8.127354040549368e-06,5.657972255210472e-06,0.02583563497508902,0.005123054156024498,2.254450480475618e-06,0.0001287314107164399,0.00042749257960560984,0.053287421614720304,0.00018434759532397354,0.03371841289193678,3.7088881026079173e-06,2.96748802815961e-06,0.003759140180566256,0.007010639390399635,1.9415049546856467e-07,0.01138158321667115,1.3697172259994207e-05,0.6600958567312558,9.249286297260248e-06,0.19840457176064957,0.00028411853395290276,8.67122637443395e-07,0.0003047945840097926,7.106048218697949e-06,3.7044626232224233e-07
36,4.306020952469366e-06,8.001146147530242e-06,0.026887970396744388,0.006420232309463452,2.0101899276771815e-06,0.00010393624851259915,0.00034689976150315173,0.04637582584383311,0.00017622351434652849,0.05111153723383522,2.37738890260999e-06,2.836694065889095e-06,0.004334592286717013,0.010359273086879553,2.716302365830997e-07,0.01692011240903264,1.5008866074210339e-05,0.45791742243423156,8.080217002002868e-06,0.37849187580391197,0.00021884690009806655,8.747001467206145e-07,0.00028376486030831107,7.245947401265978e-06,4.7410972539750304e-07
37,7.833986148409664e-06,7.4053651884387095e-06,0.03748621980883621,0.005236489409498281,3.471451862215599e-06,8.266623648811538e-05,0.0004519698680208275,0.03202457783461627,0.00021055775363305537,0.030302703989395118,3.249526225092643e-06,3.6041760201690203e-06,0.005139982955165304,0.011234213828669216,1.9934070425934867e-07,0.011032690165042915,1.4389875600298502e-05,0.524022458197545,5.16469292521947e-06,0.34210975461910337,0.0002870696796636339,7.062262484117724e-07,0.0003198029372044558,1.2295703460671648e-05,5.223727349767706e-07
38,5.625056858003037e-06,7.078945734650325e-06,0.0294887544399815,0.005948305372419683,2.5118519292928287e-06,0.00012764083849386095,0.00047708237910428283,0.03849944172498482,0.00017433312427043692,0.03902805877039465,2.8579246529693198e-06,2.979061670008651e-06,0.0044165096209459525,0.007617635459476175,2.843735368786563e-07,0.017447842066759256,1.6861833257707588e-05,0.49007324657341683,8.28561910154813e-06,0.3659958514838647,0.00026808441922824004,7.052731861557475e-07,0.00037933356014469303,1.0188213796248352e-05,5.020127915412167e-07
39,5.408636472620591e-06,1.1259706683052864e-05,0.03432660443923434,0.007351853370010444,4.292595763451297e-06,9.465791542660061e-05,0.0003253364473862689,0.019790978310998093,0.00035328922973662064,0.05608413559541383,2.5397313542239695e-06,2.677429241364112e-06,0.004705920131779471,0.0171450591185327,3.474938773048952e-07,0.010281210122530639,1.2391392175304107e-05,0.439108044046738,6.63102590258283e-06,0.4097468486090294,0.00023645123914649635,7.497942089230334e-07,0.00038688651662786215,1.5714841488419956e-05,7.122602421282776e-07
40,8.638761920758239e-06,8.931948855600794e-06,0.04423941038992191,0.005400020821005703,3.5903521301189164e-06,0.00011507602912886641,0.00045725056020081345,0.039516344506824765,0.00021871293890968126,0.038169747866493124,4.114160121847336e-06,4.23145077361357e-06,0.005447558200184709,0.012609068894138814,2.811346372377605e-07,0.012562636564236784,1.754097294555811e-05,0.4606190777056993,5.732559007109622e-06,0.3799319267942831,0.00031251587522943084,9.530247454598633e-07,0.00033411276013543573,1.1834491131323858e-05,6.912373391361469e-07
41,7.3333429282032104e-06,1.0088848859860415e-05,0.03498601317441563,0.010987303707533274,4.992875178651876e-06,0.00017865580781642308,0.00042814055708558716,0.04035963441022217,0.00029585514224070736,0.051021159987935376,3.686352199752149e-06,4.142967439079408e-06,0.004373225546047083,0.010132110679272069,5.367432580127603e-07,0.017244791596169054,1.8219157016862006e-05,0.4295373956566523,7.936335253772614e-06,0.39974036301563587,0.00019964766661626992,9.180434725635933e-07,0.0004433220187471258,1.3786812597474938e-05,7.395554069397976e-07
42,5.766248226370661e-06,9.162992442888647e-06,0.02921771564359395,0.006854698758376972,3.062379093118244e-06,0.00013564891421840927,0.0004389997033686352,0.04648030007112736,0.00020747643020138532,0.046539622789545286,3.382010397908145e-06,3.4073735616489635e-06,0.005100269648425807,0.009561190231069279,3.4217550761002473e-07,0.016757163191658413,1.676238123958249e-05,0.44154366476366963,9.046412483096263e-06,0.3965220501122525,0.0002659523835467723,1.0969026473770785e-06,0.00031251363233450214,1.0124333490981341e-05,5.805175207145813e-07
43,5.111948723977047e-06,8.990244751277539e-06,0.030025100092091347,0.006373248361557793,3.0269941026342807e-06,0.00016186631728375055,0.00039430604567644985,0.042955578964301536,0.00024338959266624824,0.059970295288126745,2.9510298540814607e-06,2.7419024037886015e-06,0.0040563351961668236,0.010435549303225275,3.502926127408671e-07,0.016470466122568764,1.6183383208044026e-05,0.447384316245286,9.289625496049375e-06,0.3808094521474833,0.00028286885215778973,9.706509970631017e-07,0.00037693794447786873,1.006388996950126e-05,6.095648108906947e-07
44,5.951024788545876e-06,8.301854439694129e-06,0.03225249242955353,0.006077554261589116,3.139013771792619e-06,0.00011378255691093427,0.0004329632454718306,0.038124464014140116,0.00021496620330231243,0.041391215914059976,3.0870024692961924e-06,3.31889559348465e-06,0.004484624009553828,0.010912832274738257,2.799994663559669e-07,0.014280930141095058,1.5487266554104712e-05,0.48614080194364373,7.131297752659308e-06,0.36489122923629924,0.0002780381746223453,8.146865443842477e-07,0.0003453252301958118,1.068913603384552e-05,5.801874097886175e-07
45,5.91283165491424e-06,8.37267555764474e-06,0.028578911217632157,0.007270962027378281,3.4841736773301075e-06,0.00013226540226015277,0.0005288936202858372,0.04214332572958371,0.00023315534163266928,0.03992891024076408,3.2985940372248618e-06,3.5825476733595833e-06,0.004802371923769964,0.009497798386596822,3.5312041747639775e-07,0.01578307931283384,1.5236074046619198e-05,0.4723563032964178,8.574832219515143e-06,0.37807761529534195,0.00025904081411427164,8.954768647604148e-07,0.00034630648627413245,1.0774796181262025e-05,5.757827842733056e-07
46,8.994377624350532e-06,9.832158330448705e-06,0.033774629318064874,0.00826741024126783,3.6562249742759667e-06,0.00013329902594408352,0.0004985934262153694,0.05073811936046621,0.0001469230670420275,0.0345049094659225,4.271283701222009e-06,4.8098783782188975e-06,0.005572388554268144,0.007961230711913172,3.2063903230646195e-07,0.01712546849692978,2.6405934550195784e-05,0.4849227861694789,7.494707627869905e-06,0.3556440603767334,0.0002627524639506321,1.0549661369695207e-06,0.0003697714976920139,1.0264884026350753e-05,5.527697289983342e-07
47,5.944128248955741e-06,8.293112949429988e-06,0.03225376405192665,0.006076907772785745,3.1384186433892598e-06,0.00011377883366844642,0.00043255110431524913,0.03808891949302486,0.00021502212836628734,0.0414152942083005,3.0825665122832648e-06,3.3123867066092027e-06,0.004475432875617827,0.010919569662326323,2.799815381650142e-07,0.014275011989537945,1.5482165273952498e-05,0.48633796597956214,7.128772513899211e-06,0.3647131568314539,0.000278155853586111,8.132131150688946e-07,0.00034572860360712246,1.0685839101672575e-05,5.800273174643438e-07
48,6.205574784183645e-06,1.0877945927906179e-05,0.027550292012936715,0.008737460135938183,2.790512097032499e-06,0.00014110618888367896,0.0005088757675739198,0.05151092221430707,0.00020080744145266875,0.05070708333669096,3.0995087177847683e-06,3.380100138073719e-06,0.004684744808052632,0.010011335594418323,3.3478791089855075e-07,0.01589771375460848,2.028024777794097e-05,0.5307778103681745,1.141481893568074e-05,0.2985136947386309,0.0002909698683718743,1.0521144120425802e-06,0.0003988289262936934,8.403423492601507e-06,5.15809472252489e-07
49,6.536171146228821e-06,7.965426013443444e-06,0.03573262386548672,0.005652496941708397,3.149082925292557e-06,0.0001201065685965058,0.0004128976214715967,0.038530899128956804,0.00020183091433453252,0.03878251072535929,3.305132609491421e-06,3.5886655640890275e-06,0.004621399201173912,0.010345785293612382,2.548322875357608e-07,0.014101001205178605,1.635375000086443e-05,0.457158912135644,5.63724969139324e-06,0.3936818040763253,0.00025715067321509916,8.053916608075994e-07,0.0003413495891116103,1.1059125702930053e-05,5.772322231071433e-07
50,6.472960156805709e-06,7.0541093320762e-06,0.03390829490121175,0.0058555380206332585,3.2669158234015177e-06,0.00011184469186025685,0.0003873116026695249,0.03259864350131147,0.00019069547787172716,0.03440190934408768,3.115490710703404e-06,3.308334832304599e-06,0.003990325903505401,0.009648279620277709,2.678554473276021e-07,0.01439707448825502,1.663300992545122e-05,0.49382741197469826,5.76971226873997e-06,0.36996552686658024,0.0002606046910757387,6.574758967551443e-07,0.0003973177677913394,1.2094112690301582e-05,5.811710865401943e-07
51,5.334570389721265e-06,1.2454552148473365e-06,0.03665062795668995,0.0010940464319858126,3.525866083432392e-06,0.00015727275139141742,0.0006982104082150284,0.012686578965902362,0.00016684211166975797,0.01652541993174842,2.876765773202047e-06,1.923888443237723e-06,0.002143848123020426,0.0033594083066404486,1.314775984650086e-07,0.017092104073075164,1.4667091209226367e-05,0.4867364734593195,3.509390232016428e-06,0.42163995609461097,0.00034717538280531335,1.8476504614342198e-07,0.0006472547858073166,2.076435042900846e-05,6.175966988319542e-07
52,7.986062407117315e-06,1.079933085620089e-05,0.04413071360634825,0.006301163449212068,4.889435663447306e-06,0.0001081280410829883,0.0006851601802727924,0.03944694852281859,0.00023733752803819694,0.03152354370022315,4.140325653023663e-06,5.741491903406264e-06,0.005852432344113049,0.01355262718417123,2.9442020615343395e-07,0.015022622780016079,1.9608979069437587e-05,0.4279834576986773,5.8322828746680875e-06,0.41431641926775364,0.00036115162905014177,8.877347662799943e-07,0.00040084817382994846,1.6356481810606336e-05,9.093491821463296e-07
53,5.640783301557958e-06,6.93821133064244e-06,0.02771523085723489,0.005806192275353698,3.213338862193369e-06,0.00012319231648775402,0.0006236289002444808,0.03894436902414411,0.0002273070233775343,0.031023367807744822,3.1337185965981703e-06,3.87070924053866e-06,0.004223676043738698,0.009919591828030034,2.7885907690270554e-07,0.01455389423198076,1.4166707081858133e-05,0.5066939904141046,6.846047900556368e-06,0.35942724548303645,0.0002727020287164665,7.154641129395147e-07,0.00038962514174792947,1.059020991441205e-05,5.925746395868614e-07
54,3.979857307369961e-06,1.0247623237074676e-05,0.035439365723525254,0.005666041455519865,3.1323250519148515e-06,0.0001077485264278488,0.0003918702439672229,0.03611822790541044,0.00026459587991485984,0.05806425384625656,2.5328284443322453e-06,4.050998502890909e-06,0.003950143632701825,0.015719883920918405,3.76951447772332e-07,0.01933411108748484,1.4287144721135021e-05,0.36563118543161816,6.966998437795117e-06,0.45869157912929215,0.00024182356849725115,8.049453018213016e-07,0.0003197945700404027,1.2006139940189087e-05,9.892660326482197e-07
55,6.818535258809563e-06,7.2226592066421254e-06,0.02840030236105082,0.006498241218312577,3.8040224764427116e-06,0.00010467948285406944,0.0006086888638317886,0.033284937240707246,0.00024742061187739585,0.02672514206417433,3.4284238701424354e-06,4.858467296086848e-06,0.0050943837976521866,0.009284714965288437,2.6939517336689193e-07,0.014608398147009953,1.3137937985812146e-05,0.5109888310057434,6.4578414158421585e-06,0.3634968736128918,0.00023609347447170844,7.099906434037751e-07,0.00035903597008398255,1.4930438858565285e-05,6.194718651786966e-07
56,6.167055278854431e-06,8.390534760507903e-06,0.03221738179275396,0.0060917931619311975,3.157524043295562e-06,0.00011225022697522901,0.0004443483827030531,0.038218618451165184,0.00021484378298134056,0.040240331414471725,3.1744891695492207e-06,3.399181816172322e-06,0.0046983937096839665,0.01084270333220166,2.8045048484222424e-07,0.014074165019784668,1.5513762667300667e-05,0.48686507009488145,7.213266492175316e-06,0.3652994982054971,0.00028095410704777893,8.414501984425919e-07,0.00034010786392684253,1.082619466332672e-05,5.765444204953817e-07
57,8.261349956112758e-06,6.559118424012631e-06,0.0425402502320824,0.006680969196792407,4.5418791669062834e-06,0.00021454421279483964,0.0003602048722750358,0.037502718840054364,0.00028818934374693635,0.04317660770557379,3.5723921985526498e-06,3.2693100775161355e-06,0.002446191753819718,0.013503989162056881,2.696751053293276e-07,0.009413262622737398,1.9087192272895453e-05,0.5316097926455884,3.4007194939556202e-06,0.31133401242745645,0.0002227197618934184,6.284236028520444e-07,0.0006467760143809903,9.557926999934112e-06,6.232214489197333e-07
58,5.9481147701074206e-06,8.426684723751765e-06,0.03128574685648206,0.006172532805483183,3.4576369521033274e-06,0.00011226013264463367,0.0004536938684902448,0.034073449417374085,0.00023304449273623301,0.03910115292132739,3.0990648066581418e-06,3.4714308148294914e-06,0.0047576075258417855,0.010687337428440342,2.996061585580912e-07,0.014647084075921713,1.5015715290547272e-05,0.4650913967843113,7.194444067810524e-06,0.39269474710561947,0.0002725781255823572,8.179892976891159e-07,0.0003562179676567243,1.2796926304367729e-05,6.22878901900009e-07
59,5.718294741686817e-06,8.365365750987702e-06,0.0338415439727357,0.005878933573029479,3.3067320547582068e-06,0.0001092927757628721,0.00041666672078425715,0.034181303267369074,0.0002230882747751523,0.041957739599936504,2.918814478079961e-06,3.2796213677241704e-06,0.004515898577030084,0.011106181746650994,2.8007487302923824e-07,0.01483752620126242,1.53283636189009e-05,0.4556529193005407,6.654225579584574e-06,0.3965926105876167,0.0002756369557506067,7.717478020189614e-07,0.0003509914556929633,1.2421780544524497e-05,6.219702512521466e-07
60,5.951024788545876e-06,8.301854439694129e-06,0.03225249242955353,0.006077554261589116,3.139013771792619e-06,0.00011378255691093427,0.0004329632454718306,0.038124464014140116,0.00021496620330231243,0.041391215914059976,3.0870024692961924e-06,3.31889559348465e-06,0.004484624009553828,0.010912832274738257,2.799994663559669e-07,0.014280930141095058,1.5487266554104712e-05,0.48614080194364373,7.131297752659308e-06,0.36489122923629924,0.0002780381746223453,8.146865443842477e-07,0.0003453252301958118,1.068913603384552e-05,5.801874097886175e-07
61,6.096403713703229e-06,8.327156668733683e-06,0.03518183310032412,0.005795623995504919,3.387747490291398e-06,0.00011110935873449088,0.0004218255770080172,0.0351158022481642,0.00022998593591485632,0.04180727088918151,3.038868564408162e-06,3.3715361360928713e-06,0.0045059111932044356,0.011321838166274831,2.733202235687518e-07,0.01436044384579988,1.534667508553166e-05,0.46677459128267634,6.540368184845292e-06,0.3836796890727931,0.0002810901210387356,7.824815482911716e-07,0.0003527104640236739,1.2481307694564543e-05,6.288840469434939e-07
62,5.951024788545876e-06,8.301854439694129e-06,0.03225249242955353,0.006077554261589116,3.139013771792619e-06,0.00011378255691093427,0.0004329632454718306,0.038124464014140116,0.00021496620330231243,0.041391215914059976,3.0870024692961924e-06,3.31889559348465e-06,0.004484624009553828,0.010912832274738257,2.799994663559669e-07,0.014280930141095058,1.5487266554104712e-05,0.48614080194364373,7.131297752659308e-06,0.36489122923629924,0.0002780381746223453,8.146865443842477e-07,0.0003453252301958118,1.068913603384552e-05,5.801874097886175e-07
63,5.852652982508453e-06,8.890151132243904e-06,0.03202999945024175,0.0061731477213260826,3.15855272728946e-06,0.00011466099275438124,0.0004346789040945269,0.038662983689209285,0.0002189826127364677,0.04335326491559205,3.0880058283287943e-06,3.3699709262817305e-06,0.004553496562185674,0.011221575054076456,2.8977592297083906e-07,0.014635919195192096,1.5790837570475124e-05,0.4809065614148762,7.558693382558607e-06,0.3670040262038861,0.0002851121471612804,8.546439426352961e-07,0.000345272221134106,1.0864042746670884e-05,6.01588371612882e-07
64,6.064115706297056e-06,7.977837949328211e-06,0.03314367897114123,0.0054392643459529495,3.0724734047775312e-06,0.00010315491398477421,0.0004414506828780008,0.036660843898740504,0.000202148973251276,0.03876557299847596,3.058228393769837e-06,3.216031385045273e-06,0.00454259001715543,0.010949929380680415,2.54987057156607e-07,0.013919604246227606,1.5563208206885987e-05,0.4977490422547654,7.022701037142668e-06,0.35737373595055766,0.0003107457385105077,7.830672196465511e-07,0.00033980465431215906,1.084842362778759e-05,5.718993782399231e-07
65,4.768366818746013e-06,1.022230855282267e-05,0.04824673176999082,0.0036472220994448524,2.9566315336837776e-06,5.785921728348788e-05,0.0002729313196846659,0.027309023625704726,0.00035704169267700977,0.056097616918798596,2.1991712799758236e-06,3.3684120682999326e-06,0.005651154302975356,0.024293343924256458,1.813921859015873e-07,0.010916634627850275,8.533921693455468e-06,0.32689606267401944,3.7826276889066874e-06,0.4957459852517489,0.00024599866199343255,8.675908002567681e-07,0.00020976234996690837,1.487422274816937e-05,8.769182349879296e-07
66,3.7755000027604233e-06,2.1624341447061348e-05,0.010134485929289262,0.02645279749970098,7.5665969338100704e-06,0.0012179769104781269,0.0007530218235766295,0.03344006177951852,0.001053679889912734,0.11792129364519977,3.295803567595508e-06,4.002401611862142e-06,0.0009239461736246018,0.015949795197824832,2.449250623597214e-06,0.021690611603206626,3.730912975445202e-05,0.6214194267295428,6.0630988450896234e-05,0.14385833274243873,0.0004420223048597186,1.4023352085885989e-06,0.0045721805313904944,2.5964551630788625e-05,2.346340204678176e-06
67,4.492954848598783e-06,5.457063025057139e-06,0.035754791041035475,0.004313502034557439,2.018404181941521e-06,6.116097514025009e-05,0.0002435502217652965,0.01941005865399373,0.0001028162616969963,0.03078010993708139,1.773833425099385e-06,1.684804266347617e-06,0.004011893174024073,0.007324341935825826,1.6541789085583143e-07,0.014044917392166562,1.5460684823197998e-05,0.4190412542064621,3.7456216059957166e-06,0.4643130387914996,0.00021801017002799912,3.540437014104356e-07,0.000334996537676733,1.004163402026358e-05,3.6420525765650237e-07
68,1.5174232217827337e-05,6.208492146771012e-06,0.004373482940849437,0.004861671056036185,9.39185595398836e-07,0.00011121222252123296,0.0005392538715107111,0.21851069020575467,3.057757996925547e-05,0.009165575856273268,9.8087715375532e-06,2.2707737684030675e-06,0.003221011013354591,0.001151866902208307,2.2684924974201042e-07,0.006276430033507628,1.7776906025031537e-05,0.7300906151387417,6.23013381425901e-05,0.020987988910428523,0.0004774616098965479,3.397758010674756e-06,8.335292323827168e-05,6.211112392648598e-07,8.431777655502719e-08
69,2.446749902738624e-05,3.0686834270196075e-05,0.02429644116023318,0.03464924763081846,1.38704218110492e-05,0.0005486572976803405,0.0013712733802323177,0.06792481427879005,0.0005367925499570275,0.052497611221757605,1.2424296767975166e-05,1.0286112279580217e-05,0.00906350396995311,0.008109474891623773,1.5644281486598933e-06,0.015159998730962899,3.9994247165664424e-05,0.582853646923535,3.684119190259964e-05,0.2017974710519862,0.00031893545031611036,4.114555533099108e-06,0.0006787691098086036,1.8143420720627362e-05,9.6934471853995e-07
70,6.882694891612476e-06,9.038030010816208e-06,0.03488068462324609,0.007850636209095018,3.876917744139542e-06,0.00011243109070134785,0.0004689577451418046,0.03655348117563393,0.00024258632815005713,0.037414044104204895,3.247069584025344e-06,3.706877035075237e-06,0.005056540604912015,0.011842083360093021,3.113313962417262e-07,0.012681340863109755,1.5420733439076143e-05,0.46288113430976674,5.9691062955647395e-06,0.3893450799655082,0.00024513334125121546,8.202393705450784e-07,0.00036426810506511015,1.1744621563417706e-05,5.805527903106108e-07
71,7.044204022697144e-05,1.3630846203033686e-05,0.0444798632207582,0.026827953377754406,3.102021479884459e-06,0.0006736938675930482,0.0005031483570184126,0.11469492103093604,0.00012430873269979857,0.040855295303332456,2.0070256334996675e-05,8.69019241124004e-06,0.006626881049710984,0.003442755427581114,1.1133035434305537e-06,0.012097817719033182,7.117713047062173e-05,0.6679097722377666,2.6233191546820405e-05,0.08059416116228582,0.0002534750736345183,3.108515418215611e-06,0.0006908916658921296,6.96300034477046e-06,5.312760233991277e-07
72,1.2920264270946743e-05,8.152963004023837e-06,0.04351398425012304,0.005456361342466196,7.703690842887007e-06,6.057364338188285e-05,0.0001673357961335578,0.017395598286352235,0.00032002923894107243,0.026979680905244878,4.759680016362745e-06,3.212552249021859e-06,0.002582193379377773,0.024711161968851085,1.5858151487658084e-07,0.004432216210488074,1.5908237083352388e-05,0.706504897758885,3.802457628420858e-06,0.16677828918889406,0.00044134679860416713,6.307346249928045e-07,0.0005770289069061225,2.125787687689134e-05,7.952872389865101e-07
