,0,1,2,3,4,5,6,7,8,9,10,11,12,13,14,15,16,17,18,19,20,21,22,23,24
0,3.1177014627548214e-06,0.42105344208522,1.4371255476269278e-05,6.746431488997878e-06,0.06634623219403996,7.938991606082938e-08,0.00026072424964914136,1.232422310291603e-06,0.018782403296878466,6.58684978462621e-06,0.003107181318949859,0.006502510576347672,7.544067862365019e-06,0.2671813960832183,0.00011955668841662647,6.808955479170058e-06,0.0006097309471520246,2.415067078303274e-07,2.754965895337656e-05,2.495306813038195e-07,0.0004521329366950909,0.00023180932853428292,2.2024219183927844e-06,0.0006967591591576853,0.21457939094369954
1,2.339892746357129e-06,0.33513531742992514,1.6994389439947884e-05,6.561988804739987e-06,0.05369354033008104,1.2017934579318324e-07,0.00028903603058327224,1.254195552492572e-06,0.03890208374359719,1.3480972880562838e-05,0.0021270053148021656,0.004267105822924938,8.31538383269279e-06,0.32853493771358677,0.00013454779271185346,8.81380479305566e-06,0.00032658573454423095,3.237898688959868e-07,4.070629892016407e-05,3.8265119137338513e-07,0.0004748632974230496,0.00021867939897434897,2.592161809466715e-06,0.00088365748094928,0.23491075420071128
2,1.7244233145700284e-06,0.29833960867614095,1.110373088161517e-05,4.360334248515991e-06,0.0530906651841498,7.456541663347382e-08,0.00016535649709349532,1.0487107520398083e-06,0.025596136510665713,8.092603096304418e-06,0.002299549803104487,0.0043165934363505465,4.59208353317486e-06,0.3754482733049869,0.00013251817401842929,4.592139842614144e-06,0.0002880175964189111,1.735943104730302e-07,1.827895530124754e-05,2.7265173522393475e-07,0.0002962190823779102,0.00020340711893490464,1.7057599066895133e-06,0.0004985282687730606,0.23926910679464572
3,2.6558553530270737e-06,0.3846551353352006,1.287895751234023e-05,5.6511873274234145e-06,0.05554755686489988,8.831567334621032e-08,0.00023022687849926282,1.1989756785520213e-06,0.02413194702291782,8.001141296395184e-06,0.002865718258935907,0.005279621511136226,7.066731552440651e-06,0.3067398903198102,0.00012579439883184007,5.779552568693528e-06,0.0004166152616207185,2.3042774387356186e-07,2.761412384433761e-05,2.584326066323124e-07,0.0004018287253886607,0.0002575026182454046,1.9613752219299335e-06,0.0006120593467002372,0.21866271838143406
4,2.55868054330773e-06,0.3851730733447472,1.2945642536696164e-05,5.529631904406568e-06,0.05363653203965816,7.61976826103807e-08,0.00023271343308507394,1.177288910713319e-06,0.02357638759753068,7.808296012704166e-06,0.0027232560543220268,0.005037839025169781,7.867601968266413e-06,0.33181653062223915,0.00010697382103489477,5.182329846572196e-06,0.00038557203113156877,2.464495706716603e-07,2.6951534332848577e-05,2.727114399239731e-07,0.00043363792757577737,0.0002556158047585433,1.8579202487250225e-06,0.0006092830355568285,0.1959401109781928
5,2.760433987044816e-06,0.37000857986456076,1.5068675692137654e-05,7.693995751057923e-06,0.06611025857754498,9.586986754294025e-08,0.0002267275480326152,1.2575974929025429e-06,0.026031985335000417,1.019290286552822e-05,0.00279431290047465,0.004454280729867388,7.963829041868784e-06,0.35226083456106716,0.00010470607518425171,5.6986890122338e-06,0.00041142906750684115,3.775890180727355e-07,3.0282584910263486e-05,3.3845087105802906e-07,0.0004885203971096095,0.00021556280524485594,2.6974101303934713e-06,0.0007451660091541627,0.17606320810061238
6,2.6558553530270737e-06,0.3846551353352006,1.287895751234023e-05,5.6511873274234145e-06,0.05554755686489988,8.831567334621032e-08,0.00023022687849926282,1.1989756785520213e-06,0.02413194702291782,8.001141296395184e-06,0.002865718258935907,0.005279621511136226,7.066731552440651e-06,0.3067398903198102,0.00012579439883184007,5.779552568693528e-06,0.0004166152616207185,2.3042774387356186e-07,2.761412384433761e-05,2.584326066323124e-07,0.0004018287253886607,0.0002575026182454046,1.9613752219299335e-06,0.0006120593467002372,0.21866271838143406
7,6.849475870156751e-06,0.5311500876094102,1.609288338080688e-05,7.9830498732927e-06,0.054519802875891345,9.938183914392274e-08,0.00045240787703808066,2.2082505106237868e-06,0.020529526350457718,7.4802765192497056e-06,0.005957748166321131,0.006874964734604645,2.3041891819003122e-05,0.22783513821564566,0.00016288634901014625,6.678218235368201e-06,0.0005022185179726813,3.899511784791727e-07,5.835348951443692e-05,3.1733911402185596e-07,0.0005797969676238461,0.0005719561974731619,1.3596341612983545e-06,0.0005202881669567842,0.1502123241295788
8,2.187228000065588e-06,0.3182615801114379,1.8929491662257325e-05,5.447371090001148e-06,0.04551089380634397,6.480468430564027e-08,7.233339646847002e-05,5.363422043921954e-07,0.022277348901701875,9.868626430232366e-06,0.0013298753814618034,0.004246204261172636,3.944094747415149e-06,0.30543237651313687,9.591464724053466e-05,5.648423179705315e-06,0.0003804445944320533,1.1644451521327997e-07,8.852782677126603e-06,2.5546641609295114e-07,0.00016846317861724758,0.00011890113525999992,2.4832298088018513e-06,0.001153238050145209,0.30089409171716586
9,1.035890199572093e-06,0.32064950816029336,1.6871060996785617e-05,4.513779773594717e-06,0.03014832000081045,5.1318800645550286e-08,6.028948553393487e-05,5.697302048763688e-07,0.021548383400744203,1.532933688444363e-05,0.0008221971313353591,0.002691572616930534,3.4110953983038793e-06,0.3765096096333536,7.068086699902035e-05,6.230124340017222e-06,0.00026924428217430137,1.2694078499593875e-07,1.0218734790707105e-05,3.1786033605905e-07,0.00018052028083000835,9.352148217565563e-05,1.9955160784814924e-06,0.0009174458236435228,0.2459780354465873
10,2.6558553530270737e-06,0.3846551353352006,1.287895751234023e-05,5.6511873274234145e-06,0.05554755686489988,8.831567334621032e-08,0.00023022687849926282,1.1989756785520213e-06,0.02413194702291782,8.001141296395184e-06,0.002865718258935907,0.005279621511136226,7.066731552440651e-06,0.3067398903198102,0.00012579439883184007,5.779552568693528e-06,0.0004166152616207185,2.3042774387356186e-07,2.761412384433761e-05,2.584326066323124e-07,0.0004018287253886607,0.0002575026182454046,1.9613752219299335e-06,0.0006120593467002372,0.21866271838143406
11,2.945062688780496e-06,0.3921529650488515,1.3436788444048505e-05,6.04121446042543e-06,0.05763149026043431,8.728429772786079e-08,0.0002557854450192294,1.2550745336162238e-06,0.02435623738936971,7.733642232864788e-06,0.0030101406097522033,0.005707032863419577,8.413740937538814e-06,0.30207011637300224,0.00012464897183587302,6.047281234680162e-06,0.00042887579453039764,2.4927913179206955e-07,2.9442277009610437e-05,2.808037069555094e-07,0.000429980787347306,0.00027785948731964746,1.977577073252605e-06,0.0006753753078953014,0.2128015816354713
12,3.268402601517958e-06,0.5430151484829756,1.0457178680511112e-05,9.361084879971304e-06,0.0291849883777799,1.0301481451309512e-07,0.000348699924559003,2.0325720710482528e-06,0.023470130262527863,9.76651160434522e-06,0.0027930091492771396,0.006131631565617401,1.2055247227429024e-05,0.21941828723934506,0.00019005361341058438,1.0216609348936018e-05,0.00040641419102486966,3.031499526364548e-07,7.133346694723548e-05,2.295477512415182e-07,0.000383369833202014,0.0004070553166494984,1.5985408262832096e-06,0.0004937784603487774,0.17362670825657667
13,2.5614637336914296e-06,0.3068636750316665,6.080612709441683e-06,2.085502684898088e-06,0.04712195764416406,2.9930474783010627e-08,0.000156331077658916,1.6050273162915478e-06,0.01071784941466436,1.9802842149658548e-06,0.0069397786057748614,0.010487119396234439,4.4041280445006214e-06,0.36395079161392296,0.00013652427133515547,2.1121968162647776e-06,0.00031559403332859004,9.649538405365384e-08,1.2229760004398684e-05,1.1348144856568875e-07,0.00026803579779801864,0.00041362839242164545,5.050402848296751e-07,0.0001728636752936562,0.25242204712262006
14,2.768174531188449e-06,0.2467062738656368,1.4438462353047309e-05,4.3475756285988224e-06,0.036225820926066604,1.324554177704892e-07,0.0002605277512929013,1.442731417824527e-06,0.035508830045136226,8.008198903522459e-06,0.0021478830443616174,0.007830725300780307,5.37297763041785e-06,0.2898099160228258,0.0001977412700942701,9.750503184713153e-06,0.0003394595500557445,1.5550270064093901e-07,1.8846932235021246e-05,2.8275577444499304e-07,0.00021962142553242235,0.0002788612229237849,1.9765343826739177e-06,0.0006274305948897067,0.37977938617624407
15,2.6558553530270737e-06,0.3846551353352006,1.287895751234023e-05,5.6511873274234145e-06,0.05554755686489988,8.831567334621032e-08,0.00023022687849926282,1.1989756785520213e-06,0.02413194702291782,8.001141296395184e-06,0.002865718258935907,0.005279621511136226,7.066731552440651e-06,0.3067398903198102,0.00012579439883184007,5.779552568693528e-06,0.0004166152616207185,2.3042774387356186e-07,2.761412384433761e-05,2.584326066323124e-07,0.0004018287253886607,0.0002575026182454046,1.9613752219299335e-06,0.0006120593467002372,0.21866271838143406
16,2.412732583853336e-06,0.3833595359746086,7.650017055735567e-06,4.145068728147869e-06,0.04043699007422076,5.181450973092028e-08,0.00020258143486462732,1.3409177408087432e-06,0.01680870113923616,4.801443560324798e-06,0.0033678270478458994,0.0070577743711240535,5.936209538152739e-06,0.3290370944517246,0.00014418220525745933,4.359684536799498e-06,0.00036519461832821974,1.729277446093508e-07,2.528357695846656e-05,1.6507666611372738e-07,0.00031443328873565244,0.0003492801213327302,1.0458304036529407e-06,0.00032296275395294905,0.21817607721874205
17,3.210980822135096e-06,0.3138789605472559,1.4150779226460163e-05,3.875948815013276e-06,0.08664183437869545,5.507702715622082e-08,0.0003108207001569146,9.360829458353311e-07,0.0214628922052522,3.712464179909929e-06,0.003695202402106095,0.006771936018682862,7.951568554477613e-06,0.38185340146840707,5.302161859111671e-05,3.009678399964203e-06,0.000467414307171033,2.6551005001791286e-07,1.5862337199940674e-05,2.2720386151331374e-07,0.0006594536128751823,0.0002179515310561037,2.028725925306518e-06,0.0007226552032508529,0.1832091696494915
18,1.2863632108441664e-06,0.2509147087549284,1.113105663905304e-05,1.7358038650070089e-06,0.028948290622915183,4.377182004055457e-08,0.00015195243446337553,6.658425661715466e-07,0.014160757996003626,4.713566046680934e-06,0.0016237602068590808,0.005832076502338368,3.0121404223626002e-06,0.31901788196951536,8.255930883280036e-05,6.152021375305599e-06,0.00041992711997965404,1.0470604730102211e-07,1.3128870302507558e-05,1.7395287364816633e-07,0.00034355661389903324,0.00014413285982008635,1.4742049235951819e-06,0.0005300903275068309,0.37778668298284573
19,1.8439547185472251e-06,0.42626127429754673,9.642283681223825e-06,9.405204177249503e-06,0.06235175868087613,1.2505567199633442e-07,0.00020185820516143118,1.0859049786820467e-06,0.034005788059091484,1.1298726802626644e-05,0.0018317569968490217,0.004791554757547961,6.142645649036318e-06,0.2788268768305933,0.00015417791953710298,5.66195703127249e-06,0.00031184639742706983,1.7743616826400514e-07,2.6171757530361377e-05,2.6984358400963946e-07,0.00021369613190582262,0.0002714643833843678,1.9235213170490983e-06,0.0005917138647491586,0.19011248518402019
20,2.137076118090385e-06,0.4435549347569348,8.107431111829028e-06,5.174262023101193e-06,0.04229809906949587,7.86861102736643e-08,0.00019430798035371567,1.3754225935565327e-06,0.022891841219952417,8.286868274735608e-06,0.002808556883782248,0.004099542265789642,7.758496242932533e-06,0.31668038287674233,0.00015085720194803624,3.94555250061503e-06,0.00029825377416422633,1.697478638526515e-07,3.0399074424749463e-05,2.3434296721689428e-07,0.0003179462030639842,0.0004356996665907713,1.1202170233157945e-06,0.00034178047258020335,0.1658590104513475
21,3.962687973923866e-06,0.3144850795234541,2.234660917732305e-05,4.867640999622738e-06,0.04605447099759337,4.158727006425523e-08,0.00021965204175153046,1.2189102064471286e-06,0.016486511306108138,5.5770830345748495e-06,0.0027047555058040944,0.008188412518668897,8.7121163523504e-06,0.3932995466845181,5.912337579926275e-05,7.1745129801805406e-06,0.0005251372430371595,3.962230988915844e-07,1.7072575923706486e-05,2.920988974576076e-07,0.0005315913742913811,0.00015571606270819345,2.210328198141893e-06,0.0009140143667177456,0.2163021166254351
22,3.7094156311451616e-06,0.42491213113562454,1.927298771491344e-05,6.0506138207943414e-06,0.0513296678861195,8.944035027945164e-08,0.00017853571523112813,1.6957257486431281e-06,0.013868312283052454,1.0999841370255753e-05,0.00359278248507673,0.0037880861754738234,7.96273824472341e-06,0.352171843125757,8.366665464262544e-05,5.445532942149693e-06,0.0007781323901204547,4.272428824242055e-07,2.9966026877145418e-05,3.002035293218742e-07,0.0007120800576298337,0.0002616535560697326,2.6873606370406395e-06,0.0004760768227771227,0.14775842458267624
23,2.6558553530270737e-06,0.3846551353352006,1.287895751234023e-05,5.6511873274234145e-06,0.05554755686489988,8.831567334621032e-08,0.00023022687849926282,1.1989756785520213e-06,0.02413194702291782,8.001141296395184e-06,0.002865718258935907,0.005279621511136226,7.066731552440651e-06,0.3067398903198102,0.00012579439883184007,5.779552568693528e-06,0.0004166152616207185,2.3042774387356186e-07,2.761412384433761e-05,2.584326066323124e-07,0.0004018287253886607,0.0002575026182454046,1.9613752219299335e-06,0.0006120593467002372,0.21866271838143406
24,1.6411089903025151e-06,0.49872364168963795,8.568796340393638e-06,8.165487235305395e-06,0.044540376013495926,6.399218259671528e-08,0.00016786018089109492,1.1240774062013774e-06,0.017649678180785486,9.36637552623563e-06,0.0019011090741279215,0.0036832120665624205,5.891917202797032e-06,0.29154412427559706,0.00010540175349416774,4.915754977993368e-06,0.00038787139585257384,2.3290697887729268e-07,3.4380198447525664e-05,2.0213532370681631e-07,0.0003484718784819361,0.0002176199693001263,1.7559506885333905e-06,0.0004471409218512869,0.1402071838986215
25,4.340094768552427e-06,0.2720102401234676,1.5894383619573486e-05,5.747474935007632e-06,0.10119497089358621,6.996265106348652e-08,0.00046538327997105663,3.3206440307537525e-06,0.017147954044958415,4.132970969489799e-06,0.007697699767384366,0.009382794431335599,9.432782958898123e-06,0.4395658012041359,7.11130669224237e-05,4.325354781801052e-06,0.0005309520545255235,6.4819575795397e-07,2.4343529353405267e-05,3.330109465257253e-07,0.0009119362942522783,0.00026709489661820243,2.069708380588915e-06,0.00042414878285024107,0.1502552530468384
26,3.43040531795764e-06,0.2815281406105401,2.8122777569469285e-05,8.172858990445017e-06,0.09387709204891699,1.132184027095528e-07,0.00018064788812238895,6.520719974088948e-07,0.04448879803109656,1.2169962535419997e-05,0.0018424727286913678,0.0035389847697198887,7.279512578892703e-06,0.37613951524878214,6.084841026864966e-05,5.392526401480509e-06,0.00037302785387287345,4.4259944986214054e-07,1.6366879881904596e-05,4.400669072152929e-07,0.00047230030703343805,0.0001060000796048746,5.651439684909566e-06,0.0020547141634768085,0.19524922354015628
27,2.3039844808013206e-06,0.38105656534530474,9.122659984212773e-06,6.348965440917886e-06,0.05041283820045525,1.307107100752045e-07,0.00020839894367688703,1.235842215125515e-06,0.04124024290385244,1.0195710552764588e-05,0.002412983369869507,0.0048667548693274885,6.705893408830048e-06,0.27958340037935825,0.0002048205938649009,5.7231812998239425e-06,0.00024807922068707843,1.6912963520176153e-07,3.105786459299015e-05,2.663927154392535e-07,0.0002258414902667733,0.0003856729078639367,1.579028203462174e-06,0.0005741620979217242,0.23850540031431117
28,2.6558553530270737e-06,0.3846551353352006,1.287895751234023e-05,5.6511873274234145e-06,0.05554755686489988,8.831567334621032e-08,0.00023022687849926282,1.1989756785520213e-06,0.02413194702291782,8.001141296395184e-06,0.002865718258935907,0.005279621511136226,7.066731552440651e-06,0.3067398903198102,0.00012579439883184007,5.779552568693528e-06,0.0004166152616207185,2.3042774387356186e-07,2.761412384433761e-05,2.584326066323124e-07,0.0004018287253886607,0.0002575026182454046,1.9613752219299335e-06,0.0006120593467002372,0.21866271838143406
29,2.6558553530270737e-06,0.3846551353352006,1.287895751234023e-05,5.6511873274234145e-06,0.05554755686489988,8.831567334621032e-08,0.00023022687849926282,1.1989756785520213e-06,0.02413194702291782,8.001141296395184e-06,0.002865718258935907,0.005279621511136226,7.066731552440651e-06,0.3067398903198102,0.00012579439883184007,5.779552568693528e-06,0.0004166152616207185,2.3042774387356186e-07,2.761412384433761e-05,2.584326066323124e-07,0.0004018287253886607,0.0002575026182454046,1.9613752219299335e-06,0.0006120593467002372,0.21866271838143406
30,2.6558553530270737e-06,0.3846551353352006,1.287895751234023e-05,5.6511873274234145e-06,0.05554755686489988,8.831567334621032e-08,0.00023022687849926282,1.1989756785520213e-06,0.02413194702291782,8.001141296395184e-06,0.002865718258935907,0.005279621511136226,7.066731552440651e-06,0.3067398903198102,0.00012579439883184007,5.779552568693528e-06,0.0004166152616207185,2.3042774387356186e-07,2.761412384433761e-05,2.584326066323124e-07,0.0004018287253886607,0.0002575026182454046,1.9613752219299335e-06,0.0006120593467002372,0.21866271838143406
31,3.159050907831095e-06,0.41791451669980234,1.736926091624462e-05,5.423772842893257e-06,0.04133275576716019,7.453927586542557e-08,0.00022719208357017222,1.7108789458052733e-06,0.018031298467867423,8.948702760825491e-06,0.002598381516516371,0.0054878275226381695,7.368040426673035e-06,0.3118174347894377,9.25453179081723e-05,7.756326612846023e-06,0.0005315746749930396,2.985658438478036e-07,2.6798644051308206e-05,2.585061272325882e-07,0.0004815337408892184,0.00023296553508364275,1.985751107986565e-06,0.0005537144194880129,0.2006171074248261
32,2.634887745359667e-06,0.39973881262996663,1.2680855833186585e-05,6.3187489336259824e-06,0.05503177484826158,9.66681576089226e-08,0.00025089307246105514,1.2696120998988903e-06,0.02441564765290019,8.802687821608224e-06,0.0028903084590850042,0.005107019284495621,7.648453403376083e-06,0.2930016341462513,0.00014495483975578252,6.520362051313881e-06,0.0004383255587305519,2.469303186584776e-07,3.590226831401958e-05,2.696318965033315e-07,0.0004460244854293815,0.00027591569991119156,2.088572275557396e-06,0.0006301506797404454,0.21754405896416049
33,5.7957448383460685e-06,0.5634187231418734,1.1985431939810204e-05,8.387595361316087e-06,0.05120190805234946,5.4446078779413594e-08,0.00043034660296351464,2.25683815439895e-06,0.009957094252159751,3.63285904820395e-06,0.005333656496905436,0.013056996911247423,1.5876262548521964e-05,0.21042185194899382,8.715331942543896e-05,8.147499528070719e-06,0.0010031935659709256,3.839509984704378e-07,4.1994542045341336e-05,1.954198842807197e-07,0.0006369942773938657,0.00043072735694937256,1.4821461374260806e-06,0.000544729851938347,0.14337643148526633
34,2.6842712362108092e-05,0.35883283931210724,2.679919396293202e-05,1.3938762677002805e-05,0.15565647286003184,1.7698863021496246e-07,0.0008656061788320962,2.7563256540875297e-06,0.05041143938683228,6.140366643028599e-06,0.015059762061712145,0.008601497780893195,3.720130678141608e-05,0.2337935898470365,0.00030930142270775503,6.157962163677311e-06,0.0004425181479929899,1.0605565443460923e-06,0.00011380503171101986,3.40266161843784e-07,0.0012119290527650532,0.0006763587232063896,2.8745591457030224e-06,0.0011766541396815728,0.17272393705376346
35,8.562462616564126e-06,0.49088623174900925,1.8854651319818913e-05,9.016703374365094e-06,0.03530644271215799,1.765802232499142e-07,0.0004303504762579492,3.345299006527088e-06,0.033397572695269495,1.23212204564897e-05,0.003722569586323437,0.010976958560965668,1.6981024699950844e-05,0.22973996165969987,0.00012268767137438007,1.7684513762458126e-05,0.0005976170260101329,7.14217439585071e-07,6.259316572930184e-05,3.0627356596157914e-07,0.00045909386604228833,0.0006095553558844026,2.0941150313475715e-06,0.0008056345009594041,0.19279267391282007
36,2.475283211668086e-06,0.4956186771864021,8.509227327224024e-06,6.220815901080624e-06,0.01611860576917528,8.592600720154868e-08,0.00018986730807900716,2.635194120484998e-06,0.021732631288819807,1.2646794099516821e-05,0.0015109484364729624,0.006389995222126658,6.965636580980718e-06,0.3050349096363948,0.00012307345143347645,9.243247084249018e-06,0.0003862231676696345,2.333734611938851e-07,3.127268120011036e-05,1.8780579693182434e-07,0.00017763102941394427,0.0005324622369119697,9.648774685555385e-07,0.00022274293939890982,0.15188079146544228
37,4.8187365616849575e-06,0.30204052873964504,2.724308057175895e-05,5.280132800773585e-06,0.07741660850750094,6.260121847924207e-08,0.0003145061272249604,8.500557136411443e-07,0.026237193388224916,6.044572744839518e-06,0.0029313189957224273,0.006581338525713722,1.1594635242581545e-05,0.3651429967867886,5.976929761362441e-05,5.9682719888214955e-06,0.0005022913012412199,4.2747181241865573e-07,1.930337705013605e-05,3.624718320907816e-07,0.0006922794557693729,0.00015881416211127654,3.0798238894430896e-06,0.0014676661184378301,0.2163696533625795
38,4.231907939985368e-06,0.41116664090346605,1.7767086326057777e-05,9.141353264991147e-06,0.05714625859732943,1.8518879184213724e-07,0.000521568586697474,1.7998976382650328e-06,0.031437357203124634,1.1834509293664357e-05,0.003400524798486557,0.006291078080502679,1.3290178188990491e-05,0.24956786621579896,0.0002101308628344832,1.3411458528708918e-05,0.000613118040231239,4.56784112196241e-07,7.132813687937074e-05,4.169167761467231e-07,0.0006744113007451283,0.00035136692148850853,3.4006587956598095e-06,0.0009050692693359871,0.23756734514342298
39,5.440720849142608e-06,0.37180233037337745,2.1706301847237115e-05,6.409238051790633e-06,0.0536893065803053,1.9882732470280652e-07,0.0006593849514407508,4.0070310217071706e-06,0.020209689974146322,8.196016713480252e-06,0.005048369932080687,0.012794313866311734,1.1812972983352971e-05,0.24161935313290012,0.00014578990853226324,1.904930340509312e-05,0.0010637753830701623,4.463588913638689e-07,5.1448143333941314e-05,3.7116047291267383e-07,0.0008963297314976213,0.0004595612409966424,3.0234857224877894e-06,0.0007098154526481232,0.29076986991207554
40,2.8782809963202303e-06,0.37445918859238164,1.0656695490642227e-05,3.2559300200958537e-06,0.05197476724329625,7.435256682816637e-08,0.00019971310121356123,1.0590759541387025e-06,0.018905710902858256,4.412084260046395e-06,0.0033743075108899415,0.0076609995220289565,5.91121462897495e-06,0.2728299827952523,0.00014037985050757116,3.972324867722457e-06,0.00040323314291918074,9.818168240356887e-08,1.4139593309768e-05,1.7700935349604288e-07,0.00025411157075962853,0.0003723126099822217,9.899421507660427e-07,0.00036288205168917695,0.2690147864209401
41,2.564923753613221e-06,0.3353817015978282,9.783692363149092e-06,1.3263199433345597e-05,0.1167766089588198,2.1923330538718078e-07,0.0001931936842621321,1.120030049885465e-06,0.05107231583093959,1.1202474457452581e-05,0.003038274428892514,0.005110208264668895,4.584416890055292e-06,0.22870216001860982,0.0004016182932263265,5.388650582109923e-06,0.00027197623613225616,1.5738982844351926e-07,2.9217991708254482e-05,2.6060474731282235e-07,0.0001527563395957628,0.00026283357438741135,2.439166154581543e-06,0.0006540514212396987,0.25790209957812404
42,3.5010319843696774e-06,0.5525722351606001,8.421096394117434e-06,7.351321274870926e-06,0.03650848660749436,1.6331145598348925e-07,0.000298667441500884,2.2953270302728487e-06,0.023835192757688563,1.0343560275703596e-05,0.0033673363084870136,0.006384001339828876,1.1307621399458721e-05,0.17187130292522287,0.00026465927342139787,1.0356399132272923e-05,0.0005328085470528032,1.755687661769795e-07,6.695732494006578e-05,2.2793593338413757e-07,0.0003047136728559621,0.0008854286056766227,1.1594930375492415e-06,0.0003915325409897975,0.20266137482755678
43,2.2065951144087985e-06,0.38148581065727327,1.4082628809893598e-05,8.435101808728616e-06,0.05671051745324581,2.5300161705087475e-07,0.0002342473397040365,1.8829128889675174e-06,0.04079156645887615,2.4479695638967898e-05,0.0024818230171016202,0.002744223134066875,7.883630423372018e-06,0.3190667056029327,0.00022101401192633257,7.99717002071031e-06,0.00034245436181596484,3.1182011515892185e-07,5.5650777210515256e-05,4.4605124239073683e-07,0.0004927533621664825,0.00038401789621566354,2.801042986678784e-06,0.0005758832939722808,0.19434255298282602
44,2.6558553530270737e-06,0.3846551353352006,1.287895751234023e-05,5.6511873274234145e-06,0.05554755686489988,8.831567334621032e-08,0.00023022687849926282,1.1989756785520213e-06,0.02413194702291782,8.001141296395184e-06,0.002865718258935907,0.005279621511136226,7.066731552440651e-06,0.3067398903198102,0.00012579439883184007,5.779552568693528e-06,0.0004166152616207185,2.3042774387356186e-07,2.761412384433761e-05,2.584326066323124e-07,0.0004018287253886607,0.0002575026182454046,1.9613752219299335e-06,0.0006120593467002372,0.21866271838143406
45,4.679611094400904e-06,0.3391748943133438,1.0669101902827067e-05,2.187049147348325e-05,0.1439597082951953,4.1465229838143926e-07,0.001093340277503989,2.6737115109413246e-06,0.0767866972070726,9.783055346250873e-06,0.005153657271179743,0.00952579982307663,1.5854447302926646e-05,0.16994196465746508,0.000721480718483592,1.3803986471451862e-05,0.0003465540872893558,3.5758861749976185e-07,0.00010489778772601806,5.222969673848623e-07,0.0003293183951296287,0.0005711396858174046,3.0459642211171098e-06,0.0009326246260016234,0.2512742479475086
46,5.619028816182024e-06,0.6199240722952516,1.0192508436522368e-05,7.556230102829952e-06,0.039485505757193756,7.133012074914139e-08,0.00021267220163911538,1.5791648516924917e-06,0.005605765380911353,3.472274459095175e-06,0.004128056292722276,0.0127366727873764,8.795237903767256e-06,0.11622184156620298,0.00014964194887799668,9.92424971138313e-06,0.0020289807816918893,1.2952279338346498e-07,2.7246942622022253e-05,1.31453390809706e-07,0.0002878622878253431,0.0005066887023607179,1.4470818925958956e-06,0.00041740819332969944,0.19821866677951583
47,3.970171645611859e-06,0.6112209886097,8.604491376188629e-06,3.3165863115761448e-06,0.01747384556258072,5.347328774935011e-08,0.00018943020649816585,1.1973264137947578e-06,0.01324310081467582,4.776618139399341e-06,0.00210950456365627,0.009499942918324941,9.986273726169995e-06,0.1415642733580729,0.00010490342880277951,8.281920988807151e-06,0.00045918780294535783,9.928006383429215e-08,2.066067689733859e-05,1.3240797022732601e-07,0.00015141656044905725,0.0005418783732462945,5.72664309199263e-07,0.0003854164848455058,0.20299445942507233
48,2.6436396586192705e-06,0.38922366564917316,1.2795068129623905e-05,5.674898960512061e-06,0.05481703850842396,8.785475977562124e-08,0.00022890453673730902,1.2012475646775037e-06,0.023776354667063907,8.026253138942825e-06,0.0028396696842318933,0.005261504294927437,7.052736452435781e-06,0.3049394053530604,0.00012544706316268753,5.800998769007095e-06,0.00042157055625182354,2.2922175721462974e-07,2.7747197449528394e-05,2.561789273444817e-07,0.000400244055165621,0.00025847115925890015,1.953139145179563e-06,0.0006050516235971971,0.21702920441423287
49,3.297277732188856e-06,0.36713243406379564,1.6070207444571304e-05,5.3946205769866546e-06,0.05803130527054054,1.2282413845352885e-07,0.00023983849261579403,1.4002337584308266e-06,0.0270411239863212,8.256981267960423e-06,0.003137266251516651,0.0067568431627270656,7.3290881757991864e-06,0.3036843926194683,0.00010925525787523069,6.051329368410128e-06,0.0004297078181653821,2.368776317921674e-07,1.9726285062817244e-05,2.942514711727852e-07,0.0003493419874106478,0.0002782623598392526,2.0693679812586426e-06,0.0006408571128297781,0.23209912227228466
50,1.6810826536593154e-06,0.40755030549558774,1.1351174578234414e-05,4.962733179610427e-06,0.034534247494991156,7.873804081913789e-08,0.0002593955553750558,1.4536995001828317e-06,0.02470601087136425,1.1443853367392428e-05,0.0018661583322116086,0.003685367847584756,7.597764542558962e-06,0.3496801065909083,0.0001171547241665576,5.433105293839576e-06,0.00029366949374789656,2.0013487534898616e-07,3.5581067454390805e-05,2.533763271071782e-07,0.000416690545637083,0.0002915509399540763,1.3650250651582298e-06,0.0003686229873702395,0.176149317366223
51,3.0549561073805292e-06,0.32690905799932785,1.5570917689541885e-05,5.368791422954055e-06,0.0675981788864152,1.0664150340190904e-07,0.0002960500736961144,1.1771887758306028e-06,0.028176584742475193,7.8364996189521e-06,0.0032553490910592255,0.005752117829606234,7.762764935262958e-06,0.3105339383116704,0.00013012748956643742,6.73138848182965e-06,0.0004675497571192655,2.687760713350626e-07,2.9557906387047213e-05,3.081791148155525e-07,0.00051365241903676,0.0002474790527533639,2.5270265836134557e-06,0.0008154350162153334,0.2552242082943667
52,3.525355410468224e-06,0.4637093937991881,1.3896683639282147e-05,2.5944037621217425e-05,0.027760282653034773,3.116904859207653e-07,0.00014878066964336552,3.3017649507302542e-06,0.04764347441237085,8.042801149663409e-05,0.002042220070981955,0.0022420941454901937,1.4652519031749347e-05,0.3324129706497468,0.00045002010310835755,2.0224672584524372e-05,0.0002829547850371317,1.1952516471995744e-06,0.00014279779459300598,8.928601636985867e-07,0.0002453181132915375,0.000537420761356689,3.0412708261224986e-06,0.0005739451489503789,0.1216409127753494
53,2.6904788673346915e-06,0.25098190496873407,1.204722057169014e-05,3.899484075748506e-06,0.060459407947250764,1.0819290197213039e-07,0.000684580562951779,1.4663552693824429e-06,0.03411229806247318,3.980883850424467e-06,0.003580263494067738,0.011404854207444845,7.410938336926119e-06,0.3112856331298975,0.00013649619760255086,7.314659382987011e-06,0.00035455280656010506,2.3716172525425547e-07,2.449427284954129e-05,2.844026554129133e-07,0.00045815997419826717,0.00023811477216576136,2.1759885465442997e-06,0.0006501097673798683,0.32558751407024034
54,4.3147632737026365e-06,0.40304609207065867,1.6370525240854053e-05,8.388884944791927e-06,0.08085154554625966,1.265567376953173e-07,0.00033262078785449345,1.6482520406224848e-06,0.02567028808021058,8.753697848738772e-06,0.004443682530695267,0.005314157201975105,1.0827581145520154e-05,0.3024246194520192,0.00012752790822266228,5.9707738451780476e-06,0.0005657888840570816,4.184845329384234e-07,4.180699364160114e-05,3.189542817982381e-07,0.0006933119690666121,0.00031921409430672666,2.8655485190266827e-06,0.0007362305879557077,0.17537310987066573
55,1.2015991813524571e-06,0.6077321599840589,9.20189556125383e-06,3.8123203722123974e-06,0.015804317792629936,5.0071996298952846e-08,3.306716043555264e-05,1.3223261017982842e-06,0.005264227850655713,2.5241889267046733e-05,0.001490813111975413,0.0006026682374260505,3.81866422275918e-06,0.28750862691995893,0.00012435170774320492,3.1273933063043444e-06,0.0005770061654611266,1.2125891876773977e-07,2.898800834882768e-05,1.926015228255271e-07,0.00035223844996572424,0.00033438102844553534,9.26074317992908e-07,9.877729880746989e-05,0.07999936018931919
56,2.7593265421407306e-06,0.3920075228693358,1.3027359852868863e-05,5.733302146083784e-06,0.054652798248160696,8.703738738768846e-08,0.00024019276304044525,1.219136294187495e-06,0.02385738110504179,7.868895017354716e-06,0.002889462841644789,0.005448188142087719,7.624172351061778e-06,0.30438251034853814,0.0001239742972468089,5.8581590978207566e-06,0.00042230086493335364,2.3659917823607385e-07,2.834801578510744e-05,2.6521655463527326e-07,0.0004122643476311724,0.0002671800872470231,1.9491778133992907e-06,0.0006258372508431871,0.21459541043622882
57,2.4426398261791805e-06,0.4958315079723554,1.0865172447351851e-05,5.422804648610469e-06,0.03975586046921749,6.99242655794035e-08,0.0003187127034919096,1.3689839439110253e-06,0.017620085275026176,7.023594056174211e-06,0.002701094018620363,0.006237977446977879,9.600488639275555e-06,0.2289739225833818,0.0001192887352269514,8.1361294086091e-06,0.0004988356438509218,2.184922442272868e-07,5.368913208203012e-05,2.0025882205840553e-07,0.0005629453873361059,0.00032693369175195336,1.4445077474958359e-06,0.0005693916597248859,0.20638296228490635
58,2.605340713959342e-06,0.36616485716323194,1.4243329959956653e-05,6.056783326396113e-06,0.06594867827554549,8.932433228108383e-08,0.00024687449163200774,9.694776538982968e-07,0.027349558384444486,7.819411451270028e-06,0.002705484669682169,0.005358940808436595,7.938380514112917e-06,0.2970654355946703,0.00011995023522148717,6.195027624911527e-06,0.00040575468096007964,2.3743903103127597e-07,2.7901525154148062e-05,3.091589817192567e-07,0.000443585687070026,0.00022077913854372157,2.3671576788537185e-06,0.000932874303139285,0.23296049421099996
59,2.4748962133793182e-06,0.35502030473311513,1.530655265011988e-05,5.491390612600194e-06,0.061767386289153126,8.920119415646526e-08,0.00021554753973035686,9.734350441630777e-07,0.025961628174768887,8.579623519466475e-06,0.0025300798123589173,0.0048114160219322015,6.979302443969093e-06,0.31431086452203505,0.00010785482770727991,6.091586314657195e-06,0.0004160568630237715,2.370455519108283e-07,2.463078320676626e-05,3.068335030683646e-07,0.0004442000191391095,0.0002036748993876636,2.41768943162762e-06,0.0008689209674992383,0.23326848699046354
60,2.6558553530270737e-06,0.3846551353352006,1.287895751234023e-05,5.6511873274234145e-06,0.05554755686489988,8.831567334621032e-08,0.00023022687849926282,1.1989756785520213e-06,0.02413194702291782,8.001141296395184e-06,0.002865718258935907,0.005279621511136226,7.066731552440651e-06,0.3067398903198102,0.00012579439883184007,5.779552568693528e-06,0.0004166152616207185,2.3042774387356186e-07,2.761412384433761e-05,2.584326066323124e-07,0.0004018287253886607,0.0002575026182454046,1.9613752219299335e-06,0.0006120593467002372,0.21866271838143406
61,2.626640635526654e-06,0.33934639886681445,1.6787783510294937e-05,5.493014976343968e-06,0.06398393175197468,9.153119550183119e-08,0.00021845753774543368,9.775108577523313e-07,0.028199098358523245,8.978932962556365e-06,0.0025430374491521687,0.004666319216254569,7.199321282366149e-06,0.327947080251855,0.00010195555768838151,5.922702237074344e-06,0.0003935329554389975,2.577004588537645e-07,2.4214054915398355e-05,3.1820190281334935e-07,0.0004666040061399089,0.00019575499547796774,2.5356869287553045e-06,0.0009268516347946661,0.23093557433627718
62,2.6558553530270737e-06,0.3846551353352006,1.287895751234023e-05,5.6511873274234145e-06,0.05554755686489988,8.831567334621032e-08,0.00023022687849926282,1.1989756785520213e-06,0.02413194702291782,8.001141296395184e-06,0.002865718258935907,0.005279621511136226,7.066731552440651e-06,0.3067398903198102,0.00012579439883184007,5.779552568693528e-06,0.0004166152616207185,2.3042774387356186e-07,2.761412384433761e-05,2.584326066323124e-07,0.0004018287253886607,0.0002575026182454046,1.9613752219299335e-06,0.0006120593467002372,0.21866271838143406
63,2.374745069063864e-06,0.43174109169998925,1.1286379943125523e-05,5.359091418688806e-06,0.046616711613520864,7.559044463208722e-08,0.00019227776196484964,1.1359736599621346e-06,0.0209263142628631,7.955327765850352e-06,0.002519516491814767,0.004914983352683331,6.582981119140234e-06,0.2889021565416709,0.00011790486951234857,5.445984017305721e-06,0.0004047336194165743,1.9680322867025066e-07,2.6587591850705013e-05,2.249181149894142e-07,0.00035174949069004106,0.00026183804817641416,1.655730877170205e-06,0.0005336506828898064,0.2024481904472986
64,2.772218614906824e-06,0.3709602648564126,1.543766065146375e-05,5.123861525699968e-06,0.059083785778230674,7.799520738293063e-08,0.0002641344658018099,1.2285964433513341e-06,0.020710673311052166,7.518111070903753e-06,0.00305477333874547,0.004902167129612423,7.849040857573312e-06,0.3326126053583305,9.899902880367585e-05,5.720143324497064e-06,0.0004945583132550026,2.8195423462421666e-07,3.046216772402553e-05,2.71379338812738e-07,0.0006516969788577682,0.00023179096477189863,2.257708459270041e-06,0.0006569381083354995,0.20619861153033792
65,1.1475505520447295e-05,0.3759908853967547,1.3818133170373965e-05,4.156551625376183e-05,0.23544969363076673,8.629455964160856e-07,0.0019392560279659216,4.336027496799279e-06,0.02132964587116714,7.120613324556231e-06,0.016988956373952487,0.014405498213687317,1.6123698297333238e-05,0.09953155052850703,0.0008339927995394505,2.5199062888008654e-05,0.0026437618240511473,1.2168584563200152e-06,0.00033401601538141535,3.6651121262486046e-07,0.0015033058916019994,0.0005338690081943934,1.1814496659112018e-05,0.0009653096745237864,0.22741635937503082
66,3.7092306734135636e-06,0.3714506956058799,1.8660784721387284e-05,6.043583517856544e-06,0.06286346244953217,8.422471941289047e-08,0.00033056825737230847,1.5946566824694855e-06,0.026341361177954038,8.514027365788631e-06,0.0034176268748750305,0.0058074287157923255,1.1886603968585527e-05,0.3390727176604478,0.00010838992820562538,6.354311798188639e-06,0.0003928110537431016,3.384185052618385e-07,2.9598426181686943e-05,3.576185813382193e-07,0.0005224501417359264,0.00028513277073508015,1.7258634837866294e-06,0.0006461921522584779,0.188672295461269
67,3.400072148362659e-06,0.26164341979199013,4.732106793924271e-05,7.5910396685967645e-06,0.06886259825537068,9.85025645762803e-08,0.0002208043007601587,1.2736493179285504e-06,0.013699324878281611,1.3873710075973444e-05,0.0027790896314037468,0.0029953100031055646,8.772522563077067e-06,0.4727360365840356,5.5527910658903794e-05,8.041392586376405e-06,0.001003404365370393,8.424230327130489e-07,2.5653104289044367e-05,6.600042554520011e-07,0.0016406312381876394,8.88237149375799e-05,8.885562230157018e-06,0.0012533013999718639,0.17289531487525475
68,1.5675089627872247e-06,0.2182008535483618,1.5487797683493975e-05,4.011893592920406e-06,0.05922917994996163,7.567393018559171e-08,0.00015452944674177228,5.935626394500722e-07,0.0349724316870948,7.546538240634741e-06,0.0016834015259145573,0.004390272178749488,4.085549296571973e-06,0.4208578121876571,7.829217592001807e-05,3.5021657857072365e-06,0.00021198365843453612,1.6214506499366342e-07,9.608527976588883e-06,2.8957493598752535e-07,0.00024577362603173797,0.0001078960541731842,2.3149083842463286e-06,0.0008226108343427344,0.2589957172801231
69,2.1320639308199284e-06,0.29377328337666875,1.7968110970820564e-05,4.4869898245651115e-06,0.050247834130033316,7.87467348301473e-08,0.00023682048881290871,1.1936380350323483e-06,0.023949409825003574,9.357180545296353e-06,0.002271835038309664,0.0043932024969309804,6.6029742148294545e-06,0.407026942647039,8.276127831756118e-05,5.986151614306971e-06,0.00036827953759648534,3.148387740210563e-07,2.355448241382679e-05,3.424368628303548e-07,0.0005925294851684036,0.000166939442253899,2.481236038668178e-06,0.0006943687162320817,0.2161212946876736
70,2.3873667848150147e-06,0.28943259623511963,1.2109183493906376e-05,7.69923091267479e-06,0.11514834835765655,1.0730848019721139e-07,0.0002743086453612823,9.705085591676093e-07,0.03756419500424305,5.8594489823517425e-06,0.003160569892833034,0.005386851565985979,5.547561468311591e-06,0.3317710503894551,0.00014840962008930698,3.071000297249361e-06,0.00027814048624179153,1.7667254412951496e-07,1.801589147610365e-05,2.4801932497417635e-07,0.000307501772199109,0.00019077270639829456,2.36119356860951e-06,0.000635178428669862,0.21564352350985438
71,6.437070925879984e-06,0.5551431527274132,1.0991882235545166e-05,1.0227762108552761e-05,0.03867778380187854,1.4977423006244064e-07,0.0002105493341201393,1.8055700621957696e-06,0.014518248972964626,7.720230647450558e-06,0.00524839467676387,0.008538529764829906,1.0528260865259615e-05,0.14331692693732798,0.00034273179480917375,9.491671836380937e-06,0.0008589648536586474,1.8392563300871517e-07,5.320300304060394e-05,1.744196112945902e-07,0.0002482228333239707,0.0006451832883647163,1.625655099468076e-06,0.00047954002239276633,0.23165923176585676
72,2.724764267100663e-06,0.39522476535470147,1.2894803901215055e-05,5.878095020875716e-06,0.0546366586507534,9.813400831489583e-08,0.00026322049029150937,1.298920369885561e-06,0.025222959893359456,8.363603169165206e-06,0.002888288866937873,0.005496651736643531,7.642896460232074e-06,0.2942300300834424,0.00013763882631267558,6.435625431350504e-06,0.00042519188200696985,2.3718352549939664e-07,3.100420984864102e-05,2.7134891102636795e-07,0.00040908805008377686,0.00028004386542425857,1.9556240742271415e-06,0.0006010628035469809,0.22010559428750812
