,0,1,2,3,4,5,6,7,8,9,10,11,12,13,14,15,16,17,18,19,20,21,22,23,24
0,0.24737647944428723,0.6992311422446853,5.452088071984587e-07,2.185663809245631e-07,0.0004096199283350427,3.7588926240300524e-06,0.0003025028368636988,8.991989085281994e-07,0.0028382049044680343,1.416377269981922e-06,0.00021951172137973715,0.002212547435550373,3.628451429919249e-05,0.00013046471367760977,3.954355129206808e-06,1.2271847402755337e-06,0.0002121720351793138,0.0006972423871442232,0.0005182779679376394,3.973042980272385e-09,3.648158206084108e-05,5.956367132371021e-05,3.324780646401615e-05,4.2308503480936224e-08,0.04567419074093757
1,0.26691703471921985,0.6844423312216362,4.3000814895742456e-07,2.0067904560834954e-07,0.0004390397642357611,2.6761984637196777e-06,0.0002804304535979554,9.490714679323601e-07,0.005128755639534529,1.522124773289268e-06,0.0001787589516444702,0.0014128441604603075,3.227517737036604e-05,9.391786375835342e-05,3.1238432783690257e-06,1.320399183502375e-06,0.0001922700659034373,0.0005010605440508318,0.0004715338696562223,2.8970885522108233e-09,1.9972667059849843e-05,4.868048893712824e-05,2.574286907407515e-05,4.1521541145458886e-08,0.039805084800869674
2,0.27687459704715917,0.6310420790146192,4.996371093650378e-07,1.8936974855218347e-07,0.0005356514337542132,2.300077336279624e-06,0.00032349259968768144,9.225678563603237e-07,0.0045702924888659825,1.597956886707873e-06,0.00018559893632765948,0.0013884504891515117,2.3693960385226354e-05,0.0001490441100512064,4.6813999577603505e-06,8.313955557356821e-07,0.0001510438448908777,0.0006825979815086868,0.00046594806891483195,4.848594898773921e-09,2.8791564031736833e-05,7.98248828615664e-05,4.0743210159146866e-05,5.197039837848307e-08,0.0834470711441872
3,0.25004364622470526,0.6939487543627465,4.941318489034103e-07,2.1495722682515e-07,0.00042132981090448176,2.746369944752688e-06,0.00027398020271654716,7.630263035400583e-07,0.002931101161564796,1.212179942004892e-06,0.00022941606424672922,0.0020409331164965403,3.211055562147355e-05,0.00013514453531042448,3.633045284712397e-06,9.507347026347467e-07,0.00020766454013728455,0.0006921126186031185,0.0004056231472740691,2.9711131321664375e-09,3.1302314489431593e-05,5.831163191647732e-05,3.0494395142658092e-05,4.0800228822254985e-08,0.04850801710152881
4,0.2090157477733735,0.7380573146820191,4.659285461492557e-07,2.1840082373818243e-07,0.00044400184938014686,2.7111548347005143e-06,0.00025829755382276163,6.841966485146684e-07,0.002704339671038261,1.0706862426953527e-06,0.0002515950174959042,0.002574982059885868,4.206514690022686e-05,0.0001563559977112589,2.9300376022480525e-06,9.338201181347252e-07,0.00022346215436513386,0.0007389127683554498,0.0003782676530980799,2.8882609686596416e-09,2.9599266225188476e-05,5.579227399437488e-05,2.970709928317516e-05,3.4413662547818126e-08,0.04503050750631202
5,0.3484868020786484,0.5731258571619388,5.588661243371199e-07,3.186048915764497e-07,0.00042383622985263353,2.5983573623475796e-06,0.0003044002562098745,8.659679659101305e-07,0.0033193901361687687,1.6292661193726719e-06,0.00024543244645714373,0.0024019476117116425,3.3026473368506474e-05,0.00018051610482658516,3.19838298813588e-06,1.1054670336636065e-06,0.00027279488753855543,0.0013841390106617598,0.0003298541378920154,4.343268931543776e-09,3.5646519372842894e-05,6.246892871354078e-05,3.8707389863475705e-05,6.466654492516914e-08,0.06934483670447619
6,0.25004364622470526,0.6939487543627465,4.941318489034103e-07,2.1495722682515e-07,0.00042132981090448176,2.746369944752688e-06,0.00027398020271654716,7.630263035400583e-07,0.002931101161564796,1.212179942004892e-06,0.00022941606424672922,0.0020409331164965403,3.211055562147355e-05,0.00013514453531042448,3.633045284712397e-06,9.507347026347467e-07,0.00020766454013728455,0.0006921126186031185,0.0004056231472740691,2.9711131321664375e-09,3.1302314489431593e-05,5.831163191647732e-05,3.0494395142658092e-05,4.0800228822254985e-08,0.04850801710152881
7,0.24611604747174967,0.7331106000973471,7.475198597245313e-07,1.6407055975341826e-07,0.00031836626459825357,2.135891130483141e-06,0.00019546079689715124,8.530354220546518e-07,0.0015465202630212203,6.953504951693783e-07,0.00024123289305794896,0.001829879235515628,5.450845916705349e-05,6.560384867794003e-05,2.47497808612555e-06,6.460637535964437e-07,0.00016316412583231233,0.000422407566635736,0.000505412173851612,1.7373161061796436e-09,2.1862298714245087e-05,3.886921182099344e-05,1.2267343999882212e-05,2.6526735073005374e-08,0.015350052775755255
8,0.33077126561397746,0.5147018080559181,6.32682011329876e-07,3.360934452065512e-07,0.00053793838607534,2.281907109072972e-06,0.0003132926330930531,5.033150916781371e-07,0.0064332599629875285,2.924168609906014e-06,0.0002893793567831041,0.0008099538296017502,1.2638517919661109e-05,0.00026647208486029313,8.255713058242846e-06,7.647589993093536e-07,0.0001575050798647153,0.0008763009712714386,0.00021003376408686064,4.451476943150474e-09,3.10863015654066e-05,8.604781132213897e-05,4.7775568044236515e-05,2.3496946881764963e-07,0.14443930400335842
9,0.39625166411749246,0.5342781943898804,1.075005123203387e-06,4.5527756521597815e-07,0.0005112792177046521,3.169655595007721e-06,0.0002456687275569933,1.0259825709600565e-06,0.004987509801094543,2.8180459492248653e-06,0.00035071059174285617,0.0012712196271194105,2.822506178769353e-05,0.00020781024101362177,6.277444023729188e-06,1.1507916431101043e-06,0.00025725100342041977,0.0008698610484428452,0.0003857036449932104,5.58946058529329e-09,4.059114671719419e-05,8.688563853864425e-05,4.591475456487121e-05,1.81432997684072e-07,0.060165351763001376
10,0.25004364622470526,0.6939487543627465,4.941318489034103e-07,2.1495722682515e-07,0.00042132981090448176,2.746369944752688e-06,0.00027398020271654716,7.630263035400583e-07,0.002931101161564796,1.212179942004892e-06,0.00022941606424672922,0.0020409331164965403,3.211055562147355e-05,0.00013514453531042448,3.633045284712397e-06,9.507347026347467e-07,0.00020766454013728455,0.0006921126186031185,0.0004056231472740691,2.9711131321664375e-09,3.1302314489431593e-05,5.831163191647732e-05,3.0494395142658092e-05,4.0800228822254985e-08,0.04850801710152881
11,0.23926142054910943,0.7098387640072988,4.949524105098044e-07,2.1541305712556019e-07,0.00041583039267598993,2.7719885056523822e-06,0.0002728510571958738,8.127599191336462e-07,0.002821431070182884,1.1346022463575525e-06,0.00022680281160936092,0.0022194221598957203,3.7654194253567546e-05,0.00012975377911053786,3.2871806076573858e-06,9.898278369140964e-07,0.00021720042861100676,0.0006840600303830557,0.0004237707356071193,2.9407136815496953e-09,2.9563813568608778e-05,5.60443806705681e-05,2.887190750839621e-05,3.6675270275781695e-08,0.04332681234175164
12,0.15449707218501205,0.7476380766194987,2.6417938439975616e-07,1.5247417218901673e-07,0.0006996476566194731,2.471515142244451e-06,0.00020242617867313387,2.365873922125281e-07,0.0020928236776823405,6.952446297139882e-07,0.00018172284442631576,0.002571446979861016,1.9733651645582146e-05,0.0002198955624675912,2.2103670472995473e-06,6.282087582841336e-07,0.00011512390628465824,0.0009687008003084,0.00019523359314698046,2.791175397702022e-09,2.7147724414443894e-05,2.7180251116772346e-05,3.814395317159139e-05,2.4358619194903394e-08,0.09049893868935018
13,0.1610349868125335,0.8075103741932801,5.724651229138377e-07,3.3931689059208915e-07,0.0007296955680462284,2.350913593167269e-06,0.00018355020992234848,4.6822850128130284e-07,0.001786455176397772,5.912714961683878e-07,0.0012045640753399099,0.003241672924478288,7.269008154178168e-05,0.0002137684543326386,6.126851356421464e-06,8.883708319988568e-07,0.00020484275268273995,0.0004586736224033505,0.0003861273371916487,1.625356127588056e-09,4.42867922064537e-05,4.6904958039882246e-05,4.487822178563019e-05,5.0091754235916275e-08,0.0228251396849148
14,0.109397740347343,0.8752157267979068,2.0875104795828273e-07,4.284145693065745e-08,0.0002635445400946358,1.858438422466467e-06,8.23402592132272e-05,1.755988732390856e-07,0.0004945065805731779,2.3539054313257689e-07,0.0001529843747119921,0.0025535739741632357,2.964133804634115e-05,5.29839511810943e-05,1.0030100892690164e-06,3.6970502187471413e-07,6.733379050112674e-05,0.0002485591596844791,0.00040394157562321874,6.739199194597869e-10,1.5984230926087505e-05,1.3655474548177945e-05,7.58152572471634e-06,5.757159145478273e-09,0.010996001913224656
15,0.25004364622470526,0.6939487543627465,4.941318489034103e-07,2.1495722682515e-07,0.00042132981090448176,2.746369944752688e-06,0.00027398020271654716,7.630263035400583e-07,0.002931101161564796,1.212179942004892e-06,0.00022941606424672922,0.0020409331164965403,3.211055562147355e-05,0.00013514453531042448,3.633045284712397e-06,9.507347026347467e-07,0.00020766454013728455,0.0006921126186031185,0.0004056231472740691,2.9711131321664375e-09,3.1302314489431593e-05,5.831163191647732e-05,3.0494395142658092e-05,4.0800228822254985e-08,0.04850801710152881
16,0.28762572601581243,0.606509416651736,4.366634077957195e-07,2.705871723380732e-07,0.00038680542836508705,2.33932664537991e-06,0.0003111871163352269,5.773956862196707e-07,0.0017711460629660834,1.972242025138303e-06,0.0002382550823126745,0.004326545759740893,2.6734068914904702e-05,0.00024875961832999466,2.6348589574521115e-06,9.761940596972794e-07,0.00026323966197513683,0.0021544448150635576,0.0002894784340198594,4.157312454980925e-09,7.965320021084942e-05,7.633974786415819e-05,3.464296610525387e-05,4.124966804274336e-08,0.0956483726953133
17,0.2885388356478066,0.628447408862971,3.386421801259979e-07,1.6633966064687449e-07,0.000353751198527859,1.5131289687102058e-06,0.00023124084208961295,7.120439868930838e-07,0.0016010750715426435,8.476400968382013e-07,0.00018511227298703762,0.005302909287173998,4.349776039730145e-05,0.00018461034056167517,1.3483598522357067e-06,7.346186699646984e-07,0.00026047781622453496,0.0019067415463204578,0.00037360094393010593,3.5443078285655218e-09,3.9552007812172204e-05,6.33694333942249e-05,3.4586147992497716e-05,1.9488130892227774e-08,0.07242754701441415
18,0.23243806683344617,0.6180285409133597,1.8203239010473704e-07,1.0634281895041547e-07,0.000213047021102792,1.7468111507896185e-06,0.00027056434183667154,4.522983656208223e-07,0.0026765325134864614,1.353597293006741e-06,0.00012872545544513457,0.0033521349618906367,2.2735325320759316e-05,0.00020925967841888097,1.6000646020985341e-06,6.656140199391585e-07,0.0002958869730269514,0.001625880221551851,0.0002503515347798559,3.4229757857766753e-09,2.623332629380331e-05,8.945425478158148e-05,3.483176420017434e-05,2.3956101935276623e-08,0.1403316207413405
19,0.2152931546885521,0.7405099521527908,6.241252876400189e-07,2.5371103909342506e-07,0.0005436009082499888,2.465999220123978e-06,0.0002978719110964174,1.0171819663123843e-06,0.0026422016879497578,1.0433808788060583e-06,0.0002259266031893165,0.002775226900520917,4.762144230175287e-05,0.00013612748930232201,3.1453752909906003e-06,9.863335370677685e-07,0.00020542011435540388,0.0007168620861316523,0.00046011059330967663,3.067896354990114e-09,3.068106324009088e-05,6.282408990953359e-05,2.3340956850782845e-05,3.084140074473777e-08,0.036019507295732334
20,0.2022568641468401,0.7338862757792244,8.14455061039741e-07,3.32332810796376e-07,0.0005092229650882075,4.240863660594365e-06,0.0004717198316281374,1.3674717911093743e-06,0.003325658863338009,1.6569273950849436e-06,0.0003802569354027259,0.0019164909776936496,3.616818096120766e-05,0.00017856518910589145,1.2360161543691213e-05,1.143581860035556e-06,0.00023805216990504263,0.00048555099189791744,0.0006318787210255127,4.4135380031226984e-09,6.334082850309383e-05,0.00013584349503704068,5.196669545171686e-05,6.578880924987319e-08,0.0554101582324278
21,0.2580283501054759,0.6923277746350268,3.921554459593377e-07,1.7298553856085474e-07,0.00047923400036579484,1.8343815959987884e-06,0.00014344197131926808,4.0401188456610296e-07,0.0018186318841776413,1.1555444923249536e-06,0.00023606334590954334,0.002795591340241204,2.5953523614608493e-05,0.0001453900108908866,1.891391640070118e-06,7.38254361604215e-07,0.0001481227285271158,0.0009094906429237671,0.00031786256829461517,2.378393942147958e-09,3.95270339040569e-05,3.7846276247947345e-05,2.2272104679605664e-05,3.243772072803412e-08,0.04251782428732734
22,0.3664399888727085,0.5784889335650235,7.72146545227796e-07,3.5100680757919015e-07,0.0003652314968903275,2.8973709969318606e-06,0.0002449551511965398,9.070022354518012e-07,0.0025204378848523333,2.0407015229655884e-06,0.0003481916436511558,0.002725315283538352,3.7076186780832285e-05,0.00017654068747538753,3.794403499875904e-06,1.1793535276284734e-06,0.0003544136397860284,0.0012094030410104563,0.0004087791279921523,3.869550410544679e-09,5.210794080099384e-05,8.149097966486419e-05,3.2179149510917716e-05,7.215711245249166e-08,0.04650293733731903
23,0.25004364622470526,0.6939487543627465,4.941318489034103e-07,2.1495722682515e-07,0.00042132981090448176,2.746369944752688e-06,0.00027398020271654716,7.630263035400583e-07,0.002931101161564796,1.212179942004892e-06,0.00022941606424672922,0.0020409331164965403,3.211055562147355e-05,0.00013514453531042448,3.633045284712397e-06,9.507347026347467e-07,0.00020766454013728455,0.0006921126186031185,0.0004056231472740691,2.9711131321664375e-09,3.1302314489431593e-05,5.831163191647732e-05,3.0494395142658092e-05,4.0800228822254985e-08,0.04850801710152881
24,0.20819982153605399,0.7321670335327158,4.543663180404541e-07,3.1838466487906186e-07,0.0007437004868377226,2.5054265009728637e-06,0.00025429796951113593,6.779988917535678e-07,0.003018651527034118,1.0135657817418547e-06,0.00028553300185528543,0.0033915896138904424,5.051897224341099e-05,0.00021955329603181946,2.451587943559834e-06,1.2438123487109054e-06,0.00021336890619425456,0.0010258741997838817,0.00033628335526287244,3.161140728648536e-09,2.9587224288703566e-05,4.37020377018589e-05,3.664176233347236e-05,3.551651486930799e-08,0.04997513875815574
25,0.37832242721214454,0.5769165982593852,7.884795410651014e-07,4.5314284979999785e-07,0.0005166767550358764,2.3339946183617697e-06,0.00039498257981364577,1.8597341609332105e-06,0.0025178460170887144,1.2932230176514176e-06,0.0004298883696910015,0.0030782545995413505,6.779497428318239e-05,0.0001414859604257918,4.542477909391032e-06,1.5255981618389104e-06,0.0002989589322260357,0.0011012945777942936,0.0006363690120294029,3.874597268972798e-09,5.110895726791238e-05,7.108532085204657e-05,4.115820466198782e-05,4.825299982555541e-08,0.03540122148990278
26,0.39207651726768733,0.5517191717502669,4.708300772327802e-07,3.013127623121967e-07,0.00039779255898687144,2.7820578893299935e-06,0.00020245942647178095,8.358273828266514e-07,0.006577352924379939,1.1710873819059316e-06,0.00023476114356500477,0.0010119012372649166,2.6324081325480832e-05,0.00010102028238701552,3.4728533524428902e-06,1.0831923183838473e-06,0.0002531509749885884,0.0005990286908989732,0.00026475637206857495,3.1052411859021965e-09,1.700612392518955e-05,3.53621731386407e-05,4.7960773517008e-05,1.0351158061821158e-07,0.04642521044114169
27,0.21412775843286833,0.7018945272645389,4.2561851252774443e-07,1.9593524127692714e-07,0.0004220282569759974,2.805969919841519e-06,0.0003566793805632497,7.81881382285245e-07,0.005397771735117585,1.672847235137525e-06,0.00021343544559372922,0.0013708774099287118,2.3812886314949952e-05,0.00014979942079220777,5.827377814998403e-06,9.256574464445244e-07,0.0002017650041054157,0.0005184160663202137,0.00037052015113121865,3.5563367857919388e-09,2.5521108350243943e-05,9.11431030690098e-05,3.647271017983629e-05,6.052517636208292e-08,0.07478677225508487
28,0.25004364622470526,0.6939487543627465,4.941318489034103e-07,2.1495722682515e-07,0.00042132981090448176,2.746369944752688e-06,0.00027398020271654716,7.630263035400583e-07,0.002931101161564796,1.212179942004892e-06,0.00022941606424672922,0.0020409331164965403,3.211055562147355e-05,0.00013514453531042448,3.633045284712397e-06,9.507347026347467e-07,0.00020766454013728455,0.0006921126186031185,0.0004056231472740691,2.9711131321664375e-09,3.1302314489431593e-05,5.831163191647732e-05,3.0494395142658092e-05,4.0800228822254985e-08,0.04850801710152881
29,0.25004364622470526,0.6939487543627465,4.941318489034103e-07,2.1495722682515e-07,0.00042132981090448176,2.746369944752688e-06,0.00027398020271654716,7.630263035400583e-07,0.002931101161564796,1.212179942004892e-06,0.00022941606424672922,0.0020409331164965403,3.211055562147355e-05,0.00013514453531042448,3.633045284712397e-06,9.507347026347467e-07,0.00020766454013728455,0.0006921126186031185,0.0004056231472740691,2.9711131321664375e-09,3.1302314489431593e-05,5.831163191647732e-05,3.0494395142658092e-05,4.0800228822254985e-08,0.04850801710152881
30,0.25004364622470526,0.6939487543627465,4.941318489034103e-07,2.1495722682515e-07,0.00042132981090448176,2.746369944752688e-06,0.00027398020271654716,7.630263035400583e-07,0.002931101161564796,1.212179942004892e-06,0.00022941606424672922,0.0020409331164965403,3.211055562147355e-05,0.00013514453531042448,3.633045284712397e-06,9.507347026347467e-07,0.00020766454013728455,0.0006921126186031185,0.0004056231472740691,2.9711131321664375e-09,3.1302314489431593e-05,5.831163191647732e-05,3.0494395142658092e-05,4.0800228822254985e-08,0.04850801710152881
31,0.058395675205217,0.8660510263449234,2.1420064123041111e-07,3.589737113035882e-07,0.000581990067846895,8.673095078341237e-06,0.00039553951317278593,1.8537568319747921e-07,0.007589213233904613,2.2365810067980688e-06,0.0006705353774300635,0.001104324948936524,1.5993077055123466e-05,0.00039882218727413816,1.8708198230907835e-05,1.6091419042646778e-06,0.00022141269477432806,0.0002083275300898517,0.0001320273446944095,1.8034183731491834e-09,3.5484927977118e-05,7.437925021573008e-05,5.878934574934878e-05,1.2594820848587745e-07,0.06403434563285576
32,0.24755869079600074,0.6988693079882549,5.007271178457525e-07,1.8951177879214548e-07,0.0004180284266531163,2.717173184296182e-06,0.00027082038614097435,8.192777531831331e-07,0.0026934607434922066,1.1554548925533936e-06,0.00022156323797228704,0.0020837183372548617,3.30859684863024e-05,0.0001262964343709661,3.685608500071928e-06,9.369188768759063e-07,0.00019447948628654478,0.000640024512415708,0.0004931535674940481,3.08917197608568e-09,3.1419472077076606e-05,6.193224709467262e-05,2.9953955990948973e-05,3.6260333463398383e-08,0.04626402041840547
33,0.24475015815398837,0.705295787621223,4.367412805465528e-07,1.9623133461772432e-07,0.00034410311660657494,2.506295232983858e-06,0.0002821967033999671,8.48367785309712e-07,0.002753089567590026,1.1152349289297235e-06,0.00020748483309761002,0.002579823436558009,4.197277794666929e-05,0.00012977459881617458,2.6382331727846228e-06,9.969452746403021e-07,0.0002603054069532262,0.0007825319793946617,0.0004094930565272195,2.735822428768467e-09,2.5712114184487197e-05,6.2423044148321e-05,2.492079049991772e-05,3.0892261901652494e-08,0.0420414511219717
34,0.26456069471080984,0.6844438136383377,4.7859684625798e-07,1.818644648795028e-07,0.00041632357151936744,2.3007497755502217e-06,0.0002349184504525141,7.209741164426959e-07,0.002844312309591773,1.0960897658411395e-06,0.00022612289157323236,0.0018064111155125261,3.084511712878056e-05,0.00011701906803419946,3.316580648517213e-06,8.290242467150152e-07,0.00017719075265986057,0.0006013462871938294,0.00043958417012635335,2.646875081558797e-09,2.7367841689875286e-05,5.373583382375046e-05,2.7632431358756862e-05,3.9073770624466334e-08,0.04398371620967779
35,0.5350695968563138,0.42864443733044955,2.622286477393074e-07,9.801078053133207e-08,0.00013799245460131758,7.516054580864936e-07,0.00016864993678803667,1.113286252555574e-06,0.002574908295103664,9.696906041131632e-07,7.008487124589252e-05,0.001735110776126951,2.6232028976157295e-05,3.936440367163649e-05,6.614852370582446e-07,6.432803981583372e-07,0.00022179379749166236,0.0010748175704182424,0.0003404371359415813,1.729830403638559e-09,1.1455523814932108e-05,3.707417344039495e-05,9.372137946456723e-06,1.7622040476142796e-08,0.029834153768420534
36,0.20840950966737617,0.7341556449307464,2.270352510539424e-07,1.5420446770367087e-07,0.00017866036040040315,2.5862274755632707e-06,0.0004782944521799914,2.1344825589608684e-06,0.005566145385214823,9.723915759605642e-07,9.794746515424199e-05,0.003981379787627888,6.262545708488014e-05,9.553818654681451e-05,2.0328420509048464e-06,1.8125551807025275e-06,0.0007247421219019352,0.0008010469016157672,0.00043346363910851777,2.655368709700511e-09,1.1826276715172948e-05,0.00011545681189378406,2.4657754218191544e-05,1.3752676198442669e-08,0.044853124655609346
37,0.4941011265311397,0.4541897973540066,7.215778587547288e-07,3.14322347048481e-07,0.0003550270559884817,1.8103173609353276e-06,0.00020131289171817582,6.501757994790458e-07,0.002149400659815527,1.3798342731160476e-06,0.0003122273395352891,0.0018474302268690595,2.811159915283331e-05,0.00013118139534395925,2.8528640185565616e-06,8.842741973257801e-07,0.00021551186266581903,0.0013772406002600193,0.0003046134530925092,2.9566580062152107e-09,3.110966548483075e-05,4.024311737859667e-05,2.6276496886029362e-05,9.567974055490667e-08,0.044680677748408885
38,0.2630152156260385,0.6653988667227471,4.7495144189312196e-07,2.284384067852622e-07,0.0004941678669411129,1.8125201632711892e-06,0.00020985705735823712,5.796908461271083e-07,0.0040376599318151475,1.3816198886248545e-06,0.00021992522000482254,0.001786639336811518,2.5277475831760216e-05,0.0001699248149410653,2.811693827438748e-06,6.718411235334983e-07,0.00019274290175247814,0.0008151172105032269,0.00026633934457516293,2.8194075769383625e-09,2.538226627361994e-05,6.0210671350460285e-05,2.727754245288338e-05,5.329838082840832e-08,0.06324737913711671
39,0.2584324664076025,0.6565446001495628,5.469441203370753e-07,3.239257052221954e-07,0.0004068968393286857,4.9326065491599934e-06,0.0005842359117990535,1.8052423990190788e-06,0.0029722114072697602,1.5238283262307824e-06,0.00019595405520914376,0.003120434279694346,4.452428589739708e-05,0.0001485457238571994,5.378367279714189e-06,1.878807289756699e-06,0.0003509932594861879,0.0010101077386717504,0.000643712296356491,5.756451808620569e-09,6.114068059646468e-05,9.156786825549634e-05,6.204203626984505e-05,3.3058770092666435e-08,0.07531413852325165
40,0.10941118247259007,0.8573958216045262,6.1937960790667e-07,6.860429883765451e-08,0.0005330512985422986,2.1852462232511664e-06,0.0001217683238456007,2.597055392686598e-07,0.0009349237649883602,5.771373363593416e-07,0.00015224197618549464,0.002058576071754988,1.8014646410643573e-05,0.00011126593192277205,3.182283384607894e-06,3.233425516435293e-07,6.48035248369921e-05,0.0003103742406160124,0.0004355442890293491,1.8356976654200084e-09,2.5393348837811846e-05,4.93827653323471e-05,1.000980065083472e-05,1.6374290937870234e-08,0.028360412030999517
41,0.17826727998582662,0.7810382126552119,4.0675235496397074e-07,1.980478007866835e-07,0.0004629581304545933,2.6921056580518283e-06,0.0002071497046163367,5.895022963636834e-07,0.004376393806764025,1.0021202029041938e-06,0.0001659216378434975,0.0012097318965835638,2.77479146540293e-05,0.00010176532238923377,2.770876831701923e-06,8.157806405091618e-07,0.00016421576797020642,0.0003671561625362415,0.0002563972433030138,1.8988240165452334e-09,1.6546846869390377e-05,3.4902041598184375e-05,2.095016986535888e-05,3.5467978973746254e-08,0.03327415816092573
42,0.22707229272133225,0.7413354332533499,9.781243718105891e-07,1.482696620454783e-07,0.00031421686882005776,2.6221849957011412e-06,0.00032443844918398604,3.1414999032107758e-06,0.0021314801473101405,1.5150351302139684e-06,0.0001707555454356562,0.002967851428957233,5.3283792036607684e-05,7.659370389437728e-05,5.248470267109427e-06,1.007143536108921e-06,0.00025098184588220705,0.00035487513348322295,0.0018180550583429217,4.4192538435361845e-09,5.600905950290516e-05,0.00022981317284436313,1.899869771077874e-05,2.0085798279071555e-08,0.02281023588899505
43,0.29774819303685307,0.6128344944544994,6.363385935613332e-07,2.912509695719125e-07,0.0004734357919445755,4.294288305079742e-06,0.00036987679308142344,1.2537936899103398e-06,0.007920136447159158,5.27778034021589e-06,0.00020243395208777002,0.0010680741495641473,2.3165846863677863e-05,0.00017405797078417432,5.97378448733882e-06,1.5083332522685145e-06,0.00023267311526557145,0.0006255833361981102,0.0005402009273954465,8.088996269365741e-09,4.532656286760025e-05,0.00013180890576021054,4.373626498321344e-05,1.0309991662918866e-07,0.07754745568614164
44,0.25004364622470526,0.6939487543627465,4.941318489034103e-07,2.1495722682515e-07,0.00042132981090448176,2.746369944752688e-06,0.00027398020271654716,7.630263035400583e-07,0.002931101161564796,1.212179942004892e-06,0.00022941606424672922,0.0020409331164965403,3.211055562147355e-05,0.00013514453531042448,3.633045284712397e-06,9.507347026347467e-07,0.00020766454013728455,0.0006921126186031185,0.0004056231472740691,2.9711131321664375e-09,3.1302314489431593e-05,5.831163191647732e-05,3.0494395142658092e-05,4.0800228822254985e-08,0.04850801710152881
45,0.2760483200143922,0.6781714634588142,1.0189209596937352e-06,4.388060314712212e-07,0.00047928081959683864,6.81749047575714e-06,0.0008591289594116773,3.0066705491974067e-06,0.004477497219309892,1.922509296709622e-06,0.0003016664393794809,0.0014870990534654124,5.074953638009794e-05,0.00010301433427278427,1.588569120934646e-05,2.7229595742494373e-06,0.00027487374446453556,0.00045077272496902866,0.0009426202514944098,5.347751208533753e-09,4.2755569904144526e-05,9.707340729223017e-05,4.446526147915446e-05,7.170672091521439e-08,0.036137329102805295
46,0.3962715605752727,0.569080299563755,6.684250383025225e-07,5.940563802944267e-07,0.0001507484758120144,6.947072792234304e-06,0.0002463244848733051,2.0433449412505657e-06,0.0030009438202351366,1.4079948761247023e-06,0.00030804037782607944,0.004539726470016009,7.692212769845991e-05,0.0001130063917216951,2.957717022090553e-06,2.6398835266224837e-06,0.001467269796091592,0.0012702433023995998,0.0003562343114865127,3.623839189033602e-09,4.274543850941925e-05,6.743144721611985e-05,4.7058373522261375e-05,6.84888949383501e-08,0.022944114436252914
47,0.23918538479396229,0.6977482561501976,6.220541598689386e-07,3.705504220875297e-07,0.0006216968351758032,3.7679611038163464e-06,0.00032487716017675126,8.13301918988102e-07,0.0037429894763680058,1.4283229619643855e-06,0.00033914800334069214,0.0018578912376682499,3.6190864349352675e-05,0.00019545128301205506,5.486512413507527e-06,1.2553207053755235e-06,0.00022366101350814176,0.0007081667025918558,0.00037539266768458384,3.6378659543750773e-09,3.930707759561618e-05,5.6416669215852245e-05,4.8675961341141286e-05,6.444189466482313e-08,0.05448268200036575
48,0.23020292101418594,0.7560871316732413,3.675643176701354e-07,1.1152728710281547e-07,9.704074266194424e-05,5.172700114980631e-06,0.0002977721419087084,2.5425725479904806e-06,0.0016320795977269346,4.649267363910479e-07,9.250229465882858e-05,0.002075865070904945,7.395259549566199e-05,2.2172223793658048e-05,2.0138816346371284e-06,1.506419544072521e-06,0.0004234715365298749,0.00023319488292001682,0.000977223472029163,1.4156786297347053e-09,1.541427686288373e-05,3.279248869411489e-05,1.3354144072342668e-05,8.063244998960988e-09,0.007710922773207451
49,0.16878094999079743,0.784475393976466,6.877314412075145e-07,1.6752759998349791e-07,0.0003557433746834273,3.609979807990555e-06,0.00022604089804657943,6.196404688951431e-07,0.0017257423860433045,1.1587741140965867e-06,0.0001935597226044533,0.003349372911268858,3.446425335042767e-05,0.000155491661330945,3.2083968086331194e-06,7.197775503090273e-07,0.00023056509857822334,0.0007278827114204593,0.0004258652057180217,3.4528079945619765e-09,3.842475619139484e-05,8.296203073643401e-05,1.9166179537116303e-05,2.9295670460560295e-08,0.03916817026695742
50,0.3213880045161011,0.5081795440050961,2.969608460099168e-07,1.0386107136212483e-07,0.0003254383525280779,1.2454639847035832e-06,0.0008172445694169486,1.2930739800151193e-06,0.005330337103985314,3.49034569194985e-06,9.42682412918543e-05,0.0009583454925602007,1.8635257286825905e-05,0.00011486387893417727,4.15191216296998e-06,9.368386196200829e-07,0.00011383055607847772,0.0008345590772504886,0.000696574110446311,5.307472634267955e-09,2.2968392727566614e-05,0.0001476901309293291,2.2935230407490484e-05,3.3935086595771853e-08,0.16092320338604385
51,0.32267967177646817,0.5316995846786843,3.897737333150618e-07,1.2686336284654453e-07,0.0003891627446897462,3.820032347343811e-06,0.0004301802275812763,8.414343667723018e-07,0.001897437664346854,1.2781210711979687e-06,0.00020947322434294917,0.0028368898403306636,2.5290934817849645e-05,0.00015710846501519677,5.548603363471887e-06,1.4340809819804695e-06,0.00018820582434641466,0.0012409898006037563,0.000975917236619661,7.350571678462862e-09,5.1215077796400734e-05,8.172437082435184e-05,8.412901895204688e-05,3.312681315780583e-08,0.13703953972796865
52,0.6601126062844974,0.28874581963528295,1.1002692961754814e-06,8.566389799528869e-07,0.0004333286578802182,3.3112689097908676e-06,0.0002517063039646997,9.282214583278644e-07,0.004442955811286482,4.228724193402556e-06,0.0005970626422461346,0.0015890698687229083,4.7489620945972184e-05,0.00022876040672376876,3.405892332999518e-06,2.705885021532625e-06,0.0004002917177656268,0.0026123432205743904,0.00025767812464930076,7.461898143481945e-09,2.779380169764848e-05,4.919556300437152e-05,3.9490727094026524e-05,3.2706773754660706e-07,0.040147536183836215
53,0.21505843474886105,0.6051828040298426,3.337804426336638e-07,5.098599464548132e-07,0.0005783374154435887,4.745269890279572e-06,0.0017218778195871843,1.866608654827492e-06,0.0094111122262008,2.1215711088219463e-06,0.00028746668038741205,0.0016200935242761938,4.4172574702138536e-05,0.0002467189434816948,1.216122259024229e-05,2.835985611886351e-06,0.0003135624104156078,0.0010128826142467933,0.00038753852043694895,6.9697131481345134e-09,3.3937948263140445e-05,9.975223408331724e-05,0.00011743623435096475,7.476465630041557e-08,0.16385921604280612
54,0.24027969247724518,0.7026226316609364,4.493887417771512e-07,1.9523886469616113e-07,0.0004016395392841711,2.642480254795711e-06,0.000269859741924003,7.165656402030728e-07,0.002934050899360486,1.183962111388782e-06,0.0002106594015610097,0.0020235965840629884,3.054556135818529e-05,0.0001322342985568506,3.391984212252152e-06,9.129036928143596e-07,0.00020197987366463242,0.0006772373051646673,0.0003893894630371721,2.818792452456703e-09,2.9169824668109037e-05,5.736455462591316e-05,2.8734390677013848e-05,3.754107109120286e-08,0.04970168154049178
55,0.45302868838348,0.4968127968154741,3.4384143172306023e-06,1.2362676996456375e-06,0.0006088135048944012,1.5501191326690032e-05,0.0005814863820708069,5.027026518332101e-06,0.005016838950625483,6.0227741432705475e-06,0.0009054369195928575,0.0006678990871125652,5.238494639453384e-05,0.00023377557443962415,4.5994487945356755e-05,3.2887430869090546e-06,0.0004361842007756639,0.0003694018431639098,0.0016724822444249457,1.3724480335117085e-08,0.00014043802013711433,0.00025324646809171415,0.00017326048253222815,3.6990669230850266e-07,0.03896597364057979
56,0.23407150910741462,0.7132363020357231,4.905127602651039e-07,2.1256922744519716e-07,0.00042715446162876913,2.683662834661592e-06,0.0002717443172589368,7.599054251496858e-07,0.002910006969056158,1.1574959533191237e-06,0.00023291935725418148,0.0021819188682485973,3.722180472013705e-05,0.00013642635360383703,3.2949214042723797e-06,9.562984123048614e-07,0.00021020959903020697,0.0006935649414822985,0.0004026451785800329,2.9291168706754242e-09,2.8417856090390624e-05,5.656807758510276e-05,2.817430019845588e-05,3.7985551838877713e-08,0.045065620491439064
57,0.19134961024087013,0.7722776902254339,5.276001611705272e-07,9.191629904446788e-08,0.00038601976842450483,2.0105475239191876e-06,0.00018725551931479545,9.181725513983844e-07,0.0011615526512790437,7.046086307208034e-07,0.00015904555823211905,0.004552059571402082,3.969086296417102e-05,8.535032575062014e-05,2.3254807618596825e-06,7.026707469906614e-07,0.00015743018450854108,0.0005439050639017238,0.0010276198822734301,2.7984103802006166e-09,4.212400329268763e-05,8.248245546211689e-05,1.6800687452979594e-05,1.1387096975320296e-08,0.02792406781725489
58,0.2737083659954083,0.6706279742591741,5.790357610225372e-07,2.4025043656020577e-07,0.0004210333338503815,2.8434517116970453e-06,0.0002711614286484874,7.6823319667854e-07,0.003239752699189875,1.3765189520591714e-06,0.0002682674865016257,0.0018365244530944948,3.197180157757201e-05,0.00013861890372677245,4.326715819931146e-06,9.82477263190824e-07,0.00021329946400438406,0.0006891310840907184,0.0003966362413438416,3.196538522344295e-09,3.077585003668941e-05,6.171490865242526e-05,3.1060985803825355e-05,6.009312736215548e-08,0.0480225311320894
59,0.2780577194371747,0.661928925144796,6.519109938816829e-07,2.6626079296995274e-07,0.00045431478794775434,2.9804307312954054e-06,0.000271515864977949,7.856369699051709e-07,0.0034796442125839427,1.585235030518748e-06,0.00028644242095298913,0.0017349623187509684,2.916837662173589e-05,0.00015157911520785106,5.11174360507925e-06,9.94530025620421e-07,0.00021491333234756717,0.0006864736626440378,0.00040103393217393014,3.568193992220039e-09,3.475999030278446e-05,6.883063322055081e-05,3.400027909848466e-05,7.437995903437007e-08,0.05215326279489657
60,0.25004364622470526,0.6939487543627465,4.941318489034103e-07,2.1495722682515e-07,0.00042132981090448176,2.746369944752688e-06,0.00027398020271654716,7.630263035400583e-07,0.002931101161564796,1.212179942004892e-06,0.00022941606424672922,0.0020409331164965403,3.211055562147355e-05,0.00013514453531042448,3.633045284712397e-06,9.507347026347467e-07,0.00020766454013728455,0.0006921126186031185,0.0004056231472740691,2.9711131321664375e-09,3.1302314489431593e-05,5.831163191647732e-05,3.0494395142658092e-05,4.0800228822254985e-08,0.04850801710152881
61,0.29372502972528797,0.6522035338979815,6.990184922819152e-07,2.686856360431601e-07,0.0004376322902639342,2.9733544732077036e-06,0.0002606885651627861,8.482737624595956e-07,0.0030742026445206533,1.4801429300679404e-06,0.0002745083217756089,0.001805575891387433,3.077312505463871e-05,0.00014093031387635223,4.689616330633802e-06,9.70723566714139e-07,0.00021829482955277143,0.0007132206409944292,0.0004187646893962993,3.477993937419247e-09,3.556884511242032e-05,6.506158971575601e-05,3.174143153451379e-05,6.5822427512105e-08,0.04655247408277007
62,0.25004364622470526,0.6939487543627465,4.941318489034103e-07,2.1495722682515e-07,0.00042132981090448176,2.746369944752688e-06,0.00027398020271654716,7.630263035400583e-07,0.002931101161564796,1.212179942004892e-06,0.00022941606424672922,0.0020409331164965403,3.211055562147355e-05,0.00013514453531042448,3.633045284712397e-06,9.507347026347467e-07,0.00020766454013728455,0.0006921126186031185,0.0004056231472740691,2.9711131321664375e-09,3.1302314489431593e-05,5.831163191647732e-05,3.0494395142658092e-05,4.0800228822254985e-08,0.04850801710152881
63,0.2368705228033766,0.7103084582233482,4.5888942202305266e-07,1.8987942179780987e-07,0.00040165732016213225,2.5755169437295536e-06,0.0002557863973101164,6.974818158302619e-07,0.002837193454368863,1.124019894379004e-06,0.00021334173998208792,0.0019509952059038778,3.0381733281635617e-05,0.00012493549410580074,3.3751020343706757e-06,8.605114710442263e-07,0.00019253009768788813,0.0006281098775296694,0.0003863946996268479,2.6542233544023816e-09,2.8562427499697495e-05,5.492863882928027e-05,2.704307817221454e-05,3.700642670589206e-08,0.04567983774716184
64,0.24432885631155812,0.701755023387587,5.96631530741495e-07,2.385520795537908e-07,0.00046920248725258366,2.9447472338296485e-06,0.0002729164972560857,8.315406199957834e-07,0.0025638485513727704,1.3129970325699604e-06,0.0002457242583375874,0.0020906823047976723,3.0810302608950984e-05,0.00013516206352943064,4.228661714799907e-06,9.048320095746324e-07,0.00019059666424739292,0.0006509020386909889,0.0004614196193811527,3.3596823513814636e-09,4.619818524704832e-05,6.336059785111143e-05,3.2893373064457e-05,4.273339008152483e-08,0.04665129930192425
65,0.24050616478386416,0.7049541502937133,5.450017404737603e-07,2.28041932137111e-07,0.00042666199809517855,3.0665672955700397e-06,0.00028325858282474446,7.890740749300961e-07,0.0028733006026904337,1.2204699352674813e-06,0.00024244395347662145,0.0019745010879410065,3.227610980490082e-05,0.00013788445657966246,4.223460484834421e-06,9.555387837744024e-07,0.00021121921559565316,0.0006431132771614912,0.00041773881625137255,3.055912553378481e-09,3.367315013810106e-05,6.081915262352914e-05,3.195490496366482e-05,4.353692585280002e-08,0.04715976486719049
66,0.19052903220886844,0.7564749870833166,9.56696687186127e-07,5.880967633229359e-07,0.0011541684083868483,2.740939458210584e-06,0.00013684251469028662,3.2266460129958864e-07,0.0021939064415022725,2.459357349731225e-06,0.0006573084575410653,0.004951210629423363,5.134416560912442e-05,0.0004680776457342965,2.3467454246591614e-06,1.3365721206399884e-06,0.0002681994136175887,0.0015285984780631064,0.00022386567145464943,3.1355904799645e-09,6.838890864677059e-05,5.826693212566458e-05,2.4843446083772022e-05,7.47759636733111e-08,0.041200130610977014
67,0.18333068717123566,0.7110152503470547,5.332996477112119e-07,2.68822159420591e-07,0.00033988104855009845,7.757197996459394e-06,0.00031647017912313555,4.445577156259103e-07,0.0019187721015593011,1.43716012959058e-06,0.0003469267574993847,0.003339652895182891,3.2339456339898185e-05,0.000342178509891364,5.876046563499384e-06,1.094469462204055e-06,0.00035328165587811055,0.0012084533040743113,0.000311903813764179,6.091219705193567e-09,6.239598419189376e-05,7.747670322744901e-05,7.733783733361262e-05,7.087676984546113e-08,0.09690950371342973
68,0.2533424996974629,0.6902736636571731,5.019435725642692e-07,2.2197115126370448e-07,0.00041914429993677766,2.7832659805466377e-06,0.0002821383053048466,7.927602147642517e-07,0.002897476522844517,1.21363992458798e-06,0.00023103073803477104,0.0021494121752564403,3.3997195053279226e-05,0.00013747957893941456,3.5438177482457567e-06,9.779073184938112e-07,0.0002147894405948524,0.0007363608174999329,0.00040991771767306777,3.0809589571245316e-09,3.216235613074946e-05,5.832241170945216e-05,3.113196517486988e-05,4.014272669823805e-08,0.04874039459161496
69,0.2511106667623247,0.702369995893633,6.359281776031829e-07,1.9465249705131272e-07,0.0003403655567320739,3.954027063968377e-06,0.0002646538858177214,8.323761750707663e-07,0.0015603491376756425,1.1410363001745444e-06,0.00028535681133036835,0.0032522218224536425,4.5404223954034246e-05,0.00014217883561682502,3.699082729456385e-06,9.989193926197756e-07,0.00024385969140897578,0.0008156740004077735,0.0006520104288165045,4.157937335941714e-09,5.243281301037206e-05,6.891985517644486e-05,3.47353031882355e-05,3.466433490924231e-08,0.038749680133845506
70,0.21090619603433186,0.7001931027547735,6.928148022117977e-07,1.1602608809732613e-06,0.0008419516832687369,9.953792917636116e-06,0.0005104168882297211,1.3992719119859457e-06,0.010750965094110719,2.6555300128796597e-06,0.00031022528394240384,0.0030061801988828635,7.203968818374626e-05,0.00038285484251977364,4.399148364491264e-06,4.582338681634386e-06,0.0007065956761339594,0.0015314523416348192,0.00022003088989552987,8.611171523907133e-09,3.307710912999469e-05,5.179674499296489e-05,9.610726242475149e-05,1.1336138283790978e-07,0.07036204237741835
71,0.2141371922859032,0.7356457167290292,1.0570879288642862e-06,2.757636694087404e-07,0.0003702393689404243,5.83687081121288e-06,0.00035162048502215186,9.65903595255114e-07,0.0023363550738914572,1.5723541859930323e-06,0.00026050121663937306,0.0019445080754363852,3.6017100849798216e-05,0.00015543449728562422,6.768306149528795e-06,9.5788983336456e-07,0.00025220514348011383,0.0005865680182630558,0.0005707253895644429,4.245945050190759e-09,4.9308745035552935e-05,9.054375556448477e-05,3.136743864209272e-05,5.4712654248548706e-08,0.043164203541679665
