,0,1,2,3,4,5,6,7,8,9,10,11,12,13,14,15,16,17,18,19,20,21,22,23,24
0,2.4147958334329063e-07,1.6909913514403788e-06,2.7676642741388406e-05,0.04823876307124791,0.0002815697368803854,0.0001894392699023017,6.16928125832508e-05,5.905976396001849e-05,2.581669967608385e-07,0.009090079219186293,4.354977714121205e-06,1.8274241142740131e-06,0.00010872579229237823,0.031082441909811815,3.964466461937887e-09,0.00035715511205842954,0.00034775817705700105,0.00034394005501168156,2.88626208101483e-09,0.8818596039641501,0.00018962935385620066,1.2299546397219302e-08,0.027462401265224826,1.900420186829686e-05,0.00027266746213270595
1,1.4183937116592862e-07,1.0639636890823665e-06,1.5271916900490886e-05,0.020805592613517325,0.00026109448751875244,0.00013589371884589367,3.051381416554198e-05,4.1295672813788796e-05,2.352452061379045e-07,0.004604223209644392,2.3356753601880586e-06,9.327543750405761e-07,0.00011241347667084908,0.013542337344130137,3.4911034986503994e-09,0.0003997062018301689,0.0002997333663828268,0.0001614309451088186,2.530712311952794e-09,0.9476196030993468,0.00012050062050867465,7.837879389589724e-09,0.011702635173435748,1.240263971367485e-05,0.00013062836176938312
2,1.338686290822158e-07,9.735173536870088e-07,1.2756398946996384e-05,0.01910081448302947,0.00027412143513819344,0.00012404008871757185,2.7843660673195494e-05,3.662031142018168e-05,2.0873655586416453e-07,0.003998521058655496,2.2926623436362826e-06,8.740470541971102e-07,0.00011406407551254767,0.014103819371926911,3.215141212258778e-09,0.00034952900927378444,0.00032189793555137755,0.00015876813378519822,2.1914705285328034e-09,0.9494694643287511,0.00011029341141882354,7.252803938050008e-09,0.01164798873619773,1.1312139932723091e-05,0.00013364992971654356
3,1.3929841878133163e-07,1.0267094448935524e-06,1.4013019701644378e-05,0.021257767120013746,0.0002701812035438857,0.00013558018995815934,2.9133355335625457e-05,3.841043822831856e-05,2.2391863762083146e-07,0.004254192193657897,2.4596524496264377e-06,9.320250703857462e-07,0.00011633435167455292,0.014588851968833607,3.2879202857126507e-09,0.000364745304297693,0.00033316094757349633,0.00016852899319571768,2.36130603858651e-09,0.9456764383217308,0.00012124213368003448,7.86279634190561e-09,0.012477606939506954,1.2482875437520426e-05,0.00013653552758625097
4,1.4231762580552545e-07,1.0220304652563816e-06,1.3817786459843604e-05,0.021072543246072918,0.0002685725359059652,0.00013375828475724032,2.842105190164189e-05,3.713970013478483e-05,2.3076963081193278e-07,0.00405249700950379,2.4327897867899178e-06,9.720443875395832e-07,0.0001250921802010181,0.014664302226879374,3.2801453543514066e-09,0.0003604295602368478,0.0003436446060050723,0.00017060182351606658,2.3743346092073865e-09,0.9463653937587215,0.0001230550351521759,7.987677427622798e-09,0.012084960910928904,1.2550922702949913e-05,0.00013840576686615052
5,1.3927293092128075e-07,1.0170744525484706e-06,1.3407266373591349e-05,0.02249659402691337,0.00025514740780332545,0.00013459114296787976,2.7596886412865687e-05,3.655373676726439e-05,2.2221065987559194e-07,0.0042176812261879686,2.4324309507098264e-06,9.522169026913278e-07,0.00011794859265384278,0.01508742632215751,3.129978805263028e-09,0.00035434481038536123,0.0003399830962522216,0.00018012832079681928,2.2700987166595787e-09,0.944012148857774,0.00012143168981053246,7.994759737045179e-09,0.012450036822178205,1.2743098334926136e-05,0.0001374600954964866
6,1.3929841878133163e-07,1.0267094448935524e-06,1.4013019701644378e-05,0.021257767120013746,0.0002701812035438857,0.00013558018995815934,2.9133355335625457e-05,3.841043822831856e-05,2.2391863762083146e-07,0.004254192193657897,2.4596524496264377e-06,9.320250703857462e-07,0.00011633435167455292,0.014588851968833607,3.2879202857126507e-09,0.000364745304297693,0.00033316094757349633,0.00016852899319571768,2.36130603858651e-09,0.9456764383217308,0.00012124213368003448,7.86279634190561e-09,0.012477606939506954,1.2482875437520426e-05,0.00013653552758625097
7,1.7221554306591313e-07,1.0365443270204403e-06,1.752676994613443e-05,0.01978135830945106,0.00027331046024816816,0.00013406132002255426,3.094419882850328e-05,3.946703916624433e-05,2.2543943619102632e-07,0.00439184800386367,2.382622519193374e-06,9.176348292835386e-07,0.00012478636848762553,0.013011071039062183,2.9646327607839706e-09,0.0003374614291365702,0.0003133624793306214,0.00016723740917042688,2.552595649641503e-09,0.9487097578598157,0.0001142799219814688,6.782268591718593e-09,0.012400599488775135,1.3676428847426098e-05,0.0001345047177145275
8,1.3525764329594485e-07,8.495375906794484e-07,8.38216821800304e-06,0.013196241402243897,0.00035259377137077916,0.00011967226471736744,2.9141536019480278e-05,3.238508010622913e-05,3.1435889228628985e-07,0.003459868342898459,2.1167527161804466e-06,1.1907152615632634e-06,0.00019531395487843516,0.01451738090375243,5.833503239953752e-09,0.00048693444771099145,0.0006815584756586177,0.0002492094061214364,2.6081737722486485e-09,0.9588999130556324,0.0001662137411117909,1.950859686820423e-08,0.007400028991378802,9.541060667474561e-06,0.00019098682513547333
9,1.385599896268962e-07,1.0417022871793762e-06,1.430963028417786e-05,0.02186219011376334,0.00026314029600080896,0.0001351474289450863,2.9279743082631026e-05,3.842737028716423e-05,2.233287134457962e-07,0.004333514684662587,2.4446413573102676e-06,9.427163612995465e-07,0.00011444579325764916,0.01447684258624188,3.2505128187564484e-09,0.00036278270545345663,0.00032540539193231523,0.00016706851242493992,2.362526474128063e-09,0.9449188872755887,0.000122381961954945,7.806312589405773e-09,0.012682923228450904,1.2626856894154179e-05,0.00013582205271445746
10,1.3929841878133163e-07,1.0267094448935524e-06,1.4013019701644378e-05,0.021257767120013746,0.0002701812035438857,0.00013558018995815934,2.9133355335625457e-05,3.841043822831856e-05,2.2391863762083146e-07,0.004254192193657897,2.4596524496264377e-06,9.320250703857462e-07,0.00011633435167455292,0.014588851968833607,3.2879202857126507e-09,0.000364745304297693,0.00033316094757349633,0.00016852899319571768,2.36130603858651e-09,0.9456764383217308,0.00012124213368003448,7.86279634190561e-09,0.012477606939506954,1.2482875437520426e-05,0.00013653552758625097
11,1.4014511075068805e-07,1.012663360091846e-06,1.3789770591708251e-05,0.020806346760829993,0.0002674936865858775,0.00013248522093758518,2.8321688104605625e-05,3.7348637904281124e-05,2.2392999213289626e-07,0.00410393672273183,2.4143409452847654e-06,9.342018999376667e-07,0.00012015176131905914,0.014290700230018763,3.224159347569926e-09,0.0003583685323396659,0.0003345863933156028,0.0001668736320106839,2.3493381437538813e-09,0.9469234893003484,0.00011966794471060264,7.747851430384956e-09,0.01214449235612956,1.248165074966832e-05,0.00013472710871474618
12,1.9383486199299008e-07,2.140618835652757e-06,0.00014814186257582724,0.06257017645516617,0.0001608962121946095,0.0001476437187529375,0.00018974547685537716,0.0003845146183587972,7.522177609038948e-07,0.011176054896087957,7.819423085953329e-06,5.677714928247152e-06,0.00010548422082624925,0.005117019043099459,1.0636769627679833e-08,0.0017180601394801774,5.347742435823098e-05,7.425344114475185e-05,1.5454587468984344e-08,0.8978659917402512,0.00019913329921330752,1.72818612135675e-08,0.01995269215605179,6.656789360143838e-05,5.352021929070826e-05
13,1.293058941043025e-07,9.966518521718109e-07,1.3900700064890915e-05,0.023413514953413428,0.00027354471509722256,0.0001303242877050965,3.1303196767229804e-05,4.292493551761927e-05,2.1707092310946438e-07,0.0038792174534017262,3.0502851664185842e-06,1.1135444624056751e-06,0.00012226781704623025,0.017525205222486125,3.330461846856559e-09,0.00035156105706059536,0.00033635794247348914,0.00016384314904346612,2.3005683766539753e-09,0.9393485770392879,0.00012332831256947564,8.505097794480626e-09,0.014088244693147605,1.2893580489407834e-05,0.0001374699500022117
14,1.5565348769735144e-07,8.758649721359178e-07,2.5950999347178134e-05,0.028509789368605983,0.00019476742214624408,0.00015266273846761144,3.0107711216071793e-05,4.342231439080969e-05,2.6686899633100604e-07,0.004111060826619998,2.1221270773846155e-06,1.3481610034955492e-06,0.00016081461811917166,0.012618086538002792,3.4744761956606484e-09,0.00037649433884549545,0.0003884391161145527,0.00017979350801462107,2.295409463146053e-09,0.9393235258562231,0.0001705125814704477,9.547903382894214e-09,0.013527926904434183,1.3613779295706543e-05,0.00016824738535982592
15,1.3929841878133163e-07,1.0267094448935524e-06,1.4013019701644378e-05,0.021257767120013746,0.0002701812035438857,0.00013558018995815934,2.9133355335625457e-05,3.841043822831856e-05,2.2391863762083146e-07,0.004254192193657897,2.4596524496264377e-06,9.320250703857462e-07,0.00011633435167455292,0.014588851968833607,3.2879202857126507e-09,0.000364745304297693,0.00033316094757349633,0.00016852899319571768,2.36130603858651e-09,0.9456764383217308,0.00012124213368003448,7.86279634190561e-09,0.012477606939506954,1.2482875437520426e-05,0.00013653552758625097
16,1.2733100699745828e-07,1.0322140638472965e-06,1.2731716339884446e-05,0.021165860529658315,0.00025889589922436455,0.0001247828328407287,2.94461180129855e-05,3.8491623777194226e-05,2.184003139775787e-07,0.004347892511086177,2.3327542897671175e-06,9.845221766168317e-07,0.00011417264967690466,0.014736025341620383,3.391045391427203e-09,0.00037184845234463254,0.0003248636718978889,0.00016454128350068482,2.323299141136095e-09,0.9458820052308787,0.00012658301303846646,8.393705695334201e-09,0.01214973753646649,1.1674425533852901e-05,0.00013573783420087359
17,1.2559533950573708e-07,9.294282743576354e-07,1.1769376739521385e-05,0.020363280130938882,0.0002614966420999778,0.00011847768683316572,2.660657327264776e-05,3.49063817674539e-05,2.0069391462008483e-07,0.0037218628887933612,2.358772063763653e-06,9.491193278934154e-07,0.0001226883552588898,0.015110834566672672,2.990852573682115e-09,0.0003304547918638302,0.0003536888200519903,0.00016191372016815874,2.0696573167761704e-09,0.9467624693706059,0.00011590972572852022,7.813159062126928e-09,0.012352761757519502,1.148213262778713e-05,0.00013482059646878359
18,1.6226849371997882e-07,1.3505023316958985e-06,2.3926260415010906e-05,0.028599951018352825,0.0002554684778539072,0.00017213852435632194,3.6039276014708056e-05,5.764226902785321e-05,3.036533218168339e-07,0.005091586780310049,3.2041110178928765e-06,1.0053497743306025e-06,9.704295699992475e-05,0.012153683260234607,3.6750540920233043e-09,0.0004881641327936279,0.00021610077595428698,0.00013622649332908755,3.47256304208588e-09,0.9383889581776987,0.00012011423110436539,7.347135303119967e-09,0.0140388806811789,1.9336340249452114e-05,9.86999644343534e-05
19,1.4538625771381537e-07,1.1011609042792869e-06,1.5501317870733613e-05,0.023252104629411803,0.00026635048781412687,0.00013039588397936987,3.252745523563905e-05,4.002950367735785e-05,2.4805291470325015e-07,0.0043422567329202645,2.459634359748946e-06,1.093004361136727e-06,0.00012246769194085,0.014567225610585571,3.5266685627087923e-09,0.0003837325712072391,0.00032400916506468387,0.00017077671677873793,2.4088813757811584e-09,0.9437920472605643,0.0001318474138567218,8.464905058661382e-09,0.01226749494376599,1.2700949269284186e-05,0.00014347002680481247
20,1.4174065893286195e-07,1.020865118599289e-06,1.3831311949241885e-05,0.020672137180134015,0.00027540838588412326,0.00013608655994577066,2.8249198124878628e-05,3.618530972161831e-05,2.2127326048643468e-07,0.004165096503876968,2.405775137920827e-06,8.885116882719194e-07,0.0001160436787588529,0.01434051007656036,3.109634846133776e-09,0.00035157318703254623,0.00033396748675739216,0.00016684121312020907,2.3124034243799453e-09,0.9465933317480957,0.0001189017935732234,7.354236088674764e-09,0.012498715177184358,1.2546788942180211e-05,0.000135883458200013
21,1.2638556893514454e-07,9.998252783909408e-07,1.2578399880825529e-05,0.021631855296229092,0.00023573444061157002,0.00011954351501060625,2.680536890521893e-05,3.656665663032981e-05,2.263527690332704e-07,0.004043512335875429,2.1529325854573467e-06,9.801571197060896e-07,0.00011577142559493526,0.014352698452514861,3.1445919135791177e-09,0.00038423963645637787,0.00029173367547802016,0.0001609081229995821,2.1452956280076005e-09,0.9477532967905171,0.00011557671667149168,7.620374674421676e-09,0.010578223371652817,1.1481714678656508e-05,0.00012497551670943147
22,1.2853389833407544e-07,1.0434586412370706e-06,1.3604742186779473e-05,0.021282996730414075,0.0002638998789875778,0.00012461087039628414,3.030278037096022e-05,3.842552030698772e-05,2.2256957577186519e-07,0.004151216930734404,2.3933745638271556e-06,9.874753676322751e-07,0.00011416625900295095,0.014401557589654206,3.2433611889882522e-09,0.0003618549115393421,0.0003036652372020129,0.00014914162417669242,2.3281345871243826e-09,0.9459729405113805,0.00012067692602203903,7.610645634151987e-09,0.012522860794134425,1.2093722256615354e-05,0.00013119637704585565
23,1.3929841878133163e-07,1.0267094448935524e-06,1.4013019701644378e-05,0.021257767120013746,0.0002701812035438857,0.00013558018995815934,2.9133355335625457e-05,3.841043822831856e-05,2.2391863762083146e-07,0.004254192193657897,2.4596524496264377e-06,9.320250703857462e-07,0.00011633435167455292,0.014588851968833607,3.2879202857126507e-09,0.000364745304297693,0.00033316094757349633,0.00016852899319571768,2.36130603858651e-09,0.9456764383217308,0.00012124213368003448,7.86279634190561e-09,0.012477606939506954,1.2482875437520426e-05,0.00013653552758625097
24,1.3154829453497732e-07,9.975588097370751e-07,1.2018638804807522e-05,0.021307093614048523,0.00025064017260347806,0.00012665061355894986,2.5410292986770084e-05,3.525437463081402e-05,2.0945515689129272e-07,0.003979880608983537,2.281361182604672e-06,8.914121090525592e-07,0.00011506894519236039,0.01509206209401428,2.8864716147342435e-09,0.0003482566301765397,0.0003302778561359715,0.000167330765400099,2.1609844642443747e-09,0.9462328140857685,0.00011094466410105265,7.396261139084835e-09,0.011722650942198454,1.1875241734087334e-05,0.00012724668039171787
25,1.8949916993721819e-07,1.197516482232601e-06,1.7072298123373026e-05,0.017147762062975008,0.0002930925477709752,0.00015492220844593477,2.8614397689386018e-05,2.7688656535462246e-05,2.688772287032693e-07,0.004947539063184534,1.7681139147955807e-06,8.395941489842582e-07,0.00013578859058829558,0.010961595401260491,3.764844632029425e-09,0.0003440916430421967,0.0003908698318129353,0.00018792754649795386,2.798932451412532e-09,0.9533640419315997,0.00014910538284829047,7.787648948751645e-09,0.011650150814992283,1.2596790680299926e-05,0.0001828628795822274
26,1.5411161331192517e-07,9.441450229302367e-07,1.4042807272333762e-05,0.019431702931206184,0.0002576952608659175,0.0001366084284785599,2.279208053568229e-05,3.0517096656101433e-05,2.102742975357398e-07,0.0037195269738501758,2.305517392114013e-06,7.577087534380066e-07,0.00012189765524928055,0.01182620164124309,2.4429548538747857e-09,0.00030169047014269265,0.00034636638951991743,0.0001643153994828377,2.3166317995246167e-09,0.9507351391265488,0.00010850405889139021,6.386887298182089e-09,0.012646265582769892,1.4938130188416896e-05,0.00011741306354522508
27,1.38440959994715e-07,1.0425574158364994e-06,1.4107923920323183e-05,0.02209590921012247,0.0002622613377246563,0.0001398245744548971,2.9625333644558892e-05,4.08359441509049e-05,2.3066789030071195e-07,0.0044425805045252694,2.530791417831651e-06,9.739398309153468e-07,0.00011701901748674366,0.015057359956296987,3.5224803198367474e-09,0.00038474147146002545,0.00033968336676558244,0.00017641516601813603,2.4851324506513092e-09,0.944131210004599,0.00012481499997469666,8.770413333089886e-09,0.012488375877106087,1.2742757977821587e-05,0.00013756137823105002
28,1.3929841878133163e-07,1.0267094448935524e-06,1.4013019701644378e-05,0.021257767120013746,0.0002701812035438857,0.00013558018995815934,2.9133355335625457e-05,3.841043822831856e-05,2.2391863762083146e-07,0.004254192193657897,2.4596524496264377e-06,9.320250703857462e-07,0.00011633435167455292,0.014588851968833607,3.2879202857126507e-09,0.000364745304297693,0.00033316094757349633,0.00016852899319571768,2.36130603858651e-09,0.9456764383217308,0.00012124213368003448,7.86279634190561e-09,0.012477606939506954,1.2482875437520426e-05,0.00013653552758625097
29,1.3929841878133163e-07,1.0267094448935524e-06,1.4013019701644378e-05,0.021257767120013746,0.0002701812035438857,0.00013558018995815934,2.9133355335625457e-05,3.841043822831856e-05,2.2391863762083146e-07,0.004254192193657897,2.4596524496264377e-06,9.320250703857462e-07,0.00011633435167455292,0.014588851968833607,3.2879202857126507e-09,0.000364745304297693,0.00033316094757349633,0.00016852899319571768,2.36130603858651e-09,0.9456764383217308,0.00012124213368003448,7.86279634190561e-09,0.012477606939506954,1.2482875437520426e-05,0.00013653552758625097
30,1.3929841878133163e-07,1.0267094448935524e-06,1.4013019701644378e-05,0.021257767120013746,0.0002701812035438857,0.00013558018995815934,2.9133355335625457e-05,3.841043822831856e-05,2.2391863762083146e-07,0.004254192193657897,2.4596524496264377e-06,9.320250703857462e-07,0.00011633435167455292,0.014588851968833607,3.2879202857126507e-09,0.000364745304297693,0.00033316094757349633,0.00016852899319571768,2.36130603858651e-09,0.9456764383217308,0.00012124213368003448,7.86279634190561e-09,0.012477606939506954,1.2482875437520426e-05,0.00013653552758625097
31,9.933548717934359e-08,1.01060282246155e-06,1.0029554301586214e-05,0.022113087688775613,0.000268904338340457,0.00013184107215179618,2.5013968148708496e-05,2.834291445931972e-05,2.3822289744344173e-07,0.003606241139013035,2.449366460550872e-06,9.277581539996457e-07,0.00010654317267577805,0.015146020110996809,3.495319377729616e-09,0.0003769133382435442,0.000349296856103065,0.00015306914439349733,1.9791655084388595e-09,0.944977788526052,0.00013287175614905064,8.820180025320061e-09,0.012421576531133051,1.1640881843583572e-05,0.00013607942673261558
32,1.4137996222803025e-07,1.044087968628735e-06,1.4084357626872465e-05,0.02110312377588092,0.0002703278830853007,0.00013735071178678766,2.9190230955628903e-05,3.892076399669239e-05,2.261923442658996e-07,0.004322152608840017,2.4810134871167897e-06,9.351002222146246e-07,0.00011718773422214463,0.014541395565249289,3.319094190319097e-09,0.0003675314195917323,0.00033531361180329456,0.0001690154924613447,2.4651303281542306e-09,0.9457505541104463,0.00012224684049761932,8.021727483994728e-09,0.012528633458537825,1.2733070449517419e-05,0.0001353967846322987
33,1.2339488113159344e-07,9.047026585848081e-07,1.1416340022390593e-05,0.020134640699837756,0.0002468625806595633,0.00013050091910669432,2.3908902636364374e-05,3.5940194712566164e-05,1.971124996996468e-07,0.003863555900624382,2.3844605367995125e-06,8.469041006808832e-07,0.00012134837223047896,0.014829058116966038,2.7351341034078707e-09,0.0003482424839444774,0.00036324932044279893,0.00016399081941983072,2.272086185237752e-09,0.9473117185299686,0.00011339017810977936,7.906538738489638e-09,0.012167586604452522,1.2512452300262332e-05,0.00011760809612965917
34,2.1888783589012197e-07,1.2827177533455445e-06,1.919493583057703e-05,0.020576333824828406,0.0003085844756786968,0.00015251995332197924,3.309456620273643e-05,4.2969220966965816e-05,3.1156179028225234e-07,0.004229664655256125,2.6332563550911785e-06,1.1303552389600795e-06,0.0001552980141074906,0.013886963931125694,3.611510380637544e-09,0.00037552641163300144,0.00035504820493859377,0.00018858832661632405,3.4094189989810434e-09,0.9478663722437942,0.00013194076923563454,8.385079054204612e-09,0.01151206370652117,1.5909692022361717e-05,0.00014433488293791314
35,1.7741578273708813e-07,1.1237849474943302e-06,1.693261118944313e-05,0.023336447125427952,0.00027879941444113407,0.00014551586059931813,3.394708815808222e-05,4.5882275788524334e-05,2.509334525661353e-07,0.004936084101194283,2.5632926746766777e-06,1.0454127606848476e-06,0.0001253405708130005,0.015125478505986908,3.3809770622562346e-09,0.0003834742354205045,0.0003482092693723414,0.0002060159327506259,2.7212832771609193e-09,0.9420978956416552,0.0001307969298142385,8.686089697862064e-09,0.012623369798313381,1.4058081159975604e-05,0.00014657692994675788
36,1.4561650931709694e-07,9.43279330636812e-07,1.379087108830147e-05,0.020352134895895706,0.0002490155599842037,0.00011037748827265286,3.117575349767343e-05,4.455970334257518e-05,2.334109753720932e-07,0.003827724623322033,2.196181597782686e-06,1.2096569829166045e-06,0.00014601720816410934,0.015012121780418525,3.5519015379262433e-09,0.00040261254027235274,0.0003391315532328368,0.00016808442619533538,2.323480186870503e-09,0.9493331795718881,0.0001160058414955567,8.870125192738863e-09,0.009697659386664916,1.0610088520453813e-05,0.00014105581684148923
37,1.0867728123398898e-07,1.098053837745674e-06,1.2614721115212907e-05,0.01994844384911382,0.0002981232703481699,0.00013746393559799954,3.292077626933243e-05,4.4987175554835414e-05,2.3821377051619356e-07,0.0039684761704668284,2.734568835700692e-06,1.1075360112591695e-06,0.00011545701148329508,0.0170305110742238,4.863186269585565e-09,0.00043045263055541903,0.0003725297966919123,0.00013538157463987113,2.6464284499348995e-09,0.9446242904978195,0.00013297739570489994,1.0485068023310164e-08,0.012548140258949842,9.835097196101999e-06,0.00015208971984996233
38,1.7669608915110704e-07,1.1620107240295703e-06,1.7242696691573778e-05,0.019822481698111346,0.0003215176416668657,0.00016037326315706673,3.3362567505473716e-05,4.048215335060468e-05,2.6825909527559196e-07,0.004628819927263054,2.58149266964506e-06,9.036217480328592e-07,0.00012162343388875455,0.014330169244848503,3.9781467596451515e-09,0.00040389011461304747,0.00032600687800365627,0.00017933520890726275,2.785035212741682e-09,0.9473880829238985,0.0001220926397202108,7.613424376979563e-09,0.01193359720174312,1.3251328752936006e-05,0.0001525646209453723
39,1.2275750380376266e-07,1.1911118389142138e-06,9.650829930861133e-06,0.022335392423595914,0.0002587654612262448,9.7914778033733e-05,2.617050877691376e-05,2.6690590429572675e-05,1.9196178332372656e-07,0.003840966659673902,2.36036004251418e-06,9.423655178263056e-07,9.442110439790259e-05,0.01714875298070408,2.4254224003128534e-09,0.0002801314438644252,0.0002629215637215798,0.00014662479399589335,1.7886721982269252e-09,0.9414106001551601,9.146925688271397e-05,6.50379947899976e-09,0.013824623355596363,1.2181271705152632e-05,0.00012790354772417202
40,1.3566317136243526e-07,1.010979232686201e-06,1.362610832713781e-05,0.021177023573061136,0.00026512463769071896,0.00013439713981339707,2.830232843363177e-05,3.79234502005987e-05,2.1826762796047025e-07,0.004236739472420124,2.431488399888412e-06,9.060037993972159e-07,0.00011387906337571978,0.014361143877602624,3.19939009716057e-09,0.0003625171061145611,0.00033059461947588,0.00016614416148179206,2.331713534384613e-09,0.9460486558421056,0.00011931186836475128,7.747029987757574e-09,0.012454819357301576,1.2463968391282676e-05,0.0001326177454745012
41,1.4352292372733893e-07,9.701312491699032e-07,1.3823452418183742e-05,0.018946375762258653,0.00029495966847740713,0.0001273395468155112,2.846826349405414e-05,3.653380129944902e-05,2.3508480628274926e-07,0.0036777296812773278,2.298850000099724e-06,8.7966172964308e-07,0.0001228962568802404,0.013181392719535022,3.3869167356071214e-09,0.00037669177853627876,0.0003239797317329118,0.00015640434395612244,2.1685870295341944e-09,0.9517683990892501,0.00010941413738186587,7.011114554302272e-09,0.010685984713763832,1.1481404998851988e-05,0.00013358583059711626
42,1.271281429954237e-07,1.0268197612029964e-06,1.47278905420331e-05,0.022571406256986525,0.000225707117861036,0.00013608372480061713,2.960806021475223e-05,4.6113754596645014e-05,2.3035110279949462e-07,0.004843897526852179,2.319521651032505e-06,1.0208513050491962e-06,0.00011590578883406638,0.013458663570736686,3.6771125046227885e-09,0.0004313645531326615,0.0003196938278193426,0.00016390925992815447,2.7427340754919067e-09,0.9456225181347213,0.00013373254748266187,9.561837910585913e-09,0.011744724168213875,1.2511123343551223e-05,0.00012469204028641787
43,1.4966355863262301e-07,1.0549960704447874e-06,1.4733347837636996e-05,0.02232525753897285,0.00028802383186092714,0.00013043753028043307,3.0293851040410286e-05,3.792191525317123e-05,2.3887012019907273e-07,0.003732791683444116,2.6377556658180724e-06,1.0244006538531106e-06,0.00012360244338746913,0.015234716794803918,3.3213726720102422e-09,0.0003539535498366297,0.00032888818858521336,0.00016317592875267863,2.2357689452065654e-09,0.944493368874563,0.0001137754559524357,7.477944257235176e-09,0.012468983541282097,1.2701551961367646e-05,0.00014225525103085456
44,1.3929841878133163e-07,1.0267094448935524e-06,1.4013019701644378e-05,0.021257767120013746,0.0002701812035438857,0.00013558018995815934,2.9133355335625457e-05,3.841043822831856e-05,2.2391863762083146e-07,0.004254192193657897,2.4596524496264377e-06,9.320250703857462e-07,0.00011633435167455292,0.014588851968833607,3.2879202857126507e-09,0.000364745304297693,0.00033316094757349633,0.00016852899319571768,2.36130603858651e-09,0.9456764383217308,0.00012124213368003448,7.86279634190561e-09,0.012477606939506954,1.2482875437520426e-05,0.00013653552758625097
45,1.4687671447169284e-07,1.0482895896211494e-06,1.604187745768452e-05,0.022594320951330238,0.00027672915638870074,0.00014124835424050578,3.29948529362867e-05,4.626483441673411e-05,2.41342586483209e-07,0.004439572716427372,2.6828137705251186e-06,1.011609420980964e-06,0.00011758725517574063,0.014872236620494052,3.8351941957841565e-09,0.00041244685361894795,0.00032209843312231014,0.00017246055907312881,2.5108691237631943e-09,0.9441407282160229,0.00012008035286456807,8.500275957229757e-09,0.012137689973930301,1.2580229437663258e-05,0.0001397729846414451
46,1.3708476860807915e-07,9.918855931758755e-07,1.3604862886190933e-05,0.021216051004045364,0.00026274494253577103,0.00013582385003948314,2.7502049806812004e-05,3.7148831251545635e-05,2.2029890622228737e-07,0.004096060243959271,2.420681729907821e-06,9.182799542683231e-07,0.00012001057273382728,0.014375157572490228,3.2050479135200193e-09,0.0003600992889220179,0.0003492137843542312,0.00016962494567883605,2.326949088743149e-09,0.9462676825738585,0.00012121349441618562,7.945055325128121e-09,0.012295871240952591,1.2499579118046317e-05,0.00013498945494664103
47,1.507003562300315e-07,1.2927605328720392e-06,1.8486281561599023e-05,0.030625067334430576,0.00028918150479227087,0.00019945594372570996,3.6412111046596895e-05,5.050861466713763e-05,2.307899220394793e-07,0.006115995496414379,3.907358433594251e-06,9.277037316434575e-07,8.64427695959905e-05,0.01991534515251927,3.401460537709849e-09,0.00036453243017896313,0.00032146917814600235,0.00020896423217648904,2.8887287611447337e-09,0.9211310513665798,0.00013523164610885187,8.783897592382111e-09,0.020333537739761785,1.7306273320011633e-05,0.00014448753791131608
48,1.4393180930676817e-07,1.0995788186295302e-06,1.3360744139960113e-05,0.020443605456688222,0.0002619797150442396,0.0001455339852919904,2.6918394989983855e-05,3.8077977306469294e-05,2.1742133027446303e-07,0.004520271731139046,2.4770201409262402e-06,8.565659569727792e-07,0.00011890144326248541,0.014339311852463073,2.8823971715130832e-09,0.00035058961073551034,0.0003571541700163043,0.0001651180404456615,2.8728866258580722e-09,0.945895489747273,0.00012127547516458593,7.973661808290989e-09,0.013061742481390226,1.4069527980722185e-05,0.00012179139966678677
49,1.651868169217931e-07,1.2035134569228093e-06,5.968065091321659e-06,0.009332991209979265,0.0008589987279999015,9.020014796575549e-05,4.7016451881580086e-05,5.072808293264165e-05,1.6031556900639763e-07,0.004341501342985809,2.4757321617167355e-06,4.6901183662705164e-07,7.824561467670086e-05,0.012288787202500952,2.510385858610694e-09,0.00040657901974560523,0.00042603177658227424,0.00011580604085191944,2.9237263962118766e-09,0.959700859279869,6.693126298072815e-05,6.102370795265874e-09,0.012080227085154603,9.854109072689399e-06,9.478928340475671e-05
50,1.3832065100256046e-07,1.0187293078205426e-06,1.3911885367740186e-05,0.02139534241551953,0.00026724573532020516,0.0001366286920721588,2.8288438303993863e-05,3.76994018959594e-05,2.2519999793866452e-07,0.004164916592683005,2.4600439848999463e-06,9.22783469276133e-07,0.00011681968411300148,0.014448116581987481,3.239903443948888e-09,0.0003642681282002545,0.00033498092584427654,0.00016818124146784186,2.3462611954006852e-09,0.9458611031412089,0.00012098412937009323,7.819056426484871e-09,0.012389803086343486,1.2646222350633422e-05,0.00013428521531962706
51,1.473109679848332e-07,1.1591169496717835e-06,1.470229121372574e-05,0.025130429888903075,0.0002475485872709699,0.0001396145514547314,2.982941556846141e-05,4.1311832102987396e-05,2.409614849589029e-07,0.004592476178599762,2.52161540185974e-06,1.0640686931128817e-06,0.00011721894746849907,0.016005432797402398,3.3694690060477007e-09,0.00037712330137275,0.0003315484673530672,0.000185766615753412,2.529148187227109e-09,0.9398479843987156,0.00012760118581536757,8.801171731083337e-09,0.012653257877672006,1.3269533993906083e-05,0.0001397363560528293
52,1.1524857178137972e-07,1.443739286212778e-06,1.6722180115865006e-05,0.026447413742067345,0.00023271187604033644,6.679568218946975e-05,4.241243753828205e-05,3.550157327969054e-05,2.2848255546648182e-07,0.0033906238778950003,1.9963240706518127e-06,1.7410362776035588e-06,0.00011972555088344671,0.008999116470912677,2.4594858826541686e-09,0.0002909335137734617,0.00023122935915504116,6.757967050178553e-05,2.5770209030438552e-09,0.94341494207528,0.00015838469418660517,6.785199932465053e-09,0.016360464855063712,1.4292864818076203e-05,0.00010561292383075088
53,8.798486911031066e-07,1.0970871330277313e-06,1.9644880186166608e-05,0.028069027518761364,6.612607772568117e-05,0.0020948537730131117,1.1415616480758173e-06,1.1180154977297346e-05,3.581309214860411e-07,0.005370616154851237,1.332571124079925e-06,2.201442618213127e-07,0.00038345954435514186,0.013358796846005785,1.014686533997434e-09,0.0003641875224331945,0.003948150984737646,0.001694909686087354,1.198152217960781e-08,0.9369641204788355,0.00020305903706018896,1.4414923358600837e-08,0.007263997883206891,6.387223536800223e-05,0.00011894046748413237
54,1.533481189091636e-07,1.1815388384649833e-06,1.4382981841243937e-05,0.020878030017569917,0.0002889388167337792,0.00013815425598881636,3.282168308304329e-05,3.984597860753952e-05,2.4345835972717674e-07,0.004669406563255606,2.3842939031264326e-06,1.0378531972899807e-06,0.00011578952545391712,0.016446723619076255,4.2401480733917465e-09,0.0003957705991393442,0.00032482705626505796,0.00017659306172645477,2.5011067270724196e-09,0.944173549258281,0.00012168741420059329,8.628069276406968e-09,0.012000180612810277,1.1092915982095603e-05,0.00016718977824337064
55,1.6097158945757025e-07,1.0898531277325599e-06,1.4935428332702865e-05,0.023309561788618233,0.000255132192191287,0.00012131072177683923,3.0133376929615545e-05,3.590386061615071e-05,2.86537952374408e-07,0.003805295167244079,2.1503880777864883e-06,1.2206491115497809e-06,0.00014648200808143485,0.013993689167095666,3.2398991902546077e-09,0.0003716301948007592,0.00032483442269150905,0.00018140107355562706,2.3156106548491443e-09,0.9467219323863059,0.00013154853635903896,8.130957185959843e-09,0.010393687724578759,1.2898919900871232e-05,0.00014470094459554625
56,1.4186417670796187e-07,1.0218235764624642e-06,1.3933053816007494e-05,0.02093535241867959,0.00026775383292615234,0.00013421193677322086,2.8616895000880677e-05,3.762910628770975e-05,2.2761448615568387e-07,0.004154480950710189,2.419981660790384e-06,9.485949527720739e-07,0.00012144718292236133,0.014446003094470061,3.2737941887045003e-09,0.0003615994500100849,0.0003374133069741366,0.00016974058506186453,2.385468048435906e-09,0.9465887167191602,0.00012157488516973898,7.889171318098337e-09,0.012127354940848179,1.253038213462414e-05,0.0001368678317684293
57,1.3063153572641806e-07,9.560207865870888e-07,1.2955695752586007e-05,0.01934740908028769,0.00024676160237806227,0.00011660172584186473,2.7216818487786958e-05,3.626400738491984e-05,2.204567176870412e-07,0.003910627214259993,2.0810763698633964e-06,9.654297205184296e-07,0.00012493662036192627,0.013015636228744899,3.1445402347162017e-09,0.0003616003847584764,0.0003205564605071226,0.0001532657071101563,2.2605041787754073e-09,0.9512700554297298,0.00011800221058332628,7.687902579330953e-09,0.010794096129282693,1.1355602065812697e-05,0.00012829237438550918
58,1.455270605494006e-07,1.037271271532812e-06,1.4171547013857071e-05,0.02132211953840855,0.00026955297104169556,0.00013613203606748018,2.852768814116406e-05,3.713888416482538e-05,2.315343185577225e-07,0.004123642914858378,2.4829782253864777e-06,9.478119534669148e-07,0.00012175427623951423,0.0143127003097709,3.130488414647972e-09,0.00035574765009093595,0.00033478314316458247,0.00016882267981822293,2.4370476565839677e-09,0.945970426599194,0.00012161351245962843,7.766472894920623e-09,0.012531379262330966,1.3395256523172751e-05,0.00013323327387339436
59,1.4077132045849955e-07,1.0160059303240138e-06,1.4516563704989543e-05,0.02127001944351572,0.00026376338813157487,0.0001345409285777227,2.8526071012912745e-05,3.760011676660191e-05,2.2453817437164292e-07,0.004179645408833112,2.4641023821283956e-06,9.184963583112099e-07,0.00011632523860519094,0.013649721863612591,3.1265254007748603e-09,0.00035676510910537956,0.00032204297231128805,0.0001634502840203529,2.3919437461343164e-09,0.9465716055280707,0.00012074600574938301,7.584150572439386e-09,0.012623445511038535,1.3327629911240755e-05,0.00012918092024753053
60,1.3929841878133163e-07,1.0267094448935524e-06,1.4013019701644378e-05,0.021257767120013746,0.0002701812035438857,0.00013558018995815934,2.9133355335625457e-05,3.841043822831856e-05,2.2391863762083146e-07,0.004254192193657897,2.4596524496264377e-06,9.320250703857462e-07,0.00011633435167455292,0.014588851968833607,3.2879202857126507e-09,0.000364745304297693,0.00033316094757349633,0.00016852899319571768,2.36130603858651e-09,0.9456764383217308,0.00012124213368003448,7.86279634190561e-09,0.012477606939506954,1.2482875437520426e-05,0.00013653552758625097
61,1.4157796950187448e-07,1.0289032318849828e-06,1.4522956938940668e-05,0.021283771200339457,0.0002655611872098385,0.00013478736147033276,2.8979064030510045e-05,3.827879142330376e-05,2.2435554441791522e-07,0.004231143266299924,2.4821471748922274e-06,9.29290860040643e-07,0.00011662472719471606,0.013852305002817105,3.196219504537456e-09,0.00035718805186641436,0.0003244875870559841,0.00016445275085260578,2.4265200302171485e-09,0.9462256227402169,0.00012104416592241307,7.708214590853413e-09,0.012691911136206697,1.3209888911948647e-05,0.00013129051550787778
62,1.3929841878133163e-07,1.0267094448935524e-06,1.4013019701644378e-05,0.021257767120013746,0.0002701812035438857,0.00013558018995815934,2.9133355335625457e-05,3.841043822831856e-05,2.2391863762083146e-07,0.004254192193657897,2.4596524496264377e-06,9.320250703857462e-07,0.00011633435167455292,0.014588851968833607,3.2879202857126507e-09,0.000364745304297693,0.00033316094757349633,0.00016852899319571768,2.36130603858651e-09,0.9456764383217308,0.00012124213368003448,7.86279634190561e-09,0.012477606939506954,1.2482875437520426e-05,0.00013653552758625097
63,1.4137652784352466e-07,1.0605621402195564e-06,1.4073318413183031e-05,0.021303439697173028,0.00027050826732453656,0.00013592478287977375,2.89627912955281e-05,3.781136320241619e-05,2.281176106383305e-07,0.004264499051634919,2.4521199130868077e-06,9.378244248263043e-07,0.00011661873102908076,0.01440129084242715,3.334013288593728e-09,0.0003650186226515514,0.00033297568798154327,0.00016765710162999808,2.419012014338318e-09,0.9457917493884449,0.00012251140435814967,7.9421114374758e-09,0.012492902949814491,1.2675629474638007e-05,0.00013654667451179316
64,1.378946355450654e-07,1.0342159721386831e-06,1.3928570173833203e-05,0.021327397480850704,0.00026321708776897205,0.00013616774156872152,2.8767536855944866e-05,3.7428360055895934e-05,2.2762158547793313e-07,0.0042888935864467004,2.4140699647854716e-06,9.614714898017834e-07,0.00011971378393416718,0.01451136113394505,3.3117728138416666e-09,0.0003637324175448312,0.0003399945942688296,0.0001710357183828744,2.416257519318929e-09,0.9456256069992798,0.00012964588796683907,8.188568834342764e-09,0.012487806554229902,1.2667858770984604e-05,0.00013784549770920175
65,2.793696741675752e-07,1.1368766694748213e-06,1.73506662765059e-05,0.028786676508242938,0.0003951676510407513,0.0002080947670608439,2.3564417833652294e-05,2.8847013101769883e-05,6.786620409508607e-07,0.0018389361793394012,4.845308666558684e-06,1.7436409344897923e-06,0.0003420102035137062,0.014011924227894072,3.221570197495415e-09,0.0005108701485233278,0.000581667281224184,0.00022384480510495005,3.8227228873123596e-09,0.940625599638302,0.00014072336041978155,1.2146176436230867e-08,0.0120940325201041,3.8080793852479576e-05,0.00012390676971077446
66,1.7086997758048562e-07,1.680270836496284e-06,1.941406630949794e-05,0.054198038630994726,0.00024250326479861148,0.00015498831329083598,5.983769540255266e-05,8.512220547428262e-05,3.416127626429407e-07,0.006018095465728948,4.092880781193247e-06,3.0803649605533096e-06,0.0001450237742876907,0.04383850344725776,6.010803046891634e-09,0.0005436179655122525,0.00037814784242948875,0.0002773825096961058,2.935987376583289e-09,0.8770625473153552,0.00017219175142995087,1.9928833857832186e-08,0.016533150583995865,1.2290470680956471e-05,0.000249749822412474
67,1.6652058060377308e-07,1.276060139129723e-06,1.780459609717037e-05,0.02268018868668294,0.00030995565686454816,0.0001388684118338384,4.204906943835871e-05,5.13832288295778e-05,2.728949504287072e-07,0.0053077105800730315,2.7289797471081165e-06,1.1695187334241594e-06,0.00011562448707453251,0.014927103717814088,4.431085424281512e-09,0.0004416257997135839,0.0003188249949344333,0.00017914346022396618,2.9767348969135545e-09,0.9423877121860418,0.00013882558115741164,9.819549255740884e-09,0.012769596660392832,1.2995230395814931e-05,0.00015495645091170217
68,1.26136480103828e-07,1.145396899521138e-06,7.116113408305453e-06,0.008641526384041087,0.0004978228390285488,8.948739371562642e-05,3.116573101540131e-05,2.8775342645012276e-05,2.227856597126692e-07,0.0028404376352221716,2.11912842781221e-06,7.10884627368189e-07,0.00010536854177915757,0.01129892274336283,7.66758557608636e-09,0.00037802881855529026,0.0003475251112690318,9.858432287292936e-05,2.4882128655673473e-09,0.967385729134015,6.007182362824657e-05,8.556917148089647e-09,0.008008935394389696,6.542474298673154e-06,0.0001696171519430012
69,2.980447008323511e-07,1.7027480789668448e-06,2.3172511410468272e-05,0.02365523049708271,0.0004513853266794148,0.0002400709353881913,5.7709766069817193e-05,5.9031602518115144e-05,4.4853097829146563e-07,0.007557868927020072,2.860055435023318e-06,1.4665543448881986e-06,0.00015684184696502176,0.026078438371172803,9.794551286847747e-09,0.0006120378065802445,0.0006049362076917487,0.0003842748821956972,3.7678519798879845e-09,0.9274960765059508,0.0001633106197233026,1.906183269367199e-08,0.012054679658547495,1.0196710010444693e-05,0.00038792926721967463
70,1.6035849424366483e-07,1.4217125592136996e-06,1.6560731378142386e-05,0.02542459128052685,0.0003254162100332433,0.000184785360246381,3.632745796388011e-05,3.943881138448969e-05,2.7617870016148855e-07,0.005461210558782881,3.531709822949301e-06,1.0934019677383957e-06,0.00011508538573572772,0.017058759535907568,3.81608525876393e-09,0.000360528542613907,0.0003825446966305689,0.00019244062611508005,3.5144182413203767e-09,0.9302779667563273,0.00018035160128936444,1.0580822996091534e-08,0.019760753991192436,1.8836532568477885e-05,0.00015790064843263342
