,0,1,2,3,4,5,6,7,8,9,10,11,12,13,14,15,16,17,18,19,20,21,22,23,24
0,3.3786072587401483e-07,2.3167472087666926e-06,2.2604306726337098e-05,0.025828091355601965,0.0007034518410038297,0.0002210849431670081,7.646978406643506e-05,4.8282451580493725e-05,2.8302427109370285e-07,0.0076916801848602,4.995118266508186e-06,9.143392717846485e-07,7.258141143475197e-05,0.02801771923756914,6.674257910714425e-09,0.0003579078774549094,0.00032156873669021675,0.00024404277356448962,3.155064321870625e-09,0.913031088876097,7.863140804910048e-05,7.0492794720293365e-09,0.022916273908995213,1.3801699343859904e-05,0.00034585523544924235
1,1.9232509521283238e-07,1.4556675905359796e-06,1.208359151811022e-05,0.010581406394690913,0.0005941002424507484,0.00014706871948144505,3.644029054989429e-05,3.0962847050113935e-05,2.671261442731469e-07,0.003859126694681344,2.431833578464448e-06,4.941450393641374e-07,7.391339895114439e-05,0.011063682579920079,5.881194779304304e-09,0.0003942390448614856,0.0002510648479639119,0.00010600491986537941,2.8493272504091158e-09,0.9630750993318852,5.0779403125217326e-05,4.668766596872823e-09,0.009550003593423164,9.304097026163204e-06,0.00015986550581903984
2,1.8326998930796888e-07,1.3449437243667225e-06,1.0109796096962604e-05,0.009702612764521341,0.0006249680864888704,0.00013068730886310064,3.37813477047731e-05,2.7574415902657756e-05,2.3343494608777335e-07,0.003357947567211633,2.376924078144523e-06,4.7083500105176125e-07,7.537148548044601e-05,0.011537907032255115,5.361540464957461e-09,0.0003355349645664676,0.00027279124088769216,0.00010385686705225522,2.469811001588818e-09,0.9639138041516233,4.6210271038443784e-05,4.344984974962963e-09,0.009648273463765103,8.409676835179896e-06,0.00016553797563097892
3,1.9307890174859564e-07,1.4300930639118894e-06,1.127132059809823e-05,0.01091653538959475,0.0006228787499908027,0.00014513497732375935,3.5851005834992353e-05,2.940459702919126e-05,2.5294119288870636e-07,0.0036090365499280986,2.5881954868784913e-06,5.031746316472929e-07,7.683276997287317e-05,0.012103925622139616,5.527685680047644e-09,0.0003545990194268688,0.00028162517603848926,0.00011163698801968802,2.67762695778094e-09,0.9611113547944755,5.1022762452545544e-05,4.705003457208493e-09,0.010354696645665237,9.347708705757974e-06,0.0001698655292105011
4,1.9826691005240117e-07,1.4260197550676154e-06,1.1128715272402086e-05,0.010829606527652432,0.000623352044155113,0.00014288455697648349,3.526078669601661e-05,2.8597125577187372e-05,2.6102271786596593e-07,0.0034382923996410237,2.5674582721942977e-06,5.283881588638326e-07,8.311594262853661e-05,0.012256914014242181,5.546286890188669e-09,0.00035010265928948745,0.00029236475353700876,0.0001137285467669664,2.690319978110105e-09,0.9615215066653957,5.18943590554325e-05,4.803181076395594e-09,0.010033217958021791,9.348749091965348e-06,0.00017369000039814774
5,1.9388819856246474e-07,1.4243763599273907e-06,1.0778992708760862e-05,0.01159775233985584,0.000588709996914252,0.00014323367580033913,3.406219779508692e-05,2.8133114121417977e-05,2.4962960587765477e-07,0.0035905502885085305,2.5674687594489523e-06,5.126368336707704e-07,7.744618820808134e-05,0.012530755332589955,5.208064184259587e-09,0.0003440804197812167,0.0002864548739164397,0.00011909539976105695,2.57620114881932e-09,0.9600548452541872,5.053185878232198e-05,4.762832704501259e-09,0.01035941987514638,9.575491155236142e-06,0.00016961415391264492
6,1.9307890174859564e-07,1.4300930639118894e-06,1.127132059809823e-05,0.01091653538959475,0.0006228787499908027,0.00014513497732375935,3.5851005834992353e-05,2.940459702919126e-05,2.5294119288870636e-07,0.0036090365499280986,2.5881954868784913e-06,5.031746316472929e-07,7.683276997287317e-05,0.012103925622139616,5.527685680047644e-09,0.0003545990194268688,0.00028162517603848926,0.00011163698801968802,2.67762695778094e-09,0.9611113547944755,5.1022762452545544e-05,4.705003457208493e-09,0.010354696645665237,9.347708705757974e-06,0.0001698655292105011
7,2.3186964788137456e-07,1.3918916579071885e-06,1.4040012015760922e-05,0.010361421502015633,0.0006456533136590346,0.00015220881413810925,3.844572088641876e-05,3.124538295358856e-05,2.6037462787255643e-07,0.0036814826995961933,2.6005704933610623e-06,4.940380814954862e-07,8.474253381654163e-05,0.011319056390238093,5.23661541020057e-09,0.00034284992277431486,0.0002697101584850217,0.00011603503852335056,2.8320200860700365e-09,0.9627077365544077,5.0702357680815945e-05,4.074645522801137e-09,0.009998645862538246,1.004453631120046e-05,0.00017098831217063928
8,1.777008170526163e-07,1.104471502805312e-06,6.528963015346001e-06,0.006370554612732776,0.0007875104560782498,0.0001259800456268239,3.353343779740702e-05,2.5449655082535e-05,3.358618447331865e-07,0.002758768590768536,2.30575345005586e-06,6.258793502970493e-07,0.00013176282187216367,0.011249546388944456,9.269956150688972e-09,0.00048677383150576905,0.0005877923727527784,0.00015214801193517557,3.126629149895855e-09,0.9708543174442066,6.580016021692347e-05,1.1747440042264675e-08,0.0061405022551081975,7.443548905858936e-06,0.00021101359246017263
9,1.9275552171325451e-07,1.452344905895042e-06,1.1549549830418609e-05,0.011288294709287291,0.000611496204737116,0.00014645538026714626,3.6249499756422075e-05,2.965627784050497e-05,2.5367737637375164e-07,0.003694828701660158,2.595429386213851e-06,5.076042033360667e-07,7.539438865404934e-05,0.012145878319024406,5.5140072218000535e-09,0.0003568853365984179,0.0002744981990554189,0.00011175209360688453,2.6763556176060003e-09,0.9604786601813725,5.1588327838444266e-05,4.6653320420746145e-09,0.010502707242695355,9.45825087263548e-06,0.00016963266981439277
10,1.9307890174859564e-07,1.4300930639118894e-06,1.127132059809823e-05,0.01091653538959475,0.0006228787499908027,0.00014513497732375935,3.5851005834992353e-05,2.940459702919126e-05,2.5294119288870636e-07,0.0036090365499280986,2.5881954868784913e-06,5.031746316472929e-07,7.683276997287317e-05,0.012103925622139616,5.527685680047644e-09,0.0003545990194268688,0.00028162517603848926,0.00011163698801968802,2.67762695778094e-09,0.9611113547944755,5.1022762452545544e-05,4.705003457208493e-09,0.010354696645665237,9.347708705757974e-06,0.0001698655292105011
11,1.9576025172828998e-07,1.4165318579201623e-06,1.11514720346061e-05,0.010753577684004324,0.00062035246675482,0.00014231947523807675,3.525025096659113e-05,2.8790126462848305e-05,2.544717254112032e-07,0.0034998836050363223,2.549826513131919e-06,5.097458231212404e-07,7.991384395600993e-05,0.011984974900116716,5.4665206818334284e-09,0.000349233309742246,0.0002848161582765409,0.00011200569340631259,2.666982568456094e-09,0.9617709500263205,5.088940372678454e-05,4.6757557079849844e-09,0.01009179390390419,9.329370614339495e-06,0.00016982916400848106
12,2.543186592289813e-07,2.5762824918342363e-06,0.00013022902971083128,0.03531717130645865,0.0005213434843976807,0.00027530875522427476,0.00026669441657505374,0.0004307377445326148,1.1117089747925004e-06,0.008809916786602834,1.4090870064963248e-05,2.945591051005067e-06,8.208285735408193e-05,0.005176839497487337,2.6892800358522475e-08,0.0031901996928625285,4.798642179261964e-05,5.9924465687623464e-05,2.106142211549956e-08,0.9308166193891177,9.800615960464036e-05,1.0672692584375189e-08,0.014633766968099812,6.076993287895055e-05,6.136569345570098e-05
13,1.8167240810013924e-07,1.407460256901328e-06,1.1620199521916459e-05,0.012747793628090214,0.0006447969259718268,0.00013344035933177196,4.1937846945606125e-05,3.5133180583880745e-05,2.453993626937058e-07,0.003227632299343409,3.5075981767555405e-06,7.047709070670285e-07,8.630798107029836e-05,0.016177612638022046,5.7594516089104116e-09,0.0003253399266127029,0.0003024720801310639,0.0001118680375102537,2.5992199004781257e-09,0.9530008172712245,5.522809386895108e-05,5.641174021092415e-09,0.012896507430576083,9.691378009569856e-06,0.00018573982222895488
14,1.9104420154866783e-07,1.2393051988244309e-06,1.4808838183322882e-05,0.012306405527707384,0.0005504262724777016,0.00016941241563362766,3.464482771416506e-05,3.230958812832702e-05,2.7509863594979466e-07,0.0034052567365770807,2.567524618746343e-06,5.471384032298098e-07,8.806632317207243e-05,0.01160005334396928,6.07727608356769e-09,0.0003830045714332971,0.0003021943879688515,0.00011607392678705378,2.57683787476043e-09,0.9604784698108091,5.9126846604484125e-05,4.95001989445976e-09,0.010263070873745306,9.432535899865645e-06,0.00018240945799707838
15,1.9307890174859564e-07,1.4300930639118894e-06,1.127132059809823e-05,0.01091653538959475,0.0006228787499908027,0.00014513497732375935,3.5851005834992353e-05,2.940459702919126e-05,2.5294119288870636e-07,0.0036090365499280986,2.5881954868784913e-06,5.031746316472929e-07,7.683276997287317e-05,0.012103925622139616,5.527685680047644e-09,0.0003545990194268688,0.00028162517603848926,0.00011163698801968802,2.67762695778094e-09,0.9611113547944755,5.1022762452545544e-05,4.705003457208493e-09,0.010354696645665237,9.347708705757974e-06,0.0001698655292105011
16,1.7372334287410533e-07,1.422420959059886e-06,1.0048684486710483e-05,0.01065653383992845,0.0005942133939266331,0.00013137915360652744,3.5583999967301896e-05,2.913104197495948e-05,2.4292558818745406e-07,0.0036377942547872215,2.4287545529157504e-06,5.229884955993465e-07,7.483384860618639e-05,0.012009866773080366,5.6611938991031004e-09,0.00035828659708846464,0.0002740510588427916,0.00010664329173622062,2.616905223298389e-09,0.9618129272271478,5.220187442005741e-05,4.985056587073548e-09,0.010036704538501473,8.638577831429212e-06,0.00016635776797303218
17,1.7107766142356595e-07,1.2663231788528803e-06,9.329608345623002e-06,0.010322010944348302,0.0006064607557413272,0.00012621240523619077,3.2196425727928464e-05,2.671663900390317e-05,2.2285350997866656e-07,0.003087721652265822,2.4950382446237488e-06,5.063364071697762e-07,8.145677556127205e-05,0.012513615979181164,5.029287210409043e-09,0.00031824275576634495,0.0003061299894771403,0.00010650423617523754,2.314436147721568e-09,0.9619407640078773,4.8485297698670905e-05,4.6939918093016315e-09,0.010293518931689264,8.451466213253323e-06,0.0001675084629737838
18,2.230902503307421e-07,1.8812581272368545e-06,1.9663775281490815e-05,0.015755711523953622,0.0005846856500199235,0.00019872235454045776,4.382217042567561e-05,4.447016206935604e-05,3.6043373552669594e-07,0.00437819566787424,3.5272654155408497e-06,5.489996492107139e-07,6.371810866625606e-05,0.01051323822973605,6.2228309712532995e-09,0.000513630449158805,0.000182526549650663,9.360659071226353e-05,3.933151513721348e-09,0.9555644567241844,5.348762078040693e-05,4.550954969615603e-09,0.011846876075527046,1.5408751089631464e-05,0.00012122384221453382
19,2.0107151831330112e-07,1.5318799688422793e-06,1.2531638532001807e-05,0.012073509249465245,0.0006277023294290275,0.00014150166690391438,4.087751763966622e-05,3.172546171548288e-05,2.8044771480814817e-07,0.0036915170366777364,2.655104920649094e-06,5.877455602466374e-07,8.092621338412587e-05,0.01234227937897259,6.030256750308516e-09,0.000380128306052706,0.00027508273690957525,0.00011428723698800032,2.7244733738306177e-09,0.9598152015538752,5.550238333997524e-05,5.046955068468714e-09,0.010123920019126579,9.410358532408145e-06,0.00017862686108764905
20,1.9106875577001776e-07,1.4377079957102982e-06,1.1421149122687453e-05,0.011125850198282787,0.000614452816848414,0.00014393443552310895,3.68028239330538e-05,3.0834072244861315e-05,2.547148753434142e-07,0.003665574250868293,2.631467088023144e-06,5.239122000667411e-07,7.707806262692484e-05,0.012254406603490331,5.767605434243085e-09,0.0003629417011109246,0.0002816380762108658,0.00011227944421832895,2.7214951954566128e-09,0.9606657480960706,5.168060537884895e-05,4.961952090677312e-09,0.010380068028167383,9.29316362399119e-06,0.00017094415031074353
21,1.7137288114121977e-07,1.3786457356948703e-06,9.868535479550865e-06,0.01093566457992642,0.0005290437630349013,0.00012522786595611202,3.173764764947327e-05,2.7167466178269055e-05,2.518610031640762e-07,0.0033744796153696186,2.2119213640268284e-06,5.178840199920453e-07,7.537136267487386e-05,0.011501853980503029,5.135966960410783e-09,0.00037060792394502787,0.00024284754063687547,0.00010299621659264799,2.41952076963465e-09,0.9637717829503882,4.7349098008613456e-05,4.497804641066144e-09,0.008690954879833056,8.624464409026832e-06,0.00014987837111781233
22,1.822401298579071e-07,1.4752571737932695e-06,1.1198912329843545e-05,0.011126453953678289,0.0006209386469284942,0.00013800486860656808,3.8127228592231484e-05,3.0124677548008897e-05,2.570056111657121e-07,0.0035876534451811247,2.570035520826901e-06,5.326956970482453e-07,7.51071743063398e-05,0.012256946405868954,5.552919817111826e-09,0.0003612716195262227,0.0002547878670890872,0.00010138528161606019,2.66362684816028e-09,0.9608206099395972,5.136416975988869e-05,4.528277391875795e-09,0.01034678437538964,9.139748603751733e-06,0.00016507170642162395
23,1.9307890174859564e-07,1.4300930639118894e-06,1.127132059809823e-05,0.01091653538959475,0.0006228787499908027,0.00014513497732375935,3.5851005834992353e-05,2.940459702919126e-05,2.5294119288870636e-07,0.0036090365499280986,2.5881954868784913e-06,5.031746316472929e-07,7.683276997287317e-05,0.012103925622139616,5.527685680047644e-09,0.0003545990194268688,0.00028162517603848926,0.00011163698801968802,2.67762695778094e-09,0.9611113547944755,5.1022762452545544e-05,4.705003457208493e-09,0.010354696645665237,9.347708705757974e-06,0.0001698655292105011
24,1.8001619046984813e-07,1.3871646426909723e-06,9.496536505773168e-06,0.0109448642602508,0.0005660932371088593,0.0001340864740921437,3.053498219981571e-05,2.6477355381163456e-05,2.3408700868878287e-07,0.0033598230513249712,2.3692059870225683e-06,4.767253139941083e-07,7.541953943687598e-05,0.012318747635451915,4.734990146431756e-09,0.00033640796328291426,0.00027855795249792404,0.0001091608341436229,2.4504616317745343e-09,0.961863571135414,4.6221832207664716e-05,4.416666475480299e-09,0.009732002231580966,8.966424695570858e-06,0.00015490975316391871
25,2.372203249611582e-07,1.4844664555517438e-06,1.2839427225280557e-05,0.008306154998738609,0.0007003069494896959,0.00018902570606079094,3.159589096880632e-05,2.0894927809080666e-05,3.03649206786833e-07,0.003881403095847757,1.9402671764621063e-06,3.8614360165287127e-07,8.799090806325545e-05,0.009054008595700233,6.81000550753199e-09,0.000364263367266693,0.0003291220911928635,0.00012367613336026863,3.0201434682226364e-09,0.9677996729444751,6.13726642327408e-05,4.2902847872745464e-09,0.008807577711041438,8.976361286015172e-06,0.00021675236004225834
26,2.0368443249220382e-07,1.2362490911764e-06,1.092039780464757e-05,0.009859871264224903,0.0006017347053957319,0.0001585864694721447,2.6499896537407154e-05,2.3082479860031532e-05,2.396790058220145e-07,0.003044765175093126,2.5036807514267784e-06,3.807681656800326e-07,7.999627766004045e-05,0.009951908030300423,4.2603155154518805e-09,0.00030864176357204686,0.0002923206755863592,0.00011063429132726308,2.5550202515549335e-09,0.9652582396691036,4.568162700952415e-05,3.694810451039586e-09,0.010068006385117756,1.1088464981181716e-05,0.0001434478553612158
27,1.883167540474731e-07,1.4316614924627356e-06,1.11665510125186e-05,0.011151227520240961,0.0005982357163710328,0.00014841261291625115,3.546173636308395e-05,3.088108572112647e-05,2.563489283691625e-07,0.003709968881848896,2.6492530127254282e-06,5.13646894967688e-07,7.645554375114345e-05,0.012214470459757648,5.852271819109357e-09,0.00037186036985773044,0.00028617559018408433,0.00011380872415824943,2.8115782420689743e-09,0.9606751613890964,5.124737529052948e-05,5.19944402662832e-09,0.010343990483065703,9.526304874439843e-06,0.00016689656511377154
28,1.9307890174859564e-07,1.4300930639118894e-06,1.127132059809823e-05,0.01091653538959475,0.0006228787499908027,0.00014513497732375935,3.5851005834992353e-05,2.940459702919126e-05,2.5294119288870636e-07,0.0036090365499280986,2.5881954868784913e-06,5.031746316472929e-07,7.683276997287317e-05,0.012103925622139616,5.527685680047644e-09,0.0003545990194268688,0.00028162517603848926,0.00011163698801968802,2.67762695778094e-09,0.9611113547944755,5.1022762452545544e-05,4.705003457208493e-09,0.010354696645665237,9.347708705757974e-06,0.0001698655292105011
29,1.9307890174859564e-07,1.4300930639118894e-06,1.127132059809823e-05,0.01091653538959475,0.0006228787499908027,0.00014513497732375935,3.5851005834992353e-05,2.940459702919126e-05,2.5294119288870636e-07,0.0036090365499280986,2.5881954868784913e-06,5.031746316472929e-07,7.683276997287317e-05,0.012103925622139616,5.527685680047644e-09,0.0003545990194268688,0.00028162517603848926,0.00011163698801968802,2.67762695778094e-09,0.9611113547944755,5.1022762452545544e-05,4.705003457208493e-09,0.010354696645665237,9.347708705757974e-06,0.0001698655292105011
30,1.9307890174859564e-07,1.4300930639118894e-06,1.127132059809823e-05,0.01091653538959475,0.0006228787499908027,0.00014513497732375935,3.5851005834992353e-05,2.940459702919126e-05,2.5294119288870636e-07,0.0036090365499280986,2.5881954868784913e-06,5.031746316472929e-07,7.683276997287317e-05,0.012103925622139616,5.527685680047644e-09,0.0003545990194268688,0.00028162517603848926,0.00011163698801968802,2.67762695778094e-09,0.9611113547944755,5.1022762452545544e-05,4.705003457208493e-09,0.010354696645665237,9.347708705757974e-06,0.0001698655292105011
31,1.3163241050667851e-07,1.3758171378489509e-06,7.567620677485529e-06,0.010707511044492695,0.0005954498746367854,0.0001392477801559438,2.744151611139885e-05,1.9624623348009627e-05,2.635002058168014e-07,0.002930132429316508,2.4649993408510913e-06,4.5629456858961367e-07,6.645778240897877e-05,0.011505935814430695,5.591030145956905e-09,0.0003639070736827464,0.00028417130002882546,9.358855825599431e-05,2.2250356846625716e-09,0.9629400321036894,5.166695715090859e-05,5.050752753756945e-09,0.010098308468325495,8.903189028578386e-06,0.00015534875377732038
32,1.9695493709895498e-07,1.457541479178063e-06,1.1375960997073238e-05,0.01085580940442156,0.000625654268095651,0.0001475790276759844,3.613418221851529e-05,2.9898422556858174e-05,2.568822465396806e-07,0.0036773133349278764,2.6158333822708936e-06,5.077615472491698e-07,7.77171967659855e-05,0.01213904415850926,5.617745953017361e-09,0.0003580851308130828,0.00028402943768723394,0.00011281298424235055,2.799190489434891e-09,0.9610131861499934,5.1783467513386594e-05,4.820085157605042e-09,0.01039521898297379,9.529384360994319e-06,0.00016978029563292706
33,1.7036909755692884e-07,1.263813724807778e-06,9.153046799582508e-06,0.010584653628567208,0.0005583919925861763,0.00014046260876406728,2.926130428478285e-05,2.7452878799084597e-05,2.2146404102844966e-07,0.0033209565338538777,2.5259053675470083e-06,4.633867321741189e-07,8.015780133956825e-05,0.012412689150009213,4.5361172217806286e-09,0.00033966557892031583,0.0003126899412543846,0.00010958831255261837,2.603586236323669e-09,0.9615352887677556,4.8461548922388286e-05,4.871607452493766e-09,0.010330725754398565,9.560120981721769e-06,0.00014618407993673683
34,2.880254706466669e-07,1.6918346146037749e-06,1.5001783742728022e-05,0.010505833151933845,0.0007180130306730357,0.00017260150700243286,3.939554016551575e-05,3.297350845120991e-05,3.5936424741034835e-07,0.0034378878321997,2.837570516455576e-06,5.991589056536349e-07,0.00010609293537140804,0.011734748406890734,6.384741522384862e-09,0.0003786454543995754,0.0003067833889761374,0.00012732950865671793,3.79495743967414e-09,0.9629928259820106,5.786487185160062e-05,5.031965526456921e-09,0.009176325144760578,1.167441618398309e-05,0.00018021237131071277
35,2.4049435197415635e-07,1.5415358082987052e-06,1.348105603540301e-05,0.012082292233353432,0.0006489829004165021,0.00015540204838294027,4.231287450164687e-05,3.6337073343654766e-05,2.7996949181392327e-07,0.004152771641772597,2.748911734864725e-06,5.654225164032998e-07,8.37429703868627e-05,0.012718481768609569,5.7130558776772135e-09,0.00037465886533342323,0.000298745758458155,0.00013684640019677512,3.062757062258712e-09,0.9585736253247549,5.544701233854843e-05,5.217693644147363e-09,0.010430042567920699,1.0359912578999657e-05,0.00018107926420614243
36,1.995442654070161e-07,1.2915251610095195e-06,1.0979949492077701e-05,0.010407063815994684,0.0005757519814902322,0.00011691124967161939,3.832097031109297e-05,3.4721666224236696e-05,2.6082344385341965e-07,0.0032015648165910726,2.3284669368066284e-06,6.531765111478552e-07,9.6834565666282e-05,0.01253163587307617,5.977447613326529e-09,0.0003953353677072802,0.0002886340944963997,0.0001106579320035221,2.606370230427591e-09,0.9639823909504613,4.81879080743235e-05,5.334988883841965e-09,0.007974643415217114,7.824578066196442e-06,0.00017379341033125036
37,1.456314076357515e-07,1.481774971972824e-06,9.944467778178395e-06,0.009993927842889666,0.0006716027508771598,0.00014736732460435314,3.8311093660405996e-05,3.2410862707499835e-05,2.748544486498053e-07,0.0032347689589072403,2.785559075732345e-06,6.119509353188273e-07,7.873456090749956e-05,0.013823022382502536,8.38555038344831e-09,0.00041487261179015277,0.000329706076501065,8.923064983331128e-05,2.9592059849047456e-09,0.9603891953382897,5.9027821588841064e-05,6.6546665599140635e-09,0.010480332760324349,7.302016886774343e-06,0.00019492470968900593
38,2.3623561762949028e-07,1.6020088119312557e-06,1.3524244322806876e-05,0.010125960203982754,0.0007024546404393356,0.00016908846448145793,3.896564162892148e-05,2.9390048688792484e-05,3.006701164069088e-07,0.003869373712407585,2.6316431255844273e-06,4.821440382689932e-07,7.970696362347347e-05,0.011289692757803413,6.4225616015095855e-09,0.0003886770496622578,0.0002709330638419922,0.00011371005803543604,3.183354188552063e-09,0.9627821094735846,5.1356604728519824e-05,4.543596248755891e-09,0.00987820298907688,1.022238871220436e-05,0.0001813648437577745
39,1.6287990508707188e-07,1.615098594394137e-06,7.558208768148779e-06,0.011807938600381302,0.0006303303028068469,0.00010946966671379293,3.3179818174217696e-05,2.1869811685921926e-05,2.1541062685322525e-07,0.0032017608064280932,2.655223400030171e-06,5.005473340633957e-07,6.320536109011873e-05,0.015357947012732596,4.256302354360086e-09,0.00028214214377640494,0.00022883469078589406,0.00010103314311615309,1.9571976273130248e-09,0.9566914661458756,3.948297478491466e-05,3.8549551850399e-09,0.01124880800570566,8.7158507723019e-06,0.00016109822808655337
40,1.883943514656947e-07,1.4122865592161432e-06,1.097883917546726e-05,0.010933198527215342,0.0006116340832212532,0.00014360691413413266,3.506915569361086e-05,2.9187377322418624e-05,2.4623552496513293e-07,0.003611089205535065,2.567185940096767e-06,4.916314322011004e-07,7.512407959347944e-05,0.011983132786823933,5.374275583843524e-09,0.00035273930105150553,0.00027944990371523565,0.00011036486041337134,2.644619883776961e-09,0.961217000365252,5.025886427274766e-05,4.6507514321861675e-09,0.010377601983937293,9.341095182977467e-06,0.0001653042540055192
41,2.0154356214651877e-07,1.3617616678984167e-06,1.128134700492188e-05,0.009691456259638416,0.0006675135670030713,0.00013473221357201642,3.4756258238054446e-05,2.7222016534346833e-05,2.692637653363436e-07,0.0031064280421773654,2.349183217039314e-06,4.861034813507192e-07,8.280544521644146e-05,0.010677887508168026,5.66298851364349e-09,0.000357887826504883,0.00027620683289771643,0.00010356386379050952,2.479316595285948e-09,0.9657275349470532,4.718394819265913e-05,4.243772530652263e-09,0.00887122056373195,8.661735766794791e-06,0.0001689773827380397
42,1.7058552000273848e-07,1.3790395620131618e-06,1.1543895648515153e-05,0.011262186076904419,0.0005164863088388305,0.00014809686438609567,3.4557773048122296e-05,3.4696384885388156e-05,2.577959832367044e-07,0.004005786950002818,2.4372154246669e-06,5.242969107303306e-07,7.508841321635073e-05,0.010896145477917854,6.209780186366655e-09,0.00042898616842811674,0.0002684074899154723,0.00010597172547042578,3.074038912346956e-09,0.9624114681329283,5.466766120698115e-05,5.654890919250768e-09,0.009582020914358546,9.32069724482846e-06,0.00014978519348844742
43,2.0540185246870523e-07,1.4612244286982482e-06,1.1832563278161088e-05,0.011608562143446886,0.0006701791250971691,0.00013915033134095266,3.773479696607624e-05,2.956155338999991e-05,2.688251786544402e-07,0.003133558321868782,2.824202414599915e-06,5.593359206141454e-07,8.233756122231066e-05,0.012862914129671558,5.598597894479468e-09,0.0003447331851749897,0.0002803257176290565,0.00010822490667336487,2.507031659991749e-09,0.9600689746306671,4.812016382918156e-05,4.487005498160738e-09,0.010381665367126546,9.435025861302471e-06,0.00017735889432639765
44,1.9307890174859564e-07,1.4300930639118894e-06,1.127132059809823e-05,0.01091653538959475,0.0006228787499908027,0.00014513497732375935,3.5851005834992353e-05,2.940459702919126e-05,2.5294119288870636e-07,0.0036090365499280986,2.5881954868784913e-06,5.031746316472929e-07,7.683276997287317e-05,0.012103925622139616,5.527685680047644e-09,0.0003545990194268688,0.00028162517603848926,0.00011163698801968802,2.67762695778094e-09,0.9611113547944755,5.1022762452545544e-05,4.705003457208493e-09,0.010354696645665237,9.347708705757974e-06,0.0001698655292105011
45,2.063840203950795e-07,1.484381778334988e-06,1.3138443725866011e-05,0.011818619300527782,0.0006230013609847604,0.00015038848598040828,4.073427817962252e-05,3.5056556508839375e-05,2.756779636073169e-07,0.0038298037647523657,2.8022691193215783e-06,5.61586669558924e-07,7.764862425471884e-05,0.012255767318767036,6.380462871265068e-09,0.00040094204417836593,0.0002706259885278075,0.00011428415324916667,2.8919607884945065e-09,0.9598773959953328,5.1210708607656804e-05,5.2007698603515714e-09,0.010251957548509645,9.694015714168779e-06,0.00017438663945451845
46,1.8093389229571503e-07,1.244754984637247e-06,1.0065163245662508e-05,0.010746575993050322,0.0005700488230125109,0.00014574862958399674,2.9076018265672887e-05,2.6205292197378148e-05,2.3673476726926202e-07,0.0031152713550581593,2.466770272520858e-06,4.750649890990813e-07,8.589983915581986e-05,0.011578109199360176,5.086947056453788e-09,0.0003392851497414055,0.00033730135203215725,0.00011432458701013978,2.5049580382770096e-09,0.9628010519987719,5.062799658618267e-05,4.917552633711192e-09,0.009872607060104744,9.265011127532212e-06,0.00016391976333279655
47,2.1579790204764555e-07,1.8666422704618602e-06,1.5888776541120483e-05,0.01684104984733672,0.0006712376396341807,0.00021560281452853087,4.808554204088482e-05,4.0407802887318026e-05,2.695763959362613e-07,0.005391577542627771,4.235780527003235e-06,5.598752217330941e-07,6.036911881346895e-05,0.017537713778353534,5.8580062408760164e-09,0.0003465653164580981,0.0002891497533088354,0.00014816572190406546,3.3402270877312006e-09,0.9400138374567775,6.377874767054186e-05,5.739851767814225e-09,0.01810049395895109,1.3264603575151785e-05,0.00019564896818922344
48,2.0185336677879653e-07,1.5414275019639969e-06,1.079600754847977e-05,0.010758442715621985,0.0006149824402570759,0.00016482049583413505,3.347543992966866e-05,2.9740456247061866e-05,2.5161661780009926e-07,0.003929570247696317,2.6918274453774063e-06,4.5557027945838003e-07,7.763616810060753e-05,0.012383283055558754,4.948092473281164e-09,0.0003585506252618028,0.00029921854159184203,0.00011353143000742188,3.2883485259607244e-09,0.9602614413981385,5.162016533470755e-05,4.7701715408865045e-09,0.010745265526596827,1.0744046893076772e-05,0.00015172593755789483
49,2.1792137110872203e-07,1.721145621033278e-06,4.599481442777336e-06,0.004913891923660975,0.002022831600861925,0.00010380593361584087,5.8390913751076765e-05,4.2918380270718524e-05,1.9815550377092128e-07,0.003364234800293359,3.0720796901055996e-06,2.874381513798728e-07,5.9770357804032874e-05,0.009896970459605463,4.021580060897045e-09,0.00046371627051731154,0.0003643283812411722,6.948299733186709e-05,4.262932097384344e-09,0.9682190757306032,2.8621778985218405e-05,3.80721223635423e-09,0.010274912582643358,9.18170159340641e-06,9.775787371651866e-05
50,1.9158080069063847e-07,1.415921912213191e-06,1.117534274895793e-05,0.010958667201552886,0.0006150267606522402,0.00014645462715745966,3.461586320496672e-05,2.8703778864915803e-05,2.54618397065624e-07,0.003523684278065931,2.5837442360195973e-06,4.968801367926554e-07,7.711481006584616e-05,0.011954387982592634,5.446869966357878e-09,0.00035406531786139723,0.0002829379655232669,0.00011125821841032812,2.6580235300575934e-09,0.9613995433860673,5.083007927999635e-05,4.673217146752247e-09,0.010270169787924777,9.478670000135414e-06,0.000166930406433543
51,2.0407298548915314e-07,1.618222990722804e-06,1.1853432004770603e-05,0.012991737378717049,0.0005818605219490953,0.00014932231050563484,3.739332092986865e-05,3.275326074877535e-05,2.7063279012514424e-07,0.003891193506735314,2.7049130655699473e-06,5.743322955522297e-07,7.767301923602656e-05,0.013517410127680141,5.7054870514274145e-09,0.00036841818277589795,0.00028221721398329964,0.0001237063418615138,2.8597379611514874e-09,0.9572160540440063,5.337971285021006e-05,5.249281271640933e-09,0.010476331804563619,9.801108243793487e-06,0.00017350872457477982
52,1.5179044116567443e-07,1.9399804350759326e-06,1.3648021942422358e-05,0.015085818218027236,0.0007133628304853158,9.815691792979076e-05,6.0768031722149475e-05,3.7187501011701894e-05,2.7961559766959106e-07,0.0028664411414929198,2.8359162295682686e-06,8.188064366817262e-07,7.694517176697711e-05,0.010352599085703943,5.4670452891605895e-09,0.0003678395798263148,0.0001944941399573842,5.423173177137219e-05,2.6923826669551356e-09,0.9579451894250841,6.982769507292186e-05,3.6087325166033403e-09,0.011909721564707881,9.306991309956526e-06,0.00013842407488675245
53,1.218479430352047e-06,1.6252591049701104e-06,1.6251957019941e-05,0.01678645728528677,0.00013626713940709579,0.0036079375060540614,1.1110306441638213e-06,9.20925953746995e-06,5.065768283066877e-07,0.004840772382874756,1.5452771194302122e-06,1.1162943306076839e-07,0.00026972829121881344,0.013932917590892673,1.9938910810889513e-09,0.00045502435651134594,0.003683968950067025,0.001384991230935432,1.7014047263191766e-08,0.949036257022555,9.98027616258562e-05,1.0124415327600749e-08,0.005537009213269288,5.4399967346644755e-05,0.00014285770048367373
54,2.0538910830192834e-07,1.6193230522750338e-06,1.1347635586843649e-05,0.01050457764751211,0.0006417318836695083,0.000148159558253281,3.80887914783095e-05,2.9378605345292314e-05,2.709393373788815e-07,0.0038699591884732757,2.4552260011873086e-06,5.404870390202846e-07,7.552553868693496e-05,0.012992134577545255,6.979619034491603e-09,0.0003805181415507442,0.0002712863535674386,0.00011168598165606503,2.861674918020171e-09,0.9608097344946043,5.03295993383311e-05,5.048994599076329e-09,0.009852342449162024,8.386308683847205e-06,0.00019970699005973603
55,2.1359252535324881e-07,1.4587721647618906e-06,1.1693128216111193e-05,0.011854139820002852,0.0005924927478226429,0.00013458014922082147,3.570557966898535e-05,2.7867027826600842e-05,3.206074344532884e-07,0.0031172735979103274,2.3249455946775056e-06,6.189029301344359e-07,9.52588435975937e-05,0.011547373487292654,5.46493916433885e-09,0.0003741103189348198,0.000269742520742269,0.00011751619580831423,2.5855588750410393e-09,0.963286707661963,5.354413970401484e-05,4.636076795760904e-09,0.00829653254308846,9.562114033481428e-06,0.00017095061694318237
56,1.9741757304989613e-07,1.424215775005092e-06,1.1209110159936783e-05,0.010762554572561374,0.0006210084445925528,0.00014359466168971106,3.5476568247667966e-05,2.8927511206347753e-05,2.578420176140081e-07,0.0035283109247361086,2.5518093950929066e-06,5.153831292081068e-07,8.06009017528137e-05,0.0120822264411138,5.541094094121397e-09,0.00035215549128219385,0.0002865197646437891,0.00011333495189151298,2.699025198732555e-09,0.9616600200825746,5.1343688935008684e-05,4.746546349029106e-09,0.010056635263571211,9.338773315841209e-06,0.0001717831931703303
57,1.7559708439208157e-07,1.2858729898119196e-06,1.0109360031499218e-05,0.009779933337207886,0.0005742908922339502,0.00012715027442278924,3.2726893587294855e-05,2.761908130923012e-05,2.489693330035434e-07,0.00324082412068315,2.1969561115060484e-06,5.082867793572069e-07,8.282968922375403e-05,0.010865353210727671,5.4268364404847135e-09,0.00035933959231243204,0.0002736227886115203,0.00010208124260296647,2.505471061035807e-09,0.9655731720059099,4.9654712471967595e-05,4.590499954384876e-09,0.008729005613322679,8.280226791032426e-06,0.00015957875344485532
58,2.0047726393062091e-07,1.4291228754666348e-06,1.135143333589574e-05,0.010936271898138561,0.0006263971723907222,0.0001489319963015503,3.483393109526602e-05,2.8527525189646604e-05,2.628040432832073e-07,0.003476943697415398,2.6456866973036256e-06,5.034893801005526e-07,8.023953156589647e-05,0.011966293948655981,5.319740724834625e-09,0.0003512694070111747,0.0002822330259933936,0.00011244662471028583,2.753486663849377e-09,0.9614161206473303,5.106168366835215e-05,4.602797009002009e-09,0.010296943076217613,1.0026915642959764e-05,0.00016505322905230807
59,1.938669112520346e-07,1.3990504089519587e-06,1.1658022371323599e-05,0.01092227632262165,0.0006121665964490386,0.0001478437438751167,3.47921474353338e-05,2.8884779890184388e-05,2.550759344657275e-07,0.0035318619356280484,2.628228231674758e-06,4.860839417048057e-07,7.634993046379162e-05,0.0113962597953865,5.3174294167439845e-09,0.00035355984284146126,0.0002703075333055875,0.00010887287435792201,2.7031839699855283e-09,0.9619151279931367,5.068205788254843e-05,4.482019802005908e-09,0.010364714122839104,1.000170342146104e-05,0.00015966579003305481
60,1.9307890174859564e-07,1.4300930639118894e-06,1.127132059809823e-05,0.01091653538959475,0.0006228787499908027,0.00014513497732375935,3.5851005834992353e-05,2.940459702919126e-05,2.5294119288870636e-07,0.0036090365499280986,2.5881954868784913e-06,5.031746316472929e-07,7.683276997287317e-05,0.012103925622139616,5.527685680047644e-09,0.0003545990194268688,0.00028162517603848926,0.00011163698801968802,2.67762695778094e-09,0.9611113547944755,5.1022762452545544e-05,4.705003457208493e-09,0.010354696645665237,9.347708705757974e-06,0.0001698655292105011
61,1.9546484971388002e-07,1.4221868094886184e-06,1.1675496091392073e-05,0.01098002139961911,0.0006169878935996386,0.00014736650482043593,3.566589694664554e-05,2.9495982476169713e-05,2.5538488876052155e-07,0.003588562792454374,2.6452947161472654e-06,4.981823627969777e-07,7.701160449306911e-05,0.011637308497894882,5.454749346806332e-09,0.0003532118796215429,0.00027391080258066993,0.00011023090198919337,2.7417869367789946e-09,0.9614480183102377,5.125978978214801e-05,4.60265472524698e-09,0.010460517845248384,9.890735162747632e-06,0.00016383435416386964
62,1.9307890174859564e-07,1.4300930639118894e-06,1.127132059809823e-05,0.01091653538959475,0.0006228787499908027,0.00014513497732375935,3.5851005834992353e-05,2.940459702919126e-05,2.5294119288870636e-07,0.0036090365499280986,2.5881954868784913e-06,5.031746316472929e-07,7.683276997287317e-05,0.012103925622139616,5.527685680047644e-09,0.0003545990194268688,0.00028162517603848926,0.00011163698801968802,2.67762695778094e-09,0.9611113547944755,5.1022762452545544e-05,4.705003457208493e-09,0.010354696645665237,9.347708705757974e-06,0.0001698655292105011
63,1.951250666592851e-07,1.4713813488148534e-06,1.1304692704463091e-05,0.010938444489393654,0.0006252749067324173,0.00014620092839427325,3.564601786653773e-05,2.9005089691165523e-05,2.5812941313799684e-07,0.003606225345123826,2.5886900192052287e-06,5.06739348019545e-07,7.733459459948255e-05,0.011999677495019621,5.652111378506686e-09,0.0003555949692257495,0.00028235340976595484,0.00011140729799634869,2.73717344409972e-09,0.9612028234044572,5.1837430592666366e-05,4.758726420068381e-09,0.010341712783564902,9.447734114863452e-06,0.00017067619754954316
64,1.9073004544764e-07,1.4304905957168012e-06,1.1200870866997732e-05,0.010819559439656595,0.000609965615146469,0.00014645155190760946,3.511845499764607e-05,2.8640390847820543e-05,2.565110023426421e-07,0.00360757096619314,2.5423071840861145e-06,5.123200638945019e-07,7.901732359128928e-05,0.01197599028673217,5.592575608196783e-09,0.0003529566584002051,0.000287262459301711,0.00011272294672691821,2.736062018256491e-09,0.9613954560865664,5.4149961519884796e-05,4.847257307010514e-09,0.010298595997351664,9.42365045855342e-06,0.0001709718049483585
65,3.444848713285461e-07,1.3504171197385881e-06,1.2957959950947252e-05,0.013343664823560013,0.0009291425381979276,0.00028713694741239193,2.3572437719379125e-05,2.1910746865048185e-05,8.409698386307713e-07,0.0012840458300667045,6.3105769965069214e-06,8.710309229958864e-07,0.00025272829671267605,0.010640674385707666,6.4010981081398265e-09,0.0006234601053854786,0.0004911848467726997,0.00014040702538136427,5.178269962073109e-09,0.9622406054253851,5.5207815788754524e-05,7.22333512623903e-09,0.009477991208429043,3.432813799537651e-05,0.00013124518621674148
66,2.0887036895388618e-07,2.1843316413771295e-06,1.4124960297438979e-05,0.02747795856370921,0.0005406687079880036,0.00015964080356471548,6.393162927754589e-05,6.229793513434141e-05,3.577264429283014e-07,0.004529924960940457,4.337041544747373e-06,1.5672247607133178e-06,9.812599913951856e-05,0.034780753164027026,9.120546085182777e-09,0.0005225181580365069,0.0003571002205012693,0.0001653576427719117,3.1977473667120312e-09,0.9168817043327168,6.992051536626821e-05,1.2164689839168698e-08,0.013980861691461653,9.16665600429633e-06,0.000277264381321314
67,2.2536694825936186e-07,1.7619141528870687e-06,1.4262165298753101e-05,0.01174828500152958,0.0007219168235826141,0.00014884077134788302,5.2783281729775515e-05,4.0715416753366496e-05,3.0728746712149927e-07,0.004486120830639381,2.929503815903349e-06,6.371367065070402e-07,7.705852302946465e-05,0.012530360923025412,7.594983399495732e-09,0.00043484192081925916,0.0002717748725766877,0.00011850135115008775,3.372506933144551e-09,0.9585418336144808,5.9381600654967705e-05,5.9344378800705714e-09,0.010545491936687358,9.585803852103072e-06,0.00019236705182372186
68,1.9556275699749925e-07,1.3708673032167201e-06,1.36242710387324e-05,0.01401052231643868,0.0005257613549204735,0.00016289914339316408,3.516144432213194e-05,3.239944001114212e-05,2.4948834503071873e-07,0.004000095924187807,2.721977157784359e-06,5.396922614193023e-07,7.950398693998964e-05,0.012979204400166566,4.364066429964635e-09,0.00034722463932626297,0.0002816135937319124,0.00012865479017452923,2.63538475606234e-09,0.955423617519319,6.21126249766186e-05,4.563574590892288e-09,0.011742194261901926,1.1049363057007913e-05,0.00015927177524403084
69,3.842317608874676e-07,2.0912548084361853e-06,1.723328427925234e-05,0.010601917760350563,0.0010275212244808098,0.0002366376865017576,6.390564667144022e-05,4.138411093987258e-05,4.719794265436068e-07,0.005752884534151461,2.7309461937068466e-06,7.525893796930731e-07,0.00011138843569957784,0.019804346007979052,1.6730853608263636e-08,0.0005370394299176149,0.0005748193872195306,0.00024830526107554913,3.910117669366177e-09,0.9508410694705777,6.578746706449973e-05,1.1551081240085978e-08,0.009555348257547358,6.621626202716985e-06,0.0005073272157196467
70,2.181976432198799e-07,1.9311005731071152e-06,1.3204334631271043e-05,0.012644285196135224,0.000767921348436757,0.0002147643054361281,4.187272285485482e-05,2.9728043037461982e-05,3.159088759556228e-07,0.004520385377168787,3.847154988069984e-06,5.325978311859933e-07,7.334380712154955e-05,0.013827403474533052,6.487618210608746e-09,0.0003658616733266576,0.000315004739299797,0.00012471882583617316,4.03418916120099e-09,0.9507632179341642,7.33170888193006e-05,5.9572686666570746e-09,0.01601797457530528,1.45144878733032e-05,0.00018562062703287777
71,2.1026826018231064e-07,1.5267761056045951e-06,1.2697568712289536e-05,0.011866812266567547,0.0006432186684220469,0.0001600496687436088,3.907815434563836e-05,3.2045024465652854e-05,2.748719136737125e-07,0.003871406297385774,2.8491490691628764e-06,5.435444965706348e-07,7.929590484611792e-05,0.012920549901094761,5.990878546825284e-09,0.00037348441061845736,0.0002957814162189617,0.00012193846150445914,2.925020886432232e-09,0.9583323135976575,5.50749374064162e-05,5.197031768089336e-09,0.010999066350550236,1.009444056250743e-05,0.00018167420812157937
