,0,1,2,3,4,5,6,7,8,9,10,11,12,13,14,15,16,17,18,19,20,21,22,23,24
0,0.1894702090755505,0.7135518913602964,6.504953745936176e-06,2.727796354902559e-07,0.00023438087284528093,0.00012395988509331291,0.0013328748500330428,3.502133678576689e-06,0.0004370400698925897,3.934039622481191e-06,0.0003483473252595688,0.00899221470599746,8.975025508465442e-05,0.00031322382936195363,4.1639011319911004e-05,4.384454545158928e-06,0.0007420759905304187,0.0013050321131752995,0.009744961933602424,5.914711900724443e-08,0.0004896845823984481,0.0005946467759294566,0.0001193989800013475,4.4857625954392606e-08,0.07204996601765536
1,0.20514902193292392,0.7126150106849951,5.866794522850231e-06,2.723224023210074e-07,0.00027075927178734933,9.509601239240337e-05,0.0012196706751368721,3.7858491264258496e-06,0.0007851953758476468,4.225145369479676e-06,0.00028929269376889115,0.0058873653652546576,8.52403596124763e-05,0.00023687942937345693,3.264922795155641e-05,4.860658566732442e-06,0.0007082216461074712,0.0009755044781453115,0.00891571358977035,4.482238619727676e-08,0.00027184287190449923,0.00047565467096431075,9.356511330904004e-05,4.512304568047009e-08,0.06187421588533512
2,0.21251000016351035,0.6400686299856784,5.766447747500438e-06,2.2733921867136368e-07,0.0003113389414605636,7.483346186316714e-05,0.00129387610008278,3.20433623573656e-06,0.0007240300065939952,4.49515659899771e-06,0.000300145470424445,0.005546697506497513,5.649763231818181e-05,0.0003521334415162021,4.6467893260077086e-05,3.0182469395617983e-06,0.0005130546355000836,0.0012484560977167928,0.008487176466716366,6.91419968273562e-08,0.0003638521733166351,0.0007404466672737548,0.00013973176937191788,5.72550982701741e-08,0.12720579366306314
3,0.1922976126878665,0.7126351490682716,5.99727685082616e-06,2.7191582436032306e-07,0.00024400976816223876,9.062227368452704e-05,0.0011121439716289354,2.7794970462312628e-06,0.0004538944962969309,3.2623337675824595e-06,0.00037012603208897576,0.008310635002258551,7.968908291655203e-05,0.00032002962820537915,3.5997411600737916e-05,3.4029548505605624e-06,0.0007357239993011023,0.0013053795163476406,0.007218692888155229,4.199775719646882e-08,0.00040052441673586075,0.0005296648419678049,0.00010661087566006906,4.437522398549743e-08,0.0737376936875304
4,0.16484802031363566,0.7419527168576164,5.628353640248575e-06,2.912180755260169e-07,0.00024999802122335085,9.112983277911323e-05,0.0011314829215227872,2.6355480821272275e-06,0.0004392387577136171,3.105471307955565e-06,0.0004066557886702074,0.01021093330411379,0.00010496949175875633,0.00037321742140700344,3.0178993934101793e-05,3.5423239774991387e-06,0.0008103175057550532,0.0014333263219848114,0.006714456574800105,4.2304155720595386e-08,0.0003857924450825169,0.0005220030782590989,0.000105889772035947,3.986514303054568e-08,0.07017438751332568
5,0.2689272174386243,0.5995879911496188,6.71153243981136e-06,3.972566754792557e-07,0.0002456279612305751,8.653811884254779e-05,0.001233548781702309,3.12619302812843e-06,0.0005041438617117704,4.316955475356432e-06,0.0004069545936050143,0.010300870567990573,8.505254707656792e-05,0.000439361661989997,3.1347827007573076e-05,3.960578786527843e-06,0.0009883130990825635,0.0026784658602639583,0.006037474282549338,6.205819130545178e-08,0.0004620600816231104,0.0005758379502855056,0.00013917774219470217,6.867176112381664e-08,0.10725137322824309
6,0.1922976126878665,0.7126351490682716,5.99727685082616e-06,2.7191582436032306e-07,0.00024400976816223876,9.062227368452704e-05,0.0011121439716289354,2.7794970462312628e-06,0.0004538944962969309,3.2623337675824595e-06,0.00037012603208897576,0.008310635002258551,7.968908291655203e-05,0.00032002962820537915,3.5997411600737916e-05,3.4029548505605624e-06,0.0007357239993011023,0.0013053795163476406,0.007218692888155229,4.199775719646882e-08,0.00040052441673586075,0.0005296648419678049,0.00010661087566006906,4.437522398549743e-08,0.0737376936875304
7,0.19789085109141438,0.7566337124609602,8.405778928406452e-06,1.9693995119961967e-07,0.00018611685377413012,6.357556765109101e-05,0.00075597292090519,2.803133034079484e-06,0.00024064409137151217,1.8857297860709876e-06,0.0003958919427832078,0.007710640502481039,0.00013161506145878418,0.00015791729088340987,2.2571489447408375e-05,2.2622790216643927e-06,0.0005589874996706188,0.0008584265367545244,0.008701595468315176,2.340879976872272e-08,0.0002675922983017361,0.0003390244747674939,4.1802253381437194e-05,2.879467322869418e-08,0.02502745613148429
8,0.2455553576536032,0.5261463963285714,7.400449837331401e-06,3.9001073556823105e-07,0.00029988812019740113,7.120257278550026e-05,0.0011792461148578048,1.7597772682122559e-06,0.0008673312084070275,6.713289016905696e-06,0.0004537143897394786,0.0035514430201645485,3.228998689911165e-05,0.000619654835390233,7.394852645981237e-05,2.487879272679756e-06,0.0005633435799063634,0.0016732388103066112,0.003775001125369448,5.9233826467113045e-08,0.00038201323759607975,0.000753687459978134,0.0001652048752932162,2.1560320867296637e-07,0.21381801191130875
9,0.3051380854790693,0.5790552080675205,1.3405579091557589e-05,5.569545785081568e-07,0.00030071930973001867,0.00010441668566577574,0.0009699908140305237,3.618755816200859e-06,0.0007519835627684954,6.8930024374483576e-06,0.0005733786317730938,0.0055195409776340725,7.249929194789886e-05,0.0005148221849332141,6.0313827733326064e-05,3.7407598107001663e-06,0.0009586691248807209,0.0016799042183848042,0.006974523500809467,7.729602688174431e-08,0.0005071322843993041,0.0008071649400111721,0.0001641890010507421,1.8678642947124973e-07,0.09581897896346694
10,0.1922976126878665,0.7126351490682716,5.99727685082616e-06,2.7191582436032306e-07,0.00024400976816223876,9.062227368452704e-05,0.0011121439716289354,2.7794970462312628e-06,0.0004538944962969309,3.2623337675824595e-06,0.00037012603208897576,0.008310635002258551,7.968908291655203e-05,0.00032002962820537915,3.5997411600737916e-05,3.4029548505605624e-06,0.0007357239993011023,0.0013053795163476406,0.007218692888155229,4.199775719646882e-08,0.00040052441673586075,0.0005296648419678049,0.00010661087566006906,4.437522398549743e-08,0.0737376936875304
11,0.1858798105456812,0.7247889493009398,5.909042755951802e-06,2.7776077099069324e-07,0.00023667344012389421,9.18833062832249e-05,0.0011406005236613342,3.003387987835187e-06,0.0004401543916398672,3.082410443318391e-06,0.00036954415640290194,0.009104118302510896,9.420852761558293e-05,0.0003099171862745921,3.2900033942876355e-05,3.619451464059613e-06,0.0007859214096170055,0.0013226406116733157,0.007486045567924813,4.168220945981789e-08,0.0003801078854327986,0.0005098221901281658,0.00010289731405652203,4.0333009222188965e-08,0.06690783123745048
12,0.11805869801108547,0.7330512875934817,3.679215361513717e-06,2.1511329038445123e-07,0.00043657479111692177,7.88794110728643e-05,0.0008833915443867698,9.354777730610065e-07,0.00033049152039894576,2.0294259011087326e-06,0.00027175125730484636,0.009257830868888586,4.917627204394164e-05,0.0005024335331699243,2.1793871458794195e-05,2.344067308738606e-06,0.0003834225928146899,0.0018156066575113882,0.0033426998457426723,3.942176178202814e-08,0.0003364122623982864,0.0002370654118890234,0.00011764585875888323,2.6895824208159258e-08,0.13081556907925526
13,0.12509981407071408,0.8133462908816218,6.880084993174838e-06,4.587944968390872e-07,0.0003983384191108745,7.9268409022185e-05,0.0008190170675089523,1.8310195388946079e-06,0.00028718495649573126,1.7426821568090663e-06,0.0018882163047128663,0.012928493723378245,0.0001838389599235814,0.00049923105459721,6.131317211166807e-05,3.379858864508043e-06,0.0007359238826835331,0.0009005474052011982,0.006643656285793126,2.3918520505062218e-08,0.0005910155561770037,0.0004289131218408429,0.00015594534173827746,5.736299867836555e-08,0.03493861766579949
14,0.08526608175212332,0.8763645952776495,2.392299411515044e-06,5.6244804759257e-08,0.00015574954522613532,6.149658992447962e-05,0.0004045815749463775,6.966362256543422e-07,8.304503410236437e-05,7.579670530346836e-07,0.00025017088658845204,0.010217538076507814,7.334255310474332e-05,0.00013207888097833514,1.1118457315247937e-05,1.4767788461842588e-06,0.0002287117089686715,0.000486641293029966,0.0076125709649301305,1.0773692301098333e-08,0.00022303625724761795,0.0001405456726993925,2.7585362580747725e-05,6.580018923936959e-09,0.01825571283202457
15,0.1922976126878665,0.7126351490682716,5.99727685082616e-06,2.7191582436032306e-07,0.00024400976816223876,9.062227368452704e-05,0.0011121439716289354,2.7794970462312628e-06,0.0004538944962969309,3.2623337675824595e-06,0.00037012603208897576,0.008310635002258551,7.968908291655203e-05,0.00032002962820537915,3.5997411600737916e-05,3.4029548505605624e-06,0.0007357239993011023,0.0013053795163476406,0.007218692888155229,4.199775719646882e-08,0.00040052441673586075,0.0005296648419678049,0.00010661087566006906,4.437522398549743e-08,0.0737376936875304
16,0.20835343264355766,0.6141944391086128,4.643422087636157e-06,3.0501267665422625e-07,0.00021216595420408697,7.224235757762192e-05,0.0012532602311477843,1.9052278858988051e-06,0.00027061311248754874,5.103832135192893e-06,0.0003815972995941483,0.01721391915540818,6.318217270937884e-05,0.0005821250460887226,2.5627858002137712e-05,3.2083716712888474e-06,0.0008652335508303767,0.003795639727937233,0.005075759402484233,5.6778199193625407e-08,0.0009713141954423722,0.0006994468667064782,0.00011809229530020582,4.247294417456105e-08,0.14583664390430912
17,0.21906629202482308,0.641070996712761,3.742101723388911e-06,2.0251864588163792e-07,0.00019033546474747222,4.57150391569152e-05,0.0009095742507623221,2.444517142035621e-06,0.00024469103836245943,2.20611928329069e-06,0.0002951128057587437,0.020702244950453887,0.00010181749100001868,0.00039987679128886865,1.2996400902880377e-05,2.506191323892945e-06,0.0008645750508978962,0.0034440649683403226,0.006075743639130152,4.464528865328451e-08,0.0004915155625042705,0.000528465783010323,0.00011279852818774944,2.110411710823686e-08,0.10543201630038732
18,0.1732035663205723,0.6096577281719312,2.185327323280015e-06,1.393972778344691e-07,0.00011314356386663363,5.917282216049494e-05,0.0010582780314232253,1.6541027164217522e-06,0.00042527309611205586,3.636397666980062e-06,0.0002056721265590139,0.01256315128683325,5.477326617902957e-05,0.0004595084844470118,1.6003931775969793e-05,2.392516253299027e-06,0.0010495926964218213,0.0028184216011500163,0.004142567190226708,4.6384535689621657e-08,0.00033045055757405955,0.0007659806970530615,0.00011919851884335339,2.822938307761111e-08,0.1929474352817141
19,0.16359675381359529,0.7567939850063691,7.1875039276196035e-06,3.1095146526313225e-07,0.00031311192451822416,7.743327914601078e-05,0.0011527257031894635,3.4048514642405166e-06,0.0003888202762375306,2.6574468196024465e-06,0.00036864881414550336,0.011634201728062463,0.00011804896851625418,0.000320383299877275,2.9011481825285647e-05,3.4633930738751933e-06,0.0007123621646207922,0.001394052684383995,0.007802243109055176,4.080048014334478e-08,0.00037866598689543113,0.0005235480313959913,7.968881326125844e-05,3.176309624256546e-08,0.05429921820457819
20,0.14826381920231577,0.7450755470137918,8.614246734434947e-06,3.829442866750306e-07,0.0002809268196268591,0.00012906437497610696,0.0018957990102712085,4.682167776179982e-06,0.0004933923061149038,4.257142485069579e-06,0.0005904997871358152,0.0076098502237531085,8.300038501019408e-05,0.0003893409925502136,0.00012057602597499091,3.91773130049586e-06,0.0007589678516233486,0.0008538463994095363,0.010734625107355344,5.748629642713114e-08,0.0008019686819393449,0.0011642351840998465,0.00017068910595580028,6.551479790203501e-08,0.08056187429441873
21,0.1959826373253731,0.712488423524741,4.791391403519811e-06,2.229283910604663e-07,0.0002727718020007829,6.139558394908213e-05,0.0006716866968629132,1.6621298603045209e-06,0.00026730608933729,3.1445930593724796e-06,0.0003768416022457017,0.011964868505240932,6.884493557069265e-05,0.0003577116180365928,1.9970371879046027e-05,2.6613067964223776e-06,0.0005336854363904329,0.0017896425985921905,0.0060937573809172,3.6397219728695144e-08,0.000549468105638922,0.0003842016548936115,8.216947172796719e-05,3.2743425255539144e-08,0.0680220658064468
22,0.2735972440683395,0.6301187705286488,9.908347071316759e-06,4.689477818541203e-07,0.0002166744637997289,0.00010341761796988962,0.0010529939280272428,3.604525847913103e-06,0.0003768582803608088,5.080196375769504e-06,0.0005704176812817692,0.011757533298000429,9.818105837190765e-05,0.00041995397021395386,4.020137682372823e-05,4.227434422404044e-06,0.0013180589405370315,0.002254757930802333,0.007405995814612188,5.4824396492250645e-08,0.0007141999429146452,0.0007400906501053251,0.00011888907929395207,7.38372543671233e-08,0.06907234325674663
23,0.1922976126878665,0.7126351490682716,5.99727685082616e-06,2.7191582436032306e-07,0.00024400976816223876,9.062227368452704e-05,0.0011121439716289354,2.7794970462312628e-06,0.0004538944962969309,3.2623337675824595e-06,0.00037012603208897576,0.008310635002258551,7.968908291655203e-05,0.00032002962820537915,3.5997411600737916e-05,3.4029548505605624e-06,0.0007357239993011023,0.0013053795163476406,0.007218692888155229,4.199775719646882e-08,0.00040052441673586075,0.0005296648419678049,0.00010661087566006906,4.437522398549743e-08,0.0737376936875304
24,0.153704729319766,0.7455557835516936,5.659014962086102e-06,4.133664108890177e-07,0.00044420137944565575,8.527558901464729e-05,0.001082634650009051,2.4991909932833177e-06,0.000450395113274347,2.803422282695454e-06,0.0004611094941580224,0.013976284029451565,0.0001306769052853021,0.0005297856358833472,2.4358501830951004e-05,4.6312573345351855e-06,0.0007362514011013131,0.0019518174523844333,0.006049300388343664,4.657692318119221e-08,0.0003936537739883845,0.00039268407094244676,0.00012633939376298608,3.706041922165826e-08,0.0738886294603383
25,0.29611934559297687,0.6127107323745018,8.549219556758042e-06,5.23897358011148e-07,0.0003077228171473093,7.123585911061288e-05,0.001609328880387223,5.9441588550890716e-06,0.00040433518737105397,3.6578098854146964e-06,0.0007183283363147308,0.012969215315321414,0.0001627752575681217,0.00034925025235310126,4.338984057064264e-05,5.350112117856689e-06,0.000985249287995378,0.0021542454012762648,0.011314114235694507,5.3921147393182544e-08,0.0006385138568259687,0.0006483403740026022,0.00013959254988106347,5.229925965628058e-08,0.058630153162521036
26,0.3174769504524168,0.5908465631661468,6.29961009930547e-06,4.2384749645106246e-07,0.00023168692985841595,0.0001028500779925812,0.0009241829198764101,3.5367421211457593e-06,0.0010505941220052362,3.302991825268499e-06,0.0003970937562354458,0.004459831601201786,7.244989426578024e-05,0.00026108172615631626,3.7726566532901786e-05,4.141013040338224e-06,0.0010339531224037054,0.0012330177987755436,0.00512017222851885,4.8578904623542117e-08,0.00023826718951614492,0.0003632944351800506,0.000187774981954766,1.1846900278335212e-07,0.07594463777847259
27,0.1621904348872632,0.7050964192757004,4.857503144113291e-06,2.3830457786626048e-07,0.00023323443713016138,9.370409929971965e-05,0.001474901619434808,2.869228793722932e-06,0.0008220764861546424,4.512686534862093e-06,0.00034390079998379217,0.005626167195103326,5.83336101545298e-05,0.00035483226009911783,5.900059581917858e-05,3.3312508764010513e-06,0.0007144537776949581,0.0009583022667832643,0.006819860366194814,5.165395574542876e-08,0.00033314218786044896,0.0008646404731109305,0.0001318116092889423,6.450403330114584e-08,0.11380885892100778
28,0.1922976126878665,0.7126351490682716,5.99727685082616e-06,2.7191582436032306e-07,0.00024400976816223876,9.062227368452704e-05,0.0011121439716289354,2.7794970462312628e-06,0.0004538944962969309,3.2623337675824595e-06,0.00037012603208897576,0.008310635002258551,7.968908291655203e-05,0.00032002962820537915,3.5997411600737916e-05,3.4029548505605624e-06,0.0007357239993011023,0.0013053795163476406,0.007218692888155229,4.199775719646882e-08,0.00040052441673586075,0.0005296648419678049,0.00010661087566006906,4.437522398549743e-08,0.0737376936875304
29,0.1922976126878665,0.7126351490682716,5.99727685082616e-06,2.7191582436032306e-07,0.00024400976816223876,9.062227368452704e-05,0.0011121439716289354,2.7794970462312628e-06,0.0004538944962969309,3.2623337675824595e-06,0.00037012603208897576,0.008310635002258551,7.968908291655203e-05,0.00032002962820537915,3.5997411600737916e-05,3.4029548505605624e-06,0.0007357239993011023,0.0013053795163476406,0.007218692888155229,4.199775719646882e-08,0.00040052441673586075,0.0005296648419678049,0.00010661087566006906,4.437522398549743e-08,0.0737376936875304
30,0.1922976126878665,0.7126351490682716,5.99727685082616e-06,2.7191582436032306e-07,0.00024400976816223876,9.062227368452704e-05,0.0011121439716289354,2.7794970462312628e-06,0.0004538944962969309,3.2623337675824595e-06,0.00037012603208897576,0.008310635002258551,7.968908291655203e-05,0.00032002962820537915,3.5997411600737916e-05,3.4029548505605624e-06,0.0007357239993011023,0.0013053795163476406,0.007218692888155229,4.199775719646882e-08,0.00040052441673586075,0.0005296648419678049,0.00010661087566006906,4.437522398549743e-08,0.0737376936875304
31,0.039161991013682784,0.8495955965972675,2.6566237191328765e-06,4.847482239522656e-07,0.0003324492250680741,0.00031396622649354624,0.0018744055144182257,7.809949115189039e-07,0.001022686063787698,5.4921915124693175e-06,0.0010527143928785556,0.004689817528184174,4.4397623622381086e-05,0.0010355081665106025,0.00019804743271098244,5.701641547632925e-06,0.000829836845888858,0.00039144500230750415,0.002435219728072436,2.864836096963215e-08,0.0004930572696553097,0.0007448623907566966,0.00023101359431822304,1.1664248291034687e-07,0.09553772389361799
32,0.19099658923256654,0.7156527393912799,6.092358120180634e-06,2.433294327677159e-07,0.00024286750876246748,8.953564854522324e-05,0.0011287971670861838,3.038605146763236e-06,0.000422829198356134,3.1696548085088075e-06,0.0003550403518110191,0.00834658521387739,8.147661637514642e-05,0.00029783263416353163,3.7180437477653285e-05,3.390212148206812e-06,0.0006844024856992412,0.0012052938792007873,0.008732843415078012,4.377561852017616e-08,0.00040435126122959466,0.0005657595644628846,0.00010411797778005514,3.9830446784367574e-08,0.07063574025052653
33,0.19034484382514033,0.7209562981168972,5.451854459229077e-06,2.5832788139286574e-07,0.00020044591049421209,8.550471100297351e-05,0.001163772300834902,3.1260441566242276e-06,0.0004369844612077656,3.1691762602193425e-06,0.00034227633737635025,0.010575075317590419,0.00010762940268212244,0.00031744316740539276,2.61592756879146e-05,3.706880167335388e-06,0.0009421949042531297,0.0015209738939627071,0.007343130638493942,4.0551588510554e-08,0.00033655466940155126,0.0005756123268306914,8.90280837308803e-05,3.545648287368248e-08,0.06462028436601137
34,0.20740685655183916,0.7033643412671288,5.863319264443553e-06,2.328410714734034e-07,0.0002404068158260208,7.604140823766131e-05,0.0009887614898663074,2.7164127879188197e-06,0.0004523260489960696,3.092596722902362e-06,0.00036334229786251867,0.007286957756313594,7.646546764812909e-05,0.0002795566765231704,3.370016257068516e-05,3.000457037959948e-06,0.0006290277602954312,0.0011456369174117193,0.007970810004391584,3.855936751110038e-08,0.000357574256063168,0.0005111223378130083,9.717921698673691e-05,4.3852076256021484e-08,0.06870490552589784
35,0.4423031556024318,0.48732598555876827,3.545419155711974e-06,1.3312537532096377e-07,8.887346446312981e-05,2.5539379486855094e-05,0.0007567389999834746,4.4326053323897326e-06,0.0004137448470519628,2.7994304026165106e-06,0.00012184964024165747,0.007743609548846392,7.12339335373742e-05,0.00010210837000114513,7.153511514069268e-06,2.3481023524147396e-06,0.0008125115244423306,0.002212738017962846,0.006639513786175427,2.6353862306612147e-08,0.00016491185489994343,0.00037746979326274825,3.486324846048584e-05,2.0087807500655995e-08,0.050784693794181796
36,0.1542300359197982,0.7456945276071228,2.876455866620164e-06,2.1015096051286008e-07,0.00010051628912600169,9.791103624455647e-05,0.001975116284643409,7.619986827748342e-06,0.0009356707857478996,2.7915586334795586e-06,0.00016817921379269448,0.015553135460372104,0.00015919131683901289,0.0002436608738421514,2.140386226141154e-05,6.596450000887359e-06,0.002732683690676803,0.0014548268129050933,0.00757161259129272,4.10608232436622e-08,0.0001564671610973168,0.0010859563186806317,9.369481499656992e-05,1.7536822804357988e-08,0.0677052567606253
37,0.4022698038153961,0.5026786958925626,9.679891030644082e-06,4.09750921410696e-07,0.00022130623066211023,5.982959997805879e-05,0.0008894327643415078,2.629753401955568e-06,0.00034175373174200876,3.998396320723131e-06,0.0005071476391860624,0.007944817084871644,7.476181678027544e-05,0.0003276930169283727,2.9566526726884173e-05,3.1315770436737788e-06,0.0007687827638705535,0.0027504458858164677,0.005972112119540199,4.5270621591005464e-08,0.0004354510660443228,0.00041596935975144286,9.320453972529604e-05,1.0468059910271484e-07,0.07419922682613678
38,0.20527510259047554,0.6788553302409928,5.854525294270255e-06,2.807853782817087e-07,0.0002870833640264491,5.5251484436063424e-05,0.0008554757807304667,2.1346573458213257e-06,0.0005941800409605817,3.616603892284553e-06,0.00033901496818915234,0.007185693192096752,6.198198002153215e-05,0.0003930612954824925,2.6912453422776124e-05,2.2664919436750386e-06,0.0006548702583556988,0.0015663692067052963,0.004761198040222132,3.865154962159523e-08,0.0003184817035171585,0.000548611899853944,9.052638532354112e-05,5.463930662654709e-08,0.09811660876047702
39,0.1954215189699776,0.6615716944673848,5.8956866861906175e-06,3.7086583331246734e-07,0.00022849421518406762,0.00014763176274590526,0.0021011544762363416,5.475743136621933e-06,0.0004624606056239433,3.880872446289448e-06,0.0003184493949513607,0.012241131613758031,0.00010144553803070644,0.00033968235644596807,4.861080951479688e-05,6.276763657082146e-06,0.0011661394052257493,0.001834523392209169,0.010475831533574754,7.241913680678296e-08,0.0006948443720990677,0.0007473194991113746,0.00020196315941971532,3.585467512319513e-08,0.11187509622293537
40,0.09195176031882817,0.8435534162424466,8.208490036962838e-06,1.0189104791477918e-07,0.0003180735338980118,7.079202582246451e-05,0.0005662396053457061,1.0764864980939344e-06,0.00016233754704288303,1.7702384878437905e-06,0.00023767103371157865,0.007606856159325191,4.540134681668768e-05,0.0002665617975308012,3.238247739947118e-05,1.2792678875889372e-06,0.00024092197409429904,0.0006425192938393664,0.0074642499653375,2.664853302349406e-08,0.0003133260825954543,0.0004512460326076894,3.4364567781524255e-05,2.0017270175189035e-08,0.04602939695581514
41,0.1329591045740692,0.8043749650123433,4.960592756531212e-06,2.4717991356887264e-07,0.0002708938837583847,8.589085194921814e-05,0.0008047280739876807,2.047054437069053e-06,0.0006328118000309698,2.412773730884779e-06,0.00026472119428950727,0.0049838548985734026,6.807043015674238e-05,0.00023632781138662747,2.642217425808184e-05,2.747930883118618e-06,0.0005767602946517183,0.0006897799926078097,0.004337523050566071,2.4829466379164852e-08,0.00020380224456866079,0.00029258862459783134,7.106181580507751e-05,3.566276555156984e-08,0.04910821724844656
42,0.16955841467131008,0.7469728694494576,1.0082257703765777e-05,1.6476888534015572e-07,0.00017852571524784176,7.876174192102525e-05,0.0012165653745045278,9.34724326727626e-06,0.0003401318091787303,3.849039256118883e-06,0.0002745663420486359,0.011323337318113776,0.00011542781630396628,0.00017925666604857424,4.984470280124357e-05,3.282465654280993e-06,0.0008174362508105993,0.000629662401538897,0.029694048426177677,5.639642840427013e-08,0.0006319992828959562,0.0019466217580256298,6.385617104382402e-05,2.166664494730081e-08,0.035901870264731274
43,0.22221434611232127,0.6342559178821339,7.663916785988843e-06,3.6378430161621475e-07,0.00028293158744459014,0.00014358093817186453,0.0016058046473804374,4.751021283550219e-06,0.0011631222976838317,1.3165813492225758e-05,0.0003276841712166444,0.004496092779921921,5.8693073355346085e-05,0.0004270846571630589,6.274892883805405e-05,5.334689627571218e-06,0.0008380269951196659,0.0011721401428277242,0.010075986870787722,1.1492813702473332e-07,0.0005823791883916686,0.0012542668015453685,0.0001598766932218164,1.0151974469698206e-07,0.12084782055910226
44,0.1922976126878665,0.7126351490682716,5.99727685082616e-06,2.7191582436032306e-07,0.00024400976816223876,9.062227368452704e-05,0.0011121439716289354,2.7794970462312628e-06,0.0004538944962969309,3.2623337675824595e-06,0.00037012603208897576,0.008310635002258551,7.968908291655203e-05,0.00032002962820537915,3.5997411600737916e-05,3.4029548505605624e-06,0.0007357239993011023,0.0013053795163476406,0.007218692888155229,4.199775719646882e-08,0.00040052441673586075,0.0005296648419678049,0.00010661087566006906,4.437522398549743e-08,0.0737376936875304
45,0.19940739072459374,0.716294020372276,1.1100648252411696e-05,4.873526985925588e-07,0.00028407527137987236,0.0002038487560529359,0.0031281250946792534,9.183512628452875e-06,0.0006401302260539861,4.322794331866837e-06,0.00048090986356507753,0.00619049468510194,0.00011603049965580127,0.0002376283595444495,0.0001461068376895148,8.472705402701857e-06,0.0009045973254082713,0.0008067508536715071,0.015585517583111214,6.513197685530757e-08,0.0005014473571640202,0.0007874335882991738,0.00014696912310653896,6.679037919582498e-08,0.05410482454297667
46,0.31016947538398404,0.613671448590699,8.183841095434921e-06,7.885750880222868e-07,8.632418579308463e-05,0.00024550398324121235,0.0010759716781706618,8.002845309625542e-06,0.0004607654554860153,3.592171286850071e-06,0.0005256935839072501,0.02013871193027321,0.000204708447108763,0.00028244024731503267,3.137241915820516e-05,9.596851783867917e-06,0.005729593007937523,0.002534029087081652,0.006556377408643045,5.2417862162480556e-08,0.0005793478261416915,0.000635878481916752,0.00018489837121313268,7.360358924465757e-08,0.03685716960591443
47,0.1806662641993224,0.7175785221266183,7.599845599324655e-06,4.6025722717506617e-07,0.0003670122397919256,0.00012191690235390158,0.0012597211238741326,2.8338728652540987e-06,0.0005530779049401694,3.63159670315647e-06,0.0005424947182330412,0.007722866985614213,9.06314274011472e-05,0.00045992176526685067,5.1419440674355185e-05,4.396007319037283e-06,0.0007849622926916058,0.001348238403168968,0.006542917060085211,4.9553066605418495e-08,0.000486503258226829,0.00048330161500964575,0.00016494935446203338,6.60702884495279e-08,0.08075624197919642
48,0.18152168760022214,0.7770764768272173,4.402021993866137e-06,1.5112772186199446e-07,5.4406620678694036e-05,0.00018197814326428052,0.0011731424334454536,8.965492217397903e-06,0.00027852621244889324,1.314069814174946e-06,0.0001607122061878295,0.0084190805441954,0.00018161058684328405,5.444057606313397e-05,2.0640593114955098e-05,5.669648276024683e-06,0.0016179189061450113,0.0004483899130512711,0.016313502180028094,2.0224132572343182e-08,0.00019950509991178077,0.0002934804337676638,5.0411307757360566e-05,1.0361702679175745e-08,0.011933556869798915
49,0.1345001938821697,0.7783501894006446,8.246667462283078e-06,2.1461302330267565e-07,0.00020426710336326264,0.00011271170655359818,0.0009407367115777321,2.2985583194572606e-06,0.00027747194857893296,3.203899655293595e-06,0.0003017907491688518,0.012687418621224677,8.184334342176163e-05,0.00035936004238076754,3.174063492240865e-05,2.583571727283508e-06,0.0008017561788185213,0.001383520269549469,0.007397461478453448,4.760227241329075e-08,0.0004673289069355909,0.0007462382735194297,6.538747869351328e-05,3.284340119242838e-08,0.06127395551416259
50,0.2330727909501014,0.5035808326184915,3.187346622778398e-06,1.0489933789358128e-07,0.00019683475101193434,3.1308341285915e-05,0.002944528868307224,3.911623743261801e-06,0.0006920232952735997,8.314254136264437e-06,0.00013741925441457996,0.003781423188361885,4.066931990136642e-05,0.000250201970406158,3.542577482607207e-05,2.7648618880209147e-06,0.00031164529418750844,0.0014885915756466875,0.01205070847889327,6.50030165747761e-08,0.00026760465305125864,0.0012385031270785323,6.59055114780062e-05,2.8922661151523737e-08,0.23979520611587726
51,0.16299721633601535,0.7763518406724954,6.074015555907845e-06,3.0986205595313096e-07,0.0002395464750632942,6.936599225857698e-05,0.0008298414671460539,2.419799632803379e-06,0.0004928604611572618,2.8042672390042816e-06,0.000365334066207027,0.007110202678223611,8.372018726763497e-05,0.0002786537993541471,2.6981903986162366e-05,2.5405882766487744e-06,0.0007116508549125547,0.0009690763857175778,0.004574634677030658,2.495810689726623e-08,0.0003002129707252207,0.00041678131568890706,6.272024644724523e-05,4.2605198425574843e-08,0.04410514341423748
52,0.5551509756496578,0.3413627053508505,1.577034012346073e-05,1.3055274962137499e-06,0.0002820952549922514,0.0001253752006308237,0.0014227160933251992,4.412068346115075e-06,0.0007279540636654124,1.260013313986738e-05,0.0010736314625123431,0.007829388990444731,0.0001509961338067279,0.0006814781455391651,4.026779816310257e-05,1.0577557118426152e-05,0.0017101554542702608,0.0060687809332932085,0.0054956794092017175,1.2960700807712251e-07,0.0004328121743788469,0.0005802516509380337,0.00016802422456634763,3.615551587945547e-07,0.07665155522137271
53,0.15292218482460435,0.5944775298376018,3.426587479680574e-06,5.724883757854516e-07,0.0003083011567456327,0.00014394202137819095,0.006432571255952944,5.954883441331234e-06,0.0013368299332330456,5.275835724282516e-06,0.0004512577860112842,0.006446368744932582,0.00010039989253295179,0.0005339746751667521,0.00011271850704505162,9.644839496010503e-06,0.0010001288961952956,0.0017545277878424843,0.006401976366471608,8.795522701904822e-08,0.0004158279957276586,0.0008120728397128639,0.0003786128475538054,7.332437995422526e-08,0.22594573871716764
54,0.18309646465551832,0.7211745448387883,5.410383276472578e-06,2.4540363030283154e-07,0.00023170353996464425,8.700527215368732e-05,0.0010919315149018197,2.599088116887958e-06,0.0004485159234120109,3.1452685626955245e-06,0.0003400520423984885,0.008278276923372265,7.579379273050676e-05,0.0003116937502125104,3.3576989247735836e-05,3.2480622128783816e-06,0.0007117369043890113,0.0012694523221137154,0.006914799744206972,3.9621493797356506e-08,0.0003746675174239133,0.0005180038786776546,0.0001004544170694192,4.025692419676693e-08,0.07492659788920158
55,0.34047658661722685,0.5402829826164387,4.195529388100239e-05,1.6586718912836822e-06,0.00039533965521939716,0.000670518010191209,0.002600399456883089,1.781084638504204e-05,0.0009029312202324868,1.827350565668081e-05,0.001679812497386373,0.003215486714808514,0.00014921134001776967,0.0007155719875328091,0.0004938121231259083,1.4393691859450243e-05,0.0018292745852958247,0.0007745142343527726,0.033684247206772454,2.4791116967883307e-07,0.0018703981256623953,0.002598741484780865,0.0007516474320513743,4.3635481219051534e-07,0.06681374841636588
56,0.18055573637510133,0.7287570219254225,5.882287973540391e-06,2.711233760116513e-07,0.00024330727343335233,8.803595723816885e-05,0.0011230392203701789,2.798467967629311e-06,0.00044860059878889456,3.1169287916891736e-06,0.0003754788834294533,0.008900251952910714,9.252377931726801e-05,0.0003221996437074185,3.275577843641952e-05,3.435243772916872e-06,0.0007487060642324777,0.0013232601924244756,0.0071067655194759745,4.1239476036846114e-08,0.0003659339447493512,0.0005133574583245671,9.900323850915244e-05,4.1256266241837635e-08,0.06888843564650422
57,0.15209505225002692,0.7643423591991451,6.975185360295074e-06,1.3000604220747495e-07,0.00023530062272584558,6.706447322302136e-05,0.0008647023159281236,3.689216337022613e-06,0.00019822667780037366,2.2276314932116615e-06,0.00024630017812658236,0.016454293362586817,9.717104775903424e-05,0.0002056388798349275,2.459971100086211e-05,2.717196159537357e-06,0.000541260964001823,0.0010453500983333866,0.018099922063616544,4.2492902400152814e-08,0.0005427841678665565,0.000783586275130432,5.668103162858108e-05,1.3795520362809008e-08,0.0440839111574502
58,0.2138743276143884,0.6895593176709585,7.064251509100352e-06,3.102999315451729e-07,0.0002398187758596365,9.612713962817561e-05,0.0011655357523752238,2.9731586897813533e-06,0.0005075907715926115,3.7957110448573e-06,0.0004333740567625425,0.007582973509896717,8.10255631441016e-05,0.00033551358125499337,4.445893289323397e-05,3.5825432553201284e-06,0.0007831045107428834,0.001329607922857218,0.007301052314995327,4.708077517508926e-08,0.0004062790117034523,0.0005946876879208073,0.00011316394433629837,6.592333830159406e-08,0.07553420227014578
59,0.21735878088404414,0.6805251851997903,7.868300612441449e-06,3.4045748608169893e-07,0.00026119772512356304,9.927787741414743e-05,0.0011348141808664078,2.9441342392196527e-06,0.0005411413159431545,4.226154780358958e-06,0.00046249218543515785,0.007163970029542714,7.31619156423367e-05,0.0003636293826173792,5.1283582674765726e-05,3.605636943878872e-06,0.0007880613741695731,0.0013271024190636429,0.007232084159827894,5.0668989687531464e-08,0.0004428812174773169,0.000635429941008374,0.0001222331015482055,8.006537559321155e-08,0.08139815808938371
60,0.1922976126878665,0.7126351490682716,5.99727685082616e-06,2.7191582436032306e-07,0.00024400976816223876,9.062227368452704e-05,0.0011121439716289354,2.7794970462312628e-06,0.0004538944962969309,3.2623337675824595e-06,0.00037012603208897576,0.008310635002258551,7.968908291655203e-05,0.00032002962820537915,3.5997411600737916e-05,3.4029548505605624e-06,0.0007357239993011023,0.0013053795163476406,0.007218692888155229,4.199775719646882e-08,0.00040052441673586075,0.0005296648419678049,0.00010661087566006906,4.437522398549743e-08,0.0737376936875304
61,0.22974046244511284,0.6768567177540799,8.581709120986714e-06,3.4191765168648657e-07,0.0002547716802664868,9.863937321070406e-05,0.0010605352679840911,3.1267423204518043e-06,0.0004787305065127464,3.9369131883435925e-06,0.0004441763970105117,0.007463943727768052,7.726462691402668e-05,0.00033789254194758486,4.63753636025259e-05,3.4696026293750957e-06,0.0007950488096385471,0.001371899249169044,0.007526108124260898,4.916110969971141e-08,0.00045193677834357796,0.0005964446203622739,0.00011283417677426019,7.142909446575763e-08,0.07226664108192704
62,0.1922976126878665,0.7126351490682716,5.99727685082616e-06,2.7191582436032306e-07,0.00024400976816223876,9.062227368452704e-05,0.0011121439716289354,2.7794970462312628e-06,0.0004538944962969309,3.2623337675824595e-06,0.00037012603208897576,0.008310635002258551,7.968908291655203e-05,0.00032002962820537915,3.5997411600737916e-05,3.4029548505605624e-06,0.0007357239993011023,0.0013053795163476406,0.007218692888155229,4.199775719646882e-08,0.00040052441673586075,0.0005296648419678049,0.00010661087566006906,4.437522398549743e-08,0.0737376936875304
63,0.18266815521842017,0.7276313344378923,5.535558485077207e-06,2.4009258374232334e-07,0.00023012738896784199,8.410060367676943e-05,0.0010438773784629284,2.5581721452933156e-06,0.0004386298274868924,3.0193974111997413e-06,0.000342459388556736,0.007904531647905756,7.49413430174304e-05,0.00029338771569726446,3.3534762403146116e-05,3.0590366928573023e-06,0.0006802560093110767,0.0011839621998577636,0.006840866448734097,3.726101862388285e-08,0.0003660833311952823,0.0004998457558208774,9.429716928007944e-05,4.025097862304193e-08,0.0695751196039983
64,0.1892538677967179,0.7168014298382815,6.732462789502486e-06,2.936502136956661e-07,0.0002634456835488985,9.324285520177086e-05,0.0011250199397711159,2.9779515013084473e-06,0.0004010509772473317,3.49905270932356e-06,0.0003946098757968663,0.008405225909174283,7.365990798673012e-05,0.0003109952649801065,4.221677098763618e-05,3.234827464588585e-06,0.0006622546850979145,0.0012199742971944036,0.008010668060646042,4.54131968188159e-08,0.0005778729070215192,0.0005649164231179653,0.00011370429989580096,4.5985949381202605e-08,0.07166901516350799
65,0.18450029467867268,0.7233297922514719,6.580135358051933e-06,2.8578143198829836e-07,0.00024817357442431646,9.999031633727267e-05,0.0011288749499382923,2.8199791991138003e-06,0.00044544680008700636,3.272311005817612e-06,0.00038953043235866755,0.007978434992636042,7.923743980268913e-05,0.0003233701776759634,4.127585842387387e-05,3.3987942766631886e-06,0.0007378809058261561,0.0012031232260359182,0.007352906254087085,4.259595625224475e-08,0.00042574264071378384,0.0005428940016852671,0.00010992487399347183,4.728518919443907e-08,0.07104665974341261
66,0.16330535490857975,0.7384635589226668,1.254364698944251e-05,7.274141423794826e-07,0.0006762839047613334,6.498207452193125e-05,0.0006979851547714318,1.361177469238514e-06,0.00032120480623991577,6.646690340885347e-06,0.0008590758095468613,0.015454943343473138,0.00010944226693584424,0.0009835276481123586,2.4356552544724542e-05,3.7992861668709593e-06,0.0007667469217031626,0.0029107979027929174,0.0038311561487567123,3.9230055548479544e-08,0.000784552503589856,0.0005600463374934586,6.752434014885728e-05,7.442998498495097e-08,0.07009326857821158
67,0.13982858020695008,0.6866691269191065,6.286253914183103e-06,3.6095313537840996e-07,0.0001854122637816276,0.00027806990711852915,0.0013777533163351267,1.721724250263476e-06,0.00031704333180126944,4.213851359765796e-06,0.000568083834223459,0.013236379620275794,8.312182137915044e-05,0.0008343824754048577,6.014401185101838e-05,4.3845576454579855e-06,0.001341552032169011,0.0022936120809369195,0.005657637548347749,9.36223238177804e-08,0.000798224886168855,0.0007341550853345733,0.0002885861766999286,8.303408101418106e-08,0.1454309904854057
68,0.19493831085030908,0.7086883671157352,6.10126768925445e-06,2.822699217329266e-07,0.00024313390806335593,9.207555840586365e-05,0.0011435493145569204,2.8774759002783048e-06,0.0004456919856693232,3.239997766486245e-06,0.000374747409379838,0.008843817993132603,8.523136694644068e-05,0.0003281857793727705,3.482788226656422e-05,3.5131280145167677e-06,0.000768893822317117,0.001406847387050032,0.007277285910186422,4.3497215731626106e-08,0.00040980627821390593,0.0005257128737743407,0.0001094655198483634,4.3418062314471416e-08,0.07426794799020131
69,0.19790984262331238,0.7088494890621467,7.674274766503584e-06,2.628046839711842e-07,0.00019112747518972158,0.00014208527463908002,0.0011786824752925678,3.2864632351411e-06,0.00026626981299011844,3.4213269285242444e-06,0.0004726141287575013,0.013018240312639108,0.00011510220252064602,0.00035236251235810267,3.9768039562855876e-05,3.937042937160078e-06,0.000927873452637494,0.001563856521616386,0.012006135283476103,6.450116861779189e-08,0.0006943929419036191,0.0006834417358352675,0.0001319239878556412,4.202768967645225e-08,0.06143810371585708
70,0.16026619602603231,0.6960606920832432,8.80085591082341e-06,1.4844820432393219e-06,0.0005102536431834221,0.00031891683243717825,0.0020946569319449954,4.731647512932614e-06,0.0015646493257696096,6.70823009052991e-06,0.0005035451903348979,0.012595655021979455,0.00019053597280488537,0.0010078257619735684,3.946730139546325e-05,1.5720199126028487e-05,0.0026049867532533604,0.003221749303622331,0.0038729769203828513,1.222228951745006e-07,0.000381629677880448,0.00045363643175761457,0.0003336178735643408,1.1456969992774359e-07,0.11394132674116124
71,0.2515140869268602,0.6419614594704579,1.5525331187034783e-06,1.7582004792250732e-07,0.0003014206932710721,2.4533715225658166e-05,0.0007658808020207739,1.9768941576065285e-06,0.0006486330725343,2.1865005331418745e-06,0.00029527953819707194,0.009208767411088734,6.548916884537564e-05,0.00024003690049787682,1.287828605535081e-05,3.590275634567671e-06,0.0004986035285311248,0.0017252278114878302,0.004178100867094881,2.3185531701120755e-08,0.0001993782055982419,0.000252552565755815,0.00010111530907188084,2.5764867527335995e-08,0.08799702475351467
