,0,1,2,3,4,5,6,7,8,9,10,11,12,13,14,15,16,17,18,19,20,21,22,23,24
0,8.277021218474393e-09,2.1996893547927098e-05,1.0283689484663419e-05,0.006222925773801069,5.64148092049273e-07,1.3863543854057849e-06,9.88738378084831e-05,2.4832254316723864e-05,1.7941811995468714e-08,0.0003009037270329937,3.7915013602611986e-06,3.0443693636154863e-06,0.010765551434786335,2.9724781694646194e-06,2.8257241061434547e-11,6.870925599506395e-06,1.1715326817702597e-08,0.0002598301418819013,7.080445052100127e-09,0.9822626901465686,1.2218851459783733e-08,1.946809883700472e-07,9.463754579867858e-06,3.754823384088001e-06,1.1803134778607893e-08
1,5.6338075054638464e-09,1.0097358194513748e-05,8.72208442776627e-06,0.002457666786260053,3.7646691668658767e-07,1.924831299792671e-06,8.731478904424778e-05,1.3881880702729611e-05,2.026368985201888e-08,0.00017009260583749136,3.764347672355213e-06,1.695336178240738e-06,0.007808678577232399,1.4338544382269812e-06,1.83496598020433e-11,7.452006844895712e-06,3.530261146439709e-09,0.0001217473541570041,5.285412799175351e-09,0.9892987360899026,3.945263501694342e-09,9.450282204558128e-08,4.413893490662663e-06,1.8645005631960332e-06,4.057230424917924e-09
2,5.775861610015798e-09,1.2148488081337993e-05,1.582117678353867e-05,0.004129040393234998,8.165513200002824e-07,2.73421478384521e-06,9.764145444468247e-05,2.098535979988459e-05,3.508432979882705e-08,0.000278732101016683,6.417629477270289e-06,2.023401450597295e-06,0.011910753890236665,1.5491680889592144e-06,1.5675726996628105e-11,5.759809547169679e-06,3.99877439172887e-09,0.00020805360548722861,5.451029085289404e-09,0.9833001847320944,5.252311425685611e-09,7.74186411039564e-08,3.735417302306736e-06,3.4656575056277374e-06,3.9527217026015894e-09
3,5.480937392079912e-09,1.0633113295105918e-05,8.683323206882688e-06,0.002543011114926339,3.8152880760837476e-07,1.8771537822637693e-06,8.649866226242662e-05,1.3589826032905813e-05,1.9507157535354496e-08,0.0001705048695544689,3.7391199214728816e-06,1.7004689149227903e-06,0.008274965434192042,1.4769364791063883e-06,1.773198935847276e-11,7.003274195413768e-06,3.574516292466961e-09,0.00012710561293566622,5.031819835900398e-09,0.9887422221629112,3.862231923768673e-09,9.407689592619091e-08,4.5492778236217556e-06,1.9224937571648592e-06,4.075710338781169e-09
4,5.6400076485773514e-09,1.1281550571105163e-05,9.051240329443665e-06,0.002636886230219182,4.090955500186697e-07,1.942469676569692e-06,8.903115588296819e-05,1.3640270467084011e-05,2.0378509330209887e-08,0.00017590560564091336,3.851437922819641e-06,1.7742508585987167e-06,0.008987148704022972,1.5916806799410767e-06,1.848096793143079e-11,7.0479602966040786e-06,3.6842531175870155e-09,0.0001289267521608683,5.225441840157921e-09,0.9879247345210718,3.908959513205092e-09,9.7028691343387e-08,4.657895353854167e-06,1.9791037639898643e-06,4.191187357141062e-09
5,5.232165488998885e-09,1.060737708636486e-05,8.435924846171255e-06,0.002587168573723446,3.7054227898066233e-07,1.789450147822098e-06,8.502633840838403e-05,1.35894590305767e-05,1.8801078160515462e-08,0.00017164836048625426,3.6226706169509603e-06,1.6392533745663734e-06,0.008199400245482078,1.4335723774123593e-06,1.679185876106113e-11,6.719224980360707e-06,3.508459201976824e-09,0.00012754422181382363,4.853361086627165e-09,0.9887744744127626,3.811260620223852e-09,9.140288795314778e-08,4.4790014079899074e-06,1.9197291901009035e-06,4.0159820198853874e-09
6,5.480937392079912e-09,1.0633113295105918e-05,8.683323206882688e-06,0.002543011114926339,3.8152880760837476e-07,1.8771537822637693e-06,8.649866226242662e-05,1.3589826032905813e-05,1.9507157535354496e-08,0.0001705048695544689,3.7391199214728816e-06,1.7004689149227903e-06,0.008274965434192042,1.4769364791063883e-06,1.773198935847276e-11,7.003274195413768e-06,3.574516292466961e-09,0.00012710561293566622,5.031819835900398e-09,0.9887422221629112,3.862231923768673e-09,9.407689592619091e-08,4.5492778236217556e-06,1.9224937571648592e-06,4.075710338781169e-09
7,5.555887326889888e-09,8.42858138458325e-06,7.885159304842582e-06,0.0025052967259453886,4.060938305322752e-07,2.447903522322901e-06,8.559680405596825e-05,1.5012225844238223e-05,1.726725034073859e-08,0.00018395445259885925,4.13936478698168e-06,2.0519576512090713e-06,0.005609403671604914,1.5177006258978119e-06,2.388075094740577e-11,1.0414796888544524e-05,4.20612718084506e-09,0.00014012733635093772,5.549411265401266e-09,0.9914148793368469,6.361120299002428e-09,1.1341095259015196e-07,6.472117634805191e-06,1.808711305465078e-06,4.6851877052129085e-09
8,5.378903342531254e-09,1.115672181515907e-05,9.600381321842906e-06,0.0028989469535717237,4.0461948966260135e-07,1.6129613830011317e-06,8.715773492124244e-05,1.4599319603649602e-05,1.977810985307968e-08,0.00018103179579326072,3.3652637961415762e-06,1.7301356384851594e-06,0.009097337357709342,1.559570117639331e-06,1.7707972224868337e-11,6.94273296943188e-06,3.809132844831113e-09,0.00011345270817448589,5.0079601904836665e-09,0.9875642555532604,3.868746925690766e-09,8.680675889663872e-08,4.609134442510972e-06,2.107779552184236e-06,4.609119820807519e-09
9,5.350972682084758e-09,1.0941118053119622e-05,9.93210774889306e-06,0.002938337012568985,4.042953018173839e-07,1.5702938711865217e-06,8.815152720442635e-05,1.4635281069519657e-05,2.0279598245302936e-08,0.00017537903290454362,3.4359720562524002e-06,1.685891937266153e-06,0.009235201707937681,1.5195828127946591e-06,1.7032724952552782e-11,6.622968545106954e-06,3.665779833442801e-09,0.00011268957150938844,4.91524186942756e-09,0.9873928435047145,3.716898748255639e-09,8.065229571597624e-08,4.3762095567021e-06,2.1508482857033558e-06,4.476102360110014e-09
10,5.480937392079912e-09,1.0633113295105918e-05,8.683323206882688e-06,0.002543011114926339,3.8152880760837476e-07,1.8771537822637693e-06,8.649866226242662e-05,1.3589826032905813e-05,1.9507157535354496e-08,0.0001705048695544689,3.7391199214728816e-06,1.7004689149227903e-06,0.008274965434192042,1.4769364791063883e-06,1.773198935847276e-11,7.003274195413768e-06,3.574516292466961e-09,0.00012710561293566622,5.031819835900398e-09,0.9887422221629112,3.862231923768673e-09,9.407689592619091e-08,4.5492778236217556e-06,1.9224937571648592e-06,4.075710338781169e-09
11,5.581904428397845e-09,1.0883901823686904e-05,8.747504084034941e-06,0.002562551489751946,3.8644847646254585e-07,1.872597160108443e-06,8.707832625491052e-05,1.3662402106394682e-05,1.9687178334210306e-08,0.00017154000468856155,3.752768342525376e-06,1.7258462669483173e-06,0.00854504000864647,1.4989047647836468e-06,1.7882431569458038e-11,6.968610852522981e-06,3.6538135333779455e-09,0.0001281909874600395,5.092980090897168e-09,0.9884494278015661,3.844707832691727e-09,9.54894189628417e-08,4.5812776110551925e-06,1.953639921133394e-06,4.112336667977299e-09
12,6.256227994207858e-09,4.5135300809140975e-06,1.5666242919341938e-05,0.0021941425015554283,2.1622083480824603e-07,8.800960401884092e-07,0.00010034404902571425,2.409168192114571e-05,4.355691031841872e-08,0.00011317371004223215,2.851405870650298e-06,1.0245561689278839e-06,0.004225414838258878,5.812248452330617e-07,1.4557462191442756e-11,5.93749072089894e-06,2.5786365929563795e-09,5.4507854646179495e-05,5.919104570591609e-09,0.9932529607414436,2.80639297783445e-09,3.959383645372265e-08,1.546160296961582e-06,2.0427967924897057e-06,4.172869929473006e-09
13,5.301573995559829e-09,1.0580532147601495e-05,8.083553897385817e-06,0.0024647074255040196,3.5536492423963483e-07,1.8515815395711133e-06,8.668908770335561e-05,1.3436075818499389e-05,1.8421301176984202e-08,0.00017717387470581736,3.5499942874644985e-06,1.5526792358914725e-06,0.007690024605568624,1.3440893011562386e-06,1.7137177058361557e-11,7.166542217287059e-06,3.4555929552498434e-09,0.0001277424689937574,4.796894190520578e-09,0.989399039815175,3.80105106729485e-09,9.267889562030968e-08,4.6062368899696625e-06,1.9635227103945754e-06,4.076933851355055e-09
14,1.0929070065310158e-08,3.9785555883856284e-06,1.2455859556382297e-05,0.0018118184025689098,1.890116309460271e-07,8.648256716570584e-07,9.822380478250858e-05,1.8938566605373735e-05,1.5332588453989718e-08,6.124497965769356e-05,2.7117173800895824e-06,3.016621998132017e-06,0.003608903989410861,1.2211011760368056e-06,2.294649462002006e-11,8.24876077399855e-06,5.93609022556401e-09,8.93640841242586e-05,5.00379673672029e-09,0.9942716735652476,4.4991620274622076e-09,1.0058068703151432e-07,5.165724532629675e-06,1.8318735822050564e-06,6.2513711891938515e-09
15,5.480937392079912e-09,1.0633113295105918e-05,8.683323206882688e-06,0.002543011114926339,3.8152880760837476e-07,1.8771537822637693e-06,8.649866226242662e-05,1.3589826032905813e-05,1.9507157535354496e-08,0.0001705048695544689,3.7391199214728816e-06,1.7004689149227903e-06,0.008274965434192042,1.4769364791063883e-06,1.773198935847276e-11,7.003274195413768e-06,3.574516292466961e-09,0.00012710561293566622,5.031819835900398e-09,0.9887422221629112,3.862231923768673e-09,9.407689592619091e-08,4.5492778236217556e-06,1.9224937571648592e-06,4.075710338781169e-09
16,5.6201092817923826e-09,1.0652010299492662e-05,8.982696319826907e-06,0.0025143711713250497,3.886653157149023e-07,1.9007162172878372e-06,8.81298788948888e-05,1.348570894200634e-05,1.9947217726729228e-08,0.00016678065605311255,3.8083159794210466e-06,1.7305868180351381e-06,0.00851237748512142,1.4948065304461334e-06,1.8105693977547444e-11,7.04531351633549e-06,3.59750876910299e-09,0.00012628383269969496,5.046137762130635e-09,0.9885358562891337,3.7604524881409834e-09,9.355763141761846e-08,4.608846103802634e-06,1.9673834464443034e-06,4.090120331131575e-09
17,6.0668025050743764e-09,8.587965306763825e-06,9.039574404928845e-06,0.0021149651633097367,3.8486647951362497e-07,2.2578825593148417e-06,8.814808845053684e-05,1.5059846892154267e-05,2.2802066941311237e-08,0.00016506990162464455,4.303395008354202e-06,1.6785452051189493e-06,0.006429770404851259,1.2010104719459564e-06,2.0515350732109544e-11,8.799636728084063e-06,3.677326938897246e-09,0.00012084219777652037,5.9256639238083334e-09,0.9910234952796569,4.1890561202127795e-09,9.548748531498774e-08,4.339040902735756e-06,1.9151937971751932e-06,3.837656888259413e-09
18,4.287168568817014e-09,8.625744740862327e-06,9.29792866917614e-06,0.0025485017765706887,4.516855435715577e-07,2.3422063955296055e-06,8.465904400651042e-05,1.164891738194105e-05,2.0824311717532944e-08,0.0001603042879142209,4.230055830279811e-06,1.4950948308435461e-06,0.007605050720102138,1.5300344413288574e-06,1.786524366391482e-11,8.28053636865591e-06,2.5906054355972873e-09,9.846684817278327e-05,4.993123161824019e-09,0.989449111837695,3.777927079018081e-09,6.887041934316835e-08,4.331688320659062e-06,1.5629661058030544e-06,3.265489371164509e-09
19,5.500209461492161e-09,1.0344284291729443e-05,8.292064677832937e-06,0.0024495322338233976,3.5719727637354086e-07,1.8693044766341748e-06,8.654557156944282e-05,1.3346596075978064e-05,1.883880285228873e-08,0.00016610538244174415,3.702797579701942e-06,1.6505110224514657e-06,0.007761489026332609,1.4208584915934437e-06,1.772515466671088e-11,7.097165604005899e-06,3.5091473874268493e-09,0.00012773042030992738,4.948248067460942e-09,0.989353913528349,3.861265423402678e-09,9.442898910502204e-08,4.591210388529372e-06,1.8766926618384226e-06,4.050239730066441e-09
20,5.571171321066056e-09,9.483603127391755e-06,8.653810183436044e-06,0.0023098410478920943,3.5596260286770154e-07,2.1975873125987926e-06,9.089991183651391e-05,1.1881658261672444e-05,1.9248776280471105e-08,0.00015777288360105908,4.129319742510511e-06,1.5359280346762425e-06,0.006989916640343303,1.391096325542089e-06,1.7755312635170483e-11,7.671254630453468e-06,2.9737373360047973e-09,0.00012519479737091094,4.681078725879058e-09,0.9902726782707555,3.748959710702998e-09,8.42955747461792e-08,4.493220860286413e-06,1.778681448701851e-06,3.7886168890165175e-09
21,7.580353050857626e-09,1.3926405155193398e-05,1.3440104424371248e-05,0.0029721753437818763,5.643273388701426e-07,2.2119029727667234e-06,0.00010231005557581988,2.383649088319481e-05,3.8863729166881524e-08,0.00022918381401583815,4.948219270958299e-06,1.942863277123219e-06,0.008892086653017738,1.4905952885616894e-06,2.9147966440540076e-11,7.698707420992282e-06,6.576667978829393e-09,0.00017126353370298085,8.022480580795166e-09,0.9875539150318483,5.985087594195391e-09,1.3107371721942106e-07,5.292733225718585e-06,3.5086858007894513e-06,6.4018154924809745e-09
22,5.313499759198103e-09,1.0067052188367138e-05,8.303606177686065e-06,0.0024572737755048936,3.6168871173976495e-07,1.9101009834263845e-06,8.33836113929331e-05,1.3246254389573974e-05,1.8856098842424636e-08,0.00016534389117442267,3.7906804103231133e-06,1.6372306160718926e-06,0.007530047265438786,1.4012887718606669e-06,1.712795100539513e-11,6.952039270801123e-06,3.4392915547253306e-09,0.0001285410480309345,4.895127653349687e-09,0.9895813832130975,3.919309270851861e-09,9.228606021062696e-08,4.417930808229988e-06,1.806696989214419e-06,3.899527929919325e-09
23,5.480937392079912e-09,1.0633113295105918e-05,8.683323206882688e-06,0.002543011114926339,3.8152880760837476e-07,1.8771537822637693e-06,8.649866226242662e-05,1.3589826032905813e-05,1.9507157535354496e-08,0.0001705048695544689,3.7391199214728816e-06,1.7004689149227903e-06,0.008274965434192042,1.4769364791063883e-06,1.773198935847276e-11,7.003274195413768e-06,3.574516292466961e-09,0.00012710561293566622,5.031819835900398e-09,0.9887422221629112,3.862231923768673e-09,9.407689592619091e-08,4.5492778236217556e-06,1.9224937571648592e-06,4.075710338781169e-09
24,9.742419920946847e-09,7.927696919844742e-06,9.41135451076406e-06,0.0016659265731665245,3.138469417859421e-07,2.358859917354641e-06,0.00010215999354029226,1.800333392728681e-05,2.4903171020396216e-08,0.00014723602978838261,4.43796734090616e-06,1.9888979449592643e-06,0.005182713382289633,9.989371977228476e-07,2.998371680615521e-11,1.1467266744535326e-05,5.231275618207724e-09,0.00013658682016744309,6.339783692886222e-09,0.9926999988499555,4.708705641600492e-09,1.229337321772245e-07,5.756758744797205e-06,2.5344894123223157e-06,5.052417909516601e-09
25,5.5599595465414406e-09,1.0872138271164526e-05,8.78111695279674e-06,0.002533999285679419,3.9273566453549466e-07,1.9772400258479445e-06,8.739022701080377e-05,1.3368636123157518e-05,1.98359852737358e-08,0.00017323967731610086,3.824740847244048e-06,1.725545532522324e-06,0.008354863312825722,1.526286384922566e-06,1.8353806897896803e-11,7.197182452905998e-06,3.5812119560000916e-09,0.00012864347339037075,5.090071113806161e-09,0.9886654816896476,3.927878927672227e-09,9.664898669759971e-08,4.655481108453603e-06,1.922433958294816e-06,4.134360691491272e-09
26,3.5557351448730705e-09,8.528012210494743e-06,5.028036080574759e-06,0.0022623647531004637,4.695853473094905e-07,4.096900045507863e-06,7.881815890705545e-05,5.79070463477032e-06,1.0438056104557299e-08,0.00013664702679293478,4.512713289753401e-06,1.923318266594222e-06,0.007573353923463414,3.2380348284497545e-06,2.2295182328794164e-11,1.3301302107968183e-05,1.8147964430845204e-09,9.02298665498238e-05,5.191964673157215e-09,0.9898037503298984,4.363325727727396e-09,9.590565310356905e-08,7.195643180130341e-06,6.28017607005716e-07,2.38186295335049e-09
27,5.731324236449608e-09,2.3975676809549496e-05,1.479112362469679e-05,0.009227723398343306,2.046042525871683e-06,2.9416185994031887e-06,0.00013620977109331535,1.598426530446745e-05,1.863460060186117e-08,0.000327186017379663,8.500835919523913e-06,3.5734973546351e-06,0.04516990877848945,5.723659152947781e-06,1.328635864257268e-11,6.152483710046192e-06,4.4308288895107255e-09,0.000241380787717732,7.086624092578272e-09,0.944801943042742,4.856246809111747e-09,6.765299098134169e-08,8.12423922583333e-06,3.72282361511748e-06,3.532490452081225e-09
28,5.480937392079912e-09,1.0633113295105918e-05,8.683323206882688e-06,0.002543011114926339,3.8152880760837476e-07,1.8771537822637693e-06,8.649866226242662e-05,1.3589826032905813e-05,1.9507157535354496e-08,0.0001705048695544689,3.7391199214728816e-06,1.7004689149227903e-06,0.008274965434192042,1.4769364791063883e-06,1.773198935847276e-11,7.003274195413768e-06,3.574516292466961e-09,0.00012710561293566622,5.031819835900398e-09,0.9887422221629112,3.862231923768673e-09,9.407689592619091e-08,4.5492778236217556e-06,1.9224937571648592e-06,4.075710338781169e-09
29,5.480937392079912e-09,1.0633113295105918e-05,8.683323206882688e-06,0.002543011114926339,3.8152880760837476e-07,1.8771537822637693e-06,8.649866226242662e-05,1.3589826032905813e-05,1.9507157535354496e-08,0.0001705048695544689,3.7391199214728816e-06,1.7004689149227903e-06,0.008274965434192042,1.4769364791063883e-06,1.773198935847276e-11,7.003274195413768e-06,3.574516292466961e-09,0.00012710561293566622,5.031819835900398e-09,0.9887422221629112,3.862231923768673e-09,9.407689592619091e-08,4.5492778236217556e-06,1.9224937571648592e-06,4.075710338781169e-09
30,5.480937392079912e-09,1.0633113295105918e-05,8.683323206882688e-06,0.002543011114926339,3.8152880760837476e-07,1.8771537822637693e-06,8.649866226242662e-05,1.3589826032905813e-05,1.9507157535354496e-08,0.0001705048695544689,3.7391199214728816e-06,1.7004689149227903e-06,0.008274965434192042,1.4769364791063883e-06,1.773198935847276e-11,7.003274195413768e-06,3.574516292466961e-09,0.00012710561293566622,5.031819835900398e-09,0.9887422221629112,3.862231923768673e-09,9.407689592619091e-08,4.5492778236217556e-06,1.9224937571648592e-06,4.075710338781169e-09
31,5.455159199180092e-09,1.065767512514791e-05,9.00406677234236e-06,0.0026072485415811805,3.702349610049308e-07,1.6299566802397957e-06,8.429345330403947e-05,1.4079842261528177e-05,1.9160431003017025e-08,0.0001660210107066488,3.4828491492216073e-06,1.7016200889499766e-06,0.008834784022212728,1.4067947404008456e-06,1.586584496649581e-11,6.216721331450738e-06,3.607037394662408e-09,0.00012596066750349488,4.694133099706469e-09,0.9881267519799067,3.516571155674104e-09,8.874823780250836e-08,4.223504396426037e-06,2.037830613537607e-06,4.031229474599501e-09
32,5.570302459241011e-09,1.059709948527245e-05,8.648288399228477e-06,0.002519552253833156,3.788313761613847e-07,1.8922956699643925e-06,8.706290650472526e-05,1.3629952221871694e-05,1.9690887098406317e-08,0.00016973967938009853,3.75936280711545e-06,1.709191934565605e-06,0.008177702238179036,1.4783914527088605e-06,1.8134972237744362e-11,7.116756450976354e-06,3.6084073941753746e-09,0.0001268063921957961,5.141993182075447e-09,0.9888633079900211,3.90849889455683e-09,9.55204293752455e-08,4.572190428584997e-06,1.9086017319105683e-06,4.119274314933098e-09
33,5.500088110009931e-09,1.0727487563392238e-05,8.62343394855536e-06,0.002539598146712477,3.8163180804154766e-07,1.8766810329035838e-06,8.654681964730769e-05,1.3508807888929202e-05,1.9359201280435244e-08,0.00017029636220604243,3.736186583118193e-06,1.7108615219268354e-06,0.008385154682417887,1.4877255878011396e-06,1.7719074082956224e-11,6.9825238345340775e-06,3.5912759908262614e-09,0.0001277244603660808,5.034001470946523e-09,0.9886350134270281,3.836768573430442e-09,9.490986730591115e-08,4.574491573321631e-06,1.919957980159099e-06,4.0633775738851886e-09
34,4.789989755172673e-09,1.004566690144634e-05,8.009294145381332e-06,0.002538970968576465,3.6277651665257566e-07,1.7481068271463602e-06,8.07034134490691e-05,1.3016225508039502e-05,1.7047005593550508e-08,0.0001663032455899261,3.5282089878823598e-06,1.6104951287597561e-06,0.007936566673160955,1.3943977988423834e-06,1.5726936950880648e-11,6.661039602628535e-06,3.3734319977203397e-09,0.00012378626585906919,4.533973372233025e-09,0.9891008185228621,3.6951494343326895e-09,8.77193229151862e-08,4.52874841561575e-06,1.8210409653446298e-06,3.73510438756127e-09
35,6.112408774427507e-09,1.042282620854195e-05,8.237137025770223e-06,0.002514812674830579,3.271326766121949e-07,1.5713792632295264e-06,8.3404766480666e-05,1.7459420724092318e-05,2.0635055522915198e-08,0.0001815146733067821,3.4694588621517985e-06,1.6836462181050334e-06,0.007312190755937874,1.1837377696089696e-06,1.6364817586607708e-11,6.184376417267471e-06,4.289324603177919e-09,0.00014730545694946644,5.420608156727404e-09,0.9897039450468287,4.231572136132849e-09,1.061480571864037e-07,3.999797925802363e-06,2.1365037233566215e-06,4.355460079190236e-09
36,5.470453326231676e-09,1.06196318494734e-05,8.667384305250754e-06,0.0025398944576331137,3.8063058168966225e-07,1.8777279602817812e-06,8.643274449983212e-05,1.3562089697202426e-05,1.9473034121349546e-08,0.00017031334585819832,3.7388317819449517e-06,1.6963919551625775e-06,0.008254162483401538,1.4744402623844165e-06,1.7697045095984996e-11,6.996836960672642e-06,3.5636698976710915e-09,0.00012715386087534125,5.0195215918100005e-09,0.9887664296150258,3.85861102960798e-09,9.394437891447683e-08,4.545182844065245e-06,1.9189290520820914e-06,4.0680901329058165e-09
37,4.931073271159821e-09,1.0539976621377327e-05,8.606426400770653e-06,0.0025983563458897288,4.2048530092502803e-07,1.986542343525968e-06,8.392900274792996e-05,1.4748704927891367e-05,2.0592223735829772e-08,0.0001904265948984878,3.7342175567314755e-06,1.6569265506696218e-06,0.007966194288395498,1.4323928473826256e-06,1.8668410593715452e-11,7.551113852945416e-06,3.6831447179447983e-09,0.0001246849688114726,5.341085242252892e-09,0.9889788906930356,4.276454330824957e-09,9.690381097375531e-08,4.724010855348148e-06,1.977494131456726e-06,4.06837130405685e-09
38,5.872527350586757e-09,1.0284206916676122e-05,8.0510247790492e-06,0.002250149157638288,3.600221776473565e-07,2.2091145310442135e-06,9.242735451402549e-05,1.2192138456868191e-05,1.904735460569485e-08,0.00016246456019288212,4.0200284393295144e-06,1.663602705411924e-06,0.0076007439367163565,1.4891226977427097e-06,1.9662793761884354e-11,8.083241255664465e-06,3.344625012576741e-09,0.00012737300219078972,5.167731827875054e-09,0.9897116714529017,3.8323887809644175e-09,9.947935343837298e-08,4.9030576791781615e-06,1.7743046623488544e-06,3.907900848753885e-09
39,5.047179055421995e-09,8.46229762805634e-06,8.165741701107874e-06,0.0023584085502442453,3.365525724036633e-07,1.7180949830492565e-06,7.860083092196692e-05,1.3903374046292182e-05,1.793853636785749e-08,0.00015346535701651955,3.4795227892177013e-06,1.6125323327315826e-06,0.0066367446013429095,1.2447009642543687e-06,1.6026432906037424e-11,7.056163659243886e-06,3.320695559456364e-09,0.00011415877739025028,4.801185511584028e-09,0.9906067070619418,3.860661922770079e-09,8.388444466482046e-08,4.114871266092014e-06,1.6983936615185996e-06,3.706808855514674e-09
40,6.29258035188419e-09,1.1710084762832629e-05,9.749721522377013e-06,0.002587019776243587,4.1427325038934245e-07,2.138596061040452e-06,9.189867017945756e-05,1.2721761816397892e-05,2.1992344619046727e-08,0.00016423130551426597,4.140428302359646e-06,1.945903839339365e-06,0.009092212286874454,1.843107549802229e-06,2.0883105638727646e-11,7.184856395525718e-06,3.7482668399476435e-09,0.00013124869943398,5.486977758004308e-09,0.9878747628641515,4.061356723878844e-09,1.0524707129542182e-07,4.780287380766079e-06,1.8459596501736766e-06,4.5675909167480485e-09
41,5.291060379882484e-09,9.419389622338821e-06,5.662849923447852e-06,0.002033318712539788,2.4603911956661007e-07,1.442817629471721e-06,7.663602498042855e-05,1.2845068505184715e-05,1.2888088407197541e-08,0.0001403678805949457,3.2383877085799237e-06,1.6076749825573409e-06,0.007296674699751628,1.0721783229933278e-06,1.2424879020594168e-11,5.330335715665754e-06,3.637079869217703e-09,0.000158361159461839,4.121072889274246e-09,0.9902476796176762,3.1129847565518474e-09,1.0619797867049776e-07,4.256508771783772e-06,1.7023386512849547e-06,3.0553526548593373e-09
42,5.204564549550344e-09,8.888660076490718e-06,7.614064249964552e-06,0.0022968460782535464,3.1689065939398576e-07,1.6154924938539043e-06,7.912392748847644e-05,1.4405463665813453e-05,1.7692632781151926e-08,0.0001569040687864534,3.2829611646943297e-06,1.6118366244619921e-06,0.006712466357747414,1.2167919779694135e-06,1.6950017096455044e-11,7.251196943181893e-06,3.65558490916696e-09,0.00011312766402022305,5.0947633236759185e-09,0.990589148229683,3.876687948771609e-09,9.259186056425588e-08,4.3209920983254094e-06,1.7272937293593823e-06,3.897293447482664e-09
43,5.6018250518624385e-09,1.0660238987220058e-05,8.873244719458807e-06,0.002549172383678962,3.7567741346764824e-07,1.821228944818158e-06,8.818880464232556e-05,1.3330502681063076e-05,1.9413023768047724e-08,0.00016384578566960964,3.730063769913674e-06,1.7174532271203178e-06,0.00857325140127727,1.5014351105105726e-06,1.7480651308181755e-11,6.7819480179586145e-06,3.538826260978356e-09,0.00012619220481452408,4.930537977838679e-09,0.9884439681637373,3.6853514607850616e-09,9.179345643078233e-08,4.518566714992376e-06,1.937841176675364e-06,4.07491532364843e-09
44,5.480937392079912e-09,1.0633113295105918e-05,8.683323206882688e-06,0.002543011114926339,3.8152880760837476e-07,1.8771537822637693e-06,8.649866226242662e-05,1.3589826032905813e-05,1.9507157535354496e-08,0.0001705048695544689,3.7391199214728816e-06,1.7004689149227903e-06,0.008274965434192042,1.4769364791063883e-06,1.773198935847276e-11,7.003274195413768e-06,3.574516292466961e-09,0.00012710561293566622,5.031819835900398e-09,0.9887422221629112,3.862231923768673e-09,9.407689592619091e-08,4.5492778236217556e-06,1.9224937571648592e-06,4.075710338781169e-09
45,5.258655702468439e-09,1.0461692204065963e-05,8.104181974443957e-06,0.002509952379116063,3.557695607704566e-07,1.8846623903361032e-06,8.338832079287377e-05,1.3051473897751664e-05,1.825355755841344e-08,0.00016993152054694386,3.677551472387094e-06,1.6256774428831965e-06,0.007554667255088865,1.43919121104088e-06,1.7081519333765605e-11,6.900903829827723e-06,3.4323855299904255e-09,0.00013107946482237198,4.794355791834262e-09,0.9894969963258977,3.993096606456006e-09,9.451255930604155e-08,4.542342838368455e-06,1.8069708210883664e-06,4.05440001828178e-09
46,5.567377306148777e-09,1.066993478301055e-05,8.704355812950292e-06,0.0025709329813197114,3.800478571809055e-07,1.7700982085500662e-06,8.490605760379678e-05,1.4354128760167356e-05,1.9554602966739565e-08,0.00017142507276623122,3.6458281169639788e-06,1.7303118514155642e-06,0.008322113926941023,1.4322282993072668e-06,1.7795735084095116e-11,6.925232288179047e-06,3.846329431343818e-09,0.00012671569674218918,5.1694546479858806e-09,0.9886676030171693,3.911722973302156e-09,9.53598817965144e-08,4.558878329474766e-06,1.9945758480889092e-06,4.2001376844181345e-09
47,5.125780933323447e-09,1.2378185495604715e-05,1.1437957093585864e-05,0.003310516374521491,5.625205896680441e-07,2.1018623814347197e-06,9.338020756299704e-05,1.5529240533196107e-05,2.51764189376858e-08,0.00020633552859447915,4.368908281360124e-06,1.8056618282538854e-06,0.010590351940352467,1.8282956941641596e-06,1.954315752610134e-11,6.911801014204326e-06,3.769892705230207e-09,0.0001320748861627945,5.5295704139159515e-09,0.9856031195648355,4.422409775411889e-09,8.624179652437752e-08,4.7853514533274874e-06,2.3769659654636688e-06,4.462227695272812e-09
48,6.567134893866343e-09,1.2619666863043726e-05,8.529473882253609e-06,0.00272613232899453,4.1905256039448427e-07,1.7649052979187238e-06,9.208350427339594e-05,1.663479888288259e-05,2.0665549851518268e-08,0.00019293644901288327,3.746261464036541e-06,1.97837303371304e-06,0.009898259382212577,1.560929889032027e-06,2.097158147637565e-11,7.438984429355487e-06,5.059876794424701e-09,0.0001403156408164532,6.362040582830435e-09,0.9868877919899575,4.318540935044814e-09,1.1764936537247092e-07,5.285541702764303e-06,2.337322518694585e-06,4.750728691949365e-09
49,5.215279795022795e-09,9.902720158645823e-06,8.461133697445258e-06,0.0023960010614747316,3.6447225070606294e-07,1.8721579694427322e-06,8.250033364188201e-05,1.2841703904315213e-05,1.8586373219887597e-08,0.00015916757099114574,3.680276974888614e-06,1.7050718274133597e-06,0.007938587407475809,1.4416308387857117e-06,1.6597328030765346e-11,6.74339642950208e-06,3.3553845929232187e-09,0.00012423992763045203,4.753680329772544e-09,0.9892462763712586,3.643702580981982e-09,9.290422490284838e-08,4.329595602472575e-06,1.7529316546949071e-06,3.760976292985973e-09
50,5.902761795725718e-09,1.1718472046657082e-05,8.515667350886214e-06,0.002552104998327614,3.7638377321772904e-07,1.9455660322219502e-06,9.472922547080756e-05,1.3376139572728517e-05,2.0183369956536504e-08,0.00018420694687225136,3.715296270881145e-06,1.677204493600494e-06,0.008952801462907814,1.5510682529332612e-06,1.822240685095135e-11,7.18405119063102e-06,3.5240320626532823e-09,0.00013075737124065403,5.229167806022489e-09,0.9880286799454334,3.7426036785835505e-09,1.0145989235114303e-07,4.547766759820114e-06,1.96819273893087e-06,4.181214708798263e-09
51,4.9172512074755994e-09,1.1165573906619458e-05,8.578704868945233e-06,0.0029121584248432684,3.8303091004263495e-07,1.6743063058841373e-06,8.464823231614563e-05,1.3819394264939469e-05,1.859041892994246e-08,0.00017755613766802755,3.6029162377818027e-06,1.6727797151466647e-06,0.009145272239768182,1.5538756863465537e-06,1.4718640790062213e-11,5.67088588443502e-06,3.397894081260132e-09,0.00013775478054903385,4.643695605165386e-09,0.9874882865752538,3.790923554899185e-09,8.92414061905334e-08,4.174976480856707e-06,1.8987086236082713e-06,3.860408492152409e-09
52,5.955734528990571e-09,1.0764584980189445e-05,1.0572709389238088e-05,0.003004122330333424,4.5336989296087224e-07,1.638718312153231e-06,9.149125550339896e-05,1.7424668107932233e-05,2.323621082791397e-08,0.00018370394471899939,3.6868376383803885e-06,1.9137895178293026e-06,0.009294119620041827,1.5740149448884036e-06,2.0413896235040082e-11,7.483453291561652e-06,4.417410930652739e-09,0.00011302377368656607,6.1664648147722055e-09,0.9872509464141157,4.356201210514714e-09,9.010117539822564e-08,4.645294018160513e-06,2.2960908463829385e-06,4.877048827482927e-09
53,6.1077544522223815e-09,1.5381652306244265e-05,1.4020322420600919e-05,0.004173548476270346,9.552903350749452e-07,2.2662740020432916e-06,7.847152615750778e-05,2.0477117733930505e-05,2.8492926787534956e-08,0.00025808982496685153,4.695981478016312e-06,2.902288738779681e-06,0.015617069661770126,2.435717864267558e-06,2.115929546739992e-11,6.857478955143307e-06,5.937321419746682e-09,0.00015673299336228422,7.414672663171565e-09,0.9796382516108305,5.708426378055378e-09,1.1149995308696665e-07,4.894717433693485e-06,2.7787646738206814e-06,5.118486439940814e-09
54,5.932967414475439e-09,1.094101115872737e-05,8.224043481339561e-06,0.0023882940096983446,3.3824108750433084e-07,1.9603568963802215e-06,9.378666545635189e-05,1.2073415508379173e-05,1.8657073321719938e-08,0.00016678000842981425,3.5532580087427404e-06,1.6621756121103821e-06,0.007835123676149745,1.5825774995217887e-06,1.9295462564481984e-11,7.692577827388019e-06,3.3064615209107754e-09,0.00012071335208496362,4.916800992315657e-09,0.989340586459168,3.793438594599305e-09,1.0036826732606551e-07,4.773671554135974e-06,1.7731225835401725e-06,4.383490469441608e-09
55,5.2234810410111674e-09,1.1409765849736619e-05,8.774282647382771e-06,0.0027469505289701214,4.5137376986648094e-07,2.2181608834419156e-06,8.836328164137292e-05,1.3346036110941071e-05,1.9972407624710786e-08,0.0001924203502207291,3.98194328950727e-06,1.7301023063226483e-06,0.008293964079165418,1.716288812853706e-06,2.160638057696493e-11,8.655277759874404e-06,3.727826607247045e-09,0.0001209526608457368,5.533322416265191e-09,0.9884975052271686,4.61066512210851e-09,9.743989086673693e-08,5.497698810922241e-06,1.921928125900849e-06,4.484421271649585e-09
56,5.613077795296107e-09,1.0903569881132922e-05,8.772681493385661e-06,0.002571573241101037,3.873823771727939e-07,1.8648216118402745e-06,8.735778795741933e-05,1.3724616520164149e-05,1.972394891411723e-08,0.00017129565200833092,3.7564499727890037e-06,1.7342297497888673e-06,0.008589044532457988,1.5034616847100777e-06,1.7953160412571115e-11,6.965273909044042e-06,3.6759497858726037e-09,0.00012820952364404323,5.1219869468142845e-09,0.988396220383534,3.850119627617839e-09,9.54796160715322e-08,4.586171382644793e-06,1.9626069247327447e-06,4.131137200906452e-09
57,5.095701496981046e-09,1.0724182439539613e-05,8.203185675121143e-06,0.002530797004887163,3.1545310730446046e-07,1.9079190246390867e-06,9.74939129680346e-05,1.1260723229974683e-05,1.7740002997555158e-08,0.00015538595862026782,3.880646350856296e-06,1.349942724307257e-06,0.007301174355152502,1.472897297493665e-06,1.7380601722415636e-11,6.7649599376154485e-06,2.7814575627532776e-09,0.00013298273118073713,4.001089118667003e-09,0.9897291945696012,3.6311250803284425e-09,7.941108840580323e-08,5.040966541886366e-06,1.9338097601375982e-06,4.103656202353232e-09
58,5.6494843652700556e-09,1.0944251617598406e-05,8.846206395854437e-06,0.0025916852701976336,3.913688211818812e-07,1.8639128387114923e-06,8.786688032136725e-05,1.4184115728745023e-05,1.994952567895249e-08,0.00017523420704557746,3.770217673204148e-06,1.7289566107877337e-06,0.008487988259933951,1.477184214793507e-06,1.8213803294720887e-11,7.059658867273406e-06,3.7835600199745685e-09,0.00013003625084742802,5.165005516520533e-09,0.9884700678496462,3.946132331576561e-09,9.605579649255956e-08,4.675852886940069e-06,2.040772343990658e-06,4.2162904907375685e-09
59,5.633106223689769e-09,1.0540418002335843e-05,8.930408264439053e-06,0.002547912605722814,3.800610261886382e-07,1.814544833006579e-06,8.739339456723722e-05,1.4175436156900624e-05,1.9809251315641576e-08,0.00017053624174979246,3.709100759711924e-06,1.6999402797586357e-06,0.008205312503346747,1.422822767124057e-06,1.7871896065861863e-11,7.0326280549910045e-06,3.7005290739258646e-09,0.0001266804066456971,5.037633111858556e-09,0.9888057139058486,3.8612168127250705e-09,9.260393393661037e-08,4.57002477558282e-06,2.0406973225333644e-06,4.1963342407987976e-09
60,5.480937392079912e-09,1.0633113295105918e-05,8.683323206882688e-06,0.002543011114926339,3.8152880760837476e-07,1.8771537822637693e-06,8.649866226242662e-05,1.3589826032905813e-05,1.9507157535354496e-08,0.0001705048695544689,3.7391199214728816e-06,1.7004689149227903e-06,0.008274965434192042,1.4769364791063883e-06,1.773198935847276e-11,7.003274195413768e-06,3.574516292466961e-09,0.00012710561293566622,5.031819835900398e-09,0.9887422221629112,3.862231923768673e-09,9.407689592619091e-08,4.5492778236217556e-06,1.9224937571648592e-06,4.075710338781169e-09
61,5.579858229688081e-09,1.0507099266205396e-05,8.88924143097783e-06,0.002532049106583458,3.8095685186337613e-07,1.8413597309268996e-06,8.689644457025159e-05,1.4035834840765483e-05,1.9928021167702308e-08,0.00017004965052875185,3.7316859355479364e-06,1.6968118335867703e-06,0.008183218600576263,1.4300404870429605e-06,1.7878152110944e-11,7.0309099197723754e-06,3.6579134269907227e-09,0.0001264079627360176,5.057337079446968e-09,0.9888451645489789,3.860796091581503e-09,9.301336272093837e-08,4.535184867775038e-06,1.9993031198331954e-06,4.142575204272462e-09
62,5.480937392079912e-09,1.0633113295105918e-05,8.683323206882688e-06,0.002543011114926339,3.8152880760837476e-07,1.8771537822637693e-06,8.649866226242662e-05,1.3589826032905813e-05,1.9507157535354496e-08,0.0001705048695544689,3.7391199214728816e-06,1.7004689149227903e-06,0.008274965434192042,1.4769364791063883e-06,1.773198935847276e-11,7.003274195413768e-06,3.574516292466961e-09,0.00012710561293566622,5.031819835900398e-09,0.9887422221629112,3.862231923768673e-09,9.407689592619091e-08,4.5492778236217556e-06,1.9224937571648592e-06,4.075710338781169e-09
63,5.592725325379665e-09,1.0907414788991861e-05,8.668491391277218e-06,0.002546729691861407,3.8216377439647607e-07,1.8859330608067128e-06,8.70420853323351e-05,1.36689873039108e-05,1.9771365295291137e-08,0.00017208482757302885,3.761559176685778e-06,1.7060463162109238e-06,0.008373362978099791,1.4846644607281504e-06,1.808370084877548e-11,7.015226400860172e-06,3.654087167430562e-09,0.00012905105975910878,5.11805329915645e-09,0.9886355683187058,3.895254836820357e-09,9.618656800949269e-08,4.591413669603473e-06,1.9507483235636804e-06,4.153863885708681e-09
64,5.519033246361531e-09,1.0734049645591626e-05,8.742054553804464e-06,0.002609349025448869,3.929209621385737e-07,1.9089222752449277e-06,8.647783085506024e-05,1.4258910173867906e-05,2.0092551274836184e-08,0.00017681893756542054,3.804162487138055e-06,1.7186326274519866e-06,0.008084411788217321,1.485967911703252e-06,1.853941110283187e-11,7.198591332355222e-06,3.72958705303796e-09,0.00012971639099232764,5.264767288833651e-09,0.9888562196919902,4.1696807730690625e-09,9.639303921372516e-08,4.655183700911137e-06,1.967504644881623e-06,4.247417299587601e-09
65,9.788139174784833e-09,1.5011577334424594e-05,1.4422275452512872e-05,0.0033415283044652055,4.775593003437715e-07,1.3233908101242636e-06,0.00012338031474662376,2.2785625013673432e-05,3.329677415333344e-08,0.00019462408170796107,3.7535491962237445e-06,2.196606869743772e-06,0.014219515361480473,1.6909105611896615e-06,2.5780345297999295e-11,6.949693905614484e-06,6.645432529505733e-09,0.00012068589211704028,7.535332005666726e-09,0.9819227029343557,3.833393101932603e-09,1.0337442172239897e-07,4.9134355248722965e-06,3.867198879258056e-06,6.789005919961379e-09
66,1.587321363601419e-08,2.304148015445579e-05,1.9587145368449236e-05,0.005161260659886224,9.044024229760554e-07,2.611974419421738e-06,0.0001431122115903219,2.6725544849034897e-05,3.140990599639702e-08,0.00025588069290549014,7.531931748385454e-06,4.020116401126702e-06,0.01328618088908421,2.8842349417796653e-06,5.424789916277897e-11,9.885444083706561e-06,1.6306029810349214e-08,0.00036737284312663863,7.467956853598111e-09,0.9806659866713373,1.1916680032086452e-08,1.9115609738889218e-07,1.4451345285866072e-05,8.274120478442754e-06,1.410778464848923e-08
67,9.891484356244428e-09,3.495639501048264e-05,2.305167013294412e-05,0.007993439511620935,1.9117217889172745e-06,2.4756961251092424e-06,0.00012158991838623282,6.353491233993002e-05,9.342989603520547e-08,0.0007886585537585929,6.660226795664776e-06,2.8654707085170695e-06,0.029053372789409223,2.448205967605043e-06,3.1792057605013884e-11,6.618993426324792e-06,1.3335080796346331e-08,0.0002767326579638412,1.720664068259161e-08,0.9616085726454543,1.0625646902955394e-08,1.7348233783979518e-07,4.315781983232293e-06,8.468238660198545e-06,8.607589225457962e-09
68,6.528183865066544e-09,1.2977774376241688e-05,1.2081122224827649e-05,0.0033102764371051104,5.895740961924384e-07,2.025309221227904e-06,0.00010189164989344809,1.6465201270804814e-05,2.6159188804208808e-08,0.00020715243380552207,4.195818941047375e-06,2.181018099527885e-06,0.012445311518810042,2.0684826326701473e-06,2.229543118493029e-11,7.869236208295692e-06,4.4191334653591484e-09,0.00011999108066985346,6.607181166397373e-09,0.9837473895677673,4.324116045990931e-09,9.70791524256146e-08,4.947321109447747e-06,2.4364100126904453e-06,4.904504314449202e-09
69,1.284526797156391e-08,3.199256193239064e-05,2.1349105480687453e-05,0.004668773180566359,2.288388835245302e-06,8.83549801755721e-06,0.00016667174284641924,1.7730577721877764e-05,5.8212716952764135e-08,0.00036471811339988235,1.2020692986745568e-05,5.641648019750441e-06,0.03234534435605829,8.97334772583298e-06,6.469400006750914e-11,1.2229120526685689e-05,7.701163246629292e-09,0.00030069916879944824,1.3914187709001551e-08,0.9620174365025248,9.100556779731781e-09,2.899925722140815e-07,1.1455572564075575e-05,3.441812557618691e-06,6.7782776757689884e-09
70,9.653669078165987e-09,1.2641852738482247e-05,9.080406941172396e-06,0.003246951219827264,5.996846808697833e-07,1.7322205858266158e-06,0.00010070313785662034,5.899767525150553e-05,3.594905970243207e-08,0.00037990947583491455,5.225333578622017e-06,2.0833138970497496e-06,0.008669750059912319,6.61740949526873e-07,2.766593168942646e-11,9.553911450682237e-06,1.3615810927166814e-08,0.00026151913808492656,1.1647299346870589e-08,0.9872270375113666,8.665718497858659e-09,1.5046533635163998e-07,6.004409585041676e-06,7.313330618804169e-06,5.552280072300502e-09
