,0,1,2,3,4,5,6,7,8,9,10,11,12,13,14,15,16,17,18,19,20,21,22,23,24
0,2.7487625396952866e-06,2.567322163795182e-08,9.800718760060774e-05,0.003098024862476989,0.0009785872671803399,7.576648461595466e-05,0.00016543167335369288,4.637389754909191e-05,5.101220311526024e-05,0.0002985794701225351,5.7731935305500055e-05,7.384249395888361e-06,0.0012185735599957493,0.015542552845136892,6.37158253315935e-07,0.0002469025346434296,1.0407986412593971e-05,0.0015208854171433204,1.9495788552881387e-05,0.9665583560092343,0.00016648873300895495,6.469814144844489e-05,0.009684481321016448,3.8714544727955514e-05,4.813229394836968e-05
1,1.3744187820190924e-06,1.0062396797786604e-08,3.752430677720483e-05,0.0010272011546619052,0.0003914859910081954,5.839564111221298e-05,9.790823320094777e-05,2.8792498962713033e-05,3.486324969426295e-05,0.00021544135495179658,1.8382227910784427e-05,3.3795032644638983e-06,0.0004327434284364918,0.005705001847860177,3.7804898290689513e-07,0.00019617350028935154,4.370194401674938e-06,0.0006830833951147432,1.616779977755599e-05,0.9851013665309115,8.525176122045563e-05,3.712545414803774e-05,0.005775535890295346,2.0501541615177352e-05,2.754196422333073e-05
2,3.941540287691177e-06,4.0162102999493106e-08,9.644943598319097e-05,0.004648754368721949,0.0009534692434873203,0.0001684641526272373,0.00024278454574745223,6.187437584815704e-05,6.803921442740464e-05,0.00034220188497108885,8.39294964896068e-05,1.4450202494383803e-05,0.0021045348028901085,0.01668855885297487,7.361632256731562e-07,0.0005558642360021846,1.9614633428893622e-05,0.0021645601609880842,2.78662986152608e-05,0.9590339999132171,0.00022100225637248084,5.228984438500969e-05,0.01235564295687327,4.590090162865924e-05,4.503035620991675e-05
3,1.3252882733096665e-06,9.550931441550697e-09,3.764972143629475e-05,0.0010573991787258493,0.0003771993395809935,5.6470449656667206e-05,9.435531322371861e-05,2.815929250573051e-05,3.232517931108575e-05,0.00020200936621420364,1.9073938631986794e-05,3.364705559902906e-06,0.00043151952508604864,0.005949768457580803,3.776278711483037e-07,0.00017970988057568573,4.382059820070505e-06,0.0006845544056539962,1.53321042218676e-05,0.9845485199193758,8.929124952694785e-05,3.7542226702735036e-05,0.006101594060998129,2.090048586514137e-05,2.7166672670588942e-05
4,1.3650848773706273e-06,1.029835946307178e-08,3.882325181763602e-05,0.0011076958081764066,0.00039885471898577193,5.80182260171157e-05,9.843510779683323e-05,2.9484987700499274e-05,3.333926465151253e-05,0.0002036599552442835,2.0438427954951258e-05,3.6973477322207225e-06,0.0004737683364356964,0.006276236169456155,3.86101354448485e-07,0.00018678951837702943,4.665076114821164e-06,0.0007149252670187159,1.618803291379771e-05,0.9838732134042619,9.293079902469074e-05,3.917203015781073e-05,0.006279293062195715,2.075570782433336e-05,2.7854015550803102e-05
5,1.293927089551851e-06,8.583969315528133e-09,3.6313783380411e-05,0.0010426073535905894,0.00034631293791285886,5.3290408325660874e-05,8.965213817067508e-05,2.6787998658880075e-05,3.0761099567327127e-05,0.0002004302827755047,1.7829983288340343e-05,3.1646272934976615e-06,0.0003966927948972089,0.005849198886500478,3.5092953947975655e-07,0.00016966331439847459,4.296900302452811e-06,0.0006981818943487588,1.4044617329688058e-05,0.9849752247602275,8.5191856307775e-05,3.6576974715797384e-05,0.0058741574067659305,2.1242973129444055e-05,2.6723567514532816e-05
6,1.3252882733096665e-06,9.550931441550697e-09,3.764972143629475e-05,0.0010573991787258493,0.0003771993395809935,5.6470449656667206e-05,9.435531322371861e-05,2.815929250573051e-05,3.232517931108575e-05,0.00020200936621420364,1.9073938631986794e-05,3.364705559902906e-06,0.00043151952508604864,0.005949768457580803,3.776278711483037e-07,0.00017970988057568573,4.382059820070505e-06,0.0006845544056539962,1.53321042218676e-05,0.9845485199193758,8.929124952694785e-05,3.7542226702735036e-05,0.006101594060998129,2.090048586514137e-05,2.7166672670588942e-05
7,6.699126239910705e-07,4.4811034360706925e-09,1.6174790966132616e-05,0.0006875563908161537,0.0002545667218722134,4.644246550693397e-05,6.75807106831502e-05,1.2447587033466667e-05,2.5529075701463143e-05,0.00018673806883830527,1.204731159660446e-05,1.9063706276757408e-06,0.00014965869277829705,0.005736244013944614,3.6152871731089676e-07,0.00015488881392205513,2.541881837609263e-06,0.0004947330876316551,8.017540466561135e-06,0.9846078204532279,7.316101752677288e-05,2.8568711770225778e-05,0.007379519350288118,2.0112488442553852e-05,3.270853207683992e-05
8,1.335316021584175e-06,8.64890575883227e-09,3.8683122480130735e-05,0.0010761366493827213,0.00034573410886177733,5.4495518316734435e-05,8.645035436349047e-05,2.5431671009376458e-05,3.3453805830298424e-05,0.00021896980278995288,1.8018405575359432e-05,2.63467618745645e-06,0.00035341427945082145,0.00608360647146055,3.970538774586124e-07,0.0001605437428090072,4.155067849998372e-06,0.0006471341875150622,1.2959150368470155e-05,0.9845476974561326,8.292680921471628e-05,3.750831296880319e-05,0.00611269869591331,2.675716773525226e-05,2.884952497925293e-05
9,1.2636117766280538e-06,8.272403288774157e-09,3.882798454275964e-05,0.0010468001076157079,0.0003365275923390389,5.325093304476341e-05,7.938889140991425e-05,2.5783767422227508e-05,3.1753349654793386e-05,0.000208255712174393,1.755449441155713e-05,2.6457221225189397e-06,0.0003698610229794744,0.005843393097456151,3.6329468155764134e-07,0.00015463875270620647,4.112892546317214e-06,0.0006173391798380028,1.3069340488000976e-05,0.9851835501090687,8.028148320739017e-05,3.656418427445565e-05,0.005805228818045387,2.405723610607842e-05,2.548014968461708e-05
10,1.3252882733096665e-06,9.550931441550697e-09,3.764972143629475e-05,0.0010573991787258493,0.0003771993395809935,5.6470449656667206e-05,9.435531322371861e-05,2.815929250573051e-05,3.232517931108575e-05,0.00020200936621420364,1.9073938631986794e-05,3.364705559902906e-06,0.00043151952508604864,0.005949768457580803,3.776278711483037e-07,0.00017970988057568573,4.382059820070505e-06,0.0006845544056539962,1.53321042218676e-05,0.9845485199193758,8.929124952694785e-05,3.7542226702735036e-05,0.006101594060998129,2.090048586514137e-05,2.7166672670588942e-05
11,1.3589529123881602e-06,9.93760465208181e-09,3.847815258954652e-05,0.001083208498730371,0.0003824321406138191,5.761565201698475e-05,9.695295111019123e-05,2.9389012398504508e-05,3.304196220023469e-05,0.00020338573751022603,1.9616904448635923e-05,3.52511974714522e-06,0.00045374978068598524,0.006014039175623822,3.845998466916631e-07,0.0001846122512669796,4.585142653708589e-06,0.0006984536450555454,1.585605735928657e-05,0.9843519681818331,9.065364944696363e-05,3.8524024739473015e-05,0.0061498972283452425,2.0919004841679264e-05,2.734223641890442e-05
12,2.2050560674906924e-06,1.558799557914777e-08,7.987036821657373e-05,0.002688209692703946,0.0002644041049607855,0.0001361785164842386,0.00016867720297771254,9.547695904088968e-05,5.186810494195511e-05,0.0003519886945608881,3.232691168895698e-05,4.389224323089101e-06,0.0011867169189790723,0.005608373498811946,7.606474306087717e-07,0.0004023102106738244,1.4127624763400174e-05,0.0007228696521849254,2.2817195844937878e-05,0.9816412837300972,0.00012291570556788485,6.134730424674391e-05,0.006281622226337182,4.082436125011061e-05,1.842049985014063e-05
13,1.4154013794671447e-06,1.1133036564878068e-08,4.072352099160727e-05,0.0012289504199834817,0.0004297691061454511,6.252197265034786e-05,0.00010137527261420206,3.0485912645022476e-05,3.41623589888861e-05,0.00019956219752032914,2.3963131896226374e-05,4.0504672746377126e-06,0.0005322282298395248,0.0068549710197255784,4.2049852113429874e-07,0.00019733400882333263,5.110341056245831e-06,0.0007357002512867161,1.6876604422854092e-05,0.9821792634554215,0.00010132156666680272,3.988384469923042e-05,0.007129721505558448,2.188919780720602e-05,2.82885810453438e-05
14,9.526625623735901e-07,3.971478969933834e-09,3.6132212630619714e-05,0.001117654856444714,0.00018871842910518887,3.278931181189789e-05,6.560323194231105e-05,2.873900270083664e-05,3.45482579530556e-05,0.00021375907696801638,8.735734350345038e-06,1.1246840732550282e-06,0.00019516413689253412,0.003968733510231969,2.947371748724492e-07,0.00010675476915617537,3.861116515753405e-06,0.0005015412917109731,6.29794593423669e-06,0.9878541864122498,5.617695984467994e-05,3.349662078642212e-05,0.0054930699000459784,2.659446902599361e-05,2.506669840924251e-05
15,1.3252882733096665e-06,9.550931441550697e-09,3.764972143629475e-05,0.0010573991787258493,0.0003771993395809935,5.6470449656667206e-05,9.435531322371861e-05,2.815929250573051e-05,3.232517931108575e-05,0.00020200936621420364,1.9073938631986794e-05,3.364705559902906e-06,0.00043151952508604864,0.005949768457580803,3.776278711483037e-07,0.00017970988057568573,4.382059820070505e-06,0.0006845544056539962,1.53321042218676e-05,0.9845485199193758,8.929124952694785e-05,3.7542226702735036e-05,0.006101594060998129,2.090048586514137e-05,2.7166672670588942e-05
16,1.55608288991001e-06,1.1639473566653274e-08,4.775115759780041e-05,0.0011025028627284453,0.00043285555153450123,6.054835764918127e-05,9.758049750989108e-05,3.6922343253980154e-05,4.3253344617627004e-05,0.00019355164282273726,2.020803534450624e-05,3.2949585890477466e-06,0.0005405949832620799,0.00541415549342517,4.3887566075954673e-07,0.00019136674542386204,4.9021403198245056e-06,0.0006037675336030328,1.9107920392612594e-05,0.9847033801858925,7.451215159533467e-05,4.15536235644249e-05,0.006316355403244367,2.2944500808588328e-05,2.688396879654895e-05
17,1.3599732142149483e-06,1.1338040232253436e-08,4.180785226243781e-05,0.0011374741144564036,0.00042550646549992553,7.703482256582141e-05,0.00010746983275123831,2.7258042419427555e-05,4.779553282225571e-05,0.0002854690099434674,1.94133893794226e-05,2.4558188675339295e-06,0.0003905246002896651,0.005414866025927471,5.190528264068186e-07,0.00022871095277413522,4.073985991238437e-06,0.0005158373620935942,1.5375810721398313e-05,0.9854005770812455,8.346404257773464e-05,3.582689815126154e-05,0.00567961833861807,2.979385754497976e-05,2.7755799016108585e-05
18,1.3583916475114257e-06,1.0022835367017082e-08,4.23828420320219e-05,0.0011476297861408463,0.00040723008651562763,6.0287759905983056e-05,9.563067173424599e-05,2.989729602543667e-05,3.3180240947652175e-05,0.00020364056245124432,2.021872305626166e-05,3.2265798359794174e-06,0.0004717816901185418,0.005708372299668349,3.976978072293478e-07,0.00018765137705028886,4.2910873495887955e-06,0.0006370507803403999,1.58761211578939e-05,0.984662695414,9.277069070524722e-05,3.570603944579664e-05,0.006092131910016558,2.1886493963022077e-05,2.4695435248842952e-05
19,1.1750564317047333e-06,5.6051068958253995e-09,2.3594209698856564e-05,0.0007858380721349909,0.00024233788824521132,6.125059916622674e-05,6.6183528410061e-05,1.6464742306272362e-05,2.312947399617726e-05,0.00021796329705100562,1.5167230739359422e-05,1.9385939302117457e-06,0.00019894393533612573,0.005425522182688481,3.8994563777264595e-07,0.0001846223230817951,3.16554786679684e-06,0.0006001924745642177,1.1330060475282285e-05,0.9847091474140887,7.915499782574073e-05,2.5828751149698686e-05,0.007253985019180336,2.4555851868169908e-05,2.8113199020058226e-05
20,1.4536486904337276e-06,9.519921909353777e-09,3.722808085186797e-05,0.0010258062852620316,0.00038270563247068005,5.600806565740683e-05,9.001344616881902e-05,2.6038684235889394e-05,3.271112222042559e-05,0.00020925156302782012,1.7912269638218353e-05,3.5123322357747797e-06,0.00042767542203277404,0.006113550528921409,3.149671631216468e-07,0.00018751010821666246,4.4636114621855275e-06,0.0007929701226616872,1.5024984610447728e-05,0.9848867086402221,7.870720936710684e-05,3.432140369985833e-05,0.005528347189253021,2.0385693624246068e-05,2.7369468384050676e-05
21,1.2310515996217337e-06,9.88715473371526e-09,5.323641218177181e-05,0.0011859791298918765,0.00033367707649909867,6.424137239228103e-05,0.00011797793540799981,4.678067111079086e-05,3.8385867214442705e-05,0.0001698628095589419,1.8686452755744093e-05,3.077116974674471e-06,0.0005737561182727843,0.005124324558188852,5.365441914910359e-07,0.00017971002864611697,6.065460654110539e-06,0.0005389025252604951,1.8408330945671252e-05,0.9844868199603715,7.690879957603601e-05,5.353806833739642e-05,0.006861306541106787,2.0447234338370085e-05,2.6130047368531466e-05
22,1.3376365624798458e-06,9.137142024208157e-09,3.8154255341887114e-05,0.0011003869543128376,0.0003573047591010906,5.598061709915366e-05,9.004312274574929e-05,2.7622297527222488e-05,3.0325040879764707e-05,0.00020894598269517446,1.925090219127784e-05,3.3552142285196615e-06,0.0004272117739878975,0.006099230362238453,3.586265086689642e-07,0.00017604137026913872,4.530519471721118e-06,0.0007172091291940762,1.4547099122412176e-05,0.9845279048767999,9.154436416631165e-05,3.6973767179535855e-05,0.005924508716932964,2.1299664833984185e-05,2.5923809467858227e-05
23,1.3252882733096665e-06,9.550931441550697e-09,3.764972143629475e-05,0.0010573991787258493,0.0003771993395809935,5.6470449656667206e-05,9.435531322371861e-05,2.815929250573051e-05,3.232517931108575e-05,0.00020200936621420364,1.9073938631986794e-05,3.364705559902906e-06,0.00043151952508604864,0.005949768457580803,3.776278711483037e-07,0.00017970988057568573,4.382059820070505e-06,0.0006845544056539962,1.53321042218676e-05,0.9845485199193758,8.929124952694785e-05,3.7542226702735036e-05,0.006101594060998129,2.090048586514137e-05,2.7166672670588942e-05
24,1.3171649981793427e-06,7.011142940325371e-09,3.406375579390723e-05,0.0006577161372409688,0.00021576806329751336,4.914844938601178e-05,7.987036959407655e-05,2.687955451416328e-05,2.5673225870566093e-05,0.00019526396101243683,1.1541905757285337e-05,1.8673331288180873e-06,0.00023297355420963514,0.0032985672784776273,3.7986296560722026e-07,0.00011545494476538966,3.06117311698089e-06,0.000484930975672795,1.3825287376942344e-05,0.9900781436065567,7.85033791091475e-05,3.406672357583905e-05,0.004318111955199284,2.067274512222647e-05,2.219158211504379e-05
25,1.2756898518083687e-06,9.451603288262413e-09,3.5679008859379534e-05,0.0009542399310824815,0.00036836373381662554,5.8769672422544755e-05,8.729044814653568e-05,2.4442678432382143e-05,3.331236748552859e-05,0.00020965722263304446,1.7494951467915898e-05,3.181481595453671e-06,0.00037466998443811046,0.005928683356022793,3.643467723922707e-07,0.0001771411360544359,4.1229500783785e-06,0.0006638034237846024,1.4529521363061352e-05,0.9851381677919496,8.213074444583554e-05,3.615652920476184e-05,0.0057368934438618525,2.174920614872482e-05,2.7870928478679258e-05
26,8.142484245325875e-07,1.1688440857500784e-08,4.039975849209547e-05,0.0010168771281241552,0.0004963181761217163,5.9677013305244525e-05,0.00014573087646122906,3.1018522895114815e-05,1.1020049429411947e-05,0.0002561200149533709,1.8836522373552987e-05,9.872325646556107e-06,0.000921615827889389,0.009465192484111313,2.2171110260732492e-07,0.000272942681608525,3.967683748188416e-06,0.0011863534685407802,2.662093851798513e-05,0.9827916848370989,0.0001816239368903615,4.517846433501693e-05,0.002993999988585822,4.754738332209248e-06,1.9146914571020698e-05
27,6.042224086451204e-06,2.911338115643388e-08,0.00016353858272989962,0.0037635801714896422,0.0012774447536061328,9.322109201752149e-05,0.00012159727522355546,5.330386439755646e-05,1.4720127874634904e-05,0.00017326447450895298,7.749742974785088e-05,2.129011437013549e-05,0.0025573834724849174,0.012875504685337739,2.6717975807075685e-07,0.00033677636831211925,8.935205050242182e-06,0.004424213993999042,3.693166746517371e-05,0.9660495004857363,0.0003193361498205874,2.1067462543034856e-05,0.007563830101405531,1.7535771501719827e-05,2.3188233151864503e-05
28,1.3252882733096665e-06,9.550931441550697e-09,3.764972143629475e-05,0.0010573991787258493,0.0003771993395809935,5.6470449656667206e-05,9.435531322371861e-05,2.815929250573051e-05,3.232517931108575e-05,0.00020200936621420364,1.9073938631986794e-05,3.364705559902906e-06,0.00043151952508604864,0.005949768457580803,3.776278711483037e-07,0.00017970988057568573,4.382059820070505e-06,0.0006845544056539962,1.53321042218676e-05,0.9845485199193758,8.929124952694785e-05,3.7542226702735036e-05,0.006101594060998129,2.090048586514137e-05,2.7166672670588942e-05
29,1.3252882733096665e-06,9.550931441550697e-09,3.764972143629475e-05,0.0010573991787258493,0.0003771993395809935,5.6470449656667206e-05,9.435531322371861e-05,2.815929250573051e-05,3.232517931108575e-05,0.00020200936621420364,1.9073938631986794e-05,3.364705559902906e-06,0.00043151952508604864,0.005949768457580803,3.776278711483037e-07,0.00017970988057568573,4.382059820070505e-06,0.0006845544056539962,1.53321042218676e-05,0.9845485199193758,8.929124952694785e-05,3.7542226702735036e-05,0.006101594060998129,2.090048586514137e-05,2.7166672670588942e-05
30,1.3252882733096665e-06,9.550931441550697e-09,3.764972143629475e-05,0.0010573991787258493,0.0003771993395809935,5.6470449656667206e-05,9.435531322371861e-05,2.815929250573051e-05,3.232517931108575e-05,0.00020200936621420364,1.9073938631986794e-05,3.364705559902906e-06,0.00043151952508604864,0.005949768457580803,3.776278711483037e-07,0.00017970988057568573,4.382059820070505e-06,0.0006845544056539962,1.53321042218676e-05,0.9845485199193758,8.929124952694785e-05,3.7542226702735036e-05,0.006101594060998129,2.090048586514137e-05,2.7166672670588942e-05
31,1.425190409964068e-06,9.428956471600839e-09,4.108295903841512e-05,0.0010105462034465788,0.0003628084254492761,5.1383988568968506e-05,9.324568354053631e-05,3.165052050301019e-05,2.9601594708068202e-05,0.00018754126306318666,1.7416645784078028e-05,3.356864354750197e-06,0.00044523780809691146,0.00532789500901891,3.499144703359708e-07,0.00016380087384514354,4.258832484515074e-06,0.0007026660578314762,1.6353907218435078e-05,0.9857086733418506,8.86121553171878e-05,3.735860796786446e-05,0.0056298445639457705,1.9035087092543968e-05,2.5845073036662185e-05
32,1.3160158982481782e-06,9.472034750822134e-09,3.716324578770185e-05,0.0010214294777384854,0.00037338472760112794,5.5932172124853974e-05,9.388509662442375e-05,2.8076865328306545e-05,3.1593354311169624e-05,0.0001990546599569168,1.8826501498756685e-05,3.3589620348392657e-06,0.0004254780068542592,0.005832562760223666,3.786619321201205e-07,0.0001783911749240635,4.289161650565055e-06,0.0006756879277189521,1.5671042259006657e-05,0.9847708559954002,8.885942887132959e-05,3.761606575383506e-05,0.006058714667583395,2.038010292509011e-05,2.708445296401836e-05
33,1.2027667032290879e-06,8.575767826453098e-09,3.583182723001111e-05,0.0009569561585610027,0.00037216844856047905,5.317682402413663e-05,8.634077641973294e-05,2.530338570432624e-05,3.066810824686294e-05,0.00019271442790602647,1.710983653500649e-05,2.6212193697725214e-06,0.0003368838585050016,0.0051998995251163254,4.034896880237926e-07,0.00015658248147106609,3.3932628369402282e-06,0.0005579568941830405,1.4174871147918549e-05,0.9854780474569867,9.262354444518896e-05,3.392210467269529e-05,0.006303614962460075,2.152495798863007e-05,2.687023546968687e-05
34,1.2406144479805694e-06,8.884784769440427e-09,3.613174976609468e-05,0.0010445360407767938,0.00036044533737246464,5.4956252427922336e-05,9.331830837208402e-05,2.7186933089350628e-05,3.11870836747384e-05,0.00020256674340701593,1.797132523993278e-05,3.2359510343685784e-06,0.00040942419849295474,0.005829743322234258,3.6273001009625196e-07,0.0001779700318480244,4.247745192959795e-06,0.000674258330295928,1.4365054480082394e-05,0.9849393685372639,8.803582039047065e-05,3.668689054813508e-05,0.005905993637834761,2.0272386167377276e-05,2.6486090847510582e-05
35,1.998568528785e-06,1.1766036197477902e-08,4.231404820951123e-05,0.0010387728045354828,0.0003722307466273834,5.3805658651571906e-05,0.00010471561989398505,3.736052478377628e-05,3.67615454607946e-05,0.00023131774542385476,1.709033562611137e-05,4.063322572655299e-06,0.00050133346557861,0.005382654735496027,3.12903096376752e-07,0.000193066027309479,5.217208960207166e-06,0.0009338091332550971,1.8764463593801455e-05,0.9860224404038106,8.217981977967539e-05,3.9151512359816823e-05,0.004832678287808195,1.934183145725665e-05,2.8607521144783736e-05
36,1.3260286261701932e-06,9.522707353182886e-09,3.7744631414298305e-05,0.0010560187174292405,0.0003778516117603882,5.6270493511384104e-05,9.39663309179356e-05,2.8010722444230257e-05,3.208969589810617e-05,0.00020176645835800162,1.9061458092037047e-05,3.3438631790269643e-06,0.0004290129381253575,0.005941458137462095,3.770200015388016e-07,0.0001784482575481375,4.340037340366968e-06,0.0006835418733511587,1.530510539564328e-05,0.9845694598892182,8.964732518159647e-05,3.735546026105482e-05,0.006095531190092321,2.093342432292678e-05,2.7129807361575033e-05
37,1.188132930188684e-06,1.0130176806063099e-08,3.505413460634219e-05,0.0010116561091813956,0.00040519391578033046,5.84634209274905e-05,0.00010027306112304706,2.931146349147636e-05,3.356408552197501e-05,0.00019754519371087184,1.8887890746167063e-05,3.666431716647597e-06,0.000455358087521684,0.005818855710520876,3.93078613554214e-07,0.0001954448457191199,4.267030117085952e-06,0.000634979702379952,1.649905440796213e-05,0.9845314686156021,9.410165941237044e-05,3.8639690362967084e-05,0.006270113312101591,1.7868871064412964e-05,2.7196372263675186e-05
38,1.3098087175335155e-06,9.498592948088668e-09,3.608101208554739e-05,0.0010194454720076746,0.00036761837388729743,5.924836827470375e-05,9.874486473918303e-05,2.8531164352831005e-05,3.075929216999076e-05,0.0001965882425992707,1.9218646149518115e-05,3.469140601814897e-06,0.0004353058438089776,0.005688203530200003,3.9520913922047934e-07,0.00019370135663571364,4.335982543710134e-06,0.0006744549648078401,1.6215636848440743e-05,0.9847090268346603,9.17003688091057e-05,3.6498986434753815e-05,0.006242816831946227,1.9770709447368987e-05,2.6549860539960382e-05
39,1.2352001317860788e-06,8.891188886630616e-09,3.611114837621753e-05,0.0010300382102830835,0.0003610284888841734,5.464234380790893e-05,9.575181949367902e-05,3.077221094673721e-05,3.0919891997721915e-05,0.0001863585894728962,1.7473835714338295e-05,3.2746294861976966e-06,0.00042391886717051933,0.005282904990597473,3.8061866552838027e-07,0.00018127665102066396,4.256524336518038e-06,0.0006310204988978866,1.569954564393997e-05,0.9851322718594522,9.168670785751649e-05,3.7057207289701904e-05,0.006307143878816231,1.8551860888865792e-05,2.6215529579307536e-05
40,1.2513181761553472e-06,1.0195031801556332e-08,4.143791069060373e-05,0.0009475547073814849,0.00041035402092141486,5.4905896251222045e-05,8.60301299574983e-05,2.479657551406489e-05,3.014466257985728e-05,0.00019447508977103853,1.8590558046419943e-05,3.4726985822272576e-06,0.0004216536100648464,0.006227833210480853,3.6131238891422244e-07,0.00015850374730333092,3.958156683253413e-06,0.0006659918446696052,1.5544233679934807e-05,0.9850939593970145,8.586491379858945e-05,3.819053819887822e-05,0.005428349840672443,2.016610002475285e-05,2.659933211618335e-05
41,1.0705253561695385e-06,6.078780830285539e-09,2.8408808085354097e-05,0.0008020663235141581,0.0002670898955773715,4.240457373934358e-05,8.229665113836047e-05,2.283171857628357e-05,2.0563134833838684e-05,0.0001640478414743912,1.5793076770753857e-05,2.7485280693451237e-06,0.00031123865262983145,0.005325244448734852,3.375171637697996e-07,0.00013655369478338385,3.2636657660848925e-06,0.000645583216690808,1.3555423172103653e-05,0.9860803718248647,8.48014589545024e-05,3.5355337591584444e-05,0.005870900262656471,1.773447618325327e-05,2.5732864892464373e-05
42,1.2362212274374605e-06,9.349712487223592e-09,3.949826415211382e-05,0.000996173332842153,0.00034337287265321574,5.393046818901706e-05,9.433893050501388e-05,3.347352274549666e-05,2.9115776013853828e-05,0.00019181994273551777,1.769201632854006e-05,3.423893723797594e-06,0.00045997227689435874,0.005132256321977913,3.8530905254353665e-07,0.00017267793781484682,4.349446293272449e-06,0.0006121697728174635,1.6839950759604786e-05,0.9860984777376507,9.378967140976216e-05,4.076772893155698e-05,0.005522718599618948,1.800834463233465e-05,2.350231131769176e-05
43,1.238934940993377e-06,8.83316261786424e-09,3.518195519456894e-05,0.000981411979995846,0.00035767248758364177,5.381323735555355e-05,8.847790786247926e-05,2.615362474984028e-05,3.205809398440167e-05,0.00020923426472056636,1.7227134470714175e-05,3.012766247482924e-06,0.0003782042145630939,0.005679082919608452,3.604906788058714e-07,0.00017007577798584082,4.0126574674122566e-06,0.000640913678541139,1.4295300920186614e-05,0.9854286086445513,8.500791512138253e-05,3.669104474236219e-05,0.005709966455649792,2.0545929064553196e-05,2.674375083700936e-05
44,1.3252882733096665e-06,9.550931441550697e-09,3.764972143629475e-05,0.0010573991787258493,0.0003771993395809935,5.6470449656667206e-05,9.435531322371861e-05,2.815929250573051e-05,3.232517931108575e-05,0.00020200936621420364,1.9073938631986794e-05,3.364705559902906e-06,0.00043151952508604864,0.005949768457580803,3.776278711483037e-07,0.00017970988057568573,4.382059820070505e-06,0.0006845544056539962,1.53321042218676e-05,0.9845485199193758,8.929124952694785e-05,3.7542226702735036e-05,0.006101594060998129,2.090048586514137e-05,2.7166672670588942e-05
45,1.3334834394506692e-06,9.556907200708516e-09,3.745512708803748e-05,0.0010623477403984049,0.0003854616314871829,5.568828458331545e-05,8.912135121313544e-05,2.6279575258226576e-05,3.1689098741535775e-05,0.00020117791633397967,1.9576857396294943e-05,3.4656231614511894e-06,0.0004258876995707909,0.006358955485599036,3.572236335356902e-07,0.000172219598169291,4.39866532809697e-06,0.0007190862056013542,1.4880533509980461e-05,0.984061438749075,8.950523974373711e-05,3.7141430085821295e-05,0.006153762189071507,2.1138840050854958e-05,2.7621894552697158e-05
46,1.3867393509577628e-06,9.634964838675702e-09,3.8731207824568094e-05,0.001175019074887467,0.0003560283246750276,6.0822938876475915e-05,9.507189866301516e-05,3.0610022598991194e-05,3.3871936484172464e-05,0.00020625424241996757,2.0006684521443974e-05,3.508117290271035e-06,0.0004533025354738941,0.006029679529538305,3.951045268983217e-07,0.00019117563909716912,5.099135170426092e-06,0.0007068929085054523,1.5171512450330157e-05,0.9839133539978171,9.17583977118523e-05,3.86888812869308e-05,0.006483600990393129,2.270157786075888e-05,2.6858967610698508e-05
47,1.0695509523824928e-06,8.43167856396962e-09,3.844318775876183e-05,0.0014126393078956615,0.00044802448511853106,6.0879975590049736e-05,9.031266470888728e-05,2.2457375332563845e-05,3.281364481633564e-05,0.00020167409239781414,2.2662196450141023e-05,2.913626949504178e-06,0.0004219520840182563,0.007640789839636169,3.986799103721803e-07,0.00018704234187815448,4.173140053449185e-06,0.0006502768302100635,1.1511997095528048e-05,0.980452669893689,9.980707734313572e-05,3.259904067823222e-05,0.008111383105832292,2.5157534723253794e-05,2.8339895282989705e-05
48,1.6693380355105271e-06,1.2634142745664165e-08,4.329538640197676e-05,0.001141132751750277,0.00038429278164988983,6.963961267432116e-05,0.00011484664550200259,4.0472520455964406e-05,3.781891961193417e-05,0.00020438753574802628,2.183417785466389e-05,4.299699990708893e-06,0.0005920144165892667,0.005470850642431784,4.5254917210764743e-07,0.0002235716843675835,5.881907708443609e-06,0.0007184418470699956,2.1107243931571346e-05,0.9843075997247148,9.598610447565538e-05,4.22607151755588e-05,0.006410858633203803,2.0444021980189532e-05,2.6828505360924275e-05
49,1.2261131640061674e-06,9.126928626698113e-09,3.843745055380777e-05,0.0009796510654793073,0.00035824718570798335,5.4060663552896075e-05,8.690417791021425e-05,2.6400860648463126e-05,3.004832372517454e-05,0.0001962844513902363,1.7559023162704233e-05,3.3014390434444726e-06,0.0004095820435597313,0.0057978127629090374,3.490729178428997e-07,0.00016199493933985573,4.177873280675443e-06,0.0006614311234287863,1.4682435789485454e-05,0.9855571307884967,8.483202712301055e-05,3.779929790903567e-05,0.005432773940947053,1.9947332143698783e-05,2.5356480888213255e-05
50,1.2246627944223946e-06,8.210234473993096e-09,3.2324293014573967e-05,0.0008494144959758171,0.0003323107334967406,4.6129981963987654e-05,0.00010279172355366476,2.766475871510316e-05,3.0812155852939016e-05,0.00022262932215410896,1.448717261705575e-05,2.7696601122800486e-06,0.00036024801392868944,0.005128777012651561,3.4050703071313466e-07,0.0001693583780863136,3.582212004654834e-06,0.0006517971531558417,1.5140139631008076e-05,0.9870022169842596,7.755770244628586e-05,3.850745063366187e-05,0.00484347469539962,1.7654212706581275e-05,2.877836758005586e-05
51,1.7031166605866336e-06,1.5271443299323855e-08,5.688330154709504e-05,0.0018387386852471896,0.0005156132482695428,7.708308325019242e-05,0.0001154347827600295,3.6331897512171525e-05,4.765938360160701e-05,0.0002737492304818033,2.917413488684065e-05,4.453409631226685e-06,0.0007052439377801192,0.008501980160725092,4.559871366518199e-07,0.0002245112659819542,6.87805600598375e-06,0.0008355784531369149,1.5688809183810757e-05,0.9798294366485386,0.00011274504315893926,4.577941374230655e-05,0.006665217420807816,3.1035369922034265e-05,2.8609888588179488e-05
52,1.318846706768923e-06,1.09702085648329e-08,3.9732220603682753e-05,0.0010510650565488963,0.0004070962152205424,5.846965827740233e-05,0.00010328027288148714,3.31503600413201e-05,3.4675950554224955e-05,0.00019129342563078725,1.990263420931997e-05,3.495887351154077e-06,0.00046969372079420663,0.00558866297981981,4.475749867050794e-07,0.0001784476421658503,4.40511520773298e-06,0.0006057974637143471,1.755799005059102e-05,0.9843082554064155,0.00010073285178417585,4.1079827724647786e-05,0.006693476848832194,1.9878768418865923e-05,2.807231185128982e-05
53,1.2444105374909235e-06,9.030571790923594e-09,3.418035552278715e-05,0.0010255466424353957,0.0003645230976279548,5.527431499685969e-05,0.00010062560569437853,2.8153711411236378e-05,3.301725011943451e-05,0.00019809581870905112,1.8336515206154156e-05,3.252301847879108e-06,0.0004119232246609685,0.005753347717171093,3.92169997605004e-07,0.00018604246289445934,4.264468602437401e-06,0.0006610716742581115,1.4973145307452647e-05,0.9845759245100552,8.752131550530326e-05,3.7637920257816076e-05,0.006356252924432033,2.0103124059319943e-05,2.828628811790207e-05
54,1.330966011376915e-06,9.644497519916693e-09,3.74381202651353e-05,0.001052091727853976,0.0003783573370605245,5.66675153111729e-05,9.525787278477608e-05,2.8166453034792258e-05,3.262274045903306e-05,0.00020393062116810847,1.9037552681514674e-05,3.389323520803298e-06,0.00043125139708218366,0.005962002545279795,3.786904325754501e-07,0.00018154615625155606,4.392791086375091e-06,0.0006884686809183461,1.542108438336758e-05,0.9845562832844245,8.91164290922124e-05,3.770697881713202e-05,0.006076819220843316,2.087350324617711e-05,2.7439363493488817e-05
55,1.2661826313853462e-06,8.891505223672305e-09,3.7339923043035014e-05,0.0010548237959552072,0.00036113121050964904,5.5784281802148104e-05,8.992452114938369e-05,2.731164185021619e-05,3.086014376253776e-05,0.00020071343099205136,1.8841185844294152e-05,3.1305548962327113e-06,0.0004143110376055709,0.005919476021257804,3.759013392574964e-07,0.00017389061088013893,4.271833553114768e-06,0.0006556798899706722,1.4726630429254926e-05,0.9846148368131252,8.841630617696685e-05,3.710050327023246e-05,0.006148322026087479,2.1152839325519622e-05,2.6303823037246526e-05
56,1.3608531397327956e-06,1.00801239131e-08,3.863756459937242e-05,0.0010800448138714857,0.0003896947339036206,5.764315189298131e-05,9.68545431332242e-05,2.906664622273158e-05,3.3310884159209705e-05,0.00020411063163482557,1.974392547692759e-05,3.5464620290077072e-06,0.00045564056435297396,0.006087469033314246,3.8326486678395957e-07,0.00018413656055079613,4.5539565465675575e-06,0.0007007359381618279,1.5905641536303113e-05,0.9842877364886385,9.051342548183945e-05,3.853551046711554e-05,0.006131899263184555,2.093609870660155e-05,2.7529964004654694e-05
57,1.6567723115338345e-06,1.034819446728353e-08,4.062443192799169e-05,0.0016427789002590421,0.0004019787755468151,6.886307182223281e-05,0.00010928233991425767,2.720142150844337e-05,4.9056061100624945e-05,0.00027769152506251755,2.3870646696380905e-05,2.8212320317581466e-06,0.0004273783959548618,0.007926184867110095,4.480356871531109e-07,0.00021280540077393367,5.69648913541592e-06,0.00081648073912289,1.151264730331278e-05,0.9799172103481227,8.977868263975292e-05,3.6689886406489584e-05,0.007837273487515195,3.7653425316410136e-05,3.505206853552462e-05
58,1.3617220532866788e-06,9.717982970410346e-09,3.8263230961868726e-05,0.0010734041573587621,0.00037508688963845595,5.7696671352371324e-05,9.497814387211595e-05,2.8322971260234475e-05,3.29974278715881e-05,0.00020587196851718273,1.9458971540499545e-05,3.344107065043278e-06,0.0004301034143292325,0.005994251652037168,3.90506989041681e-07,0.0001809378792089504,4.4683817770259604e-06,0.000686342743494427,1.5368724986161537e-05,0.9844267402912694,8.958094087766544e-05,3.8032623198976634e-05,0.006153405048971329,2.2058893465274402e-05,2.7522919920934806e-05
59,1.3301156861169629e-06,9.306696489659797e-09,3.837262009553977e-05,0.0010596815884100423,0.0003642364731666157,5.637227693753184e-05,9.199587266263112e-05,2.749706099419352e-05,3.2221641602960765e-05,0.00020622785858027807,1.8852642357116187e-05,3.1713355437723995e-06,0.00040788139925179137,0.005903463528561121,3.870651112281667e-07,0.00017423707749920152,4.345075774199357e-06,0.0006721151676211745,1.4761976940566735e-05,0.984709764015086,8.823586416180393e-05,3.763126855874003e-05,0.006037520485608617,2.2459558503906174e-05,2.722872458821799e-05
60,1.3252882733096665e-06,9.550931441550697e-09,3.764972143629475e-05,0.0010573991787258493,0.0003771993395809935,5.6470449656667206e-05,9.435531322371861e-05,2.815929250573051e-05,3.232517931108575e-05,0.00020200936621420364,1.9073938631986794e-05,3.364705559902906e-06,0.00043151952508604864,0.005949768457580803,3.776278711483037e-07,0.00017970988057568573,4.382059820070505e-06,0.0006845544056539962,1.53321042218676e-05,0.9845485199193758,8.929124952694785e-05,3.7542226702735036e-05,0.006101594060998129,2.090048586514137e-05,2.7166672670588942e-05
61,1.3410193175879131e-06,9.365897181873091e-09,3.908948767145194e-05,0.0010579487053592727,0.00036613265417790246,5.634991603141427e-05,9.066897371289263e-05,2.7739904073719296e-05,3.146952273255784e-05,0.0002029222820965179,1.8886831168529824e-05,3.233972820481585e-06,0.00041744326604336283,0.005879236988394737,3.7819525098641906e-07,0.0001730531597969818,4.35167326263128e-06,0.0006779174011561968,1.4980756889317486e-05,0.9847949651682147,8.869769562490686e-05,3.73080409765784e-05,0.005967365359903534,2.1951602180360623e-05,2.6558057246062503e-05
62,1.3252882733096665e-06,9.550931441550697e-09,3.764972143629475e-05,0.0010573991787258493,0.0003771993395809935,5.6470449656667206e-05,9.435531322371861e-05,2.815929250573051e-05,3.232517931108575e-05,0.00020200936621420364,1.9073938631986794e-05,3.364705559902906e-06,0.00043151952508604864,0.005949768457580803,3.776278711483037e-07,0.00017970988057568573,4.382059820070505e-06,0.0006845544056539962,1.53321042218676e-05,0.9845485199193758,8.929124952694785e-05,3.7542226702735036e-05,0.006101594060998129,2.090048586514137e-05,2.7166672670588942e-05
63,1.3481647865923441e-06,9.814085293139536e-09,3.809359454905038e-05,0.001064552885219015,0.0003823840216611241,5.7032209221757756e-05,9.536591464392704e-05,2.848172386698005e-05,3.290128488902612e-05,0.00020368293499333805,1.9317187559912183e-05,3.4255511426935907e-06,0.00043817201512626343,0.00599273231857507,3.8136178984608273e-07,0.00018099159723448304,4.444355243130901e-06,0.0006908515965234503,1.5530123531542887e-05,0.9844702379824539,8.987552931080598e-05,3.793599176772637e-05,0.006103761724187514,2.1083473367667273e-05,2.7406644269907946e-05
64,1.3176154160049608e-06,9.672249024494378e-09,3.8037860246588206e-05,0.001059184603083371,0.00038026591420462397,5.6021513856522184e-05,9.45755089952563e-05,2.8615399374414087e-05,3.152632446645477e-05,0.00019995481414090854,1.914914938448963e-05,3.3593908306328865e-06,0.0004239785088045409,0.005820095443906246,3.889886071358872e-07,0.00017442304761756608,4.263798407217324e-06,0.0006686094885695164,1.5422070505222116e-05,0.98461627400283,9.553233024696833e-05,3.767782711203823e-05,0.006183537808864774,2.0745751155867482e-05,2.7033167124422588e-05
65,1.4175061218049016e-06,6.648866146287512e-09,1.7876864089314677e-05,0.0006143627173651734,0.00031735996790721127,3.768489664027436e-05,9.644452112731639e-05,1.7347905346467193e-05,3.6339108828745913e-05,0.00025070295234467903,1.13541018460922e-05,3.5969338265753525e-06,0.0003087600107305056,0.0061258236311294515,1.6561627766995972e-07,0.00022735610479974642,3.478326705080975e-06,0.0011799273835046396,1.3305038994151352e-05,0.9871794196231071,3.9273515091731646e-05,3.106621874482126e-05,0.003437311826076672,1.450958661842556e-05,3.510899391027153e-05
66,1.5082107136698729e-06,8.025709124642974e-09,3.14675745575264e-05,0.0007573317097899683,0.0002246603757516336,5.9109989969935366e-05,9.968389538183836e-05,3.992978144621971e-05,3.5523691407811014e-05,0.0001401550478540209,1.4455197515642452e-05,2.4561140390199483e-06,0.00031375449984417594,0.003214766507916109,5.534876195392145e-07,0.00015899614018341168,4.3490825804654636e-06,0.0004857110580765581,1.8510954739070863e-05,0.9865068050226237,7.557241009517669e-05,3.748204849421922e-05,0.007727897099243108,2.1798964510116594e-05,2.751310993796537e-05
67,9.875323788534614e-06,1.2661721237286587e-07,0.00023216639487891392,0.004340498170168542,0.003056559338217307,0.00011577457555210543,0.0004676245967040555,0.00019107467820845357,0.00019733804171067173,0.0005795246651450202,6.0942804632865586e-05,1.4850417394113747e-05,0.004108614433418279,0.008910902601592684,7.595313101348565e-07,0.0006826938769202268,1.3374610957650791e-05,0.002202433068483185,6.45417342953498e-05,0.9692564263974018,0.0001805855602155603,6.485450393415017e-05,0.005164047927660176,3.038749593893921e-05,5.4022634258847515e-05
68,1.6699177491957576e-06,1.622576920253293e-08,4.4390728956311485e-05,0.0011757215893583067,0.0005261834990823114,8.246283655211973e-05,0.00010274237668541237,2.3924830702750914e-05,5.071731800054183e-05,0.0003233019886529677,2.8525544804798543e-05,3.2376277514796643e-06,0.00033560434796455396,0.008172841399722425,8.200033510520328e-07,0.0002113484977205397,5.079326783528032e-06,0.0005923450021758673,1.6397052262396324e-05,0.980332774880048,0.00011096410361856645,5.67518557411429e-05,0.0077115851532765685,4.680634438121318e-05,4.378754888879149e-05
69,2.3844123184469005e-06,2.3578944798411795e-08,6.641188726092422e-05,0.0022316743728389263,0.0009396726078485087,8.210888475465004e-05,0.00017974242019421958,3.9440553560253424e-05,8.670171216742137e-05,0.00040985339054191934,3.0117144720295087e-05,4.636494220204693e-06,0.000716688210171769,0.010121367459948462,5.761416822193427e-07,0.0003564230832308557,7.174589041323751e-06,0.0011080470897047907,1.657290293419858e-05,0.9759843793773789,0.00010751225836431331,4.8118308176270136e-05,0.007367844522264479,3.927810271202103e-05,5.3250495019561576e-05
70,4.167955761865222e-06,2.634665387399642e-08,7.314335581581228e-05,0.0012123812390469864,0.000537780596510539,6.905110455555811e-05,0.00016767361312639134,6.535004176039712e-05,2.3477721909847374e-05,0.0001917276566736034,4.34814748216827e-05,7.920841963414999e-06,0.0009444289473251907,0.006162064087813392,7.247857681375648e-07,0.0001779867352850845,5.738315336658428e-06,0.0011827070402441432,4.963943498638779e-05,0.9812592054356543,0.00023092162522451285,5.718869710057308e-05,0.007476191669619848,2.2445218214851956e-05,3.457605882711708e-05
