,0,1,2,3,4,5,6,7,8,9,10,11,12,13,14,15,16,17,18,19,20,21,22,23,24
0,2.0736191918801733e-06,1.0946392658137797e-08,4.9623053105330174e-05,0.0011463064392652315,0.0004701603125342652,5.532095426961486e-05,9.00342606021549e-05,1.674282478493408e-05,4.74772038246836e-05,0.00032327294331238436,2.7115188925063104e-05,1.2146418982483275e-06,0.0001359408646219785,0.008214142889773273,1.1613817231804607e-06,0.00010910552583912637,3.321327383705431e-06,0.0005746567812776449,8.449400679731122e-06,0.9781034086037833,0.00010544333470786617,5.154779185682345e-05,0.010314805732059527,8.497288025968956e-05,6.369109792762252e-05
1,1.5192812974911298e-06,7.664359712333503e-09,3.4949617409389334e-05,0.0007783396442761256,0.0003323412679419402,4.834319064801681e-05,7.208014985680427e-05,1.422046345497241e-05,4.015258781884318e-05,0.00028509379141963213,1.7752272467719203e-05,9.342820886912214e-07,0.00010097185368778037,0.005756249659124925,8.87103100436573e-07,9.857474567550227e-05,2.476234596443749e-06,0.00041366561448043346,7.782541636135427e-06,0.9834940894112479,8.115875132982635e-05,4.3342497273282474e-05,0.008261116883610933,6.567212775301046e-05,4.8278363444106503e-05
2,4.949978410865065e-06,3.267709285057459e-08,0.00011963462079862117,0.004306986070867409,0.0010469406215023577,0.00014790180894663462,0.00015513180887949363,2.7937001894700173e-05,8.728575437834633e-05,0.0004826086710106826,9.658714757708779e-05,3.935813788603397e-06,0.0005059286467270565,0.017789741367462537,1.9064368511659573e-06,0.0002741344110640503,1.0684286271145274e-05,0.0014125221629788267,1.2784716610848628e-05,0.9560560289741962,0.00021337976257871928,5.562094211913822e-05,0.01689376323298261,0.0002073867502279471,8.618633478204481e-05
3,1.5441563638416352e-06,7.529576368522048e-09,3.5606654873140834e-05,0.0008021964214323692,0.0003286197452456412,4.835634260077601e-05,7.234722603880552e-05,1.415779013421207e-05,3.837863964276166e-05,0.00027750615814365606,1.827167660813771e-05,9.30911953074497e-07,9.984178619958579e-05,0.005964998309007022,9.038370837333308e-07,9.431957157649207e-05,2.4687126099615476e-06,0.00042958552345627026,7.674387644214156e-06,0.9828602120090264,8.529983505735993e-05,4.313173326276838e-05,0.008657551713786816,6.663410135902116e-05,4.945522731768502e-05
4,1.590397295944321e-06,8.107864755846133e-09,3.657332480173267e-05,0.000839877470726637,0.0003470406265924956,4.9793619736039785e-05,7.543192335080782e-05,1.4735552297009208e-05,3.995218939787083e-05,0.00028092318905992823,1.9475544874633066e-05,1.0110173223962677e-06,0.000109783535605126,0.006302798953565564,9.117604942439126e-07,9.79294856172402e-05,2.627816351909283e-06,0.000446562363428136,8.114147311993252e-06,0.9821483402343837,8.77174297674423e-05,4.474563822606377e-05,0.008926993936067539,6.634727455042118e-05,5.0714461310551224e-05
5,1.5275353944881278e-06,6.698643049608366e-09,3.4254168310630117e-05,0.0007886959175098973,0.00029833644712783374,4.496870448616447e-05,6.880950855236339e-05,1.3678236588702338e-05,3.640059430732901e-05,0.00027655161020202995,1.719817862731037e-05,8.691610591859962e-07,9.301680613606349e-05,0.005701646775523646,8.384458401093716e-07,9.023470524956844e-05,2.380344478012674e-06,0.0004405806583911015,6.988877846257506e-06,0.9836362918989026,8.101835750077596e-05,4.143060108128224e-05,0.008208321923019356,6.838425050674507e-05,4.7569594715479863e-05
6,1.5441563638416352e-06,7.529576368522048e-09,3.5606654873140834e-05,0.0008021964214323692,0.0003286197452456412,4.835634260077601e-05,7.234722603880552e-05,1.415779013421207e-05,3.837863964276166e-05,0.00027750615814365606,1.827167660813771e-05,9.30911953074497e-07,9.984178619958579e-05,0.005964998309007022,9.038370837333308e-07,9.431957157649207e-05,2.4687126099615476e-06,0.00042958552345627026,7.674387644214156e-06,0.9828602120090264,8.529983505735993e-05,4.313173326276838e-05,0.008657551713786816,6.663410135902116e-05,4.945522731768502e-05
7,8.608534077433709e-07,4.453732898372484e-09,1.7273039224964367e-05,0.0005269131336735702,0.0002392107772029269,4.4549840641570585e-05,5.979179875060613e-05,8.370024710593124e-06,3.2454315365918714e-05,0.00025850685535048617,1.1980997648625657e-05,5.788694544238341e-07,4.01716145839621e-05,0.005514516001590076,1.058591375711302e-06,8.453955152582028e-05,1.4252539429568475e-06,0.0002887114329644796,4.853534886065322e-06,0.9821305307395352,8.250475353859001e-05,3.80994729406254e-05,0.01049947345183202,5.739331987591126e-05,5.622732224409132e-05
8,1.6802347841066338e-06,7.211224667893706e-09,3.7156255966292834e-05,0.0008271054598159932,0.00029953439963866397,4.695250963706821e-05,7.096306134851429e-05,1.3961536159394897e-05,3.9487570946442566e-05,0.0003046995485615801,1.8512691072740887e-05,7.907695748522685e-07,8.71931121850783e-05,0.0059605860295605575,1.0040012380252345e-06,8.981850328697977e-05,2.4621293171825018e-06,0.00043628052905899143,6.765517803925536e-06,0.982801423065913,8.401474888028523e-05,4.4063645309108295e-05,0.00868985353638629,8.391151407536586e-05,5.1772418254937397e-05
9,1.5125266497987272e-06,6.5318729982382974e-09,3.6170088027608634e-05,0.0007733534373483499,0.00027716890570941757,4.644685358467941e-05,6.347008526581031e-05,1.3623586534322059e-05,3.600321455528177e-05,0.00028407828991887347,1.71346801888169e-05,7.660622821561958e-07,8.834223018333356e-05,0.005543165890214896,8.838611397000849e-07,8.659349393953759e-05,2.373556851581737e-06,0.00040028439040763525,6.7548494483719685e-06,0.9840177786803158,7.814643297720722e-05,4.162364556773347e-05,0.008066996420776634,7.357478564221379e-05,4.3747500597120295e-05
10,1.5441563638416352e-06,7.529576368522048e-09,3.5606654873140834e-05,0.0008021964214323692,0.0003286197452456412,4.835634260077601e-05,7.234722603880552e-05,1.415779013421207e-05,3.837863964276166e-05,0.00027750615814365606,1.827167660813771e-05,9.30911953074497e-07,9.984178619958579e-05,0.005964998309007022,9.038370837333308e-07,9.431957157649207e-05,2.4687126099615476e-06,0.00042958552345627026,7.674387644214156e-06,0.9828602120090264,8.529983505735993e-05,4.313173326276838e-05,0.008657551713786816,6.663410135902116e-05,4.945522731768502e-05
11,1.5742060663801298e-06,7.750263046334905e-09,3.6116645116042e-05,0.0008201198451263747,0.0003309306657170875,4.9136236241155055e-05,7.39553878924587e-05,1.4664044067338553e-05,3.930506097865254e-05,0.0002796922569923413,1.8580492928516447e-05,9.621670170746395e-07,0.0001046495828627361,0.00602263128284956,9.051514012157213e-07,9.665795230629664e-05,2.5760533183912535e-06,0.00043608986121547585,7.890736149664415e-06,0.9826921241242194,8.54292290821174e-05,4.3948520488452184e-05,0.008725628055443866,6.674703359657453e-05,4.967765865963386e-05
12,2.2152531861917445e-06,8.658582582888941e-09,6.711576181837533e-05,0.0020045951622995775,0.00018295844590418865,0.00010428330673493726,0.00010480412484886312,4.279172694356528e-05,6.398364833874626e-05,0.0004676483446557777,2.56428221553918e-05,8.585426152874248e-07,0.00023682855433052025,0.0049405784370214765,1.4611760310895473e-06,0.00019842152262626814,8.260325054137004e-06,0.0003791421314309068,9.016913110422338e-06,0.9820739964676621,8.300251956739656e-05,6.552697884450925e-05,0.008757135593388839,0.000150140235828294,2.9583347020640083e-05
13,1.8562663002629246e-06,1.036635150670282e-08,4.228665521857788e-05,0.0011003605408160153,0.0004435549466933855,6.017347048936367e-05,8.482181613235302e-05,1.580028195544888e-05,4.6790227846314553e-05,0.00029009985962640775,2.90189989342469e-05,1.256141545885767e-06,0.00014778530013793,0.007974406160259712,1.1112502639483342e-06,0.0001159288434432294,3.2506481175881414e-06,0.0005131255079066072,9.05137952116951e-06,0.9772582202635757,0.00010424265611006032,4.608462692503231e-05,0.011574278249313246,7.979062365042704e-05,5.669491886564168e-05
14,1.4589886782526013e-06,3.4863225791966223e-09,3.342094864755916e-05,0.0008346426891361019,0.00015075187352999817,2.6827007624501188e-05,6.427952874775352e-05,1.94942972342527e-05,4.7312207744950796e-05,0.00029925619916481644,9.608109859837031e-06,3.4551968711468087e-07,5.19461418128084e-05,0.0037546810638981465,8.330407378308772e-07,6.178471574489097e-05,2.659486641333663e-06,0.0003796833731415876,3.5235026951881997e-06,0.9859301924165914,5.1873384650338534e-05,4.55901880943647e-05,0.008098083841806814,8.236192974019231e-05,4.938605806736528e-05
15,1.5441563638416352e-06,7.529576368522048e-09,3.5606654873140834e-05,0.0008021964214323692,0.0003286197452456412,4.835634260077601e-05,7.234722603880552e-05,1.415779013421207e-05,3.837863964276166e-05,0.00027750615814365606,1.827167660813771e-05,9.30911953074497e-07,9.984178619958579e-05,0.005964998309007022,9.038370837333308e-07,9.431957157649207e-05,2.4687126099615476e-06,0.00042958552345627026,7.674387644214156e-06,0.9828602120090264,8.529983505735993e-05,4.313173326276838e-05,0.008657551713786816,6.663410135902116e-05,4.945522731768502e-05
16,1.7677169920577721e-06,8.917978281159564e-09,4.101137763312962e-05,0.0008435348114376542,0.00035939446345632813,4.9840604125683714e-05,7.894893226427164e-05,1.7239046089492163e-05,4.971301671489197e-05,0.0002688022753069344,1.954166921475567e-05,9.509968724480543e-07,0.0001194257749975656,0.006017714216002676,1.0035836040425385e-06,9.732310320410039e-05,2.9272098129008307e-06,0.0004181702613424831,8.774280199368107e-06,0.9819900526301272,7.374566637864078e-05,4.876094713567633e-05,0.009366888715823566,7.143945369986688e-05,5.3020329585732875e-05
17,1.6144812692291928e-06,8.871555722589686e-09,4.040007526251755e-05,0.0008980659453640247,0.0003619195227458968,6.477888395399965e-05,8.476090644728565e-05,1.4055913620962631e-05,5.470767253080028e-05,0.00037624507937109193,2.027863333502306e-05,7.448336066150248e-07,9.144237842546042e-05,0.005541710257684909,1.3332062734727801e-06,0.0001201213874287349,2.541973992860055e-06,0.0003485248097611028,7.4183281452509595e-06,0.9835051273324349,8.296136520117313e-05,4.3632284024366416e-05,0.00818931102149344,9.743063705380257e-05,5.086419901741706e-05
18,1.5309325799084366e-06,7.4307209088601524e-09,3.395775658688906e-05,0.0007751138949120217,0.0003184469908280749,4.719614380877161e-05,7.240199740851769e-05,1.3984022367803868e-05,3.845540805606483e-05,0.00027836189451237116,1.7791154126265197e-05,9.348255520581177e-07,9.71939990017123e-05,0.006031190147458181,8.860648925004619e-07,9.254806899909651e-05,2.4657699694329384e-06,0.00043592186771912087,7.616655536901645e-06,0.9828500452450746,8.378611575993027e-05,4.414908893700693e-05,0.008639639341767945,6.540818774048197e-05,5.0966995683378004e-05
19,1.37313443528013e-06,5.5149743283448344e-09,2.73599630772063e-05,0.000694630184331943,0.0002521886659713891,5.127956963877626e-05,5.530832383638406e-05,1.0420806587142287e-05,3.071302037520403e-05,0.00028645753709300055,1.7630627430850306e-05,6.607540526758847e-07,6.311699206198199e-05,0.005858753196101086,1.0435535842144734e-06,8.889557935196063e-05,1.956722695776775e-06,0.000363955634393202,6.161357961473009e-06,0.9819281780512767,8.832288370142112e-05,3.6746817685845313e-05,0.01000874122087545,7.819633958602927e-05,4.790354892067174e-05
20,1.5828458499706675e-06,7.47784246813732e-09,3.5572319307821026e-05,0.0007960080468809635,0.0003316797479230921,4.7031930427234875e-05,6.943669109547553e-05,1.368646864205601e-05,3.794592725775791e-05,0.00027635300619878483,1.809611828695507e-05,9.604926672746703e-07,0.00010094749677125592,0.0060604573228344874,8.384032982256768e-07,9.353399056807128e-05,2.45979337046211e-06,0.00045299644375074925,7.499591736210506e-06,0.9831082018533243,8.192758454241995e-05,4.1902026638389865e-05,0.008305413276774205,6.655386576907061e-05,4.890727824253779e-05
21,1.4720044449056687e-06,7.384663061740405e-09,5.008795240362159e-05,0.0009619203665029345,0.0002639567594353469,5.843338505631437e-05,9.90599397727812e-05,2.651848895834803e-05,4.660620683753279e-05,0.000245395882321961,1.6212994698106692e-05,8.12875360788073e-07,0.00013528203457275248,0.005016000091925363,1.20240649046451e-06,0.00010562173588355885,3.911258506521431e-06,0.00035320289310081276,9.3673915760546e-06,0.9824041963008863,7.04286231110791e-05,6.156313081344716e-05,0.009962471616024602,5.973428431788127e-05,4.653399233570686e-05
22,1.577248409817057e-06,7.191726606523944e-09,3.6539214860592104e-05,0.000834580316477216,0.000313526275873879,4.780442447081941e-05,6.905959316554684e-05,1.3768635801145865e-05,3.662246041224275e-05,0.0002894032983761669,1.866017841482535e-05,9.211148877666207e-07,9.780076146310105e-05,0.006077682790086613,8.806697622060497e-07,9.249538182998773e-05,2.523239301649356e-06,0.0004547660233582368,7.179256634492087e-06,0.9830939412001236,8.607349881151027e-05,4.2557971754144775e-05,0.008263135625145562,7.060108988956808e-05,4.789253896273989e-05
23,1.5441563638416352e-06,7.529576368522048e-09,3.5606654873140834e-05,0.0008021964214323692,0.0003286197452456412,4.835634260077601e-05,7.234722603880552e-05,1.415779013421207e-05,3.837863964276166e-05,0.00027750615814365606,1.827167660813771e-05,9.30911953074497e-07,9.984178619958579e-05,0.005964998309007022,9.038370837333308e-07,9.431957157649207e-05,2.4687126099615476e-06,0.00042958552345627026,7.674387644214156e-06,0.9828602120090264,8.529983505735993e-05,4.313173326276838e-05,0.008657551713786816,6.663410135902116e-05,4.945522731768502e-05
24,1.5376576277182349e-06,7.038747912372156e-09,3.513310077510836e-05,0.0007249891542569474,0.00028922838247604166,4.742787781998985e-05,6.93310113489829e-05,1.3772463871206632e-05,3.691436456799946e-05,0.0002747312957571961,1.6436489806670697e-05,8.043996070022024e-07,8.477371710563283e-05,0.005290425356575026,9.266506394528305e-07,8.366343379299788e-05,2.3064050807039126e-06,0.0003936612174528738,7.381278455057081e-06,0.9842680411007897,8.283682351101619e-05,4.258340787409684e-05,0.008116620083840221,6.844574206900244e-05,4.8021546151488895e-05
25,1.514010637324937e-06,7.824014773717935e-09,3.430283253589803e-05,0.0007400896666832419,0.0003264382431942895,4.990193963126323e-05,7.090550186705186e-05,1.3262170354869874e-05,3.981345296795129e-05,0.00028053696395675113,1.7477259035048408e-05,9.336165623407539e-07,9.187897707466697e-05,0.006079756088190732,9.230813877688076e-07,9.152761771911637e-05,2.4044059205568175e-06,0.00041889844095709724,7.6243146610003716e-06,0.9830416189118434,8.269624530335904e-05,4.440019160593422e-05,0.008444444791869336,6.702275681406278e-05,5.1620695212237764e-05
26,6.986514582620875e-07,7.713131527273349e-09,4.319184162810392e-05,0.0009010244955224949,0.0005463415232594863,5.080223261299729e-05,7.711842058659404e-05,1.1205148898082117e-05,1.2240068660689222e-05,0.00035542935594465763,1.6169812793981354e-05,2.3633073298687285e-06,0.00017271219223468235,0.011123900083382324,4.6259601807488447e-07,0.00012495209548382083,1.9581262668592503e-06,0.000631981040431908,1.0927263392545442e-05,0.9813564861764709,0.00017382187773921839,4.600744051241572e-05,0.004286989157477752,1.6452587840226092e-05,3.675679092220839e-05
27,6.8198851414737725e-06,2.046124697688335e-08,0.00019071886597491554,0.003390851375996296,0.0013531397431418592,7.214423394696485e-05,6.954666619416189e-05,2.0972251445741017e-05,1.5220273958742578e-05,0.00022067174753360717,8.122438835816723e-05,6.307846250711206e-06,0.0005715410383854947,0.01498336510682802,5.648228534710398e-07,0.00014591428153236085,4.85217455099417e-06,0.0031936601700870834,1.5773287237750677e-05,0.9651851596149209,0.0003071921318436065,2.2073891155818342e-05,0.010028162969253171,6.846595823420367e-05,4.563681392752682e-05
28,1.5441563638416352e-06,7.529576368522048e-09,3.5606654873140834e-05,0.0008021964214323692,0.0003286197452456412,4.835634260077601e-05,7.234722603880552e-05,1.415779013421207e-05,3.837863964276166e-05,0.00027750615814365606,1.827167660813771e-05,9.30911953074497e-07,9.984178619958579e-05,0.005964998309007022,9.038370837333308e-07,9.431957157649207e-05,2.4687126099615476e-06,0.00042958552345627026,7.674387644214156e-06,0.9828602120090264,8.529983505735993e-05,4.313173326276838e-05,0.008657551713786816,6.663410135902116e-05,4.945522731768502e-05
29,1.5441563638416352e-06,7.529576368522048e-09,3.5606654873140834e-05,0.0008021964214323692,0.0003286197452456412,4.835634260077601e-05,7.234722603880552e-05,1.415779013421207e-05,3.837863964276166e-05,0.00027750615814365606,1.827167660813771e-05,9.30911953074497e-07,9.984178619958579e-05,0.005964998309007022,9.038370837333308e-07,9.431957157649207e-05,2.4687126099615476e-06,0.00042958552345627026,7.674387644214156e-06,0.9828602120090264,8.529983505735993e-05,4.313173326276838e-05,0.008657551713786816,6.663410135902116e-05,4.945522731768502e-05
30,1.5441563638416352e-06,7.529576368522048e-09,3.5606654873140834e-05,0.0008021964214323692,0.0003286197452456412,4.835634260077601e-05,7.234722603880552e-05,1.415779013421207e-05,3.837863964276166e-05,0.00027750615814365606,1.827167660813771e-05,9.30911953074497e-07,9.984178619958579e-05,0.005964998309007022,9.038370837333308e-07,9.431957157649207e-05,2.4687126099615476e-06,0.00042958552345627026,7.674387644214156e-06,0.9828602120090264,8.529983505735993e-05,4.313173326276838e-05,0.008657551713786816,6.663410135902116e-05,4.945522731768502e-05
31,1.6578439229546268e-06,7.041211766765437e-09,3.8316145836759495e-05,0.0007629871707469142,0.0003084723157784953,4.279775908278396e-05,6.982211328015565e-05,1.5554179346290013e-05,3.4230845043356405e-05,0.0002571641163322921,1.5982859737605273e-05,8.994069474108229e-07,9.958578205059864e-05,0.0052355370485444525,7.973851443524896e-07,8.589027075468054e-05,2.3661048113395783e-06,0.0004488357124225631,7.946683336743017e-06,0.9844682670679684,8.193328123080175e-05,4.130475801301604e-05,0.007872060989181091,6.051200205304833e-05,4.707111722228503e-05
32,1.5266957697473604e-06,7.471202387857139e-09,3.5191539429201986e-05,0.000775833455556888,0.0003253873979181334,4.79342374156176e-05,7.193461983337142e-05,1.4126946365192247e-05,3.7522835486130655e-05,0.0002738685699130749,1.7935180022395967e-05,9.256813200414042e-07,9.842715463877477e-05,0.00587221547387501,9.028187006175742e-07,9.310522533153716e-05,2.4138965896184964e-06,0.00042181183338041065,7.852151156068792e-06,0.9830635106224802,8.498108963910135e-05,4.3357714806266144e-05,0.008595243680246785,6.469668146115785e-05,4.928702746239072e-05
33,1.5161407770883794e-06,7.256127187197343e-09,3.4826930021814804e-05,0.0007349633797746171,0.0003387411719513239,4.6357067710444345e-05,7.04978262516834e-05,1.3047895752059907e-05,3.631456303571954e-05,0.0002660625127207141,1.7452522087275225e-05,7.943446033671273e-07,7.814229358335241e-05,0.0053362627703389676,1.0381803439501726e-06,8.460451487908099e-05,1.986034514115923e-06,0.0003847532109031603,7.399227866475422e-06,0.9831738384454465,9.488935652438288e-05,3.9547912814787725e-05,0.009116736148346096,6.79301897490172e-05,5.229010387710195e-05
34,1.4345255282576222e-06,6.9385959241202925e-09,3.407778784605065e-05,0.0007897372629791764,0.0003126831015134774,4.7130764022770456e-05,7.112341046705126e-05,1.3733804081214827e-05,3.684385545198079e-05,0.0002784110821198545,1.7025027259404387e-05,8.870701743944206e-07,9.395312411830712e-05,0.005768826720928176,8.704612661564711e-07,9.396793284135243e-05,2.3712895052563757e-06,0.00041783932521150734,7.180825692749237e-06,0.9834312126190278,8.411038351076247e-05,4.200392422694466e-05,0.00834266271478237,6.418514531342111e-05,4.772090353578808e-05
35,2.1652971517684806e-06,7.844432377263332e-09,3.911616810650762e-05,0.0007810308820686952,0.0003047212505398827,3.934143918071476e-05,6.609109391581084e-05,1.718480253336818e-05,4.048533392520006e-05,0.0002931878004682592,1.5862050036872677e-05,1.0171259051665295e-06,0.00010989167027095028,0.005123589139957672,6.608326208732053e-07,8.731414380413101e-05,2.7994126682531024e-06,0.0005465152245755448,8.175266474317276e-06,0.9856175989224623,7.165947442619543e-05,4.323132405686075e-05,0.006673679414590624,6.675641288008325e-05,4.7917672947521386e-05
36,1.5515718700754727e-06,7.540021836481235e-09,3.578804589747448e-05,0.0008022677525790421,0.0003303746610441314,4.82274563534386e-05,7.22415697566265e-05,1.408266075475004e-05,3.813420491517227e-05,0.00027728429010449477,1.835752073562606e-05,9.298216439504345e-07,9.935306849129472e-05,0.005969856699732841,9.067165459447558e-07,9.373068742513579e-05,2.4486265013528723e-06,0.00043120833374410184,7.67073107847848e-06,0.9828548945619668,8.592860441917844e-05,4.295182009531427e-05,0.008655293582828733,6.691284810220965e-05,4.9596623392073874e-05
37,1.3047604355341628e-06,7.84657311429338e-09,3.203743959454063e-05,0.0007474501860455404,0.0003474815777996806,5.1630334723947634e-05,7.549323987447359e-05,1.4400400403128884e-05,4.063773452744959e-05,0.00026911874359939847,1.683759949936549e-05,9.53045176360003e-07,9.977582162653372e-05,0.005885270335183149,9.258537308445927e-07,0.00010087653883599592,2.4068705450027215e-06,0.0003663802035133292,8.25735670726432e-06,0.9825146760750693,8.714073866622862e-05,4.464565472281285e-05,0.009188161998775665,5.448050520066368e-05,4.964913917086265e-05
38,1.4460688622670893e-06,7.101952952567134e-09,3.4101155659197863e-05,0.0007770878550003877,0.0003166425306417235,5.004349900634612e-05,7.141088243054592e-05,1.3954080080044194e-05,3.529909473322767e-05,0.0002676622598721853,1.766657814805132e-05,9.18891565004784e-07,9.928800888733531e-05,0.0056584647014389705,8.962427206650125e-07,9.848916310791396e-05,2.3618798845485983e-06,0.00040384214936691935,7.915212328917142e-06,0.9832147689760403,8.640137586519712e-05,4.105274864076472e-05,0.008691454112003338,6.244274923675736e-05,4.638268252653171e-05
39,1.3933701417578527e-06,6.692815133177337e-09,3.324773475974929e-05,0.0007703129488594318,0.00030172162289620897,4.712733744726075e-05,7.347617267434104e-05,1.543083819554119e-05,3.591357185100934e-05,0.000257362551677333,1.5680291545241903e-05,8.734848839503213e-07,9.633449432358814e-05,0.005170649304446184,8.666729612946995e-07,9.665066778086799e-05,2.3648085298538627e-06,0.00038922436442982933,7.81963984060167e-06,0.9836893461790006,8.518685847094694e-05,4.156905190103878e-05,0.00876429288453896,5.666394725485496e-05,4.648450877418522e-05
40,1.5703831736871155e-06,8.962647156943569e-09,4.183729899965918e-05,0.0007348446192770242,0.0003762213765389428,5.000841399434525e-05,7.17063143529001e-05,1.3224156671098045e-05,3.664038680513327e-05,0.00027219604273422663,1.8745429905213646e-05,1.0682923121185123e-06,9.983240211120496e-05,0.006498887753746258,9.560123116160675e-07,8.537068088809282e-05,2.3670947767117316e-06,0.00045026254359547695,8.396728921300002e-06,0.9832804597190925,8.824350520795537e-05,4.6698486201385216e-05,0.007705688431559137,6.306943699244027e-05,5.169552718427994e-05
41,1.3211053103337883e-06,4.70219453677148e-09,2.734713267520701e-05,0.0006076693351847674,0.0002295142679210586,3.610600100952524e-05,6.342430290928585e-05,1.1481943277619411e-05,2.5082757066117558e-05,0.00023457021793511096,1.5017220784697477e-05,7.04966046330456e-07,7.183453695248165e-05,0.0050632541446510295,7.895611204715258e-07,7.20694102545538e-05,1.73754638710124e-06,0.0004091678065853456,6.837092800646452e-06,0.9848951981808408,7.766017225859095e-05,3.841343726860792e-05,0.008004770841198616,5.9912293384508824e-05,4.6111023982549954e-05
42,1.370272246977903e-06,6.865412630034752e-09,3.613506323949242e-05,0.0007273327871699352,0.00028172173345930015,4.8120668530514584e-05,7.033544311220239e-05,1.618277305578041e-05,3.425520087973218e-05,0.00026627611164744175,1.5160257815212613e-05,8.604030380148247e-07,9.822661914033094e-05,0.00494115790075977,8.685915733506122e-07,9.238689485305767e-05,2.4358743899058424e-06,0.00036110177214420183,8.386745343737212e-06,0.9850740137762194,8.30442061346832e-05,4.503869568988127e-05,0.00769864370844306,5.5312996411858217e-05,4.162463928973558e-05
43,1.4213137774388719e-06,6.94695708056899e-09,3.245435070903005e-05,0.0007282531971327726,0.00030213417481792263,4.5934247254665924e-05,6.837376243276143e-05,1.3271733765793664e-05,3.756395618921747e-05,0.0002819971667659277,1.6528019832737664e-05,8.404523301450667e-07,8.772543817847117e-05,0.005633789079476887,8.693900067744974e-07,8.888462158005503e-05,2.284511069413593e-06,0.0003947410161474119,7.172846131291903e-06,0.9838334301675379,8.146278250030538e-05,4.2809966601319374e-05,0.008186248957007224,6.41543851481494e-05,4.76475166494487e-05
44,1.5441563638416352e-06,7.529576368522048e-09,3.5606654873140834e-05,0.0008021964214323692,0.0003286197452456412,4.835634260077601e-05,7.234722603880552e-05,1.415779013421207e-05,3.837863964276166e-05,0.00027750615814365606,1.827167660813771e-05,9.30911953074497e-07,9.984178619958579e-05,0.005964998309007022,9.038370837333308e-07,9.431957157649207e-05,2.4687126099615476e-06,0.00042958552345627026,7.674387644214156e-06,0.9828602120090264,8.529983505735993e-05,4.313173326276838e-05,0.008657551713786816,6.663410135902116e-05,4.945522731768502e-05
45,1.600376162317534e-06,7.827564935357265e-09,3.5667795017308485e-05,0.0008083868430317769,0.0003420120304490471,4.804738641200321e-05,7.061168965787171e-05,1.3424018568845752e-05,3.873263887607909e-05,0.00027931206210919733,1.934559392684589e-05,9.789119801914658e-07,0.00010022471898492381,0.006446644757260679,8.880188410283842e-07,9.108680951220075e-05,2.479452881735207e-06,0.00046029965505427114,7.5483418219426894e-06,0.9821973388985935,8.670504153136653e-05,4.3294643078859846e-05,0.008785290908915031,6.854638735424324e-05,5.152519241385909e-05
46,1.6099190667622896e-06,7.3576424819538686e-09,3.588032505952859e-05,0.0008852434084530856,0.00029924385024706555,5.1585033600232075e-05,7.319658072724442e-05,1.5511966579072336e-05,4.0630959775260436e-05,0.00028711083540020613,1.8701374005504585e-05,9.348837432927136e-07,0.00010575165388022553,0.0058693371121047834,9.162755008379364e-07,0.00010181191099292528,2.834395436531044e-06,0.0004402343031792394,7.481644506128469e-06,0.9825118010610234,8.428361098790642e-05,4.367606434963415e-05,0.009001715057048148,7.289317180627946e-05,4.760724488427729e-05
47,1.5054591412376274e-06,7.652226278184478e-09,3.657883544445877e-05,0.0008934666035104699,0.00035959768187010575,5.075076884379208e-05,7.49349071440284e-05,1.3614819697780035e-05,3.957839269588193e-05,0.00028121807148687313,2.028604153681165e-05,9.290609007334164e-07,0.0001018950589181778,0.006544893063005287,9.756722216337062e-07,9.898599543655396e-05,2.4707138386846118e-06,0.00043805680668064235,7.209471073828483e-06,0.9811483080124022,9.184913826092305e-05,4.18500605128263e-05,0.009628400023859859,7.112555104983942e-05,5.1512138241111244e-05
48,1.7836636056345039e-06,9.139978646678339e-09,4.0974955545729094e-05,0.0008756874896002362,0.00032205289314448553,5.82809665904566e-05,8.069354036052883e-05,1.894708592272843e-05,4.3944339777307525e-05,0.00027572329917194266,1.9244388664121917e-05,1.0960593183246224e-06,0.00013271785566789656,0.005627225503184107,9.601554001370215e-07,0.00010711308232343879,3.3156740366679707e-06,0.000423502032254781,1.0004679156221416e-05,0.982808825657194,8.521271730452052e-05,4.809855133660864e-05,0.008901350049963256,6.578440400360126e-05,4.745181649483327e-05
49,1.465456998666774e-06,7.431521182893267e-09,3.7273550470511256e-05,0.00074513091403257,0.0003119114300134567,4.811461693519561e-05,6.915088503577671e-05,1.3654724892410776e-05,3.5713618691285203e-05,0.00027277549863075843,1.6875651684553462e-05,9.428213815650548e-07,9.508523657621096e-05,0.005798706574092135,8.663022876960701e-07,8.676401757933873e-05,2.3977000274170364e-06,0.0004245660036374202,7.605191357797561e-06,0.9841990254070312,8.292951202210589e-05,4.4135893558293245e-05,0.007595737996016808,6.266594730925014e-05,4.6497618216560476e-05
50,1.3500445179883064e-06,6.158448964683879e-09,2.9398639932968655e-05,0.0006223388642390851,0.00027949263687711116,3.680471479779102e-05,7.390019670907911e-05,1.3333531647843384e-05,3.482052583206402e-05,0.00028568933039989066,1.363184756958849e-05,7.463988709240767e-07,8.055900933627177e-05,0.005162641618160439,7.79838284061601e-07,8.075764992296356e-05,2.00998702918188e-06,0.0003849826118838605,7.345957271782712e-06,0.9855357773131028,7.284255177361012e-05,4.502747893204224e-05,0.00712905922361836,5.538430396100737e-05,5.131956688044861e-05
51,2.1623866886394085e-06,1.3023847071576905e-08,5.6503228620630495e-05,0.0014177020909316585,0.00047211911530484695,7.105633651614566e-05,9.174192747213378e-05,1.7722570978442723e-05,5.981748243311788e-05,0.0003753139046203221,3.0778771469356336e-05,1.310136044198672e-06,0.00016106971966404812,0.008735917569873823,1.2040879506423792e-06,0.0001240766707726268,4.218451379795097e-06,0.0005613250626568375,8.0866364533397e-06,0.9775730415545365,0.00010779942322515048,5.233480578750207e-05,0.009910545881320294,0.000108028549852161,5.6110611600533594e-05
52,1.5668577556239134e-06,9.141610920057482e-09,3.718361844752487e-05,0.0007854251591972623,0.0003652527640361792,5.3001230132485316e-05,8.376240953768664e-05,1.6609828995736535e-05,4.326086293308901e-05,0.0002672420656788578,1.8200272024103765e-05,9.683336237905551e-07,0.00010433634078700379,0.005871966543103385,1.080199390514889e-06,9.478018652290351e-05,2.580975740678332e-06,0.00038214346863889125,9.355951720676652e-06,0.9816543342589787,9.581360279861365e-05,4.824544315178327e-05,0.009947106612129384,5.9960422941881836e-05,5.5813450122071725e-05
53,1.4184341623942757e-06,6.931850416687422e-09,3.1918764308354584e-05,0.0007748929188000518,0.0003128615842800839,4.660220901720742e-05,7.544250495414401e-05,1.4139297257075452e-05,3.920008786487135e-05,0.0002702104778211955,1.7150747478964074e-05,8.657416516253534e-07,9.543652316052782e-05,0.005685795720340749,9.041085260470243e-07,9.604409691026354e-05,2.376952173618388e-06,0.0004000813818374891,7.4332830535536435e-06,0.9828515135395653,8.174294499987356e-05,4.2831535298082164e-05,0.009037599315360587,6.346272266695489e-05,5.006817666054202e-05
54,1.5424620935059811e-06,7.591571239615316e-09,3.5357171992695274e-05,0.0007978887959058088,0.00032960376688755046,4.839511992160438e-05,7.270491742004494e-05,1.4144089551207e-05,3.868723037726553e-05,0.0002794258643906347,1.8208394869786617e-05,9.361613177973854e-07,9.975863459641963e-05,0.005987778959349297,9.042256847617616e-07,9.474278589118723e-05,2.472145350232969e-06,0.00042938565749360525,7.707088517565628e-06,0.9828579235094345,8.516488584278743e-05,4.342794923656139e-05,0.00863753081277258,6.645014176761851e-05,4.985163776380097e-05
55,1.474555905149745e-06,7.011296333534942e-09,3.477667011452692e-05,0.0007898714910687467,0.0003089539582295939,4.8017589906093664e-05,7.030710864143362e-05,1.3951801649818571e-05,3.6599372932313455e-05,0.00027611328542131677,1.787701235985432e-05,8.655981860191978e-07,9.642726002120547e-05,0.005877892105185691,8.98727907965254e-07,9.242005510973948e-05,2.4145411031947926e-06,0.0004102057709282431,7.461040257853029e-06,0.9829628573305075,8.414732570796512e-05,4.28572520550089e-05,0.008710275689743132,6.589095385545492e-05,4.743649190601036e-05
56,1.5844894487619234e-06,7.92184245450871e-09,3.6495825540161285e-05,0.0008209094892258098,0.00033868179577627497,4.9291164267388354e-05,7.401422438762294e-05,1.4523536969936163e-05,3.958385739297271e-05,0.0002802597085887472,1.8910880224219126e-05,9.785876920401306e-07,0.00010552902341856625,0.006118273782368608,9.093362979252127e-07,9.630893632489536e-05,2.5722878134730866e-06,0.00044016600457616277,7.936463547505642e-06,0.9825927153207765,8.601035481153803e-05,4.41030889446837e-05,0.008713062598639867,6.706179793391737e-05,5.010952318972631e-05
57,2.0349997914848715e-06,7.997619977396113e-09,3.8203464224995874e-05,0.0013160055776118688,0.00034616139468953024,5.362659184277065e-05,8.234774453854975e-05,1.4202838813315506e-05,5.804931740099745e-05,0.00037041734671359805,2.62865799110083e-05,8.1383961635757e-07,0.00010655615924998706,0.0078251625693379,1.0996404973914132e-06,0.00011099981585277389,3.3527419262965873e-06,0.0005443072563317148,5.313901173334512e-06,0.9772915427281814,8.821315079607223e-05,4.2129410875498686e-05,0.011480981763537795,0.00013098075456969985,6.120241489556841e-05
58,1.5945430946370607e-06,7.597617635938111e-09,3.612994456737109e-05,0.0008150553867080397,0.0003230753693788537,4.9162909355050734e-05,7.286324722333376e-05,1.4289619740577108e-05,3.898235779719733e-05,0.00028276345804514744,1.8702507452202496e-05,9.261710948039094e-07,0.0001001363726475129,0.005952543443689888,9.290449250181291e-07,9.541261739246266e-05,2.525170066393238e-06,0.00043412900305745533,7.665416541211917e-06,0.9828322900932702,8.511771762336727e-05,4.349233952243121e-05,0.008671867249265258,7.070658525075812e-05,4.963183467317189e-05
59,1.5888453652403558e-06,7.447274587834156e-09,3.650798027695145e-05,0.0008065380066319741,0.00031608715301169674,4.8401468200066336e-05,7.217267939205123e-05,1.4063485088020793e-05,3.840069778832637e-05,0.00028472457146048677,1.8502651208337993e-05,8.949677380583413e-07,9.610825850266899e-05,0.005880195201077707,9.42259092693272e-07,9.28994911591392e-05,2.475760012425217e-06,0.0004323966528893855,7.45000718523178e-06,0.9830665396635995,8.50200650474023e-05,4.336123593802316e-05,0.008532888419237869,7.229464740222147e-05,4.9538385419827346e-05
60,1.5441563638416352e-06,7.529576368522048e-09,3.5606654873140834e-05,0.0008021964214323692,0.0003286197452456412,4.835634260077601e-05,7.234722603880552e-05,1.415779013421207e-05,3.837863964276166e-05,0.00027750615814365606,1.827167660813771e-05,9.30911953074497e-07,9.984178619958579e-05,0.005964998309007022,9.038370837333308e-07,9.431957157649207e-05,2.4687126099615476e-06,0.00042958552345627026,7.674387644214156e-06,0.9828602120090264,8.529983505735993e-05,4.313173326276838e-05,0.008657551713786816,6.663410135902116e-05,4.945522731768502e-05
61,1.5908123835845053e-06,7.4599147564829e-09,3.721455650636015e-05,0.0008033881807108348,0.0003185040417657195,4.851272912445481e-05,7.089185073136395e-05,1.4118302258721181e-05,3.7423190459346364e-05,0.0002803877687501768,1.829789570905061e-05,9.105721823718549e-07,9.724216436777669e-05,0.0058726546020218835,9.206826164784369e-07,9.210111808004408e-05,2.4692161361116517e-06,0.0004354423734801552,7.548845684666091e-06,0.9832260097395329,8.519987189958211e-05,4.306687185013183e-05,0.008387206993601976,7.022399855044888e-05,4.866616168114059e-05
62,1.5441563638416352e-06,7.529576368522048e-09,3.5606654873140834e-05,0.0008021964214323692,0.0003286197452456412,4.835634260077601e-05,7.234722603880552e-05,1.415779013421207e-05,3.837863964276166e-05,0.00027750615814365606,1.827167660813771e-05,9.30911953074497e-07,9.984178619958579e-05,0.005964998309007022,9.038370837333308e-07,9.431957157649207e-05,2.4687126099615476e-06,0.00042958552345627026,7.674387644214156e-06,0.9828602120090264,8.529983505735993e-05,4.313173326276838e-05,0.008657551713786816,6.663410135902116e-05,4.945522731768502e-05
63,1.5723975926668186e-06,7.758396610707935e-09,3.605702345540534e-05,0.0008088078206889413,0.0003341818147431667,4.888219425644268e-05,7.303981220382159e-05,1.4281286056523195e-05,3.9178759522995655e-05,0.0002798623064659048,1.8546278722888704e-05,9.481103870571918e-07,0.00010125063281587049,0.006030226145250332,9.139075140427276e-07,9.48343549084745e-05,2.5096156581456904e-06,0.0004335781428199267,7.768585595318e-06,0.9827350752686612,8.590843513268503e-05,4.360486929548722e-05,0.008691444638130447,6.743247510398975e-05,5.0087366621605114e-05
64,1.5493904727791419e-06,7.660632032868599e-09,3.606233020651776e-05,0.0008026847991180041,0.0003319724650861667,4.891932063198364e-05,7.332449902734215e-05,1.4265346191816208e-05,3.7606667725550117e-05,0.00027728719104406184,1.8247821707437797e-05,9.27633244779668e-07,9.657090780376534e-05,0.005833644668578111,9.386240991796758e-07,9.289131502801359e-05,2.4079336294863237e-06,0.0004240675059204858,7.764632283921804e-06,0.9828799367970299,9.12060250209768e-05,4.285145588904258e-05,0.008768626082259758,6.632459040798568e-05,4.991433696117517e-05
65,1.6757865141067254e-06,5.056454899938817e-09,1.6685270216458283e-05,0.0004824568785741274,0.00029611301750368814,2.5078777065305967e-05,6.466208922854701e-05,8.80978677828837e-06,5.268283587182042e-05,0.0003262015439643424,1.16882980010062e-05,8.226759180704866e-07,7.699340125409266e-05,0.006190101664921316,3.750118395718236e-07,9.104046832522503e-05,1.7049082701161285e-06,0.0006324746120170895,5.835402183031163e-06,0.9864739894902792,3.278958081354886e-05,3.738393894367326e-05,0.005051362644746028,5.648550576106836e-05,6.258135455541215e-05
66,1.8311587858038963e-06,6.421645391441143e-09,3.0814143882687706e-05,0.0006224851850865395,0.00019934552366516852,4.9889823790526235e-05,7.499460206463231e-05,2.0563664326130896e-05,4.663021433356839e-05,0.00019743714230949122,1.358085109499222e-05,6.443765292911105e-07,7.46586171392946e-05,0.0033866120378793795,1.2159051843291469e-06,7.677002398401985e-05,2.613757015468782e-06,0.0003057274610279833,9.211095812908614e-06,0.9833277075369378,6.993118686921724e-05,4.362971174038397e-05,0.011319263820169876,7.239563593771537e-05,5.204010278748681e-05
67,1.647148470328823e-05,1.2396005354322125e-07,0.00027179678876689467,0.004025002346022814,0.003862305592815763,9.988980532305383e-05,0.0003513917323330992,9.884691617482318e-05,0.0003413352949957004,0.0009148806708356764,7.383503527839808e-05,4.2174280198487835e-06,0.0010504883597529536,0.01036458071884366,1.942994990494888e-06,0.0003981739965640942,9.094533200749993e-06,0.0017290745308544643,3.312057839891172e-05,0.9678901138556106,0.0001541959378657193,7.442141398685169e-05,0.007970714649737934,0.00013185268122919129,0.000132128693641324
68,1.5084870984774448e-06,7.138954473730911e-09,3.554880235993696e-05,0.000795864130648286,0.00031965252260742806,4.69082463289255e-05,7.033505686701968e-05,1.415238901531489e-05,3.6589733070414753e-05,0.00026571150054020945,1.7645244133586598e-05,9.242245262542823e-07,0.00010131724985965497,0.00577169972468518,8.428072328400435e-07,9.212093887940142e-05,2.4162708660123735e-06,0.0004302971261834052,7.60804321515394e-06,0.9833203757185606,8.33387737583792e-05,4.1257101426253845e-05,0.008433481950943306,6.335402499192806e-05,4.7042793247696934e-05
69,3.4738138015965887e-06,2.245853541548145e-08,7.110341062200223e-05,0.001834333562384006,0.0009706842597558432,7.122092157721746e-05,0.00015373332862663133,2.2954446670466362e-05,0.00011739261736180414,0.0005740095570964624,3.5382469417224554e-05,1.5194077261932847e-06,0.00017960135418613882,0.010594873537743424,1.7749445535792182e-06,0.00020897730505684123,4.619601542381077e-06,0.0008228616280888545,8.816357263920902e-06,0.9726360192330886,0.00011101884259139156,6.064466618519166e-05,0.011262319869335295,0.00013799133406774709,0.00011465107272183811
70,5.868908503728286e-06,2.1047680608517517e-08,8.538981276557991e-05,0.0010788535309840248,0.0006285326494015363,5.663713274678958e-05,0.00010580167203729772,2.442622839394946e-05,3.2534210954795506e-05,0.00029895840605208534,4.626568565853111e-05,1.8947346780501148e-06,0.00017607813701939372,0.007371491217585702,1.7665325802249548e-06,8.020573514321443e-05,2.991716087336348e-06,0.0008771699662633009,2.137682303381575e-05,0.9780205435671362,0.00020622211157696383,5.763860741404562e-05,0.01062422553379825,0.00010804989637733699,8.705613612709756e-05
71,1.4437932703026914e-06,7.333880768655498e-09,6.837110714825487e-05,0.0009557727284573125,0.0002652754449554385,5.863708950058318e-05,7.444854153209327e-05,1.5595709419234002e-05,2.5807171611513732e-05,0.0002712033220854867,1.906261828724988e-05,9.358550103405628e-07,0.00010688604511082887,0.006686272730628236,1.0520596067618674e-06,6.674981425773789e-05,2.843474879252365e-06,0.0004784234285264203,7.924883398916952e-06,0.984114355352849,9.900481996565394e-05,5.3608111642448296e-05,0.006518939359943955,6.743862428359301e-05,3.994057974861836e-05
