,0,1,2,3,4,5,6,7,8,9,10,11,12,13,14,15,16,17,18,19,20,21,22,23,24
0,1.3484987276797689e-05,6.292068948717523e-08,0.00011009870641094439,0.004923531503807267,0.007543589783059737,7.885566954670377e-05,0.0001730756465092874,2.3258917747944673e-05,6.525283309357506e-05,0.0003771602887525963,0.00015890411230858474,1.4750700737258552e-05,0.0010201548656207549,0.03484651669087943,7.115808136835419e-07,0.0005336368190580802,4.324753985394315e-06,0.0074996504353009984,2.759484699658754e-05,0.9171239721502538,0.0003450622437577882,2.043904218206254e-05,0.02485031553313218,5.614980317573708e-05,0.0001894451649035783
1,1.0223884981497712e-05,4.460138083407734e-08,7.627799432115078e-05,0.0032087774431975515,0.00497947972537083,7.534592771067346e-05,0.00014966802995793586,2.149264798258806e-05,5.796447622906413e-05,0.00036554507277634235,9.608973267843284e-05,1.0688130208250555e-05,0.0007415144162389341,0.023044868253108374,5.605230361063071e-07,0.0005305240626052547,3.30772420936097e-06,0.005246724732531135,2.7582552665013903e-05,0.9417484875382371,0.00025801265152138373,1.760946619702653e-05,0.01914682144598827,4.126067297953569e-05,0.0001411282938871846
2,3.1842355271876734e-05,2.1945483614116266e-07,0.00028285061988081813,0.02203235022247549,0.012979226054663664,0.0003190891683345014,0.0003833209263897825,4.5298216914915296e-05,0.0001077810512532143,0.0005877770738675858,0.0006704189760218097,6.476910362658498e-05,0.004853582025650632,0.08313442392117394,1.362568000567393e-06,0.0019086947299421268,2.4332244239387846e-05,0.020961412672759465,4.4307210714848064e-05,0.8089477907242326,0.000784122601362003,2.4028027028329147e-05,0.04147047983361003,0.0001251859069539661,0.00021533431079558783
3,9.599377462491338e-06,4.1000788721678215e-08,7.668703578956725e-05,0.0032735986347848006,0.00478601130366651,7.164128155491392e-05,0.00013971000911606722,2.0306045949022987e-05,5.16803090927641e-05,0.0003318611254623599,9.882802414416025e-05,1.0581973475491548e-05,0.0007156240862371604,0.02396041272738598,5.585369051986973e-07,0.0004703202474402199,3.2404380345825995e-06,0.0052258582876564775,2.559605898973695e-05,0.939988891189777,0.0002707959617864585,1.755110669234727e-05,0.020269378563346672,4.1925287801961146e-05,0.00013930138665937082
4,9.95104653090815e-06,4.475606644830118e-08,7.980738863812258e-05,0.0034127139759465267,0.005025969708211687,7.477940964726885e-05,0.00014589982613870853,2.1229823007785237e-05,5.265387479141119e-05,0.0003306300821330632,0.00010667249285916046,1.1809100829873288e-05,0.0007992703804846225,0.025305353061989153,5.665883672073865e-07,0.0004886730848684207,3.516920547916127e-06,0.005463996891373082,2.7579141118583966e-05,0.9372909521651074,0.0002810788812514987,1.828644676303119e-05,0.02086605797242066,4.1387299025786644e-05,0.00014111968188149372
5,9.415822813534372e-06,3.5483809428630293e-08,7.42911152492037e-05,0.003220454939837395,0.004223514622287351,6.646360285691382e-05,0.00013134017966130423,1.9572637002442973e-05,4.812388089547336e-05,0.00032777822786358697,9.095266862740514e-05,9.735760754860399e-06,0.0006467209024082145,0.022846734294795463,5.183411726970997e-07,0.0004376112932730451,3.1502389260908188e-06,0.005343441484290874,2.2929009355762628e-05,0.9429941188579248,0.0002558071534039703,1.7028408741859085e-05,0.01903388161920957,4.296332066723707e-05,0.00013341613417153244
6,9.599377462491338e-06,4.1000788721678215e-08,7.668703578956725e-05,0.0032735986347848006,0.00478601130366651,7.164128155491392e-05,0.00013971000911606722,2.0306045949022987e-05,5.16803090927641e-05,0.0003318611254623599,9.882802414416025e-05,1.0581973475491548e-05,0.0007156240862371604,0.02396041272738598,5.585369051986973e-07,0.0004703202474402199,3.2404380345825995e-06,0.0052258582876564775,2.559605898973695e-05,0.939988891189777,0.0002707959617864585,1.755110669234727e-05,0.020269378563346672,4.1925287801961146e-05,0.00013930138665937082
7,1.0795619945906321e-05,4.672813172448905e-08,9.04442893586306e-05,0.0035155701463599684,0.005156182283305771,7.479352221317436e-05,0.0001473421515428415,2.259374442590224e-05,5.33157531072444e-05,0.00033641773982955226,0.00010645836773785684,1.175849180567509e-05,0.0008530056447528257,0.0244813360587951,5.513001577854707e-07,0.0004767935263833106,3.6098435958413447e-06,0.005614667609859904,2.8753497699647978e-05,0.9393674360228211,0.00027422190133502496,1.8405241997853208e-05,0.019176376798811512,4.257992445636901e-05,0.0001365437915695165
8,1.0210725788215093e-05,3.87498484709756e-08,8.358676974356718e-05,0.0034770959299023174,0.004544238751512913,6.939027499768837e-05,0.00012964830379457576,1.8530853346051354e-05,5.420762994841005e-05,0.00036979871860570387,0.00010097782820664251,8.381077688832352e-06,0.0005815359102619284,0.024962154449189696,6.485521335092382e-07,0.00041413673190290504,2.9990621517428558e-06,0.005113762062757744,2.0997471621770838e-05,0.9392128198902049,0.0002696733441598625,1.7838305746196638e-05,0.02032590300031702,5.960855561692184e-05,0.00015181705055252457
9,8.720768563834106e-06,3.4004088334000324e-08,7.949687374473764e-05,0.003180821035356143,0.004069963087336952,6.821614905852201e-05,0.00011475155952239567,1.796625692528046e-05,4.8137046258143675e-05,0.0003430971342685219,9.055610702153338e-05,8.081124896107843e-06,0.0005873005637035963,0.023093099146661564,5.555565401431477e-07,0.0003964360162272271,2.8918113141230135e-06,0.004576932827200719,2.073539554829488e-05,0.944427313371864,0.00024708119549052336,1.708584106032116e-05,0.018427065396865942,4.983953223382296e-05,0.00012382219824928737
10,9.599377462491338e-06,4.1000788721678215e-08,7.668703578956725e-05,0.0032735986347848006,0.00478601130366651,7.164128155491392e-05,0.00013971000911606722,2.0306045949022987e-05,5.16803090927641e-05,0.0003318611254623599,9.882802414416025e-05,1.0581973475491548e-05,0.0007156240862371604,0.02396041272738598,5.585369051986973e-07,0.0004703202474402199,3.2404380345825995e-06,0.0052258582876564775,2.559605898973695e-05,0.939988891189777,0.0002707959617864585,1.755110669234727e-05,0.020269378563346672,4.1925287801961146e-05,0.00013930138665937082
11,9.798877640193304e-06,4.263400088183078e-08,7.826237694014658e-05,0.003332019147327642,0.0048168167089321905,7.342330909015135e-05,0.00014338164494219564,2.121638246098423e-05,5.241630350001713e-05,0.0003313766786059468,0.00010050763521261683,1.1169424836829154e-05,0.000757329948979401,0.02411579709273507,5.600906600777471e-07,0.00048397222048408297,3.4200506180035667e-06,0.0053196240997909336,2.6773185508439267e-05,0.9394763173625251,0.0002729479712583884,1.7971786502087095e-05,0.02037438934029488,4.131750698944078e-05,0.00013914822016407286
12,1.5220418271146568e-05,4.985035698683648e-08,0.0001482269670965645,0.010311707024531692,0.0020117036327702087,0.00022154858487650927,0.000268625934368282,8.101014491266872e-05,9.557340836183007e-05,0.0007107616885945843,0.00014306906211979543,1.0051185757479923e-05,0.0019721262530344058,0.02026694503154419,9.988695743044374e-07,0.001302488218528886,1.5976180675980397e-05,0.0049486032297194225,3.235363444976598e-05,0.9361888434340322,0.00029156900890024717,3.0425676749843594e-05,0.02075566681192896,0.00010126834278435771,7.518740605947628e-05
13,1.1489244515981559e-05,5.83689525169882e-08,9.199460977193661e-05,0.004510812285541509,0.0064255005538162,9.173610582639164e-05,0.00016267737073428224,2.200072499177253e-05,5.9190964483831194e-05,0.0003204239813951087,0.00017189527593608955,1.5571733598354796e-05,0.0010835337751246182,0.033589606968317066,7.263853149025856e-07,0.0005601890860918945,4.6045206418729584e-06,0.006273205377750124,3.079470363087255e-05,0.9172805787082265,0.0003456184792033376,1.9426531164140988e-05,0.028718923294030124,5.041180166022298e-05,0.0001590291492803543
14,8.174546839413542e-06,1.4529127958958087e-08,7.867669862659057e-05,0.004354775765524828,0.0018367224443510855,3.8223093361696205e-05,8.952189582028908e-05,2.6780518076410952e-05,7.975085022805302e-05,0.00038032864385694924,4.53752189795086e-05,2.563452842259062e-06,0.0003038206164582954,0.01581190810565344,4.897264473118431e-07,0.00023112201997479076,3.6983158651868276e-06,0.003857735600136429,7.1406769448147384e-06,0.952429086377062,0.0001442961967384972,1.9025450572460444e-05,0.020028794024778182,8.474650945074428e-05,0.00013722872228277274
15,9.599377462491338e-06,4.1000788721678215e-08,7.668703578956725e-05,0.0032735986347848006,0.00478601130366651,7.164128155491392e-05,0.00013971000911606722,2.0306045949022987e-05,5.16803090927641e-05,0.0003318611254623599,9.882802414416025e-05,1.0581973475491548e-05,0.0007156240862371604,0.02396041272738598,5.585369051986973e-07,0.0004703202474402199,3.2404380345825995e-06,0.0052258582876564775,2.559605898973695e-05,0.939988891189777,0.0002707959617864585,1.755110669234727e-05,0.020269378563346672,4.1925287801961146e-05,0.00013930138665937082
16,1.0157725706433135e-05,4.420652373536038e-08,8.117502776962697e-05,0.0033280632782339793,0.005088295840504394,7.208055961486602e-05,0.00014373331536989147,2.1547533522478352e-05,5.7646388984302786e-05,0.00033034338507761815,0.00010226389003404777,1.058714048520842e-05,0.0007636673527666144,0.024160063072994065,5.828644871318829e-07,0.00047259714070221236,3.3495293304369353e-06,0.005148878517503688,2.7042081932923492e-05,0.9389007810162917,0.0002569099368819848,1.8277827785215148e-05,0.020813456068863995,4.3787120706565836e-05,0.0001446691779268512
17,1.1170703893716786e-05,5.1236983471535065e-08,9.547653030127493e-05,0.004155396767104136,0.005606973843229323,0.00010864460595643637,0.00017286861467467754,2.112487798614498e-05,9.245351152473138e-05,0.0005589459338791356,0.00011247942696779957,6.96563538722459e-06,0.0006588084360386886,0.022055346462672147,9.094333819899885e-07,0.0006735292387887779,3.2516077016237383e-06,0.004088473286095712,2.38476676396098e-05,0.942284149602507,0.00025459295732105033,1.6833281832441492e-05,0.018771678726052697,7.715044545791206e-05,0.00014887716662224799
18,9.496552981261271e-06,4.013981396218607e-08,7.244110016172912e-05,0.0031280289776579174,0.0045513195520443354,6.933526625717783e-05,0.00013869277468752373,2.0116086309866398e-05,5.0691174621304354e-05,0.00032722119214196194,9.567581464448401e-05,1.0803608029045384e-05,0.000695061344246367,0.0240996934969952,5.417548617367685e-07,0.0004574510712269266,3.279936246156557e-06,0.005338662593453419,2.5485398605935108e-05,0.940165836463591,0.00026659356955098805,1.8032038598400385e-05,0.020272417704868314,4.0380684110950136e-05,0.00014270170429440794
19,9.449093309510218e-06,2.955584622554871e-08,5.100914587467856e-05,0.0029134497552814605,0.0034575727702084408,7.932046926051625e-05,0.00011502138486251166,1.4941980165939267e-05,4.5567188675058534e-05,0.0003810136978020186,9.954311064176443e-05,6.9932683526489255e-06,0.000422407082241858,0.023979910179246867,6.744846276061537e-07,0.0005128539712839151,2.6253827509897802e-06,0.004829742456787635,1.9594192483877967e-05,0.9356200964703358,0.0002837993094926945,1.3897092931744568e-05,0.026938719780029336,5.343667597999232e-05,0.00014833150152650663
20,1.023268750380795e-05,4.138906330583475e-08,7.656752089795014e-05,0.003232455893956074,0.004839550810769542,7.02436931294002e-05,0.0001374550733317812,2.008982133187251e-05,5.245122086815774e-05,0.0003397412075638223,9.647437743459416e-05,1.0880060506504205e-05,0.0007240784715723018,0.024229699402410397,5.153289209663262e-07,0.00047919515998053584,3.2641517652527918e-06,0.005654606797267126,2.5487311091778916e-05,0.9403594716686937,0.00025546943524551257,1.705680138550488e-05,0.019183853914739875,4.131245375343125e-05,0.00013980534681684757
21,8.76848289531127e-06,3.8010409656529066e-08,8.731392869514352e-05,0.0033492786313247974,0.00400972343827074,7.626296653570094e-05,0.00015285011433915414,2.5090831481133347e-05,5.2468886825138274e-05,0.0002954396606447203,9.307165819211074e-05,9.453475997779028e-06,0.0008095633474771092,0.021564484774086096,6.208101549459893e-07,0.0004678824525196357,3.838782325679475e-06,0.00444267568696737,2.6944485733634014e-05,0.9425440206491675,0.00023597844247203093,2.0403917222274415e-05,0.02155545374264688,4.1894105202480695e-05,0.00012647871841271974
22,9.770245241611537e-06,3.870812324993536e-08,7.832092443694009e-05,0.003379410718016743,0.004501527492842862,7.069165581921186e-05,0.00013269366581278904,1.9209570013523563e-05,4.7191469765108834e-05,0.00034372520390152784,0.00010102723545886972,1.0735603537218406e-05,0.000685095687216759,0.024652427380737543,5.410270821651295e-07,0.0004542319049470665,3.308579100076534e-06,0.0056835119486080875,2.3745495108041263e-05,0.9402518119556628,0.00027860865151935947,1.7243299151235055e-05,0.019076248700058442,4.386809396148025e-05,0.0001350147838774613
23,9.599377462491338e-06,4.1000788721678215e-08,7.668703578956725e-05,0.0032735986347848006,0.00478601130366651,7.164128155491392e-05,0.00013971000911606722,2.0306045949022987e-05,5.16803090927641e-05,0.0003318611254623599,9.882802414416025e-05,1.0581973475491548e-05,0.0007156240862371604,0.02396041272738598,5.585369051986973e-07,0.0004703202474402199,3.2404380345825995e-06,0.0052258582876564775,2.559605898973695e-05,0.939988891189777,0.0002707959617864585,1.755110669234727e-05,0.020269378563346672,4.1925287801961146e-05,0.00013930138665937082
24,9.783765864539436e-06,3.794434736740231e-08,7.449257063914025e-05,0.0029351538792535834,0.004144645907137536,6.873537518795113e-05,0.00013448447807454632,2.0087697109293077e-05,5.066816104738367e-05,0.0003371440243531943,8.792080486122634e-05,8.826516935796506e-06,0.0006016417944584638,0.020859642942831238,5.657478901318706e-07,0.0004130213676278638,2.994102495801739e-06,0.004789918117121435,2.4651329294981346e-05,0.9460941338544775,0.000260599222582174,1.74136753749258e-05,0.018883833954839332,4.3483858053491e-05,0.0001361189081410882
25,9.684793066751697e-06,3.982541917665816e-08,7.879181669690461e-05,0.003461559896332513,0.0047983817511575155,7.043375222481694e-05,0.00014408099083478308,2.1131875351497316e-05,4.981814459955788e-05,0.0003254847956857408,0.00010225615109093964,1.0653906979544612e-05,0.0007503464305652863,0.02384094428213335,5.586331425787006e-07,0.00047597524645135765,3.324336043620064e-06,0.005341327748966541,2.580526984132166e-05,0.9393138715106037,0.00027849802836078433,1.7401892269695797e-05,0.020701768037058282,4.136637896958704e-05,0.00013649450615390918
26,5.306744124749083e-06,5.514574937248196e-08,0.0001001332124336837,0.003230924431667523,0.007293425815156797,9.700850173659363e-05,0.00020239972819864903,1.8291946803933545e-05,1.0343185218293626e-05,0.00043824074759837335,0.00010200615178564459,4.691984712945758e-05,0.0017132561347797907,0.04412187024273839,2.7896300450375257e-07,0.0009116901260812239,3.116242798777009e-06,0.01148140971530502,5.367754615674262e-05,0.9211101862982302,0.0007452427872132692,1.7949865258869704e-05,0.008202443850802352,7.083254892871605e-06,8.673951513520811e-05
27,1.3901446101660301e-05,5.386333965163458e-08,0.00011344762648580618,0.004524420874475991,0.006713388756512434,8.08239047219147e-05,0.0001435805699147738,2.220471384371838e-05,3.982929019922256e-05,0.0003184701084160397,0.00014229852905233423,1.75292505109061e-05,0.0010927741541742373,0.03048541565189179,5.052018278337728e-07,0.0005463769250299745,3.879975289275558e-06,0.008763621811073553,3.139668765634293e-05,0.9255460315230428,0.00037537287660121643,1.5024458744508765e-05,0.02083121370957109,4.028389922159661e-05,0.00013815419230124213
28,9.599377462491338e-06,4.1000788721678215e-08,7.668703578956725e-05,0.0032735986347848006,0.00478601130366651,7.164128155491392e-05,0.00013971000911606722,2.0306045949022987e-05,5.16803090927641e-05,0.0003318611254623599,9.882802414416025e-05,1.0581973475491548e-05,0.0007156240862371604,0.02396041272738598,5.585369051986973e-07,0.0004703202474402199,3.2404380345825995e-06,0.0052258582876564775,2.559605898973695e-05,0.939988891189777,0.0002707959617864585,1.755110669234727e-05,0.020269378563346672,4.1925287801961146e-05,0.00013930138665937082
29,9.599377462491338e-06,4.1000788721678215e-08,7.668703578956725e-05,0.0032735986347848006,0.00478601130366651,7.164128155491392e-05,0.00013971000911606722,2.0306045949022987e-05,5.16803090927641e-05,0.0003318611254623599,9.882802414416025e-05,1.0581973475491548e-05,0.0007156240862371604,0.02396041272738598,5.585369051986973e-07,0.0004703202474402199,3.2404380345825995e-06,0.0052258582876564775,2.559605898973695e-05,0.939988891189777,0.0002707959617864585,1.755110669234727e-05,0.020269378563346672,4.1925287801961146e-05,0.00013930138665937082
30,9.599377462491338e-06,4.1000788721678215e-08,7.668703578956725e-05,0.0032735986347848006,0.00478601130366651,7.164128155491392e-05,0.00013971000911606722,2.0306045949022987e-05,5.16803090927641e-05,0.0003318611254623599,9.882802414416025e-05,1.0581973475491548e-05,0.0007156240862371604,0.02396041272738598,5.585369051986973e-07,0.0004703202474402199,3.2404380345825995e-06,0.0052258582876564775,2.559605898973695e-05,0.939988891189777,0.0002707959617864585,1.755110669234727e-05,0.020269378563346672,4.1925287801961146e-05,0.00013930138665937082
31,1.0443672457592046e-05,3.8874842562565023e-08,8.308214084481056e-05,0.0030019410562922874,0.0046344515157402955,6.094812399385492e-05,0.00013403225031574244,2.24222948925117e-05,4.52690050486837e-05,0.00030401360912453337,8.359749112902966e-05,1.0342649374991922e-05,0.0006998960597366866,0.020917190124451132,4.85129129604519e-07,0.0004118363387788054,2.9822957856314547e-06,0.005481951574248287,2.7438516105262043e-05,0.9456005308555772,0.0002615764036160562,1.717967294439661e-05,0.01801535794007875,3.659503423873088e-05,0.00013639737125247724
32,9.487788803481454e-06,4.0708220066750696e-08,7.555918935986107e-05,0.003135444721565827,0.004720897791272132,7.073443455772556e-05,0.00013855954522744486,2.036956324500682e-05,5.002845282838128e-05,0.00032523433543960376,9.691826881139165e-05,1.060667051548138e-05,0.0007101077052168853,0.023424055166386647,5.553260450215023e-07,0.0004654335250341378,3.171388954836773e-06,0.0051245703409342844,2.6477148569520436e-05,0.9410110689833747,0.00026982740515986707,1.765530727167094e-05,0.0201151168927565,4.021834387009227e-05,0.00013786099657925796
33,9.388768164972694e-06,3.800285048811868e-08,7.590053076084742e-05,0.003051347887326257,0.005105332775386984,6.467673841906141e-05,0.0001272926652728496,1.8237501359354276e-05,5.130157776590505e-05,0.0003291931129280131,9.324485855733173e-05,7.8755085306212e-06,0.0005289983505648702,0.02123950885674458,6.496693028012783e-07,0.0003933890095895042,2.3766009434318254e-06,0.0043624108633536825,2.3085446434418598e-05,0.9425129372564471,0.00029569168173346704,1.590194236937329e-05,0.021493436216474017,4.724163890750209e-05,0.0001505425398124952
34,8.83737885518016e-06,3.731443782728192e-08,7.361402469544769e-05,0.0032367692035940258,0.004464254697926796,7.088684383423695e-05,0.00013729253430286789,1.9686539536407943e-05,4.850651231572647e-05,0.00033240329904598496,9.169739135462877e-05,1.0104477591670535e-05,0.0006718216637416836,0.022925604466091317,5.374563409152732e-07,0.00047372789703841947,3.1283874456482416e-06,0.005091168088035894,2.3779451274957548e-05,0.9423944479524564,0.00027034601005884533,1.6864451018182894e-05,0.01946247319276268,4.028502331149619e-05,0.00013172574293291272
35,1.6072025754560893e-05,4.918393451992952e-08,8.597537836054594e-05,0.00304595994982819,0.004560030385455252,6.357916204975905e-05,0.00015306136617480575,2.6740074524916598e-05,5.935285078487144e-05,0.00039420360026647295,8.137379394622e-05,1.250320946697382e-05,0.0007817954834441408,0.02062778105802971,4.1987875799566543e-07,0.00048535801879947106,3.839050438252139e-06,0.007742002818587476,3.1660604848772486e-05,0.9470220531346029,0.00022552510433453243,1.8226304190348757e-05,0.014371876505535475,3.893435968992658e-05,0.0001516266981940599
36,8.975888202163541e-06,4.083497579842845e-08,7.027406559937604e-05,0.003202792307800005,0.004415560457131747,7.593941635136073e-05,0.0001466546037932331,2.1500227839068773e-05,5.5102311487188644e-05,0.00032992609253316,9.36790703358549e-05,1.1319917795373326e-05,0.0007687895095888199,0.02374168786248822,5.370349063575644e-07,0.0005248863686674565,3.6646772727249962e-06,0.005097631867467613,2.6311495757294804e-05,0.9405839557082174,0.0002481780835406507,1.846001853055391e-05,0.020381263818933487,3.8579829263251246e-05,0.00013428853152195442
37,8.393211038095627e-06,4.383044595961445e-08,6.859796801855441e-05,0.0029882201212653955,0.005078193548881887,7.67469392094237e-05,0.00014557467963712038,2.163215922233677e-05,5.3457961107603856e-05,0.00032308145772744933,9.161833869513459e-05,1.1144081981272511e-05,0.0007639175544256187,0.022489555195639065,5.503139546303994e-07,0.0005324836567512702,3.146738378938371e-06,0.004489188090879325,2.933120155221285e-05,0.9410130554329248,0.00028103041096534567,1.7455737857466527e-05,0.021347506707789433,3.267878801773904e-05,0.00013339587363395613
38,9.033568037932233e-06,3.9101276184359364e-08,7.114472309790754e-05,0.0031593512113633503,0.0044512733442851815,7.739161907011267e-05,0.00014499239455148373,2.0575416895093322e-05,4.715064879924577e-05,0.0003215587871459052,9.674274798998213e-05,1.0799441784381882e-05,0.0007237385045718139,0.02264307793739138,5.664297002401995e-07,0.0005254990059915244,3.26749048535684e-06,0.004994534884538104,2.7158293996949747e-05,0.9411485153862847,0.0002792519284753031,1.6803110155290358e-05,0.021059411826335205,3.807900641793093e-05,0.00013004319135928485
39,8.300120001431897e-06,3.5052117841801304e-08,7.035504226172514e-05,0.0029726395573298828,0.0042470808734704395,6.866603308146011e-05,0.000138006427812617,2.1532291167307255e-05,4.4184407168750473e-05,0.00029333204703436625,8.225766015980532e-05,9.969345309984891e-06,0.0006629840039155571,0.019968506930626923,5.355753238604797e-07,0.00046865859960188247,2.9991433223887797e-06,0.004578374588472603,2.6235569511614248e-05,0.9456193711227177,0.000274852418070058,1.685126947788541e-05,0.02026309862136467,3.4275024582628535e-05,0.00012689827609664177
40,9.510195464861472e-06,4.796966865699431e-08,9.075961446111101e-05,0.002974513440959513,0.005722022003209789,6.754021185349236e-05,0.00012465167200429402,1.794196455673761e-05,4.802990019172852e-05,0.00032030643891821494,0.00010393792277769211,1.1951555998210281e-05,0.0007231549832039503,0.02656335500309114,5.60808885273866e-07,0.0003944392284258636,2.907852488725758e-06,0.005344631770110019,2.6601987975162474e-05,0.9391624498723611,0.0002783228844872134,1.8837300883880246e-05,0.01780845733873859,4.174471503883371e-05,0.00014332336424598978
41,9.057320826880707e-06,3.5800927166880946e-08,7.136936280894768e-05,0.003057528240401637,0.004283484299858633,6.602777387470115e-05,0.00013310280461699487,1.928170650075898e-05,4.520402660918479e-05,0.00030910576876121555,9.417005949599141e-05,1.0027321560453861e-05,0.000655705970480985,0.023126153205761866,5.387367918292911e-07,0.00042910290775297164,3.03718893815878e-06,0.00513188463433249,2.4713240036279395e-05,0.9418784769327332,0.00026731218587241736,1.7329850864728602e-05,0.02019142028046403,4.024585593899171e-05,0.00013568452378963047
42,8.165645791987781e-06,3.690444972986722e-08,7.605783660374393e-05,0.0028150770616708555,0.004063080659100168,6.897166075920998e-05,0.0001323940481312332,2.2499437894728432e-05,4.2207889250157286e-05,0.0003073980522296051,8.116569011500774e-05,1.027690522105251e-05,0.0007041743655324164,0.019556418250735015,5.204969227323252e-07,0.00044858070571515246,3.074137634006654e-06,0.00435430546176005,2.8659365259174595e-05,0.9492774391615922,0.00027229261092240694,1.8405236925806164e-05,0.01756144774140504,3.321705734660982e-05,0.00011413361703183218
43,8.922285278732613e-06,3.730715192263739e-08,7.034954647223796e-05,0.002951251505459248,0.004401477284961502,6.756078479623364e-05,0.00013033558008896209,1.8992740320688972e-05,5.115905571010925e-05,0.00034575603235896486,8.683997002190629e-05,9.144310441298074e-06,0.0006145653563800601,0.02211585405117975,5.287774248073339e-07,0.00043775285569413433,2.8834230330631372e-06,0.004758637658514448,2.3759891696406062e-05,0.9448867641530448,0.00025546403642862987,1.707685186566064e-05,0.018570859277329353,4.063308495397896e-05,0.00013339417939292397
44,9.599377462491338e-06,4.1000788721678215e-08,7.668703578956725e-05,0.0032735986347848006,0.00478601130366651,7.164128155491392e-05,0.00013971000911606722,2.0306045949022987e-05,5.16803090927641e-05,0.0003318611254623599,9.882802414416025e-05,1.0581973475491548e-05,0.0007156240862371604,0.02396041272738598,5.585369051986973e-07,0.0004703202474402199,3.2404380345825995e-06,0.0052258582876564775,2.559605898973695e-05,0.939988891189777,0.0002707959617864585,1.755110669234727e-05,0.020269378563346672,4.1925287801961146e-05,0.00013930138665937082
45,9.997170875517569e-06,4.265899496450629e-08,7.735062962907426e-05,0.0033094858716217405,0.005003506095976675,6.978648772141245e-05,0.0001322984247479297,1.9393033893172315e-05,5.193473183528013e-05,0.00032950345790248175,0.00010502070082139574,1.1216195038789075e-05,0.0007267520768438959,0.02606841108221797,5.379635072139202e-07,0.0004430349475670141,3.2862506991667056e-06,0.005597702250045413,2.5166166274903913e-05,0.9369416627048429,0.00027431293327229573,1.7747352385934144e-05,0.02059504770613008,4.281848732289976e-05,0.00014398461983204883
46,9.918244014585011e-06,4.036503963906192e-08,7.810157767009248e-05,0.0036186112504513566,0.004239657914514749,7.942245540978775e-05,0.00014164025064901885,2.218390998232809e-05,5.287078492008933e-05,0.0003314731299704674,0.00010259975625180666,1.1135797251541005e-05,0.000752786078045315,0.02376935156226777,5.844245119063369e-07,0.000504142550631446,3.892459220342415e-06,0.005365003091743556,2.5282885127976538e-05,0.9389822265718962,0.00027466263017838154,1.812261915722496e-05,0.021437554767122148,4.5803349974523904e-05,0.0001329315739976846
47,9.28602100640781e-06,4.060728396908055e-08,8.068391138087851e-05,0.0038075340465629315,0.005211001521348798,7.511283798178296e-05,0.00014010552061818784,1.9400392197287576e-05,5.3200410512373584e-05,0.0003368252154411883,0.00011188973965061609,1.0102548568494572e-05,0.000732284019310309,0.026519953516897482,6.068913848954369e-07,0.0004857172770522967,3.2504017687719116e-06,0.005228150136511969,2.2957058157931542e-05,0.9336903257304835,0.00029258610407449924,1.6725806856684784e-05,0.022962736021871044,4.7150504742858215e-05,0.00014237375833489084
48,1.1144815863236814e-05,5.3274072674889e-08,8.410768942416176e-05,0.003468684288006525,0.004433707746748735,9.448779014900629e-05,0.00017190397958861977,2.8452389872741002e-05,5.79479247250315e-05,0.00032276876588560523,0.00010823967053437772,1.417062507181794e-05,0.001028222468141301,0.022655878002481738,6.080525394836203e-07,0.000590111845881629,4.892515176454247e-06,0.0053098762173145846,3.677675829240582e-05,0.9392952436364252,0.00028081192358244745,2.0303626268240072e-05,0.0218117692766445,3.844991283378893e-05,0.00013138680447584287
49,8.774581181005039e-06,3.9337071045873355e-08,8.08015411652645e-05,0.003025307913034691,0.0044309588709051505,6.928820108078872e-05,0.00012596809932546697,1.919721788396519e-05,4.598501993076374e-05,0.0003190419547574764,9.169622662460805e-05,1.0718732380976052e-05,0.0006854444043462377,0.02329413154658736,5.218828268752107e-07,0.00041346380833297855,3.141093986438615e-06,0.00503982955332226,2.459673321908099e-05,0.9442901341228591,0.00026422027531647406,1.815483186960908e-05,0.01757290579781653,4.0110826018168064e-05,0.00012556742815756023
50,8.947759439771351e-06,3.38490888314577e-08,6.190210484058966e-05,0.002405223399636503,0.004142441879161267,5.297127723372254e-05,0.00015446383268527506,1.9633204946603166e-05,4.892139103979256e-05,0.0003742579451413126,6.741633636537145e-05,8.024335047284003e-06,0.0005587111725221835,0.019748309135041935,4.620828487313671e-07,0.0004177299168740261,2.419600649837139e-06,0.004912417737907877,2.5664854821638977e-05,0.9513358996305843,0.00022277352431261026,1.7846135849735437e-05,0.015227817868163426,3.296460762229848e-05,0.00015274641817521916
51,1.3843817613456755e-05,7.534051644087949e-08,0.0001350117656590762,0.006467392283214731,0.007491966268357289,0.0001094740475929796,0.00017809194981745937,2.475884568777586e-05,8.627457197937327e-05,0.00048334598501677874,0.00017629831807630878,1.4926372391342178e-05,0.0012252546233098515,0.03743100109808397,7.426167705427591e-07,0.0006192746797513318,5.568810193276012e-06,0.007140004036659404,2.5351429963118757e-05,0.9160798512619693,0.00034602245683385316,2.0853231581569197e-05,0.021689809106308168,7.589590004417522e-05,0.0001589111826081556
52,9.372201438637314e-06,4.949042938153758e-08,7.849193512626386e-05,0.003091384738278528,0.005489801214897924,7.323651791934839e-05,0.00015377528975289983,2.3081696646707343e-05,5.730705405925225e-05,0.0003093069480571047,9.944850884506043e-05,1.0848645672137187e-05,0.000763264802799276,0.02308801226170645,6.505941772489884e-07,0.0004562210745638311,3.1686286018686458e-06,0.004415744044227633,3.076602937536916e-05,0.9379376951081603,0.00030195297631572133,1.931792882476206e-05,0.023393830725238124,3.83472293662216e-05,0.00015492435551979348
53,8.893947091047109e-06,3.74420758771985e-08,6.808403937935368e-05,0.003152695175960931,0.004411909866755411,7.04722552758226e-05,0.0001495325723007175,2.0551826355830315e-05,5.224372516667385e-05,0.00032119390597321474,9.236754926833332e-05,9.82940167675684e-06,0.0006792139778812462,0.02249352425246007,5.682120569498037e-07,0.0004890150936580658,3.1924120100027976e-06,0.0048953736247735824,2.4985742118282217e-05,0.9411062109952685,0.00026036740846843254,1.7316087002008504e-05,0.02149196955465924,3.964835170514888e-05,0.00014080258065845235
54,1.0236049888025843e-05,4.927554495452162e-08,7.01826005962602e-05,0.0030149479286183216,0.0050385236992876465,7.637661751470466e-05,0.00016082716299172864,2.130199100093237e-05,5.9791129743375546e-05,0.0003820010133099916,9.497231215741988e-05,1.1899842593371561e-05,0.0007446065919753506,0.024648326720467593,5.680694858069536e-07,0.0005561894602393329,3.408400616043895e-06,0.005486917135052186,2.9213619137312067e-05,0.9396183014155552,0.00026640957172363887,1.8843758328803183e-05,0.0194900035194265,3.932462530865401e-05,0.00015677748943673252
55,1.1840368797184366e-05,5.535971234840686e-08,8.2292998482499e-05,0.0034305052491417814,0.005929349999409979,7.459910171012937e-05,0.000164534118346937,2.2770969519128968e-05,6.367061516474189e-05,0.0003484869129277703,0.00010587510967693471,1.4185466902175409e-05,0.0008372476421905572,0.025248987141580127,5.718796885105646e-07,0.0005347140916238703,3.716584703409989e-06,0.006376899060726547,2.9762352032181326e-05,0.9364564623429967,0.0002805671750776599,1.8566116891183935e-05,0.019757488986110485,4.1636432181247826e-05,0.00016521392440589324
56,9.901607967061872e-06,4.353062392056065e-08,7.925401980833567e-05,0.003338166572515942,0.004930091235626382,7.335815929546346e-05,0.0001431647546086604,2.099395417841074e-05,5.3151011453837566e-05,0.0003343344434775522,0.00010241219655817008,1.1224110874325677e-05,0.0007622007036716682,0.024547997221432846,5.633893185285547e-07,0.00048004236759989277,3.409986173089389e-06,0.0053535596229921266,2.680121681076351e-05,0.9389694320622988,0.0002727856407637409,1.8097612851458756e-05,0.020286478794601336,4.192763745081878e-05,0.0001406081470468779
57,1.3481565211499796e-05,4.5545050961539425e-08,8.971355826358032e-05,0.00606501054052007,0.005093383519404611,9.291691354935048e-05,0.00017374689315609402,2.0372736389053956e-05,8.874628139031481e-05,0.0005137913515125439,0.0001452936407160372,8.244490520602883e-06,0.0007283155223812393,0.03367145424557513,7.711182648974947e-07,0.000589721056378766,4.556952139148511e-06,0.006732965495090716,1.681906904115515e-05,0.9185967606002792,0.0002814058748638577,1.7043782721185978e-05,0.026774651309028112,9.632639551369411e-05,0.00018446154303812526
58,9.932410545259207e-06,4.147078806003925e-08,7.86226564734059e-05,0.0033467079667349343,0.004689932131206037,7.361295674802091e-05,0.00014066086779251867,2.0497089170922125e-05,5.2687376110531214e-05,0.0003384469437482902,0.0001014155724665664,1.0481114780762645e-05,0.0007115078411068341,0.024026818106125832,5.837640828811206e-07,0.0004722924233558352,3.3399191369533635e-06,0.005251926663079424,2.5538761631127603e-05,0.9398088898150814,0.0002708584092276369,1.7866613014369617e-05,0.02036173235946197,4.5163014532037955e-05,0.00014044375359856736
59,9.7914578874074e-06,4.03364957635709e-08,7.999067212486469e-05,0.0033291891097360225,0.004596571982742787,7.163354551246235e-05,0.00013713229747589688,2.0096774052941066e-05,5.200078460101825e-05,0.00034118547168918026,9.991152092123152e-05,9.993222706567859e-06,0.0006796172216480283,0.023852751276500283,5.909451282092408e-07,0.00045167199948549416,3.252834040674779e-06,0.005170839590852893,2.446227238896731e-05,0.9406200472100011,0.0002698225389719364,1.7919977752237067e-05,0.019974674050169155,4.673873948455198e-05,0.00014007416763018695
60,9.599377462491338e-06,4.1000788721678215e-08,7.668703578956725e-05,0.0032735986347848006,0.00478601130366651,7.164128155491392e-05,0.00013971000911606722,2.0306045949022987e-05,5.16803090927641e-05,0.0003318611254623599,9.882802414416025e-05,1.0581973475491548e-05,0.0007156240862371604,0.02396041272738598,5.585369051986973e-07,0.0004703202474402199,3.2404380345825995e-06,0.0052258582876564775,2.559605898973695e-05,0.939988891189777,0.0002707959617864585,1.755110669234727e-05,0.020269378563346672,4.1925287801961146e-05,0.00013930138665937082
61,9.875598094299955e-06,4.0341911908876e-08,8.103536525510882e-05,0.0033131641956301856,0.004642956117006726,7.132995204211591e-05,0.00013450942499217906,2.010762041084941e-05,5.054733898432209e-05,0.00033582659268874455,9.945722466202834e-05,1.0190211425345715e-05,0.0006892659036347201,0.02378060441765762,5.731447190779791e-07,0.0004493551209684852,3.229383980848767e-06,0.005251799223433743,2.4771999244116576e-05,0.9408510131134947,0.00027069450590885293,1.7654083928761006e-05,0.019708947434692807,4.5461424779841114e-05,0.0001375902604526092
62,9.599377462491338e-06,4.1000788721678215e-08,7.668703578956725e-05,0.0032735986347848006,0.00478601130366651,7.164128155491392e-05,0.00013971000911606722,2.0306045949022987e-05,5.16803090927641e-05,0.0003318611254623599,9.882802414416025e-05,1.0581973475491548e-05,0.0007156240862371604,0.02396041272738598,5.585369051986973e-07,0.0004703202474402199,3.2404380345825995e-06,0.0052258582876564775,2.559605898973695e-05,0.939988891189777,0.0002707959617864585,1.755110669234727e-05,0.020269378563346672,4.1925287801961146e-05,0.00013930138665937082
63,9.839890999789862e-06,4.257874390804414e-08,7.795003051121844e-05,0.003302396967180181,0.00488876377065982,7.257631052827444e-05,0.00014142066780639272,2.057993307772015e-05,5.305388810988472e-05,0.0003355969868502648,0.00010049175942104552,1.081319822778155e-05,0.0007296280112001667,0.024202165266367197,5.650062631259381e-07,0.00047451731642353834,3.3015168144838264e-06,0.005287187688038379,2.605260779720366e-05,0.9394802457711937,0.0002726266791486631,1.775075068309746e-05,0.020308764639070175,4.2444782772166634e-05,0.00014122398211198302
64,9.443643339270773e-06,4.098599427193825e-08,7.777368168380211e-05,0.0032679150736046342,0.0047841601497308995,7.133313532237355e-05,0.00013861836874536843,2.0443612562897495e-05,4.967121280954423e-05,0.00032816147594127884,9.813131933597204e-05,1.0427285937388267e-05,0.0006895297846963854,0.023203765400137653,5.765375016966815e-07,0.0004537138396390725,3.141240342238088e-06,0.005053645116898492,2.5601042991773205e-05,0.9407680897690947,0.00029085845414373093,1.750958079065804e-05,0.020457734980608284,4.165819736460943e-05,0.00013805611078306264
65,8.39380218685271e-06,4.291485977288879e-08,9.789992841757937e-05,0.0036888355412295366,0.004956520588921316,8.439281064284155e-05,0.00013251057246854546,2.078969954863012e-05,4.29920796556245e-05,0.00030434979472749387,0.00011141208298799386,1.034162575281413e-05,0.0007201800538428757,0.02341685585048224,7.308550203288897e-07,0.0004368009541625952,3.2168945913498877e-06,0.0043129325843828115,2.55557443428005e-05,0.9383984705562128,0.00036179548645087046,1.777944958655725e-05,0.022676735399196714,4.6156815969460886e-05,0.00012430791435928478
66,1.0348830832979458e-05,3.639108926370444e-08,6.049297075572509e-05,0.002595540751517846,0.003035425722028579,7.234358086909091e-05,0.00014384218744903162,2.7094927750132345e-05,6.199194229510823e-05,0.00024227981780785787,7.937444878860337e-05,7.953761456612838e-06,0.000606428291177006,0.016251115659889407,6.482655782886414e-07,0.0003916223824313675,3.661704960840009e-06,0.003698107214831311,3.004376906898017e-05,0.9438955818341933,0.0002238557552247384,1.8601381954696187e-05,0.028361403249120197,4.2566016871261636e-05,0.0001396391420578315
67,5.114546597515591e-06,1.9103620367753097e-08,4.647246511315563e-05,0.0021099282586900057,0.0023073244375947676,6.058683461748395e-05,9.038686799451348e-05,1.298463499815035e-05,2.698629177073105e-05,0.0002285516505874468,7.030786268357008e-05,7.240095551404027e-06,0.00040541287326706615,0.01951068899594197,4.719505453079854e-07,0.0003171870075936771,2.3678546818375738e-06,0.003501339988841543,1.778885508197877e-05,0.9504598056926387,0.0002365550133464433,1.5530424116221918e-05,0.02043576908716242,3.458725150105237e-05,9.65919554627341e-05
68,9.27333217492861e-06,3.826938504171995e-08,7.51864765595554e-05,0.003265068074382247,0.004533002638248304,6.971279704797657e-05,0.00013805176432290313,2.044910238160908e-05,4.92090993187127e-05,0.000319590598060826,9.467662061577806e-05,1.0478959464591304e-05,0.000724945101986188,0.023376091084376983,5.182468943640642e-07,0.00046268510595245434,3.2468285812424727e-06,0.005268435829947106,2.5101560088552058e-05,0.9412142810976589,0.00026370611101431406,1.699022392051642e-05,0.019887343888226095,3.9320753320318746e-05,0.00013259643607028867
69,2.9546006185432115e-05,1.5667321924938324e-07,0.00017572442764301,0.009605388363914773,0.018380754684150687,0.00010888478242418098,0.00033578294379526846,4.14154784131764e-05,0.0002494479194428956,0.0009134688624359939,0.00019235753425562885,1.658659756055418e-05,0.0015434408617669383,0.04529341633498081,1.0585682352383345e-06,0.0013132843874949613,6.802607781428795e-06,0.01190175153178288,2.8860416903891138e-05,0.8836956726042128,0.000321103070658654,2.407620973933771e-05,0.025325949263986895,0.0001031092475650423,0.00039196062145036573
70,6.104426507125093e-05,1.8452842126811784e-07,0.00020755072984368674,0.003981758092459525,0.011920136211401469,7.733678264491594e-05,0.000255595439576209,4.503339373137072e-05,4.4461364190074155e-05,0.00033319032597635526,0.00032388277463847397,3.3159596460426384e-05,0.0015874697239784059,0.029732159588419762,1.2464428394829108e-06,0.0003955368643989997,4.358120908489662e-06,0.01438458804527381,0.00011710458530018304,0.9082679476543714,0.0008405769981202267,2.7614233125156017e-05,0.026977625197321085,6.020489115482319e-05,0.00032023415037331506
71,8.2961802929413e-06,3.9725110323899856e-08,0.00019798665302894232,0.004528156382696511,0.0037858526721717294,9.025263413496419e-05,0.00010672066187326164,2.091965126658735e-05,3.235335392861181e-05,0.0002748571975577086,0.0001209435781625169,1.0619826700926038e-05,0.0008597064228871032,0.030250770149865006,6.619540240875714e-07,0.00024421530737250456,4.161046916317072e-06,0.005181450743679146,2.2999056560595452e-05,0.938098127983771,0.000321824389939019,2.3600880665882007e-05,0.015659252911710896,5.872161820262223e-05,9.750901748065496e-05
