,0,1,2,3,4,5,6,7,8,9,10,11,12,13,14,15,16,17,18,19,20,21,22,23,24
0,2.1739675132377847e-07,2.2992040431569585e-06,6.395935557717837e-05,0.010896351114342529,6.090037765215523e-08,4.1920065515153856e-08,0.00014779825349838072,0.0027970839989696645,1.0639344383430515e-07,0.000246768219995061,6.628208631790172e-07,1.6643439597779368e-05,8.125128118125128e-05,2.8024747499748673e-07,2.700164909304961e-10,3.115723318673445e-05,5.492076392327354e-07,0.00015039048137800219,6.85091475985536e-08,0.9855260410322813,4.895107773652192e-07,7.498518325713933e-07,8.875961687883308e-06,2.457110869847685e-05,3.5822871731482074e-06
1,1.3905898910174233e-07,1.2632273049310162e-06,5.936059962934796e-05,0.004848328815254216,4.233220246822055e-08,4.733845084809351e-08,0.00013389838107601113,0.0019975186936711715,1.4731121043632722e-07,0.00018806541065053312,5.698120049679992e-07,1.0549991702148515e-05,6.954112004766477e-05,1.5621690737819334e-07,2.266005949807005e-10,3.376564923168024e-05,2.392527568632775e-07,7.069045151683282e-05,6.082183390082825e-08,0.9925653822919955,2.28741116984494e-07,4.593751291692883e-07,3.944508503681159e-06,1.4128339256343918e-05,1.4720329573184684e-06
2,1.458484077140736e-07,1.3568148922777348e-06,5.4422230356003907e-05,0.005126156858581832,4.201324668561864e-08,4.474576545887969e-08,0.00013069613383362278,0.0019467976654831346,1.2130552398653184e-07,0.00016965229561244986,5.836058823308747e-07,1.0973518241132349e-05,7.441446959670455e-05,1.6183078660687082e-07,2.2712853373175483e-10,2.9870538474834184e-05,2.7425586319328386e-07,8.16878252902271e-05,5.3334384702543734e-08,0.9923500882927796,2.202440647786264e-07,5.009912584212624e-07,4.722257137224448e-06,1.5505342442383543e-05,1.5073549660540495e-06
3,1.466345783964353e-07,1.3613960984364748e-06,5.765210567032589e-05,0.005396726154622067,4.398657348521829e-08,4.560930014175686e-08,0.00013146498390420724,0.001993259896822213,1.2574202151708147e-07,0.0001762395972149406,6.110814107976406e-07,1.1239485907422256e-05,7.566579925544701e-05,1.616517170369416e-07,2.1565699069186655e-10,2.9150350889137567e-05,2.7341579503977726e-07,8.607599529224558e-05,5.3061121332182516e-08,0.9920167806492832,2.295069553705885e-07,4.776793554332096e-07,4.571456761560653e-06,1.6118790830751315e-05,1.5247529625024306e-06
4,1.4528873423142887e-07,1.4160626273131643e-06,5.9374233285653e-05,0.0054389162835562265,4.59163653776557e-08,4.6553177114892806e-08,0.0001346641680721579,0.0019199149219025781,1.2689331397980604e-07,0.00017618417302887057,6.221222383789235e-07,1.1179897034462895e-05,8.311515413969185e-05,1.711685255944855e-07,2.1502989007268938e-10,2.8476377102313483e-05,2.695309628193541e-07,8.581830583129708e-05,5.227562724799647e-08,0.9920363858111162,2.1996027741302061e-07,4.7385617428152403e-07,4.567562952188672e-06,1.6352807802524537e-05,1.4604611219279067e-06
5,1.3679941204814987e-07,1.3501528583931197e-06,5.5147113166615245e-05,0.0056796100853188924,4.259447942020578e-08,4.2172624070327216e-08,0.00012574140390293406,0.0019755032990992076,1.135625255641113e-07,0.0001730930609125157,5.967520803455628e-07,1.0763570315786059e-05,7.473791848613426e-05,1.5525173847181834e-07,1.9208623302461552e-10,2.640901563273414e-05,2.699627461310887e-07,8.984763229417558e-05,4.833339746958834e-08,0.9917634537941306,2.2710103852890868e-07,4.530418368955266e-07,4.526065687777409e-06,1.6249835795597187e-05,1.4812884331726333e-06
6,1.466345783964353e-07,1.3613960984364748e-06,5.765210567032589e-05,0.005396726154622067,4.398657348521829e-08,4.560930014175686e-08,0.00013146498390420724,0.001993259896822213,1.2574202151708147e-07,0.0001762395972149406,6.110814107976406e-07,1.1239485907422256e-05,7.566579925544701e-05,1.616517170369416e-07,2.1565699069186655e-10,2.9150350889137567e-05,2.7341579503977726e-07,8.607599529224558e-05,5.3061121332182516e-08,0.9920167806492832,2.295069553705885e-07,4.776793554332096e-07,4.571456761560653e-06,1.6118790830751315e-05,1.5247529625024306e-06
7,1.3104557079198816e-07,1.4175311409260394e-06,5.532840926419192e-05,0.005321608874949031,3.977175958458018e-08,4.0406894799917095e-08,0.00013032921699260134,0.0018265589080517358,1.2370605708483583e-07,0.0001629022417473363,5.883577855548478e-07,8.99262948705979e-06,8.718291979455007e-05,1.4679443467509592e-07,1.7718904295694027e-10,2.2555711348800817e-05,2.3003953317740945e-07,8.213676088811445e-05,4.517557129312874e-08,0.9922777945710468,1.734033291901949e-07,3.9651479785257136e-07,3.862533459526604e-06,1.6141143096717954e-05,1.2731558095089413e-06
8,1.542723419201685e-07,1.586514463951399e-06,6.565590914339428e-05,0.006707054706658493,4.700677818927178e-08,3.5874794617756166e-08,0.0001494806062617692,0.0023356873318584916,1.24772485041815e-07,0.0001961534096569571,5.309881775135365e-07,9.987234981558096e-06,8.63545100160864e-05,1.760473268553191e-07,2.22222665123836e-10,2.93840713542512e-05,3.1190521240579e-07,7.95617980375693e-05,5.4137064096406045e-08,0.9903087105777825,2.2976405634806782e-07,4.3582783312772905e-07,5.138261112907546e-06,2.1269779309080327e-05,1.874471070431728e-06
9,1.378275829586179e-07,1.5427489334069953e-06,6.758858521650375e-05,0.006599621075323622,4.414536005004059e-08,3.225973794721189e-08,0.00014680534838171325,0.002231952942407444,1.308969182258834e-07,0.00018199588924585727,5.203688905727297e-07,8.666093872527718e-06,9.029068747187986e-05,1.5975145843614405e-07,1.9515560762570018e-10,2.4724011540977825e-05,2.6697294812450263e-07,7.294291484025476e-05,4.894703768995604e-08,0.9905449534425516,1.94212668260754e-07,3.6057558425013474e-07,4.2674728582904305e-06,2.1060611371548715e-05,1.6920226423219797e-06
10,1.466345783964353e-07,1.3613960984364748e-06,5.765210567032589e-05,0.005396726154622067,4.398657348521829e-08,4.560930014175686e-08,0.00013146498390420724,0.001993259896822213,1.2574202151708147e-07,0.0001762395972149406,6.110814107976406e-07,1.1239485907422256e-05,7.566579925544701e-05,1.616517170369416e-07,2.1565699069186655e-10,2.9150350889137567e-05,2.7341579503977726e-07,8.607599529224558e-05,5.3061121332182516e-08,0.9920167806492832,2.295069553705885e-07,4.776793554332096e-07,4.571456761560653e-06,1.6118790830751315e-05,1.5247529625024306e-06
11,1.4454673386597137e-07,1.3774918350068937e-06,5.728296442214832e-05,0.005362667218922835,4.334642307603348e-08,4.456388738301352e-08,0.00013142560090307118,0.0019541942120528165,1.2413133368217922e-07,0.00017281185832568457,6.123458097943631e-07,1.1063990916199376e-05,7.872298902399406e-05,1.6090773917576945e-07,2.099334676759911e-10,2.787467145602314e-05,2.715100614164137e-07,8.629399695377612e-05,5.145204027267061e-08,0.992091951190387,2.2039591388120285e-07,4.704192629469358e-07,4.500160440016228e-06,1.6213121496091798e-05,1.4767037263181603e-06
12,1.4589259276311903e-07,1.3495006073626293e-06,5.797478413405646e-05,0.005374204471728049,4.348617783072387e-08,4.509546554196695e-08,0.0001319381864821186,0.0020080407838640713,1.2849477462152778e-07,0.00017594188626355572,6.081433979630524e-07,1.1086378839235581e-05,7.511524099041563e-05,1.5919860866884792e-07,2.1560013921182438e-10,2.900728239684048e-05,2.6980970900653143e-07,8.434834826703245e-05,5.3382548319458354e-08,0.9920267927719452,2.2777477306578628e-07,4.6989090905272833e-07,4.4657076004649795e-06,1.605664220798311e-05,1.5266301166777213e-06
13,1.367025733512464e-07,1.4437418012575397e-06,5.2158113638569804e-05,0.005197918538109978,3.9220382023923975e-08,4.545576044224596e-08,0.00013896162390037868,0.0018499815652370587,1.1252926050564974e-07,0.00020076996754325748,5.284177695446362e-07,8.734708647082936e-06,7.308089233563878e-05,1.4190157112833288e-07,1.9861257278801535e-10,3.06313172082559e-05,2.451516577932685e-07,8.847066689587722e-05,4.604119047439619e-08,0.9923318921892436,2.1253070152263607e-07,4.4410594981424774e-07,4.732897811242433e-06,1.7814831697572007e-05,1.4566905014549047e-06
14,1.2681686447384566e-07,1.4883132415839848e-06,5.2776771640086454e-05,0.005415275058798885,4.446480613031369e-08,4.742588981082031e-08,0.00012756251970716612,0.0018871091365734731,1.2445117484380086e-07,0.0002000602969971551,5.965856683416645e-07,9.350704978182842e-06,8.121620964471847e-05,1.485098043536701e-07,1.9777357075713375e-10,2.793889177748961e-05,2.461479862768311e-07,8.692261827200084e-05,4.9438321400362334e-08,0.9920860031223957,2.1496763728780872e-07,4.4167864323755507e-07,4.317100297767053e-06,1.6575372150444853e-05,1.363198955737387e-06
15,1.466345783964353e-07,1.3613960984364748e-06,5.765210567032589e-05,0.005396726154622067,4.398657348521829e-08,4.560930014175686e-08,0.00013146498390420724,0.001993259896822213,1.2574202151708147e-07,0.0001762395972149406,6.110814107976406e-07,1.1239485907422256e-05,7.566579925544701e-05,1.616517170369416e-07,2.1565699069186655e-10,2.9150350889137567e-05,2.7341579503977726e-07,8.607599529224558e-05,5.3061121332182516e-08,0.9920167806492832,2.295069553705885e-07,4.776793554332096e-07,4.571456761560653e-06,1.6118790830751315e-05,1.5247529625024306e-06
16,1.4584113879611585e-07,1.3453927234595059e-06,5.2035247047224934e-05,0.005544491027071924,4.118022706211753e-08,4.501111859481073e-08,0.00012729168881512711,0.0020364681883224722,1.1285412278581137e-07,0.00019101822279630736,5.81563783485045e-07,1.1155727347921718e-05,6.808324439979842e-05,1.5682506693841666e-07,1.9669129129928653e-10,3.042040703508392e-05,2.7335865233085265e-07,9.292436864605374e-05,5.320561174605397e-08,0.9918211551649645,2.5929310202702757e-07,4.91472242304433e-07,4.578234844956483e-06,1.5345321314227242e-05,1.5269629136280684e-06
17,1.6006468470977644e-07,1.2670231021883543e-06,6.168089150838942e-05,0.003857215416582799,4.809318378171392e-08,6.475877264415932e-08,0.0001424386967125702,0.0023930213799945683,2.0988808708069482e-07,0.00023717808033707564,6.13978839530564e-07,1.0583867986911137e-05,6.485757364272923e-05,1.2689515931970662e-07,3.4374288160509094e-10,4.627977254161092e-05,2.804510792229544e-07,7.045994922499746e-05,7.876227156546278e-08,0.9930904115704263,2.4862917457741335e-07,5.826942798373696e-07,3.874027508208703e-06,1.6811575145258417e-05,1.5056160112099735e-06
18,7.915672294425754e-08,8.020309599617378e-07,5.033066583732375e-05,0.004375842206044809,4.323318517814008e-08,6.461716609388226e-08,0.0001142585170466085,0.0013409425116165728,1.3569426943004458e-07,0.00013769602220708844,6.4749860195086e-07,6.93340292639326e-06,5.6506392814346274e-05,1.4205602107148594e-07,1.8139211357614205e-10,3.264605502335604e-05,1.00908078138884e-07,4.284717148890495e-05,4.4659060578518264e-08,0.9938274463774046,1.5825278713253384e-07,2.3577139911352732e-07,3.3253755214897536e-06,7.964635736402446e-06,8.066066885413949e-07
19,1.5122799846171787e-07,1.3508092074865578e-06,5.5644032210821485e-05,0.005315998761415742,4.2165769999360505e-08,4.573422679719213e-08,0.00013354495505613222,0.00198855283562567,1.2266447006899669e-07,0.0001748975940024232,6.085309217084396e-07,1.1126971055476919e-05,7.261561175515061e-05,1.585812187734305e-07,2.189227854074033e-10,3.006518430612865e-05,2.7456230055247096e-07,8.705399675486702e-05,5.339407785798849e-08,0.9921046278356549,2.3287129070562534e-07,4.827025613343445e-07,4.715782199292706e-06,1.6078727410513738e-05,1.5542495862928108e-06
20,1.6226110694178985e-07,1.2213568613567584e-06,6.204061202736882e-05,0.0050277237906027105,3.948236238484462e-08,6.033790541413416e-08,0.00015406050868306285,0.0014013744648583466,1.1718562535790422e-07,0.00016276297024066236,6.863294214870771e-07,1.0777131443270544e-05,6.720287833894193e-05,1.7766051445536375e-07,2.0134737476079668e-10,3.712494590892285e-05,1.902650907278643e-07,8.371796186732971e-05,4.767976831432254e-08,0.9929699269951917,2.234195368217842e-07,3.453294292054656e-07,4.843210644199853e-06,1.3638383277351921e-05,1.5346379464859308e-06
21,1.5086801765454398e-07,1.4261213188149433e-06,6.0371856102519986e-05,0.005582463196669583,4.6588511528347165e-08,4.594066014014617e-08,0.0001316150322216579,0.0021624640582219748,1.3752134847657755e-07,0.00018199844889933586,6.292307634773678e-07,1.1371543941073215e-05,7.532157388951899e-05,1.6282082103967742e-07,2.3191937619085777e-10,2.8630695185780797e-05,2.9517373000726897e-07,8.860431692692644e-05,5.615386798559562e-08,0.9916500088925135,2.4207349651076306e-07,5.121749465153865e-07,4.601584848281087e-06,1.7199184461734172e-05,1.644716716525094e-06
22,1.4600589720856732e-07,1.2260280236235506e-06,5.5237923689746117e-05,0.005208772912816562,4.181624907927253e-08,4.619894483201887e-08,0.0001243377715297854,0.0019054456345836454,1.0943030745267958e-07,0.00016313461582657832,6.281626214769688e-07,1.1624519737665051e-05,6.487933106266902e-05,1.5950720880158911e-07,1.987905127221945e-10,3.0074651771836775e-05,2.7272396344946713e-07,9.125713111406546e-05,5.095444232889237e-08,0.9923210898600511,2.512595027541955e-07,4.785268541362106e-07,4.584397915231411e-06,1.4714127557601141e-05,1.4363095380268291e-06
23,1.466345783964353e-07,1.3613960984364748e-06,5.765210567032589e-05,0.005396726154622067,4.398657348521829e-08,4.560930014175686e-08,0.00013146498390420724,0.001993259896822213,1.2574202151708147e-07,0.0001762395972149406,6.110814107976406e-07,1.1239485907422256e-05,7.566579925544701e-05,1.616517170369416e-07,2.1565699069186655e-10,2.9150350889137567e-05,2.7341579503977726e-07,8.607599529224558e-05,5.3061121332182516e-08,0.9920167806492832,2.295069553705885e-07,4.776793554332096e-07,4.571456761560653e-06,1.6118790830751315e-05,1.5247529625024306e-06
24,4.3668967212764607e-07,1.4567979810322005e-06,7.51836150004842e-05,0.0031106491926210992,4.0452668880004246e-08,7.642687241283357e-08,0.00022919468354322655,0.0034807121336606034,3.0028427053224307e-07,0.00022823647809625504,7.629713907088862e-07,1.6964128871746207e-05,5.1450500294747237e-05,1.283427890760433e-07,8.657761144159153e-10,7.935973007352194e-05,6.143335175380204e-07,9.982375886985867e-05,1.140761089851999e-07,0.9925818837146528,3.8239325900263325e-07,1.1676234061558573e-06,7.246283109624307e-06,3.0528118247969125e-05,3.2864052452547704e-06
25,1.5351322918184587e-07,1.4445823217163854e-06,6.0031659604322715e-05,0.005370661295126249,4.653311408303734e-08,4.994050891807529e-08,0.00013511953649151455,0.001970499000476517,1.3363195204170658e-07,0.00018711400899261264,6.228634613165426e-07,1.1540420477386077e-05,7.730048032530258e-05,1.7049357442608424e-07,2.347726580623283e-10,3.125418567661337e-05,2.793982306128199e-07,8.809726379481751e-05,5.536487721683904e-08,0.9920417368704518,2.3820934004213732e-07,5.080832193442057e-07,4.7508463419492035e-06,1.6577246298057627e-05,1.6143373413552244e-06
26,6.173096035598226e-08,7.279188773616142e-07,3.0727866919167555e-05,0.005341379163585018,9.259925772330694e-08,2.316079325954355e-07,7.736495763786315e-05,0.0008839847550810165,9.338233739859064e-08,0.0002334300798449606,5.772354223903716e-07,1.753071389590993e-05,2.828830349249813e-05,6.338161107972968e-07,3.0408380072786907e-10,0.0001586024838312151,5.2985251460409025e-08,2.7495913668653705e-05,1.461054357156641e-07,0.9931881621631846,4.877496747410273e-07,4.52784903941784e-07,6.8657514335384545e-06,1.3395645326009605e-06,1.2700626445545026e-06
27,1.4779588299355888e-07,1.5436932907500449e-06,9.616524979095776e-05,0.0315166933513701,2.2398497548537091e-07,5.661919268855384e-08,0.00018189647782152223,0.0013310600563687617,2.804295598555108e-08,0.0002054506440415593,1.3798825115849636e-06,4.118879278030241e-05,0.00042531121322199843,8.727844827336322e-07,5.6150402947748366e-11,3.2019921111693856e-05,3.435386183410979e-07,0.00021164747746462315,4.4271222515666946e-08,0.9659141206328581,3.9329681524479305e-07,1.3877088797624897e-07,1.5498000028608744e-05,2.281612102540395e-05,9.593251298303496e-07
28,1.466345783964353e-07,1.3613960984364748e-06,5.765210567032589e-05,0.005396726154622067,4.398657348521829e-08,4.560930014175686e-08,0.00013146498390420724,0.001993259896822213,1.2574202151708147e-07,0.0001762395972149406,6.110814107976406e-07,1.1239485907422256e-05,7.566579925544701e-05,1.616517170369416e-07,2.1565699069186655e-10,2.9150350889137567e-05,2.7341579503977726e-07,8.607599529224558e-05,5.3061121332182516e-08,0.9920167806492832,2.295069553705885e-07,4.776793554332096e-07,4.571456761560653e-06,1.6118790830751315e-05,1.5247529625024306e-06
29,1.466345783964353e-07,1.3613960984364748e-06,5.765210567032589e-05,0.005396726154622067,4.398657348521829e-08,4.560930014175686e-08,0.00013146498390420724,0.001993259896822213,1.2574202151708147e-07,0.0001762395972149406,6.110814107976406e-07,1.1239485907422256e-05,7.566579925544701e-05,1.616517170369416e-07,2.1565699069186655e-10,2.9150350889137567e-05,2.7341579503977726e-07,8.607599529224558e-05,5.3061121332182516e-08,0.9920167806492832,2.295069553705885e-07,4.776793554332096e-07,4.571456761560653e-06,1.6118790830751315e-05,1.5247529625024306e-06
30,1.466345783964353e-07,1.3613960984364748e-06,5.765210567032589e-05,0.005396726154622067,4.398657348521829e-08,4.560930014175686e-08,0.00013146498390420724,0.001993259896822213,1.2574202151708147e-07,0.0001762395972149406,6.110814107976406e-07,1.1239485907422256e-05,7.566579925544701e-05,1.616517170369416e-07,2.1565699069186655e-10,2.9150350889137567e-05,2.7341579503977726e-07,8.607599529224558e-05,5.3061121332182516e-08,0.9920167806492832,2.295069553705885e-07,4.776793554332096e-07,4.571456761560653e-06,1.6118790830751315e-05,1.5247529625024306e-06
31,1.385545378478713e-07,1.3975003563586422e-06,6.024165911322883e-05,0.005583461173441713,4.14115192344612e-08,3.4638016663591386e-08,0.00012637735207620104,0.002180006449612724,1.1887253630882801e-07,0.0001726057204808886,5.30240447949926e-07,1.0351900286821009e-05,8.208133664485863e-05,1.4869565702343904e-07,1.716353302564145e-10,2.3440764960433697e-05,2.752849710412088e-07,8.689580436257049e-05,4.806944321911059e-08,0.9916478233944629,2.0078677023036149e-07,4.360689282303578e-07,3.889704879164363e-06,1.8008450449747297e-05,1.4459944094051335e-06
32,1.5087494561118914e-07,1.3641511667857447e-06,5.78223543170804e-05,0.005286230552857385,4.387205928376693e-08,4.6055031338975403e-08,0.00013259849830239711,0.0020305482799665934,1.3052138863847775e-07,0.0001775023191091296,6.101272784519494e-07,1.1442840146358633e-05,7.480276556367222e-05,1.626602152395405e-07,2.2456217156507398e-10,3.003172568963606e-05,2.7865438500364647e-07,8.502176885202783e-05,5.606832070525166e-08,0.9920884397491238,2.3367146896127054e-07,4.969883701404171e-07,4.524789300093136e-06,1.5906891188959553e-05,1.5535963903051827e-06
33,1.4647083489237962e-07,1.3837561224541825e-06,5.557208882502825e-05,0.005312074931467617,4.3900585025634526e-08,4.5234682415736243e-08,0.0001297801207350168,0.0019545711705510707,1.1834156053045521e-07,0.0001732748058055746,6.059544633249756e-07,1.1327525378428235e-05,7.809860208134536e-05,1.6356185864765143e-07,2.1106729596561655e-10,2.8572519048043265e-05,2.7955614318049376e-07,8.880895860362501e-05,5.196440683331665e-08,0.9921421135697687,2.2299305979664388e-07,4.973295202266472e-07,4.676808171640433e-06,1.611144005067976e-05,1.4581852088331278e-06
34,1.2197155223223636e-07,1.2407597322608252e-06,4.990157146382039e-05,0.005629080421902571,4.256228149470659e-08,4.1796892165165276e-08,0.00011604235879892754,0.001876033461414565,9.234001005442384e-08,0.0001650546544450069,5.794412006771296e-07,1.0718900243638477e-05,7.082120360542086e-05,1.5287301221803018e-07,1.7888004393954567e-10,2.6849342840086053e-05,2.6876681322460246e-07,8.986332591081685e-05,4.3439658078117985e-08,0.9919407129259622,2.2328071341735123e-07,4.484797515513028e-07,5.019441413687476e-06,1.5323452900858386e-05,1.3230486010048303e-06
35,1.9836241740880676e-07,1.6032394016026013e-06,6.168423650678578e-05,0.005890736193321047,3.997126340402217e-08,3.634569130388022e-08,0.00013590305493037624,0.0030227011492227774,1.594232787908819e-07,0.0002155850226817877,5.733187031210161e-07,1.2814473396985027e-05,7.143365467751621e-05,1.3944060168589689e-07,2.0653953839679988e-10,2.4688114590123104e-05,3.8272173560371153e-07,0.00011468131332333078,6.720778987614018e-08,0.9904190626547144,2.8465837577600573e-07,6.336578008454749e-07,3.7835380249538554e-06,2.0704706156792017e-05,2.1033348544374517e-06
36,1.5604373670010639e-07,1.4271703701661478e-06,6.194241284124244e-05,0.005545544992068496,4.742414100980481e-08,4.4764862104547424e-08,0.00013423052003148916,0.00216917073318246,1.3611862243252775e-07,0.00018414323156533603,6.11904943413534e-07,1.2282932452059002e-05,8.11539592357129e-05,1.707420745797884e-07,2.3314303932930126e-10,3.0006161064301995e-05,3.082215700862273e-07,8.629114203384368e-05,5.872477503749561e-08,0.9916680777128386,2.395069806549621e-07,5.173759574431007e-07,4.632706196647992e-06,1.717043968416875e-05,1.6348256287795098e-06
37,9.908819345123794e-08,1.3350271817230603e-06,5.139532235779521e-05,0.005646502598882399,4.868965252347088e-08,4.872179997312892e-08,0.00011624492700455573,0.0022223243599847737,1.4985218339302407e-07,0.0002232322719726723,5.764905154191974e-07,9.152994926997778e-06,7.2572374872994e-05,1.3365226495079662e-07,2.464939465973843e-10,2.9625520464221324e-05,2.606385164496777e-07,7.15583385657007e-05,5.335030570762143e-08,0.991531968009485,2.417453897390783e-07,4.618382836202762e-07,4.588926596057198e-06,1.5977685918167042e-05,1.4473281877696188e-06
38,1.6746564276743723e-07,1.2841676060805994e-06,5.0804974054619715e-05,0.004314012258867047,3.9982958636826304e-08,6.342338238602491e-08,0.00015146074694283586,0.0015903902353316128,1.1784745996590683e-07,0.00017528040093959784,6.46696248589331e-07,1.1081181768974436e-05,6.742159874631913e-05,1.6911190398807013e-07,2.5798727234699315e-10,4.149105981396307e-05,2.342100399584166e-07,8.46089945965711e-05,5.5077642757804455e-08,0.9934891610613221,2.2988119755634195e-07,5.119989772393412e-07,5.362886281538385e-06,1.400371531635911e-05,1.4007649710944657e-06
39,1.2907423817409494e-07,1.0092359982327455e-06,5.448843486587024e-05,0.005141533083939949,4.12193021449866e-08,4.323637211691177e-08,0.0001159356582531912,0.0020954374040820577,1.1407770573624632e-07,0.00016075664520037814,5.830999659116742e-07,1.1771616996327117e-05,5.792213205849981e-05,1.4658998870000637e-07,1.890668936409663e-10,3.128623263616458e-05,2.4800979933060746e-07,7.56388245028559e-05,5.449615285172009e-08,0.9922339349853252,2.5246648568237937e-07,4.2292705576460457e-07,4.120993767794512e-06,1.2775105371260168e-05,1.3542608686268559e-06
40,2.1554096093722253e-07,1.566478624435813e-06,7.014245742912211e-05,0.005384950930273949,5.280025842339209e-08,5.837879268763553e-08,0.00014598549169411447,0.0019735256358412666,1.4884455611573497e-07,0.00016408689217600977,7.356392442593105e-07,1.5733218162652755e-05,7.96863122026333e-05,2.3864433230894946e-07,2.9090400283586955e-10,3.4356356114090196e-05,3.2752539420561126e-07,9.678101735728234e-05,6.975820376873436e-08,0.9920077836857775,2.710707041265534e-07,6.616171538535929e-07,5.2787424974844404e-06,1.5407660975416744e-05,1.9350103694750033e-06
41,1.43936980582315e-07,1.4837747338569608e-06,8.424351087196348e-05,0.005652664861568548,6.21469932392525e-08,6.065005478254799e-08,0.00014631418446829877,0.002094644287811298,2.1260157852555265e-07,0.00021170974172938646,6.477896687917535e-07,1.0162964353746352e-05,7.949628223719276e-05,1.9980218212326611e-07,3.198988552326474e-10,3.81575680394554e-05,2.3566354355589353e-07,6.207381436957933e-05,6.647974147032018e-08,0.9915937806832338,2.4327713886155457e-07,4.4233481208906684e-07,4.2885401940829334e-06,1.6866061236229545e-05,1.7987225597593185e-06
42,1.355929406934921e-07,1.1084393236748067e-06,4.868768943832627e-05,0.004603429887778364,3.676765649485104e-08,3.766862918146988e-08,0.00011615427550444189,0.0023726861865014737,1.223763776878726e-07,0.0001674707944948939,5.060220019910264e-07,1.0535699535753007e-05,5.483483329853598e-05,1.3176661943472858e-07,2.2083169422313774e-10,3.195675770534205e-05,2.8802342612168364e-07,7.112848430162552e-05,6.271148995404971e-08,0.9925009814611351,2.4086197749719386e-07,5.510064516563311e-07,4.0310302709918205e-06,1.3449912710257248e-05,1.4315295988062792e-06
43,1.4203842426989055e-07,1.363479176839714e-06,5.608961698231207e-05,0.005362171687838118,4.544519691660441e-08,4.777441317558312e-08,0.00012803837161532239,0.0020683203982815273,1.2911739134025366e-07,0.0001895494617761456,6.049717552631598e-07,1.1138806065833456e-05,7.306987497662195e-05,1.5862671104964912e-07,2.2388144971957164e-10,3.076702375714718e-05,2.7832800594311014e-07,8.57263426724618e-05,5.5335129255166826e-08,0.9919694960121379,2.425696261262829e-07,5.027846978340566e-07,4.602156126612393e-06,1.5944189031643778e-05,1.515364328731897e-06
44,1.466345783964353e-07,1.3613960984364748e-06,5.765210567032589e-05,0.005396726154622067,4.398657348521829e-08,4.560930014175686e-08,0.00013146498390420724,0.001993259896822213,1.2574202151708147e-07,0.0001762395972149406,6.110814107976406e-07,1.1239485907422256e-05,7.566579925544701e-05,1.616517170369416e-07,2.1565699069186655e-10,2.9150350889137567e-05,2.7341579503977726e-07,8.607599529224558e-05,5.3061121332182516e-08,0.9920167806492832,2.295069553705885e-07,4.776793554332096e-07,4.571456761560653e-06,1.6118790830751315e-05,1.5247529625024306e-06
45,1.4012150759997387e-07,1.3131137513087518e-06,6.175437158387416e-05,0.0050035737586743715,4.683844274784349e-08,4.407447715098218e-08,0.00013955163267509232,0.0021595170810277857,1.475067313838641e-07,0.00017396462726774431,6.032418219051494e-07,1.052391979392513e-05,8.784713763557415e-05,1.5154753135880826e-07,2.3372989133922413e-10,2.870024725262253e-05,2.6888313448589674e-07,7.334690090634387e-05,5.5501994081759426e-08,0.9922347416223234,1.9252897308718968e-07,4.5356636857617866e-07,4.18696942545155e-06,1.7552635755454843e-05,1.32193721487075e-06
46,1.6772365483755392e-07,1.4752673598941868e-06,5.7982115297983314e-05,0.006208034513930976,4.680533564593962e-08,3.336924759034386e-08,0.00012264627456629967,0.002661596573440991,1.1141209691057634e-07,0.00016728855424304846,6.250550538392203e-07,1.3554394198932613e-05,8.802774743974894e-05,1.534034691099931e-07,2.2325087142028403e-10,2.4114410270002162e-05,4.850105648860279e-07,0.0001065341765571163,5.566580758659121e-08,0.9905174363470276,2.5366041031601647e-07,5.987613333808365e-07,5.256469209238517e-06,2.186413098154656e-05,1.6579352519072652e-06
47,1.2691095594649858e-07,1.423480985471252e-06,6.422679773614242e-05,0.006444328437131257,5.3155798673751015e-08,4.6190011166378816e-08,0.00013132998453158036,0.0021459337337792787,1.4116389008727304e-07,0.00019148484569447618,6.461097605771503e-07,1.0365128744065918e-05,8.425952365989086e-05,1.6931017653697273e-07,2.1513877924068086e-10,2.7073725421749376e-05,2.625232140022416e-07,8.118955643996927e-05,5.2507749894876226e-08,0.9907923865546069,2.3507746083951562e-07,4.0791218891115345e-07,4.60855979680509e-06,1.7701268748876308e-05,1.5473263781943648e-06
48,1.8354582089570156e-07,1.7868418519833488e-06,5.319021532699245e-05,0.006027217161602538,4.919069356586983e-08,3.767581235982238e-08,0.00014773808514667667,0.002978510281198975,1.319897558079119e-07,0.00022658769491666175,5.557024658867768e-07,1.2042094007460092e-05,9.608294391743253e-05,1.650688020650733e-07,2.697177034146873e-10,3.1981856047507224e-05,4.713129027710262e-07,9.862044725863653e-05,7.697990685006285e-08,0.990293043411601,2.6656607020498533e-07,6.894050927961013e-07,5.626954542262129e-06,2.3154024591700562e-05,1.7902809491659525e-06
49,1.3098261030898575e-07,1.1651297929804567e-06,5.6166397193822805e-05,0.004856446743990489,4.2230008947615804e-08,4.6844001140191526e-08,0.00011666510857929605,0.0017754454903280347,1.1501383953170912e-07,0.00015357047438248025,6.149003782701375e-07,1.1995349553154915e-05,7.036398250680758e-05,1.589605960454694e-07,1.9234643643381247e-10,2.7055270610713845e-05,2.465227866153697e-07,8.36801908541994e-05,4.7322679899753886e-08,0.9928266647059983,2.133957442027606e-07,4.750351345557416e-07,4.148287469130484e-06,1.3258361909227571e-05,1.283106705334051e-06
50,1.5291742588291022e-07,1.4929989526600283e-06,5.396869767595288e-05,0.00496057301880771,4.08547243249243e-08,4.6135831617576585e-08,0.00015507825120747497,0.002070993059422962,1.3834863580238864e-07,0.00021911877086262658,5.066652906380277e-07,9.201785421469098e-06,7.786337518303435e-05,1.590682320447561e-07,2.246278824053641e-10,3.589065950824291e-05,2.4046476549049073e-07,7.35882797189089e-05,6.272559666680717e-08,0.9923181537919915,2.1205038206584586e-07,4.922911944419866e-07,4.292054557993238e-06,1.6242517517050858e-05,1.4909924655989445e-06
51,1.4842965214941007e-07,1.318731984614523e-06,5.2685701262012456e-05,0.00687340907636918,4.2533885373538785e-08,3.7935753382529714e-08,0.00012702768465189541,0.002179569960369148,9.971945760428846e-08,0.00016492795327177845,6.24801551372332e-07,1.191551081187546e-05,7.845646199296774e-05,1.6421761325556492e-07,1.5348298198339417e-10,2.1786632774764398e-05,2.777506871775175e-07,0.00010473038731936608,4.6860581986542325e-08,0.9903599244077328,2.374454838666291e-07,4.333336455851066e-07,4.5257710873336935e-06,1.6157598688000926e-05,1.4509398894570784e-06
52,1.7153434200061572e-07,1.5378480218323847e-06,7.778842444971361e-05,0.007424593771223447,6.26426370682392e-08,3.793637879885487e-08,0.0001474660764871816,0.0033801451239139427,1.83642371016842e-07,0.00022413354333907366,5.993559897305178e-07,1.3713760658501561e-05,8.411560831422667e-05,1.9569600461937905e-07,3.0976480817958836e-10,3.636517200394702e-05,4.173686514728242e-07,7.217472664769184e-05,9.272826590433419e-08,0.988506612221772,3.20157333859979e-07,5.255269614085069e-07,5.1079348213286766e-06,2.123673841979148e-05,2.4021512265618322e-06
53,1.6476053119502745e-07,1.5178609600958792e-06,6.66446781420813e-05,0.0062368117246461765,5.8828434374107535e-08,5.0159279394315965e-08,0.00012700400545786978,0.002366640720370335,1.395752624578477e-07,0.00020216696006795457,6.636476827339233e-07,1.4314071379422828e-05,8.405895788787185e-05,1.9324304927641282e-07,2.3938025245811824e-10,3.1171661630802056e-05,3.4501825762106386e-07,9.818902659257142e-05,6.443355750179172e-08,0.9907443629056507,2.82636015035108e-07,5.663801238896569e-07,4.932040472638735e-06,1.7896480820635903e-05,1.7599843467656372e-06
54,1.6223713295817373e-07,1.48150279745333e-06,5.591691232841257e-05,0.004524734866359381,3.4163173173266094e-08,4.9749360954292544e-08,0.00015513026756069546,0.0015784618618180106,1.3299568821107827e-07,0.00018534737790094563,5.2113961396561e-07,9.980457042448417e-06,6.744501060791453e-05,1.7579081673608705e-07,2.4640887922361097e-10,3.652632717978318e-05,2.150840039149243e-07,7.42091495910077e-05,5.414671045032567e-08,0.9932885579111956,2.1540708118435274e-07,4.99152480590416e-07,4.501815225284176e-06,1.3855104890749495e-05,1.79132303134568e-06
55,1.4158898870892557e-07,1.4986277566490022e-06,5.407850956276059e-05,0.0062174622214768395,6.170567699956627e-08,5.967415134873712e-08,0.0001375050423815664,0.002287450977674748,1.1972509485311405e-07,0.00023173557009968234,5.98342867027736e-07,1.0111457462919322e-05,6.760857688794656e-05,2.044438670691122e-07,3.0688022334513833e-10,4.7842315554464374e-05,3.1241800048925527e-07,7.80555102666014e-05,7.087917437566939e-08,0.9908384601787904,3.143312738125463e-07,5.714244312683928e-07,7.0726355385252415e-06,1.698314569996318e-05,1.6803904407389093e-06
56,1.4482540436865241e-07,1.379793343324675e-06,5.743713718968284e-05,0.005386485629297821,4.362192912505451e-08,4.45300504541097e-08,0.00013200049992076316,0.001952550094087412,1.2376767436370444e-07,0.00017254348021863368,6.132512280463662e-07,1.1076990515828479e-05,7.96179465157619e-05,1.6191064018909983e-07,2.0999361361993144e-10,2.787252105392465e-05,2.7173366327239945e-07,8.630766058905032e-05,5.149465870920001e-08,0.9920683124662909,2.2013465638218256e-07,4.67356391889786e-07,4.5078438476110764e-06,1.6296564400937967e-05,1.4685364379155153e-06
57,1.6538735289476305e-07,1.4334365341847441e-06,4.356253906756851e-05,0.0062789641791075245,3.111239928237929e-08,5.10784411250253e-08,0.0001727673382187137,0.001415869341782745,8.55038262308568e-08,0.0001377797221791671,6.93487271976939e-07,6.923059233426219e-06,6.27970673629549e-05,1.5352569930276866e-07,2.0257072693453684e-10,2.701004810945294e-05,1.8036609427983071e-07,0.00010071409874540092,3.2087364608788604e-08,0.9917232490300943,1.9508344284143768e-07,3.1722181560034815e-07,7.20673971629951e-06,1.8148460161191164e-05,1.6698834079718961e-06
58,1.49992644640845e-07,1.4123587613457686e-06,5.812350114073112e-05,0.005509924849020528,4.4511647893739964e-08,4.425772919967772e-08,0.00013468957825952087,0.0020854176354722642,1.2588170615757884e-07,0.0001804121690618752,6.164878829436848e-07,1.1125814275017423e-05,7.898172050731181e-05,1.580213643483511e-07,2.1903032956814212e-10,2.8537529720843536e-05,2.9507899200788716e-07,9.025603918608943e-05,5.2488496933351057e-08,0.9917948131432578,2.3169700613774848e-07,4.880766032265006e-07,4.740903318531878e-06,1.7817524820813892e-05,1.5405200935048465e-06
59,1.4584382480537625e-07,1.366465885301167e-06,5.9598106686586866e-05,0.005372011348819451,4.3335658135993504e-08,4.2402157323999934e-08,0.00013296958716246612,0.002065203691936249,1.2444818579646557e-07,0.0001755892875003472,6.006994104504923e-07,1.0893461109730345e-05,7.674171223502675e-05,1.5355983150435828e-07,2.117151204228272e-10,2.7985238502013732e-05,2.864818293472331e-07,8.81610555488641e-05,5.040005617921261e-08,0.9919634742887808,2.2576711659125193e-07,4.721054059758288e-07,4.5182811399212134e-06,1.7829319217314384e-05,1.5129002847017328e-06
60,1.466345783964353e-07,1.3613960984364748e-06,5.765210567032589e-05,0.005396726154622067,4.398657348521829e-08,4.560930014175686e-08,0.00013146498390420724,0.001993259896822213,1.2574202151708147e-07,0.0001762395972149406,6.110814107976406e-07,1.1239485907422256e-05,7.566579925544701e-05,1.616517170369416e-07,2.1565699069186655e-10,2.9150350889137567e-05,2.7341579503977726e-07,8.607599529224558e-05,5.3061121332182516e-08,0.9920167806492832,2.295069553705885e-07,4.776793554332096e-07,4.571456761560653e-06,1.6118790830751315e-05,1.5247529625024306e-06
61,1.440914190241102e-07,1.341686518185134e-06,5.940724890448181e-05,0.005291558145008632,4.324546153537345e-08,4.364801126489876e-08,0.00013102930820714682,0.0020024849817341737,1.2541898229014034e-07,0.00017190293876342248,6.090392755366088e-07,1.098185775654742e-05,7.560612647582721e-05,1.5522574659795552e-07,2.1149299165850725e-10,2.8067687287209987e-05,2.7709517262133156e-07,8.67802429951391e-05,5.050637122318614e-08,0.9921158490109357,2.2455220443283213e-07,4.685715058490251e-07,4.443093078443029e-06,1.691619537562484e-05,1.4898713160360345e-06
62,1.466345783964353e-07,1.3613960984364748e-06,5.765210567032589e-05,0.005396726154622067,4.398657348521829e-08,4.560930014175686e-08,0.00013146498390420724,0.001993259896822213,1.2574202151708147e-07,0.0001762395972149406,6.110814107976406e-07,1.1239485907422256e-05,7.566579925544701e-05,1.616517170369416e-07,2.1565699069186655e-10,2.9150350889137567e-05,2.7341579503977726e-07,8.607599529224558e-05,5.3061121332182516e-08,0.9920167806492832,2.295069553705885e-07,4.776793554332096e-07,4.571456761560653e-06,1.6118790830751315e-05,1.5247529625024306e-06
63,1.4672099457508906e-07,1.4060040109436554e-06,5.71034053188088e-05,0.00535619740970217,4.3145735087429834e-08,4.502874229205602e-08,0.00013165815539329108,0.001981243927549633,1.2776568202940765e-07,0.00017593990826231197,6.130058042083037e-07,1.0884987407752948e-05,7.683560152107563e-05,1.5900535448907876e-07,2.1663307089161323e-10,2.8156871281780694e-05,2.744594602125137e-07,8.70639299067371e-05,5.266515420629595e-08,0.9920689219066252,2.2560269489820018e-07,4.81225614831154e-07,4.4898481506415116e-06,1.6399259239892065e-05,1.5299437598716784e-06
64,1.5315671702929117e-07,1.3701097363962994e-06,5.809754256901629e-05,0.00566016821050836,4.609097674018364e-08,4.715609078848524e-08,0.00013125765224339403,0.002112284051642476,1.271517737966045e-07,0.00018242617629463074,6.453573159760607e-07,1.2052579351465384e-05,7.356628710696519e-05,1.6588981808430748e-07,2.2645683918254253e-10,3.040808949785199e-05,2.9720308117392074e-07,9.211210542571146e-05,5.6123277848385716e-08,0.991620931585296,2.6234151275581077e-07,5.010743686174997e-07,4.8060442628955926e-06,1.6600385379518188e-05,1.6174092954375852e-06
65,2.4688167768481634e-07,2.389262220428408e-06,8.598411069640229e-05,0.0067027527627587635,4.1949591938117114e-08,2.2134144135910315e-08,0.00024986804675578044,0.004815040041411665,3.4937463051365764e-07,0.00021228982886832443,5.111797484062397e-07,6.348815761556478e-06,0.0001296204899295341,1.3018226497410644e-07,4.157758878609188e-10,2.3376832955305896e-05,4.615608080550823e-07,5.649537402078345e-05,9.925576001365232e-08,0.9876621178017925,1.5594739474503873e-07,4.916276607478144e-07,4.126278650569392e-06,4.4385794254217425e-05,2.694050467123086e-06
66,1.1072158673535008e-06,4.45582395812197e-06,0.00014485861006643274,0.025218180409672036,2.3309423446162198e-07,1.090572371558673e-07,0.00025767620085281065,0.005187171276291222,1.2840738312134216e-07,0.00022094337402715937,2.727766930188245e-06,6.38573821937607e-05,0.00013656353150795717,6.995025290404055e-07,1.2798305216901998e-09,4.737099223492239e-05,3.499632431513574e-06,0.0006938887334452446,8.569753566444037e-08,0.9677987291020447,1.5913444021680978e-06,1.89927274497788e-06,6.430257281455184e-05,0.0001369216079835323,1.2998111781252933e-05
67,7.39932382918688e-07,8.09073441255575e-06,0.00024286342545883584,0.021088468491987533,3.2629333040768686e-07,4.750658986552372e-08,0.00022373645749840284,0.040682721422892906,2.3194252494777738e-06,0.0018124381186866692,1.044026369775905e-06,3.1033885281811514e-05,0.0002733154219873162,2.138335959243569e-07,8.548477571306581e-10,3.08693330711959e-05,3.296946763945901e-06,0.0002338609918567252,6.679781266873102e-07,0.9351787954887344,1.160690640593927e-06,2.4316121391033416e-06,3.0224334637128612e-06,0.00016839039487491042,1.0144299756348146e-05
68,1.6525881087194038e-07,1.6246668614636597e-06,8.048676585657311e-05,0.006515838979275186,6.746814418960602e-08,4.832351758378727e-08,0.0001542357871406669,0.0026652443647033164,1.8641045741302097e-07,0.00022928830896644324,6.15157034717111e-07,1.2541484722180643e-05,9.927524896702091e-05,2.1891797630596643e-07,2.789774272394704e-10,3.642647510141415e-05,3.142600469206125e-07,7.19059096893737e-05,8.195519155591277e-08,0.9901049075850332,2.5728730245215937e-07,5.088322042692783e-07,4.585700951502055e-06,1.9363385948551995e-05,1.8111871194022192e-06
69,7.779822517026493e-07,3.5224309126222853e-06,0.00018616338538899146,0.010729455731940517,5.892149736942204e-07,5.510484509000757e-07,0.0002503212754741496,0.004007799548553817,5.861231942673087e-07,0.0004299024763309091,3.375397228919678e-06,9.931380676742163e-05,0.00021959682768808343,1.5258207534822443e-06,1.720986467677224e-09,0.0001234035520256466,1.0621455613641314e-06,0.00023341849444762438,3.5001926769611523e-07,0.9836528774083336,1.1190388827956579e-06,3.2630330841030658e-06,2.0988524483439623e-05,2.6306796751315103e-05,3.7281962665344667e-06
70,1.539361690213951e-07,1.4590302184976937e-06,5.5072868285852754e-05,0.005841198905656558,5.0019110276198506e-08,4.3571352717906864e-08,0.0001342072776209625,0.0030757718346743714,1.5734480499751424e-07,0.00023252942660238304,6.322374095634602e-07,1.097944850924789e-05,7.782392705972282e-05,1.2748856194380626e-07,2.594143816935263e-10,3.078042353893422e-05,3.7895174296228995e-07,9.452379458650718e-05,6.782501592068213e-08,0.9904144716143884,2.7820455546242006e-07,5.548261163922112e-07,4.732847000497163e-06,2.2360048088277425e-05,1.6438895160405188e-06
