,0,1,2,3,4,5,6,7,8,9,10,11,12,13,14,15,16,17,18,19,20,21,22,23,24
0,3.3165853087515226e-05,9.756256075340738e-08,0.00013666414014793432,0.0019208043438342307,0.00901752665862303,3.927232597278305e-05,0.00013344713400018147,3.3216371228594314e-05,4.863405303233745e-05,0.000168115461080698,0.00015658302470212496,1.1002592000370308e-05,0.0006450993498619521,0.02654139561594504,1.2644077108323157e-06,0.00013461490285289856,2.175706277589899e-06,0.00572540013329149,8.830347353346924e-05,0.9101121808825657,0.0003910974645853992,3.2049934855860575e-05,0.04414055025653977,4.8455880976633816e-05,0.000438882470732495
1,3.8802782970848515e-05,1.1853281464485582e-07,0.00014951049348416,0.0020842708545542213,0.010679559663087715,4.081130683989845e-05,0.00014936224795150703,3.7386498862045623e-05,6.0560047781061344e-05,0.00019164838961441784,0.0001699026566230704,1.1786586638867245e-05,0.000742857535200737,0.027771691962117682,1.328585810939875e-06,0.00015476750840236707,2.402039120391246e-06,0.006191135234575101,9.680684169500428e-05,0.9066143274911886,0.00038109904977339686,3.396799178244109e-05,0.04386059173706884,5.141080644507126e-05,0.0004838931555969607
2,0.00013739239556999203,7.069056798101064e-07,0.0006307582743392965,0.014124338796997208,0.02876379841986525,0.00017515522504614995,0.0003845382462553266,8.197296423801491e-05,8.891483217552301e-05,0.0003014619109296663,0.001475667534369396,0.00010522114248086864,0.006257362404741838,0.09364537900260253,3.2178206459673804e-06,0.0006010546370513911,1.763999663747851e-05,0.028357537659374838,0.00019051225312355087,0.7350882601626957,0.0016408203436223936,4.6945470527207785e-05,0.08708572967675056,0.00014558921011009485,0.0006500247141700334
3,3.659883444633682e-05,1.1044203111271116e-07,0.00015268776148371092,0.002164676617168469,0.01028458706322565,4.001079098595945e-05,0.00014107542312861125,3.496192269154552e-05,5.283396846290455e-05,0.00017514801801211884,0.00017788789727848567,1.1892522956812143e-05,0.0007123920599569078,0.029702836559287994,1.3597465828079408e-06,0.0001375752472073728,2.3844641836176276e-06,0.006263869913377248,9.012553085797243e-05,0.9020136428377106,0.0004136061631716906,3.4123096321317816e-05,0.04681980444944391,5.279879149416076e-05,0.00048300987853241675
4,3.69296298444083e-05,1.1924007786478802e-07,0.00015781278969773005,0.0022844883279813572,0.010695318920260842,4.206400426059504e-05,0.00014795337707288356,3.654720863944945e-05,5.3753625888824064e-05,0.00017582594408779414,0.0001920800409327559,1.3258557223749004e-05,0.0008025703794573648,0.03151521251969563,1.3788138987309484e-06,0.00014490294212476327,2.5973866087891946e-06,0.006487439609695227,9.563525508871046e-05,0.8980367636319284,0.0004306884705349152,3.562232279566986e-05,0.048077036026864375,5.200271211925785e-05,0.00048199826321995557
5,3.6277900687793525e-05,9.319038599474371e-08,0.00014405333798030918,0.0021177222189208843,0.008972529869587862,3.5643292379634254e-05,0.0001315411831683755,3.362526976682733e-05,4.839183209652725e-05,0.00017101142566322675,0.0001644149472999373,1.1072489185321753e-05,0.0006539493895302756,0.02798359015139622,1.2122210126356283e-06,0.00012921807605270318,2.3065519301279032e-06,0.0066090985906202175,7.966673252369455e-05,0.9076076033387945,0.0003859132539057559,3.236543039641846e-05,0.04413521177975316,5.3908599261667476e-05,0.0004595789276998187
6,3.659883444633682e-05,1.1044203111271116e-07,0.00015268776148371092,0.002164676617168469,0.01028458706322565,4.001079098595945e-05,0.00014107542312861125,3.496192269154552e-05,5.283396846290455e-05,0.00017514801801211884,0.00017788789727848567,1.1892522956812143e-05,0.0007123920599569078,0.029702836559287994,1.3597465828079408e-06,0.0001375752472073728,2.3844641836176276e-06,0.006263869913377248,9.012553085797243e-05,0.9020136428377106,0.0004136061631716906,3.4123096321317816e-05,0.04681980444944391,5.279879149416076e-05,0.00048300987853241675
7,4.1978396122012955e-05,1.2797797310225296e-07,0.00018443046155544045,0.002351286338387827,0.01094073352508712,4.2117909610808086e-05,0.000152147294930498,4.055723984287522e-05,5.377937650875244e-05,0.00017826860135278732,0.00019858017536565363,1.3504933820894602e-05,0.0008968280767306619,0.029608147842668076,1.3732896355783812e-06,0.00014280471777313705,2.654438670717316e-06,0.006787146703225123,0.00010235068952919521,0.9037881003432546,0.00042912607488196375,3.565052043524013e-05,0.04350193574047767,5.4163544816696806e-05,0.0004522057873435148
8,3.845235839524675e-05,9.981806266560292e-08,0.00016279761262323684,0.002262159064484749,0.009176182752777052,3.7652729218038836e-05,0.00012954395224590062,3.251578013641781e-05,5.43727119061744e-05,0.00019774195860436437,0.00017870282812376976,9.084397157022875e-06,0.0005790323577636076,0.030216810260427922,1.5427498952318786e-06,0.00012194683119547554,2.271360011946014e-06,0.006035954906171586,7.254184781658909e-05,0.9034874175107959,0.00039660723053949265,3.5271850911787064e-05,0.046192182617145194,7.41309562268973e-05,0.0005049835573636958
9,3.3897784999573575e-05,9.043059557213966e-08,0.00015746505934419552,0.0020767915965592115,0.00842624101190107,3.7092398614644625e-05,0.00011709135319880722,3.214880167920994e-05,4.9608932675682044e-05,0.00017806699320467115,0.00016455148333054795,8.952472023555705e-06,0.0006023146450273811,0.028080086295920882,1.344117457554982e-06,0.00011493126391795126,2.216571742720405e-06,0.005450291008742526,7.442042223425969e-05,0.9103385850880336,0.0003634427773245089,3.40578012098882e-05,0.04317033550429028,6.253470129948292e-05,0.00042344148467229144
10,3.659883444633682e-05,1.1044203111271116e-07,0.00015268776148371092,0.002164676617168469,0.01028458706322565,4.001079098595945e-05,0.00014107542312861125,3.496192269154552e-05,5.283396846290455e-05,0.00017514801801211884,0.00017788789727848567,1.1892522956812143e-05,0.0007123920599569078,0.029702836559287994,1.3597465828079408e-06,0.0001375752472073728,2.3844641836176276e-06,0.006263869913377248,9.012553085797243e-05,0.9020136428377106,0.0004136061631716906,3.4123096321317816e-05,0.04681980444944391,5.279879149416076e-05,0.00048300987853241675
11,3.7244530786492495e-05,1.1439354667450593e-07,0.00015529277471803301,0.0022238898197035773,0.01025879183101942,4.112658497308198e-05,0.00014590874354162883,3.668734379227406e-05,5.375538492965932e-05,0.00017634204055779935,0.00018216074229350352,1.250924981328444e-05,0.0007594427810792147,0.02994906196813465,1.3701730239401825e-06,0.00014296366188896832,2.5326993500990413e-06,0.006377195753421821,9.34563721018139e-05,0.9011890406670703,0.0004174881065655646,3.501203732912182e-05,0.047175916984249666,5.2577197502833723e-05,0.00048011815860663854
12,8.513099005168777e-05,1.840814570045585e-07,0.00040930019826686845,0.006683240070186242,0.004172435412637453,9.788013569700035e-05,0.00027557924035639,0.0001958055098850445,0.00011611544095522142,0.00043683628462811146,0.00040629463519256166,1.6469165671719105e-05,0.0031946708699701195,0.023287504064840498,2.7981632448267027e-06,0.0003572638149795094,1.5255385008750225e-05,0.006248760025996207,0.00017159457378991026,0.9070029080185676,0.0005999581207513136,9.910756299864578e-05,0.04571844025341896,0.00016813449331254735,0.00023833348813587961
13,4.126710806941e-05,1.5572353043952443e-07,0.0001826515679204847,0.0030717662986830545,0.013570160335875712,5.203052305888701e-05,0.00016420145569689796,3.816461237805592e-05,5.710962307344727e-05,0.0001686521373815714,0.0003196271794051891,1.8189596009367925e-05,0.0011383773773718964,0.04105401859681663,1.787954414108963e-06,0.00017182304581157725,3.334537704787452e-06,0.007413786388505813,0.00010464912309952301,0.8664541718683207,0.000557022959428034,3.6671643793301616e-05,0.06481028961435165,6.224676140649715e-05,0.0005078439678929828
14,2.8154609965172086e-05,3.32522588160382e-08,0.00013405292016657185,0.0023626569038070686,0.003280982002009438,1.823487956869121e-05,0.00010524320683979052,5.3815917575944024e-05,6.837506273607165e-05,0.0001757437014041728,6.654749681317298e-05,2.9990953558482937e-06,0.0002853568956451459,0.01433745024908372,1.1335368064555952e-06,8.158271679181138e-05,2.7254303269750034e-06,0.004597476912775515,2.6710740007941284e-05,0.9291996059040047,0.0002046517331416363,3.479878558037715e-05,0.04444756502872712,7.257387540174367e-05,0.0004115291432057961
15,3.659883444633682e-05,1.1044203111271116e-07,0.00015268776148371092,0.002164676617168469,0.01028458706322565,4.001079098595945e-05,0.00014107542312861125,3.496192269154552e-05,5.283396846290455e-05,0.00017514801801211884,0.00017788789727848567,1.1892522956812143e-05,0.0007123920599569078,0.029702836559287994,1.3597465828079408e-06,0.0001375752472073728,2.3844641836176276e-06,0.006263869913377248,9.012553085797243e-05,0.9020136428377106,0.0004136061631716906,3.4123096321317816e-05,0.04681980444944391,5.279879149416076e-05,0.00048300987853241675
16,3.427603459623518e-05,1.0165413464127393e-07,0.000144157835464586,0.0021616826990301452,0.00956624612096127,3.99721721608229e-05,0.00013684248822830233,3.1830818176881326e-05,4.427403000774176e-05,0.0001740437998355282,0.00017744097176055775,1.2546513616069282e-05,0.0006669795689254751,0.030199303829033942,1.29088410826676e-06,0.00013535330165256675,2.3238809277470677e-06,0.006653402028454139,8.395280775015234e-05,0.9033011024477972,0.0004622944898667805,3.238391670831369e-05,0.04542741033115243,5.046052210047255e-05,0.0004603268535496402
17,3.956320072866144e-05,1.3190086953331615e-07,0.00017485333970232957,0.0023920276647634553,0.011905582804465952,5.033551101674935e-05,0.0001608490990625114,3.627404400955725e-05,7.532110255421701e-05,0.00023567318677443358,0.00018932822468202163,9.563400041184531e-06,0.0006793258996501814,0.02819896034274419,1.8318844276239187e-06,0.0001645910820018118,2.3365905884087022e-06,0.00523863870739881,9.20481717190423e-05,0.9054713769227487,0.00040285269741862273,3.493902292027841e-05,0.04386057817231701,7.091914181498628e-05,0.0005120978855795973
18,3.6276592607542644e-05,1.0751882924123193e-07,0.00014295555739672137,0.0020867138913411992,0.009711835767682211,3.883668487891406e-05,0.0001412789867620432,3.477940709371558e-05,5.21110765843936e-05,0.00017342410194522544,0.00017239266789606766,1.216327386168891e-05,0.000696204897433866,0.029913956995131517,1.313530253812649e-06,0.0001361113599784586,2.438176441050203e-06,0.0064597046042952815,8.909636936151597e-05,0.901950334012776,0.0004057925595480024,3.489432857966622e-05,0.04716036131241954,5.111431446081736e-05,0.0004958020124416323
19,4.3498098673641465e-05,9.928408644248464e-08,0.00011435884062088255,0.0016742494863439378,0.007978500210219472,4.2405093490827464e-05,0.00010741727759891797,2.4689537364923823e-05,5.221358499385844e-05,0.00020168489246526525,0.00019725452678825476,8.604244859388822e-06,0.00042375675458421706,0.030218972806394708,1.7243094148918755e-06,0.00012276450141821398,1.9916050759351985e-06,0.005710578896196375,8.333591295009756e-05,0.8888282991416823,0.00046212890689854,3.1849481389162635e-05,0.06299772858667534,7.267203557346966e-05,0.0005992219842408801
20,4.0085997932785e-05,1.121471244813412e-07,0.00015168269305418434,0.0021276996180092057,0.010511037104953398,3.873649603342827e-05,0.00013796537162934566,3.425246100108681e-05,5.4061420671170766e-05,0.00017796914581025085,0.0001759241640242636,1.2360740755235416e-05,0.0007262435295345406,0.02978959884108981,1.2321624651375572e-06,0.00014083279466256784,2.3756168740070513e-06,0.006953268685256356,8.956780792317686e-05,0.9034571399987603,0.0003868614240495219,3.224614110854025e-05,0.04441934480661901,5.282472375870919e-05,0.0004865761068995594
21,3.151383066674604e-05,1.0190675915298655e-07,0.00017284165879330622,0.002148515716984862,0.008692437095577162,4.136663660072803e-05,0.00015413292700555123,4.398431150485326e-05,5.550315844933379e-05,0.00015397745627235016,0.00015383098956294866,1.0543833840346047e-05,0.000780359742095957,0.027395922051740594,1.4896393069586668e-06,0.00012932210646881404,2.8150973016660442e-06,0.005132409301408929,9.57314473040218e-05,0.9053000694169256,0.00034529389432926314,4.2449744700774604e-05,0.04861086575132983,4.8341341489375836e-05,0.00045618094358089266
22,3.664178092565795e-05,1.0055766379609167e-07,0.00015699277658608543,0.002286564123463903,0.009354774377080629,3.9306776134562956e-05,0.0001332607180244279,3.349127434056586e-05,4.7085117142339964e-05,0.00018476933654176382,0.0001818066861879942,1.1873334040252737e-05,0.0006918566651654802,0.030360030981210095,1.298068833786289e-06,0.00013504222694922353,2.486229873474247e-06,0.006831428473739096,8.123000457162623e-05,0.9051393798559451,0.00042496701264630094,3.35672190008302e-05,0.04332576759345356,5.5651274005358584e-05,0.00045062753647397575
23,3.659883444633682e-05,1.1044203111271116e-07,0.00015268776148371092,0.002164676617168469,0.01028458706322565,4.001079098595945e-05,0.00014107542312861125,3.496192269154552e-05,5.283396846290455e-05,0.00017514801801211884,0.00017788789727848567,1.1892522956812143e-05,0.0007123920599569078,0.029702836559287994,1.3597465828079408e-06,0.0001375752472073728,2.3844641836176276e-06,0.006263869913377248,9.012553085797243e-05,0.9020136428377106,0.0004136061631716906,3.4123096321317816e-05,0.04681980444944391,5.279879149416076e-05,0.00048300987853241675
24,3.6087035778380816e-05,1.1341032838658461e-07,0.00015468438803645883,0.002281512210552002,0.010824656688168737,4.071638426557531e-05,0.0001432238850565358,3.5010807599702206e-05,5.279487911851848e-05,0.0001736870188099104,0.00018847844597974367,1.2860642181091085e-05,0.000770264061755582,0.03154653001367994,1.353192902461176e-06,0.00014512925979697083,2.481152905232398e-06,0.006496889033311062,9.089210952225221e-05,0.8978056783560489,0.00042157446192703083,3.4287491531215244e-05,0.048205419703265265,5.243142852891061e-05,0.0004832439389503016
25,3.6996180954014044e-05,1.075113326564735e-07,0.0001581099797334504,0.0023117797078235514,0.010145198578186411,3.882306328993298e-05,0.0001468068379306749,3.711116096804372e-05,4.939149609864843e-05,0.00017068333127628747,0.00018948934557213424,1.2404099000226242e-05,0.0007772293522797345,0.029452768722293694,1.3695065221693796e-06,0.0001398032743931515,2.465212735988107e-06,0.006525287843481221,9.033383385093931e-05,0.9015154291749702,0.0004356021732805477,3.4067291795375695e-05,0.04721708843968155,5.218332422775884e-05,0.00045947055832181306
26,1.4242083872481829e-05,2.028373503802905e-07,0.00024602876410451954,0.00268001116416764,0.017180937079275285,7.319098684400295e-05,0.0002845566566166416,3.38114210163059e-05,1.1810653036529202e-05,0.00022843642296294358,0.00023375157479639107,7.552725763095351e-05,0.0020574665157894042,0.07873228316635981,1.1386706678196073e-06,0.00023720385216088947,2.815893455005067e-06,0.012192289406666662,0.0001867398070610156,0.8642368797732692,0.0015810299823010821,5.615726229480414e-05,0.019318609466028158,9.168997328281767e-06,0.00032571030494373936
27,5.6938554742990574e-05,1.4952302230736722e-07,0.00024051019099725223,0.00311054359997629,0.014636035466184045,4.570400163335047e-05,0.0001474104329345868,4.044116581175562e-05,3.729365494956347e-05,0.00015775243881723964,0.00027531472277870356,2.2313269360314162e-05,0.0012113292509651464,0.036358197821570945,1.21095990231801e-06,0.0001678117330659778,2.88665658811214e-06,0.011561321331190007,0.00011620926519273668,0.8831373590610259,0.0006159190601726385,2.7210744423949013e-05,0.04753672655621689,4.93194785927194e-05,0.00044409105988452684
28,3.659883444633682e-05,1.1044203111271116e-07,0.00015268776148371092,0.002164676617168469,0.01028458706322565,4.001079098595945e-05,0.00014107542312861125,3.496192269154552e-05,5.283396846290455e-05,0.00017514801801211884,0.00017788789727848567,1.1892522956812143e-05,0.0007123920599569078,0.029702836559287994,1.3597465828079408e-06,0.0001375752472073728,2.3844641836176276e-06,0.006263869913377248,9.012553085797243e-05,0.9020136428377106,0.0004136061631716906,3.4123096321317816e-05,0.04681980444944391,5.279879149416076e-05,0.00048300987853241675
29,3.659883444633682e-05,1.1044203111271116e-07,0.00015268776148371092,0.002164676617168469,0.01028458706322565,4.001079098595945e-05,0.00014107542312861125,3.496192269154552e-05,5.283396846290455e-05,0.00017514801801211884,0.00017788789727848567,1.1892522956812143e-05,0.0007123920599569078,0.029702836559287994,1.3597465828079408e-06,0.0001375752472073728,2.3844641836176276e-06,0.006263869913377248,9.012553085797243e-05,0.9020136428377106,0.0004136061631716906,3.4123096321317816e-05,0.04681980444944391,5.279879149416076e-05,0.00048300987853241675
30,3.659883444633682e-05,1.1044203111271116e-07,0.00015268776148371092,0.002164676617168469,0.01028458706322565,4.001079098595945e-05,0.00014107542312861125,3.496192269154552e-05,5.283396846290455e-05,0.00017514801801211884,0.00017788789727848567,1.1892522956812143e-05,0.0007123920599569078,0.029702836559287994,1.3597465828079408e-06,0.0001375752472073728,2.3844641836176276e-06,0.006263869913377248,9.012553085797243e-05,0.9020136428377106,0.0004136061631716906,3.4123096321317816e-05,0.04681980444944391,5.279879149416076e-05,0.00048300987853241675
31,4.192968919610914e-05,1.0416432299761869e-07,0.0001665909052344535,0.0019846485622652685,0.009788387099073897,3.310966850558135e-05,0.0001374426963667416,3.991838519085607e-05,4.7408999557919755e-05,0.00015870254727110288,0.00015070134516527404,1.1540965259117112e-05,0.0007137907465259845,0.02527520628291463,1.1622753590453192e-06,0.00012077707098692581,2.2137462631590362e-06,0.006818928451842522,9.654704139304352e-05,0.9118435287838743,0.0003856755902495585,3.272420623954747e-05,0.041628040651136004,4.683983931335513e-05,0.00047408028649261976
32,3.604754724151652e-05,1.0916911331812352e-07,0.00015060408459243856,0.0020889419032769176,0.01008277134440878,3.99174298482833e-05,0.00014107361848621404,3.5204155111411735e-05,5.11723519901346e-05,0.00017249570078728117,0.00017401830620321023,1.1881104076703746e-05,0.0007068470633929738,0.029054936256549285,1.3579304665649116e-06,0.0001374600855255694,2.347083434049973e-06,0.006138975404824876,9.312615016557876e-05,0.9033683370065609,0.00041288313083039227,3.4325108108104284e-05,0.04653706169301964,5.073854002778356e-05,0.00047736783195807955
33,3.599649906058672e-05,1.0417826235629458e-07,0.00015304834276943588,0.0020067363750442247,0.011121879701960628,3.755583449671836e-05,0.00012883413437214113,3.072090576434468e-05,5.1327938283561454e-05,0.00017133506249187227,0.0001665565226185292,9.303875448379282e-06,0.0005174038253914547,0.026360777636799462,1.5743593892535552e-06,0.00011746551102433973,1.740885972567234e-06,0.005425778097507402,8.21857773395746e-05,0.9036229018876137,0.00046156364200422806,2.980346689188565e-05,0.04888793293294375,5.754369135822388e-05,0.0005199289151911163
34,3.2834936718778855e-05,1.0048951451753745e-07,0.00014616107590825918,0.002154916792503582,0.00959752044171548,3.961735549376978e-05,0.00013988804375043653,3.381698818337956e-05,4.9360862317924757e-05,0.00017552319748592775,0.00016557285210954732,1.1525477836151702e-05,0.0006716613872216501,0.029043605178799635,1.3170781370658704e-06,0.00013764683519486252,2.3299332541502235e-06,0.006083869997974184,8.341688406657993e-05,0.90536309853022,0.0004174124204991008,3.36403548993598e-05,0.04510569885655677,5.01290609578885e-05,0.0004593349686810512
35,7.360127813583259e-05,1.3553195159947865e-07,0.00017464329779304363,0.0019467213452329466,0.00930333512413124,3.1993548172267713e-05,0.00014810412052963852,4.976135553882683e-05,6.291314217227199e-05,0.0002157500490205966,0.00015309172979976885,1.4989152578264945e-05,0.0008755685748905666,0.02291051730426245,9.100700328711324e-07,0.0001494317146765324,2.9635322396187896e-06,0.010318919248484461,0.00011746860857955508,0.9199709691944442,0.00034439432924793,3.485745459740539e-05,0.03253714750457563,5.1951314522933114e-05,0.000509861474389644
36,3.39068837260853e-05,1.0881080882389817e-07,0.0001388911198260385,0.002123866259946684,0.00925025069003615,4.1796961899865495e-05,0.00014920954568816515,3.7858186525828314e-05,5.725245242142705e-05,0.0001745789437324395,0.00016702253178918567,1.2615588419923931e-05,0.0007742550778128633,0.02959424236259773,1.3056999827224907e-06,0.0001524038886071816,2.7818854868463435e-06,0.00606312863867772,9.172130753337321e-05,0.9031437687545646,0.00036976215987896276,3.708316559522727e-05,0.04706794653751145,4.851935924213618e-05,0.0004657231876885397
37,3.104538484263881e-05,1.265375539634268e-07,0.00014068615494415175,0.002074412960544739,0.011192259752377818,4.646925920072436e-05,0.00016041111101277586,3.8913881452126605e-05,6.095124534762868e-05,0.00017395908842495527,0.00016716876266482957,1.266125207653032e-05,0.0007682864928032976,0.029331268594694645,1.4913851924276492e-06,0.00015653769716584588,2.4332670648658693e-06,0.00517640484879433,0.000103492837819048,0.8986892802368329,0.00043892198784597163,3.678653025593799e-05,0.05066870189911366,4.198324347499335e-05,0.0004853455884993029
38,3.496892427751403e-05,1.0829798782615554e-07,0.00014380217719730157,0.0020707650444216495,0.009631090396157404,4.3315185030207676e-05,0.00014858415183000858,3.607195343230174e-05,4.682516775687659e-05,0.00016481580423106072,0.00017943761159356449,1.2811203296583142e-05,0.0007461616002149908,0.02782641618665658,1.404227118294026e-06,0.0001532231507750038,2.3985559664302757e-06,0.006084461523460428,9.898344057516818e-05,0.9030687509481444,0.00044036616238495735,3.274595903936282e-05,0.04854111582856745,4.7047851912457074e-05,0.00044432864797217935
39,3.0595685466648314e-05,9.264237445743793e-08,0.00013835105191245507,0.0020174960850830505,0.008897532739209221,3.868424458286857e-05,0.0001432183244806551,3.70049679225483e-05,4.614845982528185e-05,0.00015596911434718222,0.0001489230379235226,1.1266324395289151e-05,0.0006694941686075616,0.02550695380127728,1.3038774411556657e-06,0.00013819538329559765,2.272375375725938e-06,0.005555186581577026,8.932074579618977e-05,0.9083902896778685,0.000414028937913823,3.3289744172600406e-05,0.047050463708487526,4.33362818733208e-05,0.0004405820387906955
40,3.604470729651517e-05,1.360056014579245e-07,0.00019409929223431396,0.002020373051443434,0.012706949995057651,4.200246544113942e-05,0.0001315274399587668,3.2015672295307794e-05,4.9207524831327207e-05,0.00016980276781497407,0.0001833556603432144,1.401740288860512e-05,0.0007251260227759116,0.03349169175362407,1.445842226044068e-06,0.00012059771560604107,2.2171709886110677e-06,0.0063739707242562406,9.918751464878924e-05,0.9019804939257622,0.000440702778397604,3.7382513729199e-05,0.04060006876822664,5.0185717156051444e-05,0.0004973975673960202
41,3.4652932785959435e-05,9.338004253927591e-08,0.000139659565377367,0.002029714033764242,0.009003804016819605,3.63684379454428e-05,0.0001338273214948725,3.3336414949031096e-05,4.49442812395719e-05,0.00016216621764096034,0.00016816093959414757,1.1322421718393599e-05,0.0006589785724421465,0.02814640003281167,1.273105423374981e-06,0.0001292062192947847,2.2328364799570747e-06,0.006298673103840655,8.596648124729215e-05,0.9052703554307165,0.00040623221007793614,3.2638519273310035e-05,0.046657703221015624,5.0323452263336176e-05,0.0004619668517411356
42,3.1314604708235334e-05,1.0429246151724149e-07,0.00015930639684716956,0.0019312394408243032,0.008502234430936863,3.968931890743065e-05,0.00014360810026500023,4.364053976095367e-05,4.630910503251553e-05,0.0001644384911906104,0.00014919396627995313,1.172264295694864e-05,0.000751047870048596,0.02455146560982028,1.379074236461781e-06,0.00012988801024727784,2.4159347160749003e-06,0.005088123129658236,0.00010293354222122702,0.9170516733609044,0.00041977099714288034,3.973569738327386e-05,0.040208321890549126,4.19166872706254e-05,0.0003885268656299303
43,3.341580049648549e-05,9.886614242091175e-08,0.0001393764441985583,0.001982631545341667,0.009287443783799601,3.803969583295294e-05,0.0001335113357927042,3.323586167715913e-05,5.369290107035986e-05,0.0001862859612988317,0.00015496942172001565,9.92465175290958e-06,0.0006124535967978972,0.027341202528713523,1.3005901053855617e-06,0.00012943034219006753,2.1566387308993473e-06,0.005557241910310642,8.238171105231869e-05,0.910177373400451,0.00038498596092943483,3.380790024857283e-05,0.04311288569475172,5.201271394355545e-05,0.0004601407426512402
44,3.659883444633682e-05,1.1044203111271116e-07,0.00015268776148371092,0.002164676617168469,0.01028458706322565,4.001079098595945e-05,0.00014107542312861125,3.496192269154552e-05,5.283396846290455e-05,0.00017514801801211884,0.00017788789727848567,1.1892522956812143e-05,0.0007123920599569078,0.029702836559287994,1.3597465828079408e-06,0.0001375752472073728,2.3844641836176276e-06,0.006263869913377248,9.012553085797243e-05,0.9020136428377106,0.0004136061631716906,3.4123096321317816e-05,0.04681980444944391,5.279879149416076e-05,0.00048300987853241675
45,3.8967239301466394e-05,1.152089378966628e-07,0.00015263029586738266,0.002207306000073198,0.010822207639797668,3.923071586785651e-05,0.00013442295287746783,3.335257407428223e-05,5.396153475355459e-05,0.00017427218046560207,0.00018935849544708135,1.2634084709624645e-05,0.0007248698832576972,0.032164244158893615,1.2968311875026556e-06,0.00013296529091863627,2.4140460028481585e-06,0.006858530712250865,8.804239989908684e-05,0.8970867087812522,0.000416511851396571,3.349597243090805e-05,0.04807409804651564,5.454990872302149e-05,0.0005038131950981574
46,3.6865097145220017e-05,1.0427702779565802e-07,0.0001512738247477767,0.002410747250400381,0.008798419086332103,4.3315689344619474e-05,0.00014147512301308687,3.818056337158701e-05,5.3040665622747154e-05,0.00017638461792521455,0.00018374905310719047,1.2366848671538112e-05,0.0007582239981430727,0.029213308171929468,1.3816656606760481e-06,0.00015020611792425945,2.8889585695262943e-06,0.006437241335572975,8.603023670666805e-05,0.9009967598242125,0.0004140291873704594,3.492134664186841e-05,0.04935302595838063,5.764470031378632e-05,0.00044841640186500296
47,3.360802740765652e-05,1.0820377569687462e-07,0.00015912434290075292,0.0025127440450045044,0.011305686033571205,4.18349080274797e-05,0.00014063965848149692,3.3076555791166725e-05,5.374307767429482e-05,0.0001747647427957418,0.00019914585642612356,1.1357352340192936e-05,0.0007244865353452627,0.03306477621163805,1.4781521302980113e-06,0.00014011424324363812,2.3511295434389858e-06,0.006056283110529277,8.067377690412054e-05,0.8910163844805497,0.00045208416099826057,3.282947444360597e-05,0.05321577442773815,5.73181247268541e-05,0.0004896133680130065
48,4.3347535811231684e-05,1.4715551737576205e-07,0.0001754256548734667,0.002326612868336978,0.008944794847283584,5.526396366597496e-05,0.0001856030772725145,5.808815782002293e-05,5.7368392972226866e-05,0.0001706499733563375,0.000198549998153919,1.6348702868954275e-05,0.0011446621611443755,0.025521956555639984,1.6075464548111253e-06,0.00018582730201440302,3.661153542219005e-06,0.0060840648592074414,0.0001386209017764993,0.9052906700981266,0.0004535978855005449,4.073650128954904e-05,0.04845644525075554,4.6166640880738166e-05,0.0003997828157349333
49,3.258044631684149e-05,1.0791333671379197e-07,0.00016577765699399164,0.002049008552606324,0.009640745780492104,4.0972602986460534e-05,0.00013149563156582175,3.366172677667718e-05,4.632936565848451e-05,0.00016872407874990778,0.00016373982092514176,1.2580404928216969e-05,0.0006943285304659195,0.02948116567131432,1.3015600863336463e-06,0.0001249701618709438,2.377047387650047e-06,0.006070819685668276,8.898044948922846e-05,0.9096171268473809,0.00041753371910367894,3.592036506390023e-05,0.040496446758977296,4.858270418000433e-05,0.00043472251767488366
50,3.3613530006390594e-05,8.746242084844676e-08,0.0001229301039239468,0.0016120810899628462,0.00851775667204673,2.9548154682323627e-05,0.0001575478471186527,3.478383477375537e-05,5.153067240519496e-05,0.00020441448433812894,0.00011802169629728223,8.45300851311499e-06,0.0005538729673750131,0.023900622864793653,1.1245390930347682e-06,0.00012422964055566025,1.8024319824545656e-06,0.005710751072582621,8.795211975702961e-05,0.9231273623898472,0.0003278349871459721,3.521034463756073e-05,0.034677545501057554,4.286683652499115e-05,0.0005180557481581924
51,5.20917401752329e-05,2.235715529271999e-07,0.0002870314092458301,0.004465722546531415,0.016389414448769304,6.480519126194344e-05,0.00018909247466090251,4.7118761313227756e-05,8.658011812425501e-05,0.00026392188469052057,0.0003400944423885054,1.808955167219736e-05,0.001333551659469335,0.04758743370024948,2.006585624104769e-06,0.0001852417863108147,4.32895393266987e-06,0.008225563316195988,9.355558975170073e-05,0.8702056485607106,0.0005911795772245714,4.510352515975144e-05,0.04891282730945255,9.252945321243475e-05,0.000516843842319825
52,3.515147207955598e-05,1.4373810769465826e-07,0.00016537311692774553,0.002089378844352339,0.011994462408258456,4.5393330392419814e-05,0.00016266211353997963,4.113869349627179e-05,5.8237264254477585e-05,0.0001643875437572795,0.00017796785213881902,1.3336191048981301e-05,0.0007612548798714997,0.030222407911151154,1.7212216961467007e-06,0.00013518867654468056,2.415008942801297e-06,0.0053509125992507785,0.00011261635897713836,0.8947659809650159,0.0004952787743989395,3.996984127626915e-05,0.05257803152230605,4.5915912045414733e-05,0.000540673760169175
53,3.221559339396221e-05,9.757988724640807e-08,0.00013246516995999688,0.0020751322900851178,0.00926277840071397,3.8779169867403485e-05,0.0001506012408638879,3.561591379354414e-05,5.2141669866547866e-05,0.00016850566150132575,0.0001640864620776019,1.0998545720172838e-05,0.0006822932479875529,0.02747550930723474,1.3676480288599091e-06,0.00014394268880506324,2.32536977541376e-06,0.005705117955086478,8.677728928606072e-05,0.9036455577344861,0.0003988563940646442,3.3932159587412776e-05,0.04918109861356225,4.8429753086133425e-05,0.00047137414127867695
54,3.982795409098365e-05,1.4013296065693696e-07,0.00014123452007353915,0.001994691108156557,0.011224948716896225,4.381474300489465e-05,0.0001644318159440213,3.6237233120890476e-05,6.284863583404119e-05,0.00020170842827881257,0.00017360351270449294,1.416792686547403e-05,0.0007430523958871857,0.03163340196269876,1.4015391014474834e-06,0.00016313875706226472,2.547888631864449e-06,0.006797819510951035,0.0001045767636045273,0.900388562430627,0.0004123885429036288,3.7148990958790385e-05,0.045005746053694014,4.966613149673831e-05,0.0005628943044521235
55,4.785174166690662e-05,1.5381267457248298e-07,0.0001601999796525261,0.00224499509379165,0.013160999692762094,4.1133713268240025e-05,0.00016844075149415028,3.913349907158222e-05,6.538301646689432e-05,0.00018107773022558,0.0001942072072476299,1.7206843007820242e-05,0.000861904662481747,0.030897167284423613,1.3357772865976264e-06,0.0001642441711757272,2.684535071489273e-06,0.008317554137998923,0.00010623970357454213,0.8968075249724098,0.0004309020082265195,3.393111664740604e-05,0.045425528896159174,5.144952565330389e-05,0.0005787501275616411
56,3.74922787680793e-05,1.1650227128496206e-07,0.00015714330788536713,0.002225402515909905,0.010551632712978052,4.117064005225879e-05,0.00014491492124987419,3.596481972612289e-05,5.424383648537175e-05,0.00017753852040118412,0.00018487927139660776,1.2621283310570289e-05,0.0007613054767649839,0.03045487320882209,1.3661373699434008e-06,0.0001422697790934899,2.508935593516906e-06,0.006443708239402778,9.340541282431044e-05,0.9006659997409492,0.0004175674331853396,3.485335070055319e-05,0.046821524114553856,5.3081666412503274e-05,0.0004844158938925775
57,5.086404215570947e-05,1.1829721680922944e-07,0.0001704227838594237,0.0038940403584356736,0.010993377734789835,4.631224396478457e-05,0.00016545990618871393,3.391107666357715e-05,8.940727570316269e-05,0.0002651940336410534,0.0002678060071253499,8.952482915304643e-06,0.0007295729576086786,0.039834399886665664,1.7706411643617736e-06,0.0001647546190843016,3.1620857766869855e-06,0.007882838399600054,5.621680149372143e-05,0.8730420537206834,0.0004192688646031339,3.208982244781493e-05,0.06110840577454985,0.00012400636521367624,0.00061559381844935
58,3.769506204114758e-05,1.099687052460753e-07,0.0001545340336758347,0.002202756889663812,0.009984962069130217,4.0534947922487075e-05,0.0001404658002395283,3.5034271258801625e-05,5.3376228611833117e-05,0.00017930129566005415,0.00018238839530410013,1.1701491153931782e-05,0.0007092727602644178,0.029602006866348184,1.3956501564526716e-06,0.00013865730421938822,2.4395452237317974e-06,0.006308422528652328,8.893252518836245e-05,0.9023770976289557,0.00041067003071747915,3.439270265816667e-05,0.04676566989281623,5.6895292480074356e-05,0.00048128681895248773
59,3.7221027210264784e-05,1.0786845350973741e-07,0.00015802473458170367,0.0021940612290244346,0.009882338903839584,3.982672461573857e-05,0.00013808812237289217,3.465003310296668e-05,5.2601392047369415e-05,0.0001804857892424661,0.00017973315521424769,1.1207729225890957e-05,0.0006800345924996292,0.02925322216052181,1.426819112956254e-06,0.00013384755346908389,2.37196332949047e-06,0.006179111964663193,8.640177728405457e-05,0.9036383800369773,0.000413759716482362,3.451319548771266e-05,0.046129142084993725,5.845098595035968e-05,0.0004809904402972344
60,3.659883444633682e-05,1.1044203111271116e-07,0.00015268776148371092,0.002164676617168469,0.01028458706322565,4.001079098595945e-05,0.00014107542312861125,3.496192269154552e-05,5.283396846290455e-05,0.00017514801801211884,0.00017788789727848567,1.1892522956812143e-05,0.0007123920599569078,0.029702836559287994,1.3597465828079408e-06,0.0001375752472073728,2.3844641836176276e-06,0.006263869913377248,9.012553085797243e-05,0.9020136428377106,0.0004136061631716906,3.4123096321317816e-05,0.04681980444944391,5.279879149416076e-05,0.00048300987853241675
61,3.762881435791193e-05,1.0839627281714701e-07,0.0001624493916457877,0.0021955544767865934,0.009957818320139939,4.0116953410921175e-05,0.0001363963538891799,3.496527322221263e-05,5.1507418861194156e-05,0.00017807577273855902,0.000178923043160026,1.1344912949081073e-05,0.0006911866503871009,0.029172526819152902,1.4001071542058966e-06,0.00013264852894179596,2.378735687561546e-06,0.006233098610292192,8.79067074075109e-05,0.904299293261977,0.00041401341573394116,3.4286328088862864e-05,0.0454172413393307,5.710758804703926e-05,0.0004720227803646699
62,3.659883444633682e-05,1.1044203111271116e-07,0.00015268776148371092,0.002164676617168469,0.01028458706322565,4.001079098595945e-05,0.00014107542312861125,3.496192269154552e-05,5.283396846290455e-05,0.00017514801801211884,0.00017788789727848567,1.1892522956812143e-05,0.0007123920599569078,0.029702836559287994,1.3597465828079408e-06,0.0001375752472073728,2.3844641836176276e-06,0.006263869913377248,9.012553085797243e-05,0.9020136428377106,0.0004136061631716906,3.4123096321317816e-05,0.04681980444944391,5.279879149416076e-05,0.00048300987853241675
63,3.753896871651588e-05,1.1532242218716892e-07,0.00015534061925354787,0.0021877017172150575,0.010548368745494866,4.0723808100591e-05,0.00014322593767672034,3.540654316043764e-05,5.434625508036393e-05,0.00017763713164170927,0.00018128259505113055,1.2197413487154984e-05,0.0007267470646001353,0.030120835326794757,1.380135681593891e-06,0.000139209711640213,2.432860800898997e-06,0.006345628979479402,9.187499822141984e-05,0.9010479096492896,0.0004180510772972291,3.4566431946049486e-05,0.046952789256050315,5.34670705205037e-05,0.000491222380377533
64,3.607420963358742e-05,1.1210888024556407e-07,0.00015548602822352514,0.0021851725636072546,0.01035383174094428,4.056868500234988e-05,0.00014259149057483945,3.521217234426576e-05,5.132572626847864e-05,0.00017476067487787406,0.00017863294591603774,1.181258913182382e-05,0.0006870413989133986,0.02915251514455729,1.4308346277189648e-06,0.00013333089341140974,2.317908212054845e-06,0.006085469514676808,9.024598653876851e-05,0.9019409958862908,0.00045190128639774904,3.424481503106056e-05,0.04751821244213752,5.2849392462216136e-05,0.0004838635613387201
65,3.134992994833251e-05,1.233324095142139e-07,0.0002191426705201584,0.0025904589509432364,0.010278245810036465,5.46151282433533e-05,0.00014608376254414814,3.9246322270013854e-05,4.422462428730811e-05,0.00016319766995282018,0.00020294211243596075,1.1999177103381891e-05,0.0007433150013001018,0.030671405532638023,2.041680534240112e-06,0.00012712797345587368,2.6748293908354823e-06,0.004956550007240135,9.623348373364965e-05,0.8969241936754668,0.0005808827069793863,3.914247479288383e-05,0.05159493049739905,5.6541898917129514e-05,0.0004233307474570691
66,3.742526359537281e-05,1.0667943495228125e-07,0.0001450345868351218,0.0020423000063778335,0.009298214810059754,4.001623237923149e-05,0.0001409212684656222,3.7359298825045e-05,5.353196942926894e-05,0.00016377690558122443,0.00016679869164308212,1.1324561941484278e-05,0.0006869226859590537,0.026826965766864656,1.3778313383472604e-06,0.00013493929809924726,2.4084716213249767e-06,0.005914674206296848,9.361447974695869e-05,0.9040147168983965,0.0003984964201442222,3.374304347950751e-05,0.04922925084488059,5.1704137912772475e-05,0.0004743756406918245
67,1.758663640838916e-05,4.654887209794076e-08,8.854767347721867e-05,0.0014408021390950772,0.004511331032704782,3.573548097125487e-05,9.267324102748379e-05,2.192443825022784e-05,2.5821983091782645e-05,0.00012393530816983287,0.0001242159990961078,7.670044928553986e-06,0.00039853373061139784,0.024202447349908163,1.1588910218092197e-06,9.888652675746241e-05,1.7658752711466837e-06,0.003996827589313769,5.94456540076287e-05,0.91582085430791,0.0003665851317748046,2.9635221650009084e-05,0.04817534151127151,4.3382591968434096e-05,0.00031484509244113505
68,3.5354417679870956e-05,1.0261151002881887e-07,0.00015244586714358455,0.002160200257589262,0.00967102234435883,3.9303830304450614e-05,0.00013855193383152965,3.5525782146047584e-05,4.853156209689376e-05,0.00016649655794533064,0.00017145352653157953,1.199119033505186e-05,0.0007357730375808189,0.02824611586046124,1.2565595781776674e-06,0.00013702673830297106,2.3678869212751075e-06,0.006337427661003261,8.93291008834171e-05,0.9057028678631077,0.00041006855568350234,3.228627925799091e-05,0.04518327748455962,4.900225724493551e-05,0.0004422208339424772
69,0.00012917223370517957,5.95086055156053e-07,0.00038331216247839675,0.006031996268460089,0.05246653528150782,5.664368010381961e-05,0.00038239009700476954,6.634991776643521e-05,0.00030072707404692537,0.00043354159157557554,0.0003989556916628357,2.303319223411679e-05,0.0014637487838487413,0.06367171602239478,3.1313080512457942e-06,0.00031894172961520494,4.955821779274757e-06,0.01551152104246054,0.00010986040778340352,0.794704555968989,0.0005266458924195454,5.269081386512865e-05,0.06102826811515831,0.0001348435160802304,0.001795868300953461
70,7.003803249881491e-05,1.8180046974668816e-07,0.0002147162211062359,0.0023305692733913406,0.012795003727405658,4.2440349695271e-05,0.00016796891483832364,4.5055064856033475e-05,5.007117691376648e-05,0.00019471656274849363,0.0002704635944785065,1.8316880753799312e-05,0.0009778557989280714,0.031853230924112574,1.6839157573321375e-06,0.00014125137327685325,2.7466520932781547e-06,0.009302574513184218,0.00014597119315396082,0.8911505778209722,0.0006344244176488827,3.982868394446744e-05,0.04888658421778347,6.174043385213053e-05,0.000601988456136455
71,2.3967705119638113e-05,1.0162350971388182e-07,0.0004132478536101138,0.002998377338119345,0.007322138082190306,6.653162365889538e-05,0.00012213573215451686,3.963907388178845e-05,2.4755648275991763e-05,0.00015768023948161872,0.0001851878784819795,1.2935575841215183e-05,0.0008636921426827691,0.03495550206049856,1.7029606171718518e-06,9.355927769018473e-05,3.2246062547434193e-06,0.005477527938660533,9.26951966749464e-05,0.9141556564610117,0.0005954972669340356,4.708778531225678e-05,0.03203127778940653,5.017772734239431e-05,0.00026570041258922934
