,0,1,2,3,4,5,6,7,8,9,10,11,12,13,14,15,16,17,18,19,20,21,22,23,24
0,0.00020357162713208584,0.9363120907943703,1.999029224971498e-05,0.00023067243666548428,0.020786684283812,0.0003029640871891438,0.00030469053286336664,9.795560432100386e-05,7.691868735492329e-05,0.0004627987658265911,0.018679196468492722,3.14549398665668e-05,1.1378863872962483e-06,0.002294905639075407,0.002128583932131634,1.772582904039443e-07,7.082989379019908e-06,0.001312403403703706,0.004193701918641981,1.664443298362238e-08,0.001053048122715546,0.011071933644351812,7.037707450764885e-05,0.0001218510689116035,0.00023579189732732915
1,0.00014257833200627542,0.9438799601955075,1.7802464523967008e-05,0.00023089221464636162,0.017493043288726272,0.0002932092978062331,0.0003032538661495334,0.0001153203271105786,0.00013025724003118224,0.0007302937144927601,0.012412665696794906,2.0106031454492457e-05,8.903756015307204e-07,0.002101181563533162,0.00236540273252976,2.361578909322726e-07,4.875223815834208e-06,0.0008168252387562386,0.0067333836593736745,1.7623818454414076e-08,0.001205030781903827,0.010582929084260314,4.964517762333808e-05,8.4538210127407e-05,0.00028566150151553227
2,0.00018198313050660325,0.9445986073297454,8.715031073420122e-06,0.00017510739983748222,0.012701377124134253,0.0002517727543819452,0.00024506723688019603,7.818787014590063e-05,4.332545164739925e-05,0.0004135315786837689,0.011735531932993556,2.2651836553024095e-05,6.111192383490953e-07,0.0019905287036175606,0.0036883139817804928,2.1507869499163226e-07,9.24877697084373e-06,0.0010645059105079226,0.003896679987703292,1.2024890356703128e-08,0.0013000862493901732,0.017045629377656055,0.00013578586898431108,9.782291138300314e-05,0.00031470133259945863
3,0.00015398689142125685,0.9513589558792523,1.2503534216973157e-05,0.0002248960858171899,0.014633949247399044,0.00019926710606675614,0.00023093665303491914,8.349147989102556e-05,4.78376066557256e-05,0.00044496443486438604,0.012449118032642382,2.2449574317054517e-05,8.060834899085448e-07,0.0018811653096118324,0.0016503316781863978,1.3160862051569824e-07,6.722914969797378e-06,0.0012647720386342737,0.00321471315572425,1.2873748224012544e-08,0.0010619174807730977,0.01063055764803244,7.029662174547392e-05,0.00010545821662833935,0.0002507578442564666
4,0.0001372564923342139,0.9518893592879935,1.3232358013976468e-05,0.00021234219675995652,0.015974703046959162,0.00020888914374940127,0.00022206773396091028,6.960775611163242e-05,4.654487989724797e-05,0.00042709151756118336,0.011902251918696448,2.1664298110207985e-05,9.733113418586013e-07,0.002122369903280726,0.0015193160249800995,1.2246988383410332e-07,5.9595127019681465e-06,0.0011939086897551799,0.0028210087325694195,1.2452081619148401e-08,0.0009129189506161161,0.009923279943192713,6.544336727551599e-05,0.00010091794369206722,0.00020875806848124845
5,0.00012644317331775474,0.9548396403750804,1.0611314033762951e-05,0.0002830005626349366,0.014509979693345334,0.00017917009391607994,0.00020394834930036605,8.135820304490148e-05,3.441963575329398e-05,0.0004739763252870022,0.011630801310225673,1.9718161975236405e-05,8.139645590846043e-07,0.0017849358349956313,0.0011693876929958678,1.0754871738407541e-07,6.536287391129954e-06,0.0016318427600979183,0.0024275102164473105,1.2849349736014589e-08,0.0011235166930879737,0.00903439814652775,7.711097949515291e-05,0.00011401641834960347,0.00023674341007052816
6,0.00015398689142125685,0.9513589558792523,1.2503534216973157e-05,0.0002248960858171899,0.014633949247399044,0.00019926710606675614,0.00023093665303491914,8.349147989102556e-05,4.78376066557256e-05,0.00044496443486438604,0.012449118032642382,2.2449574317054517e-05,8.060834899085448e-07,0.0018811653096118324,0.0016503316781863978,1.3160862051569824e-07,6.722914969797378e-06,0.0012647720386342737,0.00321471315572425,1.2873748224012544e-08,0.0010619174807730977,0.01063055764803244,7.029662174547392e-05,0.00010545821662833935,0.0002507578442564666
7,0.0001768195127982646,0.9312105661140193,1.1692546991058424e-05,0.0002946467271628577,0.023496827425589048,0.0003084224928445837,0.00021622539278601664,0.00011472732006777209,4.7601883561603446e-05,0.0006776590080955345,0.011770190758955168,3.1152309180632935e-05,6.164209496526333e-07,0.002695832131212654,0.0024648056121796564,2.5604523615491613e-07,9.459766806309447e-06,0.0014889221799787031,0.0052378288769653865,1.2697518589877317e-08,0.002041852330178923,0.017100827942403852,0.000130146025006604,0.00010120946971203176,0.00037169900979976746
8,0.00014914219176392533,0.9673951371648438,1.3183141910379333e-05,0.00031566556611735153,0.012044691475852218,8.44610532317038e-05,0.00022327084279563246,0.00010126695814744722,3.2617430944657986e-05,0.000601713563577835,0.004551285847870049,1.3754377195482401e-05,7.411156891392114e-07,0.0015773071192157562,0.0013321778121967295,1.3589114950920968e-07,8.308395619923139e-06,0.0008764698809990081,0.002110624545963665,1.0112779274859649e-08,0.0010096992100865952,0.006806242669471682,8.475096603742646e-05,0.00019812304198024542,0.0004692196245605857
9,0.00010139741562810963,0.9756461675361031,1.994445532638886e-05,0.0002571121453837138,0.010546799046909461,4.9005547134520445e-05,0.000179848754776683,8.001169641355847e-05,4.450741011706823e-05,0.0004051608184864578,0.004445819982146082,9.985293182187561e-06,1.0930306601132259e-06,0.0010380458955794195,0.0007797948487541649,5.4543029971450963e-08,5.641107404354485e-06,0.0006507980709794553,0.0012834200796996089,9.77579959244135e-09,0.0004941237362503127,0.003389321767294821,2.9984486641353248e-05,0.00022656024188750677,0.000315392314411946
10,0.00015398689142125685,0.9513589558792523,1.2503534216973157e-05,0.0002248960858171899,0.014633949247399044,0.00019926710606675614,0.00023093665303491914,8.349147989102556e-05,4.78376066557256e-05,0.00044496443486438604,0.012449118032642382,2.2449574317054517e-05,8.060834899085448e-07,0.0018811653096118324,0.0016503316781863978,1.3160862051569824e-07,6.722914969797378e-06,0.0012647720386342737,0.00321471315572425,1.2873748224012544e-08,0.0010619174807730977,0.01063055764803244,7.029662174547392e-05,0.00010545821662833935,0.0002507578442564666
11,0.00014888009891418852,0.9532017211419406,1.2470043684338223e-05,0.0002175066970321155,0.014086004651850897,0.00019156255290488547,0.00022612248594637113,7.779600616245871e-05,4.6022849487236055e-05,0.00042421108488052814,0.012165570033340097,2.199345572519423e-05,8.797109760305581e-07,0.0018736414642758733,0.0015325176540057195,1.2130950997761365e-07,6.5575266267333875e-06,0.0012673696092421907,0.0029203347712891516,1.2939024489921093e-08,0.0009663566387169709,0.010206417577885473,6.724206962688538e-05,0.00010548636690055974,0.00023320126005089246
12,0.00014742017962777085,0.9207954780218831,5.2334214526128555e-06,0.00021481879100973027,0.028625627888628533,0.0003020790307492705,9.229346078207945e-05,3.385424706990548e-05,3.841330614755869e-06,0.00037561019070050694,0.008041607976079139,5.240349267856047e-05,8.172830994779948e-07,0.004890822255779154,0.0007789823540083924,1.5020288923841802e-07,1.3460326665121316e-05,0.004305235336067141,0.0010863481758643992,7.40076987009016e-09,0.0014024604985952375,0.028270668018346514,0.0003361010798694847,9.150247374674696e-05,0.00013317656302323756
13,0.000326801088708148,0.8945233764710866,2.8679796880594604e-05,0.0002178024992695114,0.021676525779910985,0.0002291866110109719,0.0002875312201578815,0.000125140942880976,8.465743241762891e-05,0.0002007642242701389,0.04487181032395649,0.00010577485863563825,1.0955380241834299e-06,0.0033305093871821853,0.0033276047815402445,1.1155760564037032e-07,1.5378802682637135e-05,0.0015879920568717374,0.0057109181774627265,1.705239112692908e-08,0.00171445314045527,0.021183890722882744,7.20955144393798e-05,9.896358615953449e-05,0.0002789184331171837
14,4.301333594334492e-05,0.9728566467169703,5.764429096105477e-06,0.00013348363512183517,0.010351849300365208,0.00012299225257494516,0.0001063949773722127,4.1210092218478595e-05,3.101166980582182e-05,0.00045792650000085067,0.006362505984286847,5.926748712893901e-06,6.086749393229328e-07,0.0008713171886610772,0.0006886201099524251,5.031005232528414e-08,2.5017233760417945e-06,0.0007346257479352268,0.0015445173669262587,6.5982015693642505e-09,0.0005276345403838373,0.004924396312092819,2.5565292181389655e-05,6.692781501133174e-05,9.45026778176061e-05
15,0.00015398689142125685,0.9513589558792523,1.2503534216973157e-05,0.0002248960858171899,0.014633949247399044,0.00019926710606675614,0.00023093665303491914,8.349147989102556e-05,4.78376066557256e-05,0.00044496443486438604,0.012449118032642382,2.2449574317054517e-05,8.060834899085448e-07,0.0018811653096118324,0.0016503316781863978,1.3160862051569824e-07,6.722914969797378e-06,0.0012647720386342737,0.00321471315572425,1.2873748224012544e-08,0.0010619174807730977,0.01063055764803244,7.029662174547392e-05,0.00010545821662833935,0.0002507578442564666
16,0.00012841509061576372,0.9534188440276005,7.054367278607448e-06,0.0002729825249715306,0.010212406419085576,0.00023440569295596963,0.00023340968469691048,9.097931015898515e-05,3.0257092938049507e-05,0.0007992350493937599,0.01077468773446681,1.9527596350909384e-05,5.226236714540756e-07,0.0017141648232413295,0.0011335740517727237,1.8250169604182176e-07,6.002267091896843e-06,0.0021507214853228027,0.0030720492057550904,1.528228116623559e-08,0.0020845636659162256,0.013204547012714138,8.264683057951445e-05,8.426512766181113e-05,0.00024454053178270973
17,0.00018472090909792856,0.9464385331081445,1.3978468573244463e-05,0.0004237715487066879,0.016651970329169884,0.00021459108975123501,0.000263888604121594,8.444682006656392e-05,2.9401378872394014e-05,0.00046890940764662966,0.012561322063190581,3.496864295198004e-05,1.0505418026332755e-06,0.0036923544618970554,0.001050256795056225,1.4844688680826366e-07,7.259181001485473e-06,0.0022245669264376864,0.0025329015842270332,1.76200554176635e-08,0.0013833766628859514,0.011171871971121235,0.00012621592456775268,0.00010614781401080937,0.00033332969975661284
18,0.0002741967100049744,0.9627486302792282,1.0075883298902499e-05,0.00017413969316889394,0.007362198786877464,6.927973396563974e-05,0.0001953023992277292,7.471955103943614e-05,1.848203173835901e-05,0.0003181609887561862,0.006424604909599605,3.264626300890491e-05,7.235697909557461e-07,0.0014568129373131286,0.0009534747204919951,8.021590165844166e-08,1.4223703104272975e-05,0.0020091492498144924,0.001833001831210767,8.801978942833637e-09,0.0009362518411580419,0.014516512230246107,6.707169512509022e-05,0.00016378268841922108,0.00034646928553115755
19,0.0001078158494508533,0.9421661519735604,2.3670624317642182e-05,0.00025547982066257,0.024710378448487547,0.00019688440490032495,0.00018566944129740727,9.72304523434877e-05,7.590787633129655e-05,0.0005203832398035229,0.012084758174368009,2.9667237784550438e-05,1.292975989274774e-06,0.0023950808891594955,0.0012664906210087077,1.0049434022804566e-07,6.142427280881464e-06,0.0010375215151940623,0.003110903815358345,1.5394986627062543e-08,0.0008741334705926921,0.010508347761268173,3.909491306639964e-05,0.00010162461224832573,0.00020525356619915478
20,0.00010983638063932527,0.9466128560082251,9.466170863469293e-06,0.00017573163667975933,0.014681268864095974,0.00013580309383337096,0.00015112219165178101,0.0001204653480212716,4.600942437703916e-05,0.0004797824207275696,0.00868196674330478,2.030692769606893e-05,5.725728889712442e-07,0.0014248104244897178,0.0019978276114731965,1.0520787334161685e-07,9.7454498094559e-06,0.0010018826523470591,0.003674856317680595,1.0612107628082799e-08,0.0012254192404046957,0.01906290775229081,6.00517341940002e-05,9.964814519623257e-05,0.00021754706912893148
21,0.00030190428879098475,0.9375492639588359,2.052749842979456e-05,0.00036658989105802593,0.018014308663017817,0.00038690218790293085,0.00045918586135554047,8.411264465479619e-05,4.346906224602311e-05,0.0006194387473465923,0.017796725311681413,5.434667376090716e-05,1.5716483575146764e-06,0.003968909798347155,0.001514476769956196,3.2493539962238894e-07,7.197415408545166e-06,0.002354042406413656,0.0033079049976430463,2.575980839548177e-08,0.0015011154642635934,0.011067783504949644,0.0001348283197872155,0.0001287017414652143,0.0003163424491193568
22,0.00023060700503907161,0.9317458191009408,1.4871081521254821e-05,0.0002517967079519013,0.016713483871216,0.00030127959269247724,0.00028042485505695654,0.00010193154477863899,4.338878130204926e-05,0.00047635755572342524,0.02134346612973822,3.820128122138234e-05,7.931610040255288e-07,0.0023032532014626967,0.0018255557153092688,1.8663028617973401e-07,1.0476311525006218e-05,0.002488452540806465,0.003491354908347276,1.712279733579996e-08,0.0018672958776692794,0.01599843685444986,0.00010178089260740092,0.00012537016890512245,0.00024539910764814397
23,0.00015398689142125685,0.9513589558792523,1.2503534216973157e-05,0.0002248960858171899,0.014633949247399044,0.00019926710606675614,0.00023093665303491914,8.349147989102556e-05,4.78376066557256e-05,0.00044496443486438604,0.012449118032642382,2.2449574317054517e-05,8.060834899085448e-07,0.0018811653096118324,0.0016503316781863978,1.3160862051569824e-07,6.722914969797378e-06,0.0012647720386342737,0.00321471315572425,1.2873748224012544e-08,0.0010619174807730977,0.01063055764803244,7.029662174547392e-05,0.00010545821662833935,0.0002507578442564666
24,7.838088170034479e-05,0.9597881457830106,9.456492091729189e-06,0.0002833046967365071,0.015111433666637922,0.00017297005386898348,0.0001591903527392866,6.101506307645956e-05,3.1020785114780356e-05,0.0005015036752903009,0.008635532388189088,1.5723274053938775e-05,8.70728134230603e-07,0.002173655570393082,0.000789876163344225,8.865218592576324e-08,3.8590085079608245e-06,0.0012401731924151298,0.0022128577096995955,1.2220118261071761e-08,0.0008743797549906337,0.0075480150208126,5.513802808273237e-05,7.017699671591952e-05,0.00018321984208970367
25,0.00026682423508392914,0.925915819545343,2.2154275746053427e-05,0.00046978983894774696,0.015619398365421883,0.00015668467463507315,0.00045277155218782946,0.0001989447672329131,4.85469535354164e-05,0.00035910941337914524,0.03158801288240692,5.492848699726273e-05,1.3977242768220884e-06,0.002467772891020771,0.001359328213940472,1.2911692217841781e-07,1.3072664585845077e-05,0.002411384115247827,0.004348059321449276,3.0716020668383245e-08,0.0016361670172887336,0.012086970505728871,9.770317472089976e-05,0.00016457138195295762,0.0002604281659275093
26,0.00028754876698479175,0.9614725733830155,1.7771147480333193e-05,0.00019210905867446902,0.010427486895858793,8.191186143090611e-05,0.00023451949445566457,0.00010615846085305949,3.7857633904058714e-05,0.0002974790550168647,0.011060346907657309,2.4637567173913278e-05,1.2303784709671703e-06,0.0009004391204626813,0.001059419331415831,6.283777536110733e-08,1.564626624439026e-05,0.0020333384119288834,0.0015844470293986843,1.1469731971232778e-08,0.0006584158291001855,0.008883377971302365,5.3458524969025894e-05,0.00033570058209820815,0.000234052014595926
27,0.00016333402258379234,0.9494659709155813,1.1909927843225761e-05,0.00017457044788547193,0.011788502685977118,0.000244102196243952,0.00022896895324675033,0.00010355620725699548,8.539438406874897e-05,0.0005375441404020605,0.010519588872899008,1.7761325112356322e-05,5.55328097882683e-07,0.0014401507554409358,0.002719791972295814,1.671446190752062e-07,6.674285095768069e-06,0.0010232376412149294,0.004142129527580899,1.448003014487163e-08,0.0010924810411758299,0.015733418971325255,6.169067864199868e-05,9.583572257357674e-05,0.0003426483728069915
28,0.00015398689142125685,0.9513589558792523,1.2503534216973157e-05,0.0002248960858171899,0.014633949247399044,0.00019926710606675614,0.00023093665303491914,8.349147989102556e-05,4.78376066557256e-05,0.00044496443486438604,0.012449118032642382,2.2449574317054517e-05,8.060834899085448e-07,0.0018811653096118324,0.0016503316781863978,1.3160862051569824e-07,6.722914969797378e-06,0.0012647720386342737,0.00321471315572425,1.2873748224012544e-08,0.0010619174807730977,0.01063055764803244,7.029662174547392e-05,0.00010545821662833935,0.0002507578442564666
29,0.00015398689142125685,0.9513589558792523,1.2503534216973157e-05,0.0002248960858171899,0.014633949247399044,0.00019926710606675614,0.00023093665303491914,8.349147989102556e-05,4.78376066557256e-05,0.00044496443486438604,0.012449118032642382,2.2449574317054517e-05,8.060834899085448e-07,0.0018811653096118324,0.0016503316781863978,1.3160862051569824e-07,6.722914969797378e-06,0.0012647720386342737,0.00321471315572425,1.2873748224012544e-08,0.0010619174807730977,0.01063055764803244,7.029662174547392e-05,0.00010545821662833935,0.0002507578442564666
30,0.00015398689142125685,0.9513589558792523,1.2503534216973157e-05,0.0002248960858171899,0.014633949247399044,0.00019926710606675614,0.00023093665303491914,8.349147989102556e-05,4.78376066557256e-05,0.00044496443486438604,0.012449118032642382,2.2449574317054517e-05,8.060834899085448e-07,0.0018811653096118324,0.0016503316781863978,1.3160862051569824e-07,6.722914969797378e-06,0.0012647720386342737,0.00321471315572425,1.2873748224012544e-08,0.0010619174807730977,0.01063055764803244,7.029662174547392e-05,0.00010545821662833935,0.0002507578442564666
31,0.0002128411154816303,0.9198932887338813,1.0557481192703067e-05,0.00018758368695092505,0.013815535368508384,0.0006813085002801202,0.0004161835611417069,5.9455891525716355e-05,7.66281328166548e-05,0.0004309578039260831,0.031782392217381,2.800331160746392e-05,6.119601295231984e-07,0.002523468588398224,0.005157119226613083,3.071000777510587e-07,5.943611144596517e-06,0.0013687587491225753,0.004996686827686677,1.593891379548828e-08,0.0016440085503532018,0.016199331252465397,0.00014908074816510458,6.857107266821229e-05,0.0002913605695680022
32,0.00015369022555648798,0.9498989515592421,1.2257684184263306e-05,0.00021129591696727562,0.014707524572493911,0.00020174904488097823,0.00022775732698452597,8.946396082713553e-05,5.449269795650002e-05,0.0004640340782071576,0.012029041503726315,2.2149438396031778e-05,7.641254826447918e-07,0.0018612249870625336,0.0018547941664513764,1.4161968429774395e-07,6.862012577329999e-06,0.0011480264046450374,0.0038642623104722276,1.271963984676553e-08,0.001116369130040047,0.011655500060544971,6.631987976240358e-05,9.803923269791756e-05,0.0002552753415167363
33,0.00013575303811594943,0.9536495705389585,9.350532727977043e-06,0.00018329074917036988,0.014046440312944686,0.00016447014240719623,0.00017814237334173996,7.21178775385036e-05,3.057360133349938e-05,0.0003849349944053023,0.010112144313082595,2.1311934860196383e-05,7.894172982917567e-07,0.001790833384095698,0.001334397768587985,1.0722771332294029e-07,7.2136328080995326e-06,0.0012816146364704446,0.0027121564880599074,1.0834719726670552e-08,0.0008886992501385374,0.01265218470490635,6.906961720737844e-05,9.5292896680108e-05,0.00017952973242791437
34,0.0002723170160785298,0.9491609801374021,2.5559129551816774e-05,0.00011117567823611364,0.009657906024058855,0.00026002372383134676,0.00040551828447544803,0.00010273030326737687,0.0004760963116357006,0.0004485443990308653,0.012501333840472681,1.4102351409650558e-05,7.214817774782211e-07,0.001388312499583246,0.00439433737154147,1.7404439635839446e-07,3.344596116503571e-06,0.0004627847797454074,0.010120336099555807,1.330024926750883e-08,0.0007278530939909783,0.008943721287751692,1.7925927739956925e-05,7.931967339896542e-05,0.00042486864470218336
35,0.00022873022700920163,0.9606802664291209,1.1709858198406842e-05,0.00025704484349125796,0.00715743541200105,9.965503530518183e-05,0.00021413878144455105,0.00018104143676389803,7.819154721198358e-05,0.0006411876415878491,0.007954995419915694,2.2376192882967475e-05,7.198886001316923e-07,0.0008754094017244872,0.0008153433070206862,7.490874281910962e-08,9.214493557009277e-06,0.0021747827498114942,0.0038827855250259916,1.6792423929534474e-08,0.0010544404315947827,0.01307639103522606,2.8262096454745827e-05,0.00013463073143553617,0.000421155813449795
36,0.00025632346731633274,0.929899884823025,2.784766725602326e-05,0.00019149279069820483,0.02780397948553986,6.1700298576928e-05,0.0001425418535546166,0.0002049190064546736,7.845137831821811e-05,0.00045891090811286153,0.00520815046220331,7.168494563818448e-05,1.379253967902627e-06,0.002217423607940829,0.002408387504586069,1.3472757628134002e-07,2.8901547435942613e-05,0.0005540752898386598,0.00842295438558914,9.170781361980259e-09,0.001052914964849905,0.020247929741281565,3.913222169776297e-05,0.00016182799605956672,0.0004590425017010999
37,0.0005349000660426258,0.9543547565523623,1.7796570136962252e-05,0.00017431698788908801,0.010061100018956515,0.00011943545420989535,0.00033740002863826495,5.888362191192178e-05,2.2403673185012158e-05,0.00019358069468608765,0.014347103681675591,4.689326126355397e-05,1.1360910540254688e-06,0.002518188681407812,0.0009511660980862001,9.846657299020776e-08,9.573228365397427e-06,0.0023970761983012423,0.002193594644763781,1.1068547269421705e-08,0.0007412943429002208,0.010451529391757293,6.606514969666031e-05,0.00016117829275945174,0.00024051773482970217
38,0.00011038341666296634,0.9569081222731959,1.3033487194112161e-05,0.0002521259962602389,0.01587386028528751,0.00012237447778237862,0.00015649476349110698,9.40308810818544e-05,4.590163791337391e-05,0.0004386176802900658,0.009024152652909484,1.9947733870321202e-05,8.53457141250488e-07,0.0016296330350756042,0.001137192154034531,8.00343534001948e-08,6.996443879955392e-06,0.0010708325468337643,0.002779974037149698,1.1306517308851013e-08,0.000895389972217854,0.009019477939351579,4.7698479534801526e-05,0.00010699800872286574,0.0002458172992481976
39,0.00030604307524623766,0.8771066893913072,2.7341937227152777e-05,0.0006322421155492145,0.04122537241976852,0.0007090076373547139,0.0003974515406636111,0.0003120640177279792,0.0001125021938847731,0.00134192607385405,0.026913898446936976,8.199542769992954e-05,8.665028169786173e-07,0.003984370341334609,0.003598509213304072,7.432163780453218e-07,1.5020930669263978e-05,0.0027064958264170413,0.011770005352173386,3.753952488142366e-08,0.0057260862872462095,0.022037959092389026,0.00019786679950163272,0.00014281974277978787,0.0006526848782443618
40,0.0003213935550320656,0.9407278395978285,1.2326609915782637e-05,8.119419287172171e-05,0.00939876060636469,0.00020388285246768448,0.00022087465505128687,4.686127329110388e-05,3.924421936320644e-05,0.00019873748814574398,0.013225107187098392,3.5742771620966786e-05,4.990169913578877e-07,0.002367213694526839,0.002079341181048075,1.1006728927459322e-07,7.041690298269637e-06,0.0014090345621250223,0.0032768047466496886,8.539421161731715e-09,0.0008959255597941007,0.025117727843877658,5.0077645643623195e-05,6.739611644460834e-05,0.00021685432683901648
41,0.0001313850865423998,0.9518140351632643,1.426678236457782e-05,0.00021153987277212666,0.016795980732537644,0.00021340800212890195,0.00021207587283378316,8.120393644929928e-05,6.366302419621096e-05,0.0004860041853639912,0.011118793417181975,1.8675860167137614e-05,7.901187172414263e-07,0.0018473209088365383,0.0018570522359417933,1.343339409257103e-07,5.6321726798601015e-06,0.0009729582083035552,0.0033387564509456368,1.1865217347313315e-08,0.0009934109971152106,0.00940842985850792,5.768323965805088e-05,0.00010258876675643895,0.00025419890757714817
42,0.00018601621568709113,0.917723586762739,9.64796376233206e-06,0.00015971085652368474,0.013681899628810645,0.00018937591101328183,0.00022725201226951475,0.00023450705359900263,7.35913555147128e-05,0.0006640155666528745,0.01133866456839555,2.672119766651518e-05,3.760189486933508e-07,0.0012903865501233784,0.004357587963396269,3.088208209841477e-07,1.5223218850694089e-05,0.000874780707192823,0.010677607042256388,1.6212986907856044e-08,0.002340702486502992,0.03546233315153109,8.189892132565025e-05,9.300478611475541e-05,0.0002907850273152819
43,7.865827138886359e-05,0.9218780562700325,6.404970648573817e-06,0.0002684838878559207,0.02642979510511065,0.0005063823917261784,0.00015179796824214018,0.00017260466205513102,6.855945161732885e-05,0.0018359553682884358,0.009791824588905294,1.5047286839937751e-05,3.7329992980935914e-07,0.0014243800869863778,0.0028124639076054446,3.7922927140022486e-07,7.851349192598227e-06,0.001330765797892249,0.00695937491149201,1.3669658526831954e-08,0.003412491244274573,0.02241032494894397,0.00010368785425562067,8.286570731228352e-05,0.00025145777047400167
44,0.00015398689142125685,0.9513589558792523,1.2503534216973157e-05,0.0002248960858171899,0.014633949247399044,0.00019926710606675614,0.00023093665303491914,8.349147989102556e-05,4.78376066557256e-05,0.00044496443486438604,0.012449118032642382,2.2449574317054517e-05,8.060834899085448e-07,0.0018811653096118324,0.0016503316781863978,1.3160862051569824e-07,6.722914969797378e-06,0.0012647720386342737,0.00321471315572425,1.2873748224012544e-08,0.0010619174807730977,0.01063055764803244,7.029662174547392e-05,0.00010545821662833935,0.0002507578442564666
45,0.00019022930038938723,0.9344258494909662,2.232891560500254e-05,0.00018760833266216498,0.023352523372333102,0.0002080899862160078,0.00034827213071322546,0.0001468056619508932,0.0001064068396313929,0.00047101326607214934,0.014742408214032178,2.6362760777257414e-05,1.2883819057876677e-06,0.001897865564827846,0.003513202637355515,1.9990371190073825e-07,9.105922316707129e-06,0.0006550561203661308,0.0060133615608941845,1.532483202593875e-08,0.0008500102172554296,0.012391399027872134,6.525487516219634e-05,0.00015966899049870824,0.00021567320165247767
46,0.00032799842958689907,0.9436586431091193,1.2094151801400355e-05,0.00023400837325304974,0.013847045460415116,4.0475038283858195e-05,0.00012035810512926589,0.00023769300451839735,1.865109932814495e-05,0.000282159675186248,0.009826649326981112,5.890905305001507e-05,1.1298334753745645e-06,0.0007853993454609357,0.0014074521595362826,6.53672073889503e-08,8.274456881700801e-05,0.0021044365463650035,0.002558766257719155,1.1574318708341798e-08,0.0012928896119202894,0.022355019762484666,8.943507136702129e-05,0.0003855561952020635,0.00027240887947336433
47,0.00017287920502746972,0.951178899300592,1.2432710868412351e-05,0.00021284299756790985,0.013775356137435467,0.00019586921578003036,0.00023505901168385834,8.34822920661975e-05,4.591892147265451e-05,0.0004284391717225016,0.012497738618757283,2.4499180098812745e-05,7.984094344159194e-07,0.001854168467889829,0.001660322458316864,1.341239209506823e-07,7.235339220605317e-06,0.001341384501950971,0.0032241526705569707,1.301038051143048e-08,0.001067581219799505,0.01154821135545417,7.05219313813812e-05,0.00010711608697514183,0.0002549436616459532
48,0.00016884812514615888,0.9444891188694418,1.6178372960767304e-05,0.00026907325324940153,0.01724135334949139,0.00028135391063747165,0.00026345662128393816,8.103943415787066e-05,5.962091799390065e-05,0.00046680437190629344,0.01638657245502736,2.6653983018908482e-05,8.702954212468446e-07,0.0023014910448189052,0.0017681320116606915,1.4913489612537812e-07,5.917885038780964e-06,0.0015114051672186807,0.003126052384765897,1.512133493743823e-08,0.0012101172061334228,0.009848024709890692,7.74886951553575e-05,0.00010747559917195528,0.00029278708017800093
49,0.00019019372540134737,0.9253557725318701,1.789674938155607e-05,0.00025768784582620296,0.02275552598743328,0.0003569309475848072,0.00023725763121438664,9.79972514468202e-05,5.396024814912695e-05,0.00048558068820323056,0.01937160311675596,4.9628644182830186e-05,1.0578660209257349e-06,0.002893055805242122,0.001880197049791576,1.7544137616598974e-07,9.07924034345034e-06,0.0020192242481164883,0.003573840561020664,1.9421467806621365e-08,0.0014331309635834165,0.018523851620258783,9.277051262264214e-05,0.000101097659728977,0.0002424642429777757
50,0.00010532911729127567,0.9615502059457215,9.14995307199151e-06,0.000179020770966022,0.010844702029656688,0.0002021448522840325,0.00034178752759148653,7.424698413439256e-05,6.839071590453699e-05,0.0008918334945987686,0.004987502382261124,8.556620525044458e-06,6.591384990549915e-07,0.002240579073773483,0.001300737476015726,2.2544073222604278e-07,2.26353094439323e-06,0.0005734260966498922,0.005807157198860223,1.1512737854677907e-08,0.0007273403976413616,0.009768027500232592,4.093600192896135e-05,5.707302676247568e-05,0.00021869321121497338
51,0.00045292672573738244,0.8912710441986975,2.615617167749901e-05,9.10290577502838e-05,0.04844064592613907,0.00042993292856423565,0.00018435259692998435,8.075500949680086e-05,0.00014838318878765638,0.0003932309941287794,0.009592597085156083,3.48877175451052e-05,9.218148601864209e-07,0.0017527216521899315,0.022847779647516976,1.2100690716953844e-06,2.3004980587223835e-05,0.0001911549476734286,0.011870488074737713,7.8777592296553e-09,0.0008043601984274402,0.010198174778365444,0.0001910460666110862,0.00021319332613354986,0.0007599949654556509
52,0.0002546177921131079,0.8958998174713734,7.893910352537384e-06,0.0002158926975470882,0.007070516595077114,0.0029645668460166787,0.0006065559794977346,2.824998988554909e-05,5.200364998044013e-05,0.0005547069652553751,0.05665860031343356,2.0243048442175868e-05,9.85734879460889e-07,0.002358916565904584,0.0014693120240174278,2.3346973419330478e-07,2.2719991469858253e-06,0.013205109200722199,0.0009424262089612371,4.2716529755489766e-08,0.0011406215079718424,0.016131298365134047,0.0001938824435265503,8.033977951370148e-05,0.00014089472498323577
53,0.0002633716879266156,0.9435156299416179,1.2536188088110706e-05,0.00022747956034561688,0.005070252443327241,0.0003885703925034339,0.000992941783068081,6.434820188452051e-05,7.209902042510197e-05,0.0003759499262403444,0.02927841471125057,1.4485169270589584e-05,8.081656012530775e-07,0.0016576161054782832,0.003448340644779794,2.745273651995239e-07,4.375501915703429e-06,0.0016665892051491678,0.0026330173962648305,2.9381283931207923e-08,0.0009498041545827587,0.00872953610110166,0.00016791880857235984,0.00013498718060934612,0.00033062380134772564
54,0.0001618635242787549,0.9697439517116839,9.6415309572095e-06,0.00014518507760762016,0.006442020394700382,0.00018874480197980407,0.00030589108685507747,3.5301088314737826e-05,4.253034365354499e-05,0.0004157520487605227,0.006078961068657014,1.4122620454894881e-05,6.20632572426018e-07,0.002323430610203652,0.001567242365181369,1.7693003968296507e-07,2.6518461672913383e-06,0.0007107356628423277,0.0025699208604737745,1.099182449970733e-08,0.000639950423635442,0.008148543687166693,5.577248283360028e-05,5.685937863443774e-05,0.0003401188305212047
55,0.00023460958373633148,0.9592909433051401,2.0735940047510158e-05,0.0002433434864449134,0.009936811972698375,0.00014237587848092687,0.00026243839056303524,8.220026666877442e-05,7.438296521084627e-05,0.00033743848344891444,0.013841991352947128,3.434956540583708e-05,1.378388952158305e-06,0.0015675027930451494,0.000987047213621562,6.9163617926591e-08,6.33076246846497e-06,0.0017741487751526393,0.0023726213008026377,1.7334316952166124e-08,0.0006677913468149226,0.007628087655261264,3.39013815837062e-05,0.00012758564313366036,0.0003318970504364127
56,0.0001450626413973545,0.9539057968098017,1.255371069401444e-05,0.00021234735299791298,0.014078670046468972,0.00018391675392144923,0.00022177720683138485,7.859176514476399e-05,4.7187336084597476e-05,0.0004187651094260351,0.011959431883455959,2.12921646935176e-05,9.052538398970111e-07,0.0017909235892595802,0.001523724287055227,1.1702548762273739e-07,6.56630641307794e-06,0.0012162042903537732,0.0029267035248076033,1.2911456693195585e-08,0.0009269766694251393,0.00992848864198063,6.3449410547143e-05,0.00010717607080503303,0.00022335923765091204
57,0.00015598469214075358,0.9151044539188103,2.531127480918454e-05,0.0002448940279388962,0.03715851595443751,0.0001615569798299513,0.00013098753287819648,0.00020595390004059987,9.369684736930658e-05,0.0007328293186440539,0.009254509436250025,6.0353042036599004e-05,1.1068954852810303e-06,0.0023768877857497784,0.001984354662944968,1.7040156924893914e-07,1.7049837899907033e-05,0.0009299103441281754,0.008146048810804442,1.3915520750305998e-08,0.0017337785646930025,0.02102471183200507,4.064381202985676e-05,0.00011016621671820305,0.0003061099952660741
58,0.00014940860222245535,0.9556054080058376,1.2127992125208772e-05,0.00020146489248508374,0.013593095646858929,0.0001531659796593163,0.0002133638940009931,8.252100860916964e-05,4.086166876948887e-05,0.0004080544181294422,0.011099143895678612,2.0565264732131264e-05,8.404101037509553e-07,0.0015496871690971886,0.0015118993373599997,1.0955784118462662e-07,7.832190527066494e-06,0.0012448488078005326,0.0026633937796604434,1.1428613612954911e-08,0.0009439044425919932,0.010077356892417205,6.66917414969139e-05,0.00012986415030213788,0.00022437882307951658
59,0.00016521823868958694,0.9542691916784005,1.5344420605003287e-05,0.00021953205332951082,0.014756859910266833,0.00014905676513403833,0.00022815801147038392,8.979651617432124e-05,4.371170836256103e-05,0.0004054599333718426,0.011768074017240187,2.2813773322761374e-05,9.25268352466883e-07,0.0016010095099007243,0.0014973478437158808,1.1142732279017413e-07,8.488022254969254e-06,0.0013478991590512859,0.0025205957826246947,1.2385243701585405e-08,0.0009729646784252634,0.009450186007638474,6.618446798540468e-05,0.00015795258980401002,0.0002431058313129322
60,0.00015398689142125685,0.9513589558792523,1.2503534216973157e-05,0.0002248960858171899,0.014633949247399044,0.00019926710606675614,0.00023093665303491914,8.349147989102556e-05,4.78376066557256e-05,0.00044496443486438604,0.012449118032642382,2.2449574317054517e-05,8.060834899085448e-07,0.0018811653096118324,0.0016503316781863978,1.3160862051569824e-07,6.722914969797378e-06,0.0012647720386342737,0.00321471315572425,1.2873748224012544e-08,0.0010619174807730977,0.01063055764803244,7.029662174547392e-05,0.00010545821662833935,0.0002507578442564666
61,0.00015773366084806463,0.9526492254598954,1.601061170738695e-05,0.00021321224522946304,0.015450694186073139,0.00015725915762242215,0.00021783974842445576,8.476062608955641e-05,4.7441044425578723e-05,0.00038579526461449636,0.01246723093636339,2.4157215894186696e-05,9.1418198556308e-07,0.001725843379375592,0.0015395000330283323,1.0895506853192244e-07,7.860580828104181e-06,0.001236289800197071,0.0027167273581342015,1.2296873516713823e-08,0.0009659485196694426,0.009499254755019086,6.034077699862725e-05,0.00013509702216372437,0.00024074218347072213
62,0.00015398689142125685,0.9513589558792523,1.2503534216973157e-05,0.0002248960858171899,0.014633949247399044,0.00019926710606675614,0.00023093665303491914,8.349147989102556e-05,4.78376066557256e-05,0.00044496443486438604,0.012449118032642382,2.2449574317054517e-05,8.060834899085448e-07,0.0018811653096118324,0.0016503316781863978,1.3160862051569824e-07,6.722914969797378e-06,0.0012647720386342737,0.00321471315572425,1.2873748224012544e-08,0.0010619174807730977,0.01063055764803244,7.029662174547392e-05,0.00010545821662833935,0.0002507578442564666
63,0.00013740224139034983,0.9586197755690393,1.0697129424713276e-05,0.00018526634699701493,0.01157383653039392,0.00016150747285253048,0.00020719841653689744,7.107982562920953e-05,4.318833571226197e-05,0.0003839867555333636,0.010921039797402375,1.7751223287036233e-05,7.548364477974506e-07,0.0015213513825816823,0.0014783887929058408,1.0300529633963517e-07,6.03493761762976e-06,0.001128240098117302,0.0026829222193937574,1.1453615930968781e-08,0.0008572326592074364,0.009616642486774542,5.7274211089538706e-05,0.00010016221356063765,0.00021815205919277034
64,0.0001564858161846391,0.9460024638798223,1.1904021891085485e-05,0.00024294369323733296,0.015656808771406298,0.00020793171949800548,0.0002238948226895507,9.763092147649187e-05,4.5594210089593763e-05,0.0004963593837556472,0.014061617111262201,2.5118335263691635e-05,6.502301361424363e-07,0.0018574505061392276,0.0018728085500102378,1.5141954012779677e-07,8.00886043265109e-06,0.001437230436009726,0.0037429180116065725,1.247370820178836e-08,0.0016760728779591746,0.011710228623217746,7.933240991664981e-05,0.00010927421736271737,0.0002771086973838172
65,0.0001490551249453175,0.9566425256374657,1.1993266875191358e-05,0.00019929420785455852,0.012376397021287306,0.00016099752322583044,0.00022927379109723926,8.181128368802241e-05,4.933604813376277e-05,0.000400996986723849,0.01135147566077218,1.88092180795004e-05,7.885624985959398e-07,0.0015687914666117132,0.0016206685580479466,1.1187118770639866e-07,6.49480973811594e-06,0.0010888392584731286,0.0030102773230040345,1.1995395693580003e-08,0.0008873317414145024,0.009736281600519434,6.00543554463949e-05,0.00010992203189874671,0.0002384606556152414
66,0.00016341186202361256,0.931928728341421,2.3163393843330925e-05,0.0003639406018380379,0.023765300264221308,0.00044671951571966987,0.00038258609474761684,0.00014846754809869523,0.00015288842252608086,0.0012548902968428882,0.012226186952440128,3.226242578790969e-05,1.4725354738087891e-06,0.00342167819816549,0.0015720903397497819,3.807448728283912e-07,4.265609344587338e-06,0.0010630379133603712,0.009468779820987138,3.1359878726937173e-08,0.0012879896853711088,0.011854977338036062,5.032644930225354e-05,7.05317116570826e-05,0.0003158925742903835
67,0.0002514306166235899,0.9176744236578225,1.9328870893801843e-05,0.00041301346205594943,0.020207275778422087,0.0008271812249386234,0.0005117047876871624,4.825830233019534e-05,3.267801279703926e-05,0.00042628697513893065,0.02858274882042714,5.621300173622484e-05,1.2415049131970154e-06,0.006915635331591374,0.003146806211806109,5.141737917772157e-07,6.669782487108651e-06,0.0026367655812867177,0.0026240880355360005,3.2672444163118394e-08,0.0018382479478065024,0.01281146151336068,0.00043159426764355255,9.810756601385727e-05,0.000438291900445583
68,0.0003410117728826792,0.9126083701594674,5.975516415448133e-06,0.0003250569165008993,0.006027157277404835,0.0005634552021946656,0.0003161238458947145,5.0652993802082364e-05,1.5460635591539738e-05,0.00031129783069380317,0.04399540515510022,4.5846013677123623e-05,5.25111408073245e-07,0.0015219036535270567,0.0016135362632552861,1.5637771382929064e-07,1.1872030217144766e-05,0.010628100091578597,0.0010824626771217332,2.640536989798688e-08,0.0024619558737725027,0.017197890063635004,0.00036170637025656233,0.00012780072384401472,0.0003862510386751628
69,0.00015062126937343066,0.956618169588812,1.431340798072644e-05,0.00028454247842091566,0.013082247285412685,0.00016042948373470045,0.0002408949801361883,0.00010303368310733009,5.271096550563193e-05,0.000512991202176689,0.011178993205826148,2.0803032574881066e-05,8.598322843153548e-07,0.0015780176445231704,0.001505943354967905,1.328981484234423e-07,7.395078229120313e-06,0.0012941818737755948,0.003079816503032442,1.5831534537659986e-08,0.0011226656507921013,0.008463246376314118,6.665061625020222e-05,0.00013272233902423517,0.00032860141806254864
70,0.00039720690726958297,0.9204294403162963,5.0026234750951166e-05,0.0003602310767429943,0.02325504256986282,0.0007314556751884284,0.00042660992964264134,2.7341308470265276e-05,5.137041722365418e-05,0.0003545122701903776,0.017831069157995216,9.765948534501077e-05,1.5488468804171835e-06,0.015549530315843404,0.001549833677023714,3.182387809956602e-07,3.8497835697765505e-06,0.002579791013136215,0.002064047142337901,2.341154186057363e-08,0.0013467033411048988,0.012033458626795402,0.0001341276859160979,6.704459352927479e-05,0.0006577579745616833
71,0.001291832844539769,0.8836006108907896,1.8964988537813473e-05,0.0005344264447032331,0.005858088378109869,0.00024555915239870006,0.0018452051315043427,0.0002695230266317314,3.839171555685789e-05,0.0003117954836794513,0.06421838356980894,9.178590954766637e-05,1.3321389766271934e-06,0.0022865260881460145,0.0031154441909544994,4.363003942613807e-07,2.8977291918906444e-05,0.007587379741023418,0.005107313807596594,6.865225760199633e-08,0.0030372469670096906,0.019137770655068786,0.0004548636336383817,0.0003795081750136514,0.0005385648221934504
