,0,1,2,3,4,5,6,7,8,9,10,11,12,13,14,15,16,17,18,19,20,21,22,23,24
0,5.1955622862895396e-05,8.70431665148434e-09,0.00022035688766299462,0.005286554284103429,0.0030262110211171974,3.0730083550698694e-05,9.982816599930735e-06,3.2009913270214354e-05,6.943909273036689e-07,0.0006851976837362402,0.00035536764707654956,2.1808151127355996e-05,0.007009858575378931,0.0007382969648316302,4.4300594963586733e-07,0.0014162310416202812,1.98306548705524e-05,0.010720273026332272,8.214549308993008e-06,0.9699419837667269,2.0629896864575355e-05,9.427670992007651e-09,0.00036183292553176183,4.127356476115551e-05,2.4539380071723115e-07
1,2.4871450908477138e-05,2.1284539615372253e-09,0.00012534120862415534,0.006326130950709035,0.0008391727241722732,1.0629727198899284e-05,2.7170933943655207e-06,2.8596630108616826e-05,3.190908628840975e-07,0.0006454757993387213,0.0002437332377472259,5.797446640786692e-06,0.008404470542272707,0.00011629668232948846,1.0635929898358623e-07,0.0009757777263072798,8.062332618419609e-06,0.005922821670166934,3.0438471542364985e-06,0.9761541793527547,5.246142699888252e-06,2.8106264204149196e-09,0.00014355431203399917,1.3609800121313415e-05,4.0933456140661395e-08
2,0.00029226329338614764,1.922421341488657e-08,0.0004387742480116844,0.1956074295464301,0.001337641299449541,0.0003396102057099909,7.905717848302325e-05,8.136404718486012e-05,7.910345642685337e-07,0.0012517572042177617,0.00024375383581796305,4.405459328883012e-05,0.04730676824059927,0.0003050055529676411,9.311765500548224e-08,0.05818656689852934,0.00014924931549080094,0.07345558283701299,5.457947760250092e-05,0.6198622557780048,5.326894947190128e-05,1.5395099019840698e-07,0.0006464788745633717,0.00026336565277522244,1.1564357948092828e-07
3,2.3792514546790502e-05,2.072382406040309e-09,0.00011027824724922811,0.006160055829676987,0.0007991666472385487,1.070448794403444e-05,2.8706417595023236e-06,2.714188488473679e-05,2.9946657399221945e-07,0.00060764616274619,0.00024007244406148507,6.196384862700734e-06,0.00774067291522644,0.00012857512007523122,1.1108939517678683e-07,0.0009160955750690383,8.486387268190821e-06,0.006328108588019983,2.7540264919608685e-06,0.9767129757853458,5.558296619902152e-06,2.894289956180083e-09,0.00015436002763646598,1.4027544468619802e-05,4.4966166717213733e-08
4,2.4198701625205534e-05,1.996116432176106e-09,0.000109337335202441,0.005919592226469083,0.0007963976647584399,1.0349905603230452e-05,2.8967441769565356e-06,2.7096544377232453e-05,2.918933140576882e-07,0.0006083899669018731,0.00023645864950671788,6.090895805232172e-06,0.007969928270676887,0.00013061600604509589,1.0845518660880355e-07,0.0009051138388384892,8.692118041851708e-06,0.006373743701820102,2.788661980460753e-06,0.9766958218132944,5.411670688706503e-06,2.811642464737329e-09,0.0001522307758616251,1.4394602942553605e-05,4.4749123972297284e-08
5,2.3096312182114795e-05,2.0307095329562464e-09,0.00010127946120060053,0.006509292597083132,0.0007435311485276197,1.0686427199954421e-05,2.7973779510126977e-06,2.6784095634386142e-05,2.877287163312073e-07,0.0005911957142209175,0.0002401012782967617,6.024326482737572e-06,0.007569085760389395,0.00012278954288019053,1.0781985184665873e-07,0.0009158026141270222,8.491940025357897e-06,0.006758568332772058,2.6226808541024615e-06,0.9761938189088561,5.442956442859232e-06,2.948876802683929e-09,0.00015456531710647582,1.3579383529798787e-05,4.329608296939767e-08
6,2.3792514546790502e-05,2.072382406040309e-09,0.00011027824724922811,0.006160055829676987,0.0007991666472385487,1.070448794403444e-05,2.8706417595023236e-06,2.714188488473679e-05,2.9946657399221945e-07,0.00060764616274619,0.00024007244406148507,6.196384862700734e-06,0.00774067291522644,0.00012857512007523122,1.1108939517678683e-07,0.0009160955750690383,8.486387268190821e-06,0.006328108588019983,2.7540264919608685e-06,0.9767129757853458,5.558296619902152e-06,2.894289956180083e-09,0.00015436002763646598,1.4027544468619802e-05,4.4966166717213733e-08
7,1.067280574805876e-05,3.717185583583297e-09,5.864107621624819e-05,0.007761063307997732,0.0008248584858512375,2.471379766478044e-05,2.5741529420049154e-06,1.6426224492244335e-05,3.3116793893315037e-07,0.0002228183040413513,0.00024656354271543996,1.1726758415807989e-05,0.002921455217109463,0.00018574939210589867,2.1424274018255178e-07,0.0012195264628908015,7.259688615134177e-06,0.015847551557449394,1.6513956889173583e-06,0.9702840667923966,1.6920158168801672e-05,4.3514437673363e-09,0.00032597398709769727,9.171314253300835e-06,6.209883073882269e-08
8,2.1358270556188948e-05,2.124477721925073e-09,9.864685181072508e-05,0.006097154480645792,0.0008018467661235586,1.152451113693159e-05,2.7110803710175753e-06,2.625102894657166e-05,2.9569434208427067e-07,0.0005385977679040828,0.00023632687297311594,6.041553384977865e-06,0.007572085848020466,0.00011984652598412125,1.1058819115501881e-07,0.0009527227374387165,8.05160672591424e-06,0.0073284974123444,2.7408448956010935e-06,0.9760045768351042,5.536057022912355e-06,2.861626140683845e-09,0.00015213785652503164,1.2892949237375099e-05,4.0874211125551734e-08
9,2.471552012176547e-05,2.0420604182516906e-09,0.0001121722854250505,0.006240833984358562,0.0007908395908333162,1.034161431220155e-05,2.910485412355368e-06,2.72889234888114e-05,2.99608032142918e-07,0.0006332899913041382,0.00024242928925597928,6.2115337417898456e-06,0.007645963607520033,0.00013232605151458624,1.1152919306096912e-07,0.0008870084034776857,8.598668695564036e-06,0.005998476814606687,2.694750134356935e-06,0.9770573490375759,5.541760620648731e-06,2.8917393354010935e-09,0.0001562252630827101,1.4319391235104753e-05,4.6962257814761395e-08
10,2.3792514546790502e-05,2.072382406040309e-09,0.00011027824724922811,0.006160055829676987,0.0007991666472385487,1.070448794403444e-05,2.8706417595023236e-06,2.714188488473679e-05,2.9946657399221945e-07,0.00060764616274619,0.00024007244406148507,6.196384862700734e-06,0.00774067291522644,0.00012857512007523122,1.1108939517678683e-07,0.0009160955750690383,8.486387268190821e-06,0.006328108588019983,2.7540264919608685e-06,0.9767129757853458,5.558296619902152e-06,2.894289956180083e-09,0.00015436002763646598,1.4027544468619802e-05,4.4966166717213733e-08
11,2.4074554787485947e-05,1.9943289923880335e-09,0.00010986565226456002,0.005969242528241244,0.000778244179211071,1.0317571979555248e-05,2.8456688292668688e-06,2.7797816922534385e-05,2.9308868857739604e-07,0.0006194377040609592,0.00023676266990688092,6.066657605429273e-06,0.008119582241042667,0.00012560054148531293,1.0782005158750704e-07,0.0009072647220135635,8.576749543916023e-06,0.006301623943202119,2.7863638580125506e-06,0.976580949505847,5.297649551647019e-06,2.8311585639563505e-09,0.00014895343987291406,1.4260629051251812e-05,4.34764949077761e-08
12,2.9282487380045585e-05,2.496230580941419e-09,0.00014991374967968476,0.007242902147273217,0.0007256431997370501,1.1171279296910854e-05,2.948295462431627e-06,4.087533524013481e-05,3.462584299307839e-07,0.0007871925116500688,0.0002642643239812858,6.914259163953731e-06,0.0102378412674518,0.00011308792886710626,1.2709297480077616e-07,0.0010903258642422273,8.997832037671426e-06,0.0057959132284141415,3.4710981804623723e-06,0.9733249536258661,5.642299072815852e-06,3.6346816330116915e-09,0.00014192937523890427,1.6208234799855585e-05,4.217464725009746e-08
13,2.1785099404882128e-05,1.1594457982234213e-09,8.79841253231406e-05,0.004984320649928488,0.0005582011654902949,6.474226728154949e-06,2.3265072876572543e-06,2.4565701392001095e-05,2.2148392763705832e-07,0.0005498910281502261,0.0002718319530982144,6.363211166753287e-06,0.006739609314962995,0.00015186722931705485,1.1342084211179201e-07,0.0007455713954652984,6.673677103650177e-06,0.0053252107870520446,1.7469888714546012e-06,0.9803568352742767,4.74554804442128e-06,1.8356296953762958e-09,0.00014305631010584795,1.056595968556037e-05,3.594729996308983e-08
14,2.828350354692243e-05,2.128701080724783e-09,0.00012221422566562943,0.006800216057743942,0.0007178538688181778,1.0768857970219202e-05,3.364870637195181e-06,3.259305104185314e-05,3.1668058409255413e-07,0.0006694800259793383,0.00024871472817832886,7.75379599825861e-06,0.007767353634905976,0.00015404274270938446,1.2677925890436327e-07,0.0009519183529162674,9.330793581717198e-06,0.005752640622292535,2.59717192843293e-06,0.9765261742234421,6.341817409433574e-06,3.2694509721510676e-09,0.00017116895322468614,1.6685103592374344e-05,5.474042218495346e-08
15,2.3792514546790502e-05,2.072382406040309e-09,0.00011027824724922811,0.006160055829676987,0.0007991666472385487,1.070448794403444e-05,2.8706417595023236e-06,2.714188488473679e-05,2.9946657399221945e-07,0.00060764616274619,0.00024007244406148507,6.196384862700734e-06,0.00774067291522644,0.00012857512007523122,1.1108939517678683e-07,0.0009160955750690383,8.486387268190821e-06,0.006328108588019983,2.7540264919608685e-06,0.9767129757853458,5.558296619902152e-06,2.894289956180083e-09,0.00015436002763646598,1.4027544468619802e-05,4.4966166717213733e-08
16,2.690873434260499e-05,2.616907418457634e-09,0.00012562720580370568,0.006847232847044264,0.0009152363698694924,1.2011198448064504e-05,3.1228324801002163e-06,3.053727988912129e-05,3.6520951631813643e-07,0.0006935691235785836,0.0002448323722006666,6.279680811103552e-06,0.008292746281534947,0.00012536390888109641,1.1662969851368081e-07,0.0009247965944245905,8.977224296734791e-06,0.005910813892190208,3.179213535936808e-06,0.9756473385518226,5.5374904933846165e-06,3.4086486633360104e-09,0.00015983539008868855,1.5512850542907646e-05,5.309295051482784e-08
17,2.4369553554430714e-05,1.9246815259283e-09,9.822789060632715e-05,0.006419059044479614,0.0007689053303460469,1.0096799617774256e-05,3.205999498442863e-06,2.6230735297827005e-05,2.981414870990223e-07,0.0006000225900497653,0.00025111501659096574,6.8306144900020915e-06,0.007243150270988871,0.00015240383782816,1.135269783840589e-07,0.0008660600500917682,8.510093328067107e-06,0.006169945402498198,2.360391674811672e-06,0.9771642287553943,5.3406350808717235e-06,2.879115582537387e-09,0.00016545227943291335,1.4016342001752679e-05,5.189488642563978e-08
18,2.5929269587026095e-05,1.9091336280253295e-09,8.94603365370367e-05,0.005212525249635417,0.0008508234274133834,9.586117265236571e-06,3.20334561798581e-06,2.229648776254965e-05,2.852754911248862e-07,0.0005800624915311948,0.0002303467087265465,5.513096675814119e-06,0.007113892417988192,0.0001533859019743916,1.0270007198325748e-07,0.0007297732909652658,1.0240313471227144e-05,0.006782039720609757,2.662408214641784e-06,0.977986652324303,5.0820378609583326e-06,2.7414629481114063e-09,0.00017045655841345757,1.56187739045284e-05,5.7095382814280465e-08
19,2.4003660226009084e-05,2.0919026437784733e-09,0.00012164926782805768,0.006275275110546939,0.0008099972069108717,1.1153170444181877e-05,3.0827531525432868e-06,2.9460901691820726e-05,3.198139928863167e-07,0.0007052273343373754,0.00022784275693064638,6.334993683601196e-06,0.00842475938878463,0.00011628515946398474,1.0305005921452215e-07,0.0008912177995978455,8.451700766275534e-06,0.005279045384080557,2.774869374067911e-06,0.9768995513184677,5.093267714817206e-06,3.057634981946796e-09,0.0001433985300293262,1.4920575496053191e-05,4.683688294879388e-08
20,2.3536090448518927e-05,2.6069621460967003e-09,0.00011097789933964295,0.007071244533362219,0.0007224146379849292,1.2373191617084284e-05,2.853469085035766e-06,3.3560035247148865e-05,3.2688253007761336e-07,0.0006435746050014763,0.00026817018388906926,7.683375985381253e-06,0.007813166239077516,0.00012861214558538962,1.4615640988768614e-07,0.0009961172562040006,8.65937765146362e-06,0.007102916372162484,2.819972676567593e-06,0.9748655650848763,6.586853043585303e-06,3.810891073227875e-09,0.00016429895703206628,1.4343195790848677e-05,4.706714638534921e-08
21,2.3881649918607447e-05,3.1658708306628568e-09,0.00015009098703374125,0.005444178633921863,0.0010170813107795986,1.508776787420053e-05,3.398367867335481e-06,3.349948699228366e-05,3.6772078932994e-07,0.0007395521192163737,0.00017955897905250112,5.7868518485987086e-06,0.009978726066337503,9.324954047565657e-05,1.0530729025530149e-07,0.0008956193827008619,1.0965904580094514e-05,0.005644021025672071,4.077260497163022e-06,0.9755840674160973,6.098117757791599e-06,3.972948530805898e-09,0.0001496279414816942,2.0897024166124404e-05,5.399882949880986e-08
22,2.1803546860988924e-05,1.6407840778217048e-09,0.000100934342153263,0.006264408465666913,0.0006711769558912598,9.133529144485888e-06,2.5582668858103282e-06,2.3378982188575492e-05,2.5147352107781536e-07,0.0005858110522810771,0.00024248093266073827,5.326855936064865e-06,0.007237721863549817,0.00011513623689029268,9.511358186573517e-08,0.0008810120858760974,8.14446092479959e-06,0.006204038167250571,2.364068699146507e-06,0.9774592710195872,5.169394818387101e-06,2.520907291400107e-09,0.00014757792102296598,1.2163703769016773e-05,3.7399148281093347e-08
23,2.3792514546790502e-05,2.072382406040309e-09,0.00011027824724922811,0.006160055829676987,0.0007991666472385487,1.070448794403444e-05,2.8706417595023236e-06,2.714188488473679e-05,2.9946657399221945e-07,0.00060764616274619,0.00024007244406148507,6.196384862700734e-06,0.00774067291522644,0.00012857512007523122,1.1108939517678683e-07,0.0009160955750690383,8.486387268190821e-06,0.006328108588019983,2.7540264919608685e-06,0.9767129757853458,5.558296619902152e-06,2.894289956180083e-09,0.00015436002763646598,1.4027544468619802e-05,4.4966166717213733e-08
24,2.723747388553594e-05,2.366978555240381e-09,0.00014399062518172216,0.005089373590177891,0.0008382160284301166,1.1064405173717127e-05,3.15631666674546e-06,3.187649923778658e-05,3.294756153203403e-07,0.0006304103932542742,0.00022634504645543678,6.304487299476058e-06,0.008846002679900182,0.00012817340870274705,1.2381805908513108e-07,0.0009530096748568203,1.011404872784788e-05,0.0059259464291466,3.420191977235493e-06,0.9769361985477667,6.580820938546185e-06,3.0489232974396953e-09,0.00016417709218668133,1.789524485632774e-05,4.828560096756594e-08
25,2.5780090164685004e-05,3.3469120939315584e-09,0.00013564523470699152,0.006839480876590864,0.001081862414497069,1.536004541994049e-05,3.1558154860182565e-06,2.80396985242406e-05,3.8199180800576336e-07,0.0006098554034933612,0.00023940095018575624,6.762993414756288e-06,0.007704823789985895,0.00013387302403685265,1.3200716072732813e-07,0.0010657088016741351,9.913469926885231e-06,0.007425137596945867,3.881556846359575e-06,0.97446693046139,7.448735240966446e-06,4.010385524420342e-09,0.00017991753660500759,1.644371285542442e-05,5.64357427110345e-08
26,2.3019451438665717e-05,1.942223214109981e-09,0.00011045182939036048,0.006424179696293983,0.0007679857139310886,1.0628457617776684e-05,3.0776148200588217e-06,2.989181952207865e-05,2.791105596969802e-07,0.000619449254428002,0.00025742458251888276,8.00152644271233e-06,0.007766026585267076,0.00015686316312215855,1.2933199070684666e-07,0.0010192289022046607,7.74936633053827e-06,0.006235631798875161,2.5518359715122123e-06,0.9763895500590034,5.8838069923718e-06,2.9537949027764143e-09,0.00014800686717681897,1.3940501360668038e-05,4.382872371737536e-08
27,2.5527407305824215e-05,2.472865342744767e-09,0.00010790726709732553,0.006877216306717082,0.0008433972219949233,1.1823618528199203e-05,3.021987975929063e-06,3.066556365517675e-05,3.467529767111456e-07,0.0006442143993954006,0.0002599833065841297,6.68185075366131e-06,0.007962411347452588,0.0001322142719192278,1.2497338245038693e-07,0.000934445391008939,8.556760803316968e-06,0.006698695199148184,2.9217709832964984e-06,0.9752708243697921,5.4833944556162645e-06,3.3688380725695477e-09,0.0001592042004261398,1.4276316688770502e-05,5.0479251650071485e-08
28,2.3792514546790502e-05,2.072382406040309e-09,0.00011027824724922811,0.006160055829676987,0.0007991666472385487,1.070448794403444e-05,2.8706417595023236e-06,2.714188488473679e-05,2.9946657399221945e-07,0.00060764616274619,0.00024007244406148507,6.196384862700734e-06,0.00774067291522644,0.00012857512007523122,1.1108939517678683e-07,0.0009160955750690383,8.486387268190821e-06,0.006328108588019983,2.7540264919608685e-06,0.9767129757853458,5.558296619902152e-06,2.894289956180083e-09,0.00015436002763646598,1.4027544468619802e-05,4.4966166717213733e-08
29,2.3792514546790502e-05,2.072382406040309e-09,0.00011027824724922811,0.006160055829676987,0.0007991666472385487,1.070448794403444e-05,2.8706417595023236e-06,2.714188488473679e-05,2.9946657399221945e-07,0.00060764616274619,0.00024007244406148507,6.196384862700734e-06,0.00774067291522644,0.00012857512007523122,1.1108939517678683e-07,0.0009160955750690383,8.486387268190821e-06,0.006328108588019983,2.7540264919608685e-06,0.9767129757853458,5.558296619902152e-06,2.894289956180083e-09,0.00015436002763646598,1.4027544468619802e-05,4.4966166717213733e-08
30,2.3792514546790502e-05,2.072382406040309e-09,0.00011027824724922811,0.006160055829676987,0.0007991666472385487,1.070448794403444e-05,2.8706417595023236e-06,2.714188488473679e-05,2.9946657399221945e-07,0.00060764616274619,0.00024007244406148507,6.196384862700734e-06,0.00774067291522644,0.00012857512007523122,1.1108939517678683e-07,0.0009160955750690383,8.486387268190821e-06,0.006328108588019983,2.7540264919608685e-06,0.9767129757853458,5.558296619902152e-06,2.894289956180083e-09,0.00015436002763646598,1.4027544468619802e-05,4.4966166717213733e-08
31,2.2695027369536462e-05,2.0885936647494216e-09,9.759053506946804e-05,0.006491774581658189,0.0008705243682289776,1.1155638338954734e-05,2.9465616585937992e-06,2.314617840838929e-05,3.1032587518516444e-07,0.0005870296030506176,0.0002494019000793294,5.987664971629349e-06,0.006654469794877243,0.00013595134402409842,1.0841211811851633e-07,0.0008486353404643866,8.172561744750829e-06,0.0063625320092165795,2.506636003879937e-06,0.9774441077005915,5.395080089568292e-06,2.8808841074134166e-09,0.00016274968829362558,1.2754053422027873e-05,5.002496753887876e-08
32,2.4917543565103876e-05,2.1773771648272308e-09,0.00011407370827249968,0.00616955336965049,0.0008277691704871077,1.092353131193352e-05,2.915309719930853e-06,2.7742812612601964e-05,3.0693056448995953e-07,0.0006175376540574171,0.00024144854055824162,6.153015579781856e-06,0.008078783934218606,0.00012944433665463715,1.120283858375875e-07,0.0009400220113718684,8.849625907311724e-06,0.006562681093188347,2.9860328629578395e-06,0.9760589218069929,5.590510287872437e-06,3.0025722008741663e-09,0.00015461277048233566,1.4603511083705294e-05,4.557223439596174e-08
33,1.942526515233227e-05,1.8310775688731924e-09,0.00011204477809840064,0.0060177127227712,0.0008269659257318373,9.809027278397418e-06,2.4467611859414154e-06,2.1657448807182136e-05,3.6285813113515295e-07,0.0005868291137281509,0.0002929152212561753,5.9768512867438466e-06,0.004755471019416828,0.00012750975113110153,1.32459614703693e-07,0.000658824389908039,5.72265790562245e-06,0.0037229960444928782,1.6268974568405247e-06,0.9826327021807438,6.3016053581271635e-06,2.1006415959052715e-09,0.00018374257503648642,8.767049826273727e-06,5.3463962616802665e-08
34,1.7516174494142544e-05,2.220675857394035e-09,9.50344307467788e-05,0.0068224476810055485,0.0007158555025503141,1.323799475717237e-05,2.9850291569512194e-06,2.7142376964331524e-05,2.920749332203758e-07,0.000585364775832817,0.00021720555851904746,7.1930379834041624e-06,0.006800943777507403,0.00011113892751836481,1.1347521817928586e-07,0.0009088938706596893,7.933062040500008e-06,0.006283877791994622,2.196133943226474e-06,0.9772039155540205,6.099586020146696e-06,3.4568317776133027e-09,0.00015719926434481176,1.336213547047279e-05,4.610681063333099e-08
35,3.5706474144745805e-05,3.517469877518951e-09,0.0001317459405305233,0.008068613232191055,0.0009318393880396261,1.3054287033835567e-05,3.0724049583909493e-06,4.434717671923079e-05,4.825028088002687e-07,0.0007543810893733213,0.00029416133127716307,6.6929223299670295e-06,0.01060707057979795,0.00012282687445422402,1.4225281286660293e-07,0.0010910626716921234,9.289189048428012e-06,0.007417489963904572,4.2032410376775556e-06,0.9702844117714285,5.065172396273845e-06,4.162284538369842e-09,0.00015798562102791388,1.629490943380217e-05,5.3323804502703134e-08
36,2.2388769334077557e-05,1.6868298898023423e-09,8.715908927786204e-05,0.005542567220696184,0.0006458375092507456,9.64347667084565e-06,3.050847669462182e-06,2.9064210166808142e-05,2.5093106649247124e-07,0.0005776237234380773,0.00023242692558152024,7.68384685377886e-06,0.008138550979323261,0.00015026835478391655,1.1401144991682042e-07,0.0008952984423769262,8.6282016069016e-06,0.007059842690393122,2.3643731449630144e-06,0.976423142675166,5.024229267498089e-06,2.8954988615004557e-09,0.0001441905491164213,1.4831075407171917e-05,4.328562907847641e-08
37,1.2714616853348693e-05,6.076701655702006e-09,0.00015347679907988195,0.007664458874501623,0.0011451535112871852,2.8277922310511317e-05,2.0429382978334705e-06,7.141659760234967e-05,1.0020172347791845e-06,0.0010127339305136512,0.00021044539252077898,6.502372450598842e-06,0.010890167657961834,3.3941615492138565e-05,1.5871636049894374e-07,0.0009594961749108475,4.111708744662783e-06,0.004112962977332994,3.5692202810579754e-06,0.9735579053225832,4.280159441946283e-06,4.822207749748734e-09,0.00011469692427045221,1.0435981919125967e-05,3.766913927976456e-08
38,2.330028597072198e-05,2.0882973547532874e-09,0.0001123993755809235,0.005777339260000054,0.0007867104860293999,1.1500423650832982e-05,2.9718440170199828e-06,2.7640032592500787e-05,2.821191371712226e-07,0.0005587670888173431,0.00023871672516970552,6.6123673334640466e-06,0.008193896429728913,0.00013210445661899454,1.1673036394181065e-07,0.0010458430554177404,8.982589621859314e-06,0.007511719381987208,3.0468949091158966e-06,0.9753835757389978,6.184312414001761e-06,3.0210064389435203e-09,0.00015353247467038712,1.4711762023011742e-05,4.1055644049013065e-08
39,2.2478284344510493e-05,2.1553271896530887e-09,0.00011452900400806211,0.006141755708145025,0.0007796690892062269,1.1312794150931594e-05,2.790813976812586e-06,2.7926195670939087e-05,2.972293931350707e-07,0.0005932676558659895,0.00023145462878109284,6.385898890795379e-06,0.007807691401317691,0.00012119955751583221,1.1317347345860406e-07,0.0009570853673004324,8.463018418912581e-06,0.006443861230342837,2.79807777995179e-06,0.9765522975553401,5.977253953584002e-06,2.997500555656065e-09,0.00015445893841839527,1.4138902245523863e-05,4.306863229192575e-08
40,1.7417081958794775e-05,1.6650051980532755e-09,6.370026552980004e-05,0.012605129386917015,0.0002893230866571679,1.3613945633038005e-05,2.1207311210048658e-06,5.09223239116491e-05,3.299614643504372e-07,0.0008570046773030978,0.00021179009562576697,3.77213098479427e-06,0.010203627347710341,2.9940455876996114e-05,7.59892973756923e-08,0.0010931915592078372,6.835802220415002e-06,0.008198508037137791,1.7696649684929164e-06,0.9661988242431984,3.655944166862764e-06,3.5758238532435346e-09,0.0001370499552385575,1.1373033746523997e-05,1.903929477346338e-08
41,2.0303493721489353e-05,1.2160191208008985e-09,9.575985498166278e-05,0.003788671405442694,0.0005670617628931773,8.829786427813656e-06,3.8455115705526815e-06,1.8668922871690456e-05,1.8017698639627292e-07,0.0005543615990854949,0.00015773558566591655,6.668691787410383e-06,0.006272626701320064,0.00014613655559472032,8.289481641874047e-08,0.0006183757113998936,1.2344761175864568e-05,0.004926910650553426,1.893343952556079e-06,0.9825985990537214,6.612826074896895e-06,2.6406628947926494e-09,0.0001738098882717639,2.045989070931492e-05,5.7074293342187794e-08
42,2.3999484614591693e-05,1.2226680125859584e-09,7.777803226298947e-05,0.0043309598836735455,0.0008464063849211565,7.29041331477789e-06,3.0595320552268456e-06,1.6525724766512954e-05,2.3395472453559596e-07,0.0005457052090381225,0.00023325705670100495,5.12518191518661e-06,0.005878205142655293,0.0001835273067455176,9.044041598262051e-08,0.0005866858673896122,8.433705484533807e-06,0.005460501662197947,1.8825526005169533e-06,0.981607250894443,4.53683203890513e-06,1.7796988644527034e-09,0.00016567606875789547,1.2810159950166921e-05,5.5506966220114274e-08
43,2.0671114037990662e-05,2.0315114802071857e-09,0.00011218913396897992,0.005873118783909409,0.0007367734053483426,1.099989739311475e-05,2.570594740154332e-06,2.7418831904888222e-05,2.8260894255509763e-07,0.0006164041493448079,0.0002183972870505905,5.672030306967233e-06,0.007907152926928188,0.00010106809469802172,1.0345179286541776e-07,0.0008950948477877391,8.217158145331111e-06,0.006059578591683099,2.67904327889078e-06,0.9772385258578682,5.6137343448388135e-06,2.8481060020845704e-09,0.00014383042640127888,1.3594446486960441e-05,3.8704019025454276e-08
44,2.3792514546790502e-05,2.072382406040309e-09,0.00011027824724922811,0.006160055829676987,0.0007991666472385487,1.070448794403444e-05,2.8706417595023236e-06,2.714188488473679e-05,2.9946657399221945e-07,0.00060764616274619,0.00024007244406148507,6.196384862700734e-06,0.00774067291522644,0.00012857512007523122,1.1108939517678683e-07,0.0009160955750690383,8.486387268190821e-06,0.006328108588019983,2.7540264919608685e-06,0.9767129757853458,5.558296619902152e-06,2.894289956180083e-09,0.00015436002763646598,1.4027544468619802e-05,4.4966166717213733e-08
45,2.3794937399889316e-05,2.0736776565507327e-09,0.00011039183624299401,0.006160074088697811,0.0007977654478282239,1.0711249457892666e-05,2.872557537558137e-06,2.7253472916600427e-05,2.994530301270922e-07,0.0006084427480693078,0.0002400319246331265,6.205108998358869e-06,0.00776436528990113,0.00012835555018758372,1.112129136014802e-07,0.0009179471485542675,8.488614352943618e-06,0.0063314673860741695,2.7576118433345365e-06,0.9766849038383975,5.556803251447311e-06,2.8991156227219935e-09,0.00015410383810073326,1.4050039085459034e-05,4.486973279704732e-08
46,2.174726028734227e-05,1.696713731927851e-09,0.0001039149741885851,0.006356207009855948,0.0006113685350857275,1.0253764803317135e-05,2.8285025530646565e-06,2.511145798327822e-05,2.408332535940367e-07,0.0006131474333284412,0.00020937020483406367,5.7806108303718965e-06,0.0078108947681438425,0.00010549688892615683,8.734463646397273e-08,0.0008880379515910791,9.4267664160309e-06,0.0062161522121380475,2.4539264533043026e-06,0.9768404711295091,5.429401573554841e-06,2.9630579074367806e-09,0.0001469347831765683,1.4600156043585216e-05,3.9424616729669294e-08
47,1.766426496851457e-05,2.478839848881357e-09,9.78308745952144e-05,0.005986191265568587,0.0010017518145487502,1.2528540127855752e-05,2.7967430402265137e-06,2.2970591573457855e-05,3.6381069530944163e-07,0.0005407508328713311,0.00025688365043223207,6.47994459554936e-06,0.005414482207437506,0.00013983363160294723,1.3975280075456364e-07,0.0007767608912555233,6.893688993503201e-06,0.005555033098832546,2.113558955538362e-06,0.9799569759868632,6.54057696947642e-06,2.7611496995446127e-09,0.00018385974642441962,1.1091877830960568e-05,5.7409027060981595e-08
48,2.3397801864267046e-05,2.041511750743052e-09,0.00010916089688253423,0.006173105282111032,0.0007970112199566231,1.0597525970989902e-05,2.8326599801487645e-06,2.665853618007134e-05,2.9933604656205685e-07,0.0006004332435460592,0.00024320004340851314,6.217499568178856e-06,0.007536824774866702,0.00012972036479682713,1.1194904873489454e-07,0.0009082058562157579,8.273374994281756e-06,0.006244202041956029,2.6700834178600886e-06,0.9770025317986986,5.576809305680663e-06,2.835487046677902e-09,0.0001553375237467607,1.358159315692129e-05,4.490728189696468e-08
49,2.462739792845155e-05,2.0420570934084733e-09,0.00010884546851376035,0.006168748271270835,0.0008089860851691517,1.0425933277009706e-05,2.8998065594561454e-06,2.6901764552655922e-05,2.988545988013155e-07,0.0006067362902425294,0.00024486960114072383,6.0908119129468086e-06,0.007747944197200323,0.00013354976775304658,1.1106091912347994e-07,0.0009131505303144644,8.567026316525086e-06,0.006429091302826909,2.7684882834838204e-06,0.9765803239153533,5.4670192255153e-06,2.8329108491650254e-09,0.00015548702308738118,1.4058989571969554e-05,4.551901384914728e-08
50,2.1675041394625552e-05,2.410742151319141e-09,0.00011290433753364345,0.006580105640239683,0.0008228840061058789,1.2244764238001936e-05,2.70737238216455e-06,2.6676768222555773e-05,3.177322322144584e-07,0.0005607085889358279,0.00024426025251543065,6.615322906776234e-06,0.007197000065562607,0.0001239073335441392,1.2236829177699415e-07,0.0009856893865801536,8.188526753793806e-06,0.00684887226898762,2.804388810177193e-06,0.9762568393219705,6.503214557227813e-06,3.177276713644739e-09,0.0001657943947350607,1.31284528571922e-05,4.48626242964877e-08
51,4.2944465279369084e-05,1.710619987465597e-10,0.00013389051686193718,0.0007173562044059478,0.0013498272714797697,4.6465315079840265e-06,4.275456150685215e-06,7.216026370854358e-06,1.1852067072234196e-07,0.0006632799837929876,5.896931833658762e-05,1.9204105366306977e-06,0.015571530994968729,0.000137068443985746,1.4451987575953757e-08,0.0005981407337708382,1.6191955502600806e-05,0.002947459834434046,3.780475585453446e-06,0.9775738850304433,3.1420374080326878e-06,3.11269599561803e-10,0.00012455200700656346,3.9765121482909076e-05,2.3725699055286774e-08
52,3.771001981251734e-05,5.686046228689284e-09,0.00021905985088877447,0.008369581576533579,0.0018883791378959671,2.0356915326091475e-05,8.536635581219327e-06,1.882035097905999e-05,5.90589905407752e-07,0.00046254307066561344,0.0002446094018767666,8.598603483587277e-06,0.005892752395998985,0.00030016737068698415,1.5288644528421562e-07,0.0013976095421217754,1.9883010341760887e-05,0.006918537334279653,4.792164220546742e-06,0.9736912413308029,1.591059011072835e-05,5.976001264450196e-09,0.0004508431301773821,2.913459045668304e-05,1.7783936127203982e-07
53,3.267657347047622e-05,3.0605448693369968e-09,0.0001466946569880863,0.007058988857475883,0.0009720645542133093,1.2801241953819905e-05,3.137677360020953e-06,3.7926320303601976e-05,3.805122275997906e-07,0.0007521868690904547,0.00025872684451289915,7.013185524257279e-06,0.010127657361193969,0.00013869971855502225,1.338289812382469e-07,0.0011129766799864267,9.916273964336903e-06,0.007029663685663768,4.312682896397763e-06,0.9721178159062289,5.944013249776942e-06,3.904488895849589e-09,0.00015205474515438355,1.816988179128502e-05,5.096418029009125e-08
54,1.8055319461865902e-05,1.3307952398278185e-09,0.000106625473197645,0.004912177727483504,0.0006275676166007191,8.460416032435926e-06,2.169916994232356e-06,2.2054076187656067e-05,2.2041177565508298e-07,0.0005413614870992859,0.00019580110751205482,4.799458525413535e-06,0.007606488204112763,9.10679210767146e-05,7.768004203500546e-08,0.0008259215521981228,7.15696424308156e-06,0.005307330864054576,2.2021955594162633e-06,0.97957675014615,4.800767365377769e-06,1.9619284966365587e-09,0.0001273664159667944,1.1511919418033434e-05,2.9066218885722706e-08
55,2.263533685681382e-05,1.950183006597443e-09,0.00010240606664895062,0.005930835271327782,0.0007691162335959014,1.058696947491806e-05,2.8591070366977294e-06,2.73483464109757e-05,2.896751553850001e-07,0.0005870221318695082,0.00023195510442282802,6.611194621403955e-06,0.007803405129950141,0.00013049449844482373,1.0911912137040534e-07,0.0009088445192273666,8.077170049109819e-06,0.006413505765254707,2.5933714306856375e-06,0.9768738682378406,5.254885339347166e-06,2.8226376568674054e-09,0.00014832833731382052,1.3805155497377221e-05,4.360028882309395e-08
56,2.3758785672707054e-05,1.9948616169371405e-09,0.00010926221450576172,0.0060178670456605245,0.0007764277180704979,1.0421826819989676e-05,2.84008388124055e-06,2.757163529844562e-05,2.926674841190389e-07,0.0006130476368001646,0.00023570012042978283,6.100527230465981e-06,0.008000476895105541,0.00012523579546412967,1.0776055364927781e-07,0.0009081427493670687,8.505820572339257e-06,0.0062992200703999995,2.7453114859173094e-06,0.9766627872630189,5.358765232297798e-06,2.831092039933892e-09,0.0001499461628450087,1.4134744665249693e-05,4.357348263847524e-08
57,3.970935937078436e-05,3.174291996205046e-09,9.476709510123142e-05,0.01132493577571552,0.0008586145658713491,1.2925976465823727e-05,4.0479935510273245e-06,3.2277674577820045e-05,4.0086308771657625e-07,0.0006168130830888807,0.00038514700368384285,6.88910315149531e-06,0.007140719894061661,0.00020059956283529257,1.6248600377702954e-07,0.00114738230780045,1.1126099911833267e-05,0.010523624757229752,3.1842963279937052e-06,0.9673469091245206,6.685665882270401e-06,4.456149542020693e-09,0.000227652306594417,1.5346779492630045e-05,7.059523245023953e-08
58,2.3955618644211122e-05,2.0668744456146537e-09,0.00011167663197306286,0.005892768352020305,0.0007820337020869565,1.0754914789404962e-05,2.9099256712680274e-06,2.792555661721238e-05,2.900449909083144e-07,0.0006177911925091521,0.00022776628671292317,6.269562276962458e-06,0.008125712338732854,0.00012599419954110452,1.0884841139199787e-07,0.0009186127067721352,8.902594180214708e-06,0.006424350893665037,2.867075407984341e-06,0.9765179832695102,5.559427934126984e-06,2.979837807621739e-09,0.00015063710181274654,1.5080309986995594e-05,4.439904057917982e-08
59,2.836732475479135e-05,2.698445134074654e-09,8.782298371139488e-05,0.009945830070478117,0.0010107282819272836,1.3065533365580041e-05,3.28333327501298e-06,2.7173129164665443e-05,4.131669594300377e-07,0.0005916060618926263,0.0003695660160755439,7.199095712649854e-06,0.00636925577598953,0.00018441966135297034,1.4652072606531085e-07,0.0010286333367375015,7.423381590573526e-06,0.008146312229422952,2.6298463136808137e-06,0.9719755346326683,5.4067686013466605e-06,3.407994431096826e-09,0.00018440636436603016,1.0709849373021529e-05,6.052910127545359e-08
60,2.3792514546790502e-05,2.072382406040309e-09,0.00011027824724922811,0.006160055829676987,0.0007991666472385487,1.070448794403444e-05,2.8706417595023236e-06,2.714188488473679e-05,2.9946657399221945e-07,0.00060764616274619,0.00024007244406148507,6.196384862700734e-06,0.00774067291522644,0.00012857512007523122,1.1108939517678683e-07,0.0009160955750690383,8.486387268190821e-06,0.006328108588019983,2.7540264919608685e-06,0.9767129757853458,5.558296619902152e-06,2.894289956180083e-09,0.00015436002763646598,1.4027544468619802e-05,4.4966166717213733e-08
61,2.3007424156298617e-05,2.008566537667729e-09,7.73207841761263e-05,0.008550818391208921,0.0007395936567441576,1.0361028105835157e-05,2.587802894160364e-06,2.7525140749775396e-05,3.2198172992553993e-07,0.0005607551855078181,0.000302416402335917,6.207992043862116e-06,0.0066663534978600334,0.00013833077671662796,1.1802194164038726e-07,0.0009085715164448281,6.750283890754481e-06,0.007314384470001752,2.112373349254539e-06,0.9744902935695611,4.576323114575664e-06,2.7151141526024023e-09,0.0001575017337104138,1.0042782630243096e-05,4.4137445499361014e-08
62,2.3792514546790502e-05,2.072382406040309e-09,0.00011027824724922811,0.006160055829676987,0.0007991666472385487,1.070448794403444e-05,2.8706417595023236e-06,2.714188488473679e-05,2.9946657399221945e-07,0.00060764616274619,0.00024007244406148507,6.196384862700734e-06,0.00774067291522644,0.00012857512007523122,1.1108939517678683e-07,0.0009160955750690383,8.486387268190821e-06,0.006328108588019983,2.7540264919608685e-06,0.9767129757853458,5.558296619902152e-06,2.894289956180083e-09,0.00015436002763646598,1.4027544468619802e-05,4.4966166717213733e-08
63,2.4681105444397916e-05,2.334370729140312e-09,0.00011292749552383015,0.006425873494286907,0.0008370799170595133,1.1494113871703733e-05,2.966192958990534e-06,2.8215811828225335e-05,3.2219426181995574e-07,0.0006178035787196447,0.0002486498581931023,6.414272122770277e-06,0.0078107909853856634,0.0001311709930476719,1.1939771632021882e-07,0.0009439962149072416,8.843153739427874e-06,0.006655686512294344,2.9463109363895313e-06,0.9759484278755529,5.859556673919406e-06,3.1910046658697476e-09,0.00016120439170333627,1.4472888389648414e-05,4.8160006798890934e-08
64,2.201703628030066e-05,2.0150976572655362e-09,0.00011316781283425769,0.0058433721838665655,0.0007791569645338968,1.0785950100692242e-05,2.765561447995859e-06,2.5364576793364163e-05,2.858405226276286e-07,0.0005811798824103602,0.0002320385441661204,6.189960880758813e-06,0.007378898054701507,0.00012482202152451976,1.1016623456513235e-07,0.0009127604654834505,8.524679304469087e-06,0.006233201228619974,2.6773201323514703e-06,0.9775451354466476,6.0533650917624584e-06,2.831068108853032e-09,0.0001577008328206215,1.3743742536744486e-05,4.3516899643047895e-08
65,6.575317008178475e-05,1.686017529490771e-09,0.00023139102744488762,0.007338978624402562,0.0010551059638088825,7.41308997315299e-06,3.534430215188781e-06,5.910705507237376e-05,4.5686690882210593e-07,0.0013886805530542977,0.0004165800471185146,6.196158975102222e-06,0.01872156730583254,0.0001634366853366405,1.0760989938058879e-07,0.001335711239968511,7.180607281878582e-06,0.004004181638038647,5.412582050623162e-06,0.9650871556638776,2.496587846068323e-06,2.2843894360429667e-09,8.381927009803849e-05,1.5695246478270216e-05,3.46058294770119e-08
66,1.776717698749383e-05,8.601941426018803e-10,0.00011710352049027011,0.0033867677497825413,0.0008035742234337658,6.357084921175649e-06,2.2932978356098705e-06,1.5653114482144322e-05,1.898816582172387e-07,0.0005883615677706865,0.00014883270281170922,3.038343736006628e-06,0.008503965079747437,7.873994535866078e-05,4.3460704317937754e-08,0.0006500726691130638,7.015439411962358e-06,0.003481690221824667,2.268623602165167e-06,0.9820724574602329,3.0923603617778874e-06,1.2040467478763833e-09,9.878339236301575e-05,1.1904209486660537e-05,2.6409642631918522e-08
67,2.1664396384375604e-05,1.9712234085309415e-09,0.00010395951220746397,0.0059600170721413916,0.0007468515217280533,1.0876571108248091e-05,2.908410140069943e-06,2.5214620064663494e-05,2.7476223809545095e-07,0.0005628020039773125,0.00022302083181136438,6.2827345052320744e-06,0.0072534444439032505,0.00012667847281931744,1.0713049236360551e-07,0.0008988189766366715,8.793866375066444e-06,0.006493154744373701,2.5398745756410958e-06,0.9773717343244823,5.974319282637144e-06,2.9015856328431574e-09,0.00016058770223280133,1.424377446582825e-05,4.506124488101934e-08
68,0.0001000640280251834,2.4786915133792447e-09,0.00016084152238545713,0.009473913041175374,0.001644393278152847,5.861158464420899e-06,4.016236295155827e-06,3.2507813454980925e-05,4.871637911338726e-07,0.0010066124197877233,0.00049413010233075,3.3535377087615726e-06,0.014458720546621418,0.00026665492756240976,9.932678611908856e-08,0.0012394793367145752,1.2349100639868528e-05,0.007805497341254804,7.673937099191526e-06,0.9631187749513326,2.500419077657621e-06,2.5376419216570084e-09,0.00014408913911567923,1.7916235842673525e-05,5.942004769647615e-08
69,0.0001334453451334748,9.290298909629918e-09,0.00037982537929511493,0.011343402962830257,0.003008496456597905,2.407984022152249e-05,1.2131072567970202e-05,8.493355724787247e-05,8.642561744504991e-07,0.0013424581098026758,0.00032063118567052847,1.457163719114344e-05,0.024346173431296206,0.0004549856380698209,2.1131217179181412e-07,0.0031724381268172647,2.2813985024249948e-05,0.010364389710002454,2.0095064675609872e-05,0.9446982857495083,7.311774181130455e-06,1.075054528645534e-08,0.00017814479519664823,7.015615214522154e-05,1.3441733407950685e-07
70,5.721888890569138e-05,3.5377114914659473e-09,0.00010778747593702378,0.003932144363830684,0.0013301344653126978,1.1554475973371744e-05,5.110517177887497e-06,3.188601845432418e-05,3.471990259979905e-07,0.0006737365047765586,0.00024873412941024974,8.039742346289448e-06,0.010934777966671,0.0003571694178409075,1.8297286938659477e-07,0.0008918805191720795,2.318786613838514e-05,0.01351390825628894,6.616989547821768e-06,0.9675847161659471,7.79227753750446e-06,4.6420323403299855e-09,0.00023344389071787737,3.951331324971458e-05,1.0840312453098997e-07
