,0,1,2,3,4,5,6,7,8,9,10,11,12,13,14,15,16,17,18,19,20,21,22,23,24
0,0.02572417125012722,5.2523055851189794e-05,0.07382955598475718,0.016898227717369183,0.01245591890908733,0.0002983556218809072,0.0009643554869038182,0.003643416911805363,0.0001615692062000962,0.003853461489209069,0.001072952909879369,0.003105073487885654,0.3359397881528814,0.00532969864768558,3.8107914509124683e-07,0.002013658471303978,0.0005700241373514141,0.3850056753865266,0.003872810808221669,0.12407844767179664,0.0008557838918135646,0.00012044982737791253,5.214859251663545e-05,7.929259035067857e-05,2.2258712072378688e-05
1,0.0215120838195087,3.790140509546618e-05,0.04798295735576769,0.00855727923027931,0.008965132786699515,0.0005024591096893487,0.0011923574184035154,0.0042808989219833725,0.00020425081632297585,0.006403838019725731,0.0006085591105081684,0.002545265892987848,0.25866724261826257,0.00392522987825831,4.0973240773474036e-07,0.0034283191457444924,0.0004006079850833046,0.2932008934910197,0.008018021313014644,0.32835740961520216,0.0008902175797616036,0.0001510411294981129,6.934023292987502e-05,7.229859479097063e-05,2.598479705480872e-05
2,0.02093121615509817,4.00626998602511e-05,0.048198533848883424,0.009782858559998383,0.007841136389760032,0.0004944200740380671,0.001095933486796566,0.003955500657213345,0.00016986647587203214,0.005210288099362829,0.0006792774935752314,0.0030796420985953706,0.2977546614431576,0.004103771968697263,3.58026507819574e-07,0.0030777589994749536,0.0004934885285861946,0.3278547461230048,0.006386891129260702,0.2576179136379712,0.0009420716556689066,0.00013278519994489935,6.583104014180683e-05,6.799363711854043e-05,2.2992571411530257e-05
3,0.0204201642741621,3.578630340152709e-05,0.04706201198607167,0.00866835858409326,0.008145406012802121,0.00048739460183233206,0.0011253687286009518,0.004058275669449665,0.00017905487579508936,0.005718251998711071,0.000613216813123014,0.0026110643502107065,0.25752983903594073,0.004063131819892474,3.901013743043008e-07,0.0029821939920013107,0.0004115827582562892,0.30425791741295427,0.007134888919338797,0.32324651780304237,0.0009321959090673244,0.00014834662803581735,7.20104385607934e-05,7.094706100838092e-05,2.568392227373368e-05
4,0.01922597404611079,3.7322297873999615e-05,0.04565422875051956,0.00853918186641925,0.008152993212807097,0.0004877127102996072,0.001123650090276233,0.003931084913003871,0.0001703468639710084,0.0053942296346602345,0.0006360960569194173,0.002814986147811416,0.2791706700483903,0.004216370507467199,3.759315023312878e-07,0.0029304323256263923,0.0004203564358841471,0.3015320605248908,0.00717778176611712,0.3071419729643169,0.0009321735228036313,0.0001484420295663072,7.140234842665776e-05,6.502029816141903e-05,2.5134706174348977e-05
5,0.020209309460652775,3.039578910579668e-05,0.045716912297865474,0.008812939546359576,0.007230470884248584,0.00044967626857058177,0.0010594228569372039,0.00393506944998533,0.0001662140336435922,0.00574009834126607,0.0005617610728948677,0.0024425582196311666,0.2310559659115045,0.003984408260193936,3.5500848971928823e-07,0.002813772399791627,0.0004112433249623436,0.32625215679363334,0.006292958649839864,0.3316191330174395,0.0009031941868219431,0.00014388426366697697,6.95418858122219e-05,7.330112575153638e-05,2.5256950931656125e-05
6,0.0204201642741621,3.578630340152709e-05,0.04706201198607167,0.00866835858409326,0.008145406012802121,0.00048739460183233206,0.0011253687286009518,0.004058275669449665,0.00017905487579508936,0.005718251998711071,0.000613216813123014,0.0026110643502107065,0.25752983903594073,0.004063131819892474,3.901013743043008e-07,0.0029821939920013107,0.0004115827582562892,0.30425791741295427,0.007134888919338797,0.32324651780304237,0.0009321959090673244,0.00014834662803581735,7.20104385607934e-05,7.094706100838092e-05,2.568392227373368e-05
7,0.012933599882002635,2.1756027230529985e-05,0.02408457497823463,0.0074047545723889,0.0069223536245027065,0.0005533150907138549,0.0011012546684985162,0.0024364253500697894,0.00021218033939060957,0.007449096462205101,0.0004048910668042103,0.00201995999745312,0.1122457648746877,0.005254477906497993,3.9859707863897606e-07,0.0036189902177780555,0.0003600592165992669,0.33138392659366955,0.004183190424265034,0.47611887363518807,0.0009127047404963363,0.00014281843362526996,0.00011123712049817877,8.059858108030338e-05,4.2797599040809135e-05
8,0.0184922362534849,3.613788771568227e-05,0.04130139280352962,0.007915944331589495,0.007670342632528427,0.0004931537525845655,0.0011589960707346955,0.004046003536019011,0.00015993665005346555,0.005032154560040751,0.0005852431592801632,0.0029627934381351133,0.2920862697607013,0.0038511820275146298,3.402147697384328e-07,0.0030901878530234838,0.00042064433049962297,0.2996994762799132,0.0074301157135541135,0.30239539832853035,0.0008869944188759708,0.00014074947145425375,6.79847203898676e-05,5.309841769158784e-05,2.3223387385959344e-05
9,0.021595508649732906,3.324880812084498e-05,0.0533683981751649,0.009456955688171956,0.008097559986902729,0.00048412001519185433,0.0010176243362420658,0.004167185252910024,0.00018751544707773374,0.0063356687027520085,0.0006178283596581026,0.002280471218395014,0.23615020109556115,0.004125061097122969,4.0842987760648823e-07,0.0028810159028971626,0.0004100651862556735,0.2972641872419438,0.006870583611284877,0.3433731179117925,0.0009468582020892643,0.00015190826345961098,7.276306165987069e-05,8.693202297103023e-05,2.481333276420323e-05
10,0.0204201642741621,3.578630340152709e-05,0.04706201198607167,0.00866835858409326,0.008145406012802121,0.00048739460183233206,0.0011253687286009518,0.004058275669449665,0.00017905487579508936,0.005718251998711071,0.000613216813123014,0.0026110643502107065,0.25752983903594073,0.004063131819892474,3.901013743043008e-07,0.0029821939920013107,0.0004115827582562892,0.30425791741295427,0.007134888919338797,0.32324651780304237,0.0009321959090673244,0.00014834662803581735,7.20104385607934e-05,7.094706100838092e-05,2.568392227373368e-05
11,0.0201335540092759,3.652059420309054e-05,0.046955297333903995,0.008660767604394664,0.008093947246771283,0.0004903341830283696,0.0011321772433657512,0.004108495958106659,0.00017568320493697293,0.0055620858964441485,0.0006256551503920822,0.0026953423361132053,0.2692744895610116,0.004062189338771301,3.895371635288943e-07,0.002988466780806903,0.0004193194472440877,0.3004763446551313,0.007299334515106736,0.3155627199099723,0.000932400935936318,0.0001489699962379805,7.174119466788911e-05,6.866085363862018e-05,2.5112513375406096e-05
12,0.03260252965225805,3.6265593579695486e-05,0.08361894719207313,0.016840890544416235,0.004965531061963001,0.0005524590458907336,0.0013967175935975487,0.01298715765926702,0.00026204146858767,0.008359986436632447,0.0008643637172991364,0.0020259133270308736,0.4179741959103841,0.0021445897495470634,6.4091207615263e-07,0.0050548551444338265,0.0008019343495782542,0.18500233043449535,0.011958351763256712,0.211083722852018,0.0010717852738535581,0.00020885152144666538,5.209694466709518e-05,0.00012377203694295536,1.0069814704830005e-05
13,0.018807253491049638,4.142505625714786e-05,0.04834797318891922,0.009828065205060472,0.008992883598817024,0.00048093471161771487,0.0010401765333093395,0.003891370679180606,0.00016613997667426925,0.004537733008171829,0.0008569804519220642,0.0032277676786478075,0.343573169587494,0.004565315498086713,4.024810813430785e-07,0.002868179082040913,0.00046974423888714874,0.2832880010506035,0.007209110800160861,0.25653480571172843,0.0009661041034631018,0.00014278136658360204,7.660301470771744e-05,6.544471823023427e-05,2.1634767305466415e-05
14,0.022203358739771584,2.1363639716261767e-05,0.0535459451517681,0.013615506081310682,0.00612325435297855,0.0004045530355050299,0.00107386918879914,0.004948056956934254,0.0002229834267164106,0.007218705427226636,0.0004401713581852948,0.001562178629756153,0.1637334865031489,0.0037740567927331318,3.883270180898098e-07,0.0027574925069035103,0.0005008132414503014,0.3589786069887031,0.004149032189994256,0.3535041834636839,0.0008541450957008453,0.00014377135649408266,8.114441558740503e-05,0.00011219298392757044,3.0740145986799655e-05
15,0.0204201642741621,3.578630340152709e-05,0.04706201198607167,0.00866835858409326,0.008145406012802121,0.00048739460183233206,0.0011253687286009518,0.004058275669449665,0.00017905487579508936,0.005718251998711071,0.000613216813123014,0.0026110643502107065,0.25752983903594073,0.004063131819892474,3.901013743043008e-07,0.0029821939920013107,0.0004115827582562892,0.30425791741295427,0.007134888919338797,0.32324651780304237,0.0009321959090673244,0.00014834662803581735,7.20104385607934e-05,7.094706100838092e-05,2.568392227373368e-05
16,0.01953725526888884,3.3588484298503506e-05,0.04399109116456614,0.008588565150567587,0.007653129869101431,0.0004765974741767579,0.0011146782425084391,0.003841184895604894,0.00016432568616775762,0.005740474675724544,0.0005917699083732532,0.0026859057148404418,0.24461266399973938,0.004114625597081911,3.681115265825491e-07,0.00297819146466276,0.00040946945106334936,0.3216829036337807,0.006633687907322019,0.3238639550294869,0.0009771849722226412,0.00014382208622206103,7.095844722981437e-05,6.799760446310978e-05,2.5605160380029145e-05
17,0.018518436800467775,3.1044416641008826e-05,0.03922308363172188,0.007490617621765251,0.006520512433241234,0.0004172699903938534,0.0010125496477674809,0.0036476168136569415,0.0001305206543004077,0.004454113189842833,0.0005452551988891969,0.002910585857248818,0.2612165739896713,0.004024988942490952,2.9417508107380987e-07,0.0025087994458868616,0.00041272784286732573,0.33917089889855123,0.0064371108683333,0.3001584209350116,0.0008825850303654942,0.00013719424438152672,7.087118517901407e-05,5.314223588100297e-05,2.4785950362776343e-05
18,0.022169103611054564,3.799753612805219e-05,0.06150138771767468,0.01090824307094157,0.010361543670910621,0.0005337177663378419,0.001160601500342976,0.004832096903065238,0.00019475632913432462,0.005954154845230102,0.0007373505254383545,0.0023815167932109225,0.286768440149161,0.0037472711148099666,4.890982230339712e-07,0.003442381176604871,0.0003828912346000267,0.25921017681043645,0.008147465318069208,0.31619259812897915,0.0010213886778328847,0.00013864702525307954,7.108299906061184e-05,8.411221253666413e-05,2.0585784963660095e-05
19,0.019426073360628827,3.5476666339832694e-05,0.048733938878340106,0.009282643231144003,0.008644442145846308,0.000468291002329614,0.0011960264931621305,0.0044226298144774264,0.00017351652767852083,0.005308599481702676,0.0006404572391952375,0.0026404243062778674,0.28475478624050626,0.0039979521642598175,4.0381765531281836e-07,0.0030092147458218787,0.00039905023923606837,0.2887012182758344,0.0074042899402420315,0.3095312555621061,0.0009198069294153162,0.00014875929197010544,7.006114107731759e-05,6.703648665017319e-05,2.364601810276468e-05
20,0.018925870584933703,3.734737992573354e-05,0.04993519159469543,0.00953395963710076,0.008412387598437909,0.0005342025399901199,0.001305086761559815,0.004752377994734237,0.00018789895725285043,0.005806878537802402,0.000676957223058667,0.002601434654198906,0.2733536980207913,0.004099065699327975,5.103739701051121e-07,0.003117612982695626,0.00042382980976441093,0.2671800930154517,0.0078229357294323,0.3398616877871787,0.0010753256054994425,0.00017203374728332735,8.130510470797856e-05,7.649359707228333e-05,2.5815063134214642e-05
21,0.017462150433986603,3.726045151043907e-05,0.05243853560106823,0.009555296077830283,0.007286509646470095,0.0006398480489556065,0.0015096913762924372,0.005979726342228549,0.00020490329558378777,0.004741197519845294,0.000566607122537823,0.0022674855717401492,0.31903241056727727,0.003657722511479151,5.136682998086822e-07,0.003201198159467525,0.0005092969994714648,0.2345927637984254,0.007835332952485691,0.3273555275390829,0.0007852027311364083,0.00017080558187694854,8.434186058080719e-05,6.228389651938606e-05,2.338824584784466e-05
22,0.02174810676249708,3.2679752888481814e-05,0.04883569529230628,0.009188700370013934,0.007402619576930273,0.00044374370498328656,0.000997752321172145,0.0038978653996701775,0.00016118438323747667,0.006021086527940816,0.0006206393589489517,0.002653535455730282,0.24149590308333657,0.00401295755939679,3.512935620286619e-07,0.00284958112288174,0.00043359474250408543,0.3355322567231488,0.006568636110836535,0.305818220737195,0.0009785329735572505,0.00014346621739596844,6.491809274597006e-05,7.439420406482428e-05,2.3578233055273437e-05
23,0.0204201642741621,3.578630340152709e-05,0.04706201198607167,0.00866835858409326,0.008145406012802121,0.00048739460183233206,0.0011253687286009518,0.004058275669449665,0.00017905487579508936,0.005718251998711071,0.000613216813123014,0.0026110643502107065,0.25752983903594073,0.004063131819892474,3.901013743043008e-07,0.0029821939920013107,0.0004115827582562892,0.30425791741295427,0.007134888919338797,0.32324651780304237,0.0009321959090673244,0.00014834662803581735,7.20104385607934e-05,7.094706100838092e-05,2.568392227373368e-05
24,0.026792173155906724,3.931738141649741e-05,0.05169083338306462,0.007549270581479056,0.006730712537787883,0.0005321151090099956,0.0012287248874135784,0.004606377944442921,0.0002130653281609942,0.006936355717870766,0.0005600043762230819,0.0022716482036493997,0.21450691133338773,0.0033886161312101353,4.6873611303816543e-07,0.0026707940675334413,0.00043610415252079654,0.29754892010207196,0.008118101140275929,0.36276807185231313,0.0010376191419824365,0.00018137179977580818,7.239846599045923e-05,8.965306592994297e-05,3.0371404469658037e-05
25,0.02038238097213543,3.329645434133538e-05,0.04808553314589818,0.009299179907577585,0.008052621551139508,0.000456009364765842,0.001159895401604447,0.004464757698702872,0.00016941908157687045,0.005497638509535422,0.0006247081198787809,0.002534018687070768,0.26773118784221217,0.0039018655413665506,3.966661628192065e-07,0.003009525800533234,0.0004074401978374169,0.2999408011878507,0.007222635056571112,0.3157726695980925,0.0009428550430255326,0.00014659202210129854,7.191160876239596e-05,6.8859120363119e-05,2.380142089406316e-05
26,0.024105988661808266,3.728676523198798e-05,0.05108360356151196,0.009429266126023425,0.008674757987695302,0.0005145634201265538,0.0011039492333139787,0.004371251661774106,0.00022226398574864961,0.005965133462352718,0.0006575298343483194,0.0023282541992559716,0.238826816725266,0.004025719017767171,4.5719898913830865e-07,0.002965705693420699,0.0004344763768417458,0.2928522696274691,0.0072935020738174915,0.3438047298822818,0.0009411758113798049,0.00015375591381700164,8.59715858318771e-05,9.317471246821372e-05,2.8396481458725854e-05
27,0.019127765316179948,3.572970703235101e-05,0.045804096784167345,0.008548520942031908,0.008407612948750809,0.0005239544266920067,0.0012374532146224497,0.004226118364176971,0.00021755457930536305,0.006496316401783014,0.0006109746702176013,0.002360176208670566,0.2401350023368999,0.004274849423134816,4.6664668644609595e-07,0.003109573066911901,0.00040948886267618825,0.2738239221049498,0.007407376576939452,0.37193684456645915,0.0009387125007114867,0.00017553004964460765,8.13732566188164e-05,8.142000458935773e-05,2.9167040147742848e-05
28,0.0204201642741621,3.578630340152709e-05,0.04706201198607167,0.00866835858409326,0.008145406012802121,0.00048739460183233206,0.0011253687286009518,0.004058275669449665,0.00017905487579508936,0.005718251998711071,0.000613216813123014,0.0026110643502107065,0.25752983903594073,0.004063131819892474,3.901013743043008e-07,0.0029821939920013107,0.0004115827582562892,0.30425791741295427,0.007134888919338797,0.32324651780304237,0.0009321959090673244,0.00014834662803581735,7.20104385607934e-05,7.094706100838092e-05,2.568392227373368e-05
29,0.0204201642741621,3.578630340152709e-05,0.04706201198607167,0.00866835858409326,0.008145406012802121,0.00048739460183233206,0.0011253687286009518,0.004058275669449665,0.00017905487579508936,0.005718251998711071,0.000613216813123014,0.0026110643502107065,0.25752983903594073,0.004063131819892474,3.901013743043008e-07,0.0029821939920013107,0.0004115827582562892,0.30425791741295427,0.007134888919338797,0.32324651780304237,0.0009321959090673244,0.00014834662803581735,7.20104385607934e-05,7.094706100838092e-05,2.568392227373368e-05
30,0.0204201642741621,3.578630340152709e-05,0.04706201198607167,0.00866835858409326,0.008145406012802121,0.00048739460183233206,0.0011253687286009518,0.004058275669449665,0.00017905487579508936,0.005718251998711071,0.000613216813123014,0.0026110643502107065,0.25752983903594073,0.004063131819892474,3.901013743043008e-07,0.0029821939920013107,0.0004115827582562892,0.30425791741295427,0.007134888919338797,0.32324651780304237,0.0009321959090673244,0.00014834662803581735,7.20104385607934e-05,7.094706100838092e-05,2.568392227373368e-05
31,0.01850009681172968,3.750793906896791e-05,0.045356080518397526,0.009173006190819425,0.008769590998452507,0.0005427526671900296,0.0011624468988057743,0.0037475443617045272,0.00020549939402508005,0.00635586557215354,0.0006784574568834569,0.0026872196462564366,0.25623866432322534,0.00460985610229935,4.284401504052364e-07,0.0032811260871205617,0.0004355666222005935,0.2933159655772525,0.006786660415524517,0.33680357387132337,0.0009722199723581874,0.00015741235012581303,7.729140642710551e-05,7.865130870549174e-05,2.6515067799923336e-05
32,0.020234183661508337,3.5805516146398795e-05,0.046552199580249615,0.008328093015451664,0.008136949883444312,0.0004895512116889614,0.0011315239739744143,0.00409609322262001,0.00017484361645221173,0.005630182894498769,0.0006091065881364857,0.002633913817964466,0.25835501897657365,0.0040204231328343715,3.95171326823625e-07,0.002990246654195208,0.000402916239458255,0.29892260646078883,0.007512636481314428,0.3284959942970521,0.0009296638120045402,0.0001507549609151736,7.256629665221012e-05,6.865412677896314e-05,2.5676407969989344e-05
33,0.02744042471413566,4.195111373631955e-05,0.06836999189756343,0.009934045860340386,0.013451721390903837,0.00057926186462052,0.0013268691817842021,0.0047525030001354385,0.0002994110807673791,0.008189842717840056,0.0006641911531487539,0.0016069029616255536,0.15664287991924197,0.00379116380565821,8.774301279956678e-07,0.002841819923825763,0.00027369856543160953,0.23121618612889713,0.008938229907210335,0.4578260235376294,0.0013424631002638765,0.00017919635755941102,0.00010471384151831576,0.00014453934159023915,4.109120444423922e-05
34,0.019727297469279342,3.4592795760473625e-05,0.046378427313853485,0.008758002531474959,0.00797625868477366,0.0004910692011837733,0.001134757535536377,0.004041787718386342,0.00017532962393977477,0.005733491980498642,0.0005974294987170017,0.0025944926795123512,0.25393669131638497,0.004052407423494873,3.8566835828813876e-07,0.0030246754038736616,0.00041131559645142985,0.30612004601188486,0.006895090696712322,0.3266683337050648,0.0009349517593474545,0.00014639923206983497,7.158055674715444e-05,6.982620215607884e-05,2.5359394538019004e-05
35,0.02207034028838545,3.591087257039909e-05,0.04679344092598871,0.008492575730538047,0.007838693784965088,0.0004631201397980091,0.0011120793502642332,0.004162507815634677,0.00017731554629853112,0.00574459796811641,0.0005918414765367663,0.0026240302204519617,0.2554564975693728,0.0038751077243264014,3.6741736113284997e-07,0.002947043703418591,0.0004160908258448087,0.31826647080941534,0.00722782584570802,0.3104878250478142,0.0009080318484859977,0.00014550194329284377,6.797583808856103e-05,6.923948810431877e-05,2.5567819218776425e-05
36,0.018456081842555587,3.4655255930666856e-05,0.04004708159475974,0.008648437164855794,0.007206459828384247,0.0005226713818976502,0.001209488634060964,0.004502482161497811,0.00018523300249408394,0.005330324163271293,0.0005738204388962265,0.0027891483328072856,0.286142925018385,0.003927304356731514,3.6968193843327557e-07,0.003476102375952987,0.00047730008956696235,0.29469000997583733,0.0070886358531339925,0.3135350795619884,0.0008502948847852369,0.00014637009122338645,7.618604129766847e-05,5.970620511866366e-05,2.3832062629155973e-05
37,0.020253919502831414,3.592122695637901e-05,0.046824368089204704,0.008648824433279792,0.008169889121856745,0.0004907371399927103,0.0011314713569906527,0.004063331280888095,0.00017932086679468557,0.005714301354470286,0.000612595562784891,0.0026200170749911757,0.25876417803058455,0.0040685962929424115,3.910112769978132e-07,0.002999954184328312,0.00041131002778921864,0.3027901524003352,0.007157885716627566,0.3238126249256145,0.0009333998165142136,0.00014855771161727317,7.224211824172214e-05,7.031869443159425e-05,2.5692058654674285e-05
38,0.018229890550639324,3.392880563939946e-05,0.04276292912143923,0.008065459937307397,0.007412536193711772,0.0005517520578076132,0.0012675984651917317,0.004417504169735835,0.0001601508336817105,0.005481281674566316,0.0005793474874734002,0.0026987127852336704,0.2698527114188181,0.0036632690985149187,4.1194437509390076e-07,0.0035760813444622747,0.0004094269362008314,0.28212957259107185,0.00790495176647941,0.33952302239632925,0.0009790553853302496,0.0001427795124947399,7.516237764780974e-05,5.9460759575734745e-05,2.300238627228117e-05
39,0.01896708155406552,3.275088825866626e-05,0.04439007737834503,0.009039034925960069,0.007723617228076464,0.0005171978136571681,0.0012763903128659897,0.004822579719143869,0.00017227704675211377,0.005330081454433337,0.0005674318191442892,0.00250724065694569,0.2645061587728471,0.0036938693694693954,4.2371098621792035e-07,0.003316672515615305,0.00041527291757754216,0.28428889426191584,0.007481683180363265,0.3396604178490937,0.0009735566511546064,0.00014679601381334392,8.172650150341064e-05,6.350615854512717e-05,2.5261299466848876e-05
40,0.024266635894571145,1.4282006832928273e-05,0.02213985998328135,0.018106404843585448,0.002905205056109288,0.00046139504205775173,0.0019734377901234547,0.011304995476050805,0.00029225804999886306,0.008154709207528435,0.0003985933299043066,0.0014318697271983496,0.23795386920920825,0.002522874882538555,3.1903097827054885e-07,0.006625351303655256,0.0008972771005393759,0.3325678205899294,0.004892620011500924,0.3218727248848596,0.0008623634754581022,0.00013513171258057178,0.00012168815783180808,7.738620292140777e-05,2.092703075654106e-05
41,0.020851750893359416,3.950991116138337e-05,0.0501922058698477,0.00932676758969028,0.009109333781207955,0.0005258321945310303,0.0011458552774268008,0.0042137387465792635,0.00019825834922383386,0.0059546921737077055,0.0006485350402425178,0.0026118798647169774,0.27428123540574445,0.004107468517932716,4.1258064890727687e-07,0.003233575656103915,0.000420305899259135,0.290787813972797,0.007310321427854644,0.3137909754768832,0.0009335540925947955,0.00014516113508270304,7.222973767015494e-05,7.355658323966258e-05,2.5029822493706813e-05
42,0.02038056579938855,3.385949653187917e-05,0.03889155980538401,0.008573593192348461,0.008039076211971696,0.0004656883587364734,0.0009727706352111457,0.002760698832673995,0.00019448055296936487,0.005389130864574913,0.0005572271032092294,0.0024311025755764278,0.21402913970675547,0.00463610434810449,2.8804420909451204e-07,0.002665998549521942,0.0004142745511864076,0.38026606022345644,0.004524820912807275,0.3037361105900493,0.0007502639921477045,0.00010877246296808938,7.325580868197096e-05,7.470114272992016e-05,3.0456238805787758e-05
43,0.019983651328585247,3.460946588894639e-05,0.04650446782418812,0.008490979185447927,0.008281395915745641,0.0004954761766883909,0.0011264101592450562,0.00396432116358924,0.00019212487989743218,0.006473317426485312,0.0005872503270355394,0.0024106111389937137,0.23489396735529722,0.004169828448846239,4.013766367067575e-07,0.0029962674497775285,0.0003908438132514552,0.2967755381130337,0.007135181445444277,0.35381370513221105,0.0009468619280806672,0.0001571373353324764,7.281060375132909e-05,7.561133772778692e-05,2.7230668819024223e-05
44,0.0204201642741621,3.578630340152709e-05,0.04706201198607167,0.00866835858409326,0.008145406012802121,0.00048739460183233206,0.0011253687286009518,0.004058275669449665,0.00017905487579508936,0.005718251998711071,0.000613216813123014,0.0026110643502107065,0.25752983903594073,0.004063131819892474,3.901013743043008e-07,0.0029821939920013107,0.0004115827582562892,0.30425791741295427,0.007134888919338797,0.32324651780304237,0.0009321959090673244,0.00014834662803581735,7.20104385607934e-05,7.094706100838092e-05,2.568392227373368e-05
45,0.019987327640259157,3.4351329805355427e-05,0.05029734982199849,0.009812421198420022,0.008454507120964334,0.0005443586084335152,0.0014648921625714877,0.005755649450754473,0.00019677878585529527,0.0059194929531103824,0.0006039387269009107,0.0023239936619827034,0.27552702781714256,0.0034168238839522402,5.24152975426562e-07,0.0038422905457559135,0.0004026198421276757,0.25610585768871386,0.008444537220498238,0.34557622988818154,0.00096441535835499,0.00015411884360012147,7.597917028443133e-05,7.182576401481674e-05,2.2688363342014445e-05
46,0.02077261865426282,3.517752167350813e-05,0.046719012899932744,0.009287633937731589,0.0074282521538972775,0.0005092146498241757,0.0010994380055668084,0.004276652595710906,0.00017829797872885383,0.0055616711690788115,0.0006186832432604639,0.002680676672182023,0.26439705954368004,0.003969206744561996,3.860205451388409e-07,0.003071497381478317,0.0004653836300872036,0.3082080993046385,0.006840454214024349,0.312615249244485,0.000947751990281025,0.00014553446237247904,7.496222917525888e-05,7.263942687284695e-05,2.4446325947916277e-05
47,0.0038322207333994496,1.208578519966546e-05,0.07240521137815004,0.0961103791478397,0.029662986184665133,0.0008453402376298525,0.0010215044935509797,0.0017988720633214219,0.0002952316854312941,0.005213559763838008,0.0013810998519768916,0.0007005046091493322,0.20711606611965008,0.01818295440627286,7.150837106905683e-07,0.004576434874643881,0.0003395410797965141,0.20591900472085317,0.0006816031281107951,0.348499606447808,0.000837165729200127,4.775941803817398e-05,0.00025119429861565813,0.0002505147722355089,1.8443986912822176e-05
48,0.021517977802703397,3.893942020708539e-05,0.04600672520424734,0.008517876485212818,0.007121943120621021,0.0005372039971187589,0.0012336841598424974,0.004936942463628308,0.00017742751898990362,0.005208670777078855,0.0006073751439234584,0.002788878423689672,0.3028207883913796,0.0035274630262871346,4.011914744778541e-07,0.003271899242761109,0.0004792261515713239,0.28475306062096883,0.008156902934336172,0.29708229383347207,0.0009097821206758652,0.0001472829361316072,7.208711657790696e-05,6.232409787237541e-05,2.2843819228281368e-05
49,0.01885112083457108,3.528495399982601e-05,0.04867158191132662,0.008253298389972859,0.00789160763757992,0.0004987768731316201,0.0010721476684528203,0.003764291051690897,0.00016501526981022976,0.005628271377156332,0.0006038169328744447,0.002687351736213598,0.25479866819423197,0.00416956019093991,3.8439145670281125e-07,0.002804317936772794,0.0004041286766860573,0.3010630095660425,0.006975938933933049,0.3304144776992407,0.0009314217718664386,0.00015285189424545494,6.792398726043658e-05,6.977577369651468e-05,2.497634684711525e-05
50,0.020898774294655486,3.170165092176498e-05,0.04044050104654223,0.007004490196360969,0.007663124728259415,0.00039575532823165406,0.001494714915672836,0.004658461421444076,0.00019794933408587919,0.0073715486578275905,0.0004640925513320546,0.0020613439539600193,0.22198652372817101,0.0035578051285274567,3.8631265296188205e-07,0.003078091498462766,0.0003280144168122523,0.29897176841440726,0.008398153958524866,0.36981213832597937,0.0008538955106014043,0.0001741803650632789,6.256746476899525e-05,6.232392024535555e-05,3.1692876488899865e-05
51,0.005931505860362112,4.284320544292674e-06,0.006605505059004158,0.0005631644111927951,0.0012907447841918238,0.00020900378238744802,0.0007785329661058192,0.001957722234219381,4.103826774048936e-05,0.0021601636403652245,5.520917696111269e-05,0.0008101301625199843,0.044475844384130304,0.0010600232343762905,1.3976754744187825e-07,0.0015246650811531904,8.856525278170012e-05,0.1545663202745885,0.008947379353322061,0.7684572972127287,0.0002476329429662967,0.00011416417302401768,6.870734540509015e-05,1.0150009860758287e-05,3.210630252103648e-05
52,0.01799491595923297,9.327274215934195e-05,0.05718841918387248,0.008340295576348543,0.011719626655184787,0.0009944918132995144,0.002952470398829621,0.010434006932172371,0.0003058627290868196,0.004296405626712072,0.000690224541834792,0.0028656170071092455,0.4061271766393682,0.0038296684796616564,1.4739340275860937e-06,0.0031636131232827087,0.0004751937013617839,0.1264822589185054,0.019410321314986663,0.320526798004396,0.0015375876527758544,0.00032209610667107856,0.0001534121805628779,5.107094495702065e-05,4.3719833600547435e-05
53,0.03468561822702908,4.727289836925806e-05,0.0808706985386096,0.008570936772407334,0.008971024867810021,0.0004047148981076719,0.000542303180446676,0.003084409757053915,0.00013803724294306842,0.00579970358137209,0.0008033443068692199,0.0030085627520227793,0.2653558927383602,0.003906657453011475,2.836435570016855e-07,0.001992742616762746,0.0004098164373660929,0.34747606404279047,0.0077774989305326725,0.22487604206818657,0.0009924820460409172,0.00012827680589882112,4.3930388268150224e-05,9.484258659807472e-05,1.884321958611715e-05
54,0.019749660032109848,2.6900877467896923e-05,0.05984171840595528,0.010809190883944409,0.007998615121016081,0.0004434426701379793,0.0009083384159434722,0.00423043534669875,0.00014989430780175056,0.004892211665769387,0.0006701606208417141,0.0021955515097372767,0.2526170251942037,0.003943048521998931,3.952473224853469e-07,0.002440075583694578,0.0003925011170079935,0.2856705555815844,0.006315697863470148,0.3354473295888329,0.0009405641038112589,0.00013849263251372975,7.419518835771251e-05,8.385105745033967e-05,2.0148462328146603e-05
55,0.019122196369434567,3.100120943851244e-05,0.049210164615210314,0.00920716511010446,0.007752348093845117,0.0005052598735989152,0.0010628412396843487,0.0043000160083091965,0.00017436404112343112,0.005922218285953775,0.000609010411194366,0.0022420008410905332,0.25096046328073635,0.004070545860180618,4.031773204017986e-07,0.0029778934757865973,0.00040611527856981936,0.27705487835106435,0.007104903724821305,0.35601513837173376,0.0009427416898766762,0.0001513272120462438,7.820493088517598e-05,7.54334951564219e-05,2.3365052834564612e-05
56,0.020145845449640123,3.702679699346752e-05,0.0470861200242999,0.008616891554669734,0.008241309331243639,0.0004865357694512491,0.0011261567112656635,0.004040843012405334,0.00017789751825169549,0.005597838570481873,0.0006291914730237306,0.002696804987732649,0.2696450540665305,0.004121500807730394,3.876079893111249e-07,0.00296002825830135,0.0004158029384242862,0.30141090083958594,0.007254975652106105,0.3140719489106003,0.000922158058353217,0.0001494505455350869,7.098746433447139e-05,6.894149186329272e-05,2.5402159186804318e-05
57,0.02241605791920699,3.341258458637765e-05,0.04891076885909624,0.012159942412207919,0.007855812291322503,0.0004982721515609132,0.0011445953986669447,0.004110173598088449,0.00023766327502215657,0.006904350850890948,0.0006298358369784156,0.0020312751071975724,0.23058928711643895,0.004427234184421229,3.941530938769502e-07,0.0030905610289482083,0.0004837049318314321,0.33544193050372,0.004754322146179169,0.31304377175522596,0.0008990740650946765,0.00013066742910688428,7.792867043123469e-05,0.00010200036331741452,2.6963367365671757e-05
58,0.021445010601760496,3.713723823155845e-05,0.04936351250109583,0.008816398504564204,0.008294921066412029,0.0004924575426385949,0.0011148901415739315,0.004070086925924696,0.00018640386027573452,0.005958025625661474,0.0006442639431942733,0.002612739090417993,0.2545051259356456,0.004104066855044638,4.1219245520263617e-07,0.002970253387132933,0.0004190316023517173,0.30286442319422396,0.0073225196532463194,0.32348650860713496,0.0009616573987421998,0.00015393202943446305,7.224473638045864e-05,7.788894426579538e-05,2.6088422190955774e-05
59,0.020131358924187666,3.565574721311856e-05,0.04591076035322265,0.008581300673604748,0.008085995671684677,0.00048717027864731197,0.0011340375200204124,0.004069100102713695,0.0001767283124963122,0.005607962471979021,0.0006053104837395765,0.0026393852038911424,0.26159994145136506,0.004031231111080587,3.8112298670547155e-07,0.0030072231242549785,0.0004108948053884671,0.3043788365540209,0.007129962425585628,0.32074073812416065,0.0009246718852282055,0.00014613640964169489,7.194409521378416e-05,6.784205924893388e-05,2.5431088423967937e-05
60,0.0204201642741621,3.578630340152709e-05,0.04706201198607167,0.00866835858409326,0.008145406012802121,0.00048739460183233206,0.0011253687286009518,0.004058275669449665,0.00017905487579508936,0.005718251998711071,0.000613216813123014,0.0026110643502107065,0.25752983903594073,0.004063131819892474,3.901013743043008e-07,0.0029821939920013107,0.0004115827582562892,0.30425791741295427,0.007134888919338797,0.32324651780304237,0.0009321959090673244,0.00014834662803581735,7.20104385607934e-05,7.094706100838092e-05,2.568392227373368e-05
61,0.009470798313201665,3.389942908261169e-05,0.01473752965049772,0.005871626911954119,0.007292793144200254,0.0004987517482530434,0.002060297538063066,0.004030868755316498,0.0001773404629380548,0.0035381183707684843,0.0004002908484495761,0.0033471354984700038,0.3900419840901231,0.003893938488300861,2.3592577782529335e-07,0.004387801881904493,0.00037387265108788096,0.26295297487649333,0.006529104967809662,0.279451281362761,0.000662385979924007,0.00011160107301703276,9.067779452915457e-05,1.695034194746896e-05,2.7739895129148467e-05
62,0.0204201642741621,3.578630340152709e-05,0.04706201198607167,0.00866835858409326,0.008145406012802121,0.00048739460183233206,0.0011253687286009518,0.004058275669449665,0.00017905487579508936,0.005718251998711071,0.000613216813123014,0.0026110643502107065,0.25752983903594073,0.004063131819892474,3.901013743043008e-07,0.0029821939920013107,0.0004115827582562892,0.30425791741295427,0.007134888919338797,0.32324651780304237,0.0009321959090673244,0.00014834662803581735,7.20104385607934e-05,7.094706100838092e-05,2.568392227373368e-05
63,0.02071085471793593,3.695799382753258e-05,0.04735665492316189,0.008637097338496425,0.008234217607191936,0.0004900914826644823,0.0011302172212477033,0.004047301559588977,0.00018140781235636284,0.005734810463833104,0.0006220607365269158,0.002651412792309752,0.26028428047177843,0.004082702703626643,3.933672971427144e-07,0.0029735598759175305,0.0004146707102901935,0.30469685288893683,0.007202015239916019,0.31925774325813744,0.0009362614611910291,0.00014943863450293736,7.163855154188949e-05,7.141920303300419e-05,2.59389846899176e-05
64,0.020863071493086645,3.748522821837612e-05,0.04871214913629899,0.008920893887976232,0.008384154873837965,0.0005015049671643912,0.0011683378167761092,0.004195990167531791,0.00017821009688781953,0.005863552154995769,0.0006385508078770659,0.0026616824066156577,0.2551729552862306,0.004062432291646665,4.2689746968228834e-07,0.0029701502219097865,0.00040922370085477554,0.29995941126360703,0.007405659798406301,0.32652785551540564,0.0010368690743475528,0.00015473223514660527,7.452110551584881e-05,7.37681727996818e-05,2.6411399393148723e-05
65,0.020799302228083114,2.959453099459695e-05,0.031119304196287976,0.006399268305855061,0.007071288213554411,0.00035280637632774923,0.0010078431809108657,0.003072400047847655,0.00018905083383817802,0.006138787714832087,0.0004595025943378306,0.0025652795502018573,0.21426777905379288,0.0040914791752409505,2.2679721171941715e-07,0.002885837863255319,0.0003693560268174112,0.3799230387961556,0.0061195334521693436,0.31220634247804385,0.0006542826311854695,0.00013414549574322158,5.761375102882319e-05,5.6788893763096436e-05,2.9147812520730806e-05
66,0.02193336672772444,3.533649165607631e-05,0.04418726557124495,0.008263378352162877,0.007079967666435935,0.0005301662978732093,0.0012962265265845077,0.004941836480404043,0.00019842538053115236,0.005419345722474339,0.0005650699270104937,0.0023597976967758196,0.2527753077747882,0.003591491431668356,4.465395934205888e-07,0.003064807425394397,0.00043806300576170224,0.2855006541963577,0.007802520159291195,0.34877808978911057,0.0008978735049890493,0.0001557664535491079,8.517208129402353e-05,7.214071585426096e-05,2.7484081470135298e-05
67,0.012633552115154096,2.248702925463292e-05,0.031139028193351813,0.006400617152986093,0.0045931075113561076,0.0005618363391348671,0.0008817516533116129,0.002768999395034001,0.0001233500962923496,0.004795183591712184,0.00044943025166728143,0.002409255540527462,0.18837196650297197,0.004383975515666539,3.0228215071856626e-07,0.002414246814605321,0.0004259159055638619,0.2999801425151512,0.0049006137371457046,0.4315114183129303,0.0009118455409086032,0.00014238969444521112,9.139135747275277e-05,6.124065389145592e-05,2.5952297313763285e-05
68,0.031141990502217286,7.8285264828389e-05,0.06823223000961001,0.01316744154956516,0.02168521822753058,0.0007663538685292224,0.0013860967863624733,0.004959226920012878,0.0004220754501129151,0.009726952000862963,0.00126442446035197,0.0026485000293125648,0.21936494335145473,0.006181946637326853,1.2565820368871548e-06,0.004292262156713873,0.0004430515724452942,0.23231735341640186,0.011204317077106984,0.36856552370161977,0.001543475193265164,0.00024405010033716964,0.00013056495159173985,0.00018896979934263024,4.349039106052075e-05
69,0.038255735882130326,7.007667832204207e-05,0.07619900428530908,0.02370578654065065,0.02560985782400425,0.00043588045766188217,0.001875909855873458,0.006017503870044063,0.0005604391993005634,0.010733275935813299,0.000816843167297687,0.0019970917802290874,0.26025858496749954,0.0044288995631383945,6.302789105222668e-07,0.006487857971180203,0.00047369052645559654,0.3696681172907113,0.004957979533438516,0.16632469721211934,0.0007829761472960157,0.0001114906422978231,5.493912676559921e-05,0.00013683065434542046,3.5900609205234136e-05
70,0.018626206936638058,3.3390267375357745e-05,0.045306760609625164,0.008899257168824157,0.008033572950035837,0.0005061960125734286,0.001114991882415128,0.003932988671880531,0.00018155961900610438,0.005784608621910847,0.0005803362236954869,0.0025178094734296555,0.2516310179587086,0.0041725115823620165,3.7561115646920434e-07,0.0031189484614864422,0.00041504032298387455,0.30160687455044394,0.006552785622792479,0.3357846691225965,0.0008888791540251493,0.00014293952110234383,7.317946823572314e-05,6.98957996581665e-05,2.5204387038521645e-05
71,0.021507780819625497,3.506311978741985e-05,0.04118981285520753,0.008617584944484814,0.008619115451946617,0.0004766200803505426,0.0012487743801067675,0.004598645911339269,0.0002063631336100442,0.005978232774799175,0.0005972435672348456,0.0025382763477416596,0.2505356034776299,0.0038777640434151687,4.175482319849257e-07,0.0035519779505106116,0.00040099054513204134,0.29809346231779466,0.0076401009369600975,0.33905765170735386,0.0009041647881152256,0.0001488540554347467,7.873681130126415e-05,7.013986947803684e-05,2.6622562408214462e-05
72,0.02081554894665927,5.2016938529782216e-05,0.06530488896279105,0.005080548580630588,0.007304041118485288,0.0003891303514526322,0.0006998279787474168,0.0036704660154037944,0.00010335917299145822,0.003666094184462994,0.0007032057134074497,0.004416460252640034,0.27301065851459033,0.006633685441621444,4.495049269919694e-07,0.001131018749594727,0.0004580882012470798,0.29126906004874187,0.013110629875208389,0.3003341097492463,0.0013045612010668902,0.0003606123003508661,9.217439114390577e-05,4.9968292348499176e-05,3.939551371106106e-05
73,0.027843851381424183,0.00011471748663078216,0.12274184137510248,0.015501106394467667,0.027671590993038852,0.0005258227340446996,0.0018714333233668748,0.0057887277593833995,0.0002354850290027485,0.006450391557151581,0.00135962772380842,0.00412947474111601,0.36583050563999703,0.005101231410493966,1.164087379430888e-06,0.003365909019602645,0.00038351681142867987,0.24766728422903664,0.012348515310211514,0.14913791881828575,0.0015583476914902126,0.00021635177024754965,4.368324986102322e-05,8.404143092983585e-05,2.746003249812803e-05
