,0,1,2,3,4,5,6,7,8,9,10,11,12,13,14,15,16,17,18,19,20,21,22,23,24
0,0.00048102705681243293,1.0797512755715018e-06,0.0014339828447340942,0.39302394608751956,0.007366472839709847,0.005625695064446914,0.0014781334224553864,0.00016458871874952725,4.720676986385795e-06,0.0013234656098652952,0.000241596563053125,0.0008723958730525275,0.01828909317878041,0.0029267237925375694,1.2222425082090231e-06,0.11102924760107975,0.0005432027626789247,0.08794066499849723,0.00019424506740248462,0.3612109050151463,0.000627247976435336,7.962867334747908e-06,0.00279942462984235,0.002407221613330011,5.733745765936209e-06
1,0.0002969895851329472,2.3449859382546624e-07,0.0008209658600953704,0.5183213553408839,0.0020465257383603065,0.0019069107353875971,0.00030903296827712687,0.0001557132757505869,2.7646055891676715e-06,0.0011844062953788434,0.00016174688976053076,0.0001891955914587469,0.024327900439677867,0.0003860339324120562,2.65387575905152e-07,0.09410930205355823,0.0002028475396573224,0.04332192273207031,8.39969882543566e-05,0.31021783770859035,0.00016676418769964534,1.8261435757631246e-06,0.0011450819138211974,0.0006396593644529238,7.202239850757146e-07
2,0.00027514896618859844,2.2897705847031883e-07,0.0007293358794147477,0.4862454689957074,0.0020332313751731247,0.0017412814118930487,0.00031081223283444844,0.00015816635854613636,2.644825472848979e-06,0.001169860790486739,0.00017888819691358173,0.000200328639270057,0.02260224595683577,0.00045379696357171674,3.103083650408752e-07,0.07818701576619479,0.00020412514392415074,0.04713509760728983,7.071607405444643e-05,0.356255266568245,0.00016900585020222623,1.735186330239683e-06,0.0012470125626020804,0.0006274385915874605,8.367718380152392e-07
3,0.0002806631517068412,2.290935114598744e-07,0.0007092880110424322,0.5124557854957947,0.0019286607919527803,0.001893973618096821,0.0003399646543910731,0.0001504013520791115,2.5000792410430077e-06,0.0011073569011491391,0.0001602631632815375,0.0002038914110543436,0.022458543701839633,0.00043982545327844014,2.7948602902469426e-07,0.0870530350167317,0.00021680687955155097,0.04818191182887571,7.427489635803787e-05,0.320263851100023,0.00017413085285711584,1.9110793780014084e-06,0.0012257043971866635,0.0006759382731814839,8.093114084257227e-07
4,0.0002944650148482618,2.2365832385605174e-07,0.0007118892505835269,0.5023431314550236,0.0019631024936943493,0.0018626954337263317,0.0003481986126264367,0.00015367274436254598,2.4993868155055816e-06,0.0011404123403135947,0.00016210596942719375,0.00020233940789021255,0.023882412163409174,0.00045225402098227155,2.7755698115260057e-07,0.08739654258022389,0.0002263681286313019,0.04974351416651319,7.69105268602771e-05,0.3269233069687583,0.00017123556209106903,1.8769985913670101e-06,0.00123486488124042,0.0007048838924916891,8.167855903123184e-07
5,0.00026426806086083944,2.1652870527737532e-07,0.000617793808661421,0.526320459137605,0.0017291655519403558,0.001801502871318456,0.00031214575483568116,0.00014305859647055364,2.322889472151814e-06,0.001040973126702385,0.0001587889835619339,0.00018959556503672125,0.021022625374561472,0.00040970775270078477,2.661514789494401e-07,0.08302036731234866,0.00020797138726374155,0.050569467231249186,6.794842096980495e-05,0.31014865428153426,0.00016364181242937468,1.8617016234177987e-06,0.0011891858936442904,0.0006172609319500164,7.508730751946326e-07
6,0.0002806631517068412,2.290935114598744e-07,0.0007092880110424322,0.5124557854957947,0.0019286607919527803,0.001893973618096821,0.0003399646543910731,0.0001504013520791115,2.5000792410430077e-06,0.0011073569011491391,0.0001602631632815375,0.0002038914110543436,0.022458543701839633,0.00043982545327844014,2.7948602902469426e-07,0.0870530350167317,0.00021680687955155097,0.04818191182887571,7.427489635803787e-05,0.320263851100023,0.00017413085285711584,1.9110793780014084e-06,0.0012257043971866635,0.0006759382731814839,8.093114084257227e-07
7,7.60213965350341e-05,3.4646397907068503e-07,0.0002880701219426812,0.49522956575834604,0.0016178615873535431,0.005335642543083945,0.0002757191377000737,6.8288882709345e-05,2.33179203192265e-06,0.0003189580792114828,0.00010549024194690055,0.0003776430420552844,0.006553942915919356,0.0004446347388571644,4.521588907274457e-07,0.1159451546231083,0.0001613637503647731,0.11366807865856539,3.499200204946228e-05,0.25586315402935406,0.000628520392877436,2.7515112158104313e-06,0.002579706628041292,0.0004204605821698468,8.48961691262831e-07
8,0.0002503337748691039,2.328314704499618e-07,0.0006150427247402154,0.5050245369465609,0.0019449115318250485,0.002026836933570978,0.00032149020215922313,0.00014394706301860982,2.459932510724268e-06,0.000949973221562647,0.00016024758826727829,0.00019827295344673063,0.021757479106718713,0.0004153639379286706,2.804745470639743e-07,0.09140687281476509,0.00019943768808300828,0.0571248356201392,7.346911706764354e-05,0.31542095347687166,0.00016974357113038783,1.8577883973373107e-06,0.0011904053354297942,0.0006002921853619385,7.231795575608125e-07
9,0.0002898645573860952,2.2626598089051623e-07,0.0007205122083671039,0.5188945357840259,0.0018843793553132923,0.0017996989257532314,0.00033743276594534846,0.00015225901460070185,2.4982783437315012e-06,0.001164140695134381,0.00016241814378352963,0.00020145046839484642,0.02209934314933088,0.0004449643603558749,2.8134475113341773e-07,0.08216582430049318,0.00021822968356037046,0.045133856781179885,7.17142523977627e-05,0.32216163543327775,0.00017188017449186813,1.8987236597858444e-06,0.001236724203287677,0.0006833868508809265,8.442793038563125e-07
10,0.0002806631517068412,2.290935114598744e-07,0.0007092880110424322,0.5124557854957947,0.0019286607919527803,0.001893973618096821,0.0003399646543910731,0.0001504013520791115,2.5000792410430077e-06,0.0011073569011491391,0.0001602631632815375,0.0002038914110543436,0.022458543701839633,0.00043982545327844014,2.7948602902469426e-07,0.0870530350167317,0.00021680687955155097,0.04818191182887571,7.427489635803787e-05,0.320263851100023,0.00017413085285711584,1.9110793780014084e-06,0.0012257043971866635,0.0006759382731814839,8.093114084257227e-07
11,0.0002906633018093005,2.2218301444162805e-07,0.0007159304612007658,0.5032441887675871,0.0019106860512712162,0.001858026543601989,0.0003420976999795091,0.00015685862291132683,2.495011858915732e-06,0.00115664051773322,0.0001611622169081064,0.00020373691200163886,0.02415073573294325,0.0004387984833851551,2.761907819585094e-07,0.08797813310248621,0.00022413366414464063,0.04894974972372941,7.650379818419143e-05,0.32605511036535645,0.00016945341353927308,1.890792186222908e-06,0.0012103668840790893,0.0007013451664742199,7.943928324690341e-07
12,0.00033917289439555447,2.485066769811649e-07,0.0008860026755142999,0.5533423008618225,0.0015369273874781008,0.0016957023279394023,0.00031060720255788086,0.0002128681063225303,2.625847543121305e-06,0.0013169991764020934,0.0001618560255682737,0.0002000771970333008,0.027430874271693325,0.0003519613237351355,2.8783479149046666e-07,0.09323126521589843,0.0002083141220119644,0.0387124871209829,8.77298851625615e-05,0.27811107578083605,0.0001531163242558677,2.1473597208425496e-06,0.0009940831451545828,0.0007105912828500626,6.781236526326212e-07
13,0.00026167435829362967,1.4296145878408482e-07,0.0006265552906523657,0.4655948958885923,0.0014033260739177327,0.0010183234914587945,0.00024741066757412976,0.0001591293921229121,2.032458783348758e-06,0.0010596543790604045,0.0002479030294851094,0.00021420026037606194,0.02009468435080686,0.0005844756945818089,3.635819768946299e-07,0.0685240015836114,0.00015812160278668298,0.04601938074779702,4.611016217770362e-05,0.39196783477615543,0.00014711565238512833,1.1767805308615513e-06,0.001183298685103687,0.00043751033686199707,6.777934489256794e-07
14,0.00033800405942343176,2.1960788722473486e-07,0.0007600575025483328,0.5411646910243617,0.0016208623693381196,0.0019172627264861985,0.00039218269285146493,0.00017397600988471555,2.5206124407599184e-06,0.001215415870045492,0.00014624802488631466,0.00024786470526527894,0.022511894506798375,0.00048790056520493243,2.865878581946239e-07,0.08967143114383444,0.00024451841845624914,0.04066988217501394,6.955463541477397e-05,0.2959853077899382,0.00019762722270126753,2.120902122435318e-06,0.001330808286701986,0.0008484262927754015,9.36267760749131e-07
15,0.0002806631517068412,2.290935114598744e-07,0.0007092880110424322,0.5124557854957947,0.0019286607919527803,0.001893973618096821,0.0003399646543910731,0.0001504013520791115,2.5000792410430077e-06,0.0011073569011491391,0.0001602631632815375,0.0002038914110543436,0.022458543701839633,0.00043982545327844014,2.7948602902469426e-07,0.0870530350167317,0.00021680687955155097,0.04818191182887571,7.427489635803787e-05,0.320263851100023,0.00017413085285711584,1.9110793780014084e-06,0.0012257043971866635,0.0006759382731814839,8.093114084257227e-07
16,0.0003072323174763485,2.8897731641616093e-07,0.0007837628774292337,0.5440935023425111,0.002144333381539212,0.002056878853004365,0.0003538985235925438,0.0001624885964889861,2.9984122206216254e-06,0.0012229738897438528,0.0001544447979883037,0.00019618959218800094,0.022758128921746903,0.00040455451976502453,2.816324496868082e-07,0.08215748332704158,0.00022012290906728762,0.04155458136737026,8.401824248689093e-05,0.2992459715986538,0.00016441898490964773,2.222052217707105e-06,0.0012068005802608678,0.0007214799888759784,9.433136553827145e-07
17,0.0002756400044536709,1.9943666355125535e-07,0.0006016297814379181,0.5315432637016965,0.0017340609568114232,0.0015821542370621665,0.00037828993748145967,0.0001427743210455861,2.3081697849990176e-06,0.0010060575027999686,0.00016999184407916646,0.00021576831355603183,0.01988338628358971,0.0005305363264311512,2.779279023096093e-07,0.07934712990800441,0.00019859170914136905,0.04584009011607687,5.8175645998627425e-05,0.31450033615654505,0.0001495461196631329,1.7734364870670684e-06,0.0012147428272659036,0.0006223857099359503,8.896260859852779e-07
18,0.0003470094337862817,2.339310890081393e-07,0.0006117017599937632,0.4822717791110459,0.0022177959232461044,0.0018185901170902456,0.00042808604459044374,0.0001365064634922127,2.5922303261154244e-06,0.0011813593988310844,0.00016954426831343095,0.00019536958044224205,0.022625878889625275,0.0005821582137569164,2.800734977252184e-07,0.07200034630294296,0.00029793603460242694,0.05701002422908986,7.873226564663071e-05,0.3555138760932667,0.00016628986214208748,2.052894413119447e-06,0.00148875041959724,0.0008519248173456062,1.1816418264864095e-06
19,0.00028215368283435345,2.2160240316540418e-07,0.0007862666831442567,0.5168320271098095,0.001956901341888086,0.002010845933653037,0.00038284119231443464,0.00016204648350683342,2.638545946472748e-06,0.0013167577204423236,0.00014916984148551692,0.0002164515489777981,0.024651773484485964,0.0004065785767259337,2.5428479866753916e-07,0.08613670613102181,0.00022036804085528758,0.03923685994871483,7.358976498957634e-05,0.3231205671860201,0.0001617482645960087,2.023778479525047e-06,0.0011447113705097113,0.0007456449124509555,8.525699458478484e-07
20,0.0002302333068582472,2.742074407305312e-07,0.0006534019676583232,0.5353022847274264,0.0015414307913177603,0.0019107115570243965,0.00029304823490600574,0.00017391290337297053,2.451749394460167e-06,0.0010307981668710982,0.00017302011773619131,0.00023554406555016156,0.019438473425974535,0.00040810811987432305,3.672172175399169e-07,0.08313779895378791,0.00019032801228726577,0.05017484752547279,6.488784014183695e-05,0.30308876211244085,0.0001903472880238271,2.30756008685209e-06,0.0011708037083438111,0.0005850814531881611,7.749876034331779e-07
21,0.0003247300974239846,3.847510935646542e-07,0.0011154154814594227,0.45351500958031177,0.002935029429304298,0.003378238393843509,0.0005157721891501748,0.00020597727708194664,3.3672885043283694e-06,0.0016429141744198602,0.00011375233514837146,0.00022836637279663747,0.03478487001366882,0.0003659336813743279,2.798788952566246e-07,0.09742439508112297,0.0003696851411008666,0.04607367964760811,0.00013404620060461422,0.3538056323279907,0.00023584538504761547,3.1419631220409917e-06,0.0013840702281912864,0.0014382922590940239,1.1708216413979714e-06
22,0.0002544129969769898,1.7559563406093865e-07,0.0006454530642376992,0.5183372198228465,0.0015649344842178696,0.001511735316656348,0.00028724236662250454,0.0001279501848448165,2.0731704741867303e-06,0.0010529622954929107,0.0001691418742118758,0.0001722861952824036,0.020263508642002687,0.0004023066059497354,2.4572147024128426e-07,0.08138198371851327,0.00020404403081781888,0.046708270818523245,6.08381022763667e-05,0.3249426266419612,0.00016267537814597597,1.5847663913127555e-06,0.0011893460661393338,0.0005563166534781579,6.654868324711053e-07
23,0.0002806631517068412,2.290935114598744e-07,0.0007092880110424322,0.5124557854957947,0.0019286607919527803,0.001893973618096821,0.0003399646543910731,0.0001504013520791115,2.5000792410430077e-06,0.0011073569011491391,0.0001602631632815375,0.0002038914110543436,0.022458543701839633,0.00043982545327844014,2.7948602902469426e-07,0.0870530350167317,0.00021680687955155097,0.04818191182887571,7.427489635803787e-05,0.320263851100023,0.00017413085285711584,1.9110793780014084e-06,0.0012257043971866635,0.0006759382731814839,8.093114084257227e-07
24,0.0003857040275817626,2.879371835486997e-07,0.0011199747555884264,0.44737617963109133,0.002356961319419705,0.00238465786857948,0.000472195723192596,0.00019864181189461894,3.107739471767896e-06,0.0013115042676488046,0.00015351542925455766,0.00024600167034042925,0.03075125100739784,0.0005040589865823342,3.360683088520009e-07,0.11209871727104408,0.00032271986531136543,0.04921758135658011,0.00011302272511902071,0.34806076313767137,0.00025669451589585947,2.323722391856162e-06,0.0015272108141710825,0.0011355925523355134,9.95795943706297e-07
25,0.00030047918246172236,3.645979560873374e-07,0.0008592680862902116,0.5248393696047216,0.0025732573206114894,0.002986027345929095,0.0003646867076373672,0.00014386290813388954,3.197132386993541e-06,0.0010823000210700932,0.00013576943712395118,0.0002207483330986647,0.021948238766903574,0.0004122201066241467,3.037478924730708e-07,0.10444274838405367,0.0002628200013731925,0.05231993031917421,0.00010963256958635955,0.28445074832370415,0.0002522427518149308,2.694328414841491e-06,0.0014481292499249985,0.000839988529935391,9.722431770066825e-07
26,0.00022132694777589194,2.1878342665766112e-07,0.0006579560981191189,0.5311592724861992,0.001692054292158957,0.0017035747376757246,0.00032721687502593834,0.00015610512192055603,2.1316879001962093e-06,0.0009837357675765773,0.00017182023951693717,0.00024118016533992723,0.019413241348483466,0.0004813367329549552,3.186214744030707e-07,0.08696720866882676,0.00016392362307275827,0.045729290695523846,6.048496007422408e-05,0.3081511710004895,0.0001587561667970969,1.9115677009861943e-06,0.0010087654159859029,0.0005462776039066023,7.203920737641148e-07
27,0.00027682891710958,2.6743934205111813e-07,0.0006487918388857888,0.5443940929173787,0.0018980371273540826,0.0019394545545680772,0.00032684834841359824,0.00016055880389848493,2.770765240316591e-06,0.0010821372806606054,0.0001658954724299619,0.00020414216793446572,0.021011467324079054,0.0004176139062763323,3.0075669120268976e-07,0.08125272779662752,0.0001977649742099906,0.047245328935124675,7.337556079178787e-05,0.296764001690008,0.00015638527465921954,2.1255109763746205e-06,0.0011611461147870259,0.0006170766131274731,8.599094255825939e-07
28,0.0002806631517068412,2.290935114598744e-07,0.0007092880110424322,0.5124557854957947,0.0019286607919527803,0.001893973618096821,0.0003399646543910731,0.0001504013520791115,2.5000792410430077e-06,0.0011073569011491391,0.0001602631632815375,0.0002038914110543436,0.022458543701839633,0.00043982545327844014,2.7948602902469426e-07,0.0870530350167317,0.00021680687955155097,0.04818191182887571,7.427489635803787e-05,0.320263851100023,0.00017413085285711584,1.9110793780014084e-06,0.0012257043971866635,0.0006759382731814839,8.093114084257227e-07
29,0.0002806631517068412,2.290935114598744e-07,0.0007092880110424322,0.5124557854957947,0.0019286607919527803,0.001893973618096821,0.0003399646543910731,0.0001504013520791115,2.5000792410430077e-06,0.0011073569011491391,0.0001602631632815375,0.0002038914110543436,0.022458543701839633,0.00043982545327844014,2.7948602902469426e-07,0.0870530350167317,0.00021680687955155097,0.04818191182887571,7.427489635803787e-05,0.320263851100023,0.00017413085285711584,1.9110793780014084e-06,0.0012257043971866635,0.0006759382731814839,8.093114084257227e-07
30,0.0002806631517068412,2.290935114598744e-07,0.0007092880110424322,0.5124557854957947,0.0019286607919527803,0.001893973618096821,0.0003399646543910731,0.0001504013520791115,2.5000792410430077e-06,0.0011073569011491391,0.0001602631632815375,0.0002038914110543436,0.022458543701839633,0.00043982545327844014,2.7948602902469426e-07,0.0870530350167317,0.00021680687955155097,0.04818191182887571,7.427489635803787e-05,0.320263851100023,0.00017413085285711584,1.9110793780014084e-06,0.0012257043971866635,0.0006759382731814839,8.093114084257227e-07
31,0.00024618154971946905,2.2628013347863676e-07,0.0005947357928471897,0.5323818658607944,0.002063111844340273,0.0020796322611831932,0.00035784145457863305,0.00011986184852051249,2.4964856820569207e-06,0.0010367589670390715,0.00015598378040150901,0.00019971318490041547,0.01838145089181755,0.0004454619089582901,2.5949507476722327e-07,0.0805723097827331,0.00020682946033076822,0.04775946082680677,6.47355597107921e-05,0.3112735849492226,0.0001700958891588795,1.9665961299795417e-06,0.0012734692626409955,0.0006110777809072529,8.882863681466953e-07
32,0.00029543692105736026,2.413853431952679e-07,0.0007384853065373688,0.508586673951948,0.002006577494929213,0.0019362029880515307,0.0003429293379481742,0.00015384178982813553,2.578873505862161e-06,0.001127004797383231,0.00016075972851819476,0.00020341512152396448,0.023510630178305982,0.00044473821042700587,2.8329780944373716e-07,0.0897156662982601,0.0002271450446645069,0.04983410416326759,8.13395021446655e-05,0.3185129040782481,0.00017692354599779957,1.979624732570995e-06,0.0012326487205529583,0.000706668420836213,8.212181787217106e-07
33,0.00020556604533779316,2.3355118516458581e-07,0.0008359000400190377,0.518285456056329,0.0021015423314835247,0.0015129722044873559,0.0002482688953563908,0.00013220205322205599,3.42869135589634e-06,0.001062523189185435,0.0002551512707849582,0.00020015007868464044,0.012332756179237568,0.00047327941647915217,4.346507990307297e-07,0.055780808070923046,0.00012297129395731038,0.027147534453923837,3.9362920114757233e-05,0.3772378606571163,0.00020027312718029884,1.3008955290065184e-06,0.0014852360053357527,0.00033373627735483274,1.0516446178846535e-06
34,0.00016496677345341498,2.3478975893010062e-07,0.0005790295939836346,0.5269543316674064,0.0016381067677586013,0.0024112741912849047,0.0003485053984889542,0.0001369771308075598,2.2214721995781515e-06,0.000969830683514922,0.0001316976100169972,0.00024324826420741796,0.017524915763116582,0.00035894120435095515,2.7702327784435664e-07,0.08518795495940672,0.00018988412718927135,0.04609329998790984,5.212067794256742e-05,0.3150050599602,0.00019917882900665935,2.271196491005642e-06,0.001195013606691554,0.0006098717670110302,7.865545247101081e-07
35,0.00040627361765757306,3.405068002317326e-07,0.0006967559338694509,0.5827569805469136,0.0018871687922479802,0.0018312349996688873,0.00029268551851833455,0.00021743033277128284,3.7145931834547884e-06,0.0011538293004248427,0.0001767352478112799,0.0001777606834523534,0.02614186987286868,0.00036138770908204337,3.134442457182514e-07,0.08593168543840538,0.00019269986714268614,0.046466469339786376,0.00010000553733446391,0.24939357259549533,0.00012373235449037468,2.257400306885786e-06,0.0010565970925820675,0.0006276767408196457,8.22534121055974e-07
36,0.0002763714660879663,1.922288820139903e-07,0.0005527062819091824,0.49740383047945635,0.0015569171636608077,0.0017187424019607632,0.0003897684065615627,0.00016648019568527605,2.1180054495745717e-06,0.001030736069142059,0.0001631820890272493,0.00026462609290653626,0.02389751529156374,0.0005531247972492445,2.925585732901876e-07,0.08933419379885177,0.0002232833736505491,0.057423044682214486,6.505196884286298e-05,0.322952697206587,0.00015211175495965278,2.0291361615503118e-06,0.0011473065135773688,0.0007228705313340258,8.075057052743864e-07
37,0.00013745414725146465,1.0479130332369838e-06,0.0008369908062549637,0.5953448527691984,0.0025013329562883443,0.005919707921924722,0.00019619852197569668,0.0005364656125763957,1.2935961824582384e-05,0.0022979227588300812,0.00016434452973865672,0.00021326717757767718,0.02398889268348305,8.813259016487276e-05,5.83555662751737e-07,0.07544626378780919,0.0001065326394373624,0.02649507229914708,0.00012829764309509132,0.26440298224201786,8.932797026838588e-05,4.761320435016074e-06,0.0007152712676354601,0.00037038020520022705,9.807191694993367e-07
38,0.0002719547607657437,2.2264934845534992e-07,0.0007027151688466416,0.47993780890006027,0.0019278983362507821,0.002276758959258537,0.00037821566257909684,0.0001484354896955917,2.36112855161138e-06,0.001022733449354946,0.00015320780958476393,0.00022837300558488136,0.024732165519733455,0.0004408037740487979,2.850975033194734e-07,0.10928384271498293,0.00023857836699160497,0.06004954502531672,8.3366027463238e-05,0.3158947362153775,0.0002083462307031756,2.0560303994405187e-06,0.00127199016048051,0.0007428851878754341,7.143292425297841e-07
39,0.0002647278746458584,2.400165244173058e-07,0.0007441773109828335,0.509009031483222,0.00188569175374302,0.0020459856578340795,0.00033145631096487174,0.00015405369080057757,2.4905651198651613e-06,0.001074582628842491,0.00015166332331673988,0.0002128753560249288,0.022627203860987606,0.00041392737415030934,2.8424849901153095e-07,0.09278294999019843,0.00021900438253912233,0.048992398453889294,7.64423182843202e-05,0.3168827993372316,0.00019292516024024277,2.0013150577122053e-06,0.0012403530451674887,0.0006919593854961675,7.751562369602421e-07
40,0.0001333227888159813,1.137737198657552e-07,0.00023001775520896785,0.6603301809841727,0.00040890824672067263,0.002388782138068804,0.00021683605068734024,0.00020155190066651731,2.0897046942747554e-06,0.0012206324343265085,7.419994130469974e-05,9.58698575447634e-05,0.019000528254410072,6.134057122692558e-05,1.3028611785776004e-07,0.09243124605482374,0.000153563534471694,0.04529540905016009,3.772277888914631e-05,0.176310199187432,8.947648256166182e-05,2.007674237661062e-06,0.0008339815684090025,0.00048164276901202247,2.4621231702509925e-07
41,0.00036711995806357434,1.5010863705537024e-07,0.0008884838391027482,0.37912194822933315,0.0018786965634681825,0.002280825747237142,0.0008251220610248037,0.0001361588582041034,1.7832094214024073e-06,0.0014846316541529663,0.00011708260952987543,0.00033121643460775214,0.02783831837626867,0.0007685319405590014,2.4522504894675876e-07,0.08877655469893407,0.0005522633732722036,0.04881361460434962,7.406972931196061e-05,0.4415001557963395,0.0003197682932744523,2.3876900283445275e-06,0.0019912860128056954,0.0019281213378894238,1.463649135498581e-06
42,0.00036695403831718255,1.4460994835502618e-07,0.0005967047650457912,0.4186678072791313,0.002600673838237702,0.0015197854698320056,0.00048175865002954244,0.00011202837625894459,2.2581298409067757e-06,0.0013210643622505215,0.00019194473134145614,0.00020245240885736357,0.02294694509251605,0.0008104602515007452,2.665036433360468e-07,0.06650118463654092,0.00027820623668734184,0.05263488371802667,6.047346442492528e-05,0.42807686780821463,0.00016791320588433267,1.3067889991415694e-06,0.0016347060610629358,0.0008219875562913548,1.222017116666286e-06
43,0.00025911444735388317,2.3353467893932164e-07,0.0007600588250598998,0.4968596181052949,0.0018921255221231224,0.0021763391853801706,0.00031276056901180223,0.0001562569348698904,2.519889089077854e-06,0.001225180180111771,0.00014660420339071935,0.00019956218850152973,0.024470319137984503,0.0003552926181363867,2.710374457335885e-07,0.09107574937113812,0.00023252940775121702,0.047913043916531235,7.86434328409986e-05,0.32970907742270494,0.0001997918937777455,1.997642634273899e-06,0.0012516860586738018,0.0007204955036864156,7.289718287226695e-07
44,0.0002806631517068412,2.290935114598744e-07,0.0007092880110424322,0.5124557854957947,0.0019286607919527803,0.001893973618096821,0.0003399646543910731,0.0001504013520791115,2.5000792410430077e-06,0.0011073569011491391,0.0001602631632815375,0.0002038914110543436,0.022458543701839633,0.00043982545327844014,2.7948602902469426e-07,0.0870530350167317,0.00021680687955155097,0.04818191182887571,7.427489635803787e-05,0.320263851100023,0.00017413085285711584,1.9110793780014084e-06,0.0012257043971866635,0.0006759382731814839,8.093114084257227e-07
45,0.0002806298645015055,2.2905458085276304e-07,0.0007097933568003944,0.5122428240665899,0.0019245751539451184,0.0018948919306582298,0.00034032081546636123,0.00015102569294592568,2.498740412505111e-06,0.0011084483148010207,0.00016019067424454886,0.0002041938521436409,0.022532798119142446,0.00043901837666807504,2.797264403199654e-07,0.08727189725802482,0.00021679386141769776,0.04820814007197054,7.435006271471079e-05,0.3201601969967939,0.00017404575694689216,1.91340136184993e-06,0.001223126335302138,0.0006770115661208512,8.069500058906815e-07
46,0.0003070097079312633,1.6934105651140601e-07,0.000640592221808601,0.5327480803302247,0.0014076810154185577,0.0018203278493248863,0.000348821927325813,0.00014002827158904836,1.9585734964627483e-06,0.0011990784427889465,0.0001314538204959487,0.0001881183932813165,0.02471489451421481,0.0003649718711419144,2.0043930090931495e-07,0.08720753945580989,0.00026976799771671336,0.04660060595623615,7.101372622591768e-05,0.2996627477758107,0.00016919900343052057,1.9363085198288316e-06,0.0012044959449282648,0.0007986136732411665,6.934386812250441e-07
47,0.000158559914259381,3.282382123402829e-07,0.0006553260395178209,0.49447770720708933,0.002527685107939624,0.0020240784774368365,0.0002789338310472054,0.00013312081718488237,3.1473348971653605e-06,0.0009698707136333978,0.0002087935894016889,0.00020639090203269616,0.013446118511398401,0.0004691945517544363,4.402042755097151e-07,0.05931366381563838,0.00014619990573471673,0.042684061060026084,4.9464144981930296e-05,0.3802681099819601,0.00019334488760210976,1.842022089013981e-06,0.0013656466736022633,0.00041686533906599695,1.1067292187222655e-06
48,0.00027226339079435973,2.26368944576418e-07,0.000700829662200308,0.5146594222909807,0.001917909883955709,0.001860818263000052,0.00033303364245078717,0.000147394166386134,2.493965250931175e-06,0.001083478797662956,0.00016350985672362433,0.0002038733498402602,0.021641906091860855,0.0004425533900136628,2.828729756774128e-07,0.08587947217434276,0.00020810335169382655,0.04752232783789246,7.129155424324752e-05,0.3208456838461909,0.00017336149862555737,1.865879995334657e-06,0.0012243761215800426,0.0006427167911090392,8.049512861864712e-07
49,0.00029209049329275783,2.2384925278528236e-07,0.000695530850824989,0.5126265026212293,0.0019415006087821294,0.0018271806394601511,0.000342627299202168,0.00014941585466741417,2.487331619786519e-06,0.0011048493907437251,0.00016372004179811568,0.0001991298303977851,0.02258470426144665,0.0004557991059845657,2.7853430458551125e-07,0.08657072768581674,0.0002180984711909329,0.04899302218181852,7.435410485329484e-05,0.31967819882066845,0.00016977027374431576,1.8528736545078462e-06,0.0012316681844475954,0.0006754527496148182,8.139411837850562e-07
50,0.00023456076989548678,2.717415630468023e-07,0.0007007372203449307,0.5261078372015453,0.0019157160213449016,0.002103724678471803,0.00028943585661098895,0.0001408650301771262,2.605780028605523e-06,0.0009559758270238199,0.000159875639414079,0.00020955051744912486,0.019144405537290164,0.0004024325213884202,3.109856774165595e-07,0.0884660078180338,0.00019574081845074104,0.05055062276638178,7.25691857937227e-05,0.30628736153996017,0.00020236109500586604,2.0553852788860287e-06,0.0012766889648655575,0.000577506935494884,7.80162509317063e-07
51,0.001013993362894177,1.2566189095267793e-08,0.0016661111029024783,0.05741470915056548,0.006390909147290524,0.0019085822192544605,0.0023932885851283155,5.803572795218654e-05,1.2863604533163334e-06,0.0028152039527306015,3.137164885794326e-05,0.00013922422659908901,0.12612922092170087,0.0010414878886365931,3.4594738827344e-08,0.16266070646275146,0.0012258914143821224,0.0386442809368375,0.0002048604487596059,0.5836882326999145,0.00021928374950625496,2.67904532051503e-07,0.0021183795739539075,0.010233978531644506,6.468218240912741e-07
52,0.0003520628364412901,5.021106190846841e-07,0.001402890965217535,0.5380347411228115,0.003583158214873748,0.0027148345529073854,0.0011075698750743848,8.76028258341627e-05,3.4456340241442402e-06,0.0005730036897976444,0.00011431529092864129,0.00025298918495290896,0.014209096060871233,0.0009737770749426042,2.9715639614696424e-07,0.1308765952212541,0.00045029632154705297,0.04103466188452482,0.000106124316585002,0.25936676059138036,0.00044745763649664663,3.2425274172811257e-06,0.0028717558814340197,0.0014301415334710466,2.6774901973830284e-06
53,0.0003904401128405042,3.3022090536644964e-07,0.000879262136742732,0.5402183177757978,0.002157076650501397,0.0021145904120313014,0.000317784686241305,0.00020243536945769853,3.0616862398556613e-06,0.0013250334843124777,0.00015428981408034282,0.00020301677995375708,0.028465837692055858,0.00040981551710388516,3.063776670477436e-07,0.095420099138784,0.00024075585091108234,0.04846348450092815,0.00011881330804914956,0.2768111006455502,0.0001684248106522226,2.44337519539787e-06,0.0010976714270962387,0.0008347745197441615,8.337071581766685e-07
54,0.00025840364244527253,1.5929293061807555e-07,0.0008041990076019385,0.454681262542592,0.0017654887331543133,0.0017254870987862838,0.00028490082314553506,0.00013771489159584654,2.1259353233151473e-06,0.0011746369723245424,0.0001502334151931329,0.0001824825571047897,0.026156776654456624,0.00036900849743089225,2.2328371613772118e-07,0.09251424054990567,0.00022098426779798336,0.04648050243127939,7.055766176044213e-05,0.37095371219189155,0.000184664565622845,1.4115281361465038e-06,0.0012231663754564304,0.0006570661193262617,5.909610221286128e-07
55,0.0002715242457506012,2.16839715911355e-07,0.0006718300722237647,0.5001974223708131,0.0019086150735850812,0.0019077790824588866,0.0003507187996264456,0.0001539766853611119,2.458565522577494e-06,0.001071756152261999,0.00015855451967336544,0.00022731623740518842,0.02304526384945896,0.0004707194876564285,2.8178227407180136e-07,0.0902262068549567,0.00020849816249697778,0.05027831915878712,7.101661503311844e-05,0.32672984366477154,0.0001687785176076259,1.8789748249663929e-06,0.0011996871866217114,0.0006765375205742953,7.995805385148755e-07
56,0.00028418259614304596,2.214170309113967e-07,0.0007068602365697815,0.5056885597180929,0.0018995287510256262,0.0018721101896075763,0.00033973690616723987,0.00015472365669468548,2.4796457144705848e-06,0.0011381824120505453,0.00015997955125477865,0.00020373917288572847,0.023659973440907246,0.0004338086230014326,2.7480797923898504e-07,0.08755577844483671,0.00021999229109314413,0.04878535568757642,7.485627919137487e-05,0.32475028594714866,0.00017000850112792876,1.883113455151597e-06,0.0012086699723296913,0.0006880178087190906,7.908293967861241e-07
57,0.00034094750231963573,2.448065761715235e-07,0.00034511398224105,0.674340807229466,0.0012496226999460672,0.001465766504934614,0.000298189036616403,0.00011903323870596175,2.2028164438324084e-06,0.0007277300363108679,0.00016667507135348348,0.00012652661322629325,0.013536461599405445,0.00039064899968487135,2.5345380618408104e-07,0.06572293334710294,0.00018385860154536708,0.05411354578171189,5.7755839260172594e-05,0.18507201361923975,0.00011992472246153364,2.018438559244927e-06,0.0011496389205572512,0.0004672865721606173,8.005663642998459e-07
58,0.00029316635519036673,2.3339641023901013e-07,0.0007350249002429442,0.49603446264404216,0.0019525830505923102,0.002009984671925006,0.00035743593097520396,0.00015821278891983524,2.490458903335375e-06,0.001177852760744188,0.0001528075417294018,0.00021514835317486592,0.024509347501495325,0.0004450956882274833,2.807568637617127e-07,0.09036866305565017,0.00024226374864934707,0.050539932347085655,8.047183779422842e-05,0.3284999976277052,0.00018541134272692132,2.042197148122877e-06,0.0012598440533167412,0.0007764170712180034,8.299192692600848e-07
59,0.00023440566576408633,2.297935585603605e-07,0.0003674142225578145,0.6627428254686556,0.0015992400520373072,0.0014584264910965086,0.00025273462568362666,0.00011070656836495846,2.5739146224558477e-06,0.000665248937563803,0.00019632569787460258,0.00015193244971590546,0.012118160338533636,0.0004124118052182334,2.6918562089817964e-07,0.06674985710526835,0.00010773474373391866,0.043945977674610295,4.6811181809075454e-05,0.2075182560266426,9.753535262732081e-05,1.5589628644015726e-06,0.0009347315489991497,0.00028391116545702083,7.21021120054664e-07
60,0.0002806631517068412,2.290935114598744e-07,0.0007092880110424322,0.5124557854957947,0.0019286607919527803,0.001893973618096821,0.0003399646543910731,0.0001504013520791115,2.5000792410430077e-06,0.0011073569011491391,0.0001602631632815375,0.0002038914110543436,0.022458543701839633,0.00043982545327844014,2.7948602902469426e-07,0.0870530350167317,0.00021680687955155097,0.04818191182887571,7.427489635803787e-05,0.320263851100023,0.00017413085285711584,1.9110793780014084e-06,0.0012257043971866635,0.0006759382731814839,8.093114084257227e-07
61,0.00020356412068247968,1.7937173306726348e-07,0.0003490956628212579,0.6283046639110309,0.001286611009715095,0.0013024830640502559,0.0002242146206486456,0.00012298098028766335,2.110737966746452e-06,0.0007403447513268252,0.0001748837315811581,0.00014364717351623074,0.014456555678917262,0.00033152632670340425,2.287128972700131e-07,0.06320055645008975,0.00011177660936210202,0.04449085522249973,4.077814231296826e-05,0.24325138132969643,8.873443791457382e-05,1.384885113987288e-06,0.0008664241409956733,0.0003044468668338583,5.720613026416622e-07
62,0.0002806631517068412,2.290935114598744e-07,0.0007092880110424322,0.5124557854957947,0.0019286607919527803,0.001893973618096821,0.0003399646543910731,0.0001504013520791115,2.5000792410430077e-06,0.0011073569011491391,0.0001602631632815375,0.0002038914110543436,0.022458543701839633,0.00043982545327844014,2.7948602902469426e-07,0.0870530350167317,0.00021680687955155097,0.04818191182887571,7.427489635803787e-05,0.320263851100023,0.00017413085285711584,1.9110793780014084e-06,0.0012257043971866635,0.0006759382731814839,8.093114084257227e-07
63,0.0002820255496385786,2.5686656629667756e-07,0.0007069215954954894,0.5203987262107285,0.001976699928484137,0.0019738138742147063,0.0003378606153982541,0.00015307404817251579,2.6488325704833824e-06,0.0010911952400700742,0.00016414982732190715,0.00020569367515666832,0.021829778818578005,0.0004399461461577271,2.9999426357172197e-07,0.08653830426801515,0.00021852259629111652,0.04964176060151856,7.736444658162459e-05,0.3118560683757618,0.00017971795083374749,2.06283122074989e-06,0.0012520389332919258,0.0006702153145780195,8.53459090524184e-07
64,0.000265187231072024,2.3008603033515692e-07,0.0007652592772808658,0.4943898509135899,0.001956344655144476,0.002018641655528442,0.00034043731244654896,0.000144274992624084,2.476458097718181e-06,0.0010959155990738672,0.00015825321408061342,0.0002159747217790156,0.02209830985392223,0.0004455058197699172,2.9027170500086425e-07,0.0913378539674041,0.00022964982342124407,0.04899983389488921,7.470471810937292e-05,0.3332220605726543,0.00020675201803745224,1.9397927473708654e-06,0.0013310984754949745,0.0006983391827347455,8.154923624206204e-07
65,0.001108930873070059,1.1292892766950677e-07,0.0010996857285579436,0.5447228757195668,0.002088370667126556,0.0009719685757265758,0.00042993934073099155,0.00031695295420414784,3.2626220278142327e-06,0.0026255634119699742,0.00024043308126156572,0.00015303247255361887,0.06598679365115492,0.00049314336146662,1.743263276311409e-07,0.11806324849089853,0.00016261984879717677,0.02505710495109884,0.00014364790352381577,0.23505171870364022,4.334272032556674e-05,1.0658541727611023e-06,0.0004895356378155219,0.0007460245671154099,4.516079393768142e-07
66,0.00034958124013822133,1.0793364265974649e-07,0.0010664471370543712,0.3697061207436563,0.002921454936611092,0.0015460697328693877,0.0004106049726301822,0.00011775418988879811,2.266716513263476e-06,0.0016602483475659838,0.00013665013105017545,0.0001350741050926549,0.03989039383669404,0.00039238212308721385,1.3554636091168144e-07,0.0916018405892527,0.0002649789709343278,0.03510077938592925,8.996005092431584e-05,0.45246234035655464,0.0001302231177362261,9.441066368184155e-07,0.001137935924656683,0.0008750699167995496,6.358877202290163e-07
67,0.00025409179014056936,2.2815064162692396e-07,0.0006851080932823687,0.5042687949176411,0.0018468455031541064,0.0019789922495434898,0.0003432593010322758,0.0001415675703892496,2.366633917299312e-06,0.0010420559053090465,0.00015283839208420424,0.00020868215843015318,0.02102820745873871,0.0004342284349854629,2.7974292177940933e-07,0.08561152736149942,0.00022805315088761597,0.05033986645992957,6.952910863830955e-05,0.32916323001404635,0.00019405378940395604,1.971244687227716e-06,0.0013149785742302249,0.000688411542903514,8.32451562363772e-07
68,0.0012168531475270836,1.9305353032906983e-07,0.0006554820824786065,0.6526933390312065,0.0026913375014943697,0.0005870712765624984,0.00032503189913930423,0.00012901224118464698,3.266674418340439e-06,0.0012924934131840092,0.00024999054883847083,5.953534066473803e-05,0.033621072596626424,0.0005911570855789692,1.4281861278883437e-07,0.08431321853918101,0.00020710045101460296,0.03997899531939586,0.00017258409096342737,0.17991040158051502,3.519958236017337e-05,1.1279854965159768e-06,0.0007126792609109321,0.0005520262791330505,6.88199982501918e-07
69,0.0011641250097409717,5.068871499116997e-07,0.0014622814098145312,0.5033228655602863,0.004036417184740381,0.0031260944547106804,0.001111392964225527,0.0002788931905238894,3.8100656449571024e-06,0.001567227240087522,7.715008620254683e-05,0.00029233735055974935,0.055964573348259355,0.0007648078331837097,2.0790797721717772e-07,0.23595998386372777,0.0004478745631465569,0.0420330759444524,0.000410793554841343,0.14379409173079877,0.00013909015970084505,4.566072412121814e-06,0.0007834842922863473,0.003253149666711112,1.1996588155740517e-06
70,0.0014810161874003376,4.789896506023919e-07,0.0008399060080718246,0.34382646014967716,0.004590188361543215,0.002521857061597202,0.0008901773623674832,0.0002192867427874019,3.6594499226868778e-06,0.0018852714394907992,0.0001723174341852513,0.00030861141853722477,0.05040634819442986,0.0019317642948475787,5.11255206971153e-07,0.101554725562307,0.0011882082038007153,0.13581109751345402,0.0003331683681818101,0.34496639036728993,0.0003130572122458796,4.03841511680366e-06,0.002675391440956213,0.0040730499692877495,3.0185976443151713e-06
71,0.0002191428866524893,4.6339605812524994e-07,0.0008314376260758848,0.5924816474220689,0.0015782946638376474,0.0019597972798904868,0.000153081431894641,0.000141823982994225,2.521153986367334e-06,0.0006319220656778399,0.00017335667459061638,0.0002327453006229848,0.01359751935898538,0.0004125514268067196,4.7658391317947564e-07,0.10182502870395921,0.00015506671013862904,0.06028484253205777,9.394927038798733e-05,0.22328769147353436,0.0002963575809682968,2.606333227351241e-06,0.0012267391994099557,0.0004102941649928415,6.427772681684446e-07
72,0.00019610862702259908,1.1467532905526868e-07,0.0006716882949571439,0.4239268957392274,0.0014913817972790266,0.0020631101566850273,0.0004418610896468446,0.00016272333525630797,1.5914539700895975e-06,0.000935248645530384,0.00010329940615439229,0.000227855063236338,0.033521512601995804,0.00033293361169022955,1.6654579920555007e-07,0.14812350567910268,0.00019644757135946816,0.05142864568305774,6.260560611683477e-05,0.33427657288012735,0.00015528674015394747,1.3511146383357302e-06,0.0008819490897222717,0.0007967514179843677,3.931739571875416e-07
