,0,1,2,3,4,5,6,7,8,9,10,11,12,13,14,15,16,17,18,19,20,21,22,23,24
0,0.0003706213335109787,0.00017204510190182252,0.00012782772435140905,0.049387708696522016,1.0909898243249599e-05,7.996794034740817e-06,0.004809210207908723,0.037764591718978696,9.128226638321377e-08,0.035868800484696414,3.716409811715628e-06,0.0009359580257850234,0.00045581320986952574,6.027043933945219e-05,4.449359126160839e-08,0.07919433123894574,0.00017367622097150904,0.016455013721001763,3.083883108972517e-05,0.766811963770742,0.00011692571419819686,0.0006612158228733134,0.005195364345918161,0.0013095037110514784,7.556080239672749e-05
1,0.00018376953127776003,4.121872767401486e-05,0.00015165079820070055,0.007030023534785503,5.122389165616652e-06,8.456253105723145e-06,0.0041547952361287955,0.015146781826564181,1.6789445054475029e-07,0.009537680493655967,3.685358807065429e-06,0.0005100021076518284,0.0004829135962075872,1.55304093373835e-05,2.7850321935243466e-08,0.06383099750686148,3.1734714730806736e-05,0.0033307197951142013,1.8087809381115293e-05,0.8939754928220649,1.2068108850906784e-05,0.00019809338711750495,0.0008044734733260505,0.0005169792758494948,9.527099369122569e-06
2,0.00033067301372666815,3.357572751795212e-05,0.0004280228373320654,0.017785894463394177,1.015687681439504e-05,5.783393646563475e-06,0.0044978776915292114,0.03402808345621597,1.8643380875952717e-07,0.008682478053509142,1.0017364642865298e-05,0.0015814370956206236,0.0006141600579204248,1.3932233138694515e-05,6.614397945654666e-09,0.01969084252123011,3.3966359778990704e-05,0.015404156331839274,1.552577174937495e-05,0.8949681959397322,2.3180811813721523e-05,8.560897638824507e-05,0.0003373602836014652,0.0014045494359147246,1.432825473651296e-05
3,0.00020099105640654887,4.55749065141782e-05,0.00015058738699468533,0.008159225424002915,5.4570574400212855e-06,8.215460103448764e-06,0.004242388354450626,0.015237663446915097,1.4176582195304644e-07,0.009129761931172455,4.035792511536781e-06,0.00055321647586392,0.0005497852252147271,1.6566242117825135e-05,2.6325085484541568e-08,0.056173247463886036,3.733435039781644e-05,0.004185672544152587,1.583895300754982e-05,0.8994710354776002,1.2290529064605772e-05,0.00020323839400106055,0.0009712899459480449,0.0006164268432221544,9.988648104763113e-06
4,0.0001948097923321709,4.564309411474542e-05,0.00014982873755550069,0.007981139467516262,5.512269819334921e-06,8.36518498027416e-06,0.00422741373798453,0.014594544484275376,1.425113088810585e-07,0.00880227138934003,4.091464558616025e-06,0.0005488565234676904,0.000575136505440273,1.708034001894379e-05,2.6511743350965293e-08,0.05476720740324167,3.5866689991390546e-05,0.004036836273796249,1.565341245025508e-05,0.9022069624002147,1.1694908834923673e-05,0.00020079530467160343,0.0009663766914852382,0.0005941998252308078,9.545075627305495e-06
5,0.0001890039055672111,4.546523100205666e-05,0.00013949030050604107,0.008823242499485634,5.2529341133685725e-06,7.70709818760082e-06,0.004094708929433345,0.015051467893462366,1.2347927395073482e-07,0.008988736799117374,4.00384146147877e-06,0.0005283763736316475,0.0005409841291774415,1.588026975968252e-05,2.3589630095814e-08,0.051464507640137734,3.726472218172957e-05,0.00448320281007649,1.4162805348574549e-05,0.9037006176899752,1.2384294689110843e-05,0.00019103707821777052,0.0010225633753296146,0.0006299539276325073,9.83838260173896e-06
6,0.00020099105640654887,4.55749065141782e-05,0.00015058738699468533,0.008159225424002915,5.4570574400212855e-06,8.215460103448764e-06,0.004242388354450626,0.015237663446915097,1.4176582195304644e-07,0.009129761931172455,4.035792511536781e-06,0.00055321647586392,0.0005497852252147271,1.6566242117825135e-05,2.6325085484541568e-08,0.056173247463886036,3.733435039781644e-05,0.004185672544152587,1.583895300754982e-05,0.8994710354776002,1.2290529064605772e-05,0.00020323839400106055,0.0009712899459480449,0.0006164268432221544,9.988648104763113e-06
7,0.00022809320811233055,4.975807560184084e-05,0.00016807797352809138,0.00973865761800424,7.731942199469538e-06,1.03964435980344e-05,0.004342742273181074,0.01768765537997051,1.49144503407821e-07,0.011773171227675072,4.128308110491202e-06,0.0006828356202740995,0.0005185816206200121,2.1900820575978362e-05,3.452843566235586e-08,0.0800933321075181,4.722623973990302e-05,0.004531444997845428,2.085149451414463e-05,0.86780335993814,1.7956595902130455e-05,0.0002610475094031565,0.0013143039272114853,0.0006637683730567186,1.2794632278731928e-05
8,0.0002031888026294828,4.475835386259669e-05,0.0001482764972850497,0.007335751636221192,5.6476059647897066e-06,9.764664340642848e-06,0.004190259009884639,0.014067732314027448,1.53611224552264e-07,0.008899814499839379,4.640400636505029e-06,0.0006091592962854931,0.0005647826105020382,1.6546424406517214e-05,2.702010411295019e-08,0.05633336375462997,3.568777289174257e-05,0.004504696002941741,1.6815901572425468e-05,0.9013187245359177,1.2203592038805555e-05,0.0002171157730126536,0.0008919245447375303,0.0005599722624157426,8.993112627457984e-06
9,0.00021295523252586485,4.6745649459258244e-05,0.00014509213523738679,0.008010719555637143,5.975330758656192e-06,1.018762236491191e-05,0.004332124015574708,0.0147092675654285,1.4760865442289676e-07,0.009796032005299223,4.493704907027221e-06,0.0006157573018929183,0.0005453890906701668,1.799477265522268e-05,2.945320093120554e-08,0.0642998114661086,3.870804449316136e-05,0.004556054886163895,1.7913916636140797e-05,0.8907439980738137,1.3761803194198467e-05,0.00023361119313103024,0.001056238237371309,0.0005769984716890111,9.992863132809524e-06
10,0.00020099105640654887,4.55749065141782e-05,0.00015058738699468533,0.008159225424002915,5.4570574400212855e-06,8.215460103448764e-06,0.004242388354450626,0.015237663446915097,1.4176582195304644e-07,0.009129761931172455,4.035792511536781e-06,0.00055321647586392,0.0005497852252147271,1.6566242117825135e-05,2.6325085484541568e-08,0.056173247463886036,3.733435039781644e-05,0.004185672544152587,1.583895300754982e-05,0.8994710354776002,1.2290529064605772e-05,0.00020323839400106055,0.0009712899459480449,0.0006164268432221544,9.988648104763113e-06
11,0.0001974538784256342,4.5884951220967204e-05,0.00014812946615008228,0.008041097909329832,5.307342686999688e-06,8.016260947441436e-06,0.004218075400041397,0.01496910608759744,1.4098556295513065e-07,0.008882637487115956,4.056482680736316e-06,0.0005438931375094486,0.000566047728873098,1.626942092584788e-05,2.580789591173226e-08,0.05346352985906053,3.694390922730308e-05,0.004176134654682457,1.538752072041733e-05,0.9028745601906596,1.1797890941071255e-05,0.00020032915699050814,0.000950845197187072,0.0006146188141524944,9.710459414628527e-06
12,0.00016021348479327145,2.512708527493671e-05,0.00016196965445098603,0.005582486401254155,2.5680431225378458e-06,4.326146582707157e-06,0.004151980591581389,0.01842243193685514,2.2597665175326075e-07,0.006691449057738022,2.980021733160753e-06,0.00033817155655713925,0.00036644903730741294,7.304664766087178e-06,1.822092353097329e-08,0.04014608899341591,2.2150431874081527e-05,0.0021962125073721824,1.4822713039432508e-05,0.9207531860134495,8.177050410283581e-06,0.00010138334121689018,0.00035225649483449056,0.0004803191169510179,7.701457844009729e-06
13,0.00020775560786275731,4.156954631293826e-05,0.0001782827611243467,0.008268331493270373,6.078338116730532e-06,8.034860438441332e-06,0.004088519390315508,0.015199361226246636,1.5843620805024286e-07,0.007711957940167828,4.4893092684443235e-06,0.0007169883489342278,0.0005949836567761771,2.0564867508227768e-05,2.6677806265677757e-08,0.054895516849463116,3.739046829859382e-05,0.0037474854894700557,1.892879670305008e-05,0.9026647473364006,1.2796801218320625e-05,0.0001967729725754466,0.000861775340092833,0.0005074654677652354,1.0018017655864819e-05
14,0.0003853034279576678,4.0700900531511936e-05,0.0002617718570808901,0.00991148370665033,6.214822145312957e-06,7.936382094330927e-06,0.005565061126673949,0.017597928952330408,1.669620309396589e-07,0.007071684229782609,4.506338920003435e-06,0.0009677117112606806,0.0005252632667291737,2.692828227332099e-05,3.513674826604942e-08,0.07333429910524215,5.65858572017621e-05,0.004177896245867793,2.0886260580778255e-05,0.8778097369744674,1.5857064815985476e-05,0.0002329392760671933,0.0012976385477836308,0.0006651987364789868,1.6264828285152253e-05
15,0.00020099105640654887,4.55749065141782e-05,0.00015058738699468533,0.008159225424002915,5.4570574400212855e-06,8.215460103448764e-06,0.004242388354450626,0.015237663446915097,1.4176582195304644e-07,0.009129761931172455,4.035792511536781e-06,0.00055321647586392,0.0005497852252147271,1.6566242117825135e-05,2.6325085484541568e-08,0.056173247463886036,3.733435039781644e-05,0.004185672544152587,1.583895300754982e-05,0.8994710354776002,1.2290529064605772e-05,0.00020323839400106055,0.0009712899459480449,0.0006164268432221544,9.988648104763113e-06
16,0.00022447361088931192,4.456935738924545e-05,0.00019386407671296988,0.007482727524783464,6.415233947542967e-06,8.436395201696176e-06,0.004441363062036945,0.015199362715444021,1.6250570810299954e-07,0.007638488100494132,4.432592448053797e-06,0.0006271777284674261,0.0006761482835765093,1.77762484869445e-05,3.0233767026832455e-08,0.05482709663225604,4.201198787979538e-05,0.003960434153701693,1.5832820114155823e-05,0.9026384655594781,1.0078731588455729e-05,0.00020217629317351282,0.001011859688765064,0.0007170425817253172,9.573881964706603e-06
17,0.00019495026846196853,4.589145101919412e-05,0.0001423884812528702,0.009261544610044614,5.021822325284771e-06,7.160613845620105e-06,0.004107876589951033,0.01390909644739511,1.1303940987706937e-07,0.007940263212207118,3.968963635735258e-06,0.0005637266401336285,0.0005654830155326985,1.8152509507416592e-05,2.1734000708676674e-08,0.04733206729880074,3.578087860552675e-05,0.004461851883294217,1.3435768545394618e-05,0.9095439412333549,1.1814156477228013e-05,0.00018491391378818958,0.0010603974417157447,0.0005799147601773316,1.022326651808694e-05
18,0.00019377106477242654,4.398849106842449e-05,0.00014952394366193563,0.008071625203456436,5.475771079902497e-06,8.29537179668988e-06,0.004193560460846299,0.015075311042714883,1.4148064169811033e-07,0.00901266453055527,4.015774704932973e-06,0.0005427734687960436,0.0005399136071598871,1.6466132021378816e-05,2.5979141330038397e-08,0.056640426654411095,3.555556676558906e-05,0.0040312005935210565,1.581751206802303e-05,0.8996513295549304,1.2106077538125831e-05,0.00019647401551229027,0.0009559362071621747,0.0005939531694761857,9.648326197584782e-06
19,0.00016571938120645417,4.186821838907892e-05,0.0001608512194027946,0.00792003995578175,5.820821485860053e-06,7.49557795124252e-06,0.0037619811323889108,0.015271823842933326,1.439055578969192e-07,0.008623943948400688,3.774829223250473e-06,0.000570185961502368,0.0005754311581107637,1.6835816423352735e-05,2.358501837611763e-08,0.04986128445870913,3.4132434726865825e-05,0.0036853239321719944,1.5433184340971964e-05,0.9076862641011672,1.120554387714396e-05,0.00019130572354438054,0.0008253569010795624,0.0005548143737873966,8.939992819208678e-06
20,0.0001820604891276517,4.8157800480859684e-05,0.00014399256159530258,0.008210117999955654,5.581561829120928e-06,7.183589781946087e-06,0.003944485606492907,0.017399792430301438,1.4333738485047285e-07,0.009979506268854944,3.48831998987277e-06,0.0005201947046892734,0.0005741088159892798,1.5980495012406214e-05,2.675890380498733e-08,0.0534783448598921,4.25184392688362e-05,0.004008027497216786,1.6441534110703294e-05,0.8995647974395917,1.222727290269907e-05,0.0002353169549837464,0.0009507914644133403,0.0006471027726049895,9.611024625602117e-06
21,0.0002221473783582794,5.18737567772911e-05,0.00017153687914057785,0.008968732532942489,6.484087558811231e-06,8.16673221122219e-06,0.004325008418753142,0.01881056213792947,1.6112339512203067e-07,0.010225545673941664,4.14714259254819e-06,0.0005762526944468926,0.0005671721012960806,1.7508945241992103e-05,2.995439631477959e-08,0.056356715323008934,4.8221283857246354e-05,0.004772798137842382,1.807192266202676e-05,0.8927598583581432,1.4307817456563325e-05,0.0002468465799165151,0.0010447674231485596,0.0007714889699197326,1.1594625062591843e-05
22,0.00019721418529463296,4.453665382832948e-05,0.00014817890842055197,0.008007987041144252,5.276254169677096e-06,8.734684957017054e-06,0.004197897823350184,0.014304527344429394,1.3988365931234246e-07,0.00890597552744777,4.209429902997448e-06,0.0005343906433543036,0.00048288948413839096,1.6697154072560343e-05,2.6722381125740137e-08,0.057747359979009316,3.5464767023022365e-05,0.004244035798418516,1.5740703103488627e-05,0.8993543302769275,1.3295767509672573e-05,0.00020549874342003916,0.0009459074663801464,0.0005695227229955391,1.0162034662372597e-05
23,0.00020099105640654887,4.55749065141782e-05,0.00015058738699468533,0.008159225424002915,5.4570574400212855e-06,8.215460103448764e-06,0.004242388354450626,0.015237663446915097,1.4176582195304644e-07,0.009129761931172455,4.035792511536781e-06,0.00055321647586392,0.0005497852252147271,1.6566242117825135e-05,2.6325085484541568e-08,0.056173247463886036,3.733435039781644e-05,0.004185672544152587,1.583895300754982e-05,0.8994710354776002,1.2290529064605772e-05,0.00020323839400106055,0.0009712899459480449,0.0006164268432221544,9.988648104763113e-06
24,0.00020822171754781131,4.608212087492555e-05,0.00015427574912864244,0.00803399265449996,5.497540599483614e-06,8.373273008728545e-06,0.004334275183769452,0.01545535489977667,1.4787464696851865e-07,0.009261951132892568,4.074368014189442e-06,0.0005577609443457438,0.0005506441968009048,1.6507689935122545e-05,2.755779936411116e-08,0.05783840314202603,3.836998412457832e-05,0.0041988093439762845,1.620266852930443e-05,0.8974275137739813,1.2436065969347656e-05,0.00020831056391258277,0.0009770117077527098,0.0006355499036130123,1.0205942474482502e-05
25,0.00016795476968925647,3.813550153007426e-05,0.00013492015479343563,0.008375913481114512,4.365838088443973e-06,5.762229707343724e-06,0.0038879922329716136,0.015809771183895666,1.1795529270491824e-07,0.007493242244456547,3.710815321374046e-06,0.0004892810624516722,0.0005329135900922806,1.3655493614470132e-05,1.812150866185662e-08,0.04115806844965735,3.3070476243073955e-05,0.003892332171799772,1.3266528702722991e-05,0.9164261268148738,1.024606237750984e-05,0.00015938198336256604,0.0007822105947447632,0.0005594870470278518,8.05519668284054e-06
26,0.000242340015510646,5.1375603958244306e-05,0.00016631052722019228,0.008196968219530485,5.00619377144782e-06,6.823896624172582e-06,0.004642607004181623,0.017577041002530117,1.5617302786232022e-07,0.008883130268063467,4.2063209292247135e-06,0.0005349639458726444,0.0006323035519487009,1.3769175638715628e-05,2.694712994245652e-08,0.04584021736481469,4.8891226502837675e-05,0.00498963846611099,1.4347745529333587e-05,0.9060784976741181,1.1338570714596378e-05,0.00021198593292992907,0.0009413448740641573,0.0008959276089516439,1.078169032636395e-05
27,0.00019466271781227947,4.5720472456811123e-05,0.00015021272418366363,0.007188131680809601,4.814205665898983e-06,7.933660266807869e-06,0.00419858238607022,0.015495651265159775,1.6094092689656096e-07,0.009507511251485742,3.6053232611611743e-06,0.0004849290472518409,0.0004927291530348026,1.485664169987117e-05,2.8432812392925307e-08,0.05726457801516294,3.624339430569551e-05,0.0038078542553831958,1.5976197950861602e-05,0.8993831557230804,1.1857551211865153e-05,0.00021992217389036343,0.0008595047865935578,0.0006011941278747148,1.0183871648678266e-05
28,0.00020099105640654887,4.55749065141782e-05,0.00015058738699468533,0.008159225424002915,5.4570574400212855e-06,8.215460103448764e-06,0.004242388354450626,0.015237663446915097,1.4176582195304644e-07,0.009129761931172455,4.035792511536781e-06,0.00055321647586392,0.0005497852252147271,1.6566242117825135e-05,2.6325085484541568e-08,0.056173247463886036,3.733435039781644e-05,0.004185672544152587,1.583895300754982e-05,0.8994710354776002,1.2290529064605772e-05,0.00020323839400106055,0.0009712899459480449,0.0006164268432221544,9.988648104763113e-06
29,0.00020099105640654887,4.55749065141782e-05,0.00015058738699468533,0.008159225424002915,5.4570574400212855e-06,8.215460103448764e-06,0.004242388354450626,0.015237663446915097,1.4176582195304644e-07,0.009129761931172455,4.035792511536781e-06,0.00055321647586392,0.0005497852252147271,1.6566242117825135e-05,2.6325085484541568e-08,0.056173247463886036,3.733435039781644e-05,0.004185672544152587,1.583895300754982e-05,0.8994710354776002,1.2290529064605772e-05,0.00020323839400106055,0.0009712899459480449,0.0006164268432221544,9.988648104763113e-06
30,0.00020099105640654887,4.55749065141782e-05,0.00015058738699468533,0.008159225424002915,5.4570574400212855e-06,8.215460103448764e-06,0.004242388354450626,0.015237663446915097,1.4176582195304644e-07,0.009129761931172455,4.035792511536781e-06,0.00055321647586392,0.0005497852252147271,1.6566242117825135e-05,2.6325085484541568e-08,0.056173247463886036,3.733435039781644e-05,0.004185672544152587,1.583895300754982e-05,0.8994710354776002,1.2290529064605772e-05,0.00020323839400106055,0.0009712899459480449,0.0006164268432221544,9.988648104763113e-06
31,0.00021042905138634512,4.516014450807758e-05,0.00014613443685506096,0.007949550644922372,5.805741591293923e-06,1.0370810332820216e-05,0.004519674699325627,0.014076871956015577,1.4837412353402224e-07,0.009565416955284638,4.519685631516489e-06,0.0005760522237119132,0.0005321109604878778,1.782132728069633e-05,3.173163044247827e-08,0.06783224758176246,3.736299292134352e-05,0.004164405289204619,1.7101542551440133e-05,0.8883528357923571,1.3611226558034905e-05,0.00021685258121042185,0.0011134552101867306,0.0005819541458868265,1.0074894273118783e-05
32,0.00020429163354440539,4.600697839376063e-05,0.00015246781297882558,0.008026867520894224,5.511529770231651e-06,8.34142565038169e-06,0.004255520950738231,0.015505336808448237,1.4934095286557442e-07,0.009331896272075473,4.0028324971331795e-06,0.0005586406364791154,0.0005457019158959392,1.6803792192041293e-05,2.7387959994053363e-08,0.05805798382510749,3.786986579998455e-05,0.00409761180324974,1.687365258971245e-05,0.8973353947421479,1.2551156408045633e-05,0.00021131597685180862,0.0009537526685648545,0.0006049051923218744,1.017427848772233e-05
33,0.00019881924085072712,4.743788491239389e-05,0.0001448762279147712,0.008135241376144298,5.5861185808684085e-06,8.219251812813022e-06,0.004185884586513195,0.015114175880442742,1.3542506772363643e-07,0.009217967757952007,3.983144633444348e-06,0.0005537092790296997,0.0005745885556073198,1.704074829521658e-05,2.6135124967178898e-08,0.055577955915241804,3.8419231910534477e-05,0.004277884244154434,1.5881990082441528e-05,0.9000292156803582,1.1997633821815472e-05,0.0002162144553035392,0.0009988900372100323,0.0006162313854823023,9.61781355276187e-06
34,0.0001461863855068385,4.2130756671153745e-05,0.00012297933540672494,0.009503616160507352,5.663313493138913e-06,7.533053689313424e-06,0.0036137795954787793,0.01411268580629927,9.16921402641027e-08,0.008967608762536236,3.7963899339273236e-06,0.0005081286020301819,0.0005185100066752082,1.6411399371174812e-05,2.0447974566026896e-08,0.050869075563783,3.571755996946472e-05,0.004377312538016259,1.2166594930761492e-05,0.9051922532778583,1.2221086015909843e-05,0.00018417753138936333,0.0011640888641772608,0.0005753980187807959,8.447257364931913e-06
35,0.0002117643569159289,4.7139214491927445e-05,0.000151669863380569,0.008320803798795292,5.201945303313625e-06,7.696305465444066e-06,0.004314121771435342,0.01639753080012625,1.492497931365676e-07,0.009479641428954662,3.971378151778515e-06,0.0005528587294889579,0.0005476051735488185,1.5764460646579766e-05,2.5649639066613178e-08,0.05345122276672791,3.941192332797395e-05,0.004397845319880993,1.641135187446066e-05,0.9002427712798413,1.268488749909179e-05,0.00020848974491599747,0.000916260018649175,0.0006483768300447234,1.0581751101460398e-05
36,0.0001190003289355734,3.214648338659403e-05,7.673078596281644e-05,0.007081905315530226,2.791552222504604e-06,1.0073272531969658e-05,0.004176206518613348,0.007792288647621847,7.383679459669871e-08,0.006603262476744259,4.515429778378851e-06,0.0002479566695730075,0.00030185756550903613,1.048480596402221e-05,1.5124056225919362e-08,0.043279227599817165,1.372254841494797e-05,0.004659037001849856,6.682286756657228e-06,0.9240787934968819,9.288151592110995e-06,0.0001119161350997567,0.0009785462675063535,0.0003976610473893411,5.816651467422906e-06
37,1.90618225466669e-05,2.6245069474055568e-05,5.361297665484789e-05,0.010353449599359335,7.560053501121594e-06,1.044200066323251e-05,0.0017739847071110593,0.028110970907780822,1.657209930541015e-07,0.032424420407673946,2.177843550892818e-06,0.0002060732064253464,0.00029050131648586684,7.006622280247369e-06,2.3951854106263448e-08,0.06673510698647879,2.183576996341226e-05,0.0019450237128405105,1.7320121294285285e-05,0.8563788688002386,2.2210841664826612e-05,0.00016106183243207856,0.0011039450532516553,0.0003235963444892143,5.334330991767264e-06
38,0.00022904648607849245,4.425991595104314e-05,0.00013282123765184106,0.006626151091758211,5.012714622447982e-06,1.2025683916187473e-05,0.005002844439179197,0.012040828400731026,1.493817074371117e-07,0.009268206910720592,4.545176161237989e-06,0.0005114769484943214,0.0004885560547642496,1.6766321857036267e-05,3.346511218588932e-08,0.07754146640437641,3.1171127078738534e-05,0.003970969699564994,1.6618403851913383e-05,0.882187432407398,1.2101875650972831e-05,0.00021599551027039904,0.0010961507906751121,0.0005361425080258973,9.227044401977812e-06
39,0.00018763328125370445,4.138078172250705e-05,0.00015266739251087186,0.008195691222002274,5.501756841654882e-06,8.183822189472564e-06,0.00408361898048225,0.015586165920935507,1.43938969382366e-07,0.009084330091655197,3.958758099335714e-06,0.0005558312594733059,0.0005026700780196687,1.632558296683705e-05,2.551902867925992e-08,0.057838753775214226,3.513869933337708e-05,0.003919998086287881,1.630805964576537e-05,0.8980683443951984,1.2890513063053497e-05,0.00019273769471864314,0.0009158887846947884,0.0005660376955314728,9.773910161345e-06
40,0.00012624523453529758,3.7697000890197375e-05,0.00010834288085146225,0.008652115808351901,4.421111022281603e-06,5.993183999271771e-06,0.003591594286177338,0.016960338025454047,1.0859201802274618e-07,0.010094676019005686,3.2764691012919015e-06,0.0003719667136431148,0.0005046474872446288,9.762227346398545e-06,1.840850500705613e-08,0.04547086080977777,3.297312259769834e-05,0.0037831902477637163,1.1475762043292974e-05,0.9084994454041602,1.0443672444893554e-05,0.00014130666583679055,0.0009011677534261226,0.0006704750475977043,7.458066205761522e-06
41,0.00019029268852002845,4.350934867209836e-05,0.00019334330366613188,0.007848946436982212,7.057770265030732e-06,9.458087241388762e-06,0.00415375932048822,0.017165314620374215,1.9092113720954082e-07,0.010157237015874055,3.809534501429438e-06,0.0005343352577431021,0.0004971480151649411,1.8454800822340187e-05,3.470777198817778e-08,0.07192563734671688,3.455454925566141e-05,0.003265477028336422,1.9134038356067203e-05,0.8821448909028634,1.381970836753969e-05,0.0002007171645243771,0.0009310528225625193,0.0006307056602274366,1.1118949565174137e-05
42,0.00026666770479388704,5.868607436786337e-05,0.00016874315591899292,0.010830298432717,6.968908396169701e-06,1.0767145065481797e-05,0.004922225639302634,0.012259845331010471,1.198866789235279e-07,0.008231853248832162,6.262426104327657e-06,0.0007761629203012138,0.0008615267541434606,2.186725051904671e-05,2.5119778194167018e-08,0.04573898292289783,3.905557225689397e-05,0.006720089194970001,1.2206423374069126e-05,0.9066137303260878,1.2231768101920579e-05,0.00016135648015604007,0.0014271449466360605,0.0008408746729864798,1.2307694602955493e-05
43,0.00021489814529456153,4.50339479870513e-05,0.00015946150082212022,0.008127502030178972,5.221405547292385e-06,7.719330394871645e-06,0.004342041175535635,0.014593532415912673,1.3865347545812793e-07,0.008067060419607202,4.164680303741096e-06,0.0005783188227114493,0.0005787820186385774,1.6920201800368968e-05,2.4947611224758536e-08,0.051538820486970637,3.725098627519486e-05,0.004249695954468898,1.4952919082933539e-05,0.9056300334429909,1.1301671916665616e-05,0.0001913695501076103,0.0009516428526121102,0.0006240852500226093,1.0027189731365927e-05
44,0.00020099105640654887,4.55749065141782e-05,0.00015058738699468533,0.008159225424002915,5.4570574400212855e-06,8.215460103448764e-06,0.004242388354450626,0.015237663446915097,1.4176582195304644e-07,0.009129761931172455,4.035792511536781e-06,0.00055321647586392,0.0005497852252147271,1.6566242117825135e-05,2.6325085484541568e-08,0.056173247463886036,3.733435039781644e-05,0.004185672544152587,1.583895300754982e-05,0.8994710354776002,1.2290529064605772e-05,0.00020323839400106055,0.0009712899459480449,0.0006164268432221544,9.988648104763113e-06
45,0.0001888207650649632,4.031369169502767e-05,0.00015874179451145332,0.007051926495376765,5.530472471360198e-06,7.6151425076440325e-06,0.0043212708093153095,0.016753961767012146,1.6199770471499086e-07,0.008585585706028118,3.872684702649024e-06,0.0005253874472208064,0.0006121977891884412,1.4485162030994671e-05,2.6884911291881363e-08,0.05460194545994128,3.6885079146450194e-05,0.003506764073174884,1.6160423553013078e-05,0.9018609676298639,9.968781895606771e-06,0.00019470332874553598,0.0008480183814066059,0.0006467314101066224,7.95682242439003e-06
46,0.00020980937941346333,4.855988088731745e-05,0.00015388881452055157,0.008574675341765828,5.5950758971339355e-06,7.489748826814584e-06,0.004224144019371334,0.0166258013159638,1.4261664821060045e-07,0.009247943466068317,4.038866048873752e-06,0.000570843349589331,0.0005962143414504832,1.639231862387162e-05,2.7057481114887294e-08,0.05300113550436084,4.449196737905885e-05,0.004409286884807816,1.6203453410535385e-05,0.9003107100243342,1.2501739655424243e-05,0.00021655015068883774,0.0010019386422393448,0.0006912037671965645,1.0412273371129176e-05
47,2.737402153748611e-05,3.797619158725515e-05,0.00021851935792387427,0.0595282781957089,3.7508775824052205e-05,7.0060510409781045e-06,0.0035043910031706295,0.04077880124850509,1.3792226723564668e-07,0.015795985743317115,5.3404797296525385e-06,0.000305077471963692,0.0009917036729779373,3.426617019290259e-05,2.203312385778954e-08,0.030805544778315343,2.2609754871797618e-05,0.0028127699602050913,1.4978242731601618e-05,0.8412795512197417,2.5183125181641812e-05,4.205266269274406e-05,0.0025488977947900624,0.001166034291483606,9.98983111571553e-06
48,0.00023119729728179506,5.8357149838586075e-05,0.00014464597545430597,0.008841894854273346,6.0663409330409684e-06,7.3593486825344365e-06,0.004418620372709271,0.019752719024960445,1.5421469934268349e-07,0.011291150712824,3.794616590221989e-06,0.0005769358054267869,0.0006760405089721215,1.715198348238223e-05,3.0499257354521656e-08,0.05718489708260737,5.585645868901712e-05,0.004608374454509906,2.0264482448115452e-05,0.8899576013498184,1.3375590984803383e-05,0.00027787104645824573,0.0010709479223628639,0.0007737019849523816,1.099092178338278e-05
49,0.00034087239198129165,7.553194300021679e-05,0.00013979877781451444,0.012270821967179595,6.132748393753521e-06,7.169306918848356e-06,0.005937903468638159,0.024963005751343928,1.5179322658159917e-07,0.014824309495252428,3.934656996082325e-06,0.00046309231598562326,0.0006684030099494248,1.6028004052412197e-05,3.521334814038778e-08,0.07345256638288693,6.4894934985901e-05,0.005505984316847203,2.1650106905295462e-05,0.8580223697665015,1.7535838610984336e-05,0.00021693255258916776,0.0016221298039012452,0.001341823808558706,1.6921644132148234e-05
50,0.00021339226338803344,4.691320081555469e-05,0.00019392796650662957,0.011244820580181756,7.511193479536976e-06,8.600768301086043e-06,0.0037131530847160435,0.016225113315409077,1.3783029300976353e-07,0.007358445625819665,6.120188945096359e-06,0.00080086153212845,0.0006675722884385977,1.84670110395924e-05,2.9038213539392017e-08,0.041837426182808744,5.649899047296214e-05,0.006327207939787461,1.3011238887774589e-05,0.9089514786359221,1.6059928190317087e-05,0.00018457428703029437,0.0012522832590358794,0.0008445503347546938,1.1843315434031051e-05
51,0.00019593214254720324,4.3930200070421e-05,0.00013746336403408212,0.009285493423997116,4.9597342983699355e-06,7.141612224410133e-06,0.004167864272099697,0.015815632951710373,1.2222541249113028e-07,0.008835604886517481,3.927438208838855e-06,0.0005465480920478818,0.0005353279177433794,1.6135102671851656e-05,2.0540236581440238e-08,0.047125507358425994,3.489765024674749e-05,0.004575311833771335,1.4615875267849507e-05,0.9069426888596442,1.2509881682699987e-05,0.0001834485487846947,0.0009176476421556912,0.0005874983736108295,9.770072589749034e-06
52,0.00015980866487750323,4.2527441347708185e-05,9.052757728020405e-05,0.005980711701562822,3.152668109888854e-06,1.0087550332221194e-05,0.004228719931894028,0.008569494539185008,1.0325680078624385e-07,0.007511996485275363,4.1964927151393466e-06,0.0003465735064263499,0.0004518878759608729,1.1469204711655291e-05,2.056204554779673e-08,0.045345083319532124,2.088283338361847e-05,0.004563823833496865,8.956755964880344e-06,0.921123300982723,8.498620971857956e-06,0.00016522541444933666,0.0008831941939825214,0.00046295182648331106,6.804760487562404e-06
53,0.00035357715928481623,0.00010558980211982332,0.00037986168617232404,0.022342945785861153,4.371876449805982e-05,1.1103180225165153e-05,0.0031150413515042747,0.05068406219509879,2.449786787122173e-07,0.023569791965559243,5.022758127934915e-06,0.0025299443368981644,0.0013090779161415906,6.263325916551626e-05,4.930398724108558e-08,0.08199409838966967,0.000162980222476394,0.008503260676139088,6.828123436002731e-05,0.8012890381095432,4.633885760540892e-05,0.0005570118816936213,0.0015128873435198884,0.0013252984733568849,2.8140368312888077e-05
54,0.00019786482123468674,4.5377685694200505e-05,0.00015363247171246725,0.008712144397776332,6.0016981509535684e-06,8.047276761078201e-06,0.004149319702796534,0.01654134590126485,1.4061141864102206e-07,0.009194119446979072,4.200010681615959e-06,0.0005706552519954072,0.0005816301243981352,1.645591417426463e-05,2.590010689117505e-08,0.0539646214139068,4.0459069256665846e-05,0.004384976844704619,1.617943446718111e-05,0.8995234893055356,1.259576391983624e-05,0.0002010827575952234,0.0010013635023209267,0.0006645255034983564,9.745189649332988e-06
55,0.00017863674211275214,4.9698584131140075e-05,0.00014231250575662876,0.009454680221367215,8.0738044121489e-06,1.0698878619618985e-05,0.004160074519367701,0.016947672718113736,1.302992964021423e-07,0.012276781350975473,3.768015540589567e-06,0.0005110508107711263,0.00048755986186461444,2.1890434717776562e-05,3.4623803188369427e-08,0.08525571934700019,4.091303389016001e-05,0.0038482309100307177,2.0044888035696522e-05,0.8642431556454238,1.6531985123247623e-05,0.0002598145104467259,0.0014344767286800415,0.0006174337637300177,1.0615816789240385e-05
56,0.00019705838503461466,4.553071380214999e-05,0.00014906668302038515,0.007980283251688734,5.298429783136202e-06,8.022296119577205e-06,0.004210465420927913,0.014850353756585334,1.4188453855347176e-07,0.008772203663323732,4.054653624074686e-06,0.0005446800815057117,0.0005671963110851982,1.6324079549688388e-05,2.5918358224349377e-08,0.05342119318864177,3.665174263464088e-05,0.004115876689778739,1.5386587140325726e-05,0.9032876980015812,1.1673149203428975e-05,0.00019888393697516956,0.000944412571386186,0.0006078675582416483,9.65104546998627e-06
57,0.00018215571186265124,4.578372012487323e-05,0.00017107816434695588,0.0075757981671938845,6.498232177752542e-06,7.828994621276469e-06,0.0037057764589076237,0.01729433973764281,1.72215433272009e-07,0.010083588592988482,3.6602264886993854e-06,0.0006491634023961285,0.0005923743541251501,1.7689497582942287e-05,2.8312028927637428e-08,0.05867380873648973,4.177690670631782e-05,0.0036205504685006065,2.0425946460209236e-05,0.895695226666935,1.2758672228284638e-05,0.0002392886789504232,0.0007872681185528742,0.0005629747819416508,9.985235313473322e-06
58,0.0002079774955811867,4.787311092511433e-05,0.0001542794436524488,0.008283651783761737,5.587836950446784e-06,8.084565752611315e-06,0.004339668711057213,0.015989479724479356,1.4618760471962562e-07,0.009349975425984796,4.132279225567519e-06,0.0005526833287109055,0.0005784596821833584,1.62153351797983e-05,2.7336157366306854e-08,0.05464197254624025,4.082668793050563e-05,0.004414849165345286,1.5715340867871314e-05,0.8994234437996996,1.2399330151371512e-05,0.0002115313474011477,0.0010019858268349416,0.0006888463891509708,1.0187319171626336e-05
59,0.0001733207724739401,4.1750429244962476e-05,8.878445163930134e-05,0.009394427980857496,6.081394812467656e-06,1.490681130321623e-05,0.0038325242170224585,0.009898131503317031,1.0642746830097064e-07,0.009624444071384507,4.116948575516574e-06,0.000692412999645075,0.0004984174398638393,3.1832258851809056e-05,2.450309840698933e-08,0.08448079581466833,2.0658594519988606e-05,0.003457574658317248,2.672200281832062e-05,0.8760584543418101,1.4723500167705168e-05,0.00020073357588379912,0.0012322648738965442,0.0001975051609425715,9.285267417112603e-06
60,0.00020099105640654887,4.55749065141782e-05,0.00015058738699468533,0.008159225424002915,5.4570574400212855e-06,8.215460103448764e-06,0.004242388354450626,0.015237663446915097,1.4176582195304644e-07,0.009129761931172455,4.035792511536781e-06,0.00055321647586392,0.0005497852252147271,1.6566242117825135e-05,2.6325085484541568e-08,0.056173247463886036,3.733435039781644e-05,0.004185672544152587,1.583895300754982e-05,0.8994710354776002,1.2290529064605772e-05,0.00020323839400106055,0.0009712899459480449,0.0006164268432221544,9.988648104763113e-06
61,0.0002014919048750524,4.7635854776256626e-05,9.064391036472155e-05,0.010760239996668574,5.7755148775751765e-06,1.2143371006270038e-05,0.0044853310807479625,0.013243485270702562,1.0427700067702688e-07,0.012285164435740438,3.7612499749831053e-06,0.0005720931985566446,0.0005012159614697145,2.3880342539908183e-05,2.6190566677008977e-08,0.08538674173167886,2.87832850076115e-05,0.004062138908406263,2.2353283442129465e-05,0.8661876975986157,1.6375755943403023e-05,0.00020575727711519832,0.0014839416676007632,0.00036235347778146,1.0864454540780455e-05
62,0.00020099105640654887,4.55749065141782e-05,0.00015058738699468533,0.008159225424002915,5.4570574400212855e-06,8.215460103448764e-06,0.004242388354450626,0.015237663446915097,1.4176582195304644e-07,0.009129761931172455,4.035792511536781e-06,0.00055321647586392,0.0005497852252147271,1.6566242117825135e-05,2.6325085484541568e-08,0.056173247463886036,3.733435039781644e-05,0.004185672544152587,1.583895300754982e-05,0.8994710354776002,1.2290529064605772e-05,0.00020323839400106055,0.0009712899459480449,0.0006164268432221544,9.988648104763113e-06
63,0.0002027569005785536,4.68044433190167e-05,0.00014817995592046902,0.007960575708128297,5.218896883697306e-06,8.057116340418543e-06,0.004267922599631855,0.015136808088646465,1.448052912083127e-07,0.009058516098252482,4.043013967138194e-06,0.0005325188459431376,0.0005543162227984528,1.5960817278719455e-05,2.6518350134918815e-08,0.05424955856635567,3.761405338435934e-05,0.004224568089152583,1.5645907359900404e-05,0.9017310499324928,1.1995051712206936e-05,0.00020516822963549742,0.0009449972274105221,0.00062758417258078,9.968738585809881e-06
64,0.0002079293654128091,4.649868102293296e-05,0.00015414476702358234,0.008675439142120796,5.837443055794799e-06,8.741769165436771e-06,0.004305187219467585,0.016143416647706476,1.500578156607947e-07,0.009744695145613191,4.287365490967575e-06,0.0005803350908701203,0.0005352178605452258,1.7199443059423204e-05,2.8406372692989027e-08,0.0596227899818442,3.957134213821758e-05,0.004403083625415354,1.7036746124975708e-05,0.8935982712030567,1.4277575315463042e-05,0.00021033227595905477,0.0010174306389820137,0.0006373165306436856,1.0781675777817644e-05
65,0.0009758941302389459,0.00013528236227979974,0.00035291148546096816,0.009361071008712063,1.9743384974457296e-06,9.82469372631485e-07,0.020546623889387623,0.0738743826441185,6.868480674689208e-07,0.009022015082432453,3.04381651957637e-06,0.00019762636361837348,0.001882562542263409,6.347777375318715e-06,4.057835867408441e-08,0.020161087729578007,0.00012707461211166444,0.0035860315051178754,2.341168245381337e-05,0.8507608529616143,4.652647022761238e-06,0.00014073808114222063,0.000558849124442196,0.008248682342598292,2.7173977215638557e-05
66,0.00015510052031306396,3.804466462970294e-05,0.00013080376570161133,0.006836306036318512,4.394836490495647e-06,7.2176450337530465e-06,0.0038006498323821616,0.013626323147641757,1.3531239111955674e-07,0.008364427586732406,3.416616626906257e-06,0.00046548597209267466,0.0004914066216908709,1.3949811892733709e-05,2.107510290457446e-08,0.051576630608550125,2.7513892743354748e-05,0.0032456358894193296,1.4957463418086983e-05,0.9098264899300549,9.814684519744242e-06,0.00017352588229994445,0.000724799325432587,0.00045509049741891786,7.858381102334118e-06
67,0.00012253826824524928,3.1363779467425444e-05,0.00011905667842137159,0.006527554503891184,4.103746598222934e-06,9.218336558921585e-06,0.0034371046425157913,0.007129759831258318,7.883917931754205e-08,0.005279723736092068,4.051158852397457e-06,0.0004819476552496546,0.0004390534593259414,1.7612223675789486e-05,1.9503559340108903e-08,0.04887412370295945,2.076814347927724e-05,0.003273437551288823,8.31733479605859e-06,0.9226764682638914,8.153560764179611e-06,0.00014736557610002218,0.0010551528602327626,0.0003266170257627434,6.409617834266309e-06
68,0.00016853537300273751,4.247176195367175e-05,0.00010438423942644428,0.0074277431899045,3.2886082717320544e-06,7.92661873762731e-06,0.0039020752745651905,0.010297230130267633,1.0042198918874362e-07,0.007256219332841644,4.396956330513807e-06,0.000432009481718729,0.00045912658930074576,1.1560234782753256e-05,1.990736565746573e-08,0.03966193342868505,3.051473655652849e-05,0.005301884890146196,9.12587037879266e-06,0.92320101313732,1.042806074208153e-05,0.0001707961088139653,0.0009509452143554137,0.000537750668353853,8.519764189256809e-06
69,0.0007055364921763654,0.00010039659572868873,0.00026297817578623976,0.014335339886027152,3.104848981612357e-05,3.96418765583718e-05,0.008762602729855167,0.019754853438999326,2.1520063928322263e-07,0.016201163598516623,1.1632002368478042e-05,0.002160772405859803,0.0013203024335790112,0.00010152010776709976,1.0154588215653366e-07,0.17006565446333782,9.556865561641245e-05,0.010252763851326467,5.1622761476612595e-05,0.7493936259738634,3.551887391617695e-05,0.000691698622014023,0.004520443202509486,0.0010867690492128135,1.822956716691837e-05
70,0.0001654491552708158,3.520865181094112e-05,0.00015968368584687808,0.006456446448241679,4.008801469717098e-06,8.028879807636177e-06,0.0036715879018409127,0.007314389418786931,9.901216482278319e-08,0.0049060710952633585,3.560052720915169e-06,0.0005966230392251374,0.00044471669752981603,2.4371144233180908e-05,1.888830288064357e-08,0.0492364066084426,1.895605016145118e-05,0.0029274676134447637,1.1118178788621072e-05,0.9227583543416908,8.330353026265493e-06,0.0001562979501738197,0.0008045255162903351,0.0002792988259540355,8.981689511559923e-06
71,0.00030489880364930347,9.937087441690646e-05,0.0003064069547260858,0.01309393604121915,2.696634265562294e-05,2.236273392353268e-05,0.004480242279073633,0.030155523394771906,3.4580082623787075e-07,0.028733774661937335,5.322577805413704e-06,0.001175700364722174,0.0008359287424051532,4.257616877941466e-05,8.357047655992654e-08,0.12533042728247099,8.361964137896513e-05,0.0063457607555070525,4.665671237904144e-05,0.7852679883383857,3.6485901920127356e-05,0.0005202038488736038,0.0018220886746577263,0.0012370859038181824,2.624362922034836e-05
