,0,1,2,3,4,5,6,7,8,9,10,11,12,13,14,15,16,17,18,19,20,21,22,23,24
0,0.0005326549633400976,1.120111665569374e-06,0.0010798942086665162,0.46242079293703126,0.006169901561085713,0.005271714995207887,0.0013986179158181414,0.0001466938915609258,4.472788204218848e-06,0.001128862092967066,0.00024792219153003026,0.0007126046750114822,0.014948085948177165,0.0027921657202662556,1.1661350990592704e-06,0.10199498590104715,0.0005417463169416036,0.09769214368065614,0.00017800820021088775,0.29707936071430335,0.0005816001385880846,8.314019895579369e-06,0.0029281426419217214,0.002133256830947155,5.7714198570673305e-06
1,0.00032339594522942867,2.299699820898491e-07,0.0005843617716601713,0.597026437656791,0.0016411188244072003,0.0016839054268016239,0.0002860837315744503,0.0001362166497569305,2.5412043463509467e-06,0.000979403309255863,0.00016391708674842794,0.00014756665516312285,0.019468148014318665,0.0003553842365854918,2.423779361858644e-07,0.08314554042095591,0.00019022484156265267,0.04639154406755223,7.343882138955771e-05,0.24559543309850584,0.0001409025322580435,1.8161170672413428e-06,0.0011265723002505863,0.0005348814845184824,6.9345538262488e-07
2,0.0003031084146114422,2.2742558455597344e-07,0.0005264093302175318,0.5666435228946235,0.0016525261310397334,0.001550830725669823,0.000290544027150682,0.00014026163952957776,2.4620859073313897e-06,0.0009793387515479508,0.00018420766905711888,0.0001578442980338696,0.018305770371718356,0.00042304385032857227,2.8760792430464684e-07,0.06986734358275454,0.00019298270880724057,0.05103674880609496,6.259814287725033e-05,0.28576583330215927,0.00014408930778653047,1.742107520873219e-06,0.001238430089267501,0.0005290332313752193,8.134984122481243e-07
3,0.0003058369696363683,2.254657178835452e-07,0.0005086879911274046,0.5908018573133111,0.001555000184371815,0.0016593537759342094,0.0003131493258748708,0.00013233929681112817,2.3058095557201314e-06,0.000917607071101346,0.00016436113251179819,0.00015834242194078408,0.01800489213594037,0.0004056524371868869,2.5729333057031714e-07,0.07698718642751105,0.0002013345314911332,0.05150255766703841,6.518039435333453e-05,0.25440734816320065,0.0001460529148541084,1.8904847483949781e-06,0.00119768674961772,0.0005601198402153044,7.742026177362221e-07
4,0.0003218895766094925,2.2095482496117416e-07,0.0005132786001212052,0.580849457731201,0.001590044865944596,0.0016320926052488809,0.0003210707299243146,0.00013585595666702912,2.3141902405068895e-06,0.0009483591006215613,0.0001673573286065103,0.00015732388495774208,0.019215036672593284,0.0004184751535682819,2.568538408200293e-07,0.07753235989029142,0.00021012550767287723,0.05328370492735764,6.777436799534561e-05,0.2606955445520738,0.0001436552700981904,1.8583657767626202e-06,0.0012071559777834823,0.0005840051940156651,7.817419647157202e-07
5,0.0002863700017651007,2.1210494209570695e-07,0.00044151596101017716,0.6035900448902557,0.001388309091370643,0.0015651406317464445,0.0002853245761685171,0.00012538836920236588,2.132324184815886e-06,0.0008581912079561515,0.00016255471353249126,0.0001461547855347829,0.01676610726046675,0.0003758238629100705,2.442115191641124e-07,0.07302363381795626,0.0001913858722929159,0.05371954847243658,5.9353520323114455e-05,0.24521431561644463,0.00013611952426347684,1.8277991649865658e-06,0.0011526649562697351,0.0005069239599558878,7.124683270511793e-07
6,0.0003058369696363683,2.254657178835452e-07,0.0005086879911274046,0.5908018573133111,0.001555000184371815,0.0016593537759342094,0.0003131493258748708,0.00013233929681112817,2.3058095557201314e-06,0.000917607071101346,0.00016436113251179819,0.00015834242194078408,0.01800489213594037,0.0004056524371868869,2.5729333057031714e-07,0.07698718642751105,0.0002013345314911332,0.05150255766703841,6.518039435333453e-05,0.25440734816320065,0.0001460529148541084,1.8904847483949781e-06,0.00119768674961772,0.0005601198402153044,7.742026177362221e-07
7,8.07899056821299e-05,3.334731662578681e-07,0.00020467322804284445,0.5548147459719136,0.0013142263944161798,0.004734555177443703,0.0002572242411473869,5.964681247066416e-05,2.2084898722192767e-06,0.00026881892658079087,0.00010651570923243914,0.0002924174754895743,0.005101326632909178,0.0004184742034707518,4.293197056775181e-07,0.10169385147857908,0.00014857382681386397,0.1233690310564727,3.03391179953894e-05,0.2035393044807126,0.0005456799465071929,2.6532465703554654e-06,0.0026560561968798422,0.00035730548911412066,8.191988115876381e-07
8,0.0002727226163472062,2.287732137074298e-07,0.0004388659626896241,0.5822716123138705,0.0015634415985727017,0.001786799309019519,0.0002973473170242301,0.0001262338549434336,2.2647432370650235e-06,0.0007861659013074266,0.00016316049158093078,0.00015454889060063627,0.017429738608816473,0.00038293958424382465,2.570577009861421e-07,0.08084314737814628,0.00018653188280237697,0.061228736164407604,6.43416703756692e-05,0.2501850863420225,0.00014317735606201652,1.8456830305334872e-06,0.0011694257474877756,0.0005006855180137267,6.952344829627191e-07
9,0.00031551902420967067,2.2260432187519436e-07,0.0005173430348163464,0.5975408342340419,0.0015196946581293837,0.0015701228298854674,0.0003098104033909114,0.00013403903112563928,2.303484440984073e-06,0.000964106523195322,0.00016697924631228924,0.00015597526907318724,0.01770158312057903,0.0004099859557648811,2.5928142748570946e-07,0.07257251072457559,0.000201699590253452,0.04812849766434712,6.291666465078506e-05,0.25581163362271053,0.00014359463231867703,1.8720817148707253e-06,0.001203922255761201,0.00056376930023383,8.047627194828576e-07
10,0.0003058369696363683,2.254657178835452e-07,0.0005086879911274046,0.5908018573133111,0.001555000184371815,0.0016593537759342094,0.0003131493258748708,0.00013233929681112817,2.3058095557201314e-06,0.000917607071101346,0.00016436113251179819,0.00015834242194078408,0.01800489213594037,0.0004056524371868869,2.5729333057031714e-07,0.07698718642751105,0.0002013345314911332,0.05150255766703841,6.518039435333453e-05,0.25440734816320065,0.0001460529148541084,1.8904847483949781e-06,0.00119768674961772,0.0005601198402153044,7.742026177362221e-07
11,0.0003176997382306869,2.193767782058084e-07,0.0005155425963229356,0.5818533634996876,0.0015461101944188324,0.0016303174065011284,0.00031574086465389304,0.0001385534580549375,2.3088746705908807e-06,0.0009616049185350235,0.0001660556767996772,0.00015855168644382788,0.019426469361709445,0.0004059224054504901,2.5526867833643747e-07,0.07804042011764034,0.0002084187241822045,0.05245466116865763,6.737346276716635e-05,0.2598787350452673,0.0001423491808654971,1.873983961307977e-06,0.0011846594867165325,0.0005820323046085683,7.611983977161661e-07
12,0.00036536771395952276,2.410342867766546e-07,0.0006237741378604712,0.6303889643995699,0.0012175834970040947,0.0014801257569391367,0.0002843379452415382,0.00018432544598801534,2.386331727788724e-06,0.0010772692578925628,0.0001621981421133722,0.00015434113896351832,0.021714872004333835,0.0003203056788076893,2.600150152025966e-07,0.0814483861092377,0.0001931886402654041,0.040978000671565554,7.585755279965955e-05,0.21764313868224322,0.00012789231583488182,2.1128601186959867e-06,0.0009666581128940984,0.0005877670462327697,6.45509104771971e-07
13,0.000290844509929589,1.429338686746406e-07,0.0004550081784535958,0.5474397827424037,0.0011477123102632712,0.0009163701949301989,0.00023371014752030777,0.00014215794532806557,1.9058044140994113e-06,0.0008944438732870159,0.00025689743839785303,0.00017067044618470078,0.0164102873492396,0.0005501884931879828,3.39426504760203e-07,0.06175692802747861,0.00015129400776377216,0.05033184097556552,4.108615647157604e-05,0.31711762572339786,0.0001268770248739742,1.1933507798790503e-06,0.0011889095673996081,0.00037311710601774256,6.662663381130116e-07
14,0.0003702767794827558,2.1353798773895186e-07,0.0005419913681391764,0.6179492939537765,0.0013054648503564186,0.0016573945884993419,0.0003611558992375575,0.00015229536365993885,2.3123679682067255e-06,0.001003836538459301,0.0001491438477519523,0.00019048347694399485,0.01803105160592581,0.0004503874047247934,2.611373386884348e-07,0.07875902909394705,0.00022574992023473728,0.043062398877260454,6.085944488382996e-05,0.23356813605033577,0.00016312026252193276,2.068925719481324e-06,0.0012897293842755449,0.0007024547314537925,8.905891153161793e-07
15,0.0003058369696363683,2.254657178835452e-07,0.0005086879911274046,0.5908018573133111,0.001555000184371815,0.0016593537759342094,0.0003131493258748708,0.00013233929681112817,2.3058095557201314e-06,0.000917607071101346,0.00016436113251179819,0.00015834242194078408,0.01800489213594037,0.0004056524371868869,2.5729333057031714e-07,0.07698718642751105,0.0002013345314911332,0.05150255766703841,6.518039435333453e-05,0.25440734816320065,0.0001460529148541084,1.8904847483949781e-06,0.00119768674961772,0.0005601198402153044,7.742026177362221e-07
16,0.00033333516680216386,2.816356621209262e-07,0.000556625578419213,0.6215008639168356,0.0017169394691245495,0.0017908735290546006,0.00032487749187715093,0.00014156153628257207,2.742310316489094e-06,0.001006209791977228,0.00015640524108964776,0.00015117959136519066,0.01812521192699993,0.0003707548734036956,2.5608547617218805e-07,0.07204324367817501,0.00020376202310232189,0.0440529109049171,7.321758520627583e-05,0.23553974083871496,0.00013681247322016622,2.182111946777212e-06,0.001172311184208418,0.0005968025191062304,8.985367165674656e-07
17,0.00029926043863296386,1.9568932995958918e-07,0.0004313782549543799,0.6089537550733947,0.0013995493683678249,0.0013786592739717894,0.0003474584030435236,0.0001249179737265145,2.1185608886014153e-06,0.0008315177646451781,0.00017355306796946576,0.00016638059856605777,0.015892075944113623,0.00048785747075276773,2.5443044363526725e-07,0.06987437962322414,0.00018368913307971227,0.048704918464569986,5.1059780758207666e-05,0.24887709936743113,0.0001246170369493973,1.7452683626129434e-06,0.0011783674978546688,0.0005143443653031386,8.471496659752869e-07
18,0.000380738702797885,2.3469689803861102e-07,0.0004480624417503161,0.5602642763653272,0.001828550487437234,0.0016220893704776012,0.00039988420046427575,0.00012077708652857532,2.412989933818438e-06,0.0009938741418152681,0.00017489053575794818,0.00015298177755109388,0.01836236160849097,0.0005421661181904656,2.5991545509033526e-07,0.06445790417814644,0.00028179838565013475,0.06158707853386658,7.069217918993608e-05,0.2859781948747867,0.00014178389216425912,2.0670294236085254e-06,0.0014668624371843972,0.0007189118019368775,1.1462487754301008e-06
19,0.0003071088525716773,2.1959782122725425e-07,0.0005691943256295723,0.5957662137340375,0.0015919316735031113,0.001770591279387595,0.0003535856364984138,0.00014251890427812212,2.436303871256794e-06,0.001096425344209998,0.00015293932414563548,0.00016803776406894495,0.0198209146128037,0.00037507222292185253,2.3422009174367299e-07,0.07639385172360134,0.00020549336544138877,0.04194446964191517,6.517242606731928e-05,0.2573970105436116,0.00013617497830087597,2.0119358509529256e-06,0.0011168472724960331,0.0006207271685868857,8.171482879890732e-07
20,0.00024860794227133076,2.679833255766873e-07,0.00046560931712519516,0.6120317245464809,0.001233303853302026,0.001655220631723246,0.00026698730331747975,0.00015205843350272826,2.2440691427428012e-06,0.0008471559418607361,0.00017662668794096736,0.0001811436670179595,0.015450967236143927,0.0003731976924798167,3.362596994650774e-07,0.07290182351090765,0.0001745591601052974,0.05313467532607934,5.6496858503883986e-05,0.2388758539718734,0.00015792315344346716,2.260134459466844e-06,0.0011312913512390992,0.0004789318100311464,7.33158023085639e-07
21,0.0003667647007440207,3.896495967649347e-07,0.0008326123699696779,0.5308208488118988,0.0024722271580236103,0.0030559481788899217,0.0004931717972354884,0.00018450082877321692,3.1695612452959042e-06,0.001406245471486051,0.00011798961216424071,0.00018084053181921628,0.028824771099912362,0.0003488169240093242,2.620133892117384e-07,0.08873035300736436,0.00035937802219396974,0.050451165366012546,0.0001231661608521014,0.28837033315827826,0.00020537855318415087,3.1889451179136527e-06,0.001392638730880165,0.001254683191313588,1.1561556458142583e-06
22,0.0002769174436531264,1.7224752014800977e-07,0.0004604451789228464,0.597104002200295,0.0012563493185032866,0.0013292864754505624,0.0002651974164352157,0.00011209809481727294,1.9061910013888029e-06,0.0008709509984944827,0.0001722256988046964,0.0001340485459176474,0.01621515494991422,0.00037052439260155766,2.2501124595738278e-07,0.07188292882055504,0.00019051652375266302,0.049971912613423215,5.32092972657742e-05,0.2575630685002171,0.00013697968254725907,1.5713741896274343e-06,0.0011665729377398138,0.0004630974697582497,6.386169737817712e-07
23,0.0003058369696363683,2.254657178835452e-07,0.0005086879911274046,0.5908018573133111,0.001555000184371815,0.0016593537759342094,0.0003131493258748708,0.00013233929681112817,2.3058095557201314e-06,0.000917607071101346,0.00016436113251179819,0.00015834242194078408,0.01800489213594037,0.0004056524371868869,2.5729333057031714e-07,0.07698718642751105,0.0002013345314911332,0.05150255766703841,6.518039435333453e-05,0.25440734816320065,0.0001460529148541084,1.8904847483949781e-06,0.00119768674961772,0.0005601198402153044,7.742026177362221e-07
24,0.0004338335834794457,2.883357555735086e-07,0.0008231883762513268,0.5247878500622837,0.0019243162967900044,0.0021642047115425847,0.0004449734229035396,0.00017843834882997847,2.909044996259639e-06,0.0011072716762909015,0.0001577940220104256,0.0001972789322944056,0.025280607369325962,0.00047676883165700295,3.1581094060151594e-07,0.10227585145014174,0.0003147174845229337,0.05420813956533248,0.00010169009525369539,0.28233222244177686,0.0002290208596474468,2.3516819900568545e-06,0.0015661297492655234,0.0009888603069602823,9.77539757315784e-07
25,0.0003241577301010953,3.6061591838380516e-07,0.0006209881069660084,0.5993846548826571,0.0020897224343204577,0.0026286808748740747,0.0003349183639299815,0.000125128927061249,2.9267597272601245e-06,0.0008956202834696509,0.00013736857679485907,0.00017013164209579642,0.017526209102889215,0.00037716989661647877,2.772513981093671e-07,0.0921774001328915,0.0002450929196500849,0.05560335628772107,9.71225745782483e-05,0.22493782089105072,0.00021267180114971552,2.6726358449612e-06,0.0014054307983939298,0.0006991892387698947,9.272711301115057e-07
26,0.00023958146128498254,2.139621699931137e-07,0.0004686280266079964,0.6088489742219799,0.0013549644485952588,0.001484730344683137,0.00029981136566776195,0.00013649443876197104,1.9529169582013277e-06,0.000809958501469116,0.00017500792529912012,0.00018641928755610166,0.015463033241513057,0.00044144420561956265,2.91506555575514e-07,0.07645797263249059,0.00015137901859698757,0.048602950114543735,5.271421054590273e-05,0.24325805524443828,0.00013246060918680835,1.8812276583015516e-06,0.0009801768523139292,0.0004502188005329683,6.854349708541864e-07
27,0.0002985184486892572,2.602727104472774e-07,0.00045879731115903646,0.6212286738873325,0.0015109961341237823,0.001688704592579902,0.0002987856154252749,0.00013950869971895603,2.5264724094877724e-06,0.0008867550336852986,0.0001675141516062317,0.00015730127441529134,0.016657270861172354,0.0003810161023593392,2.73178103895504e-07,0.07108530772908112,0.00018263417156353181,0.05004713051498413,6.362428948469267e-05,0.23297601186691488,0.00013027864934346932,2.0878258250463388e-06,0.0011268780380861568,0.0005083276447567865,8.172344690981762e-07
28,0.0003058369696363683,2.254657178835452e-07,0.0005086879911274046,0.5908018573133111,0.001555000184371815,0.0016593537759342094,0.0003131493258748708,0.00013233929681112817,2.3058095557201314e-06,0.000917607071101346,0.00016436113251179819,0.00015834242194078408,0.01800489213594037,0.0004056524371868869,2.5729333057031714e-07,0.07698718642751105,0.0002013345314911332,0.05150255766703841,6.518039435333453e-05,0.25440734816320065,0.0001460529148541084,1.8904847483949781e-06,0.00119768674961772,0.0005601198402153044,7.742026177362221e-07
29,0.0003058369696363683,2.254657178835452e-07,0.0005086879911274046,0.5908018573133111,0.001555000184371815,0.0016593537759342094,0.0003131493258748708,0.00013233929681112817,2.3058095557201314e-06,0.000917607071101346,0.00016436113251179819,0.00015834242194078408,0.01800489213594037,0.0004056524371868869,2.5729333057031714e-07,0.07698718642751105,0.0002013345314911332,0.05150255766703841,6.518039435333453e-05,0.25440734816320065,0.0001460529148541084,1.8904847483949781e-06,0.00119768674961772,0.0005601198402153044,7.742026177362221e-07
30,0.0003058369696363683,2.254657178835452e-07,0.0005086879911274046,0.5908018573133111,0.001555000184371815,0.0016593537759342094,0.0003131493258748708,0.00013233929681112817,2.3058095557201314e-06,0.000917607071101346,0.00016436113251179819,0.00015834242194078408,0.01800489213594037,0.0004056524371868869,2.5729333057031714e-07,0.07698718642751105,0.0002013345314911332,0.05150255766703841,6.518039435333453e-05,0.25440734816320065,0.0001460529148541084,1.8904847483949781e-06,0.00119768674961772,0.0005601198402153044,7.742026177362221e-07
31,0.00026640332843077175,2.2135727914865176e-07,0.0004241083685030191,0.6098609691659318,0.0016544756359159443,0.0018075896808232414,0.00032712581516221333,0.0001048077293069167,2.288763304176976e-06,0.0008535703631768764,0.00015926364964980328,0.0001539121583439281,0.014634264650413679,0.0004082363900704858,2.3760013869521313e-07,0.07077907819932988,0.00019038072743083576,0.050686841729327185,5.644990892320234e-05,0.24574911229857757,0.0001414961263271068,1.930499429645241e-06,0.001234483195022923,0.0005019094691965034,8.431899844441532e-07
32,0.00032215140029260675,2.3786677067582592e-07,0.0005302282899624567,0.5866769333082728,0.0016199009019172632,0.0016993440852665093,0.00031628972282320416,0.00013540320902313688,2.3799502802856197e-06,0.0009348153457514188,0.00016484649767218557,0.00015812006570780282,0.01886602880485684,0.00041045531170688936,2.608717418202396e-07,0.07941899983827441,0.0002113406838119749,0.053322457147858514,7.149306012109891e-05,0.25319449465741295,0.0001486379739195616,1.961500523628138e-06,0.0012057472033207097,0.0005866856328688524,7.866698424682209e-07
33,0.00022666063330765523,2.2203672508841965e-07,0.0005856839766707279,0.6018539630347922,0.001696056155296598,0.0013330272891021347,0.00024316046446959277,0.00011527382053467725,3.0866320079469375e-06,0.0008835011512781936,0.0002603535450877458,0.00015781905169505843,0.009971642254485671,0.00045058862707037027,3.923445048014408e-07,0.05003184125782472,0.00011610772557175253,0.029448780359450075,3.403143381100356e-05,0.3006859830440642,0.0001660061853759933,1.2899417884989766e-06,0.001449259805341322,0.00028425080702739174,1.0184227165273723e-06
34,0.00017824891836456632,2.3163015489470335e-07,0.0004168425686002856,0.6041769628999797,0.0013258530634244307,0.0021149949953246116,0.0003202099516793908,0.00011971845124510333,2.0389862476916537e-06,0.0008027723008105263,0.00013417958443433361,0.00018792115230951227,0.014002885365052254,0.0003292162278361114,2.5381179088824e-07,0.07516766583562112,0.00017619472155640825,0.04904431061563672,4.590500610902658e-05,0.24961847537046924,0.00016703560768941087,2.2484908613257824e-06,0.001159976398906432,0.0005051080371916561,7.50008704335015e-07
35,0.00043508048744539477,3.32881643894805e-07,0.0004816049865030765,0.6572330894260129,0.0014741173301598574,0.001606905722811277,0.0002651527056316123,0.000188264127537,3.4152667011351775e-06,0.0009475022451901966,0.00017611091202468217,0.00013540758908899892,0.020235719461186005,0.00032199135799951587,2.8440023936900937e-07,0.07440412324402011,0.00017958366560130362,0.048755591051758106,8.747045807450148e-05,0.1914357864173092,0.00010119511355908971,2.2482498426819412e-06,0.0010162450643169832,0.0005119857629349568,7.920724082059225e-07
36,0.00030184585768070686,1.9088563459402672e-07,0.0003980217945845078,0.5756078571510502,0.0012617260312059622,0.0014993487643306044,0.0003574595029398962,0.00014668434371451438,1.9617313335552113e-06,0.0008543301700583928,0.00016932475552422139,0.000205606563468015,0.019075032555628976,0.0005146827017259156,2.7258544941382784e-07,0.07890141732337473,0.00020684321409219307,0.061531527880149484,5.7263928931998845e-05,0.257059135977347,0.000127885864256966,2.01052220567871e-06,0.0011234214681829335,0.0005953723400562244,7.760870734368092e-07
37,0.0001392953273594422,1.0094416836858156e-06,0.0005683027733693467,0.6730112231481327,0.0019286584957786887,0.005272906650680475,0.00017872601447224218,0.00045939489232922674,1.1993077354856951e-05,0.0018944367323241319,0.00016366273571808416,0.0001642314930657634,0.018014674022860586,7.78472025451102e-05,5.373717722661648e-07,0.06525956698451338,9.595861409803546e-05,0.02808173065453259,0.00010849368455722078,0.20349532290381822,7.348249355926931e-05,4.759582249141145e-06,0.0006960675184070272,0.00029678517044570804,9.330143728863295e-07
38,0.0002981798991687142,2.2060535005790583e-07,0.0005078787545316514,0.5566762229764206,0.0015656901394117929,0.0020048033740324603,0.0003502417710135818,0.00013156315308585954,2.192214705872358e-06,0.0008528415930691729,0.00015845433714693755,0.00017833240600982668,0.019963452724752872,0.00040915778147977244,2.6450562671797196e-07,0.09733401899640814,0.00022250836038696555,0.06459680965242297,7.369532105394345e-05,0.252627936729764,0.00017564613790041955,2.0444289992431693e-06,0.0012488092761221644,0.0006183486136846186,6.862474515316622e-07
39,0.00028853511570754964,2.3646370829688912e-07,0.0005346965139548494,0.5870584939162222,0.0015221565884942561,0.0017908856064176588,0.00030506950671482563,0.00013574235496596488,2.299102521358615e-06,0.0008909513709655287,0.00015588729585725567,0.00016524688770894937,0.018151799088636785,0.000381882507299937,2.621242804594204e-07,0.08211009853507723,0.00020306487267153617,0.05236422060690888,6.715500327519684e-05,0.2519234753234921,0.00016169255260685048,1.9785755911973905e-06,0.0012108043426186414,0.0005726250538307673,7.406904718455113e-07
40,0.0001395949702766153,1.1087033073670049e-07,0.00015805030337105443,0.7201170278802921,0.0003199752695765231,0.0020701049258637855,0.00019494248854351863,0.00017568248971220322,1.9440810505074e-06,0.0010096629131068381,7.271369057649825e-05,7.27443832033949e-05,0.014352757614861513,5.537287639180237e-05,1.2196738019939068e-07,0.07822627474614482,0.0001392241312998165,0.04735296392759344,3.2796047159092436e-05,0.13422343040380114,7.329627345496432e-05,1.9603857602897127e-06,0.000811147079403761,0.00039786408620832384,2.3619463719536917e-07
41,0.00043241202544062586,1.54634796044462e-07,0.0006780399629015068,0.45626962391755854,0.0016186694926658943,0.002086411582572141,0.0008153129764129586,0.00012512483846884923,1.7071277767901143e-06,0.0012966466621696239,0.00012656577353377843,0.0002685712864508175,0.023444456612214767,0.0007719793002185523,2.398976052893773e-07,0.08296452445374908,0.0005534410098273428,0.05520099100668001,6.919801769134964e-05,0.36916707885116334,0.0002904436936141986,2.450385542443169e-06,0.002086146032474518,0.0017283188364506951,1.491622021082901e-06
42,0.0004219110163778815,1.4600412203067284e-07,0.000442422095109711,0.49863955166439766,0.0021965676888112086,0.001364789770578361,0.0004675414279676279,0.00010215099382393569,2.1575221008148557e-06,0.001140377680866992,0.00020524265536743503,0.0001619446439875321,0.019193562880937445,0.0007882171841883904,2.5336239548500513e-07,0.06084343086688156,0.00026828338746104585,0.05825555306988025,5.51377131769777e-05,0.3529411019494654,0.00014371439071507228,1.3246975927421478e-06,0.0016519155972091932,0.0007114832924875062,1.2184440977497856e-06
43,0.0002836998275763246,2.313193867289383e-07,0.0005495139257622446,0.5756844505730313,0.0015363173288605147,0.0019128248172726847,0.00028897745951339743,0.00013841594374082615,2.338128622782966e-06,0.0010214775477108613,0.00015158435420712396,0.00015549489862956057,0.01973369720807312,0.0003291917666575687,2.513033211971432e-07,0.08099095746951589,0.00021642357069422057,0.05142998358503346,6.948839412433385e-05,0.2635090306624871,0.00016812098212992362,1.9832422469445265e-06,0.0012263187315562638,0.0005985278676243828,6.990922211821958e-07
44,0.0003058369696363683,2.254657178835452e-07,0.0005086879911274046,0.5908018573133111,0.001555000184371815,0.0016593537759342094,0.0003131493258748708,0.00013233929681112817,2.3058095557201314e-06,0.000917607071101346,0.00016436113251179819,0.00015834242194078408,0.01800489213594037,0.0004056524371868869,2.5729333057031714e-07,0.07698718642751105,0.0002013345314911332,0.05150255766703841,6.518039435333453e-05,0.25440734816320065,0.0001460529148541084,1.8904847483949781e-06,0.00119768674961772,0.0005601198402153044,7.742026177362221e-07
45,0.000305818736854171,2.2542846818490242e-07,0.0005090096692203508,0.5905901747482081,0.0015516418906236149,0.0016605494637834245,0.0003135358902081879,0.00013288498138489484,2.3045791158467095e-06,0.0009185431410347119,0.00016426011368222214,0.0001586047778663903,0.018065264817946753,0.00040492550128374747,2.5749530229804583e-07,0.07718543480534465,0.00020137814859962959,0.051536886445784656,6.524626580377585e-05,0.25432779481270923,0.0001460143311551953,1.8931423011645458e-06,0.0011954198301881189,0.0005611588816167208,7.721015140579806e-07
46,0.0003310397530150017,1.6778551026884602e-07,0.00046435654998324327,0.6083242210787464,0.0011506540290867487,0.0016069917960108608,0.0003221434958424112,0.00012146037012922652,1.7918342690948648e-06,0.000996125333815954,0.00013287100927246442,0.00014491985926758994,0.01976665998740276,0.0003347434858203155,1.824363411293825e-07,0.0769279318356192,0.000252736668411969,0.04953274779696808,6.31747104683571e-05,0.23754472230697563,0.00014254870886334464,1.9271393929064446e-06,0.0011675567095518228,0.0006676607773499723,6.64541885362696e-07
47,0.00017440230010695788,3.261739523842693e-07,0.0004717899463724455,0.5764052806387716,0.0020530426272731125,0.0018094744613313173,0.00026127505976413125,0.00011780999402570057,2.929450924391417e-06,0.0008112325417282867,0.00021434832924924834,0.00016298373316324437,0.010870046450128857,0.00043747685950673885,4.0760187547741323e-07,0.05296163893092479,0.00013862278805428595,0.04626251676690494,4.369750614911348e-05,0.3049192990236349,0.00016542889325890628,1.8542547924330906e-06,0.0013607035305572626,0.00035233206338758713,1.0800741618381067e-06
48,0.0002965395178308616,2.2256405624689202e-07,0.0005016674302638208,0.5931163547325937,0.0015441971203861318,0.0016325422388333783,0.0003070206238168226,0.00012949899597546898,2.2979287860300024e-06,0.0008971468047152279,0.0001672532270791801,0.00015844663740655716,0.017337156220558904,0.0004079746604664173,2.5994917708946333e-07,0.0759112107683992,0.00019358883688313348,0.050807759529412924,6.248810613773253e-05,0.2546468429851152,0.00014560156441602588,1.8473549113873953e-06,0.0011978939293550552,0.0005334173149324872,7.709584910708585e-07
49,0.000318258985494026,2.2021360938961684e-07,0.0004985311211395396,0.5908653520216817,0.001564729640662795,0.0016008660242049788,0.0003156198093958608,0.00013141236645445903,2.293233023222813e-06,0.0009152630588349146,0.00016780370229379647,0.00015463276793556305,0.018101408892433432,0.00042033018384554855,2.5628370378793435e-07,0.07654095268489629,0.00020258347934619115,0.0523672352623912,6.522678385883455e-05,0.2538585294353793,0.0001424008198334615,1.8327914597868448e-06,0.001203657221861905,0.0005598244962733038,7.787199867462675e-07
50,0.0002539099414770719,2.6638029910643097e-07,0.0005003395358813431,0.6030603834581256,0.0015379771619520137,0.00183596390816073,0.00026515675848389083,0.00012314608877235227,2.3897624281131806e-06,0.0007878365749071876,0.00016289514273635998,0.00016184865279423406,0.015258373172697988,0.0003689344492249499,2.846577521046443e-07,0.07783317651261243,0.00018094198541327813,0.053749246130488294,6.341848724209217e-05,0.24196465155036992,0.00016906317597704525,2.024801826539085e-06,0.0012407518064308492,0.00047627735108101506,7.425528654276757e-07
51,0.0012960852929971075,1.400983087405114e-08,0.0014445384073770444,0.07419443063749544,0.0062250240995481545,0.0019578765524333203,0.00271918110502802,6.0715245926566774e-05,1.4122815599938112e-06,0.0028412476060608012,3.722454966488234e-05,0.00012928036259816372,0.11864645891040536,0.0012014619096662666,3.91418984877604e-08,0.1712415752143151,0.0013423977064087403,0.04907200473048558,0.00021184032389653975,0.5539394598323766,0.0002270717529086949,2.98695533258192e-07,0.002555899824909805,0.01065372635739767,7.354492777756838e-07
52,0.00038399364707847176,4.906685208524653e-07,0.0010061440923195743,0.611303321582271,0.002939010513183002,0.0023735815890754183,0.0010371991753020057,7.56430109232648e-05,3.1364630085643713e-06,0.00047257572015566235,0.00011438736809768303,0.0001924739031221372,0.011359455836469239,0.0009000935561202971,2.66806312158277e-07,0.1152528342216667,0.00042198314875902513,0.04341204932128106,9.439022000013143e-05,0.20431782098845044,0.0003713505246185948,3.1882354626628676e-06,0.002761192331454946,0.001200857538442336,2.5595379049144247e-06
53,0.00042016032516640014,3.242536931144387e-07,0.0006285411257623383,0.6154093235853285,0.001735979358413418,0.001858070105604035,0.00029167782096276815,0.0001752868454655914,2.7901234923197696e-06,0.0010915053903070376,0.00015494045904411213,0.00015636932001270902,0.022637511613664778,0.0003735506456661305,2.7761246382825046e-07,0.08375983391125341,0.00022437577013669773,0.051380324507573474,0.00010436777942424208,0.21769163169745237,0.0001413907764958128,2.4203909750281585e-06,0.0010643426619348123,0.0006942086092722457,7.953104346368528e-07
54,0.0002905581501926295,1.687968016250162e-07,0.0005759318509611487,0.5439700699246061,0.001469152052812146,0.0015643604077861103,0.00027495481620341453,0.0001250565581057264,2.047176730171078e-06,0.000982692519264347,0.00015830583391854893,0.00014698045749389206,0.02087128852716791,0.00035618559424478805,2.1654825414750087e-07,0.08259034758190072,0.00020880761793948586,0.0509251542431377,6.355904145574428e-05,0.2934879151625684,0.00015659291248712936,1.4915120830821547e-06,0.0012195727833610428,0.0005579848916264104,6.050388976183949e-07
55,0.0002968500924441311,2.1427761901490109e-07,0.00048447417443404537,0.5785868335982994,0.0015463340757743249,0.0016724641134575008,0.00032354040158472824,0.00013617493077921531,2.277126887178391e-06,0.0008914267312849505,0.00016373277190944132,0.0001768858477791245,0.0185464768516182,0.00043578760626038156,2.608686707005174e-07,0.08008216706083254,0.0001935738421922348,0.053880494636275506,6.258769663179155e-05,0.2606392997804511,0.0001416495773411747,1.861125730847252e-06,0.001173170145799957,0.000560697110069856,7.65555872731439e-07
56,0.0003103216588203843,2.1852725546534813e-07,0.0005091580223272897,0.5841808476290522,0.001536933842165421,0.0016388428066995016,0.00031295090369458937,0.00013665877433115657,2.2936881676293727e-06,0.0009456077819472566,0.00016499774654327794,0.0001582678657294088,0.019017576838977448,0.0004009756046079383,2.540607734555203e-07,0.07760106335945668,0.00020399867960170143,0.052205112660440645,6.589611344701843e-05,0.2587130915377145,0.00014248977132771888,1.8627005062634274e-06,0.0011803662305885307,0.0005694570809023803,7.561149220930799e-07
57,0.000333996453172332,2.299023478145459e-07,0.0003508743061933531,0.6682750488171408,0.0012317357409799608,0.0014393922143428007,0.0002882499610306001,0.00011631728240744518,2.1316315222639866e-06,0.0007325153145665634,0.0001651638040971086,0.00012298575925614555,0.013791824307870558,0.00037764052393933495,2.424482767380107e-07,0.06618254000890791,0.00018360662966127652,0.05395713911645167,5.6810486479188726e-05,0.19065609096769395,0.00012073493043608407,1.9108586487748942e-06,0.0011509254397453427,0.00046113560988608044,7.574849458802455e-07
58,0.00032079135385794437,2.314585926058696e-07,0.0005319536347134257,0.5743348716287731,0.001587920143461587,0.0017704077825840118,0.000330781746088481,0.00013991697380664808,2.308949402798031e-06,0.0009824185874291198,0.00015762775115044496,0.0001676998056930422,0.01976591317842416,0.0004124730565997729,2.599563360271357e-07,0.08038092343913159,0.00022608570728458198,0.05426640737013101,7.1239124123e-05,0.2625092151873481,0.0001563050730416437,2.0316746877641636e-06,0.0012346897707695345,0.0006467294192066904,7.972273630304773e-07
59,0.0002409508504999467,2.1060438075572436e-07,0.00024596687949558874,0.7273848383606689,0.0012100923165402947,0.0012282886449479801,0.00022583168898953335,9.155409522544214e-05,2.215284000136887e-06,0.0005208196018399999,0.00018766341035629535,0.00011352484016282811,0.00923392317198879,0.0003616446732599894,2.307229411591725e-07,0.05657581513254504,9.597788856774063e-05,0.04495558322077944,3.8549308922199365e-05,0.1561117014089883,7.788592521110602e-05,1.4749416607176925e-06,0.0008680057276804669,0.00022659688419720568,6.544161499837118e-07
60,0.0003058369696363683,2.254657178835452e-07,0.0005086879911274046,0.5908018573133111,0.001555000184371815,0.0016593537759342094,0.0003131493258748708,0.00013233929681112817,2.3058095557201314e-06,0.000917607071101346,0.00016436113251179819,0.00015834242194078408,0.01800489213594037,0.0004056524371868869,2.5729333057031714e-07,0.07698718642751105,0.0002013345314911332,0.05150255766703841,6.518039435333453e-05,0.25440734816320065,0.0001460529148541084,1.8904847483949781e-06,0.00119768674961772,0.0005601198402153044,7.742026177362221e-07
61,0.00021526541949928133,1.677815939345746e-07,0.00023755426576209528,0.6990367345535446,0.0009997850325160252,0.0010827109468591776,0.0002017688975453716,0.00010364685391511524,1.8663194898628059e-06,0.000589500977652587,0.00017476475977392113,0.00010643254173502334,0.011098326334433495,0.00029807926878139236,2.0223010772403786e-07,0.05336248935883056,9.908640157449292e-05,0.04570549565259671,3.404067620669517e-05,0.1855297025175772,7.007839479599628e-05,1.3049302088466887e-06,0.0008097217572655856,0.00024074491993296825,5.292078013215932e-07
62,0.0003058369696363683,2.254657178835452e-07,0.0005086879911274046,0.5908018573133111,0.001555000184371815,0.0016593537759342094,0.0003131493258748708,0.00013233929681112817,2.3058095557201314e-06,0.000917607071101346,0.00016436113251179819,0.00015834242194078408,0.01800489213594037,0.0004056524371868869,2.5729333057031714e-07,0.07698718642751105,0.0002013345314911332,0.05150255766703841,6.518039435333453e-05,0.25440734816320065,0.0001460529148541084,1.8904847483949781e-06,0.00119768674961772,0.0005601198402153044,7.742026177362221e-07
63,0.0003063348928852788,2.5206674538557306e-07,0.0005051103016219867,0.5980704886358089,0.00158839080136812,0.001726003608984982,0.00031045402392797255,0.0001341894594023104,2.434978582425845e-06,0.0009012702829438227,0.00016761324852551475,0.00015933317690833388,0.017442560506767735,0.000404452886893137,2.751488927470245e-07,0.0762907064362637,0.00020256315374077034,0.052918592611956784,6.767975283612666e-05,0.24687305201539375,0.00015043594162222746,2.03638884261015e-06,0.0012206501505861987,0.0005543047939719426,8.147345271554483e-07
64,0.00029043202017333016,2.2823852008437778e-07,0.0005541863393910094,0.5730363585376985,0.0015914051949793052,0.001776981250340768,0.0003150125518982981,0.0001277684134514289,2.2986904446024985e-06,0.0009143854991969617,0.00016363092823795355,0.0001684348235160522,0.017829550772910093,0.0004132787749820318,2.692429280195779e-07,0.08129944450561793,0.00021411927301206004,0.05263905406378313,6.612150319294358e-05,0.2665337128926794,0.00017428041264052648,1.9288125391668125e-06,0.001305235330036305,0.0005810986448524203,7.832829777462973e-07
65,0.0012405506608575852,1.0829973211225033e-07,0.0007686416536485957,0.6246678598283908,0.0016940662844471622,0.0008290368729787467,0.00040786436059612135,0.0002739387963516925,2.979012816527541e-06,0.0021699769270973777,0.00024822588518641064,0.00011649568470472657,0.0523852291833003,0.00046799173829956624,1.5825317724919565e-07,0.10245750186410145,0.00015072554049216152,0.026544492701506866,0.00012431763566824578,0.18431942249667427,3.5110010006078676e-05,1.0319141849471355e-06,0.0004752689614248222,0.0006185661382189228,4.392961374815386e-07
66,0.00040570564617239404,1.1327468837125579e-07,0.0008240721924611727,0.44796714627090145,0.0025569931496944743,0.001447923914210801,0.00040598467375071984,0.00010861427791535471,2.2105215317064036e-06,0.0014730739576216542,0.00014675387206080536,0.00011036947653212764,0.03416347857447047,0.000385170014946701,1.306028265353879e-07,0.08606205873845356,0.0002653272086718795,0.039647961387321996,8.557947030704202e-05,0.38186261543354716,0.00011623030792653426,9.942521481773797e-07,0.001176034469667872,0.0007848083844112288,6.499277598164563e-07
67,0.00027717734717975053,2.25816511519691e-07,0.0004949438588028234,0.5824186102723743,0.0014991833715312717,0.0017387627050696956,0.0003168078806670539,0.0001248499232263219,2.1886273284742844e-06,0.0008669539192104169,0.00015732120616339937,0.0001621946794612014,0.016911476092119865,0.00040137633049670845,2.5843988678103906e-07,0.0759623547627704,0.0002122342603319503,0.053911897176139895,6.141942774973008e-05,0.2624568992084228,0.00016320661174432183,1.9562281210432968e-06,0.0012851579838486311,0.0005717463258818332,7.975449598457005e-07
68,0.0012682050456590702,1.7931655875542062e-07,0.0004498382005573387,0.7157253537242121,0.002048745462142753,0.0004960770916408419,0.00028918374203781144,0.00010958012786369509,2.845012902588746e-06,0.001029187711164224,0.00024426623642677853,4.587951851379178e-05,0.025852096626174506,0.0005328655028540506,1.275379710439181e-07,0.07165605813107823,0.00018520441933309238,0.04107347850164442,0.00014300836754993428,0.1376979646862447,2.8940696005752287e-05,1.0724633736322827e-06,0.0006734370086025398,0.0004457726140734099,6.322554150560659e-07
69,0.0012872271243962628,5.029630359977451e-07,0.00107514730583672,0.5700841508494858,0.0033035084372901465,0.0027600783135452722,0.0010190865377230677,0.00024202624185574255,3.475430339901263e-06,0.0012976335182954956,7.700612210033677e-05,0.00022513163618662342,0.04489761158462334,0.0007107143758621614,1.9046665635999104e-07,0.210297394187162,0.00042927081526051886,0.04479725695189475,0.0003711770379421674,0.11342144353998797,0.00012181554995869519,4.496344341572968e-06,0.0007790437277444082,0.002793461160971161,1.1497775034312389e-06
70,0.0017279277237251913,4.56447575991926e-07,0.0006145318746418611,0.4034359533815193,0.003809062554018795,0.002258354731660018,0.0008776148063002917,0.00019755961503590595,3.3803956563520343e-06,0.0016150456640397536,0.00017902747848533215,0.00024732445976257945,0.04281091321937966,0.0018951405933293549,4.704543601828384e-07,0.0945236071708783,0.001172617652119926,0.15212390979124418,0.0002995574032499338,0.28554804486346114,0.00027314642203734045,3.952262882783828e-06,0.0027431010868075845,0.0036363503946166523,2.9495532116192276e-06
71,0.00022710998546594298,4.4643017772019385e-07,0.0005848948698589807,0.6579932292505981,0.0012498162297506581,0.0016938338411817497,0.00013624482280921615,0.00011905078939708278,2.2424499516930084e-06,0.00050497879503374,0.00017074832999783453,0.0001777110320288455,0.010393266349035948,0.0003749174576736536,4.2982224855319306e-07,0.08747765099285668,0.00014226912464077596,0.06278962493305858,7.987415449743893e-05,0.17410163306647553,0.00025217266247113437,2.510058126228113e-06,0.0011908089806325019,0.00033393036683912475,6.052051921131012e-07
72,0.00022544419524127488,1.147790352293604e-07,0.0004918437124175527,0.5017715242894171,0.0012585844334932752,0.00182362602796026,0.00043014649887215573,0.00014637824664932319,1.505017930282994e-06,0.0007997815634385183,0.00011046263728488217,0.00017962150501281133,0.027626521180308745,0.00032600962984516446,1.576126534924073e-07,0.13389509870168723,0.00018786782087237827,0.056473055763314295,5.6530095028232546e-05,0.27249603797120475,0.00013109879466448592,1.3535821010650513e-06,0.0008836244521383615,0.0006832190045253897,3.9248490367883426e-07
