,0,1,2,3,4,5,6,7,8,9,10,11,12,13,14,15,16,17,18,19,20,21,22,23,24
0,0.012830964632457897,3.2888652334424245e-05,0.03634827141180112,0.010680959627343358,0.007372913108535225,0.0004421625527539906,0.0010742149181509144,0.0023477197081278284,0.00010470655680446906,0.0035373412901010632,0.0006770628113847083,0.004219762512921004,0.20064494187207285,0.007488032059193905,3.6479916690588927e-07,0.002115834890318226,0.0006279653794094701,0.4765840883046015,0.003124873533463757,0.22832349606732172,0.0010970024972988383,0.00015268721459287373,8.633709203681764e-05,5.1402243575922026e-05,3.400626423104404e-05
1,0.009119052989954305,1.8154077461053372e-05,0.018334540524924205,0.0044479524579248,0.004108155531254553,0.0005684911436491438,0.00112815867074334,0.0023207570652872675,0.00010813971087068907,0.005020700628118241,0.00031470230411002187,0.0027091909263482327,0.12829910265599373,0.004349146364965988,3.122409455762616e-07,0.00310061569865588,0.0003576478655682279,0.31014393433816856,0.005169812656060772,0.4991689046650673,0.0008925673132444143,0.00015434923994515394,9.313851544699127e-05,4.008342068987921e-05,3.2388994601734016e-05
2,0.009386089867390278,2.0395064254965186e-05,0.019693466974354163,0.005451262943505748,0.0038061632639192883,0.0006158922845889363,0.001127967979239287,0.0022650483653308107,9.445699748518513e-05,0.00434704559548215,0.0003792047144801399,0.003475108372828,0.15661726689751343,0.0048845571139921485,3.0238908619193466e-07,0.0030117101322035596,0.00046880640544137676,0.3652547391597639,0.004438734386088848,0.41334684550916273,0.0010033027531754636,0.00014588385447052098,9.45127218475437e-05,4.0617793845391414e-05,3.0618460550091116e-05
3,0.008584066698586662,1.761263787523261e-05,0.01837940887741763,0.004520570364571145,0.0038254546556734724,0.0005675169204204306,0.0010845152094289164,0.0022149458018544343,9.573321324143754e-05,0.00446085216621871,0.00031823402247621677,0.002811036861754043,0.12750834934739752,0.004577699576116798,3.078195481710703e-07,0.0026804399399571973,0.0003672336005120086,0.3180309652842087,0.004690204373604961,0.49399236194698487,0.0009491719652524838,0.0001545891187433445,9.729424265282721e-05,3.9039343400532975e-05,3.2396012102166206e-05
4,0.008229027328029636,1.8411111775752073e-05,0.01799830601453688,0.004546166534418457,0.003856518315614192,0.0005684921073142431,0.0010963080484109502,0.0021960152273518005,9.255729382421031e-05,0.004287454244376357,0.00033333030648382823,0.003059249707763734,0.14035997556086746,0.004788753361887437,2.971788508788731e-07,0.0026853536803258518,0.00038153475274115445,0.32224093157065375,0.004743520780073921,0.47723406362559523,0.0009616351185089424,0.0001558970467330642,9.781690468330307e-05,3.638463002791747e-05,3.199954915100075e-05
5,0.008345179671464682,1.4325799536428644e-05,0.017007966833018532,0.004463318122479092,0.0032730132555029764,0.0004987085382466158,0.0009750218213505119,0.002038817593869885,8.641803581316999e-05,0.004385989071049377,0.0002896805952137183,0.0025465854715900583,0.11282300025330078,0.004356239149979034,2.649424816245919e-07,0.0024843318447634617,0.00035533775051045435,0.3372117673623868,0.003938061118062184,0.49372009942648043,0.000880276536779637,0.00014240093969532868,9.191934945398582e-05,4.0432645385657604e-05,3.084387158578007e-05
6,0.008584066698586662,1.761263787523261e-05,0.01837940887741763,0.004520570364571145,0.0038254546556734724,0.0005675169204204306,0.0010845152094289164,0.0022149458018544343,9.573321324143754e-05,0.00446085216621871,0.00031823402247621677,0.002811036861754043,0.12750834934739752,0.004577699576116798,3.078195481710703e-07,0.0026804399399571973,0.0003672336005120086,0.3180309652842087,0.004690204373604961,0.49399236194698487,0.0009491719652524838,0.0001545891187433445,9.729424265282721e-05,3.9039343400532975e-05,3.2396012102166206e-05
7,0.0067342505913541365,1.359210104316606e-05,0.012846893814259594,0.004035355018866747,0.0033446453963324823,0.0005962665369214074,0.0010470275712225821,0.0016349043588207077,9.802694392281972e-05,0.004859498792837794,0.0002551612001521091,0.002390673857774094,0.0827426705298507,0.005066341272521119,3.0793343426295756e-07,0.002803682854364939,0.00033444037124798025,0.3154589157223619,0.0035801350763460396,0.5509251885723454,0.0008887636392105687,0.00014831825632477712,0.00011388663501296586,4.043937060013137e-05,4.0613582871455276e-05
8,0.009078691462191753,1.707184374409062e-05,0.019514645923707257,0.004742471930432664,0.003891232872852312,0.0005570485489558341,0.001042681422377457,0.002130363635439535,0.00010167692354493307,0.004840354842552693,0.000328063334392454,0.0025087930725518734,0.1145849840074191,0.004714816288750257,3.3422499382979995e-07,0.002597822072384552,0.0003545132629269361,0.31698108312103807,0.004449532080943878,0.5062700637193219,0.0009542204497137232,0.00015652853306169213,0.00010023708138964136,4.827550343531975e-05,3.4493841878149486e-05
9,0.009001943781692745,1.626555841511952e-05,0.020317582189361028,0.00481075616105977,0.003752196877683599,0.0005484926930542349,0.000947527048051986,0.002163446333154004,9.934814527382171e-05,0.004844599327212069,0.0003227217393436728,0.0024348985549115135,0.11569339230643795,0.004642271297253363,3.1283603204611765e-07,0.0024991261480452882,0.0003604572809980208,0.30833301401562807,0.004397494490784383,0.5135427389560144,0.0009396298709988217,0.000155073525086009,9.733706162211544e-05,4.812800654934025e-05,3.124579533656648e-05
10,0.008584066698586662,1.761263787523261e-05,0.01837940887741763,0.004520570364571145,0.0038254546556734724,0.0005675169204204306,0.0010845152094289164,0.0022149458018544343,9.573321324143754e-05,0.00446085216621871,0.00031823402247621677,0.002811036861754043,0.12750834934739752,0.004577699576116798,3.078195481710703e-07,0.0026804399399571973,0.0003672336005120086,0.3180309652842087,0.004690204373604961,0.49399236194698487,0.0009491719652524838,0.0001545891187433445,9.729424265282721e-05,3.9039343400532975e-05,3.2396012102166206e-05
11,0.008542241396210222,1.7931938627412524e-05,0.018409420604613928,0.004566910454788545,0.003807526313416063,0.0005698653720837041,0.0011014459462490125,0.0022793983613863277,9.461881642786278e-05,0.004381040307389743,0.0003258227227267137,0.0029075052778767684,0.1345847189090299,0.004575463025309543,3.075324189218616e-07,0.0027218256060024945,0.00037700804262627823,0.31779049579794866,0.00480568229757671,0.4868636719342565,0.000954171303531324,0.00015558242903793593,9.755102456883284e-05,3.807082952534903e-05,3.172375637123531e-05
12,0.017690302720894936,2.1032053520945072e-05,0.037882479754455016,0.010764335003882415,0.002635940895526963,0.0007935913341657163,0.0016381079253926637,0.007771536545026549,0.00016439718146912683,0.008039429458358185,0.0006308505087822062,0.002698853957768808,0.26547485875454846,0.003042867780842876,6.290952011348543e-07,0.005771726016979234,0.000921294903989387,0.2479216108301358,0.00945042359129015,0.37496396020007566,0.0012531806453394694,0.0002682420174857994,8.885228626123505e-05,9.558762050964615e-05,1.5908918097765128e-05
13,0.008608613181331961,2.1742075808417045e-05,0.02049913125035082,0.005698766776572493,0.004521896614522206,0.0005920998315168697,0.001056087864122965,0.0023076015486883216,9.25578958215768e-05,0.0037286966658097846,0.0005144419797727953,0.0038930995051812485,0.1961774503540632,0.0055349088151806555,3.374411037148395e-07,0.0028495264743158234,0.00046764311053106884,0.32444314953253967,0.005121054942898753,0.4124612671100692,0.0010715305179660472,0.00015830026180718265,0.00011290650962387884,3.919402151305246e-05,2.7995718888313223e-05
14,0.008818383716235306,9.031084057413603e-06,0.01964746322074887,0.006628405178536663,0.002555666592262478,0.00041431652661609304,0.000873974554393449,0.0025106706828173287,0.00010444379478481275,0.005135388877376663,0.00022076396363525697,0.001574357777852206,0.07923626929690683,0.003687189067028873,2.601213300978605e-07,0.002378203788072452,0.0004235434961012448,0.35659678973194475,0.002463636926035757,0.5055926045419822,0.0008054273378202785,0.00013140482880238702,0.00010089540524321254,5.873695033103078e-05,3.217253908438111e-05
15,0.008584066698586662,1.761263787523261e-05,0.01837940887741763,0.004520570364571145,0.0038254546556734724,0.0005675169204204306,0.0010845152094289164,0.0022149458018544343,9.573321324143754e-05,0.00446085216621871,0.00031823402247621677,0.002811036861754043,0.12750834934739752,0.004577699576116798,3.078195481710703e-07,0.0026804399399571973,0.0003672336005120086,0.3180309652842087,0.004690204373604961,0.49399236194698487,0.0009491719652524838,0.0001545891187433445,9.729424265282721e-05,3.9039343400532975e-05,3.2396012102166206e-05
16,0.008180696057877902,1.6393642623716475e-05,0.016808507571817198,0.004422235214277325,0.003541206898657208,0.0005456762501552738,0.0010590798858126009,0.002038708680467191,8.750303002036798e-05,0.0044372650789020465,0.000307194292049005,0.0028609591120251823,0.12000187301533076,0.004628596143999141,2.85512137591662e-07,0.0026301919628258902,0.00036284109403737265,0.33520851764847676,0.004276929159499789,0.48729697744962824,0.0009750937461541705,0.00014796296388028366,9.534724710384399e-05,3.7596765240459125e-05,3.236157700076945e-05
17,0.007765800760071173,1.5199438745780622e-05,0.015248694809409089,0.003870725089926739,0.003074061308300572,0.0004733831264078534,0.0009450417838028136,0.0019777901536936126,6.958046407819988e-05,0.0034510579842723555,0.00028235094371452103,0.0031530689422318114,0.13037545109673537,0.004479727829030518,2.2328300103349772e-07,0.0022362218278263965,0.00036526768706330773,0.3559808719409588,0.0041744603740003095,0.46086611077419554,0.0009001128869199729,0.0001400034452139521,9.517180956781934e-05,2.8993443719780118e-05,3.062879711274257e-05
18,0.009655935939335667,1.9655283291168648e-05,0.02530202814914186,0.005841267319125846,0.005062948181577688,0.0006411641915973295,0.001169711190266472,0.0027661403959636666,0.00010703903527901269,0.00473092917288891,0.0003945666209294806,0.002688893676158941,0.1474249044548304,0.004363248988669088,4.0402407817797757e-07,0.0031291211636474046,0.0003557904824901622,0.2799176387396999,0.005625892413693321,0.4993909860577928,0.0010862777718702256,0.00015265195588302333,9.888548714271421e-05,4.688694373183458e-05,2.7032360915053965e-05
19,0.00828838297832922,1.7934414510261745e-05,0.01962740412719579,0.00488214526779974,0.004198902024427048,0.000550270550453585,0.0011498013139838428,0.002464710588240503,9.403128207289351e-05,0.004173710690496955,0.00034002065416875873,0.002938741418634621,0.14578986718405915,0.004535203952991317,3.189844848800164e-07,0.0027394888575762483,0.0003602476387699075,0.3061939602397342,0.004983618047314446,0.48538838135466755,0.0009635771259093176,0.00015672126137495593,9.585571091222209e-05,3.7006204371639333e-05,2.9698127520980716e-05
20,0.007931354225784771,1.9075390650707735e-05,0.020363358165512678,0.004969999003016053,0.0040645525753378545,0.0006411294319768498,0.0012722463411086586,0.0026637077845514086,0.00010054893879156166,0.004481811668753791,0.00035065371189196457,0.002887750227279999,0.13596656115663108,0.004662043246705264,4.166580585474224e-07,0.002762956867023263,0.00038299809247227334,0.27574311207312996,0.005357373398587736,0.5238753928350361,0.0011334793867257432,0.00018607675251532127,0.00010988348896329922,4.084331646207321e-05,3.267526303304768e-05
21,0.007587049594916912,2.0035643574051345e-05,0.022678565165551386,0.005106591148335185,0.003642827371000777,0.0008043571969467097,0.0014936097794927459,0.0034058690813290105,0.00011057757906554728,0.0037158022025239328,0.00030911841290779085,0.0027100601668022884,0.16528507719691143,0.004386429460715388,4.3662773603517194e-07,0.0028499227342163743,0.00048731743773203814,0.2516818342728283,0.005673984748084659,0.5168039226876049,0.0008676717803429822,0.00019722363063976372,0.00011694625048500783,3.400838285767549e-05,3.0761447399228016e-05
22,0.009245293948653959,1.5406540859979455e-05,0.018866098342037948,0.004796927364163579,0.0033670506243141324,0.0005018310741491461,0.0009265481469078379,0.002121680509359845,8.395395113865085e-05,0.004697121876966418,0.00032592826602486605,0.002836362900203814,0.12108608069102714,0.0043717339504456875,2.662034622759518e-07,0.002611560971685979,0.00038854612820993586,0.3539278756406769,0.004254593537211624,0.46428669340644624,0.0009863520053726234,0.00014547920382386591,8.678812885993151e-05,4.145666023519938e-05,2.8369927762428547e-05
23,0.008584066698586662,1.761263787523261e-05,0.01837940887741763,0.004520570364571145,0.0038254546556734724,0.0005675169204204306,0.0010845152094289164,0.0022149458018544343,9.573321324143754e-05,0.00446085216621871,0.00031823402247621677,0.002811036861754043,0.12750834934739752,0.004577699576116798,3.078195481710703e-07,0.0026804399399571973,0.0003672336005120086,0.3180309652842087,0.004690204373604961,0.49399236194698487,0.0009491719652524838,0.0001545891187433445,9.729424265282721e-05,3.9039343400532975e-05,3.2396012102166206e-05
24,0.011011631976209732,1.8966785602553274e-05,0.02082456403565324,0.003859865360787593,0.003039652114343674,0.0006365383333380398,0.0011821555834389099,0.0025551358352403795,0.00010615986352597242,0.0051972918531189875,0.0002822535994108129,0.0024448867098944035,0.102610918467717,0.0036940831277463247,3.85584964920052e-07,0.0023422793962032595,0.00039148336026414055,0.2973093376214313,0.005558017213745655,0.5354907462288984,0.001070078561807734,0.00019590973911468094,9.428625504067922e-05,4.648681213414416e-05,3.688558036734375e-05
25,0.008691176594099919,1.6428022666552343e-05,0.01892815878412997,0.004823405645471221,0.003796296453037404,0.0005182941750308188,0.0010811872565431207,0.0024273101236334063,9.027947570746109e-05,0.004265530096128536,0.0003297256878748147,0.0027887410365015387,0.13535043479142725,0.004366523560792195,3.025730932262958e-07,0.0026771622697577308,0.00036713294247744363,0.31824290531141486,0.004746104116701747,0.48520760173369354,0.0009687683064701434,0.000151872792719818,9.709829607414381e-05,3.799051748401415e-05,2.9569437069091298e-05
26,0.010057587694071444,1.728947165484504e-05,0.018951971118266575,0.004860981874003955,0.003878476970240057,0.0005716975528216411,0.0010391973514523368,0.002335403707252112,0.00011618203855044716,0.004639745601384488,0.00033519075707603415,0.002394303081267608,0.11658288565845219,0.004365802367463997,3.4365749767230426e-07,0.0026890137522053398,0.0003791542348497936,0.3055907626968093,0.004567259962076495,0.5153562124563315,0.0009172691906730362,0.00015262510796401675,0.00011422566277382112,5.167629366056412e-05,3.4741741200808275e-05
27,0.007782128067139453,1.714151894712982e-05,0.01732040944864532,0.004322075188268224,0.0038231687605008225,0.0006025009027738925,0.0011703257504989872,0.002220678015141504,0.00011244212847714829,0.0049427690582279195,0.00030710500162586297,0.00246312218494402,0.11433995761244448,0.004730974001544987,3.639697223985201e-07,0.0027159431918899776,0.0003548952416651949,0.27675486882481054,0.0047630345353055345,0.5499620804312372,0.0009274486072220555,0.0001795874575050611,0.00010704655871114314,4.3584530122600495e-05,3.634901262850827e-05
28,0.008584066698586662,1.761263787523261e-05,0.01837940887741763,0.004520570364571145,0.0038254546556734724,0.0005675169204204306,0.0010845152094289164,0.0022149458018544343,9.573321324143754e-05,0.00446085216621871,0.00031823402247621677,0.002811036861754043,0.12750834934739752,0.004577699576116798,3.078195481710703e-07,0.0026804399399571973,0.0003672336005120086,0.3180309652842087,0.004690204373604961,0.49399236194698487,0.0009491719652524838,0.0001545891187433445,9.729424265282721e-05,3.9039343400532975e-05,3.2396012102166206e-05
29,0.008584066698586662,1.761263787523261e-05,0.01837940887741763,0.004520570364571145,0.0038254546556734724,0.0005675169204204306,0.0010845152094289164,0.0022149458018544343,9.573321324143754e-05,0.00446085216621871,0.00031823402247621677,0.002811036861754043,0.12750834934739752,0.004577699576116798,3.078195481710703e-07,0.0026804399399571973,0.0003672336005120086,0.3180309652842087,0.004690204373604961,0.49399236194698487,0.0009491719652524838,0.0001545891187433445,9.729424265282721e-05,3.9039343400532975e-05,3.2396012102166206e-05
30,0.008584066698586662,1.761263787523261e-05,0.01837940887741763,0.004520570364571145,0.0038254546556734724,0.0005675169204204306,0.0010845152094289164,0.0022149458018544343,9.573321324143754e-05,0.00446085216621871,0.00031823402247621677,0.002811036861754043,0.12750834934739752,0.004577699576116798,3.078195481710703e-07,0.0026804399399571973,0.0003672336005120086,0.3180309652842087,0.004690204373604961,0.49399236194698487,0.0009491719652524838,0.0001545891187433445,9.729424265282721e-05,3.9039343400532975e-05,3.2396012102166206e-05
31,0.007769540026727784,1.846832203139476e-05,0.017465990978542064,0.0048366023325690415,0.0040615965093982204,0.0006717978402245897,0.0011715079956120809,0.001996469093663259,0.00010876108378913605,0.005083731546108918,0.00035622426069983556,0.0028539241053566226,0.12472215395621379,0.0053728947142269385,3.599603655142666e-07,0.003050103215100866,0.00039022446402252775,0.3049998605305367,0.004544538629174735,0.5091928755467773,0.000978824734123139,0.00016779023955935685,0.00010612988966129506,4.4658092672618e-05,3.497193284242067e-05
32,0.008490725452743214,1.7536379615947346e-05,0.018231274628581606,0.004345411371482717,0.003805316874297886,0.0005683306014037997,0.001085942705447298,0.002248136088911661,9.306748311118243e-05,0.004379045296606798,0.0003139195194473369,0.0028339401877340133,0.1272749213186648,0.004508121541617773,3.1105176121682673e-07,0.0026782163795478586,0.00036012461109753176,0.3116551958466044,0.004942734420741515,0.5008936374886341,0.0009494780719157939,0.00015730381151360428,9.761503150266387e-05,3.7499573102350205e-05,3.219426391285318e-05
33,0.010431582232666749,1.8881641548751417e-05,0.024851336997284583,0.004786704607853941,0.005823937509494939,0.0006147378307870735,0.0011570534924890447,0.002415177442054063,0.00014693637614027893,0.0058543723722834125,0.0003040927392336799,0.0015839703572176633,0.06882945249490739,0.003937451721827212,6.305833803491183e-07,0.0022807766131011362,0.00022452276088885534,0.21993698579932308,0.00536081637802875,0.6397447656057935,0.0012762249791425807,0.00017357117776792985,0.000127706497908403,7.073459427981396e-05,4.7577194596909227e-05
34,0.008260071969565195,1.7075728519541197e-05,0.018070819352048517,0.004540794545986327,0.0037427812127826263,0.00057167982192914,0.0010925909222586619,0.002189295525831992,9.356154052225859e-05,0.004445881398218207,0.00030972291173407134,0.0027908806122020095,0.12524493496056693,0.004571613639362967,3.047572521473186e-07,0.002694065978730505,0.000365976874032394,0.31847763970932547,0.004526703920722551,0.49672573601649,0.0009483422656518616,0.00015269153170735972,9.648489307328308e-05,3.828393957384722e-05,3.20659719120167e-05
35,0.010517754234563206,1.7416456117828996e-05,0.018114391793655996,0.004309983346825953,0.00346257464157669,0.0004863388873122584,0.0010087888836755176,0.002376564229217091,9.328460292735779e-05,0.0045355565274917235,0.0002942121139132141,0.002864815544559278,0.12779297075263166,0.003973071389453398,2.526140540054639e-07,0.002642718514801688,0.00037990168633930384,0.35939038847155735,0.004791496697484425,0.45175753713244304,0.0008942716180725204,0.0001438169217667987,8.421766093443678e-05,3.694335214271849e-05,3.0731926482665944e-05
36,0.007969784260795509,1.7726711300099898e-05,0.016034652770472935,0.004552877015625971,0.0034549326519316167,0.0006258310937617654,0.0011760269401063445,0.002455165365888933,0.00010097511450096626,0.0041915072465149575,0.0003101232225708217,0.0031163306841242447,0.14541556321980617,0.0045658580057686155,2.989679500440694e-07,0.003125893153265183,0.0004402501077918945,0.3133716499492737,0.004808185794725596,0.48305739983194684,0.0008813545436736148,0.0001577493892286251,0.00010529244454119087,3.366589666655729e-05,3.09056177679688e-05
37,0.008514232626930572,1.7732067373581576e-05,0.018317275720343605,0.004512344024803972,0.0038439137169450294,0.0005724731596940632,0.001093672796024797,0.0022218398850078007,9.605942158210005e-05,0.00445735770204057,0.00031764389028069974,0.0028234791648257566,0.12806036253020536,0.004592481273282073,3.094730477129964e-07,0.0026925881267906193,0.0003673639487923545,0.31642079208374196,0.00471357379403794,0.49508883113082697,0.0009515962915452178,0.00015526144244109634,9.767384617447204e-05,3.864183902373972e-05,3.250004423793449e-05
38,0.007812467211376905,1.7178104589587703e-05,0.016894668286064392,0.00423677225423795,0.0034655853297404465,0.0006795743851569344,0.0012693392657901832,0.0023644484175336603,8.572097243653035e-05,0.0042995384404099,0.00031330917033675865,0.0029538771194423724,0.13411945722486404,0.0042966272783739054,3.475951946268655e-07,0.003226733859289399,0.0003769082695828095,0.2954761537896214,0.005394078710876171,0.5113977322262204,0.0009954207136838777,0.00015602216199463178,0.00010379498844368949,3.384514710748966e-05,3.0399077631981913e-05
39,0.007941408631533229,1.640968387478406e-05,0.017595397777435115,0.004616004138132878,0.0036668735406531656,0.0005940798233084982,0.001179181577855639,0.002576567687392432,9.116542450578056e-05,0.004045020026932434,0.0002974357354884293,0.0027722828928231267,0.13145856567514633,0.0041570286209364,3.272138886061253e-07,0.002861622289866889,0.0003710369935807666,0.2945854675661602,0.004949020606767382,0.5148940876745485,0.0010025573785754586,0.00015333317469889797,0.00010938060270938576,3.4324287513152946e-05,3.142097567260362e-05
40,0.010462806627622548,6.7017942511432845e-06,0.0077590360561939145,0.009256134617484096,0.0012579827543940868,0.0005250739144121306,0.001882768735968172,0.005381057938519948,0.00015362256112174498,0.006413595385494172,0.00022338671160747862,0.0014763268949166363,0.11794659990543642,0.0029231320026176615,2.465957229790587e-07,0.005979503087808785,0.0007999758527177073,0.3572425530438652,0.003016996200825731,0.4661180444675919,0.0007948628778110894,0.00013536170022282202,0.00016856240611166004,4.788112546689244e-05,2.77867418152318e-05
41,0.009913381407530522,2.796062349150406e-05,0.024822976546112353,0.006137404298234431,0.006152496354798528,0.0007771828238482217,0.0012238526057766048,0.002644678799381615,0.00015064135893677887,0.005337368243183008,0.0004140695547057925,0.003071805027927535,0.16790233776714736,0.005228940135314476,3.9899628668446487e-07,0.003514123084486377,0.0004295192217028098,0.2891729818185752,0.005444275544366387,0.4662734095587213,0.0010182898375073418,0.00015738020752111595,0.0001049016002213664,4.666952008962807e-05,3.295506413294407e-05
42,0.008512081294316184,1.516734170342808e-05,0.013747295246820003,0.004429285779342763,0.003460162096260133,0.0005357189438557925,0.0009284972421909664,0.001366418070975769,9.847598565205046e-05,0.0042862854360440055,0.00029649439001600686,0.0024301875412916455,0.10371316804181155,0.0051589639164812936,2.2270513134373042e-07,0.0025258450565218207,0.00035707106990289335,0.3994604994470658,0.0027867976384350302,0.44490375103469254,0.0007000176282314346,0.00010601152549364966,9.883213467587147e-05,4.4451236413210885e-05,3.829919667479824e-05
43,0.008226822968907409,1.6354904060943945e-05,0.01747966688333414,0.004334558157673408,0.0037384662451489382,0.0005554597998892619,0.0010497490687281018,0.0021130868101486323,0.00010060104482093674,0.004960203221178088,0.00029451952843681045,0.002499668863434051,0.11264305044759927,0.004548345436517853,3.034697779678069e-07,0.0026356543189744977,0.0003412449305233133,0.30357306106837756,0.004515084208862543,0.5251139085461916,0.0009322066737896403,0.00015818306651946688,9.570188775763533e-05,4.0758601064801526e-05,3.3339848283207255e-05
44,0.008584066698586662,1.761263787523261e-05,0.01837940887741763,0.004520570364571145,0.0038254546556734724,0.0005675169204204306,0.0010845152094289164,0.0022149458018544343,9.573321324143754e-05,0.00446085216621871,0.00031823402247621677,0.002811036861754043,0.12750834934739752,0.004577699576116798,3.078195481710703e-07,0.0026804399399571973,0.0003672336005120086,0.3180309652842087,0.004690204373604961,0.49399236194698487,0.0009491719652524838,0.0001545891187433445,9.729424265282721e-05,3.9039343400532975e-05,3.2396012102166206e-05
45,0.008514152756694931,1.7747621011950178e-05,0.020346136156627864,0.0050813880605217856,0.004068237890632363,0.0006556608575196578,0.0014262105913277231,0.003115886149423598,0.00010539240668201513,0.004560280863114939,0.0003246649812085441,0.002608631313166682,0.13886560720045665,0.0039614767083788645,4.3058966258300874e-07,0.0033778455480496885,0.0003675913398825755,0.2675602299552575,0.005794623476201275,0.5279044307183081,0.0010026110022432943,0.00016786724822585416,0.00010389894021864486,3.961959211701856e-05,2.9378033066043148e-05
46,0.008905691717946395,1.6916675709766073e-05,0.018181163844578206,0.004928476655926074,0.003423229917939669,0.0005905135169381687,0.0010545874121510401,0.002361366482748084,9.507799192892474e-05,0.004411322135853493,0.0003254240019859712,0.002878014094924814,0.1325240185549675,0.00443258467266232,3.0148139874390056e-07,0.002842426251087851,0.0004227206898290491,0.32775636814152403,0.004487686032538034,0.4790741382011364,0.0009638193039520371,0.00015081954566836247,0.00010193972404074373,4.095112720733378e-05,3.044182535706775e-05
47,0.0015501214131160874,5.5298672517699285e-06,0.029796434575773297,0.05751797878454759,0.015197717707757973,0.0010797557482661601,0.0009664224235681311,0.0009227376769045938,0.00015554943227541693,0.004039194622993395,0.0008643769044687284,0.0007277820611829199,0.10009487829919704,0.02475579392320072,7.093023502021535e-07,0.004293064107933287,0.0002977304873436528,0.2053091611639896,0.00047332048854149464,0.5503670637347171,0.0009085751181246642,5.3280117813457474e-05,0.000427302482415188,0.00017001590810619162,2.550364816148793e-05
48,0.009405257859744366,2.030443490990565e-05,0.01912970899708755,0.004608784127778977,0.003522657801748056,0.0006667809012894435,0.0012336993251914848,0.002840813158152107,9.827498167439805e-05,0.004208778940717391,0.00032826805423903226,0.0031768421002698315,0.15707039512943483,0.004123623357597094,3.3409435664432083e-07,0.003070175289290422,0.0004483960074153969,0.3057356760871263,0.005735812193115021,0.4732673325282015,0.000980315178795254,0.00016204064999212912,0.00010109180182594132,3.5024156945087374e-05,2.9612843101887706e-05
49,0.007860207483609018,1.752845698922352e-05,0.01935045463790876,0.004304122814374307,0.003724762540933223,0.0005857425376374837,0.0010401287358125237,0.0020959226013680336,8.807573042775678e-05,0.004352399501330734,0.000307185031127432,0.0029078122978503287,0.12461564360600647,0.004691871632597481,3.0743501675524076e-07,0.0024838270081400573,0.00036225045312446313,0.3110622567338462,0.004648191072692472,0.5042173969948386,0.0009619198530251699,0.00016210809405060273,9.104918788593184e-05,3.7359815669851946e-05,3.147574373720733e-05
50,0.008327870240130023,1.5130433386482044e-05,0.015058973856233226,0.003410343645985718,0.0034960091797808755,0.0004457495971083544,0.0013860334518773546,0.00239472693918373,0.00010118821373337209,0.005536568800654076,0.00023015091855943984,0.002119576087705383,0.10517299349455374,0.003833647888644865,2.9407216164687603e-07,0.002654629649431503,0.00027318816169084805,0.2944896992199057,0.005380673677950567,0.5445177080674215,0.0008290957323959302,0.00017435684965714105,8.040114351186733e-05,3.249127976741335e-05,3.849939856923731e-05
51,0.0021509438200194046,1.632250806777934e-06,0.0025099726012321037,0.00029413569687894507,0.0005311644028875036,0.00017601185068241357,0.0005371549975939104,0.0009890624770658365,1.893205921718423e-05,0.0014604158954246978,2.852793096568927e-05,0.0006532454044401906,0.017800893601031466,0.0009885059878062107,1.0130133302618083e-07,0.0011887838266520692,7.143683806604257e-05,0.11622088020317196,0.005024671598924143,0.8489123037144422,0.00022701810214880412,0.00010302226569175658,7.870720709960559e-05,5.710574529588687e-06,2.6765391888777884e-05
52,0.008110900932383676,5.335448307672836e-05,0.025593091740632283,0.004811355402304831,0.006385459824542018,0.0013346714047967887,0.003134111249170416,0.006282170919148492,0.0001814526131520435,0.0036366634212590394,0.00039695268591723626,0.00355815767463641,0.22283956340472846,0.004932590073131664,1.3266516843905586e-06,0.0030719789375000467,0.00047174482332039685,0.14314581110696492,0.014394300960883104,0.5451631645440096,0.0017967412087349492,0.0003826444405334671,0.00023035657981276827,3.0004872308428702e-05,6.143004536781814e-05
53,0.016803258791368184,2.6219009425074142e-05,0.03643274590072312,0.005096756522899647,0.004809800420906786,0.000502357314690919,0.0005908079971678955,0.002039054116717134,8.434229948804079e-05,0.004919139072755079,0.0004606160082869079,0.003597308785169372,0.14442530310911153,0.004725979579407249,2.5328079659458466e-07,0.0019363911965454416,0.0004218972774023573,0.3981896542417637,0.0059449890650496665,0.36752401469152135,0.0011597152335197998,0.00015995648566556505,6.794440337985683e-05,5.445718206188713e-05,2.7038014176878236e-05
54,0.008287645858071352,1.2516166407565238e-05,0.023434541268471113,0.0055946726192188136,0.0036292963493891055,0.0004872747225988065,0.0008435583531620358,0.0023452933668968593,7.622989587041983e-05,0.003723692414657774,0.00034574885337621154,0.0023412744403577416,0.12639037335701317,0.004211459578941621,2.9707886107567033e-07,0.0021805394314626863,0.00034790308931087146,0.30038948022124295,0.004069751211413804,0.510026762837539,0.0009540230490607882,0.00014075640459190576,9.780234519235755e-05,4.525672337447603e-05,2.3850363517282885e-05
55,0.007998230741087345,1.4923357163773665e-05,0.018933445972838577,0.004776499106704403,0.00352949323075589,0.0005918450476092535,0.0010306193918982042,0.002315415300517579,9.134071171836742e-05,0.004586001110237098,0.0003156600304129421,0.002360774325518471,0.12247058528899332,0.004545101339747083,3.2225881693735304e-07,0.002678929616900232,0.0003621246929543438,0.2856000471367081,0.004653276553038418,0.5318730384284217,0.0009386741503786312,0.0001577802858089935,0.0001049224156604902,4.165231703948619e-05,2.929718907027526e-05
56,0.008549727569638363,1.8298226496709917e-05,0.018534474768114567,0.00454308861781421,0.003899587707817124,0.0005678656449615828,0.0010938528293303969,0.0022393950248764047,9.604026947852093e-05,0.004412063719260033,0.0003282851140930142,0.0029233410275911124,0.1349219972488842,0.004661587198464154,3.065793059170733e-07,0.0026922347382287363,0.0003741912311587854,0.3186583202198817,0.004795047968944124,0.48541919272854844,0.0009475512252777312,0.00015651723042922914,9.665684794043776e-05,3.820749010880062e-05,3.21687733557332e-05
57,0.009589108802623135,1.5962083938679047e-05,0.018002842096099966,0.006398738248571306,0.0035400917331940424,0.0006098601046343514,0.0011361026572043577,0.0020423228169141527,0.00012444124310047937,0.005606340369076641,0.00035060458482587834,0.002111234304626964,0.11454769461870873,0.005207036077642782,3.2508146935392274e-07,0.0029526047283105015,0.00042978109642953234,0.3564523484940309,0.003074999775621694,0.4666015465110748,0.0008643764178580251,0.00013438261073423963,0.0001088684868454693,6.2582668054088e-05,3.580438840979884e-05
58,0.009052152565329173,1.7944209744388903e-05,0.01899960208413047,0.004627919489391271,0.003834989584974076,0.0005719129431457914,0.0010844524027388634,0.0022173674083603395,9.931312140540881e-05,0.0046940106375379185,0.00033512287456668153,0.0027720835676143616,0.12588800268973255,0.004608493917120186,3.2551687244959397e-07,0.0027159366556780084,0.00037358225841510324,0.3186604428849217,0.004767375826387145,0.49337801018606947,0.0009673432757109136,0.00015918518580129574,9.789670952520286e-05,4.356897833955596e-05,3.296502648770048e-05
59,0.008479475506658129,1.7724980327995764e-05,0.018062061830442174,0.004476859308126933,0.003826431442140466,0.0005706360006934141,0.0010961572508113493,0.002226094022905141,9.482291193765814e-05,0.00437258812074059,0.00031537897930713495,0.0028636999915870112,0.13001435278740348,0.004566157748045378,3.0258318699588635e-07,0.002696604994835527,0.00036793079763927146,0.31840535236723333,0.004721510434387596,0.4915584878527476,0.000946991639954083,0.0001533849107715269,9.74790563467674e-05,3.728513125601979e-05,3.222935051441131e-05
60,0.008584066698586662,1.761263787523261e-05,0.01837940887741763,0.004520570364571145,0.0038254546556734724,0.0005675169204204306,0.0010845152094289164,0.0022149458018544343,9.573321324143754e-05,0.00446085216621871,0.00031823402247621677,0.002811036861754043,0.12750834934739752,0.004577699576116798,3.078195481710703e-07,0.0026804399399571973,0.0003672336005120086,0.3180309652842087,0.004690204373604961,0.49399236194698487,0.0009491719652524838,0.0001545891187433445,9.729424265282721e-05,3.9039343400532975e-05,3.2396012102166206e-05
61,0.004472409441229608,1.9369770491437742e-05,0.006781237259198783,0.0034595226610361646,0.004132369828516023,0.0006497839987366742,0.0021942246909143013,0.0024938299349570583,0.00010887592203996622,0.0031001582296626626,0.0002395660216899316,0.00412405135882677,0.20603720630996783,0.004994166106884614,2.2457847636743182e-07,0.004364954180817224,0.00036956662238618495,0.2866982774975536,0.005303633293157638,0.459347463422446,0.0007865253316921624,0.0001394077336280018,0.00013451935459239377,1.0511157113342848e-05,3.8145293985121296e-05
62,0.008584066698586662,1.761263787523261e-05,0.01837940887741763,0.004520570364571145,0.0038254546556734724,0.0005675169204204306,0.0010845152094289164,0.0022149458018544343,9.573321324143754e-05,0.00446085216621871,0.00031823402247621677,0.002811036861754043,0.12750834934739752,0.004577699576116798,3.078195481710703e-07,0.0026804399399571973,0.0003672336005120086,0.3180309652842087,0.004690204373604961,0.49399236194698487,0.0009491719652524838,0.0001545891187433445,9.729424265282721e-05,3.9039343400532975e-05,3.2396012102166206e-05
63,0.008732516828111053,1.8288445548921998e-05,0.01859735966023075,0.004524645910425049,0.0038879190737737407,0.0005739286053066587,0.0010969332404636648,0.0022259301218314053,9.747566867439218e-05,0.004492440442186353,0.0003231859690038095,0.0028648786625829863,0.12926893144604334,0.004616939568991127,3.1242824806703635e-07,0.00268424630799659,0.00037139807688783285,0.3193717060237278,0.0047604644512657624,0.4902061683448557,0.0009583819004439269,0.0001566045510352521,9.714174694502697e-05,3.9337050206223144e-05,3.2865475214525714e-05
64,0.008747863443454363,1.8561231298917208e-05,0.019230742735079815,0.004639882297961813,0.003955081568819222,0.0005771318989312631,0.001121694923226929,0.0023257454935257044,9.55282505369082e-05,0.004526532308756664,0.00032692747606473003,0.0028820371468415225,0.1258304063027264,0.004548999205902863,3.3476250616363745e-07,0.0026185004990097746,0.00036626262979112085,0.31264441483343314,0.00487690965247579,0.499265273141965,0.001065921639106906,0.00016232524472841153,0.00010000378483865964,3.9758272833998904e-05,3.316125618397246e-05
65,0.00851112686363203,1.298304766839252e-05,0.010799541689017169,0.0032436319385566246,0.0029931219685826235,0.0003856543328085375,0.0009350454881875483,0.001549552971858648,9.55889936219919e-05,0.004731867191313436,0.0002347466074626148,0.0025255238127419,0.10338011434982974,0.004348529932931086,1.6561737803713592e-07,0.002654454878616521,0.00031446881046443166,0.39341777506495784,0.003644234943001887,0.45534702173264285,0.0006046045158779544,0.0001266266477343147,7.633737395086693e-05,3.213238702832039e-05,3.5148840134643e-05
66,0.00902849866464863,1.7893561380969003e-05,0.01738753161609543,0.004220903241596663,0.0033825252222091026,0.0006434781371799654,0.0012455378546822689,0.002621323616625981,0.0001049392456343876,0.004176787675925238,0.00029302503986026627,0.0025615487053089617,0.1235587634579459,0.004104651073368101,3.629559872301713e-07,0.002722422737969206,0.00038499113043208804,0.2890780269467985,0.005248825734073178,0.5279474871055229,0.0009177678193625111,0.00016408734465878512,0.00011469156151190158,3.8993179432457246e-05,3.4936371789499685e-05
67,0.0050691595783411226,9.941314561504859e-06,0.010883733059268982,0.0032752275078251577,0.002006028931824925,0.0006176762690715527,0.0008525047807823588,0.0014155740878281425,6.35585454899156e-05,0.0036514365793575447,0.0002243593665836238,0.0022579638671826716,0.08284823677655288,0.004678629278169209,2.4340129326921275e-07,0.0021544892364268177,0.000353078023442133,0.28659328312139143,0.0030665165265153526,0.588806148634689,0.0008408828856258741,0.00014389965615658405,0.00012124013848628015,3.3672985231355706e-05,3.251544790223497e-05
68,0.013517566451483125,4.249964268173964e-05,0.02785952318721636,0.00690554765282817,0.010368440494809733,0.0010387869623549842,0.001393075306782751,0.0025168225694057974,0.00022614816923638117,0.007657289247908725,0.0007216269191594753,0.0030764444602928262,0.10961682822742344,0.007801768007596581,1.1314132419155583e-06,0.0038095930307059556,0.0004231947380231661,0.24140264964938077,0.00815211183345077,0.5512115402156058,0.0016163491618134064,0.0002837162574007079,0.00018481792135934154,0.00011179569410462883,6.073278573334815e-05
69,0.01900851213159183,4.109683734797911e-05,0.034124476606275794,0.014086765238664496,0.01384029282288163,0.0005896971330464022,0.002067446601439517,0.003499417436067694,0.00034524212662546505,0.00952097705509816,0.0005210221637158632,0.002530855460537195,0.1490465825226895,0.006038705266973879,5.861784396858003e-07,0.0064359039709027,0.000498615985154348,0.45118755822361495,0.0037611913510343284,0.2815857630201725,0.0008984144832214776,0.00013746908908834462,8.670607492888363e-05,9.144362473505533e-05,5.525859575241413e-05
70,0.007783778105548673,1.621528452677089e-05,0.017293270061265003,0.004578314167497704,0.0037002525640046718,0.0005736146459340871,0.0010613806234448517,0.002096894419237474,9.64944007433001e-05,0.004448316447840366,0.00029926443076973226,0.0026732333939593943,0.12303535070955293,0.004675568822578098,2.9032854188155884e-07,0.00273255603674434,0.00036761749302160427,0.3146264769865213,0.004202703534829278,0.5045380457580138,0.000884960104250686,0.00014710276676125692,9.800759865603344e-05,3.843688051279983e-05,3.1854435244059825e-05
71,0.009378840344703075,1.633082584739739e-05,0.013765299431634808,0.00429540860359356,0.003921253955641301,0.0005011681061514005,0.0011995263806507137,0.002420939980815005,0.00011741203141766275,0.0046413947407576905,0.0003167652636670366,0.00259598496263446,0.12272907537820804,0.004185151935518545,3.128794341645988e-07,0.0033397378217851436,0.00034637833480190576,0.31314048488733,0.004789927902201396,0.5071373400948267,0.0008306877478015862,0.00014587413007949052,0.00011030213699094406,4.038492965476444e-05,3.401719385303037e-05
72,0.008417650461667104,2.4844669848211046e-05,0.028437056939240243,0.0029136495038387545,0.0037115830008837007,0.0004709989978665543,0.0006818642442632585,0.0022230818127399166,5.325011374919319e-05,0.002699771491228524,0.00041029314831347966,0.005022523738685111,0.14048969039827425,0.00803639798093861,4.2315553538046675e-07,0.00104027712909562,0.00042019712518039147,0.2949786413490616,0.00940744738752637,0.4883821397169423,0.0015362998043202988,0.00041903732571355897,0.00014578488133277497,2.8192278402531216e-05,4.8903345352413e-05
