,0,1,2,3,4,5,6,7,8,9,10,11,12,13,14,15,16,17,18,19,20,21,22,23,24
0,8.819157903522547e-09,1.5054330075411262e-05,1.7699609123866402e-05,0.00022702222695626399,6.458298214499542e-05,1.5685962208217034e-06,1.1809833546421652e-05,7.362800544821446e-05,9.368899229346661e-05,0.0004049578712052677,8.182061386753319e-07,5.844868093269154e-06,0.000548457305906931,0.0006717297352625306,9.557266725620408e-05,0.011098461331023386,5.995836834024004e-07,1.4334750484896422e-05,6.765404462877749e-07,0.9866173063269759,2.670733499275908e-07,6.312830023513462e-06,3.3753640702333394e-07,1.1739557790275668e-05,1.7520420985258052e-05
1,7.460798266676313e-09,1.3439043451268607e-05,1.7164417067707512e-05,0.00020065091543530013,5.585349958717035e-05,1.4267919573708865e-06,1.101554512865449e-05,6.649872085253359e-05,8.786181947135891e-05,0.00040000853354334686,6.791255882781953e-07,5.079439215614574e-06,0.0005113847097632557,0.0006095643042255091,8.734283753323236e-05,0.011590849949294048,5.43024047993301e-07,1.3116297993097474e-05,6.535109746771004e-07,0.9862929055248416,2.5304517471366774e-07,5.461425943097349e-06,3.134719187145005e-07,1.1362530880218896e-05,1.6564055312958863e-05
2,2.5064646359390688e-06,0.000716716125537705,0.00047931624560345313,0.02248157406486068,0.0003563646845471176,1.4587365473163697e-05,0.0012319451741684936,0.001099989493646528,0.0003135987786715074,0.001402576915164938,1.2280879689875234e-05,0.00021388435494396348,0.06244041973882351,0.0007056934651932138,0.0002099467656117322,0.16542884258213844,5.1782709123923684e-05,0.0006969806695977473,7.56984195096697e-05,0.7416711025864531,1.1059324866490414e-05,7.693574866502634e-05,6.640720070482697e-06,0.00026979095221193805,2.9765770791448318e-05
3,8.819501572240299e-09,1.505445017903455e-05,1.769953963169795e-05,0.00022704057096549626,6.458475753066858e-05,1.5685389182233984e-06,1.1809962465225097e-05,7.362818548561735e-05,9.367985307904253e-05,0.0004049307079561783,8.182061303776793e-07,5.844989987390613e-06,0.0005484798478995056,0.000671674940207272,9.556952636988207e-05,0.011098756866251802,5.996292012288902e-07,1.4334946094167798e-05,6.765218813976744e-07,0.9866170632421164,2.6706654165918277e-07,6.312660658075654e-06,3.3753434913488653e-07,1.1739564430880719e-05,1.7519072168001727e-05
4,9.030280622318771e-09,1.5084163872927228e-05,1.784129954426498e-05,0.00022637865782401765,6.297612065794224e-05,1.5040609424786116e-06,1.1606957970413836e-05,7.295075177526027e-05,9.164423370503554e-05,0.0004001571296549581,8.216153179647603e-07,5.786379567220199e-06,0.0005745779020115986,0.0006766044439421309,9.151162228103546e-05,0.010680454818198529,5.905344622680208e-07,1.459883783314519e-05,6.706797813257607e-07,0.987018612790521,2.69883244200228e-07,6.400155312000422e-06,3.2830641728652e-07,1.173876234689918e-05,1.688086253529028e-05
5,8.32402056505714e-09,1.4191599052538852e-05,1.721354010326141e-05,0.00022894219615470786,6.269472973133092e-05,1.4794984221043303e-06,1.111215028821606e-05,6.804922346365657e-05,8.824304769123432e-05,0.0003926930135493577,7.570129234507676e-07,5.342179484793798e-06,0.0005408236441156063,0.0006355207109916448,8.60692196229725e-05,0.01045957501138379,5.635559672745287e-07,1.4542540491302106e-05,6.433067150475043e-07,0.9873379683253837,2.574159572999929e-07,5.676975247263246e-06,3.3524269029762895e-07,1.1635703341976546e-05,1.566183320686089e-05
6,8.819501572240299e-09,1.505445017903455e-05,1.769953963169795e-05,0.00022704057096549626,6.458475753066858e-05,1.5685389182233984e-06,1.1809962465225097e-05,7.362818548561735e-05,9.367985307904253e-05,0.0004049307079561783,8.182061303776793e-07,5.844989987390613e-06,0.0005484798478995056,0.000671674940207272,9.556952636988207e-05,0.011098756866251802,5.996292012288902e-07,1.4334946094167798e-05,6.765218813976744e-07,0.9866170632421164,2.6706654165918277e-07,6.312660658075654e-06,3.3753434913488653e-07,1.1739564430880719e-05,1.7519072168001727e-05
7,7.534442980454667e-09,1.5900778631433143e-05,1.879479011469322e-05,0.0002360225707258556,8.488266127085115e-05,2.148811715611583e-06,1.254329419267432e-05,8.1026366016184e-05,0.00013474472669443275,0.0005138217895679096,8.059218864025073e-07,6.659837267191213e-06,0.00036115107336695263,0.0009077961520845531,0.0001143491037195758,0.012884520389105007,6.93345418108685e-07,1.4334690889632798e-05,6.734617826210114e-07,0.9845618567545558,2.9651403757309453e-07,5.71495018734953e-06,5.26718093301788e-07,1.4231749986539498e-05,2.649601424673132e-05
8,8.823294100384025e-09,1.507184230788031e-05,1.7765386491103966e-05,0.00022733856632672846,6.465519797817149e-05,1.5678528770794662e-06,1.1761268080385783e-05,7.346620969238977e-05,9.376573679085105e-05,0.00040602973741122347,8.167366305637348e-07,5.838123816516342e-06,0.0005473099870682122,0.0006735635336763147,9.547181760654186e-05,0.011087366223793416,6.002539568047925e-07,1.4320974409530106e-05,6.740120422383845e-07,0.9866263708428461,2.6697529136128035e-07,6.29446172552386e-06,3.3863806642750636e-07,1.178058414084282e-05,1.755621367972718e-05
9,1.068844248542425e-08,1.554082443592765e-05,1.7408324863976127e-05,0.00024125793853098493,7.293498482791684e-05,1.778088247645837e-06,1.5057215864099528e-05,8.244463319243688e-05,0.0001003451634052038,0.00037164736508854405,1.0022319405812526e-06,7.020782785648856e-06,0.0006294650245758673,0.0006465281915645622,0.000109589971880437,0.011822082020847908,6.550752439321738e-07,1.5986614917114748e-05,8.025905482900238e-07,0.9858099499755216,2.9283320761198675e-07,7.5199280077682685e-06,3.4830783350720243e-07,1.1957694325382847e-05,1.837352990048153e-05
10,8.819501572240299e-09,1.505445017903455e-05,1.769953963169795e-05,0.00022704057096549626,6.458475753066858e-05,1.5685389182233984e-06,1.1809962465225097e-05,7.362818548561735e-05,9.367985307904253e-05,0.0004049307079561783,8.182061303776793e-07,5.844989987390613e-06,0.0005484798478995056,0.000671674940207272,9.556952636988207e-05,0.011098756866251802,5.996292012288902e-07,1.4334946094167798e-05,6.765218813976744e-07,0.9866170632421164,2.6706654165918277e-07,6.312660658075654e-06,3.3753434913488653e-07,1.1739564430880719e-05,1.7519072168001727e-05
11,9.010491674919434e-09,1.4974777113098278e-05,1.7731516130596558e-05,0.000226736732240343,6.356512880066587e-05,1.5434720167170827e-06,1.187075476922356e-05,7.299125634743826e-05,9.169033985908007e-05,0.00039670712086079977,8.243833475305686e-07,5.891929858215831e-06,0.000570493471249852,0.0006571878682230164,9.419457133361457e-05,0.011063563931270906,5.998806739837255e-07,1.4397510983236699e-05,6.8383107925087e-07,0.9866582983842729,2.688754246057791e-07,6.404124312427299e-06,3.3089710488441707e-07,1.1855552311654632e-05,1.7184679924478095e-05
12,1.9248671037816057e-08,2.9757339054760725e-05,2.3190202928129473e-05,0.0007577103922390591,4.355925440086451e-05,2.9774450730169614e-06,2.8135751746439337e-05,0.0002132564863056849,0.00015005195442660026,0.0007504385408336139,9.892591810443587e-07,7.820312118142407e-06,0.0013674980357790154,0.0007141653634121256,0.00018353213233496355,0.01906367583094112,8.145930313321914e-07,2.895013103915347e-05,2.3457200114762063e-06,0.9765900626647315,3.613085989290016e-07,1.4470023472524706e-05,4.681463274294752e-07,1.149691754809308e-05,1.425294579386227e-05
13,8.603949021230933e-09,1.4997678654899546e-05,1.7627429820512254e-05,0.00023195159790313053,6.377024232703185e-05,1.5897706057464306e-06,1.1889077253865363e-05,7.179004811596759e-05,9.406920862081416e-05,0.0004110325870140643,7.761990325412899e-07,5.715417088174728e-06,0.0005414758161370368,0.000650774653990284,9.496324014349957e-05,0.011436741671450815,5.99489257717627e-07,1.4282435078793347e-05,6.85178129647787e-07,0.9862992734695909,2.6241788763528985e-07,6.0792474935199795e-06,3.4698335379615193e-07,1.19661572536604e-05,1.7331379846741636e-05
14,8.822061399964366e-09,1.5026102728227586e-05,1.7727585520366968e-05,0.0002265910109309294,6.444445837608696e-05,1.5700572888473403e-06,1.1816209515114586e-05,7.368108836494671e-05,9.373525216420756e-05,0.0004048378570743186,8.16979027186537e-07,5.856602694519863e-06,0.000547666594159199,0.0006716553418270017,9.559868959431382e-05,0.011132181656975482,5.997862080659439e-07,1.4320221024447298e-05,6.751798408393299e-07,0.9865849649142183,2.668010561050599e-07,6.308641672628138e-06,3.3762802834700185e-07,1.1747304829894084e-05,1.756521481909087e-05
15,8.819501572240299e-09,1.505445017903455e-05,1.769953963169795e-05,0.00022704057096549626,6.458475753066858e-05,1.5685389182233984e-06,1.1809962465225097e-05,7.362818548561735e-05,9.367985307904253e-05,0.0004049307079561783,8.182061303776793e-07,5.844989987390613e-06,0.0005484798478995056,0.000671674940207272,9.556952636988207e-05,0.011098756866251802,5.996292012288902e-07,1.4334946094167798e-05,6.765218813976744e-07,0.9866170632421164,2.6706654165918277e-07,6.312660658075654e-06,3.3753434913488653e-07,1.1739564430880719e-05,1.7519072168001727e-05
16,8.220467949139012e-09,1.3510819732483823e-05,2.0309480994612614e-05,0.00019896870964781574,6.397684294684777e-05,1.4894881625513817e-06,1.1109908969076538e-05,6.357641141246524e-05,8.827936182484716e-05,0.000396688708883128,7.238583381504481e-07,5.357840674658047e-06,0.0004943592428189431,0.0006256911997306364,8.047883177906728e-05,0.011183116707503826,6.226331652734018e-07,1.2893011745740316e-05,5.628605903913403e-07,0.9867018072720439,2.6739704072873234e-07,4.939880805944083e-06,3.569125003366527e-07,1.3106530442334082e-05,1.7797867778403e-05
17,1.0117379572526907e-08,1.4781243054401891e-05,1.7751634733415882e-05,0.00024198334505554854,7.402715438151824e-05,1.5328265209327696e-06,1.2839103773880846e-05,7.301280460604809e-05,9.646232058149539e-05,0.0003615793416809653,9.294642472272718e-07,6.324276804962157e-06,0.0006134286611127397,0.0006980340161271824,8.701151448338669e-05,0.009745627623577963,6.053706984805344e-07,1.64209693562178e-05,6.684230885841025e-07,0.9879008370152628,2.8926174641809876e-07,6.573483991497476e-06,3.5422988187876387e-07,1.2561319709299388e-05,1.6354478143747543e-05
18,9.283390753909888e-09,1.5717397626347347e-05,1.7454439499628456e-05,0.0002742190086483472,6.663743239198331e-05,1.5604700462061747e-06,1.1568723961759031e-05,7.543796702001227e-05,8.835379878186984e-05,0.000401840275437628,8.17221334938414e-07,5.718251800257779e-06,0.0005973074446824801,0.0006156918366226875,9.517906709684543e-05,0.011046379942606736,6.167447790526197e-07,1.4730625914790022e-05,6.903094549086095e-07,0.9866362462089986,2.4986409052222805e-07,6.385439201601075e-06,3.2967878853598765e-07,1.1641014661408038e-05,1.5217553161977783e-05
19,8.806992573215273e-09,1.619940832369427e-05,1.7814713525771212e-05,0.00026680438996329125,6.693893232938935e-05,1.6673671662518051e-06,1.1640835083508293e-05,7.037572319691663e-05,9.818375486070795e-05,0.00043913247518333724,7.684950795603204e-07,6.040244385069898e-06,0.0005600043810757644,0.0006740360776635907,0.00010094687700835593,0.011464694120928707,6.15776537829831e-07,1.4130604645989729e-05,6.902273521534538e-07,0.9861522930523293,2.4513181405341563e-07,6.3740760222009045e-06,3.527763556328943e-07,1.2418756222211362e-05,1.762299595420279e-05
20,9.343140967456597e-09,1.578932153170861e-05,1.7262222448863212e-05,0.0002360750805337631,6.20102675519187e-05,1.5721995335191864e-06,1.1349120276324368e-05,8.061084914690991e-05,9.451891350916712e-05,0.0004310489754938557,8.73666851455881e-07,5.689966662895575e-06,0.0005923323226728033,0.0007127420281247507,9.9718225424157e-05,0.01032462283988868,5.767765837097016e-07,1.491041941520698e-05,7.146096446040889e-07,0.987262322927666,2.6648532492833326e-07,7.342334462178295e-06,3.120836054465235e-07,1.0739574899863807e-05,1.658944560639417e-05
21,9.934444699743838e-09,1.8533413565654033e-05,1.8102163819778296e-05,0.00026596130377358365,8.732609109558128e-05,2.452059345112302e-06,1.5881175336460553e-05,8.904604108935256e-05,0.00013897223535613143,0.000516122872529124,1.0638428906972274e-06,6.8827266732591996e-06,0.0005555682230120971,0.0007942214703092252,0.00013580741496624788,0.011844431499822996,6.701942488623722e-07,1.561490940964812e-05,9.635992048322379e-07,0.9854471099321825,3.206916161305551e-07,8.511393920606846e-06,4.2534947832665925e-07,1.2978711528552837e-05,2.3022750380756234e-05
22,8.933376996620184e-09,1.463348443552579e-05,1.7602076947300516e-05,0.00021765116598436684,5.89477701472482e-05,1.471311519569004e-06,1.0351032306892467e-05,7.665270356297934e-05,7.85817610272441e-05,0.00040282184274457723,8.09744913056665e-07,5.1597921768003705e-06,0.0005484553478456921,0.0006276028548864351,8.582370081099774e-05,0.010551851465729675,6.270263440451662e-07,1.4655918527243519e-05,6.419214531389533e-07,0.9872532755093417,2.673149978270375e-07,6.332837273825722e-06,3.171064155595085e-07,1.0409021715299289e-05,1.5048355515772704e-05
23,8.819501572240299e-09,1.505445017903455e-05,1.769953963169795e-05,0.00022704057096549626,6.458475753066858e-05,1.5685389182233984e-06,1.1809962465225097e-05,7.362818548561735e-05,9.367985307904253e-05,0.0004049307079561783,8.182061303776793e-07,5.844989987390613e-06,0.0005484798478995056,0.000671674940207272,9.556952636988207e-05,0.011098756866251802,5.996292012288902e-07,1.4334946094167798e-05,6.765218813976744e-07,0.9866170632421164,2.6706654165918277e-07,6.312660658075654e-06,3.3753434913488653e-07,1.1739564430880719e-05,1.7519072168001727e-05
24,8.773426804069216e-09,1.630990139931712e-05,1.728092192336708e-05,0.00025288493398980286,6.53418797894535e-05,1.5488050490728786e-06,1.1561317833884758e-05,7.466329622847685e-05,9.444157740521271e-05,0.0004254303752084559,8.066823941909527e-07,5.749432131243795e-06,0.0005675858078063338,0.00068993967158033,9.624487611246813e-05,0.010894073094938693,6.043378223703087e-07,1.4792503189536223e-05,7.094214641215266e-07,0.9867343467868661,2.6426337369621054e-07,6.478368554449366e-06,3.430594010764883e-07,1.1788713219148565e-05,1.6801198892393112e-05
25,9.516510220744477e-09,1.860176487380985e-05,2.0437892990943843e-05,0.00024844089748796334,6.899577169841503e-05,1.8261550200525996e-06,1.2560497777673903e-05,6.868425648558243e-05,0.00012079813860743489,0.0005129472784845235,7.987821281871134e-07,6.3728178065768944e-06,0.0005626351894257687,0.0007847138908881901,0.00012130940219133968,0.012629437363560227,6.671701404302612e-07,1.3678952742110567e-05,8.027722623762011e-07,0.9847609461385781,2.842475710579011e-07,6.950544935391125e-06,4.001538788791053e-07,1.446735054854071e-05,2.3233053406259486e-05
26,8.6857648511344e-09,1.4146866766228585e-05,1.8695294140079077e-05,0.00022432821965914435,6.560191242098509e-05,1.5131922774699864e-06,1.1232013212421143e-05,6.496522908945278e-05,9.369462053430681e-05,0.00039631533849517146,7.511842814529412e-07,5.496211342745593e-06,0.0005310832357852879,0.0006517331344006688,8.557380741225706e-05,0.010761716011695828,5.858214647140438e-07,1.4308899368765338e-05,6.213781712607713e-07,0.9870216108841943,2.659774058407822e-07,5.458189008976995e-06,3.613967484362793e-07,1.29315470310307e-05,1.7000949328189552e-05
27,9.839991718271149e-09,1.663108771523497e-05,1.7530476681867267e-05,0.0002616732283766971,6.765283290498596e-05,1.811246617926607e-06,1.2740714922706698e-05,8.141619342406666e-05,0.00010891311555479515,0.0004440793424203404,8.790239560492495e-07,6.482337058693076e-06,0.0005927688887143476,0.0007044623101420841,0.00011186100983959326,0.011816787494567367,6.035966328011522e-07,1.5207426087228605e-05,7.875988266148803e-07,0.9856983680094556,2.631476717981029e-07,7.5987222083233665e-06,3.51452138765974e-07,1.2212171235599638e-05,1.8908732854474333e-05
28,8.819501572240299e-09,1.505445017903455e-05,1.769953963169795e-05,0.00022704057096549626,6.458475753066858e-05,1.5685389182233984e-06,1.1809962465225097e-05,7.362818548561735e-05,9.367985307904253e-05,0.0004049307079561783,8.182061303776793e-07,5.844989987390613e-06,0.0005484798478995056,0.000671674940207272,9.556952636988207e-05,0.011098756866251802,5.996292012288902e-07,1.4334946094167798e-05,6.765218813976744e-07,0.9866170632421164,2.6706654165918277e-07,6.312660658075654e-06,3.3753434913488653e-07,1.1739564430880719e-05,1.7519072168001727e-05
29,8.819501572240299e-09,1.505445017903455e-05,1.769953963169795e-05,0.00022704057096549626,6.458475753066858e-05,1.5685389182233984e-06,1.1809962465225097e-05,7.362818548561735e-05,9.367985307904253e-05,0.0004049307079561783,8.182061303776793e-07,5.844989987390613e-06,0.0005484798478995056,0.000671674940207272,9.556952636988207e-05,0.011098756866251802,5.996292012288902e-07,1.4334946094167798e-05,6.765218813976744e-07,0.9866170632421164,2.6706654165918277e-07,6.312660658075654e-06,3.3753434913488653e-07,1.1739564430880719e-05,1.7519072168001727e-05
30,8.819501572240299e-09,1.505445017903455e-05,1.769953963169795e-05,0.00022704057096549626,6.458475753066858e-05,1.5685389182233984e-06,1.1809962465225097e-05,7.362818548561735e-05,9.367985307904253e-05,0.0004049307079561783,8.182061303776793e-07,5.844989987390613e-06,0.0005484798478995056,0.000671674940207272,9.556952636988207e-05,0.011098756866251802,5.996292012288902e-07,1.4334946094167798e-05,6.765218813976744e-07,0.9866170632421164,2.6706654165918277e-07,6.312660658075654e-06,3.3753434913488653e-07,1.1739564430880719e-05,1.7519072168001727e-05
31,9.203515050052725e-09,1.4952307666339818e-05,1.824062413612617e-05,0.00022148463667362014,6.262543310472329e-05,1.5577632950180294e-06,1.1906741768523067e-05,7.731551117545511e-05,9.069569657800651e-05,0.0003994351811330976,8.300391303660918e-07,5.892124348025216e-06,0.0005568943286613759,0.0006606949100839864,9.244558300537843e-05,0.011322029673115928,6.160874106642825e-07,1.4591711005940469e-05,6.637686603253692e-07,0.9864112524712388,2.7246211992525237e-07,6.368456901474809e-06,3.345889135891918e-07,1.1602161249839832e-05,1.728853510816616e-05
32,8.805947126619904e-09,1.5079376810841263e-05,1.7454866354239494e-05,0.0002292394210454074,6.436884375351419e-05,1.583885417112042e-06,1.2108051455628315e-05,7.366669287266142e-05,9.349909005723369e-05,0.0004040943351969032,8.170919125730687e-07,5.8273628600132525e-06,0.000556059175798827,0.0006550136251939598,9.709363900066232e-05,0.011348083501810397,6.063183801630815e-07,1.4482469349740579e-05,7.135547393693226e-07,0.9863739332218154,2.7245197705536605e-07,6.364591872107921e-06,3.41949898306223e-07,1.185788696803648e-05,1.742978951267513e-05
33,6.613085767879412e-09,1.3938548153854062e-05,2.014790045181146e-05,0.00017366425748655069,6.590839167877193e-05,1.6666785472122828e-06,9.825652826826033e-06,5.489576150131328e-05,0.00011788765553065973,0.0005145737758939083,6.44741656274738e-07,4.63495089784068e-06,0.0003867344443361005,0.0008110501403228912,9.99369460310111e-05,0.010622066631903357,5.14817237088065e-07,1.1364169683575405e-05,5.776290168040126e-07,0.9870483626269451,2.6652650747069327e-07,4.797263433330205e-06,3.82723815796918e-07,1.302681931629356e-05,2.3124333740406815e-05
34,1.627032269954871e-08,1.711142717231597e-05,2.1899874806350198e-05,0.00028005524736913134,8.275135896490468e-05,1.7697658459977157e-06,1.539067016609871e-05,8.796132570633464e-05,0.0001109201968761282,0.0003832638432868585,1.29021751323938e-06,7.26459537068854e-06,0.0008491597481812534,0.0007044444589863233,0.00011734918086135942,0.010376836955055823,6.730020029462545e-07,1.89796970552672e-05,9.029201006937577e-07,0.9868806019623819,3.4712217655987523e-07,9.065415803743157e-06,3.5304388915787896e-07,1.3644586423276651e-05,1.7947113680871177e-05
35,1.3659566570460759e-08,1.7514968974070996e-05,1.8812044658814585e-05,0.00026214259642051637,6.616076400951906e-05,2.1520052667570066e-06,1.701077337844397e-05,0.00012204469614365498,0.00011984369062136336,0.0004508486565830506,1.1100867670656789e-06,7.865380274968692e-06,0.0006958609829184111,0.0007076524138665964,0.00011397944883104777,0.013528642967622576,6.953866183021972e-07,2.0362784540006384e-05,9.779818653815322e-07,0.9838053587830126,3.147963164942568e-07,1.0038710857423777e-05,3.6711873461878767e-07,1.1482242945815593e-05,1.8747059205935793e-05
36,8.479162133155437e-09,1.5799338615510518e-05,1.595792630229799e-05,0.00023263849011186948,4.949296697086344e-05,1.5362311168859257e-06,1.1416411209760745e-05,8.433616713941236e-05,8.399641279951084e-05,0.00043439549116784074,7.131343761617306e-07,5.901594589524599e-06,0.0005770900591524471,0.0006179915278864247,9.831587435252721e-05,0.013182788758472182,6.33522563708232e-07,1.3871975843029831e-05,7.058451697855606e-07,0.9845392452949492,2.2391538059762053e-07,7.3779760485466444e-06,2.830861926880984e-07,9.537845875407237e-06,1.5741674551490044e-05
37,7.3644285795799025e-09,1.613161277716287e-05,1.589420373701055e-05,0.00022083179860009084,5.8941344161160213e-05,1.6884956696160145e-06,1.096673439388743e-05,8.119086647879492e-05,8.804681072227247e-05,0.0004514319816296464,7.820973295771169e-07,5.6080411706795444e-06,0.00048047377112863765,0.0006488459896468645,0.00011118202148406169,0.012618042328691598,6.350183739594629e-07,1.2365290253009527e-05,7.239694359258209e-07,0.985140295192913,2.4821465169055505e-07,6.756296175934975e-06,3.1680740394225236e-07,1.0128883447573149e-05,1.846486529529538e-05
38,8.043652324236432e-09,1.3277255338861618e-05,1.606714575526637e-05,0.00020301655171380952,5.0179845414814674e-05,1.5405722389471124e-06,1.2226934053027044e-05,6.911560929216759e-05,7.814372877374735e-05,0.0003705007471721963,6.89115041701691e-07,5.481808562208723e-06,0.0005518472176185359,0.000515071415735159,9.250655053493647e-05,0.013161107202858392,5.957178267262955e-07,1.3506486952592402e-05,7.084356142397466e-07,0.9848115128339958,2.426277856811928e-07,5.895969579230307e-06,3.0805146151288153e-07,1.070672827871721e-05,1.5743404749595542e-05
39,8.823589106060183e-09,1.4645402268010743e-05,1.7555511824785852e-05,0.00022147982384280098,6.287243582272436e-05,1.5846780208672852e-06,1.1981540892248924e-05,7.63065691689494e-05,9.074768470706668e-05,0.00039661469811162113,8.211024263464283e-07,5.872704680250361e-06,0.0005446312033105982,0.0006497224734239741,9.450218424608235e-05,0.011377096872189463,6.051896871107992e-07,1.4367313501963698e-05,6.745868743599252e-07,0.9863822665752711,2.679259139825726e-07,6.339029047973918e-06,3.3312256476443584e-07,1.1426089337999916e-05,1.727645927583276e-05
40,7.8621180428424e-09,1.4697834943515646e-05,1.6090653082086305e-05,0.00023361031607732554,5.957228655877827e-05,1.504184939181571e-06,1.1312479659730984e-05,7.501637215158898e-05,9.054649113418632e-05,0.0004117562584029816,7.405204065456841e-07,5.258266462074888e-06,0.0005284348419824302,0.0006328387923623111,9.046906110465448e-05,0.011210768836914577,5.566092575945504e-07,1.4453310628537609e-05,6.981551304361848e-07,0.9865683148334267,2.5156319636005815e-07,5.958742620307959e-06,3.3148695808021004e-07,1.1042067044818728e-05,1.5768173436837675e-05
41,7.1548747391831535e-09,1.0330791710578382e-05,1.8194560372745574e-05,0.00011119914433641506,4.449601540526809e-05,1.1566505032712579e-06,1.320018904224629e-05,6.673445647160437e-05,6.836544378762122e-05,0.0003125684836283895,7.298785680350364e-07,4.4233803267019835e-06,0.000509953525353528,0.0006365222343832923,5.0752930793901114e-05,0.008841263922269796,5.819509200762831e-07,1.4905655470627047e-05,5.354828099594843e-07,0.9892647456599905,3.67296676672221e-07,4.663194377517691e-06,3.1949264492372963e-07,9.758382191533464e-06,1.4224123090391292e-05
42,8.773419911887588e-09,1.4268274994574732e-05,1.914608385859054e-05,0.00022114052959948795,7.564556732812835e-05,1.4833584093729643e-06,1.1522076191435264e-05,6.441858052483895e-05,0.00010538784077519819,0.0003905286581668584,8.514534213505261e-07,5.744783459119825e-06,0.0005112743527029963,0.0007967558543873845,8.620872571250509e-05,0.008985688456079168,5.382610415631841e-07,1.510820878191897e-05,5.76341287720198e-07,0.9886562924789016,2.835740694849897e-07,5.28288734615296e-06,3.813910893039624e-07,1.3087100753521632e-05,1.8376387697749435e-05
43,7.463486106207871e-09,1.4429528462731747e-05,1.653609989949981e-05,0.0002124629153068164,5.700284368593421e-05,1.7065621812305791e-06,1.0490382900856937e-05,7.7240717370142e-05,9.112231998309352e-05,0.0004753966661087675,7.322309826731126e-07,4.8447273350663304e-06,0.00047965208438033357,0.0006422750776097723,9.856997395991724e-05,0.011476743413329717,5.663129851763028e-07,1.3457338370298418e-05,7.150513349932465e-07,0.9862921907150978,2.561150605550302e-07,6.294955110342039e-06,3.2744009023582497e-07,1.0245275623679478e-05,1.6733789344092168e-05
44,8.819501572240299e-09,1.505445017903455e-05,1.769953963169795e-05,0.00022704057096549626,6.458475753066858e-05,1.5685389182233984e-06,1.1809962465225097e-05,7.362818548561735e-05,9.367985307904253e-05,0.0004049307079561783,8.182061303776793e-07,5.844989987390613e-06,0.0005484798478995056,0.000671674940207272,9.556952636988207e-05,0.011098756866251802,5.996292012288902e-07,1.4334946094167798e-05,6.765218813976744e-07,0.9866170632421164,2.6706654165918277e-07,6.312660658075654e-06,3.3753434913488653e-07,1.1739564430880719e-05,1.7519072168001727e-05
45,8.898870298057432e-09,1.5060167310937362e-05,1.7647172623910306e-05,0.00022998293932152399,6.483086858587829e-05,1.5861813294967227e-06,1.1983355022170352e-05,7.451700407471907e-05,9.403963426171162e-05,0.00040425311474859006,8.232653248434302e-07,5.903212302045916e-06,0.0005531027565873562,0.0006653257418053553,9.661542001486521e-05,0.011212286893470428,6.009635764949874e-07,1.4408988217257203e-05,6.848203906257726e-07,0.9865001711271387,2.6597875466739344e-07,6.377345728599598e-06,3.3676440297600704e-07,1.1716063823129637e-05,1.7471322313685056e-05
46,1.2233212998304104e-08,1.8631586454398256e-05,1.788061403866731e-05,0.0003045973241856813,7.336832771971393e-05,1.92681462811045e-06,1.5003059522742628e-05,9.120004220162897e-05,8.74305369755919e-05,0.00038610749770930986,1.03160773112804e-06,8.102569495891456e-06,0.0006817954238842862,0.000593046777344104,0.00011817180766718012,0.01401772975467891,8.897417459587162e-07,1.605803608878346e-05,8.412244175152262e-07,0.9835258783228592,2.7768562337451e-07,8.545308846452336e-06,3.787830969374297e-07,1.2639646806654735e-05,1.8455273064904322e-05
47,2.6880358255007533e-09,4.025146904640321e-06,2.410067053905918e-05,0.00017425260285319676,0.00010504369210770375,7.609211947413858e-07,5.082004718659441e-06,3.328077412169208e-05,0.00010508833075746331,0.0004104867504436808,4.2987284285602246e-07,1.1056153476147523e-06,0.00018098207718173225,0.0012657241141345325,3.249240581281083e-05,0.002617756162033688,2.0785518429261466e-07,1.59253240031627e-05,2.6387888218384503e-07,0.9949998044575519,4.7246528946507753e-07,8.980603774457492e-07,5.93836213488831e-07,1.2443463129762358e-05,8.776830338458488e-06
48,9.625400554691029e-09,1.7225455325636473e-05,1.7473013776188568e-05,0.0002562792839971005,6.462869081515908e-05,1.712825829534458e-06,1.26967759443912e-05,8.421270232306273e-05,9.642489205947164e-05,0.0004409646565170192,8.663571058218096e-07,6.147394537232737e-06,0.0005911741248425645,0.0006840234347193617,0.00010496587386067188,0.011888686699329238,6.692676288306293e-07,1.5367253816477832e-05,7.826881827553594e-07,0.9856786908191876,2.7636523500644344e-07,7.376820906405854e-06,3.526294043114763e-07,1.145650026384299e-05,1.7535848991900955e-05
49,8.906787348625892e-09,1.398871828771078e-05,1.8137273532773295e-05,0.00021018239963855464,6.0993330317384465e-05,1.5385576486907156e-06,1.1412182632482166e-05,7.057032203748081e-05,8.704950237427068e-05,0.0003770104327251758,7.990441720317891e-07,5.918515872700619e-06,0.0005423010460813168,0.0006324452401084713,8.668628542938438e-05,0.010993577096463475,5.889720751915097e-07,1.40343356551624e-05,5.962723871076911e-07,0.9868371126901967,2.5558620282088415e-07,5.919877632241315e-06,3.2473300880287127e-07,1.1654343681924791e-05,1.6894335050751843e-05
50,9.901202322129757e-09,1.3460756207629127e-05,1.9833871678967273e-05,0.000228296691706472,7.800918903180395e-05,1.4960649100363734e-06,1.1500085399036953e-05,6.152245649350184e-05,8.333368935044402e-05,0.00031419737007345414,8.797514813386048e-07,6.760299850382255e-06,0.0005104289797558998,0.0006008838284768439,9.300933074379486e-05,0.011629610159801016,7.051192953118778e-07,1.3856548763047811e-05,5.488247208721858e-07,0.9862924051494865,2.690950872406823e-07,5.047828086281454e-06,3.8652682654400716e-07,1.4612119342394833e-05,1.8936362228847333e-05
51,4.957132090751029e-09,1.7282570063651366e-06,2.2828906923388953e-05,2.766176166004814e-05,9.4714680452133e-05,1.4199280273232605e-06,2.547537685978358e-05,1.830334297311643e-05,7.118350163111668e-05,8.588625137574407e-05,6.196863737195242e-07,6.036687924092021e-06,0.0002387329091117814,0.0002295195623100134,4.02351165789372e-05,0.017045560258378365,6.365361923134588e-07,7.026286988051005e-06,2.948075924413305e-07,0.9820161128812726,5.256588388195644e-07,1.29077656307328e-06,4.919050866366132e-07,3.099240526063599e-05,3.271755748734792e-05
52,7.657540695467554e-09,1.3160948992768074e-05,1.468522448842483e-05,0.00023717165870992864,4.8121020066933814e-05,1.481225230593812e-06,8.890891692399663e-06,7.537839605033045e-05,8.45434673566742e-05,0.0004888987384304956,6.599845087729583e-07,3.956643982041258e-06,0.0005235256864770501,0.0005958046096242104,8.784792664626738e-05,0.010030158472863263,4.644913318211484e-07,1.5987390781458595e-05,7.036149778112903e-07,0.9877414686282766,2.0701625921428173e-07,6.100952713947634e-06,2.8152979485672057e-07,8.612028570736068e-06,1.188179463247858e-05
53,8.828014231799143e-09,1.4594182751259839e-05,1.7645121786953634e-05,0.00022157111741628424,6.481014391560462e-05,1.6165060709932405e-06,1.2689069264944662e-05,7.437136258661892e-05,9.518458585901705e-05,0.0003895057672537903,8.21095160576812e-07,6.135146259660673e-06,0.0005433622238869015,0.0006617709457304798,9.558818318260131e-05,0.011498992341626466,6.021872387494613e-07,1.4440543266670125e-05,6.748836167913276e-07,0.9862488593040792,2.7071289524080907e-07,6.226513665834615e-06,3.4489914289540645e-07,1.1891036830732037e-05,1.802329849739212e-05
54,1.1614928158607337e-08,1.3528796695653752e-05,1.8259236889038488e-05,0.000289191345843335,7.589543021198084e-05,1.6471991243920364e-06,1.2917189360295514e-05,8.322629112495668e-05,8.333613335044874e-05,0.00034486696789323245,1.0233121895966406e-06,5.596015887109886e-06,0.0006619621924422061,0.0005933739266377567,8.179893005192269e-05,0.009008039186987784,6.417737058781718e-07,1.9186083757730663e-05,7.065039323049978e-07,0.9886735901296156,3.0597668893474527e-07,6.408918006043805e-06,3.788585007046949e-07,1.1619261255843882e-05,1.248872491898591e-05
55,8.17946975588041e-09,1.528247838205712e-05,1.777785200442372e-05,0.00021274507796391107,5.9396341667531376e-05,1.4713441949021496e-06,1.0060586022766346e-05,7.555872542286056e-05,8.593962389211117e-05,0.0004507282599658555,7.759975345449482e-07,4.821059767978398e-06,0.0005157733094885376,0.0006968357377430027,9.29216960642567e-05,0.010390918368400302,5.996482873446459e-07,1.375606582409936e-05,6.618740422709119e-07,0.9873204649012457,2.723482049254137e-07,6.3224782531860896e-06,3.183361724517573e-07,1.0315055493942715e-05,1.6274654491336863e-05
56,9.038523909522456e-09,1.5169601973147548e-05,1.7749944292406495e-05,0.00022885522518477206,6.431268794620962e-05,1.5740692863327125e-06,1.2007137779334935e-05,7.40797918215821e-05,9.356031020921389e-05,0.00040280914199658865,8.299707610306665e-07,5.918056654646195e-06,0.0005647864775116093,0.0006680014739982739,9.550910883240851e-05,0.01109895200097241,6.04364767056923e-07,1.454190629854397e-05,6.894990161238131e-07,0.9866037652435605,2.701385842349654e-07,6.4470774597348e-06,3.3731744134165454e-07,1.1817583754077832e-05,1.7402831374526375e-05
57,1.1463037457837749e-08,1.5919743515598805e-05,2.2947616642249967e-05,0.00028899257738265456,9.803564655699722e-05,2.270241622955242e-06,1.1149990020813396e-05,8.815915502404703e-05,0.00013089809855623878,0.0005007254696520379,1.0186400548261376e-06,6.745220433752782e-06,0.0004013069512778879,0.0010398346290385978,0.00010975680860405146,0.009315731663825691,7.076595695801911e-07,1.69128533508263e-05,4.7299438903646587e-07,0.9879058373303164,2.6328041294813096e-07,6.100510331607979e-06,5.43276068265877e-07,1.2914612303750737e-05,2.27435680116437e-05
58,8.593169611378044e-09,1.4450706630146472e-05,1.7468699414563754e-05,0.0002227191706568844,6.51407709961745e-05,1.5137801567741098e-06,1.1843991969392371e-05,6.731773746945704e-05,9.280605384931442e-05,0.000383301282480336,7.962132520403237e-07,5.798038112848851e-06,0.0005526044715467762,0.0006446036628531271,9.109076300126197e-05,0.010908377603825074,5.789999271508996e-07,1.421331090193122e-05,6.710030385616244e-07,0.9868683231272929,2.68297558023109e-07,5.900409235212246e-06,3.4281510246103767e-07,1.2562342523169027e-05,1.7298155036790995e-05
59,1.0078196466634064e-08,1.7034950097303247e-05,1.7479598901476978e-05,0.00025509633193477287,6.77591709403366e-05,1.7306290346703337e-06,1.3156570201796282e-05,8.944791685573471e-05,9.927382991135167e-05,0.0004265316719634226,9.454487124100606e-07,6.653205004855876e-06,0.0005959558473540771,0.0007107896715684416,0.00011235007258999293,0.011822730727107298,6.596858324772669e-07,1.5462065735182175e-05,7.707110487659853e-07,0.9857085052220186,2.713576925805632e-07,7.792082154973289e-06,3.35228831369692e-07,1.0918332712118703e-05,1.8339593599580048e-05
60,8.819501572240299e-09,1.505445017903455e-05,1.769953963169795e-05,0.00022704057096549626,6.458475753066858e-05,1.5685389182233984e-06,1.1809962465225097e-05,7.362818548561735e-05,9.367985307904253e-05,0.0004049307079561783,8.182061303776793e-07,5.844989987390613e-06,0.0005484798478995056,0.000671674940207272,9.556952636988207e-05,0.011098756866251802,5.996292012288902e-07,1.4334946094167798e-05,6.765218813976744e-07,0.9866170632421164,2.6706654165918277e-07,6.312660658075654e-06,3.3753434913488653e-07,1.1739564430880719e-05,1.7519072168001727e-05
61,8.934284987145619e-09,1.5364294333336076e-05,1.743353635584864e-05,0.00023187191204225466,6.426902575777404e-05,1.5868175020635988e-06,1.1922402352026302e-05,7.603285080196315e-05,9.357935203783053e-05,0.00040838538095850377,8.30729979572235e-07,5.9331469045488866e-06,0.0005553012350022087,0.0006719930482643474,9.840722713887693e-05,0.011255935313838443,6.063984166606946e-07,1.4447636519845003e-05,6.913586558341016e-07,0.986439330799829,2.6387609496547724e-07,6.548429087899808e-06,3.3334278020016936e-07,1.1445056235584375e-05,1.7477894825346652e-05
62,8.819501572240299e-09,1.505445017903455e-05,1.769953963169795e-05,0.00022704057096549626,6.458475753066858e-05,1.5685389182233984e-06,1.1809962465225097e-05,7.362818548561735e-05,9.367985307904253e-05,0.0004049307079561783,8.182061303776793e-07,5.844989987390613e-06,0.0005484798478995056,0.000671674940207272,9.556952636988207e-05,0.011098756866251802,5.996292012288902e-07,1.4334946094167798e-05,6.765218813976744e-07,0.9866170632421164,2.6706654165918277e-07,6.312660658075654e-06,3.3753434913488653e-07,1.1739564430880719e-05,1.7519072168001727e-05
63,8.945895007998126e-09,1.5912216122983462e-05,1.773081637495507e-05,0.00023197978917762575,6.50206932589169e-05,1.5954754336310776e-06,1.1906380717812254e-05,7.477494480409841e-05,9.460634526970963e-05,0.00041707333845463884,8.298741877356239e-07,5.981029505944985e-06,0.0005564320314893023,0.0006798972237118981,9.859043207890391e-05,0.011383031132627779,6.233385298658167e-07,1.437594384167341e-05,7.061215717486643e-07,0.9862917936497735,2.712221706867541e-07,6.565692428278555e-06,3.424576455551416e-07,1.1951459206527709e-05,1.79994457211388e-05
64,8.696529877489692e-09,1.4319413373728435e-05,1.8058204264344204e-05,0.0002093199537464885,6.458156936431366e-05,1.5076981709593657e-06,1.1977685720063884e-05,7.089366885134386e-05,9.12035729855433e-05,0.0003885293489147306,8.209072239346545e-07,5.602379086543647e-06,0.000544593663983416,0.0006712629204174879,8.9830315446456e-05,0.010666104373538857,6.002961129336113e-07,1.4423193386725662e-05,6.691325388997743e-07,0.9870998402975819,2.897764803693775e-07,6.008318223556547e-06,3.436725251896743e-07,1.1897605833666486e-05,1.7313335698582222e-05
65,4.894391201648653e-09,1.2616939613292216e-05,3.114965121654654e-05,7.285304688753211e-05,3.5379836326299495e-05,5.120339584884969e-07,3.977728258038302e-06,3.092534539336905e-05,0.00015366189591958844,0.000628426719167137,3.066108054849473e-07,3.299223010334661e-06,0.0003454181523286047,0.002009661433696851,2.6507433591938445e-05,0.0048395897824942335,2.170610665837215e-07,8.757866552568164e-06,1.3251448210758032e-07,0.9917559253503925,1.632124515647908e-07,2.9253819291852647e-06,1.939683017226836e-07,1.5095330420767496e-05,2.229858734441017e-05
66,2.2719047957640202e-08,4.7952158926179675e-05,2.8414257904874394e-05,0.0007392262730156522,0.00022442055396475766,7.756637089447256e-06,2.9691942082055657e-05,0.00014856567926225414,0.0003894244119502485,0.0010527293545902555,2.2425477399197556e-06,1.7320008455744345e-05,0.0005634808140660664,0.001713886378071424,0.0004150403418511576,0.020554497321780243,1.9280701030299226e-06,2.7936015242935713e-05,2.5862456259702696e-06,0.9739030101760986,6.906676902747898e-07,1.666735912427151e-05,1.9272049193815177e-06,3.701224771266506e-05,7.357061368448093e-05
67,1.2411811710122909e-08,2.061430892359428e-05,1.9879162082353517e-05,0.00028374533050215116,8.870073452192079e-05,2.145104794029329e-06,1.6474038979043028e-05,9.897987434526652e-05,0.00013585211906279906,0.00047492913543412476,1.164538076061262e-06,8.783376428818196e-06,0.0006446830851451096,0.0008423470180763515,0.00013991004749074146,0.013111137164099028,7.588632208706042e-07,1.6402712954527904e-05,9.345346285307097e-07,0.9840433305381449,3.1918499151060647e-07,9.700897316149665e-06,3.9357013950126306e-07,1.399888392179038e-05,2.4803364909175305e-05
68,5.791063059892823e-09,1.0949966839298026e-05,1.756517709656858e-05,0.00017943155140081956,5.724385561961821e-05,1.145244017293429e-06,8.510365936661925e-06,4.088698978625189e-05,8.671584575200943e-05,0.0003482108012679434,5.414075336799406e-07,4.5431136668175935e-06,0.00042973141033540664,0.0006842117466193824,6.477251210027692e-05,0.00837942893172251,4.1480662020202886e-07,1.112852338622959e-05,3.9497821582241975e-07,0.9896410657962343,2.0829907763032528e-07,3.5355631842637342e-06,3.1851953594801783e-07,1.290214658813011e-05,1.6136656399823936e-05
69,5.719698519969117e-09,1.0030488406890019e-05,1.6123285718247257e-05,0.00014824774455507377,4.409330234411459e-05,1.08698779300066e-06,8.496898143169457e-06,5.5717787655348024e-05,6.875666977618837e-05,0.0003495720022965194,5.432584586034865e-07,3.855876152674716e-06,0.0004305854250001247,0.0005921137207788057,5.712856768508792e-05,0.008909358457773096,4.2301736943629875e-07,1.225143367873396e-05,4.2942546561828346e-07,0.989264676293892,2.2307416917728334e-07,3.9333414386158945e-06,2.6533037072916156e-07,9.276828362007928e-06,1.2805063018166362e-05
70,8.091159345184257e-09,1.41623818903835e-05,1.5843434856995157e-05,0.00015109711765625946,5.5006375149489024e-05,1.8751455072943658e-06,1.4222564416521069e-05,8.138844509384614e-05,8.642329328617876e-05,0.00044292439563898905,8.451797049452102e-07,5.7039042064271925e-06,0.0004656295558411257,0.0005618477266472532,0.00010334464819384005,0.015277041557930774,7.968458261865206e-07,1.4667487776131569e-05,9.069576144447778e-07,0.9826666594838768,3.173651463656019e-07,6.916855083659914e-06,3.68197219936333e-07,1.129809246185375e-05,2.0704897815184445e-05
