,0,1,2,3,4,5,6,7,8,9,10,11,12,13,14,15,16,17,18,19,20,21,22,23,24
0,0.01319092785314475,4.599777317900942e-05,0.04586286434209467,0.01372519172843879,0.012714848440923805,0.0004287476811623462,0.0009555204053702104,0.0017440577017888987,0.00014576662799702084,0.004225198169704893,0.0010246028860015574,0.00450076906318,0.20131436186215898,0.011746710996503748,4.4405371756209323e-07,0.001859696607956646,0.0006179978759361436,0.4835464998323474,0.0027253554256848845,0.19802157051483296,0.0012102664009164211,0.00017914698499440774,9.091518245694348e-05,7.780826312974253e-05,4.473332637802096e-05
1,0.009903533050948992,2.6967927889077898e-05,0.02375081663431662,0.005832930037165313,0.007343667100512728,0.0005804367086599387,0.001090734005750089,0.0018234678644528835,0.000156855206758631,0.006170856506078877,0.0004905034935886686,0.003074838844042859,0.1355599357703376,0.006945290988476493,4.0070032844215226e-07,0.002875553142058894,0.00036287395827847653,0.3331405496988357,0.004789471179511722,0.45466187948950326,0.0010224418096602093,0.0001872563565938118,0.00010180479753772972,6.182655593144626e-05,4.510817278145016e-05
2,0.010042278831289424,2.9445512759539937e-05,0.025340813229340415,0.007153360667858763,0.006729147729309102,0.0006165633388020144,0.0010631280994616527,0.0017371157421954247,0.00013413637598525978,0.005324879270142535,0.0005821991537878421,0.0038493581395477525,0.16083670239077721,0.007818255625043707,3.799954655423009e-07,0.002738472818350945,0.0004695477693587267,0.38990852186777686,0.004009960652285522,0.37008857895560454,0.0011447831061703409,0.0001750775594672318,0.00010237293899484614,6.241814707109297e-05,4.2502083153723945e-05
3,0.009321408226131873,2.5803597075859505e-05,0.023834279904513672,0.005976885882907348,0.00681070312702199,0.0005757641258179436,0.001036392881021241,0.0017349478759611943,0.00013790532635762844,0.0055288968319153866,0.0004923298005995195,0.003166625595154585,0.13334541990153836,0.007345679573195662,3.9023813645346745e-07,0.0024832530697768323,0.000373552844895307,0.34336541368395657,0.00430949871255276,0.4486431493230348,0.001092505300567653,0.00018746208049665283,0.00010626135586141879,6.028829945525495e-05,4.518244205400987e-05
4,0.00891354168006876,2.6907653542539183e-05,0.023280533704037043,0.0059956909436539255,0.006848696502723698,0.0005753009867905726,0.0010450015069778684,0.0017158718006004639,0.00013299560092660964,0.005300532262242864,0.0005144275872045964,0.003438158306408011,0.1464434255186652,0.007665168752284638,3.757620313056402e-07,0.0024817019183407444,0.00038716630869953494,0.3470563153967993,0.004347737140954151,0.43233065308496643,0.0011041024505061272,0.00018857156555588382,0.00010656516937324716,5.604347704095102e-05,4.451491960533356e-05
5,0.009041125403956603,2.0951864974624437e-05,0.02208006420678629,0.005921435627439084,0.005850052733688153,0.0005050729281374482,0.0009309933838179027,0.0015868591438682922,0.00012451568394437608,0.005446009640551104,0.00044877618416173985,0.002858878737782323,0.117465929173796,0.007044568172613216,3.359922116831307e-07,0.0022921056948175707,0.0003604687866063553,0.3647853664658262,0.0035991748919230455,0.4482432803876162,0.0010146058353414117,0.0001727451652644604,0.00010063999842644373,6.27452327015613e-05,4.329866374792433e-05
6,0.009321408226131873,2.5803597075859505e-05,0.023834279904513672,0.005976885882907348,0.00681070312702199,0.0005757641258179436,0.001036392881021241,0.0017349478759611943,0.00013790532635762844,0.0055288968319153866,0.0004923298005995195,0.003166625595154585,0.13334541990153836,0.007345679573195662,3.9023813645346745e-07,0.0024832530697768323,0.000373552844895307,0.34336541368395657,0.00430949871255276,0.4486431493230348,0.001092505300567653,0.00018746208049665283,0.00010626135586141879,6.028829945525495e-05,4.518244205400987e-05
7,0.0073189733321675195,2.0157689668173075e-05,0.016893427893964537,0.005402604543051079,0.006092961829284118,0.0006092394972312606,0.0010126787400185462,0.001266437075306741,0.00014257487558007496,0.006047150308828206,0.0004040550152820339,0.0027126294571116647,0.08687844363234765,0.008366060557554145,3.9832540753348423e-07,0.002583047905284004,0.00033977962378395305,0.3443650947050743,0.0032872662715294956,0.5047926287280332,0.0010341269878609547,0.00018186766335389636,0.00012638789242374885,6.395981735846874e-05,5.8047632494654065e-05
8,0.00984365908709212,2.4986578448101763e-05,0.025380224623497847,0.00630392053023245,0.006968302578119341,0.0005646849664244582,0.000996473339963269,0.001658120088269999,0.00014663448614476732,0.006018695603462904,0.0005091188077228529,0.002817931324597873,0.11933537458178956,0.007644077439952114,4.2453508135157914e-07,0.0023976541270318095,0.00035989718304901114,0.343369489704108,0.004068388713945914,0.4600665873732833,0.0011016537855755267,0.00019016451530871003,0.00010992296024171767,7.508467061150972e-05,4.852839604542541e-05
9,0.009784035604215998,2.376190565945688e-05,0.0264745180836352,0.006406835420886685,0.006712043293901131,0.0005553650073467425,0.0009021205942963742,0.0016848311917863224,0.00014309819365884645,0.006028910313786671,0.0005020844475929624,0.002741158296772685,0.12065856920921998,0.007525001832406218,3.9645184214092457e-07,0.0023085803018608585,0.0003669801382933975,0.3347738991874799,0.004023505346538696,0.4668829872171863,0.0010871952492233887,0.00018844764238360134,0.00010677969253390495,7.50300443131785e-05,4.3865333179179546e-05
10,0.009321408226131873,2.5803597075859505e-05,0.023834279904513672,0.005976885882907348,0.00681070312702199,0.0005757641258179436,0.001036392881021241,0.0017349478759611943,0.00013790532635762844,0.0055288968319153866,0.0004923298005995195,0.003166625595154585,0.13334541990153836,0.007345679573195662,3.9023813645346745e-07,0.0024832530697768323,0.000373552844895307,0.34336541368395657,0.00430949871255276,0.4486431493230348,0.001092505300567653,0.00018746208049665283,0.00010626135586141879,6.028829945525495e-05,4.518244205400987e-05
11,0.009278694180226251,2.6295810669597404e-05,0.023798425584649802,0.006014722295669967,0.006756270412171318,0.0005781035930646658,0.0010525146134970358,0.001790843231630992,0.00013633246485522768,0.005419690514565341,0.0005026256287183645,0.0032781878989173244,0.14101143762492352,0.007296980547900687,3.8910889069599757e-07,0.0025260398661982406,0.0003835589377043877,0.3422755075667103,0.0044236651840399155,0.44195744622117583,0.001095172834027269,0.00018826663201793945,0.00010626424969527525,5.8524598369034386e-05,4.4040399710954695e-05
12,0.018156558323313227,3.0851861962438315e-05,0.04668088312741168,0.01398451514116056,0.004604816502135509,0.0007915129546272253,0.0015390893456960332,0.0056196651759411916,0.00024092792095154765,0.009525844092471794,0.0010206169262538295,0.0030338149087645733,0.27889653357335853,0.005021556130318994,8.018041915992973e-07,0.0050751109211529515,0.0009475844283322637,0.26113849183958865,0.007989844981430351,0.3337352553391333,0.001369785006996167,0.00032310242462063707,9.82101706448022e-05,0.00015244866898682136,2.2178430555234352e-05
13,0.009241035149991807,3.130438886190241e-05,0.0262473504825228,0.007488701377853184,0.007946839094247447,0.0005913085223096634,0.0009952107502899067,0.001780286629452247,0.00013222423501257696,0.0045677657943856914,0.0007906430724997301,0.004309866823482453,0.20232502231245422,0.008796923583097882,4.2241788865324214e-07,0.002606204709801505,0.00047037235880759376,0.3464018984580907,0.004617402153361077,0.3690336216134224,0.001215446019722771,0.00018915985694505845,0.00012210485135498425,6.035923037180012e-05,3.852611377175895e-05
14,0.009422895079273463,1.3260997643072976e-05,0.025872596750525008,0.00877699073095111,0.004629770453712638,0.0004167569812861887,0.0008200921332265804,0.0019415624054760858,0.00015060031966199184,0.0062460471509401825,0.0003452569356175355,0.0017770342580135318,0.08315281603114236,0.0059620867495523465,3.2744968356505245e-07,0.002154709665588304,0.00042850334470481087,0.3830194524434851,0.002227391796707173,0.4613068920640872,0.0009307034857110376,0.0001580620947480784,0.00011071229382430491,9.104032499824314e-05,4.443805944015637e-05
15,0.009321408226131873,2.5803597075859505e-05,0.023834279904513672,0.005976885882907348,0.00681070312702199,0.0005757641258179436,0.001036392881021241,0.0017349478759611943,0.00013790532635762844,0.0055288968319153866,0.0004923298005995195,0.003166625595154585,0.13334541990153836,0.007345679573195662,3.9023813645346745e-07,0.0024832530697768323,0.000373552844895307,0.34336541368395657,0.00430949871255276,0.4486431493230348,0.001092505300567653,0.00018746208049665283,0.00010626135586141879,6.028829945525495e-05,4.518244205400987e-05
16,0.008835076956456269,2.395600899400923e-05,0.021883698598807563,0.005864373221174735,0.006341824186238013,0.0005522650133185996,0.0010101911809678064,0.0015779992659897824,0.00012544910099292737,0.00549130895197404,0.00047736658985434376,0.003213039992319673,0.12469540411463721,0.007510856237937113,3.631174962971165e-07,0.002414391260930698,0.0003670408034222294,0.3624067287934149,0.0039049602431305607,0.44178989714619304,0.0011257649356412138,0.00017976095750500397,0.0001043805047411616,5.839926142206494e-05,4.550355644061737e-05
17,0.008346590888606707,2.2123122685809267e-05,0.019767385601208182,0.005081692428831485,0.005489370933124058,0.0004686867991090578,0.000883982117232584,0.0015398551342774085,9.977493507472961e-05,0.004228505644885538,0.00043159729479833454,0.003537342265480172,0.13522213284937287,0.007140943970859296,2.761823615562916e-07,0.0020263526622660575,0.00036763622556105054,0.38295386093235956,0.0037757357398779984,0.41722165803327943,0.0010372093300643182,0.0001679242748011516,0.00010297914360857808,4.4120859733101514e-05,4.2262630540901775e-05
18,0.010587583578206092,2.912237056689636e-05,0.032989843360996196,0.0077476057849847875,0.00907460074129461,0.0006576123201008612,0.0011304373983358383,0.002182396157209821,0.00015682587935813102,0.005870038654385102,0.0006178563661199656,0.0030119677754821363,0.15490448041685562,0.0069878438044712705,5.211618847392838e-07,0.0029158520663604493,0.00036287743061893916,0.2999908787634652,0.0052273978737355595,0.4538964729879043,0.0012516355555035167,0.00018557981745380105,0.00010937094944297952,7.335314467039791e-05,3.784564059271219e-05
19,0.00897648251319434,2.6354299541137132e-05,0.02540107403305067,0.006380639808602649,0.007462280072424988,0.0005514041114089156,0.001088580676904945,0.0019514116014427894,0.00013556537293793445,0.005119806936957132,0.0005196096991203374,0.0033247999455400983,0.15310289103690236,0.007144741116983276,3.979039839111947e-07,0.0025203893636417973,0.00036543302505409624,0.328593604350122,0.0045796653213507395,0.44125855886916243,0.0011073612229968454,0.00018862146959358565,0.00010363980265867886,5.597416775330793e-05,4.071327867085864e-05
20,0.008694236529510794,2.829139260537399e-05,0.026681804645759723,0.006613211965638662,0.007319886421092396,0.000657963973768058,0.0012274061612650145,0.002098856680120621,0.00014652956499487614,0.005588906738466153,0.0005488646048190113,0.00326231534713025,0.14302313329893984,0.00753749544862357,5.361902877664235e-07,0.002573531276800222,0.00039159647638235774,0.29815517118315055,0.004982508484626683,0.4786918248335143,0.0013168784376663245,0.0002275239864164366,0.00012161612399538675,6.382460362665061e-05,4.6085630799064536e-05
21,0.008446600390610386,3.048519224771702e-05,0.029798678635601872,0.006740664600860385,0.006598571842138327,0.0008417854561556687,0.0014680678809618202,0.0027319980542321776,0.0001652452327577025,0.004615358923991095,0.0004897839930035112,0.0030601960921519218,0.17642315072853415,0.006980556437741143,5.755534085692039e-07,0.002686405418863928,0.0005002845862299121,0.2677814992747098,0.005417455972037002,0.4737471406476335,0.0010059151340411463,0.0002415347311448528,0.00013126045552154343,5.345620604021491e-05,4.332855938147368e-05
22,0.009909763106397594,2.2569364502117736e-05,0.024437902748865436,0.006283456759590139,0.0060232104818646335,0.0005054269739237171,0.0008794429094974264,0.0016255575985039297,0.00011952570813685199,0.005745734296481248,0.0005059960009571803,0.003193462824698796,0.12571450056822206,0.007060395038331843,3.3767224159594714e-07,0.002372967585256195,0.00038936428167779644,0.3802607271150472,0.0038755733432609724,0.4195672324280714,0.0011329987459516133,0.00017576017120016498,9.443227368153404e-05,6.392820697073549e-05,3.973379666775537e-05
23,0.009321408226131873,2.5803597075859505e-05,0.023834279904513672,0.005976885882907348,0.00681070312702199,0.0005757641258179436,0.001036392881021241,0.0017349478759611943,0.00013790532635762844,0.0055288968319153866,0.0004923298005995195,0.003166625595154585,0.13334541990153836,0.007345679573195662,3.9023813645346745e-07,0.0024832530697768323,0.000373552844895307,0.34336541368395657,0.00430949871255276,0.4486431493230348,0.001092505300567653,0.00018746208049665283,0.00010626135586141879,6.028829945525495e-05,4.518244205400987e-05
24,0.01223322216392285,2.860636501946126e-05,0.027192611919930013,0.005100210080785597,0.005456164922181601,0.0006614622013831692,0.0011572966407302411,0.002059334062372382,0.0001576591107868319,0.006474671900187124,0.00044329710143811956,0.00277965742498732,0.10979783464878272,0.005858926483534577,5.012810612622595e-07,0.002218829057632311,0.00040375737255347156,0.3191858785104023,0.005268961835219692,0.4918170793093191,0.0012359500306425763,0.0002394022744858012,0.00010470230357140154,7.247038099917054e-05,5.151261807080409e-05
25,0.009505603505920251,2.2613299221300388e-05,0.025226654385611013,0.006772240541917161,0.006730351911085319,0.0004826908884861111,0.0010419899551591435,0.0020702369851307236,0.0001234861137164234,0.00501461253047194,0.0005325017573936751,0.0031085236497506064,0.1503239578540074,0.006693977536598775,3.825242998233182e-07,0.0024671411904001826,0.0003710457747590732,0.34157649997153755,0.004404199953915905,0.4320208411580221,0.0011284508820691025,0.00018089911412770868,0.00010595689976768545,5.739977187028137e-05,3.7741844760755064e-05
26,0.010994378207132505,2.5750637432451185e-05,0.024634441058069487,0.006396188378587333,0.006948502447982657,0.0005860585623892867,0.0010041068669820012,0.0018448699775630679,0.00016921268761280938,0.005742526850930575,0.0005220035977830363,0.0027170156918911973,0.12323497470472586,0.006979067592217102,4.409520927104233e-07,0.0025057656266476436,0.0003864908399988093,0.3288220843158111,0.004255510452887353,0.4707339224357702,0.0010570475815779837,0.0001856649352971947,0.0001255088582580829,7.988347885104681e-05,4.858326150849624e-05
27,0.008552429564906375,2.5386267939625694e-05,0.022614561217854046,0.005765624418474126,0.006851118199010497,0.0006180158951370963,0.0011332988885752627,0.0017665295201805167,0.00016441580840604204,0.006182015784883053,0.0004798823811890303,0.002799977091228847,0.12115922234547781,0.007619828812334039,4.665440142356153e-07,0.002552544729735417,0.000365331218543029,0.3010653620999947,0.004426549946212218,0.5043276507532997,0.0010733428098652952,0.00021954111785534226,0.00011799981493699895,6.796788291137413e-05,5.093688703525501e-05
28,0.009321408226131873,2.5803597075859505e-05,0.023834279904513672,0.005976885882907348,0.00681070312702199,0.0005757641258179436,0.001036392881021241,0.0017349478759611943,0.00013790532635762844,0.0055288968319153866,0.0004923298005995195,0.003166625595154585,0.13334541990153836,0.007345679573195662,3.9023813645346745e-07,0.0024832530697768323,0.000373552844895307,0.34336541368395657,0.00430949871255276,0.4486431493230348,0.001092505300567653,0.00018746208049665283,0.00010626135586141879,6.028829945525495e-05,4.518244205400987e-05
29,0.009321408226131873,2.5803597075859505e-05,0.023834279904513672,0.005976885882907348,0.00681070312702199,0.0005757641258179436,0.001036392881021241,0.0017349478759611943,0.00013790532635762844,0.0055288968319153866,0.0004923298005995195,0.003166625595154585,0.13334541990153836,0.007345679573195662,3.9023813645346745e-07,0.0024832530697768323,0.000373552844895307,0.34336541368395657,0.00430949871255276,0.4486431493230348,0.001092505300567653,0.00018746208049665283,0.00010626135586141879,6.028829945525495e-05,4.518244205400987e-05
30,0.009321408226131873,2.5803597075859505e-05,0.023834279904513672,0.005976885882907348,0.00681070312702199,0.0005757641258179436,0.001036392881021241,0.0017349478759611943,0.00013790532635762844,0.0055288968319153866,0.0004923298005995195,0.003166625595154585,0.13334541990153836,0.007345679573195662,3.9023813645346745e-07,0.0024832530697768323,0.000373552844895307,0.34336541368395657,0.00430949871255276,0.4486431493230348,0.001092505300567653,0.00018746208049665283,0.00010626135586141879,6.028829945525495e-05,4.518244205400987e-05
31,0.008460523631239081,2.710140482803947e-05,0.022670512692622487,0.006439469194023724,0.007257458962740191,0.0006832053515123936,0.0011270732619479715,0.001566877640585277,0.00015824130101650406,0.006325127028769955,0.0005545592590881028,0.0032060132157053067,0.13066318870324664,0.008665562787832577,4.5904810572811845e-07,0.0028361789127474553,0.00039791417152502744,0.33004782706429003,0.004166959410769041,0.46318154590947475,0.0011253062301841861,0.00020370373944065333,0.00011655419969958323,6.96637723742518e-05,4.897310623117108e-05
32,0.009252210551626809,2.5810334029315314e-05,0.02366044170769755,0.005740675273927098,0.006780892179678206,0.0005786664162142437,0.0010410170156742058,0.0017695781053722339,0.00013458610388226763,0.00543226377277312,0.00048627367844819103,0.0032001862895564845,0.1336220667117406,0.0072167950119015065,3.954322161325292e-07,0.0024905141261507982,0.0003671728338439965,0.33628214187471156,0.004565954486098157,0.45585804716124906,0.0010937268537442072,0.0001909742087081394,0.00010681351506825241,5.790556856715903e-05,4.4890787120865135e-05
33,0.011607459841410426,2.910777686728719e-05,0.0335944257593405,0.0063979130699682776,0.01093323432246201,0.0006373059043877085,0.0011287665051772898,0.0019293186163268678,0.00022040362926020664,0.007308386116522836,0.0004864055272743515,0.0018158021015946795,0.07353061620236469,0.0064532665048269424,8.292286442635864e-07,0.0021062871478248345,0.0002299328409074894,0.2381938100057005,0.005106954801706212,0.5962234392260262,0.0015254994753515206,0.00021540409667945281,0.00014501667390257806,0.00011184093024633173,6.857369522664728e-05
34,0.009023360799523348,2.514296945972512e-05,0.023491846641625864,0.005999829627792035,0.00668432367263235,0.0005797248649750873,0.0010436222749761247,0.0017194039613269933,0.00013529133904243372,0.00551454395725106,0.00048104162830451966,0.003149284326715743,0.1314171073414476,0.007334693216259813,3.8700270848944924e-07,0.002496208718616222,0.0003726744402792878,0.34385329480463755,0.0041834066466801215,0.4510078594649172,0.0010918487607675862,0.00018552705825369267,0.00010551935509396598,5.927643459582422e-05,4.4780692117208206e-05
35,0.011283589007820827,2.561998408502647e-05,0.02334516193278169,0.005588906039060353,0.006161784961704311,0.000488185030846662,0.0009555664595310753,0.0018402038499717441,0.00013308950823878428,0.005515326362997932,0.0004528518237363981,0.0032391855222814584,0.1334701654278613,0.006311657782767818,3.17872552304697e-07,0.0024054838685635877,0.00038084045961799337,0.3840841438253801,0.0043848897035889565,0.40854791585007594,0.0010226512800851142,0.0001728475884968967,9.098674790646919e-05,5.614278534644086e-05,4.248632470065936e-05
36,0.00863345533645645,2.6245290755343132e-05,0.020711829927072923,0.00594342827109391,0.006150223912886589,0.0006368697308961385,0.0011289570657454775,0.0019263639975094782,0.00014536635112551844,0.005148129545716029,0.00047941832078235745,0.0035404564500582276,0.15320637845612853,0.007265136163643504,3.803146103028627e-07,0.002893098543102118,0.0004461226498383972,0.33642259190213997,0.004450592005086343,0.4394349113901506,0.0010101566428608619,0.0001909840638800236,0.00011452488919497484,5.146239717293846e-05,4.2916382092964745e-05
37,0.009249365721265604,2.5992347479371497e-05,0.0237499286920837,0.005964312151376064,0.006842340057540292,0.0005810059586183541,0.0010455290587215998,0.001741870016173616,0.00013843290273402338,0.005524874245516843,0.0004913593539320187,0.003182284264966555,0.13401377995630134,0.007364562511285092,3.9235335472600886e-07,0.0024961726383919505,0.0003738322779434974,0.341612906855066,0.0043339018424770155,0.4497720585364416,0.0010951878493645018,0.00018828100054274903,0.00010666935040449495,5.9650477709714024e-05,4.530958030924281e-05
38,0.008589455840302226,2.602515695643654e-05,0.022017484246777026,0.005522965771133219,0.006238704827310173,0.0007043553026754194,0.0012369724355611187,0.0018817563239719617,0.00012569383048842336,0.005297802295644471,0.0004903128197158025,0.003375941593918616,0.14314211799491822,0.006815832769122407,4.5130280492892254e-07,0.0030184540666766454,0.0003843023949425482,0.3155578489741072,0.005114476611218718,0.46890990370155233,0.0011495867756457078,0.00019030068462859572,0.00011459557990208133,5.21304288475023e-05,4.252827117827142e-05
39,0.00863970156215157,2.412810564410923e-05,0.022990161036236075,0.00612891666810997,0.006580310575213408,0.0006014834362975794,0.0011261830795327814,0.0020268284728536907,0.00013180336023813132,0.0050214529901812105,0.00046117292411549553,0.003136712737695796,0.13786149687909452,0.006700073938530015,4.1443753123516916e-07,0.0026450030436747335,0.0003782426503029289,0.3194897050693022,0.004551693284084553,0.4699385865005189,0.0011625413294308023,0.00018657110819010836,0.00011983222696931907,5.3044868218738815e-05,4.393971588213681e-05
40,0.01150670847434212,1.0267386840282196e-05,0.009825568161784851,0.011713544331108562,0.002241905548270549,0.0005180593445818264,0.0017815677270195027,0.004076148000274351,0.0002267249317240732,0.007658381104712307,0.0003563831711834005,0.0017147253434324251,0.1271704619011514,0.004671446169655907,3.0649414260852973e-07,0.005282237473866897,0.0008158381257617727,0.3866793139420922,0.002759618504413773,0.41964317030258314,0.0008872245328133619,0.0001631268725394831,0.00018393156146011662,7.41446748824001e-05,3.919591936275378e-05
41,0.010699998321596025,4.136311567817959e-05,0.03201153983183678,0.00795047112906806,0.010960650025041034,0.0007812211973002455,0.001161258017065669,0.0020766870377619223,0.00021753777979212225,0.006503083936202927,0.0006336856313128647,0.003456759034101849,0.17576615566177528,0.008218094295796032,5.012039205657231e-07,0.003213750494318228,0.00043188135305942903,0.3070993997744472,0.005013353604199084,0.42217926953178747,0.0011650590772754688,0.00018876422989367916,0.00011362318896224736,7.056930369804633e-05,4.5323224109471255e-05
42,0.009152455209995185,2.1881722959333732e-05,0.017684941683641625,0.005862134790666314,0.006128395690655742,0.0005361954478338135,0.00087768114293903,0.0010509914407988662,0.000141294382932679,0.005282324167137513,0.0004578739318325801,0.0026904070619295593,0.10683851693544995,0.008296291865995054,2.798976843588434e-07,0.002309537428779729,0.0003594837882230734,0.42911171107061064,0.002507793730907603,0.399534743753785,0.0007979597705326479,0.00012717805616298665,0.00010756595279956837,6.907439212079908e-05,5.3286683626558646e-05
43,0.00894908492833667,2.4236049265121296e-05,0.022758557015966206,0.005716053972098829,0.00670873659291596,0.0005663305784411888,0.0010084518172773132,0.0016550839465591942,0.0001453301591721522,0.006137738462250799,0.00045909963324190274,0.002846725656601582,0.1187465774722049,0.007330875911924679,3.8745897561854003e-07,0.0024413920812216008,0.00034715358300915544,0.3286709250730244,0.004177913306785868,0.4798247341899571,0.0010773239299370527,0.00019259671883791368,0.00010487664442936232,6.30576603690854e-05,4.675715719622902e-05
44,0.009321408226131873,2.5803597075859505e-05,0.023834279904513672,0.005976885882907348,0.00681070312702199,0.0005757641258179436,0.001036392881021241,0.0017349478759611943,0.00013790532635762844,0.0055288968319153866,0.0004923298005995195,0.003166625595154585,0.13334541990153836,0.007345679573195662,3.9023813645346745e-07,0.0024832530697768323,0.000373552844895307,0.34336541368395657,0.00430949871255276,0.4486431493230348,0.001092505300567653,0.00018746208049665283,0.00010626135586141879,6.028829945525495e-05,4.518244205400987e-05
45,0.009331046194230974,2.6384690275144004e-05,0.026455873474412656,0.006708096977846488,0.007271215292424996,0.0006723942447758458,0.0013791753363017318,0.0024766749503239436,0.00015357328621438767,0.0056638304564472575,0.0005051032291894196,0.002969850816271327,0.14727560637376771,0.00632536136206015,5.512150348194866e-07,0.0031655416575144435,0.0003766182615768384,0.2890653012219175,0.005404842343640353,0.48319594755636835,0.0011563443283274001,0.00020447806611081345,0.0001140246901074043,6.119920985397925e-05,4.096476500602206e-05
46,0.00961898315754748,2.4898873353931534e-05,0.023520283117486693,0.00645721729460661,0.006101943417711754,0.0005983115394764276,0.001007097967410076,0.0018373652020118414,0.00013637888629059133,0.005420306365686713,0.0005038196385373783,0.0032542229248672546,0.1387305113942701,0.007097847899988601,3.826838870470722e-07,0.002615011231008821,0.000427124884922156,0.3523595977490859,0.0041247416324744195,0.4346588578609568,0.0011063335495218774,0.00018246275286831507,0.0001109702424885382,6.291451708332516e-05,4.241521645724627e-05
47,0.0015823677057917296,7.870757565822739e-06,0.03809730403557749,0.076906235111698,0.027103883813073576,0.0011145405737276856,0.0009029326130100585,0.0006910495298831228,0.0002199984980629643,0.0047406206955959655,0.0014066059829958215,0.0007744930211041417,0.10312087187538439,0.03990965998116343,9.433008414365227e-07,0.0039038612701340564,0.00029336250220288526,0.20681646828910458,0.0004164600677453735,0.4900859393903544,0.0010459422050286195,6.160417192391638e-05,0.000493958288093724,0.00026885188082279964,3.4174439114106264e-05
48,0.011066134908230114,3.4584660290881494e-05,0.025237280298173143,0.005981804096370744,0.0056630454162609365,0.0007915917922387671,0.0013371021088405685,0.002859956498950639,0.00014396645886069367,0.004783738493171644,0.0005145341167836038,0.004055472834938023,0.20352486790230126,0.005729342762923417,4.557735272837464e-07,0.003237433447130725,0.0005493429862451616,0.3090123848963229,0.006493195727146145,0.4074465715516221,0.0011390643676634704,0.00020233158937875092,0.00011231297684498816,4.680403746791115e-05,3.668029831621243e-05
49,0.008165363561163265,2.565109999671004e-05,0.025844992386335513,0.005563512796869996,0.006557994813303656,0.0006051363985320026,0.0009742160900520219,0.0015962374423468659,0.00012167550890158837,0.005337915347108047,0.0004677926549867162,0.0033385002471871977,0.12890837702216454,0.007654319466118254,3.9039650053373924e-07,0.002213995353887134,0.00036646257130141743,0.33280591973728485,0.0042554614338158325,0.46368006220949065,0.0011177886281371807,0.00020197903564457803,9.630636035494633e-05,5.656668214485446e-05,4.338275637164763e-05
50,0.009090233065116802,2.260066516797244e-05,0.019835484966741673,0.004528427843596575,0.006378187540723762,0.00045801910426759585,0.001314445647379613,0.0018589635185037525,0.00014691295942163986,0.0069148572047181495,0.00036285249126573603,0.002431718936095174,0.11121654747707224,0.0062717984810285845,3.7435604155910724e-07,0.0024629432865074857,0.0002787299792210275,0.3201025337249567,0.004998291694737484,0.49994930050753095,0.0009700087719613982,0.00021297374300074191,8.878249869299596e-05,5.0764328824401936e-05,5.424720742592749e-05
51,0.002364495336173398,2.491238386454182e-06,0.003252814559438217,0.0003721602685751574,0.0009582113414655397,0.0001877966217195078,0.0005371996292649103,0.0007700535362320195,2.7918622709894553e-05,0.0017834202459774539,4.282318664386613e-05,0.0007817630930884251,0.018880479433104752,0.0016078264044953943,1.271896720396682e-07,0.0010676686860599637,7.295549558042181e-05,0.13251213715446863,0.004799618667941868,0.8294485763841408,0.00026378398467593553,0.00012800199986792325,8.849811486206716e-05,8.434928881415979e-06,4.074387657375003e-05
52,0.008976858332406424,8.29023318130638e-05,0.03350991128951834,0.006171077320194971,0.011650908331699579,0.0013993416468138515,0.0030177702045872555,0.005030506326601037,0.0002712669872696256,0.004490181706659691,0.0006200552428369239,0.004091731929793168,0.2397747276773866,0.007723011777876583,1.7142986846838988e-06,0.0028812537226111223,0.00048053455317517425,0.1502784344121527,0.01394803816926807,0.502658099224537,0.0020894428275481064,0.00046598785334555585,0.0002552079967706466,4.572439560638549e-05,8.531144084365628e-05
53,0.017273023183338104,3.71841531660782e-05,0.04718270309463716,0.006399245054171386,0.008249501441145085,0.0005007081761857744,0.0005240562921073771,0.0014783510373359105,0.00011267898876546517,0.005787256429907166,0.0006975988372847507,0.004016436132694536,0.14643775399913475,0.007462369297289942,3.085366786316993e-07,0.0016813878849262008,0.0004094555980215929,0.41583244579348577,0.00524889958761838,0.3289831431658194,0.0013146186629287735,0.00018310203071404568,6.962886012009336e-05,8.296548592485393e-05,3.517827659870627e-05
54,0.009027854826006687,1.851507495144558e-05,0.03089495341804217,0.007424958583946876,0.006581995246390743,0.0004899327632509064,0.000802733656563975,0.001852337438384772,0.00011145762583333455,0.004588022396827382,0.0005379501500140432,0.002630378045202954,0.1323881861698892,0.006755098405379529,3.765422282491361e-07,0.0019920792300903893,0.0003530637584517354,0.32303207262194744,0.0037433907394773505,0.46528177098960954,0.00111108724406626,0.00017082733574739963,0.00010771150604444322,7.001326759064377e-05,3.3232964062566285e-05
55,0.008694359890157871,2.2273641530757352e-05,0.024992651410970502,0.006349448471235252,0.006443133392749906,0.0006079093540162373,0.0009974075355385357,0.0017944324029098412,0.00013229141276117334,0.005683875466093812,0.0004992198360175335,0.0026800622461199525,0.12855361289732561,0.007474402765571621,4.1923647275077967e-07,0.002461099734671809,0.0003667681190254785,0.30950027512230294,0.00431568051249639,0.486916559670919,0.0010962405183997089,0.00019396092296183036,0.00011654810471588792,6.545606518603649e-05,4.19112698495381e-05
56,0.009282536751597731,2.682024765389458e-05,0.02395396326050598,0.00598199419408833,0.006918079988471756,0.0005758183498700402,0.0010447884724861444,0.001758286750627068,0.00013831943580959263,0.005456275982928152,0.0005062882010818605,0.0032944353392325475,0.14128736712286352,0.007433842856338695,3.877726693570656e-07,0.002497178056426981,0.0003805170415268243,0.3431065088381954,0.004411438459838298,0.4404599235574306,0.0010872579974287265,0.00018933816167453766,0.00010525799742365319,5.872419582164392e-05,4.465096800870177e-05
57,0.010287815510598895,2.3375398359394156e-05,0.02336765358685101,0.00843949203569455,0.006362768537394958,0.0006160434198864918,0.0010765490648237492,0.0015602509306719928,0.000178610762730616,0.006887856231561703,0.0005472903855593876,0.0023640780318687437,0.1187802283551397,0.008454068221444842,4.1290298932711014e-07,0.002689370985045989,0.0004311693810381484,0.3825697901041788,0.002790431967517244,0.421151822837335,0.000992238330180102,0.00016216019202734645,0.00011897229606324961,9.739907442117604e-05,5.015145661743755e-05
58,0.009823662969570395,2.626824855998481e-05,0.02464317142920819,0.006121016023828234,0.006829000864030932,0.0005798876527233706,0.0010357206782441516,0.001734541683298694,0.00014297301199837442,0.005817328987034773,0.0005185373512353132,0.00312015966702675,0.13151112251814703,0.00740162431906564,4.1264632501678585e-07,0.002513594224678586,0.0003797754453110422,0.3440369967747929,0.004375939741770986,0.44786146938995247,0.0011135250118264558,0.00019302396437832423,0.00010692229260040768,6.732508996172585e-05,4.600001443027248e-05
59,0.009510795483238148,2.5539055172206607e-05,0.024529847352686283,0.006074822037771644,0.006810314272114808,0.0005707162468069025,0.0010186324129313408,0.0017206670238484642,0.00014008799773647428,0.005713640931716101,0.0004997878573421139,0.00307238876224414,0.12917821412166405,0.007380090256930872,4.014240800563796e-07,0.002459039828302726,0.0003724441872767665,0.3428089723990821,0.0042630096533892445,0.4523471334137544,0.001096969090731684,0.00018992214000643093,0.00010596576483469019,6.501359825510267e-05,4.558468808314883e-05
60,0.009321408226131873,2.5803597075859505e-05,0.023834279904513672,0.005976885882907348,0.00681070312702199,0.0005757641258179436,0.001036392881021241,0.0017349478759611943,0.00013790532635762844,0.0055288968319153866,0.0004923298005995195,0.003166625595154585,0.13334541990153836,0.007345679573195662,3.9023813645346745e-07,0.0024832530697768323,0.000373552844895307,0.34336541368395657,0.00430949871255276,0.4486431493230348,0.001092505300567653,0.00018746208049665283,0.00010626135586141879,6.028829945525495e-05,4.518244205400987e-05
61,0.004697324988797011,2.8695643577438204e-05,0.008467037109758845,0.004357274729515585,0.007156739258624747,0.0006675133087721036,0.0020783528413470084,0.0018792602902472455,0.00015319348841860442,0.0036918623435807946,0.00036061022935139473,0.004648689031080618,0.218337632118485,0.0078769243044114,2.7544604661691575e-07,0.0039305272201213375,0.0003681149981531373,0.3074048490978809,0.004695214769837828,0.4179459181509585,0.0008770295188371243,0.0001622815541165774,0.00014580451727313015,1.546618120795014e-05,5.340885959917845e-05
62,0.009321408226131873,2.5803597075859505e-05,0.023834279904513672,0.005976885882907348,0.00681070312702199,0.0005757641258179436,0.001036392881021241,0.0017349478759611943,0.00013790532635762844,0.0055288968319153866,0.0004923298005995195,0.003166625595154585,0.13334541990153836,0.007345679573195662,3.9023813645346745e-07,0.0024832530697768323,0.000373552844895307,0.34336541368395657,0.00430949871255276,0.4486431493230348,0.001092505300567653,0.00018746208049665283,0.00010626135586141879,6.028829945525495e-05,4.518244205400987e-05
63,0.009479291438906906,2.678926815992612e-05,0.0240866677651006,0.0059735005327440725,0.006912939670484132,0.0005820035737160347,0.0010477838124171505,0.0017441426505594583,0.00014036473192952155,0.005562871751756453,0.0004993973011056334,0.003226614171869835,0.13519248688403043,0.007393478273747789,3.9570711477085377e-07,0.0024868000426705736,0.0003776377848455016,0.3444418071480838,0.004374223784075613,0.4449468881601112,0.001101811109051953,0.00018971819785737546,0.00010597458712246123,6.064934885512542e-05,4.57623036835903e-05
64,0.009485476535356571,2.7170601385384307e-05,0.025026828563672714,0.0061478124294708746,0.007068581402190422,0.000583523779599914,0.001069086028759923,0.0018184104021797506,0.0001375368878007436,0.005608287942060391,0.0005060611785560495,0.003245138386161471,0.13133565508730727,0.007325719699572022,4.2368562950723904e-07,0.00241459948264592,0.0003720872431471295,0.33804399788047135,0.00446827431436569,0.45367029761306266,0.001230966958528065,0.00019698836122487384,0.00010930193502177949,6.144300827659092e-05,4.633059355299355e-05
65,0.009225120322066549,1.8544481149846945e-05,0.01365616665278905,0.004242891510912167,0.005220924680590367,0.00037889994074971904,0.0008810078819429925,0.0012012479462386637,0.00013693652856422772,0.005829899746158647,0.0003620225312625097,0.0027906741305221937,0.10806228366968364,0.006812643450046346,2.0397677945875717e-07,0.0024625994842105057,0.0003153331463461006,0.4243265086018747,0.0032681800925630183,0.40980090847755873,0.0006776260153749924,0.0001493379574452863,8.228546356522466e-05,4.9856046905380965e-05,4.7897264699888675e-05
66,0.009947318374673487,2.7028784456303995e-05,0.022717974676965545,0.00553707991656409,0.0061123778077746375,0.0006664166390268212,0.0011952516184310072,0.0020769936091671647,0.00015412822801701766,0.005191154131758842,0.0004591259642441486,0.002935982928039702,0.1318734821089452,0.0065509320501993835,4.650250327258512e-07,0.00255499957433086,0.000394312950496886,0.3103432726220959,0.004956883518572567,0.48480442101614796,0.0010650315972188795,0.00019968180822960287,0.0001266666507753072,6.030299674398341e-05,4.8715402092144984e-05
67,0.005352666702241296,1.4535477436989502e-05,0.014074519174969666,0.0042020490858698505,0.0034220762873199517,0.0006533017936261942,0.0007927211398394585,0.0010460843767480094,8.68913614719544e-05,0.00446377969652054,0.00034348433985568425,0.0025986109861349128,0.08789843491769946,0.00769314564976234,2.996710326162073e-07,0.0019561743248646094,0.00036004257048966466,0.3156819731815877,0.0027225764355553184,0.5452828149247289,0.0009594164539155612,0.00016881292714545637,0.00012882055884958128,5.1973484342502755e-05,4.479447799173222e-05
68,0.015081323444956626,6.527610493928171e-05,0.03656269967969092,0.009263729687092275,0.019300326858100646,0.0010557075755410214,0.001336925106714903,0.001980697753269944,0.0003472234091643756,0.009737537997375001,0.0011733147982817271,0.0034308070739941907,0.11612568698310412,0.012881940619059541,1.4905439270841224e-06,0.003516202808861471,0.000435709684234915,0.2564729114239098,0.007603696196859114,0.5009168716365825,0.001881860777034396,0.00035143396600733744,0.00020931735341329224,0.0001801657626372533,8.714275524821148e-05
69,0.019901704864724878,6.154321505610322e-05,0.04290976955266045,0.01753496925923909,0.024799575349694777,0.0005668975431637821,0.0018827839885493679,0.0024656207840323997,0.0004932273721557032,0.011029542438462443,0.0008146464998500274,0.0027812495288818116,0.14896768348226824,0.009811711593733658,7.28982334355247e-07,0.005288763231958343,0.00048298011409564134,0.4653812434102061,0.0032953361964439165,0.240066183132639,0.0009909981196511667,0.00016316964479681426,9.233304968909503e-05,0.0001390564534064411,7.828219230631105e-05
70,0.00846746396109731,2.379999442559343e-05,0.022462815397507455,0.0060635400803667906,0.006598839767814649,0.0005830561188950428,0.0010161715742690927,0.0016457296277481903,0.00013926785489351171,0.005523225838454938,0.00046375257014922184,0.0030170285639422047,0.12891746030177056,0.00751469650749554,3.6869539859187247e-07,0.0025366127387986253,0.00037465347793043705,0.34028451979217633,0.0038687056286332957,0.4590881333281846,0.001020284275623965,0.0001786902348666464,0.0001072292253917334,5.945494365575123e-05,4.449950050981574e-05
71,0.01020599582406418,2.4156197134481442e-05,0.017555171899041468,0.0055586324309038326,0.006934047754109161,0.0005051427824659297,0.0011486753010951816,0.0019052991449648275,0.00016956135510616898,0.00569131220184477,0.0004901184906571054,0.0029565656594793136,0.1308699697738455,0.006560633279488532,3.927697928280606e-07,0.003116361271661928,0.00035012307799041196,0.33707804113572926,0.0044207348032067155,0.463113782909998,0.0009428498165188261,0.00017434334645533456,0.00011965136755989841,6.169830755015054e-05,4.673909933613284e-05
72,0.008982985067562024,3.584083331470977e-05,0.03776000750404374,0.003953078735859351,0.006793672668023626,0.00046785743705893366,0.000646546002249749,0.0017918108301498304,7.806941180207039e-05,0.003312187879953654,0.0006508253803954767,0.005481100311901488,0.14660856098592262,0.013004583724678768,5.576059216898878e-07,0.0009489336807428838,0.0004233003282423665,0.3073333118969042,0.008656823021206335,0.4504581116491456,0.0018148876936325694,0.0005174876158614769,0.00016717089038580845,4.4521927085129175e-05,6.77669179558586e-05
73,0.015444587120979616,0.00011298667877514139,0.083885162712446,0.012683789723243986,0.030119016032363572,0.0007648881273466136,0.0020197729872236756,0.0029205424636783717,0.00022107271052287814,0.007023349666105285,0.0014169965041056917,0.0067055524320894936,0.23414733352342773,0.01200725965474082,1.492350096670707e-06,0.0029282534931054116,0.00044608205690510003,0.33048953737085834,0.009654039771701256,0.24405448450015732,0.002359146733110338,0.00037126227332258757,7.853485270679435e-05,8.390134845978708e-05,6.0954912527434766e-05
