,0,1,2,3,4,5,6,7,8,9,10,11,12,13,14,15,16,17,18,19,20,21,22,23,24
0,0.0005225450698892136,0.0006150813379516076,9.41083635717167e-05,0.09941655702593433,0.00013878300289329787,1.0987965731486167e-05,0.004718850949933368,0.15813335642611562,1.0699891694802699e-07,0.18836865202541148,3.649936574649683e-06,0.0011609155785108885,0.0030691193228140866,6.226138408740174e-05,3.4540954242207504e-07,0.16055356855367825,0.003740816039652169,0.024936305608941813,8.20734923297497e-05,0.2705114395208825,0.00020308810725129119,0.0019239884317857094,0.058515664056493256,0.02312437182629527,9.336356481156252e-05
1,0.0005706074480937225,0.0003408933520228426,0.00015330421133063335,0.05394410424380654,0.00012742816012817741,1.843614744493857e-05,0.006771377840112001,0.1230203211183529,2.0719897742477376e-07,0.10533659342648333,6.142536595376666e-06,0.001437124758260407,0.004029001689930243,5.4549128947254386e-05,3.2027150113420685e-07,0.2154365879861837,0.0015590057601174673,0.01431109593959427,0.00010090221624766903,0.4270025730316171,8.965243728168484e-05,0.0011366174164008345,0.030664481597612956,0.013842150882700119,4.652120025754617e-05
2,0.0007171722617401276,0.00023224063984487555,0.0005018235306697731,0.13090973085861785,0.00022638813710759004,8.10206596069425e-06,0.008022067347361722,0.2614902586858025,2.8912859936872847e-07,0.08342771751727984,1.4126447069757776e-05,0.003134916371661157,0.005428716956649783,3.8237307062482246e-05,7.081040766260534e-08,0.04377247253066049,0.00121699154129534,0.04484105534649207,7.613758443365922e-05,0.36793346363779855,0.0001293235660289847,0.0003177084023784781,0.006829755477582754,0.0406731934070219,5.804044047267185e-05
3,0.0006193788078515935,0.0003917185193347557,0.00015434466110834358,0.062262422412498845,0.0001403617270460841,1.7292479984249933e-05,0.006732159620138482,0.12935548193693064,1.7644765355180332e-07,0.10413274064375305,6.592428607601429e-06,0.0015551961123349278,0.004822891650522427,5.6109218508624946e-05,3.082965365041485e-07,0.18315549730021846,0.0019851397727868275,0.018492537284124724,8.66991637197855e-05,0.4302606420072343,8.995655814791214e-05,0.0012237465026285956,0.03644114577662325,0.017969396902838403,4.806376886814209e-05
4,0.000625824921685062,0.000406594449898049,0.0001597246755386511,0.06281642498827902,0.00014711419591022286,1.813276541414712e-05,0.007040802931577307,0.1260538688688506,1.8623365902128616e-07,0.10207752551623693,7.028930147861328e-06,0.0015993320208607187,0.0052905630458634795,6.0241680177433814e-05,3.228229054969165e-07,0.18088418272885767,0.0019485244699207276,0.018376018890055718,8.928237748507785e-05,0.43605589469880685,8.77233412451854e-05,0.0012253417955470317,0.03698288086592356,0.017998641619403084,4.782116575120329e-05
5,0.0005705899867224241,0.00039518997009559397,0.00014451450652987901,0.06738416441837682,0.00013705377757249916,1.60025496213909e-05,0.006453264222565901,0.13121794864320277,1.5654867305511287e-07,0.10447551178556129,6.514146519276364e-06,0.0014714632971907964,0.004867323722381974,5.261074397317045e-05,2.797156106392611e-07,0.16487645770616574,0.002036118343538013,0.01995836758791323,7.689661582471654e-05,0.4378431939875919,9.00468446495577e-05,0.0011746162958199081,0.037678285153012414,0.019026982356707325,4.6447074179719046e-05
6,0.0006193788078515935,0.0003917185193347557,0.00015434466110834358,0.062262422412498845,0.0001403617270460841,1.7292479984249933e-05,0.006732159620138482,0.12935548193693064,1.7644765355180332e-07,0.10413274064375305,6.592428607601429e-06,0.0015551961123349278,0.004822891650522427,5.6109218508624946e-05,3.082965365041485e-07,0.18315549730021846,0.0019851397727868275,0.018492537284124724,8.66991637197855e-05,0.4302606420072343,8.995655814791214e-05,0.0012237465026285956,0.03644114577662325,0.017969396902838403,4.806376886814209e-05
7,0.000598592891983773,0.0003391504492047368,0.0001411550788745392,0.0602098414776256,0.00016252501324387071,1.9438861013616103e-05,0.0056109400369371105,0.1288194937918728,1.5146567522651577e-07,0.11366192050497577,5.591424345631113e-06,0.0016178790067231832,0.003482350646232379,6.109532275990978e-05,3.4476642042766897e-07,0.2434353508369695,0.0021614471595933467,0.016807936168771475,9.643447719981912e-05,0.36164199437120564,0.00011508983712047923,0.0013908090819571564,0.04418564023514962,0.015384808739727706,5.0018354416616424e-05
8,0.0006236512364300742,0.00037435363257937653,0.00015350143075052223,0.05656030628520067,0.00014677854196819712,2.1754116348673333e-05,0.006627652583101724,0.1200372928574699,1.911844841789056e-07,0.09965367486626187,8.011621755219223e-06,0.0017997474407789665,0.004895506418344005,5.900682543938242e-05,3.1307132621730167e-07,0.18587433878685466,0.0018715272678715327,0.02086718971114768,9.308508768767434e-05,0.44961602406383316,9.307011112734813e-05,0.0013519443379413003,0.03391275192356164,0.015316654038237969,4.167255949822585e-05
9,0.0006057266546958472,0.0003626370638063682,0.0001361935633218954,0.056825828541988956,0.00014402134133570878,2.1993349398477782e-05,0.006298787845884887,0.11845788530711521,1.6916587161163736e-07,0.10556920694706345,7.18774354276524e-06,0.0016756055420094125,0.004260737118592852,5.901312313555317e-05,3.251073974121603e-07,0.20786866445303778,0.001934168258203606,0.019958697409264307,9.254434943398953e-05,0.42037594137900053,0.0001003869368697608,0.0014170924732353077,0.039213546742621085,0.014571060748380903,4.2578834792154177e-05
10,0.0006193788078515935,0.0003917185193347557,0.00015434466110834358,0.062262422412498845,0.0001403617270460841,1.7292479984249933e-05,0.006732159620138482,0.12935548193693064,1.7644765355180332e-07,0.10413274064375305,6.592428607601429e-06,0.0015551961123349278,0.004822891650522427,5.6109218508624946e-05,3.082965365041485e-07,0.18315549730021846,0.0019851397727868275,0.018492537284124724,8.66991637197855e-05,0.4302606420072343,8.995655814791214e-05,0.0012237465026285956,0.03644114577662325,0.017969396902838403,4.806376886814209e-05
11,0.0006151421273853246,0.0004009958098215159,0.0001538052227966782,0.06254365422524417,0.0001388418990807954,1.716375036428e-05,0.006818467685953376,0.12889568349652036,1.7858339983457605e-07,0.10290538682041205,6.763284984948557e-06,0.0015517742658007854,0.005064867383588358,5.6131152714918424e-05,3.06319467590973e-07,0.17614278066670708,0.001984445064005793,0.018748693001211816,8.575519547658398e-05,0.438154335080899,8.764081807546752e-05,0.0012210834479185902,0.03621633753621203,0.018142373807151845,4.739335480679677e-05
12,0.000542648312674089,0.0002699738006337893,0.00021073121491943202,0.05644857676440184,7.715944239555622e-05,9.578906709265942e-06,0.009038493905137283,0.17303431686156764,3.8000330392301993e-07,0.08908471237947971,5.6326870942132e-06,0.0010110167828151573,0.004111400899124401,3.195331650130244e-05,2.5446400448166e-07,0.1390756054881782,0.001121131539670744,0.00971343067242529,0.00010253403287714296,0.48533898031974565,6.718474023760925e-05,0.0005628257842719037,0.013639818878234216,0.01645092407210353,5.0734731493649886e-05
13,0.0006705377574225139,0.00037249598817579865,0.00019721265470771553,0.0631737128135386,0.00016919322068993222,1.8060861367968824e-05,0.006447888169424363,0.13250711098973186,2.1100133040817708e-07,0.08894024096226726,7.988360515975168e-06,0.0022747526635430817,0.005725286773288769,7.289227636242264e-05,3.366395184599921e-07,0.17725270780330946,0.00220871749958164,0.018040341106293593,0.00010505016842911325,0.45264730847058965,9.813041718284561e-05,0.0013282436714855737,0.03214248667261059,0.01555110829637611,4.798476225617117e-05
14,0.0010053753415865184,0.0002600629664846147,0.0002456531564377375,0.05881234809592763,0.00013815643316345515,1.6328355509341936e-05,0.007151033474504582,0.13412473193674063,1.8818141036238983e-07,0.06996378355423265,6.4536168696393485e-06,0.002554106401808236,0.0036348828748066554,7.439071640098454e-05,3.8053505613548467e-07,0.23925472995388014,0.0027436688856248745,0.015503264834968175,9.563991097200673e-05,0.4052097753216336,0.00010597355504015703,0.0013850796113910446,0.04214904026132539,0.015506184378555598,5.8767645669828673e-05
15,0.0006193788078515935,0.0003917185193347557,0.00015434466110834358,0.062262422412498845,0.0001403617270460841,1.7292479984249933e-05,0.006732159620138482,0.12935548193693064,1.7644765355180332e-07,0.10413274064375305,6.592428607601429e-06,0.0015551961123349278,0.004822891650522427,5.6109218508624946e-05,3.082965365041485e-07,0.18315549730021846,0.0019851397727868275,0.018492537284124724,8.66991637197855e-05,0.4302606420072343,8.995655814791214e-05,0.0012237465026285956,0.03644114577662325,0.017969396902838403,4.806376886814209e-05
16,0.0006111302003878753,0.00038972727913078037,0.0001487498436114225,0.061914792369975366,0.0001363563618132961,1.724001664576779e-05,0.006619812414357675,0.12906173405923516,1.7258639454508654e-07,0.10576773006463057,6.492633550069884e-06,0.00152434878620301,0.004658071086860705,5.4690755626607285e-05,3.0290045372322526e-07,0.1833796649366315,0.001969430336212397,0.018663092347294786,8.562581380596835e-05,0.42982003151657683,9.160766024715696e-05,0.001233470278147694,0.03615145610928562,0.01764658973797301,4.767990494863728e-05
17,0.0005835484593530564,0.0003952184309907097,0.00015293123233457758,0.06930983568942736,0.00013046160597954146,1.5540152412603328e-05,0.006746720080642136,0.12151255610452541,1.5251605567260915e-07,0.09339820473222746,6.636277650562806e-06,0.001548440416078616,0.005164741170441471,5.971910846350121e-05,2.7521226441664105e-07,0.15826877866473846,0.0019514927654513486,0.019523558317779174,7.288955282177043e-05,0.4631224102102772,8.554563396992865e-05,0.0011802976798910353,0.039027241270270976,0.01769604285894616,4.676185700666695e-05
18,0.0005992301513567553,0.0003788225194276659,0.00015421433277511702,0.06196392011763897,0.00014186822037518784,1.7614488527687915e-05,0.006700393016128824,0.12815720021350663,1.7713823803262805e-07,0.10296572881928517,6.621189433034273e-06,0.0015351882750587282,0.004760873532289856,5.625436029449845e-05,3.059706413830035e-07,0.1856900684989742,0.001889454868166909,0.017864738008181228,8.708616523054725e-05,0.43233870301081007,8.907436792781987e-05,0.0011843886906412412,0.036040571750107116,0.01733092806917488,4.6574225808455205e-05
19,0.0005467143917628347,0.0003886083291763094,0.00018129978495052531,0.0664686889993395,0.00016403690121365858,1.6486264841955933e-05,0.006587372083149923,0.13590615918618243,1.9616025212359068e-07,0.10180847360785984,6.814136258769341e-06,0.0017300576749697824,0.005584486021434611,6.33240588894427e-05,2.93625610735956e-07,0.16363297286436937,0.0018856722430261002,0.017371419213758454,9.164723287726601e-05,0.44664920910175787,8.691105359337142e-05,0.0011762503363249915,0.032117272690544096,0.017488400024022882,4.7234013832966194e-05
20,0.0005659834168586285,0.00040928071247406904,0.00014164013356116493,0.0645121568584634,0.00014447539938484638,1.5270808994654162e-05,0.006128875259374945,0.14760981648534552,1.6928479739738813e-07,0.1120471854027121,5.842378291943058e-06,0.0015017196083574101,0.0048512642609133075,5.5665554806686754e-05,2.967641516773043e-07,0.1693220208465463,0.0022478264666771293,0.018647254479409257,9.047045351180689e-05,0.41491012180036185,9.343297178691249e-05,0.0014052298892969794,0.037033038096114156,0.018214015047565597,4.694762024214977e-05
21,0.0006164382449127617,0.00037789345894469005,0.00015022692868839143,0.06045688850039537,0.00013236177931243335,1.779614441514909e-05,0.006840936912837894,0.12127548108403441,1.7201526199910224e-07,0.10059604562574746,6.68813468527942e-06,0.0015477560367981346,0.004787656232802694,5.533061846852633e-05,3.0226553610128394e-07,0.18760709070227574,0.001845432753161827,0.018032064890723384,8.329094404693456e-05,0.4410386606948207,8.650588612234187e-05,0.0011663264167023767,0.03629876245677442,0.016933674235231972,4.621703729906634e-05
22,0.0005963408077082068,0.00035409185035375964,0.00014538037965975702,0.05732979156606014,0.0001321481627273447,1.9286343137308147e-05,0.006123355474453439,0.12150917671735646,1.6678937286797846e-07,0.10009437462220891,6.89882429132602e-06,0.0015742335661626094,0.003939571229988856,5.397213104494296e-05,3.008573734160066e-07,0.19418468902527117,0.0019159852851795042,0.01926110648824811,8.405873188612771e-05,0.44067534799636165,0.0001001758153208389,0.0013075162770239499,0.035298245368981754,0.015248890941879138,4.489474794826738e-05
23,0.0006193788078515935,0.0003917185193347557,0.00015434466110834358,0.062262422412498845,0.0001403617270460841,1.7292479984249933e-05,0.006732159620138482,0.12935548193693064,1.7644765355180332e-07,0.10413274064375305,6.592428607601429e-06,0.0015551961123349278,0.004822891650522427,5.6109218508624946e-05,3.082965365041485e-07,0.18315549730021846,0.0019851397727868275,0.018492537284124724,8.66991637197855e-05,0.4302606420072343,8.995655814791214e-05,0.0012237465026285956,0.03644114577662325,0.017969396902838403,4.806376886814209e-05
24,0.0006072068034777967,0.00039185795717817424,0.00015323610459222988,0.06306042688093003,0.00014055397821526264,1.7134120306643857e-05,0.006687355648416898,0.12879471946909257,1.7353975572277206e-07,0.10380677501172043,6.582988405834732e-06,0.0015488751383847463,0.0048681082739816675,5.633045365479669e-05,3.027533806922743e-07,0.18040076139619798,0.001964593515388215,0.01849228943883922,8.576301062105415e-05,0.4334085794263307,8.936828030391384e-05,0.001212221091288009,0.03633558870627271,0.01782365539319447,4.754062007017179e-05
25,0.0005108495477492878,0.00032533217295214567,0.0001440897723197411,0.06444234084143716,0.00011724669434762009,1.3026975164506772e-05,0.006273768881691768,0.1433329899859673,1.5760245084423957e-07,0.09095462183300335,6.398438965444748e-06,0.001453537580691959,0.004889314741692248,4.586519406260004e-05,2.2177409359888806e-07,0.141851264849389,0.00183937447185091,0.017811047214274758,7.473864198427229e-05,0.4787185734569518,7.831070037201379e-05,0.0010425500896170466,0.029425356121999046,0.01661205775934956,3.696465762210857e-05
26,0.0007958955742336946,0.0004572031904885114,0.00017243162867980487,0.0652958453923167,0.00012818940842450986,1.4566619609481547e-05,0.007691867684781794,0.14982747319412756,1.9462279376053945e-07,0.10022804290516747,7.26619031999627e-06,0.0015482489228846204,0.00565403105605722,4.781048093232426e-05,3.110024822514746e-07,0.14425043784643476,0.002637938893056964,0.023868964922960707,7.805358433346185e-05,0.43212096838463115,8.508784437682849e-05,0.0012632913905234037,0.03657639891969422,0.027194567825955956,5.491251473293831e-05
27,0.0006190748826608247,0.00038600973788323583,0.00014826832181790805,0.055369712222052704,0.00012201414540985625,1.7452059124827885e-05,0.006603138870253479,0.13230596610577486,1.9412885278711e-07,0.1094282403746591,6.038451804891197e-06,0.0014117575794242098,0.004066708483469121,5.112196678869779e-05,3.1971403860523117e-07,0.19256497743783096,0.0019046291668817022,0.01762063979733975,8.95929094272249e-05,0.42530821860773965,9.18224245777995e-05,0.0013274995353206793,0.03383073583428684,0.016675446172414444,5.042107016580026e-05
28,0.0006193788078515935,0.0003917185193347557,0.00015434466110834358,0.062262422412498845,0.0001403617270460841,1.7292479984249933e-05,0.006732159620138482,0.12935548193693064,1.7644765355180332e-07,0.10413274064375305,6.592428607601429e-06,0.0015551961123349278,0.004822891650522427,5.6109218508624946e-05,3.082965365041485e-07,0.18315549730021846,0.0019851397727868275,0.018492537284124724,8.66991637197855e-05,0.4302606420072343,8.995655814791214e-05,0.0012237465026285956,0.03644114577662325,0.017969396902838403,4.806376886814209e-05
29,0.0006193788078515935,0.0003917185193347557,0.00015434466110834358,0.062262422412498845,0.0001403617270460841,1.7292479984249933e-05,0.006732159620138482,0.12935548193693064,1.7644765355180332e-07,0.10413274064375305,6.592428607601429e-06,0.0015551961123349278,0.004822891650522427,5.6109218508624946e-05,3.082965365041485e-07,0.18315549730021846,0.0019851397727868275,0.018492537284124724,8.66991637197855e-05,0.4302606420072343,8.995655814791214e-05,0.0012237465026285956,0.03644114577662325,0.017969396902838403,4.806376886814209e-05
30,0.0006193788078515935,0.0003917185193347557,0.00015434466110834358,0.062262422412498845,0.0001403617270460841,1.7292479984249933e-05,0.006732159620138482,0.12935548193693064,1.7644765355180332e-07,0.10413274064375305,6.592428607601429e-06,0.0015551961123349278,0.004822891650522427,5.6109218508624946e-05,3.082965365041485e-07,0.18315549730021846,0.0019851397727868275,0.018492537284124724,8.66991637197855e-05,0.4302606420072343,8.995655814791214e-05,0.0012237465026285956,0.03644114577662325,0.017969396902838403,4.806376886814209e-05
31,0.0006319467528757507,0.00036111997430478076,0.00013935702768331042,0.056463096988832534,0.00014004010666147392,2.2852025894280563e-05,0.006996575296006433,0.11212313565245903,1.7957731649647444e-07,0.1048239382870061,7.45848342684305e-06,0.0015610207920271012,0.004247260240636303,5.818066135312313e-05,3.684191246829272e-07,0.22556926376315864,0.0018666877970440982,0.01816128910327873,9.176995653993786e-05,0.40777342400583144,9.949133490487593e-05,0.0012764987612398926,0.04208539052700046,0.015453943641441028,4.5710823952569775e-05
32,0.000628949574918309,0.00038981349218329827,0.0001551842741683741,0.060895648614219804,0.00014098913414800212,1.7490033782194124e-05,0.006671591631045076,0.13109502884709348,1.8412947776311967e-07,0.10497595162164164,6.529541611743911e-06,0.0015795470706163124,0.004722851993222118,5.69252304119227e-05,3.166873973305366e-07,0.18820383052364706,0.002004364052758354,0.018053276517111392,9.245296492121532e-05,0.4260279907296193,9.197412973632982e-05,0.0012673473529992954,0.03558191263675201,0.017291256510454482,4.8592706063207235e-05
33,0.0006182308197220337,0.00040947307262787825,0.0001479270343239175,0.0625015029817305,0.00014516060128316548,1.727830231563372e-05,0.006565536964490051,0.12960098517385385,1.6616485515113446e-07,0.10490115113680956,6.544391956422894e-06,0.001587628822882971,0.00506490903724309,5.8268200371821584e-05,3.0180597355623556e-07,0.17968927542894553,0.002076954849113829,0.01930715700161955,8.72365571080756e-05,0.4300175164362589,8.854256545754599e-05,0.0013175989107041257,0.037779395966386485,0.01796501921921175,4.623855475456098e-05
34,0.000454109510636411,0.0003641740068715503,0.00012301534381164032,0.06950862660217696,0.00014344497000972516,1.5766408518262547e-05,0.005513273669940913,0.12240577888007659,1.1122128937227916e-07,0.104069064112765,6.0824579168314205e-06,0.0014136907929185344,0.004526948237648846,5.1746633538793816e-05,2.424108226300757e-07,0.16797311086957886,0.0020516801589734544,0.019982010185250414,6.411905187656848e-05,0.437747570807565,8.819290993002408e-05,0.0011697772755024807,0.04464405896426332,0.01764406975602251,3.933476209527394e-05
35,0.0007238721801266213,0.00043023901100232396,0.00014662541090474016,0.06100957228665476,0.00010275666835112422,1.2266691872632972e-05,0.006500341714179192,0.17160416004636864,2.0699331162255733e-07,0.12044226604699036,5.5710342282274315e-06,0.0014332156024782648,0.00435305266563585,3.91952516951767e-05,2.573470359446045e-07,0.13739916145100187,0.0024765386706363146,0.02251812992787008,8.971184236267372e-05,0.4217400099102995,9.783421018528447e-05,0.0013870091959853111,0.02579149660417533,0.02164028857000762,5.622066664063387e-05
36,0.0003332622234351489,0.0002697122134035523,7.338819670866495e-05,0.05271156365018103,6.907521485042337e-05,2.715305595956616e-05,0.007100419077977845,0.0712419487752238,9.901466462159713e-08,0.08875492498799917,8.256970320596389e-06,0.000643430305339698,0.00244676860523102,3.47014553590898e-05,1.9628261488004353e-07,0.17282986211604828,0.0007063727443596281,0.023021094032656852,3.777896695532834e-05,0.5259579752795472,7.61590592186008e-05,0.0007924460723293026,0.04203055418027754,0.010808505571289633,2.4351948048512803e-05
37,0.0005316544204484308,0.0003760983472264094,0.00014281579735417254,0.06280665621517609,0.00014083389912355508,1.7402868310357386e-05,0.0063514710015926314,0.13137551958085997,1.7434920064782714e-07,0.11054792406918236,6.298952595566593e-06,0.001433881498607664,0.004569601050569919,5.291009773564003e-05,3.0246957143729104e-07,0.18278759647503157,0.0018823391496394807,0.017500735773193093,8.541067012331588e-05,0.4242640529069353,9.186392571970835e-05,0.001182651829815921,0.03672231480031745,0.01708345333926411,4.603651240537056e-05
38,0.0006712672129936549,0.00032797070322314716,0.00012107121009093615,0.04492373469895596,0.00011438687301443476,2.7706179835700092e-05,0.007626482524483012,0.09369195277536681,1.7714790657832688e-07,0.0990055202784985,7.527034699557676e-06,0.0013535204828819182,0.0035710733786380494,5.329951440818415e-05,3.7285743016311437e-07,0.26720026160170157,0.0014330715958606958,0.017009759260832112,8.804108846315715e-05,0.4071942160183877,8.8299188418467e-05,0.0012335501172129856,0.041279368644304135,0.01293794444860805,3.942516378445957e-05
39,0.0005578341439953239,0.000334568991468339,0.00014995677411661304,0.059683462004818236,0.000136739430494052,1.771896554160346e-05,0.006176612962625604,0.12963737397058067,1.7297047192388412e-07,0.10241737536256136,6.368625826873314e-06,0.0015438665672277158,0.004118180911285708,5.287281650188984e-05,2.9172513978808266e-07,0.19305052534631958,0.0018244469075726555,0.01709995081295949,8.629506763231202e-05,0.43199920389962043,9.463618513753363e-05,0.0011703111289560733,0.0343004577040765,0.015496464030168428,4.4312694901582706e-05
40,0.0007516700834693132,0.00042175849542127795,0.00017394796726584048,0.05854916708680936,0.00015217094907853617,2.0056128152853156e-05,0.007038246630805831,0.12282523058457322,1.965157468269193e-07,0.10050077143664791,7.17597140472875e-06,0.0018381244954338478,0.0049347080617949705,6.769530246475346e-05,3.6010837962050585e-07,0.19986350521899715,0.0021289799521731355,0.019636849158242476,9.741158549691699e-05,0.42461271209870755,9.619389439489456e-05,0.0014677577031026972,0.03733587965558171,0.0174263770480837,5.305386777079987e-05
41,0.0006313668808119249,0.00038419287173123266,0.0002042973535110773,0.06200009041707285,0.00018388943714508406,1.955357725649279e-05,0.007142334773022676,0.13644036213967708,2.480355928969878e-07,0.10928051750106668,6.529175585144122e-06,0.0015285856844775058,0.004460384092372058,6.78468332343911e-05,4.1662216383864186e-07,0.22644857612794428,0.0017335663344340228,0.014064918484863968,0.00011212560946933355,0.3808079924173887,0.00010129239285018796,0.0010833321623992147,0.034802960339891345,0.01843444407604025,6.017665999773885e-05
42,0.0006285731858394056,0.000399063814084619,0.00015699299066376422,0.06322102372110203,0.0001425977356915628,1.7468579924200146e-05,0.0068516166952806885,0.1281224054880238,1.7746491472871924e-07,0.10365981210696576,6.76057773889925e-06,0.001578206667591432,0.005006962679443038,5.68900208142588e-05,3.11161773555951e-07,0.18065451769009552,0.001994767914427403,0.018838767922638087,8.566820689528565e-05,0.43186118002375756,8.928295777998372e-05,0.001208241754028132,0.03688775129268587,0.018482350586927185,4.860876091320017e-05
43,0.0004540186267242905,0.0003380147521033414,0.00010250396036128272,0.05469335606746751,0.00013519751700887832,2.064487008201004e-05,0.0053759228905180595,0.12986296575946443,1.555544790931468e-07,0.1361451337514862,5.518923083899617e-06,0.001202854794459687,0.003145526479282417,4.584244578621419e-05,3.098426311074818e-07,0.22719061727860293,0.001730019459129705,0.016899463696651903,9.256809533042437e-05,0.36953773884560287,0.0001133834426555951,0.001353365379671699,0.03776425320657298,0.013749554025105108,4.107033573834149e-05
44,0.0006193788078515935,0.0003917185193347557,0.00015434466110834358,0.062262422412498845,0.0001403617270460841,1.7292479984249933e-05,0.006732159620138482,0.12935548193693064,1.7644765355180332e-07,0.10413274064375305,6.592428607601429e-06,0.0015551961123349278,0.004822891650522427,5.6109218508624946e-05,3.082965365041485e-07,0.18315549730021846,0.0019851397727868275,0.018492537284124724,8.66991637197855e-05,0.4302606420072343,8.995655814791214e-05,0.0012237465026285956,0.03644114577662325,0.017969396902838403,4.806376886814209e-05
45,0.0006214035325377712,0.000366694089516058,0.0001679614231456138,0.05962108450553965,0.00015149656839679308,1.671524289897062e-05,0.007508940093071796,0.1442217407020317,2.0636288734376175e-07,0.10003444942430036,6.8335550198733686e-06,0.0015641205567924422,0.005648604215018966,5.521430700714033e-05,3.1685352029084104e-07,0.1811557444935386,0.0019271124128815735,0.016287579476223425,9.599447549168538e-05,0.4257125223312577,7.743778237448255e-05,0.0011313842458280134,0.03432788510303279,0.01925596817840072,4.259006928626659e-05
46,0.0006498363588911564,0.00041593988912942,0.0001559195311526717,0.06570854517080084,0.00014454856467310495,1.5537237419945395e-05,0.0065185286278906275,0.14183720963690136,1.7278727327158357e-07,0.10414339154105613,6.622231110902474e-06,0.0016488589350536792,0.005230367106055309,5.553756692791267e-05,3.0759337501043616e-07,0.16725140019440926,0.0024184903573142907,0.020061124351669783,8.776072903619578e-05,0.4246075613722094,9.247272963387993e-05,0.0013121528079073582,0.03750208020042994,0.02008570942174685,4.992505793161288e-05
47,4.237856367596021e-05,0.0002452061614904955,0.00014313309513728129,0.2807048729708299,0.0006927383739655923,9.764627209795762e-06,0.004910448284281179,0.1965482356360113,1.5731634460487119e-07,0.14385276818423579,5.342963572285355e-06,0.00033115547161689015,0.006765678955842687,6.859316716583612e-05,2.660948657653588e-07,0.06662723817223143,0.0006355205680068193,0.0057857179215586125,5.6111560544842136e-05,0.19858492601687855,9.921771393969872e-05,0.0001276846904660785,0.06325710490368441,0.030473583098504554,3.215548793963458e-05
48,0.0006746782878268242,0.000479372643347364,0.00013279104307272217,0.06428871316494564,0.0001461962825800451,1.3928840550044269e-05,0.0064633387319578415,0.1607414746235778,1.7387470009090457e-07,0.12292085715933279,5.614395596608015e-06,0.0015023404472024307,0.005469467432750287,5.471583001795987e-05,3.243945910432477e-07,0.1736400839306189,0.002837688283210357,0.019045391758437114,0.00010842009201675257,0.3801278331099646,9.281656391789057e-05,0.0015483937110109306,0.038566027851973,0.021088069733314892,5.1287813486092086e-05
49,0.0005909196704537972,0.0003603264723052119,0.00015893874610797666,0.058874544983307055,0.0001414410710013511,1.9160107677272758e-05,0.006386862761916905,0.12093856035230735,1.748945047844091e-07,0.09755563476764444,7.043717537320864e-06,0.0017235595225911081,0.004658040828342174,5.819886380203501e-05,2.9755697934479283e-07,0.1833228398325476,0.001873843904714111,0.019001131400962247,8.309102220826136e-05,0.4518866270076618,8.996014488148046e-05,0.0012820640782618513,0.0352473317257766,0.01569509151294989,4.431505355803223e-05
50,0.000666014347400365,0.00041226433995434394,0.00020346590864860363,0.08343286137652853,0.0002048130286234183,1.8526374992329064e-05,0.0051182291947893975,0.1412190709810384,1.6424073977136424e-07,0.08222396778755088,1.059813724630605e-05,0.0025231916293883233,0.006098686359084689,5.868753094170249e-05,3.410796724267117e-07,0.12306848480118866,0.003586772272098952,0.03332355050642468,6.231255850367367e-05,0.44165433773678364,0.00012312959961912248,0.001231022387143875,0.0473475853893556,0.027357399339643557,5.452309263867257e-05
51,0.0005829985065269713,0.0003790561747931042,0.00014416935659258931,0.06825015340788772,0.00012915718168407387,1.540208490631614e-05,0.006757165796616148,0.14124590174029245,1.6899172814457826e-07,0.10517631690487297,6.6546622456745645e-06,0.001500757158727841,0.0048779236208575626,5.2394659186853906e-05,2.594790924013112e-07,0.15197071758112526,0.0019280827347163629,0.020809882424573174,8.203631059741336e-05,0.4441827020530882,9.186860271688588e-05,0.0011915417547973047,0.03269556278830509,0.017885277973953874,4.384805011589487e-05
52,0.0005418244133148095,0.0003343947407914948,9.306733241369948e-05,0.04466349434197741,7.824839067691436e-05,2.9433221055525963e-05,0.007259169137782539,0.07712842411215332,1.4073303761989984e-07,0.08687110183270211,9.160826171046025e-06,0.0011270019686647414,0.003680690236043711,3.9984703761498197e-05,2.520507879199959e-07,0.17285621938219348,0.0011109015684583228,0.025795873895073134,5.0977970809540955e-05,0.5268447783661361,7.362887849595626e-05,0.0011460809137672152,0.03812567069233255,0.012109993974012757,2.948631738657895e-05
53,0.0006370447531290763,0.0005466351288271658,0.00024037016416939005,0.09529119555026848,0.0007821007529507552,1.2538742352126454e-05,0.00234455213115446,0.28320934188983776,1.7884565681795866e-07,0.16486607187075603,4.614116181344745e-06,0.005161227600630043,0.007525055648611365,0.0001183855154757701,3.467458151649945e-07,0.13794627654652414,0.007036570518324842,0.024837419065350835,0.00022146025585629227,0.211531463470777,0.0002144610206443569,0.002458447218591213,0.02938226950541953,0.02555781588444088,7.415705825514272e-05
54,0.0005965830574202063,0.0003807281633903571,0.00015538628132728653,0.06585071220355668,0.00015491294693605916,1.6951618106347305e-05,0.00637776708810438,0.1387206493069998,1.704947091413842e-07,0.10277006283260674,6.887599668852659e-06,0.001620323910902177,0.005058916977324375,5.5174499686327537e-05,2.9684253062835484e-07,0.1713787585993527,0.002149941429792849,0.01956487136359018,8.609903682658653e-05,0.4274960507099964,9.21192688013929e-05,0.0012125244250612139,0.03718306890181929,0.019025769359354804,4.527308213527598e-05
55,0.0004674732849177945,0.0003469425001629089,0.0001131413336613805,0.058881379838545696,0.00017512960956402482,2.1080454379081532e-05,0.005517134115980661,0.12349968243538055,1.3541398166743825e-07,0.12448911552073724,5.29158291323763e-06,0.001189881438698525,0.0032392849506738338,6.212291735516038e-05,3.5139781744435137e-07,0.2625488771869388,0.0018279900780232385,0.014719220234536916,9.973839148214767e-05,0.3369789408582039,0.00010999551198015987,0.0013841862333015963,0.05005563818913259,0.01422476968181859,4.249683981303232e-05
56,0.000623629992049166,0.0004031066317692596,0.00015729093129582727,0.06278606622168804,0.00014085369782536366,1.7254738715851362e-05,0.006872838816775727,0.12911685788079358,1.821713739841899e-07,0.10215149789828537,6.866799316092002e-06,0.0015840107895498995,0.005165595017916991,5.7072503165175695e-05,3.0987852588676177e-07,0.17542758588574967,0.001994218627840957,0.01878330437543687,8.667441270653392e-05,0.43900324564055176,8.766091824857158e-05,0.0012196094479441479,0.03601404076132106,0.018252427390362855,4.7798570791298645e-05
57,0.0005735735462354326,0.0003807399013001465,0.00017718754514378237,0.05990621328701116,0.0001702604638773171,1.6005570058975573e-05,0.005691606499992914,0.14827926288544496,2.0678442248675273e-07,0.10890762518236372,6.063618848213834e-06,0.001975609720131664,0.005103873921938618,6.40999725157284e-05,3.077259935236953e-07,0.18510547995811114,0.002198987805947913,0.016141929192891244,0.00011659855505997598,0.4191681578627159,9.634825631979736e-05,0.0013933574400967683,0.02923774595355631,0.015239542875111875,4.921547491047295e-05
58,0.0006455179754463692,0.00041620865401659576,0.00015708990603432077,0.06396784129971975,0.00014419656177131518,1.6855731544071725e-05,0.006888754548177452,0.13554692226300055,1.7992895560558786e-07,0.1064289387168155,6.7714732309712274e-06,0.001558363343435725,0.005094168287286956,5.529680892369343e-05,3.157063686520407e-07,0.17443173184525188,0.0021751924512064444,0.019830757246685992,8.582658601192472e-05,0.42309279887053136,9.11466485130312e-05,0.0012619980738867794,0.03777992763456379,0.020273410507601796,4.978893101953801e-05
59,0.0004075735035604094,0.0003026917232098941,7.223987415261914e-05,0.050310753740387126,0.0001270234638840004,3.3185272523346387e-05,0.005390143851236695,0.07075122997848642,1.3572987839987946e-07,0.11179945702578395,5.786078485774628e-06,0.0014737272114908834,0.0036188250190826478,8.333144920062565e-05,3.3002375990910444e-07,0.3042061956885353,0.0009810315305689558,0.012395868055395965,0.0001367756096024192,0.39123838471034655,9.473245378334018e-05,0.0013189306343657655,0.04058930929401936,0.004630503384447357,3.183469381246449e-05
60,0.0006193788078515935,0.0003917185193347557,0.00015434466110834358,0.062262422412498845,0.0001403617270460841,1.7292479984249933e-05,0.006732159620138482,0.12935548193693064,1.7644765355180332e-07,0.10413274064375305,6.592428607601429e-06,0.0015551961123349278,0.004822891650522427,5.6109218508624946e-05,3.082965365041485e-07,0.18315549730021846,0.0019851397727868275,0.018492537284124724,8.66991637197855e-05,0.4302606420072343,8.995655814791214e-05,0.0012237465026285956,0.03644114577662325,0.017969396902838403,4.806376886814209e-05
61,0.0004647294497858276,0.00033682966289142743,6.732009370364356e-05,0.057152054318678126,0.00011207519463280564,2.506666620741247e-05,0.006010994337975481,0.09200321035005248,1.1913823511471232e-07,0.1339260681898525,4.992968963487542e-06,0.001096060037763369,0.00335593578930195,5.877395061738939e-05,3.1799419152306504e-07,0.27337347494211134,0.0012964351446859567,0.014724396579528343,0.00010319223462657722,0.35710391346817816,9.992188695726506e-05,0.0012490431485950243,0.04893867588423119,0.008459743228602256,3.6655339631231085e-05
62,0.0006193788078515935,0.0003917185193347557,0.00015434466110834358,0.062262422412498845,0.0001403617270460841,1.7292479984249933e-05,0.006732159620138482,0.12935548193693064,1.7644765355180332e-07,0.10413274064375305,6.592428607601429e-06,0.0015551961123349278,0.004822891650522427,5.6109218508624946e-05,3.082965365041485e-07,0.18315549730021846,0.0019851397727868275,0.018492537284124724,8.66991637197855e-05,0.4302606420072343,8.995655814791214e-05,0.0012237465026285956,0.03644114577662325,0.017969396902838403,4.806376886814209e-05
63,0.0006324644278314128,0.0004111338352469958,0.00015374760180413016,0.06231884062901983,0.00013707521211346295,1.71100946796277e-05,0.006865244847403586,0.13044295846276396,1.8236165939564627e-07,0.10484829171457868,6.726398211374082e-06,0.0015242999739809675,0.004959273405028859,5.537590883423397e-05,3.1200868968294224e-07,0.1766957139578277,0.0020210022709831552,0.0190723154686875,8.723331587955942e-05,0.43395480584460117,8.949350006840824e-05,0.0012449003297314626,0.035856550215531545,0.018555883505501768,4.9064709341510893e-05
64,0.0006105741633053525,0.00038101780598138486,0.0001520482827227415,0.0632887082448619,0.00014578726498608484,1.7944944610127056e-05,0.006457303810172111,0.1347157829321134,1.815652055631574e-07,0.10781500761564346,6.813645402593138e-06,0.0015930830624898231,0.0045045345559310964,5.574477495614249e-05,3.226149250630402e-07,0.18684757392207685,0.002070925156214831,0.019125156222591096,9.002895480530315e-05,0.41640561418801175,0.00010257216787071595,0.0012602909174425738,0.036524683597047594,0.01777959622538229,4.870336525021577e-05
65,0.0017558014741590002,0.0010021131095007555,0.0002981681016965164,0.05370267137373117,2.7449580741909732e-05,6.145250719550816e-07,0.028114622618909707,0.3859293203222523,7.887516425371406e-07,0.06142247014251334,2.3966408950849556e-06,0.00022758288941362005,0.01375058611978027,1.2905806420111188e-05,3.039334567514253e-07,0.023587392186574473,0.003433831642018536,0.006459189917793348,8.503314306178899e-05,0.18279872189143567,1.5404907135908613e-05,0.0002805257834839361,0.007923301264928347,0.2290278405148513,0.00014096335853165244
66,0.0004009404343397426,0.0002803865657555212,0.00012434937785208553,0.04644414296815173,9.124360315413183e-05,1.5276590846469028e-05,0.0062710129801815725,0.11127461961717855,1.8308474221001985e-07,0.09418443658874412,5.333215819452671e-06,0.0011749991275054141,0.003999787782577072,4.27697051719158e-05,2.0703125549429528e-07,0.18138405615275127,0.0010456133387874353,0.01151914551251294,8.999315818501046e-05,0.5095770844116951,6.112199243948386e-05,0.0009292768201142163,0.021578910229999592,0.00947356654825839,3.1543161981057297e-05
67,0.00040655663172928144,0.00025728923587129706,0.000131510172553216,0.049570186697626244,0.00010686523076621671,2.5429536034500665e-05,0.006000344649991702,0.06160625400065815,1.0979428564847663e-07,0.06317776562521805,7.733267447900215e-06,0.0015212137603371888,0.0037402179345022903,6.467155140565935e-05,2.614610621776651e-07,0.21227048853633035,0.0010861689521722154,0.015006437863017853,4.9730446708865095e-05,0.527834876711237,6.612290693311559e-05,0.0009542493141988573,0.04736002216502807,0.00872449267242008,3.100088246398649e-05
68,0.0005377901803468406,0.00033760228793640394,0.00010823104147417605,0.05427452868800036,8.083771672845977e-05,1.898891964562098e-05,0.005926760666165465,0.09666733316087453,1.273425566744127e-07,0.08518583032574216,7.832373558261075e-06,0.001347298173658183,0.0038222200105895647,3.626450945856541e-05,2.2997958880386366e-07,0.14360818790737698,0.00176709199123453,0.026551930712964425,4.8394654899232146e-05,0.5257966749606052,8.239283045401699e-05,0.0011723945540194679,0.03750981647541546,0.015074278379260219,3.696215744633106e-05
69,0.0012173079116526288,0.0004434714494534866,0.00014632389409998726,0.05044887886299735,0.0004606900508332573,5.950212845762e-05,0.007818173197247565,0.09981470113400906,1.8069073453520619e-07,0.11592383743143339,1.2305160760835445e-05,0.003521352714435549,0.006180904918143965,0.0001667091990747442,8.620780953960724e-07,0.36270839933958415,0.0034218219975873073,0.027565563008326695,0.00016971123364155376,0.20114654591857445,0.00016600976323337318,0.0029492527435446727,0.09722656669805116,0.01839003531122373,4.089316480350546e-05
70,0.0006246724462830156,0.00035042357967224287,0.00022176267565259545,0.05139522814282816,0.00011863683910593721,2.0945427848103006e-05,0.0075679536859330826,0.06899701345431337,1.8042940275097227e-07,0.06347485783156638,7.261736101405166e-06,0.002008491681734052,0.004977033971767649,9.368881453716844e-05,3.070693138413776e-07,0.20110059824115187,0.0011499903047081557,0.013766620274276269,7.398902707062027e-05,0.5411471798221829,6.576465158778799e-05,0.0011073009807842631,0.03173458968885019,0.009945593249367005,4.991597396141534e-05
71,0.0006394951620350051,0.0006315768679155516,0.0002235322369470551,0.07374530280066086,0.000531003064152018,2.703988660260613e-05,0.004939834010685795,0.1712785351782684,3.0374413135473226e-07,0.21521563258535464,5.678768604818161e-06,0.002231172986708332,0.005482718669697659,0.00010943420397783771,6.670263318400316e-07,0.2292450913677358,0.0030090412762070547,0.01775421383244975,0.00019102108562811057,0.20396720616804967,0.00017626068319087054,0.0018682840103912556,0.042097912608944514,0.026529893973095974,9.914780223327696e-05
72,0.0007312211406581728,0.0002417569624759424,0.000730954426976249,0.03494635850925348,0.0002878244102922562,3.902545505851889e-05,0.007778167446173633,0.029562248580421016,4.1095973571795107e-07,0.044253943626282655,4.182932448395849e-06,0.002746473454080998,0.0030032959032381765,0.0003897916129525187,1.021095216939725e-06,0.5911930128022431,0.0003937172000829996,0.002574274585230605,0.00013633843930595105,0.24078329945265395,6.521636773846527e-05,0.0005993837774601994,0.03467605712902283,0.004720911911055631,0.00014111181994159048
73,0.0007508999163128921,0.000464057290196847,0.0001659347696834249,0.06705875345445546,0.00017829092524251,1.7761239068720547e-05,0.0067489213364062915,0.1466897053921767,1.8291009579193966e-07,0.11611443461793106,6.6863278306411415e-06,0.0017552976745199543,0.005286210401634189,6.381048256338091e-05,3.645865525532056e-07,0.18715553149132946,0.0026556373477900526,0.021416556739499597,9.869642837974436e-05,0.3769855234313388,0.00010435041182109692,0.0014732970578494305,0.04177996283357297,0.022972558233803012,5.657469994551532e-05
