,0,1,2,3,4,5,6,7,8,9,10,11,12,13,14,15,16,17,18,19,20,21,22,23,24
0,0.9675724439347992,0.00015730166391101424,0.012462801568886636,1.5735327892201168e-05,1.364267018137051e-05,7.030708930776059e-06,0.0026006857626628844,9.191013237449815e-06,0.0016251033957457646,0.00010069893249163957,2.6076510183435507e-06,0.00014357005521887687,5.6334080570133535e-06,3.2969569498366486e-07,1.9017923100811132e-08,5.205511133250229e-06,1.3269949868463894e-06,0.010983247038333198,0.0010103923360583265,1.7799534886720386e-07,1.2158281470806399e-05,1.58563228532546e-06,1.0030523356804266e-06,0.003227184579373244,4.092377202312293e-05
1,0.9665119862020095,0.00014407892770274138,0.015916830873623805,2.0443548768939233e-05,5.806382502837653e-06,3.7111566400791065e-06,0.003016702204696441,6.041792913370562e-06,0.0008485876840682508,0.0001620591375780039,1.2442497775369229e-06,0.00015180524754165924,2.4796847189993074e-06,3.466826578102186e-07,8.401822264389675e-09,2.443203004965527e-06,5.032807194434743e-07,0.010901958870863426,0.00038986787495390323,9.577073989551849e-08,7.996266033422404e-06,9.133998238843655e-07,1.0408196996216867e-06,0.001853158875863243,4.98894612761343e-05
2,0.970967409402139,0.0001459751042589653,0.01165715246644082,1.909598929800047e-05,7.997828098679689e-06,2.9288417028771756e-06,0.003052046261230651,5.21389532536922e-06,0.0006729183747062334,0.00013737554029563887,1.325217463507943e-06,0.00014762658428920007,2.524800253129375e-06,4.919445284246812e-07,8.413048707008956e-09,1.7588156312546226e-06,6.517819457329839e-07,0.011432190683113228,0.0002695540542013728,1.1316940461888446e-07,6.83608767975964e-06,8.501701123574844e-07,1.2344765513611615e-06,0.0013983787182172338,6.834138006389853e-05
3,0.9659419718873901,0.00015584571178216088,0.014244542631692421,2.6597337078774892e-05,6.595522576410501e-06,3.5812059563873042e-06,0.0032378106457057404,6.074311014663591e-06,0.0007390048263000907,0.0001624410459126109,1.5840459584801443e-06,0.00017353644270421035,2.53594642972288e-06,5.176612624863886e-07,7.872974291859625e-09,1.9572289752481576e-06,7.025508217899575e-07,0.013033595783514021,0.000330927749281949,1.0641889999277129e-07,8.92353603916377e-06,1.0815413145224015e-06,1.4813011330759182e-06,0.0018547910471460156,6.378574813583673e-05
4,0.9671152648400757,0.00014952239994636676,0.013289034112605206,2.5555380072245285e-05,6.44101155340656e-06,3.372185334233504e-06,0.003063660233038874,5.6413430922917416e-06,0.000745482133381752,0.00014771952356807514,1.5038758147809079e-06,0.00018778408134124795,2.9782509756865237e-06,5.198542148752642e-07,7.626190727958172e-09,1.888346172908738e-06,7.578017531249436e-07,0.013037411742359837,0.00032639805465763425,1.0682619554254093e-07,9.02265808591487e-06,1.1133388971629987e-06,1.386268131786789e-06,0.001812574444368405,6.485366817229178e-05
5,0.9645579930036856,0.0001425082056084718,0.012964001864251777,3.162389055959018e-05,5.497088211809479e-06,3.433720326734781e-06,0.002841843569516209,5.4227993909857605e-06,0.0007084475701342119,0.00015874443884663524,1.491097240933804e-06,0.00018424063666474177,2.6175844796458015e-06,5.718634756821493e-07,6.7706863254203165e-09,1.7946794818584179e-06,7.590933575671849e-07,0.016174544490213973,0.00027558105888530907,1.0405711126535505e-07,9.128371700538837e-06,1.1495009319923087e-06,1.4393968222215949e-06,0.001860084225810066,6.697102260575319e-05
6,0.9659419718873901,0.00015584571178216088,0.014244542631692421,2.6597337078774892e-05,6.595522576410501e-06,3.5812059563873042e-06,0.0032378106457057404,6.074311014663591e-06,0.0007390048263000907,0.0001624410459126109,1.5840459584801443e-06,0.00017353644270421035,2.53594642972288e-06,5.176612624863886e-07,7.872974291859625e-09,1.9572289752481576e-06,7.025508217899575e-07,0.013033595783514021,0.000330927749281949,1.0641889999277129e-07,8.92353603916377e-06,1.0815413145224015e-06,1.4813011330759182e-06,0.0018547910471460156,6.378574813583673e-05
7,0.9679740308939422,0.0001374880106513236,0.014213488930974957,2.235576067753968e-05,5.9600417448344904e-06,3.246073860591632e-06,0.0029727803711763405,5.4400710669833854e-06,0.0006563498658181394,0.00014520476022330853,1.38544764799805e-06,0.00015238104112453253,2.367778720618029e-06,4.358784609727567e-07,6.643623069102589e-09,1.678274405878331e-06,5.968590223305137e-07,0.01160998560432217,0.0003061356809885863,9.274770875007883e-08,7.4839253680267766e-06,8.618177972114981e-07,1.2855692616077144e-06,0.0017222443078261966,5.671364358571301e-05
8,0.9633186257021286,0.00015412616541894572,0.012904120100678729,2.7248833425978303e-05,7.629142851562653e-06,3.9040230212364744e-06,0.0033948342283242334,7.4364843434323505e-06,0.0009332612295468519,0.0001586662377330453,1.915844683511362e-06,0.00020698392896955581,3.188496580873768e-06,6.049139102125041e-07,1.0836472752633868e-08,2.624488754444554e-06,9.246543061572311e-07,0.016460854211218817,0.0003915526965568193,1.2209359644704265e-07,1.0968024150703106e-05,1.6095042000591928e-06,1.4099607712042247e-06,0.001937504430199414,6.987376815616658e-05
9,0.9704447079073932,0.00011926072735104352,0.009776138860931372,1.735036632909835e-05,8.049017859782379e-06,3.160754458129057e-06,0.0027894864768956435,6.499180209901911e-06,0.0006966403670980761,0.00011277424425203383,1.7158086810027156e-06,0.00014506921339537605,2.661444184061513e-06,5.352049014420819e-07,8.663030011983788e-09,1.9588576993540517e-06,8.60100533716191e-07,0.014046775544891416,0.0003314885094589241,9.619850804683653e-08,7.122469559839294e-06,1.148603772726215e-06,1.099030393444357e-06,0.0014253986909982064,5.999375721400023e-05
10,0.9659419718873901,0.00015584571178216088,0.014244542631692421,2.6597337078774892e-05,6.595522576410501e-06,3.5812059563873042e-06,0.0032378106457057404,6.074311014663591e-06,0.0007390048263000907,0.0001624410459126109,1.5840459584801443e-06,0.00017353644270421035,2.53594642972288e-06,5.176612624863886e-07,7.872974291859625e-09,1.9572289752481576e-06,7.025508217899575e-07,0.013033595783514021,0.000330927749281949,1.0641889999277129e-07,8.92353603916377e-06,1.0815413145224015e-06,1.4813011330759182e-06,0.0018547910471460156,6.378574813583673e-05
11,0.9663618521365245,0.00015146037900646834,0.013981674874498515,2.6117247492356925e-05,6.617534786430416e-06,3.4840416686053126e-06,0.003194964409912476,5.959603160275302e-06,0.0007386835507064288,0.00015691491288903576,1.5499005822733828e-06,0.00018099745102596336,2.8492258885361978e-06,5.099200487804712e-07,7.687263783642451e-09,1.9610879029090795e-06,7.268643910560369e-07,0.012894980229212193,0.00033105112899299365,1.1012034691281189e-07,8.938088271793629e-06,1.0730266453700396e-06,1.4461636399251043e-06,0.0018828087227290911,6.326169241322345e-05
12,0.9710321277479915,0.00015793852617538792,0.007199445332396809,2.2693958155838868e-05,7.657251831506262e-06,3.0803750574696533e-06,0.0020353058615643132,3.0180632438848302e-06,0.0005016522356900843,0.00015071945631015812,9.975672153008114e-07,0.0001112233717055794,2.392127683872922e-06,9.270624687731092e-07,4.604502277918313e-09,1.0816382298974477e-06,1.1726128273084486e-06,0.017494307648733172,0.00016381046810128697,1.1722100426929549e-07,7.057559046456722e-06,8.318821820429927e-07,1.4472799944027393e-06,0.0010044316799809824,9.655846790720305e-05
13,0.9599822845795822,0.0001785184810293553,0.01556309405963779,3.610274730964549e-05,8.749599593200586e-06,3.91815023456801e-06,0.004646233200202049,9.32527895524469e-06,0.0008127229450426002,0.0001608312152647114,3.1521918986249906e-06,0.00029334894256236455,3.3187385391864834e-06,8.556204150442222e-07,1.1470296219311448e-08,2.205670989265817e-06,1.0647885766024118e-06,0.015532118047680732,0.000416182154957445,1.2388050078741399e-07,1.2892638943187424e-05,1.8768147956197553e-06,2.2790063102292553e-06,0.0022460995751199197,8.269020156363397e-05
14,0.9684089561779938,0.0001921057978213131,0.011703519047376673,2.687580144504177e-05,7.715982413905842e-06,3.6264573916094013e-06,0.003296302163403192,6.3217479369987164e-06,0.0007279896743679322,0.00018204220174522072,1.7474018707363143e-06,0.0001630681305167268,2.2988488096956976e-06,6.424428150540482e-07,7.693194800444435e-09,2.0629769527222966e-06,6.795129106798607e-07,0.012977827271158569,0.00035441543685906066,1.1635752311197812e-07,7.927495768849092e-06,1.0478841177022768e-06,1.575651673247773e-06,0.0018702056908684068,6.092215306487124e-05
15,0.9659419718873901,0.00015584571178216088,0.014244542631692421,2.6597337078774892e-05,6.595522576410501e-06,3.5812059563873042e-06,0.0032378106457057404,6.074311014663591e-06,0.0007390048263000907,0.0001624410459126109,1.5840459584801443e-06,0.00017353644270421035,2.53594642972288e-06,5.176612624863886e-07,7.872974291859625e-09,1.9572289752481576e-06,7.025508217899575e-07,0.013033595783514021,0.000330927749281949,1.0641889999277129e-07,8.92353603916377e-06,1.0815413145224015e-06,1.4813011330759182e-06,0.0018547910471460156,6.378574813583673e-05
16,0.9686863524691105,0.00013298555520794062,0.014246254103969694,2.160613429022818e-05,6.342703839494199e-06,3.595127910526555e-06,0.0027129000519063636,4.858429589345526e-06,0.0006422192294229909,0.00013037615586295904,1.4795978412508968e-06,0.00012082682250342187,2.1212131500605114e-06,4.024080836683628e-07,6.332371798300787e-09,1.546931548250505e-06,6.125115669057878e-07,0.011168174835703445,0.00028941585940076323,8.710733847780458e-08,6.59614935382321e-06,7.550946682712478e-07,1.2846885740920217e-06,0.0017653577955727279,5.384269121330457e-05
17,0.9623848655170273,0.00017546109210783567,0.012323231982084255,3.6155078478054894e-05,8.833613705910814e-06,3.385298995206969e-06,0.004072137010333188,7.431102640498197e-06,0.0007419729985165064,0.00018088616815418597,2.12451729517276e-06,0.0002716587168118966,3.836554256963918e-06,8.974965690997058e-07,9.171795368299458e-09,2.06270156138112e-06,1.3285575377093095e-06,0.017450194963499956,0.0003246856763657165,1.5055354141111738e-07,1.2873780943417091e-05,1.8245520446208573e-06,2.302944360715359e-06,0.0018959175816719701,9.577236970172363e-05
18,0.9652614475140646,0.0001309581145264753,0.01043685165072946,2.558485588614365e-05,7.0102217421984765e-06,2.7674135488769175e-06,0.003074681171513372,4.582810065705738e-06,0.000622337954573163,0.0001625569159275655,1.1878202329390972e-06,0.0002059661857059154,3.3880314735417747e-06,7.698024004529759e-07,7.360348259247782e-09,1.5608526954232787e-06,1.0676523255280866e-06,0.018496313933225456,0.0002023093288173211,1.2729385030493696e-07,9.930088077578694e-06,1.2615536409390945e-06,1.5486784907293845e-06,0.0012370629372263151,0.00010871985891209278
19,0.9580916300074354,0.00018302464290261884,0.01917475197177546,3.800615829337328e-05,6.623917864530561e-06,3.2216167455573903e-06,0.0052736380902919785,8.11983052801131e-06,0.0009505721918633944,0.00019698561821538315,1.6578452625194537e-06,0.0003317337510664465,3.4047188333678522e-06,5.955886456999107e-07,1.0443889139640457e-08,2.5079776711905646e-06,7.044115190087523e-07,0.013359937573768873,0.0003499832143058972,1.1838283681493611e-07,1.3144953793822881e-05,1.5448653309222692e-06,1.695012456116457e-06,0.0019251024908387266,8.128472386557806e-05
20,0.9548103289302682,0.00017468789344536405,0.01889223321391273,3.994638995049161e-05,7.007605042610669e-06,4.096149583090849e-06,0.004723885778881137,1.2417701895928889e-05,0.0010079642520738794,0.00020280330712299467,2.4389234983081573e-06,0.00030839917372751957,3.2231294786564502e-06,6.9333312286574e-07,1.624229702562811e-08,3.2757003314935325e-06,9.1407200027262e-07,0.017140612208566604,0.00045864121582266603,1.3579364056410395e-07,1.4464620375347907e-05,2.3559887597206793e-06,1.8288784262321824e-06,0.00210737059526348,8.025890251262456e-05
21,0.9642115203860389,0.00014586522721707286,0.01619204830667429,2.6731125530869427e-05,7.645746569671361e-06,3.947293421325227e-06,0.0034449503616192046,5.99255915890026e-06,0.000685793908516997,0.00015784161803568525,1.8691267628098246e-06,0.0001584814027081871,2.556092022077991e-06,4.966043697361935e-07,8.175348556133145e-09,1.6655302471517355e-06,8.373068393347949e-07,0.012536450730572404,0.00032461415241487784,1.0989173629961077e-07,9.30735833871916e-06,1.0780314977636232e-06,1.9903263054932356e-06,0.0020061565730478473,7.204216500600905e-05
22,0.9630121455323702,0.00020737080371826966,0.01670649200501824,3.1936292946447354e-05,7.892368014298494e-06,3.915733797251423e-06,0.004657086031794283,7.084253708499076e-06,0.000865494313800435,0.00020299007561752513,1.797412453329017e-06,0.00023684363709181893,2.9637250378067986e-06,5.84673733330217e-07,9.269782804474443e-09,2.334502118866824e-06,6.692166361514051e-07,0.011315614131731698,0.00041745586533361364,1.2205592982597716e-07,1.108280845509072e-05,1.1821904627436625e-06,1.912942606233072e-06,0.0022344321926465087,7.05879651944081e-05
23,0.9659419718873901,0.00015584571178216088,0.014244542631692421,2.6597337078774892e-05,6.595522576410501e-06,3.5812059563873042e-06,0.0032378106457057404,6.074311014663591e-06,0.0007390048263000907,0.0001624410459126109,1.5840459584801443e-06,0.00017353644270421035,2.53594642972288e-06,5.176612624863886e-07,7.872974291859625e-09,1.9572289752481576e-06,7.025508217899575e-07,0.013033595783514021,0.000330927749281949,1.0641889999277129e-07,8.92353603916377e-06,1.0815413145224015e-06,1.4813011330759182e-06,0.0018547910471460156,6.378574813583673e-05
24,0.9694859456125129,0.0001801080580591937,0.010603928101503995,2.8934145768908223e-05,5.749555447773656e-06,3.2324252609205168e-06,0.0025940224335477893,5.238558097050628e-06,0.0006765074467043087,0.000166479180170452,1.3474951674829813e-06,0.00016250433467427723,2.3497460964575596e-06,6.190014191317091e-07,5.8987109585875055e-09,1.7812559051041703e-06,7.01411639857459e-07,0.013971059858108896,0.00030549651864352406,1.0792681027175915e-07,7.79781786806292e-06,1.0099198287850149e-06,1.3262573060863955e-06,0.0017365945821077352,5.7152458640196145e-05
25,0.9594012143441675,0.0002054571414414649,0.014722587865453218,4.365986880166198e-05,9.089228801640959e-06,4.348339071974582e-06,0.004973379898932231,1.3884191235572435e-05,0.0007742394694654251,0.00019707961029205782,3.734782861507216e-06,0.0002441985301934051,2.4290734393983122e-06,1.0205098795644263e-06,1.0477782021509008e-08,2.7050464091709266e-06,9.635775021948285e-07,0.01648728804888077,0.0004720297653208548,1.2696174342845445e-07,1.1578957231362899e-05,1.828153129282724e-06,2.298765292316892e-06,0.0023624596966015463,6.238769607043307e-05
26,0.9748622737554152,9.095724736679685e-05,0.010858694322499009,1.4353134471278504e-05,4.602458686330395e-06,2.992861557176435e-06,0.001388217827319328,2.428320025365242e-06,0.0005040685105807113,9.168538419049364e-05,9.363284079114169e-07,7.519842706259158e-05,2.1955298139471866e-06,2.1350994016238707e-07,3.163500630169228e-09,1.0131964790889236e-06,5.480191193124599e-07,0.009725004407051537,0.00024079834365155168,7.692199453710331e-08,4.850252884870214e-06,4.5808851827564863e-07,9.996921055079705e-07,0.002091497815581339,3.593248177708601e-05
27,0.9625761394745109,0.0001665079212159051,0.014694281405671457,3.1192524659903585e-05,6.661384613579409e-06,4.1313969812794945e-06,0.003317181494335657,7.583789373274383e-06,0.0008884121652460548,0.0001726577961960416,1.9424204777339374e-06,0.00020362427837531413,2.7849065276062493e-06,5.841342069569234e-07,1.0706403717322234e-08,2.4788546193930567e-06,8.683262522126144e-07,0.015333275060420263,0.0004089816174441327,1.1794380062414878e-07,1.098425571288942e-05,1.6456086512048355e-06,1.596361266561613e-06,0.0020988173928944208,6.753878014275225e-05
28,0.9659419718873901,0.00015584571178216088,0.014244542631692421,2.6597337078774892e-05,6.595522576410501e-06,3.5812059563873042e-06,0.0032378106457057404,6.074311014663591e-06,0.0007390048263000907,0.0001624410459126109,1.5840459584801443e-06,0.00017353644270421035,2.53594642972288e-06,5.176612624863886e-07,7.872974291859625e-09,1.9572289752481576e-06,7.025508217899575e-07,0.013033595783514021,0.000330927749281949,1.0641889999277129e-07,8.92353603916377e-06,1.0815413145224015e-06,1.4813011330759182e-06,0.0018547910471460156,6.378574813583673e-05
29,0.9659419718873901,0.00015584571178216088,0.014244542631692421,2.6597337078774892e-05,6.595522576410501e-06,3.5812059563873042e-06,0.0032378106457057404,6.074311014663591e-06,0.0007390048263000907,0.0001624410459126109,1.5840459584801443e-06,0.00017353644270421035,2.53594642972288e-06,5.176612624863886e-07,7.872974291859625e-09,1.9572289752481576e-06,7.025508217899575e-07,0.013033595783514021,0.000330927749281949,1.0641889999277129e-07,8.92353603916377e-06,1.0815413145224015e-06,1.4813011330759182e-06,0.0018547910471460156,6.378574813583673e-05
30,0.9659419718873901,0.00015584571178216088,0.014244542631692421,2.6597337078774892e-05,6.595522576410501e-06,3.5812059563873042e-06,0.0032378106457057404,6.074311014663591e-06,0.0007390048263000907,0.0001624410459126109,1.5840459584801443e-06,0.00017353644270421035,2.53594642972288e-06,5.176612624863886e-07,7.872974291859625e-09,1.9572289752481576e-06,7.025508217899575e-07,0.013033595783514021,0.000330927749281949,1.0641889999277129e-07,8.92353603916377e-06,1.0815413145224015e-06,1.4813011330759182e-06,0.0018547910471460156,6.378574813583673e-05
31,0.9459951328516913,0.00036052347034083227,0.01563797313468485,6.876239103240653e-05,1.714198792059926e-05,8.815733169234999e-06,0.006505569627872185,7.418713207900314e-06,0.002126145691849818,0.000287203121925889,4.8470249743681354e-06,0.0005052256807462559,5.872033264195125e-06,1.3632594280612502e-06,2.760487840066922e-08,5.581422869274509e-06,2.043902377572902e-06,0.02277231473711851,0.0006684981765277567,2.7022575929059453e-07,3.1742219329233115e-05,4.490311035323845e-06,4.407958869434887e-06,0.004817074362466226,0.00016155435666089752
32,0.9669074990805688,0.00015451561411573614,0.013900214295409993,2.4886742167269425e-05,6.30714166408396e-06,3.59691557847715e-06,0.0030747829309873973,6.130646377123326e-06,0.0007438309863345573,0.00015571158994580756,1.5814463481802103e-06,0.0001700693489267762,2.505615065306082e-06,4.955352102865259e-07,7.826991350076275e-09,1.941595358747528e-06,6.729687816398005e-07,0.01253124437877012,0.0003598367618846197,1.0099342532281663e-07,8.607427451744567e-06,1.0789752946762232e-06,1.4024598233517198e-06,0.0018840402153283567,5.8938508190335276e-05
33,0.9670256631791563,0.00014774860257505415,0.015000380288502672,2.3587230667154407e-05,6.074119945167209e-06,3.181202503008201e-06,0.003163105857343637,5.327177354230268e-06,0.0007309961618523137,0.00014482846826211154,1.3691917591860063e-06,0.00016361796020947125,2.192627041086983e-06,4.350006918337859e-07,7.744601167397387e-09,1.7141913671785102e-06,5.585630092999218e-07,0.011590247377780551,0.0002896220555911326,9.191924220027494e-08,7.907109784322479e-06,9.018773546666126e-07,1.2774836162957044e-06,0.001626434877185769,6.272973260451299e-05
34,0.9746436597549045,0.00012176401348893727,0.011519811903677764,1.4112432597189554e-05,4.7970889798431045e-06,2.633920426521942e-06,0.0020904408417166684,4.169034758560569e-06,0.000706875614849812,8.463635159139343e-05,1.0979254774616655e-06,0.00012538161022842732,2.072676136663485e-06,2.850891077943512e-07,5.738899402901652e-09,1.3180366548225233e-06,4.3288927189031925e-07,0.008805602600239573,0.000334791033787545,6.186468302651026e-08,5.418693690922778e-06,6.595263042989249e-07,7.246387774281423e-07,0.0014907778185536081,3.846890119616553e-05
35,0.948794973046421,0.000378993905943034,0.022956711251318082,5.480054271883381e-05,2.088806787209936e-05,1.0860975359601747e-05,0.007044490769461057,9.310271169871013e-06,0.0012244784583827376,0.00035856594906597705,5.2963218397161695e-06,0.0002946729791957986,4.915051059148648e-06,1.2856567535210559e-06,2.3871898592409633e-08,4.507012850655442e-06,1.7696068806944232e-06,0.013579636972484977,0.0007336258055808417,2.9771063800116384e-07,2.3088571994354066e-05,2.3263702498871745e-06,6.059997887013769e-06,0.00434727674875635,0.00014114408421821373
36,0.9679906835200915,0.00011706218603427772,0.012157219346867984,2.091592501976055e-05,5.362940162114801e-06,2.1792986837828003e-06,0.003938096866564713,9.895848662431128e-06,0.0008107522452490845,0.00010584306687562975,1.4807500344347764e-06,0.0003564664657526168,4.095848495704916e-06,5.127049295281123e-07,1.1961727936903607e-08,2.641147763973333e-06,7.886457157078052e-07,0.01274749687642831,0.0004048725023202361,8.536216611033225e-08,9.09500332010863e-06,1.8751001833187402e-06,8.049439195907942e-07,0.0012460902044274071,6.567123860385526e-05
37,0.18436960077540512,0.011771047368100213,0.06668465847580259,0.0012352874753477569,0.0033021041811471504,0.001159260201021815,0.5469865234488757,0.010910339592813607,0.06026656524949833,0.004261943406597485,0.0015922814792582159,0.017455688903557153,4.558594010983734e-05,0.0008903754735215088,0.00042455781691690494,0.003946877708517303,0.00014514535372728017,0.028521384697899586,0.03964396959723738,1.2384602460153942e-05,0.0037103896169870198,0.002252952029009466,0.00016750687361237536,0.001992417380147569,0.008251152352428633
38,0.9745090281818943,0.00010276270262481559,0.013261345496172666,1.0662863593602354e-05,5.123616918378802e-06,3.2103319471528627e-06,0.0023110722846847952,3.4535366137792036e-06,0.0006445779609831765,0.00010162670223322255,8.581983975739397e-07,8.492379823682184e-05,1.6354835342699067e-06,2.343292464127254e-07,5.677867358789106e-09,1.522664516127938e-06,2.5684351510978967e-07,0.007320774580836761,0.00027580741031747714,5.212407276205005e-08,3.8267281749925296e-06,3.822221691963368e-07,5.993600483295393e-07,0.0013188608421925382,3.739605920837478e-05
39,0.9565135711733136,0.0001182668519298169,0.020737756855359064,2.9044614469499424e-05,6.402934771562788e-06,5.183424504838806e-06,0.003489808570245331,9.053783419504112e-06,0.0008792145020103636,0.00018022929807741332,1.826534620909952e-06,0.0001858209627460635,3.536505278807197e-06,4.1776116755618063e-07,1.0176796452541922e-08,2.9148205511518664e-06,8.504000667371306e-07,0.014938437851339918,0.00044061126035972525,1.188135061365107e-07,1.2658968525414267e-05,1.3295924280583726e-06,1.5204373884199953e-06,0.0023811120520900488,6.030185503331402e-05
40,0.961326321310576,0.00017527507371601535,0.01252719029276004,4.281582278734629e-05,7.107675047283727e-06,4.723536540080707e-06,0.00292712434548797,7.97123299327897e-06,0.0006907751171072772,0.00023900235671758392,2.175743890285975e-06,0.00014890926543679602,2.4449986185446983e-06,6.477739009318869e-07,6.649582170276573e-09,2.5921109104421843e-06,1.059981768299068e-06,0.018525394622678784,0.0003958133268591795,1.5828261039391238e-07,1.101313055034908e-05,1.405659578588038e-06,2.3155790330187003e-06,0.002901664339383782,5.609177146531773e-05
41,0.9777044181091715,8.273669354743269e-05,0.011344779999970878,8.438634187211033e-06,7.263748212217782e-06,2.013186285054108e-06,0.0023057077218711516,2.899518545746545e-06,0.0007056962033213232,5.6818208601401835e-05,7.138745229722618e-07,8.159721561313584e-05,2.094321683191864e-06,1.7145807589214932e-07,6.2460790861500134e-09,1.423443086651076e-06,2.8003508680917627e-07,0.006580260887216643,0.00016034416747962423,5.808673961282376e-08,3.0402118619007665e-06,2.897398009403996e-07,3.9503324021158127e-07,0.0009085419778299685,4.001127796967012e-05
42,0.9494435397721644,0.00017275947026846675,0.02186748718482273,4.389062679179248e-05,5.899508499637415e-06,5.911249509063952e-06,0.004276732117570296,1.6116729383477738e-05,0.0012858522844005306,0.00025268129791798145,2.5774678203008937e-06,0.00035329410739315734,4.609252129116382e-06,5.282425841452423e-07,1.8663535693059118e-08,5.54911521392514e-06,1.1015092010268098e-06,0.017906845996972637,0.0008803766566910525,1.6148737858875933e-07,2.04506487084216e-05,3.267466028074792e-06,1.8609442131377579e-06,0.003384849945957175,6.36382548451765e-05
43,0.945894194738468,0.00022517008817770644,0.020991579682152685,4.95630213879164e-05,8.619000993489542e-06,8.332629478860193e-06,0.00445905437439756,1.2747130911120872e-05,0.00107606491814425,0.0005384778244281245,2.048661764336851e-06,0.00021544567933326164,3.958818138634219e-06,8.86629740791852e-07,1.3643703795124129e-08,5.2300418787463914e-06,1.2620755909246675e-06,0.022561365513728653,0.0006135264778813692,2.5918204041996244e-07,2.3417650048561223e-05,2.4228420433234332e-06,3.1302161025737923e-06,0.00321660020760088,8.66289518639214e-05
44,0.9659419718873901,0.00015584571178216088,0.014244542631692421,2.6597337078774892e-05,6.595522576410501e-06,3.5812059563873042e-06,0.0032378106457057404,6.074311014663591e-06,0.0007390048263000907,0.0001624410459126109,1.5840459584801443e-06,0.00017353644270421035,2.53594642972288e-06,5.176612624863886e-07,7.872974291859625e-09,1.9572289752481576e-06,7.025508217899575e-07,0.013033595783514021,0.000330927749281949,1.0641889999277129e-07,8.92353603916377e-06,1.0815413145224015e-06,1.4813011330759182e-06,0.0018547910471460156,6.378574813583673e-05
45,0.95832434840371,0.00011692230355988174,0.020486155683953393,2.6566412276202485e-05,6.581936569132355e-06,4.604880168492775e-06,0.003956955216838577,1.1422870378537577e-05,0.0009248726125477541,0.00015013717675332557,2.2669882060532875e-06,0.00017941850413594939,2.658846192018237e-06,3.793402080373958e-07,1.4602480665503496e-08,3.7065829313213976e-06,5.868565354927763e-07,0.01313278259520877,0.00044869847465722534,1.0053312317881138e-07,8.421293021018505e-06,1.3051266312680524e-06,1.0860510116189993e-06,0.0021592092495861023,5.0797459315942894e-05
46,0.9542540825833263,0.00014857906306763654,0.014772265385571713,5.331277099500093e-05,7.3915816056066354e-06,5.809946215268882e-06,0.002760597357957425,8.370536106874857e-06,0.0008193065141714502,0.00019292142956780389,2.640756350478441e-06,0.0002550928298316272,6.295186014656858e-06,7.583463910850866e-07,1.0220106351930289e-08,2.941515549990044e-06,2.9028103893266746e-06,0.02288131493335017,0.00047016641959970453,2.1516643269244148e-07,1.9735120031288318e-05,2.9533678022001334e-06,2.9068656465564326e-06,0.003238292094410447,9.113719950838748e-05
47,0.9143473642471814,0.0006216270452580353,0.0423832571118401,0.00014274320476122604,2.8154367483598563e-05,3.212229326629771e-05,0.009665206733367493,3.508637691885335e-05,0.00069459688270534,0.0009025054567852755,2.2492716998365517e-05,8.680303459400224e-05,7.864501147719842e-07,4.86261012350488e-06,1.4972124699180904e-08,2.324703591676656e-06,1.4260037243752006e-06,0.024928001642302317,0.0007069921501550243,2.542289961631101e-07,1.9873071010702348e-05,1.549013763847701e-06,2.0658287419854994e-05,0.0052577247097737555,9.35726857391801e-05
48,0.9717612206447515,0.00022657703746704845,0.01079205342988996,2.4039826804412795e-05,6.091390182891884e-06,4.799975176409698e-06,0.00245779470986964,6.0040609520320005e-06,0.0006928193543183176,0.0001968332485508957,1.689677055690413e-06,0.0001368770320142645,2.649176318604188e-06,5.224908785780823e-07,5.285623691076111e-09,1.9718066028048727e-06,7.585116497064474e-07,0.010059851077276449,0.0007205369983146265,1.0962238326327012e-07,8.007925743852649e-06,1.0211416094924316e-06,1.6829748578975347e-06,0.0028568012962770497,3.928130543102016e-05
49,0.9617000999315236,0.00015727172652519534,0.017017549529824007,3.2212313397857134e-05,5.882951694190512e-06,3.8429974920303756e-06,0.003371805318818512,5.96524640867843e-06,0.0007612945073792269,0.00018540000952795992,1.5463804866620503e-06,0.00020708262360718,2.9149903855574254e-06,5.357035634613188e-07,8.064923689338565e-09,1.974126436607381e-06,7.539158223473613e-07,0.014084096526474755,0.00032361915510918134,1.1488440573297207e-07,1.0945325162559948e-05,1.2182496039212706e-06,1.7160976476978563e-06,0.0020492212631677584,7.292816061176711e-05
50,0.9653015850309042,0.00013741350877055072,0.011317378421342948,2.9039885930089165e-05,5.030235140240213e-06,5.60084999027721e-06,0.0010814019476687643,2.8645241388209976e-06,0.0011541094787633898,7.908079242646525e-05,1.8620498395652456e-06,0.0001020620272781673,2.651714950341591e-06,2.783632444369467e-07,7.042934354754045e-09,1.9405429568506602e-06,1.0845159001557599e-06,0.016817887804617015,0.00038238202378257006,1.0512843342293443e-07,9.896844019583234e-06,1.188714570823726e-06,1.0511940992671153e-06,0.0035236395845677534,4.045777372983304e-05
51,0.9708812071058835,0.00025543922433248666,0.010915532288403331,3.717210735781013e-05,3.5205987072594846e-06,2.389515217448146e-06,0.002364880057344658,5.916648587634108e-06,0.0006909470224882413,0.00014153776256880445,1.2563790216564401e-06,0.00019536868657171242,1.3877526938861639e-06,7.099998780736009e-07,5.9193930694524255e-09,1.2072368402781712e-06,5.640922168267385e-07,0.012848810904631193,0.0003102735410523023,7.234897926029819e-08,7.421903032594942e-06,1.3000148021605311e-06,1.1057939346873085e-06,0.00127973489928497,5.223819677595444e-05
52,0.9534536355140928,0.0003951221011884437,0.02391509517400168,6.622119489434795e-05,8.533972592685489e-06,2.7784183574615406e-06,0.008712184741154157,8.577501870375559e-06,0.0009375511502720818,0.0002559249596927836,2.2001485599630523e-06,0.0006050784244739431,4.0085185293247e-06,6.870643035019537e-07,8.301254655559498e-09,2.0146833292756664e-06,8.675512449523845e-07,0.007827855130156176,0.0005172183178562198,1.613859041034859e-07,2.11984631060806e-05,1.751364566202894e-06,4.244304888918126e-06,0.003167799765918605,8.92818477910241e-05
53,0.9511796254775671,0.00018571342060488702,0.021856735718791185,3.733049997890769e-05,1.3344049114223955e-05,3.5240442701512067e-06,0.00994601930918118,1.1155071526116102e-05,0.0009429848258589698,0.000234986674035854,2.6934331887218313e-06,0.0003724426721040036,3.8024040200937483e-06,7.528672154135354e-07,1.4430315381729619e-08,3.0761156480509923e-06,7.386911437612499e-07,0.012563118601426374,0.00034355844609916964,1.5114288925995188e-07,1.4054086080382908e-05,1.4993146124357303e-06,2.7523006445824174e-06,0.0021739204809893024,0.00010600592269427023
54,0.9755393178729667,0.0001834805459190231,0.010337474046545964,1.734814610585593e-05,5.009433411836222e-06,2.3451422885446374e-06,0.0025494794760873006,3.3256971599072512e-06,0.0006013785548527709,0.0001353281605681262,8.27505410094432e-07,0.00014316521406700485,1.5052604083224957e-06,5.269070158551592e-07,6.706599081036757e-09,1.1791852936332986e-06,3.855505539316028e-07,0.009282706929803585,0.00021587288665492673,6.637158012883482e-08,4.8940206644953005e-06,6.870912997458471e-07,9.085717511294581e-07,0.0009016581924035952,7.112253058831001e-05
55,0.9671912618114739,0.00014327517781821656,0.013635615090791801,2.4672835791349558e-05,5.955526579722085e-06,3.207045292232592e-06,0.0030531851480722688,5.401213037343278e-06,0.0007702751716222408,0.0001413076909965226,1.3758810255231294e-06,0.00018094125128725994,2.6603426920976125e-06,4.5052865751012564e-07,7.353390804233807e-09,1.8699859602584022e-06,6.34996720384365e-07,0.012678902277942246,0.0003106463998763378,9.62567996093585e-08,8.46528656211078e-06,1.0061063999593218e-06,1.2248598122643406e-06,0.0017771586191956455,6.0403142202383736e-05
56,0.9664593759009472,0.0001501764891515498,0.013933453260811362,2.574414319422398e-05,6.540610157682054e-06,3.493904796192506e-06,0.0031904635677424617,5.927565481892525e-06,0.0007403815465823401,0.00015474636316532565,1.5438228252906878e-06,0.00018380887303003473,2.857554954184695e-06,5.134895103822879e-07,7.863305922075377e-09,1.9394528068241257e-06,7.297827828388312e-07,0.012881696019146788,0.00033410786178447846,1.0766888629810912e-07,8.958203503586357e-06,1.090602241730738e-06,1.4325653978287093e-06,0.00184626245447953,6.464043331412056e-05
57,0.9659838726762089,0.0001520875383651137,0.0135687468619825,2.598741546893315e-05,6.334542447407888e-06,2.9085612490331744e-06,0.003486453219233121,6.444289805215037e-06,0.0008713848136439771,0.00015900435691441499,1.331691141983465e-06,0.0002848623069980399,4.535961568948179e-06,4.7188429028098477e-07,9.206016881729065e-09,2.469286073429148e-06,9.151524236395287e-07,0.013047522116390167,0.00039868680114000594,1.334412744514554e-07,1.1438753077509252e-05,1.5416023062202615e-06,1.3569515088557855e-06,0.0019095304369766974,7.197013349416481e-05
58,0.9681049969744301,0.00013976918818262677,0.013431762328819132,2.351508598152031e-05,5.956714832539986e-06,3.4196443468393783e-06,0.0028737049062318967,5.251604218187012e-06,0.000711944771489413,0.00013994282993039464,1.507899638021261e-06,0.00016746609801341798,2.666148188195945e-06,4.2690771374962407e-07,6.680362847174778e-09,1.782965329408091e-06,6.362529381321534e-07,0.011890547302463248,0.00034754611393780066,9.580415442588735e-08,8.093329229534365e-06,9.519882095623757e-07,1.3491453972637264e-06,0.0020823271453946418,5.433217056694408e-05
59,0.9656534231799624,0.00014616427329575122,0.015544048925816237,2.575345015566e-05,6.148227162113083e-06,3.640745713610181e-06,0.003096894588782714,5.610270042840891e-06,0.0007430032153254513,0.00015430394447854673,1.5700146688574826e-06,0.00016615042938593311,2.536132899125645e-06,4.1647133232715905e-07,7.2221459644767545e-09,1.9058257107437734e-06,6.22890734203884e-07,0.011845776097247651,0.0003452819415856922,1.0233198726581032e-07,8.766058159681902e-06,9.70042339586934e-07,1.4738775292825152e-06,0.002189730161377824,5.5699682160440436e-05
60,0.9659419718873901,0.00015584571178216088,0.014244542631692421,2.6597337078774892e-05,6.595522576410501e-06,3.5812059563873042e-06,0.0032378106457057404,6.074311014663591e-06,0.0007390048263000907,0.0001624410459126109,1.5840459584801443e-06,0.00017353644270421035,2.53594642972288e-06,5.176612624863886e-07,7.872974291859625e-09,1.9572289752481576e-06,7.025508217899575e-07,0.013033595783514021,0.000330927749281949,1.0641889999277129e-07,8.92353603916377e-06,1.0815413145224015e-06,1.4813011330759182e-06,0.0018547910471460156,6.378574813583673e-05
61,0.9656770079202855,0.00014705842824871447,0.015468910518457335,2.5764835952797947e-05,6.196139115018405e-06,3.6249966499740723e-06,0.0031228864116962718,5.724554427690708e-06,0.0007376010192657833,0.0001552834685424162,1.567453649876849e-06,0.00016810937694762475,2.5824668227107987e-06,4.307656247811049e-07,7.315118072474888e-09,1.89358108550924e-06,6.334072886568607e-07,0.01193299355107609,0.000342840905609126,1.0293509429101783e-07,8.73225940396375e-06,9.831657260043956e-07,1.480368097304168e-06,0.0021307633184763997,5.682083733801098e-05
62,0.9659419718873901,0.00015584571178216088,0.014244542631692421,2.6597337078774892e-05,6.595522576410501e-06,3.5812059563873042e-06,0.0032378106457057404,6.074311014663591e-06,0.0007390048263000907,0.0001624410459126109,1.5840459584801443e-06,0.00017353644270421035,2.53594642972288e-06,5.176612624863886e-07,7.872974291859625e-09,1.9572289752481576e-06,7.025508217899575e-07,0.013033595783514021,0.000330927749281949,1.0641889999277129e-07,8.92353603916377e-06,1.0815413145224015e-06,1.4813011330759182e-06,0.0018547910471460156,6.378574813583673e-05
63,0.9672910871218514,0.00017338152910868822,0.013864758864543017,2.6647581320479825e-05,6.490665217175859e-06,3.4763499147132272e-06,0.0031111972316315573,5.772140189850405e-06,0.0007375016360757254,0.00016478165276925235,1.513911429189677e-06,0.00017132787139177214,2.407839769951185e-06,5.264760827019519e-07,7.723011561861818e-09,1.8552759072628815e-06,6.722754434658044e-07,0.012220604319301621,0.0003347177895281499,1.0696310630733694e-07,8.650564417846831e-06,1.0504792363870024e-06,1.495616947303023e-06,0.0018070527613853332,6.291536041914276e-05
64,0.961746314377904,0.0001769264319106506,0.016037162213374194,3.2275467377886825e-05,6.920327106451389e-06,4.114579858778559e-06,0.0036398310577677217,6.7571024257385e-06,0.0008555764376415322,0.0001968785662064309,1.6926825383144634e-06,0.00021783715499946383,3.0712350995443545e-06,6.09388583570963e-07,9.30056111777055e-09,2.2600063922654363e-06,8.163389045975037e-07,0.014509930988998174,0.0003724016594715186,1.279133548928262e-07,1.2359385722441566e-05,1.3684524899986466e-06,1.8040582481310936e-06,0.0020980761021835914,7.487877087897345e-05
65,0.9681629021518201,0.000144169309856778,0.012983949215793123,2.3583449031664168e-05,6.269579740512682e-06,3.376009611675646e-06,0.0028496413043201806,5.289770423494343e-06,0.0007515337936956601,0.00013638624493615066,1.506980976945432e-06,0.00016296368988891533,2.539648808608627e-06,4.4855838539412216e-07,7.306855022179173e-09,1.8606112606685724e-06,6.794983559440648e-07,0.01250441546155795,0.0003279260140495471,9.63004714007753e-08,8.072892227840789e-06,1.0202528088628692e-06,1.2755151276741699e-06,0.0018624704750092589,5.761596498657598e-05
66,0.9662612976057087,0.0001084779589117376,0.016692807986585935,1.8321402166918707e-05,8.139812702842684e-06,4.184612122045176e-06,0.0027296672547882216,4.104045563175361e-06,0.0006036322205244868,0.00016768279263424686,1.2567814524766856e-06,0.00010094336168658937,2.9550466588749458e-06,3.1183814494580526e-07,5.689663425767809e-09,1.744626495096734e-06,6.453202256338508e-07,0.010697878722515946,0.0002633542126676069,1.3246724845752992e-07,7.921694750167976e-06,5.611502397808309e-07,1.6500097373335746e-06,0.002264972951630267,5.735043517481488e-05
67,0.9463843884693613,0.00013858628820133593,0.016550443538456968,6.005982537215743e-05,9.798697276702897e-06,1.0245407142250926e-05,0.0029122570644886598,6.177562284428881e-06,0.0005823813282990485,0.00033692902354839975,2.7673381930405188e-06,0.00015392833267360482,5.97150503987651e-06,1.0950456190916567e-06,6.880600832630443e-09,2.7356454537595566e-06,2.510239198658437e-06,0.028162763584888534,0.0003323870027040325,2.822563123869825e-07,1.8701367326533647e-05,1.467276210297009e-06,4.733991607413002e-06,0.004210944844336739,0.0001084374854038672
68,0.96266509743523,0.00012078163802061022,0.019833752205551426,3.1229312893714636e-05,2.622832394738783e-06,2.2603650452167715e-06,0.002408088392671293,3.8049357844351373e-06,0.0005366525190537653,0.0001613316813220421,7.738225715523246e-07,0.00017049793678312793,1.738868535275636e-06,2.8304271670871874e-07,3.034775306504963e-09,9.74167406017357e-07,4.0903664292394784e-07,0.011872313783062511,0.0002105870760804872,6.857103234954695e-08,1.0410738080073529e-05,7.081301792917554e-07,1.4067455103089986e-06,0.0019167027003866035,4.750102827011866e-05
69,0.9627282323515454,0.00017146401830219445,0.01631854322748399,3.1631324040232976e-05,7.468808074752017e-06,4.142543030928757e-06,0.0037450745477684948,7.2561380514944664e-06,0.0007766844404175532,0.0001835630635406657,2.0301211013753394e-06,0.0001927626461027639,2.7567643437792533e-06,5.480059511053306e-07,8.61281783401044e-09,2.2604928969403123e-06,7.409689512957678e-07,0.012943228100369002,0.00039117981225261235,1.2404403032395736e-07,1.0727654194863748e-05,1.168833843523997e-06,1.8979134643194208e-06,0.0024139159954604367,6.25895719646556e-05
70,0.9733625819091415,7.26340032756128e-05,0.01084465565193149,1.541150878536858e-05,4.479797753797286e-06,1.316014985797994e-06,0.0023147866847536116,4.4372750550142595e-06,0.00040445357993968946,8.823892790208361e-05,5.196708253544738e-07,0.00010694031341364014,2.0388785828645666e-06,3.3338678391175524e-07,4.920647522031727e-09,1.2852479428543685e-06,4.877579577087296e-07,0.012133503095424327,8.648268385224782e-05,7.69319283302002e-08,3.3020107576480194e-06,4.6429588287636664e-07,4.190807196612398e-07,0.0004892689157393262,6.187745601791746e-05
71,0.975836214748842,0.00021801925048045917,0.007941647801775469,2.0469876223265667e-05,1.344314605652856e-05,2.60444276516358e-06,0.0028429282877659857,3.266514863247586e-06,0.0006116251325267605,0.0002097277120750477,9.008186260052297e-07,0.00013768122350519809,4.268224984454703e-06,5.144642656007499e-07,5.516911996307767e-09,2.0705746305304334e-06,9.919465606119291e-07,0.009909844698910071,0.00024580805103988025,2.914549288202631e-07,8.537873249597117e-06,6.390591971882241e-07,1.9541169325437855e-06,0.0019092888493749706,7.72562135085833e-05
