,0,1,2,3,4,5,6,7,8,9,10,11,12,13,14,15,16,17,18,19,20,21,22,23,24
0,6.678873754739065e-05,0.0003360972969483901,0.00073324392029536,0.0025040879187853545,4.210419710421338e-05,0.005520025387826136,0.000663765640443188,0.0002856748804606727,0.009859955741100974,0.00015562890678072342,0.00015260006045935957,0.005864583153459261,3.8528719746157166e-05,0.0068294776828695045,0.0014678742468851804,0.0007244956178811665,0.023694783222018886,0.009331520875924789,0.0012616000067883664,1.5164257983341432e-05,0.8280652897364779,0.06627719112400876,0.00012460110119802577,1.1907172483283998e-05,0.03597301039452367
1,0.00013750683769370292,0.0005521969825220138,0.002266467755414115,0.0071716917232807174,1.943331016191267e-05,0.003207761515393488,0.0018623109668557383,0.00024501056859304205,0.0061920360443032205,0.000716876564718689,6.490737966374334e-05,0.01281491818136005,2.309551588734767e-05,0.011582538096083578,0.0005409749874898582,0.0003733829749650141,0.008016157014038761,0.015989414717869042,0.00048827415052127624,1.1546255627672253e-05,0.8005262571740392,0.037329373854916525,0.0002476991870180869,1.013370890007888e-05,0.08961003453268307
2,0.0001475674759525,0.0006516396880453248,0.0015430016679271504,0.006958082494243384,4.5930203870975754e-05,0.0026587474769770953,0.002398273991558509,0.0002272039939302638,0.005104347320738989,0.0005814813645010374,0.00010065049173850572,0.013838000992793274,2.5184303824309327e-05,0.024318946276880762,0.0008737723363435312,0.0002762669357230234,0.013997994733327716,0.018183041792988585,0.000299342803569763,1.6900422265149493e-05,0.6738997767109485,0.04235573261349602,0.00040725453183509074,6.934440223638166e-06,0.19108392493629694
3,0.00010451411043493783,0.00047115176887073537,0.0014718866917923855,0.008556606183558073,2.1613147822794713e-05,0.0026524690700870067,0.001600574082991647,0.00019128860661310796,0.004101769633609011,0.0005062590983469478,8.918470166678122e-05,0.012625989106910126,2.0665265845690394e-05,0.018413361511682,0.0004190568668407381,0.00021866719825643706,0.012334244165460443,0.016385123548420897,0.0002961144076663643,1.118066756055514e-05,0.7692496035735777,0.04113229800262169,0.0003844398894044228,8.563955085089069e-06,0.10873337474487446
4,0.0001039969669032498,0.00044584289577652685,0.001319115196033605,0.008206431726081997,2.0405730917859117e-05,0.0023566269181341222,0.0014940314206840688,0.0001695624966967268,0.004112944890762753,0.0004336633053392707,8.361532976310946e-05,0.014695979781373221,2.6001236059313336e-05,0.01884274491369414,0.0003808001154335597,0.0001984637581989478,0.013085283649074728,0.015942599241379817,0.0002864343435879554,1.0883021466053953e-05,0.766510584403611,0.04178085398509486,0.00035476453645298976,8.389963112767739e-06,0.10912998017436741
5,0.0001021457477216947,0.0003922896985797045,0.0011871939077000792,0.010624603923774983,1.4576212897525365e-05,0.002185450384245675,0.001221898029362581,0.0001445086340282326,0.003502270595028839,0.0004871708020186313,7.21212415676096e-05,0.013403183949776116,2.071887550197518e-05,0.019436162259041774,0.0002893359555953303,0.00017127995199106024,0.012949818751869941,0.022340556068810597,0.00021066869805768821,1.0405569215795907e-05,0.7582197802586618,0.04247558946703815,0.0003543791908419208,8.433362843000087e-06,0.11017545846382913
6,0.00010451411043493783,0.00047115176887073537,0.0014718866917923855,0.008556606183558073,2.1613147822794713e-05,0.0026524690700870067,0.001600574082991647,0.00019128860661310796,0.004101769633609011,0.0005062590983469478,8.918470166678122e-05,0.012625989106910126,2.0665265845690394e-05,0.018413361511682,0.0004190568668407381,0.00021866719825643706,0.012334244165460443,0.016385123548420897,0.0002961144076663643,1.118066756055514e-05,0.7692496035735777,0.04113229800262169,0.0003844398894044228,8.563955085089069e-06,0.10873337474487446
7,0.0006891929126230011,0.000878799013850358,0.009400352170496938,0.009297931020499875,3.7588900896241965e-05,0.005605654942337704,0.003955641699084238,0.00037901993836119997,0.006194599980521179,0.0012040023975153679,0.00014797244715762921,0.019079975146231786,5.043373539433763e-05,0.017376060313895013,0.000328397512849063,0.00024232860368774217,0.011969161439211637,0.028797402073541083,0.0009810066954327773,1.5429179831070863e-05,0.7063468363605174,0.023774839360225605,0.0006525595665260901,3.18724976803433e-05,0.15256294209163235
8,0.00021755548671426216,0.0011643434879984157,0.004520690055853965,0.022947161318368676,2.8390487875671067e-05,0.003276314315520286,0.003855532830120168,0.000300572413342082,0.0034523350117457905,0.001384064287845775,0.00011546204060603958,0.021064662666772146,2.0976128714463394e-05,0.037722570529548666,0.00022148892381927386,0.00017510877618873922,0.00799075959174258,0.014533095098337808,0.0003031252711739312,1.6923653566006843e-05,0.6959663528013265,0.02060183472254689,0.0013601395128825637,1.5780844052419545e-05,0.15874475974333696
9,6.329037523214571e-05,0.0005119396780560508,0.0021079259737343914,0.015637558576841057,9.086786448364223e-06,0.0018306378557927806,0.0016128295290496568,0.00011816130020437931,0.002676556136995254,0.0007943121882900858,4.1458501657915595e-05,0.014373695668983147,1.3722411149383662e-05,0.01414498845685814,0.0001673361050441425,0.00013794710099278588,0.00470667473071427,0.008794105693243499,0.00014387868995061477,1.0225858045095868e-05,0.8268093446445707,0.019632621933642035,0.0005306863869958137,8.33802215890369e-06,0.08512267739534934
10,0.00010451411043493783,0.00047115176887073537,0.0014718866917923855,0.008556606183558073,2.1613147822794713e-05,0.0026524690700870067,0.001600574082991647,0.00019128860661310796,0.004101769633609011,0.0005062590983469478,8.918470166678122e-05,0.012625989106910126,2.0665265845690394e-05,0.018413361511682,0.0004190568668407381,0.00021866719825643706,0.012334244165460443,0.016385123548420897,0.0002961144076663643,1.118066756055514e-05,0.7692496035735777,0.04113229800262169,0.0003844398894044228,8.563955085089069e-06,0.10873337474487446
11,0.00010659789311007963,0.00046449864475009466,0.0014630528533259328,0.008533266923373492,2.1991570293214667e-05,0.0025701635994013093,0.001598761546074742,0.00018811436812355401,0.004117269606139394,0.0004933922510626017,8.867228385186597e-05,0.013800489942637066,2.506505744159439e-05,0.018285811802181563,0.00039905585784467734,0.00022004547124981205,0.012869296064195335,0.015940937433987164,0.0003041270472401905,1.2025091100068149e-05,0.7705225505383241,0.04051854125893079,0.0003905705645660549,9.188428821702935e-06,0.10705651390197374
12,0.00010458031980569148,0.0004737447132145666,0.0013929722787229231,0.008514028387148194,2.2055674238172134e-05,0.00265183270948781,0.0015420681198406415,0.00018015498866215355,0.003963074533515715,0.0005091605267813969,8.56566945434655e-05,0.012077676456619588,2.056100861180956e-05,0.019522056292091493,0.0004009592613293176,0.00020870134745420041,0.0130699818027913,0.016913421685368364,0.0002777068375542181,1.1343426598743614e-05,0.763473397014609,0.04028519697152524,0.00038701341378577465,8.100464168570615e-06,0.11390455507153144
13,0.00015422918882850898,0.0005796375451350321,0.0016858309543559844,0.006858431005900058,2.2529677077914315e-05,0.0032164704364339176,0.001461997223702371,0.00014361084107265246,0.004880918068933778,0.0007643611529618979,4.642749351504494e-05,0.008425471835936421,2.0661990421634298e-05,0.012365292952155103,0.0004235032015691198,0.0002477077590910077,0.012477756233264034,0.020101412545641018,0.0003385284278868041,1.2618044832609268e-05,0.765539982117174,0.03243585595266794,0.0002778124123884859,8.117910983722543e-06,0.127510835028071
14,0.00020212750446731116,0.0038424595395986855,0.0007370902615696902,0.012909480351953192,0.00010007316703627156,0.003805977190882049,0.0038043386845139525,0.0003146349542742937,0.005479539281496707,0.002128271303391304,0.00022257925896495637,0.01216951927426534,1.3125351724674514e-05,0.07782957591258954,0.0006160308010704719,0.00035797255260142195,0.01598097176328238,0.02465827587682071,0.0008339393556846316,2.6025844866899818e-05,0.6273062871806558,0.05546727718085161,0.000926705486795858,1.3651767832357002e-05,0.15025407015281003
15,0.00010451411043493783,0.00047115176887073537,0.0014718866917923855,0.008556606183558073,2.1613147822794713e-05,0.0026524690700870067,0.001600574082991647,0.00019128860661310796,0.004101769633609011,0.0005062590983469478,8.918470166678122e-05,0.012625989106910126,2.0665265845690394e-05,0.018413361511682,0.0004190568668407381,0.00021866719825643706,0.012334244165460443,0.016385123548420897,0.0002961144076663643,1.118066756055514e-05,0.7692496035735777,0.04113229800262169,0.0003844398894044228,8.563955085089069e-06,0.10873337474487446
16,0.00027813080536065086,0.00081592627435868,0.004058475850165906,0.014412912978011238,5.5071863580385426e-05,0.00797382638317451,0.002209816783915345,0.000308050528619635,0.007799855306933098,0.0005980870665575584,0.00025344495032194675,0.011922594417413198,3.453654475205168e-05,0.027980327092618475,0.0006406988371411865,0.00031346966867586737,0.02267977941325408,0.02566146686162455,0.0005450354184976676,1.951077859939913e-05,0.6658843992129002,0.038091042241159626,0.0008211816733061243,2.2449512917219495e-05,0.16661990953614125
17,0.0001588761947513622,0.0006052406615692186,0.002405924279494689,0.007884520328620253,2.3301699919484244e-05,0.00401509887981835,0.001818444629724103,0.00020878110696455687,0.006252972800184433,0.000620779081025389,8.891430880993372e-05,0.011165153899688408,1.951405431161668e-05,0.013406358881811126,0.0005642849712589396,0.0002832736532125778,0.009323490075778956,0.018073924756845917,0.0004681283246411457,1.0464697759734476e-05,0.7797811899909466,0.035122249828897195,0.0003042426254253351,1.1508423878469712e-05,0.10738336184466228
18,0.00010898389930536386,0.0005205821477489355,0.0016937347085860773,0.009270638585263807,2.217818780496539e-05,0.0029582023457093813,0.0017046768421286039,0.00022388137578524333,0.004638457309000367,0.0005231428593220062,0.00010298540992916568,0.013249285714592945,2.0488590267665245e-05,0.017842971899231473,0.0004631280097004703,0.00024979701142869746,0.011360221296567908,0.015544908863762167,0.00035641546300431946,1.1432745426741802e-05,0.7771938714900558,0.04234178438072383,0.00040370761237428366,1.007075770150726e-05,0.09918445249457812
19,5.881536274448665e-05,0.0003623895888228448,0.0013361446646793268,0.00860006880139581,1.2560182945655122e-05,0.0011665751785813292,0.002185149241709886,0.00017872984815304097,0.0035944911641708037,0.00041023708041964396,5.3833222795595515e-05,0.02211023939995021,1.9476741995487013e-05,0.012477243364702514,0.00036801163094046346,0.00020031030618734486,0.006617949529226658,0.00931638105798558,0.0001931465008654079,7.668556606561435e-06,0.801638774362752,0.042473896509943744,0.0002683488444829627,5.423080181497622e-06,0.08634413577776101
20,0.00013848011006107014,0.0005701831235674431,0.0016125263554335816,0.008792641028714555,2.7265347456782957e-05,0.0031423264922923353,0.001616367101155734,0.00015438076456526713,0.004321464048859591,0.0005747699688301215,8.466881143116142e-05,0.011534649686962287,2.4152309055997345e-05,0.02062899404180193,0.00031725090825013817,0.00019881298755433974,0.013931146716009127,0.017855608867706048,0.0002989787419030857,1.2921355478869751e-05,0.7582358844172277,0.03088848352901152,0.00045011676823312585,1.0144328500518269e-05,0.12457778218993779
21,0.00010294905348682232,0.0003957156221145157,0.0015869369515039398,0.007007490999470142,2.8048612740573527e-05,0.003184512507569058,0.001498043483550834,0.00015374069800062909,0.0033425026810017552,0.00042556794064612914,0.00011171655858270254,0.008783125363567719,2.0452715968778296e-05,0.014210541878438026,0.0004607884230746184,0.00015147224714431417,0.018988905244177227,0.014839984214614025,0.0003023530028666161,1.1136932744968219e-05,0.7530354502807767,0.040647558176423834,0.0005643413862250661,9.485364391490023e-06,0.13013717966091945
22,2.4276381315142997e-05,0.0011833836231558686,0.001276620284616183,0.012850692799094362,2.0993063735898e-05,0.0012746923899591804,0.005516030006699227,0.0002131837761732245,0.004530338991168335,0.0005569193792501718,6.449745412719321e-05,0.04625009160572611,1.7965670518511464e-05,0.020500406117921637,0.0004112153830326908,0.00023478906352271154,0.0018400174150080882,0.001332664968406183,0.0003371733839211664,1.014494985765995e-05,0.8157974921342597,0.019466128899484913,0.000794943828518889,7.160184049332041e-06,0.06548817824647757
23,0.00010451411043493783,0.00047115176887073537,0.0014718866917923855,0.008556606183558073,2.1613147822794713e-05,0.0026524690700870067,0.001600574082991647,0.00019128860661310796,0.004101769633609011,0.0005062590983469478,8.918470166678122e-05,0.012625989106910126,2.0665265845690394e-05,0.018413361511682,0.0004190568668407381,0.00021866719825643706,0.012334244165460443,0.016385123548420897,0.0002961144076663643,1.118066756055514e-05,0.7692496035735777,0.04113229800262169,0.0003844398894044228,8.563955085089069e-06,0.10873337474487446
24,0.00012811397356882355,0.0007683780091038803,0.001160807785967752,0.013301442549604175,2.1735994798072027e-05,0.002615533211859543,0.0014653666908404745,0.0002048831841663888,0.003948925681948033,0.0007066885461231368,8.573807357347957e-05,0.014706067717277206,2.2460569346943548e-05,0.03587512951153454,0.00028644958689902404,0.00022204581764539538,0.015189682271622394,0.02161981412667838,0.00029590583148853667,1.5164058589047157e-05,0.7291144798985295,0.04343387242388449,0.0004695478978939749,9.092832432021233e-06,0.11433267375462476
25,6.525475004524715e-05,0.0004816026021945115,0.0012727314583878017,0.018596342960176416,2.5580784822087312e-05,0.0027245448789804142,0.002381479661066581,0.0007840975084634829,0.003350863363672986,0.00044453308345928635,0.0003920633590014518,0.020176914953022297,1.4816449118619285e-05,0.05492592527226497,0.0004126203140440043,0.00032823098221380887,0.012401060362965507,0.015435961606646823,0.00036470810760173193,1.203184399317468e-05,0.7374712782225767,0.06951593443675587,0.0007553836392982954,1.1733078213457132e-05,0.0576543063210143
26,0.00039254605087787143,0.0005621073620998293,0.003234970605555111,0.009446731162954816,3.331350347607235e-05,0.005365145303498063,0.0010690998321948777,0.00011969414395315087,0.005951607378509299,0.0005597757872231944,0.00011675124043653001,0.008857095918962955,5.050280964823842e-05,0.011520267259486624,0.00016453177203883685,0.00017412390426753882,0.023503502745792312,0.030894418705010716,0.0005194313946824688,1.888099669637296e-05,0.7746271628241242,0.02418094541363604,0.0006772905109818713,4.1437784388232165e-05,0.09791866558950463
27,7.880157790096365e-05,0.00039141847460928567,0.0011569543110936478,0.008232836460153204,1.653604985077161e-05,0.002301186277615804,0.001356691049020637,0.0002203511477761845,0.004074796966268484,0.0004151802657526492,9.776430943217629e-05,0.012607501598627623,1.6843979939557706e-05,0.01683531542068607,0.0005282880476105203,0.00023272015741238603,0.012228309911573913,0.01641560132109596,0.00030701234756648363,9.27204499611139e-06,0.7710098976047903,0.06343423665308477,0.00031842613845535804,7.687787037818531e-06,0.08770637009764937
28,0.00010451411043493783,0.00047115176887073537,0.0014718866917923855,0.008556606183558073,2.1613147822794713e-05,0.0026524690700870067,0.001600574082991647,0.00019128860661310796,0.004101769633609011,0.0005062590983469478,8.918470166678122e-05,0.012625989106910126,2.0665265845690394e-05,0.018413361511682,0.0004190568668407381,0.00021866719825643706,0.012334244165460443,0.016385123548420897,0.0002961144076663643,1.118066756055514e-05,0.7692496035735777,0.04113229800262169,0.0003844398894044228,8.563955085089069e-06,0.10873337474487446
29,0.00010451411043493783,0.00047115176887073537,0.0014718866917923855,0.008556606183558073,2.1613147822794713e-05,0.0026524690700870067,0.001600574082991647,0.00019128860661310796,0.004101769633609011,0.0005062590983469478,8.918470166678122e-05,0.012625989106910126,2.0665265845690394e-05,0.018413361511682,0.0004190568668407381,0.00021866719825643706,0.012334244165460443,0.016385123548420897,0.0002961144076663643,1.118066756055514e-05,0.7692496035735777,0.04113229800262169,0.0003844398894044228,8.563955085089069e-06,0.10873337474487446
30,0.00010451411043493783,0.00047115176887073537,0.0014718866917923855,0.008556606183558073,2.1613147822794713e-05,0.0026524690700870067,0.001600574082991647,0.00019128860661310796,0.004101769633609011,0.0005062590983469478,8.918470166678122e-05,0.012625989106910126,2.0665265845690394e-05,0.018413361511682,0.0004190568668407381,0.00021866719825643706,0.012334244165460443,0.016385123548420897,0.0002961144076663643,1.118066756055514e-05,0.7692496035735777,0.04113229800262169,0.0003844398894044228,8.563955085089069e-06,0.10873337474487446
31,0.00031416425506544616,0.0007772547058032806,0.003859555328265681,0.011623947256937892,2.6357214410227944e-05,0.003450504949068308,0.002699674897268069,0.00045294505790901835,0.00420419894283549,0.0011506068254723907,0.00010344473644492554,0.01424056379919432,2.5153768946615025e-05,0.0235063507664151,0.0003421940463349629,0.0002384018553910968,0.012984427062590325,0.028236426473302333,0.0005277792589354782,1.4714480228724359e-05,0.7270391002609253,0.03428745801917635,0.0005411448664161559,1.2953163160135892e-05,0.12934067800950227
32,0.00011591650114860058,0.0005045373300870371,0.001501417449326424,0.007827742897049903,2.1239880399457595e-05,0.002830469977524081,0.0015630641155227544,0.0001984866533823056,0.004375418996200878,0.0005171785827447981,9.165156913064049e-05,0.012754934152639388,2.176508356404395e-05,0.017136517758728518,0.0004381946827088521,0.00022586506239588954,0.01234445735074651,0.01649992475501077,0.0003825089838400044,1.0863503238019726e-05,0.775413929396589,0.04352144879777409,0.0003659546526216056,9.65017846925775e-06,0.10132686168915722
33,5.280259119672326e-05,0.00036386035305845896,0.0005949975687545427,0.011997176132471641,1.9745924198078068e-05,0.002917021623088364,0.0009325992678884972,0.0003173436689354704,0.001985742974955951,0.000564973180857548,0.00015414303229251096,0.009809361354223426,2.6477614624473177e-05,0.04108016115105069,0.00018278968040015548,0.00026376502554146164,0.03043879862133729,0.016719428982762023,0.0003474349141503187,1.7353043794089863e-05,0.757769949221473,0.0699468661210836,0.0007578796275601337,1.1460791673163306e-05,0.05272786753262821
34,0.0001708005842158411,0.0006156157709914255,0.0019611686333532705,0.007446497644803189,2.4183770189379682e-05,0.0031449036034102993,0.0017472380998568146,0.00021961394780582827,0.006103486176877208,0.00046406038517163734,0.00010460861476606958,0.014808537073934805,2.497985172682142e-05,0.016368437330098223,0.0005057347542322689,0.0002317451965486247,0.011843468698129645,0.01831709555446515,0.0005156675447683238,1.0016938169630465e-05,0.7665081349768235,0.04337341829859097,0.000316222034878853,1.146105626408247e-05,0.10516290345992826
35,0.0003350350437523708,0.0003967866315250279,0.002283591201369596,0.00785231567932726,1.1986883354862675e-05,0.0017668063583512817,0.0016904866473042945,0.00023236863779716837,0.006000235984194331,0.0005806766228500242,4.840355339894587e-05,0.015316901785131752,2.0730849289171582e-05,0.010206914144464235,0.0002597954348976048,0.00018452221033934501,0.009770831949519125,0.05196415624284534,0.0003421858242799073,6.360798862786168e-06,0.7448688250089159,0.04480106781457362,0.00014205265325160056,9.508007540664507e-06,0.10090745403286398
36,9.97961067279366e-05,0.0003437096368354487,0.0011481626621950099,0.00741015406668385,1.2484320753419865e-05,0.001047395029431272,0.002219835740053349,0.0006184442127491357,0.004822664986049147,0.00028798837089486596,9.310824263725658e-05,0.04931311292859566,3.987560990991577e-05,0.02119863955222812,0.0008497688949901616,0.0004233164588861768,0.01273984824772858,0.015884856897332697,0.0004819992618725795,8.560234355219663e-06,0.6670578964051804,0.121241072813937,0.00014308719245386344,4.666305884206095e-06,0.09250955582163453
37,0.00027813750426011394,0.0005687644536082933,0.0026227260579499696,0.010636184470929002,1.9715643518362614e-05,0.00239548824406448,0.0018307556392079976,0.00014871925997626966,0.00455540864190178,0.0007530960128980044,7.676247328583439e-05,0.014665380208068714,2.8087566165776534e-05,0.01332093267271739,0.0001958640961120267,0.00015760417645818592,0.01205993784187863,0.030595004474692364,0.00034082454818811235,1.2270745656533807e-05,0.756955781200021,0.031875463492635474,0.0004778204628221478,1.9229458560648626e-05,0.11541004065442287
38,5.195637910329473e-06,0.00011697232991181228,0.00013231547392632745,0.02384150871285451,2.8679758078405844e-06,0.0002381899285530942,0.0003079398686846437,0.00011658064424768082,0.00035561587093163816,0.00016806177185145794,6.524124076750655e-05,0.011672174717092122,6.837889066486562e-06,0.026851616465435525,4.0757111594584386e-05,4.25389893993156e-05,0.024195828495169703,0.006511232634690022,2.7608743908294344e-05,1.1631342945290788e-05,0.794852033943795,0.08135983250620554,0.000883734963427186,2.637344409614127e-06,0.02819104539741464
39,0.0002837740439815427,0.00526855372566116,0.0010849428749654315,0.024682974730992655,6.928831386640828e-05,0.0014156299902708593,0.004584856432334445,0.00015959942314529044,0.007704636453851883,0.0009226678025455371,0.00025705276393771335,0.04177676227137544,1.148288527169399e-05,0.13306812769837098,0.0005747809109364956,0.00016474099174711084,0.008504452390055227,0.02130040156683793,0.00030093339782537684,1.953162770036686e-05,0.3932679770258235,0.06284190306938209,0.0013489369093612467,1.3110595629836265e-05,0.29037288210412976
40,9.988854740104675e-05,0.00045515990621935396,0.00137141391775599,0.00890817095159728,2.1133891395024792e-05,0.0026787601964475367,0.0014896231966235246,0.00019112426679331873,0.003879326908004268,0.0005210553554418605,8.949865877604938e-05,0.011748605870824099,2.0218094296604574e-05,0.018330217173815503,0.0003848763836782984,0.0002236229828243471,0.013050515687864805,0.01685877459639063,0.00029080473589539814,1.1763624340777512e-05,0.7756158668788311,0.041313489153260566,0.0003996159045668494,8.92361441685599e-06,0.10203754950253902
41,0.00035793795943977894,0.0009224554946070807,0.004234559484053444,0.008508726617145686,0.00012145371132933486,0.00511970516849641,0.004462646580672392,0.00032346067898033764,0.01675797186635325,0.00046827295320502716,0.00015518242799329623,0.017181465539971165,4.789632325925569e-05,0.017804923494236288,0.0017377140682939454,0.0006996650845594131,0.01236346457119059,0.021121850007320222,0.00039895784133187295,2.0380014763303733e-05,0.6279569122195243,0.029403960217308782,0.0003035354287639213,1.2341048289434398e-05,0.22951456119891145
42,3.334461897422827e-05,0.0001651047681607391,0.0008739831213643207,0.005486691384802132,4.777772181997561e-06,0.0015815065593455609,0.0007935776860066927,0.00031966487092168497,0.0025005754293819606,0.00035938061780118593,5.408505887244316e-05,0.011822080089423816,1.6167936870638488e-05,0.005662907391041437,0.00042835773851544523,0.0003276485504953392,0.007885801630825633,0.009161463377856241,0.0004800626357922232,6.456195458984119e-06,0.846089047029079,0.07549879327231819,0.0001555891820029326,6.694689380729303e-06,0.030286238393126608
43,6.281639729978067e-05,0.00032485056559895863,0.0010310646346268517,0.006527706181524904,1.3969410109920243e-05,0.0024603698798429637,0.001083704838469606,0.00015577267415168748,0.0027022260763454515,0.0006203731509302006,5.358578422949198e-05,0.007558008033916635,1.5612890186139156e-05,0.013382264576398812,0.00030187629667237766,0.00020155378558996194,0.011073262325418524,0.014357246264371454,0.0002486557776969723,1.0407445500308812e-05,0.8231688896999181,0.03756736755558548,0.0003163349142193171,6.61714713077287e-06,0.07675546369426542
44,0.00010451411043493783,0.00047115176887073537,0.0014718866917923855,0.008556606183558073,2.1613147822794713e-05,0.0026524690700870067,0.001600574082991647,0.00019128860661310796,0.004101769633609011,0.0005062590983469478,8.918470166678122e-05,0.012625989106910126,2.0665265845690394e-05,0.018413361511682,0.0004190568668407381,0.00021866719825643706,0.012334244165460443,0.016385123548420897,0.0002961144076663643,1.118066756055514e-05,0.7692496035735777,0.04113229800262169,0.0003844398894044228,8.563955085089069e-06,0.10873337474487446
45,0.00012372945019214503,0.0003624885777630003,0.0031569950441433245,0.009646329996735759,3.0418536315812113e-05,0.004665742653364583,0.003008567872945122,0.0008222024364473727,0.008267479939470275,0.00046072762572684173,0.00023000624264245888,0.018495993021273808,2.9201042976523216e-05,0.013745826465493355,0.002116201746616194,0.0008871593505136742,0.010995621123684705,0.019268662202101883,0.0006629596921997889,1.295310229450086e-05,0.726347456549903,0.07984690015274878,0.0002640631419292575,1.25192275544792e-05,0.09653979480496332
46,3.0170937805895763e-05,0.00011007500495715573,0.000444201041096762,0.007762687397373394,7.5128412974868395e-06,0.002214327403448638,0.00027274323353498734,0.00010454226571972467,0.001187017706625091,0.00019129829845564758,6.950658207894926e-05,0.005660094174145353,3.115018241671677e-05,0.012320014396949326,0.00014679318416157367,0.00012634758302727537,0.05398721173909472,0.013064492649116358,0.00016933969136965942,1.1731562061851529e-05,0.7858521410914857,0.06465743823759433,0.00039744066597533325,7.046294614089019e-06,0.05117467583559381
47,0.00011199531677427732,0.00040630292451083945,0.0013479553354315357,0.006762549550496051,1.7891018288852524e-05,0.0019965530145412943,0.0014684103715743272,0.00015419574909908098,0.004159346788621966,0.00043883363194709,6.221024206088155e-05,0.014199996724640913,2.4321148915821074e-05,0.013477761091709776,0.00039940256674508265,0.00021220607946092747,0.01195903503469446,0.016173626419592017,0.000285791799415643,9.925768058724484e-06,0.7742553870668171,0.042588207873823426,0.0002721873755707668,7.531017428481534e-06,0.10920837608978073
48,0.00013734099936861999,0.0011621460290784078,0.0011207954853855796,0.007734678877763808,2.082752804442745e-05,0.005592138823130603,0.001114212861817045,0.00025148779252015307,0.00397160067601206,0.0009311073591361065,0.0001432345923660523,0.009220859834740731,2.375622026788751e-05,0.02250139640416891,0.00026347809577455483,0.00022715060784902233,0.02148511362882076,0.014168594099557353,0.0018769257570012392,1.2853795079406954e-05,0.7913672113142088,0.06159041363454798,0.0006498065405239054,2.327723637855788e-05,0.0544095918064581
49,7.99578525520208e-05,0.0003681780739760087,0.0016145466693009908,0.009637271644170945,1.2951768605204773e-05,0.00230582112781329,0.0013828468519654954,0.00015485867972843425,0.003314400127259731,0.0004932363607718124,7.086655103205288e-05,0.01407286086581138,1.9653700762257293e-05,0.01605778963035386,0.00031217066287277535,0.00016980993983238733,0.009404784122408385,0.013943820889359986,0.00022526602572967095,9.368806549965061e-06,0.790635366964494,0.03743908798802914,0.0003981846735632594,8.378739257559456e-06,0.09786852128379943
50,0.00010680879101293671,0.0005243086078955025,0.0016213503776590587,0.006804218291867334,2.542471761356509e-05,0.0018250588872835997,0.0038774578394687557,0.00029696105919040897,0.0023690987964515246,0.001101406733611849,6.994633141510955e-05,0.016644954911429317,1.8321785732135093e-05,0.02561356274119338,0.0004570468130974393,0.00019858951496299658,0.00930468885411831,0.014211872240202364,0.00029359855733767563,1.0784941546727503e-05,0.7085413470288943,0.039220033420914444,0.0004985615505228425,5.0869788665544355e-06,0.16635951022771184
51,7.92068393555343e-05,0.00018106050313582088,0.0015731057798712867,0.004396916712417981,3.761395183100633e-05,0.003370452100872851,0.0016948486487371542,0.0001342946395995561,0.0031407751816391206,0.00041390146510171484,8.136914962771461e-05,0.007557498521975631,3.4206947726563356e-05,0.0100053007952085,0.0003958369734095398,0.00026593563337104677,0.01428732153018461,0.012672562766712405,0.00019469206857245148,1.366139212025935e-05,0.8008224601264855,0.021928117026560237,0.0004233455576313637,9.033016540235976e-06,0.11628648267131173
52,0.00041831659531537497,0.00021279418474270584,0.0021712057997755195,0.004815934487080336,4.0087107304658964e-05,0.017133316458917597,0.0009785674726077139,0.0004235537977283397,0.007531302943806503,0.0007820695464148043,0.0002043433624803197,0.0029694022024625497,1.8991561133318147e-05,0.0372120239629883,0.001637265396257945,0.000630694029752909,0.02561721834955085,0.2356734543222083,0.00039605904709159883,1.161440695388594e-05,0.384034365168763,0.06018244208622414,0.00012647714121689368,8.89937528604422e-06,0.2167696011939364
53,5.7515044995804074e-05,0.0003658629722965207,0.0015550402794682451,0.008399659023640283,3.136167967396921e-05,0.0015596722336997687,0.004262243944379386,0.00025647167482132374,0.0036377534748534028,0.0004835274807540271,0.00011537646633585924,0.021215923372786882,1.8612632671452002e-05,0.016874670979094772,0.0006834385578470155,0.0002550783010389314,0.00671059077611099,0.008931735550555696,0.0001884316182469678,1.0225285198628614e-05,0.7580360922588761,0.039863185756454096,0.0005148200943492534,6.460152226877145e-06,0.12596625038962347
54,0.0002128247511865339,0.0013126332957953829,0.0014926576850148488,0.0068565346249198755,2.905399595252472e-05,0.0021625421417700106,0.002370282440235736,0.0001118377966256412,0.005482565338129064,0.000794474364151747,4.0179996982587486e-05,0.017113437861536396,1.6837100859636728e-05,0.03174197357385407,0.0007429648086169864,0.00017293040539934228,0.00837657061449871,0.017354483599855187,0.0002542223877023889,1.0078827852457957e-05,0.5443469292294297,0.0331726967641459,0.0002709960304216515,3.7240002757833556e-06,0.3255565683647879
55,0.0001692774525410398,0.00035342433600526714,0.001799955417448412,0.007456257889667207,1.065259972764137e-05,0.0012017496363617823,0.0017478233979231772,0.00010114271428351388,0.011064187590165142,0.00020939212275499853,3.645903955284696e-05,0.03843136392412371,4.328031186495312e-05,0.00695485310903321,0.0003405045347179385,0.0001978947264851481,0.004918889964915376,0.018968824985737147,0.00024302231314912321,5.32656265266504e-06,0.7769103582516169,0.03215356364529335,9.384945696069543e-05,9.15079378314073e-06,0.0965787952232356
56,0.00010551457116660198,0.0004530063629624471,0.0014523558707336284,0.008303269653033955,2.0792142197178007e-05,0.0025229139462685833,0.0015865824189907126,0.00018474999940599685,0.00413015648849116,0.0004729162768459173,8.721001083552444e-05,0.014084758121052109,2.4268094958129805e-05,0.018006630444285958,0.00040660246655903207,0.0002107578228493796,0.012444269122326027,0.015846717449699756,0.0003052552494231656,1.1089378566243037e-05,0.7699844273197018,0.0412465303678123,0.000370452331265259,8.801284932053598e-06,0.10772997280563716
57,0.00024166627624800293,0.0010110974721992635,0.00432202137680406,0.02012021034702355,8.950598978975671e-05,0.023595537740521432,0.002317159533051941,0.00030200023619653783,0.005758191668367705,0.0010190909097025109,0.0006051763003069705,0.0024594789968955563,3.900260400454779e-06,0.06503306245876604,0.0007116094595718454,0.0002197122646189055,0.011077784637313381,0.04484507726763254,0.0002671044717182473,1.0662128790104833e-05,0.620357694681777,0.019762755740072083,0.0014007384251004367,1.9743777507578564e-05,0.17444901757962408
58,0.00012801945422818363,0.0004880141765202077,0.0016875435398047791,0.008972967029664105,2.126649316637196e-05,0.002785035717649257,0.0016648162648162876,0.0001922273681631064,0.004666757638858205,0.0004750138904322355,0.00010514897507546177,0.015379024923755886,2.5624072418875185e-05,0.016693426490502906,0.00036155442136671066,0.00021354354986676175,0.011431509353362278,0.01667850783142741,0.0003810936745495733,1.0831234060085941e-05,0.7817170105632364,0.03977975084846767,0.0004189121637469924,1.2949374525635325e-05,0.0957094509503347
59,0.00011556224445099119,0.00045665068441393076,0.001891572202194023,0.00891144891632617,2.0371220465442782e-05,0.0027429437434403257,0.0016485677535107647,0.00018966229682907434,0.004491059647580646,0.0004874497320920869,9.751975904023801e-05,0.013580114765677533,2.2493877957902793e-05,0.014179964767295853,0.0003683577952495775,0.00021475732808072013,0.010282875193333324,0.014979678092932863,0.0003387013649688567,1.1124460258406254e-05,0.7974044665176612,0.03666270668333662,0.00042329811432688066,1.2474104609210442e-05,0.09046617873396746
60,0.00010451411043493783,0.00047115176887073537,0.0014718866917923855,0.008556606183558073,2.1613147822794713e-05,0.0026524690700870067,0.001600574082991647,0.00019128860661310796,0.004101769633609011,0.0005062590983469478,8.918470166678122e-05,0.012625989106910126,2.0665265845690394e-05,0.018413361511682,0.0004190568668407381,0.00021866719825643706,0.012334244165460443,0.016385123548420897,0.0002961144076663643,1.118066756055514e-05,0.7692496035735777,0.04113229800262169,0.0003844398894044228,8.563955085089069e-06,0.10873337474487446
61,0.00011710884909583881,0.0004602509098205834,0.001877935753940052,0.00877051623773693,2.0647504419759218e-05,0.0027015393116298545,0.001706595945232947,0.00019061491883756756,0.004412962408209355,0.0004998331125645255,9.650796016840112e-05,0.013923384016855984,2.3447136439386334e-05,0.01445406648687444,0.00037753359331337883,0.00021174503594991473,0.010452084748339864,0.015259032522937142,0.000339481246175282,1.1121492372485012e-05,0.7922167288860962,0.037271458188590345,0.000421756361183971,1.2179979891113671e-05,0.09417146739332452
62,0.00010451411043493783,0.00047115176887073537,0.0014718866917923855,0.008556606183558073,2.1613147822794713e-05,0.0026524690700870067,0.001600574082991647,0.00019128860661310796,0.004101769633609011,0.0005062590983469478,8.918470166678122e-05,0.012625989106910126,2.0665265845690394e-05,0.018413361511682,0.0004190568668407381,0.00021866719825643706,0.012334244165460443,0.016385123548420897,0.0002961144076663643,1.118066756055514e-05,0.7692496035735777,0.04113229800262169,0.0003844398894044228,8.563955085089069e-06,0.10873337474487446
63,0.00011355394855994683,0.000617983922428,0.0014741417022611936,0.008695519119314958,2.25360252049474e-05,0.0026319555589752433,0.0016125308273399672,0.00017995299355924954,0.004271122889645098,0.0005644243053467878,8.481244881466554e-05,0.012819461838978625,1.9904232199761014e-05,0.019105338521693535,0.00042259706139676585,0.00020961489162708407,0.012004135246343493,0.015172508730159167,0.00033464129685836476,1.1784467637184075e-05,0.7675656797439941,0.04082454640380253,0.00040878860890388585,8.809585690270293e-06,0.11082365562926512
64,6.446580683694251e-05,0.0003474099606565927,0.0010400024960338936,0.006805185546457848,1.4293648348290674e-05,0.001939549112237044,0.0011716211077730865,0.00012671521879644766,0.003026507504827805,0.00042751936653157507,5.521703551916349e-05,0.010657656524270068,1.7432929562182648e-05,0.013967531714616866,0.0002944592094071931,0.0001576281835601529,0.009685134598277509,0.011976409514499657,0.0002096404555405998,9.009982388115214e-06,0.8188099311363656,0.03395327044217868,0.0003104385442436751,6.294462127283448e-06,0.0849266754989436
65,0.000139114832402074,0.0005216973581700259,0.0015570926959643655,0.008620949376325758,2.4930442787755663e-05,0.0028907251309552746,0.001566297344978869,0.00019003054990568557,0.00579639750339614,0.00040353996293799986,0.00011293758158000867,0.014951770999301593,2.5908905417762944e-05,0.017685674935898572,0.00047438351735407444,0.00024383186620938936,0.014128399962409699,0.019269809551883024,0.0003794309079827779,1.0910690446710062e-05,0.7533014990049735,0.04839733539327419,0.0003531266743089351,1.1337884922749609e-05,0.10894286692621302
66,0.00014583849601888847,0.0002340978377683809,0.0023261071563127488,0.003162874312937791,3.7267906284568416e-05,0.00460914900880994,0.0010003300065488043,6.834508036076157e-05,0.003041169187994749,0.0005865411849656916,5.759892942838896e-05,0.0034598505492147097,3.393258115840107e-05,0.004454016439127271,0.00022665814215652697,0.00017105757944092822,0.015952945146154737,0.014075547528584635,0.00027887370068324397,1.8034554439165305e-05,0.8421361089969942,0.013282271925915079,0.00046218143905559016,1.8529569558462424e-05,0.09016067274008609
67,0.00013401833339569984,0.0006147751492813809,0.0016728931896496171,0.007922380256770575,2.4524257945709718e-05,0.002340053360085383,0.002104330888598272,0.00022167022868872845,0.0052659463750752275,0.0005205963329485638,9.392283026820048e-05,0.015345432074425675,1.9148468383418175e-05,0.016703544531585734,0.0005537662270304236,0.00023628370834460045,0.010759655735035688,0.016804929012890008,0.0003773207393702899,1.010329518371548e-05,0.7540290752080431,0.04766362393208888,0.0003300135867226243,8.54857503479663e-06,0.11624344370315393
68,0.00010551090583648118,0.0004958168916780004,0.0013950356498718915,0.00808926830052739,2.5098830027375627e-05,0.0027849503518593754,0.0016862424506366035,0.0002006850494854954,0.0043332431373381995,0.0005011520682376329,9.70477499262072e-05,0.012665364907716607,2.1778965380449636e-05,0.019393120307133322,0.0005149061239036392,0.000238075049209116,0.013497094517277111,0.016524811992136786,0.00031993609620803746,1.1864155872420948e-05,0.7539069646254051,0.04472251253543086,0.0003815400894966976,8.288891419763294e-06,0.11807969035798553
69,0.00013716638624156746,0.0005056462969826329,0.001393102371585165,0.007649830302800151,2.193680876000691e-05,0.002619649871309582,0.0015665332486124173,0.000169814077368375,0.004605705506890823,0.0005389535731270514,7.000353514281224e-05,0.01244172291941234,2.2269242915846637e-05,0.02007328222929776,0.0004540323790063926,0.0002152270651587295,0.014989198417254086,0.02267185218986483,0.0002884404373516492,1.0539230608149826e-05,0.7194931492748341,0.04607558337644428,0.00028628559321005145,6.733830081375389e-06,0.14369334183573976
70,9.3140487663555e-05,0.00046791478564676763,0.00131142904055513,0.00780526340960973,2.0293689629843395e-05,0.0026154290533551634,0.0014761423931736314,0.0001680841722835023,0.003904156696035883,0.000477788792659821,8.877777921837938e-05,0.011755868674101276,1.8847624803954306e-05,0.016629918015047974,0.0003859866618924723,0.00019430048372337313,0.011541002714881638,0.014454524247648232,0.00031863980319337965,1.0094137059599403e-05,0.7893158771898745,0.04010189166788322,0.0003949609596137861,9.007816859345107e-06,0.09644065970358584
71,0.0001092190344677016,0.0003185219042171659,0.0019218821263188657,0.00776447529499737,1.2372194626342816e-05,0.0036470900109332382,0.0013195481997581512,0.00022255305589097531,0.004527361549531381,0.00035581182277837764,0.00011835566976209985,0.011914013702950576,1.622346944475875e-05,0.014628750614005693,0.0004761376009363534,0.0001896277462060642,0.011636530865206938,0.021032642176678502,0.0004135353755967674,5.198003941298934e-06,0.7756806335900911,0.0562755815407813,0.0002556331971523637,9.19261792203957e-06,0.0871491086358044
72,0.00010295635261915089,0.00036376514635730924,0.0016197876815350364,0.0079145808918813,1.834038493155531e-05,0.002729004812516483,0.001551216971834096,0.0002107031203028603,0.00457807665961283,0.00043112533021699023,8.509917288363249e-05,0.012896458911930456,2.2385728670239307e-05,0.015246097140405679,0.0004131328506671731,0.00024606391385438987,0.010593272206354034,0.017648421280048808,0.00029673640942246167,9.377834532667845e-06,0.7937884850486483,0.03906429285019363,0.00027024615971763807,8.587853067299635e-06,0.08989178528779596
