,0,1,2,3,4,5,6,7,8,9,10,11,12,13,14,15,16,17,18,19,20,21,22,23,24
0,3.33625666981509e-05,0.00025662749212716795,0.00013561474098196764,0.0010592319176824612,4.343577209492288e-05,0.0009958186492720466,0.0006165859848401684,8.237037669795965e-05,0.012098103252603434,3.514514848753189e-05,7.757666750710195e-05,0.014342523078784157,4.1378092196952624e-05,0.008135497227772898,0.008847605754087445,0.00033293910206073744,0.0319892386525537,0.009289678306281642,0.0003421183594740968,8.575889328573249e-06,0.5314096976023299,0.2274332764004639,3.7505289940623743e-05,1.4793658287570127e-06,0.15235461430990355
1,5.7860876845027635e-05,0.00036006803074384617,0.00034977162261754793,0.00253637282267418,1.839978338580542e-05,0.0005223872021125372,0.0014378488650261367,6.445344909591555e-05,0.007047615371636067,0.00013597636866273806,2.8983781606001353e-05,0.026807660324878052,2.3381133761728546e-05,0.011955181611642413,0.0032143931490081247,0.0001675536425562769,0.010422525618562392,0.01409124896910094,0.00012034013866965397,6.160346964603391e-06,0.469781926600187,0.12236919986667782,6.089376423731214e-05,1.070522167435247e-06,0.3284187261371803
2,4.6698019907179284e-05,0.00031872741765766647,0.000180177249499847,0.001849109311366148,3.192088743075906e-05,0.00032818527593728565,0.0013719839094295586,4.4853286216075037e-05,0.004406939497605697,8.365020298870565e-05,3.315547361667581e-05,0.021650417031531997,1.922247784828047e-05,0.018523025484549784,0.003869061422918598,9.434189534149206e-05,0.013572922205548548,0.012087019540185727,5.624226489490305e-05,6.754651866466708e-06,0.2991807314731619,0.10451155955223693,7.384480279528135e-05,5.552366368802002e-07,0.5176589014288276
3,4.131634508518957e-05,0.00028773643575293094,0.00021316601948924985,0.002802952157404017,1.8950911551253787e-05,0.00040563123441977796,0.0011454854673480727,4.69774796844443e-05,0.00441042271640654,9.052613022602794e-05,3.6501845310321864e-05,0.02452650838731931,1.9634181297746776e-05,0.017491925568480473,0.0023400010609979237,9.303160802467183e-05,0.014861544235655649,0.013527286478510458,6.894165102258109e-05,5.591506596359672e-06,0.42172487136124254,0.12582221184457362,8.647737025644033e-05,8.451570705195579e-07,0.3699314628462739
4,4.095407980167519e-05,0.00027128904565451085,0.0001907507846912614,0.002672560368085192,1.7834274400660725e-05,0.00035923686829890205,0.001066857230475338,4.1517914383427606e-05,0.00439614102353681,7.743433157772681e-05,3.406578136465469e-05,0.02827933185477404,2.4427991632410322e-05,0.01776219877429054,0.0021188897477819116,8.407902066229919e-05,0.01563733051482239,0.01308546351001887,6.641748656723964e-05,5.413482458406443e-06,0.4175384167062744,0.12679379153833575,7.949402047352454e-05,8.240369729786802e-07,0.3693552796126652
5,4.086380166530497e-05,0.00024098163504470207,0.00017445586137017016,0.0034040225048508617,1.296551052617586e-05,0.00033272301013830637,0.0008908902395248578,3.546255324472288e-05,0.0037518800361015735,8.715541623537875e-05,2.9376079532485806e-05,0.025836870644223298,1.957901914839647e-05,0.018076720687220847,0.0016188293576223764,7.226732547754413e-05,0.015333087147288387,0.018064028130316,4.957975228928021e-05,5.167337933103218e-06,0.41030086831412615,0.126763482994806,7.934075789577803e-05,8.313611453262425e-07,0.374778570522273
6,4.131634508518957e-05,0.00028773643575293094,0.00021316601948924985,0.002802952157404017,1.8950911551253787e-05,0.00040563123441977796,0.0011454854673480727,4.69774796844443e-05,0.00441042271640654,9.052613022602794e-05,3.6501845310321864e-05,0.02452650838731931,1.9634181297746776e-05,0.017491925568480473,0.0023400010609979237,9.303160802467183e-05,0.014861544235655649,0.013527286478510458,6.894165102258109e-05,5.591506596359672e-06,0.42172487136124254,0.12582221184457362,8.647737025644033e-05,8.451570705195579e-07,0.3699314628462739
7,0.00023973571286608838,0.0004868985955302885,0.001198861229468067,0.0027995796232872477,2.9951727851836492e-05,0.0007753714106265431,0.0025508717840351746,8.432232827305667e-05,0.006073731557796327,0.00019417356129227705,5.509983773915868e-05,0.033796751137878146,4.318997481518486e-05,0.015224064737490727,0.0016989090201083381,9.47190616660856e-05,0.013292183231844395,0.02160001579118048,0.00020434901192402486,7.051556731081366e-06,0.3573895496958568,0.06787621588136968,0.00013347490772062337,2.806305656114019e-06,0.4741481223169924
8,7.70268281376249e-05,0.0006342156437449798,0.0005808791459750845,0.0066912272301380945,2.2544867633460272e-05,0.00045443929754549926,0.002462571587195127,6.656254370443268e-05,0.0033983024942929184,0.00022020027899470127,4.2813330877942536e-05,0.036844715547159027,1.8162228124018004e-05,0.0321069040125133,0.001145049747822283,6.828385075665644e-05,0.008870127739014941,0.010970044024660536,6.430241336855836e-05,7.638853899523905e-06,0.34868324226740516,0.05842175702630637,0.00027052581586566726,1.3989403567311261e-06,0.4878770642845073
9,2.9125489320013222e-05,0.0003552015321551079,0.0003468700908080151,0.0057400054020692115,9.385633729515024e-06,0.0003158913599040387,0.0013389123379073736,3.381554160763624e-05,0.0033097371884767716,0.0001581443808191618,1.9741402829614266e-05,0.03221020846661779,1.5128035072337385e-05,0.015554922777741965,0.0010888721089712863,6.649927786194649e-05,0.006657877705306464,0.008434254997467977,3.8403723453441384e-05,5.811270229651627e-06,0.5176516197879578,0.06958756337591801,0.0001350132058959682,9.223341710122979e-07,0.33689607257370785
10,4.131634508518957e-05,0.00028773643575293094,0.00021316601948924985,0.002802952157404017,1.8950911551253787e-05,0.00040563123441977796,0.0011454854673480727,4.69774796844443e-05,0.00441042271640654,9.052613022602794e-05,3.6501845310321864e-05,0.02452650838731931,1.9634181297746776e-05,0.017491925568480473,0.0023400010609979237,9.303160802467183e-05,0.014861544235655649,0.013527286478510458,6.894165102258109e-05,5.591506596359672e-06,0.42172487136124254,0.12582221184457362,8.647737025644033e-05,8.451570705195579e-07,0.3699314628462739
11,4.2308495657561634e-05,0.000285041025503576,0.00021286600674366824,0.002808003319250997,1.9360892387262617e-05,0.00039510498116562283,0.0011493408623973625,4.642349751479755e-05,0.004446497646356113,8.867545097206746e-05,3.645963730416861e-05,0.026870119405403427,2.380957571115279e-05,0.01745144021500387,0.0022409394972792533,9.402270463908509e-05,0.015559634998054987,0.01322827051799767,7.107814180962788e-05,6.0300905549513666e-06,0.4242964088913621,0.12454479055743319,8.821587209444772e-05,9.092936377490328e-07,0.3659942484237652
12,4.083165641670557e-05,0.0002857113265970213,0.0001995132971954885,0.002754916079871139,1.90908892775513e-05,0.0004005312676704115,0.0010909764712879807,4.3760648877014526e-05,0.004212203793073504,8.990886387685157e-05,3.46590472108809e-05,0.023196741024240852,1.929639068495283e-05,0.018290367262424403,0.0022136755279891854,8.779484799426875e-05,0.015531888725718937,0.01378052302154379,6.395725955155668e-05,5.6009310364025765e-06,0.41346786767627336,0.12177137884262337,8.596796746207542e-05,7.906137370533911e-07,0.38231204656736534
13,5.888855041231203e-05,0.00034332944164157034,0.00024000873090071132,0.0022141863194303757,1.9474843577735247e-05,0.00047202614673223293,0.0010511319902832708,3.512855943018887e-05,0.005052951796127822,0.00013102169377493672,1.924184025989643e-05,0.016347118995207893,1.8968910229337262e-05,0.011642641350590385,0.002298505947922381,0.00010092097832119363,0.014539712114721748,0.01592858313856703,7.623886500765305e-05,6.060926014844399e-06,0.4093926309422187,0.09675661094379771,6.268023389959636e-05,7.81731804357579e-07,0.423191155009126
14,7.044133938212825e-05,0.0019222513315894656,9.90479765175916e-05,0.003682883673127451,7.3818613302376e-05,0.0005050467733370666,0.0023185191923550765,6.855559295355206e-05,0.005097817820635591,0.00031876244870411065,7.8634927371204e-05,0.02032447376496879,1.0893813801343981e-05,0.05964736411287201,0.002924045510937877,0.00013327703746403855,0.016471346362422767,0.01729936816912917,0.0001667475480859092,1.1285196085764577e-05,0.2960112889599833,0.1428790200506706,0.00018039162674506138,1.206005148413337e-06,0.4297035121524093
15,4.131634508518957e-05,0.00028773643575293094,0.00021316601948924985,0.002802952157404017,1.8950911551253787e-05,0.00040563123441977796,0.0011454854673480727,4.69774796844443e-05,0.00441042271640654,9.052613022602794e-05,3.6501845310321864e-05,0.02452650838731931,1.9634181297746776e-05,0.017491925568480473,0.0023400010609979237,9.303160802467183e-05,0.014861544235655649,0.013527286478510458,6.894165102258109e-05,5.591506596359672e-06,0.42172487136124254,0.12582221184457362,8.647737025644033e-05,8.451570705195579e-07,0.3699314628462739
16,9.232242629379989e-05,0.00042314053412137714,0.0005002459050866496,0.004047212067312438,4.120668417067334e-05,0.0010161509010973154,0.0013911538492848167,6.53775890661666e-05,0.007053436003447102,9.113645823176971e-05,8.964102926657605e-05,0.020256653990778455,2.762833541589437e-05,0.0228040012885517,0.0030377535669460923,0.00011273973605291964,0.022923639558755246,0.017789702964272167,0.00010749380833090309,8.19080280757367e-06,0.31493244057689657,0.09971568104222209,0.00016014880187824443,1.877808033786123e-06,0.4833110242716797
17,6.363515866577728e-05,0.0003760300843798604,0.0003524148013674732,0.0026487514042597936,2.0873794508412038e-05,0.0006221757956393486,0.0013278989592550735,5.236782036662806e-05,0.006811723803980428,0.00011305440305301594,3.724947964430619e-05,0.022264825737599865,1.9002634764357544e-05,0.013135370072077376,0.0032018945923399243,0.0001225815444926012,0.011576112325796325,0.015236135009164344,0.00011032312203318474,5.365070132337505e-06,0.43740524786012125,0.11038465833947589,7.044412725510954e-05,1.154159265323216e-06,0.374040709900362
18,4.408861154912685e-05,0.0003248868289448997,0.0002504210927115132,0.0031048366044240023,1.9907839122793752e-05,0.00046218917187835167,0.0012478169632374994,5.610770028075115e-05,0.005093866617337752,9.574891452844403e-05,4.302743326908734e-05,0.026333804386474504,1.994487305995121e-05,0.01737639041101705,0.002642716219760126,0.0001085157274004658,0.014049464830118897,0.013163139329755,8.462294792494574e-05,5.853754835643227e-06,0.43635555613902915,0.13258553254199823,9.291466334174046e-05,1.014096467263779e-06,0.3464376323015328
19,2.5091488155194257e-05,0.0002368014858142976,0.00020553107550305664,0.0029918811508187976,1.1747615257468614e-05,0.0001931106535956318,0.0016377816254141316,4.622990083640429e-05,0.004100964707175793,7.844658051004837e-05,2.352538325085646e-05,0.04480893669462593,1.9572242029810796e-05,0.01267794110657172,0.00216384456959352,8.98471859164023e-05,0.008548052589989695,0.00828862990339633,4.81479000143389e-05,4.08700527798968e-06,0.46379145499036917,0.1369115484064491,6.458866521852515e-05,5.755030563572727e-07,0.3130316615711594
20,5.336253253085436e-05,0.00034017530638602556,0.0002286917966612922,0.002824923254272878,2.3331412225069608e-05,0.0004696892649800743,0.0011350362755074349,3.740291541302044e-05,0.004554604766921034,0.00010055891641529191,3.4052818244291074e-05,0.022038589499898356,2.2436291647075136e-05,0.019179962568995946,0.0017503691386037828,8.32052990240188e-05,0.01642547853599737,0.01443748783125583,6.829995319900397e-05,6.3198651559723965e-06,0.40810970099235416,0.09337695118831535,9.899220342995164e-05,9.785113751553985e-07,0.4145993988611906
21,3.858997560790726e-05,0.00023003683014040496,0.00021744981885526616,0.002186361923647402,2.3164945228357422e-05,0.00045956788420012986,0.0010178423630782818,3.5977608663219995e-05,0.0034235632546187333,7.243377527981215e-05,4.310440108926285e-05,0.01631472314331102,1.8423751202473862e-05,0.01287610177407813,0.002433289147204139,6.162893287093664e-05,0.02146169108531391,0.011640774031930722,6.669049968463937e-05,5.27976413325051e-06,0.39151449477097255,0.11789082555139628,0.00011921441497454122,8.850950100512797e-07,0.4178478852575085
22,1.1655941059805324e-05,0.0008200516020510555,0.00021686733489572734,0.004851649663588205,2.158886282689608e-05,0.00022739054896978703,0.004465986344949065,6.145991588103941e-05,0.005618740957235763,0.00011572598982548563,3.080363006513542e-05,0.10066673863725951,1.9793095770391555e-05,0.022581229631064105,0.002670842894429929,0.0001153025894725123,0.0027236498395920338,0.0013725089826369381,8.960486457035767e-05,5.986182179263666e-06,0.5184287803090959,0.07040768697731559,0.00020470935574522312,8.142269747905449e-07,0.26427043162254565
23,4.131634508518957e-05,0.00028773643575293094,0.00021316601948924985,0.002802952157404017,1.8950911551253787e-05,0.00040563123441977796,0.0011454854673480727,4.69774796844443e-05,0.00441042271640654,9.052613022602794e-05,3.6501845310321864e-05,0.02452650838731931,1.9634181297746776e-05,0.017491925568480473,0.0023400010609979237,9.303160802467183e-05,0.014861544235655649,0.013527286478510458,6.894165102258109e-05,5.591506596359672e-06,0.42172487136124254,0.12582221184457362,8.647737025644033e-05,8.451570705195579e-07,0.3699314628462739
24,5.074028117560103e-05,0.0004584609701157499,0.0001697505062839354,0.004122369391406943,1.8973199057300753e-05,0.0003878194066932405,0.0010613953492397575,4.889423437838856e-05,0.004131202009166755,0.00012345860595049322,3.4063667281937126e-05,0.0277680822898429,2.0782879641236182e-05,0.03189219338713347,0.0015711437973273893,9.066137939753192e-05,0.017414665581460948,0.017045376116062,6.824751700608654e-05,7.298956040714583e-06,0.38503814291483657,0.12514981320351917,0.00010253211202609563,8.815842015630562e-07,0.3832230506607543
25,2.900504523454038e-05,0.000320566290249559,0.0002040404055350436,0.006296802146990996,2.4288744556032326e-05,0.00044451491326835115,0.0018640252387490514,0.0001975744042116093,0.0038649796114338763,8.671546684843033e-05,0.0001641045477824801,0.04145966193879092,1.5189288055198948e-05,0.05311590802897015,0.0024455016747395005,0.00014507716083625284,0.01566946030105928,0.013542418348487156,9.203591084447323e-05,6.387601890889104e-06,0.42691161968041164,0.21688278068238576,0.00017920391530414092,1.2468007471532947e-06,0.21603689185261754
26,0.00016168384664595777,0.00036742332310283515,0.0004952616343637029,0.003316975312617984,3.11463947274383e-05,0.000860854581940629,0.0008365976544817756,3.207602073348368e-05,0.006796645491325484,0.00010703690394987521,5.1124744519999356e-05,0.01873280283050385,5.0360412497545926e-05,0.011922984525647669,0.0010096784028701539,7.940060376944623e-05,0.029964819206456692,0.026971068223191647,0.00012775503376699594,9.982273927944711e-06,0.4569911353934241,0.0805215656046137,0.00016198634710263657,4.206331971801641e-06,0.3603954289018466
27,3.178783779175232e-05,0.00024251219009014985,0.0001718600561790699,0.002718324143147577,1.486035974128386e-05,0.0003542324032206288,0.0010029637032711006,5.469236821155236e-05,0.00439467426474299,7.507799166305744e-05,4.07196245606333e-05,0.024839491268008985,1.6127380130427474e-05,0.016108611217135603,0.0029485633687184516,9.880462835716723e-05,0.014704821414003673,0.013519105792983297,7.212634480947532e-05,4.660196537107114e-06,0.4242228652065719,0.19134367662731583,7.335253734234198e-05,7.704204088354251e-07,0.3029453186550572
28,4.131634508518957e-05,0.00028773643575293094,0.00021316601948924985,0.002802952157404017,1.8950911551253787e-05,0.00040563123441977796,0.0011454854673480727,4.69774796844443e-05,0.00441042271640654,9.052613022602794e-05,3.6501845310321864e-05,0.02452650838731931,1.9634181297746776e-05,0.017491925568480473,0.0023400010609979237,9.303160802467183e-05,0.014861544235655649,0.013527286478510458,6.894165102258109e-05,5.591506596359672e-06,0.42172487136124254,0.12582221184457362,8.647737025644033e-05,8.451570705195579e-07,0.3699314628462739
29,4.131634508518957e-05,0.00028773643575293094,0.00021316601948924985,0.002802952157404017,1.8950911551253787e-05,0.00040563123441977796,0.0011454854673480727,4.69774796844443e-05,0.00441042271640654,9.052613022602794e-05,3.6501845310321864e-05,0.02452650838731931,1.9634181297746776e-05,0.017491925568480473,0.0023400010609979237,9.303160802467183e-05,0.014861544235655649,0.013527286478510458,6.894165102258109e-05,5.591506596359672e-06,0.42172487136124254,0.12582221184457362,8.647737025644033e-05,8.451570705195579e-07,0.3699314628462739
30,4.131634508518957e-05,0.00028773643575293094,0.00021316601948924985,0.002802952157404017,1.8950911551253787e-05,0.00040563123441977796,0.0011454854673480727,4.69774796844443e-05,0.00441042271640654,9.052613022602794e-05,3.6501845310321864e-05,0.02452650838731931,1.9634181297746776e-05,0.017491925568480473,0.0023400010609979237,9.303160802467183e-05,0.014861544235655649,0.013527286478510458,6.894165102258109e-05,5.591506596359672e-06,0.42172487136124254,0.12582221184457362,8.647737025644033e-05,8.451570705195579e-07,0.3699314628462739
31,0.00011565471918977509,0.0004484995179438512,0.0005222467756886207,0.00361470865068514,2.1996379117603007e-05,0.0005014465000927568,0.00182455422544895,0.00010418688942185748,0.004320737401446989,0.00019289711903428138,4.034586653107739e-05,0.02637896949451757,2.2747532812741824e-05,0.02122993038213953,0.0018364099981718412,9.679956166020834e-05,0.014943737156007204,0.022002731154111697,0.00011588475274441208,6.9910894099948934e-06,0.3817135548053021,0.10075047795450402,0.00011545684453228464,1.210363127305592e-06,0.41907782486635825
32,4.657194614703151e-05,0.0003128694906859407,0.00022136166212832702,0.0026051117614347015,1.8961129915778307e-05,0.00043873042282878747,0.0011405509371254987,4.945487542262244e-05,0.004769968595188702,9.397860857455833e-05,3.805012083407172e-05,0.025159764416084106,2.098076884162515e-05,0.016523329601572267,0.002482263521020405,9.738798120852213e-05,0.01508014703312029,0.01381622751542792,9.00357938360809e-05,5.519532702088405e-06,0.43114895718298946,0.13461344662972888,8.370474685482393e-05,9.65331464204542e-07,0.3511416603948632
33,2.3985929741218765e-05,0.0002481568854939736,9.918742316862075e-05,0.004182151422688355,1.9377459124273204e-05,0.00048440767974366116,0.0007652996604577536,8.404160514321435e-05,0.0023721404606555437,0.00011143642747293247,6.766152326106271e-05,0.02097870435492448,2.740821795862175e-05,0.04084409803445664,0.0011379623166889712,0.0001204555385377137,0.038545261741651314,0.014901545339399002,8.960940748314745e-05,9.351903318630438e-06,0.44882238951069386,0.22374783209267615,0.00018336056501498037,1.2397966632222666e-06,0.20213293470358265
34,6.677763584484145e-05,0.0003738432156154718,0.0002822921521703373,0.0024495283958290907,2.1164657635984727e-05,0.0004793525094213088,0.001248822367953608,5.379792738841365e-05,0.006505289052514239,8.322355149162908e-05,4.268465240202311e-05,0.028678936901727344,2.364423210434022e-05,0.015606476661861714,0.0028134963963618665,9.853789980164726e-05,0.014295950750838313,0.01509393217356745,0.00011855474798179147,5.026979413445544e-06,0.4206029215714717,0.13261619661973328,7.152780913815499e-05,1.1240399703775786e-06,0.3583668970977617
35,0.0001293596282925025,0.00024445495118516586,0.00032873760479666865,0.00258950739179216,1.0710641229910633e-05,0.0002741210135227531,0.0012138189012138004,5.706062258783686e-05,0.0064221854554241155,0.0001039673492525996,2.0198833487251187e-05,0.02975183324165044,1.9786011671191798e-05,0.009881016036586653,0.0014743525813610736,7.919217786384108e-05,0.011894159952711028,0.041912077049630084,7.975671372062523e-05,3.2396819729780845e-06,0.41056586082888474,0.13739393717201423,3.2884244609874435e-05,9.402781953655109e-07,0.3455168416363431
36,3.33051762554779e-05,0.00017788516874062788,0.00014381444182036936,0.0020788446370777545,9.494842896449077e-06,0.00013642586685185912,0.001391175096546609,0.0001260500161802712,0.0042479513259159815,4.366225954394651e-05,3.3466888107978314e-05,0.07935515455262963,3.0566699498539554e-05,0.017090288771844823,0.003838645112909921,0.00014463252592868242,0.012573747180115813,0.010811623861624552,9.249828970151235e-05,3.5231039745645966e-06,0.30503663972074146,0.29606402170357377,2.901618023688081e-05,3.983539065339537e-07,0.26650716822337583
37,0.000107554924811014,0.0003463355300454007,0.0003751762958010848,0.0034715463939943183,1.7353925872479845e-05,0.00036783668358752564,0.001308101214065215,3.6806293408814266e-05,0.0048937652140311596,0.0001335941110100039,3.1583385762449564e-05,0.028431471665022093,2.6532021975059155e-05,0.012774684966468466,0.0011158335106445643,6.769627469283385e-05,0.01456270024951539,0.024920608063342915,7.921080730224834e-05,6.132867430894337e-06,0.41582524065445453,0.09826957861559112,0.00010709344983746799,1.8639718584546048e-06,0.39272169890947456
38,2.6835029421147663e-06,8.747244082998533e-05,2.4492374823167284e-05,0.008714643490247746,3.182927160153236e-06,4.5189183421363076e-05,0.0002792683251927084,3.3818458430397187e-05,0.00047051924546313536,3.6812431234928516e-05,3.122132104186582e-05,0.02634701978781343,7.818752138581333e-06,0.029069385368333187,0.0002817244935920743,2.1717843051040388e-05,0.033184419182820696,0.006415461558382704,8.033753443242228e-06,6.78961254159287e-06,0.5002153061700865,0.27576066097740404,0.0002276664059476572,3.136957729617233e-07,0.1187243786978849
39,6.726105835516127e-05,0.00186421267009353,9.722900914756538e-05,0.004840825066235531,3.628027202143272e-05,0.00013501103915021355,0.001964811965538227,2.41810603030496e-05,0.005011606030185396,9.988021548871106e-05,6.298879379424504e-05,0.04842519831376359,6.797318259913303e-06,0.07401775329533551,0.001956434195793619,4.3347538644017875e-05,0.00635103919771112,0.010733271860437587,4.3019277066929535e-05,5.91940131548407e-06,0.13459871605286564,0.11687193126591584,0.00018080695591923037,7.865941060109219e-07,0.5925606915525524
40,4.0305686819722685e-05,0.0002836539805055204,0.00020285377463147918,0.0029724020746124615,1.8904063723739136e-05,0.00041757956848617806,0.001088862685365078,4.785788045981204e-05,0.004258721290606215,9.493147942162737e-05,3.7344963843168066e-05,0.023309956588704002,1.9596110752914188e-05,0.017756104592668156,0.0021957678636948027,9.695178643581197e-05,0.01601083160787533,0.014181282287375417,6.906241106164891e-05,5.990956327560834e-06,0.4334609694457529,0.12883919898475762,9.156678029683063e-05,8.970146508884633e-07,0.3544984061211711
41,0.00011428175372273391,0.00043444602535066493,0.0004899309926997355,0.0020106222296724235,8.66989863658781e-05,0.0005893746602801876,0.002566027193524006,5.9649567814703165e-05,0.014061265239749985,6.20687300583013e-05,4.7752488029382185e-05,0.024941052834483342,3.469955024901154e-05,0.012094599185600036,0.007564171151397139,0.0002259024119423912,0.010683311918776896,0.012762478757579522,7.042357796997646e-05,7.6284190661849674e-06,0.2465995991147002,0.06254512671119905,4.991007226233848e-05,9.225004037735337e-07,0.6018980559271021
42,1.6711404366513353e-05,0.00012510311354620493,0.0001595834368814148,0.0021367589273108578,5.364287537065737e-06,0.00028547239030533573,0.0007380855483637964,9.388782566377909e-05,0.0032000372653841337,7.738682914742389e-05,2.72083383378594e-05,0.027945720699442293,1.824096786666564e-05,0.006495885527188832,0.0028341682099578542,0.00015846125433219784,0.011143052691504382,0.008920521074770473,0.00013282946776685352,3.820071643733904e-06,0.5452534955708225,0.2609494257521991,4.368626501993969e-05,7.959756281560956e-07,0.12923429710501252
43,2.822899743491505e-05,0.00022491787444185892,0.00017090665086462372,0.0024338667276332764,1.4053968913752615e-05,0.00042181281804154735,0.0008990326280674578,4.369731088438484e-05,0.003279943145531556,0.0001235078459297165,2.5491280571134248e-05,0.01688456966202785,1.6665705701432865e-05,0.014469055986107362,0.0019047060077005723,9.589664941632403e-05,0.014912104566406986,0.01322763858401485,6.527492750129076e-05,5.8096833179485075e-06,0.5058523597287512,0.12870286471377718,8.1860216954767e-05,7.427297919842764e-07,0.2961149915902161
44,4.131634508518957e-05,0.00028773643575293094,0.00021316601948924985,0.002802952157404017,1.8950911551253787e-05,0.00040563123441977796,0.0011454854673480727,4.69774796844443e-05,0.00441042271640654,9.052613022602794e-05,3.6501845310321864e-05,0.02452650838731931,1.9634181297746776e-05,0.017491925568480473,0.0023400010609979237,9.303160802467183e-05,0.014861544235655649,0.013527286478510458,6.894165102258109e-05,5.591506596359672e-06,0.42172487136124254,0.12582221184457362,8.647737025644033e-05,8.451570705195579e-07,0.3699314628462739
45,4.5077897052868066e-05,0.00020495920259146078,0.0004134856432441971,0.0028677117735910174,2.435987779868675e-05,0.000623850440363858,0.0019811645955895687,0.00018062247452818003,0.007953672665477597,7.513971776505486e-05,8.32365376494662e-05,0.03312208314891592,2.519722955499654e-05,0.012170446963709843,0.010455431755400039,0.00032208868478725034,0.012336337690272023,0.014676757116624653,0.00013630072542115496,5.862731001831643e-06,0.3700138880753856,0.22241531547265117,5.471927440422701e-05,1.0791726288799927e-06,0.30981121113359056
46,1.4247719163766898e-05,7.942335663194869e-05,7.926597172770544e-05,0.002872518335474092,8.036504936186486e-06,0.00037528283236329613,0.0002551914786238264,3.0398539070981192e-05,0.0014487601661737327,3.924597585238937e-05,3.440088401846009e-05,0.013082789842984352,3.225040067014951e-05,0.013192617434513143,0.000936966496501994,5.901818990820395e-05,0.06746579285366791,0.011637161107596446,4.556632682589245e-05,6.377302889869822e-06,0.476793649206737,0.20909867416397793,0.00010704496964565507,8.089350028132892e-07,0.20230451100504232
47,4.3960354547180005e-05,0.0002476742655172519,0.00019457372615993055,0.0022158382293891395,1.5673791127216093e-05,0.0003057650120681816,0.0010473882549307443,3.785985926276535e-05,0.004446603869268105,7.831478704226567e-05,2.5545365622723497e-05,0.027356772066178144,2.289206806697344e-05,0.0128304549570387,0.002220749440722171,8.985882171691813e-05,0.014342108261384238,0.013284515936872507,6.623470348985798e-05,4.951275435000186e-06,0.42210339819626286,0.12946102218656438,6.140606736089592e-05,7.414949119573697e-07,0.36949569700906004
48,5.967876582933263e-05,0.0007586709429575328,0.00017934579062921544,0.0027203717414046344,2.001785597043296e-05,0.000854258624134552,0.0009057779517412483,6.808865019540463e-05,0.004573980576824696,0.00017552390621710867,6.135553383019335e-05,0.02015471272882631,2.4365990786167192e-05,0.023487839126757035,0.0016260022189786762,9.747819806485834e-05,0.028416765630991915,0.012994544627889194,0.0004382868383227981,6.834978131341876e-06,0.48159716987613316,0.20608077506146186,0.00015548724607982294,2.259238003802681e-06,0.21454040789983864
49,3.320280826439492e-05,0.00023625230827789876,0.00024668967962500023,0.0033141163324924543,1.2165826956062173e-05,0.0003676995100490258,0.0010658017277084067,4.050188042292848e-05,0.0037164153571287856,9.169704252163519e-05,3.1291328559939146e-05,0.02886540746266371,1.9361252539024333e-05,0.016088817565397293,0.001828481720257019,7.529479162869471e-05,0.011797430146560022,0.011921624964596643,5.509341179046436e-05,4.864200251677794e-06,0.45201364291177976,0.11908557915143073,9.56944371560027e-05,8.70528709669709e-07,0.34899200365323274
50,3.636772142935149e-05,0.000275225100405681,0.00020188057179293343,0.0019314825274533275,1.9136029170597122e-05,0.00024270407431152113,0.0023407412980595093,6.218258557679378e-05,0.002224592631948954,0.00016656020098000093,2.4816071367520635e-05,0.027678296037648768,1.5045088377096256e-05,0.02080159807935229,0.002194735710035123,7.298029213156644e-05,0.009727594065135584,0.010146070527550686,5.891909427413814e-05,4.652087886353806e-06,0.3354141043441236,0.10350775660471344,9.603989263204356e-05,4.3811366584558733e-07,0.4827560812499773
51,3.28011036689648e-05,0.0001169220016438028,0.0002358837851068583,0.0014926884539846774,3.368407034478303e-05,0.0005159897537434391,0.0012678546532410933,3.4401420120475116e-05,0.003477970882068055,7.629780540593474e-05,3.4004597998341175e-05,0.015416514975085479,3.300205329130413e-05,0.009923081632986698,0.0022800620989082976,0.00011290273771935945,0.01770449176120451,0.010861430124899096,4.6736912032628884e-05,6.945941053478086e-06,0.4529931331241065,0.06995344382140402,9.742421519326011e-05,8.961018557797414e-07,0.41325143597293307
52,0.00012045190577530346,9.608665875292546e-05,0.0002492697412854756,0.001163123857073698,2.7017903029672854e-05,0.0016813990558151096,0.0006067162970008579,8.004405677696062e-05,0.005482929740077541,9.670196684266917e-05,6.547819628204358e-05,0.004606106498917899,1.2409839403455548e-05,0.024859020523090632,0.0062301357734072475,0.00017156143796907917,0.020599087482394182,0.12250794923397174,6.528244287650828e-05,3.932073762093985e-06,0.15185399473264674,0.12272791165417564,2.337631995701552e-05,6.380896687733404e-07,0.5366693745190468
53,2.2194827178598625e-05,0.00021588732535229074,0.0002145969641387882,0.002638446561195083,2.567841443461695e-05,0.00023115322437540376,0.0028193292552144487,5.8791235194233026e-05,0.0037295431122785954,8.323807389886911e-05,4.437962439093165e-05,0.03868183936097016,1.6808578482682494e-05,0.015325668940572653,0.0035334651930327135,0.00010173780101206178,0.0077768947275568545,0.0071836470992782155,4.232233762892317e-05,4.857448239461566e-06,0.3942965025330229,0.11536561576913287,0.00010993276417229344,6.167621897724861e-07,0.40747685206705647
54,5.207781585644608e-05,0.0004932359940703125,0.00013972829028675708,0.001447357483187072,1.637661968851738e-05,0.0002075076964915413,0.001119427260035129,1.806574125241721e-05,0.0036423604724522825,8.770165638456552e-05,1.1163468473693e-05,0.021390611815405268,9.966745805055779e-06,0.01901621979735516,0.002565957945837911,4.589479563070662e-05,0.006299837856678959,0.008800547638869314,3.7402966541673024e-05,3.121354670351974e-06,0.18946344328983014,0.06346801844590318,4.0660946646210544e-05,2.400892398549751e-07,0.6816230738134075
55,6.919288070810083e-05,0.00022554400812086059,0.00027837142023514114,0.002539850626438683,1.0165324805612677e-05,0.00019038730575186974,0.0013852795877946572,2.6740041392982305e-05,0.011780218868307418,3.918975979623567e-05,1.6553875455182898e-05,0.07700092575266584,4.090142458295668e-05,0.006968514447261543,0.001955112631456607,8.476727341214619e-05,0.006055048310835379,0.015551531396302685,5.895136809866476e-05,2.7267378703892583e-06,0.43471755667059714,0.098762256544324,2.362414329506299e-05,9.476061260492069e-07,0.34221564199436477
56,4.173098466095523e-05,0.00027710883476349756,0.00021055053424411137,0.0027238201962753927,1.8260707563160042e-05,0.00038655299870903975,0.0011364963384424777,4.5441207621328246e-05,0.004443266092095765,8.476189111637432e-05,3.573760268804475e-05,0.027306757012971354,2.2983601007302855e-05,0.01712659570284466,0.0022736807111875513,8.980842126129872e-05,0.015001227898452022,0.013102395725070954,7.106653574868574e-05,5.55077730788821e-06,0.42240901602948133,0.1262501661197071,8.346322488305055e-05,8.686027887393286e-07,0.3668526922491078
57,8.488546964100252e-05,0.0005529667031446272,0.0005540798317960559,0.0059256578727838296,6.698269630804864e-05,0.002977384446676722,0.0015438075075717777,6.74944715547047e-05,0.0053634416044395315,0.00016477853203020353,0.00021051519307884996,0.004484250448541979,3.318187941037092e-06,0.05487630761163657,0.003366413470967718,8.173823871695444e-05,0.011465674789623542,0.032456847571513577,5.4704427636389634e-05,4.6179323239406884e-06,0.30216810521852844,0.0536630783132401,0.00027084706251380333,1.6789628755710766e-06,0.5195904234349151
58,5.231376665013977e-05,0.00030932975785282477,0.000253038470608692,0.003049830348662894,1.9377717056527766e-05,0.0004419000900549198,0.001236492062499657,4.903307470838114e-05,0.005196284260936419,8.836933428025107e-05,4.452704504968052e-05,0.030885252036139427,2.5158492734608654e-05,0.01651221058400622,0.002104710919939402,9.442940137156935e-05,0.01433436298717425,0.014297378405162011,9.160673779280586e-05,5.631154541191344e-06,0.4450074625379336,0.1265063976438774,9.768308477393999e-05,1.31429121772914e-06,0.33929590579497554
59,4.870965278699342e-05,0.0002983009819870145,0.0002910304564295842,0.003117048192645352,1.9118729311337476e-05,0.0004479747584595041,0.0012601382086862823,4.979427015471104e-05,0.005150068802060083,9.324742325786884e-05,4.256829474322286e-05,0.028145973755412758,2.2795713689769773e-05,0.014488817795448443,0.0022053424705160713,9.769953690288774e-05,0.013301034764260809,0.013246887513032863,8.401079783639597e-05,5.9470426141034005e-06,0.46684305216534494,0.1202031070613726,0.00010153518758076178,1.3038523609469158e-06,0.3304344925731047
60,4.131634508518957e-05,0.00028773643575293094,0.00021316601948924985,0.002802952157404017,1.8950911551253787e-05,0.00040563123441977796,0.0011454854673480727,4.69774796844443e-05,0.00441042271640654,9.052613022602794e-05,3.6501845310321864e-05,0.02452650838731931,1.9634181297746776e-05,0.017491925568480473,0.0023400010609979237,9.303160802467183e-05,0.014861544235655649,0.013527286478510458,6.894165102258109e-05,5.591506596359672e-06,0.42172487136124254,0.12582221184457362,8.647737025644033e-05,8.451570705195579e-07,0.3699314628462739
61,4.868538302457571e-05,0.00029657341513889647,0.0002851161315719207,0.0030278710692603654,1.9112499984710032e-05,0.00043546903391385134,0.0012859618497394803,4.9368748766365526e-05,0.004994917147254435,9.427964127353096e-05,4.157343205276118e-05,0.0284540988734259,2.3420277675610593e-05,0.014564519930743747,0.0022287057834621277,9.507267223427314e-05,0.013333734108665132,0.013307415567808544,8.307288552436863e-05,5.8659382589752895e-06,0.45767200241685957,0.12051580920825099,9.982049983588238e-05,1.2567990946163118e-06,0.3390362766861794
62,4.131634508518957e-05,0.00028773643575293094,0.00021316601948924985,0.002802952157404017,1.8950911551253787e-05,0.00040563123441977796,0.0011454854673480727,4.69774796844443e-05,0.00441042271640654,9.052613022602794e-05,3.6501845310321864e-05,0.02452650838731931,1.9634181297746776e-05,0.017491925568480473,0.0023400010609979237,9.303160802467183e-05,0.014861544235655649,0.013527286478510458,6.894165102258109e-05,5.591506596359672e-06,0.42172487136124254,0.12582221184457362,8.647737025644033e-05,8.451570705195579e-07,0.3699314628462739
63,4.4737568826723336e-05,0.00037375652278952314,0.0002131116198718766,0.0028291140010234255,1.968976606014612e-05,0.00040054660377393834,0.0011523735139271159,4.404924015633049e-05,0.004566284024362679,0.00010031092545465323,3.4574963131726965e-05,0.024780884245688358,1.884592625033211e-05,0.01800761929814436,0.0023483329472795207,8.874285243254545e-05,0.014382295844173582,0.012477188428379263,7.745172886307086e-05,5.856775144112087e-06,0.4183951841850766,0.12395024870452287,9.1396606893147e-05,8.656189539825471e-07,0.37559653808882015
64,2.8392105920267256e-05,0.00023537193851854332,0.00016746427572451427,0.002470431515956974,1.3957988600736691e-05,0.00032895522976643854,0.0009328178692690367,3.4660746303489544e-05,0.0036077682419293545,8.448705196024925e-05,2.524308929989391e-05,0.02292236569220753,1.8299834173544576e-05,0.01471894747306004,0.0018257174389461727,7.437864715118618e-05,0.012914031611254016,0.010958084460936263,5.419581733020447e-05,4.983047709314763e-06,0.49354619519363174,0.1148325184417574,7.7475268741969e-05,6.896776247349841e-07,0.3201225673422264
65,5.346215278958282e-05,0.0003107446103947819,0.0002203916851504886,0.002754672966870025,2.1307754721066592e-05,0.00043078777832230035,0.0010979511470374011,4.55885505632753e-05,0.006036646706114143,7.092457839764234e-05,4.487656604176361e-05,0.028256277274921738,2.3917700522317707e-05,0.0164013542092766,0.0025796434349863637,0.00010097452507920928,0.01655505433960186,0.015466788545710214,8.586750437988199e-05,5.3317329810017316e-06,0.40328671497423896,0.1437504529828128,7.775054363085578e-05,1.0862263892509886e-06,0.36232143150906654
66,6.644534277990355e-05,0.00016893816555076468,0.00038708890958320233,0.0012331063486439122,3.7468679813023326e-05,0.0008080569783608731,0.0008412842753200703,1.9992610881438405e-05,0.0038268357328168612,0.00012142255693745532,2.7680860655325344e-05,0.008057073204863098,3.701041548348826e-05,0.0050876448026011805,0.001492515496689611,8.505816101625579e-05,0.02219398996071102,0.013550936542377394,7.554514233422555e-05,1.0358312795227897e-05,0.5352287685661493,0.04851446569606165,0.00012025350143402819,2.0852810790346007e-06,0.3580059744550616
67,5.061386668048343e-05,0.0003585300836990415,0.00023213354543328288,0.0024989083022425728,2.060399209219457e-05,0.00034498079346325234,0.0014378833952691126,5.213510304718089e-05,0.005409177551012238,8.940874619427749e-05,3.6899707486960814e-05,0.028514840590409558,1.751774247084307e-05,0.015286515505960796,0.0029519690051492023,9.64356714567586e-05,0.012501328771900702,0.013326099446679215,8.393776594043507e-05,4.868107109323039e-06,0.3974946316819121,0.13963169225244945,7.161124134039685e-05,8.10861920155561e-07,0.3794864662686803
68,4.4922006916758264e-05,0.0002650958410014982,0.00029810016285462137,0.003959671930282365,1.178873796218478e-05,0.0003771382773581879,0.0010506755810076168,4.3814672341862026e-05,0.004001141074553606,0.00010644094497434658,2.9428231785390184e-05,0.02735389830440356,1.798397506822615e-05,0.016063255864145302,0.0011621921359147966,7.484145826192497e-05,0.011716902243238365,0.014766753334929794,5.71818777669437e-05,4.983644521209996e-06,0.5160539139357455,0.10176767550971118,0.00010064468350825082,1.0870506390099123e-06,0.3006704685211075
69,4.83783638218562e-05,0.0002768667803588423,0.00018156670428285757,0.002257715653533197,1.728132877093818e-05,0.000359803635934017,0.0010089526433957562,3.759300061992661e-05,0.00443359652998977,8.639731753845506e-05,2.5922354293270008e-05,0.02173035808532039,1.8959055796202364e-05,0.017096431523198372,0.0022722233465519216,8.223210444627159e-05,0.016135233406638232,0.01666731116389392,6.034831132283087e-05,4.737748555480949e-06,0.3548148648135672,0.12618895636717764,5.832780608212239e-05,6.005710741375286e-07,0.43613534138383625
70,3.845245656088362e-05,0.00029764677564665415,0.00019834865629287258,0.0026686732221066177,1.8559358455230643e-05,0.0004166771782273506,0.0011023523193923414,4.312352619941857e-05,0.004377064893909939,8.909907999437338e-05,3.784467016039763e-05,0.023823376308276845,1.8690624999293068e-05,0.016492750384688275,0.0022490915708845323,8.633565609915118e-05,0.014505122112754365,0.012465510710198567,7.712224989357846e-05,5.270265635664397e-06,0.4503706817416899,0.12783027728225937,9.246394543296442e-05,9.246546275326906e-07,0.3426945403556137
71,4.5455593249163645e-05,0.00020446373856298743,0.0002907426457917961,0.002595473689015774,1.1496214696578998e-05,0.0005688430482147796,0.0010008050052190988,5.6080831680809635e-05,0.005001374264063894,6.666001679651907e-05,4.93993841364436e-05,0.023905357661080276,1.6010080800277335e-05,0.014175829707001207,0.002731439508700299,8.269156785981729e-05,0.01430560827961789,0.01764940127993716,9.957477808518846e-05,2.7230270847098212e-06,0.43473767882939884,0.17245384753816292,5.986908107850801e-05,9.396222770232106e-07,0.309888234607488
72,4.327002233632395e-05,0.00023757595803695957,0.00024872803181368025,0.0027605198238240336,1.7158334627458088e-05,0.0004432162229748885,0.001180713956103766,5.486368669909856e-05,0.005217551939983405,8.224736478207675e-05,3.705712727131629e-05,0.026610146865920132,2.2559626580361484e-05,0.015462363365795092,0.0024525147839930613,0.0001109388420454799,0.013614749620466148,0.01545665677611879,7.34175911070585e-05,5.005420908770357e-06,0.46213191015772415,0.12715269616559766,6.515780019339871e-05,9.006324140722305e-07,0.3265180798826828
