,0,1,2,3,4,5,6,7,8,9,10,11,12,13,14,15,16,17,18,19,20,21,22,23,24
0,3.284222231951943e-08,4.3893939226409266e-08,0.0003239409511767133,5.516364647036386e-07,7.872208659480567e-06,0.0013105562832550508,8.030385319075474e-06,8.187712734898522e-08,0.0003586411270397517,1.2472905423425263e-05,5.216104182173602e-07,0.00021139727706223489,6.473700193564341e-11,1.0285366090998836e-08,1.1978312647926125e-05,4.7335267196497634e-05,6.703259526552638e-05,4.023135977267991e-08,1.4017134632327974e-07,1.816171798287931e-08,0.9886151871397596,4.871708917083623e-05,0.008968530470263629,4.409753001401025e-07,6.426237761093836e-06
1,3.9099578670754383e-08,7.490427062895859e-08,0.0005467216967675154,4.656549557776776e-07,1.3979426124894808e-05,0.0014434592710022506,7.86849836388192e-06,7.224037663680644e-08,0.0004688528446011903,1.4435334040287815e-05,6.621704902777572e-07,0.00022306036626316327,5.6910260762310306e-11,1.2385430194854068e-08,1.5334873322842627e-05,4.7670242717049085e-05,6.891407328663041e-05,2.984329145525696e-08,2.4874334978557765e-07,1.558504659985464e-08,0.9896502906702733,6.354688793945633e-05,0.007424917132691626,4.149846273000792e-07,8.91301427820321e-06
2,2.7754193055997567e-08,8.951656640547171e-08,0.00039238007304430515,3.36468391798846e-07,1.4364327275524788e-05,0.0007654677406043806,5.160840330901217e-06,7.045153440812854e-08,0.00035564489560953755,1.1877605720899474e-05,1.2617592754234656e-06,0.00026640691572546,4.096678168227486e-11,2.4126150736595414e-08,3.5243907844694014e-05,1.8528342679041057e-05,4.65332807671689e-05,3.5957199624333205e-08,1.15032949644442e-07,2.4227514809706446e-08,0.9886048710232082,4.370353582419713e-05,0.009423070797289577,2.8937220045792157e-07,1.4472007132972576e-05
3,2.487780357335411e-08,7.187096174902533e-08,0.0002969714882083083,3.7478694221190685e-07,8.56774877711978e-06,0.0011479876534289377,7.084112522339404e-06,4.979186603917395e-08,0.00022575040238595012,8.57210713923438e-06,5.423589570592933e-07,0.0002535164793326448,3.892579794224272e-11,1.5850135004368526e-08,1.6032646770067894e-05,3.056399520724126e-05,6.295828830530891e-05,3.611179824790973e-08,1.3917443460393808e-07,1.3813182628849639e-08,0.9901898545462888,6.307825405108939e-05,0.007677451920880139,4.27136040680263e-07,9.914545655402385e-06
4,2.9519553243485456e-08,7.606642105253198e-08,0.0003233225356531223,4.041466426163535e-07,9.270771673793224e-06,0.0012292530105689507,7.808523148210013e-06,5.6603814789888963e-08,0.00022493763189578448,9.421467506053821e-06,5.525009932518026e-07,0.00025567583822379525,5.176180356793412e-11,1.7814101945450326e-08,1.602302980542953e-05,3.529448682565905e-05,7.000007536172169e-05,4.165768208480953e-08,1.6980924195285024e-07,1.5768205047652113e-08,0.9899734610131864,6.33302103216314e-05,0.00777047412578119,5.199408238036758e-07,9.843400806684763e-06
5,2.5548830505689424e-08,8.444835423004727e-08,0.0002400071547849352,4.810939219918315e-07,7.735487951147508e-06,0.0012923772874751643,6.442711498920889e-06,5.2054865222381716e-08,0.00020698403209538623,7.431155956553561e-06,5.639575437479726e-07,0.00022751209414667025,4.275566339250936e-11,1.6544178730417295e-08,1.687658649916291e-05,3.503443791499788e-05,6.137724166595745e-05,5.5080565831143475e-08,1.5179531238139182e-07,1.5304031095416113e-08,0.9896815055798834,6.492808448433106e-05,0.008141080092809781,4.272002532142455e-07,8.83498222090723e-06
6,2.487780357335411e-08,7.187096174902533e-08,0.0002969714882083083,3.7478694221190685e-07,8.56774877711978e-06,0.0011479876534289377,7.084112522339404e-06,4.979186603917395e-08,0.00022575040238595012,8.57210713923438e-06,5.423589570592933e-07,0.0002535164793326448,3.892579794224272e-11,1.5850135004368526e-08,1.6032646770067894e-05,3.056399520724126e-05,6.295828830530891e-05,3.611179824790973e-08,1.3917443460393808e-07,1.3813182628849639e-08,0.9901898545462888,6.307825405108939e-05,0.007677451920880139,4.27136040680263e-07,9.914545655402385e-06
7,2.919936586726518e-07,1.5091178134731524e-07,0.002264176442128157,1.4047336942183294e-06,3.9700152222140975e-05,0.0014253102741612238,3.0920567061698706e-05,3.4489479333583833e-07,0.000767208567582427,7.006014074870906e-05,2.8458890225859583e-06,0.0005723318882435735,4.05625254554106e-10,5.2619047677284244e-08,2.903896185668492e-05,8.63648924639178e-05,0.00026241694341700626,5.240940388013141e-08,7.968072015367162e-07,5.916671266763548e-08,0.98486010622363,0.00015801348777096688,0.009397811423354082,1.6314513173375194e-06,2.890875310062221e-05
8,4.013997694301427e-08,4.654677937385581e-08,0.000611123921210942,2.614517635880014e-07,8.054994911200218e-06,0.0004684600995093557,8.256090632368154e-06,4.157995923037609e-08,0.00015660195781543282,1.4988839777696564e-05,5.226757056910997e-07,0.00026891851227917664,5.0782673274648614e-11,3.037814119201191e-08,1.2947542054250928e-05,1.7192154547293292e-05,7.953668610092647e-05,1.3603827634171065e-08,9.645076407122928e-08,1.65859614738551e-08,0.9875873473412213,3.699253632171275e-05,0.010710085689766682,9.181801638636875e-07,1.7505990026023895e-05
9,3.27822605123454e-08,7.377525652119928e-08,0.0003634630588999522,2.9105752287419255e-07,7.208969415650428e-06,0.000555861953153254,5.676158509234412e-06,4.4405868439926716e-08,0.0002015863705905985,1.3083622793685965e-05,7.145133234456061e-07,0.00023493237028496974,3.166298461251674e-11,2.8283505055239884e-08,2.4474454911086444e-05,1.3075351652504785e-05,5.960502700569926e-05,2.0330181540238797e-08,9.130769546285858e-08,1.450829551327778e-08,0.9851260915460539,4.2860883713606036e-05,0.013329804553938607,6.107870683448628e-07,2.0353896436564546e-05
10,2.487780357335411e-08,7.187096174902533e-08,0.0002969714882083083,3.7478694221190685e-07,8.56774877711978e-06,0.0011479876534289377,7.084112522339404e-06,4.979186603917395e-08,0.00022575040238595012,8.57210713923438e-06,5.423589570592933e-07,0.0002535164793326448,3.892579794224272e-11,1.5850135004368526e-08,1.6032646770067894e-05,3.056399520724126e-05,6.295828830530891e-05,3.611179824790973e-08,1.3917443460393808e-07,1.3813182628849639e-08,0.9901898545462888,6.307825405108939e-05,0.007677451920880139,4.27136040680263e-07,9.914545655402385e-06
11,3.105925927656752e-08,7.273988217857258e-08,0.00033686670944979303,4.0785986212486814e-07,9.089722590745818e-06,0.0012426718549014705,8.414774746413412e-06,6.49944544960372e-08,0.0002471451956860501,1.0419986139949696e-05,5.672595315437144e-07,0.00027832909584957086,5.613202941947751e-11,1.720021236558457e-08,1.628450051914867e-05,3.716818231456463e-05,7.549445263510249e-05,4.205833513007491e-08,1.7186122928269049e-07,1.6116682475271698e-08,0.9897915824010066,6.78249950444788e-05,0.007866861022514205,5.485399428313605e-07,9.90736107801112e-06
12,1.2529095931964712e-08,3.68670467189343e-08,0.00014115243813060948,1.7230820126226456e-07,1.2960218889214173e-05,0.0008400954976054322,7.172676137711915e-06,1.0269720157656526e-08,0.0001230613732458901,3.5006932120005135e-06,3.015143624578922e-07,0.0001399187604493715,1.738578042541408e-11,2.621588957081243e-08,8.621701242036746e-06,1.539170727052084e-05,4.0557561923533635e-05,3.446226836376736e-08,5.6669548156755635e-08,1.3137951928755026e-08,0.9868051066489527,1.9324727185305722e-05,0.011830291227682773,3.695166083839567e-07,1.181125999400844e-05
13,3.48885079028508e-08,3.5291732347551836e-08,0.00045538481707299013,4.465103030626253e-07,7.60047123061458e-06,0.0002273219475988615,4.708654987556828e-06,7.812611434957788e-08,0.00015705170036952465,9.439315620894473e-06,3.4473319739826678e-06,0.0005147017263347261,4.683848696188374e-11,5.4284032863388255e-08,4.1773541333679076e-05,2.0291749819843926e-05,3.784087576176e-05,3.4868483812088434e-08,4.371045618191978e-08,3.22110946854104e-08,0.9903587995893818,2.8032019830798748e-05,0.008123532653338641,1.690261478360061e-07,9.144641632639672e-06
14,2.332731631480529e-08,3.5099343378764536e-07,0.00046127137406147,6.416029370950639e-07,2.090423375625397e-05,0.0018265076412688238,3.646117549603378e-06,4.6889072310289e-08,0.0002872497694622246,6.462646003438231e-06,1.2598862952666368e-06,0.0001221341651693781,5.4828133304909683e-11,1.4682565124001918e-08,3.096067931256617e-05,3.8635840572403015e-05,4.3330330878042515e-05,8.046898105190975e-08,3.9217420564948713e-07,2.5880893546709922e-08,0.9896000968672881,6.975456973534085e-05,0.007477530219656541,2.4541083090433946e-07,8.434173926522193e-06
15,2.487780357335411e-08,7.187096174902533e-08,0.0002969714882083083,3.7478694221190685e-07,8.56774877711978e-06,0.0011479876534289377,7.084112522339404e-06,4.979186603917395e-08,0.00022575040238595012,8.57210713923438e-06,5.423589570592933e-07,0.0002535164793326448,3.892579794224272e-11,1.5850135004368526e-08,1.6032646770067894e-05,3.056399520724126e-05,6.295828830530891e-05,3.611179824790973e-08,1.3917443460393808e-07,1.3813182628849639e-08,0.9901898545462888,6.307825405108939e-05,0.007677451920880139,4.27136040680263e-07,9.914545655402385e-06
16,3.465242693713025e-08,1.15140724440694e-07,0.00035520017207737347,4.570200415279616e-07,1.2233479799122299e-05,0.0014980031754441275,8.995263433159556e-06,6.429876183295312e-08,0.0003835780491876283,1.2358154131850659e-05,6.572086725121313e-07,0.00027067675513220944,4.410076811984017e-11,1.7580096652774332e-08,2.0225550089548033e-05,3.031216275742451e-05,8.307342422680552e-05,3.695894588476202e-08,1.9659376225744325e-07,1.5179514464388267e-08,0.987368680631581,8.961793498304385e-05,0.009847855809108597,5.439781249091018e-07,1.7050782875993966e-05
17,4.400910198403789e-08,4.890203946303394e-08,0.0003555735089776997,4.798522926985959e-07,1.1425290850331946e-05,0.0005667023115089802,1.768946092415173e-05,5.852422408086185e-08,0.00020579397042852816,7.04656339544233e-06,8.682780780516226e-07,0.0005482877246255561,4.652200883506479e-11,4.1433150768511034e-08,1.3846969743755362e-05,2.8298431635627884e-05,9.107404234499874e-05,2.9393354555861892e-08,6.692143399439635e-08,1.7463401532331548e-08,0.9902893810876582,7.042354538903867e-05,0.007773859853324086,4.643650650586788e-07,1.8478050529183622e-05
18,2.6238107123543078e-08,7.525912817853348e-08,0.000295859342295097,3.759752109957916e-07,8.862092098933183e-06,0.001147673728568507,7.39307374676454e-06,4.924765519890099e-08,0.00023049086144422633,8.662734279223416e-06,5.521225356781628e-07,0.000253048401366708,3.8806109075304826e-11,1.6530778080679736e-08,1.6134354789132797e-05,2.9813846812356416e-05,6.811836641116065e-05,3.6833838840619656e-08,1.441015466129758e-07,1.3846839109376117e-08,0.9899268929482565,6.635142640372602e-05,0.00792809743415848,4.454541055367106e-07,1.08657408177665e-05
19,3.662026498119369e-08,5.543177037317826e-08,0.0006077964719485562,5.161301309428397e-07,1.2013054748458605e-05,0.00178643817114029,1.81375529893564e-05,1.1499343145788087e-07,0.000367247730600743,2.489113106037195e-05,5.332072025302235e-07,0.0005252696403380257,9.598444615002048e-11,1.3962298510194647e-08,1.2389005466690156e-05,4.878732379535722e-05,0.000107009467626109,2.60392325697407e-08,1.729090150204511e-07,2.1713028309424444e-08,0.9897986604584198,0.0001114760536599472,0.0065650599551059985,8.489093196004113e-07,1.2483971421483195e-05
20,1.726404794957951e-07,3.817243901862224e-08,0.0009249558412724468,6.426336485211084e-07,6.784695023578467e-05,0.001833791994659829,4.144513125250293e-05,4.1949341429700324e-08,0.0006419911104837748,3.2850768471735145e-05,7.259614429538344e-07,0.00017064512318671677,1.5305642564155442e-10,4.409106376749244e-08,5.382721723916524e-06,6.386899016135676e-05,0.0002673247890573836,3.7945889929559806e-08,4.404704099646041e-07,3.96884989277608e-08,0.9754584341891398,3.562401469464323e-05,0.020421628833335707,1.754375052025528e-06,3.027146100191727e-05
21,2.4405179823419055e-08,9.908750532100403e-08,0.0003167722528169197,2.7209587922741494e-07,1.0254456079930784e-05,0.0016530752661638676,9.271714251400901e-06,5.624341245898072e-08,0.00029784974432423765,1.1284696086806518e-05,3.3496384448420114e-07,0.0002144981460871648,4.215298500350564e-11,1.116510459448885e-08,1.4441096310314388e-05,2.657362700174422e-05,9.9434501647561e-05,3.138816973600014e-08,2.119349225065215e-07,1.1708621191103981e-08,0.9888537401475705,8.988147377640492e-05,0.008386929926333529,7.528954761464421e-07,1.4187021281268785e-05
22,2.231887742087522e-08,4.0274773582007024e-08,0.00030450075426336366,3.7796820244161707e-07,6.681225760250544e-06,0.0006936136785382634,5.454470363323557e-06,3.9245768422960474e-08,0.00014961694604168934,8.271940024846843e-06,7.076341636550213e-07,0.00021277632215477196,3.68291995494902e-11,1.41633258761203e-08,1.2223784699920347e-05,2.8029416812151575e-05,6.84044224107036e-05,3.46265839875242e-08,9.637950079598662e-08,1.637610274936598e-08,0.9917978076963773,4.76169600893668e-05,0.00665660619692321,2.918829840926729e-07,6.755278428559241e-06
23,2.487780357335411e-08,7.187096174902533e-08,0.0002969714882083083,3.7478694221190685e-07,8.56774877711978e-06,0.0011479876534289377,7.084112522339404e-06,4.979186603917395e-08,0.00022575040238595012,8.57210713923438e-06,5.423589570592933e-07,0.0002535164793326448,3.892579794224272e-11,1.5850135004368526e-08,1.6032646770067894e-05,3.056399520724126e-05,6.295828830530891e-05,3.611179824790973e-08,1.3917443460393808e-07,1.3813182628849639e-08,0.9901898545462888,6.307825405108939e-05,0.007677451920880139,4.27136040680263e-07,9.914545655402385e-06
24,3.788036275061016e-08,1.228226369887797e-07,0.00035020024021465915,7.447762517256565e-07,1.4585246872020763e-05,0.0013375528968637568,8.081738490211668e-06,6.038152718917145e-08,0.00027544735846195766,9.213477579209711e-06,9.651871395476033e-07,0.00031121572040740994,5.6252105852203757e-11,2.6169581351094377e-08,1.937393675022176e-05,3.8616988685087905e-05,7.097075814564287e-05,5.7454197032772174e-08,1.7727295502455956e-07,2.2479318805729997e-08,0.9890508792816148,8.1886472694844e-05,0.008415615771808506,4.0739840702808534e-07,1.3738232781962973e-05
25,6.729600200881447e-08,3.7513528100412774e-08,0.0006009536830361681,7.773031800162482e-07,1.2489848165834662e-05,0.00048639511066185526,1.5885296268576632e-05,1.5389748168755863e-07,0.00025223670895370924,1.714222219829348e-05,2.8239824639019796e-06,0.000702246801839441,1.2403922873330995e-10,5.30071433606792e-08,2.6153173714052297e-05,4.125621997532638e-05,9.341187496375834e-05,5.452810290830188e-08,7.967500338279809e-08,4.889432692228739e-08,0.9888636653087205,5.521316631375504e-05,0.008815664681234497,4.3688148692380317e-07,1.2752801195813076e-05
26,5.338138334600576e-08,7.993459631421338e-08,0.0002997564836376327,3.547525076453481e-07,1.2648393552061389e-05,0.0016794627811548394,1.0264217554684703e-05,5.5833563319960355e-08,0.0004961474462524847,1.3978131458884211e-05,3.778231876850202e-07,0.00012282707313751196,6.486256716350427e-11,1.319624014608315e-08,1.1679362969517547e-05,3.4107704309710966e-05,0.0001346215987092487,5.350890398633582e-08,2.965665617147075e-07,1.604887132940808e-08,0.9802772343496989,5.393518188193933e-05,0.016836067770922527,1.0384620613424071e-06,1.4929932020463283e-05
27,3.792353157942631e-08,2.2795722923953273e-07,0.00033072997371016955,6.647628551078573e-07,1.198030065547234e-05,0.002033669564332779,9.057552888368387e-06,9.994285264849642e-08,0.0005661299689230002,1.2251893765602857e-05,9.076480321951676e-07,0.0003550951229678528,4.1121429961583904e-11,1.7933413900128915e-08,3.480862398504707e-05,3.7108572189430275e-05,8.208176812540757e-05,4.908578039443279e-08,2.6511618288881846e-07,1.3703722937420217e-08,0.986963331102257,0.00016745402935252438,0.009371998498297968,4.58197591099911e-07,2.1560716236026536e-05
28,2.487780357335411e-08,7.187096174902533e-08,0.0002969714882083083,3.7478694221190685e-07,8.56774877711978e-06,0.0011479876534289377,7.084112522339404e-06,4.979186603917395e-08,0.00022575040238595012,8.57210713923438e-06,5.423589570592933e-07,0.0002535164793326448,3.892579794224272e-11,1.5850135004368526e-08,1.6032646770067894e-05,3.056399520724126e-05,6.295828830530891e-05,3.611179824790973e-08,1.3917443460393808e-07,1.3813182628849639e-08,0.9901898545462888,6.307825405108939e-05,0.007677451920880139,4.27136040680263e-07,9.914545655402385e-06
29,2.487780357335411e-08,7.187096174902533e-08,0.0002969714882083083,3.7478694221190685e-07,8.56774877711978e-06,0.0011479876534289377,7.084112522339404e-06,4.979186603917395e-08,0.00022575040238595012,8.57210713923438e-06,5.423589570592933e-07,0.0002535164793326448,3.892579794224272e-11,1.5850135004368526e-08,1.6032646770067894e-05,3.056399520724126e-05,6.295828830530891e-05,3.611179824790973e-08,1.3917443460393808e-07,1.3813182628849639e-08,0.9901898545462888,6.307825405108939e-05,0.007677451920880139,4.27136040680263e-07,9.914545655402385e-06
30,2.487780357335411e-08,7.187096174902533e-08,0.0002969714882083083,3.7478694221190685e-07,8.56774877711978e-06,0.0011479876534289377,7.084112522339404e-06,4.979186603917395e-08,0.00022575040238595012,8.57210713923438e-06,5.423589570592933e-07,0.0002535164793326448,3.892579794224272e-11,1.5850135004368526e-08,1.6032646770067894e-05,3.056399520724126e-05,6.295828830530891e-05,3.611179824790973e-08,1.3917443460393808e-07,1.3813182628849639e-08,0.9901898545462888,6.307825405108939e-05,0.007677451920880139,4.27136040680263e-07,9.914545655402385e-06
31,4.7439543303402645e-08,7.400941446219297e-08,0.0005838808128697354,3.656640177611005e-07,6.281640093947895e-06,0.000672911292047284,5.906331635880081e-06,1.6126803419821122e-07,0.00021591732374121454,8.707100573427785e-06,5.545713829256933e-07,0.0003014088035266442,1.0385081230587429e-10,1.2675548643971244e-08,1.7211703174608596e-05,4.318356346042753e-05,8.064607802517284e-05,3.616576583572029e-08,2.1042729744738719e-07,1.6158446776263253e-08,0.9932323182139754,6.214978829905132e-05,0.004761749581655273,5.58992602626292e-07,5.690291016876891e-06
32,2.9309792080896886e-08,9.189681511287633e-08,0.0003185643134176826,3.906954095171193e-07,9.35407398270185e-06,0.0013058213491699867,6.894269308618124e-06,5.3494995041576895e-08,0.00024084404781813442,8.92407082210491e-06,5.387531616783273e-07,0.00023527773563196156,4.5530705383822664e-11,1.6348289232873992e-08,1.6858791820416706e-05,3.437120244084167e-05,7.15829557652425e-05,4.266090405885468e-08,1.989025634772432e-07,1.3902874381550824e-08,0.9899438851871941,7.052705955331893e-05,0.007724921710215528,4.963400703872378e-07,1.0300882453839791e-05
33,5.722959422721701e-08,1.7761804702101182e-07,0.0003041403093142774,5.982419969035236e-07,7.679158319436102e-06,0.0037042499397891343,2.027575930119206e-05,9.277300752889398e-08,0.0001463338106750036,9.158129789340656e-06,1.4673775785193432e-07,0.000310596619578923,1.6110603187782324e-10,1.3728605567308175e-08,6.8707071748211655e-06,0.0001303574703239265,0.0003360679635293649,1.1378439778608993e-07,1.0376143932146107e-06,1.0756745881452606e-08,0.9895747221597132,0.00031793024096253786,0.005117284269004161,3.2567702017512218e-06,8.828046671010846e-06
34,7.694379095745772e-08,8.888201404552536e-08,0.0005452869920955359,5.436960967877019e-07,1.5124803941297683e-05,0.000938649296157165,8.604239646256145e-06,7.979446362731249e-08,0.00033559477139261345,1.3029947620583289e-05,1.0216252469974817e-06,0.0002559839370548522,7.687582612841712e-11,2.6665407633166162e-08,1.902822579053969e-05,4.0231342714134295e-05,9.625394368903885e-05,4.437750034726067e-08,2.7110604330489887e-07,1.9939767269560487e-08,0.9890331847540438,6.298045021577507e-05,0.008620570464941447,5.478983039490892e-07,1.2755825186269112e-05
35,1.808982227287084e-07,4.090147323939192e-07,0.0007266065520745303,1.595490656567222e-06,2.1456429050754647e-05,0.0025835465139070228,1.6037180980821596e-05,4.792404261922134e-07,0.001947128063657138,2.5467198455505073e-05,1.6931807852615293e-06,0.0005283303293018205,1.436417757483793e-10,1.8217899939847822e-08,4.4416396855555e-05,8.566906010920159e-05,0.00019143289819464535,7.619497261256842e-08,7.759284037212467e-07,2.0605486524250884e-08,0.9838347003598182,0.0003567551516437317,0.009604103487741303,7.075712402512219e-07,2.8393891741773198e-05
36,3.4145622436059713e-08,6.686381267070619e-08,0.000254619095108152,5.016038281552789e-07,5.1920735214682184e-06,0.0009648286503013159,2.0282516649290176e-05,1.4237967759871632e-07,0.00021191482178369082,7.92333634410202e-06,7.665510140928933e-07,0.0012729193093147977,5.4889266114703074e-11,2.5372539432295964e-08,2.0349705895724636e-05,4.607909258446295e-05,0.00016237765086502622,5.180572951692026e-08,1.0349331447332969e-07,1.3400233104571962e-08,0.9918592068629799,0.00026076419882361916,0.004895637368252035,5.484589628939275e-07,1.5651187952769027e-05
37,2.5336921998520143e-08,8.505742123398804e-08,0.0003164810394635418,4.228645764218238e-07,9.314633978487511e-06,0.001314832325991297,7.19309518832581e-06,6.087681380041668e-08,0.00028756673502524505,9.93264715022202e-06,6.193464447319885e-07,0.00027100252858838173,4.0261104994509055e-11,1.4462243518670284e-08,1.8588156784727866e-05,3.162796946311394e-05,6.413744124838277e-05,3.672333149052483e-08,1.5132989412926266e-07,1.4593686236340484e-08,0.9897945343264174,7.449836066691577e-05,0.0077876252350065405,4.021033089756314e-07,1.0832770123853542e-05
38,1.6600035445543738e-07,1.868047729369211e-07,0.0012698904856418695,9.070944356249082e-07,4.837839188290634e-05,0.0007633473464525207,1.558101176645332e-05,1.527910335068594e-07,0.0009081836293327541,3.211105748024723e-05,2.348937624662149e-06,0.00048757428629466344,1.0476827625105272e-10,5.786926324951306e-08,2.638913270303236e-05,2.404197482793243e-05,0.0002229162930680389,2.7318542557633375e-08,2.5869463199359867e-07,4.341448715892857e-08,0.9830787515728383,0.00011746427886428248,0.012928452333460018,7.737300023344616e-07,7.19954454703006e-05
39,4.0401763823151263e-07,2.307413980943058e-07,0.0009570487985176302,2.3441970625911376e-06,9.025322159988073e-05,0.0016490107389313892,5.2576189376062506e-05,1.5478014522164053e-07,0.0013265752994784657,9.439991573591467e-05,1.0483437231380885e-05,0.0006614947040953663,2.1029526915327715e-10,3.1251295306488855e-07,7.944561555055205e-05,4.903353370114711e-05,0.00023503236482792228,1.2828255272881433e-07,4.6624726021721355e-07,1.0089597801407817e-07,0.95183745044871,0.00012952923090103598,0.04267851834892666,1.657976161502332e-06,0.00014334829097148558
40,3.189554976596504e-08,9.119499567200404e-08,0.0005381368401275604,2.209096174295896e-07,1.725718069166409e-05,0.0004399749493500962,6.636346689054586e-06,3.0581913889688975e-08,0.00014246257380225337,4.919539356026156e-06,8.281378219373843e-07,0.00035862570382941554,3.090518423831765e-11,4.463158667693693e-08,1.8872741116916912e-05,1.6122829242814097e-05,5.4679787671990535e-05,1.9179076844430287e-08,1.1099494125561376e-07,1.3835050751648209e-08,0.9929082746099789,4.75518004475063e-05,0.005427312892109258,3.2251472009522065e-07,1.74582994069819e-05
41,1.0260787177549924e-07,4.6668952824360153e-07,0.0006875432072619571,2.4327340906581457e-06,6.42573318521356e-05,0.0028289750444697595,9.413323568883619e-06,2.700335354687985e-07,0.001801788157166417,2.085694652605854e-05,4.525103565201572e-06,0.0003246542460715938,1.4637886741213218e-10,4.898685340241579e-08,8.235684477470056e-05,0.00010778538916786537,5.085359911345399e-05,1.6759757834071696e-07,6.272328852535919e-07,5.402600618317554e-08,0.9811342731497495,9.308645169294976e-05,0.012767707781861837,3.1122114009181256e-07,1.7442147289122305e-05
42,2.0961974619694394e-08,2.3977142398781375e-07,0.00047246092804845163,7.447003370425233e-07,5.129012908545334e-06,0.0025380743464463967,4.487606761971023e-06,1.6348770960654623e-07,0.00036896538206502,6.0918444624999455e-06,3.5271691504073157e-07,0.00029746589960222384,4.8654475038644204e-11,3.0645374935013902e-09,1.4427983831236718e-05,8.718336758928396e-05,8.497174992795004e-05,3.8778327522637487e-08,4.4500140150605605e-07,7.254815393676306e-09,0.993326214779803,0.0003099901403797565,0.002478245583380862,2.7173967678729453e-07,4.00384901907352e-06
43,1.2372914900885178e-07,2.8100111192978176e-07,0.0005979722166021472,1.02852576641522e-06,2.920556792407273e-05,0.0009693252024413529,2.021066507838596e-05,9.121396128628507e-08,0.0005153171120341448,1.1138906748171784e-05,3.944660465603119e-06,0.0007255752723532532,6.394562193801034e-11,1.6006277760794253e-07,6.135794634882381e-05,4.060496702418615e-05,0.00010971799732713202,7.673508358527763e-08,2.42994729640078e-07,3.045155784772438e-08,0.9792589182148295,0.00012264271984223439,0.017460867988848657,6.160378636986403e-07,7.054974618567498e-05
44,2.487780357335411e-08,7.187096174902533e-08,0.0002969714882083083,3.7478694221190685e-07,8.56774877711978e-06,0.0011479876534289377,7.084112522339404e-06,4.979186603917395e-08,0.00022575040238595012,8.57210713923438e-06,5.423589570592933e-07,0.0002535164793326448,3.892579794224272e-11,1.5850135004368526e-08,1.6032646770067894e-05,3.056399520724126e-05,6.295828830530891e-05,3.611179824790973e-08,1.3917443460393808e-07,1.3813182628849639e-08,0.9901898545462888,6.307825405108939e-05,0.007677451920880139,4.27136040680263e-07,9.914545655402385e-06
45,2.9130463062622498e-08,6.578936030541991e-08,0.0003644676162742996,4.315108023226898e-07,5.851467198768154e-06,0.0018106004850248394,1.3917141037306089e-05,2.3101158030387062e-07,0.0002606137575908411,1.3071937076557357e-05,4.467001286552887e-07,0.0004829182963540313,1.2280320375247982e-10,1.2128833157563277e-08,2.2761936105686725e-05,8.960973141657448e-05,7.118021249571473e-05,6.479559432087886e-08,2.43948169747183e-07,1.6038747416636344e-08,0.9921365720394889,0.00010614354809490002,0.004615474901300438,8.476476403862829e-07,4.428106418347096e-06
46,3.506971263128905e-08,4.6808098726311505e-08,0.00031562678635173297,4.263693550413357e-07,6.642172632596935e-06,0.0010926861290541572,8.894646707759288e-06,5.5015731319212993e-08,0.00016300184579497222,9.212614354561767e-06,3.838837703548384e-07,0.0002773557274397286,5.797452865915456e-11,1.1583307181084524e-08,7.631452667593756e-06,3.835222975739432e-05,0.00013224677006537812,3.496978975300654e-08,1.5919950942605968e-07,1.3600730621254575e-08,0.9920968805601306,8.677231998534637e-05,0.005755045179879632,5.79419107978465e-07,7.905588091119125e-06
47,1.714745405299369e-08,7.176300936308035e-08,0.00025838013556945936,3.013111752396204e-07,1.0815172182714224e-05,0.0010585100003416231,6.058162110507586e-06,3.7935546069735525e-08,0.000244883653545591,8.436108003106111e-06,6.995537071553902e-07,0.0002175720787739404,2.6931075844576077e-11,1.8869202009367238e-08,2.1807502442568565e-05,2.008720787965722e-05,4.4613399605468556e-05,3.41635102562572e-08,9.829940227460358e-08,1.593330134970903e-08,0.9887346290020723,4.431203615160937e-05,0.009316107156246587,3.1134553454921997e-07,1.2182036301493715e-05
48,5.984836722640078e-08,1.083877838312648e-07,0.0003627315017487113,2.984783267649955e-07,7.918165665429389e-06,0.0025632088168198583,1.3138664435872253e-05,1.0305949402870881e-07,0.00023881266186362804,1.7312257109620886e-05,1.8653851626912094e-07,0.00019997750236110904,1.2445176457044066e-10,1.0229958916172853e-08,9.517882296890062e-06,5.632818785297024e-05,0.00030581817742789244,6.338133130186217e-08,7.879026139327792e-07,1.2000027272587187e-08,0.9888294524796682,0.00015289882689143987,0.0072274214136535285,2.6715309393726838e-06,1.1161980393806543e-05
49,1.345492903672659e-08,7.891370133198625e-08,0.00030764146222344863,3.401466129093587e-07,5.994890748555868e-06,0.001438843630705342,5.7704748560511035e-06,5.2782598578101576e-08,0.00019282695131438398,6.931590791009416e-06,3.2204517650380755e-07,0.0003171537326660318,3.22433022146336e-11,7.211649960093926e-09,1.191171932040192e-05,3.1065733849574365e-05,5.537673375661593e-05,2.4118570958777187e-08,1.2218482290200316e-07,1.0527979148989242e-08,0.9931268343026929,0.0001013590463088044,0.004390141749217287,3.322381901418249e-07,6.844325074976718e-06
50,1.2480619418056503e-07,5.414194051720381e-08,0.0007159691577995242,6.715096248910812e-07,1.8887808688116628e-05,0.0012358024695387272,3.428771092865705e-05,1.5521135994329285e-07,0.00037285139435026224,3.511764663721352e-05,1.1781731360112035e-06,0.0005105972977431231,1.8855519816807498e-10,5.2066408548097526e-08,1.8970492192040057e-05,6.004032024502949e-05,0.00019311709825718884,5.608464126268312e-08,2.7487699831093727e-07,3.770162790192247e-08,0.9846391399490687,8.184056289577843e-05,0.012056759012140133,1.78969607288405e-06,2.2224622955763278e-05
51,2.7135622648915667e-08,2.9276487544928052e-06,0.0002995564669934837,4.046025606092803e-06,6.841960026379657e-06,0.0025139585830936477,2.4359978068527355e-06,3.049927145013967e-07,0.0006471976143619245,5.544716871298384e-06,3.2069334678181403e-06,0.0004890515378227279,3.613901943679599e-11,1.3330737590454304e-08,0.000152556077861844,4.320018452916066e-05,3.5093459558781604e-05,1.1991277897700847e-07,2.815344009179466e-07,1.7121348845891683e-08,0.9889676967222941,0.000656340945794224,0.006152799637105137,1.2140826750182977e-07,1.6660016042009263e-05
52,6.597539655623649e-08,9.143116523548447e-08,0.0004327370571772929,1.3623368018366247e-06,1.6577755107719016e-05,0.004654887230000689,1.0227628164986965e-05,3.805059714348975e-07,0.0007176928123839676,8.597396198449094e-05,2.300193208805266e-06,0.0005423940113834777,2.4258550316163645e-10,2.770030760635197e-08,7.143311649307069e-05,9.437211270097286e-05,5.023267728715545e-05,1.7968647079525633e-07,4.569385611499077e-07,7.042381502589924e-08,0.983128743720158,8.673068172962972e-05,0.010095110123583908,7.738793327161003e-07,7.177798227776731e-06
53,8.791006828091811e-09,1.1859025351839236e-08,0.00016642786104077543,2.2409113423259162e-07,5.503969687755696e-06,0.0005353870415977098,8.894523544671198e-06,1.7476646574038465e-08,9.602146681840954e-05,5.094007466222057e-06,4.272763115493662e-07,0.0002556239579747671,2.157988609021748e-11,1.8010505856347473e-08,7.742059210877615e-06,2.1995618646016958e-05,3.2378095988648454e-05,2.6871652250754762e-08,2.2009388262892286e-08,1.6940212757124625e-08,0.9894981083124069,1.8471073812973e-05,0.00934200628698211,2.685131877024908e-07,5.303864171038962e-06
54,4.7823635636901806e-08,6.07865688154089e-07,0.0002742588142128696,6.825504457900895e-07,1.5114692801223346e-05,0.0025612017443783,1.3058144660525025e-05,7.873721742875798e-08,0.0005059140306840205,8.964060064158602e-06,9.82690950570385e-07,0.0004153737391546202,3.263555956165268e-11,4.5881276539868997e-08,6.255770128156233e-05,3.5168862079859964e-05,8.407279815868117e-05,6.887024024517672e-08,3.8447534164778433e-07,1.1234947066489313e-08,0.9827408666022518,0.00023653491697605474,0.012990517905581825,7.724286049516665e-07,5.271339673081584e-05
55,2.4636655451541654e-08,6.27667636522933e-08,0.0002938583310925206,3.661670813549581e-07,8.618314390794444e-06,0.0011739113149979142,8.458365589937361e-06,5.7033511921095264e-08,0.00023365076321352327,8.328947440712297e-06,5.161602074798497e-07,0.0003325957149817268,4.318477865094375e-11,1.7252368133389087e-08,1.5685867106897897e-05,3.43680240958604e-05,6.188610927344939e-05,3.719679573236964e-08,1.2484871197541558e-07,1.4492055415604487e-08,0.9904262949013888,6.448287777546814e-05,0.007326357518281317,4.492401669642078e-07,9.833112868322485e-06
56,2.7685507147904435e-08,7.218615216920717e-08,0.00031373649417667084,4.0594737829538614e-07,8.769137804608162e-06,0.0012517277193258185,7.774982844693952e-06,5.947935996500003e-08,0.0002380373223455687,9.573373920654197e-06,5.431599776750366e-07,0.00026724599050843406,4.98290232472943e-11,1.6053646635510062e-08,1.5865849687974587e-05,3.514813514814705e-05,6.87008454126221e-05,4.04482673763256e-08,1.5707498619909925e-07,1.5482275263530337e-08,0.9900629464449276,6.582081316011715e-05,0.0076432581731464165,4.897168216212154e-07,9.567433389405201e-06
57,1.968037723771505e-07,6.087448115793728e-07,9.455633445166269e-05,2.8028008127987543e-06,1.1398762234563578e-05,0.0025917596268676033,1.0902625045242045e-05,1.1006131408004906e-07,0.000716496104682502,1.5696972492540137e-05,3.533755334864153e-06,0.00014977830148523634,4.216851925590544e-11,1.063475199460788e-07,0.00013000249353691036,4.391226889156726e-05,0.00011981350024706815,4.3703258602380655e-07,5.382867049947365e-07,1.8059255291293315e-08,0.9446877882709364,0.00014833882877573167,0.051213686342965005,9.40618861429218e-07,5.657701424616627e-05
58,2.7215693362093272e-08,6.632551717546357e-08,0.0002980331174174296,3.1609966471054076e-07,7.994387675513238e-06,0.0012730889742527324,8.129062515625712e-06,5.279065013776701e-08,0.00019287068102142706,9.771105424544501e-06,3.779853940293788e-07,0.0002491833330438284,5.34793289312755e-11,1.591376962079664e-08,1.342099880234844e-05,3.35328443887751e-05,7.719963355119115e-05,3.9812489815043305e-08,1.7244782167895807e-07,1.4215540121010441e-08,0.989850331799066,6.207686959038727e-05,0.007913267681483045,7.193353270716238e-07,9.297316420272051e-06
59,2.2645867176998457e-08,5.51975861462958e-08,0.00031844463447493177,2.798182326099327e-07,7.3386134624340504e-06,0.0010482369383176821,7.122554617749651e-06,4.7122147211900446e-08,0.0001698768330907256,8.485328557778141e-06,3.5724876942325467e-07,0.0002344973090715019,4.6857965176273366e-11,1.3637256580916274e-08,1.1786154450860539e-05,3.0067120199476324e-05,6.747348418526936e-05,3.154777902044778e-08,1.375980014142897e-07,1.3717720223949363e-08,0.9911117118196816,5.3167667799638315e-05,0.006922395182040385,5.81147015571321e-07,7.856632816656624e-06
60,2.487780357335411e-08,7.187096174902533e-08,0.0002969714882083083,3.7478694221190685e-07,8.56774877711978e-06,0.0011479876534289377,7.084112522339404e-06,4.979186603917395e-08,0.00022575040238595012,8.57210713923438e-06,5.423589570592933e-07,0.0002535164793326448,3.892579794224272e-11,1.5850135004368526e-08,1.6032646770067894e-05,3.056399520724126e-05,6.295828830530891e-05,3.611179824790973e-08,1.3917443460393808e-07,1.3813182628849639e-08,0.9901898545462888,6.307825405108939e-05,0.007677451920880139,4.27136040680263e-07,9.914545655402385e-06
61,2.4138620139720387e-08,5.840171972989083e-08,0.00032241086880880785,2.8061281045813635e-07,8.125438328203963e-06,0.001039225166333434,7.238742636886099e-06,4.519609461337418e-08,0.00018314168032797982,8.431194532585091e-06,4.0223172850367543e-07,0.00023604764298673316,4.384777599140012e-11,1.5223255722475603e-08,1.2836382178766963e-05,2.9616753322084853e-05,6.707248245115227e-05,3.1848869920847604e-08,1.4334701329568587e-07,1.3332499502965153e-08,0.9908462400580865,5.3195989916614454e-05,0.00717613114558226,5.446290524554675e-07,8.727448996130909e-06
62,2.487780357335411e-08,7.187096174902533e-08,0.0002969714882083083,3.7478694221190685e-07,8.56774877711978e-06,0.0011479876534289377,7.084112522339404e-06,4.979186603917395e-08,0.00022575040238595012,8.57210713923438e-06,5.423589570592933e-07,0.0002535164793326448,3.892579794224272e-11,1.5850135004368526e-08,1.6032646770067894e-05,3.056399520724126e-05,6.295828830530891e-05,3.611179824790973e-08,1.3917443460393808e-07,1.3813182628849639e-08,0.9901898545462888,6.307825405108939e-05,0.007677451920880139,4.27136040680263e-07,9.914545655402385e-06
63,2.5383973519831533e-08,1.1561630445811126e-07,0.000278531213582507,4.130430477350656e-07,8.941067737477033e-06,0.0013381670443152998,6.202795347367906e-06,5.112497638972844e-08,0.0002586591150996528,7.707832690376796e-06,5.721234124488085e-07,0.0002298905851218403,3.612720118063247e-11,1.5653552794119496e-08,1.9858541155096444e-05,3.071103907661776e-05,6.201055566590749e-05,4.223413832338236e-08,1.7856216839338948e-07,1.2655471075784977e-08,0.9897097218908837,7.760104147680866e-05,0.007958775060834873,4.091618851320608e-07,1.1386621955081388e-05
64,1.1021950387795802e-08,3.666010259368137e-08,0.00020994845225757018,1.8769386094399443e-07,4.653681923019283e-06,0.0006916537000236392,3.660141244607829e-06,2.239175981036651e-08,0.00010306304993392708,4.06527834395481e-06,2.673763619156879e-07,0.00016570760329579862,2.0243292512758385e-11,8.917305857523938e-09,8.884632084920395e-06,1.9517114064443783e-05,3.908987291255898e-05,2.0400360626359556e-08,6.911898288646005e-08,8.381568725676563e-09,0.9934759511738405,3.372694753104112e-05,0.005234366683950228,2.526046764097719e-07,4.827081420244565e-06
65,7.673344412086519e-09,5.2595740096765606e-08,0.0001324882815793761,1.4657239544267784e-07,4.28720340650416e-06,0.0008504000487940518,3.57010135248906e-06,1.385273018934057e-08,8.857973068793418e-05,2.5650538329916317e-06,1.597707050968068e-07,0.00012221004603525635,1.257980746289729e-11,8.348856771371469e-09,8.484065556705667e-06,1.4452752257699403e-05,3.543704022826066e-05,2.243814047215228e-08,6.566226961234523e-08,6.252623903455839e-09,0.9924702818325905,3.5160208794790616e-05,0.006224717889961498,2.907974713088825e-07,6.5917680647194625e-06
66,2.4828336677651226e-08,7.2038693225558e-08,0.0002962698509300404,3.747547619786103e-07,8.545854872638897e-06,0.0011481237860394631,7.067995191673756e-06,4.977206447898023e-08,0.00022562270114197545,8.55566342957888e-06,5.422801012968089e-07,0.0002535466926682396,3.880962711761869e-11,1.5842023466611483e-08,1.6068707606034618e-05,3.052744141788133e-05,6.286108893838905e-05,3.613007839756214e-08,1.390615136032774e-07,1.3784641157102842e-08,0.9901900977830964,6.316529993433898e-05,0.007677934447153907,4.2648918355582504e-07,9.917667371834033e-06
67,3.108994374921889e-08,7.505032946471356e-08,0.0003444374538101571,4.2295246057828796e-07,1.0171584353706551e-05,0.0011693623845170757,8.081861939208216e-06,6.127170771581163e-08,0.00026539759953177563,1.0291159525744707e-05,6.486114420008768e-07,0.00027868646167755393,4.696643821100201e-11,1.7968442739148417e-08,1.759278981286132e-05,3.420806376812252e-05,6.878287394979592e-05,3.84447781937346e-08,1.5891575065860037e-07,1.5584433196775714e-08,0.9899184763909755,6.704155061660972e-05,0.007794941342695833,4.5935091468233435e-07,1.059919565676005e-05
68,1.5221351624934162e-09,1.4532046934160148e-08,8.546317582893765e-05,7.016818960791236e-08,1.4802087565661912e-06,0.000726663011836432,1.8785807968327148e-06,1.804517827770675e-08,3.1525137169013074e-05,1.7240396169224835e-06,8.261718805691193e-08,0.00023507564104761783,1.0523271061369162e-11,3.0394907297544195e-09,6.585388835253258e-06,1.0766570552490214e-05,1.2551760770055795e-05,1.4461012597919497e-08,1.5947373521958186e-08,6.435298930025306e-09,0.9966059812999629,2.055568197416246e-05,0.0022579207561636387,1.353409002384723e-07,1.4666273518969995e-06
69,3.72177214097881e-08,8.266768994279612e-08,0.00036900084053264416,4.092708769895712e-07,1.0406746244374346e-05,0.0014788223395011066,1.0587827326924129e-05,6.402595035932097e-08,0.00023436953172578003,1.0539044921866254e-05,4.361732280611629e-07,0.00029900959546128806,6.148914186000394e-11,2.039839396235469e-08,1.4508200242921785e-05,4.6831469491121747e-05,8.63413861055017e-05,4.190700945929265e-08,2.4007401658907183e-07,1.3985457016956753e-08,0.9899400330437158,7.76490966352465e-05,0.007408973635438356,7.966425863450526e-07,1.0784818237930437e-05
70,2.4413631175207254e-08,7.132745325382867e-08,0.00029757110333383964,3.7896723315533693e-07,8.551402621068465e-06,0.0011556212052101996,7.056149742924993e-06,4.961889996626769e-08,0.0002270664893998886,8.541448008251741e-06,5.44782606359024e-07,0.000253972250223846,3.8578219924425946e-11,1.563150576540703e-08,1.5975916034195528e-05,3.075878474554707e-05,6.159944518994905e-05,3.5805954826860614e-08,1.368104560453289e-07,1.3857021620898624e-08,0.9902152682129137,6.27026689417348e-05,0.007643843250985053,4.1707774504321176e-07,9.783341564572969e-06
