,0,1,2,3,4,5,6,7,8,9,10,11,12,13,14,15,16,17,18,19,20,21,22,23,24
0,3.0301580849395695e-05,0.0007695577065628293,5.8556629106569024e-05,0.00067059914489598,0.0007931747864524084,0.0022075604514701142,0.0005200418961849593,6.549357776838468e-05,0.013731951505985794,9.521079246130963e-06,0.0013730860379848307,0.0035328720096988587,2.891007907636503e-05,0.005687690298196552,0.02234774017533775,0.0002740116901105945,0.2130611246484033,0.0018839041689216278,0.0014368465698908718,1.9606942717388587e-05,0.26399625360231743,0.36906037814235654,0.00045066061514767116,8.06028349128944e-06,0.09798209637782622
1,7.45619411680835e-05,0.0014717626335819442,0.0002016829195400123,0.0021411473506481493,0.00048658893494036025,0.0016543760841662603,0.0016509816888387425,6.82926294435662e-05,0.010666505066748305,4.829797487924432e-05,0.0007497354652659598,0.00866816444114607,2.2495349413058302e-05,0.011692096933752416,0.01057482666269112,0.0001796855919414291,0.09804074745933739,0.003940743969509044,0.000708501773461778,1.8822844399573504e-05,0.30254699294017645,0.255230111217204,0.0010272153440005543,8.330749868938236e-06,0.2881273320338776
2,5.7151111902208876e-05,0.0013030562790150592,0.00010535654012657086,0.0015806935919405896,0.0007590884576133053,0.0010208867941194927,0.00152180894747463,4.745913864737984e-05,0.006714941823441897,2.9481466815603406e-05,0.0008460507359024925,0.007088123725979258,1.7461845561654916e-05,0.01661806170855329,0.012237516811556066,0.00010008004345435116,0.11729418423733734,0.0031380362715196907,0.00035007024759614136,1.949897704656994e-05,0.1975058933506786,0.2209725295806677,0.0012406416489774488,4.535026169091075e-06,0.4094273916379036
3,5.1315092445007764e-05,0.0011473955820111273,0.00012142394827564581,0.0022733282714061565,0.00047278629169472886,0.001237749352322381,0.0012780113343210595,4.8751736023238614e-05,0.006574457420229027,3.129535865363049e-05,0.0009042406804019644,0.007736198648222948,1.801421443096893e-05,0.015868566294151752,0.0074881564875488,9.803309465161883e-05,0.12905303465331766,0.0035512596125181098,0.0004061728293778305,1.6272857009224186e-05,0.26389163306365515,0.25307984923520077,0.0013911307586710181,6.476632666316196e-06,0.3032544465507938
4,5.0254058444719466e-05,0.0010778903604406695,0.00010867220582054376,0.00215596614539301,0.00044332016553810366,0.0011065215466327832,0.001194985059659908,4.297499749701677e-05,0.006380944700453287,2.748426269586714e-05,0.0008406810944570429,0.008602605797184196,2.1437219493046407e-05,0.01608531427005655,0.006783968556584102,8.780157086765593e-05,0.1347525750971148,0.003441252427958624,0.00038645810657886884,1.5633360257133266e-05,0.25829032474045416,0.2529361361401243,0.0012893084472233728,6.2183905952138635e-06,0.30387127127847513
5,4.9426857050234036e-05,0.0009611330004321553,9.844989100226545e-05,0.0027527679663552347,0.00032248267924414885,0.0010203403315084145,0.0009813396822817625,3.723708153566528e-05,0.005641064024103509,2.9753257322408835e-05,0.0007364861053549811,0.008130091644438,1.7802366304531578e-05,0.01638953779127837,0.0052604548657921215,7.731572055439978e-05,0.13263966511823413,0.004633041381195002,0.00029548877152496815,1.5015629135708044e-05,0.25870413683376214,0.25917706989646877,0.0012794136975142181,6.355515875846742e-06,0.30074412989173094
6,5.1315092445007764e-05,0.0011473955820111273,0.00012142394827564581,0.0022733282714061565,0.00047278629169472886,0.001237749352322381,0.0012780113343210595,4.8751736023238614e-05,0.006574457420229027,3.129535865363049e-05,0.0009042406804019644,0.007736198648222948,1.801421443096893e-05,0.015868566294151752,0.0074881564875488,9.803309465161883e-05,0.12905303465331766,0.0035512596125181098,0.0004061728293778305,1.6272857009224186e-05,0.26389163306365515,0.25307984923520077,0.0013911307586710181,6.476632666316196e-06,0.3032544465507938
7,0.00028668769533958706,0.0020727981113910954,0.0006707898209466816,0.002497435228523384,0.0007730885528760143,0.0024710115990409097,0.002922044703293318,9.201198406852786e-05,0.009620593996249083,7.094156169887846e-05,0.0014574666709028163,0.011318416989333242,3.975430526907982e-05,0.014896739780327793,0.006025694309026464,0.00010812074880334523,0.12407573436260043,0.005891856808953363,0.0012468610487913522,2.2019905673693438e-05,0.24751712308250193,0.15629086953428195,0.0023237734586965806,2.2178604944062698e-05,0.4072859871364663
8,0.00010545827142719594,0.002693727036456632,0.0003434975045177887,0.00582967109756069,0.0006520391090876083,0.0015439154736499555,0.0029019188760919536,7.654611333847945e-05,0.005870178249749642,8.101934165474901e-05,0.001175982863728182,0.012613138809597359,1.948594932636881e-05,0.03237601451325753,0.004305750853397962,8.61835367842292e-05,0.0919446102397912,0.003404439702189664,0.0004130667784787822,2.6032061351861207e-05,0.24411584929037158,0.13633775196278086,0.0045079052762849615,1.1607489142618304e-05,0.4485642095999823
9,4.5568927086729544e-05,0.0015943687265047811,0.0002233291545306718,0.005115929845910235,0.0003033910045774912,0.0011493731014310365,0.0017356372196881784,4.181328346950167e-05,0.0060157598613716215,5.991094272330025e-05,0.0005797368625178741,0.011764097354740231,1.8165948359567115e-05,0.017264730055060202,0.004252316514573962,8.649637557721837e-05,0.07457635422379816,0.00282427137406118,0.0002628550256213105,2.0474074182032015e-05,0.3659774179027826,0.16316628430669233,0.0023391240354995496,7.97107469833616e-06,0.340574622804542
10,5.1315092445007764e-05,0.0011473955820111273,0.00012142394827564581,0.0022733282714061565,0.00047278629169472886,0.001237749352322381,0.0012780113343210595,4.8751736023238614e-05,0.006574457420229027,3.129535865363049e-05,0.0009042406804019644,0.007736198648222948,1.801421443096893e-05,0.015868566294151752,0.0074881564875488,9.803309465161883e-05,0.12905303465331766,0.0035512596125181098,0.0004061728293778305,1.6272857009224186e-05,0.26389163306365515,0.25307984923520077,0.0013911307586710181,6.476632666316196e-06,0.3032544465507938
11,5.2313113662205934e-05,0.0011334266620448962,0.00012105040813557681,0.0022666888592288636,0.0004823525067370653,0.0012097995857019896,0.0012845390641915845,4.801247233564837e-05,0.0065436393404381,3.096349499955773e-05,0.000899806681543617,0.008319112491964632,2.1337546772870797e-05,0.015846998968066617,0.007174192302386501,9.840732151750367e-05,0.13467684075214165,0.0034843003211527256,0.0004148739561767633,1.7418668579317544e-05,0.2636586874045095,0.24928304241088967,0.0014187007229687226,6.880124171270109e-06,0.3015066148196831
12,4.400819417318251e-05,0.0010643506771588122,7.002580257586848e-05,0.0019439993131697539,0.00046573276181376285,0.0010743056896938329,0.0008340442916554219,2.7069398451391837e-05,0.0044446018207076705,2.8725439592716144e-05,0.0005876301532379033,0.00488894678501805,1.4689202187558641e-05,0.02116472295000981,0.004690243130096077,5.9583583846886136e-05,0.1709775263902145,0.00382732260357841,0.0002245236642772937,1.567577439963495e-05,0.22235064894780981,0.19390920726382171,0.0013099528359662748,3.805851745179823e-06,0.3659786574747984
13,7.408651079124045e-05,0.0014008057175935878,0.00013844933435749204,0.0018702833219338057,0.0004927966094166623,0.0014698661596337262,0.0011787596054273618,3.782979130511577e-05,0.007876297593794606,4.5209188433614456e-05,0.0004986439357012549,0.005467766205661561,1.8403687513739925e-05,0.01102235540349453,0.007608949832682317,0.00011062825143062709,0.1311441001186575,0.00429049816688963,0.00046496277558526596,1.8300865994100507e-05,0.26666877358885843,0.2059421888553779,0.001032268431275019,6.226532700265705e-06,0.3511215495154906
14,7.468522347981151e-05,0.00652854607001374,5.204670855646012e-05,0.0027300836529243594,0.0015197641659213824,0.0013844274833694486,0.0022689978095955495,6.261400763631372e-05,0.007037776150207433,9.457496402750062e-05,0.00171752707498251,0.006183439304047919,9.418192696597328e-06,0.047370427230987396,0.008655775653006783,0.00012439289124771525,0.12942294666258955,0.004052750252522082,0.0008804062071916754,2.8375739986288206e-05,0.1808131300448505,0.2768460868821689,0.0025777324155968682,8.287843424631862e-06,0.31955578736896856
15,5.1315092445007764e-05,0.0011473955820111273,0.00012142394827564581,0.0022733282714061565,0.00047278629169472886,0.001237749352322381,0.0012780113343210595,4.8751736023238614e-05,0.006574457420229027,3.129535865363049e-05,0.0009042406804019644,0.007736198648222948,1.801421443096893e-05,0.015868566294151752,0.0074881564875488,9.803309465161883e-05,0.12905303465331766,0.0035512596125181098,0.0004061728293778305,1.6272857009224186e-05,0.26389163306365515,0.25307984923520077,0.0013911307586710181,6.476632666316196e-06,0.3032544465507938
16,0.00010476547705659197,0.0015681476233684846,0.0002537251670820427,0.0030442405658380354,0.0009182251445638592,0.0027639326725249066,0.0013941613544430668,6.262665483295799e-05,0.010163239386803524,2.8725981048035568e-05,0.001956356002569713,0.00629354325772597,2.4895607937314532e-05,0.019028543143859336,0.00909514951013116,0.00011425142538120517,0.18565707423250188,0.004363693205327509,0.0005959140173077735,2.2491922606830982e-05,0.19267988661520527,0.19559740625745187,0.0022677234849051418,1.3223170491352912e-05,0.36198805811903617
17,8.113217487610017e-05,0.0015370249482445073,0.00020320428597344912,0.0022487471577370462,0.0005428885192984999,0.001919584924029423,0.001523095550348583,5.650724105892211e-05,0.010538941969333337,3.9307174427027104e-05,0.0009616023119744417,0.0075075446226024,1.8763763358686175e-05,0.012622055687342794,0.010488243938349802,0.00013403237268440243,0.10666681637249945,0.004142705868273358,0.0006623581691163139,1.6410521429047757e-05,0.28584155922864657,0.23312457646053442,0.0011804707299117746,9.120862415772733e-06,0.31793330514553375
18,5.481397240412043e-05,0.0012826697994633327,0.00014133426772886286,0.00249605255831831,0.0004988618476397003,0.001402910409709369,0.0013892444445393023,5.7626526234373894e-05,0.007515281242648637,3.3034504986286195e-05,0.0010540953991443284,0.008239234840895589,1.8363076015965224e-05,0.01584854246576035,0.008398432281486942,0.00011351312825885165,0.123025169234529,0.0034853233058311523,0.0004898239041347264,1.7035504900785022e-05,0.2713469833495566,0.2645084857897164,0.0014832733867797187,7.648940349535949e-06,0.28709224581896786
19,3.374821584795589e-05,0.0009989248390543171,0.0001235702375435494,0.002531699678253797,0.00032139882201883714,0.0006481615494878311,0.0019022632779655026,5.089751625372183e-05,0.006439593696464067,2.8831527926135308e-05,0.000630268516109877,0.014312445874821054,1.898552858788418e-05,0.012407214647762147,0.007391497054525879,0.00010058473240146444,0.0813447043803832,0.002367705102756431,0.0003024291604413582,1.2816964939038456e-05,0.30328463027863223,0.2882822013274508,0.0011087163823745422,4.693321262059769e-06,0.27535201736673637
20,2.448298511811717e-05,0.0006456435304324009,8.719732053498588e-05,0.0018669889681533242,0.00025542988429243067,0.000749252774813284,0.0011212953954363477,7.079696460759265e-05,0.005158105383087363,2.0661747981875694e-05,0.0008959965382543851,0.008350113500159328,1.1557580964933014e-05,0.011120859429209509,0.012596554667241005,0.0001094669297201209,0.08901351683305621,0.0026795045100286444,0.0003422451048298864,1.0511335196798117e-05,0.23736112061739537,0.4229878705519328,0.0008393731590281001,3.794097891830752e-06,0.20367766019063324
21,5.590908789627126e-05,0.0014356027191582768,0.00012243441777963927,0.002896930964506472,0.00040740310670103383,0.0011491694177864673,0.001480683462703791,6.334442099000728e-05,0.008205110880012852,4.0791142557327254e-05,0.0007920075324484347,0.011064502701453028,1.8930856926967875e-05,0.02176535288530288,0.007414348531449304,0.00014445214722584829,0.09530414174292069,0.004245074953208702,0.00042074509374851794,1.7534070152458314e-05,0.28493648230704305,0.2719126550174714,0.001073825100777182,6.221038624797283e-06,0.2850263464011546
22,1.9432401118055854e-05,0.003901043841198258,0.00014987438724887496,0.00480426403186687,0.0006929006928589921,0.0009074959454147013,0.005747220812914938,7.864893650385517e-05,0.010123690915361179,5.2253926969585756e-05,0.0009590374591247644,0.034949137450231274,2.2048828428353382e-05,0.02642313514854471,0.010742334437202947,0.00015445666401847413,0.03349173025639197,0.0005385582629165008,0.0006258891395268843,2.2893979508404348e-05,0.3933973265127988,0.1828798170352578,0.003960007776570003,7.590437360403577e-06,0.28534921072066344
23,5.1315092445007764e-05,0.0011473955820111273,0.00012142394827564581,0.0022733282714061565,0.00047278629169472886,0.001237749352322381,0.0012780113343210595,4.8751736023238614e-05,0.006574457420229027,3.129535865363049e-05,0.0009042406804019644,0.007736198648222948,1.801421443096893e-05,0.015868566294151752,0.0074881564875488,9.803309465161883e-05,0.12905303465331766,0.0035512596125181098,0.0004061728293778305,1.6272857009224186e-05,0.26389163306365515,0.25307984923520077,0.0013911307586710181,6.476632666316196e-06,0.3032544465507938
24,5.7241081989888386e-05,0.0016876067775704836,9.121202785563827e-05,0.00322087711893967,0.00044462614851890263,0.0011678578282159854,0.001110492444824677,4.867950842627609e-05,0.005791391492258791,4.147304165011293e-05,0.0008204862501572827,0.008098564869136023,1.7575504697434175e-05,0.028031116544324424,0.004975569604198168,9.272705426543577e-05,0.14820849969781086,0.004372397676570862,0.00037567756828831494,2.0207653935298217e-05,0.23510111548260734,0.2519314410105366,0.0015990418268228834,6.3241520250729815e-06,0.30268779763437353
25,3.0221043192290064e-05,0.0010688803006491427,9.615161380540869e-05,0.0044071852817991735,0.0005141757793961988,0.0012077394351899249,0.001678990950137828,0.00016730661700167462,0.005018550937858272,2.6161530429476674e-05,0.003317806851894146,0.010868764772394656,1.230134212293516e-05,0.04252284467509552,0.0069211659438167365,0.00013526223292345573,0.12572722205361006,0.0032637520609152537,0.00044244450579893996,1.644864044679298e-05,0.23744072579974168,0.39266266889018064,0.002421369861194006,7.846773339053808e-06,0.16002401210706668
26,0.00017597369405328905,0.0013837530223583274,0.00025710500664527774,0.0025384781963042765,0.0007158410408543742,0.0024295178851749416,0.0009098127410017334,3.2253344358915865e-05,0.009222726933296083,3.6108761821633914e-05,0.0011806742529173954,0.005572480584121965,4.0385840145995546e-05,0.010543619259919715,0.0032381021386389606,7.964960899651161e-05,0.2383275685622958,0.006524048481918652,0.0006915686142006209,2.671859964806007e-05,0.27054977498690846,0.15870127067156853,0.002430785596659891,2.7891463716597633e-05,0.284363890712474
27,3.7620765105078444e-05,0.0008982456521328396,9.09125946199648e-05,0.0020423896704478387,0.00035236965859768073,0.001015874368159074,0.0010289161792507542,5.2076828634846145e-05,0.006175539592074838,2.4055254575330837e-05,0.0009181602358604203,0.007274117902709561,1.4401839803408453e-05,0.01382304168993982,0.008671512092811636,9.819900112560257e-05,0.12151996073361555,0.0033797980630330344,0.00038904045400189034,1.2943168459536252e-05,0.24607070982233764,0.34941264127486726,0.0010773076650230802,5.450266110821209e-06,0.23561471522670255
28,5.1315092445007764e-05,0.0011473955820111273,0.00012142394827564581,0.0022733282714061565,0.00047278629169472886,0.001237749352322381,0.0012780113343210595,4.8751736023238614e-05,0.006574457420229027,3.129535865363049e-05,0.0009042406804019644,0.007736198648222948,1.801421443096893e-05,0.015868566294151752,0.0074881564875488,9.803309465161883e-05,0.12905303465331766,0.0035512596125181098,0.0004061728293778305,1.6272857009224186e-05,0.26389163306365515,0.25307984923520077,0.0013911307586710181,6.476632666316196e-06,0.3032544465507938
29,5.1315092445007764e-05,0.0011473955820111273,0.00012142394827564581,0.0022733282714061565,0.00047278629169472886,0.001237749352322381,0.0012780113343210595,4.8751736023238614e-05,0.006574457420229027,3.129535865363049e-05,0.0009042406804019644,0.007736198648222948,1.801421443096893e-05,0.015868566294151752,0.0074881564875488,9.803309465161883e-05,0.12905303465331766,0.0035512596125181098,0.0004061728293778305,1.6272857009224186e-05,0.26389163306365515,0.25307984923520077,0.0013911307586710181,6.476632666316196e-06,0.3032544465507938
30,5.1315092445007764e-05,0.0011473955820111273,0.00012142394827564581,0.0022733282714061565,0.00047278629169472886,0.001237749352322381,0.0012780113343210595,4.8751736023238614e-05,0.006574457420229027,3.129535865363049e-05,0.0009042406804019644,0.007736198648222948,1.801421443096893e-05,0.015868566294151752,0.0074881564875488,9.803309465161883e-05,0.12905303465331766,0.0035512596125181098,0.0004061728293778305,1.6272857009224186e-05,0.26389163306365515,0.25307984923520077,0.0013911307586710181,6.476632666316196e-06,0.3032544465507938
31,0.00013493820283666806,0.001830985798505749,0.0002930198778528709,0.0030147122582594122,0.0005386448868260607,0.0015659103109473894,0.0020440352125467506,0.00010618941217166882,0.0064690305632484684,6.85863764528082e-05,0.001031987351436363,0.008378061577914687,1.9793927974357555e-05,0.019224433166591733,0.0061548973734602205,0.00010231520791505739,0.1298151210867751,0.005623356642552455,0.0006981349554692281,2.0269135765650084e-05,0.2504359133589019,0.21636673515140178,0.001958248218630718,9.490972609730412e-06,0.34409518897295327
32,5.683049149579417e-05,0.0012241856489228042,0.00012407793522579668,0.002098283988440387,0.0004689061359044814,0.0013196288556568108,0.0012561791593345437,5.0618261939538035e-05,0.00700297681674981,3.2000624620490074e-05,0.0009296234597664645,0.007829550219952807,1.904643654232762e-05,0.014945278317505644,0.007829518747318196,0.00010150269154051174,0.13001691111986718,0.0036007332684720107,0.0005144571146145105,1.593155545595472e-05,0.2662307324049447,0.2667862309667336,0.0013303951434005773,7.236538046799974e-06,0.2862091640975483
33,1.922016093086659e-05,0.0006987190860738825,3.746089602114811e-05,0.00261761915888493,0.0003326610529142807,0.0011231656096909839,0.0005787034493304343,6.505405370247461e-05,0.002354817145748887,2.9894009626116892e-05,0.0012745785529487,0.004487674603321521,1.6896784597301102e-05,0.02971936322388081,0.0025708862411265377,9.341873323898935e-05,0.2630530395412679,0.0029455516188936614,0.0003724231053340915,2.0183380420814204e-05,0.20819514687090193,0.36097781461853123,0.00232227336328043,6.782044778455626e-06,0.11608665269455351
34,8.047077146620181e-05,0.0014607356126322701,0.00015780711028415886,0.00198708324794395,0.0005250572835031372,0.0014517017096066394,0.0013891377881820512,5.5082341138205526e-05,0.009339172037255433,2.917937265923327e-05,0.0010419449702826701,0.008808901357419699,2.115443556351241e-05,0.014264066261501578,0.008881218586231945,0.00010268143020983725,0.12433674551191744,0.003950774136991551,0.0006699932647219316,1.4653820325595994e-05,0.26063573578823357,0.26363671948129114,0.0011615485217440454,8.37240335148446e-06,0.2959900627555428
35,0.00015450349460890717,0.0010157697191263816,0.00018811536893514766,0.0021791050974796773,0.0002815311384387735,0.0008764599331982838,0.001383170128471659,6.0343447298363945e-05,0.009704595835192877,3.651103534450932e-05,0.000533374877966369,0.009631515987937883,1.865957291025427e-05,0.00946171908659443,0.004980694301567653,8.664986742975745e-05,0.10696684085849074,0.010541756825876198,0.00048354669222976473,9.977429110268131e-06,0.26629754299296404,0.2847852788402813,0.0005757379773291542,7.429677569214529e-06,0.2897391698136483
36,3.505178264523697e-05,0.000619322927149507,7.005039797443832e-05,0.0014256941260391018,0.00020606514407090274,0.0003886982735059266,0.0012754463863795587,0.00010282624544958205,0.005199659487143896,1.4381024385707344e-05,0.000675709143198486,0.018427283463154344,2.216889761793264e-05,0.013193299435347075,0.010403953136586383,0.00012680504948395374,0.09612099555942483,0.0025305440107625944,0.00044975913004751837,9.094731309858741e-06,0.16399550627157353,0.49005976166446286,0.0004148085845831559,2.596298172661891e-06,0.19423051882953105
37,0.00013388867518324162,0.0014711419227494953,0.00022337211147402421,0.0029830118588046886,0.0004383894604938821,0.00118349801692634,0.0015265356183126373,4.015575343185066e-05,0.007498859990659606,4.9756453476417817e-05,0.0008298146262123307,0.009282310728758809,2.3880380094639175e-05,0.011979281259711143,0.0038022278284169206,7.373282336882098e-05,0.12924158928499943,0.006610038370553828,0.0004998042291239155,1.8363702747187713e-05,0.2768424983346014,0.21314639293166723,0.0018660123696979225,1.5039553816859191e-05,0.3302204037147173
38,3.0042818072956458e-06,0.0002658385677948953,1.1368183123775216e-05,0.005063884436554676,6.950784472550799e-05,0.0001216900081939838,0.00024027961081528367,2.6673023702583082e-05,0.000670578679601209,9.284002504217048e-06,0.0005741064682800582,0.006320284362966052,6.4328828037654495e-06,0.020678260890994435,0.0007948728732276979,2.0514131847682946e-05,0.2289079165307326,0.0015215343883205582,3.7001485261846765e-05,1.5212356258958146e-05,0.23905537641668975,0.41080583472855836,0.0023217279446624004,1.7952663392646923e-06,0.08245702063423299
39,8.406005792070474e-05,0.007037714544568775,6.0196803041865485e-05,0.0040094776520411,0.0008926649378903755,0.00045014933874265556,0.0021846059957097872,2.723589887090989e-05,0.007923525092199759,3.4859091589663404e-05,0.0015874244514081852,0.01580537781136649,6.9808980031346215e-06,0.06350503429258277,0.006581585048462387,4.990755135085143e-05,0.05939044295156171,0.002905008850791709,0.00027727089565965574,1.7830503013485347e-05,0.09506934501290841,0.24993616252007173,0.002908730683742448,6.456696802615113e-06,0.47924795241969875
40,6.178482822364986e-05,0.001343865909876438,0.00018349487052865803,0.0015065863741402573,0.00047871793954276805,0.0010206278456277547,0.0019375438931146535,4.334982856354304e-05,0.008681758934927498,2.3187113973522697e-05,0.0007858894389631249,0.01157824123976693,1.7531135381075452e-05,0.01426874875054626,0.012681895021092234,7.217898487879556e-05,0.07266734275125428,0.002471459518730964,0.0004195792960994797,9.716926834745443e-06,0.2219856298632528,0.2221185434829647,0.0009545272284673863,4.2609508385089085e-06,0.42468353787241003
41,0.00012789741226513352,0.0018086132105569169,0.00027029156389115125,0.0018802625194798814,0.001917511761395161,0.0019074431116513318,0.0027031874629263953,6.529367794687327e-05,0.02087441871229921,2.3793180902931965e-05,0.0012714499779519807,0.008309745274775715,3.0118469883920278e-05,0.012071654237684583,0.024617483442324648,0.00024401671439157322,0.10045969216671764,0.003523404581622834,0.0004464800578026254,2.290255465842571e-05,0.17954247924770456,0.15584698762047122,0.000921636562761399,7.577365277126219e-06,0.4811056591126567
42,1.9156513437329468e-05,0.00044974556855963073,7.805448401050401e-05,0.0015874156772034075,0.00012871676487639493,0.000819702510779699,0.0007089925198491485,8.310875302509191e-05,0.004351398802058776,2.4137169866456028e-05,0.0005976677770149334,0.0075558622615083,1.5622078215839957e-05,0.005970522648606217,0.008109178896081327,0.0001518402747563958,0.09512582771508711,0.002328784215856274,0.0006361108408989586,1.0567836620181973e-05,0.3011036249871549,0.466069374725622,0.0006260188750141564,5.189811122301355e-06,0.10344337829277478
43,3.621337347486404e-05,0.0009173497134835325,9.84586931280841e-05,0.0019971387885412534,0.00035617734290807336,0.0012971013753434318,0.0010022156657215836,4.549410976501891e-05,0.0050761730950095426,4.2162732812027105e-05,0.0006372427817856252,0.005470730384220554,1.5811293624991978e-05,0.013302270125106114,0.006231665424958184,0.00010275680708415172,0.13160387376288166,0.0035353847770565744,0.00039042105528111606,1.717953538784234e-05,0.31707389377082357,0.26248735921325433,0.0013048048596736854,5.771051218190851e-06,0.24695235026745593
44,5.1315092445007764e-05,0.0011473955820111273,0.00012142394827564581,0.0022733282714061565,0.00047278629169472886,0.001237749352322381,0.0012780113343210595,4.8751736023238614e-05,0.006574457420229027,3.129535865363049e-05,0.0009042406804019644,0.007736198648222948,1.801421443096893e-05,0.015868566294151752,0.0074881564875488,9.803309465161883e-05,0.12905303465331766,0.0035512596125181098,0.0004061728293778305,1.6272857009224186e-05,0.26389163306365515,0.25307984923520077,0.0013911307586710181,6.476632666316196e-06,0.3032544465507938
45,4.986981846911506e-05,0.0007511642967249178,0.00020423065767346,0.002094543332290818,0.0005353312196400109,0.0016692473415273747,0.0019243679542097812,0.00015646346191252857,0.0103267444062825,2.3613901868491067e-05,0.0017744229929453144,0.009261753979061099,2.0384324990709694e-05,0.01008515743266826,0.027696090674240968,0.00028439512216737756,0.09685333302002437,0.0034276197379163684,0.000699075973128919,1.526272072723728e-05,0.2104777283879424,0.39161342541700916,0.0008151866599757278,7.3710120330177065e-06,0.22923321615457015
46,1.148886651607349e-05,0.0002226769560991533,2.8815218325945953e-05,0.0015811044645733215,0.0001279935323119624,0.0007773167290447595,0.00017772632657291429,2.0678072329910813e-05,0.001533634916833126,9.667709306631914e-06,0.0005363259847636679,0.002667957229724207,1.847492588518857e-05,0.008160311069725005,0.0021184826371526927,4.447150367807541e-05,0.37250808292375076,0.002131777897609966,0.00017765728942704083,1.2835518609371923e-05,0.20151546578018958,0.2955086647884695,0.0010890612003974743,4.017215607316248e-06,0.10901531124309627
47,5.408704705318101e-05,0.0010028039892574427,0.00011189968814614145,0.0018293915509296538,0.0003929824452920643,0.000954073133203715,0.0011807414265515225,3.980990350237202e-05,0.00656638980498334,2.7814653443741887e-05,0.0006481261702701004,0.008510929246517201,2.039540935220989e-05,0.011837831319920472,0.0071555209696077425,9.439375684552369e-05,0.12439609122876188,0.003484921235956794,0.0003931716308425609,1.4468861059744594e-05,0.2650679477066215,0.2618112275284701,0.0010212336606583753,5.739382498325126e-06,0.3033780082502543
48,6.0690050298884026e-05,0.0024387277700721795,8.723913363402465e-05,0.0018718381981646806,0.00042057633612273217,0.00214635292225997,0.0008745363195113563,5.8324347291271004e-05,0.005579658508531534,5.179327023932738e-05,0.001249397651435445,0.00524744931100607,1.7815408739281412e-05,0.017857374643434558,0.004516481082244417,8.579810931373147e-05,0.20145111517902906,0.002917175863626145,0.0019537451928677363,1.6652987699929476e-05,0.2515326150608005,0.34199387591419955,0.002093662787838561,1.3708760052380432e-05,0.15546339519158675
49,4.410051466572093e-05,0.0009807049827157044,0.00014273336284624245,0.0027297733306501496,0.0003250166358229703,0.0011734510647063766,0.0012075639234593457,4.349815844177895e-05,0.005925983557069827,3.238698262602419e-05,0.000788794827303916,0.009347258271568371,1.929873933540718e-05,0.015275194071318379,0.0061668925343193425,8.503046958574291e-05,0.11021339206890361,0.003355403412573306,0.0003384142746404181,1.5109621519466414e-05,0.2913566451113988,0.24845346072777072,0.0015257313156439038,6.8316706973224435e-06,0.30044733037041715
50,4.819900721618046e-05,0.0011682054999153444,0.00012175258700920058,0.0017051748531348306,0.0005003721883349526,0.000794043578973706,0.0026160226120571974,6.75895021957719e-05,0.0037682085500220577,5.6709494155032854e-05,0.0006677436280660735,0.009527202417062258,1.5329269455539473e-05,0.01954201075400787,0.007445375917165009,8.348175490412772e-05,0.09087726156464458,0.0028169340896545777,0.0003773314107016739,1.450414941823781e-05,0.22821268337902081,0.22513176022613912,0.0016085077794608857,3.7645238251968975e-06,0.40282983126345984
51,4.315742569933138e-05,0.0005138817416401878,0.00013898571086419783,0.0013289796105187812,0.000844636245828812,0.0016054867780975835,0.0014434713494958142,3.832445313116897e-05,0.005709377028246861,2.675799849407867e-05,0.0008919447181469028,0.005440967285294801,3.2045787842219776e-05,0.009682571322955198,0.007650386162216906,0.00012548257623162757,0.15938607493935478,0.002989396674799447,0.00029926070624273143,2.103640457711302e-05,0.3010064543800609,0.15486672354279565,0.0016123085951753756,7.318460218551351e-06,0.34429497010207094
52,0.000115074365074077,0.000384417418047383,0.00011599387117725803,0.0009515836053385091,0.0005182413836992787,0.0045630541830168295,0.0005382758107666643,6.999664682890535e-05,0.007625427089509662,3.264674349119891e-05,0.0013379644818928376,0.0014018991172157302,1.0176270833862055e-05,0.02059550473658167,0.018110874909727594,0.0001673506637048184,0.16921697398043883,0.027259457729208916,0.0003662269236365234,1.1041238766539265e-05,0.10067475789891187,0.2698871465043061,0.00036074504896933064,4.505722397490759e-06,0.3756806636564581
53,3.0002518056800426e-05,0.0009251985497103724,0.0001296674054058422,0.002277545429256208,0.0006730166452205787,0.0007668578235292598,0.003185037558425736,6.498473756782817e-05,0.00603598399779698,3.0154602082669294e-05,0.0011668767294302745,0.012824651769863868,1.6726519834026687e-05,0.01479218708641113,0.011933149565971732,0.00011505216396969043,0.07448366112400653,0.002046551307615476,0.0002740282723521772,1.5212685265136146e-05,0.26593103294843684,0.2510182069978496,0.0018473793821160895,5.114305153965531e-06,0.349411719874671
54,7.144445406409516e-05,0.0021015566467401906,8.64306860564509e-05,0.0013347781818743775,0.00045620658625078784,0.0007292569906250415,0.0012881393354859242,2.1401224791453522e-05,0.00628095102724955,3.351504212734835e-05,0.00031002056633846103,0.0073367722102483405,1.1028721036270748e-05,0.019000215000005594,0.009121325446411047,5.873115403680628e-05,0.06600354905347112,0.0027428692171819887,0.0002478951597602044,1.1069080550282026e-05,0.13653315385468937,0.14816709712180373,0.0007113014513184148,2.153548211534114e-06,0.5973391382396717
55,9.214000934897841e-05,0.0010517122316133051,0.00017179078829132683,0.002346184666731301,0.00028366811040307795,0.0007112906296747749,0.0016502025934576278,3.164008764107913e-05,0.01815470506247861,1.751193673614856e-05,0.00046370473217177775,0.02389689038222613,3.7873217710443784e-05,0.007675297669829084,0.0072298838902720075,0.00010133161078403794,0.06389228205533831,0.004777021154191035,0.00039456980140975285,9.448354158553805e-06,0.30729129653317194,0.23660310062881576,0.00045979775265238255,7.876734028556682e-06,0.32264877936686404
56,5.179035675837313e-05,0.0011058157836523887,0.00012003982394838963,0.0022076095323822213,0.00045755508097918685,0.0011865340452616828,0.0012726991965157505,4.717153920696348e-05,0.006568532183894462,2.9651633653755712e-05,0.0008849763557418157,0.008485323143122333,2.075031675162748e-05,0.015598493004240108,0.0072878689098285114,9.45477664907514e-05,0.130416328061363,0.003459445969582586,0.00041594337220064145,1.615155798231887e-05,0.26326405222285626,0.25308573711325816,0.0013475309991096826,6.609185697574962e-06,0.3025688428455215
57,0.00011153041680809205,0.002245191104248206,0.0003194245242307049,0.004858677893014685,0.0017010042603081,0.008712574248774958,0.0017333035437352721,7.196026969404682e-05,0.009479603369686802,5.3581136644099804e-05,0.00499840679669752,0.0017509075036898775,3.993589810312435e-06,0.04807830552703811,0.011716439572652318,9.759497304803375e-05,0.11064893078851497,0.008828092510303216,0.00035572349468691736,1.478117046540987e-05,0.2122313737619808,0.12274926709965553,0.004085702417449884,1.3519983971616069e-05,0.44514011004289056
58,6.503965733737033e-05,0.0012366235509678571,0.00014427790320451284,0.002476098071225741,0.0004919297263958589,0.0013628068723919417,0.0013957803654142107,5.120224612864179e-05,0.00768192501150473,3.119498640767075e-05,0.0010990210158655855,0.009601116412161197,2.2922410688085765e-05,0.015290955801182803,0.006845966723446706,0.0001002870966484368,0.1267965990793348,0.00381826122163293,0.0005315479164827085,1.6579851223758145e-05,0.2784974790008575,0.2551624886555777,0.0015752235707439137,9.83112538985e-06,0.2856948417277855
59,6.22582148572503e-05,0.001211552657161217,0.00016742577037242773,0.002564895275936843,0.0004981608769432725,0.0014048172445700888,0.001447309264810464,5.2880128063127684e-05,0.0077713761686518295,3.3233465807088436e-05,0.0010699070565855725,0.008957484884121196,2.149299021789163e-05,0.013815182990975169,0.007276962395688631,0.00010576804416021956,0.12091198313228557,0.003638577203744423,0.0004958736815463131,1.7829308033602967e-05,0.29556223261131287,0.2461694768047901,0.0016517826231415833,9.890599741997732e-06,0.2850816466064812
60,5.1315092445007764e-05,0.0011473955820111273,0.00012142394827564581,0.0022733282714061565,0.00047278629169472886,0.001237749352322381,0.0012780113343210595,4.8751736023238614e-05,0.006574457420229027,3.129535865363049e-05,0.0009042406804019644,0.007736198648222948,1.801421443096893e-05,0.015868566294151752,0.0074881564875488,9.803309465161883e-05,0.12905303465331766,0.0035512596125181098,0.0004061728293778305,1.6272857009224186e-05,0.26389163306365515,0.25307984923520077,0.0013911307586710181,6.476632666316196e-06,0.3032544465507938
61,6.22161612374588e-05,0.0012030835078365762,0.0001636838621236581,0.002496259393918238,0.0004960672946027908,0.0013567482436413654,0.001463801873901786,5.245594654164673e-05,0.007637462853794799,3.2981775604633315e-05,0.001045630342106475,0.00916655623203965,2.2348242463952124e-05,0.01380320905891426,0.007328708058628086,0.00010343364901213255,0.12076207539321039,0.0036282525190335846,0.000492568952101762,1.7591568078470445e-05,0.2909144780868642,0.2470373608078869,0.0016131658763910465,9.605675722736915e-06,0.2890902546243433
62,5.1315092445007764e-05,0.0011473955820111273,0.00012142394827564581,0.0022733282714061565,0.00047278629169472886,0.001237749352322381,0.0012780113343210595,4.8751736023238614e-05,0.006574457420229027,3.129535865363049e-05,0.0009042406804019644,0.007736198648222948,1.801421443096893e-05,0.015868566294151752,0.0074881564875488,9.803309465161883e-05,0.12905303465331766,0.0035512596125181098,0.0004061728293778305,1.6272857009224186e-05,0.26389163306365515,0.25307984923520077,0.0013911307586710181,6.476632666316196e-06,0.3032544465507938
63,5.578251542690201e-05,0.0014627764979244194,0.00012127154610137824,0.0022926945536338623,0.000496347831409434,0.0012283206346094754,0.0012877962181723857,4.5997580024743364e-05,0.006818536581117395,3.440137712122941e-05,0.0008592493273065062,0.007817507596147074,1.760398240320809e-05,0.016510247291782982,0.007528780218393568,9.450968527844731e-05,0.12673522060646292,0.0033371992701650907,0.00044986911603883575,1.7136638634655917e-05,0.2613883083975942,0.24888148048077244,0.0014572630585127531,6.587975192184513e-06,0.3110551110197739
64,3.77404393422215e-05,0.0009852079982951417,0.00010070608898521791,0.002091487919781226,0.0003726513010944588,0.0010650255150314017,0.0011015874385343,3.80317218163736e-05,0.005621742129025021,3.085515493343738e-05,0.0006617043506183718,0.007466176404404837,1.7564346291379052e-05,0.014165184743399586,0.006178793140102931,8.273025728215485e-05,0.11884490268667253,0.003073583290441822,0.0003337500174157206,1.527171723428598e-05,0.31672754988238766,0.24020358246625848,0.001301704458827971,5.508802332281128e-06,0.2794769577294912
65,6.370645726032577e-05,0.0011801507143478639,0.0001206134648442105,0.002143345520599574,0.000517738254289007,0.0012712669412509308,0.0011904712312161005,4.565728974504405e-05,0.008470865222601896,2.407425430828154e-05,0.0010554987206405323,0.008431227267645596,2.111299123083161e-05,0.01460724876769995,0.007919129900008957,0.0001024960093846387,0.13977460246706092,0.003959516512551912,0.00047415416379109496,1.5100258289767268e-05,0.24159314199665946,0.2738742496624786,0.0012041648393654426,7.800346948073076e-06,0.29193266674578094
66,8.933854420760884e-05,0.0006867525374414996,0.00023968521130096718,0.0010044417379032992,0.0010198307145344644,0.0026797433140106595,0.0009622132321540342,2.078715019643488e-05,0.006038031981557485,4.4078718901962076e-05,0.0007102951762574315,0.002544758694209777,3.7682986295018255e-05,0.004490382475715434,0.004884123421892071,9.427391235116003e-05,0.20693627703078143,0.0037156222317512883,0.0004736775557759777,3.290280345106261e-05,0.35905565855324856,0.09734959537447839,0.0020605189565493275,1.7868387780532917e-05,0.3048114592972541
67,6.24797438797498e-05,0.0014046853876153937,0.00013111889657514862,0.0020325917715570646,0.000513885520873481,0.0010558335144716898,0.0015763146112613856,5.3758840215153626e-05,0.008043820936007895,3.040571560443696e-05,0.0009107499342202869,0.008991519601838652,1.6480910688297473e-05,0.013970507475795316,0.009295637915554215,0.00010190755757687008,0.1098739108583382,0.0035045569210813018,0.00048744251276407457,1.4311280720533356e-05,0.24898627592827982,0.27778957022678763,0.0011500829098012528,6.220268729214045e-06,0.30999593075976306
68,6.048800506061018e-05,0.0011375269701602078,0.0001803046750254398,0.003365533422793387,0.00033290301320643243,0.00126683355838433,0.0012929476876784858,4.908844306943624e-05,0.00630101105801767,4.055828134442689e-05,0.0007914453427482255,0.008953074857617557,1.7645697152218358e-05,0.016109146001372122,0.0041811718419746445,8.571769182559131e-05,0.11308136656476939,0.004274854632612482,0.0003587397877826617,1.582483446029842e-05,0.33868154059539335,0.2198439301767929,0.0017351467463349306,8.646557270256814e-06,0.27783455355715286
69,5.830371317747816e-05,0.0010927615001327883,0.00010235641008045212,0.0018336857489532,0.00042037822609789296,0.001074939517518958,0.00110003363244774,3.891625855511875e-05,0.006631661628159289,2.8783684294767106e-05,0.0006451547019587318,0.006947460487111387,1.738132299034125e-05,0.015077233182124622,0.007151885788895275,8.624486659730384e-05,0.13588045646469712,0.004184413464748461,0.0003577915591887017,1.3662980682546623e-05,0.22302118793787246,0.25228471304346944,0.0009391294262456237,4.689258110515071e-06,0.34100677519588973
70,4.8532698208084274e-05,0.0011843928420006901,0.00011390163804988896,0.002170627021316273,0.0004708208138264014,0.0012784432701547646,0.0012424578357877166,4.5154002822364875e-05,0.006546212050974004,3.096356236162921e-05,0.0009373014398231078,0.007528061879742226,1.7428610978140137e-05,0.015191707154459706,0.007244284059583936,9.202183285870588e-05,0.12773152771393828,0.0033368788529183064,0.0004496214882571368,1.552446697446566e-05,0.2804030577168078,0.2561067250873704,0.001479399733699653,7.027906029435903e-06,0.2863279263210569
71,5.315131902819802e-05,0.0007774980402593958,0.00015063787493888416,0.00203671939624801,0.0002803721926293833,0.0015978325201296494,0.0010290476733228334,5.517113480844136e-05,0.007336500535138856,2.1051333315340588e-05,0.001147818674747082,0.007442656739020679,1.5008640834384035e-05,0.012566959112856501,0.008219678877438531,8.635667909673644e-05,0.12081668744933727,0.004385664529730078,0.0005412796832169744,8.005558791922355e-06,0.2613756475483289,0.32981360041542457,0.0009088841290639675,6.8393402107803925e-06,0.23932693060208263
72,6.101989562644845e-05,0.0004946985942928464,0.00024790997149825737,0.0021866783889774723,0.0002862024256865609,0.001862111566480145,0.00145863861633492,9.981485557152367e-05,0.014132144555110686,2.0931412508927648e-05,0.000989649730472532,0.011298042799871628,3.1796918603080496e-05,0.00879865067355346,0.009389468529786815,0.00021699916201721738,0.08370606406741014,0.006283049358757375,0.0005662129954037382,9.70960872071739e-06,0.4140860875971398,0.27814940931501964,0.00040187813747015266,9.012475573399918e-06,0.16521381834811255
