,0,1,2,3,4,5,6,7,8,9,10,11,12,13,14,15,16,17,18,19,20,21,22,23,24
0,1.1580900194376471e-08,1.0974334637576652e-07,0.00021021590577763812,3.941330157797772e-07,9.234702858074593e-06,0.0010582118128107016,1.937858136857435e-06,3.6425891000134056e-08,0.00044626733351784596,5.476595971358195e-06,7.741396582110272e-07,0.00010542990909479193,1.4783898353532894e-11,6.966289592931204e-09,2.4833455123326912e-05,1.7528794939345895e-05,2.4570581649966662e-05,3.052219210046319e-08,9.314326071589904e-08,1.1670019451584377e-08,0.9890919406471821,3.700733116452438e-05,0.008958487235067626,9.523612452793673e-08,7.294261223957095e-06
1,1.5561358351181052e-08,1.7323548428651843e-07,0.00035527635930876386,3.2424691296638045e-07,1.5752369663516433e-05,0.0011220783988326844,2.103824522625259e-06,3.552482209269316e-08,0.0005923327708643928,6.589288010186917e-06,9.560285439991225e-07,0.0001075012954806689,1.4262610236229978e-11,8.244970066907236e-09,3.1421862381892584e-05,1.7126459605407862e-05,2.681891813388837e-05,2.2156494437163023e-08,1.6037779566976534e-07,1.0405042037712168e-08,0.9896984033357483,4.5154210796647744e-05,0.007967301415507614,1.0092684250326473e-07,1.0332768614606073e-05
2,1.1561813692791819e-08,1.9996016896841579e-07,0.00026790849972760145,2.4466970613034077e-07,1.766487122039017e-05,0.0006408072157824868,1.3764823545802805e-06,3.6370019151560416e-08,0.0004560366161611047,6.477827935630978e-06,1.822685912420077e-06,0.00014653495244045808,1.1471581302817101e-11,1.7655071029272156e-08,6.946369874980844e-05,7.609434672075423e-06,1.9818196139571292e-05,2.9814368504102834e-08,8.337744572549388e-08,1.7443123493025293e-08,0.98878554703172,3.3599922925911396e-05,0.00952838935965763,7.86657586689581e-08,1.6223675653152368e-05
3,1.047248681061404e-08,1.6513671976967006e-07,0.00020692564466811246,2.621465725903375e-07,1.0093001120634601e-05,0.0008909772829608101,1.896852194156113e-06,2.6085873158820086e-08,0.0002912826126019589,4.224812889065061e-06,7.787962630259902e-07,0.00012556087895768798,1.067275055292751e-11,1.0741988415543103e-08,3.209084626360621e-05,1.1647046379642941e-05,2.6047526560839642e-05,2.757575086723733e-08,9.62034867279039e-08,9.750918322238563e-09,0.9902481052428734,4.52803375233748e-05,0.008093178773743059,1.1230000722738935e-07,1.1189920524051825e-05
4,1.1822547534338796e-08,1.7177246322137404e-07,0.00021865384740502999,2.788059002673221e-07,1.0670485251769491e-05,0.0009563128090510211,2.052765945790385e-06,2.8743216261324237e-08,0.00028832335278225474,4.5961441456194024e-06,7.926081925983311e-07,0.00012679742460021477,1.3523277043931072e-11,1.1840424185447797e-08,3.22257866732176e-05,1.3029726046712535e-05,2.811489131897526e-05,3.126623260847078e-08,1.1225108394736474e-07,1.0943224077054403e-08,0.9900740564924106,4.532363477276406e-05,0.008187135250925993,1.312441518598586e-07,1.1126077710287227e-05
5,1.0852263634905e-08,1.857783227980633e-07,0.00016685620323318517,3.286797713719998e-07,8.952829044673657e-06,0.0009917480597112572,1.7500699181946292e-06,2.782010151911676e-08,0.00026790246579934873,3.767603043257218e-06,7.999124303441778e-07,0.00011276379787626441,1.1872666414461408e-11,1.1033548525081927e-08,3.3509908251673876e-05,1.3071210216563563e-05,2.569347036258499e-05,4.1340646442734816e-08,1.0216619957329625e-07,1.0941149568997709e-08,0.9896218135621496,4.56610096423742e-05,0.008694908267058397,1.1514130962361526e-07,9.967866076504985e-06
6,1.047248681061404e-08,1.6513671976967006e-07,0.00020692564466811246,2.621465725903375e-07,1.0093001120634601e-05,0.0008909772829608101,1.896852194156113e-06,2.6085873158820086e-08,0.0002912826126019589,4.224812889065061e-06,7.787962630259902e-07,0.00012556087895768798,1.067275055292751e-11,1.0741988415543103e-08,3.209084626360621e-05,1.1647046379642941e-05,2.6047526560839642e-05,2.757575086723733e-08,9.62034867279039e-08,9.750918322238563e-09,0.9902481052428734,4.52803375233748e-05,0.008093178773743059,1.1230000722738935e-07,1.1189920524051825e-05
7,8.840696400937781e-08,3.8194654752293614e-07,0.0012860903350808662,9.923235569925372e-07,4.1694831411592185e-05,0.0012045942871995133,7.058234501440551e-06,1.4722362325179238e-07,0.0009818881809728174,3.039801480570953e-05,4.200703526803754e-06,0.00029466332899067056,8.044781275781686e-11,3.388490330133964e-08,6.530787653724368e-05,2.9140540060066453e-05,8.650441603328517e-05,3.933602584081897e-08,4.581696365769402e-07,3.647033853197048e-08,0.9857974948267184,0.00012319897261038067,0.010010920892402499,3.263118328813856e-07,3.434040527198726e-05
8,1.5673836381212603e-08,9.733926582375308e-08,0.00039000896861322685,1.862673939218075e-07,9.585088491245416e-06,0.00038656030023021557,2.2172888212278814e-06,1.9894122881654283e-08,0.000195410029431562,7.606865139635358e-06,7.708559029798456e-07,0.0001408004781195599,1.2970820514521689e-11,2.106795509625605e-08,2.5168362045461177e-05,6.546062396928756e-06,3.2191857623821024e-05,1.0816309632031463e-08,6.322751747107267e-08,1.1439449634309425e-08,0.9879478588480815,2.7221439424830727e-05,0.010807809958201542,2.2081984600505508e-07,1.9597038808521286e-05
9,1.3483241735437463e-08,1.6152311772877678e-07,0.0002460874181569153,2.1237061231037096e-07,9.047066367703706e-06,0.0004732686220789766,1.5163428963216827e-06,2.2579458099197938e-08,0.0002579903242177131,7.226417079156683e-06,1.045395582539427e-06,0.00013110743914117125,8.837876272694132e-12,2.0897298400321596e-08,4.791294883626399e-05,5.416364941934465e-06,2.5329902472631213e-05,1.7149698991675977e-08,6.616930471032013e-08,1.0520030281043866e-08,0.9854710168397405,3.3048282596121464e-05,0.013266668153911617,1.6275022054183861e-07,2.263103015990663e-05
10,1.047248681061404e-08,1.6513671976967006e-07,0.00020692564466811246,2.621465725903375e-07,1.0093001120634601e-05,0.0008909772829608101,1.896852194156113e-06,2.6085873158820086e-08,0.0002912826126019589,4.224812889065061e-06,7.787962630259902e-07,0.00012556087895768798,1.067275055292751e-11,1.0741988415543103e-08,3.209084626360621e-05,1.1647046379642941e-05,2.6047526560839642e-05,2.757575086723733e-08,9.62034867279039e-08,9.750918322238563e-09,0.9902481052428734,4.52803375233748e-05,0.008093178773743059,1.1230000722738935e-07,1.1189920524051825e-05
11,1.2373225409687465e-08,1.62011433389908e-07,0.00022214196520102902,2.836175133989507e-07,1.0545995100349752e-05,0.0009760532416602636,2.24315434648281e-06,3.160698788906648e-08,0.00030996943096913234,4.939997147285194e-06,8.18816954586822e-07,0.00013709787753883682,1.4259774648067524e-11,1.160471594135274e-08,3.241002041984378e-05,1.3692261382173877e-05,2.9878418933937966e-05,3.1544605382751675e-08,1.1291451000019014e-07,1.0879505947939274e-08,0.990022057214562,4.835130463043242e-05,0.00817777044682757,1.3364469389788846e-07,1.1239642874988065e-05
12,6.184160594553812e-09,8.833429012564047e-08,0.00011192580202558583,1.2377694348832587e-07,1.5867447844027303e-05,0.000651872563038648,1.9717619896119186e-06,6.724148038585493e-09,0.00017254343891826482,2.06972209277504e-06,4.290905415673477e-07,7.445363388658266e-05,5.959181158965773e-12,1.8444886445630543e-08,1.7582745891366764e-05,6.524835669049364e-06,1.9285320343678212e-05,2.839850160340597e-08,4.4847139754598914e-08,1.0634917253899973e-08,0.986007927097224,1.4505458580656004e-05,0.01288936270243646,1.231930859836666e-07,1.3227835485036608e-05
13,1.4912129524574316e-08,7.54742676295757e-08,0.00032940626571823314,3.0840194512135716e-07,9.254810124803431e-06,0.00018130067813849804,1.243680799168831e-06,4.319230716207946e-08,0.00020179354639328822,5.411837094593393e-06,4.781667849262782e-06,0.0002832491879190921,1.4260362111551547e-11,3.9591939671354805e-08,8.098151294316763e-05,8.510151088134779e-06,1.6506672490619463e-05,2.8817026687764278e-08,3.1830467906949836e-08,2.455803336940934e-08,0.9904948797320879,2.0233890430407475e-05,0.008352013841459166,5.069006624063654e-08,9.81504301992963e-06
14,1.1131326339880575e-08,9.544533752646454e-07,0.00035101822895319335,4.794231477467719e-07,2.497727391562982e-05,0.001441890580715077,9.87461389232648e-07,3.003763557260387e-08,0.0004143837230268947,3.49583612269179e-06,1.8187897403903048e-06,6.415458368031098e-05,1.756905051403311e-11,1.0458404504623705e-08,6.782802101639357e-05,1.6140434731193323e-05,1.9414424991233358e-05,6.668664762937887e-08,3.069430471030535e-07,1.9987360680778056e-08,0.9889602131828864,5.4360312453993e-05,0.008567337426378233,7.8595698780091e-08,1.0021985786434796e-05
15,1.047248681061404e-08,1.6513671976967006e-07,0.00020692564466811246,2.621465725903375e-07,1.0093001120634601e-05,0.0008909772829608101,1.896852194156113e-06,2.6085873158820086e-08,0.0002912826126019589,4.224812889065061e-06,7.787962630259902e-07,0.00012556087895768798,1.067275055292751e-11,1.0741988415543103e-08,3.209084626360621e-05,1.1647046379642941e-05,2.6047526560839642e-05,2.757575086723733e-08,9.62034867279039e-08,9.750918322238563e-09,0.9902481052428734,4.52803375233748e-05,0.008093178773743059,1.1230000722738935e-07,1.1189920524051825e-05
16,1.3996032934807873e-08,2.666756003380363e-07,0.0002408957016758954,3.264625051198935e-07,1.4700353679545159e-05,0.0011920255587520882,2.3635810352038525e-06,3.143439369154415e-08,0.0004809812649402718,5.889525747589467e-06,9.57187925083093e-07,0.00013590003120817257,1.1514137822847244e-11,1.2244047385222662e-08,4.018631784793214e-05,1.175801558231803e-05,3.33328490567813e-05,2.8713877637351363e-08,1.3687089923917853e-07,1.0348275151468157e-08,0.9877610353462644,6.569614997660637e-05,0.00999422986324783,1.340094601414544e-07,1.908748645441516e-05
17,1.816253639059056e-08,1.1606669352361638e-07,0.0002577683931519897,3.398591321026858e-07,1.373386846097209e-05,0.00045888743108291595,4.4510377951675645e-06,3.274204310846542e-08,0.0002771899944020359,3.933621845493491e-06,1.241921787425319e-06,0.00029408984854683266,1.3517972528261525e-11,2.8514671027951358e-08,2.8303091718833632e-05,1.1429010449698454e-05,3.898225186347908e-05,2.394380972672856e-08,4.9050889348806164e-08,1.3194749028795103e-08,0.9904149212737517,5.3731422342494695e-05,0.00812015438469051,1.3156636209636659e-07,2.0429333705977575e-05
18,1.1018541185918124e-08,1.7198557291000884e-07,0.00020531985538035298,2.6306747766329683e-07,1.042729860764235e-05,0.0008942103030711673,1.980347786236325e-06,2.580538733034856e-08,0.00029746803184928087,4.300001353874326e-06,7.927937791128482e-07,0.00012607800532236444,1.0636081078302307e-11,1.1225768621254783e-08,3.230969335808407e-05,1.1365048252469188e-05,2.8167526504091396e-05,2.820283937758116e-08,9.9314284255965e-08,9.787957553826526e-09,0.9899693641354843,4.770460002523494e-05,0.00835750912418349,1.17285684143456e-07,1.2265530893055795e-05
19,1.3588918745352213e-08,1.1722970968226266e-07,0.0003696777853538855,3.526987864523267e-07,1.3430851595820225e-05,0.0014232334106624854,4.786811280154508e-06,5.1817590811704106e-08,0.0004477960160717176,1.1489322262964916e-05,7.721965208603192e-07,0.00025874512939616956,2.2285035388946917e-11,9.331508205168515e-09,2.474759689276029e-05,1.7022653287414403e-05,4.017555169285809e-05,1.9236843297620135e-08,1.0494631591973869e-07,1.40357407118993e-08,0.9904708716749032,7.834971512584921e-05,0.006823733342163322,1.9155293029693701e-07,1.4293482161233293e-05
20,4.947033789302776e-08,1.0251108293999454e-07,0.0005353507605182704,4.5432690503547794e-07,7.025156342743592e-05,0.0015272513687635025,8.901004242295795e-06,1.7831146652101552e-08,0.000822305726543807,1.381993551303319e-05,1.0906355236478756e-06,8.785280821419874e-05,2.935522843982909e-11,2.771060654535363e-08,1.2485548807744156e-05,2.1344064990968408e-05,8.51255226773207e-05,2.8097652102309903e-08,2.529043420289184e-07,2.4222722584372267e-08,0.9754985959137693,2.8482810153010137e-05,0.021250369801180342,3.327260389211891e-07,3.5482705485103845e-05
21,9.080590051549661e-09,2.162973263755496e-07,0.00019417241356835637,1.9184718475883238e-07,1.1682118359176576e-05,0.001340842538041962,2.444534391574639e-06,2.532394444292479e-08,0.00036530055880265144,5.20848384936313e-06,4.932462723227756e-07,0.00010798617020489954,9.83682255158585e-12,7.64850283628524e-09,2.913737194670418e-05,9.556765859360352e-06,3.715085672980697e-05,2.3642173365431444e-08,1.3187839493292403e-07,7.569310497210708e-09,0.9891872646581171,6.493604824454222e-05,0.008626723453427203,1.685651764059301e-07,1.6318919744643573e-05
22,9.634836376054611e-09,9.20611168097868e-08,0.00021266328178729037,2.591791656215708e-07,7.642430266429518e-06,0.0005298173206177779,1.4911838686288203e-06,2.1563530167789414e-08,0.00019729333813695425,4.118307969020233e-06,1.0004530486528516e-06,0.00010359647426048816,1.0324102683350975e-11,9.343006971490686e-09,2.4815212532476666e-05,1.0381883518168265e-05,2.8548682315762367e-05,2.589277278787846e-08,6.516427289090643e-08,1.1719010901957772e-08,0.9915362711464801,3.3451724716737266e-05,0.007300595511103453,8.005572731338065e-08,7.738425613853053e-06
23,1.047248681061404e-08,1.6513671976967006e-07,0.00020692564466811246,2.621465725903375e-07,1.0093001120634601e-05,0.0008909772829608101,1.896852194156113e-06,2.6085873158820086e-08,0.0002912826126019589,4.224812889065061e-06,7.787962630259902e-07,0.00012556087895768798,1.067275055292751e-11,1.0741988415543103e-08,3.209084626360621e-05,1.1647046379642941e-05,2.6047526560839642e-05,2.757575086723733e-08,9.62034867279039e-08,9.750918322238563e-09,0.9902481052428734,4.52803375233748e-05,0.008093178773743059,1.1230000722738935e-07,1.1189920524051825e-05
24,1.6551557989892303e-08,2.64550816001472e-07,0.0002472121106919592,4.905839718764176e-07,1.6186052867506865e-05,0.0009871941920113676,2.230795640353734e-06,3.415213471368905e-08,0.0003619157094511805,4.698021907486258e-06,1.3354167680140176e-06,0.00014878930298036213,1.6115963090376992e-11,1.6640533324978126e-08,3.8568952113128126e-05,1.390118931335487e-05,3.0201350780868254e-05,4.165390724092065e-08,1.1593475140472024e-07,1.638631163108136e-08,0.9887220249846116,5.528442125986202e-05,0.009353873275247827,1.1532083986661374e-07,1.5472433414817413e-05
25,2.5845730936070078e-08,8.403598874985763e-08,0.0003831130555040023,5.580825247886443e-07,1.4804818980183513e-05,0.000417600786855321,4.118534410056262e-06,7.499536040422486e-08,0.0003235268256838309,9.096661549811843e-06,4.070333549451493e-06,0.0003843957990106678,3.16706843546433e-11,3.7758688850921756e-08,5.300195695721397e-05,1.6025749077673713e-05,3.7394692725865834e-05,4.434157244606447e-08,5.42188147617885e-08,3.373344331184511e-08,0.9892638808133399,4.267003763560365e-05,0.009030663446256184,1.1080536443868902e-07,1.4612639304710812e-05
26,1.722808361305497e-08,1.6616611283094034e-07,0.00017673357465139422,2.3535559460103376e-07,1.3563797570959836e-05,0.0013364305395121242,2.515652858295748e-06,2.3563629059472638e-08,0.0005936049388036854,6.3121360337597714e-06,5.475656215899377e-07,6.154686654649601e-05,1.3595149475317483e-11,8.361856560979298e-09,2.3492666433425106e-05,1.1276750201745869e-05,4.7040138691154424e-05,3.7749283782594886e-08,1.6527041045108057e-07,1.009920949447437e-08,0.9807341769737166,3.826626368714993e-05,0.016936872987201597,2.1071711157791078e-07,1.6744623582816878e-05
27,1.6405781698652853e-08,4.96438725364217e-07,0.00023340401697685925,4.5574336976774804e-07,1.3981384755904805e-05,0.0015656197802038849,2.4613928505447235e-06,5.483415654395566e-08,0.0007342297722836036,6.452795100192331e-06,1.2799169614596272e-06,0.00017957068136956251,1.1872042621025564e-11,1.214409868692065e-08,6.861973531488135e-05,1.4177400645435295e-05,3.514666484164622e-05,3.772068952239454e-08,1.8174735800979066e-07,1.008060392806091e-08,0.9869907897316088,0.0001181169255460529,0.010010699894440948,1.288486316380933e-07,2.405593181301968e-05
28,1.047248681061404e-08,1.6513671976967006e-07,0.00020692564466811246,2.621465725903375e-07,1.0093001120634601e-05,0.0008909772829608101,1.896852194156113e-06,2.6085873158820086e-08,0.0002912826126019589,4.224812889065061e-06,7.787962630259902e-07,0.00012556087895768798,1.067275055292751e-11,1.0741988415543103e-08,3.209084626360621e-05,1.1647046379642941e-05,2.6047526560839642e-05,2.757575086723733e-08,9.62034867279039e-08,9.750918322238563e-09,0.9902481052428734,4.52803375233748e-05,0.008093178773743059,1.1230000722738935e-07,1.1189920524051825e-05
29,1.047248681061404e-08,1.6513671976967006e-07,0.00020692564466811246,2.621465725903375e-07,1.0093001120634601e-05,0.0008909772829608101,1.896852194156113e-06,2.6085873158820086e-08,0.0002912826126019589,4.224812889065061e-06,7.787962630259902e-07,0.00012556087895768798,1.067275055292751e-11,1.0741988415543103e-08,3.209084626360621e-05,1.1647046379642941e-05,2.6047526560839642e-05,2.757575086723733e-08,9.62034867279039e-08,9.750918322238563e-09,0.9902481052428734,4.52803375233748e-05,0.008093178773743059,1.1230000722738935e-07,1.1189920524051825e-05
30,1.047248681061404e-08,1.6513671976967006e-07,0.00020692564466811246,2.621465725903375e-07,1.0093001120634601e-05,0.0008909772829608101,1.896852194156113e-06,2.6085873158820086e-08,0.0002912826126019589,4.224812889065061e-06,7.787962630259902e-07,0.00012556087895768798,1.067275055292751e-11,1.0741988415543103e-08,3.209084626360621e-05,1.1647046379642941e-05,2.6047526560839642e-05,2.757575086723733e-08,9.62034867279039e-08,9.750918322238563e-09,0.9902481052428734,4.52803375233748e-05,0.008093178773743059,1.1230000722738935e-07,1.1189920524051825e-05
31,1.555965415484492e-08,1.8453047433351856e-07,0.00035062470350264693,2.662131586444526e-07,7.253133376665148e-06,0.0005773432838686984,1.4612816719997454e-06,6.98264624928155e-08,0.0002809190074106902,3.976103279153532e-06,8.722225540200455e-07,0.0001547846106761105,2.2740747781436108e-11,8.76723278469469e-09,3.819604070518045e-05,1.5313407402902792e-05,2.7982119888406295e-05,2.887340953370413e-08,1.274899793516102e-07,1.075445100155404e-08,0.9932557938712578,4.697849532128071e-05,0.005230840115612194,1.1784758169943085e-07,6.831718327778891e-06
32,1.2061060009697773e-08,2.1225697493883907e-07,0.0002156023576377948,2.717908364385173e-07,1.0746462045416416e-05,0.0010037504225975306,1.8538636979451775e-06,2.7205648443820557e-08,0.00030829803662364567,4.170731126687785e-06,7.755679996031815e-07,0.00011313634200819545,1.1914837370343013e-11,1.08636372165223e-08,3.412210858365157e-05,1.2629571699610154e-05,2.8617134067693413e-05,3.1669824416752785e-08,1.321485667881216e-07,9.504756746963479e-09,0.9899486498297457,4.983646381719414e-05,0.008255193861135117,1.2477670872841263e-07,1.1784957285750843e-05
33,1.9429579432151194e-08,4.398528128627898e-07,0.00020089376376664309,4.059180024661045e-07,8.4965596348399e-06,0.0027921607015348243,4.710222379561008e-06,4.2362695131147804e-08,0.000186793344780204,3.883556677256228e-06,2.165872209025736e-07,0.000145454051573085,3.567343745002274e-11,8.506137785911173e-09,1.4542434728191832e-05,4.448273225043258e-05,0.00011834129637968158,7.966688828563028e-08,6.334735598436131e-07,6.9839410583538055e-09,0.9909039636455318,0.00022597605377955404,0.005337840437837179,6.800964730468706e-07,9.928286162524077e-06
34,2.6329878121847538e-08,2.177865751659716e-07,0.000336806919836865,3.844914462190216e-07,1.6828850078009086e-05,0.0007639108459875058,2.0975987332958335e-06,3.572020374504902e-08,0.0004232589288343534,5.722759535608815e-06,1.5015935153033198e-06,0.00012726621349376318,1.699749401173213e-11,1.7507026802538006e-08,4.0368951178096245e-05,1.4255752990914863e-05,3.4302005917498775e-05,3.3086991479324124e-08,1.6866709271454132e-07,1.2687117962696526e-08,0.9892093589992199,4.7343313873495476e-05,0.008961190470159391,1.1751748140374603e-07,1.4772985834901833e-05
35,6.22017339365613e-08,9.147079182576144e-07,0.0004525775786876216,1.0896552028358481e-06,2.4294624332962633e-05,0.002040753300116335,3.961046814823593e-06,2.0375236174808745e-07,0.0023189125191554263,1.1079626340368749e-05,2.448639697089621e-06,0.0002564765679342135,3.181368880947877e-11,1.2006501219970212e-08,8.822360657086424e-05,3.017446083681934e-05,6.90164091574295e-05,5.54582570639024e-08,4.76715042871909e-07,1.3048543916421688e-08,0.9848083164732737,0.0002538987848973785,0.009605306149886356,1.4955042442314702e-07,3.1583084498419586e-05
36,1.4376363985876077e-08,1.5945840268854673e-07,0.00017595455587108666,3.4593120276670685e-07,5.913387523186e-06,0.0007356844416682389,5.494645271721302e-06,7.591262295687159e-08,0.0002832322312495431,3.75850822062599e-06,1.1109492648770552e-06,0.0005868338559614549,1.4853520634274027e-11,1.6345119704898807e-08,4.2446357236605165e-05,1.6454795141345408e-05,6.513982270682428e-05,3.8295365791525204e-08,6.828341376254733e-08,9.528414243111945e-09,0.992287486012374,0.0001787700882443314,0.005592602186278687,1.4379903034225222e-07,1.824621819769791e-05
37,1.0706398594830262e-08,1.9646978911816953e-07,0.00022074999998718958,2.9772299262524986e-07,1.1072424528404809e-05,0.0010238530493336033,1.9277031530650916e-06,3.162532357464523e-08,0.0003689889528623428,4.866566072092809e-06,8.911802744204637e-07,0.0001344254051120434,1.1046242682709973e-11,9.910308794456168e-09,3.707851588306133e-05,1.2176019861060459e-05,2.655848210768576e-05,2.82392193279702e-08,1.0580089724191394e-07,1.0261695548459417e-08,0.9899369611902505,5.368481031091177e-05,0.008153760745482493,1.0542863724742787e-07,1.2208778472808892e-05
38,6.328697194227315e-08,4.4062372281399547e-07,0.0008242919905976831,6.487592127182322e-07,5.726098065521254e-05,0.0006125474300756039,4.02028666106379e-06,6.856606041282373e-08,0.0010972749349322563,1.3885948449444113e-05,3.4121480157769157e-06,0.00023510880348086665,2.5233222144936127e-11,3.960418304828583e-08,5.2253606591130945e-05,9.194974697606513e-06,8.435288963628323e-05,2.088903362634832e-08,1.7696844908734478e-07,2.7658953206461685e-08,0.9840054805313909,8.554575247313709e-05,0.012834220709742201,1.7370360386710071e-07,7.948892717671608e-05
39,1.5981572287212403e-07,5.696789797249581e-07,0.0006906418689486864,1.640337602936084e-06,0.00010579213933499273,0.0012990431580158085,1.2789004870045211e-05,8.365927245431046e-08,0.001743561390824058,4.774322522051785e-05,1.4671144174155918e-05,0.0003414812751437082,5.819780386514934e-11,2.0752574716256652e-07,0.00016143361423730262,1.9529389539031516e-05,9.67645336175204e-05,1.0101015570510574e-07,3.366751566230348e-07,7.272182338269126e-08,0.951551563162509,9.804769114988314e-05,0.04365809450775561,4.4338512291022456e-07,0.00015522902687811776
40,1.4540124387576796e-08,2.4855951420363957e-07,0.0004007677199501435,1.6394013159817633e-07,2.0116063414891904e-05,0.0003510366539888509,1.7515743546666003e-06,1.9381734359656717e-08,0.00020685940904483754,2.6523780171080725e-06,1.1966777709201742e-06,0.00018552964410667848,9.614271154578475e-12,3.0652469535826587e-08,4.1920930610759255e-05,6.57849911594154e-06,2.386180674159195e-05,1.5831765249654997e-08,8.446357524546752e-08,1.067529963336772e-08,0.992415275682242,3.6914969034303415e-05,0.006284242812699043,1.0030401648022369e-07,2.060682066325282e-05
41,4.451646703965344e-08,1.116972726044199e-06,0.0004938647143723811,1.6323201338392126e-06,7.169961516317252e-05,0.002028945242801678,2.5438891496588856e-06,1.4459392229587312e-07,0.002301673224741643,9.241351685540548e-06,6.270347853405557e-06,0.00014523912774543968,4.010407587632357e-11,3.096010545472521e-08,0.00016467605107107277,3.893030422204853e-05,2.0970085673384593e-05,1.1842970065107114e-07,4.2512936618906186e-07,3.7104185722006704e-08,0.9806243558475328,6.31906162256428e-05,0.014005031202505113,8.276183242445592e-08,1.973555071323646e-05
42,8.757986577101628e-09,5.846052363612818e-07,0.00031990939259611946,5.334334167837483e-07,6.108999620177486e-06,0.001979967003370113,1.2217132108597202e-06,8.153145348290257e-08,0.00047747985189614456,2.7894837158159956e-06,5.257724867096701e-07,0.00014184591474423967,1.276540870053829e-11,2.1291903488865453e-09,2.9987414179991952e-05,3.240737207615006e-05,3.372401087379197e-05,2.973728514346493e-08,3.033291378315434e-07,4.995956274682858e-09,0.9940272933153266,0.00022026120269311213,0.002720137662212558,6.798511552419828e-08,4.724373453783316e-06
43,5.039312133089133e-08,7.990137893569733e-07,0.00043659133350843485,7.688174432683593e-07,3.398790473659975e-05,0.0008071202097196601,4.849189165662888e-06,5.578705966541661e-08,0.0007526096189965218,6.2187467234298155e-06,5.695372403461733e-06,0.00040128843056471075,1.8827079525781128e-11,1.1031248432552905e-07,0.0001397514921670937,1.6772098775516908e-05,4.5867145964037006e-05,6.525726742005068e-08,1.8419641213835804e-07,2.34515631859237e-08,0.9776403607296653,0.0001014940394711521,0.01952318601411307,1.8358245716280524e-07,8.196684360031624e-05
44,1.047248681061404e-08,1.6513671976967006e-07,0.00020692564466811246,2.621465725903375e-07,1.0093001120634601e-05,0.0008909772829608101,1.896852194156113e-06,2.6085873158820086e-08,0.0002912826126019589,4.224812889065061e-06,7.787962630259902e-07,0.00012556087895768798,1.067275055292751e-11,1.0741988415543103e-08,3.209084626360621e-05,1.1647046379642941e-05,2.6047526560839642e-05,2.757575086723733e-08,9.62034867279039e-08,9.750918322238563e-09,0.9902481052428734,4.52803375233748e-05,0.008093178773743059,1.1230000722738935e-07,1.1189920524051825e-05
45,9.406062462619448e-09,1.5173647383073378e-07,0.0002122428274264886,2.9909988995407567e-07,6.32095183404182e-06,0.0014913149914588355,3.3470576797166153e-06,9.845519618333738e-08,0.00032701764962118923,5.899850791838502e-06,6.608589485132333e-07,0.00024519496588785793,2.5398236920252248e-11,7.900818238418732e-09,4.847478560242347e-05,2.993479770403759e-05,2.4601630882031363e-05,4.7445560301102814e-08,1.3993789707704232e-07,1.0100138636907885e-08,0.9926534489574734,7.909895338309943e-05,0.004866260246699259,1.7420981429013368e-07,5.24315735816222e-06
46,1.1955990231761252e-08,1.0137071505193208e-07,0.00018728484764277026,2.842817986096709e-07,6.982271618302967e-06,0.000871000996403253,2.2438856093046265e-06,2.5228596974475715e-08,0.00020647033011107822,4.305352923142686e-06,5.54718734212391e-07,0.00013792325375489137,1.2760374951440152e-11,7.313652792590644e-09,1.609663267232247e-05,1.2568153180343996e-05,4.7149673176457874e-05,2.498134275004504e-08,8.939473534679431e-08,8.838109616656094e-09,0.9922006166960289,6.145406610150782e-05,0.0062354241608334245,1.2768516617342961e-07,9.243898342407545e-06
47,1.192912076126508e-08,1.573159811814733e-07,0.00020995712387912092,2.865563389529446e-07,8.608165336380716e-06,0.0009238355801474167,2.0701156234907378e-06,2.7974026683509585e-08,0.00027109559204552004,4.0443434059677845e-06,6.810479488364289e-07,0.00013288358389649827,1.1856575384441155e-11,9.49668242284207e-09,2.7113691688799288e-05,1.3617033784575896e-05,2.9635738278101305e-05,2.709630922771323e-08,1.060149097232758e-07,8.620519335001984e-09,0.9910157927511004,5.308825216856188e-05,0.007296692113885448,1.2187301332724143e-07,1.0127978052418329e-05
48,2.0992333109692058e-08,2.810943655705628e-07,0.00021833349596519128,2.2392064032998027e-07,8.932179772093969e-06,0.0021712191696488443,3.2527938180315243e-06,4.708908463218875e-08,0.00031176579577887875,7.771022935155833e-06,2.8589103215542055e-07,0.0001043618756380239,2.76031654919217e-11,7.158922524243757e-09,2.1419901734406826e-05,2.0492675711728812e-05,0.00010730284887924473,4.9708406111754815e-08,4.974540411615513e-07,7.688115894672981e-09,0.9891238435617644,0.00012001600451739184,0.007765720136225555,5.797160913259267e-07,1.356779697495146e-05
49,5.745454746041581e-09,1.730541278390918e-07,0.0002099787465925297,2.298474943326463e-07,6.717345254969334e-06,0.0010879783924554914,1.5885348591062603e-06,2.8695370122840062e-08,0.0002527434077505311,3.480533469828675e-06,4.5729536190389973e-07,0.00015372048532478702,8.884219205833792e-12,4.725333549084046e-09,2.4183135185735245e-05,1.1170177182786145e-05,2.294372425064076e-05,1.7832996995403024e-08,7.917648186362151e-08,7.542146070127084e-09,0.9932585070029745,6.967233185461382e-05,0.004888339316678932,9.025237122632644e-08,7.882690142389677e-06
50,5.0133264776722464e-08,1.1259118366356803e-07,0.00048194241387927733,5.02935024077535e-07,2.2661932388082573e-05,0.0010288344404442052,1.0989648148221643e-05,8.161133962352656e-08,0.0005190019410316244,2.162557029245648e-05,2.0561274783785005e-06,0.0003075609168467631,5.012891265253779e-11,4.158401581673434e-08,4.295781171491014e-05,2.1608972634339704e-05,7.984868771656241e-05,4.329450045065724e-08,1.6414561155209902e-07,2.9127850624729305e-08,0.9833561818825287,6.41533241706372e-05,0.014007929571499067,4.6672049063890564e-07,3.1154565816568193e-05
51,1.3865022101003571e-08,7.549745477704491e-06,0.0002486468394813126,2.9613813540410583e-06,8.93819602424695e-06,0.0019429028828523867,6.732892912716547e-07,1.9449484881559881e-07,0.0009075007748950157,3.099028168413242e-06,4.572218522019969e-06,0.0002512471325637948,1.2727789641298725e-11,9.770240115052835e-09,0.00030735861113771615,1.9286450611535354e-05,1.690027391562667e-05,1.012531664326405e-07,2.414728425247744e-07,1.3840892103278327e-08,0.9890495987547343,0.0004904127938348553,0.0067190520448272475,4.106528691060189e-08,1.8683807281708428e-05
52,2.7887876431908514e-08,1.8574772580049774e-07,0.00029214437037561027,8.965765907899197e-07,1.7775949175133963e-05,0.0033147794630459075,2.8839614899700156e-06,2.038367790597936e-07,0.0009190687259677125,4.104646469443162e-05,3.2378093304428846e-06,0.0002491121827859866,6.524226638949163e-11,1.678253199193983e-08,0.00013689454177541978,3.194655373807699e-05,2.128724211037445e-05,1.2503905815459078e-07,2.7154570498645844e-07,4.9831069065039706e-08,0.9835874403452086,5.710399899152098e-05,0.011315094169491433,2.0089243210363636e-07,8.206016808639284e-06
53,4.107189507673517e-09,2.6480819141243885e-08,0.00012828036307783747,1.550986946771043e-07,6.6640344461130474e-06,0.0004115956175236685,2.390363656170902e-06,1.0864370949333725e-08,0.00012959056897683262,3.028291697046121e-06,5.993589694388811e-07,0.00013850128877135424,7.170199192809587e-12,1.2904728746864652e-08,1.5502726728452425e-05,9.210764172585888e-06,1.4865378242294635e-05,2.2071635927988578e-08,1.6594076553030148e-08,1.3613416562131943e-08,0.9891016089612951,1.3292160532574685e-05,0.010018730461570593,8.753027514605915e-08,5.7903879627939306e-06
54,2.3258208761150697e-08,1.5498235975146825e-06,0.0002236805848324442,4.987858138317832e-07,1.9146148036468835e-05,0.0019815442176714325,3.489793142169288e-06,5.060497202731397e-08,0.0007143834422896269,5.096429435211529e-06,1.4193069452398048e-06,0.00021596144618902112,1.1235482028340254e-11,3.2479501488454394e-08,0.0001280301114538541,1.5234238440205504e-05,3.95253912609584e-05,5.791795796183945e-08,3.1368817891350307e-07,9.213316947112642e-09,0.9822003478938219,0.0001774660333459316,0.014213485331771797,2.526273509383334e-07,5.8401221229696263e-05
55,1.0241122869404543e-08,1.4471747469845507e-07,0.00020337940166849505,2.545846145117813e-07,1.0053313290367397e-05,0.0009034937221540081,2.2522731960711294e-06,2.942140397985044e-08,0.00029988417500068944,4.006195846808287e-06,7.411363724203723e-07,0.00016154674179805068,1.159554246627975e-11,1.152640231144711e-08,3.1441520752131595e-05,1.2870686943240944e-05,2.525364983162813e-05,2.7961666241128924e-08,8.509208620588353e-08,1.0094481251056055e-08,0.9905447459266691,4.5856103110447524e-05,0.0077426785619192215,1.1552955634513769e-07,1.110741104350846e-05
56,1.1416599620300358e-08,1.6176279257905153e-07,0.00021357030665534348,2.8197150036577526e-07,1.0260710932466554e-05,0.0009740711646904826,2.085427678548807e-06,3.019571019024521e-08,0.00030269636480414466,4.664277331754733e-06,7.800899021659119e-07,0.0001320617627798244,1.325815167400328e-11,1.0851493529158344e-08,3.151838538827141e-05,1.3174510498645575e-05,2.799450173190639e-05,3.05779721855683e-08,1.059165514536059e-07,1.0741034692544384e-08,0.9902269454683481,4.6886327451796206e-05,0.008001722026303868,1.250645028200001e-07,1.0800164087021855e-05
57,6.63660503585398e-08,1.4886803643895644e-06,6.54285204715795e-05,1.931219861442812e-06,1.2808290899461923e-05,0.002160771961941226,2.412643880592704e-06,5.9203017512269426e-08,0.000984740171346458,8.997995229652367e-06,5.000541528224707e-06,8.765125648925978e-05,1.0939869613704949e-11,6.949344350744041e-08,0.0002792232394652586,1.6816027904706892e-05,4.6801839754462515e-05,3.4833008440887756e-07,3.5528907703572927e-07,1.3591946289289531e-08,0.9431692981356093,0.00012027094138354517,0.05297269918716671,2.456192714648878e-07,6.250144287330178e-05
58,1.0187682366109189e-08,1.3938695865317115e-07,0.00018611896189668932,2.1623811240468486e-07,9.113734617195489e-06,0.0010057981185386932,2.1562000351601176e-06,2.3728710582578234e-08,0.00023390182345579035,4.489732740117041e-06,5.4810117938855e-07,0.00012206041509139337,1.2565735527959807e-11,1.0596500122656568e-08,2.626212579478391e-05,1.1856983320965675e-05,2.9265503254002343e-05,2.907327885905958e-08,1.0629419984301266e-07,9.206276093738034e-09,0.9902643804684415,4.350412970943045e-05,0.008049335317051032,1.6109868177557583e-07,1.0502561907416149e-05
59,8.60259485133728e-09,1.2175864186997912e-07,0.00020236751724165845,1.960081580235715e-07,8.562773617059406e-06,0.0008354771081306009,1.8755809372188158e-06,2.1254867833249565e-08,0.0002073025049563646,3.848381522070987e-06,5.22949669376672e-07,0.0001150069452234085,1.1148664464869169e-11,9.261925078141082e-09,2.3267591145773946e-05,1.0961556099196118e-05,2.5703544180622054e-05,2.3524134420790942e-08,8.858641143906971e-08,8.87374986974143e-09,0.9915244824801891,3.8053657070547104e-05,0.006993066513216792,1.3054650335178682e-07,8.892468664848714e-06
60,1.047248681061404e-08,1.6513671976967006e-07,0.00020692564466811246,2.621465725903375e-07,1.0093001120634601e-05,0.0008909772829608101,1.896852194156113e-06,2.6085873158820086e-08,0.0002912826126019589,4.224812889065061e-06,7.787962630259902e-07,0.00012556087895768798,1.067275055292751e-11,1.0741988415543103e-08,3.209084626360621e-05,1.1647046379642941e-05,2.6047526560839642e-05,2.757575086723733e-08,9.62034867279039e-08,9.750918322238563e-09,0.9902481052428734,4.52803375233748e-05,0.008093178773743059,1.1230000722738935e-07,1.1189920524051825e-05
61,9.460891925875362e-09,1.2997985662025616e-07,0.00020846390728368358,1.9663872511839834e-07,9.399441698339843e-06,0.0008265734470152601,1.9274325063409214e-06,2.161379353934723e-08,0.0002293471001220634,3.9815869011977855e-06,5.853028379859914e-07,0.0001172089849774818,1.0909663615402525e-11,1.032387010703702e-08,2.5722746926631367e-05,1.0865730620736495e-05,2.619232822828303e-05,2.3996606826516194e-08,9.313356300137564e-08,8.907525234459529e-09,0.9910419495628726,3.824390648863909e-05,0.0074489458894196935,1.2989273002284782e-07,9.96867362900715e-06
62,1.047248681061404e-08,1.6513671976967006e-07,0.00020692564466811246,2.621465725903375e-07,1.0093001120634601e-05,0.0008909772829608101,1.896852194156113e-06,2.6085873158820086e-08,0.0002912826126019589,4.224812889065061e-06,7.787962630259902e-07,0.00012556087895768798,1.067275055292751e-11,1.0741988415543103e-08,3.209084626360621e-05,1.1647046379642941e-05,2.6047526560839642e-05,2.757575086723733e-08,9.62034867279039e-08,9.750918322238563e-09,0.9902481052428734,4.52803375233748e-05,0.008093178773743059,1.1230000722738935e-07,1.1189920524051825e-05
63,1.1105608635971646e-08,2.633627782292166e-07,0.00019928222684800819,2.871103615392087e-07,1.0523581734254537e-05,0.001026015541197728,1.6861269702327948e-06,2.818175833283066e-08,0.0003388824600196793,3.93417160556117e-06,8.144974206781753e-07,0.00011431591599074303,1.040944186616933e-11,1.0586150465106949e-08,3.9672923710799645e-05,1.1807565468481542e-05,2.6452741839814414e-05,3.234259035054863e-08,1.2495607392414926e-07,9.217388696622377e-09,0.9896305583592419,5.523965490973533e-05,0.00852710813296652,1.13801729823025e-07,1.2825425226709338e-05
64,5.012286248653088e-09,8.89348081431321e-08,0.0001523698523819474,1.3536843842766715e-07,5.546819328528945e-06,0.0005464038355729903,1.0042786139751464e-06,1.3170811921634628e-08,0.0001414875794138154,2.180200329580026e-06,3.8707895291811553e-07,8.55138932883412e-05,6.113737451783338e-12,6.2256447092124104e-09,1.8567735088353513e-05,7.766272237607537e-06,1.707886037325825e-05,1.6369514590392017e-08,5.0580087109441486e-08,6.30938850260234e-09,0.9932004669831145,2.512199731812199e-05,0.005790091285652576,7.477914454576677e-08,5.616572095395379e-06
65,3.841190317036252e-09,1.3826479072663492e-07,0.0001079647972217167,1.1098871436799108e-07,5.587472251130087e-06,0.0006728111201402496,9.696351149627975e-07,8.83346933187416e-09,0.00012476662886948793,1.4482612124239824e-06,2.3453264721305056e-07,6.501999646730995e-05,4.323170776665881e-12,6.181901764123567e-09,1.751872283936234e-05,6.496346467910721e-06,1.675422831888292e-05,1.923901873735382e-08,5.6102564266824454e-08,5.006786120187922e-09,0.9922990165047749,2.7381761567469424e-05,0.0066461538121002075,9.441123472835909e-08,7.433306012941777e-06
66,1.0458723476700512e-08,1.6549872343756805e-07,0.00020652269474477297,2.6212215621667426e-07,1.006918332091668e-05,0.0008909760405663051,1.8931061089860296e-06,2.609037735107269e-08,0.0002911529198937912,4.21847825440348e-06,7.786167539632192e-07,0.0001255788307410502,1.0648885161087323e-11,1.0737716246955265e-08,3.215787495846309e-05,1.1636362953806179e-05,2.6020278295679028e-05,2.759288163234569e-08,9.616186161038627e-08,9.734475348096818e-09,0.9902474355730378,4.533789798972133e-05,0.008094308852312392,1.1221194767340843e-07,1.1192670556011329e-05
67,1.2537728571165366e-08,1.7172303878266452e-07,0.00023375471178961827,2.92814318055893e-07,1.177383832316385e-05,0.0009033271540579081,2.133530860997278e-06,3.066720865588996e-08,0.00033681648045438345,4.854025875450295e-06,9.311412842469642e-07,0.0001353003691691102,1.2207027488598217e-11,1.1941662917132784e-08,3.519250748586968e-05,1.26526829032305e-05,2.749288838875212e-05,2.8671524899299116e-08,1.0607235086375627e-07,1.06655322680107e-08,0.9900645468521206,4.763676829238745e-05,0.008170849534014644,1.1423345828355394e-07,1.1958175949152866e-05
68,7.228509532956376e-10,3.4236970037766666e-08,6.572057892259595e-05,5.1093511823219324e-08,1.8603388995426955e-06,0.0005836015009724869,5.111782460085952e-07,1.1167300636896158e-08,4.430325372294606e-05,1.0497483535416319e-06,1.201898348020454e-07,0.00012932247779850995,3.459071614594084e-12,2.2135757549724403e-09,1.3414606769692956e-05,4.572776183032832e-06,5.902070319940821e-06,1.2204003870370967e-08,1.2488593753200313e-08,5.185144661594949e-09,0.9966897677672278,1.5788442176463297e-05,0.0024422196345117125,4.358431029395135e-08,1.672536339985108e-06
69,1.4701972010424952e-08,1.9849383256375035e-07,0.00024974657010827576,2.8679756110629813e-07,1.2113552610329218e-05,0.0011320430484818406,2.7434160295513218e-06,3.081392903467951e-08,0.00029474409863155897,4.631312515852204e-06,6.357016000168352e-07,0.00014072812091021382,1.5328839253692037e-11,1.3518150998815683e-08,2.9362617173652165e-05,1.721629517920105e-05,3.340912133043703e-05,3.087326919017048e-08,1.609174879825628e-07,9.261567002520366e-09,0.9903126358182909,5.5223910801027205e-05,0.007701623599952393,1.8669094780385656e-07,1.2210732338226552e-05
70,1.0378215661491129e-08,1.6416242095486643e-07,0.00020806524541024053,2.656651808309453e-07,1.0089831700776274e-05,0.0008981389305512301,1.8976395411535514e-06,2.627772425532193e-08,0.0002942430683484958,4.2477471140187216e-06,7.820804745116422e-07,0.00012628602936484452,1.0693346877821745e-11,1.0636276313424518e-08,3.2040371404572466e-05,1.177629797999542e-05,2.5661405365113774e-05,2.7479338947054713e-08,9.512266933991537e-08,9.841696386201773e-09,0.9902406139060491,4.510875408682841e-05,0.008089261813301267,1.111112616423908e-07,1.1066193830326017e-05
