,0,1,2,3,4,5,6,7,8,9,10,11,12,13,14,15,16,17,18,19,20,21,22,23,24
0,2.102423513850927e-06,1.2152943606672795e-07,1.749447933086921e-08,1.2700789191082686e-05,0.0016749565998146311,3.055346306728904e-05,1.4153656102376634e-08,0.0006589304397361374,7.767786688256667e-08,0.0007530735160014346,1.7315409740976411e-06,0.0006633696703465815,1.4641914592963748e-12,3.1534470775110554e-06,1.4738902148563881e-05,0.000288473117182748,2.6738712891150694e-05,8.736232317544013e-06,0.012721996028088784,2.8727058843124186e-10,0.9818452152534056,0.001231278975610694,1.9362974946213515e-05,1.3830446152313467e-08,4.2642939066569225e-05
1,1.5948149509394633e-06,1.0744059875838183e-07,1.597343958534854e-08,1.1027358380717463e-05,0.001333792520633396,2.7048391820798963e-05,1.314665186357898e-08,0.0008175277690018301,1.2597900294743258e-07,0.0010251212223138875,1.136855916838052e-06,0.00042479100594168415,1.097632846685477e-12,2.3816416811243437e-06,1.551707374756331e-05,0.0003709993843838277,1.9791813369299844e-05,5.106575184999514e-06,0.018946186068979503,2.994412665010851e-10,0.9758452366960161,0.0010947462727825437,1.293624896772907e-05,1.0209659235782223e-08,4.478523603585688e-05
2,1.731876357973525e-06,1.0714250543477498e-07,7.95728411093683e-09,8.020723987480196e-06,0.0009695601028663466,2.2172448242346303e-05,1.0840695890794089e-08,0.000440898502358682,4.279536326895906e-08,0.0005291162025522623,1.0703272693096334e-06,0.0004512790401013895,7.820330688973692e-13,2.5172422422847334e-06,2.4378246355713166e-05,0.00029537816240050077,3.109693342361137e-05,5.846174280122802e-06,0.01056668301121315,1.7794920718328017e-10,0.9849816704081804,0.0015905615914179776,3.0511026948011906e-05,1.0461196558385792e-08,4.732860402585861e-05
3,1.8157437162768407e-06,1.241347701239141e-07,1.2587943275448062e-08,1.2167287410487254e-05,0.0012730337864541243,2.1904834934796478e-05,1.1605005087479629e-08,0.0005899659274018204,5.480686408584516e-08,0.0007074132312917017,1.3171502955880044e-06,0.000537518300061438,1.1523216086072317e-12,2.6562673643752526e-06,1.2437492693594747e-05,0.00022712136445379136,2.720921957095771e-05,8.694335198363024e-06,0.010466261251198823,2.368038605570523e-10,0.9848292044030204,0.0012169759226794068,1.911606105556161e-05,1.2916341660966182e-08,4.4971132318239434e-05
4,1.8961919643045454e-06,1.3949223460605937e-07,1.5533096985607208e-08,1.3600338669618666e-05,0.0015156224399080584,2.5701110871249678e-05,1.3178238990702812e-08,0.0006028793935754194,6.20391839700807e-08,0.0007712364996829526,1.5024030114108343e-06,0.0005952088883150278,1.5660473750884801e-12,3.231075223485406e-06,1.2848554446176218e-05,0.0002385678448622851,2.8416408750950666e-05,9.870612887696588e-06,0.010348609994880062,2.809992074318403e-10,0.9844768345226843,0.001289353253389665,2.0500946400998694e-05,1.4817391156385225e-08,4.387417776567142e-05
5,1.4744298493857204e-06,1.212958241892404e-07,1.0420140659083668e-08,1.4236473795538412e-05,0.0012440193257982446,1.8902597635779914e-05,9.713260517936484e-09,0.0005404252172379341,3.852151966721571e-08,0.000711759595525354,1.2000744528169093e-06,0.00046862938309374133,1.1692536646705607e-12,2.4014928009469523e-06,8.674550692775422e-06,0.00017475102705510654,2.6246458879457242e-05,1.072909003478338e-05,0.007657086350962732,2.1988991011374725e-10,0.9880691532627927,0.0009904655791608326,1.9388111984835692e-05,1.374643563389649e-08,4.0263060007331776e-05
6,1.8157437162768407e-06,1.241347701239141e-07,1.2587943275448062e-08,1.2167287410487254e-05,0.0012730337864541243,2.1904834934796478e-05,1.1605005087479629e-08,0.0005899659274018204,5.480686408584516e-08,0.0007074132312917017,1.3171502955880044e-06,0.000537518300061438,1.1523216086072317e-12,2.6562673643752526e-06,1.2437492693594747e-05,0.00022712136445379136,2.720921957095771e-05,8.694335198363024e-06,0.010466261251198823,2.368038605570523e-10,0.9848292044030204,0.0012169759226794068,1.911606105556161e-05,1.2916341660966182e-08,4.4971132318239434e-05
7,4.888934156783081e-06,3.8078730208562885e-07,4.759290538012301e-08,2.3535965664821063e-05,0.0016580304925400263,3.254630460095237e-05,3.903138057789512e-08,0.0011318875061416041,1.6465445823655106e-07,0.0010172268389471108,4.859105908422704e-06,0.0009940937581802982,5.9217808028467e-12,3.9964968111646464e-06,1.7499482735983e-05,0.00022356666200530853,5.4112047076397156e-05,2.3922389993642597e-05,0.012056185859553405,8.715889810199275e-10,0.9809924180132892,0.001673438024755945,2.151221416044119e-05,4.8429693380384016e-08,6.559853022815669e-05
8,2.04212449848383e-06,1.325342705634482e-07,1.3370617827087295e-08,1.5663657098621364e-05,0.0009774537512311603,1.1312859970691912e-05,1.1438858425825289e-08,0.0007155824774372616,3.994331211995916e-08,0.0009875506674663264,5.397329929242221e-07,0.0003962324607621216,1.1109449522699512e-12,2.369112737866206e-06,9.892616423767237e-06,0.00026559256961164554,3.398065767445302e-05,7.210041300167271e-06,0.007441373890062583,2.24418581079514e-10,0.9880663208603693,0.0009656479961338962,2.2409703956499926e-05,2.126705127759516e-08,7.860604063274286e-05
9,2.5983505961669353e-06,2.409518342668881e-07,3.3103077136088585e-08,2.268366715488525e-05,0.0014592857481367629,1.4250567419284806e-05,1.5816116605476758e-08,0.0011058542130474803,9.901505316150157e-08,0.0013761201953653222,9.772155649927746e-07,0.0005365405774144154,2.7499970886819524e-12,2.6765523034520435e-06,1.0354249256230755e-05,0.00022437941119840557,4.361263019125815e-05,1.0889603364336638e-05,0.008148965486224012,4.4530285950602617e-10,0.9859531712429589,0.000977691046974531,1.6136924069666837e-05,4.094832513283823e-08,9.338203630072697e-05
10,1.8157437162768407e-06,1.241347701239141e-07,1.2587943275448062e-08,1.2167287410487254e-05,0.0012730337864541243,2.1904834934796478e-05,1.1605005087479629e-08,0.0005899659274018204,5.480686408584516e-08,0.0007074132312917017,1.3171502955880044e-06,0.000537518300061438,1.1523216086072317e-12,2.6562673643752526e-06,1.2437492693594747e-05,0.00022712136445379136,2.720921957095771e-05,8.694335198363024e-06,0.010466261251198823,2.368038605570523e-10,0.9848292044030204,0.0012169759226794068,1.911606105556161e-05,1.2916341660966182e-08,4.4971132318239434e-05
11,1.9734418491069287e-06,1.3694499407774957e-07,1.4081505469798191e-08,1.3288467639190808e-05,0.0013435935957895012,2.297308213161099e-05,1.2850865805576136e-08,0.0006167192103206893,5.817131729148824e-08,0.0007367067858110465,1.4437825239533522e-06,0.0005794956558045864,1.4045128517207922e-12,2.8977581784322123e-06,1.2702946081260068e-05,0.00022918792487501037,2.9644385992684697e-05,9.822884604893927e-06,0.010354435828576742,2.6758034182752444e-10,0.9847075823203197,0.0012699948385255294,2.0469767205954812e-05,1.4797476570241832e-08,4.683020862615009e-05
12,1.7004015241094717e-06,1.2018093257214392e-07,1.0322428698850544e-08,1.2769962134229615e-05,0.0014635730466734656,2.182878714747333e-05,9.951401995505926e-09,0.00044031283588493993,2.816487734215005e-08,0.0006272174324911514,1.1773011792166563e-06,0.0006190360832635589,1.1758956805812408e-12,3.3802480837467805e-06,1.0065692217706413e-05,0.00020916366543238305,2.9762519821295387e-05,1.1275983343632126e-05,0.007373194102359929,1.9429778645968437e-10,0.9877582578323025,0.0013495967108024761,2.7418837227485972e-05,1.3166715619261217e-08,4.0086576280462385e-05
13,2.0612564571596987e-06,7.063803426308643e-08,1.898337288741686e-08,8.26470626003741e-06,0.001218397175385534,1.2365619097129735e-05,9.550547106356339e-09,0.0006053617150699973,6.197085401144707e-08,0.00018592519958210785,2.9497981779324636e-06,0.0014455844643466852,9.695234301154986e-13,2.845209086119971e-06,1.6285467339988517e-05,0.0001015515897621947,3.9234551965859145e-05,5.8519977492810636e-06,0.011853621072317303,1.8253383215699366e-10,0.9831108316160404,0.001343811091601671,1.1818947578949028e-05,8.295127584395375e-09,3.3068900742788675e-05
14,2.678830379390665e-07,5.764926502015776e-07,9.264543342302626e-09,2.0328633700203514e-05,0.0026968228214700333,3.9887069123721944e-05,6.159309724044033e-09,0.0005802864329590688,8.890473993567879e-08,0.004633336327364503,1.3396550829920547e-06,7.218851694137012e-05,2.3284294463522107e-12,1.429031410706657e-06,4.520398992771974e-06,9.29457573248809e-05,1.0215952242103865e-05,1.4600013278436167e-05,0.005465534562080596,2.903717108627349e-10,0.9856504129410572,0.0006917368887981136,7.683785436231107e-06,2.0815248436744777e-08,1.576140050759019e-05
15,1.8157437162768407e-06,1.241347701239141e-07,1.2587943275448062e-08,1.2167287410487254e-05,0.0012730337864541243,2.1904834934796478e-05,1.1605005087479629e-08,0.0005899659274018204,5.480686408584516e-08,0.0007074132312917017,1.3171502955880044e-06,0.000537518300061438,1.1523216086072317e-12,2.6562673643752526e-06,1.2437492693594747e-05,0.00022712136445379136,2.720921957095771e-05,8.694335198363024e-06,0.010466261251198823,2.368038605570523e-10,0.9848292044030204,0.0012169759226794068,1.911606105556161e-05,1.2916341660966182e-08,4.4971132318239434e-05
16,1.2877306611529885e-06,9.993553054938457e-08,7.951366416243487e-09,1.0548849272965341e-05,0.0008771246235317498,1.6571041108816862e-05,9.56530136542908e-09,0.00048562252890963734,3.552998614912221e-08,0.000698419765672772,9.631816468331307e-07,0.00037535063027712285,7.919405629611135e-13,1.9381437909845046e-06,8.431934522748172e-06,0.00018950484676320194,2.064478762837674e-05,8.21732999753794e-06,0.008037112992648497,1.8825517342665857e-10,0.988238079751454,0.0009797559734742267,1.5445679357906832e-05,1.02401798572078e-08,3.481679787013912e-05
17,1.747649696198972e-06,1.5902262867387772e-07,1.2596742367968973e-08,7.194164381282481e-06,0.0014617991004108846,3.3915285772436e-05,1.164845452954429e-08,0.0006913992444339467,1.225628127834945e-07,0.0009596480539717652,1.5757303245684388e-06,0.00040636401886878505,9.86637930396592e-13,1.7849428850393524e-06,2.7508907394229526e-05,0.0003105138460790224,2.761128364901114e-05,5.70793777880183e-06,0.018629792710245313,2.2440893469455417e-10,0.9756811684895759,0.0016994914217249863,1.3774443260220431e-05,1.2483003224128522e-08,3.868423051055704e-05
18,1.9376214163320933e-06,1.2613644686760877e-07,1.2629069446319718e-08,1.2167381081246604e-05,0.0012163570087171858,2.0120071230687033e-05,1.1693946455662209e-08,0.0005932169340794453,5.1430406512728884e-08,0.0006953590372361038,1.2607686455998297e-06,0.000566547124815428,1.1685813676138782e-12,2.656913181929619e-06,1.199145691102915e-05,0.0002194625989908238,2.932780856187521e-05,9.15945737513156e-06,0.010145582282632888,2.3343539105218306e-10,0.9851438253857249,0.0012644572653635227,1.9159816159048664e-05,1.3604184658107168e-08,4.7195339218762276e-05
19,1.8191529571291533e-06,1.5019121450358174e-07,2.9623637273210184e-08,1.631601590236531e-05,0.002538681549987508,2.668075575748423e-05,1.185503217579208e-08,0.0009255077419589017,1.074292038792296e-07,0.0009876688589073805,1.6651454565563025e-06,0.0009055137149322674,2.260225805446081e-12,3.6844179745510098e-06,1.2279850080765687e-05,0.00021624909521813116,3.4935292949405074e-05,9.670831598352396e-06,0.012202552949864042,3.6277336315344814e-10,0.9804949664576119,0.0015618139582017985,1.3730877233945387e-05,1.7680300644977575e-08,4.59461889853923e-05
20,1.1950887016678063e-06,1.0883308300622216e-07,9.391802605046315e-09,8.42149225169389e-06,0.0011544377626844008,1.2756596511100138e-05,7.3089346740353285e-09,0.0007274524666733306,5.045902178169974e-08,0.0006307701048907168,8.841460817533375e-07,0.00043056069236412564,7.69069215948535e-13,1.7578581000351042e-06,1.4069492829524874e-05,0.0001534396652531398,3.5343974061006384e-05,5.930942948783769e-06,0.010544653610730623,1.6609832497586293e-10,0.9844879760765515,0.0017417840061432638,1.3516361150958901e-05,1.1915961715251776e-08,3.4861586401262824e-05
21,2.2560425228840012e-06,9.937509893043242e-08,1.5243220337742913e-08,1.5181776736805572e-05,0.0011975354759742862,2.5309014660864947e-05,1.6409340601272727e-08,0.00048539915839894334,3.9614468535023044e-08,0.0007230863242085356,1.348003928418431e-06,0.0007792834384613985,1.5965027098835975e-12,3.627772876938021e-06,8.899256430483392e-06,0.00032967948021278624,2.2572820697643325e-05,1.0778070403217975e-05,0.008092779366390038,3.12098951127958e-10,0.9873434507303356,0.000890322357256095,2.4573400146345536e-05,1.3443307256845324e-08,4.3733111227779885e-05
22,3.2146923582159882e-06,3.888460691261651e-07,2.6390228097906546e-08,2.2084082548772228e-05,0.00249626121664593,4.410589678547525e-05,1.9798220889772003e-08,0.0013549599151156213,2.4294461770811065e-07,0.0019335478384125155,1.6483562467251344e-06,0.0006797517637193087,3.257014427377796e-12,4.267583317430933e-06,3.41885781942901e-05,0.00045001385380038063,4.206536728106279e-05,8.419858451774191e-06,0.025860850402535905,5.485412695951771e-10,0.9646099607958888,0.002294149266980223,3.481143710418985e-05,2.4402374199808547e-08,0.00012499616130511742
23,1.8157437162768407e-06,1.241347701239141e-07,1.2587943275448062e-08,1.2167287410487254e-05,0.0012730337864541243,2.1904834934796478e-05,1.1605005087479629e-08,0.0005899659274018204,5.480686408584516e-08,0.0007074132312917017,1.3171502955880044e-06,0.000537518300061438,1.1523216086072317e-12,2.6562673643752526e-06,1.2437492693594747e-05,0.00022712136445379136,2.720921957095771e-05,8.694335198363024e-06,0.010466261251198823,2.368038605570523e-10,0.9848292044030204,0.0012169759226794068,1.911606105556161e-05,1.2916341660966182e-08,4.4971132318239434e-05
24,1.2497233182045728e-06,1.5811787796786904e-07,1.1490398764192073e-08,1.6940586477840735e-05,0.0015087101766603338,2.392133428510051e-05,9.782365927271455e-09,0.0005239524278534288,4.38563739401207e-08,0.0009356749136055853,1.2340470366590186e-06,0.0004657435338872998,1.508097703983527e-12,3.318016390486791e-06,7.584011529865669e-06,0.00018125965927915047,2.0904991547276088e-05,1.1535941210971328e-05,0.008425780980537197,2.713730793245147e-10,0.9867211806491041,0.0010936848545767572,1.8317143412207027e-05,1.1497239803403343e-08,3.877199214984951e-05
25,2.2532928214745834e-06,9.912736760868388e-08,1.507479215796059e-08,1.674253801598826e-05,0.0010688933959981895,1.0524396313035992e-05,1.5978272032752395e-08,0.000933918661314119,3.762652834982458e-08,0.000403641039587386,2.1273622335164193e-06,0.0008629545614274097,1.5957289719053466e-12,2.490067745100856e-06,8.322440021028965e-06,0.00014544819469920647,4.129964860685567e-05,1.0096957623073119e-05,0.01050724132865813,3.144358513090313e-10,0.9849787070652422,0.0009526374650542788,1.8524431768715854e-05,1.6703449881042744e-08,3.399232642876864e-05
26,5.538190424514206e-06,2.444709212512143e-07,3.003985655381678e-08,1.8641259031502858e-05,0.001612521442832535,1.6949342787046818e-05,2.1388113589127686e-08,0.0011877207728466887,7.926801390543289e-08,0.0008927474650449294,1.9036899191992438e-06,0.0010129622005064555,3.5474632508615936e-12,2.6160497480752263e-06,1.3698907576377263e-05,0.00018953464838547876,9.433432751631982e-05,2.351623829885035e-05,0.009225212768299372,3.8619833741067836e-10,0.9837354600848699,0.0018698620077122108,2.412307742879733e-05,6.349553231737035e-08,7.221847458815112e-05
27,1.8718099852027307e-06,1.3407624974820278e-07,1.3183314949590906e-08,9.428553900337027e-06,0.001151252540988082,2.7522032531484934e-05,1.1790354623281262e-08,0.000694337676261296,1.0258751169846223e-07,0.0008763260035366226,1.1187951033073462e-06,0.00042267180788606686,8.801709486871815e-13,2.282885574808267e-06,2.1413825809383725e-05,0.00028527559919294795,2.6787199606536686e-05,6.804145071878245e-06,0.01346500440931831,2.5397153599155925e-10,0.9810916615940379,0.0018396421445548044,1.670971900442197e-05,1.2238865175549533e-08,5.961512648871369e-05
28,1.8157437162768407e-06,1.241347701239141e-07,1.2587943275448062e-08,1.2167287410487254e-05,0.0012730337864541243,2.1904834934796478e-05,1.1605005087479629e-08,0.0005899659274018204,5.480686408584516e-08,0.0007074132312917017,1.3171502955880044e-06,0.000537518300061438,1.1523216086072317e-12,2.6562673643752526e-06,1.2437492693594747e-05,0.00022712136445379136,2.720921957095771e-05,8.694335198363024e-06,0.010466261251198823,2.368038605570523e-10,0.9848292044030204,0.0012169759226794068,1.911606105556161e-05,1.2916341660966182e-08,4.4971132318239434e-05
29,1.8157437162768407e-06,1.241347701239141e-07,1.2587943275448062e-08,1.2167287410487254e-05,0.0012730337864541243,2.1904834934796478e-05,1.1605005087479629e-08,0.0005899659274018204,5.480686408584516e-08,0.0007074132312917017,1.3171502955880044e-06,0.000537518300061438,1.1523216086072317e-12,2.6562673643752526e-06,1.2437492693594747e-05,0.00022712136445379136,2.720921957095771e-05,8.694335198363024e-06,0.010466261251198823,2.368038605570523e-10,0.9848292044030204,0.0012169759226794068,1.911606105556161e-05,1.2916341660966182e-08,4.4971132318239434e-05
30,1.8157437162768407e-06,1.241347701239141e-07,1.2587943275448062e-08,1.2167287410487254e-05,0.0012730337864541243,2.1904834934796478e-05,1.1605005087479629e-08,0.0005899659274018204,5.480686408584516e-08,0.0007074132312917017,1.3171502955880044e-06,0.000537518300061438,1.1523216086072317e-12,2.6562673643752526e-06,1.2437492693594747e-05,0.00022712136445379136,2.720921957095771e-05,8.694335198363024e-06,0.010466261251198823,2.368038605570523e-10,0.9848292044030204,0.0012169759226794068,1.911606105556161e-05,1.2916341660966182e-08,4.4971132318239434e-05
31,2.045629313167192e-06,1.801939378897704e-07,2.203373659001144e-08,1.8440782078110697e-05,0.0020080524547711784,1.1604315881080671e-05,9.616661109616533e-09,0.0010973060949557311,5.876873683297371e-08,0.0010149544990042758,8.806089284961225e-07,0.0006604614189407037,2.1465291919395483e-12,2.8487835274587986e-06,7.667191260535068e-06,0.00016075770205619292,4.621738122852475e-05,1.1107103517740299e-05,0.01038412571453294,2.6372858634432187e-10,0.983300097981541,0.0012038117213601224,1.3798707125221725e-05,2.7711837727870868e-08,5.552331919210516e-05
32,1.7369175787682545e-06,1.2101215103629657e-07,1.1937859967407166e-08,1.104583900765795e-05,0.0012462481816432084,2.0824102013489703e-05,1.0955001836153533e-08,0.0006164760478545884,5.969877376186173e-08,0.0007076127070647783,1.2111914021115257e-06,0.0005081830213082859,1.064597170377869e-12,2.5396204288680815e-06,1.34167480670716e-05,0.0002316565119644099,2.7034555594732187e-05,7.5001365695961015e-06,0.012158652883497476,2.2433714825558023e-10,0.9830958303507786,0.0012885987596923758,1.733136779495467e-05,1.1698744624730736e-08,4.38855298057088e-05
33,2.1605967217500756e-06,2.4370866870898996e-07,1.0196935132137472e-08,1.2556908736277532e-05,0.0021796008834199534,2.1030932538073285e-05,1.1138010902271847e-08,0.0006183272719952281,2.6327588932674007e-08,0.0007406959414725661,1.4254172248002926e-06,0.0008000482574212715,2.2558901391443705e-12,4.6575911510408734e-06,1.3712334665036464e-05,0.00019142033882374072,6.093081213469108e-05,1.602463308973015e-05,0.010861829719496924,2.363501166419848e-10,0.9807020351031985,0.003709724756797127,3.330222194766876e-05,1.943867657741977e-08,3.0205230679367396e-05
34,1.5752015678140565e-06,1.2103375241469698e-07,1.0524148862866251e-08,1.2986375692242579e-05,0.0013324160863778702,2.017262701489213e-05,1.025479497101302e-08,0.0005171045663416989,3.519655446871045e-08,0.0006671171273770038,1.264714537387575e-06,0.0005528244481496248,1.1543639193620593e-12,2.7321031943199337e-06,1.0497707828087436e-05,0.00020513023171983287,2.893272953551362e-05,9.685829338088382e-06,0.008228460439958894,2.1520405992915806e-10,0.9871649351429255,0.0011811529572118777,2.3157024626501514e-05,1.3119161849405323e-08,3.966434183192425e-05
35,2.528686977320039e-06,1.4697541743900983e-07,1.3860371025736349e-08,1.5376204933021646e-05,0.0008935862897947141,1.2559897349826926e-05,1.1862663659325508e-08,0.0011377461143517982,8.763095415640116e-08,0.0010476712307639705,9.354645796806578e-07,0.0005665822821093304,1.3415483252187755e-12,1.752625708094273e-06,7.470365602461988e-06,0.0001436245864011775,3.734488255641708e-05,1.3457342597231251e-05,0.01313011303609098,2.899414008217201e-10,0.9814380967085896,0.0014702101841903253,9.466966913006461e-06,1.8096608295462923e-08,7.11984131935489e-05
36,4.389931774123329e-06,1.271166834363697e-07,2.6936065140505377e-08,1.198718445397023e-05,0.002015147507584122,8.73450146863617e-06,9.294814051133023e-09,0.0014984791654217952,8.373854237106568e-08,0.0006214653797333086,7.409150194738596e-07,0.0019532747736901615,2.0391415203796387e-12,3.39017498374096e-06,1.8544160854499544e-05,0.00027716400999735,0.00011947065474314507,5.4160565955722986e-06,0.02650720536489303,2.4824423974521987e-10,0.9644312601290224,0.0024219838234872016,1.4278710337481425e-05,2.0164378516769192e-08,8.680005517315799e-05
37,2.690654595388087e-06,1.3631282944367922e-07,1.517998060147562e-08,1.2748162186017202e-05,0.001256061447690558,2.0385722729884015e-05,1.4175001890359347e-08,0.000587805023615341,4.9488060384292415e-08,0.0006263692573814578,1.4674127090869125e-06,0.0007061607999355085,1.3816382919225999e-12,3.1943101824513842e-06,1.1641274816610436e-05,0.00022679420225698332,3.1803024612917356e-05,1.1024439427915303e-05,0.010446955241443947,2.476992057553796e-10,0.9846867206348272,0.0012979670329360904,2.0120639805260205e-05,1.5610865995550013e-08,4.985970302814806e-05
38,1.6434632307835887e-06,1.4205983927845905e-07,1.4321950556352663e-08,1.4521661361666892e-05,0.0015021839575831363,1.7180747897714996e-05,9.398818061240514e-09,0.0007442291604395041,6.027525401145677e-08,0.0007981525762194287,1.16135104616835e-06,0.0005655809912019224,1.3459256856717075e-12,2.5830517925310714e-06,1.0586986168566638e-05,0.00017519574002552104,3.321651203580574e-05,8.923416427050026e-06,0.010621007135459947,2.4252480030621506e-10,0.984170618939098,0.0012672044997555196,1.5931225379361082e-05,1.4801542517641669e-08,4.9837483602283094e-05
39,6.560420560853242e-06,8.718270931873212e-07,3.269415169577965e-08,2.156696867364642e-05,0.0018376499643995396,4.284433140093744e-05,3.684899459954545e-08,0.0008448272855078138,1.3919881085761435e-07,0.0012322662810468907,4.291206204972475e-06,0.000977979268644257,6.1293327255002464e-12,6.871589769464944e-06,2.9202549014683317e-05,0.0002129299088641603,7.659422700249785e-05,3.22513673746548e-05,0.013153869765216257,6.419423100980778e-10,0.9767242981019244,0.004661654155513413,3.962542999256817e-05,4.599273025905007e-08,9.358996903660222e-05
40,3.4120167151464917e-06,1.461682998788575e-07,1.4907254458607964e-08,6.554941468655008e-06,0.0010380610207096823,2.2810884355656017e-05,1.488526318750351e-08,0.0004658475323668004,6.008166154890208e-08,0.0004175220059864237,1.723848108205572e-06,0.0008092325927597626,9.564068312156027e-13,3.5084071709895265e-06,1.968336652792654e-05,0.0002045908658275876,3.231905389453145e-05,9.974011179472263e-06,0.012826372361396946,1.921275233897713e-10,0.9814589479102431,0.002616993112649054,1.639950344702637e-05,1.1813017985556304e-08,4.579851661227517e-05
41,1.0283593156489129e-06,1.726425339451487e-07,3.4637615303903935e-08,9.48512998906583e-06,0.0036352218482617145,6.967310392824357e-05,7.72442146942297e-09,0.0008091361249430215,4.806642312493728e-07,0.0019136703540045157,9.818183189055505e-07,0.00023038665009026177,1.099740236680114e-12,2.5909060013861785e-06,3.502393275045028e-05,0.00046790873354393497,1.2800329809695158e-05,2.944654900482601e-06,0.017431693322832464,2.752732130126908e-10,0.9742911432766383,0.0010222590060966587,8.57319203285133e-06,1.285599069687392e-08,5.477045537663354e-05
42,1.0588319950291327e-06,6.597152663648491e-08,5.6219290984789956e-09,4.027020043952841e-06,0.0006910952897702739,8.957607870425462e-06,6.437098191973063e-09,0.000739274998343023,4.809718765147001e-08,0.0004978758927598293,5.902661462694649e-07,0.00029268406106746606,3.1302405354632915e-13,9.886824811844902e-07,2.012268346487981e-05,0.0002437249706265461,3.0298949609491627e-05,2.3071108157521016e-06,0.01910048514778175,1.1622872264826107e-10,0.9765123623639501,0.0018184902814439615,9.582725158359041e-06,6.599056986270149e-09,2.5940273331078625e-05
43,0.0019619622070963924,4.875713679889236e-06,6.277571911415048e-06,0.00016637098583987124,0.003941960512929868,7.070150014618269e-05,1.8179791487503481e-06,0.0015646053020667826,5.612353872254432e-07,0.0001329620892900651,0.0002093016292853688,0.23957069533263317,6.730239647585157e-10,0.00032436664144740954,6.405673241504449e-05,0.0003488712651720818,0.0009092591261565026,0.0006954082091064677,0.02209524972814513,1.6877688023127898e-08,0.7186168887394003,0.007487056946431114,0.00026008332777851953,7.79858789728233e-07,0.0015658698150307856
44,1.8157437162768407e-06,1.241347701239141e-07,1.2587943275448062e-08,1.2167287410487254e-05,0.0012730337864541243,2.1904834934796478e-05,1.1605005087479629e-08,0.0005899659274018204,5.480686408584516e-08,0.0007074132312917017,1.3171502955880044e-06,0.000537518300061438,1.1523216086072317e-12,2.6562673643752526e-06,1.2437492693594747e-05,0.00022712136445379136,2.720921957095771e-05,8.694335198363024e-06,0.010466261251198823,2.368038605570523e-10,0.9848292044030204,0.0012169759226794068,1.911606105556161e-05,1.2916341660966182e-08,4.4971132318239434e-05
45,2.7208561434672766e-06,1.2854017294076786e-07,2.6720942786065798e-08,1.164495067450715e-05,0.002261137312972461,3.1412021862849954e-05,2.0329113829141725e-08,0.0012321637274008265,1.4637799949126477e-07,0.0008768932915370255,1.9058575918707474e-06,0.0007713856807235016,1.9328921485667633e-12,3.1872052003814536e-06,2.999269893610835e-05,0.0004637712578061306,4.1046921111327565e-05,5.6980934922824705e-06,0.02265076038718971,3.7613901514393016e-10,0.9697672889935134,0.0017823554990605245,2.205304206990986e-05,2.0414697472498146e-08,4.423944171530792e-05
46,2.1292969503222616e-06,1.3548946137684896e-07,1.2339915072910116e-08,1.2683424070734742e-05,0.001274185101911784,1.4323391394675897e-05,1.0523559512100998e-08,0.000721357380271676,4.3943942049109125e-08,0.0006409963446555474,1.2248535501647595e-06,0.0006572700290011166,1.3696534567774635e-12,2.3173497598201913e-06,1.2251106674490288e-05,0.00018172209615883853,4.788404102754862e-05,9.54326821616972e-06,0.01008252656194291,2.2318913620029269e-10,0.9848206998901965,0.0014518168169027508,1.9817752567577798e-05,1.7910774461517106e-08,4.703086253617174e-05
47,1.4816579561268285e-06,1.2046249518524106e-07,1.237769386460557e-08,1.3064034009842664e-05,0.0013996041281038034,2.3521741550022627e-05,1.0758529431405834e-08,0.0005929730473850262,5.8611607738748275e-08,0.0007531777192015562,1.3160564390035351e-06,0.00046188582571901534,1.12516296399814e-12,2.6408049722097385e-06,1.2199434153140479e-05,0.00022455138818200704,2.396745007833994e-05,7.94415471594315e-06,0.010337148095863767,2.358224800902616e-10,0.9850183452509693,0.0010641156090048156,1.922541022977936e-05,1.2118208441861184e-08,4.262362598392298e-05
48,2.5959082465020483e-06,2.32527081391395e-07,7.57841714166069e-09,9.359562484399754e-06,0.0009809072722391386,7.927488332400015e-06,1.315502259673854e-08,0.0012831321685021226,4.2044305570092604e-08,0.0009167573626924772,7.46518928250283e-07,0.00045954017479256625,1.4776002805220672e-12,1.8953546431053457e-06,2.0015492755676978e-05,0.0002407810525627284,0.00010006640200187377,6.767163937014152e-06,0.02423967814621856,2.1880955689775175e-10,0.9682844521423952,0.003378217531004301,2.202611565639178e-05,2.249958710170658e-08,4.481611790614663e-05
49,1.8014267634140905e-06,1.0733989823264258e-07,1.452660966595477e-08,1.1478886501107234e-05,0.0016632782697277074,2.9940161559062127e-05,1.0873487735969093e-08,0.0005208015264392797,5.23532851009075e-08,0.0006203029573549864,1.6181975164980737e-06,0.0008513631320238845,1.321630451117292e-12,3.3779743863202692e-06,1.302076341495779e-05,0.0002278040997261678,2.797939249168583e-05,1.0409352268570211e-05,0.009568120544542666,2.547486110267191e-10,0.9847992617837866,0.0015903979073563239,2.01678752487855e-05,1.1422869382326233e-08,3.867897667166119e-05
50,1.660856064923939e-06,1.324304101407532e-07,1.2899712715488179e-08,1.2263896587791841e-05,0.001157573752405718,2.781901210155059e-05,1.747382571343346e-08,0.0007832126339477088,9.428321197097029e-08,0.0015232176243515799,7.899478892352083e-07,0.00030857789700490496,9.945203494735667e-13,3.2285539821655975e-06,1.1908265715266183e-05,0.00046124927945580436,1.5343015341798953e-05,5.906375433170405e-06,0.019884817404058286,3.010648310543321e-10,0.9743045807687967,0.0014324531667082676,1.545626699001718e-05,9.577449388794786e-09,4.967431649591825e-05
51,2.205731831467376e-06,1.2211354483638552e-07,1.523052152100433e-08,1.1769409021246384e-05,0.0016292441592242373,2.703512052231623e-05,1.1706865667570689e-08,0.0006181151105598803,6.831652911954348e-08,0.0007157863307144996,1.3170831171762188e-06,0.0006229857757308213,1.2202816202776762e-12,2.9476247342105907e-06,1.887193092641753e-05,0.0003555573293730231,3.246914506369129e-05,6.667337760188635e-06,0.013465693391172333,2.5011929191618767e-10,0.98116379750192,0.0012441295228456909,2.434418154044912e-05,1.3899118398336646e-08,5.683179602322199e-05
52,2.837016543640888e-06,1.8569266822071117e-07,1.228707067978783e-08,1.705039824058676e-05,0.0008827010068495073,0.00028080245023075445,5.143651446649568e-08,0.00023254096285428794,9.179065650029345e-08,0.0010962516979112246,7.578716276558331e-06,0.00042296342113232616,2.6695190033097467e-12,3.888813108368241e-06,1.520718270408581e-05,0.0003180078640969807,1.001351505825219e-05,9.028745127644067e-05,0.0034179996352070308,8.101915604279236e-10,0.9915566079980774,0.0015623746477262431,4.995108350177656e-05,1.9910150153886493e-08,3.257420928342247e-05
53,2.2111305273797242e-06,1.2931740376813344e-07,1.31320249780081e-08,1.2412105603099315e-05,0.000985033172461991,2.9136625217345442e-05,1.8093779426117585e-08,0.000542608659369687,6.319164828888161e-08,0.0007008023630578002,1.741425058254065e-06,0.0004985070284854648,1.207490132055364e-12,2.787452152143801e-06,1.6170122347918803e-05,0.00030501713798722346,2.4742402970029173e-05,9.747670568498776e-06,0.010094537163051682,3.146210505444476e-10,0.9854776857050492,0.0012201002395203155,2.6530419994334228e-05,1.390498238974844e-08,4.9991220910409583e-05
54,4.590354219180254e-06,1.9226314632072628e-07,1.9135718844980166e-08,1.1440222009385323e-05,0.0007471831297898792,3.914217203088898e-05,2.9416169531462046e-08,0.0004027032955536564,8.180421850178279e-08,0.0009860237364111312,1.138920361603651e-06,0.0006915856885092097,1.4151112707995314e-12,5.535398592445243e-06,2.102527711991176e-05,0.0006719208812466673,1.9651035947470317e-05,9.01179424510739e-06,0.0127917096430598,4.1648600378221133e-10,0.9817593490080013,0.0016982080314001233,2.915125522296291e-05,1.1771895887440215e-08,0.00011029534722929241
55,2.2017612165811537e-06,1.3685044862538475e-07,1.5472266575064042e-08,1.3635107364192417e-05,0.001295689438169197,2.254703535095294e-05,1.2906442034497372e-08,0.000650990785373966,6.591058751737875e-08,0.0007389716998147983,1.4721267840962024e-06,0.000660285605494908,1.4336753089688121e-12,2.820482867136327e-06,1.2097483917458085e-05,0.00021842612913626646,3.0008007219219297e-05,1.0433126695388916e-05,0.010720273453879232,2.8000801450177086e-10,0.9842880433760464,0.001261291899271181,1.807772212332587e-05,1.4773038956593403e-08,5.248856505042664e-05
56,1.9781144928670244e-06,1.4229360741541986e-07,1.4824554486780531e-08,1.3470107125670906e-05,0.0014011347927606213,2.2938774993517494e-05,1.2971595488432478e-08,0.0006462126002629387,6.196511592931764e-08,0.0007580512617074636,1.4733020814801592e-06,0.0005837610419566356,1.5024645624038423e-12,2.8840106433852594e-06,1.300506053278415e-05,0.00022933713690502074,3.08530571642602e-05,9.786150973890674e-06,0.010713032028627872,2.7784119517239353e-10,0.9842231367850891,0.0012824780936169554,2.000217735872704e-05,1.5542991744359957e-08,4.621762649808162e-05
57,4.8663932840977284e-06,2.9980827824623384e-07,7.729056663510602e-09,1.9193371550664138e-05,0.0005246712672777797,0.00010094390952205031,6.719241602912026e-08,0.00021849786244306527,3.518548554795722e-08,0.0006269776261929217,5.96824753603374e-06,0.0002449022627504057,1.4557494833440172e-12,4.116834191643105e-06,2.182357768668279e-05,0.0003912505086058445,1.2417714207466165e-05,3.942661688196361e-05,0.004080286169724442,4.762603065470458e-10,0.9925918912641201,0.000916603604963837,0.00013329850270173038,2.400957332249091e-08,6.242986383382327e-05
58,1.9684172690548652e-06,1.3764376153012782e-07,1.3666680034046759e-08,1.2445906493635798e-05,0.0013002530263320248,1.9288195763438963e-05,1.2227791454039137e-08,0.0006506529329198912,5.367930651698801e-08,0.0007306801978526287,1.3172950429959776e-06,0.0005543544468896113,1.343542054011767e-12,2.4976021354424924e-06,1.2747981384619974e-05,0.00021562494931935726,3.421639424705501e-05,9.550636386076662e-06,0.009807530920520002,2.4360597201070597e-10,0.9852950866268176,0.0012854065464900683,2.01484047267021e-05,1.7201297994643564e-08,4.599485562260435e-05
59,2.2405504575021e-06,1.410125541150907e-07,1.7051442330940908e-08,1.302422934754297e-05,0.001417109512577853,1.9273593011786605e-05,1.2997309104213712e-08,0.0006862601851042502,5.686898384892766e-08,0.0007211690389994908,1.385078583688922e-06,0.0006300587622554284,1.523836130146041e-12,2.6426885107371268e-06,1.2799417758601365e-05,0.00022222645411042308,3.685552049149404e-05,1.029294973684036e-05,0.009314136683634126,2.622379685870956e-10,0.9855976609160384,0.0012439804476592246,1.9969253317348e-05,2.050003629467857e-08,4.866602431795386e-05
60,1.8157437162768407e-06,1.241347701239141e-07,1.2587943275448062e-08,1.2167287410487254e-05,0.0012730337864541243,2.1904834934796478e-05,1.1605005087479629e-08,0.0005899659274018204,5.480686408584516e-08,0.0007074132312917017,1.3171502955880044e-06,0.000537518300061438,1.1523216086072317e-12,2.6562673643752526e-06,1.2437492693594747e-05,0.00022712136445379136,2.720921957095771e-05,8.694335198363024e-06,0.010466261251198823,2.368038605570523e-10,0.9848292044030204,0.0012169759226794068,1.911606105556161e-05,1.2916341660966182e-08,4.4971132318239434e-05
61,2.1094984092350215e-06,1.3956682172329367e-07,1.7460912976832678e-08,1.2736637641551213e-05,0.0014631920714505457,1.978329535056566e-05,1.217582720343534e-08,0.0006612534379099224,5.973875938759256e-08,0.0006839654184595238,1.4510383199126388e-06,0.0006519957225841807,1.4539992210219903e-12,2.7545407363955453e-06,1.293439690614187e-05,0.00021435245887363992,3.4784589781201034e-05,9.512472172398492e-06,0.00982065884321353,2.590471018249913e-10,0.9850986991726102,0.0012426854101336364,1.8606597892985732e-05,1.7812725273094437e-08,4.8277382006995723e-05
62,1.8157437162768407e-06,1.241347701239141e-07,1.2587943275448062e-08,1.2167287410487254e-05,0.0012730337864541243,2.1904834934796478e-05,1.1605005087479629e-08,0.0005899659274018204,5.480686408584516e-08,0.0007074132312917017,1.3171502955880044e-06,0.000537518300061438,1.1523216086072317e-12,2.6562673643752526e-06,1.2437492693594747e-05,0.00022712136445379136,2.720921957095771e-05,8.694335198363024e-06,0.010466261251198823,2.368038605570523e-10,0.9848292044030204,0.0012169759226794068,1.911606105556161e-05,1.2916341660966182e-08,4.4971132318239434e-05
63,2.0126993981332454e-06,1.5152914419063194e-07,1.3561801170473727e-08,1.2393941256715219e-05,0.0012349517283717336,2.172057749409239e-05,1.2695271203342643e-08,0.0006230494121803946,6.088180577677712e-08,0.0007409645342961353,1.435316012743805e-06,0.0005284877659654551,1.321489428178217e-12,2.618167456128051e-06,1.3543870143003455e-05,0.00021770912789182879,3.063016740716786e-05,9.66687709064206e-06,0.01054927673094793,2.6279850053161647e-10,0.9845985400451901,0.0013454171492332185,1.9148895295527524e-05,1.52706597716668e-08,4.8178791567036986e-05
64,1.190114928579036e-06,8.561208197030217e-08,7.95373287762826e-09,8.883301672851746e-06,0.0009145991325538972,1.4447048402726731e-05,7.713499757553865e-09,0.00043954752423910643,3.4034334236028007e-08,0.0005069201276148144,9.900643649797744e-07,0.00038020721752006823,6.372583668624241e-13,1.794785725558991e-06,9.363332166422463e-06,0.00016181427078647154,2.0354314834929908e-05,6.38606920198743e-06,0.007960534747069729,1.4605113222342403e-10,0.9886799467017324,0.0008459521422877986,1.3968498160521313e-05,9.089336747750896e-09,3.2956057062916926e-05
65,1.4749705113038861e-06,9.910100205423825e-08,1.0495258528444144e-08,1.1682959565913148e-05,0.0013075423944956,2.2834636564837604e-05,9.617976745772317e-09,0.0004710817036600331,4.0763515176023136e-08,0.0006448998081098142,1.1929195563018119e-06,0.0005324414771221713,9.671698282880174e-13,2.7467321137895124e-06,1.0259326559560095e-05,0.00021961394130778144,2.211131194935673e-05,8.338802570718517e-06,0.0090518231283723,1.9869254955719791e-10,0.9865933518948601,0.0010409643722381532,1.8997893059155254e-05,1.0012104440420276e-08,3.84715378665883e-05
66,1.820437181196472e-06,1.2331544808148264e-07,1.2908131583012554e-08,1.236595588721498e-05,0.001298048208691844,2.2513741741489098e-05,1.1827560381831978e-08,0.0006039043258076746,5.7225748609793655e-08,0.0007369978735521261,1.3060979042622629e-06,0.0005423458217082446,1.181087776965741e-12,2.705730951374282e-06,1.2327489929409375e-05,0.0002372240555905274,2.6672357695376768e-05,8.594145132274279e-06,0.010904488498648468,2.44525280364706e-10,0.9843114481277248,0.0012130651861116297,1.8807047151789178e-05,1.2754251435381126e-08,4.514662174374845e-05
67,2.1777260161386524e-06,8.102575136990891e-08,1.3145555093918574e-08,1.4721781727794467e-05,0.0010639544729163742,0.00011048989183973737,2.720651340252934e-08,0.00010052778628540012,1.6591987171714827e-08,0.0003317646559920989,2.777259421083156e-06,0.001070362730857722,1.5187518384633494e-12,1.1717722304620287e-05,2.2092027913918933e-05,0.0009513668085404412,1.2497606578348052e-05,1.3441977503674642e-05,0.0037851078496311313,4.890995879885616e-10,0.9914532786006836,0.0008231447129315116,0.00017288713231960773,6.97413522690347e-09,5.7543821976461154e-05
68,1.8529617518469005e-06,1.2836216901064974e-07,1.435252373336105e-08,1.22537870443934e-05,0.001423953680360406,2.1267997733422568e-05,1.1817378207207852e-08,0.0006847858087844996,6.487241634007714e-08,0.0007698649716311555,1.2644031023893041e-06,0.0005475111814872657,1.2283273978096867e-12,2.75779607295711e-06,1.3030935358789092e-05,0.0002421551913992595,2.8287748313839973e-05,7.805912288019368e-06,0.012340047896404523,2.439795456339915e-10,0.9825719647258431,0.0012681911342709619,1.7449007634555614e-05,1.3425620158555952e-08,4.532178520329525e-05
69,1.3613682561094608e-06,1.1355953538873567e-07,1.5104897478751782e-08,1.9072401476377825e-05,0.000679854842387655,1.037371350664059e-05,9.556986717004507e-09,0.0008559858379592229,6.449711939853195e-08,0.0011208378199426942,6.502567461391919e-07,0.0003576580805698168,1.299877194409676e-12,1.2221386142924223e-06,7.561138328672331e-06,0.00023871333538610416,3.060562312855748e-05,7.650940836203332e-06,0.00745763813142111,4.315619130724184e-10,0.9886012128535271,0.0005089736181489692,1.2394962700959256e-05,1.9745422041946926e-08,8.801004024079432e-05
70,3.7868201601523962e-06,1.20614174166085e-07,3.315686134602348e-08,1.4656202525111507e-05,0.0015035406366403453,4.473342100183333e-05,1.8110750026778466e-08,0.00024734226624348977,5.0584185987494225e-08,0.0004971092994562126,1.66987900978993e-06,0.0014575195325713072,1.7928514506095503e-12,1.005425940283781e-05,1.1499478591019347e-05,0.00035486515818599127,1.9152285150818037e-05,1.4174370399032457e-05,0.006469725260482624,3.3020648799376345e-10,0.9880039210994446,0.0012307832376460468,2.8144462009645507e-05,1.0718912049728244e-08,8.708881419634663e-05
