,0,1,2,3,4,5,6,7,8,9,10,11,12,13,14,15,16,17,18,19,20,21,22,23,24
0,0.01833279475313484,0.0032499126863887234,1.8520081003308413e-05,0.0004028060681565108,0.002002044875124792,4.48087047271459e-05,0.00302652678028722,9.034864439370594e-07,0.00053365157703075,0.008331539900344492,0.0230517161362074,0.0017336385329467278,4.518569400661843e-06,0.20848060471204333,0.0011360995461437834,3.886149537939751e-05,0.0009107913775994076,0.032661217914422655,7.806135084220205e-05,4.0815527042463235e-06,0.21481499427991782,0.02243243157302628,0.001943325184746223,8.12863989100675e-05,0.4566848624630682
1,0.02804024216235556,0.00452904440128891,1.6017646336092868e-05,0.0005997484730963245,0.003330437354442089,2.2928283559167945e-05,0.0032324893612422577,9.972113218699736e-07,0.001264313120324239,0.008154318645070577,0.033010847874184186,0.001509857972170555,5.521232755760018e-06,0.21737339318060916,0.000949285008212935,4.323796956424319e-05,0.001224391663790352,0.03431912940577712,5.617801854049221e-05,1.8999787463175321e-06,0.12074577603125751,0.01920584452246487,0.0017453016258614448,9.707384774765284e-05,0.5205217250092803
2,0.01466927036413487,0.0023739100578767654,9.886914692998803e-06,0.0003027243659098899,0.0023519653294093446,1.150679051357739e-05,0.0021655725127966863,5.574197765971856e-07,0.0006649503080800607,0.0048795540500061055,0.019120771912055672,0.0008471066853209605,2.372624404936367e-06,0.20462778227773495,0.0008369019159526802,1.572636739861157e-05,0.0005415505754391809,0.023693142725305028,3.3505346382780286e-05,1.8866880027033406e-06,0.0955219685464558,0.01988184047716666,0.0016078787527544307,6.294871721059387e-05,0.6057747182752181
3,0.019952155693963886,0.0037740294382932874,1.4188270936831496e-05,0.0004802807521189288,0.002536599243671823,1.846235087319777e-05,0.002476571245866877,6.539982308042289e-07,0.0005831173500387873,0.004838617590898635,0.03230316345433726,0.0017873715132255407,4.560824680468697e-06,0.24009450866958673,0.0008514856856450943,2.4243897550212343e-05,0.0010433377106467336,0.03559805159189612,4.0015060566489983e-05,1.5159918396222724e-06,0.14358676775348414,0.018258412429099567,0.0016203443532916578,6.733774826170146e-05,0.49004420738099563
4,0.019166539466481766,0.004231863178742248,1.455788829102005e-05,0.0004885660479832029,0.002702493929923972,1.7811352051417453e-05,0.0023917862667903905,6.39321150742793e-07,0.0005355527187905432,0.004393963433700637,0.036317115197741716,0.0022866370280059467,6.058508391314955e-06,0.26291589609481114,0.0007213343193492129,2.3786249599215857e-05,0.0011284022107567041,0.039284974338670085,4.1281509148524916e-05,1.4669898827379851e-06,0.14365871582332734,0.017880658307735543,0.0015478389625420304,5.879466393803424e-05,0.46018326619219446
5,0.021985125950582215,0.002430885236161119,1.2578483184920472e-05,0.0005383294918068516,0.001976895114613936,1.3200638660045976e-05,0.0021171115092835503,5.787524660009192e-07,0.0004931824981575405,0.00499534414062761,0.026584402506463465,0.0016714020630081083,3.835359939077188e-06,0.23478312996472023,0.0005438774585561853,2.2746477615432e-05,0.0010419163903146813,0.055572547087714766,2.6126960837294538e-05,1.652917471666864e-06,0.12340478508284275,0.014372603628557608,0.001470407790667083,7.781822420732025e-05,0.5058595162715405
6,0.019952155693963886,0.0037740294382932874,1.4188270936831496e-05,0.0004802807521189288,0.002536599243671823,1.846235087319777e-05,0.002476571245866877,6.539982308042289e-07,0.0005831173500387873,0.004838617590898635,0.03230316345433726,0.0017873715132255407,4.560824680468697e-06,0.24009450866958673,0.0008514856856450943,2.4243897550212343e-05,0.0010433377106467336,0.03559805159189612,4.0015060566489983e-05,1.5159918396222724e-06,0.14358676775348414,0.018258412429099567,0.0016203443532916578,6.733774826170146e-05,0.49004420738099563
7,0.0419768213785745,0.008976761094128614,4.495033315090674e-05,0.0007991234918364506,0.004113266280628167,2.6039049853166692e-05,0.003773295259311167,1.4707021327604353e-06,0.0006009136881143107,0.005453411948655533,0.07826556151265546,0.0035096831601399456,1.791448008987527e-05,0.2425312175242508,0.0011559495448730157,3.127635839389147e-05,0.0016509091203059092,0.0476637625698625,9.62133061777053e-05,1.6059063515701269e-06,0.21023963791250083,0.02417329555969492,0.0012518883433637466,9.115505247390694e-05,0.3235538764224803
8,0.011437842881942262,0.001356495235942407,7.920311254549148e-06,0.0003485078953255744,0.001581686571575198,6.519572321047944e-06,0.0013500359825262501,2.249645555959651e-07,0.0006220327224853154,0.005117932479688494,0.018673720117701728,0.0003374558139917738,9.255203721349002e-07,0.2118360178782897,0.0008792460421311456,9.233123265166852e-06,0.0003748963449269699,0.018521671654768118,1.0233262392733404e-05,9.849121225849178e-07,0.06420570010525965,0.013475493067627823,0.001188816888455593,0.000159272590813384,0.6484971340602648
9,0.01860946781706137,0.002032280972131447,1.9410371549468894e-05,0.0007199335279516535,0.0021578246347324897,1.5731115194550197e-05,0.0015877785383738771,5.869491530190881e-07,0.0007514777586295555,0.007729117530165141,0.034375707515757394,0.0008198032878432469,3.0181613718438192e-06,0.3048823824671383,0.0009797284501106382,2.0455385462446856e-05,0.0010039404226813596,0.030347262656845588,2.5132152730758104e-05,2.069977050367877e-06,0.12040481876778965,0.02109071091941335,0.0018605409452170621,0.0001958976482257238,0.45036492202741973
10,0.019952155693963886,0.0037740294382932874,1.4188270936831496e-05,0.0004802807521189288,0.002536599243671823,1.846235087319777e-05,0.002476571245866877,6.539982308042289e-07,0.0005831173500387873,0.004838617590898635,0.03230316345433726,0.0017873715132255407,4.560824680468697e-06,0.24009450866958673,0.0008514856856450943,2.4243897550212343e-05,0.0010433377106467336,0.03559805159189612,4.0015060566489983e-05,1.5159918396222724e-06,0.14358676775348414,0.018258412429099567,0.0016203443532916578,6.733774826170146e-05,0.49004420738099563
11,0.020761948709531606,0.004180889601288114,1.5554358747861147e-05,0.0005222021297174866,0.0026729058138070722,1.9953596709969326e-05,0.0026498890167323064,7.573738238972503e-07,0.0005977383306438688,0.0048497895177480104,0.03459146898422239,0.0021083612610583668,5.7938092989057035e-06,0.24759666666931227,0.0008354277029006428,2.6899975734070233e-05,0.0011893203737857677,0.03815517793546407,4.496594044512506e-05,1.5981431757210813e-06,0.14758845995630382,0.018944114318647287,0.0016469939056140057,6.502887615090535e-05,0.47092809369913635
12,0.017805463490131315,0.00364822510796838,1.2518990434869039e-05,0.0004310365865378683,0.002591134048238229,1.7559314010513097e-05,0.002251144890071777,5.307637679726356e-07,0.0005226357420450265,0.004224603800718457,0.029475630775469372,0.0017839676645038556,4.089234294391554e-06,0.2429982773174232,0.0007483238321912714,2.179904863756703e-05,0.0009128922756045514,0.03576445762340104,3.5045914639660906e-05,1.4457313835493314e-06,0.13468107524197254,0.015471450234921072,0.0015842325733774535,5.8260913383072153e-05,0.5049541988848729
13,0.018637688417386312,0.004412703041157654,1.658068834106917e-05,0.0006290173632918444,0.0033399930670724547,1.6414048166947e-05,0.0020437710558471075,5.422367968873718e-07,0.0004357399009565718,0.0033274417788249186,0.08006020632888826,0.002426325573544549,7.3174563983547826e-06,0.30181387344349037,0.001119426940073574,2.249382672927445e-05,0.0010899891722145835,0.032231842795210804,4.0789361196076045e-05,1.0732852687242901e-06,0.18288000295554716,0.016266635334780424,0.0019685324053480566,7.76324514605944e-05,0.3471339670720075
14,0.019303113486901755,0.031607262285117045,1.6120434569852544e-05,0.00014729021900317433,0.007399952323815059,5.672657146441978e-05,0.0020833370994417537,2.3027048935093934e-07,0.0001304310150864063,0.0015635182324669659,0.09184058898062,0.016331161511421617,2.1738954174098594e-05,0.2899506042138977,0.0005880783644848497,2.7690959010753196e-05,0.0006514569624711268,0.03192483120805727,0.00021240326524867215,7.081017484495541e-07,0.27846079132049467,0.008587077961617146,0.0007728219652400984,1.0135305618275977e-05,0.21831192898753957
15,0.019952155693963886,0.0037740294382932874,1.4188270936831496e-05,0.0004802807521189288,0.002536599243671823,1.846235087319777e-05,0.002476571245866877,6.539982308042289e-07,0.0005831173500387873,0.004838617590898635,0.03230316345433726,0.0017873715132255407,4.560824680468697e-06,0.24009450866958673,0.0008514856856450943,2.4243897550212343e-05,0.0010433377106467336,0.03559805159189612,4.0015060566489983e-05,1.5159918396222724e-06,0.14358676775348414,0.018258412429099567,0.0016203443532916578,6.733774826170146e-05,0.49004420738099563
16,0.03574959734669963,0.009876718244997857,3.763941528867904e-05,0.0008732028139616212,0.006898457257818296,5.1892359375411046e-05,0.004524773338651519,2.099868614317855e-06,0.002587632082143121,0.005659900742505171,0.0691224715990084,0.0014326954585466777,1.2734025998912611e-05,0.254603498526075,0.0029085894236326997,5.470061278152987e-05,0.0017287003843934527,0.017917192095572524,0.00012800088990981207,2.1639927244821598e-06,0.09411800891785363,0.02742360629102819,0.0033128977926302,0.00015676085078719814,0.46081606566900163
17,0.027629643006807158,0.0063260724433422426,3.1698385018559725e-05,0.0009252440493859231,0.005027115119831782,5.4194222408007873e-05,0.004576558063324349,1.074185611935298e-06,0.0018142031117818708,0.011235999636196096,0.06267524786132724,0.000881075347956021,4.909594387512645e-06,0.23225626361179347,0.003817564649345824,5.524614298320516e-05,0.0011163772970849215,0.01634955119430934,7.296420393149382e-05,1.8913485293116738e-06,0.16199273979395717,0.02321182147989073,0.002055742766309833,0.0002401918209625402,0.4376466106635234
18,0.019668013693436393,0.00370421058489709,1.3515339189191257e-05,0.00045948740045292593,0.0024293473214451965,1.780942094210756e-05,0.0024245265027722195,6.33646280168749e-07,0.0005699953196851692,0.0047511136289701906,0.031079243690566374,0.0017900339799715248,4.441950769736503e-06,0.2379953837756695,0.0008105302578409833,2.3475759845360377e-05,0.0010387371236974003,0.036024015739751766,3.882799037208159e-05,1.490521567508155e-06,0.14001364774981237,0.018153410719032197,0.0015929521758189492,6.475790968336533e-05,0.4973303977975303
19,0.02105544178212438,0.004587435742451808,2.168461445700966e-05,0.0006528382504016213,0.0035336720124670633,1.853129480507034e-05,0.0030374536658687775,1.0145859916672852e-06,0.0005747884260229152,0.004811169739936032,0.036317300767521446,0.0026994108245373288,7.355808865933639e-06,0.2629883320227383,0.0008733846039867865,2.7497475247323297e-05,0.0011976052963087308,0.04317903976355662,5.181722489146613e-05,1.7344108059061073e-06,0.16803729846397059,0.02231478664284216,0.001393243383413561,6.030941275899396e-05,0.4225568537840286
20,0.027878281821544677,0.00342618816839649,8.064372218532768e-06,0.00035095756494371767,0.002032668979305408,1.5338593454139703e-05,0.0010811358452399334,2.3418495076943658e-07,0.0006084354809097548,0.004061660376107836,0.016733597982508192,0.0025821983309869657,4.9020382548662884e-06,0.2648701670160197,0.00010643993756800955,2.4769555480036615e-05,0.0013614114817039075,0.1030487764157429,1.7192642910793542e-05,1.2349773656737478e-06,0.04806646452087581,0.005183802586198031,0.0009264823553210075,4.4502268166904354e-05,0.517565092503826
21,0.020127534127648904,0.003961396473898819,1.710437821273835e-05,0.000547745809112331,0.002337431889522201,2.6496872724553484e-05,0.003988682689133117,1.0950254723203948e-06,0.0008507919125249081,0.004726700951091681,0.032156556112338405,0.001427548640560284,5.480207207909153e-06,0.22305747596409597,0.0014424151901300275,2.929587968431401e-05,0.0013673006778754267,0.02770777642494985,5.196631719876864e-05,1.8134399167861076e-06,0.1199062803436369,0.025153146907382948,0.002164396300616772,7.922184646601054e-05,0.5288643456185981
22,0.01661762756404183,0.004757481441058347,1.1012099326500001e-05,0.0003348863343407038,0.0030320726485853224,1.9177649435190083e-05,0.0029054733935488246,6.077065885318545e-07,0.0007202334622610987,0.003539693287750136,0.02511208296859438,0.0014816915640250728,4.140907923263328e-06,0.20876526363285536,0.0009464790691951306,2.0738389405158455e-05,0.0007142682765106112,0.02422740242355526,4.494920466380674e-05,1.3778230285671191e-06,0.10665932947307685,0.016091515912899285,0.0017186789831219193,4.923428219475901e-05,0.582224581502014
23,0.019952155693963886,0.0037740294382932874,1.4188270936831496e-05,0.0004802807521189288,0.002536599243671823,1.846235087319777e-05,0.002476571245866877,6.539982308042289e-07,0.0005831173500387873,0.004838617590898635,0.03230316345433726,0.0017873715132255407,4.560824680468697e-06,0.24009450866958673,0.0008514856856450943,2.4243897550212343e-05,0.0010433377106467336,0.03559805159189612,4.0015060566489983e-05,1.5159918396222724e-06,0.14358676775348414,0.018258412429099567,0.0016203443532916578,6.733774826170146e-05,0.49004420738099563
24,0.01650524533556394,0.003450354472593445,1.2827159759642663e-05,0.0006153926805777802,0.0036920772544639224,1.4794268806706084e-05,0.0020692116567974754,5.673614203506465e-07,0.0004948907808744158,0.0038293001580626254,0.0353107488228426,0.002475876689805505,6.157274705357231e-06,0.3181577089344205,0.0005449628431467843,2.76594963805145e-05,0.0009497748783374259,0.0461963434996582,3.302142097922414e-05,1.4664753248516295e-06,0.1271875097638946,0.012804108097118435,0.001626437671898144,5.344297215300096e-05,0.42394012003041437
25,0.028726733414321345,0.003245038364100068,1.9115691971968768e-05,0.0008890771309161011,0.003244522661569078,1.2347012033097665e-05,0.00364169213678491,1.3875460233590622e-06,0.000458915999109523,0.004673471596664827,0.058575931017465464,0.0026094964857388304,8.993620292086235e-06,0.2318391260902762,0.0009980383097602926,3.45784659243543e-05,0.0012282406789420014,0.05327932914208102,5.725557718705678e-05,1.6265168354598472e-06,0.2209109965569345,0.02021245886393225,0.001894173046156652,6.819512860300274e-05,0.36336925894637656
26,0.033499361309724356,0.0036731332133346103,1.5619963136669042e-05,0.0007314955229552894,0.002805839248531836,2.1026573756576014e-05,0.002092742939256837,8.421743597035322e-07,0.0015458070152039602,0.005002919198647358,0.03560845544755714,0.0010400184967087756,4.218230007964279e-06,0.19796827635026149,0.0009557664388023514,2.9067133041992944e-05,0.0014192032467978087,0.032486961178313255,3.106977087901635e-05,1.7468668377596296e-06,0.092069043161313,0.013509726432819606,0.0029419613964458994,0.00018097864663397484,0.5723647200446729
27,0.015216969401024816,0.0032336066219413612,1.0539505390368024e-05,0.00034076425646823805,0.0021796532893524332,1.540575583441006e-05,0.0026723351760666496,6.037672367351971e-07,0.0008712066837248167,0.005566286647114639,0.024783390067911856,0.0010028631756197404,2.9186089258118645e-06,0.20829001817947276,0.00113884653665307,2.001143367093034e-05,0.0008050562133079919,0.02109533930574909,3.579197192967138e-05,1.5563934688362037e-06,0.09869058637316021,0.024630557467396005,0.0015611955707243118,7.889575532568924e-05,0.5877556018425296
28,0.019952155693963886,0.0037740294382932874,1.4188270936831496e-05,0.0004802807521189288,0.002536599243671823,1.846235087319777e-05,0.002476571245866877,6.539982308042289e-07,0.0005831173500387873,0.004838617590898635,0.03230316345433726,0.0017873715132255407,4.560824680468697e-06,0.24009450866958673,0.0008514856856450943,2.4243897550212343e-05,0.0010433377106467336,0.03559805159189612,4.0015060566489983e-05,1.5159918396222724e-06,0.14358676775348414,0.018258412429099567,0.0016203443532916578,6.733774826170146e-05,0.49004420738099563
29,0.019952155693963886,0.0037740294382932874,1.4188270936831496e-05,0.0004802807521189288,0.002536599243671823,1.846235087319777e-05,0.002476571245866877,6.539982308042289e-07,0.0005831173500387873,0.004838617590898635,0.03230316345433726,0.0017873715132255407,4.560824680468697e-06,0.24009450866958673,0.0008514856856450943,2.4243897550212343e-05,0.0010433377106467336,0.03559805159189612,4.0015060566489983e-05,1.5159918396222724e-06,0.14358676775348414,0.018258412429099567,0.0016203443532916578,6.733774826170146e-05,0.49004420738099563
30,0.019952155693963886,0.0037740294382932874,1.4188270936831496e-05,0.0004802807521189288,0.002536599243671823,1.846235087319777e-05,0.002476571245866877,6.539982308042289e-07,0.0005831173500387873,0.004838617590898635,0.03230316345433726,0.0017873715132255407,4.560824680468697e-06,0.24009450866958673,0.0008514856856450943,2.4243897550212343e-05,0.0010433377106467336,0.03559805159189612,4.0015060566489983e-05,1.5159918396222724e-06,0.14358676775348414,0.018258412429099567,0.0016203443532916578,6.733774826170146e-05,0.49004420738099563
31,0.03236696478938619,0.003535275198108897,1.8881690903206216e-05,0.0004522389105015231,0.0023133648984333234,1.2435606897694377e-05,0.002286667166057355,1.0535498378480759e-06,0.0004453862609291412,0.004091503627921429,0.023028989841181173,0.0022838071726982104,5.720788219270511e-06,0.1849781662102484,0.0005029520792381311,1.9743230944663645e-05,0.0010879074378879713,0.05979059366031919,5.144829582859901e-05,1.8516346018194104e-06,0.14623859597678845,0.01769564985867287,0.0014160222468448586,5.066427231620077e-05,0.5173241155952336
32,0.019827387817423936,0.00396542453454744,1.4727028889775215e-05,0.0004393105553545322,0.0026735256273669895,1.9269162164495677e-05,0.0025912994849010594,7.21556363630415e-07,0.0005605976593902559,0.004735773488174245,0.03245274532881277,0.0019165745503700112,4.905045531679538e-06,0.23561610856056647,0.0009091847238732552,2.5119514903363986e-05,0.001004462420581147,0.03384140195324742,5.007232927506518e-05,1.6518484163757716e-06,0.1500212981332784,0.020126413628928183,0.0016738878900528767,6.082331395769533e-05,0.487467313843629
33,0.0191627701316163,0.0038891162024501766,1.321551724559701e-05,0.0005261571965522792,0.0015995851660720684,2.0042792952665517e-05,0.0031286333197423177,9.839659446871156e-07,0.0005804064962300446,0.005580928158740765,0.02932868529117411,0.00382147136081436,1.1285440280226691e-05,0.3239135098759239,0.00042231009875937146,3.4915163771815154e-05,0.0026209561892437437,0.06496268245969422,4.293275787332939e-05,1.7891533002471417e-06,0.10207254846090125,0.029314061946446663,0.0012144380608314295,4.3672720370579565e-05,0.40769290207306785
34,0.03314511708371317,0.005239979360593939,1.657841771057735e-05,0.00030437706074722034,0.0036247232055384737,1.1099391363678056e-05,0.0018061339419233888,6.564878573781151e-07,0.0008165210160290307,0.0044940290373834185,0.04274135462812074,0.0013370585066351985,4.827600566540025e-06,0.19249160681767183,0.0009071514934870645,1.5582069899847853e-05,0.0006397966604387999,0.024235756062042587,7.633020265467709e-05,1.31085318827091e-06,0.1147758447104963,0.020954121607841252,0.001591214019056629,8.644613879650737e-05,0.5506823836262434
35,0.09869952480311181,0.0037596308821876813,1.0322496557067676e-05,0.0003423699684150189,0.0010697981753421926,5.1531636205373744e-06,0.0024604765962693456,1.8012210891024596e-06,0.0009538802680211364,0.006864154034372452,0.012309338717034286,0.002742042502043116,6.1941485925958045e-06,0.09127518808167936,0.0001498424808244255,2.4757661468741347e-05,0.00209088035390491,0.13541150555448897,4.484727187813598e-05,1.192646503327952e-06,0.06940360603899551,0.017874353274856945,0.0005883584207457089,4.300265660161322e-05,0.553867778581396
36,0.01459145148322366,0.0036751998733393293,7.807839797615936e-06,0.0004361133175995895,0.001057876306479798,2.3377373660763413e-05,0.004356611342885255,1.7469146193217378e-06,0.001225119428396457,0.0049751128947249515,0.015985233749894117,0.0033973420522488236,9.30545942196407e-06,0.26892496599839005,0.0005523963903232076,4.5218142405916133e-05,0.004732357137222612,0.044666557611288585,4.031920107192894e-05,1.8736898446919763e-06,0.0592426068744164,0.049013004953446807,0.0016817468727283742,3.113869087080251e-05,0.521325516401699
37,0.01960470463560997,0.003864841485171989,1.4092705979098631e-05,0.00047325316934353207,0.0025633746119707044,1.88988534729926e-05,0.00251483589595778,6.637437686308609e-07,0.0005912354907632718,0.004818406728052844,0.032004872416839206,0.0018019390456836364,4.60568280664123e-06,0.23957822814201657,0.00086455843447715,2.442532645694923e-05,0.0010446101364542189,0.03467348683138726,4.096816261834374e-05,1.5210781233799911e-06,0.1444129791098218,0.018543958610193048,0.0016323882651331212,6.513488570455106e-05,0.4908420165521934
38,0.01989170972955949,0.0037862861643196523,1.4240683268638435e-05,0.00048237714178478723,0.00253379337994648,1.8876889817208262e-05,0.0025122940308074065,6.611547430992216e-07,0.0005792935978220842,0.00484036911078638,0.0324916817927202,0.0018029955116262552,4.615482298902088e-06,0.2401830019090465,0.0008630138495538484,2.4687022175330504e-05,0.0010517094287371322,0.03555755171118859,4.061507379240255e-05,1.5288876610825689e-06,0.14522820499565964,0.018312109512917344,0.0016382535001656987,6.7016645260341e-05,0.48807311279434146
39,0.01564611732113123,0.002769034817444728,1.115818078862578e-05,0.00046393115213533043,0.0017750342747006253,2.027354550545197e-05,0.003303030946959843,9.525207825263364e-07,0.0004169431070758611,0.003882896829999982,0.021116688671588914,0.0017685256963676538,4.033323586257016e-06,0.17847629703268975,0.000930661542224643,2.687807484926425e-05,0.0011145256966096936,0.03303224946456541,4.268143710278951e-05,1.7346811761132227e-06,0.18539964439101075,0.019303815711693453,0.002128385796963377,4.165747401501348e-05,0.5283228483090326
40,0.01081566555291864,0.006038365137712236,2.1305235664930347e-05,0.0002167611378602994,0.004126726990546916,2.1372748369233684e-05,0.0014588983756637845,2.700225408626524e-07,0.00026169165262573534,0.0029322233428047237,0.0300107877749964,0.0024145940626961277,3.3398863077509578e-06,0.31049533823415015,0.0010087650136105276,1.0516061338041706e-05,0.00047657489847574076,0.02256645857702967,4.9208670506567505e-05,1.3165042802970147e-06,0.15323686730397723,0.020564750641321225,0.0008700832767216214,3.860855055105795e-05,0.4323595103473303
41,0.021090404807608532,0.013561737062399831,2.2677128283985648e-05,0.0010740314762003455,0.009043507904545153,4.590780857671857e-05,0.003244265785829206,8.269755838244189e-07,0.003851737383272891,0.006539111549364078,0.03960301569236048,0.001307322890033462,8.244532181592774e-06,0.3069251458539743,0.0011424681275406475,4.222826268565632e-05,0.0015101278330140796,0.01928131974352068,2.949802702951438e-05,1.1547929707604046e-06,0.07454178795492906,0.011251986745855416,0.001690634256072847,0.0001166179637727744,0.48407423944239425
42,0.020034342643809596,0.00495983760212871,2.8359158994770702e-05,0.0004044504197233418,0.0024817273801246834,2.0079047473815442e-05,0.0036678857174542146,2.5933083515214717e-06,0.0005762178283911073,0.007051511069916346,0.0320151615995692,0.0027212471649501082,7.519819285466644e-06,0.1877926797858422,0.0017504068718537337,2.7226763654332735e-05,0.00140159130270144,0.020181142289976202,0.000169247158221496,2.481121683993896e-06,0.293093993070806,0.08789497541008806,0.001367650794382032,4.7689224240064434e-05,0.33229998344637757
43,0.020314675507263773,0.0029445044623517633,1.521420941575549e-05,0.0004748517304737287,0.002316094764915154,2.076569888306522e-05,0.002500621610105231,8.342332568344489e-07,0.0009141057354078214,0.010817176094677262,0.02457699117385368,0.0009805633465715476,3.2277343030369527e-06,0.2220423018641106,0.0009820775501286879,2.8629732987382606e-05,0.0009371998531690831,0.027076960205107282,4.6473749843638537e-05,2.490562845883432e-06,0.15189384234871003,0.026661290454866038,0.0015934102212371384,0.00010036134559787518,0.5027553358099176
44,0.019952155693963886,0.0037740294382932874,1.4188270936831496e-05,0.0004802807521189288,0.002536599243671823,1.846235087319777e-05,0.002476571245866877,6.539982308042289e-07,0.0005831173500387873,0.004838617590898635,0.03230316345433726,0.0017873715132255407,4.560824680468697e-06,0.24009450866958673,0.0008514856856450943,2.4243897550212343e-05,0.0010433377106467336,0.03559805159189612,4.0015060566489983e-05,1.5159918396222724e-06,0.14358676775348414,0.018258412429099567,0.0016203443532916578,6.733774826170146e-05,0.49004420738099563
45,0.02123342627675344,0.003965116565238521,2.829573797589208e-05,0.0010299257913513032,0.0032143219908071998,4.578630480600605e-05,0.008112341083914888,2.4676231450898248e-06,0.0009740132025802283,0.007918439442944528,0.045685815220904626,0.0013279906528927948,6.893761795779722e-06,0.21267332018836838,0.004107651692026942,6.589377493309094e-05,0.0014289049789646402,0.02305654351668914,8.857427485699502e-05,2.762166833514821e-06,0.2082908108600198,0.03396243741310604,0.002629756965492328,0.0001251945564819035,0.42002331595711684
46,0.04115606609211365,0.004222194957312211,2.4299432097048787e-05,0.0012746595575489187,0.0014107454819382833,4.310113207601445e-05,0.0027054652782434138,1.9234140592710865e-06,0.0007180885584677357,0.006701991871391346,0.049781044086518074,0.004110371195264759,1.1771345375190452e-05,0.2391984609695232,0.0008465333673083215,6.420327441650574e-05,0.005867424099868577,0.07169104910290187,5.0661039678711565e-05,2.0681092690357696e-06,0.22228847351199257,0.024695324080737623,0.0025705012794780633,0.0001214781532846909,0.32044210060913486
47,0.028132867809996256,0.005349961170675428,1.0209922694902046e-05,0.00015349403518292992,0.0012680953826899228,1.0718955150306048e-05,0.002376044462441407,8.001332861200733e-07,0.0004823766273071428,0.004904248479433087,0.014846586756878215,0.0031504243714644696,4.393730949474174e-06,0.1399383426280441,0.0004312836227228329,1.4852730749743654e-05,0.0012078279087033238,0.04410748181928432,6.783530471700311e-05,1.335388516196592e-06,0.11345417397273325,0.03663100906415992,0.0006781610249734356,2.8273245132598785e-05,0.6027492014521136
48,0.04120625655746124,0.01230452105620999,3.0272817801247502e-05,0.001033783332213454,0.001943766731565385,0.00013644162666631888,0.008883723015166453,5.415463775534243e-06,0.0012319515489766246,0.006334974891518472,0.047963584024964624,0.00590290189916815,3.1159280328126744e-05,0.20383466763736258,0.0017769069658071387,0.00011799359122032364,0.008319581743167732,0.04145795788243284,0.00020008724080687674,2.627566206113164e-06,0.23521294656904201,0.03854060970880225,0.003242933017881734,5.512752582833393e-05,0.34022980830562655
49,0.015198457841528552,0.004529947560329734,1.9570175366502326e-05,0.0003665025958374869,0.0022642342064425553,2.46778998479451e-05,0.0021062905606839223,5.551518544024743e-07,0.0003673292657945596,0.004658989693578761,0.02865885096768322,0.0029734389932890306,5.066784528947161e-06,0.27853121008820814,0.0007720144292093035,1.8983157280560186e-05,0.0011502879866275022,0.03845488905611654,4.681541320493937e-05,1.8282524864385877e-06,0.17745392034006546,0.025947807351594198,0.001100843455155226,5.027131613734038e-05,0.4152972174571488
50,0.019642342711490342,0.0035999547930400636,1.3429343102976883e-05,0.00045037049978010116,0.0024379676168247953,1.7115160766290154e-05,0.0025518152042517824,6.529123411464896e-07,0.0005841657279167057,0.005002953713950089,0.030035710289203474,0.0016638964254523415,4.289513059350605e-06,0.2317808662995869,0.000837149308796935,2.352757086226883e-05,0.0009788572444103364,0.03488761175680268,3.9924380983910536e-05,1.5181478086973505e-06,0.13774335522117384,0.01873894627660511,0.001546644801972336,6.511584963221204e-05,0.5073518192301854
51,0.013328981914311111,0.0018856515877561217,7.306487215769111e-06,0.0002040503866533965,0.0014912935513559668,1.5460001809071896e-05,0.0020743335460311164,4.086148202023466e-07,0.0002638276248266276,0.0029922325096855065,0.01829640877043966,0.001344049906097762,2.329786197312196e-06,0.1732168458141729,0.0007031430339567328,1.9167153647385997e-05,0.000589410685753589,0.0314616849834035,4.3773996794168544e-05,1.8440056210987609e-06,0.12291661139287502,0.01414619571113876,0.0021002502298120744,3.530076535778403e-05,0.6128594375402674
52,0.0377784241165168,0.0011811238703209994,2.562984983473467e-05,0.001443502405963006,0.0019487220849249943,1.7411065599326135e-05,0.0018516457718808933,6.480779291858299e-07,0.0006446307013902281,0.01412990449624976,0.05839257299784557,0.0011287239602399445,5.715654719822265e-06,0.34190616683620884,0.0005457651307246348,5.2794170199213565e-05,0.001607642195914754,0.10859769118831603,2.1446914425548788e-05,3.267999602730062e-06,0.09870864172876172,0.013363558242780477,0.0015120242798932907,0.0003592002086817503,0.3147731460510757
53,0.020928820045983943,0.003997836933219758,1.525464137989156e-05,0.0004786558979741811,0.0026068327739283267,1.8774272111558895e-05,0.0022636020864505004,6.357133205686579e-07,0.00056662452639068,0.004900928645188741,0.03355341234845898,0.0019192019540508962,4.699081347055261e-06,0.24611479955219773,0.0008134493034992291,2.3562654721544587e-05,0.0010753805900263994,0.036587466311581586,4.147210686082013e-05,1.500553234986551e-06,0.14961442820724635,0.01848737641992368,0.0015562216166504167,6.826088026315603e-05,0.4743608028839891
54,0.014162569207040654,0.005386570649557662,4.0753958837923896e-06,0.00012317800587997022,0.0015413302661895587,9.975311117567788e-06,0.0023386174682598656,3.2179194272942055e-07,0.0005901130336387839,0.003493420538919836,0.010209574872249104,0.001796470709892017,2.4854877011448476e-06,0.15506254226816044,0.0003453121175667606,1.5203313048156365e-05,0.0006554156988798323,0.028354069087505034,2.80382051999035e-05,6.896712627158662e-07,0.05995902599815155,0.013950766315780455,0.0006545603224506631,1.897368200404712e-05,0.7012967005817178
55,0.018167056203444526,0.005256377406783078,6.085820526639413e-06,0.0002166168725357088,0.0023062726164532112,7.608299800984161e-06,0.001821016890860664,2.782668219627638e-07,0.00048120603784756533,0.002214593224559554,0.01759075822674881,0.003262567124581122,3.514632754645758e-06,0.17134558602194533,0.0002740484639305075,1.2629033159579599e-05,0.0007187406374691486,0.05301594528305607,2.054873279282702e-05,6.616219069479811e-07,0.07906697432152444,0.008739650223186386,0.0007084830307394431,2.5593755885387357e-05,0.6347371872506855
56,0.020587250748603302,0.004171534486599655,1.5147390892021865e-05,0.0004921070821793037,0.0027016555287559686,1.8683224912052297e-05,0.00258058418195865,6.972021719377255e-07,0.0005993140501667575,0.0047864925445438924,0.03448460323583278,0.0020263679071514684,5.5224253604968165e-06,0.2463774823761229,0.0008194995213680961,2.516309715252097e-05,0.0010985772864918935,0.03787889684206024,4.303983513014436e-05,1.5466290936281255e-06,0.14002653878231783,0.018439069036941196,0.0015594810927379884,6.550763847304046e-05,0.4811952378529823
57,0.020007877173255476,0.0037316724321410414,1.403621250148703e-05,0.0004893587143461522,0.0025230008114988122,1.843788211533653e-05,0.002483950256852639,6.452232242455699e-07,0.000594981437689804,0.004874016199693514,0.03237562542823139,0.001729777394612842,4.504686637195327e-06,0.24060045254410434,0.0008516383391709143,2.433095129319028e-05,0.0010429215009776717,0.03564179200100941,3.851268713337591e-05,1.5005718380252668e-06,0.140703818985043,0.017799506684104544,0.0016303945159712723,6.9344157052627e-05,0.49274790320950174
58,0.021190832363144705,0.0036169623359150493,1.628847972748176e-05,0.0005208282950386713,0.002532014870353802,1.864245439545944e-05,0.002438410774391653,6.606579177569731e-07,0.0006462152545725585,0.005434592223777601,0.03626275204819045,0.00158327603172459,4.472911165519278e-06,0.24097673164605307,0.0009967529058124034,2.456221755405964e-05,0.0010428223597983934,0.03419067180885939,3.953463280806416e-05,1.6219344858198762e-06,0.1398608812697908,0.01956881594348714,0.0016330418423284683,9.485624561511938e-05,0.487303758493092
59,0.020831291012038528,0.00339616205594342,1.7261301773759826e-05,0.0005490135436149248,0.0025696516264742493,1.857334216875208e-05,0.002292417022231508,6.359612533621389e-07,0.0006424287108473762,0.005802498604222309,0.0367066722257323,0.0014588969998741645,4.002760017109369e-06,0.24381270863450455,0.0010528958421605111,2.434432879801597e-05,0.0010051935620428586,0.03338542594448614,3.749817582923675e-05,1.665963762273466e-06,0.1464701397100343,0.0193018132218019,0.0016342184937924,0.00010773828130126809,0.4788768526752948
60,0.019952155693963886,0.0037740294382932874,1.4188270936831496e-05,0.0004802807521189288,0.002536599243671823,1.846235087319777e-05,0.002476571245866877,6.539982308042289e-07,0.0005831173500387873,0.004838617590898635,0.03230316345433726,0.0017873715132255407,4.560824680468697e-06,0.24009450866958673,0.0008514856856450943,2.4243897550212343e-05,0.0010433377106467336,0.03559805159189612,4.0015060566489983e-05,1.5159918396222724e-06,0.14358676775348414,0.018258412429099567,0.0016203443532916578,6.733774826170146e-05,0.49004420738099563
61,0.022060607251836634,0.0034673742686308242,1.862703174975397e-05,0.0005825879682058166,0.0025988268090417163,1.9378612070587176e-05,0.00230568640861461,6.956033847758146e-07,0.0006102498175246201,0.005684853233210895,0.03691091114780039,0.0015654966006739394,4.328120180169168e-06,0.24690060971637603,0.0010197480094093193,2.457265587372802e-05,0.0010698513425198893,0.0358625180271369,3.928303730778168e-05,1.7075486469648292e-06,0.1545472115961295,0.019453305044536583,0.0016508874399126757,0.0001018502252864439,0.46349883248393936
62,0.019952155693963886,0.0037740294382932874,1.4188270936831496e-05,0.0004802807521189288,0.002536599243671823,1.846235087319777e-05,0.002476571245866877,6.539982308042289e-07,0.0005831173500387873,0.004838617590898635,0.03230316345433726,0.0017873715132255407,4.560824680468697e-06,0.24009450866958673,0.0008514856856450943,2.4243897550212343e-05,0.0010433377106467336,0.03559805159189612,4.0015060566489983e-05,1.5159918396222724e-06,0.14358676775348414,0.018258412429099567,0.0016203443532916578,6.733774826170146e-05,0.49004420738099563
63,0.020100946273434093,0.004124958328368035,1.4092161166039224e-05,0.0004560847842939884,0.002580244414359874,1.8366951550883027e-05,0.002473750628049648,6.384188570285273e-07,0.0006024998932634699,0.00477296423949313,0.032091464150162015,0.0018289373423482744,4.593937723362152e-06,0.23708114338011205,0.0008488467827256641,2.3274623417626483e-05,0.0010343775364180631,0.03462770862660136,4.022176812713424e-05,1.4378970258760607e-06,0.1406039037756068,0.018402843316212808,0.0015369104024481569,6.53088395310732e-05,0.4966644815287035
64,0.01885965269515445,0.0038891140083507714,1.600059734302832e-05,0.0004916526973783054,0.0028057063934586635,1.805383362076941e-05,0.002422562841629478,6.789706818828971e-07,0.0004895601618774501,0.004684616336994463,0.032994161676618755,0.0017916441776534505,4.154586645361007e-06,0.21664264771355823,0.0009706672516707216,2.140521539636275e-05,0.0008690456719388085,0.031388136165414124,4.3280557693638454e-05,1.5212362147513811e-06,0.20286547656172318,0.018242992441224598,0.0016242420885629319,6.370812671805717e-05,0.45879931799247775
65,0.007223543145814013,0.004733247564788801,5.211735652466337e-05,0.0009636599086265366,0.003440955646787499,7.545288069716442e-05,0.003912589950401284,1.0292843336450805e-06,0.0003165444726782021,0.0032628950750972514,0.06568046121977579,0.0008095800991152673,4.371279405003113e-06,0.2369860557090167,0.009403505855306507,1.9819969660569274e-05,0.0008353496602109373,0.006095075147756774,5.9838319305287227e-05,1.5374873608320828e-06,0.3984218308750152,0.02682895756847284,0.002834181923402754,0.00011092814787902327,0.22792647145256759
66,0.01985066372557016,0.003736436622724551,1.4649110174812758e-05,0.0004945804064346989,0.0026433419822921903,1.757970885824236e-05,0.002315064143117971,6.10989885962923e-07,0.0005553103721119443,0.004984110214876155,0.03379861653198384,0.0018426669107354035,4.574669198428967e-06,0.2502793338376583,0.0008063686146287138,2.3889307609526953e-05,0.0010269320272229571,0.03687792809575234,3.8507009563898416e-05,1.4747932862664692e-06,0.14768540883675796,0.01794661444694312,0.0015281074018195198,6.858185186007406e-05,0.47345864838893287
67,0.002665855282481997,0.0008550860167168732,4.806874059747624e-06,0.00017788638358938376,0.00038222094934585666,4.62704653899955e-05,0.0008168244201828349,7.01309823454947e-08,6.339557951019435e-05,0.0019728911731321914,0.017285184814200504,0.0012129232212047948,1.4544940097793482e-06,0.4099730150946814,0.000515746831277623,9.875838777597569e-06,0.0008736637756988414,0.02610929287504154,8.487613269136847e-06,2.3185014584315327e-06,0.13040618395351397,0.009833935646120912,0.002695903450117145,4.723374804336144e-05,0.39403947286719354
68,0.016428875966902606,0.002429783683227266,1.1894271250920571e-05,0.0006578553252199913,0.0016744506149599906,1.8061237892919064e-05,0.0026484227066285045,6.529880790388128e-07,0.00035377790086798665,0.003586485222053129,0.02935265261947576,0.0029280327356500054,7.751960785181473e-06,0.2780392506194672,0.00038633162106379947,2.808900480444551e-05,0.0014144325039791017,0.07840118923778168,2.5420135118922223e-05,1.8202595278395956e-06,0.1489278831702683,0.0112190073827006,0.001791217843035893,4.4696797726243624e-05,0.4196219641915328
69,0.02011717973711251,0.0037914161126703645,1.3997181574681968e-05,0.0004858946088960695,0.0025866061966060266,1.792081038539148e-05,0.0024922002560779487,6.530562184054246e-07,0.0006091883260470718,0.004861173545478594,0.03192144729427518,0.0017393914678146853,4.4744157274405646e-06,0.23810054508347828,0.000849308449123471,2.4279108763225408e-05,0.0010322341210157932,0.035428824714236674,3.875035802288954e-05,1.4721525391119868e-06,0.13894001701005218,0.017946846541418496,0.001597539732443687,6.809014277947327e-05,0.4973305495772423
70,0.009202324089784386,0.0018854117551073276,1.1922383076728046e-05,0.001333167183362373,0.00254524809339177,4.0748915111596164e-05,0.0022328100691643635,5.718488481849707e-07,0.0010983686270415116,0.005811181221860538,0.022919547430789673,0.0014694130093575572,5.935382637038761e-06,0.4400510307851922,0.0004488675557264679,5.870820590320536e-05,0.0021809770199223495,0.04912043651790728,1.237709694425465e-05,2.8586931349360812e-06,0.07010768002709729,0.008801729227175849,0.002739166163910415,0.00010125042482927947,0.3778182682727233
71,0.022328891477102753,0.003542152033066648,7.5256082184156725e-06,0.0003930040067029969,0.0028004966020621093,9.077538253269773e-06,0.0020273916998241846,5.375269294665303e-07,0.0007067419352766415,0.004039998990114385,0.027212721077082468,0.0018087683476984116,3.8480131504107685e-06,0.20700185985074523,0.0005015066268807177,2.2883080754149635e-05,0.000851065731434877,0.0413763673533416,2.849395682933334e-05,1.089906983847865e-06,0.10085325196891894,0.012838009257080289,0.0014951377875423084,5.1695026638719895e-05,0.5700974845973679
72,0.016973864526316457,0.0035112584522336123,1.2822482795031123e-05,0.0003385003457027408,0.002191748660766663,1.4134147619403391e-05,0.0020007470731877846,5.582202829067802e-07,0.00046869657199707443,0.004099718689913892,0.027923439571956678,0.0017486220528131753,3.7617899700676876e-06,0.23846610738886176,0.0007980871294134362,1.684374185066147e-05,0.0008957600083621158,0.03050305400399287,4.069266164983089e-05,1.365863298986048e-06,0.1356015867334696,0.022650914250909718,0.001457418573190312,5.273718398354751e-05,0.5102275598754616
73,0.02113579126743457,0.003404027597297762,1.2640349675663792e-05,0.0005014395525033596,0.0021848776622253943,2.0440746508407005e-05,0.002403055002781053,6.796633433245529e-07,0.000637513363835936,0.004935941737751736,0.0302252936945877,0.0018142884947664917,5.049419348393742e-06,0.2399156063592366,0.0006814483912957586,2.7612231819158676e-05,0.0012397627554542954,0.041139076763540415,3.759614963821082e-05,1.772501592471393e-06,0.13218760542137858,0.016315123591327696,0.0019386471034036664,6.993756773466668e-05,0.49916477261151876
