,0,1,2,3,4,5,6,7,8,9,10,11,12,13,14,15,16,17,18,19,20,21,22,23,24
0,4.567820029348551e-07,0.000407572355101745,1.378660046614151e-06,0.0011568617871294269,0.0001739707505477328,0.00016484138546258288,0.00013208173999265847,1.4553825490923977e-05,0.001257062253157204,1.1523968729331923e-06,0.0017266777315548942,0.0033146925654692623,2.745702696859651e-06,0.01917043716701867,0.004015144789719557,1.8943749550280782e-05,0.18146260964564595,0.00017279917204999362,0.00011839294633427551,6.009019809300134e-06,0.13887538953977557,0.611185480937558,0.0015161185807174207,9.493642123679795e-07,0.035103677152082895
1,1.1152424413747903e-06,0.000975709421901945,5.200429634147343e-06,0.004621185289792255,0.00012201988069774991,0.00014018033278676855,0.0004908153964587714,1.83940989667842e-05,0.0010447939083707142,6.861981408167046e-06,0.0012046396777895593,0.009802421451209326,2.2689800014510315e-06,0.052156310852665255,0.0021947743478469795,1.3414809219546285e-05,0.09581529883774056,0.00036030907308260156,6.749022945763577e-05,6.748260604422382e-06,0.187873173241633,0.5229894868399264,0.004769296348966007,1.112681100166747e-06,0.11531697838629845
2,9.151570630085846e-07,0.0008435149519599059,2.7597424155871372e-06,0.0034797993293946227,0.00019463112223076995,9.218885171504039e-05,0.0004560750000612614,1.3251874732450057e-05,0.0006787293293205632,4.611187979818029e-06,0.0013430767354157738,0.008002002264211317,1.93454215281238e-06,0.0748354604799993,0.002575273105851939,8.429548847428218e-06,0.12477378309884307,0.0003316240895682826,3.4681068805645835e-05,7.528613813048522e-06,0.12895081514812093,0.4779390197116075,0.005641041277185154,6.441658300902759e-07,0.16978820960287477
3,7.505373016261482e-07,0.0007283357839602965,2.9960935586540646e-06,0.004750944529016454,0.00011633117918152154,0.0001029519953660427,0.00037081110373594195,1.29672657367977e-05,0.0005925988429563316,4.672458983572347e-06,0.001399148720949547,0.008193637442974305,1.775958165915646e-06,0.06940230317685282,0.0014756694777543569,7.3812968766111276e-06,0.12592721179422442,0.0003267869127624429,3.77163916990915e-05,5.972919530142342e-06,0.1576747951689743,0.5041452087549052,0.006432276908213528,8.584167217523848e-07,0.1182858968695983
4,7.451994101182878e-07,0.0006868984176764562,2.689193445077204e-06,0.004520273815467597,0.00011125924551463723,9.248399752037022e-05,0.0003489687725681311,1.1549519551563795e-05,0.000562315389793407,4.24278358731312e-06,0.0013109806935849798,0.008922958079033944,2.0897670736171213e-06,0.07101416865558882,0.0013399583199150452,6.697470996198269e-06,0.132920950704055,0.0003213973856400951,3.569344685090604e-05,5.938647988489816e-06,0.15200270491605583,0.49962573764350987,0.0060899260295229005,8.306287784830307e-07,0.12005854127687104
5,7.172271664024573e-07,0.000626532922917173,2.4723754856361846e-06,0.005709351421799253,7.959012440295535e-05,8.370615607654554e-05,0.00029591519665845086,9.967083407805557e-06,0.0004933596353723177,4.477181368836962e-06,0.0011544679986024858,0.00875680064576811,1.7285944142733777e-06,0.07168901585160473,0.001022664232137997,5.568039888795454e-06,0.12591903267640533,0.0004010654871173649,2.812903653472842e-05,5.398257662503643e-06,0.1535896785973302,0.5072217274444379,0.0061580555825933875,8.479574812975318e-07,0.11673973027336557
6,7.505373016261482e-07,0.0007283357839602965,2.9960935586540646e-06,0.004750944529016454,0.00011633117918152154,0.0001029519953660427,0.00037081110373594195,1.29672657367977e-05,0.0005925988429563316,4.672458983572347e-06,0.001399148720949547,0.008193637442974305,1.775958165915646e-06,0.06940230317685282,0.0014756694777543569,7.3812968766111276e-06,0.12592721179422442,0.0003267869127624429,3.77163916990915e-05,5.972919530142342e-06,0.1576747951689743,0.5041452087549052,0.006432276908213528,8.584167217523848e-07,0.1182858968695983
7,4.0289777680298746e-06,0.0014988435238034946,1.6283250911104143e-05,0.006381653671569821,0.00021356565862722105,0.0002318044578104621,0.0008770262153589044,2.8147889245307628e-05,0.0009484130759697489,1.2308281475264468e-05,0.002635438043892237,0.013107072280750084,4.220627951196851e-06,0.08406494410050548,0.0013414880631907658,9.701276795029635e-06,0.14527603435745698,0.0006079786463217672,0.00012022059388855153,1.0010545430114311e-05,0.1711404795250884,0.38523968123720453,0.013116754737025746,3.1535928863818645e-06,0.17311074736907334
8,1.4701374219875638e-06,0.0017598568841790817,7.890676259327465e-06,0.013921654810981154,0.0001698759906803634,0.0001414008167764389,0.0008198871103451099,2.249101931607569e-05,0.0005328527097099148,1.4397866102565575e-05,0.001958244716276013,0.013367568905087761,2.0565160590677483e-06,0.16995434123560602,0.0008892968783850064,7.861362468811987e-06,0.10697065761147304,0.00036653532154860716,3.843602972398428e-05,1.1716692166003542e-05,0.160830657151411,0.3223623042393786,0.023537899156137364,1.6274133888381452e-06,0.182309018749118
9,7.343937378567196e-07,0.0011020069591371575,5.848601829371513e-06,0.01239397777902733,8.469408198960651e-05,0.00011052270904655595,0.0005374604218734612,1.275587175654842e-05,0.0005950565792571123,1.0770705622253976e-05,0.0010089934337688213,0.013299507824287227,2.029447923697074e-06,0.0891719150083559,0.000943613725385674,8.014556292680687e-06,0.08791304074045052,0.00032051691112964907,2.643602181526902e-05,9.270248287609954e-06,0.24718508001469383,0.38286273357790057,0.012298868837695332,1.1932748618578782e-06,0.150094958273874
10,7.505373016261482e-07,0.0007283357839602965,2.9960935586540646e-06,0.004750944529016454,0.00011633117918152154,0.0001029519953660427,0.00037081110373594195,1.29672657367977e-05,0.0005925988429563316,4.672458983572347e-06,0.001399148720949547,0.008193637442974305,1.775958165915646e-06,0.06940230317685282,0.0014756694777543569,7.3812968766111276e-06,0.12592721179422442,0.0003267869127624429,3.77163916990915e-05,5.972919530142342e-06,0.1576747951689743,0.5041452087549052,0.006432276908213528,8.584167217523848e-07,0.1182858968695983
11,7.852910260668278e-07,0.0007270120296355283,3.0550696243612296e-06,0.0047661751701194984,0.00012048137078924694,0.00010160241027077182,0.0003783537167519315,1.2904616651567834e-05,0.0005932099143866103,4.665081495062421e-06,0.0014113686676150736,0.008859503877070624,2.108881626300765e-06,0.06954598940670201,0.001433530974062417,7.438667746128745e-06,0.13216218345846348,0.0003242888602192778,3.8921714113854424e-05,6.458055005755599e-06,0.1574100640898464,0.49583213617590227,0.006632173744272392,9.235654177651692e-07,0.11962466519118554
12,6.776965263617149e-07,0.0007322422571749329,1.5531509780079958e-06,0.004092782031375704,0.0001255942088657894,9.096481740287616e-05,0.0002283227499386546,6.078773757103961e-06,0.0003703124818299727,4.421279805735843e-06,0.0008330960542521728,0.00474069144888186,1.4338922891211908e-06,0.11236472554754835,0.0008286944660532902,3.764913655171084e-06,0.19950812969063084,0.00038126554759552924,1.8031347158409256e-05,5.976351984335345e-06,0.13326348459222642,0.3646605149238721,0.006516756653735927,4.402586284914626e-07,0.1712200448638329
13,1.0771522769095035e-06,0.0009787477612769803,3.5399724673335774e-06,0.004363042447948559,0.00012768581737703633,0.00013070430098679396,0.00035908923347027414,1.0812375160640581e-05,0.0007953135568601002,6.87676140003898e-06,0.0008485291726596515,0.006514020041985412,1.945311097481916e-06,0.054389353546610654,0.001633734451445168,8.821325437463584e-06,0.1374894109383746,0.00040510001243237846,4.59030136441251e-05,7.0367345316794575e-06,0.1785077464567895,0.4644277922817687,0.005214408484512809,8.627946269471411e-07,0.14372844605485877
14,9.112856108914365e-07,0.0039864633712857435,1.105510350709976e-06,0.005113520376945111,0.0003187930095250608,9.591984829204922e-05,0.0006020644046225701,1.530090998919084e-05,0.0004709077483770193,1.308207851614704e-05,0.002584089992553828,0.005821477103722344,7.12376861951382e-07,0.19198369116234243,0.001414712515509311,7.290843402108996e-06,0.1030498153735401,0.0002745510473293239,7.79631152867992e-05,8.997388045663262e-06,0.08925525272196624,0.47981026360102175,0.012642097907299364,1.021977120417866e-06,0.10244999433048382
15,7.505373016261482e-07,0.0007283357839602965,2.9960935586540646e-06,0.004750944529016454,0.00011633117918152154,0.0001029519953660427,0.00037081110373594195,1.29672657367977e-05,0.0005925988429563316,4.672458983572347e-06,0.001399148720949547,0.008193637442974305,1.775958165915646e-06,0.06940230317685282,0.0014756694777543569,7.3812968766111276e-06,0.12592721179422442,0.0003267869127624429,3.77163916990915e-05,5.972919530142342e-06,0.1576747951689743,0.5041452087549052,0.006432276908213528,8.584167217523848e-07,0.1182858968695983
16,1.5577188886669076e-06,0.0010015885899197449,6.23825217260994e-06,0.00673147686246181,0.00022854136692901402,0.00024013973891448678,0.00039024438319576807,1.70250500375335e-05,0.001020560208280133,4.248549525457458e-06,0.0030824442858897578,0.006923816411855071,2.6070815705231575e-06,0.08588096970897431,0.0018987356820082788,9.460663457127128e-06,0.19256034367878283,0.00044137592441244875,5.5685819118291966e-05,8.659259893568815e-06,0.12297763606634977,0.4226495932732105,0.010193023191973698,1.7954859385631111e-06,0.14367223274623994
17,1.1772072783142048e-06,0.0010032728818890025,5.028998497492623e-06,0.004934783797469572,0.000135144816116558,0.00016544949624017303,0.0004444635180340967,1.542354132859985e-05,0.0010217047445365067,5.874191583079681e-06,0.0015280224645120672,0.008412759742516826,1.9529895065963133e-06,0.05794459693966581,0.002144478816936523,1.0571558408691045e-05,0.10869296249210399,0.0003948557113617679,6.309272169345275e-05,6.121596011969487e-06,0.18280569657352388,0.4988292392049612,0.005518017227376863,1.230219486019957e-06,0.12591407854896083
18,7.927343395526507e-07,0.0007957791377787259,3.4264149359903145e-06,0.0051190938112941195,0.00012070916940712608,0.00011500516847121724,0.0003950327761536221,1.5062340536086501e-05,0.0006658147766174912,4.871393452103641e-06,0.0015971611952101349,0.008534404955912307,1.7862118358226126e-06,0.06793572903365742,0.0016263516908923124,8.467426689872944e-06,0.11856159366591155,0.00031906406725075166,4.464585962546795e-05,6.176659749645542e-06,0.15923384218108022,0.5179001147812932,0.006702386143881946,9.98464212909571e-07,0.11029168993981034
19,5.059506012470267e-07,0.0005935516628263049,2.984603844040494e-06,0.005179405362505493,7.766215501787186e-05,5.379939180584903e-05,0.0005189597375636726,1.3294488610715952e-05,0.000557868083238684,4.305197777068237e-06,0.0009526176005313948,0.01405975638836624,1.8129246017514298e-06,0.052778573899115985,0.001441601647960771,7.763071496087086e-06,0.08047848909516468,0.00023275276907541565,2.6652083544992625e-05,4.822285611804906e-06,0.17188649963530686,0.5589200738834327,0.00490158249490587,6.141724727369581e-07,0.10730405141462197
20,3.196739740171857e-07,0.00034842929797853083,1.873273569933601e-06,0.003215514644558639,5.504178216061666e-05,5.2811017630455e-05,0.0002850328670314427,1.594577883992695e-05,0.000385789554362851,2.733768260506634e-06,0.0011545007429263272,0.007293032706137796,9.694018676016328e-07,0.03992461971139229,0.002085809401145097,7.03664828972214e-06,0.07315428664444776,0.00021249165715339508,2.722295776485417e-05,3.3511027115434358e-06,0.11702254516985704,0.682783065121869,0.0032786496741319233,4.335624524328017e-07,0.06868849383948641
21,8.201435895953062e-07,0.000926031651149155,3.128186133522531e-06,0.005926758075090565,9.892199615325117e-05,9.273365366283821e-05,0.0004432813904087684,1.6754693847257443e-05,0.0007024157536656382,5.902936787196382e-06,0.0012517559342963874,0.011817164458016682,1.7695962956067832e-06,0.09330776351191436,0.001438968554708941,9.930817507127326e-06,0.08794279831200158,0.0003572200983699112,3.96154527962214e-05,6.0990287532335126e-06,0.16361485087607489,0.5164998384736199,0.005155366763451274,8.216559550233651e-07,0.11033928798575106
22,6.511138350596873e-07,0.0009389158428942848,3.224826478098465e-06,0.00573164637615186,0.00012997510743637737,0.00010149356574230603,0.0005113350771034219,1.4763934936045997e-05,0.0006825402193363163,5.42360048643503e-06,0.0014375140953172684,0.01137175159211228,1.9611619285401295e-06,0.07858625942118874,0.0016592377509924226,8.817758397560007e-06,0.1007979199859978,0.0002441846056991498,4.212342733403593e-05,6.785752820423613e-06,0.1774334789686646,0.49046963973788504,0.007937941726289872,9.244318158270757e-07,0.12188148991915611
23,7.505373016261482e-07,0.0007283357839602965,2.9960935586540646e-06,0.004750944529016454,0.00011633117918152154,0.0001029519953660427,0.00037081110373594195,1.29672657367977e-05,0.0005925988429563316,4.672458983572347e-06,0.001399148720949547,0.008193637442974305,1.775958165915646e-06,0.06940230317685282,0.0014756694777543569,7.3812968766111276e-06,0.12592721179422442,0.0003267869127624429,3.77163916990915e-05,5.972919530142342e-06,0.1576747951689743,0.5041452087549052,0.006432276908213528,8.584167217523848e-07,0.1182858968695983
24,8.691625391246123e-07,0.0010768878641547936,2.363384201131578e-06,0.006430801837405593,0.00010913671445731973,9.451203640618406e-05,0.000339447200776999,1.2876868583001564e-05,0.0004866001676570259,6.245267908945662e-06,0.0012679153968101903,0.008494451689580162,1.671404169920325e-06,0.11673887504802903,0.0009509747332230268,6.471630480037306e-06,0.13682534645805886,0.0003762607445146533,3.591681219127556e-05,7.117671440984737e-06,0.1336251522039228,0.46749641297268824,0.007581868611498774,8.502706372635357e-07,0.11803097384866473
25,3.9685248224036186e-07,0.0005283898305021753,2.0312481706215318e-06,0.0069218837830208,0.00010369809683357631,8.062086873786601e-05,0.0004154872618870328,3.600037397478132e-05,0.00032557035234665583,3.476223835110393e-06,0.004006680025035869,0.008672214367728094,9.685881074373116e-07,0.13859255082772295,0.0010477483948642056,8.10957208673019e-06,0.09717041238716116,0.00024911992267299325,3.4306622823789714e-05,4.971113187207868e-06,0.10625575566226388,0.5749061131891826,0.00908365081019519,8.823681120216221e-07,0.05154896125706481
26,2.581011035601242e-06,0.0009886942504439137,6.621388070557636e-06,0.006071811914903012,0.0001912517811672369,0.00021868467413416223,0.00028101240517657613,9.470094077507631e-06,0.0009084660605516675,5.733462947718085e-06,0.0020776491636790777,0.006565972506029406,4.183087416842329e-06,0.05410154958253778,0.000707656139348944,6.445333277759642e-06,0.25516313370149724,0.0006225288734503229,6.807381736731532e-05,1.0809546097688896e-05,0.17933409255957514,0.36052424877931594,0.012964214728367533,3.910548684498618e-06,0.11916120459084663
27,5.13749686526561e-07,0.0004958507033779155,2.033817947245831e-06,0.0037111442225550755,7.743193864381015e-05,7.595893611529159e-05,0.000266768872182215,1.2229474319150575e-05,0.0005028939325085894,3.2359706840602244e-06,0.0012284709597944988,0.006775277798115544,1.3034437298024612e-06,0.05172756835232399,0.0015163068389910783,6.7531790524816795e-06,0.10620467126727548,0.00029042101844371543,3.248189605450018e-05,4.231432744689407e-06,0.1305909456366669,0.6095688167710437,0.004234803102621693,6.523231701004313e-07,0.08266923436195202
28,7.505373016261482e-07,0.0007283357839602965,2.9960935586540646e-06,0.004750944529016454,0.00011633117918152154,0.0001029519953660427,0.00037081110373594195,1.29672657367977e-05,0.0005925988429563316,4.672458983572347e-06,0.001399148720949547,0.008193637442974305,1.775958165915646e-06,0.06940230317685282,0.0014756694777543569,7.3812968766111276e-06,0.12592721179422442,0.0003267869127624429,3.77163916990915e-05,5.972919530142342e-06,0.1576747951689743,0.5041452087549052,0.006432276908213528,8.584167217523848e-07,0.1182858968695983
29,7.505373016261482e-07,0.0007283357839602965,2.9960935586540646e-06,0.004750944529016454,0.00011633117918152154,0.0001029519953660427,0.00037081110373594195,1.29672657367977e-05,0.0005925988429563316,4.672458983572347e-06,0.001399148720949547,0.008193637442974305,1.775958165915646e-06,0.06940230317685282,0.0014756694777543569,7.3812968766111276e-06,0.12592721179422442,0.0003267869127624429,3.77163916990915e-05,5.972919530142342e-06,0.1576747951689743,0.5041452087549052,0.006432276908213528,8.584167217523848e-07,0.1182858968695983
30,7.505373016261482e-07,0.0007283357839602965,2.9960935586540646e-06,0.004750944529016454,0.00011633117918152154,0.0001029519953660427,0.00037081110373594195,1.29672657367977e-05,0.0005925988429563316,4.672458983572347e-06,0.001399148720949547,0.008193637442974305,1.775958165915646e-06,0.06940230317685282,0.0014756694777543569,7.3812968766111276e-06,0.12592721179422442,0.0003267869127624429,3.77163916990915e-05,5.972919530142342e-06,0.1576747951689743,0.5041452087549052,0.006432276908213528,8.584167217523848e-07,0.1182858968695983
31,1.6771910446638169e-06,0.0011478531765218595,6.3816417463855334e-06,0.006635814660786875,0.0001261082787368433,0.00012824512180025877,0.0005450330451406728,2.826534754580834e-05,0.0005609739532476361,1.0136000328625411e-05,0.0016226342129243313,0.008771128529554218,1.877298108541147e-06,0.09231084091303515,0.0011826777263424571,7.787352264319848e-06,0.13032279589255677,0.0004966167320121688,6.099601425889318e-05,7.608869634017588e-06,0.15366234454479272,0.46639816937701595,0.009509746581689316,1.1967370367897108e-06,0.12645309080187456
32,8.176507032016013e-07,0.000769125461747354,3.003348956936747e-06,0.004308005324405609,0.00011479868405639231,0.00010792661896398098,0.0003612874149456846,1.3273206933299484e-05,0.0006171982443477323,4.781831446772144e-06,0.001411281192506469,0.008105778916056268,1.8480670843715675e-06,0.06445524465567945,0.0015139563646308645,7.564774389498089e-06,0.1250550057624526,0.00032598492257747706,4.697652230498604e-05,5.834208409929991e-06,0.1561555088239717,0.5203941437467716,0.006096463908118082,9.447995147320695e-07,0.11012324554902503
33,2.465047559455296e-07,0.00039322092272056375,8.340183213749446e-07,0.004441951719852254,7.183598023513436e-05,7.504110765691159e-05,0.0001542527238469272,1.4767559973443194e-05,0.00015444619672896328,3.91740361401489e-06,0.0017426529937828853,0.0038498462389032037,1.2438018702998758e-06,0.1077007427141966,0.00041665652262541235,5.212807800069895e-06,0.19953512286822225,0.00020019085770930158,2.948392413918712e-05,6.231202381487618e-06,0.09380486001040364,0.5382298064770187,0.01020795812882123,7.651060436341205e-07,0.03895871220837656
34,1.128675811220015e-06,0.0008974154131632522,3.684339638969995e-06,0.004123630821997687,0.0001269627304143447,0.00011899570027836026,0.00038076262998554386,1.4272559888744279e-05,0.0008438850918452099,4.254837304500894e-06,0.001564688413445327,0.008989656055555567,2.0526019558289438e-06,0.06210848911764055,0.0017314057885584023,7.87099262559557e-06,0.12167203029262774,0.0003689840717824876,5.9026861990787864e-05,5.420130274862522e-06,0.15384325796758813,0.5251598177590262,0.005153469187844949,1.068685782701681e-06,0.11281776927297316
35,2.9215179434236095e-06,0.0006341475782549469,5.012575227185103e-06,0.004476166411072726,5.355075552666204e-05,5.8362524491224514e-05,0.000383003936020934,1.6068376517275412e-05,0.0011239885649929338,4.656453652101748e-06,0.0006547208694215222,0.011637130700795173,1.7333362337180491e-06,0.03386148906081176,0.0008393476133214298,5.542627163821828e-06,0.08767818518853135,0.0012462133305677255,4.390287029155859e-05,2.656216445472239e-06,0.1612312382946015,0.592188914300806,0.0017631489175963708,9.042939506763922e-07,0.10208699368576266
36,4.154501345266324e-07,0.00027651305213246977,1.2961947870633845e-06,0.002236440621011798,3.8692469557269316e-05,2.525213077225911e-05,0.0002661327045147107,2.084685826043556e-05,0.0003377997015236569,1.7486072638440171e-06,0.0007760232969025402,0.013448160294461541,1.651933073015224e-06,0.04305023779102951,0.0015470061264785022,7.88184325575205e-06,0.07546333404171782,0.00020327143657187822,3.0406314371139645e-05,2.756454199638794e-06,0.07098150659602787,0.730946694391325,0.001407522677820379,2.667622730498518e-07,0.05892814225053422
37,1.7240583318636408e-06,0.0010280547113828465,5.341854969436667e-06,0.006989874069059203,0.0001070816074849965,9.929364968032188e-05,0.0004582223647737624,1.151508372503845e-05,0.0006272713749596663,7.894138217442114e-06,0.0014523116751431048,0.010612917265694891,2.2569031223120144e-06,0.06217158999287471,0.000742294573382471,5.293286256918203e-06,0.1300624454384884,0.000543135450781758,4.8108446735520546e-05,6.998601290728399e-06,0.17523447231963402,0.47247298043914465,0.010789932471934818,2.0522180828330296e-06,0.1265169380048484
38,1.211051775670935e-06,0.0009871329356238275,4.544251144993714e-06,0.004254130878985334,0.00016806152663085617,0.00015889225704013345,0.000506494288273519,1.4840310167130558e-05,0.0008886667537934798,5.98016103508244e-06,0.0015818645109996249,0.00858936852255953,2.1027705888199936e-06,0.07033537909633948,0.002256235681291651,9.861616317344955e-06,0.11491570883525036,0.00037122856609539883,5.848971637726122e-05,6.242088821730264e-06,0.16248458578739292,0.4757580021007637,0.006259336200320984,1.0853472282133894e-06,0.15038055474518308
39,1.1887523559013536e-06,0.0038484542326389422,1.3739691072367906e-06,0.007391519253096887,0.00019567006738102982,3.417436668450206e-05,0.0005525056652369946,6.389559345426915e-06,0.0006835864104645083,4.41530897736539e-06,0.0021419502127015266,0.015350350120048498,6.658562900348588e-07,0.2384634152165831,0.0011617712744979823,3.4639858315640042e-06,0.05342902577991473,0.00025564446640293225,2.3417080228229685e-05,5.809969109273689e-06,0.05182081399005447,0.4439012393617172,0.011242360076862511,7.900591141319983e-07,0.169480004965355
40,9.607386760518751e-07,0.0008606431907863749,4.491282019874792e-06,0.0034470088029433504,0.00012768639639302746,9.452140156001282e-05,0.0005597130742681844,1.2497645056429028e-05,0.0008289249282249978,4.073067252254987e-06,0.0012598944592205087,0.012145290920358773,1.9207754249667946e-06,0.06909479328073853,0.002661929775571675,6.709067048364608e-06,0.08361106548179853,0.00028383579532225616,3.9674116728149566e-05,4.312783201943107e-06,0.14367356403025153,0.4982261849053083,0.004586073295698361,6.091106047228345e-07,0.17846362167554286
41,2.636550790616301e-06,0.0016168926613184685,9.34883929102003e-06,0.004895521720162965,0.0006699154951617775,0.00020416837524020917,0.0011140416391875532,2.1725320429778434e-05,0.00288566815454448,4.304261329036764e-06,0.0024429521328978698,0.012335096736910123,4.194715154041297e-06,0.0638913608723537,0.0065543503372255275,2.3404649734949208e-05,0.1213509014835071,0.00040627674565367884,5.6145649868374566e-05,1.0463385860844654e-05,0.1443665819294403,0.3781821472440765,0.00510811239331575,1.2956401741238428e-06,0.2538424930663713
42,2.3422598319790913e-07,0.00023911658240700453,1.5890718918797277e-06,0.0026400108928055725,2.719477914846007e-05,5.485239117110612e-05,0.00017570726594956623,1.8081286770122516e-05,0.00030391766399578296,3.1410613991860886e-06,0.000747904296624297,0.006277738195971547,1.227152274688392e-06,0.021057972066783795,0.0012820891757145494,9.253882464935403e-06,0.07453802220627996,0.0001711467877920237,4.8172836778385026e-05,3.309972506042794e-06,0.14090089636852365,0.7155743743234809,0.0024497120723195125,5.650453373456222e-07,0.03347377039562634
43,5.362709331790106e-07,0.0005851042429878879,2.490108806958198e-06,0.004149614630600967,8.694535851353786e-05,0.00010695263762358664,0.00029438991462150835,1.2099757086889439e-05,0.00045048502103953506,6.161259862042636e-06,0.0010012347208688006,0.005845382197030246,1.5255212494978762e-06,0.05765525237133049,0.0012286140020772943,7.438457392039939e-06,0.1256132224484723,0.0003155282157971865,3.6565601468478714e-05,6.134379145720977e-06,0.18630302458552625,0.5136891448191816,0.006112864472306081,7.667105134211079e-07,0.09648852229556466
44,7.505373016261482e-07,0.0007283357839602965,2.9960935586540646e-06,0.004750944529016454,0.00011633117918152154,0.0001029519953660427,0.00037081110373594195,1.29672657367977e-05,0.0005925988429563316,4.672458983572347e-06,0.001399148720949547,0.008193637442974305,1.775958165915646e-06,0.06940230317685282,0.0014756694777543569,7.3812968766111276e-06,0.12592721179422442,0.0003267869127624429,3.77163916990915e-05,5.972919530142342e-06,0.1576747951689743,0.5041452087549052,0.006432276908213528,8.584167217523848e-07,0.1182858968695983
45,5.383659201981811e-07,0.0004231418864791176,3.932634978327973e-06,0.0038151882423247143,0.00011114523986077192,0.00011319231046555257,0.0004633350791182163,3.483335206071259e-05,0.0007808754869219484,2.9038546588254987e-06,0.002355295735774146,0.008416263388738656,1.6231874850005472e-06,0.03987255410369349,0.00455154931308136,1.7415288848642082e-05,0.07821059480769825,0.0002390990822881857,5.275600312183266e-05,4.7364343249871005e-06,0.10809915625221507,0.6765919925364134,0.003377240979998037,7.809377237438788e-07,0.07245985549580658
46,1.4756207293793547e-07,0.00012592255272274487,6.12756775506227e-07,0.002871027911973054,2.9052386134574455e-05,5.63104328183941e-05,4.718243657720181e-05,4.986752848616137e-06,0.00010503845640688422,1.4752968531539813e-06,0.0007346139141922523,0.00229001239917886,1.5224880591881629e-06,0.03228300547662847,0.000350706909420313,2.9832940946218482e-06,0.32346321587440374,0.00017071792813439006,1.4404458884120398e-05,4.595131040085224e-06,0.09966371441526421,0.4950961289089583,0.004909450345088514,4.792757269253352e-07,0.0377726926357429
47,7.640036096140099e-07,0.0006150948084229909,2.5858713419247696e-06,0.0034976585447467423,8.799815216361316e-05,6.836626535565741e-05,0.00033092965691339395,9.617424802672634e-06,0.0005802453885096949,3.882703565788638e-06,0.0008691116120219938,0.009626871123367393,2.0757830016164936e-06,0.04653301878957686,0.0013729067606343423,6.738819830817894e-06,0.11756000338014103,0.00029644621620822674,3.567483923351255e-05,4.98984022521394e-06,0.15960638854826528,0.5380996205233702,0.004265862014661276,7.027944553958795e-07,0.11652244613557457
48,6.54086032579128e-07,0.0011874953078797978,1.5835127521098363e-06,0.003330298271058161,8.026596576554773e-05,0.00014433895962443462,0.00018719807820898946,1.29457268872999e-05,0.00034944406307213673,6.676844314648453e-06,0.0016400194253639025,0.004121521033001164,1.2942515067437819e-06,0.06976980462611539,0.0006974919919539422,5.34878078911525e-06,0.16827211551753785,0.00022198742977961482,0.00013583608635103027,5.400978298802309e-06,0.11603632928920302,0.5773559936613214,0.008662762057254077,1.4487214563677625e-06,0.04777174533447194
49,6.815615735214934e-07,0.0006187660883391905,3.6264098565675628e-06,0.005754438235247377,8.157654317811449e-05,0.00010056123037031268,0.00035677298233454356,1.1891017601005951e-05,0.0005255438391314518,5.126387047912409e-06,0.0012375324464341648,0.00979595047241228,1.9432491369114196e-06,0.06726268395819404,0.0012268835328321508,6.663850977732276e-06,0.11146673344424224,0.00032844217534197203,3.215036883000125e-05,5.790738558089936e-06,0.17413162863217568,0.4991232235479328,0.007185467249266063,9.42180498995598e-07,0.1207349798584869
50,6.513594980023072e-07,0.0007297536359697484,2.769249159707249e-06,0.003815957195551618,0.0001215767535945026,6.730314090716838e-05,0.000721113472371688,1.8984733705843243e-05,0.00031107986123648634,9.353796850691077e-06,0.0010791580234444475,0.009730280557607681,1.4684655012400198e-06,0.09568300445577774,0.001454206772425026,6.7537210873017396e-06,0.09576268247472722,0.0002715345038838375,3.38586434645596e-05,5.939192529125788e-06,0.1378858446990007,0.4885182021029006,0.008218852250862812,5.026983752074871e-07,0.15554916823956735
51,7.377240308357413e-07,0.0004132456369428715,4.197808404172165e-06,0.003367040597600219,0.00024722314880971913,0.00015570214336412216,0.0005143684436146944,1.2200767653613585e-05,0.0006420701658569094,4.518325710623961e-06,0.001694843616133749,0.007360540496717122,3.7361487332626367e-06,0.050273993373015184,0.0018273633292091118,1.0709442689652738e-05,0.17682027281837578,0.0002989522182368197,3.445539754806926e-05,8.832995809487403e-06,0.21977171347207797,0.3702501136263824,0.009166547457336792,1.1679098780391631e-06,0.15711545293586887
52,1.551885589732739e-06,0.0003031206690387243,3.0354074086163854e-06,0.0020940481462345733,0.00013210629337512267,0.000355400390820058,0.00017371521995040222,1.868844922819716e-05,0.0008104013983762184,4.372761964730009e-06,0.0022105360228238343,0.001793807623416175,9.804239722967206e-07,0.08842414951872227,0.003782838088414239,1.124294139279804e-05,0.14332993962950846,0.0019001606326067275,3.800691934752293e-05,3.752512357097788e-06,0.06601647596817697,0.5479118272865001,0.001839687472570394,6.120151109172471e-07,0.1388395423230938
53,4.4755591379813825e-07,0.0005575049101161209,3.1518631089886868e-06,0.004870155447491803,0.00016137652505650378,6.618084646611051e-05,0.0008773987180547454,1.7550122253267862e-05,0.0005441374107441309,4.605519460869739e-06,0.0018096319885840414,0.013308092748504263,1.694527477550663e-06,0.06583979941861476,0.002368494727623165,9.268596752579878e-06,0.07724720097483467,0.00020881338430824784,2.5210984779348214e-05,5.779935954476799e-06,0.16135483312763937,0.5250911226437806,0.008351007327465172,6.924170344727436e-07,0.13727584827798095
54,1.1717775640232022e-06,0.0015141726864497424,2.2784531077066484e-06,0.0035963212039597874,0.0001341498818808303,7.696914903597634e-05,0.0004073709534065747,7.1263520502277125e-06,0.0006564695140601093,6.783486758749135e-06,0.0005780531133140979,0.00872635045256893,1.3513076864996626e-06,0.1108748802468309,0.002145029588978346,6.26821714377444e-06,0.0886697516099849,0.0003543526107884081,2.61856194482186e-05,5.688254416340499e-06,0.1021983490719451,0.3980947913155124,0.004066022355046056,3.471912884362236e-07,0.2778497655867739
55,1.6114565480620844e-06,0.0007644155135851039,5.0821975826509585e-06,0.0053466188190722675,8.171975303816418e-05,6.601001847129665e-05,0.0005519952715316446,9.067384437170228e-06,0.00208167057409833,2.6445428321168014e-06,0.0007920205470213788,0.029410174341328976,4.2968270538321504e-06,0.034837100057630056,0.0016988331530139811,8.371004557417101e-06,0.06694506076401673,0.00048720919782769764,4.102369282901859e-05,3.70315507230364e-06,0.2064706807986679,0.502489622248814,0.002195825138149086,1.1537515954023982e-06,0.14570408979122546
56,7.543404463585097e-07,0.0006937648533639734,2.923947505602177e-06,0.0046084893173455035,0.00011237128922459361,9.880875030021816e-05,0.000365856207922105,1.2574199698599601e-05,0.0005793646663612826,4.520179230477158e-06,0.0013631136636089109,0.008818981472268799,2.0371380111700485e-06,0.06847552811470937,0.0014228533639035997,7.208707920512434e-06,0.12849883467182674,0.0003227331557166043,3.8318022339934686e-05,6.032864112067131e-06,0.15615418738790182,0.5044372553261391,0.0062581666858515135,8.773395236116034e-07,0.11771444433476747
57,1.09627089685887e-06,0.001161660946158898,5.0782968422344e-06,0.007829288951842856,0.00024624221181428067,0.00030755145114457107,0.000439700352788957,1.6610385798762046e-05,0.000854620901351033,6.00659669656713e-06,0.003796543381861812,0.004237796175978203,8.723579137651238e-07,0.13690142299993133,0.0021267467960848587,7.892650183941934e-06,0.12527949812739916,0.0005230524802864634,3.7477963934541e-05,6.112684716022685e-06,0.15910501026567012,0.3934914492256607,0.012369923257883338,1.3216668597973366e-06,0.15124702360030098
58,8.877855732558074e-07,0.0007556854454796723,3.2993508111842823e-06,0.00513593337595467,0.00011760046937935763,0.00011100182523545158,0.00038191802068318983,1.3347242054049055e-05,0.0006626840770097109,4.679417363690461e-06,0.0016515974948150367,0.009669528979483694,2.1964259329721476e-06,0.06746695719182629,0.001303214918381985,7.643462141497223e-06,0.12432044968820329,0.0003505630209772184,4.683090564966484e-05,6.1877432685395014e-06,0.1634003406362843,0.5100538979163075,0.007189660247178738,1.257040737655771e-06,0.10734263731926741
59,8.946771472452057e-07,0.0007618137720825409,4.018581462202118e-06,0.005418556425156611,0.00012270194952033726,0.00011780216924058889,0.0004125616664716296,1.414510835508769e-05,0.0006955196982117755,5.095441845550932e-06,0.0016476949156197418,0.009345593108145037,2.135324037924269e-06,0.061594612470908784,0.0014280746995800524,8.232205183676365e-06,0.12096250733191286,0.0003441005361925222,4.549856934827547e-05,6.7510719337887784e-06,0.17808033582407887,0.5004720627186028,0.007664973604062683,1.3100244827928017e-06,0.11084300810641666
60,7.505373016261482e-07,0.0007283357839602965,2.9960935586540646e-06,0.004750944529016454,0.00011633117918152154,0.0001029519953660427,0.00037081110373594195,1.29672657367977e-05,0.0005925988429563316,4.672458983572347e-06,0.001399148720949547,0.008193637442974305,1.775958165915646e-06,0.06940230317685282,0.0014756694777543569,7.3812968766111276e-06,0.12592721179422442,0.0003267869127624429,3.77163916990915e-05,5.972919530142342e-06,0.1576747951689743,0.5041452087549052,0.006432276908213528,8.584167217523848e-07,0.1182858968695983
61,9.058066771144746e-07,0.0007632527312215027,3.961907098876279e-06,0.005293396884135493,0.0001241512294228825,0.00011426914926725115,0.00042007912232922635,1.408711497403934e-05,0.0006889497775330651,5.0891577006249026e-06,0.0016190356820513546,0.00954637364496766,2.2193169998009578e-06,0.06173899746189443,0.0014536675099211557,8.108628144738822e-06,0.12130055957792313,0.00034605307816901713,4.5149806554720694e-05,6.753432002162729e-06,0.17484774504342723,0.5004575784762265,0.007516552962791738,1.2757249755011527e-06,0.11368178677359098
62,7.505373016261482e-07,0.0007283357839602965,2.9960935586540646e-06,0.004750944529016454,0.00011633117918152154,0.0001029519953660427,0.00037081110373594195,1.29672657367977e-05,0.0005925988429563316,4.672458983572347e-06,0.001399148720949547,0.008193637442974305,1.775958165915646e-06,0.06940230317685282,0.0014756694777543569,7.3812968766111276e-06,0.12592721179422442,0.0003267869127624429,3.77163916990915e-05,5.972919530142342e-06,0.1576747951689743,0.5041452087549052,0.006432276908213528,8.584167217523848e-07,0.1182858968695983
63,8.451422322708187e-07,0.0009346971783186423,3.0576809763051843e-06,0.004814418693249625,0.00012487179093571845,0.00010386337260268259,0.0003806716911390666,1.2416502583925731e-05,0.0006162495182438368,5.302556493738665e-06,0.001339629791668694,0.008265838151147866,1.7611793303485392e-06,0.0723972826389094,0.001500462612671429,7.281066156398048e-06,0.125802818187027,0.00031689379233442675,4.236241680806559e-05,6.460918882567614e-06,0.15649944155919812,0.496032417976847,0.006802597212157418,8.918405839254901e-07,0.12398746652950149
64,5.851549205424409e-07,0.0006308797115949858,2.5604693548655596e-06,0.004463710237292089,9.536856776415156e-05,9.205982329308523e-05,0.000327001850842331,1.0457491006961476e-05,0.0005106865708864405,4.918778608933399e-06,0.001043793050608079,0.007873014842486505,1.7868446976609655e-06,0.0632008187263669,0.0012485318569210688,6.609150406993476e-06,0.1216072765414071,0.00030487209273465614,3.1667159617007464e-05,5.969563981812815e-06,0.19144213651335587,0.48740894976021304,0.00614940237466074,7.605248701472239e-07,0.11353618234210804
65,9.30704644146787e-07,0.0007537048836566081,3.0052957635253513e-06,0.004387191249425289,0.00012694805320141305,0.00010332240406435826,0.0003464146087563469,1.1866438717942742e-05,0.0007747411653103605,3.4201194193603887e-06,0.0016161925799624125,0.008969273882006362,2.038591125354718e-06,0.06204905101104959,0.0015618106606555184,7.396977239052783e-06,0.13109236456659124,0.000349079161484672,4.359013017829975e-05,5.323879269404822e-06,0.1417964300941644,0.5275205453901183,0.00543759557935533,1.0104839019841077e-06,0.11303675208993871
66,1.4675378938087592e-06,0.0005303405947386092,6.732554376977858e-06,0.002719571849374504,0.0002975572653727056,0.0002789551423610238,0.00031908485262152197,6.756579255670284e-06,0.000737677833217685,7.652635436805002e-06,0.0013419511712297744,0.0034592745128062367,4.7945178712121976e-06,0.02551893264837739,0.0012105718832304162,9.277264230755204e-06,0.2597172818496094,0.0004360331294152346,5.256252839337126e-05,1.4763748359029501e-05,0.28614803467103495,0.2641600292374919,0.011190087325852726,2.8137642803803954e-06,0.14182779490316808
67,8.923881240261161e-07,0.0008604153281758676,3.133944175789951e-06,0.004154577837903096,0.00012281808098365402,8.62946295765635e-05,0.0004408691673592921,1.3932197555132419e-05,0.0007158594168987755,4.431428511994093e-06,0.00136494931292293,0.009273983869201854,1.606940698659949e-06,0.05958319545211429,0.0017899752016062624,7.628423630783674e-06,0.10587231880539154,0.00032202888254639146,4.402100348597287e-05,5.150182165333244e-06,0.14644834308949367,0.5458704368789228,0.005107791313939868,8.050919264857374e-07,0.11790454113268904
68,9.278568601744121e-07,0.0007493452441092275,4.623089301442456e-06,0.007235550890990372,8.553456475234179e-05,0.00010988493555839549,0.0003891841990065464,1.3365025450393905e-05,0.0006246685121438922,6.15140942127217e-06,0.0012399163422215803,0.009997913041275938,1.8730875207850625e-06,0.07155183499769512,0.0008648284350127718,6.840306839751025e-06,0.11458724710571248,0.000416615891050684,3.4734061253878295e-05,5.95108304961953e-06,0.21491328470459298,0.4565825384796121,0.007924427309738582,1.1826492735187565e-06,0.11265157677755615
69,6.688939866181599e-07,0.0007240281094488441,3.2810970614365917e-06,0.005463747432579383,0.0001238161664052015,0.00011297797145626199,0.0003997645051062713,1.508069683298727e-05,0.000567185660235606,5.00773069504077e-06,0.0017461606625545386,0.00851030515525787,1.8011782999911759e-06,0.07078788830075267,0.0014818541975749747,8.19431619808381e-06,0.12118258459334838,0.0002933676390559265,4.031580488233485e-05,6.828375595549706e-06,0.17493286178817496,0.4992379469841094,0.008400448839794161,1.0770617332436745e-06,0.10595280683886016
70,7.030107296059095e-07,0.000748539303174724,2.7851441070853935e-06,0.00453052234994316,0.00011545065246367562,0.00010572193272853169,0.0003578582740918014,1.1990300796671949e-05,0.0005800584875304259,4.63114824880866e-06,0.0014510146647346259,0.007882333996056512,1.6938644738849982e-06,0.06663925454599727,0.0014191693368679253,6.89067163661818e-06,0.12431137311430163,0.0003049593258869548,4.133243445713743e-05,5.719195022602755e-06,0.16575994932844046,0.5076668097220668,0.006885039092094492,9.260825442678211e-07,0.11116527402160437
71,7.008394284644656e-07,0.0004586264954938968,3.273979340032442e-06,0.003902055657244615,6.644846907947917e-05,0.00012123773051201265,0.00027314695060505213,1.3466104003343131e-05,0.0005922647758107378,3.0737340650326075e-06,0.0016025917118376897,0.006857564603144626,1.3370009632421967e-06,0.05138723238279842,0.0014772615097733823,6.224846608317302e-06,0.11008481062187715,0.0003768478065621504,4.442298999671581e-05,2.921863423059231e-06,0.14028052415003484,0.592236166766123,0.003927850833344769,8.197528822832518e-07,0.08627912842504766
72,7.8784324684439e-07,0.0002246293925019921,7.104280272454362e-06,0.004499943300383249,5.4229634145552325e-05,0.00016215964419162332,0.00038986809627163956,3.2893309955824365e-05,0.0017900718508031437,2.225542556434279e-06,0.0015459547807101918,0.013482429096432838,3.4232894550699546e-06,0.029661212462026874,0.00199001325611457,2.095199187867095e-05,0.061003142015768314,0.0006124589327209082,5.256840997310118e-05,2.772863629589639e-06,0.2823841342264904,0.5566222277799768,0.001072825958658347,1.2057904533166668e-06,0.04438076625138216
