,0,1,2,3,4,5,6,7,8,9,10,11,12,13,14,15,16,17,18,19,20,21,22,23,24
0,5.100780328535763e-08,3.405680777734119e-08,1.5640259124324415e-08,0.0019179469658630838,0.00027235404550666537,0.00917025961902498,4.124851841641383e-06,3.429005264497442e-05,1.1520698769530383e-08,1.2227176064743385e-05,0.08324347540793822,8.50583014277668e-05,4.139914962846921e-11,9.747120261803208e-06,6.588260851953036e-06,0.0001573796151523195,6.119884846100625e-08,0.0005477503328499333,3.176558082115424e-05,4.817883243200248e-07,0.8799068412717771,9.455716312160381e-07,0.024597976015152945,1.0970090614414123e-08,6.035869580560334e-07
1,3.337799131709885e-08,2.9219351570582636e-08,6.690990655896075e-09,0.0016810692089686621,0.00012205791427636471,0.00254647150821947,1.96938561536304e-06,2.6576759235322325e-05,4.846854597801184e-09,8.059175519010854e-06,0.0323051628965197,4.964636077760387e-05,1.574255593184646e-11,6.691749862805368e-06,3.8706866555569644e-06,7.014880925865327e-05,6.299936851578771e-08,0.00035296078972035945,2.6349202054934217e-05,2.1498665659715824e-07,0.9443343601539496,7.885219517708088e-07,0.018462661886264577,6.159819809029609e-09,7.966943747647823e-07
2,3.6408983668392583e-08,3.112655567407868e-08,4.954734331435371e-09,0.0016617168726065455,0.0001016639623500534,0.0018986152522776003,1.8564951155346278e-06,2.2716090174696724e-05,2.4730188635598025e-09,5.175549231604593e-06,0.033272214458925656,5.9721828016172e-05,1.5444589973735055e-11,7.236701310043975e-06,4.665627480471086e-06,5.347621725446254e-05,9.914383888776145e-08,0.00041825907863967695,1.7993625791900587e-05,1.9751487157152488e-07,0.9311888187875076,1.097741258343941e-06,0.031283573070467134,7.017386888805402e-09,8.199867576427819e-07
3,3.1102561321086883e-08,3.175341855542058e-08,5.40654137199319e-09,0.0019884294295776633,0.00011730891287609361,0.001996371024215725,1.626200464023672e-06,2.235014350370792e-05,2.6023019445528054e-09,6.52228667976136e-06,0.03228702427147931,5.2652867863090485e-05,1.576899782658039e-11,6.8511613919070935e-06,2.9015379383052837e-06,4.5244445366836634e-05,7.439432794784165e-08,0.0004962336988337518,1.6326888094680267e-05,1.866465388993609e-07,0.9397367946634454,7.811845093529212e-07,0.023221440315325102,6.997731177664577e-09,8.020492451893451e-07
4,3.349800966091532e-08,3.643957536923996e-08,6.281390699136399e-09,0.0021202712570317604,0.00013437432048939775,0.00226576105487756,1.8038436247354178e-06,2.224530286499754e-05,2.8582262509702336e-09,7.1982419775971405e-06,0.03404278247676766,5.546857455556748e-05,2.024941392816016e-11,8.092424315752366e-06,3.095329752268655e-06,4.90013592760118e-05,7.832732315910461e-08,0.000534284499839437,1.650239418230385e-05,2.0592221341573816e-07,0.935934315628055,8.192902157177246e-07,0.0248027915661978,7.958412529729017e-09,8.211305761409746e-07
5,2.806644351666813e-08,3.2171065701870375e-08,4.880851538264076e-09,0.002389664126900145,0.00011846066531272051,0.001816213559611158,1.509086490634477e-06,2.2499028452621396e-05,2.0065755052877973e-09,6.934065563882761e-06,0.030174588677430923,4.925160688453785e-05,1.670120804282604e-11,6.604827198988985e-06,2.1776500269666705e-06,3.843129697535493e-05,7.479402725933999e-08,0.0006253859925772879,1.291897646071148e-05,1.8876213477711143e-07,0.9401217029391113,7.105827658304409e-07,0.02461183713797045,7.83290435841577e-09,7.712495625188615e-07
6,3.1102561321086883e-08,3.175341855542058e-08,5.40654137199319e-09,0.0019884294295776633,0.00011730891287609361,0.001996371024215725,1.626200464023672e-06,2.235014350370792e-05,2.6023019445528054e-09,6.52228667976136e-06,0.03228702427147931,5.2652867863090485e-05,1.576899782658039e-11,6.8511613919070935e-06,2.9015379383052837e-06,4.5244445366836634e-05,7.439432794784165e-08,0.0004962336988337518,1.6326888094680267e-05,1.866465388993609e-07,0.9397367946634454,7.811845093529212e-07,0.023221440315325102,6.997731177664577e-09,8.020492451893451e-07
7,6.512025421639845e-08,7.882626422850412e-08,1.3794222972451555e-08,0.0033410304729144147,0.00013643790860471842,0.0026185186417185652,4.1972369951055715e-06,4.1359675674334525e-05,6.604382854844835e-09,9.54811431769576e-06,0.07887066932235337,7.769047649846845e-05,5.869629592522036e-11,8.968973789223734e-06,4.2694174818066874e-06,5.0707913358005257e-05,1.305459261935704e-07,0.0009602445412256306,2.026404598710129e-05,5.473662991450501e-07,0.8862562964779594,1.0341666767947581e-06,0.027596707532864993,1.9507878307710055e-08,1.1932576559172745e-06
8,3.3216924677887225e-08,2.820759786532693e-08,8.239218332294718e-09,0.0030558592547250255,0.00011287538397036445,0.0010780973464008298,1.765964517695762e-06,3.0898078232165044e-05,2.2188064610917494e-09,7.719510206219868e-06,0.01842398059994713,5.031316916038914e-05,1.7973500930039638e-11,7.587659013592589e-06,2.0153839534293796e-06,5.0071731515241063e-05,8.884598664440275e-08,0.00041176973415238085,1.2610484142439542e-05,2.1759960088737688e-07,0.9525358571050571,5.526439342282453e-07,0.024216465255176234,1.0635446579072546e-08,1.1717143408743759e-06
9,3.7424685826625185e-08,4.4391251579584234e-08,1.4621236881759313e-08,0.004479957780727615,0.0001501459459591317,0.0013991530086679615,2.3449083225148437e-06,4.3924489505354614e-05,4.276623559858074e-09,1.0759018512358958e-05,0.027791824494827096,5.560358380998628e-05,3.513926237684523e-11,8.624643493920705e-06,2.167863387032944e-06,4.984148325718538e-05,9.880576209291813e-08,0.0005693151038904554,1.3269431198273373e-05,3.9039813934365246e-07,0.9420736648620401,5.408517306371612e-07,0.02334680412524906,1.726396290637678e-08,1.4511886198823429e-06
10,3.1102561321086883e-08,3.175341855542058e-08,5.40654137199319e-09,0.0019884294295776633,0.00011730891287609361,0.001996371024215725,1.626200464023672e-06,2.235014350370792e-05,2.6023019445528054e-09,6.52228667976136e-06,0.03228702427147931,5.2652867863090485e-05,1.576899782658039e-11,6.8511613919070935e-06,2.9015379383052837e-06,4.5244445366836634e-05,7.439432794784165e-08,0.0004962336988337518,1.6326888094680267e-05,1.866465388993609e-07,0.9397367946634454,7.811845093529212e-07,0.023221440315325102,6.997731177664577e-09,8.020492451893451e-07
11,3.465347362180308e-08,3.532239397112322e-08,6.028018886162466e-09,0.0021140296719551186,0.00012224419225566351,0.0020620371498487953,1.8056062780989947e-06,2.372949947385301e-05,2.8164351073318034e-09,6.875407160500172e-06,0.0343881682115007,5.671409180147913e-05,1.8982551975606025e-11,7.339308207449741e-06,3.04903657475663e-06,4.677170878016228e-05,8.241964711102463e-08,0.0005421815525615242,1.6646629793250624e-05,2.087829873900369e-07,0.9362038106131773,8.308104031868133e-07,0.024402536723137167,8.042885304674615e-09,8.517022673818019e-07
12,2.2588927462362888e-08,2.6811005400354132e-08,2.2848694143581626e-09,0.0017902446720159527,0.00013991445402356475,0.0019456802143303104,8.695713286136357e-07,7.517702060826479e-06,3.763881588412735e-10,4.889225477583364e-06,0.0185465283670345,6.330652653294082e-05,1.3324969487764853e-11,1.1129402058976239e-05,1.5088011057277702e-06,3.5711530432363774e-05,7.870623428834713e-08,0.0008425825696909783,6.326890284292468e-06,8.453776469432158e-08,0.928306151595721,9.134437646146959e-07,0.048295964764734106,5.434278007385037e-09,5.395166111478019e-07
13,2.991635566072172e-08,2.6644856768433102e-08,5.207931742777035e-09,0.0014020194594954907,0.00010193382227085904,0.0014788875849468836,1.2850629300146983e-06,1.989570930910454e-05,2.620542260052395e-09,3.879498527426846e-06,0.03604308003778676,6.0977564911689966e-05,1.1444882486857162e-11,6.312384878889038e-06,3.582637999406883e-06,3.2251558828254274e-05,7.61243776779729e-08,0.0003418719333197966,1.6611964006124415e-05,1.305655635315696e-07,0.9431317494636072,7.693520866581086e-07,0.01735385686011134,5.255556053641753e-09,7.587583552569596e-07
14,9.2695180240911e-09,1.5772965319704552e-07,3.842229219428489e-09,0.002236394565544531,0.00023590347492303998,0.005455558689751419,1.1987341277610295e-06,1.8166077716477803e-05,4.765322197292882e-09,3.63747276864358e-05,0.04683598109353596,1.1880525777774435e-05,3.5726427401027205e-11,4.454577345635337e-06,1.6925941546373684e-06,2.7048715344159026e-05,3.529527493843681e-08,0.001131740756058276,1.364961852231675e-05,2.1789647344501727e-07,0.9336134098195861,7.096431528220266e-07,0.010375059432213401,1.095694803338877e-08,3.3716341374549225e-07
15,3.1102561321086883e-08,3.175341855542058e-08,5.40654137199319e-09,0.0019884294295776633,0.00011730891287609361,0.001996371024215725,1.626200464023672e-06,2.235014350370792e-05,2.6023019445528054e-09,6.52228667976136e-06,0.03228702427147931,5.2652867863090485e-05,1.576899782658039e-11,6.8511613919070935e-06,2.9015379383052837e-06,4.5244445366836634e-05,7.439432794784165e-08,0.0004962336988337518,1.6326888094680267e-05,1.866465388993609e-07,0.9397367946634454,7.811845093529212e-07,0.023221440315325102,6.997731177664577e-09,8.020492451893451e-07
16,1.859439057088295e-08,2.1687383048737952e-08,2.6616280673080527e-09,0.0015843616540672661,7.47483712069132e-05,0.0010636192140630538,1.0024701141057164e-06,1.6098862152639378e-05,1.1619789009218657e-09,5.924243130169474e-06,0.017476639625468228,3.327977384051149e-05,8.718114865749295e-12,4.4910247969844035e-06,1.4983178358123763e-06,3.198856213546929e-05,5.594014961711705e-08,0.0004112378703511511,1.2086147582226605e-05,1.0376267358163237e-07,0.9636064961886822,5.174201034934353e-07,0.01567522656050016,4.72993973567891e-09,5.751471079890695e-07
17,3.074250621387081e-08,3.2025455895628816e-08,5.495576204522368e-09,0.001664035019174069,0.00011923838336159523,0.0023443880188179812,1.684860751636569e-06,2.2464769080172072e-05,3.257113790854701e-09,6.529787482985576e-06,0.03729882580784005,5.124114096904544e-05,1.4769789378291797e-11,6.25431759034137e-06,3.6641854203961955e-06,4.95255165434073e-05,7.151891774664542e-08,0.00043654521114306743,1.9206110760904634e-05,1.8676711478423595e-07,0.9366869226379574,8.466405084494424e-07,0.021287570680548047,6.474304029257955e-09,7.206162919280494e-07
18,4.098835231336648e-08,3.236794987852564e-08,5.278681798666073e-09,0.0018770108044859576,8.318936052704398e-05,0.001091019672155652,1.6452279479906361e-06,2.2770198927125234e-05,1.7041894609039078e-09,5.632985239367994e-06,0.02472951278691853,6.754135402515148e-05,1.6589878032027617e-11,5.954681521023202e-06,2.37910746687967e-06,3.708377406332621e-05,1.249802074241483e-07,0.0006275869537956953,1.327030770380955e-05,1.7140741646924712e-07,0.9478168675702049,9.262969866556275e-07,0.023616236007528987,9.745381037675104e-09,9.864217339389402e-07
19,2.8044918722550326e-08,3.473662477251017e-08,8.797506163536185e-09,0.002287168728674428,0.0001756558482001592,0.002119668234173699,1.4126899816150099e-06,2.7822775948227386e-05,3.904003915707862e-09,8.616665898296736e-06,0.02950016764024027,6.464862293739836e-05,2.1656497213631882e-11,7.90564946799949e-06,2.881479223199728e-06,4.572848125011885e-05,8.086688564336677e-08,0.0004474530420595414,1.6908377623775557e-05,2.2141128585534387e-07,0.9482494158595784,8.020829621636526e-07,0.017042435748429813,8.086027885373653e-09,9.222044414753255e-07
20,2.516948579000719e-08,3.069956135363354e-08,4.53315688852186e-09,0.0015278548160245393,0.00010239551320624459,0.0010569704802007686,1.2077503957913097e-06,3.152957049368319e-05,2.414484613847502e-09,5.805703901705788e-06,0.023701341664473217,4.7815091665954573e-05,1.2314395025056546e-11,4.547151075136331e-06,3.224119047316724e-06,3.1879136785645674e-05,1.1062666823513488e-07,0.0003753941439108652,1.7555126402436712e-05,1.5505975277512735e-07,0.9561414839769927,1.1161003542681342e-06,0.016948853953787625,7.716904015621162e-09,6.894689539423335e-07
21,3.781407346891748e-08,2.590702418533621e-08,6.171923342588177e-09,0.0023218943013157316,0.00011090579801969084,0.0024112127637366918,2.193799979507329e-06,1.64004382663134e-05,1.8344783667851888e-09,7.1610737907068676e-06,0.028901946406419278,6.953205880114372e-05,2.1443287318925776e-11,9.33363292753029e-06,2.234111894134428e-06,7.330843024809913e-05,6.147291486262664e-08,0.0005737206633558457,1.2959768742742658e-05,2.257570245134286e-07,0.9343827399232013,5.468060995038654e-07,0.03110270316516861,7.2552409050962376e-09,8.406239103066923e-07
22,2.7086490815880934e-08,2.5492020765438383e-08,4.628849633188079e-09,0.001580773431482589,0.00010523066304973653,0.0016932707632133432,1.3493507443293169e-06,1.8547898663362642e-05,1.959324465793309e-09,5.5269133917203816e-06,0.029265081489995983,4.904194658812257e-05,1.2426610157805758e-11,5.806929564577473e-06,2.43381672058145e-06,4.122737010854517e-05,7.01075119035278e-08,0.0004770368959984944,1.4162435526169471e-05,1.447960544460989e-07,0.9480500281465595,6.809744614395373e-07,0.018688876508188287,6.287485652747284e-09,6.440955790499918e-07
23,3.1102561321086883e-08,3.175341855542058e-08,5.40654137199319e-09,0.0019884294295776633,0.00011730891287609361,0.001996371024215725,1.626200464023672e-06,2.235014350370792e-05,2.6023019445528054e-09,6.52228667976136e-06,0.03228702427147931,5.2652867863090485e-05,1.576899782658039e-11,6.8511613919070935e-06,2.9015379383052837e-06,4.5244445366836634e-05,7.439432794784165e-08,0.0004962336988337518,1.6326888094680267e-05,1.866465388993609e-07,0.9397367946634454,7.811845093529212e-07,0.023221440315325102,6.997731177664577e-09,8.020492451893451e-07
24,2.5284335628211436e-08,3.694309013637192e-08,5.177300216033887e-09,0.002829791789176302,0.00013663381371104466,0.002090925713013968,1.4157179218315256e-06,2.0952195309686063e-05,2.1332648163940307e-09,8.104281231370418e-06,0.027908320181880487,4.86791912272731e-05,1.8768578314198762e-11,8.882108165117228e-06,1.9594838860218596e-06,4.0992848052256305e-05,6.034691349562945e-08,0.0005871727904571874,1.4481141068104608e-05,2.0874030516330694e-07,0.9428431465033195,6.722211441134097e-07,0.023456660825936552,6.183947482405215e-09,8.643665734480657e-07
25,2.282091972983331e-08,3.197164806489981e-08,2.9611827229023146e-09,0.0009954107622284244,0.00011903255258302603,0.00507857191436024,1.046171755391089e-06,6.942038620608373e-06,2.204920626571e-09,7.666512523572532e-06,0.022494803776243077,2.8236410126138033e-05,7.974880656604275e-12,6.928057854051173e-06,4.583517875807106e-06,7.009266053735353e-05,3.996441517119635e-08,0.0004035903132592649,1.2266988717434201e-05,8.936812763934046e-08,0.9416184931261425,8.141029134494063e-07,0.02915056643681877,3.991931119977365e-09,7.613663209886061e-07
26,5.691171654491599e-08,4.609027492062309e-08,8.506102930774206e-09,0.002523316747492168,0.00011477124860573591,0.001544174008308735,2.4618546074901812e-06,3.455830205999956e-05,3.064878169682384e-09,7.671277002919634e-06,0.03846235782186138,6.649387942189943e-05,3.062631167324807e-11,5.597768973824218e-06,2.9814712485761036e-06,4.011710750679329e-05,1.6671771359880898e-07,0.0009513542311041029,1.3095401976770564e-05,2.6268685078421454e-07,0.9279533312260527,9.67074604994742e-07,0.028275146241553722,2.120530525428045e-08,1.0391241496500965e-06
27,3.414004109257574e-08,3.5668159825087865e-08,6.227807543931189e-09,0.001826311345953264,0.00011906821641766644,0.0022291635490833484,1.7670212039267433e-06,3.071839619349673e-05,4.521627203759308e-09,7.659410000966155e-06,0.03283616191691881,5.126008629801459e-05,1.6003639666771053e-11,6.164602807554124e-06,4.402146972336294e-06,5.529374404849946e-05,8.661029088307486e-08,0.00042587160510640593,2.332319702662908e-05,2.3777026286698543e-07,0.9413074733017536,1.0967343611467407e-06,0.021072887523852734,7.455138345298024e-09,9.647926702272527e-07
28,3.1102561321086883e-08,3.175341855542058e-08,5.40654137199319e-09,0.0019884294295776633,0.00011730891287609361,0.001996371024215725,1.626200464023672e-06,2.235014350370792e-05,2.6023019445528054e-09,6.52228667976136e-06,0.03228702427147931,5.2652867863090485e-05,1.576899782658039e-11,6.8511613919070935e-06,2.9015379383052837e-06,4.5244445366836634e-05,7.439432794784165e-08,0.0004962336988337518,1.6326888094680267e-05,1.866465388993609e-07,0.9397367946634454,7.811845093529212e-07,0.023221440315325102,6.997731177664577e-09,8.020492451893451e-07
29,3.1102561321086883e-08,3.175341855542058e-08,5.40654137199319e-09,0.0019884294295776633,0.00011730891287609361,0.001996371024215725,1.626200464023672e-06,2.235014350370792e-05,2.6023019445528054e-09,6.52228667976136e-06,0.03228702427147931,5.2652867863090485e-05,1.576899782658039e-11,6.8511613919070935e-06,2.9015379383052837e-06,4.5244445366836634e-05,7.439432794784165e-08,0.0004962336988337518,1.6326888094680267e-05,1.866465388993609e-07,0.9397367946634454,7.811845093529212e-07,0.023221440315325102,6.997731177664577e-09,8.020492451893451e-07
30,3.1102561321086883e-08,3.175341855542058e-08,5.40654137199319e-09,0.0019884294295776633,0.00011730891287609361,0.001996371024215725,1.626200464023672e-06,2.235014350370792e-05,2.6023019445528054e-09,6.52228667976136e-06,0.03228702427147931,5.2652867863090485e-05,1.576899782658039e-11,6.8511613919070935e-06,2.9015379383052837e-06,4.5244445366836634e-05,7.439432794784165e-08,0.0004962336988337518,1.6326888094680267e-05,1.866465388993609e-07,0.9397367946634454,7.811845093529212e-07,0.023221440315325102,6.997731177664577e-09,8.020492451893451e-07
31,3.53730883325459e-08,4.1945929533584816e-08,7.70694139906463e-09,0.0029710210956032075,0.00013828408706561814,0.0011458109827264136,1.69810514977272e-06,4.046927222560102e-05,2.4278199966906886e-09,8.854952386445375e-06,0.023924320737675673,5.9240814678153296e-05,2.4299299526413566e-11,7.021337000312234e-06,1.910384036976936e-06,3.664244635721588e-05,1.1169744461943675e-07,0.0006748509843787491,1.523539324868837e-05,2.4317675194119835e-07,0.9501973337988506,8.555662922814874e-07,0.02077501728027574,1.3522405814152378e-08,9.768873675998977e-07
32,3.1584128713578765e-08,3.2033723876616376e-08,5.297415001046686e-09,0.0018033349705384337,0.00011717965716920127,0.0019374577404075474,1.5880470005887289e-06,2.3022058461392713e-05,2.7878878826098103e-09,6.490832771658689e-06,0.031223442116871336,5.2447865035096675e-05,1.52622263651148e-11,6.6953710361104496e-06,3.1200695530386103e-06,4.519708892463245e-05,7.681249450484051e-08,0.0004608730018736232,1.8280152974265892e-05,1.754531913340186e-07,0.9429021187614551,8.495362957607955e-07,0.02139679520706921,6.748362230829113e-09,7.767900972302271e-07
33,4.180160802477429e-08,6.027625696895051e-08,4.078973295394171e-09,0.0019584883513435606,0.00015152404056259608,0.0016715347685768408,1.7531193177520135e-06,2.8811709272162506e-05,1.4348469220961375e-09,7.832183158990272e-06,0.028296919773603275,7.193580477808267e-05,2.6600677626175256e-11,9.48424742927767e-06,3.232951842427483e-06,4.436115058750924e-05,1.7100613151890288e-07,0.0008260265109866914,2.1141834692073942e-05,2.190966577424059e-07,0.9317550802215518,2.59496204253742e-06,0.035148123367655895,1.038439351872624e-08,6.468971299673598e-07
34,6.593449971431483e-08,4.119582908891818e-08,1.1397545496025044e-08,0.0011673916275514581,0.0001259865202598402,0.0033921141699462982,2.6117019714251097e-06,3.847690634769681e-05,2.1491930229487082e-08,8.009164061064094e-06,0.04765762682326486,5.243593626130856e-05,1.899093357093324e-11,5.981431088777128e-06,9.238393833363992e-06,7.222816872504522e-05,7.709083631733846e-08,0.0003043509076111773,5.971829293755978e-05,2.242068783294854e-07,0.936245548350347,1.1052939940672756e-06,0.01085551612230164,7.586117052070247e-09,1.2112668701476265e-06
35,4.653555886336779e-08,4.776092872534322e-08,5.865749771501296e-09,0.002887121550434464,8.403942121301832e-05,0.000853843958748102,1.7759788664603258e-06,6.409094262737648e-05,4.634631774990074e-09,1.148491538341553e-05,0.022449314851504747,5.108156609174792e-05,2.3664753990212434e-11,3.876350805536028e-06,1.5898277666645752e-06,2.5537564319625188e-05,1.354977765924629e-07,0.0009223352462446913,2.660292605569514e-05,2.559146000634384e-07,0.961796384675192,1.0079178990401527e-06,0.010818046163999501,1.3857355637255927e-08,1.3560525814214576e-06
36,4.335737019090233e-08,2.2535035754584662e-08,7.995195823210815e-09,0.00118906688303494,0.00010700975023818778,0.0008358639723051205,1.1665064677233524e-06,3.34528841755786e-05,3.5547197178562985e-09,5.171888976173105e-06,0.015242066870273326,0.00010079383422808121,1.2338275016604592e-11,6.3517886911692665e-06,3.940734850318151e-06,4.680561460403798e-05,1.4557554394139463e-07,0.00021963787757372724,2.7641917855226406e-05,1.298457460406776e-07,0.970409315061171,1.2172549673219307e-06,0.011768964870942976,6.315309496166475e-09,1.1730983857389416e-06
37,3.721665532269069e-08,3.264496796703964e-08,5.631558314854073e-09,0.0020292694251317837,0.00011380921440275187,0.0018203258312000552,1.7309956973151771e-06,2.1859164960770143e-05,2.3194914970034893e-09,6.139565348161887e-06,0.031396142059352074,5.7192429245805916e-05,1.6621981334775713e-11,7.48031562815124e-06,2.6638375042777035e-06,4.532653745228e-05,7.846636236513972e-08,0.0005431767515542971,1.6453496670168294e-05,1.8130600495461355e-07,0.940374805342034,7.70183501517889e-07,0.023561666995476575,7.487924047204952e-09,8.42765253445932e-07
38,4.193071130085176e-08,2.3826907893135765e-08,3.7600048836575566e-09,0.0009691449125334974,8.297124350714698e-05,0.004162954143111492,2.6228414678749917e-06,1.1494044577834024e-05,2.424694357620927e-09,5.308341120375457e-06,0.04321869101649967,4.713521211351309e-05,1.1336508436395954e-11,6.584086446313763e-06,5.350420555168541e-06,9.576671558203759e-05,4.9521381671693795e-08,0.00043228841864141154,1.8480922203013833e-05,1.4728982983043738e-07,0.9178033717355927,7.912645084136625e-07,0.03313620951977817,5.136301180218081e-09,5.61260593840691e-07
39,5.252466636415438e-08,9.811313595893123e-08,6.964340623407186e-09,0.002742094752168656,0.00012461104421749894,0.00302901665859948,3.0427507872906642e-06,2.189510064880453e-05,3.616384483344736e-09,7.708085634631185e-06,0.06829657266678502,5.409257322991478e-05,3.715302406847487e-11,1.1090964172955904e-05,4.958190144306204e-06,4.148079683620097e-05,1.2460317034227246e-07,0.0010214311033782857,1.7269541130387932e-05,3.216186928050587e-07,0.8780995007432332,1.4989214615976501e-06,0.04652199738248027,1.2739738834390561e-08,1.1185078092599987e-06
40,3.671462189511609e-08,2.842054483598331e-08,4.467900910758318e-09,0.0009280273857454449,0.00010146662163428011,0.001613746504841975,1.1539472714352101e-06,1.5153055626388357e-05,2.653050343367625e-09,3.7506155814030486e-06,0.027296979835615354,5.4781312420290996e-05,9.096958343325534e-12,7.025362034322368e-06,4.432070734949314e-06,3.848959523905825e-05,7.753977624269097e-08,0.000302066632097036,2.404651161721402e-05,9.024753987623791e-08,0.9541049021279454,1.0525928599430036e-06,0.015501896484368543,4.269500887011109e-09,7.850223348953335e-07
41,1.8689593186316444e-08,2.7120379562103222e-08,1.1196588397519393e-08,0.001628777253381623,0.0002496527519602718,0.004353858590868461,1.0918899610205592e-06,2.388049769623017e-05,1.179051677397767e-08,1.0377255185999687e-05,0.026003477438576738,2.9337516141505845e-05,1.1893107402570764e-11,7.587461034535686e-06,5.713469789163244e-06,7.816905593325656e-05,3.5614757498373504e-08,0.00016382686258659303,2.583958148483012e-05,1.6488212573580967e-07,0.955573990201566,4.951578075512702e-07,0.011842758995720655,4.74708824388142e-09,8.919673630679865e-07
42,2.9398510831709165e-08,2.7300836229075175e-08,4.720874269102615e-09,0.0015764944012173923,0.00010281581748145935,0.0015340055510918158,1.4648325134707297e-06,2.5581440994765503e-05,2.5081783066472666e-09,5.877611169691839e-06,0.027056184148601704,5.09126225735553e-05,1.2008166139393273e-11,5.583110223988441e-06,3.158948832512837e-06,4.580995625976255e-05,8.130136676855925e-08,0.00037975632256028943,1.9588193843183434e-05,1.6733244165686314e-07,0.9496495594047378,9.262949908524816e-07,0.019541254737470266,6.173521812821355e-09,7.078576994109721e-07
43,1.711266906679969e-07,8.189646233787689e-08,2.3955509181217447e-08,0.004571524238961461,0.00010940309510462189,0.0021820076037368523,6.586163128678112e-06,3.4011908794354444e-05,4.821938514311448e-09,4.6396246808613116e-06,0.09748607859641367,0.00018859734434068683,7.493879021307333e-11,2.0170140483596156e-05,4.163584936641267e-06,5.1008384235627e-05,1.628521483279901e-07,0.0014435188201621257,1.6828207385197535e-05,6.818986611675134e-07,0.8447676983995269,1.0423305677323601e-06,0.049109040164589494,2.1281387688982292e-08,2.533485214705925e-06
44,3.1102561321086883e-08,3.175341855542058e-08,5.40654137199319e-09,0.0019884294295776633,0.00011730891287609361,0.001996371024215725,1.626200464023672e-06,2.235014350370792e-05,2.6023019445528054e-09,6.52228667976136e-06,0.03228702427147931,5.2652867863090485e-05,1.576899782658039e-11,6.8511613919070935e-06,2.9015379383052837e-06,4.5244445366836634e-05,7.439432794784165e-08,0.0004962336988337518,1.6326888094680267e-05,1.866465388993609e-07,0.9397367946634454,7.811845093529212e-07,0.023221440315325102,6.997731177664577e-09,8.020492451893451e-07
45,4.473931907349497e-08,3.2387897730380545e-08,9.86827835787076e-09,0.001933620297058102,0.00014855247078169304,0.002334146304220292,2.8638985530136457e-06,4.600969241690995e-05,6.061179856212208e-09,8.118982471983491e-06,0.04054476935648031,6.857756284737203e-05,2.320230906065546e-11,6.9894130245943835e-06,5.52001567906622e-06,7.594814333753825e-05,1.0413388999478362e-07,0.0003697389189429319,2.8562298808669748e-05,3.0822662788780207e-07,0.9307618071792928,1.1321833071868036e-06,0.023662303941730647,1.0737041100413553e-08,8.231636105043093e-07
46,4.141345150283767e-08,3.416334786128702e-08,5.279873556395742e-09,0.0019872021554290585,9.618713890963479e-05,0.0008228319779422618,1.3328627204091636e-06,3.245634596667634e-05,1.7784201639771121e-09,5.476871282172104e-06,0.023359115003756713,7.406359345307539e-05,1.7586138506827224e-11,4.997043509273896e-06,2.695542978751604e-06,2.8951986371637144e-05,1.966211290355615e-07,0.0005533195795946671,1.3796262334532892e-05,1.6707559601688721e-07,0.9517556474631508,1.1738461544048468e-06,0.021259301220873016,1.180685899614022e-08,9.92949309697225e-07
47,6.371223966254414e-08,3.2726329398036724e-08,4.125949402890371e-09,0.0011332974711039184,6.533959536462582e-05,0.0014194723618727798,2.0319750750402896e-06,2.1192319882791784e-05,1.791419093634426e-09,5.851283086181773e-06,0.024442746942530146,8.61655342909352e-05,1.4983988132620066e-11,5.298828419033667e-06,3.480923392521418e-06,6.15561594608364e-05,1.3248683948904113e-07,0.0006452562262156097,2.0208761959028496e-05,1.8092040442423557e-07,0.94901590127781,1.588944650901564e-06,0.023069237487740514,8.535896119351385e-09,9.495930833752005e-07
48,4.9502689436564996e-08,5.0318253444899905e-08,4.4746241743990765e-09,0.0016136783733302707,8.383214112948396e-05,0.0009171246084923003,2.281535721236541e-06,4.462238827482976e-05,2.4817996061042762e-09,7.932956202401823e-06,0.022467384008918304,5.799812382722813e-05,2.0198018720321025e-11,5.778688604218444e-06,3.9691768617373725e-06,4.6148989712481856e-05,2.0114121119845586e-07,0.0004766979528970736,3.20103887610678e-05,2.089940517310352e-07,0.950974902671201,2.0907233570256038e-06,0.023262202543564706,1.0916986858289908e-08,8.168793304467093e-07
49,3.0249389901378134e-08,3.0013878193417506e-08,5.375826387605677e-09,0.0018887351961479452,0.0001342858492960082,0.0023513713755714807,1.4921050873045577e-06,2.0343872918286436e-05,2.3554528029281845e-09,6.13106099864284e-06,0.035012303647488315,6.723183632535913e-05,1.6859715050774408e-11,7.54322253743948e-06,3.0270469835103363e-06,4.5209810854476845e-05,7.66960932029839e-08,0.0005419809520787565,1.5168087999101959e-05,1.8907306604876836e-07,0.9355967424997388,9.120470765548049e-07,0.024306435146574837,6.4415167539116764e-09,7.460202399569059e-07
50,3.527101980550607e-08,3.9322182514948616e-08,5.8545181488795355e-09,0.0019140739656381897,0.00012140252946249506,0.0023512373529334524,2.7589157538079227e-06,3.6539956365749076e-05,4.490260360800388e-09,1.4147142428823163e-05,0.022843559703588433,3.763878204683857e-05,1.786464688672228e-11,8.090919576577114e-06,3.30789943629137e-06,9.595956912928024e-05,6.025347818018191e-08,0.0003659465214188095,3.666881575115697e-05,2.5048674923847257e-07,0.9523468700655877,1.1375161843256596e-06,0.01981945952196908,6.934425833142883e-09,7.981922302480619e-07
51,3.053791659991107e-08,3.173703451084965e-08,5.319554183194622e-09,0.0020107710021952186,0.00011634255309244659,0.0019466858645974746,1.6127696104066532e-06,2.2560544115082964e-05,2.5552919992332544e-09,6.5412672727794865e-06,0.031963650433880456,5.1953637015044916e-05,1.5726594434403403e-11,6.799204526894741e-06,2.8156169560243864e-06,4.401831228435637e-05,7.37470810020593e-08,0.0005001430817593887,1.6204448605921297e-05,1.8553708970321732e-07,0.9404039747675842,7.723662249350767e-07,0.022904023100503434,6.975645701534284e-09,7.946044356501526e-07
52,3.347829214254908e-08,3.486332035472733e-08,5.392112855186946e-09,0.0021176641245478863,0.00012080749984709317,0.0026014301091705806,1.8677952874008658e-06,2.0675111935288595e-05,2.711332644699363e-09,7.009102148918484e-06,0.03878858665602746,5.293326403536746e-05,1.894683040605822e-11,7.156968902698204e-06,3.038959850750727e-06,4.877811391347991e-05,7.27078996091512e-08,0.0006418622201553357,1.5226090922174144e-05,2.1455171000980905e-07,0.9282488847821684,7.961048082002918e-07,0.02732211698986635,7.820848090884604e-09,7.945619502197472e-07
53,3.0356094389461985e-08,3.1322870497697e-08,5.328615802396177e-09,0.0019661403709961963,0.00011911067692486247,0.0019582899095596344,1.5519039698567785e-06,2.210997081452615e-05,2.5473157491464296e-09,6.490375959465867e-06,0.031224783620885443,5.2560422248817906e-05,1.5363997950882254e-11,6.849475704299509e-06,2.830061329665256e-06,4.41651923062533e-05,7.364785528279124e-08,0.0004870439159528399,1.6291947320764788e-05,1.796205644079932e-07,0.9416458459252225,7.776939690508183e-07,0.02244403457837366,6.804101595630392e-09,7.943156806611328e-07
54,5.2264822691829805e-08,3.852873843438353e-08,7.263044476049848e-09,0.0018893165771409772,8.987248351532729e-05,0.0028504882935560896,2.964880332764487e-06,1.8698899471136045e-05,3.5954254461989773e-09,8.847068053797874e-06,0.02657714172128445,5.958851128312554e-05,1.9385244392906695e-11,1.0423084184447516e-05,4.3958926885232456e-06,0.00011262240108709352,6.539664297064637e-08,0.00041217024799101965,2.142575962303484e-05,2.796011598356629e-07,0.9359779260206822,9.010088974813722e-07,0.031961409573605944,6.810813781182395e-09,1.3540965696869977e-06
55,3.527135154649354e-08,3.457450460526785e-08,6.055315390872043e-09,0.002140198256575051,0.0001165499100391167,0.002047906717225719,1.76753291188912e-06,2.393441569077138e-05,2.9371336893580175e-09,6.775887644071422e-06,0.03480562889093137,5.839214689695164e-05,1.8285953006298773e-11,6.9757588196856046e-06,2.929875668722882e-06,4.491075897575459e-05,7.998763825688582e-08,0.0005618738160620628,1.6589900300702048e-05,2.116941061844241e-07,0.9370101889024769,7.993308891436561e-07,0.023153300972950288,7.812115567423088e-09,8.98575490656129e-07
56,3.471445411231864e-08,3.6105606023627295e-08,6.1158513747432e-09,0.0021072467072622302,0.00012438576938403066,0.0020700658666432305,1.7953620945834796e-06,2.4255886180570874e-05,2.9260781165393578e-09,6.992088642462197e-06,0.034310767439981384,5.665276412129007e-05,1.9423696074404848e-11,7.319453571687567e-06,3.106000243370994e-06,4.663813566744189e-05,8.298601054257383e-08,0.0005362286788553277,1.7056125374888366e-05,2.1070903661250388e-07,0.9369350312164747,8.37832941865579e-07,0.02375039036074812,8.110881202501527e-09,8.486244712282515e-07
57,2.6201142172796557e-08,2.2947294017815033e-08,6.095550125456138e-09,0.0012141870952761403,0.0001269847091925413,0.0011212963476815677,9.098451851670856e-07,2.5988814081414563e-05,2.82548142444269e-09,6.477707518608713e-06,0.016783849787174936,7.213594729140397e-05,1.1798899452631496e-11,5.381319950705105e-06,2.6273970048900188e-06,4.0648518507583584e-05,9.615205603081007e-08,0.00027220840346406247,2.1499328794743455e-05,1.2225153841445798e-07,0.9705710863810795,9.64066467083961e-07,0.0097327331161109,5.384090654661736e-09,7.393462667112946e-07
58,3.440051452130392e-08,3.4367848085765896e-08,5.830308861424397e-09,0.0019939474333369248,0.00011470526204737251,0.0018138634745224818,1.7976704154007295e-06,2.4167651263798344e-05,2.5750627301972685e-09,6.647467353087951e-06,0.032942365710045295,5.439321908471088e-05,1.777217517270309e-11,6.544736548571728e-06,3.005042290334457e-06,4.4346622651796386e-05,8.962527843158643e-08,0.000544247047607241,1.5534427532740913e-05,1.9445357377089838e-07,0.9378113697108769,8.411717643152819e-07,0.024621042566296453,8.875033986571015e-09,8.10640970197284e-07
59,3.6346480913068206e-08,3.430177918422454e-08,6.898792978990066e-09,0.002083288473650188,0.00012150597632699357,0.0017702645570923194,1.84061044149064e-06,2.570917564748786e-05,2.6946848234435955e-09,6.709552217650865e-06,0.03306058986663729,5.855443731090335e-05,1.9268834023107766e-11,6.585680810317364e-06,2.9766318166823352e-06,4.531075883033714e-05,9.485956471735125e-08,0.0005677558667670256,1.4496855202148133e-05,2.091195967234631e-07,0.9378953440268675,8.145071583012784e-07,0.024337004869536293,1.0303697993977586e-08,8.536098211801023e-07
60,3.1102561321086883e-08,3.175341855542058e-08,5.40654137199319e-09,0.0019884294295776633,0.00011730891287609361,0.001996371024215725,1.626200464023672e-06,2.235014350370792e-05,2.6023019445528054e-09,6.52228667976136e-06,0.03228702427147931,5.2652867863090485e-05,1.576899782658039e-11,6.8511613919070935e-06,2.9015379383052837e-06,4.5244445366836634e-05,7.439432794784165e-08,0.0004962336988337518,1.6326888094680267e-05,1.866465388993609e-07,0.9397367946634454,7.811845093529212e-07,0.023221440315325102,6.997731177664577e-09,8.020492451893451e-07
61,3.5140549211204637e-08,3.463477708174366e-08,6.981871717242689e-09,0.0020123499627371193,0.00012398790764503687,0.00184763376413285,1.7376824285539215e-06,2.4528154180382982e-05,2.857167937457249e-09,6.565149960775208e-06,0.033938299092611014,6.0140515798437934e-05,1.858533067427163e-11,6.81747194100146e-06,3.0331704840393346e-06,4.45246906584268e-05,8.97537474293531e-08,0.0005365556544007062,1.5207454782498815e-05,2.0474497790795452e-07,0.9387789731649493,8.201940853094035e-07,0.022597579454635933,9.143111741541641e-09,8.632397802459162e-07
62,3.1102561321086883e-08,3.175341855542058e-08,5.40654137199319e-09,0.0019884294295776633,0.00011730891287609361,0.001996371024215725,1.626200464023672e-06,2.235014350370792e-05,2.6023019445528054e-09,6.52228667976136e-06,0.03228702427147931,5.2652867863090485e-05,1.576899782658039e-11,6.8511613919070935e-06,2.9015379383052837e-06,4.5244445366836634e-05,7.439432794784165e-08,0.0004962336988337518,1.6326888094680267e-05,1.866465388993609e-07,0.9397367946634454,7.811845093529212e-07,0.023221440315325102,6.997731177664577e-09,8.020492451893451e-07
63,3.4168408352280344e-08,3.736610404317992e-08,5.718577239845859e-09,0.0020141245930661435,0.00011595946619321097,0.0020072501485794638,1.7383353405357026e-06,2.3281330719825653e-05,2.8512664879687646e-09,6.720046493742793e-06,0.03485600509881146,5.351926661352653e-05,1.7949052670437197e-11,6.868302066361661e-06,3.1665791757592903e-06,4.397307159187648e-05,8.398498293398848e-08,0.0005461335616291054,1.6853149264365807e-05,2.034787284424673e-07,0.9365829842848217,8.698413991525168e-07,0.023719320621572282,7.949718162858885e-09,8.567669269214849e-07
64,7.414275342573605e-07,5.084789576749992e-07,2.9550403733283837e-07,0.03936316175422298,0.000567470717711533,0.09470743121064029,0.00021985429006823455,0.00023961546518577842,1.9296725459240847e-07,6.851945857387051e-05,0.40785904437401654,0.00025241461195171344,8.873518714081595e-09,0.00014904263871079733,1.3540303106373651e-05,0.0012469018844997954,1.5886383879268354e-07,0.004356876751557854,6.30539528131328e-05,0.00012635532687327243,0.07112780825577869,6.401747575509942e-06,0.3796266265124644,1.1733469389975279e-07,3.857294413923421e-06
65,4.923573465328055e-08,4.872808195351548e-08,8.40317185205665e-09,0.00229238120942372,0.00010603197101658551,0.0017452083209187075,2.6955219256185556e-06,4.1838179749353804e-05,5.451396771809551e-09,7.681866789626276e-06,0.04342272018193195,5.4184938824084684e-05,2.3886038056365258e-11,6.096214991251793e-06,4.546837830280207e-06,4.973978141896212e-05,1.2062292365240332e-07,0.0005258578311195605,2.3942390202639154e-05,3.0817397077961303e-07,0.927180406541925,1.075680664231196e-06,0.02453394486967455,1.25998908174304e-08,1.094422537385673e-06
66,2.0307869855559912e-08,2.6006423287793933e-08,2.2726433657881866e-09,0.0011747411860461884,6.373839667286451e-05,0.0008710202979372587,7.394773931688271e-07,9.893802337687191e-06,7.41743583400712e-10,1.873655913745119e-06,0.03468599285986965,3.350751272018682e-05,5.391300813159292e-12,3.7254572008746482e-06,2.9897695903669696e-06,1.1918532066102479e-05,9.223326792397488e-08,0.0005157764882143435,5.130613938501446e-06,5.720765711417887e-08,0.9329157902518787,6.251596827925e-07,0.02970171332106315,6.461844651853023e-09,6.179806332174714e-07
67,2.3383816858162865e-08,3.105063995085161e-08,3.6202630756180146e-09,0.0013268416205490603,0.00010052734115751815,0.0008619287333262896,9.379849597431021e-07,4.0530897391278325e-05,3.934268921147001e-09,7.290962775928753e-06,0.02113175030348148,2.7217487345676964e-05,8.41452340131393e-12,2.9006493445400234e-06,2.2719546991487294e-06,2.145105656962712e-05,7.957133363923134e-08,0.00031681781310080815,2.8130046010562097e-05,9.229062706207898e-08,0.9689628046888977,8.182967871176938e-07,0.0071669505494135295,6.471689841129787e-09,5.892831361320568e-07
68,2.8156067034184012e-08,2.8183011995201934e-08,7.643327214560385e-09,0.0019063800159868016,0.00015381612796318183,0.0016421138186650391,1.4920900067434476e-06,3.454338531314199e-05,4.746971828627464e-09,8.221270089905844e-06,0.02124757370537088,4.611172245629437e-05,1.3763178236698377e-11,8.067743315040068e-06,3.1908876027699978e-06,5.6318266405602275e-05,6.222546699052726e-08,0.00023883638284207093,3.0458508885158468e-05,1.708739135026129e-07,0.9609141322655678,7.532842511607142e-07,0.013706835047945403,5.476000397129347e-09,8.481588108755767e-07
69,2.7575660705459032e-08,2.8502861729872477e-08,4.3693004509368515e-09,0.0016109829735178013,0.00012448818904007894,0.00226515005243473,1.4033447412055916e-06,1.854748798937348e-05,2.5338808550296285e-09,5.91944158336209e-06,0.03120592244750703,4.775524159044629e-05,1.2408669948378258e-11,7.0769064281736765e-06,3.2426633201358186e-06,4.494112605276778e-05,6.321850881684069e-08,0.00039916545023405944,1.8301117349997968e-05,1.3823155960817755e-07,0.9418779336408905,8.074189601152077e-07,0.02236740837699381,5.149171029446836e-09,6.845280147108218e-07
70,3.988261853028954e-08,3.056219690377917e-08,1.1084513445025505e-08,0.0025410097726769024,0.00017072063529255087,0.0033030091755293332,1.749047407369517e-06,1.107691856362159e-05,2.2708621144269605e-09,6.133141579136082e-06,0.02924494678382069,9.278302256566706e-05,2.3821396641747705e-11,1.939153956202313e-05,2.5389042710625812e-06,7.925465445539165e-05,5.426840463564988e-08,0.0005109550906496393,1.2107651214503901e-05,2.2494469395472252e-07,0.9325568264526501,5.720155946838885e-07,0.03144522745010948,5.6452575048639614e-09,1.3290616896082412e-06
71,3.312026583688986e-08,3.167318819279558e-08,5.442799206652662e-09,0.002026462823777948,0.00011080509331717488,0.0019193716304423483,1.7456567708022943e-06,2.328353962609088e-05,2.5572791448222516e-09,6.375331489667375e-06,0.03300213946534805,5.39222103785501e-05,1.6176213031718057e-11,6.743320930685866e-06,2.904514027621682e-06,4.593653560453816e-05,7.75025939002849e-08,0.0005170766393572348,1.6304960062569407e-05,1.9643806862512126e-07,0.9380609100206967,7.854008283431356e-07,0.024204062830381654,7.389367173132191e-09,8.158872215567073e-07
