,0,1,2,3,4,5,6,7,8,9,10,11,12,13,14,15,16,17,18,19,20,21,22,23,24
0,7.627451326515307e-09,3.193917276199634e-06,2.2535080648378363e-05,0.010809940303638592,1.1856571494389858e-05,0.020021068181216482,5.07304083051206e-06,2.9701889389694527e-05,4.226628625785287e-06,0.001386204498130555,0.00012982361559010574,1.1284995453366552e-06,1.2602620017108999e-06,0.0001718566984009664,3.6398998362647574e-07,0.0007880672755611862,0.018547768988957658,2.6240926658298044e-05,2.1340811051659758e-05,0.002300014596286739,0.8817924007447541,0.00014147453265677212,0.06336906800290767,0.00038994769577370853,2.543562116864409e-05
1,9.947275149874795e-09,3.039883544800304e-06,3.2236470394473543e-05,0.0075005816602255965,1.1374341192764235e-05,0.028933011497097472,4.972698282430048e-06,4.6249523788746484e-05,8.17337833088017e-06,0.0013916007404861245,0.0001047556978781125,1.1556182553569033e-06,1.7889556385377068e-06,0.00010702172051033003,6.287655511959167e-07,0.0019979928565943194,0.01456773756599187,2.7134721722549357e-05,4.194835375772226e-05,0.0024453993263273245,0.9163745444066116,0.00014496537549494391,0.025811619934058803,0.0004233194680659811,1.873709292298471e-05
2,1.0307928987528873e-08,3.85784008573147e-06,2.2065000977326696e-05,0.007873277016974198,2.8866745619302758e-05,0.024088883692183104,7.010996672676871e-06,4.795341009184413e-05,6.831518424274542e-06,0.0013589828370323895,0.00017211243392479625,1.2769832292144167e-06,1.926007319846488e-06,0.00021090559245657637,1.1090619678987148e-06,0.0017027532158386009,0.02643800163416956,3.060340059481758e-05,2.9021884134781248e-05,0.004172237397126134,0.8818597884248349,0.00018681391396026714,0.051384451349675696,0.00033224774177290415,3.901159300402655e-05
3,7.850782877151012e-09,2.9248018771005965e-06,2.1115135617587923e-05,0.00908487079815756,1.312391617475916e-05,0.023014637119383743,4.589432420424612e-06,3.6869398703594766e-05,5.506529100814103e-06,0.0010900535053382043,0.00014647304233254805,1.145808624668494e-06,1.4835681131980335e-06,0.00015573416925875294,5.023280494379076e-07,0.0011806421917534373,0.020923279389102455,2.654584399683942e-05,2.831987862643731e-05,0.002410879113817695,0.896863079297396,0.00016638004416591178,0.0444008826015272,0.0003990592375710777,2.1894998107808054e-05
4,8.079585005833955e-09,2.7987964203047666e-06,1.9579180487268635e-05,0.009024976591203233,1.227689561573834e-05,0.021047998518370133,4.355969611692157e-06,3.191823578586014e-05,5.648309146945332e-06,0.0009868016678116155,0.00013520636126931264,1.3023593813306662e-06,1.762092591131013e-06,0.0001538570441965554,4.8525696956205e-07,0.0010810156137803285,0.022215544795194237,2.7379954693768976e-05,2.6830389946437898e-05,0.0022720802420647937,0.9000889385037877,0.00018024179343958385,0.04225826693943337,0.00039759533141466556,2.3131077799438545e-05
5,6.916230786166824e-09,2.552063851779374e-06,1.5924073010749382e-05,0.010994076723221329,9.139895893576976e-06,0.019347282667685758,3.285816849550977e-06,2.746341406427265e-05,4.200951500507497e-06,0.0011012747900936803,0.00012147205995921807,1.0741035418971337e-06,1.4787508250944033e-06,0.00016974301993816974,3.0608836490805453e-07,0.0008473841835566155,0.023256008959621287,3.2811662509102084e-05,2.1010209284856796e-05,0.0024274887517887287,0.894956404463547,0.0001620011632264494,0.04607447308806546,0.0004030271553010787,2.0109028068341644e-05
6,7.850782877151012e-09,2.9248018771005965e-06,2.1115135617587923e-05,0.00908487079815756,1.312391617475916e-05,0.023014637119383743,4.589432420424612e-06,3.6869398703594766e-05,5.506529100814103e-06,0.0010900535053382043,0.00014647304233254805,1.145808624668494e-06,1.4835681131980335e-06,0.00015573416925875294,5.023280494379076e-07,0.0011806421917534373,0.020923279389102455,2.654584399683942e-05,2.831987862643731e-05,0.002410879113817695,0.896863079297396,0.00016638004416591178,0.0444008826015272,0.0003990592375710777,2.1894998107808054e-05
7,3.392239536811107e-08,5.937131863665929e-06,0.0001033264521774358,0.012988761043548258,1.975333244558829e-05,0.04999470416829756,1.1710477493991063e-05,8.314213686003135e-05,9.291615131897313e-06,0.0031296281605024414,0.00024531845009018014,1.7295923267628737e-06,2.2822119303680657e-06,0.00015967746770539034,6.395125156344059e-07,0.0014403321944345996,0.01766445163479453,4.6595991625252875e-05,8.276522004236627e-05,0.002830447019128061,0.8143715119233973,0.0001659751491073486,0.09537681133032122,0.0012319884032152542,3.318545864968513e-05
8,1.333174723848568e-08,6.791271010127719e-06,5.22945870122728e-05,0.021229456642097938,1.8897233934718733e-05,0.02850967206963054,9.191543068416104e-06,4.580730624436354e-05,5.165283276057668e-06,0.002887700894881008,0.00015709688740811784,1.6237966195139969e-06,1.7433324246735004e-06,0.0002562459520046379,3.2783251025203216e-07,0.0009740680015957915,0.015099402866545389,2.3270759314063143e-05,2.5983608093674886e-05,0.004589851535923579,0.7762642831243333,8.900050718602291e-05,0.14900897893684964,0.0007090127578799791,3.4119938408667636e-05
9,6.453204733231745e-09,3.5729079334024215e-06,3.157757270559867e-05,0.01463830492151639,7.148880702282379e-06,0.017635498299457163,4.469207782797126e-06,2.0685446160287696e-05,4.203795288027843e-06,0.0017944353398982186,6.039245763079863e-05,1.1819539289820132e-06,1.403340426626125e-06,0.00011837423132415765,1.995640551775275e-07,0.0007505171271786416,0.010081213787471179,1.8435266121635256e-05,1.466712228301868e-05,0.00286370358741162,0.8989320340597982,6.830934081629513e-05,0.05251548320419345,0.0004137313355167274,2.0450797194737448e-05
10,7.850782877151012e-09,2.9248018771005965e-06,2.1115135617587923e-05,0.00908487079815756,1.312391617475916e-05,0.023014637119383743,4.589432420424612e-06,3.6869398703594766e-05,5.506529100814103e-06,0.0010900535053382043,0.00014647304233254805,1.145808624668494e-06,1.4835681131980335e-06,0.00015573416925875294,5.023280494379076e-07,0.0011806421917534373,0.020923279389102455,2.654584399683942e-05,2.831987862643731e-05,0.002410879113817695,0.896863079297396,0.00016638004416591178,0.0444008826015272,0.0003990592375710777,2.1894998107808054e-05
11,8.61528253645466e-09,3.0162416745922376e-06,2.164831182130686e-05,0.009278133217267857,1.3459247906913001e-05,0.022529074116723988,4.742850719818413e-06,3.6059537026746404e-05,5.827960915449245e-06,0.0010911986422176855,0.00014506089208732236,1.2791337295027905e-06,1.7158200023946929e-06,0.00015818440860893937,5.123094155227782e-07,0.0011838180653468424,0.021677171323530465,2.794265363142513e-05,2.880687447974275e-05,0.00248079506691586,0.8960462005545107,0.0001737280180392894,0.04464677009278872,0.0004216277830724451,2.3218262283951767e-05
12,6.963259686421361e-09,3.1687904937040324e-06,7.788219829361468e-06,0.009057036336304837,1.8822308406255016e-05,0.024641133703037648,2.296896359727957e-06,1.0447592583639548e-05,3.1376937106808124e-06,0.0012616587032066987,7.1306637224857e-05,4.454856947854192e-07,1.1057008584633408e-06,0.00032779311750581616,2.7060683183848454e-07,0.0005005623725493498,0.05610490956838698,4.3180979720156656e-05,8.432089958209564e-06,0.0029182496697257696,0.8436896286944671,0.0001304246304046029,0.060976361992409966,0.00017187288118041336,4.9958365889313935e-05
13,6.077406351288487e-09,2.731024647222075e-06,1.9884966298473605e-05,0.011378912085598058,1.7829304904221454e-05,0.017796217727080618,6.46552250156852e-06,7.32415918981115e-05,5.379666524226377e-06,0.0005626044964023761,0.0005549677093067114,2.2459254964433257e-06,1.510685625045811e-06,0.0002700073399283554,7.882012288843125e-07,0.0008770618901303648,0.023439691773130517,2.3203231768773564e-05,3.287054510266249e-05,0.002106698836745289,0.8531819530550427,0.0003085625862082868,0.08879829186566528,0.0005180789301652582,2.0794961194388908e-05
14,7.0916181137298215e-09,2.3680932306725726e-06,2.1552010015852723e-05,0.008497240245302172,1.0895338172349581e-05,0.0219321986274545,3.977156803420482e-06,3.3437239739633695e-05,5.371455144318369e-06,0.0009394282027251746,0.00012696876876902243,1.1036152057511847e-06,1.49394366118599e-06,0.0001288077679174958,4.7423227566627694e-07,0.0011366919637390608,0.019713804788867223,2.4735716752496865e-05,2.5535243007212682e-05,0.0021899720920001715,0.9051006199960203,0.00015940460424799252,0.03954735948054499,0.00037628212970219725,2.0270197082838026e-05
15,7.850782877151012e-09,2.9248018771005965e-06,2.1115135617587923e-05,0.00908487079815756,1.312391617475916e-05,0.023014637119383743,4.589432420424612e-06,3.6869398703594766e-05,5.506529100814103e-06,0.0010900535053382043,0.00014647304233254805,1.145808624668494e-06,1.4835681131980335e-06,0.00015573416925875294,5.023280494379076e-07,0.0011806421917534373,0.020923279389102455,2.654584399683942e-05,2.831987862643731e-05,0.002410879113817695,0.896863079297396,0.00016638004416591178,0.0444008826015272,0.0003990592375710777,2.1894998107808054e-05
16,3.471028409134764e-09,1.8546912532245996e-06,8.201426122368822e-06,0.004869476877088038,6.895563132637843e-06,0.00890128522141697,3.3330825239249262e-06,2.5699418155181517e-05,2.7712637696035303e-06,0.000990333135384146,5.8941203238107676e-05,1.0313483354557612e-06,1.1037786173717994e-06,0.00011057684318660599,3.5839817693214905e-07,0.000719164098317187,0.016170797148310254,1.8980067685580747e-05,1.7739451149855756e-05,0.0018834043627435858,0.9423180339159,0.0001692763650077853,0.023544202144548006,0.00015955970438089731,1.6977020527874024e-05
17,4.221138298989555e-09,2.0125892376794697e-06,9.09885324249343e-06,0.009528995099399723,1.287691932302929e-05,0.011420116286813867,3.5686132661409082e-06,2.847854589593415e-05,2.7829142414939633e-06,0.0007659110245288385,0.00014989980623469272,1.2886387381578337e-06,1.589582910640204e-06,0.00022584245150744528,3.5570029433858723e-07,0.0006729439998233112,0.037540200486697345,2.317177258986717e-05,1.4015524457230235e-05,0.0028257581821183233,0.8611152072231026,0.0002405744533753436,0.07512609124744345,0.00026442024633522264,2.4795617284348767e-05
18,5.325633322589934e-09,1.9782755444699216e-06,9.76551960782112e-06,0.006424708950545257,1.1537855680653583e-05,0.013698336063380888,3.1041881208101586e-06,1.67335316189963e-05,3.085203469772549e-06,0.0010054886075153268,7.369175762912202e-05,8.106406069076148e-07,1.3330642503976503e-06,0.00014876784846756623,3.462725898832971e-07,0.0006343119806148612,0.030086968421160678,2.823323926787642e-05,1.2842887126850771e-05,0.002383194707804544,0.9018883228533544,0.00016066077358368785,0.0431709669200275,0.0002047691360461841,3.00359763521577e-05
19,5.927781882269176e-09,2.6371694681845885e-06,2.1474599710966245e-05,0.008075154821071238,9.041029497469644e-06,0.011979542171192544,5.340173685049196e-06,3.0036932241882897e-05,5.413828176678196e-06,0.0008911474783790137,8.651500928505345e-05,1.594843903007203e-06,1.6599185270552964e-06,9.512532042219334e-05,4.225940375385708e-07,0.0008765566517193337,0.013789763853717076,1.842103582046735e-05,2.177091983500658e-05,0.001853530867400788,0.9299648284713574,0.00015398231134165796,0.031799578604323635,0.00029780627864883585,1.8649188456192967e-05
20,5.072729969516031e-09,2.055541781719083e-06,1.7774642663724158e-05,0.006675309322872525,8.921501797726846e-06,0.014907003566158662,4.456184192649338e-06,6.729678638938563e-05,4.830036497619452e-06,0.0007360391097937216,0.00016961871729793523,1.4025164781786009e-06,1.314981836965652e-06,0.00012773553586141318,9.337609624265283e-07,0.0012293935649480706,0.019417203331824066,2.3406672458355448e-05,3.4956095137916285e-05,0.001887956021022091,0.9265910482340213,0.00029753115941722494,0.02752590521862695,0.0002511225578611555,1.6779867368200775e-05
21,6.87300181343509e-09,3.287315547738246e-06,1.913046688601513e-05,0.010728520356775826,1.0653131245472485e-05,0.021862607563752957,4.111107002352258e-06,4.236772567598096e-05,6.5637306793168745e-06,0.0013187687989436121,0.00010803854126530562,1.3263297101728755e-06,1.8806312997755207e-06,0.0001912848025962711,4.309075804960237e-07,0.0016973045404341251,0.015314506313454717,2.8430432516792252e-05,2.6129655823377172e-05,0.0031600719663039227,0.9155463750171203,0.00014348031005082928,0.029393186143872096,0.00037464036677183315,1.6896971688955632e-05
22,9.816220605084116e-09,1.934557563897598e-06,1.807132974413936e-05,0.007302042730936656,1.3535688526757723e-05,0.028959969844840627,2.7376550953878178e-06,3.262732661360358e-05,4.863064029637321e-06,0.0009510421798867003,0.00017519771230390185,6.357330458735627e-07,1.368864888637172e-06,0.00013443496085006329,5.868881676473759e-07,0.001104290016725787,0.043974093668872054,5.318245442511609e-05,2.578621950093194e-05,0.0023728523173128435,0.8764054541521816,0.0002507530216623207,0.03779859683706768,0.00039119269728983796,2.4740262247862058e-05
23,7.850782877151012e-09,2.9248018771005965e-06,2.1115135617587923e-05,0.00908487079815756,1.312391617475916e-05,0.023014637119383743,4.589432420424612e-06,3.6869398703594766e-05,5.506529100814103e-06,0.0010900535053382043,0.00014647304233254805,1.145808624668494e-06,1.4835681131980335e-06,0.00015573416925875294,5.023280494379076e-07,0.0011806421917534373,0.020923279389102455,2.654584399683942e-05,2.831987862643731e-05,0.002410879113817695,0.896863079297396,0.00016638004416591178,0.0444008826015272,0.0003990592375710777,2.1894998107808054e-05
24,9.248681547912521e-09,4.703089152611066e-06,1.7841035841082364e-05,0.014613790868007384,1.4664326495601673e-05,0.02524575301641429,4.2739116529513436e-06,3.87125029191731e-05,5.111387539770165e-06,0.0016649474122664464,0.00014905902113772392,1.2175100021657074e-06,1.7666591562200005e-06,0.00028211531237704935,3.6250598771014007e-07,0.0012394420149059301,0.02880764478739882,3.4330246151556865e-05,2.8342470937902116e-05,0.0040037668085680855,0.8606463655393987,0.00016940641597721273,0.06252109403024234,0.00048128019160998867,2.3999687177692853e-05
25,9.218606089378903e-09,2.594315597084306e-06,2.1091526757890825e-05,0.005740784732013525,1.023110167019538e-05,0.021987349196957016,3.2560315972912065e-06,1.2936415289531841e-05,5.9162096052524355e-06,0.00113313947528484,4.951419015718853e-05,8.471856954805134e-07,1.7483253714652327e-06,8.09636077225329e-05,4.890781798244187e-07,0.0008602236748483869,0.02087765660498181,2.7276926101095243e-05,1.9921370392472482e-05,0.002068200878719721,0.9198621401592092,0.00012117847840473042,0.026806711811212757,0.00027041977527570576,3.539971034914328e-05
26,2.4043618285682267e-08,3.4500988280322823e-06,3.8685652318508413e-05,0.014019364046588623,1.7736576534782037e-05,0.046211018118274994,3.408913924379276e-06,2.4062189686929427e-05,8.421089353208993e-06,0.0013331679118924232,0.0002051305181527757,1.031950142275918e-06,2.8092676105199118e-06,0.0001357968168939402,2.6748588851924505e-07,0.001183102259355883,0.0372337912794772,5.688632771287045e-05,3.625269426017829e-05,0.0036882331511519637,0.813601838012085,0.0001410184637904662,0.0804591412862666,0.001569812553283295,2.5549292908557783e-05
27,6.826581367456131e-09,2.3991719382536405e-06,1.7438505630782e-05,0.007952127680316513,1.0722603781577978e-05,0.02108422968745463,3.7270336677417526e-06,4.388875735453458e-05,5.602131152649329e-06,0.0008487552239257125,0.00016385625673862782,1.1755887106386768e-06,1.5313912954757216e-06,0.0001450363134345051,6.009617827481326e-07,0.001318132483649054,0.023683194073658466,2.8210585303779377e-05,3.381788697095642e-05,0.0022251418582234592,0.9080714823119694,0.00023632747973300168,0.03372388592678127,0.0003809627494254789,1.7746510519419747e-05
28,7.850782877151012e-09,2.9248018771005965e-06,2.1115135617587923e-05,0.00908487079815756,1.312391617475916e-05,0.023014637119383743,4.589432420424612e-06,3.6869398703594766e-05,5.506529100814103e-06,0.0010900535053382043,0.00014647304233254805,1.145808624668494e-06,1.4835681131980335e-06,0.00015573416925875294,5.023280494379076e-07,0.0011806421917534373,0.020923279389102455,2.654584399683942e-05,2.831987862643731e-05,0.002410879113817695,0.896863079297396,0.00016638004416591178,0.0444008826015272,0.0003990592375710777,2.1894998107808054e-05
29,7.850782877151012e-09,2.9248018771005965e-06,2.1115135617587923e-05,0.00908487079815756,1.312391617475916e-05,0.023014637119383743,4.589432420424612e-06,3.6869398703594766e-05,5.506529100814103e-06,0.0010900535053382043,0.00014647304233254805,1.145808624668494e-06,1.4835681131980335e-06,0.00015573416925875294,5.023280494379076e-07,0.0011806421917534373,0.020923279389102455,2.654584399683942e-05,2.831987862643731e-05,0.002410879113817695,0.896863079297396,0.00016638004416591178,0.0444008826015272,0.0003990592375710777,2.1894998107808054e-05
30,7.850782877151012e-09,2.9248018771005965e-06,2.1115135617587923e-05,0.00908487079815756,1.312391617475916e-05,0.023014637119383743,4.589432420424612e-06,3.6869398703594766e-05,5.506529100814103e-06,0.0010900535053382043,0.00014647304233254805,1.145808624668494e-06,1.4835681131980335e-06,0.00015573416925875294,5.023280494379076e-07,0.0011806421917534373,0.020923279389102455,2.654584399683942e-05,2.831987862643731e-05,0.002410879113817695,0.896863079297396,0.00016638004416591178,0.0444008826015272,0.0003990592375710777,2.1894998107808054e-05
31,1.6651456297836082e-08,4.618013528376885e-06,5.075993359039891e-05,0.012566521772284688,1.4788524643960449e-05,0.02841927771429352,8.334113529891e-06,9.560290113540921e-05,5.7080322903412055e-06,0.0024309533294681247,0.00017332634337857396,1.3113281695671625e-06,1.5066375170274514e-06,0.00018338854011964724,5.587719168962247e-07,0.0011541365406428996,0.01928801701966871,3.89451642027551e-05,4.7782927244541014e-05,0.0028269805765972138,0.8623469894765083,0.000172980897362573,0.06962036413925748,0.0005209988821172295,2.6131769075452568e-05
32,8.8517925262071e-09,3.1089997279868876e-06,2.163154415757921e-05,0.008736968627445291,1.2915974942563737e-05,0.024448618540991045,4.6872479141521235e-06,4.164832657071538e-05,5.816267983081763e-06,0.0011516114814435175,0.0001534328238389499,1.21100643110745e-06,1.5642383316054795e-06,0.0001606866392738136,5.406921350682296e-07,0.0012306017803192682,0.02175833624576942,2.8982985122608347e-05,3.5015221212367864e-05,0.002348738584660976,0.8968741525541553,0.00018646220025158645,0.04234768014209526,0.00042378119534678343,2.1797828087347166e-05
33,7.72651417376765e-09,3.4701238321435925e-06,1.0962838475555386e-05,0.018275699503042794,1.7500215887477622e-05,0.039434950867368264,3.361119958885929e-06,0.0001016393591422311,3.6234549155230316e-06,0.001599846930738819,0.00044832271116503086,1.218520203318292e-06,2.8531644058292825e-06,0.0005919785263563086,3.135008806890975e-07,0.0018125580042693892,0.09133058309242569,4.8705726420600994e-05,5.56015185499831e-05,0.005428790355718676,0.7190060210084236,0.0004590240365945558,0.12045433214227001,0.0008927778395864196,1.5857712854339936e-05
34,3.627346443015275e-09,2.0707905668530355e-06,1.2761203047148965e-05,0.010926962030230598,1.1912045486293431e-05,0.0169149727766028,3.793876506605831e-06,2.7726938358451286e-05,2.5519616437342757e-06,0.0013200005043266573,0.00010796668523825171,8.008876023986814e-07,1.1620842173723287e-06,0.00019803089308904483,3.016657007203268e-07,0.000919279267413421,0.0240917975143149,2.10243690148073e-05,1.1632401011308122e-05,0.00337847307239466,0.873217803530435,0.00012594440950539182,0.06842636660448348,0.0002537547675060432,2.2906093957541787e-05
35,1.0515607840948998e-08,1.3427355261722151e-06,2.1068112377142794e-05,0.005101626761142854,4.41580065329582e-06,0.009117342139366795,3.3680172395563403e-06,3.77581109298921e-05,5.176245937627637e-06,0.000716503882453076,5.745282859945829e-05,8.817202438239189e-07,1.0668181690842775e-06,4.124233120357026e-05,2.0226447146704767e-07,0.0004902388169455905,0.011697326241811525,4.430178931926416e-05,2.7175200366857193e-05,0.0008036619422674081,0.958263596225915,0.00014551616971834752,0.013106883222987894,0.00030263545522073924,9.206651526029893e-06
36,7.979455562114477e-09,2.2263407272439512e-06,2.0267749370323167e-05,0.006034637321327926,1.1071360487338227e-05,0.015190564542811891,5.6341030519377385e-06,0.0001221145524484826,8.583994419688462e-06,0.0006735127618259865,0.00018468439423050808,2.972435714120957e-06,3.993966489035724e-06,0.00010719500739913525,1.5703415954537223e-06,0.002592421782783659,0.02909062903907568,2.5101660178709282e-05,8.435349674386795e-05,0.0025384228094185936,0.9199077014009486,0.0005426175672552155,0.02246372994425409,0.00036898964969244217,1.6995798294709954e-05
37,8.950031718001132e-09,3.1070226290362296e-06,2.3127115358448787e-05,0.010058409448819517,1.2580626449180629e-05,0.022641373861677853,4.679971775931297e-06,3.571290444871889e-05,5.269706061195765e-06,0.0012537382479829264,0.00014605301974635613,1.1486452721910053e-06,1.4962046965089083e-06,0.0001541809946257348,4.1445130670690795e-07,0.0010536252900536717,0.020986358427274504,2.9673924205921925e-05,2.835363516640512e-05,0.002501649644872204,0.8894469186070945,0.00016164322549591282,0.050957472387114046,0.0004711781862287273,2.182550161217716e-05
38,2.2940128932733392e-08,4.7578672691277795e-06,6.251037918689431e-05,0.007627821149483164,2.6183286471451226e-05,0.07671830341839647,1.0157072220994396e-05,5.0819216197484675e-05,1.257242354417248e-05,0.0020409810017941944,0.00019708982888846314,1.2237428217986816e-06,2.041392818805113e-06,0.00016740699044675108,1.290370731870975e-06,0.0025093669889184583,0.01423255729193065,3.618570177202976e-05,6.957570156287348e-05,0.002078859280008142,0.8542419720009643,0.0001308830654466831,0.039053563522866395,0.000685382628367216,3.8472737762789594e-05
39,1.2212950074482126e-08,2.082666101795794e-05,1.5024101578065035e-05,0.028810130182144286,4.170440771189416e-05,0.01235270805970619,9.792360346314411e-06,2.7346582115921593e-05,5.601988439765623e-06,0.0019342799110272978,0.00042883055580218325,2.292148682627456e-06,1.1134430927221786e-06,0.0008832249853828895,3.630374431296322e-07,0.0006168688898919616,0.02330051506808212,2.666268190323682e-05,2.122642777861963e-05,0.00627849341928582,0.661847679191443,0.0001847308419417467,0.2624343776498456,0.0007149649567364387,4.123023565006787e-05
40,1.2517015333816067e-08,3.787234351498876e-06,4.0780397649482955e-05,0.005928330265925614,1.5676569205757988e-05,0.025373090320442333,7.368838238508028e-06,3.059218641110914e-05,1.048968138881062e-05,0.0008919565874519158,0.0001339557376393243,1.8284845849440522e-06,1.8571812586273052e-06,0.00011479591912418701,1.2571360906974277e-06,0.0010867692953947443,0.01370920345933227,2.275422042224876e-05,3.862805769494277e-05,0.0015140244401935787,0.9184267291159606,0.00018841025775202363,0.032066554402375165,0.00035351576668693583,3.763192740933872e-05
41,2.0047421427455808e-08,4.871960227790456e-06,5.525054091605589e-05,0.008767104916180941,6.698078550423124e-05,0.04435258520121069,1.1287089612335397e-05,5.5374932426461775e-05,2.2829013163429623e-05,0.0008288121125974416,0.000244698212552837,1.5367702976322078e-06,3.466570561124131e-06,0.00015047623549116775,2.1862763795062726e-06,0.0035079533034324457,0.02193758012291622,3.109992826042241e-05,3.271919483071411e-05,0.0038990734958735,0.881715843830619,0.00012988346547139956,0.033652589565633724,0.000481052103263597,4.472432515596699e-05
42,2.7086730307486638e-08,1.2743015823651856e-05,3.5181698117719857e-05,0.019155721848465642,0.00012531000307356896,0.04590074471706158,1.1368268604092289e-05,1.0798962712811916e-05,8.937021900551177e-06,0.0018410094372522928,0.00026323535472875625,6.917947713758933e-07,1.1860433159448448e-06,0.000595794726553907,4.05401627423739e-07,0.0004192004993430536,0.029041116676829588,4.5326128620566576e-05,8.165016235427659e-06,0.004545722766490029,0.6473414028003215,4.967341823022823e-05,0.2498948053819697,0.0005700075631462364,0.00012142436807412255
43,2.8058448383268276e-08,1.1978355746255973e-05,6.531481731249343e-05,0.025586896720727722,9.110462565203665e-05,0.035747076673272093,1.68973038146898e-05,7.360623988731021e-05,3.019951538737774e-05,0.00036110446376661794,0.0015122551590567657,5.7671662805017435e-06,3.946708690575207e-06,0.0003613246740553812,2.336036553974379e-06,0.0016540307849637337,0.029378186496643758,2.3010974657453132e-05,6.370062914845481e-05,0.0032662833998622753,0.7341523610238254,0.0002589360763908944,0.16582612702018037,0.001456308636926998,5.121843874823697e-05
44,7.850782877151012e-09,2.9248018771005965e-06,2.1115135617587923e-05,0.00908487079815756,1.312391617475916e-05,0.023014637119383743,4.589432420424612e-06,3.6869398703594766e-05,5.506529100814103e-06,0.0010900535053382043,0.00014647304233254805,1.145808624668494e-06,1.4835681131980335e-06,0.00015573416925875294,5.023280494379076e-07,0.0011806421917534373,0.020923279389102455,2.654584399683942e-05,2.831987862643731e-05,0.002410879113817695,0.896863079297396,0.00016638004416591178,0.0444008826015272,0.0003990592375710777,2.1894998107808054e-05
45,1.319726882743306e-08,3.2807192969310483e-06,5.576901790704149e-05,0.009405704074027703,2.2121188662379136e-05,0.046252857860146386,9.135597453416982e-06,0.0001666997320734084,1.3885391400379736e-05,0.0009582929917455352,0.00042021862147518043,1.8646075855186548e-06,2.5809513098320153e-06,0.00013972553590024518,2.2431148100979055e-06,0.004247082771602923,0.018733601910861257,3.11890923462315e-05,9.284879442948277e-05,0.0027632949404569037,0.88515883966441,0.0002757855541212562,0.03054429222390149,0.000679650284171359,1.9022162636330457e-05
46,6.7806321116640075e-09,2.2741140972584075e-06,1.6482855225709653e-05,0.009227558148148723,1.0239803344775958e-05,0.022508535492414466,3.1262702567545765e-06,3.3118562425422583e-05,4.521787967807166e-06,0.0009013881200616954,0.00014066481066448558,1.0341892138158875e-06,1.6264505929474018e-06,0.00014748746636811006,4.315456707194465e-07,0.0010917584919446107,0.030592406018770887,2.817874337312316e-05,2.6919480299237842e-05,0.002379903321991091,0.8887453337927862,0.00020953559534058678,0.043513348700670675,0.00039414767002472577,1.9971787714089502e-05
47,6.702117252774447e-09,1.9165692536350136e-06,1.4266544892437274e-05,0.004926750671380786,7.688847293501819e-06,0.011899832713986586,3.1907606919368822e-06,2.2332625071307237e-05,5.167042950993465e-06,0.000818119209982299,5.755109828697141e-05,1.4679399693786358e-06,2.467168911760616e-06,6.776973031360284e-05,4.899072696261031e-07,0.0011858565305383519,0.022214639896366763,2.055844866574238e-05,2.855340388099892e-05,0.002100657724603104,0.9336698349266099,0.00021731854497998715,0.02242587084860682,0.0002873178204712825,2.037432290513007e-05
48,1.9409199071506894e-08,8.900540830771502e-06,2.617622424132895e-05,0.012911161968971217,1.4485683319389774e-05,0.05631812103660325,5.973488031614176e-06,7.856261357319397e-05,7.115173616169683e-06,0.0027489627584068874,0.00030502968395664876,1.5045665598188391e-06,1.963804073558806e-06,0.0003064921234732514,4.841612173106397e-07,0.001505147033270897,0.038378560422033754,4.398408359059204e-05,0.00017547121283913332,0.0027441539468265495,0.8088715761698493,0.00033798083583049237,0.07402912261341345,0.0011577874357544603,2.126301051781858e-05
49,6.906528539408371e-09,2.4787866358858616e-06,2.2808224436618056e-05,0.00945448778156681,8.444732559793983e-06,0.020561872352052146,3.8009118232204637e-06,2.908181343759426e-05,4.73130085341696e-06,0.0010947268361809802,0.00011185641118067888,1.2212403456938064e-06,1.5043020567438768e-06,0.000133980322083002,3.955927591986122e-07,0.0009167237132237445,0.017768324211843236,2.5039187392627713e-05,2.3923775525491347e-05,0.002149021777898578,0.903312272838303,0.00015702834118079052,0.04380089547354608,0.00039429755142696127,2.1075615159309963e-05
50,7.878166089183101e-09,4.30032730963038e-06,2.4115023829845678e-05,0.0074884474922800506,1.9153678154493388e-05,0.016315030078981798,1.4861777083345812e-05,7.318652381493759e-05,2.9707677006569547e-06,0.0037317422983313264,0.00011582286516017208,1.5731798041084328e-06,1.4276145325325634e-06,0.00024219087313049988,6.826583852330098e-07,0.0009404074808626626,0.016014233336122275,2.325542391856946e-05,3.433509153046346e-05,0.0029936390010091908,0.862610939392555,0.00017583755074050044,0.08888205252782472,0.0002483788254393709,4.140833333243131e-05
51,7.687712332539752e-09,2.311172238455064e-06,2.1965717696007063e-05,0.007895455953227678,1.5183172217402924e-05,0.025280091527316036,4.807862530897351e-06,3.479678119373546e-05,5.591039687250563e-06,0.001040546336023612,0.00014509366960071334,1.0681273114879213e-06,1.6653474345214075e-06,0.00013603376785410525,5.369443875217927e-07,0.00136797107011299,0.021051534648834015,2.582010272118813e-05,2.5912035917198508e-05,0.0024617743960194884,0.8956094921691143,0.00014984670443914593,0.04429071574403282,0.00040866601357471245,2.311200880219513e-05
52,2.4244949614806967e-08,1.524766940994827e-06,3.189783641282394e-05,0.005602045366942664,2.9547828580895536e-05,0.20723006491064497,2.300525426084746e-06,5.616046916296371e-05,1.1675691145189891e-05,0.001601978032264189,0.00041338032054553887,2.4631073027093676e-07,1.7817285350598e-06,0.00030049350665966934,1.9997195942583063e-06,0.003209508921082176,0.0588299087025004,0.00030901025075053977,4.2954605561080876e-05,0.0032057845067690297,0.695983976596869,0.00025539512329179865,0.02224822224663697,0.0005876245317944873,4.249325620925562e-05
53,7.329186399328367e-09,2.9331612492590892e-06,2.169252028991827e-05,0.008935834765121293,1.4735645488259994e-05,0.02089611066775669,5.622352677339787e-06,4.009990147076359e-05,5.4147985641366075e-06,0.0011022492946914121,0.0001566177014874109,1.2584848707693245e-06,1.4949700399251014e-06,0.00015718907853189327,5.502128228922786e-07,0.0011715106427617082,0.019048343546018705,2.422533149624663e-05,2.7187195136249172e-05,0.002451921261646847,0.89726755798827,0.00016241811552800814,0.0480990727711182,0.0003830803208995628,2.2871942876282664e-05
54,1.180057864905304e-08,6.4094964907514325e-06,2.4634345346638607e-05,0.008381394771912973,2.2004915549339465e-05,0.02823682772311498,7.197667764324931e-06,3.0145311915186225e-05,6.6016798342885055e-06,0.0021672072700030733,9.290438105090679e-05,1.4327874344928624e-06,1.8591781720539885e-06,0.0002496099527446843,1.0368957420698383e-06,0.0014848328663077549,0.020585213431916636,2.4020658605751096e-05,3.2140179866741734e-05,0.003546374182801209,0.881612594585905,0.00015610062955403903,0.05300174301633383,0.00027085670809273536,5.6845562961939376e-05
55,7.761774986657651e-09,2.676004598275908e-06,2.093869827061063e-05,0.008602870032917005,1.1224492822055821e-05,0.020369180678759757,4.3000530054404514e-06,3.162449459191376e-05,6.197485872614632e-06,0.0009110619573031257,0.0001240820662472272,1.2754899237121439e-06,1.6463164447397073e-06,0.00012757535805257308,4.5812929148793254e-07,0.00112034296849795,0.01790674973830312,2.550343779730902e-05,2.7109070466952624e-05,0.002105370312428194,0.9127039800755469,0.00015401114011059304,0.03532247782708217,0.0003995082178541462,1.982819203706686e-05
56,8.379835411021409e-09,2.8998296499967084e-06,2.1166329781319945e-05,0.009002209861991435,1.2729530340450815e-05,0.02237688832881893,4.609847030493887e-06,3.560974156775821e-05,5.7508935315056226e-06,0.001070868001656731,0.00014173073975274074,1.2742638891730971e-06,1.6935930077186584e-06,0.000154826455712013,5.093822576253219e-07,0.0011583116843544136,0.021334813391526677,2.7765305509116404e-05,2.9145477607355323e-05,0.0023636546301058527,0.8985256610877234,0.00017654242037889073,0.04311641593795936,0.00041208317725642605,2.2831708754926485e-05
57,5.737673729740678e-09,2.1314205853573552e-06,1.4309269022656809e-05,0.006570061681819645,8.240570725036586e-06,0.012596748487606686,3.632154582966026e-06,3.5822009489982276e-05,4.741775619656212e-06,0.0009711843478740165,7.761357424023271e-05,1.7292508287703725e-06,2.6160756277043486e-06,0.00010214428591672011,4.959636993404112e-07,0.0013118820720899682,0.02503832316832486,2.0955071287525045e-05,3.167452849587415e-05,0.0028409678919735157,0.9188672575241915,0.00024336467504594583,0.03093367725882036,0.00030103081741874314,1.9390387039335432e-05
58,1.0159224763462899e-08,3.002082847714191e-06,2.4334232413632537e-05,0.009794890672413943,1.3050972095038065e-05,0.02614539366077045,4.729599467220654e-06,3.753048751341522e-05,6.597339108546258e-06,0.0010522334213357548,0.0001759492840963461,1.396767960733713e-06,1.91311784226918e-06,0.00014914518204119155,4.6530945441258647e-07,0.0012173502412099466,0.02074115766688937,3.067376015993015e-05,3.6327929203293865e-05,0.0023344854148580176,0.890569612412753,0.0001744293112333391,0.04685589693138606,0.0006086649282455571,2.0759115476181886e-05
59,9.17453436910368e-09,2.782361781111849e-06,2.6973605147679706e-05,0.009872778512822436,1.2314900046903507e-05,0.02539615810609444,4.640702085149891e-06,3.7212576064468095e-05,6.208401913451612e-06,0.0010800757132203582,0.00016071289663266433,1.257529442834089e-06,1.7164343248098467e-06,0.00013352881967880877,4.508646086450733e-07,0.0012233104774242352,0.01863879694664945,2.8027494638992886e-05,3.121869148457862e-05,0.002455010280238659,0.8938664595413406,0.00015417335838509592,0.04627504326351246,0.000571380591689246,1.9758756238613953e-05
60,7.850782877151012e-09,2.9248018771005965e-06,2.1115135617587923e-05,0.00908487079815756,1.312391617475916e-05,0.023014637119383743,4.589432420424612e-06,3.6869398703594766e-05,5.506529100814103e-06,0.0010900535053382043,0.00014647304233254805,1.145808624668494e-06,1.4835681131980335e-06,0.00015573416925875294,5.023280494379076e-07,0.0011806421917534373,0.020923279389102455,2.654584399683942e-05,2.831987862643731e-05,0.002410879113817695,0.896863079297396,0.00016638004416591178,0.0444008826015272,0.0003990592375710777,2.1894998107808054e-05
61,9.492560724017488e-09,2.935717180220332e-06,2.6657877629116616e-05,0.009541380342943322,1.2813544805199652e-05,0.0240858121142225,4.995303187704996e-06,3.8222639635438116e-05,6.288355944556149e-06,0.0010919154463556234,0.00016104553639181038,1.3381489462101726e-06,1.7454570216127683e-06,0.00013692609236258465,4.809030208271389e-07,0.0011922423997189873,0.018480060287129393,2.8094727646139085e-05,3.22666408713122e-05,0.0023996713974062645,0.8960841667347152,0.00016067733375346556,0.045941462495686876,0.0005480552297062686,2.0735781158459112e-05
62,7.850782877151012e-09,2.9248018771005965e-06,2.1115135617587923e-05,0.00908487079815756,1.312391617475916e-05,0.023014637119383743,4.589432420424612e-06,3.6869398703594766e-05,5.506529100814103e-06,0.0010900535053382043,0.00014647304233254805,1.145808624668494e-06,1.4835681131980335e-06,0.00015573416925875294,5.023280494379076e-07,0.0011806421917534373,0.020923279389102455,2.654584399683942e-05,2.831987862643731e-05,0.002410879113817695,0.896863079297396,0.00016638004416591178,0.0444008826015272,0.0003990592375710777,2.1894998107808054e-05
63,8.756727290713307e-09,3.575899554121304e-06,2.1465153334204327e-05,0.009592712928767951,1.3571757817252751e-05,0.02269649754772392,4.752128266261148e-06,3.511791953572174e-05,5.60845475435333e-06,0.0011992144403055291,0.00014005295965086566,1.2125477161590018e-06,1.4908484999088778e-06,0.00016991598936572525,5.102234714263141e-07,0.0011233929510154523,0.021511619426884232,2.690251521760956e-05,2.9291304322767406e-05,0.0024983275960977075,0.8939135155432248,0.00016999915715182928,0.04642192577769877,0.00039507751132497035,2.4240661571098534e-05
64,4.424774100342789e-08,1.6075625264746298e-05,8.706619626638594e-05,0.027458799181128556,0.00014600075954138047,0.135130884050799,1.8777078687267697e-05,0.000381340698036139,2.0640640080758733e-05,0.0021877937792095206,0.003080523254139986,1.614681125093908e-06,2.4533568855048535e-06,0.0006437453482480356,2.941524955771281e-06,0.0065627226209298345,0.06069148396982443,5.6383758729475195e-05,0.00023573443836942884,0.00868356067589258,0.5081900260157916,0.00035492954499386045,0.24362276077919687,0.0023870027927063507,3.669498145639166e-05
65,8.794953871560988e-09,2.9192685604961047e-06,2.1703919624609637e-05,0.009210877443766497,1.4010727040536253e-05,0.02481055974316132,4.370387348924899e-06,3.582549242014445e-05,6.6715670447886776e-06,0.000912191053479982,0.00017246491889995658,1.2504440659140894e-06,1.7120647213536446e-06,0.000148638127275964,5.372638470429069e-07,0.0013153428968911622,0.022704956915841328,2.8039139790879156e-05,3.193027296256997e-05,0.0023549055449561874,0.8951565886215851,0.00018235156556054092,0.042380761342164515,0.00048030473111033864,2.107775292610372e-05
66,5.124021240272936e-09,3.7176306537672445e-06,1.6442619680713186e-05,0.01220347611256072,1.0714846737424538e-05,0.018720541088502515,4.885771882064559e-06,6.182341653020525e-05,5.598597101760126e-06,0.0007849765134229412,0.00020802360223278287,1.74672861190328e-06,1.41760720756803e-06,0.00025880920813947883,6.868127581299758e-07,0.0011045560669624749,0.021895159862961745,2.0835956521662352e-05,3.5187825328413746e-05,0.0020568122296210144,0.8967232625010555,0.00026680984531383863,0.04530611319516649,0.00028932279166178203,1.907404536381629e-05
67,1.810689307421343e-08,7.744827160074194e-06,3.5996720706843304e-05,0.0037128818750676584,2.6765349415730764e-05,0.009750823373457042,1.781914271060687e-05,9.191857791698283e-05,1.5829299861327535e-05,0.0008438573115018216,0.00020214148331855329,2.5337450121999834e-06,1.2588698395125298e-06,5.935143754715283e-05,2.0967376468788777e-06,0.0015394278473042618,0.011071712947665287,1.896790556238677e-05,0.0001185814233854406,0.0013277718007982016,0.9525089196177626,0.0003254196122078797,0.01795109637410509,0.00034739845730558507,1.9667155847888695e-05
68,1.1091156884496844e-08,4.388317046634615e-06,2.085493859183162e-05,0.008212270590591942,3.2939438916955425e-05,0.03537652630674606,7.624110870407626e-06,6.151051693970645e-05,7.862138666056323e-06,0.0012530076389936896,0.000291498179695507,1.406419771011571e-06,2.1309590836223553e-06,0.0002597591668601056,1.5474066615477206e-06,0.002219605352015069,0.035191934842959266,3.269975734407492e-05,5.0558377347149085e-05,0.0035565349408720674,0.8606424012714724,0.0002760716299851716,0.05203262823935784,0.00042635080398291495,3.7877564072081934e-05
69,8.012702761015088e-09,2.7506494332255255e-06,1.8652058124831442e-05,0.007640404922462388,1.2678850862400901e-05,0.022307596484299756,3.975105263760414e-06,3.0114210535838736e-05,5.814228775974521e-06,0.0010354994899442677,0.00011282128782732363,1.0275645928295214e-06,1.5716555316506148e-06,0.00014314925935452827,5.418793036212026e-07,0.0011359221226665184,0.024837322815025986,2.9129516651733943e-05,2.6735378758786563e-05,0.002286700323059031,0.9035962863629017,0.00018375059202034127,0.0362457841745917,0.00031685651050066585,2.4906544808388973e-05
70,8.021288295316534e-09,2.887038066266085e-06,2.3663101084766768e-05,0.009966565213219855,1.4108218605965391e-05,0.02288254720743969,4.772151993392605e-06,4.366530146915501e-05,5.765909418574931e-06,0.0011821641899440174,0.00013878157022348398,1.147328875466966e-06,1.656227703588088e-06,0.00015976506739132245,5.570212341903472e-07,0.0014314846036437407,0.022236359503778776,2.7622457779870784e-05,2.6007302730690207e-05,0.0029707600096450307,0.8938454725117897,0.00016726765743738627,0.04447315881718128,0.0003710985567773017,2.271501127803823e-05
71,7.745559366645385e-09,3.3565064513548998e-06,1.9275225964544e-05,0.009786026719190091,1.626091454024041e-05,0.02040093372132796,5.040953987277478e-06,3.5973305803196265e-05,5.126420028283696e-06,0.0012991930813678223,0.00013156877470779332,1.1837129944473114e-06,1.6196603685787032e-06,0.00017737114792313197,4.828976706074e-07,0.0012775970270112896,0.02205540160764642,2.486014141644839e-05,2.406870277627781e-05,0.0033955076246594603,0.8878912090340053,0.00014799295295456438,0.05289492315310727,0.0003801444357498036,2.4874532788243895e-05
