,0,1,2,3,4,5,6,7,8,9,10,11,12,13,14,15,16,17,18,19,20,21,22,23,24
0,5.5650249297977974e-08,1.3504222441436663e-08,2.274099670078928e-09,0.00044130304285335014,4.9156646467147834e-05,0.00027376938599303597,1.0466985025328237e-06,3.6996358143477964e-05,1.1864456474468773e-09,2.7013421652969404e-06,0.010958663603427853,4.755852928606372e-05,3.4207719835609693e-12,1.6419591849992806e-06,4.7136393330421775e-06,4.105878309697238e-05,2.0913767482316765e-07,0.00013410332638073158,3.0378695518181202e-05,3.5542782893355405e-08,0.9758778748848764,1.0106050164799605e-06,0.012097182922019098,8.573644594322474e-09,5.137051950707748e-07
1,3.469069162514616e-08,1.3647372160425344e-08,7.220097915730861e-10,0.00031891620697001945,1.8024856159179124e-05,7.662407811716889e-05,4.6536049010090583e-07,2.4987339016725584e-05,4.4087414251278635e-10,2.1486476968308397e-06,0.0032744500705731753,1.981955393448655e-05,1.1483868323894757e-12,9.054152569732377e-07,3.0838788308105935e-06,2.0605854667877e-05,1.9575974382642963e-07,8.302381519097979e-05,2.0943146495302325e-05,1.4119875089015602e-08,0.9868651717780744,8.65220405875274e-07,0.00926897579771,5.253254005979926e-09,7.243454410827767e-07
2,3.5634639847587286e-08,1.761523426778121e-08,5.837259559228952e-10,0.0003364104577199129,1.8942110337794862e-05,7.37824268331776e-05,4.143319853932857e-07,1.910341397375679e-05,2.6574182877355997e-10,1.7506362734493455e-06,0.003607074235513684,2.1932044432631652e-05,1.331193554844525e-12,1.0724048162903561e-06,3.873929354221528e-06,1.66595102769913e-05,3.102107567998938e-07,0.00010110049444622324,1.3820617652574704e-05,1.2281544623560679e-08,0.979437158607702,1.2069166407082934e-06,0.016344590171320436,6.300538994042611e-09,7.247972071100889e-07
3,3.160443856028115e-08,1.4951722867486412e-08,5.972215378441449e-10,0.0003796328609628418,1.715620481304983e-05,6.422130876534763e-05,3.982253698455787e-07,1.9995289841439892e-05,2.3803146627357133e-10,1.746832190810207e-06,0.0035938757083195582,2.0799300859334382e-05,1.1723678677087405e-12,9.142124284527911e-07,2.249840289340615e-06,1.3181624181539171e-05,2.2484958629620592e-07,0.00012439284997081722,1.2114973331874056e-05,1.2765020015458672e-08,0.9839916188682074,8.418113175268676e-07,0.01175587988994644,6.0639382606456e-09,6.891280732778899e-07
4,3.277668148095103e-08,1.6264363303047698e-08,6.82550392737792e-10,0.000393521808005033,1.9208764290296385e-05,7.475211032874204e-05,4.393028766071449e-07,1.9414943061865217e-05,2.6134830969889395e-10,1.8834571161666454e-06,0.0038039605585767546,2.1802326491947893e-05,1.4378740002380074e-12,1.0610369413114277e-06,2.4383291024203027e-06,1.43916645048086e-05,2.2901172806536416e-07,0.00013287783728567376,1.2019964920779476e-05,1.4101387437885965e-08,0.982804271336003,8.860109070795354e-07,0.012696075729151973,6.668789136196145e-09,6.950521498663135e-07
5,2.7243147714153977e-08,1.4588782359876022e-08,5.252624239066264e-10,0.0004512125744936097,1.6821056523203744e-05,5.641445236753727e-05,3.601496508295456e-07,2.0008616705985523e-05,1.7814712593198366e-10,1.7718465776407675e-06,0.0034237914088321927,1.9255577675791752e-05,1.2137362478186816e-12,8.392573658464777e-07,1.6327103767624478e-06,1.04658212495707e-05,2.24822535133686e-07,0.00015944136955692325,9.234773215886251e-06,1.2821272807057615e-08,0.9836821331301342,7.445351519171958e-07,0.01214495424113297,6.7354524791975565e-09,6.315631751493613e-07
6,3.160443856028115e-08,1.4951722867486412e-08,5.972215378441449e-10,0.0003796328609628418,1.715620481304983e-05,6.422130876534763e-05,3.982253698455787e-07,1.9995289841439892e-05,2.3803146627357133e-10,1.746832190810207e-06,0.0035938757083195582,2.0799300859334382e-05,1.1723678677087405e-12,9.142124284527911e-07,2.249840289340615e-06,1.3181624181539171e-05,2.2484958629620592e-07,0.00012439284997081722,1.2114973331874056e-05,1.2765020015458672e-08,0.9839916188682074,8.418113175268676e-07,0.01175587988994644,6.0639382606456e-09,6.891280732778899e-07
7,6.880163887511008e-08,3.448748595911554e-08,1.4856828259365695e-09,0.0006284712872308055,1.7402238728413276e-05,7.770985001287629e-05,1.1423120440420026e-06,3.775744933283414e-05,5.301838633715006e-10,2.38109113572958e-06,0.009401601519860883,3.2850133787689334e-05,4.153760654709478e-12,1.1100967865515025e-06,2.899608779526309e-06,1.3345191500704137e-05,4.081903079494134e-07,0.0002878560765903085,1.3986772950368266e-05,3.9780399669640036e-08,0.9760382345143883,1.1801810140300122e-06,0.013440569325968906,1.7872690330634124e-08,9.311973448156794e-07
8,3.1867844091495355e-08,1.3166497986860408e-08,8.102669380471035e-10,0.0005133841302497356,1.5074632899448541e-05,3.6772429766074764e-05,4.1352000009000415e-07,2.5362339404298153e-05,2.0333493220434395e-10,2.20237316976763e-06,0.0018241924519134263,1.7330834385302735e-05,1.1739972620030463e-12,9.228481934204948e-07,1.687348890273737e-06,1.5213589263004248e-05,2.448156992458535e-07,9.828909689690461e-05,8.542912201304763e-06,1.3660336266638526e-08,0.9853618526601734,6.172004972959061e-07,0.01207680993796624,8.953701051374756e-09,1.0182152754563476e-06
9,3.5804144708869294e-08,1.827002163156032e-08,1.4218824866323368e-09,0.0007554790164143653,1.8205762726274845e-05,4.015256805588861e-05,5.54251513977383e-07,3.7534575413959106e-05,3.4415796070792995e-10,2.6450758197118104e-06,0.0027869478963815624,2.0839948123438472e-05,2.1766447307213936e-12,9.866177012943024e-07,1.5473618870607358e-06,1.302764770110239e-05,2.8083535009419476e-07,0.00014462592243912002,8.790678871117116e-06,2.4978368774459775e-08,0.9854245406655772,5.859868123576564e-07,0.010741994154998947,1.4316612762479088e-08,1.1658968477834494e-06
10,3.160443856028115e-08,1.4951722867486412e-08,5.972215378441449e-10,0.0003796328609628418,1.715620481304983e-05,6.422130876534763e-05,3.982253698455787e-07,1.9995289841439892e-05,2.3803146627357133e-10,1.746832190810207e-06,0.0035938757083195582,2.0799300859334382e-05,1.1723678677087405e-12,9.142124284527911e-07,2.249840289340615e-06,1.3181624181539171e-05,2.2484958629620592e-07,0.00012439284997081722,1.2114973331874056e-05,1.2765020015458672e-08,0.9839916188682074,8.418113175268676e-07,0.01175587988994644,6.0639382606456e-09,6.891280732778899e-07
11,3.4451714464079245e-08,1.6544800367388215e-08,6.640142665377843e-10,0.00040479632917682563,1.798601086941998e-05,6.696645006516014e-05,4.378442417133564e-07,2.1102510623404876e-05,2.584232109347718e-10,1.8388783318885299e-06,0.0038724200624522245,2.225423908770454e-05,1.41117288909162e-12,9.741711534114638e-07,2.357009426896878e-06,1.346680937609387e-05,2.477641120351355e-07,0.00013664579344030534,1.2223367343441144e-05,1.4279773811020284e-08,0.9830635186907282,8.895023409094661e-07,0.012361080100207728,6.939804698454441e-09,7.213270809880157e-07
12,2.2200210856066287e-08,1.5368540713847815e-08,2.835381903551263e-10,0.00038493679005544864,2.6488687447474872e-05,7.737437591615074e-05,2.01880443535904e-07,6.875569906130591e-06,4.423142640254816e-11,1.6554773820211013e-06,0.002161979034193417,2.3606632162967546e-05,1.2126380500738328e-12,1.6751959087127044e-06,1.3301751608456164e-06,1.1908751270848127e-05,2.4804081001931777e-07,0.00020025586561259008,5.2221627261718895e-06,5.945734505085301e-09,0.9710145219840719,9.88159676302835e-07,0.026080184828266892,4.9018294184471724e-09,4.976436906198225e-07
13,2.9376972944855988e-08,1.2200222551495934e-08,6.576881354396109e-10,0.00029498670228238715,1.7274877127754574e-05,4.78072005463726e-05,3.093839484548477e-07,1.8435944191066968e-05,2.526734370666178e-10,1.0348861832258971e-06,0.004395477707055652,2.697160406996128e-05,9.739863216582912e-13,8.962638848840438e-07,2.5779784505327504e-06,9.207939514421902e-06,2.541935521992822e-07,8.694226896829193e-05,1.3432809432343337e-05,9.499508367396848e-09,0.9863187221524825,8.117660692747769e-07,0.008764187250114443,4.5785135601421455e-09,6.125055730760423e-07
14,6.901276690964308e-09,5.966974396930522e-08,3.208819670843817e-10,0.0003847127685903745,2.456785189958028e-05,0.00015825519672683097,2.458840818731419e-07,1.3004358116310692e-05,3.6461226899922207e-10,8.057742531665951e-06,0.0045292503495899614,3.3465437843498336e-06,1.6962336175879716e-12,4.95275789059009e-07,1.0449623942122325e-06,5.423847382460617e-06,6.937205744410541e-08,0.00025695056977688045,6.957519260576573e-06,1.2172273917803654e-08,0.9904610330693543,6.119028379338818e-07,0.004145640507404255,6.835244211272792e-09,2.460126926138922e-07
15,3.160443856028115e-08,1.4951722867486412e-08,5.972215378441449e-10,0.0003796328609628418,1.715620481304983e-05,6.422130876534763e-05,3.982253698455787e-07,1.9995289841439892e-05,2.3803146627357133e-10,1.746832190810207e-06,0.0035938757083195582,2.0799300859334382e-05,1.1723678677087405e-12,9.142124284527911e-07,2.249840289340615e-06,1.3181624181539171e-05,2.2484958629620592e-07,0.00012439284997081722,1.2114973331874056e-05,1.2765020015458672e-08,0.9839916188682074,8.418113175268676e-07,0.01175587988994644,6.0639382606456e-09,6.891280732778899e-07
16,1.6910916743438573e-08,1.0228646184629894e-08,2.5511376355194453e-10,0.00026710448805274643,9.152970301980236e-06,3.5289578844482614e-05,2.3206506364805074e-07,1.2310910068044794e-05,1.0057252689389628e-10,1.6542341427031843e-06,0.001792081946417722,1.0479703899618334e-05,5.387974237621033e-13,5.181599128464817e-07,1.0552159609239185e-06,8.14862179669313e-06,1.3986271131494778e-07,0.0001054959653358776,6.943816257159822e-06,6.30959584487778e-09,0.990919887965804,5.410805445955472e-07,0.006828483633211654,3.856014234657554e-09,4.421202757162808e-07
17,3.246408387041759e-08,1.5589804153320583e-08,5.878026702599236e-10,0.0003194211760891755,1.739141253605243e-05,7.190125502059994e-05,4.144419445903252e-07,2.0549192157260145e-05,2.820684028699752e-10,1.7933529615816692e-06,0.00393772174915181,2.0306108222958933e-05,1.1153241600753304e-12,8.386824463959741e-07,2.778572274237331e-06,1.4532003835264426e-05,2.2310736640927713e-07,0.00011110767929967881,1.453048553085658e-05,1.252873756178788e-08,0.98462296855965,9.299288105118028e-07,0.01084189411274514,5.8031797565555785e-09,6.309231658631307e-07
18,4.450161598392084e-08,1.8399343868328333e-08,6.670133835357389e-10,0.00038694442039229033,1.3606998405152349e-05,3.792018474667168e-05,4.074750282384938e-07,2.0425968176228596e-05,1.822750137695372e-10,1.6772793033390544e-06,0.0030406544552744534,2.6057460949723772e-05,1.4355893147137142e-12,8.400115465030095e-07,1.866760345890803e-06,1.044825508138197e-05,3.9777770891345383e-07,0.00016079291521457696,9.79154276735359e-06,1.1760965216341753e-08,0.9850041779169626,9.696690576368043e-07,0.011282073986817213,9.162517541884592e-09,8.622470553081934e-07
19,2.7392021790085216e-08,1.3476828729480473e-08,9.673074776635616e-10,0.00042610965474414105,2.3591762899055047e-05,6.335295903991309e-05,3.5378987874004223e-07,2.4719861185142022e-05,3.250891221722516e-10,1.97205296687011e-06,0.003338203472745097,2.7835423327951032e-05,1.4631802652693714e-12,1.0344299178993457e-06,2.055116251821829e-06,1.2854498261389902e-05,2.3465785295797926e-07,0.0001121141174459688,1.2475964517754243e-05,1.583460058056048e-08,0.9873811607026112,8.467910434804169e-07,0.008570272445918984,6.4034902542937004e-09,7.478985904714878e-07
20,2.2403089945944737e-08,1.4657502919075503e-08,5.197159125366295e-10,0.0002981287121610088,1.6117267097387666e-05,3.831681258101237e-05,2.7174656156724235e-07,2.647889416121215e-05,2.4952485530904233e-10,1.6975757463873405e-06,0.002602909273171025,1.6974626901032286e-05,8.975454670132633e-13,6.23386354991489e-07,2.4735646807735157e-06,9.124155937111406e-06,3.024264665730004e-07,8.756715461858773e-05,1.234265031588812e-05,1.0334718852832415e-08,0.988804997462298,1.167093664197851e-06,0.008079885406171293,6.093024926740693e-09,5.67532637196473e-07
21,3.90647871632852e-08,1.2850190965722981e-08,7.300015519719688e-10,0.00044878685848881054,1.6959107142130215e-05,8.683101463810398e-05,5.453990639408143e-07,1.3999385081189127e-05,1.8694191549805044e-10,1.9884551875097985e-06,0.0034449848440215422,2.694745182023168e-05,1.6239680013060528e-12,1.3132604472788826e-06,1.7922910454807854e-06,2.1266344633587502e-05,1.766077631750605e-07,0.00014343326934418516,9.291346269273368e-06,1.515248463398842e-08,0.9803004999302205,5.810689800159671e-07,0.015479802566799343,6.1770656127945045e-09,7.266359578783863e-07
22,2.452431700034465e-08,1.1645804650309164e-08,4.829497637109851e-10,0.00029833140640704836,1.54242673887826e-05,5.485514319808011e-05,3.0896728722639094e-07,1.5679354704783378e-05,1.720653942329988e-10,1.5123049911119813e-06,0.0031768360805832655,1.7939584446288805e-05,8.931164639600102e-13,7.449476378671542e-07,1.7086161616565733e-06,1.0810091182236898e-05,2.0297716604036615e-07,0.000123008989747981,9.669323492510514e-06,9.319804200013718e-09,0.9873557043561441,7.282257635677694e-07,0.00891599413725244,5.227933439346492e-09,4.898526772241676e-07
23,3.160443856028115e-08,1.4951722867486412e-08,5.972215378441449e-10,0.0003796328609628418,1.715620481304983e-05,6.422130876534763e-05,3.982253698455787e-07,1.9995289841439892e-05,2.3803146627357133e-10,1.746832190810207e-06,0.0035938757083195582,2.0799300859334382e-05,1.1723678677087405e-12,9.142124284527911e-07,2.249840289340615e-06,1.3181624181539171e-05,2.2484958629620592e-07,0.00012439284997081722,1.2114973331874056e-05,1.2765020015458672e-08,0.9839916188682074,8.418113175268676e-07,0.01175587988994644,6.0639382606456e-09,6.891280732778899e-07
24,2.3766710823641177e-08,1.527707474871499e-08,5.12235289608146e-10,0.0004875932702668763,1.7209933586478077e-05,6.327123417190436e-05,3.3962540787038236e-07,1.7690052168287903e-05,1.7480296493507426e-10,1.9193712440782363e-06,0.0031311888315859217,1.867198100047381e-05,1.2239016195436875e-12,1.0296006315384763e-06,1.4567121725127172e-06,1.0809292647468237e-05,1.728771593227071e-07,0.00015342408468263041,9.60632285969746e-06,1.3842200631601395e-08,0.9845942809009343,7.059573003962162e-07,0.01148989387004931,5.193850824222493e-09,6.773140319797141e-07
25,2.4059115652594183e-08,1.5003572274065063e-08,3.352963210527521e-10,0.0001982139543173176,1.8941199078077056e-05,0.00016017439267497437,2.5253342210873184e-07,7.2144688839534245e-06,2.2163072449049618e-10,2.081751054379943e-06,0.0023285360069076164,1.1798610503123107e-05,6.10993188137527e-13,1.0085697118881688e-06,4.14701057484457e-06,2.354091882203289e-05,1.2490115325506175e-07,8.740733713215219e-05,1.1013229757034005e-05,6.407939058906807e-09,0.9813277644921251,9.077783618855546e-07,0.015816071226892763,3.342327670161451e-09,7.522481347744153e-07
26,5.7310961986029095e-08,2.25283647352032e-08,9.972584330826672e-10,0.0005101364581816997,1.7404825176562393e-05,4.682201902108915e-05,5.827895194017208e-07,3.324780324385437e-05,2.9854110176483484e-10,2.053701787823984e-06,0.004411833555443605,2.6493307834377775e-05,2.4004235376704125e-12,7.354017252393322e-07,2.2434658752296723e-06,1.0669360398597205e-05,5.352835900210857e-07,0.00023844692450636257,9.92419886983931e-06,1.83473568819212e-08,0.9814234921310062,1.0156042526412552e-06,0.013263358854598133,1.8910087096997217e-08,8.859199988262968e-07
27,3.3276981799778016e-08,1.6863508839516258e-08,6.476217967862273e-10,0.00033233178102852706,1.6951212086788667e-05,7.529284118442813e-05,4.1284104102608676e-07,2.5925727645357515e-05,4.18330275163992e-10,2.236003042683702e-06,0.0031809481124612706,1.8243095425714037e-05,1.0715955012042914e-12,8.283823178870347e-07,3.4083319020613522e-06,1.642821794521993e-05,2.3655598537034442e-07,0.00010069690470748837,1.6489303499157478e-05,1.497432037200753e-08,0.9859937991966284,1.2264748918795744e-06,0.010213626238265137,6.0034221914496795e-09,8.465946846398084e-07
28,3.160443856028115e-08,1.4951722867486412e-08,5.972215378441449e-10,0.0003796328609628418,1.715620481304983e-05,6.422130876534763e-05,3.982253698455787e-07,1.9995289841439892e-05,2.3803146627357133e-10,1.746832190810207e-06,0.0035938757083195582,2.0799300859334382e-05,1.1723678677087405e-12,9.142124284527911e-07,2.249840289340615e-06,1.3181624181539171e-05,2.2484958629620592e-07,0.00012439284997081722,1.2114973331874056e-05,1.2765020015458672e-08,0.9839916188682074,8.418113175268676e-07,0.01175587988994644,6.0639382606456e-09,6.891280732778899e-07
29,3.160443856028115e-08,1.4951722867486412e-08,5.972215378441449e-10,0.0003796328609628418,1.715620481304983e-05,6.422130876534763e-05,3.982253698455787e-07,1.9995289841439892e-05,2.3803146627357133e-10,1.746832190810207e-06,0.0035938757083195582,2.0799300859334382e-05,1.1723678677087405e-12,9.142124284527911e-07,2.249840289340615e-06,1.3181624181539171e-05,2.2484958629620592e-07,0.00012439284997081722,1.2114973331874056e-05,1.2765020015458672e-08,0.9839916188682074,8.418113175268676e-07,0.01175587988994644,6.0639382606456e-09,6.891280732778899e-07
30,3.160443856028115e-08,1.4951722867486412e-08,5.972215378441449e-10,0.0003796328609628418,1.715620481304983e-05,6.422130876534763e-05,3.982253698455787e-07,1.9995289841439892e-05,2.3803146627357133e-10,1.746832190810207e-06,0.0035938757083195582,2.0799300859334382e-05,1.1723678677087405e-12,9.142124284527911e-07,2.249840289340615e-06,1.3181624181539171e-05,2.2484958629620592e-07,0.00012439284997081722,1.2114973331874056e-05,1.2765020015458672e-08,0.9839916188682074,8.418113175268676e-07,0.01175587988994644,6.0639382606456e-09,6.891280732778899e-07
31,3.504762523993466e-08,1.960602031699101e-08,9.07925940626557e-10,0.0005914768846062614,2.0921694867771004e-05,3.4396845654131025e-05,3.987935390526969e-07,3.8368146104450244e-05,2.3429812113144474e-10,2.251795639924006e-06,0.0028058374137800023,2.413448527455676e-05,1.8988024057036374e-12,9.135788925205378e-07,1.43792079404589e-06,9.690884391138272e-06,3.5802547864240926e-07,0.00016624380978753371,1.160197508602218e-05,1.700123498613083e-08,0.9864702765490775,8.771718465889483e-07,0.00981991299064604,1.182672656702747e-08,8.16408803743206e-07
32,3.2094533395374635e-08,1.5191328462989118e-08,6.025648392867714e-10,0.000349615803835726,1.7691873257788584e-05,6.231341095997801e-05,3.8424237070587144e-07,2.1045473062720692e-05,2.649428469933095e-10,1.7506170960047038e-06,0.0034840110276026333,2.0982378313059563e-05,1.1611772323147508e-12,9.0474312461084e-07,2.4614066315956233e-06,1.3261385082141759e-05,2.371709845923299e-07,0.00011277116024209235,1.4017393733806731e-05,1.2098830113239884e-08,0.9851228352488715,9.143790365041466e-07,0.010774059126209105,5.842703372903265e-09,6.77063521220848e-07
33,3.965461912710236e-08,3.62644226090285e-08,5.044088386803553e-10,0.0004376634675850611,2.9675272182285075e-05,6.097128000170361e-05,3.848349447292736e-07,2.646910755567518e-05,1.5832668076056544e-10,2.5324876114956925e-06,0.0034965074964439127,2.6729540161722833e-05,2.576803132464084e-12,1.383043630587209e-06,2.5910650563232764e-06,1.2409649748042502e-05,5.724068293205282e-07,0.00020837987205586385,1.634588789090842e-05,1.4746631694495774e-08,0.977814503999963,2.65351152790048e-06,0.01785958280589014,9.881782346647114e-09,5.430581533111826e-07
34,7.283148959729813e-08,1.8510612893081425e-08,1.2526261981476058e-09,0.0002264586459822661,1.715695101766348e-05,9.731774729173613e-05,6.657641158716879e-07,3.831193570269649e-05,1.904733206737972e-09,2.1467927020245592e-06,0.00445410935876802,2.1357124646193895e-05,1.2847113339070663e-12,8.532598628293033e-07,7.010598921022037e-06,2.2576618373416873e-05,2.2596135646322036e-07,6.965123431122365e-05,4.912907916317197e-05,1.5837423838383418e-08,0.9897150681069913,1.2705932985734119e-06,0.005275403008019708,6.117295260366935e-09,1.1707640099487174e-06
35,4.532170962612191e-08,2.183708614676616e-08,6.329586932246118e-10,0.0005086047256884229,1.0506988614022478e-05,2.5819962071641162e-05,4.222666520159688e-07,5.6167372470849315e-05,4.375547243772295e-10,3.1010822568554807e-06,0.0023327165666306,1.8136746082567197e-05,1.5340633712540607e-12,4.5325415615629314e-07,1.1093444974687532e-06,6.458163936905616e-06,3.6821450334941545e-07,0.00022669973627681246,1.7236640328377072e-05,1.6799141293237002e-08,0.9924283177814613,1.064668648068119e-06,0.0043616283970144415,1.1422197943897926e-08,1.0916365279041993e-06
36,4.852359754825383e-08,1.3663816994895133e-08,1.2374555535322564e-09,0.0002829735118301155,2.488465292078418e-05,2.9191783130672783e-05,2.6797535426889937e-07,3.541861085126662e-05,4.6202317352821646e-10,1.6122124519702734e-06,0.002012076641389972,4.764896426436207e-05,1.4631481416295387e-12,1.0225582849045514e-06,3.6378000061802613e-06,1.5240979238792845e-05,6.174901923882497e-07,4.98973435705097e-05,2.8477319815459274e-05,9.575782480443673e-09,0.9910719090730367,1.2673735909185942e-06,0.006392638251752028,6.489032629243753e-09,1.1375051473237202e-06
37,3.971250038534588e-08,1.612543170074437e-08,6.539313101035712e-10,0.00038981016628697175,1.7020274961779006e-05,5.9384064308445084e-05,4.340433500254415e-07,1.9679880723694026e-05,2.221411707929756e-10,1.6503533148980645e-06,0.0037140783549739764,2.3211084717902248e-05,1.3080545365799004e-12,9.965108572180926e-07,2.121558598313274e-06,1.3134052067735479e-05,2.489796732531128e-07,0.00013939289858785079,1.2337722457337815e-05,1.2518047460114794e-08,0.9837261991616421,8.27073261853287e-07,0.011878666452375314,6.835602314292879e-09,7.312988791429376e-07
38,4.584133088272818e-08,1.368237992594053e-08,4.71091611106905e-10,0.00020993830892401645,1.4354890074798113e-05,0.00015802786976671062,6.718079329668858e-07,1.0113150475313617e-05,2.526100635824357e-10,1.736479337321446e-06,0.004952284311363288,1.8079744848639433e-05,9.67372252929846e-13,1.0586663912032647e-06,4.113885871625976e-06,3.0226797068379745e-05,1.4698140589384523e-07,0.00011020188283501916,1.4096908063241171e-05,1.016677906820005e-08,0.9774454109184326,8.744303095954353e-07,0.0170280792239576,4.558870793108177e-09,5.087689122184471e-07
39,6.505499783142581e-08,5.0733977850776395e-08,7.30138492988272e-10,0.0005388031353920193,1.661660310873263e-05,9.181176190201173e-05,8.897682412493478e-07,2.141379165774862e-05,2.9219782196015815e-10,2.058274251625508e-06,0.007839999529208656,2.2653820020229384e-05,2.8368816922824082e-12,1.551950518354942e-06,3.902453545124373e-06,1.259671008847689e-05,4.0057800533712496e-07,0.0002979688343792467,1.3140640591700793e-05,2.336906878122005e-08,0.9653342393981548,1.7909516350481012e-06,0.025798981517406075,1.2501247379232802e-08,1.0275974286776178e-06
40,3.841203559047044e-08,1.4496242509410845e-08,5.324698264137503e-10,0.00016967017471215741,1.4803896220151764e-05,6.05331527633403e-05,2.959807886204064e-07,1.2378661433364144e-05,2.789613006577802e-10,1.0836286112512882e-06,0.003323150616275514,2.0409424695550666e-05,6.837279991343703e-13,9.307263940517542e-07,3.601786593917117e-06,1.129251973577481e-05,2.2426814399057988e-07,7.780484274302039e-05,1.6457194851594558e-05,6.103617404097199e-09,0.9888356711524032,1.1600651397453396e-06,0.007449809826903809,3.767909211349691e-09,6.584896712831653e-07
41,1.7353066942215275e-08,1.1609731634251527e-08,1.0309940134282518e-09,0.00026066758571999276,3.333761537653345e-05,0.00014526500739608271,2.473720037499426e-07,1.9355388167964002e-05,1.0097575233724651e-09,2.9915168033573854e-06,0.0022027837987041846,9.763910765283608e-06,7.014738488019451e-13,9.42690108609562e-07,4.665632160088093e-06,2.5406790902260605e-05,8.972362263765692e-08,3.61254771190627e-05,1.8283879455174956e-05,9.712321079409087e-09,0.991396973668106,5.507136247854805e-07,0.005841723958599366,3.7234233080916753e-09,7.808313691970761e-07
42,2.9697203256136443e-08,1.391795153628848e-08,5.454545825481582e-10,0.00030564761676955067,1.6197285378149684e-05,5.1840969662298743e-05,3.433698824658801e-07,2.276439050915394e-05,2.53610557067298e-10,1.7232214124880867e-06,0.0029365795360618897,1.9258503809306507e-05,9.332185847807527e-13,7.616193445248296e-07,2.522200794231932e-06,1.3435840813864657e-05,2.4881479049889883e-07,9.103185348813542e-05,1.475897405435688e-05,1.1048924135168048e-08,0.9870171110541883,1.0016938139660038e-06,0.00950408989062635,5.389285704453486e-09,6.223112375520553e-07
43,1.764966688220863e-07,3.957302869772556e-08,4.000310221018205e-09,0.0012313569511055048,2.485635194194587e-05,7.504569286566967e-05,1.7003272466381148e-06,3.759395106866595e-05,5.509603136602835e-10,1.2525496417074814e-06,0.015705445483066818,0.00010874115870581959,8.703784297646757e-12,3.4114873279547304e-06,3.0624863742095863e-06,1.4940498314247307e-05,6.950389748303183e-07,0.00040920216558944445,1.701247842876205e-05,6.054764733484088e-08,0.954663910351159,1.1172147035283217e-06,0.027698285557390147,2.0726291158748582e-08,2.0683524848402003e-06
44,3.160443856028115e-08,1.4951722867486412e-08,5.972215378441449e-10,0.0003796328609628418,1.715620481304983e-05,6.422130876534763e-05,3.982253698455787e-07,1.9995289841439892e-05,2.3803146627357133e-10,1.746832190810207e-06,0.0035938757083195582,2.0799300859334382e-05,1.1723678677087405e-12,9.142124284527911e-07,2.249840289340615e-06,1.3181624181539171e-05,2.2484958629620592e-07,0.00012439284997081722,1.2114973331874056e-05,1.2765020015458672e-08,0.9839916188682074,8.418113175268676e-07,0.01175587988994644,6.0639382606456e-09,6.891280732778899e-07
45,4.822168378495505e-08,1.6492807313976014e-08,1.248629402527983e-09,0.0003968409453715299,2.5008593990945208e-05,8.389910865643124e-05,7.279473424059582e-07,4.223427898065885e-05,6.376244625886884e-10,2.390419056156619e-06,0.004740521190773057,2.8691441792313216e-05,1.9351614649994026e-12,1.0501091756922314e-06,4.5801363526276075e-06,2.472429761277607e-05,3.3007586776669986e-07,9.024770908361132e-05,2.3354213873237985e-05,2.2136409713678438e-08,0.9819863673989325,1.2588257600275233e-06,0.012546918430731767,9.516360275016106e-09,7.566211961933836e-07
46,4.058459252454754e-08,1.8893817076148922e-08,6.994545079234574e-10,0.00044057061391528714,1.8516691691279852e-05,2.707095805651132e-05,2.9799700564809665e-07,3.216994636467156e-05,2.007446440530127e-10,1.6033470297846845e-06,0.003026896209152156,3.071135554244557e-05,1.7552486655439968e-12,6.917555532808755e-07,2.1504555357465665e-06,7.793757841670992e-06,7.378484264148307e-07,0.00013825921212985527,1.1544358566352643e-05,1.184464913970291e-08,0.9858630840133633,1.2049109226462753e-06,0.010395793961708599,1.1530113175160293e-08,8.18852068234208e-07
47,7.318726540476119e-08,2.1990942208964222e-08,6.42848821408944e-10,0.00027002158885319126,1.3188433419756851e-05,5.321204605337041e-05,4.834632827083489e-07,1.950680912052472e-05,2.415082727589912e-10,1.8782817744560095e-06,0.0033108631078499744,3.367399834490462e-05,1.5144224066736591e-12,8.853470104529657e-07,2.655397433601896e-06,1.524355339864635e-05,4.3815944453667457e-07,0.00015976622689472877,1.5701109202206544e-05,1.1739101390660288e-08,0.9862789558299747,1.5953313458816392e-06,0.009820972883700787,7.922405977522983e-09,8.427073091910214e-07
48,5.9406648747314734e-08,3.673040340492355e-08,6.182243690011077e-10,0.0003565824487524016,1.7266384413561056e-05,3.364479184633593e-05,5.452702431546211e-07,4.3915294931885916e-05,3.125521187127716e-10,2.912344116132119e-06,0.0027096116966204365,2.2742243109127034e-05,2.2461689702139666e-12,8.716825606402093e-07,3.6480511951103484e-06,1.4718673821695506e-05,7.90141744317603e-07,0.000117790380692355,2.8039294604726614e-05,1.4077392098949603e-08,0.984842179554047,2.3204957510511485e-06,0.011801490808258487,1.219155760884519e-08,8.071042670692588e-07
49,2.794275888504725e-08,1.3209756183713532e-08,6.425060572241709e-10,0.0003673599831418415,2.060109222909799e-05,8.054993477882508e-05,3.509356050857161e-07,1.7775026663844474e-05,2.372575165199459e-10,1.6083659796816977e-06,0.0041906243976035165,2.6938047725029236e-05,1.2469138656071983e-12,1.0040353642174672e-06,2.3109837718816902e-06,1.2623759512763265e-05,2.2626704137546926e-07,0.0001328419867943532,1.1103931479336186e-05,1.3315541471875023e-08,0.9833442014828098,9.547132303863218e-07,0.011788259515958875,5.238174300140651e-09,6.04953068716467e-07
50,3.756397383172967e-08,1.7334236738125025e-08,6.640840496528058e-10,0.0003441461067578902,1.6818083916786206e-05,8.309249762034913e-05,7.139200979390752e-07,3.068726405324798e-05,4.3877361521129047e-10,3.5653670423290434e-06,0.0025712797687503543,1.4956997813057466e-05,1.1866791650927323e-12,1.1530255426554012e-06,2.807876813030678e-06,2.9741598423070996e-05,1.6141883769067102e-07,8.563735994317258e-05,2.6971540787742972e-05,1.674995810780315e-08,0.9865163360585174,1.2452829853304915e-06,0.010269878827071388,5.4074384160757275e-09,7.288453752047413e-07
51,3.080056547910672e-08,1.482853195194796e-08,5.857312175799279e-10,0.00038175642429495076,1.6842472914628213e-05,6.258117907714526e-05,3.941656687321735e-07,2.005000213404655e-05,2.331560810481214e-10,1.7443170828303651e-06,0.0035574011419363225,2.0404952579821843e-05,1.1563612740131768e-12,9.000201614202715e-07,2.165742215483176e-06,1.2701161949936483e-05,2.2091825635373218e-07,0.00012557431728630296,1.18840679021772e-05,1.2660865811605807e-08,0.9842965250110146,8.302884890755336e-07,0.01148728164604577,6.00817518599277e-09,6.77052808472886e-07
52,3.2707448739135336e-08,1.6098572729325887e-08,5.681448811870413e-10,0.00040180036780390285,1.678935374088218e-05,8.343613133145014e-05,4.534884397889708e-07,1.807947329592791e-05,2.37673743682239e-10,1.91325725742095e-06,0.004092652171715726,1.9767193514481602e-05,1.3112875411659287e-12,9.468037188569374e-07,2.219549877575986e-06,1.3815214599538256e-05,2.0427457632277402e-07,0.00016238824707285612,1.064894909962478e-05,1.446829057394795e-08,0.9818233209181251,8.629934947597741e-07,0.013349964588738715,6.486586558078874e-09,6.66455568629162e-07
53,3.0709093832668645e-08,1.467154714460419e-08,5.861625482591353e-10,0.00037412521078037894,1.738952578079725e-05,6.251488339562941e-05,3.780936058988998e-07,1.9808037648045662e-05,2.3206881886737925e-10,1.7240143675951913e-06,0.003481199749803096,2.0795669977300845e-05,1.1423014896091033e-12,9.066613027907616e-07,2.195658537079555e-06,1.2786379799202363e-05,2.2369265074843873e-07,0.00012201800060735734,1.2093114266418207e-05,1.2260585199973437e-08,0.9845143391716092,8.350072643107244e-07,0.011355923103110493,5.905436809740028e-09,6.796594567529205e-07
54,5.987508747767639e-08,2.1036052805690712e-08,8.519859169496296e-10,0.0003683629003938307,1.3940047280066542e-05,9.819470722009805e-05,7.615440034403346e-07,1.667402555946341e-05,3.5903585175259854e-10,2.512895178608839e-06,0.003130544372810363,2.3594713975115423e-05,1.5797908597031527e-12,1.4856253503790191e-06,3.721845632451182e-06,3.4003089012694926e-05,2.0521601181930703e-07,0.00010480454758016576,1.6260349668565556e-05,1.865684178988782e-08,0.9795417077899221,9.7916707988388e-07,0.01664088600038689,6.3601497245397845e-09,1.2540222004092366e-06
55,3.612691585386931e-08,1.614310637157142e-08,6.82980756417905e-10,0.0004153008888294229,1.7028498087310065e-05,6.498613865549558e-05,4.378253690080472e-07,2.1666284779315454e-05,2.687217382351696e-10,1.7697331383093956e-06,0.0039910296380895275,2.3593435195591457e-05,1.3732613845566466e-12,9.361644080940032e-07,2.232542573406152e-06,1.280646097357217e-05,2.437236615162097e-07,0.00014269563818184973,1.2342544051356847e-05,1.4731359829827352e-08,0.983656882526518,8.522570311770959e-07,0.011634355147124208,6.777299650954574e-09,7.658215754791397e-07
56,3.429277827199551e-08,1.668064525248489e-08,6.810285275469404e-10,0.0004050361033954239,1.8523160536456496e-05,6.757811728131316e-05,4.3427751997964045e-07,2.1630364302486386e-05,2.70821160110716e-10,1.8608931946175166e-06,0.003878375121061648,2.251364955617744e-05,1.448917264760694e-12,9.788920228424102e-07,2.4131062820228232e-06,1.355868653877481e-05,2.5036534573643473e-07,0.00013394941101748016,1.2698150960765785e-05,1.451514125172242e-08,0.9833046984048718,8.97292933907902e-07,0.01211381110618726,6.9389805915464595e-09,7.195161471881987e-07
57,2.3923415019030013e-08,1.0135917726686502e-08,7.783052932520544e-10,0.00026508140611451546,2.285069980634883e-05,3.402744161805809e-05,1.9756011610643236e-07,2.6450668236974292e-05,2.960442116697552e-10,1.6346783806708754e-06,0.001973274243950579,3.166505231649839e-05,1.003459095101051e-12,7.739589649810402e-07,2.02370208545663e-06,1.1313714332079277e-05,3.2009187816573845e-07,5.983570774391531e-05,1.8976301475332673e-05,8.892575694887044e-09,0.9927507581684547,9.55717455599537e-07,0.0047991883009492805,4.3614051793419106e-09,6.241974540300286e-07
58,3.416478990471771e-08,1.6554789375343424e-08,6.456555053188395e-10,0.0003842954803197825,1.7190072140513926e-05,5.9965852087262164e-05,4.327334564058784e-07,2.1457136444510402e-05,2.4167023099583534e-10,1.820069581058778e-06,0.0037105030163173264,2.098174006796984e-05,1.3399738575284826e-12,8.755751498976064e-07,2.3570436086300276e-06,1.2835850066694371e-05,2.691493683883282e-07,0.00013615532050663761,1.1402623073953243e-05,1.321176469736207e-08,0.983143012111677,8.990372509270553e-07,0.01247478296259652,7.703133505826775e-09,6.917031432870022e-07
59,3.6027420133623614e-08,1.6464626362168745e-08,7.661375096234016e-10,0.00041364708806452416,1.8293461313149233e-05,5.616410617209008e-05,4.4138926560871514e-07,2.330497965080268e-05,2.4537827493610764e-10,1.8098033772615446e-06,0.003712365550680294,2.2854985910707805e-05,1.4719522669906271e-12,8.908693078085692e-07,2.223121612178471e-06,1.271049608500406e-05,2.872008890403468e-07,0.00014340351014286915,1.069053916211064e-05,1.4330371694958865e-08,0.9834197031804559,8.572420541067184e-07,0.012159557562480282,8.927727454694965e-09,7.181502427030193e-07
60,3.160443856028115e-08,1.4951722867486412e-08,5.972215378441449e-10,0.0003796328609628418,1.715620481304983e-05,6.422130876534763e-05,3.982253698455787e-07,1.9995289841439892e-05,2.3803146627357133e-10,1.746832190810207e-06,0.0035938757083195582,2.0799300859334382e-05,1.1723678677087405e-12,9.142124284527911e-07,2.249840289340615e-06,1.3181624181539171e-05,2.2484958629620592e-07,0.00012439284997081722,1.2114973331874056e-05,1.2765020015458672e-08,0.9839916188682074,8.418113175268676e-07,0.01175587988994644,6.0639382606456e-09,6.891280732778899e-07
61,3.515579327024571e-08,1.603993919128439e-08,7.771485832236262e-10,0.000393883061168076,1.824561522286925e-05,5.773494209656807e-05,4.2200578147851893e-07,2.234038100591945e-05,2.576688555259735e-10,1.7138990385525782e-06,0.003821230233727793,2.4071671278512296e-05,1.3911999390009801e-12,9.153213233827296e-07,2.2753087862062457e-06,1.256138837961624e-05,2.722977709637692e-07,0.00013498951902325023,1.1326781672315276e-05,1.4178976020218914e-08,0.9841750088487043,8.679841344445967e-07,0.011321337333074354,7.843163069237765e-09,7.291537313825735e-07
62,3.160443856028115e-08,1.4951722867486412e-08,5.972215378441449e-10,0.0003796328609628418,1.715620481304983e-05,6.422130876534763e-05,3.982253698455787e-07,1.9995289841439892e-05,2.3803146627357133e-10,1.746832190810207e-06,0.0035938757083195582,2.0799300859334382e-05,1.1723678677087405e-12,9.142124284527911e-07,2.249840289340615e-06,1.3181624181539171e-05,2.2484958629620592e-07,0.00012439284997081722,1.2114973331874056e-05,1.2765020015458672e-08,0.9839916188682074,8.418113175268676e-07,0.01175587988994644,6.0639382606456e-09,6.891280732778899e-07
63,3.5215258442981996e-08,1.7863841149971706e-08,6.272593292846333e-10,0.0003809328291696783,1.6601851575961523e-05,6.416859310360707e-05,4.285729562858368e-07,2.0859916070680766e-05,2.609865519585704e-10,1.817535019319956e-06,0.0038367918051086256,2.0853846149874842e-05,1.318633797199486e-12,9.060879192955788e-07,2.4569223340765477e-06,1.2721122578525398e-05,2.529467397507436e-07,0.00013771950321964826,1.2349982068788008e-05,1.3839071058426004e-08,0.9836738930392185,9.455532660707766e-07,0.011815483349164954,6.951437164209761e-09,7.417851637792921e-07
64,1.6191852996393665e-06,5.448635175990034e-07,7.216612736806525e-08,0.02530729785591934,0.0003044233626083638,0.0059994363180113815,0.00010607216557482043,0.0005520114357473827,3.4283393579044765e-08,4.37632521197542e-05,0.1017658850557607,0.00029781927483797253,2.3592611221589617e-09,5.519754889257065e-05,2.3791773599549935e-05,0.0008452192196436027,1.6959968330084263e-06,0.002366017101329824,0.0001454284418149611,1.7420471633207145e-05,0.17754782132220578,1.3153899755419416e-05,0.6845966156148887,2.680686927776697e-07,8.388962531359892e-06
65,5.551928015786177e-08,2.5649705937252405e-08,8.965587138021318e-10,0.0004403511991008509,1.546884567372382e-05,5.397838763587981e-05,6.871355995054612e-07,3.864373187999393e-05,4.710643170090814e-10,2.255358603874883e-06,0.004488362675299223,2.1276769320569774e-05,1.868385185954318e-12,8.232353258301256e-07,3.5057205004708525e-06,1.5199568937484858e-05,3.885277160139336e-07,0.0001380332983139253,1.82246754582659e-05,2.0631399127444825e-08,0.9820970918923431,1.2247624405865075e-06,0.012663373981145844,1.2036473081696528e-08,9.950283552356546e-07
66,2.698996347077277e-08,1.4975379367336562e-08,4.428216382678272e-10,0.00033441290747046734,1.5239718219660719e-05,5.103567259221134e-05,3.035742437942959e-07,1.5633192720186683e-05,1.591712856810789e-10,1.31223894647176e-06,0.0034877187996938553,1.741153851816074e-05,8.964542977224053e-13,7.801554367423537e-07,2.223629761286308e-06,9.05435629520534e-06,2.412535356814748e-07,0.00012680691483521784,8.62626505956544e-06,8.732221932349501e-09,0.982943617082256,7.888333828882648e-07,0.012984104723678924,6.059982000450195e-09,6.317829174478647e-07
67,3.046487810469117e-08,1.4676259976968986e-08,5.226347718544615e-10,0.000331999773804809,1.5447345640562077e-05,4.9785206120068806e-05,3.5441576322845347e-07,2.3196635727813663e-05,2.514759738907009e-10,1.7407229811076396e-06,0.0031477604732563346,1.7664771506595577e-05,9.66836699527655e-13,7.164683652861308e-07,2.1092449817495433e-06,1.0854619619602319e-05,2.2827677576716198e-07,0.00011226660905092139,1.361585242763159e-05,1.0629229481106405e-08,0.9875712064369923,8.590961552086367e-07,0.008699485599401828,6.008928432457555e-09,6.458970554565704e-07
68,3.19418405815111e-08,1.3266257690209956e-08,8.213064287976382e-10,0.000337204816730609,2.224528044916008e-05,4.946775613890781e-05,3.783968874324282e-07,3.234088344203038e-05,4.1927615212956376e-10,2.115327479731072e-06,0.002330616285103083,1.995963908132122e-05,1.078230298072009e-12,1.0203139403869108e-06,2.803236588760132e-06,1.8039772451442882e-05,2.1681547673837832e-07,5.949789699709037e-05,2.5118830134067192e-05,1.1571349634089856e-08,0.9895427227365803,8.517246883044031e-07,0.007554556448371433,5.283431232634489e-09,7.805349194647117e-07
69,2.9202906374095446e-08,1.3732482742552229e-08,4.673199983047357e-10,0.00029668145654436354,1.7878330414026045e-05,7.439348936103464e-05,3.5411428981206577e-07,1.618101210907047e-05,2.2524349400290628e-10,1.5853818572203207e-06,0.003521089312250852,1.8920608475856793e-05,9.292286170663224e-13,9.327742144846952e-07,2.6303646313508707e-06,1.3605453360495622e-05,1.934381931131642e-07,0.00010280666138461127,1.3470314486335385e-05,9.301048573377217e-09,0.9840205919428646,8.837388213278489e-07,0.011897147516506642,4.645136054082093e-09,5.965151683066675e-07
70,3.923697649214926e-08,1.1039222252098125e-08,1.3627835391783096e-09,0.000446531018942906,2.3185290111338533e-05,0.00011792199802041905,4.4132545672251786e-07,8.350729601825876e-06,2.0924944248924805e-10,1.348248633824478e-06,0.003426177791038329,4.191522296351799e-05,1.5099749051629444e-12,2.810193758299234e-06,1.9574172360254173e-06,2.3619825884838324e-05,1.4016472781751554e-07,0.00012328781108432812,8.269457963810986e-06,1.5560250545999293e-08,0.979782285553185,5.938894982119197e-07,0.01598994910526748,4.032788604080644e-09,1.143513844452626e-06
