,0,1,2,3,4,5,6,7,8,9,10,11,12,13,14,15,16,17,18,19,20,21,22,23,24
0,7.636962831892202e-08,7.406407184405929e-07,0.0014096170368759476,0.004221140091201546,9.64790314636682e-05,0.2570792139439552,0.0003671970955769503,0.00012084528067102334,9.207253437348153e-07,0.00018684740964659613,0.00024184464846052132,5.057661158609752e-08,2.111976223399988e-06,0.00022241644239466332,0.3493756226805319,0.00026786451053610046,7.176389340912609e-06,7.143050758903081e-09,0.00028615338153055296,0.00025156376420888834,0.3812375409855988,0.00035586228628398814,0.004259424545994321,8.921080225127612e-06,3.619639271170234e-07
1,9.588999075686438e-08,1.0808307855309627e-06,0.0017203912807806144,0.006118606706292934,0.00016361710968831877,0.23407531298451212,0.0003369968160862083,0.00011891053559545315,1.482352045976154e-06,0.00022821206100338094,0.00036356473460793376,5.0755606648731643e-08,2.225157786865989e-06,0.0002623636922779934,0.4067288147940349,0.00033588505780083764,8.232446502029386e-06,7.1186371522887054e-09,0.00025555867848008084,0.0001594482717003118,0.3449530843281476,0.0003370793800109163,0.0038168035625581577,1.182524540116268e-05,3.5020966599458705e-07
2,7.422595684585923e-08,7.526791585479559e-07,0.0015066782385575815,0.0052116071987946475,0.00016106767695723192,0.16236434636213362,0.0003901097792804763,0.00010543215147231215,1.2595781840686684e-06,0.00020689905490543656,0.00030989305449533543,3.911575317838953e-08,1.6951440272560306e-06,0.00032484492633113465,0.47554213821574337,0.00021056113242164952,5.863263738521789e-06,7.2081157063239046e-09,0.00021565834268588195,0.00022810420021077677,0.3477797262901823,0.0004500040633701118,0.004971199411396369,1.1483308184679147e-05,5.553779426840559e-07
3,7.323368116812135e-08,8.910161301201059e-07,0.001581546790257223,0.005655760537179915,0.00013620595615067207,0.19279668528579147,0.0002913486420118831,8.745885022152819e-05,8.840904346853649e-07,0.0001528886233759673,0.00037615119736807677,5.3670524524037015e-08,1.9427021371135584e-06,0.00029542730804908257,0.3988986122551557,0.00021163454038683073,7.2741413508511875e-06,7.272387479263322e-09,0.0001876094698311388,0.00014031341262760655,0.39479051027408796,0.00032994070790253545,0.004046335332704622,1.0084507047697934e-05,3.601832039433302e-07
4,7.927726549171855e-08,1.0853043748245919e-06,0.0016767890540363912,0.006054744462698424,0.00014808957032999898,0.2015142096846932,0.00029155079690928835,9.266239761272545e-05,9.205931429609971e-07,0.000150900135639268,0.00044862029025651825,7.252823910718803e-08,2.6017927551958407e-06,0.00034609138584930897,0.3665120646230135,0.0002215149988249291,8.712099819341322e-06,8.61698738423749e-09,0.00020504760463870602,0.00014236669009500688,0.41758829364619865,0.0003562230994933284,0.004227041143279384,9.943748031852675e-06,3.664558154463693e-07
5,8.853522975318757e-08,7.722148831252282e-07,0.001698245239944894,0.006950866733741163,0.00014132971165257347,0.17509347905941658,0.00031628869630942447,9.753563136735889e-05,8.837521413250504e-07,0.0001776709436244327,0.0003894250370845042,6.121154742890531e-08,2.0099560350031185e-06,0.0003248334775224733,0.36666320039437594,0.00024283246604544148,7.886386679496718e-06,1.0914477807202512e-08,0.00017557344434002478,0.0001785315519929815,0.44261007351662834,0.00034266843038053657,0.004572783450779148,1.2527049948394806e-05,4.2219385187040644e-07
6,7.323368116812135e-08,8.910161301201059e-07,0.001581546790257223,0.005655760537179915,0.00013620595615067207,0.19279668528579147,0.0002913486420118831,8.745885022152819e-05,8.840904346853649e-07,0.0001528886233759673,0.00037615119736807677,5.3670524524037015e-08,1.9427021371135584e-06,0.00029542730804908257,0.3988986122551557,0.00021163454038683073,7.2741413508511875e-06,7.272387479263322e-09,0.0001876094698311388,0.00014031341262760655,0.39479051027408796,0.00032994070790253545,0.004046335332704622,1.0084507047697934e-05,3.601832039433302e-07
7,9.534188783046564e-08,1.4810742756622816e-06,0.0027708456387801473,0.005102555212882535,0.0001474420242511524,0.21330763785444334,0.0002398529108866399,0.00010854747989995496,8.398797470335097e-07,0.0001333429721743523,0.0005309048253782229,7.02767356779504e-08,3.482491427512032e-06,0.00025895134400226585,0.3760920370761798,0.00016672280037382614,7.515895631640765e-06,6.9619612417523564e-09,0.000249439107997941,0.0001283783809514329,0.397590416081324,0.00038656134505851876,0.0027610648952953844,1.1582311236971148e-05,2.2581721690109388e-07
8,7.73246261706931e-08,6.938022703915414e-07,0.0016870947028730376,0.00701601961646916,0.0001560423377734429,0.11410181321036927,0.0002793439352844429,5.770451958256125e-05,1.1441055267702754e-06,0.00022099322840702884,0.0004162061174337365,2.9449800183028482e-08,1.0898797611519455e-06,0.00041868260365772854,0.5554566184364936,0.00015772719432164434,5.6514377779774505e-06,7.649046608034615e-09,0.00010497050144140982,0.00012950768641498727,0.31518158806829316,0.0003909429273340438,0.004191722732711656,2.3706565667634434e-05,6.219666620042358e-07
9,6.760225444162935e-08,6.266728580097519e-07,0.002187069411197577,0.007915535869992387,0.00013807301553102872,0.1688291171033478,0.0002059475645122587,7.918794447885758e-05,9.911014691985243e-07,0.00021518110101100997,0.00042248127557104883,3.4610072311624923e-08,1.6122391511961743e-06,0.00036322062858709766,0.44267504894624193,0.0001998980400962741,7.10540190994606e-06,6.388161789323068e-09,0.00013908841820252417,0.0001650190025059097,0.3718625829925384,0.0003691421815282699,0.004201932816843395,2.0709894441870688e-05,3.1977749532610894e-07
10,7.323368116812135e-08,8.910161301201059e-07,0.001581546790257223,0.005655760537179915,0.00013620595615067207,0.19279668528579147,0.0002913486420118831,8.745885022152819e-05,8.840904346853649e-07,0.0001528886233759673,0.00037615119736807677,5.3670524524037015e-08,1.9427021371135584e-06,0.00029542730804908257,0.3988986122551557,0.00021163454038683073,7.2741413508511875e-06,7.272387479263322e-09,0.0001876094698311388,0.00014031341262760655,0.39479051027408796,0.00032994070790253545,0.004046335332704622,1.0084507047697934e-05,3.601832039433302e-07
11,7.615302268459682e-08,9.723857925300613e-07,0.0016381138895703409,0.005881727163946543,0.00013612888520642588,0.20629841949345892,0.0002979301813594519,9.880442285070223e-05,9.183280158081417e-07,0.00015159976907470278,0.0003892894513148475,6.216935779063146e-08,2.311632874878261e-06,0.000303287115071575,0.38262508221176283,0.0002275631262058743,8.279494740469953e-06,7.771189884340467e-09,0.0002025688824299034,0.0001458279030031495,0.3970917435480679,0.00034538751981509955,0.0041437661320340635,9.7838004109699e-06,3.485694225132084e-07
12,7.459147267878757e-08,9.475038452835196e-07,0.0015906302570882996,0.005669894799067391,0.00015246192686078558,0.19787779290472077,0.0003016305883231636,8.27871166680035e-05,8.977959587741704e-07,0.00014929560232477662,0.0003777136665649351,5.782149853666271e-08,1.984047542528459e-06,0.00032308212665936944,0.38801683660391184,0.00020896689281653565,7.185059144675207e-06,8.039211258647778e-09,0.0001872102840463576,0.00014883147840086933,0.4002704778630397,0.000318049223050262,0.004303036950624169,9.73771410277255e-06,4.091430563490249e-07
13,6.972259672732942e-08,9.866485071276346e-07,0.001520978879712048,0.006035008112089202,0.00014616772662136437,0.1516155423436902,0.00019701966855819195,6.379919673792182e-05,7.512570519324914e-07,0.00010369620175197344,0.0007495043135954682,6.506929015060872e-08,2.4448632093154414e-06,0.0003498324268893737,0.42303886528201434,0.00016120471246284273,7.76657181125173e-06,6.4202109609563794e-09,0.0001644597204530123,9.252879856261651e-05,0.4108578188748938,0.0003035507825182916,0.004575895446435272,1.176166750450237e-05,2.752928320891157e-07
14,7.818778091186438e-08,2.3454059849802434e-06,0.0011557580737717068,0.0024119855543661365,0.00014846158571542838,0.4338935419696454,0.00022373965827756132,4.2357613513609254e-05,4.3164168571033484e-07,9.65750421905265e-05,0.0005124995733111116,1.7536227447388743e-07,5.349340883300223e-06,0.0003209338209186376,0.1516116580726932,0.000228929085143306,7.162865045685745e-06,8.711440904645194e-09,0.00042287327664750497,0.00011701304987581203,0.40627681854135456,0.0001727135011025397,0.0023449189111343924,3.4554731749893253e-06,2.15682067767448e-07
15,7.323368116812135e-08,8.910161301201059e-07,0.001581546790257223,0.005655760537179915,0.00013620595615067207,0.19279668528579147,0.0002913486420118831,8.745885022152819e-05,8.840904346853649e-07,0.0001528886233759673,0.00037615119736807677,5.3670524524037015e-08,1.9427021371135584e-06,0.00029542730804908257,0.3988986122551557,0.00021163454038683073,7.2741413508511875e-06,7.272387479263322e-09,0.0001876094698311388,0.00014031341262760655,0.39479051027408796,0.00032994070790253545,0.004046335332704622,1.0084507047697934e-05,3.601832039433302e-07
16,6.467299526409439e-08,5.679958192262521e-07,0.0010836284180440379,0.0046418659434017025,8.974224231248596e-05,0.11144373192961572,0.00026339065068284036,5.917293468262829e-05,4.1207593603358194e-07,0.00017491635185314157,0.0002898444680388143,6.897972286012724e-08,1.3210773763833964e-06,0.00028294203303761827,0.24191141065065994,0.00017249531577325517,6.087086891198465e-06,1.1500071359682994e-08,0.00013442477699609142,0.0001331131232964944,0.6360241894532422,0.00032272373634696774,0.002956490405319657,6.989224198761075e-06,3.949536854577552e-07
17,7.909482337268846e-08,9.4342636874375e-07,0.001530970152894533,0.005938759877532681,0.00014284809054744045,0.16435467119551017,0.00031200529543093044,9.103634402419929e-05,7.474023027734052e-07,0.00014125823467579392,0.00040069909053683364,8.677709739161093e-08,2.4292800934906013e-06,0.0003850563668374814,0.32183609105002137,0.00019801837602345491,8.675497031806923e-06,1.1648927193401715e-08,0.00019362172810934912,0.00016491158479666612,0.49895226880734095,0.00038563639817327237,0.00495026188961315,8.425723446969833e-06,4.86667840086901e-07
18,7.402855688691394e-08,8.99308827303731e-07,0.00156025611412682,0.005623247034922064,0.00013540350738901243,0.19171007103207183,0.00029655347169654057,8.772085774776846e-05,8.874081461813664e-07,0.00015390453781928063,0.0003760010915072839,5.496816764339015e-08,1.9588989238628936e-06,0.00029897882451613856,0.3971367069975391,0.00021257454904005595,7.407778257054845e-06,7.467535097502934e-09,0.00018902595933681393,0.0001414378508246321,0.3976135467658925,0.0003354656476928531,0.004107444751905496,9.998390585988972e-06,3.727569719073936e-07
19,7.308347206811672e-08,1.0478829860390506e-06,0.0020947015311899523,0.006424867411507025,0.0001712381746563591,0.19431212974935638,0.000315370305123394,0.0001169745308803326,9.561338242665159e-07,0.00015199490306745068,0.0003970312993009272,7.685958351686652e-08,2.802763326167224e-06,0.0003477855654226007,0.37115424626154514,0.00021230353254200697,8.256569455978051e-06,8.816833157358818e-09,0.00021714848689607087,0.00017435336774420133,0.4196954197864575,0.00043704569641507947,0.003754293390807958,9.529889480420183e-06,3.440081260149214e-07
20,4.488607170667109e-08,5.741842419689861e-07,0.0012165973369025293,0.004042391474281206,8.538061346024233e-05,0.12395391964927077,0.00024946918135002207,8.742639213971145e-05,6.165054881393452e-07,0.0001132551582938686,0.00030489654216322743,3.00897008167863e-08,1.2775583894811077e-06,0.00019635274427399826,0.5084405992385218,0.00012840981822277427,4.767885896300366e-06,3.4121570715676697e-09,0.00016015106883693177,0.00010211196794537356,0.3573996539190515,0.00037942691226331213,0.0031242041068086867,8.2019169354475e-06,2.3743733310077066e-07
21,9.283291192292906e-08,9.593205065073146e-07,0.0014990253078265966,0.006240262937490758,0.00016967063822727324,0.14547423900040685,0.00023788107700989096,7.300984602947005e-05,7.519255635080271e-07,0.00018584767368440513,0.00044019970585224704,8.117525154054315e-08,2.0644223531224337e-06,0.00035968359703613274,0.2692923109396676,0.00021357468455654525,7.26660578714977e-06,1.1681398136126842e-08,0.00018530799668087304,0.0001456662974807538,0.5711951316346748,0.00030084426480649973,0.0039660390751171705,9.655899072739231e-06,4.214606075338808e-07
22,7.196962378209584e-08,6.96187379011202e-07,0.0016708393294411407,0.005947857031844378,0.00010778964305789932,0.1565319271155108,0.0001998931918230408,7.289593607391159e-05,5.756227887131916e-07,0.0001607520624935036,0.0004385304333472532,6.142348535371722e-08,1.7161953956417754e-06,0.0002855295434225433,0.3368156270424411,0.00020064050163360366,8.171656240706396e-06,8.10592784838176e-09,0.00016095493289920593,0.00011930387243999028,0.49361160925788594,0.0003353377051910202,0.0033184028081909064,1.0547215501531343e-05,2.612159612541224e-07
23,7.323368116812135e-08,8.910161301201059e-07,0.001581546790257223,0.005655760537179915,0.00013620595615067207,0.19279668528579147,0.0002913486420118831,8.745885022152819e-05,8.840904346853649e-07,0.0001528886233759673,0.00037615119736807677,5.3670524524037015e-08,1.9427021371135584e-06,0.00029542730804908257,0.3988986122551557,0.00021163454038683073,7.2741413508511875e-06,7.272387479263322e-09,0.0001876094698311388,0.00014031341262760655,0.39479051027408796,0.00032994070790253545,0.004046335332704622,1.0084507047697934e-05,3.601832039433302e-07
24,8.448222522080558e-08,1.0588995387101024e-06,0.0019073464897866963,0.009047606192856139,0.00024430114856704283,0.20253286780458069,0.00030074207492178004,0.00010128269554096386,1.0621754386129808e-06,0.00016886424446305984,0.0005179793283763141,9.132076851355284e-08,3.1945586468243706e-06,0.0005150032455486568,0.3317127573976359,0.0002972161690601648,9.018854798958095e-06,1.247639391823486e-08,0.00020446035774019123,0.0001848595512492952,0.4465147034290131,0.0003316989443865681,0.005391899837348904,1.1453385193538767e-05,4.3493592041506205e-07
25,6.496445297707051e-08,1.1191507792074916e-06,0.001515677229457549,0.004262265530518063,0.00012241216549164008,0.26557893413021216,0.00029725464626797837,6.278454477653016e-05,9.852421777969256e-07,0.00014870582562509467,0.00026674961348311277,4.4516869863509666e-08,1.4838452982786904e-06,0.0002927819141169203,0.4143724924188985,0.00017114741723519748,7.3366801617129535e-06,5.851104381821327e-09,0.0001745078203480902,0.00012827315792137786,0.3086392062159584,0.00030341149764173025,0.0036428104112418928,9.069068593939855e-06,4.7614136754748494e-07
26,1.0079924986950443e-07,9.051710311650495e-07,0.001680754350659862,0.008564899939743978,0.0001551434170396521,0.2366709804371357,0.0002794919214503306,0.0001002952214559723,1.8509173017761845e-06,0.00015021647843953693,0.0004574214976663419,3.839627526662382e-08,2.0467298261286277e-06,0.00028887316820777674,0.47471349691040304,0.00026040357054771664,9.835794230230067e-06,7.063888977994843e-09,0.00014191332559065485,0.00016184045969015482,0.26910957053057066,0.00025789158307077537,0.0069697550025941135,2.1862137620188572e-05,4.051763102093862e-07
27,6.362673078982171e-08,8.032962451642576e-07,0.0012772593679817434,0.004795777003585965,0.00012031518347431375,0.16902931311671737,0.00037013449551421613,9.350323491657904e-05,1.2932609319215596e-06,0.00017840644891080112,0.0003252515379937837,3.6350818317725963e-08,1.6082069368254123e-06,0.00027388746321057374,0.5241831382602034,0.00019897989052379788,6.777142456441821e-06,5.309229071800442e-09,0.00018053714533932828,0.0001533047034244594,0.29419720079962436,0.00043636620400664176,0.00416387555578225,1.1719261284377258e-05,4.4313415755737994e-07
28,7.323368116812135e-08,8.910161301201059e-07,0.001581546790257223,0.005655760537179915,0.00013620595615067207,0.19279668528579147,0.0002913486420118831,8.745885022152819e-05,8.840904346853649e-07,0.0001528886233759673,0.00037615119736807677,5.3670524524037015e-08,1.9427021371135584e-06,0.00029542730804908257,0.3988986122551557,0.00021163454038683073,7.2741413508511875e-06,7.272387479263322e-09,0.0001876094698311388,0.00014031341262760655,0.39479051027408796,0.00032994070790253545,0.004046335332704622,1.0084507047697934e-05,3.601832039433302e-07
29,7.323368116812135e-08,8.910161301201059e-07,0.001581546790257223,0.005655760537179915,0.00013620595615067207,0.19279668528579147,0.0002913486420118831,8.745885022152819e-05,8.840904346853649e-07,0.0001528886233759673,0.00037615119736807677,5.3670524524037015e-08,1.9427021371135584e-06,0.00029542730804908257,0.3988986122551557,0.00021163454038683073,7.2741413508511875e-06,7.272387479263322e-09,0.0001876094698311388,0.00014031341262760655,0.39479051027408796,0.00032994070790253545,0.004046335332704622,1.0084507047697934e-05,3.601832039433302e-07
30,7.323368116812135e-08,8.910161301201059e-07,0.001581546790257223,0.005655760537179915,0.00013620595615067207,0.19279668528579147,0.0002913486420118831,8.745885022152819e-05,8.840904346853649e-07,0.0001528886233759673,0.00037615119736807677,5.3670524524037015e-08,1.9427021371135584e-06,0.00029542730804908257,0.3988986122551557,0.00021163454038683073,7.2741413508511875e-06,7.272387479263322e-09,0.0001876094698311388,0.00014031341262760655,0.39479051027408796,0.00032994070790253545,0.004046335332704622,1.0084507047697934e-05,3.601832039433302e-07
31,9.782940603934592e-08,9.467995015018712e-07,0.0023092534113986897,0.005734253413367687,0.00015405000981379144,0.17313480365550485,0.00029756225662881897,0.00012150453414397899,7.779789344467307e-07,0.00016046386387677414,0.00031638738138013906,6.866001711321604e-08,2.2818681780815884e-06,0.0002882917372245042,0.3324191467749641,0.00019531517012889675,6.8707244705285165e-06,1.116586855650709e-08,0.000228134619409593,0.0002003886795283487,0.4801159897057255,0.0003805145210652794,0.00392266915806302,9.793244736975754e-06,4.228366627064482e-07
32,7.376640731664895e-08,8.986048283871936e-07,0.0015889787652225258,0.005267115676218818,0.00013546586452628658,0.19657054099193336,0.00030194713119167645,9.413645315836402e-05,8.567761920409322e-07,0.00015282838252899024,0.0003678059513470934,5.713205065130236e-08,2.0762782925618306e-06,0.00029272055970147424,0.3946968231253494,0.00021915059639650994,7.285840537238263e-06,7.356601300651195e-09,0.0002177520793790394,0.00015113030667235683,0.39551547591061176,0.0003521285487502494,0.0040551291430251145,9.253706779569123e-06,3.610522979938568e-07
33,8.825592541516895e-08,1.3803099790859368e-06,0.0018606416897545997,0.008039077410357226,0.00012301623682679693,0.304945970203161,0.0004673971489777167,0.00018184305774921462,1.200623180297152e-06,0.00022414304297191758,0.0005331907278316963,1.958737890720665e-07,7.225651566640743e-06,0.0005565532752696598,0.2932574065327693,0.0004978633371205993,2.5401994537716578e-05,1.7106292271377605e-08,0.0003107020819487144,0.00021440370685899132,0.3834844818760415,0.000791778502606472,0.004467267107540853,8.393886355096548e-06,3.603605879987215e-07
34,8.662826942785553e-08,1.044127381227205e-06,0.00169212273777198,0.0053520226946511444,0.00015269293805445967,0.17671245239167524,0.0002748397347391471,8.47088428998267e-05,9.953941652387262e-07,0.00015256504117531624,0.00045270977605125926,5.3837848927619834e-08,2.0801457446510936e-06,0.0003070540228424083,0.4255402785525807,0.00018928288699111988,6.992771566587246e-06,7.040941862395513e-09,0.0002175346416006327,0.0001334002984809041,0.38413190808327724,0.0003536672550328665,0.004229436996477616,1.1672393663133832e-05,3.9076611714041593e-07
35,4.2258021642951877e-07,2.45188736940038e-06,0.002288322482854496,0.006124948453740712,0.00017646509153158854,0.14306486976709037,0.0005488492242625651,0.00027815053981965904,1.9915238843021093e-06,0.0003975187837818356,0.00040022524579463897,2.1483208147632641e-07,4.270870545702032e-06,0.00023931288871310093,0.25285181517549804,0.0004885493606245487,1.6527093854056355e-05,3.5487334958581356e-08,0.0005010943440678632,0.00019341898450339206,0.5887220947685472,0.0006752896120814829,0.0030118068229662703,1.0643983488005358e-05,7.10195347931866e-07
36,5.0985062142427336e-08,9.129390761568084e-07,0.0010375167144755116,0.005821639722598998,7.496901000984149e-05,0.3095158912185255,0.0005456057355541637,0.000204995371217028,1.621550275107927e-06,0.0001788160506689962,0.0002740190548484961,9.783127098195645e-08,3.81013500696067e-06,0.0003347065865878215,0.4347079873297982,0.000482074778919364,2.4681346724354742e-05,7.40926647569021e-09,0.00024794377841017126,0.00019099511384455733,0.240460805410762,0.0007968687028574132,0.005087365357295698,6.247215966576672e-06,3.706509775713693e-07
37,7.045445958153232e-08,9.067600009531173e-07,0.0015351985600337522,0.005472484133517229,0.00013516538532815748,0.19814208811640444,0.00029770607287522643,8.971478188262019e-05,8.976733903466899e-07,0.00015092785104780913,0.0003606771671715857,5.3295913188485495e-08,1.9626115380166465e-06,0.0002883991804959158,0.3989227598847394,0.0002135924339666171,7.2524691804645e-06,6.8999936835967365e-09,0.0001924792019703708,0.0001395459437915561,0.3896964704336685,0.0003312605364739083,0.004010689215060964,9.335950538288792e-06,3.54986557404807e-07
38,5.1257897951188736e-08,6.28503830843995e-07,0.0011146040470196446,0.004274892085767443,7.421853670686635e-05,0.29469691080314914,0.000289721600117242,8.969187991188106e-05,5.514438884190844e-07,0.0001182426072237979,0.00027313061717261836,4.466455426538134e-08,1.9203503663507432e-06,0.00019112867668409685,0.34701993997082364,0.00028433395872328425,7.4505301619395015e-06,4.978132424404571e-09,0.00020136029968783123,0.00013355700367647736,0.34727701927580235,0.0002321701911636883,0.003711697208732606,6.5280992427908465e-06,2.0140956245168384e-07
39,9.80598829749467e-08,1.491333096249312e-06,0.002193631243940654,0.006371402412774853,0.00025781490802480507,0.1651554762141524,0.00025408633775710423,5.880918203077629e-05,1.4580540071544387e-06,0.00017416322522083934,0.0008141779681393545,4.937859688891269e-08,2.324418724137643e-06,0.0004489487857338836,0.5308462590602666,0.00017636381693161864,6.029046291106157e-06,6.828002943723756e-09,0.0001871873485737487,0.00010556706371606233,0.2891348787729111,0.0003289265468942134,0.00346050580794506,1.9982443476032453e-05,3.6174290932290974e-07
40,5.8316603583304456e-08,1.3831026228549488e-06,0.0026438565405712934,0.003870786589067755,0.00020624661708559184,0.2073195344485764,0.00023418854319427415,5.152166617279254e-05,6.333163403387995e-07,0.00012561823768925885,0.0003477060831485856,6.788034340082165e-08,1.7498309609170451e-06,0.0004286551765499412,0.41742347793105794,0.00010704733979137397,5.436108285104015e-06,6.867770081466432e-09,0.0002087276883508414,0.00013224899448794223,0.3640759398232749,0.0004186286119729426,0.0023879237910623343,8.116932643288353e-06,4.3956237631542765e-07
41,7.77509356813638e-08,1.843050167695618e-06,0.0020883731948769303,0.008362057001352176,0.00027140763700222515,0.34567818124422645,0.0002697788234941284,9.288020030218923e-05,2.4344076570015743e-06,0.00018095254676758996,0.00037721742660012535,4.4384695445632314e-08,2.546607528101836e-06,0.00032115973033603075,0.39137944897799115,0.00030124113412422713,8.83815325763914e-06,5.312821836122172e-09,0.00014719062919507796,0.00011442566588404021,0.24654927360327916,0.00020654503155106732,0.003630780285716082,1.2986556644194562e-05,3.1064359364503273e-07
42,1.373517785003903e-07,1.4245858430526087e-06,0.0014032699218656727,0.010045485561739512,0.0003156712482411082,0.27300199755749743,0.0003696341396593167,4.798254332938534e-05,1.786879764840907e-06,0.00014783921885758253,0.0006623263668965443,6.235656800749602e-08,2.271369994809645e-06,0.0005933509271513496,0.4010454466578368,0.0002988737983039389,8.597003155172744e-06,1.7764224272441492e-08,0.00010738571946248953,0.00015642738852348264,0.30178699378789514,0.00014511989146438436,0.009836825108482567,2.0070801503579817e-05,1.0020499610460953e-06
43,6.903846271225927e-08,1.5677555016906648e-06,0.0016565885955183034,0.006661261145299857,0.00017745315870052012,0.21700300571985912,0.0002541520334657067,5.13680204482632e-05,4.4557404916384133e-07,3.4236668216845845e-05,0.000900254491171597,1.9757317852201156e-07,4.108422361519437e-06,0.0005498274501405605,0.401901198603393,0.00015276721853166273,1.1347750822134946e-05,1.4202251329769679e-08,0.00013135219792909526,7.013238164035789e-05,0.3641942035166112,0.00023002968207310975,0.006006483088149405,7.52863176939126e-06,4.070804548472927e-07
44,7.323368116812135e-08,8.910161301201059e-07,0.001581546790257223,0.005655760537179915,0.00013620595615067207,0.19279668528579147,0.0002913486420118831,8.745885022152819e-05,8.840904346853649e-07,0.0001528886233759673,0.00037615119736807677,5.3670524524037015e-08,1.9427021371135584e-06,0.00029542730804908257,0.3988986122551557,0.00021163454038683073,7.2741413508511875e-06,7.272387479263322e-09,0.0001876094698311388,0.00014031341262760655,0.39479051027408796,0.00032994070790253545,0.004046335332704622,1.0084507047697934e-05,3.601832039433302e-07
45,4.281897921082545e-08,4.809963705377608e-07,0.001339114393426743,0.004489525407098186,7.628293295575409e-05,0.20927802431085568,0.0003154279778567812,0.0001233200359918329,7.95293527802523e-07,0.00013275778244565124,0.00020672923080699608,2.3341118276033176e-08,1.2821281784679894e-06,0.0001486866594755304,0.5396594326552377,0.00023293628578233507,5.275433031182563e-06,3.124235317261798e-09,0.00016904594022119695,0.00013214153277611417,0.2406292192742922,0.00030516720894319317,0.0027453587453955142,8.748793725705072e-06,1.7769727212023308e-07
46,7.343360025917089e-08,8.029914086234539e-07,0.0015079308615080288,0.0063033939431288615,9.72176661067004e-05,0.22224018871629747,0.0002547089829936557,9.689545947037044e-05,7.92424217727282e-07,0.000140592166805827,0.0003840354142911446,5.963787578063792e-08,2.1309727768970997e-06,0.00025981494289464217,0.3660717076858807,0.00024329311297424886,1.0136020231864956e-05,7.35267911407702e-09,0.00017010004910601132,0.0001291464223555967,0.39755430297556976,0.00031186300928776284,0.004210050733339263,1.0479821020303315e-05,2.7520417938658207e-07
47,1.3088131943127742e-07,1.4321100210446637e-06,0.0014321652894636065,0.002854439568416748,8.067478126920509e-05,0.17699421229990084,0.0005010600074755088,0.00016364965581306003,9.76511207430807e-07,0.0002451211616273267,0.0002648789331545745,1.219243423563843e-07,2.713224765632574e-06,0.0002194295207912605,0.35256337805322563,0.0002408483000673986,1.2122912716750422e-05,1.1795060905150842e-08,0.00048017436472870664,0.00019552026855633372,0.4601156728686148,0.0009163496168579727,0.0027078992990683115,6.449016696486801e-06,5.676348386544118e-07
48,4.749918889234974e-08,1.2622772320864376e-06,0.0009757285130438387,0.0033385102529550647,4.343446239214367e-05,0.4846482241202268,0.0002831708459346089,0.0001294359097963856,8.375068518369142e-07,7.736050645803411e-05,0.00022650319107232674,6.819900254436546e-08,3.4320130207318442e-06,0.00013759131909479101,0.2869571731424034,0.00027211858093144055,1.773030154633487e-05,3.2817991940183486e-09,0.0002353290404151477,8.380192068367789e-05,0.2192533271941148,0.0002790818537427872,0.0030315495699944715,4.139941979729256e-06,1.3855611916026824e-07
49,6.239667046203823e-08,9.797053446088054e-07,0.002102298954356272,0.004628936526910916,0.00012381330850767661,0.2222248498269489,0.0002600354459830856,8.141925397524741e-05,6.385153849400419e-07,0.00014802526490633488,0.0003173685004267161,7.27224226046109e-08,2.100967751096655e-06,0.0003168743338983582,0.3445035964077236,0.00016749300029602043,7.712592988620006e-06,7.765445136845061e-09,0.00021536315026284692,0.00015892213635960685,0.42152045163946145,0.0004211230917587342,0.0027895209177194397,8.013568849515897e-06,3.200056476649097e-07
50,8.962701044985346e-08,8.674662364644687e-07,0.0012140627760726071,0.003181028030925671,0.00015288121545286014,0.0929012075275491,0.000814666915419592,0.0001279716953021535,1.3876986198513893e-06,0.0004069832989503544,0.00020497006959810211,3.827769150605442e-08,1.3380089075706702e-06,0.00030456277064214025,0.5119208105676436,0.00020540827907538647,4.099586936139934e-06,9.511361320095939e-09,0.00031485663108161055,0.0002460725645161913,0.3840801474492073,0.0008871478497154544,0.003020175020110174,8.096367632806211e-06,1.1207943414824575e-06
51,7.255695349475963e-08,7.904560910559452e-07,0.0014192337281716287,0.004995189950535342,0.000124892480476322,0.1951775890790456,0.00031420747276230825,8.580483753083834e-05,7.878454570119547e-07,0.0001486472915033072,0.0003431818675683807,5.4192708895965e-08,1.8340920993650136e-06,0.00028588255844149953,0.39303569932630417,0.0002209701669381513,6.99499161739324e-06,7.805824881015734e-09,0.00020588427145980609,0.00015957607387021735,0.398664595420138,0.0003266744412022127,0.004471971153241985,9.050504200961357e-06,4.074358573773018e-07
52,1.1239027197242313e-07,6.082185460629932e-07,0.0021193417428822486,0.009226158661322264,0.0001436561341508138,0.20129637372077688,0.0002702285483919686,9.562454072793232e-05,9.431152345497307e-07,0.00026160183034114424,0.0005665317842415651,5.499161632899591e-08,2.217852425638882e-06,0.00034766448859610154,0.38987641290165154,0.0003879497725464687,8.862523770769395e-06,1.3092945621493826e-08,0.00017702540957149546,0.00020448041693945984,0.39032196837368516,0.00032065693475062077,0.004349121455723977,2.208249445605333e-05,3.086044332907602e-07
53,7.46213789423324e-08,9.222073358020361e-07,0.00167744393240991,0.005646990076663832,0.00013831054512455332,0.1946320652824315,0.0002690723099088491,8.443955097501847e-05,8.455374293500817e-07,0.00015280754754423183,0.00038678523452860325,5.581101826463027e-08,1.967939335523784e-06,0.0002994112702637048,0.3858359895593338,0.0002050292052939488,7.373412391337851e-06,7.303633432776153e-09,0.00019037014932661825,0.00013648922404073128,0.4061147849680281,0.00032982305079984684,0.003878468373955454,1.0127011785768735e-05,3.4587506287340776e-07
54,1.0075609661504372e-07,1.8739320639305567e-06,0.0011415727568513405,0.0042766593866682846,0.00015319807762543053,0.22933214070157065,0.0005884431305396764,0.00010046728782124374,1.482956705893565e-06,0.00023704055846716145,0.00028711690686740373,9.063695779858435e-08,2.3553927349658713e-06,0.0003586747397770235,0.38473603176667465,0.0003052286737423824,1.0067003154607152e-05,1.1124414499740056e-08,0.0002700286323056865,0.00014354461106754954,0.373943778858723,0.00044076877194783,0.003661568846894423,6.94854505021535e-06,8.059452776121424e-07
55,1.3812224454215962e-07,2.4712366136909454e-06,0.0015008374584437362,0.005898593552210898,0.0002580590534251611,0.1807458500702989,0.0005180737960036816,9.583489182257558e-05,1.5567549157657139e-06,0.0001517008680615093,0.0004583221911593699,1.9521564751156818e-07,3.358313226822878e-06,0.00041122862112983043,0.3201471949562394,0.0002606700367207053,1.0797054217047742e-05,2.0944772910953677e-08,0.00022886131108238594,0.00013925859473083773,0.4847605273614339,0.000359525176470008,0.004037860067648521,8.177626781949508e-06,8.867246981767126e-07
56,7.820568531960148e-08,1.0239088586549996e-06,0.001691556023612102,0.0058074328930542264,0.00014425342182558586,0.2019288113388735,0.0002986303062685966,9.399676333041984e-05,9.425427458466133e-07,0.00015331483794060483,0.00040779442759569605,6.322428269483959e-08,2.318283018642209e-06,0.0003161678372622983,0.3902378933604314,0.00021908003379830673,8.078330521648504e-06,7.99367353707551e-09,0.00020239363680099888,0.00014479307430131808,0.3939174214968153,0.000349946141301102,0.004063469965658981,1.0165111742345171e-05,3.668406009862732e-07
57,6.319634065478678e-08,8.865138407628457e-07,0.001821567979225456,0.0035761574422611886,0.00012503542567326767,0.17308873236588704,0.00025755989388798217,0.00010671760948416567,5.24782713431823e-07,0.00013505322679974988,0.0003043192046119625,9.26639981294342e-08,2.3595112544760672e-06,0.0002711771822269195,0.31335511039864633,0.0001829226109135787,7.242083783960219e-06,7.296485423616323e-09,0.00036065864405408597,0.00017220208500451175,0.50280777137399,0.0005339238333914214,0.002884386241005062,5.233014060903073e-06,2.9542045924861985e-07
58,7.529838260322146e-08,8.30223444199715e-07,0.00167814820892733,0.005863039464026647,0.00012543825378838954,0.18603877604725746,0.00027129749653093436,8.485639293954225e-05,8.969377721632155e-07,0.0001573137785271051,0.00040258711299306866,4.826192104051415e-08,1.8425507872813522e-06,0.00028714979210036864,0.43018696104060883,0.00020394465500106414,7.29466874586202e-06,6.980919558026741e-09,0.00017456101573244638,0.00013762583750040263,0.3701153485086777,0.00033367583166119506,0.003915189940847713,1.2753073912873509e-05,3.386269943226285e-07
59,7.39476587115234e-08,8.031681735883898e-07,0.0017317561549833617,0.005910582713187265,0.00012710330489192474,0.1776839231168633,0.00026009573949350225,8.149670741711862e-05,8.96496038812451e-07,0.0001584365244997176,0.0004019707349559057,4.4728215546071706e-08,1.7056106261234411e-06,0.0002825910330407728,0.44023508985996174,0.00019578495181919454,7.00876804508083e-06,6.696015710798274e-09,0.00016595512745475727,0.00013461127685451482,0.3684431388391548,0.0003269940212335561,0.003835980455132199,1.3615413830473195e-05,3.346104523671975e-07
60,7.323368116812135e-08,8.910161301201059e-07,0.001581546790257223,0.005655760537179915,0.00013620595615067207,0.19279668528579147,0.0002913486420118831,8.745885022152819e-05,8.840904346853649e-07,0.0001528886233759673,0.00037615119736807677,5.3670524524037015e-08,1.9427021371135584e-06,0.00029542730804908257,0.3988986122551557,0.00021163454038683073,7.2741413508511875e-06,7.272387479263322e-09,0.0001876094698311388,0.00014031341262760655,0.39479051027408796,0.00032994070790253545,0.004046335332704622,1.0084507047697934e-05,3.601832039433302e-07
61,7.64820543617901e-08,8.282397063078541e-07,0.001836540756898105,0.005959980891038444,0.00013170576708070486,0.1819488931960065,0.00025311210490532856,8.567056181769146e-05,8.524874223549805e-07,0.00015546389114263256,0.0003946103444737425,4.826789734216943e-08,1.791522645461287e-06,0.00028275008421982357,0.41772658135218194,0.00019643752482756738,7.0952375624855895e-06,7.023871913444542e-09,0.0001748307797393644,0.00013723191811333333,0.3865858492874696,0.00033013456891434125,0.003776613443189428,1.256969336066122e-05,3.2457346078051815e-07
62,7.323368116812135e-08,8.910161301201059e-07,0.001581546790257223,0.005655760537179915,0.00013620595615067207,0.19279668528579147,0.0002913486420118831,8.745885022152819e-05,8.840904346853649e-07,0.0001528886233759673,0.00037615119736807677,5.3670524524037015e-08,1.9427021371135584e-06,0.00029542730804908257,0.3988986122551557,0.00021163454038683073,7.2741413508511875e-06,7.272387479263322e-09,0.0001876094698311388,0.00014031341262760655,0.39479051027408796,0.00032994070790253545,0.004046335332704622,1.0084507047697934e-05,3.601832039433302e-07
63,7.505909724455966e-08,9.650972277831547e-07,0.0015855099032753466,0.005548822459475142,0.00013826280013033178,0.1939670079643577,0.0002958272377419251,8.753858973224233e-05,9.267782299751589e-07,0.0001525147777796836,0.0003798874564746345,5.482876351855662e-08,1.983265705095182e-06,0.00029485473117535745,0.4033043124118481,0.00020738649616491565,7.40329164038784e-06,7.204823722150583e-09,0.0001890891281050274,0.00013527468745423314,0.3893987661540251,0.00033421310727875053,0.003958896250048715,1.0051941445636192e-05,3.6837799950035593e-07
64,8.23785566275125e-08,1.0854187594339566e-06,0.0010639235562852963,0.006028750466664122,0.00018245840697266697,0.3807321505033655,0.0006903104106207314,7.394711442800374e-05,4.274900965461278e-06,0.0001856927484516591,0.0006064552347436692,5.642559277976059e-08,5.170253958802045e-06,0.000930100175300177,0.5635309335450256,0.000816031929517714,2.0439380405352535e-05,1.2960643015785155e-08,0.00018989312572284482,0.00020918389481842876,0.03599178244463495,0.0004900513486820817,0.008227215850922622,1.9076488374035858e-05,9.210365884733348e-07
65,7.857418662752035e-08,9.216985411467896e-07,0.0015718232983867192,0.005795249515281297,0.00014337398503871634,0.19029333817367214,0.00030785117271020735,9.035638017152665e-05,9.372489906350055e-07,0.00016051027159141496,0.00038717979069570073,5.756549911284795e-08,2.031318310846334e-06,0.00030805725408506953,0.3940462398300538,0.00022389940589283142,7.5216937336963665e-06,8.021546838118845e-09,0.00019600139451370906,0.00014703089308778936,0.4017463174312036,0.0003403697685237197,0.004220183644354544,1.027017863168132e-05,3.9149129658041795e-07
66,5.9259458220394176e-08,8.619554616469991e-07,0.0009673832115975192,0.003779108885984776,7.883247556522257e-05,0.2567140777135114,0.0004278450236963061,0.00011618686219989967,1.1806696911708906e-06,9.505107359125158e-05,0.00024254721354508309,3.759887850188887e-08,1.9323651160353806e-06,0.0002025548083438542,0.507629616606728,0.00018928373559148125,8.178407369450395e-06,4.419527429168753e-09,0.00020602509263746593,0.00015002076078584112,0.22307629026091028,0.00033025100884181855,0.00577499327120502,7.268768553841991e-06,4.0855120834926226e-07
67,1.520528029921318e-07,1.94190000090356e-06,0.0026660653997916525,0.007984838155755873,0.0003940296200812653,0.11949518646587867,0.00034820891001517945,0.0001964212783464512,2.407156434455549e-06,0.00023471827270390332,0.0004557627009063978,6.070122243175906e-08,2.4702169108766387e-06,0.00022398528032563698,0.46938642013751725,0.0002985334756638617,5.830584968847619e-06,7.288847327696657e-09,0.00029360944105102075,9.001101770988703e-05,0.3952431972295545,0.0004011780036289017,0.002263963648405653,1.069408807847826e-05,3.0697339761889547e-07
68,6.94038830051589e-08,8.807971217602987e-07,0.0015023068145968205,0.004848920445096779,0.0001286566205252108,0.18335544049546706,0.00024962818131414583,7.349505600470019e-05,9.67044266879755e-07,0.00017042777931436818,0.00035474451759714347,3.534906587450884e-08,1.3730399241059117e-06,0.0002495498150149136,0.48262737672917844,0.0001880931149178077,6.289564901753957e-06,4.662645774321207e-09,0.00017613522456878895,0.00010985527613320949,0.3224536551072654,0.00033365002655879125,0.0031562205702506665,1.1908471007046943e-05,3.158933795087153e-07
69,4.914005505744693e-08,5.913532636387261e-07,0.0012581408578034197,0.0031359125878889717,6.114595943934985e-05,0.2211316842904761,0.00022674064570577353,6.632426334406682e-05,3.4667404978945127e-07,0.00010192400730031502,0.00033880183912377276,6.179528216490138e-08,2.104068740475989e-06,0.0002588510377731709,0.3009629578571899,0.00013757717640025766,7.299178169997972e-06,5.872426676238789e-09,0.00024483513849212017,0.0001837362263562604,0.4674184538458154,0.00037194241932829756,0.004083496813540377,6.772236664439704e-06,2.4471537023876024e-07
70,6.733838671733197e-08,8.178795259061873e-07,0.001645282314296484,0.007353329108566156,0.00014913835280262093,0.24333942601853276,0.0003064004634126671,9.94049207318349e-05,1.0816362576277735e-06,0.00016674619486582726,0.00035666527228678745,5.343682708539112e-08,2.2065295063474064e-06,0.0003347443469432256,0.3790347135220311,0.0002853471320413402,8.774462306822482e-06,7.852647067204616e-09,0.0001686641924975847,0.00017300551812496264,0.36143143926785765,0.0002998273843095156,0.004831307569509539,1.1199615737019959e-05,3.4966999532824635e-07
71,9.2459839566933e-08,9.7546495863583e-07,0.0013560356236095408,0.006522858016902242,0.0001732490146835945,0.17135195609937678,0.0003479014626319828,0.0001013436958403556,1.210634955466139e-06,0.0001859981999686628,0.00042326099590648907,6.423764531952556e-08,2.2147884753114224e-06,0.00032854408683914596,0.3911350215672457,0.000283058995767188,7.890939471819113e-06,9.556213756326741e-09,0.00020024870029577255,0.00016083690422380025,0.42207711569123885,0.00033438111660418136,0.0049940311647072785,1.1223779507393173e-05,4.768030911844815e-07
