,0,1,2,3,4,5,6,7,8,9,10,11,12,13,14,15,16,17,18,19,20,21,22,23,24
0,5.0396522492785575e-08,6.080061682927681e-07,0.001970317054979925,0.004798163774139688,0.00014702955272322333,0.2670763369302812,0.00029860255797415963,0.00010352080363830717,9.70816118040851e-07,0.00017813173351024388,0.00021854615780527212,2.633432769161071e-08,1.5223639815380378e-06,0.00019097555410685897,0.42646156657523837,0.0002370646180118816,3.6482587671719484e-06,3.87606951705056e-09,0.00022005840590988616,0.00021529681722346047,0.2949973560270967,0.00025195710933785336,0.002618299061923558,9.750606286653851e-06,1.9660785770891834e-07
1,6.130670102132021e-08,9.546259694736015e-07,0.002346969602627237,0.006829506567040541,0.0002710129441134894,0.21787907412704183,0.0002656007124348709,8.92490364959958e-05,1.5864581423251876e-06,0.00020142692805723544,0.0003591639220422271,2.530741858909471e-08,1.5378938795879756e-06,0.00023728134581730645,0.5194135509251316,0.00027026251549820647,4.067091940351939e-06,3.608231652239082e-09,0.00017174608520062994,0.00011368175606996999,0.24908518490434423,0.00023950977415587303,0.002204808659968246,1.3540373803927987e-05,1.9352787361176184e-07
2,4.674936879574709e-08,6.526604636417248e-07,0.0020270932287979027,0.005698393971864648,0.0002610072337853596,0.1485010148277126,0.00029901362405508614,7.781627597967908e-05,1.32052480963655e-06,0.00017917774548346333,0.0003002607869012469,1.9131169137015767e-08,1.1514187731636363e-06,0.00028590004995258364,0.592919891344174,0.00016661567218665988,2.8456868189344886e-06,3.5740937726906515e-09,0.00014264804661436156,0.00015910527455308056,0.24585287364467404,0.0003121799690448356,0.0027977708948567154,1.2900467188384589e-05,2.9719667853543267e-07
3,4.765939476214696e-08,7.995040622356579e-07,0.002190080887889825,0.006407405038588832,0.00022936713913859853,0.18236910628133784,0.00023309930406822485,6.683538235754126e-05,9.667668597845342e-07,0.000137701037857687,0.000376313891818145,2.7069073628954434e-08,1.3624863030007622e-06,0.000270192785795344,0.5164013172677117,0.00017381531328864835,3.6460302192727573e-06,3.733315431406822e-09,0.00012837267417159813,0.00010160769957131625,0.28829267455879787,0.00023752947943139757,0.002365785929783331,1.1740526893606773e-05,2.0155227025742655e-07
4,5.235444323048708e-08,9.84318426311291e-07,0.002359275670800291,0.00696831418585332,0.000253206920286318,0.19332486336193072,0.00023655915406431795,7.180670259097997e-05,1.021205459497583e-06,0.00013825517955527546,0.0004546139114164501,3.6888340903717486e-08,1.8403937941734257e-06,0.00032071229053674924,0.48287334926893,0.0001844828101050163,4.412765605224988e-06,4.479737231523033e-09,0.00014219104659161374,0.00010478640161078157,0.30977946377673443,0.00025986170050160395,0.002507906338303869,1.1790713171786145e-05,2.0816121008041985e-07
5,5.867681701976539e-08,7.091888930407198e-07,0.0024002528361615097,0.008019164750177108,0.00024303099658991097,0.16942293231596114,0.000258034873243202,7.598681181040861e-05,9.870268837455767e-07,0.00016311075963746128,0.0003977606402420659,3.144892572263977e-08,1.438311209887739e-06,0.0003030103874899931,0.48562909556462797,0.00020321186948288035,4.0301985381816254e-06,5.68468640558135e-09,0.00012283102326088953,0.00013156723765001894,0.32963052865012643,0.00025176405501432656,0.002725362032969494,1.485398428845589e-05,2.4067531276363143e-07
6,4.765939476214696e-08,7.995040622356579e-07,0.002190080887889825,0.006407405038588832,0.00022936713913859853,0.18236910628133784,0.00023309930406822485,6.683538235754126e-05,9.667668597845342e-07,0.000137701037857687,0.000376313891818145,2.7069073628954434e-08,1.3624863030007622e-06,0.000270192785795344,0.5164013172677117,0.00017381531328864835,3.6460302192727573e-06,3.733315431406822e-09,0.00012837267417159813,0.00010160769957131625,0.28829267455879787,0.00023752947943139757,0.002365785929783331,1.1740526893606773e-05,2.0155227025742655e-07
7,6.289233599011161e-08,1.263847054262645e-06,0.003995000365397874,0.005836124852119763,0.00024953445614713486,0.1977771275417315,0.00018345169690219223,8.316892006626448e-05,8.977520053695853e-07,0.00012274424769518605,0.0005257006200637961,3.3632685187986796e-08,2.3238219354719894e-06,0.00023270846329717984,0.492811964272143,0.000133978095528129,3.6054894094721544e-06,3.538168512526135e-09,0.00017073822128167932,9.650074992938259e-05,0.2958737834223989,0.00027445736586379025,0.0016106260509987532,1.4076001565805835e-05,1.236832753217578e-07
8,4.5295456668386025e-08,5.701944768453595e-07,0.002121725515794414,0.007284349554714244,0.0002353859336457281,0.10027811204708106,0.00020902213561407133,3.987193658377182e-05,1.1335644720782725e-06,0.00017719911884396983,0.0003844316567923728,1.3386854495267848e-08,6.923696331616736e-07,0.0003435659098966233,0.6705022604352817,0.00011665858209819868,2.5688730324205376e-06,3.5312990988820523e-09,6.473030223068499e-05,8.39130105778466e-05,0.21560591709177174,0.0002509812836028634,0.002271097086320135,2.543351247622376e-05,3.1767144957632384e-07
9,4.358486252053047e-08,5.485052460158557e-07,0.0030174366565992924,0.00867902982564396,0.00022727749417401027,0.1556630489793334,0.00016008218858220563,6.010878434488417e-05,1.0533062330059654e-06,0.00018955649800880524,0.00041275815522067707,1.7111405116704385e-08,1.1114253848307663e-06,0.0003218501505021297,0.5612789586097824,0.00015929413105493352,3.470106427624152e-06,3.2194804846654035e-09,9.487861376377973e-05,0.0001194578550234124,0.26691720154870996,0.0002626977999892185,0.002406415691385477,2.3525976909386802e-05,1.7378193234236283e-07
10,4.765939476214696e-08,7.995040622356579e-07,0.002190080887889825,0.006407405038588832,0.00022936713913859853,0.18236910628133784,0.00023309930406822485,6.683538235754126e-05,9.667668597845342e-07,0.000137701037857687,0.000376313891818145,2.7069073628954434e-08,1.3624863030007622e-06,0.000270192785795344,0.5164013172677117,0.00017381531328864835,3.6460302192727573e-06,3.733315431406822e-09,0.00012837267417159813,0.00010160769957131625,0.28829267455879787,0.00023752947943139757,0.002365785929783331,1.1740526893606773e-05,2.0155227025742655e-07
11,4.982009884445708e-08,8.715113229102883e-07,0.0022864769109555215,0.006715520353814048,0.00023101467842084336,0.19545282057260321,0.00023838993105228565,7.557105863326347e-05,1.0067192783256938e-06,0.00013771851773980575,0.00039130960758250596,3.123706642973413e-08,1.6144113225471623e-06,0.0002787307156898589,0.49882718198223325,0.00018709787397263005,4.136329159765737e-06,4.002482869230981e-09,0.00013880278307697565,0.00010631822212151216,0.29223274672986677,0.00024888534356921546,0.0024319730858993627,1.1531670391625556e-05,1.959316454668659e-07
12,4.877183724143117e-08,8.541562066687244e-07,0.002212815606566752,0.006453439086455406,0.0002574909720390291,0.18810510554128954,0.0002425544648917132,6.366394101395537e-05,9.867572457108189e-07,0.00013515239495379272,0.0003797747184878256,2.929806821937983e-08,1.3991868131061538e-06,0.0002965484321056612,0.5050427026453405,0.00017259723520361822,3.6232492329199906e-06,4.141521429565997e-09,0.00012879691815208206,0.00010819138384924472,0.29362579376565195,0.00023037441987032429,0.0025264309620535367,1.1392286490517951e-05,2.2966465936643388e-07
13,4.519014822376703e-08,8.769664369513409e-07,0.002100135058972711,0.006805290496352088,0.00024488355249744986,0.14305376068438624,0.00015744504597715604,4.869717671095859e-05,8.185554563561067e-07,9.366598903678532e-05,0.0007374312108306476,3.243218008683409e-08,1.693467794875474e-06,0.0003173957712428572,0.5445707969415013,0.00013210337197940518,3.855634060024388e-06,3.284020880878965e-09,0.00011204300583252995,6.719415235846884e-05,0.29866617174898724,0.0002172970302778621,0.002654576370471008,1.3633031948511754e-05,1.5383053935236715e-07
14,5.8795115496421484e-08,2.3219996916988994e-06,0.0017983721384591971,0.0029985789878175296,0.00027869928187261795,0.44510653185725235,0.00019387639997593033,3.8174224705819385e-05,5.26016469677498e-07,9.455810993286369e-05,0.0005555413106583903,9.513533048603476e-08,4.09825804740611e-06,0.0003062791480997298,0.2177036881700877,0.00020656979235715985,3.8702971438694034e-06,4.794924634515642e-09,0.00033734995546997535,9.361291791947518e-05,0.32862045532951334,0.00013593594363816918,0.0015163029437423377,4.369860694419277e-06,1.283310796590166e-07
15,4.765939476214696e-08,7.995040622356579e-07,0.002190080887889825,0.006407405038588832,0.00022936713913859853,0.18236910628133784,0.00023309930406822485,6.683538235754126e-05,9.667668597845342e-07,0.000137701037857687,0.000376313891818145,2.7069073628954434e-08,1.3624863030007622e-06,0.000270192785795344,0.5164013172677117,0.00017381531328864835,3.6460302192727573e-06,3.733315431406822e-09,0.00012837267417159813,0.00010160769957131625,0.28829267455879787,0.00023752947943139757,0.002365785929783331,1.1740526893606773e-05,2.0155227025742655e-07
16,4.645180473219463e-08,5.419473239502858e-07,0.0016966260976062793,0.0060594302018161135,0.0001631365520825704,0.11987239579257893,0.0002264414899749582,5.1795990506306087e-05,4.843114853502955e-07,0.00017456668741800996,0.0003162984713264248,3.926015750860733e-08,1.031071699407531e-06,0.000282722304484873,0.3381768736343806,0.00015915911530366042,3.399129601792508e-06,6.714720096557008e-09,0.00010392253901189138,0.00010984917038003576,0.53038001453884,0.00024899704158807845,0.0019632593918067465,8.72550706466039e-06,2.3658703704374142e-07
17,5.533571475153038e-08,8.889002608838103e-07,0.0022426555207970965,0.0072486884685765505,0.0002584564483921159,0.15664727549770496,0.000262954608888064,7.341045189792428e-05,8.230747147421461e-07,0.00013313003528596373,0.00042874487021937676,5.0339179726901546e-08,1.848066223613273e-06,0.00039437072342018287,0.4196651164688466,0.00016713610962567051,4.669088546996091e-06,6.997853994622831e-09,0.00013942445493265486,0.0001315538641612102,0.40870590773336163,0.0002995969447205443,0.0031827831797528166,1.014673040548805e-05,3.0608651633034637e-07
18,6.381166818056347e-08,9.857358606499457e-07,0.0016313968030647206,0.005786764784538381,0.00020636353758447465,0.15699319109686394,0.0003541155559954498,7.152359863470566e-05,1.0636472139625273e-06,0.0001703256424468804,0.0003790151410742606,4.728448554376899e-08,1.612744464971667e-06,0.00037069872580388973,0.47225430854442224,0.00019188821067865638,5.50317878836068e-06,7.302610376259678e-09,0.0001538963534711164,0.00012819562281340762,0.35749550883931097,0.0003547788496944321,0.0034380995189870057,1.016868487590224e-05,4.7678464743848665e-07
19,4.823755287654659e-08,9.422825045277511e-07,0.0029407249655385827,0.0073971995895860424,0.00029220794332711076,0.1854112542453529,0.0002532832679994504,8.977493276622293e-05,1.0541659933853517e-06,0.000139435549979866,0.00040208372875774595,3.861631484827047e-08,1.9579714391804824e-06,0.0003213894037130073,0.488229814388851,0.00017577532251559144,4.1400174795357235e-06,4.564210611062548e-09,0.00014952811649407029,0.00012790325839440582,0.3115117742329077,0.00031541894733649623,0.0022226783613756135,1.1373138394003622e-05,1.9475121537754086e-07
20,2.7397007902123606e-08,4.875392613436834e-07,0.00158518424595131,0.004353451990395482,0.00013442863700520213,0.11179316819416518,0.00019157986063591682,6.199688645253698e-05,6.358947072933279e-07,9.493393694230709e-05,0.00029062287124731055,1.4150944284595911e-08,8.367609386470459e-07,0.00016842438158674435,0.6290936025805056,9.853007971030625e-05,2.2434359741748456e-06,1.6490181506273811e-09,0.00010147810296011062,6.871020249436294e-05,0.2499528856350924,0.0002520884546412124,0.0017453688423372516,9.171637581407803e-06,1.2663244360612744e-07
21,6.560777262394305e-08,9.379639841097236e-07,0.0022644864816167834,0.007692749305014997,0.00031030554874838287,0.15078931968444378,0.0002083372218938106,6.103472205053945e-05,8.991780957139913e-07,0.00018184678420338324,0.0004789184442100913,4.436855578685875e-08,1.5783042058595338e-06,0.0003575056195198137,0.382559564280784,0.00019129522484597915,3.974418499033209e-06,6.4877539443425545e-09,0.00013832464425616575,0.00011491274589014391,0.45186526476819927,0.00023661357563248414,0.0025295016893023747,1.2256412902971077e-05,2.565176178322066e-07
22,4.882755458505435e-08,6.476037001079043e-07,0.002419786681236532,0.007083851326557613,0.0001886910311334897,0.1557205804651427,0.0001667842087285046,5.869498535333777e-05,6.551966238654951e-07,0.00015102341631427423,0.00045460792119259214,3.245001968499163e-08,1.258999097916614e-06,0.000271774597793371,0.4527267634989503,0.00017260852276997646,4.271672033409764e-06,4.369894393298783e-09,0.00011564493784382675,9.097141974019351e-05,0.3780672943893362,0.0002500158089805465,0.002041151863394014,1.2683578436427771e-05,1.5222817204642764e-07
23,4.765939476214696e-08,7.995040622356579e-07,0.002190080887889825,0.006407405038588832,0.00022936713913859853,0.18236910628133784,0.00023309930406822485,6.683538235754126e-05,9.667668597845342e-07,0.000137701037857687,0.000376313891818145,2.7069073628954434e-08,1.3624863030007622e-06,0.000270192785795344,0.5164013172677117,0.00017381531328864835,3.6460302192727573e-06,3.733315431406822e-09,0.00012837267417159813,0.00010160769957131625,0.28829267455879787,0.00023752947943139757,0.002365785929783331,1.1740526893606773e-05,2.0155227025742655e-07
24,5.677307421546779e-08,9.813068867603076e-07,0.0027245196816905503,0.010523676692511865,0.00042161265415162694,0.19821138224595095,0.0002490847600853744,7.994757356854682e-05,1.1989762811944721e-06,0.00015711632618625347,0.0005335675115378848,4.7294580811388814e-08,2.30190361246769e-06,0.0004830787653806995,0.44583217354046234,0.0002513497676796205,4.6663021720218335e-06,6.571346668363492e-09,0.00014465888145805817,0.00013790167860969508,0.33673120113173505,0.000247273629146693,0.003248181886896734,1.3762956452431034e-05,2.511885414477049e-07
25,4.141298158856883e-08,9.67771484516309e-07,0.0020633818172290427,0.004765462741737393,0.0002025653662393188,0.2428288498685111,0.00023006532535830088,4.689909717128841e-05,1.0458917936270087e-06,0.0001316208590780025,0.0002620941705944484,2.1720899900241324e-08,1.008185782228172e-06,0.0002615123921893777,0.5245049474045531,0.00013696706516948167,3.547375950692174e-06,2.938666026969688e-09,0.00011616830629284996,9.120077554955525e-05,0.222049643490845,0.00021215964875840048,0.0020791126971760757,1.0455362628319593e-05,2.583133603749793e-07
26,6.010510110998703e-08,7.428350038057467e-07,0.002180380588819174,0.009093834813967246,0.00024009543042142133,0.20749280104226112,0.00020949986229660988,6.966076375775688e-05,1.8404000046399878e-06,0.00012474106326447752,0.0004293480064382735,1.7376341650270376e-08,1.2877849350561694e-06,0.00024276610713679168,0.5863087501522648,0.00019276093610400637,4.430485153994319e-06,3.319710389096721e-09,8.830880312307277e-05,0.0001075253932123779,0.18921813267368814,0.0001685712135739708,0.003799867354753242,2.4362428434935114e-05,2.110602317791417e-07
27,3.903333063450826e-08,6.795045233044312e-07,0.0016688149014473725,0.005122150373587255,0.00019089734141601052,0.15075488173245583,0.0002775742914862353,6.71495456328915e-05,1.3220414597263963e-06,0.0001506832344798694,0.00030678236471120434,1.7369488394625455e-08,1.0650026689343382e-06,0.00023589337275815332,0.6352593589506909,0.00015391673373859848,3.201130045087844e-06,2.5771805084391945e-09,0.00011629765478445361,0.00010423300668844426,0.2029888611869799,0.00029421819741018163,0.0022889377032052683,1.2790292596787754e-05,2.3245723424805874e-07
28,4.765939476214696e-08,7.995040622356579e-07,0.002190080887889825,0.006407405038588832,0.00022936713913859853,0.18236910628133784,0.00023309930406822485,6.683538235754126e-05,9.667668597845342e-07,0.000137701037857687,0.000376313891818145,2.7069073628954434e-08,1.3624863030007622e-06,0.000270192785795344,0.5164013172677117,0.00017381531328864835,3.6460302192727573e-06,3.733315431406822e-09,0.00012837267417159813,0.00010160769957131625,0.28829267455879787,0.00023752947943139757,0.002365785929783331,1.1740526893606773e-05,2.0155227025742655e-07
29,4.765939476214696e-08,7.995040622356579e-07,0.002190080887889825,0.006407405038588832,0.00022936713913859853,0.18236910628133784,0.00023309930406822485,6.683538235754126e-05,9.667668597845342e-07,0.000137701037857687,0.000376313891818145,2.7069073628954434e-08,1.3624863030007622e-06,0.000270192785795344,0.5164013172677117,0.00017381531328864835,3.6460302192727573e-06,3.733315431406822e-09,0.00012837267417159813,0.00010160769957131625,0.28829267455879787,0.00023752947943139757,0.002365785929783331,1.1740526893606773e-05,2.0155227025742655e-07
30,4.765939476214696e-08,7.995040622356579e-07,0.002190080887889825,0.006407405038588832,0.00022936713913859853,0.18236910628133784,0.00023309930406822485,6.683538235754126e-05,9.667668597845342e-07,0.000137701037857687,0.000376313891818145,2.7069073628954434e-08,1.3624863030007622e-06,0.000270192785795344,0.5164013172677117,0.00017381531328864835,3.6460302192727573e-06,3.733315431406822e-09,0.00012837267417159813,0.00010160769957131625,0.28829267455879787,0.00023752947943139757,0.002365785929783331,1.1740526893606773e-05,2.0155227025742655e-07
31,6.64741653962315e-08,8.675535565225142e-07,0.003385721815257586,0.0067506918305364205,0.0002695747003160527,0.1690338218192421,0.00024202384154983048,9.644234482991047e-05,8.771571414612934e-07,0.000151351882317452,0.0003291816552400108,3.5192689336804235e-08,1.6349800557164264e-06,0.00027156428719315003,0.45038506744032103,0.00016472909832514099,3.5198465198875627e-06,5.8921586271410855e-09,0.0001626054752324747,0.0001527424698774283,0.36592867519474276,0.0002838371284801027,0.0023726503368797463,1.2069706432645622e-05,2.418769392083634e-07
32,4.808260910021426e-08,8.081227455514196e-07,0.0022032846204861037,0.005982614986877139,0.00022848325515677424,0.1862682823280318,0.000242006049939576,7.199931644391946e-05,9.393065075306089e-07,0.00013784169313559136,0.0003687596295797819,2.885926236217993e-08,1.4583089920949794e-06,0.0002682370323079361,0.511901863555104,0.00018027016295273988,3.661135356675164e-06,3.7829839236425885e-09,0.0001489409166690083,0.00010947314356416838,0.28924081226313014,0.00025378966103291117,0.002375391770346321,1.0799592541610055e-05,2.0242424314681217e-07
33,5.914599260409095e-08,1.1999127707006492e-06,0.002729665874824655,0.009746348654128503,0.0002235533020485493,0.2876132545687796,0.0003653649898448936,0.0001349945265758834,1.334227809109273e-06,0.0002140125943336226,0.0005503874739027299,9.19762838401847e-08,4.728911105356193e-06,0.0005264282599309418,0.40001754551571056,0.00040420333290772044,1.1858786000829275e-05,8.890121839576132e-09,0.00020772088937184478,0.000162402236420316,0.2938449870064755,0.000546287612742233,0.0026823472633328836,1.1005382220487225e-05,2.0866636465523154e-07
34,6.82586877486699e-08,1.1157749354489395e-06,0.0024864955982659837,0.0054627775600283235,0.0002901990061363165,0.14374213917483353,0.0001961687655831683,5.9920067417935874e-05,1.231518734040917e-06,0.0001328743373871389,0.0005609083824991917,2.6256857631850542e-08,1.5388585640767755e-06,0.0002860525133480651,0.5813960091442886,0.00012934773866837162,3.202873157121435e-06,3.347509176186261e-09,0.00017508482066279132,8.751335489267612e-05,0.26216556358569043,0.0002695392993501365,0.002535933054386476,1.6051097299335387e-05,2.3561081637307121e-07
35,2.858646035268272e-07,2.155953220684865e-06,0.0035167768330184495,0.008118227718036622,0.000345412937596069,0.147417604895004,0.0004589137015058482,0.0002166387853265231,2.3536654378938195e-06,0.0003987244153823699,0.0004408500862699473,1.0323811369485452e-07,3.0106191399348085e-06,0.00024506618931125244,0.36722658938021363,0.00043974448619152877,7.988239876639563e-06,1.925823997972718e-08,0.00034900938156460647,0.00015928302828838913,0.46816151657995686,0.0004696993450221136,0.002004680758357267,1.491537361762194e-05,4.2926670467517307e-07
36,3.1197444364923215e-08,7.334198119511414e-07,0.0013687987061305126,0.006637281659261905,0.00012889098870216083,0.27438791918935707,0.00040840728891734925,0.0001409020614169905,1.6976034427457927e-06,0.00015750146548016607,0.00026340905351881214,4.2575324900863056e-08,2.372042790357089e-06,0.00029578207000438567,0.5438511016260338,0.0003829097584781018,1.05937173471786e-05,3.591886300682985e-09,0.00015273951944768649,0.00013315319765290736,0.16829022759050796,0.000490683898107129,0.0028871134899861356,7.504653662144518e-06,1.9963528690506638e-07
37,4.582548555099727e-08,8.08964911313333e-07,0.002128651660345388,0.006207782690741589,0.00022768645224192856,0.18666436566733083,0.00023683508866955628,6.829206077749582e-05,9.781338911068939e-07,0.00013606613670475557,0.0003604937860455106,2.6703529886840767e-08,1.3670323266030105e-06,0.00026343326067887723,0.5159856085935003,0.0001747044845911982,3.6116093771523354e-06,3.536926516451168e-09,0.00013116886598393875,0.00010105671258024888,0.28471902703530666,0.0002374195868181629,0.0023394488067940418,1.0919144482867024e-05,1.981599584767052e-07
38,3.364345223735962e-08,5.309072707331164e-07,0.0016059313377292943,0.0051667140148366295,0.0001233635551311199,0.2820178240233514,0.00022144126988383572,7.070772998477135e-05,5.782283264962298e-07,0.00010917746290436007,0.00027039103101477216,2.2859657061940724e-08,1.3251937202302912e-06,0.00017428581772876517,0.4374038660252111,0.00023489099625053684,3.6930060508602557e-06,2.6870420048345717e-09,0.00013975405211150575,0.00010137885307204874,0.26995237312023274,0.00016088370238389563,0.0022331918016849236,7.528874540345634e-06,1.0980642837947097e-07
39,5.9369134443704634e-08,1.2384801334532553e-06,0.0028262010505191396,0.00674152448646028,0.0004010171492247125,0.14668407670216158,0.00019044752191088167,4.235705677759702e-05,1.476300510124866e-06,0.00014614859150348746,0.0007519070289032338,2.3301571926272765e-08,1.5190130602889938e-06,0.0003810572327803218,0.6407877222274059,0.00013600358524147276,2.8393856490355654e-06,3.279007934870488e-09,0.000119807169894879,7.186895937633883e-05,0.19856705730295798,0.0002213552419808411,0.0019025703607596083,2.152993742796435e-05,1.8926564650630977e-07
40,3.778286141866754e-08,1.214941147781433e-06,0.0036302321272307803,0.004290912895900386,0.00033625514750506457,0.19373091571262716,0.00018312947599317698,3.9495555396219135e-05,6.805476608857489e-07,0.00011118009592093095,0.00034050941247220696,3.359773793755005e-08,1.2090913424421844e-06,0.0003759531976679501,0.5326832487768062,8.738776484010623e-05,2.6937925298946555e-06,3.4456390738482315e-09,0.00014231007914558886,9.427189508131693e-05,0.26227409844298016,0.00029595711849248455,0.0013687546026203059,9.277561393657557e-06,2.3693900697964037e-07
41,4.9285964504357196e-08,1.5580226480971305e-06,0.002811059823477333,0.009262017007596011,0.0004427119645476587,0.31223670936842296,0.00020779882251557437,6.889461568908936e-05,2.534633635172076e-06,0.0001595769416679876,0.0003668380451148833,2.1305996561279167e-08,1.6987245712989343e-06,0.00028395929874436813,0.4939417512584051,0.0002392570862852754,4.20601997694423e-06,2.6530692172319167e-09,9.770663684993115e-05,8.13411205866598e-05,0.17756059684267173,0.0001435872222614724,0.002071046770791755,1.4908322406752143e-05,1.6820610360999982e-07
42,8.382663597652626e-08,1.2139579402182283e-06,0.0018634793336323246,0.010915238410746278,0.0004944916593579881,0.2489717326392089,0.00028912774748499775,3.502544273789771e-05,1.8451743794270552e-06,0.00012543071346156736,0.0006382933770487231,2.9410427278214454e-08,1.4977855433381119e-06,0.0005089663072831401,0.5127074727421721,0.00023029443190452864,4.086206619457456e-06,8.501763589797447e-09,6.965290196857636e-05,0.00010641010447335632,0.21737212318305882,9.958349145167822e-05,0.005540638130571039,2.2740678223835077e-05,5.338419050305804e-07
43,4.408620540263288e-08,1.2572007691522535e-06,0.00226672988431214,0.00734361111614593,0.00027983259448712146,0.19538204359449146,0.00019535043008136438,4.004788749103375e-05,4.730826505205332e-07,3.0307586692919757e-05,0.000838980231778281,8.363345047399048e-08,2.5631047008337195e-06,0.000433266744081361,0.5254647201317202,0.00012185321707057297,5.080224695927298e-06,6.498198764701853e-09,8.807818665388253e-05,4.9265800095861475e-05,0.26389504497680194,0.00015281483976355853,0.0033994170365290325,8.920435018474736e-06,2.0747611363702067e-07
44,4.765939476214696e-08,7.995040622356579e-07,0.002190080887889825,0.006407405038588832,0.00022936713913859853,0.18236910628133784,0.00023309930406822485,6.683538235754126e-05,9.667668597845342e-07,0.000137701037857687,0.000376313891818145,2.7069073628954434e-08,1.3624863030007622e-06,0.000270192785795344,0.5164013172677117,0.00017381531328864835,3.6460302192727573e-06,3.733315431406822e-09,0.00012837267417159813,0.00010160769957131625,0.28829267455879787,0.00023752947943139757,0.002365785929783331,1.1740526893606773e-05,2.0155227025742655e-07
45,2.6037685961226075e-08,4.037206136457027e-07,0.00171979994927732,0.004728195862484564,0.00012008151311840344,0.18309425502196347,0.00023363129582346163,8.688228244996974e-05,8.072373306744241e-07,0.00011094793527813484,0.00019342333980715726,1.105343618394714e-08,8.393867999795667e-07,0.00012728230096043007,0.6435189993284947,0.00017720129166233408,2.4629718816608834e-06,1.5058612811939764e-09,0.00010735550228600858,8.867327720249205e-05,0.16397817587410396,0.00020365636964204197,0.0014973487984240722,9.445009897860037e-06,9.31335141531582e-08
46,4.871284103536523e-08,6.388010718568006e-07,0.0020235111724465926,0.00829084586464138,0.00011314817455001474,0.24976897436422035,0.00017461808279062432,8.41052102710151e-05,7.693392380514077e-07,0.00011762171824987276,0.00039905348829979634,3.3893141799298915e-08,1.6578562118164825e-06,0.00020777482328146674,0.4361914413726569,0.00023633524817393852,7.433768475506036e-06,3.8736796670275875e-09,0.00010478446439564174,8.679253964284834e-05,0.2993572383604026,0.00021120437401359174,0.0026086987784576,1.3151722021580812e-05,1.1399682441021912e-07
47,8.447687988089727e-08,1.227631580250499e-06,0.0020903141342580034,0.0035238013370126964,0.00014805487859142607,0.16864612513712068,0.0003860521136346029,0.00011685171229349564,1.0774855890114845e-06,0.00023053312154089055,0.0002741761127255443,5.662748268618676e-08,1.7707121102350594e-06,0.0002126465546750047,0.47530031679247475,0.00019536517103749845,5.594304539576998e-06,6.101516254595078e-09,0.00030800747679853913,0.00014648515057468536,0.34617173070833274,0.000607275041648541,0.0016236097194410215,8.51228124426139e-06,3.2521689778314476e-07
48,3.1509765178102425e-08,9.981886302978872e-07,0.0014560923175599315,0.004120046283707923,7.408354867179982e-05,0.4562371525352639,0.0002055875855328456,0.00010035469409617742,8.559590067141129e-07,7.256466135056152e-05,0.00022036732520310401,3.2412438987161744e-08,2.2174204272547805e-06,0.0001210216557980918,0.362111248336025,0.00022564387550482931,8.00115131786212e-06,1.7521661111226913e-09,0.00016207274728327273,6.470517870396022e-05,0.17282940534924066,0.00017778858478820778,0.0018047050149133557,4.949037011848236e-06,7.28755921992595e-08
49,4.1710723755955064e-08,8.944997410550618e-07,0.0029754862483085402,0.005403013169116002,0.00021429551711310996,0.21420461927500734,0.00021246577796201984,6.363977551750016e-05,7.173409770606841e-07,0.0001369775943175272,0.0003260133579769677,3.7135089100386216e-08,1.4974820270993654e-06,0.00029637941951227116,0.4581879941468664,0.00014100110679292214,3.930741375797492e-06,4.073703029197413e-09,0.00015017009666658,0.00011781747130431777,0.31556648683610805,0.0003081257051774736,0.0016785609759308322,9.647066009194986e-06,1.8347667594154801e-07
50,5.568063524489551e-08,7.456285766162834e-07,0.0016159033689200151,0.0034824111186281376,0.000245792276459662,0.08539088843289915,0.0006173143483466598,9.383846507469359e-05,1.4452633467787303e-06,0.0003454965235299789,0.00019765235882915024,1.862863526905261e-08,9.038084468841469e-07,0.00026573290505576495,0.6355013301812162,0.00016262437678517147,1.9924964959028254e-06,4.651632695162638e-09,0.00020587542387293757,0.00016950396558456637,0.26938172822035716,0.0006036517030636887,0.0017054661341116934,9.032784965650734e-06,5.912545302093098e-07
51,4.7370352176427903e-08,7.099712687522632e-07,0.0019786141549511054,0.00569854921018892,0.00021153968692160934,0.18472132782377096,0.0002508503361820032,6.564941454535865e-05,8.640754664448166e-07,0.00013460088210472468,0.00034475796452968806,2.7268075265914844e-08,1.2847383982085915e-06,0.0002622884959116563,0.5106495157082792,0.00018142906181950152,3.501222594418967e-06,4.010239763809971e-09,0.00014075937909779963,0.00011578776490214033,0.2923767876797707,0.00023521920961315978,0.0026150232594899683,1.0633413785209096e-05,2.2789774118798997e-07
52,7.260195983317998e-08,5.482744314772437e-07,0.002921638299964148,0.010375357070696038,0.0002412936313002395,0.1905598733312415,0.00021637972909692622,7.30584913056499e-05,1.0286174799705714e-06,0.00023317029847109305,0.000562896940159687,2.7701358913504827e-08,1.5511581025022005e-06,0.0003169128237994521,0.5058731078419999,0.0003157557922347195,4.4348975875607124e-06,6.651415209671029e-09,0.00012127812504318651,0.00014723790318189599,0.285230596513744,0.0002308620375879556,0.0025473368191432956,2.5401323660135466e-05,1.7312503473688965e-07
53,4.8880091048376736e-08,8.332442435652982e-07,0.002335776791890789,0.006439530697068213,0.00023439706894597692,0.1854083292211392,0.0002171804664015316,6.503174862851216e-05,9.319464860873982e-07,0.00013853039276103175,0.00038945140950421767,2.8347662752336558e-08,1.39054804520167e-06,0.0002756721434578753,0.5031676747345762,0.00016970763174409923,3.7234105311483197e-06,3.775471541811703e-09,0.00013117324369033554,9.954377106666494e-05,0.2983845299058481,0.00023919368240431398,0.002285260286268645,1.1861602514710704e-05,1.950495581860125e-07
54,6.575128770816524e-08,1.5838212685637202e-06,0.0016221730072014742,0.0049714043067036785,0.00026195998567991955,0.20978048403608565,0.0004461144324753028,7.503276285263856e-05,1.5803573641775496e-06,0.00021682203506615043,0.0002878136996449324,4.2575909795004065e-08,1.5494939026399699e-06,0.0003242708665384693,0.5018052704866858,0.00024263066069366487,4.734406384198835e-06,5.61324788230149e-09,0.0001793218010711317,0.00010534332832436975,0.2772313432124701,0.0003057034027218738,0.0021257315973207467,8.578417855947612e-06,4.399412431265589e-07
55,9.259307558791537e-08,2.1936718090113286e-06,0.0021961528128504305,0.007047318906897434,0.00045205886293663895,0.17517544782403655,0.0004175431791921957,7.569011963201353e-05,1.732854272661948e-06,0.00014468552466479306,0.00047092128348870567,9.627228957241017e-08,2.3219069367690868e-06,0.0003857134644137868,0.4374666358279943,0.00021919231074395482,5.377580658116269e-06,1.0881548015362082e-08,0.00016094674596647552,0.00010635207565667682,0.37295427534397685,0.00026364945975250443,0.0024408352243461173,1.0249990420606173e-05,5.052824403825703e-07
56,5.0975005548186465e-08,9.172779454832047e-07,0.0023481730404550536,0.006599710101266036,0.00024348746929187754,0.19115767318907867,0.00023901198969467416,7.18615593642055e-05,1.031337795650667e-06,0.00013856968641913757,0.0004084254648779878,3.180524719689853e-08,1.6213576787438193e-06,0.0002895437881076408,0.5067980141007484,0.0001800790882911439,4.042919711971329e-06,4.105889829878197e-09,0.00013852720575916063,0.00010513145451156094,0.2886294521684086,0.0002519878952949558,0.002380557578885823,1.1888817987308268e-05,2.056222833848429e-07
57,4.3282821372270554e-08,7.95883364424486e-07,0.002702740659143539,0.0043857535391554105,0.00021468972981980344,0.17379777311347452,0.0002106146888147361,8.881029931156621e-05,5.853418149708166e-07,0.00012872561989912042,0.00031264175398103646,4.9462073588038115e-08,1.724896792677739e-06,0.00025461151813508114,0.41721461751694855,0.00015939695779439123,3.8038374912075223e-06,4.040034234120947e-09,0.0002634930747489412,0.00013573443559482818,0.39791439340970663,0.00039303589269776144,0.0018095561234026418,6.2362901272147315e-06,1.6863285166203403e-07
58,4.8203414429769117e-08,7.327947150868896e-07,0.002286489178806811,0.006537833291934283,0.00020828012157474369,0.1731265536027152,0.00021352700918969542,6.37937496407393e-05,9.642403351694376e-07,0.00013947734434993262,0.00039585608069779105,2.3946515120106122e-08,1.2701713190110798e-06,0.0002585323696592162,0.5474528956653676,0.00016476882929661373,3.590723089803925e-06,3.527672443826837e-09,0.00011757923518609496,9.815573206573373e-05,0.2664258809295599,0.0002360725524105462,0.0022529040253474945,1.4580106602347054e-05,1.865685341423395e-07
59,4.717919471980756e-08,7.083397744115109e-07,0.00234709869498337,0.006558873828197051,0.0002100664401339943,0.16508731123297915,0.00020456068436083762,6.116006167540592e-05,9.613355327893303e-07,0.00013979308202766895,0.00039390460131942165,2.220607307146181e-08,1.1764696017093823e-06,0.0002536255860767382,0.5578692487725088,0.0001579393721440411,3.4496313712833397e-06,3.375737755492093e-09,0.00011161474667224148,9.562889489515696e-05,0.26405467072445293,0.00023097372603408839,0.0022015230491670198,1.5454101185947555e-05,1.8386390043641093e-07
60,4.765939476214696e-08,7.995040622356579e-07,0.002190080887889825,0.006407405038588832,0.00022936713913859853,0.18236910628133784,0.00023309930406822485,6.683538235754126e-05,9.667668597845342e-07,0.000137701037857687,0.000376313891818145,2.7069073628954434e-08,1.3624863030007622e-06,0.000270192785795344,0.5164013172677117,0.00017381531328864835,3.6460302192727573e-06,3.733315431406822e-09,0.00012837267417159813,0.00010160769957131625,0.28829267455879787,0.00023752947943139757,0.002365785929783331,1.1740526893606773e-05,2.0155227025742655e-07
61,4.932210507850085e-08,7.383606760328849e-07,0.0025148956441578543,0.006687801094110209,0.0002200123456125934,0.17090041545832813,0.00020141805894829812,6.496776252447556e-05,9.252910726042056e-07,0.00013877032417753497,0.0003911996456425738,2.4204571707321718e-08,1.2487266410503718e-06,0.0002566451499481677,0.5358203141685012,0.00016025485135050585,3.5310913713508496e-06,3.578349663792818e-09,0.00011881510540922278,9.856507807885262e-05,0.2799763631527455,0.00023580029116219972,0.0021926125790928896,1.444825168309864e-05,1.8046373939003768e-07
62,4.765939476214696e-08,7.995040622356579e-07,0.002190080887889825,0.006407405038588832,0.00022936713913859853,0.18236910628133784,0.00023309930406822485,6.683538235754126e-05,9.667668597845342e-07,0.000137701037857687,0.000376313891818145,2.7069073628954434e-08,1.3624863030007622e-06,0.000270192785795344,0.5164013172677117,0.00017381531328864835,3.6460302192727573e-06,3.733315431406822e-09,0.00012837267417159813,0.00010160769957131625,0.28829267455879787,0.00023752947943139757,0.002365785929783331,1.1740526893606773e-05,2.0155227025742655e-07
63,4.8693313305280476e-08,8.605605140331719e-07,0.0021916996563415103,0.006277253346795814,0.00023229900365008142,0.18272648832391528,0.00023547150075614706,6.663319783459098e-05,1.0087759287861812e-06,0.00013713005839494026,0.0003788593483506339,2.7489400810730883e-08,1.382719210597114e-06,0.0002688733640448494,0.5206650343064637,0.00016967521450924057,3.6893079828462883e-06,3.6868606285175897e-09,0.0001288501353105699,9.780750150707715e-05,0.28385789462604627,0.00023949939517530112,0.0023076062039515486,1.1698245981374269e-05,2.0533775992760167e-07
64,4.504626187929007e-08,7.742654893955985e-07,0.0012869544504118808,0.005893807009948819,0.0002670343426459802,0.30661335534567313,0.0004698051229245675,4.9107607230022696e-05,3.924593215334837e-06,0.0001427338984394828,0.000496260208619086,2.156857872251251e-08,2.847333325341194e-06,0.0006802385402572503,0.6559014768739811,0.0005758102842600477,7.827165900069339e-06,5.338603683060834e-09,0.0001111496085310434,0.00013130757563612462,0.022944379795841532,0.00027833676953503033,0.004122824558449127,1.954424401631472e-05,4.284522250811526e-07
65,5.123459607529533e-08,8.277703005300778e-07,0.0021853438519941065,0.006588263333067226,0.00024211626495297068,0.18043219928508403,0.00024644698743348106,6.916593384271708e-05,1.0262531036484959e-06,0.0001450099915797473,0.0003883029085066221,2.9027641607963276e-08,1.4249583611638045e-06,0.0002823759766362083,0.5118838469772954,0.00018409140750320427,3.771876373824591e-06,4.122165158940412e-09,0.00013430690184366008,0.00010676970678741364,0.2943748742867519,0.0002453692284791777,0.0024721508312842886,1.2011560694312508e-05,2.193237215741274e-07
66,3.5161039494651137e-08,6.790274723923493e-07,0.0012620658550353237,0.004062683031839495,0.00012314205986130373,0.21788518964904735,0.0003047344228816909,7.81787868727382e-05,1.150985142513195e-06,7.9638387209283e-05,0.00022570933890094189,1.6233937215917795e-08,1.1585570572939956e-06,0.00016877327840129604,0.6160477512879271,0.00013689094893249757,3.5210265679818033e-06,2.051857804714695e-09,0.00012370275766360292,9.913107801988073e-05,0.15610133763958395,0.00020766581526525442,0.0030782889475581806,8.345966743923975e-06,2.0770518149149578e-07
67,9.556558141769529e-08,1.6707578466593698e-06,0.0035585258915421915,0.008748795634254887,0.0006322377601538972,0.11175271274487375,0.00027173434784410105,0.0001464418076577521,2.5273642438708436e-06,0.000203422862805467,0.00044168225994454635,2.9689269196249873e-08,1.6935201295901577e-06,0.00019772989423002984,0.5916951809920195,0.00024183257144512257,2.8674788610763176e-06,3.6238464836525704e-09,0.00019610277450809503,6.387114010898797e-05,0.2802396287482324,0.0002789265064372092,0.0013100811228969017,1.2038868749692455e-05,1.6607251727088495e-07
68,4.3305970466060425e-08,7.577447485483893e-07,0.0019939328529714846,0.005274184307670053,0.00020769371520206105,0.16634560867338927,0.00019193708235432848,5.397749116451324e-05,1.011822470761932e-06,0.00014673114401074613,0.00034032631091049934,1.7212720104995342e-08,9.286071120017925e-07,0.00021926561474180188,0.5965872903415417,0.00014833824237844487,3.029799911344481e-06,2.3103708405457545e-09,0.00011561807992832549,7.650287789211261e-05,0.2262737959392331,0.00023016931410590363,0.0017754326770410302,1.3234788692528693e-05,1.6974346785591693e-07
69,3.343106791537257e-08,5.084923034879189e-07,0.0018945144698125321,0.003983460062012854,0.00010266822441300477,0.2236844865568181,0.0001781565782424213,5.609726578671013e-05,3.710182449156465e-07,9.716203991299811e-05,0.0003419346763315454,3.365474678084872e-08,1.5319642443243027e-06,0.00024039607886199236,0.3850085947365134,0.00012038481983423936,3.822618737652714e-06,3.355636474990518e-09,0.00017963194607734434,0.00014695811303114796,0.38110567380895105,0.0002640851612574571,0.0025815839426949288,7.772030915495085e-06,1.349535511935405e-07
70,4.387497378907643e-08,7.322841401688343e-07,0.0022799803322601847,0.008305307740401776,0.0002509893569942839,0.2287989209629661,0.0002440813476810245,7.564906798720858e-05,1.1765985917533782e-06,0.0001501659995851071,0.00035693472744326323,2.6829583639811378e-08,1.537175016212349e-06,0.0003053385170883634,0.49113033729399974,0.00023263223428916205,4.3647680318883214e-06,4.0215073127701835e-09,0.0001153643059399367,0.00012493370822142246,0.26457970831948247,0.00021560111459661255,0.0028129138687195757,1.30600571581622e-05,1.9549334085915558e-07
71,6.044606221865492e-08,8.759033494896704e-07,0.0019040867754201696,0.0074556742424785345,0.00029363216518009123,0.16320238007472881,0.00027819505894645803,7.765143517454704e-05,1.3240163519561918e-06,0.00016886762330714094,0.0004259158595301722,3.231478517063606e-08,1.5505739100180721e-06,0.00030228570493670906,0.5110528728172117,0.00023237698106251761,3.95231916903752e-06,4.91655124234931e-09,0.0001375387388341784,0.00011738627793114704,0.3111594812681801,0.0002415844075417282,0.00292876202876144,1.3240814030695299e-05,2.672365646419705e-07
