,0,1,2,3,4,5,6,7,8,9,10,11,12,13,14,15,16,17,18,19,20,21,22,23,24
0,1.0193502266590393e-05,0.001909956284391385,0.0017576048888195365,0.007222210524764756,0.0015000371392517272,0.02603020487299431,0.001468851354483132,0.0006397753749938288,0.011562397529089443,0.00010968837546373679,0.07567453119655562,0.0007234766138378041,6.604931813803239e-06,0.00015228371558746037,0.0024707374131669874,0.0035267419890401236,0.018970731477312264,8.061369500997439e-05,0.05047585316629086,0.0001775968218121798,0.6781320288245033,0.044696820122275306,0.06038532976558269,0.011619711567480697,0.0006960188532123614
1,1.3925164652494297e-05,0.0022154824672854312,0.002837460004457325,0.006754815270074978,0.0012823993751020896,0.03022530220356744,0.001749512887623123,0.0007427751948172086,0.016616351870013646,0.00015177949555571576,0.05511650929374361,0.0008183849081100264,7.421846481477041e-06,0.0001118935484289506,0.0028069077740663804,0.005272772987545559,0.012161907022494426,8.298815862673887e-05,0.06961187236383587,0.00017481232203818263,0.6975847140148578,0.03808272613314355,0.04173544618940246,0.01319147445877426,0.000650365045301381
2,1.5317122019485183e-05,0.0028368799324894234,0.001943691737748425,0.006613592514640749,0.003235295240736827,0.026857811358801654,0.0023592281961371106,0.0007699970174975982,0.0146989876651433,0.00014835641312413266,0.08353462856678039,0.000843737782609744,8.337914855260995e-06,0.00021233759606591169,0.004949740641082566,0.004456889043433031,0.022635651374725334,9.930813379736653e-05,0.05121656962110752,0.00028860652864232697,0.638055732182822,0.048216697066272386,0.07452566705247397,0.010125845269532268,0.0013510940274613188
3,1.039796840180004e-05,0.001991363602809546,0.001853104042084332,0.008072205704943467,0.0014332652012684177,0.024939939938662524,0.0015773527753714868,0.0006194028002229948,0.010753037611676328,0.00012311675411768352,0.07394620548984417,0.0007525588121323276,6.147112227367354e-06,0.0001617765032794589,0.0022812248673315214,0.0032089409762353963,0.018046086058985042,8.35841275217578e-05,0.045669990049703506,0.00017424500624813388,0.6794815040311941,0.043911138869509946,0.06852312276243952,0.011626950160807274,0.0007533387729818436
4,9.969763370192266e-06,0.0018961887973011412,0.001659649480366388,0.00778401565398231,0.0013408425372206441,0.022472441809306517,0.001446738448136761,0.000527938153358496,0.010727019326007298,0.0001085379328619797,0.06825896772351307,0.0008375014639560954,7.393471910812569e-06,0.00015750845292711226,0.0021034932393297866,0.0028706756326444395,0.018962516700180277,7.958247352909735e-05,0.043826726808819286,0.00016938469313667397,0.6905249296077023,0.04546774905203951,0.06638029435629134,0.011630339534015424,0.0007495948880930854
5,1.034359517688221e-05,0.001789878715471703,0.0015838896882425884,0.010964329850370954,0.0010178923802921934,0.022203790314049975,0.0012973979465866357,0.0005070578869702672,0.009209089109355886,0.00013146772694167265,0.06582201652049814,0.0008124190707961248,6.054213289824478e-06,0.00018876958298581377,0.0016168666794145604,0.0026042220656508075,0.01951581517621483,0.00011716999171551372,0.03395254765918494,0.0001677111522337875,0.6945911740910997,0.04771356760893956,0.07124658201148143,0.012142066255706033,0.0007878807073299978
6,1.039796840180004e-05,0.001991363602809546,0.001853104042084332,0.008072205704943467,0.0014332652012684177,0.024939939938662524,0.0015773527753714868,0.0006194028002229948,0.010753037611676328,0.00012311675411768352,0.07394620548984417,0.0007525588121323276,6.147112227367354e-06,0.0001617765032794589,0.0022812248673315214,0.0032089409762353963,0.018046086058985042,8.35841275217578e-05,0.045669990049703506,0.00017424500624813388,0.6794815040311941,0.043911138869509946,0.06852312276243952,0.011626950160807274,0.0007533387729818436
7,3.399217253798656e-05,0.0030956003873033305,0.006559203993452578,0.0076963661046739835,0.0017523197462526352,0.04294910351470708,0.002476416333541787,0.000840095916159336,0.013816547518051317,0.0002451666852789158,0.0890607038873576,0.0007572559515497963,8.44107369041264e-06,0.00010796133455474574,0.0017277204898171437,0.002758304125125712,0.012012980799273532,9.892337114441604e-05,0.11244955664664259,0.00018133774359557056,0.5194453556892908,0.02633178480761537,0.12097555955489499,0.033883034245511,0.0007362679079774866
8,1.629545053718963e-05,0.0035682828189482828,0.004214693551770569,0.01636223898444796,0.0015828230118714276,0.02694200044542826,0.002673184508933789,0.0006381702359812501,0.008710727415827218,0.000266386095943605,0.06896162809866688,0.0009607379620707406,5.966732798238705e-06,0.00020545194682880703,0.0011748848583108054,0.002505817459162564,0.010442267202177785,6.399137583574507e-05,0.03837495558808831,0.00024091947872579441,0.5765421111498128,0.02077124304452637,0.19365164195356568,0.0202169006026753,0.0009066800270646982
9,7.597954294293297e-06,0.0020113759259762754,0.0027790082299869326,0.014279069033463307,0.0006862906376540626,0.01814240756754014,0.0016403262134431866,0.00036390890921636157,0.007737681768501505,0.00018649142240440076,0.03444038421061165,0.0009057095850575541,5.2621877179151645e-06,0.00012715722743481553,0.0009231276583041072,0.0023462359444199974,0.007989250843150357,5.5177223172879906e-05,0.02161648534560814,0.0001739894330698921,0.7664000763261986,0.020832324287908044,0.08346831816874109,0.01222266316845727,0.0006596807276674205
10,1.039796840180004e-05,0.001991363602809546,0.001853104042084332,0.008072205704943467,0.0014332652012684177,0.024939939938662524,0.0015773527753714868,0.0006194028002229948,0.010753037611676328,0.00012311675411768352,0.07394620548984417,0.0007525588121323276,6.147112227367354e-06,0.0001617765032794589,0.0022812248673315214,0.0032089409762353963,0.018046086058985042,8.35841275217578e-05,0.045669990049703506,0.00017424500624813388,0.6794815040311941,0.043911138869509946,0.06852312276243952,0.011626950160807274,0.0007533387729818436
11,1.0478727725926286e-05,0.0019881593045248122,0.0018219436428987012,0.008033745218467576,0.001437667291331027,0.023798501254818683,0.0015551933569066935,0.0005916385458032508,0.01078208580541051,0.00011958792455627859,0.07193082619851651,0.0008081955844672331,7.11769589683315e-06,0.00016009877769981068,0.0021629607809208,0.0031047919320333467,0.018487129198821724,8.100914297654946e-05,0.045656418984978714,0.00018193801900127254,0.6810463460128501,0.043451651051965856,0.06989297887382029,0.012144402180150008,0.0007451344934572975
12,9.597901083927195e-06,0.0025118919300339397,0.0006967685098632883,0.007924644466826662,0.002273021698881686,0.02800960905276323,0.000811161037400407,0.00018253548649590845,0.007120884065855189,0.0001438576834941478,0.03702937474914818,0.0003334156321325758,5.625609641793339e-06,0.0003675871953335993,0.001260230977945863,0.00142684747842376,0.05056142752540924,0.00013361859652189718,0.016358609826476075,0.00024005389397256378,0.7007369161327924,0.03506308744581701,0.09952324953204715,0.005547196384249521,0.0017287871873899506
13,3.8490757101838005e-06,0.0011128932092962756,0.0010542059729520227,0.009001766998778197,0.0010449562544552057,0.012560381467696204,0.0014998761517995354,0.0008638598191467087,0.006083387434134309,4.897992293366905e-05,0.18412081120386542,0.0011958575921265822,4.1689172978788775e-06,0.00024529876805858437,0.002057077468898573,0.001912157408409463,0.013681332856880122,4.6451640327639354e-05,0.029003179600424606,0.00010750881521670768,0.5581299581642194,0.06276922897299757,0.10361595615414135,0.0093801334313095,0.0004567226989242057
14,1.2652816642085847e-05,0.0035406863953114367,0.0015444491647188137,0.008875833531816708,0.002204170445281352,0.02557282812117207,0.0021881126918151523,0.0007561367328328858,0.010327758213867617,0.0001840075020752976,0.09837074093116219,0.0007714718343323454,5.2858133786168106e-06,0.00025780287680814574,0.0023611528974404644,0.003420387283372434,0.01897593171062133,8.913745608406412e-05,0.05994016857651924,0.0002156876399983679,0.6137957478145897,0.04482401956481368,0.08831833335558503,0.012622361535757977,0.0008251350940028782
15,1.039796840180004e-05,0.001991363602809546,0.001853104042084332,0.008072205704943467,0.0014332652012684177,0.024939939938662524,0.0015773527753714868,0.0006194028002229948,0.010753037611676328,0.00012311675411768352,0.07394620548984417,0.0007525588121323276,6.147112227367354e-06,0.0001617765032794589,0.0022812248673315214,0.0032089409762353963,0.018046086058985042,8.35841275217578e-05,0.045669990049703506,0.00017424500624813388,0.6794815040311941,0.043911138869509946,0.06852312276243952,0.011626950160807274,0.0007533387729818436
16,4.685978712140173e-06,0.0012794910644231916,0.0008003262342362104,0.005178138822847332,0.0006990284408615387,0.00994674138091373,0.0013240491367587932,0.0004681798739473759,0.005528439837435117,0.00011711389783312481,0.03440560705203513,0.0008242926563409124,4.0855244270802054e-06,0.0001301173342194478,0.0016705586603912724,0.0023064670029231582,0.01251057064784949,5.9499305054661816e-05,0.029137803861537873,0.00011802633277631949,0.7972264321211128,0.05041393222057626,0.04021274551403417,0.00505129628593407,0.0005823708128190843
17,4.338102173694361e-06,0.0012220247499463016,0.0007009741434728203,0.00843162583433821,0.0012439747566443974,0.011413613388708872,0.0011414951043921704,0.0004557180202409126,0.004817530527673474,8.109236808885242e-05,0.06907730814017363,0.0008416024268918784,6.416263385827387e-06,0.00024196372110279733,0.0013829894932342974,0.0017882022737240619,0.02990911307901184,6.171954865496054e-05,0.019601355436369337,0.00019435484511920562,0.6674977814510444,0.05909296281293301,0.11323404443677637,0.006804737957639726,0.0007530611182588353
18,7.259307378548939e-06,0.0013621473678987676,0.0007797994325232398,0.00573300423444633,0.0013640920619375314,0.015097281002074369,0.0010790791763066417,0.0002462003488425635,0.006146918717578698,0.00011803104327844232,0.03523647458102239,0.0005581404419610235,6.005532140307538e-06,0.00018359709872924296,0.0017352661316549054,0.001556303998218393,0.031868484319710795,0.0001106457940999503,0.018201788593481833,0.0001748249579269208,0.7519047868884213,0.049028625495538665,0.07086579058176025,0.005254010261757082,0.0013814426313119453
19,6.3388931612832195e-06,0.0016668134554155363,0.0017373761078154487,0.008919561102868965,0.0008949191764403413,0.01208836595116208,0.0021775868050835146,0.0005804492652753855,0.00960059862070856,0.00010923693666397794,0.04841080192940929,0.0012867164373621782,5.909689948896357e-06,0.00012506425908009606,0.0019896212039202253,0.0028596958957532266,0.011058649574936274,5.5243356446437056e-05,0.029779642669664246,0.00012451372071889622,0.7569269951092159,0.04832963185703885,0.05287043633389613,0.007738424144792327,0.000657407503221848
20,6.1220748724569765e-06,0.001243118913764657,0.001553471051167911,0.007087589067196574,0.0008505556972612505,0.0147813230856507,0.001697150582543058,0.001191614924571739,0.00864689759842708,8.828835810931592e-05,0.08434904349512332,0.0010235041829566058,4.525018669538677e-06,0.00014369880586824002,0.0042468325987016385,0.003782356878744347,0.01470969766025369,7.473999668372785e-05,0.04364684265355778,0.0001234306267108178,0.6778280090528918,0.08414873115649728,0.04160346454260999,0.006568498954614579,0.0006004930225520003
21,9.413386751551169e-06,0.0023103943657430278,0.0017320546049570194,0.011102627297666263,0.0009971992619048759,0.021176477954254022,0.0016830682194838732,0.000724700709922434,0.013278911228646072,0.00015177727792049211,0.05820933001733778,0.0011942179956213354,6.477013767025862e-06,0.00021865832345380602,0.001975336521455543,0.005123191458788596,0.010357452625085273,8.728691465322445e-05,0.04109604657437962,0.00017977301340470298,0.7272196121110691,0.0431563711258081,0.04617496616800736,0.011238417747050129,0.0005962380828686505
22,1.4056567275314278e-05,0.0013393145638911348,0.0017010237902029223,0.006677804382285243,0.0013758673565432327,0.03233942185340562,0.0008638362008540799,0.0005147455005624957,0.009717497487524124,0.00010819267420878838,0.08382381970302658,0.00041156790350387176,5.821907864597668e-06,0.000133650167832587,0.002399586476403335,0.0028148601973914645,0.03512470965803193,0.00017394994005050642,0.041835147208335324,0.0001754130061097658,0.6471925799375001,0.05902447883400674,0.05880893565739678,0.012596515811053302,0.0008272032147402333
23,1.039796840180004e-05,0.001991363602809546,0.001853104042084332,0.008072205704943467,0.0014332652012684177,0.024939939938662524,0.0015773527753714868,0.0006194028002229948,0.010753037611676328,0.00012311675411768352,0.07394620548984417,0.0007525588121323276,6.147112227367354e-06,0.0001617765032794589,0.0022812248673315214,0.0032089409762353963,0.018046086058985042,8.35841275217578e-05,0.045669990049703506,0.00017424500624813388,0.6794815040311941,0.043911138869509946,0.06852312276243952,0.011626950160807274,0.0007533387729818436
24,1.1813324427758464e-05,0.0030439506590744765,0.0014959580743914513,0.012170275358371225,0.0014235869418034685,0.02532228707641621,0.0014396345594195896,0.0006339333062388736,0.009827001523236852,0.0001703797532211025,0.07330331881897682,0.0008398524832937741,6.652132156518209e-06,0.0002767319712461985,0.001599365198324678,0.0033223558770497205,0.021753085928001736,9.871083942420505e-05,0.046981121525929495,0.0002405358809041766,0.6486154403000535,0.0452631331322646,0.08796664694496963,0.013441498520914915,0.0007527298698888447
25,1.597967813970554e-05,0.0022991722956039926,0.002127814189548938,0.005292586379857412,0.0014343086665551898,0.02788881772210369,0.0012229019541668594,0.00023613314321154727,0.014509395924507321,0.00013931230987379554,0.029487477078499715,0.0006090665453212723,8.653758299446176e-06,9.281067269745876e-05,0.0024309581897495555,0.0025251792819959186,0.020106353027961106,9.742268185321765e-05,0.04238244106218928,0.00017984357884313988,0.7548080850823791,0.03284751309666403,0.0477742314838933,0.010159387770827923,0.0013241544252572408
26,2.5958309943615798e-05,0.001974696059226439,0.0028068459309555744,0.007832512972350771,0.0016625352573176192,0.044775923010321315,0.000735770022225311,0.0002711104172392367,0.013229968552340841,0.00010691050320845684,0.08043951365958532,0.0004393942959248302,1.1560971769071619e-05,9.274235687161088e-05,0.0007694920319754132,0.0020906095031463325,0.02743484861693293,0.0001214652853371204,0.06200946182959468,0.00023578460254754718,0.5745040850198415,0.023228532059758642,0.10868293113551755,0.045959282082609305,0.0005580655134590371
27,8.593911395541382e-06,0.001574701937541462,0.0015234823288038696,0.007496750560688281,0.0011180680435490709,0.0217647164531412,0.0013434654927673207,0.00074329422010196,0.010582740654915388,9.758136170781534e-05,0.08131885754499288,0.0007973120184679676,5.827123067177102e-06,0.0001552205750734127,0.0027656381804821604,0.003639795538093057,0.01924403152417807,8.836054269068247e-05,0.048330503314248,0.0001540514323926376,0.6718193975100177,0.06335610295416252,0.051148344895287655,0.010293826532467264,0.0006293353497669947
28,1.039796840180004e-05,0.001991363602809546,0.001853104042084332,0.008072205704943467,0.0014332652012684177,0.024939939938662524,0.0015773527753714868,0.0006194028002229948,0.010753037611676328,0.00012311675411768352,0.07394620548984417,0.0007525588121323276,6.147112227367354e-06,0.0001617765032794589,0.0022812248673315214,0.0032089409762353963,0.018046086058985042,8.35841275217578e-05,0.045669990049703506,0.00017424500624813388,0.6794815040311941,0.043911138869509946,0.06852312276243952,0.011626950160807274,0.0007533387729818436
29,1.039796840180004e-05,0.001991363602809546,0.001853104042084332,0.008072205704943467,0.0014332652012684177,0.024939939938662524,0.0015773527753714868,0.0006194028002229948,0.010753037611676328,0.00012311675411768352,0.07394620548984417,0.0007525588121323276,6.147112227367354e-06,0.0001617765032794589,0.0022812248673315214,0.0032089409762353963,0.018046086058985042,8.35841275217578e-05,0.045669990049703506,0.00017424500624813388,0.6794815040311941,0.043911138869509946,0.06852312276243952,0.011626950160807274,0.0007533387729818436
30,1.039796840180004e-05,0.001991363602809546,0.001853104042084332,0.008072205704943467,0.0014332652012684177,0.024939939938662524,0.0015773527753714868,0.0006194028002229948,0.010753037611676328,0.00012311675411768352,0.07394620548984417,0.0007525588121323276,6.147112227367354e-06,0.0001617765032794589,0.0022812248673315214,0.0032089409762353963,0.018046086058985042,8.35841275217578e-05,0.045669990049703506,0.00017424500624813388,0.6794815040311941,0.043911138869509946,0.06852312276243952,0.011626950160807274,0.0007533387729818436
31,2.0812917733651067e-05,0.0030744987029733125,0.0038013647804820776,0.010547200244035975,0.0014051540781119527,0.027104894351250484,0.0024408217286895307,0.001328728396264263,0.009920315930454058,0.00026398034164840215,0.07484002005484573,0.0007839248240257022,5.353873950061107e-06,0.00017203244114429698,0.0019858285725943433,0.0030167591457379867,0.014552493973449512,0.00010885981603663674,0.07326525856932543,0.000194445261172062,0.6154208749633671,0.03907185431238769,0.10085847313607886,0.01505467666598723,0.0007613729182536928
32,1.145361269940784e-05,0.0021081976928159865,0.0018402133270247333,0.0073268981124028285,0.0013846795119528464,0.025648865504482306,0.0015412321366944544,0.0006558033198384091,0.011032830961676803,0.00012530031134566993,0.07516810795125656,0.000759868175368815,6.258086280017281e-06,0.0001577383553506678,0.0023239332588386825,0.003207690810120943,0.01792088951135279,8.530366730341782e-05,0.05690290630515912,0.0001656005234282853,0.6681646018768762,0.04620805618129578,0.06420593623203835,0.012340741551281365,0.0007068930231154824
33,2.9396518358658937e-06,0.0010085477755481691,0.0004799116178184048,0.009823386194676887,0.0009362890482136575,0.02220556437470926,0.0006303153385946859,0.0009401233794536998,0.0026124418596383415,0.00010757306594726034,0.13160721800571473,0.00043652984929872017,6.702843084396562e-06,0.00035633693693300206,0.00055193148151918,0.003099924783024035,0.045343090719837685,5.1598888018132447e-05,0.04483475303504443,0.0002531868409679015,0.5075518744298064,0.06261079331225598,0.1497972288884271,0.014540618360090503,0.0002111193195414918
34,2.7010170996441067e-05,0.003151460750871711,0.002850951511886588,0.004681820172683687,0.0016019275336344298,0.03307230077729313,0.0014560096157483608,0.0006305068500903608,0.026109040941601307,8.043917277686761e-05,0.08339132384561486,0.000865058314144136,8.422041804394634e-06,9.408208201099382e-05,0.003101526132738891,0.0031155706188205007,0.01411044460151801,9.33242864921417e-05,0.14196671434435362,0.00011347125600538905,0.5805685917076022,0.04280872139634793,0.03560047039729173,0.019916654197459117,0.0005841572802131068
35,3.8358719533686466e-05,0.0019865293116757203,0.003121366855452581,0.00894952095961122,0.0006893563319716285,0.013627188567052853,0.002131061889029709,0.0009778581169732705,0.021609082785407126,0.00014905343053390024,0.037539200628615134,0.0011738983289309318,4.871563869169504e-06,7.771785567779178e-05,0.0016795615851430967,0.002316097861325815,0.011023388497934867,0.00033038240858073695,0.05879635899356931,7.494365501208533e-05,0.7339661499191865,0.062475123043719015,0.023883177189124097,0.012675613245103369,0.0007041382569662886
36,8.3127786794386e-06,0.0015371793615784697,0.0013279488002710855,0.006999926291665797,0.0008583260611795985,0.011412117017648485,0.002043550364089503,0.0018246544173664942,0.013664894238252017,8.424881112619351e-05,0.07147653322564093,0.0023485913147549466,9.968859421030901e-06,0.00014592241869043894,0.005300361358779053,0.007006676070283761,0.016520942957344204,7.189204843956832e-05,0.0817323742768318,0.00014513539484744658,0.6008083246677495,0.13501092393951503,0.0315520215703296,0.007533543452489963,0.0005756303030257923
37,1.232235518582456e-05,0.002150862375254655,0.0020526584249253546,0.008764971385175409,0.0013863464030817577,0.02464579519830778,0.0016243530480205247,0.0005937609549241223,0.010591185768423383,0.00014017147128496033,0.07346608426950255,0.0007612673635153461,6.150844266957154e-06,0.00015639265826102267,0.001906759408544023,0.00291678565727755,0.017608075003125247,9.286870054097807e-05,0.04736162633960726,0.0001769078938132512,0.6697141152178296,0.042126434704021255,0.07701647649743072,0.013979108652880313,0.0007485194048001249
38,2.9223012043321897e-05,0.003468743308286482,0.0045161928229020985,0.005580354974605769,0.002721306755945334,0.06823477197918539,0.0028206265408354998,0.0006708630173773741,0.02300561342776971,0.0002039074673062634,0.08517630447378564,0.0006947743568737756,7.608943922627399e-06,0.0001477735705563826,0.004857169947652181,0.005471405950251473,0.011152156808346601,0.00010034795408063374,0.11142596126289785,0.00015334162718512096,0.5660047054244149,0.028642417699363133,0.05469946806805431,0.019065677903616202,0.0011492827027417877
39,2.4036611494155426e-05,0.018117493258408682,0.0012093226147735132,0.022603930003655605,0.004575728212076346,0.011499129600309773,0.004260491900738691,0.0004272184654344956,0.018187755293236123,0.0002038707531306846,0.16106777790155666,0.002231140761618854,4.078420579850554e-06,0.0009837511908325014,0.00244990456840734,0.0019330232284638605,0.014719247036572645,0.00010991791860710804,0.03427027196551445,0.00031716146494695387,0.3959471830957031,0.05886098291521384,0.22846598293372508,0.015476445660829776,0.0020541542241698666
40,1.3407246428763143e-05,0.002449575066687605,0.0029777271756637764,0.005528463530700428,0.0016562162108782548,0.02548911730633453,0.002352198863866702,0.00047827882423016925,0.01813554134711204,0.00010059118834431219,0.06425972544716278,0.0011535575550659432,7.504184982523576e-06,0.00013325410579255857,0.004883860614858575,0.002783535812360648,0.012031385770312715,6.879333244782559e-05,0.051856596972279394,0.00011818960828287019,0.6941875397754989,0.046720489166519566,0.05199816532372051,0.009370491683828298,0.0012457938866402398
41,2.9620958830962298e-05,0.0034918590588617912,0.004444145099675152,0.007744997893785364,0.006755055067659498,0.043777267907570215,0.00357820304973425,0.000817608784338486,0.045706151493301726,9.53898330384204e-05,0.10383767673492623,0.0010356208456701657,1.4268809172248947e-05,0.00015104427125042726,0.008233160064800626,0.008613646931378961,0.017763989257938626,0.00010513100058342844,0.05120286336262183,0.00028301700617443595,0.5949872975240847,0.031558572924132694,0.049661160078609795,0.01456002954963104,0.0015522224922288916
42,3.400131427862033e-05,0.008453089389180725,0.002484681883143307,0.012529974184102129,0.012076852510866471,0.04067862260906705,0.0034003778474222092,0.00014501042850165852,0.019863660984394335,0.00016153814504175456,0.09953373182168604,0.00048058621718625566,5.181007994791817e-06,0.0005120689110510664,0.0017064394457785175,0.0010335272955037573,0.021317709726720695,0.0001247340616830181,0.013961573316111172,0.0002708273274368076,0.45695269284106643,0.012525545199695301,0.2736768762069792,0.014386862347165675,0.0036838349779427927
43,8.442192322090218e-06,0.00164698828329276,0.0016080457636076938,0.007046157876660457,0.0011618654927369027,0.024076091439894327,0.0013327208148493088,0.0005748919466758815,0.008491069844460714,0.00013635742538433516,0.058932921780326525,0.0006067589260382398,5.592874571131821e-06,0.0001469520339704005,0.001897693503577279,0.003053691350323823,0.01791499328706556,8.060747032427246e-05,0.04214819527433549,0.0001707552153773341,0.7153564720554852,0.04159910459589667,0.06125188876310526,0.010093711028299705,0.0006580307614185941
44,1.039796840180004e-05,0.001991363602809546,0.001853104042084332,0.008072205704943467,0.0014332652012684177,0.024939939938662524,0.0015773527753714868,0.0006194028002229948,0.010753037611676328,0.00012311675411768352,0.07394620548984417,0.0007525588121323276,6.147112227367354e-06,0.0001617765032794589,0.0022812248673315214,0.0032089409762353963,0.018046086058985042,8.35841275217578e-05,0.045669990049703506,0.00017424500624813388,0.6794815040311941,0.043911138869509946,0.06852312276243952,0.011626950160807274,0.0007533387729818436
45,1.2207757396971919e-05,0.0015222537871284229,0.0036771386920206885,0.008386587636593598,0.001665169726161033,0.035710992605949066,0.00281554397914629,0.0024582469257127845,0.017608945147946295,0.00010515040556876571,0.16384310255392498,0.0010425016580517866,6.772950536457302e-06,0.00013051401644091504,0.008411425559634415,0.010499437859102187,0.012581236715637998,8.727355341096063e-05,0.08721699363997751,0.00016385492907432565,0.5218451799840946,0.06661623279701884,0.03936821205597938,0.013632822428008754,0.0005922026354828954
46,3.313801830611068e-06,0.0005403355422339263,0.0005973973982860242,0.006954793270482815,0.0004951831482977762,0.020102271538178666,0.0002875279194055511,0.00033969857156032016,0.0031600083670968913,5.4322590789402824e-05,0.05452347117639813,0.00033795422025536783,7.819014136338619e-06,0.00011016399625977368,0.0008618709563533858,0.0018944459355830438,0.06629027312339417,6.652796000073485e-05,0.0275610578948388,0.00017985998091287741,0.6674362420614839,0.06844826550371302,0.0700994837574198,0.009279683805089858,0.0003680284659989594
47,1.1996312362983188e-05,0.001588264876287283,0.001459608985278143,0.004886057680177598,0.0009467749453680161,0.014399548203415047,0.001260166540128655,0.0003792861086554489,0.012555734126543202,0.00010167972436240369,0.03184171799753683,0.0011027313644372927,1.0124072842903179e-05,7.760412638545944e-05,0.0022890576824131795,0.003581024852396078,0.01821124983876623,7.647102601589595e-05,0.05261091402446478,0.0001518686326353955,0.7454698762940116,0.058484092038051966,0.037365682416732826,0.010362453311927361,0.0007760148188034909
48,1.1042269184458813e-05,0.003557968892008054,0.0011452479853795695,0.005520792001736807,0.0009657291304042517,0.03362271878642968,0.0009885762917708275,0.0006567730264035031,0.0064827929522700695,0.00017324143911550443,0.08858217574170398,0.00047950710973354127,4.964557982930409e-06,0.00017021825822467195,0.0009450519763127912,0.0022949355626027588,0.020396685670804326,5.232686081894116e-05,0.19564924907186979,0.00013930636597795759,0.49058259170630575,0.043249532624578924,0.08243219605333785,0.021599287443869655,0.00029708822117331164
49,8.459641957928296e-06,0.001580813464115293,0.0020249861578813953,0.008890353749120714,0.0009049655758534859,0.02207053710126445,0.0013272679010909452,0.0004958653690975491,0.008965961210406296,0.00012104671661589911,0.05851946349667162,0.0008284531118139909,6.1877704648185395e-06,0.0001436311794168767,0.0017698825012999776,0.0025688402379855585,0.015056722711699224,7.68458653701276e-05,0.035151206080155706,0.0001534215020193964,0.7154287932049351,0.04176234947134465,0.07008826720323365,0.011339836725032264,0.0007158420511530831
50,9.121217119935657e-06,0.0025617907867437435,0.0019071919374269136,0.0070418105898493915,0.001765159293947135,0.015771660178706928,0.0051412443645125015,0.001188140356640403,0.005364676928025547,0.0003858528677324335,0.05783435552887177,0.0010766581548266952,4.719414147435478e-06,0.00024223352804280044,0.0028328591582194016,0.002929619346253612,0.011895109655955175,6.50108506584037e-05,0.04952805813647658,0.00017719862863921907,0.6526937181629694,0.048218460083549734,0.1233188607393551,0.006829439106410636,0.0012170509849190579
51,9.668559174956655e-06,0.0015652521490997847,0.001888224180263237,0.006777162120506968,0.001691763561039576,0.02753674495831413,0.001572566077061932,0.0005592672676927164,0.010499176530601513,0.00011606582303443399,0.0723155273247486,0.0006637898688406754,7.193361753951932e-06,0.00013858578667815848,0.002304517479779734,0.0035384206042430597,0.01862277853974525,7.718129410223182e-05,0.04168313163659495,0.00018833351046266124,0.6871037838387444,0.03715156692778228,0.07113784420034643,0.01208406101526478,0.0007673933841235809
52,3.203235492814368e-05,0.0010120031326381882,0.0026912665096259286,0.005115021784929191,0.002426865540157656,0.1604881608248462,0.0008455302255204456,0.0010040016714178048,0.02125149184257028,0.00015477521873849567,0.18595525557804612,0.00019230380410929494,5.096797901681611e-06,0.0002838275256265871,0.009485992581421897,0.007662401723107055,0.03548722440089686,0.000840938030484672,0.05973178880545061,0.00017050394695247424,0.39300141712118225,0.06875960450938491,0.02830776985010532,0.013679223928339137,0.0014155022916185593
53,5.973048975616333e-06,0.001685544379150099,0.001938882726910376,0.008503586297151923,0.00216009736621055,0.013737643061538388,0.004855240926636,0.000973106660889857,0.008944370615475417,0.00013101187987110474,0.09933172100099323,0.0013824077249453897,5.455958346846497e-06,0.00017996101251425696,0.0035084845405873636,0.003670957715322018,0.009850045199276602,4.835901069742093e-05,0.029037130730899408,0.00016240221229679873,0.6633320620574766,0.04267275141172305,0.09480900835305707,0.00815838356116161,0.000915412547892794
54,2.1849203605192487e-05,0.005868616562777187,0.002270079327227473,0.00893599471602593,0.002501232494746531,0.03134416529351802,0.002839829809478642,0.0005510285078830271,0.01787838991345344,0.0002692248649730828,0.050103741235589805,0.0012241447545348037,7.307362760911591e-06,0.0003292379152759454,0.00567446472717115,0.004263213092666823,0.01775776026027643,0.00011186983468780127,0.05707219446890459,0.00024278475585245895,0.6534791356242171,0.0520383409264391,0.07457699709721866,0.008124708730597549,0.002513688520118349
55,1.1572630949868014e-05,0.002021446915124701,0.001966042932013617,0.008274161756622203,0.0013210044837735037,0.02301505901732848,0.0016301678506847265,0.0005699191630192793,0.013432241231145153,0.00011051713397008622,0.06579786855786551,0.0009253656473471385,7.078505068045235e-06,0.00014319023479429738,0.0022602191850611226,0.003261979243479488,0.01586160134037391,8.78448559183304e-05,0.04601396395468545,0.00015900623330232635,0.7001009159511674,0.04339862338837943,0.056627993263685936,0.012247660828285207,0.0007545556959547016
56,1.0451001930345542e-05,0.0019316593404163414,0.001803585625694575,0.007816534779564305,0.0013879340047052143,0.023911703240447158,0.0015471422289772634,0.000593340880061157,0.010781314733620794,0.00011889556922750772,0.07106749628274515,0.0008113496399044963,7.031632237415832e-06,0.00015773240788122587,0.002210463764580377,0.0030967714734192625,0.01832418918845734,8.207992306823167e-05,0.046781744659973555,0.0001738399320499229,0.682344339027199,0.04473919893726239,0.06760588659187197,0.011947570019003614,0.0007477451157011136
57,7.799993497154491e-06,0.0016430120679152267,0.001281604520136443,0.006209630429970652,0.0009416984204065462,0.013496587574624406,0.0013721598873584213,0.0005907159738329485,0.009755303554552458,0.00011222880773897783,0.041081321585931065,0.0012193135383059587,1.0144154747415048e-05,0.0001137365584050197,0.002078765595925849,0.003598675176497079,0.019288127045632396,6.115929638558205e-05,0.052442403317791854,0.0001959591695055287,0.7231789236030214,0.060538895548968664,0.050831401094522166,0.009308112224306943,0.0006423208600199006
58,1.1984912572776161e-05,0.0019233705995825104,0.001973707509356854,0.008023276379686651,0.0013516242807509885,0.025837681978669008,0.0014997345789219527,0.0005704629884784035,0.011617959071236349,0.00011219963879920963,0.0806755226456641,0.0008464677500408915,7.530576442933979e-06,0.00014070228006808928,0.001828960772041704,0.0031052587151318735,0.016473207049901423,8.239136195640912e-05,0.055065957505034145,0.00016692441058191787,0.6594361232622814,0.04016102584689246,0.07144978517667254,0.017005262921536476,0.0006328777876989673
59,1.1114578304478031e-05,0.0018043531650042844,0.0022353424763920044,0.008228264186819718,0.0012626429093291706,0.025633166316642936,0.0015003546952222543,0.0005815061010353659,0.01118861247768322,0.00011500016369551053,0.07773551571698493,0.0007880799283254111,6.691555666360103e-06,0.00012882203607301465,0.0018717577879710057,0.0031678696449705204,0.014950851855202993,7.789354308417416e-05,0.0492120926201554,0.00016915954471752757,0.6745202978423581,0.03782944430310599,0.07017159992847136,0.016196577343515595,0.0006129892792686141
60,1.039796840180004e-05,0.001991363602809546,0.001853104042084332,0.008072205704943467,0.0014332652012684177,0.024939939938662524,0.0015773527753714868,0.0006194028002229948,0.010753037611676328,0.00012311675411768352,0.07394620548984417,0.0007525588121323276,6.147112227367354e-06,0.0001617765032794589,0.0022812248673315214,0.0032089409762353963,0.018046086058985042,8.35841275217578e-05,0.045669990049703506,0.00017424500624813388,0.6794815040311941,0.043911138869509946,0.06852312276243952,0.011626950160807274,0.0007533387729818436
61,1.1509062267460034e-05,0.001881905852882627,0.0022183209553715685,0.008108978036086864,0.001319875202566445,0.024897669358946304,0.0015948936890656021,0.0006024344053941426,0.011232743799002513,0.00011819808111140821,0.0775543629178404,0.0008201120704695006,6.906282996262721e-06,0.00013385438195226467,0.0019686175824758304,0.0030909126110106678,0.015255579227405358,8.011090144536397e-05,0.04997399693770443,0.00016930480439927148,0.6729033676044247,0.03911798077973525,0.070714436820055,0.015573862293929716,0.00065006634146092
62,1.039796840180004e-05,0.001991363602809546,0.001853104042084332,0.008072205704943467,0.0014332652012684177,0.024939939938662524,0.0015773527753714868,0.0006194028002229948,0.010753037611676328,0.00012311675411768352,0.07394620548984417,0.0007525588121323276,6.147112227367354e-06,0.0001617765032794589,0.0022812248673315214,0.0032089409762353963,0.018046086058985042,8.35841275217578e-05,0.045669990049703506,0.00017424500624813388,0.6794815040311941,0.043911138869509946,0.06852312276243952,0.011626950160807274,0.0007533387729818436
63,1.110790290473249e-05,0.002444825120974348,0.0018090799169727693,0.0080855068941581,0.0014662371284327434,0.024125308398577343,0.0015567833687529608,0.0005725106856030792,0.01071760999909718,0.00013130969660847235,0.0702160906473085,0.0007679171322489465,6.111991859307478e-06,0.00017182211671304954,0.0022259362832694955,0.0029540846288949353,0.018280428581074003,7.971779056143485e-05,0.04877867615709361,0.00018089850412065245,0.6788205475294842,0.04338305206154061,0.07094341650322575,0.011487907246519526,0.0007831137140044978
64,3.712967274218431e-05,0.004638384333200715,0.0037917693690628904,0.012349177191902289,0.004517732238317042,0.050809682583115835,0.0032537108060846135,0.0018988293455017558,0.02471628537257746,0.00013523044977307416,0.3060013323873171,0.0008217310794159117,5.31173264796802e-06,0.00025915316004999586,0.006114251763139214,0.007162705910921109,0.01985720022150527,0.00013705873929799952,0.11515777726455874,0.00021705345120860315,0.25521018186816485,0.0532331245164462,0.10347188990900044,0.025211584661131284,0.0009917119729173714
65,5.086711078840494e-06,0.0015613949086970697,0.0016285398207900499,0.008222417431637393,0.0010058874948658723,0.018683308456744437,0.002006070132747513,0.0007868647221056899,0.0037574988744003878,0.0002736769055472398,0.04137804842533426,0.0004968132140766111,3.1567390987181534e-06,0.00020120946829547287,0.0016658129081000693,0.0023639742494411995,0.01320646506566756,6.055175222110615e-05,0.024708640862059733,0.00019039852101019857,0.7463085244877676,0.03151294622627557,0.09390296024557902,0.005271660987696046,0.0007980913887623832
66,7.834783853202151e-06,0.00296364402565549,0.0013772188716558518,0.014493986019507923,0.0009638677410666984,0.016944733458900196,0.0020439071309635796,0.0011135376910727409,0.012181824436443365,0.00010760554941002752,0.09567086409474929,0.0016277657646108124,4.338422529427077e-06,0.00034586699179908656,0.0033518798719649034,0.0036338207375945144,0.014596929925970314,8.137189796931276e-05,0.04754382458007941,0.00012707344034544965,0.6260501738419207,0.08600115684397984,0.06066918076671342,0.007306607823882653,0.0007909852873617711
67,1.944261189597464e-06,0.00038503447058738154,0.00075305018807361,0.011768779882132749,0.0005333436306795672,0.04732190852971231,0.00024467489228780024,0.00018417624300467582,0.001897216895763665,9.959584336441476e-05,0.046104475955963425,0.00018765349121431773,7.005020975151778e-06,0.00026085685289549046,0.00033254561817361756,0.0015983960287490157,0.03290775321688232,5.76929268641983e-05,0.008705154573492862,0.00027797519285843335,0.6545648088029506,0.014825781836774523,0.16584183512784872,0.01070559888318632,0.0004327416343752505
68,1.1235458527049488e-05,0.0024178456184413212,0.0015826926124167524,0.00681457976206257,0.0024543625938424924,0.029784143576560205,0.002009937680364834,0.000786758019552471,0.012273437945605049,0.00012492163743194775,0.1034120397877264,0.000773832505112197,7.229918141683876e-06,0.0002146692637831034,0.004290034417807872,0.004319246413752275,0.024124517101594828,8.628222575614223e-05,0.06002306330852265,0.00021355235005045378,0.606936737598566,0.05605376630640388,0.06974519465531398,0.010545850025075701,0.000994069217588277
69,5.031605476952287e-06,0.001321798231510307,0.001904015215595725,0.009470661465782366,0.0011007648617406632,0.021054670934453,0.0015488376398417945,0.0007521506719373369,0.00509394578573976,0.0001029598986587723,0.1194062304298325,0.0006460736751737053,4.179172355479073e-06,0.00014130938505052017,0.001105432435289312,0.0027034947619166104,0.009143571184953053,3.661962472043912e-05,0.03606379900042952,0.00016576628735828994,0.6346004775967155,0.0226321518239396,0.11317844234455937,0.017504921320196654,0.0003126946467729868
70,1.2204242980303325e-05,0.0020779160867287674,0.0022673010535680673,0.009809107949112742,0.001616435229465687,0.026202013950792108,0.001839498250688737,0.0007933933316751482,0.012610236245133173,0.00014272331919097113,0.07334407882298262,0.0008443116627667323,6.996547270262804e-06,0.00018083492485603564,0.002901056798529546,0.004180389413668207,0.019638426199791205,0.00010302746276593197,0.041405326747844785,0.00021316586769398822,0.6704703970942145,0.04896046652365545,0.06846105724531197,0.010999322209896733,0.0009203128194161449
71,1.048760502954025e-05,0.0028008590574967636,0.0015351241738906039,0.00849472293280709,0.002466921021659927,0.019614368410215303,0.0019464813352080023,0.0005583136471456227,0.010121593511599972,0.00016416614074223656,0.05946664493068955,0.0008402582996833476,8.394568680263144e-06,0.00019925513611121596,0.002058787416697839,0.003762314236867587,0.019876649450496168,6.511382030416028e-05,0.03694399102956921,0.00035927362299114377,0.6845565710204918,0.032495796717415495,0.09920797311739502,0.011509322848509178,0.0009366159483028779
72,6.6567709203772955e-06,0.00036437582513624834,0.003617301164512389,0.005750231794415337,0.0003692980549356715,0.028318823717793526,0.0013995499694582161,0.0012933370638364308,0.02180317895201559,4.3350159732450286e-05,0.05340723824718507,0.0008400974491506998,6.6055346753407e-06,4.12541649979805e-05,0.0020226842128012695,0.006376019681043338,0.003992626828698318,9.958939852111513e-05,0.04230161645102728,4.0416124870147914e-05,0.7800026565813901,0.029480962502552374,0.0071418263855628624,0.011118481899223381,0.00016182106554447903
73,2.0883498455434846e-05,0.0070611398044075815,0.0033270946844524245,0.028440059493652383,0.001517032641880575,0.07008720440985987,0.001644877966142443,0.0010521868026077293,0.028526153899612626,0.00022115658637655527,0.08811529290354127,0.0006820425574434325,4.0246157282529264e-06,0.0004908117149505737,0.0010365060932551178,0.00560725615284397,0.00999740440580449,0.0001331654754845643,0.06072017655200412,0.00018984553096874413,0.5941163462452083,0.020167527999314577,0.057509081028891636,0.018857416410811977,0.00047531252630135805
