,0,1,2,3,4,5,6,7,8,9,10,11,12,13,14,15,16,17,18,19,20,21,22,23,24
0,2.219780494507575e-07,8.056780433228735e-06,0.000789201327717298,1.0989313826316941e-05,1.0046744017325785e-05,0.0002693648635897369,6.657358821991633e-06,6.624688015898384e-05,1.0100355546246596e-08,4.140989943055881e-06,0.00014281490053418745,1.7555893911552064e-06,2.5703287122527065e-06,3.454975198888839e-06,0.0057246860047294405,4.007805416368185e-07,7.753900847592695e-07,1.1113361328117316e-09,0.005019735942822051,1.1589579498231046e-06,0.9853612747966203,0.002569619640345875,6.777530787127665e-06,3.069423991754601e-08,7.019793599918732e-09
1,2.837391252816554e-07,9.822541490250303e-06,0.0008836880710045818,1.2218188855595473e-05,1.2574944218861281e-05,0.0003773148232256527,8.35452208769148e-06,9.075080905961363e-05,1.6141297085164326e-08,5.9868086829827166e-06,0.00014155178935729515,1.9098931869628234e-06,3.177439040447505e-06,3.542880703103297e-06,0.006185247107514787,6.491536007259951e-07,8.871576837578068e-07,1.2374733737774257e-09,0.007238468929011029,1.6247730822288472e-06,0.9822608362794343,0.002753267231135599,7.780828852485215e-06,3.6780534589472146e-08,7.930341710190429e-09
2,2.2439086333321886e-07,7.3432643185311574e-06,0.0007951473075358844,1.0700297712917999e-05,1.1181350847234542e-05,0.00029203177347348594,7.91478841741871e-06,7.775044626093849e-05,1.3515806235102936e-08,5.49067810232708e-06,0.0001248731513377862,1.4748592043118046e-06,2.3159077067432773e-06,3.737751102904161e-06,0.006908305345093884,4.542378105587096e-07,6.794486517303122e-07,1.1046702538793505e-09,0.00581172032422261,1.8039601965869837e-06,0.9827571918394951,0.003171184997666331,8.41315348841866e-06,3.7041309266681755e-08,9.064705207056315e-09
3,2.1256480086762873e-07,7.673527075469207e-06,0.000770001778720291,1.0523307630782655e-05,9.542229831116015e-06,0.0003036424870439039,6.74390589697263e-06,6.81235396141044e-05,9.950216630059903e-09,4.2711658632294504e-06,0.00013132268532698102,1.7417225286857951e-06,2.568106400545549e-06,3.3551737712453176e-06,0.0056360282054951985,4.3500045436489864e-07,7.59419534004265e-07,1.0947955756906197e-09,0.005302086173394741,1.3091398344753917e-06,0.9852239189407497,0.0025087290139730275,6.9641927816799575e-06,2.989605175411451e-08,6.778214474932554e-09
4,2.133374744121865e-07,8.542252586241023e-06,0.0007842500075097807,1.1301717286710934e-05,1.0434763647707971e-05,0.0003065501687714009,7.001477036603694e-06,6.966428554059108e-05,1.0555306033853848e-08,4.282242510376265e-06,0.00014488160333497017,2.0444759118742113e-06,3.10641605431438e-06,3.827071721559765e-06,0.0053027531376821455,4.5001145959637794e-07,8.404642175009784e-07,1.2204561027672622e-09,0.005346313159811933,1.3254852715951549e-06,0.9853842191394361,0.002600780796618853,7.169812287561351e-06,2.9279626407874473e-08,7.118439807349976e-09
5,2.2626725019893112e-07,6.367127106503243e-06,0.0007659617827744036,1.1594777900726533e-05,9.155520037091516e-06,0.000256273820319832,6.525509332649378e-06,6.608268373868852e-05,9.173167415221234e-09,4.4640332464611515e-06,0.00012697219948211566,1.6514256932451795e-06,2.3362472054376634e-06,3.3325404452073523e-06,0.005075354181895986,4.24161688338605e-07,7.331147066839827e-07,1.3150572586292656e-09,0.004559162937814849,1.3841749285870317e-06,0.9867817793326646,0.0023132047820203466,6.962126685733857e-06,3.359887935395556e-08,7.1659584117234e-09
6,2.1256480086762873e-07,7.673527075469207e-06,0.000770001778720291,1.0523307630782655e-05,9.542229831116015e-06,0.0003036424870439039,6.74390589697263e-06,6.81235396141044e-05,9.950216630059903e-09,4.2711658632294504e-06,0.00013132268532698102,1.7417225286857951e-06,2.568106400545549e-06,3.3551737712453176e-06,0.0056360282054951985,4.3500045436489864e-07,7.59419534004265e-07,1.0947955756906197e-09,0.005302086173394741,1.3091398344753917e-06,0.9852239189407497,0.0025087290139730275,6.9641927816799575e-06,2.989605175411451e-08,6.778214474932554e-09
7,3.348559538401408e-07,1.12849807747493e-05,0.001336037731723129,1.3702412442153066e-05,1.136948910220971e-05,0.00033780382956623164,7.547728742822227e-06,0.00011138163382366826,1.130632888119452e-08,4.052148053253738e-06,0.0001779042765734069,2.2945282894709726e-06,4.966940786622472e-06,3.2199999337188834e-06,0.0056049038424830725,4.636761062789637e-07,1.008964170038381e-06,1.3369154794809453e-09,0.007419311182545262,1.2899702713530672e-06,0.9822886415666725,0.0026563828518632437,6.044231003869142e-06,3.509525719512855e-08,5.420617795025885e-09
8,2.2184193951364115e-07,6.455909177100938e-06,0.0008565822508268936,1.3655948097661558e-05,1.127993051995621e-05,0.00024475534446763485,6.99296320640259e-06,5.1976807895686634e-05,1.2656894081601174e-08,5.870153770203993e-06,0.00015621023491252576,1.1395088304946953e-06,1.705334353691189e-06,4.7363537622174375e-06,0.008302764042959968,3.7018720801421363e-07,6.396346955170058e-07,1.1945775097865807e-09,0.003554265380250173,1.4695825576865725e-06,0.983877122943829,0.0028928215041659766,8.874995522771244e-06,6.415938435150191e-08,1.113619487605235e-08
9,2.1142841016840535e-07,5.696954926864071e-06,0.0009585956623075827,1.3557768178309607e-05,9.879849279294485e-06,0.0002822139076574364,5.3540516576070935e-06,6.739560521043022e-05,1.0319835542221996e-08,5.285050368319243e-06,0.00014362924718472125,1.2369889967301285e-06,2.2080243094668454e-06,3.870783039321446e-06,0.006305135830161708,4.273762087498262e-07,7.109730809688981e-07,1.0399829746140773e-09,0.004576430731260485,1.592723641736552e-06,0.9850210806208998,0.0025872829426495125,8.136852515569355e-06,4.8781771994137096e-08,6.4864647971766235e-09
10,2.1256480086762873e-07,7.673527075469207e-06,0.000770001778720291,1.0523307630782655e-05,9.542229831116015e-06,0.0003036424870439039,6.74390589697263e-06,6.81235396141044e-05,9.950216630059903e-09,4.2711658632294504e-06,0.00013132268532698102,1.7417225286857951e-06,2.568106400545549e-06,3.3551737712453176e-06,0.0056360282054951985,4.3500045436489864e-07,7.59419534004265e-07,1.0947955756906197e-09,0.005302086173394741,1.3091398344753917e-06,0.9852239189407497,0.0025087290139730275,6.9641927816799575e-06,2.989605175411451e-08,6.778214474932554e-09
11,2.2302736265051182e-07,8.15910455539982e-06,0.0008082379394784389,1.1128140297917832e-05,9.808085989761244e-06,0.00031554479626826396,7.02402018874554e-06,7.493275982010886e-05,1.038309368980147e-08,4.345507988271831e-06,0.00013587440372328968,1.894308752593686e-06,2.9260104754888795e-06,3.4568142379146456e-06,0.0055246841026488705,4.6113498467648644e-07,8.315517012322083e-07,1.1628853075045654e-09,0.005607568549164139,1.3518212217612579e-06,0.984895991146318,0.0025784621297358125,7.046430161134043e-06,2.991559855927329e-08,6.753347824922097e-09
12,1.7786078734863376e-07,9.810847956899608e-06,0.000605225015956644,1.0510486885196098e-05,1.660859480519052e-05,0.00034175791268133853,6.513142573732787e-06,2.8442677239603623e-05,1.028132584468279e-08,3.252189218799507e-06,0.0001347726991549021,2.341432245765526e-06,1.9897717314525897e-06,6.0010279210079585e-06,0.00466489400297151,3.3259432295517454e-07,6.009338842947619e-07,1.7574471153223856e-09,0.0030159622117888686,1.4501737421805372e-06,0.989639862377818,0.0014997872663650494,9.651401662326927e-06,2.9181012007986732e-08,1.4158502044278142e-08
13,2.2544523840752103e-07,7.78368035503538e-06,0.0007884491762370392,9.735324567645617e-06,8.958386581221661e-06,0.00034672269094868216,7.731607706972666e-06,7.558152221195468e-05,1.0883549468728307e-08,5.239811692069726e-06,9.74348677631675e-05,1.6145314417375332e-06,2.2380088664830944e-06,3.049830397757117e-06,0.0055805401533583245,4.793661801342389e-07,7.551318100371192e-07,1.1207411540726899e-09,0.005715747577654176,1.53240156169534e-06,0.9846290050881875,0.0027107324838490147,6.394120784575742e-06,2.918295667367025e-08,7.605358975476654e-09
14,3.23036376689999e-07,1.9795238685850655e-05,0.0008755279101206961,7.259106254936824e-06,1.2397963299296637e-05,0.0006201031475359457,5.955507923053775e-06,6.0396496907729024e-05,9.302406095189667e-09,2.8795921162800788e-06,0.00016515800511424642,4.576917235796641e-06,5.284662810229702e-06,3.3495427022556074e-06,0.00394091684094816,5.781823670002573e-07,9.380714973793448e-07,1.3248666743070904e-09,0.01071501056546935,1.0484259184056498e-06,0.9817940012621026,0.001758999181064127,5.466315200886457e-06,1.8498646317437368e-08,4.9024302344257116e-09
15,2.1256480086762873e-07,7.673527075469207e-06,0.000770001778720291,1.0523307630782655e-05,9.542229831116015e-06,0.0003036424870439039,6.74390589697263e-06,6.81235396141044e-05,9.950216630059903e-09,4.2711658632294504e-06,0.00013132268532698102,1.7417225286857951e-06,2.568106400545549e-06,3.3551737712453176e-06,0.0056360282054951985,4.3500045436489864e-07,7.59419534004265e-07,1.0947955756906197e-09,0.005302086173394741,1.3091398344753917e-06,0.9852239189407497,0.0025087290139730275,6.9641927816799575e-06,2.989605175411451e-08,6.778214474932554e-09
16,1.444287207697797e-07,4.454502388945999e-06,0.0004917928625371753,7.56412690635474e-06,6.4762965594361915e-06,0.00017384906047826986,4.7268080344439684e-06,3.873625271452054e-05,5.079197700001816e-09,3.4906972283401528e-06,8.443622320032147e-05,1.5179456745731395e-06,1.445214133037742e-06,2.7010089890125733e-06,0.003328946594213183,2.950181216808392e-07,4.858465224449938e-07,1.1313300204230147e-09,0.003092975052477344,1.0058142353559946e-06,0.9909379452429538,0.0018122757430970536,4.70391163427477e-06,1.920721187521657e-08,5.931440170337306e-09
17,1.9846693160802165e-07,7.040084853418352e-06,0.0006192798405970724,9.16993262382905e-06,8.663540893433694e-06,0.00020660707175590358,5.835422330908265e-06,5.914685808994791e-05,7.4093280386733264e-09,3.3529089139380993e-06,0.00011909425698246154,2.1555673028221437e-06,2.601748046169305e-06,3.420175777014319e-06,0.0038565011273630025,3.4332452078800737e-07,7.304923952883351e-07,1.3320369544253492e-09,0.004542577563277229,1.1535902402276041e-06,0.9882114020428825,0.0023340553981713056,6.6335438310381135e-06,2.1189044904402372e-08,7.111810200777998e-09
18,2.0383500490648038e-07,8.00607155758666e-06,0.0005798085042969136,9.027532465302425e-06,8.320771890784058e-06,0.000264848732773609,7.71016111221507e-06,5.8169754699743825e-05,1.0119139444468446e-08,4.597466297375616e-06,0.00012195615760243393,2.131538710551667e-06,2.441979301737307e-06,3.953611427647883e-06,0.005084497844078837,4.180619102778772e-07,8.893824773723071e-07,1.390728146933468e-09,0.004793488902988008,1.3295787759207258e-06,0.9859663851559475,0.0030739897174509134,7.777433785204414e-06,2.6013705524472543e-08,1.0281872233740136e-08
19,2.2943945536018515e-07,8.758052508930206e-06,0.0009260866006579958,1.17930346372209e-05,1.1233156526481884e-05,0.00027434935276885803,6.888874371148922e-06,8.241546751440885e-05,1.0235393908177638e-08,4.118862181906747e-06,0.0001368991938182912,2.168201689395487e-06,3.3492605540193603e-06,3.5302233123906194e-06,0.004930170429674465,4.2045812457897467e-07,8.201096547501347e-07,1.2597188405477541e-09,0.0057313085965328405,1.3180748401542313e-06,0.9851639063460367,0.002694172054006129,6.018858893163338e-06,2.7559815264549258e-08,6.29731265226469e-09
20,1.4889881764183497e-07,5.628821618766027e-06,0.0006910156878306546,9.657980320447636e-06,7.583052520214356e-06,0.00025690392847483115,6.374002970999857e-06,6.898186739497255e-05,7.984241723457838e-09,3.644976012458569e-06,0.00012045628719046459,1.2336981483537362e-06,2.005976515330878e-06,2.980538885710064e-06,0.007010081897451306,3.4156913009681436e-07,6.135677472990606e-07,7.444446533116309e-10,0.004572830430807661,1.1792594159313175e-06,0.9844087685752839,0.002822604073036164,6.923054898917742e-06,2.744948726836506e-08,5.677354084161309e-09
21,2.1243305184694322e-07,7.60008010774718e-06,0.0007573075619419019,1.0424168747642972e-05,9.578966612106856e-06,0.00029471761174958367,6.5524952137276604e-06,6.622609248002387e-05,9.751746656823082e-09,4.220678997602595e-06,0.00013031302237162884,1.7598544798776433e-06,2.5319747518988155e-06,3.340830963126715e-06,0.0054361212043950976,4.2960917552717326e-07,7.443722359401735e-07,1.1086759549155318e-09,0.005199033422119106,1.28946858548616e-06,0.9856175009000366,0.0024431950516822527,6.85314208192438e-06,2.946964057560669e-08,6.728156054239745e-09
22,1.8459557348535743e-07,5.256658353622776e-06,0.0007221269961163851,1.0445005646721445e-05,7.097466498414249e-06,0.0002305437886196771,4.831264839227868e-06,5.684038003205137e-05,6.623714228352043e-09,3.83292087575156e-06,0.00012505818132059574,1.5536627962826773e-06,2.0645541516420407e-06,2.870652361544187e-06,0.004601075547848425,3.6806936839146673e-07,7.344535590303833e-07,1.0456188609465891e-09,0.0040763666964176775,1.0771764101901903e-06,0.9879639092676974,0.00217804038776183,5.681776683795819e-06,2.789156135652918e-08,4.936173306517705e-09
23,2.1256480086762873e-07,7.673527075469207e-06,0.000770001778720291,1.0523307630782655e-05,9.542229831116015e-06,0.0003036424870439039,6.74390589697263e-06,6.81235396141044e-05,9.950216630059903e-09,4.2711658632294504e-06,0.00013132268532698102,1.7417225286857951e-06,2.568106400545549e-06,3.3551737712453176e-06,0.0056360282054951985,4.3500045436489864e-07,7.59419534004265e-07,1.0947955756906197e-09,0.005302086173394741,1.3091398344753917e-06,0.9852239189407497,0.0025087290139730275,6.9641927816799575e-06,2.989605175411451e-08,6.778214474932554e-09
24,2.0389203569729968e-07,8.20672262705179e-06,0.0007703872725911546,1.2869916239375798e-05,1.3028546813184033e-05,0.0002793322252983123,6.101771126334786e-06,6.763091570011037e-05,1.0546826127105262e-08,4.101197232112859e-06,0.00015062996241040465,2.2243479175205514e-06,3.2893840704559615e-06,4.3808405007952585e-06,0.00455500322533971,4.671635315470535e-07,7.850832661014565e-07,1.324368278244438e-09,0.004972057836675048,1.381518761666293e-06,0.9868250276844748,0.002315276254930775,7.566485396250356e-06,2.8995026712724492e-08,6.886840419060621e-09
25,2.039691310840465e-07,1.1756520175763368e-05,0.0008260078321640088,9.202993798199013e-06,1.0856877034649881e-05,0.0005320207452782727,8.021866484105146e-06,5.0604387264526476e-05,1.3762151750354625e-08,5.1576900012875705e-06,0.00012848995227155636,2.0143910737029936e-06,2.4149250981252395e-06,4.558203774988954e-06,0.007218921012635644,4.645806327901574e-07,9.175430377945479e-07,1.1067603807713342e-09,0.005557620708112626,1.5486866107572803e-06,0.9826008410616318,0.0030201912546268493,8.123174220134052e-06,3.597386066328317e-08,1.0782168399871492e-08
26,3.691213581836974e-07,9.93727840237506e-06,0.0010038195232973733,1.5423331440384044e-05,1.268729919924548e-05,0.00037553366434725906,7.548118286546668e-06,8.382025677568606e-05,1.712161819485409e-08,5.150796149109831e-06,0.00018945781840922358,1.6760746220469057e-06,3.129794109645976e-06,3.7712416696171692e-06,0.007094666266841022,5.468533892206021e-07,1.050072344680297e-06,1.3650333021029723e-09,0.005867847164630635,1.5935228079510303e-06,0.9829312925854046,0.0023795573086033087,1.1035706026955607e-05,5.866889006353906e-08,9.046343286251895e-09
27,2.1085162502441438e-07,8.396805119035565e-06,0.0007977600154314402,1.086771442667863e-05,1.0477625158231956e-05,0.0003420220867873777,8.710953089970486e-06,7.375753400120658e-05,1.4191469238468246e-08,5.669920806640133e-06,0.0001393698980699341,1.6156640028831984e-06,2.4753407481622393e-06,4.0972964515872315e-06,0.007905909972968467,4.7314956532599353e-07,8.268510417949504e-07,1.0751471215378178e-09,0.005654144717043461,1.6540494177185603e-06,0.9813840355850512,0.003639112153061021,8.347781638218953e-06,3.925569436856493e-08,9.512184100523374e-09
28,2.1256480086762873e-07,7.673527075469207e-06,0.000770001778720291,1.0523307630782655e-05,9.542229831116015e-06,0.0003036424870439039,6.74390589697263e-06,6.81235396141044e-05,9.950216630059903e-09,4.2711658632294504e-06,0.00013132268532698102,1.7417225286857951e-06,2.568106400545549e-06,3.3551737712453176e-06,0.0056360282054951985,4.3500045436489864e-07,7.59419534004265e-07,1.0947955756906197e-09,0.005302086173394741,1.3091398344753917e-06,0.9852239189407497,0.0025087290139730275,6.9641927816799575e-06,2.989605175411451e-08,6.778214474932554e-09
29,2.1256480086762873e-07,7.673527075469207e-06,0.000770001778720291,1.0523307630782655e-05,9.542229831116015e-06,0.0003036424870439039,6.74390589697263e-06,6.81235396141044e-05,9.950216630059903e-09,4.2711658632294504e-06,0.00013132268532698102,1.7417225286857951e-06,2.568106400545549e-06,3.3551737712453176e-06,0.0056360282054951985,4.3500045436489864e-07,7.59419534004265e-07,1.0947955756906197e-09,0.005302086173394741,1.3091398344753917e-06,0.9852239189407497,0.0025087290139730275,6.9641927816799575e-06,2.989605175411451e-08,6.778214474932554e-09
30,2.1256480086762873e-07,7.673527075469207e-06,0.000770001778720291,1.0523307630782655e-05,9.542229831116015e-06,0.0003036424870439039,6.74390589697263e-06,6.81235396141044e-05,9.950216630059903e-09,4.2711658632294504e-06,0.00013132268532698102,1.7417225286857951e-06,2.568106400545549e-06,3.3551737712453176e-06,0.0056360282054951985,4.3500045436489864e-07,7.59419534004265e-07,1.0947955756906197e-09,0.005302086173394741,1.3091398344753917e-06,0.9852239189407497,0.0025087290139730275,6.9641927816799575e-06,2.989605175411451e-08,6.778214474932554e-09
31,2.973665240678005e-07,7.66286108029475e-06,0.0009575294984673792,1.0830995266479208e-05,9.550606479438454e-06,0.00023703850970088162,6.37480945112041e-06,9.538245713382347e-05,9.252078934345741e-09,4.015336586910108e-06,0.00011488191227544017,1.8769515108628719e-06,3.0077001363795484e-06,2.662139759307352e-06,0.004422120574588763,4.1606740400995624e-07,7.584305321831043e-07,1.3363882079003646e-09,0.006334988194501745,1.3615558250713682e-06,0.9854489167352984,0.0023341439603252827,6.138569671671698e-06,2.793362791125641e-08,6.245385118181107e-09
32,2.174821502406436e-07,7.786666847490387e-06,0.0007841170374289794,1.013270264823557e-05,9.50516503725348e-06,0.00031166650632353236,6.861092746291833e-06,7.262796548301963e-05,9.950145143610288e-09,4.227923804618476e-06,0.00013043768860810788,1.8161309517387347e-06,2.679895431493612e-06,3.310556964247108e-06,0.005727465214646803,4.486746666555872e-07,7.678104123691259e-07,1.0932334943685453e-09,0.005882351731770459,1.3676698699921722e-06,0.9844072701017577,0.002627830952489493,7.064225926111099e-06,2.904126696180846e-08,6.7193896731550375e-09
33,2.3563134288435512e-07,8.821859108709234e-06,0.000814393888635087,1.0867337764538743e-05,9.50668305152038e-06,0.00031363468926985205,7.668945350209767e-06,8.244036292123034e-05,1.0547534371614298e-08,4.7034947231023465e-06,0.00013870097995191368,2.239825079593661e-06,3.4244774674025894e-06,3.6368130146521277e-06,0.005219890756070137,4.965406087741592e-07,9.588125086044106e-07,1.2886343694626514e-09,0.006303895822056155,1.389438393559523e-06,0.9840314951547627,0.003034921012981897,6.631183158063922e-06,2.7574470950595444e-08,6.881139415754225e-09
34,1.4644004971685476e-07,6.0199539779574515e-06,0.0006400190750606552,1.0100761236160799e-05,7.492044768759915e-06,0.0003184522389676093,6.141997027384807e-06,5.4957470033764354e-05,7.460681427279559e-09,4.069614729699556e-06,0.00010532352934820699,1.5334664782187951e-06,2.0106986213729097e-06,3.1934077048037244e-06,0.005080465668630802,4.089478759394396e-07,7.182987792414807e-07,9.78424273131238e-10,0.003731955605450756,1.2114197095623562e-06,0.987840022645186,0.0021796927872806742,6.025218119913435e-06,2.4531061803422224e-08,5.740795488784242e-09
35,8.521995862510226e-07,1.3423566380635875e-05,0.0009571658228267837,1.1316346770498553e-05,1.0822145650766434e-05,0.00017229634114704614,1.0062113375837786e-05,0.0001920935784199092,1.7152766885405836e-08,6.367917779799462e-06,0.0001199162039881651,3.5030837192155312e-06,4.914743285478639e-06,2.0592190705213044e-06,0.0032410612178049663,6.666486932918116e-07,1.2930611204655974e-06,2.7530936360154877e-09,0.011463091056633071,1.3200093713863178e-06,0.9807217259886255,0.0030610437563839527,4.951299872754569e-06,2.5010199319688135e-08,8.763433837848085e-09
36,2.113053160470371e-07,7.5547759267642204e-06,0.0007697761374855941,1.0514494118490442e-05,9.544034302514665e-06,0.00030064147382857266,6.634066102793383e-06,6.636834002230638e-05,9.786890105382434e-09,4.211827448931649e-06,0.00013126728764254817,1.7066652513240267e-06,2.5109463748169644e-06,3.3310206535045435e-06,0.00561648421183391,4.2705182438568957e-07,7.384542614808888e-07,1.0876766098735393e-09,0.005191201241534061,1.2953641190507676e-06,0.9854290243540678,0.0024395771284403097,6.9319854102960915e-06,3.023223712401636e-08,6.727230607923114e-09
37,2.7369814816389667e-07,6.656213745790351e-06,0.0008965360511674725,1.2587220544663798e-05,9.655921710527516e-06,0.0002465970668842611,6.096589353381395e-06,6.383089132863117e-05,8.91034830374906e-09,4.264681107179442e-06,0.00015609619198178856,1.7168306762197495e-06,2.5223669849900073e-06,3.480381542083442e-06,0.005285567651604365,4.0799432529648864e-07,7.622795471828851e-07,1.4322625107595904e-09,0.004795390918189867,1.3054251815746915e-06,0.9862713035515146,0.0022278138624961274,7.075211852655381e-06,4.1689282863476266e-08,6.968219570283276e-09
38,2.1629109542620248e-07,7.843533433645752e-06,0.0007835125146477924,1.0823711831436248e-05,9.995865806645472e-06,0.0002904490191161948,6.7632560165742365e-06,6.755674595440048e-05,1.0408223507921922e-08,4.365606703511363e-06,0.00013456941168967824,1.7537784297302363e-06,2.5685775635338344e-06,3.4907959603212434e-06,0.00566365684457876,4.2313236165952976e-07,7.617027584383153e-07,1.1233591636883137e-09,0.00518608483741827,1.3051741296287315e-06,0.985240803261334,0.002576025231544079,6.9811030832942315e-06,3.0963150365705964e-08,7.109809864158527e-09
39,2.360731041572734e-07,8.891593525774794e-06,0.0008681949466206271,1.1158292861150809e-05,1.1105817326659158e-05,0.00031892272701641535,7.068881043375051e-06,6.745765870400478e-05,1.1455446764478544e-08,4.528734419115689e-06,0.00015512009229050734,1.879491909446681e-06,2.801463824057703e-06,3.8080074590998557e-06,0.006294998436857623,4.4664834417841883e-07,7.938999450769604e-07,1.1604889821040317e-09,0.0056761613518992735,1.3413168708533152e-06,0.9838437668118268,0.0027140923234026107,7.170086537729468e-06,3.543163552692896e-08,7.2966400633303756e-09
40,1.9467930139951069e-07,9.289110078645652e-06,0.0009556049904158837,9.464626592593784e-06,1.1572795073013584e-05,0.0003561552511448719,6.62639429323387e-06,6.077237423503904e-05,9.970548209987705e-09,4.056618626278751e-06,0.00013113753602778778,2.039009768490757e-06,2.5619524099724775e-06,4.036629213776228e-06,0.006427891916782634,3.8284917084717194e-07,7.137557055165856e-07,1.0814355503961734e-09,0.005810264529720874,1.440545212751686e-06,0.9831999277352298,0.0029993789765516503,6.439007878594542e-06,3.0239795897561396e-08,7.424786748473864e-09
41,2.0649732761945586e-07,7.0720906035790016e-06,0.0007375286042064002,1.0018016335082829e-05,8.91172591761063e-06,0.0002841972204901544,6.6201184570671535e-06,6.588170419641983e-05,9.048216731295054e-09,4.112237541522754e-06,0.00012829987659526,1.7147505133799172e-06,2.443963294602472e-06,3.264657236240577e-06,0.0055339524708116795,4.173635256924332e-07,7.303052070454397e-07,1.0949010149917122e-09,0.0052399827134512866,1.2924700958458227e-06,0.9854378558271697,0.002518586552316989,6.865174805074221e-06,2.8821556685391905e-08,6.6952270738792536e-09
42,5.736783172938583e-07,1.922861422984995e-05,0.0007748030972613682,4.7802417599073696e-05,3.906977260987792e-05,0.0007564881262255476,1.0535538769498672e-05,1.0787341333672251e-05,3.09989070580294e-08,5.555638862406522e-06,0.0007857209708361393,1.6931085602116382e-06,2.500181215921436e-06,1.6719030503008255e-05,0.010122063884918028,6.180747069751812e-07,1.1236285230504463e-06,5.301082868410761e-09,0.000998797820018631,1.1345696196262237e-06,0.9858978965645225,0.00047248157606355636,3.4017947949192114e-05,3.043670326371742e-07,4.775033177650594e-08
43,1.8665031869389048e-07,6.1568329017561835e-06,0.0007263157524198997,1.063113339388321e-05,9.004816677225092e-06,0.0003411812347379085,7.048967704600235e-06,7.438258020303347e-05,1.3011473185357959e-08,6.753202714517412e-06,0.00010352919271124336,1.2270609934989049e-06,1.9856353508151174e-06,3.2930590498727204e-06,0.006213602834826742,5.272215987219986e-07,7.028423836100131e-07,9.178243983298905e-10,0.00520855848737954,1.785865263562507e-06,0.9842383281913327,0.0030374898843409876,7.2524585010879285e-06,3.517335264144913e-08,6.9925458405026945e-09
44,2.1256480086762873e-07,7.673527075469207e-06,0.000770001778720291,1.0523307630782655e-05,9.542229831116015e-06,0.0003036424870439039,6.74390589697263e-06,6.81235396141044e-05,9.950216630059903e-09,4.2711658632294504e-06,0.00013132268532698102,1.7417225286857951e-06,2.568106400545549e-06,3.3551737712453176e-06,0.0056360282054951985,4.3500045436489864e-07,7.59419534004265e-07,1.0947955756906197e-09,0.005302086173394741,1.3091398344753917e-06,0.9852239189407497,0.0025087290139730275,6.9641927816799575e-06,2.989605175411451e-08,6.778214474932554e-09
45,2.193287073758374e-07,6.649357501833667e-06,0.0009392935091099648,1.222871504316559e-05,8.499951105067325e-06,0.00040757656935482196,8.923051208107528e-06,0.00012002160384782161,1.0861940016441886e-08,4.950548485065057e-06,0.00012481347114152826,1.2954781693888987e-06,2.794990322250129e-06,2.68619004486042e-06,0.008569047904037135,5.927865073792675e-07,7.921050388343746e-07,8.562290529444401e-10,0.007076538271518644,1.6400781110714867e-06,0.9798626705458392,0.002841435995502319,7.278550948927124e-06,3.405835073930907e-08,5.221935447758275e-09
46,2.2510433972945206e-07,6.394541682509956e-06,0.0007085244862055425,1.2733640817804834e-05,5.163704991685707e-06,0.0003587195296424366,5.130508833367196e-06,8.730004162798407e-05,6.970015993567121e-09,3.7665154944255294e-06,0.00013490460489084331,1.9468446054064548e-06,3.1677332096882776e-06,2.5768236952606555e-06,0.004381073082883467,5.35084261514345e-07,1.5151927166785625e-06,1.0907461739865544e-09,0.0046189770070763315,1.0485407448551513e-06,0.9874287727916807,0.0022305434838959296,6.941567298715387e-06,2.7101775472138383e-08,4.0068676791191174e-09
47,2.6654020593132046e-07,9.246970005561169e-06,0.0007804098892764186,9.260347819405389e-06,9.279167634966083e-06,0.0002933011606906446,7.901690446519575e-06,8.397947479282768e-05,1.1149354461126008e-08,4.735183803705669e-06,0.00012223257429910445,2.2328534489039133e-06,2.949732899664191e-06,3.1737206465307986e-06,0.0053987127603080795,4.7418414016465363e-07,8.908928471330175e-07,1.289628190960953e-09,0.0069219834828384355,1.3864779253364462e-06,0.9831321340256706,0.003209002478583288,6.399448918253554e-06,2.6701537312360748e-08,7.802278449058585e-09
48,2.7207328929227533e-07,1.0628325486191456e-05,0.0008626517723383133,1.0635925523954675e-05,8.491181239833246e-06,0.000453187754435334,8.16085311271903e-06,0.00010868692221523337,1.1223274791535379e-08,4.103717682104991e-06,0.00013298859655662973,2.2525954815539518e-06,4.028659781418201e-06,2.852263857859745e-06,0.005698690208896613,5.814915177703457e-07,1.163819656680897e-06,1.077689271468702e-09,0.008343689904675195,1.3344264643609707e-06,0.981685226585026,0.002653031573334361,7.298910225953273e-06,2.4441806578705445e-08,5.696432060562627e-09
49,1.635169467102352e-07,7.641327721497262e-06,0.0008585939548001858,9.272033880988478e-06,8.567746659454862e-06,0.00035346363385061684,6.346161831825542e-06,5.9880111744951904e-05,8.284976242455012e-09,4.221619582655526e-06,0.00011426073823472317,2.044033494701744e-06,2.527731312448228e-06,3.7589909838041904e-06,0.005343765486654518,3.81444408257651e-07,8.033048998026595e-07,1.0894124077743383e-09,0.005113229908835829,1.4534036097882158e-06,0.9850264751368351,0.0030773684197067043,5.739298420014187e-06,2.6215036091330237e-08,6.406160784260362e-09
50,2.80231344574631e-07,8.546366432084707e-06,0.0007333032418274132,9.56277203937076e-06,1.1291594136417406e-05,0.00023107186108613486,1.4593297121430724e-05,0.00010405246557587951,1.7173355085739982e-08,7.91764313384998e-06,0.0001097517445396768,1.6848688320234607e-06,2.657462150386348e-06,3.896980879089708e-06,0.0073750188855292685,5.322187459415295e-07,7.155732183288928e-07,1.4836050381412818e-09,0.007783557561515153,1.9648557916603213e-06,0.978693055283932,0.004899159677909217,7.3200244691396376e-06,3.199656561820627e-08,1.4736265151943073e-08
51,2.0603542100948494e-07,7.014314255862442e-06,0.000707159283920666,9.639598609069223e-06,8.883067107943749e-06,0.00030922704931438935,6.737596762305257e-06,6.342642173119143e-05,9.156900469694946e-09,4.140758759363269e-06,0.0001259906257563237,1.7234277474061742e-06,2.362180010285732e-06,3.29843400508928e-06,0.005682544481970402,4.4545763413076734e-07,7.294269685852352e-07,1.1182246871971811e-09,0.005378006542463579,1.37806169848692e-06,0.9852332112954452,0.0024463422930370163,7.487056705679072e-06,2.9117763861416143e-08,7.19778676495625e-09
52,2.7197246186048595e-07,6.14943976116117e-06,0.0009455363429544715,1.4581311369154701e-05,1.0441244941166793e-05,0.0003069251848202199,6.909945441217668e-06,7.005154075403505e-05,1.057118092736357e-08,5.972809202392806e-06,0.0001703327447147446,1.6210265222752062e-06,2.6483206031243715e-06,3.819035218135014e-06,0.006155318528559127,5.828247817170895e-07,8.089618552386787e-07,1.5117584100849762e-09,0.00496742334279581,1.6478800250882723e-06,0.9848926053623911,0.0024290179915963223,7.264331598156241e-06,5.103004339870868e-08,6.744650799057737e-09
53,1.9151827716268722e-07,6.971301810325258e-06,0.0005663967813418678,1.143084750526597e-05,9.885339205994979e-06,0.0003211171393574591,1.2807653662620602e-05,7.890605704511794e-05,1.328142473288335e-08,5.2481317870778466e-06,0.00013120280420236193,1.4407649688051681e-06,2.497223299205193e-06,3.915643122104416e-06,0.008011946940699063,5.471389969108349e-07,7.142224851409405e-07,1.2330986284501488e-09,0.0050017599445762355,1.7576454170279508e-06,0.9829922237822647,0.0028287483688133677,1.0232418831393653e-05,3.25502852748722e-08,1.1267522335207418e-08
54,2.543169080945071e-07,1.4378456101288763e-05,0.0006630657205062812,8.621362397284681e-06,1.1602704657548717e-05,0.00036552744403901957,1.0038767670837114e-05,7.088360133434925e-05,1.6107515624923215e-08,5.566719800451489e-06,0.00011849112051949514,2.7356848109376075e-06,3.015814875184659e-06,4.223738533776691e-06,0.005828067877497288,5.283398319271702e-07,9.68182870727094e-07,1.4131596084188215e-09,0.006551856907598565,1.3809385606649337e-06,0.9828527730203238,0.0034789468784688637,7.017300015420133e-06,2.5468168003887935e-08,1.2113834952016656e-08
55,3.3419062452710245e-07,1.6344236107499764e-05,0.0006811523746354472,9.75920924467876e-06,1.601830730763289e-05,0.00024542933889030517,9.23350486537443e-06,5.652419480953039e-05,1.4276620393226301e-08,4.152916697052635e-06,0.00014984951559260772,4.384437198570082e-06,3.826255670043601e-06,4.292132851271496e-06,0.003744168879370534,4.660145287047935e-07,9.082223365465325e-07,2.413744681880569e-09,0.005668088305775754,1.1415756605117883e-06,0.9871492722237906,0.0022287948929093147,5.805739493682503e-06,2.392762876699992e-08,1.2913646192262222e-08
56,2.2418021881147277e-07,8.414666830019031e-06,0.0008186309080928529,1.1163454713301188e-05,1.0245391190808051e-05,0.0003144871222708861,7.204281205164069e-06,7.348701747943147e-05,1.0725221992334214e-08,4.398608692222422e-06,0.000139360911990919,1.9393334139776456e-06,2.961763033389405e-06,3.5985935971168483e-06,0.005626035935912642,4.5737971624753327e-07,8.237598985773447e-07,1.2016252215678877e-09,0.005587283666015284,1.37263281588801e-06,0.9847583080392259,0.0026224624157313715,7.090406021515244e-06,3.048656336553986e-08,7.1185232988064795e-09
57,1.817992009729786e-07,7.17784409437342e-06,0.0007340028915817352,7.11169657671e-06,8.197254192307172e-06,0.00025454523461521534,5.38205083635804e-06,7.393711028511118e-05,7.060043795638434e-09,3.326976459497038e-06,0.00010304517683905372,2.402045246507476e-06,2.7720654118991243e-06,2.7206114597065724e-06,0.004146345689270196,3.846104398983246e-07,7.093871093237572e-07,9.71182438587707e-10,0.00743211121873389,1.2691850420371043e-06,0.9842114334693592,0.002997763268199326,5.1501704495348345e-06,1.726116130840078e-08,4.952209736697186e-09
58,2.3028983851773695e-07,7.674491517050435e-06,0.0008517143952690372,1.1356147659435837e-05,9.83379329019027e-06,0.0003122176435386368,6.990733707519329e-06,7.03419970758054e-05,1.0588891462380922e-08,4.5762893330817335e-06,0.00014369073027475088,1.7082935054998505e-06,2.624996060165975e-06,3.5296307065272156e-06,0.006263969962570822,4.504193384371281e-07,7.872346823379047e-07,1.1576706196499366e-09,0.005366953320323055,1.4053759212245896e-06,0.9842845715013686,0.002648022511095248,7.294706521679146e-06,3.665341978930428e-08,7.136420606598506e-09
59,2.210856349557525e-07,7.230813963927695e-06,0.0008567284793990277,1.151817811637136e-05,9.662343079844343e-06,0.00030489868023464645,6.7200484744570474e-06,6.782878246115372e-05,1.0511762707394039e-08,4.590253788784257e-06,0.000141498040239491,1.5848508555257584e-06,2.4018567144539492e-06,3.4892645480759042e-06,0.00645577760456654,4.355424257222712e-07,7.641812511333141e-07,1.1085064863045334e-09,0.00504472663368501,1.3982630850726117e-06,0.9844569871123461,0.0026141578616153544,7.322487007379455e-06,3.895083328018493e-08,7.065404580821213e-09
60,2.1256480086762873e-07,7.673527075469207e-06,0.000770001778720291,1.0523307630782655e-05,9.542229831116015e-06,0.0003036424870439039,6.74390589697263e-06,6.81235396141044e-05,9.950216630059903e-09,4.2711658632294504e-06,0.00013132268532698102,1.7417225286857951e-06,2.568106400545549e-06,3.3551737712453176e-06,0.0056360282054951985,4.3500045436489864e-07,7.59419534004265e-07,1.0947955756906197e-09,0.005302086173394741,1.3091398344753917e-06,0.9852239189407497,0.0025087290139730275,6.9641927816799575e-06,2.989605175411451e-08,6.778214474932554e-09
61,2.2189499417522e-07,7.034203094563923e-06,0.0008702149627780921,1.1409816073692677e-05,9.358299151328144e-06,0.00030043242101785643,6.373207995594765e-06,6.871470255964534e-05,9.731193954336107e-09,4.393190663385968e-06,0.00013735191751737143,1.5851709634781106e-06,2.4212865683502574e-06,3.322636045572694e-06,0.006078974560633122,4.2516429653659023e-07,7.543039062561831e-07,1.1001132735309525e-09,0.005061051942610148,1.3588706413140133e-06,0.9849307677794512,0.0024967881067430387,6.991734154610513e-06,3.6485652616863835e-08,6.511180968368593e-09
62,2.1256480086762873e-07,7.673527075469207e-06,0.000770001778720291,1.0523307630782655e-05,9.542229831116015e-06,0.0003036424870439039,6.74390589697263e-06,6.81235396141044e-05,9.950216630059903e-09,4.2711658632294504e-06,0.00013132268532698102,1.7417225286857951e-06,2.568106400545549e-06,3.3551737712453176e-06,0.0056360282054951985,4.3500045436489864e-07,7.59419534004265e-07,1.0947955756906197e-09,0.005302086173394741,1.3091398344753917e-06,0.9852239189407497,0.0025087290139730275,6.9641927816799575e-06,2.989605175411451e-08,6.778214474932554e-09
63,2.2073203534593396e-07,8.235665839421674e-06,0.0007859559945136773,1.0504733395144749e-05,9.83232618428638e-06,0.0003090108238850859,6.953071417215165e-06,6.947139481307823e-05,1.0434587235350906e-08,4.317787090103864e-06,0.00013326210940302176,1.8074698042520372e-06,2.660644751763337e-06,3.3943615764206908e-06,0.0057126310539092,4.380187345316917e-07,7.785933639598587e-07,1.1139356435799467e-09,0.005447728063732162,1.3007256606968582e-06,0.9849181648032743,0.0025663618738588573,6.921162515402411e-06,3.005347853152347e-08,6.9882405134989226e-09
64,2.903563834247686e-05,0.0013930595353839573,0.00882423551016839,0.0002921084002602834,0.0001565829323559095,0.053486125252588196,0.0011926457143428422,0.001996113199299518,2.5048233656197074e-05,0.00020254468044262356,0.02715428527114283,0.0002541731973484417,0.004344297521967466,0.0017550092656634473,0.15928529359544247,0.00026641257207288624,0.003524982790002719,2.2468534535842494e-07,0.24615294820174935,3.9021958031859584e-05,0.047344118545080874,0.44177369569789826,0.0005017041932133027,4.982815237865252e-06,1.3505929626500395e-06
65,1.5939263111480945e-07,6.456079906706632e-06,0.0008049968948349176,1.056309512863128e-05,7.779674321972551e-06,0.00035405235989997423,5.728664970009908e-06,6.312661206890514e-05,8.131582819000369e-09,3.6931188063031443e-06,0.00012392585705858943,1.2913880761726266e-06,2.145221750591118e-06,3.031655909354289e-06,0.006684482213063375,3.7377648872680024e-07,6.981729775382633e-07,7.606205276736248e-10,0.004431943438354854,1.192232966428508e-06,0.9852062854638179,0.002281217622325739,6.812349878874275e-06,3.0719994363324993e-08,5.102565459710063e-09
66,1.3643141041236668e-07,4.955341292286974e-06,0.0007083024840079711,1.1980269945366172e-05,1.0095283679656835e-05,0.00019171344000849526,3.4074599940275077e-06,3.592028986628044e-05,5.839384982878455e-09,4.249212383700739e-06,0.0001312663789162212,1.8333353987924342e-06,2.0379428083385716e-06,3.883225745739115e-06,0.003032824621922268,3.754015181333437e-07,5.936380905422648e-07,1.2004865903668486e-09,0.0027550973892343377,9.396269267376695e-07,0.9913333690451424,0.0017628482003000912,4.133701481310387e-06,2.595198181579214e-08,4.288073727441147e-09
67,3.280564015362238e-07,1.0242277987593325e-05,0.0009447309805056026,1.2103368068533128e-05,1.3897390461219048e-05,0.0002427722087165656,7.8318392418008e-06,0.00010580521497220512,1.4356945931420995e-08,4.892848959574284e-06,0.00014251413750755303,1.977653648135365e-06,3.350327072294143e-06,2.9375915041277175e-06,0.005394135782489,5.08687879039016e-07,7.656657710113796e-07,1.232341090600745e-09,0.007405390193538387,1.216195925089558e-06,0.9830213975687071,0.002677176352035018,5.97441494164598e-06,2.8922453964468002e-08,6.731926061360789e-09
68,1.7634088681302178e-07,6.214027168036899e-06,0.0006326699969121954,9.91020779534217e-06,7.782043556014716e-06,0.00023502858374079024,6.420387964162704e-06,6.154319172722301e-05,6.2533584634806674e-09,2.9770421196920467e-06,0.00011979199449642178,2.0626551897547057e-06,3.1123385446121163e-06,3.133335673875172e-06,0.003507461843644766,3.572170466937036e-07,6.932211999997747e-07,1.3595457814142346e-09,0.004476470098597578,1.201428348620041e-06,0.9891348839191839,0.001781538449286622,6.539664116816319e-06,1.8496947212357086e-08,5.902948663830988e-09
69,2.8055815898914216e-07,9.978096862983968e-06,0.000873231113216097,1.3269715258943307e-05,1.3419473875800053e-05,0.00028014560803230873,8.04087007803215e-06,7.880260228590223e-05,1.5281156378570907e-08,5.4934816848358615e-06,0.0001479504500820347,1.7013163237728065e-06,2.665050122436375e-06,3.608973782333817e-06,0.006520979547363139,5.029160620129252e-07,8.026192555460037e-07,1.239314591324919e-09,0.005182685790000069,1.2114734741299233e-06,0.9842279451028525,0.0026203160043528563,6.905757487498796e-06,3.823554858569231e-08,8.723368504744795e-09
70,1.299652134386469e-07,6.103072559966363e-06,0.0007606610183931792,2.0443414324172072e-05,1.2316115307896757e-05,0.0006631853297961343,7.551604240307246e-06,6.659445240645303e-05,1.4894234853405091e-08,7.793425375101538e-06,0.0001259531927015293,1.5473100998004346e-06,2.9989788891594247e-06,6.291386094688898e-06,0.0053460779143154075,9.056924574130517e-07,1.1237040203752819e-06,1.3323019978374331e-09,0.0034167113476991527,2.728539164346633e-06,0.9874510792316915,0.0020880889678151957,1.164761641031057e-05,4.384182546433874e-08,7.652661997739796e-09
71,3.497536508100573e-07,9.224990815144754e-06,0.0005816626140272918,1.100847942688643e-05,1.3835834958169728e-05,0.00020614348137525557,6.7137937049168175e-06,7.592898168696751e-05,1.327632170004749e-08,4.678386848625757e-06,0.00014723505160875382,2.4982189433829714e-06,3.0931289580971575e-06,3.2465201734689187e-06,0.003938236258576725,6.223041309624871e-07,7.579677439706528e-07,1.748734063704162e-09,0.00582921702355258,1.2706870709441733e-06,0.9872080596779786,0.0019484041397201236,7.760576853623308e-06,2.854956177131617e-08,8.55357726124341e-09
