,0,1,2,3,4,5,6,7,8,9,10,11,12,13,14,15,16,17,18,19,20,21,22,23,24
0,2.7943833794823244e-05,8.810789995383658e-09,0.9915827981972236,0.00011259965070383491,0.006835608761378032,6.231780857550959e-07,1.9618943817635497e-07,1.3598718757115899e-05,7.260892637913006e-05,0.0003752298817830718,0.00015886473588833924,5.895421068251577e-07,7.879182284061682e-06,5.104895463109212e-07,1.7647995091552383e-07,0.0007403830731994938,5.558208276592428e-08,3.516265258221821e-09,2.121252772225603e-05,3.375903648448554e-05,1.4650982376128622e-05,1.8091671882625164e-09,6.755476527397936e-07,1.747151616041595e-08,3.875423407649864e-09
1,6.817915870807896e-05,1.0144514375737306e-07,0.9699143724906086,0.0009427784397725955,0.02336935378643923,4.363504572462625e-06,5.9804354890056445e-06,4.1021469282317425e-05,7.555362609285643e-05,0.0009451250025647339,0.002030501856513389,2.720453339952424e-05,2.0638812071283124e-05,7.362450075881566e-05,6.014779345453527e-06,0.001601390958735018,5.012177663987986e-07,1.6632629146412683e-07,1.4462531314425136e-05,0.0005790862719621726,0.0002566023146528548,2.7839154084081207e-08,2.230756808851832e-05,3.744793935708944e-07,2.6665187918053444e-07
2,2.8796937339646964e-05,7.392123529050724e-09,0.991028960829256,0.00014256820235199305,0.007204075889675707,4.991635448607729e-07,1.5184269441260613e-07,1.9934767651569287e-05,0.00010206211637156878,0.0005435584132337504,0.00021820110887863845,4.799837996937607e-07,9.666441582822119e-06,3.998849908472824e-07,1.9442225638545952e-07,0.0006195872228542308,4.716477971910981e-08,3.3566021543796687e-09,1.673393586964325e-05,5.133333843199372e-05,1.1989015805018008e-05,1.3444529777355642e-09,7.306630405547346e-07,1.3082910000679525e-08,3.4795021397061026e-09
3,3.1451143223234854e-05,6.708787035721818e-09,0.991808213354186,0.00017343201292486615,0.006062148938377401,7.012096659686355e-07,2.0874212664362565e-07,1.9454309044928426e-05,8.834097139104677e-05,0.0004997344092110145,0.0001537333124287646,5.488711227461726e-07,1.1479444445464806e-05,3.6417437548176137e-07,1.4281337492483399e-07,0.0010741157186648896,5.0573247576334077e-08,3.829562552346758e-09,2.0866454163868483e-05,4.1386503875403065e-05,1.2926846667922246e-05,1.6613782941987137e-09,6.679818447507399e-07,1.7406098296492497e-08,2.6098108321926266e-09
4,3.3433235716922005e-05,6.6903523277477295e-09,0.9917484993689146,0.0001715460661223138,0.006058423039155717,7.111847304001208e-07,2.1430478296556318e-07,1.9662518590465674e-05,8.049280963363416e-05,0.0005025472229259044,0.00014711391070580898,5.415436514184136e-07,1.3527697305420326e-05,3.9951706398771306e-07,1.363685872780846e-07,0.0011418126585838598,5.5289402823219664e-08,4.280363023869015e-09,2.33457978389719e-05,4.406276385907279e-05,1.2764142214504006e-05,1.6082357014364846e-09,6.752082211394912e-07,2.0204384151546182e-08,2.568657732560093e-09
5,3.8971589657918674e-05,8.143645007770392e-09,0.9907988539606821,0.0002554729610573326,0.006450932104650608,9.066757408740873e-07,2.501679550012575e-07,2.5048556841244825e-05,9.696495392377376e-05,0.000607484349667443,0.00018508538954308974,6.585783785087429e-07,1.531461780730445e-05,4.441589630824992e-07,1.6940094964814926e-07,0.0014286890507114991,5.8151848706575166e-08,5.843729149824155e-09,2.483086435084558e-05,5.485164345520462e-05,1.4178095243113908e-05,2.08820108588286e-09,7.939049131188305e-07,2.1869469345234922e-08,2.878614904892071e-09
6,3.1451143223234854e-05,6.708787035721818e-09,0.991808213354186,0.00017343201292486615,0.006062148938377401,7.012096659686355e-07,2.0874212664362565e-07,1.9454309044928426e-05,8.834097139104677e-05,0.0004997344092110145,0.0001537333124287646,5.488711227461726e-07,1.1479444445464806e-05,3.6417437548176137e-07,1.4281337492483399e-07,0.0010741157186648896,5.0573247576334077e-08,3.829562552346758e-09,2.0866454163868483e-05,4.1386503875403065e-05,1.2926846667922246e-05,1.6613782941987137e-09,6.679818447507399e-07,1.7406098296492497e-08,2.6098108321926266e-09
7,3.09891438639419e-05,7.716197191945332e-09,0.9909782752385693,0.00018950861650751877,0.006691186181887379,8.701922654404569e-07,2.3138523679114533e-07,1.9880080988489677e-05,9.931039806226125e-05,0.0004982887183459753,0.00016676570073771276,6.60443838292137e-07,1.1247397385690734e-05,4.3234125486895735e-07,1.7422999894084837e-07,0.0012285210696887457,5.1960904970065436e-08,4.710552484539019e-09,2.1361673041336206e-05,4.5311985186177755e-05,1.606710628774366e-05,1.8404784105898408e-09,8.300537752015963e-07,1.8815487970404596e-08,2.999457372788214e-09
8,3.795925114295235e-05,1.091165819977799e-08,0.9872144568315857,0.0002553283815967071,0.009514881745574076,1.3676258919735264e-06,2.919077664888562e-07,2.9050177784951218e-05,0.00014570124659384388,0.0005847385589135937,0.00022290614313938832,7.47959699048967e-07,1.5384070522421782e-05,4.7192095350986955e-07,2.319829726619994e-07,0.0018679442159099916,5.9383155712432526e-08,8.502948492240877e-09,3.408425089843227e-05,5.723082007806524e-05,1.625987086811875e-05,2.4907948431236915e-09,8.58756621318362e-07,1.9912194696510705e-08,3.080734860122111e-09
9,3.138852768733502e-05,9.031839382340357e-09,0.9887199752514949,0.00019438331249087694,0.008382081660113264,1.183431956642463e-06,2.567125629259361e-07,2.3965667119007753e-05,0.00011716905970073408,0.0004160908637654383,0.00015677991536800214,6.457805323659591e-07,1.4229079027274608e-05,3.534052073075207e-07,1.613350989103286e-07,0.001849044737351494,5.36946715298584e-08,6.6462653552093864e-09,3.289605498864778e-05,4.3868243096631754e-05,1.4827031430293085e-05,2.1835824857537694e-09,6.092899264510187e-07,1.6884449488341048e-08,2.200273660460139e-09
10,3.1451143223234854e-05,6.708787035721818e-09,0.991808213354186,0.00017343201292486615,0.006062148938377401,7.012096659686355e-07,2.0874212664362565e-07,1.9454309044928426e-05,8.834097139104677e-05,0.0004997344092110145,0.0001537333124287646,5.488711227461726e-07,1.1479444445464806e-05,3.6417437548176137e-07,1.4281337492483399e-07,0.0010741157186648896,5.0573247576334077e-08,3.829562552346758e-09,2.0866454163868483e-05,4.1386503875403065e-05,1.2926846667922246e-05,1.6613782941987137e-09,6.679818447507399e-07,1.7406098296492497e-08,2.6098108321926266e-09
11,3.4057378411374056e-05,6.383221368479311e-09,0.992058604639527,0.00017122858564271902,0.005729438609100761,6.933794103852952e-07,2.1210839175646945e-07,2.1626062752163606e-05,8.597109615440526e-05,0.0005301384237303325,0.0001420018602370853,5.293493324657716e-07,1.3928762640059387e-05,3.442799637720259e-07,1.2966256109470811e-07,0.001133201256876945,5.508802052331143e-08,3.951745679330895e-09,2.3156949313092094e-05,4.2135765964511e-05,1.1886481310190594e-05,1.6526620953855484e-09,6.26337323152518e-07,1.9537399566626637e-08,2.3983075472219096e-09
12,4.748218942650372e-05,9.877449086356629e-09,0.9697014039340465,0.0002601031281938117,0.027006174936092454,1.7110764798181658e-06,6.429948070569087e-07,1.1524541041337307e-05,0.00013933410310329176,0.0005847497196760283,0.00031422837715405533,1.1302975112291747e-06,1.4864904947961942e-05,2.515901435012122e-06,2.769778291471567e-07,0.0017169059940871602,9.84244413440374e-08,1.7460157536044482e-08,2.5047903092669636e-05,0.00013253023796998162,3.567701579537869e-05,1.6064430066971293e-09,3.5146651286072745e-06,4.324546411006296e-08,1.0488226730291717e-08
13,3.411849173394433e-05,8.343857680865039e-09,0.990023618453918,0.00018146020973165442,0.00740586672826344,1.2429472724919554e-06,2.754253982925106e-07,2.0366896272133785e-05,0.00011623598245168544,0.0005799796733336033,0.00010119495625004087,4.974492485701776e-07,1.3186840497946304e-05,2.8272567666371144e-07,1.197924425235958e-07,0.0014366015567668367,5.916714009855429e-08,4.2937625895757755e-09,3.283572224399145e-05,3.805349982974201e-05,1.3266266001426308e-05,2.1382939978570287e-09,6.944668796028993e-07,2.5245230516850362e-08,2.7275025736095743e-09
14,2.419092520332171e-05,1.0889833699256279e-08,0.9854541887020822,0.0002187882578049993,0.011795807435208005,1.0038634354266078e-06,1.2496714984314384e-07,1.498398584577606e-05,7.004329841533784e-05,0.0004957590594489289,0.0002231024561983231,3.204201882282441e-07,2.006606448665794e-05,3.3996987323132307e-07,1.3273215425637358e-07,0.001548280271168499,4.0508459078986006e-08,8.502111435049446e-09,4.845527690578128e-05,7.571118267326582e-05,8.195939554481763e-06,1.4118967488780751e-09,4.3023519000519246e-07,1.2178318495286871e-08,1.466393802459721e-09
15,3.1451143223234854e-05,6.708787035721818e-09,0.991808213354186,0.00017343201292486615,0.006062148938377401,7.012096659686355e-07,2.0874212664362565e-07,1.9454309044928426e-05,8.834097139104677e-05,0.0004997344092110145,0.0001537333124287646,5.488711227461726e-07,1.1479444445464806e-05,3.6417437548176137e-07,1.4281337492483399e-07,0.0010741157186648896,5.0573247576334077e-08,3.829562552346758e-09,2.0866454163868483e-05,4.1386503875403065e-05,1.2926846667922246e-05,1.6613782941987137e-09,6.679818447507399e-07,1.7406098296492497e-08,2.6098108321926266e-09
16,2.6854167714504174e-05,5.064642853457614e-09,0.9914384271555602,0.0002025373363876004,0.005678994744266657,8.194762150546363e-07,2.4646787826821673e-07,1.9741693592739706e-05,5.012247595734444e-05,0.0004051212702063007,0.00018421475755107318,8.983625371450215e-07,1.629083505366828e-05,6.616914191416882e-07,1.6803855236040238e-07,0.0018646716055501665,5.8217440068562796e-08,8.663947738431968e-09,1.9805561777460882e-05,6.755265826282885e-05,2.200560575786322e-05,1.5428051376111214e-09,7.691383973197797e-07,2.1627852033827024e-08,1.8406745240760074e-09
17,3.5078332653812535e-05,5.2841824667762616e-09,0.9920935960217842,0.00018135122598064487,0.006138223568312533,4.2874782909831875e-07,2.92681922674618e-07,1.6889854037913913e-05,6.728494230642675e-05,0.0003398733063826878,0.00016148099108245108,8.03529036411645e-07,1.055437201565706e-05,5.784247590170254e-07,1.1245076138269271e-07,0.000886096271107854,5.818392681681922e-08,2.9653930684607857e-09,1.1360586778559245e-05,4.147800042932784e-05,1.3772143815008586e-05,1.6538684100051967e-09,6.560760101380879e-07,1.6895185875764963e-08,3.4904374041700356e-09
18,7.387841045712017e-05,1.0759469820417527e-08,0.9860682901837446,0.00015453801373495555,0.01169376468934259,7.538940746404801e-07,4.5232194854526967e-07,1.6984585534500452e-05,0.00012546287926730308,0.0007499389983459674,0.00021835181795361663,6.333232212533913e-07,1.3601490559603819e-05,9.71655304984406e-07,1.8746793175835628e-07,0.0007755608380506037,1.5145869359481788e-07,5.758363417766794e-09,3.338562990732758e-05,5.7425355922877854e-05,1.4226055337468393e-05,2.602735784173546e-09,1.3685808051735198e-06,4.205058979780184e-08,1.1178702342044525e-08
19,2.2877675091845478e-05,3.589856960786148e-09,0.9939749318793448,0.00013174371278379304,0.004170617257617034,6.177544082010745e-07,2.2099248693134535e-07,1.985789482833782e-05,7.762099555379536e-05,0.0006262638727804975,8.634786985222647e-05,5.126899686829639e-07,1.1386378562344279e-05,1.5858935978685056e-07,7.084715054651556e-08,0.0008214842908609816,4.921672876944001e-08,1.7612112982653377e-09,1.4091950536418137e-05,3.1258747272814006e-05,9.457473398212787e-06,1.682501492881053e-09,4.0462713573611496e-07,1.64140979122004e-08,1.8366105068668464e-09
20,2.582648466963915e-05,1.3064359089626074e-08,0.9931699880945591,0.00024762672453446983,0.004286729263008326,9.84650490316011e-07,1.8885083096701158e-07,3.6293903374949607e-05,9.36832731754307e-05,0.0005276886189672657,0.00019948989457436816,1.041782754161578e-06,1.1501999307771171e-05,3.504949082662656e-07,2.9943232676079975e-07,0.0013149644404083015,4.843029563575713e-08,5.337731950320466e-09,2.1624296200167477e-05,4.2619606394944207e-05,1.8399691959149133e-05,3.762208944597267e-09,6.085588546525765e-07,1.6681680239486192e-08,2.662425138964926e-09
21,3.428047610548874e-05,6.321948311731067e-09,0.9916852485812153,0.00028526236739124497,0.005578141627160435,6.586931622404206e-07,1.9694048688962754e-07,1.9095178520437723e-05,6.990299043114614e-05,0.00043836283810210283,0.00025040100429565615,8.159235190317772e-07,1.2353624523823476e-05,6.582504391044143e-07,1.7632656043185676e-07,0.001532358452347898,4.6090853573903344e-08,5.899937451378498e-09,1.7580697777491194e-05,5.7953830387475496e-05,1.5695657840265264e-05,1.5988492493604904e-09,7.794662098450879e-07,1.4714194773481211e-08,2.4477401304418274e-09
22,2.7507311800045184e-05,3.5670028841096134e-09,0.993126309621083,0.0001863369136859229,0.00475768957734377,4.594988347629726e-07,1.7044744696118387e-07,1.5064981064006736e-05,5.1297944144077976e-05,0.0005283846694923221,0.0001934532071247349,4.913871626753277e-07,1.1885127841190535e-05,3.1100752118400625e-07,1.0075141031012693e-07,0.0010244321415020363,4.8543620627157626e-08,3.6919960791365773e-09,1.4288423947757016e-05,4.952389206571774e-05,1.1724817670626335e-05,1.3143188897752659e-09,4.974184736787366e-07,1.2146199032278795e-08,1.5972479323163674e-09
23,3.1451143223234854e-05,6.708787035721818e-09,0.991808213354186,0.00017343201292486615,0.006062148938377401,7.012096659686355e-07,2.0874212664362565e-07,1.9454309044928426e-05,8.834097139104677e-05,0.0004997344092110145,0.0001537333124287646,5.488711227461726e-07,1.1479444445464806e-05,3.6417437548176137e-07,1.4281337492483399e-07,0.0010741157186648896,5.0573247576334077e-08,3.829562552346758e-09,2.0866454163868483e-05,4.1386503875403065e-05,1.2926846667922246e-05,1.6613782941987137e-09,6.679818447507399e-07,1.7406098296492497e-08,2.6098108321926266e-09
24,3.5929275255204156e-05,7.209125400160744e-09,0.9904090741922168,0.00028648344792184553,0.007038177060856925,7.43690013941582e-07,2.087186284719274e-07,2.0464281437241665e-05,7.855959247618498e-05,0.0005538585314074438,0.0001968409102179125,6.643000704164809e-07,1.4788254713793497e-05,4.6587319047898295e-07,1.3242594065231544e-07,0.001273319034753544,5.0055557695228916e-08,4.718577152445403e-09,2.0305880403176146e-05,5.729492068963332e-05,1.1979669966474615e-05,1.814559926977687e-09,6.270531898206202e-07,1.643868908279573e-08,2.6501406587907932e-09
25,3.526036776127061e-05,3.0735085757097967e-09,0.9937434984647029,0.00019883996102161295,0.0043348360246251135,2.585907377670883e-07,2.1752985831710113e-07,2.466143492230581e-05,5.295029832460101e-05,0.0005203716470512129,0.00024406617211162693,5.894699140317059e-07,1.4714657323564015e-05,4.196270172380483e-07,1.0233089334874056e-07,0.0007555188569280114,5.319274581441897e-08,2.775973756858815e-09,9.509890858085805e-06,5.539775377679274e-05,8.274828255292472e-06,1.1870256190155425e-09,4.3754227482655347e-07,1.2260916749244806e-08,2.061471721466702e-09
26,5.247331721791252e-05,6.567049777944501e-09,0.9893987955628709,0.00014745585986818347,0.008061497804540373,1.0289335522254405e-06,2.9662655729183396e-07,2.1105169958544436e-05,0.00017469726746932577,0.0007717032257741985,0.00011186941198847759,3.864266924533657e-07,1.5020532827227168e-05,2.7730147175722444e-07,1.1835403689429095e-07,0.001153908310603534,7.675060783987643e-08,4.526783518474329e-09,3.393167738238441e-05,4.123069661269955e-05,1.3003272138007376e-05,1.670809056951367e-09,1.076734313606045e-06,3.057999525824725e-08,3.418878576148336e-09
27,4.004190146283854e-05,1.2169047980005916e-08,0.9903176683082486,0.000254889459147594,0.00699407437857501,9.967163896172862e-07,2.4808488187954324e-07,3.0244795634181135e-05,0.0001585649981433878,0.0006872420977730684,0.00021957356065678844,7.038683131915621e-07,1.1863770131062661e-05,3.994860128538302e-07,2.35017166642127e-07,0.0011989137598368965,5.615437181470227e-08,4.5603034776722255e-09,2.730660525213379e-05,4.3581038485077716e-05,1.2549925525031172e-05,2.84614182653678e-09,8.040668890262005e-07,1.819826267392363e-08,4.233347284988393e-09
28,3.1451143223234854e-05,6.708787035721818e-09,0.991808213354186,0.00017343201292486615,0.006062148938377401,7.012096659686355e-07,2.0874212664362565e-07,1.9454309044928426e-05,8.834097139104677e-05,0.0004997344092110145,0.0001537333124287646,5.488711227461726e-07,1.1479444445464806e-05,3.6417437548176137e-07,1.4281337492483399e-07,0.0010741157186648896,5.0573247576334077e-08,3.829562552346758e-09,2.0866454163868483e-05,4.1386503875403065e-05,1.2926846667922246e-05,1.6613782941987137e-09,6.679818447507399e-07,1.7406098296492497e-08,2.6098108321926266e-09
29,3.1451143223234854e-05,6.708787035721818e-09,0.991808213354186,0.00017343201292486615,0.006062148938377401,7.012096659686355e-07,2.0874212664362565e-07,1.9454309044928426e-05,8.834097139104677e-05,0.0004997344092110145,0.0001537333124287646,5.488711227461726e-07,1.1479444445464806e-05,3.6417437548176137e-07,1.4281337492483399e-07,0.0010741157186648896,5.0573247576334077e-08,3.829562552346758e-09,2.0866454163868483e-05,4.1386503875403065e-05,1.2926846667922246e-05,1.6613782941987137e-09,6.679818447507399e-07,1.7406098296492497e-08,2.6098108321926266e-09
30,3.1451143223234854e-05,6.708787035721818e-09,0.991808213354186,0.00017343201292486615,0.006062148938377401,7.012096659686355e-07,2.0874212664362565e-07,1.9454309044928426e-05,8.834097139104677e-05,0.0004997344092110145,0.0001537333124287646,5.488711227461726e-07,1.1479444445464806e-05,3.6417437548176137e-07,1.4281337492483399e-07,0.0010741157186648896,5.0573247576334077e-08,3.829562552346758e-09,2.0866454163868483e-05,4.1386503875403065e-05,1.2926846667922246e-05,1.6613782941987137e-09,6.679818447507399e-07,1.7406098296492497e-08,2.6098108321926266e-09
31,2.5181002424481265e-05,4.270545796360404e-09,0.9956253367769095,9.066844663077626e-05,0.0029470985092829665,3.183482275319167e-07,1.209100500804222e-07,2.1454725818015423e-05,4.6138995611606895e-05,0.00026994512899544226,7.556700912975375e-05,3.691464948078714e-07,1.1769758156891092e-05,1.7907859921843337e-07,8.034291737600836e-08,0.0008350974386759667,4.009597903116829e-08,2.176365126603042e-09,1.7557996828251397e-05,2.3823034873671353e-05,8.94272998989485e-06,1.1262384220012188e-09,2.878659940182557e-07,1.3988545458766995e-08,1.0967157321684957e-09
32,3.3413666457795865e-05,7.124084041078903e-09,0.9919429130161179,0.0001601388164467476,0.005950400581048889,7.013683216155607e-07,1.905086237415287e-07,1.902167073766099e-05,8.450069484656681e-05,0.00047626999653718765,0.00013565371086504205,4.846519368486884e-07,1.2367162114968785e-05,3.3254196111368146e-07,1.2965291618771594e-07,0.0011076751871394622,5.201863852120099e-08,3.877794351989017e-09,2.5554964865790228e-05,3.7797497816366374e-05,1.177328585058828e-05,1.6611802565105983e-09,5.957233432372691e-07,1.824751621607421e-08,2.372838721386424e-09
33,7.959989962360339e-05,1.138608244799518e-08,0.9874000596925199,0.00027328890650782513,0.005817185463102287,1.6875276523936963e-06,4.596974648838504e-07,4.6228740336498044e-05,5.0904103160534943e-05,0.0006389257196542229,6.0240280887824934e-05,7.464749869007057e-07,7.978671583478546e-05,5.144456316705184e-07,7.92662964088492e-08,0.005341910589853076,1.5457984116382007e-07,1.7398723499361412e-08,0.00014441749683018063,5.391670649911037e-05,9.314053748872499e-06,4.1613591948358076e-09,4.2452088607635486e-07,1.206237418501797e-07,1.548774839343961e-09
34,6.082000441816586e-05,4.353153552404733e-09,0.9921805361480895,8.49685649859742e-05,0.006467234859715607,2.173426321864511e-07,1.2176133967503236e-07,1.2708034810107338e-05,6.215589669659556e-05,0.00029425134895632893,0.00013279038326136547,2.0251597825370345e-07,1.106063204754362e-05,3.638745637449616e-07,7.563926951410377e-08,0.000631748195196237,5.331520215883285e-08,2.6573991151376782e-09,2.8823568084337924e-05,2.507881215895015e-05,6.380833187809896e-06,7.171014685307836e-10,3.856563943258976e-07,1.3026679585039809e-08,1.8586777894793e-09
35,3.381453778708679e-05,7.177023126830565e-09,0.9916920913536953,0.0001778655830755895,0.0061239945197770745,7.146391952235997e-07,2.096195573940558e-07,2.1488412745435216e-05,9.795629854372835e-05,0.0005106840500630569,0.00015480333929677388,5.434698679111213e-07,1.1832478435596114e-05,3.4653507868240295e-07,1.4668392155897374e-07,0.0010979310731416714,5.1434271195280726e-08,3.868448352055665e-09,2.2458741159838977e-05,4.0007727084580726e-05,1.2376660076525114e-05,1.764322405620209e-09,6.500614341416295e-07,1.7328434879304407e-08,2.6435629153460256e-09
36,3.0615321254198066e-05,6.497321752245124e-09,0.9918541599416542,0.0001691565086275231,0.006093708102140474,6.840167848508243e-07,1.9208737525056672e-07,1.8081121964123403e-05,8.842045252743388e-05,0.0005030256715711377,0.00014836571532407595,4.805561608576472e-07,1.0883915140274547e-05,3.3070850463509636e-07,1.3445012318571974e-07,0.0010081523316140075,4.68956570068925e-08,3.4786812247007358e-09,2.0534326434668752e-05,3.998917968419772e-05,1.2354975938196689e-05,1.5130016995204234e-09,6.534595175872638e-07,1.629763787670183e-08,2.475359687463674e-09
37,1.5439828040587932e-05,1.4429730393704041e-08,0.9869549518568198,0.00020851838507287003,0.008917562973136246,2.307775902325322e-06,1.6127815695352064e-07,8.363227433537102e-05,0.0008011690485182802,0.0017096071534998796,0.00024924165658295617,5.776894442109015e-07,9.174011498468777e-06,5.862526042350899e-08,3.812370128531919e-07,0.0009675749251079736,3.055152438983899e-08,2.8273697509924487e-09,2.779443566493435e-05,4.273156702834272e-05,8.526958906778477e-06,4.04679894124871e-09,5.273194050977904e-07,6.35957515831189e-09,2.7856068843137395e-09
38,2.927403042932297e-05,7.655211509875168e-09,0.990892828160673,0.00017785899417786216,0.005942778119765196,1.425164574651689e-06,2.8598816152620914e-07,2.1985362952428173e-05,9.09400632563924e-05,0.0005338462414924104,0.00013458649069478772,7.333992767959662e-07,1.6058959162052003e-05,4.091584282828248e-07,1.8540370594565148e-07,0.0020575749305335738,5.962116916247236e-08,7.314755305912509e-09,3.31968851329841e-05,4.442571514467292e-05,2.0572757491677824e-05,2.0877507912067506e-09,9.268228919209e-07,2.8490899090678177e-08,2.182268646865797e-09
39,2.345187977170836e-05,6.1237680702368046e-09,0.9931686609679155,0.0001442588797887181,0.004859781108720663,7.16609321457164e-07,1.725196759536967e-07,1.8999919446613835e-05,7.55266105438178e-05,0.0003943628188295977,0.00010740048604919865,5.382666926044956e-07,1.0491225487422139e-05,2.5397328383047106e-07,1.2155340162168653e-07,0.0011269808795353338,4.320587455567666e-08,3.2320700682107005e-09,1.917634953348891e-05,3.4536453217772776e-05,1.3962749954801615e-05,1.593557490555054e-09,5.350732615411687e-07,1.5665518184615895e-08,1.8547800462220175e-09
40,7.506268858332276e-05,1.564378059052164e-08,0.9737180127965526,0.0015948394972399777,0.006753360778572157,1.1679531277973213e-05,1.123778851125933e-06,0.00028433942156752453,0.0008272340992747811,0.007264403679803624,0.00030226466313506157,1.5290076248166058e-06,6.320347086200128e-05,1.9706958452981678e-07,5.264522158650364e-07,0.008851259042772583,1.215826986736954e-07,2.5751177239708703e-08,7.697134053791825e-05,0.0001503394460734521,2.1080099614082724e-05,1.1470502505210254e-08,2.31248928792867e-06,8.228190772036255e-08,3.916501977458285e-09
41,1.6253019623645663e-05,8.1339721873095e-10,0.9973934628059986,2.231228425939934e-05,0.0014563328285521193,4.364363937831458e-07,1.3825471671100812e-06,5.424406671661956e-06,2.1623999367906086e-05,0.0006826369241719068,3.1628804393284e-05,1.5881812891270307e-06,4.654052423180995e-06,3.5784776930734654e-07,4.8162757611685847e-08,0.00029540525772784926,2.9706663386013804e-07,8.396734151297391e-10,3.5858588495575327e-06,2.2316216016768324e-05,3.86148386787138e-05,2.708652202909362e-09,1.506881804252716e-06,1.1762811125755913e-07,9.589616472580518e-09
42,5.653021996794272e-05,6.029092142358678e-09,0.9852276690327559,0.00020403731363050133,0.012179141287576217,7.454658306251769e-07,4.19366473751657e-07,1.5136715997656549e-05,0.00010961205850743244,0.0008622394890186885,0.00033209170565343967,6.974576643078476e-07,1.4446353992866026e-05,1.3024037898001422e-06,2.174947583671041e-07,0.000871231335623081,9.282947255533418e-08,7.172481039159658e-09,1.9420582312470294e-05,8.42293620209679e-05,1.8715617524855293e-05,1.3591238901578963e-09,1.9699710472956944e-06,3.1698373221883834e-08,7.677310862602248e-09
43,2.0461568584181642e-05,3.646175075152494e-09,0.9930743887685488,0.0001382337321269855,0.004300465035379632,1.0985384517330492e-06,1.8861462973264602e-07,2.8633345636308825e-05,9.014935432209083e-05,0.0008599542965784339,7.276170624665589e-05,4.56100488511464e-07,1.654525123520258e-05,1.1368345191579406e-07,9.478393018445385e-08,0.0013156801040985588,5.2640665398416343e-08,3.2495115997962468e-09,2.1330412894813155e-05,4.3007282349133e-05,1.5840931339972283e-05,1.6235818931129218e-09,5.125928501696819e-07,2.1666993551920586e-08,1.0699292384108322e-09
44,3.1451143223234854e-05,6.708787035721818e-09,0.991808213354186,0.00017343201292486615,0.006062148938377401,7.012096659686355e-07,2.0874212664362565e-07,1.9454309044928426e-05,8.834097139104677e-05,0.0004997344092110145,0.0001537333124287646,5.488711227461726e-07,1.1479444445464806e-05,3.6417437548176137e-07,1.4281337492483399e-07,0.0010741157186648896,5.0573247576334077e-08,3.829562552346758e-09,2.0866454163868483e-05,4.1386503875403065e-05,1.2926846667922246e-05,1.6613782941987137e-09,6.679818447507399e-07,1.7406098296492497e-08,2.6098108321926266e-09
45,3.153632924701512e-05,6.008666361383608e-09,0.9894613589363126,0.0001562626783440945,0.00899946127980306,4.912376945552843e-07,1.6044660526746252e-07,7.00655203069353e-06,8.069411440212083e-05,0.0004253443283403433,0.0002059641378818403,4.5837082571121076e-07,6.043820189030764e-06,5.651590091427899e-07,1.1831497724677922e-07,0.0005534884688629294,4.375205403295555e-08,2.4951613693916207e-09,1.2651673087180386e-05,4.4216828495216494e-05,1.3101948859299726e-05,1.0510659352919585e-09,1.0053831206288533e-06,1.170658191260381e-08,4.9783821138778194e-09
46,3.1573839291955356e-05,2.023629250048793e-09,0.9956005008963317,0.0001273103254982082,0.0026131596703095642,4.62336168785543e-07,2.1766104250324414e-07,1.5740249633886887e-05,3.8911643428048066e-05,0.0005606519402592697,5.6532877686231954e-05,5.337050954722089e-07,1.3591959850521052e-05,1.1756574397999919e-07,3.2188547654365274e-08,0.0008907086331621051,8.207878601962788e-08,1.3015021109431524e-09,1.2445928629318872e-05,2.7072391706342788e-05,1.0054132823968423e-05,1.874146081917183e-09,2.7413839903663334e-07,1.938915496804674e-08,1.2491729050563357e-09
47,4.460024935961233e-05,3.2879237783700855e-09,0.9947287184177751,0.00014711509188167045,0.0029959891133038404,4.674577913754978e-07,2.3024381742216686e-07,2.2359679439900525e-05,5.24487424219811e-05,0.00041422452680187885,6.554092191571648e-05,4.801390315566652e-07,1.7803769891131023e-05,1.883808557415983e-07,4.9473012087473635e-08,0.0014532951093035689,6.643604635171495e-08,2.384566957363146e-09,2.3117926364859302e-05,2.4408766324940012e-05,8.539914882748394e-06,1.6770765949061793e-09,3.2368255752844634e-07,2.3414449416105853e-08,1.1932041927309393e-09
48,4.198976094930968e-05,6.432551603021229e-09,0.9925292151076911,0.00013896245427340195,0.005128796841089803,8.001222576502082e-07,2.3208575463622282e-07,2.535806172616931e-05,8.02193966399669e-05,0.000650065574049155,9.072749003641959e-05,4.45582325386793e-07,1.824407099534298e-05,2.5214390901791435e-07,9.941071580531843e-08,0.0012116676788512912,7.64058912059782e-08,3.848445764606126e-09,3.653343118277975e-05,3.570019886980175e-05,1.0064542284238687e-05,1.9873055430320428e-09,5.042954046993307e-07,3.0929399305445716e-08,2.1474003969360692e-09
49,1.717191651483513e-05,5.311878897679264e-09,0.9943570278717263,0.00013260624034015314,0.003911463569213074,6.869572754281597e-07,1.5305982636879047e-07,1.7225928126546946e-05,6.807741746999966e-05,0.0003954687040521465,9.071013364312902e-05,5.750966971466688e-07,8.829790799596076e-06,1.6859161091291395e-07,9.803362175580316e-08,0.0009412325010731518,3.740100006158383e-08,2.192302597758909e-09,1.4497690884351722e-05,3.080599283358477e-05,1.2724505737557837e-05,1.784626202806515e-09,4.1509318832814545e-07,1.2637781527741719e-08,1.5777762295200252e-09
50,6.118748502637477e-05,3.2810181047787685e-09,0.9916889138179273,0.00015499150878858743,0.005885928970320468,4.5214021259108103e-07,4.019783286120299e-07,2.5986141949470507e-05,7.482599942963381e-05,0.0009473857123066349,0.00014942476507139653,4.4270508962427466e-07,2.1264722162609167e-05,4.784906192964861e-07,8.705911966266502e-08,0.0009055381937582203,1.0382140388066645e-07,3.5112909146020196e-09,2.3554065784483297e-05,5.0691440856013695e-05,7.667841436724123e-06,1.3808079992508538e-09,6.259028703581855e-07,3.577112482466697e-08,3.293295898924209e-09
51,2.9352102111916344e-05,1.2144222067336122e-08,0.9921489451193493,0.0002918199587781208,0.005321489815494848,8.447053371470965e-07,1.8128329696662043e-07,2.836931837243259e-05,0.00010051833739233948,0.0005021809256094471,0.00021293238184743948,7.527586889373712e-07,1.1164689679727763e-05,3.786995766279158e-07,2.292009901576833e-07,0.0012699121661174121,4.1734350664339436e-08,4.60534386417825e-09,2.1147510794383213e-05,4.5491347749240044e-05,1.3582515552291975e-05,2.6863166301725105e-09,6.289829171351513e-07,1.415930986015228e-08,2.8508011693969057e-09
52,2.0099410363890833e-05,4.403617303237385e-09,0.9948178859407368,6.698175371235573e-05,0.0043036724795013255,2.1970455082056621e-07,1.5336401469281032e-07,6.66683710466816e-06,4.6835696521337495e-05,0.00014395091756480054,7.213638677388633e-05,3.2309892015406293e-07,4.404587431738161e-06,2.416453003609345e-07,5.8741008870632694e-08,0.0004815722662332902,3.55615003618741e-08,9.240753575749423e-10,8.704504931126402e-06,1.5797180453739436e-05,9.826977512599511e-06,9.057620002022054e-10,4.146798024343806e-07,9.636834819292096e-09,2.3957712716679435e-09
53,2.5673763889381505e-05,4.099599930860222e-09,0.989680687073914,0.00021357379307858804,0.007915514462398226,7.771111803480725e-07,4.947050796481476e-07,1.4882202490965531e-05,9.453865743062121e-05,0.0005648926152956879,0.00023402926316885424,9.451776930030134e-07,1.0369223568195553e-05,6.716004883108993e-07,1.6440577587074188e-07,0.0011382207391353693,5.999433260411246e-08,4.84981862755431e-09,9.077912778213861e-06,7.119718000547288e-05,2.269723601621131e-05,1.5270646778381447e-09,1.497503401410875e-06,2.0610017309696636e-08,4.292378603244267e-09
54,5.7818756689059394e-05,2.8319698932195947e-08,0.9874561889981577,0.00032274074126998416,0.009695198438829197,1.1714321595143936e-06,3.951554367643328e-07,2.9544973919595202e-05,0.00018049300434712942,0.000605542279376453,0.00029761033574133926,9.106913886268194e-07,9.94734096670259e-06,9.829085053358121e-07,4.196122773352703e-07,0.001246185759654141,7.561746618425328e-08,6.068184664069275e-09,3.754183377085991e-05,4.092086991843135e-05,1.505689550131626e-05,4.605001094914876e-09,1.1771132870378757e-06,2.750488803308946e-08,1.0743564666110553e-08
55,3.5455000857757664e-05,7.945607330590564e-09,0.9899954682903132,0.00021718010602541594,0.0069775245923081545,1.1027128669814985e-06,3.742331839120892e-07,3.680228449281289e-05,0.00013360345138665054,0.000514896703447069,0.0001573263782259713,1.385191812186134e-06,1.8408607547587804e-05,5.28230521141466e-07,1.8251864785429698e-07,0.001814804634292502,6.87404741699241e-08,6.907238887752464e-09,2.2463011350636338e-05,5.518476940343909e-05,1.6345182322358522e-05,2.7608627759954883e-09,8.476384196766024e-07,2.656031979247513e-08,3.548072104462653e-09
56,3.310628426922095e-05,6.4726199407150506e-09,0.9919281797002321,0.0001787514596148625,0.005829578728203528,7.265899242735813e-07,2.1406621370639023e-07,2.15238839974481e-05,8.682393210904158e-05,0.0005262814079557659,0.0001451009288552145,5.524923761914121e-07,1.3606159990203518e-05,3.496367216931165e-07,1.3389816794552922e-07,0.0011557796043337467,5.3909422488935745e-08,4.078039322836785e-09,2.2346288965229995e-05,4.362831298040076e-05,1.258009743064852e-05,1.67658751723929e-09,6.487965050539366e-07,1.915670655697979e-08,2.4377778199448622e-09
57,1.3532117427375495e-05,2.8866242982917536e-09,0.9950402449941328,7.007448210457324e-05,0.003764108042898248,3.6598098133211665e-07,1.1233667032367554e-07,1.1739019125043133e-05,4.536786435576609e-05,0.0002832962771881554,5.962438485376073e-05,3.725457050565347e-07,8.537315589869111e-06,1.310296673372512e-07,5.123398003729059e-08,0.0006555837582303759,3.4023128694654355e-08,1.3426737543001555e-09,1.1381255520515369e-05,2.604901098225984e-05,9.102162943467604e-06,9.173121562938175e-10,2.756629366014491e-07,1.0309380248305045e-08,1.0455877727336827e-09
58,3.349200853096327e-05,6.365741398589983e-09,0.99212443501287,0.00015667163758061395,0.005638286301135649,7.860741139111974e-07,2.3406766917229713e-07,2.091180539820518e-05,8.193360725007591e-05,0.0005606261538403653,0.00012286169535207634,5.700669648796072e-07,1.4298061941557534e-05,3.5358062525603695e-07,1.3063235811366187e-07,0.0011633231387119499,6.066436720586434e-08,4.2564796667281125e-09,2.4256833128739197e-05,4.241755832420473e-05,1.3609065862738904e-05,1.7708839251329995e-09,7.022068365025104e-07,2.49281202887328e-08,2.505912601102384e-09
59,2.7268766906037902e-05,5.32160852870961e-09,0.9932216493901692,0.00013109279692818417,0.004921492690619435,6.057824566530344e-07,1.8858098391743775e-07,1.7434830932402667e-05,6.741443121310178e-05,0.000445548166231786,0.00010520963862517008,4.777463154170552e-07,1.1946276819720497e-05,2.8407177654032275e-07,1.0555114077138169e-07,0.0009796555011060194,5.0422574525930775e-08,3.167903085155375e-09,1.9465563499428245e-05,3.714086929873884e-05,1.2369510057135935e-05,1.4311166194535895e-09,5.68022005712383e-07,1.9457375280246724e-08,2.0123362791296324e-09
60,3.1451143223234854e-05,6.708787035721818e-09,0.991808213354186,0.00017343201292486615,0.006062148938377401,7.012096659686355e-07,2.0874212664362565e-07,1.9454309044928426e-05,8.834097139104677e-05,0.0004997344092110145,0.0001537333124287646,5.488711227461726e-07,1.1479444445464806e-05,3.6417437548176137e-07,1.4281337492483399e-07,0.0010741157186648896,5.0573247576334077e-08,3.829562552346758e-09,2.0866454163868483e-05,4.1386503875403065e-05,1.2926846667922246e-05,1.6613782941987137e-09,6.679818447507399e-07,1.7406098296492497e-08,2.6098108321926266e-09
61,2.7450122449833384e-05,5.3860240494042286e-09,0.9930622343416898,0.00012759881501858483,0.0051429196324107385,5.925856997899263e-07,1.8601061544702811e-07,1.613624064602945e-05,7.027151560831646e-05,0.00042960777079975224,0.00011011379885899433,4.669653027543733e-07,1.0847497641348547e-05,2.8779094896961403e-07,1.0665927847243272e-07,0.0009343820897456211,4.9153369968575953e-08,2.968194865608577e-09,1.913922483898198e-05,3.469255213265189e-05,1.231688615225145e-05,1.4135950283544823e-09,5.706273104595895e-07,1.7835187661690764e-08,2.116479701578084e-09
62,3.1451143223234854e-05,6.708787035721818e-09,0.991808213354186,0.00017343201292486615,0.006062148938377401,7.012096659686355e-07,2.0874212664362565e-07,1.9454309044928426e-05,8.834097139104677e-05,0.0004997344092110145,0.0001537333124287646,5.488711227461726e-07,1.1479444445464806e-05,3.6417437548176137e-07,1.4281337492483399e-07,0.0010741157186648896,5.0573247576334077e-08,3.829562552346758e-09,2.0866454163868483e-05,4.1386503875403065e-05,1.2926846667922246e-05,1.6613782941987137e-09,6.679818447507399e-07,1.7406098296492497e-08,2.6098108321926266e-09
63,3.307376136914206e-05,9.104328369721886e-09,0.991387992761044,0.00018441324919330986,0.00639291625356779,8.199368990239976e-07,2.0850189386409138e-07,2.0843471192077008e-05,0.00010093229371335178,0.0004993448964458677,0.00015925182995731886,5.670804932187015e-07,1.149111410368098e-05,3.658427209582999e-07,1.683877247452005e-07,0.001128406777709958,5.2140872354029784e-08,4.241492613667447e-09,2.4945983571329024e-05,3.998122679217495e-05,1.3488753934038329e-05,2.026771829992768e-09,6.99252079223226e-07,1.8147020654590013e-08,2.965109260555439e-09
64,2.1787482052608557e-05,4.864781260866069e-09,0.9934819161006461,0.00011983653639903765,0.00486546130490121,5.713950503355937e-07,1.645485705882117e-07,1.3388070579786525e-05,6.339951255013515e-05,0.000357376779348093,0.00010553273517485489,4.956553960696801e-07,8.825839063779334e-06,2.602241034252216e-07,1.0226865178520407e-07,0.0008979023637320574,4.336497409302386e-08,2.5751970763200655e-09,1.4890228627880365e-05,3.27359168803133e-05,1.4728625561892633e-05,1.3234268103811207e-09,5.562692504679194e-07,1.4132712370990467e-08,1.88236798574864e-09
65,2.9889468778451527e-05,8.769439299740557e-09,0.9909582156168757,0.00018819736405735864,0.006781515461028863,9.458115234886941e-07,2.5469241197957325e-07,1.84234525260791e-05,8.808569032681215e-05,0.00046152780967555836,0.00014081075793828012,6.77652483048357e-07,1.1805568406109694e-05,4.6063565178248504e-07,1.7156750713706706e-07,0.0012272764119023504,5.762512565276624e-08,5.193416531467414e-09,2.1260131939206742e-05,5.062074436428085e-05,1.879744092880701e-05,1.949196397031513e-09,9.627228706824424e-07,2.4021231188946225e-08,3.440394638106739e-09
66,6.38356668571312e-05,1.7583699237612425e-07,0.9856637963840198,0.0011804925785487415,0.006884761189237176,4.44118176215393e-06,4.344484842912396e-07,0.00014404518963817214,0.0004614295417021757,0.0011417627665839076,0.0013131977482476595,5.8485187355551715e-06,1.0155039960153915e-05,2.5131935180561417e-06,6.115227216373401e-06,0.0029295652735235444,7.861236358844138e-08,3.498912132150389e-08,5.3147282882839384e-05,7.735399248993583e-05,5.302204081309804e-05,2.7214650122055304e-08,3.7020028853645868e-06,3.63016752074976e-08,2.777809132602146e-08
67,3.948956197075521e-05,4.977047247835894e-09,0.9910867644965857,0.00013091651095946687,0.007072066957041909,3.6830602251794563e-07,1.4461968321577282e-07,2.3238202694056848e-05,0.00010705744192859745,0.0005174127731115137,0.00015717873287841118,3.0717901490815447e-07,1.171381453770091e-05,2.481974859343255e-07,1.0328791287680838e-07,0.0007928490834254731,4.256540587092426e-08,2.4338988504401326e-09,2.406809201043262e-05,2.92098115220999e-05,6.450448762349524e-06,1.136900790829109e-09,3.489693334062141e-07,1.0690405897942825e-08,1.7094597440321187e-09
68,6.840738249505134e-05,6.8748290539030265e-09,0.9899777136323495,0.0001971950865548785,0.007789000728207817,3.943520028187474e-07,1.984483960146732e-07,1.5471333880506286e-05,9.723110000339465e-05,0.000524037336531296,0.00018334815309310268,2.632896945397441e-07,1.3998673790830581e-05,4.728323273607254e-07,9.389199417534582e-08,0.0010569889600814664,5.791127561886166e-08,3.191732492600253e-09,3.5943647232847224e-05,3.289491461859075e-05,5.686162789698376e-06,1.19133772337431e-09,5.704435457327817e-07,1.7534323747702473e-08,2.9269117506530578e-09
69,3.816269193699991e-05,6.713214650904465e-09,0.9928214353333076,0.00013649083251692686,0.005134803763730807,5.823543816159965e-07,2.0916768997834486e-07,1.8738113334854525e-05,6.564519719321929e-05,0.000375366290686713,8.119252813464965e-05,4.232192099432107e-07,1.3567915809976396e-05,3.2965274052224306e-07,8.57057775516131e-08,0.001246965776716607,5.290308243600172e-08,2.903948767249847e-09,3.120092207773888e-05,2.5579579409259548e-05,8.713079260525153e-06,1.5617577168430906e-09,4.174679235771229e-07,2.4352300715600623e-08,1.9738568036681087e-09
70,7.700597665250435e-05,1.0658079172753144e-08,0.9877315230772095,8.985743803753356e-05,0.010212808191439118,6.007705593545086e-07,3.5638955928470823e-07,2.021506627019628e-05,9.167060236260868e-05,0.0006266521746042056,0.00017055090876509518,6.109729903897488e-07,1.8212971758145876e-05,1.1439652288433941e-06,2.2576981098396566e-07,0.0008464603291771401,1.605215319390559e-07,8.264043720600792e-09,4.969039481739408e-05,4.502457447735618e-05,1.593027730345821e-05,2.2186024968429214e-09,1.2105448764158117e-06,6.062940917990899e-08,7.31243412755932e-09
