,0,1,2,3,4,5,6,7,8,9,10,11,12,13,14,15,16,17,18,19,20,21,22,23,24
0,6.793991190661561e-07,2.3758034118746933e-05,0.0016234400024611297,1.0581712306536926e-05,2.839976730473981e-05,0.00030293250585891016,9.983230843647026e-06,0.00011828954248989848,4.079018332823645e-08,8.327217421395615e-06,0.00010006254084214661,1.1571765045752504e-06,1.7937823815873964e-06,1.827438565353109e-06,0.009086441782340898,5.133584749529072e-07,4.87868121396809e-07,8.03936107753751e-10,0.010450354413268765,9.178582378274444e-07,0.9755683820742763,0.002657845930077772,3.726756398151249e-06,4.6067021541571064e-08,9.947445369986868e-09
1,8.466181773882083e-07,2.9044976587427522e-05,0.001794119934392337,1.188760471655904e-05,3.4640283573751544e-05,0.0004100104974217979,1.2262336889108028e-05,0.00016478937349694736,6.31090537970453e-08,1.150081280972105e-05,9.916963813414817e-05,1.261277295713755e-06,2.240588286981942e-06,1.854670069379362e-06,0.009747687384803042,7.997482906314781e-07,5.694700359870931e-07,8.734298829154364e-10,0.01455066612479771,1.2167160243155605e-06,0.9702956995929403,0.0028253746793979297,4.230393310197366e-06,5.2443087462803615e-08,1.0852977670167115e-08
2,6.787345788807218e-07,2.1391683005990682e-05,0.0016142450179246193,1.0213265563583367e-05,3.0446162236490395e-05,0.0003209456675236392,1.168289738059766e-05,0.00014179277784609937,5.179213302020654e-08,1.0394581571201322e-05,8.508572496177058e-05,9.79318127366379e-07,1.6244067328711369e-06,1.8768553056398546e-06,0.010598827744363317,5.67419833750014e-07,4.260596008978809e-07,7.965648126620041e-10,0.011826642387392082,1.378452098103202e-06,0.9721978952109677,0.0031182738974074244,4.514883328719304e-06,5.202679674179667e-08,1.2236754689996192e-08
3,6.393067079392072e-07,2.2660687930773893e-05,0.0015672357083235456,1.0274381163297716e-05,2.6838440617184966e-05,0.0003366927144538719,1.0097690467355476e-05,0.00012208919065041007,3.9793615744573875e-08,8.455864209554699e-06,9.2601237731034e-05,1.1516048280723352e-06,1.802609490621263e-06,1.796235048528958e-06,0.00896773796229033,5.493383150789684e-07,4.840947714812376e-07,7.876725229355498e-10,0.010772517221392655,1.0154518256933247e-06,0.9754488348873277,0.0026025844918970763,3.846514428579024e-06,4.422567216089984e-08,9.559168775089293e-09
4,6.297414900508736e-07,2.5000133232235507e-05,0.0015635922729459104,1.0961844499522542e-05,2.941121403707097e-05,0.0003422449336071791,1.0603271840157318e-05,0.000122072605921266,4.224763896566198e-08,8.519867807600571e-06,0.00010169710547706306,1.3553583486381274e-06,2.1522620484931296e-06,2.086906871323631e-06,0.00844576256666187,5.703254590942288e-07,5.307362127113017e-07,8.853803334989762e-10,0.010731291984479613,1.0458446526817334e-06,0.9758856483762174,0.002710711934092825,4.0137702090263565e-06,4.354702976394262e-08,1.0263839164502527e-08
5,6.610070132046145e-07,1.8854846615633738e-05,0.0015059005453393094,1.1286055012024926e-05,2.5846241896194515e-05,0.00028385427367673275,9.91281548442935e-06,0.00011689109250900999,3.685709673573351e-08,8.771191516498731e-06,8.925085724477999e-05,1.1033352426742535e-06,1.6283594812458895e-06,1.8201910660983703e-06,0.008110499920753926,5.357523478734174e-07,4.666380388525058e-07,9.453372260176848e-10,0.009098133682459769,1.0704530864799209e-06,0.9782948356629989,0.002414665759758884,3.91433177428083e-06,4.885361075208244e-08,1.0330638625559643e-08
6,6.393067079392072e-07,2.2660687930773893e-05,0.0015672357083235456,1.0274381163297716e-05,2.6838440617184966e-05,0.0003366927144538719,1.0097690467355476e-05,0.00012208919065041007,3.9793615744573875e-08,8.455864209554699e-06,9.2601237731034e-05,1.1516048280723352e-06,1.802609490621263e-06,1.796235048528958e-06,0.00896773796229033,5.493383150789684e-07,4.840947714812376e-07,7.876725229355498e-10,0.010772517221392655,1.0154518256933247e-06,0.9754488348873277,0.0026025844918970763,3.846514428579024e-06,4.422567216089984e-08,9.559168775089293e-09
7,9.756479671016205e-07,3.388398039720492e-05,0.002736519313856149,1.2343398382886914e-05,3.157301450779361e-05,0.0003817185712468678,1.1251581786330462e-05,0.00018617713315109753,4.333932999291504e-08,7.989008814696993e-06,0.00012190547815396491,1.5500845611946566e-06,3.3123764792784042e-06,1.7197395781215819e-06,0.00914975953414156,5.714789390621656e-07,6.186254363661567e-07,9.44818949664485e-10,0.015218281094154207,9.890112591965945e-07,0.9692665779645506,0.00282905993267438,3.12045887565478e-06,5.05875965203975e-08,7.699340863895725e-09
8,6.92847805607468e-07,1.887011319854369e-05,0.0017702165905051702,1.2516915481615492e-05,3.086572056117379e-05,0.0002737045302458548,1.0555188539357383e-05,9.617972841173913e-05,4.831978122863888e-08,1.1083355639175248e-05,0.00010268179485076446,7.632694185186035e-07,1.1727125750227905e-06,2.24178564642366e-06,0.012755254680488833,4.768012735348225e-07,3.872810934141876e-07,8.729566447224142e-10,0.007601534986816585,1.1458943530330803e-06,0.9745395988144494,0.0027652877395492495,4.616056627948669e-06,8.901776711621545e-08,1.498196406363302e-08
9,6.409330992800084e-07,1.7315892412444e-05,0.0019501498336553142,1.216727379442135e-05,2.7685085276816723e-05,0.0003189855375448933,8.139845907413323e-06,0.00011640295703912124,4.003225209437831e-08,1.0050210438087952e-05,9.746427277298226e-05,8.496787742994064e-07,1.4867025521873972e-06,1.9569844812322844e-06,0.010126882886298144,5.397215942638762e-07,4.328814721071717e-07,7.562523182002181e-10,0.009599452586637781,1.219741335837339e-06,0.9751130880047252,0.002590685537667257,4.284686904928283e-06,6.869816821755776e-08,9.258943312951645e-09
10,6.393067079392072e-07,2.2660687930773893e-05,0.0015672357083235456,1.0274381163297716e-05,2.6838440617184966e-05,0.0003366927144538719,1.0097690467355476e-05,0.00012208919065041007,3.9793615744573875e-08,8.455864209554699e-06,9.2601237731034e-05,1.1516048280723352e-06,1.802609490621263e-06,1.796235048528958e-06,0.00896773796229033,5.493383150789684e-07,4.840947714812376e-07,7.876725229355498e-10,0.010772517221392655,1.0154518256933247e-06,0.9754488348873277,0.0026025844918970763,3.846514428579024e-06,4.422567216089984e-08,9.559168775089293e-09
11,6.637818108229581e-07,2.4020070290132727e-05,0.0016228592625409392,1.0787277154386586e-05,2.7642352308538317e-05,0.0003513520971045813,1.0559117243381746e-05,0.0001319243627220744,4.157821737272325e-08,8.61731412694506e-06,9.560294234815209e-05,1.255850094124112e-06,2.03664637450103e-06,1.8697323224353032e-06,0.00877589403000027,5.824548182865888e-07,5.261379269912124e-07,8.404938735594942e-10,0.011314802577483875,1.0573274318715536e-06,0.9749369679884348,0.002676961164935533,3.921109622635708e-06,4.4323828720586365e-08,9.660364646812013e-09
12,4.999444792085917e-07,2.702598770393601e-05,0.001177250082601741,1.0568727614000162e-05,4.723335869132624e-05,0.0003851069243455568,9.788300120175938e-06,5.0455065173614136e-05,4.207248694959774e-08,6.794979089062696e-06,9.262997557138653e-05,1.489369374403772e-06,1.3580793492936256e-06,3.463140131142789e-06,0.0073840290072267264,4.2894298202919277e-07,3.7898711728440376e-07,1.261990136066493e-09,0.005923264600083765,1.2407176409204956e-06,0.9832494721488522,0.0016216644710603822,5.748366486378789e-06,4.47532589719213e-08,2.073656962702736e-08
13,6.22435441350452e-07,2.255150406268181e-05,0.0015664050835350293,1.0828849861756932e-05,2.8355671046343965e-05,0.00031147134391611847,9.27332794503484e-06,0.00011308614686853216,3.7933473808085864e-08,7.520275320824464e-06,0.00011385318000677958,1.2086896071940926e-06,1.9686793822582225e-06,1.9327381110014938e-06,0.009135075684856202,5.200800065658834e-07,4.84879824450126e-07,7.800175037538368e-10,0.010363861479995991,9.259487866011663e-07,0.9758088567914371,0.002497034850956757,4.0685207718476625e-06,4.616526170511751e-08,8.95950639927708e-09
14,9.355625885207158e-07,5.3756884271004956e-05,0.0017165444087670785,7.1544595908191165e-06,3.3202364793130956e-05,0.000664388277639246,9.32194020094683e-06,0.00012184893128734622,3.5511899128832326e-08,5.7638379960342785e-06,0.00011092016703446422,2.9522997181687553e-06,3.88697173753976e-06,1.7452814967577653e-06,0.006162943345637389,7.647987023634551e-07,5.778878859337567e-07,9.34033752231742e-10,0.02293106757136067,8.463719762388837e-07,0.9662885876212535,0.0018797597678143407,2.9625337863256752e-06,2.585213618016005e-08,6.416393214713238e-09
15,6.393067079392072e-07,2.2660687930773893e-05,0.0015672357083235456,1.0274381163297716e-05,2.6838440617184966e-05,0.0003366927144538719,1.0097690467355476e-05,0.00012208919065041007,3.9793615744573875e-08,8.455864209554699e-06,9.2601237731034e-05,1.1516048280723352e-06,1.802609490621263e-06,1.796235048528958e-06,0.00896773796229033,5.493383150789684e-07,4.840947714812376e-07,7.876725229355498e-10,0.010772517221392655,1.0154518256933247e-06,0.9754488348873277,0.0026025844918970763,3.846514428579024e-06,4.422567216089984e-08,9.559168775089293e-09
16,4.1282654073359726e-07,1.2548678054290022e-05,0.0009435202652585841,7.460736181526028e-06,1.773061028897705e-05,0.00018807061269724158,7.176081838559396e-06,6.990395525029503e-05,1.9887679069021078e-08,6.8745465658769495e-06,5.773417751834573e-05,9.923443629354545e-07,1.0036935851325015e-06,1.4579629313003616e-06,0.005156699397860996,3.708124031716516e-07,3.0554408292930405e-07,8.159422509933309e-10,0.0060240665362089225,7.909444186598853e-07,0.9856234040425057,0.0018767791174820036,2.6405489324468014e-06,2.7496939785165242e-08,8.364470188120215e-09
17,5.866109823487631e-07,2.0234100937515063e-05,0.0012467817059921642,8.723981182291092e-06,2.406695450789065e-05,0.00023422754241902348,8.866467019847327e-06,0.00010434531295509115,2.9720356666005845e-08,6.848771747952212e-06,8.213285272517744e-05,1.418265956337443e-06,1.7943951342360978e-06,1.8484937783315114e-06,0.006134932330724559,4.3985698983277506e-07,4.58218341218372e-07,9.640974190233775e-10,0.009381453626493789,9.473371618010641e-07,0.9802470614467985,0.0024890659908200995,3.69297039194225e-06,3.1835284846086876e-08,1.0247201123329768e-08
18,6.1011395768274e-07,2.2748815180220086e-05,0.001108424645046849,8.839772798964032e-06,2.262918089904008e-05,0.000285979503750855,1.1943839950688834e-05,0.00010630845262641977,4.0853907916516373e-08,9.355801433176834e-06,8.326513194483177e-05,1.4179273525954048e-06,1.7198635717328266e-06,2.134869680366244e-06,0.007741322843939755,5.402102587630686e-07,5.784211024765513e-07,1.0480505053815093e-09,0.009627327991014753,1.073587086507075e-06,0.9777179706972668,0.0032412377114989007,4.4756618589817575e-06,3.780010731435238e-08,1.5255713897020367e-08
19,6.582437611511057e-07,2.5648678184608175e-05,0.0018408264908854853,1.145570002154371e-05,3.1839257957276583e-05,0.0003148227534632409,1.0458524287093356e-05,0.0001413450731593274,4.1126720495728976e-08,8.301379614205144e-06,9.681418678256513e-05,1.4414332318845686e-06,2.3278710707926565e-06,1.9843959393424493e-06,0.007919329341459018,5.363826395998123e-07,5.202085806405963e-07,9.027498079902273e-10,0.01145478671736967,1.0539308955002318e-06,0.9752712729712163,0.002861105378721481,3.3784442507105263e-06,4.152401536091436e-08,9.08302291770471e-09
20,4.402739622975726e-07,1.6280764468616018e-05,0.0013868205499428736,9.12470295946739e-06,2.1033603112322867e-05,0.000291090912385932,9.53143322268509e-06,0.00011784131203999184,3.123267158411839e-08,7.3252995170921324e-06,8.284536713811975e-05,8.108457540423452e-07,1.3612583580728952e-06,1.5957051661498197e-06,0.01102082737477097,4.3109582469718057e-07,3.767493584389271e-07,5.404428699399013e-10,0.009201708978614925,9.381983492047835e-07,0.9749198735024917,0.0029059167512879096,3.7447163435858546e-06,4.076520590760254e-08,8.066610615934432e-09
21,6.38868469226102e-07,2.2420234586308182e-05,0.0015391720997074867,1.0202923007958726e-05,2.6914137040620656e-05,0.0003263851108188188,9.81279412289645e-06,0.00011916799473540931,3.9000835826637926e-08,8.344094979490886e-06,9.184003359952486e-05,1.1626615891944877e-06,1.7807324393785632e-06,1.7855370458750025e-06,0.008635452548537193,5.427506268882166e-07,4.7500065772027e-07,7.973592284418842e-10,0.010555391392288603,9.992970662956154e-07,0.976113750039711,0.0025298783100479957,3.7906786876429737e-06,4.3492959919407526e-08,9.46907953064901e-09
22,5.483011276231057e-07,1.5291379196413808e-05,0.0014857699938773598,9.911966443064645e-06,1.973630900723897e-05,0.00026481345041729024,7.299631166007246e-06,0.00010022595185572823,2.6339836003080815e-08,7.76396473709447e-06,8.632536018998526e-05,1.0186813307596896e-06,1.4200036347459243e-06,1.527263581700063e-06,0.00740036390962529,4.7018721849413067e-07,4.589249407428601e-07,7.472589045741236e-10,0.008445750790215168,8.694964585945024e-07,0.9798528388761666,0.0022944313931146753,3.088207582565933e-06,4.19130614776869e-08,6.957956463431303e-09
23,6.393067079392072e-07,2.2660687930773893e-05,0.0015672357083235456,1.0274381163297716e-05,2.6838440617184966e-05,0.0003366927144538719,1.0097690467355476e-05,0.00012208919065041007,3.9793615744573875e-08,8.455864209554699e-06,9.2601237731034e-05,1.1516048280723352e-06,1.802609490621263e-06,1.796235048528958e-06,0.00896773796229033,5.493383150789684e-07,4.840947714812376e-07,7.876725229355498e-10,0.010772517221392655,1.0154518256933247e-06,0.9754488348873277,0.0026025844918970763,3.846514428579024e-06,4.422567216089984e-08,9.559168775089293e-09
24,6.059795991003594e-07,2.4011434988532456e-05,0.0015510105390000918,1.2553467911606654e-05,3.698777692736747e-05,0.00031746749892777755,9.28511748864334e-06,0.00011842248098151213,4.244892618864889e-08,8.230899750504863e-06,0.0001060195449472929,1.4680791290993978e-06,2.2875633597000864e-06,2.3837553011702844e-06,0.007254226723269678,5.998903812463467e-07,4.932757673661811e-07,9.627821824992094e-10,0.01005383719249808,1.1014054859914851e-06,0.9781025533464284,0.0023921335657361696,4.223361234575769e-06,4.3819707543837934e-08,9.869470454554616e-09
25,6.603851481960287e-07,1.917476131809891e-05,0.0015535860382065968,1.0798688715624677e-05,2.5623457802279716e-05,0.0002718352289450916,9.597304106970307e-06,0.00013641650942605317,3.495339310019884e-08,7.929642379726565e-06,9.336954399867169e-05,1.0968409336212353e-06,1.852697911712158e-06,1.5947318727077813e-06,0.00815057340134348,5.380136329723759e-07,4.4995670039824544e-07,8.015227935559884e-10,0.010715918840202116,9.66183343497545e-07,0.9765733846328888,0.0024209667266110245,3.580822153719406e-06,4.174273475890094e-08,8.09470808237841e-09
26,1.0758553370810225e-06,3.0127627281229612e-05,0.0019850908810783844,1.4933931997705718e-05,3.589473950259792e-05,0.0004093938483667351,1.1281533165560701e-05,0.0001476038672390484,6.869115608095475e-08,1.000478700737253e-05,0.00013458863480123078,1.1256033178911112e-06,2.1814374492063167e-06,2.0612726337755775e-06,0.011462790162000016,6.76745811944775e-07,6.743137529719691e-07,9.606693088842264e-10,0.011677697144570698,1.1809348769073166e-06,0.9715545783556097,0.0025107804860122138,6.09147907398551e-06,8.377087976073637e-08,1.2936408610561121e-08
27,6.357105857372408e-07,2.495080552057652e-05,0.0015927985934618162,1.0648392103791488e-05,2.9588646687041833e-05,0.00037475835795393217,1.2967865920716334e-05,0.0001312796603623672,5.609543594105047e-08,1.0854299390560129e-05,9.813404374430593e-05,1.0774137332911957e-06,1.740778803250706e-06,2.1602467883975964e-06,0.012297346303184166,5.933412835285158e-07,5.214243034022922e-07,7.817874594704797e-10,0.011248798962637422,1.2489317400071368e-06,0.9705496941332971,0.0036054609342714822,4.6143646594585185e-06,5.6589666612851656e-08,1.3322677508411439e-08
28,6.393067079392072e-07,2.2660687930773893e-05,0.0015672357083235456,1.0274381163297716e-05,2.6838440617184966e-05,0.0003366927144538719,1.0097690467355476e-05,0.00012208919065041007,3.9793615744573875e-08,8.455864209554699e-06,9.2601237731034e-05,1.1516048280723352e-06,1.802609490621263e-06,1.796235048528958e-06,0.00896773796229033,5.493383150789684e-07,4.840947714812376e-07,7.876725229355498e-10,0.010772517221392655,1.0154518256933247e-06,0.9754488348873277,0.0026025844918970763,3.846514428579024e-06,4.422567216089984e-08,9.559168775089293e-09
29,6.393067079392072e-07,2.2660687930773893e-05,0.0015672357083235456,1.0274381163297716e-05,2.6838440617184966e-05,0.0003366927144538719,1.0097690467355476e-05,0.00012208919065041007,3.9793615744573875e-08,8.455864209554699e-06,9.2601237731034e-05,1.1516048280723352e-06,1.802609490621263e-06,1.796235048528958e-06,0.00896773796229033,5.493383150789684e-07,4.840947714812376e-07,7.876725229355498e-10,0.010772517221392655,1.0154518256933247e-06,0.9754488348873277,0.0026025844918970763,3.846514428579024e-06,4.422567216089984e-08,9.559168775089293e-09
30,6.393067079392072e-07,2.2660687930773893e-05,0.0015672357083235456,1.0274381163297716e-05,2.6838440617184966e-05,0.0003366927144538719,1.0097690467355476e-05,0.00012208919065041007,3.9793615744573875e-08,8.455864209554699e-06,9.2601237731034e-05,1.1516048280723352e-06,1.802609490621263e-06,1.796235048528958e-06,0.00896773796229033,5.493383150789684e-07,4.840947714812376e-07,7.876725229355498e-10,0.010772517221392655,1.0154518256933247e-06,0.9754488348873277,0.0026025844918970763,3.846514428579024e-06,4.422567216089984e-08,9.559168775089293e-09
31,8.801139362927836e-07,2.2410722197301884e-05,0.0019820685225706153,9.909502387552786e-06,2.6001770893916977e-05,0.0002693092376515619,9.46390578225963e-06,0.0001665333503531644,3.6113429080296475e-08,8.043127949187682e-06,7.853098763259555e-05,1.2469849414599035e-06,2.051414795246781e-06,1.3984543390745833e-06,0.007114685375526656,5.200771717367471e-07,4.768189046260756e-07,9.44967546530604e-10,0.0133142834606764,1.0884763775498284e-06,0.974480162718534,0.002507573386241067,3.2748383957263147e-06,4.091875181694428e-08,8.775593864331163e-09
32,6.474730317882508e-07,2.2839056258386373e-05,0.001582641825757304,9.892245681655329e-06,2.6623301104458582e-05,0.0003452667545067476,1.0280389656234507e-05,0.00012986053560252043,3.9812833067432144e-08,8.401582141831234e-06,9.171973125223031e-05,1.1972808954597784e-06,1.8769776856821534e-06,1.7834665223338183e-06,0.009102260150609116,5.661915532682034e-07,4.898371420843871e-07,7.841534969082574e-10,0.01189647912149839,1.066140681597494e-06,0.9740168722773244,0.0027452222335297436,3.920407782457725e-06,4.292018586785103e-08,9.502610072954335e-09
33,8.197642487276022e-07,3.361946982369132e-05,0.001722918497041041,1.0881670563196248e-05,2.730204125483394e-05,0.00036888842551221427,1.4505210748616347e-05,0.00018872618063265384,4.646836068524191e-08,1.0568593410264164e-05,0.0001069026433076045,2.323563290681125e-06,3.7587279162365307e-06,2.2734088967137623e-06,0.007274965579647528,7.774074689085661e-07,8.694240321007452e-07,1.249798822716019e-09,0.016426293134534954,1.17095418460732e-06,0.9696448374706761,0.0041540789252797715,3.4257331236548522e-06,3.4948874460489816e-08,1.0507372188005208e-08
34,4.3107756782069576e-07,1.7149164769914263e-05,0.0012867995925870386,9.856674340163445e-06,2.058050286750833e-05,0.00035876317322954487,9.215488592905428e-06,9.971684498510064e-05,2.9595761696659224e-08,8.150048602088018e-06,7.253068490734842e-05,9.924983033301592e-07,1.405395378652832e-06,1.686332147859561e-06,0.007977130079083855,5.219910900003679e-07,4.523368687565047e-07,6.957441502213416e-10,0.007591097720043635,9.696720969249352e-07,0.9802825984611667,0.0022565458402173146,3.3319948562663423e-06,3.6215852960707665e-08,7.918938380424868e-09
35,2.475290942621241e-06,4.1423007420539734e-05,0.0019550648352371154,1.0204053136625299e-05,3.115965438342598e-05,0.00019239320983389788,1.518420975443803e-05,0.00030381662365473397,6.779076374431444e-08,1.2747858894740037e-05,8.57460131721625e-05,2.3994544276362116e-06,3.249525269685079e-06,1.1808410481903592e-06,0.00546467517821201,8.016250568248648e-07,7.95053555539144e-07,1.98602327670084e-09,0.022968731741435038,1.016950947014101e-06,0.9655012431196985,0.0034029323476740475,2.638319073767245e-06,3.7902647223818817e-08,1.3407737147636655e-08
36,6.984691708689654e-07,2.8082768533172384e-05,0.0015797942833637433,9.944108748725843e-06,2.65806659268993e-05,0.0003942178302191612,1.2811846428458605e-05,0.00017051866726478123,4.8887967195837955e-08,1.0138084677243523e-05,9.070560610417558e-05,1.5551223785568306e-06,2.412190809890614e-06,1.9333958884222187e-06,0.009312248980976266,7.13379845992771e-07,6.938165201968231e-07,8.835957512487152e-10,0.014627335730456908,1.2028495494181094e-06,0.969981948788613,0.003742359732976806,4.0057021832553055e-06,3.751284315446932e-08,1.0694957918379965e-08
37,8.277541973579724e-07,2.0110952308403446e-05,0.001835583736685309,1.1798903814790656e-05,2.709260563321259e-05,0.0002746077344572562,9.155831241992454e-06,0.0001132578754233828,3.5091116881866314e-08,8.238316376911399e-06,0.0001079654192173596,1.1576651016134175e-06,1.740465542058736e-06,1.801783178674849e-06,0.008467463980471325,5.116741636230399e-07,4.77387937164796e-07,1.0278786879376153e-09,0.009899534112287818,9.936314935239584e-07,0.9769374422020076,0.002276345426248595,3.786943016774753e-06,5.966845872475814e-08,9.81174076204896e-09
38,6.517971851287901e-07,2.32092052908666e-05,0.0015937714766294565,1.0587486993844103e-05,2.825240242350011e-05,0.00032263773208681377,1.0157108496814883e-05,0.00012062566151310454,4.169351934365386e-08,8.641095033793524e-06,9.513246122896535e-05,1.1611239174578476e-06,1.8014584581812446e-06,1.8736796366565814e-06,0.00902190787571456,5.357698918666554e-07,4.845457986068076e-07,8.11632366482953e-10,0.010517073568789132,1.0124816093763468e-06,0.9755749055309272,0.002661615406528733,3.863571115076116e-06,4.598767289633975e-08,1.0067906437061137e-08
39,7.131809801631931e-07,2.6220306192253474e-05,0.0017593948291788344,1.1060109673415192e-05,3.117668385052074e-05,0.00034938676962669325,1.0521929331535275e-05,0.00012329517958362712,4.593117030447388e-08,8.90138520102456e-06,0.00010952698406831312,1.2336713254994346e-06,1.9859662022428568e-06,2.0187173502177924e-06,0.009930050693978084,5.63682662929836e-07,5.0914594078752e-07,8.29466988954252e-10,0.011482757472809042,1.024553557265259e-06,0.9733613176736884,0.0027842593071051537,3.9729817678731855e-06,5.1868061525187706e-08,1.0147227011581238e-08
40,5.933157703565495e-07,2.7115829948413607e-05,0.0019933945749232183,9.20303920637389e-06,3.158964509225893e-05,0.00039209977705647063,9.708609990665102e-06,0.00011321613914537932,3.923537098851627e-08,8.000242353468826e-06,9.107062429329435e-05,1.3227892513186002e-06,1.8128342048415688e-06,2.063685105615893e-06,0.010145780488381127,4.804864727738343e-07,4.5817844902415894e-07,7.575466505699293e-10,0.012058879667659483,1.1033179602296988e-06,0.9720081470441223,0.0031004132613809184,3.4525752536959486e-06,4.393340762323028e-08,9.947653358432503e-09
41,6.200248143740351e-07,2.0936168255524924e-05,0.0014943336155147284,9.79497036590074e-06,2.5052811687940538e-05,0.0003143441899975358,9.903520238762202e-06,0.00011823169847217627,3.6115236995429293e-08,8.078847696372913e-06,9.04081359953171e-05,1.1367208897571775e-06,1.7188353902691644e-06,1.7430919802539697e-06,0.008772815908445915,5.257320532056797e-07,4.6575239298897507e-07,7.880584918799734e-10,0.01059314319369266,9.960885081266559e-07,0.9759376712359695,0.0025941960165694073,3.794827263414598e-06,4.228843077660786e-08,9.422079706705572e-09
42,1.5275738922417764e-06,5.5426909123712415e-05,0.0014428653241842933,4.5934223267535994e-05,0.0001023472096896823,0.0007883679472320209,1.6318816549560994e-05,2.1110335913868044e-05,1.309244260942591e-07,1.111484458183339e-05,0.0005065965806519352,1.023337494116777e-06,1.6088443631015479e-06,8.43458704936537e-06,0.017543909049848403,7.499349025896305e-07,7.072681659312949e-07,3.203414490392926e-09,0.001971711724437793,8.089042249011932e-07,0.976909095886982,0.0005514938541067038,1.8222027039453734e-05,4.245227218877936e-07,6.6165736122168e-08
43,5.311064660033591e-07,1.8460037206552685e-05,0.0013685370078415117,1.0177781048723652e-05,2.543236886681572e-05,0.0003771756292111072,1.0607665484086906e-05,0.00012437884094071018,5.109774839676345e-08,1.2661367724732129e-05,7.305063289739469e-05,8.418337266131244e-07,1.3717693868188427e-06,1.820015514897921e-06,0.009687359341568245,6.478061533996268e-07,4.3989356417065074e-07,6.713158519629569e-10,0.009929103006454916,1.3457576651388486e-06,0.9753131209550661,0.0030387086808965035,4.117021237329519e-06,4.9458433937463244e-08,1.025358023239374e-08
44,6.393067079392072e-07,2.2660687930773893e-05,0.0015672357083235456,1.0274381163297716e-05,2.6838440617184966e-05,0.0003366927144538719,1.0097690467355476e-05,0.00012208919065041007,3.9793615744573875e-08,8.455864209554699e-06,9.2601237731034e-05,1.1516048280723352e-06,1.802609490621263e-06,1.796235048528958e-06,0.00896773796229033,5.493383150789684e-07,4.840947714812376e-07,7.876725229355498e-10,0.010772517221392655,1.0154518256933247e-06,0.9754488348873277,0.0026025844918970763,3.846514428579024e-06,4.422567216089984e-08,9.559168775089293e-09
45,6.153893676032351e-07,1.9217984376702007e-05,0.0018927859449298918,1.0937958991006732e-05,2.2812217098024685e-05,0.00047524685408111954,1.3100765528575796e-05,0.00019415507559147235,4.058177768519555e-08,9.652801293584279e-06,8.473545952435273e-05,8.599298966060493e-07,1.8394797110051672e-06,1.431850717147378e-06,0.01375926828726444,7.238109282500077e-07,4.812829564533129e-07,6.020023427625935e-10,0.014089576468458452,1.2938178172196288e-06,0.9664602844937049,0.0029570686154494997,3.8136239282345826e-06,4.942007318095782e-08,7.284532320078155e-09
46,6.194784036645603e-07,1.838504984903167e-05,0.0013602801433378112,1.1681204900996336e-05,1.4305233951865831e-05,0.00040969180981402894,7.383107844599381e-06,0.000133354508618442,2.6110563927514627e-08,7.1703295597398875e-06,9.199652919185546e-05,1.3286200874310004e-06,2.023108341511198e-06,1.4167798561799656e-06,0.006784265198194398,6.462666644773149e-07,8.899285153405753e-07,7.992886616160748e-10,0.008814094086498383,8.067493513035779e-07,0.9801575557933552,0.0021782534480932416,3.781715379515303e-06,3.817336542519453e-08,5.826972980735101e-09
47,8.107488979560955e-07,2.7874538484695078e-05,0.0015848048396249683,8.560534392439441e-06,2.5597136872712643e-05,0.000325933498531902,1.1967698523324397e-05,0.0001491974107795374,4.3583841304867884e-08,9.195397297566566e-06,8.367692945350409e-05,1.5395986055734584e-06,2.0561310543316984e-06,1.6513041990091838e-06,0.008485207269085117,5.9358077721117e-07,5.652323729094018e-07,9.488365828796143e-10,0.014378262954800564,1.0771009813763864e-06,0.9715547339112715,0.0033431829048990065,3.417679647620116e-06,3.79401783129717e-08,1.1126590974577411e-08
48,7.942917561073558e-07,3.0449779553878785e-05,0.0017625294023511239,9.871297132876239e-06,2.283996305959813e-05,0.0005072102641142011,1.1972315775599315e-05,0.00018898249003801557,4.251019910307401e-08,8.026147508578873e-06,9.004605976053595e-05,1.4751120608216e-06,2.72318380825836e-06,1.4797257703632902e-06,0.00899990059159697,7.17649563623375e-07,7.217012917933389e-07,7.625266881159437e-10,0.016876976840173016,1.0445373107292962e-06,0.9687354438886946,0.0027428496631306544,3.858778651510667e-06,3.523614127461217e-08,7.808029997694635e-09
49,4.786744801026812e-07,2.2232118922180144e-05,0.0017407752860811305,8.960671170525726e-06,2.3197248554507178e-05,0.0003912394671424755,9.338353790079733e-06,0.00010882716670272834,3.2043590455415795e-08,8.161947851936173e-06,7.884605507840336e-05,1.3351225199699296e-06,1.7669415625624965e-06,1.950684366647413e-06,0.008453678976740294,4.7205409666067085e-07,5.120249466186393e-07,7.588690783446502e-10,0.010265635329781258,1.1043475644724438e-06,0.9757125559634676,0.003165763098476531,3.089741161808371e-06,3.730488053764074e-08,8.618201535883142e-09
50,8.233740226755388e-07,2.449292991181661e-05,0.001401945053316934,8.597315299919705e-06,3.058197546722695e-05,0.00024589477648032316,2.2096029687324833e-05,0.0001783366601707265,6.413442734358263e-08,1.4874301872202618e-05,7.262211015845079e-05,1.1474291200154418e-06,1.7903341497941234e-06,2.0006323774446736e-06,0.011149965588887114,6.477075071633639e-07,4.2189159904122335e-07,1.113582785448736e-09,0.015476198745299728,1.5394103806811894e-06,0.966486349873708,0.004875633600156949,3.909953641414603e-06,4.385795523742397e-08,2.1200819670618786e-08
51,6.190336265362406e-07,2.0498294701005203e-05,0.0014459803936040139,9.445192300102896e-06,2.457457693856007e-05,0.0003399989928539049,1.002644970362571e-05,0.00011667647207183731,3.626703568593825e-08,8.155156584875655e-06,8.789884142836332e-05,1.1310061206136042e-06,1.670282215976026e-06,1.7331601638845461e-06,0.00897738409080607,5.606557624288188e-07,4.6800241380855576e-07,7.960167004456697e-10,0.010974423023358843,1.0652816383182844e-06,0.9754359180687836,0.002537582249128653,4.1013866501272505e-06,4.241621065928639e-08,9.909881846022365e-09
52,8.006229429732518e-07,1.840187476427841e-05,0.0018424822151561382,1.4239081649076953e-05,2.933430602680692e-05,0.000337170820477519,1.0284633487231632e-05,0.00012414718348826334,4.186869399190518e-08,1.1308136484580593e-05,0.00012206594312785613,1.0860004505160796e-06,1.872120611993896e-06,2.0571355150827385e-06,0.009786944531932153,7.276041375461004e-07,5.147909789232018e-07,1.0797502917964245e-09,0.009870158146941933,1.2249981299401e-06,0.9753739281635903,0.002447001523991109,4.125537779148608e-06,7.214185331060643e-08,9.53803905100467e-09
53,5.300673828818499e-07,1.9906337729713535e-05,0.0010855817700354561,1.1108606906322662e-05,2.7287174598021233e-05,0.0003608113038222854,1.9229079063424897e-05,0.0001351514595593569,5.298124578221967e-08,1.058653092760832e-05,9.136858185488518e-05,9.409904417699106e-07,1.7118219639341918e-06,2.2130121558750015e-06,0.01273103244339122,6.840108283959008e-07,4.5138743201660404e-07,8.66229281999004e-10,0.00970948333008705,1.3961358238660947e-06,0.9727346775523971,0.00304995409118295,5.776283182028545e-06,4.801641791904114e-08,1.6165341025942994e-08
54,7.698316672822094e-07,3.970870092554946e-05,0.0013682905984823872,8.731988578055239e-06,3.2027235611441744e-05,0.00040471523924678784,1.509328993221365e-05,0.00013532207416683026,6.555214421385845e-08,1.1668227598593132e-05,8.236828770326942e-05,1.7107214607210348e-06,2.1425536314403246e-06,2.2404953344240986e-06,0.009201188359691527,6.927305171103862e-07,6.209012072016945e-07,1.001234379194522e-09,0.013721402750596487,1.1390933209863848e-06,0.9712494524625243,0.0037166442506642344,3.947729553139585e-06,3.934748215531484e-08,1.6576725327348735e-08
55,1.0199472249034195e-06,4.4765653054962445e-05,0.0014136416541281765,9.703491581615134e-06,4.332237203097697e-05,0.0002597941653772881,1.4040838182385176e-05,0.00011164698159590815,5.766148573112449e-08,8.923636724622628e-06,0.0001018576121333332,2.7254261643198284e-06,2.706299205401543e-06,2.2656233525463345e-06,0.005966585077053358,5.987484793777163e-07,5.785272932630563e-07,1.7034871623822235e-09,0.012096644015926365,9.451621782459487e-07,0.9773879762524422,0.0025269730265339535,3.1718912408126918e-06,3.643219859533934e-08,1.780092454580869e-08
56,6.673156673114863e-07,2.481586507806711e-05,0.0016540439735191032,1.09098397142144e-05,2.89515915686146e-05,0.0003497602590921581,1.0831706583540882e-05,0.0001300529659266392,4.3202772915647844e-08,8.79992622618953e-06,9.87668654824933e-05,1.2807083918663175e-06,2.0678399215637735e-06,1.9645827145420574e-06,0.009021686856280959,5.782580797136124e-07,5.256410845720907e-07,8.634427878816298e-10,0.011291499117402171,1.0717419532081089e-06,0.9745964251559777,0.00276124839400192,3.951556051912e-06,4.558933059678745e-08,1.0183735342988162e-08
57,5.34138415180624e-07,2.08855721266264e-05,0.0014487999620646176,6.733390446141961e-06,2.231666184241415e-05,0.00028076103761704644,7.946540997869117e-06,0.0001293905436915024,2.719583177496147e-08,6.400768694204665e-06,7.067395021481827e-05,1.598040204828616e-06,1.908643857252646e-06,1.4308840477049067e-06,0.006435738757141643,4.759351440558788e-07,4.4626637269561073e-07,7.006503853324142e-10,0.014769015282297026,9.77079621064332e-07,0.9737547549184945,0.00303632359887407,2.828793856970071e-06,2.4381039597884427e-08,6.956455948054095e-09
58,6.877990952274291e-07,2.294952464393818e-05,0.001715317415589825,1.1082929706849387e-05,2.782668717453547e-05,0.00034459322553176023,1.0455389563478661e-05,0.00012439089739168672,4.225160829880011e-08,8.928404076482632e-06,0.00010193620419066402,1.1402134830107488e-06,1.8400837133028074e-06,1.9038451669157813e-06,0.009969474531414915,5.636329493362326e-07,5.019249531072553e-07,8.338130450914544e-10,0.010743842672198144,1.0698485567476625e-06,0.9741822922768236,0.002725059883737773,4.0357825887145234e-06,5.361122932360678e-08,1.013079935059891e-08
59,6.616263787259701e-07,2.163632719156574e-05,0.001730995316011044,1.1332095828215659e-05,2.7436259618481467e-05,0.0003366653620299329,1.0054368455736767e-05,0.0001206439345092316,4.2316955140726944e-08,9.048055147596798e-06,0.00010101232448912618,1.0535113799300566e-06,1.6921797171181974e-06,1.8968737785724799e-06,0.010321012779169272,5.470176779217942e-07,4.903314554808163e-07,7.954182653871253e-10,0.010135568961590336,1.0666069146112685e-06,0.9744438603401461,0.002719146325501317,4.0687858598021855e-06,5.746518068159682e-08,1.0039595809608384e-08
60,6.393067079392072e-07,2.2660687930773893e-05,0.0015672357083235456,1.0274381163297716e-05,2.6838440617184966e-05,0.0003366927144538719,1.0097690467355476e-05,0.00012208919065041007,3.9793615744573875e-08,8.455864209554699e-06,9.2601237731034e-05,1.1516048280723352e-06,1.802609490621263e-06,1.796235048528958e-06,0.00896773796229033,5.493383150789684e-07,4.840947714812376e-07,7.876725229355498e-10,0.010772517221392655,1.0154518256933247e-06,0.9754488348873277,0.0026025844918970763,3.846514428579024e-06,4.422567216089984e-08,9.559168775089293e-09
61,6.611868990546003e-07,2.098769765558599e-05,0.0017719585078891525,1.1101639522863969e-05,2.6141032922725577e-05,0.00033280229877934685,9.442836661070517e-06,0.00012275972808613853,3.8531439079507006e-08,8.568859924361739e-06,9.697408851883226e-05,1.0503475286941615e-06,1.7006434350682564e-06,1.7688377301342375e-06,0.009694916529730828,5.291903286753805e-07,4.825798351147255e-07,7.796886860203522e-10,0.010191551794764454,1.0284944637815473e-06,0.9751211781389578,0.0025804826844948313,3.8115181864117634e-06,5.3010833421028076e-08,9.04172373582794e-09
62,6.393067079392072e-07,2.2660687930773893e-05,0.0015672357083235456,1.0274381163297716e-05,2.6838440617184966e-05,0.0003366927144538719,1.0097690467355476e-05,0.00012208919065041007,3.9793615744573875e-08,8.455864209554699e-06,9.2601237731034e-05,1.1516048280723352e-06,1.802609490621263e-06,1.796235048528958e-06,0.00896773796229033,5.493383150789684e-07,4.840947714812376e-07,7.876725229355498e-10,0.010772517221392655,1.0154518256933247e-06,0.9754488348873277,0.0026025844918970763,3.846514428579024e-06,4.422567216089984e-08,9.559168775089293e-09
63,6.628852738652879e-07,2.423819622694279e-05,0.0015969725462664042,1.0277082146924044e-05,2.7658033182855303e-05,0.0003426492405845702,1.0419631353523162e-05,0.00012455458788037454,4.179745826228601e-08,8.5751560492088e-06,9.396610924420495e-05,1.1921632251748953e-06,1.8668647537067232e-06,1.8214339479679342e-06,0.009088068753963594,5.542198114136003e-07,4.962252621615354e-07,8.01309280393898e-10,0.011063244482055753,1.0122329045831823e-06,0.9749308085363116,0.002667031620110712,3.832951664890312e-06,4.458354220451307e-08,9.865469817262638e-09
64,6.969698188180886e-05,0.0030498220197324477,0.012896549202560724,0.00014419744803695732,0.0003358762159697842,0.02837068988963007,0.0011128039999108593,0.0027587084033775305,6.666949092022542e-05,0.00028054326254289624,0.009342303109612038,7.419446495012366e-05,0.0012254854809348513,0.0003798309624599722,0.1984334121715838,0.00016109850228962676,0.0008614940593695968,7.544506409983636e-08,0.42730901199423366,1.656052914402571e-05,0.037047649176931464,0.27591741425341687,0.00014034133685428632,4.23380664827708e-06,1.3377919438795264e-06
65,4.859365877968131e-07,1.9119371585902084e-05,0.0016978901891705916,9.89083841066872e-06,2.1725714884354672e-05,0.0004040847382627674,8.544983217032539e-06,0.00011039229215352529,3.202605718556113e-08,7.405372088253742e-06,8.609436376234988e-05,8.564009502572719e-07,1.473814769112941e-06,1.5871639855397473e-06,0.010748791397078343,4.7288326913983395e-07,4.3577520839349385e-07,5.47469147727061e-10,0.009286639205915688,9.443566434898903e-07,0.9752108648447928,0.0023785995589805865,3.614942414253695e-06,4.613493054099749e-08,7.1474121507852575e-09
66,4.05240231022974e-07,1.440146289189637e-05,0.0013643045384017854,1.1401220172655039e-05,2.8646978077346907e-05,0.0002075770899698572,5.4493858744627494e-06,6.540217265438293e-05,2.3737114489957962e-08,8.553363684553775e-06,8.808169681921203e-05,1.2183714906616996e-06,1.3951459830195887e-06,2.0609199090439764e-06,0.004806055116168063,4.841758204421533e-07,3.587990589523733e-07,8.881500970954558e-10,0.005636962479485133,7.551311143510317e-07,0.9859070084820045,0.0018471242109077296,2.2856370039280117e-06,3.7377928055645084e-08,6.379084300300697e-09
67,2.830582586685872e-07,1.2241631843305531e-05,0.0010489050229574204,8.26491043397466e-06,1.2514134234973188e-05,0.0005154684224660391,7.935604058361603e-06,5.45105801358071e-05,1.8862736484596496e-08,6.347427095834499e-06,7.67392891024653e-05,8.94059764417665e-07,1.1202655808930484e-06,2.2353229535355943e-06,0.009185968330880494,4.1330735451370375e-07,4.850989001377078e-07,6.699600561175183e-10,0.005548366055928193,1.2075463071376901e-06,0.9814101061184207,0.0021006775894713706,5.240434490724334e-06,4.6573953825271e-08,9.682710759598077e-09
68,5.082711388924559e-07,1.725332243869854e-05,0.0013507459068974343,9.419501392389357e-06,1.961736133012401e-05,0.0002620903240540997,9.286816785201446e-06,0.00012009765981921475,2.3507185102215525e-08,5.906248182574747e-06,7.837119219814728e-05,1.2769142962623003e-06,2.1300438461561183e-06,1.5268335052784532e-06,0.005711677261140833,4.355991159181253e-07,4.4532966298260515e-07,8.83488563648167e-10,0.009302278508286325,9.332287597986639e-07,0.9811567893043303,0.0019458329103330396,3.319323083629398e-06,2.6412833276252787e-08,7.335895638515659e-09
69,8.460197011261514e-07,2.8598829050090483e-05,0.0017837242683796301,1.3255576382608279e-05,3.7823694757953466e-05,0.00031313966440328135,1.2123384556574488e-05,0.00014425440812866874,6.284119219123588e-08,1.1426501586300943e-05,0.00010476157039896326,1.093293732474096e-06,1.8848377030007255e-06,1.971176326848758e-06,0.010409281231885396,6.52620069196468e-07,5.153339813699422e-07,8.860889926776736e-10,0.010743459899634074,9.816506355391075e-07,0.9735744644808236,0.0028117007564589036,3.905703507165534e-06,5.9018362740728727e-08,1.2352253387083988e-08
70,3.9659448782510417e-07,1.8839048943581464e-05,0.001536450222457592,1.9965530204511774e-05,3.522154004557128e-05,0.0007057896711478087,1.1041962552379151e-05,0.0001238519263759031,6.026026670853383e-08,1.4716799752695849e-05,8.834240197003464e-05,1.032853228792786e-06,2.1158836586635463e-06,3.226335858600206e-06,0.008422451892643715,1.103183707414044e-06,7.105216800551462e-07,9.195776574422718e-10,0.007047491461590034,1.9678030023065443e-06,0.9798282567207298,0.0021306031064830433,6.290780941630444e-06,6.20949368558244e-08,1.0483756894049018e-08
71,1.1113735103447357e-06,2.6393407599517326e-05,0.0011531165985392555,1.0783948713295896e-05,3.957276132345629e-05,0.0002075694820714813,1.052166852765986e-05,0.00014499714394376585,5.484888188629775e-08,9.913947449787884e-06,0.00010091056983510694,1.6459851424619962e-06,2.1887484338956473e-06,1.7383516181134497e-06,0.006080033545765014,8.034007286899665e-07,4.658403523595873e-07,1.330665964581585e-09,0.012215459735598264,1.0327272945949396e-06,0.977856219684736,0.002131176034192321,4.233365149974928e-06,4.28457208253615e-08,1.2654205942022181e-08
