,0,1,2,3,4,5,6,7,8,9,10,11,12,13,14,15,16,17,18,19,20,21,22,23,24
0,8.80306005889416e-05,3.173855251743882e-07,0.002967900259716474,3.9018960717092583e-07,0.0002625073447119021,9.099588147835488e-07,0.0008279269397838303,7.745286417049511e-06,2.4474570355289034e-06,9.159454262867948e-07,0.0005718702626192405,2.192574266038186e-05,7.321222720991854e-05,0.00011850763803620496,2.3394663605597744e-08,0.00027494708521978045,0.002372050505596623,0.010656520489467726,5.9535899492734364e-05,2.6163910517736515e-05,0.9796328738730897,1.3715090040161648e-07,0.0006151678876289784,0.0013815013112772193,3.647125399258051e-05
1,6.813957855540932e-05,3.0468469403605177e-07,0.003293226690117513,4.7118386797900154e-07,0.00024270714855713233,1.050724037789748e-06,0.0008692523914234613,7.3808664171041575e-06,2.8173055002078667e-06,1.2517238657658422e-06,0.0004349768947283131,1.9721089356668017e-05,7.425811528100153e-05,0.0001296070535145734,2.414367306685098e-08,0.000369310406352049,0.0022346428632124236,0.01281602851120586,6.909360158607586e-05,3.449958524486494e-05,0.9769495845286295,1.1171157279876639e-07,0.0007658779361687387,0.0015775130844244067,3.814817801314271e-05
2,7.77321840230905e-05,3.463970466366264e-07,0.0032076413003830043,4.194291133004462e-07,0.00034524664287885096,8.36390439988172e-07,0.0008778091320768568,8.420843295713912e-06,2.9414443302599485e-06,9.791151284421155e-07,0.0006106597676547643,2.4623263484526184e-05,7.350341416163267e-05,0.00016153495438116786,2.983983604072365e-08,0.00028223803001276823,0.002322131750295439,0.00962321778185625,5.397185941785605e-05,3.403297677052949e-05,0.9800678496772647,1.4593888136352337e-07,0.0006065531262103472,0.0015705245968221418,4.661014423431062e-05
3,8.738825597369924e-05,3.378695287044078e-07,0.0028592947191100407,4.0934691267847124e-07,0.0002873454518580822,8.238392086354255e-07,0.0008570569867792423,7.444355850605179e-06,2.0436156602435527e-06,8.0429596347146e-07,0.0005765466500539375,2.3561467927840427e-05,7.200810234790632e-05,0.00010507885403387937,2.1329674846155817e-08,0.0002816345914278762,0.002798848321024048,0.010419548704172844,5.8249946960317775e-05,2.4192794806435017e-05,0.9795692739185848,1.2641697458983968e-07,0.0005955674344726388,0.0013387446573512216,3.364807334147011e-05
4,7.780394653292252e-05,3.155466646761709e-07,0.002576202770980599,3.566318750897829e-07,0.0002760536291281948,6.603896729941617e-07,0.0007803625165272259,6.5221267246994634e-06,1.949396535592543e-06,7.117096564378548e-07,0.00053431558185631,2.113090918285451e-05,7.336901903737577e-05,0.00011009750346810568,1.7498444555326227e-08,0.00021760465907169884,0.00228077415442182,0.009924566579300683,5.137480112899924e-05,2.3747952951461236e-05,0.9812527702615871,1.2060240194400907e-07,0.0005166135122338629,0.001243312287208757,2.9246013406045836e-05
5,7.998315218966403e-05,2.97604678776422e-07,0.0028245037341299863,5.132641859815153e-07,0.00031105487840940474,8.12260310787289e-07,0.0007209505718661096,6.607545603251028e-06,1.9885668269521972e-06,9.04173671138836e-07,0.0005133071645534247,1.747741158464078e-05,7.210444057200358e-05,0.000105903315816179,1.600546383726144e-08,0.0002250575300461639,0.0023343019826233317,0.014835187385241694,5.593390036112163e-05,2.7499025801114716e-05,0.9757568116275164,9.515662382254596e-08,0.0007058070673758653,0.0013797492423367696,2.3132992211682165e-05
6,8.738825597369924e-05,3.378695287044078e-07,0.0028592947191100407,4.0934691267847124e-07,0.0002873454518580822,8.238392086354255e-07,0.0008570569867792423,7.444355850605179e-06,2.0436156602435527e-06,8.0429596347146e-07,0.0005765466500539375,2.3561467927840427e-05,7.200810234790632e-05,0.00010507885403387937,2.1329674846155817e-08,0.0002816345914278762,0.002798848321024048,0.010419548704172844,5.8249946960317775e-05,2.4192794806435017e-05,0.9795692739185848,1.2641697458983968e-07,0.0005955674344726388,0.0013387446573512216,3.364807334147011e-05
7,0.00018829765217414786,3.3068825641302854e-07,0.0027248292809739197,4.003798356201127e-07,0.00018059875410775088,5.879178453608141e-07,0.0008819180493614576,1.0325852847333431e-05,1.140945540392096e-06,5.329435732846769e-07,0.0009042173464768776,2.1030597381997222e-05,0.00016330093649075968,7.136387623257767e-05,1.888114474150592e-08,0.00018284982148288905,0.002361413930976153,0.012829731013752541,6.429398283930494e-05,2.1032033190130153e-05,0.9784030199682296,2.1448447174639642e-07,0.0002979178742921072,0.0006749457844744287,1.5687004048433373e-05
8,5.237292976990071e-05,1.8801931484898616e-07,0.0012518013326395779,2.4595512508973526e-07,0.00018469932108434656,5.790347621896922e-07,0.000931650699290045,7.128760794256036e-06,1.097057635876606e-06,3.69363298962901e-07,0.0004976507061733887,1.589318540976434e-05,4.936334315408809e-05,5.9861296036212784e-05,1.4208550529072805e-08,0.00017059139915777733,0.0018424829349385624,0.008812638583211671,5.9622194716916655e-05,1.3410772187118721e-05,0.9851738746030174,1.0247968592516465e-07,0.00034302675174214576,0.0005152380714779006,1.6096996825579426e-05
9,9.36901153778193e-05,2.0943962929714448e-07,0.0014767044864072508,2.8560521478385634e-07,0.0002542708120025569,6.533742496424904e-07,0.0010749010490242847,7.183251206952943e-06,1.199441140701378e-06,3.1280072198314496e-07,0.0006817023947968775,2.1763994396091963e-05,5.7454189952950846e-05,5.551125233554723e-05,1.6843110724298167e-08,0.00016355028538865148,0.0024062367909672773,0.009009372574438072,5.826088033257838e-05,1.1346794410055412e-05,0.9836190857668414,1.2565007233554523e-07,0.0003812478718680079,0.0006066248896835634,1.8289446430561498e-05
10,8.738825597369924e-05,3.378695287044078e-07,0.0028592947191100407,4.0934691267847124e-07,0.0002873454518580822,8.238392086354255e-07,0.0008570569867792423,7.444355850605179e-06,2.0436156602435527e-06,8.0429596347146e-07,0.0005765466500539375,2.3561467927840427e-05,7.200810234790632e-05,0.00010507885403387937,2.1329674846155817e-08,0.0002816345914278762,0.002798848321024048,0.010419548704172844,5.8249946960317775e-05,2.4192794806435017e-05,0.9795692739185848,1.2641697458983968e-07,0.0005955674344726388,0.0013387446573512216,3.364807334147011e-05
11,8.98591992082827e-05,3.397570601174965e-07,0.0027169800666866756,4.02365171748733e-07,0.0002955750620718634,7.870985038661576e-07,0.0008633743194683588,7.25672372586404e-06,2.081739857799501e-06,7.624759480213234e-07,0.0005963233497898382,2.4542133063950222e-05,7.940006859350417e-05,0.00010687733993005382,2.0844023320226475e-08,0.0002620351569288335,0.00262272554872821,0.010446068369825852,5.774339327934678e-05,2.502452510395358e-05,0.979854393920841,1.3728631325934664e-07,0.0005598947281430037,0.001354892021863237,3.250250587007437e-05
12,9.903137387957947e-05,4.1515665261512274e-07,0.0026994164385155416,5.401910016006848e-07,0.00022121906960157102,9.392399781028555e-07,0.0010337001561530428,1.0418841621086117e-05,2.1520962407749424e-06,9.630621595160751e-07,0.0005879056671196969,2.7363865806108278e-05,8.957803287701025e-05,0.00010317944662813605,2.6800798278336474e-08,0.00037911306055822574,0.0028474459671223237,0.012756161501188511,8.767599744799641e-05,2.375388371170637e-05,0.9772425057127674,1.590554982946302e-07,0.0005871485840159452,0.0011671671236685218,3.201967498824708e-05
13,8.405752049856966e-05,2.8180539512125444e-07,0.0020582031272242114,2.1966086415421485e-07,0.00026407489722576975,4.0844283141769717e-07,0.0007586571606130045,9.363088329010791e-06,1.4911523978359373e-06,3.969289845730675e-07,0.0008842981859347364,3.050706593132072e-05,6.406454611270598e-05,0.0001223678192816016,2.0456197996014946e-08,0.0001715770006650575,0.002129745420037046,0.006922368557270157,4.1907525408901455e-05,1.7419708778828025e-05,0.9853262025808093,1.6824960082522322e-07,0.0002719543832384657,0.0008050249097893447,3.521980658007021e-05
14,6.947168096520259e-05,2.89069530751349e-07,0.0022544441106266957,3.5501030437067214e-07,0.00026733687012122807,6.03241143268242e-07,0.0006644973205887624,5.763619917159528e-06,1.4263983630679065e-06,6.236922633516468e-07,0.0004954480616022904,1.6937842683382215e-05,6.01131884583432e-05,8.335635029250599e-05,1.4478639173824302e-08,0.00020099124339231086,0.0024793595490318933,0.009544207038912775,5.019924996411558e-05,1.9152825464316874e-05,0.9821375172983388,9.379648791965974e-08,0.0005152251237715551,0.0011098817234114068,2.2691215725247914e-05
15,8.738825597369924e-05,3.378695287044078e-07,0.0028592947191100407,4.0934691267847124e-07,0.0002873454518580822,8.238392086354255e-07,0.0008570569867792423,7.444355850605179e-06,2.0436156602435527e-06,8.0429596347146e-07,0.0005765466500539375,2.3561467927840427e-05,7.200810234790632e-05,0.00010507885403387937,2.1329674846155817e-08,0.0002816345914278762,0.002798848321024048,0.010419548704172844,5.8249946960317775e-05,2.4192794806435017e-05,0.9795692739185848,1.2641697458983968e-07,0.0005955674344726388,0.0013387446573512216,3.364807334147011e-05
16,5.965235572540057e-05,3.7751595794568905e-07,0.00476417748048774,6.40771561971189e-07,0.0003536273764349411,1.2148796649268924e-06,0.0006039638101712733,4.797893925150983e-06,2.7120100966718524e-06,1.8229179056147735e-06,0.00030480248353031904,1.054967566013336e-05,6.416612255012499e-05,0.0001084738821889042,1.324950202384857e-08,0.0003546390006606124,0.0032736364783039003,0.013624565931126225,4.639674487525502e-05,4.50360972475297e-05,0.9721443769842117,5.887826341619673e-08,0.0014151407660938729,0.002786501958474547,2.865473537965607e-05
17,7.873215823110447e-05,2.4598578588287674e-07,0.002222868908070268,2.681778815323833e-07,0.000303308183163433,5.284889671998125e-07,0.0007921581005988546,4.808008773852784e-06,1.6142312569251644e-06,4.233336569537542e-07,0.0005599036935412028,2.06687676335826e-05,6.209581245668504e-05,8.918798266008317e-05,1.1782342594248919e-08,0.00014354579117266942,0.0021750710808459864,0.008638919631083788,3.851237858725784e-05,1.6861182157265834e-05,0.9832110450945517,9.701380758617843e-08,0.00046394439775048743,0.001150911413171769,2.426840185142757e-05
18,0.00015291832443027953,4.092019958892522e-07,0.00307559744767785,1.0935224472441507e-06,0.0004381775881408666,1.3082408897887427e-06,0.0009154295832168957,1.2714466514551492e-05,2.362953566370046e-06,1.1084439672893318e-06,0.0007518526304630066,1.9205189813734412e-05,0.00010974109271675516,9.099222377589018e-05,2.325157714719011e-08,0.0002498102505056599,0.003004768438539586,0.01937951648102981,7.406384940780193e-05,2.9098240039331987e-05,0.9696661760127928,1.5946514971154303e-07,0.0007893661832350669,0.0012175581918861752,1.65487262202958e-05
19,5.753567432976488e-05,1.4827284439254e-07,0.0017516174713994943,8.654396588113983e-08,9.345283178853833e-05,2.1616807197204606e-07,0.0003909379501027718,3.6375278821985585e-06,5.596399108610079e-07,2.5898529646149267e-07,0.00041852503582093795,9.758706590544074e-06,3.927290004285559e-05,5.652667329706678e-05,6.125748366085534e-09,0.00011103965620781062,0.0016785542127763788,0.006500176566828589,2.770596766921539e-05,9.525741527038777e-06,0.9880927336649524,5.608480329143459e-08,0.00023585701522337257,0.0005065273412228483,1.5283241696977342e-05
20,9.153070305851223e-05,3.4169979294286576e-07,0.003189688493926593,4.330133362270925e-07,0.00029802570638675486,8.708768778150606e-07,0.0008860209045964263,6.922313039917229e-06,2.055206280310227e-06,8.271208765356352e-07,0.0005606699967828086,2.4490583818319407e-05,7.033408349589181e-05,0.00010179528366859752,1.997845263514134e-08,0.00030448255371788325,0.0030803721298755175,0.01117895268892257,5.7059335650919104e-05,2.4062528268245325e-05,0.9778964878135481,1.1021462117652265e-07,0.0006823325256089191,0.0015069839375652983,3.5130307831035e-05
21,7.97539865366406e-05,4.549073612155849e-07,0.0012932521239166774,1.1544487166255567e-06,0.0004349184420652595,6.186728056745787e-06,0.0014623911372861093,1.7662206637321066e-05,4.412074306675135e-06,1.5128154204166434e-06,0.0008468431651072741,1.6428943291653446e-05,4.9085435050969515e-05,7.516389127346284e-05,1.6286442177142775e-07,0.00037507970492833994,0.004234170259027135,0.005832754612595384,0.00019088525020641156,2.1710211906385218e-05,0.9826646404235566,4.542742005909316e-07,0.0013878161089307469,0.0009571973389854042,4.5908646214072516e-05
22,8.15328112715908e-05,2.8004890352881507e-07,0.0027215689535249523,3.1396194330317474e-07,0.0001606391729959454,6.220941823070466e-07,0.0004497580950856872,6.4600216768455805e-06,7.431515460388738e-07,7.951765730033006e-07,0.0004496115394904015,9.816046384324779e-06,5.563615639337728e-05,6.110597748530063e-05,1.046776486531732e-08,0.00017748617319522972,0.0034231306182575996,0.011374285965786695,5.013418950947252e-05,1.6176040081865702e-05,0.9798822310664059,8.694771223405975e-08,0.0004696042345023239,0.0005946166575314008,1.3354431796119306e-05
23,8.738825597369924e-05,3.378695287044078e-07,0.0028592947191100407,4.0934691267847124e-07,0.0002873454518580822,8.238392086354255e-07,0.0008570569867792423,7.444355850605179e-06,2.0436156602435527e-06,8.0429596347146e-07,0.0005765466500539375,2.3561467927840427e-05,7.200810234790632e-05,0.00010507885403387937,2.1329674846155817e-08,0.0002816345914278762,0.002798848321024048,0.010419548704172844,5.8249946960317775e-05,2.4192794806435017e-05,0.9795692739185848,1.2641697458983968e-07,0.0005955674344726388,0.0013387446573512216,3.364807334147011e-05
24,6.541304817769633e-05,4.407683345214642e-07,0.002040914118338679,6.125345652611004e-07,0.0002890627409544409,6.544563943976386e-07,0.0007359400369020896,8.371807802690496e-06,1.6371625972201542e-06,8.910031242002256e-07,0.00047159723199349227,1.9622885583450924e-05,6.62208409119271e-05,9.921510856086928e-05,1.8970697047611657e-08,0.00025935139069783596,0.002786119229783563,0.011669543485283457,7.701077888112763e-05,2.032423013681554e-05,0.9797091921016022,1.1782084031132113e-07,0.0005646066461602691,0.0010904403638147442,2.2681237861797135e-05
25,8.369604052026147e-05,3.14763504625587e-07,0.0026762967190144303,3.897764548268119e-07,0.0002859250493165416,7.656237100227928e-07,0.0008618475390879828,7.641198395289267e-06,1.8855010753389879e-06,7.220875447267487e-07,0.0005903169497981682,2.3067195010205972e-05,6.99323346217125e-05,0.0001019068567311984,1.919048724317569e-08,0.00025472688589178694,0.002648826940253206,0.01059792943058103,5.528523188992597e-05,2.3212780648101e-05,0.9799334782202275,1.2164510673225092e-07,0.0005516164811178746,0.0011997482273189944,3.03273316922976e-05
26,0.00013781834212892906,3.914094453958775e-07,0.006101762741793404,6.71541451365622e-07,0.0004952591492637575,9.971855549906578e-07,0.0005671929892077461,3.864436707094593e-06,4.062116663054232e-06,1.4531249513939066e-06,0.0004677131599430783,1.605999846114307e-05,8.641434634986685e-05,0.00016027243508274583,1.315674367791377e-08,0.00021496188701509815,0.002687021264148074,0.01943398071694273,3.690562417268744e-05,4.0388381027021885e-05,0.963709471674976,7.170715983291858e-08,0.0015551362548563844,0.004244413000386794,3.370335556756817e-05
27,0.00014760164662220882,5.591229984042178e-07,0.003478508528037903,8.007961059122032e-07,0.0004917369556887262,1.8283136597359046e-06,0.0013341585331082342,1.4749382126681459e-05,6.010277879170957e-06,1.4800187766815345e-06,0.0008958401363490703,4.4620531974919814e-05,0.00011303730145394557,0.00018490271103232685,6.093603898036136e-08,0.0004596370443182721,0.003008473055558139,0.012756078794620943,9.680169017690967e-05,4.093282138811523e-05,0.9736998409753078,3.4813946789184757e-07,0.0008457420145058151,0.0023072442804656997,6.900599233745622e-05
28,8.738825597369924e-05,3.378695287044078e-07,0.0028592947191100407,4.0934691267847124e-07,0.0002873454518580822,8.238392086354255e-07,0.0008570569867792423,7.444355850605179e-06,2.0436156602435527e-06,8.0429596347146e-07,0.0005765466500539375,2.3561467927840427e-05,7.200810234790632e-05,0.00010507885403387937,2.1329674846155817e-08,0.0002816345914278762,0.002798848321024048,0.010419548704172844,5.8249946960317775e-05,2.4192794806435017e-05,0.9795692739185848,1.2641697458983968e-07,0.0005955674344726388,0.0013387446573512216,3.364807334147011e-05
29,8.738825597369924e-05,3.378695287044078e-07,0.0028592947191100407,4.0934691267847124e-07,0.0002873454518580822,8.238392086354255e-07,0.0008570569867792423,7.444355850605179e-06,2.0436156602435527e-06,8.0429596347146e-07,0.0005765466500539375,2.3561467927840427e-05,7.200810234790632e-05,0.00010507885403387937,2.1329674846155817e-08,0.0002816345914278762,0.002798848321024048,0.010419548704172844,5.8249946960317775e-05,2.4192794806435017e-05,0.9795692739185848,1.2641697458983968e-07,0.0005955674344726388,0.0013387446573512216,3.364807334147011e-05
30,8.738825597369924e-05,3.378695287044078e-07,0.0028592947191100407,4.0934691267847124e-07,0.0002873454518580822,8.238392086354255e-07,0.0008570569867792423,7.444355850605179e-06,2.0436156602435527e-06,8.0429596347146e-07,0.0005765466500539375,2.3561467927840427e-05,7.200810234790632e-05,0.00010507885403387937,2.1329674846155817e-08,0.0002816345914278762,0.002798848321024048,0.010419548704172844,5.8249946960317775e-05,2.4192794806435017e-05,0.9795692739185848,1.2641697458983968e-07,0.0005955674344726388,0.0013387446573512216,3.364807334147011e-05
31,0.00011698889040720089,4.496848505530403e-07,0.004013045819653807,3.32588969452428e-07,0.00017822751258387057,5.709828481174283e-07,0.0006739113216305136,1.063285016065977e-05,1.3244751319620127e-06,9.083833109221633e-07,0.0005694487729406365,2.3046289589670443e-05,8.051180941439632e-05,0.00011489922190339265,1.3055698194585409e-08,0.00028630270305685427,0.0032875074676046463,0.012504025385475724,4.557537800552865e-05,2.1669427876832295e-05,0.9767100909473154,1.2799244304600574e-07,0.00044126690711542,0.0008911364328708133,2.798569914245695e-05
32,7.837698905477606e-05,3.2110693181266186e-07,0.002480096835942632,4.079118634742399e-07,0.0002736542165501153,8.143873749629265e-07,0.0008371070354523092,7.062825690292873e-06,1.9371533887082887e-06,7.769260358412689e-07,0.0005457972838329073,2.1732935612366805e-05,6.793161610329524e-05,9.758583473966893e-05,2.233195016415779e-08,0.00027287392818219313,0.002668650703716936,0.01007955136011959,6.468573910427807e-05,2.279258843121113e-05,0.9806120153834365,1.2445578384938682e-07,0.0005909783050643801,0.0012430612385680782,3.164090706953823e-05
33,0.0001234147330588408,5.120623497284513e-07,0.001373899085596001,5.15487215422378e-07,0.000227115273298294,3.115565328161433e-07,0.0013935191901753637,1.1135685614026033e-05,6.977950453574462e-07,2.69446809517056e-07,0.0008619810142174476,4.9663798548437386e-05,0.0001221199395635311,5.3926430950029065e-05,1.110181982570861e-08,0.00023923221165378708,0.004061629794486946,0.013306154421872532,9.416169557506583e-05,9.547582021341582e-06,0.9772223751261387,1.8660167962125872e-07,0.000216737815090538,0.0006164788153247416,1.4403335361850778e-05
34,8.712631454479718e-05,3.385807484975161e-07,0.002861190140266427,4.095619706646942e-07,0.0002873007775750103,8.243922624701026e-07,0.0008577308566889837,7.447811735781186e-06,2.0443268183032553e-06,8.06278935286005e-07,0.0005757128588143243,2.3586527929801188e-05,7.19708207303742e-05,0.0001052004129622882,2.134349796896711e-08,0.0002825498274122139,0.00280428688331865,0.010408252293952333,5.829508431746766e-05,2.4235978616104e-05,0.9795701969846942,1.2638147678615868e-07,0.0005960245775241383,0.0013405920494856342,3.3728933721611225e-05
35,9.384601163883124e-05,3.4845445967781636e-07,0.002921178782489986,4.2146014922598826e-07,0.00028460257948387333,8.566213525948727e-07,0.0008799486701904797,7.853109258206277e-06,2.102702611485481e-06,8.28404426692474e-07,0.0005964592065468085,2.486993164617293e-05,7.548669091623755e-05,0.00010627927705282131,2.1541820833878308e-08,0.0002943886057325119,0.0028669602389949406,0.011111516548830963,6.035585491975083e-05,2.4504640897779554e-05,0.9786585307202789,1.3430181174679484e-07,0.0005999408674996354,0.0013545629100830436,3.400186690691538e-05
36,0.0001340662447046459,5.960728779859455e-07,0.0037361513915502363,6.275156750647787e-07,0.00025391747841423037,1.2593952198035838e-06,0.001308484113511166,1.706056655050752e-05,3.0964788017367467e-06,1.5204393831813389e-06,0.0006982213898125343,4.307171858661788e-05,0.00011732575095932206,0.00015756577537460374,3.440484361173828e-08,0.0005792763537352249,0.004079713245677133,0.01617378834633358,9.68834339389675e-05,3.45051211288772e-05,0.9706426253029413,2.813120779007939e-07,0.0006090205361164114,0.0012645750210185922,4.6332590766615175e-05
37,8.56857327465642e-05,3.487331291842375e-07,0.0028239850978243435,4.26426880223914e-07,0.0002841789234341887,8.67395811815488e-07,0.0008695928243888364,8.093428786847568e-06,2.0533171573410262e-06,8.500292086803527e-07,0.0005833353792715931,2.3658450341300898e-05,7.07954298722643e-05,0.00010532390969076623,2.319517217762207e-08,0.0002999769800798833,0.002886870126680199,0.010333569391848058,6.193617890314861e-05,2.4456429252817537e-05,0.9796066341916412,1.3209769482306893e-07,0.0005993539925474233,0.0012934087360295258,3.444360160706777e-05
38,9.27994618967807e-05,2.7344942445002154e-07,0.00241090429989503,4.926969746057536e-07,0.0001559325998755027,1.8770241729304485e-06,0.0013546314459925342,8.153056408040534e-06,1.7963366942147474e-06,1.13709189203818e-06,0.0004396090550303106,1.8259604642209445e-05,8.705150618783723e-05,5.8477848469105395e-05,3.432938639919154e-08,0.0005605943598241995,0.0031459160529173818,0.016680227596470417,0.0001297566350979553,2.8531560717648187e-05,0.9730623827745328,1.4024257847107181e-07,0.0008247269875539773,0.0009099232741213662,2.6370709243674427e-05
39,0.00016289918693063348,8.016448239695682e-07,0.005350569480681736,2.152850764879918e-06,0.0009667705056834473,5.731400343060584e-07,0.00030070353220278345,2.0509995315082067e-06,6.742697968120088e-06,1.8068690156006425e-06,0.0004948758514498535,1.125887662757942e-05,0.00010914931329665873,0.0003605860122588989,4.501413456322918e-08,0.00010228558830682879,0.0025430568517105555,0.012744817365448217,4.6370033475635016e-05,3.743165561899006e-05,0.9671355113332577,9.257628291748807e-08,0.0021941910397505027,0.00738439790284759,4.0859677896308135e-05
40,8.503782126481332e-05,3.344768015482412e-07,0.002800667495636519,4.132811604903671e-07,0.0002839801349123033,8.248308458988264e-07,0.0008503518091599455,7.3979472610031266e-06,2.0270941837607883e-06,8.097763612650687e-07,0.0005652294316169572,2.2945715073935992e-05,7.111463220815402e-05,0.00010362158975539878,2.0958701939684564e-08,0.0002821760061092722,0.00276392557971794,0.0106013451063258,5.907364758211675e-05,2.4172639597480066e-05,0.9795046598566791,1.233373428173832e-07,0.0006029595382653026,0.0013339743742836901,3.2812919152671974e-05
41,0.0003753614729044887,7.024899627223699e-07,0.006860952265390485,5.0591426330851865e-06,0.002143046723850913,8.740868524805169e-06,0.0025393337718001316,2.7898989960184008e-05,1.4790409513068135e-05,3.077386738720582e-06,0.0017555267082810836,6.993502477499651e-05,0.00015148704106675875,0.0001904725940880508,2.2294434365342942e-07,0.000803696236361327,0.005459013549156533,0.02700812912832113,0.00016024365786581737,7.694770848798386e-05,0.9444372513811424,3.9797257243744156e-07,0.0030483954537874327,0.0047708910015586605,8.842607691315522e-05
42,0.00010842720044806426,6.252164535039954e-07,0.0022187536035231338,5.34053439382413e-07,0.00025319564528539825,1.3367724585461852e-06,0.001222519988234586,1.942852080508489e-05,2.208831389058942e-06,1.1995667693639567e-06,0.0007848565678596305,3.907773026689462e-05,0.00011992567032455772,9.877569309850509e-05,4.684000983251521e-08,0.000640712611806306,0.0048442276214551525,0.00892516171765952,0.00012736989135052134,2.9995222139149536e-05,0.9791563507506753,5.135787334984418e-07,0.0003831038461516791,0.0009786870402160393,4.2965819447298455e-05
43,0.00010151434152844256,3.5327413902693847e-07,0.002783583106644605,3.399983610346433e-07,0.0002975651378817113,5.530138677257125e-07,0.0008851255179702411,6.759001932384757e-06,1.759731055179397e-06,5.430645182900879e-07,0.0006459957833535545,3.153150640842667e-05,7.223207918413776e-05,0.00010453648874591499,1.6787432393006988e-08,0.0002560724123015324,0.0030071361219133797,0.010062003783894017,4.899875267954117e-05,1.907901817521796e-05,0.9797841475214907,1.1732742684833547e-07,0.0004967443469697663,0.0013584739657510388,3.4817916375083104e-05
44,8.738825597369924e-05,3.378695287044078e-07,0.0028592947191100407,4.0934691267847124e-07,0.0002873454518580822,8.238392086354255e-07,0.0008570569867792423,7.444355850605179e-06,2.0436156602435527e-06,8.0429596347146e-07,0.0005765466500539375,2.3561467927840427e-05,7.200810234790632e-05,0.00010507885403387937,2.1329674846155817e-08,0.0002816345914278762,0.002798848321024048,0.010419548704172844,5.8249946960317775e-05,2.4192794806435017e-05,0.9795692739185848,1.2641697458983968e-07,0.0005955674344726388,0.0013387446573512216,3.364807334147011e-05
45,0.00012062753284932535,3.924208444842129e-07,0.0026994301161988345,1.0156001058377225e-06,0.000535034780172117,2.2354348354900366e-06,0.0019438158910053942,1.593824932182686e-05,4.375915403752475e-06,1.157651177911771e-06,0.0008836053812722505,3.9786264235928244e-05,0.00010522786326882519,0.00011883282990958604,6.534490781658972e-08,0.0005087882517881602,0.003099052851295275,0.015263325628267939,0.00011620745018457215,4.0944493306403816e-05,0.9719697863343052,2.5167586282262756e-07,0.0009155152303474875,0.0015691572383674844,4.5429570765529297e-05
46,0.00023596051714948197,1.037949243576454e-06,0.0033450854836862,7.775533894398805e-07,0.00041071016918255707,1.4547433350545756e-06,0.0013244421091460486,1.466625743980102e-05,1.3666928771588063e-06,9.341391323540179e-07,0.0012317023983903375,7.379916088042534e-05,0.00011492135078821055,7.95192141921654e-05,4.701753177159951e-08,0.0006810780220213229,0.015040707443427575,0.00981504858896338,0.00010788194012488263,1.992846965307492e-05,0.9654998997546708,4.021915782932617e-07,0.0006710155326281835,0.001272307496897401,5.530580367017218e-05
47,7.224269097014181e-05,2.7697252798720735e-07,0.002659559440292355,3.9778230389678655e-07,0.00028571480708143116,7.780312290719089e-07,0.0007816023315896345,6.48837603489588e-06,1.923430088223124e-06,7.604938652477845e-07,0.0005170808344456973,1.8637195566922792e-05,6.177522603033373e-05,0.00010029433330273906,1.9117728777879654e-08,0.0002363607903906078,0.0024041096635266405,0.010363349997613583,5.4456901549809045e-05,2.3287420419259806e-05,0.9805136883795261,9.920268130358914e-08,0.000619393427011712,0.0012487360824517016,2.8967071771882165e-05
48,0.0001090893347638636,1.5085014457508535e-06,0.002451464969677952,8.049665175403955e-07,0.00018436505010031523,8.617746669131216e-07,0.0008277814292015879,1.420787034769462e-05,9.249109218732672e-07,1.431490312211589e-06,0.0005046199165856368,2.8503653067579993e-05,8.985873630832135e-05,8.663547869660025e-05,2.7576383053589873e-08,0.00048188015060895826,0.011068274510910081,0.008609354260483223,0.00011755683649025312,1.530508955809739e-05,0.974198142688717,2.8932345984252647e-07,0.0005411947670485173,0.0006393751047696926,2.6541608957491406e-05
49,0.00013435447589207262,4.263318413413562e-07,0.004592128618108902,5.162113339622039e-07,0.0003301076612606969,1.225290675780103e-06,0.0010130222441829813,1.0319465125437264e-05,2.780460008979625e-06,1.1092139333744315e-06,0.000745705255873568,3.364541235052478e-05,9.867402562168319e-05,0.00013530284878251155,2.1503570536629227e-08,0.0003238153684655322,0.003271284149095887,0.013862160878172316,5.3118841433906826e-05,3.235325783965561e-05,0.9729922905304399,1.645985246303404e-07,0.0006879016304772889,0.0016377167843140829,3.9854942674158454e-05
50,8.334550037148196e-05,3.3773171931624916e-07,0.002802889624654381,4.047969305917517e-07,0.00027733588420857677,8.356539083521718e-07,0.0008740661649293862,7.586249069372288e-06,2.0584374951246593e-06,8.24932609685632e-07,0.0005580586016268829,2.3162582383916648e-05,7.194330630804962e-05,0.00010623743350739752,2.1571377046275573e-08,0.0002821590325257488,0.002732105286312024,0.010171858694915476,5.933111705215526e-05,2.4330201220332777e-05,0.9800185684400508,1.2898999225410874e-07,0.0005853661914316847,0.0012834536549294602,3.358992047069567e-05
51,0.00016774976874391745,2.1992128081944503e-06,0.003630061883774205,2.099401615780828e-06,0.0003262350689880642,8.498732934109519e-07,0.0007409986503729362,3.530019914232332e-05,2.67218191099687e-06,2.369999975405787e-06,0.0009678211884097597,4.912431356702503e-05,0.00015058111162586383,0.00032846932407131375,4.487543255893713e-08,0.00035791575738060847,0.00469559195506084,0.01854328510425043,0.0001055994613503611,3.079886160379316e-05,0.9682417500981412,4.618326795737072e-07,0.0005743029363693381,0.0010072630091017417,3.6453930330292375e-05
52,0.0001642217384393023,5.058600996507884e-07,0.005091971591119501,1.8180157777621109e-06,0.00023443257561384958,3.155199885556016e-06,0.0007050907635593645,2.3287552151348978e-05,4.576424396942702e-06,6.50321264298743e-06,0.0006355721871836019,1.7208223794547596e-05,0.0001760952289861236,0.00018171514244296616,7.100781752264438e-08,0.0009267216532677248,0.002955494808691884,0.04917631400855462,0.0001953692190910682,9.827691264133497e-05,0.9364033286804176,3.0361987179294674e-07,0.0012396109820478436,0.001728371958640933,2.9983432863922834e-05
53,8.13147279543869e-05,2.872281996566743e-07,0.0022469176470365873,3.2488344384773914e-07,0.0002992977509829878,1.1443268144327473e-06,0.0026509477316237003,1.0368123421958636e-05,3.192245446123893e-06,4.7180447619017103e-07,0.0007179974637556962,5.4144074293683376e-05,6.996982528204056e-05,0.00011150682998181358,3.17072282089735e-08,0.0003810287611647444,0.0023913832046365594,0.009238024608108554,6.69627647721972e-05,2.2357677181797484e-05,0.979836360412029,1.5181792689343988e-07,0.0005935707963918953,0.0011639288497779937,5.831473806905459e-05
54,0.00010513205537662253,1.1910716440949079e-06,0.006159621098859371,5.724601980582824e-07,0.0003005330988492547,1.2528288631350423e-06,0.0014369103419242506,1.4621266191503248e-05,6.148744929552195e-06,2.5074194637636234e-06,0.0006352475299247377,8.793751627893037e-05,0.00011309270567469777,0.0003445603323220078,8.912375459864724e-08,0.001350829372143462,0.005131540845489758,0.0077248844542014816,9.657217946510366e-05,5.3736741798821474e-05,0.971875185077267,3.4148432009872805e-07,0.0007749358100305334,0.0035460184407588736,0.00023653800027033188
55,6.151928109915352e-05,3.491964429987367e-07,0.0029857023518940463,2.9174575884621526e-07,0.00013736300239732368,5.389026008336146e-07,0.00033668089501943753,7.786999395147156e-06,8.417571027920263e-07,1.2942068646899367e-06,0.0003640333365543205,7.162100467427744e-06,5.607641175649425e-05,8.619419647246042e-05,1.732336814454899e-08,0.00023551756633189046,0.003252847078349498,0.007561613573283616,5.128276954359393e-05,2.291208852652947e-05,0.9838299075596634,1.1252198744173949e-07,0.0003947405565400453,0.0005870981690731658,1.811640950673124e-05
56,8.819024903689226e-05,3.4320915147436937e-07,0.0027836997432521176,3.999071205467059e-07,0.0002862168062927163,7.969146067294523e-07,0.0008604036529113297,7.2783294657952825e-06,2.0590461619474836e-06,7.829264378493779e-07,0.0005789381394823972,2.4016847429909203e-05,7.521119612010576e-05,0.00010664242985986134,2.0790368484940793e-08,0.0002684708546286356,0.002710058316870778,0.010386041557394405,5.785825174906143e-05,2.4299093195075798e-05,0.9797913425937529,1.312792581954384e-07,0.00057738079150014,0.001336312230188693,3.3104843764236005e-05
57,4.836695054364577e-05,3.1307840773140187e-07,0.0015547187041054114,2.211286440506876e-07,0.00015281639103877223,3.629266015800819e-07,0.0006794603870211186,5.510713851629241e-06,1.0222030828760083e-06,4.6318692849663403e-07,0.0004242580561743114,2.0247772803990205e-05,6.404637480745396e-05,7.790564579728256e-05,1.3400130607661446e-08,0.0002173343993125102,0.0021831952258414035,0.006372676674158475,6.014849056810254e-05,1.4672698056088339e-05,0.9870135257110252,1.1759270544988968e-07,0.0002819939215134211,0.0008019718428084966,2.4636524071938054e-05
58,7.747569165264243e-05,3.2604255140122295e-07,0.0026930173612496897,4.042809207140763e-07,0.0003408892058217979,7.838198623365971e-07,0.0008073117386190914,5.273128926048778e-06,2.4128901115596237e-06,7.540556638679429e-07,0.0005354841702618744,2.3082309556181083e-05,7.409394806650278e-05,0.00010997040089242107,2.015574611167146e-08,0.0002479936350168269,0.0023886849103571615,0.009693227591425326,5.39488382153692e-05,2.6776764148305185e-05,0.9803229300554422,1.1282874036187399e-07,0.0006669022965915277,0.0018919949903664047,3.612888979424573e-05
59,7.23482695673069e-05,3.1262240945530743e-07,0.0030175191620045207,3.6545528220383486e-07,0.00030255883154376193,7.406233878509914e-07,0.0007169810083022853,5.174222382371457e-06,2.200403173042293e-06,8.171862949862959e-07,0.0004867154610586489,1.9735224122243367e-05,6.930352888857989e-05,0.00011265256018392067,1.702325402861693e-08,0.00024240671272556397,0.002397434886698072,0.009690477733815385,4.731669129067812e-05,2.731881133033855e-05,0.9803259932452197,9.989705152944248e-08,0.0006471250956992163,0.0017801337929105562,3.4251551404030184e-05
60,8.738825597369924e-05,3.378695287044078e-07,0.0028592947191100407,4.0934691267847124e-07,0.0002873454518580822,8.238392086354255e-07,0.0008570569867792423,7.444355850605179e-06,2.0436156602435527e-06,8.0429596347146e-07,0.0005765466500539375,2.3561467927840427e-05,7.200810234790632e-05,0.00010507885403387937,2.1329674846155817e-08,0.0002816345914278762,0.002798848321024048,0.010419548704172844,5.8249946960317775e-05,2.4192794806435017e-05,0.9795692739185848,1.2641697458983968e-07,0.0005955674344726388,0.0013387446573512216,3.364807334147011e-05
61,7.589126294433979e-05,3.022653245334964e-07,0.003144692470623611,3.7351494417561375e-07,0.0003097410485080075,7.549807109572257e-07,0.0007025962646416688,5.107826379850964e-06,2.359220783204305e-06,8.272503735332623e-07,0.0004931335048263658,1.959758962467927e-05,6.914328861966213e-05,0.0001175353080851515,1.666130033597856e-08,0.00022793385691009831,0.002260374300564964,0.01011900334470425,4.605439521490772e-05,2.7043705756942123e-05,0.979818596750611,9.782085868937208e-08,0.0006737707733264666,0.0018506681160674469,3.43844782950617e-05
62,8.738825597369924e-05,3.378695287044078e-07,0.0028592947191100407,4.0934691267847124e-07,0.0002873454518580822,8.238392086354255e-07,0.0008570569867792423,7.444355850605179e-06,2.0436156602435527e-06,8.0429596347146e-07,0.0005765466500539375,2.3561467927840427e-05,7.200810234790632e-05,0.00010507885403387937,2.1329674846155817e-08,0.0002816345914278762,0.002798848321024048,0.010419548704172844,5.8249946960317775e-05,2.4192794806435017e-05,0.9795692739185848,1.2641697458983968e-07,0.0005955674344726388,0.0013387446573512216,3.364807334147011e-05
63,8.731000126060885e-05,4.1508944575339006e-07,0.0028128987653165804,4.23984699092185e-07,0.0002742349561546622,7.714189072205998e-07,0.0008053672191906005,7.939493063395056e-06,1.964008924091223e-06,8.74874559162985e-07,0.0005662933829834982,2.4809709893758414e-05,7.369047471147038e-05,0.00010931073017111598,2.2101677914794456e-08,0.0003038639968673914,0.00306483206322993,0.009983327768626551,6.225556861455871e-05,2.3671198871316066e-05,0.9798469692070432,1.3949146977185837e-07,0.0005694044934253873,0.0013440898101530787,3.512019073988448e-05
64,0.0009925118524819591,3.6412745917957286e-06,0.01399543261456678,1.0455416712638914e-05,0.0017789700396822039,2.218853042653515e-05,0.004875623665836347,0.0001162340675821209,3.202759790104879e-05,1.1472404428262192e-05,0.0035527336302189445,0.00039754501030820645,0.00038729232319874854,0.00047238076624896874,7.962566861750348e-07,0.005624343314385431,0.0193227232140148,0.04548991916884363,0.00037662287804906365,0.00017934087525761048,0.8883524174433678,2.0622394620798364e-06,0.0043146979615287335,0.009283508167864897,0.00040505928635529737
65,8.692496755593303e-05,4.523695728679792e-07,0.004021872724318191,3.264181017360817e-07,0.00025263364754826885,5.876057261642314e-07,0.0006628129161029305,7.133050915863075e-06,2.6424083746786415e-06,1.0528840414369135e-06,0.0004955701862503342,2.482265429045055e-05,8.71934499799764e-05,0.0001790092790323405,1.6692560026139445e-08,0.0002643909784805522,0.0023983825284760803,0.009046822250233129,4.056711436335563e-05,3.0561048972882215e-05,0.9801320203407817,1.4396601192862024e-07,0.0004919930101173712,0.001728485349922835,4.358215826909136e-05
66,8.853776297018217e-05,2.607155313823588e-07,0.003666515423539531,3.1112518832352394e-07,0.00021894675077656006,5.460636922103429e-07,0.0008070786367757977,9.23008984567247e-06,1.4508508191880965e-06,7.457268074860271e-07,0.0005361965604061147,1.9035381641196913e-05,0.00010742886528643762,0.0001194116804549658,1.213205838837557e-08,0.0002271027266366946,0.0019697739696839136,0.012850638384368685,3.4662038996950784e-05,3.496112630857345e-05,0.9781703725438416,1.1824523473385103e-07,0.00033260475466328316,0.0007840537456159451,2.0004698856027068e-05
67,0.0007622852698458592,2.6459853946366324e-06,0.0026338002696183953,2.633690791062699e-06,0.001364770094163682,4.803280414682383e-06,0.009517341129773637,7.90509153867793e-05,2.109931914304557e-05,9.905996884401713e-07,0.004452782141053421,0.0008784877289617417,0.00032952519980503504,0.00021888805878071422,5.713462883774623e-07,0.002229552576480485,0.009694682834713022,0.010259385222513106,0.00041939913301796246,2.7092316820492683e-05,0.9514721354056714,4.545688984721043e-06,0.0006116520535042054,0.004654425477322594,0.0003574542618626587
68,8.699824783975823e-05,5.358102564012351e-07,0.024711009773007754,9.926663536014013e-07,0.0011531180246117888,2.3907777014917284e-06,0.0015264344237819354,4.881662659407499e-06,4.3395587641052755e-05,5.55542741623859e-06,0.00048815976467301604,5.6654349771973365e-05,0.00010524206786404322,0.00146027438437806,3.826555943600685e-08,0.00041721376941170724,0.0015807546587007272,0.0162696206534651,2.0522384254942038e-05,0.00019126186335853936,0.9233637082747804,6.510614351827007e-08,0.0040136615910164805,0.024174841390539194,0.0003226690748135089
69,0.00014777049796295844,4.639435294803182e-07,0.0029225092904842176,6.075793888824677e-07,0.00042625828852292945,1.1391968120964585e-06,0.0011062262056824176,9.654648623546188e-06,2.4594591574157546e-06,7.953814497697178e-07,0.0008449157077537287,3.691371040407033e-05,8.860183923449763e-05,9.302238822199996e-05,3.499753044084072e-08,0.00038173121295500173,0.004327541116093375,0.010496487165421668,7.838987269450168e-05,2.261410233030617e-05,0.9765789206134203,2.0162955202820792e-07,0.00069262926113729,0.0016976896506451877,4.242224099191117e-05
70,0.0001591804726136219,3.4934296458302753e-07,0.004139199933983283,1.42188344526775e-06,0.00147039328524922,1.7938311386518892e-06,0.001822905215952337,1.42186924473608e-05,7.529747700627896e-06,8.067533343952587e-07,0.0010977422736192853,3.2714560789602844e-05,8.234935657019906e-05,0.0002174133886430986,3.876119002104774e-08,0.00011965486930972364,0.001990673903334799,0.013166840340294078,3.823531652515325e-05,3.315576472540787e-05,0.9726289742911453,1.5156797983476307e-07,0.0012385742131266883,0.0017013069634927943,3.437527042467207e-05
71,6.73995253140384e-06,1.3213620399183536e-07,0.001255905486752015,1.0238059541218012e-07,0.00019607639011807486,1.2144527063663715e-07,0.0005016007462556463,1.847430351496283e-06,2.017321954108833e-06,3.7618456460022963e-07,0.00010926032906890442,5.018930996342668e-06,2.5102387893955367e-05,0.00021683016417471722,2.8606447476357607e-09,6.302253161610775e-05,0.00040527386254585564,0.00605690242835138,1.3131156534035429e-05,2.915772048258643e-05,0.9896315950352105,1.934388390371155e-08,0.0003363025394194916,0.0011265706481956902,1.6890586384377428e-05
