,0,1,2,3,4,5,6,7,8,9,10,11,12,13,14,15,16,17,18,19,20,21,22,23,24
0,9.572148611301528e-05,7.884494755023574e-07,0.0023085746564172932,1.1415786949340192e-06,0.0003262886829268337,3.759226535707602e-06,0.0012138756328001423,2.602038986974839e-05,5.19464318376531e-06,2.4141366585444077e-06,0.000989621006233409,3.886793482370267e-05,5.48928222570132e-05,0.00019149184585472154,1.7881367246639138e-07,0.0007052015680943965,0.005122425875776609,0.009372542940524127,0.00019352301335450215,2.9284117279949837e-05,0.9765235237842376,4.623031315123014e-07,0.0013779998051680748,0.0013101106868504925,0.00010609460006575772
1,7.31681585992975e-05,6.483110613962965e-07,0.002733993163104449,1.1255864602123244e-06,0.0002925522511455433,3.6437597303234294e-06,0.001321256649447548,2.420187299096003e-05,5.818476461877205e-06,3.059742700735048e-06,0.0006833038130601665,3.2428262628720415e-05,5.6662660159980915e-05,0.00017207703250140123,1.5561884898658556e-07,0.0009925073426971845,0.004160957023246449,0.010503116302406223,0.00021906498131895786,3.702538531051837e-05,0.9756339124826947,3.2503343775692105e-07,0.0013666418578628988,0.001582556821821469,9.979741030188693e-05
2,8.833700114936773e-05,9.204990946073465e-07,0.002582497665521963,1.2702579274165468e-06,0.0004461153004120966,3.5325199578870382e-06,0.0013208942442618458,2.9510035292030986e-05,6.3709240063426734e-06,2.5973079255152425e-06,0.0011273915389207944,4.9001858710720166e-05,5.750293037134223e-05,0.0002788866362327025,2.3509429819206125e-07,0.0007354465470046766,0.00522864746853549,0.008469277619789141,0.00017155870301917487,3.905429210771737e-05,0.9763322657228132,5.261826774291263e-07,0.0013553034393275862,0.0015276818077209692,0.00014517440292174906
3,9.563733504091303e-05,8.48444709774406e-07,0.0022566103902977824,1.207015711359276e-06,0.0003619582083939114,3.426342500533853e-06,0.0012729746217884999,2.5246313896780322e-05,4.40548291927125e-06,2.134302704745948e-06,0.0010106670932013906,4.305725132277368e-05,5.448121624964924e-05,0.00017280512822199302,1.654830313229121e-07,0.0007325980719338861,0.006073318744006259,0.009178156946237605,0.00018917896446554472,2.746725907244026e-05,0.9757620423021105,4.295699894638513e-07,0.0013379165310297815,0.0012928409964091069,0.00010042598475459201
4,8.497484333011995e-05,7.755763609377761e-07,0.0021035369637237167,1.0047649749102857e-06,0.00035095156037822376,2.613376948483074e-06,0.0011535403374532802,2.1740112900251046e-05,4.176028396865915e-06,1.863133234700972e-06,0.0009309478631020592,3.8829011025026646e-05,5.616704842407922e-05,0.00017891727332524125,1.3064180121094882e-07,0.0005697721779645553,0.0048879179919557435,0.008536257641662142,0.00016217531480536824,2.7236692702655576e-05,0.9784462568475284,3.986342512665537e-07,0.0011110431385163537,0.0012410854237842506,8.768760145037369e-05
5,8.613309203298133e-05,7.256875072789561e-07,0.0022368678326207723,1.4680781738614049e-06,0.0003905155287722949,3.2864090173440466e-06,0.001074085842666442,2.191081635607859e-05,4.273431362067342e-06,2.3748615339902065e-06,0.0008778175705037569,3.098517635697787e-05,5.4005146601368505e-05,0.00016949223655802654,1.2201696845553553e-07,0.0005895582892738463,0.005000599898902639,0.012923018772517185,0.0001815461629829443,3.119623271045409e-05,0.9733343225636089,3.1113767835955073e-07,0.0015694906443008056,0.0013476978139137234,6.819475707944046e-05
6,9.563733504091303e-05,8.48444709774406e-07,0.0022566103902977824,1.207015711359276e-06,0.0003619582083939114,3.426342500533853e-06,0.0012729746217884999,2.5246313896780322e-05,4.40548291927125e-06,2.134302704745948e-06,0.0010106670932013906,4.305725132277368e-05,5.448121624964924e-05,0.00017280512822199302,1.654830313229121e-07,0.0007325980719338861,0.006073318744006259,0.009178156946237605,0.00018917896446554472,2.746725907244026e-05,0.9757620423021105,4.295699894638513e-07,0.0013379165310297815,0.0012928409964091069,0.00010042598475459201
7,0.00020293785089980912,6.838168818008225e-07,0.002348061680281694,8.791154238041203e-07,0.00022753624395294598,2.1595216241915996e-06,0.0012538046975150918,3.274711000390429e-05,2.4840303371570383e-06,1.3182367630932452e-06,0.00145333659148885,3.6043472393230185e-05,0.00011643255524480564,0.00010099694122476122,1.147411651893621e-07,0.00047699306059518056,0.00441670226815978,0.010312673780815115,0.0001794368726174701,2.304417650950107e-05,0.9774906423317926,6.145592045846496e-07,0.0005640198336032601,0.0007122143540264181,4.4122157476025515e-05
8,6.22497245278291e-05,4.805549992650654e-07,0.0010549682792583314,7.019824645651175e-07,0.00023171528455364398,2.4049434861902894e-06,0.0014123184959962385,2.5235753876379337e-05,2.5016971680044427e-06,9.942367207198537e-07,0.0008808607510281985,3.045774873716529e-05,3.9558419352856466e-05,9.59040314248726e-05,1.0730856479927246e-07,0.00046501160714004737,0.00384802267579777,0.007694764454844748,0.00019268515132833553,1.5140710658925344e-05,0.9826405873708945,3.6106983167851443e-07,0.0007221349513404478,0.0005319538468808943,4.887894912362394e-05
9,0.00011221157643375086,5.699278963882616e-07,0.0012186349852787558,8.759975851181222e-07,0.000322541310137397,2.9268390493152836e-06,0.0016255484246825566,2.6272427681926148e-05,2.7750485148063484e-06,8.649699159387416e-07,0.001272358636333578,4.40370974673385e-05,4.609518681084697e-05,9.630542703061542e-05,1.3645005690024078e-07,0.0004406996659261189,0.005293735425712243,0.008026158227631593,0.00018973072554459046,1.3059900903345402e-05,0.9797367279006651,4.776674249856857e-07,0.0008585142661737672,0.0006102884338286294,5.845348131446311e-05
10,9.563733504091303e-05,8.48444709774406e-07,0.0022566103902977824,1.207015711359276e-06,0.0003619582083939114,3.426342500533853e-06,0.0012729746217884999,2.5246313896780322e-05,4.40548291927125e-06,2.134302704745948e-06,0.0010106670932013906,4.305725132277368e-05,5.448121624964924e-05,0.00017280512822199302,1.654830313229121e-07,0.0007325980719338861,0.006073318744006259,0.009178156946237605,0.00018917896446554472,2.746725907244026e-05,0.9757620423021105,4.295699894638513e-07,0.0013379165310297815,0.0012928409964091069,0.00010042598475459201
11,9.776807814543544e-05,8.262883687839918e-07,0.002190457647294654,1.1327697950715321e-06,0.00037336220714964506,3.1181787978859343e-06,0.0012796950122166766,2.4170502016242975e-05,4.449918330667961e-06,1.985575520856475e-06,0.0010270367930153013,4.40732072517904e-05,6.0426664618504146e-05,0.0001711468798622203,1.5420943845697015e-07,0.0006794571009556878,0.005548311161641563,0.009045891050232178,0.00018290646195921254,2.8479485962834467e-05,0.9766005327038545,4.495288262034386e-07,0.001205675108818117,0.0013332830367049982,9.521042922252904e-05
12,0.00010448532088903086,9.623945107657522e-07,0.0020932123247785553,1.4196700623176172e-06,0.0002706711088487253,3.896191147652134e-06,0.0014694112474814976,3.5330444077388586e-05,4.486195456572123e-06,2.5203896671962062e-06,0.0009850821552026157,4.807339484081206e-05,6.22235910425651e-05,0.00015784151590456878,1.9748682410393343e-07,0.0010104262680431415,0.005957244269518605,0.010816581936867044,0.00027526918422279123,2.5812804790498294e-05,0.9742459406297909,5.135644645885817e-07,0.0012546411448569703,0.0010804415080735055,9.331525863778825e-05
13,9.841988553463479e-05,8.28074639945001e-07,0.0016984607481032388,7.332738968774345e-07,0.0003630669043912184,1.8478105876550007e-06,0.0011500925405034455,3.346351310448757e-05,3.441800507281372e-06,1.1020704763318868e-06,0.0017444107361201885,6.700874888029028e-05,5.138294001227632e-05,0.00024194327044866682,1.7771221309786857e-07,0.00045149645074326337,0.0052089651093303055,0.006200894173671039,0.00013142915982346796,2.1284193566089147e-05,0.9809198406807729,6.580419823802163e-07,0.0006717368490473277,0.0008150463217802644,0.00012226898986322806
14,7.800431961131824e-05,7.444101937858559e-07,0.0018174606846133267,1.0416775320252998e-06,0.00033857154996710215,2.4942249016142596e-06,0.0009913797324409591,2.0112159974889072e-05,3.101753199385804e-06,1.6620719294651124e-06,0.0008879020307378743,3.216157826969168e-05,4.66605133387763e-05,0.00014075306313641645,1.122596352281821e-07,0.000523017113467342,0.0053978394605989225,0.00832226630127403,0.00015995249040703306,2.1877112769025215e-05,0.9789477007517174,3.315837073917348e-07,0.0011228752214349576,0.0010729875023723907,6.899043276944202e-05
15,9.563733504091303e-05,8.48444709774406e-07,0.0022566103902977824,1.207015711359276e-06,0.0003619582083939114,3.426342500533853e-06,0.0012729746217884999,2.5246313896780322e-05,4.40548291927125e-06,2.134302704745948e-06,0.0010106670932013906,4.305725132277368e-05,5.448121624964924e-05,0.00017280512822199302,1.654830313229121e-07,0.0007325980719338861,0.006073318744006259,0.009178156946237605,0.00018917896446554472,2.746725907244026e-05,0.9757620423021105,4.295699894638513e-07,0.0013379165310297815,0.0012928409964091069,0.00010042598475459201
16,5.895512215979678e-05,6.793884211106721e-07,0.0035066729932192943,1.580678637608481e-06,0.00040148830170803884,4.80253576103645e-06,0.0008973484174890035,1.4084846522036126e-05,5.568899488429082e-06,4.294878836065892e-06,0.00045221246566493967,1.470609248758523e-05,4.457960940154181e-05,0.00013111674287172875,8.497878917386161e-08,0.0008633425754368809,0.005631571997328431,0.01191574925833589,0.00015890923564133773,4.5749577915142315e-05,0.9702625099504403,1.5624633954209227e-07,0.0029286279536655923,0.002587690347067827,6.751690637164966e-05
17,8.750969211387418e-05,6.252262770209698e-07,0.0018039654021080448,7.735477407512685e-07,0.0003855169503110835,2.1409476734213647e-06,0.0011664601034496467,1.643344518460915e-05,3.4826096903102323e-06,1.1220978718150067e-06,0.0009957734492323002,3.8620423184598346e-05,4.8294415999561555e-05,0.00014920864681837993,8.977161094329646e-08,0.00037301959602003567,0.004724020797565196,0.007469637572119172,0.00012132721151764908,1.949332672281642e-05,0.9803827181071436,3.3636298722120854e-07,0.0010059419746847212,0.001130094945569773,7.339337640359877e-05
18,0.00016620069330327316,9.780134620402143e-07,0.0023855171257843467,2.8625571501379293e-06,0.0005241833990135815,5.4756288795762306e-06,0.0013091328195739792,4.502721410768507e-05,4.931861070170504e-06,2.8930033762190292e-06,0.001293775466132725,3.5195215300802344e-05,7.77648566640309e-05,0.0001429468920572652,1.7223242312451218e-07,0.0006596213816676467,0.0062664487222918635,0.01632303335111336,0.00023095093406870086,3.103388941003245e-05,0.9677165808722414,5.475090665873719e-07,0.0016340091622313992,0.0010917160365670102,4.900116304338493e-05
19,6.114835638616639e-05,3.5145658950000944e-07,0.0013409984875760062,2.685367495565736e-07,0.00011606801954763445,9.830643639739733e-07,0.0005907027978104459,1.2110720502369622e-05,1.2532697960727115e-06,7.233282318223902e-07,0.0006959860582624891,1.6169965210290515e-05,2.831892406058437e-05,8.684363741044896e-05,5.0107975129951394e-08,0.0003017017041167349,0.0036011340474727373,0.006033133079740894,9.951046615717444e-05,1.0796129379110439e-05,0.9858777072132021,1.7970236834867308e-07,0.0005859093878624624,0.00049392372009531,4.402781913262883e-05
20,9.904794772865403e-05,8.437645674556358e-07,0.0024928773135405842,1.2717321752425072e-06,0.00037115049959724795,3.634580102491881e-06,0.0013186347586697578,2.3398379701565147e-05,4.427378253745534e-06,2.1989901729996623e-06,0.000968663139205663,4.3878926514543136e-05,5.259976044408862e-05,0.00016388596084145976,1.558635525561686e-07,0.0007998650595232134,0.006612993651612828,0.009861754630663574,0.00018896169794688697,2.7113374101995363e-05,0.9738742851800353,3.6907878676139946e-07,0.001534801444537847,0.0014493838622576356,0.00010380302546570827
21,9.941968548261814e-05,1.5095226870944538e-06,0.0010507023453182208,3.960176550931987e-06,0.0006802595470128798,3.942043994965628e-05,0.002434406296877311,5.958261104081994e-05,1.3888073526322471e-05,5.494290845113303e-06,0.0019220795191497398,3.3116082863277654e-05,4.3378070753620116e-05,0.00014952181750138918,1.6682420828633686e-06,0.0009688970635753404,0.009279425877261117,0.006056190140614316,0.0007860479832678398,2.9223433075087894e-05,0.9713970589126801,2.034946921613656e-06,0.0037659674425955195,0.0010080775935101807,0.00016866988485701064
22,9.610907884890939e-05,7.267135438255016e-07,0.0023180339596122535,8.913154918732374e-07,0.00021467360949933815,2.502885312037897e-06,0.00066374974973322,2.1668207203675377e-05,1.6796842596121852e-06,2.041374639477767e-06,0.0008516797788074026,2.0284243528536307e-05,4.578520046450335e-05,0.00010796466689560292,7.786134221867202e-08,0.00045018697756987747,0.007389182837925081,0.009704208688639717,0.00014845135495664501,1.9234422819591384e-05,0.9762499099719942,3.1487584309575335e-07,0.0010120306983134916,0.0006352126611638873,4.3399181591845757e-05
23,9.563733504091303e-05,8.48444709774406e-07,0.0022566103902977824,1.207015711359276e-06,0.0003619582083939114,3.426342500533853e-06,0.0012729746217884999,2.5246313896780322e-05,4.40548291927125e-06,2.134302704745948e-06,0.0010106670932013906,4.305725132277368e-05,5.448121624964924e-05,0.00017280512822199302,1.654830313229121e-07,0.0007325980719338861,0.006073318744006259,0.009178156946237605,0.00018917896446554472,2.746725907244026e-05,0.9757620423021105,4.295699894638513e-07,0.0013379165310297815,0.0012928409964091069,0.00010042598475459201
24,6.961475818299259e-05,1.1482415874305465e-06,0.0016023898933075818,1.8488068445010353e-06,0.00037507799551086236,2.909633905300591e-06,0.0010380108451034013,2.7159763229526338e-05,3.597971794263194e-06,2.4652704459727087e-06,0.0008421430829825295,3.707900407435019e-05,4.693500845200436e-05,0.00018040603360793456,1.5790305773747734e-07,0.0006848434361574121,0.006598669078688647,0.010354351056354329,0.00024076869791665297,2.4115828081897363e-05,0.9752668605946657,4.0015670980847344e-07,0.0014526741405061102,0.0010716535781142107,7.471922071862864e-05
25,9.190859777725044e-05,7.903403028902318e-07,0.0021285967716930814,1.141294627073502e-06,0.00036111462292985245,3.159846008570725e-06,0.0012811031883973323,2.5895117080363666e-05,4.071297452376962e-06,1.914500534391022e-06,0.001034371786223548,4.229331357639744e-05,5.321636541579435e-05,0.00016747414545952353,1.4799056985925382e-07,0.000663783528275371,0.005733236027695911,0.009293377294567329,0.00017853354510839544,2.6427311449004122e-05,0.9764217105300709,4.131002530077342e-07,0.0012278039601012597,0.0011668634520091857,9.065207242153281e-05
26,0.0001274222823579446,7.23853593996553e-07,0.004755352676450546,1.7299713948041915e-06,0.000596322560491999,3.733066680737993e-06,0.0008352132591092276,1.0640810958365532e-05,8.157104419760582e-06,3.4445112479556523e-06,0.000670190417747739,2.3168949149105478e-05,6.114123704091887e-05,0.00020785451386547726,8.237216125197686e-08,0.0005216622936292725,0.0048046115441400085,0.01660041531513716,0.00011858100747315307,4.384337004965952e-05,0.9632153041823175,1.783576300630811e-07,0.003266065977799899,0.004042547611917134,8.161275323646176e-05
27,0.00015945358322125316,1.398930351447472e-06,0.002721772721028983,2.2421064855984498e-06,0.000601563525551865,7.5537122350044865e-06,0.0019811497312793797,4.864225040319247e-05,1.249142413904704e-05,3.7833055657308023e-06,0.0015776160382241177,8.455600864146051e-05,8.51487103521236e-05,0.0002915109771392995,4.694778750283695e-07,0.0012235455452375094,0.006613213377075474,0.010669591275826748,0.00031413447048503525,4.514826895585948e-05,0.9692746954662657,1.1871093305344376e-06,0.001821992183367125,0.0022462632682170333,0.00021087653274560913
28,9.563733504091303e-05,8.48444709774406e-07,0.0022566103902977824,1.207015711359276e-06,0.0003619582083939114,3.426342500533853e-06,0.0012729746217884999,2.5246313896780322e-05,4.40548291927125e-06,2.134302704745948e-06,0.0010106670932013906,4.305725132277368e-05,5.448121624964924e-05,0.00017280512822199302,1.654830313229121e-07,0.0007325980719338861,0.006073318744006259,0.009178156946237605,0.00018917896446554472,2.746725907244026e-05,0.9757620423021105,4.295699894638513e-07,0.0013379165310297815,0.0012928409964091069,0.00010042598475459201
29,9.563733504091303e-05,8.48444709774406e-07,0.0022566103902977824,1.207015711359276e-06,0.0003619582083939114,3.426342500533853e-06,0.0012729746217884999,2.5246313896780322e-05,4.40548291927125e-06,2.134302704745948e-06,0.0010106670932013906,4.305725132277368e-05,5.448121624964924e-05,0.00017280512822199302,1.654830313229121e-07,0.0007325980719338861,0.006073318744006259,0.009178156946237605,0.00018917896446554472,2.746725907244026e-05,0.9757620423021105,4.295699894638513e-07,0.0013379165310297815,0.0012928409964091069,0.00010042598475459201
30,9.563733504091303e-05,8.48444709774406e-07,0.0022566103902977824,1.207015711359276e-06,0.0003619582083939114,3.426342500533853e-06,0.0012729746217884999,2.5246313896780322e-05,4.40548291927125e-06,2.134302704745948e-06,0.0010106670932013906,4.305725132277368e-05,5.448121624964924e-05,0.00017280512822199302,1.654830313229121e-07,0.0007325980719338861,0.006073318744006259,0.009178156946237605,0.00018917896446554472,2.746725907244026e-05,0.9757620423021105,4.295699894638513e-07,0.0013379165310297815,0.0012928409964091069,0.00010042598475459201
31,0.0001231671700315563,1.023194727275562e-06,0.00317530171184225,8.904478874071471e-07,0.00021886291433389268,2.2354968870364693e-06,0.0010176315097067943,3.456562250459438e-05,2.8363498191672075e-06,2.336256389899041e-06,0.0009284392572415033,3.9277287126534236e-05,5.9995910281312496e-05,0.00016684782298577648,9.549165420259925e-08,0.0007738241768374563,0.006597903808285304,0.010577939035687333,0.0001514672139638354,2.397898505744658e-05,0.9742178857378693,3.9738741325041817e-07,0.0009108908070247413,0.0008931162486201065,7.909015582192117e-05
32,8.438084835199998e-05,7.738212204498568e-07,0.0019491523195174618,1.170690862851616e-06,0.0003377608685707292,3.3347207802865453e-06,0.0012427288345810846,2.3579178983294398e-05,4.147726199637135e-06,2.05318879397574e-06,0.0009230715385114784,3.7829231969919964e-05,5.054471146502791e-05,0.00015278793353268932,1.69475800215983e-07,0.0007174101553759618,0.005634491187726212,0.008870931144562156,0.0002134333679495615,2.550356396674959e-05,0.9771230265160957,4.046409757130916e-07,0.0013100246323550716,0.0011999068387198073,9.13828631317767e-05
33,0.0001256072199441132,1.1331284128230504e-06,0.0010375433051393035,1.081542144428123e-06,0.00028883048253165435,1.1352552082838328e-06,0.0016423384303655174,2.7379541007554148e-05,1.2952234487071781e-06,6.109846057725544e-07,0.0014695624958276675,8.33105880471572e-05,8.688384991295904e-05,8.128937676890835e-05,6.632368079122055e-08,0.0005449623111917861,0.0088542124687289,0.009917907178886945,0.00023038232345549614,1.1177818645215124e-05,0.9744183328754997,5.685054523712717e-07,0.0004660136552512631,0.0006668385370976506,4.153657874507736e-05
34,9.540315575780877e-05,8.509995284309118e-07,0.0022584492382870932,1.2083104092241161e-06,0.00036206627676077594,3.429687318149305e-06,0.0012739341523710665,2.5268089637283665e-05,4.407637106331882e-06,2.1395946928863734e-06,0.0010101035137728314,4.3150718607620334e-05,5.447746564952357e-05,0.00017319652545269562,1.6565490383958144e-07,0.0007347070425052052,0.006088509100396871,0.009168517723801768,0.00018923217134514947,2.7523771045612856e-05,0.9757483238698283,4.299078710643368e-07,0.0013392006231914106,0.0012945707102911253,0.00010073405946764182
35,0.00010207595991755072,8.631031075327839e-07,0.002299662082898948,1.22909938405842e-06,0.00035571227114617127,3.539873846197449e-06,0.0013064308048477131,2.6525423353630978e-05,4.515722408599725e-06,2.1914619162057664e-06,0.0010333209754075211,4.475978446458427e-05,5.6799574432184405e-05,0.00017169881671598032,1.6583814098644037e-07,0.0007676585643099031,0.006152210512193276,0.009750657563981625,0.00019694869251796857,2.762282295854739e-05,0.9749539453973026,4.5050358270682257e-07,0.0013354301278274247,0.001305260683164671,0.00010032434017355638
36,0.00014073468386501312,1.458433649973639e-06,0.0028875904186300644,1.8112771496540256e-06,0.000309094498227741,5.022605598754196e-06,0.0018308459816641358,5.5760104347790074e-05,6.4755574335933825e-06,4.050426589201478e-06,0.0011707341524206558,7.239424199789581e-05,8.46514429998004e-05,0.0002580772473491341,2.600130402455926e-07,0.001444082573880231,0.008673345154666627,0.0139934279377492,0.00030993275054174357,3.7920560023817524e-05,0.966031499846262,9.123820590202387e-07,0.0013651181804528367,0.0011818176862947248,0.00013298184310627884
37,0.00011524900403443488,5.121695277741703e-07,0.0027441656220142854,6.326490760825606e-07,0.00039415207844602603,1.6287275235774253e-06,0.001119800620973702,9.820256803327571e-06,4.070573142074217e-06,1.0933033943613258e-06,0.0007909436617052936,3.702565263748437e-05,6.637999855125619e-05,0.00013863837808303128,5.535853643756334e-08,0.00038387809039960234,0.0037159574492763472,0.009431743111886283,9.430625058408328e-05,2.3593615938782582e-05,0.9778748758482275,2.2590914325560948e-07,0.0010038332982788526,0.0019787184384116234,6.869993340462291e-05
38,0.00010599040690603483,5.684483169503367e-07,0.002119994032632357,1.1487225061945194e-06,0.00018837249076505136,6.715510146636692e-06,0.002128570066238079,2.671880679506398e-05,4.1101457075752545e-06,2.855628340319862e-06,0.0006730408213332864,2.990527298935856e-05,6.866637704349981e-05,7.362419503169367e-05,2.1285037099447965e-07,0.001588241838415587,0.0054734659557394575,0.013979137334174229,0.00041628124936772656,3.086007913570312e-05,0.9705076823565352,3.958389913409143e-07,0.00147733397897695,0.0010270978044406038,6.900978910014147e-05
39,0.00018442156828381542,3.1441283106117485e-06,0.004437758891421968,7.46548641465647e-06,0.001682868560653965,3.2561771160199064e-06,0.00048765773338632407,8.214182709457547e-06,2.1604908461674897e-05,6.855255674284255e-06,0.001184899551420505,2.8082042955878417e-05,8.720613217254262e-05,0.0009221528815863068,5.675319414671989e-07,0.00030619679325153613,0.006664831698453,0.011427761208091533,0.00018039724173187025,5.353493793619514e-05,0.9590099636161487,4.6585328344415645e-07,0.005671357809674744,0.007424990851408566,0.00019434495751093485
40,9.256355357591566e-05,8.329436172371094e-07,0.002214320102037962,1.2148183949114744e-06,0.00035820265726160886,3.4176558134445153e-06,0.001266616969925539,2.4928239163272346e-05,4.376367835773859e-06,2.148759640943649e-06,0.0009839579668596834,4.164756998938864e-05,5.359386605261158e-05,0.00016921667766509524,1.624290058495199e-07,0.0007379942196463508,0.005981360861000604,0.009347972655295434,0.00019253036782986002,2.749873632816949e-05,0.9757427366881809,4.1334835467161226e-07,0.0013581526987172451,0.0012963609321867237,9.777891562053025e-05
41,0.00039283755687869,1.8016805522264674e-06,0.005170059469620199,1.3962088063428555e-05,0.002535469942088846,3.551939021594896e-05,0.0036314338525219674,8.954875164608911e-05,3.124994458170049e-05,7.8084975094308e-06,0.003075697720341544,0.00013255386010713316,0.00010760268509014056,0.00032189356711647565,1.7394831264590548e-06,0.002033708140239752,0.012182589783092225,0.0219612059402086,0.0005109040493884538,8.06677165934255e-05,0.9360874403770815,1.3722588722922283e-06,0.006786050128821024,0.004525948753654461,0.0002809343625880948
42,0.00011822190354820082,1.3897438420334068e-06,0.0017530449606515711,1.3782197390006367e-06,0.0003021868905357606,5.4013908838749475e-06,0.0017405338792690571,6.447299434969272e-05,4.593254580995958e-06,3.0392937472581694e-06,0.001312857118568802,6.614119886659678e-05,8.61899560295766e-05,0.00014525385601417954,3.243861518260816e-07,0.0016117519572380764,0.00955003388317476,0.0076093750776102115,0.00039431840521034466,3.173476879609163e-05,0.9733746634812737,1.6191933746192535e-06,0.0007913036772897692,0.000911669118503523,0.00011850139075056864
43,0.00011145470676679492,9.413568939570232e-07,0.002196943466923199,1.0775398918629877e-06,0.00038893024540773065,2.4300773827862322e-06,0.0013077024232091986,2.301106682973686e-05,3.886228546633673e-06,1.4878925080566349e-06,0.001183636429473698,6.0491507505786406e-05,5.484587944185265e-05,0.00018787263543956247,1.3918934614367174e-07,0.0006611933277793355,0.006928500980861845,0.009036848858105637,0.00015838006370164515,2.2586780086043264e-05,0.9750164421377937,4.175434774860669e-07,0.0012133278811907444,0.001326786492233874,0.0001106652892025647
44,9.563733504091303e-05,8.48444709774406e-07,0.0022566103902977824,1.207015711359276e-06,0.0003619582083939114,3.426342500533853e-06,0.0012729746217884999,2.5246313896780322e-05,4.40548291927125e-06,2.134302704745948e-06,0.0010106670932013906,4.305725132277368e-05,5.448121624964924e-05,0.00017280512822199302,1.654830313229121e-07,0.0007325980719338861,0.006073318744006259,0.009178156946237605,0.00018917896446554472,2.746725907244026e-05,0.9757620423021105,4.295699894638513e-07,0.0013379165310297815,0.0012928409964091069,0.00010042598475459201
45,0.00012597986967155807,8.880679123589857e-07,0.0021506576265314203,2.568228634774341e-06,0.000629717441094117,8.515289645097641e-06,0.002810529874393065,5.067222370928575e-05,9.047428893909174e-06,2.9606332517762385e-06,0.0014115185281141202,6.688810173472701e-05,7.640966806218697e-05,0.0001697702175759945,4.5603468474167135e-07,0.0013775565663745567,0.006233076875692608,0.012683539301354773,0.0003755282997766147,4.418426428980426e-05,0.9682272773188594,7.620675967101487e-07,0.0018527332630197929,0.0015605611697847143,0.0001282016393419931
46,0.0003072859382979497,3.250421961474929e-06,0.0027483555717098362,2.5444900995580517e-06,0.0005583365889655754,6.5955541761801925e-06,0.001961506335358985,5.392952062984434e-05,2.861893162220632e-06,2.468497964578955e-06,0.00262116176881881,0.00017692315560123115,9.661605534472328e-05,0.0001464912148042125,4.01005766925323e-07,0.0018000086403568052,0.04094830004157169,0.00837972381556159,0.00033495812217938374,2.276839669535575e-05,0.9368423335311565,1.7646224940819395e-06,0.001546404704433355,0.0012425852363157,0.00019242487657326405
47,7.885010754381483e-05,6.936110510465169e-07,0.0020939616376549185,1.175437481145544e-06,0.00035898743683809495,3.2464853979467813e-06,0.0011622173454142527,2.1908326295909354e-05,4.152692223888256e-06,2.02627925656223e-06,0.0009011526938961346,3.3780213573464034e-05,4.655703070199753e-05,0.00016404893625707672,1.490551242807668e-07,0.0006192023104696117,0.005233852812349199,0.009168278650634918,0.00017856802782925115,2.6458205163283673e-05,0.9771999639539537,3.3498181044972637e-07,0.0014050245697143362,0.001209017140203821,8.639205916086086e-05
48,0.00010459214856990015,3.6989955714494338e-06,0.001889247959353771,2.0732106378052567e-06,0.00023531024765591321,3.569563702417973e-06,0.00105112464162224,4.32298850736735e-05,1.8942302350404057e-06,3.8398459127043585e-06,0.0008819040873587954,5.451941579282974e-05,5.841348630492446e-05,0.00015921774778275308,2.13920643479395e-07,0.0012633927687715676,0.02597309849497287,0.006971980072194984,0.00032950714923019774,1.8252681116801094e-05,0.9589450360067423,9.383344373352318e-07,0.0012906220159374742,0.0006232019028333891,9.112118754529731e-05
49,0.00015143741987459742,1.1137248906269351e-06,0.0036616403280716266,1.505226217170875e-06,0.0004223104834994073,4.991807908824518e-06,0.0014843438187293562,3.567949109485559e-05,5.922138210872121e-06,2.8752402777159066e-06,0.001372176369561601,6.557696955871135e-05,7.732193446352773e-05,0.00023297481316854926,1.6476959998175162e-07,0.0008145277545575481,0.007181195001556469,0.011859511501469936,0.0001642377978831197,3.677649009089143e-05,0.969252012683126,5.974607970302814e-07,0.0014782503033888073,0.0015705505560319874,0.00012230591597076174
50,9.14231210734754e-05,8.432451510632901e-07,0.0022252773306733887,1.1771732469879033e-06,0.0003477437924170499,3.424689768718867e-06,0.0012957826696939749,2.580587008050477e-05,4.422935195825682e-06,2.182231134624601e-06,0.0009733270005739363,4.218129177195898e-05,5.4567237251664584e-05,0.00017318846607945553,1.6520100741930081e-07,0.0007345716161560248,0.0058709321276235365,0.00890441847925476,0.00019176553513597703,2.747018327072015e-05,0.9764022677744475,4.364908176220154e-07,0.0012876810477366121,0.0012394578191500568,9.948667128701141e-05
51,0.00017136972980205466,5.632453022421547e-06,0.002807133712468361,5.303056482967238e-06,0.0004083009662906472,3.6535123046331664e-06,0.0009911203090956528,0.00011357181409266695,5.484796132115847e-06,6.215687125299527e-06,0.0017544251886012427,0.00010118586416463811,0.00010267542975676204,0.0005826653553564808,3.560996105149734e-07,0.0009826006975681989,0.01139351892604583,0.014568869374923372,0.00030456625948877767,3.5637298968130286e-05,0.9632637546085503,1.6482452654036465e-06,0.0012989313643583854,0.0009636707342615029,0.0001277085162633658
52,0.00016613301715807686,1.035148527148833e-06,0.004105669084310651,4.360456519223637e-06,0.000273131057977197,1.1056940183348362e-05,0.001044194127268274,7.020972493267444e-05,9.428762811298273e-06,1.612478485960167e-05,0.0009375576167526342,2.5475035777779725e-05,0.0001249325465661628,0.00023867170854336935,4.5357730474363244e-07,0.002443501093164414,0.005585161435799858,0.04152509041834818,0.0006327944331534951,0.00010424803838526871,0.9383992830015528,7.974792285110122e-07,0.0024756104447584987,0.0017286393846694284,7.644068144750353e-05
53,8.533457631905336e-05,7.040267827088383e-07,0.001787683139951402,9.464845256961604e-07,0.0003874210149571038,4.70478812864056e-06,0.003818590994797262,3.2150328152875636e-05,6.957397826706732e-06,1.2624596794275817e-06,0.0012323298151257352,9.470418880977925e-05,5.1614382004743306e-05,0.0001822356252257161,2.4812440847665247e-07,0.0010070824012712223,0.005356537870926932,0.0080756932689175,0.00021689142477225487,2.656935616933116e-05,0.9748114294193192,4.814148653794605e-07,0.0014243916145088738,0.0012160850922763216,0.00017795079027778114
54,0.00012647318645737566,3.5736817344218315e-06,0.0050437238388304296,1.9116504882299853e-06,0.0004244229822032684,5.488265246125287e-06,0.0021772209247216978,5.4615283081512534e-05,1.4360353154966557e-05,6.6900809608197535e-06,0.0013180472593671757,0.00020333580675787024,9.069198411418834e-05,0.0007133567830344082,7.764641329864097e-07,0.0034021670513003466,0.012489485358184,0.006825066076611637,0.00028962859764744173,6.43286650439256e-05,0.9605853354441038,1.388592313681379e-06,0.0018399788400103422,0.003492223407634004,0.0008257094228651466
55,7.400397090996209e-05,1.011886128101068e-06,0.0024534197030407702,9.647747911606923e-07,0.00018320121742741954,2.447415804007463e-06,0.0005004361201688382,2.7408211288618826e-05,2.0091685203687765e-06,3.6248885291749166e-06,0.0007040840373616503,1.5266593608437862e-05,4.465447004902121e-05,0.00016839924591317715,1.457895437129669e-07,0.0006109384129598049,0.0075989202065983134,0.006974557713353769,0.00016210506247365568,2.7104536258224092e-05,0.9787815415233445,4.3289262091418136e-07,0.0009910090614981453,0.0006105751897746146,6.173790803367418e-05
56,9.672490454454578e-05,8.544607560622557e-07,0.002219071988444933,1.159510775155396e-06,0.0003609202367657903,3.260912027898847e-06,0.0012805097418256955,2.469043650385985e-05,4.428667683732324e-06,2.0637899906909476e-06,0.0010118659392431984,4.392164704177651e-05,5.721646374421171e-05,0.00017367859912252164,1.587333076761741e-07,0.0006997612268723278,0.00582431972199291,0.009079135165542181,0.0001862401989996934,2.7577766424469243e-05,0.9762356506596425,4.428154761705853e-07,0.0012692760354476162,0.0012987293693876665,9.834100843668082e-05
57,5.070919465651322e-05,6.459031434014316e-07,0.0012478509734589775,5.327603519989775e-07,0.0001806794355138806,1.3912663529966838e-06,0.000953715926367764,1.7831066756688518e-05,2.1017033125887013e-06,1.181254159876512e-06,0.0006641742956676345,3.196537106089174e-05,4.404466839112434e-05,0.00010730112823351923,8.859658046025626e-08,0.0005658137833025387,0.00418386993609985,0.005364693868027098,0.0001878571819828536,1.533550857344632e-05,0.984994025396355,3.3937986440490747e-07,0.0005632049042418244,0.0007550346918048387,6.561180573972805e-05
58,8.369269136124183e-05,7.689067017548886e-07,0.00217361940564479,1.1133607769965745e-06,0.00042371421646633596,3.070917825794195e-06,0.0012020700821686046,1.7514442601396795e-05,5.115116731487739e-06,1.9539525012746443e-06,0.0009051120031104979,4.0517322001264227e-05,5.595507589616798e-05,0.00016950873962612634,1.4726807483358018e-07,0.0006527811548951821,0.004965899539155137,0.008382168813946008,0.00017362345664860386,3.0135180583078722e-05,0.9773400190277576,3.5990521754257724e-07,0.0014102661879760515,0.001856991559291534,0.00010388167304091201
59,7.933607672053311e-05,7.54150462472971e-07,0.0024490207828099745,1.017372320768854e-06,0.00038157693597155786,2.911870829521545e-06,0.0010784430079034118,1.7466124794565363e-05,4.7035369274004236e-06,2.115938029870148e-06,0.0008392344512719468,3.5837849687341567e-05,5.3159393955403534e-05,0.00017717147432746424,1.2567939300763666e-07,0.000638652567011429,0.005028840606900161,0.008366122382317792,0.00015124167685405516,3.0944130601240225e-05,0.977445539924381,3.2703551743500667e-07,0.001360268218372257,0.0017551047168911085,0.00010008409574828511
60,9.563733504091303e-05,8.48444709774406e-07,0.0022566103902977824,1.207015711359276e-06,0.0003619582083939114,3.426342500533853e-06,0.0012729746217884999,2.5246313896780322e-05,4.40548291927125e-06,2.134302704745948e-06,0.0010106670932013906,4.305725132277368e-05,5.448121624964924e-05,0.00017280512822199302,1.654830313229121e-07,0.0007325980719338861,0.006073318744006259,0.009178156946237605,0.00018917896446554472,2.746725907244026e-05,0.9757620423021105,4.295699894638513e-07,0.0013379165310297815,0.0012928409964091069,0.00010042598475459201
61,8.331332065705782e-05,7.178024608838692e-07,0.0025670254971096236,1.006217927245794e-06,0.0003870967312575062,2.880708103379401e-06,0.001056357352555748,1.726850560497498e-05,4.992956716911127e-06,2.114787943141777e-06,0.0008395515260001036,3.510062659534829e-05,5.342859961164764e-05,0.00018034624193741006,1.1909824715464505e-07,0.0005986364726795285,0.004638885300342312,0.00861295611098312,0.00014544551325422895,3.0368321013229116e-05,0.9774692985533898,3.1729025720605377e-07,0.001356433512941746,0.0018181800870943226,9.815886531635609e-05
62,9.563733504091303e-05,8.48444709774406e-07,0.0022566103902977824,1.207015711359276e-06,0.0003619582083939114,3.426342500533853e-06,0.0012729746217884999,2.5246313896780322e-05,4.40548291927125e-06,2.134302704745948e-06,0.0010106670932013906,4.305725132277368e-05,5.448121624964924e-05,0.00017280512822199302,1.654830313229121e-07,0.0007325980719338861,0.006073318744006259,0.009178156946237605,0.00018917896446554472,2.746725907244026e-05,0.9757620423021105,4.295699894638513e-07,0.0013379165310297815,0.0012928409964091069,0.00010042598475459201
63,9.653743355467602e-05,1.0567389902674457e-06,0.0022080377667271006,1.259524309307998e-06,0.0003457172152975442,3.235058996409056e-06,0.001184300109642421,2.7079704008042807e-05,4.219266563849185e-06,2.3142802360678163e-06,0.0010089683023161054,4.571177800527245e-05,5.6109046351959286e-05,0.00018361838312269845,1.715832105697161e-07,0.0007725351314997938,0.006698582937237675,0.00878717018859937,0.00019903844388632084,2.684920676007233e-05,0.9756815019341809,4.86949198246753e-07,0.0012827211886899466,0.0012777865586128436,0.00010499127000261818
64,0.001030889581169616,8.995328102662233e-06,0.010163795391956158,2.9497973511974995e-05,0.0022031615650783833,0.00010353770055139082,0.007027012528663956,0.0003397234383072238,7.201830441574545e-05,2.8233278876915175e-05,0.0065262710837414644,0.0007540706769643471,0.000266517103819653,0.0008050595765958109,6.577865003657034e-06,0.01344145906899772,0.04455820941035092,0.03638432491952821,0.0011483776160235012,0.00019570401587596354,0.8531908022228052,7.10274916629443e-06,0.011094903175112277,0.009276493591293249,0.0013372618340876659
65,9.998340586874989e-05,1.1912781752324024e-06,0.0033271099292061543,9.466485263307699e-07,0.00033140939963232665,2.3360601381397274e-06,0.000993333288621189,2.5365476193692163e-05,5.813991416573881e-06,2.7444694891831708e-06,0.0009193058469037288,4.975192935638577e-05,6.91759384633781e-05,0.0003130809549033224,1.2839163119634037e-07,0.0006812285964200434,0.005267803787199515,0.007708764910763883,0.00012401876986920343,3.517441153454238e-05,0.9771717927418324,5.208599924563669e-07,0.0010322158248990989,0.00170099164642584,0.00013581144253744503
66,9.619590513958634e-05,4.312309490819582e-07,0.0037214059895446495,5.451361859832652e-07,0.00021892750047903812,1.3145974374237193e-06,0.0011289142814294563,3.2198341196786555e-05,2.3962424479616454e-06,1.6529421765302343e-06,0.0007724585191453177,2.58912817850193e-05,0.00010663799189101397,0.0001586944391127411,4.806819756701301e-08,0.0005148823683267052,0.0027098619603680707,0.011296279900466088,7.500591781776926e-05,4.601265137130958e-05,0.9780797081391089,3.0811127518744086e-07,0.0003719599024163906,0.0006019161374585853,3.63524442729398e-05
67,0.0009344921823682549,1.00910602078957e-05,0.0022539459782351086,8.882327412128216e-06,0.002172427986920232,2.782174777297493e-05,0.015357695456767934,0.0003083250597984348,6.350672473897335e-05,3.596883899626829e-06,0.010551684226294262,0.002145068930164225,0.00029106817821166413,0.0005066675397572459,6.313014104566971e-06,0.0062319092993753,0.023672006627024084,0.009219283824470157,0.001507790951748291,3.774806657283603e-05,0.9171777730953525,2.295095811610074e-05,0.0014467675911868673,0.004551071896495786,0.0014911103930044635
68,8.153642467280659e-05,9.68739951477594e-07,0.020233493119989752,2.9802322691573833e-06,0.0016493744274055724,1.0034014261331154e-05,0.0022256379185004536,1.1637784321090553e-05,9.213174240414515e-05,1.1117605613936145e-05,0.0008046435043146033,0.00010726094595675512,8.161635649051168e-05,0.0022862255987050532,2.3594059683134293e-07,0.0008057554034717435,0.0028029274180625323,0.013264550475690322,5.593557447137207e-05,0.00021313099038309906,0.9220400443994362,1.7660208215494415e-07,0.009142369453951056,0.023203016285291395,0.0008731990417064869
69,0.00016386284295682034,1.240082197403267e-06,0.002290962337051901,1.8529673050443936e-06,0.0005468300284151002,4.923515746276153e-06,0.0016045320880899042,3.379307537511666e-05,5.398010071491479e-06,2.1419676817751236e-06,0.0015567687437369841,7.18942070806769e-05,6.651991326848231e-05,0.0001693412229185606,2.826809108387403e-07,0.0009668771602012366,0.009793676260677318,0.009262181676895352,0.00024399585433729505,2.6096991868846187e-05,0.9698367273657735,7.353534095482799e-07,0.0016209306880423484,0.0015943300504313307,0.00013410491555659374
70,0.00013060186334502125,6.625320578465509e-07,0.002833407926743404,3.935069864450879e-06,0.0018774204850377436,8.220091777684012e-06,0.0025595996742937537,3.303648435725235e-05,1.5593280508753623e-05,1.8504118849490284e-06,0.0017004895733803871,5.323747905458875e-05,5.218960065251405e-05,0.0003262946191193201,2.7960755394595085e-07,0.00027517519178415313,0.003977765240595404,0.01113856963117772,0.00012110249795205457,3.7520324304419426e-05,0.9696462717203561,3.9483450464421083e-07,0.0034033196512317796,0.0017018011065081495,0.00010126110195393559
71,6.747630262735509e-06,2.3196282699131993e-07,0.0010883974852598402,2.3637973259085112e-07,0.000229942387621482,3.923072240976209e-07,0.000704256161385577,5.007743725019947e-06,3.947263816609863e-06,8.525382199717723e-07,0.00015125839256821617,7.118188375597922e-06,1.8190084479083302e-05,0.00026595037965461454,1.580063618093262e-08,0.00014422772736108526,0.0006745251120433838,0.004769333765441806,3.866719890882165e-05,2.855052378875434e-05,0.9901611383069217,4.5463760862111833e-08,0.0005948979416647772,0.0010677477768689986,3.832147745108942e-05
