,0,1,2,3,4,5,6,7,8,9,10,11,12,13,14,15,16,17,18,19,20,21,22,23,24
0,0.17725782515835625,3.431889183691313e-07,0.8185088822735602,0.000464420824216572,2.2097544592540926e-06,1.25386274953883e-05,2.6085681203779053e-06,0.002357562231088415,1.1540767908345747e-05,8.962035864594738e-05,1.9483976564232583e-05,3.7529821281996726e-06,0.00010111654262728032,1.1063985074732013e-05,1.3742440342131732e-07,4.898958376894991e-05,2.8541741052351834e-05,0.0010629152185775196,1.5127751653254862e-08,3.161553218231411e-06,1.602736428347323e-06,1.496711608324708e-07,9.436963845468848e-06,1.8170851630792342e-06,2.636554665827916e-07
1,0.39580340026885863,3.751547566356971e-07,0.5987658827183082,0.0007251576344363121,4.063211211563262e-06,2.3901101468507682e-05,3.4840069581845046e-06,0.002811832663960574,1.9476617049415227e-05,6.688071126844598e-05,4.939720854098717e-05,4.823465757210489e-06,0.00010955257930913057,1.3369733280577531e-05,2.6827886876270556e-07,2.4516419093590974e-05,3.062220328220596e-05,0.0015182373530656043,1.911230293876888e-08,2.629191923589346e-06,1.7781977011777395e-06,2.7853693932985985e-07,1.7673579038949162e-05,2.087933529652403e-06,2.9211909006126423e-07
2,0.14058148202879667,2.8037706424813996e-07,0.8547669132997516,0.0003658459727845839,2.4208633939350173e-06,1.9020203963758874e-05,2.7378476758862994e-06,0.0027006351564776254,2.2938915800844067e-05,0.00013445540157558318,2.1769885475737155e-05,3.4452884718260533e-06,8.75179074896597e-05,1.93370791287498e-05,2.028513487862597e-07,5.2396721083508474e-05,2.094614798925093e-05,0.001174115075792131,1.7670850412833755e-08,4.816682555266609e-06,2.1242025447513913e-06,1.8364336778644363e-07,1.350160595726767e-05,2.4533353914508295e-06,4.4183526865012953e-07
3,0.16269935326921306,2.7290460591928405e-07,0.8327861539339526,0.00039936904328457184,2.148974993708581e-06,1.9216777665851542e-05,2.738450917118954e-06,0.002460059118692658,1.9111890705827254e-05,0.00012112020337127802,2.1495168851032975e-05,3.212105580104137e-06,9.384528099949207e-05,1.469828699802126e-05,1.7323913325563742e-07,4.907807568573128e-05,2.271678662494108e-05,0.0012628944088878297,1.9107322354756533e-08,3.95001497199393e-06,2.0294020886088926e-06,1.7088766943826303e-07,1.3542614824722163e-05,2.282909829371257e-06,3.4714313049300827e-07
4,0.16290045845719966,2.8198076748141236e-07,0.8327066214371546,0.0003797496546277404,2.101540711895359e-06,1.623722081385861e-05,2.6664816034631196e-06,0.002364130526539993,1.8186607228853173e-05,0.00011332702228147755,2.1808956736869327e-05,3.239320625094561e-06,0.00010474881089520791,1.562280131232881e-05,1.5448410268119331e-07,4.3523613360934515e-05,2.1160383448965723e-05,0.0012651008224367375,1.830421519244981e-08,4.004687156028317e-06,2.101638768621823e-06,1.7677070812179994e-07,1.1990192575957465e-05,2.2594467377510048e-06,3.288379906482707e-07
5,0.1520471600046432,2.7188547106155125e-07,0.8435165287223423,0.00044423060974005683,2.2465629272414955e-06,1.7835912918096846e-05,2.4781968173493575e-06,0.002177441339438626,1.8565821751813134e-05,0.00012745137392923005,1.9846957715520403e-05,2.8004253656455254e-06,9.566361854968788e-05,1.5010036961971602e-05,1.4711280907936976e-07,4.373814900849025e-05,2.1362244420465174e-05,0.0014233068554777599,1.841332208781779e-08,4.195964971005369e-06,2.050932447906145e-06,1.4379571330847017e-07,1.4750490959457817e-05,2.458174860753504e-06,2.963974378288132e-07
6,0.16269935326921306,2.7290460591928405e-07,0.8327861539339526,0.00039936904328457184,2.148974993708581e-06,1.9216777665851542e-05,2.738450917118954e-06,0.002460059118692658,1.9111890705827254e-05,0.00012112020337127802,2.1495168851032975e-05,3.212105580104137e-06,9.384528099949207e-05,1.469828699802126e-05,1.7323913325563742e-07,4.907807568573128e-05,2.271678662494108e-05,0.0012628944088878297,1.9107322354756533e-08,3.95001497199393e-06,2.0294020886088926e-06,1.7088766943826303e-07,1.3542614824722163e-05,2.282909829371257e-06,3.4714313049300827e-07
7,0.08308449791438267,4.2659924253534724e-07,0.9106278334911767,0.0007971482500668346,5.110229071239776e-06,6.09204582668037e-05,4.19030220112738e-06,0.00302907073058439,6.43023603035255e-05,0.0003663519373861259,1.6247813067418706e-05,4.647688538490393e-06,5.020220408959151e-05,3.236836381710491e-05,4.824410027905675e-07,0.00015237689193476866,3.565261805706798e-05,0.0015966345349826706,3.390838784843627e-08,8.304275175360378e-06,2.582442619266839e-06,1.694322357212779e-07,5.298547115088083e-05,6.246537755588673e-06,1.2131045035149613e-06
8,0.2079473041689056,3.382352098667971e-07,0.7848779353874171,0.0005092028982937911,2.545330053158442e-06,2.7763858577527293e-05,5.083037202269662e-06,0.0043947673593933,2.3532016245423573e-05,0.00012556783532622595,3.41761940893171e-05,4.871219289725113e-06,0.0001329329160800375,1.6841240328122485e-05,2.6044429492563706e-07,6.582010484726352e-05,2.842300948523e-05,0.0017774469474773475,3.466225155434597e-08,4.588044959098054e-06,2.9550212462747765e-06,3.0306997757334543e-07,1.4760443000084776e-05,2.1436417112885053e-06,4.0291433784304094e-07
9,0.2599554106200028,2.904662685262499e-07,0.7339568431372903,0.0004840880181028436,2.7402912267443344e-06,2.6162108545973284e-05,4.761308887866905e-06,0.0035795440929493106,2.14762764505716e-05,9.224390749447639e-05,3.5981456001663885e-05,4.841851386615152e-06,0.00012161228928662398,1.319051874682655e-05,2.4263095713971737e-07,5.1441592554007385e-05,2.7630075317989663e-05,0.0015985112400883437,2.8759979425596063e-08,3.462790242373765e-06,2.5288075036126276e-06,2.727557834796557e-07,1.4272535803693807e-05,2.0668127980131878e-06,3.5565633096447425e-07
10,0.16269935326921306,2.7290460591928405e-07,0.8327861539339526,0.00039936904328457184,2.148974993708581e-06,1.9216777665851542e-05,2.738450917118954e-06,0.002460059118692658,1.9111890705827254e-05,0.00012112020337127802,2.1495168851032975e-05,3.212105580104137e-06,9.384528099949207e-05,1.469828699802126e-05,1.7323913325563742e-07,4.907807568573128e-05,2.271678662494108e-05,0.0012628944088878297,1.9107322354756533e-08,3.95001497199393e-06,2.0294020886088926e-06,1.7088766943826303e-07,1.3542614824722163e-05,2.282909829371257e-06,3.4714313049300827e-07
11,0.16601874366353706,2.8088622039246506e-07,0.8296256588843359,0.00039212880529875834,2.1587474455482283e-06,1.7629157053317386e-05,2.7438564199930285e-06,0.0023432225090214997,1.8570217828865067e-05,0.00011467353574845774,2.2073102338669067e-05,3.34229254966572e-06,0.00010403257200245042,1.4838489945664039e-05,1.6924628996182875e-07,4.707840281779993e-05,2.2289285113117455e-05,0.0012287999814311712,1.8868652646142438e-08,4.070532733033661e-06,2.0354470178882875e-06,1.7934573615687716e-07,1.2561307307504124e-05,2.356314409602032e-06,3.4454874468042315e-07
12,0.11082791167841485,1.3924121577515064e-07,0.8869991795771811,0.0001879593782570993,4.226758963519557e-06,1.997208874433704e-05,1.7749064859524117e-06,0.000889997702506189,2.358446809126121e-05,8.555080074780203e-05,1.5373917724059777e-05,2.3480985467511065e-06,4.688293135863037e-05,1.4288015854096427e-05,1.0232986779534341e-07,2.9891192087318388e-05,1.7108648685829037e-05,0.0008047196373095867,5.591295605959586e-09,5.067818780664729e-06,1.5781466746586082e-06,8.228443362858924e-08,1.7918410341717897e-05,3.898789985929616e-06,4.3758644585589144e-07
13,0.14015321980950854,2.7389686861288975e-07,0.8555707251287855,0.00047192537932709815,2.1074390067746724e-06,2.4211558670225108e-05,2.6211423541717557e-06,0.002117026365976359,1.9869854168359055e-05,0.00015194601435179262,1.6809039948268324e-05,2.7165935592211984e-06,8.161240084050812e-05,1.2854762546968428e-05,1.710270844642622e-07,5.708262364438142e-05,2.5285097604002384e-05,0.0012626518442184992,2.0568122225516797e-08,3.978979793165435e-06,1.8831970073340093e-06,1.3728470199998304e-07,1.7969898664660194e-05,2.5622035979041573e-06,3.378896491056332e-07
14,0.24273336661874811,5.684909823019588e-07,0.7490929719739575,0.0012063159650352625,4.573246696846295e-06,2.1634567767274415e-05,4.073428670500635e-06,0.0033690254712308793,1.777117107437181e-05,0.00015157231549612417,3.645851986102344e-05,3.3510288741484384e-06,0.0002072160932536607,1.65388769859858e-05,1.7899859482210255e-07,4.352195268920255e-05,3.547024941635207e-05,0.0030228068514322496,5.1605528502920394e-08,4.669657125133454e-06,4.67823007181024e-06,2.8408353069488913e-07,1.9367728924888995e-05,3.3248056743123192e-06,2.0806837794527776e-07
15,0.16269935326921306,2.7290460591928405e-07,0.8327861539339526,0.00039936904328457184,2.148974993708581e-06,1.9216777665851542e-05,2.738450917118954e-06,0.002460059118692658,1.9111890705827254e-05,0.00012112020337127802,2.1495168851032975e-05,3.212105580104137e-06,9.384528099949207e-05,1.469828699802126e-05,1.7323913325563742e-07,4.907807568573128e-05,2.271678662494108e-05,0.0012628944088878297,1.9107322354756533e-08,3.95001497199393e-06,2.0294020886088926e-06,1.7088766943826303e-07,1.3542614824722163e-05,2.282909829371257e-06,3.4714313049300827e-07
16,0.2239301920650088,3.346533777587391e-07,0.7699695532441465,0.0004163028674220977,2.333263481237597e-06,1.8574302992808447e-05,3.4988643023336077e-06,0.0038010405516390763,2.0140937996690042e-05,0.00010890110699206818,3.281063478327644e-05,4.954377362995343e-06,0.00011604147926503973,1.7738664447365626e-05,2.2031165117558376e-07,5.054886607313036e-05,2.5310365826827093e-05,0.001461397655520405,2.5152237748543386e-08,3.5748413903797063e-06,2.4537775369136444e-06,2.80996970034986e-07,1.1406024713145595e-05,1.9701730109487573e-06,3.9482185153085347e-07
17,0.21018183926673906,2.5873032720782785e-07,0.7854457108608104,0.00036962418168927846,3.0412876619900134e-06,1.5428635966721575e-05,3.5857242022678803e-06,0.002158149761681116,2.070748057264095e-05,7.496765687537463e-05,2.7868924606647767e-05,4.143235122198038e-06,0.00011921063208757527,1.63381285581584e-05,1.2372177135690362e-07,3.041403756683544e-05,1.9583770985531672e-05,0.0014878074801297227,1.6064405523541123e-08,3.6192940731027745e-06,2.3950707333079644e-06,1.8911231466569734e-07,1.219146395903953e-05,2.4795026062131136e-06,3.0597455402982237e-07
18,0.12456563695436454,2.771141483710801e-07,0.8714175153183397,0.00026259725075594795,2.133087078158069e-06,1.9455284402555643e-05,3.2033855888451398e-06,0.00212936726361322,2.390858767592805e-05,0.0001326962094921635,2.0275428084688447e-05,4.009423488549957e-06,8.253077459889937e-05,2.074199998341549e-05,2.0144110827158076e-07,6.569812515067965e-05,2.376817218035437e-05,0.0011991304826017926,2.0688706699107603e-08,4.940464445404113e-06,2.5492252281901933e-06,1.7765836063209484e-07,1.5543342424841466e-05,2.987338211473924e-06,6.349799666418581e-07
19,0.13323848417531686,3.575125510844396e-07,0.862269446625148,0.0006095191013125521,2.897155895045982e-06,2.407187105830356e-05,2.9831660370742573e-06,0.0023537211469647867,2.4901264161535224e-05,0.00016392720571499047,1.7868230017170837e-05,3.7569008413362843e-06,9.750453123608758e-05,1.6296590240290194e-05,2.2905228811204858e-07,6.183649667348046e-05,2.5699744248012207e-05,0.001060508981028015,2.1096197614123824e-08,4.7610235972616245e-06,1.7972769695447552e-06,1.8352179848355547e-07,1.576529482412366e-05,3.0414348928820715e-06,4.2060098726358355e-07
20,0.19178888843868863,3.238092581789854e-07,0.8020950983876118,0.00047364229871815295,2.4804409366145155e-06,2.1200663566236044e-05,3.303792764848896e-06,0.003694373084424626,2.4109834953584983e-05,0.00013519361348855396,3.1077169752458056e-05,3.6379783855126027e-06,0.00013007669337874273,1.9451471047382277e-05,2.3728988403465567e-07,4.678530173025985e-05,2.170857075230228e-05,0.0014853437565249704,2.644330064796963e-08,4.848055214938304e-06,2.569091080042053e-06,2.902999816270244e-07,1.2686376785274493e-05,2.2777791860166774e-06,3.69358584235132e-07
21,0.12766921911703663,2.3006801786561487e-07,0.869384588139943,0.0002233838195873761,1.3276618658814628e-06,7.2832107315074575e-06,1.5327090430780147e-06,0.001474687562467722,9.776734656005654e-06,8.1947473392602e-05,1.4511053927770605e-05,2.8657794904108555e-06,8.65686178571867e-05,1.3329638692358638e-05,7.775604616285963e-08,3.6868558563451886e-05,1.7773602741233356e-05,0.0009600212928895219,9.462749386493474e-09,3.241251722937977e-06,1.5146764780779364e-06,1.004940355834213e-07,7.109081444485196e-06,1.7719651842536549e-06,2.6027143568837913e-07
22,0.16322041205009977,2.449317755610097e-07,0.8326158831909776,0.0002850975993335423,1.4470095597444671e-06,1.3917500518066215e-05,1.574301940009928e-06,0.002400284968660239,9.932043452119675e-06,0.00011324204824090001,1.9562498060667365e-05,2.228277310715939e-06,7.625925508228636e-05,1.1264603953522814e-05,1.0682163859603852e-07,3.7210023452233487e-05,2.5274088792639557e-05,0.0011498497525358634,1.4056174062196496e-08,2.9700554455664696e-06,1.793248143738586e-06,1.4428653799144647e-07,9.725559573253301e-06,1.3409714704589796e-06,2.208572708741738e-07
23,0.16269935326921306,2.7290460591928405e-07,0.8327861539339526,0.00039936904328457184,2.148974993708581e-06,1.9216777665851542e-05,2.738450917118954e-06,0.002460059118692658,1.9111890705827254e-05,0.00012112020337127802,2.1495168851032975e-05,3.212105580104137e-06,9.384528099949207e-05,1.469828699802126e-05,1.7323913325563742e-07,4.907807568573128e-05,2.271678662494108e-05,0.0012628944088878297,1.9107322354756533e-08,3.95001497199393e-06,2.0294020886088926e-06,1.7088766943826303e-07,1.3542614824722163e-05,2.282909829371257e-06,3.4714313049300827e-07
24,0.16499153051631044,4.243484656744174e-07,0.8292906297563079,0.0007026406939899229,2.571289797165259e-06,1.9631937343018195e-05,3.1393541629732264e-06,0.002919785941914452,2.1249946127524758e-05,0.0001616544549113141,2.1361820847830833e-05,3.3572911678618012e-06,0.00011810624257594601,1.712348947542016e-05,2.0491354515478148e-07,5.663588605377883e-05,2.7086710170875453e-05,0.0016164794780537284,2.976956241824476e-08,4.330655404641387e-06,2.3905174981325314e-06,1.9714978954340937e-07,1.6408993011006264e-05,2.6989936641388742e-06,3.298498492406322e-07
25,0.204895030443846,2.72205368012779e-07,0.7874616756845062,0.0004124664621997869,2.755402905135136e-06,1.7897872749337116e-05,4.298129479916787e-06,0.00478749506560377,1.7616584248971995e-05,8.878445371710703e-05,3.8498606534439796e-05,4.695969939227065e-06,0.00013212285834236152,1.7781282960394768e-05,1.4941706862572876e-07,4.3682633332484465e-05,2.1551776489214064e-05,0.002032472122561807,2.0127763116908993e-08,4.952275560337372e-06,2.7096938538449036e-06,2.376875663681294e-07,1.088640710243281e-05,1.660030422244711e-06,2.8680587901017143e-07
26,0.1214172467860021,1.6482511196489578e-07,0.8760388429814336,0.00028205975499852293,1.9083130019562524e-06,1.2965043773644776e-05,1.3442489392192318e-06,0.0009597005587184894,1.648613230516022e-05,9.880102277819736e-05,1.1596040583043318e-05,1.676132739841927e-06,5.929496399093578e-05,1.1702605476539868e-05,7.505446778664125e-08,2.6939968069648414e-05,1.4503401093802472e-05,0.001022315768645727,8.059222339400283e-09,3.2660375449288665e-06,1.352086965484891e-06,6.622384986926463e-08,1.47057632240534e-05,2.743220887032744e-06,2.350061763623713e-07
27,0.1944761718517664,3.112054229634223e-07,0.8000007456452987,0.0004910379414324568,2.898382700409494e-06,2.787332559410597e-05,3.514554256156135e-06,0.003328442174990573,3.152604971917325e-05,0.00013480531267771745,2.856053005463565e-05,4.341062811462811e-06,0.00010510991261310556,1.812353993531353e-05,2.6526399574160415e-07,5.234219221377229e-05,2.198235720052652e-05,0.0012465657838876,2.399551261162289e-08,4.2950352074679195e-06,2.168380595847871e-06,2.760706810233335e-07,1.532284970967677e-05,2.8206324297651985e-06,4.7594929275925285e-07
28,0.16269935326921306,2.7290460591928405e-07,0.8327861539339526,0.00039936904328457184,2.148974993708581e-06,1.9216777665851542e-05,2.738450917118954e-06,0.002460059118692658,1.9111890705827254e-05,0.00012112020337127802,2.1495168851032975e-05,3.212105580104137e-06,9.384528099949207e-05,1.469828699802126e-05,1.7323913325563742e-07,4.907807568573128e-05,2.271678662494108e-05,0.0012628944088878297,1.9107322354756533e-08,3.95001497199393e-06,2.0294020886088926e-06,1.7088766943826303e-07,1.3542614824722163e-05,2.282909829371257e-06,3.4714313049300827e-07
29,0.16269935326921306,2.7290460591928405e-07,0.8327861539339526,0.00039936904328457184,2.148974993708581e-06,1.9216777665851542e-05,2.738450917118954e-06,0.002460059118692658,1.9111890705827254e-05,0.00012112020337127802,2.1495168851032975e-05,3.212105580104137e-06,9.384528099949207e-05,1.469828699802126e-05,1.7323913325563742e-07,4.907807568573128e-05,2.271678662494108e-05,0.0012628944088878297,1.9107322354756533e-08,3.95001497199393e-06,2.0294020886088926e-06,1.7088766943826303e-07,1.3542614824722163e-05,2.282909829371257e-06,3.4714313049300827e-07
30,0.16269935326921306,2.7290460591928405e-07,0.8327861539339526,0.00039936904328457184,2.148974993708581e-06,1.9216777665851542e-05,2.738450917118954e-06,0.002460059118692658,1.9111890705827254e-05,0.00012112020337127802,2.1495168851032975e-05,3.212105580104137e-06,9.384528099949207e-05,1.469828699802126e-05,1.7323913325563742e-07,4.907807568573128e-05,2.271678662494108e-05,0.0012628944088878297,1.9107322354756533e-08,3.95001497199393e-06,2.0294020886088926e-06,1.7088766943826303e-07,1.3542614824722163e-05,2.282909829371257e-06,3.4714313049300827e-07
31,0.27152662801769345,7.803124309748315e-06,0.5101983177456935,0.12067848001614684,0.0024816385975398756,0.021210666605244878,0.0007783156729548084,0.002914357944828298,0.047431329914464644,0.004416504429385502,0.0007856865060194837,0.00010698663859411996,0.0024745566841138677,0.00032794630508901,0.0005321864733841626,0.0007385705246577673,7.745997260027073e-05,0.009738944032078657,1.2113773823071178e-05,0.00036524124950207155,1.6740725673962895e-05,1.719467511703855e-05,0.002289369452157264,0.0008221632432850743,5.0797675642619694e-05
32,0.1680623802790711,2.9790438467491194e-07,0.8269629806677188,0.00045135847008761734,2.2945952119570626e-06,2.1353469400625093e-05,3.0640228002040184e-06,0.002683893423703061,2.0521979275573415e-05,0.00013180436325822397,2.330327650603224e-05,3.4036041241317785e-06,0.00010211755291398623,1.544998127079219e-05,1.9792022832366216e-07,5.41460316168096e-05,2.4703011405013355e-05,0.001412149023448985,2.374936449719115e-08,4.231130736840971e-06,2.275692662947592e-06,1.9220438920943922e-07,1.5048721432222617e-05,2.4406584289071013e-06,3.6826655953232396e-07
33,0.3155141214269534,4.641161717389094e-07,0.6772685552948783,0.0006813065428611869,2.3918451304051737e-06,1.4422914954946524e-05,5.166532680748976e-06,0.0038675666453706417,1.2868022973878172e-05,7.697671970772795e-05,4.061012833915036e-05,6.640350354668696e-06,0.00023754199931595631,1.1445259760196757e-05,1.6855105854068594e-07,5.906969880864179e-05,3.5554341035732544e-05,0.002146924081886199,3.8778998587540287e-08,3.4978469181010353e-06,2.5785054365090484e-06,3.387911161157417e-07,9.375324334582445e-06,2.1289665254737335e-06,2.4731442837032336e-07
34,0.09016589326718807,3.5774090884174395e-07,0.905011473618082,0.0004527931150544163,2.5072881427055984e-06,2.556041763164554e-05,3.0883537074835942e-06,0.002633740751554095,2.4074780370922803e-05,0.0002126465871744342,1.5377178582488494e-05,3.538585983837605e-06,7.982859087890648e-05,2.0088431642706544e-05,1.967102699042507e-07,8.583535134268272e-05,2.8203568763846998e-05,0.001204748172894395,2.0854500189148323e-08,6.306581637891533e-06,2.1701973272470466e-06,1.592314692172565e-07,1.7854576260823502e-05,3.023919836791198e-06,5.121287940678528e-07
35,0.16796191483922732,2.7271412850873747e-07,0.8274331621458701,0.0003969544046327612,2.11651012510149e-06,1.9366054318654586e-05,2.7564942780342676e-06,0.0025219177898804226,1.9060825783712675e-05,0.00012017543034378759,2.204860394406662e-05,3.2690127517094555e-06,9.461295495717358e-05,1.4574505825716616e-05,1.7171816422698123e-07,4.919302283236965e-05,2.293378622580939e-05,0.0012933142577747213,1.9470165608358337e-08,3.867849017017284e-06,2.0405365803372905e-06,1.7520361177551634e-07,1.3481057120868113e-05,2.2558685993192526e-06,3.4494384066295064e-07
36,0.16287789980478692,2.7006299648511767e-07,0.8326494260798633,0.00039862303423654206,2.171968699508668e-06,1.9203366543777e-05,2.7293766491590486e-06,0.002423859780902597,1.9134861445169806e-05,0.00011985717058517324,2.1514767124317124e-05,3.190176788878752e-06,9.338230670532429e-05,1.4638681584899719e-05,1.7220998714611134e-07,4.831601539766995e-05,2.2501253869404594e-05,0.0012606871216291502,1.8880704980230887e-08,3.9412422004585144e-06,2.0278035286440775e-06,1.6868275048648148e-07,1.3618243565277521e-05,2.301174630053992e-06,3.4593282445283287e-07
37,0.14487404290602743,6.855785980134442e-07,0.8374437322183553,0.0015318450953332766,2.732122374133501e-06,0.00010999883509926604,5.2342111055508295e-06,0.012639808468497727,3.865376871978061e-05,0.000605156504259281,3.540612781922841e-05,3.8051565250458886e-06,0.0001027219308340404,2.3342623516307414e-05,1.2554540286815212e-06,0.00023292378064196817,6.174841837440584e-05,0.0022317763052521005,1.171836617447157e-07,8.973154332875624e-06,3.611248934154813e-06,5.498819888870999e-07,3.8914845518786476e-05,2.2535805790620133e-06,7.105996228225717e-07
38,0.16811209630449764,2.6291715182720223e-07,0.8271705378257258,0.00035329855861070234,1.582832096131761e-06,2.6053681193638588e-05,3.3895751297582847e-06,0.002638876816924275,1.4857091908046717e-05,0.0001270200227353466,2.3132908825428507e-05,3.4154040102888487e-06,0.00010321621273290377,1.065825025837845e-05,2.141186401580036e-07,7.394265358554372e-05,3.169771858559007e-05,0.001282388638995207,2.7103414417427995e-08,4.123937790930304e-06,2.1975726741039243e-06,1.8946147354657617e-07,1.4516426397084124e-05,1.937504497823033e-06,3.6646214567991013e-07
39,0.1642727218746514,2.762410384521552e-07,0.8309121792622916,0.00038685096113848786,2.082706160198302e-06,2.0168100426163473e-05,2.8729355120711276e-06,0.002744885441287449,1.8607256336851932e-05,0.0001221202130036553,2.276987327009599e-05,3.4335669100219937e-06,9.48399760796216e-05,1.466672090732744e-05,1.7683906617444142e-07,5.248119275183665e-05,2.3786369322960647e-05,0.001283130496634555,1.985763622358847e-08,4.0045729989611235e-06,2.0773495624176122e-06,1.837887639728777e-07,1.3162363316247208e-05,2.144963898932479e-06,3.5707703452870193e-07
40,0.15987872043065898,6.415418350461218e-07,0.8244832138295771,0.001940233513168942,3.523200371955689e-06,5.7237570101037905e-05,6.684153387075108e-06,0.007451481627706949,4.3225674501023015e-05,0.00046762090067754516,2.9710014319695927e-05,3.819115628118324e-06,0.0001831455851239296,2.3593277268983133e-05,4.2781755240237685e-07,0.00018759698156792899,4.329547533335951e-05,0.005127312731173761,1.3124512737184942e-07,1.0196700730237924e-05,4.58178165878041e-06,3.257538754486578e-07,4.789095139305808e-05,4.9310774321481515e-06,4.5904982901685806e-07
41,0.10406526609480313,3.5480077925203936e-07,0.8902742617313351,8.592096161549818e-05,6.331488406179388e-07,5.755262020638097e-06,5.0142622244123405e-06,0.0021008243048317816,9.542244421027588e-06,9.651316882947872e-05,2.2273379608230356e-05,3.817838353226182e-06,0.0002482828530061919,3.045549233455798e-05,4.908032710684208e-08,6.598311921867148e-05,2.352756761331627e-05,0.002935834832558011,3.0546588640829714e-08,7.436128945354273e-06,7.5274262066805805e-06,2.0217882039507052e-07,8.020940683504522e-06,2.0854515688141734e-06,3.8718446620338024e-07
42,0.13703763071642633,1.7621337365018074e-07,0.8598232589032382,0.00030265256176495686,2.1610948513299257e-06,1.3052243536660646e-05,1.8844300545287723e-06,0.0013643178317332533,1.762096475790199e-05,9.108426409489965e-05,1.5838908747909185e-05,2.2281494699411566e-06,6.238711755493378e-05,1.454875178143526e-05,1.0543171198148164e-07,2.813903253558208e-05,1.4391009779785805e-05,0.001186190013551696,1.0021974042722957e-08,3.2378995001821356e-06,1.6743409048048418e-06,7.747674193006773e-08,1.4656825832134268e-05,2.391582232689966e-06,2.84213849134635e-07
43,0.12299655578212745,2.956723414781535e-07,0.8705564311581722,0.0005223225553845553,2.292215098917025e-06,4.730246182320428e-05,2.759121885528263e-06,0.0039403321795548904,2.753699716311503e-05,0.0002730221406141145,2.255085167203679e-05,2.6770274854024944e-06,8.322000363286737e-05,1.6832612486088137e-05,3.016271121423542e-07,7.817812658496508e-05,2.752359565997486e-05,0.0013666035328531582,3.075157288368667e-08,6.212369397307994e-06,2.398904134209407e-06,2.366184417362102e-07,2.151801178835771e-05,2.4263339641048457e-06,4.393490494201424e-07
44,0.16269935326921306,2.7290460591928405e-07,0.8327861539339526,0.00039936904328457184,2.148974993708581e-06,1.9216777665851542e-05,2.738450917118954e-06,0.002460059118692658,1.9111890705827254e-05,0.00012112020337127802,2.1495168851032975e-05,3.212105580104137e-06,9.384528099949207e-05,1.469828699802126e-05,1.7323913325563742e-07,4.907807568573128e-05,2.271678662494108e-05,0.0012628944088878297,1.9107322354756533e-08,3.95001497199393e-06,2.0294020886088926e-06,1.7088766943826303e-07,1.3542614824722163e-05,2.282909829371257e-06,3.4714313049300827e-07
45,0.10136651926313527,1.5660533339951874e-07,0.8967288974508519,0.00010092128555613007,7.923306814854886e-07,5.592898306356482e-06,6.433401590665042e-07,0.0007484620684544063,7.495165818378995e-06,8.76768581461207e-05,9.052330011744236e-06,1.194406661287967e-06,4.044217625854601e-05,1.2720713133411368e-05,3.409393166385713e-08,1.8249665390094715e-05,1.3845713662943486e-05,0.0008437103075198214,5.3262499437703815e-09,1.9145828111173804e-06,1.518164684262233e-06,5.0414089585152564e-08,8.358844393858239e-06,1.5447741166534302e-06,2.0122064269595697e-07
46,0.27219372276578435,4.2047935228882844e-07,0.7232287855672753,0.000508614528108048,2.321087872942446e-06,1.9446337400872015e-05,3.2144258023860292e-06,0.0026596306553765955,1.0306530130195873e-05,8.825713149454632e-05,2.6881085139497946e-05,5.139125654036234e-06,0.000116417369877177,7.4471042340923615e-06,2.0174518524473412e-07,6.611544333719602e-05,5.253902693312219e-05,0.0009935643309777287,2.332692995714591e-08,2.5969704067989387e-06,1.5692529343677697e-06,2.55442743601075e-07,1.0411322892552159e-05,1.8196964670770456e-06,2.9924768985583104e-07
47,0.24929685409756852,4.127851977869899e-07,0.7461294470182541,0.00029639579495024894,1.753201231946069e-06,1.6101094411715025e-05,3.0245510056971643e-06,0.0029007706061427094,1.628208996151905e-05,9.338355558329908e-05,2.8290189040587395e-05,6.127896986681246e-06,0.00012427581958584147,1.2640662679206384e-05,1.8152020015155014e-07,6.380756725249229e-05,3.3475157360676167e-05,0.0009604627630033923,2.0120818534962918e-08,3.039325431504325e-06,1.739637786742564e-06,3.3239143328326114e-07,8.46494174421534e-06,2.2592416897649553e-06,4.579706793876854e-07
48,0.15136229452958094,2.2014803785321512e-07,0.8447370137378953,0.00033888702076108806,2.158605915109465e-06,1.7800133087166683e-05,2.51422701947622e-06,0.0020388117791982976,2.042463281674156e-05,0.00010698314476714469,2.0391213838350745e-05,3.049523735605564e-06,8.799661229126165e-05,1.4938056641558629e-05,1.5834474133558907e-07,4.323043275477115e-05,1.8129605204962333e-05,0.0011631078586082128,1.5125219218751356e-08,4.1178571630125206e-06,1.8671291925241924e-06,1.458277061333655e-07,1.2911411220842826e-05,2.4761105421229064e-06,3.5693206058054745e-07
49,0.13867409043224252,2.109364164662408e-07,0.8577910304545756,0.000264236482980716,1.7920258324959556e-06,1.621819709900911e-05,2.0349824818648815e-06,0.001960881828529231,1.5464479127644128e-05,0.00010026681309686355,1.8138332302771276e-05,2.818205733821531e-06,7.597137124021725e-05,1.3207772497345584e-05,1.1043291730839936e-07,3.67456908898349e-05,1.8647841197102727e-05,0.000990149949452968,1.0920195106715632e-08,3.581349889423403e-06,1.6454477989296073e-06,1.3053029454221456e-07,1.0457731104855763e-05,1.8666268659947879e-06,2.911652371352398e-07
50,0.15869741309276866,3.786624506888794e-07,0.8346579614800069,0.0004725711405610255,2.1447384425762377e-06,2.427742259056842e-05,4.040009310119497e-06,0.004174191599490039,2.3784003020321614e-05,0.0001666032285163528,2.5407808057538646e-05,4.090004507631614e-06,0.00012083992433573843,2.025079121882728e-05,2.1275672931935678e-07,6.065572755442842e-05,2.5298840526808206e-05,0.0014957730272060403,3.047795271975756e-08,4.523987231916956e-06,2.820396096428857e-06,2.784611368914992e-07,1.3943682759156888e-05,2.0908758869496355e-06,4.178616422831868e-07
51,0.1851955731027495,9.182585417520021e-07,0.8055311665601421,0.0011253481494791684,2.206031542013854e-06,1.3346787216893101e-05,2.2733603469176586e-06,0.005876430642546027,1.6837020104289383e-05,0.00020890084842985115,2.6091708210908868e-05,3.7930298781258006e-06,0.00013806953136543602,2.8184893345661016e-05,2.0978693379607398e-07,4.1633179207762304e-05,2.9283725383029438e-05,0.0017404183588180591,3.240258945432863e-08,3.5071585835012396e-06,2.522960115558037e-06,3.2015953296387084e-07,1.1106074401907329e-05,1.5690867782582083e-06,2.571837569526341e-07
52,0.1566795085634936,2.7318645824171323e-07,0.8398384543769578,0.00032590396764710567,2.455388565702989e-06,1.4897238980483557e-05,3.2538695064479174e-06,0.0019142922203670488,1.8558268421369683e-05,8.037237449509849e-05,1.9135568143684197e-05,3.840175403516476e-06,8.660341092869893e-05,1.4583275425890707e-05,1.441490240028633e-07,3.951238277097944e-05,2.061847669428544e-05,0.0009183401637785653,1.3192576626824208e-08,3.2416649011205255e-06,1.8959004419591316e-06,1.4780689778393108e-07,1.129201867147341e-05,2.276040505306533e-06,3.8631894311527214e-07
53,0.17241651434477287,2.541039243689883e-07,0.8222719501435197,0.00037134348255649574,2.863950032997613e-06,2.6726833027499545e-05,6.244433896178207e-06,0.0030558201387136494,2.8435385615557594e-05,9.453170162746145e-05,2.762438920231526e-05,5.2625718715838805e-06,0.00010205755705217414,1.7352358534524934e-05,2.2872242717196014e-07,6.0602876773306186e-05,2.2801680019533072e-05,0.0014616415029057599,2.1073372784618116e-08,4.8795071021319095e-06,2.447431160523388e-06,1.9005559046368912e-07,1.722433072860374e-05,2.472857220805009e-06,5.085683514385131e-07
54,0.10101475195428095,3.339131664503482e-07,0.8952304795200904,0.0002693082949629379,1.8037736574271062e-06,1.5112602050651314e-05,2.5794644197468796e-06,0.0022866388476592476,2.3130901835919206e-05,0.00014598109928921823,1.4860241970779053e-05,4.513038227598568e-06,7.419509822860272e-05,2.1889810700483338e-05,2.057152987677465e-07,7.636379413654716e-05,2.1428714468789133e-05,0.0007755885661566285,1.4894215877367771e-08,4.643309351924688e-06,1.728503902936776e-06,1.679791410297776e-07,1.0937523681471382e-05,2.6520287169369207e-06,6.904103888836718e-07
55,0.19335139543961175,2.5062791180202983e-07,0.8024710459116229,0.0004178147341112638,2.9309565840004443e-06,1.8816503338015386e-05,3.968604742012923e-06,0.002051659387535073,2.601598423753174e-05,8.199723657197804e-05,2.4714000720583465e-05,5.2633138641873454e-06,0.00010899594924934636,1.542686768751351e-05,1.6176756926195187e-07,4.469443337376743e-05,1.9106007080551524e-05,0.0013324526536506408,1.6762371445797772e-08,3.7836174856227847e-06,1.8779905082058834e-06,1.689838603913906e-07,1.3849781794957413e-05,3.1758264220732337e-06,4.16658095221032e-07
56,0.16672142266864629,2.792222375590519e-07,0.8287556885052316,0.00039666741174330895,2.1529822984044967e-06,1.8701330541088603e-05,2.789323034769302e-06,0.0024611135955806326,1.9040912678137402e-05,0.00011815251963319959,2.2199870047307378e-05,3.3136977647923875e-06,9.916531553894957e-05,1.4904944057654682e-05,1.707772510600789e-07,4.7700858776368005e-05,2.2592820051376502e-05,0.0012718980197649263,1.934336157943054e-08,3.973545801413835e-06,2.066194353407508e-06,1.7845798630823722e-07,1.316408319018706e-05,2.298118393833426e-06,3.454820358841934e-07
57,0.15901333538462037,3.8697006047741496e-07,0.8356604645708615,0.0004487325012403704,1.9307659987719514e-06,1.65773216945546e-05,3.3343774771595405e-06,0.002951872797504198,1.7974451398493313e-05,0.0001387943844364651,2.3440457656691308e-05,4.120338994246137e-06,0.00014005086619042339,1.7831424264932928e-05,1.9517542243567991e-07,6.426504942509799e-05,2.67499340773235e-05,0.0014481989572091311,3.0805386029261184e-08,4.507875447747255e-06,2.728129783663947e-06,2.490818192861236e-07,1.1468029296568534e-05,2.3692755738384573e-06,3.91074160174422e-07
58,0.15906614389103627,2.74941366536961e-07,0.8367207466900136,0.00041023824468419304,2.509113260615582e-06,1.9315833616055762e-05,2.871037468291088e-06,0.002100517923676004,2.1769626083148356e-05,0.00011809635179726359,2.2076396096425404e-05,3.4518646092653e-06,0.00010244595075748819,1.5827805429832864e-05,1.7352583669023355e-07,4.7747452596553275e-05,2.138122244990887e-05,0.001299452933972948,1.8997521892887548e-08,4.500069072833691e-06,2.1109271927788527e-06,1.6860445719507315e-07,1.4823143018875622e-05,2.954194792589993e-06,3.832591928004478e-07
59,0.13810091021420637,2.5492515240621155e-07,0.858094160977076,0.00035391571456993605,2.167496409153307e-06,1.7436768901944133e-05,2.3871819495198837e-06,0.0019180955033634072,1.9261822365473073e-05,0.000121258633568856,1.852421723581445e-05,2.893512291771893e-06,8.910542941635081e-05,1.5321308890261786e-05,1.479415762632858e-07,4.520744873785182e-05,2.0235564732477865e-05,0.0011556768365353482,1.5816821902303787e-08,4.302500926536701e-06,1.9654781765366992e-06,1.4346353199242984e-07,1.3625191603718254e-05,2.63225763543737e-06,3.537943247671958e-07
60,0.16269935326921306,2.7290460591928405e-07,0.8327861539339526,0.00039936904328457184,2.148974993708581e-06,1.9216777665851542e-05,2.738450917118954e-06,0.002460059118692658,1.9111890705827254e-05,0.00012112020337127802,2.1495168851032975e-05,3.212105580104137e-06,9.384528099949207e-05,1.469828699802126e-05,1.7323913325563742e-07,4.907807568573128e-05,2.271678662494108e-05,0.0012628944088878297,1.9107322354756533e-08,3.95001497199393e-06,2.0294020886088926e-06,1.7088766943826303e-07,1.3542614824722163e-05,2.282909829371257e-06,3.4714313049300827e-07
61,0.14154377177136576,2.408939978520115e-07,0.8548054600259309,0.00032783426811689283,2.0951673293879075e-06,1.631447689097329e-05,2.250930195970417e-06,0.0018559074675442075,1.8799202760507586e-05,0.00011205238094857069,1.846085371034758e-05,2.9084092989316935e-06,8.515018395694184e-05,1.5102698653225393e-05,1.3413551816407002e-07,4.0856610515070684e-05,1.887485742707418e-05,0.0011121926101792079,1.4070871018712127e-08,3.953070595667982e-06,1.8586287931383347e-06,1.3744925978727413e-07,1.2753622387055828e-05,2.5326921748352546e-06,3.435215784994827e-07
62,0.16269935326921306,2.7290460591928405e-07,0.8327861539339526,0.00039936904328457184,2.148974993708581e-06,1.9216777665851542e-05,2.738450917118954e-06,0.002460059118692658,1.9111890705827254e-05,0.00012112020337127802,2.1495168851032975e-05,3.212105580104137e-06,9.384528099949207e-05,1.469828699802126e-05,1.7323913325563742e-07,4.907807568573128e-05,2.271678662494108e-05,0.0012628944088878297,1.9107322354756533e-08,3.95001497199393e-06,2.0294020886088926e-06,1.7088766943826303e-07,1.3542614824722163e-05,2.282909829371257e-06,3.4714313049300827e-07
63,0.16261752229076326,3.115475681572947e-07,0.8327040240086595,0.00042466760333863154,2.1866806439812287e-06,1.9205935471891228e-05,2.733672882090469e-06,0.0025633935229490323,1.9285935769916605e-05,0.0001314273005170871,2.166769998152103e-05,3.3312606212187822e-06,9.651356291141453e-05,1.5446864593534557e-05,1.8366897723247955e-07,5.231923151823022e-05,2.4559207044982267e-05,0.0012782561504159672,2.092778168369789e-08,4.023665516134633e-06,2.1107698800459894e-06,1.8361562244339965e-07,1.3874715681441491e-05,2.3851215397093576e-06,3.6503935060582265e-07
64,0.15231827154893812,2.616965138735982e-07,0.8433993826405672,0.00034422946401241333,2.0522263684395965e-06,1.6644073929687762e-05,2.700614234914908e-06,0.0022433693874041815,1.7510463514260533e-05,0.00011413056761879786,2.0844347626696433e-05,2.9836330669534427e-06,9.507507759282569e-05,1.5691220875205684e-05,1.4759085032824483e-07,4.414024023943441e-05,2.161861271341544e-05,0.0013188367874457905,1.8240894232732216e-08,4.011871835125382e-06,2.2972532115575495e-06,1.579836049235836e-07,1.309566146180682e-05,2.1970050608129005e-06,3.3179041869741603e-07
65,0.1332189355446273,2.578089191059546e-07,0.862997589458711,0.00030401477564707973,1.8724871897012119e-06,1.4278388139929381e-05,2.1030591871488373e-06,0.002070364636848752,1.846231131403236e-05,0.0001192001447270281,1.745031409469551e-05,2.8912227000289005e-06,8.305095756109664e-05,1.704196876896101e-05,1.3294034627770005e-07,4.134944352688136e-05,1.837588039184857e-05,0.0010529978262606536,1.35682724618349e-08,3.9148531808793206e-06,1.8372388181926038e-06,1.4586881435303548e-07,1.1147106991011865e-05,2.221321194858299e-06,3.508737669366307e-07
66,0.2068614693703277,4.871337214953412e-07,0.786746044465508,0.0010823103502190466,4.7487466810929544e-06,6.0212056976472394e-05,4.818681823839819e-06,0.0026912655500451322,4.865667500734085e-05,0.00022984982809328976,2.9434007208417104e-05,4.355226877459005e-06,9.164172188934573e-05,2.0291874674848957e-05,5.610153074149881e-07,8.28749409345071e-05,4.135898840307621e-05,0.0019332114846411167,5.631509260627297e-08,4.935219673099406e-06,3.1145210041521067e-06,2.640918948977861e-07,5.173330289973476e-05,5.580043057034422e-06,7.243880389698339e-07
67,0.09869596640074099,1.8916604493184867e-07,0.8981480574333541,0.00026572550436056446,1.2698508915751573e-06,1.198487186876803e-05,1.4316707611712024e-06,0.0014451433075973604,1.090640569250536e-05,0.00012514969440627683,1.2134780019085305e-05,1.4958426035356118e-06,6.885551703205152e-05,1.2331928191285704e-05,8.56828661581898e-08,3.469016860016727e-05,1.7233608964666863e-05,0.0011276100682849838,1.128637234140413e-08,3.959958079664063e-06,1.6848012053648185e-06,7.554809811702452e-08,1.2115772626588515e-05,1.6807068778950194e-06,2.1002445985972912e-07
68,0.32320688603690734,4.0948554298234866e-07,0.6680942850217184,0.0005794661504567543,2.2180745879385432e-06,2.5126527487714904e-05,4.1817214157216945e-06,0.005687087118217897,1.554966320058401e-05,0.00011286843393269863,4.4561777788286436e-05,4.541125950621072e-06,0.00014214684005886823,1.1579081549503755e-05,2.874164615506396e-07,6.758477115262001e-05,4.02463953606519e-05,0.0019397374406919402,4.5842033866772383e-08,3.2601648997104815e-06,2.8284905074449427e-06,4.0726011262680416e-07,1.27562383095182e-05,1.6329172283037326e-06,3.060044263587329e-07
69,0.252452730333136,3.526438289276045e-07,0.7424755526301663,0.0006649746480664583,3.039031664359656e-06,2.6153513455531702e-05,3.6755301272245314e-06,0.0027123350068051708,2.256151069189373e-05,0.00011171048929091887,2.787419938019862e-05,4.2866718486415854e-06,0.00011577649197222127,1.1366769036774538e-05,2.8925330121763186e-07,5.9948758110800884e-05,3.19720750063921e-05,0.0012506735786738036,2.887541656829076e-08,3.365947342550678e-06,1.9192342514597233e-06,2.5364214625436594e-07,1.5922432951514125e-05,2.8597990245411037e-06,3.769343042160906e-07
70,0.1916125093389886,5.092259012492235e-07,0.801241245633583,0.00030072199721036284,1.1812001366219728e-06,2.9150764318392506e-05,3.1790177721835674e-06,0.004185812482417758,1.6050333976563294e-05,0.00023763794610554183,3.271652402405187e-05,5.838993584095066e-06,0.0001259153208130455,1.566313031086033e-05,3.1442340852723445e-07,0.00019795309840800137,5.9180858968270236e-05,0.0019047627845535811,6.43024652555001e-08,5.170719233884448e-06,3.4664367492694223e-06,4.00905810505891e-07,1.6679919194464458e-05,3.107705818100568e-06,7.669362477328239e-07
