,0,1,2,3,4,5,6,7,8,9,10,11,12,13,14,15,16,17,18,19,20,21,22,23,24
0,0.00017920231483791374,6.342340670117285e-06,3.976962334083579e-07,0.00014215101153161873,6.028192763326837e-05,2.370003314906985e-05,9.241867137132735e-06,9.17725598779439e-06,4.906688363520615e-10,3.653558213843496e-06,0.004261995997813381,0.03132024925899908,7.408178623448662e-10,0.00020487144498276602,1.010366748493512e-05,1.6798392156663548e-05,8.949297331239194e-05,0.009325431284790697,1.490114213167168e-05,1.9028661080492445e-08,0.9498602074976542,0.000218937899885018,0.004199582828562811,1.2597157735532632e-06,4.199963091095416e-05
1,0.0001753018173270271,5.121591599104535e-06,6.926408008130749e-07,0.00012244427711981642,8.791232706357248e-05,4.2396057398877655e-05,1.1815063416491379e-05,1.2519816604682991e-05,1.482666802876756e-09,5.1044960202164825e-06,0.005263787135212158,0.033758870717856805,9.285822095829674e-10,0.00021805772265464667,1.483157514481194e-05,3.176948362388718e-05,6.518095216253284e-05,0.005818317341839794,3.024731749301917e-05,2.6565603576631665e-08,0.9513509759289105,0.0002015098494312191,0.002747686251188595,1.0421703926908758e-06,3.438648988607788e-05
2,0.00024063839835523703,6.8074043643430725e-06,4.009557398704898e-07,0.00011515366865724412,7.050645611145943e-05,3.8637610310671016e-05,1.1841039720189505e-05,9.434471762685505e-06,7.098263292690672e-10,3.6461969607037263e-06,0.004880777379192301,0.03569694518156301,8.477003320673754e-10,0.00025557990925634125,2.577878037759699e-05,3.096259054151567e-05,0.00011618028345858336,0.007094765403016243,2.278662751273204e-05,2.1404591171493527e-08,0.9439734134826403,0.00034541070346765163,0.007010981149529133,1.2543403082643983e-06,4.8075005036323426e-05
3,0.00022452355392626571,6.583615468567989e-06,5.878864369330959e-07,0.00014851911745548355,8.099150571045036e-05,3.4183554421581495e-05,1.1861009929957656e-05,1.0614960157934924e-05,7.534335092039924e-10,3.952396771257822e-06,0.005939692473833117,0.040609205707777506,1.016706773650987e-09,0.0002462532141977363,1.2461425033779908e-05,2.134474752558254e-05,9.248915517188068e-05,0.009918508205399055,1.8872924577565928e-05,2.4170850214928205e-08,0.9381403363617979,0.00023503933575435082,0.004201905310792281,1.4314346622796652e-06,4.0616162207867525e-05
4,0.00023847441264886895,8.03078843188282e-06,7.372056720677012e-07,0.0001703230312437987,0.00010456308620242022,4.3440524991262625e-05,1.3817447629517102e-05,1.0933959541749681e-05,9.16116919970261e-10,4.738754863581214e-06,0.006554441978633521,0.04562204608483736,1.5208985863568064e-09,0.0003396778607135917,1.3470292797143847e-05,2.487885540894095e-05,9.458503160781331e-05,0.010759930825476383,2.095369522308627e-05,2.9566107760339568e-08,0.9310423439468847,0.00026388467037403936,0.004627076928142489,1.5585309569687008e-06,4.006008459561285e-05
5,0.00016697538388308055,6.071211148842859e-06,4.5595690450447144e-07,0.00017484963439024022,7.353476038423059e-05,2.9063722158865835e-05,9.768402800317943e-06,9.343602308947817e-06,5.04073743291093e-10,4.044275067645281e-06,0.004994376093756025,0.03183302581478129,9.150356226021638e-10,0.0002197465064178626,8.238199096765438e-06,1.6760375926643973e-05,8.078154470698999e-05,0.011749182887816394,1.3185396195505311e-05,2.1958211117226446e-08,0.9460452168971946,0.00018218056414633617,0.0043448819691224915,1.4095283383508157e-06,3.6883896133619166e-05
6,0.00022452355392626571,6.583615468567989e-06,5.878864369330959e-07,0.00014851911745548355,8.099150571045036e-05,3.4183554421581495e-05,1.1861009929957656e-05,1.0614960157934924e-05,7.534335092039924e-10,3.952396771257822e-06,0.005939692473833117,0.040609205707777506,1.016706773650987e-09,0.0002462532141977363,1.2461425033779908e-05,2.134474752558254e-05,9.248915517188068e-05,0.009918508205399055,1.8872924577565928e-05,2.4170850214928205e-08,0.9381403363617979,0.00023503933575435082,0.004201905310792281,1.4314346622796652e-06,4.0616162207867525e-05
7,0.0006304735551338585,2.1555871647062043e-05,2.2915349512501422e-06,0.0002740312690746552,0.0001088188891737445,5.1204713119081506e-05,4.266981861937295e-05,2.0544106143299796e-05,2.4726775143256253e-09,6.000719416929047e-06,0.021412619511999013,0.07716626858633287,5.87698096597549e-09,0.0003998960875531183,1.8583102212776733e-05,2.2826873224236194e-05,0.00018211639290789338,0.024451448684413627,2.435417404978278e-05,8.721297674137119e-08,0.8700865490998582,0.00032535278572698976,0.0046889168779826185,5.284949106729411e-06,5.8096834717731574e-05
8,0.00019734809438734418,5.868043608205013e-06,5.494214240578867e-07,0.00010524805115217335,8.695483345028751e-05,5.037187218241756e-05,1.1462274160139554e-05,9.038148647387827e-06,9.902569447625642e-10,2.9371137370600343e-06,0.011052084252186933,0.046310034287663164,9.27334645858166e-10,0.0002205870704774104,1.4962594650470734e-05,1.827462267493266e-05,7.759519505683759e-05,0.010472878283204513,2.387475780045317e-05,2.349046963417869e-08,0.9278636828505692,0.00026341621726460544,0.0031866101571223692,1.0014840023390934e-06,2.5194966516292245e-05
9,0.00030943754744452756,1.0838720223307632e-05,1.2871816127467217e-06,0.0002696065912245767,0.00010660394832069443,2.686066423203108e-05,1.5183261239059512e-05,1.7385888920846684e-05,1.0991937541891534e-09,6.086826281363777e-06,0.005309755193584451,0.0477969722887067,2.1640135014614083e-09,0.0003025959649435338,1.0514340015882945e-05,2.0474517539886944e-05,0.00013683289561281268,0.013124239366000906,1.5950830940445393e-05,4.0075494556558316e-08,0.9279742716226188,0.00021388355355059775,0.004258347730401271,3.3312823650243607e-06,6.949644551851993e-05
10,0.00022452355392626571,6.583615468567989e-06,5.878864369330959e-07,0.00014851911745548355,8.099150571045036e-05,3.4183554421581495e-05,1.1861009929957656e-05,1.0614960157934924e-05,7.534335092039924e-10,3.952396771257822e-06,0.005939692473833117,0.040609205707777506,1.016706773650987e-09,0.0002462532141977363,1.2461425033779908e-05,2.134474752558254e-05,9.248915517188068e-05,0.009918508205399055,1.8872924577565928e-05,2.4170850214928205e-08,0.9381403363617979,0.00023503933575435082,0.004201905310792281,1.4314346622796652e-06,4.0616162207867525e-05
11,0.00024319937745365716,7.498259335879723e-06,6.606428193530889e-07,0.00016195939337020128,8.73795112183361e-05,3.63996551558976e-05,1.3147583297531683e-05,1.1167546580708218e-05,8.266386215522419e-10,4.276524084468618e-06,0.0063786371291485325,0.04396989918706719,1.2818852573639224e-09,0.00027750669103093035,1.290630137224973e-05,2.219733410505753e-05,0.00010031864401331336,0.010871578243567943,1.9582963012225238e-05,2.752059740851305e-08,0.9330339283129697,0.0002506035079391173,0.004453205674908969,1.6001132703362077e-06,4.231777515715561e-05
12,0.00014682919347619802,7.222460138098501e-06,2.140845612833248e-07,0.00015671959279626915,0.00013098265827558053,3.7891865788879493e-05,6.077001372354966e-06,3.5746099814906753e-06,8.277698288985898e-11,3.7881982610849895e-06,0.0026243335036473044,0.04924314262685737,1.005824770240215e-09,0.0006769173050923078,6.257376273419088e-06,2.178610211036568e-05,9.680096581628382e-05,0.017493475898269936,8.414552997984528e-06,1.1433307045804785e-08,0.9158156283498665,0.0004164060419291843,0.013075166761763363,9.730564999761878e-07,2.7385272316075125e-05
13,0.00025915204705930243,6.0439839927181395e-06,7.62655231869129e-07,0.00012462175437601917,8.310109043052237e-05,2.8932151166925264e-05,1.1805815247729616e-05,1.060128274414238e-05,8.808791793943803e-10,2.223541114896017e-06,0.009578788095477549,0.06947879009461431,1.1051636681664832e-09,0.0002896163400358582,1.5177882494898132e-05,1.5799878870161677e-05,0.0001105731891029816,0.008354871165624908,2.2629677739812815e-05,2.394721475619085e-08,0.9078693452176143,0.0002748825926125141,0.0034257060868505868,1.1313768828275002e-06,3.541814745743931e-05
14,0.00021119115574984987,7.018753730177488e-06,5.801648992027573e-07,0.0001495062984168832,8.379913682512613e-05,3.503705337177158e-05,1.1581950633121893e-05,1.0534662993933402e-05,7.648839219471615e-10,4.238175633724085e-06,0.005936935179983139,0.038302344559112626,1.052170801983279e-09,0.00024378549366300446,1.2103494298141095e-05,2.0758526414941507e-05,8.980819429315333e-05,0.010089140351564113,1.8628597217531185e-05,2.4091253055386232e-08,0.9404526071906435,0.00023302096506063792,0.004046945905720799,1.4506887434104561e-06,3.895759272327621e-05
15,0.00022452355392626571,6.583615468567989e-06,5.878864369330959e-07,0.00014851911745548355,8.099150571045036e-05,3.4183554421581495e-05,1.1861009929957656e-05,1.0614960157934924e-05,7.534335092039924e-10,3.952396771257822e-06,0.005939692473833117,0.040609205707777506,1.016706773650987e-09,0.0002462532141977363,1.2461425033779908e-05,2.134474752558254e-05,9.248915517188068e-05,0.009918508205399055,1.8872924577565928e-05,2.4170850214928205e-08,0.9381403363617979,0.00023503933575435082,0.004201905310792281,1.4314346622796652e-06,4.0616162207867525e-05
16,0.0023872356785510345,2.268251399741625e-05,2.793781143253244e-05,0.0002790072572590142,0.0009942667371561306,0.0001742068450058903,5.983146784002616e-05,2.5276872567251743e-05,1.6084469268458934e-08,1.5029865008666079e-06,0.08609605203818191,0.45309348610822947,1.707800658930271e-08,0.001637200897753204,0.00020245862364644482,3.671406359909171e-05,0.0005113506939272772,0.012559766648236267,5.150293662933271e-05,1.0769598389366795e-07,0.4266880192842194,0.000586633911384271,0.014373992929032957,1.2755253834341105e-05,0.0001779775825561422
17,0.00022214325620779804,6.5368535606749075e-06,5.848686386873579e-07,0.00017205093944926424,8.182880152356502e-05,3.300952007153516e-05,1.1859557641894193e-05,1.0090598861288765e-05,6.426566627480022e-10,3.918219614499356e-06,0.005581838051529976,0.042704840658101206,1.0934013695791432e-09,0.00029006649587648415,1.0465207001475835e-05,2.0735385503660167e-05,8.874391192557801e-05,0.010871073110551414,1.7147193379144583e-05,2.514439201827049e-08,0.9349813033047064,0.0002264366562154929,0.004621697872048145,1.3762560416906903e-06,4.2226401100146015e-05
18,0.0002788946602095963,7.147891088873982e-06,5.56707866646624e-07,0.00014559824359473147,6.525124051277616e-05,2.4207177718431992e-05,1.2038774419028462e-05,1.0843663045666497e-05,5.807317729695311e-10,3.7702656015282713e-06,0.004905179245231132,0.04533201704415465,1.021370633481308e-09,0.00023066633965999786,1.09035030321352e-05,1.8600045820735377e-05,0.0001215218299057463,0.01190619358409074,1.6661587516458198e-05,2.2420210112459687e-08,0.9323202397951909,0.0002695815505550983,0.0042697289276898845,1.757825662573991e-06,4.8616075120107194e-05
19,0.00020685185997055072,7.4889853313633e-06,1.0476124124081166e-06,0.00018976195653156984,0.00013187183348219774,4.08693938373951e-05,1.2046072643651509e-05,1.3615297785597636e-05,1.1702448420121253e-09,5.244523337960335e-06,0.006493085504512342,0.05851977358982544,1.6858645850380022e-09,0.0003590162518247467,1.1430325234374238e-05,2.2800932744383103e-05,9.528025916735733e-05,0.009685233113718416,2.200235556537278e-05,3.434394736450936e-08,0.920544424370927,0.0002692077322434652,0.003327510288795594,1.4774024822205228e-06,3.99231375696508e-05
20,0.000503165178129638,6.179783722175207e-06,1.0714379644402594e-06,0.00023928850206240087,7.93611169020495e-05,9.728566861134072e-05,2.9623911653048805e-05,5.6953145420077545e-06,8.68390084280654e-10,3.447679437806341e-06,0.01712193561833009,0.05816595624061661,1.7740443175104939e-09,0.0003910887442376527,8.861408419075202e-06,3.376353585668338e-05,4.9555020062912576e-05,0.024763744131618956,1.3145043741232655e-05,3.954430263098449e-08,0.891624221228129,8.681573425622105e-05,0.006721656275213245,1.8400563495080378e-06,5.225618340672275e-05
21,0.00010863526847246067,8.761681595339244e-06,2.980004159475009e-07,7.381131149645622e-05,7.012141825567627e-05,1.8809438273182302e-05,4.217003107476545e-06,1.2356869387282383e-05,9.84680538148369e-10,2.58186244223059e-06,0.005391271914722224,0.013400410989936645,2.693039338375406e-10,8.762776746078433e-05,2.4466654849843445e-05,6.843534185280534e-06,0.00013301418618815266,0.005742667962228096,2.1294869027762068e-05,9.061866620176271e-09,0.9719362420281357,0.0003725442750463429,0.0025394446129403682,1.2813377444648324e-06,4.32866982372399e-05
22,0.0002035161113437751,4.974723010871323e-06,4.936546726249101e-07,0.00011794935300315758,6.474700044667833e-05,2.968642100172711e-05,1.088896831297237e-05,8.303996142797935e-06,5.460999311055426e-10,2.9481825338652446e-06,0.006397404072295644,0.03760320438598877,7.912481923521889e-10,0.0002038501625394372,9.780561726069252e-06,1.763731083316527e-05,8.458378526770107e-05,0.010987387806218761,1.534202740845574e-05,1.960542354566392e-08,0.9406550558783656,0.00020413980427369486,0.0033480072387025495,1.250832814645368e-06,2.8826780325206965e-05
23,0.00022452355392626571,6.583615468567989e-06,5.878864369330959e-07,0.00014851911745548355,8.099150571045036e-05,3.4183554421581495e-05,1.1861009929957656e-05,1.0614960157934924e-05,7.534335092039924e-10,3.952396771257822e-06,0.005939692473833117,0.040609205707777506,1.016706773650987e-09,0.0002462532141977363,1.2461425033779908e-05,2.134474752558254e-05,9.248915517188068e-05,0.009918508205399055,1.8872924577565928e-05,2.4170850214928205e-08,0.9381403363617979,0.00023503933575435082,0.004201905310792281,1.4314346622796652e-06,4.0616162207867525e-05
24,0.0001409739136006134,7.721977314008207e-06,5.28738412659108e-07,0.00023495096702227182,0.00010527288141336611,3.675282956240208e-05,9.48369025216906e-06,9.373803730431967e-06,5.405817042560437e-10,5.305714384671928e-06,0.004894234722245167,0.037739697994353505,1.3858309358756467e-09,0.00037600290990903143,6.7195374525976365e-06,1.8363697787731852e-05,6.478645400230863e-05,0.011826614889119513,1.5774004176050173e-05,2.8621529036320252e-08,0.940025612726547,0.00019977602243798114,0.004246449908120379,1.0673775910075385e-06,3.450469262362683e-05
25,0.0001992163153712088,1.1851732047949969e-05,4.154840517396193e-07,9.31035503275549e-05,0.00013169763100059721,9.593365279749784e-05,7.231029546702933e-06,5.732732465015785e-06,1.110825914530363e-09,9.548603528969233e-06,0.0028381497713550296,0.022537308315000535,7.874073329053781e-10,0.0002893435724352117,2.8227294237415126e-05,4.580826605065338e-05,6.914765089515962e-05,0.007627479582509591,2.103240535836225e-05,1.378412336292535e-08,0.9598299349234696,0.0003632504035547997,0.0057283224419561,1.282341981995704e-06,6.596661770174122e-05
26,0.000638819075690407,1.0729544638419434e-05,1.1904453842357754e-06,0.00019427212335168328,7.237949412417512e-05,2.2966598203743254e-05,2.2119654509228336e-05,2.045290209160095e-05,1.0652329061111075e-09,4.387480981755216e-06,0.008238772157903624,0.056800393128851615,2.1446631078132483e-09,0.0001723769831412183,1.3218500731944731e-05,1.6544449642721225e-05,0.0002750596488828354,0.024827847918986373,1.512400933820864e-05,3.5957575153221415e-08,0.9035273532710517,0.0003062916427806146,0.0047475365446805595,6.697216493159557e-06,6.542804106875656e-05
27,0.00023914558479725556,6.152971954777963e-06,5.565275620215499e-07,0.00010697184360884762,6.199577693908902e-05,3.7706381944416484e-05,1.1644630765708745e-05,1.2451127180878567e-05,1.256941703614908e-09,4.2736359187581175e-06,0.004895873609319444,0.03107159274048377,6.476146734614767e-10,0.00017011789605916373,2.171590469612553e-05,2.6000219634914356e-05,9.474552166382527e-05,0.007425288976072366,2.2639865739925974e-05,2.452282990895015e-08,0.9517810226830157,0.0003170172816165616,0.0036350965234629475,1.400418624604852e-06,5.6563451552456546e-05
28,0.00022452355392626571,6.583615468567989e-06,5.878864369330959e-07,0.00014851911745548355,8.099150571045036e-05,3.4183554421581495e-05,1.1861009929957656e-05,1.0614960157934924e-05,7.534335092039924e-10,3.952396771257822e-06,0.005939692473833117,0.040609205707777506,1.016706773650987e-09,0.0002462532141977363,1.2461425033779908e-05,2.134474752558254e-05,9.248915517188068e-05,0.009918508205399055,1.8872924577565928e-05,2.4170850214928205e-08,0.9381403363617979,0.00023503933575435082,0.004201905310792281,1.4314346622796652e-06,4.0616162207867525e-05
29,0.00022452355392626571,6.583615468567989e-06,5.878864369330959e-07,0.00014851911745548355,8.099150571045036e-05,3.4183554421581495e-05,1.1861009929957656e-05,1.0614960157934924e-05,7.534335092039924e-10,3.952396771257822e-06,0.005939692473833117,0.040609205707777506,1.016706773650987e-09,0.0002462532141977363,1.2461425033779908e-05,2.134474752558254e-05,9.248915517188068e-05,0.009918508205399055,1.8872924577565928e-05,2.4170850214928205e-08,0.9381403363617979,0.00023503933575435082,0.004201905310792281,1.4314346622796652e-06,4.0616162207867525e-05
30,0.00022452355392626571,6.583615468567989e-06,5.878864369330959e-07,0.00014851911745548355,8.099150571045036e-05,3.4183554421581495e-05,1.1861009929957656e-05,1.0614960157934924e-05,7.534335092039924e-10,3.952396771257822e-06,0.005939692473833117,0.040609205707777506,1.016706773650987e-09,0.0002462532141977363,1.2461425033779908e-05,2.134474752558254e-05,9.248915517188068e-05,0.009918508205399055,1.8872924577565928e-05,2.4170850214928205e-08,0.9381403363617979,0.00023503933575435082,0.004201905310792281,1.4314346622796652e-06,4.0616162207867525e-05
31,0.00026047848872593355,1.0599383065752199e-05,1.0405520783971893e-06,0.00027096769651176005,0.00012240419654623196,1.828527487334891e-05,1.1204421788459158e-05,2.041357725626049e-05,7.246885733691524e-10,6.4628732129298705e-06,0.003747221288217513,0.04880145732450073,2.047193693908904e-09,0.00030686378204788586,6.34370427926601e-06,1.6805093582545168e-05,0.00014026478905386776,0.014095167554295863,1.872872348973279e-05,3.2926641827936823e-08,0.9285332856304455,0.00023028742568142755,0.003323973215901829,3.025483692483511e-06,5.468382222829741e-05
32,0.0002115961509305323,6.2017619840611005e-06,5.46732519438452e-07,0.00013216201976229744,7.800145226605493e-05,3.302050948478585e-05,1.1120403041190912e-05,1.0812723137922699e-05,8.123126525073469e-10,3.9387692542771855e-06,0.0054532339027206535,0.03774720820628365,9.105100146897698e-10,0.00022894520747130344,1.3360608004798266e-05,2.1925287886991563e-05,9.020163279190661e-05,0.008620018351588671,2.1392567029960665e-05,2.2456405931753152e-08,0.9432218633515644,0.000244990930787446,0.003809176466381653,1.2883848045699636e-06,3.8970401074737896e-05
33,0.00031315402605780685,1.9995275383300355e-05,4.91927694008005e-07,0.00018328455646525764,0.0002021766124380448,3.0099218336978042e-05,1.1662302517728662e-05,1.4111991840473716e-05,3.313323417155832e-10,6.150077564146487e-06,0.004545749191550314,0.07100824303969365,3.202532684385533e-09,0.0006627871296579262,1.3880756023568564e-05,2.4798773561251207e-05,0.00027753121528511777,0.01627753959705698,3.014779440092247e-05,2.649635702528892e-08,0.8965266087213137,0.0010024591511125938,0.008816778772501838,2.398052509404816e-06,2.9921786812762506e-05
34,0.00024091190535200247,6.671598571220022e-06,6.318856883298728e-07,0.00014350226609828227,8.091154360540938e-05,3.585301171150969e-05,1.244894139713797e-05,1.1007219191882174e-05,8.863862218596985e-10,4.001358234750704e-06,0.006126708841191988,0.040889210913331545,1.0311820829451134e-09,0.00024486485890270283,1.3557730036836978e-05,2.227336878076191e-05,9.172239064221018e-05,0.00962100357514082,2.052931187633342e-05,2.4764559981640676e-08,0.9381775356090277,0.00023843001333906263,0.0039743136982507785,1.4479334926440649e-06,4.2435344007659553e-05
35,0.0003659598197427998,6.455048053020341e-06,5.317308287145689e-07,0.00016301354043860277,3.46709997031657e-05,1.0419418012639463e-05,1.0486095102780336e-05,2.61247838174931e-05,1.1484052385635352e-09,5.414980901770084e-06,0.0032085230011211956,0.03740145833049082,8.698769357712513e-10,7.707823595215314e-05,5.965088426017825e-06,9.543915222348744e-06,0.00017005190470297318,0.01727248583795609,2.1829153863813818e-05,2.420641537130164e-08,0.939468054672881,0.000235660960876882,0.0014178635114281551,2.7970114524730854e-06,8.558573432759701e-05
36,0.0003695119292169977,6.286873292318527e-06,1.0977401758219741e-06,0.00011983110987665024,0.0001284019352877632,1.242066123743432e-05,7.39450154054259e-06,2.0383799171988864e-05,9.98883318720025e-10,3.866101195622036e-06,0.002374872517594222,0.13410686513859055,1.6872072125005934e-09,0.0003347042445225391,1.5633925495471568e-05,2.4575558925277024e-05,0.0003043792619104977,0.004551721458149334,4.42547871963008e-05,1.9305034351892715e-08,0.8544798454405076,0.0004502260600041561,0.002572590892474818,1.6061440173234822e-06,6.950792849203942e-05
37,0.000827456363301109,9.717092719473064e-06,1.0507800336797243e-06,0.00016905280658905333,7.885536134687202e-05,2.901250923726675e-05,2.4599558060523268e-05,1.0663917753075336e-05,5.849717251904852e-10,2.868182861510466e-06,0.008444152522843676,0.08636960001534566,1.9225435588945943e-09,0.00044146465266164763,1.105140641707988e-05,2.3360907946694526e-05,0.00015053581031633682,0.020613533346435075,2.011373979055338e-05,2.8189342903755447e-08,0.876979276709043,0.0002925169562424114,0.005442252649802076,2.827910679490119e-06,5.600610371554668e-05
38,0.00038221714165830007,4.803411786765247e-06,4.1047829771911977e-07,7.235489468164605e-05,4.8807992603654004e-05,9.475581598321426e-05,2.7557500187560798e-05,5.7641271944415335e-06,8.681757319224434e-10,3.119249544357191e-06,0.01073051942737132,0.032792241106975414,6.620001240031897e-10,0.00023502139147709144,2.877535616973081e-05,5.4290869042422975e-05,5.4394874727985264e-05,0.009627676931198224,2.2921215945692636e-05,2.257774456828676e-08,0.9386896970535396,0.0002578195897041382,0.006837209975262014,1.061078265563771e-06,2.855641046273714e-05
39,0.00028699404712325473,9.29620428123673e-06,6.829060761549705e-07,0.0001611718997700552,8.683411378289745e-05,3.775712540308861e-05,1.4425743397242095e-05,1.095983040881606e-05,8.38250420154087e-10,4.2159306674582305e-06,0.007240970026389619,0.04521503226419136,1.3537005840676322e-09,0.0002942353376543159,1.4670532347277635e-05,2.1169491931585253e-05,0.00011266395568688113,0.01232155333318974,1.9256735940994807e-05,2.7566813454762286e-08,0.9288566870931774,0.0002932987445487608,0.004950125546574297,1.8185769268634686e-06,4.615080176638093e-05
40,0.0002335569245546711,6.701390922341985e-06,5.949717313506513e-07,0.00014498748949136133,8.09498974110636e-05,3.42791034940325e-05,1.204700092693392e-05,1.0515109560275195e-05,7.539683747459127e-10,3.880993409008828e-06,0.005992073633001597,0.04159871172890093,1.0199747178861154e-09,0.00025205186106699206,1.2738570213955169e-05,2.1430147872394264e-05,9.386818352567915e-05,0.009996238971928974,1.916996033954814e-05,2.3967552083506374e-08,0.9369952668553376,0.0002444393234006715,0.004204207441070882,1.4358666611899363e-06,4.0828833683410944e-05
41,0.00012643761755117474,9.632427005021179e-06,2.2254941569953096e-06,0.00014201142814419904,0.00033567556175527073,0.00010706309385369386,8.912279330523854e-06,1.2983730365631705e-05,7.481817099400524e-09,1.0828769662696115e-05,0.004310995100027876,0.021596945668309962,1.2910430919647972e-09,0.00038122204133279576,4.1447616378697375e-05,4.467315360718231e-05,4.096775814279286e-05,0.0027320520144021613,3.572987194041228e-05,2.404240246472032e-08,0.9679591870399463,0.00017782838193140894,0.0018585956011424026,1.4811183983982841e-06,6.307141735185209e-05
42,0.00010996456366952765,3.2131372389004693e-06,2.499622290318218e-07,5.2993158497126426e-05,4.518017167412668e-05,1.532969550066869e-05,5.655005901233572e-06,1.2289506149375253e-05,6.563332519966302e-10,2.838595060631941e-06,0.0027727181415420532,0.020276976953892408,2.4623682594157136e-10,8.597712595977105e-05,1.7622935785207856e-05,2.0189346914288186e-05,9.312038186876219e-05,0.0027868634633538346,2.912396722783289e-05,1.1443363379300724e-08,0.9713411128904023,0.00032250513037994767,0.001983186700193856,6.628262724201196e-07,2.221399435327649e-05
43,3.451356910064173e-05,2.5077388447853575e-06,9.68675047135198e-08,6.429035140725784e-05,5.254286015357182e-05,2.5896504522853526e-05,2.989394846279096e-06,6.6887376087824535e-06,3.504989940100308e-10,5.650309321784918e-06,0.001531891631674206,0.007638363263968345,1.729746938827186e-10,6.500385144308257e-05,8.121402997658955e-06,1.8994696394297373e-05,3.391332815268084e-05,0.0031180682273907983,1.4306543161873235e-05,7.492129718519775e-09,0.9851215806036528,0.0001495779569298216,0.002089749118260415,4.341027456015436e-07,1.481092431431811e-05
44,0.00022452355392626571,6.583615468567989e-06,5.878864369330959e-07,0.00014851911745548355,8.099150571045036e-05,3.4183554421581495e-05,1.1861009929957656e-05,1.0614960157934924e-05,7.534335092039924e-10,3.952396771257822e-06,0.005939692473833117,0.040609205707777506,1.016706773650987e-09,0.0002462532141977363,1.2461425033779908e-05,2.134474752558254e-05,9.248915517188068e-05,0.009918508205399055,1.8872924577565928e-05,2.4170850214928205e-08,0.9381403363617979,0.00023503933575435082,0.004201905310792281,1.4314346622796652e-06,4.0616162207867525e-05
45,0.00036258221821554244,7.569941674053698e-06,1.2362047901247082e-06,0.00014492895430624588,0.00013867166425849867,4.963427818738011e-05,2.100725077789837e-05,2.088461597533395e-05,1.936989446141054e-09,4.947507055422218e-06,0.008825253789571058,0.06356215180432795,1.8625191423001393e-09,0.00031393034661781184,2.8163324258017133e-05,4.0829953791872066e-05,0.00013937380397745404,0.007251875841078273,3.965243555194544e-05,3.9417532670772107e-08,0.9139960699543266,0.0003562646414153778,0.004651111569706492,2.215039552949773e-06,4.1601643542552354e-05
46,0.0002968486628262607,7.050436368078605e-06,5.331678443713393e-07,0.00015951373236216596,6.700095036806631e-05,1.3757256148493957e-05,1.0077227861879554e-05,1.702335581721463e-05,5.276542763157704e-10,3.3480819870176722e-06,0.004698589109316681,0.05270585870324878,1.2223546492011167e-09,0.00015960392509266778,1.1612293103483385e-05,1.4264490843827911e-05,0.0002618095402795628,0.011169036616226945,1.81100721512631e-05,2.299883172960826e-08,0.9258499577252545,0.00031721823218820326,0.004168709129273975,2.579126240022595e-06,4.747341635566323e-05
47,0.00018315902992086918,6.423111581396788e-06,5.891978456459785e-07,0.00016329856946820407,8.986841152975693e-05,3.666811797087668e-05,1.1060378549470728e-05,1.0526794342440725e-05,7.849185642684438e-10,4.199020521612841e-06,0.005956898035647333,0.03577247826893575,1.0107557923721342e-09,0.00025446228625586017,1.1908909728406293e-05,2.1101326361089192e-05,8.107281768459138e-05,0.009174926563177286,1.8293844175929083e-05,2.43705087329533e-08,0.943688411100839,0.00020411335914224555,0.004270592450184568,1.33290037404052e-06,3.85893395804016e-05
48,0.0002598208383749373,1.2868744077303803e-05,3.213658768319693e-07,0.00011697485624631866,6.98305219510785e-05,1.2656666783888827e-05,1.1625742004213583e-05,1.9875823287969423e-05,4.731368345889687e-10,6.014184441524645e-06,0.0029501499145834355,0.0330804336332326,1.3348198782203846e-09,0.00019075184940529726,1.6053900059980072e-05,2.1660429453790518e-05,0.0003065502116791889,0.007680191799449275,3.699354261959461e-05,1.9415939235611198e-08,0.9498850389415354,0.0006226530785778486,0.004662271170700979,2.3047106153997587e-06,3.493685114723165e-05
49,0.00019776006281964936,5.5286216683579054e-06,6.853481803550816e-07,0.00014590755666375816,9.952381570206686e-05,4.4699334152509014e-05,1.1252404173748157e-05,9.84207755150475e-06,7.726941468231107e-10,3.7589039438949332e-06,0.006727344764557032,0.057919039069992365,1.1428999163171809e-09,0.0003044706417030872,1.2024355936712486e-05,2.3113216015983794e-05,8.464924358156836e-05,0.010317268171482687,1.8434969311971922e-05,2.86416399444789e-08,0.9196282805896769,0.0002794207453027853,0.004131728692768317,1.1389697405683489e-06,3.4097887840067465e-05
50,0.00023743409570649505,7.154554048886642e-06,6.140667038989332e-07,0.00014834475863155904,8.783997044627724e-05,3.900268141515378e-05,1.493273926505523e-05,1.179069762584798e-05,8.943173542835952e-10,5.872094984692649e-06,0.004553016217070063,0.03516056362787514,1.0861961687283797e-09,0.000309823830061496,1.2321591978849083e-05,3.235065484500169e-05,7.564549477888067e-05,0.008290731762641555,2.718213861043287e-05,2.570538034500383e-08,0.9466976517131733,0.00026590855420823066,0.003979479944351411,1.3027272605348323e-06,4.10083984231903e-05
51,0.00018001974518262216,7.479925534290648e-06,4.775017894391438e-07,0.0002445899622223101,6.418940211653678e-05,2.1768691644225944e-05,1.3545586967193974e-05,1.0356541183231076e-05,3.8169785579932184e-10,3.8122335051615364e-06,0.006448883820442841,0.041394418896895956,1.4725208494839043e-09,0.00031080207781950865,4.559580779472809e-06,1.0856845162199525e-05,7.07178436207719e-05,0.018531211950740367,1.2626749521014636e-05,2.797968912926146e-08,0.928720750508386,0.00018133784746472538,0.003737558877691718,1.3310763692672232e-06,2.8674501053284702e-05
52,0.0004133883989465806,1.0634286160954436e-05,4.6550493803828853e-07,0.00021278050597945468,6.990738361848373e-05,0.0003458001995953153,4.830051590728945e-05,4.949276499818148e-06,1.1662611543520295e-09,6.793525000498413e-06,0.02420971352010686,0.028331585588698166,2.7519667161963053e-09,0.00036248725768407085,2.229712703160317e-05,5.486488845440882e-05,4.56610506299295e-05,0.05671074421515426,1.129029710589683e-05,6.645078883060267e-08,0.8720763691028632,0.00022469809075568157,0.016796046386008758,2.446321703808865e-06,3.8706188140231826e-05
53,0.00046808355909564397,7.886829417784125e-06,7.22970712731629e-07,0.0001643896280202165,3.7049907468719856e-05,7.357870879355143e-05,4.851091149677343e-05,1.0171788366383199e-05,1.3481893342917025e-09,3.549791629751968e-06,0.018213346302138535,0.032214233541413416,1.320046954137861e-09,0.0002118120631948771,3.196715592948691e-05,4.514903510926242e-05,9.475734051613138e-05,0.015977608204847914,1.7164689352114258e-05,6.121781704049736e-08,0.9203924557524503,0.00023156287598642006,0.011695908685867869,2.5428608674871975e-06,5.748351127113557e-05
54,0.000461664466238435,1.1559426304142829e-05,7.858289345548306e-07,0.0001433976744971124,6.031083985860371e-05,5.0897998641805274e-05,2.4069266503604988e-05,8.320192823569056e-06,1.087864501917618e-09,6.289853864935126e-06,0.00435530733050707,0.046877319313245215,1.3370401639760951e-09,0.0004740475140549098,2.1120377959066216e-05,5.044357416037548e-05,7.839460544055215e-05,0.009503904602736044,2.455772305564332e-05,3.3910198555696396e-08,0.9314346567645284,0.00036083260263151793,0.005958282643047011,1.4884291360674736e-06,9.231263672822357e-05
55,0.0006961452964101498,9.69701290777091e-06,1.9400799622963965e-06,0.00025815290582372613,7.349667741026253e-05,3.074458211438839e-05,2.1906002936656398e-05,1.9935967763858672e-05,2.1234216197255616e-09,4.1814031011703345e-06,0.010914198642626417,0.12002389666344204,3.2015487337841523e-09,0.0002547757786027586,1.0127470562242861e-05,1.572583590144041e-05,0.00016630951197311411,0.02398280232829775,2.0189301376503868e-05,6.04477517837956e-08,0.840459198785615,0.00021778088947417665,0.0027200446011948747,3.450309848732358e-06,9.523417993237707e-05
56,0.0002477462488739254,7.67164167587245e-06,6.912489744684729e-07,0.00016445170302425654,8.991211079047448e-05,3.6219469819631834e-05,1.3417329127130838e-05,1.1778268987125901e-05,8.76828423384503e-10,4.383609960400681e-06,0.006469875774648502,0.044224402458097126,1.3569530056448104e-09,0.00027359364539303484,1.3271662824129662e-05,2.2753837190620625e-05,0.00010423753969518368,0.010711374678904458,2.040810659731831e-05,2.8723521705974836e-08,0.9328946400774341,0.0002490710130986484,0.004396161672182888,1.6837028740986962e-06,4.222324252342414e-05
57,0.00013973351316366975,4.761175046649555e-06,7.714631543790636e-07,0.00011619452802522602,0.00014191090934324917,1.7233475503403914e-05,4.9489427424670646e-06,1.6595276042643482e-05,9.550621386268173e-10,4.5171614280496065e-06,0.002734809235305352,0.06928623368815752,1.1054952581754275e-09,0.00023663993075971818,9.893188993261028e-06,1.876031651218547e-05,0.00013696670798378282,0.004211119314727167,3.518343049852238e-05,1.793497658481574e-08,0.9209683367382894,0.00028731370461762724,0.0015939560040262005,9.445255916873965e-07,3.315677455406858e-05
58,0.00024746530422157164,7.56469715969722e-06,6.428842200411587e-07,0.00014980647857321564,8.108186134101657e-05,3.0026021390583203e-05,1.2682676383830003e-05,1.1775555786870604e-05,7.601539555381295e-10,4.189268936255677e-06,0.005913335120828448,0.040796986387636874,1.174739679378584e-09,0.00022855086635744577,1.2858525862548565e-05,2.037209225305555e-05,0.00011665216270083083,0.010968432684215804,1.799834390745325e-05,2.493153092157143e-08,0.9367441122898087,0.0002539925540549029,0.004337143111023972,1.9297822946303857e-06,4.237446461772316e-05
59,0.00026405732869506996,7.300439166527325e-06,7.817068536398461e-07,0.00015547767437492561,8.091633173812518e-05,2.8830061188656057e-05,1.337865284460901e-05,1.2723059068003508e-05,8.313045985245913e-10,4.157933402427962e-06,0.0059892445560806055,0.04190374662294558,1.1987886431656127e-09,0.00022012500474573709,1.238414031751448e-05,2.0576583770226567e-05,0.00011857870317172177,0.011557276561243604,1.679537016765139e-05,2.711215500038088e-08,0.9352078987932454,0.00023509341403153821,0.004103148827774107,2.2396101681144373e-06,4.523948275776445e-05
60,0.00022452355392626571,6.583615468567989e-06,5.878864369330959e-07,0.00014851911745548355,8.099150571045036e-05,3.4183554421581495e-05,1.1861009929957656e-05,1.0614960157934924e-05,7.534335092039924e-10,3.952396771257822e-06,0.005939692473833117,0.040609205707777506,1.016706773650987e-09,0.0002462532141977363,1.2461425033779908e-05,2.134474752558254e-05,9.248915517188068e-05,0.009918508205399055,1.8872924577565928e-05,2.4170850214928205e-08,0.9381403363617979,0.00023503933575435082,0.004201905310792281,1.4314346622796652e-06,4.0616162207867525e-05
61,0.0002498802411868356,7.114346428690879e-06,8.120153508108329e-07,0.00014891657525227186,8.702332499025599e-05,3.00736199238859e-05,1.23640177904473e-05,1.2117603937776983e-05,8.795904182778006e-10,3.819639351309139e-06,0.0064675057887063235,0.04604811611356106,1.1873541390502582e-09,0.00023703882865633554,1.2671143466754147e-05,1.9428428320219452e-05,0.00011300945432095506,0.010687223850412535,1.7893724425945588e-05,2.6315079276683527e-08,0.9318266379723932,0.0002394682788827075,0.0037340259989303254,1.9109184082817156e-06,4.291973327906386e-05
62,0.00022452355392626571,6.583615468567989e-06,5.878864369330959e-07,0.00014851911745548355,8.099150571045036e-05,3.4183554421581495e-05,1.1861009929957656e-05,1.0614960157934924e-05,7.534335092039924e-10,3.952396771257822e-06,0.005939692473833117,0.040609205707777506,1.016706773650987e-09,0.0002462532141977363,1.2461425033779908e-05,2.134474752558254e-05,9.248915517188068e-05,0.009918508205399055,1.8872924577565928e-05,2.4170850214928205e-08,0.9381403363617979,0.00023503933575435082,0.004201905310792281,1.4314346622796652e-06,4.0616162207867525e-05
63,0.00024554255117194133,7.986555109823713e-06,6.063812240025553e-07,0.00014634065403614093,7.718830619640137e-05,3.4381393723942875e-05,1.2913366248522253e-05,1.0930400940898705e-05,8.265658508690233e-10,4.170745254227286e-06,0.006344622048022328,0.038895240442918116,1.128674855231568e-09,0.00024052420271065473,1.3846617389173056e-05,2.0904760248736864e-05,0.00010205225407501631,0.010814471552592264,1.9078250992589945e-05,2.601586115939613e-08,0.9384347676067754,0.00026184201482409896,0.004267707881759851,1.6556926380328198e-06,4.319835004606178e-05
64,0.0018821081624918448,3.697386299310795e-05,5.2830103867804175e-06,0.0005906754433840502,0.0003729899048282145,0.00021314677271939126,7.845762520340472e-05,2.736300493929215e-05,4.243006822241936e-09,1.0914713760239785e-05,0.02588281388287341,0.2539746359299962,1.9888330086091425e-08,0.0019094369443548832,3.801922484777317e-05,7.507782088064563e-05,0.0003217682946495036,0.04584881886789502,4.2960001843382565e-05,2.0740268244861324e-07,0.648643669565597,0.0010388590346571993,0.018855540949872362,7.400426326348954e-06,0.00014285502148054307
65,0.0004909663195670559,1.258373771069455e-05,1.061818084455932e-06,0.0001598233796524829,7.383771934783155e-05,2.8274081911334348e-05,2.188215314290398e-05,1.9548138611944988e-05,1.5452401568078031e-09,4.240170002548043e-06,0.009310026185275539,0.049474494420477994,1.8086833671695376e-09,0.00021692096808591786,2.3004088286497635e-05,2.1105706724268183e-05,0.00019849804217880905,0.012548207376133061,2.4457911267402747e-05,3.796001114513509e-08,0.9222975488252436,0.00035752865187925936,0.00464885811724333,3.6703347125580884e-06,6.342054052590011e-05
66,0.00017782327302316706,5.40025480887643e-06,9.388048626195621e-07,0.00021822423998831822,0.000139316821345562,6.751218568589076e-05,1.576263018296563e-05,1.7750347347320385e-05,2.016890833696859e-09,1.0999093561414746e-05,0.004682109816709591,0.050242936527445825,1.9075781663709536e-09,0.00039576105620893465,9.257346871707084e-06,5.643815008851158e-05,5.081303086011486e-05,0.006705863208981932,5.086196144130612e-05,5.173591458593004e-08,0.9342953070941965,0.00021611902298315005,0.0026036546716893066,8.370085981243174e-07,3.625779273540228e-05
67,0.00023990244376158733,9.156724765795131e-06,4.959125278125445e-07,0.00011680695581278102,7.863034878135343e-05,1.4682600580660026e-05,8.606792895846077e-06,2.299695182432761e-05,1.1225773052558004e-09,5.656975856489871e-06,0.004187951642881322,0.02789310347848698,8.497830089214444e-10,0.00010896723000013537,1.008984509343231e-05,1.1350721193330676e-05,0.00014261376854927098,0.008077463208008853,2.9988716245961045e-05,1.4853419378088795e-08,0.9571758703750297,0.0002834088879203036,0.0015448336558515265,2.1944110507193484e-06,3.521152710184704e-05
68,0.00022493565565904968,6.648788154657419e-06,6.002336316619035e-07,0.000148854527179198,8.305603519251318e-05,3.420054401239402e-05,1.1879517658422026e-05,1.0797819148443693e-05,7.694368115063158e-10,4.016148872278257e-06,0.005887031341994691,0.04088615664426484,1.0329164683022366e-09,0.00025068635658556437,1.2559450947788594e-05,2.1659402284398817e-05,9.285769060081102e-05,0.00973774174384254,1.9364461005839744e-05,2.4238964036072908e-08,0.9381233504158225,0.00023705814305639134,0.004164465844411319,1.4348884647258807e-06,4.061830589248806e-05
69,0.0002454433589989116,7.099276599301945e-06,5.286664625318214e-07,0.00012100114394363444,9.607962636984806e-05,4.435537372359159e-05,1.248965382132093e-05,8.555316050720524e-06,6.821521077008213e-10,3.520044166786686e-06,0.007003169883754385,0.045755058480209186,1.0026245076482337e-09,0.00032315842208311383,1.4989082738856822e-05,2.26913935453001e-05,8.681960126639383e-05,0.00978228378773684,2.107139237208088e-05,1.962328143213747e-08,0.9313085314848528,0.00030898020831585115,0.0048005302865420825,1.1912973526545348e-06,3.243091103575578e-05
70,0.00025013649312258615,6.772437049439047e-06,7.286970386882593e-07,0.0001632157104202918,9.00366735064718e-05,4.0270316406998745e-05,1.2816740082170415e-05,9.29287798482678e-06,7.792964069731238e-10,3.902312986895614e-06,0.006083632381596437,0.04934596943479449,1.191859697361265e-09,0.0003436823753107317,1.2137173441237908e-05,2.391978933839013e-05,8.481800651857173e-05,0.01053014929799052,1.8269706061900394e-05,2.683843210846855e-08,0.9281476220052435,0.00023801539107900902,0.004547497085766415,1.3304216707131465e-06,4.575586300145475e-05
71,0.00020518341815753922,6.9393738123755756e-06,5.959739310293774e-07,0.00014609334857233633,9.162610077875757e-05,3.6837489408037655e-05,1.0678611387816154e-05,1.0316187352478896e-05,7.999372397060203e-10,4.335177905910075e-06,0.005600774298325697,0.039436975255232314,1.0118848616237088e-09,0.00025824413376334245,1.261329694183785e-05,2.131088152592079e-05,8.824922916710786e-05,0.00940638536578836,1.9274635242584143e-05,2.2811925022748673e-08,0.9403855562954107,0.00024491916841370715,0.0039712087157885165,1.3568768541708774e-06,4.050154249228708e-05
