,0,1,2,3,4,5,6,7,8,9,10,11,12,13,14,15,16,17,18,19,20,21,22,23,24
0,0.00020502717373469938,5.539766865017294e-06,4.1648483519495644e-07,8.998242538966237e-05,9.708717396708146e-05,0.0005492007902346356,2.1920296612438838e-05,6.643558220944345e-07,5.404536968698977e-10,3.9707491385282583e-07,0.2627182367701652,0.036806665193463275,8.039875823583658e-10,0.0005993976549489815,1.9080745816288804e-05,1.1711940518353679e-05,1.2248418199105427e-05,0.02972489147776562,8.784749508858805e-06,1.7225745499588486e-08,0.6575030018534974,5.663292548638558e-05,0.011559801056343473,3.2257185387612287e-07,8.97052987157498e-06
1,0.0001997348643036737,4.609539017055072e-06,6.832478506197878e-07,7.474379818440797e-05,0.0001340255155008492,0.0009166894772184638,2.714792148601501e-05,8.862644987460925e-07,1.515296529934378e-09,5.485101512062479e-07,0.3022000644688744,0.0371995829041993,9.608507096383927e-10,0.0006006159623368025,2.7457288587898277e-05,2.1215160367077246e-05,9.03089679758833e-06,0.01819624063048544,1.686858034413242e-05,2.2832049553260403e-08,0.6326637963282536,5.160565399617671e-05,0.007646660968249506,2.7525034086860724e-07,7.491460759243048e-06
2,0.00024061036479450655,5.080008239322131e-06,3.7332964137727836e-07,6.458498227926433e-05,9.413797832710262e-05,0.0008106496524540839,2.5797716035349547e-05,6.298196182044123e-07,7.114666514154787e-10,3.5450469246888645e-07,0.27966908365901133,0.03688750505856895,7.106968737903134e-10,0.0006317764678476166,4.365411803799478e-05,1.831542281667101e-05,1.3895952707012532e-05,0.02176298834313858,1.1442309852758238e-05,1.7620229263286052e-08,0.6430365042999237,8.55203830726921e-05,0.016587463242690715,2.867094764178872e-07,9.32663438130142e-06
3,0.00022765136195875403,5.273766459329757e-06,5.311262268464701e-07,8.353791619951759e-05,0.00011638968959906535,0.0006988817919711245,2.462339344719921e-05,6.87696925246165e-07,7.262695901268962e-10,3.884437327746855e-07,0.3236678525586276,0.041957816889729126,9.62274853755051e-10,0.0006360632726995168,2.145791924957605e-05,1.3138697011156813e-05,1.1613848223004312e-05,0.028457337158375017,1.0020000242205924e-05,1.90320341506148e-08,0.5935026124264978,5.5788319047346866e-05,0.010500088345500761,3.3032084338560555e-07,7.894336854849096e-06
4,0.0002320809222100927,6.2097084241724645e-06,6.187553222814564e-07,8.948746763970827e-05,0.00014034919575559712,0.0008234921840137385,2.6941184734186246e-05,6.949845968242966e-07,8.466621424669297e-10,4.482740606597769e-07,0.33757379194488624,0.043874456422368875,1.3065862335870639e-09,0.0007886295572164481,2.2874402842546452e-05,1.438074921602032e-05,1.1804496751319645e-05,0.029695213716567772,1.0718268732784582e-05,2.1612792772403197e-08,0.5756229867531901,6.123412975503745e-05,0.01099551882999011,3.5627762276444365e-07,7.688008061513964e-06
5,0.00018150251671940874,5.161108421975582e-06,4.381445348190373e-07,0.00010417720279395187,0.0001144263384815731,0.0006226257031230666,2.1231271525445273e-05,6.495573303968676e-07,5.204308799260586e-10,4.207957064442715e-07,0.28603520799260773,0.03566609411819284,9.455782139706043e-10,0.0006054191612480883,1.5163329490402858e-05,1.0981666235010154e-05,1.0992717154657571e-05,0.035284793940724056,7.650820672747676e-06,1.815971374352251e-08,0.629827040156163,4.5707477104903085e-05,0.011432331870764579,3.4534676430925477e-07,7.619138517741541e-06
6,0.00022765136195875403,5.273766459329757e-06,5.311262268464701e-07,8.353791619951759e-05,0.00011638968959906535,0.0006988817919711245,2.462339344719921e-05,6.87696925246165e-07,7.262695901268962e-10,3.884437327746855e-07,0.3236678525586276,0.041957816889729126,9.62274853755051e-10,0.0006360632726995168,2.145791924957605e-05,1.3138697011156813e-05,1.1613848223004312e-05,0.028457337158375017,1.0020000242205924e-05,1.90320341506148e-08,0.5935026124264978,5.5788319047346866e-05,0.010500088345500761,3.3032084338560555e-07,7.894336854849096e-06
7,0.0003449368092240055,1.0063066348326642e-05,1.063426429861281e-06,8.7665113023333e-05,9.240780300594158e-05,0.0005338575386863795,4.736811944778752e-05,7.991089374894038e-07,1.3509519536385005e-09,3.579369294409101e-07,0.5899283625483346,0.041956428487846996,3.0144862682257875e-09,0.000552419716401403,1.9769057818626822e-05,8.14465624142972e-06,1.396321562702295e-05,0.035955130693319994,8.434194483570215e-06,3.463970404815099e-08,0.3237225465451445,4.416297346694448e-05,0.006664294384805746,7.150911787575204e-07,7.070508155663322e-06
8,0.00028104096119789567,6.0018126876155065e-06,6.139943411517489e-07,0.00011724357672595217,0.00010857833026580749,0.0005519276282363428,2.888413897649484e-05,8.588642679706763e-07,6.483898778428638e-10,5.269696637992723e-07,0.2166362910127718,0.04007509021292856,1.0066058216420345e-09,0.0007182097460969771,2.0671314271591463e-05,1.639930121595263e-05,1.4408622598186117e-05,0.030517817316133268,8.87379285557449e-06,2.1490186927926227e-08,0.6967332734035034,5.6096276857159756e-05,0.014093444589895143,4.832519116945503e-07,1.3241737415064469e-05
9,0.0003045321015338446,8.313209396350773e-06,1.105200170108757e-06,0.00014099788823540818,0.00014192354861294366,0.0005420004667308149,3.233501821896069e-05,1.0663103167951026e-06,1.071025952790913e-09,5.705769945914366e-07,0.2951824646112635,0.0460451766546614,1.8142613437014859e-09,0.000729507669015015,1.9611064049271975e-05,1.2620701787712147e-05,1.6582015383235984e-05,0.036339479610623435,8.615659218397299e-06,2.9507819024387998e-08,0.6099430104337817,4.989927687086656e-05,0.010465600259433697,7.564144834404753e-07,1.3798916112066851e-05
10,0.00022765136195875403,5.273766459329757e-06,5.311262268464701e-07,8.353791619951759e-05,0.00011638968959906535,0.0006988817919711245,2.462339344719921e-05,6.87696925246165e-07,7.262695901268962e-10,3.884437327746855e-07,0.3236678525586276,0.041957816889729126,9.62274853755051e-10,0.0006360632726995168,2.145791924957605e-05,1.3138697011156813e-05,1.1613848223004312e-05,0.028457337158375017,1.0020000242205924e-05,1.90320341506148e-08,0.5935026124264978,5.5788319047346866e-05,0.010500088345500761,3.3032084338560555e-07,7.894336854849096e-06
11,0.00023745815528191449,5.79373559053998e-06,5.695696140492084e-07,8.719792423124668e-05,0.00012067521711052902,0.0007130346546336524,2.6095551854848335e-05,7.049190338546886e-07,7.718561529510879e-10,4.068730649498815e-07,0.3350471135221751,0.04355584404951056,1.1449314550659394e-09,0.000677984131197186,2.17756119172247e-05,1.3113756566079394e-05,1.2338208835551368e-05,0.030181432818509376,1.0109247349918186e-05,2.0636132247008902e-08,0.578513589995474,5.806586137224819e-05,0.010708293469978694,3.592013953551184e-07,8.020972383399225e-06
12,0.0001888252114021395,6.427679352700035e-06,2.3469189648018588e-07,0.00010704454303891177,0.00020460650436810896,0.0008100635872816081,1.5602882355846846e-05,3.317759667010789e-07,1.0875521971198468e-10,4.7544218863173837e-07,0.15004335926081508,0.05913697345284272,1.0905443754454169e-09,0.0017896009282278255,1.141252620903169e-05,1.397291973161571e-05,1.469142247014592e-05,0.0609620974546009,5.380076437670945e-06,1.0541457611450197e-08,0.6939287561807093,0.00011926900678375456,0.03263422476723965,2.8875706549343586e-07,6.34918825846954e-06
13,0.00022345754551371426,4.181297496111792e-06,5.709394290792532e-07,5.891882608896001e-05,0.0001023691066252634,0.00048189459804217954,2.001710424900943e-05,6.130396757234355e-07,7.316493883061512e-10,1.9431112554371527e-07,0.41917673648740644,0.05910237897048903,8.664876542740684e-10,0.0005937610889206688,2.2841067595649686e-05,8.236278286855411e-06,1.251390046557352e-05,0.02014503141710288,1.0409034468200946e-05,1.5380695866454294e-08,0.49274416855905573,5.632298413029374e-05,0.007229002369138134,2.355132278110367e-07,6.128582634274693e-06
14,0.00021468048761995288,5.586712801551673e-06,5.264738891296821e-07,8.396714408292405e-05,0.00012040668342409698,0.0007177571609407883,2.4123642873843507e-05,6.818534015233066e-07,7.397652593033477e-10,4.1437933085180184e-07,0.325040317251151,0.03973677519988576,9.975627203654967e-10,0.0006301131343398097,2.0883622577591826e-05,1.2835732149089922e-05,1.126245173377465e-05,0.028902634513007456,9.911029256519635e-06,1.9018174489518447e-08,0.5942922547086437,5.510748584913719e-05,0.010111845074498409,3.3435216114456627e-07,7.560150879411108e-06
15,0.00022765136195875403,5.273766459329757e-06,5.311262268464701e-07,8.353791619951759e-05,0.00011638968959906535,0.0006988817919711245,2.462339344719921e-05,6.87696925246165e-07,7.262695901268962e-10,3.884437327746855e-07,0.3236678525586276,0.041957816889729126,9.62274853755051e-10,0.0006360632726995168,2.145791924957605e-05,1.3138697011156813e-05,1.1613848223004312e-05,0.028457337158375017,1.0020000242205924e-05,1.90320341506148e-08,0.5935026124264978,5.5788319047346866e-05,0.010500088345500761,3.3032084338560555e-07,7.894336854849096e-06
16,0.0004735763704696733,5.2546207845913404e-06,4.475884728120355e-06,4.682996006748751e-05,0.00031410793424735433,0.0010738970473836299,3.229133077684289e-05,3.800983922388028e-07,4.674771776306681e-09,5.690747060434517e-08,0.8326676633849425,0.08229002531117946,3.473480418139635e-09,0.0013305094685780974,7.759231595489281e-05,6.588817224353067e-06,9.325569070434626e-06,0.007236799636843773,9.58733791235116e-06,2.2140991778352442e-08,0.06666589385796504,3.800441733406126e-05,0.007706397593252997,4.14332697248973e-07,1.0297513480266404e-05
17,0.00023107998361827377,5.42701248982232e-06,5.290245620950945e-07,9.809280646239156e-05,0.00012016967590506184,0.0006712145414456224,2.4620222385736224e-05,6.879712112548259e-07,6.378572966539147e-10,4.031628609947136e-07,0.3013468289145552,0.044292576914133054,1.0396713008157885e-09,0.0007355999639250237,1.8797227757189386e-05,1.3015063138099881e-05,1.1813402522667989e-05,0.031600344636239855,9.483009190136154e-06,1.9739568481132434e-08,0.6089788132203483,5.556104570644981e-05,0.01177594275003089,3.3465482673524125e-07,8.643379588070495e-06
18,0.00029773054696489494,5.9256906388588355e-06,5.417457674242031e-07,8.713598652014999e-05,9.965709908202816e-05,0.0005353398627956301,2.681667896505244e-05,7.284488068548785e-07,5.952897432742677e-10,3.8701421935094335e-07,0.28598903804679804,0.05011725669504734,1.0426069939914172e-09,0.0006483719993058595,1.9537180374447264e-05,1.2330344380885373e-05,1.5583252705944013e-05,0.035718790843784154,9.328132250007376e-06,1.902887283350052e-08,0.615081013193152,6.603790595108813e-05,0.011258252632490034,4.163707051846729e-07,9.759662525178695e-06
19,0.00020633785248273318,5.931341093584364e-06,8.432821516839335e-07,9.688522985509155e-05,0.0001762764794369899,0.0007609020356628698,2.3252612680351054e-05,8.575542386476958e-07,1.061490887710007e-09,4.897355398684954e-07,0.3333805030618235,0.056128945657403895,1.4514884028938778e-09,0.0008225327009694886,2.0430469083062e-05,1.352754141088466e-05,1.2436333326690738e-05,0.026475016619449853,1.1857482403677699e-05,2.4239287843953197e-08,0.5736060647365085,6.276155564616855e-05,0.008185912973764004,3.4217836458635375e-07,7.865814436678525e-06
20,0.0001947711942363185,5.686472463111402e-06,4.883344038777247e-07,7.757901362005521e-05,0.00012330546452436143,0.0005544177755072233,2.070145023593907e-05,9.307553343343839e-07,7.937632707060494e-10,4.423299423774021e-07,0.2590283811562898,0.040240553791095944,8.490502471028285e-10,0.0005748604882693059,2.628391036017313e-05,1.2632868194447385e-05,1.5164737131303056e-05,0.02350763208117932,1.2316732860541013e-05,1.8238863327772298e-08,0.6658916202325862,8.256709349408397e-05,0.009621267203165581,3.3596473709593286e-07,8.041068691890422e-06
21,0.00011953400118124038,7.695391119558703e-06,3.2277068912412154e-07,4.879438238808635e-05,0.00011359051715280387,0.00045015941374586856,9.988481186984802e-06,9.130795650063816e-07,1.151779990624472e-09,2.8438972946305104e-07,0.3349011692742603,0.016382514790170798,3.232567465422827e-10,0.00027264877859682504,4.009134443085263e-05,4.395177867514235e-06,1.6474114028609422e-05,0.01875531055599965,1.2633879889632149e-05,9.175275597836332e-09,0.6226432436482808,9.960077757691854e-05,0.0061120789595925,2.915835416518167e-07,8.254038693411198e-06
22,0.00021423091920939606,4.523668381677137e-06,4.421581059260951e-07,7.062985062557148e-05,0.00010296314322668589,0.0005835881168999444,2.172519477117004e-05,5.978975695929754e-07,5.335425208028193e-10,3.2815277328110417e-07,0.32314633056804803,0.038925810191851984,8.183349006637202e-10,0.0005245505572815942,1.7668534695441594e-05,1.1090020635731399e-05,1.215283256695638e-05,0.03163568175156675,8.672047247375894e-06,1.5140660057649837e-08,0.5957214615610162,5.117403476155591e-05,0.008939835695500664,3.2828577732536173e-07,6.198324949665646e-06
23,0.00022765136195875403,5.273766459329757e-06,5.311262268464701e-07,8.353791619951759e-05,0.00011638968959906535,0.0006988817919711245,2.462339344719921e-05,6.87696925246165e-07,7.262695901268962e-10,3.884437327746855e-07,0.3236678525586276,0.041957816889729126,9.62274853755051e-10,0.0006360632726995168,2.145791924957605e-05,1.3138697011156813e-05,1.1613848223004312e-05,0.028457337158375017,1.0020000242205924e-05,1.90320341506148e-08,0.5935026124264978,5.5788319047346866e-05,0.010500088345500761,3.3032084338560555e-07,7.894336854849096e-06
24,0.00016123068179878748,6.708278729250042e-06,5.072191994128907e-07,0.00013642929580731666,0.00015872455629089164,0.0007409768112717568,2.0420174127659e-05,7.002585341909431e-07,5.793301113815203e-10,5.690914537583733e-07,0.2696874145366644,0.04095084795579928,1.3424600500978471e-09,0.0009241334749850908,1.3143712217052047e-05,1.1904246119516626e-05,9.670243009695427e-06,0.03600608883063236,9.2216189328334e-06,2.2765784776088277e-08,0.6399047386817454,5.134744268727346e-05,0.011196959234485642,2.9506740324035456e-07,7.943900530170822e-06
25,0.00021443416189296738,9.547320244484338e-06,4.489614526949075e-07,6.539857379552951e-05,0.00018732172290572959,0.002280392598881404,1.9003377243196815e-05,4.5236752686187873e-07,1.2851232736352157e-09,1.1162021367324806e-06,0.17603448754040796,0.024856758157901712,6.981035697039429e-10,0.0008331427863891628,4.890722696405356e-05,3.197694610219915e-05,8.416603903738227e-06,0.02555435043111873,1.1886920052606803e-05,1.4272234819455833e-08,0.7546830406318852,9.869750983736565e-05,0.015045035705036248,3.065499671418252e-07,1.4861448892814161e-05
26,0.0005501479333766771,7.642586742482509e-06,8.915534501490103e-07,9.706356264545285e-05,9.43439705570114e-05,0.0004075631900152719,3.839937853629587e-05,1.1330834045593843e-06,8.554369272613127e-10,3.8261132031927963e-07,0.37418449796111974,0.05211410183560102,1.8241552484513733e-09,0.00041467898121001296,1.9566652900959743e-05,9.02459997151434e-06,3.0093960026568937e-05,0.060044395035016275,7.408086027872603e-06,2.3998645600323555e-08,0.5013637931573023,6.388256163412397e-05,0.010538716521762343,1.255377879325806e-06,1.0990721262085645e-05
27,0.00026431941956271855,5.5639088459470786e-06,5.515581185965914e-07,6.773647124163525e-05,0.00010634258900273055,0.0008526533308370178,2.5874953127393393e-05,8.519107267058824e-07,1.2634112434057853e-09,4.5548386438074564e-07,0.2930030746308098,0.036862079838617584,7.525743587563923e-10,0.0005252522545761875,4.059017209779871e-05,1.7909157692034792e-05,1.3229100773095408e-05,0.022844565987100742,1.345678524371936e-05,2.0891970130956845e-08,0.6347847205992319,8.032527796836302e-05,0.010478434121645843,3.487358090540112e-07,1.1640805151105261e-05
28,0.00022765136195875403,5.273766459329757e-06,5.311262268464701e-07,8.353791619951759e-05,0.00011638968959906535,0.0006988817919711245,2.462339344719921e-05,6.87696925246165e-07,7.262695901268962e-10,3.884437327746855e-07,0.3236678525586276,0.041957816889729126,9.62274853755051e-10,0.0006360632726995168,2.145791924957605e-05,1.3138697011156813e-05,1.1613848223004312e-05,0.028457337158375017,1.0020000242205924e-05,1.90320341506148e-08,0.5935026124264978,5.5788319047346866e-05,0.010500088345500761,3.3032084338560555e-07,7.894336854849096e-06
29,0.00022765136195875403,5.273766459329757e-06,5.311262268464701e-07,8.353791619951759e-05,0.00011638968959906535,0.0006988817919711245,2.462339344719921e-05,6.87696925246165e-07,7.262695901268962e-10,3.884437327746855e-07,0.3236678525586276,0.041957816889729126,9.62274853755051e-10,0.0006360632726995168,2.145791924957605e-05,1.3138697011156813e-05,1.1613848223004312e-05,0.028457337158375017,1.0020000242205924e-05,1.90320341506148e-08,0.5935026124264978,5.5788319047346866e-05,0.010500088345500761,3.3032084338560555e-07,7.894336854849096e-06
30,0.00022765136195875403,5.273766459329757e-06,5.311262268464701e-07,8.353791619951759e-05,0.00011638968959906535,0.0006988817919711245,2.462339344719921e-05,6.87696925246165e-07,7.262695901268962e-10,3.884437327746855e-07,0.3236678525586276,0.041957816889729126,9.62274853755051e-10,0.0006360632726995168,2.145791924957605e-05,1.3138697011156813e-05,1.1613848223004312e-05,0.028457337158375017,1.0020000242205924e-05,1.90320341506148e-08,0.5935026124264978,5.5788319047346866e-05,0.010500088345500761,3.3032084338560555e-07,7.894336854849096e-06
31,0.000265503033434275,8.601691371116176e-06,9.148109251772629e-07,0.00015037634431015805,0.00017155566408548576,0.00040763590441362564,2.4329520289162353e-05,1.298652192905512e-06,7.144558817331196e-10,6.398368392262874e-07,0.2251461658840716,0.05063352208423395,1.7522005329720545e-09,0.0008077631956303164,1.215178701400994e-05,1.0797345938816594e-05,1.7869353734141006e-05,0.04307327911001398,1.040175361708425e-05,2.6028770716709077e-08,0.6703817541810538,5.9926623644001216e-05,0.00880376942092877,6.802848210869367e-07,1.1035022009961633e-05
32,0.0002218270382938009,5.184703028170568e-06,5.168556535725583e-07,7.74965355794437e-05,0.00011754561910284821,0.0006954303015577461,2.3790015997043036e-05,7.267128976565e-07,8.053823039215061e-10,3.9692818391486554e-07,0.311050516155632,0.04084933397575189,9.108379245697908e-10,0.0006168982970456792,2.349878280073731e-05,1.3608504332160519e-05,1.1772741136807231e-05,0.02587722453396543,1.1564352721674298e-05,1.838062593515154e-08,0.6105519714150965,6.030287354928749e-05,0.00978232862122498,3.1037085821937696e-07,7.734568744386916e-06
33,0.00030602862825003155,1.3269922123576515e-05,4.511522489289616e-07,9.898118589502556e-05,0.0002228842101555111,0.00057538819893698,2.4174768647912175e-05,9.848564855088973e-07,3.686935362477223e-10,6.376350307097501e-07,0.2190429951950971,0.06448544071362079,2.0312317349601016e-09,0.0013447507606539984,2.1988767343845153e-05,1.3726368397594875e-05,3.1351042471077936e-05,0.04855127744561079,1.4284111097031618e-05,2.0322172392014107e-08,0.6474429629448406,0.00023772050386237272,0.01756334312410398,5.366309756680682e-07,6.79911205340132e-06
34,0.00024200907365243192,5.322602008806357e-06,5.639260402786292e-07,7.993531015335332e-05,0.00011556644301006956,0.0007253116174692519,2.5560248612078856e-05,7.05762101554792e-07,8.419547615895645e-10,3.8937329979892915e-07,0.3313687948078395,0.04182326010453419,9.69437504340105e-10,0.0006265646757309534,2.3210661207816682e-05,1.3583520838174361e-05,1.1470059596081685e-05,0.027378767148999502,1.0796158426550414e-05,1.9275223029067097e-08,0.5875817915156651,5.616209797054416e-05,0.009901703907815,3.326241047810943e-07,8.177274308745547e-06
35,0.00047769507300540726,7.251055370007314e-06,6.41619466408715e-07,0.00011881123377955608,7.30235200651045e-05,0.00027811513646414413,2.6838944156775805e-05,1.998335424581805e-06,1.3299982923153588e-09,6.629704230945632e-07,0.21749297616811689,0.05319303416782544,1.3154446731486385e-09,0.00030035947831465523,1.2580793480503713e-05,7.4577585394907646e-06,2.7241560986159048e-05,0.0607963659433724,1.4729625312676363e-05,2.4363335824648036e-08,0.6623737116049007,7.109468957144019e-05,0.004705050973874091,8.021644825125066e-07,1.953017428911822e-05
36,0.00038236273973273375,5.0299577578017574e-06,1.0684230060869948e-06,7.196309776775146e-05,0.0001687824172243285,0.0002913141239261019,1.7701325034618146e-05,1.4648836641263008e-06,1.1064369298244602e-09,4.1122780751908254e-07,0.15362210243554547,0.13712692751253708,1.292439295671991e-09,0.0008355567658459892,2.890876328718347e-05,1.4932846481951604e-05,3.7600381666518166e-05,0.015897593387360433,2.2728040125307092e-05,1.7304210308584927e-08,0.6849238016064364,0.00012604566997045892,0.006408479511681579,3.87438121292289e-07,1.4817741932745191e-05
37,0.0007045144695216409,6.85007073747799e-06,7.872545952557975e-07,8.508605810868082e-05,9.891192262678337e-05,0.00048151192111061086,4.149956579823894e-05,6.853218567013812e-07,5.124731699697089e-10,2.785828182380927e-07,0.3533251693338409,0.0728845673545054,1.4479680233754604e-09,0.0008887682014066771,1.666730952589013e-05,1.2277610955980381e-05,1.7695524592490547e-05,0.05031198492925647,9.649699551072826e-06,1.8594458680401322e-08,0.5096595923643839,6.389036361664387e-05,0.011378646935853517,6.012433192855332e-07,1.03434071183093e-05
38,0.0003440691635048718,3.514325867948478e-06,3.06445422515091e-07,3.7771347146512045e-05,6.327362183383658e-05,0.001548437152995165,4.8796856722300935e-05,3.5560347519277336e-07,6.709818717482606e-10,3.00866527147498e-07,0.42084922630865623,0.02924964065677404,5.616421713549612e-10,0.0005391691102070046,4.227645484542578e-05,3.216046203373689e-05,6.359032056195208e-06,0.022946621144421413,1.1257216435392616e-05,1.5534743247235144e-08,0.5077979240594909,5.520222940482315e-05,0.016417628402355427,2.2667035948047707e-07,5.46610209720361e-06
39,0.00027045190230620664,6.752014064089979e-06,5.791307726456517e-07,8.393058952013035e-05,0.0001147914941856581,0.0007182142465013467,2.8006320710519505e-05,6.564654978112175e-07,7.561914526739531e-10,3.794590714599238e-07,0.3676620511507761,0.043757512851424575,1.1893880503118408e-09,0.0007070006129722959,2.3149613453988343e-05,1.212907687098285e-05,1.2902513355033913e-05,0.032649929010730994,9.483896815354797e-06,2.0332537611604046e-08,0.5425680555248913,6.360547291561553e-05,0.01130178116769268,3.8328952440901824e-07,8.231917829683312e-06
40,0.00023608546042987408,5.34914170968433e-06,5.354932479292822e-07,8.13576114503178e-05,0.0001162367512119428,0.000696090999617418,2.4839404744575804e-05,6.843302825410013e-07,7.279103279250963e-10,3.8236395902013514e-07,0.3239609835817406,0.04279471773772491,9.607379696746953e-10,0.0006445630907641906,2.193497025854139e-05,1.3158227363201972e-05,1.182664440928739e-05,0.028551028463170057,1.0186906762252822e-05,1.8762747435315553e-08,0.5923082983249182,5.789673412440913e-05,0.01045553880719685,3.322318978828524e-07,7.952271620781593e-06
41,0.0001509344962080324,8.782385410784743e-06,2.0137269514050595e-06,8.045682285580268e-05,0.0004494844497654305,0.0022691726328083546,2.202427869797617e-05,9.019137309656546e-07,7.556682992914314e-09,1.1306626662458627e-06,0.25774268882833345,0.023412788838307837,1.1742156288707164e-09,0.0009912821785568818,8.381704738765143e-05,2.9526881949213196e-05,5.777011875082441e-06,0.009072846062158458,2.1015877253632117e-05,1.9909956989587944e-08,0.7004794455558442,4.978308317230462e-05,0.0051108809176662355,3.922676717499585e-07,1.4825439872707153e-05
42,0.00015139802661952529,3.0201244591799682e-06,2.700737164573628e-07,3.797866353092053e-05,7.765898763392708e-05,0.0003676774292441654,1.570697673043874e-05,1.060235583463571e-06,7.066358566541062e-10,3.3728596544854137e-07,0.17457266796946785,0.029702928982994075,2.989530142448494e-10,0.00029049739218734913,3.779592160587448e-05,1.659766331525389e-05,1.5036346903218482e-05,0.010464081168699986,2.0099013980712013e-05,1.1806879275774188e-08,0.7772963677203913,9.906307723851015e-05,0.006823774190831912,1.9624263165591368e-07,5.773693800595614e-06
43,5.5516023891013945e-05,2.954211361782106e-06,1.3490063830959187e-07,5.227288484668441e-05,0.00010519611937678897,0.0007403292559111549,9.400642326100313e-06,6.102622029933987e-07,4.886647915521243e-10,7.442944566676676e-07,0.12295029066729794,0.012242218075873404,2.571199906351372e-10,0.00025532010059056123,1.9224467057741055e-05,1.6297896066336694e-05,6.114632829558019e-06,0.01330848346219645,1.085787674961614e-05,8.818570102945267e-09,0.8428324609746706,4.9245384632114164e-05,0.007337916373853962,1.455772968812981e-07,4.2563515185770235e-06
44,0.00022765136195875403,5.273766459329757e-06,5.311262268464701e-07,8.353791619951759e-05,0.00011638968959906535,0.0006988817919711245,2.462339344719921e-05,6.87696925246165e-07,7.262695901268962e-10,3.884437327746855e-07,0.3236678525586276,0.041957816889729126,9.62274853755051e-10,0.0006360632726995168,2.145791924957605e-05,1.3138697011156813e-05,1.1613848223004312e-05,0.028457337158375017,1.0020000242205924e-05,1.90320341506148e-08,0.5935026124264978,5.5788319047346866e-05,0.010500088345500761,3.3032084338560555e-07,7.894336854849096e-06
45,0.0002986321582837667,4.942702848837712e-06,9.061976844905515e-07,6.895756210857408e-05,0.00015342121056546404,0.000871653774155962,3.660881603390853e-05,1.1117216096491853e-06,1.5797216499603804e-09,4.284988965154989e-07,0.3861442824749236,0.052186422565053146,1.2602133012425104e-09,0.0006684170592927985,3.9710003428175994e-05,2.074250323140646e-05,1.3838058409629327e-05,0.01810939685524198,1.6984064964554944e-05,2.557464296110445e-08,0.5317920596693468,7.369046693743234e-05,0.009490119956973969,4.0426107859103067e-07,7.241004352840685e-06
46,0.00029456670210579886,5.5691200967078746e-06,4.835702386360624e-07,9.125727975138654e-05,9.313620577523565e-05,0.0002981831451342984,2.1528170845050917e-05,1.1003995641355818e-06,5.239365757347244e-10,3.3790015101907856e-07,0.2642379845029395,0.05422841928356632,1.0634594045554697e-09,0.00042179209454320507,1.992093674065185e-05,8.66156658001277e-06,3.1319474682523787e-05,0.03365336717234278,9.481672513953805e-06,1.8532060621049096e-08,0.636293686567469,7.929184325912397e-05,0.010200046804860141,5.651663804637703e-07,9.280301003437427e-06
47,0.00018543478818887826,5.092323201490053e-06,5.293292520813936e-07,9.055748953902934e-05,0.00012669393172259354,0.0007500692542031237,2.306737030685501e-05,6.705799935419729e-07,7.500875203788847e-10,4.0445679864318323e-07,0.3278002187448339,0.03684194940102559,9.417339884266847e-10,0.0006548085280798247,2.045730354239803e-05,1.2909728798158036e-05,1.004877014124831e-05,0.02636037196898683,9.623542143799777e-06,1.9154406106533687e-08,0.5964393693132968,4.832213316198112e-05,0.01061165670098313,3.0344160653877185e-07,7.420053965837067e-06
48,0.0003171172552409568,9.88412976295601e-06,3.5524838932118387e-07,7.593817991987281e-05,9.247437593305562e-05,0.0003039175246240977,3.207902051105045e-05,1.4791777403725017e-06,5.291730707135622e-10,6.376617520164852e-07,0.1829710607246286,0.040940043851803866,1.1850055287363569e-09,0.0005613303954394661,2.8563269747962463e-05,1.5091887755159293e-05,3.6952752829485825e-05,0.028146306470127076,1.9786539779597962e-05,1.9767742261533892e-08,0.7337391702054418,0.00017092569724220933,0.012527923721728442,5.695577421266952e-07,8.370869939798042e-06
49,0.0001988097865015542,4.780612678286507e-06,5.587172257424722e-07,8.066036931809792e-05,0.00014537733910984643,0.0008360120178661001,2.136893844665341e-05,6.596863762740445e-07,7.078274171455375e-10,3.9323035986524004e-07,0.3258349070994846,0.056025116449802716,1.0654260364091093e-09,0.0007338043128037597,2.146741534088137e-05,1.4062386505471608e-05,1.1682081450448338e-05,0.02835990647103645,1.0228238625742043e-05,2.04326309594961e-08,0.5769667230080333,6.759800361501544e-05,0.01065848731093496,2.789097162315211e-07,7.095408883646795e-06
50,0.00026791561223999706,6.3526038420774045e-06,5.951903272294928e-07,8.884197886581467e-05,0.00013144426679397042,0.0008675484437810093,3.455537787080907e-05,8.161518370557077e-07,9.207261251085592e-10,6.291692382464875e-07,0.26644900019875123,0.038327555403157146,1.0713532810864219e-09,0.000851853580132604,2.368191764587064e-05,2.2259224676802155e-05,1.0373657952647587e-05,0.025903700402518423,1.544713073511779e-05,2.1899418547643597e-08,0.6556727261337989,6.894958432914711e-05,0.01124638712811675,3.3493291825980575e-07,9.008018972963485e-06
51,0.00018158187871993432,6.37259435132012e-06,3.627954376387332e-07,0.00011739592494982859,8.585295795450213e-05,0.00038844624536864286,2.4914448451767778e-05,6.658271438258205e-07,3.352537513962987e-10,3.7451296658146154e-07,0.3119065960163957,0.037733990227502914,1.1962773032484453e-09,0.0006454015200700479,8.86308790470818e-06,6.383188122412706e-06,1.0293776212342099e-05,0.05093934159143715,6.722672566113257e-06,1.8232504843588494e-08,0.5882979769160268,4.576159872976609e-05,0.009586271113446948,3.463568152886904e-07,6.064985389804286e-06
52,0.00022588496998371028,5.517714225323566e-06,1.9616199037048678e-07,6.945271905207233e-05,5.914572582013612e-05,0.0030711350098916457,4.634220045724781e-05,2.295123881799582e-07,5.803833129688125e-10,4.6687496654265035e-07,0.5409857486368405,0.014717604581305704,1.2882600281941632e-09,0.0004478320611871413,2.1960608890966154e-05,1.8118951545005023e-05,4.165273885146272e-06,0.08369777783479423,3.9198863406578705e-06,2.5295311035868043e-08,0.3330297344961129,3.558197838531634e-05,0.023553673535726048,3.5917325461735097e-07,5.124929002249148e-06
53,0.00033134504777323505,4.428438596844856e-06,4.2755432946186676e-07,6.934580410011068e-05,3.764356991656058e-05,0.0009714444719528605,6.924004340913308e-05,4.985755979105319e-07,8.55432404355884e-10,2.8373904914036365e-07,0.5375689921599999,0.022143975407799006,8.916316611116067e-10,0.0003877845126576775,3.5814014462176804e-05,2.2523452101355408e-05,8.272057543979149e-06,0.02847744383944397,6.905822444898385e-06,3.390293910777158e-08,0.3880841801150995,3.707123973934473e-05,0.021733331506276238,4.0805465711071283e-07,8.60492304628683e-06
54,0.000534012102917062,1.101637222235236e-05,8.919168893144813e-07,0.00010492871643626205,0.00010592751774563586,0.0012095211821550854,6.624870200069349e-05,6.189169315544467e-07,1.2956500816592063e-09,7.781937921684319e-07,0.2578123453209564,0.05336402080756598,1.6589156577455455e-09,0.0015918955672464957,4.1547875288964024e-05,3.987242819800025e-05,1.0196357056420324e-05,0.028230740470931607,1.598843025863485e-05,3.241617687013626e-08,0.6390902905499973,8.797641308440997e-05,0.017658563094142158,4.04194802572022e-07,2.2179498638229566e-05
55,0.0005048953626536271,6.56247217032347e-06,1.1938250592614326e-06,0.00011768633930883061,9.153595104422774e-05,0.00047675485016198847,3.199646355527263e-05,1.023386393667994e-06,1.4346003275742724e-09,3.5632020092036423e-07,0.4174875026823741,0.09106447124914539,2.3369272848899795e-09,0.0005336766647778476,1.420703903165659e-05,7.963320941198691e-06,1.7537119302071353e-05,0.05024074746837786,9.13968687977264e-06,3.4004889938876114e-08,0.4334277175058843,4.331087945777457e-05,0.005906164099289699,6.093732650923038e-07,1.491016430759432e-05
56,0.00023981831313028785,5.872117377464287e-06,5.94028228405307e-07,8.826211184599436e-05,0.00012306557183118568,0.0007036149789012298,2.6422922287024915e-05,7.446988506289017e-07,8.182118490752968e-10,4.1622942710079994e-07,0.33690517502643064,0.043535424245799356,1.1952653695491754e-09,0.0006608471199597473,2.2119147322337312e-05,1.3220756376772271e-05,1.2730267931403621e-05,0.02970201407292394,1.0411207875080853e-05,2.1430892059320514e-08,0.5774860843710053,5.763028723215146e-05,0.010397171828125372,3.759760760310634e-07,7.961276693053784e-06
57,0.0001547656347812538,4.093644782387555e-06,7.572467546662709e-07,6.998191076039339e-05,0.00019832083320821378,0.00040516064464216013,1.1995787841256107e-05,1.2010903943253804e-06,1.0563345363192936e-09,4.875106741419062e-07,0.17791328089300967,0.0743732876021077,9.391610687361223e-10,0.000619350192525307,1.9487722097234666e-05,1.2040651339320681e-05,1.8359598143999593e-05,0.014696674748803243,1.936086724357245e-05,1.5874453957695015e-08,0.7271404534882011,8.192175646425043e-05,0.0042514198425092084,2.410647681579497e-07,7.339398998872341e-06
58,0.0002472560850448383,5.912648103126042e-06,5.826558095101148e-07,8.486854618121381e-05,0.00011638934049230585,0.0006181245529111209,2.6178990204459483e-05,7.597754613789132e-07,7.378037237930171e-10,4.125204099248531e-07,0.3189620773762543,0.04241692140573989,1.1037997034704327e-09,0.0005971035756132533,2.166681635031805e-05,1.2486809951593708e-05,1.42919300916446e-05,0.031248089135048177,9.5304926722019e-06,1.967298517017059e-08,0.5949387073905086,5.981153264220202e-05,0.010610248086772214,4.3106980158767927e-07,8.12774934756431e-06
59,0.0002610293343564296,5.837428260283643e-06,6.954594519073002e-07,8.865704558782301e-05,0.0001196901839721114,0.0005951302548033781,2.7100921094654682e-05,8.066411871029484e-07,7.846354594399114e-10,4.1037672970777776e-07,0.3216132775736879,0.043830733025731976,1.1601179156520572e-09,0.0005925256669729549,2.0938976908602364e-05,1.2631452569652454e-05,1.4662068539547267e-05,0.03268017938808594,8.975762937802095e-06,2.1062761680675453e-08,0.5897801111576025,5.559359074802905e-05,0.010281902729894038,4.950770551105931e-07,8.592876307572001e-06
60,0.00022765136195875403,5.273766459329757e-06,5.311262268464701e-07,8.353791619951759e-05,0.00011638968959906535,0.0006988817919711245,2.462339344719921e-05,6.87696925246165e-07,7.262695901268962e-10,3.884437327746855e-07,0.3236678525586276,0.041957816889729126,9.62274853755051e-10,0.0006360632726995168,2.145791924957605e-05,1.3138697011156813e-05,1.1613848223004312e-05,0.028457337158375017,1.0020000242205924e-05,1.90320341506148e-08,0.5935026124264978,5.5788319047346866e-05,0.010500088345500761,3.3032084338560555e-07,7.894336854849096e-06
61,0.0002440131420498538,5.671247092645006e-06,6.924298090343592e-07,8.282417986722095e-05,0.00012427214706807387,0.0005987937975553611,2.4428544942055223e-05,7.648392451883517e-07,8.124796288784376e-10,3.783466924361227e-07,0.33109805897387445,0.04614029925916706,1.1004302288147365e-09,0.0006089396524191815,2.1307017770442894e-05,1.1789315759243525e-05,1.3978087891303455e-05,0.029563409845960162,9.486809591641116e-06,1.9761655452013267e-08,0.5821265408480146,5.6107748172493e-05,0.00925955244906602,4.224739480011784e-07,8.247169478148935e-06
62,0.00022765136195875403,5.273766459329757e-06,5.311262268464701e-07,8.353791619951759e-05,0.00011638968959906535,0.0006988817919711245,2.462339344719921e-05,6.87696925246165e-07,7.262695901268962e-10,3.884437327746855e-07,0.3236678525586276,0.041957816889729126,9.62274853755051e-10,0.0006360632726995168,2.145791924957605e-05,1.3138697011156813e-05,1.1613848223004312e-05,0.028457337158375017,1.0020000242205924e-05,1.90320341506148e-08,0.5935026124264978,5.5788319047346866e-05,0.010500088345500761,3.3032084338560555e-07,7.894336854849096e-06
63,0.0002452703644542771,6.244056750957933e-06,5.492082026055192e-07,8.203938917544043e-05,0.00011193725965022308,0.0006860679213313496,2.6104729468858453e-05,7.120634613465744e-07,7.960988835462083e-10,4.055401434901995e-07,0.33818507795608393,0.04032941504242754,1.079735037919878e-09,0.0006124275658195672,2.321927005387522e-05,1.2556274649176323e-05,1.2755154778190118e-05,0.030420340858954616,1.002190571742694e-05,2.021236487885772e-08,0.5788352222856705,6.075309105221487e-05,0.010330251736575796,3.7966085214436074e-07,8.22657652765595e-06
64,0.0008286698192196697,1.2554375464437602e-05,1.995311794439067e-06,0.00014122609562448418,0.00019764515867150932,0.00210093839619186,8.510223266718631e-05,6.71566147348476e-07,1.85969218988968e-09,4.733605820896901e-07,0.6210602762891112,0.10344153625642166,7.01933190697454e-09,0.002313258366061765,3.0528051276166266e-05,2.287499063272717e-05,1.4239388578459205e-05,0.05547590002891914,1.0380143817454025e-05,7.22532864718122e-08,0.19329298789418953,0.0001048793790327329,0.02084993636199903,6.482914240105502e-07,1.3197109862542194e-05
65,0.00040960606387193944,8.143700614425922e-06,7.894244260451456e-07,7.557685286293553e-05,8.617040103292121e-05,0.0005046328649132697,3.883042610519641e-05,1.0214484331471947e-06,1.2326633729236044e-09,3.5817265127155836e-07,0.4111714415665165,0.0418426171737722,1.3479752621456971e-09,0.00048019293150650117,3.302976364989946e-05,1.1579801029739955e-05,1.975085016019066e-05,0.029569314620754836,1.0832182393003057e-05,2.501912316169067e-08,0.5056262370932468,7.01285966895876e-05,0.010028558279371434,6.710581166475382e-07,1.0489128119744085e-05
66,0.00021551969272544998,5.144896406335317e-06,1.3367195898447287e-06,0.00015657782751886854,0.00030112599091394363,0.0021550341994098876,4.58980343006442e-05,1.8902527712648948e-06,4.092169663633431e-09,2.315425788601567e-06,0.24160447149043635,0.06496990173284264,2.8852350425832368e-09,0.00133833915135652,1.830132336431865e-05,7.373930308040416e-05,6.3545492906038665e-06,0.018112547600325504,5.5989318805225426e-05,6.84320103970987e-08,0.664816117425187,6.115099169188747e-05,0.006048706263544637,2.1498041970094064e-07,9.247420815378452e-06
67,0.0002739187129336359,7.438301183350332e-06,5.0191952002488e-07,6.867781912261157e-05,0.00011504841266331372,0.0003444454609362685,2.0581115923783815e-05,1.5110647139470115e-06,1.1802605047749362e-09,5.498708296340937e-07,0.2673973719257928,0.03374127903759529,8.472860939202222e-10,0.0003224246954968971,1.876591984722887e-05,7.494618350965052e-06,1.8131460902827226e-05,0.026347097279328005,1.675237602591903e-05,1.3095729648167748e-08,0.6671649571838316,7.353937451431817e-05,0.004051747498985132,5.077172560447635e-07,7.2431109699674264e-06
68,0.000228115266339834,5.314466616133528e-06,5.427468694973966e-07,8.363552582632447e-05,0.00011881496330175503,0.0007003993022687219,2.4729027211919963e-05,6.99147906704734e-07,7.42700785645127e-10,3.938246460745428e-07,0.32207198791094616,0.04223975187108041,9.724254270914246e-10,0.0006465835727679322,2.1622790128597828e-05,1.3301857636406661e-05,1.1633002779167222e-05,0.02803406834828348,1.0256535794803129e-05,1.9120739932579512e-08,0.5953399988694401,5.6364294172942846e-05,0.01038354473066106,3.3064047822620183e-07,7.890468977589714e-06
69,0.00023943169165810234,5.497873799273556e-06,4.469986218721356e-07,6.52654215866768e-05,0.0001287813546941853,0.0008400479728820832,2.4416477707596927e-05,5.435839404596114e-07,6.320799421409111e-10,3.41790672420015e-07,0.3458913869496405,0.044246503420523144,8.814972691590198e-10,0.0007737795353961139,2.4504707234917353e-05,1.3258396192453882e-05,1.0598204205747134e-05,0.02673237372415981,1.081364304163572e-05,1.4537584523459478e-08,0.5696104168540417,7.05222471982466e-05,0.011304497511097984,2.657484485532458e-07,6.2898420948810675e-06
70,0.0002557806949071479,5.5069429787695985e-06,6.356996777714465e-07,8.991674371395434e-05,0.0001270585809746775,0.0007929520837674318,2.6107744453813356e-05,6.239338252013132e-07,7.56754850415326e-10,3.9654784048837954e-07,0.3168795887015313,0.0486919506421427,1.0826072333402535e-09,0.0008244188438287623,2.1704505530010286e-05,1.498927601470517e-05,1.114482801337058e-05,0.029643388338191398,9.922071084700457e-06,2.0458397570723e-08,0.5910422627649715,5.682808083353975e-05,0.01149512100476678,3.234684561502685e-07,9.356204736065209e-06
71,0.00021172676631977407,5.611517658696779e-06,5.53481192406556e-07,8.366802508589091e-05,0.0001339388861577795,0.0007702548997563755,2.2708096495216792e-05,6.73544687320813e-07,7.823071853828435e-10,4.254228391824636e-07,0.3162147875154525,0.0420170789932627,9.84775604449506e-10,0.000687685435729265,2.187542706490718e-05,1.3209989455578782e-05,1.1155821442826555e-05,0.027635068974877167,1.0320453498502893e-05,1.8440176659066206e-08,0.6020621747650061,5.8872595472934005e-05,0.010030005251584694,3.15144753433484e-07,7.868784947258395e-06
