,0,1,2,3,4,5,6,7,8,9,10,11,12,13,14,15,16,17,18,19,20,21,22,23,24
0,0.000198959850885947,8.734215702443432e-06,4.974874545500442e-07,8.79249330977143e-05,8.014976899173206e-05,0.0002548837201077671,2.0906440671102418e-05,2.3338678370445606e-06,1.6204571275928236e-09,5.93207449071048e-07,0.27198779189215133,0.025038145073444363,8.374824241785322e-10,0.00018898843773758163,2.8386549864446746e-05,6.1205066373710745e-06,2.584251540733551e-05,0.023691387912477536,1.4231083880831246e-05,2.15211907822552e-08,0.6732805932684046,7.595059830936432e-05,0.00499600042881117,7.104062035061916e-07,1.0843855342834139e-05
1,0.00018882580499813282,7.552134883501596e-06,8.594740214844111e-07,7.928399321078986e-05,0.00011636765542912884,0.0004310933462272735,2.7987610114073776e-05,3.0985893409923594e-06,4.955324567935961e-09,8.50084357260711e-07,0.3213302491890452,0.024895906878646085,1.1095896916779387e-09,0.00020634238161594673,4.126796315107681e-05,1.1081132731987002e-05,1.7793352768716867e-05,0.014218067414385898,2.9052034707491413e-05,2.9446981817316622e-08,0.6351397952918232,6.679303264295608e-05,0.00317781325295555,6.033214864774534e-07,9.280549560861808e-06
2,0.00024393904078836212,7.6168894877285825e-06,4.451008487065789e-07,6.136374123658325e-05,7.57373437564018e-05,0.0003665664665294453,2.3756166656594518e-05,2.130598740258127e-06,1.9476909805330163e-09,5.124051469387464e-07,0.279033467457227,0.026281639461788252,7.1437450781163e-10,0.00019765808033962975,6.259685507863043e-05,1.005893684429892e-05,3.0326203495469255e-05,0.01744149382063228,1.7699352071144924e-05,2.1216061893109216e-08,0.6684833367719814,0.00010853995924846466,0.00753888291084978,6.354410240288064e-07,1.1573118101238976e-05
3,0.00021988512837217762,8.119863048880695e-06,6.400566477215546e-07,8.21021877530262e-05,9.584780730686858e-05,0.00032569464717321136,2.3605565531669202e-05,2.3898880521672827e-06,2.1487126555243077e-09,5.775348232573887e-07,0.3341848187464434,0.028714172835118304,9.996554036810224e-10,0.0002023631513843601,3.1529340267675956e-05,6.997770735267911e-06,2.4185331762826893e-05,0.022527563560330786,1.5951632799190557e-05,2.3916151217531748e-08,0.6088634866715642,7.329222664713917e-05,0.004586549211232357,7.217864179216718e-07,9.477992068241587e-06
4,0.00022589184665195951,9.354916677757986e-06,7.742533706185906e-07,8.903124175262399e-05,0.00011589588573226454,0.0003824370725192903,2.6772495619259907e-05,2.3431866474483005e-06,2.524664910240172e-09,6.52554642735638e-07,0.35131988468808223,0.030445763125047334,1.3734298159684879e-09,0.00025896826272547445,3.3822320620288276e-05,7.754733702319683e-06,2.3893227813869975e-05,0.023051131548124847,1.6943388344993258e-05,2.686578358317784e-08,0.5890982295563416,7.656849398813774e-05,0.004803621735896783,7.814135313117042e-07,9.453288288537554e-06
5,0.00017935807143086539,8.070950792997962e-06,5.376670521276921e-07,0.00010223906117006314,9.398205741315318e-05,0.00029561552487464586,2.0861611205723588e-05,2.283083579393724e-06,1.5712237053562852e-09,6.284059742251498e-07,0.30133758817019174,0.024503511722564812,9.95253979769904e-10,0.00019331704777214833,2.255596265236458e-05,5.973064942829781e-06,2.2916087105327256e-05,0.02810083277151387,1.2283815918527953e-05,2.3524825142700763e-08,0.6399867644607163,6.093415712573304e-05,0.005039786364536467,7.63091729137795e-07,9.170758434739163e-06
6,0.00021988512837217762,8.119863048880695e-06,6.400566477215546e-07,8.21021877530262e-05,9.584780730686858e-05,0.00032569464717321136,2.3605565531669202e-05,2.3898880521672827e-06,2.1487126555243077e-09,5.775348232573887e-07,0.3341848187464434,0.028714172835118304,9.996554036810224e-10,0.0002023631513843601,3.1529340267675956e-05,6.997770735267911e-06,2.4185331762826893e-05,0.022527563560330786,1.5951632799190557e-05,2.3916151217531748e-08,0.6088634866715642,7.329222664713917e-05,0.004586549211232357,7.217864179216718e-07,9.477992068241587e-06
7,0.0003182515874152572,1.5976142325274905e-05,1.3701747657111941e-06,8.779101402971023e-05,7.792585318500932e-05,0.00024565745140778,5.0936575059962236e-05,2.526399107209713e-06,4.309416813687922e-09,5.059892297920138e-07,0.6377679631458941,0.026565152576528556,3.3994499056908875e-09,0.00018496055553325676,3.0823413712052524e-05,4.115770916669664e-06,2.5417184151459704e-05,0.026294535336411722,1.3209865676976705e-05,4.169642574359271e-08,0.3054858552458713,5.091206150236317e-05,0.0027658538042443187,1.6301813778371614e-06,8.580266361030765e-06
8,0.0002661426490555512,9.298489852280503e-06,7.596814515155312e-07,0.00011743086653083028,9.235991109729208e-05,0.0002504034612937382,2.823226735196171e-05,3.0095394110800248e-06,1.9436831306071983e-09,7.960410519212824e-07,0.2229905712977347,0.02711975325877484,1.0581217541405285e-09,0.00022790626312286158,3.10383627366145e-05,8.58820233462192e-06,3.0025892507553223e-05,0.023493535998330234,1.3982127285684321e-05,2.608007831337478e-08,0.7191581304710802,7.106367620284652e-05,0.0060696243859073955,1.112054024924367e-06,1.620602097803447e-05
9,0.0002853234829675112,1.369806605975295e-05,1.4177539772797341e-06,0.00015063606661423336,0.00012622941165534894,0.00024404453862021235,3.435018455426268e-05,3.777952828794496e-06,3.4542999119824965e-09,9.032379289207511e-07,0.3071129587837104,0.030171142840737897,2.0367248794995638e-09,0.0002452286292556941,3.1105876954134704e-05,6.605031198269071e-06,3.3445531077355326e-05,0.02715537369124847,1.4454662880823982e-05,3.5641668478697106e-08,0.6298403262829586,6.19505529130791e-05,0.0044471874916641955,1.8169044440967586e-06,1.798189305742209e-05
10,0.00021988512837217762,8.119863048880695e-06,6.400566477215546e-07,8.21021877530262e-05,9.584780730686858e-05,0.00032569464717321136,2.3605565531669202e-05,2.3898880521672827e-06,2.1487126555243077e-09,5.775348232573887e-07,0.3341848187464434,0.028714172835118304,9.996554036810224e-10,0.0002023631513843601,3.1529340267675956e-05,6.997770735267911e-06,2.4185331762826893e-05,0.022527563560330786,1.5951632799190557e-05,2.3916151217531748e-08,0.6088634866715642,7.329222664713917e-05,0.004586549211232357,7.217864179216718e-07,9.477992068241587e-06
11,0.0002307498417497567,8.829854962852157e-06,6.919968043562542e-07,8.553638057355203e-05,9.893803330799537e-05,0.0003329936221702266,2.521472206467703e-05,2.424745853249257e-06,2.268734430293966e-09,5.99671486894016e-07,0.3465441313956774,0.029950409367901765,1.1822622852668842e-09,0.00021672935176893866,3.198751715724603e-05,7.052834230333437e-06,2.5525630651456008e-05,0.02381683590494972,1.5952063360159573e-05,2.588490908966035e-08,0.5938072596217142,7.532121326368524e-05,0.0047123266887474915,7.851160404638414e-07,9.675089657806417e-06
12,0.0001635559257335817,1.0116369269396022e-05,2.1558027035849839e-07,0.00010565330224468101,0.0002080612808745281,0.00043668015737433367,1.1718137755679924e-05,6.678293637894645e-07,1.2414370283360166e-10,6.163025123847571e-07,0.1321963703200863,0.05065963875401817,1.148126559756464e-09,0.0009562277045744253,1.3531219823971512e-05,8.441365526475359e-06,3.2023359080156154e-05,0.06421430174276749,5.766482071059876e-06,1.0785952355795888e-08,0.7257473745088634,0.00018816499253038196,0.02503348467982938,5.350532958419522e-07,6.842873911600335e-06
13,0.0002203957017536608,5.901986175803572e-06,6.951220764365854e-07,5.278103350260063e-05,7.912275388753766e-05,0.00021711989431307725,1.858080617490066e-05,1.9414551780546347e-06,2.0001755600659404e-09,2.47507738594066e-07,0.44799528762413454,0.043142409974273245,8.540205834281474e-10,0.00018824908410105233,3.266918796888671e-05,4.249621832982234e-06,2.5681804525056797e-05,0.01550639787987592,1.5448895351491876e-05,1.8570930863997037e-08,0.4893059903879899,7.088450890855747e-05,0.0031084829479612573,4.80925010778865e-07,6.95947213862038e-06
14,0.00020884703292730939,8.740502569653665e-06,6.394209791860316e-07,8.34736587798871e-05,9.947993514663367e-05,0.00033339737371382386,2.3441043357928692e-05,2.392146819699148e-06,2.2265504411568123e-09,6.230927534892202e-07,0.33521779112051225,0.027081813505896613,1.0468607594777685e-09,0.00020147126040568405,3.095846194876604e-05,6.82806661987126e-06,2.349709419619004e-05,0.022903216688202173,1.5977966826171707e-05,2.399138434567161e-08,0.6092675651498459,7.264523870843273e-05,0.004407171539691256,7.400742635909009e-07,9.262361040012194e-06
15,0.00021988512837217762,8.119863048880695e-06,6.400566477215546e-07,8.21021877530262e-05,9.584780730686858e-05,0.00032569464717321136,2.3605565531669202e-05,2.3898880521672827e-06,2.1487126555243077e-09,5.775348232573887e-07,0.3341848187464434,0.028714172835118304,9.996554036810224e-10,0.0002023631513843601,3.1529340267675956e-05,6.997770735267911e-06,2.4185331762826893e-05,0.022527563560330786,1.5951632799190557e-05,2.3916151217531748e-08,0.6088634866715642,7.329222664713917e-05,0.004586549211232357,7.217864179216718e-07,9.477992068241587e-06
16,0.00041768227930819,8.652069550867213e-06,4.857456993128815e-06,4.348516153758449e-05,0.0002431392926446412,0.0004410689184864742,3.299736749503513e-05,1.1102528097130038e-06,1.2723352668721443e-08,7.395556939558687e-08,0.8862766889023912,0.04650749686477096,4.042298905981194e-09,0.0004034205962243873,0.00011307712617483839,2.9276855227474805e-06,1.6688936572658725e-05,0.00541173803770851,1.4075117890493049e-05,2.4373596302348782e-08,0.05686885634144683,4.11548364480345e-05,0.0031388221031949616,9.518558028197327e-07,1.099370220862779e-05
17,0.0002217199940410337,8.0021738140948e-06,6.33796119731361e-07,9.316300514802654e-05,9.732651374292005e-05,0.00031592702616928736,2.333549707382122e-05,2.29728320931207e-06,1.8142902355023355e-09,5.698557827320216e-07,0.31784053298043957,0.0307763470154319,1.0591112169912554e-09,0.00023358682241051286,2.727949273297368e-05,6.983747095040938e-06,2.419027733476468e-05,0.02482099085196686,1.4626425124268357e-05,2.4655235402097333e-08,0.6202332942297557,7.142412275769752e-05,0.005177142555024797,7.076857478422069e-07,9.89112044038992e-06
18,0.00028284057201146,8.912893600971887e-06,6.295943346480461e-07,8.283908203471008e-05,8.129473935257642e-05,0.0002463399498670595,2.4412983368820146e-05,2.526452443192121e-06,1.6783939031524925e-09,5.647139593189538e-07,0.2920307292562962,0.03424763813928975,1.0309625353913683e-09,0.00019820992280145583,2.8499638132015118e-05,6.45101885375172e-06,3.323913957602501e-05,0.02826198080518204,1.4383462237672818e-05,2.3183898964673844e-08,0.639399705299512,8.742327421656843e-05,0.004949072813706026,9.030018091192857e-07,1.1377354159383345e-05
19,0.00020599832838437299,9.138295271709321e-06,1.1130211435233945e-06,0.00010042274131283289,0.0001499092540932483,0.0003581949148334155,2.420090249239757e-05,2.979352609607674e-06,3.3285682290821943e-09,7.333371536080242e-07,0.3528611328400735,0.039218941772864106,1.60428690279203e-09,0.00027542049969418156,3.062186263362664e-05,7.36955856814802e-06,2.525640372920628e-05,0.020839844295825492,1.8838917679603e-05,3.106737377853928e-08,0.582182349726152,7.800615028280231e-05,0.0035987063006361307,7.92086949547852e-07,9.993437388179446e-06
20,0.00019334449527617275,8.358751031539761e-06,5.724520983623478e-07,7.310574654350369e-05,9.581768758156954e-05,0.0002553485144010272,1.918647963498362e-05,3.1170288075489823e-06,2.1854076050419775e-09,6.363551142551313e-07,0.2586542734225081,0.027828018931794603,8.210858067942504e-10,0.00017692248788392346,3.728677690467954e-05,6.827820268442125e-06,3.18174510694366e-05,0.018848985115375836,1.852788753916881e-05,2.2255930917531607e-08,0.6893278174723959,0.0001058449966956082,0.004303698896889402,7.219285927835577e-07,9.744039168768445e-06
21,0.0001206773332590056,1.4511796368212605e-05,4.196677999613297e-07,5.648482743797839e-05,0.00010248734393276322,0.00021485689174505473,1.1828433008134883e-05,3.285511826204682e-06,3.973482981480429e-09,4.882162719068685e-07,0.35507124410606045,0.010428645025047917,4.207718593476155e-10,9.910828792497386e-05,6.54798103135472e-05,2.475651584147887e-06,3.274652796440185e-05,0.01475584421244483,2.317988230470034e-05,1.2284761501698778e-08,0.6160791808005974,0.00012712329169280599,0.002777610675327573,7.319581827523498e-07,1.1573069888986731e-05
22,0.00019825358385272118,6.020646361955554e-06,5.132740986367326e-07,6.319065753227872e-05,8.020775269298474e-05,0.0002761111891864582,1.9901413232342734e-05,1.7894398972563689e-06,1.377382410609431e-09,4.1728187359049097e-07,0.3431987180429679,0.027692035261869807,7.939531078814719e-10,0.00017024042549904577,2.4733935262803457e-05,6.02511937782057e-06,2.343139209826436e-05,0.023839779874541927,1.2613697552382146e-05,1.817520456047991e-08,0.6003347253985112,6.151852177111632e-05,0.003982592172142082,6.261643455335519e-07,6.5344087919992895e-06
23,0.00021988512837217762,8.119863048880695e-06,6.400566477215546e-07,8.21021877530262e-05,9.584780730686858e-05,0.00032569464717321136,2.3605565531669202e-05,2.3898880521672827e-06,2.1487126555243077e-09,5.775348232573887e-07,0.3341848187464434,0.028714172835118304,9.996554036810224e-10,0.0002023631513843601,3.1529340267675956e-05,6.997770735267911e-06,2.4185331762826893e-05,0.022527563560330786,1.5951632799190557e-05,2.3916151217531748e-08,0.6088634866715642,7.329222664713917e-05,0.004586549211232357,7.217864179216718e-07,9.477992068241587e-06
24,0.0001623680633138254,1.037099650088698e-05,6.580233051638352e-07,0.0001372895948699382,0.0001295981564728186,0.00035585627191477964,2.1746373221892107e-05,2.3458978149503063e-06,1.8330709802419919e-09,8.306982187653729e-07,0.2933854053918902,0.028345396439798463,1.4741435281640487e-09,0.00031487666308020946,1.9842565116471675e-05,6.667585623102095e-06,1.8911243038378152e-05,0.028104643805018946,1.5216295088060532e-05,2.974690031893622e-08,0.6440417164446464,6.400654169978747e-05,0.004851655474305381,6.439262340321926e-07,9.920494712922867e-06
25,0.000223651407519329,1.8389984905549817e-05,5.853220580415923e-07,6.843403320926387e-05,0.00018267642488741873,0.0010349379080879526,2.1120357123934616e-05,1.5774129364204352e-06,4.356339483498162e-09,1.7261580020324695e-06,0.20112441604600725,0.017289685155087053,9.654507557141319e-10,0.0002966464207498059,9.091023998321212e-05,1.7235571730562162e-05,1.945992922148381e-05,0.01953998742210198,2.2854558541751805e-05,1.6710074118725183e-08,0.7528985110317407,0.00012544001962906052,0.0070007554711049745,8.257942613986495e-07,2.015129924660799e-05
26,0.0005273070252657833,1.0958927271023435e-05,1.0945811969772986e-06,9.191606170148266e-05,7.770785806238481e-05,0.00019548734153110038,3.5793771539211386e-05,3.8112174502343287e-06,2.3925048725723346e-09,5.406367869501882e-07,0.3960115467231506,0.036985494373156284,1.822121177581137e-09,0.00013030635815726836,2.8248911987808302e-05,4.922316720740907e-06,6.187303983438531e-05,0.04726012520121904,1.0843559886408409e-05,3.0095537409798605e-08,0.5137227528966156,8.098186917581154e-05,0.004743053797946875,2.706888030818805e-06,1.2492333149889257e-05
27,0.0002579136411929853,8.808462601967137e-06,6.459929177424328e-07,6.768505138834779e-05,8.623054074980083e-05,0.0004052881750396557,2.444205783586835e-05,3.1189636551608597e-06,3.756405978533058e-09,7.16077360634188e-07,0.2993921959005038,0.024776696671465027,7.806132876653402e-10,0.00016262582737341217,5.713812751804339e-05,9.745577377968458e-06,2.7872663074374196e-05,0.0188481407296143,2.179440980101461e-05,2.7774236294112074e-08,0.651129358004235,0.00011034801615206746,0.004594668957286311,7.557642345541796e-07,1.3778077366337486e-05
28,0.00021988512837217762,8.119863048880695e-06,6.400566477215546e-07,8.21021877530262e-05,9.584780730686858e-05,0.00032569464717321136,2.3605565531669202e-05,2.3898880521672827e-06,2.1487126555243077e-09,5.775348232573887e-07,0.3341848187464434,0.028714172835118304,9.996554036810224e-10,0.0002023631513843601,3.1529340267675956e-05,6.997770735267911e-06,2.4185331762826893e-05,0.022527563560330786,1.5951632799190557e-05,2.3916151217531748e-08,0.6088634866715642,7.329222664713917e-05,0.004586549211232357,7.217864179216718e-07,9.477992068241587e-06
29,0.00021988512837217762,8.119863048880695e-06,6.400566477215546e-07,8.21021877530262e-05,9.584780730686858e-05,0.00032569464717321136,2.3605565531669202e-05,2.3898880521672827e-06,2.1487126555243077e-09,5.775348232573887e-07,0.3341848187464434,0.028714172835118304,9.996554036810224e-10,0.0002023631513843601,3.1529340267675956e-05,6.997770735267911e-06,2.4185331762826893e-05,0.022527563560330786,1.5951632799190557e-05,2.3916151217531748e-08,0.6088634866715642,7.329222664713917e-05,0.004586549211232357,7.217864179216718e-07,9.477992068241587e-06
30,0.00021988512837217762,8.119863048880695e-06,6.400566477215546e-07,8.21021877530262e-05,9.584780730686858e-05,0.00032569464717321136,2.3605565531669202e-05,2.3898880521672827e-06,2.1487126555243077e-09,5.775348232573887e-07,0.3341848187464434,0.028714172835118304,9.996554036810224e-10,0.0002023631513843601,3.1529340267675956e-05,6.997770735267911e-06,2.4185331762826893e-05,0.022527563560330786,1.5951632799190557e-05,2.3916151217531748e-08,0.6088634866715642,7.329222664713917e-05,0.004586549211232357,7.217864179216718e-07,9.477992068241587e-06
31,0.00025755237931431875,1.347655622875292e-05,1.1404131924396649e-06,0.00015303448011889811,0.00014661193768721368,0.0001937973304394142,2.4263680132329936e-05,4.6846146666727284e-06,2.2321438164216086e-09,9.989196864996744e-07,0.23407498472545166,0.034366737682618255,1.859062159428668e-09,0.00025689805631698,1.8715297751393466e-05,5.888236058626138e-06,3.758521388301859e-05,0.03358111864280842,1.6724669362901174e-05,3.299586614627859e-08,0.6928365879610701,7.873918526637283e-05,0.003915104140877224,1.5707623439938904e-06,1.3748027652470321e-05
32,0.00021626023708189241,7.955357049155805e-06,6.238351451477513e-07,7.660253504848345e-05,9.59189805300384e-05,0.00032717116757047905,2.2994351382173267e-05,2.5120649555283098e-06,2.3909082162079653e-09,5.960607212190143e-07,0.31769221609299264,0.02795730850774475,9.422773480366884e-10,0.0001978942895031006,3.438442392573331e-05,7.400905422057089e-06,2.4304367837370484e-05,0.020498492812093594,1.849535492356587e-05,2.3255046632601776e-08,0.6284178309673708,7.881167092982172e-05,0.004312086769448837,6.723204741119042e-07,9.44033961727046e-06
33,0.0003330869363897678,2.2140725687174233e-05,5.555669933524344e-07,9.596774629149072e-05,0.0001835253005797387,0.0002893026536341796,2.4944700431330944e-05,3.387199169018318e-06,1.0966904622982403e-09,8.835347262958607e-07,0.2643556098931896,0.047247885521993105,2.375029281528715e-09,0.0004472018583845631,3.4278585847438926e-05,7.864401063112667e-06,6.826013901948784e-05,0.041870990270065626,2.426102066099473e-05,2.8374339965873154e-08,0.6360554410014364,0.0003195693199419489,0.008605450350469182,1.2084332570391587e-06,8.152994709660842e-06
34,0.00023105215118116024,8.318529142039962e-06,6.803712483455946e-07,7.986134851382485e-05,9.630865319459656e-05,0.0003383370229160118,2.48463778298086e-05,2.4636682944916588e-06,2.5285405338261935e-09,5.883288060171985e-07,0.34242719057276383,0.028264739371428715,1.0235879320769976e-09,0.00020157035962511168,3.436766341676588e-05,7.238826854520308e-06,2.3651611917650273e-05,0.021505244996796714,1.746941120906524e-05,2.430003110826159e-08,0.6023420712907459,7.365231529504058e-05,0.00430972960109958,7.290795330594849e-07,9.860596028284515e-06
35,0.0004678008656563533,1.1930091008458401e-05,7.702371521512111e-07,0.00012070248721515198,6.195562452360124e-05,0.00014192851464621208,2.5818656300227508e-05,7.544654103338432e-06,4.214900118582319e-09,1.0835258232709341e-06,0.2302268713467336,0.035737452449153086,1.4052477957270416e-09,9.595319134639792e-05,1.8636176766611113e-05,4.2355785398442936e-06,5.730702367043213e-05,0.050356113934206324,2.4834302429765665e-05,3.416565092036521e-08,0.6803990391091322,0.00010331389690107479,0.0021118457443827596,1.7348294183396222e-06,2.3087975091854545e-05
36,0.0003923275924641408,8.68955253652331e-06,1.3116363380546056e-06,7.543203565877055e-05,0.00015936199532036325,0.00014551139986470867,1.8179070372073274e-05,5.155694668973533e-06,3.381829403266407e-09,6.65772047783132e-07,0.1670929739024733,0.09581161487698732,1.5761200572769264e-09,0.00029054270740698057,4.8682037582091125e-05,9.202596052150903e-06,8.46230273873993e-05,0.012615448780544007,4.092257091880318e-05,2.1670717732872955e-08,0.7197568274331044,0.0001624728295506239,0.0032598954978373803,9.453866675463515e-07,1.9186975549363804e-05
37,0.0006854793170425446,9.656570923371493e-06,9.372992766470342e-07,7.590219196180216e-05,7.538182885871673e-05,0.00023551246483882184,4.0179478537716055e-05,2.054591799921556e-06,1.3763419793688506e-09,3.5131184620490327e-07,0.4025787907788049,0.0515025252435196,1.4737393313357462e-09,0.00028873128280017414,2.3589564799652177e-05,6.665674495879586e-06,3.389476534010111e-05,0.040154684315076114,1.4122156333014876e-05,2.3666650015826692e-08,0.4991182789782431,7.819395353010903e-05,0.005062989028745654,1.1857443073189854e-06,1.0866942187243635e-05
38,0.00033213210480152473,4.866093676111372e-06,3.6788384394269203e-07,3.294714574320064e-05,4.795732392647382e-05,0.0006857549731132236,4.3208264341295676e-05,1.0571592232303847e-06,1.75200626132054e-09,3.6667799134024886e-07,0.4472387914947966,0.02119132029875135,5.477013964374489e-10,0.00016738543902068614,5.8635171109427303e-05,1.5661688364358907e-05,1.2927525039547983e-05,0.01827238671448784,1.553027667728008e-05,1.7856937652829388e-08,0.5048780283289539,6.559417002787292e-05,0.006928503325001303,4.6518683598525407e-07,6.0925976282429775e-06
39,0.0002593246919436702,1.1063556226616845e-05,7.250500377635666e-07,8.710084822266443e-05,9.870914985436078e-05,0.00033175091657390256,2.8573352265417498e-05,2.3383428094229548e-06,2.4033738947782604e-09,5.894312124677728e-07,0.38409460958283725,0.029163228336490977,1.3128236745787074e-09,0.0002328150216515369,3.5574278676832365e-05,6.3811396676271955e-06,2.6498271934568687e-05,0.025407633985831155,1.5885577590450875e-05,2.5653842411107463e-08,0.5552452775465831,8.272288373462317e-05,0.004857851130599153,8.825281385208362e-07,1.0435007077830552e-05
40,0.00022777159284865516,8.202054441371354e-06,6.420420564561497e-07,7.944019494809393e-05,9.523213237061237e-05,0.00032500048102877273,2.373256320688953e-05,2.361398866582808e-06,2.1339488445062693e-09,5.632454068964869e-07,0.3358933569252155,0.029308102992515777,9.938979177289046e-10,0.00020471575378608767,3.214427112578577e-05,7.001944478883566e-06,2.4585144709402592e-05,0.022633166195794384,1.6128361982338417e-05,2.3580209726034202e-08,0.6064493984344677,7.600446407598535e-05,0.00458223511302931,7.21294512829265e-07,9.46669107534713e-06
41,0.00014231258705823751,1.4549409873200065e-05,2.8530225784261368e-06,9.172263721958003e-05,0.000420836562743296,0.0011220421606768147,2.5004395457176415e-05,3.264788397958676e-06,2.8930588756522382e-08,1.8498450708952574e-06,0.2876403190407352,0.015736325827175792,1.5293427403896062e-09,0.00035853420242198296,0.00013099860071788045,1.594467816319012e-05,1.0756158070213369e-05,0.006890374015329021,3.787087053286061e-05,2.720548350547312e-08,0.6852340405323386,6.081225711221169e-05,0.002039931057316014,9.04108470974091e-07,1.8695577125350368e-05
42,0.00015630702474058047,4.640512330502534e-06,3.414111276769827e-07,3.736611578422409e-05,6.185171048117979e-05,0.00017647488277242366,1.5383828471269985e-05,3.569262828942451e-06,2.027796632839461e-09,4.793876157881766e-07,0.1907198281647452,0.021274348211426455,3.2014117678462894e-10,9.404057261511171e-05,5.2196529289129675e-05,8.84751378547528e-06,3.1022747852788643e-05,0.008988280898666429,2.9725506759839794e-05,1.568348630112548e-08,0.7751720224121231,0.00012619807599275777,0.003039680123919416,4.365754939778801e-07,6.940499753780391e-06
43,5.601820147265118e-05,4.283052724681512e-06,1.7239299225003973e-07,5.195811687377816e-05,8.542714728115913e-05,0.0003436282337539895,8.886842632320118e-06,2.1915109175658415e-06,1.4627581591679064e-09,1.118108237341154e-06,0.12267272237391844,0.00875179573856727,2.6512831538137683e-10,7.96202416704356e-05,2.6559755564032202e-05,8.932205066051166e-06,1.2864439454817118e-05,0.01071219821236759,1.6454017723390134e-05,1.1456201452107657e-08,0.8539358216854843,6.287215689578628e-05,0.0031609101977597017,3.2384648237699613e-07,5.228338072200808e-06
44,0.00021988512837217762,8.119863048880695e-06,6.400566477215546e-07,8.21021877530262e-05,9.584780730686858e-05,0.00032569464717321136,2.3605565531669202e-05,2.3898880521672827e-06,2.1487126555243077e-09,5.775348232573887e-07,0.3341848187464434,0.028714172835118304,9.996554036810224e-10,0.0002023631513843601,3.1529340267675956e-05,6.997770735267911e-06,2.4185331762826893e-05,0.022527563560330786,1.5951632799190557e-05,2.3916151217531748e-08,0.6088634866715642,7.329222664713917e-05,0.004586549211232357,7.217864179216718e-07,9.477992068241587e-06
45,0.00029727050975593476,8.132084976913734e-06,1.1919554148538376e-06,7.253924526437283e-05,0.00013356582648651905,0.00039770060401728965,3.812654450358984e-05,3.820056372884454e-06,4.918151317222125e-09,6.378592885735614e-07,0.414403693318931,0.03612219002503547,1.4650643885430368e-09,0.00022711612049200775,6.024137840245763e-05,1.0795418225160267e-05,2.8593981138739052e-05,0.014420011046777165,2.7318984315410892e-05,3.2175110835160355e-08,0.5294822177601736,9.123636922920828e-05,0.004163159962256793,9.708767876532888e-07,9.431513827782206e-06
46,0.000301478051049666,8.380617361229217e-06,6.097758818900566e-07,8.875761756961454e-05,7.802361140636923e-05,0.00014381122187715305,2.0602288771289812e-05,3.7987990362535096e-06,1.5232466403468472e-09,4.969430588910204e-07,0.27567039214919437,0.0391961929540449,1.1153908593518592e-09,0.00013608418168874897,2.9255311902976615e-05,4.916049943556479e-06,6.672030881454797e-05,0.027198520927883094,1.4670830495643263e-05,2.3588230254983827e-08,0.6522167771049981,0.00010158645803995933,0.004706204230914346,1.2720897313061526e-06,1.1422249468351018e-05
47,0.0001788287849921467,8.161872339407475e-06,6.572923333710088e-07,9.237728297953341e-05,0.00010772971260557492,0.0003451397511454847,2.3089635902593825e-05,2.3700831635336265e-06,2.3332682777154983e-09,6.208555185431338e-07,0.3382865166207432,0.024881950227118924,1.0230219731002464e-09,0.00021348378937629533,3.107309526288577e-05,6.806850316563256e-06,2.0843404279754368e-05,0.02053413793209489,1.583630086836468e-05,2.394003825517718e-08,0.6106055965625984,6.304414640862626e-05,0.004571728258181083,6.91357707173619e-07,9.28888773521862e-06
48,0.0003376705671565774,1.7238531368084736e-05,4.119229160032932e-07,7.567402475123385e-05,8.163344876986876e-05,0.00014552939615759458,2.9970628834523786e-05,5.485355455358513e-06,1.5702843922230433e-09,9.786459237042588e-07,0.19622682693166474,0.02962666637085154,1.3817270575660654e-09,0.00018066151163976044,4.497331221085544e-05,8.47163953166069e-06,8.778607412898255e-05,0.024093390110749194,3.542875177553778e-05,2.562781569039641e-08,0.7426180347222421,0.00024254946273245042,0.006128591284948351,1.3356773031194665e-06,1.0663049061688325e-05
49,0.00019248829803636205,6.7661547754674305e-06,6.873743481713516e-07,7.648050566925868e-05,0.00011735317288195079,0.00040704771741484065,2.0444741906905905e-05,2.1569063685407847e-06,2.012199274465162e-09,5.34552892468643e-07,0.35731615103222425,0.03999500841504492,1.111055014197105e-09,0.00023858709376844533,3.013081822634714e-05,7.686644756627224e-06,2.317421109149112e-05,0.022529771422183084,1.5490710203560426e-05,2.661049133174279e-08,0.5742316753229099,8.501457363573637e-05,0.004695020748447805,5.683365231758757e-07,7.731512945058285e-06
50,0.0002503095573798662,1.0605656558143786e-05,7.677179452249923e-07,9.62587601388981e-05,0.00011780298365407533,0.00040595062777504893,3.6025483919844105e-05,2.952246811191872e-06,3.1270380754680442e-09,9.995979032352512e-07,0.28620297005323414,0.02548150663808682,1.2629679528468531e-09,0.0002897470643573674,3.657382122008039e-05,1.1543673274660573e-05,2.074464041768827e-05,0.02000322978790419,2.6848207155331017e-05,2.837479874695788e-08,0.6622626382605931,8.897234929287643e-05,0.004641450623275987,7.662292114231202e-07,1.1303255086133089e-05
51,0.00018416802494625916,9.06455145901951e-06,4.857542106218606e-07,0.00011663318190644856,7.157901240248898e-05,0.00020131469159060983,2.5034613170716053e-05,2.280190457111914e-06,1.0899773754741554e-09,5.567287521829505e-07,0.3348752601482583,0.027544452592453635,1.296904960493602e-09,0.00021773135097198455,1.2837862993147991e-05,3.841292716755121e-06,2.0110125191760122e-05,0.04009782651833004,1.0864404610555214e-05,2.5167744872638275e-08,0.5923835944821132,5.76625090370236e-05,0.00415673904871484,7.166151890400977e-07,7.2187458970524914e-06
52,0.00020988589404366266,7.01199971757463e-06,2.562595848931352e-07,6.066266845826868e-05,4.6015211443135616e-05,0.0014897010860895734,4.358888414540914e-05,6.754221446303684e-07,1.6924241347909927e-09,5.528462498970813e-07,0.616849749615954,0.010705818254944027,1.3668895062835672e-09,0.0001460623299988133,2.9162260114442426e-05,9.59035262959078e-06,7.304332367071118e-06,0.06126802360511653,5.625539888586023e-06,3.2968468232060086e-08,0.29980754920918207,4.0069264520189524e-05,0.009267106247388383,6.553850256619056e-07,4.8973032118158854e-06
53,0.0003022187595754972,6.603457202970184e-06,5.40531554121876e-07,6.407989919699191e-05,3.067798246775709e-05,0.0004216606818597986,6.908899491238896e-05,1.4296800026128516e-06,2.4460733550733744e-09,3.5370271155585e-07,0.5875809277892776,0.014858324067810466,9.677424978501627e-10,0.00013056337319486668,5.2734615345892066e-05,1.059312974927618e-05,1.5037384793126375e-05,0.02078352748654843,1.0179835299224835e-05,3.759922790170712e-08,0.3670542042985503,4.0693472175169194e-05,0.008555873122811143,8.715308799803325e-07,9.775191037037745e-06
54,0.0004890621492636988,1.785764529389968e-05,1.0907826636801684e-06,0.00010558870892883119,8.958267650931897e-05,0.0005265673049970878,6.803137954506542e-05,2.0262409430362278e-06,3.936815830237533e-09,1.123039231249757e-06,0.27601448296247094,0.034295044981154696,1.7917508279471757e-09,0.0005195927552053734,6.570943544238506e-05,1.952021655773009e-05,2.0332788163130435e-05,0.021198444156044362,2.5859780293604782e-05,3.68055054329688e-08,0.6590315133376261,0.00010445625175350977,0.007375414563140144,9.419721524676687e-07,2.7714338547539865e-05
55,0.00047844338845413117,1.1565502899365441e-05,1.59465207277125e-06,0.0001260106689413661,8.2725869628008e-05,0.00023626076281534116,3.697909408753529e-05,3.4731964506217943e-06,5.1463051522203685e-09,5.586271425872498e-07,0.4744852434843888,0.05764534032424056,2.8767184076152947e-09,0.00019044122495059292,2.4031669607417417e-05,4.246250323352702e-06,3.296567633306842e-05,0.03803839262168931,1.607948669376774e-05,4.3830199465711754e-08,0.42597752826857693,5.426610453465079e-05,0.0025334291120188614,1.4449111112675958e-06,1.892724981659229e-05
56,0.0002344192960344103,9.031118664423191e-06,7.278717245488278e-07,8.715612843364415e-05,0.00010092598180688974,0.0003305803500523753,2.5951023350278446e-05,2.549077718658587e-06,2.4327535000782072e-09,6.141060234818736e-07,0.3508159008967169,0.029900262950847405,1.2482668450547095e-09,0.00021397968160272483,3.264907357100418e-05,7.139778624453241e-06,2.60864742843653e-05,0.023463552107860604,1.6560306870860185e-05,2.707028329881355e-08,0.5900652206755187,7.456598975023908e-05,0.004581574445903845,8.222787491255617e-07,9.699634587466864e-06
57,0.00015524153093558716,6.201368500842552e-06,8.93602546551017e-07,6.888042738039807e-05,0.00016597949617288153,0.00019602837386018492,1.1414068542158917e-05,4.144238790096948e-06,2.9791529271505593e-09,7.312706375919873e-07,0.18434536162505674,0.052012244873630764,9.975857141947073e-10,0.0001983919833063069,2.896701952754653e-05,7.047683772226322e-06,3.9556537409596586e-05,0.01176847967968996,3.082640788846252e-05,2.0139329198960064e-08,0.7488016866262048,0.00010514344210932226,0.0020434411003507746,5.337503522547063e-07,8.780777266897759e-06
58,0.0002373333051637572,8.981889572032465e-06,6.891226428166458e-07,8.145095999226335e-05,9.457237071260168e-05,0.00028679172080393845,2.471277085922378e-05,2.591822699835748e-06,2.094902664720002e-09,5.95686094580809e-07,0.3318938776156843,0.02899075958330602,1.1181858278459273e-09,0.00018713459599805035,3.16932485621533e-05,6.597103849273295e-06,2.9795503997089358e-05,0.024714250908136132,1.4731467545926113e-05,2.440027304675514e-08,0.6086103343339412,7.820934346939885e-05,0.00469441412219981,9.358291769365443e-07,9.519082231088515e-06
59,0.0002502570982722047,8.965809072579598e-06,8.36516367958853e-07,8.680751999225233e-05,9.869681529317232e-05,0.0002760373719361625,2.626254729655204e-05,2.757053655234196e-06,2.2693170663895963e-09,6.029082728984881e-07,0.3339285112698823,0.029788516210926225,1.195093678698771e-09,0.0001888349596666033,3.112324007044646e-05,6.7338343654318545e-06,3.0332542858825685e-05,0.025506919199463553,1.4010498129372635e-05,2.6037342964808475e-08,0.6051035914026621,7.173330982062197e-05,0.004567053179582289,1.0945982044134286e-06,1.029261245500138e-05
60,0.00021988512837217762,8.119863048880695e-06,6.400566477215546e-07,8.21021877530262e-05,9.584780730686858e-05,0.00032569464717321136,2.3605565531669202e-05,2.3898880521672827e-06,2.1487126555243077e-09,5.775348232573887e-07,0.3341848187464434,0.028714172835118304,9.996554036810224e-10,0.0002023631513843601,3.1529340267675956e-05,6.997770735267911e-06,2.4185331762826893e-05,0.022527563560330786,1.5951632799190557e-05,2.3916151217531748e-08,0.6088634866715642,7.329222664713917e-05,0.004586549211232357,7.217864179216718e-07,9.477992068241587e-06
61,0.00023372070326810066,8.616129425176707e-06,8.506732937499591e-07,8.149144965587195e-05,0.0001034640587717644,0.0002798306687919702,2.396190972416275e-05,2.589330474558802e-06,2.3718032530354627e-09,5.457009415140973e-07,0.3514234041753531,0.03173360205270922,1.1630129804769384e-09,0.00019706305451163553,3.145196676026394e-05,6.249972992539736e-06,2.848917792094239e-05,0.023117679820918686,1.4725148763728892e-05,2.4728705177429994e-08,0.5885532006529407,7.136217717710374e-05,0.004077035755051956,9.308927669192826e-07,9.706264265104284e-06
62,0.00021988512837217762,8.119863048880695e-06,6.400566477215546e-07,8.21021877530262e-05,9.584780730686858e-05,0.00032569464717321136,2.3605565531669202e-05,2.3898880521672827e-06,2.1487126555243077e-09,5.775348232573887e-07,0.3341848187464434,0.028714172835118304,9.996554036810224e-10,0.0002023631513843601,3.1529340267675956e-05,6.997770735267911e-06,2.4185331762826893e-05,0.022527563560330786,1.5951632799190557e-05,2.3916151217531748e-08,0.6088634866715642,7.329222664713917e-05,0.004586549211232357,7.217864179216718e-07,9.477992068241587e-06
63,0.00024012017628796217,9.7581438657272e-06,6.673278964198239e-07,8.124503910857091e-05,9.118352648912186e-05,0.0003208713225147974,2.580848080645277e-05,2.44315045286894e-06,2.371182414983901e-09,6.037905717067172e-07,0.35058244092374596,0.0273672770657317,1.1269421317091578e-09,0.000198223009837574,3.440207550028298e-05,6.785672960655277e-06,2.6119004331711356e-05,0.02404715196458828,1.6112418631491676e-05,2.5543483563770377e-08,0.5923051388856299,7.888864688905238e-05,0.00455376171211979,8.327410695553694e-07,1.0135879362307135e-05
64,0.0007905333428019559,2.3679639933293515e-05,2.6972226597626353e-06,0.00016903103150125792,0.00019260524799258804,0.0009755092994317247,9.45119834618469e-05,2.7970646940260076e-06,7.120658294878199e-09,8.673905725678708e-07,0.6718428914683873,0.06661848531678158,8.86784144654037e-09,0.000788486437699563,5.049570241935857e-05,1.2160829214457302e-05,3.021497324426215e-05,0.043667619541811906,2.014706562077329e-05,9.744395159620545e-08,0.20590243647886675,0.00014178672117109317,0.008652876428480363,1.6880334838922044e-06,1.8365347318344398e-05
65,0.0003799225328759097,1.4651376247912508e-05,1.0192396870095808e-06,8.475132248816034e-05,7.871299151924946e-05,0.00023723803031239368,4.241083042334675e-05,3.758771436150369e-06,4.352947764865245e-09,5.936992485363312e-07,0.44564311151536173,0.026524218482962884,1.6567301542233364e-09,0.00016675482031963773,5.170653683291129e-05,5.922737205341612e-06,3.833879003405436e-05,0.022943149665940316,1.962298847120865e-05,3.306312470629982e-08,0.49956493144569236,9.167337101497406e-05,0.004092363928990092,1.5776395994493998e-06,1.3530210533704834e-05
66,0.00020829330981338154,8.140489927783853e-06,1.758558649032001e-06,0.00016712563640944314,0.00026069293488634106,0.0009975495341222856,4.812337479843594e-05,6.4134014360754935e-06,1.3321915459998672e-08,3.426552022776736e-06,0.260634327797845,0.04462903494125551,3.2991287328853614e-09,0.0004681666969162598,2.7900323376206496e-05,3.823803206896743e-05,1.2540794372271757e-05,0.014107941482526438,9.243872065026617e-05,8.580756619486031e-08,0.6756571266390703,7.55956401174473e-05,0.002542774027049696,4.820590505570537e-07,1.1806625025006742e-05
67,0.00026563956780483204,1.3102419155718451e-05,6.447196290807727e-07,7.690870811153935e-05,0.00010085190240321376,0.00016996473317479295,2.2522017017823503e-05,5.654057223450943e-06,4.111544613592594e-09,9.442592084736295e-07,0.28151168038186697,0.02168033880900548,1.0033564832570383e-09,0.00011071424817048243,2.9335200992114868e-05,4.221715319079268e-06,3.6075980841999644e-05,0.020926138408968665,2.9838047135987297e-05,1.8312255299319617e-08,0.673119493097245,9.889548218270307e-05,0.0017861886513686129,1.1840990628996138e-06,9.640066954679686e-06
68,0.0002205521678954175,8.243689952366224e-06,6.581955071725319e-07,8.288495629973896e-05,9.831009415326679e-05,0.00032644604583876305,2.392378177042766e-05,2.438062882598068e-06,2.2206928382288135e-09,5.897165258527079e-07,0.33280223161557027,0.02883371215081653,1.0188314577143614e-09,0.00020675892703073072,3.1923759619734484e-05,7.088216003432174e-06,2.4175577708837553e-05,0.022169681658048737,1.6429221464376482e-05,2.4082131563511795e-08,0.6105303477412323,7.391816759346312e-05,0.004529371964386492,7.274678221808733e-07,9.559500221541158e-06
69,0.0002406958276325774,8.379502461653945e-06,5.676305618694849e-07,6.482501283631701e-05,0.00010534267267899525,0.0004040609875439621,2.3772597543960593e-05,1.9171496775571494e-06,1.9403950897245392e-09,4.980780768110382e-07,0.3727134307225003,0.03150516402886046,9.54481989220356e-10,0.00024860008919813295,3.488701957743657e-05,7.11983621893878e-06,2.1962460766360732e-05,0.02209036927922339,1.7080444416415858e-05,1.9672140959387312e-08,0.5675159430949716,9.294944543188115e-05,0.0048943274525985875,5.790477768016314e-07,7.505052427984935e-06
70,0.0003279681689188636,8.674526003269941e-06,1.3842470346714082e-06,0.00010558889526567724,0.00014010399440010727,0.0005457570357395447,3.098521699034689e-05,1.3077856054944815e-06,2.348326905107612e-09,5.129711752061581e-07,0.3394472215286821,0.05544395120032312,1.696572684245679e-09,0.0006587873992850077,3.304297741648898e-05,1.1480776226569961e-05,1.7896984814602273e-05,0.024468529589479357,1.44826667947047e-05,2.976065989460016e-08,0.5722085170938149,6.795960270438219e-05,0.006448509653235684,5.918578640982767e-07,1.6712022666341333e-05
71,0.00020492044335177975,8.83068235231748e-06,6.72334470365376e-07,8.394881271343574e-05,0.00011124096658983023,0.00035693145773015977,2.2275092858403268e-05,2.375169152873159e-06,2.3674711025962596e-09,6.478321632166918e-07,0.3245792778270701,0.02838789195833556,1.0381401795983032e-09,0.00022010013985690482,3.2681560995356215e-05,7.059630642420419e-06,2.326631818055797e-05,0.0217496588139116,1.6731910826979285e-05,2.3212281734008696e-08,0.6197139531259317,7.728731866601187e-05,0.004389815650865551,7.043997898616198e-07,9.701935652089865e-06
