,0,1,2,3,4,5,6,7,8,9,10,11,12,13,14,15,16,17,18,19,20,21,22,23,24
0,0.002730970034362077,0.014096086805675019,5.728759933252436e-08,2.2521033240668137e-06,3.406617937162941e-06,1.7591288648045544e-06,7.232666545658125e-06,7.265913585017994e-05,6.19638354990902e-07,4.7402272716378384e-08,0.010906260713206831,0.0004526603636365623,6.293701719015525e-05,2.7948677403946313e-07,0.00013165241392735542,1.6203059904889634e-06,0.0025119598314114317,9.25824446122293e-09,0.0001877132153801949,1.3640711954051088e-10,9.552742723524956e-07,0.9688160057018128,5.570722040253887e-10,7.813249605227168e-09,1.2847090638100235e-05
1,0.001603698191004694,0.00772686276035015,4.0744086313214717e-08,1.3571114984473144e-06,1.718141048636536e-06,2.4263882839158113e-06,6.1645117851307386e-06,7.505269984389974e-05,1.2054323021422854e-06,8.403147180876129e-08,0.006580816361538507,0.00020383592300016545,5.111297649273412e-05,3.005778438636725e-07,0.00012883567836333664,1.2661813446483037e-06,0.000677243213036918,1.0203498033090062e-08,0.0002480412728276316,1.3808360886278595e-10,7.733673474783987e-07,0.9826787148953382,4.061522910997061e-10,5.041320125940379e-09,1.0433752137186315e-05
2,0.0012499822799999605,0.007993924946867218,3.121868634301134e-08,1.1412856459581252e-06,1.8662513924309607e-06,1.927547897536243e-06,4.8518366863963896e-06,6.860662034754242e-05,9.817327080216782e-07,6.098344970085213e-08,0.007323125369841384,0.000244483915944418,3.6097288456427666e-05,3.47069944875572e-07,0.00015458445330493535,1.01036848865242e-06,0.000715882715584343,6.536944675190322e-09,0.00015474657788294556,1.3064442233368986e-10,5.640896809204538e-07,0.982033155888367,3.434911413397246e-10,4.040386483758337e-09,1.26165073561124e-05
3,0.00156312810939771,0.007985563137933725,3.000092824625037e-08,1.152862421158672e-06,1.5873529138124929e-06,1.876568127465284e-06,4.987896480653771e-06,5.968304754398136e-05,7.615614367782448e-07,4.9470810283346853e-08,0.007115610460168902,0.00022455777435786517,4.18288419723012e-05,2.352191501168304e-07,0.00011402772979089411,9.62377605963799e-07,0.0008380544918142206,6.851950809416815e-09,0.00016806587054551944,1.0119307306350515e-10,5.780636322929825e-07,0.9818677966655832,3.346867097398962e-10,4.013296605960468e-09,9.451196257551748e-06
4,0.001553564556455991,0.0084418210807854,3.309276674083111e-08,1.1930170795049543e-06,1.6017807891874416e-06,1.6567436793129241e-06,5.194014227448195e-06,6.038650492344414e-05,7.706808661920176e-07,5.108644130030867e-08,0.007074657251011033,0.0002272623601253866,5.0033921508577785e-05,2.70999289371042e-07,0.0001002654535233998,9.282569652198886e-07,0.0008254374204451634,7.692095218313727e-09,0.00016640372504638228,1.1835943870734648e-10,6.54240121685407e-07,0.9814789820786609,3.3112928422572104e-10,4.3644875024712005e-09,8.819229216760086e-06
5,0.001972807587486536,0.009420447850295808,4.1344137245516963e-08,1.8304185182620958e-06,2.1753733445629693e-06,2.255601856910848e-06,5.927913891366835e-06,7.24310037665245e-05,9.364046195169027e-07,7.057574996181655e-08,0.008125591376011687,0.0002360682995477425,5.699988215166696e-05,3.119093264500183e-07,0.00011470295431248043,1.0951010752050092e-06,0.0009769549288616724,1.2118448496266729e-08,0.0002126727030645996,1.4509627425498874e-10,8.065837726995688e-07,0.9787868150438251,5.025065048823576e-10,5.555830412434756e-09,9.038822502119482e-06
6,0.00156312810939771,0.007985563137933725,3.000092824625037e-08,1.152862421158672e-06,1.5873529138124929e-06,1.876568127465284e-06,4.987896480653771e-06,5.968304754398136e-05,7.615614367782448e-07,4.9470810283346853e-08,0.007115610460168902,0.00022455777435786517,4.18288419723012e-05,2.352191501168304e-07,0.00011402772979089411,9.62377605963799e-07,0.0008380544918142206,6.851950809416815e-09,0.00016806587054551944,1.0119307306350515e-10,5.780636322929825e-07,0.9818677966655832,3.346867097398962e-10,4.013296605960468e-09,9.451196257551748e-06
7,0.0023156064055009852,0.006523758500557038,3.544159567397842e-08,1.1029828523296412e-06,1.0512384652363987e-06,1.2719478477486518e-06,4.682142463551972e-06,6.0605171430542904e-05,4.703337001391273e-07,4.0916804765750665e-08,0.007092503342039679,0.0001344042234645295,7.779899612754395e-05,1.4832260308318717e-07,7.063797200746611e-05,7.383711397908441e-07,0.000679656402472256,9.188196087171491e-09,0.00016632782134694783,1.1323300341674908e-10,5.270259117750288e-07,0.9828643725327931,2.0596672198755036e-10,2.797682013340137e-09,4.247603797698183e-06
8,0.003631878138035861,0.012788430198498091,8.936225068806639e-08,2.220607679784994e-06,2.8490214836308835e-06,2.210631889089701e-06,4.208376770999835e-06,6.66461629777762e-05,1.138643709132188e-06,8.789398385984056e-08,0.008285854064161173,0.0004475811156772931,5.6048649860804034e-05,4.387237528905607e-07,0.0001605372322735405,1.5921755409849934e-06,0.001582559395049099,8.00328662454356e-09,0.00011935564033024858,1.4797459618772502e-10,6.500602485282215e-07,0.972823102371519,7.167503809123165e-10,1.1969111424885878e-08,2.2500697184632052e-05
9,0.0020951833378525892,0.01505687703194687,8.365593576706236e-08,2.1506120960989394e-06,2.203807679178034e-06,1.9342773004252856e-06,4.375738733716117e-06,8.366261806212493e-05,1.2887112239452318e-06,1.4123732493369317e-07,0.00653357666522684,0.00035768234706308683,6.055415713355543e-05,6.018918255504028e-07,0.00015174298377850466,1.8873560775957733e-06,0.0011552188993686839,9.752370184454053e-09,0.00018252393360684006,1.8955759054552004e-10,8.428230103217399e-07,0.9742859969892685,5.920576526107591e-10,1.0648135571834084e-08,2.1449743363771987e-05
10,0.00156312810939771,0.007985563137933725,3.000092824625037e-08,1.152862421158672e-06,1.5873529138124929e-06,1.876568127465284e-06,4.987896480653771e-06,5.968304754398136e-05,7.615614367782448e-07,4.9470810283346853e-08,0.007115610460168902,0.00022455777435786517,4.18288419723012e-05,2.352191501168304e-07,0.00011402772979089411,9.62377605963799e-07,0.0008380544918142206,6.851950809416815e-09,0.00016806587054551944,1.0119307306350515e-10,5.780636322929825e-07,0.9818677966655832,3.346867097398962e-10,4.013296605960468e-09,9.451196257551748e-06
11,0.0016188379714527478,0.008023293416557983,3.1382661665575274e-08,1.1953232759725627e-06,1.5997605211217156e-06,1.7194828135711046e-06,5.05408097761598e-06,5.831125385371847e-05,7.422885979642697e-07,4.7747400093571054e-08,0.007035498887812295,0.00022984459355517245,4.766795092632913e-05,2.3500745343996536e-07,0.00010703299895028285,9.658572304242595e-07,0.0008368623296505836,7.068534796611983e-09,0.0001634707323338284,1.1083000790601907e-10,5.863532483443328e-07,0.9818580737963657,3.2582262400217583e-10,4.3818622719667125e-09,8.916897311458698e-06
12,0.002731563459505212,0.008983584452649164,8.879296707325786e-08,1.316037420490951e-06,8.801693500714342e-06,4.432847871633059e-06,7.410672440365267e-06,7.279647133176112e-05,1.6649257764393213e-06,6.961753124270956e-08,0.01980045842635783,0.0005334049829912541,3.923531438801297e-05,7.122516503290169e-07,0.0001492202569608876,9.09146832800735e-07,0.001823484696587718,1.0491719433629048e-08,8.925951016358287e-05,2.2997387190148658e-10,1.3260600413974748e-06,0.9657233135481604,1.0220539311129148e-09,1.0464756847082745e-08,2.6924626367586347e-05
13,0.0015089449110323601,0.007785653175872355,2.890562609738465e-08,1.076208785956625e-06,1.5491850054116689e-06,1.7383722905991365e-06,4.820531058789877e-06,5.955523721883306e-05,7.242696551570056e-07,4.5758996423684284e-08,0.007314354745287318,0.00023061671829404233,4.0633765679624036e-05,2.3684192845154307e-07,0.0001124946790672545,9.267356822522325e-07,0.0008216309052623728,6.474497657996804e-09,0.0001577304991158159,9.953896028096647e-11,5.58727137496543e-07,0.9819471865028326,3.088689925458322e-10,3.809852307967064e-09,9.48263141301217e-06
14,0.001434753242989321,0.022630914897238605,3.9594115315322206e-08,2.9288616699804684e-06,3.667228664354172e-06,1.7135514663049078e-06,6.167671889119642e-06,6.966719271120959e-05,7.02999940334169e-07,9.474802154047067e-08,0.011492074173081014,0.00018506684387246443,7.270003376861765e-05,3.7823416823607883e-07,0.00010431552495406379,9.380348148913961e-07,0.0016426396876465525,1.5876518161059307e-08,0.00044091590879098566,1.5019726108290074e-10,1.5542076633999753e-06,0.9619016626936802,5.222327576269627e-10,5.661519786390198e-09,7.082458385652382e-06
15,0.00156312810939771,0.007985563137933725,3.000092824625037e-08,1.152862421158672e-06,1.5873529138124929e-06,1.876568127465284e-06,4.987896480653771e-06,5.968304754398136e-05,7.615614367782448e-07,4.9470810283346853e-08,0.007115610460168902,0.00022455777435786517,4.18288419723012e-05,2.352191501168304e-07,0.00011402772979089411,9.62377605963799e-07,0.0008380544918142206,6.851950809416815e-09,0.00016806587054551944,1.0119307306350515e-10,5.780636322929825e-07,0.9818677966655832,3.346867097398962e-10,4.013296605960468e-09,9.451196257551748e-06
16,0.0012997768963378571,0.00721750633184899,2.2704501670858902e-08,9.569884763722028e-07,1.2808630727881277e-06,1.5950574105914053e-06,4.3756395769726e-06,5.6121221964869804e-05,6.422432732202877e-07,4.107346535851582e-08,0.006623044573234664,0.00022149464724860059,3.4777619860885117e-05,2.1563967782711204e-07,0.0001135903696871106,8.928724380448696e-07,0.0007606744795816475,5.804883932087497e-09,0.00015518395481888992,8.617266359377811e-11,4.7440453137758747e-07,0.9834984589448235,2.682745025284592e-10,3.1016584430062394e-09,8.864213179248226e-06
17,0.002109668474097936,0.009442668163387725,5.011789364959711e-08,1.2033059254418854e-06,2.700252809127453e-06,1.7730160891957743e-06,8.1634444008987e-06,6.598399259524446e-05,9.919908403502367e-07,4.0124768728364924e-08,0.010819472692598909,0.00041058710513916513,5.796282297967052e-05,4.1150660583228206e-07,7.995231645208518e-05,8.279779090920047e-07,0.0012152178401075204,9.42719962902169e-09,0.00012597586752902134,1.3410455985187475e-10,9.67822138498652e-07,0.9756438615379714,4.453717202706659e-10,6.146059555695493e-09,1.150347502517868e-05
18,0.0013297219692942138,0.009092401660306596,3.850539434816521e-08,6.516812278206403e-07,1.4358596962353265e-06,1.7682662812698101e-06,5.7928533903287095e-06,6.080604284480715e-05,7.668468703815138e-07,4.787920518332299e-08,0.008008202309795688,0.0004443886367010224,3.10116995204477e-05,3.8569406213197305e-07,0.00014726767385867364,1.5319101737607413e-06,0.001246734444218594,5.26102003794723e-09,0.00014840385681553375,1.0586411841615177e-10,8.215753479365679e-07,0.9794530076441482,3.9455213973934693e-10,5.256499679356282e-09,2.4801972910877145e-05
19,0.0010696310911789068,0.008851316846694948,2.2910142497490157e-08,1.824443128212122e-06,1.9081320890744337e-06,2.2502573690463913e-06,4.398545602027147e-06,5.0835563291545797e-05,9.983730227858403e-07,6.4379165635514e-08,0.004575205974724523,0.00020815884795131695,3.63116458430808e-05,2.2680509153000674e-07,0.00013379322372616067,8.919145799562152e-07,0.0006493866993559574,5.166736018310229e-09,0.00015190247075920474,1.0307542872231852e-10,3.289176374684338e-07,0.9842520566992604,3.145273941066113e-10,3.883675721250462e-09,8.476791371129805e-06
20,0.0007426870648389654,0.005424290825675253,1.2669904392196259e-08,7.060858612093878e-07,7.722671787505173e-07,1.143144213138498e-06,2.9407325497567065e-06,4.4687953554402195e-05,5.053289255516033e-07,3.4252591562825436e-08,0.0044690592376076775,0.00011507225158348611,3.092080105412153e-05,1.5632640410640304e-07,8.934470940694145e-05,5.439061149558722e-07,0.00039899874692921815,3.767075800903789e-09,0.00013039157650173553,7.52872467170355e-11,2.997796871553855e-07,0.988542430804106,1.4266182641307819e-10,1.798683022984794e-09,4.995751603490707e-06
21,0.004113889929499838,0.0121925199756747,1.0345048987832546e-07,1.573471769377135e-06,2.296098773786623e-06,1.2985808545310585e-06,6.743296710990495e-06,9.201946953659877e-05,8.457696938653574e-07,6.135887870445208e-08,0.011371744564951157,0.000548955811370173,9.532996471827785e-05,5.623805013413621e-07,8.26152633421346e-05,1.6179972402355416e-06,0.0016631778774271928,1.746118027909933e-08,0.0001413425818628709,1.9709607310929085e-10,1.3171869142310406e-06,0.9696675607166705,5.353080389465946e-10,9.952026943174742e-09,1.4396107508142482e-05
22,0.0020552962561026515,0.007877446143252344,4.225919676693099e-08,1.0661498102534343e-06,1.2583129670943396e-06,1.6434751895593654e-06,3.5383886052429895e-06,7.789846488536326e-05,3.9739795500787867e-07,6.22474770907498e-08,0.007518735769784432,0.00015094239403731842,4.499931066206654e-05,2.3124469903407555e-07,7.026830083030501e-05,9.045953133615483e-07,0.0014109751052384424,1.041436565884367e-08,0.00016652065567403706,1.0310025468905403e-10,8.654696127816342e-07,0.9806107896921599,3.6272569924670944e-10,2.7526918477735914e-09,6.1047336638090876e-06
23,0.00156312810939771,0.007985563137933725,3.000092824625037e-08,1.152862421158672e-06,1.5873529138124929e-06,1.876568127465284e-06,4.987896480653771e-06,5.968304754398136e-05,7.615614367782448e-07,4.9470810283346853e-08,0.007115610460168902,0.00022455777435786517,4.18288419723012e-05,2.352191501168304e-07,0.00011402772979089411,9.62377605963799e-07,0.0008380544918142206,6.851950809416815e-09,0.00016806587054551944,1.0119307306350515e-10,5.780636322929825e-07,0.9818677966655832,3.346867097398962e-10,4.013296605960468e-09,9.451196257551748e-06
24,0.001131301608817306,0.012179078615160389,2.4081407649951154e-08,1.939536900754231e-06,1.5654851598185004e-06,1.647908740486358e-06,4.579656976806186e-06,6.183568103530426e-05,7.072226153401345e-07,6.74363225938228e-08,0.005723744735395783,0.0001927585761999908,4.372638572833385e-05,2.6442449457605914e-07,0.00011854894195609676,1.0099989397697532e-06,0.0009181913686156946,8.032478044887812e-09,0.0002515714814587662,1.0202064003950569e-10,5.945642603113625e-07,0.9793592198309176,3.632216843725639e-10,3.919267513062797e-09,7.61004190881151e-06
25,0.001881069195908232,0.006227256129190047,4.0443915347538575e-08,1.0950126172849315e-06,2.591880999650064e-06,1.7845743735856542e-06,8.14161826021533e-06,0.00012858308179095358,7.187171984643952e-07,3.6073837406587786e-08,0.015708743123883085,0.00035387032033617447,5.4802891299388185e-05,3.5844407495863074e-07,7.188911671168105e-05,8.545702814949792e-07,0.0009676855218650103,1.490698551944866e-08,0.00013527463777351185,1.808718919856746e-10,1.0139453416450744e-06,0.9744466679180183,3.5516152226636284e-10,3.727942963873696e-09,7.503611361788784e-06
26,0.005623545113646213,0.012058966795356781,1.2409682396475472e-07,3.2408311631927784e-06,5.069663508765593e-06,3.8904638869990795e-06,8.95235870611686e-06,8.438629655430645e-05,2.279215484738715e-06,1.1215477262698102e-07,0.011924661753682,0.00039368743380917677,9.784848896396573e-05,5.624125716073582e-07,0.00011423535142111375,1.3594788694391571e-06,0.0014022885019559911,2.4728662039249347e-08,0.00019402829291603442,2.294318988715214e-10,1.446930831350981e-06,0.9680644242805925,1.3513468898292386e-09,1.7968000604249858e-08,1.4845807041703791e-05
27,0.0008258530269822793,0.005112808195809298,1.2525196408892977e-08,8.347332234758186e-07,9.892133505122986e-07,1.8154208896202285e-06,3.161456338330796e-06,4.186898183836761e-05,8.749584138504344e-07,3.978771929913734e-08,0.004163987036491521,0.00014303103573683136,2.4985863534735192e-05,1.44541355096568e-07,0.00012401280434715982,6.364929558165203e-07,0.00032939446692905656,3.4054941770061314e-09,0.0001320173463738639,6.851826593380772e-11,2.159952614338138e-07,0.9890863138081731,1.784142526941278e-10,2.441937273891909e-09,6.996214715920712e-06
28,0.00156312810939771,0.007985563137933725,3.000092824625037e-08,1.152862421158672e-06,1.5873529138124929e-06,1.876568127465284e-06,4.987896480653771e-06,5.968304754398136e-05,7.615614367782448e-07,4.9470810283346853e-08,0.007115610460168902,0.00022455777435786517,4.18288419723012e-05,2.352191501168304e-07,0.00011402772979089411,9.62377605963799e-07,0.0008380544918142206,6.851950809416815e-09,0.00016806587054551944,1.0119307306350515e-10,5.780636322929825e-07,0.9818677966655832,3.346867097398962e-10,4.013296605960468e-09,9.451196257551748e-06
29,0.00156312810939771,0.007985563137933725,3.000092824625037e-08,1.152862421158672e-06,1.5873529138124929e-06,1.876568127465284e-06,4.987896480653771e-06,5.968304754398136e-05,7.615614367782448e-07,4.9470810283346853e-08,0.007115610460168902,0.00022455777435786517,4.18288419723012e-05,2.352191501168304e-07,0.00011402772979089411,9.62377605963799e-07,0.0008380544918142206,6.851950809416815e-09,0.00016806587054551944,1.0119307306350515e-10,5.780636322929825e-07,0.9818677966655832,3.346867097398962e-10,4.013296605960468e-09,9.451196257551748e-06
30,0.00156312810939771,0.007985563137933725,3.000092824625037e-08,1.152862421158672e-06,1.5873529138124929e-06,1.876568127465284e-06,4.987896480653771e-06,5.968304754398136e-05,7.615614367782448e-07,4.9470810283346853e-08,0.007115610460168902,0.00022455777435786517,4.18288419723012e-05,2.352191501168304e-07,0.00011402772979089411,9.62377605963799e-07,0.0008380544918142206,6.851950809416815e-09,0.00016806587054551944,1.0119307306350515e-10,5.780636322929825e-07,0.9818677966655832,3.346867097398962e-10,4.013296605960468e-09,9.451196257551748e-06
31,0.002468653106669404,0.0094401232875149,5.324166107748575e-08,1.1442595946400786e-06,1.1154606822174902e-06,1.48866003973975e-06,4.385506376104609e-06,0.00011466625114611348,5.533397891612254e-07,6.486280093362189e-08,0.00750340624135499,0.0002480846992188919,4.868996253971734e-05,2.981882874510654e-07,7.711751268728367e-05,1.3240461028195676e-06,0.0011547879416968355,1.1380993690236072e-08,0.00015251562283971997,1.0897421550951658e-10,7.734198524378877e-07,0.9787718788072154,3.421907590083414e-10,3.466224769771541e-09,8.860283547029628e-06
32,0.0014048013038217282,0.00769132280343063,2.6928490673324356e-08,1.1812980288913271e-06,1.5012492899149788e-06,1.9148186455107787e-06,4.965487008781734e-06,5.86384870812217e-05,7.368935811351054e-07,5.1049489423210916e-08,0.006778856319006749,0.00019957041100987968,4.111473264328731e-05,2.1569547349267123e-07,0.00012150051520160945,9.963606412719767e-07,0.000812850573751203,6.930225192497313e-09,0.00020177172371999922,1.007966404244337e-10,5.970520927480129e-07,0.9826685117325379,3.375343794826979e-10,3.907224894722845e-09,8.863289272943035e-06
33,0.0015597107295967838,0.008054140394463552,3.19111687944545e-08,1.1841680995307473e-06,1.6963873918070658e-06,2.1096264700252185e-06,5.129741249298053e-06,6.034629283543485e-05,8.828164426462478e-07,5.6281908873118694e-08,0.007061383802568433,0.00021868639757789254,4.0553318434900684e-05,2.559744880753683e-07,0.00012780763292802446,9.826321891952164e-07,0.0008051649143506149,6.936831689388363e-09,0.0001743041500293387,1.0637228233336997e-10,5.92201667010352e-07,0.9818744978578189,3.672041928575966e-10,4.187595152665863e-09,1.0471170317587689e-05
34,0.0015586010270809796,0.007996441333080534,2.996507138190198e-08,1.1523277039081953e-06,1.5864209621320594e-06,1.8768445916844116e-06,4.983796178518742e-06,5.967950864482683e-05,7.61356135085342e-07,4.952176183558182e-08,0.007106094891397759,0.00022470165392409215,4.17450531455956e-05,2.354943653203475e-07,0.0001140259543456031,9.625937983522578e-07,0.0008384178300026672,6.838379172897263e-09,0.00016792866512023444,1.0113697638781634e-10,5.775853414028766e-07,0.9818706724072072,3.3464150965123315e-10,4.009769378026374e-09,9.464486214204159e-06
35,0.0015748908138296762,0.007714947333971921,2.896936596893058e-08,1.118707646885838e-06,1.4862861261580503e-06,1.8476403580354146e-06,4.8368793383563125e-06,5.9889474789560426e-05,7.426984199828879e-07,4.840002777025419e-08,0.006921209567401732,0.00022128024427581545,4.123260690230392e-05,2.2368844896871015e-07,0.00010916087575656551,9.599805359562307e-07,0.0008082201077376712,6.895424113220069e-09,0.00016614997512947729,9.72291968471958e-11,5.515137282697332e-07,0.9823621326576503,3.199839808303579e-10,3.868332150780078e-09,9.030397589300252e-06
36,0.0009318650412677325,0.005600448579672297,1.4242121088732786e-08,7.859095340031497e-07,4.4320725507983837e-07,1.105145573596103e-06,2.5387997131996205e-06,6.354486269710763e-05,4.602844422936637e-07,4.2753760629081566e-08,0.002903313544340656,0.0001451912771164861,2.6085958644681996e-05,1.5053062394699855e-07,6.92063369017643e-05,8.204984202958418e-07,0.00045794983434156543,4.767822765452761e-09,0.00012012880254637662,5.431404040174247e-11,2.1604819238352658e-07,0.9896710195977924,1.3513449477961695e-10,1.362046364803347e-09,4.662425724723842e-06
37,0.004408043750045932,0.012124587171084939,1.1151933840861312e-07,1.963324087766075e-06,3.6274576441458477e-06,2.1501298303408807e-06,1.0466099218747497e-05,7.21036841219704e-05,1.4494640876872755e-06,6.861398622980328e-08,0.011842178818583411,0.000501229948182504,0.00010883535714315648,5.16796693001029e-07,0.0001017750145631112,1.4367651376717922e-06,0.0015156514152781624,1.7544920590294237e-08,0.0001768017011493233,2.148097398649567e-10,1.4341378291938681e-06,0.9691100030081413,7.400229481277798e-10,1.3912645158761714e-08,1.5533411454380077e-05
38,0.0019461073089189099,0.005013970065084736,2.9594651520340548e-08,1.356449641302039e-06,9.828751816262038e-07,3.389850318748175e-06,8.478374268654782e-06,6.494519156493428e-05,7.043648476884802e-07,6.150526268475209e-08,0.005184472120900938,0.00014327295849593993,5.778328796425439e-05,1.1489345473324903e-07,0.00015692294327096471,1.9052401979888225e-06,0.0008551068989565521,1.1787871746383946e-08,0.0004074414761442462,1.2325313350367372e-10,7.21204388862451e-07,0.9861452137751905,4.852756078892198e-10,4.01766008265017e-09,7.003207233613293e-06
39,0.0014307844060239083,0.004254095845702405,2.5930353306473155e-08,6.24989186412487e-07,8.8468188292138e-07,1.996824898549081e-06,5.191474335651909e-06,9.208216148998137e-05,4.2124295468189286e-07,3.3220630123011794e-08,0.0068515272200985276,0.0002477426987442857,3.2054995277026886e-05,1.4031492248240478e-07,8.010071935953721e-05,1.3607324683445732e-06,0.0009113747191982825,6.205411417857648e-09,0.00013877197746030903,8.821515791168318e-11,5.672233589361512e-07,0.985941953813972,2.556934423207942e-10,2.5852303578520644e-09,8.255673132083063e-06
40,0.001954593349284585,0.015431849685088522,4.417137408450725e-08,1.2066719416384215e-05,3.492339022558149e-06,7.979795557527786e-06,2.152523851905652e-05,0.0002213881314680429,3.0478547825098225e-06,4.012605113365755e-07,0.010693615447612008,0.000179244857411923,0.00013523412040358717,3.776906082540208e-07,0.00023281691699590385,5.293558204083672e-06,0.0011554906622888664,1.3722800521739538e-07,0.004692714172889052,3.608899975103519e-10,4.107005715759099e-06,0.965236430773728,3.1494429776004614e-09,2.4401365231267267e-08,8.121109414743564e-06
41,0.00154953472127399,0.006702420692980634,2.4005244803820798e-08,3.2864235396692424e-06,4.52722071561486e-06,5.0086829649528e-06,5.2537522564115335e-06,5.812092224016317e-05,1.9148685883370103e-06,7.219176772140566e-08,0.007239189398016367,0.00021913832635870519,2.803592428950698e-05,1.8281462009250215e-07,0.0003843823097246842,1.0395105617005753e-06,0.0005993596799945624,5.5893110130111105e-09,0.0002063689074126562,1.1541298500818807e-10,2.4739276866754447e-07,0.9829796352722601,5.240895669394365e-10,5.154457639837964e-09,1.2245599149246288e-05
42,0.000575176209751197,0.00368421528414889,7.282203763544428e-09,4.901029369180489e-07,4.351946578999302e-07,1.015154991981503e-06,1.8026965728137824e-06,3.488778095680972e-05,2.9197369253366584e-07,2.417952673609985e-08,0.0027700570777100223,8.003533391647195e-05,2.1156346208718444e-05,6.047017363621206e-08,6.552217707625119e-05,5.28286115363226e-07,0.00033866495424173914,2.0371067180177118e-09,0.00011541739936898005,3.9624984918124025e-11,1.5961207693763394e-07,0.9923069282934096,7.496770938225813e-11,1.0783834677317317e-09,3.120960179749876e-06
43,0.004509042468938284,0.022881233776015523,7.182519728702382e-08,1.7110131052260945e-06,3.272238763395139e-06,7.077803354022878e-07,9.54707801463046e-06,5.9188853387628e-05,7.231493781945304e-07,2.0012875319912845e-08,0.01938633461070213,0.0015611704193233622,8.998166124143261e-05,5.801039885092636e-07,9.583635046729463e-05,1.1705332576084135e-06,0.0025515550239641575,9.107230731140982e-09,9.572248874054348e-05,1.0881915314847004e-10,8.570738068272975e-07,0.9487288262292266,4.147860321142435e-10,1.1125217084895158e-08,2.2426553217630443e-05
44,0.00156312810939771,0.007985563137933725,3.000092824625037e-08,1.152862421158672e-06,1.5873529138124929e-06,1.876568127465284e-06,4.987896480653771e-06,5.968304754398136e-05,7.615614367782448e-07,4.9470810283346853e-08,0.007115610460168902,0.00022455777435786517,4.18288419723012e-05,2.352191501168304e-07,0.00011402772979089411,9.62377605963799e-07,0.0008380544918142206,6.851950809416815e-09,0.00016806587054551944,1.0119307306350515e-10,5.780636322929825e-07,0.9818677966655832,3.346867097398962e-10,4.013296605960468e-09,9.451196257551748e-06
45,0.0008770340095584649,0.0036595930927133,1.2057764891284513e-08,1.9194224583974797e-06,1.987217609178151e-06,3.562462918709927e-06,7.978354954958212e-06,5.435732215215417e-05,1.3237142677240538e-06,3.970148041642461e-08,0.005095989858749808,0.00016009058797564532,3.662385088251157e-05,9.2866563612301e-08,0.00030574371380485266,1.151291009487001e-06,0.00032234542340744255,4.776701004101433e-09,0.0002748095371138857,1.2523111902812626e-10,2.1134130053778957e-07,0.9891884016447503,2.583360753459584e-10,3.327776488056218e-09,6.724040519023056e-06
46,0.0015737576850739356,0.009075023216477018,9.127768902802282e-08,2.0587488754903116e-06,5.474323530534621e-06,6.2777756416174755e-06,2.410980627894893e-05,0.0001395626154211788,1.286635449432714e-05,2.777375176506503e-07,0.012726276612764667,0.000223082738980831,0.00010330654921374001,1.6498627687787412e-06,0.0002448436947749537,1.286714312029947e-06,0.00019170545045864496,4.134478825144488e-08,0.0006013299552834598,5.321259726897628e-10,2.8722746664460554e-06,0.9750418524662933,1.0077816399629705e-09,1.485380591964955e-08,2.223640098158815e-05
47,0.0015165488725518905,0.007891941134440982,2.7591363848611197e-08,1.0555152744853154e-06,1.4110244360096511e-06,1.7112403096358365e-06,4.65527208278927e-06,5.63028762703651e-05,7.032260935426722e-07,4.5468579046922915e-08,0.006637608643692968,0.0002233817088027713,4.06652209495528e-05,2.146348467840913e-07,0.00010664502924934555,9.386610460774729e-07,0.0008010221808665416,6.173923920388959e-09,0.0001560111618609109,9.299284023271383e-11,5.115749594999924e-07,0.9825495660942836,2.9394333371541197e-10,3.762241534183688e-09,9.022544937829737e-06
48,0.0007797943574693953,0.013610935652935106,1.2388082652121797e-08,1.3431611681337462e-06,5.493191905092919e-07,1.2175500802525272e-06,2.4635854389787986e-06,5.2954998050849365e-05,2.2960166207267843e-07,5.454648135186173e-08,0.002797009714129289,0.00011731394796834387,2.4212607919192618e-05,1.1696373708098542e-07,7.570643475103073e-05,1.0182610752461541e-06,0.001472693463977082,4.372877353876976e-09,0.00022430517211293358,4.394666446723514e-11,3.509555592290898e-07,0.9808333005254438,2.506061392928565e-10,1.4917853311183986e-09,4.410633551926335e-06
49,0.0005138710184610103,0.016925999275774668,1.1003703633948017e-08,2.978491652977711e-06,1.3621947943404245e-06,1.2180862301946472e-06,7.370781374224352e-06,3.510953872227727e-05,8.088155833488656e-07,8.776860627090781e-08,0.004929391805680094,9.667449679762493e-05,5.1013093341082647e-05,2.2053393963123711e-07,0.0005567998393299515,1.8581918423425195e-06,0.000911372435544203,6.821840829932561e-09,0.002020305424487683,9.108668032212277e-11,1.1488710365866217e-06,0.9739323248207585,4.3692531730859365e-10,5.4020744286276935e-09,1.0060760411782796e-05
50,0.0008153294923229056,0.007476229337590036,2.242172928541234e-08,9.98384180494505e-07,1.0725306528903677e-06,1.9189230813441335e-06,5.624373194565588e-06,6.286076234085738e-05,7.984412397678138e-07,6.906010043438763e-08,0.0043422116100851026,0.0001428098400489686,3.996389194565143e-05,2.2288669525129494e-07,0.00010522537331639564,9.891996746357648e-07,0.0005709606772676309,6.0478592022089374e-09,0.0002346580362530489,1.0728962756584714e-10,5.712648613866235e-07,0.9861901502528607,2.5949005789427817e-10,2.7164650968237906e-09,7.304109454404461e-06
51,0.0020198628958690104,0.006481113443993462,3.86491712813325e-08,1.1010236828640277e-06,2.0744743667498077e-06,2.630589736205484e-06,6.823665294499111e-06,6.0107519584246e-05,9.605016371325277e-07,4.927517032304787e-08,0.008878731961993317,0.0002534683092996383,4.688238103235976e-05,2.3857067132679304e-07,0.00012675518856636414,1.0927222249897837e-06,0.0009419612267002045,8.188943350223899e-09,0.00018169688817244885,1.1975212715370685e-10,7.859220559830108e-07,0.9809820640916944,4.646490813281256e-10,5.535397440861199e-09,1.1546390341311094e-05
52,0.0014660795977886759,0.006941365882336281,2.5872281303181995e-08,1.2341595236839471e-06,1.2695616260601224e-06,1.9535676146877953e-06,4.265414404596438e-06,6.271005057282891e-05,7.27536621628666e-07,5.806806256318684e-08,0.00596376288209938,0.00017305059571082673,4.0883981698881394e-05,2.0086219644357658e-07,0.0001173172729073586,1.0139548117998905e-06,0.0006871596140914042,7.789734354667249e-09,0.00019410093946048144,1.0192791169417981e-10,4.873112977946826e-07,0.9843347659311462,3.0833268077274934e-10,3.401311607474699e-09,7.555342440644414e-06
53,0.0016076074640352317,0.006393883397876722,3.009342982070004e-08,9.60318451739011e-07,2.0155259623321068e-06,2.920418439298974e-06,1.2687999903061515e-05,6.812912709179013e-05,1.4139311126149228e-06,3.3576458258772817e-08,0.009307237295455075,0.00043732315283665077,4.293299872471454e-05,2.948120487470413e-07,0.00014869733754194737,1.1021279412273462e-06,0.0007009618619805303,7.170126707751063e-09,0.00014794296896896122,1.2852333691568591e-10,6.173883581692853e-07,0.9811075991479994,4.6113295072327127e-10,4.989156989853358e-09,1.55963064436102e-05
54,0.0008307636550788591,0.011140307160453859,2.3075354920554173e-08,7.629989989622073e-07,1.1137420873458352e-06,1.3926450842519397e-06,3.958534082999772e-06,5.252340573347162e-05,1.0417120309779588e-06,5.652707082704004e-08,0.004547275831662064,0.0004060872817993724,2.387914875719061e-05,3.498274565616506e-07,0.0001943832914402489,1.4111625091052104e-06,0.0006016996994487417,2.8647858254002664e-09,0.00011859385367531647,8.476820116842607e-11,2.7722543003696615e-07,0.9820499425454613,2.1305685348419922e-10,3.7225168148563043e-09,2.4149791255740916e-05
55,0.0024817507945063292,0.008746085130071787,4.3388857945604835e-08,1.7842584007403982e-06,4.582949045607093e-06,2.8763064426032892e-06,1.6514574803401794e-05,5.958453199523189e-05,2.5798789696614047e-06,3.117606683691894e-08,0.013481182559422758,0.0011341399734007063,6.822716958777172e-05,3.8703121753170954e-07,0.0001459419501630853,1.3820226080958523e-06,0.0007640610101863868,9.771411478705812e-09,0.00015164634641693026,1.5760628628399272e-10,6.450432102879819e-07,0.9729136382080469,5.688654497428447e-10,1.5529894340576238e-08,2.288966880208208e-05
56,0.0015650233799456375,0.00794238925175741,2.99069936334977e-08,1.1488780263043782e-06,1.5489734246207412e-06,1.8040887136240736e-06,4.997690660020809e-06,5.8727151103173114e-05,7.468390125008382e-07,4.8110563784633714e-08,0.007015180235912811,0.00022455110365306237,4.3908304632058444e-05,2.3279867171412794e-07,0.00010881195932973892,9.484420148957069e-07,0.0008262936594460018,6.931409175318973e-09,0.00016557921270277353,1.0423514723252918e-10,5.767967323048443e-07,0.9820283651738282,3.292114798186585e-10,4.0969546835218995e-09,9.076581065459962e-06
57,0.006978356381073619,0.004396383777671467,6.962483728905179e-08,3.4920901165728722e-06,7.097898683941552e-06,1.5263853102346082e-05,8.330997394714765e-06,0.00010377971424395243,3.4490031216799846e-06,8.413358039421178e-08,0.01727776847820084,0.00030740795081732813,3.4683113147753916e-05,4.085768561958634e-07,0.0002994807070565964,7.885056688999482e-07,0.0008960429333682904,2.137248611077619e-08,7.906048063462985e-05,2.221888346864343e-10,4.2672712649053024e-07,0.9695721174957789,2.280070829356959e-09,7.384125206722697e-09,1.547629864721551e-05
58,0.0017406855552010245,0.008854857330118832,3.6386821429381256e-08,1.392656951435639e-06,2.1830211191372563e-06,2.105389332117336e-06,6.295984312724831e-06,5.6656190764315024e-05,9.817865979895353e-07,5.3381650291350146e-08,0.008133006205336291,0.0002742948780760311,5.37607714705052e-05,2.677172315005905e-07,0.0001277194971206847,1.1278717504633044e-06,0.0009106642342088653,7.978182882731825e-09,0.0001964963608683672,1.334045597490601e-10,7.404621340422715e-07,0.979625160121633,4.3962628811234507e-10,6.680371704247376e-09,1.1498965715284091e-05
59,0.0018994509601145402,0.00944659239230648,4.447203511208489e-08,1.369878024877769e-06,2.2504038905511173e-06,2.1149947505608958e-06,6.127161505871363e-06,6.34864087576824e-05,9.610559455941203e-07,6.120077919778872e-08,0.008412407134520105,0.00027780484142946006,5.3908800286730405e-05,3.112234984309733e-07,0.00012097649655190384,1.1813978984647306e-06,0.0010321699437166574,8.723113070494002e-09,0.00018634533448594882,1.390521650008506e-10,8.543846207878823e-07,0.9784793186839099,4.643857729348128e-10,6.589548896459467e-09,1.2246914871308601e-05
60,0.00156312810939771,0.007985563137933725,3.000092824625037e-08,1.152862421158672e-06,1.5873529138124929e-06,1.876568127465284e-06,4.987896480653771e-06,5.968304754398136e-05,7.615614367782448e-07,4.9470810283346853e-08,0.007115610460168902,0.00022455777435786517,4.18288419723012e-05,2.352191501168304e-07,0.00011402772979089411,9.62377605963799e-07,0.0008380544918142206,6.851950809416815e-09,0.00016806587054551944,1.0119307306350515e-10,5.780636322929825e-07,0.9818677966655832,3.346867097398962e-10,4.013296605960468e-09,9.451196257551748e-06
61,0.0020803795695018795,0.009267635274010685,4.8921287723105106e-08,1.4117002580693172e-06,2.3961784710524525e-06,2.218626690348747e-06,6.410779096590606e-06,6.534581874126884e-05,1.0685529495793063e-06,6.385459635995672e-08,0.0087910070761536,0.0002817559580393711,5.706683776684057e-05,3.2970971846359134e-07,0.00011796776233168034,1.153372783102786e-06,0.000996649777244373,9.532201792897017e-09,0.00018572799488551192,1.449107292102915e-10,8.987569361993577e-07,0.9781280909243862,4.909380231289801e-10,7.1138690559290905e-09,1.2355272231554605e-05
62,0.00156312810939771,0.007985563137933725,3.000092824625037e-08,1.152862421158672e-06,1.5873529138124929e-06,1.876568127465284e-06,4.987896480653771e-06,5.968304754398136e-05,7.615614367782448e-07,4.9470810283346853e-08,0.007115610460168902,0.00022455777435786517,4.18288419723012e-05,2.352191501168304e-07,0.00011402772979089411,9.62377605963799e-07,0.0008380544918142206,6.851950809416815e-09,0.00016806587054551944,1.0119307306350515e-10,5.780636322929825e-07,0.9818677966655832,3.346867097398962e-10,4.013296605960468e-09,9.451196257551748e-06
63,0.0013730065695934032,0.00893447569529483,2.639989182750549e-08,1.108933961198201e-06,1.3845349597582765e-06,1.6115676310268733e-06,4.310232444042557e-06,5.579597025243141e-05,6.855279961523033e-07,4.934099254539859e-08,0.0062880647149216665,0.00021146096316792534,3.93571643068212e-05,2.2658187690155978e-07,0.0001082133238008251,9.284762455303508e-07,0.0008150017143426468,5.9907773150781425e-09,0.00016494708471114351,9.180673013545977e-11,5.16311334009804e-07,0.9819898296569936,2.933633364590211e-10,3.6974823953194943e-09,8.989161852219398e-06
64,0.0018201646551660301,0.009351442029143031,4.3040191297435214e-08,1.2303386128034349e-06,1.9443901684096915e-06,1.8653792477497389e-06,6.123351028278002e-06,6.82449577694367e-05,7.692172139076873e-07,5.7191887820388626e-08,0.00878672515437247,0.00024391483294366957,5.3450959775568223e-05,3.1571928795968434e-07,0.00010795633618428116,1.088065428960012e-06,0.0011193173324127992,9.417219700290026e-09,0.00020195188144362,1.2939992964155386e-10,1.0236142349554576e-06,0.9782218345774316,4.367018694562e-10,5.083140946262489e-09,1.0521909592808258e-05
65,0.001760743741076307,0.00497165741321626,1.9082487138613443e-08,1.8045970337084749e-06,2.050955037366591e-06,4.035624041656432e-06,7.391449360064485e-06,6.184802313729489e-05,5.965137466936309e-07,3.693309732347344e-08,0.009720934898904106,0.00019400220187381378,3.5216097946117684e-05,1.029339974058754e-07,0.0001977021350150219,1.2299863660926226e-06,0.0011947436649840703,9.061344735284448e-09,0.0003309886029294675,8.994465578458458e-11,5.74162076959544e-07,0.9815068815012976,5.632166493388321e-10,3.6015144411082907e-09,7.426166354985187e-06
66,0.001839509597989264,0.007630629413241177,3.8469013795010215e-08,1.1619732824139883e-06,1.6772466672085249e-06,1.7601087406010072e-06,5.441227672794523e-06,6.81775268095613e-05,7.762896429165212e-07,5.27794629748819e-08,0.007602241007036747,0.00021868130654822894,5.4286980691409883e-05,2.5467048977971343e-07,9.609233104415354e-05,9.646732860677263e-07,0.0007909602001283969,8.578963420594883e-09,0.0001589470265295616,1.2538970772875476e-10,6.624538223698259e-07,0.9815194268655293,3.084650808380626e-10,4.111709640990379e-09,8.244727843439078e-06
67,0.013142442852251,0.01827292424436953,8.294334827630181e-07,6.001157578379492e-06,7.202183691145499e-06,5.393788092783412e-06,1.56661273058541e-05,0.00028594663448554877,1.0959630135206527e-06,3.500532609184672e-07,0.029331845595806923,0.0004055809164617685,0.00024125263230934045,1.984301112460983e-06,0.00012555226046084204,3.4564033049689894e-06,0.008936805529670713,1.5545916152108754e-07,0.00046801546432666643,9.034954204497744e-10,1.6771077952012493e-05,0.9287081439499116,7.149834801374456e-09,2.6272940392423026e-08,2.254964571905247e-05
68,0.003582306728325922,0.01247200232167639,1.8151458490769768e-07,2.8870162950457597e-06,9.283786264627827e-06,5.401722658138962e-06,1.5540600936921312e-05,8.775886803452492e-05,5.609613800988942e-06,1.3557848942442415e-07,0.014547906248184117,0.0009282502152653385,8.516677474152247e-05,1.6245058119290946e-06,0.00019749144764544995,1.3397213159079187e-06,0.0010439359213756255,1.606465131363234e-08,0.00011569891218007024,3.8653261675916814e-10,1.3781393301230772e-06,0.9668493019692229,1.5850494552105129e-09,2.4603809854148952e-08,4.675575381680943e-05
69,0.0024257356563438174,0.009458775392185157,1.050550158903462e-07,1.478438330035041e-06,2.3614643823221956e-06,2.8396273473601238e-06,9.339837785796212e-06,0.00013269408067725035,1.3987342184224334e-06,1.2000464506205523e-07,0.010875318261498223,0.0003421862235218623,7.515771755977416e-05,7.844605006778689e-07,0.0001115516897948833,1.6933367556742691e-06,0.0011496500651098436,2.3266787096526843e-08,0.00023525250041423075,2.8358412517527537e-10,2.13697778018503e-06,0.9751543103420093,8.348271462765657e-10,8.16645952883453e-09,1.7077582466516746e-05
70,0.0023529136467337636,0.009540976429632614,5.976511339349461e-08,2.861190571855579e-06,6.308951566112001e-06,3.4696097639623782e-06,1.0365094625679647e-05,7.24012777197688e-05,2.039917206290633e-06,5.720002248735678e-08,0.012400511928157382,0.0003910461022377339,5.9139214338067014e-05,4.6457249760365665e-07,0.00019138585297570143,8.206588134431078e-07,0.0009843564994654929,8.97843516405568e-09,0.00014548127323394227,1.9109779933522096e-10,7.598587008083979e-07,0.9738196099374995,7.425464506798101e-10,8.275549669572794e-09,1.4952831495171156e-05
71,0.0014377493115445184,0.014838911730456737,8.423724721335861e-08,1.5641088505230222e-06,5.612052308253085e-06,2.853005605327452e-06,1.5557384854979215e-05,0.00011288978676902398,3.609630813464535e-06,1.2399015598203723e-07,0.011981364628879214,0.0004533448994359722,7.848277496551458e-05,1.469005629561177e-06,0.00011329991270433361,1.2171326953388037e-06,0.0007323911735090428,2.001816779253234e-08,0.00020992458667022735,3.761305134815563e-10,2.4740329853757117e-06,0.9699864242530021,7.759022000518818e-10,1.1624064766080375e-08,2.0619566652097424e-05
