,0,1,2,3,4,5,6,7,8,9,10,11,12,13,14,15,16,17,18,19,20,21,22,23,24
0,4.340645784905832e-07,1.7548288866881206e-05,8.291919446177616e-07,3.877881851749717e-06,1.1302407848198793e-06,5.12838429706695e-06,1.4850660218111347e-05,6.778989270644733e-06,0.005385102219691348,2.340322047456999e-09,0.0006437040028289394,0.006110777442325634,8.649317944147146e-07,2.018220943379641e-05,0.058048820912323926,1.1600359152143586e-05,0.0004153262533909381,1.0404968107215513e-05,0.0017089106384406186,1.0385202418356584e-08,0.0003840814694987068,0.926827072822793,3.3042192963826704e-07,3.3918757128629294e-07,0.00038189173338159735
1,6.178640937495126e-07,3.054117222691245e-05,1.4018507200206899e-06,6.665073096547933e-06,8.602012147271391e-07,4.221318123290121e-06,2.7928848417410963e-05,9.44037644415118e-06,0.004747991218776761,5.479107801625914e-09,0.00044458731647374416,0.010684522870516149,6.866927178156253e-07,3.073317746738153e-05,0.05015529508998325,1.0634730128873651e-05,0.0002810848436415072,1.1739620991976256e-05,0.001592778583554587,1.061106147915434e-08,0.00040016274072381645,0.9309690928590922,4.5380267179643586e-07,2.934822799031498e-07,0.0005882501764742553
2,7.107476600367499e-07,3.495854345972437e-05,1.0110079412146994e-06,6.089385453595991e-06,1.4780066706956494e-06,3.3689392666774675e-06,3.14727780628109e-05,7.5405800783999344e-06,0.004244400388334473,4.750714727513343e-09,0.0004850952181099605,0.010865663375847573,7.988856978047012e-07,4.7178018554411765e-05,0.06574719621214417,8.387378566795544e-06,0.00038428397964101124,1.3930682100601772e-05,0.001032568868577627,1.3792692407089918e-08,0.00035539475023818335,0.9156911308091503,5.143936659899332e-07,2.1818215640567346e-07,0.001036590325214339
3,4.706003405597748e-07,2.5518987317254356e-05,8.624068279908519e-07,6.5652488624899135e-06,7.676830546031687e-07,3.149681190223046e-06,2.0877035786595347e-05,6.6552647572066595e-06,0.0032199840499731406,3.851484226092744e-09,0.0004528733662851199,0.009741030271054675,5.991595559244175e-07,3.885839674012459e-05,0.0383077463289818,6.668101530328527e-06,0.0003437036601320362,1.1296522866539807e-05,0.001002970936640655,9.285117113851564e-09,0.0003540563284771039,0.9458365744805606,4.800685925244212e-07,2.2401058998071955e-07,0.0006180542732811931
4,4.712076683737154e-07,2.4282916593253004e-05,8.260216025402712e-07,6.965248941117427e-06,7.671973462744282e-07,2.9993837972430697e-06,2.0710507103695183e-05,6.262730698081082e-06,0.003130355307293973,3.7446908928844605e-09,0.0004520526133748099,0.01082213134127278,7.260040669246213e-07,4.100494305700875e-05,0.03439716838659565,6.359352733534687e-06,0.0003770199413561313,1.1671186817682027e-05,0.0009478845201387113,9.981117209929232e-09,0.00036841612066836646,0.9487423625592233,5.110744382702126e-07,2.38457155204792e-07,0.0006387992522492211
5,4.145232992547087e-07,2.0582315070021373e-05,6.589309263511034e-07,7.071578874970056e-06,5.216200594450815e-07,2.3991839420306497e-06,1.610499184378552e-05,5.265779235148309e-06,0.0025530917455807976,3.3417699433999905e-09,0.00036039578307652225,0.009940488530287077,5.635870702772304e-07,3.812018366475965e-05,0.027130009534005198,5.052103416621671e-06,0.00034151054584498754,1.2449439314173507e-05,0.0007432018120609568,8.028877013199906e-09,0.00031784772967575575,0.9579421053588209,4.20898156431224e-07,1.9958417139558385e-07,0.0005615128709562098
6,4.706003405597748e-07,2.5518987317254356e-05,8.624068279908519e-07,6.5652488624899135e-06,7.676830546031687e-07,3.149681190223046e-06,2.0877035786595347e-05,6.6552647572066595e-06,0.0032199840499731406,3.851484226092744e-09,0.0004528733662851199,0.009741030271054675,5.991595559244175e-07,3.885839674012459e-05,0.0383077463289818,6.668101530328527e-06,0.0003437036601320362,1.1296522866539807e-05,0.001002970936640655,9.285117113851564e-09,0.0003540563284771039,0.9458365744805606,4.800685925244212e-07,2.2401058998071955e-07,0.0006180542732811931
7,2.710341469441571e-06,6.829802544644998e-05,4.513945767705589e-06,1.0439341422402169e-05,1.7786649854004327e-06,8.490884807116972e-06,5.5058204493638555e-05,1.7441182585497473e-05,0.0060490052857412775,1.1316335660977993e-08,0.000905881369856842,0.019031039371101597,1.782578824711329e-06,6.145147467006454e-05,0.04625001740418687,1.0919617394977356e-05,0.0005735159490476339,2.3093589713109525e-05,0.003937405470221067,2.1096165835211797e-08,0.0004968711879960706,0.9213415232006779,1.0821821472273014e-06,8.522836105522279e-07,0.0011467960313308974
8,1.2903079123355393e-06,8.933453446587527e-05,2.704313000576273e-06,1.993757861899302e-05,1.441120369328202e-06,5.433179380196483e-06,5.617050204819783e-05,1.4989734906338762e-05,0.0045319481267610045,1.2857869619968727e-08,0.000709733052681041,0.023782850450077674,1.037060692004523e-06,0.00011546443562377085,0.04054057182334796,1.0345725942782183e-05,0.0004071417155712149,1.518145527335471e-05,0.0016716861300853998,2.243275273635549e-08,0.00047472255143605335,0.9262487417047705,1.5700566011814476e-06,4.654067651994505e-07,0.0012972037430469918
9,5.456325586391712e-07,4.483242473394917e-05,1.8751232708769802e-06,1.7788615267347002e-05,7.26323733025194e-07,3.7835596148321746e-06,3.778038676701724e-05,8.878955875032634e-06,0.0038087365120069074,9.388767987999096e-09,0.0004147078804061891,0.0191766107519768,7.988559163686033e-07,5.788318252412009e-05,0.03330414740750057,8.778595271733965e-06,0.0003046222955042779,1.2176680270319296e-05,0.0009327011878755476,1.645754928065199e-08,0.0006125590096235869,0.9403500784257679,1.0299572756824341e-06,3.4081018079744765e-07,0.0008985915797611677
10,4.706003405597748e-07,2.5518987317254356e-05,8.624068279908519e-07,6.5652488624899135e-06,7.676830546031687e-07,3.149681190223046e-06,2.0877035786595347e-05,6.6552647572066595e-06,0.0032199840499731406,3.851484226092744e-09,0.0004528733662851199,0.009741030271054675,5.991595559244175e-07,3.885839674012459e-05,0.0383077463289818,6.668101530328527e-06,0.0003437036601320362,1.1296522866539807e-05,0.001002970936640655,9.285117113851564e-09,0.0003540563284771039,0.9458365744805606,4.800685925244212e-07,2.2401058998071955e-07,0.0006180542732811931
11,4.980256178194727e-07,2.5754608130027866e-05,9.141588861751935e-07,6.9980750447274646e-06,8.155918536029883e-07,3.2364843518545376e-06,2.193582031913144e-05,6.791195469451374e-06,0.0032957758452827487,4.007708907664937e-09,0.00047716158890804677,0.010735606040932445,7.213581831490996e-07,4.011857931995917e-05,0.03740906019201634,6.906079210482014e-06,0.00036880179212240704,1.1641520878522618e-05,0.0010384577171370097,1.0420802385266156e-08,0.00037065726003137787,0.9455368341526837,5.300170493142289e-07,2.536816128257648e-07,0.0006405157864475297
12,1.0571217104904704e-06,6.880635278314328e-05,5.675343624129337e-07,1.1891997089401515e-05,2.133954380855017e-06,5.61408774529956e-06,1.9196782722736198e-05,3.0603856856698464e-06,0.0032470994769258,8.442977802450626e-09,0.0002779141338977329,0.007854166046807248,1.2011866890079476e-06,0.00023572409320269606,0.02384242259036068,4.21665005420655e-06,0.0020394476210082533,3.861538949179547e-05,0.0004976096926811768,2.4102708449315427e-08,0.0006602182009380906,0.9579503832939927,9.219427982539299e-07,1.4021278712714937e-07,0.003237558706199122
13,4.4868509591281434e-07,2.4568643531340866e-05,8.381112980208317e-07,6.614917000704828e-06,7.426149643404741e-07,3.0418521948101206e-06,2.0531807525968064e-05,6.693195746834642e-06,0.003116128481006862,3.6821635615356428e-09,0.00046540788195360914,0.00985499366805141,5.890315118114908e-07,3.9225466006979334e-05,0.037503917152884626,6.534376181560074e-06,0.00033604151897909714,1.1039254193888707e-05,0.0009698014593241754,9.079445439916282e-09,0.00034897588493731945,0.946685800266042,4.787325133056867e-07,2.2190318024222913e-07,0.0005973523342663889
14,6.519345957001314e-07,6.881205070474157e-05,7.047061520387465e-07,8.740859904117063e-06,1.3363621087450375e-06,3.7108218568328813e-06,3.1499103828561543e-05,7.658487826341083e-06,0.003499698935773195,8.335287517849092e-09,0.0006321261408148656,0.009297647398762578,4.815420468918408e-07,6.792649849664986e-05,0.038232655021113365,7.644944160297393e-06,0.00032834953643227476,1.3409883801789247e-05,0.0015768468292283889,1.3247779571863008e-08,0.0003427693719501239,0.94520145760031,7.419926830413721e-07,3.212800132031977e-07,0.0006747871143693087
15,4.706003405597748e-07,2.5518987317254356e-05,8.624068279908519e-07,6.5652488624899135e-06,7.676830546031687e-07,3.149681190223046e-06,2.0877035786595347e-05,6.6552647572066595e-06,0.0032199840499731406,3.851484226092744e-09,0.0004528733662851199,0.009741030271054675,5.991595559244175e-07,3.885839674012459e-05,0.0383077463289818,6.668101530328527e-06,0.0003437036601320362,1.1296522866539807e-05,0.001002970936640655,9.285117113851564e-09,0.0003540563284771039,0.9458365744805606,4.800685925244212e-07,2.2401058998071955e-07,0.0006180542732811931
16,3.1493253436098406e-07,1.9858708526170523e-05,5.89959636958118e-07,5.4945902765662455e-06,5.256657979490141e-07,2.031628650681247e-06,1.875200895202112e-05,5.516179973920846e-06,0.002280304108259885,3.895071390294043e-09,0.000319848591192786,0.009088180015495148,4.364993232452756e-07,3.29095631734824e-05,0.03015204708857985,5.341298830307443e-06,0.0002626501359439371,9.774141719320622e-06,0.0007502373996188552,7.2481374505268576e-09,0.00035496734179501593,0.9561771501404375,4.003770089818315e-07,1.5765533003869514e-07,0.0005125008257341993
17,2.425191317569205e-07,1.6628698725412257e-05,4.0360264065146006e-07,7.471322015251683e-06,5.30689095120421e-07,1.535066683214156e-06,1.4609748741921652e-05,4.480945206152839e-06,0.0015613413160253486,2.905092831854403e-09,0.0003592709075674773,0.010491864592541828,6.078149936233116e-07,5.318815270413208e-05,0.019467066458841997,4.0179640822154685e-06,0.00041663936591616554,9.567524507146547e-06,0.0004223626297485224,9.636495181135987e-09,0.0003421183327798156,0.9662412703527272,5.937258267188839e-07,1.459117915427375e-07,0.0005840298161187566
18,4.4246181642037565e-07,1.9928409044223958e-05,4.928668609929632e-07,5.329550979954817e-06,7.435860210181568e-07,1.958173633461434e-06,1.8709588851569146e-05,3.347183745903778e-06,0.0020119892133666373,3.842990579603336e-09,0.00023410265064389976,0.009799471686108624,7.578638799107207e-07,5.4097358181873905e-05,0.02602605063499046,3.6375602713587613e-06,0.0005899008754398861,1.642989520034255e-05,0.000453685918141922,9.379030835667403e-09,0.0004352260091148664,0.9591299744376582,4.2236043447336316e-07,1.1267264429064513e-07,0.001193175820948323
19,2.838023749294558e-07,1.790050356114951e-05,7.533983601216764e-07,6.310729821688192e-06,4.7496220102854644e-07,1.6183491781841015e-06,2.4674571173212007e-05,5.868757442480291e-06,0.002549735252836478,3.404138511042219e-09,0.00030871034239438126,0.01326388739271893,4.85535353258989e-07,2.841229382836351e-05,0.03371403853337053,5.89103274836989e-06,0.00020443683200723327,7.904152736204232e-06,0.0006221928648949222,6.666778624762425e-09,0.0003309795838654913,0.948377673693178,3.7562985176914125e-07,1.4518431018505044e-07,0.0005272365308760677
20,1.5182581705382547e-07,9.227809504717673e-06,4.491041214123375e-07,4.0922421527167745e-06,2.7118941827804776e-07,1.3674502446446693e-06,1.233862468614031e-05,5.9941797080574405e-06,0.001583133391766569,1.989602858069234e-09,0.0003296310310478496,0.006385885503873904,2.350012708171985e-07,1.8309191211694943e-05,0.03671588240756615,4.688225136755117e-06,0.00014615107883628225,6.394113900451661e-06,0.0005136885000672311,4.08798339571401e-09,0.00022035950266003233,0.9537634128740381,2.3728325680625043e-07,1.0385760624728009e-07,0.00027798953452169635
21,4.631147891146205e-07,3.0326417355172182e-05,9.012605114727602e-07,9.369607079020458e-06,6.450083615395852e-07,2.547849331550307e-06,2.8602349656826535e-05,1.0339809921316004e-05,0.003484601400521448,5.096465297599806e-09,0.0004644319304212979,0.015276493006764596,5.190535146996944e-07,5.870265691985076e-05,0.0321987136162758,9.183279677464249e-06,0.00020596318387443438,1.1751734352332461e-05,0.0009572953308746954,9.223323694827087e-09,0.00034309515759538923,0.94640318629278,4.546901322864253e-07,2.1853760307341919e-07,0.0005021803918975602
22,5.19669791837799e-07,1.6716073312909546e-05,6.769276798993641e-07,4.7271150780799835e-06,5.71234189646569e-07,2.9367427667123853e-06,1.1619086350123004e-05,5.513964832881375e-06,0.0023692767980732134,2.69608507951929e-09,0.0003912817815064544,0.005704411483629561,4.939150947383886e-07,2.9973681288878346e-05,0.030263207952979723,4.872874944571244e-06,0.0004653637558308445,1.566551172888794e-05,0.0008336015290582909,7.203640881093858e-09,0.0002990654183013097,0.959065423371807,2.937692259491387e-07,1.8600359123280343e-07,0.0005135914392112609
23,4.706003405597748e-07,2.5518987317254356e-05,8.624068279908519e-07,6.5652488624899135e-06,7.676830546031687e-07,3.149681190223046e-06,2.0877035786595347e-05,6.6552647572066595e-06,0.0032199840499731406,3.851484226092744e-09,0.0004528733662851199,0.009741030271054675,5.991595559244175e-07,3.885839674012459e-05,0.0383077463289818,6.668101530328527e-06,0.0003437036601320362,1.1296522866539807e-05,0.001002970936640655,9.285117113851564e-09,0.0003540563284771039,0.9458365744805606,4.800685925244212e-07,2.2401058998071955e-07,0.0006180542732811931
24,5.742545551863163e-07,3.9011242126642205e-05,7.778300421137606e-07,9.92885027981335e-06,7.709469596182614e-07,3.2018555413053174e-06,2.108962246843077e-05,7.15786245369084e-06,0.0029715218713954558,5.579970462944303e-09,0.00047146090185859376,0.011277337016206973,6.313344405667805e-07,6.894403661182019e-05,0.026187524785754625,6.470583869400355e-06,0.000384013589628866,1.4176839521888394e-05,0.0010285137291879153,1.1835136921582871e-08,0.000348375601786913,0.9565117777602864,6.496396424291998e-07,2.6370433300341784e-07,0.000645808725940706
25,2.2876233687578233e-07,1.720448954380396e-05,5.595752412231769e-07,9.378203329819321e-06,4.3944517001441934e-07,2.2525066324128997e-06,1.658004235277077e-05,1.2759701795956071e-05,0.001946961669740124,2.638155409902461e-09,0.0008823073298128981,0.00920299359266378,3.107251256628591e-07,5.638657471650986e-05,0.023913164548909932,7.009299439820412e-06,0.00019769749684787568,8.644617987524766e-06,0.0007769153985041947,6.525444193109806e-09,0.00024684226595624975,0.9624697674407435,4.535745970071456e-07,2.1990231330104838e-07,0.00023091367263894166
26,1.864419609348765e-06,4.7664790799276787e-05,2.0478611106551585e-06,9.174092976841538e-06,1.5375736898781892e-06,7.407301056618128e-06,1.9863135547816697e-05,6.673566423496137e-06,0.006506969146732208,4.955407282440711e-09,0.0007372797413884608,0.011538311607396214,1.8292102054138572e-06,3.84790478342614e-05,0.02871265249605217,7.875129115873864e-06,0.0008755550100567769,2.1776220532447067e-05,0.002568193536469797,2.0061213862747002e-08,0.0005012915617557936,0.9476189018944732,9.293619138756658e-07,1.0020989040451695e-06,0.000772696179334311
27,2.7457214476150803e-07,1.4921446254525784e-05,5.327845347400739e-07,4.805904575528687e-06,4.351750516767083e-07,2.066380241421421e-06,1.3309201222269745e-05,5.38236684166715e-06,0.0023102363117501416,2.419783308620319e-09,0.0003659743500746142,0.006901524140716789,3.619453543011452e-07,2.546114893006935e-05,0.03258005078455078,5.154747854896363e-06,0.00024004936002717178,8.864912469219868e-06,0.0007158252013052016,5.644758585387468e-09,0.0002596066068122327,0.9561697855826021,3.0029811370185197e-07,1.5579491047509887e-07,0.0003749129191197123
28,4.706003405597748e-07,2.5518987317254356e-05,8.624068279908519e-07,6.5652488624899135e-06,7.676830546031687e-07,3.149681190223046e-06,2.0877035786595347e-05,6.6552647572066595e-06,0.0032199840499731406,3.851484226092744e-09,0.0004528733662851199,0.009741030271054675,5.991595559244175e-07,3.885839674012459e-05,0.0383077463289818,6.668101530328527e-06,0.0003437036601320362,1.1296522866539807e-05,0.001002970936640655,9.285117113851564e-09,0.0003540563284771039,0.9458365744805606,4.800685925244212e-07,2.2401058998071955e-07,0.0006180542732811931
29,4.706003405597748e-07,2.5518987317254356e-05,8.624068279908519e-07,6.5652488624899135e-06,7.676830546031687e-07,3.149681190223046e-06,2.0877035786595347e-05,6.6552647572066595e-06,0.0032199840499731406,3.851484226092744e-09,0.0004528733662851199,0.009741030271054675,5.991595559244175e-07,3.885839674012459e-05,0.0383077463289818,6.668101530328527e-06,0.0003437036601320362,1.1296522866539807e-05,0.001002970936640655,9.285117113851564e-09,0.0003540563284771039,0.9458365744805606,4.800685925244212e-07,2.2401058998071955e-07,0.0006180542732811931
30,4.706003405597748e-07,2.5518987317254356e-05,8.624068279908519e-07,6.5652488624899135e-06,7.676830546031687e-07,3.149681190223046e-06,2.0877035786595347e-05,6.6552647572066595e-06,0.0032199840499731406,3.851484226092744e-09,0.0004528733662851199,0.009741030271054675,5.991595559244175e-07,3.885839674012459e-05,0.0383077463289818,6.668101530328527e-06,0.0003437036601320362,1.1296522866539807e-05,0.001002970936640655,9.285117113851564e-09,0.0003540563284771039,0.9458365744805606,4.800685925244212e-07,2.2401058998071955e-07,0.0006180542732811931
31,1.11543636000072e-06,4.745913619716803e-05,1.8657305132353344e-06,9.135790966892095e-06,9.181799958026664e-07,4.3680929196021735e-06,3.238902092911368e-05,1.43407000107389e-05,0.0034398645539945732,8.386630947527208e-09,0.000550571079166273,0.012208768962130391,7.277822804117956e-07,5.6670866414700846e-05,0.03624529831323144,7.547373690074017e-06,0.00038523677190920795,1.656320813288145e-05,0.0019340912810452346,1.2663373516519424e-08,0.00039259984453041244,0.9438990465549327,7.189974001990107e-07,3.3282763383641733e-07,0.0007503484456106026
32,4.930412558792589e-07,2.579103121048012e-05,8.583422741930576e-07,6.161255183974243e-06,7.538082909038802e-07,3.2863422460646294e-06,2.0312784644204158e-05,6.7772531142526905e-06,0.0032082284882355245,4.017263071133836e-09,0.00046156075268110854,0.009257121814972576,6.036934528516408e-07,3.6173491312626834e-05,0.03717369298308178,6.688071903153493e-06,0.00033879368064189484,1.1418141899310215e-05,0.0011701117213917564,9.170140115022196e-09,0.00035124451329780147,0.9473526520170201,4.791548467643569e-07,2.4922741104976567e-07,0.0005665352022286899
33,1.9217219943762644e-07,1.4695662137364932e-05,3.289527731117988e-07,7.5901493279642135e-06,3.960601599237402e-07,2.6140714740028542e-06,8.364349465947554e-06,6.275942871466234e-06,0.0012401082576820408,3.762867225216793e-09,0.0004744241903946403,0.005245274262253616,5.184018654734008e-07,5.2045808414023895e-05,0.011302117014664343,5.741587471213449e-06,0.00044729323902094575,9.300410206882638e-06,0.0007466089324290129,1.0114374344585955e-08,0.00027386214676230965,0.9799333453885576,6.391943479202094e-07,2.488823078345502e-07,0.00022800104597156933
34,5.814635447841422e-07,2.812192445966746e-05,9.79762282329364e-07,6.334089537059927e-06,8.511452687305296e-07,3.4378653027725405e-06,2.228041849033697e-05,7.275200089994625e-06,0.0037615218527242813,3.797989977765836e-09,0.0004960167042440272,0.010119703987528948,6.546844866413953e-07,3.716201595853599e-05,0.04011044897950073,6.888985903967175e-06,0.0003495834240382061,1.2105682319401809e-05,0.00124873214817369,9.306205839970252e-09,0.0003556945204298838,0.9428247212458025,4.6732194931934403e-07,2.621682577440654e-07,0.0006061613055105805
35,4.881695537286719e-07,2.528513613231558e-05,8.609648026584872e-07,6.4424046537782075e-06,7.445015231193919e-07,3.0470668196212864e-06,2.0733708668047075e-05,6.687538680974028e-06,0.003240508577137541,3.7900315271541504e-09,0.00043915379679894856,0.009790427544567595,5.901832054666197e-07,3.783342118291303e-05,0.03728122526880807,6.487588426788493e-06,0.00033859355781521735,1.163846800459393e-05,0.0010069143909365304,8.9110190390776e-09,0.00034938094527442893,0.9468235658305592,4.556126756120823e-07,2.20807527021125e-07,0.0006087018151952734
36,1.0399312899242517e-06,9.176577494187406e-05,2.109515290012271e-06,1.405791589136226e-05,2.797389758458463e-06,1.4947019396681336e-05,3.202630649659325e-05,5.407553096129733e-06,0.007458587396540921,1.1321261952913197e-08,0.0007848282078854497,0.006603731808100575,7.51348874925452e-07,7.20312817828134e-05,0.05887208254210331,8.577825617970218e-06,0.000774196334090168,2.0623816996735905e-05,0.0016791663807880835,2.421646195646952e-08,0.0008500292408539848,0.9212343443954546,1.8016902767401955e-06,6.451825683448445e-07,0.001474415604180251
37,1.0489765478508154e-06,3.9414098726316916e-05,1.34983339639116e-06,7.876450386859762e-06,7.341617805118467e-07,2.856163766768118e-06,2.5874203754968477e-05,6.353310883347407e-06,0.003613167946758169,5.312142900791915e-09,0.00042607585792201787,0.014271696500199257,8.321876400758955e-07,3.479738249455577e-05,0.023395687157069325,4.935188307459946e-06,0.00037131207891318995,1.525710337818327e-05,0.0015394749572364601,1.0178987253814702e-08,0.0003893107069178475,0.9551983254903549,6.272863253710088e-07,4.4377224268591943e-07,0.0006525336938674039
38,1.4741615967481108e-06,5.331096791348923e-05,2.577372394515502e-06,6.651332340690231e-06,2.3132425874702877e-06,9.420354657670675e-06,5.649536028281072e-05,1.2237091416171814e-05,0.007709173490404322,8.229497665269381e-09,0.0007022762199193944,0.011298500312074812,9.78438427718648e-07,4.4869036719249e-05,0.10486607918635403,1.4768815041502286e-05,0.00037236384740471596,1.6859462115569602e-05,0.0027676965439212453,1.3913889021381318e-08,0.00043532646516213823,0.870416145916802,6.136879531454889e-07,4.420151239171257e-07,0.0012094045359999897
39,3.0503048412992764e-07,8.789220421677496e-06,1.1611771316950555e-06,4.628214986886353e-06,4.5996901775026525e-07,5.322215756955329e-06,1.3220131390274798e-05,7.92257570322896e-06,0.002571993099081718,3.5473815367458525e-09,0.0003580538153623358,0.005876098048969464,7.568253711491622e-07,1.84613136530758e-05,0.03985837265254176,8.440257644041713e-06,0.00045287931663153593,1.1806826143099138e-05,0.0011044437367666688,7.477752883504053e-09,0.0005520987528452732,0.9486880435367674,3.386642629051254e-07,2.014084531634702e-07,0.00045619218547941016
40,1.8035444409808456e-07,1.0999259385527335e-05,1.5835534313626128e-07,9.06529671952201e-06,3.0954786995108286e-07,2.374719146270845e-06,2.9768506611973645e-06,5.419527690469486e-06,0.0010059137358313826,3.3596137725773357e-09,0.00034453638218835924,0.002041498361025218,3.3193668959701524e-07,2.2159443286121944e-05,0.005409067312652896,7.597324155400816e-06,0.0008775118317090745,1.2735330882411962e-05,0.0007572643585928822,1.4438996696932136e-08,0.00027422941332281593,0.9891148019657119,5.182595145562813e-07,3.447670483075646e-07,9.998786751816928e-05
41,1.5135473755651552e-06,5.466538181705353e-05,2.6177015518374176e-06,8.604703925148285e-06,4.42897829420264e-06,7.140593649411891e-06,6.244046183194586e-05,1.1962417416997627e-05,0.014185817813040147,4.203953847998473e-09,0.000888751622402149,0.01590556322175857,1.6093886531481982e-06,4.657413733891011e-05,0.1446237369027356,2.1465901701519497e-05,0.0004410979194907165,1.6310219092209762e-05,0.0014824889374734015,1.9794028614253203e-08,0.0004102519580527147,0.8203909869991536,5.427341504601173e-07,3.9437211080351677e-07,0.0014310100890013912
42,1.0629999281174721e-07,5.705054074880558e-06,3.8347431547635583e-07,3.1101165034633176e-06,1.3559082734455865e-07,1.4211569751181523e-06,7.318260516417064e-06,5.914403692486088e-06,0.0011770316674298638,2.1179969759878023e-09,0.0002509474990568069,0.005192579482101482,2.466200429957e-07,1.0212950214413607e-05,0.022635924182675723,5.375907538962676e-06,0.00013523785136329607,5.02926350183515e-06,0.000797715797805879,3.427802633107419e-09,0.00022795701393700282,0.9693955165380834,2.01278484754143e-07,1.2612255256382072e-07,0.00014179792251360314
43,2.199302966262503e-07,1.5444070653543793e-05,5.528283982779307e-07,4.385613827887516e-06,3.901775807049573e-07,3.1235018071739638e-06,1.2434762012758274e-05,5.290324845251083e-06,0.0016431867969740174,6.06535848769008e-09,0.00025269377759197737,0.004617364135709181,3.463251104634806e-07,2.6388535362758094e-05,0.025938836350864587,5.643003767899323e-06,0.00029601575830852514,9.465757955438037e-06,0.00090164322737253,7.633856445853048e-09,0.00041964063238538943,0.9654565189960616,4.3253717593518605e-07,1.572475618586566e-07,0.00038981200916076526
44,4.706003405597748e-07,2.5518987317254356e-05,8.624068279908519e-07,6.5652488624899135e-06,7.676830546031687e-07,3.149681190223046e-06,2.0877035786595347e-05,6.6552647572066595e-06,0.0032199840499731406,3.851484226092744e-09,0.0004528733662851199,0.009741030271054675,5.991595559244175e-07,3.885839674012459e-05,0.0383077463289818,6.668101530328527e-06,0.0003437036601320362,1.1296522866539807e-05,0.001002970936640655,9.285117113851564e-09,0.0003540563284771039,0.9458365744805606,4.800685925244212e-07,2.2401058998071955e-07,0.0006180542732811931
45,2.5759570115099236e-07,1.126294567847294e-05,9.461489096157631e-07,4.730716076241108e-06,5.148661571809104e-07,2.995818920129428e-06,1.9000229436932047e-05,1.1519793408803979e-05,0.003056550438056478,2.284248087657403e-09,0.0006046176440970898,0.007035188606367767,3.7382395547056666e-07,1.829875702864904e-05,0.07921002166307947,1.1068223572629144e-05,0.00015566667685803454,7.441464207886231e-06,0.0009442643349361019,5.7697217865364795e-09,0.00020634002422237905,0.9083781428991706,2.39291807952853e-07,1.7447167227238724e-07,0.00032037551270863084
46,2.435530814318039e-06,0.00017568617875177172,3.7561688429481407e-06,1.0036428152666304e-05,4.047189475719214e-06,4.71189094085677e-06,0.0002118249335365537,2.2051363209333692e-05,0.01683452747778169,1.1934722286221e-08,0.0007412400470488553,0.032059004870425435,5.993464955349036e-07,8.009704193126593e-05,0.15705183745769055,1.5550225408886074e-05,0.0001283816485319762,1.7277205614093857e-05,0.00265372925276055,1.3420409239704463e-08,0.00046738855857440657,0.7877421868109434,5.95799075519787e-07,3.3776835356643237e-07,0.0017726714505084328
47,4.7115344556070467e-07,1.6444718223850646e-05,6.67910442743544e-07,4.008492914035101e-06,5.538385003246186e-07,1.5191769786540531e-06,1.902344030484283e-05,3.861006320566787e-06,0.002664652231264576,3.0053752248819435e-09,0.00021706642820611333,0.01227037692783885,7.866601491658669e-07,2.038017777700327e-05,0.027812183595321602,5.15155351917774e-06,0.00033522092238717706,9.909727982160706e-06,0.0007779484434965137,7.4224048473338e-09,0.0003602098724764241,0.9548353342168084,3.2632504289747847e-07,1.6964552881824668e-07,0.0006437231072904003
48,5.437753423618554e-07,4.456881506734525e-05,6.59843268216648e-07,5.632977911545213e-06,6.015604992258578e-07,5.014660762107505e-06,1.3494441093723153e-05,6.464866693881527e-06,0.0023934456052854764,6.922927254420871e-09,0.0005545368659222556,0.005579489411184565,5.143694141114999e-07,3.840125313956642e-05,0.0185790882783235,5.290992985614904e-06,0.0004172451847482569,1.0156848423365448e-05,0.0033836357853577444,9.314726183962222e-09,0.00031746364667687674,0.9683254850369775,7.296254635312222e-07,4.798042363227288e-07,0.00031704011356949993
49,1.1640274608946553e-06,6.747878257773798e-05,7.208958335377505e-07,4.405792086901829e-06,3.781488695562902e-06,4.83394260030962e-06,3.3110091238931686e-05,9.00840541838737e-06,0.007898101075148874,4.348868067513106e-09,0.0007711450219095773,0.006256372812271889,7.038907447869109e-07,4.7670392388179216e-05,0.0748844177222326,1.2620147241680875e-05,0.0005621437370978935,1.6918893529685605e-05,0.0022530060933364186,1.4461702844526805e-08,0.00036068721879613507,0.9060262180898818,3.981965877465795e-07,2.8038636947421997e-07,0.0007847940859802027
50,5.438977790784388e-07,3.5223190979735625e-05,1.0073512423765708e-06,6.585806888169013e-06,9.035729769456217e-07,2.4350913939277046e-06,5.229989614889304e-05,1.0501527603633032e-05,0.0019314002924436745,1.1583614254816613e-08,0.000344787951072061,0.013504792911623533,5.87474140549516e-07,6.45897936324755e-05,0.041579913259798616,6.833069049643091e-06,0.0002804616311347276,1.2089145688819064e-05,0.0010312234182232416,1.1240903420348893e-08,0.00038264411980207025,0.9396374048419832,6.922301998971205e-07,1.5183336891328156e-07,0.0011129048683081017
51,5.000481525452194e-07,2.3559051835347872e-05,9.797714772281353e-07,6.150683545360701e-06,9.626081466666063e-07,3.744063788189472e-06,2.2874854242148462e-05,6.643187344213502e-06,0.00361731587627753,3.8769979612195055e-09,0.00047851621985594303,0.01015020002074964,7.955532614785986e-07,3.7388856454315774e-05,0.044733976052948814,7.93424049013725e-06,0.00040432161184828717,1.1590843160174715e-05,0.001049293167461514,1.0739941019539558e-08,0.00040729517620292883,0.9383170508240545,5.11654903302922e-07,2.4567285696643107e-07,0.0007181353440036659
52,4.823686890599426e-07,2.3805732947507446e-05,8.500761210543341e-07,6.195957945918041e-06,7.573944880131276e-07,3.4126718808226977e-06,1.961920151710723e-05,6.963927514973878e-06,0.0032380352478254886,3.708018381859899e-09,0.00046196282117569494,0.00866171675065371,5.690825856659037e-07,3.911997937771159e-05,0.04077673201707171,6.814151595803413e-06,0.00034471047192060825,1.2407804113527278e-05,0.001003680690598008,8.828579083327314e-09,0.00033155394581990384,0.9444545628847697,4.244323284304191e-07,2.1542550408690049e-07,0.0006053944269580701
53,2.6217012291040265e-07,1.913020655261383e-05,8.57772471590273e-07,5.820694126466979e-06,1.0339250208243103e-06,1.6637048177822833e-06,5.5328881156545044e-05,8.168214773349679e-06,0.002989084512504096,3.5960387241058255e-09,0.0005003221000454658,0.017181170040367455,5.406597803213896e-07,3.297508092644638e-05,0.07044231176359238,8.201379808776962e-06,0.00016388010674620385,6.373373900467851e-06,0.0005919325873236138,7.982890784732614e-09,0.0003369222567539127,0.9068842572580628,5.053383104565177e-07,1.464499009116179e-07,0.0007690999440051036
54,9.181787564210316e-07,6.532379054409862e-05,1.0061539679953135e-06,9.034956680300212e-06,1.4421309526159412e-06,3.4021608400395976e-06,4.0261379695839094e-05,6.623462176601226e-06,0.003872103658311876,9.10173427750526e-09,0.00031877911243577455,0.012445788488603199,5.821191150503681e-07,8.409994125914049e-05,0.06258138772693314,7.6169038680917116e-06,0.000383195392376463,1.722715669535775e-05,0.0008697368544675488,1.496188188910149e-08,0.0003419311969091834,0.9171071917734855,6.276905704573632e-07,1.5616526612736875e-07,0.0018415395424730247
55,1.012687411862567e-06,2.567962986856219e-05,1.590411955354562e-06,8.987015241217551e-06,7.959672702671018e-07,2.0613762244914528e-06,4.4053662171302274e-05,6.546694986951981e-06,0.009862594167529784,2.5769389577669866e-09,0.00032786257663453916,0.0370367292874639,1.6229363961082528e-06,2.394552883027168e-05,0.0364497910700146,7.790510319269852e-06,0.00023545482503476163,1.7360537917547033e-05,0.0010488960143211058,7.765141595342383e-09,0.0005044265913359698,0.9136090120799157,2.796976311548772e-07,3.6454358551391886e-07,0.0007831318458592594
56,4.814779242776241e-07,2.4665610405893208e-05,8.82065361096892e-07,6.77129568763606e-06,7.752839876990476e-07,3.1446441169685194e-06,2.153637839907956e-05,6.650405539829314e-06,0.003195897213516279,3.896710395902182e-09,0.0004631216145420835,0.010644514113979127,7.028234401148718e-07,3.9363595680308366e-05,0.03657203838086735,6.660223481737687e-06,0.0003601936458795085,1.1479430153659064e-05,0.0010235885174879084,9.837773530811279e-09,0.00036615095451807334,0.9466220024705982,5.086726040444489e-07,2.4420267533179365e-07,0.0006286132446697256
57,1.3530164211741573e-06,8.045341684132387e-05,2.5339864674758355e-06,1.3646451267561689e-05,3.419403362383647e-06,2.1098462976244965e-05,3.7316609043466464e-05,1.531686156324121e-05,0.00858966702440298,6.543146143415503e-09,0.002241887148670022,0.004033590487813824,2.3531514329006678e-07,0.00012926717308317553,0.1237718686650665,1.0828356921137982e-05,0.00040288087730440685,2.9729507429730507e-05,0.0015322610126321085,1.0788532279078992e-08,0.00037845143621996453,0.8575776520384217,9.508041636154045e-07,4.1797068389899754e-07,0.0011251566424223549
58,5.452202166324409e-07,2.6083686560288192e-05,9.080151147737836e-07,6.7048236904133046e-06,7.834452781978e-07,3.2678208748358343e-06,2.096254766651451e-05,6.766187378312052e-06,0.003551534515061752,3.6541851905972534e-09,0.0005088632357799759,0.011319816466843626,7.352568064399646e-07,3.6919603289829073e-05,0.03419772024521037,6.80434182195921e-06,0.00034628346666176204,1.1504846837482547e-05,0.0012307754037384534,9.572147760821946e-09,0.00035328227492520934,0.9478114625424746,5.137979311478742e-07,3.0497928612487317e-07,0.0005574440502181735
59,5.048310478300391e-07,2.5043293480117555e-05,1.0006694386526924e-06,6.622307804573449e-06,7.506018292426075e-07,3.261937132633885e-06,2.0709248615155848e-05,6.912944037704593e-06,0.0035122295038653543,3.6535403721495723e-09,0.0004956014191713191,0.010470074205506802,6.489671586521652e-07,3.2758706615125e-05,0.03746726376651745,6.948252902115464e-06,0.00032394737990762515,1.0587988351882174e-05,0.0011640709289698463,9.546932991890476e-09,0.00035656325366474406,0.9455544137531954,5.077190909783883e-07,2.8874783735785954e-07,0.0005392763733859706
60,4.706003405597748e-07,2.5518987317254356e-05,8.624068279908519e-07,6.5652488624899135e-06,7.676830546031687e-07,3.149681190223046e-06,2.0877035786595347e-05,6.6552647572066595e-06,0.0032199840499731406,3.851484226092744e-09,0.0004528733662851199,0.009741030271054675,5.991595559244175e-07,3.885839674012459e-05,0.0383077463289818,6.668101530328527e-06,0.0003437036601320362,1.1296522866539807e-05,0.001002970936640655,9.285117113851564e-09,0.0003540563284771039,0.9458365744805606,4.800685925244212e-07,2.2401058998071955e-07,0.0006180542732811931
61,5.195434695266229e-07,2.5559425110156895e-05,9.99580716404454e-07,6.669294587943452e-06,7.839643129608589e-07,3.2215391359630296e-06,2.19077937410485e-05,7.054417682580425e-06,0.0034667213369151038,3.760945808576596e-09,0.0005039344142245818,0.010799843524230362,6.7090349026617e-07,3.433082884145136e-05,0.038147563888248665,6.832119744181043e-06,0.0003290911430581125,1.0972065001259628e-05,0.0011511908639395775,9.667602967836839e-09,0.00035707027540663047,0.9445539486365772,5.188005280232133e-07,2.8478180211523276e-07,0.0005702974306872728
62,4.706003405597748e-07,2.5518987317254356e-05,8.624068279908519e-07,6.5652488624899135e-06,7.676830546031687e-07,3.149681190223046e-06,2.0877035786595347e-05,6.6552647572066595e-06,0.0032199840499731406,3.851484226092744e-09,0.0004528733662851199,0.009741030271054675,5.991595559244175e-07,3.885839674012459e-05,0.0383077463289818,6.668101530328527e-06,0.0003437036601320362,1.1296522866539807e-05,0.001002970936640655,9.285117113851564e-09,0.0003540563284771039,0.9458365744805606,4.800685925244212e-07,2.2401058998071955e-07,0.0006180542732811931
63,5.248211248970037e-07,3.198779504064778e-05,9.071169076418131e-07,7.176019759943938e-06,8.492514521296538e-07,3.268533932103293e-06,2.24252067176089e-05,6.747152501344053e-06,0.003301655084436828,4.5972500120191874e-09,0.00046188574639794626,0.009796909852158812,5.919667447723903e-07,4.1863490866294466e-05,0.03832125846223992,6.699451646844814e-06,0.0003541415927994096,1.1538778604022046e-05,0.0010997508499263578,1.0476894007356873e-08,0.00036541395551457483,0.9455102088710169,5.572733625798076e-07,2.4517349673369024e-07,0.0006533784792079397
64,3.658500145432942e-07,2.1707757390900967e-05,7.535586503926873e-07,6.37733529632641e-06,6.525299984571009e-07,2.8400759140273416e-06,1.8924570645852725e-05,5.655232388855209e-06,0.002740310799010063,4.017348831306727e-09,0.00037678851789446996,0.009307190194132602,5.720141951132818e-07,3.6276734901772706e-05,0.033074165700030626,5.940496331523736e-06,0.0003412452389847562,1.0617681397430039e-05,0.0008412086156282263,9.175555543758267e-09,0.0004112295930870399,0.9522046054739705,5.019050778933342e-07,2.017400995446574e-07,0.0005918551920548378
65,3.1126237461784053e-07,2.7245910254941284e-05,9.556767710572704e-07,8.102209766989785e-06,6.155955720561316e-07,3.362996448755641e-06,2.7427235279259474e-05,8.726798272747826e-06,0.0017320574031901843,1.0120336785269437e-08,0.00033549087736489745,0.008195127663430706,3.8791953046567043e-07,5.861801765232622e-05,0.040742718655158064,6.770491870134583e-06,0.0002989837495678583,1.1003807864574234e-05,0.000759875798061153,1.1600535590786947e-08,0.0004714090360574034,0.9464765000566686,7.213314199373684e-07,1.3766741831043069e-07,0.000833428119132546
66,1.3872797559186227e-06,3.584089375123668e-05,2.635264924771852e-06,5.700926504458523e-06,2.7313297346891393e-06,1.1397296095910195e-05,2.858078517628295e-05,6.543737318976368e-06,0.006666652356263136,8.510531397035964e-09,0.0005917519534995247,0.007954998698414881,2.4216530472672347e-06,2.4616022890101784e-05,0.0635983662423705,1.4557163862026637e-05,0.0010689375236417739,1.946490399065151e-05,0.0025609513633421473,3.286190890028113e-08,0.0008820107721174153,0.9153718052672208,9.421236797550321e-07,8.443940638445825e-07,0.001146820675893451
67,2.65786288835703e-07,1.5100084700971666e-05,8.625517856362729e-07,1.4125324075247514e-05,6.328296755704542e-07,8.562941629325706e-06,1.0127267421563312e-05,5.89281189279684e-06,0.00197365016956758,5.060427232337664e-09,0.0005733950847565101,0.008006583789430876,1.346133165785177e-06,9.491620272161538e-05,0.023442122174255706,8.029315897549513e-06,0.000955224803850563,1.397431998500892e-05,0.00067785268309539,2.0826545034775026e-08,0.0006112745601747308,0.9628271784048981,1.292039106208295e-06,3.3034270327012314e-07,0.0007572344919487817
68,8.314613338335406e-07,2.991659147782173e-05,2.75516137292598e-06,2.042303182070548e-05,2.741007933904371e-07,3.2758246931852962e-06,2.2212947232149167e-05,9.212010510463613e-06,0.0043332399035278775,7.1658697613202265e-09,0.00027396115498955166,0.021151295150666903,7.72837691875175e-07,3.800783539913525e-05,0.01011482103092299,6.4183696202251114e-06,0.00027842806467412705,1.9492868738092388e-05,0.0010243462997113401,9.199995417327753e-09,0.0009123054806996717,0.9613127185687799,6.422976051782138e-07,5.050858919054646e-07,0.00044412755598157886
69,3.3643778224337693e-07,2.3357902911007426e-05,1.0025701118553417e-06,7.672952325620513e-06,7.345389423527695e-07,3.4236142377339795e-06,2.1414037028880107e-05,8.7435727761505e-06,0.002951890119234897,3.910959355276152e-09,0.0006957472477372915,0.010333373556669035,5.438610200025833e-07,3.391014981300124e-05,0.04119458870159813,8.2426218598248e-06,0.00025705476643819795,7.800868793924594e-06,0.0011839406848026754,1.05712725026763e-08,0.0003956455405125095,0.942455900184996,7.146528258140559e-07,3.361102596098518e-07,0.00041361082509142446
70,1.0466310572653237e-06,2.266700996213811e-05,2.1201999104447295e-06,1.2916623068830284e-05,1.084046499464079e-06,2.9563005227334475e-06,3.899124962824662e-05,1.78520109738593e-05,0.004258682188647792,4.81141203861668e-09,0.00039065235483483275,0.018601695369439626,1.188644864955811e-06,8.772109443847907e-05,0.06625525122390095,1.5407808237304466e-05,0.0004668169661530276,2.5659244742585345e-05,0.00041028625711251487,1.7292013894193003e-08,0.00025393233460616884,0.9075426962959183,3.006455042611895e-07,1.104517145583302e-07,0.0015899429448356407
71,8.901718332922697e-07,7.702251634592328e-05,1.1768222220880144e-06,1.0897975885009593e-05,2.6801250384521267e-06,3.2539831542012785e-06,5.0035795801436675e-05,7.639865592150358e-06,0.005066284769919633,9.645797565200732e-09,0.0005231952588719427,0.01972078911473122,1.3570463596530628e-06,8.255789650562859e-05,0.05093405636762061,1.0772848136850928e-05,0.0005067282824746405,1.2564629539609953e-05,0.0011387276039191358,3.3549651973632686e-08,0.0005513897138579353,0.9197861966097265,1.4010566283491324e-06,3.478586380392737e-07,0.001509990491748188
