,0,1,2,3,4,5,6,7,8,9,10,11,12,13,14,15,16,17,18,19,20,21,22,23,24
0,0.002272526473206321,0.0015321367930957524,0.0006991592751707875,0.00032208686031090495,0.0006874742840797528,0.0002921726076778913,2.9439122866633118e-05,0.004073031350398706,0.004640575002753194,0.0002618874896092884,0.0010112764204945378,0.0049497652534448355,1.5955888545898191e-07,1.8623121478587665e-06,0.0011334603865137312,0.000291148867976012,0.010741787624479946,9.177807343563373e-06,0.00717355353883916,3.610532559740377e-08,0.00042823055808493665,0.9592619752710878,3.499560143309526e-06,1.0945812238163558e-06,0.00018248289484038019
1,0.0017851189101858722,0.0020982301989143247,0.0008822934722246336,0.0001677000853809439,0.0008183523360635936,0.0002494744581383331,2.171138069578803e-05,0.0027810400378749335,0.0043814688778184355,0.00021026098056745745,0.0008215135047608887,0.0040693603169643855,9.623095261819376e-08,1.5287781954948139e-06,0.0012075978468364414,0.0001878454407158858,0.008833999148923941,4.8888881087331514e-06,0.008368408378502537,2.3686230893075304e-08,0.0003942437742279429,0.9625062240471101,2.560883458926648e-06,9.111937937293464e-07,0.0002051471433532146
2,0.0016546067080240848,0.0028959068755496364,0.0008135385731467461,0.00016403014221755654,0.0009062655993076418,0.00019459953515748319,2.156702665489809e-05,0.003414943215951661,0.004389824959095332,0.0002249369718392126,0.0017273036734240799,0.006780275712800277,8.472597672771304e-08,3.6062063318304502e-06,0.0033081670860523505,0.00012302282281762824,0.007841837164186433,7.194937322474156e-06,0.0053330203323869165,3.7364155198474e-08,0.0005480333035290887,0.9592553509254653,4.2553706716691695e-06,9.063217413894518e-07,0.0003866844461941799
3,0.0012685130962482693,0.0020200603751888025,0.0005165114774961392,0.00014262081921267267,0.0005071723561822757,0.00021645021714209616,2.1262670618256816e-05,0.0021902621019648186,0.002496295127333773,0.0001402746299543992,0.0006983157318485599,0.004688220307322103,7.144840544703645e-08,1.991697953799284e-06,0.0013935064915688968,0.0001418324538566205,0.0082529697147433,6.43834474999334e-06,0.00534799088256598,2.1172271458440608e-08,0.0004217345741718252,0.9692996203253519,2.9650673443484354e-06,1.035132061057708e-06,0.0002238637844433042
4,0.0014511555179342038,0.002041599865520668,0.0005636660071766499,0.0001527020923062131,0.0005514061581745385,0.00023197522452634374,2.4300931881031946e-05,0.0024322692722902454,0.0025032677430888647,0.00015651643242439858,0.000723350154889207,0.00498957364166981,9.111246818407387e-08,2.3423999585491893e-06,0.0014253916057153173,0.0001634817248054116,0.009035262958214349,7.443775794289538e-06,0.006168399623970233,2.427680058646046e-08,0.00043652993103199424,0.966705794579096,3.1376047062658753e-06,1.2615929760619044e-06,0.00022905577258062112
5,0.0012156744464091765,0.002188207987660679,0.00039813955690349857,0.00016771019737691004,0.0004532922393262382,0.00024015914966915103,2.0339728499731093e-05,0.002160274893068353,0.002342344575824173,0.00012284703285502974,0.0006863607599911435,0.004186157999710001,7.296496348779302e-08,1.9399508411125363e-06,0.0013936947418956046,0.00014776515056201636,0.007846677895371822,8.845483027732483e-06,0.005203069749994898,2.2630042942188025e-08,0.00040463170586356234,0.9705989937946201,3.198855286980623e-06,1.023934097149702e-06,0.00020855457613863182
6,0.0012685130962482693,0.0020200603751888025,0.0005165114774961392,0.00014262081921267267,0.0005071723561822757,0.00021645021714209616,2.1262670618256816e-05,0.0021902621019648186,0.002496295127333773,0.0001402746299543992,0.0006983157318485599,0.004688220307322103,7.144840544703645e-08,1.991697953799284e-06,0.0013935064915688968,0.0001418324538566205,0.0082529697147433,6.43834474999334e-06,0.00534799088256598,2.1172271458440608e-08,0.0004217345741718252,0.9692996203253519,2.9650673443484354e-06,1.035132061057708e-06,0.0002238637844433042
7,0.003135009662348477,0.0013128946440239492,0.0011294166710381066,0.00018802997081717024,0.0007286138198314301,0.00014804723228526793,3.075176514749369e-05,0.004210479862748212,0.003222275206823551,0.00036953830299586287,0.0009457356554854445,0.004247045923147265,1.9064593796032353e-07,1.8122190875517588e-06,0.0008831680970839022,0.00017582807465477273,0.010022557591698466,4.049921887852764e-06,0.009498298968931134,2.6082767303497273e-08,0.00021852044455166988,0.959349582222082,1.5242485583589437e-06,1.2609696377704726e-06,0.00017534179642889614
8,0.0020834483960634597,0.001731930568501307,0.0012331165349518717,0.0001414068658277321,0.000695565928487815,0.00017541533535479222,3.209443732985317e-05,0.002114743742440902,0.0025773556555728694,0.000327086643772763,0.0008634715463189253,0.0077962870347239345,1.0161323007043015e-07,4.230558125112154e-06,0.0014832358033868454,0.00012242481304622704,0.013147176101759165,3.5556670864424218e-06,0.004996343056409602,3.052604750855823e-08,0.0006609765309672466,0.9593166170048386,4.979524947312209e-06,2.278122576983491e-06,0.0004861279882325357
9,0.0017242867274474562,0.0023563113636607944,0.0007422750410370285,0.00014349758385054929,0.0005884733962160412,0.00017048635959160464,2.1824175514651288e-05,0.001877726580671231,0.002650473836784982,0.00024320045439362418,0.0010328921473592267,0.006293895844899424,6.341004521435168e-08,3.985163305245735e-06,0.0021386258560490527,9.133221092518427e-05,0.009760817025095762,4.31183880102324e-06,0.0044438590276635916,2.3932262207843614e-08,0.0005772648885977866,0.9646144162267631,5.265171321124846e-06,1.4858166477311976e-06,0.0005132059210963175
10,0.0012685130962482693,0.0020200603751888025,0.0005165114774961392,0.00014262081921267267,0.0005071723561822757,0.00021645021714209616,2.1262670618256816e-05,0.0021902621019648186,0.002496295127333773,0.0001402746299543992,0.0006983157318485599,0.004688220307322103,7.144840544703645e-08,1.991697953799284e-06,0.0013935064915688968,0.0001418324538566205,0.0082529697147433,6.43834474999334e-06,0.00534799088256598,2.1172271458440608e-08,0.0004217345741718252,0.9692996203253519,2.9650673443484354e-06,1.035132061057708e-06,0.0002238637844433042
11,0.0013410330602861861,0.001831233582078986,0.0005293219261991106,0.00014307251962255234,0.0004994083245879877,0.00021705747565704266,2.287961473304444e-05,0.002424482256527009,0.002466571869650505,0.00015318372150765653,0.0006731589979106216,0.00485848745759768,8.650389543919085e-08,1.9622487316197968e-06,0.0012731578793556636,0.00015375526962473735,0.00869196253653211,6.604377242541416e-06,0.005636577123472823,2.211459684276627e-08,0.00039240590553856787,0.9684725345608596,2.7403365665209644e-06,1.1286214968264258e-06,0.000207171715728159
12,0.002966649512750323,0.005603562313334181,0.0010942174773816912,0.0003158840704250479,0.005852423074799468,0.0008759988324892473,0.0001299665762452189,0.001281081612026037,0.0062613222702009785,0.00020855906986632494,0.0021597440009149286,0.01403153303251437,1.4846825696775294e-07,3.800644309395233e-05,0.0044056981970440005,0.00032764290116968993,0.0286525692295341,5.2151421776887514e-05,0.007676936109244108,1.8015656729270357e-07,0.0034618874889421904,0.9122006334965191,6.114632290973602e-05,6.612334408918098e-06,0.002335445587585207
13,0.0015493026473985857,0.0020065017092713707,0.0006479460149162949,0.0001678985685220318,0.0005916149968925173,0.0001938642782351224,2.4345100099105774e-05,0.0027497771122942014,0.0028338855280123153,0.00017433840467882234,0.0011452052005611428,0.006385892777885329,8.557116278536429e-08,3.007267540090224e-06,0.001998956338079573,0.0001537259379798647,0.00878283765071385,7.613625740629734e-06,0.004954889541353031,2.923171276047941e-08,0.0005080015372470268,0.9648482190872839,3.7412246804515596e-06,1.0635610400263378e-06,0.0002672570866992243
14,0.0011536421260004983,0.005289539862434821,0.000659048796888788,0.0001983961583951474,0.0008167117082334728,0.0003016978373073248,1.4400787221755969e-05,0.0023574050695002817,0.003309897860812481,0.00013030217314642341,0.0011100118261224783,0.002556752248039222,9.484514340163908e-08,1.667031223758073e-06,0.0022881264650933754,0.00017409436189382913,0.005716996766551903,1.2446937759034681e-05,0.010958176233482678,3.099145734799066e-08,0.00040981402554501753,0.9623663026312935,3.3391819137116407e-06,8.149143770644109e-07,0.00017028916016274817
15,0.0012685130962482693,0.0020200603751888025,0.0005165114774961392,0.00014262081921267267,0.0005071723561822757,0.00021645021714209616,2.1262670618256816e-05,0.0021902621019648186,0.002496295127333773,0.0001402746299543992,0.0006983157318485599,0.004688220307322103,7.144840544703645e-08,1.991697953799284e-06,0.0013935064915688968,0.0001418324538566205,0.0082529697147433,6.43834474999334e-06,0.00534799088256598,2.1172271458440608e-08,0.0004217345741718252,0.9692996203253519,2.9650673443484354e-06,1.035132061057708e-06,0.0002238637844433042
16,0.0014260259719555332,0.0017956781088552317,0.0006816175092886998,0.0001742437247406372,0.0005448464735550216,0.00024665782060605685,2.7985249551903912e-05,0.0027089277165928526,0.0022015141449084666,0.0001503157365619114,0.0009068095519249207,0.0069393822819055415,1.0321458487560762e-07,2.9818047368757315e-06,0.001761148342278708,0.0002212056877024825,0.00994322224904179,1.0398250205122647e-05,0.005462071885607965,3.319625738601289e-08,0.0006940677416323249,0.9638918491052018,3.988212266023502e-06,1.3819249971138596e-06,0.00020354409504089142
17,0.0019043202026856757,0.0012354308231520576,0.0005512990647116417,0.00015338086966915117,0.0005993873145227851,0.00013083531811439492,4.276154238778118e-05,0.0024022445152407793,0.002552256700272326,0.00014357981614582927,0.000864292747248513,0.007894776819657815,7.941512174025991e-08,3.7794444914656613e-06,0.0012070712832576611,0.0001245707143701989,0.010572210875287702,5.3028240927888714e-06,0.0029815411344307837,2.326114395933629e-08,0.0004388600037091653,0.9658529561954978,3.3184169626448764e-06,1.2095982883446628e-06,0.0003345110995372464
18,0.0010852255980784709,0.0015496925396628648,0.00020747927612046614,6.548050623967478e-05,0.000338614397199103,0.00011473105470632699,1.966931148117796e-05,0.0007909395785700715,0.0016871269203488114,8.083977953350517e-05,0.00037184005840016596,0.0023194604336011348,2.663161601843821e-08,1.5945753217521516e-06,0.000724259275428349,4.587339573467819e-05,0.012086317280571931,4.066462693292034e-06,0.0035329781291256303,9.447305792996245e-09,0.00023961796825143006,0.974330513351753,2.698383878113082e-06,9.397737555619175e-07,0.00040000587062252843
19,0.00095549200510002,0.0009411553469094399,0.0005416747473909187,0.00011349931862540795,0.0003815413536089279,0.00019475132299830294,2.4209474019314206e-05,0.0023951305104530697,0.002149632559120863,0.00019885547955108464,0.0003928834236956462,0.00506760493022527,8.38226064045096e-08,9.053404530722207e-07,0.0006046452524703463,0.00012242584709406607,0.0073951789958741935,2.668382856276173e-06,0.003686046761866556,1.7062862557683304e-08,0.00025421834142123163,0.9744293973066156,1.3851603924778564e-06,9.345523866661213e-07,0.0001456627014021655
20,0.00042110988519077145,0.002188372783965471,0.00025054649532009,8.166425077481707e-05,0.00016399366341263624,0.0001395890401415045,8.246996535250993e-06,0.002020512734998402,0.0013779405854419493,6.233906605143941e-05,0.00047247332775824156,0.004288580840100175,2.982992237909995e-08,9.371798697937596e-07,0.00190065731211721,7.251254913152588e-05,0.0035697801995572117,4.6926331728845025e-06,0.002371660726785771,1.1000594972194726e-08,0.0003487957973751034,0.9801343507474387,1.6645164800707634e-06,4.6713091406265445e-07,0.00011907070694966875
21,0.00264583876938985,0.0024188129133404113,0.0008573046892006058,0.00031671568084050834,0.0007702794945428821,0.0002288216366253067,3.2602842930654026e-05,0.003751469683909317,0.003666973010718917,0.00019846506816416194,0.002112130679903481,0.008820368357717183,1.244116047704639e-07,5.8930539892875256e-06,0.0031184426708508,0.0002611932398128808,0.009093011675720143,1.388389445212876e-05,0.005856587799664206,5.014871680510902e-08,0.0007265043104800209,0.9547893308226146,6.161537421758698e-06,1.2543469805039124e-06,0.00030777926040860147
22,0.0015160945995062855,0.001350832120698101,0.0007101882151172175,0.0001999730473786447,0.0005491531919083996,0.0001831846690534052,2.437081580298517e-05,0.0024622140134328958,0.00246738761046767,0.00021266465281241653,0.0013612158723643121,0.004996028504633488,9.922935828172669e-08,2.21902262409356e-06,0.0014677834851585922,0.00017656140692730047,0.01343301390207614,1.0066407761374718e-05,0.004757618048379217,4.10657962366212e-08,0.000609348833805824,0.9633027539000274,4.157198167023061e-06,1.0044426858168701e-06,0.00020202574405699437
23,0.0012685130962482693,0.0020200603751888025,0.0005165114774961392,0.00014262081921267267,0.0005071723561822757,0.00021645021714209616,2.1262670618256816e-05,0.0021902621019648186,0.002496295127333773,0.0001402746299543992,0.0006983157318485599,0.004688220307322103,7.144840544703645e-08,1.991697953799284e-06,0.0013935064915688968,0.0001418324538566205,0.0082529697147433,6.43834474999334e-06,0.00534799088256598,2.1172271458440608e-08,0.0004217345741718252,0.9692996203253519,2.9650673443484354e-06,1.035132061057708e-06,0.0002238637844433042
24,0.0014293452602321774,0.002319524326816434,0.0004928610589173365,0.0001927324931560397,0.0005987811003156137,0.00021905134638055873,2.301570930726621e-05,0.002337148314412552,0.0028342536913258183,0.00014676495636055148,0.0008390253319083751,0.0048281674413208795,8.330337259413613e-08,2.3756215554099154e-06,0.0014611582419280348,0.00014555473448397922,0.007424651454969882,7.871531800771586e-06,0.005056128722253033,2.6136166873035277e-08,0.0003823513413611653,0.969006895002206,3.373677385331472e-06,1.0303264451468207e-06,0.0002478288756179397
25,0.0027604734541218307,0.001069280975973341,0.0009196079064108153,0.00026290326883162486,0.0007861654726331816,0.00014884032785297938,4.9397648335230346e-05,0.005223733777880409,0.0033104767662556914,0.00031378163106884145,0.00246261863313824,0.011911276765712405,1.8832992184831043e-07,5.34858047484965e-06,0.0021166915850718013,0.0002159467564219412,0.012055022360991667,1.0387267408092703e-05,0.0038433728191664303,5.7773306840790376e-08,0.0005185438314589819,0.9517346250045404,3.993886920101031e-06,1.2321031996189343e-06,0.0002760330729030337
26,0.0019353515030845027,0.0019782318278959614,0.0004515609562696664,0.00015014738456577424,0.0007298265705549247,0.00032655351845119424,2.9946802413716487e-05,0.0019526049016170292,0.004349978660032731,0.0001969494633541163,0.0005605576031901912,0.003005123944384111,8.938915772949223e-08,1.7573566121443292e-06,0.000972951490468598,0.00015628770245193493,0.014074940357052486,8.95854063449672e-06,0.00839816175967996,2.2580183218974478e-08,0.000402713102359292,0.9599958388461056,4.738434150840876e-06,1.6251859484350388e-06,0.00031508211938122095
27,0.0007768277394884378,0.0022936064055950425,0.0002616302782005564,0.00010233495609162896,0.0002934619541732962,0.00015316935147104995,1.183645668479918e-05,0.0017601992145821932,0.0024656045100683267,8.899913328062638e-05,0.0004925424602170915,0.002965957689090087,3.225961436691818e-08,9.93299278402503e-07,0.0012224771323332024,6.983682300729929e-05,0.004612482804559873,3.441918941639239e-06,0.0036433869174251087,9.85529532113086e-09,0.00019770561876886425,0.9783755786772719,1.6827338686734912e-06,4.963477336185135e-07,0.0002057054629587225
28,0.0012685130962482693,0.0020200603751888025,0.0005165114774961392,0.00014262081921267267,0.0005071723561822757,0.00021645021714209616,2.1262670618256816e-05,0.0021902621019648186,0.002496295127333773,0.0001402746299543992,0.0006983157318485599,0.004688220307322103,7.144840544703645e-08,1.991697953799284e-06,0.0013935064915688968,0.0001418324538566205,0.0082529697147433,6.43834474999334e-06,0.00534799088256598,2.1172271458440608e-08,0.0004217345741718252,0.9692996203253519,2.9650673443484354e-06,1.035132061057708e-06,0.0002238637844433042
29,0.0012685130962482693,0.0020200603751888025,0.0005165114774961392,0.00014262081921267267,0.0005071723561822757,0.00021645021714209616,2.1262670618256816e-05,0.0021902621019648186,0.002496295127333773,0.0001402746299543992,0.0006983157318485599,0.004688220307322103,7.144840544703645e-08,1.991697953799284e-06,0.0013935064915688968,0.0001418324538566205,0.0082529697147433,6.43834474999334e-06,0.00534799088256598,2.1172271458440608e-08,0.0004217345741718252,0.9692996203253519,2.9650673443484354e-06,1.035132061057708e-06,0.0002238637844433042
30,0.0012685130962482693,0.0020200603751888025,0.0005165114774961392,0.00014262081921267267,0.0005071723561822757,0.00021645021714209616,2.1262670618256816e-05,0.0021902621019648186,0.002496295127333773,0.0001402746299543992,0.0006983157318485599,0.004688220307322103,7.144840544703645e-08,1.991697953799284e-06,0.0013935064915688968,0.0001418324538566205,0.0082529697147433,6.43834474999334e-06,0.00534799088256598,2.1172271458440608e-08,0.0004217345741718252,0.9692996203253519,2.9650673443484354e-06,1.035132061057708e-06,0.0002238637844433042
31,0.001776894215291739,0.0018228846027852647,0.0008355279406629584,0.00013672781554869317,0.0004681433994144876,0.00017258051885649364,2.0269448491112607e-05,0.004708550442559915,0.002483903048945831,0.00014548947201412787,0.0006545836086818403,0.005813604426943573,1.4444147157755805e-07,1.8191108039805499e-06,0.001407805453428676,0.00021709226109147074,0.009233794884086417,7.5409077159297205e-06,0.007877171370856197,2.2661083014271582e-08,0.0004570730490938112,0.9616202223280128,1.998558575701905e-06,1.2421843907148455e-06,0.00013491384919393117
32,0.0013010519795389928,0.002224025907877911,0.0005112820879468151,0.0001356743618389871,0.0005015010685672906,0.00022027295514464668,1.929005147649096e-05,0.002144690556814653,0.002446294792042413,0.0001344695873219165,0.0006306768054851878,0.004066023338530355,7.498496232057268e-08,1.8432722595974863e-06,0.0013169263443681672,0.00014450355495563,0.008273466253071028,6.7313944211215395e-06,0.006478379729778132,1.9650814732406833e-08,0.0003876783577254333,0.9688433764655936,2.748879909799183e-06,1.0767153155291014e-06,0.00020792090423914884
33,0.0013516847742688965,0.0021710986352991156,0.0005948327840604874,0.00015664172936437668,0.0005835336832374884,0.00022158270305770576,2.1725125178162682e-05,0.0023615792708166546,0.0030002254012010602,0.0001577123064548027,0.0009108037081642986,0.005252985491526511,7.034104511205145e-08,2.2545319452739693e-06,0.0017309428267763772,0.00014005558609103146,0.008128651576432935,6.378274925163443e-06,0.0050295370871209395,2.453253356454043e-08,0.00048730718790448627,0.9674242818841865,3.4975129787856275e-06,9.55753337649383e-07,0.0002616372920926684
34,0.001426396688433343,0.00205552669684442,0.0005488508617667768,0.00014850595254015738,0.0005457321528353878,0.000214430333042738,2.1962666544464097e-05,0.002288567692022098,0.002629902569970555,0.00014713828248535428,0.0007472391837714259,0.0047031377824779475,7.650350716053692e-08,2.134789321898395e-06,0.0014272452203317897,0.00014805684583939186,0.008584514248867456,6.713712925294871e-06,0.005798510771746276,2.1939706657887753e-08,0.0004237187388035157,0.9678978413426678,3.024774401718984e-06,1.0660006791561582e-06,0.00022968424846742992
35,0.001256409415237762,0.001997096260765597,0.0004720330370878762,0.00013880742073562775,0.0004765071294878495,0.00020297590303234604,1.9596463558317234e-05,0.0022344747519537525,0.002579988238632165,0.000132195489974158,0.0006608560970587519,0.0043027066647029774,6.70460975488991e-08,1.7329228333636803e-06,0.001303558508165272,0.0001330065140046358,0.00769845647077871,5.957364582451723e-06,0.005284060473537002,1.8726984259637996e-08,0.0003633333457336941,0.9705228762005791,2.5785320115698166e-06,9.103252949596072e-07,0.0002097966971701791
36,0.0034428093526618817,0.0076596137919765885,0.00233771789462682,0.0003884132307437903,0.003387878945456577,0.000940430629261046,3.389491355927004e-05,0.002499850495893855,0.00964058612521636,0.0005413602051838301,0.0018558784409996336,0.0038228878092488043,1.7235511002221488e-07,5.0457155432280475e-06,0.003688237755879536,0.00035944356465984886,0.01207641258125681,1.3479425046703266e-05,0.024565371187475333,7.183747134759273e-08,0.0015009146962830368,0.9206366445020638,1.5754059900659647e-05,2.8775817016569933e-06,0.0005842529027795113
37,0.003513005634255893,0.0018969867187891415,0.001016185082256701,0.00018926226927153732,0.0009872685812130346,0.00027796050380043226,6.50401355365291e-05,0.001983937028332458,0.0018727548142530213,0.00020106020451497167,0.000942886880691602,0.009235678360644624,1.768784091865168e-07,1.0997937106056233e-05,0.0017320149093843183,0.0003032550762833639,0.022210330459729574,1.687960364020262e-05,0.008955539931284407,4.832354413662004e-08,0.001196151561616218,0.9429341476159344,9.093056354893526e-06,4.89031477084938e-06,0.00044444811838238366
38,0.0010002334976602415,0.0019234580128880028,0.0005105721045187108,0.00014334515763804757,0.0003606570684111768,0.00031616176505088725,2.1753176491382835e-05,0.0022283138584171624,0.0017630520004452185,0.00011986671109799515,0.0005994928435461787,0.005199288425660916,8.663074143782482e-08,1.8024184364684468e-06,0.0015870142120692058,0.00022494996814153578,0.008065283565255477,9.728820146953417e-06,0.006154214383575847,2.311703961409638e-08,0.0006382419722243992,0.9689878795288129,3.462230049335571e-06,1.316228967019021e-06,0.0001398023027137853
39,0.00036787242418155993,0.0015493123133427141,0.000407558600173209,6.702591473434584e-05,0.00019715043978161395,0.0002498681702241303,9.661957629263716e-06,0.0017891816717223185,0.0012523261359853896,5.20036408080776e-05,0.00017616289729632768,0.0038534846671855806,4.128286116256174e-08,4.81075158348738e-07,0.0007808847036653283,0.0001510045379011635,0.005845749872929472,4.153162095825356e-06,0.004188970961302201,9.527089262337516e-09,0.0005941702883717783,0.9783931429047664,1.3368089264823313e-06,6.822612023186981e-07,6.776378066555398e-05
40,0.00022760836884434615,0.0004581015856808393,4.440463085438278e-05,0.000244922678478326,3.899811280273336e-05,0.001432333500712717,1.3507032237978686e-05,0.0033706206479310217,0.004141383894980432,0.00034030407236815036,0.00011553612157218349,0.0008231244433518895,4.306904512743208e-08,5.7897276355089044e-08,0.0004737083172092444,0.00025895223957550793,0.00537457871512244,1.437753977214336e-05,0.0034865704715513843,1.0308501607416658e-08,0.0001921720102549732,0.9789125902333855,3.556157296192806e-06,9.047961444238966e-07,3.163315505018146e-05
41,0.0022173432356279786,0.005487758292433228,0.0007550020004615265,0.000354599856179613,0.0012831926284607295,0.00028413214775333624,1.848857361253339e-05,0.005677964679139278,0.0075878109715992745,0.0001915449875294589,0.002047970145953139,0.004283438428348911,1.3188621278194992e-07,2.958715484654158e-06,0.0034181809365675803,0.00025373856299139817,0.005003708583487849,1.2878145789917927e-05,0.010693719398641933,3.884344138837205e-08,0.00033266577760046666,0.9498600226427889,3.2635811840216323e-06,6.703293322365026e-07,0.0002287766493780168
42,0.00022425831101827626,0.001511495002869367,0.00018490161157415323,5.2500386648424346e-05,8.075841034579215e-05,0.00010814956074142452,3.210682419426719e-06,0.0015418979044229382,0.0011982357242588722,2.9933698065289966e-05,0.00010009674292183666,0.0011594291740963365,1.6806134462954792e-08,9.626281655349406e-08,0.000361119796070428,6.91017385126292e-05,0.0023126159247569508,1.3739348860714962e-06,0.0036041365811621457,2.5817502534859357e-09,0.00010552457099258156,0.987323206832036,2.8408087330745727e-07,1.7130708311926078e-07,2.7482373543352966e-05
43,0.005060894700709892,0.005965087497104885,0.0005737045564197508,0.00024166732034680452,0.0014877657699382447,0.0001291613482089061,4.81400366937143e-05,0.0024757441915513154,0.005469903767000421,0.00013157476967968262,0.004275955959165642,0.007974306224803598,7.305934533021845e-08,2.5830204909640435e-05,0.005840160035357434,0.00011761751905775749,0.008270444486385245,1.743082619164209e-05,0.007548997218267865,3.537916769374357e-08,0.000281479028982211,0.9424942559521317,9.074836872033807e-06,1.363993942144111e-06,0.001559331317766479
44,0.0012685130962482693,0.0020200603751888025,0.0005165114774961392,0.00014262081921267267,0.0005071723561822757,0.00021645021714209616,2.1262670618256816e-05,0.0021902621019648186,0.002496295127333773,0.0001402746299543992,0.0006983157318485599,0.004688220307322103,7.144840544703645e-08,1.991697953799284e-06,0.0013935064915688968,0.0001418324538566205,0.0082529697147433,6.43834474999334e-06,0.00534799088256598,2.1172271458440608e-08,0.0004217345741718252,0.9692996203253519,2.9650673443484354e-06,1.035132061057708e-06,0.0002238637844433042
45,0.0008480142294330822,0.0012360151152224976,0.00038385780116091683,0.00010691721772752264,0.0002741781765071502,0.00021919997095200982,2.017053442387973e-05,0.004409456223300174,0.0017402257543751125,0.00012325440828295985,0.00040363444345300196,0.005053158970014099,1.0817558073511104e-07,1.006977514327669e-06,0.0011228991747919376,0.00020902438781540016,0.005815005660694724,6.877162093462614e-06,0.005563193662066025,1.6273340211896093e-08,0.0002766265774426351,0.972112528717496,1.0853133552939387e-06,9.411546395320171e-07,7.26039183172846e-05
46,0.0018224515605642078,0.03378225831426866,0.0016918802660599382,0.0003317517543625959,0.003663004242630422,0.0006383970857313281,2.393753829236071e-05,0.00692717022088289,0.018347878815242365,0.00027297192086205344,0.007911099569841889,0.010027392826402947,1.0154401270822885e-07,2.505574403123234e-05,0.05870841338559249,0.00028658022085195606,0.0024864063843415478,3.671491459210507e-05,0.016537356584228235,9.942102880876544e-08,0.0013282263008127567,0.8339324934947279,2.502829595520526e-05,1.5074105338879471e-06,0.0011918221841496412
47,0.001185070653948942,0.0029547112946217854,0.0005632724812162876,0.00015474555184846373,0.0007010436432628597,0.0002623537278575048,2.143413372746914e-05,0.0023472393083535203,0.0033926223514627978,0.00015848272988492685,0.0010652286756010307,0.005112581045641619,6.693055163656341e-08,2.7433525450329174e-06,0.002426826719701524,0.0001343180805519759,0.007778725546443635,8.188049428318076e-06,0.005401286848885707,2.898401983111485e-08,0.0005395063503352231,0.9654619605006804,4.449060612976385e-06,1.0051804408979368e-06,0.00032210879837541427
48,0.0009517923433717744,0.0011489740586205686,0.00028214809476947864,5.629010910646382e-05,0.00023103560880834785,0.00019784749007971083,1.5855234444685385e-05,0.0014496112128886776,0.0010856315190998437,0.00010091524569191751,0.00012306415516094904,0.0019377900479924806,7.16605862398993e-08,5.825277159874966e-07,0.0003309595166367905,0.00011347959319596816,0.012228427982590053,3.94993689067777e-06,0.008873049049905896,7.586333875356236e-09,0.00019188906000128843,0.9705740341709879,1.023421354654484e-06,1.6488211622372032e-06,9.992155260357478e-05
49,0.0006592217177778789,0.0015609670424024849,0.00040164880649137753,9.677192912862422e-05,0.000299934238917352,0.00018232628100389112,1.4707924074735076e-05,0.0017973704524452871,0.0018251266884815444,0.00010152539863917339,0.0003766417926177469,0.003914731456998239,4.77172902224504e-08,8.658901125306211e-07,0.0008867242599784965,0.00010098708297898115,0.005702512537144201,3.478795627231458e-06,0.0036303771610303502,1.3150926825132849e-08,0.00030547447267260117,0.9779996613895715,1.6005746167383692e-06,6.894659735886864e-07,0.00013659377309836412
50,0.004277574809049467,0.0009098541542630182,0.0009385595002027396,0.0001992312358203406,0.000780372488067753,0.00019129402240776827,6.651923370850886e-05,0.0045588574234586435,0.0027206947578059257,0.0004568856321416205,0.0010873772147231848,0.008106534718737164,2.507828140996201e-07,4.627498233505017e-06,0.0010845346637630069,0.0002278875124652824,0.01845781900139185,7.192234013721287e-06,0.007495233433805078,4.1632917637693204e-08,0.000359162775263543,0.9477529983167439,3.0730748437335837e-06,2.8193111014305843e-06,0.000310604572257058
51,0.0015890814365573083,0.0018015049083664623,0.0006354027458162265,0.00014722374189424069,0.0006403917901019855,0.00024229916456224203,2.733859548287176e-05,0.0022894764624736374,0.0026489204043160745,0.0001753374224309269,0.0007553737531711541,0.005380888102957278,9.219343430724e-08,2.472864669844861e-06,0.0013390399128736276,0.00017058675248223583,0.010735661537125421,7.213240820235578e-06,0.00627748148434133,2.601274242992514e-08,0.0004952872733558645,0.9643841530855264,3.4433507182134117e-06,1.3559289347518986e-06,0.00024994783484483994
52,0.0013039722464834368,0.002014516218852131,0.000517469647590024,0.0001502815785940346,0.0005119664021121509,0.00022681433868271264,2.1110440810967893e-05,0.0023946845072360906,0.0025657858821756655,0.00015227712075029047,0.0007434531997044669,0.004841299459552426,7.717164245866221e-08,2.010044935238664e-06,0.0014706414885936278,0.0001469781371566702,0.008034520312636897,6.838009026603307e-06,0.005487273483929105,2.2875804615935724e-08,0.00041413655442316526,0.9687730597697538,2.927120474627654e-06,1.034733799499923e-06,0.00021684925527930838
53,0.0014858657046844693,0.0013185933560461239,0.0008304803436244106,0.00027245504171659487,0.0008682885581948736,0.00031974572054070395,6.51878752908674e-05,0.0024785402420250215,0.003409642261179289,0.0002441794030465997,0.0018137262782880405,0.012365528184863828,1.1450854274642363e-07,5.559496457041206e-06,0.0023175903343645734,0.0002507268856799356,0.013233922389821563,1.3475251325970681e-05,0.0027905215493183567,7.383306693271398e-08,0.0012652299870962434,0.954229217068991,1.1242024197904807e-05,1.726397306004297e-06,0.0004083673043308549
54,0.0006331931930351121,0.003918454472271009,0.00017775441101582483,7.163412283349328e-05,0.0002086157236775004,0.00013724925381884085,9.453286856528456e-06,0.0011599756668694346,0.0017941018944784887,4.835666579498869e-05,0.0003023222476194542,0.002295553090254839,1.7277119659499096e-08,1.173596467683538e-06,0.0015079242103561387,5.002835679797092e-05,0.0032558012520035318,2.7782703992645365e-06,0.0037381506978622927,5.1441150898490404e-09,0.00017679890244355216,0.9802433721290881,1.6700172358970916e-06,5.648474894744352e-07,0.0002650512700960485
55,0.0010497313880372134,0.0010864577645167638,0.00035113621090528797,0.00012660037437161256,0.0004167891920258174,0.0002405080854949272,3.082938092332548e-05,0.0038099386598455416,0.0025417857096872477,0.00011142889300304964,0.00047830752508149464,0.012073854823612902,1.1558778209730445e-07,2.0351756204575647e-06,0.0010862452247996568,0.00020682914175176688,0.006385484615385851,8.545271169346623e-06,0.003283304877939481,2.5056284118375833e-08,0.00032870115715733867,0.9662208760876014,2.018261629053478e-06,1.05592702715475e-06,0.00015739560834700402
56,0.0013182723942279026,0.0018906642375263786,0.0005261387820869424,0.0001475261260571414,0.0005059063735867091,0.0002237832740039545,2.275489861820039e-05,0.002411606681111443,0.002499604546950735,0.0001505289882132344,0.0006787441573741283,0.004854543519938899,8.439420057815461e-08,1.966579826322936e-06,0.0013083364652609144,0.00015358940578097984,0.008506982793015183,6.710548001884518e-06,0.005544863423655544,2.256146741679311e-08,0.00040592947080448245,0.9686264836466926,2.828038285363713e-06,1.1105929736632105e-06,0.00021101810033966823
57,0.001205520993441061,0.0018958048756158666,0.0005668148533743581,0.00013400546658721193,0.0005181662269784059,0.00021523399002533545,2.1614435076147035e-05,0.002218145252846805,0.0024773140421849647,0.0001440262477367763,0.0006560858942847123,0.004934033701086291,7.435340816387944e-08,1.8684205276512296e-06,0.001306125677590022,0.0001448880619119368,0.008295729586270305,5.884266674389373e-06,0.005281223864115631,2.140340975709706e-08,0.00043222472353290355,0.9693295689921813,2.781589807465376e-06,1.0463524640369613e-06,0.00021179672886837157
58,0.0012291034750345183,0.001799802318180636,0.0004841277770289698,0.00012279180152856116,0.0004692291450233574,0.00023468258862604735,2.2343075826537086e-05,0.0020660284065158125,0.00205097398244489,0.00014887521116576968,0.0005107994269978486,0.004690953627931846,8.404378934195113e-08,1.8983881201770013e-06,0.0011176271390079553,0.00014543990843617213,0.009141263665156394,6.476729515799424e-06,0.005853232383083519,2.0396439499548074e-08,0.00040093121639935215,0.9692937555949046,2.7067794917040914e-06,1.3763162933937695e-06,0.00020547660305718506
59,0.0012150099549348803,0.0017539802073026842,0.000593022954312073,0.00012619944841058025,0.0005109169591693995,0.0002278658975122145,2.3774567504046668e-05,0.0021163697671058926,0.0021223258634149715,0.00015089524811449063,0.0005489020028717595,0.005057560325080244,8.663273369649311e-08,1.9487623656718246e-06,0.0011332671501630405,0.00015645182610366236,0.009329886132968973,6.140314862934546e-06,0.005690083161660968,2.218562602266681e-08,0.000457434401757505,0.9685706358308632,2.7889537120879476e-06,1.351266767183686e-06,0.00020308018468195112
60,0.0012685130962482693,0.0020200603751888025,0.0005165114774961392,0.00014262081921267267,0.0005071723561822757,0.00021645021714209616,2.1262670618256816e-05,0.0021902621019648186,0.002496295127333773,0.0001402746299543992,0.0006983157318485599,0.004688220307322103,7.144840544703645e-08,1.991697953799284e-06,0.0013935064915688968,0.0001418324538566205,0.0082529697147433,6.43834474999334e-06,0.00534799088256598,2.1172271458440608e-08,0.0004217345741718252,0.9692996203253519,2.9650673443484354e-06,1.035132061057708e-06,0.0002238637844433042
61,0.001303141621557237,0.0018523331161877637,0.0006112436947974857,0.00012616132814437838,0.0005488583459829763,0.00022586803115720694,2.3761908133660775e-05,0.0021123330194146167,0.002316129345137075,0.00015399724573323127,0.0006043120921680722,0.005029558923176875,8.29309774203693e-08,2.067391065367078e-06,0.0012302305090914724,0.00015117814280537028,0.009467179085829247,6.069044250743572e-06,0.005860972407222461,2.2099803502932198e-08,0.0004671837272256052,0.9676799733168062,2.952620516897305e-06,1.3053216466024668e-06,0.0002230847311686118
62,0.0012685130962482693,0.0020200603751888025,0.0005165114774961392,0.00014262081921267267,0.0005071723561822757,0.00021645021714209616,2.1262670618256816e-05,0.0021902621019648186,0.002496295127333773,0.0001402746299543992,0.0006983157318485599,0.004688220307322103,7.144840544703645e-08,1.991697953799284e-06,0.0013935064915688968,0.0001418324538566205,0.0082529697147433,6.43834474999334e-06,0.00534799088256598,2.1172271458440608e-08,0.0004217345741718252,0.9692996203253519,2.9650673443484354e-06,1.035132061057708e-06,0.0002238637844433042
63,0.0010693085725051361,0.0024722607083274115,0.0004183794167945522,0.00012931650655371066,0.0004394639083874889,0.0002076993521155479,1.683378739608748e-05,0.001940986567137448,0.0024612152209739827,0.0001120047201615498,0.0006122070965543685,0.003703440522106777,5.6258145295119537e-08,1.6236039869304514e-06,0.0014194851692568037,0.00011740638136644772,0.006871862283424978,6.022847663580786e-06,0.005258685991151978,1.6934713393411884e-08,0.0003609524899250169,0.972159511489374,2.705455157041872e-06,8.667970274273778e-07,0.00021768791979326
64,0.0011150930618876727,0.0019212680657791845,0.0006847224454489968,0.00013133382943584154,0.0005139999421951272,0.00022567142288817848,2.1221527503004614e-05,0.0019822122417021523,0.002292070479994705,0.00013591440400824307,0.0006516969633023874,0.005396707223259174,7.054186122487188e-08,1.970840343329903e-06,0.0014190340698470214,0.0001535715921354805,0.009374465225795745,5.971102835571763e-06,0.004896707355426291,2.325103637329831e-08,0.0006798025292421314,0.9681789104046676,3.578404860903195e-06,1.145916692838228e-06,0.00021283715785101376
65,0.0007324247187616754,0.0028705097222515023,0.00040217375048074984,0.00010655569816180544,0.00039740935536200544,0.00024742646710056827,1.669596255947395e-05,0.0012560032588176705,0.0018336006956285033,7.73130489985398e-05,0.0004251198454156003,0.003937210007522153,4.255910345081295e-08,1.7893414542084565e-06,0.001447687582905245,0.00011192721899570447,0.007546234802441234,6.707897670945852e-06,0.00436749148295537,1.7085954397102145e-08,0.0006230991613976346,0.9733268962685558,4.053868794876335e-06,1.128469064766433e-06,0.0002604817296460635
66,0.0015592565213984476,0.001827624169798942,0.000667072119307512,0.0001578312862827731,0.0006483829552568844,0.00023556589221858707,2.652460730941628e-05,0.002438393558588435,0.0027909803096904267,0.00017523576008948241,0.0007545086426173026,0.005086970213977256,9.610245157245531e-08,2.1861560190026196e-06,0.0012678315421996418,0.00017305265990309236,0.0098064723908132,6.722537339088262e-06,0.006231547213700837,2.5919220117047386e-08,0.0004602982771827845,0.965453634543281,3.1002008083800242e-06,1.2244630911702826e-06,0.0002254619574544552
67,0.00030367776867109355,0.0030123156948076717,0.00020709068376389346,7.253646537355596e-05,0.00017211328710599102,0.00034555951212084335,1.1791005078928647e-05,0.0005460451951818709,0.0009742174142479905,4.277010306613708e-05,0.00023077304649676977,0.0030571525627619465,2.131063251259454e-08,1.2391094578606738e-06,0.0012700819405166563,7.603688585842393e-05,0.0077900513612329594,7.3948628382796625e-06,0.002985045121597525,1.3163734501200685e-08,0.0008280853848378366,0.9777686558588565,6.266006724824263e-06,1.2225415267728214e-06,0.0002898437135086834
68,0.00016613245440561032,0.0011211309798254926,0.00024616432388424966,6.54753213459078e-05,0.00018103813463026235,0.0005226562273371138,1.6374766568872404e-05,0.002326625553730603,0.00112377667396096,7.866545639005665e-05,0.00025203302501657635,0.01161183606938386,4.162489050222599e-08,7.996798998996137e-07,0.0019536928573468605,0.00011783964382045994,0.004118354658407503,8.769352225781021e-06,0.0013808947540703746,2.464955456756737e-08,0.0011978110341225236,0.9734100712839914,2.917691697206882e-06,9.157668952635424e-07,9.595801659826977e-05
69,0.001013779351942894,0.0023043694192650885,0.0005120261794963739,0.00019196753625883183,0.0005952009128908026,0.0002015218103917519,1.734748778858087e-05,0.0022413777423471184,0.0039105956268284565,0.0001622223895256169,0.002091399551679369,0.0052926783935333494,4.9113770592716544e-08,2.1186134947660375e-06,0.0029547680632048745,8.754513210317171e-05,0.00767787354588367,8.53241859982757e-06,0.002712404002329723,3.892382374386633e-08,0.0006510737813802043,0.9670146933405208,5.726761090894883e-06,4.861792579021891e-07,0.0003502037225916817
70,0.0010677494605259054,0.002064090334558062,0.00080469324673142,0.0002489119066210168,0.0006199098880511567,0.000306601115705648,2.4561418170816622e-05,0.0028898113590861505,0.003960325577817562,0.00017026197349871,0.0010553462400377123,0.006124375885947977,7.876043968743588e-08,1.627895534281013e-06,0.0015964973473030697,0.0002060816971621755,0.006008143800046921,5.615484404725838e-06,0.004037875593623001,3.3210745141001585e-08,0.0005446814063339661,0.9680564789002174,3.4723016301766783e-06,7.055329880004324e-07,0.00020206966281939727
71,0.003256360653939942,0.0007107590073037669,0.0007717557256190141,0.00019856597508876312,0.0010627946684851194,0.00029403351651497995,0.00010994124897030067,0.00399420942654066,0.003990065613945889,0.00046888543855401374,0.0007282073858488757,0.007420022304002533,2.451066342418626e-07,3.1148612854648137e-06,0.0006822363599391157,0.0002411849878492933,0.01941411028136287,6.402136375928636e-06,0.005740528974478012,4.551255233707593e-08,0.0003565634683866673,0.9502301588290797,3.3941926750987004e-06,2.9294064956844765e-06,0.00031348491807150694
