,0,1,2,3,4,5,6,7,8,9,10,11,12,13,14,15,16,17,18,19,20,21,22,23,24
0,0.0024610398774789796,0.05413307577236412,0.0026007838611256926,0.0006669319140284983,0.0082046500500857,0.0011488346257490499,3.20989203220742e-05,0.016403087168589226,0.07446912354314515,0.0005175422984406508,0.02067916135804576,0.012596040451037517,1.5313650739181363e-07,5.358335128008195e-05,0.2146563367703369,0.0006233427581585643,0.00129921096087909,8.15384937508029e-05,0.023145662507644618,2.0242726201574863e-07,0.0020301627123162093,0.5625665502291701,6.912318467190285e-05,1.5517424930751284e-06,0.0015602118851168678
1,0.0020300377318378023,0.07596552617209504,0.0033975537966254702,0.0003482858190553033,0.009592015165819014,0.0008729743942252369,2.2302276608392296e-05,0.0110365186979061,0.06494726541480673,0.00040922166381483294,0.017767421535446415,0.01036397842335667,9.516507255612941e-08,4.827225192889416e-05,0.22782674920336357,0.00038770139757951185,0.0010382405731226886,4.0903440675015526e-05,0.027385052462719783,1.324342416789507e-07,0.0016982778838624246,0.5429817896005593,4.760368866126245e-05,1.2760386129649406e-06,0.0017908047680032582
2,0.0013541641665428853,0.07737609773976302,0.0022016020445236365,0.000234860897876734,0.00878387117142175,0.00045620318874176795,1.4616751876970435e-05,0.00894744682378269,0.0452784934922598,0.00031628632016496874,0.02893906909259443,0.01141110424619732,5.749490666090678e-08,8.315311551112318e-05,0.42871598874303274,0.00014837039748302603,0.0006844429777121826,4.0792130329784574e-05,0.01205241456871982,1.643166521708975e-07,0.0015544989570867808,0.3686404911101801,5.281220367906411e-05,8.162231075712211e-07,0.0027121818258529096
3,0.001593051706719746,0.07634179834741307,0.002113480997062463,0.0003048081509571183,0.006956732351622462,0.0007370700714916769,2.3286520334399158e-05,0.008644680259936787,0.037118566352020585,0.0002792149922381625,0.01675786218297374,0.01204778871052831,7.382871310745742e-08,6.993845984883399e-05,0.2607946889221955,0.000281921994357083,0.0010655562900666353,5.368461089645888e-05,0.01809214292088788,1.297358407403479e-07,0.001789242724926305,0.5526776325079622,5.3923358808410574e-05,1.4462487726028095e-06,0.002201277753425837
4,0.0018376239916809548,0.07818144963581053,0.0023266575250763745,0.0003295228518637083,0.007534319252400444,0.0007786272156109056,2.559155237685247e-05,0.009447283457993113,0.035986475295032794,0.0003031207605733989,0.017386691930897754,0.01279307936400084,9.560863557575674e-08,8.2458979265492e-05,0.2604133032812905,0.000325625765170621,0.0011673738734541657,6.152849036611124e-05,0.02101612113082332,1.4997949202335797e-07,0.0018347602090046525,0.5458867937068592,5.583262982638632e-05,1.735525673282378e-06,0.002223777986821096
5,0.0015367246320444976,0.08288977361004202,0.0016575188634589014,0.000364288986626721,0.006008682379064437,0.0008017168918330733,2.11253003256535e-05,0.008690319363908816,0.03402902099399568,0.0002460222042645731,0.0166757013832681,0.010653799953381315,7.71361498125569e-08,6.672807711329436e-05,0.26119319825993803,0.00029570618869854883,0.0010070244655596946,7.416969082259212e-05,0.01791286602957491,1.3922687838192585e-07,0.0017140535381798272,0.5521418712817001,5.692296094404263e-05,1.407877888476797e-06,0.001961140704338327
6,0.001593051706719746,0.07634179834741307,0.002113480997062463,0.0003048081509571183,0.006956732351622462,0.0007370700714916769,2.3286520334399158e-05,0.008644680259936787,0.037118566352020585,0.0002792149922381625,0.01675786218297374,0.01204778871052831,7.382871310745742e-08,6.993845984883399e-05,0.2607946889221955,0.000281921994357083,0.0010655562900666353,5.368461089645888e-05,0.01809214292088788,1.297358407403479e-07,0.001789242724926305,0.5526776325079622,5.3923358808410574e-05,1.4462487726028095e-06,0.002201277753425837
7,0.004568322702500995,0.057001179842186646,0.004470521393285098,0.00048065103924476343,0.010335036802710853,0.0004498699856960313,3.2105528808563424e-05,0.01672625699318585,0.04384803815874819,0.0006884188009175931,0.028780043625273487,0.012055611159818028,1.948406921502338e-07,6.976766218046543e-05,0.1609603859410036,0.0003194474214431148,0.0013090753566424428,3.164501954536172e-05,0.029439406316107048,1.7085824607430686e-07,0.0007623435715775156,0.6256406571520182,2.2467997020280707e-05,1.4380518481111208e-06,0.00200694377929945
8,0.002522210208615697,0.06166037361194706,0.004604934544527678,0.00032505663961300145,0.008857780966518958,0.0006220003085050341,3.361760951724434e-05,0.007766026919446356,0.03731087627323586,0.0006230023304599296,0.020909974329476964,0.020890691426978976,9.929811224008159e-08,0.0001460161252968011,0.263936335199713,0.00025102296869055176,0.0015110192587981203,3.258456187327252e-05,0.015461652316431432,1.8980157008851425e-07,0.0026691979587448985,0.5452686825771271,9.033839189483578e-05,2.955825121197925e-06,0.004503360547783695
9,0.0018168743507470672,0.07394230139048193,0.002409441228346684,0.0002758771776914225,0.006285836374787849,0.0004951023171884062,1.9027602116443062e-05,0.006434056673094148,0.03405597900726099,0.00042868198095012656,0.02193680839344108,0.013866634150774177,5.409573044775349e-08,0.0001150186843134414,0.3494608817427911,0.00014902152349376995,0.0009744406487287185,3.2799732572363396e-05,0.01197806342213648,1.282386062372452e-07,0.001958111533583683,0.46912161785251694,8.237454046780757e-05,1.6889039497494879e-06,0.004159178434229017
10,0.001593051706719746,0.07634179834741307,0.002113480997062463,0.0003048081509571183,0.006956732351622462,0.0007370700714916769,2.3286520334399158e-05,0.008644680259936787,0.037118566352020585,0.0002792149922381625,0.01675786218297374,0.01204778871052831,7.382871310745742e-08,6.993845984883399e-05,0.2607946889221955,0.000281921994357083,0.0010655562900666353,5.368461089645888e-05,0.01809214292088788,1.297358407403479e-07,0.001789242724926305,0.5526776325079622,5.3923358808410574e-05,1.4462487726028095e-06,0.002201277753425837
11,0.001724488594796349,0.07154086912487055,0.0022203526110662493,0.00031630506615597416,0.006884403278214494,0.000756767532913579,2.5174447972271088e-05,0.009885631122400556,0.03732878486748639,0.0003121117193259607,0.016575034791278347,0.012861264862843844,9.220651014328142e-08,7.01313068530666e-05,0.245175561381974,0.0003149835775881,0.0011439939444902278,5.654315937693087e-05,0.019598489625906844,1.3862154816092063e-07,0.0017050820117022268,0.5693871359176411,5.086613421148954e-05,1.6107925344331425e-06,0.0020641833003387992
12,0.002063618022099583,0.10864819047447995,0.002730309492420307,0.0003462980178588085,0.05523547123456378,0.0018157928001165684,8.984381510405608e-05,0.002519819885127839,0.0547264683078489,0.0002339880322985726,0.026969654423327764,0.019305965823696165,8.903303609274329e-08,0.0008054483965184855,0.425290035055503,0.00038491001006794146,0.0021955004250476524,0.0002591305361260109,0.015602841115234701,6.698856200999562e-07,0.00912109546498869,0.2577651815785266,0.0007045835204706967,5.797325944672207e-06,0.013179297323972805
13,0.0017449585852447335,0.06796357957420916,0.002364645692876113,0.00032173778496019916,0.007045248838549684,0.0005621175256647887,2.2520367470107746e-05,0.009621886329398062,0.035947628408002946,0.0003016045482959523,0.024862659868395278,0.01445220999095685,7.887469303746177e-08,9.287396749659928e-05,0.32742343104748806,0.00026638887635965173,0.0010020243652325634,5.4914507047245705e-05,0.014790607859366143,1.5865274157636208e-07,0.0018637661850738328,0.4869449398462635,5.767140882524886e-05,1.2687260233875863e-06,0.002291078169365169
14,0.0010248476450809701,0.21777701250437037,0.0021027904130805956,0.00034961068568386996,0.009438830719151832,0.0007572915391095346,7.643187849766256e-06,0.005722734147657069,0.030437699733927157,0.00014027480033830723,0.021548050330086072,0.003955055633113099,7.773909077193215e-08,3.8120088082386173e-05,0.284644375474109,0.0002464272975528575,0.0004991223040212864,7.795046739948871e-05,0.03189436695925911,1.5958447126623127e-07,0.0011604134289926113,0.3870247583543892,3.719736595445932e-05,6.315890785348574e-07,0.001114558008150351
15,0.001593051706719746,0.07634179834741307,0.002113480997062463,0.0003048081509571183,0.006956732351622462,0.0007370700714916769,2.3286520334399158e-05,0.008644680259936787,0.037118566352020585,0.0002792149922381625,0.01675786218297374,0.01204778871052831,7.382871310745742e-08,6.993845984883399e-05,0.2607946889221955,0.000281921994357083,0.0010655562900666353,5.368461089645888e-05,0.01809214292088788,1.297358407403479e-07,0.001789242724926305,0.5526776325079622,5.3923358808410574e-05,1.4462487726028095e-06,0.002201277753425837
16,0.0016945620954038208,0.06350085509968569,0.002589632438553534,0.0003543040176879009,0.006694220094861559,0.0007646277356046788,2.816513432598101e-05,0.010109972278169973,0.02963453239118597,0.00027354479621363975,0.020471383005319616,0.016864072748402056,1.0065567860078916e-07,9.825130006749389e-05,0.30741915847118223,0.0004174375150334276,0.001184648953167595,8.044766625806984e-05,0.017118026137227543,1.8708765671476516e-07,0.002707990807428366,0.5161010111406843,6.613118788950064e-05,1.7844015389140048e-06,0.0018249528407728401
17,0.0029004568799617016,0.055057867327963035,0.002724413822577605,0.0003747926223844426,0.009535149008029034,0.00043561379578805503,4.833071308654404e-05,0.009633628254884445,0.035488508928402406,0.0002637149214850222,0.023817055006842756,0.02273126170283974,9.544272526014669e-08,0.00015461155422425858,0.21578918149505658,0.000278669292360976,0.0016062426845155574,4.2890573649130094e-05,0.011338445233141078,1.5848665664981565e-07,0.0019418356154207559,0.6021195638774415,5.6567743401591176e-05,1.7017247267387718e-06,0.0036592432924349868
18,0.0018051388354057272,0.07672539448001535,0.0009924791874235778,0.0001744588937786443,0.005698162400458718,0.000383707182606467,2.394333185502427e-05,0.0036448712205888385,0.026674970639639653,0.00018047619634299042,0.01246976217892978,0.007072548613276761,3.188230611228192e-08,7.27612453231347e-05,0.1572192479559379,9.165225343660484e-05,0.001908374286722975,3.503026766720535e-05,0.013334412088953947,7.013561144039006e-08,0.0009985428064101277,0.6850587351513439,4.8438286574624395e-05,1.348064904737921e-06,0.005385442414485946
19,0.0015137731330595238,0.042726200658787836,0.002706241562300947,0.0003025664121546528,0.006600670463853111,0.0008346409565182188,3.577313374276256e-05,0.012093474381231775,0.04157635194429712,0.0005243394487476791,0.012095772028911071,0.016533947994081238,1.0790638942679883e-07,4.146654838354982e-05,0.14789690162004562,0.00030320583813659883,0.0011934301355683925,2.8987289711263757e-05,0.015267146144889195,1.3267709275414774e-07,0.001349597288457732,0.6944939414654213,3.317075956411318e-05,1.6988696797138124e-06,0.0018464613389745001
20,0.00045930872275520216,0.07718741548168248,0.0009380207165204115,0.00016132209893296218,0.0017655284048290983,0.0004160437380752687,7.218683194631125e-06,0.007631096563329557,0.017737712618993744,0.00010891948420819899,0.010185987304041076,0.00994412564136571,2.7380513522900622e-08,2.597398573314551e-05,0.32655241125499507,0.00013143742711611248,0.0004068015112592336,3.37757883129131e-05,0.0072016987222927,5.7351938392448466e-08,0.0013552724789833352,0.5367745474098257,2.5148604687172876e-05,5.424094009716063e-07,0.0009496062170132889
21,0.0024929185791423237,0.07109971261728248,0.002780990985063876,0.000522972007574853,0.007254273253039778,0.0005479556648322569,2.2668214736793374e-05,0.01057302531112049,0.035137003835144,0.00025091193463634833,0.036657038539846504,0.016851505870832343,9.945127528325813e-08,0.00014164401380900143,0.3885070557367552,0.000412742700591707,0.0008803728423400346,7.987448877920286e-05,0.01508932905436808,2.2179192534261858e-07,0.002319480340078758,0.4063210111108971,7.338259976345603e-05,1.1817079823129941e-06,0.001982627348182487
22,0.0019596671463101476,0.05149860922908368,0.002883522758866248,0.0004415200849017453,0.007118000603810329,0.0005841336220049455,2.5187301572962462e-05,0.009829085982371297,0.03438010184514906,0.0004091007165051081,0.033738822684714516,0.012847805347844698,1.041367871196479e-07,7.780862592553865e-05,0.2704075182423497,0.000348585127244595,0.0017153835540676717,8.177378938295083e-05,0.015839377186217984,2.487228422957678e-07,0.0024689126001724696,0.5513525330076957,7.076064456629443e-05,1.3370734192792156e-06,0.0019200999661935978
23,0.001593051706719746,0.07634179834741307,0.002113480997062463,0.0003048081509571183,0.006956732351622462,0.0007370700714916769,2.3286520334399158e-05,0.008644680259936787,0.037118566352020585,0.0002792149922381625,0.01675786218297374,0.01204778871052831,7.382871310745742e-08,6.993845984883399e-05,0.2607946889221955,0.000281921994357083,0.0010655562900666353,5.368461089645888e-05,0.01809214292088788,1.297358407403479e-07,0.001789242724926305,0.5526776325079622,5.3923358808410574e-05,1.4462487726028095e-06,0.002201277753425837
24,0.0019555975687366315,0.09571025941532044,0.002217208226667877,0.000431140916764984,0.008725594580169322,0.0006590658974733922,2.146807684411695e-05,0.008691581099767353,0.0362769587440566,0.00026397618477593367,0.021995939360874725,0.012098070581809398,9.187197456189249e-08,8.589176588806135e-05,0.2459883474427316,0.00027469965760709225,0.0010166993396766657,5.9582820503316196e-05,0.017836027307591994,1.7100493207293335e-07,0.00151312998286939,0.5416712401681998,5.223261171331561e-05,1.277054625773021e-06,0.002453748318425616
25,0.0032386678796753375,0.035750065071001466,0.003078587412944226,0.0004961530127228258,0.008928835601023227,0.0003423194708231815,4.196162537653651e-05,0.017685438836341043,0.036403917413344415,0.0005011206685511792,0.05846573479099686,0.02536770488032329,1.6173214244520136e-07,0.0001661931282360734,0.32579435161755516,0.0003080082836887658,0.0013253315570913478,6.317146240700582e-05,0.010104105036225906,2.979617995023605e-07,0.0015232483119433325,0.467915634918119,4.903269943766897e-05,1.220933668205765e-06,0.0024487356945620447
26,0.0023021145301297574,0.07499138870010497,0.0017957638108807635,0.00034470291292961814,0.010166538534260621,0.0013256691593437687,3.19015933018696e-05,0.007744552228224422,0.06974398554116848,0.0004353347581347993,0.013556528671909977,0.00810888876148874,9.373232224372114e-08,6.167570628945788e-05,0.19487599157436572,0.00033862089732897716,0.0017967825725373695,8.940333958050953e-05,0.030347526907252675,1.4457909573727843e-07,0.0019127334852808682,0.5769567317130339,9.538565641508431e-05,2.3324590244914283e-06,0.002975208175595107
27,0.0009880479994342152,0.0904186825390961,0.0011083759406464823,0.00022481362346206486,0.003934255089165296,0.0005212739958873256,1.278152332892663e-05,0.007224988959640226,0.03677282152499507,0.00017625752090750032,0.012078142273993866,0.007784946181492665,3.35351867932553e-08,3.3694882155178366e-05,0.23270562187003901,0.00014198873223511787,0.0006094845861252397,2.8082182210043985e-05,0.01254431016227159,5.960535840927315e-08,0.000855740852656881,0.5897983202727426,2.9681976950286778e-05,6.774268815021701e-07,0.002006916743137734
28,0.001593051706719746,0.07634179834741307,0.002113480997062463,0.0003048081509571183,0.006956732351622462,0.0007370700714916769,2.3286520334399158e-05,0.008644680259936787,0.037118566352020585,0.0002792149922381625,0.01675786218297374,0.01204778871052831,7.382871310745742e-08,6.993845984883399e-05,0.2607946889221955,0.000281921994357083,0.0010655562900666353,5.368461089645888e-05,0.01809214292088788,1.297358407403479e-07,0.001789242724926305,0.5526776325079622,5.3923358808410574e-05,1.4462487726028095e-06,0.002201277753425837
29,0.001593051706719746,0.07634179834741307,0.002113480997062463,0.0003048081509571183,0.006956732351622462,0.0007370700714916769,2.3286520334399158e-05,0.008644680259936787,0.037118566352020585,0.0002792149922381625,0.01675786218297374,0.01204778871052831,7.382871310745742e-08,6.993845984883399e-05,0.2607946889221955,0.000281921994357083,0.0010655562900666353,5.368461089645888e-05,0.01809214292088788,1.297358407403479e-07,0.001789242724926305,0.5526776325079622,5.3923358808410574e-05,1.4462487726028095e-06,0.002201277753425837
30,0.001593051706719746,0.07634179834741307,0.002113480997062463,0.0003048081509571183,0.006956732351622462,0.0007370700714916769,2.3286520334399158e-05,0.008644680259936787,0.037118566352020585,0.0002792149922381625,0.01675786218297374,0.01204778871052831,7.382871310745742e-08,6.993845984883399e-05,0.2607946889221955,0.000281921994357083,0.0010655562900666353,5.368461089645888e-05,0.01809214292088788,1.297358407403479e-07,0.001789242724926305,0.5526776325079622,5.3923358808410574e-05,1.4462487726028095e-06,0.002201277753425837
31,0.0020800129301361686,0.06928899542522596,0.0029731102220183457,0.0003098689049089621,0.0056767180919891766,0.0005381679485122591,1.7791294202449887e-05,0.01666283707173033,0.03071929914773895,0.00026022260788588123,0.016419472876922,0.015023195158049498,1.3535782601764843e-07,6.254863913293383e-05,0.24803014800288026,0.0004008766862381021,0.0010672406821378968,5.984056504589718e-05,0.02459924600886075,1.2653818922775113e-07,0.001692352978295541,0.5628701274709347,2.9169056651512188e-05,1.3670198806531449e-06,0.0012171293146064203
32,0.001633467927407097,0.08681850415156572,0.0021040015449488923,0.00029598780967430655,0.006748606433999257,0.000754898351657049,2.014241880124937e-05,0.00844839352052362,0.03565171668048261,0.00026195974532190795,0.015133778633646695,0.010548153553048252,7.845200448028978e-08,6.38697458718021e-05,0.2447855670839846,0.0002902957631122119,0.001068484070899545,5.6150645466969474e-05,0.02213637055838364,1.2107949592468103e-07,0.001653903993613023,0.5594555131381506,4.9469746427948114e-05,1.4837949542427037e-06,0.002019081156558356
33,0.0015599859654620955,0.07389136760352141,0.0021996765483510406,0.00030416762313748236,0.007442413579846579,0.0006920072644970387,2.2688385121976356e-05,0.008661762347844389,0.04212846907293826,0.0002983167027021449,0.020297181012085608,0.012345016832226942,6.589992209368151e-08,7.39667775956556e-05,0.3048774882615115,0.00025070227200365934,0.0009582685688386168,4.9302349121664775e-05,0.015429839628828868,1.3817251065707083e-07,0.0018799945465185512,0.5041596304814834,5.95153440914074e-05,1.2429040455062042e-06,0.002416791855793465
34,0.0017835765689937302,0.07729282580285653,0.002214494719757763,0.0003155723893464325,0.007365632337079684,0.0007116157835031402,2.3440637666460958e-05,0.008914744403707311,0.03813886480014817,0.0002872795766559361,0.017884064256083146,0.01193700871108168,7.829914685254047e-08,7.43948595827891e-05,0.2629417860895902,0.00028852265807901835,0.0010939656621041895,5.4915333250981584e-05,0.01932830760311339,1.3300324713691992e-07,0.0017531521953805373,0.5453056271283262,5.358511041907391e-05,1.4551089514328989e-06,0.002234956961928179
35,0.0016048716954738926,0.0769515557073671,0.0019598712764643017,0.0003027863342939075,0.0065602989755241805,0.0006981289211369796,2.1622977773283974e-05,0.009004151269630927,0.03873955331878181,0.00026561258367952467,0.016130726605011084,0.011244615958818895,7.032648611114612e-08,6.127422410579697e-05,0.2475527347515058,0.0002689841286671168,0.0010083889253577488,5.0168014514880635e-05,0.01812187928795632,1.1580013108698607e-07,0.0015608194211302435,0.565763497226513,4.710288813128052e-05,1.2802704580785143e-06,0.002079889111086535
36,0.002186643577316697,0.15422927084107962,0.005187749225088499,0.0004391172980814386,0.02533265908489181,0.0018948250130703607,1.7483156817761307e-05,0.005215060043781699,0.08029587499247828,0.0006206851415863911,0.022873817725850575,0.004916519243986089,9.822138776339443e-08,8.596368952201647e-05,0.37224538221246783,0.00037840681263740064,0.000826884113678839,6.638987981383232e-05,0.04753802992277632,2.528213274113805e-07,0.0037208199012705215,0.26892973565268957,0.00016582434139931533,2.177016711154201e-06,0.0028303300702888744
37,0.004441386908691455,0.0683444276770395,0.004038024304433068,0.0003929834330719943,0.012778581574915708,0.0008509913397000032,6.870854132251197e-05,0.0071612195861447715,0.024122851120018652,0.0003413443990091507,0.021390321404769645,0.023128264658861725,1.7951716508288826e-07,0.00038642538378063366,0.2859419110935774,0.0006068007368277213,0.0027766985673322517,0.00012810563695929956,0.028745760766066795,2.7491522776135755e-07,0.0047137160893178254,0.505405980797863,0.00014766426851754933,6.430169619832308e-06,0.004080947109766884
38,0.0011181188811943872,0.06571360906915685,0.0018804080388019763,0.0002897021351983209,0.004385044792006608,0.001200305808783173,2.6049865529997003e-05,0.008630758898983786,0.027519139643368322,0.00022971845838157902,0.012102029728553607,0.01358578384285779,8.412750446655052e-08,5.905501516262947e-05,0.2976122900680768,0.0004975537786794996,0.0009511003012635746,8.61239504375367e-05,0.01971074299156124,1.2672585233139114e-07,0.002897984142330555,0.5401869546826886,7.045438593502104e-05,2.0087548611171986e-06,0.0012448519128301417
39,0.00047342744081186374,0.06820671702065609,0.0019280733944887396,0.00016670561962639033,0.002906449070934364,0.0012415672391511566,1.2298352035798307e-05,0.008263238349329427,0.023470312033197768,0.00011605027598602164,0.004126828283400763,0.012066329092009569,4.933570676616447e-08,1.6714007466385633e-05,0.1697835113144365,0.00041679790390785276,0.0008697600855978135,4.4856900697640155e-05,0.017093738279572623,6.538460650010866e-08,0.003610527740422503,0.6844699114009704,3.2486800106453267e-05,1.1995218888638066e-06,0.0006823851529916895
40,0.0002621688198190903,0.016181254093796414,0.00015508606494426004,0.0006982600871501492,0.0004740311291316123,0.007001311149486178,1.5427297694446374e-05,0.014994423007633118,0.07112986775917454,0.0006958501705031919,0.0027362424311992858,0.0024227738772911954,4.6774438068299165e-08,1.4584089184337739e-06,0.08220337090899749,0.0007999660821865303,0.0007310344232542492,0.00016382694635067,0.01349206904477731,5.6567298003563046e-08,0.000916195896818433,0.7846545842792103,5.611174702720418e-05,1.0292737262959986e-06,0.00021355375917336743
41,0.0018346394488425112,0.134413006705819,0.002017071072653991,0.0004935080850201224,0.012435787834196684,0.0006355766417869413,1.198187000536839e-05,0.013467496289480546,0.07036651007507407,0.0002314959628558409,0.03141278587784617,0.006775250697910991,9.373420406951926e-08,6.709395258190915e-05,0.3730489724376207,0.0003312707410523633,0.00042983149339101043,7.268192661104166e-05,0.024710646006030536,1.6681459789378284e-07,0.000902472798837354,0.3249106989665649,3.7608799040293014e-05,5.840230566613188e-07,0.0013927677449189842
42,0.000338279492175469,0.07993965653816,0.0009588681320185092,0.00015048970176509112,0.0011580836475779046,0.00046618850871303034,3.7513284829637047e-06,0.007684116379277997,0.02004502367907513,6.203844753371529e-05,0.002800503745568157,0.003944391781837659,2.1586103230272007e-08,3.5907202104245533e-06,0.07928521761052218,0.00019125758372441637,0.0003694065914725817,1.3213408391167794e-05,0.015215532532674004,1.7911478553877767e-08,0.0005828516470335085,0.7864845815983331,5.735407274189308e-06,2.6974040821694004e-07,0.00029691228018864467
43,0.004338854702493151,0.13710712181857385,0.0012145175177999882,0.00030976735386830376,0.011430167252862642,0.00016794799142885193,2.4192950068197154e-05,0.004441031293835628,0.02990155488762093,9.191346856807487e-05,0.06355630844173386,0.011020667219014528,4.308383549967808e-08,0.000566862270145378,0.43366354867026874,0.00011806211916082599,0.0006171666289798031,6.11594073954893e-05,0.012784949518335396,1.1524499057118848e-07,0.0004645906638959414,0.27941805744838516,5.788587730112779e-05,7.629131788438587e-07,0.008642751256259263
44,0.001593051706719746,0.07634179834741307,0.002113480997062463,0.0003048081509571183,0.006956732351622462,0.0007370700714916769,2.3286520334399158e-05,0.008644680259936787,0.037118566352020585,0.0002792149922381625,0.01675786218297374,0.01204778871052831,7.382871310745742e-08,6.993845984883399e-05,0.2607946889221955,0.000281921994357083,0.0010655562900666353,5.368461089645888e-05,0.01809214292088788,1.297358407403479e-07,0.001789242724926305,0.5526776325079622,5.3923358808410574e-05,1.4462487726028095e-06,0.002201277753425837
45,0.0010609856307516484,0.04550401598303068,0.0014811098511239309,0.00023708141158571396,0.003371036397397655,0.0008036035250927164,2.6049102973685616e-05,0.020029415919120233,0.028859423481653827,0.00026441895633590287,0.009547868557088501,0.01414606077983402,1.0998243337395351e-07,3.501180703627984e-05,0.23890385922852558,0.0004617222555657468,0.0007309336117402814,6.147162917318472e-05,0.018300173185390387,9.206079144630722e-08,0.0012319876764367696,0.6142160253737141,2.1371972066701017e-05,1.4363400498045577e-06,0.0007047352810875908
46,0.0017204936428510686,0.02664347378446752,0.001464838586083885,0.0002798414061266121,0.0029809679235314407,0.0005504372724110876,2.482284692569583e-05,0.006724743726652737,0.017286714443836455,0.0002661654674367375,0.0067752059280801295,0.011126418540683991,8.058163311484997e-08,2.4115086153268085e-05,0.05470947291775275,0.00024596247875652435,0.0025052754328890314,2.878484104952254e-05,0.013141015965596907,7.759727864643968e-08,0.0012649078408356199,0.8509694795951376,2.3012766714633777e-05,1.4691735651897777e-06,0.0012422221535500566
47,0.0011948989622993782,0.08786983479793933,0.0019089656101730589,0.00025742614414471293,0.008534905001127267,0.0007347188604631391,1.9357551185153747e-05,0.007355794911224283,0.042791101098763454,0.00027450909216856194,0.021035796618988863,0.010212021558063887,5.615300688791551e-08,8.025419659200292e-05,0.37255265644142127,0.00020556862635477704,0.0008246877139243511,5.698442680240543e-05,0.01515835631611491,1.523533988780157e-07,0.0018725770825049344,0.42432431661776787,6.875284051165697e-05,1.1685947358447485e-06,0.0026651384303229718
48,0.0013781999228823052,0.0572337281943525,0.0012889475986457572,0.00016367859610788192,0.00351126408875803,0.0008741353500749253,1.8790141068877833e-05,0.007156379228654041,0.019507834773959266,0.00026261967460684176,0.0039169035646757,0.0065939644943856,8.569926867299665e-08,2.4919945529790785e-05,0.08375368126950351,0.0002738802044572583,0.0018199843358854505,4.312461511659046e-05,0.036641474573175556,5.475797331317618e-08,0.000977284976283491,0.7733424633372425,2.159229153107734e-05,2.548029143926857e-06,0.0011924603367170917
49,0.0008970631230058812,0.07071455740543496,0.0018585979706754936,0.00023942061101697962,0.0045284238831601285,0.0007488738385605618,1.6821659819098797e-05,0.007942311523797048,0.030566570848722583,0.00021955167058532513,0.009873404914377236,0.011548612354759675,5.5456496420430014e-08,3.1670726270573324e-05,0.18469999574607765,0.00023160878990734362,0.0008402601868245061,3.30163835441215e-05,0.013990948183698611,9.176826150544364e-08,0.0015461135424730845,0.6579602753129299,3.295138932152813e-05,1.0557680054907412e-06,0.0014777469422741652
50,0.005947279077251485,0.03308450027961035,0.0036183144310701636,0.00045970115564420995,0.012349869475492312,0.0006490285989180113,9.324706459318525e-05,0.01787149804638079,0.04251755132252577,0.0010019921480305248,0.030828135167746892,0.023285250621569064,2.511850449150879e-07,0.0002113972533538244,0.21791982848936908,0.0004569603389456725,0.002402195059139634,6.391376023046554e-05,0.024571391548184607,2.582401039345755e-07,0.0013889140151414768,0.5775472936299582,5.5188981847230514e-05,3.9824426698347525e-06,0.0036720576671783953
51,0.002005795191768177,0.0669528077543022,0.0025956709745756893,0.00031311630151326846,0.009061624835294083,0.0008575884470338978,3.2103380182899106e-05,0.009150378239013823,0.04136598763577198,0.00036407970173213194,0.01807406072998645,0.01405017984386917,9.59539923038982e-08,9.021365967055315e-05,0.25812135201436354,0.00034664474372104255,0.0013941180577497676,6.262025376064198e-05,0.021444774923216024,1.615099661817428e-07,0.002151352753356083,0.5489646018517175,6.658744400890492e-05,2.005452711571068e-06,0.00253207834672223
52,0.0015969907177731393,0.07390494958505826,0.0020803505989462775,0.0003140354369248069,0.0068833415186440585,0.0007676916715002168,2.285711642895921e-05,0.009360020807844644,0.0380381223998116,0.0003034745320214964,0.017428694049092766,0.012182167132484203,7.847581988918328e-08,6.899321402197096e-05,0.2732165184187068,0.000288505145877676,0.001014500519367804,5.6865408133735004e-05,0.01832837684227363,1.3796482598892648e-07,0.0017442568690950759,0.5402683558470823,5.3190272314108665e-05,1.438563800910801e-06,0.0020760868921496224
53,0.001620542060870346,0.036592632079705784,0.002798819851105882,0.00046299024946001334,0.010761676867168272,0.0009096089093927756,7.81258117526997e-05,0.008317931786472632,0.045847941530166095,0.00042700229566373677,0.03611977682397693,0.02683373179087189,9.696505492905927e-08,0.000179548199853856,0.3694101063606345,0.00043547019735499593,0.0014559265953720479,9.599915406953159e-05,0.007623609808599308,3.6658545714922835e-07,0.004522374139818683,0.44178865703687287,0.00018233838713509513,2.221451116152681e-06,0.003532505062053845
54,0.000876378644320024,0.14433184116082975,0.0007217044667320128,0.00014752268559980423,0.003010190479387743,0.00037297761554758326,1.1015371862127317e-05,0.004274806632835477,0.023220751319860178,8.394674018753129e-05,0.007757343202314009,0.005657231177123577,1.696610153910206e-08,4.4775961784325377e-05,0.2528277454505805,8.960863138016405e-05,0.000430593060548393,1.9052264762550764e-05,0.011690957646145642,2.9391924669618804e-08,0.0006259380106666658,0.5409828643455477,2.442723637329249e-05,6.983943317003977e-07,0.0027975831432530598
55,0.00153337927985296,0.04251366439724855,0.0018242008196162618,0.0002842986155456584,0.007184747883351296,0.0009293056432967984,4.6838812434072844e-05,0.01658993117617074,0.04421862059108449,0.00024625835286366896,0.012311621030280785,0.035689800859528754,1.3861890907813314e-07,8.634446374387704e-05,0.21839600426296538,0.0005218967737753264,0.0009837914346669595,7.791448860411111e-05,0.013253180330504162,1.6801422503211042e-07,0.0016779224312341932,0.5998291779248167,4.273786670913299e-05,1.844332682382062e-06,0.0017562115958895835
56,0.0016849542057830779,0.07339574093605952,0.0022084479550425343,0.00032466984460690344,0.006994637896134152,0.0007831133034186489,2.4798346225795943e-05,0.00972886862664948,0.03759976069088666,0.00030386532775306856,0.016538449521623456,0.012743765442856676,8.997439570096845e-08,6.950722379051177e-05,0.24846799816358497,0.000315131001556281,0.0011200776806693207,5.751177450952523e-05,0.019302116981568068,1.4169489444209467e-07,0.0017740381291506434,0.5644318903943852,5.237281938714726e-05,1.5772400348276707e-06,0.002076474825033497
57,0.0015382621129227628,0.07390860466554353,0.002383423163795265,0.0002924012441340321,0.007273678923898932,0.0007509426821805994,2.3863023445684703e-05,0.008883577529085664,0.03745043232076508,0.00029018501638778955,0.016024501591133725,0.012962522481425449,7.839499705853692e-08,6.644676666026596e-05,0.24799227759283707,0.0002938652550940654,0.0010975085502377073,4.974352665541673e-05,0.018289082526541885,1.341855245114077e-07,0.0018810192458145326,0.566367103055123,5.14082761773834e-05,1.4829575778378524e-06,0.002127454912040914
58,0.0016468899998200019,0.07183449890310657,0.0021709072523044687,0.00028238884291501666,0.006935785621450477,0.0008986446575670947,2.663220986799151e-05,0.008933067777122385,0.03385373309520539,0.00033171610580959857,0.012951313377685082,0.012995298945601506,9.589507790531858e-08,7.124684401621486e-05,0.22890699781354223,0.000323539111459251,0.0012726193562626678,6.11119919303511e-05,0.022002636756074688,1.36657590407236e-07,0.0019155903770304294,0.5904151680841372,5.5716833671224644e-05,2.165142753342197e-06,0.0021120983479985616
59,0.0016070277937802742,0.07085869431002233,0.002582811522126027,0.00029014512677403225,0.007325472567252389,0.0008436944978853865,2.686270328525075e-05,0.009023572805368961,0.03385374218886366,0.00032676348202861173,0.013973937092436347,0.013827924574312967,9.65237920433612e-08,7.140322804345868e-05,0.22887465219010017,0.0003331887184472171,0.0012751962061785687,5.60316149381218e-05,0.020737442208930975,1.4663159532592507e-07,0.0021035798984697647,0.5898724829900605,5.491863261391766e-05,2.0225377840229054e-06,0.0020781899549098455
60,0.001593051706719746,0.07634179834741307,0.002113480997062463,0.0003048081509571183,0.006956732351622462,0.0007370700714916769,2.3286520334399158e-05,0.008644680259936787,0.037118566352020585,0.0002792149922381625,0.01675786218297374,0.01204778871052831,7.382871310745742e-08,6.993845984883399e-05,0.2607946889221955,0.000281921994357083,0.0010655562900666353,5.368461089645888e-05,0.01809214292088788,1.297358407403479e-07,0.001789242724926305,0.5526776325079622,5.3923358808410574e-05,1.4462487726028095e-06,0.002201277753425837
61,0.001659645697398241,0.0733609156195841,0.002583941846949197,0.00028149865048784483,0.00756359609740969,0.0008187093068979882,2.594823825025707e-05,0.008669669062500199,0.03574448629179965,0.0003188465091123607,0.014739242292690104,0.013487063366553378,8.951740906587372e-08,7.369525817077459e-05,0.2406574679964972,0.00031664717984028945,0.0012476307705088466,5.3576403420150886e-05,0.020749820889288624,1.405808465582524e-07,0.0020961815389574554,0.5732756432182657,5.6898956740864514e-05,1.9100055791427563e-06,0.0022167347048421752
62,0.001593051706719746,0.07634179834741307,0.002113480997062463,0.0003048081509571183,0.006956732351622462,0.0007370700714916769,2.3286520334399158e-05,0.008644680259936787,0.037118566352020585,0.0002792149922381625,0.01675786218297374,0.01204778871052831,7.382871310745742e-08,6.993845984883399e-05,0.2607946889221955,0.000281921994357083,0.0010655562900666353,5.368461089645888e-05,0.01809214292088788,1.297358407403479e-07,0.001789242724926305,0.5526776325079622,5.3923358808410574e-05,1.4462487726028095e-06,0.002201277753425837
63,0.0013193172708521898,0.09371191622100872,0.0016968470541595029,0.00027490423492984605,0.0057901588438552575,0.0006855669118802238,1.7265113351921208e-05,0.007524640127439845,0.034996512746613084,0.00021372981127602304,0.01447876088399846,0.009318911272996722,5.7360083877469404e-08,5.4536651307960256e-05,0.25756387296588834,0.00022922323320748576,0.0008726315882444434,4.854330963829104e-05,0.01755271364792925,1.0149273216538835e-07,0.001500342235567609,0.5500458282221066,4.680544768950538e-05,1.1541649934860343e-06,0.0020556591882491503
64,0.0013071172792088602,0.074573694398417,0.002717363795745119,0.00028001784384656573,0.006605832943483235,0.0008052090081698569,2.1407499886656463e-05,0.007617045769685394,0.033554125848352157,0.0002570510305348903,0.014676176126766614,0.01392124325185056,7.081044511080202e-08,6.370873540642604e-05,0.26074478775311455,0.0003087197751991578,0.0011756402458991688,4.9623640649488174e-05,0.016266286196795553,1.3886917982857698e-07,0.0029827546594677072,0.5600074340763109,6.554851531078958e-05,1.5599012450984939e-06,0.0019974420250292112
65,0.0008912887848128096,0.10788125790249962,0.0017457260299578192,0.00022248704761945932,0.005906771907780034,0.0009266818278317377,1.8442782063279873e-05,0.004769949540242787,0.028339695751971285,0.00015410372455598652,0.009669718799234499,0.009957056069386717,4.4933254640698584e-08,6.043030317099845e-05,0.2615987391376725,0.00023399469264161996,0.0010204686757837008,5.8681963134926653e-05,0.015649271013189768,1.097030459954298e-07,0.0029457614395871166,0.545361634526776,7.872184653678065e-05,1.6402578316002287e-06,0.0025073213394182056
66,0.0020398101458892134,0.07104985843264511,0.0028142109106353403,0.0003466824810915935,0.009459207812554472,0.0008256089464551587,3.0275695782203592e-05,0.009744389913480471,0.04263373078852938,0.00035801975364491655,0.018743729311215755,0.013436096300301879,1.0292411387433792e-07,8.107070570900024e-05,0.24123865319470544,0.0003517414442122713,0.001314987646585528,5.784285976660629e-05,0.021738778119512275,1.6634331202186795e-07,0.0019966865421082894,0.5593469758569335,5.830142459958664e-05,1.7719088975890323e-06,0.002331300537318343
67,0.00033832128816254346,0.11453724020726812,0.0007921160383050144,0.00015287203110764507,0.002216490380490871,0.001386879210633171,1.2848440506964703e-05,0.002174476351355255,0.01591869960296283,8.812763286996586e-05,0.005004201476393344,0.00798166497659976,2.0934993479588787e-08,3.920475481748275e-05,0.2518481912090997,0.00015709295177301728,0.0009732972761159504,6.779299915131602e-05,0.009970578110042747,7.939267199988768e-08,0.0039415794619722935,0.5795018853947558,0.00013066920990693093,1.8064177728638155e-06,0.002763864250270998
68,0.00021926451597832104,0.03709431868834533,0.0010477755473658806,0.00013274913932816303,0.002810688804337844,0.0016624239827260003,1.973095752044524e-05,0.009504984777674084,0.017161928190376832,0.00017313536094657294,0.006478625863473071,0.027118158617437813,4.332397772141643e-08,2.7676921682635853e-05,0.35957117725530563,0.00021593185356648704,0.0005684185785821571,7.357390075722542e-05,0.004677091592353646,1.5960737498048157e-07,0.005035966660974129,0.525428401879439,4.993014965889576e-05,1.233936291876485e-06,0.0009266098945251884
69,0.000771604466593957,0.06095047915390013,0.0012897704136855255,0.0002857698638462403,0.004860033291349973,0.0005238091615502277,1.1994419850857586e-05,0.006513338638630533,0.04342401345841841,0.000234269583725537,0.032901900482769406,0.009342139155188653,3.204832919051406e-08,4.255624587829899e-05,0.4171449378049788,0.00011575584722553244,0.0006418676184725653,5.177731140857742e-05,0.005915072978863622,1.5744729188176833e-07,0.0020202390649846844,0.41065804806847944,7.561754005500655e-05,4.458163704686371e-07,0.002224370118152366
70,0.001104959364902399,0.07120825740921861,0.002791320620657204,0.0004855094135139349,0.006947075179335535,0.0010501208467542068,2.3360562631508084e-05,0.010531830203348982,0.056240757539246324,0.0003125628407146415,0.021244304689149923,0.014638887057681776,7.152028739774197e-08,4.804609362815749e-05,0.28499056772270215,0.00038647240669733933,0.0006560535715947077,4.523935766749818e-05,0.012101976108330026,1.789816103007093e-07,0.00221650338264448,0.5112018018046437,6.280382539272082e-05,9.243932610184138e-07,0.0017104151043854613
71,0.0043660790143221,0.02559524271668522,0.003023785012287333,0.00044579038354095133,0.018897558839274887,0.0011589113720172242,0.00019068859958773423,0.01628643954754249,0.07335655030212927,0.001121152205929057,0.020202111445749682,0.022156087804581292,2.331784394984091e-07,0.00013962525725897656,0.14750077628812194,0.0005109792233731711,0.0027606826083677338,5.939716783114378e-05,0.019263913652177216,2.782396329779084e-07,0.0015897615852567238,0.6372748348530979,6.729759460152388e-05,4.4333130489789264e-06,0.004027389795144909
72,0.001861943324656725,0.04729436199263663,0.0028796362784775445,0.0004028864187601913,0.008881650798692992,0.0014266880190371388,5.907680323068373e-05,0.01564700215204335,0.040696703377450745,0.00034337980932900984,0.01211969411927181,0.020739544553774747,1.8051849950778057e-07,7.704571621961867e-05,0.1937117402881767,0.0008722040744774641,0.0015501539121441357,9.852376511799421e-05,0.02448804980627295,1.9793123995684933e-07,0.002799019048004788,0.6226505530199001,5.506988492853792e-05,2.9016568764716914e-06,0.0013417927307802467
73,0.0016095302498147373,0.05647573802933598,0.003365832259871745,0.00035744936207878424,0.009159764890812853,0.0005397909775320664,2.3252605427458116e-05,0.008402400416831194,0.07008737437892351,0.0004357495573331384,0.029369002410203144,0.01468097470808919,5.0820417616979254e-08,5.844716527355528e-05,0.266531818333621,0.00017233457632272593,0.0011025563776079226,2.270595313679593e-05,0.008652614974987633,1.6013873804328739e-07,0.002258957509011977,0.5227678870779693,7.103321519196942e-05,7.815228551872472e-07,0.0038537924886125024
