,0,1,2,3,4,5,6,7,8,9,10,11,12,13,14,15,16,17,18,19,20,21,22,23,24
0,0.001362832532641016,1.832762604814328e-05,0.909188945170203,0.02446221108278482,0.06355452885749252,5.915880978432758e-06,1.580564232427439e-05,0.0005179046990134635,0.0002593356564059015,3.511919019178584e-05,0.0001286963492471879,8.159095894892372e-08,0.00024188939532429865,1.0210991686138923e-05,1.773409639233776e-05,1.2091852937037327e-05,1.3275746109040264e-06,8.284720950035393e-06,2.7720382607114694e-05,6.9624165101252275e-06,1.224108828139399e-05,6.102940007428304e-07,3.1643573916515093e-07,0.00011083409381393587,7.237885705381714e-08
1,0.001151176881845134,1.5760505918782164e-05,0.9241972416663368,0.023071742168694138,0.05019530241807247,7.895064988476336e-06,1.9301694609518172e-05,0.0005187647816798047,0.00017267227881026837,3.598644815991551e-05,0.00013348005566518037,9.44159269314236e-08,0.0002448284963258812,1.1705508836879006e-05,2.280038651302751e-05,1.1363309258279878e-05,1.2344093214656037e-06,9.322132408059374e-06,3.102269179509528e-05,1.0736882822220035e-05,1.9218427874918332e-05,7.517965170865586e-07,4.091383461053411e-07,0.00011710495040795338,8.348886550129613e-08
2,0.0015760057652405976,1.5380736356719393e-05,0.9083270862874505,0.017165047568255324,0.07105852275113907,7.164700384827307e-06,2.4042714947751962e-05,0.0008060174872172589,0.0003748604352706493,6.836172234822868e-05,9.201260897561357e-05,6.351954652213928e-08,0.00019148598160304426,1.0130630490428002e-05,2.629769325529307e-05,1.5513460419018773e-05,8.920833343611934e-07,8.272360164688273e-06,5.637901466565069e-05,2.064139824733299e-05,1.560568231290429e-05,1.1338191459780274e-06,4.634849274816894e-07,0.00013849417462322654,1.2391967767935283e-07
3,0.0014362008395675582,1.7196768067751977e-05,0.918522235682683,0.021394845322926893,0.0570367736746478,8.438179592892242e-06,1.993045650475758e-05,0.0006386515443096607,0.00025742725055497755,4.883771073133754e-05,0.00011623838525643786,8.592916757275627e-08,0.0002572009112351079,9.136925946875698e-06,2.020681112161882e-05,1.7152702395854747e-05,1.2271525140709212e-06,8.501178055795123e-06,4.2736838504883744e-05,1.1495252520151991e-05,1.5504331108297016e-05,7.0515702033639e-07,3.518493346929296e-07,0.00011884549274510693,7.365348662182634e-08
4,0.0013935425012507206,2.1124909829395122e-05,0.9121982519619107,0.022446994236120583,0.062255057385849695,8.820144907134598e-06,2.032828055626075e-05,0.0006219389810400541,0.000248989312620137,4.522378309532491e-05,0.00014234392912448423,1.208901532540755e-07,0.0003594462317064252,1.1183770971414807e-05,1.815297412049645e-05,1.725056858117661e-05,1.458997592236542e-06,9.818268682173234e-06,4.470595772391184e-05,1.1279895729495677e-05,1.658980455357883e-05,7.498480510122262e-07,3.741082913686206e-07,0.0001061775062502672,7.57512885073722e-08
5,0.0017532787276946698,1.264397974445434e-05,0.9207351092424136,0.027258594213826294,0.04855678551553338,7.580283321713114e-06,2.0203591570246496e-05,0.0006707768886528951,0.00027133088698343724,6.228568938258562e-05,0.00010963609118381121,8.802739627496441e-08,0.00024715997306453693,1.0861871128686704e-05,1.5808184263664357e-05,1.859990904264147e-05,1.503566167393414e-06,1.4528076093153832e-05,3.2652946315862726e-05,1.5844472297187548e-05,1.5381210007844296e-05,7.274509277519262e-07,4.008712620788574e-07,0.0001681265646871645,9.176703865132079e-08
6,0.0014362008395675582,1.7196768067751977e-05,0.918522235682683,0.021394845322926893,0.0570367736746478,8.438179592892242e-06,1.993045650475758e-05,0.0006386515443096607,0.00025742725055497755,4.883771073133754e-05,0.00011623838525643786,8.592916757275627e-08,0.0002572009112351079,9.136925946875698e-06,2.020681112161882e-05,1.7152702395854747e-05,1.2271525140709212e-06,8.501178055795123e-06,4.2736838504883744e-05,1.1495252520151991e-05,1.5504331108297016e-05,7.0515702033639e-07,3.518493346929296e-07,0.00011884549274510693,7.365348662182634e-08
7,0.002287721581515835,2.7489575714145804e-05,0.7545834946824085,0.06578756375669673,0.17307198009794322,4.104262577194159e-05,6.755307409225038e-05,0.0007424426000519339,0.0016913475821252228,0.0002790897943448697,0.00020135658263142916,1.7864765549887243e-07,0.0001612791426825835,7.099370522538021e-05,8.614132344103973e-05,8.912488679629633e-05,3.7699791518616487e-06,3.3825584035118535e-05,5.115945097914258e-05,6.315551795612726e-05,4.934716236708733e-05,2.3740107993581572e-06,3.7445975290351713e-06,0.0006028016247191043,1.0224133662929882e-06
8,0.001499746528097301,2.3638019790728307e-05,0.9149799486475665,0.020093968389081198,0.061460246034729306,1.24759975908913e-05,2.4410342777257867e-05,0.000838917549285404,0.00019968013199710746,3.822514471425714e-05,0.00012716212611913678,1.6332001543573938e-07,0.00047663201989292,8.006302337739462e-06,1.6796059254194057e-05,2.4915298411737003e-05,1.5565787207627328e-06,9.585577979616013e-06,7.143984458927636e-05,1.1727417103591652e-05,1.8800700153052387e-05,6.234578675708714e-07,3.505775769070703e-07,6.092904547003065e-05,5.488887830293408e-08
9,0.0017208143298840964,3.069971538876377e-05,0.8937818762578136,0.02118930325078065,0.08129786636333365,1.1832121272070942e-05,3.404453975946725e-05,0.0007849169559050955,0.0003035573506883289,4.625515132766636e-05,0.00014304805236376757,1.623105010703167e-07,0.00039948529105263944,1.086801913359066e-05,2.4333548782122588e-05,2.331952180611888e-05,1.5413708481200664e-06,1.1254585575635142e-05,6.617376076199832e-05,1.2293593028351893e-05,1.999961730933775e-05,8.239863690131125e-07,4.301758103886679e-07,8.499549739330286e-05,1.0463311109533161e-07
10,0.0014362008395675582,1.7196768067751977e-05,0.918522235682683,0.021394845322926893,0.0570367736746478,8.438179592892242e-06,1.993045650475758e-05,0.0006386515443096607,0.00025742725055497755,4.883771073133754e-05,0.00011623838525643786,8.592916757275627e-08,0.0002572009112351079,9.136925946875698e-06,2.020681112161882e-05,1.7152702395854747e-05,1.2271525140709212e-06,8.501178055795123e-06,4.2736838504883744e-05,1.1495252520151991e-05,1.5504331108297016e-05,7.0515702033639e-07,3.518493346929296e-07,0.00011884549274510693,7.365348662182634e-08
11,0.0014019103032423164,1.819575001611707e-05,0.9194691660488831,0.021590065568047035,0.05584855261236734,8.581462526711797e-06,2.013259349513313e-05,0.0006895858585462994,0.0002472104439368035,4.602527497732382e-05,0.00011871425948961496,9.734989493618631e-08,0.00030645448645050255,9.029412468241358e-06,1.878418130937622e-05,1.7778544788278385e-05,1.3343748736020406e-06,8.597295530930552e-06,4.5330489733682035e-05,1.1280096868972373e-05,1.523361413852095e-05,7.065825138126687e-07,3.425654039254713e-07,0.00010682297931797722,6.785117953795962e-08
12,0.0015322195577575886,3.682033455015516e-05,0.7895145095294899,0.021383852958159665,0.1861073365430286,1.2821772225524802e-05,2.9421888471523083e-05,0.0003043341540836322,0.00032708458084366706,4.730486923334211e-05,0.00014853523990944635,2.1953922453089511e-07,0.0002766445682637595,3.235138708737051e-05,1.9965403478967118e-05,1.648878061200644e-05,1.1477063681754244e-06,2.509361987098148e-05,3.7271012258682306e-05,2.1657719827007638e-05,2.289654042193508e-05,7.01700663882986e-07,8.241948791171665e-07,0.00010014347674773654,3.5292254272414543e-07
13,0.0015875229635063026,1.5642689407104036e-05,0.926008572696928,0.019037690220382434,0.05158755016892929,1.0027035641611721e-05,2.5463988529925197e-05,0.0008138069877636491,0.0003390814294276399,7.46414919386638e-05,5.932699755187449e-05,7.161816436891607e-08,0.00018942998512627704,8.113828289320664e-06,1.769540675640815e-05,2.0656881163622774e-05,1.202813144443807e-06,9.949425837638605e-06,4.5998135840920214e-05,1.7233575725617603e-05,1.425746812008488e-05,8.274562243964538e-07,3.102628884171683e-07,0.00011482546319371687,1.0100951823662509e-07
14,0.0015446557507559533,7.05915909554246e-05,0.867777419726531,0.010898425600290123,0.1176563076206952,2.2249623029655085e-05,2.426060793107505e-05,0.00046914122739315553,0.00014456834965680912,3.2201403675118566e-05,0.00023691748338773366,3.331471295278742e-07,0.0008048213746282683,1.0665485570242725e-05,1.9672306277126877e-05,2.6843183258207915e-05,9.961418034901496e-07,7.311659484538951e-06,0.00017433157684803194,9.713795033061264e-06,2.7671779143505603e-05,5.37201990536185e-07,3.203533473961852e-07,3.999141503837961e-05,5.159614691203525e-08
15,0.0014362008395675582,1.7196768067751977e-05,0.918522235682683,0.021394845322926893,0.0570367736746478,8.438179592892242e-06,1.993045650475758e-05,0.0006386515443096607,0.00025742725055497755,4.883771073133754e-05,0.00011623838525643786,8.592916757275627e-08,0.0002572009112351079,9.136925946875698e-06,2.020681112161882e-05,1.7152702395854747e-05,1.2271525140709212e-06,8.501178055795123e-06,4.2736838504883744e-05,1.1495252520151991e-05,1.5504331108297016e-05,7.0515702033639e-07,3.518493346929296e-07,0.00011884549274510693,7.365348662182634e-08
16,0.0017830339907934872,1.7737949478479204e-05,0.905155830551527,0.03264574052714024,0.0586925575279441,1.102432443626172e-05,2.832370188250705e-05,0.0005922451400273295,0.00021030260853628014,9.697287708352085e-05,0.0001459552519154408,1.94568383855419e-07,0.0002745199178929418,1.8710548560880394e-05,1.899135074922961e-05,2.626722880546916e-05,1.933417548337569e-06,2.5832203946016836e-05,3.778290589051994e-05,1.98701311930601e-05,4.028686217298877e-05,9.996893072940246e-07,4.955179413984094e-07,0.0001542470051481429,1.4420169518245483e-07
17,0.002289542535102899,2.2893587256863437e-05,0.9060089536829524,0.02734185429439407,0.06222937170833444,7.762108048492557e-06,2.7601124991593622e-05,0.0008403101724822719,0.00023601118172669023,5.015780135271894e-05,0.00015090748745730757,2.5066827143867125e-07,0.0005123056484806511,1.8784318012397386e-05,1.3788624385183001e-05,1.8648530771595432e-05,2.3793198036461415e-06,2.887977399320574e-05,5.037955172088362e-05,1.8001068829242435e-05,2.4234167092588706e-05,1.0785315432831393e-06,6.386859528340911e-07,0.00010509525169532564,1.7017534798657264e-07
18,0.003170614785160129,3.96243190899416e-05,0.8921311144490195,0.029508626202371494,0.07240902822237646,1.467295237593131e-05,4.5146651073631434e-05,0.0008270280396693205,0.0006308254764861634,0.00011558832099306974,0.00018077676910546733,3.1787391493852186e-07,0.00046035339883238383,3.4836960758085464e-05,2.3446940982659057e-05,2.790133581011519e-05,4.450155367897325e-06,4.4064688768102886e-05,5.5692124661122484e-05,2.9030796692756124e-05,2.7905209821990662e-05,2.1554955073034473e-06,1.021078315408679e-06,0.00021529700671425988,4.807461319626893e-07
19,0.0010687046104374473,1.546893703104025e-05,0.9196569095918106,0.020914129141867726,0.056754683696667724,6.712498641007686e-06,2.0216523476689023e-05,0.0007102724876038609,0.0002069728640791172,3.4950767300721315e-05,9.911133625068751e-05,8.709103381834396e-08,0.00032068623941516005,7.785677423960501e-06,1.6180515239117723e-05,1.4364941845605042e-05,1.0605240421161272e-06,7.027450929932379e-06,4.0633175836439e-05,9.814745921084556e-06,1.1802196340115864e-05,6.642443108064133e-07,2.4836353484951157e-07,8.146099951539796e-05,5.137944511366653e-08
20,0.0008193261610644076,1.3211939726699984e-05,0.9290327876768614,0.020686165827336702,0.047876528347878484,8.050827564940318e-06,2.2342432222857474e-05,0.0007326117533740049,0.0001881406560460211,3.836025904411059e-05,0.00012906402321529923,5.399786859529135e-08,0.00018590550958835,7.39557907817973e-06,4.6148627821862544e-05,1.2697848252875634e-05,8.571733212672245e-07,3.7338832977258367e-06,4.359775144222867e-05,1.0063174245350357e-05,2.039099072007215e-05,9.66052897850189e-07,3.9170755258445355e-07,0.00012115318721916112,5.4612358772004656e-08
21,0.0017812464626859915,2.063907464131741e-05,0.8939231022105719,0.023064289111419882,0.0796892078096398,8.331665086577748e-06,1.5942679954284142e-05,0.00046188548074569834,0.00025832673860063114,6.954724205237641e-05,0.00015060483241174707,1.281993833386095e-07,0.0002710213088934001,1.3049583398473243e-05,1.518922298180328e-05,1.930339444138458e-05,1.1649464736326118e-06,1.31914039557566e-05,4.358846197238298e-05,1.4039912437339303e-05,2.298144759211151e-05,6.469248577924244e-07,3.749045793208016e-07,0.0001421069192901344,9.006193266564452e-08
22,0.0012907748941270727,9.8805272750088e-06,0.9395391904359476,0.024403122991007463,0.0334914912799298,6.411459085984057e-06,1.1228580935072017e-05,0.0004872019423616233,0.0001533898042666373,5.175457916264324e-05,0.00011697221090432931,7.52672953165761e-08,0.00020087034599259503,8.196120604092789e-06,1.3863648870134385e-05,1.4561878930305341e-05,1.4382593637996524e-06,9.310061617060916e-06,2.6443924017887366e-05,9.374081301410003e-06,1.587951197398305e-05,5.920334858106154e-07,2.5120361556855076e-07,0.00013768095876049965,4.399916828961213e-08
23,0.0014362008395675582,1.7196768067751977e-05,0.918522235682683,0.021394845322926893,0.0570367736746478,8.438179592892242e-06,1.993045650475758e-05,0.0006386515443096607,0.00025742725055497755,4.883771073133754e-05,0.00011623838525643786,8.592916757275627e-08,0.0002572009112351079,9.136925946875698e-06,2.020681112161882e-05,1.7152702395854747e-05,1.2271525140709212e-06,8.501178055795123e-06,4.2736838504883744e-05,1.1495252520151991e-05,1.5504331108297016e-05,7.0515702033639e-07,3.518493346929296e-07,0.00011884549274510693,7.365348662182634e-08
24,0.0012938326565976235,1.8824540450228083e-05,0.8739469718031739,0.03282673035398071,0.09009309805248043,8.599453974506255e-06,2.0489681997788684e-05,0.0006590967442051755,0.00027551289769064583,4.564949358833729e-05,0.00015195743714859858,1.3055631299108706e-07,0.0004166598609583238,1.4208080606083144e-05,1.5819595059967998e-05,2.4043140693713556e-05,1.4348553169906996e-06,1.167539813078876e-05,3.883207772712054e-05,1.211944694054697e-05,1.5738714992105104e-05,5.897858321815723e-07,4.4413752470703785e-07,0.00010746780709100623,7.342752560695186e-08
25,0.0013396055197039932,9.650473371827455e-06,0.922434770712723,0.02823388464593283,0.04602383013894752,4.959588393602608e-06,1.915447458178759e-05,0.001051063151347682,0.00015719750977932312,3.464625276617399e-05,0.0001341791116924568,6.928051598204832e-08,0.0003464128104650177,6.017474396114529e-06,1.7891177283045054e-05,1.7019011828648508e-05,1.054104974569593e-06,7.216613870848296e-06,4.4181072536741915e-05,1.0061577596089197e-05,1.627189392356732e-05,5.567002638868685e-07,3.3747675617736284e-07,8.993363433484403e-05,3.559201415416349e-08
26,0.002306973090114521,1.7011576907201353e-05,0.910322390323681,0.02738851131828269,0.05774185118927479,8.806001871783885e-06,1.7714424357351803e-05,0.0007570968499712598,0.0006301112330352111,5.0464390266120476e-05,0.00012892505920345608,5.640190828636222e-08,0.00022744666643286033,8.215942664011479e-06,2.2835781287952087e-05,1.759530893117128e-05,1.6954275297234874e-06,8.20977359269137e-06,3.434427168534698e-05,1.3674245852947421e-05,1.0834053477166802e-05,6.564557620126655e-07,6.396750596830424e-07,0.00028384096914335513,9.956970736058535e-08
27,0.0014536136259989804,1.989286362823907e-05,0.9074411905498186,0.022396256960549452,0.06654916881126613,1.0298340438212047e-05,3.0664956765619744e-05,0.0007718948304610092,0.000526987390377754,7.785205146434122e-05,0.0001286325614361229,7.01508766037472e-08,0.00022419265775426144,1.1900442541250303e-05,3.8655416462858816e-05,1.995008497356369e-05,1.380018167148499e-06,7.482070120312946e-06,4.793626359625909e-05,1.7026855386222218e-05,1.548403123123938e-05,1.3223020144749468e-06,5.094650934489383e-07,0.0002075066538855344,1.3064569231982364e-07
28,0.0014362008395675582,1.7196768067751977e-05,0.918522235682683,0.021394845322926893,0.0570367736746478,8.438179592892242e-06,1.993045650475758e-05,0.0006386515443096607,0.00025742725055497755,4.883771073133754e-05,0.00011623838525643786,8.592916757275627e-08,0.0002572009112351079,9.136925946875698e-06,2.020681112161882e-05,1.7152702395854747e-05,1.2271525140709212e-06,8.501178055795123e-06,4.2736838504883744e-05,1.1495252520151991e-05,1.5504331108297016e-05,7.0515702033639e-07,3.518493346929296e-07,0.00011884549274510693,7.365348662182634e-08
29,0.0014362008395675582,1.7196768067751977e-05,0.918522235682683,0.021394845322926893,0.0570367736746478,8.438179592892242e-06,1.993045650475758e-05,0.0006386515443096607,0.00025742725055497755,4.883771073133754e-05,0.00011623838525643786,8.592916757275627e-08,0.0002572009112351079,9.136925946875698e-06,2.020681112161882e-05,1.7152702395854747e-05,1.2271525140709212e-06,8.501178055795123e-06,4.2736838504883744e-05,1.1495252520151991e-05,1.5504331108297016e-05,7.0515702033639e-07,3.518493346929296e-07,0.00011884549274510693,7.365348662182634e-08
30,0.0014362008395675582,1.7196768067751977e-05,0.918522235682683,0.021394845322926893,0.0570367736746478,8.438179592892242e-06,1.993045650475758e-05,0.0006386515443096607,0.00025742725055497755,4.883771073133754e-05,0.00011623838525643786,8.592916757275627e-08,0.0002572009112351079,9.136925946875698e-06,2.020681112161882e-05,1.7152702395854747e-05,1.2271525140709212e-06,8.501178055795123e-06,4.2736838504883744e-05,1.1495252520151991e-05,1.5504331108297016e-05,7.0515702033639e-07,3.518493346929296e-07,0.00011884549274510693,7.365348662182634e-08
31,0.0007966152038674332,4.456365193890135e-05,0.7764883246613093,0.0686042104893589,0.15014708252972003,6.437065315969313e-05,5.4748534004447966e-05,0.0002768170472646492,0.001191730945171799,0.00017141310798785385,0.0007424317801715144,1.2099308458589313e-07,0.0002840923368033875,5.739238821788817e-05,0.0001742671899680834,6.933645018229857e-05,3.128399666717017e-06,6.446534082990094e-06,3.276278621607899e-05,1.4837712558903104e-05,3.294076850402356e-05,1.5817589656907593e-06,1.3931323680040663e-06,0.0007392091322075841,1.8181321937622942e-07
32,0.0013998466709666602,1.7474905879862807e-05,0.9197438479927276,0.018984987838477844,0.05826041572719871,8.386502677177846e-06,1.9835871119246547e-05,0.0006707056173072301,0.00023507169425310295,4.5789117480684074e-05,0.00011231039233458408,8.97459715063569e-08,0.0002629047560081338,8.58174881408431e-06,2.0495250228382255e-05,1.6992804875687027e-05,1.1275526487790433e-06,7.95249295860726e-06,5.1081052632782573e-05,1.1909290238614088e-05,1.5844972080006895e-05,7.276081196034203e-07,3.4864877321691803e-07,0.00010320070842341917,7.103780430803696e-08
33,0.0017346507980361536,2.6072573882669522e-05,0.9235957725574165,0.030701843593160954,0.04078295583300687,1.1935183530037193e-05,3.0908937894974984e-05,0.0011166885194548574,0.0002585178489479917,5.931766129989702e-05,0.00014174983511583604,3.911087281440399e-07,0.001293595530793111,1.7782828092724258e-05,7.692095414222337e-06,3.797135407105046e-05,5.4680586308107895e-06,2.8117062410570742e-05,5.3130194339475625e-05,1.3886499957846392e-05,1.1720497940660128e-05,1.1631006332181508e-06,2.8047615186320407e-07,6.832234147472845e-05,6.550961496469531e-08
34,0.002270025228795593,2.3139409218264838e-05,0.9168719306195452,0.011843099299479945,0.06748571068857973,4.460753715004785e-06,1.2024226471110481e-05,0.0005437102517814519,0.0002673018374533742,3.383467315219544e-05,0.00014079449553965428,7.290616318450924e-08,0.0002624744487788672,6.385085928459316e-06,1.6429434188747444e-05,9.425236216770989e-06,7.593245537905585e-07,5.87824896396848e-06,7.289658302794278e-05,7.548766964431788e-06,1.1580990711673793e-05,6.322408793014091e-07,2.9377294195821284e-07,0.00010952294416722865,6.853278225413975e-08
35,0.001916892527737547,1.804922853752743e-05,0.922276890090601,0.02123028883669851,0.052784645115617757,7.401593325864924e-06,2.0231447173182713e-05,0.0007747654606474759,0.0002886213011575081,5.330676036035833e-05,0.00010431208131134618,9.656339427891169e-08,0.00028324033794207193,8.238901245267757e-06,1.5884197837814547e-05,1.79966284698585e-05,1.4235691719267736e-06,1.0854482349842583e-05,4.61258517967456e-05,1.1637199384797859e-05,1.4590577346245113e-05,7.148217339863263e-07,3.1856088905008544e-07,0.00011339645879753831,7.740647236355044e-08
36,0.001982023975164162,2.826296967298015e-05,0.8992197982391352,0.03999657845355179,0.0546237774318019,1.8337286586539633e-05,4.93768600126741e-05,0.002044016997678513,0.0007333413697363022,7.604613355000916e-05,0.00013234670960819104,2.1796649894046075e-07,0.0007535134433508295,1.5238489086988452e-05,2.484549604807702e-05,5.5570886376804025e-05,5.64523782823975e-06,1.6457347178520655e-05,6.431079766351758e-05,1.9267304130023964e-05,1.3941895843947971e-05,1.5828615158531686e-06,6.718016902891207e-07,0.00012471499534371042,1.1505094607116041e-07
37,0.0017278295901636727,1.0914718598647281e-05,0.9360440768180937,0.02147178232802721,0.03943008910052555,5.042952924338677e-06,1.3379218034037853e-05,0.00050016701893107,0.00018561483201103083,4.460075505938927e-05,0.00011120289648283936,6.454825082700893e-08,0.00020092481489668778,7.505010411311168e-06,1.3717665931333154e-05,1.2217996179074596e-05,1.1018888760702759e-06,1.0144650501818708e-05,2.948281993296323e-05,9.443178316306967e-06,1.234024415623088e-05,5.351088316099938e-07,2.646492720008505e-07,0.00015749770236255588,5.949322985489122e-08
38,0.001134039708215976,1.6311795446045258e-05,0.9280769667463896,0.022212057722483743,0.046546489237689344,2.0067507647333003e-05,3.243356739496507e-05,0.0009553059731114517,0.00016463890891000904,4.556229167678289e-05,0.00012725437762521323,1.0556087145848281e-07,0.0003819467273540843,6.871793491379944e-06,3.144130679149744e-05,4.0406511776389956e-05,1.4005188911076596e-06,6.578568938036945e-06,8.014253811454428e-05,1.436922493716471e-05,2.2049337654290028e-05,6.11125179063973e-07,4.592346449095778e-07,8.244469768852823e-05,4.501707733095545e-08
39,0.0014227586273466246,1.6322894889626913e-05,0.9205823016501068,0.022847222157624733,0.05332368430961819,9.497378595183723e-06,2.3363166339641476e-05,0.0008538639047012883,0.0002469871564716073,4.7372937543684316e-05,0.0001035227634590986,9.128496469232168e-08,0.00027959768351871724,8.285969325118748e-06,2.1589316302317406e-05,1.9944875218048244e-05,1.3674676558126552e-06,8.595257103229404e-06,4.9018841520758707e-05,1.3138522118934047e-05,1.7780385501410822e-05,7.462767935272178e-07,4.127673157003569e-07,0.00010245954804708748,7.485791815479976e-08
40,0.0011665962745483563,1.7109984338098188e-05,0.9253366699051365,0.016193653933645247,0.056021051510523036,7.519566604673972e-06,1.5761820554402407e-05,0.0004835498700954384,0.00019695366934434642,3.887437227475257e-05,0.00010126950088814544,7.858608315390494e-08,0.00021498528967130225,8.160878778330295e-06,1.8544331069734897e-05,1.2484280830315922e-05,9.248952511634686e-07,6.718014136499866e-06,4.008943284985735e-05,9.55200443210783e-06,1.3723664789000906e-05,6.30568375859897e-07,2.6440780324537596e-07,9.4770933933157e-05,6.230404304082222e-08
41,0.0025591239350652236,4.021388270683227e-06,0.9589820078197077,0.01914796572179257,0.0171865164305459,6.457407052494071e-06,4.3521257656320405e-05,0.0007831496645062862,3.5731594739302796e-05,5.472972495162527e-05,0.00027442170408774764,2.937807482718576e-07,0.00023781188568129758,2.31096030820878e-05,4.4088073821676496e-05,1.3727210299046112e-05,1.8539751815084769e-06,6.428196511494368e-05,0.0001154816797215712,7.094158539329444e-05,0.00010788620307066517,3.5592948245151424e-06,1.8762083337349849e-06,0.00023712060994986333,3.212764017452012e-07
42,0.0031502801465328315,3.497306135147395e-05,0.7998971812554331,0.057719457985500607,0.13659274212699324,1.919315432144615e-05,4.27619482750522e-05,0.00029585853408751805,0.000784680693276077,9.131229172157762e-05,0.00032953754924841495,1.62328241686037e-07,0.0003682133694941952,4.486004609430811e-05,2.5378985256164472e-05,3.422947211415498e-05,2.8132319023286292e-06,4.7367776462467695e-05,1.8737874219702923e-05,1.8664256153973917e-05,1.7940001124671277e-05,5.20075136918229e-07,1.292602383716259e-06,0.00046138895548455126,4.522791899894845e-07
43,0.0012610704702653186,1.156847118914818e-05,0.9229227435242133,0.02104728331393493,0.05300355718311718,1.0621810849305143e-05,1.7183453849370078e-05,0.0006303348070310146,0.00039201953554345,0.0001399386978498692,8.032826561355739e-05,4.3407167894199325e-08,0.0001400718339810672,9.421150241597981e-06,2.1703838429565588e-05,2.163554426698186e-05,9.853623824205182e-07,6.625528926722119e-06,4.2218021841081896e-05,2.2378218827425545e-05,1.7534292130065037e-05,9.83112917390131e-07,3.340564167203914e-07,0.00019933962296607728,7.647604861583708e-08
44,0.0014362008395675582,1.7196768067751977e-05,0.918522235682683,0.021394845322926893,0.0570367736746478,8.438179592892242e-06,1.993045650475758e-05,0.0006386515443096607,0.00025742725055497755,4.883771073133754e-05,0.00011623838525643786,8.592916757275627e-08,0.0002572009112351079,9.136925946875698e-06,2.020681112161882e-05,1.7152702395854747e-05,1.2271525140709212e-06,8.501178055795123e-06,4.2736838504883744e-05,1.1495252520151991e-05,1.5504331108297016e-05,7.0515702033639e-07,3.518493346929296e-07,0.00011884549274510693,7.365348662182634e-08
45,0.002589210951727025,3.4314906024526166e-05,0.8851878112335894,0.020954849577813277,0.08970429673735278,7.383894312921902e-06,1.285772773751587e-05,0.000287191942794305,0.00035294536497540457,6.146804258602846e-05,0.00018105825831749687,2.1892738092390782e-07,0.0003231079809417147,2.4880909736739685e-05,9.372795944557169e-06,1.16454015146704e-05,1.928753526332333e-06,2.645726334565268e-05,3.377131724278988e-05,1.272624980454277e-05,1.971177258983125e-05,8.072325911755085e-07,4.852168403834508e-07,0.0001612905450343076,2.0699627581869416e-07
46,0.0018190244091833253,1.1567361305748333e-05,0.9251537626017726,0.05482009856071869,0.015662141741479674,1.7340817202450946e-05,1.4338051674176422e-05,0.0012810199789082732,0.00023470114741704746,4.4729431885745725e-05,0.00014184904595565632,1.2917753402777783e-07,0.00047278295640807214,6.828467110881752e-06,1.4827958431352189e-05,3.5415011714067744e-05,7.147369220541031e-06,1.1691919850327722e-05,2.5335853312116456e-05,9.753892397479197e-06,1.6243054176793385e-05,5.921333579088031e-07,5.003514880125905e-07,0.0001981487932517355,2.9914243531207283e-08
47,0.003948716733609257,4.0587839892483086e-05,0.9414087044281655,0.01148401667009793,0.04025963078118475,1.0157831103698999e-05,3.5206228305243195e-05,0.0014229585742924942,0.00042301566832787834,8.502313876432206e-05,8.732568918085377e-05,2.4446272622602984e-07,0.00045764249027033824,7.817770467822864e-06,1.7183067644736798e-05,2.1918731525654853e-05,2.6231388233498164e-06,1.7249794742488132e-05,0.00014039339635185644,1.7564019905191468e-05,1.75000030116853e-05,2.059369141062302e-06,2.786121715244427e-07,9.20265615715645e-05,1.5499872203945437e-07
48,0.0017598122282695484,3.0271487860553454e-05,0.9485589852414058,0.020582331538893276,0.025489258818528492,2.2711590059926816e-05,3.169513517941696e-05,0.002160430777799712,0.0002225611717662983,2.823292677319438e-05,8.948262032614848e-05,1.568114352163927e-07,0.0007814797655553854,3.842914731608114e-06,1.8871590601326145e-05,3.468196035518984e-05,3.6288519460886874e-06,5.7680998641927316e-06,0.00010906489478298092,8.123972054968481e-06,1.3897618919540214e-05,6.1036941615055e-07,3.1760260685592914e-07,4.375292752134921e-05,2.908334689647885e-08
49,0.0007538951155374541,1.3645929406507805e-05,0.9501148234395463,0.012461243023787986,0.03569575011858443,7.879706414497787e-06,1.1846577326515175e-05,0.0003646790327600777,0.00012391489252921867,3.389654382975602e-05,7.13342383698334e-05,8.162562796217036e-08,0.00018313295108105196,7.282257762512202e-06,1.38069842782396e-05,8.8739667600183e-06,9.124993484846738e-07,5.976412520801533e-06,3.082807424316019e-05,9.465528930672644e-06,1.2428195881535324e-05,6.576628820142116e-07,1.6703167609557899e-07,7.34334948306213e-05,4.4696084283512455e-08
50,0.0025921490994922007,2.1117709431706104e-05,0.899522533347105,0.016066230209116236,0.07878938331581704,6.502586467852687e-06,8.06529040463229e-05,0.0014218470471865383,0.0006336235748815391,0.0001756764741390234,7.415853517032576e-05,6.71299120742517e-08,0.00024387795063781403,1.2184269146153556e-05,3.225893181223219e-05,2.4081738068836776e-05,9.817784176975043e-07,1.4839627970613308e-05,0.00010430198048496392,3.007313543017795e-05,1.7067225907963842e-05,2.232576352358061e-06,3.928173078952218e-07,0.00013343645904382694,3.295766536116714e-07
51,0.0010517499151957168,1.9258419779472177e-05,0.9162935906134729,0.02868283924972833,0.05260002219462858,5.760312676185673e-06,1.2079775344065506e-05,0.0004688176660549546,0.0002697364773374931,3.8800112603055475e-05,0.00011466670648321378,6.389725817555122e-08,0.00025614503734758997,7.643222550472e-06,1.2951292742606532e-05,1.0872818182332654e-05,1.2034436542863098e-06,5.199553421040135e-06,1.8770815433173636e-05,4.4060452142375095e-06,1.0318487202717553e-05,4.545808203162813e-07,1.5363607719712328e-07,0.00011446276482183292,3.2961970040622295e-08
52,0.0013162506726984405,3.314876883083629e-05,0.9027994775971871,0.018003652481617345,0.07586113564859547,1.0982185266406828e-05,3.053237125515053e-05,0.0009017031081033391,0.0003646444656704781,3.8210348106026184e-05,0.00010525002100512435,9.804782497854465e-08,0.00029061981928838804,9.222924323675486e-06,3.381540930681474e-05,1.4606390207316859e-05,1.2468905424555746e-06,5.36346531920693e-06,6.87690160299054e-05,1.0106839145212123e-05,1.9037087721208922e-05,1.0050698109671148e-06,4.726798720250982e-07,8.053722455898486e-05,1.1146771302929055e-07
53,0.001902379391501466,2.4746919607128592e-05,0.8390461760850377,0.05166157851843826,0.10282403351679659,2.0994492691980732e-05,0.00015904311723580975,0.0020830133813354535,0.0008714141574678279,0.00010491916026950285,0.0002077605947118916,1.3239484933613412e-07,0.0005224421634995694,2.1117766682593e-05,8.762051079283195e-05,6.801658403112855e-05,2.553531735429793e-06,1.791834420072694e-05,7.479631151260546e-05,3.6896193735911754e-05,2.6966707053549057e-05,1.8078760956040894e-06,1.6358139281578086e-06,0.0002317315537456152,3.0491304362323887e-07
54,0.003080363878334384,8.060323331941083e-05,0.8566767422688519,0.023261028972938705,0.11342591814706103,2.2717703949543005e-05,6.99446361422979e-05,0.001047154033695533,0.0011181043445376657,0.0001503844448040632,0.00014926931707900996,2.888990823239675e-07,0.0004900484512523494,2.5180375105452616e-05,3.4243621388378534e-05,4.730558671296863e-05,3.3931543071493987e-06,2.2145387017786046e-05,9.836661409215235e-05,2.1189783564040912e-05,2.4077444244042082e-05,2.074268596274911e-06,6.539980110299706e-07,0.00014842430408966412,3.7713182291504004e-07
55,0.0007646052943350734,6.693047388416876e-06,0.9442055602336428,0.021694606427413263,0.03207654914444786,8.422984622335828e-06,1.191048314676511e-05,0.000572342529654412,0.00013049464607785838,4.314936990550889e-05,9.774375089352542e-05,2.959369737780271e-08,0.0001557543389741418,6.377056176793166e-06,2.3809306398351025e-05,1.382669313493875e-05,8.262463095325909e-07,3.4334857432995645e-06,3.308857288923739e-05,1.0391439271849185e-05,1.3620615339645449e-05,5.810296761256286e-07,3.281246785508586e-07,0.00012582574627926493,2.983990309832585e-08
56,0.0014215743833581277,1.8971745345105458e-05,0.9181505897733166,0.020835337116580813,0.05795382243845249,8.25315259863614e-06,1.9928414150128583e-05,0.0006345239559887544,0.0002508624349851936,4.571588250532609e-05,0.00012330695544663089,9.812984244985344e-08,0.00030210241577357925,9.345355728390352e-06,1.8698897267597396e-05,1.6726615149796948e-05,1.2830710174757897e-06,8.819192572539864e-06,4.39097493955959e-05,1.0943935209071861e-05,1.4879749085565378e-05,7.030495840858584e-07,3.310892296972543e-07,0.00010920136480593848,7.113261011048207e-08
57,0.0011463385268866116,1.692158419774111e-05,0.9366025719487766,0.009704178834341378,0.0511551595462479,7.060633758353026e-06,1.5116330504440133e-05,0.0006447276628587067,0.0001122157491473207,3.0389260811211596e-05,8.297605719673589e-05,1.258476828353474e-07,0.00026510788531880264,5.7764268988614285e-06,1.6480995276973238e-05,1.3255573431040755e-05,7.763071093344019e-07,5.762393986935259e-06,9.951297406241008e-05,1.0597225259909847e-05,1.6621806915495097e-05,8.420668434316287e-07,2.1495054071293226e-07,4.7220995737143664e-05,4.841620894499329e-08
58,0.0013864407614553546,1.566902146712165e-05,0.925131780647367,0.021018905257622695,0.05092360995459526,8.019271553835452e-06,1.8101584372396222e-05,0.0005711456871359591,0.00025112184372147955,4.991800550242506e-05,0.00012433408975822253,7.574706768198908e-08,0.00023273418098979345,8.763244199187895e-06,2.1759985491358186e-05,1.5980679905347686e-05,1.1827986874074033e-06,7.703666829051357e-06,3.8911484565865996e-05,1.08949073007522e-05,1.470357414853975e-05,7.188383573148107e-07,3.329488022816327e-07,0.00014712319610453263,6.862299924385446e-08
59,0.0012150685726090868,1.3089172369357e-05,0.9304583937690116,0.01989829303632974,0.04707098888486343,7.13899746780078e-06,1.4950087935320013e-05,0.0004854398894913222,0.00022912278509544905,4.7956786067601594e-05,0.00011156348656979655,5.978208954893028e-08,0.00018247263403451124,8.211552462034783e-06,2.0974067152040757e-05,1.32832896468322e-05,1.0127965464461952e-06,6.701385852848285e-06,3.232099386692415e-05,1.044908412257687e-05,1.3399150428459189e-05,6.541963390024969e-07,3.0021256651916587e-07,0.00015809309115525405,6.229592629564056e-08
60,0.0014362008395675582,1.7196768067751977e-05,0.918522235682683,0.021394845322926893,0.0570367736746478,8.438179592892242e-06,1.993045650475758e-05,0.0006386515443096607,0.00025742725055497755,4.883771073133754e-05,0.00011623838525643786,8.592916757275627e-08,0.0002572009112351079,9.136925946875698e-06,2.020681112161882e-05,1.7152702395854747e-05,1.2271525140709212e-06,8.501178055795123e-06,4.2736838504883744e-05,1.1495252520151991e-05,1.5504331108297016e-05,7.0515702033639e-07,3.518493346929296e-07,0.00011884549274510693,7.365348662182634e-08
61,0.001203245380445667,1.2292273960204435e-05,0.9359975495050323,0.01868733255702054,0.0428436541684592,6.652997213788719e-06,1.3469866375348571e-05,0.0004944010237360291,0.000188227932508549,4.234219063096274e-05,9.984913826527168e-05,6.078333155265122e-08,0.0001819010465239996,7.201236021015856e-06,1.791661601303604e-05,1.2336757587919308e-05,9.756796622628434e-07,6.6379355926871326e-06,3.204628276450578e-05,9.508339529062686e-06,1.3122009344932955e-05,5.937975781953211e-07,2.595951795213433e-07,0.0001283703365488015,5.2550674390578506e-08
62,0.0014362008395675582,1.7196768067751977e-05,0.918522235682683,0.021394845322926893,0.0570367736746478,8.438179592892242e-06,1.993045650475758e-05,0.0006386515443096607,0.00025742725055497755,4.883771073133754e-05,0.00011623838525643786,8.592916757275627e-08,0.0002572009112351079,9.136925946875698e-06,2.020681112161882e-05,1.7152702395854747e-05,1.2271525140709212e-06,8.501178055795123e-06,4.2736838504883744e-05,1.1495252520151991e-05,1.5504331108297016e-05,7.0515702033639e-07,3.518493346929296e-07,0.00011884549274510693,7.365348662182634e-08
63,0.0014572185272186935,1.895421153374136e-05,0.9175210545544981,0.020684405961218382,0.05872394808652754,8.49149189281735e-06,2.0059577978695776e-05,0.0006266573570817255,0.00026783898465715383,4.826294385116219e-05,0.00011748653332259733,8.907821461594443e-08,0.00026284692265068655,9.160417681243788e-06,2.0254263738112444e-05,1.662468372195472e-05,1.233556890527086e-06,8.36014322665899e-06,4.326001886169831e-05,1.0972230179740632e-05,1.533025069493451e-05,7.114429667431082e-07,3.399010144872852e-07,0.00011636367747871959,7.518289942479545e-08
64,0.0012286973073061432,1.6395065546733956e-05,0.9221879201644531,0.01950036125767504,0.055642519457918815,7.851583354130682e-06,1.7491281660013837e-05,0.000606183697963629,0.00019868891973210976,4.275102993046931e-05,0.00010781879537617751,7.944078911133738e-08,0.00021732423118916357,7.5373004514119205e-06,2.0863705175779396e-05,1.4044902687010274e-05,9.575632518821572e-07,6.661593805624751e-06,4.319891196597283e-05,1.0499224094182708e-05,1.940088734658443e-05,6.473503641450649e-07,3.237838422185269e-07,0.00010172133686741764,6.120725330799139e-08
65,0.00017447336461668883,5.458588849739549e-06,0.9718041619681757,0.011665689090011713,0.01571549518061776,9.027068200807722e-06,6.426549996032834e-06,0.00032829133627887446,3.0091396461124937e-05,9.614399638776573e-06,5.5217028245109434e-05,1.5080080217388315e-08,6.971805301767091e-05,2.3565152044105995e-06,4.2693587653489177e-05,4.101115721279352e-06,3.7776725209637007e-07,5.79842782148263e-07,1.73825184825529e-05,3.1035446350711307e-06,1.3387391810600124e-05,3.159587845398477e-07,1.4454538541860116e-07,4.186988125017585e-05,8.226848127462033e-09
66,0.0011296813054127643,1.3923448848267306e-05,0.9102461709626062,0.022089206683325167,0.06534099578375194,6.011675081615357e-06,1.205323158040503e-05,0.0003702334845238641,0.0001757243317178796,5.248732741842721e-05,0.00012568033762807215,8.716615531321838e-08,0.00022194315796440867,1.0527575823239758e-05,1.3131046122059939e-05,1.489898492114247e-05,9.451018378156833e-07,8.999795486064271e-06,2.8269672782410596e-05,9.09259918238176e-06,1.6013266969957775e-05,5.530659237432484e-07,2.325926814199943e-07,0.00011308283128740037,5.4570968118750415e-08
67,0.0021042754314025626,1.947777089426264e-05,0.9032154163944938,0.017059318931639134,0.07578572565085699,3.1570379028121632e-06,1.5599981982572704e-05,0.0009298964467559195,0.000353653741627646,3.328213370592073e-05,7.497036171913272e-05,4.263570294802602e-08,0.0002457465654734827,2.716102715617848e-06,1.2305931313119432e-05,1.5176650420353012e-05,6.058347811000547e-07,3.7350804110238544e-06,5.531806017467688e-05,3.2216303660167903e-06,5.928264904371509e-06,3.4046299061281914e-07,1.0133709225176751e-07,5.995832027609553e-05,2.9240397737035823e-08
68,0.0014716309570446577,2.377052781113089e-05,0.8943172277516603,0.02087770392740739,0.08164100768632027,9.066435457003885e-06,1.975631055412421e-05,0.0005813383029590196,0.0003820088356788222,5.955438384762729e-05,0.0001352112970543424,6.388283352518292e-08,0.00017362428002382332,9.55593219090295e-06,3.6138882334633286e-05,1.698048032416631e-05,1.047871052223452e-06,5.0832847361919535e-06,4.7636684078085705e-05,9.042326051196946e-06,1.6114704821665108e-05,8.886639394431054e-07,3.7233656482503406e-07,0.00016508702916860548,8.72260858098905e-08
69,0.0016058207120886122,2.075890924427061e-05,0.8853931343477918,0.027357721774780658,0.08383746065392136,7.1123330488986165e-06,2.2992770226846214e-05,0.000654673964680688,0.00046322590100395216,5.9141223357416725e-05,0.0001070964886471583,7.103214598852409e-08,0.00021915139023135358,1.0133024782901657e-05,2.141199611184721e-05,1.9916518754653522e-05,1.2548297658396056e-06,8.79401834066151e-06,3.148485384070948e-05,8.682246583060088e-06,1.1650708526803609e-05,6.724540482323255e-07,3.1939375909344614e-07,0.00013722028125080142,9.817306658973988e-08
70,0.002538761367418875,3.5536003632654426e-05,0.9461127968468979,0.0048274404676076355,0.04533688856119423,3.2142087435658347e-06,1.462744940415088e-05,0.00046095948421772445,9.836162620114342e-05,1.991098744246892e-05,0.00014302085999842943,7.653720782240852e-08,0.0001479704364804244,3.761011994777684e-06,3.472802374449153e-05,3.213977104645821e-06,4.002625948709059e-07,3.5536706741707187e-06,0.0001283725104625614,3.834247106646849e-06,2.2786053461931668e-05,9.837619384026627e-07,1.7437734328280368e-07,5.855192016556588e-05,7.534696168864398e-08
71,0.002325281282095374,2.4528313612104327e-05,0.8722762933076345,0.029992623438250217,0.09291568235720907,9.83336104753318e-06,3.087325239031579e-05,0.0009589977895318166,0.0004984714830836183,7.495931949292006e-05,0.00016573855938479168,1.3492915201635925e-07,0.00038191275318123113,1.319042269276326e-05,2.4322747618393695e-05,3.170363968503653e-05,1.7289872751912562e-06,1.4426965294600251e-05,5.788627001306784e-05,1.7325388295670846e-05,2.0369627557173014e-05,9.103857021113988e-07,6.13433941716475e-07,0.0001620635913780704,1.2839448085037195e-07
