,0,1,2,3,4,5,6,7,8,9,10,11,12,13,14,15,16,17,18,19,20,21,22,23,24
0,0.005101975063903171,0.029821372641303693,5.505028607821699e-08,5.187917782627929e-06,6.609920751761257e-06,7.485242910165844e-07,2.5892810866611847e-05,5.339365809017744e-05,8.238402328153572e-07,1.501437814047135e-08,0.027756501477443657,0.002629015383244363,0.00017516829502843076,2.971607771726325e-07,0.00025385005102047806,3.4184671870681316e-06,0.004618305455046471,1.0687113986537722e-08,0.0004044014247219133,1.245753955183596e-10,1.2463941964532886e-06,0.9291136151246102,6.485269254266092e-10,3.526654173805736e-08,2.8059598079669492e-05
1,0.003184881661035158,0.01726304108233706,4.113477254055655e-08,3.0698423873437793e-06,3.770161306727585e-06,9.80820243204134e-07,2.083887533490906e-05,5.1921552180770414e-05,1.5399355425925282e-06,2.4887653076750247e-08,0.018232410326628073,0.0012387202947317876,0.0001434658893680918,3.2298374854877305e-07,0.00025595143290022974,2.569195029598286e-06,0.0013752616397937436,1.063819937997763e-08,0.0004885094117403347,1.279555874378998e-10,1.0350101249045468e-06,0.957707236034858,4.781454535920552e-10,2.5051809135860637e-08,2.4371532173724265e-05
2,0.002462076395584082,0.017525782253668507,3.0548436790949536e-08,2.398258898721707e-06,4.006856162817443e-06,7.427176153679366e-07,1.4254729336544495e-05,4.560722491783265e-05,1.2287043624830817e-06,1.816110346442132e-08,0.020483790061676523,0.001332664385878625,9.609264538311307e-05,3.8123038080353043e-07,0.00029112864223353494,1.7647545687888722e-06,0.0013506637499047579,6.623295612980602e-09,0.0002769243851816035,1.1768720097236849e-10,7.148066135656684e-07,0.9560819321084987,3.8097967998095487e-10,1.866479726585439e-08,2.777159283357996e-05
3,0.003094963632468636,0.017422439202172332,3.004819930833356e-08,2.5829110560041028e-06,3.4775798533672235e-06,7.666591442968171e-07,1.6038167568448193e-05,4.1848115966584856e-05,9.920655034539956e-07,1.5089507977689956e-08,0.019886870264663306,0.0012995444693234993,0.0001143510154830231,2.6076024576881057e-07,0.00022181550983105258,1.8357303921419568e-06,0.0016195781953514568,7.389097690516428e-09,0.0003218058882809919,9.425793530322021e-11,7.615961142902462e-07,0.9559286359685725,3.9274473132109053e-10,1.9202572127938724e-08,2.136005162909395e-05
4,0.0030287340698544668,0.0183517238409091,3.259881798232112e-08,2.591355156238991e-06,3.452510153180985e-06,6.705343065345461e-07,1.6368258360076015e-05,4.151196190112426e-05,9.927909744876967e-07,1.5439158043165422e-08,0.019449421241158244,0.0012900009364287567,0.00013377407104039622,2.9469167727827584e-07,0.0001947932551771194,1.7482633229245653e-06,0.001580554437122749,7.948791448681849e-09,0.0003141223175681304,1.0756392769375584e-10,8.464262124721242e-07,0.9555683727790745,3.793004778488533e-10,2.0528495662855022e-08,1.994925747442479e-05
5,0.0038483989956100925,0.019790575134682718,3.971849941135353e-08,3.955915399480369e-06,4.666743491124278e-06,9.202781884272299e-07,1.8384137993419773e-05,5.0487933968776585e-05,1.202479628609106e-06,2.073960220498873e-08,0.02279120549033313,0.0013387824584849728,0.00014827410031183035,3.413834830138221e-07,0.00021741121414331493,1.9737020697270444e-06,0.0018301447087268443,1.2823701576321967e-08,0.0003897005057345146,1.2991173363421107e-10,1.0270369379555795e-06,0.9495425543776308,5.768498029432149e-10,2.5250718110278454e-08,1.9894163898444448e-05
6,0.003094963632468636,0.017422439202172332,3.004819930833356e-08,2.5829110560041028e-06,3.4775798533672235e-06,7.666591442968171e-07,1.6038167568448193e-05,4.1848115966584856e-05,9.920655034539956e-07,1.5089507977689956e-08,0.019886870264663306,0.0012995444693234993,0.0001143510154830231,2.6076024576881057e-07,0.00022181550983105258,1.8357303921419568e-06,0.0016195781953514568,7.389097690516428e-09,0.0003218058882809919,9.425793530322021e-11,7.615961142902462e-07,0.9559286359685725,3.9274473132109053e-10,1.9202572127938724e-08,2.136005162909395e-05
7,0.004310594254280675,0.014552009582207627,3.6298519285498115e-08,2.3346175518135284e-06,2.2618084640734842e-06,5.151639011842378e-07,1.564174707466324e-05,4.3441918379356415e-05,6.447809164979149e-07,1.2733599579184441e-08,0.01964098357871697,0.0008549005397438051,0.00019696889838054934,1.7772676917642484e-07,0.00015139593855197664,1.5301186554360888e-06,0.001360998392287883,9.144745899720777e-09,0.0003276210761190793,1.0270498876588307e-10,7.077445082358245e-07,0.9585258517330567,2.433277606619424e-10,1.3688721145732314e-08,1.1348168815646214e-05
8,0.006316300354228422,0.027403856158944747,7.858709103709409e-08,4.41078050560548e-06,5.801937889841129e-06,8.330568856655929e-07,1.2031182561721952e-05,4.3053072385245885e-05,1.4145397835483579e-06,2.608923587796455e-08,0.021433750576545233,0.0021544958982322895,0.00014230045899916232,4.6605555939318853e-07,0.0002869440325023702,2.558266872213921e-06,0.002680845082546463,7.740033945775435e-09,0.00021353457570622348,1.292373279870831e-10,7.992055274714892e-07,0.9392518127556749,7.288222071907838e-10,4.947614110733442e-08,4.4629258088073044e-05
9,0.0038644914536310965,0.03104567877626739,7.487462038568416e-08,4.170281913693865e-06,4.767984298631542e-06,7.437575263530473e-07,1.2461312974079636e-05,5.255351287173106e-05,1.6172787825288762e-06,3.900103829735053e-08,0.01783439109788066,0.0017861089708342312,0.00015014448379773094,6.298031342697122e-07,0.0002735777397546299,2.928257927623471e-06,0.002014911633190301,9.078952562260055e-09,0.00030956427146228935,1.6131378080098103e-10,1.049947998063949e-06,0.94259603037573,6.246479842949456e-10,4.6270798887259276e-08,4.4009048652690687e-05
10,0.003094963632468636,0.017422439202172332,3.004819930833356e-08,2.5829110560041028e-06,3.4775798533672235e-06,7.666591442968171e-07,1.6038167568448193e-05,4.1848115966584856e-05,9.920655034539956e-07,1.5089507977689956e-08,0.019886870264663306,0.0012995444693234993,0.0001143510154830231,2.6076024576881057e-07,0.00022181550983105258,1.8357303921419568e-06,0.0016195781953514568,7.389097690516428e-09,0.0003218058882809919,9.425793530322021e-11,7.615961142902462e-07,0.9559286359685725,3.9274473132109053e-10,1.9202572127938724e-08,2.136005162909395e-05
11,0.003150518166219496,0.017551114320271375,3.104173839781848e-08,2.609071960690025e-06,3.4147424765099355e-06,6.9354914603372e-07,1.6092702180232343e-05,4.041806152272143e-05,9.512365729637086e-07,1.4528469335194484e-08,0.019322450607006544,0.0013140498545937194,0.0001287405071292049,2.568298521171731e-07,0.00020800781526582738,1.8432189397286615e-06,0.0016122865756166387,7.395878971242807e-09,0.0003118648588807766,1.0145041180046938e-10,7.607523291438089e-07,0.9563136653321463,3.7268870202342567e-10,2.0492096268896257e-08,2.0187865567929463e-05
12,0.005918857104134067,0.02053292671119373,1.3629200966678788e-07,2.998282803243692e-06,3.68567609234682e-05,2.4405722866614095e-06,2.3021313596890913e-05,5.5421353781026105e-05,3.128177599035158e-06,2.701550080258977e-08,0.07519649284251922,0.0037662390246889334,8.731624212116273e-05,1.3489349276398231e-06,0.0003319856133976079,1.477694057397881e-06,0.004209655069360703,1.185799785367526e-08,0.00011758370333848851,2.827418503650343e-10,2.1294299013769642e-06,0.8896162830790455,1.7265262217518446e-09,6.425240373547933e-08,9.359666314370952e-05
13,0.002982319361877971,0.016991672472260383,2.8865022144173774e-08,2.388512404158768e-06,3.3803428259587162e-06,7.065024960413198e-07,1.5304975023884674e-05,4.147731193197197e-05,9.406769683516169e-07,1.3971908551817697e-08,0.02040909726547123,0.0013212421639675288,0.00011041391355974577,2.6281897455393335e-07,0.00021829611791339773,1.746872707795147e-06,0.0015809054304259898,6.9304854709188335e-09,0.00029951096193559304,9.232984550413069e-11,7.319007856868042e-07,0.9559981458803262,3.604318199566464e-10,1.8119142936721657e-08,2.1388178822702657e-05
14,0.0028874336260501154,0.043855311801507195,4.095666721185415e-08,6.1119746844335955e-06,7.5463305019470655e-06,7.063428508847149e-07,1.9887914149831575e-05,5.19376400766426e-05,9.548311683325849e-07,2.781049531525643e-08,0.03205852815871618,0.001136931825120534,0.0001832880449396293,4.3760988949263064e-07,0.00020733573358511803,1.824594936774914e-06,0.0030171539830612707,1.7091297072792598e-08,0.0007891933633472024,1.3633709598056926e-10,1.9876166157112583e-06,0.9157561427796491,6.135819518801082e-10,2.6267816394907712e-08,1.7172952954582003e-05
15,0.003094963632468636,0.017422439202172332,3.004819930833356e-08,2.5829110560041028e-06,3.4775798533672235e-06,7.666591442968171e-07,1.6038167568448193e-05,4.1848115966584856e-05,9.920655034539956e-07,1.5089507977689956e-08,0.019886870264663306,0.0012995444693234993,0.0001143510154830231,2.6076024576881057e-07,0.00022181550983105258,1.8357303921419568e-06,0.0016195781953514568,7.389097690516428e-09,0.0003218058882809919,9.425793530322021e-11,7.615961142902462e-07,0.9559286359685725,3.9274473132109053e-10,1.9202572127938724e-08,2.136005162909395e-05
16,0.002218446494172014,0.014423066796054176,1.7952202878305168e-08,1.7682971607398252e-06,2.2400620489157255e-06,5.423128790967262e-07,1.2370202233088877e-05,3.792397715406311e-05,6.906689366827713e-07,1.0531134106420885e-08,0.017820083127475076,0.0012936729731773686,8.117665670282012e-05,2.2426770590458126e-07,0.00022249883107553365,1.617260511050707e-06,0.00137459642926911,5.4639129271263274e-09,0.0002743286457704591,7.004741295065453e-11,5.173393413386213e-07,0.9622149529868909,2.5124239390850884e-10,1.1436311469008192e-08,1.9236966590758287e-05
17,0.004008584002373471,0.020490632895077954,4.986058071868352e-08,2.6866716197189274e-06,5.534349295271664e-06,7.128104105033197e-07,2.451555565630403e-05,4.7713657066206724e-05,1.2759256792512037e-06,1.3043349647103e-08,0.028786693540226425,0.0022359632707427504,0.00015126177406374642,4.579372013035185e-07,0.00016197733717009696,1.6067284412566005e-06,0.0022480244792129154,9.964756976988936e-09,0.00024324023920133838,1.2360790167881693e-10,1.205365018057896e-06,0.9415617412474536,5.004352384705993e-10,2.740855546194066e-08,2.6071312803946033e-05
18,0.0025973737915163295,0.01965301337129092,3.763395106455149e-08,1.4906327123377013e-06,2.9621390088048702e-06,7.15844634573965e-07,1.9573828497201566e-05,4.236343786365709e-05,9.647490926300575e-07,1.4422392511015258e-08,0.02102377205232205,0.002505774009612367,8.879912246291854e-05,3.8950930985055113e-07,0.0002796202416892748,3.0604583203971748e-06,0.002395343860586174,5.613451828943476e-09,0.0003010611465194751,9.631473254282829e-11,1.0557017633025081e-06,0.951029977587363,4.4264137217280566e-10,2.441843480373416e-08,5.260588824849492e-05
19,0.002183444952275989,0.01933473175156081,2.3596294082486295e-08,4.027446460103526e-06,4.119381047322609e-06,9.223653794562144e-07,1.4866030769115006e-05,3.626503807815087e-05,1.2818725764596556e-06,1.9300502070733778e-08,0.012981831000644225,0.0012314552962019033,0.00010238385222543386,2.4649463542700695e-07,0.0002586581898227225,1.7868736911981373e-06,0.0013021267205037045,5.6969238334379336e-09,0.0003038614634935465,9.588084945954554e-11,4.599487214981827e-07,0.962218062243976,3.7459852364397514e-10,1.901430719201633e-08,1.9400999430518465e-05
20,0.0014813451053943185,0.012199526444333891,1.2791892055504315e-08,1.4937764298942374e-06,1.7063867187321661e-06,4.5639188925763825e-07,8.727940341624242e-06,3.0024622442709624e-05,6.497822540051138e-07,1.0521213865560215e-08,0.012380789503896929,0.0006305870792335733,8.160081147578388e-05,1.744840278286725e-07,0.0001679750475490215,9.591470972685352e-07,0.0007696030061763092,3.8050432182352286e-09,0.0002318820219801495,6.791568166036755e-11,3.878837087863348e-07,0.9720008657962651,1.6207768325315243e-10,8.433142615738118e-09,1.120898749988935e-05
21,0.007707827221329252,0.02524249646027267,9.698405597664716e-08,3.5905721062417223e-06,4.78145742971181e-06,5.624502096315836e-07,2.417817990292282e-05,6.524427677260917e-05,1.091926673467272e-06,1.807099031546178e-08,0.030656465120132727,0.003283041442618174,0.00025626411200760027,5.672917736153229e-07,0.00016855510947987016,3.400694851930198e-06,0.003228183120060281,1.8698852233586805e-08,0.00030177350075931615,1.7635052599239218e-10,1.7142888841201192e-06,0.9290172900131969,6.356636753339966e-10,4.638862158561937e-08,3.279180700461008e-05
22,0.0040299954468564795,0.016878945294626982,4.1376863775175284e-08,2.4865912753889447e-06,2.7921217775678717e-06,6.965718148153749e-07,1.1408659278844284e-05,5.7365072301994894e-05,5.524617205663668e-07,1.9172052777944415e-08,0.021794499118315613,0.0009144706588495943,0.00011662790075831152,2.717639545505458e-07,0.00014550173946303662,1.6981960737583225e-06,0.0026012302349428676,1.1672205457506155e-08,0.00031570894968001306,9.606798912718598e-11,1.0704023025431339e-06,0.9531102269249688,4.337123594673952e-10,1.2759854016841243e-08,1.4366380281884574e-05
23,0.003094963632468636,0.017422439202172332,3.004819930833356e-08,2.5829110560041028e-06,3.4775798533672235e-06,7.666591442968171e-07,1.6038167568448193e-05,4.1848115966584856e-05,9.920655034539956e-07,1.5089507977689956e-08,0.019886870264663306,0.0012995444693234993,0.0001143510154830231,2.6076024576881057e-07,0.00022181550983105258,1.8357303921419568e-06,0.0016195781953514568,7.389097690516428e-09,0.0003218058882809919,9.425793530322021e-11,7.615961142902462e-07,0.9559286359685725,3.9274473132109053e-10,1.9202572127938724e-08,2.136005162909395e-05
24,0.0022907412019576153,0.025556724536763702,2.4014703610351072e-08,4.315914055550347e-06,3.3442909141988988e-06,6.967650346230749e-07,1.5140884568550104e-05,4.389235853181245e-05,9.081387896823851e-07,2.0023483710457684e-08,0.01581463276971568,0.0011231788562745882,0.00011969068424308092,2.7745978165596396e-07,0.0002259079040936235,1.9645039689197156e-06,0.001771693905798313,8.765343323535265e-09,0.00047931833935373013,9.345120684217271e-11,7.674448310654462e-07,0.9525299706025795,4.236983632344024e-10,1.8245246015707926e-08,1.6761872817904507e-05
25,0.0038364964460711097,0.013149625003192139,4.017548258860367e-08,2.558779924068745e-06,5.356047506682097e-06,7.45849622612663e-07,2.5598202236728508e-05,9.382696527522021e-05,9.236079723539308e-07,1.1192431856012051e-08,0.04445838300153757,0.0020996329832061694,0.00014361835757832435,4.041958356976528e-07,0.00014536052676417308,1.667732576654185e-06,0.0018792167012912442,1.7391150238343486e-08,0.0002640895706206664,1.6336116517242067e-10,1.2714664736114081e-06,0.9338739700787262,4.314941809792011e-10,1.6867723458162418e-08,1.7168261945295796e-05
26,0.009613699420429585,0.025318002840287287,1.0721447826118577e-07,6.324685222159116e-06,1.0011564430559045e-05,1.4258478367643001e-06,2.39521930476411e-05,5.4760901359789545e-05,2.68644666495751e-06,3.229313588918642e-08,0.030989948355861583,0.001958459992036622,0.0002324946364583049,5.90745358047846e-07,0.00021447684489313268,2.209813396207906e-06,0.0024134415367882793,2.2298283132358003e-08,0.0003306312357155488,1.938022964171517e-10,1.6493968464647774e-06,0.9287940327678423,1.3323364595402837e-09,7.147277576289855e-08,3.096597071294357e-05
27,0.001717808406095358,0.011750655823944632,1.3640728149184661e-08,1.8736027337096182e-06,2.2456225655855502e-06,7.221498952404841e-07,9.96691388850973e-06,3.0071125985183654e-05,1.1212997604266752e-06,1.2651285928399568e-08,0.012080876470590878,0.0008209785973679925,7.12617640450116e-05,1.7061304119334597e-07,0.00023572632244083172,1.2069056075962019e-06,0.000672114106725206,3.8081093371791e-09,0.0002477090334148625,6.671341032046125e-11,3.0580342115944264e-07,0.972339177233102,2.1285364425715306e-10,1.1957317206762016e-08,1.5965868366844547e-05
28,0.003094963632468636,0.017422439202172332,3.004819930833356e-08,2.5829110560041028e-06,3.4775798533672235e-06,7.666591442968171e-07,1.6038167568448193e-05,4.1848115966584856e-05,9.920655034539956e-07,1.5089507977689956e-08,0.019886870264663306,0.0012995444693234993,0.0001143510154830231,2.6076024576881057e-07,0.00022181550983105258,1.8357303921419568e-06,0.0016195781953514568,7.389097690516428e-09,0.0003218058882809919,9.425793530322021e-11,7.615961142902462e-07,0.9559286359685725,3.9274473132109053e-10,1.9202572127938724e-08,2.136005162909395e-05
29,0.003094963632468636,0.017422439202172332,3.004819930833356e-08,2.5829110560041028e-06,3.4775798533672235e-06,7.666591442968171e-07,1.6038167568448193e-05,4.1848115966584856e-05,9.920655034539956e-07,1.5089507977689956e-08,0.019886870264663306,0.0012995444693234993,0.0001143510154830231,2.6076024576881057e-07,0.00022181550983105258,1.8357303921419568e-06,0.0016195781953514568,7.389097690516428e-09,0.0003218058882809919,9.425793530322021e-11,7.615961142902462e-07,0.9559286359685725,3.9274473132109053e-10,1.9202572127938724e-08,2.136005162909395e-05
30,0.003094963632468636,0.017422439202172332,3.004819930833356e-08,2.5829110560041028e-06,3.4775798533672235e-06,7.666591442968171e-07,1.6038167568448193e-05,4.1848115966584856e-05,9.920655034539956e-07,1.5089507977689956e-08,0.019886870264663306,0.0012995444693234993,0.0001143510154830231,2.6076024576881057e-07,0.00022181550983105258,1.8357303921419568e-06,0.0016195781953514568,7.389097690516428e-09,0.0003218058882809919,9.425793530322021e-11,7.615961142902462e-07,0.9559286359685725,3.9274473132109053e-10,1.9202572127938724e-08,2.136005162909395e-05
31,0.00454223772133656,0.020603380466063834,4.9706100799911e-08,2.4238011204507463e-06,2.3789116062951674e-06,5.866569269117102e-07,1.3771307893207607e-05,7.285892630128651e-05,7.042743023259913e-07,1.9006924468128923e-08,0.019728150370657015,0.0013692917823828893,0.00013021429095650148,3.083995555365339e-07,0.00015219990357874863,2.4499945938879883e-06,0.0021530436008974706,1.0785756369895137e-08,0.0002888468900810858,9.741382319166005e-11,9.591715039937436e-07,0.950916255026486,3.7241351095486486e-10,1.6236711136495156e-08,1.9842298435892712e-05
32,0.0027998615231232507,0.017013160211721064,2.7268042953593934e-08,2.673272941279067e-06,3.2728832092233893e-06,7.818717750465906e-07,1.623486868060356e-05,4.121274682871788e-05,9.555889752730823e-07,1.5630003842392893e-08,0.018748129809915234,0.0011725015165924002,0.00011425519898750194,2.36691711407342e-07,0.00023718748752441798,1.9535091725885446e-06,0.0015918850531283048,7.447364437546224e-09,0.00038881210061633876,9.422391611177495e-11,7.825930466792179e-07,0.9578458672931034,3.9422025469411787e-10,1.8799388260340337e-08,2.0166145703771158e-05
33,0.003122868009388526,0.017228775073629316,2.738471790691661e-08,2.5364208953665515e-06,3.0817509862300336e-06,6.443552473107879e-07,1.600466913007215e-05,4.188747143640277e-05,7.777927350777165e-07,1.2308700464914924e-08,0.019964574599839663,0.0013939141841006971,0.00012285057271376647,2.2355605485795976e-07,0.00018625607560495176,1.8708389049328484e-06,0.001764718949175768,7.4162273399741025e-09,0.00031522753201403337,8.748862801197686e-11,7.374228325152209e-07,0.9558147955124692,3.418625142255138e-10,1.8021160785506927e-08,1.8189652683678132e-05
34,0.0030870910995358393,0.017444503599106143,3.0019725446832784e-08,2.582625806525097e-06,3.4762406375948587e-06,7.669715631502618e-07,1.6032914541249674e-05,4.1853834698346764e-05,9.919991678631215e-07,1.5104778510003958e-08,0.019863330475368982,0.0013006849421897254,0.00011416050247741188,2.610414913273703e-07,0.00022183522025575586,1.8368149297337133e-06,0.001620518720459101,7.377793845668999e-09,0.00032167218851780944,9.422069049629261e-11,7.612172966965966e-07,0.9559361772327533,3.9282169186462544e-10,1.9192379327836548e-08,2.139017748377006e-05
35,0.0031146760723430285,0.016875174913800577,2.9053682749679303e-08,2.522574750892259e-06,3.2622161048591784e-06,7.593386680605858e-07,1.569181319771621e-05,4.2058168117082866e-05,9.687364243177406e-07,1.4789345815051422e-08,0.01927501850807772,0.0012824083155617285,0.00011312105189305533,2.471876037157492e-07,0.00021251441786115252,1.8427502372335178e-06,0.0015689390034969366,7.444794348442955e-09,0.00032034631475837946,9.065015106762917e-11,7.298187255678752e-07,0.9571492551003137,3.7707486872831734e-10,1.854672919861456e-08,2.0393395787086396e-05
36,0.0018883750149312384,0.012383752888374153,1.5033689740743727e-08,1.6964992108426837e-06,1.032289920485093e-06,4.6247264178911245e-07,8.818548511151036e-06,4.3900817207322364e-05,6.202435320804811e-07,1.278661809347748e-08,0.00858804617882113,0.0008826699255865547,7.324206526843981e-05,1.717056818790085e-07,0.0001374379149131405,1.5948373134206e-06,0.0009323623076477216,5.063259608792416e-09,0.00023675126518369588,5.149500315984039e-11,3.151512123822054e-07,0.9748073313031378,1.6588049372027403e-10,7.062202245830279e-09,1.137840775978199e-05
37,0.008111853376600364,0.025352587747274526,1.044052733390035e-07,4.375574144478263e-06,7.188630969421046e-06,8.773512385839731e-07,3.394719334639792e-05,5.272191984618039e-05,1.784784512330453e-06,2.075533274146604e-08,0.03155570883182617,0.002883238972906077,0.0002824932182991569,5.407711168067572e-07,0.00020361499187262239,2.919017509179042e-06,0.002881573063617351,1.867048202494983e-08,0.0003561102548150498,1.918528228138107e-10,1.7850964523048706e-06,0.9282318528365612,8.309561321596121e-10,6.014266471481602e-08,3.462137052978492e-05
38,0.003934900489917159,0.011284524454971205,3.048458639164074e-08,3.3120181632510107e-06,2.1866330799960775e-06,1.4391500918773252e-06,3.113348462703799e-05,4.886099573162601e-05,9.288923270568706e-07,1.8478657571633257e-08,0.01468469508311653,0.0009566893918784652,0.00016550242909282455,1.2697552245172982e-07,0.0003062137619066986,4.1169760914775965e-06,0.0017880324408073058,1.3534644596712388e-08,0.0008424552758835417,1.1474502415995207e-10,9.877781775322571e-07,0.9659273702700178,5.945844940675104e-10,1.9985885347591128e-08,1.644030549305169e-05
39,0.002813015538066804,0.009627373069625193,2.5741474087234452e-08,1.5250497006556224e-06,1.8242025401071373e-06,8.499407764024928e-07,1.911931626945779e-05,6.668131581144548e-05,5.583037503048393e-07,1.0459442696019035e-08,0.018039747620233453,0.001502428892135825,9.315428171709047e-05,1.5163741781836133e-07,0.0001549278543735538,2.8713867862873503e-06,0.0018207441044791794,7.300754916808847e-09,0.00030262785479134835,8.085733192949369e-11,7.619989274389336e-07,0.965533425006242,3.080545436942392e-10,1.2164812047366489e-08,1.8156570959982104e-05
40,0.004021438256034267,0.02990754500631674,4.5295125017966277e-08,2.320244485495395e-05,7.293166857631586e-06,3.007339387401648e-06,6.922340401364983e-05,0.00015398900829296424,3.689485118886959e-06,1.0085428551002147e-07,0.03168143528093782,0.0012080252486868614,0.00034431019165026837,4.307061729620049e-07,0.00043734040500010164,9.635092737413592e-06,0.0022637751044761196,1.349503086814876e-07,0.00737892421878416,3.136579571001355e-10,5.099791173967354e-06,0.9224614278490446,3.394011837706997e-09,1.0689857123017935e-07,1.9816294499078388e-05
41,0.00296085258373994,0.014429321059873245,2.2241668495332994e-08,8.300184607779227e-06,1.1317375265425852e-05,2.2941430589650982e-06,1.5766298630360188e-05,3.994159829473628e-05,2.9074772586629723e-06,2.422711498912919e-08,0.01993260507920877,0.001159846372058015,6.869119517486586e-05,2.0602826160444455e-07,0.0008625820929058564,1.7979546357398876e-06,0.0010318654892587206,5.9516470210480624e-09,0.00039309254582699986,1.0676475280961637e-10,2.7844249301599086e-07,0.9590510928068697,6.322289273312574e-10,2.36641848656463e-08,2.716444896848873e-05
42,0.0011764785032820943,0.008628449680529624,8.016333582648243e-09,1.0602078198697232e-06,9.843332859338822e-07,4.110718311388997e-07,6.3476029040466575e-06,2.4492296565933024e-05,4.0005853468326773e-07,7.577880667080022e-09,0.007929411249496997,0.000497835039758839,6.059833404568167e-05,7.284896123326265e-08,0.00013064419472558813,1.0663495254037082e-06,0.000701732077715433,2.185111164825551e-09,0.00022841264819482488,3.8000283604637465e-11,2.3525813081936363e-07,0.9806034677581126,9.194689464036358e-11,5.631021301840744e-09,7.876946285520636e-06
43,0.005296646768214839,0.028401057565361515,4.540049929231587e-08,3.116257162541167e-06,4.73077842974988e-06,4.6787286194069904e-07,2.3348343029752363e-05,4.2281813725279626e-05,9.180640555316689e-07,9.092496256090374e-09,0.032995587497781025,0.003600089676633458,0.00016846316143794495,3.9056490385763946e-07,0.00020092070275501165,2.1263391369177826e-06,0.0029011154711685353,8.799978248147023e-09,0.00025022289573752243,9.533339142622874e-11,9.204673125699318e-07,0.9260749330304269,4.350036880171727e-10,3.104728337993127e-08,3.2567859270955043e-05
44,0.003094963632468636,0.017422439202172332,3.004819930833356e-08,2.5829110560041028e-06,3.4775798533672235e-06,7.666591442968171e-07,1.6038167568448193e-05,4.1848115966584856e-05,9.920655034539956e-07,1.5089507977689956e-08,0.019886870264663306,0.0012995444693234993,0.0001143510154830231,2.6076024576881057e-07,0.00022181550983105258,1.8357303921419568e-06,0.0016195781953514568,7.389097690516428e-09,0.0003218058882809919,9.425793530322021e-11,7.615961142902462e-07,0.9559286359685725,3.9274473132109053e-10,1.9202572127938724e-08,2.136005162909395e-05
45,0.0017949614555554936,0.008770000001532779,1.2956718314854922e-08,4.36784011136297e-06,4.112625149053206e-06,1.4224831205577607e-06,2.682099461749771e-05,3.995514885751653e-05,1.6750887803678696e-06,1.2893434148064621e-08,0.013961566493119741,0.0009659511437517329,0.00010571931908230948,1.0963383416060749e-07,0.0005506368606053452,2.339935742840172e-06,0.0006810316102486405,5.6203734167034615e-09,0.000552197297030115,1.1586677355668641e-10,3.0630824832212233e-07,0.9725214918032564,3.1266826360933847e-10,1.595644784046111e-08,1.528610184702837e-05
46,0.003085428326619191,0.01842824874795939,7.835184224288541e-08,4.008915931601825e-06,1.1036300467616258e-05,2.2090338269758514e-06,5.550669423817625e-05,8.912344187564827e-05,1.3195902869952516e-05,7.156348033234612e-08,0.03688087189162281,0.001157953050879701,0.00023130653356976712,1.7172358005030106e-06,0.0004225197636907096,1.843842596450176e-06,0.000372797416860479,3.8562720187438613e-08,0.000862259962657907,4.207558093185251e-10,3.059361009075362e-06,0.9383327286873286,1.0364968773362477e-09,5.677970689035322e-08,4.3938175193055875e-05
47,0.0021992798772149506,0.015555992236456609,1.3860695651752479e-08,9.698463961187127e-07,9.64610882791678e-07,2.8244587857486053e-07,7.947625095017083e-06,2.4676466471974633e-05,4.508765517756975e-07,6.6931515426390854e-09,0.009379850854641112,0.001258262283819296,8.374451945802757e-05,1.1131815267536794e-07,0.00011236419853002832,1.4992236323863044e-06,0.0010145124471414725,2.4496076208857404e-09,0.00014972332934519588,3.9570520296884694e-11,2.2687624417518763e-07,0.9701946830043027,9.832992880924974e-11,9.657760938586203e-09,1.4425160669196565e-05
48,0.001566076646300145,0.029136679147882587,1.347330200876321e-08,2.658424277327552e-06,1.1911496360411164e-06,4.6366353852621295e-07,8.267543803493601e-06,3.597226053303083e-05,3.0634010037033024e-07,1.617295536046474e-08,0.00790396162335744,0.0007042013785437131,7.020908716117787e-05,1.3257074201707242e-07,0.00014946259048823852,2.016136143751703e-06,0.002761990593781893,4.364128657286948e-09,0.00041648700729926715,4.262311769996536e-11,4.818738955335626e-07,0.9572285225217362,2.704004478427649e-10,7.545913503771521e-09,1.0877571456170296e-05
49,0.0012946107086472662,0.034801668509774855,1.3740338426372256e-08,5.576522835294282e-06,3.065114381724184e-06,4.3727202336497557e-07,2.1373997716665823e-05,2.7336595782890552e-05,1.0178652270358828e-06,2.5220884973639522e-08,0.017560535601387418,0.0006881488399122088,0.00013889178554854606,2.945049069633437e-07,0.0010472847067958763,3.38599043201652e-06,0.0018528891712349667,7.873366224710836e-09,0.0029227887985322416,9.024863041598539e-11,1.4466615811724817e-06,0.9396021748771751,4.870204636189166e-10,2.594496940772604e-08,2.699911927635646e-05
50,0.0016866627119551084,0.016205654527655475,2.3782082393365417e-08,2.145048281949069e-06,2.2842241724773087e-06,7.678688231480795e-07,1.9243356270809544e-05,4.4928537338499075e-05,1.0222975385924575e-06,2.0275872573137685e-08,0.012283840446821341,0.000889046993575767,0.00011318452059409945,2.466327922945599e-07,0.0002004796460988733,2.025179130214479e-06,0.0011690387681196801,6.541286505993114e-09,0.0004551775504129447,9.895549604460799e-11,8.02572524579711e-07,0.9669060886720785,3.039679828944126e-10,1.3517477635910314e-08,1.729592617306845e-05
51,0.0033145334557498764,0.01650753908002615,3.219113905753348e-08,2.555354595022802e-06,3.7140830325180886e-06,8.365142597233693e-07,1.757058635647647e-05,4.2068673702582265e-05,1.0512385629334861e-06,1.5060560824391737e-08,0.02109945356036104,0.0013543751873665469,0.0001183662003591219,2.614073516120124e-07,0.00022919455189952952,1.9225301181227406e-06,0.0016801709028509654,7.767789381242508e-09,0.0003309468044621336,9.869601022742869e-11,8.266447504998447e-07,0.9552718862528341,4.2822773497828327e-10,2.0925055040691894e-08,2.2650499892840913e-05
52,0.002951782427138128,0.015176747184609126,2.6398755903911595e-08,2.735488590990408e-06,2.8853831785634566e-06,8.006589178195601e-07,1.3861391439100909e-05,4.415089595444507e-05,9.670497643291681e-07,1.7408825589737717e-08,0.017370293120454315,0.001032961036307929,0.0001110398936005693,2.314217395005786e-07,0.0002283733526774599,1.893231441339615e-06,0.0013477141373012204,8.434018039950146e-09,0.0003644496280858376,9.5266648366478e-11,6.619072075787061e-07,0.9613307846091466,3.705572527820575e-10,1.6668702566458557e-08,1.7597806319291224e-05
53,0.0032627425227855535,0.013862203721301017,3.138774794556593e-08,2.1748849239719955e-06,3.99718029060846e-06,1.1463316893935192e-06,4.2976984275560304e-05,5.0937822489972794e-05,1.6803956674669583e-06,1.032928442821006e-08,0.02573102234815774,0.00268170611007563,0.00012372035883475923,3.1646221256756527e-07,0.0002852927726105286,2.41354405636382e-06,0.001472140696294234,8.319937805660042e-09,0.0003110367050572973,1.190517775061807e-10,8.483823383661752e-07,0.9521282745861311,5.300983637401152e-10,2.3263571660871842e-08,3.5294241115683115e-05
54,0.0016630839406371366,0.023851167614857588,2.3775780653007434e-08,1.5645536806469597e-06,2.386247416177634e-06,5.363996049515928e-07,1.3060412945430819e-05,3.5301581243127095e-05,1.2942622205754318e-06,1.6406787038106567e-08,0.012898562283289202,0.002300168057422697,6.779478267397914e-05,3.768476138788639e-07,0.00036801143549465435,2.676973282443103e-06,0.0012042587914468167,2.942488371363808e-09,0.00023082738057907118,7.806673045444672e-11,3.9380821663741055e-07,0.9573036086780692,2.421175631958272e-10,1.825963519811478e-08,5.4864244430321166e-05
55,0.004903788365999244,0.018846734107832774,4.434387165477129e-08,4.212674069765972e-06,8.85966899912776e-06,1.179347431571717e-06,5.6299013120761894e-05,4.5111532157551575e-05,2.9878084506736885e-06,9.916068188533708e-09,0.03493408260610855,0.006386449636534994,0.00019548273657094456,3.908702455831195e-07,0.0002815518685430943,3.0934164283267753e-06,0.0015985955155284396,1.1378970347600525e-08,0.00033138066992422145,1.4607498194420753e-10,8.85355776064944e-07,0.9323501544500893,6.670004384541693e-10,6.892502495498195e-08,4.8624979178314325e-05
56,0.003075676657142004,0.017306613763738467,2.9776138944467434e-08,2.533369619375248e-06,3.3537598134064185e-06,7.321724746879798e-07,1.603218518699156e-05,4.091644515913386e-05,9.65310306146477e-07,1.4584053420135906e-08,0.019455431908340686,0.001294879027615636,0.00011912487232706977,2.5593057227757826e-07,0.00021131216127141258,1.8089557851381396e-06,0.001596590007743321,7.346863778421166e-09,0.00031647651200823095,9.592329781991541e-11,7.568925845666201e-07,0.9565359149306731,3.8150602264655533e-10,1.9419834171240718e-08,2.0553533318740557e-05
57,0.012524464103787599,0.008690493456083848,5.872224302165468e-08,6.1343989023014265e-06,1.4327857148439684e-05,4.436586246988251e-06,1.996604924894038e-05,7.22974850477191e-05,3.754920718657769e-06,2.153004472435477e-08,0.05314987160630625,0.0016187183401979734,7.796065053736544e-05,5.268715547167057e-07,0.0004754059152492523,1.0234244153173205e-06,0.0014763925259666086,2.2452457209807098e-08,0.0001230365625034718,1.7167417753090777e-10,5.44636547501575e-07,0.9217092334253381,2.118432211220291e-09,2.667709782377972e-08,3.1279512249853656e-05
58,0.00335661078977455,0.019447670559919843,3.5744436126095246e-08,3.0618423807711922e-06,4.630747817668561e-06,8.396015899075814e-07,1.9386672868565625e-05,3.9182949029554804e-05,1.2464824578242425e-06,1.6402099675958148e-08,0.021893337119790066,0.0015192312535288735,0.00014359059685674922,2.9082621916569093e-07,0.0002465903082859145,2.1086597605249423e-06,0.0017267866090329488,8.226768963519422e-09,0.00036794567003550717,1.2128264541109063e-10,9.367653096687303e-07,0.951201046927386,4.933205521785979e-10,3.046638684723721e-08,2.5414163661110496e-05
59,0.003635383992258851,0.020490956256097304,4.25901586113583e-08,2.9960504348885308e-06,4.753026220287743e-06,8.425526679297566e-07,1.873172817559281e-05,4.323322761497622e-05,1.2141174815021537e-06,1.8441559690858246e-08,0.02255662418919689,0.0015203347785647013,0.00014327088371594252,3.3167482881035213e-07,0.00023095398270800416,2.1630170346760547e-06,0.0019253922591853524,8.925263682689868e-09,0.00034656748750916416,1.2514166854911273e-10,1.0654663605370142e-06,0.9490485863279865,5.170326067144578e-10,2.985038155938847e-08,2.6498532420314856e-05
60,0.003094963632468636,0.017422439202172332,3.004819930833356e-08,2.5829110560041028e-06,3.4775798533672235e-06,7.666591442968171e-07,1.6038167568448193e-05,4.1848115966584856e-05,9.920655034539956e-07,1.5089507977689956e-08,0.019886870264663306,0.0012995444693234993,0.0001143510154830231,2.6076024576881057e-07,0.00022181550983105258,1.8357303921419568e-06,0.0016195781953514568,7.389097690516428e-09,0.0003218058882809919,9.425793530322021e-11,7.615961142902462e-07,0.9559286359685725,3.9274473132109053e-10,1.9202572127938724e-08,2.136005162909395e-05
61,0.003948130685427057,0.020020413582941574,4.6319384676827185e-08,3.070210093264808e-06,5.022228921249523e-06,8.824311059935851e-07,1.94942506285197e-05,4.442299774995404e-05,1.3383954155692101e-06,1.911344889379686e-08,0.023467936457498163,0.0015349287583626347,0.00015027154514523632,3.493608399408836e-07,0.0002240394236342927,2.100166295036809e-06,0.0018570089014210887,9.699615391780745e-09,0.0003442108846661311,1.293837422160522e-10,1.1156904997919166e-06,0.9483486053937443,5.440072293735514e-10,3.18571755284144e-08,2.6550972594800617e-05
62,0.003094963632468636,0.017422439202172332,3.004819930833356e-08,2.5829110560041028e-06,3.4775798533672235e-06,7.666591442968171e-07,1.6038167568448193e-05,4.1848115966584856e-05,9.920655034539956e-07,1.5089507977689956e-08,0.019886870264663306,0.0012995444693234993,0.0001143510154830231,2.6076024576881057e-07,0.00022181550983105258,1.8357303921419568e-06,0.0016195781953514568,7.389097690516428e-09,0.0003218058882809919,9.425793530322021e-11,7.615961142902462e-07,0.9559286359685725,3.9274473132109053e-10,1.9202572127938724e-08,2.136005162909395e-05
63,0.002710601232908753,0.019376608147441885,2.628083045887854e-08,2.4490910776403257e-06,3.000038065369877e-06,6.555253889070885e-07,1.3721425674788034e-05,3.8788683968340985e-05,8.823349913354507e-07,1.4969469845226772e-08,0.017430855167034163,0.0012043709375121731,0.00010717112983628972,2.4751126364684825e-07,0.00020927364947560036,1.7524387954040887e-06,0.0015656674539697832,6.364609870478583e-09,0.00031227002964118975,8.49310686030989e-11,6.708039210298612e-07,0.9570008630876687,3.382815400316821e-10,1.737574614896645e-08,2.008589749606007e-05
64,0.003433629358736177,0.020177417782426096,4.1015155209894487e-08,2.643819220002475e-06,4.004365493949512e-06,7.427140580370204e-07,1.8988914256116148e-05,4.611435277658266e-05,9.743967849424444e-07,1.7160502514351434e-08,0.022945258219018886,0.0013516211603878424,0.00014155723708016212,3.305224625452682e-07,0.00020597913221446555,2.037814560117181e-06,0.0020787312978281236,9.377021814159369e-09,0.00037642837407330325,1.1503153668892186e-10,1.2557087998087002e-06,0.9491891105342343,4.779245936260669e-10,2.3074982336872498e-08,2.3083074970552253e-05
65,0.0035052937058634563,0.011403217409046077,2.050304837296417e-08,4.150818621068854e-06,4.241511023306272e-06,1.596634575085924e-06,2.6191169404610518e-05,4.66243449463693e-05,8.04666072893186e-07,1.1928926666580775e-08,0.026193712656505136,0.0012194681080185254,0.00010373898556684855,1.2366300601496557e-07,0.0003705540664443947,2.605049199938837e-06,0.002344268608688889,1.0698533701313305e-08,0.0006718650476837702,8.683790550521788e-11,8.067904296023092e-07,0.9540833887939131,6.623893253601624e-10,1.760989972497635e-08,1.7286481355348915e-05
66,0.003581563332971626,0.016605696935746164,3.8274325800144807e-08,2.5071499711891994e-06,3.634348191264156e-06,7.101955579906793e-07,1.7831870049160897e-05,4.6913265157412184e-05,1.0139432294454105e-06,1.5710190688339257e-08,0.021243727426884584,0.0013031094946501466,0.0001458107646870021,2.8289268983588274e-07,0.00019062596862222338,1.8759524913322993e-06,0.001552227944275769,8.875555051676241e-09,0.00030817421764746064,1.1425862138744667e-10,8.890644327323488e-07,0.9549737747105939,3.6272569388750215e-10,2.011087683250166e-08,1.9547074218242278e-05
67,0.022173038350568754,0.03818224696535235,7.743438038649494e-07,1.1990179269576787e-05,1.4444515474839287e-05,1.986789509574353e-06,4.50266442758395e-05,0.00018984784038189207,1.4759741164379248e-06,1.0695439256330715e-07,0.0731172751199176,0.00212000891238628,0.0005679992325384074,2.3102579217607998e-06,0.0002370556342681557,5.842857135122089e-06,0.014763837496036008,1.4590964696964928e-07,0.000821487726476124,7.670293253786562e-10,2.0236194837295956e-05,0.8476719115956906,7.485498200345487e-09,1.1386017098006111e-07,5.082839330127844e-05
68,0.006781084820170585,0.02507476762321836,1.5798442549245752e-07,6.113565499730993e-06,1.7703613698198593e-05,2.0630200196977623e-06,4.712159820229305e-05,6.176707839857511e-05,6.240149323916732e-06,3.7167786790143584e-08,0.04009828266095306,0.005055953426774721,0.00021716032126954798,1.576557616928225e-06,0.0003675532070579285,2.514468111001795e-06,0.0019945964802483545,1.7395101920576547e-08,0.0002288160837206296,3.2459413232522627e-10,1.7069645389158743e-06,0.9199407967477726,1.7113070888928345e-09,1.0134055066294297e-07,9.386568963863461e-05
69,0.005024996811605619,0.020203886383185512,1.282114963563139e-07,3.2644303543055614e-06,5.312098138384205e-06,1.2565763859510469e-06,3.305101924145145e-05,0.00010665610695525843,2.014805430252046e-06,4.183287457754446e-08,0.0315625733161861,0.002033319030001704,0.0002185266494171244,1.065669918219561e-06,0.00019818021300945483,3.350604100437975e-06,0.0022531516544613134,3.092697997155122e-08,0.00046012283299452545,3.040164260744989e-10,3.602515815656193e-06,0.9378448629706558,1.1342618781308753e-09,4.224855832549271e-08,4.0561653955252126e-05
70,0.004350069032826171,0.01998502126996757,5.369320599640982e-08,5.735952433328343e-06,1.2169233873320051e-05,1.3232521026534076e-06,2.8496071176490865e-05,4.913459159545314e-05,2.4564538095854033e-06,1.7255117242385607e-08,0.032734371967098275,0.001969174473905591,0.0001468557548393558,5.046397051125868e-07,0.00033166864005091214,1.3649796767874736e-06,0.0017326224396091937,9.486811214072865e-09,0.0002580769549929777,1.632775318508988e-10,9.372627828406825e-07,0.9383599208880695,7.920655408269598e-10,3.4259043633746286e-08,2.998049196374225e-05
71,0.0026388688542738083,0.0386406882703831,1.1275754772822344e-07,3.4977290050227446e-06,1.7435432334389665e-05,1.2314258002721224e-06,6.634581012996729e-05,8.887349389301192e-05,7.246175520960153e-06,4.828367585632858e-08,0.037194179677691196,0.003034777884379842,0.0002503196580943859,2.7431049642283315e-06,0.00021147517855874651,2.3626619235011452e-06,0.0013157338891221287,2.6772648222242074e-08,0.000407609995465348,5.001613059524034e-10,4.998560815242792e-06,0.9160531583155327,1.1005763553144107e-09,7.573401707321179e-08,5.8188733485686846e-05
