,0,1,2,3,4,5,6,7,8,9,10,11,12,13,14,15,16,17,18,19,20,21,22,23,24
0,0.0003696925324439175,0.05973189666116669,0.00016799020215874588,0.0005067586504546194,0.0006710370594569318,0.0017870301691114059,3.115648114085631e-06,0.005747385114144233,0.10496077902526961,0.0005153995402219675,0.006070237518634028,0.0008365658780109961,1.0334870940155903e-08,1.442336501529928e-06,0.14346222559324842,0.00011035188448217389,0.00036390328733696314,3.3557228565534545e-05,0.012246372612816258,2.2483044073960764e-08,0.0004075617435496753,0.6612850653073451,4.817883569220441e-05,2.5261955535760436e-07,0.0006731677338045617
1,0.00030815192561036315,0.08240358367380807,0.00021474501712130981,0.0002564431786491536,0.0007802852761154321,0.0012774913932084794,2.2437689253298078e-06,0.003899147529010246,0.09113074247918573,0.00040806313870550125,0.00532687230572963,0.0006767112480889179,6.1275435278339704e-09,1.302137971678488e-06,0.1543969620235103,6.497846617778392e-05,0.0002873589699071989,1.590577593859605e-05,0.013989043596918015,1.4059454388558502e-08,0.0003229857778510195,0.6434148996277952,3.142689084477732e-05,2.0105236398605907e-07,0.0007904345595653667
2,0.00023194679089835426,0.09460523123350675,0.00015837563702841059,0.00019437082472303156,0.000831598117760224,0.0007620668211213072,1.6514804478509449e-06,0.0034984811703936878,0.07125700393491052,0.0003541394283282207,0.009863039342924283,0.000849899727110446,4.26081882907822e-09,2.6533294818152707e-06,0.330975957578903,2.8256586544415436e-05,0.0002136208746179757,1.862770657670236e-05,0.006984983086650045,2.0476177851503912e-08,0.00034302785757841327,0.47741994442885655,4.104298053246836e-05,1.4854780246781586e-07,0.001363907776306134
3,0.000237311418641937,0.08560116410695714,0.00013468599556616957,0.00022647197662493975,0.0005633430003279863,0.001117221064613512,2.271607344528692e-06,0.0030198470678371165,0.05159683329721152,0.00027530808184483846,0.004969470235000163,0.000801991667380268,4.804231249129224e-09,1.8931701186681215e-06,0.17828847639682432,4.79202408582743e-05,0.0002977189326104548,2.1525549479985084e-05,0.009382376244937034,1.4075884971169268e-08,0.0003538779561694541,0.6620476993250726,3.679532982742504e-05,2.3227189744501912e-07,0.0009755461827379088
4,0.0002740855880851444,0.08753254201524031,0.00014703342216721327,0.00024439200260947726,0.0006050466849779268,0.0011651847407272815,2.5112964170480763e-06,0.003330562266227861,0.049954579121209784,0.00029980577736456957,0.005189477542995796,0.000849927837830989,6.173076053697024e-09,2.221204836388862e-06,0.1789517234419953,5.463600174938568e-05,0.0003258011104285812,2.438304279001323e-05,0.010784418343069847,1.6131811972462874e-08,0.00035804119462465095,0.6588757906793096,3.751994035137393e-05,2.7606919437271286e-07,0.000990018370909006
5,0.00022934250715133273,0.09227358709254184,0.00010393675423042958,0.00027109728711761753,0.0004837119246773952,0.0012042230496961152,2.0773120579424343e-06,0.0030413075247364666,0.047105736791757495,0.00024168622651876787,0.0049604587371148545,0.0007031731660706564,4.991383389143815e-09,1.8066137178392225e-06,0.17848164337639078,4.990198299786908e-05,0.0002802762751673778,2.985268447483712e-05,0.009196732206999524,1.5036729785402205e-08,0.00033472089295910997,0.6600981948349998,3.856712283692546e-05,2.2472290262756293e-07,0.0008677208847690226
6,0.000237311418641937,0.08560116410695714,0.00013468599556616957,0.00022647197662493975,0.0005633430003279863,0.001117221064613512,2.271607344528692e-06,0.0030198470678371165,0.05159683329721152,0.00027530808184483846,0.004969470235000163,0.000801991667380268,4.804231249129224e-09,1.8931701186681215e-06,0.17828847639682432,4.79202408582743e-05,0.0002977189326104548,2.1525549479985084e-05,0.009382376244937034,1.4075884971169268e-08,0.0003538779561694541,0.6620476993250726,3.679532982742504e-05,2.3227189744501912e-07,0.0009755461827379088
7,0.0006900118939753522,0.06677539316724691,0.00031780168102160244,0.00034687914435043544,0.0009525078793518656,0.0006865706560361324,3.2387856496709256e-06,0.006070018071866914,0.059755370609231216,0.0007260047351739886,0.00840900680813373,0.0008517697825053913,1.4913914383170964e-08,2.2319488294444506e-06,0.11384118547335437,5.731951450128032e-05,0.0004060086869036765,1.2935490488300563e-05,0.01731706361061828,2.030426535787463e-08,0.00016095709488644658,0.7216266409355788,1.6373401687394736e-05,2.708834770020927e-07,0.0009744045269519777
8,0.00041036142642390865,0.07178259346528397,0.0003338438801314066,0.0002264699728468319,0.0007763193567256144,0.000817330968480702,3.4799427846277566e-06,0.0029340436547341947,0.051159429113756864,0.0007013773101136976,0.006743966889906121,0.0013766423473748199,6.919607392409962e-09,4.61296761000537e-06,0.19919050320875037,3.9635443555774245e-05,0.0004702908170917948,1.1299111921785851e-05,0.008821649722323388,2.0048143160101325e-08,0.0005208441134375311,0.6513738497493778,5.944912296789755e-05,5.163231414071129e-07,0.0022414641235088597
9,0.0002987953932678534,0.0878244271901884,0.0001726274576585985,0.0002048154286272995,0.0005694913586217046,0.0007252385757208997,2.0173800159670694e-06,0.002415073145150101,0.04919303970337955,0.0004799674583595549,0.007168151566077261,0.0009518099361958309,3.831312932972685e-09,3.6458017782262427e-06,0.26590479497816,2.5220602857319677e-05,0.0003049151229734146,1.286173827486979e-05,0.00688448872766619,1.4519138183351859e-08,0.000408061564155152,0.5743069467800674,5.928841054775619e-05,3.0175609402920976e-07,0.0020840015737113925
10,0.000237311418641937,0.08560116410695714,0.00013468599556616957,0.00022647197662493975,0.0005633430003279863,0.001117221064613512,2.271607344528692e-06,0.0030198470678371165,0.05159683329721152,0.00027530808184483846,0.004969470235000163,0.000801991667380268,4.804231249129224e-09,1.8931701186681215e-06,0.17828847639682432,4.79202408582743e-05,0.0002977189326104548,2.1525549479985084e-05,0.009382376244937034,1.4075884971169268e-08,0.0003538779561694541,0.6620476993250726,3.679532982742504e-05,2.3227189744501912e-07,0.0009755461827379088
11,0.00025671722597873795,0.07927060731545969,0.00014043404722774606,0.00023366759366791266,0.0005541982998943018,0.0011354137471297275,2.4645645566515774e-06,0.0034558419408287576,0.051621149919227276,0.00030749922335898705,0.0048993040289485364,0.0008519318437920287,5.9914853490987236e-09,1.8907333119658835e-06,0.16647412539348352,5.3219387033125966e-05,0.00031851618216569683,2.251595425476918e-05,0.010088472420398707,1.4944187073586462e-08,0.00033307977902314516,0.6790346610658093,3.4310055327322613e-05,2.575931842067291e-07,0.0009097007502652943
12,0.00035869630171911083,0.14258607714767085,0.00019372565196137533,0.00029651563618524117,0.0053184867596798285,0.0030755913372562454,1.0987113712808728e-05,0.0010273455965699077,0.09038322181789593,0.00027035899228333054,0.00983019466119747,0.0015009513972430583,6.283914805684217e-09,2.6367446883380554e-05,0.3568037998872295,7.068489802765891e-05,0.0007225299861797403,0.00011800521230512424,0.008706994020530427,8.391366732806022e-08,0.00206885119484184,0.368615895634595,0.0005629281490036833,1.055155288807526e-06,0.007450645804157496
13,0.0002733316921415297,0.07939561196611232,0.00015840483815678352,0.00025076438305039566,0.00059846903594007,0.0008842197209026194,2.3022288627412974e-06,0.0035312132146131676,0.052271889057107564,0.0003122736514340725,0.007822285295651524,0.0010133313351802522,5.391329912308657e-09,2.6618620215715656e-06,0.23602851021389623,4.736501968467694e-05,0.0002926837154561674,2.3096568721351385e-05,0.007981972748781537,1.815545827466444e-08,0.00038648923365377293,0.6076168498527263,4.1325408756233086e-05,2.127038946237652e-07,0.001064712706466321
14,0.00015208378812524485,0.2513402271763986,0.000129861884503837,0.00026007711095049044,0.0007577177897655931,0.0010969798411231604,7.49880897597542e-07,0.00204913067872255,0.042606582409744964,0.00013775244889972142,0.006690487291700865,0.00025324722327700567,4.848643662236805e-09,9.991338223610188e-07,0.2014692727395801,3.962817006392667e-05,0.00013615203050482364,3.0294949633588848e-05,0.016099634285559,1.6831692842680425e-08,0.00021646175615218813,0.47600945865175465,2.391584229283374e-05,9.492271742607647e-08,0.000499168313473084
15,0.000237311418641937,0.08560116410695714,0.00013468599556616957,0.00022647197662493975,0.0005633430003279863,0.001117221064613512,2.271607344528692e-06,0.0030198470678371165,0.05159683329721152,0.00027530808184483846,0.004969470235000163,0.000801991667380268,4.804231249129224e-09,1.8931701186681215e-06,0.17828847639682432,4.79202408582743e-05,0.0002977189326104548,2.1525549479985084e-05,0.009382376244937034,1.4075884971169268e-08,0.0003538779561694541,0.6620476993250726,3.679532982742504e-05,2.3227189744501912e-07,0.0009755461827379088
16,0.0002574855761545492,0.07369023863346413,0.00017074137677314968,0.000272263153252053,0.0005503131683375549,0.0011957308617946704,2.795909966073246e-06,0.0036604351792796875,0.04206454367859086,0.0002766961282399388,0.006277534398212417,0.0011691692344588738,6.75235627105503e-09,2.7229504294584863e-06,0.21840283885045395,7.34426213764029e-05,0.0003406748983412577,3.3345909407249416e-05,0.00909056446125515,2.1024671915148573e-08,0.0005591919860793596,0.6410361598030017,4.6491788098320374e-05,2.938435779895846e-07,0.0008262978124270764
17,0.00043556444230370207,0.05998778777153251,0.00016992308889810098,0.0002752541456148952,0.0007439319719150582,0.0006115450027981939,4.769039294243191e-06,0.003387961678855959,0.047966124344933504,0.0002553162984969792,0.007164243120899819,0.0015177516513616126,6.027414327275697e-09,4.196223323225212e-06,0.14621451890075515,4.536868193743736e-05,0.0004428588279907242,1.6195869207897488e-05,0.005557345952445089,1.6524940389888804e-08,0.00036554168741797166,0.7231668150929674,3.657307859375511e-05,2.6305837867823015e-07,0.0016301275177232565
18,0.00026027371467721443,0.08304950524196004,6.155443475963217e-05,0.00012182472739213823,0.00044794302667016203,0.0005543408083217228,2.17938364002733e-06,0.0011618319136557636,0.03452583824766812,0.00016729760198808396,0.0034475853143495737,0.00044417586273765643,2.0291673000572528e-09,1.9527173779404495e-06,0.09978429960817942,1.4972872718138108e-05,0.0005254822237917121,1.357781242731625e-05,0.006895356519059708,7.324197469018473e-09,0.0001913991282221827,0.7659859509128358,3.2578288693905714e-05,2.1569705474789622e-07,0.0023098545884542355
19,0.0002072011188934304,0.04519200960355547,0.00016410348546146096,0.00020984883163106848,0.0004963030035373489,0.001209744397254002,3.198078933958797e-06,0.003997955226309343,0.054545537085768904,0.0004920528376508634,0.003238074432278377,0.0010380548929262532,6.659635743466348e-09,1.0093668974590342e-06,0.09226813273981789,4.832405694086824e-05,0.00030958247211125767,1.0475478812171578e-05,0.007493521299142793,1.3336939127205409e-08,0.0002473221979136182,0.7880491719813498,2.067586092055842e-05,2.5661892219253433e-07,0.0007574249363960063
20,7.213501431396642e-05,0.0871547923646904,6.209547885495147e-05,0.0001236468987870744,0.000149013606024636,0.0006426030959997459,7.490244259786878e-07,0.002756305685502216,0.024959616494966346,0.00010953567514668991,0.0031318370069679685,0.0006903846513160557,1.894316806450591e-09,7.667990947962e-07,0.23095739282977187,2.381548818560457e-05,0.00011645881623980456,1.448344467151734e-05,0.0038900661205978114,6.4959318237287004e-09,0.00027773622339123194,0.644422162327141,1.793941035563359e-05,9.276153153869783e-08,0.0004263623917744983
21,0.0004228472947904386,0.08531768212714465,0.00019265321187631897,0.0004322455593912082,0.0006385545038741178,0.0008593170772643202,2.5255722320933715e-06,0.004165928653653849,0.05324355027557856,0.0002725905347779242,0.012564603328753284,0.0012387097629072703,7.048168033319342e-09,4.372595993260747e-06,0.29851477176950447,7.605741579982778e-05,0.0002672074637195942,3.464311822862367e-05,0.008299201665206785,2.6202990795474065e-08,0.0004866593547637419,0.5319384508003163,5.35613924538526e-05,2.0351044356487404e-07,0.0009736297601671635
22,0.0002954634147668754,0.058712128521255375,0.00018868266421578222,0.0003374414783409037,0.0005653140268610747,0.0008740769032912519,2.4193045514106237e-06,0.0035197221182357496,0.047603207656272545,0.0004104455760771611,0.010408054762287412,0.0008719000152566138,6.896147853904435e-09,2.1104371883760385e-06,0.188805562454817,6.004542506304828e-05,0.00048761313735238497,3.292329889804714e-05,0.008256021542771596,2.7463504711362212e-08,0.0004940694642643926,0.6771732814788832,4.83506783168013e-05,2.1335514875839884e-07,0.000850917926231664
23,0.000237311418641937,0.08560116410695714,0.00013468599556616957,0.00022647197662493975,0.0005633430003279863,0.001117221064613512,2.271607344528692e-06,0.0030198470678371165,0.05159683329721152,0.00027530808184483846,0.004969470235000163,0.000801991667380268,4.804231249129224e-09,1.8931701186681215e-06,0.17828847639682432,4.79202408582743e-05,0.0002977189326104548,2.1525549479985084e-05,0.009382376244937034,1.4075884971169268e-08,0.0003538779561694541,0.6620476993250726,3.679532982742504e-05,2.3227189744501912e-07,0.0009755461827379088
24,0.00029781284150548574,0.10593418023332904,0.00013916751319059304,0.0003224030741450468,0.0007139622341582371,0.000968557632677742,2.1711426225495767e-06,0.0030757427807578137,0.05057659493430594,0.0002620793505214034,0.006694773054173622,0.0008009734776803182,5.936426744545566e-09,2.3663170207314168e-06,0.16897307480510362,4.576643958147379e-05,0.00028398960027818237,2.3651209641161026e-05,0.009049019256866206,1.8473020893117753e-08,0.00029005510503555735,0.650401864214367,3.492361356143594e-05,2.0239448026439874e-07,0.0011066443655490027
25,0.0005498316003719378,0.045343376703180796,0.0002339399454476266,0.00042732762475434393,0.0007963487106947052,0.0005776727278121988,4.315311000207328e-06,0.00695008455205985,0.05469821436792084,0.000550200763047457,0.01978233534707152,0.001974491841716823,1.2737200128196108e-08,5.2417941712475205e-06,0.24720689046721617,6.231373959917074e-05,0.0004128470155689092,2.9062180027223994e-05,0.006075862679442993,3.789190552418027e-08,0.0003461682882774322,0.6127662544773727,3.825138871357242e-05,2.246675974952379e-07,0.0011686931778290834
26,0.0003236290984667914,0.08044909844496854,0.00010595914278309106,0.0002423059373371084,0.0007672974661668868,0.0019035322312758484,2.9380494021460724e-06,0.002586023643593525,0.0937745443078523,0.0004121906763346058,0.003808869471148255,0.0005028797420522713,5.63803370918233e-09,1.5254532116386747e-06,0.12673043792827937,5.3073021117952213e-05,0.0004796243796613589,3.342469927316942e-05,0.014784198594715662,1.4545518044650323e-08,0.00035232661781670326,0.6713554200391562,6.099889543550814e-05,3.4855033354811886e-07,0.0012693334260657084
27,0.00014600579043054558,0.09872639180467396,6.911542390419304e-05,0.0001637067258370014,0.0003182754177607121,0.0007796666299166988,1.2379416279894801e-06,0.0024492597060719883,0.05041795745925448,0.0001693760888162675,0.003484416414957361,0.0005047198624459037,2.1615112269090695e-09,9.118826216382078e-07,0.15423683973259353,2.3966575214155398e-05,0.00016642976528407664,1.1209861263142217e-05,0.0064693691337795465,6.3581165365156736e-09,0.00016495035002622193,0.6808040766861535,2.0092915900370707e-05,1.0818839314305272e-07,0.000871907123445834
28,0.000237311418641937,0.08560116410695714,0.00013468599556616957,0.00022647197662493975,0.0005633430003279863,0.001117221064613512,2.271607344528692e-06,0.0030198470678371165,0.05159683329721152,0.00027530808184483846,0.004969470235000163,0.000801991667380268,4.804231249129224e-09,1.8931701186681215e-06,0.17828847639682432,4.79202408582743e-05,0.0002977189326104548,2.1525549479985084e-05,0.009382376244937034,1.4075884971169268e-08,0.0003538779561694541,0.6620476993250726,3.679532982742504e-05,2.3227189744501912e-07,0.0009755461827379088
29,0.000237311418641937,0.08560116410695714,0.00013468599556616957,0.00022647197662493975,0.0005633430003279863,0.001117221064613512,2.271607344528692e-06,0.0030198470678371165,0.05159683329721152,0.00027530808184483846,0.004969470235000163,0.000801991667380268,4.804231249129224e-09,1.8931701186681215e-06,0.17828847639682432,4.79202408582743e-05,0.0002977189326104548,2.1525549479985084e-05,0.009382376244937034,1.4075884971169268e-08,0.0003538779561694541,0.6620476993250726,3.679532982742504e-05,2.3227189744501912e-07,0.0009755461827379088
30,0.000237311418641937,0.08560116410695714,0.00013468599556616957,0.00022647197662493975,0.0005633430003279863,0.001117221064613512,2.271607344528692e-06,0.0030198470678371165,0.05159683329721152,0.00027530808184483846,0.004969470235000163,0.000801991667380268,4.804231249129224e-09,1.8931701186681215e-06,0.17828847639682432,4.79202408582743e-05,0.0002977189326104548,2.1525549479985084e-05,0.009382376244937034,1.4075884971169268e-08,0.0003538779561694541,0.6620476993250726,3.679532982742504e-05,2.3227189744501912e-07,0.0009755461827379088
31,0.00030723222725936264,0.07918908143289068,0.00019102620872964117,0.00023065139423763403,0.0004213569208078124,0.0007672052766312302,1.6067421124218936e-06,0.005993618194140365,0.040661319624017325,0.0002495970755285871,0.004869111337841334,0.0010114945438514063,8.851213588616818e-09,1.6492164519379832e-06,0.17047131460375536,6.788181485799175e-05,0.0002874300907663731,2.2899968111670574e-05,0.01270434884575724,1.3140057990158216e-08,0.0003214091923830631,0.6816959002319531,1.861376719597236e-05,2.1174141978374498e-07,0.0005150175580281857
32,0.0002420909739076902,0.09602602942521937,0.00013154630272597183,0.00021684486845195426,0.0005394104906158886,0.0011187507444613233,1.9627295167416267e-06,0.0029360786422841885,0.04904160538000001,0.00025589401325776,0.004458785015720291,0.0006899281761716712,5.017705299958213e-09,1.708034946293852e-06,0.16587554603958232,4.8349589278519184e-05,0.00029531975842425265,2.212348629668319e-05,0.011309670062592005,1.2869789628774395e-08,0.0003189410709064443,0.665547938415396,3.296028698693933e-05,2.3439777551897853e-07,0.0008882642079874005
33,0.0002370172460025647,0.08573770427520667,0.0001453633275962188,0.00023264579616501967,0.0006203123314182118,0.0010892995303413647,2.2329928525330424e-06,0.0030877430936290277,0.06028628880090601,0.00030154357958934064,0.006170019422941932,0.0008468691567823363,4.4226614043020205e-09,2.0530138775224054e-06,0.21434258077211826,4.4043998736594937e-05,0.000273958238530716,2.0400476715198666e-05,0.008264383881618828,1.5539440523276116e-08,0.0003873074350470122,0.6167697366568341,4.226753631728684e-05,2.0516106961934997e-07,0.001096003313601656
34,0.00026649888439439875,0.08712591935585659,0.00014159419226349054,0.00023521491063473423,0.0005970192431170547,0.0010800892347377186,2.28168992764745e-06,0.0031246751211632495,0.05316145239662085,0.00028390551503118224,0.005322474971575007,0.0007961629108900848,5.105600652268705e-09,2.0140511330271364e-06,0.18033765380083655,4.9102528272896366e-05,0.00030628690774646335,2.2036379082484116e-05,0.010059394369662479,1.4453608691097943e-08,0.0003473331899275007,0.6557094735417479,3.6587414601995084e-05,2.3364559638249024e-07,0.0009925761859710793
35,0.00023710823514423555,0.0856582654828293,0.00012381408982419602,0.00022319279303921347,0.0005265521306041859,0.0010505959335620828,2.0828702689296997e-06,0.0031185789075909224,0.05346367039674975,0.0002591569006016731,0.004730489583445578,0.000741064038644311,4.543627192295216e-09,1.639462464259382e-06,0.16733979683553055,4.541367154772114e-05,0.0002790118182188484,1.995850360156397e-05,0.009346931076381432,1.2441731318164797e-08,0.0003056261496810256,0.6715837842862958,3.182692240917815e-05,2.0360142344957028e-07,0.0009112193247834326
36,0.0003417468810607715,0.16097047903696401,0.0002892014833974628,0.00033293160838599513,0.001656298309221385,0.0024238753051800334,2.0501865411681315e-06,0.002353061679013778,0.10249702649707094,0.0005728844133874526,0.007293100825431554,0.0004504094746930397,6.543172134984924e-09,2.482036766973165e-06,0.2644140242497917,6.332670458400546e-05,0.0002743735722559912,2.765592138701321e-05,0.021118351550316765,2.5895266763465223e-08,0.0006548829546005288,0.4328265521182668,9.215515849898915e-05,3.417832026439965e-07,0.0013427558115418783
37,0.0007039150739926945,0.08113682754111408,0.00027151554021148156,0.0003062588077254808,0.0010031664766007155,0.0012493579380263387,6.822136458567104e-06,0.002648526899973592,0.03294217984354909,0.00034510941808837313,0.0067677991789880515,0.0016396513813463154,1.214185211788123e-08,1.116284287055976e-05,0.20738107627492622,0.00010637774525856852,0.0008043191954930426,5.105370852391166e-05,0.015301408630053708,2.9979859468999747e-08,0.0009458788968033777,0.6443924828036541,0.000100646055007712,1.0689125870572695e-06,0.001883352577035163
38,0.00015855949951901161,0.07460078077586595,0.00011683094074924114,0.00021227285983517726,0.0003335582131106752,0.0018160484273722494,2.4307878691054336e-06,0.0030184862870545164,0.037504587132512805,0.00022186533674769393,0.003520708361507091,0.0008990939709499196,5.26937013941579e-09,1.5028067471040178e-06,0.205591884450641,8.274479155257127e-05,0.000259474849691181,3.359079517629872e-05,0.009956269069859846,1.3290492644828858e-08,0.0005715612481860321,0.6605133748196507,4.6796099661208604e-05,3.111470404476097e-07,0.0005372487688373903
39,6.425700979240023e-05,0.06967082610192307,0.00011206875214091637,0.00011272816213218272,0.00021356015766397612,0.0017306908983963437,1.143427503696284e-06,0.0027346472238746903,0.030141576726984903,0.00010483656054009197,0.0011135607066141615,0.0007452886712537422,2.9012525665137937e-09,4.0645957019531524e-07,0.10787476695012722,6.534542306905955e-05,0.0002255391480379992,1.638606008569353e-05,0.00804474090217714,6.363445545496015e-09,0.0006617031988803679,0.7760696203559945,1.985995647106052e-05,1.7627941074198325e-07,0.00027626160265775067
40,0.00013901776509334503,0.052369960571755476,6.065335902292958e-05,0.00030476950402342205,0.00025192311708530785,0.002409553125221112,2.085593942416294e-06,0.0036443461218391496,0.0652001484715809,0.0003794330258412148,0.002823315467658405,0.0004920708287647706,4.412841542323986e-09,5.812945087854544e-07,0.12396676450951408,7.133219907967085e-05,0.0002731247641639395,3.281278832436147e-05,0.00899410435241594,1.1360427305469198e-08,0.0002980896411272657,0.7377772210230161,3.947945788071952e-05,2.220055645926921e-07,0.000468975239307237
41,0.0002945765926502943,0.1611902948844387,0.00013227878624345402,0.0003933573286715501,0.001073522829705281,0.0009742346432310542,1.2645119395131172e-06,0.005225602132353949,0.10706471907258834,0.0002444138674137254,0.010417931166052547,0.00046760042481091305,6.278856633874342e-09,1.9101368896428082e-06,0.2806729322601395,5.743917731231794e-05,0.000123689286496433,3.008377773909023e-05,0.01318286300366688,1.8770347000652887e-08,0.00017768391634738026,0.4175845323036942,2.5805449356504088e-05,9.346482280456226e-08,0.0006631459342322655
42,4.4447960415062654e-05,0.07792748280053385,5.323912466499842e-05,9.790521439587997e-05,7.981285368834566e-05,0.0006005928892750687,3.2327519699378136e-07,0.0024165294147927585,0.024198235421403282,5.2410733027963e-05,0.0007149813532913588,0.00022637363332780376,1.2228870329370705e-09,8.245797770187416e-08,0.04656691227127286,2.889577448226399e-05,8.930669224580547e-05,4.520694733255829e-06,0.006988499464344091,1.6204347630122932e-09,9.670890590522925e-05,0.8396987642869055,3.2128776475067113e-06,3.7142194958649534e-08,0.00011072191495538787
43,0.0006567242860055927,0.18588976675443425,7.539631382165916e-05,0.00024928601327901746,0.0007872080701095004,0.00023384824037770712,2.1164251617186277e-06,0.0017151805807002804,0.04155516058940833,9.013770243612243e-05,0.021398215319907078,0.0008064391892477755,2.6542029387865542e-09,1.5886078484892003e-05,0.35053435598544397,1.8876469310057498e-05,0.0001621326407223346,2.2908194118479976e-05,0.006404812472007302,1.1664856128014213e-08,8.400805563965627e-05,0.3850247556439863,3.786132219959222e-05,1.1393625196028434e-07,0.0042347953978874005
44,0.000237311418641937,0.08560116410695714,0.00013468599556616957,0.00022647197662493975,0.0005633430003279863,0.001117221064613512,2.271607344528692e-06,0.0030198470678371165,0.05159683329721152,0.00027530808184483846,0.004969470235000163,0.000801991667380268,4.804231249129224e-09,1.8931701186681215e-06,0.17828847639682432,4.79202408582743e-05,0.0002977189326104548,2.1525549479985084e-05,0.009382376244937034,1.4075884971169268e-08,0.0003538779561694541,0.6620476993250726,3.679532982742504e-05,2.3227189744501912e-07,0.0009755461827379088
45,0.000152917181269361,0.05167438247899645,9.644617430335324e-05,0.0001760672373652378,0.0002556467734152937,0.001226437555992209,2.3341440221629323e-06,0.00704315443023191,0.038223813020684984,0.00025218499274251826,0.002707387958460415,0.0009548055330357516,7.463015212607356e-09,9.174130662202647e-07,0.159987750885872,8.255854698139544e-05,0.00019736598772396652,2.4708668098156806e-05,0.009818771972327351,9.88062720436809e-09,0.0002443057315506734,0.7265760840710894,1.4204178459590137e-05,2.3207910281033506e-07,0.00028750564156627213
46,0.0002442190488206896,0.02564887324008195,8.482478748833158e-05,0.0001921208027800261,0.00022561557766329713,0.0007781622080309304,2.3454708094776636e-06,0.002101943113237248,0.021623141756957058,0.0002427974206776622,0.0017776955080312643,0.0006845076792042992,5.067246135482222e-09,6.260506672196828e-07,0.03219259453196962,4.009160614384643e-05,0.0006630174320160975,1.1066788857625236e-05,0.006347097730091435,7.884285333668777e-09,0.00022987656088818605,0.9063964911937455,1.4857087601332392e-05,2.3174558580855274e-07,0.0004977897071195018
47,0.00019122134476925684,0.10376861092043087,0.00012872946309460656,0.00020267482187622646,0.0007517340959414825,0.0011745704708318427,2.0664302512639663e-06,0.002738540089114783,0.06392299824378272,0.00029046858033269374,0.0067669501078015315,0.0007196889457109834,3.872343256229679e-09,2.373218999229444e-06,0.2748405327400413,3.686222307718485e-05,0.0002447871838772573,2.4493645035097798e-05,0.00829484442060984,1.7730428044886663e-08,0.00039163220607845394,0.5341782615921931,5.033822302717612e-05,2.0005868843695358e-07,0.0012773993716634828
48,0.0001853582857512568,0.057861769842659325,7.229366502138566e-05,0.00010904107563715884,0.00025275116843902033,0.001237959196256745,1.659885426061973e-06,0.0022432014951834674,0.024294490426623273,0.00023581516803413384,0.000997475165672047,0.00039529412735295194,5.14113075257636e-09,6.069335643908093e-07,0.05046982951452771,4.279629331487482e-05,0.00046497242055234096,1.6062883319863637e-05,0.017702596973338508,5.305738582729515e-09,0.00017290241499088164,0.8427553306334888,1.3439015308586074e-05,3.888078465425644e-07,0.0004739541608214923
49,0.00012771460875462862,0.07402979677080963,0.00011222565793568208,0.0001684128755688517,0.0003510838362267506,0.0010730498387887752,1.607406792788578e-06,0.002652058694362344,0.040441035909444534,0.00020662100599523422,0.0027747471661897236,0.0007316534145313181,3.4329905694270947e-09,8.172078217747605e-07,0.11906475062761411,3.743332644211259e-05,0.00022369077306446766,1.251955297924606e-05,0.006847863767139377,9.424515046456062e-09,0.0002878578890029662,0.7502116606287842,2.1134643488957958e-05,1.6185831257361043e-07,0.0006220896824442927
50,0.0008834189308426472,0.03990175299612754,0.0002517256500882857,0.0003489060611322898,0.001010824896602798,0.001044340412828494,8.411090703418678e-06,0.006358548228441454,0.05936981470469245,0.001034313150743453,0.009100703951544812,0.0016159874925799542,1.7649359487062583e-08,5.730184251691516e-06,0.15164826757701874,8.110052046531166e-05,0.0007048184014992897,2.586498182367173e-05,0.013918345842147817,2.949688230480009e-08,0.00029573368559765277,0.7107105513292371,3.935448551712774e-05,6.751895830455593e-07,0.0016407630902891745
51,0.00029915241701101953,0.07547835654811323,0.0001664826301422508,0.00023315068137994005,0.0007342483757518875,0.001308063523888055,3.131902796599266e-06,0.003213885718624428,0.05778195061498484,0.00036209170691261003,0.005377645844602282,0.0009418445425466228,6.261985684695186e-09,2.4361320720186213e-06,0.177315492000976,5.9032094507570376e-05,0.0003925424971213454,2.508622508709852e-05,0.011161827140945255,1.7589075515903916e-08,0.0004285048468913546,0.6635404681032893,4.558291601963126e-05,3.232292939231205e-07,0.0011286764559816334
52,0.00024019917120394294,0.08325727380336988,0.00013340092878276006,0.00023531225522166696,0.0005621032925893316,0.0011720098329203777,2.2543017623107793e-06,0.0033067091972755957,0.05334946324416842,0.0003026385538978573,0.00522265907472184,0.000817254554930963,5.1543983156630816e-09,1.8846284109282074e-06,0.18858199736620754,4.941526293431703e-05,0.0002853057791061433,2.3013176431807032e-05,0.009570921346176754,1.51073632704265e-08,0.0003467560878366992,0.6515761420098621,3.652587918731923e-05,2.3280271635279033e-07,0.0009265071885235587
53,0.00024876687008634475,0.046567424604747776,0.0002021450743253658,0.00038325111521202415,0.0009312400126108242,0.00160216714111742,7.673884344965344e-06,0.003086646661086245,0.0692054142717015,0.0004536735647026526,0.011488263751300286,0.002021557041186004,7.007204295687356e-09,5.152367429349944e-06,0.27650343612425965,8.372781361997561e-05,0.0004427264507979542,4.308798348297244e-05,0.004341609424824221,4.548929685628492e-08,0.0010597869982260563,0.5795008009128997,0.00014490218008764947,3.923775316700652e-07,0.00167610087791814
54,0.00012087863667468876,0.1684674539207844,4.507661156957847e-05,0.000105467605603731,0.00022302995265148767,0.0005557028815585425,9.187858931955724e-07,0.0013844358630541133,0.029994600039546546,7.514411429584282e-05,0.0021087183832217277,0.00036252397864386295,1.0601948252227388e-09,1.1394711918256528e-06,0.16528033466765332,1.4921908535195281e-05,0.00011186490193453011,7.271726075857734e-06,0.00609533640942607,2.9983683257290742e-09,0.00012097614118347937,0.6237454435510371,1.6168568315634104e-05,1.0798529711432773e-07,0.0011624798372890954
55,0.00024111837992389445,0.045884838453085414,0.00011722073855824267,0.00021407903090479884,0.0005882105587303248,0.0013626009633779035,4.958640314744123e-06,0.006088394195112534,0.06146272217152288,0.0002458388283098971,0.003758394312747295,0.0024954354115856387,9.454075805986029e-09,2.5047982051742655e-06,0.1503928016554684,9.214184157865042e-05,0.0002767112650261334,3.1670229374414305e-05,0.006841238454883613,1.835957180349555e-08,0.0003222985930249347,0.7187643661405407,2.860433055115088e-05,3.050281804451819e-07,0.0007835181653449688
56,0.0002498791993623789,0.08142859779591352,0.00013921206092807183,0.0002396581252204278,0.0005607413683878127,0.0011722843638006819,2.4197275253375033e-06,0.0034013862443582703,0.05195861294519526,0.0002987798272988027,0.004887685990818313,0.0008426838564669924,5.8120287048285645e-09,1.8638168820780936e-06,0.16891525188409165,5.297035972685845e-05,0.00031099281705190953,2.2797171535653427e-05,0.009889497129114376,1.5223222581803054e-08,0.00034582844085952966,0.6743282758222423,3.519378045636602e-05,2.5072788511051575e-07,0.0009151155096270458
57,0.00023008322161541153,0.08194358475342704,0.0001519399328528209,0.0002163809229024966,0.0005923777275590278,0.001131840779565047,2.3565387073935164e-06,0.0031023751143092514,0.0520060281799507,0.0002865892936005937,0.004750469810378056,0.0008622236996210006,5.111804183804553e-09,1.808518904543038e-06,0.16872691023742367,4.995759441984965e-05,0.00030687090269939553,1.9901982111350336e-05,0.009455806145464594,1.4557699741537037e-08,0.0003704702105467891,0.6748146391754245,3.4955804134704015e-05,2.38781620573656e-07,0.0009421710032574165
58,0.0002407361302251662,0.07830614640930454,0.0001340558281674015,0.0002041820893799334,0.0005460631529312557,0.0013215345271541104,2.581668192553447e-06,0.003082629309618874,0.045987187750449056,0.00032291203047161895,0.003758531030036189,0.0008462130682778675,6.0749085316077355e-09,1.8802819722146204e-06,0.15346004873391392,5.3213131499991086e-05,0.00034941463742222154,2.3756887832943866e-05,0.011075185180097463,1.4368364903208343e-08,0.0003662205110285132,0.6989592227937309,3.6694763507220566e-05,3.406193233554465e-07,0.0009212290221893587
59,0.00023620261841910482,0.07772497833253708,0.00016218903711861764,0.00021151125881242145,0.0005837466531873532,0.0012541809146830846,2.6116017883964354e-06,0.0031200510756013195,0.04622249392668253,0.00031940055774733986,0.0040735974787220125,0.0009086854111206859,6.198084447495757e-09,1.9029948013710865e-06,0.15379254197230058,5.563394718911345e-05,0.0003526032531810722,2.200999198556594e-05,0.010555576796021876,1.5637797802582484e-08,0.00040852656530460297,0.6990462454823436,3.664442847917257e-05,3.215786633769775e-07,0.0009083222874274881
60,0.000237311418641937,0.08560116410695714,0.00013468599556616957,0.00022647197662493975,0.0005633430003279863,0.001117221064613512,2.271607344528692e-06,0.0030198470678371165,0.05159683329721152,0.00027530808184483846,0.004969470235000163,0.000801991667380268,4.804231249129224e-09,1.8931701186681215e-06,0.17828847639682432,4.79202408582743e-05,0.0002977189326104548,2.1525549479985084e-05,0.009382376244937034,1.4075884971169268e-08,0.0003538779561694541,0.6620476993250726,3.679532982742504e-05,2.3227189744501912e-07,0.0009755461827379088
61,0.00024719204093449877,0.08032057296998256,0.00016199890854151365,0.0002057341682208319,0.0006074620316182553,0.0012083673501054634,2.5766585843440236e-06,0.003027773884608243,0.049250100115151726,0.0003143727657626191,0.004361121976659828,0.0008884792906099686,5.7303604541539734e-09,1.986208710084027e-06,0.163391883593311,5.2636964914459466e-05,0.00034687701906198815,2.100779767496328e-05,0.010523010949091239,1.4968312559062946e-08,0.000404800562510589,0.6836413937100735,3.790316217426426e-05,3.0357578895661227e-07,0.0009824235972359038
62,0.000237311418641937,0.08560116410695714,0.00013468599556616957,0.00022647197662493975,0.0005633430003279863,0.001117221064613512,2.271607344528692e-06,0.0030198470678371165,0.05159683329721152,0.00027530808184483846,0.004969470235000163,0.000801991667380268,4.804231249129224e-09,1.8931701186681215e-06,0.17828847639682432,4.79202408582743e-05,0.0002977189326104548,2.1525549479985084e-05,0.009382376244937034,1.4075884971169268e-08,0.0003538779561694541,0.6620476993250726,3.679532982742504e-05,2.3227189744501912e-07,0.0009755461827379088
63,0.00019539463970298928,0.10444241241767122,0.00010664850117763687,0.00020229252644239613,0.0004660515353229071,0.0010276879612916318,1.6766352373581774e-06,0.002601983245676611,0.04829516447463983,0.00020807311441694345,0.004257797586824749,0.0006110228082214347,3.6897949938498467e-09,1.4677882167082851e-06,0.17474277907573885,3.85344582758948e-05,0.00024120467334352294,1.9340883007189978e-05,0.009037054167979416,1.0874558563567589e-08,0.00029256651212074817,0.652273801630212,3.163287294002076e-05,1.836525880218522e-07,0.0009052142745982363
64,0.00019811425694638796,0.08205325647086319,0.0001736021263347169,0.00020776929689529178,0.0005428026134471586,0.0012057690832521987,2.1784401195942225e-06,0.0026824884091511893,0.04685002616274105,0.00025602715364962263,0.004412366148357804,0.0009313900662863883,4.607943621476117e-09,1.762387210285325e-06,0.1793654910678171,5.2470630859087975e-05,0.0003322784216933366,1.988847562259e-05,0.008342145406375526,1.509702343616187e-08,0.0005917571799997534,0.670837223856139,4.482110756913006e-05,2.527817653952809e-07,0.0008960987519372806
65,0.00013175685682837533,0.11853446472029364,0.00010811921885456357,0.0001616318230880086,0.00047613659169423646,0.0013691627741557128,1.8503119440028247e-06,0.0016390962010471152,0.038887423019594254,0.00014922948783806543,0.002840988594643421,0.0006500800622564252,2.8291625319242145e-09,1.6440186278006106e-06,0.17821579902710596,3.867843153854726e-05,0.0002833100276829475,2.3226558348987543e-05,0.007871930057033355,1.1634428488079976e-08,0.0005738467336434726,0.6468660331465214,5.316944963763388e-05,2.615936564012458e-07,0.0011221468303747788
66,0.00030149994166870183,0.07950962470597885,0.00017902292615247875,0.0002565127317460618,0.000759303205351462,0.001243505214293884,2.922883893916271e-06,0.0034025084238569806,0.05907652304857572,0.0003527163457204389,0.005538539662694124,0.0008907635384312854,6.654245429212343e-09,2.1583798016760782e-06,0.16401904952705165,5.922029678413227e-05,0.0003660060576435711,2.284448897010773e-05,0.011190315887857585,1.7931287030672164e-08,0.00039226704405685215,0.6713672754916198,3.9275738867053694e-05,2.811649136173068e-07,0.0010278387085377269
67,4.763141442481449e-05,0.12506007684040102,4.7695020921750636e-05,0.00010851538044379805,0.0001716307526357851,0.0020823163758697653,1.2385925765160612e-06,0.0007112340313973254,0.02108977310221074,8.228554032566514e-05,0.0014046416304813111,0.0005116812965375632,1.286311883290412e-09,1.040358995834738e-06,0.16776446760136454,2.570653667173172e-05,0.0002663826019608489,2.6968665959717778e-05,0.004951375381430753,8.316291858251981e-09,0.0007768993656088774,0.6735648107283654,8.991975625379328e-05,2.886282505924656e-07,0.0012134107943080293
68,3.134199556878578e-05,0.04599892280566497,7.341347737282459e-05,0.00010413643529514644,0.00023543385313170545,0.002985866996061308,1.7918448575373244e-06,0.003400852173300872,0.02437734701661458,0.00017544725717314147,0.0018970067569162444,0.0019983534862790696,3.1172214015337e-09,7.572763017475884e-07,0.25858574709983656,4.090639077161952e-05,0.0001652163776205621,3.339882707156575e-05,0.0026578598976504768,1.963554306011347e-08,0.0011826938648423527,0.6556074609308887,3.8495236016178325e-05,2.1644999860411541e-07,0.0004073107980009996
69,0.00012752529518476137,0.07473243040706523,9.304654374138871e-05,0.00023820407776858814,0.00045276271250564807,0.0009087441957997656,1.286842269346507e-06,0.0024495516127877293,0.06743504673737169,0.00025533006146250816,0.010919711462388649,0.0006917197666641828,2.388539126724253e-09,1.3229088831702975e-06,0.3147218111907517,2.255220501452338e-05,0.00019896749169463497,2.441099930671567e-05,0.003449879381717047,1.999264858034992e-08,0.00046407315717724617,0.5216682352218447,6.122616959106673e-05,8.112602045302692e-08,0.0010820580518016748
70,0.0001625152547119552,0.07907841771599036,0.00017197968248999288,0.00036559427046034266,0.000551355019645167,0.001580284767531734,2.3396982270504233e-06,0.0037624516693448786,0.0800527671178629,0.0003127598345904467,0.006432123907914974,0.0009829766176418266,4.513157663504512e-09,1.2918668434721527e-06,0.20006619503437195,6.429530471306497e-05,0.00017757257987789077,1.783538344171086e-05,0.005966689677246864,1.9204014914290075e-08,0.00042671242770749447,0.6190109968119145,4.2654428253178215e-05,1.4464983986314305e-07,0.0007700225622057394
71,0.0006464041310693377,0.02965316725849438,0.00021251259966773521,0.000344503956305615,0.0016178565774459973,0.0020274904894901405,1.7467890015795035e-05,0.0054620998992287615,0.10295913768944173,0.0011220770541164975,0.005608550876661331,0.0015465661876653606,1.729406089899914e-08,3.851259520110325e-06,0.0951400256374584,9.916150968429784e-05,0.000801179031552797,2.6160725886065123e-05,0.01120916870643675,3.3584340618341874e-08,0.00035412668692277844,0.7393797067210051,5.160759777043016e-05,7.963626373521423e-07,0.001716330273121931
72,0.00027825289441118356,0.023065693461388648,0.00026087584507173615,0.0004009298947647221,0.0008405559287926194,0.005562831497468481,1.8582998282306136e-05,0.011902132848622904,0.055280189206115625,0.0003899973268761401,0.0017535943536379126,0.0028389506192967183,4.0787729003105716e-08,1.8605245966819059e-06,0.07089474684570458,0.0007616465678922684,0.0006574096142685395,8.640501307294996e-05,0.017817665334813017,3.5561335894270434e-08,0.0010077884235014406,0.8059230789861982,3.303200231000852e-05,1.1561008250872429e-06,0.00022254736302321806
