,0,1,2,3,4,5,6,7,8,9,10,11,12,13,14,15,16,17,18,19,20,21,22,23,24
0,5.27718035187576e-05,0.05328594595537968,6.925227500606212e-05,0.00025013259439423346,0.00024956908283639225,0.002414973987887798,2.2523507546925148e-06,0.002592611969702238,0.06172027624460079,0.0003002516379198798,0.002360929835755495,0.0008185630153397642,2.8699775881046747e-09,5.718748460300483e-07,0.13703956214550364,4.836242037086384e-05,0.00021048474453416686,1.859882025225146e-05,0.003318590073128315,1.383435473056662e-08,0.0004989317528123055,0.734007608546874,5.785692461527096e-05,1.9127503583797366e-07,0.000681693964599247
1,4.594811024736844e-05,0.0726483027400358,8.896439799380875e-05,0.00012949228385528467,0.00029534915282246376,0.0017467723652649597,1.6784362427983326e-06,0.0017901526594436077,0.05363369444963144,0.00024140153570383557,0.002083418405828032,0.0006678666348675355,1.7670167976324478e-09,5.298454513249653e-07,0.14614358805535174,2.9348328010030688e-05,0.00017067327663199336,9.054182142119878e-06,0.0038822752620579844,8.77210915067048e-09,0.00039769570170641497,0.7151535770386899,3.797471074333841e-05,1.5680176934238238e-07,0.0008020750863830464
2,3.4413893837189124e-05,0.08518582299327306,6.67438542028825e-05,9.95174879700752e-05,0.00031608007729372025,0.0010645082563159015,1.2392697419087333e-06,0.0016255045440168718,0.04290429629352112,0.00021212242592103032,0.0038842428948780983,0.000848367355395856,1.2330191121373724e-09,1.070562502474506e-06,0.31726372400219893,1.2962380729545818e-05,0.0001278003806751573,1.0661828990560925e-05,0.001960380795206719,1.2880388175172175e-08,0.0004291379473703466,0.5425066195238587,5.031895833633567e-05,1.1645499827629835e-07,0.0013943337053580276
3,3.337339808640009e-05,0.07435293311823414,5.4522886208839484e-05,0.00011071524566942362,0.00020560361213922625,0.0014880181340156953,1.6148470433061298e-06,0.0013460040802572872,0.030008315099622734,0.0001584344617564592,0.001897409252459962,0.0007685836498399482,1.3205980859731677e-09,7.318041237069269e-07,0.16616905174771984,2.0809124200664842e-05,0.00016905140401743572,1.1753809015228653e-05,0.0024983558792523375,8.536091402597311e-09,0.0004249134491800516,0.7192744669882447,4.342172888478897e-05,1.723546427079067e-07,0.0009617340686955933
4,3.851353694827159e-05,0.07610406173573254,5.952183610629251e-05,0.00011949709415213297,0.00022087890502943758,0.0015529529642790698,1.7849244283432524e-06,0.0014842868095236597,0.029104583608947892,0.00017254018389580353,0.001982717281163939,0.0008148841282857243,1.692838538678691e-09,8.577074448368808e-07,0.16699401772837744,2.371052996842722e-05,0.00018499216363302288,1.3307032531101688e-05,0.002869552086252876,9.775998417777647e-09,0.00043039513032174756,0.7168053531400045,4.432148318768259e-05,2.0460077760328893e-07,0.0009770539201706587
5,3.2678669076619915e-05,0.07982329170560287,4.232400962575977e-05,0.0001326434966977605,0.00017795666254246672,0.001604615741155004,1.4918203653806718e-06,0.001359783781361733,0.027403838023942483,0.00013979911485231916,0.0018950156757104627,0.0006759346073358482,1.3837940768646604e-09,7.039155992838593e-07,0.16580153670192627,2.180009232016525e-05,0.00016037597758347298,1.6295199872633065e-05,0.002468574784282492,9.124637409845801e-09,0.0004022833384580579,0.7169358751306286,4.545017244832464e-05,1.6814842526255635e-07,0.000857552721755283
6,3.337339808640009e-05,0.07435293311823414,5.4522886208839484e-05,0.00011071524566942362,0.00020560361213922625,0.0014880181340156953,1.6148470433061298e-06,0.0013460040802572872,0.030008315099622734,0.0001584344617564592,0.001897409252459962,0.0007685836498399482,1.3205980859731677e-09,7.318041237069269e-07,0.16616905174771984,2.0809124200664842e-05,0.00016905140401743572,1.1753809015228653e-05,0.0024983558792523375,8.536091402597311e-09,0.0004249134491800516,0.7192744669882447,4.342172888478897e-05,1.723546427079067e-07,0.0009617340686955933
7,0.00010009196760302766,0.05843950104774915,0.00012934441789186514,0.0001705762193091418,0.0003237210147704887,0.0008782556409230346,2.1506962731853e-06,0.00266437291209042,0.03466273039655915,0.00041773521052966843,0.0033172358638553293,0.0007678842429377407,3.894925254610204e-09,8.116403448280304e-07,0.10647304774206594,2.4071421576707626e-05,0.00022064851177075318,6.7122592376939855e-06,0.004637314741494425,1.1527866095930631e-08,0.00018638049934146432,0.7856590346852259,1.8556146231402902e-05,1.8834749986328788e-07,0.0008996189519273535
8,6.351980803520792e-05,0.06172172848248065,0.00013676767360790065,0.00011472139148460911,0.0002972327351078009,0.0011168899275982836,2.652048427587852e-06,0.0013528936870177356,0.029804381242481505,0.00041170680996933777,0.002598126540507655,0.0013324756084601287,2.044429062056171e-09,1.876028772968295e-06,0.18257933740667923,1.830553096749013e-05,0.0002817892067272493,6.500610218192379e-06,0.002514416951972727,1.2358461340104661e-08,0.0006283236760711033,0.7127296430012751,6.996996989557484e-05,4.0542074945020585e-07,0.0022163218386021745
9,4.4243397610936814e-05,0.07681992271013972,7.12374214072103e-05,0.00010302516922659523,0.00021500082289353808,0.000992851524887227,1.5004342437095753e-06,0.0011086625094314337,0.029010617437388916,0.00028125085329559,0.002771791962291402,0.0009281037950138142,1.1043628068638644e-09,1.4507211893062293e-06,0.24796937495587898,1.1466885725107926e-05,0.00017963710357198236,7.2917254473308075e-06,0.001916555106503399,8.990728480443973e-09,0.0004972206763266222,0.6349278563164015,7.048216607584102e-05,2.3224939964819513e-07,0.0020702139605587658
10,3.337339808640009e-05,0.07435293311823414,5.4522886208839484e-05,0.00011071524566942362,0.00020560361213922625,0.0014880181340156953,1.6148470433061298e-06,0.0013460040802572872,0.030008315099622734,0.0001584344617564592,0.001897409252459962,0.0007685836498399482,1.3205980859731677e-09,7.318041237069269e-07,0.16616905174771984,2.0809124200664842e-05,0.00016905140401743572,1.1753809015228653e-05,0.0024983558792523375,8.536091402597311e-09,0.0004249134491800516,0.7192744669882447,4.342172888478897e-05,1.723546427079067e-07,0.0009617340686955933
11,3.651763907059338e-05,0.0686240774593434,5.687607386718559e-05,0.00011447607355841752,0.00020334387129781797,0.0015125982841368301,1.7648127391513262e-06,0.0015408125603291738,0.029950717409579927,0.00017707770380027236,0.0018697928083527893,0.0008157179495995227,1.6560128065685509e-09,7.358026691276208e-07,0.15456738115507845,2.321341346149862e-05,0.00018180999551595118,1.2331353863739356e-05,0.0027029181079046725,9.059566507771455e-09,0.00039985355464257995,0.7362699482625101,4.045044310699183e-05,1.9226534692856963e-07,0.0008973822846455113
12,6.14115750461958e-05,0.1286114414294844,8.410739481387356e-05,0.00016044802455949367,0.0020943233023316887,0.004309499632799834,9.00514361165402e-06,0.0005263123257961041,0.05537446098219151,0.00017353398530906995,0.004056335271397847,0.0015437417147329154,1.9806462062141834e-09,1.1101010934296697e-05,0.3457401846870557,3.409221075035483e-05,0.0004664194116792104,6.858629062104247e-05,0.0026456797893190964,5.277497854386715e-08,0.0025430972746222267,0.44303452568658763,0.0006581623570670668,8.686485245039179e-07,0.007792607095139549
13,3.9347397490687136e-05,0.06954171936622487,6.482033582586021e-05,0.00012423020739841067,0.00022206672657110982,0.0011966152259279181,1.6710950280421206e-06,0.001593193249065054,0.03068469074802161,0.0001819881144764336,0.003000678468288802,0.0009794993618770368,1.5113474740383812e-09,1.0436433473112726e-06,0.22059713776430273,2.09536055527154e-05,0.0001693636026854862,1.2800595072130877e-05,0.002172863018762588,1.1108119739585993e-08,0.0004685263818665132,0.6678169232415454,4.917009014547081e-05,1.6120910484499838e-07,0.0010605239319518163
14,2.247783472115818e-05,0.22438245407968552,5.491989783592007e-05,0.0001324874257135789,0.00028750108458242696,0.0015259618301783633,5.657177192007428e-07,0.0009590854879563387,0.025946133448014285,8.361688681004824e-05,0.0026556863804048604,0.0002577257294858424,1.391451635699309e-09,4.0705560218490065e-07,0.19571216084882959,1.8018015884779307e-05,8.16530739675754e-05,1.7186226415153164e-05,0.004441018084354441,1.0630004966288764e-08,0.00027334698619210616,0.5425989616158043,2.965514757934976e-05,7.451572706865696e-08,0.0005188906050794022
15,3.337339808640009e-05,0.07435293311823414,5.4522886208839484e-05,0.00011071524566942362,0.00020560361213922625,0.0014880181340156953,1.6148470433061298e-06,0.0013460040802572872,0.030008315099622734,0.0001584344617564592,0.001897409252459962,0.0007685836498399482,1.3205980859731677e-09,7.318041237069269e-07,0.16616905174771984,2.0809124200664842e-05,0.00016905140401743572,1.1753809015228653e-05,0.0024983558792523375,8.536091402597311e-09,0.0004249134491800516,0.7192744669882447,4.342172888478897e-05,1.723546427079067e-07,0.0009617340686955933
16,3.61694911574239e-05,0.06415168734829085,6.888316051761657e-05,0.00013275081332450621,0.00020092929605437397,0.0015910991496079672,1.981650479470137e-06,0.001627036045394127,0.024539212564699587,0.00015923130619516535,0.0023888035013480994,0.0011143655246345367,1.846986128581953e-09,1.0470314774511668e-06,0.20296492351475615,3.169522556592267e-05,0.00019307313508016148,1.8092958135625295e-05,0.0024219208878786458,1.2676142756987875e-08,0.0006669976427598364,0.6968185554304466,5.468012959589495e-05,2.1730691509553458e-07,0.0008166323625559332
17,5.995254156448176e-05,0.05172243025306041,6.76965615937092e-05,0.0001325018880489145,0.0002670290096089453,0.0008114590402813442,3.3116742896878808e-06,0.0014886902329905455,0.02757740185094964,0.00014525289423000554,0.00268677071562179,0.0014229860313031107,1.6306888828121716e-09,1.58320504499611e-06,0.1349630603469305,1.9470407855446053e-05,0.00024688109746946697,8.769487400807201e-06,0.0014725705540115036,9.872769305538068e-09,0.0004332251475233357,0.7748510622437474,4.262363772520364e-05,1.9240785755880394e-07,0.0015750672674330016
18,3.598999208460934e-05,0.07033026160263445,2.464574728792291e-05,5.881835492354049e-05,0.00016077956319660987,0.0007291058436719006,1.5225659554500664e-06,0.0005138576815792345,0.01970873359745674,9.48967300536844e-05,0.0012926656285935758,0.0004195638670601441,5.548717507440106e-10,7.402352475612547e-07,0.09138717354663572,6.4859111319564135e-06,0.0002902348109150345,7.309755645180922e-06,0.0018101132669507043,4.383321755045257e-09,0.0002264497574197951,0.8106662048635742,3.7589369952591296e-05,1.5726523933010967e-07,0.0021966951045967603
19,2.9524659537089108e-05,0.038565277513483855,6.527814779214256e-05,0.00010155541736758988,0.00018044809511911784,0.0015838590412346092,2.266505948674146e-06,0.0017536477675652784,0.03099621794732878,0.00027744505868724216,0.0012213354698963849,0.0009743192561332721,1.8264502864417342e-09,3.9300222391905177e-07,0.0844476982090686,2.0906284169371563e-05,0.00017514612899144545,5.729650162814185e-06,0.00200017345840062,7.967247951883316e-09,0.00029276537268373436,0.8365455651437618,2.408401647952923e-05,1.9004228109817203e-07,0.0007361640179850017
20,1.1542263916383894e-05,0.07363473752508738,2.5880477172823593e-05,6.28494717938165e-05,5.832270135956325e-05,0.0008740017002181902,5.851549138700717e-07,0.0012646968894391398,0.014519642761233409,6.568515572965667e-05,0.0012084039070753803,0.0006690782687644984,5.71901572393232e-10,3.201469520987003e-07,0.2080580535478536,1.1070764071645344e-05,7.117410488200984e-05,8.268793576203658e-06,0.0011228542452327002,4.037995538767156e-09,0.0003346860831065006,0.6975488963764661,2.1243628202492307e-05,7.475423911273199e-08,0.0004279266688162534
21,6.049905461263977e-05,0.07603893068432589,7.960003977391621e-05,0.00021476798116831016,0.00023868004796046442,0.001178825194657083,1.8392519879917641e-06,0.0018962003663949257,0.031757269768600514,0.00016097631455944193,0.0048557590202262585,0.001210272302857477,1.976708174693479e-09,1.7130790943787317e-06,0.2833163929759522,3.3658554877841464e-05,0.00015592152700332382,1.9274005789449766e-05,0.002271514345610463,1.6156192738074385e-08,0.0005967643413797076,0.5948616194473381,6.449640621221408e-05,1.5524272855582225e-07,0.0009848519139880234
22,4.4312520914203556e-05,0.05062872711173704,7.702664200400804e-05,0.0001673935373237208,0.00021306016997525292,0.001180690127252425,1.803056381232816e-06,0.0015953924209105637,0.027636887512336932,0.00023934216188098762,0.003951746043119768,0.0008414869086309913,1.9810033825340126e-09,8.476643736139897e-07,0.17331161196289765,2.6954326916188706e-05,0.0002854158339919366,1.8326265508542066e-05,0.002297477375963351,1.6671799899472146e-08,0.0005921807069771247,0.7359863984462018,5.6773135112554635e-05,1.6547381377881278e-07,0.0008459619429729962
23,3.337339808640009e-05,0.07435293311823414,5.4522886208839484e-05,0.00011071524566942362,0.00020560361213922625,0.0014880181340156953,1.6148470433061298e-06,0.0013460040802572872,0.030008315099622734,0.0001584344617564592,0.001897409252459962,0.0007685836498399482,1.3205980859731677e-09,7.318041237069269e-07,0.16616905174771984,2.0809124200664842e-05,0.00016905140401743572,1.1753809015228653e-05,0.0024983558792523375,8.536091402597311e-09,0.0004249134491800516,0.7192744669882447,4.342172888478897e-05,1.723546427079067e-07,0.0009617340686955933
24,4.480468340109472e-05,0.09119883221922982,5.7397192594254516e-05,0.00016091362145078205,0.00026948106194478255,0.0013140884045388583,1.627407680730767e-06,0.0014046199389055331,0.029529457137277105,0.00015468271560498185,0.0025741537690282578,0.0007786625554026383,1.7160659539258221e-09,9.531579136867804e-07,0.1564613139031749,2.0723393491557166e-05,0.00016832905738169295,1.3298116105492468e-05,0.0025259266796968517,1.1346083552893257e-08,0.00035257409109220033,0.7118238439346319,4.1469401053800215e-05,1.577854045466782e-07,0.0011026767108451776
25,7.75460584971774e-05,0.04036145805817426,9.537656275197253e-05,0.00021013968344188295,0.00029359734041690814,0.000788749659117727,3.0854707171287718e-06,0.0031070075866589182,0.032271056059074495,0.00031822956494524527,0.0075150880091417955,0.0018960011073166404,3.504383330234501e-09,2.0267496802117466e-06,0.23280985657039224,2.7367855642347086e-05,0.0002368725508332197,1.6041163041946722e-05,0.0016531259083407855,2.299448569468394e-08,0.000422150297275884,0.676682544420816,4.580443287386041e-05,1.69344552516383e-07,0.0011666790474277509
26,4.603085521969738e-05,0.07106035704740474,4.373344110896605e-05,0.00012023200559205716,0.0002832364676438956,0.0025558353443462323,2.1140429875590762e-06,0.001173743766824794,0.054928326470445855,0.0002395822514624146,0.0014833094637530526,0.0004930003163526107,1.5709031333232543e-09,6.009947809460605e-07,0.12060682975682493,2.3380399674448542e-05,0.0002747725804089489,1.8424078319759158e-05,0.003973194303262083,8.957704208257534e-09,0.0004298464071219103,0.7409040931930013,7.259623187503945e-05,2.61218007811184e-07,0.0012664888349735895
27,2.146651914717548e-05,0.08457217079392593,2.8372485067006888e-05,8.110251426541061e-05,0.00011899223199343923,0.001046476710175989,9.108212472134178e-07,0.0011034805082520177,0.029163896761833934,9.89258116185207e-05,0.0013363019393780255,0.0004875176370410861,6.171204818644154e-10,3.6364032637763896e-07,0.14222979259919738,1.0708254985545568e-05,9.71419722954394e-05,6.251866585842889e-06,0.001770328536304485,3.911244792709135e-09,0.00019987236320842045,0.7367410856235656,2.3813040697169024e-05,8.301507020686834e-08,0.0008609398254527303
28,3.337339808640009e-05,0.07435293311823414,5.4522886208839484e-05,0.00011071524566942362,0.00020560361213922625,0.0014880181340156953,1.6148470433061298e-06,0.0013460040802572872,0.030008315099622734,0.0001584344617564592,0.001897409252459962,0.0007685836498399482,1.3205980859731677e-09,7.318041237069269e-07,0.16616905174771984,2.0809124200664842e-05,0.00016905140401743572,1.1753809015228653e-05,0.0024983558792523375,8.536091402597311e-09,0.0004249134491800516,0.7192744669882447,4.342172888478897e-05,1.723546427079067e-07,0.0009617340686955933
29,3.337339808640009e-05,0.07435293311823414,5.4522886208839484e-05,0.00011071524566942362,0.00020560361213922625,0.0014880181340156953,1.6148470433061298e-06,0.0013460040802572872,0.030008315099622734,0.0001584344617564592,0.001897409252459962,0.0007685836498399482,1.3205980859731677e-09,7.318041237069269e-07,0.16616905174771984,2.0809124200664842e-05,0.00016905140401743572,1.1753809015228653e-05,0.0024983558792523375,8.536091402597311e-09,0.0004249134491800516,0.7192744669882447,4.342172888478897e-05,1.723546427079067e-07,0.0009617340686955933
30,3.337339808640009e-05,0.07435293311823414,5.4522886208839484e-05,0.00011071524566942362,0.00020560361213922625,0.0014880181340156953,1.6148470433061298e-06,0.0013460040802572872,0.030008315099622734,0.0001584344617564592,0.001897409252459962,0.0007685836498399482,1.3205980859731677e-09,7.318041237069269e-07,0.16616905174771984,2.0809124200664842e-05,0.00016905140401743572,1.1753809015228653e-05,0.0024983558792523375,8.536091402597311e-09,0.0004249134491800516,0.7192744669882447,4.342172888478897e-05,1.723546427079067e-07,0.0009617340686955933
31,4.2897089628966784e-05,0.06862791106220352,7.667403298656016e-05,0.00011234519986905135,0.00015391358805935242,0.0010239838825322487,1.1441123530394135e-06,0.0026357978783642846,0.023650309900462813,0.0001433559088988967,0.0018533275778146038,0.0009627873896327538,2.403170701406285e-09,6.366227240566035e-07,0.15844741503990575,2.9227728233568557e-05,0.000162738407058483,1.2450516225932197e-05,0.0033565077991428043,7.949503837331355e-09,0.0003851582353709098,0.7377883832091042,2.2110832958732503e-05,1.5679874038823285e-07,0.0005107568350546816
32,3.46966778324353e-05,0.0830552555550844,5.351228700102745e-05,0.00010676386949277462,0.00019890285946261294,0.0014956347420376974,1.4179466856084204e-06,0.0013171886738963744,0.028546660600051614,0.0001483187965480447,0.0017091059870717662,0.0006647410520628597,1.3982517301845703e-09,6.690458742903138e-07,0.15430092371965112,2.122102235044249e-05,0.00016958286593755285,1.2170181362241287e-05,0.0030406785027897675,7.845018781957652e-09,0.0003842186193293797,0.7238199485962239,3.8983668237751574e-05,1.7610833569741228e-07,0.0008792193794101009
33,3.415413090510277e-05,0.07507450034583574,5.9570982338744325e-05,0.00011538536494995558,0.00022999592815654873,0.0014700597881122904,1.6205593023880827e-06,0.0013959535626285903,0.03533651258215133,0.00017583763416156482,0.0023760525733678983,0.0008210195570233573,1.2425973890663298e-09,8.076560082015934e-07,0.200786302120784,1.949851738387875e-05,0.00015862310012985484,1.132604139330682e-05,0.002247521794914952,9.531805594020796e-09,0.00046971626885381005,0.6780734370649838,5.0302120762167295e-05,1.5549744977436257e-07,0.001091636033999834
34,0.0002916738491725923,0.10466632217245055,0.0001399765858906221,0.00022687471612489849,0.00061284683749997,0.0008057349167703633,1.7782131730198475e-06,0.002572479804636744,0.05299924875727173,0.0002844155451317079,0.00688130156780648,0.0006807893919255359,4.144880341003294e-09,2.342277512987325e-06,0.20837366353295994,3.3183804663823566e-05,0.0002903652213340868,1.8426592425895232e-05,0.009238903321712535,1.415578081041597e-08,0.0003047283500801017,0.6101900112622833,3.964190993817301e-05,1.9503535262756637e-07,0.0013450780332212176
35,3.3315291006805345e-05,0.07433497517358215,5.013852407258366e-05,0.00010903743549118476,0.00019219342878631235,0.001399283312017585,1.4812276585180687e-06,0.0013881080214407878,0.031049956299066192,0.00014913780623013802,0.0018058439830705242,0.0007103777039773348,1.2488604907632063e-09,6.344999986870063e-07,0.15596923975177662,1.971845498850924e-05,0.00015843730325371342,1.0900410834102975e-05,0.0024868197282622334,7.55194556871363e-09,0.0003674342365553604,0.7288267945273783,3.760464219210066e-05,1.5123588308747356e-07,0.0008984082016713149
36,5.1855136572940474e-05,0.1483970754797107,0.0001245218172943006,0.00017427232082126178,0.000641894105442541,0.003431692265323423,1.5785379914917154e-06,0.0011332283732171935,0.06331525628629871,0.00035113374464171293,0.0029745525748573775,0.0004678464094446866,1.936693669312037e-09,1.032148695175686e-06,0.2624052395888496,2.956429432140769e-05,0.00016841003539929525,1.6213919344748423e-05,0.006004084449585405,1.673413918673214e-08,0.0008368529296968646,0.5079426180754731,0.00011515160593194253,2.725072569085345e-07,0.0014156347229963978
37,9.756665761759263e-05,0.07063052035922592,0.00010894493135700392,0.00014927156429654558,0.00036355975657452753,0.0016636432912697516,4.779021922687086e-06,0.0011844469449591997,0.01931257754200143,0.00019822819612920335,0.0025760189782923436,0.0015571816141783598,3.2972324276223132e-09,4.210263251085773e-06,0.193130025010337,4.5722340710427326e-05,0.00045074867880554807,2.7565990138782814e-05,0.0040511379725369214,1.8006077301432322e-08,0.0011210995040061525,0.7013632614294543,0.00011719957635495962,7.767374303680848e-07,0.0018414923358402694
38,2.2292319519557713e-05,0.06452871227049042,4.710154657605787e-05,0.00010323229095785676,0.00012192119927464076,0.0023868365440471028,1.715657855059337e-06,0.0013371181708847297,0.021779519116039783,0.00012729437250942157,0.0013427324461180886,0.0008549007555165988,1.4375863469612793e-09,5.792865416375542e-07,0.19003902267711933,3.5425615611918396e-05,0.00014672307519460076,1.8110497226821455e-05,0.0026325506851522153,8.0168897480042e-09,0.0006772930043966852,0.7132109916645234,5.4690395309156204e-05,2.284802624111262e-07,0.0005309984743964341
39,9.568771257941265e-06,0.05833663422266889,4.483929840740121e-05,5.525872231011022e-05,7.936300738409275e-05,0.0022513944850839737,8.370833313388855e-07,0.0012098716896926697,0.017143547022482584,6.065006199195869e-05,0.0004250231690775142,0.0007013333917768625,8.200297211392492e-10,1.6252994142554457e-07,0.09719077542756135,2.8474762505653702e-05,0.00012976217713497347,8.959200052453846e-06,0.0021762740898631523,3.8388973955822e-09,0.0007683578797732337,0.8190841506342341,2.298934698167323e-05,1.332255691783512e-07,0.0002716351419900076
40,2.028143040460681e-05,0.045059264473095474,2.479583334298397e-05,0.00014866879429789235,9.385941832146662e-05,0.003162321510774212,1.5112754540362447e-06,0.0016221182104122986,0.03737305280196254,0.0002176321638209233,0.001079939899932731,0.00047271321484937314,1.2372774389784006e-09,2.3166005633238043e-07,0.11413094299497482,3.114475154195124e-05,0.00015714078785069037,1.789609959995392e-05,0.0024314652509716097,6.888253364030469e-09,0.000356082912949332,0.7930880591427125,4.607811491598188e-05,1.6732738960288283e-07,0.0004646238048378214
41,5.2401894259741895e-05,0.1466447532926789,6.0088067411271834e-05,0.00021747706374093738,0.0004544563415963447,0.0014491375631205965,1.100931063208861e-06,0.002625814518981325,0.06659835550397902,0.00016012912534944717,0.004333455146562432,0.0005008866008384512,2.0931316090692486e-09,8.797870573647246e-07,0.2737033380519802,2.941509321834916e-05,8.433397514452542e-05,1.8849321971798163e-05,0.004184073250930161,1.2642875485497659e-08,0.00023619776497895808,0.49788548975898533,3.323812869170118e-05,8.434034899904422e-08,0.0007260297411038163
42,7.264625954615053e-06,0.06329698318621642,2.173197660798816e-05,4.903491306664371e-05,3.1206769214112564e-05,0.0007974529902131598,2.5588943392948505e-07,0.0010898442179693329,0.013608772021018881,3.116720060899094e-05,0.0002739426849031287,0.00021715361964542822,3.7217662902375636e-10,3.539845860696963e-08,0.04117399548046406,1.329843028311454e-05,5.44414331671457e-05,2.5868098024079825e-06,0.001993436119095093,1.0027857909538855e-09,0.00011484201458355933,0.877108514550063,3.775301760791881e-06,3.025275375491032e-08,0.00011023273975335213
43,9.436426073637807e-05,0.16671627295882863,3.144485070430207e-05,0.00012608043634789078,0.00028333683928963684,0.0003142041020776221,1.551161349200727e-06,0.0008201824000569375,0.024827592842092638,5.4616750856810355e-05,0.008484625137623311,0.0008016526335015672,7.407964662455412e-10,6.067254861917173e-06,0.34225962536432075,8.327657564135185e-06,9.498218837462385e-05,1.2348746978142287e-05,0.0017261749681421023,7.077412210728003e-09,0.0001024925553506415,0.4489300793315657,4.4067000650455144e-05,8.528955473921301e-08,0.004259817450963109
44,3.337339808640009e-05,0.07435293311823414,5.4522886208839484e-05,0.00011071524566942362,0.00020560361213922625,0.0014880181340156953,1.6148470433061298e-06,0.0013460040802572872,0.030008315099622734,0.0001584344617564592,0.001897409252459962,0.0007685836498399482,1.3205980859731677e-09,7.318041237069269e-07,0.16616905174771984,2.0809124200664842e-05,0.00016905140401743572,1.1753809015228653e-05,0.0024983558792523375,8.536091402597311e-09,0.0004249134491800516,0.7192744669882447,4.342172888478897e-05,1.723546427079067e-07,0.0009617340686955933
45,2.1310234368575478e-05,0.04452039178626203,3.862961650105587e-05,8.506043823410973e-05,9.293481948253362e-05,0.0016061128654747034,1.6330813010012016e-06,0.0030527894312745393,0.02198444773608166,0.00014307465602322102,0.0010268788729439146,0.0008986314537167667,2.0068467376047425e-09,3.5288476665196465e-07,0.1470473728383023,3.501802050614022e-05,0.00011100798776117808,1.3257183320050885e-05,0.002572552366851473,5.930258155871607e-09,0.0002903970714734741,0.7761571281999695,1.6735536310402313e-05,1.6955960908829858e-07,0.00028410542236066266
46,3.2602217053064165e-05,0.02153381331631827,3.2831324783745137e-05,8.940915156792244e-05,7.925298432346291e-05,0.0009894822143282343,1.582679352868148e-06,0.0008944487351135041,0.012095882035983446,0.00013293592939978363,0.0006543579342536006,0.0006244180417157092,1.3217461082956156e-09,2.335724432464389e-07,0.029217197115560357,1.6576435117560447e-05,0.0003533563352555475,5.794901223162215e-06,0.0016142505286145805,4.579315816244458e-09,0.00026378739160586126,0.9308800920563753,1.6872711573063114e-05,1.6331291372722318e-07,0.0004706531740619047
47,2.9305343006492805e-05,0.09162373930742312,5.426855494757908e-05,0.00010386473830222156,0.00028859392775814225,0.001623207113987738,1.5736828254447996e-06,0.0012778726788971386,0.03807500200482936,0.00017461230265554065,0.0026595956868514553,0.0007160365914154943,1.1433832868323514e-09,9.717739307421557e-07,0.25914755853845683,1.7032031547330573e-05,0.00014787933162246393,1.40261730615895e-05,0.0023559990077047124,1.1129822223866762e-08,0.000484708907018941,0.5998448748887939,6.084311002862259e-05,1.5850372568678017e-07,0.0012982635280039266
48,2.5288111241965562e-05,0.04885986270289489,2.854731743247094e-05,5.20814509113442e-05,9.021940948789331e-05,0.0015913792187587194,1.1458369355848734e-06,0.0009706702939207265,0.013809192421897393,0.0001314735264656471,0.00037689316517902676,0.000369992240825326,1.3646625818250219e-09,2.3058614182627085e-07,0.04631664118041497,1.7993317855418603e-05,0.00025354480763497677,8.51453291070336e-06,0.0045143075890882725,3.1549039502063596e-09,0.0002027938094266812,0.8819069470756188,1.555748493729885e-05,2.7678046457280466e-07,0.0004564426199887932
49,1.8512020372353986e-05,0.06269332212745718,4.502455668870491e-05,8.208457593439456e-05,0.0001289938720986707,0.0014110255210074488,1.1593663919409365e-06,0.001174652891358023,0.02310189906556757,0.00011843233539452096,0.0010509615504058975,0.0006918557785054631,9.579931873882852e-10,3.212243984823572e-07,0.1084989977720628,1.6352716843405404e-05,0.000127936711191609,6.860892152508294e-06,0.0018425736279722108,5.6737098312310115e-09,0.00034055084863130304,0.7980160855120786,2.4637837084164793e-05,1.2150278963644634e-07,0.000607631061910061
50,0.00012196707774691327,0.03507681794139802,0.00010105567790577598,0.00016963180682229908,0.00036607484257188594,0.001393461811432401,5.870548486381483e-06,0.0028056794534405158,0.03448629037376459,0.0005842766056874527,0.003446928162055245,0.0015341144019270841,4.7638046605672806e-09,2.1811430484398554e-06,0.14179095370243094,3.4975711159219536e-05,0.0003955148255222568,1.4096886886068551e-05,0.003687868055372755,1.7709588664230967e-08,0.0003563233271732476,0.771972393358351,4.6433963533875205e-05,4.936503391253393e-07,0.0016065741995512275
51,4.2049517395440446e-05,0.06587203782615901,6.738091806730489e-05,0.00011426270397334839,0.0002677165541082166,0.0017432294577509307,2.222405798705341e-06,0.0014353422321409322,0.03364730963272446,0.00020814506210694282,0.002056841076249337,0.0009031040625471356,1.7196218690034893e-09,9.409398260352689e-07,0.16575554793838299,2.5630450401494926e-05,0.00022263837579155447,1.3707104674075674e-05,0.0029732527204105147,1.0662739982214898e-08,0.0005145709952682105,0.7229664911127494,5.377915962814387e-05,2.3938384303462865e-07,0.0011135479876408897
52,3.396905893509169e-05,0.07249020609662232,5.4184284592721305e-05,0.00011538161796592901,0.00020600172394730755,0.0015647120904414837,1.6105313737588141e-06,0.0014770461074410366,0.031088488839321977,0.0001745286802100157,0.001998284584911949,0.0007853293100293131,1.4223669322186455e-09,7.318145822196729e-07,0.17595397928612655,2.1541287135069962e-05,0.00016281243267904648,1.2601455029428713e-05,0.002559508643835762,9.180521013488966e-09,0.0004176258785496587,0.7099213289043752,4.321803051605909e-05,1.7354157890032787e-07,0.0009167251969114291
53,3.6822599643405345e-05,0.04133628175424446,8.344839067291376e-05,0.0001913877139708557,0.00034928963256266297,0.002174507229367051,5.591318958382473e-06,0.0014148005729205937,0.04078757400784571,0.0002666144299966891,0.004427305511326036,0.001955842529119665,1.9997831209037826e-09,2.0395901983515836e-06,0.25915100175705813,3.7413601608380425e-05,0.0002594370435377274,2.4032791772333915e-05,0.0012163931897789476,2.7782791880953613e-08,0.0012782065790478915,0.643154921924919,0.0001707328686276047,3.007033878495618e-07,0.0016760244768605087
54,1.71558776881729e-05,0.1447833867154344,1.852937300990446e-05,5.2103123012624134e-05,8.24528169531228e-05,0.0007472133237849778,6.613948999170899e-07,0.0006237144660756876,0.0175712520966469,4.404287653639781e-05,0.0008147284077261449,0.00035123616053570284,2.977381547815002e-10,4.434335712531953e-07,0.1541064060106172,6.586747470234675e-06,6.439070060031077e-05,4.0313970844117055e-06,0.0016321997955863804,1.8586398112403564e-09,0.0001474567851391022,0.6777703590016186,1.929777089277149e-05,8.097546427631674e-08,0.0011422685932737536
55,3.361762449508554e-05,0.039885044934906334,4.715203171892889e-05,0.00010386785965141719,0.000212751208484462,0.0017944485785324924,3.455822558990087e-06,0.002663546893227579,0.035356849510120955,0.00014052624253833135,0.001428848168063035,0.0023324030545050795,2.5516206751157446e-09,9.562102241389861e-07,0.1393453067471784,3.929970314738613e-05,0.00015597706886565874,1.7052012188865374e-05,0.0018148529559653206,1.099795845335991e-08,0.0003842873379888718,0.7734374874939374,3.35972742928359e-05,2.2355745732687924e-07,0.0007684341603721585
56,3.526260421144135e-05,0.07061453357812084,5.631585747621851e-05,0.00011710758310487401,0.00020493958554219693,0.0015595610170112293,1.72308274905547e-06,0.0015138069513371498,0.030169028689899582,0.00017177958033526573,0.0018650022766883642,0.0008064892874947144,1.5975269797942264e-09,7.220351950007906e-07,0.15716750213263084,2.300696383988167e-05,0.00017678822547601691,1.2447354414774146e-05,0.0026370119048091897,9.217415212739356e-09,0.0004149518878238428,0.7315080197542947,4.1501306742747455e-05,1.8625209211750132e-07,0.0009023012737678114
57,3.258593661918384e-05,0.07098682704889699,6.139410858863262e-05,0.00010593694917485984,0.00021652615234976172,0.0015065511253773592,1.681391139011683e-06,0.0013831027409954729,0.0301797011014115,0.00016493223644717107,0.001813028234427499,0.0008248477194849768,1.4099983948075757e-09,7.017896297838497e-07,0.15683461578084182,2.174080757152948e-05,0.00017467824175596076,1.0895121535921053e-05,0.0025263874769352905,8.82045989643759e-09,0.00044394045151302357,0.7317400952433714,4.1205628626152735e-05,1.7774692719881336e-07,0.0009284367359212537
58,3.450086146917424e-05,0.06732466138802323,5.418663447528457e-05,0.00010008459528129171,0.00020051140493954785,0.001751162031331424,1.8534190249804596e-06,0.001374409498546319,0.02658332400941912,0.0001855090771128806,0.001434236792075064,0.0008074925252413707,1.6845238718076754e-09,7.331512323980454e-07,0.14161253400775117,2.324027701840604e-05,0.00019946751226240575,1.2993019747029225e-05,0.002969861558236577,8.688798437290243e-09,0.0004371119288024875,0.7539437305167269,4.300099449194965e-05,2.53797054035248e-07,0.0009051306264145773
59,3.3645718734686574e-05,0.06689124732313263,6.52793142835742e-05,0.00010340453936622042,0.00021346045309317792,0.001661162285168387,1.8659564688230597e-06,0.0013880842546606601,0.026717208591069574,0.00018315639687134885,0.001551480531206583,0.0008653218717595888,1.7100780145449602e-09,7.390092634205138e-07,0.1420607736562062,2.4195343085869313e-05,0.00020052508143660557,1.202019989192235e-05,0.0028209912014015353,9.432966160846372e-09,0.0004865598470875983,0.7537838175855089,4.2935144888157985e-05,2.388191662657938e-07,0.0008918757332041317
60,3.337339808640009e-05,0.07435293311823414,5.4522886208839484e-05,0.00011071524566942362,0.00020560361213922625,0.0014880181340156953,1.6148470433061298e-06,0.0013460040802572872,0.030008315099622734,0.0001584344617564592,0.001897409252459962,0.0007685836498399482,1.3205980859731677e-09,7.318041237069269e-07,0.16616905174771984,2.0809124200664842e-05,0.00016905140401743572,1.1753809015228653e-05,0.0024983558792523375,8.536091402597311e-09,0.0004249134491800516,0.7192744669882447,4.342172888478897e-05,1.723546427079067e-07,0.0009617340686955933
61,3.5260221460608496e-05,0.06936250678608394,6.542000221308508e-05,0.00010093795432622648,0.00022264213062034744,0.0016067675585123484,1.8459742034633208e-06,0.0013519120011502431,0.028545730590762066,0.00018088899078339864,0.0016651400818899918,0.0008492629975612162,1.5867781987579629e-09,7.729226076915495e-07,0.15139051536917802,2.297419737095275e-05,0.0001978592580274471,1.1515550041456015e-05,0.0028198613417118605,9.065382833295452e-09,0.0004838991816889604,0.7400726245788498,4.454983692668975e-05,2.2623310274404434e-07,0.0009668755887663881
62,3.337339808640009e-05,0.07435293311823414,5.4522886208839484e-05,0.00011071524566942362,0.00020560361213922625,0.0014880181340156953,1.6148470433061298e-06,0.0013460040802572872,0.030008315099622734,0.0001584344617564592,0.001897409252459962,0.0007685836498399482,1.3205980859731677e-09,7.318041237069269e-07,0.16616905174771984,2.0809124200664842e-05,0.00016905140401743572,1.1753809015228653e-05,0.0024983558792523375,8.536091402597311e-09,0.0004249134491800516,0.7192744669882447,4.342172888478897e-05,1.723546427079067e-07,0.0009617340686955933
63,2.8044051845637793e-05,0.09029839336409143,4.3517576074351033e-05,9.967808019453172e-05,0.0001721183062876964,0.0013757300820145522,1.2127243889919616e-06,0.001169163744986774,0.02813300655908573,0.00012094558648999485,0.001633589318771214,0.0005898598382588707,1.031676596797072e-09,5.75734287579978e-07,0.16256825409036782,1.6956979794299088e-05,0.00013881293653657636,1.0656364757970933e-05,0.0024354454529161157,6.6457044176356764e-09,0.00035300674710701926,0.709877486929484,3.74532506158343e-05,1.38346713515478e-07,0.0008959462575484159
64,2.86938585615375e-05,0.07068038496956441,7.020406624393087e-05,0.00010229677904210016,0.00020042070750409435,0.0016064272388337962,1.5780034965488127e-06,0.0012039816522873908,0.027161778292148626,0.0001482675537622316,0.0016860655324257014,0.0008910145992251389,1.2913500948332735e-09,6.919334242075488e-07,0.16555047134947623,2.305227458280103e-05,0.0001909278576665419,1.0960549444312754e-05,0.00226000289715227,9.160176737793188e-09,0.0007038861554274167,0.7265419923283153,5.254511367285875e-05,1.9033770375894642e-07,0.0008841554985118884
65,2.1365432137784137e-05,0.10024200424802919,4.518737900685592e-05,8.28538561257655e-05,0.00018594524379274597,0.001860734429923046,1.4525894962072409e-06,0.0007670322985295805,0.022644592508964584,9.016619746306652e-05,0.0011078943045466825,0.0006368039923984668,8.648812468889157e-10,6.900065024415705e-07,0.16198375706949134,1.8135205987012642e-05,0.00017365083532103307,1.3346669218352853e-05,0.002287175393576478,7.24540292525892e-09,0.0006902205055121657,0.7059633574998292,6.246037461297014e-05,2.1120559851803962e-07,0.0011209546436521736
66,4.236492046528366e-05,0.06932147405786383,7.236275569719061e-05,0.0001255075095675242,0.0002766523870999617,0.0016580424760506416,2.075708515129774e-06,0.0015179653574431552,0.03438210960340976,0.00020278711910872105,0.0021169796218230568,0.0008546259288549913,1.8252973570678084e-09,8.349476722746629e-07,0.15346589240119918,2.5705068229652043e-05,0.00020775295826370408,1.2496478979780282e-05,0.0029800465443403914,1.0864633620778799e-08,0.0004715565652383869,0.7312008980098605,4.642842239987606e-05,2.0860871143075794e-07,0.001015219859274473
67,7.840787649834008e-06,0.10405456885257025,1.9965280562065364e-05,5.5448996770079394e-05,6.757883194709112e-05,0.002781957471946635,9.745421724913926e-07,0.0003338071814186969,0.012224386135604228,4.968927950410522e-05,0.0005468547805597732,0.0004972961014946308,3.964410278574066e-10,4.372854112816305e-07,0.15022821851250615,1.2054003254711284e-05,0.00016249553987513353,1.5339116387210745e-05,0.0014414844353779818,5.148149363611351e-09,0.0009188542591417211,0.7252804694385213,0.00010344908496675556,2.3161847222763515e-07,0.0011965929192950255
68,4.4610545478576004e-06,0.03961585291525661,2.9460798623619627e-05,5.0592928655813794e-05,8.551230257036663e-05,0.0038515817032644057,1.2559141785109528e-06,0.0014867769170196724,0.014084022130784711,9.986090752497006e-05,0.0007217682694901855,0.0018566874808425503,8.47262855066039e-10,2.915010766936335e-07,0.2355151200140262,1.7493832741286518e-05,9.297444766272935e-05,1.7803847895514785e-05,0.0007083514243997124,1.1642904415936053e-08,0.00137087201557415,0.6999448694833083,4.460530690483877e-05,1.579737957729725e-07,0.00039961433968845186
69,1.9411784791772466e-05,0.06644578169460919,3.930675424202965e-05,0.00012129740647218289,0.00017403584764991582,0.0012578527739989056,9.778475989656496e-07,0.0011406144557370684,0.040148343070659044,0.00015320467452497696,0.0042567055673560904,0.0006874042812378326,7.036655195928981e-10,5.422177915263595e-07,0.2968858044475218,1.0422539856565413e-05,0.00011970291372176044,1.3910862136370618e-05,0.0009846173363791347,1.2500031459899595e-08,0.0005724857558468487,0.5857928553217379,7.378856279870375e-05,6.460084794399365e-08,0.0011008560787865327
70,2.6982726622235325e-05,0.06841147468361533,7.283292180479855e-05,0.0001890873275479776,0.0002197090949777907,0.002185688542658265,1.8754980941899437e-06,0.0017757766321935568,0.046963056214809874,0.00019084776564538028,0.0025260379585230583,0.0009758182529794313,1.404180086283567e-09,5.569388650885803e-07,0.1845730112966536,3.0614489777870294e-05,0.00011213678577242491,1.0512014495856467e-05,0.001782157452943199,1.2108063590315563e-08,0.0005252323862307424,0.68858684661408,5.1195162240338914e-05,1.2062508534945805e-07,0.0007884151021399159
71,8.81888342050898e-05,0.02673167425511876,8.621291505059458e-05,0.00016804524697532137,0.0005753109643869001,0.0027212721186745336,1.1658949572854288e-05,0.002405062320908405,0.05922579603507199,0.0006293092704350711,0.0021187438617861435,0.0014753090524503183,4.672768513718256e-09,1.4471617421591764e-06,0.089636142511665,4.282721655806176e-05,0.0004474426366716395,1.425719718826848e-05,0.003006099345438607,2.018081855657107e-08,0.0004317539720355415,0.8084549869397992,6.100058013911103e-05,5.78740465850577e-07,0.001666855020073577
