,0,1,2,3,4,5,6,7,8,9,10,11,12,13,14,15,16,17,18,19,20,21,22,23,24
0,5.207530936373282e-06,0.0008760550747192394,3.0968412253229187e-06,1.6564789115188545e-06,0.00010451270103780123,4.5877721911078645e-06,0.0009483594245154235,1.144752614915457e-05,0.10562090421867985,9.53147036060929e-09,0.001247736252900032,0.01961339156124251,7.248116627487066e-07,7.965295941420266e-06,0.3864108829081007,3.2004636340100696e-05,0.00014036035858141106,3.927394931600356e-06,0.024170126911877893,1.9088254112836876e-08,0.0013347684200954348,0.4581450076703667,9.891676079558122e-07,1.1911227654952907e-06,0.0013150672994957772
1,8.206575238399192e-06,0.0017143535405310054,6.257898648611168e-06,3.5105469328304117e-06,7.814192589217171e-05,4.304496953122435e-06,0.0019422391636836848,1.598958181539927e-05,0.1131889197353675,2.528935435809563e-08,0.0008991709165548506,0.040294041803714806,6.937307729771308e-07,1.2128404431360983e-05,0.348450742319097,3.483898633487411e-05,9.017331583140429e-05,4.934715689342807e-06,0.02470445278052976,2.1657258178313508e-08,0.0017126409403729278,0.46469151503299977,1.3990324198013224e-06,1.3271370357613263e-06,0.0021399704725400966
2,7.748502459243503e-06,0.0015801245047872144,3.850482913433821e-06,2.557654007735563e-06,0.00013334194036334065,3.0385533659731207e-06,0.001985750940599461,1.2018543679207808e-05,0.0836766185911551,1.8193934852773564e-08,0.0009249479319635351,0.03532998047387162,6.947452471365464e-07,1.6412469734068372e-05,0.4351851134411169,2.472020810539216e-05,0.00012051224911302107,4.668880845204423e-06,0.014332028729005073,2.5590423034811465e-08,0.0012620903640737317,0.422064821271098,1.545709011435074e-06,8.139087026985245e-07,0.003326556120423552
3,6.8661482612610435e-06,0.0015434422895660741,4.4024542471318775e-06,3.765819966463419e-06,8.698985184747093e-05,3.617095512477424e-06,0.001746200751600578,1.3654426312156305e-05,0.08361018655912922,1.9836958042190775e-08,0.0010805693264041908,0.04079990734708643,6.803655162633045e-07,1.68459016479913e-05,0.3113757195495316,2.5319975296541274e-05,0.0001315949595774602,5.051839015562093e-06,0.01777909222285138,2.2410247030248797e-08,0.001679792231827539,0.5375712011326979,1.8189803034963663e-06,1.1429168387919093e-06,0.002512095607757209
4,7.053182893754641e-06,0.0015175131741162913,4.2195198511903835e-06,3.923477447340356e-06,8.65130796097144e-05,3.483101360626347e-06,0.0016969034506519158,1.264610764775857e-05,0.08314611752973601,1.9273876932919178e-08,0.00108318055182266,0.0455583327939228,8.132692311458328e-07,1.8086854138290023e-05,0.28957303394271183,2.3923674259079936e-05,0.0001455419305125097,5.290803272351751e-06,0.017225670089482528,2.3637852719564516e-08,0.0017366761169206862,0.5554850740650435,1.9072863411411142e-06,1.1928506274855913e-06,0.0026628602366695155
5,7.227567921135112e-06,0.0014801737907581714,4.137451333657109e-06,4.935926893685734e-06,6.750131441862826e-05,3.299849739734523e-06,0.0016065004320220556,1.2563904432971348e-05,0.076047943189907,2.132782058775872e-08,0.000988495747777005,0.04854071840315729,7.378284447895319e-07,2.0323420899773187e-05,0.24361901260609312,2.166338196427606e-05,0.0001484347898878687,6.770689267648747e-06,0.014789392037428767,2.2398034941920226e-08,0.0018432980541121125,0.6080269729031205,1.8947320045010959e-06,1.1877496356822688e-06,0.00275677050292405
6,6.8661482612610435e-06,0.0015434422895660741,4.4024542471318775e-06,3.765819966463419e-06,8.698985184747093e-05,3.617095512477424e-06,0.001746200751600578,1.3654426312156305e-05,0.08361018655912922,1.9836958042190775e-08,0.0010805693264041908,0.04079990734708643,6.803655162633045e-07,1.68459016479913e-05,0.3113757195495316,2.5319975296541274e-05,0.0001315949595774602,5.051839015562093e-06,0.01777909222285138,2.2410247030248797e-08,0.001679792231827539,0.5375712011326979,1.8189803034963663e-06,1.1429168387919093e-06,0.002512095607757209
7,3.5388964325077744e-05,0.0033864105572276645,2.1151039023523722e-05,5.683201187725323e-06,0.00017486317807036294,8.303457319948529e-06,0.004352373586902135,3.0681290109260616e-05,0.13443611791117474,5.3579168239187467e-08,0.0021074652984718963,0.06849084179850695,1.662583864165675e-06,2.3805244129885934e-05,0.29546784060145687,3.443442374509715e-05,0.00017326013756279612,1.0010476776281484e-05,0.05465799296235962,4.123668247094532e-08,0.0019250622133351373,0.4305517124747054,3.905012931833241e-06,4.032329188034622e-06,0.004096906441774909
8,1.8347212136246787e-05,0.0048404238315517085,1.3898727193246901e-05,1.1729278682094849e-05,0.0001666324623126339,5.886797258918377e-06,0.005041620971662724,3.0109222140784563e-05,0.10916957295799895,6.93538730802162e-08,0.0017660372992490587,0.08981763884833985,1.086226270864469e-06,4.518119459803074e-05,0.28758997911627693,3.7325909109764844e-05,0.000139781526470635,7.043739055079057e-06,0.02659007043468407,5.2836207146664814e-08,0.002122205549457721,0.4676810367117092,6.479846716840291e-06,2.586324910859912e-06,0.0048952036221334115
9,8.13866569768512e-06,0.0027893388662364005,9.57701059570766e-06,1.0283863216948931e-05,7.49352543192048e-05,4.36819208079549e-06,0.002949484481885149,1.645073711189202e-05,0.10536124278565158,4.849871581235142e-08,0.0009235652613062206,0.0799142006880298,9.17022343955078e-07,2.3394318404466286e-05,0.26733417479709837,3.3683680563490175e-05,0.00010641485774453908,5.594559085189554e-06,0.016665028539027373,3.8427706678264204e-08,0.0029808359016896516,0.5172115241892005,3.5222524282740215e-06,1.8149727865155233e-06,0.0035714221770737752
10,6.8661482612610435e-06,0.0015434422895660741,4.4024542471318775e-06,3.765819966463419e-06,8.698985184747093e-05,3.617095512477424e-06,0.001746200751600578,1.3654426312156305e-05,0.08361018655912922,1.9836958042190775e-08,0.0010805693264041908,0.04079990734708643,6.803655162633045e-07,1.68459016479913e-05,0.3113757195495316,2.5319975296541274e-05,0.0001315949595774602,5.051839015562093e-06,0.01777909222285138,2.2410247030248797e-08,0.001679792231827539,0.5375712011326979,1.8189803034963663e-06,1.1429168387919093e-06,0.002512095607757209
11,7.306407032304098e-06,0.001563372489520948,4.651125336132474e-06,3.9593849508351105e-06,9.160353486179783e-05,3.696908698359907e-06,0.001807541632001571,1.3813839795094774e-05,0.08521885432997883,2.0547690942296927e-08,0.0011245746390019034,0.04437800212072991,8.06962809071851e-07,1.7395180188953587e-05,0.3040020837526842,2.5808021948114757e-05,0.00014165581183825466,5.217384305681448e-06,0.018322160905805136,2.482992033949228e-08,0.0017389202371509843,0.5389118392855684,1.979847458728596e-06,1.2656351377607778e-06,0.0026134451855857038
12,1.7112586701671073e-05,0.004727065191844262,2.080220311811486e-06,6.262440240364279e-06,0.00037786210500724527,7.5583933019111056e-06,0.0014957617156276738,5.262956562275758e-06,0.07698983722231958,4.711491334008467e-08,0.0007256321563099993,0.02975325083033454,1.4674720764872185e-06,0.00018926367088650353,0.2036492362117643,1.380155035375397e-05,0.001459451792596966,2.2530333926077073e-05,0.007753975398374578,7.07270477192654e-08,0.0029771493258328036,0.6487443640800086,4.759653878546127e-06,5.368157680406322e-07,0.02107566003401099
13,3.860340728977994e-06,0.0009828247562392234,3.195432220993248e-06,4.021615704812749e-06,6.685029321531764e-05,2.4676169720952553e-06,0.001555487504593056,1.6038260783063192e-05,0.05666832928117381,1.1210506938085253e-08,0.0017372445139352268,0.05062385359939024,5.584704870546498e-07,2.048125842905247e-05,0.2752680559272762,2.0564809463604708e-05,0.00011096104501425722,3.6513081592422435e-06,0.012664858712237858,1.7595539185953507e-08,0.0014028301397497206,0.5970532854952526,2.007240189602434e-06,1.0046072419043186e-06,0.0017875389654959178
14,9.468652218886089e-06,0.004912081327414046,3.2353902185543096e-06,4.635467447405109e-06,0.00018763311830284027,4.1101117980770746e-06,0.003040554303988304,1.7316442853708354e-05,0.07734222516177523,4.697034833796638e-08,0.0017262466121796402,0.03686373372886938,4.382484578847765e-07,3.696691236961056e-05,0.310371138641987,2.6025245363261483e-05,0.00013044211387648735,5.3508606640000495e-06,0.02916349600864781,3.131427444899812e-08,0.0014083432620565343,0.5318947280837409,3.3728489106661595e-06,1.4221451104808003e-06,0.002846957027126522
15,6.8661482612610435e-06,0.0015434422895660741,4.4024542471318775e-06,3.765819966463419e-06,8.698985184747093e-05,3.617095512477424e-06,0.001746200751600578,1.3654426312156305e-05,0.08361018655912922,1.9836958042190775e-08,0.0010805693264041908,0.04079990734708643,6.803655162633045e-07,1.68459016479913e-05,0.3113757195495316,2.5319975296541274e-05,0.0001315949595774602,5.051839015562093e-06,0.01777909222285138,2.2410247030248797e-08,0.001679792231827539,0.5375712011326979,1.8189803034963663e-06,1.1429168387919093e-06,0.002512095607757209
16,4.034504682951622e-06,0.0011722814903611949,2.859357105353943e-06,3.2568601255475185e-06,5.232412753474904e-05,2.125475042487964e-06,0.0016648001020517986,1.0986660675265487e-05,0.05681499682154248,2.283736537697639e-08,0.0007082016751004827,0.04472035892371503,4.825596676778652e-07,1.490736638863405e-05,0.25105072577687376,2.0763597105365546e-05,9.451095926520491e-05,4.438185559731168e-06,0.012783332222282276,1.6918617899609372e-08,0.0020526616955477135,0.6266100200407995,1.5635454421780216e-06,7.500940646882495e-07,0.0022095782030827865
17,3.977082328033603e-06,0.0010993861345432961,2.3081877020112154e-06,4.472290373234453e-06,8.419996026536023e-05,2.028328359089202e-06,0.0015341704913760406,1.2309993510004521e-05,0.04308945223150738,1.6563614613917405e-08,0.0011169283841922532,0.04901187125188856,7.614493313786017e-07,2.8201944099331302e-05,0.20080803514556692,1.7531813416087116e-05,0.0002180638322432747,4.617997922260177e-06,0.008977717258104614,2.8000167251480015e-08,0.001719122575821079,0.6894486845735144,2.99787267199863e-06,7.874990998229221e-07,0.0028123291383817827
18,7.004189264657721e-06,0.0012657726866627114,2.7752813909001664e-06,3.1249570102022976e-06,9.959569808901499e-05,2.5826967992049123e-06,0.0016940496555977918,7.576924995095791e-06,0.057531944408378256,2.1508835925538606e-08,0.0006431791519139596,0.04377814547957701,9.391376889742837e-07,2.5562269958465166e-05,0.25137111826057706,1.5694134228810456e-05,0.00026410439162811446,7.89254399067742e-06,0.009106942179010404,2.5611679511466348e-08,0.002192235665806144,0.6265470037699397,1.8754087709889647e-06,6.23403645284363e-07,0.005430210584561056
19,4.635378250880175e-06,0.0012035309537337972,4.375231972216944e-06,4.205320637972083e-06,5.6596536229908484e-05,1.9544644697836675e-06,0.0023645710288073157,1.355341959362052e-05,0.07262297873777068,1.8980222556609192e-08,0.0008089254986595303,0.0622916567447379,6.00020744846657e-07,1.3287849742342898e-05,0.2809829758462361,2.4138413917824188e-05,8.033304753301339e-05,3.8591145459364014e-06,0.011813020551226783,1.6834193395427593e-08,0.001687932522385159,0.5637586194819556,1.5002294804221494e-06,8.289046727071495e-07,0.0022558848882796956
20,2.375492846986016e-06,0.0005802595556433942,2.479719881210668e-06,2.380669317882648e-06,3.326594698732749e-05,1.6832794121226073e-06,0.0010677264038075325,1.2804782398025856e-05,0.04408305054400499,1.0543426504194895e-08,0.0008146127339242805,0.028104072585514485,2.8748218534570476e-07,8.310088321780592e-06,0.32929644102576283,1.9115259741957583e-05,6.25384363675999e-05,2.962293656518375e-06,0.009593653588663681,1.0538476824400736e-08,0.0010678279079722327,0.5840059246294127,9.406560782178421e-07,5.31837128889824e-07,0.001236733999066603
21,7.265772238968062e-06,0.0019938513331666805,4.775501021160363e-06,5.507079598916465e-06,6.473743618211612e-05,3.17137351524904e-06,0.002112434947076092,1.8407798528744666e-05,0.10012291715305924,2.781091769296911e-08,0.001006060316936884,0.06457648989869838,6.17395196699924e-07,2.58126890737006e-05,0.2657176283727409,3.493360631557035e-05,7.614196217420648e-05,5.837385746700465e-06,0.017318997747199725,2.1951787212995122e-08,0.001773827818454652,0.5429406172131341,1.547662305921518e-06,1.139307282890733e-06,0.0021872304676474404
22,8.330824181421837e-06,0.0010397151757101824,3.668169836168902e-06,2.7749810253641134e-06,7.094689026476101e-05,3.691773266579786e-06,0.0010142254260353451,1.1497484956884783e-05,0.06775000111816128,1.501182701646607e-08,0.0010745372742802593,0.024996305984909935,5.852939374845242e-07,1.4199506641598502e-05,0.27348138115992404,1.988128461024963e-05,0.00019113440464477136,7.993695913807657e-06,0.015770119602471436,1.794662420086717e-08,0.0013843729514355163,0.6108424918083927,1.237689785895707e-06,1.0106122908831225e-06,0.002309863928872203
23,6.8661482612610435e-06,0.0015434422895660741,4.4024542471318775e-06,3.765819966463419e-06,8.698985184747093e-05,3.617095512477424e-06,0.001746200751600578,1.3654426312156305e-05,0.08361018655912922,1.9836958042190775e-08,0.0010805693264041908,0.04079990734708643,6.803655162633045e-07,1.68459016479913e-05,0.3113757195495316,2.5319975296541274e-05,0.0001315949595774602,5.051839015562093e-06,0.01777909222285138,2.2410247030248797e-08,0.001679792231827539,0.5375712011326979,1.8189803034963663e-06,1.1429168387919093e-06,0.002512095607757209
24,9.088918952649383e-06,0.00250430274513838,4.327167663253917e-06,5.7243980094336526e-06,9.396483426897622e-05,3.936071904584995e-06,0.0018258941091959138,1.5161605606287774e-05,0.08475568853741183,2.9863742256383406e-08,0.0011715038628065657,0.04933121407514201,7.591421643760405e-07,2.9948626244894082e-05,0.24117771760260298,2.6484162659385868e-05,0.0001593782948607882,6.5952711542459e-06,0.01988380039542783,3.024048417099647e-08,0.0017242900435709859,0.5944416615117137,2.557411507177473e-06,1.4004274848254448e-06,0.0028245406802823417
25,3.687286333732865e-06,0.0011506379240840687,3.2663000595906016e-06,5.752836306126889e-06,7.112584571148189e-05,2.884347013870519e-06,0.0018948685823563746,3.621275643666157e-05,0.04934764010808891,1.5700329029154325e-08,0.002754147823804668,0.043424166493639574,3.6615584115376326e-07,3.141782161584034e-05,0.2315699971843793,2.86303762733962e-05,0.00010018400496207891,4.018433641160808e-06,0.015750402666823777,1.858513733699016e-08,0.0012718087770815687,0.6514160828175432,2.4623846806538186e-06,1.1549619817531743e-06,0.001129049825874726
26,2.8588807444809116e-05,0.002728205685330277,1.1164104142243098e-05,5.905983992404446e-06,0.00018163568271433808,8.872467915851359e-06,0.0018274929592665922,1.4063378720823108e-05,0.1659929524111246,2.9759856849422867e-08,0.0019400713208955517,0.04682555888565278,2.073216139753099e-06,1.8145467111921727e-05,0.21237896058821074,2.988174220684288e-05,0.0003294422876944222,1.1809768483647687e-05,0.04132006495638612,4.980918598014191e-08,0.002370666089746281,0.5206350310028158,4.034822470470907e-06,5.576344992681922e-06,0.0033297224574982015
27,4.3722064239680786e-06,0.0009736980807350463,2.940720611745154e-06,2.9074184613564173e-06,5.358389262388068e-05,2.5977700934226506e-06,0.0011701343131917403,1.1669064128481577e-05,0.06544065206766018,1.3579377891260817e-08,0.0009137877206581153,0.03057939365910618,4.479157801724399e-07,1.1776186588332628e-05,0.2921516979014422,2.1371507983441596e-05,0.00010195694008161627,4.315623115007126e-06,0.013714163377382519,1.5017038485273464e-08,0.0013212378632659243,0.5918387371953657,1.2139253130836296e-06,8.415108967930284e-07,0.001676474542674655
28,6.8661482612610435e-06,0.0015434422895660741,4.4024542471318775e-06,3.765819966463419e-06,8.698985184747093e-05,3.617095512477424e-06,0.001746200751600578,1.3654426312156305e-05,0.08361018655912922,1.9836958042190775e-08,0.0010805693264041908,0.04079990734708643,6.803655162633045e-07,1.68459016479913e-05,0.3113757195495316,2.5319975296541274e-05,0.0001315949595774602,5.051839015562093e-06,0.01777909222285138,2.2410247030248797e-08,0.001679792231827539,0.5375712011326979,1.8189803034963663e-06,1.1429168387919093e-06,0.002512095607757209
29,6.8661482612610435e-06,0.0015434422895660741,4.4024542471318775e-06,3.765819966463419e-06,8.698985184747093e-05,3.617095512477424e-06,0.001746200751600578,1.3654426312156305e-05,0.08361018655912922,1.9836958042190775e-08,0.0010805693264041908,0.04079990734708643,6.803655162633045e-07,1.68459016479913e-05,0.3113757195495316,2.5319975296541274e-05,0.0001315949595774602,5.051839015562093e-06,0.01777909222285138,2.2410247030248797e-08,0.001679792231827539,0.5375712011326979,1.8189803034963663e-06,1.1429168387919093e-06,0.002512095607757209
30,6.8661482612610435e-06,0.0015434422895660741,4.4024542471318775e-06,3.765819966463419e-06,8.698985184747093e-05,3.617095512477424e-06,0.001746200751600578,1.3654426312156305e-05,0.08361018655912922,1.9836958042190775e-08,0.0010805693264041908,0.04079990734708643,6.803655162633045e-07,1.68459016479913e-05,0.3113757195495316,2.5319975296541274e-05,0.0001315949595774602,5.051839015562093e-06,0.01777909222285138,2.2410247030248797e-08,0.001679792231827539,0.5375712011326979,1.8189803034963663e-06,1.1429168387919093e-06,0.002512095607757209
31,1.716201910845696e-05,0.002847367525865,1.0482779425952347e-05,5.8848098928482085e-06,0.00011146359379811627,4.9754427156600435e-06,0.0031548267842013886,3.209984451720006e-05,0.0910474139780086,4.777132150524387e-08,0.001364476949903212,0.0520013772243357,8.465132870040487e-07,2.4187912037070463e-05,0.2870058778115364,3.0728826087288494e-05,0.00014672560168404634,7.98480146451029e-06,0.032796467038226126,3.2467765407734454e-08,0.0018528255000394987,0.5244258659965693,2.9234020814287156e-06,1.8229891396964566e-06,0.0031061324169886803
32,7.218376709895251e-06,0.0015637949991723337,4.3946865473118615e-06,3.482356593150606e-06,8.411654828188599e-05,3.781718711952343e-06,0.0016642769719697839,1.36754056516089e-05,0.08361488511999583,2.0320070853536395e-08,0.00109767696213408,0.038996833674286815,6.811674296958577e-07,1.5903110819689163e-05,0.30495688290602674,2.5022634530951168e-05,0.00013005815039132432,5.084083012085496e-06,0.020662013211883844,2.1624076271342207e-08,0.0016513909735469503,0.5431601713533655,1.7861416853861063e-06,1.2359038778147115e-06,0.002335591599228224
33,2.8223117422488914e-06,0.0009752978427082759,1.6852368741210293e-06,5.297182546739097e-06,6.899698252795554e-05,3.775087762929299e-06,0.0008602536834595425,2.1182533621128945e-05,0.027429010557031754,2.4955635605819525e-08,0.0018388079337528626,0.02349496674817377,6.68338421215195e-07,3.8082808434368405e-05,0.10026805775643757,2.538291373716784e-05,0.000324524391711956,4.6930916116430075e-06,0.016373532347838792,3.566342056103428e-08,0.0014555793250224747,0.8257344688886917,4.694432768607745e-06,1.4434215703399384e-06,0.001066715564496597
34,1.052833514945811e-05,0.0018228445158106506,5.384493019336372e-06,3.0263190358508783e-06,9.100206932214002e-05,4.056969464662784e-06,0.0016765420247607666,1.3661465652629798e-05,0.11578420246556938,1.670940944688776e-08,0.001153416173113142,0.04117129670977171,7.484973700073569e-07,1.3560388585935685e-05,0.3225529732992112,2.4100076327033388e-05,0.00011644466277915492,5.409707668187676e-06,0.02730476539688148,1.8788466626418613e-08,0.0015118579318541409,0.48451099216354243,1.3858763141549674e-06,1.439676955875349e-06,0.002220325283964733
35,1.1967631277506966e-05,0.0016052345456158419,5.723843471853432e-06,4.006191985452134e-06,6.917938045746151e-05,3.0406477237066992e-06,0.0019836868131468013,1.5937407796694857e-05,0.10653326052740061,2.1376170944087524e-08,0.0008601563218365501,0.0497684871870028,6.969591844912884e-07,1.3925198075701726e-05,0.24892988279822198,2.304681933695346e-05,0.00011694395199876563,8.313198027350946e-06,0.019801803147930865,1.726828777338695e-08,0.00178177439239437,0.5659915537097819,1.2209776249144845e-06,1.2441355441711316e-06,0.002468875569704493
36,1.0340085198811125e-05,0.0030076072208911108,7.220242147182501e-06,6.0040476410513556e-06,0.0001800870113329072,9.04620112027521e-06,0.002241386663229163,1.0884869580661489e-05,0.12597527881521534,3.767569775525742e-08,0.0016118507472657642,0.03090026967584802,7.186454049253796e-07,2.497029170578568e-05,0.3420558524405342,2.609122343249544e-05,0.00018738861401008982,7.336465133349049e-06,0.021570325093562916,3.6014064210592046e-08,0.002733182448021473,0.46534034306170674,4.349204704910634e-06,2.250675172298485e-06,0.004087142567378387
37,1.9186887977441562e-05,0.0026909242063273726,9.303115541822443e-06,6.236299917474241e-06,9.899294273100462e-05,3.964767945990893e-06,0.002963104623828992,1.61156336639899e-05,0.10546271099586339,3.85590408455514e-08,0.0013204168852965633,0.06963552523567713,1.0761338101589726e-06,1.9382110889879525e-05,0.19414125085595094,2.1837710232198612e-05,0.00015424202855321263,9.408919261334863e-06,0.028482925251858866,2.8725830794500954e-08,0.0021379478810975103,0.5895397783410149,3.232349058806471e-06,2.9179026253488604e-06,0.003259451636004109
38,1.3355891836906806e-05,0.002129927329381604,7.411565877959112e-06,2.3001905639911516e-06,0.00013581572903338793,6.4967509521062376e-06,0.0025656600190972724,1.3373132496377614e-05,0.12206244792250595,2.5820705664093238e-08,0.0010240095803946197,0.029776233661931342,6.098912405681618e-07,1.349950843369064e-05,0.5007268303846069,3.0202720417069265e-05,7.735471914559379e-05,4.904670835669938e-06,0.029577803170396544,1.72865716874749e-08,0.001211810520808973,0.3074998630173864,1.2927884583829527e-06,1.2705250201302276e-06,0.003117483201901306
39,4.690325231961105e-06,0.0005547546786743289,5.942855962315141e-06,2.9536691076634234e-06,5.640793734991776e-05,6.122944487433147e-06,0.0012248420898269326,1.8185024995537066e-05,0.06958994147266406,1.9780979612803204e-08,0.0008953908653293091,0.02525849434958929,9.182958119776063e-07,8.253483200884433e-06,0.32165923618155634,3.4861979190949824e-05,0.00018106150727416201,5.823798910119109e-06,0.02016599377531413,1.9946123407175837e-08,0.002674891019091013,0.5558133223226911,1.335821931640863e-06,1.1380302956360604e-06,0.001835397844410159
40,6.89211301265452e-06,0.0015952546384160515,3.892878661322215e-06,6.176800346594707e-06,9.263546207985518e-05,4.467995560982238e-06,0.0015373683930103195,2.0092122235178996e-05,0.07034474759103121,2.941044040177781e-08,0.0013548635466835092,0.03443056691492161,7.635478273117644e-07,2.057629874438328e-05,0.19437217045889066,3.534326819413248e-05,0.00023047178389234293,7.044082509697559e-06,0.021071346948799804,3.602646565278385e-08,0.0022956610989439156,0.6707055853894188,2.821288698206029e-06,1.8620770530866163e-06,0.001859329864162355
41,1.0740918386568337e-05,0.0016395176854517761,6.0967872127811655e-06,2.3678642236580927e-06,0.0002255395694129108,3.829559947668238e-06,0.0023886711656197746,1.1667368855499682e-05,0.17175534293443515,1.0454445252624205e-08,0.0010051484872579443,0.031619021690758836,8.373498829215314e-07,1.0353635602895881e-05,0.543749912786268,3.649443225416869e-05,8.159891243625333e-05,3.6753498431122503e-06,0.012543159661323551,2.1675782339273318e-08,0.0009071491613109254,0.2311819079200245,9.450137656233457e-07,9.096262039796991e-07,0.002815079989293949
42,2.1245495505884733e-06,0.0004534874456705942,2.6120291130738953e-06,2.3538482130302875e-06,1.988362786172037e-05,2.0657016816205775e-06,0.0007886687604980615,1.5741053243427934e-05,0.03939713476850828,1.4705158441006087e-08,0.0007117950367208526,0.026218279527705037,3.648229690754323e-07,5.521845286969285e-06,0.22458098896180137,2.5895448531267946e-05,6.899280181093196e-05,3.080073124300872e-06,0.01743375422414936,1.110205160900936e-08,0.0013788588774007362,0.6881413146523859,9.458822785574553e-07,8.206996664485854e-07,0.0007452895546187882
43,3.898231535595318e-06,0.0010971779300538987,3.439003474587766e-06,3.292308685531544e-06,5.3970488537959036e-05,4.527485263646278e-06,0.0012586528506096293,1.3332955389779517e-05,0.05354415237396581,4.106001948895682e-08,0.0006873859521067332,0.02289668087116681,5.32064376424264e-07,1.3388176127457926e-05,0.2457423015150241,2.8943706192508073e-05,0.00014166937023708695,5.588276765911153e-06,0.018993546848931845,2.5486161549433046e-08,0.0025600874624842358,0.6510681363046796,1.970053054264577e-06,1.0724743377787262e-06,0.001876186750817908
44,6.8661482612610435e-06,0.0015434422895660741,4.4024542471318775e-06,3.765819966463419e-06,8.698985184747093e-05,3.617095512477424e-06,0.001746200751600578,1.3654426312156305e-05,0.08361018655912922,1.9836958042190775e-08,0.0010805693264041908,0.04079990734708643,6.803655162633045e-07,1.68459016479913e-05,0.3113757195495316,2.5319975296541274e-05,0.0001315949595774602,5.051839015562093e-06,0.01777909222285138,2.2410247030248797e-08,0.001679792231827539,0.5375712011326979,1.8189803034963663e-06,1.1429168387919093e-06,0.002512095607757209
45,3.172231058131211e-06,0.0005616537768757864,3.960264489718096e-06,2.160695819551856e-06,4.885651763040387e-05,2.529968381454627e-06,0.0013999270767889537,2.0727207369868764e-05,0.059790882455692154,9.333394058051102e-09,0.0011727647111230764,0.023171537565195167,3.1190329133619405e-07,6.517363821056141e-06,0.4899995386871442,3.096568303139834e-05,4.821781205196625e-05,2.633843124083531e-06,0.013031253416408909,1.0482729116210622e-08,0.0007229198654375083,0.4089470511014226,7.286362145421299e-07,6.595047128067102e-07,0.0010310098967923115
46,2.573324355263905e-06,0.00044716476666111063,1.7434712272129e-06,3.265880298531448e-06,3.674771434725843e-05,3.0792537912032008e-06,0.0004265867837588358,8.2058605765762e-06,0.028500500467987296,1.094475204791927e-08,0.0009454659328862827,0.018888391278122932,8.079067370907776e-07,1.1866212174257514e-05,0.13736290815571597,1.7071535377732842e-05,0.000384387897263893,4.644617411044861e-06,0.010770531078530064,2.3040539637429956e-08,0.001499387605022954,0.7993151375583609,2.0234794189169346e-06,9.927509938415946e-07,0.0013664824836890608
47,7.997180482603245e-06,0.0011454137561962559,3.7962749343675203e-06,2.64123173872441e-06,6.097962055662823e-05,1.9669922755966e-06,0.0015976009566945264,8.145965849363086e-06,0.08036478216596292,1.700705090068487e-08,0.0005388453128408921,0.05773952327615623,1.015566074127818e-06,1.0411779529344738e-05,0.23844376213018809,2.0826110096051786e-05,0.0001388554815143698,5.366131185938678e-06,0.01478404204813077,1.851544092358236e-08,0.001885447969216797,0.6002446284458973,1.195392534724893e-06,9.138776924282448e-07,0.0029918068117600317
48,9.251543706820973e-06,0.003065691469933773,4.141281059644991e-06,3.633645233463487e-06,8.457187215610622e-05,6.450040652310762e-06,0.0014215022151228766,1.6682277461442067e-05,0.06639143394991472,4.2120096474245337e-08,0.0015322235657574434,0.026807859377298064,6.335476598173176e-07,2.0000180548660605e-05,0.18219034165440046,2.279941488069498e-05,0.00019690780250731493,4.981395838553046e-06,0.06612429675991693,2.6203480014499944e-08,0.0016342074335128362,0.6488766992025744,3.4001913442123033e-06,2.5062460308778753e-06,0.0015797166089121567
49,6.625678369333826e-06,0.0014888918598753508,4.578984889362796e-06,4.018443154067381e-06,7.806546902363573e-05,3.593550577959598e-06,0.001719788945846298,1.3486150761772272e-05,0.08137686168609566,2.0312001751852752e-08,0.001052111680802083,0.04325232170054611,6.926468841944753e-07,1.679714981889478e-05,0.30171568224419426,2.4927024255117754e-05,0.00012746778548088357,5.069660856472333e-06,0.017209156119890164,2.2218811292322758e-08,0.0017332622520481154,0.5476492617855354,1.8586050199387336e-06,1.1708940466620269e-06,0.0025142671512152328
50,7.752485560197562e-06,0.00206217990080299,5.502917769208873e-06,3.915040840880979e-06,0.00012171936491812814,2.7742076314764627e-06,0.005421962195967511,2.6318714370762277e-05,0.04395535120671046,6.337235283788896e-08,0.0009535865216700674,0.05756430958219512,6.260177356540906e-07,3.074449594721377e-05,0.3317382005704672,2.578557760933662e-05,0.00011507820105144621,5.044822538502435e-06,0.018111962171381626,2.845449992465751e-08,0.0017861321523330394,0.53350430758879,3.301267459551856e-06,7.776545711534806e-07,0.004552575514825605
51,6.8146310298667855e-06,0.0021978809901084407,3.6241210480229612e-06,4.706692746422391e-06,4.713885009113287e-05,2.5268189258548744e-06,0.001384513822495489,1.3502566840626714e-05,0.07401051325479407,2.050826358138643e-08,0.0009619139962260352,0.04167536454811823,3.5026361434408675e-07,1.973469442870547e-05,0.23930678303096417,1.7566409276370994e-05,8.791357430082776e-05,5.15892051972787e-06,0.017802594760145337,1.513002254792616e-08,0.0012316977947697842,0.6193219286499783,1.4634872105468991e-06,9.32484095182359e-07,0.0018953399999864025
52,8.331119685630784e-06,0.0005049619318379224,3.506965250364197e-06,1.3915343997463992e-06,6.469140597743671e-05,8.32249998327458e-06,0.0006496669350972736,1.3099119099226559e-05,0.07030254545669372,1.2604062786765749e-08,0.001276428970132598,0.007756801201307577,2.671213302042457e-07,1.5662688511059225e-05,0.49276680574638937,2.193108554126497e-05,0.00010520522208462752,1.4579339883460844e-05,0.012699497046168937,9.419261426958626e-09,0.0005997997978447848,0.4111132388864227,5.154125338031342e-07,6.203274198838041e-07,0.002072108163080931
53,3.3321754903256544e-06,0.0009574912599729978,4.202529642516898e-06,3.1339790786423535e-06,0.00011192924655060436,1.6047057710787825e-06,0.004839354114755559,1.7190010194284473e-05,0.0605207342379631,1.7117740270340575e-08,0.0010840826593355463,0.061662942858533194,5.182578297477783e-07,1.2709090720263417e-05,0.443491615872732,2.6702917095067157e-05,5.5690726635170346e-05,2.416701134713394e-06,0.008509527701158022,1.7370529282214324e-08,0.0013871219832941822,0.4146720405131475,1.8896339689404696e-06,6.590687170194304e-07,0.002633075268009846
54,1.027514857194192e-05,0.003174602985441798,3.6068933116509106e-06,3.5665673878947207e-06,0.00010383611258183363,3.1195836872525352e-06,0.0020408358117750126,8.454231024654379e-06,0.08356344719009122,3.2337157513771534e-08,0.0005656943977563491,0.04180393603327646,4.879768527744271e-07,3.0228444254109177e-05,0.41893448792949795,2.0685662960195692e-05,0.00010489605803794026,5.997792066250467e-06,0.01236095077306377,2.31385732708053e-08,0.00119722876085702,0.4300417816151215,1.5203622264496727e-06,5.445357270334827e-07,0.006019759658698005
55,1.2318102949638375e-05,0.0013081854190986992,6.182232265538103e-06,3.660020301431379e-06,5.023134623521788e-05,1.877252159128883e-06,0.0020860052041649633,7.53620632508952e-06,0.2286238448883478,9.258498490899683e-09,0.0005068109243735487,0.11944807934541289,1.3526574835330287e-06,7.845336568216296e-06,0.2320932286487106,2.0738362154118838e-05,5.770421194788116e-05,6.3915515958863876e-06,0.014223828048368662,1.1265440086677295e-08,0.001789309548073273,0.397207246047949,5.706989898699531e-07,1.2721856656598322e-06,0.0025357612369207795
56,7.087957354392044e-06,0.0015087530872932662,4.483054829708257e-06,3.847719192429744e-06,8.727127009393684e-05,3.6277131656473032e-06,0.001773390065816277,1.3545835135951542e-05,0.08327476302051767,2.004428146213729e-08,0.0011027241280925327,0.04448239783188032,7.913127039885409e-07,1.7363310432772126e-05,0.2999686876995444,2.5022826182693468e-05,0.00013911465711355543,5.185742144218243e-06,0.01820911311668445,2.3482612706061715e-08,0.0017279422118024266,0.5450524422605397,1.9075660606287037e-06,1.2217358362427296e-06,0.0025892723506884697
57,1.4350104002448187e-05,0.0034994145232685792,1.1212089648090568e-05,7.304243148456762e-06,0.000277197586853605,1.7581858788876726e-05,0.0030930461827973444,2.313798852714491e-05,0.13554735310758642,3.075334772276964e-08,0.0049525769018027525,0.013400713615265552,1.586001694502124e-07,4.92882556139104e-05,0.5336286109175901,2.5762577453457384e-05,8.355798480696602e-05,9.965784627792033e-06,0.016766263912593032,1.6044901300960452e-08,0.0012721619152022278,0.28394686875864306,3.649906268801939e-06,1.8068050573648129e-06,0.003367969582035464
58,8.378998310671195e-06,0.0016621047812847138,5.0103773999783825e-06,4.153624099549008e-06,9.16203989985011e-05,3.957204818386096e-06,0.0018558291663793418,1.4502934904561959e-05,0.09537367302035489,2.0356420145154622e-08,0.0012357780601339736,0.049101288391018155,8.749702610855133e-07,1.676638864782564e-05,0.2802392792036338,2.665465625508996e-05,0.00013687533550841625,5.466917255630345e-06,0.0221792772864361,2.448329531720157e-08,0.0018251361358635704,0.5438161321333089,2.052217946951682e-06,1.6458316480456976e-06,0.002393497125816387
59,7.657603002051027e-06,0.0015849679251781804,5.396739488188388e-06,4.196066457702802e-06,8.630283440500375e-05,3.9028397494184e-06,0.0018433095053448385,1.4774050019174445e-05,0.09399975196501494,2.0435680291832767e-08,0.0012080106227998358,0.045654428719460884,7.751404291359804e-07,1.4855935126920042e-05,0.29791132712227714,2.7343177679723628e-05,0.00012400121351906554,5.079696242798357e-06,0.020795697321758934,2.4302089898292473e-08,0.0018378175002393897,0.5326056659772367,2.0107359659411912e-06,1.59729211399874e-06,0.0022610852787198674
60,6.8661482612610435e-06,0.0015434422895660741,4.4024542471318775e-06,3.765819966463419e-06,8.698985184747093e-05,3.617095512477424e-06,0.001746200751600578,1.3654426312156305e-05,0.08361018655912922,1.9836958042190775e-08,0.0010805693264041908,0.04079990734708643,6.803655162633045e-07,1.68459016479913e-05,0.3113757195495316,2.5319975296541274e-05,0.0001315949595774602,5.051839015562093e-06,0.01777909222285138,2.2410247030248797e-08,0.001679792231827539,0.5375712011326979,1.8189803034963663e-06,1.1429168387919093e-06,0.002512095607757209
61,7.805010806479711e-06,0.0015817852933262845,5.3667025335024316e-06,4.11980396363403e-06,8.809693038437134e-05,3.831760100454711e-06,0.0018769679949987763,1.4659244639306213e-05,0.09298343540937508,2.0677908285854683e-08,0.0011764452460622404,0.04594353740396023,8.048712144876722e-07,1.4960438758754239e-05,0.3027552203163668,2.7056867494941742e-05,0.00012606693012695905,5.195601717794356e-06,0.020323919540361047,2.461086009277743e-08,0.001814456828005487,0.5288889789536293,1.979101112202664e-06,1.5469808232367681e-06,0.002353717481470154
62,6.8661482612610435e-06,0.0015434422895660741,4.4024542471318775e-06,3.765819966463419e-06,8.698985184747093e-05,3.617095512477424e-06,0.001746200751600578,1.3654426312156305e-05,0.08361018655912922,1.9836958042190775e-08,0.0010805693264041908,0.04079990734708643,6.803655162633045e-07,1.68459016479913e-05,0.3113757195495316,2.5319975296541274e-05,0.0001315949595774602,5.051839015562093e-06,0.01777909222285138,2.2410247030248797e-08,0.001679792231827539,0.5375712011326979,1.8189803034963663e-06,1.1429168387919093e-06,0.002512095607757209
63,7.54511009197344e-06,0.0019045376984430135,4.522022959970455e-06,3.955878545582249e-06,9.159056699109306e-05,3.707943886838372e-06,0.0017705475292967086,1.3153415959213726e-05,0.08536658520544349,2.2721435271890553e-08,0.0010714933449751083,0.04057921405257429,6.578379185728164e-07,1.8023120378106497e-05,0.31038383949419474,2.4697012591491086e-05,0.00013255178600474077,5.072458923319662e-06,0.019178615309562795,2.4056155463065746e-08,0.001683557313586075,0.5351116304993087,2.001830149427501e-06,1.1925802742057604e-06,0.0026412612103498497
64,5.855780117441556e-06,0.0014471109652383198,4.236211849813015e-06,4.062170960071099e-06,7.736352535010848e-05,3.6288146807221665e-06,0.001672872640180347,1.2132032058953552e-05,0.07813373485802691,2.3256238294226572e-08,0.0009362758422811718,0.04194580431903062,7.141756108113679e-07,1.7096096921667053e-05,0.28420685182505967,2.4421333395110027e-05,0.00013832107432367778,5.318545630598017e-06,0.015963852617770342,2.4303904035094355e-08,0.0022125026157959423,0.5705434747830244,2.0241377448531984e-06,1.1402580900565036e-06,0.0026411578167160454
65,4.67931775445257e-06,0.0016727816554892012,5.206948352217296e-06,5.390118609643073e-06,7.911441296940505e-05,4.043692592939762e-06,0.002764243314775188,2.178327664603032e-05,0.045326923946880704,5.8579885290752204e-08,0.0008952911593163119,0.03731801586121366,4.888689360557905e-07,2.7836624150179022e-05,0.32959783586233304,2.9414669223277617e-05,0.00012441799594588304,5.258325014960851e-06,0.014097914966611285,3.219148279839789e-08,0.0023773973994432335,0.5622329070005336,3.1428253560884576e-06,8.010420002838186e-07,0.0034050199444842564
66,1.8950626023914934e-05,0.0016645046474588734,1.302370497626597e-05,3.4045426913132672e-06,0.0003167331459573081,1.3263513942733738e-05,0.002481230516291662,1.2662692844128029e-05,0.13772684829318732,4.77233779754156e-08,0.0015457987023791155,0.02867791269109612,2.640546618229366e-06,1.2206878043380218e-05,0.364726858049839,4.554919688798616e-05,0.00040037590501467026,1.0327784750752355e-05,0.03396440100991436,7.619685967607976e-08,0.003987846867915385,0.419600549770664,4.339782867100617e-06,4.39806694326161e-06,0.004766049143455486
67,3.7292470562905245e-06,0.0009288950945829682,5.747427365622634e-06,1.8729137225365084e-05,0.0001087221751366311,2.4627950556345147e-05,0.0009296592632730582,1.708638966701672e-05,0.04752683950890831,5.1836762782775387e-08,0.0025321463766954547,0.03753965545139017,3.0612999492481963e-06,0.00010005291332938082,0.17563017789178664,4.5297536646071964e-05,0.000904135534378819,1.0674675129841417e-05,0.013050698141690981,1.2612447979752436e-07,0.005753761405519857,0.710163774970754,1.6236726443811774e-05,3.51813152107312e-06,0.004682594789750467
68,1.5588473329674087e-05,0.0022495848899457605,1.902008124003433e-05,1.5518372605321966e-05,3.789610215285134e-05,4.918169004275543e-06,0.0024189164130170243,2.0162457350958833e-05,0.14489206110997516,4.883224941906805e-08,0.0009490813171713768,0.11107872962977217,1.0119834357616403e-06,2.014815938508968e-05,0.09669919677399122,2.845587392849723e-05,0.0001077667910607837,1.1446612077128714e-05,0.021712193120749797,2.491471745875919e-08,0.0053509719491355336,0.6120476333747354,3.4638350678227867e-06,3.7939538082746866e-06,0.002312366810092972
69,5.090792243450108e-06,0.0015069775160381194,5.578009017868775e-06,5.174594802147062e-06,9.171453679972774e-05,4.090373786253433e-06,0.002164829581505381,2.091248574442495e-05,0.0752918866271567,2.2792064504440754e-08,0.0018323062033749065,0.04667725655827321,6.428758723322877e-07,1.6401469556354273e-05,0.31811322124930563,3.254712962872398e-05,0.00010155991457742715,3.6612234046592267e-06,0.021343485225591968,2.7743704663301947e-08,0.0020700963849383507,0.5289746106420332,3.157560408147611e-06,1.9177926591612414e-06,0.001732830717512615
70,1.367828996596951e-05,0.001055039420230465,8.859544754176817e-06,6.047098066446632e-06,9.471322517564484e-05,2.4200385450128695e-06,0.0026165873859029065,3.1667592164282724e-05,0.09133393055685649,2.0931732935270734e-08,0.0006401226552463909,0.05689217665133767,1.0927464026455671e-06,2.749204032272753e-05,0.42151106511054015,5.179550443519929e-05,0.0001433124925213376,1.0529781437778559e-05,0.005301044511896499,3.489825489765001e-08,0.0007941235780984186,0.41454782832499465,7.421522988864229e-07,4.1146732322233693e-07,0.004915264001495285
71,1.079629588761542e-05,0.0036622622915021314,5.1075453100605155e-06,5.388052423637531e-06,0.0002665631817657036,3.2250493842594212e-06,0.003571985699151397,1.400554160688974e-05,0.11042975598033718,4.390058271755959e-08,0.0010151603400169603,0.06565771439481986,1.3845625826654435e-06,2.8309430717320903e-05,0.3454895464335607,3.771225678653099e-05,0.0001765661484152335,4.946658148202034e-06,0.016876771544801692,7.61458857410983e-08,0.0022366200016942857,0.445523934094748,4.541196369736775e-06,1.5735171543011192e-06,0.004976009736347129
72,6.863279119712513e-06,0.0009842329110689263,6.3138605049603775e-06,4.132909219083479e-06,6.397132350879572e-05,4.3351834045009446e-06,0.0019045042176163097,2.008944150737245e-05,0.10974528058917946,1.6755896780492346e-08,0.001155435805314461,0.045339704114933974,7.487821842010913e-07,1.361561862342458e-05,0.3076594426537075,3.381765526610922e-05,9.818793229959394e-05,6.804119738406641e-06,0.017579436285748134,1.6276278030192945e-08,0.002055164339323565,0.5115150118683727,1.0177429143464429e-06,1.2356690795440385e-06,0.001800620665190128
