,0,1,2,3,4,5,6,7,8,9,10,11,12,13,14,15,16,17,18,19,20,21,22,23,24
0,6.135647717646003e-05,0.06337243260017467,3.068328149558916e-05,0.00016314910428211538,0.00018602390033258835,0.0016177350741409379,1.7899842795116994e-06,0.003135459035239232,0.04014525236616737,0.00021507799349290336,0.002158157200383934,0.0006987926019898363,2.722842788190296e-09,7.815834897571026e-07,0.16270954086544664,2.8398824945066327e-05,0.00016240730066118187,2.364165162202777e-05,0.004009253443156187,9.63681328486108e-09,0.00018405271330859026,0.7203779078207362,2.73501171561504e-05,1.7914347128215715e-07,0.0006905645571958424
1,5.103846511946702e-05,0.0854367410531861,3.8452387110689584e-05,8.412198186965369e-05,0.00021289731929807215,0.0011615097925334718,1.2943000396134942e-06,0.002141094839819815,0.034725434078713875,0.0001703029863984202,0.001885960651774101,0.0005648154171256093,1.6340871197904699e-09,7.018361629447745e-07,0.17290503035233948,1.6931128117086233e-05,0.00012827290189433745,1.1448918887925383e-05,0.0045108691085332005,6.086325753300113e-09,0.0001458673971014272,0.6949913312608949,1.7986622411940364e-05,1.4255817361244388e-07,0.0007977469220812858
2,3.820982124941129e-05,0.09585960829386629,2.8230023366141798e-05,6.339832398683011e-05,0.00022243191697269232,0.0006958500088288388,9.483947428516811e-07,0.0018968115150309944,0.026963470312931705,0.0001461334436121145,0.0033454356977745737,0.0006906683166973003,1.1338834925278516e-09,1.364646062940972e-06,0.35293820567186274,7.492184872900046e-06,9.489268609699202e-05,1.3092767852044945e-05,0.00227882619807359,8.577427860291731e-09,0.000151891711934227,0.5132174535485332,2.2833856035594433e-05,1.0484286117044602e-07,0.0013226361054434485
3,3.852482615868292e-05,0.08591262747881537,2.384092768692841e-05,7.240134774502989e-05,0.00015105878189363724,0.0009903630537034327,1.2697966358842862e-06,0.0016249427155180277,0.019518940674842448,0.00011323876577987566,0.0017107752631021532,0.0006444205285151782,1.2548101694464018e-09,9.740241766128969e-07,0.19242351331218704,1.2260481176226274e-05,0.00012865993244975284,1.4834099355512936e-05,0.002982449922880113,5.907562259088859e-09,0.00015436328493541914,0.692513831473657,2.0284151716754517e-05,1.5872200704805208e-07,0.0009462592726894056
4,4.424780061211805e-05,0.08780745899286135,2.594292680998257e-05,7.79166685723041e-05,0.00016182990265644034,0.001031521011616531,1.3985349990466273e-06,0.0017856160455560388,0.01893133092053054,0.00012293145090516374,0.0017840674047751566,0.0006815849087649587,1.5962888125272222e-09,1.1357108539963209e-06,0.19319305754995236,1.390862809362339e-05,0.00014032912277883348,1.6723583632717115e-05,0.0034097867138545603,6.735022565514057e-09,0.00015617084148598697,0.6896320459880995,2.0675767000137625e-05,1.8738009766500333e-07,0.0009601238141797673
5,3.7178728352838784e-05,0.09205942281395235,1.8544941635476072e-05,8.577808159266129e-05,0.00013016235186522542,0.0010611505628717345,1.1622230852656086e-06,0.001631382730670011,0.017837078388907184,9.966741164453053e-05,0.0017029737640419248,0.0005665123883192683,1.2979400052293324e-09,9.286709523609468e-07,0.19207873276600396,1.270996015485221e-05,0.00012108353304087962,2.023711585784407e-05,0.002917598850561676,6.275707356758458e-09,0.00014593178501982366,0.6886070492255423,2.115931621907692e-05,1.533400355414214e-07,0.0008433934760260302
6,3.852482615868292e-05,0.08591262747881537,2.384092768692841e-05,7.240134774502989e-05,0.00015105878189363724,0.0009903630537034327,1.2697966358842862e-06,0.0016249427155180277,0.019518940674842448,0.00011323876577987566,0.0017107752631021532,0.0006444205285151782,1.2548101694464018e-09,9.740241766128969e-07,0.19242351331218704,1.2260481176226274e-05,0.00012865993244975284,1.4834099355512936e-05,0.002982449922880113,5.907562259088859e-09,0.00015436328493541914,0.692513831473657,2.0284151716754517e-05,1.5872200704805208e-07,0.0009462592726894056
7,0.00011387456708034842,0.0690362713711493,5.610059783921707e-05,0.00011196080787616064,0.00023858122667162092,0.0006023171049542356,1.704207253208864e-06,0.00320637929220749,0.02280924119621653,0.00029530154587810616,0.0029916671184521256,0.0006539324508654724,3.649159265842797e-09,1.0940956501083757e-06,0.1267619321014321,1.4347351069531754e-05,0.00016931915659145025,8.736982969939046e-06,0.005528134120115447,8.036617128883464e-09,7.033829568779915e-05,0.7664189180823697,9.011462875396651e-06,1.7573849935751616e-07,0.0009006494405189756
8,6.514910344863007e-05,0.07261056693616773,5.693177959432995e-05,7.243751655208505e-05,0.00020551185836127243,0.0007343857713820208,1.911977563525398e-06,0.0015814714455823406,0.0193701675530204,0.0002776148326813665,0.0022935014282601585,0.001082115355794773,1.7809846057140487e-09,2.288128568472785e-06,0.21410162684801676,1.0226435976411097e-05,0.0001995072270292159,8.002458717198279e-06,0.002812838225089538,8.295328808669349e-09,0.0002236823402276525,0.6821563298045503,3.2140840962059254e-05,3.4146127574576164e-07,0.002101240594864716
9,4.7878945143461384e-05,0.08774910049964964,3.0139590454958287e-05,6.552778134421207e-05,0.00015211692266073584,0.0006523208771113443,1.12940010769461e-06,0.0013071847475318698,0.018582873861349544,0.00019224419126391388,0.00242203815413579,0.000756775596352838,1.006714167606396e-09,1.819029401166608e-06,0.2812860176674996,6.604826724018199e-06,0.00013118905815901307,9.024643738641186e-06,0.0022092346544730153,6.064939685314402e-09,0.00017634138014834092,0.6022364219418824,3.193180712315272e-05,2.032726099690953e-07,0.001951874079480733
10,3.852482615868292e-05,0.08591262747881537,2.384092768692841e-05,7.240134774502989e-05,0.00015105878189363724,0.0009903630537034327,1.2697966358842862e-06,0.0016249427155180277,0.019518940674842448,0.00011323876577987566,0.0017107752631021532,0.0006444205285151782,1.2548101694464018e-09,9.740241766128969e-07,0.19242351331218704,1.2260481176226274e-05,0.00012865993244975284,1.4834099355512936e-05,0.002982449922880113,5.907562259088859e-09,0.00015436328493541914,0.692513831473657,2.0284151716754517e-05,1.5872200704805208e-07,0.0009462592726894056
11,4.157566978996114e-05,0.0798843382662197,2.483709322971147e-05,7.467038244828401e-05,0.0001488391887674537,0.0010067012660603893,1.374201470707378e-06,0.0018507686378649475,0.019544992785992945,0.00012600977804429864,0.001689108284794647,0.0006834322344682445,1.5519559400019594e-09,9.736812736776994e-07,0.18034506223634464,1.3568924897512403e-05,0.0001373823168255071,1.550126856245716e-05,0.0032000527494868082,6.261896916819976e-09,0.00014578636939891257,0.7101601132078049,1.8985978010917195e-05,1.7542335736316513e-07,0.0008857422410330819
12,6.342603996174642e-05,0.1493936105732447,3.5114060553202185e-05,9.853707178496336e-05,0.0017156492774378365,0.0029243098452882855,7.270131498936298e-06,0.000526596877710378,0.035891582168839274,0.00011360733124694014,0.003652334342283402,0.0012783561552172308,1.695937849772266e-09,1.692515968495028e-05,0.4108820476664823,1.8616988852182882e-05,0.0003458119847713204,9.233946280735362e-05,0.0027816763211420004,4.0071220053352024e-08,0.0010224085943197198,0.38006185092954575,0.0003747378380977408,8.191376618065866e-07,0.008702330274410235
13,4.4119432550196665e-05,0.07994786073996388,2.785539259780988e-05,7.984147452510325e-05,0.00016010091972976583,0.0007916193507216399,1.286411379596417e-06,0.00188808497467723,0.0197669171603547,0.00012779280590601269,0.0026429424025544725,0.0008064826994672499,1.4016457363754518e-09,1.3504473400272097e-06,0.2518257132746495,1.2126332267647988e-05,0.00012659493370873828,1.5872796827366794e-05,0.002554849765768101,7.540694310313552e-09,0.00016799904901231493,0.6379585917299547,2.267539507249316e-05,1.4590812132264046e-07,0.0010291676605100725
14,2.5423785912800957e-05,0.24381412293834892,2.327198167515827e-05,8.356504488945056e-05,0.00020286792264088185,0.0009837303226057977,4.437324594410676e-07,0.0011327258933612307,0.01642337970340733,5.895014805526419e-05,0.002299620894615555,0.0002158116735270535,1.2796747619830703e-09,5.336412113401773e-07,0.2186882733328996,1.0330441841324175e-05,6.144639785938555e-05,2.0806102346336284e-05,0.005058321113208859,7.087932813294132e-09,9.742026434592679e-05,0.5102820245842812,1.3568441462257353e-05,6.805801576132135e-08,0.0005032852134216453
15,3.852482615868292e-05,0.08591262747881537,2.384092768692841e-05,7.240134774502989e-05,0.00015105878189363724,0.0009903630537034327,1.2697966358842862e-06,0.0016249427155180277,0.019518940674842448,0.00011323876577987566,0.0017107752631021532,0.0006444205285151782,1.2548101694464018e-09,9.740241766128969e-07,0.19242351331218704,1.2260481176226274e-05,0.00012865993244975284,1.4834099355512936e-05,0.002982449922880113,5.907562259088859e-09,0.00015436328493541914,0.692513831473657,2.0284151716754517e-05,1.5872200704805208e-07,0.0009462592726894056
16,4.139765150611609e-05,0.07395569912557233,2.973904682756505e-05,8.583566110936675e-05,0.000146785032084393,0.0010503565731644667,1.5397335126891524e-06,0.0019417074021682885,0.015948419790347296,0.0001130743435996553,0.002126784658303095,0.0009190477944540714,1.7279514833135906e-09,1.371275957331602e-06,0.23227376305736128,1.8343985912204673e-05,0.00014548432536907744,2.2423973737815676e-05,0.0028753989204704324,8.62350943173019e-09,0.0002378240289287834,0.6672375694804525,2.5222469029783352e-05,1.9759755613652535e-07,0.0008020037211144586
17,6.878482186056463e-05,0.060962726027718094,2.9719956429093436e-05,8.708350457909231e-05,0.00019673240434486597,0.0005545927442752686,2.5788167637550855e-06,0.0018101252149107904,0.018158639197873888,0.00010510272391497546,0.0024234654155340534,0.00118485406599033,1.555897880756385e-09,2.083752715127724e-06,0.1587475957196862,1.1607274270123505e-05,0.00018781045052063326,1.1268095733501792e-05,0.0018013240990482804,6.873359217947204e-09,0.00015886842050593224,0.7519305474158107,2.0120167828270914e-05,1.7841809290667896e-07,0.0015441828623364584
18,4.16246468961253e-05,0.08253332814427579,1.1132264581658706e-05,3.952251863658104e-05,0.00011992442844729956,0.0005003449665669586,1.2068457064861393e-06,0.0006433282503545189,0.013134339322417022,6.947663322392091e-05,0.0011917244201144527,0.0003617464598186265,5.432764135011924e-10,9.922646590645975e-07,0.10910818826654611,3.976415247354805e-06,0.00021932666938611985,9.432679497357145e-06,0.0021955974182756794,3.1237090187106024e-09,8.47049862044909e-05,0.7875744512465283,1.7850930827997407e-05,1.4621468086621477e-07,0.002137630340121638
19,3.39800274640306e-05,0.04668605340711032,2.8934932786145702e-05,6.761280341413955e-05,0.00013436040721195958,0.0010732907215768128,1.7706094697567797e-06,0.002131810661182084,0.020645411295185517,0.00019824665309451658,0.001141115111444174,0.0008291142728836435,1.7245986831750878e-09,5.361427565590724e-07,0.1027732035786065,1.2430320561254793e-05,0.00013427374468878307,7.494169948179028e-06,0.002413202043349096,5.6468487287196346e-09,0.00011021262416813525,0.8208201746109377,1.1754239053611536e-05,1.7545495635725227e-07,0.0007448347967034961
20,1.2149544137666674e-05,0.08520905243586378,1.1112097726515126e-05,3.972672043787166e-05,4.1464166972220665e-05,0.0005703457424608007,4.316045569810503e-07,0.0014586835199155135,0.009502054816803995,4.586941436060821e-05,0.0010745049176357638,0.0005459947423044813,5.063416047249367e-10,4.026846459713577e-07,0.24033597650056523,6.163356570233709e-06,5.142598027281391e-05,9.952022170496849e-06,0.0012614048620652604,2.7549715590851932e-09,0.000119601280485462,0.6592750955152519,9.951999119767797e-06,6.477028944237199e-08,0.0004185680440741812
21,6.73339723804065e-05,0.0860493410084288,3.375803827250041e-05,0.00013516017825340574,0.00017114993441868576,0.000773792933872989,1.412264332012623e-06,0.0022223877008186255,0.02021172857429635,0.00011270351846079598,0.004181519970470563,0.0009821577398000949,1.8204249747416005e-09,2.1830185550124245e-06,0.31685032837202604,1.918006691762614e-05,0.00011654974678260678,2.3517573708149044e-05,0.0026643148132293273,1.0767645897218556e-08,0.0002104877791186651,0.5641926390753695,2.9207855032923136e-05,1.4050382434786645e-07,0.0009489927735596653
22,4.752095756640512e-05,0.0598471062372695,3.292758223620745e-05,0.00010608238089632948,0.00015153791778525164,0.0007826426340497435,1.3485724647435818e-06,0.0018815422684362074,0.018065392631902474,0.00016600984467045975,0.003473837855712759,0.0006980345406531534,1.7739758562639106e-09,1.080712318852736e-06,0.20325214120144752,1.5216414008329475e-05,0.00020640236215700255,2.2286907374928652e-05,0.0026379390728269074,1.1207968143236529e-08,0.00021250397084923947,0.7075420063864427,2.6348206133803128e-05,1.462853943981265e-07,0.0008299320754590306
23,3.852482615868292e-05,0.08591262747881537,2.384092768692841e-05,7.240134774502989e-05,0.00015105878189363724,0.0009903630537034327,1.2697966358842862e-06,0.0016249427155180277,0.019518940674842448,0.00011323876577987566,0.0017107752631021532,0.0006444205285151782,1.2548101694464018e-09,9.740241766128969e-07,0.19242351331218704,1.2260481176226274e-05,0.00012865993244975284,1.4834099355512936e-05,0.002982449922880113,5.907562259088859e-09,0.00015436328493541914,0.692513831473657,2.0284151716754517e-05,1.5872200704805208e-07,0.0009462592726894056
24,4.7973245926711866e-05,0.10556007139449065,2.4642561905e-05,0.000101738547783974,0.00018989078462479538,0.0008651694894686179,1.2179964457183317e-06,0.0016565729973198797,0.019181512194309434,0.00010820272837590174,0.0022801857606038864,0.0006447325960798946,1.539546278601152e-09,1.2082565198637846e-06,0.1830886914611229,1.1751844057107471e-05,0.00012317762420210358,1.626285657178772e-05,0.0028857243729811443,7.67882983565644e-09,0.00012779251497769108,0.6819943840903274,1.9327075969349013e-05,1.3933727945659012e-07,0.0010696210502805902
25,8.707306974244601e-05,0.04720637138992052,4.0883292234356175e-05,0.00013441162927874196,0.0002126378931659779,0.0005317204072223022,2.3726552682100533e-06,0.003649188214009432,0.020853219418878646,0.00022212745323140355,0.006495431552336852,0.0015437930882662065,3.22718189468688e-09,2.6113865049380596e-06,0.26589435314998083,1.59311175278345e-05,0.00017780247487573605,1.9981594510434924e-05,0.001986759724008487,1.5416961791959006e-08,0.00015268556739597879,0.6496125726787999,2.126825039829888e-05,1.553118802296321e-07,0.0011366300364185522
26,5.359479157528057e-05,0.08365307872030803,1.957659580111317e-05,7.982441734022729e-05,0.00020989988873559582,0.0017054680344025719,1.6790765884461692e-06,0.001447273014962511,0.03575847248946492,0.00017228177757325135,0.0013700884715020982,0.0004257579562560809,1.5116451187587295e-09,8.183599798453501e-07,0.14336654349008313,1.3972600491563164e-05,0.00020998040298708263,2.3371164169452803e-05,0.004765393570143737,6.299842723756e-09,0.00015884612216776598,0.7252713410372608,3.402586453067487e-05,2.420080433113743e-07,0.0012584623341446754
27,2.4104756631522652e-05,0.09816604915094415,1.2536214386192834e-05,5.286831351037483e-05,8.710194418578307e-05,0.0006991931381388061,7.07301787953447e-07,0.0013249621536303737,0.019026806201118688,7.084996627184509e-05,0.001213278428838729,0.00041205138402981335,5.816744605965916e-10,4.820084116962313e-07,0.16690615625484742,6.289990743255385e-06,7.343637969583203e-05,7.911006908882757e-06,0.0020814810626237513,2.748893364654826e-09,7.402398857113186e-05,0.7089014873595175,1.1320719406768886e-05,7.606117512618656e-08,0.0008468228840564011
28,3.852482615868292e-05,0.08591262747881537,2.384092768692841e-05,7.240134774502989e-05,0.00015105878189363724,0.0009903630537034327,1.2697966358842862e-06,0.0016249427155180277,0.019518940674842448,0.00011323876577987566,0.0017107752631021532,0.0006444205285151782,1.2548101694464018e-09,9.740241766128969e-07,0.19242351331218704,1.2260481176226274e-05,0.00012865993244975284,1.4834099355512936e-05,0.002982449922880113,5.907562259088859e-09,0.00015436328493541914,0.692513831473657,2.0284151716754517e-05,1.5872200704805208e-07,0.0009462592726894056
29,3.852482615868292e-05,0.08591262747881537,2.384092768692841e-05,7.240134774502989e-05,0.00015105878189363724,0.0009903630537034327,1.2697966358842862e-06,0.0016249427155180277,0.019518940674842448,0.00011323876577987566,0.0017107752631021532,0.0006444205285151782,1.2548101694464018e-09,9.740241766128969e-07,0.19242351331218704,1.2260481176226274e-05,0.00012865993244975284,1.4834099355512936e-05,0.002982449922880113,5.907562259088859e-09,0.00015436328493541914,0.692513831473657,2.0284151716754517e-05,1.5872200704805208e-07,0.0009462592726894056
30,3.852482615868292e-05,0.08591262747881537,2.384092768692841e-05,7.240134774502989e-05,0.00015105878189363724,0.0009903630537034327,1.2697966358842862e-06,0.0016249427155180277,0.019518940674842448,0.00011323876577987566,0.0017107752631021532,0.0006444205285151782,1.2548101694464018e-09,9.740241766128969e-07,0.19242351331218704,1.2260481176226274e-05,0.00012865993244975284,1.4834099355512936e-05,0.002982449922880113,5.907562259088859e-09,0.00015436328493541914,0.692513831473657,2.0284151716754517e-05,1.5872200704805208e-07,0.0009462592726894056
31,4.918050706675786e-05,0.07947356465081105,3.321609043693552e-05,7.343957841476105e-05,0.00011398447950310184,0.000688547557830245,9.081960963542806e-07,0.0031240814924178638,0.015484352320125511,0.00010274497124022405,0.0016721448258897116,0.0008023057030214866,2.2463772879834838e-09,8.505976101074591e-07,0.18372540469306442,1.7061575413690642e-05,0.00012398735563821247,1.5689003670475485e-05,0.003974710947172749,5.512468219714249e-09,0.0001403010966029945,0.7098615155713331,1.0521812727947983e-05,1.4477440407060195e-07,0.0005113344406626629
32,3.9272141363231694e-05,0.09592530267230782,2.3310424459113052e-05,6.945620289840711e-05,0.00014491778277770512,0.0009917639811916465,1.1039462119936454e-06,0.0015818808313712513,0.018593472127709745,0.00010558511788742127,0.0015420702042433477,0.0005579159142567006,1.308331311633862e-09,8.82636049597981e-07,0.17958342575382144,1.236700324562914e-05,0.00012767917199857164,1.5230339804842611e-05,0.003567608830745774,5.422104714618572e-09,0.0001397412109674114,0.696093537332303,1.8255316082102482e-05,1.6013035693584055e-07,0.0008650541975102939
33,3.8664455982088284e-05,0.08645853034105831,2.577293432481189e-05,7.464979928096681e-05,0.0001664674899312624,0.0009712871867583048,1.2551212081462086e-06,0.0016679375770523761,0.02276803114741126,0.00012415613928625112,0.0021151685979558634,0.0006822114326870149,1.1647195237582139e-09,1.0577770078710819e-06,0.2306754181259414,1.1362858780960977e-05,0.00011937471283362797,1.4158107516791232e-05,0.0026537009802073274,6.526302592845696e-09,0.00016912272570232203,0.650175187075373,2.3278343388530687e-05,1.416011048742286e-07,0.0010630577781845056
34,0.00031497233076772913,0.11893605498538869,5.9210912535404226e-05,0.00014441354662688143,0.00043380415139998764,0.000541361325847786,1.384377906069255e-06,0.003028692486383144,0.03369259291068789,0.00019858898416053774,0.005945610984162521,0.0005685222085365943,3.7890644175524234e-09,2.997733757751871e-06,0.23805290039270585,1.91621614434892e-05,0.00021614768995688777,2.2803156751617977e-05,0.010563350296010365,9.59140295172175e-09,0.00011089805750987586,0.5858261617712898,1.842898162653166e-05,1.7769345004825302e-07,0.0013017494806273177
35,3.854352006199216e-05,0.08607989950820241,2.2022139957382286e-05,7.148965817274933e-05,0.00014177596522557074,0.0009349099749974103,1.1700338712853275e-06,0.001678013494453918,0.020221652124804885,0.00010700377297279083,0.0016339814724515272,0.0005982060744729377,1.1910562023450124e-09,8.496692937747895e-07,0.1813205496313399,1.1660403452278325e-05,0.00012105977267386834,1.381556178217071e-05,0.002975534439752238,5.255470137334935e-09,0.00013430688169912647,0.7029881995754441,1.767455019797371e-05,1.4007807736347778e-07,0.0008875352501161856
36,5.740229420443028e-05,0.16531129386557378,5.2093319302575914e-05,0.00011003151664104955,0.0004460781681614336,0.002185543039778072,1.2090491940147053e-06,0.0013439785841821172,0.03958510612481154,0.00024009954970148026,0.002595707275828861,0.00038943292182670286,1.7723657965853034e-09,1.3264410023999734e-06,0.29491047783909863,1.6824085257962196e-05,0.00012498302766139412,1.9813462383554166e-05,0.006817875767349436,1.1130849385463473e-08,0.00029249787483137435,0.4840964628775132,5.136673185833022e-05,2.414370255470719e-07,0.0013501418435967999
37,0.00010859694229446862,0.08115119654221069,4.641438832143093e-05,9.613818474384788e-05,0.00026112341318419767,0.0010961061405160616,3.6221998725524783e-06,0.0014248221605681307,0.012624917589357968,0.0001398231695263311,0.0022870621679163513,0.0012716100396126106,3.0339544839407405e-09,5.304074178515516e-06,0.22115801126639076,2.6179061711140024e-05,0.0003316116342033551,3.374835533195413e-05,0.004738935654487724,1.2123424651342146e-08,0.0003938071904018167,0.6709799739614485,5.290556179189827e-05,6.815818079555239e-07,0.001767393562742812
38,2.5896286812113777e-05,0.07449731520296608,2.0580832155590332e-05,6.731789078926487e-05,9.043826607779625e-05,0.001560750199330096,1.3404693844021935e-06,0.0016068812337916376,0.014223869283772686,9.109626079928824e-05,0.0012164012615605117,0.0007113310791710401,1.356361604619312e-09,7.72309015424061e-07,0.21822183582932572,2.0473300002008426e-05,0.00011157091829048844,2.2480998313290448e-05,0.0031233235495945265,5.531525664115584e-09,0.00024177957946816466,0.6835905506290764,2.5267404647403042e-05,2.0780415334085765e-07,0.0005285125236154959
39,1.085220220119459e-05,0.06948763224989721,1.9695419669142577e-05,3.6553861424070185e-05,5.8746923723754676e-05,0.001484291232948327,6.480014845249067e-07,0.001455809217016942,0.011488775725254098,4.4228247126016e-05,0.0004019700349478924,0.0005918426678090285,7.624547156567469e-10,2.1966841499527435e-07,0.11713707400411276,1.6261231529010525e-05,9.714823724934934e-05,1.1253043246017494e-05,0.0025357689714854293,2.7197790170597055e-09,0.0002770741090279835,0.7945547059738041,1.1067440575999802e-05,1.2005640396509704e-07,0.0002782579984145172
40,2.3271989888209482e-05,0.0541023399912048,1.1193122452775653e-05,9.705305628996627e-05,7.044711568059103e-05,0.0020862704469593726,1.179909440628311e-06,0.001962221840003379,0.02463343734744673,0.0001553050621235847,0.0010035457320908372,0.0004069409113987677,1.1664932519744412e-09,3.1680755554356197e-07,0.13698816236508948,1.8103228512235084e-05,0.00011946211158617261,2.2407958631625755e-05,0.0028883898824757855,4.8514930459049786e-09,0.00013207248518392253,0.7747828720569239,2.1884467924468567e-05,1.5328339469920408e-07,0.00047296280975606803
41,5.215983502978298e-05,0.1647961261089403,2.5059973557056297e-05,0.0001309938573296184,0.00030266248827724024,0.0009232652796167806,7.892635963916735e-07,0.0029275614601445214,0.041317033331480575,0.00010799044255232216,0.0036721155716962013,0.00040719579194160583,1.7635931154088897e-09,1.0628277296314354e-06,0.310403551570039,1.5728780955493124e-05,5.998178585596332e-05,2.1838456701115056e-05,0.004481281816962003,8.262371985589803e-09,8.468644883009418e-05,0.4695600215470796,1.5232357629681556e-05,7.209614762276854e-08,0.0006935788819425346
42,8.061084736451167e-06,0.07655797351023032,9.759014987145156e-06,3.248206056278577e-05,2.3492327716160817e-05,0.0005430333118474994,2.0095964628462814e-07,0.0013137537431646175,0.009286593780592232,2.312194994597468e-05,0.000264064570517878,0.0001902241203441806,3.470447559878791e-10,4.922571288166322e-08,0.0517520017318593,7.66770489977918e-06,4.124606960136316e-05,3.3454756757589893e-06,0.00229463360815229,7.398257510424441e-10,4.398697192478911e-05,0.857485872129801,1.9301111606706974e-06,2.7968405610346904e-08,0.00011647748164461444
43,9.638540400495219e-05,0.17156447296111224,1.4058889478132542e-05,7.792824686926336e-05,0.00019808068665197397,0.00022892126572697928,1.2188874258467108e-06,0.0010006614783398368,0.01591399583053513,4.1860867359720474e-05,0.006525076262238036,0.0006449827924645377,7.054065058273291e-10,6.524949380112861e-06,0.36177137044509294,5.055457621245661e-06,7.376414307389978e-05,1.4716837248162199e-05,0.0020312113197425105,4.776536838031921e-09,4.082759591412393e-05,0.43611252132885514,1.9775343774565915e-05,8.084633886496836e-08,0.003616502678808655
44,3.852482615868292e-05,0.08591262747881537,2.384092768692841e-05,7.240134774502989e-05,0.00015105878189363724,0.0009903630537034327,1.2697966358842862e-06,0.0016249427155180277,0.019518940674842448,0.00011323876577987566,0.0017107752631021532,0.0006444205285151782,1.2548101694464018e-09,9.740241766128969e-07,0.19242351331218704,1.2260481176226274e-05,0.00012865993244975284,1.4834099355512936e-05,0.002982449922880113,5.907562259088859e-09,0.00015436328493541914,0.692513831473657,2.0284151716754517e-05,1.5872200704805208e-07,0.0009462592726894056
45,2.5069167071336112e-05,0.052516281499300495,1.7164840116396775e-05,5.6399941833488234e-05,7.0244674442223e-05,0.0010738195492396413,1.2922730259415828e-06,0.003627668433599906,0.01451801800482307,0.00010322812362404818,0.0009478276445807639,0.0007552280819736933,1.8976775580081022e-09,4.823456352162968e-07,0.17198724266126247,2.0475443695673667e-05,8.603151465118834e-05,1.678725706874193e-05,0.0030889600033628304,4.172836642069613e-09,0.0001073097865978101,0.7506812814596232,8.078007999666555e-06,1.5725635517603344e-07,0.00029094595960276826
46,3.901657012836412e-05,0.02666855559390933,1.5081628390595582e-05,6.0932158031551616e-05,6.192283114338453e-05,0.0006899694312632184,1.290086027692203e-06,0.0011313337517502593,0.008356811726126678,9.891409628288825e-05,0.0006293476470009638,0.0005455161009005011,1.3011541733201462e-09,3.32323112279764e-07,0.03676212992631947,1.0181992725221342e-05,0.00027305729670562263,7.725417420171455e-06,0.0020205390633526075,3.3399427739970518e-09,0.00010058898972629027,0.9220289546480596,8.380287599144894e-06,1.5604834306973275e-07,0.0004892577445841061
47,3.1561644153124915e-05,0.1041025426236969,2.300349293622191e-05,6.558980944380659e-05,0.000200687028725229,0.00104695214447052,1.1685045604331838e-06,0.0014908614850796425,0.024149884675741976,0.0001201167718761136,0.002317351227710622,0.0005853278808906666,1.028309075679145e-09,1.218792463476171e-06,0.29355471951019657,9.60749640398125e-06,0.00010746372923498849,1.6916968796243622e-05,0.0026705034882590303,7.426367645587155e-09,0.0001714090310063358,0.5680708057641646,2.7599033229354213e-05,1.3860991738404226e-07,0.0012345618323662251
48,3.015578273332742e-05,0.05854892782714458,1.3026239859689152e-05,3.5645546347564766e-05,6.950647857050275e-05,0.0010838676410269863,9.324393400729907e-07,0.0012121763626623465,0.009406484744079173,9.683155983531103e-05,0.0003641541269072279,0.0003244735501306719,1.328181079151782e-09,3.247554337190937e-07,0.05694446096559707,1.0912112527742639e-05,0.00019564741798107468,1.1114557960631625e-05,0.005436128318639203,2.300310800905563e-09,7.707424716759112e-05,0.8656603161652087,7.663192921413005e-06,2.579478287028235e-07,0.0004699143916046691
49,2.108787051889351e-05,0.07409327038273118,1.984085162410073e-05,5.4029583497456394e-05,9.517036786845637e-05,0.0009444388547905464,9.035426619830605e-07,0.0014221762195158684,0.015318947866590113,8.525277073762683e-05,0.0009700870786944498,0.0005849701439298325,9.013044673321419e-10,4.315882714136265e-07,0.12953472445651332,9.59138183168623e-06,9.696668879203553e-05,8.74706844014246e-06,0.002186137736554258,3.986694723500925e-09,0.00012553674616648283,0.7738063322276973,1.181821727418572e-05,1.1129468701859983e-07,0.0006094221726123786
50,0.00014194422583674524,0.04115892885091588,4.395397920528656e-05,0.0001116310334082211,0.00027470940719011847,0.0009306143473458289,4.762496616818047e-06,0.0034130195964478015,0.022895444792194984,0.00041518356367309985,0.003165601896671657,0.0012832852197854994,4.4633893355584605e-09,2.951856610481988e-06,0.16841323421161794,2.065020256984471e-05,0.00030179707492984154,1.809534940708208e-05,0.004401356152804696,1.2237635092076976e-08,0.00013047967996631423,0.7512406839068948,2.196818514159437e-05,4.5368999768209247e-07,0.0016092335797433185
51,4.837259569351159e-05,0.07658545282621881,2.9377134112347282e-05,7.487120004079066e-05,0.00019583822812491234,0.001158522622363019,1.7372995107372384e-06,0.001734718753470724,0.02188013548358119,0.00014808551296998583,0.0018557495771954165,0.0007560389544366852,1.6268475021787704e-09,1.247365483865216e-06,0.19250934546575008,1.5058371148472923e-05,0.00016865390222878075,1.7276120835863842e-05,0.0035426430267356795,7.355613302224385e-09,0.0001864912004489238,0.6979707308768539,2.5047590796413818e-05,2.191031276439523e-07,0.001094377806411294
52,3.902002095899487e-05,0.08375563276672983,2.365078045615475e-05,7.519640477606178e-05,0.00015091820497652324,0.0010380868022692358,1.262012938305676e-06,0.001774684565292235,0.020177714678256062,0.0001241372036893451,0.0017963410026745877,0.0006569444449425283,1.3439182419182573e-09,9.709574063218803e-07,0.20329793830439757,1.2641739866453703e-05,0.00012366020112268404,1.5833904156078304e-05,0.0030434556203200232,6.329295948305645e-09,0.00015156353675611935,0.682818326760376,2.0165560578725242e-05,1.5925748532893775e-07,0.0009016875963607169
53,4.137945033917641e-05,0.047947853577813226,3.550706320364865e-05,0.00012138970981596775,0.0002501630137428639,0.0014045215892025279,4.237872964626879e-06,0.0016891983859972544,0.026278437328731422,0.0001862662667703719,0.0039025762591536565,0.0015817026371817854,1.827560441133834e-09,2.614515670908608e-06,0.29722432238218277,2.117654428639385e-05,0.00019138308253807855,2.9275677644797643e-05,0.0014373479324626777,1.8417158420475307e-08,0.00044372267975974184,0.615508609108946,7.626619371708545e-05,2.669230272825701e-07,0.0016217615601287498
54,2.0066632969957695e-05,0.16126092653054996,8.230354159374986e-06,3.4364560242884194e-05,6.168753552328808e-05,0.0004984390945127125,5.336130604822247e-07,0.0007617869699175666,0.01147830306381441,3.231582959026633e-05,0.0007461832647608927,0.00029714441015189986,2.913877919141233e-10,5.958273869098177e-07,0.17682068393352451,3.955003570834201e-06,4.982100386522493e-05,5.1817717257873475e-06,0.0019435428023927715,1.325177528349438e-09,5.4257957116161404e-05,0.6448034057924938,9.097685365922462e-06,7.539598994177873e-08,0.0011093993507491399
55,3.93382899094985e-05,0.0475302595449465,2.0987793947738944e-05,6.898814791302979e-05,0.0001583345899142149,0.0012047180152402696,2.698371856526818e-06,0.0031998582428625485,0.023213074935067128,0.0001021701804380009,0.0013163931583503128,0.0019234277654620133,2.414271428898402e-09,1.2809807447084657e-06,0.16439505745955446,2.3071559244545926e-05,0.00012062501709550802,2.1598737172030076e-05,0.002215930188836016,7.663776592730002e-09,0.0001419350155318456,0.7535127067255396,1.6025037022914855e-05,2.072550237554304e-07,0.0007713029102788773
56,4.051537787100209e-05,0.08197064119773095,2.4630923387645145e-05,7.650712847456706e-05,0.00015052893763431265,0.0010380522056202656,1.3502869570667966e-06,0.0018228831346922257,0.01966822065887152,0.00012258829438033052,0.001685337170705455,0.0006763477934844511,1.5074394089396605e-09,9.604316682864852e-07,0.18288609767879146,1.3508613118100076e-05,0.00013427628024592438,1.5687398882043397e-05,0.003139666599052445,6.374164367520751e-09,0.00015113596166884752,0.7054705997556053,1.945517826846139e-05,1.7094701320605423e-07,0.0008908301642721986
57,3.741602558899845e-05,0.08242769921030471,2.6772256839570056e-05,6.933725106299075e-05,0.00015858230540842253,0.0010032220717911128,1.315840852503845e-06,0.0016682128190969624,0.019675942100451344,0.00011773391402651166,0.0016391762831429659,0.0006910377514817267,1.3322874952607117e-09,9.326561931987979e-07,0.18260268780901834,1.2765234280494431e-05,0.0001325063464713908,1.3766147883301191e-05,0.0030061413584080306,6.1039133537594855e-09,0.00016136409163947844,0.705618283434025,1.9319774982299426e-05,1.6305463193406157e-07,0.0009156148262178843
58,3.896121171474311e-05,0.07868856032420193,2.3675510104057253e-05,6.539597628812243e-05,0.00014625384970128424,0.0011604482723549378,1.431912337645353e-06,0.001653219712465289,0.017437288016814,0.00013161497025409495,0.0013058043016485519,0.0006767637507973384,1.5673992873289907e-09,9.652831433938416e-07,0.1662529596960147,1.3522017839157716e-05,0.00014962757748860877,1.6264531698394906e-05,0.0034877133600644677,6.010302207122652e-09,0.00015912614411238651,0.7276764879980778,2.018114829727852e-05,2.285159945424167e-07,0.0008934983408855399
59,3.826018606397327e-05,0.07813372470214018,2.841964550972099e-05,6.764829138987305e-05,0.00015592291449636445,0.0011037752177317712,1.4479116439255304e-06,0.0016725547249409928,0.017523897212964393,0.00013025124976772683,0.001410620899522324,0.0007246207325548277,1.5979456475636194e-09,9.765169284928386e-07,0.16660871021291615,1.4111909973842588e-05,0.00015094548951496083,1.511750531437784e-05,0.003330948805830706,6.518708010573597e-09,0.0001767137567796557,0.7278093983188976,2.015589318334341e-05,2.1627282683772146e-07,0.0008815535124542523
60,3.852482615868292e-05,0.08591262747881537,2.384092768692841e-05,7.240134774502989e-05,0.00015105878189363724,0.0009903630537034327,1.2697966358842862e-06,0.0016249427155180277,0.019518940674842448,0.00011323876577987566,0.0017107752631021532,0.0006444205285151782,1.2548101694464018e-09,9.740241766128969e-07,0.19242351331218704,1.2260481176226274e-05,0.00012865993244975284,1.4834099355512936e-05,0.002982449922880113,5.907562259088859e-09,0.00015436328493541914,0.692513831473657,2.0284151716754517e-05,1.5872200704805208e-07,0.0009462592726894056
61,4.00355911339763e-05,0.08077600489947118,2.843819029554065e-05,6.599361379596677e-05,0.0001622767363962597,0.0010669981492933546,1.4318812399619036e-06,0.0016280071503251036,0.0186555897434234,0.00012851371646153712,0.0015085821361667283,0.0007104320469837845,1.4848288433531418e-09,1.0192127291166187e-06,0.17687637810099555,1.3406312439999472e-05,0.00014885960115927654,1.448287434350541e-05,0.0033270043793843353,6.26211867567368e-09,0.00017548027454615788,0.7136979433656916,2.085597453008846e-05,2.0501935302560925e-07,0.000952053282893013
62,3.852482615868292e-05,0.08591262747881537,2.384092768692841e-05,7.240134774502989e-05,0.00015105878189363724,0.0009903630537034327,1.2697966358842862e-06,0.0016249427155180277,0.019518940674842448,0.00011323876577987566,0.0017107752631021532,0.0006444205285151782,1.2548101694464018e-09,9.740241766128969e-07,0.19242351331218704,1.2260481176226274e-05,0.00012865993244975284,1.4834099355512936e-05,0.002982449922880113,5.907562259088859e-09,0.00015436328493541914,0.692513831473657,2.0284151716754517e-05,1.5872200704805208e-07,0.0009462592726894056
63,3.1901106027063694e-05,0.10370874173388042,1.901658641065957e-05,6.482024723407424e-05,0.00012565854276433983,0.0009119777253944179,9.468633739109294e-07,0.0014054245755904342,0.01827636667210159,8.637967192848312e-05,0.0014717009923238512,0.0004953715372137776,9.720423181705702e-10,7.613806313505446e-07,0.18830193765555003,9.925126827421638e-06,0.00010490244835901626,1.3355971217525157e-05,0.0028702693953630044,4.602211579115293e-09,0.00012832526950632108,0.6810759119827272,1.750625526681211e-05,1.2642731995049833e-07,0.0008786662587345046
64,3.226528970080194e-05,0.08214337996035112,3.0276198345725115e-05,6.637521124271527e-05,0.00014515120432556354,0.0010609007398402759,1.2146126045249925e-06,0.0014443308121350274,0.017718293451064192,0.00010517413738832987,0.0015199807872756795,0.0007405615532794674,1.2004652165006289e-09,9.055442645268544e-07,0.1927076892880813,1.3316773430428188e-05,0.00014232715747975917,1.3692179278304901e-05,0.0026533628085306997,6.2905990277383515e-09,0.000251578468589779,0.6983161071781774,2.4401355267137176e-05,1.713920444256758e-07,0.0008685364062384285
65,2.2270359525160645e-05,0.11583863420103101,1.9243422287117728e-05,5.234517215419775e-05,0.00012897380224211193,0.0011978251661885519,1.052482417979407e-06,0.0009032409574065382,0.014743825140142235,6.286393712878149e-05,0.0009944802145890517,0.0005240516591923612,7.624810332899716e-10,8.558664595257803e-07,0.18973668271846109,1.0031411291565578e-05,0.00012331049941292102,1.596678786345219e-05,0.002537694334860568,4.899262334167558e-09,0.00024352727406436203,0.6717388491219246,2.8610824845276922e-05,1.791279944990838e-07,0.001075479856773744
66,4.881593912635074e-05,0.0806328038503877,3.154605941041555e-05,8.218064491824027e-05,0.00020256852747437261,0.001105470455165675,1.6286789668797713e-06,0.0018351673330969877,0.02238623332731368,0.00014464475145497754,0.0019120460510893085,0.0007178674859203698,1.727205676297846e-09,1.1125461305119001e-06,0.17894411716133235,1.5129051100541911e-05,0.0001579691235769331,1.581952665007553e-05,0.003557109329167442,7.504950643546772e-09,0.00017162898793486738,0.7070120596969842,2.1751507554563457e-05,1.920119648006045e-07,0.0010021287211224516
67,8.394825346416118e-06,0.12004301419569201,8.688999889701414e-06,3.53956060056374e-05,4.815918746827226e-05,0.0017700799715585761,7.134028780871763e-07,0.0004018786436088499,0.008089462198757107,3.519023873317967e-05,0.0005001284788206448,0.0004117558807276735,3.5681513167316095e-10,5.488550400356413e-07,0.17621513453186705,6.738201323293442e-06,0.00011552344066887673,1.826864602004102e-05,0.001618659098713378,3.511550530520821e-09,0.00032145483360314776,0.6891586559974235,4.6705556237215895e-05,1.9581685173776088e-07,0.001145249524399748
68,5.498536261027348e-06,0.0455680486056091,1.2961662531411877e-05,3.358382119202663e-05,6.474438951854463e-05,0.0024547866291102518,1.0201497248719151e-06,0.0017899315075106173,0.009330973082482114,7.238352025159318e-05,0.0006713011684833478,0.0015084010255875027,8.112996880623953e-10,4.0284949013929286e-07,0.2689302722525782,1.0277948846579332e-05,7.18366529429906e-05,2.212973579676773e-05,0.0008653124303130679,7.940425866683308e-09,0.00047450537627413724,0.6676869803349811,2.0640036363083272e-05,1.4573029746954137e-07,0.000403853802128526
69,2.1400296369227494e-05,0.07598275282310807,1.6848487567313135e-05,7.654946722091437e-05,0.0001234150201156609,0.0008184734541682407,7.419485404480201e-07,0.0013393599927420854,0.02541283635037152,0.00010612406219077547,0.0036646780069715186,0.0005633491160221388,6.469840471387312e-10,6.959265814545771e-07,0.33416584159524926,5.997592096806849e-06,8.808023496631052e-05,1.685746467996805e-05,0.0011516621139848198,8.329773073414663e-09,0.00020162762162406105,0.5551566331128103,3.32866188037522e-05,5.8343290376938305e-08,0.001052721373768055
70,2.820229295975138e-05,0.08061846988836802,3.0894079350643954e-05,0.0001178617961924955,0.00015308728770438323,0.0014136504980435294,1.3617856965202915e-06,0.0020623130232707925,0.03024730216252538,0.00013154888423126237,0.0022371525044550347,0.0008009779761107227,1.2327963287297452e-09,7.012402699291815e-07,0.2173974255558712,1.6846075343520076e-05,8.132621575847279e-05,1.2774046128645352e-05,0.002009146270400605,8.14695436012004e-09,0.00018841629166166477,0.6616558847256211,2.3794609601029465e-05,1.0483720686021612e-07,0.0007707485734777224
71,0.00010896897336653851,0.0316937218122911,3.840118924957585e-05,0.00011350166689925711,0.00044579288844237265,0.0018016624391521022,9.99135987104055e-06,0.0030437942609621905,0.039999921253125306,0.0004633366442601701,0.0020570701790998307,0.0012659095484345274,4.508469469910108e-09,2.090367924285387e-06,0.11095642975681053,2.575925774783712e-05,0.0003518701997470524,1.884584902890637e-05,0.0036744354981716933,1.4264748615434337e-08,0.00015903100687429154,0.8020044884185334,2.9292094963214538e-05,5.481379262929896e-07,0.001735118423900542
