,0,1,2,3,4,5,6,7,8,9,10,11,12,13,14,15,16,17,18,19,20,21,22,23,24
0,0.00633257543587877,0.10958318809093798,3.061401805740582e-07,4.052424302469634e-05,9.488733325011922e-05,3.597747270216266e-06,0.00024270484788254553,0.00022053406792574943,7.670667815777324e-05,4.120469104598262e-07,0.145165848435508,0.0026441464257085886,0.0008605190944188658,1.1068265768575824e-05,0.0007426284354888971,5.72956120485137e-06,0.0010212010986125032,5.373733833630853e-07,0.011624935639556052,1.2293398599581873e-09,5.163409029377725e-05,0.721166581282523,1.1114009849911957e-08,9.056881132588854e-07,0.00010881563465153423
1,0.004074886650035883,0.06948851287965366,2.614486314542943e-07,2.7608808768795662e-05,5.8783784601778854e-05,5.057463468358139e-06,0.0002173235188335001,0.00023885147163718947,0.00017422405095911473,8.278937630974914e-07,0.09393761765076912,0.0012847534495010525,0.0007732144935664409,1.4447643023415289e-05,0.0008135444623745431,5.042410688614026e-06,0.0003229331802532784,6.286319233759609e-07,0.01614579249122681,1.495705330190482e-09,4.6351311798781784e-05,0.8122584143350261,9.424672206814264e-09,7.391743489252034e-07,0.00011017187476911728
2,0.0031913375674929943,0.07394474179787455,2.0691106097496245e-07,2.1687762655344616e-05,6.215530546063932e-05,3.5173229428255905e-06,0.00014511634156366717,0.00021503080951284733,0.00013321434207225248,6.11797035097092e-07,0.1074210755513635,0.0014787694049622044,0.000523490765018341,1.8608183202847924e-05,0.000935521618078712,3.5042777803620485e-06,0.0003342757690826466,3.853543326828928e-07,0.00869639741314198,1.3803255695043059e-09,3.220309768043577e-05,0.8027065197880886,7.243172205901798e-09,5.371806183950568e-07,0.0001310830154804562
3,0.004160766725790806,0.0725124267145979,1.9910025410532817e-07,2.3184174906814703e-05,5.2516353664432636e-05,3.841938285087634e-06,0.0001617871323705233,0.00020237920501132566,0.0001045955757435639,4.98335797390359e-07,0.10974725978505646,0.0014363124991151354,0.0006166240295761558,1.2212037794499205e-05,0.0007063943296743432,3.3779511364160053e-06,0.00038912977499184624,4.31785460461558e-07,0.009927792432594139,1.045573358737509e-09,3.4496133802294626e-05,0.7998102447497145,7.336390101465881e-09,5.154122298355085e-07,9.300544046835899e-05
4,0.003936119814922942,0.07619223930267686,2.09358001048784e-07,2.2935596640522964e-05,5.223803050570465e-05,3.352499688844719e-06,0.0001647420462385014,0.00019779388554726538,0.00010633245390934548,5.115969310004265e-07,0.10606042911586759,0.0014147056875347356,0.0007069519430241921,1.3838685084291222e-05,0.0006259654755092375,3.220311343999913e-06,0.000373289642235737,4.580669736677669e-07,0.009791782321344799,1.1922236169856145e-09,3.778846480377582e-05,0.8002064057905091,7.06846596861883e-09,5.520398373614904e-07,8.812961018013684e-05
5,0.005234160717519743,0.080982898828518,2.758983539786252e-07,3.652526999792855e-05,7.325081415717346e-05,4.640980119605685e-06,0.0001983628785699804,0.0002468401397060624,0.00012926033903665928,6.947988272213347e-07,0.12438196180038451,0.001483872821294764,0.0008306492291109993,1.610078354254556e-05,0.0006749857211357803,3.964439525241624e-06,0.00046095768615056905,8.248392707471565e-07,0.012799982050094685,1.5439834619378116e-09,5.031525106119935e-05,0.7722999755868739,1.1724416781090466e-08,7.394936683566044e-07,8.874636467994617e-05
6,0.004160766725790806,0.0725124267145979,1.9910025410532817e-07,2.3184174906814703e-05,5.2516353664432636e-05,3.841938285087634e-06,0.0001617871323705233,0.00020237920501132566,0.0001045955757435639,4.98335797390359e-07,0.10974725978505646,0.0014363124991151354,0.0006166240295761558,1.2212037794499205e-05,0.0007063943296743432,3.3779511364160053e-06,0.00038912977499184624,4.31785460461558e-07,0.009927792432594139,1.045573358737509e-09,3.4496133802294626e-05,0.7998102447497145,7.336390101465881e-09,5.154122298355085e-07,9.300544046835899e-05
7,0.005669171184769931,0.05379461853614994,1.824356017473378e-07,1.7322213656230398e-05,3.0901115636586116e-05,2.478047113491602e-06,0.00014680986359620293,0.00016719310136050107,5.771253260456442e-05,3.1921121000198307e-07,0.10634002762132697,0.0008311709046054481,0.0010501010960231932,5.977282119674254e-06,0.00042692802966830327,2.366780581178814e-06,0.00029110835087390143,4.456278849641583e-07,0.009439386070198601,9.836531157208825e-10,2.7978711190313667e-05,0.8216571939564551,3.8845788120007804e-09,3.444396472495636e-07,4.025801949402642e-05
8,0.007473986706769071,0.11224315271649991,5.159720671555054e-07,3.802390920999307e-05,9.516526170047227e-05,3.6782107534753377e-06,0.00011977855016747122,0.00018224100108365834,0.00016036292955979992,8.73712900741855e-07,0.10219300705808441,0.0022760679857415076,0.0007393141874637541,2.2504163123072748e-05,0.0009192675392985085,5.580488361706134e-06,0.0006698045605959486,4.290465645360568e-07,0.006858751358994664,1.6022689511422959e-09,3.497830215616854e-05,0.7657230025088381,1.4527687846502852e-08,1.6386297159377487e-06,0.00023785907039326827
9,0.004049206317150954,0.13333357847206326,4.974603745450636e-07,3.592678750230203e-05,7.88506737285364e-05,3.240332661607399e-06,0.00012114005469772523,0.00021878773877716362,0.00020127982548910457,1.4990390203702727e-06,0.07817876242098176,0.001803201016681702,0.0007593978529002119,3.43788304282909e-05,0.0008734696812245594,6.967734450149094e-06,0.0005071480124796061,5.203704761671289e-07,0.010242236453827986,2.2404624983294317e-09,4.558721516851976e-05,0.7692475931045437,1.305486214201227e-08,1.635944650204371e-06,0.0002550793653968226
10,0.004160766725790806,0.0725124267145979,1.9910025410532817e-07,2.3184174906814703e-05,5.2516353664432636e-05,3.841938285087634e-06,0.0001617871323705233,0.00020237920501132566,0.0001045955757435639,4.98335797390359e-07,0.10974725978505646,0.0014363124991151354,0.0006166240295761558,1.2212037794499205e-05,0.0007063943296743432,3.3779511364160053e-06,0.00038912977499184624,4.31785460461558e-07,0.009927792432594139,1.045573358737509e-09,3.4496133802294626e-05,0.7998102447497145,7.336390101465881e-09,5.154122298355085e-07,9.300544046835899e-05
11,0.004244030853903905,0.07209559788162069,2.0157317925718066e-07,2.3480064187227807e-05,5.153026834433373e-05,3.5863699109828356e-06,0.00016571896050516927,0.00019527880719644533,0.00010116578681245236,4.746350447693598e-07,0.10744869674704434,0.001452755531485908,0.0006955142640060642,1.1674605146807636e-05,0.000669506238408764,3.406607691660892e-06,0.00038332420209045097,4.3462683149263935e-07,0.009831794391553118,1.1226258702516754e-09,3.4418026027692705e-05,0.8024997113435023,7.042737917216771e-09,5.536165838221849e-07,8.71364335586596e-05
12,0.006292865697944176,0.07761028549920433,9.0806313074984e-07,1.8727125530609337e-05,0.0006790574488356521,6.293289385181784e-06,0.00017219301830955869,0.00015735794586417667,0.00026607365516669425,7.23087635658618e-07,0.2991043007283308,0.002968628105834779,0.00045171710267642875,7.03827462052076e-05,0.0005788646063288531,2.484104105509453e-06,0.001157649441381531,6.338156914704268e-07,0.002535403149691549,3.74415269865007e-09,0.0001082896100943516,0.607397042913943,3.205418210235014e-08,2.384652825442797e-06,0.00041769839354954276
13,0.003157185003838983,0.06134556184519078,1.4825643386489138e-07,1.3598752341188933e-05,4.253381841304527e-05,2.1991720072500554e-06,0.00011980825935814878,0.00018926016065932624,7.286278040767777e-05,2.9492424736855155e-07,0.12922815265433785,0.0016477121311363836,0.000481752279393596,1.2723918732661432e-05,0.0006527699559499931,2.482261354318964e-06,0.00032843177708402035,2.7236035759545597e-07,0.006232140691025028,8.93744528527494e-10,2.578030930459264e-05,0.796348079078603,4.034334609418279e-09,3.4518857499834993e-07,9.589949316905769e-05
14,0.00379495175603913,0.15542033516287093,2.1915180993839895e-07,3.7998061559057674e-05,0.00010443346470378726,2.4046535669411675e-06,0.00014690290555095564,0.00016586019646583466,6.415992515096007e-05,5.991123855896216e-07,0.16628352282232245,0.0009389210627170583,0.000983264215156068,1.5497778816260975e-05,0.00037820365802668926,2.104931195507796e-06,0.0006684914365264839,8.255460296851881e-07,0.01629214272316594,1.2415780203883833e-09,9.073210826103592e-05,0.6545608857869939,8.84866436820192e-09,6.277147068598687e-07,4.690573573639702e-05
15,0.004160766725790806,0.0725124267145979,1.9910025410532817e-07,2.3184174906814703e-05,5.2516353664432636e-05,3.841938285087634e-06,0.0001617871323705233,0.00020237920501132566,0.0001045955757435639,4.98335797390359e-07,0.10974725978505646,0.0014363124991151354,0.0006166240295761558,1.2212037794499205e-05,0.0007063943296743432,3.3779511364160053e-06,0.00038912977499184624,4.31785460461558e-07,0.009927792432594139,1.045573358737509e-09,3.4496133802294626e-05,0.7998102447497145,7.336390101465881e-09,5.154122298355085e-07,9.300544046835899e-05
16,0.003131948616979165,0.06313568707503196,1.2918239711106104e-07,1.590704555328905e-05,3.3121380014059334e-05,2.4741570993010976e-06,0.00011666158808784857,0.00018842703867948083,6.876620240414334e-05,3.523703666368198e-07,0.09887973499779014,0.0014497119617173362,0.00045419814556903226,1.1267048525578015e-05,0.0006867602091133007,2.899604148205322e-06,0.0003452592145340063,3.145490095349785e-07,0.007814763824250214,7.823363932218014e-10,2.343838693289276e-05,0.8235546232279659,4.400915443155906e-09,2.9511343271897264e-07,8.325387714646304e-05
17,0.0055046491068083195,0.07739122158913161,3.0329683393383675e-07,1.9630952695349266e-05,8.930084952845117e-05,3.0566446700036894e-06,0.00023114727131170998,0.0001809651340647728,0.00011370026726910607,3.453065974349883e-07,0.15818760615156408,0.0021403828061190475,0.0008677253276975073,1.885285850243208e-05,0.000371740651996327,2.5357130331986926e-06,0.0005564344878363982,5.851602715798026e-07,0.006511050001460563,1.3888586788247523e-09,6.201966881437488e-05,0.7476510543703111,9.326153505195686e-09,8.202785444227779e-07,9.486138992601804e-05
18,0.003231749025214378,0.08580760670838768,2.7012597775638376e-07,1.2910000390075772e-05,4.832190732038766e-05,2.9816283478650104e-06,0.00017841538022467856,0.0001908945347308015,0.00010478315470324674,5.077396376061944e-07,0.10336812900586165,0.002571516360259727,0.0004674218090255288,2.1641738893445952e-05,0.0008093363916075026,5.840939730099214e-06,0.000617106031180885,3.26679044268748e-07,0.008582496730850587,1.1891335730016844e-09,4.870826421750543e-05,0.793669272221567,8.480917744395187e-09,7.288929671854864e-07,0.00025902505980877796
19,0.002816327752500306,0.08204102344476515,1.485746226584208e-07,3.6616044973484e-05,6.276065432785766e-05,4.899896106876974e-06,0.00015186974237417234,0.00017501902573285693,0.0001422874775312873,6.622320401293045e-07,0.06985369139506126,0.0013380063107334822,0.0005448100558818061,1.1311859899918763e-05,0.0008550570514209786,3.3125127964899055e-06,0.00030127101198684054,3.220417274400193e-07,0.009749400342352976,1.0583098608976614e-09,2.0278890917829393e-05,0.8318057827921918,6.956024771336141e-09,5.09290980934527e-07,8.462358473875781e-05
20,0.0020326662906214005,0.05532746256728271,8.961331240736202e-08,1.418021448280052e-05,2.622877466049937e-05,2.2919756991817554e-06,9.403483591402447e-05,0.00015420583639509484,7.083803159393105e-05,3.717452530533808e-07,0.07040775935579353,0.0007748898169063976,0.0004683643405906461,8.837082346770694e-06,0.0005883806749412679,1.967843333303772e-06,0.0001985613147091847,2.2451615463734756e-07,0.007672949321366756,7.877742106282372e-10,1.808591092176693e-05,0.8620834903019837,3.040669831662551e-09,2.3367517339131916e-07,5.388213211945447e-05
21,0.009173283982485765,0.09783019583659605,5.978517500474303e-07,2.947016460336338e-05,7.355161214706886e-05,2.5862035443184108e-06,0.00022858497303577112,0.0002868851763995593,0.00011674798838163236,5.839427366305092e-07,0.15366116590944226,0.003240958918302081,0.0012535901289400877,2.6813661414129425e-05,0.0004850484978915982,6.11803679595159e-06,0.0007358698524760588,1.0975335843691723e-06,0.009002842619844652,1.995877838613525e-09,7.629892281567005e-05,0.7236223382710374,1.2177353551357962e-08,1.2949879794321234e-06,0.00014406075456471662
22,0.005774285786983351,0.06808660092362616,2.746604504861689e-07,2.214541256987144e-05,4.471127142168752e-05,3.7638638656379985e-06,0.0001271044617320003,0.0002779177688565738,5.672654770414813e-05,6.093946777918745e-07,0.12924405056573499,0.0010148187632406055,0.0006655499455649628,1.1984943144194603e-05,0.00043314301440330703,3.2212400608454064e-06,0.0006713301948618452,7.78937269917099e-07,0.010525618588598774,1.1064720275390169e-09,5.65186713522582e-05,0.7829195931641103,9.099178438770263e-09,3.685997894333678e-07,5.887307433025281e-05
23,0.004160766725790806,0.0725124267145979,1.9910025410532817e-07,2.3184174906814703e-05,5.2516353664432636e-05,3.841938285087634e-06,0.0001617871323705233,0.00020237920501132566,0.0001045955757435639,4.98335797390359e-07,0.10974725978505646,0.0014363124991151354,0.0006166240295761558,1.2212037794499205e-05,0.0007063943296743432,3.3779511364160053e-06,0.00038912977499184624,4.31785460461558e-07,0.009927792432594139,1.045573358737509e-09,3.4496133802294626e-05,0.7998102447497145,7.336390101465881e-09,5.154122298355085e-07,9.300544046835899e-05
24,0.0029749239478372986,0.10845526842725067,1.594285601963537e-07,3.80678233944712e-05,4.9599725093402866e-05,3.2887410934171737e-06,0.00014519348834014464,0.00021291306134150348,9.36404786089503e-05,6.776202758735196e-07,0.08582817366676254,0.0012220584777564625,0.0006317799076157155,1.3638959986822791e-05,0.0007057853461543528,3.5233669941985512e-06,0.00042032234055497386,5.048812306329741e-07,0.014334535353537578,1.0282168289558327e-09,3.458239398416977e-05,0.7847584115967406,7.610053994152514e-09,4.7123590978267725e-07,7.247109270530467e-05
25,0.005121899730917088,0.04862907689027643,2.55728410752763e-07,2.0213217502678846e-05,7.558162783326253e-05,3.298462123340941e-06,0.00023780540471641826,0.00041293558229473247,8.030794960970187e-05,3.148227855445159e-07,0.23590669548958787,0.002091133483393197,0.0007560933768905178,1.6716146395381468e-05,0.0003701108701694535,2.7079421745955517e-06,0.000441351817143419,1.00513409606693e-06,0.007086575808924411,1.6961185848538648e-09,5.862333732447456e-05,0.6986250539315958,7.480427910653888e-09,4.1823625526773725e-07,6.181583303298651e-05
26,0.01233318693474248,0.09638246349481937,7.515003083027904e-07,5.8734114359142595e-05,0.00017910148879994267,7.051263636812559e-06,0.0002882200912815858,0.00023991879222414036,0.00032101074914255603,1.0709064183309146e-06,0.15058924994375497,0.0020061899267348757,0.0013378541757707709,2.7159565305823706e-05,0.0006140302812019971,5.380915259794445e-06,0.0006513948396623957,1.6367787567427363e-06,0.012310442334598708,2.7204935956098186e-09,8.841423980146647e-05,0.7223983953974727,3.329747211789761e-08,2.786202604713902e-06,0.00015552004537664724
27,0.002543082076466082,0.05063201575529968,9.841203562718989e-08,1.8291833269288586e-05,3.427018330005388e-05,3.83085894016279e-06,0.00011176159610027709,0.00015509351091410502,0.00012273577308554972,4.270987368141238e-07,0.06934403506606106,0.0009953771482402957,0.0004347555760957655,7.901281747914693e-06,0.0008122488593250032,2.5255130076166985e-06,0.00017148267064159316,2.3370200964505452e-07,0.008327195482021535,7.917389034158091e-10,1.4383602678237029e-05,0.8661942704766067,4.1128535977058235e-09,3.495768004121745e-07,7.362904202399718e-05
28,0.004160766725790806,0.0725124267145979,1.9910025410532817e-07,2.3184174906814703e-05,5.2516353664432636e-05,3.841938285087634e-06,0.0001617871323705233,0.00020237920501132566,0.0001045955757435639,4.98335797390359e-07,0.10974725978505646,0.0014363124991151354,0.0006166240295761558,1.2212037794499205e-05,0.0007063943296743432,3.3779511364160053e-06,0.00038912977499184624,4.31785460461558e-07,0.009927792432594139,1.045573358737509e-09,3.4496133802294626e-05,0.7998102447497145,7.336390101465881e-09,5.154122298355085e-07,9.300544046835899e-05
29,0.004160766725790806,0.0725124267145979,1.9910025410532817e-07,2.3184174906814703e-05,5.2516353664432636e-05,3.841938285087634e-06,0.0001617871323705233,0.00020237920501132566,0.0001045955757435639,4.98335797390359e-07,0.10974725978505646,0.0014363124991151354,0.0006166240295761558,1.2212037794499205e-05,0.0007063943296743432,3.3779511364160053e-06,0.00038912977499184624,4.31785460461558e-07,0.009927792432594139,1.045573358737509e-09,3.4496133802294626e-05,0.7998102447497145,7.336390101465881e-09,5.154122298355085e-07,9.300544046835899e-05
30,0.004160766725790806,0.0725124267145979,1.9910025410532817e-07,2.3184174906814703e-05,5.2516353664432636e-05,3.841938285087634e-06,0.0001617871323705233,0.00020237920501132566,0.0001045955757435639,4.98335797390359e-07,0.10974725978505646,0.0014363124991151354,0.0006166240295761558,1.2212037794499205e-05,0.0007063943296743432,3.3779511364160053e-06,0.00038912977499184624,4.31785460461558e-07,0.009927792432594139,1.045573358737509e-09,3.4496133802294626e-05,0.7998102447497145,7.336390101465881e-09,5.154122298355085e-07,9.300544046835899e-05
31,0.006145677686169714,0.08369403013286729,3.233999818100805e-07,2.1926812429008843e-05,3.608463604024587e-05,3.147506415758588e-06,0.000147680892353414,0.00035793557200764777,7.516343302782585e-05,6.258733056345197e-07,0.1082402152243777,0.001484051662098084,0.0007052531155558988,1.3557409960860487e-05,0.0004765344191548022,4.723832490996941e-06,0.0005225804449500596,6.684379560153082e-07,0.009560952938287097,1.091081493055717e-09,4.5431352325931714e-05,0.7883787458061388,7.391699595533893e-09,4.4884074495841697e-07,8.423208857934938e-05
32,0.003789489778601862,0.07097567485544051,1.821131231299537e-07,2.3885963501472792e-05,4.880230049126893e-05,3.855784910793898e-06,0.00015978697447907483,0.00019958416930374202,9.956295919281471e-05,5.163062961066818e-07,0.10337365400221746,0.0012821788305641304,0.00061941587333438,1.1128206285823251e-05,0.0007511032154304583,3.526390120652817e-06,0.0003790636835382923,4.294265162300796e-07,0.011747953022724912,1.0415258411638838e-09,3.5091840775177825e-05,0.8064078563819672,7.190724599742989e-09,4.96949606850704e-07,8.675273932716915e-05
33,0.004187018537687049,0.0714499568150553,1.7936159696124068e-07,2.2484058471540076e-05,4.6369343473679324e-05,3.216296630278302e-06,0.00015808840364699785,0.00020245017264921078,8.132406367397749e-05,4.0452669486124156e-07,0.11085327697787332,0.0015183511363545375,0.0006553255865739317,1.0474613782187397e-05,0.000584357538003076,3.340824882212196e-06,0.0004189031246027545,4.319085527105587e-07,0.009552888482576826,9.614223450129549e-10,3.326412666663416e-05,0.800139796956306,6.31200573365e-09,4.747441358739628e-07,7.761512668193717e-05
34,0.0041488738151631635,0.07262489070809894,1.9897022407105633e-07,2.3178341727601143e-05,5.25130756597609e-05,3.840850927080818e-06,0.0001616437402252201,0.00020237623949635711,0.0001046065464589007,4.990425584870842e-07,0.10958035528476777,0.0014370922422178097,0.0006155134054950565,1.2235593989363498e-05,0.000706222605768007,3.3797924644610167e-06,0.0003894208449607018,4.311128077807066e-07,0.009919672625723542,1.0456049749876751e-09,3.4480294635345095e-05,0.7998848742031193,7.337865110796611e-09,5.152715876822203e-07,9.317700845347859e-05
35,0.004244490067431286,0.07045651318169201,1.9461049407192065e-07,2.280503233372751e-05,4.93132241324419e-05,3.831523130324926e-06,0.0001594927501980369,0.0002053763903469538,0.00010219133956404729,4.897510197067847e-07,0.10721478917981823,0.0014277388494086179,0.0006168691454908557,1.1583614179036023e-05,0.0006780890142282013,3.4113444490293785e-06,0.00037942182148447567,4.39399797701375e-07,0.009928797060502788,1.0101611260501973e-09,3.3338790414291295e-05,0.8043716247517064,7.0733857581028524e-09,4.997044842615461e-07,8.869137014651571e-05
36,0.0024892969353342955,0.05512883275272981,9.725357817147635e-08,1.5232503157971887e-05,1.5156152769979549e-05,2.3082139822910146e-06,8.484512058400919e-05,0.00022508682075956713,6.806499109629338e-05,4.576771038710137e-07,0.04734709802759552,0.000996913683874751,0.0003862881354868749,8.789661970865955e-06,0.00045696011828052303,2.920659749200962e-06,0.00022185772384116542,2.901146108528135e-07,0.007288300797073625,5.667091707970984e-10,1.3644894894047927e-05,0.8851961906266496,2.953161134973504e-09,1.778711422436533e-07,5.1185743864188276e-05
37,0.010524180832209143,0.09312606793964957,6.359892455516407e-07,3.233699120198313e-05,0.00011645472576710364,3.663445403277637e-06,0.00031071349324585015,0.00019745925378132997,0.00016973321378765374,5.694895177621628e-07,0.16120191314227894,0.0025955816068656636,0.0015499031140364973,2.2901605972276433e-05,0.0004696402221886119,4.718497672816516e-06,0.0006797620859859297,1.1075744513904544e-06,0.00960493204340576,2.2350589346596514e-09,8.74640395965168e-05,0.719166475146854,1.5832185246381587e-08,1.8664681084987838e-06,0.00013190101152966893
38,0.005798174139983705,0.046518030536252274,2.0831303511731818e-07,3.2328751008411485e-05,3.407064066265647e-05,8.53334183607857e-06,0.000369813311897883,0.00024993023831897245,0.000100439038975708,6.1684131661341e-07,0.0830435093363239,0.0010603633141105379,0.0009763544111826505,5.295443881314042e-06,0.00098720677444399,8.526376013159188e-06,0.00046476568563139987,9.101520955389881e-07,0.030650817188197833,1.3351556987904961e-09,5.0437260133975055e-05,0.8295708596730769,1.2718081386076856e-08,5.803444107682799e-07,6.821483397347641e-05
39,0.004257424646541681,0.03927837939471252,1.7736445426079536e-07,1.4895524430542838e-05,2.8574553210463117e-05,5.139924165363859e-06,0.0002335304255743937,0.00034229417688138946,5.838119146228876e-05,3.317186866992515e-07,0.10256818477962171,0.0017252364629394925,0.000559230369516202,5.864281228125532e-06,0.0004987423312559272,6.231595308850212e-06,0.0004931500111988307,4.739013216043911e-07,0.011055068190403809,9.319797385623361e-10,3.891928768432596e-05,0.8387536339406992,6.561753524020346e-09,3.6289343036507553e-07,7.576554153844986e-05
40,0.004201797879737302,0.07702668477412425,2.1154800103548588e-07,2.8455741173979166e-05,5.7363532616831864e-05,4.1883746127220314e-06,0.00018049557389640433,0.0002272230259748566,0.00011875937169015949,6.09885200262592e-07,0.11234538866759804,0.0013891330263868529,0.000680577841490586,1.3392959948992089e-05,0.0007294259675390812,3.936984743764669e-06,0.00040623643354505926,5.778632724943809e-07,0.013118265454341478,1.1996959604966708e-09,4.194074376042396e-05,0.7893314811688323,9.078198475949777e-09,6.160462455445379e-07,9.322685737309128e-05
41,0.0038631526294265594,0.056773869114557694,1.3477152247328752e-07,7.235436429887056e-05,0.00017057935601684897,1.1317737153857382e-05,0.0001501997052224223,0.00017593914985636794,0.00029539875886415917,7.117255078195572e-07,0.10920299112871368,0.0013645745753868093,0.0003480468706280749,8.246120867365469e-06,0.0032427464223051855,3.4504886314154364e-06,0.00023880413792080944,2.7187383379038984e-07,0.011671233820849029,1.1004334731913352e-09,1.0336303994428614e-05,0.8122647485749083,1.0573737936591119e-08,6.404162624768794e-07,0.00013024027909991934
42,0.0015457442232755599,0.035642959450019294,4.639221402090573e-08,9.459296234305144e-06,1.4166623266721528e-05,2.263973536529633e-06,6.591302298779836e-05,0.00011537986373823398,4.3463687398118346e-05,2.3932525051785926e-07,0.04343980511450753,0.0005565711094016046,0.0003259062349906583,2.926667301890477e-06,0.0004715886922252732,2.0494781302888e-06,0.0001599043886499366,1.1271039119359294e-07,0.007672796023501204,4.0126773125254146e-10,9.379857793408134e-06,0.9098840727545314,1.608597066490685e-09,1.4933626823881382e-07,3.5099764521301664e-05
43,0.0060199773950324,0.1071801883551052,2.5602090632648847e-07,2.4610401309771137e-05,6.67157327317501e-05,2.158175046238579e-06,0.00021110433158791654,0.00017821862414968051,9.166497011566016e-05,2.7926890898622094e-07,0.15894516214460658,0.003505053973769822,0.0007702939386188163,1.6692227480121927e-05,0.0005966526711430352,3.6916784450684185e-06,0.0006336528477605579,4.5782134783205234e-07,0.007242374603946284,9.692925920901791e-10,3.652198676935998e-05,0.7143351112882161,7.606301747042239e-09,7.749981232551127e-07,0.00013837796928464565
44,0.004160766725790806,0.0725124267145979,1.9910025410532817e-07,2.3184174906814703e-05,5.2516353664432636e-05,3.841938285087634e-06,0.0001617871323705233,0.00020237920501132566,0.0001045955757435639,4.98335797390359e-07,0.10974725978505646,0.0014363124991151354,0.0006166240295761558,1.2212037794499205e-05,0.0007063943296743432,3.3779511364160053e-06,0.00038912977499184624,4.31785460461558e-07,0.009927792432594139,1.045573358737509e-09,3.4496133802294626e-05,0.7998102447497145,7.336390101465881e-09,5.154122298355085e-07,9.300544046835899e-05
45,0.0025283406694064574,0.034235943117229446,7.930744165500992e-08,4.1079112001222415e-05,6.42288919243375e-05,8.554341754751458e-06,0.00031093491368903867,0.00019158760876837713,0.00018187963836208693,3.904187809581902e-07,0.07953554381035136,0.0011058193254869393,0.0005947988267715708,4.028575185496465e-06,0.002006092752977189,4.912636200347516e-06,0.0001653163891639669,3.169909029664112e-07,0.01986709388788102,1.2927474528158423e-09,1.3449259580432518e-05,0.8590718273160405,6.145705213333138e-09,4.672615972948022e-07,6.730751004986332e-05
46,0.004489376650867718,0.06951959139184802,1.385244058946801e-07,1.9363160840690607e-05,3.1672765350960374e-05,2.5509188963758755e-06,0.00010053725418618095,0.00015541838204281193,3.386913061776055e-05,2.5395088048461114e-07,0.08848982974848266,0.0015558536634814768,0.0004885552497969071,5.210802373472687e-06,0.0005426919513420404,3.6793025877374695e-06,0.000765997380361217,2.2824401231920657e-07,0.006898892777156722,5.79631910691757e-10,2.0291248826580077e-05,0.8268071360564069,5.0148739943282625e-09,3.39834713321241e-07,6.851601601599649e-05
47,0.0030664641651843728,0.0662592832210876,8.456596489787922e-08,7.735092007202927e-06,1.1929646523242027e-05,1.2250150014476207e-06,7.508198755025751e-05,0.00010471534323723734,3.889148855389166e-05,1.8560691034374992e-07,0.04556136791022627,0.0013743576201222757,0.0004932807594987843,4.061142332367604e-06,0.00031979300127432837,2.7707305213642505e-06,0.0002460124598687998,1.1335597111162468e-07,0.004219651082428678,3.845154768312954e-10,8.79414662857087e-06,0.8781477800798245,1.4272140085982866e-09,2.420681324933856e-07,5.617769942053751e-05
48,0.0020049061259582467,0.13363757899521894,8.901253072772151e-08,2.2120896647231888e-05,1.5153056748335757e-05,1.8003202887216476e-06,6.760223545016564e-05,0.0001646649337279524,2.599700157581388e-05,5.175713630838593e-07,0.037663121228456095,0.0007267541366087507,0.0003644503018097538,6.113203412016264e-06,0.0004287183265010339,3.4068481411720982e-06,0.0006897958860404575,2.0653691936904684e-07,0.010863851426875924,4.1243671415888757e-10,1.8919626081592765e-05,0.8132506188448767,3.90971899941171e-09,1.649111547054383e-07,4.344425145749573e-05
49,0.0013636696602842054,0.16255441416816113,1.011146597996438e-07,5.295028038694786e-05,5.252674324598317e-05,1.464649803708237e-06,0.0001703899631997652,0.0001103978588859086,0.0001028889760022127,9.976066339107281e-07,0.07733499915023678,0.0005566346830036853,0.0006889506987747318,2.0249177139645094e-05,0.0029961107523433354,5.807382009390686e-06,0.000516675133154243,4.878795917305031e-07,0.08573627118968681,1.1752364376930454e-09,7.732805131336576e-05,0.667530890558447,1.052445628997041e-08,7.440340524129315e-07,0.00012503858929059487
50,0.0022348541293825096,0.07454102487332928,1.7106032004905286e-07,1.8842606633529183e-05,3.362997073683507e-05,3.290586178683139e-06,0.0001685211948824535,0.00022150294866271438,0.00010420588780559698,7.245051023480209e-07,0.0660898765698435,0.0009809901247551454,0.0006131482571354397,1.3663378785541454e-05,0.000626206533603696,3.4638419661821012e-06,0.0002829346182448919,3.4973967133695874e-07,0.012284406736340205,1.097722587414408e-09,3.4906200867167586e-05,0.8416653493775196,4.978765443507621e-09,3.3400262606082734e-07,7.759677911935594e-05
51,0.004457597615474744,0.06823258338678655,2.1403305299070268e-07,2.2911211620386963e-05,5.692487599232886e-05,4.209544725659515e-06,0.0001773333992064778,0.00020248991927758226,0.00011173711906839066,4.982365794307621e-07,0.11621746669565836,0.0014756316760850285,0.0006369457702318861,1.2283709962881376e-05,0.0007205862793016297,3.5312258693190217e-06,0.00040521277333949076,4.6101243467650103e-07,0.010217334486135751,1.1078803227623249e-09,3.790444754148453e-05,0.7969069968216431,8.151109052431384e-09,5.699675569453152e-07,9.856653346550908e-05
52,0.003802937578897931,0.048036378020071574,1.404605676982641e-07,3.1090090895418595e-05,2.7931246046460093e-05,4.503686821896723e-06,9.807242017614349e-05,0.0002667277371432655,9.75904301402067e-05,9.174066676873504e-07,0.07030146437110074,0.0006697393793565354,0.0006026750038532272,8.844159062532008e-06,0.0008161746702023159,4.039177878665451e-06,0.00021970588605101904,7.530775312957944e-07,0.01607586862924858,1.162868620677399e-09,2.2270197691339775e-05,0.8588633877344047,6.173952678107778e-09,3.2070809617769353e-07,4.846059127296157e-05
53,0.004589860409135345,0.05487742454221231,2.134405741622847e-07,1.947933166673941e-05,5.8501252474111944e-05,5.785591487167925e-06,0.00044851362804321476,0.00024604433704800366,0.00017284243751994736,3.20868023864637e-07,0.14149784209428032,0.0029677312643461877,0.0006956851111276646,1.3917211782380508e-05,0.0008802531287384174,4.4636643420464764e-06,0.0003495039954200929,4.918339428128315e-07,0.009405245654732173,1.3281830145310959e-09,3.844955675679042e-05,0.7835788034553826,9.863050759507611e-09,6.320287586069007e-07,0.00014798397097104694
54,0.001847259603358592,0.10565377522267147,1.5238509576688274e-07,1.2392928709504537e-05,3.5470689133575445e-05,2.003079734114158e-06,0.00010421562114316333,0.00014806252389239913,0.00013894873457301804,5.676911279900851e-07,0.05908370554099114,0.002306924233050082,0.0003276135555635662,2.1005059471381676e-05,0.001123547383444104,4.733996859318124e-06,0.0002751936244029684,1.3849661321508152e-07,0.005992885543013357,8.844090182418932e-10,1.493704867376638e-05,0.8226258117925851,3.85440206294465e-09,4.895613214355467e-07,0.0002801609457600032
55,0.0063927261953771585,0.07045665571051714,2.8526168842159226e-07,3.7450100333134496e-05,0.00013421518163609015,6.234239371188332e-06,0.000618832226035941,0.0002059970225428182,0.0003181043820589179,3.079526873637037e-07,0.17578694049015556,0.00658826000728432,0.0010573812431153903,1.5816522113172872e-05,0.0008194703927049397,6.147090924548901e-06,0.0003757828879679646,7.052655282434662e-07,0.010864606091334059,1.6609009428778482e-09,4.148314180026429e-05,0.7260691923121446,1.3470813094503647e-08,2.023978959502121e-06,0.0002013671720052301
56,0.004149867219599292,0.07193570619232238,1.9689229591059043e-07,2.2722128732800848e-05,5.039956221480441e-05,3.6863833146081762e-06,0.00016197662999548664,0.00019841249216089756,0.0001016709409174765,4.804557541699121e-07,0.10782642563065493,0.0014343529706271894,0.0006444576878525463,1.1921994226049958e-05,0.0006750160729280289,3.32054289914816e-06,0.00038187860822748275,4.2856247099320165e-07,0.00977043567093374,1.0617607233070513e-09,3.4218660215436754e-05,0.8025027865776302,7.09614277503873e-09,5.194229485349636e-07,8.911054317457274e-05
57,0.015613370581927138,0.04386526971716284,6.091036247429055e-07,5.972472675285461e-05,0.00022884452347280118,1.94469713421482e-05,0.00017476135737126472,0.0003280127455413915,0.00043765749549678134,1.034079826147171e-06,0.2528730861699735,0.0018771981250676458,0.00044795434121028277,3.7861433505616294e-05,0.0015138675234339881,2.574984858696139e-06,0.0004716886911198298,1.3882800350671325e-06,0.003123807169787662,2.897035387726406e-09,2.493731108258171e-05,0.6787126950017777,4.7213240052583876e-08,9.61649045566464e-07,0.0001831979063084347
58,0.004444799775561126,0.07962416906790844,2.3884345070972034e-07,2.7321750229622836e-05,7.057588221535626e-05,4.024165887813457e-06,0.00019526105022380242,0.00018174252310693796,0.00013105326584652137,5.314014693190002e-07,0.11570549020453046,0.0016410017834049837,0.0007858517493626277,1.3455686065495795e-05,0.000760512945917843,3.995888233685883e-06,0.00041848918898802995,4.797578546801299e-07,0.011315699367314117,1.3852445495967958e-09,4.233203858906897e-05,0.7845196474688579,9.30342666884286e-09,8.633478077133617e-07,0.00011245215850244762
59,0.004642454213227571,0.08323337569023039,2.788436266992081e-07,2.6609768583926743e-05,7.364066579423156e-05,4.0582072881566474e-06,0.00019115037501066194,0.0001978602447515286,0.00013158621397981596,6.050635250604878e-07,0.1164174961978114,0.0016214803154762085,0.0007673863815019149,1.541445892167468e-05,0.0007193683528415704,4.238205477369486e-06,0.00046588469308450706,5.239768013082288e-07,0.01098387096594422,1.455168885731138e-09,4.7993567632378295e-05,0.7803323040564173,1.0017698337313079e-08,8.710226872670051e-07,0.00012153704651759075
60,0.004160766725790806,0.0725124267145979,1.9910025410532817e-07,2.3184174906814703e-05,5.2516353664432636e-05,3.841938285087634e-06,0.0001617871323705233,0.00020237920501132566,0.0001045955757435639,4.98335797390359e-07,0.10974725978505646,0.0014363124991151354,0.0006166240295761558,1.2212037794499205e-05,0.0007063943296743432,3.3779511364160053e-06,0.00038912977499184624,4.31785460461558e-07,0.009927792432594139,1.045573358737509e-09,3.4496133802294626e-05,0.7998102447497145,7.336390101465881e-09,5.154122298355085e-07,9.300544046835899e-05
61,0.005077317505392856,0.08083409569778492,3.0540596445999877e-07,2.7465789370168015e-05,7.869131830646061e-05,4.31753852768287e-06,0.00020350586693937555,0.00020446729166610398,0.00014658286313575596,6.285671966186005e-07,0.12172287030250697,0.0016425371104529555,0.0008115536099502716,1.6179299556760215e-05,0.0006970536360530348,4.189095089747802e-06,0.00045296448920834737,5.838436111815478e-07,0.011129251466739227,1.5241687936327695e-09,5.1285259034069606e-05,0.7767709654652535,1.0800105599493974e-08,9.48265797402848e-07,0.000122227988187686
62,0.004160766725790806,0.0725124267145979,1.9910025410532817e-07,2.3184174906814703e-05,5.2516353664432636e-05,3.841938285087634e-06,0.0001617871323705233,0.00020237920501132566,0.0001045955757435639,4.98335797390359e-07,0.10974725978505646,0.0014363124991151354,0.0006166240295761558,1.2212037794499205e-05,0.0007063943296743432,3.3779511364160053e-06,0.00038912977499184624,4.31785460461558e-07,0.009927792432594139,1.045573358737509e-09,3.4496133802294626e-05,0.7998102447497145,7.336390101465881e-09,5.154122298355085e-07,9.300544046835899e-05
63,0.003689679863792264,0.08183649700930809,1.7727796467554264e-07,2.2200539073487408e-05,4.496941423353017e-05,3.250805655659444e-06,0.00013880690855709037,0.0001892713984168525,9.218435131126191e-05,4.962923857995085e-07,0.09635858556478125,0.0013525519232447237,0.0005877690505361961,1.1662044735816908e-05,0.0006696039606930652,3.264264549234402e-06,0.00038114876231889615,3.7117345662860316e-07,0.009632646306258248,9.438767139154159e-10,3.0458149704602504e-05,0.8048660747507586,6.262985151261775e-09,4.6655939151743065e-07,8.785642201082773e-05
64,0.004618338345248804,0.08208581673441114,2.753136134240082e-07,2.3695769638878188e-05,6.097132082754121e-05,3.6615694256382963e-06,0.00019492894318231226,0.00021798214041883216,0.00010111766244026731,5.540608167659179e-07,0.12381249226073614,0.0014627788282585619,0.0007736159039384171,1.5131191484707886e-05,0.0006287029328694388,3.824859329014409e-06,0.0005094658824432523,5.631156924387215e-07,0.011712775480428839,1.298920721460745e-09,5.8599005022249976e-05,0.7736147202275937,9.19642390128826e-09,6.423056680009381e-07,9.93356511669309e-05
65,0.00526168450693756,0.044057003796925544,1.4436873523542305e-07,3.823845396812856e-05,6.869581621495177e-05,8.712618590450951e-06,0.0002856480849619386,0.00023191227165851448,7.99698322833142e-05,3.6491683456150033e-07,0.1573772196698542,0.001373480701712603,0.0005808066249021255,5.1686243460561845e-06,0.001166643392061842,5.131070491519835e-06,0.0006243534555368478,6.92847203012099e-07,0.02188101929667017,9.98896725202255e-10,4.1101509264737875e-05,0.7668386257204214,1.392431564386308e-08,5.109234818988842e-07,7.28565737312013e-05
66,0.004702660258858541,0.06798001833499512,2.436533233366491e-07,2.1932182274539747e-05,5.402405707009981e-05,3.5492895447685217e-06,0.0001745630353764513,0.00022236152608619134,0.00010652826487659266,5.111255136506246e-07,0.11616526625979533,0.0014024284040405003,0.0007644979665355853,1.29936590504072e-05,0.0006033857060135821,3.304274476429495e-06,0.00035791883776878803,5.008812570678456e-07,0.009281168005352424,1.23502987328311e-09,3.877503945002357e-05,0.7980196132540289,6.5661594569076036e-09,5.226420757095713e-07,8.322554104659723e-05
67,0.026051373123992843,0.10633795234804469,4.645086811962748e-06,8.869337918169152e-05,0.00026853217370930365,9.48498742537987e-06,0.00047803079261794,0.0005722040376598611,0.00014668643959096024,2.6205800450984564e-06,0.338953452692512,0.0015879194822026534,0.0027559539609968513,7.896425654649853e-05,0.0005465052332849398,1.1246035559807173e-05,0.0038087241711195073,9.924763202397807e-06,0.026860529406293576,1.00149521219388e-08,0.0011914496937795265,0.4900235821805816,2.2237944431321553e-07,4.9322730959150485e-06,0.00020636050734882766
68,0.006928058634752095,0.10264649208052977,1.0249039734171032e-06,4.965840855851682e-05,0.00030358815872944396,8.795147449291883e-06,0.00041487619661203075,0.00023229709949600336,0.0007876125163534752,1.3713173909281724e-06,0.17265398637283907,0.004607229557840876,0.0010120205751753756,8.853633147490698e-05,0.001076876961021636,4.87432816973768e-06,0.00045885433140827584,9.554604416732722e-07,0.006450778540544963,4.35379102149265e-09,7.068185089059537e-05,0.7016894039708441,3.578236638470627e-08,3.4483095145428415e-06,0.0005085388098318589
69,0.006277111537159848,0.07877241160175587,8.782207217144991e-07,2.9268970842427455e-05,8.748283962030682e-05,6.285762391484474e-06,0.0003743817661877265,0.0004966604040897355,0.0002306562723757241,1.4260257650937237e-06,0.15851056476708694,0.0021174412273522823,0.001191422053269809,5.070238354260507e-05,0.0005857169217203546,7.375445334395397e-06,0.0005712208947035629,2.113611846593409e-06,0.016158040865971262,3.9169532466352075e-09,0.00018619438770185563,0.7341479140170543,2.5480401160647378e-08,1.3890379302907726e-06,0.0001933115882215405
70,0.005101492917687159,0.0733161476309494,2.926768713689697e-07,4.78134043704897e-05,0.0001718206713288584,6.9213970750400875e-06,0.00030178442983386515,0.00021430162634709674,0.00025772029700956415,5.041805304189002e-07,0.169894240935207,0.002201099319069751,0.0007119415814801013,1.933114291806993e-05,0.0011644792197114636,2.637820405987702e-06,0.00036945362392200586,4.75211108147482e-07,0.00844352780733723,1.6479580923222303e-09,3.658139353248968e-05,0.7376020251961907,1.401658802938562e-08,9.002617743951639e-07,0.00013449159079330388
71,0.0025733598129429346,0.16138894661420908,8.652708394300884e-07,2.8407305093301752e-05,0.00036740804148449125,4.4518190912718326e-06,0.0006109542220480405,0.00034905899104937887,0.000937230966470653,2.0105413947722307e-06,0.1432393633877825,0.002408663937286218,0.0012052262593329152,0.0001875107829923144,0.0004939244736390461,5.4699899743595295e-06,0.0003696046527362266,1.940274227858349e-06,0.012720924152187308,8.31129089553523e-09,0.0002858004165590029,0.6724710255473582,2.8165765877405008e-08,3.1234376549061372e-06,0.0003446926265889757
