,0,1,2,3,4,5,6,7,8,9,10,11,12,13,14,15,16,17,18,19,20,21,22,23,24
0,8.316208307619989e-05,0.010056927536333677,0.0009831210262365771,7.77415337456713e-08,8.961954291308323e-06,0.00038909567488009284,3.00981481129012e-05,1.0730786949835435e-06,4.395964203278404e-07,3.106352392840319e-05,0.00018832963046372993,0.0030776414307238033,6.794025243322566e-06,0.00043355631609542596,0.0008432111100083369,2.3546988230990648e-07,0.00044294403835494717,3.196098081755849e-06,0.01310345929344388,1.1091374110976006e-07,0.002156654780166765,0.9681416375893473,5.168426149068299e-08,2.9299509376923173e-08,1.8127957168179475e-05
1,0.0001379076926538416,0.014901668356597685,0.0011606140666105302,1.2472300083878726e-07,1.5193537542305576e-05,0.00027599122304076626,3.280303212854028e-05,1.3914703230951518e-06,1.2443376203541229e-06,3.801527847369587e-05,0.00024957588546598356,0.0025187579051438366,8.164848405475312e-06,0.0004631915864965586,0.000847420328813062,2.6627437026872045e-07,0.0006383768259852545,3.263437224982971e-06,0.011189257493641771,7.243341223165824e-08,0.0014995038299315585,0.9659937884448895,5.373254627336532e-08,4.4069181567273606e-08,2.3309186500133496e-05
2,8.177440494192483e-05,0.008716428337376191,0.0006883138782362383,6.723951061707729e-08,1.1497204388418525e-05,0.00014964442701457145,2.347557722659618e-05,8.259324819837272e-07,7.560045111962125e-07,2.4724323530137494e-05,0.0001671999769620142,0.0016124067485346445,4.1852599272683845e-06,0.00044078305860763734,0.0007346427312802468,1.2329371014959012e-07,0.00032248569755594336,2.417963098452644e-06,0.007517505182003741,7.067623727001615e-08,0.001178697048019785,0.9782949690950008,5.233929320964437e-08,3.0157333045635144e-08,2.6923443218083338e-05
3,0.00010787668547218832,0.013180406876568409,0.001018840557476234,1.0843066710416885e-07,1.2744067660838809e-05,0.0002375697873685349,2.7645311126477606e-05,9.59491449555005e-07,6.680821825182571e-07,2.622695358554481e-05,0.0002759381757240164,0.0032107114311702867,7.435148778453143e-06,0.0005545074540270818,0.0007954379235086339,1.8269136542450362e-07,0.0005884371161249444,3.7054655653290662e-06,0.008680258578411183,6.246810499861073e-08,0.0018171077056296934,0.969429658886903,5.384394107196335e-08,3.4929452566284135e-08,2.342193773596124e-05
4,0.00010084024575132855,0.01394952947688559,0.0009942416080278686,1.1534436088238617e-07,1.2859913187570297e-05,0.00023528077087748515,2.769710502443012e-05,9.363758644186585e-07,6.620731232345666e-07,2.5319831099412963e-05,0.00030238640514101517,0.0037033614534325047,9.048829533406962e-06,0.0006145492589153909,0.0007164016603962348,1.8150429419808698e-07,0.0006388115290957216,3.961390830113741e-06,0.008205764437587476,6.174019165485855e-08,0.001807146855197019,0.9686279196429315,5.392264177448606e-08,3.399841613210798e-08,2.2834627193647728e-05
5,0.00014813689767766914,0.011811615745227723,0.0011038173260128656,1.5135944066490544e-07,1.3317187788384137e-05,0.0002217422581342529,2.9643475570622383e-05,1.0384781260813268e-06,7.317501900491965e-07,3.276044241083219e-05,0.000305646422743612,0.004055150283968089,8.215347540275167e-06,0.000714774989465412,0.0006606397778369856,2.1511083754238684e-07,0.0007563227778509796,7.118112089250367e-06,0.0073090775591924135,8.270735881122373e-08,0.0020211359813974124,0.9707670424745436,6.51788000688855e-08,4.946864834037698e-08,3.150888714806181e-05
6,0.00010787668547218832,0.013180406876568409,0.001018840557476234,1.0843066710416885e-07,1.2744067660838809e-05,0.0002375697873685349,2.7645311126477606e-05,9.59491449555005e-07,6.680821825182571e-07,2.622695358554481e-05,0.0002759381757240164,0.0032107114311702867,7.435148778453143e-06,0.0005545074540270818,0.0007954379235086339,1.8269136542450362e-07,0.0005884371161249444,3.7054655653290662e-06,0.008680258578411183,6.246810499861073e-08,0.0018171077056296934,0.969429658886903,5.384394107196335e-08,3.4929452566284135e-08,2.342193773596124e-05
7,0.00017366709644543773,0.0224931003042621,0.002407941636471668,1.263253698347093e-07,1.4539350417241338e-05,0.00025647557529493256,2.7394949380824788e-05,1.4659673437854622e-06,5.68805102583032e-07,2.295659199913001e-05,0.00046788003607145436,0.004234584632849745,1.8149964975522223e-05,0.0004086306637867629,0.0008278936997079108,1.6502886239421797e-07,0.0006977835110692394,3.4747095586825206e-06,0.015026619057851891,5.051398987852813e-08,0.0019119082273560222,0.9509922700859197,3.240848907091706e-08,3.9409874662401245e-08,1.2281447549716183e-05
8,9.337991619200695e-05,0.00823494547506819,0.0008503158759165081,1.13450451254164e-07,1.322381558000815e-05,0.00013838345245466304,2.364034821192746e-05,5.562288736448946e-07,9.220848536264049e-07,3.33724431256304e-05,0.0002554266750437734,0.0012688856638077611,3.1879136965109228e-06,0.0007113685256502931,0.0010482112357037,1.1732002188221117e-07,0.00035428411985073053,3.1757662443293985e-06,0.004118293275492805,6.022809009860754e-08,0.0012903351017580361,0.9815163052827669,6.256154193399596e-08,8.141610498595314e-08,4.135182349865073e-05
9,9.577413428460875e-05,0.007127873104697192,0.0013264250035389933,1.4309226664041896e-07,1.0649649516323347e-05,0.00019583794372489923,1.7079223539670302e-05,8.815972984568563e-07,7.188358334040338e-07,3.3981966581789324e-05,0.00027071308293640444,0.0016236885405718972,5.479150911518592e-06,0.0006062348715873702,0.0007717553889130814,1.517959742587557e-07,0.0005406847443936809,3.0596934063440878e-06,0.005903286688221198,7.892384119035854e-08,0.0014765780662136078,0.9799703376485357,5.7249322658299947e-08,7.150029435246582e-08,1.8458103594702893e-05
10,0.00010787668547218832,0.013180406876568409,0.001018840557476234,1.0843066710416885e-07,1.2744067660838809e-05,0.0002375697873685349,2.7645311126477606e-05,9.59491449555005e-07,6.680821825182571e-07,2.622695358554481e-05,0.0002759381757240164,0.0032107114311702867,7.435148778453143e-06,0.0005545074540270818,0.0007954379235086339,1.8269136542450362e-07,0.0005884371161249444,3.7054655653290662e-06,0.008680258578411183,6.246810499861073e-08,0.0018171077056296934,0.969429658886903,5.384394107196335e-08,3.4929452566284135e-08,2.342193773596124e-05
11,0.0001062906337613579,0.013463317366877134,0.001030092354999526,1.120463032380329e-07,1.2439971761391216e-05,0.0002409611183308548,2.8326802807885554e-05,1.0410432772905607e-06,6.623464309777031e-07,2.5587007256871144e-05,0.00027775278089750457,0.003452736198048859,8.516623102339966e-06,0.0005474685892653578,0.0007577951975360763,1.9121332502117037e-07,0.0006306135594161951,3.756443330840203e-06,0.008998311054934446,6.289320059304123e-08,0.001760693763343468,0.9686312343192722,5.264417068141715e-08,3.3458077576096405e-08,2.195057027247099e-05
12,0.0001577556958991605,0.0379105493366533,0.0014471283393712752,2.074556294015017e-07,7.475641916209312e-05,0.0005844268245969548,5.987591427222112e-05,6.8294842056578e-07,1.235548125397117e-06,3.8387114117986786e-05,0.0004690664442363606,0.010907412751077846,1.1810901758633365e-05,0.002687362561709092,0.0010321865974763365,3.2947126588910987e-07,0.0006998641136906858,1.6460305818508963e-05,0.009991088353606417,1.7355720833413413e-07,0.0039400019031303815,0.9298300954329765,1.7381954894276888e-07,4.2932399296051496e-08,0.0001389252578482965
13,0.00010607835887093386,0.01662472099407287,0.0014613654863067894,1.9995016556337742e-07,2.0171904456008688e-05,0.00022866374763489254,2.3212386773012256e-05,8.058471977711688e-07,5.052123018842864e-07,1.860116674329863e-05,0.001348403193872542,0.005076407067607945,1.6103389912112226e-05,0.0008917198613328975,0.0015283620939314686,1.9017745563255802e-07,0.0006964253528022865,3.3621587953694282e-06,0.009391019881901481,4.407496868179644e-08,0.0030974705666387933,0.9594514795814747,8.467315876648028e-08,6.18461509152677e-08,1.454102547318056e-05
14,0.00014691530253711844,0.1049855928066067,0.0013248898454158548,6.097938649255342e-08,3.494466675281348e-05,0.0009624975496366372,3.525846095587785e-05,6.275892866669035e-07,3.6133898810935864e-07,1.6455611670515522e-05,0.0008709884134924746,0.02394807942586586,3.330594867826989e-05,0.0009447544844257708,0.0009468663796567274,2.81838902074397e-07,0.0006357973419669414,4.184613909933681e-06,0.046402831598752844,5.114030715624831e-08,0.004749197227458972,0.8139362864040831,5.4767995704158725e-08,1.2760855440975068e-08,1.9703502412031592e-05
15,0.00010787668547218832,0.013180406876568409,0.001018840557476234,1.0843066710416885e-07,1.2744067660838809e-05,0.0002375697873685349,2.7645311126477606e-05,9.59491449555005e-07,6.680821825182571e-07,2.622695358554481e-05,0.0002759381757240164,0.0032107114311702867,7.435148778453143e-06,0.0005545074540270818,0.0007954379235086339,1.8269136542450362e-07,0.0005884371161249444,3.7054655653290662e-06,0.008680258578411183,6.246810499861073e-08,0.0018171077056296934,0.969429658886903,5.384394107196335e-08,3.4929452566284135e-08,2.342193773596124e-05
16,9.952179113402202e-05,0.011167922091782544,0.000825461796223274,1.0162632426608222e-07,1.0716233814033922e-05,0.00019656536564451602,2.589840248914118e-05,7.398207652481976e-07,4.980508632199194e-07,2.8159997254223525e-05,0.00025288973405761863,0.003794720099954588,6.097199030721153e-06,0.0006262402798418619,0.0006309585992239278,1.607990314190433e-07,0.0005649961276665773,4.972719877436783e-06,0.006785291916496723,6.283643900749357e-08,0.002262693560057736,0.972688089167628,5.0053051504263924e-08,3.14838902532429e-08,2.7160247458250296e-05
17,9.966427514787092e-05,0.010128666811659203,0.0006367582721027733,7.63732110397325e-08,8.631969015663497e-06,0.0001232641578981916,1.8853460280109593e-05,7.021407837426534e-07,3.445649064267063e-07,1.7847009365586957e-05,0.00019986331438840818,0.006327180967418717,7.570450151887761e-06,0.000700071939412511,0.000298628266436487,1.1381839077823085e-07,0.0006438539840556883,8.010140936305062e-06,0.0061056961473620235,6.50704664156427e-08,0.0019719525917583783,0.9726714519106628,5.253618730582361e-08,1.8260637374723866e-08,3.0661567364213414e-05
18,8.178004277190846e-05,0.008719042846192,0.0003049048144803647,4.3448632342843914e-08,4.783312613193894e-06,0.00011549763917125646,2.047715041648303e-05,4.968030009788448e-07,4.5120157983426226e-07,2.1159863651082554e-05,0.00012614931612009537,0.0038396336011751503,4.636005748104147e-06,0.0005451644169503611,0.0002613793529889649,1.1068776211424877e-07,0.0006208617530115706,5.994643817394587e-06,0.004507882847425872,5.08741158640753e-08,0.0011092461632447829,0.9796714505380204,4.312019763382231e-08,1.6193252113565955e-08,3.87433636601582e-05
19,9.539103001131388e-05,0.013756371205590506,0.0012254173743283304,1.1918085974135252e-07,1.5236274597811892e-05,0.00019769022276665626,2.6536359767462598e-05,1.111609620844539e-06,5.765425726722722e-07,2.1765179239582577e-05,0.00026865767997711715,0.004026631268918036,9.442772045661758e-06,0.0005283207843030231,0.0006771769520110744,1.6679575861053974e-07,0.000552975215244624,3.7428890443841276e-06,0.008877233788071166,5.833019915445627e-08,0.0017620392797052813,0.9679352866706705,4.041420159237379e-08,2.7692443698459897e-08,1.798448805100367e-05
20,4.886296347416631e-05,0.007639814428520914,0.0007128236624284476,7.235009852790141e-08,7.819517678113041e-06,0.00015455994707002993,2.334998119969733e-05,8.616691726051588e-07,3.727872660682725e-07,1.5802209665278085e-05,0.00022667632488523092,0.0015027782071927304,4.146376100978047e-06,0.00030104465323726185,0.0012752847371065858,1.0772531524280538e-07,0.0002976137827929972,1.1867025482998875e-06,0.007159007425876644,3.8523258651398317e-08,0.0017352435093526686,0.9788801116127904,4.2340389993981936e-08,2.4588731080888404e-08,1.2353973847694136e-05
21,0.0001408745764440715,0.016819775362714867,0.0010680360840191411,1.3167464454537211e-07,1.8210356907558412e-05,0.00021990700186058307,2.485911588869323e-05,8.36761582839503e-07,5.813096917268546e-07,3.494970628708091e-05,0.0003656758359778822,0.00574719007067286,8.81396624897812e-06,0.0008162892800364389,0.0006127723016228146,2.0469191548041342e-07,0.0006197331475911803,6.672746434979822e-06,0.009147527361926843,7.151961396677209e-08,0.0032025441383484354,0.9611143580953365,5.825959293320352e-08,3.5415139385037194e-08,2.9891219500348008e-05
22,0.0001080088933928591,0.009217098724293828,0.0012051282549538295,1.4140165792594517e-07,9.148016780074227e-06,0.00020879926117814011,2.001241317644591e-05,9.037979641003869e-07,4.3915672606214655e-07,3.0410341854697953e-05,0.0003204474943817827,0.0035738476610201954,7.4687007152544406e-06,0.0005750866427406639,0.0006305420591244207,1.817511442967127e-07,0.0007909395205522116,4.760396891254373e-06,0.006589251746396839,6.015974376174509e-08,0.0022877140838179102,0.9744031214807647,4.484502904412434e-08,4.072741262695303e-08,1.640246828675705e-05
23,0.00010787668547218832,0.013180406876568409,0.001018840557476234,1.0843066710416885e-07,1.2744067660838809e-05,0.0002375697873685349,2.7645311126477606e-05,9.59491449555005e-07,6.680821825182571e-07,2.622695358554481e-05,0.0002759381757240164,0.0032107114311702867,7.435148778453143e-06,0.0005545074540270818,0.0007954379235086339,1.8269136542450362e-07,0.0005884371161249444,3.7054655653290662e-06,0.008680258578411183,6.246810499861073e-08,0.0018171077056296934,0.969429658886903,5.384394107196335e-08,3.4929452566284135e-08,2.342193773596124e-05
24,0.00012076153670237158,0.017369024647297532,0.0012845631689391288,1.9570966667390977e-07,2.5548008848218836e-05,0.0002826614746791824,3.11988403749407e-05,1.1079648355903634e-06,8.416729571792962e-07,2.918660223768231e-05,0.00041470734207813275,0.0058591856537460775,1.2855136544632612e-05,0.0010429031795597624,0.0007516885767524191,2.680183915327766e-07,0.000744481369210691,6.355374029779636e-06,0.009125202018594885,8.431862215650216e-08,0.0023444513214838534,0.9605230705659115,7.88656639595163e-08,4.1581963938111005e-08,2.9537050908361736e-05
25,0.00015604598151083984,0.012194147930144039,0.0013229764630698904,1.7016634875963265e-07,1.5533387015826635e-05,0.00016423424446553156,3.068233549698109e-05,1.6584568207076411e-06,5.588441052654051e-07,2.4258857142861544e-05,0.00046969074589491136,0.004376081596866432,1.2285487349513843e-05,0.0004893868905804503,0.0008671893855376878,2.2255238380773928e-07,0.0006455946409930509,4.759360513378666e-06,0.01169334979744169,6.128553913360321e-08,0.002668370383848409,0.9648460393491428,5.948033488248947e-08,3.7083589050462406e-08,1.6605293864044123e-05
26,0.00022339589185153803,0.01590050984297735,0.0014313272553581672,2.1516781504096447e-07,1.8351565523338798e-05,0.0003388740875770779,3.5449175032064e-05,1.74115310733808e-06,1.8786649846303998e-06,3.430827228027446e-05,0.0004013380501782596,0.002814365174754222,1.0463897714691767e-05,0.0006154250044520555,0.0010981460399825788,3.139799455154211e-07,0.0010354145456416602,4.982286154890926e-06,0.009619045323362788,9.672893592583464e-08,0.001571202921542751,0.9648092909079496,1.1867610889295539e-07,9.874932102775556e-08,3.364663744824083e-05
27,6.194956051164063e-05,0.00867578501988663,0.0005453152403658465,5.979140796868481e-08,8.161950692110617e-06,0.00015576254950701353,2.335898722074954e-05,6.722774051648087e-07,7.206577948323226e-07,2.1934385057952253e-05,0.00016999004407579566,0.0015058251765166268,3.854198326765681e-06,0.0003812378254376528,0.0008000904422871258,1.187769435853434e-07,0.00036365552577267713,1.7737167915176202e-06,0.0058807453441934105,4.868565730847487e-08,0.0009869856636525436,0.9803905270772516,4.181698871597453e-08,2.984050680585444e-08,2.135544574799032e-05
28,0.00010787668547218832,0.013180406876568409,0.001018840557476234,1.0843066710416885e-07,1.2744067660838809e-05,0.0002375697873685349,2.7645311126477606e-05,9.59491449555005e-07,6.680821825182571e-07,2.622695358554481e-05,0.0002759381757240164,0.0032107114311702867,7.435148778453143e-06,0.0005545074540270818,0.0007954379235086339,1.8269136542450362e-07,0.0005884371161249444,3.7054655653290662e-06,0.008680258578411183,6.246810499861073e-08,0.0018171077056296934,0.969429658886903,5.384394107196335e-08,3.4929452566284135e-08,2.342193773596124e-05
29,0.00010787668547218832,0.013180406876568409,0.001018840557476234,1.0843066710416885e-07,1.2744067660838809e-05,0.0002375697873685349,2.7645311126477606e-05,9.59491449555005e-07,6.680821825182571e-07,2.622695358554481e-05,0.0002759381757240164,0.0032107114311702867,7.435148778453143e-06,0.0005545074540270818,0.0007954379235086339,1.8269136542450362e-07,0.0005884371161249444,3.7054655653290662e-06,0.008680258578411183,6.246810499861073e-08,0.0018171077056296934,0.969429658886903,5.384394107196335e-08,3.4929452566284135e-08,2.342193773596124e-05
30,0.00010787668547218832,0.013180406876568409,0.001018840557476234,1.0843066710416885e-07,1.2744067660838809e-05,0.0002375697873685349,2.7645311126477606e-05,9.59491449555005e-07,6.680821825182571e-07,2.622695358554481e-05,0.0002759381757240164,0.0032107114311702867,7.435148778453143e-06,0.0005545074540270818,0.0007954379235086339,1.8269136542450362e-07,0.0005884371161249444,3.7054655653290662e-06,0.008680258578411183,6.246810499861073e-08,0.0018171077056296934,0.969429658886903,5.384394107196335e-08,3.4929452566284135e-08,2.342193773596124e-05
31,0.00019630941395325832,0.01324185460655035,0.0015534062603142502,1.0174606315993178e-07,1.26049937889166e-05,0.00016630981153930013,2.4087963972889696e-05,1.5357759406465874e-06,5.679608896917667e-07,2.538031388363816e-05,0.00020579480599802494,0.004094204849511882,9.35640171910469e-06,0.00042553460201689405,0.00048136594064218695,1.5806016698716372e-07,0.000621935423263181,6.1866632559265175e-06,0.01270444635621923,7.870628909578767e-08,0.0018430270926758983,0.9643609725260259,4.417885619771922e-08,2.9485377526819752e-08,2.4706061085990114e-05
32,9.867953102698608e-05,0.01251801777599812,0.0009635740098638244,9.209650563968906e-08,1.2047327754377243e-05,0.00022710897325143892,2.6573466395282185e-05,9.803832206058768e-07,6.008811930920963e-07,2.37466428548953e-05,0.0002488945994872085,0.0030384288547620386,7.182090365761385e-06,0.0004927729779716124,0.0007799125048383575,1.7251328552431636e-07,0.0005201467907392651,3.188685334636393e-06,0.009736205344766425,6.203599783917859e-08,0.001729152662758739,0.9695509525967988,5.127680379148912e-08,2.9502538987815644e-08,2.1426475486745722e-05
33,0.0001265399177155427,0.015005273686077897,0.0012150096457656248,1.2474900380815346e-07,1.749968770512074e-05,0.000271395766033271,3.1304936105713436e-05,1.0094866297553483e-06,7.562122986022705e-07,2.880104788322318e-05,0.00033681876821109176,0.003033037423884303,6.855326490909283e-06,0.0005925403733329155,0.0011497366915847705,1.9867860071805345e-07,0.0005186799320909956,3.6767798454662698e-06,0.0102170456584495,7.025062914723491e-08,0.0023692942468280967,0.9650454187543243,7.000718000231856e-08,4.4398637215211557e-08,2.8797574691911002e-05
34,0.00011506064404051115,0.013183494346759523,0.0010123919368895983,9.700038646092429e-08,1.2823129343962955e-05,0.0002106267485122785,2.5890258419662254e-05,9.67978331688046e-07,6.861629439735705e-07,2.5430477005124943e-05,0.0002751870512057896,0.0029030836585272096,7.33009028318306e-06,0.000504887032240553,0.0007758770794577585,1.6731442482152104e-07,0.0005246249230141683,3.337276649136718e-06,0.00968050442544501,6.016899339126004e-08,0.0016915404825748124,0.9690230294822189,5.208202610949251e-08,3.4982654795525256e-08,2.281526765155958e-05
35,0.0001336755943647578,0.013157843382005407,0.0009867587465679447,1.0259563169560656e-07,1.1212170700219814e-05,0.0002006024264450914,2.706579343164841e-05,1.1036483178085613e-06,7.143876075947048e-07,2.7551430185566464e-05,0.00023729641234430398,0.003430051109490274,7.792848147430947e-06,0.0004848296267779484,0.0006111510628671498,1.806309609647259e-07,0.0006533725369372316,4.451272432582791e-06,0.008870316177912212,6.148066755310979e-08,0.0016497186033565625,0.9694803704198766,4.672838987177087e-08,3.2337242077164706e-08,2.3698577339352946e-05
36,3.9508014191290404e-05,0.006015016736415743,0.0003011134600025674,4.106235224066445e-08,2.7616610307564157e-06,0.0001334008942589417,1.6536805417765466e-05,8.409372571341339e-07,5.201828555746884e-07,1.2759173301107368e-05,7.471456905226801e-05,0.0024683819473534123,5.242915662822013e-06,0.00026635597825388504,0.000265084451599503,1.2170284386855402e-07,0.0008041800576505664,1.9261917427167125e-06,0.004042059766525979,3.4825122696389754e-08,0.0004505775231706968,0.9850883967192551,2.330612739778833e-08,9.919674481872715e-09,1.0391198881649608e-05
37,0.0002244788597039164,0.01200010097158323,0.0018784252928714124,2.0179669401324388e-07,1.5135867703199865e-05,0.00021588202901325632,2.6630257017339673e-05,1.0616061926202769e-06,6.758824715729366e-07,3.822805923280736e-05,0.0004565015304773275,0.003964469628892185,9.121567898012151e-06,0.0007738552643669903,0.0007916382513098252,2.1241802056547592e-07,0.0007967712537791899,8.66633161339827e-06,0.008361763290256032,8.516998460337171e-08,0.0023850397093467626,0.9680213141735634,6.413106108002285e-08,8.942030748805292e-08,2.958723663968246e-05
38,8.891967134102111e-05,0.014286466231531991,0.0010988043304277838,1.0468410610185141e-07,1.0128501978911196e-05,0.0005336183567923466,3.756661179387136e-05,1.2367964534995522e-06,4.568742187607695e-07,2.3395771103445797e-05,0.000311125803961857,0.0040206547796833615,9.749896292440987e-06,0.0004617233555710814,0.0012619895765386398,3.0467115076505e-07,0.0007036432759486949,2.8695859127699053e-06,0.014360518879940654,7.422089927147789e-08,0.002619433728918839,0.9601505299180801,6.961109134129935e-08,2.7782325185396707e-08,1.6587083937147142e-05
39,8.83853076521287e-05,0.010262197272233356,0.0008168833176583881,9.063367663316456e-08,9.481407839388405e-06,0.00023830991912632168,2.8940209214625442e-05,1.1054949845627923e-06,4.611961311614121e-07,2.1290198241818063e-05,0.0001875462265706149,0.003253732986539883,5.707623298874421e-06,0.0004028783580882659,0.000827340468810419,1.8400813969156242e-07,0.0005577030067902614,3.3328980961515013e-06,0.009156106452652565,6.537028759817961e-08,0.002232505545234467,0.9718811415323441,6.047092635490075e-08,2.3671936617698143e-08,2.4526423525728294e-05
40,0.0003886937335209264,0.01072655895493705,0.0005921237062387917,4.845148394822979e-07,8.646970148218094e-06,0.0002351238325492901,6.223450636027866e-05,3.524725726297204e-06,3.0110324070396305e-06,6.580943314357192e-05,0.0005635388529630841,0.0037048012597985206,1.6150759516861696e-05,0.000632942739282391,0.0007538555071793697,7.439077849831633e-07,0.00289287624597483,1.1751935128217369e-05,0.006860054580629332,8.79290251131689e-08,0.002392853711854009,0.9700404769405199,2.215059543867687e-07,1.247789707717809e-07,4.3307935547516075e-05
41,0.00018241555044237585,0.06132115073240133,0.0025910488299285155,2.920639516301908e-07,5.951220458350945e-05,0.0006745285943380124,4.697642377320946e-05,1.6819653233194678e-06,4.9117899013522935e-06,4.934393724616463e-05,0.00044710949545063734,0.003437856079207847,1.7002559765041777e-05,0.000961403931731072,0.001440686844867513,3.67139057171123e-07,0.0010564477204438104,3.2402224954548985e-06,0.010254624174970644,7.016996407110502e-08,0.0013857930699551853,0.9160292263141226,6.74889990813235e-08,8.303560830462069e-08,3.4159661472073373e-05
42,3.1489426936168374e-05,0.004879603211286995,0.0005190189450814007,2.240583065255853e-08,3.263250833819739e-06,7.138884123329788e-05,9.152953077994834e-06,9.150592385219398e-07,1.816843245110462e-07,9.127317974305202e-06,7.073381847764903e-05,0.0012965349884497205,3.2215096619680835e-06,0.00010443875136110198,0.0003786137520444834,5.44806691206015e-08,0.00021330556488101396,5.459079415727958e-07,0.009782644492723513,2.4539474252644955e-08,0.0008863661955579628,0.9817353346448049,1.2199681893629839e-08,6.0981648989521754e-09,3.999960288340133e-06
43,7.895296856799625e-05,0.007987792388006171,0.0007448408501159981,8.31151465331543e-08,8.983078196383664e-06,0.0001908340354282014,2.2917176855802282e-05,8.81462930130347e-07,6.941869300282038e-07,3.520199740332048e-05,0.00017281266180428916,0.0015807548359207011,4.566009763311408e-06,0.0004140178353096101,0.0006612108897231459,1.6345534307752062e-07,0.0004217400072612133,2.3731857184371178e-06,0.007183149971263458,6.82566318957791e-08,0.0013935305418894537,0.979075499437372,4.257146216707245e-08,3.335032934022746e-08,1.8855730627269092e-05
44,0.00010787668547218832,0.013180406876568409,0.001018840557476234,1.0843066710416885e-07,1.2744067660838809e-05,0.0002375697873685349,2.7645311126477606e-05,9.59491449555005e-07,6.680821825182571e-07,2.622695358554481e-05,0.0002759381757240164,0.0032107114311702867,7.435148778453143e-06,0.0005545074540270818,0.0007954379235086339,1.8269136542450362e-07,0.0005884371161249444,3.7054655653290662e-06,0.008680258578411183,6.246810499861073e-08,0.0018171077056296934,0.969429658886903,5.384394107196335e-08,3.4929452566284135e-08,2.342193773596124e-05
45,7.137692961347835e-05,0.009915417681304125,0.001262192917482627,1.240574431299304e-07,1.0434182020917785e-05,0.00035715823212880717,4.1506801714633244e-05,1.736182001890788e-06,6.409595544376977e-07,2.2385666756377283e-05,0.000247472927967523,0.0016794847735565823,6.67226826057753e-06,0.00030537650638506116,0.0020308870995732076,2.497769602635611e-07,0.0004892108229777159,1.4666481431499823e-06,0.011166709511079762,6.096657618311619e-08,0.0015975041365218793,0.9707796823337193,5.085574397901204e-08,3.6054161346098603e-08,1.2161708353013508e-05
46,7.219832032558629e-05,0.019656188982752964,0.0009270182056130411,4.5829787147076004e-08,4.951514046358489e-05,0.00011861241452666805,3.558921627288176e-05,3.77770685312164e-07,9.170726834798792e-07,2.766897894607687e-05,0.00022143670687759244,0.0014597299915666201,3.1858727867089696e-06,0.0007987873586097131,0.0012293099576218514,7.265353206794903e-08,8.603798198808197e-05,2.0730079569023242e-06,0.01085940046474705,6.319208697671113e-08,0.0015670318138544274,0.9628178664845863,4.351285577604033e-08,2.532873702816295e-08,6.68037401361774e-05
47,0.00012352694980764497,0.01520103925188595,0.0014361034827543144,1.8692880675541189e-07,2.0724175496216304e-05,0.00033067138231565,3.373650781412396e-05,1.082825281740786e-06,8.61293081015966e-07,3.200176592607852e-05,0.00043657092990260896,0.003416971605974335,9.187941170851668e-06,0.0008178977966588402,0.0011922718278194367,2.523467604849891e-07,0.0006683493243191083,4.4148250306627e-06,0.009142249757670879,7.82758341023602e-08,0.002409297860937133,0.9646946030619904,8.304374586879199e-08,5.6041267713287366e-08,2.778079774799596e-05
48,0.000114952607809085,0.021337581484435243,0.001165650307268182,9.182604026142468e-08,5.067135392879264e-06,0.000776948067407838,3.5868494968254984e-05,3.3291035839073536e-06,6.525047254255628e-07,1.7167858156359674e-05,0.0001880868769047126,0.005107945394758413,2.124020929859088e-05,0.0002057464962333092,0.0007267448298657799,3.807321719488017e-07,0.0018257124349928128,1.9463506568497395e-06,0.0234928655783817,5.3902919815506275e-08,0.001437973722145879,0.9435269063316977,4.338552265065317e-08,1.3983038647453531e-08,7.030381623567248e-06
49,0.00144280625454568,0.03807582963266156,0.001220990941788,1.0235400235170186e-06,0.00010750960072369718,0.00027345215751376005,0.0001430744810473928,5.1707264294231924e-06,1.5975859452884277e-05,0.0001107397770908148,0.002249707740151651,0.002128513953053319,1.7319682260267096e-05,0.0014109124118540344,0.004979258586380558,1.3638574041764239e-06,0.0012405959276822578,1.0407919671595035e-05,0.01998525858771331,1.0515590246287945e-07,0.003710219245687931,0.9226734787265536,9.449359103053581e-07,5.198899835984726e-07,0.0001948204085141319
50,6.423465395816518e-05,0.00570558379806571,0.00031358956284068115,2.2381929743231173e-08,5.838458979809584e-06,4.6876323790564324e-05,2.53369753606677e-05,5.52444825272394e-07,4.861774214483085e-07,2.8608094752517425e-05,6.129340103111875e-05,0.0008230962755881741,1.8793720302868893e-06,0.00022613634116161528,0.00039464444772109667,6.416030375481232e-08,0.00013231455639707467,1.8779760503509706e-06,0.006333151426959957,4.093168213899659e-08,0.0006734560797568745,0.9851290235512098,1.6800796888548868e-08,1.2555773877896744e-08,3.186325161219951e-05
51,0.00012104038446217399,0.021898295383136663,0.0015452678185466477,2.194722961560598e-07,1.917186980227692e-05,0.0002169914722282847,2.615300590619716e-05,1.217321345101704e-06,1.194356497453981e-06,3.1458693957400485e-05,0.000413466372424611,0.0036937236975185333,1.3377279318280147e-05,0.000674282183739042,0.0006932146314576806,1.8199022773178573e-07,0.0008633588796397922,3.4335495696866095e-06,0.005920922101633708,3.951441980659119e-08,0.00162382811814312,0.9622250058793129,3.334638903509696e-08,4.794267771021001e-08,1.4074735350330701e-05
52,0.00020970938871865425,0.007183572152652839,0.0019431215351594742,3.7133515253273235e-07,1.2897174857124602e-05,0.00033456510631923764,3.0851600139033283e-05,1.3315322051780733e-06,1.0070922294107703e-06,6.960065341183665e-05,0.0005728425848545448,0.002835645121473537,1.1870930681930878e-05,0.0009901313242269758,0.0008113549974989692,4.2265470275178743e-07,0.001205337607880624,1.0569919808537728e-05,0.006205965318572115,1.4289900356734801e-07,0.0018680440252605414,0.9756775988406811,8.357142913436825e-08,1.602778287546255e-07,2.2802355251634265e-05
53,7.20930534815252e-05,0.00937836678140363,0.0004930631770792895,1.2542397885988193e-07,1.195730430408885e-05,0.00024233024172602133,7.36762480742878e-05,1.1573287984456774e-06,1.1636878341823906e-06,2.6784983200754203e-05,0.00024620771264619604,0.0018500353884478777,5.5811688877213345e-06,0.0005771320663303307,0.0016383079476925237,2.624979806533213e-07,0.0004756675232089205,3.167556785809856e-06,0.005990200119154233,7.853550430616917e-08,0.0014038868056132961,0.9774649134683874,1.0535039908010013e-07,4.2588305845594214e-08,4.3693040774883554e-05
54,9.179072292605795e-05,0.02537515004167671,0.00037231447649035574,3.7269028633445626e-08,9.671408351642074e-06,0.00019103977688581062,3.14333182582655e-05,5.868784391594443e-07,8.264196649905784e-07,2.1746580601459967e-05,0.0001255251158397029,0.004640954516119224,5.477305477215611e-06,0.0004986299445031269,0.00044272947745456807,1.3528112620949215e-07,0.0005114447482133786,3.729921604874445e-06,0.007527890362910738,3.841230704335614e-08,0.0011427747450249053,0.9589635802734702,3.366530411736781e-08,1.2755648239750334e-08,4.244658267311578e-05
55,0.0002181387884010566,0.045703604215285513,0.0008225776548788407,1.014911200174858e-07,2.7398711933850317e-05,0.0001941232246076438,5.0400023872470155e-05,8.1575042727028e-07,1.2668695407555457e-06,2.4094741656062963e-05,0.00030324765156895784,0.017030948157233494,1.3940678199100874e-05,0.0009251143987558483,0.0004458736691508598,2.1322287906547135e-07,0.0009260339714719456,1.571765682354945e-05,0.008910777487937484,5.7402712765396324e-08,0.002061993325530859,0.9222426377742515,4.8530095143988466e-08,2.3840050957282693e-08,8.085076161498734e-05
56,0.00010704978411564231,0.013861845190827372,0.0010373868281684103,1.1024201649642231e-07,1.298183394317567e-05,0.00023757960059997806,2.862283778050963e-05,9.96367209455026e-07,6.814620497255672e-07,2.5781239228201304e-05,0.0002861851735637423,0.003459395686414891,8.54073306601448e-06,0.0005639633263091253,0.000764554259593327,1.8598786186316822e-07,0.0006081036228175447,3.8397499209479956e-06,0.008848321093032668,6.325357183057941e-08,0.0017428352766701031,0.9683779850533029,5.214729582678123e-08,3.4235524623363816e-08,2.2905015115740597e-05
57,0.00015398546963127583,0.016649702800757532,0.0011924786164553489,1.9035576344760157e-07,1.7089062113092893e-05,0.0003366995819141345,3.961752258320194e-05,1.0763993186516752e-06,1.1734961950367959e-06,3.851161082019029e-05,0.00042187616621765136,0.00327062766306063,9.347186212795453e-06,0.0008375921532617331,0.001088768963480308,2.6957606311521376e-07,0.0008421185219639251,5.501015433139149e-06,0.007463579306110313,7.670571686272357e-08,0.0020116954264958703,0.9655823627528497,8.508689820716941e-08,6.780633027842818e-08,3.550675435361255e-05
58,0.00010296224215121036,0.01161856533680844,0.0010449318306851767,1.1099156114356503e-07,1.1507702338356354e-05,0.0002274896494306649,2.6616673489534033e-05,9.297993597347851e-07,6.742179082609499e-07,2.6627717822974134e-05,0.00028552327558415466,0.0026947899572433843,6.9637488876622755e-06,0.0005230812532144726,0.0008694748214010697,1.746993939899927e-07,0.0005627920976306385,3.3303139154281704e-06,0.007909115465637053,6.231367853704718e-08,0.0016663986294173287,0.9723960488665537,5.2368428909615533e-08,4.324264032830876e-08,2.1732784817914637e-05
59,0.0001074168787752605,0.011336105578134723,0.0011246313579112025,1.2064584104859797e-07,1.234973518914502e-05,0.00022865028849671163,2.6326352206763183e-05,9.320345630368592e-07,6.946930920303778e-07,2.908000436910146e-05,0.0003012969433292434,0.0026274441466576,6.648210293891068e-06,0.0005440090917683535,0.0009200097231926647,1.8486995850091214e-07,0.0005639056933088558,3.477613156925137e-06,0.0078757794691535,6.508905280731992e-08,0.0017585557066165632,0.972509937776385,5.3899799912332807e-08,4.916766309702687e-08,2.22750310839443e-05
60,0.00010787668547218832,0.013180406876568409,0.001018840557476234,1.0843066710416885e-07,1.2744067660838809e-05,0.0002375697873685349,2.7645311126477606e-05,9.59491449555005e-07,6.680821825182571e-07,2.622695358554481e-05,0.0002759381757240164,0.0032107114311702867,7.435148778453143e-06,0.0005545074540270818,0.0007954379235086339,1.8269136542450362e-07,0.0005884371161249444,3.7054655653290662e-06,0.008680258578411183,6.246810499861073e-08,0.0018171077056296934,0.969429658886903,5.384394107196335e-08,3.4929452566284135e-08,2.342193773596124e-05
61,0.0001145486359075421,0.01168540665030894,0.0012594185174632849,1.2658978119466109e-07,1.2571314078558365e-05,0.0002410501252311887,2.58830724330629e-05,1.0235130750550998e-06,6.548114793386409e-07,2.8440475820284177e-05,0.00030211154753330427,0.002831205422130605,7.297976963475418e-06,0.0005399680434229075,0.0008837446841202936,1.8662780856584743e-07,0.0005980032336859656,3.6805900256036733e-06,0.008480652777900029,6.698156830809015e-08,0.001860684762978978,0.9711022040212784,5.336059594832348e-08,4.610095138931378e-08,2.0970163457750523e-05
62,0.00010787668547218832,0.013180406876568409,0.001018840557476234,1.0843066710416885e-07,1.2744067660838809e-05,0.0002375697873685349,2.7645311126477606e-05,9.59491449555005e-07,6.680821825182571e-07,2.622695358554481e-05,0.0002759381757240164,0.0032107114311702867,7.435148778453143e-06,0.0005545074540270818,0.0007954379235086339,1.8269136542450362e-07,0.0005884371161249444,3.7054655653290662e-06,0.008680258578411183,6.246810499861073e-08,0.0018171077056296934,0.969429658886903,5.384394107196335e-08,3.4929452566284135e-08,2.342193773596124e-05
63,0.000106940161250259,0.013983648518872217,0.0009918934357246144,1.0271401147832996e-07,1.2673912858411226e-05,0.0002345995400977128,2.770648825155359e-05,9.39357734832135e-07,6.818363560362046e-07,2.5771068699385984e-05,0.00026974360448554346,0.003224266905354452,7.438058262867035e-06,0.0005420067774350603,0.0007835796957089668,1.7595641000211353e-07,0.0005793320427664685,3.573840180122116e-06,0.008654880568329852,5.9423637441058946e-08,0.0017635781446130332,0.9687628791033926,5.1152661735847964e-08,3.3475758072560704e-08,2.344421714722711e-05
64,0.00010312038128681209,0.013126041906530366,0.0010795714282288513,1.1158519754427304e-07,1.3690980489532067e-05,0.00023061635862473806,2.7829297488471988e-05,9.909824149817392e-07,5.807801894523738e-07,2.6295058084633167e-05,0.00028537771028400453,0.0031835449359001633,6.827056927559148e-06,0.0005105064318943218,0.0008948387485953582,1.717703482236426e-07,0.0005037773519765531,3.3524434538680943e-06,0.009382613482913662,6.322881426448182e-08,0.002444882119079322,0.9681527140065284,5.531392771239407e-08,3.4046337146365875e-08,2.2392594483783955e-05
65,4.7678314153040834e-05,0.012905713516772247,0.0024630247661092974,1.362867790153398e-07,1.3979901389422734e-05,0.0004949354871573561,2.8938610804174664e-05,1.0888582187550233e-06,3.380846843642121e-07,1.6933506791159154e-05,0.0004102832459088518,0.001498727824954509,6.5581878097404655e-06,0.00036788925454611535,0.003481683541921271,1.4955978029940655e-07,0.00037430330050220714,7.99596183188137e-07,0.01135173168701094,4.6871861691877346e-08,0.0028150228233352393,0.9637113296082173,4.9916640874188215e-08,4.219630351925878e-08,8.61505216565282e-06
66,0.00011665614317969796,0.013087847460393874,0.0018616560769947857,2.2277044765759237e-07,2.3856729958460932e-05,0.00016338769999559897,1.8122418855074587e-05,6.020702659968748e-07,5.025185421061715e-07,4.547684957937615e-05,0.0004921018830897219,0.004533252367022613,8.801490459169e-06,0.0011324888398410037,0.0005479433009498849,1.727576314660548e-07,0.0006138102975086742,6.798999562891073e-06,0.00557382303313893,5.5223833217887124e-08,0.0030435541340908387,0.9687071072222564,3.5631566563234093e-08,5.41847221719781e-08,2.166989611385933e-05
67,4.396600440682748e-05,0.007552039238456566,0.0005972562212847591,8.787442157052501e-08,5.2648221519174734e-06,0.0006043897493532394,2.3698182025788162e-05,3.641680995382385e-07,2.4862068445397827e-07,2.208988467673024e-05,0.0002985600212846441,0.003964410218659188,5.864403436960721e-06,0.0011331426219389578,0.000851689354464149,1.8136375051608103e-07,0.000826314652959357,4.612310077499725e-06,0.0047767636535620845,1.0988155349729188e-07,0.0024332789953537843,0.9768261751892684,1.1330410350392798e-07,3.975083276251806e-08,2.933951319326165e-05
68,0.00015372143865735572,0.014769439623638733,0.001469400465985962,1.8014286181669908e-07,1.4112728959877627e-05,0.0002984153630249816,3.800220744757829e-05,1.3635740802307652e-06,6.024973648827674e-07,2.8705306594472684e-05,0.0003678905704809006,0.007142505659871016,1.5456189452662945e-05,0.0008293958675385601,0.0006207187176565815,2.681187714006059e-07,0.001017639120329343,1.0127250552675705e-05,0.009789468643814112,9.391657022593155e-08,0.002593341275153736,0.9608095910362253,7.049897198435404e-08,3.5508358759054756e-08,2.945427763688705e-05
69,6.0907579659709675e-05,0.007610648948449368,0.0008446375214103175,5.842443698937016e-08,5.094049005514213e-06,0.00031366640423064667,1.7448055093445437e-05,7.092608642618936e-07,1.9438485002664984e-07,1.6860638944734074e-05,0.00023834954491775605,0.0035517852371140615,7.148829021302651e-06,0.00042466746390787494,0.0006245458206182036,1.3091340431370658e-07,0.0005200177507513031,2.604435570248312e-06,0.011239528478759092,7.897087139536293e-08,0.0023688285118307556,0.9721407830118263,5.125074958870399e-08,2.0531484807907158e-08,1.1233982227736572e-05
70,0.00012560262463100436,0.014969984807674405,0.002270244195645653,9.253046370987155e-07,3.5081204371899936e-05,0.0013593346399950357,5.9301458626941404e-05,2.0362043649312694e-06,3.3049560098741656e-06,8.015020160331584e-05,0.0004444818893286278,0.006969681380700795,2.4346590872438492e-05,0.0029199980137033853,0.0008596031429286182,1.2376665271515582e-06,0.003372427546538792,1.7136991646327546e-05,0.005145774701439439,3.242379850962138e-07,0.0018647740532687289,0.959428452048312,2.1814074886672512e-07,1.4335127105231167e-07,4.5434647168705255e-05
71,0.00022434755746687492,0.02374416002513656,0.0005247128296895716,1.4094776212284186e-07,2.6728203021239095e-05,0.00014999288047958274,3.485786266992943e-05,1.1308814537723704e-06,1.8347840899266112e-06,3.385392277732978e-05,0.0004351708418506251,0.006974790180390809,1.0774271105158126e-05,0.0008795321257096845,0.0006123673240984806,3.178226761478202e-07,0.0008371769725461573,8.701655619103635e-06,0.008379214167901721,6.680059160229435e-08,0.0019844687630204056,0.955078381309892,1.0543103869257526e-07,4.294425482951051e-08,5.7129494757513626e-05
