,0,1,2,3,4,5,6,7,8,9,10,11,12,13,14,15,16,17,18,19,20,21,22,23,24
0,0.005828600826443451,0.12193297537198007,4.7381704003648224e-07,4.04097390614642e-05,0.00015552971021403847,4.646980882421096e-06,0.00023903263464751732,0.0002214199513096198,0.0001855439864935345,8.398311241841385e-07,0.13897613444026494,0.0023038816902647904,0.0007412162250450422,2.414815604242027e-05,0.0012333146775316375,6.2842602662595315e-06,0.0007849272981648389,5.778945023155297e-07,0.01194872179338011,1.944055108435788e-09,6.24094857012354e-05,0.7150836387057994,1.6616203203008224e-08,1.376418178282771e-06,0.00022387754540413365
1,0.003781672521911521,0.07846950433141581,4.1777346647847556e-07,2.812547224037126e-05,9.874769020089784e-05,6.4696479052298385e-06,0.00022302623402075105,0.00024199935562829858,0.0004254220584963944,1.7039363442705548e-06,0.08982462889343666,0.0011546894962293976,0.0006850847438520441,3.2038622917983234e-05,0.001365170907217397,5.926352916836039e-06,0.0002600170483827037,6.972390633428199e-07,0.017206575643206098,2.4578394865848515e-09,5.79015346048609e-05,0.8058921758562467,1.4580505835300753e-08,1.1848848182295507e-06,0.00023680271713243456
2,0.0030096377466858892,0.08343217852194774,3.367776194522065e-07,2.287868992788441e-05,0.00010432357483407307,4.6154189146883715e-06,0.00015836057275294741,0.00022374024468161232,0.0003282245565728933,1.2682028201591133e-06,0.10291967786619596,0.0013840945418729406,0.0004779283599352462,4.087602809007645e-05,0.0015923423161716055,4.40325445172836e-06,0.000276932926306304,4.465491516079884e-07,0.00977700822270273,2.3032276297433942e-09,4.1269261941444346e-05,0.7959122805364746,1.1560773152007577e-08,8.83469791934353e-07,0.0002862784961558843
3,0.0038807701507289068,0.08239378368132425,3.2273563797276926e-07,2.411937752515846e-05,8.862277998952591e-05,4.973262937492983e-06,0.00017380536573655518,0.00020705444567813632,0.0002583631852534495,1.033434331017918e-06,0.10474377488243825,0.0013328079935607969,0.0005587361145615077,2.6964734453896414e-05,0.001213262104184373,4.201615015722434e-06,0.00032040101727615116,4.872792569785222e-07,0.01103981678800171,1.7455267694776722e-09,4.383715139094049e-05,0.7934764272953531,1.1590048557452313e-08,8.516195321845015e-07,0.00020556965025687814
4,0.003679984853623237,0.08652469788966877,3.4125231001409704e-07,2.3824055905818062e-05,8.812823631657316e-05,4.327496970929503e-06,0.0001767299181164886,0.00020301258146000284,0.0002624060732724513,1.0632402925763353e-06,0.10132804235324554,0.0013122480784566182,0.000641485933347883,3.066234666921104e-05,0.0010736946701479005,4.015686238558721e-06,0.0003077204265031575,5.185959711851586e-07,0.010874578260249072,1.9962427967892197e-09,4.8191651098017054e-05,0.7932183087190103,1.11634940098425e-08,9.127572720927038e-07,0.0001950917641168588
5,0.004864772865158929,0.09182208194640276,4.450818812593617e-07,3.778038262954027e-05,0.0001230554485835647,5.991085406989968e-06,0.00021244278279054673,0.000251722652100595,0.0003182710911046712,1.4341453870291942e-06,0.11843454481336352,0.0013751940373411711,0.0007494251477340428,3.540253252181963e-05,0.0011589523972212617,4.917396134106303e-06,0.00037847565626616616,9.233040364775609e-07,0.014182425826915123,2.5637365513766447e-09,6.360398233771526e-05,0.7657808417941991,1.8412079257542467e-08,1.2158753198810187e-06,0.0001960587793476078
6,0.0038807701507289068,0.08239378368132425,3.2273563797276926e-07,2.411937752515846e-05,8.862277998952591e-05,4.973262937492983e-06,0.00017380536573655518,0.00020705444567813632,0.0002583631852534495,1.033434331017918e-06,0.10474377488243825,0.0013328079935607969,0.0005587361145615077,2.6964734453896414e-05,0.001213262104184373,4.201615015722434e-06,0.00032040101727615116,4.872792569785222e-07,0.01103981678800171,1.7455267694776722e-09,4.383715139094049e-05,0.7934764272953531,1.1590048557452313e-08,8.516195321845015e-07,0.00020556965025687814
7,0.005604052223859174,0.06045806087907626,2.8225927927824796e-07,1.7875026762931648e-05,4.665132817040209e-05,3.4484549379219018e-06,0.00015265831181874646,0.000179947540486631,0.00013033265397334882,6.249626854510861e-07,0.1102410947088163,0.0008145563677469132,0.0009312500292197247,1.2093299606837611e-05,0.0007614583636240246,2.557747847743196e-06,0.00022244803943123736,4.624426602624907e-07,0.00977935213867538,1.407135079150893e-09,3.3321075481782325e-05,0.8105294411346662,5.448484100053793e-09,4.7044994724971235e-07,7.75537056069365e-05
8,0.0070858847879839435,0.13450482547562345,9.84806705057955e-07,4.4090715379704354e-05,0.00015534791734639642,6.0312463922446025e-06,0.0001342727177940148,0.00019727826575032927,0.00043335979603652844,2.2111068793965524e-06,0.10073196481453026,0.0022492787684734086,0.0007151156113625464,5.271382745288964e-05,0.001696348571640264,8.446342394310704e-06,0.0006249200847089582,5.457451740040886e-07,0.00782531264214786,3.3230272837448283e-09,4.496024816097627e-05,0.7429377371515875,2.7233914548915804e-08,3.0663291458352413e-06,0.0005452724703884545
9,0.0038137774486462746,0.16010786443837002,9.491175926317487e-07,4.0770364085032174e-05,0.00012873187603429807,5.201063098609955e-06,0.0001324931234074368,0.00023103012890513005,0.0005398963596910589,3.7665941330836435e-06,0.07661203906316069,0.0017576490428254552,0.0007284420099532529,8.034514920238568e-05,0.0016126996357892478,1.0386137384318931e-05,0.00047076267942542315,6.407681806837248e-07,0.011417921143124643,4.631871652307821e-09,5.788602013968293e-05,0.7416553510180821,2.4110598534991883e-08,3.072904967770272e-06,0.0005882951713304195
10,0.0038807701507289068,0.08239378368132425,3.2273563797276926e-07,2.411937752515846e-05,8.862277998952591e-05,4.973262937492983e-06,0.00017380536573655518,0.00020705444567813632,0.0002583631852534495,1.033434331017918e-06,0.10474377488243825,0.0013328079935607969,0.0005587361145615077,2.6964734453896414e-05,0.001213262104184373,4.201615015722434e-06,0.00032040101727615116,4.872792569785222e-07,0.01103981678800171,1.7455267694776722e-09,4.383715139094049e-05,0.7934764272953531,1.1590048557452313e-08,8.516195321845015e-07,0.00020556965025687814
11,0.003966063621513882,0.08193521194918764,3.274981169307511e-07,2.4411004606847917e-05,8.68214240878851e-05,4.643244873285312e-06,0.00017791106495516906,0.00020035983125753852,0.0002495767282513071,9.851839501535534e-07,0.10276989292786129,0.0013494995878913154,0.0006303897370572273,2.5812546811055765e-05,0.0011504247346102447,4.234353390148171e-06,0.0003155430057744358,4.907962593939255e-07,0.010921373020690394,1.8724642911287676e-09,4.380014166642312e-05,0.7959488313226065,1.1109029344761755e-08,9.122475932113822e-07,0.00019247104549403147
12,0.00602811924914023,0.08650470159474402,1.458089357197443e-06,2.073169509209275e-05,0.0011063793279154533,8.713078770079021e-06,0.00019693328550014639,0.0001720020476548493,0.0006553798885030905,1.5114775696510049e-06,0.28682992045159134,0.00284514239702231,0.0004175195496521734,0.00015054336284859373,0.00099387442306916,3.2452628548084127e-06,0.0009655017631845236,7.765005390030044e-07,0.0030048927058569136,6.1764523865226475e-09,0.00013884421138828242,0.6090625481552169,5.2261503346917265e-08,3.8143601675231554e-06,0.0008873886844059309
13,0.003021224743390228,0.0695806771339059,2.4014623119620685e-07,1.4327218891111662e-05,6.961761261318722e-05,2.9570998543728797e-06,0.00012990471682700527,0.00019865044564851088,0.00017616681599851592,6.104315244730781e-07,0.12599704180399565,0.0015633441576502558,0.000438425035567145,2.7325592412047908e-05,0.0011415545162357641,3.0479687080530284e-06,0.00026847306377584987,3.059441255002533e-07,0.0069392022173953875,1.4403874515127535e-09,3.254663550587133e-05,0.7901886701588337,6.265659138260277e-09,5.449725114561223e-07,0.00020513386235188855
14,0.0035125505629557342,0.17347761093369438,3.5118338113176083e-07,3.895151822165873e-05,0.00017298325825647722,3.102915231969446e-06,0.0001564807956182969,0.00016854536277314974,0.0001576003692250128,1.2269213171326852e-06,0.1566837298946339,0.0008679351947996368,0.0008779252521729121,3.374938733006225e-05,0.000648368728774931,2.6021359729973085e-06,0.0005415206824590361,9.150880802056277e-07,0.017838911486446944,2.044305513318133e-09,0.00011289657884288017,0.6445977474564618,1.3795367838569995e-08,1.0224182609667914e-06,0.00010325603541524734
15,0.0038807701507289068,0.08239378368132425,3.2273563797276926e-07,2.411937752515846e-05,8.862277998952591e-05,4.973262937492983e-06,0.00017380536573655518,0.00020705444567813632,0.0002583631852534495,1.033434331017918e-06,0.10474377488243825,0.0013328079935607969,0.0005587361145615077,2.6964734453896414e-05,0.001213262104184373,4.201615015722434e-06,0.00032040101727615116,4.872792569785222e-07,0.01103981678800171,1.7455267694776722e-09,4.383715139094049e-05,0.7934764272953531,1.1590048557452313e-08,8.516195321845015e-07,0.00020556965025687814
16,0.0030121544249642686,0.07162377481548622,2.0665074243885717e-07,1.6610565825434607e-05,5.34395326708831e-05,3.3195694430986956e-06,0.00012544996879761307,0.0001971366782531861,0.00016390405231932282,7.139190613529803e-07,0.09790419076672043,0.0013877968932906493,0.000412444880549195,2.3830310807651508e-05,0.0012065140983205395,3.444785265583117e-06,0.0002771407275568304,3.436595941150168e-07,0.008538338648518991,1.228111936297093e-09,2.914091303693858e-05,0.8148451996383538,6.646079008847425e-09,4.5452264228864275e-07,0.00017444210358830538
17,0.005127105718482577,0.08795271223263408,4.900362911178151e-07,2.054273083595545e-05,0.00014979628054346744,4.014342386889958e-06,0.00024830222157265193,0.00018602459026451334,0.00028069393701912813,7.23981124175216e-07,0.15030010188861867,0.0019813842322380258,0.000782131358287779,4.129366297065789e-05,0.0006478565669883688,3.190679023844814e-06,0.00045898924156944926,6.590667524656003e-07,0.007323729360812825,2.3096606346080277e-09,7.836362427321874e-05,0.7442001125477211,1.477166788646201e-08,1.3458163914763554e-06,0.00021041880186902938
18,0.0030028602588401676,0.09655393468049513,4.3090838150915197e-07,1.3242067143894951e-05,8.124278284008074e-05,3.831119510094314e-06,0.00018321565146938386,0.00019362571811354883,0.0002569405028371366,1.04920257988383e-06,0.09861757359042714,0.0022906754701813963,0.000415828488440396,4.772440575416607e-05,0.0013563508480645182,6.843335725514437e-06,0.0004927352608207691,3.6441006989844134e-07,0.009195586870065196,1.956286280779744e-09,6.073134449674717e-05,0.7866731642910342,1.3117777121691073e-08,1.1669429896203182e-06,0.000550866775655942
19,0.002629693954084145,0.09281703613818537,2.407897880427473e-07,3.7795172846234965e-05,0.00010539096917867378,6.308585750608401e-06,0.000162782371488773,0.00017877463236265744,0.00034926289704199486,1.3648117609366439e-06,0.06679074690785936,0.0012388357464733783,0.0004927592753905485,2.491600465768829e-05,0.0014613764670727606,4.108242327994905e-06,0.00024798753198780106,3.634095249912021e-07,0.010811794510659872,1.7608251776866825e-09,2.5833828242552285e-05,0.8224251150250881,1.0962801875576819e-08,8.390174302931309e-07,0.00018666098717002143
20,0.0019681487351941094,0.06272751522283994,1.4529445013775143e-07,1.4950533721734022e-05,4.2625412588375756e-05,3.1081081664225184e-06,0.00010230014307762645,0.0001632557832867369,0.00016967619119679901,7.625337838285896e-07,0.06969141589034332,0.000747277857314864,0.0004262947695951341,1.884259934200098e-05,0.0010351447626115887,2.3970513944926458e-06,0.0001622071143473899,2.5106157246794463e-07,0.008491477944858264,1.2515673435189977e-09,2.2783080641433203e-05,0.8540946809839993,4.684506574241698e-09,3.6355966270840166e-07,0.00011436942993726126
21,0.008390083147411102,0.10946876592911396,9.324596116991443e-07,2.9545445393725356e-05,0.0001229881912374154,3.3203173026620207e-06,0.00022595425166737707,0.000287392442120248,0.00028510318742898735,1.2020806893030758e-06,0.14617694135558562,0.0028015077924946254,0.0010828539409971608,5.916792294333523e-05,0.0008048764147120836,6.834279636529502e-06,0.0005743674423919666,1.1920449747045741e-06,0.009351320589206995,3.2233226314224933e-09,9.327644966549141e-05,0.7199289089596703,1.8500676402186706e-08,2.013024061051479e-06,0.00030143060768456233
22,0.005418452302085293,0.07750281116983188,4.4550531277736503e-07,2.3051838229649764e-05,7.488222735725739e-05,4.893848978573455e-06,0.00013690737071108788,0.0002860668617145806,0.00013997358206215138,1.2590652606952943e-06,0.12439498440106231,0.0009528371535737335,0.0006052840447374124,2.639438720485056e-05,0.0007508624968809849,3.983061335707084e-06,0.0005477498930029934,8.716903697965812e-07,0.01165054096431339,1.8318224051206381e-09,7.149696669944545e-05,0.7772760371524384,1.4201307032047468e-08,6.03200588261964e-07,0.0001295947831191765
23,0.0038807701507289068,0.08239378368132425,3.2273563797276926e-07,2.411937752515846e-05,8.862277998952591e-05,4.973262937492983e-06,0.00017380536573655518,0.00020705444567813632,0.0002583631852534495,1.033434331017918e-06,0.10474377488243825,0.0013328079935607969,0.0005587361145615077,2.6964734453896414e-05,0.001213262104184373,4.201615015722434e-06,0.00032040101727615116,4.872792569785222e-07,0.01103981678800171,1.7455267694776722e-09,4.383715139094049e-05,0.7934764272953531,1.1590048557452313e-08,8.516195321845015e-07,0.00020556965025687814
24,0.002766606707158349,0.12191189786629787,2.5729743072267634e-07,3.914235704934185e-05,8.321538900942382e-05,4.237877897770426e-06,0.00015516721431560538,0.00021627738393412827,0.0002300992367100387,1.3913856270507919e-06,0.08160153982690307,0.0011286993033021756,0.0005685490781070778,2.987827690370895e-05,0.0012046043219969777,4.351845590963781e-06,0.00034355902451831566,5.650325908049045e-07,0.01577626529640653,1.7054121901285724e-09,4.3652158810616365e-05,0.7737296822431732,1.1940800233841201e-08,7.743071452159055e-07,0.00015957292290881648
25,0.004891254468235981,0.05557328863855852,4.095977365473012e-07,2.120054173140892e-05,0.00012259750366452746,4.445143758706605e-06,0.0002556111741361215,0.000429056987454311,0.00019351097975447634,6.491251565955096e-07,0.2300478548709922,0.0019890641155799575,0.0006840069121306633,3.555713197478824e-05,0.0006580426701659157,3.2927949540552754e-06,0.00035861961678817307,1.098359887880917e-06,0.007863781424785164,2.6865644234898805e-09,7.287738972235928e-05,0.6966606248184837,1.1457083948319788e-08,6.538180660974548e-07,0.00013248777263341087
26,0.011480300062482136,0.11562282346765272,1.3838778049413907e-06,6.47889131454039e-05,0.00029367314967205,1.0693927211030634e-05,0.0003103592798626485,0.0002509280587647092,0.000843273860099132,2.6039003453230783e-06,0.14622166187524313,0.0019306972615107444,0.0012624460928985417,6.314712511316249e-05,0.0011306175262082196,7.743558723746663e-06,0.0005899450010428377,1.9386004397344813e-06,0.013709439232903057,5.373727310135055e-09,0.00011191702679450676,0.7057236263200121,5.8737327353447275e-08,5.079086175424346e-06,0.000360848684839989
27,0.0023919671437077367,0.05784448192565593,1.6081077169187042e-07,1.9112377358246524e-05,5.804432999386529e-05,4.976937480232253e-06,0.00012074131526147673,0.00015956468422548026,0.0003025284052992762,8.873043301343294e-07,0.06674979645878332,0.000930475960856298,0.0003960230653315196,1.751302170263679e-05,0.0013972140765351792,3.14824578139667e-06,0.00014248343565044717,2.653831887838628e-07,0.009284061907604627,1.3231232111962495e-09,1.8453299596088444e-05,0.8599945659083827,6.531922334010227e-09,5.786181506116675e-07,0.00016294752930671067
28,0.0038807701507289068,0.08239378368132425,3.2273563797276926e-07,2.411937752515846e-05,8.862277998952591e-05,4.973262937492983e-06,0.00017380536573655518,0.00020705444567813632,0.0002583631852534495,1.033434331017918e-06,0.10474377488243825,0.0013328079935607969,0.0005587361145615077,2.6964734453896414e-05,0.001213262104184373,4.201615015722434e-06,0.00032040101727615116,4.872792569785222e-07,0.01103981678800171,1.7455267694776722e-09,4.383715139094049e-05,0.7934764272953531,1.1590048557452313e-08,8.516195321845015e-07,0.00020556965025687814
29,0.0038807701507289068,0.08239378368132425,3.2273563797276926e-07,2.411937752515846e-05,8.862277998952591e-05,4.973262937492983e-06,0.00017380536573655518,0.00020705444567813632,0.0002583631852534495,1.033434331017918e-06,0.10474377488243825,0.0013328079935607969,0.0005587361145615077,2.6964734453896414e-05,0.001213262104184373,4.201615015722434e-06,0.00032040101727615116,4.872792569785222e-07,0.01103981678800171,1.7455267694776722e-09,4.383715139094049e-05,0.7934764272953531,1.1590048557452313e-08,8.516195321845015e-07,0.00020556965025687814
30,0.0038807701507289068,0.08239378368132425,3.2273563797276926e-07,2.411937752515846e-05,8.862277998952591e-05,4.973262937492983e-06,0.00017380536573655518,0.00020705444567813632,0.0002583631852534495,1.033434331017918e-06,0.10474377488243825,0.0013328079935607969,0.0005587361145615077,2.6964734453896414e-05,0.001213262104184373,4.201615015722434e-06,0.00032040101727615116,4.872792569785222e-07,0.01103981678800171,1.7455267694776722e-09,4.383715139094049e-05,0.7934764272953531,1.1590048557452313e-08,8.516195321845015e-07,0.00020556965025687814
31,0.00574040779084149,0.09442387353616921,5.237219598593189e-07,2.301391605273626e-05,6.0936180482335376e-05,4.112216055203005e-06,0.00016029258316810512,0.0003685929798215371,0.00018616567239188904,1.296404361273226e-06,0.10353553797159219,0.001384248369899944,0.0006408297031224472,2.9908752966817432e-05,0.0008172485854434601,5.898016059753783e-06,0.000430087941060231,7.647571846083647e-07,0.010696892476675645,1.8249247333677481e-09,5.791336517224874e-05,0.7812455017934758,1.175057376118017e-08,7.402909741669378e-07,0.00018519939957036398
32,0.003551878070358704,0.0805847641033636,2.9439374087569357e-07,2.482941697489394e-05,8.17140694207665e-05,5.014745037741991e-06,0.00017153083981012873,0.00020481214170061168,0.0002443421163313395,1.0649359928357459e-06,0.09924506898118571,0.001196733830628754,0.0005607752160116632,2.440337737438046e-05,0.0012933853108659638,4.347805957169224e-06,0.00031067833972794467,4.815004312841732e-07,0.01299162058504777,1.7194218523738493e-09,4.436571477710143e-05,0.7992669803836032,1.1263850680456379e-08,8.108362641282582e-07,0.00019009030212084125
33,0.004152111605175583,0.07696545288480876,2.0435189120086481e-07,2.117585112032869e-05,4.9214848630546796e-05,2.5435959751557414e-06,0.00015597966263092685,0.00021397528465951835,8.713022164891035e-05,4.241079189826849e-07,0.11543950020146132,0.0017414607395006521,0.0007086370175126831,1.346447117516851e-05,0.0005811482087405513,3.666772329270099e-06,0.00041014222126897016,4.574042253201525e-07,0.00905369366740992,1.1117823326813513e-09,3.604921790722156e-05,0.7902732976816568,5.771941557147602e-09,5.345097467472864e-07,8.972858888166188e-05
34,0.003869564596400031,0.08251765043830256,3.2248551810486656e-07,2.411325148396016e-05,8.861498958086547e-05,4.972054307429592e-06,0.00017365087850467378,0.00020703511292030497,0.0002583849898344793,1.0348108677288176e-06,0.10458180762826425,0.0013334933911912264,0.0005576972802190845,2.7013255158511718e-05,0.0012129830900208247,4.203612331718586e-06,0.00032062422845813456,4.864830983408302e-07,0.011030789476276845,1.7454018082296804e-09,4.3812681203383144e-05,0.7935349454594042,1.1592116423398954e-08,8.51343459468187e-07,0.00020593512567591924
35,0.003958424262761204,0.08009894538339156,3.1549429361192597e-07,2.3736104005607784e-05,8.329229048541479e-05,4.962089772723003e-06,0.00017141298269025514,0.00021009611287627783,0.0002525493479300748,1.0158910754871835e-06,0.1023695965705543,0.0013252455444757551,0.0005589808915424093,2.55901786306686e-05,0.0011655633640286062,4.243091533898097e-06,0.00031254358025932516,4.957750454675774e-07,0.011044019140565983,1.6869731930868717e-09,4.238009655300834e-05,0.7981495887441584,1.1181638934425496e-08,8.260442059062639e-07,0.00019616415055198608
36,0.0023865916645040724,0.06282872304891217,1.5834979610314464e-07,1.5921733989249604e-05,2.5134630399163816e-05,3.058902184469249e-06,9.170936934109143e-05,0.0002344987865625118,0.00016474466955687282,9.377138065475961e-07,0.046804061402198074,0.0009493397323840238,0.0003533255967590018,1.9060766515237547e-05,0.0007996299087780099,3.5420149958255937e-06,0.00018111989782252258,3.231624057091312e-07,0.008030105930943039,9.190298640883298e-10,1.733610999937968e-05,0.87698017251096,4.564528196249103e-09,2.838438294356503e-07,0.0001102147697994226
37,0.009662725915153924,0.10489442456114632,1.0034041748924683e-06,3.312019398387737e-05,0.00019403450767201342,4.770197762874053e-06,0.00032114437890912737,0.00020062025078971296,0.0004148201802808328,1.1804670758692988e-06,0.15286344932782692,0.0023314034750711175,0.0013610835778869088,5.0054892609978335e-05,0.0008019729852063057,5.629642084670735e-06,0.0005470757190823809,1.2198498620119127e-06,0.01042688737937667,3.644255099394146e-09,0.00010829923540624176,0.7154874143287481,2.453081852681387e-08,2.964005859835224e-06,0.00028467334895596627
38,0.005577693843834733,0.05231273299128526,3.203827255554473e-07,3.2431204263954406e-05,5.319590371672752e-05,1.137465734276947e-05,0.000363316815220527,0.00026000966307456944,0.00023099473169486444,1.218604000067308e-06,0.08425887279113213,0.0009772315634566286,0.0008464317282404794,1.1118731429026667e-05,0.0016873461067590588,8.839109801266547e-06,0.00035045360676390754,9.38612384232367e-07,0.03052163414299237,1.9609505878807904e-09,5.960789696349374e-05,0.8223010271290514,1.787291187256563e-08,8.091510896064964e-07,0.00013238079891459274
39,0.004099971396810511,0.04450633871856558,2.774495122282427e-07,1.5229648989372826e-05,4.543354754319756e-05,6.859021120184039e-06,0.00023609066470340806,0.00035537736790382956,0.00013708394658966568,6.670069203653093e-07,0.10302720983195388,0.0015977429904434023,0.0004944274294319216,1.2452873715458066e-05,0.0008635025486492885,6.762498956836607e-06,0.0003797380488910372,5.020302994462495e-07,0.011417761352178969,1.4118422931174858e-09,4.6959210310268484e-05,0.83259772593552,9.51348893844838e-09,5.272856470823577e-07,0.00015134827001276057
40,0.003914373400312569,0.08738003104598313,3.4223642803470393e-07,2.951173395141728e-05,9.661664561492826e-05,5.412582350197361e-06,0.00019349637196370087,0.00023191524205633585,0.00029267068617641086,1.2605942351781069e-06,0.10708669991644254,0.0012882576544504117,0.0006153246271780046,2.9505904696367198e-05,0.0012513289905540133,4.883511983471037e-06,0.0003339875163294043,6.493065880335734e-07,0.014530652314156131,1.997405473642881e-09,5.3119754259802345e-05,0.7824530893431014,1.4295256199603262e-08,1.0148595482111846e-06,0.00020583946897875945
41,0.0037863848335509646,0.06408842454387005,2.1145954970045905e-07,7.405407068576053e-05,0.00025784597677912344,1.5300647887828608e-05,0.0001601650325354144,0.00018716202337126358,0.0006665827241865828,1.3927489107879513e-06,0.1111036661938039,0.001339306106485313,0.00031562503436802605,1.677992521927153e-05,0.005694338280688228,3.910046503414453e-06,0.00018732939413768746,2.8730292669196653e-07,0.01242914101074882,1.6202026986694615e-09,1.2629947346127286e-05,0.7994006362576809,1.5073439588999973e-08,9.112210374197791e-07,0.0002578985240845369
42,0.0015499776276726217,0.04052556540900929,7.40855753261293e-08,1.0001864092900325e-05,2.2080216169977872e-05,3.162878522470584e-06,7.111492564499643e-05,0.0001254662793492071,0.00010068280946686681,4.776766213736424e-07,0.045198229274360936,0.0005536897364251432,0.00029720784506592627,6.0736738703765725e-06,0.000844295628643272,2.323258158320392e-06,0.00012622743350011915,1.2245129811103505e-07,0.008216451088353307,5.992175237123637e-10,1.1555539943157654e-05,0.9022650528086676,2.3567901592733557e-09,2.1453045732683308e-07,6.995000312355204e-05
43,0.005538765550120286,0.11997755430665269,4.0512743360867823e-07,2.5026825164651036e-05,0.00011146311420702693,2.813950050587393e-06,0.00021454137905097703,0.0001803727771776774,0.00022451515214735662,5.822906761575691e-07,0.150495456066461,0.0030855856277826567,0.0006739854235911577,3.6634787043233336e-05,0.001005245049657773,4.307088224674061e-06,0.0005040924492909692,5.051448934238796e-07,0.007743866130379038,1.5830433122464945e-09,4.5280828819716255e-05,0.709833234349461,1.1766008660361985e-08,1.2248777032654705e-06,0.0002945283549590926
44,0.0038807701507289068,0.08239378368132425,3.2273563797276926e-07,2.411937752515846e-05,8.862277998952591e-05,4.973262937492983e-06,0.00017380536573655518,0.00020705444567813632,0.0002583631852534495,1.033434331017918e-06,0.10474377488243825,0.0013328079935607969,0.0005587361145615077,2.6964734453896414e-05,0.001213262104184373,4.201615015722434e-06,0.00032040101727615116,4.872792569785222e-07,0.01103981678800171,1.7455267694776722e-09,4.383715139094049e-05,0.7934764272953531,1.1590048557452313e-08,8.516195321845015e-07,0.00020556965025687814
45,0.0025153039906203826,0.03880978607182916,1.2328273071515048e-07,4.194745541217845e-05,9.650462703210317e-05,1.1755962528227313e-05,0.00032011408261969264,0.0002046598331140159,0.0004066144878623109,7.621875811074787e-07,0.0827024351039633,0.0010795307443422623,0.0005295097337184827,8.171789685180526e-06,0.0035377245701957087,5.252032194884046e-06,0.0001270719862438082,3.2724471046419237e-07,0.020415338577015826,1.8398012899878135e-09,1.6079333085847986e-05,0.8490409227500477,8.570565129592343e-09,6.374569287001506e-07,0.00012941628617135444
46,0.004334640470405043,0.07769693449169882,2.123755787754955e-07,1.959420021331922e-05,4.902151889274727e-05,3.4695746405074626e-06,0.00010105667469055144,0.00016249293394664753,7.826013734913807e-05,5.021715616331101e-07,0.0898617957531282,0.0014435047336892625,0.0004266155356226247,1.0777951627589215e-05,0.0009411010095216784,3.857550368453854e-06,0.0005737933484062308,2.3701785246665663e-07,0.007015704494519797,8.478397940527882e-10,2.4051313197917824e-05,0.8171196134061482,7.080656357147188e-09,4.7246983087530316e-07,0.00013228293861345598
47,0.0029700780340585074,0.0749702340595418,1.3472984653786853e-07,8.12208188509439e-06,1.9028138733504717e-05,1.680502782849834e-06,8.097747557526695e-05,0.00011088024352728003,9.168698242923104e-05,3.7631130465860695e-07,0.04569703205863584,0.001328396550685111,0.00044557799611185983,8.495303826274431e-06,0.0005716905765153744,3.2686405554360307e-06,0.00019711575674532858,1.2324054281014648e-07,0.004622139786601536,5.93207527121136e-10,1.0897725576898435e-05,0.8687453279763026,2.1432090453966086e-09,3.6297489936890705e-07,0.00011637011690021185
48,0.001953930899959335,0.14670229558279269,1.3875879682726884e-07,2.3101271616644193e-05,2.3819477378810503e-05,2.4942692408699386e-06,7.215486671966818e-05,0.00017541393700862092,6.102648899169206e-05,1.0210845896630595e-06,0.038089355378870655,0.0006981414430078921,0.0003251226834757349,1.2599301647204506e-05,0.000743069089164053,3.835375154944832e-06,0.0005332032096913553,2.269003666297494e-07,0.011547745019534027,6.215634520458193e-10,2.2970146387928345e-05,0.7989220884823206,5.780321768584131e-09,2.390560542650796e-07,8.600087534441813e-05
49,0.00127434984294524,0.17326852789176123,1.55599470082811e-07,5.363347427599846e-05,8.460443996431618e-05,1.963178342436615e-06,0.0001736970805588852,0.00011558175095898319,0.00024538786717028427,1.9736545094765487e-06,0.07348336158019177,0.0005044577765701386,0.0005908177771890234,4.2703776734836085e-05,0.004674788030336578,6.503894286716623e-06,0.00039749968334409664,5.52376737393105e-07,0.08671292819651835,1.8336932909246904e-09,9.198380624947676e-05,0.6580255913743782,1.5816918774136004e-08,1.102870451935413e-06,0.00024781642644249507
50,0.0021216800301631267,0.08396856274746783,2.707905394427686e-07,1.9374795602480863e-05,5.5016890228198493e-05,4.331139693249313e-06,0.00017533163235159338,0.0002274120776117304,0.0002495053035569068,1.4633857353150908e-06,0.06474456152089723,0.0009103861726965833,0.0005455910805959782,2.9265756756356325e-05,0.001076367468979276,4.018765038299487e-06,0.0002254838659013646,3.8140009071153533e-07,0.013105647871228237,1.734524547680638e-09,4.2989966266664065e-05,0.8323292251556117,7.541847539621945e-09,5.17138925513458e-07,0.000162605767689971
51,0.004161119636013601,0.0776583126379372,3.4770764624911606e-07,2.384953311818997e-05,9.606459027026316e-05,5.441623296672287e-06,0.00019043373457283764,0.00020757416828179573,0.00027601539808418525,1.0350946683655487e-06,0.11098524665835077,0.0013700235953287888,0.0005780694057625715,2.719102708635548e-05,0.0012375541641711449,4.397453697658742e-06,0.00033391177938795,5.210677168025093e-07,0.011364369216002649,1.852880575124925e-09,4.823885242548863e-05,0.7912113145833791,1.2872531137778096e-08,9.421195848892197e-07,0.00021801122780472137
52,0.003623279434080595,0.056238995771487825,2.404806023996517e-07,3.3009431446623445e-05,4.6462362787156615e-05,6.222800929340748e-06,0.00010613088771738363,0.00027783669425489023,0.0002442714710117027,1.9909396529005533e-06,0.06934104587460652,0.0006457002563737379,0.0005591698440776647,1.9837001517538784e-05,0.001451725255112255,5.18991142443765e-06,0.00018702239385878983,8.519130645105246e-07,0.017659218899125296,2.0229507592021616e-09,2.838714539431611e-05,0.8494147280866454,9.998273528068866e-09,5.406398403913637e-07,0.00010813048376389194
53,0.004271406699034924,0.06188733912524516,3.3336924508484765e-07,1.9698261816379087e-05,9.673463891532418e-05,7.4922700085249104e-06,0.00044144912151649593,0.00024853556701934736,0.00041612178202425556,6.58875699512654e-07,0.1365850892197952,0.0026026574460372314,0.0006042713851730613,3.0406736741028305e-05,0.001469839368866367,4.927135960267226e-06,0.0002730594664756502,5.317055161827814e-07,0.009738709399000062,2.1045229027753425e-09,4.684585879925515e-05,0.7809484455267531,1.4817031886871403e-08,9.663880027744364e-07,0.00030446373079986007
54,0.0017379203463236007,0.11629097900634769,2.405203274473117e-07,1.305933854830936e-05,5.915657548734338e-05,2.6788572154172342e-06,0.00011029601755532769,0.00015395079715747564,0.0003388220920368716,1.1611340603803175e-06,0.05678080537406758,0.0020814471828146013,0.00029120111890303476,4.5378479869489216e-05,0.0018544618220320973,5.579018613726764e-06,0.00022147130241568588,1.6145948640506935e-07,0.006544677580221588,1.437248875967237e-09,1.8765380726636426e-05,0.8128688569801317,6.115039238489205e-09,7.699485063196369e-07,0.0005781521148633605
55,0.005876995955268014,0.07930098152325381,4.469476650376262e-07,3.7715645672305546e-05,0.00022329803757378865,8.069534647603537e-06,0.0006090515918338678,0.00020750518424702115,0.0007703805214735137,6.421293268557486e-07,0.1670147457685912,0.005673271795921571,0.0009122285561246221,3.486245406450857e-05,0.0013680100629082214,6.92038582339206e-06,0.00029731845804696605,7.68777640521484e-07,0.011372260383525767,2.6774670047722756e-09,5.0918199569025615e-05,0.7258088753432348,2.0592376813906025e-08,3.1245869878662416e-06,0.000421584886755902
56,0.003873490449809979,0.08173723156124568,3.1891831083851154e-07,2.364539944616206e-05,8.496257834178094e-05,4.7794867163623965e-06,0.00017400276536164616,0.00020313595223946313,0.0002509221703354467,9.958047825593783e-07,0.10303475971241194,0.0013322733023327757,0.0005835631991033819,2.6289703331235963e-05,0.0011608571235294145,4.12463340158153e-06,0.00031422829908529814,4.830613884807492e-07,0.010860868461123526,1.7684145266634804e-09,4.344367726575873e-05,0.7960880356901815,1.1197917196081027e-08,8.561513010604544e-07,0.00019671893262229587
57,0.014617203105494865,0.054981580308723216,1.1744954974995944e-06,6.711427539592736e-05,0.0003797799547688458,3.0356014155578665e-05,0.0001896094468789241,0.0003424773199912854,0.001185454413728865,2.6457942176274564e-06,0.24839265960862633,0.001837382157066537,0.0004373077537114345,9.049319190214235e-05,0.002856056476854922,3.878392564018379e-06,0.00044293789981967154,1.65658805846254e-06,0.003542896245501876,6.054820808658905e-09,3.223507505428209e-05,0.6701243631919575,8.594401671283006e-08,1.8631351809046974e-06,0.00043878315601177776
58,0.004137988667047127,0.09028880282947037,3.8586516378873366e-07,2.834635041014707e-05,0.00011859731632691528,5.202301725466604e-06,0.00020913510237877952,0.00018593147908510993,0.00032260503587035357,1.0999387791324048e-06,0.11024770388732062,0.001519010709390277,0.0007093601706970074,2.964078221255302e-05,0.0013039914766753155,4.955478941411644e-06,0.00034392976174095854,5.401216574862016e-07,0.012553238035702166,2.302614601445673e-09,5.360668498709835e-05,0.7776867230008316,1.464514774073994e-08,1.4170037270537438e-06,0.0002477710520968775
59,0.004328918658420741,0.09434958448620964,4.5272187882726646e-07,2.757261283459388e-05,0.0001236701145299556,5.223175378184218e-06,0.0002045556665785453,0.00020290567166685914,0.0003237035663470012,1.2541389896128295e-06,0.11101591540065558,0.0015005473264546455,0.0006951111518242788,3.40848102757517e-05,0.0012309983042637265,5.264832802532295e-06,0.00038280543986950015,5.918473261812542e-07,0.012172929999433072,2.429196671609e-09,6.099623012548157e-05,0.7730635793625209,1.5748411757512677e-08,1.4318761006079955e-06,0.00026788442790510786
60,0.0038807701507289068,0.08239378368132425,3.2273563797276926e-07,2.411937752515846e-05,8.862277998952591e-05,4.973262937492983e-06,0.00017380536573655518,0.00020705444567813632,0.0002583631852534495,1.033434331017918e-06,0.10474377488243825,0.0013328079935607969,0.0005587361145615077,2.6964734453896414e-05,0.001213262104184373,4.201615015722434e-06,0.00032040101727615116,4.872792569785222e-07,0.01103981678800171,1.7455267694776722e-09,4.383715139094049e-05,0.7934764272953531,1.1590048557452313e-08,8.516195321845015e-07,0.00020556965025687814
61,0.004732367007902559,0.09170768953126854,4.956256552715091e-07,2.8465072471271046e-05,0.0001321280002332952,5.556203654841195e-06,0.00021774671593269773,0.00020971878164826558,0.0003603682023732759,1.3030155477760025e-06,0.11608126475838912,0.0015206331711146587,0.0007350670623943677,3.577644447836147e-05,0.0011938550510540542,5.207257692399067e-06,0.0003725008173148994,6.590511601999582e-07,0.012338880447068117,2.544468280455079e-09,6.516786497423835e-05,0.7699840375000087,1.6973689998545506e-08,1.5582594828261135e-06,0.0002695346400220131
62,0.0038807701507289068,0.08239378368132425,3.2273563797276926e-07,2.411937752515846e-05,8.862277998952591e-05,4.973262937492983e-06,0.00017380536573655518,0.00020705444567813632,0.0002583631852534495,1.033434331017918e-06,0.10474377488243825,0.0013328079935607969,0.0005587361145615077,2.6964734453896414e-05,0.001213262104184373,4.201615015722434e-06,0.00032040101727615116,4.872792569785222e-07,0.01103981678800171,1.7455267694776722e-09,4.383715139094049e-05,0.7934764272953531,1.1590048557452313e-08,8.516195321845015e-07,0.00020556965025687814
63,0.00344434309595631,0.09268126201765634,2.868255703597541e-07,2.3065972432805663e-05,7.567134395659215e-05,4.2159260440563e-06,0.0001490790241970256,0.00019362419857468059,0.00022711151947557115,1.02571994929398e-06,0.09209978943537837,0.0012557474485078415,0.0005317742630165778,2.564838641852526e-05,0.001150166734312982,4.043400134326186e-06,0.00031285844361173367,4.1789642549195007e-07,0.010684515768965296,1.5687349150519623e-09,3.862302224171391e-05,0.7969025820748571,9.866262449673863e-09,7.67079106442032e-07,0.00019336896821304082
64,0.004308782283641735,0.09310826762953578,4.4727099276516357e-07,2.4595943829164974e-05,0.00010265250324532353,4.7202173178897515e-06,0.0002086573168095272,0.00022341664987944625,0.00024958031751025946,1.1500777407005256e-06,0.11804717964589702,0.0013558502763839683,0.0007010359704474132,3.3481523432410486e-05,0.0010779415243487144,4.758951717069799e-06,0.00041841623893351237,6.358731168523181e-07,0.012978102204211845,2.17208371580675e-09,7.435115037143543e-05,0.7668553661295198,1.4477749298180469e-08,1.0598808414299453e-06,0.00021953377044291896
65,0.005124730139935408,0.049278072697165484,2.1809832779106288e-07,3.817707429404918e-05,0.0001028045636897907,1.1843175192013398e-05,0.00027985323891606894,0.00024297418709222411,0.00017920102699869054,7.082067653198458e-07,0.16142026189348627,0.0012815962688293894,0.0005021765334282305,1.0469095900328037e-05,0.00201478700331599,5.151957648456058e-06,0.0004590124963887241,6.949098272221106e-07,0.021516624668299577,1.4008357706487469e-09,4.7461530978730573e-05,0.7573467237925393,1.8869026677285255e-08,6.758631975029105e-07,0.00013576130792121308
66,0.00439269686967257,0.0772351455684137,3.9442146534981495e-07,2.2697280433817118e-05,9.088392651893418e-05,4.587969776274866e-06,0.00018486596657670757,0.00022779342876038533,0.00026219721119870304,1.060630331600394e-06,0.11128434815971157,0.001291570391009582,0.0006889507573722949,2.8791039603243525e-05,0.001031922096650644,4.040171406120769e-06,0.0002927242829844339,5.629824756964761e-07,0.01019508478903848,2.0510855132114425e-09,4.913482928886962e-05,0.7925273029874231,1.0302482513619284e-08,8.540457639679233e-07,0.00018237784055591288
67,0.024261564570588093,0.126581015505129,8.604294364555737e-06,9.999674138004685e-05,0.000425858870381687,1.528653567370482e-05,0.0005221849986575849,0.0006139828060866518,0.00039113463694053966,6.4622475551731365e-06,0.3285406203214791,0.00159257657816257,0.002612339120117448,0.0001803564473628647,0.0009943817396985467,1.6751026637754393e-05,0.003434814280497709,1.1983303366498799e-05,0.029427746109126757,2.0077052238064845e-08,0.0014462535825710324,0.4783381030298542,3.9153085230577734e-07,8.947054140732485e-06,0.0004686245923230003
68,0.006444363961804158,0.12540000559242856,1.944469373760409e-06,5.483030154976937e-05,0.0004937707391253535,1.3575256241413152e-05,0.00043595521032643695,0.0002399675628977217,0.0020842326832820044,3.4542262911847532e-06,0.1676863813135864,0.0043753651409042865,0.0009641864137924889,0.0002075130486239965,0.001997374074677025,7.150964447306914e-06,0.0004234859180545353,1.1289461402907836e-06,0.007099545904636375,8.952608947641042e-09,8.911138094779669e-05,0.6807869082082783,6.416777889200738e-08,6.47861920436879e-06,0.0011831969429986248
69,0.005842816423660568,0.08944395188977844,1.410334060439732e-06,3.0372391144311757e-05,0.00014672763171132806,8.10047232000841e-06,0.00039868907420211524,0.000505488163040736,0.0005644641872837339,2.9400643643725784e-06,0.15072541750130733,0.0019569112532597023,0.0010741678190728883,0.00011060663790904937,0.0010086233402085655,9.1490565173718e-06,0.00046986212685463724,2.355008998518754e-06,0.017900210214728207,6.472229189946438e-09,0.00023345753852661817,0.7291369747547118,3.977513117986893e-08,2.271563604500938e-06,0.00042498630537433744
70,0.004794943292281341,0.08317663925602004,4.701251474181336e-07,4.947339114265141e-05,0.0002810810522993674,9.086158707582977e-06,0.0003224959905004263,0.0002213135330915145,0.0006213453733167287,1.042406428710327e-06,0.1630421667018822,0.0020555574439464824,0.0006423336814693157,4.169362035610491e-05,0.0020161086215314027,3.262333443274174e-06,0.00030302872297208736,5.297150812640367e-07,0.009392744074902771,2.6755214485937656e-09,4.6059181712959737e-05,0.7326856662217603,2.1702218659320568e-08,1.436888021050712e-06,0.0002914978362450341
71,0.0024454088205148996,0.175343322760827,1.365773182534014e-06,3.076549243491742e-05,0.0005921104826103517,6.078868784356432e-06,0.000677266626905135,0.0003716342440222753,0.0022377658498303012,4.084222571871205e-06,0.13602986500019196,0.002272803587056434,0.0010829697867566852,0.0003899251079880851,0.0008347422055173946,6.961951398218445e-06,0.00030665233997180004,2.307971030083581e-06,0.014561047561457744,1.3356533429106787e-08,0.00035633407589723336,0.6617206568224805,4.5197649780232365e-08,4.895035835603063e-06,0.0007209768585515548
