,0,1,2,3,4,5,6,7,8,9,10,11,12,13,14,15,16,17,18,19,20,21,22,23,24
0,4.1035522768938e-06,0.0013079506598274435,4.498438351282097e-06,5.587567179571336e-06,5.320091151028561e-05,8.624104419367298e-06,0.0010217693349837155,4.2867841979811745e-06,0.048112617622727324,5.08662890900515e-08,0.0008665621725640543,0.016313927961212133,2.786236897420599e-07,2.6363909949925846e-05,0.31776019578207426,1.1095415493180061e-05,0.00015921770078381584,1.1017664060001023e-05,0.007649183630990357,2.1833190411571925e-08,0.0032616914562461686,0.5972701602433532,4.52286430383224e-06,1.0630167057142895e-06,0.006142007883620185
1,7.869862513143076e-06,0.002361405704593215,1.1433326481842374e-05,1.1997715007804351e-05,4.5442985408103426e-05,9.23164551788977e-06,0.0022900455005154226,5.731640907245132e-06,0.05491067195002315,1.55564417627298e-07,0.0007300672584142742,0.031099114890516304,2.6972454058753145e-07,4.047809261013606e-05,0.29089690304917987,1.2008868843346184e-05,0.00010615714819472673,1.791221658828637e-05,0.007374782156005059,2.5027515949765677e-08,0.004187611000082191,0.5941163665788975,7.632001197296784e-06,1.3364442175010088e-06,0.011755349647811518
2,7.3746983078448355e-06,0.0022208318756102726,7.181111179625962e-06,9.131605905673283e-06,7.600268060501054e-05,6.753156755423408e-06,0.0023535438053690037,4.392612565290047e-06,0.041137766806075976,1.1500819928724624e-07,0.0008004761938904179,0.0275983069813905,2.6623680737312266e-07,5.524635245022637e-05,0.35176220765051824,8.581036874304621e-06,0.00013898060743582666,1.6953397958972862e-05,0.004507831483887761,2.9096324321126954e-08,0.0031311397891687557,0.5486285883895161,8.91040201218643e-06,8.842411173025734e-07,0.017518504780074377
3,6.529535114910547e-06,0.002090479131753826,8.2917219527495e-06,1.3175620509506509e-05,5.0338070558545306e-05,8.013092648643646e-06,0.0020568492681309106,4.799382318402207e-06,0.039696783854489444,1.253591438636252e-07,0.000929332787035075,0.030426340321772813,2.5514642436960564e-07,5.536083843340738e-05,0.24554160341962916,8.548733831688585e-06,0.00014821016936095578,1.8185496375795416e-05,0.005304267222427985,2.556976387466282e-08,0.004022600768643065,0.6562164236143881,1.0725519034638285e-05,1.2368224681090076e-06,0.013381498533790375
4,6.5025735919002205e-06,0.002037162213847214,7.66304905831251e-06,1.3378442868258221e-05,4.8753561581322215e-05,7.4815111211604935e-06,0.0019486129157288193,4.461379593280152e-06,0.0390880731714912,1.1734111364044036e-07,0.0009034444783150719,0.033506201575541274,2.972867006997382e-07,5.769970639878816e-05,0.22796014189729985,8.087094661981118e-06,0.00015957970966454154,1.824219044103973e-05,0.005132309530197516,2.643106638161986e-08,0.004056376596110071,0.6714324782774003,1.0682970982479974e-05,1.248974480543911e-06,0.0135909771207443
5,6.639024045443073e-06,0.001887984955914162,7.421080527787195e-06,1.612000365549532e-05,3.825767532600977e-05,7.145264730109427e-06,0.0017874282676874698,4.180811714053363e-06,0.03523297257276326,1.2676666446239466e-07,0.0008546651209120452,0.03414858672012887,2.650553641407698e-07,6.262617499052078e-05,0.1899234688041403,7.142883477517723e-06,0.0001593209871532868,2.343134669720847e-05,0.004344548592655516,2.4410829590148482e-08,0.0040940233475083255,0.7133782486170401,1.0837088397595057e-05,1.2704331075853367e-06,0.014003263994569148
6,6.529535114910547e-06,0.002090479131753826,8.2917219527495e-06,1.3175620509506509e-05,5.0338070558545306e-05,8.013092648643646e-06,0.0020568492681309106,4.799382318402207e-06,0.039696783854489444,1.253591438636252e-07,0.000929332787035075,0.030426340321772813,2.5514642436960564e-07,5.536083843340738e-05,0.24554160341962916,8.548733831688585e-06,0.00014821016936095578,1.8185496375795416e-05,0.005304267222427985,2.556976387466282e-08,0.004022600768643065,0.6562164236143881,1.0725519034638285e-05,1.2368224681090076e-06,0.013381498533790375
7,3.700911965785464e-05,0.004642830883724601,4.4568508473822364e-05,2.0932059598116683e-05,0.00010880432621204167,1.9912158591657146e-05,0.005459984021334049,1.1103066838731424e-05,0.06784205772739686,3.671195994374362e-07,0.0018893031913251412,0.05220509375092288,6.484859067796494e-07,8.09114604643571e-05,0.2565609390749435,1.2320741464622684e-05,0.0002138740015692772,4.118742492053582e-05,0.01634644446630154,5.0027990851952614e-08,0.005069172289713815,0.5645268924700908,2.460878203768451e-05,4.543472794805593e-06,0.024836441368126214
8,1.8430674237906952e-05,0.006416904924820722,2.9039523498181708e-05,4.3905771815137525e-05,0.00010455068013126544,1.4920556216805959e-05,0.0062017919406354705,1.0825202110493596e-05,0.05184585522216582,4.736102823933716e-07,0.0017265643241774855,0.06621302724407727,4.276103752513885e-07,0.00016013587774668097,0.22881540731587502,1.2617693054899143e-05,0.00017945920231191159,2.865787285826303e-05,0.0080338282705873,6.40976675176685e-08,0.005623264824421388,0.5956273043117701,4.4973848840805985e-05,3.1170146732409086e-06,0.028844452385648693
9,7.850218451852527e-06,0.0037239431373709162,1.828043870588523e-05,3.602702217624508e-05,4.621962847485012e-05,1.0249126228635234e-05,0.003525438102842335,5.80433552762315e-06,0.04940330267146368,3.1176365372180595e-07,0.0008674518571679317,0.05783093910857661,3.455011848373904e-07,8.112599059837558e-05,0.21017328248210204,1.1121397460194645e-05,0.00012772300736826667,2.1117816366606614e-05,0.004997076802170016,4.4219663366177316e-08,0.007250540749114212,0.6421007207663284,2.2647095506300722e-05,2.0345489022946716e-06,0.01973640221259489
10,6.529535114910547e-06,0.002090479131753826,8.2917219527495e-06,1.3175620509506509e-05,5.0338070558545306e-05,8.013092648643646e-06,0.0020568492681309106,4.799382318402207e-06,0.039696783854489444,1.253591438636252e-07,0.000929332787035075,0.030426340321772813,2.5514642436960564e-07,5.536083843340738e-05,0.24554160341962916,8.548733831688585e-06,0.00014821016936095578,1.8185496375795416e-05,0.005304267222427985,2.556976387466282e-08,0.004022600768643065,0.6562164236143881,1.0725519034638285e-05,1.2368224681090076e-06,0.013381498533790375
11,6.7490514994260676e-06,0.002118168758124116,8.476354769044177e-06,1.3711885690764576e-05,5.210151891149203e-05,8.02250944854008e-06,0.0020914197771947315,4.8763284485106415e-06,0.04029035831535826,1.2643229859413244e-07,0.0009543979974148663,0.03298008007379104,2.9731419286176403e-07,5.656058615706194e-05,0.23942916739383402,8.727363844029493e-06,0.00015710154888729294,1.8170582305374127e-05,0.0054768825325488555,2.7969283326779883e-08,0.004110522868741165,0.658710876959145,1.1353546034620139e-05,1.3422959452374628e-06,0.01349048003613177
12,1.741669248451721e-05,0.005998928161930302,4.5571089243964035e-06,2.3475867249461733e-05,0.00022887550105623838,1.7693744818743375e-05,0.0016751114954333323,1.9095583251898826e-06,0.0335534925226191,3.0840222074497584e-07,0.000639240146190764,0.019243651215485092,5.232273033040795e-07,0.0006054776139588368,0.13344458929299755,4.455352438130693e-06,0.0017381085939231456,8.073536267153201e-05,0.00206509855206981,8.85893672718022e-08,0.006903538761870048,0.6842908188396123,3.35180053466819e-05,6.275813539066818e-07,0.10942775981034955
13,3.4259438478043302e-06,0.0013549647448986477,5.644306748113808e-06,1.415677047537977e-05,3.88940532067654e-05,5.494467286050005e-06,0.0018039033083718354,5.379611293666655e-06,0.025809300583130922,7.230234421175813e-08,0.0015370412896951737,0.036219338400536,2.0013753169421365e-07,7.11883686041137e-05,0.2002848413748042,6.4621578113281246e-06,0.00012367713797113545,1.2765824515902536e-05,0.003684485155307728,1.9483126732639222e-08,0.003319371508990362,0.7163951245249941,1.2767543410766966e-05,1.0819038375885136e-06,0.009290399097259792
14,8.253116039641262e-06,0.005952641350721472,5.4994253427260055e-06,1.497274293982855e-05,9.736826388489283e-05,8.396877076985123e-06,0.0030972045738154874,6.009143045202553e-06,0.03688419472470551,2.430019763945471e-07,0.0014520728701249766,0.027134645908541803,1.6272623116599833e-07,0.00010512333355236944,0.2461257705983608,8.943583147331263e-06,0.00013920308516778378,1.7199612801962226e-05,0.008849886272676173,3.352529034925255e-08,0.0030703108317914765,0.6539881823733139,1.739527654548308e-05,1.5150423812477874e-06,0.013014771740525044
15,6.529535114910547e-06,0.002090479131753826,8.2917219527495e-06,1.3175620509506509e-05,5.0338070558545306e-05,8.013092648643646e-06,0.0020568492681309106,4.799382318402207e-06,0.039696783854489444,1.253591438636252e-07,0.000929332787035075,0.030426340321772813,2.5514642436960564e-07,5.536083843340738e-05,0.24554160341962916,8.548733831688585e-06,0.00014821016936095578,1.8185496375795416e-05,0.005304267222427985,2.556976387466282e-08,0.004022600768643065,0.6562164236143881,1.0725519034638285e-05,1.2368224681090076e-06,0.013381498533790375
16,3.5636842330630414e-06,0.0015398063785780586,4.708705208548995e-06,1.0158771640795154e-05,2.7733545892738257e-05,4.241650192169081e-06,0.0017397465343923335,3.825655193361451e-06,0.02590098445232431,1.204155041235842e-07,0.0005317669901043361,0.03175181291323157,1.7505088551231478e-07,4.377800366405138e-05,0.19578267425256637,6.873061806473374e-06,0.00010156439316669638,1.3659315629103558e-05,0.003844928124579458,1.822148316642235e-08,0.004458766070598717,0.7239739882247116,7.388999398542158e-06,7.228518853710132e-07,0.010246993733129718
17,3.3305576166708026e-06,0.0014159199209840356,3.829464485294326e-06,1.4388047043984231e-05,4.418332490977609e-05,4.1669139977753305e-06,0.0016406016011217641,4.065035011533594e-06,0.019290590161039088,9.387248750069898e-08,0.0009001792307828225,0.0337511731307377,2.568639613323108e-07,8.604733336995622e-05,0.14644859036095612,5.522780471811906e-06,0.000216861927205968,1.4545081254582702e-05,0.002576410828995897,2.8558273778230937e-08,0.003719507326406598,0.7768522471511111,1.5768942676839826e-05,7.840744174909911e-07,0.012990907510680424
18,6.904085036252512e-06,0.001618042480735924,5.610065005583679e-06,1.1017380257848734e-05,5.588906042178641e-05,5.782251818917948e-06,0.0019531871615080364,2.850925419226141e-06,0.02684361899554005,1.3202736096698838e-07,0.0005903654209883256,0.03093227192061023,3.296826969739788e-07,7.840663064028992e-05,0.18888906052746104,5.3935552529240556e-06,0.0002753511463170721,2.795220459718704e-05,0.002751830002033818,2.8355445648638966e-08,0.00477419879062177,0.7148295386396024,1.1118319830872841e-05,7.195460860525438e-07,0.026330400824710772
19,3.993484335321326e-06,0.0016436732956194018,7.460740435918089e-06,1.3945995520185775e-05,3.1977618456232104e-05,4.2396578510873e-06,0.002520550389121131,4.6891140001484185e-06,0.03382410941411388,1.102409205952055e-07,0.0006422717004227,0.04430551598376402,2.2452847225525272e-07,4.235152720942746e-05,0.21904898846227475,8.078589954079698e-06,9.248254795684044e-05,1.2285912197182111e-05,0.0035497839160402896,1.9566024082056984e-08,0.004059516551967234,0.6790883634954067,8.291214487350084e-06,8.4227562168093e-07,0.01108623377782749
20,2.135314036377882e-06,0.0008051536117134999,3.968122474621608e-06,7.436831198712713e-06,1.806280312256003e-05,3.333228120389254e-06,0.0011438266357792649,4.400485343555479e-06,0.02049194622744689,5.743949657878719e-08,0.0006075269190895556,0.02068986533417091,1.0652489151159449e-07,2.5660924489586486e-05,0.2538633103552216,6.279665634989433e-06,6.82750168475079e-05,9.28149625075423e-06,0.0029579395265525933,1.1397503646651714e-08,0.00238826483148677,0.6910216920803427,4.496697062467922e-06,5.11282356140872e-07,0.0058764572493669115
21,6.2163371991761075e-06,0.002647372421436108,7.735646747249608e-06,1.7401564252405906e-05,3.5310353353804454e-05,6.37934795319731e-06,0.0022776449637439164,6.345181089923581e-06,0.04615654113330053,1.5260679879314587e-07,0.0007667855442493222,0.04701098454827593,2.2929650138392825e-07,7.84292677055873e-05,0.21455302638248677,1.1581426327914337e-05,8.565834786299649e-05,1.8368154493462092e-05,0.005189991105447032,2.4054298586784725e-08,0.004077567653001056,0.6663720056263436,7.697696013842041e-06,1.0846497869230003e-06,0.010665466691330613
22,8.394981060894896e-06,0.0013855291313729211,7.563196403765814e-06,9.706522825003234e-06,4.18440622280767e-05,8.338281053253272e-06,0.0012516986442777567,3.987186111439662e-06,0.032146992311388456,9.970918949956743e-08,0.000909455097049504,0.01848491604618806,2.1999654365587454e-07,4.55987252491973e-05,0.21470178315559033,6.669860197094428e-06,0.00021018112048218888,2.974944972054817e-05,0.0045837279405710855,2.063243248016573e-08,0.0033322381958020213,0.7098525494761823,7.5280838587688955e-06,1.1109497226965838e-06,0.012970097244499136
23,6.529535114910547e-06,0.002090479131753826,8.2917219527495e-06,1.3175620509506509e-05,5.0338070558545306e-05,8.013092648643646e-06,0.0020568492681309106,4.799382318402207e-06,0.039696783854489444,1.253591438636252e-07,0.000929332787035075,0.030426340321772813,2.5514642436960564e-07,5.536083843340738e-05,0.24554160341962916,8.548733831688585e-06,0.00014821016936095578,1.8185496375795416e-05,0.005304267222427985,2.556976387466282e-08,0.004022600768643065,0.6562164236143881,1.0725519034638285e-05,1.2368224681090076e-06,0.013381498533790375
24,7.750002647210064e-06,0.003182056142346551,7.256640590846639e-06,1.8621930287584735e-05,5.081637926587105e-05,8.039645704801404e-06,0.002009019740232582,5.322303245581476e-06,0.03811028495960468,1.6762000085398178e-07,0.000948862233077988,0.0357482608961468,2.728986122513166e-07,9.413705621601657e-05,0.1858579297723267,8.66472913702975e-06,0.00017249580076601187,2.140284612630601e-05,0.005735522901951613,3.2360152983550745e-08,0.003898247451303525,0.7103758468690096,1.3420023842952652e-05,1.3665407456319815e-06,0.013724202256658366
25,2.958993644604245e-06,0.001449915819277121,4.923563271405902e-06,1.778652613016442e-05,3.7716493746781703e-05,5.811298945020361e-06,0.0019212064150411882,1.0695365498674033e-05,0.021903411545184583,8.654322675299512e-08,0.002155827622912031,0.030116805112752117,1.3083561218804385e-07,9.778438144492678e-05,0.16994565008642332,8.638683955779526e-06,0.00010656914796401755,1.278391149178498e-05,0.004358953003434128,1.923504469734802e-08,0.0027598223965708594,0.7595228472442415,1.322056408046899e-05,1.1106375035367214e-06,0.005545324572602061
26,2.7893608474647714e-05,0.003806269287923556,2.3431059970166155e-05,2.2324377709865543e-05,0.00011210605556188708,2.1308595517561326e-05,0.0023709849364459555,5.1944639208717404e-06,0.0788884565759598,2.1002126439213928e-07,0.0018246916139122672,0.03586498799186352,7.736144343796013e-07,6.439875420477535e-05,0.17669049565703498,1.030600231976295e-05,0.00038707428314362535,4.5103524515739596e-05,0.012368577471728936,5.957387676201408e-08,0.006198394209175401,0.6616403398234295,2.759286666873952e-05,6.343240581313307e-06,0.019592682390361382
27,3.958764084718399e-06,0.0013213931681416108,5.130165951004599e-06,9.724032494655186e-06,3.0126901296284116e-05,5.448889135308452e-06,0.001330208134589775,4.047544418088768e-06,0.03018223980778704,8.085557853798824e-08,0.0007447030943672199,0.02261869268765357,1.6523793299948896e-07,3.829120691692745e-05,0.22407327745903002,7.007849592074438e-06,0.0001119839595592034,1.444757034125919e-05,0.004059099331194671,1.6631284746891564e-08,0.003055923227568717,0.7038845840874639,6.680214526299183e-06,8.54468692235284e-07,0.008491914710399263
28,6.529535114910547e-06,0.002090479131753826,8.2917219527495e-06,1.3175620509506509e-05,5.0338070558545306e-05,8.013092648643646e-06,0.0020568492681309106,4.799382318402207e-06,0.039696783854489444,1.253591438636252e-07,0.000929332787035075,0.030426340321772813,2.5514642436960564e-07,5.536083843340738e-05,0.24554160341962916,8.548733831688585e-06,0.00014821016936095578,1.8185496375795416e-05,0.005304267222427985,2.556976387466282e-08,0.004022600768643065,0.6562164236143881,1.0725519034638285e-05,1.2368224681090076e-06,0.013381498533790375
29,6.529535114910547e-06,0.002090479131753826,8.2917219527495e-06,1.3175620509506509e-05,5.0338070558545306e-05,8.013092648643646e-06,0.0020568492681309106,4.799382318402207e-06,0.039696783854489444,1.253591438636252e-07,0.000929332787035075,0.030426340321772813,2.5514642436960564e-07,5.536083843340738e-05,0.24554160341962916,8.548733831688585e-06,0.00014821016936095578,1.8185496375795416e-05,0.005304267222427985,2.556976387466282e-08,0.004022600768643065,0.6562164236143881,1.0725519034638285e-05,1.2368224681090076e-06,0.013381498533790375
30,6.529535114910547e-06,0.002090479131753826,8.2917219527495e-06,1.3175620509506509e-05,5.0338070558545306e-05,8.013092648643646e-06,0.0020568492681309106,4.799382318402207e-06,0.039696783854489444,1.253591438636252e-07,0.000929332787035075,0.030426340321772813,2.5514642436960564e-07,5.536083843340738e-05,0.24554160341962916,8.548733831688585e-06,0.00014821016936095578,1.8185496375795416e-05,0.005304267222427985,2.556976387466282e-08,0.004022600768643065,0.6562164236143881,1.0725519034638285e-05,1.2368224681090076e-06,0.013381498533790375
31,1.680509055349681e-05,0.0035577638286356968,1.9632078875619328e-05,1.8762250849472377e-05,6.493865913405607e-05,1.104013662116238e-05,0.003519736980511962,1.0543774190441658e-05,0.04314034038506973,2.8323056110966165e-07,0.001177487769818052,0.03671918116807875,3.1466081989198974e-07,7.568961917947767e-05,0.233404495272946,9.98987712705012e-06,0.00017032375016483403,3.0190209260470887e-05,0.009519612074585444,3.555581662720482e-08,0.00431280480084847,0.6471387217751043,1.6613875692425428e-05,1.9296019218684423e-06,0.017062763573633545
32,6.8059831958420175e-06,0.0021019385112353134,8.072057905769052e-06,1.2009514001921283e-05,4.7859093819649e-05,8.169211175248155e-06,0.0019323426629598492,4.8319452898239705e-06,0.03957632821592502,1.243716963958339e-07,0.000923140936180466,0.029172307567751556,2.543254513492786e-07,5.137485301751002e-05,0.24229429607347774,8.505384875978438e-06,0.00014504092141550895,1.796479701191307e-05,0.006154758249760116,2.4439808987305307e-08,0.0038804716121982902,0.6614247807228,1.0055161027603204e-05,1.3061754302760397e-06,0.012217237212587976
33,1.9970211423981588e-06,0.0012288940320839908,2.213405012158157e-06,1.5266870182804824e-05,3.2552433445362985e-05,6.52321760049843e-06,0.000825954138011716,6.3996231842497315e-06,0.011183411542710745,1.1303193810356962e-07,0.0013697145082519533,0.016099152999469405,2.051744859046871e-07,0.0001077033507728357,0.06981158705038737,7.036384847378526e-06,0.00029171891943111935,1.1890839549108027e-05,0.004562098177229986,3.2033260333415346e-08,0.0028620409575274585,0.8872718633017507,2.120846959233893e-05,1.2733786624264062e-06,0.004279149139469662
34,2.8313970091552564e-05,0.0035681318413551006,1.5528168899289717e-05,6.197550255687378e-06,6.591823986726214e-05,1.075952757727167e-05,0.002034862129836905,6.1884898969920356e-06,0.11666815047822711,7.042727988577133e-08,0.0010929464235790959,0.03194983072375476,3.7917057037306013e-07,2.6096920991171594e-05,0.30319059810545146,8.290033585389409e-06,0.00011313180261477917,2.3537517291528557e-05,0.023476087878883417,1.602880528189831e-08,0.002783166622571645,0.5063486062841752,3.9436535964095614e-06,2.505040721468899e-06,0.008576742970120722
35,1.1315936915317087e-05,0.0020327566436690865,1.0459236123196429e-05,1.2706833270528427e-05,3.967451150640853e-05,6.630940006556915e-06,0.002195785185152435,5.234352769199323e-06,0.05017563149044641,1.2799775506200632e-07,0.0007162912494058691,0.03504054500127544,2.585332769706158e-07,4.285963627352246e-05,0.2051010235962454,7.717485736999636e-06,0.00013033177805902888,2.980769907947435e-05,0.005765614290266665,1.9213151459772753e-08,0.004022893067722562,0.6814077525153294,6.780155266003778e-06,1.2833172383885064e-06,0.013236499334058547
36,4.214818912634076e-06,0.001211963572350382,4.7628131505793875e-06,8.376631756263635e-06,2.6734689224342087e-05,3.583962667702649e-06,0.0015542591713262647,5.263194905505591e-06,0.02765126824832714,6.910977278243104e-08,0.0006140894799535026,0.03535456401909054,2.252293833724195e-07,4.0022912802269166e-05,0.2176364689316219,7.767547893739255e-06,0.00010412243145323686,1.2448749194549459e-05,0.004243927167637211,1.6077329381052166e-08,0.002535480793401743,0.7005315968267897,4.741149877250164e-06,6.304951929886767e-07,0.008443401975984928
37,1.8569606584233066e-05,0.0033852378705850057,1.822812963245233e-05,2.066108505736855e-05,5.876200929054766e-05,9.32266307140665e-06,0.003331218633285654,5.4010424457407e-06,0.049285055181454124,2.38791356889195e-07,0.0011639671578805304,0.0479567430483105,3.992658338099515e-07,6.0490626325228374e-05,0.15970898401626749,7.3344721148862185e-06,0.00017985998957313276,3.482819429918587e-05,0.008347881782579534,3.3036152680638434e-08,0.005089176927133085,0.7032520422404888,1.9549641393493156e-05,3.2039906371434107e-06,0.018042810598247302
38,1.498821247224283e-05,0.003000595994690476,1.648939235105191e-05,8.975122203558602e-06,8.665275077836496e-05,1.602762195473006e-05,0.0032583076932911105,5.21553825712214e-06,0.06482702916944537,1.8099476238573592e-07,0.000978891243585869,0.024537113254665704,2.637443494339532e-07,4.704290758064943e-05,0.4436315700047734,1.1568170782673277e-05,0.00010284211196292752,2.127176172075011e-05,0.009555147163011363,2.2853198480960362e-08,0.003261507671380246,0.4274350341059002,8.577830416188187e-06,1.571865640858187e-06,0.01917311282082467
39,4.496186150070388e-06,0.0007829092183661152,1.0918053313074815e-05,9.99363218036923e-06,3.2638539200973105e-05,1.2876515935286232e-05,0.0014274215114657269,6.275895376872961e-06,0.03276747911616395,1.183878704546761e-07,0.0006907176129002899,0.01926356933941485,3.537930037509334e-07,2.6433182333366605e-05,0.2589175341369484,1.1643758402104315e-05,0.00020773743489392474,1.9592429206298376e-05,0.005965208117736168,2.3534172998951555e-08,0.006479244606507172,0.6634503933338001,7.261843380423443e-06,1.166510048456627e-06,0.00990399331122868
40,5.654121657347059e-06,0.001992966005607267,6.1321401573344755e-06,1.9706198821544614e-05,4.9582483085805076e-05,9.24124069352461e-06,0.0016058974593889945,6.028795537787148e-06,0.03097545510980868,1.6047460939262002e-07,0.001191808325548012,0.024236930833288987,2.6299622242843013e-07,6.443468931802067e-05,0.1450840698589857,1.063202146338556e-05,0.0002344003976984684,2.2551382006701528e-05,0.005960516086870179,3.6426925669560075e-08,0.004835086337972203,0.7746226847046617,1.6112248748436085e-05,1.944846628280097e-06,0.009047704814294058
41,1.2179251475080068e-05,0.002533545033114465,1.3169365944214778e-05,9.523916618201436e-06,0.0001408841258096484,9.658630649477437e-06,0.003203246468555624,4.84519306931532e-06,0.09186752967854458,7.868878384325305e-08,0.0009647756893266079,0.02799398585684212,3.650818622111115e-07,3.954352682193026e-05,0.500908493098378,1.4253639322617921e-05,0.00011014163579501821,1.6291620653325074e-05,0.004500785706166038,2.836393543137552e-08,0.0025723664950245487,0.34739630850450115,6.173031854309388e-06,1.1218123294955496e-06,0.01768070558462265
42,1.707502369231749e-06,0.0006110576563292415,3.5696005850489026e-06,6.7127047064847985e-06,1.0110664129858754e-05,3.665801776694306e-06,0.00077973139750358,5.108039688898249e-06,0.017357267528769385,6.839872061348e-08,0.0004484535469037571,0.019085805853252518,1.3402084494819051e-07,1.615094961312075e-05,0.17612004585544042,8.222352378602255e-06,7.348034008968866e-05,8.370631700623625e-06,0.005033125498962022,1.1615537922021124e-08,0.002954312915891733,0.7740969769522387,3.690353551312237e-06,6.687219386380118e-07,0.003371551097077127
43,3.4643206097544105e-06,0.0014703667097719674,6.144603020603485e-06,1.09111625758483e-05,3.0093758827216078e-05,9.158779083494564e-06,0.0014027428046900756,4.5784094889617e-06,0.024842050064910942,2.2849620543042965e-07,0.0005315103587666288,0.01686828162180232,1.9560251736770645e-07,4.140402490659253e-05,0.18769375048721781,9.354219219386158e-06,0.00015339009358762291,1.74862601657451e-05,0.005344636402928805,2.827848904277515e-08,0.005906441212248139,0.7463120850329059,1.0461366695621491e-05,1.0476429136734624e-06,0.009330188286451224
44,6.529535114910547e-06,0.002090479131753826,8.2917219527495e-06,1.3175620509506509e-05,5.0338070558545306e-05,8.013092648643646e-06,0.0020568492681309106,4.799382318402207e-06,0.039696783854489444,1.253591438636252e-07,0.000929332787035075,0.030426340321772813,2.5514642436960564e-07,5.536083843340738e-05,0.24554160341962916,8.548733831688585e-06,0.00014821016936095578,1.8185496375795416e-05,0.005304267222427985,2.556976387466282e-08,0.004022600768643065,0.6562164236143881,1.0725519034638285e-05,1.2368224681090076e-06,0.013381498533790375
45,3.2063812863239753e-06,0.0007928231510716946,6.824771849055905e-06,7.167333042031947e-06,2.8377825429682666e-05,5.550544545189088e-06,0.00155292601189732,7.099965803954924e-06,0.029647545346572275,5.475142696901066e-08,0.000931290006189197,0.018435806092415644,1.3225783516560238e-07,2.1185258235578162e-05,0.4115234350224683,1.0915804764291307e-05,6.053431797214472e-05,9.591265476236548e-06,0.004289136890373683,1.2631531130269688e-08,0.0017729393536174138,0.5252042636757893,3.815401310414657e-06,7.120971911872624e-07,0.005684653841905965
46,2.0710072366613745e-06,0.0005996303285313115,2.753233330419505e-06,1.0317654218089063e-05,1.9314696027506628e-05,6.033862952190944e-06,0.0004635489127092921,2.7635337920224392e-06,0.012043568110163426,5.890832875827757e-08,0.0006937968785527411,0.013506663713531862,2.7636049814700424e-07,3.699987738475626e-05,0.09991361960205455,5.215947053245939e-06,0.0003872598091995623,1.3193746663519803e-05,0.0030619526858479385,2.4227187601856037e-08,0.0033753071921281104,0.8594944547279566,1.0069551996775654e-05,9.22151346710291e-07,0.006350183281308004
47,7.472734071693164e-06,0.0015033817993949981,6.557789028209325e-06,8.188336639583685e-06,3.255438799501901e-05,4.02865327559044e-06,0.0017174955940149467,2.945379584940133e-06,0.03670152759846424,9.327437655676583e-08,0.000406109770873045,0.04057504360758121,3.6104550855744194e-07,3.063403854823017e-05,0.19544803082591955,7.0460978392695425e-06,0.00014946339107199265,1.7565986487378586e-05,0.00452804879689099,1.9979688027643566e-08,0.004141136843155665,0.7003268417194387,5.529849697795348e-06,8.78313412889425e-07,0.014379044187040765
48,7.087846433538006e-06,0.0038144652702731515,6.051759960541864e-06,1.1399125816175628e-05,4.359308097420728e-05,1.2007742007012887e-05,0.0014090494598747714,5.756510488026127e-06,0.029254844646616575,1.989240210159398e-07,0.0012238980599877183,0.01959748439495618,2.213171201361382e-07,5.956374207406937e-05,0.1402903563347507,7.367463351315235e-06,0.0002053994896951131,1.4008679378595138e-05,0.018814031026720045,2.7446291375957493e-08,0.0034939490604127747,0.7748981845550007,1.6571117537066998e-05,2.373461426332313e-06,0.006812109484832841
49,6.2808171603226175e-06,0.0020193751800277383,8.666154427191564e-06,1.4057911573364317e-05,4.567231302487368e-05,8.000492933928498e-06,0.0020338528601514844,4.710316210378514e-06,0.03859570316962892,1.2943100083525293e-07,0.0009076045585046705,0.031961497164907524,2.5874809871839627e-07,5.545867035185416e-05,0.2364364272467281,8.360209162152555e-06,0.00014386759814291806,1.825427614102101e-05,0.00508937726992305,2.5413382087417837e-08,0.004171604038505586,0.6649984697061145,1.1134003765071068e-05,1.2658776790292614e-06,0.013459946572454707
50,7.219623482907847e-06,0.0024971656228818784,9.652429109098647e-06,1.2507302336336412e-05,6.553485152344198e-05,5.881168185835323e-06,0.005483565737559718,8.679402271488672e-06,0.02146367637507218,3.4043133433146126e-07,0.0007937437894866424,0.04003442110599781,2.2884866993702406e-07,9.088502448667645e-05,0.2594676298715498,8.6341257466115e-06,0.00012559198016446731,1.805579390993466e-05,0.005183557235130522,3.026467950774456e-08,0.0038433600811568673,0.6386487024282326,1.6825903246701533e-05,8.028107112869635e-07,0.022213307793073445
51,5.548857772191242e-06,0.002714236675702816,5.681518131345065e-06,1.4164849587965108e-05,2.538036447599749e-05,5.080904433594096e-06,0.001418106663130479,4.3812156126301925e-06,0.03339138170496047,1.0854261564175946e-07,0.0007158916880510067,0.02935631499841606,1.3175938963063487e-07,5.76682446170047e-05,0.18880898533295815,5.819412265225175e-06,9.662785084774684e-05,1.5738724471004954e-05,0.005117458151333461,1.6564119732442228e-08,0.002791558686318771,0.7263884458146225,7.204459842936662e-06,8.822548877733653e-07,0.009053184761435932
52,9.584461167376842e-06,0.000710580690720721,7.4234715113132555e-06,5.117101632539745e-06,3.864870555931161e-05,1.7495958605375208e-05,0.0008470897553273726,5.240395562137518e-06,0.03636905100249641,8.144899041207856e-08,0.0011304230376174317,0.0066737241102122705,1.0962267540824378e-07,4.956167743872253e-05,0.41182000380317746,8.329751356819518e-06,0.00012027153019008623,5.667051007877961e-05,0.004151960686785944,1.132441817878614e-08,0.0014021849474256155,0.5250741315797262,2.9504784107725116e-06,7.213199043815017e-07,0.011498632629008953
53,3.1475521063805294e-06,0.0014001622055495586,7.818286623700553e-06,1.1973622707253472e-05,6.768911462922456e-05,4.031516423497216e-06,0.005347792982517968,5.991086277470571e-06,0.030395333366610548,1.1230007310416783e-07,0.00106309070684695,0.046405189692093896,2.0589005473284828e-07,4.5879427683188336e-05,0.3470144545724327,9.24514133790049e-06,7.015083520813933e-05,8.99802867345521e-06,0.0027941406878349124,2.151906251313766e-08,0.00354299293161941,0.5477444614195927,1.3093749599149133e-05,8.215966271269446e-07,0.014043201767814654
54,1.0362532935433682e-05,0.004054790741492371,7.265849454938512e-06,1.2141525906580286e-05,5.9635690769379245e-05,6.8522636924857976e-06,0.002423913644105163,3.2094703346223813e-06,0.04171985265429404,1.9802833799079835e-07,0.00048487887531941423,0.03145548476610691,1.906796375926698e-07,9.113645716892082e-05,0.343163176954359,7.475579735960154e-06,0.00011924349321260842,2.2478231519078188e-05,0.003827501866384125,2.643429904055161e-08,0.002867959735077859,0.5387445728579515,8.299757445329287e-06,6.004639226681906e-07,0.030908751446536945
55,1.1865917704040929e-05,0.0018059622285091295,1.2120104036446068e-05,1.3725015046417935e-05,3.379441708929836e-05,4.4823538351911194e-06,0.0026942103105561956,3.3789711610735327e-06,0.1127020117072956,6.16667234938902e-08,0.00048404922431151366,0.09154603349537184,5.672127633607788e-07,2.612193079821513e-05,0.21449078772325977,8.603297476095406e-06,7.786116027059244e-05,2.314726712410219e-05,0.004824607694577343,1.56765066831343e-08,0.004568962265108887,0.5532083186168198,3.694691881910821e-06,1.5074352089527268e-06,0.013454109616564057
56,6.638320758765526e-06,0.002030143584874816,8.226870697826303e-06,1.3180768966000439e-05,4.954258110526239e-05,7.840063972582839e-06,0.0020503787728700495,4.766254462739819e-06,0.03940267710012236,1.231564549593405e-07,0.0009238541579695712,0.032875339795671754,2.915321116253604e-07,5.581854638646418e-05,0.23733695975857344,8.4662789593106e-06,0.00015388490599231868,1.8230318747006423e-05,0.005418483450310485,2.6364179704570226e-08,0.004056921526868761,0.6621229984551715,1.0749475625076812e-05,1.2848532401610082e-06,0.01344317310590733
57,1.6845020573948912e-05,0.0050851700488970175,2.6428997038079453e-05,2.9020438255867218e-05,0.00018590128077926397,4.6061273140629646e-05,0.0041250025802318105,9.042223772587595e-06,0.0699778485113858,2.3294158368805333e-07,0.005046342475066707,0.011794864931550752,7.727119203847494e-08,0.0001784070449178536,0.45961468650402537,9.620484181814379e-06,0.00012380252927692302,4.388870262598032e-05,0.005976386126092682,2.2772928385779242e-08,0.003742949297335626,0.4118191434044808,2.847771052150055e-05,2.53220609464958e-06,0.022117245224050026
58,8.035056613049987e-06,0.002234080271209936,9.403223133392485e-06,1.457608199531412e-05,5.3287480161954576e-05,8.823347477189771e-06,0.0022019662479048204,5.053055137666468e-06,0.04501822068794266,1.2984872149329246e-07,0.0010970134518206351,0.03633858664106065,3.2177895829775685e-07,5.58632596688914e-05,0.2227475842129988,8.953689088143646e-06,0.0001531818195438253,2.0212900499584543e-05,0.006579095018939586,2.7516355441208653e-08,0.004281780934004204,0.6661996944070746,1.2276242556820772e-05,1.7891922705185198e-06,0.012950043634862542
59,7.5131472697585675e-06,0.0021632699101679655,1.0555709143381046e-05,1.5014130474220572e-05,5.164375247028904e-05,8.965613270025843e-06,0.0022376912289091356,5.171939285066214e-06,0.044846250810769914,1.3533995036030545e-07,0.001076658293583943,0.03401344118120365,2.9237232073925284e-07,5.0663588308555774e-05,0.23673493195000034,9.207205550137312e-06,0.00014319850082269872,1.9245322011185067e-05,0.006159455622187361,2.810315555973374e-08,0.004479426962911357,0.6552545899139629,1.2551556077006376e-05,1.7635637360770579e-06,0.012698334282458148
60,6.529535114910547e-06,0.002090479131753826,8.2917219527495e-06,1.3175620509506509e-05,5.0338070558545306e-05,8.013092648643646e-06,0.0020568492681309106,4.799382318402207e-06,0.039696783854489444,1.253591438636252e-07,0.000929332787035075,0.030426340321772813,2.5514642436960564e-07,5.536083843340738e-05,0.24554160341962916,8.548733831688585e-06,0.00014821016936095578,1.8185496375795416e-05,0.005304267222427985,2.556976387466282e-08,0.004022600768643065,0.6562164236143881,1.0725519034638285e-05,1.2368224681090076e-06,0.013381498533790375
61,7.5674817258258364e-06,0.002162511861490122,1.0358582930291785e-05,1.4764625109550714e-05,5.248376634753725e-05,8.775275015914567e-06,0.0022674531489606385,5.125503094862735e-06,0.04428908863431186,1.3601184287214456e-07,0.0010548900196278464,0.03427704955144304,3.0186185982692327e-07,5.117108726677703e-05,0.2397247162980578,9.09819251023764e-06,0.00014490257691378752,1.9503866337456217e-05,0.006038655690479877,2.832268504170227e-08,0.004407627521968133,0.6523586121127426,1.2363476572895927e-05,1.7104116024121011e-06,0.013081104119102798
62,6.529535114910547e-06,0.002090479131753826,8.2917219527495e-06,1.3175620509506509e-05,5.0338070558545306e-05,8.013092648643646e-06,0.0020568492681309106,4.799382318402207e-06,0.039696783854489444,1.253591438636252e-07,0.000929332787035075,0.030426340321772813,2.5514642436960564e-07,5.536083843340738e-05,0.24554160341962916,8.548733831688585e-06,0.00014821016936095578,1.8185496375795416e-05,0.005304267222427985,2.556976387466282e-08,0.004022600768643065,0.6562164236143881,1.0725519034638285e-05,1.2368224681090076e-06,0.013381498533790375
63,6.96880644465564e-06,0.002552729183190869,8.266253599111954e-06,1.3670754219527533e-05,5.207854387457412e-05,8.044644338890894e-06,0.0020504704782213007,4.6693734286441875e-06,0.040378856574696705,1.3874041532221367e-07,0.0009053643161759944,0.030365545858113033,2.4650153176309176e-07,5.8357054457585004e-05,0.2450565536887749,8.393048885575481e-06,0.0001482729478159201,1.7672286423740143e-05,0.005729628743919249,2.7235397293902823e-08,0.004005069961284319,0.6549674913733884,1.1395443811957296e-05,1.2649523225935683e-06,0.013648823235267856
64,5.325948619374791e-06,0.001938438305881732,7.5272480975548955e-06,1.3688640149179945e-05,4.3301691115442555e-05,7.646679263691745e-06,0.0018923902515725825,4.26953484488084e-06,0.036502354588546816,1.3732212637647501e-07,0.000775140398317585,0.030781761135836184,2.6057768051675423e-07,5.413638293687923e-05,0.22152858042115336,8.184574984533176e-06,0.00015053025434882053,1.7816469376959795e-05,0.004741585029366813,2.6929954650190374e-08,0.005051131739763305,0.6832789905264033,1.1121810184105811e-05,1.177852133998482e-06,0.013184475687341397
65,4.201290132848243e-06,0.0022681144626962705,1.109397248556598e-05,2.0565640553009703e-05,4.693908226904651e-05,9.81815187014876e-06,0.0034484237113902656,8.455582433694376e-06,0.01894824799258432,4.6031451393859047e-07,0.000730852553853326,0.026359110099322576,1.8304265729388613e-07,9.598408059129992e-05,0.25587576504387305,1.0427801220638708e-05,0.00015042030771431295,1.8291613016794012e-05,0.0040515767474663044,4.3975511652077974e-08,0.006514836900454051,0.6620317517291843,2.2572444318420808e-05,8.731874600360901e-07,0.019370990272426922
66,2.0790339773077643e-05,0.0024500764493464843,2.8900648867845055e-05,1.3139269146675886e-05,0.0001988259305102937,3.232613642938427e-05,0.0032441592869656114,4.7627189833281745e-06,0.06885175683909829,3.3381590284611944e-07,0.00151863910835692,0.022763739692900374,1.0138396402847347e-06,4.3597073010923394e-05,0.3013054838561557,1.5424309312553862e-05,0.0004867256728076888,4.188070970522543e-05,0.010891530613578199,9.070941604675141e-08,0.010416103553354114,0.5492295178212593,3.0117676098818037e-05,5.396651227956662e-06,0.028405667278152125
67,3.582982105908525e-06,0.0012255678091026836,1.1274793029843243e-05,6.085886701856913e-05,6.21911643001329e-05,5.0306998043879755e-05,0.0011239232531160004,5.651741524692456e-06,0.021259640359703017,3.1953664733630355e-07,0.0021344556424183732,0.02588596463506305,9.950700591507222e-07,0.0002954318689325846,0.1269218646140033,1.347304891664479e-05,0.0009046890836008483,3.6253972687586976e-05,0.0036479340310447863,1.2967017268179843e-07,0.01283012392763378,0.7794209706856529,9.577191995510186e-05,3.7021666849048215e-06,0.024004922158582555
68,1.554470688873069e-05,0.0030137695064787647,3.832083998640837e-05,5.5139516903019575e-05,2.533496396633363e-05,1.2274980342929834e-05,0.0030240727401986407,7.197420399224546e-06,0.0652676543043394,3.316709204172619e-07,0.0009315513584843191,0.07775963499182285,3.879705367273002e-07,7.223761269077995e-05,0.07979192884722067,9.46931708736413e-06,0.0001366202333795346,4.4126658459060264e-05,0.006420996159795721,3.078225419062236e-08,0.012948245908176758,0.7364540473871012,2.4232069851750677e-05,4.339362307778889e-06,0.013942510690407467
69,4.638176324191971e-06,0.002065369603019118,1.0149870639664344e-05,1.8323415494263324e-05,5.437179290397258e-05,9.542037059261046e-06,0.002432356195466839,6.942214275300187e-06,0.035412202860872564,1.4293437551422493e-07,0.0016067522371599372,0.03425614607106809,2.495634781339646e-07,5.56176041080684e-05,0.2476057197748337,1.070387111301097e-05,0.00012374088735889598,1.2921011462426844e-05,0.006401336976663615,3.303813640766684e-08,0.005161812807293768,0.6552556884213878,2.011903547239056e-05,2.1415183591691406e-06,0.009472978081673704
70,1.384061607356469e-05,0.0014236914807565155,1.768696870906757e-05,2.021172833283374e-05,5.738017420875036e-05,5.846957396859135e-06,0.0030586936803441533,1.0598330704511883e-05,0.045293758055180135,1.3868883688564692e-07,0.0005598916951707917,0.04137741823841741,4.26805851018336e-07,8.873217178141298e-05,0.34643780910098637,1.724588198176712e-05,0.00017476780121131335,4.112201522785643e-05,0.001678951108972786,4.055496714292337e-08,0.0020810919587988855,0.5294191383938603,4.65268663044214e-06,4.712688585439947e-07,0.028216393636740587
71,8.860002934671621e-06,0.00507539133933121,8.663063807937143e-06,1.923841059503972e-05,0.0001441077783216318,7.2262529446920735e-06,0.003952518950157961,5.183992496882273e-06,0.05055203579365027,2.5563289338011734e-07,0.0008565272310861427,0.05020905835517842,5.217012553041598e-07,9.79395512130216e-05,0.27244522155592626,1.2601591960895085e-05,0.00021143197588828177,1.591226682741814e-05,0.005283801149751099,8.559859108849972e-08,0.0057558672654100095,0.580801329838058,2.5560414634034476e-05,1.6173713979138171e-06,0.024509042915688357
72,6.67780288749046e-06,0.0013248707679287893,1.1442809939869765e-05,1.3696767274342613e-05,3.722543982248446e-05,9.391338830701402e-06,0.002119933822483331,6.898016635177501e-06,0.052747137443168314,1.0108709288976096e-07,0.0009740184179104536,0.03333951430220269,2.8456088013497826e-07,4.2510371483065125e-05,0.25487009542848166,1.168045026384176e-05,0.00011312194854787854,2.4039237311813268e-05,0.005405067061960072,1.901937525443524e-08,0.004667023983713494,0.6346725407171991,5.808728211783591e-06,1.3294242360719887e-06,0.009595571052159264
