,0,1,2,3,4,5,6,7,8,9,10,11,12,13,14,15,16,17,18,19,20,21,22,23,24
0,1.4088925092169222e-06,2.535680842696792e-06,5.222443121082587e-07,3.1793712519932226e-07,2.8141610543584743e-09,2.024216082142933e-05,0.0005166192931273851,0.004730074072632627,9.262958504566798e-06,0.00013341921542618342,1.174881348854375e-06,2.004429332315843e-05,0.0003014671217063455,2.987048449038818e-06,7.108826477930742e-06,0.00019816641614379642,0.021831657452654443,7.487636768458482e-08,0.004403110170253962,2.05416523100898e-07,2.384421314777259e-06,0.9678171461804037,4.6836312523069503e-08,2.5852417310492166e-10,2.053073409089845e-08
1,2.250556446628764e-06,3.469042719357497e-06,5.795627353171832e-07,4.277947389270266e-07,4.054889293798421e-09,1.911247654577857e-05,0.0006262411889854545,0.006541919898880258,2.1796645864886837e-05,0.0001881260854163601,1.2908636777108536e-06,1.89100721692533e-05,0.0003799491544615167,2.9745451254156418e-06,6.561018504270491e-06,0.00028867495121764615,0.029488569999074236,8.634842129090159e-08,0.004760188806705279,1.894089884115521e-07,1.758575023996105e-06,0.957646847618898,4.687238074571691e-08,3.388464816067661e-10,2.4119283561542137e-08
2,1.0203617913073802e-06,1.5545182206177245e-06,3.364501921649454e-07,2.119529763602008e-07,2.3279949764220495e-09,9.646186698153665e-06,0.0003988734528706999,0.003746469341921016,1.1589366741576183e-05,0.0001152395748848095,6.700616851959159e-07,8.107464177824514e-06,0.0001448634485460623,2.3304484900667035e-06,5.936202432253982e-06,0.00010401106061068736,0.012348741442789454,4.466981838275503e-08,0.0027116738492207015,1.7217050148630084e-07,1.2968154089942953e-06,0.9803871453384869,3.970496713933976e-08,2.3901149182297223e-10,2.3549561525196474e-08
3,1.2921671630317043e-06,2.3987235390777817e-06,4.530407391460214e-07,3.2579326910178997e-07,2.46542661443116e-09,1.453251000187176e-05,0.0004739286271513776,0.004419912989105039,1.0245900034664249e-05,0.00011401357413653495,1.0749503402945806e-06,1.7111149861234376e-05,0.00029808910599533656,2.9019991157933185e-06,5.34212604362282e-06,0.0001548216275961303,0.023974463521962905,6.804206337457618e-08,0.0032106665954931527,1.417010992298537e-07,1.7799467035369814e-06,0.9672963747228953,3.9111629843797954e-08,2.3624189727730827e-10,1.9372392141002424e-08
4,1.290970466776477e-06,2.9387775230760085e-06,4.799031552726659e-07,3.65560455962955e-07,2.8482077317560243e-09,1.4989576871681683e-05,0.00047499624158990205,0.004303386791490141,1.0423924110354855e-05,0.0001089816102230625,1.3237163461910088e-06,2.344322096470938e-05,0.0004180738771193609,3.4848981246922244e-06,4.71536110498484e-06,0.0001582458491413395,0.027939409615198765,8.040287804271867e-08,0.0031972423800202088,1.3907795852354302e-07,1.869726201407583e-06,0.9633340566053646,3.935784814275851e-08,2.2755577061592614e-10,1.9480079204907257e-08
5,1.560669206839867e-06,1.7413971946858385e-06,4.5816650165432336e-07,4.572034011479497e-07,2.2010951202954072e-09,1.2952795894634383e-05,0.0005023385092510132,0.004844380725901701,1.0602320327377741e-05,0.00014535392394196962,1.034394775450448e-06,1.796113171221805e-05,0.00029582993520896566,3.4962182690157e-06,4.188539662848298e-06,0.00017906382616689797,0.029603969614073286,1.197091936797825e-07,0.0024483875171249204,1.9031179787590147e-07,1.8459675595582906e-06,0.9619239949211935,4.556147566481618e-08,3.3349016443957434e-10,2.4105579768142998e-08
6,1.2921671630317043e-06,2.3987235390777817e-06,4.530407391460214e-07,3.2579326910178997e-07,2.46542661443116e-09,1.453251000187176e-05,0.0004739286271513776,0.004419912989105039,1.0245900034664249e-05,0.00011401357413653495,1.0749503402945806e-06,1.7111149861234376e-05,0.00029808910599533656,2.9019991157933185e-06,5.34212604362282e-06,0.0001548216275961303,0.023974463521962905,6.804206337457618e-08,0.0032106665954931527,1.417010992298537e-07,1.7799467035369814e-06,0.9672963747228953,3.9111629843797954e-08,2.3624189727730827e-10,1.9372392141002424e-08
7,2.6710023548378877e-06,5.539423672640355e-06,1.2844686833276245e-06,4.997277836939209e-07,3.6827166005054512e-09,1.6789252385380134e-05,0.0005394662275744084,0.009423716576361641,9.054702815667902e-06,8.836440850492591e-05,2.524492908199421e-06,3.038708522840244e-05,0.0011199776805807388,2.3528227523136327e-06,6.1362601564373535e-06,0.00015572803759022477,0.034888556053559006,7.210004721966446e-08,0.0069898607345158,1.1131796981544148e-07,2.4321247754926163e-06,0.9467144317824484,3.0298920484732014e-08,2.453868211647475e-10,9.490307557704013e-09
8,8.355943013546832e-07,1.040686592250119e-06,3.1801691150338634e-07,2.868159134015502e-07,1.674660432589684e-09,7.0189939919816815e-06,0.0003257031775036459,0.002308665090132331,1.2524322916897705e-05,0.0001465175108983482,6.509672297090538e-07,3.939764371211742e-06,8.23620202033146e-05,2.9831482399044517e-06,5.974803379261595e-06,7.027496345547146e-05,0.011336090530603726,3.886753756219989e-08,0.001202700067762243,1.221194349777509e-07,1.1078669960984192e-06,0.9844907762770351,3.741554451761027e-08,5.510260831538691e-10,2.875335867573216e-08
9,1.1902454688284205e-06,1.1643417957153461e-06,6.104224578684163e-07,4.83102856381926e-07,1.8654826422085352e-09,1.2038178238771469e-05,0.0002608472264019228,0.004368620784166223,1.0764551924258196e-05,0.0001637931945110926,1.0272650816589562e-06,7.557214733839614e-06,0.0001914459185730365,3.1493772019979103e-06,5.523093741484725e-06,0.00012709867124535002,0.022403697391851357,5.4865873649548915e-08,0.002033901805703244,1.8277086875042194e-07,1.640212566956189e-06,0.9704051465987207,4.547617968166313e-08,5.495590072201073e-10,1.4874795541819582e-08
10,1.2921671630317043e-06,2.3987235390777817e-06,4.530407391460214e-07,3.2579326910178997e-07,2.46542661443116e-09,1.453251000187176e-05,0.0004739286271513776,0.004419912989105039,1.0245900034664249e-05,0.00011401357413653495,1.0749503402945806e-06,1.7111149861234376e-05,0.00029808910599533656,2.9019991157933185e-06,5.34212604362282e-06,0.0001548216275961303,0.023974463521962905,6.804206337457618e-08,0.0032106665954931527,1.417010992298537e-07,1.7799467035369814e-06,0.9672963747228953,3.9111629843797954e-08,2.3624189727730827e-10,1.9372392141002424e-08
11,1.3808819750472057e-06,2.7318780780226454e-06,5.006037397604574e-07,3.619232942089837e-07,2.728625147195714e-09,1.529562501386489e-05,0.0004905309273954526,0.0048973655291913104,1.0363522795686903e-05,0.00011207439916513973,1.2036214267076696e-06,2.083605295681952e-05,0.00037195237964653713,3.065739788189493e-06,5.275253130746548e-06,0.00016675055555844516,0.026988110140040232,7.567355032086487e-08,0.0034755418354207876,1.448177678885313e-07,1.8857321537630425e-06,0.9634344912098015,3.981293691508267e-08,2.3064283195547e-10,1.8925904896151924e-08
12,1.2735654209743809e-06,2.62768524826535e-06,4.522835634591822e-07,3.409992175458557e-07,2.8438328036624825e-09,1.6440464617857512e-05,0.0005096278398781629,0.00411875233500954,1.0888480324036582e-05,0.00011625557820714056,1.1334633752002463e-06,1.935678090426391e-05,0.0003113440526328877,3.4155055270341447e-06,5.4746066207149525e-06,0.00016500991881338833,0.024532577267153837,7.6661003371731e-08,0.0032135947206568304,1.5690235418668487e-07,1.8860991328237773e-06,0.9669692442557408,4.43894560185897e-08,2.449203697340961e-10,2.3056388185806192e-08
13,1.2879656151102266e-06,2.44373096505777e-06,4.6002493884468887e-07,3.339886476275668e-07,2.5044313023848244e-09,1.4447607386977674e-05,0.0004697044884422053,0.00439030724245793,1.0132601572006207e-05,0.00011126287387610759,1.1646515659373572e-06,1.7541589989013147e-05,0.0003170982679679207,2.961398872218683e-06,5.40038225130693e-06,0.00015438065894362514,0.02434418897001789,6.723255934086118e-08,0.003248378107790334,1.3780669449774542e-07,1.7967294994307585e-06,0.9669064426794645,3.9564912721028216e-08,2.406203066139509e-10,1.8690517998161628e-08
14,1.6608222137887914e-06,5.178173768600889e-06,5.833748762630381e-07,3.0367533813384545e-07,4.2642399707104566e-09,2.4125595688125563e-05,0.000567493305678681,0.0042683590745456095,9.423845817548924e-06,0.00011249369014536496,1.7446292379969773e-06,3.581804928400873e-05,0.0005495831547751506,3.741310509777277e-06,6.068443719949245e-06,0.00020835327406223584,0.025680301684399387,8.227117613084638e-08,0.006242140959530961,1.4898421206149635e-07,2.5525971391251066e-06,0.96227977796909,4.0508363016947516e-08,1.876336320524588e-10,2.015455459086537e-08
15,1.2921671630317043e-06,2.3987235390777817e-06,4.530407391460214e-07,3.2579326910178997e-07,2.46542661443116e-09,1.453251000187176e-05,0.0004739286271513776,0.004419912989105039,1.0245900034664249e-05,0.00011401357413653495,1.0749503402945806e-06,1.7111149861234376e-05,0.00029808910599533656,2.9019991157933185e-06,5.34212604362282e-06,0.0001548216275961303,0.023974463521962905,6.804206337457618e-08,0.0032106665954931527,1.417010992298537e-07,1.7799467035369814e-06,0.9672963747228953,3.9111629843797954e-08,2.3624189727730827e-10,1.9372392141002424e-08
16,8.797351901084268e-07,1.1934828177812093e-06,2.4781779300557665e-07,2.5177427769324203e-07,1.2745429330756172e-09,8.765127816116474e-06,0.0004397154168729129,0.0025490217678734695,4.559296705885889e-06,0.00015259425352534908,6.177730067348559e-07,2.0084749861951673e-05,0.000177820346585022,3.2464334415984292e-06,2.4411651893147293e-06,0.00013181837290292855,0.01949847804635216,1.2370393472365278e-07,0.0017473572393184361,1.5392646012028897e-07,2.4656829615546633e-06,0.9752581126188741,2.6388232320168014e-08,1.6375137159200008e-10,2.3441712681059144e-08
17,1.2165247234404888e-06,1.8906635048457636e-06,2.9870338821511095e-07,2.3790263187260288e-07,1.6396329419697798e-09,7.199292898724475e-06,0.0003634637444711552,0.003910288900125374,5.199078882551761e-06,7.131478203892558e-05,7.480952654322799e-07,3.479643168418272e-05,0.0003696410804004034,3.1684114391985866e-06,1.8325370129930697e-06,0.00010389393906420766,0.02767212926359509,1.463963822771952e-07,0.0024326809757749097,1.3263323622918631e-07,1.7870996675187176e-06,0.9650178753701474,3.302415362114621e-08,1.1215649330267528e-10,2.339772222482417e-08
18,8.986690827646995e-07,1.215684717798995e-06,1.5903369990512873e-07,1.14504389695855e-07,8.596196052888398e-10,6.7592708058042126e-06,0.0002778100393005331,0.00171043706906555,5.9724723532581206e-06,8.47153825037237e-05,4.4347112532591683e-07,1.5244881741136433e-05,0.00013396799261358334,2.718368697280517e-06,1.7179698836116556e-06,7.216359031252863e-05,0.020405484234373848,1.0539715126192004e-07,0.0013402847995993333,1.2163597389507716e-07,9.415295436828209e-07,0.9759386613421237,2.80935671479776e-08,1.4292901829485683e-10,3.3564825954333166e-08
19,1.3202509923248727e-06,2.9551483150809686e-06,5.888669262868942e-07,4.2051292714189255e-07,3.483646954795819e-09,1.2160904865916412e-05,0.0005294857387799066,0.006007121193957079,9.507258161993262e-06,9.306929347398195e-05,1.2359274194997892e-06,2.396894576515908e-05,0.00045623980792760095,2.960430671371719e-06,5.012475932893029e-06,0.00015006027239701877,0.02473601622352549,7.465850308114448e-08,0.0036141967167590107,1.295560291396486e-07,1.9258829226748245e-06,0.9643514974884607,3.314680610221031e-08,1.8522720313179578e-10,1.562960627841819e-08
20,5.606143284475823e-07,1.2553163164079848e-06,3.187382205246095e-07,1.9353263934535744e-07,1.4064999707111556e-09,7.526033912573125e-06,0.0003568616732722552,0.0036346477951233287,4.998621964282335e-06,6.454982606014135e-05,7.355878678817459e-07,6.6062287291138115e-06,0.00013330157107848894,1.5148965498505758e-06,7.82515260369487e-06,6.587345831519603e-05,0.0102572629930533,2.071401644785279e-08,0.0023097076397325094,8.220550244448053e-08,1.5832114964130344e-06,0.9831445351393837,2.7113233368954794e-08,1.4933982346199279e-10,1.0380760619538192e-08
21,1.5470266172869833e-06,3.03744648136574e-06,4.5597044270289493e-07,3.374145926389472e-07,3.4055394830051045e-09,1.3622612902265479e-05,0.00041988171707572306,0.003459439714816083,9.100341275723396e-06,0.0001613424678406828,1.2791964065823695e-06,2.888271863229224e-05,0.00034836560965883454,4.027785511900946e-06,3.6747099832862366e-06,0.00017952899709780027,0.023214286676947655,1.1043999707800928e-07,0.0035660386746700435,1.627646533166661e-07,2.652596082969959e-06,0.9685821628810568,3.525375923420077e-08,2.386736247570185e-10,2.333928461629014e-08
22,1.114366996699251e-06,1.3385001084411895e-06,4.408358907545138e-07,3.829260826394296e-07,1.3434183973287718e-09,1.1529518492091271e-05,0.0003152150698920252,0.0040569051344113045,6.19667670528483e-06,0.00012603628537931352,1.0353409234214114e-06,1.588187721423596e-05,0.0002665902144906128,2.6845087686594506e-06,3.560056545974706e-06,0.00014342654780986728,0.03201990651618414,7.509598395829402e-08,0.0022290874394758444,1.282453665984537e-07,1.929461333101738e-06,0.9607964911517901,3.0952226287553283e-08,2.4485258535187873e-10,1.1689657757653244e-08
23,1.2921671630317043e-06,2.3987235390777817e-06,4.530407391460214e-07,3.2579326910178997e-07,2.46542661443116e-09,1.453251000187176e-05,0.0004739286271513776,0.004419912989105039,1.0245900034664249e-05,0.00011401357413653495,1.0749503402945806e-06,1.7111149861234376e-05,0.00029808910599533656,2.9019991157933185e-06,5.34212604362282e-06,0.0001548216275961303,0.023974463521962905,6.804206337457618e-08,0.0032106665954931527,1.417010992298537e-07,1.7799467035369814e-06,0.9672963747228953,3.9111629843797954e-08,2.3624189727730827e-10,1.9372392141002424e-08
24,1.5344985998215809e-06,3.446449304818084e-06,6.046120915181477e-07,7.14164387733997e-07,5.673639382259887e-09,1.9394125154963888e-05,0.0006252616886238716,0.005922944566743007,1.4132112570644978e-05,0.00013424459005374658,1.8792516424386503e-06,3.652956401691586e-05,0.0006596418562045583,5.875482920357476e-06,5.2883349037737095e-06,0.000297882581563269,0.03523241159297839,1.3157659081612216e-07,0.0036624752125303714,1.966884738341316e-07,2.387278427884019e-06,0.9533729317389454,6.138051609750952e-08,2.9487085390097327e-10,2.4684245610783745e-08
25,1.91162839300457e-06,1.8215332729390432e-06,6.141257617158987e-07,6.652741833466736e-07,2.6715719317197422e-09,9.999282978475125e-06,0.0006415326914777893,0.011139847304157456,8.772405503973126e-06,0.00011792198548688152,1.6634374883729309e-06,1.936544967925839e-05,0.0005739561246147383,2.3324379214076847e-06,5.5491001980676085e-06,0.0002276771033936932,0.029495345563590177,8.81403217100042e-08,0.0043323892844815155,1.499228023349379e-07,2.6000255356005617e-06,0.9534157370406017,4.546671014689873e-08,2.409113966458626e-10,1.1758962549045238e-08
26,3.0385807687429645e-06,3.2879592950969247e-06,6.891465095102094e-07,5.953050328611835e-07,3.919282368467089e-09,1.9031595031549567e-05,0.0005106251763756191,0.006905367650210715,3.104201757922731e-05,0.0001421467815487441,1.628643643481987e-06,1.4971836661681247e-05,0.00036371004159187914,3.1884625101141235e-06,7.403398476118288e-06,0.00021150893067922255,0.03927609813731285,9.127218799915586e-08,0.003538124128903519,2.0236887079999002e-07,1.5741465155934052e-06,0.9489655546001111,8.307517578494822e-08,7.649761053072391e-10,3.206074943332991e-08
27,7.663462698128605e-07,1.584500282332511e-06,2.644007035767345e-07,1.7639625463696868e-07,1.741492302145664e-09,9.001304001508468e-06,0.0003646734450417928,0.002692502399275298,1.0600876034001627e-05,9.991103765273404e-05,6.460187642134425e-07,7.753464577764398e-06,0.00012908366572024854,2.1727788626953285e-06,5.479289110083237e-06,8.61736192906766e-05,0.01349497561113847,3.5275694839243744e-08,0.0019970560003580253,1.1396598195545483e-07,1.030623244219834e-06,0.981095947333177,2.9552039585191454e-08,2.1010827374545374e-10,2.014492410585567e-08
28,1.2921671630317043e-06,2.3987235390777817e-06,4.530407391460214e-07,3.2579326910178997e-07,2.46542661443116e-09,1.453251000187176e-05,0.0004739286271513776,0.004419912989105039,1.0245900034664249e-05,0.00011401357413653495,1.0749503402945806e-06,1.7111149861234376e-05,0.00029808910599533656,2.9019991157933185e-06,5.34212604362282e-06,0.0001548216275961303,0.023974463521962905,6.804206337457618e-08,0.0032106665954931527,1.417010992298537e-07,1.7799467035369814e-06,0.9672963747228953,3.9111629843797954e-08,2.3624189727730827e-10,1.9372392141002424e-08
29,1.2921671630317043e-06,2.3987235390777817e-06,4.530407391460214e-07,3.2579326910178997e-07,2.46542661443116e-09,1.453251000187176e-05,0.0004739286271513776,0.004419912989105039,1.0245900034664249e-05,0.00011401357413653495,1.0749503402945806e-06,1.7111149861234376e-05,0.00029808910599533656,2.9019991157933185e-06,5.34212604362282e-06,0.0001548216275961303,0.023974463521962905,6.804206337457618e-08,0.0032106665954931527,1.417010992298537e-07,1.7799467035369814e-06,0.9672963747228953,3.9111629843797954e-08,2.3624189727730827e-10,1.9372392141002424e-08
30,1.2921671630317043e-06,2.3987235390777817e-06,4.530407391460214e-07,3.2579326910178997e-07,2.46542661443116e-09,1.453251000187176e-05,0.0004739286271513776,0.004419912989105039,1.0245900034664249e-05,0.00011401357413653495,1.0749503402945806e-06,1.7111149861234376e-05,0.00029808910599533656,2.9019991157933185e-06,5.34212604362282e-06,0.0001548216275961303,0.023974463521962905,6.804206337457618e-08,0.0032106665954931527,1.417010992298537e-07,1.7799467035369814e-06,0.9672963747228953,3.9111629843797954e-08,2.3624189727730827e-10,1.9372392141002424e-08
31,2.8921518092983458e-06,2.8376232180826834e-06,7.68643280786168e-07,3.6543272630193257e-07,2.7692361060424157e-09,1.0584962858332057e-05,0.0004579839445481489,0.009927378138599539,9.302587053923199e-06,0.00010473278166654041,9.119913609312798e-07,2.5150498394672715e-05,0.00046648906841512724,2.090723329543417e-06,3.624778834697526e-06,0.00015372039666998338,0.028565599796205068,1.1882471277421451e-07,0.0055196621235107,1.7628242679955058e-07,2.203230719226923e-06,0.9547433463263473,3.750337771070243e-08,1.9468554978923374e-10,1.922601304609743e-08
32,1.249527750656591e-06,2.4442694501451353e-06,4.4730024196563266e-07,2.8102603617518906e-07,2.5248299926973086e-09,1.4199467334802474e-05,0.00045042805836451,0.004361660092675441,9.217428885950487e-06,0.00010401176261788799,1.0422912597578682e-06,1.770310876225476e-05,0.0002883953028546645,2.7343119412792725e-06,5.495543598706232e-06,0.00014595165520210526,0.021509746504592073,6.309665860828893e-08,0.003648354472937597,1.4324150107486236e-07,1.801335153916684e-06,0.9694345704354025,3.832728257001944e-08,2.0408636706935748e-10,1.871057912434558e-08
33,3.654284232156154e-06,5.646893215281308e-06,2.672794489016065e-06,9.64411444472467e-07,3.4051154470958525e-08,6.476489699751722e-05,0.000939755075334831,0.004167830826668079,4.350668636063741e-05,0.0002824010064533309,5.115001417566317e-06,1.7924396081515845e-06,2.9967098398355412e-05,3.678954169328951e-06,0.0005045528460279976,0.0001392922518741552,0.0031356103267202906,1.3594496750781909e-08,0.009423840434941398,3.834133696220133e-07,2.163700129971166e-05,0.9812221228245924,6.194006767185309e-07,7.945475885593747e-09,1.355405817984812e-07
34,1.4803072401680927e-06,2.6600748447828088e-06,4.7365237538584706e-07,2.8934935217940683e-07,2.6414317289140104e-09,1.2853424830787872e-05,0.0004367389443542635,0.004438428892652421,1.087805789365097e-05,0.00010866307810428359,1.1233136387965869e-06,1.6482627974813896e-05,0.00030566083930013116,2.6762507269286805e-06,5.225357662810071e-06,0.00013685559840640423,0.021693799998011076,6.310683540301266e-08,0.003721450305365299,1.3237839531562708e-07,1.6782371129314155e-06,0.9691023266783622,3.71698196204723e-08,2.398953929596016e-10,1.9475413158303433e-08
35,4.8382805008417465e-06,2.636171352720141e-06,4.2757136856168644e-07,3.158899184720694e-07,1.5921304433883765e-09,6.9403215499015476e-06,0.00048533948692001103,0.011784693672583857,1.5856476395531546e-05,0.00013725320429346403,6.811403810384791e-07,2.635757456555594e-05,0.00044870338215127086,1.4490178259026866e-06,1.8873127059482036e-06,0.00019053909436744478,0.045040755366686995,1.808258978966659e-07,0.00427250735417342,1.296598570955414e-07,1.3313224381369277e-06,0.9375771285936003,2.6006282779687246e-08,1.8678152605616382e-10,2.0495270690392388e-08
36,6.201324117552418e-06,1.1519425132171253e-05,6.942959880985182e-06,1.6375010546655411e-06,6.516903410126313e-08,5.024180321254821e-05,0.0009452200019242364,0.00214168761532748,1.141894733460694e-05,0.0004101913590542509,2.0952485009729348e-05,1.4647052396648988e-05,0.0002893673518036303,1.528111175068075e-05,9.143735460083407e-05,0.0001340793705868203,0.0047737016771125,1.1122897922893325e-07,0.014350176659612768,4.7026152175264414e-07,4.283885987883996e-05,0.9766814524861878,2.4470699827138855e-07,6.66980131798468e-09,1.0661768687664049e-07
37,2.48435747066392e-06,1.8470992724499958e-06,7.050405238964129e-07,5.559681126371825e-07,2.2026679146494803e-09,1.1190907911838698e-05,0.00044952601835895065,0.005278153517738213,1.007708264688942e-05,0.00015609273687482568,1.4671013673896717e-06,1.6740108286098752e-05,0.0003536482197907205,3.3206338717618767e-06,4.294205988114192e-06,0.0001608236876740148,0.03210384466915611,1.303243670893454e-07,0.0030306345254586093,1.6682362476177e-07,1.9316601062936477e-06,0.9584123012521466,4.0747295041861466e-08,5.472906819837679e-10,2.056199863913529e-08
38,1.1475345002905596e-06,2.0492389374320955e-06,3.644067105607552e-07,2.794758803406583e-07,2.1549574038747354e-09,7.968450768409785e-06,0.0003272502565452039,0.0033127240858362664,1.2157478894345267e-05,0.00010351953993539865,8.392378197398238e-07,1.2418969187253627e-05,0.000218480759235029,2.8500863751536626e-06,3.5053700134609523e-06,8.692881854409486e-05,0.020222567894920815,5.940093184100016e-08,0.0020194868309959236,1.0583304086491005e-07,1.1836144895341122e-06,0.9736640607822893,2.902785017404061e-08,2.540348793843384e-10,2.0497306131591726e-08
39,1.3049257067934154e-06,2.313131079962412e-06,4.4409086497365396e-07,3.2904521106663623e-07,2.381706265665104e-09,1.458315883465583e-05,0.0004985543962433817,0.004817740344604005,9.790318892736344e-06,0.00011283277854172267,1.01435254845339e-06,1.730117103376582e-05,0.0002951617643759777,2.751499592900634e-06,5.42102437574917e-06,0.00016089994474464153,0.024230056482508144,6.959967102239072e-08,0.003304149960097533,1.4594149236887709e-07,1.888694678161368e-06,0.966523184231608,4.077072235308471e-08,2.2023276895860921e-10,1.9770632520990498e-08
40,6.281008969639542e-07,3.5013164320133867e-06,5.996388141240704e-07,1.1987866032496326e-07,3.191591800365895e-09,1.625221976938945e-05,0.00023821968291066082,0.0016942974453163344,4.281675696414728e-06,5.738706128269107e-05,9.022240972148479e-07,1.8266646734233717e-05,0.0002012974761120324,2.955127814105391e-06,5.76407500014968e-06,5.688343116140928e-05,0.009887655284498682,2.920852955481555e-08,0.004272074177986324,1.0636582107680892e-07,1.7242821145867392e-06,0.9835370170685798,2.0982546529360957e-08,1.211812074885317e-10,1.3316452265860092e-08
41,3.1124783036952582e-06,1.5476709222464545e-05,1.3774851324624448e-06,1.381872452309333e-06,1.809295852942154e-08,6.0118474284845985e-05,0.0009966055066247047,0.011303395105479605,9.458654405124517e-05,0.00026680751721057573,2.7253619481826354e-06,2.9489052917050636e-05,0.0010466950152518571,6.513879870323137e-06,1.2578889826583713e-05,0.0005694153555783781,0.05815985160692986,8.565120775143099e-08,0.005245254935083103,2.0307288877325696e-07,2.1987716368354845e-06,0.922181994211432,8.107637817487873e-08,6.464466646511715e-10,3.268688407042379e-08
42,2.5657272862587683e-05,4.5897519312603714e-05,1.3158347992823897e-06,3.782079101081804e-05,1.27813206048997e-07,0.0008359375447273062,0.010995718162637447,0.0010547390683848404,0.0006916760545853257,0.0010504081603959225,9.84472738597996e-05,0.00016965288970250685,0.0029438038587943152,0.0008484759442020565,4.6736730871081844e-05,0.004457354894035419,0.6272145658749179,1.6031218715728437e-05,0.0006102524567879825,1.3196570082076016e-06,5.769069802129372e-06,0.348832553239232,9.285899292823558e-06,7.132615311019471e-08,6.381444702703557e-06
43,1.590610878946603e-06,3.434414082350868e-06,5.413320757979697e-07,3.9037205378462685e-07,3.044997374885026e-09,1.6525673399192967e-05,0.0005988744879674068,0.005368678106806159,9.966435347066184e-06,8.491647527313808e-05,1.4411080722327084e-06,2.8997812620742595e-05,0.0005132381577981727,3.3395623217331394e-06,5.307643083752634e-06,0.00017734491841518192,0.03173189275145114,9.005523260678931e-08,0.004153256680971411,1.2712473516886516e-07,1.9818582739007587e-06,0.9572979944212229,4.5640916230955925e-08,2.0959307688023568e-10,2.110241042059503e-08
44,1.2921671630317043e-06,2.3987235390777817e-06,4.530407391460214e-07,3.2579326910178997e-07,2.46542661443116e-09,1.453251000187176e-05,0.0004739286271513776,0.004419912989105039,1.0245900034664249e-05,0.00011401357413653495,1.0749503402945806e-06,1.7111149861234376e-05,0.00029808910599533656,2.9019991157933185e-06,5.34212604362282e-06,0.0001548216275961303,0.023974463521962905,6.804206337457618e-08,0.0032106665954931527,1.417010992298537e-07,1.7799467035369814e-06,0.9672963747228953,3.9111629843797954e-08,2.3624189727730827e-10,1.9372392141002424e-08
45,1.2914276446396705e-06,2.4101440562515634e-06,4.47730454354496e-07,3.213770359871211e-07,2.4574876205422575e-09,1.4341280592052421e-05,0.0004646235151830578,0.0042942111627547784,1.0223557751237713e-05,0.0001137706287754421,1.0724708643228077e-06,1.7359622616680693e-05,0.000297549699447836,2.9419543405561355e-06,5.168887970229716e-06,0.00015220993396307427,0.024035767705968925,6.911593996838509e-08,0.0031693750947874456,1.4071673917581525e-07,1.76744332296332e-06,0.9674148753815848,3.8810602193924165e-08,2.358587905628061e-10,1.9644257729626577e-08
46,7.037584270011955e-07,3.2854575084545553e-06,3.2766654666445747e-07,1.1271329169572225e-07,8.395775428812152e-09,8.254274774565303e-06,0.0007571748037047836,0.0017008879318249502,1.3288505610397068e-05,0.0001190078775679766,8.307477200516148e-07,7.29150061305902e-06,0.0001288036088000566,3.683130351201369e-06,9.276426323120453e-06,7.722981477249385e-05,0.00292082686512202,2.9749736139943144e-08,0.004883693627767861,1.4870520979160681e-07,1.4401874246542517e-06,0.9893636140704738,3.124091150106236e-08,1.6554367780840705e-10,4.877419879290691e-08
47,1.6535080077471005e-06,2.1875573444983183e-06,2.2997199194581886e-07,5.553567426086096e-08,8.36237450640661e-10,4.749015165626635e-06,0.00020647935323471218,0.0034943950854935332,4.637950615216821e-06,5.6348276773835374e-05,3.357878127913633e-07,1.95363933088579e-05,0.0001646345580952446,7.671430473656974e-07,1.6210643171304326e-06,5.302196961014505e-05,0.015470714433107062,5.2868671451387067e-08,0.003975168506373681,7.440904212951418e-08,1.013540169035022e-06,0.976542298487622,1.1109398566644777e-08,5.707987459873631e-11,1.258180574672452e-08
48,1.8875191516313297e-06,3.8070811075380426e-06,5.903212222168763e-07,3.6488148086409123e-07,2.219941823243886e-09,2.2954845377938036e-05,0.0005842941986162912,0.008134383883339914,1.0894156571295638e-05,9.622660627750095e-05,1.1754755000853645e-06,2.7692801953596078e-05,0.0005362556128848574,2.243478278155704e-06,5.88876323411831e-06,0.00021130405216127754,0.04406024011866168,7.607101975355251e-08,0.005093201571998451,1.3356929722501914e-07,1.9379517891117946e-06,0.9412043899909052,3.946518001934023e-08,1.7228041578062357e-10,1.519176902857046e-08
49,6.839709717442861e-07,2.0731662207093547e-06,4.363140812453938e-07,1.818948760609552e-07,1.5334875919527214e-09,1.4421845032051957e-05,0.00027331619490013765,0.002443613418417731,4.649170798429146e-06,7.548261093857533e-05,7.275187277198191e-07,1.8933898028643743e-05,0.0002143864684808999,2.5542482771215333e-06,3.89077546092227e-06,7.879578755170181e-05,0.019725201216218912,4.869034192027484e-08,0.0024390035468431254,1.1860209039436672e-07,1.6514101285708577e-06,0.9746997932651115,2.2156228157177988e-08,1.3301385523360632e-10,1.2163772297080095e-08
50,2.7271975715799005e-06,1.2746106474336785e-05,4.362568777132427e-06,4.07913087398122e-06,9.439372006228452e-09,0.0003387454135268082,0.0002647959618436965,0.007569267538080169,1.4880114703323882e-05,7.562510753152606e-05,1.3435165986014466e-05,0.0001927182938069947,0.003730207217345468,1.2590111324866748e-05,1.0303830839311027e-05,0.0007634652991385487,0.3207583147003572,1.641103754576607e-07,0.005397981900616758,2.5237162500619916e-07,8.01541571122445e-06,0.6608250706611524,2.3434433251247596e-07,1.2546987371716664e-09,6.743934879112867e-09
51,1.3165232570904381e-06,2.7838915723718365e-06,5.197488025018201e-07,4.155910555134424e-07,2.695326223501952e-09,1.3181644363919806e-05,0.0004478467926470652,0.004962980235390046,1.196412689505098e-05,0.00011717782096154303,1.1861744862290123e-06,1.7033419954662724e-05,0.0003624167890973961,2.969445854797448e-06,4.824997176123905e-06,0.0001419355880373877,0.02667017990114303,6.243677498363687e-08,0.002793558358488532,1.1421662059901252e-07,1.7332135839396e-06,0.9644457487263418,3.203094111054407e-08,2.513543992473492e-10,1.5379873654778473e-08
52,1.399914728643505e-06,2.1880396473814642e-06,4.849888105348714e-07,3.8043151597418955e-07,2.4774043284827247e-09,1.5520376674431267e-05,0.00047952948611768053,0.004522806552911687,1.0607724835830417e-05,0.00013143634255659048,1.20401649933262e-06,1.737494022952773e-05,0.0003202795250857493,3.1815783124346124e-06,5.302832493455291e-06,0.00018101939500621538,0.02639390535603015,7.954250880488751e-08,0.0031245690939880736,1.6163751878181004e-07,1.8084623729161265e-06,0.9647866959276477,4.200257833211018e-08,2.88565493395579e-10,1.9065959998481016e-08
53,9.924036068112905e-07,1.4880148517959714e-06,2.343540834149583e-07,4.386090290363742e-07,2.5971082216358802e-09,1.4252250492432923e-05,0.001739350762154425,0.006219356054926838,1.7301034807294243e-05,0.00013566867613035112,9.462618770009358e-07,1.0479979194919044e-05,0.00023762347376255207,3.2130373433283883e-06,1.1278575937289838e-05,0.000279077366320427,0.018836724203223874,8.490394654547029e-08,0.0023201494321548077,2.177659704883563e-07,1.4892693974362128e-06,0.9701695071618716,7.841753106675693e-08,2.823053900332003e-10,4.511197237490518e-08
54,1.3356704716364994e-06,4.045630270082312e-06,2.3275353413330787e-07,1.4218279887710397e-07,2.708171327568267e-09,1.3780012861234234e-05,0.0005859917028071077,0.0027516045475338992,1.3703539789835476e-05,0.00011657218399869938,5.999285914199319e-07,2.2247103137160496e-05,0.0002107449777734321,2.9982158974011467e-06,3.714899940586672e-06,0.00015183804153358512,0.018882224088558497,8.593236437450265e-08,0.0029861545159815765,1.1882040409969057e-07,1.2753643119706033e-06,0.9742505149760432,2.980356081373422e-08,1.307401825781259e-10,4.226892487862161e-08
55,3.4378352672956163e-06,9.338697774872822e-06,4.0942119107066706e-07,2.737450720851388e-07,6.669101013289547e-09,1.2996988671721628e-05,0.0009263721996509035,0.004426386436964781,2.1168049080271685e-05,0.00010373165661863631,1.3241947194973258e-06,9.721246958753684e-05,0.0007366822314741157,4.4169013000192065e-06,2.5927828358479495e-06,0.00021560625444670345,0.032998002245484555,2.9205208624899494e-07,0.005381154536266658,1.5925574245841253e-07,2.181921655800998e-06,0.955056146291692,4.150662703010159e-08,1.7087758844074407e-10,6.548581146883684e-08
56,1.3573527078649005e-06,2.7803622853483224e-06,4.856384357749036e-07,3.456027012001951e-07,2.73158313453255e-09,1.4795565892150955e-05,0.0004956794562367511,0.004623912670078813,1.070127037018485e-05,0.00011070608851260387,1.2099888891614291e-06,2.0103196190961653e-05,0.0003674299745900648,3.1025069209994367e-06,5.249717309038237e-06,0.0001579532021250105,0.02586627522677851,7.430299821766679e-08,0.003363738607324596,1.4151289132494276e-07,1.7837766326225344e-06,0.964952112438829,3.8981477270537956e-08,2.3383699829469356e-10,1.9594402535345445e-08
57,9.105952848135361e-07,2.3145862434800424e-06,3.912269004402362e-07,1.060140392733451e-07,1.965782719457324e-09,7.953665430821046e-06,0.00023159688477677478,0.003360483673466664,3.4845967129074264e-06,5.3538911296296455e-05,6.413697546811679e-07,2.6527272228438856e-05,0.00023616959954612834,1.5615416756051967e-06,3.0668848636506078e-06,7.407149078810599e-05,0.0131964143955364,4.289198306979912e-08,0.005440506866705792,1.0211196430813416e-07,1.8103403475467288e-06,0.977358275786351,1.7470079068713734e-08,6.178861060215177e-11,9.796453387149992e-09
58,1.2917497157346836e-06,2.231652618380616e-06,4.798143109152481e-07,3.286281772725887e-07,2.408487499613135e-09,1.3578161855618707e-05,0.00043617982470560993,0.004126321104687431,1.034643190844046e-05,0.00011513177098773994,1.1555769311628131e-06,1.4895983058038604e-05,0.00027890950244185086,2.8528505934694973e-06,5.766875007622039e-06,0.0001413673339945831,0.022406518472583757,6.281672381606999e-08,0.00301013895358188,1.424870456729824e-07,1.6930995226884551e-06,0.9694305465803406,3.90119664709451e-08,2.9244392455773836e-10,1.8616309928687e-08
59,1.2225272571919705e-06,2.039952549491028e-06,4.984065862346237e-07,3.401697272670617e-07,2.35397848089355e-09,1.3380282029743115e-05,0.0004007019024059415,0.003778068796716509,1.031000987090365e-05,0.0001236428968354072,1.130029642813505e-06,1.3055978927956088e-05,0.0002368964022699789,2.9534098838240224e-06,5.951912335762554e-06,0.0001313367538267468,0.021488627834335316,5.993327530007283e-08,0.0027104483236476255,1.4670534838359778e-07,1.7250623372970863e-06,0.9710774025865094,3.8911151228497436e-08,3.3589857818372063e-10,1.8522652458751712e-08
60,1.2921671630317043e-06,2.3987235390777817e-06,4.530407391460214e-07,3.2579326910178997e-07,2.46542661443116e-09,1.453251000187176e-05,0.0004739286271513776,0.004419912989105039,1.0245900034664249e-05,0.00011401357413653495,1.0749503402945806e-06,1.7111149861234376e-05,0.00029808910599533656,2.9019991157933185e-06,5.34212604362282e-06,0.0001548216275961303,0.023974463521962905,6.804206337457618e-08,0.0032106665954931527,1.417010992298537e-07,1.7799467035369814e-06,0.9672963747228953,3.9111629843797954e-08,2.3624189727730827e-10,1.9372392141002424e-08
61,1.295599784323049e-06,2.046438658638756e-06,5.438462605536048e-07,3.567387210939682e-07,2.2735548657169484e-09,1.40969432151799e-05,0.00040114020648503385,0.004284605981454506,9.515224292274706e-06,0.00011846312505652631,1.1267461538476502e-06,1.3915532602917576e-05,0.0002604154694453501,2.8281881251664385e-06,5.86110180176982e-06,0.0001364904987692252,0.023050686414773036,6.21813066120569e-08,0.00291671150532018,1.4806206059644013e-07,1.8060887843483803e-06,0.9687778257834927,3.881130076880953e-08,3.152238490151498e-10,1.6923356838136927e-08
62,1.2921671630317043e-06,2.3987235390777817e-06,4.530407391460214e-07,3.2579326910178997e-07,2.46542661443116e-09,1.453251000187176e-05,0.0004739286271513776,0.004419912989105039,1.0245900034664249e-05,0.00011401357413653495,1.0749503402945806e-06,1.7111149861234376e-05,0.00029808910599533656,2.9019991157933185e-06,5.34212604362282e-06,0.0001548216275961303,0.023974463521962905,6.804206337457618e-08,0.0032106665954931527,1.417010992298537e-07,1.7799467035369814e-06,0.9672963747228953,3.9111629843797954e-08,2.3624189727730827e-10,1.9372392141002424e-08
63,1.2969730349319027e-06,2.6143920413435914e-06,4.4539331659715506e-07,3.0624042801483767e-07,2.5050512520877693e-09,1.4199992403902034e-05,0.00046996164949730253,0.004289599810597232,1.053406348589656e-05,0.00011091281551923833,1.065215792248782e-06,1.7361799030945147e-05,0.00029957604497335254,2.8417365753140477e-06,5.271517820441792e-06,0.0001464729739087397,0.02347582196574353,6.543359942016563e-08,0.003228500585101327,1.3264879194859211e-07,1.7284092705853656e-06,0.967921231104581,3.6936692497247935e-08,2.2679382585360594e-10,1.9565949078822618e-08
64,1.2412875673492471e-06,2.417666766002015e-06,4.973356729787699e-07,3.239326605190348e-07,2.6662677082120512e-09,1.3632328526214519e-05,0.0004644223773818702,0.004574657682168381,8.568252452028e-06,0.00011212406338470535,1.0681340215230082e-06,1.678149726650957e-05,0.00026868006495660307,2.621888868448055e-06,5.891796683281274e-06,0.00013558047662419408,0.019474066843698703,6.080175890237692e-08,0.003503239138690178,1.4465814793555456e-07,2.442170020937799e-06,0.9714114770601776,3.9236199297763086e-08,2.2410277973614573e-10,1.8415935446805876e-08
65,7.89100307928283e-07,2.078540955528157e-06,6.65953990714942e-07,3.7891176941679993e-07,2.1937084041596094e-09,2.1139835382028132e-05,0.00043792915712976145,0.004561802656174837,6.91363785420664e-06,9.210862186879118e-05,1.199914996374931e-06,1.0313917214668767e-05,0.00023952903915474392,2.5153326578370507e-06,1.117341863328707e-05,0.00012149752158380958,0.0193574274348853,3.042251088341256e-08,0.0030937872031813083,1.2998620102582931e-07,2.324161047563907e-06,0.9720362091210937,4.2174048680372544e-08,2.6621068091636576e-10,1.1477438549611496e-08
66,1.014462920637711e-06,2.0705585094241715e-06,5.270959258043782e-07,5.236485877562059e-07,3.649779980416559e-09,1.319515206020983e-05,0.0003098651308263742,0.0027268753349687655,7.4987097802879745e-06,0.00018497243598297373,1.7595247994112507e-06,2.5965468668736825e-05,0.00039623531353312583,5.393581173550033e-06,3.2431321349812028e-06,0.0002168805465688039,0.02568953855035301,9.470475695792325e-08,0.002475191741406701,1.439478986676024e-07,2.6522887930934573e-06,0.9679363086968018,3.233469134724554e-08,2.945670428187607e-10,1.3694510607304371e-08
67,6.904386657204673e-07,1.6254925971383127e-06,3.633171188082761e-07,2.6916300634628455e-07,1.4914195017737462e-09,2.428333447218663e-05,0.0003670942711136707,0.001994977367154985,5.461454677062044e-06,0.00010545575445715853,1.0310505386552805e-06,1.7817898516107555e-05,0.00020938345169179426,4.633158037629473e-06,5.423950116388197e-06,0.00012654625138394874,0.026212344060132266,7.685386423337819e-08,0.001930780806410842,1.984745690477387e-07,2.0132354483870867e-06,0.9689894533749027,5.162987739717887e-08,2.749317911623918e-10,2.3444896190221096e-08
68,1.406902596243398e-06,2.4734083865061874e-06,5.058609787973823e-07,3.90281656894251e-07,2.4333710771242968e-09,1.6344163066334993e-05,0.0005564707343824224,0.0051671611599660465,9.901334265217641e-06,0.00011550931175520323,1.1639577142807615e-06,2.2533058441258674e-05,0.0003994872033426983,3.249965317921741e-06,4.917161631085423e-06,0.0001814284431367483,0.029763753090574403,9.363597000958135e-08,0.0033333056479157024,1.63926194653954e-07,1.9848676063966603e-06,0.9604176904492937,4.2679617525859186e-08,2.3212151012885843e-10,2.0090697254466208e-08
69,9.645703952794316e-07,1.9663627950985825e-06,4.6541894669660083e-07,1.9488891749363067e-07,1.454840204227187e-09,1.772643416816762e-05,0.0003167193490075644,0.0031789247023168805,3.677090094131416e-06,7.490095352779492e-05,1.1309464745097985e-06,2.3597585484568804e-05,0.00030742234484519934,2.5935072027562466e-06,4.810266168646142e-06,0.00010529196876069428,0.02234838760198612,6.183998982613916e-08,0.004147327576629694,1.6337652345763608e-07,2.405138243307539e-06,0.9694612180706196,3.5853755888066806e-08,1.5341670648921545e-10,1.2544889620563712e-08
70,1.4014264822886997e-06,2.428743419529438e-06,6.631305419119381e-07,9.754668539785068e-07,4.1441976477766435e-09,3.6016763658893976e-05,0.000691411671334398,0.006001732731946809,2.0558888695659677e-05,0.0002125571394493245,1.5475563133540139e-06,2.6557079710993963e-05,0.0005153305575759934,6.774620022098906e-06,6.375860816347672e-06,0.00045281772147051863,0.055060242767312306,1.5707184354944616e-07,0.0024111116641344537,3.3302529193951076e-07,2.0912754878929213e-06,0.9345487984799274,8.37466483243289e-08,5.077396590596335e-10,2.7959124915328405e-08
