,0,1,2,3,4,5,6,7,8,9,10,11,12,13,14,15,16,17,18,19,20,21,22,23,24
0,6.910849079117948e-06,9.626465924109699e-06,2.8514241739442836e-07,2.6489254086528575e-07,3.222903778904902e-09,2.0043861002291695e-05,0.0004706694092690959,0.0029605366793234336,3.107225231868684e-05,0.00013296122591057832,2.69092447684483e-06,6.860383547180547e-05,0.000748116003356497,5.224525027055701e-06,2.7508163945574035e-06,0.00024038396203054062,0.0770957687838701,3.2103216071646113e-07,0.004409205174538606,1.419821776291251e-07,1.8415944969525815e-06,0.9137923704543344,1.1114332365639256e-07,4.707213787783122e-10,9.529692987054325e-08
1,1.065588967382269e-05,1.1992949614923569e-05,3.05904406414448e-07,3.331627580464318e-07,4.630297857186038e-09,1.719058863848694e-05,0.0005542299614185607,0.0037794872654278483,6.479359904477638e-05,0.000183642041864986,2.8961348326754264e-06,6.265240337064301e-05,0.0008886036559066944,5.252417716384871e-06,2.4205937909819376e-06,0.0003368502631118964,0.0922033477913037,3.790636815211539e-07,0.00472372146991734,1.3235388785697596e-07,1.3088973087870656e-06,0.8971495810302572,1.0541472383532037e-07,6.127964043692125e-10,1.1190424797969822e-07
2,5.577582552329944e-06,6.5337459759614606e-06,1.8754625403393868e-07,1.8873318100893873e-07,2.9762330346378208e-09,9.534976699508438e-06,0.0003787791202052954,0.0023028395570292926,4.085887181634338e-05,0.0001237728052882916,1.7273102205459248e-06,3.0462201913107745e-05,0.00037599297355217666,4.6789015603612265e-06,2.419091981527319e-06,0.00013211310949916397,0.04578437330023834,2.1903351640493982e-07,0.0027360139040883504,1.2154139646501396e-07,1.0463651738184077e-06,0.9480623333736239,1.0066289131199893e-07,4.733239093960426e-10,1.2184178566970533e-07
3,7.431530754873906e-06,9.949593160939915e-06,2.6686238382604083e-07,2.9127568383468814e-07,3.296368665129458e-09,1.4729092971689889e-05,0.00043753341105201067,0.0027287586647164025,3.559062230791365e-05,0.00011875145799049778,2.8341460977502517e-06,6.225186546516405e-05,0.000759266535889118,5.7933887270067066e-06,2.2438916333476137e-06,0.00019354030046529126,0.08596568250900025,3.357667919190183e-07,0.0032999392199891064,1.056809832261978e-07,1.4917120141664807e-06,0.9063530004362758,1.0779971873941823e-07,4.783722461969283e-10,1.0046118615837445e-07
4,7.671364163497124e-06,1.1683751748734715e-05,2.9935948624270203e-07,3.192145968801541e-07,3.8122175595445e-09,1.5019016572023811e-05,0.00042987278738068234,0.0026973477401153233,3.428610754339399e-05,0.00011144956839725867,3.478510991146573e-06,8.24886091941889e-05,0.001049996259693638,6.663788559930215e-06,1.991805054274547e-06,0.00019594003940382544,0.09556155393924533,3.934530874929234e-07,0.0034453589869518487,1.0701210574182826e-07,1.583498305261938e-06,0.8963422859905975,1.0790661507832735e-07,4.656973952088508e-10,9.701227561218958e-08
5,9.343796838251133e-06,7.501754297887984e-06,2.7827476784611757e-07,4.037524945186807e-07,2.9701614951500805e-09,1.3195635518942013e-05,0.0004542211828354372,0.003022847443488175,3.698982951193812e-05,0.0001493920320051256,2.766278418156944e-06,6.524204702273825e-05,0.0007591459984907919,6.816893786399991e-06,1.7932452260158893e-06,0.00022169328741570372,0.10672366988140582,5.790069141850198e-07,0.002574244078122573,1.3893774111160192e-07,1.5488520730366757e-06,0.8859479373725518,1.2522239461495067e-07,6.686465499141193e-10,1.2155787095427143e-07
6,7.431530754873906e-06,9.949593160939915e-06,2.6686238382604083e-07,2.9127568383468814e-07,3.296368665129458e-09,1.4729092971689889e-05,0.00043753341105201067,0.0027287586647164025,3.559062230791365e-05,0.00011875145799049778,2.8341460977502517e-06,6.225186546516405e-05,0.000759266535889118,5.7933887270067066e-06,2.2438916333476137e-06,0.00019354030046529126,0.08596568250900025,3.357667919190183e-07,0.0032999392199891064,1.056809832261978e-07,1.4917120141664807e-06,0.9063530004362758,1.0779971873941823e-07,4.783722461969283e-10,1.0046118615837445e-07
7,1.1884999472322234e-05,1.998303384671496e-05,5.7910937455563e-07,3.902995581513101e-07,4.241904683545605e-09,1.482616600082664e-05,0.0004874329483139208,0.0050982914232950965,3.0442462691474955e-05,9.111186486603316e-05,5.327460301118282e-06,0.00010018842521477096,0.0024492154944294256,4.477573324531267e-06,2.2107892936375355e-06,0.00018635726066216503,0.11206026538937176,3.1928281447143273e-07,0.006190771151428148,7.278223358037126e-08,1.6624230669023167e-06,0.8732440678805982,6.76604846054967e-08,4.3265549799135245e-10,4.944479757650356e-08
8,5.538581706184567e-06,5.0448726059368305e-06,1.9011280263773878e-07,2.7665275904696256e-07,2.702345608628104e-09,6.9709523419234544e-06,0.0003202483865473863,0.001402767887697648,4.595945879433437e-05,0.00015803877279815353,2.0428129225206794e-06,1.6731929920792957e-05,0.00022150549739358716,7.1867857733793745e-06,2.7556150615002507e-06,8.827874429709181e-05,0.043096826674457786,2.275137683275767e-07,0.0012701199582281948,9.49616684701479e-08,1.0464315717256111e-06,0.9533478447793022,1.2182939826853717e-07,1.1465902178444283e-09,1.7693924693643993e-07
9,6.197081294468229e-06,5.019307558792466e-06,2.975192153982434e-07,3.998695261402808e-07,2.4151196594277697e-09,1.1049651953859387e-05,0.0002479455087325691,0.0025045390778339776,3.84244295136778e-05,0.00017097570165763553,2.4851586340013036e-06,2.8666180172249248e-05,0.00046860680715957024,6.484921256011541e-06,2.1455464164864848e-06,0.0001548597709976522,0.07934495000603238,2.6958191584278335e-07,0.001948625028147197,1.2104761325732349e-07,1.2373018832286582e-06,0.9150565018239094,1.1222331455103243e-07,9.723661502200561e-10,8.306777584430642e-08
10,7.431530754873906e-06,9.949593160939915e-06,2.6686238382604083e-07,2.9127568383468814e-07,3.296368665129458e-09,1.4729092971689889e-05,0.00043753341105201067,0.0027287586647164025,3.559062230791365e-05,0.00011875145799049778,2.8341460977502517e-06,6.225186546516405e-05,0.000759266535889118,5.7933887270067066e-06,2.2438916333476137e-06,0.00019354030046529126,0.08596568250900025,3.357667919190183e-07,0.0032999392199891064,1.056809832261978e-07,1.4917120141664807e-06,0.9063530004362758,1.0779971873941823e-07,4.783722461969283e-10,1.0046118615837445e-07
11,7.824096503102833e-06,1.0829098958351114e-05,3.002038765359606e-07,3.160085793587404e-07,3.5684729211796133e-09,1.559748543521565e-05,0.0004457484104312856,0.00305002116899878,3.4836622323446e-05,0.00011488212372726375,3.0867814551384145e-06,7.334236753441407e-05,0.0009388755450549617,5.86077440603141e-06,2.1795873004511386e-06,0.00020885575153985463,0.09371646170112877,3.6332858482409975e-07,0.003649130375184633,1.0973492324724329e-07,1.5646725589801876e-06,0.8977196080470087,1.0768673848427802e-07,4.6377141157069895e-10,9.439550380283418e-08
12,7.642568554419254e-06,1.1316504907586333e-05,2.7121725880635347e-07,3.11243097968973e-07,3.887340723502231e-09,1.6725276524222452e-05,0.00047051217576458,0.00256279808974335,3.865812854351731e-05,0.00012184463815183786,3.085593544693686e-06,7.143240228235505e-05,0.0007995518600890996,6.9378377519736975e-06,2.360563759891958e-06,0.00020555348329713617,0.09017643201109707,3.8474639152536095e-07,0.0033005787700293226,1.1649573546722986e-07,1.6124901565639286e-06,0.9022016224168731,1.2599094784573754e-07,5.036154335629147e-10,1.2110454148344803e-07
13,7.463826322316591e-06,1.024268741758365e-05,2.6986137525865434e-07,2.9893900986590776e-07,3.3659749786247435e-09,1.4633031974662605e-05,0.00043436016927884345,0.0027005683710935578,3.5302771205065854e-05,0.00011591810049340664,3.073178984984013e-06,6.442126366201839e-05,0.0008054637609950068,5.974777856275243e-06,2.270161830420329e-06,0.00019228019475834877,0.08782156186542583,3.3572064994818114e-07,0.00332578702565859,1.0271988586225105e-07,1.5115550863156945e-06,0.904457947981482,1.0994537485037479e-07,4.846990840383106e-10,9.823950468491148e-08
14,9.01502561072147e-06,2.0253925073506886e-05,3.286336277092082e-07,2.5400033176050817e-07,5.075104906987922e-09,2.2487509125923685e-05,0.0005068268812809338,0.002632573305175278,3.1499336278916806e-05,0.00011504136384060559,4.1739947598213995e-06,0.00012339928120047315,0.001335226474494047,6.782868116121759e-06,2.4051646368964437e-06,0.00024741679131692353,0.0901904030335037,3.7664899839869327e-07,0.006245984178315353,1.0300736463552522e-07,1.9730035132921518e-06,0.8985032761790404,9.749341200909729e-08,3.5711245678482203e-10,9.646876520518315e-08
15,7.431530754873906e-06,9.949593160939915e-06,2.6686238382604083e-07,2.9127568383468814e-07,3.296368665129458e-09,1.4729092971689889e-05,0.00043753341105201067,0.0027287586647164025,3.559062230791365e-05,0.00011875145799049778,2.8341460977502517e-06,6.225186546516405e-05,0.000759266535889118,5.7933887270067066e-06,2.2438916333476137e-06,0.00019354030046529126,0.08596568250900025,3.357667919190183e-07,0.0032999392199891064,1.056809832261978e-07,1.4917120141664807e-06,0.9063530004362758,1.0779971873941823e-07,4.783722461969283e-10,1.0046118615837445e-07
16,6.561609717432895e-06,5.896379795900096e-06,1.8481335277326565e-07,2.6306378059247247e-07,2.1605973898842856e-09,1.0698215914299347e-05,0.00042048465153502027,0.001805503942480053,1.7823944005543527e-05,0.00016492640133287123,2.021830081499712e-06,7.958299081956893e-05,0.0005143039925887149,7.135609690498596e-06,1.2406768165129197e-06,0.00018489339045669293,0.0769464964342076,6.774941337240989e-07,0.00212229342301489,1.3195479216132609e-07,2.490904975698023e-06,0.917706159095341,9.58220370968874e-08,3.851853667995161e-10,1.3081334722741242e-07
17,8.791945680247413e-06,8.863274573410164e-06,2.1576357297066456e-07,2.499503834555835e-07,2.78534401946501e-09,8.677060193665661e-06,0.00034579672974388825,0.002569559548194457,2.006870567953721e-05,7.759188916532891e-05,2.470062742463799e-06,0.00013069635369165,0.0010120146636382677,7.206964746852575e-06,9.341963671862916e-07,0.00014220174476417368,0.10465992873602385,8.112676995929241e-07,0.0027126525538177983,1.162812176611377e-07,1.7849523935340147e-06,0.8882891069575529,1.2338139761717398e-07,2.765128160674719e-10,1.339549026370147e-07
18,6.471255039390803e-06,5.663574159745382e-06,1.210244829647707e-07,1.198142839087434e-07,1.421267606044768e-09,7.971020078694331e-06,0.00026843802414871,0.001187937457826437,2.1653508596653868e-05,8.893173513936768e-05,1.4459757333277683e-06,5.930682588501299e-05,0.0003781640271944791,5.898444892203829e-06,8.776479509036486e-07,9.540125273967122e-05,0.07765181175863561,5.729714031893343e-07,0.0015909144356069222,1.0650163631241365e-07,9.841222094034914e-07,0.9186269247760164,1.0075535175842275e-07,3.3356437518929856e-10,1.8133615713094443e-07
19,7.3857274730079e-06,1.1162302055474716e-05,3.5992412919753794e-07,3.508100827473374e-07,4.330875901587359e-09,1.244893244427593e-05,0.00047385478894701905,0.00382026827156382,3.078949606462855e-05,9.546767590411772e-05,3.0198765174985144e-06,8.200152481719647e-05,0.001149284159231132,5.313957905178212e-06,2.0077411896444083e-06,0.0001909008840384116,0.08376841458942386,3.4793429125624543e-07,0.00397263767106695,9.93627231222533e-08,1.5515785264836625e-06,0.9063721694590174,8.455345407395124e-08,3.6725521949831624e-10,7.40810023777195e-08
20,3.2767086630616785e-06,5.194077019315565e-06,1.9459115320720684e-07,1.7530198256659723e-07,1.906905301847708e-09,8.205418871680468e-06,0.000340126796326917,0.002386414830376197,1.817663174786481e-05,7.152633185528681e-05,1.907752012062868e-06,2.4770559645013452e-05,0.00036386384142413905,3.0202994634918042e-06,3.183194107931043e-06,9.22365887706679e-05,0.037872669781635795,1.0621930018424644e-07,0.0025557205798353885,6.53265240892657e-08,1.3005297595342192e-06,0.9562477346870781,7.342287031141501e-08,3.1241936995429727e-10,5.431025235437077e-08
21,1.0012494177627225e-05,1.348988876504499e-05,2.8916027057606886e-07,3.157015228155047e-07,4.92991692628071e-09,1.3845956419382459e-05,0.0003921264879160262,0.0021828247479645096,3.2110179283526226e-05,0.00016845477078953288,3.706895768002687e-06,0.00010851006173127369,0.0009006507169773841,8.448495241758184e-06,1.6799512473792218e-06,0.00022221470649850546,0.08546891684863771,5.768030003289642e-07,0.0037988504861582333,1.2419478997221863e-07,2.377860189651163e-06,0.9066702355998695,1.0661302999916942e-07,5.085143965871867e-10,1.2594131990074825e-07
22,6.5872695674322755e-06,5.729593341442153e-06,2.5710537561208185e-07,3.4075850312777445e-07,1.886526270515129e-09,1.1740173573316311e-05,0.0002915467520092459,0.0024535550689532407,2.196173326915048e-05,0.0001304893494959484,2.7664001201504736e-06,5.8250137987075494e-05,0.0006764020867791983,5.5283423592432155e-06,1.5053572029833553e-06,0.00018026304578314624,0.11277746874924367,3.809785006273125e-07,0.0022832134848267197,9.626267585313669e-08,1.6030662489024544e-06,0.8810901601082388,8.840602094697653e-08,4.969325890531918e-10,6.338646499415828e-08
23,7.431530754873906e-06,9.949593160939915e-06,2.6686238382604083e-07,2.9127568383468814e-07,3.296368665129458e-09,1.4729092971689889e-05,0.00043753341105201067,0.0027287586647164025,3.559062230791365e-05,0.00011875145799049778,2.8341460977502517e-06,6.225186546516405e-05,0.000759266535889118,5.7933887270067066e-06,2.2438916333476137e-06,0.00019354030046529126,0.08596568250900025,3.357667919190183e-07,0.0032999392199891064,1.056809832261978e-07,1.4917120141664807e-06,0.9063530004362758,1.0779971873941823e-07,4.783722461969283e-10,1.0046118615837445e-07
24,8.928768664712714e-06,1.3712051134973175e-05,3.574793035136732e-07,5.870398696271989e-07,7.124758816765195e-09,1.7617957396460085e-05,0.0005499420278854314,0.0035011924113160352,4.411385745799241e-05,0.00013173143106618424,4.7903650164389215e-06,0.00012676712149735524,0.0015550290294225621,1.0898383635570773e-05,2.1948261323914775e-06,0.0003306131052516015,0.1179927411890918,6.221412881002979e-07,0.003759369743261745,1.3926163729599897e-07,1.973466108223379e-06,0.8719463929367554,1.5723026417233827e-07,5.6642929673937e-10,1.2048535446996397e-07
25,9.974817276262358e-06,7.589101313827873e-06,3.1631212278857785e-07,5.409307853726779e-07,3.310260778653385e-09,9.486226718519349e-06,0.000579881116695486,0.006367642351105111,3.078887530370846e-05,0.00012286110162829637,3.8790819221562286e-06,6.929370940626147e-05,0.0013621829039317192,4.579413558692024e-06,2.14883109038633e-06,0.00027391578619427213,0.10330439817902341,4.147210119292879e-07,0.004158743327756547,1.0048613553836483e-07,1.9157771342531737e-06,0.8836891721403471,1.0895136195309522e-07,4.431198457887491e-10,6.210479578511599e-08
26,1.608749647032554e-05,1.4315440129958103e-05,3.551823714710504e-07,5.144179169021821e-07,4.975064200257015e-09,1.872843513359395e-05,0.00045980452632507393,0.003940141033000665,0.00010617248588880934,0.00013786860642140154,4.0861043292317445e-06,5.668674851411379e-05,0.0008792801820253728,6.522339643529168e-06,2.9977793410697267e-06,0.0002394861265248757,0.1459735588293767,4.3828311563095606e-07,0.00324803935730267,1.3627053870064263e-07,1.3247518865406126e-06,0.8448930477922106,2.3086225614652097e-07,1.319190918337135e-09,1.7065502132789052e-07
27,4.538406627974439e-06,6.318286595526645e-06,1.7204472870351195e-07,1.6063489990061253e-07,2.3870814765314588e-09,9.736389885810479e-06,0.00034482769023248274,0.0017909087598763447,3.540994018459371e-05,0.00010498828955392746,1.7244854607226762e-06,2.8632910317511377e-05,0.0003490960671501764,4.228284543517248e-06,2.3143807569500596e-06,0.00011546450627511531,0.047784731869927606,1.7832009133494855e-07,0.002285545271487866,9.316449079690754e-08,9.058300856085448e-07,0.9471298373760263,8.307903150806334e-08,4.3839650334232524e-10,1.0118629176295348e-07
28,7.431530754873906e-06,9.949593160939915e-06,2.6686238382604083e-07,2.9127568383468814e-07,3.296368665129458e-09,1.4729092971689889e-05,0.00043753341105201067,0.0027287586647164025,3.559062230791365e-05,0.00011875145799049778,2.8341460977502517e-06,6.225186546516405e-05,0.000759266535889118,5.7933887270067066e-06,2.2438916333476137e-06,0.00019354030046529126,0.08596568250900025,3.357667919190183e-07,0.0032999392199891064,1.056809832261978e-07,1.4917120141664807e-06,0.9063530004362758,1.0779971873941823e-07,4.783722461969283e-10,1.0046118615837445e-07
29,7.431530754873906e-06,9.949593160939915e-06,2.6686238382604083e-07,2.9127568383468814e-07,3.296368665129458e-09,1.4729092971689889e-05,0.00043753341105201067,0.0027287586647164025,3.559062230791365e-05,0.00011875145799049778,2.8341460977502517e-06,6.225186546516405e-05,0.000759266535889118,5.7933887270067066e-06,2.2438916333476137e-06,0.00019354030046529126,0.08596568250900025,3.357667919190183e-07,0.0032999392199891064,1.056809832261978e-07,1.4917120141664807e-06,0.9063530004362758,1.0779971873941823e-07,4.783722461969283e-10,1.0046118615837445e-07
30,7.431530754873906e-06,9.949593160939915e-06,2.6686238382604083e-07,2.9127568383468814e-07,3.296368665129458e-09,1.4729092971689889e-05,0.00043753341105201067,0.0027287586647164025,3.559062230791365e-05,0.00011875145799049778,2.8341460977502517e-06,6.225186546516405e-05,0.000759266535889118,5.7933887270067066e-06,2.2438916333476137e-06,0.00019354030046529126,0.08596568250900025,3.357667919190183e-07,0.0032999392199891064,1.056809832261978e-07,1.4917120141664807e-06,0.9063530004362758,1.0779971873941823e-07,4.783722461969283e-10,1.0046118615837445e-07
31,1.4319811174515966e-05,1.134482631446125e-05,3.8136000967777194e-07,3.137141751230424e-07,3.5409354432006314e-09,1.0282034421111038e-05,0.0004194947703966989,0.00556810121168923,3.353294066929579e-05,0.00011039473032393062,2.277122422093741e-06,8.74953648015471e-05,0.0011231809590156363,4.26427016234877e-06,1.4450013683421596e-06,0.0001917320893504337,0.09909008816367422,5.489745554890298e-07,0.005062452166564339,1.2136074170425325e-07,1.673181741234971e-06,0.8882663528829325,9.719689529370866e-08,3.7740435587642637e-10,1.0194826091204652e-07
32,6.916926437601015e-06,9.792638207055714e-06,2.606119959770054e-07,2.4560755628209333e-07,3.218076391148807e-09,1.4204833387863351e-05,0.00041398053412953345,0.002721644829692941,3.169076458747111e-05,0.00010881408427518395,2.6386254211328718e-06,6.266834231806211e-05,0.000732979138914419,5.2078415270206506e-06,2.245718185886219e-06,0.00018356785071608692,0.07620135359719012,2.989687361983326e-07,0.0037626591827074106,1.0480311360482828e-07,1.4549275855912718e-06,0.9157370748361823,9.888890511178998e-08,4.0835981020149764e-10,9.282179104763323e-08
33,2.2362541331668843e-05,3.3678468134730564e-05,1.2704512458053926e-06,9.352630525639816e-07,4.947980510208346e-08,6.694638502371589e-05,0.0010031205764288386,0.0025348341781754767,0.0001860476857390358,0.00032242499445093997,1.4401794862713401e-05,1.007866463284646e-05,8.5205641210519e-05,9.552336837524228e-06,0.00021201042310476566,0.00018841178912952858,0.015359517764677033,8.90292925063336e-08,0.008745234398535253,2.554230578844561e-07,1.9992780292090884e-05,0.9711808003353095,1.8253012286541849e-06,1.3283118083101924e-08,9.410113232961043e-07
34,8.423676662818438e-06,1.1139976164736237e-05,2.734286211978943e-07,2.603049748699895e-07,3.5134135319173157e-09,1.295465487653863e-05,0.000407377983011693,0.0027202587746736682,3.8117598834627706e-05,0.00011417448878658274,2.9569533644848015e-06,6.069487640495195e-05,0.0007760168591858111,5.428452668678772e-06,2.1972678494120107e-06,0.00017095747193547964,0.07891887742514046,3.137252919897333e-07,0.003756386642682594,9.757952421006332e-08,1.4038891378874912e-06,0.9129914795794072,1.0198029948604024e-07,4.829736592034594e-10,1.0241411342081707e-07
35,2.6595495699333606e-05,9.545424572859562e-06,2.6753337095462753e-07,2.78204725946968e-07,2.298787438651431e-09,7.00425564783822e-06,0.00042975520674836423,0.006781272682194573,4.917809828943164e-05,0.00013730745604623108,1.88295631676413e-06,8.553117356516095e-05,0.0010845582121140538,2.905710815080721e-06,8.232574360509903e-07,0.00023829947765356278,0.13552801072000084,8.555225325541794e-07,0.004467758046012511,1.0521207873149253e-07,1.1280444259328598e-06,0.8511467571459217,7.549346728036535e-08,4.118935389161349e-10,1.0195968329290919e-07
36,3.8121459275272635e-05,5.567737839623798e-05,3.020499742364157e-06,1.4231119549467534e-06,6.789821164967679e-08,4.8844375075499666e-05,0.000903364399452031,0.0013569893623029826,4.4785764804298335e-05,0.00043618377998931997,5.761682696465643e-05,6.732977688892195e-05,0.0007509477541222008,3.19494032402586e-05,3.9779384475594516e-05,0.00017032947289163992,0.023534638537403056,6.049547352639194e-07,0.013412873246110173,2.995963800489845e-07,3.559510910833839e-05,0.959008236069538,7.111050259299201e-07,1.201729546085683e-08,5.987166158280304e-07
37,1.413291312986217e-05,8.429074221052778e-06,3.543623664074247e-07,4.796389629216679e-07,3.139800424111457e-09,1.0285214850967616e-05,0.0004124871329342674,0.0029148155724874015,3.6592353784577004e-05,0.0001615025759438645,3.933558889880407e-06,6.468742893850041e-05,0.0008520569847152032,7.458207690121596e-06,1.7821801175053537e-06,0.0001889607722796675,0.11481665010229063,6.783582742699847e-07,0.00282006269164954,1.1425240850803445e-07,1.5703896847752836e-06,0.8776827239044441,1.1634514314165284e-07,1.0102612344678489e-09,1.218347311758568e-07
38,8.109203915368142e-06,9.44472393346131e-06,2.5450176788853e-07,2.7802576973411076e-07,3.437205532477198e-09,8.974882665912682e-06,0.0003137988125953706,0.0021824461992728346,4.39432253410465e-05,0.00011177277503046125,2.6298576681718395e-06,4.876387750310124e-05,0.0006007109512342628,6.3144753750946555e-06,1.6869675857441531e-06,0.00011657646136191539,0.07633383033289408,3.357607699157657e-07,0.002297858152783741,8.991209227058073e-08,1.152934326663156e-06,0.917910809799657,9.870486210905013e-08,5.81145841833204e-10,1.1544324242071752e-07
39,7.410385990076472e-06,9.517638544507914e-06,2.6252732878670636e-07,2.9572417286648956e-07,3.1738445962712014e-09,1.504696416120571e-05,0.0004591528764441262,0.0029900081135517064,3.436158008824606e-05,0.0001176903244308972,2.670932808943389e-06,6.215655091234232e-05,0.0007562069946474333,5.442984738666932e-06,2.2774285928769022e-06,0.0002034789688205384,0.08691199367573152,3.377545543125716e-07,0.003392340710425084,1.0932059824670449e-07,1.5762967325396176e-06,0.9050274448851743,1.1249005584990616e-07,4.505098118361851e-10,1.0124714058212437e-07
40,3.483641327459179e-06,1.561296292266074e-05,3.0269611825181266e-07,1.1131762082099917e-07,4.262221235424445e-09,1.5654604972206536e-05,0.00023754412771064988,0.0010159669536852225,1.697212324262741e-05,6.568836845452984e-05,2.3587832377192053e-06,6.987369139354084e-05,0.0005080095483732084,6.5221899466142655e-06,2.4017685661906634e-06,7.338212719703555e-05,0.03825142587976482,1.5265671604067732e-07,0.003949469457095761,7.433021188933012e-08,1.3759797495535934e-06,0.9557634767587179,5.6737967998039825e-08,2.45150961050096e-10,7.878763502796916e-08
41,1.3710903756077861e-05,4.902170982171712e-05,6.727575167743e-07,1.0694810806242729e-06,2.046857925857059e-08,5.34176751596388e-05,0.000831068546330595,0.006250145471000922,0.00026356724476749743,0.00022768297831601,6.24043849135349e-06,9.291497476573915e-05,0.002270811426695354,1.1437425824152563e-05,4.845679151343541e-06,0.0006146776141544131,0.17303468866350646,3.526179000326098e-07,0.004898905864816037,1.434339856449645e-07,1.7700320890024283e-06,0.8113724607319244,2.204923207594379e-07,1.0832546285358654e-09,1.5228479155087248e-07
42,5.366725834153266e-05,8.016244189142423e-05,2.861596895069051e-07,1.1803156928184276e-05,5.5206327254755125e-08,0.0002642269477264428,0.003511295633302039,0.0002867607438355425,0.0008273502519815373,0.0003751703247638494,8.07730724171556e-05,0.00024431796206776115,0.002628181167803527,0.0005334924517692677,7.286618018892106e-06,0.0015744542343353195,0.8636628804107511,2.5684419339512987e-05,0.0002296696421487665,3.066027800591588e-07,2.074963742773486e-06,0.1255812004362931,8.011897597009354e-06,3.780287397519282e-08,1.0850193274404273e-05
43,9.57639537929238e-06,1.4908774295869246e-05,3.084547556586262e-07,3.5650670854846334e-07,4.36300070338869e-09,1.6132499303914882e-05,0.0005456513562927935,0.0031317597406754156,3.578120789897789e-05,8.973749434900447e-05,4.027612708190295e-06,0.0001063517896900884,0.001261117494572604,7.219440962375745e-06,2.3004610897829753e-06,0.00021529008772212772,0.11329165717415228,4.665793246924975e-07,0.0040353469364304805,9.404011408049208e-08,1.6945594412650127e-06,0.8772299633283281,1.353293113491864e-07,4.353128904548275e-10,1.1793817951853514e-07
44,7.431530754873906e-06,9.949593160939915e-06,2.6686238382604083e-07,2.9127568383468814e-07,3.296368665129458e-09,1.4729092971689889e-05,0.00043753341105201067,0.0027287586647164025,3.559062230791365e-05,0.00011875145799049778,2.8341460977502517e-06,6.225186546516405e-05,0.000759266535889118,5.7933887270067066e-06,2.2438916333476137e-06,0.00019354030046529126,0.08596568250900025,3.357667919190183e-07,0.0032999392199891064,1.056809832261978e-07,1.4917120141664807e-06,0.9063530004362758,1.0779971873941823e-07,4.783722461969283e-10,1.0046118615837445e-07
45,5.378358979141112e-06,6.721501005092346e-06,3.110818757567277e-07,3.727016311007549e-07,2.7277751225447166e-09,2.0330152771047366e-05,0.0008184008949480675,0.006825913748747033,3.4341946614029135e-05,0.00012496354656496727,2.2069670739582866e-06,3.3720152929644563e-05,0.0007419655198783749,2.9595772379051253e-06,5.2509587940521845e-06,0.00034238837586074466,0.06954552185679867,1.6143254959073551e-07,0.00479139996690374,1.1546138006655488e-07,1.4247160806117723e-06,0.9166960011559067,9.37233395119435e-08,4.129484049906993e-10,5.306140640256799e-08
46,4.160823821614607e-06,1.6968478303658166e-05,1.655091900908616e-07,1.0608318486615995e-07,1.0691369735058758e-08,8.148198602934917e-06,0.0007457612037495375,0.0010393431514195077,5.406315935020706e-05,0.0001350687227177817,2.2322593123486875e-06,3.1840817394036415e-05,0.000335036353751921,8.407669986834733e-06,3.998210473029535e-06,9.485814176215766e-05,0.013277308549462465,1.6137568310933267e-07,0.004462039621451669,9.684161150459242e-08,1.2026995191453695e-06,0.9797786450830648,8.465796542806903e-08,3.15548487002824e-10,2.9138130305231325e-07
47,8.407827904870422e-06,7.35053035894921e-06,1.433987840736892e-07,5.0845048788019856e-08,1.1771843956956666e-09,5.11398014081821e-06,0.0001955956467755998,0.002222779636548461,1.4952472774950455e-05,6.017916383287679e-05,8.781164224689497e-07,6.346221113123275e-05,0.0004293227475400183,1.5154704702541435e-06,6.779310038695192e-07,7.652230497431322e-05,0.046901143959594986,2.5000894909475874e-07,0.004427876823776807,6.439086763363054e-08,8.29742817498603e-07,0.9455827887187458,3.0871422484814476e-08,1.296659275315167e-10,6.189326386402533e-08
48,9.258058631822836e-06,1.2462516725473103e-05,3.369268248001225e-07,2.9868128726198203e-07,2.7863589913854722e-09,2.224314221252561e-05,0.0005086443837769435,0.004703333787215901,3.2702819764671956e-05,9.42860757338157e-05,2.7990413175558942e-06,8.655998146873579e-05,0.001259494347335923,4.049688809669879e-06,2.243392828049079e-06,0.00025979598142960566,0.13000976610122963,3.398969648215303e-07,0.005163270485243704,1.0459873882302783e-07,1.5157103598477956e-06,0.8578263193576943,1.0067179969916756e-07,3.458795845096087e-10,7.122036792320438e-08
49,3.8092056987756726e-06,7.716275994013226e-06,2.617892856765439e-07,1.6106048161081273e-07,2.0503896091130073e-09,1.463136735746955e-05,0.0002550308447467962,0.0015610408510913474,1.6010565286046245e-05,8.167942069090567e-05,1.8760861290626602e-06,6.349300724889533e-05,0.0005543196802756219,4.832908636778232e-06,1.5881037563864916e-06,0.00010764890454393054,0.06517029215816146,2.328334054458199e-07,0.002636609710892669,9.317575917472244e-08,1.310335966882017e-06,0.9295172408874474,5.8228429059778534e-08,2.8847632364324403e-10,6.025984856886141e-08
50,8.450190169086972e-06,3.569804740075985e-05,1.0771136316243427e-06,1.8991519421710004e-06,7.076967673340956e-09,0.00016045720682326568,0.0001372958501517326,0.0022414985999627424,3.058251593644066e-05,4.085788873800886e-05,1.8748883053153143e-05,0.0004398607293873991,0.004508807853994524,1.5408341629543386e-05,2.4426119707198917e-06,0.000431029575987178,0.6673363187311562,4.705063320237337e-07,0.002519487536516412,8.334774096926563e-08,3.893876511970475e-06,0.322065230108105,3.687750813429621e-07,1.0820825269720739e-09,2.439872762866779e-08
51,7.931005839475251e-06,1.1396283195040844e-05,3.220352489321699e-07,3.694902821056154e-07,3.7181581927691847e-09,1.3601351256041691e-05,0.0004115605133962709,0.003088665684915717,4.005007670191837e-05,0.00012026584719305794,3.1898930467244212e-06,6.226352166949075e-05,0.0009232450740510849,5.946836641313542e-06,2.0614962778267177e-06,0.0001782696946763335,0.0935151443633646,3.1849028368828194e-07,0.0030039277984164137,8.990356690492337e-08,1.5044092066427926e-06,0.8986096987135878,9.272822694857312e-08,5.153955097579536e-10,8.055540194521964e-08
52,7.801431996963242e-06,9.074936355120966e-06,2.7323382752987864e-07,3.283238233903496e-07,3.176968031102418e-09,1.4939501326279337e-05,0.00043776179511466166,0.0027266914531243742,3.6270108136349074e-05,0.00013481894971784274,3.06449649193468e-06,6.28101799659146e-05,0.000794238983038845,6.204306610627871e-06,2.175582670037637e-06,0.0002170844231666871,0.09380355496559013,3.8105623184157613e-07,0.003126251910864489,1.1393985376646141e-07,1.4655340108166282e-06,0.8986144849763761,1.0893235393414144e-07,5.585640019957409e-10,9.724382031748076e-08
53,6.232123380749403e-06,6.382043866765153e-06,1.593692874299578e-07,3.947876844611315e-07,3.626411163825968e-09,1.6151305722943585e-05,0.0015656740623297132,0.004254168099014789,6.023670469302284e-05,0.00014183513749651356,2.530801377853495e-06,3.9379108754421515e-05,0.0006476401932924761,6.06713781661761e-06,4.848662059492806e-06,0.0003771877593224431,0.06934490336551716,4.1900108453304265e-07,0.002743283972847031,1.750778270366749e-07,1.3262861686057888e-06,0.9207805553381754,2.2441416018303623e-07,5.781726516009548e-10,2.2104353643933165e-07
54,8.410136719515772e-06,1.5486136418632383e-05,1.6375484679862088e-07,1.2893745801324347e-07,3.902377822012446e-09,1.3663079316712807e-05,0.0005435007181023003,0.0018062985019238174,4.171240889100184e-05,0.00011722439285768654,1.7159981387528916e-06,7.94804579643188e-05,0.0005411793139300803,5.761222412828999e-06,1.6989837218962285e-06,0.00018852265007238722,0.06150923788937935,4.3473843477102405e-07,0.003533718709195449,9.986228798872036e-08,1.196811865355434e-06,0.9315900673216135,8.736913082702076e-08,2.8285606041080676e-10,2.0642008409418552e-07
55,2.336444313154957e-05,4.0869601863134205e-05,2.751314425518413e-07,2.6637568712743193e-07,1.1352987535678669e-08,1.396245753264001e-05,0.0008583612792920681,0.002834380308928378,7.320739766050795e-05,0.00010553788840640186,4.209276882574705e-06,0.00035907387773314404,0.0018528159903838115,9.823897858136454e-06,1.3348447829024396e-06,0.0002779686831699475,0.11187465569974607,1.567340746106442e-06,0.006008955577654141,1.3772183373332086e-07,2.2271549364643765e-06,0.8756564616547385,1.57008504998426e-07,3.737244734296942e-10,3.74660372917438e-07
56,7.785140873399269e-06,1.1048843742083321e-05,2.927269854902489e-07,3.020866259747597e-07,3.6090820659263675e-09,1.4894399756970002e-05,0.0004516913419063613,0.0028674360122574963,3.558515191136666e-05,0.00011356072605290866,3.1331627943639525e-06,7.140783480400904e-05,0.0009242388310037576,6.00063552174882e-06,2.1805059160504696e-06,0.00019636807752739427,0.08945848206747661,3.6231460503084984e-07,0.003547848704774074,1.0768803560857799e-07,1.4947756962474871e-06,0.9022855702170578,1.0597294858489937e-07,4.712476129916519e-10,9.870139699060406e-08
57,4.363428912623753e-06,8.226783889977762e-06,2.180289272974226e-07,9.081143905160324e-08,2.3346611400053833e-09,8.600946560799005e-06,0.0002236413199686145,0.002250669103817845,1.2439426561728818e-05,5.7883786565848656e-05,1.45079615406223e-06,8.576260735267204e-05,0.0006041984688320942,2.6621068836242366e-06,1.219927634665654e-06,0.00010709355123439606,0.04463443163942194,1.822103185523156e-07,0.005783872660616338,7.712324457474511e-08,1.3534816022035905e-06,0.9462114716353375,4.2000514767844794e-08,1.2351241836898351e-10,4.5696035466077195e-08
58,7.226820063912834e-06,9.124394105066553e-06,2.751114466884765e-07,2.8434479958539967e-07,3.106242707369945e-09,1.3500441339711218e-05,0.000402505512704572,0.0025445013211493014,3.519408227713028e-05,0.00011940482041782985,2.9117328318022243e-06,5.4469327879991566e-05,0.0007058447168997314,5.573541211711157e-06,2.3349495336898434e-06,0.00017596722799211414,0.07983009001206767,3.0742281362512564e-07,0.003109438733323669,1.0424946233796886e-07,1.3787489881593236e-06,0.9129793614423324,1.0203711827880647e-07,5.659255901969836e-10,9.533707294893063e-08
59,6.815798165430841e-06,8.391900119998319e-06,2.8384468984151796e-07,2.9332038105639237e-07,3.0117376378226555e-09,1.3352694461553015e-05,0.00037115057927664683,0.002347810271821088,3.532626614914267e-05,0.00012840701334493305,2.8261654499282127e-06,4.799604197874745e-05,0.0006049186311092937,5.73051773595912e-06,2.395687587838459e-06,0.0001647520821567214,0.07719871244333154,2.9211393071254577e-07,0.002809184553061659,1.0652691802636356e-07,1.3927029406837488e-06,0.9162496619840707,1.0070547755489238e-07,6.435295724064914e-10,9.450057370300245e-08
60,7.431530754873906e-06,9.949593160939915e-06,2.6686238382604083e-07,2.9127568383468814e-07,3.296368665129458e-09,1.4729092971689889e-05,0.00043753341105201067,0.0027287586647164025,3.559062230791365e-05,0.00011875145799049778,2.8341460977502517e-06,6.225186546516405e-05,0.000759266535889118,5.7933887270067066e-06,2.2438916333476137e-06,0.00019354030046529126,0.08596568250900025,3.357667919190183e-07,0.0032999392199891064,1.056809832261978e-07,1.4917120141664807e-06,0.9063530004362758,1.0779971873941823e-07,4.783722461969283e-10,1.0046118615837445e-07
61,7.0558105025549155e-06,8.460830306023286e-06,2.975041959867286e-07,3.0943527467550767e-07,2.918523342122914e-09,1.385468011835659e-05,0.0003726535612323141,0.002585277519882085,3.327178892256162e-05,0.00012388103127543689,2.832895363370961e-06,5.089681488459171e-05,0.0006548157789583756,5.612555761088984e-06,2.359882422299344e-06,0.00016990807201007732,0.08273744779788986,3.019622000912801e-07,0.002902982202808395,1.0534029499286634e-07,1.4403718582326272e-06,0.9103260417569778,1.0065530905735832e-07,6.080951349604259e-10,8.822493325183018e-08
62,7.431530754873906e-06,9.949593160939915e-06,2.6686238382604083e-07,2.9127568383468814e-07,3.296368665129458e-09,1.4729092971689889e-05,0.00043753341105201067,0.0027287586647164025,3.559062230791365e-05,0.00011875145799049778,2.8341460977502517e-06,6.225186546516405e-05,0.000759266535889118,5.7933887270067066e-06,2.2438916333476137e-06,0.00019354030046529126,0.08596568250900025,3.357667919190183e-07,0.0032999392199891064,1.056809832261978e-07,1.4917120141664807e-06,0.9063530004362758,1.0779971873941823e-07,4.783722461969283e-10,1.0046118615837445e-07
63,7.596495160865343e-06,1.0753304346859399e-05,2.6926243175053074e-07,2.754046818987321e-07,3.403217767131922e-09,1.4538240022872143e-05,0.0004343668655707057,0.002672432687403965,3.614990996401851e-05,0.00011544799598988113,2.8410488850229256e-06,6.32493322679696e-05,0.0007673764123199999,5.695914327781932e-06,2.2312501137374137e-06,0.00018460542815725332,0.08355225348717792,3.277353209046483e-07,0.0033856564612559973,1.015952895595161e-07,1.47238788265394e-06,0.908742149364304,1.038936306936175e-07,4.650831769115876e-10,1.0165519259953252e-07
64,7.110322548159057e-06,1.0247285271051578e-05,2.904571448326256e-07,2.894479979897757e-07,3.480818272643998e-09,1.4365228302355521e-05,0.00043273341207438707,0.0029053951402070854,3.083858393658359e-05,0.00011833298809054663,2.7408612361361655e-06,6.230347493405182e-05,0.0007030516497143203,5.197560044485191e-06,2.4322267220306286e-06,0.00017521700882391987,0.07312267461659586,3.0027659596328877e-07,0.0036402573570883468,1.073734432388472e-07,1.9999189534689684e-06,0.9187639086014701,1.0669257037154595e-07,4.4411772247778457e-10,9.559129886560386e-08
65,4.011586096126726e-06,8.728470204234412e-06,3.28161197051006e-07,3.332211704471364e-07,2.8104428453982997e-09,2.1656490737313088e-05,0.00041334954375537707,0.0027293951591241513,2.6497285725270352e-05,9.813479980839049e-05,2.916541230017931e-06,3.8636942492497256e-05,0.0006108172734103906,5.18606702609969e-06,4.292960802617893e-06,0.00015778797049935587,0.07281596770669621,1.483363856452615e-07,0.0029171870405750792,9.201373673554157e-08,1.806903078433212e-06,0.9201425446203685,1.1357904485348119e-07,4.946117213329814e-10,6.402178046128709e-08
66,6.093858505713225e-06,9.33346981413255e-06,2.9463520723057346e-07,4.388834119588361e-07,4.5854697937002556e-09,1.2132528867581488e-05,0.0002870862369851285,0.001659681457333926,2.567415769350277e-05,0.00018477680526620988,4.435919696733126e-06,9.910766325477373e-05,0.0009660507378941019,1.0570685159484289e-05,1.3622913668305292e-06,0.00024214060164655203,0.09589122310525686,4.723373675190943e-07,0.0024989724087717043,9.691338414767937e-08,2.1590813645975283e-06,0.8980977345088587,8.363187021754065e-08,5.35242273539917e-10,7.296031047027206e-08
67,4.2527380535883345e-06,7.3120144000075295e-06,2.2135436930711893e-07,2.4963731129398506e-07,2.0460234951076992e-09,2.546352385388237e-05,0.0003407752222133593,0.0013118643136390746,2.0508324288739817e-05,0.00011048033454258294,2.775112271348743e-06,6.630835132999516e-05,0.0005561513034987204,9.088519668502823e-06,2.339244604654501e-06,0.00016159882363041302,0.10019563891584346,3.7768159140661433e-07,0.0020272569372864454,1.4459888984462293e-07,1.716286685761636e-06,0.8951552069066031,1.4655242809398502e-07,5.52953121866438e-10,1.2070401977138296e-07
68,7.847416030004788e-06,1.0130811954847512e-05,2.8852572616956844e-07,3.5174163599164667e-07,3.298542084731716e-09,1.655824682882828e-05,0.000510222439648485,0.003076034899327197,3.451576853921355e-05,0.00011849318691683029,3.0951789928671373e-06,8.036917635233287e-05,0.0009896864592836164,6.621254901020168e-06,2.0806143527443395e-06,0.00022266608808745467,0.10482277996104905,4.559298732527822e-07,0.003285124562271955,1.2187577964936152e-07,1.6745867187259944e-06,0.8868106494882698,1.2180194572390793e-07,4.731518680378234e-10,1.0621382010805682e-07
69,4.991807511699974e-06,8.09769415955075e-06,2.458381095339224e-07,1.7467204489364376e-07,1.873488947954627e-09,1.7953871616931573e-05,0.00030067424561071066,0.0019624742105985664,1.4070564570319539e-05,8.07938203337895e-05,2.7359058719502614e-06,8.245078070864182e-05,0.0007705181591739318,5.106206111949115e-06,1.9331803277694967e-06,0.0001376269415876221,0.08110210119211507,2.8676534883910544e-07,0.003977617698240825,1.1389132138130333e-07,1.829141078002473e-06,0.9115280431543522,9.189388306484404e-08,3.020094164128208e-10,6.618982443715469e-08
70,6.892550942855266e-06,8.865751284307964e-06,3.466420427638111e-07,7.464245828556197e-07,4.6877126837060885e-09,3.265654354754948e-05,0.0005812988531408452,0.003409250501093981,6.185209095088204e-05,0.0001941259452827301,3.4693230259389394e-06,8.673910970353322e-05,0.001174593415448214,1.1492710721744557e-05,2.362638173108431e-06,0.0004932739333621118,0.17514126284496964,6.618780831909187e-07,0.0023216031136015242,2.2004779561817662e-07,1.5820600955023946e-06,0.8164663744740365,1.9662547568363042e-07,8.679872765985742e-10,1.269669388828912e-07
71,7.395642551165581e-06,9.926824082022868e-06,2.67086481476288e-07,2.9085091451669197e-07,3.282504839199217e-09,1.4752928776066464e-05,0.00043660134959038556,0.002722607854801166,3.5443705301327574e-05,0.0001184346903537979,2.8307780517113346e-06,6.204376131898766e-05,0.0007574029694775732,5.784929003680254e-06,2.247826769912693e-06,0.00019275777814393262,0.08588560113198712,3.3396549384201563e-07,0.0032949207117037907,1.0547412832021449e-07,1.4910177976181266e-06,0.9064485472804675,1.0760575938833962e-07,4.779476345476987e-10,1.0007659203692232e-07
