,0,1,2,3,4,5,6,7,8,9,10,11,12,13,14,15,16,17,18,19,20,21,22,23,24
0,4.8260522904744904e-05,1.9267655760508825e-05,5.915661978082984e-09,3.4936673832384922e-09,1.658369787592278e-05,1.1539762474598769e-08,3.1853077784420605e-08,0.00013135789594923936,2.040739127485914e-08,2.3329132664410398e-07,4.5991209324174343e-07,7.009510833739469e-05,2.0302184373771316e-11,6.664573431646284e-07,0.0012914780499107882,7.791931823027241e-07,0.0015046889452231798,4.912004087662301e-08,0.019351725700138905,4.432226740370373e-11,8.521548028851369e-05,0.9774753237493055,2.860804178200241e-06,5.5414556403533796e-08,8.25727399050463e-07
1,3.521647970488792e-05,2.398997916277551e-05,4.44333028939496e-09,3.8877546785461495e-09,1.1993343508410478e-05,8.861093518557081e-09,2.7830398206352373e-08,0.00014640474460030008,2.7304324984383662e-08,3.774216852248546e-07,2.6024447461610396e-07,4.061420600920558e-05,1.2699734984477054e-11,6.189406861260168e-07,0.0013758496000723913,8.684464460357426e-07,0.001110675871834628,3.627042242382597e-08,0.028555648633874168,3.963112058263385e-11,0.00011758641030528403,0.9685762706992753,2.0640028395074827e-06,4.00467912726038e-08,1.4122790751941978e-06
2,3.4512436693303735e-05,2.4086553969721633e-05,2.3268686359032916e-09,2.7288124783033604e-09,9.174712572900858e-06,6.8986640659280185e-09,1.47374580727655e-08,7.791611911491013e-05,1.0185028193558355e-08,1.9454692988687514e-07,2.2238771804183546e-07,3.220719423388489e-05,8.81390101365555e-12,4.814054733093735e-07,0.0014734329766655282,5.021587546659641e-07,0.001499223496195746,4.017799595816961e-08,0.011357332708450471,2.0957977440162275e-11,9.380865824577083e-05,0.9853922273717958,3.3966908263139472e-06,4.141715948170077e-08,1.1620806010893284e-06
3,3.523819342988121e-05,2.572835551519339e-05,3.0155532347844037e-09,3.783254544908299e-09,1.0628841774483936e-05,6.196667152324893e-09,1.9108244887753053e-08,0.00010723254788469152,1.0712224212818772e-08,2.5284506383932916e-07,2.584382829125498e-07,4.319520455875447e-05,1.2183607821485684e-11,5.231069494955471e-07,0.0009505192300002401,4.530744728927229e-07,0.0015950633448238952,5.516255573432243e-08,0.013393964196989057,2.7731505911473607e-11,0.00010214137758738596,0.9837307340805265,2.7564864501397566e-06,4.986797006049e-08,1.1627893058683722e-06
4,3.516677952871531e-05,2.6860555324192176e-05,3.339228243843011e-09,3.732206979173408e-09,1.1892458167885842e-05,6.7779042621224945e-09,1.982244688969209e-08,9.761507978529058e-05,1.0682232946637711e-08,2.4886904038502384e-07,2.684875526523016e-07,4.624484065967252e-05,1.5559227618513687e-11,6.029551794021822e-07,0.0009280282622777454,4.467609344091762e-07,0.001540335784111693,5.8876297807464156e-08,0.012338934082312951,2.914789174363312e-11,9.398068408877015e-05,0.9848754115789896,2.7737030523167275e-06,5.291851359445492e-08,1.0329254566055927e-06
5,3.338394642356398e-05,2.9321930332900225e-05,2.834376696254851e-09,5.2124338468234676e-09,1.1532545061630097e-05,6.086307046870001e-09,1.9598309740428283e-08,0.00012183800058938319,8.719786365348517e-09,3.019723143850887e-07,2.767076873388624e-07,4.378437697573625e-05,1.4055313245814658e-11,5.423421069306447e-07,0.0007831856865430294,4.190057530175812e-07,0.001850584933351869,7.895975934898115e-08,0.01181331940081525,3.157754926195561e-11,0.00012174544488958839,0.9851849586981638,3.4008963646133275e-06,6.183058230361941e-08,1.2208254386170218e-06
6,3.523819342988121e-05,2.572835551519339e-05,3.0155532347844037e-09,3.783254544908299e-09,1.0628841774483936e-05,6.196667152324893e-09,1.9108244887753053e-08,0.00010723254788469152,1.0712224212818772e-08,2.5284506383932916e-07,2.584382829125498e-07,4.319520455875447e-05,1.2183607821485684e-11,5.231069494955471e-07,0.0009505192300002401,4.530744728927229e-07,0.0015950633448238952,5.516255573432243e-08,0.013393964196989057,2.7731505911473607e-11,0.00010214137758738596,0.9837307340805265,2.7564864501397566e-06,4.986797006049e-08,1.1627893058683722e-06
7,5.386940312618218e-05,5.2174279992776616e-05,5.550073890976181e-09,5.297167618953619e-09,8.270540322429286e-06,5.75076693205787e-09,5.4576544093398445e-08,0.00013560927265968245,1.7460300552624318e-08,2.810558064296711e-07,5.360452725482892e-07,4.860728264994713e-05,4.143264130808172e-11,5.666846737066457e-07,0.0009582025903995401,3.3421224586346366e-07,0.001985144223494186,9.271813281242667e-08,0.011508573492316237,6.51701178145119e-11,6.983102966106625e-05,0.9851738624437448,2.653417059227519e-06,1.1765409895956093e-07,1.1849128875983571e-06
8,5.983082305367604e-05,4.194508677293822e-05,5.473008234651555e-09,7.382710090019018e-09,1.2093135725239008e-05,3.740189443208224e-09,3.036321344138606e-08,0.00021393525291400344,1.3012548874160222e-08,5.058846778340343e-07,1.5182239403136123e-07,4.113422596735978e-05,1.8542028299316066e-11,5.939501534880306e-07,0.0011741039282342845,7.092322069085368e-07,0.0031827025363347153,5.579896126600407e-08,0.013840262430052012,3.6791604286966156e-11,0.00013298011506276717,0.9812913573989649,4.272458661021074e-06,1.5398951063581714e-07,3.151903349171783e-06
9,6.307438008171363e-05,6.136902976847568e-05,1.0107430162857642e-08,9.366505505511126e-09,1.4684550085996805e-05,3.315757055724759e-09,4.7579177585604095e-08,0.000290601463933669,2.1446773597846003e-08,5.859354747389477e-07,2.204143256507421e-07,5.155517106244047e-05,4.138002114205264e-11,6.084791690907924e-07,0.001208270277350365,5.60522281321835e-07,0.004208734523917429,6.53223486406326e-08,0.015004722228780397,6.017640457653778e-11,0.0001126869415219631,0.9789751852805372,3.361829102628302e-06,2.791583254477565e-07,3.342574732221787e-06
10,3.523819342988121e-05,2.572835551519339e-05,3.0155532347844037e-09,3.783254544908299e-09,1.0628841774483936e-05,6.196667152324893e-09,1.9108244887753053e-08,0.00010723254788469152,1.0712224212818772e-08,2.5284506383932916e-07,2.584382829125498e-07,4.319520455875447e-05,1.2183607821485684e-11,5.231069494955471e-07,0.0009505192300002401,4.530744728927229e-07,0.0015950633448238952,5.516255573432243e-08,0.013393964196989057,2.7731505911473607e-11,0.00010214137758738596,0.9837307340805265,2.7564864501397566e-06,4.986797006049e-08,1.1627893058683722e-06
11,3.626901342838338e-05,2.7130328880439056e-05,3.151173899431722e-09,3.893830221239292e-09,1.0702238110035714e-05,6.214393655689947e-09,1.992378220638108e-08,0.00010600225983530242,1.0664793712853977e-08,2.535356366154087e-07,2.667744032329157e-07,4.466678726440925e-05,1.4144273778838889e-11,5.446826795429804e-07,0.00091545899368094,4.3615736166827005e-07,0.0016421418042882631,5.969271638910708e-08,0.01259621574230625,2.943444650824025e-11,9.764733440021331e-05,0.9845181564184812,2.8119405328294377e-06,5.3848786114100294e-08,1.13855565565597e-06
12,3.411951765381009e-05,2.4887763712374873e-05,2.8207283845125604e-09,3.6078155767016436e-09,1.065108568374856e-05,6.075235882042667e-09,1.7263190300956343e-08,9.792279591474187e-05,9.226994761180186e-09,2.3758536073334363e-07,2.4481694879394943e-07,4.337755401753922e-05,1.1768173927948353e-11,5.268016812783517e-07,0.0008802069719828898,4.289370757894821e-07,0.0015815877429309802,5.6702399590660114e-08,0.012103985594032233,2.56885963603737e-11,9.888096322023826e-05,0.9851189094535951,2.8019548728140798e-06,4.786536516107659e-08,1.0868621305289826e-06
13,3.481791234135805e-05,2.3722826428818545e-05,3.0463925306225834e-09,3.531580900263338e-09,1.0364992430266484e-05,5.938127525652351e-09,1.8033098564339485e-08,0.00010276934767515638,1.0488778345459554e-08,2.1912392251376686e-07,2.7381796798458176e-07,4.713626520194954e-05,1.1691987888634732e-11,5.20586608348734e-07,0.0009399372071592307,4.16834010806319e-07,0.0016058331036948334,5.252304030567094e-08,0.013125606906913497,2.6639620584059133e-11,9.979045004838081e-05,0.9840047777503823,2.5893632982592516e-06,4.525712914915784e-08,1.0846554373003062e-06
14,2.5063670837871737e-05,4.444013325897699e-05,2.617795140861644e-09,4.39197125148146e-09,1.2462816692341713e-05,6.5523398688410225e-09,2.3098981606274252e-08,0.00010920958286173471,1.035831642404537e-08,4.1605447862604164e-07,2.6113821603628685e-07,2.8388436903977396e-05,1.665557408090301e-11,5.186582088702407e-07,0.0008790251367005768,3.874630301115599e-07,0.0012871126007734889,6.858158882794112e-08,0.013153246585275568,2.9496636594033286e-11,0.00010574542661166952,0.984349885945882,2.6040122579180006e-06,6.954973431659237e-08,1.047141130832049e-06
15,3.523819342988121e-05,2.572835551519339e-05,3.0155532347844037e-09,3.783254544908299e-09,1.0628841774483936e-05,6.196667152324893e-09,1.9108244887753053e-08,0.00010723254788469152,1.0712224212818772e-08,2.5284506383932916e-07,2.584382829125498e-07,4.319520455875447e-05,1.2183607821485684e-11,5.231069494955471e-07,0.0009505192300002401,4.530744728927229e-07,0.0015950633448238952,5.516255573432243e-08,0.013393964196989057,2.7731505911473607e-11,0.00010214137758738596,0.9837307340805265,2.7564864501397566e-06,4.986797006049e-08,1.1627893058683722e-06
16,2.930095338787178e-05,2.3724728670999006e-05,1.8321432267099302e-09,3.945190362568419e-09,6.940631444644367e-06,6.06633199619776e-09,1.610245145659859e-08,0.00010016981246137056,6.902990539659693e-09,3.51512955439718e-07,2.0885231219516946e-07,3.430430421351085e-05,7.342265336288712e-12,4.2813718909583494e-07,0.0005948377810117092,4.812726249157128e-07,0.0012514270806257893,7.78560046543004e-08,0.010774208005675181,2.7448274329021352e-11,0.0001630049999743754,0.987017004417363,2.3956154886808716e-06,3.744702879970998e-08,1.0617076697714487e-06
17,4.048083221798102e-05,2.4784251518197574e-05,3.190653091397361e-09,6.310275071273777e-09,1.1348397420642431e-05,6.26152551665573e-09,1.894668905903611e-08,0.00010470067654663674,6.6942403943277305e-09,2.5039389057169e-07,2.541328263343133e-07,6.460425709428979e-05,1.5658791970406012e-11,8.713355165729639e-07,0.0005722464660104133,4.504667186139241e-07,0.0017080361814085984,9.183400510214719e-08,0.009817238969848518,3.5795247541203516e-11,0.00012040593422806878,0.9875285785678849,4.1898718304183724e-06,4.8239146537016546e-08,1.3777370504046728e-06
18,4.352817900406516e-05,2.4291573701553916e-05,2.1487374330395915e-09,2.6726668578097264e-09,5.34354753117964e-06,1.85514973057176e-09,1.0367077214616241e-08,7.744208398525866e-05,4.047065000418187e-09,1.7242343285239944e-07,1.0791242813905247e-07,4.582692070311613e-05,1.0036032179699474e-11,3.3176649418183764e-07,0.0004024740321107025,1.8634881533413564e-07,0.0027415552119312674,6.891999120561424e-08,0.005792192856829596,1.4146499310087354e-11,7.208305215585985e-05,0.9907912580697213,1.810551645359666e-06,6.191227747420239e-08,1.2435223627718315e-06
19,2.321683377512274e-05,1.9660009247779884e-05,4.203452751927168e-09,3.4259112447862477e-09,1.3547211479072226e-05,4.938813665616536e-09,1.4328827109726742e-08,0.00011607652522429115,1.2383112173437446e-08,2.3513671283255153e-07,2.0659302431715697e-07,5.533287779918615e-05,1.4912278888102135e-11,5.484106298476827e-07,0.0007103874226227819,3.321712386004339e-07,0.0014296898991204233,4.12935192440741e-08,0.01218081750053931,2.916506630937538e-11,7.931527156808861e-05,0.98536805024387,1.5765452413637729e-06,4.210823689548299e-08,8.846219568505843e-07
20,1.7893927816467728e-05,1.7644810601643665e-05,1.7990050015634425e-09,2.1970753118002147e-09,7.791648839011355e-06,2.916677018963861e-09,8.503830509664027e-09,9.849928988381287e-05,6.979779099592156e-09,1.844497530346936e-07,1.28653324819284e-07,2.7604618344316083e-05,6.528869834690431e-12,2.843446094925611e-07,0.0006717907250372325,2.24837351548621e-07,0.0013934576132395055,3.146819544365816e-08,0.00885159950603266,1.5322479099580033e-11,7.58389085189646e-05,0.9888348202150334,1.4755639264391424e-06,3.413116214080945e-08,6.728701117881274e-07
21,6.875477264782675e-05,2.526747924407645e-05,5.210541510477445e-09,5.757444259290795e-09,1.3064642199004577e-05,1.1484742399457208e-08,3.3818032433401655e-08,0.00010270342675682195,1.0577506903636015e-08,3.24565998326792e-07,3.5541383980669473e-07,9.803666624222057e-05,2.3464678087238042e-11,1.0487664658880785e-06,0.000871117454577048,1.0168359463099284e-06,0.0017121501861520783,9.24456444117095e-08,0.01320944260371537,5.2225135824606174e-11,0.0001302685333990847,0.983760162765563,4.637442431573e-06,5.8671077957878026e-08,1.430404141820515e-06
22,3.761137167892491e-05,1.7573329417827285e-05,2.8622238099565154e-09,3.113164677555401e-09,8.736095859989862e-06,7.201005925372736e-09,1.7007823808102167e-08,8.437355703693585e-05,6.919497240455566e-09,1.8648960771421368e-07,3.324902920467638e-07,5.3082928144307224e-05,8.625114675531743e-12,4.896673498169839e-07,0.0006857412925513512,4.7447372881044214e-07,0.0016044825988484172,7.787680737300834e-08,0.009692639649485352,2.838930081956747e-11,0.00012220594707238044,0.9876883819953388,2.745564739202071e-06,3.953388976448048e-08,7.879974209677293e-07
23,3.523819342988121e-05,2.572835551519339e-05,3.0155532347844037e-09,3.783254544908299e-09,1.0628841774483936e-05,6.196667152324893e-09,1.9108244887753053e-08,0.00010723254788469152,1.0712224212818772e-08,2.5284506383932916e-07,2.584382829125498e-07,4.319520455875447e-05,1.2183607821485684e-11,5.231069494955471e-07,0.0009505192300002401,4.530744728927229e-07,0.0015950633448238952,5.516255573432243e-08,0.013393964196989057,2.7731505911473607e-11,0.00010214137758738596,0.9837307340805265,2.7564864501397566e-06,4.986797006049e-08,1.1627893058683722e-06
24,2.5256062151320156e-05,3.17274513340785e-05,2.7586448893799247e-09,5.4595443864354e-09,1.2635762578902553e-05,6.297061520684628e-09,1.7417834258199416e-08,0.00010509594434067869,8.483564894031869e-09,3.205941657159234e-07,2.3312697512530975e-07,4.249360879562055e-05,1.5777803253350844e-11,7.239138049189877e-07,0.000646540476661082,3.8907090739806275e-07,0.0012726629137618252,7.018313264612441e-08,0.012641441148171216,3.390272302892963e-11,0.00010972502517152057,0.9851066798872337,2.783536369518936e-06,4.345240546892191e-08,1.137375709087395e-06
25,4.779784670136009e-05,2.3746322451308123e-05,4.610162727093014e-09,7.984024153670049e-09,1.122558795091274e-05,4.596937784093464e-09,3.142272577801419e-08,0.00025146997178017693,1.0528659461992065e-08,2.3212951025052884e-07,5.519119690503837e-07,8.291364989927011e-05,2.1673680946833015e-11,5.737022087597952e-07,0.0006474214376907387,4.006070155589297e-07,0.0029223456764037436,9.133046434571511e-08,0.015458601368045458,6.13277107515287e-11,0.00013541935629835994,0.9804126291432778,3.4786004955857252e-06,7.33975014470516e-08,9.687348245855327e-07
26,6.807379658878817e-05,2.7957366725605273e-05,4.3579271151642985e-09,3.479581342177028e-09,7.82253325771376e-06,2.7692242041284487e-09,2.3606422067836303e-08,0.0001425551217778526,8.358622547192058e-09,1.977687871518706e-07,2.451489074130554e-07,5.232812412518238e-05,2.1329843261623665e-11,2.7441800870506966e-07,0.0006590225839546907,2.576577983221496e-07,0.004516008797943707,8.81527642804269e-08,0.00727346727253945,2.785320229368381e-11,6.62514239843704e-05,0.9871816197544978,2.5414609314461115e-06,1.6508760900098027e-07,1.0809088380760095e-06
27,2.8705353566525538e-05,2.022216699671742e-05,2.396057046237826e-09,2.5736774950553846e-09,7.175108774657872e-06,6.182186724535405e-09,1.5355434522943626e-08,9.549256906770556e-05,1.44012282873787e-08,2.4742309168436034e-07,1.7178408085141372e-07,2.6271417861787093e-05,6.89462995753019e-12,3.5094283267216606e-07,0.001100960587147691,4.353922283798472e-07,0.0010998634577415304,3.570943275213887e-08,0.012226958334277532,2.3282985925920287e-11,8.133282273598714e-05,0.985308498241567,1.9343603786442246e-06,3.5563571472001856e-08,1.2678258847385482e-06
28,3.523819342988121e-05,2.572835551519339e-05,3.0155532347844037e-09,3.783254544908299e-09,1.0628841774483936e-05,6.196667152324893e-09,1.9108244887753053e-08,0.00010723254788469152,1.0712224212818772e-08,2.5284506383932916e-07,2.584382829125498e-07,4.319520455875447e-05,1.2183607821485684e-11,5.231069494955471e-07,0.0009505192300002401,4.530744728927229e-07,0.0015950633448238952,5.516255573432243e-08,0.013393964196989057,2.7731505911473607e-11,0.00010214137758738596,0.9837307340805265,2.7564864501397566e-06,4.986797006049e-08,1.1627893058683722e-06
29,3.523819342988121e-05,2.572835551519339e-05,3.0155532347844037e-09,3.783254544908299e-09,1.0628841774483936e-05,6.196667152324893e-09,1.9108244887753053e-08,0.00010723254788469152,1.0712224212818772e-08,2.5284506383932916e-07,2.584382829125498e-07,4.319520455875447e-05,1.2183607821485684e-11,5.231069494955471e-07,0.0009505192300002401,4.530744728927229e-07,0.0015950633448238952,5.516255573432243e-08,0.013393964196989057,2.7731505911473607e-11,0.00010214137758738596,0.9837307340805265,2.7564864501397566e-06,4.986797006049e-08,1.1627893058683722e-06
30,3.523819342988121e-05,2.572835551519339e-05,3.0155532347844037e-09,3.783254544908299e-09,1.0628841774483936e-05,6.196667152324893e-09,1.9108244887753053e-08,0.00010723254788469152,1.0712224212818772e-08,2.5284506383932916e-07,2.584382829125498e-07,4.319520455875447e-05,1.2183607821485684e-11,5.231069494955471e-07,0.0009505192300002401,4.530744728927229e-07,0.0015950633448238952,5.516255573432243e-08,0.013393964196989057,2.7731505911473607e-11,0.00010214137758738596,0.9837307340805265,2.7564864501397566e-06,4.986797006049e-08,1.1627893058683722e-06
31,3.1961352013340604e-05,3.098062753065682e-05,3.938393624363062e-09,5.314619674129245e-09,1.2590638735655973e-05,2.6275732773437882e-09,1.652076743998834e-08,0.0001852871915893402,7.8532509326585e-09,3.507651489605252e-07,1.330920809955843e-07,4.568328652749603e-05,1.9231858972983284e-11,4.997876379843256e-07,0.00045240645643162885,3.333631912469151e-07,0.0023921114826955395,5.761448026953076e-08,0.012272056417570931,3.2354205264514673e-11,8.48156581211422e-05,0.984487381628221,2.04248388622988e-06,8.494782285572531e-08,1.186900123671791e-06
32,3.3393696054416054e-05,2.425125583665984e-05,2.8767978249642265e-09,3.392579013892099e-09,1.0198908997918523e-05,6.008329505379245e-09,1.7623363561274337e-08,0.00010608940698577786,1.1575023817834645e-08,2.4618686174804667e-07,2.3781445540141672e-07,3.9971531875214106e-05,1.0893103182461792e-11,4.952328790851718e-07,0.0009794345630373888,4.571870049953986e-07,0.001485890120867877,4.789035744077381e-08,0.01485097798881434,2.5918595285690573e-11,0.00010054628247191468,0.9823641479510986,2.412811216273783e-06,4.356412165147479e-08,1.1160941578334394e-06
33,0.00020607166874080386,4.700355673382644e-05,5.0570272223444244e-08,4.164875438988809e-08,2.519622472355476e-05,6.573878322707679e-08,5.230277196461663e-07,0.0009026293650301404,8.411183643869147e-07,2.227989091346531e-06,2.8361602592823284e-06,0.00015895784409193254,2.6678942050912442e-11,1.7071782901453862e-06,0.018392402480008656,8.777361071009233e-06,0.0029116756579711167,7.54111817806796e-08,0.18247920757017602,2.6981792874606547e-10,0.0011666786567956508,0.793636086687364,1.1418922023716272e-05,2.0637709529268043e-07,4.531848896104524e-05
34,3.6536822936060256e-05,2.5699580250787542e-05,3.1307334604283146e-09,3.6585271723249398e-09,1.0370056196269662e-05,6.413536259761497e-09,2.0239251334148086e-08,0.00010879267298157582,1.2326977568288264e-08,2.582084146736481e-07,2.586498466182731e-07,4.218504228421409e-05,1.2118090523756088e-11,5.205135628742853e-07,0.0010194130088252273,4.7415857900910644e-07,0.0015279475175596898,5.196624960622784e-08,0.0146010943807172,2.8012596537920152e-11,0.00010109675631727435,0.982521397294195,2.596455969396211e-06,4.8789804528644055e-08,1.2123161536915783e-06
35,3.9408993621555686e-05,2.211115542689592e-05,2.629374579735264e-09,4.260566934583468e-09,6.01535076003044e-06,3.4537205988705396e-09,1.8045409183526233e-08,0.00016057555593966324,1.2113021170291123e-08,3.3725482024151434e-07,1.5348301583119264e-07,3.960854645091992e-05,1.0924728044924811e-11,3.0968418872277676e-07,0.0004696878343627443,3.046177536410645e-07,0.0017441003942285339,6.544696460045203e-08,0.013031343399636939,3.11339774857225e-11,8.759298862205152e-05,0.9843953308041529,1.451088525763938e-06,5.121550495336479e-08,1.511641872575339e-06
36,3.3610561858303086e-05,6.982893839215711e-05,1.4114509152551947e-09,1.4409527507264075e-08,6.657427090123977e-06,1.9238390766064675e-07,2.1619225928272877e-07,5.044501071066938e-05,8.990862413480237e-09,6.7407947989826e-07,4.679839676602014e-06,1.3464611487198218e-05,1.1448900598561984e-11,1.1752853156213071e-06,0.0014629956199853603,1.5267686741516244e-06,0.00024431888004103645,8.000612100235779e-07,0.006103166393548672,1.944032747929482e-10,0.0003284099063156514,0.9916426530216629,3.418140857487631e-05,5.4059358001886464e-08,9.245327589337502e-07
37,9.658688840095779e-05,2.3994044707903992e-05,3.730829817008169e-09,2.7412850860915993e-09,7.039264285089555e-06,4.033995980446308e-09,2.479600045586678e-08,6.327033450167267e-05,4.5339214635339446e-09,1.238305801538935e-07,2.4879139047240166e-07,7.785168563862137e-05,1.599719383390609e-11,6.989822998955855e-07,0.000486038607874518,3.7749265599654164e-07,0.00212928051012883,8.378690165696351e-08,0.008759614189276635,2.3074700872049745e-11,6.445400003166972e-05,0.9882867486860053,2.5742390587068277e-06,5.666981214137487e-08,9.181213450510865e-07
38,2.8136051412070906e-05,2.6615723433096575e-05,3.064737068870352e-09,4.326338332045774e-09,1.1212626948603788e-05,3.882474509491003e-09,1.4876945900275535e-08,0.00013556679992520582,1.0140784787767359e-08,2.642069551875494e-07,1.9708980588398673e-07,4.3513733684249634e-05,1.3456464198731146e-11,4.5867938997487244e-07,0.0007325057237530292,3.120376435996684e-07,0.0019347684108332573,5.063992074759313e-08,0.013005776149730008,2.6903024796246074e-11,9.344994135954333e-05,0.9839837030858462,2.1540973535988293e-06,5.4855785116552725e-08,1.2238145804846403e-06
39,3.577962707093091e-05,2.251999583012775e-05,3.315046437175253e-09,4.258216065506028e-09,1.1994359705762493e-05,7.231484419019949e-09,1.9075197603078992e-08,0.00012419924051374224,1.1774961679276524e-08,2.843279141986986e-07,2.707654498844382e-07,4.940167620956079e-05,1.1138008299925588e-11,5.565644864488916e-07,0.0009688720946235521,5.778522081527895e-07,0.0016220951352745696,5.5847505330628084e-08,0.015477174409175527,3.1074871261707683e-11,0.00012679896698289414,0.98155512926725,2.9451157320926814e-06,4.670992323997784e-08,1.2523470247505353e-06
40,3.0163143845824912e-05,1.1846660032823608e-05,1.4001100773226093e-09,6.409541577215017e-10,3.5304782585655953e-06,3.652625407969793e-09,6.872919139238198e-09,2.2893348277552732e-05,4.047574779191999e-09,5.5985061300684644e-08,1.2849674601897758e-07,3.10020021050754e-05,3.3332543343817414e-12,3.2532339900217963e-07,0.00048599559563421987,1.7643981338927998e-07,0.0006799457065096406,2.9243621560364578e-08,0.005755303720225248,8.151071566735977e-12,4.060275775674808e-05,0.9929366891688708,8.553497746703693e-07,1.1974753435327832e-08,4.2797964625857945e-07
41,2.5962228676591497e-05,2.977054570201375e-05,8.552716887990952e-09,3.050652081261939e-09,2.5713589768971774e-05,1.3769851987802837e-08,2.9259554385967846e-08,0.00014857451342911295,7.759593272235996e-08,5.720176083203815e-07,1.7869887471870277e-07,2.622282754853284e-05,1.2091266632620827e-11,6.977062866322935e-07,0.004615996352897578,1.3871683532562492e-06,0.0008928957363688511,1.3911023782370706e-08,0.03727606911035148,2.9950710588107095e-11,0.0001146098964038183,0.9568367966149803,1.8635807007660895e-06,6.119889819945927e-08,2.4820313771385266e-06
42,0.0017172892504968068,0.001710999851257873,2.685224439865016e-07,1.0224227259411916e-06,0.0005308716257407329,3.183140237365339e-07,2.310167379700399e-06,0.00015294953274218152,5.6946997515649646e-08,2.4663329231536354e-06,2.8254331150568366e-05,0.0026468611125138957,2.1136786561471354e-08,0.00012624541214254837,0.0018574422959889449,8.763723164649652e-07,0.012204024388557154,2.369843403315526e-05,0.008034583730311805,7.874206742646651e-10,0.0002916418214824299,0.9703246675377376,0.0002735097256356953,8.364847917123513e-06,6.125509927369901e-05
43,1.7934383549289295e-05,1.604029519989092e-05,1.615394956830387e-09,3.4334604279579544e-09,1.3835470374555604e-05,8.77487299836234e-09,9.761781193758293e-09,0.00013236499342705657,9.641052260292006e-09,4.6809190484119025e-07,1.5518692879053977e-07,2.5547499009409102e-05,4.48617199993327e-12,3.439947484987542e-07,0.000992413784030463,6.894668103687369e-07,0.0011049709034624878,4.170081643406403e-08,0.015069166022926303,1.8586934037558127e-11,0.0001891597788370495,0.9824332570268748,2.5566204498357418e-06,3.3360733375173505e-08,9.88170281541318e-07
44,3.523819342988121e-05,2.572835551519339e-05,3.0155532347844037e-09,3.783254544908299e-09,1.0628841774483936e-05,6.196667152324893e-09,1.9108244887753053e-08,0.00010723254788469152,1.0712224212818772e-08,2.5284506383932916e-07,2.584382829125498e-07,4.319520455875447e-05,1.2183607821485684e-11,5.231069494955471e-07,0.0009505192300002401,4.530744728927229e-07,0.0015950633448238952,5.516255573432243e-08,0.013393964196989057,2.7731505911473607e-11,0.00010214137758738596,0.9837307340805265,2.7564864501397566e-06,4.986797006049e-08,1.1627893058683722e-06
45,3.504044211929491e-05,2.583573920631086e-05,2.915601765129305e-09,3.80692407711842e-09,1.030992170117742e-05,6.196351414905139e-09,1.8689734155469174e-08,0.00010339583253829157,1.0245859240009458e-08,2.5098215360371126e-07,2.571828344583395e-07,4.31086513359328e-05,1.1816023338415072e-11,5.24877327398578e-07,0.0009173256112625697,4.42940279073066e-07,0.0015770351981436764,5.738158375973759e-08,0.01301082918041349,2.7440235449395146e-11,0.00010398705389490448,0.9841675573118247,2.7703641512209115e-06,4.842699330512287e-08,1.1810085102036658e-06
46,2.566547375158768e-05,3.7330008837171395e-05,4.161114070296025e-09,5.081698093961071e-09,1.4775309452769907e-05,6.500969387343055e-08,8.778807121637332e-08,6.215630335424402e-05,4.879378868609501e-08,6.863364102981397e-07,5.291047135104575e-07,2.4626926760091582e-05,1.1299372224588934e-11,2.2840121105438745e-06,0.0025873875671249143,2.390046636682088e-06,0.0001548730501097821,4.472820441923969e-08,0.03770843414947751,6.288445635786126e-11,0.00014252579072093657,0.9592296963454472,4.495367450453019e-06,1.6994639960600245e-08,1.8715762481146377e-06
47,5.3518649051171266e-05,1.243198289444972e-05,1.4849467474074757e-09,9.244040278457983e-10,2.7802185482073838e-06,2.439425156038824e-09,7.916024686861613e-09,3.771701652682391e-05,3.145681990450875e-09,7.680688808188948e-08,1.0879864138537e-07,4.684981601896826e-05,4.97418155676251e-12,2.3096979922787187e-07,0.00034537591428028904,2.2094032411049452e-07,0.00144532823445736,4.340948587359572e-08,0.005172649984408654,1.2153981870125701e-11,4.439451355301861e-05,0.9928366786859207,1.0033387925498304e-06,2.1706749059532996e-08,5.530860490709936e-07
48,3.249028399554839e-05,3.1292304922201087e-05,2.0499917653797514e-09,2.91883730768608e-09,8.861682153256081e-06,2.47755042376766e-09,1.2914807677656414e-08,0.00012447186674953458,6.896913404836425e-09,2.3503864343022979e-07,1.3434266906662257e-07,2.8809706095716173e-05,1.2622176136791724e-11,3.476591863790105e-07,0.0007257680042734519,2.780533127263886e-07,0.0021753588268312845,4.0086922820205166e-08,0.012939298564475128,1.768659893578125e-11,7.23696318180983e-05,0.9838573622171153,1.9263517328013776e-06,6.195568624920326e-08,8.661350075128116e-07
49,2.6055843083746124e-05,1.5055462361001086e-05,2.80771846384881e-09,2.707561638042271e-09,1.0550059715152012e-05,6.985014045974826e-09,1.179044106323573e-08,7.11250673418694e-05,7.326688860041081e-09,1.6024789940045724e-07,2.496564668238629e-07,5.894846324615032e-05,9.525620854298784e-12,5.424000631186116e-07,0.0006382705477344098,3.6241410242980043e-07,0.0012085881789866554,5.328412088499925e-08,0.008893614099720204,2.4907959508449572e-11,8.529253313270482e-05,0.988988201725997,2.1740454731712535e-06,2.7389444859164547e-08,6.969292527788126e-07
50,4.335318548450931e-05,1.9189001507237367e-05,3.6949803762399687e-09,4.240152289392321e-09,1.3535969719617687e-05,5.262951711313477e-09,8.349882925906606e-09,7.323020310036927e-05,3.6485731191088533e-09,5.8083972553001524e-08,1.1356414822883312e-06,0.00020162141317209392,1.4282863783220832e-11,3.4395615925447195e-07,0.0011081275825184811,1.4386471816911646e-07,0.0095146715071975,1.398262589431913e-07,0.0035711102052145556,2.516099706707709e-11,0.00014979647892800975,0.9852960386186466,6.454481858131371e-06,8.41361287770189e-08,9.406079486849138e-07
51,2.9582301836816092e-05,2.4238817236311932e-05,2.508635464577076e-09,3.7247489315293775e-09,8.308001158579103e-06,5.171999212272654e-09,1.8230543889294124e-08,0.00010383477667663351,8.916448994010499e-09,2.382342595574114e-07,2.494790287495598e-07,3.8864369963705266e-05,1.1244736266312918e-11,4.608137381393388e-07,0.0006823004646497961,3.2606940227015963e-07,0.001384734135616,6.294915650056893e-08,0.011004583433271056,2.7820160686215636e-11,9.629040555035004e-05,0.9866226562046573,2.253060816706425e-06,4.332734065893139e-08,9.345641995956617e-07
52,3.5613501700649604e-05,2.4014654210975826e-05,2.656524561598342e-09,3.4572932797731874e-09,8.917610913791127e-06,8.45960142837762e-09,2.0812021477423554e-08,8.516564301252285e-05,1.0313526608838675e-08,2.408356956742571e-07,3.035200977163053e-07,3.9920674134405725e-05,1.1824264809010634e-11,5.076863543631657e-07,0.000894098828728505,4.5666708068204127e-07,0.001287218191186487,7.015672166015443e-08,0.01067676792958023,3.0519476756318004e-11,9.535190807241033e-05,0.9868473257662999,2.937025109233269e-06,4.459519160629119e-08,9.990645980385934e-07
53,7.914840892111746e-05,4.390913655778497e-05,5.861774913569756e-09,7.346426652237534e-09,7.149748984400197e-06,2.0456535071098374e-08,1.1719998358651363e-07,0.00012625628301963352,2.964959966287256e-08,3.802469878714965e-07,9.54559232415213e-07,3.518980929142964e-05,2.1610162464740002e-11,8.095444444492328e-07,0.0025681842093488974,1.369827151425139e-06,0.0013181676101297612,1.0717945111238807e-07,0.01470798899006716,1.0254172207505613e-10,0.00013483017722449737,0.980963824656094,9.22711260703412e-06,1.0212400743107554e-07,2.219738007756652e-06
54,5.717951678871931e-05,4.137219710512957e-05,3.573206021776958e-09,3.4513229846168483e-09,5.9774176179401596e-06,8.849187917282651e-09,3.6385459485284725e-08,5.71240925026996e-05,1.5589790533628095e-08,3.494762299722983e-07,1.5817853435189534e-07,3.475912237315696e-05,1.341221959967743e-11,9.93549041385107e-07,0.0012845513825383446,9.17761780368269e-07,0.0007096431555659146,4.180599564419903e-08,0.014299140938483305,3.56992404220717e-11,7.933012295276235e-05,0.9834228737077355,2.8070135845560955e-06,3.571728517699038e-08,2.6769458065597665e-06
55,5.893859512655721e-05,2.9778430426972915e-05,5.175205129500665e-09,5.461380053096362e-09,7.69939512987872e-06,5.16159296042386e-09,3.0916803436767985e-08,0.0001267980690609445,1.7634175809058264e-08,2.763059667900771e-07,3.109098213258889e-07,9.08407414034397e-05,2.9005063997518793e-11,5.520527452433252e-07,0.0006347285417935864,3.109150294112669e-07,0.00214143112161606,8.979809640218442e-08,0.012366089624365367,4.976713025989957e-11,7.560866917086027e-05,0.9844625775022977,1.9116281020424018e-06,6.618446376532095e-08,1.9270874538915473e-06
56,3.5881411184904916e-05,2.7732799048868774e-05,3.24727806470642e-09,3.908784664110637e-09,1.1054618822998652e-05,6.211521866152059e-09,2.0025552074747987e-08,0.00010805870129410073,1.1145153615927357e-08,2.573163726472984e-07,2.68366144287079e-07,4.4524472624282724e-05,1.4833740406271534e-11,5.433008125726813e-07,0.000940249558603847,4.368352492164506e-07,0.0016704135612940635,5.848486457191242e-08,0.013005640232435368,3.004756091361663e-11,9.677304307794921e-05,0.9840541324005788,2.7483450530966065e-06,5.5177986786967507e-08,1.1267913800743481e-06
57,2.1802163244655426e-05,1.2745297614605253e-05,3.6440217150805615e-09,2.451436848621977e-09,1.4579207869622313e-05,2.771198019667529e-09,6.5427174906258e-09,0.00014134178807734637,1.0653778835091564e-08,2.1356125851358646e-07,1.071168086620112e-07,6.894878080510382e-05,8.927434001207185e-12,3.9907409094518204e-07,0.0005850101018607509,3.4084404106607685e-07,0.002047562654293121,2.4836687094831114e-08,0.017928273727715903,1.724963954028417e-11,9.565461656662927e-05,0.9790811577100277,9.259022820750163e-07,2.9574884820838097e-08,8.569525414854781e-07
58,3.644207023887623e-05,2.8074913255385346e-05,3.1694505317024603e-09,3.6037079441009345e-09,1.056760231834412e-05,5.00360241087186e-09,1.8957362031757236e-08,0.00011333199010422593,1.003463499568501e-08,2.482466950360144e-07,2.477562493011556e-07,4.189446561973249e-05,1.3898759121297798e-11,4.5728610492867066e-07,0.0009272028247168866,3.916990081503852e-07,0.0019832763814369766,5.7199620215412265e-08,0.011850765694514214,2.5996493215861766e-11,9.553725447557636e-05,0.9849075959967013,2.7017564913854474e-06,6.641954065435009e-08,1.0996342557281098e-06
59,4.017117019923032e-05,2.817849765058641e-05,3.962371396927655e-09,3.968080759569838e-09,1.1373493101071483e-05,4.973140453965991e-09,2.159479503303163e-08,0.0001259750397636268,1.0649945345852248e-08,2.602366983527398e-07,2.6154947384669567e-07,4.723581431491906e-05,1.5571145272573098e-11,4.847675967400556e-07,0.0009422432135641224,4.321832487574447e-07,0.002248447079861782,6.016799063713268e-08,0.01177384943867551,2.945951446162967e-11,9.990546733582551e-05,0.9846769735293316,2.842262257709346e-06,7.947888657853937e-08,1.1814166854664832e-06
60,3.523819342988121e-05,2.572835551519339e-05,3.0155532347844037e-09,3.783254544908299e-09,1.0628841774483936e-05,6.196667152324893e-09,1.9108244887753053e-08,0.00010723254788469152,1.0712224212818772e-08,2.5284506383932916e-07,2.584382829125498e-07,4.319520455875447e-05,1.2183607821485684e-11,5.231069494955471e-07,0.0009505192300002401,4.530744728927229e-07,0.0015950633448238952,5.516255573432243e-08,0.013393964196989057,2.7731505911473607e-11,0.00010214137758738596,0.9837307340805265,2.7564864501397566e-06,4.986797006049e-08,1.1627893058683722e-06
61,3.7808925776612944e-05,2.714456958635397e-05,4.020688332871118e-09,3.8466781719511835e-09,1.1679145223076494e-05,5.240689316167989e-09,2.056973966606873e-08,0.0001169033899845639,1.0948180992363194e-08,2.430083824258685e-07,2.711116506015463e-07,5.012717315078518e-05,1.482650102750492e-11,5.252295292951696e-07,0.0009550019430286102,4.301014405019153e-07,0.0020286723242795286,5.576728122976493e-08,0.012482490035118778,2.9337248270002725e-11,9.991639837403378e-05,0.9841847760326837,2.668392102170884e-06,6.651319141743603e-08,1.1752690763002542e-06
62,3.523819342988121e-05,2.572835551519339e-05,3.0155532347844037e-09,3.783254544908299e-09,1.0628841774483936e-05,6.196667152324893e-09,1.9108244887753053e-08,0.00010723254788469152,1.0712224212818772e-08,2.5284506383932916e-07,2.584382829125498e-07,4.319520455875447e-05,1.2183607821485684e-11,5.231069494955471e-07,0.0009505192300002401,4.530744728927229e-07,0.0015950633448238952,5.516255573432243e-08,0.013393964196989057,2.7731505911473607e-11,0.00010214137758738596,0.9837307340805265,2.7564864501397566e-06,4.986797006049e-08,1.1627893058683722e-06
63,3.4431831039926236e-05,2.895961856971213e-05,2.8210496568891185e-09,3.5372142517070644e-09,9.457143060515822e-06,5.666764759080193e-09,1.9145967102119603e-08,9.995441245984396e-05,1.0509977091803203e-08,2.464544305645241e-07,2.517888558506268e-07,3.799433642860386e-05,1.2670940557396725e-11,4.821823674537529e-07,0.0009439291068433709,3.953719297689522e-07,0.00157623813978496,5.56330784910153e-08,0.01238885186210505,2.70695096540087e-11,9.36787046718153e-05,0.9847812704812298,2.570073493193947e-06,5.235410692622407e-08,1.1387848306556457e-06
64,3.277329514203968e-05,2.43705180241663e-05,2.724933946916387e-09,3.849911542990755e-09,1.1010963912531819e-05,6.192646424780178e-09,1.6477013437930367e-08,0.0001124490474768268,9.821766498337961e-09,2.667971529245907e-07,2.7371158501490996e-07,4.391180318182472e-05,9.261444454426388e-12,4.821152775864556e-07,0.000999695412319349,4.7055567267860015e-07,0.00176531984696196,5.780862895398103e-08,0.014183393756346177,2.4111188844622846e-11,0.0001482694745592848,0.9826731454512386,2.8255435045562492e-06,4.7712550496131557e-08,1.1970868206009824e-06
65,2.889829787983772e-05,1.6633899185586356e-05,2.627020469315014e-09,4.1144519173412036e-09,1.6333633156377765e-05,1.1144474616515777e-08,1.1771943486707326e-08,7.545333740657291e-05,6.7833304181911e-09,2.3940081420086177e-07,2.814878424324298e-07,7.03990877901564e-05,8.624124613073775e-12,8.320880494346658e-07,0.0007363650917738218,5.806846677957547e-07,0.0012595489053467727,7.240359756517662e-08,0.012569156514694532,2.347244224816613e-11,0.00016002680538467924,0.9850607343096583,3.3646556409368233e-06,2.6132370439530923e-08,1.016791422969455e-06
66,3.585327179637931e-05,1.919288210345259e-05,6.13372433464949e-09,6.191322413427693e-09,1.483215349240906e-05,1.2165536922774659e-08,3.376931557837565e-08,0.00022805379001485638,3.88625910968778e-08,6.848510049070675e-07,1.9442176301724666e-07,5.605684852126993e-05,2.0777138679201772e-11,9.153667912143993e-07,0.0007168688238856847,1.4750546482100062e-06,0.0007296772357596282,4.0737067703954055e-08,0.04268039038395895,8.670076953201321e-11,0.00010622611868808023,0.9554063989745488,1.5595859937703483e-06,2.9613024015907738e-08,1.452656969282529e-06
67,4.620132457305423e-05,2.8019781902356918e-05,4.6781897837816284e-09,5.405177340603084e-09,1.4322618920795509e-05,1.3601275091235871e-08,2.715055151724025e-08,7.917103538390013e-05,1.0789084617994334e-08,2.453571371028724e-07,4.378188212649774e-07,6.819800758943994e-05,1.676070950448886e-11,1.094593034696025e-06,0.0012886323551933128,8.343956656952302e-07,0.0014958805647434677,7.933163401312646e-08,0.011863727855455973,4.5271853093194297e-11,0.0001317982187845835,0.9849737682569586,5.933316534799597e-06,4.9084104609854926e-08,1.5443972516312141e-06
68,3.883491124767586e-05,2.4858624965830516e-05,2.3932945154389964e-09,4.139054468793508e-09,8.142162292722661e-06,8.107469392970687e-09,1.872461582005866e-08,8.087586080917932e-05,7.566555565242334e-09,2.1695679271562615e-07,3.5866619884675654e-07,4.682792793204773e-05,1.049232319137888e-11,4.791547550827303e-07,0.0008359671897143195,4.114179599033515e-07,0.0016784137165817795,9.375867073980263e-08,0.008526916389194224,3.097703298715742e-11,0.00011870395997983722,0.9886336532667765,3.9574351804976655e-06,4.8009520397491264e-08,1.1996189685004744e-06
69,4.5637048122706026e-05,3.688295561004532e-05,5.524012662602706e-09,7.769891085086312e-09,1.2425842320651038e-05,6.249066945975892e-09,3.197757974659478e-08,0.00020348781886129068,1.775065070199672e-08,4.590021102741103e-07,3.112463254559895e-07,5.282343284741872e-05,1.982242690222707e-11,6.05595988335361e-07,0.00110416454409588,6.900511480396641e-07,0.002494191414818762,7.203026161839231e-08,0.018211431028165234,5.742054899783627e-11,0.00015089108883798198,0.9776799676536568,3.5073519416652873e-06,9.312753070014657e-08,2.289418912943668e-06
70,4.921513956579742e-05,2.2099256482195247e-05,4.788560152921926e-09,3.923638770958261e-09,1.1175932307673639e-05,1.0155974774261984e-08,2.2134472161516544e-08,5.932771533418537e-05,9.468071118598642e-09,2.01716138069849e-07,2.776158326475039e-07,7.626277945827315e-05,1.3606360723223063e-11,1.1182766307968264e-06,0.0008457836489984876,6.504496142511215e-07,0.0011786262821959334,6.821627158318106e-08,0.01028520720883651,3.3957857466475765e-11,0.00010402324071347808,0.9873609700794428,3.37434868488886e-06,3.511999179429563e-08,1.5324552195507171e-06
