,0,1,2,3,4,5,6,7,8,9,10,11,12,13,14,15,16,17,18,19,20,21,22,23,24
0,6.107512247684198e-05,0.0018115666193842478,3.4423813570141693e-09,1.784144779875698e-05,2.3797832126770226e-07,7.635967080818841e-06,0.00024007648309401603,0.005857551553387472,3.29860512685628e-06,7.716436539667205e-07,0.0012840341637083282,0.00017012595078379846,5.466613851596156e-05,6.112966843717201e-07,0.0002497523061308874,7.09570338396363e-05,0.0005201375045683337,7.53531432429951e-07,0.03766163849972823,7.471418724861858e-10,3.877523412645221e-06,0.9519813824457892,2.2411810841832184e-09,1.6783106161375075e-09,2.000076067003948e-06
1,3.2801556918019113e-05,0.0010434380573288316,2.743996160778941e-09,1.063915494241551e-05,1.319648127214969e-07,9.684789354628472e-06,0.00018574627002730724,0.005185485531280263,7.364322938088783e-06,1.5232074282328156e-06,0.0007063644881877867,7.163992305976902e-05,4.5823459259534894e-05,7.448013066095963e-07,0.00024533817567273396,5.789214018221355e-05,0.00013749800141033455,7.784290280754966e-07,0.04764843935090707,8.984078749680662e-10,3.0694179397078173e-06,0.9446036883522866,1.6828750340176446e-09,1.3764790221828622e-09,1.9019039710480751e-06
2,2.6638323361863265e-05,0.0010607841798160938,2.044481699669146e-09,7.73834902584015e-06,1.4359675159967567e-07,6.364201027814545e-06,0.00011426994922950179,0.004459641050783662,5.606792483950931e-06,1.0301107887423918e-06,0.0008468335761754698,7.78097732515924e-05,2.9789615819946014e-05,9.771149926060551e-07,0.00027053277277486507,3.242646984175764e-05,0.00013087869998290735,4.527343774917831e-07,0.023495206305032004,7.582125741934691e-10,2.109573095939997e-06,0.9694286294043797,1.2150946064145849e-09,9.264763276206743e-10,2.132462741433898e-06
3,3.57986401972769e-05,0.001112196471011791,2.069435155697477e-09,9.381370484330288e-06,1.3317626844458151e-07,7.38765043405081e-06,0.0001434549459417002,0.0042215480825711135,4.764507691942031e-06,8.858291635277681e-07,0.0008898927272129006,8.025162721483371e-05,3.753914732214049e-05,6.624809482440052e-07,0.00022164533482641702,3.4772685826551486e-05,0.0001650803581088507,5.494050015147728e-07,0.030408521324900573,6.114574464964078e-10,2.4172408904314686e-06,0.9626214672597079,1.4022415200696265e-09,1.0120505550994814e-09,1.6446390910011525e-06
4,3.5614526491616744e-05,0.0011751598995703581,2.3041506393159176e-09,9.182710144803875e-06,1.3855282310683902e-07,6.4231465517750135e-06,0.00014629489248179142,0.004002488237588212,5.164897973533676e-06,9.183228760035014e-07,0.0008823853100024638,8.013274295834559e-05,4.502953013107563e-05,7.849500511520846e-07,0.00019101350499380634,3.167840249042535e-05,0.00015322418507200715,5.929756295312857e-07,0.02894299125382535,7.174718165008059e-10,2.6951735865918932e-06,0.9642864969904557,1.364558042420389e-09,1.1590080108623688e-09,1.5842491140273523e-06
5,4.599018823905625e-05,0.00130944964263747,2.92719398542337e-09,1.6097181580372332e-05,2.0021870226498264e-07,9.390028182585434e-06,0.000177045489625557,0.005205265349532601,6.346011995757906e-06,1.3194412766953046e-06,0.0010470711187978497,8.297100743934709e-05,5.190112605381331e-05,9.372580208751366e-07,0.0002200447055508838,4.012656395117041e-05,0.0001965011385651414,1.1204997992612753e-06,0.04076112107175781,9.480643957889371e-10,3.6371155677007547e-06,0.9508218511532667,2.4254228977134447e-09,1.5473465095077874e-09,1.6058414294644946e-06
6,3.57986401972769e-05,0.001112196471011791,2.069435155697477e-09,9.381370484330288e-06,1.3317626844458151e-07,7.38765043405081e-06,0.0001434549459417002,0.0042215480825711135,4.764507691942031e-06,8.858291635277681e-07,0.0008898927272129006,8.025162721483371e-05,3.753914732214049e-05,6.624809482440052e-07,0.00022164533482641702,3.4772685826551486e-05,0.0001650803581088507,5.494050015147728e-07,0.030408521324900573,6.114574464964078e-10,2.4172408904314686e-06,0.9626214672597079,1.4022415200696265e-09,1.0120505550994814e-09,1.6446390910011525e-06
7,5.387462914154172e-05,0.0008053893539853588,1.8519220503049738e-09,6.314739547677657e-06,7.53623453485692e-08,4.734910619211223e-06,0.00013086338172810211,0.0030132946987274814,2.8540546001648165e-06,4.810967921686226e-07,0.001010327051148655,5.6833197452806184e-05,7.233717915144461e-05,2.9636430991079934e-07,0.00013720145235166325,1.8833324598134556e-05,8.858212037349135e-05,4.580231992650325e-07,0.024188358649545216,4.998456465775178e-10,1.6181275719918266e-06,0.9704065895573664,5.468456372163827e-10,6.840894536309828e-10,6.791427411937452e-07
8,6.25159207978274e-05,0.0019915887129149635,6.005386369154148e-09,1.9795907938224884e-05,2.0725806699297317e-07,9.552791310673477e-06,9.577132432056455e-05,0.003942810330601648,7.658640707726904e-06,2.2093368330818368e-06,0.0007957927965146837,0.00011420719533695606,4.847306710955098e-05,1.283397956615283e-06,0.0003649064051386692,7.08752497047828e-05,0.0003420724055085445,5.948085967007124e-07,0.02389852264879209,1.2289842846917125e-09,2.3279464393628966e-06,0.968224736662123,3.5526399139744693e-09,3.495188008649259e-09,4.082911088592839e-06
9,3.5423400320627284e-05,0.0026080775876622187,7.060643290070357e-09,2.0670341308908064e-05,1.906503469720762e-07,9.404382562089365e-06,0.0001046710673632395,0.005543602704826207,9.938298311080682e-06,4.633572465831225e-06,0.0006201541065645657,9.195389809693214e-05,5.2542576577634405e-05,2.170436018133861e-06,0.0003480210283756372,0.00010775659026801565,0.0003177048716397841,8.45740320949504e-07,0.03603449011503088,2.1294380107066973e-09,3.379732242037322e-06,0.9540798167906528,3.738845472227251e-09,3.7031748589302907e-09,4.535476943913363e-06
10,3.57986401972769e-05,0.001112196471011791,2.069435155697477e-09,9.381370484330288e-06,1.3317626844458151e-07,7.38765043405081e-06,0.0001434549459417002,0.0042215480825711135,4.764507691942031e-06,8.858291635277681e-07,0.0008898927272129006,8.025162721483371e-05,3.753914732214049e-05,6.624809482440052e-07,0.00022164533482641702,3.4772685826551486e-05,0.0001650803581088507,5.494050015147728e-07,0.030408521324900573,6.114574464964078e-10,2.4172408904314686e-06,0.9626214672597079,1.4022415200696265e-09,1.0120505550994814e-09,1.6446390910011525e-06
11,3.7466816569766885e-05,0.0010909256222114624,2.1402968414138106e-09,9.319787958970682e-06,1.3263174518483232e-07,6.8490191116480035e-06,0.00014760193961790556,0.00395662900714483,4.7486710062385e-06,8.299296503056241e-07,0.0008865889580315459,8.253607828791224e-05,4.3384786916231236e-05,6.405599554131457e-07,0.00020705504791357875,3.414939979363475e-05,0.00015846801062005398,5.525371677388544e-07,0.02960318056837856,6.600644854745473e-10,2.4368547443965174e-06,0.9637249414495019,1.3440769912307778e-09,1.1360172939803756e-09,1.5570432170514715e-06
12,3.531035137101589e-05,0.001106067764156529,1.989971953541344e-09,9.470402970883273e-06,1.2433705356887836e-07,7.291057144557591e-06,0.00014384722398791752,0.004244418179439834,4.649726795190331e-06,8.756813187457477e-07,0.0008632310310387179,7.890746949721186e-05,3.777698267922097e-05,6.306783585104285e-07,0.00022260643129768287,3.515785463626903e-05,0.00015987126824311838,5.443500746314898e-07,0.03159191153156756,5.891543629009493e-10,2.343573649654164e-06,0.9614533783833229,1.3513760155276489e-09,9.731772176315658e-10,1.5808177166354018e-06
13,3.489183535567701e-05,0.0010814761902651192,1.9882687810869254e-09,8.570014691210063e-06,1.2863564052618802e-07,6.787020154262969e-06,0.000135379088223551,0.004168425808050998,4.5103033094808715e-06,8.116185438676208e-07,0.0009248171047305977,8.207446298034329e-05,3.6251830675322814e-05,6.674096131706565e-07,0.00021773692169977477,3.226274052408266e-05,0.00015886657510756297,5.087523352554775e-07,0.02779353007509247,5.910755191842968e-10,2.300256566407765e-06,0.9653083635413788,1.2647686151824195e-09,9.433483570558032e-10,1.635027600248277e-06
14,3.62369459764056e-05,0.0019710410275310913,2.240971452527741e-09,1.3313524194094948e-05,2.235679881825879e-07,6.351473835026969e-06,0.00014074531691294026,0.0036463581192131105,4.079520594676984e-06,1.0713681227174907e-06,0.0012459917186215912,6.710833507096165e-05,5.339852762876478e-05,7.859884307554581e-07,0.00016637562570072554,2.52573832009742e-05,0.000221715401133329,7.915165641582387e-07,0.043130499424964254,6.836945240659905e-10,4.2157217769788435e-06,0.9492632645229558,1.5609743928200229e-09,1.2251334975151951e-09,1.1692588096199281e-06
15,3.57986401972769e-05,0.001112196471011791,2.069435155697477e-09,9.381370484330288e-06,1.3317626844458151e-07,7.38765043405081e-06,0.0001434549459417002,0.0042215480825711135,4.764507691942031e-06,8.858291635277681e-07,0.0008898927272129006,8.025162721483371e-05,3.753914732214049e-05,6.624809482440052e-07,0.00022164533482641702,3.4772685826551486e-05,0.0001650803581088507,5.494050015147728e-07,0.030408521324900573,6.114574464964078e-10,2.4172408904314686e-06,0.9626214672597079,1.4022415200696265e-09,1.0120505550994814e-09,1.6446390910011525e-06
16,2.4777404215092865e-05,0.000908877470068213,1.1607522844339592e-09,5.409021458727878e-06,7.944304812751247e-08,4.447521985921014e-06,9.600478046491324e-05,0.003401930190712999,3.184494133624956e-06,5.15925717114054e-07,0.0008382431239745541,9.240031873436413e-05,2.4841862520789134e-05,5.903908231879441e-07,0.000221230160524105,2.333779518722493e-05,0.00011528572926809819,2.9764390143053724e-07,0.01966861908700708,3.737716030800086e-10,1.345737858256609e-06,0.9745671024606535,6.445010185124892e-10,5.172475579120984e-10,1.476741470512369e-06
17,5.1877028312657074e-05,0.001156817320418795,3.0623911570278962e-09,7.828919214350158e-06,2.3218468183599449e-07,6.058792592701831e-06,0.00021764300563554507,0.0035433415457598256,5.751658546879972e-06,5.471219937195306e-07,0.0014694925944650906,0.00013262972326043006,5.69462158709062e-05,1.0721349107698986e-06,0.00011732879146774694,2.25668762001864e-05,0.00022047286543241989,7.526691339653032e-07,0.02033222052236156,7.732522487619697e-10,4.584755277679988e-06,0.9726501276968966,1.8196507902124953e-09,1.7870456644826405e-09,1.7001352264772755e-06
18,3.1423206292911424e-05,0.001261233030004847,3.204973092743913e-09,5.436924644492102e-06,1.4177716745993956e-07,6.337428522736458e-06,0.0001876939814592541,0.00391056711590148,5.461109570422097e-06,9.335592811288527e-07,0.0009048733883170791,0.0001470794101642943,3.152044841646582e-05,1.2656580805131973e-06,0.0002711781523718717,6.364536513909805e-05,0.0002927447088140137,4.830056372065941e-07,0.02943169300318123,7.888422614959374e-10,4.123775778842441e-06,0.9634372240651182,2.015120489028066e-09,1.688344875399556e-09,4.933188855798974e-06
19,2.310202393932254e-05,0.0012203851012408257,1.462958396129322e-09,1.4208718725099447e-05,1.4400263539936375e-07,9.239186087408458e-06,0.00012038467512275793,0.0034299226367971473,6.238105752917301e-06,1.1687212928756068e-06,0.0005026991435629125,7.094766689546382e-05,3.109458221762315e-05,5.566846199551796e-07,0.0002532654737616498,3.193775834274165e-05,0.00011313425720742817,3.6290238585801465e-07,0.027041250219185745,5.601627647207324e-10,1.2035530712446364e-06,0.9671273570827406,1.1696000330429877e-09,9.0876318097335e-10,1.3934029307397242e-06
20,1.8282188461857074e-05,0.0007781416613564907,9.027570345436195e-10,4.8259802704087415e-06,6.352796039761497e-08,4.109150489786368e-06,6.63626044921735e-05,0.002799869197268724,3.240147116994049e-06,5.918068145404528e-07,0.0005851006254293036,3.96997378149602e-05,2.617002936399154e-05,4.7287636369695816e-07,0.00015685339359796922,1.3969310326844638e-05,6.603376175758087e-05,2.45599091424724e-07,0.017377838633226603,3.949363528700589e-10,1.1059710964543604e-06,0.9780561882569807,4.943487328080887e-10,4.1977670638209144e-10,8.33328900214001e-07
21,9.452230142512434e-05,0.0017876287269655271,8.334696000592781e-09,1.3970556761678522e-05,2.3998553509587007e-07,5.681046584852217e-06,0.00025624973128974404,0.007593698830505181,6.3477106586550425e-06,1.2498554478864491e-06,0.0014760429157181906,0.00023448413962039378,8.832401625390136e-05,1.8699305300215795e-06,0.0001770099598289484,8.452964766800549e-05,0.0004012238074294237,1.714407176935893e-06,0.030575193738580322,1.4864489669555085e-09,6.7650748403183065e-06,0.9571898493294806,2.925528350601884e-09,3.2379599363040904e-09,3.388303066101219e-06
22,4.793739090568247e-05,0.001205119151540875,3.081473382307877e-09,8.963762975020611e-06,1.3078722500020796e-07,7.178518882785423e-06,0.00010604607561621348,0.006094832703604005,2.8331518780751902e-06,1.1844990903819726e-06,0.001122326737244044,6.26991965272803e-05,3.8216761719359884e-05,7.900398598907879e-07,0.00013680986980501667,3.312912276449157e-05,0.0002915399610040816,9.55511960774034e-07,0.029254021440432876,6.822351077520117e-10,4.106591153684454e-06,0.9615799256532723,1.7861677449134163e-09,8.069796481141599e-10,1.2467156822490552e-06
23,3.57986401972769e-05,0.001112196471011791,2.069435155697477e-09,9.381370484330288e-06,1.3317626844458151e-07,7.38765043405081e-06,0.0001434549459417002,0.0042215480825711135,4.764507691942031e-06,8.858291635277681e-07,0.0008898927272129006,8.025162721483371e-05,3.753914732214049e-05,6.624809482440052e-07,0.00022164533482641702,3.4772685826551486e-05,0.0001650803581088507,5.494050015147728e-07,0.030408521324900573,6.114574464964078e-10,2.4172408904314686e-06,0.9626214672597079,1.4022415200696265e-09,1.0120505550994814e-09,1.6446390910011525e-06
24,2.7944071893135144e-05,0.0017979740487268762,1.7716511814185687e-09,1.8165840943197354e-05,1.4430365999810927e-07,6.865578696631327e-06,0.00013768957252944966,0.004485577094331718,4.744837135048082e-06,1.290230742871418e-06,0.0007306007852150185,6.898163202348709e-05,4.051626344329354e-05,7.984502489496147e-07,0.00023090809078418553,3.5972942494108495e-05,0.00019323901414251328,7.248296293456664e-07,0.04736577546711055,6.3184170614797e-10,2.641175178395751e-06,0.9448481369949596,1.7668136048075497e-09,1.0450523689610285e-09,1.3035607529175387e-06
25,5.0916305340725955e-05,0.0009115603212741792,3.1095995683594664e-09,9.064487441047139e-06,2.281022097077635e-07,7.2362441641936054e-06,0.0002513131031092526,0.012104830696253663,3.9527967523219764e-06,5.980150611961658e-07,0.002468523901937918,0.00016873940801789372,4.824034421405852e-05,1.1028638349057679e-06,0.00012889702610127332,3.453368305455693e-05,0.00023224052150549036,1.4370852000500604e-06,0.021574558886750052,1.11154177566705e-09,4.6684164757766545e-06,0.961995979790507,1.5664619680644709e-09,8.993408140070643e-10,1.3713138507831025e-06
26,0.00011598695849124808,0.0018705009368275222,1.0237284903719963e-08,3.277888979793943e-05,4.888369778817893e-07,1.9942109788228117e-05,0.0002557447212116446,0.005532293289717447,1.891550976303153e-05,2.9645054582080786e-06,0.001380647427702357,0.00011642002922363074,9.431972162670075e-05,1.9295257783717962e-06,0.0002477983949492897,7.106751586719902e-05,0.0003492060658831349,2.724698423129039e-06,0.044711504063045256,2.3560361944050617e-09,7.077145042515282e-06,0.945164446766691,9.75544394600252e-09,7.590986529760866e-09,3.2129479829517457e-06
27,1.927168979128783e-05,0.0006573791128739962,8.316871537104668e-10,5.875927224569288e-06,7.510225491849202e-08,6.946244000383167e-06,7.840751370103297e-05,0.002668405704306407,5.151038732535314e-06,6.441559430710846e-07,0.0005024759208790125,4.718423195881134e-05,2.1557481077265366e-05,3.587069586816711e-07,0.00022089044273286017,1.9283549468003928e-05,5.584194054189573e-05,2.278431706404611e-07,0.020430486775714882,3.639348570931983e-10,8.091177205377763e-07,0.9752576158528797,6.280772448030275e-10,5.692754988938957e-10,1.1092550946216234e-06
28,3.57986401972769e-05,0.001112196471011791,2.069435155697477e-09,9.381370484330288e-06,1.3317626844458151e-07,7.38765043405081e-06,0.0001434549459417002,0.0042215480825711135,4.764507691942031e-06,8.858291635277681e-07,0.0008898927272129006,8.025162721483371e-05,3.753914732214049e-05,6.624809482440052e-07,0.00022164533482641702,3.4772685826551486e-05,0.0001650803581088507,5.494050015147728e-07,0.030408521324900573,6.114574464964078e-10,2.4172408904314686e-06,0.9626214672597079,1.4022415200696265e-09,1.0120505550994814e-09,1.6446390910011525e-06
29,3.57986401972769e-05,0.001112196471011791,2.069435155697477e-09,9.381370484330288e-06,1.3317626844458151e-07,7.38765043405081e-06,0.0001434549459417002,0.0042215480825711135,4.764507691942031e-06,8.858291635277681e-07,0.0008898927272129006,8.025162721483371e-05,3.753914732214049e-05,6.624809482440052e-07,0.00022164533482641702,3.4772685826551486e-05,0.0001650803581088507,5.494050015147728e-07,0.030408521324900573,6.114574464964078e-10,2.4172408904314686e-06,0.9626214672597079,1.4022415200696265e-09,1.0120505550994814e-09,1.6446390910011525e-06
30,3.57986401972769e-05,0.001112196471011791,2.069435155697477e-09,9.381370484330288e-06,1.3317626844458151e-07,7.38765043405081e-06,0.0001434549459417002,0.0042215480825711135,4.764507691942031e-06,8.858291635277681e-07,0.0008898927272129006,8.025162721483371e-05,3.753914732214049e-05,6.624809482440052e-07,0.00022164533482641702,3.4772685826551486e-05,0.0001650803581088507,5.494050015147728e-07,0.030408521324900573,6.114574464964078e-10,2.4172408904314686e-06,0.9626214672597079,1.4022415200696265e-09,1.0120505550994814e-09,1.6446390910011525e-06
31,5.341041419327497e-05,0.001293484550167911,3.5157504822851953e-09,9.071097156130936e-06,9.767843046701e-08,5.946222551599501e-06,0.0001504205517833002,0.00828934967464673,3.4769857310025783e-06,1.0822771431559942e-06,0.0009163586674744556,9.038786136045619e-05,4.484565750813597e-05,7.716042951759018e-07,0.00014936601883673583,5.423454021590185e-05,0.00024343494194131577,9.035957919153472e-07,0.030331105224611958,6.889000821843711e-10,3.531079078145121e-06,0.958357160415017,1.4877306851421078e-09,9.372760613688655e-10,1.5543124078577476e-06
32,3.312698257320241e-05,0.001091252366911342,1.918830026814769e-09,9.7693302685255e-06,1.2725030647169486e-07,7.55005858785716e-06,0.00014494056871976126,0.004054180306746275,4.7300743598646145e-06,9.16368725141429e-07,0.0008499654109070294,7.341908561627901e-05,3.793684399787497e-05,6.0744005114585e-07,0.00024030745959234656,3.637536532951933e-05,0.0001598025299351802,5.478402242716674e-07,0.03661576773434615,6.067549895886597e-10,2.4918482945194142e-06,0.9566345933202923,1.4238046047941591e-09,1.032581216686067e-09,1.5868322440335858e-06
33,1.8530105113124036e-05,0.0015571747555382903,6.6665679042778165e-09,1.2104456321925041e-05,2.901552153327165e-07,6.708500690014458e-05,9.302769542213142e-05,0.0033517896590082954,7.232778757739512e-05,1.7265591797805237e-05,0.0005087992298752043,2.6495518397636605e-05,1.6749558085580765e-05,3.7852632360504713e-06,0.0017878124405909632,5.8256762760096146e-05,7.920373571369867e-05,4.785837456095904e-07,0.03850294783493436,2.9327537390040277e-09,2.170045204654417e-06,0.9538123136940626,7.406602189119939e-09,2.635812564834368e-09,1.1372478762693983e-05
34,3.5687456155746604e-05,0.0011140120696019598,2.0678298960228352e-09,9.376571267700931e-06,1.3308908611285838e-07,7.383455199674714e-06,0.0001433214987920251,0.00422364281021068,4.760639131055269e-06,8.869358954498739e-07,0.0008881172819840568,8.031583087447327e-05,3.746188221554453e-05,6.634199543570283e-07,0.00022148112406258016,3.481347248502286e-05,0.0001652834034752141,5.483690305126434e-07,0.030370822169589442,6.113281978670844e-10,2.4151713806358885e-06,0.9626572210281729,1.4016986065553853e-09,1.0110044239254168e-09,1.6472295737724698e-06
35,4.2607004372640685e-05,0.0007027934533510434,1.4596271668211055e-09,7.041343843575927e-06,6.400732111179903e-08,7.155405354875406e-06,0.0001283160574227171,0.0045652986075987965,3.7274163763481706e-06,6.693476222352873e-07,0.0006371245427911079,7.109263215362929e-05,3.6075236814188074e-05,3.1518936825523743e-07,0.0001292644439041902,3.938081153737909e-05,0.00011426876831002202,6.578305253885005e-07,0.031044410436128978,3.9093552377943526e-10,1.5763508889930057e-06,0.9624672495310411,8.885207294245924e-10,7.237460766781731e-10,9.081204439999097e-07
36,0.00021004469162534196,0.002301691319444408,1.6898562425434177e-08,3.591424553386661e-05,4.834855924850339e-06,3.7760486442765e-05,0.000935571386203129,0.0026757270351400824,1.9458229131114197e-05,1.0934244832165708e-06,0.012275050855727325,0.00019275912510319874,0.00019514798472591667,1.6893736900227021e-06,0.0008890628054309663,3.980670666907466e-05,0.000701037842859664,2.021418498234792e-06,0.09479185996748601,3.7631505091008036e-09,4.0908378328139706e-05,0.884640210435947,2.2469498106346774e-08,2.5784220288606527e-08,8.280516174396881e-06
37,0.00010462543226653251,0.0013962186516315344,6.6783792316977005e-09,1.3018508770049978e-05,2.791974227722292e-07,7.654558612753757e-06,0.00030464204960747106,0.004025437378739341,8.400286654641373e-06,9.682326416079732e-07,0.0014240450611830283,0.0001631467853788365,0.00010664888092849692,1.2072681111877962e-06,0.0001578576731704856,4.958964785621318e-05,0.0002770123815903844,1.4751305242179478e-06,0.032321109533194246,1.2785444670913363e-09,6.204084960586103e-06,0.9596279950146982,3.0471494125248714e-09,4.009481660378752e-09,2.4492285027560485e-06
38,3.2315028643617587e-05,0.0012919288603001082,2.0032030375008233e-09,8.568701579594762e-06,1.5304641625706953e-07,5.514043496761754e-06,0.0001037988824752683,0.0038847185635197687,4.782388215137526e-06,8.265931384187625e-07,0.0009743758813122244,8.408843735004026e-05,3.2157995094300665e-05,8.956406431904419e-07,0.00019522713038112028,2.4254363721848167e-05,0.00015726664308503426,4.3848523375873476e-07,0.02095034987455415,5.626181626544071e-10,2.119434273544833e-06,0.9722444491383272,1.1913227702923293e-09,9.519584825159928e-10,1.7661591359940967e-06
39,3.6421956393480866e-05,0.0010056425615718567,2.083715782840879e-09,8.55279267213603e-06,1.2072797568183114e-07,7.802064786077777e-06,0.00015378994491520607,0.004778468673289868,4.251975554328341e-06,8.220118375628713e-07,0.0008905987528982245,8.57665935822756e-05,3.643735945633284e-05,5.857549311832941e-07,0.0002057744890137283,3.933281749966309e-05,0.00017539340007744926,5.5289202300678e-07,0.029941913434557637,5.958050860277053e-10,2.491920109257193e-06,0.9626236660390488,1.36485888041923e-09,9.465607976953027e-10,1.60884686548098e-06
40,3.4214150787281595e-05,0.000807777060038756,1.5337300603372698e-09,3.911690515239449e-06,8.465557603750899e-08,4.632172455675403e-06,8.416311580588233e-05,0.0022615521705191552,3.139204880367321e-06,3.7169347605757285e-07,0.0007782575277607636,8.586577775682066e-05,2.7993056759286908e-05,4.42532994317294e-07,0.00017290015160657452,1.5440360358218957e-05,0.00010084614181716456,1.6662054937120523e-07,0.00971246689813048,3.33524805045631e-10,1.0121204632800524e-06,0.9859033180435866,5.047377265482921e-10,5.38232079865787e-10,1.4419439382216715e-06
41,3.2320470676554605e-05,0.0008320256896927268,1.118738946371949e-09,3.7245210796841855e-05,3.8022363220522575e-07,2.8939832627500867e-05,0.00010036694294671242,0.0034088019209684,1.3517432677539225e-05,1.3502287759096663e-06,0.0008449231292205284,6.748710600534845e-05,1.7527226406466437e-05,3.4041684434377596e-07,0.001401737144340661,2.8221864870460428e-05,7.644383334294718e-05,2.693020129418662e-07,0.03406065721092839,5.054969944615953e-10,4.466896405835749e-07,0.9590451382234947,1.7802589729652363e-09,9.493951051560485e-10,1.855546208291324e-06
42,0.002589641556174485,0.02671318470705281,1.4904199107571028e-06,0.0008908633762712755,7.389484153298583e-05,9.828030276959715e-05,0.010492689234534234,0.029785250693771498,0.0005941999295879808,3.5044975323474326e-05,0.05211758450199417,0.0035529960426625914,0.0010626545542450532,0.0006442429968961986,0.0018788151758576416,0.00033898732447443594,0.008298575597758083,0.0003931852786565454,0.21007901766307363,9.98061506359551e-08,0.0011622806001879461,0.6490280310271638,2.9833632701993573e-06,7.214120228489487e-07,0.00016528461865729913
43,2.0377527037751665e-05,0.0008038923647666642,1.6180548782994747e-09,8.156498970836736e-06,1.0634795422058011e-07,1.3028700871041216e-05,9.558883226900028e-05,0.0043187442136244465,5.672995687172493e-06,1.716067558082112e-06,0.0005422720600089787,3.286968899977302e-05,2.5492598899260333e-05,5.036071876233007e-07,0.0002569013963369564,3.312543227701954e-05,9.594827977355608e-05,4.276954376433352e-07,0.03426937630549183,6.805456288834129e-10,1.9227324643484523e-06,0.9594726145199413,1.2838845531655382e-09,7.065304026524601e-10,1.2578454270038508e-06
44,3.57986401972769e-05,0.001112196471011791,2.069435155697477e-09,9.381370484330288e-06,1.3317626844458151e-07,7.38765043405081e-06,0.0001434549459417002,0.0042215480825711135,4.764507691942031e-06,8.858291635277681e-07,0.0008898927272129006,8.025162721483371e-05,3.753914732214049e-05,6.624809482440052e-07,0.00022164533482641702,3.4772685826551486e-05,0.0001650803581088507,5.494050015147728e-07,0.030408521324900573,6.114574464964078e-10,2.4172408904314686e-06,0.9626214672597079,1.4022415200696265e-09,1.0120505550994814e-09,1.6446390910011525e-06
45,3.7747499136295626e-05,0.0012681507404797285,2.39444650964424e-09,8.728120245707934e-06,1.330248420347392e-07,6.48556235556249e-06,0.0001305295000473734,0.004181119770374913,4.520285782411114e-06,9.483218061882602e-07,0.0009263229664613851,8.129249387365633e-05,3.820161998475064e-05,8.193635733536045e-07,0.00019073763570435712,3.305382451681854e-05,0.0001904763765140546,5.887983030894734e-07,0.02840465843883428,6.14453253342418e-10,2.884863320624381e-06,0.9644908203703381,1.4930973007919106e-09,1.066371226046245e-09,1.7748551370163434e-06
46,3.854866088221155e-05,0.0011720920862205116,1.2180000857621169e-09,7.285503918969487e-06,7.400691802764177e-08,4.5902982486537285e-06,8.159169488646391e-05,0.003000446574320623,9.961045398594207e-07,3.2600797843480273e-07,0.000741983406802383,0.0001162081784464093,2.5236772393635762e-05,1.935747565402065e-07,0.0001745560951333962,4.123401679421244e-05,0.00043790957918150045,1.8421921725080652e-07,0.0170686155379545,2.42318488835794e-10,1.103987878019442e-06,0.9770855847985039,7.693103179964133e-10,5.821769549432515e-10,1.2360832185536525e-06
47,2.5075270707052064e-05,0.0009244614161279149,7.273816511395258e-10,2.6575252972073547e-06,2.770570538006695e-08,2.294344549508628e-06,6.201680889828841e-05,0.0018766533122266554,1.558997345161353e-06,2.664424343958432e-07,0.0003445075950083371,7.502880345595906e-05,2.6956356993905734e-05,1.6574594894090863e-07,9.21490823936508e-05,2.396886350184029e-05,8.909713376885139e-05,1.0889328968572995e-07,0.010349742115453902,1.8133128706355987e-10,4.68306372521952e-07,0.9861019602622626,2.0968709303045252e-10,3.889821555383229e-10,8.335108759265973e-07
48,2.7387893031882235e-05,0.0014827363229859395,1.5235887316311311e-09,9.842752456875449e-06,8.842526660976906e-08,5.817888905647526e-06,0.00010937011309456832,0.003968894633289074,2.866549927821978e-06,8.964235392393739e-07,0.0006144565424588983,6.736253462529885e-05,3.042144527482965e-05,5.108939557675971e-07,0.00019318437351611056,3.579200173362849e-05,0.00021719780736815877,4.0735609098590434e-07,0.031936961377369705,4.2006685243647777e-10,1.930201974060333e-06,0.9612925893324115,1.1591057083848207e-09,6.784099241663895e-10,1.2813495521522147e-06
49,4.218554264224625e-05,0.0008863839023106576,2.212142754831408e-09,7.73097796615154e-06,1.2029099607431471e-07,8.68308557349466e-06,0.00013546718071708296,0.004712651726462956,4.479528126408369e-06,7.335966853311869e-07,0.0009053867615280185,9.323442577224485e-05,3.5826837763947284e-05,5.615704474429519e-07,0.00015760759391442947,2.94990738298618e-05,0.00014184842597447304,5.154074069946695e-07,0.018831368621425235,5.707416121658409e-10,1.8871744739171016e-06,0.9740024075290022,1.1839154352696714e-09,8.470833937750924e-10,1.4159330975656441e-06
50,0.00013936392388745242,0.0012465546192057966,3.802273313768663e-09,2.0602469397082957e-05,3.6103641283806776e-07,1.2102918245770575e-05,0.00016353920018040633,0.004488608522235799,5.52262082239323e-06,6.154998927420573e-07,0.002757631797303701,0.00016321865065060706,5.039956525022386e-05,7.186931377390386e-07,0.0003490847446309641,4.732569889602357e-05,0.00044848886819052385,1.353716050782001e-06,0.030559410863899256,8.620614082792235e-10,3.642787727999876e-06,0.9595388267663506,4.928090799374589e-09,3.1798892818994755e-09,2.614265316514136e-06
51,2.517950347021335e-05,0.001482883786149083,1.4104249752469046e-09,9.627955219445693e-06,9.039429399989246e-08,4.725112225408486e-06,8.219152098973388e-05,0.003997719043515965,3.4381008668743736e-06,8.787295039330905e-07,0.0006675585409514439,6.567114175593879e-05,3.0316273932920752e-05,6.412692081558151e-07,0.00019224021051863233,2.3810889221884986e-05,0.00012386292323409229,3.70304163791577e-07,0.023627762774376386,4.3539125539986235e-10,1.417293310513589e-06,0.9696584513380027,7.893114691981845e-10,5.762858115081383e-10,1.1596836751799251e-06
52,3.388492268065295e-05,0.0010011230645602276,1.8775255023460245e-09,1.0193522354432528e-05,1.1424967118178283e-07,7.706078666351367e-06,0.00012110340979760072,0.004422339349855888,4.859773963971318e-06,1.0924492273008304e-06,0.000773268227153584,6.348868713548077e-05,3.658640400843867e-05,6.194266866915108e-07,0.00023449395477326512,3.634993599149727e-05,0.0001350654897399702,6.360132291291205e-07,0.03455123782996086,6.389501060819216e-10,2.0888214738871434e-06,0.9585623304998393,1.3385657818901107e-09,9.125931388525898e-10,1.4131215956229355e-06
53,4.148797879373399e-05,0.0008466478415702604,2.2542907217655914e-09,8.654374050646716e-06,1.6244732209277277e-07,1.3068786365605745e-05,0.0005009961094131457,0.0059909211619957724,8.122204218851839e-06,5.585833737553437e-07,0.0012340969621410602,0.00019237552641339017,4.1982289123853065e-05,7.453717804193872e-07,0.0003063988288091803,5.574861983023345e-05,0.00017766360552438828,6.951774659365965e-07,0.031840628379621844,8.199834920746137e-10,2.9720311115282398e-06,0.958733241798061,2.2606768165623693e-09,1.2802861551106735e-09,2.825307776254857e-06
54,1.3913851497987846e-05,0.0015722657805266336,1.396551241374472e-09,4.528950226541894e-06,6.974178856513403e-08,3.5759248874823206e-06,7.776601128515409e-05,0.003076427997435905,5.1972934204336085e-06,9.677474653157082e-07,0.00040616854275939086,0.00012487601810856706,1.8030024518303663e-05,9.768516114773687e-07,0.00033292832408356925,4.9757827384898e-05,0.00010823809855875664,1.4541892055293118e-07,0.015676171125594926,4.758490267313089e-10,8.021711680610999e-07,0.9785228161981279,5.725679002537892e-10,7.495997644813772e-10,4.372906061811479e-06
55,7.704841583781961e-05,0.0009806059397001155,3.0841711106928865e-09,1.771873211055038e-05,3.3476299613198153e-07,1.5180990109504611e-05,0.0007035940927732064,0.004462372507067936,1.594915725447163e-05,4.952974388875221e-07,0.001630229366704358,0.0004091405970099475,7.88857856951069e-05,7.30785158798335e-07,0.0002759126696993039,6.364533662155277e-05,0.00016616638180479436,1.1125463333586532e-06,0.03939560096495452,9.38946410219018e-10,3.01330621068486e-06,0.9516991042378761,3.0676832991550393e-09,4.216336101604428e-09,3.1468195060200653e-06
56,3.613549653933867e-05,0.0010980710219322667,2.063448549927883e-09,9.101038221567917e-06,1.284973863430628e-07,7.078362068391458e-06,0.0001435113423561402,0.004060910522324294,4.700466055544271e-06,8.469870504525722e-07,0.000880115279425063,8.09346188605457e-05,3.967007327279858e-05,6.471128787781439e-07,0.0002100342749107861,3.35374591668565e-05,0.00015888302305089557,5.411038907503832e-07,0.02949956964556252,6.192954139794016e-10,2.382997112419466e-06,0.9637316156167186,1.3447428812015808e-09,1.0374065376319028e-09,1.5799963219133567e-06
57,2.6354105617952937e-05,0.0012526302711777706,1.7399745253955178e-09,7.578597871284512e-06,8.820932424486745e-08,4.8675620404969264e-06,0.00015425168873765396,0.0035893114118687236,3.327639100260615e-06,7.616206958996164e-07,0.0007138169436553884,7.686106787090903e-05,4.671151458529915e-05,4.807780966583652e-07,0.00018199263173749458,4.39241167382156e-05,0.00016790982732854041,4.50384213634268e-07,0.04706818628297954,5.243962721767849e-10,2.9509715731480286e-06,0.9466561373111512,9.405797865201266e-10,1.0123325174560034e-09,1.4028463527102991e-06
58,4.0301195388493016e-05,0.001176250580677254,2.4876198286749117e-09,1.1022736564319047e-05,1.7701958582800005e-07,7.912803741035827e-06,0.00017247948626555952,0.0036307650706760325,6.063041488615542e-06,9.238699629170188e-07,0.0009581188997841262,8.904236998531805e-05,5.0029718816413644e-05,7.106999527808798e-07,0.0002357389780307242,3.850141141434085e-05,0.00017149895258988346,6.22680183096842e-07,0.03522153276997725,8.016892800185308e-10,3.023327009472214e-06,0.9581833901684805,1.7978656149046783e-09,1.727614809524618e-09,1.8874046366088638e-06
59,4.118614552201143e-05,0.0012574940705363253,2.919211604565854e-09,1.0587664369657174e-05,1.8076011595657837e-07,7.896241613388409e-06,0.00016322529019752177,0.0040955047616344975,5.964917164036098e-06,1.0828793325013482e-06,0.0009484509642369534,8.75440720070735e-05,4.738614612450343e-05,8.298441932644497e-07,0.00022236130658074435,4.164213066502138e-05,0.00019184499528048573,6.690459888480886e-07,0.03345276888140507,8.391909475349633e-10,3.387299180248436e-06,0.9594179108053185,1.8886691406907952e-09,1.6831221482736622e-09,2.074448339664541e-06
60,3.57986401972769e-05,0.001112196471011791,2.069435155697477e-09,9.381370484330288e-06,1.3317626844458151e-07,7.38765043405081e-06,0.0001434549459417002,0.0042215480825711135,4.764507691942031e-06,8.858291635277681e-07,0.0008898927272129006,8.025162721483371e-05,3.753914732214049e-05,6.624809482440052e-07,0.00022164533482641702,3.4772685826551486e-05,0.0001650803581088507,5.494050015147728e-07,0.030408521324900573,6.114574464964078e-10,2.4172408904314686e-06,0.9626214672597079,1.4022415200696265e-09,1.0120505550994814e-09,1.6446390910011525e-06
61,4.5152819661249475e-05,0.0011974750063537026,3.124379814555196e-09,1.0858982358213203e-05,1.8654802556445288e-07,8.412482626468277e-06,0.0001708057225305298,0.004208464862211978,6.520528162476937e-06,1.1095703678940133e-06,0.0009806856424895952,8.623589108890037e-05,5.011040157599486e-05,8.444572902480264e-07,0.0002123490777906332,3.980036811317179e-05,0.0001812849377632673,7.397252525332725e-07,0.03366692769540111,8.587855017764458e-10,3.533286257976502e-06,0.9591265042517428,1.983009025067467e-09,1.7600939221038333e-09,1.9900166672068946e-06
62,3.57986401972769e-05,0.001112196471011791,2.069435155697477e-09,9.381370484330288e-06,1.3317626844458151e-07,7.38765043405081e-06,0.0001434549459417002,0.0042215480825711135,4.764507691942031e-06,8.858291635277681e-07,0.0008898927272129006,8.025162721483371e-05,3.753914732214049e-05,6.624809482440052e-07,0.00022164533482641702,3.4772685826551486e-05,0.0001650803581088507,5.494050015147728e-07,0.030408521324900573,6.114574464964078e-10,2.4172408904314686e-06,0.9626214672597079,1.4022415200696265e-09,1.0120505550994814e-09,1.6446390910011525e-06
63,3.1913190570240745e-05,0.0012497014115727208,1.8308322142661128e-09,8.965313861323788e-06,1.1394957985740867e-07,6.275249261709932e-06,0.00012062499332226715,0.003908157770212566,4.156608807598223e-06,8.763702246250873e-07,0.0007804727718712688,7.361754997985243e-05,3.533577171910389e-05,6.276930456741209e-07,0.00020738933680736243,3.211455156539896e-05,0.00016092227873084413,4.669166113187767e-07,0.029003231806234785,5.403841210463002e-10,2.1328221677547226e-06,0.9643713958839537,1.1986361264685458e-09,8.944189551386336e-10,1.5032956288070705e-06
64,4.2672247948805206e-05,0.0013014844273454083,3.145431521038733e-09,9.49997607178449e-06,1.67636062514863e-07,7.088544050185154e-06,0.0001806937912984299,0.004628267490601494,4.971562728828096e-06,1.002680502865848e-06,0.0010838975770031528,8.818816710600663e-05,5.000565881807801e-05,9.014383011248815e-07,0.0001954498787801002,4.0128485074769095e-05,0.0002230129719368329,7.563424218952227e-07,0.03585091282937993,8.054196397422584e-10,4.5309803307899555e-06,0.9562844506721281,1.8502564793515558e-09,1.42470285840637e-09,1.9094162985180766e-06
65,5.4072576422097974e-05,0.000867058488352966,1.8550365901360306e-09,1.743165403489561e-05,1.9864827723963067e-07,1.7915882440844067e-05,0.0002607488303099463,0.005124583666802733,4.480203859120536e-06,7.427293980835907e-07,0.0014581930818828841,9.781866904425923e-05,3.83449219481635e-05,3.5408503811378137e-07,0.00039820246231133045,5.091202924363683e-05,0.00026695361799647783,8.776854978969324e-07,0.06037546098831455,5.882499386724953e-10,2.955393796204492e-06,0.930961140555101,2.8919659004415844e-09,1.1872911111322859e-09,1.5473073840978856e-06
66,5.2052753410528926e-05,0.0009054159664601745,4.034897726508604e-09,7.404293302297621e-06,1.2166057666809222e-07,5.002190014636575e-06,0.00018809872140968854,0.006894857696021425,4.18185060066206e-06,9.34621274237043e-07,0.0010054288854403942,8.378453421120883e-05,8.1447798862052e-05,7.308473653617168e-07,0.00012300878147593903,4.101710860294713e-05,0.00012377920517875246,8.849392604513422e-07,0.02276553919930781,1.1045608205901498e-09,3.0905383995522057e-06,0.9677121112591234,7.429165406482815e-10,9.143170794389804e-10,1.1003530098183526e-06
67,8.374106800693468e-05,0.001884157959669981,9.93685226531463e-09,2.2403093591978703e-05,3.235555400313727e-07,1.4138071074293756e-05,0.0002685826486093452,0.008048324689927841,7.355605294875671e-06,2.5956225229331804e-06,0.0016568756416941047,0.00010954524020961943,8.434914565333133e-05,1.9286280995072216e-06,0.00027470736297387856,8.621620299229344e-05,0.0005587437763096868,2.4075264814208264e-06,0.05630901852315542,2.2489191698569548e-09,1.1659809797947426e-05,0.930569640881296,7.616933282532702e-09,3.624652467821428e-09,3.2615197416593478e-06
68,4.741602083415278e-05,0.0013630244350654982,4.426739779219961e-09,1.4340773117710188e-05,2.622070187008633e-07,1.196837526552161e-05,0.0002145001314058146,0.004693760730070821,1.1618356207333628e-05,1.5541122978313521e-06,0.0010909758036342138,0.00012983018161744485,4.986654844070777e-05,1.5523527139689763e-06,0.0002909150976224537,4.3696510020586693e-05,0.00018522642617173465,8.306541672205109e-07,0.027914153793591714,1.1971991036403818e-09,3.2995111239982107e-06,0.9639278500319656,2.9688828405165656e-09,2.28727106218036e-09,3.3470675542795534e-06
69,4.6785785290240624e-05,0.0012154278842611216,5.319217177950567e-09,1.1150750095952082e-05,1.8249470575196764e-07,1.0122497107881098e-05,0.0002551599999735509,0.008382185481882283,7.442214608166557e-06,1.7455697184641795e-06,0.0011289734395485834,0.00010528663805001646,5.8001702002572516e-05,1.6312397671783816e-06,0.0001936529092815986,6.246228038493895e-05,0.00023089728754631094,1.5786156688738554e-06,0.041454672440072005,1.488135703661034e-09,7.1704359274353575e-06,0.9468229094244742,3.0962711737777266e-09,1.809969502506168e-09,2.5491960393937088e-06
70,4.550212086350336e-05,0.0011652851971162208,2.695189101032749e-09,1.8936351570920027e-05,3.2426931633726505e-07,1.2699623440336236e-05,0.00022490202326832287,0.004664318998560133,9.74553264715455e-06,9.139379244960448e-07,0.0013451813570722441,0.00011006624096790722,4.3077929101667944e-05,9.610280792143477e-07,0.00035773991013103183,2.626364319958868e-05,0.00015571755643705435,6.31363488419565e-07,0.028175375164330888,8.447377438061462e-10,2.4497340670304077e-06,0.9636378522987498,2.4563720660026805e-09,1.4730487266220288e-09,2.0482503203199855e-06
71,3.492918068723496e-05,0.0011985009805932773,2.3593956417975846e-09,9.601122609667704e-06,1.5504571994681802e-07,7.481896579551807e-06,0.00016155576629519168,0.00456502385335739,5.593342764013637e-06,9.994958337884176e-07,0.000916317734354123,8.418180399634477e-05,4.0125040442557356e-05,8.305706444372893e-07,0.0002143386457277181,3.703989940972539e-05,0.0001695520920255903,6.361492920222129e-07,0.03131547188366845,7.335151599205514e-10,2.9273761596383847e-06,0.9612329181909433,1.5737860287675756e-09,1.1572067272607266e-09,1.814104992641775e-06
