,0,1,2,3,4,5,6,7,8,9,10,11,12,13,14,15,16,17,18,19,20,21,22,23,24
0,0.007771824200556393,0.04022147756298775,4.62247940286258e-06,0.00207287004051419,0.0003556594624048906,0.00011332981579372863,0.03315755503720599,0.032751141638045905,0.0011004995878788172,3.0988628824662224e-05,0.15357850650209826,0.009274516406124927,0.0019140730845273973,0.0015883435493506874,0.0020851604200030093,0.0004984630420875785,0.023314564356586014,0.001520666072179886,0.2837820097630755,1.6356733853925694e-07,0.004625400786128281,0.39989042090687194,1.2897706906454655e-05,2.8891568817200407e-06,0.0003319562262244606
1,0.004337449078205604,0.02410375502496393,4.4231213025781386e-06,0.001334670655366002,0.00018634779207432058,0.00018808646603205912,0.02615632651911956,0.031219272343050882,0.0029954605506592315,8.269758025237834e-05,0.08540693713281089,0.0037937075695569458,0.001739170988020897,0.002165722388222624,0.002335084192821146,0.00048467665779595466,0.006310752885743439,0.0018000381289924826,0.3902176744807627,2.4991230035724125e-07,0.0037553685801645833,0.41102700433871636,1.1544000729425951e-05,2.6806951046675293e-06,0.00034089891723109063
2,0.004108392503573895,0.03006245961682464,3.6310488039989396e-06,0.0011150923855132693,0.00026646220176049045,0.0001338896950116325,0.019175140544390297,0.03252718942627668,0.0027387048360790743,6.10987603328217e-05,0.1293029785824063,0.005230216600014683,0.0012754060559769373,0.0036590710063052058,0.0031918408843657456,0.00029771276376291245,0.006989423215541857,0.0011653430074745198,0.22138437878952424,2.3589323122798567e-07,0.003082975095004968,0.5337186134227044,9.374064628179643e-06,2.076095867142195e-06,0.0004982935046248661
3,0.0054122809877302485,0.02927384805732826,3.488796997392027e-06,0.0012790776422287793,0.00021742100688245295,0.00014877406778055353,0.02240899909782803,0.029274341207879945,0.0020202269508808103,4.887967395197789e-05,0.12476120664949789,0.004896471511197479,0.001527314107652365,0.0021385983543955865,0.0023200407986743,0.00030513491494028075,0.00868411406187127,0.0013653149308097343,0.27090440948724315,1.722416552014511e-07,0.0033191049727256724,0.4893470420852258,1.0191012507213226e-05,2.0310509236753892e-06,0.0003315163311920226
4,0.005148949015845065,0.03053852644727829,3.607112643203443e-06,0.0012127334077503508,0.00022561252081798708,0.00011900192429965222,0.02300599572190052,0.028053900362459524,0.0020987773311837475,4.788986863662745e-05,0.12101589458445575,0.004792479525259545,0.0018025719889080449,0.0025050119673319703,0.0019462811306479484,0.00026612050772099877,0.007746819199172974,0.0014341187532320953,0.2634481639131009,1.907844716101358e-07,0.003753426598441548,0.5005109591014981,9.209160744504626e-06,2.1725607038651836e-06,0.0003115865114952839
5,0.006316680695187987,0.030813194757723657,4.682171754679546e-06,0.0020572659869020583,0.0002912036953229796,0.00017807116020110775,0.024454906255742172,0.032905776435774296,0.002390876318820883,6.972248837334869e-05,0.1298060535463919,0.004374106112812861,0.0019230630163251162,0.0027259114168238672,0.002013749210236583,0.0003258845436160809,0.009640931213850287,0.0026872333254894273,0.3247049870547969,2.5547059153359886e-07,0.004571021821022203,0.41744808527404775,1.6873636837030083e-05,2.828746926374155e-06,0.0002766356444290136
6,0.0054122809877302485,0.02927384805732826,3.488796997392027e-06,0.0012790776422287793,0.00021742100688245295,0.00014877406778055353,0.02240899909782803,0.029274341207879945,0.0020202269508808103,4.887967395197789e-05,0.12476120664949789,0.004896471511197479,0.001527314107652365,0.0021385983543955865,0.0023200407986743,0.00030513491494028075,0.00868411406187127,0.0013653149308097343,0.27090440948724315,1.722416552014511e-07,0.0033191049727256724,0.4893470420852258,1.0191012507213226e-05,2.0310509236753892e-06,0.0003315163311920226
7,0.009261763957992417,0.018593431830531804,2.555185123128327e-06,0.0007421111084412222,0.00010259893708873066,7.669844339968183e-05,0.020563244812929538,0.024016405662722215,0.0008365468983739749,2.000036581874779e-05,0.14029934569777655,0.0030133925035009082,0.0029593110541440465,0.0007150896853691103,0.0012077872215382134,0.0001319031650401726,0.004347346621617047,0.0010905302644387568,0.22332866261334403,9.800445021652401e-08,0.002268866399031937,0.5463211001595167,2.844315738528035e-06,8.388263905796425e-07,9.752626568180235e-05
8,0.011951962771998184,0.06716934630028856,1.6854121085240008e-05,0.003231624444274768,0.00046740974858795823,0.00024627968386242406,0.014998926238367434,0.028402980347785493,0.004620675838180732,0.0001784460003645262,0.1317384681753953,0.00896724231016136,0.002227779269774553,0.006114986633532302,0.004431268356478126,0.0008020141443432855,0.023375085575949053,0.0017287218840424954,0.1925403970701329,5.036455063717374e-07,0.00369227798121177,0.4917795338204275,3.858749964076278e-05,1.2058543668203368e-05,0.001266569594940746
9,0.005138970005343713,0.07822265530753947,1.5207647784342799e-05,0.002961954388618015,0.0003252577257450457,0.00019611965027766686,0.01372876372567573,0.03593521387978266,0.005106938162524938,0.0003372034233828267,0.08533785926785134,0.006094438323936489,0.0020770456479653173,0.00932718694750116,0.0038013179920605095,0.0010660898033341578,0.017071816342343508,0.002130800777025745,0.2843174760174955,7.317694676400603e-07,0.004560046162880764,0.44100095840124404,3.2058951034251124e-05,1.0315615661431587e-05,0.001203574063523597
10,0.0054122809877302485,0.02927384805732826,3.488796997392027e-06,0.0012790776422287793,0.00021742100688245295,0.00014877406778055353,0.02240899909782803,0.029274341207879945,0.0020202269508808103,4.887967395197789e-05,0.12476120664949789,0.004896471511197479,0.001527314107652365,0.0021385983543955865,0.0023200407986743,0.00030513491494028075,0.00868411406187127,0.0013653149308097343,0.27090440948724315,1.722416552014511e-07,0.0033191049727256724,0.4893470420852258,1.0191012507213226e-05,2.0310509236753892e-06,0.0003315163311920226
11,0.005593240473209096,0.028152970844505378,3.406329669777664e-06,0.0012449663870479168,0.00021553178434259484,0.0001300363730835228,0.023294414784020463,0.027570953050568503,0.0019383449175362209,4.318425366735804e-05,0.12238762899767967,0.004963006639967093,0.0017570238729024132,0.002000180970341354,0.002118923960461668,0.0002896426167934505,0.008098995724287277,0.0013459756730399121,0.2674492891787506,1.7653370959238738e-07,0.003350902764665525,0.4977355544513406,9.246262376399782e-06,2.168478614383973e-06,0.0003042346774192836
12,0.005281318972102912,0.028954830717846082,3.3069710360520263e-06,0.0012822623177243977,0.00019890568001098915,0.00014530781353552064,0.022300371741275145,0.029319528161722456,0.0019455910799397503,4.793118839492973e-05,0.11927897825657753,0.004768258082334153,0.0015272210758797697,0.002002772841558893,0.0023126623864194937,0.00030806207072048633,0.008325246110641301,0.0013387520567802592,0.2809144553902607,1.6393745599485447e-07,0.003173121405802663,0.4862449962226878,9.665389934665718e-06,1.9232908802096007e-06,0.00031436683847778596
13,0.004644075233234331,0.024904284834964645,2.3485784928009393e-06,0.0007170870500447212,0.00019583422902873346,7.602806661724367e-05,0.017086771005938032,0.029364680677915287,0.0014093853488578066,2.4713388559896063e-05,0.16635707445706896,0.005922978986650147,0.0012065627325193932,0.002286785001001895,0.00211583270662434,0.00017619230766656403,0.0064883783289555776,0.0008322846313319729,0.17244768676693997,1.186286078398482e-07,0.0026494705696525817,0.5607488922081252,4.824172791150324e-06,1.1909071174984533e-06,0.0003365191812934807
14,0.0045868188312280745,0.04364505122915268,2.875126095686649e-06,0.0014480928760173374,0.0003406981845229341,8.481656634926002e-05,0.01850399586897568,0.02056483934311518,0.001324076263271964,4.240567371922479e-05,0.14948655732800498,0.003275061732934734,0.00187157672747344,0.0021019432151745993,0.0012471270427346422,0.0001536262228843325,0.009099505859528375,0.0016508941272904449,0.3264603886108001,1.4061515389418496e-07,0.0053521800168262685,0.40856824354807353,8.235256549692568e-06,1.913613119914778e-06,0.00017893612100294105
15,0.0054122809877302485,0.02927384805732826,3.488796997392027e-06,0.0012790776422287793,0.00021742100688245295,0.00014877406778055353,0.02240899909782803,0.029274341207879945,0.0020202269508808103,4.887967395197789e-05,0.12476120664949789,0.004896471511197479,0.001527314107652365,0.0021385983543955865,0.0023200407986743,0.00030513491494028075,0.00868411406187127,0.0013653149308097343,0.27090440948724315,1.722416552014511e-07,0.0033191049727256724,0.4893470420852258,1.0191012507213226e-05,2.0310509236753892e-06,0.0003315163311920226
16,0.004144001387087739,0.02444802886563844,1.6733769661978133e-06,0.0006889120123947586,0.00013543015885311173,7.16338579310452e-05,0.01584038545772126,0.028086826373379316,0.0011790233904001243,2.3430778500673764e-05,0.12494152802511305,0.006072005245398868,0.0009884928495062497,0.0018798478072085678,0.002226399714204845,0.0001846149271843452,0.005950453839210149,0.0007346338138007264,0.18766921800978204,8.125647384921401e-08,0.001982974311959614,0.5924491926612127,3.803458076392116e-06,8.106351504466678e-07,0.00029659778684569256
17,0.007846589402794488,0.02781653233544142,4.230134826021721e-06,0.0008877977370862007,0.0004390042002269005,8.560074468012532e-05,0.035580329008274236,0.024848541114508457,0.0020279248890130346,2.1220506913210196e-05,0.20075896418850628,0.007837739185933758,0.00214214116976486,0.0031991378146736388,0.0009244420136635123,0.00015073788994886215,0.010692771388661457,0.001737071359640432,0.16086841376229566,1.646022469081043e-07,0.006740333694615943,0.505074317887072,1.0348005349434146e-05,2.834322980381461e-06,0.0003028126408828261
18,0.004269264045655559,0.035520524628843864,5.604080891718781e-06,0.0006464972975292023,0.0002150579376828397,0.00012003185061029474,0.028007298074491954,0.0263581555666263,0.002339040346095116,5.3414686725497194e-05,0.12294205172935295,0.010124642228195233,0.0011855586248914868,0.004579802432955857,0.002923327714497498,0.0006338403440131839,0.01603011934818963,0.0010783108459137092,0.24944872225340392,2.2670781400274143e-07,0.005659922895548031,0.4865921614325175,1.4213436406994397e-05,3.681772181684886e-06,0.0012485297189660854
19,0.0035759216482813064,0.03752463772527467,2.794353167841202e-06,0.0023077311291017314,0.00028767795732175086,0.00022393063718862777,0.021326569230915828,0.024995525930476395,0.003345793067157434,7.846969621811617e-05,0.07619931738238656,0.004985333829203373,0.001425881923396489,0.0021216102802667485,0.0031315940704329083,0.0003212108406470929,0.0064928944546914225,0.0009566697212879501,0.263908393877984,1.9460139576607924e-07,0.0017484172643291364,0.5446956682778618,9.813469556210594e-06,2.269084470453432e-06,0.00033167954698650864
20,0.0028270522874979317,0.0220484963465082,1.314428867303767e-06,0.00069071534046103,0.0001094524458219646,7.912597724963146e-05,0.011856850027157488,0.02350614271380208,0.001352941208244972,3.156761997347862e-05,0.08898213460232614,0.0024845853970746805,0.0011481558287545393,0.001568236552110679,0.0018552483125592767,0.0001200207302788665,0.003484013602494147,0.0006228269942428326,0.19416658356463343,1.0279696221055419e-07,0.001693273431044569,0.6411996805879825,3.1930364874306384e-06,7.08048432998879e-07,0.0001675781190315308
21,0.013681842715443076,0.041932468671559385,1.4057887536399754e-05,0.00164385382514005,0.0003380311466720778,8.709578947471548e-05,0.034308031097501586,0.045332924808488155,0.0022463694909476547,5.851687306853031e-05,0.1813135763393034,0.013679659490247324,0.0035284911314269864,0.00555407885730887,0.0013795008169928864,0.0006568053134919956,0.018987976974378356,0.004037777069521086,0.2180441583704498,3.844336910077988e-07,0.008552464719169645,0.40401982720490637,1.7921295781057978e-05,6.281790034219111e-06,0.0005779038874652379
22,0.007782448394483632,0.0288562713491303,5.4652472994672e-06,0.0012213138111360786,0.0001786670330391575,0.0001496288789710191,0.014888218681789784,0.04415890610055244,0.0009591764354227982,6.750656161725295e-05,0.15170089906639384,0.003199541795150645,0.0015582717693197411,0.002235714272974836,0.0012650031927476507,0.00027864934790309843,0.016779742520424717,0.002646173702609888,0.25723709902893493,1.869419498471545e-07,0.005809852436282711,0.4588135611299708,1.3230079786238096e-05,1.332180398411767e-06,0.00019314004171045522
23,0.0054122809877302485,0.02927384805732826,3.488796997392027e-06,0.0012790776422287793,0.00021742100688245295,0.00014877406778055353,0.02240899909782803,0.029274341207879945,0.0020202269508808103,4.887967395197789e-05,0.12476120664949789,0.004896471511197479,0.001527314107652365,0.0021385983543955865,0.0023200407986743,0.00030513491494028075,0.00868411406187127,0.0013653149308097343,0.27090440948724315,1.722416552014511e-07,0.0033191049727256724,0.4893470420852258,1.0191012507213226e-05,2.0310509236753892e-06,0.0003315163311920226
24,0.003122455485451282,0.041868397668605235,2.2272008409823555e-06,0.002162369698742247,0.0001868230609063114,0.00010832299568369651,0.017492174110959983,0.027228876033905138,0.0015585191449839341,6.0961535484704e-05,0.08075038373562117,0.0034082276741715456,0.001310565724673866,0.0021516674927418294,0.0020838001557500446,0.0002713196603215849,0.008492382394831724,0.001474491113842101,0.39083028044104695,1.4021505979625834e-07,0.0030289720749969383,0.412179940084892,1.0094514790627463e-05,1.5870997490262894e-06,0.0002150206819472861
25,0.006483946213059735,0.015212345960951095,3.2827322849483653e-06,0.0008840438622930018,0.00032351322646572914,8.334067833576732e-05,0.03406777888662936,0.06988502941351557,0.0010803264505310417,1.7178093800378266e-05,0.29873286141095934,0.007706953173629791,0.001557194043156368,0.0025114544048532683,0.0008353974332706769,0.0001632461928024083,0.00806612678489579,0.0029980743241423517,0.1520532954800042,1.8402304020563206e-07,0.005719318136295682,0.3914406306087456,7.131755896995846e-06,1.0656880152794515e-06,0.00016628102242544003
26,0.01686398262629728,0.04168410128689733,1.9570182349231947e-05,0.004130553259623993,0.0007847950864886562,0.0003984530587548636,0.03345663769796127,0.03059912838543187,0.00802257022658361,0.00016604476182989733,0.1622033366241452,0.00577361569148591,0.003427820125941321,0.005822423666257626,0.0020263682346193805,0.000559402972470974,0.017091402106393424,0.006730762703363301,0.2990275365058607,6.994938304679895e-07,0.008865214089589887,0.35168466159711004,7.96894865280957e-05,1.6934273019937937e-05,0.000564295857165632
27,0.003264519637854472,0.019972428078989874,1.45176956330884e-06,0.0009365201550643874,0.00013928867445754895,0.00016003232922349203,0.014257088070489308,0.02157886946372409,0.0026649993089914855,4.007342301709659e-05,0.07980336565021359,0.0033351463238787842,0.0010239250884319265,0.0013029886406673065,0.002838985293972183,0.00018897286204033208,0.003039942117426237,0.0006179177054251408,0.21893733328183124,1.1404361290228043e-07,0.0011718387233623073,0.6244604147478743,4.800280172692358e-06,1.2625481665567937e-06,0.0002577217815494747
28,0.0054122809877302485,0.02927384805732826,3.488796997392027e-06,0.0012790776422287793,0.00021742100688245295,0.00014877406778055353,0.02240899909782803,0.029274341207879945,0.0020202269508808103,4.887967395197789e-05,0.12476120664949789,0.004896471511197479,0.001527314107652365,0.0021385983543955865,0.0023200407986743,0.00030513491494028075,0.00868411406187127,0.0013653149308097343,0.27090440948724315,1.722416552014511e-07,0.0033191049727256724,0.4893470420852258,1.0191012507213226e-05,2.0310509236753892e-06,0.0003315163311920226
29,0.0054122809877302485,0.02927384805732826,3.488796997392027e-06,0.0012790776422287793,0.00021742100688245295,0.00014877406778055353,0.02240899909782803,0.029274341207879945,0.0020202269508808103,4.887967395197789e-05,0.12476120664949789,0.004896471511197479,0.001527314107652365,0.0021385983543955865,0.0023200407986743,0.00030513491494028075,0.00868411406187127,0.0013653149308097343,0.27090440948724315,1.722416552014511e-07,0.0033191049727256724,0.4893470420852258,1.0191012507213226e-05,2.0310509236753892e-06,0.0003315163311920226
30,0.0054122809877302485,0.02927384805732826,3.488796997392027e-06,0.0012790776422287793,0.00021742100688245295,0.00014877406778055353,0.02240899909782803,0.029274341207879945,0.0020202269508808103,4.887967395197789e-05,0.12476120664949789,0.004896471511197479,0.001527314107652365,0.0021385983543955865,0.0023200407986743,0.00030513491494028075,0.00868411406187127,0.0013653149308097343,0.27090440948724315,1.722416552014511e-07,0.0033191049727256724,0.4893470420852258,1.0191012507213226e-05,2.0310509236753892e-06,0.0003315163311920226
31,0.008676818762142805,0.034165201827047444,6.658648703472154e-06,0.0011881769305201715,0.00013739166197735897,0.00011699739132829967,0.021112983324771118,0.06309453116111852,0.0012824946471650994,6.351422442031664e-05,0.12440606355768598,0.005382702331690175,0.0017844002108694166,0.0024434106381318256,0.0013975353546919601,0.0005114440421496018,0.013891415816388922,0.0024040900527449536,0.25050554795707825,1.9247607044082795e-07,0.0048893660946175204,0.46223089263630796,1.0753258868103418e-05,1.7483825744797905e-06,0.00029566861093562123
32,0.004576151865219285,0.02650776764507268,2.8949821663929468e-06,0.0012563049130965452,0.00019177365624387555,0.00014148540204730645,0.02156703275768193,0.026668330750994958,0.0018261851262960985,4.674993793924288e-05,0.11009970235145393,0.004066308115364127,0.0014414561761155193,0.0017752683148328009,0.0023969677970417332,0.000298522716421275,0.00783665892971635,0.001270632250727373,0.3221999066435469,1.5655117895347867e-07,0.003242061669155885,0.4622866067397584,9.511211081838092e-06,1.8508090326179915e-06,0.0002897126878137141
33,0.003341347719083847,0.045772421840392825,2.147727380787244e-05,0.0018812790042847661,0.0008182224047168801,0.002167669569199146,0.014904231552493978,0.01991040604411835,0.06511592253762102,0.0017195949612810212,0.07885020574108909,0.0015802403269187181,0.0006976978937997404,0.020577814942011375,0.023774263614010863,0.0005352459229727803,0.0041642565122001285,0.001391552875217725,0.29528609128926486,1.3543823380462992e-06,0.0035425333715181167,0.41007762561488786,9.815615205977052e-05,1.0109140662806343e-05,0.0037602793140483087
34,0.005396143347526498,0.02935657618631479,3.4909969359686285e-06,0.001279747132941721,0.0002174440295460043,0.0001489294502351027,0.02240171646545306,0.029300656797098423,0.00202151325164383,4.9029679558139674e-05,0.12459927676271187,0.004905712575377788,0.001525298516086372,0.002144793137458649,0.002321241359095686,0.0003059506269606813,0.00870468845500221,0.001363598828952166,0.2707098346049111,1.725348660125255e-07,0.0033181072053479286,0.4895813052612895,1.0202545968096172e-05,2.032531000756947e-06,0.0003325377177177763
35,0.007437526411724283,0.01844830834142399,2.5486543503055134e-06,0.0009937498670880326,9.625895760729317e-05,0.00015055066644744324,0.020391619037627866,0.03437969114211479,0.001562388881345927,3.7369919970563786e-05,0.09059954652437964,0.004499416301931457,0.0015850920088782575,0.0009558764561968295,0.0012936813350279683,0.00036386989392954774,0.006119653354397508,0.0018173385716530842,0.28744246903387494,1.0741946859318946e-07,0.002134773945752914,0.5195095951896433,6.4050376896748e-06,1.4287608002272702e-06,0.00017073428667552937
36,0.008179778282187989,0.021443520112989917,1.2341018133596437e-05,0.0012028136471004252,0.004505555729582881,0.00019592628614528555,0.0405710606114685,0.004591036598113348,0.0028552675279328826,1.9869236125492334e-05,0.5868987054268483,0.004027438573550121,0.002091668819274024,0.0023082989825287258,0.0024331766390201003,0.00010753880911854755,0.012303715418109746,0.0013152509295793597,0.17973605882008806,4.1368088979346714e-07,0.021935167622229534,0.10236796027209741,5.4128702547311777e-05,2.5148411629822022e-05,0.0008181598427088348
37,0.015239535691675571,0.03252139433663879,1.1045444548633651e-05,0.0014782175009190462,0.0004874396636188126,0.0001193410120128921,0.04560044593194936,0.02357660159686664,0.0032249360794935292,4.285298570878224e-05,0.18234088207698568,0.009494139990293802,0.0042373205838814815,0.0036543540739818964,0.0012082632525273725,0.0003603198746193486,0.013273846523775536,0.0033996523720723052,0.2292471204674947,3.314494691965484e-07,0.008559882684465132,0.4214586657734249,1.9170418385771945e-05,8.09014214962407e-06,0.0004361500730411871
38,0.005043202264821065,0.03815690004227721,3.5236634952412156e-06,0.0012032675679147602,0.00029022220650088467,0.00010877554902767836,0.016956049632636656,0.028675942911426968,0.0022351131822878787,4.714482631234248e-05,0.14987756227066318,0.005808355983053973,0.001350370982180251,0.003357105800486248,0.00214628876023932,0.00021731954139455803,0.00864609370700285,0.0011018504303658165,0.1897559186345641,1.6469089451613528e-07,0.003121568135823815,0.5414718607842048,8.79666539845831e-06,2.093564352194244e-06,0.000414508202675302
39,0.005462356743583463,0.02570854896019759,3.4133331705206333e-06,0.0011558311005371532,0.00019308488367850523,0.00015576783841245146,0.024309354535637883,0.03305809818584302,0.0017671915735527398,4.3914087842671735e-05,0.12416943353210097,0.005191883462909191,0.0014812198672813292,0.0018326475393855748,0.002138227945631117,0.00034063261786302734,0.00905728757743549,0.0013653275750468272,0.2702132696469584,1.638983281858983e-07,0.0034121788092287848,0.48861248446473204,9.737938803408908e-06,1.8546935973205276e-06,0.00031608918824246976
40,0.006509339603133735,0.02622232446387279,3.165008700853286e-06,0.0005579037609864346,0.00019002632156317695,0.0001072992753486384,0.016181321616548453,0.021396396778378724,0.001496701992971023,2.296013616396903e-05,0.14164068893051227,0.006825693305427676,0.001238570794902467,0.0018378270511331945,0.0021565497354131755,0.00015766670484561315,0.007095514577089652,0.000454755523352985,0.09362471919673321,1.0392129241807648e-07,0.0018161834620358832,0.6700655445002042,4.080287616930512e-06,1.1219229971946108e-06,0.00039354112877526705
41,0.00468745636503026,0.022517871350529777,1.9837149149653747e-06,0.006019342867762647,0.0007793866472849493,0.0007772084139889628,0.015657097888486033,0.022931846111153942,0.007332302830092112,8.77804110708254e-05,0.12449450984832741,0.004362282646033175,0.0006521921447724006,0.0011406979661151375,0.019510905629118475,0.0002622885674778608,0.003942115180385338,0.0006092939852016342,0.2905843563076651,1.6276084143615115e-07,0.0005211723371869495,0.47267973925966905,1.4842731589640418e-05,2.1786654684487844e-06,0.00043098536983332135
42,0.0023319422107017872,0.014877061289628898,7.419002380124318e-07,0.0005197803358918074,5.32149398504836e-05,9.055704808749787e-05,0.009758868665245035,0.02031993256557116,0.0007337552038295231,2.1204528779738138e-05,0.05541271469208956,0.002192792358258082,0.0008627113302870138,0.00043133466152826415,0.0016624328899972846,0.00018237545332407224,0.0035454394947870885,0.0003253687708122868,0.22093452748147843,5.3687287515619546e-08,0.0008547961404292046,0.6647730414361435,1.7542476536776787e-06,4.6037991686903215e-07,0.00011313828818322026
43,0.0032922257220104317,0.019887813946753184,2.8808475070399284e-06,0.0012179740700111953,0.00015965038378327293,0.0003122716740246672,0.014671683768251145,0.031136130170992454,0.0023841066771910576,0.00010824185770913776,0.07574472693958856,0.001740096626459081,0.0011087739729848589,0.0015185125649486105,0.0028309264508830185,0.00028927975055420416,0.005057310933525019,0.0011801009967956414,0.338598995532198,2.0224681048247221e-07,0.0027280155420069886,0.4958006262006968,1.0104081358090744e-05,1.3301703330269012e-06,0.00021801887262390998
44,0.0054122809877302485,0.02927384805732826,3.488796997392027e-06,0.0012790776422287793,0.00021742100688245295,0.00014877406778055353,0.02240899909782803,0.029274341207879945,0.0020202269508808103,4.887967395197789e-05,0.12476120664949789,0.004896471511197479,0.001527314107652365,0.0021385983543955865,0.0023200407986743,0.00030513491494028075,0.00868411406187127,0.0013653149308097343,0.27090440948724315,1.722416552014511e-07,0.0033191049727256724,0.4893470420852258,1.0191012507213226e-05,2.0310509236753892e-06,0.0003315163311920226
45,0.006012103519896792,0.03535054444395734,4.427283035078513e-06,0.0012031254048970887,0.00022137322875754724,0.00013445855299688803,0.020157661151050082,0.029803268747848704,0.001968195927547478,5.587300665554387e-05,0.13396981717961753,0.005174264179492998,0.0015928942378344892,0.0028263290753022994,0.001981672773927872,0.00030411891158630566,0.010698303233276547,0.001525557697818456,0.24740469201981702,1.82482150671241e-07,0.004111022360997837,0.4951083061392364,1.1453007549420651e-05,2.2788931218044855e-06,0.0003780765416280297
46,0.007733041729698655,0.03164740166433937,2.102046917137085e-06,0.0010862262076477799,0.00011464683450350785,8.967390572834521e-05,0.013639906413532637,0.024545297924262303,0.0003375346548344006,1.614886023648161e-05,0.11668891930885962,0.007573889810689253,0.001187569512703586,0.0005507610817991795,0.0018282396115999436,0.00036156872826112636,0.028357341708867483,0.0005042571092609989,0.17209157486773208,5.9146768135135384e-08,0.0016864113814286403,0.5897328637757221,5.403069062797828e-06,9.888200241386364e-07,0.00021817182552051018
47,0.005111586078647356,0.03258556882619356,1.3528667385894083e-06,0.0003785787419463865,4.4932847871952995e-05,4.320911078140347e-05,0.011474135106693584,0.0163032329347965,0.0007082839003584632,1.513455445430301e-05,0.05839606765812801,0.00635023867152894,0.00151051685772623,0.0006038032649645822,0.0010717717281268067,0.00024194990807342652,0.005278031785058247,0.0002832414791007139,0.11214208382596985,4.981229144981147e-08,0.0007230354931984841,0.7465289087523257,1.2955359256064179e-06,8.423035282317528e-07,0.00020214795557141235
48,0.002682922366026568,0.06620088125739412,1.6989065873211386e-06,0.001439009543233459,6.297752515694632e-05,7.895056798344287e-05,0.010469615178173443,0.027832779516604914,0.00044968943438015394,5.700817311565896e-05,0.043875107149533625,0.002827852011053367,0.0009087621934418687,0.0010399329367761366,0.0015521229858977172,0.0003788156795936227,0.02096315363736444,0.0006476018348933269,0.3211442733558928,6.750310204318255e-08,0.0019455029892929692,0.49527855588604375,6.037500005474581e-06,6.26372854282773e-07,0.0001560554955985268
49,0.007833047751724182,0.027452459773221725,4.977725661297581e-06,0.001190884407337457,0.00022497093129671253,0.00022156256590049505,0.02327498730975796,0.03891951914030221,0.0022264979303067266,5.0715613495688887e-05,0.14842012932043522,0.00687518448106643,0.0016837381821632246,0.0021555028092880837,0.0017936667622272984,0.0003191404078322227,0.00924538406609685,0.0015198557341076023,0.1696238255075728,2.036440005599825e-07,0.0029233436757140838,0.553689388032301,1.0508127113081527e-05,2.0785808020068295e-06,0.00033842752027498496
50,0.017650218731782692,0.028854992432854335,6.485540007223596e-06,0.0022857226052054916,0.0005506060716558319,0.0002239454423171919,0.01881685250941451,0.025224722181037718,0.0020193713530885305,3.148386394702411e-05,0.3267658741231083,0.008845781103476655,0.0015067392231564514,0.002075059648944497,0.003002109735427199,0.0004098102106759372,0.02348135762722524,0.00278342124476846,0.17942966356198164,2.409284031952903e-07,0.003941073233163248,0.35153321852750924,3.5401644052232426e-05,6.445569197324582e-06,0.0005194028875999515
51,0.003922261560618919,0.044545718801680075,2.3050341177535484e-06,0.0013987635785304296,0.00014989314560554884,9.054590178675297e-05,0.013057384794993921,0.030867204740228287,0.0014688940538888314,4.9915599809324895e-05,0.0969710820012624,0.004346030441503925,0.0012917515840750304,0.00220315097867904,0.00211995178050971,0.0002152308888201667,0.00662220179724661,0.0009291307488043884,0.22802428985657633,1.1848553673727561e-07,0.001967224229085895,0.559504578017471,5.364532643990946e-06,1.1169778610050408e-06,0.0002458904686638145
52,0.005142370788052749,0.025921005368083665,3.278590991537583e-06,0.0014447008902884486,0.00017348424770161503,0.00016755987846471884,0.018328232195231345,0.030943854313489297,0.002042849541545011,6.53019583508495e-05,0.105323574470433,0.003681117040783491,0.0015203406307878712,0.0019396824978334065,0.0024952816331012925,0.00033421496998507414,0.007232891569833925,0.0016482264552839714,0.3102152380908778,1.9235980099935356e-07,0.0027622038892893257,0.47833586472164047,1.007037994103899e-05,1.8067245986367306e-06,0.00026665679361039424
53,0.005566697555479892,0.01747116170092202,3.020071565329611e-06,0.0009473795130783675,0.00023044310573354393,0.0002105492375674139,0.0790010625239979,0.03454821780063609,0.0031040809641819517,2.1817711691901726e-05,0.1559844999909503,0.010943942363953674,0.0015287464013783083,0.002048139264095495,0.002735135119182092,0.00037741355363873647,0.007145232393587349,0.0014624172399011748,0.2482303764945068,1.811271148932203e-07,0.0036080265215379702,0.4243166842298943,1.3435376417248068e-05,2.174826870342213e-06,0.0004991649121169839
54,0.0023872219437927294,0.059379342913744436,3.210981695123979e-06,0.000697547975153397,0.00013823700082690252,8.79567248808381e-05,0.014369684692690827,0.024658685924235473,0.0032636095554586632,7.512967932364942e-05,0.0697987348412616,0.011356037065011985,0.0008816310400606026,0.004818134275294772,0.004913826114474569,0.0006054226623204848,0.006877897806141133,0.0003792043633147126,0.15961798168513,1.7986836794357436e-07,0.0012547083857818249,0.6329182662731697,4.9909175218588265e-06,2.2262027711612598e-06,0.0015101311075756175
55,0.008443130880805214,0.020074869560334142,3.833226166376175e-06,0.0016402227520446171,0.0005649104403704934,0.00018738483848747473,0.09758734607656983,0.02330747311455996,0.005894216194777697,1.6884249743452792e-05,0.18601667235232885,0.025059397032942313,0.002400468997588503,0.0020804451053336027,0.0019561102016871115,0.0004131505837198357,0.00609963556687785,0.00198144849358446,0.2413443636335957,1.9328147406059533e-07,0.0034392589602566426,0.37085325963749566,1.5189028179296488e-05,7.728528638652018e-06,0.0006124072624381412
56,0.005447766398757269,0.02883390998905172,3.3887263658006927e-06,0.0012310362146011424,0.0002104324524211646,0.0001390507200757809,0.02269193826546162,0.028440608104474293,0.001966839423539133,4.557151456737023e-05,0.12299730649523358,0.004935158700281267,0.0016161239283123186,0.002066339958123029,0.002182587103678107,0.00029077859515102834,0.008281847299287493,0.001334962254642871,0.26580090719517774,1.7060069601049039e-07,0.0032891191421159645,0.49786691645397857,9.534028348052959e-06,2.0348693324458404e-06,0.00031567156632626204
57,0.00296662262034893,0.02744015660729182,1.9033610621277561e-06,0.0007149862761960908,0.00010839675233550468,5.940567308887114e-05,0.02067738471785062,0.02077466102934274,0.000980172084939755,2.754608556313994e-05,0.07789844269950083,0.003914019497079424,0.0015543895221623273,0.0011552376730399937,0.001416304362703051,0.00028742554555792664,0.006556747875131916,0.0007838289879476681,0.3836073194100406,9.292424882033725e-08,0.0034785570215012536,0.4453682233962369,4.045964048983584e-06,1.368507929064841e-06,0.00022276140485193147
58,0.0055367943778100465,0.030253798269337866,3.998174479472492e-06,0.0014139773179880151,0.00028766963143247396,0.00014974489166548965,0.02585650677348979,0.023321751013868797,0.0025576486695588806,4.8941046869149306e-05,0.1268038807966165,0.005344480346813773,0.0019266230971402378,0.0022573579539088224,0.002381742410444528,0.00033306272543657037,0.008525990440196338,0.0014260535802166402,0.2965092889895145,2.2337105188824364e-07,0.003965769234725235,0.46068929026843636,1.2519414013881888e-05,3.575727377504947e-06,0.0003893114776075009
59,0.0059315889680964995,0.03383491818959068,5.287535258529913e-06,0.0014214864083204057,0.00030557825359026444,0.000162942787857078,0.024901448067660092,0.02672723928327645,0.0026798375692153806,6.346240581701267e-05,0.13075258800640774,0.005428330943170383,0.0019313718117868108,0.0028224715345911305,0.002303650823720195,0.00038316738750086,0.010227628279206062,0.0016281140578287177,0.2812062964596985,2.615865033359688e-07,0.004647355006107705,0.4621712840606932,1.4366722508569484e-05,3.827429328842973e-06,0.00044549642226541874
60,0.0054122809877302485,0.02927384805732826,3.488796997392027e-06,0.0012790776422287793,0.00021742100688245295,0.00014877406778055353,0.02240899909782803,0.029274341207879945,0.0020202269508808103,4.887967395197789e-05,0.12476120664949789,0.004896471511197479,0.001527314107652365,0.0021385983543955865,0.0023200407986743,0.00030513491494028075,0.00868411406187127,0.0013653149308097343,0.27090440948724315,1.722416552014511e-07,0.0033191049727256724,0.4893470420852258,1.0191012507213226e-05,2.0310509236753892e-06,0.0003315163311920226
61,0.0065032448340319625,0.032247761331329845,5.710388926972806e-06,0.001440049330937803,0.0003193421494231078,0.00017186194638619105,0.025847432559401893,0.02738583042866024,0.002966728877691683,6.499125020357491e-05,0.1357895485225065,0.0054070858407029845,0.0020268096508793223,0.002922856629515041,0.002169668914689502,0.0003635036373989285,0.00954567048044602,0.0017980976724275889,0.27826475696605696,2.6695191341320993e-07,0.004862396548998162,0.4594418839308851,1.5027957914886361e-05,4.0677057211745234e-06,0.00043540549295106076
62,0.0054122809877302485,0.02927384805732826,3.488796997392027e-06,0.0012790776422287793,0.00021742100688245295,0.00014877406778055353,0.02240899909782803,0.029274341207879945,0.0020202269508808103,4.887967395197789e-05,0.12476120664949789,0.004896471511197479,0.001527314107652365,0.0021385983543955865,0.0023200407986743,0.00030513491494028075,0.00868411406187127,0.0013653149308097343,0.27090440948724315,1.722416552014511e-07,0.0033191049727256724,0.4893470420852258,1.0191012507213226e-05,2.0310509236753892e-06,0.0003315163311920226
63,0.004815347108072413,0.03486384532036283,3.0760704875400155e-06,0.001240942142006238,0.00018729854746963378,0.00012474527128845738,0.018916025821761558,0.0277226494818358,0.0017925435657174507,4.943152832602101e-05,0.11051016079624336,0.004665610652765864,0.0014574985373684637,0.0020937710161751965,0.0022305851491398274,0.0002901111496170845,0.008564269097130145,0.001152011756894903,0.26583292672275516,1.5246690302579568e-07,0.0029439016748059967,0.5102151940039837,8.602872031339081e-06,1.8311687945032805e-06,0.0003174680780634213
64,0.005753316888199088,0.029715311098219573,4.549201318530637e-06,0.0011271915477676984,0.0002463794164321643,0.00012009758059371129,0.026308119271983753,0.029338191529643017,0.00176808141558205,4.6441357827988693e-05,0.13561290270573537,0.004620334404916648,0.001830814449216747,0.0025294729676114225,0.0017618415555035521,0.0003012137490475571,0.010536290085591517,0.0016990440236028374,0.29920627531816885,1.9203350131203354e-07,0.005999236941789452,0.4411350426698835,1.1618469890450939e-05,2.369917027265781e-06,0.0003256714009458885
65,0.00521518667782274,0.013839706925948372,1.7618877055066248e-06,0.001692059386841566,0.00020840333215865165,0.000254024142054483,0.029732832624762024,0.025483866201166414,0.0010960013266577409,2.5155132033934725e-05,0.13695019239606845,0.0036607213836605756,0.00100380294522467,0.0006387906256891996,0.0030460488592843732,0.00030043265985361,0.009693137580842646,0.0014939978710710043,0.4361907735978291,9.973106627017383e-08,0.0028119072269276097,0.32646512925475,1.3812484119071746e-05,1.2999672325918882e-06,0.00018085577922932305
66,0.009168072050191309,0.021372911729268626,7.0424244125543786e-06,0.0009276304400741306,0.000206808616898217,8.61427358376721e-05,0.032318196309146056,0.04843803384291609,0.0016474826497304782,4.37091049514235e-05,0.15138624830506833,0.004973407556038396,0.0038954964371131443,0.0022607976983046603,0.0010778624040315397,0.00029320219728317016,0.005973220336881721,0.002347708758769157,0.19861692816602702,2.8798683386472114e-07,0.004808864914212461,0.5099584820413425,4.616772572822659e-06,1.6578371436390895e-06,0.0001851886849509642
67,0.009941304245512428,0.03309791548247447,1.4505400288691009e-05,0.002329426422708853,0.0003759588637913762,0.00022738077328415715,0.029758116055272173,0.04071038315242407,0.0020733054703610714,0.00011376295353183709,0.1678257674592595,0.0042577325680245364,0.002566617535066746,0.004467346446397222,0.0019340121930533536,0.0005567753874908176,0.02431901326132745,0.005102522867127197,0.35523915707505704,5.154107395176577e-07,0.013194062212451889,0.3014204020916625,4.875068802578018e-05,5.31650102849677e-06,0.00041994948363886813
68,0.0069292184532306475,0.0378792648655195,8.805509146259476e-06,0.0020019396504581967,0.0004906541235904573,0.00026601402105904455,0.03405490409005496,0.030658641959585956,0.005964619626905753,9.800896519596749e-05,0.15742897354096025,0.008739841359450511,0.002053127584385588,0.006010982820241093,0.0031648561827860907,0.00041121435237066625,0.010000204022412322,0.002080654960508146,0.22539406081257307,4.0955026250423195e-07,0.0046053652598641295,0.46091762519439533,2.4822879933044998e-05,5.82119125573455e-06,0.0008099690238548251
69,0.006137119607612496,0.02670899883848822,8.869393553765827e-06,0.0013191102476578461,0.000248223086518675,0.0001873521542486219,0.03402717421531115,0.05101280040975505,0.0027822453464407134,9.213476711888465e-05,0.13802231492016626,0.005486291296583641,0.0020800631859259604,0.004969929833355363,0.0017011383221167298,0.0004949027018324555,0.010738956627896937,0.0037847975859325203,0.3150098319649174,4.0557565772313726e-07,0.009288803575219048,0.38542321999613366,2.1698267549364812e-05,3.3560731116521573e-06,0.0004502620068960597
70,0.006416820524428405,0.02760220192279637,4.196776308262335e-06,0.0024910133158997047,0.0006448650235050362,0.00023735655483284664,0.036726164992335976,0.02969480430345144,0.0043429593097863315,4.342665887630413e-05,0.1862646958508304,0.00637239594248098,0.001598324452492053,0.003089989790636977,0.0035460681216840126,0.00018856591626669681,0.007333165199782137,0.0014380153222335807,0.22637116269169122,2.2133531266865997e-07,0.0033417500908973496,0.4518294169685436,1.74922930545593e-05,2.8618211053722003e-06,0.0004020648207677582
71,0.005108730469097269,0.030969977179023184,3.893319276345427e-06,0.0012810421297768317,0.0002543253431600575,0.0001458815967117349,0.02511267953157938,0.03072808773817926,0.002390162472655174,5.387211648564161e-05,0.12635624013778038,0.005070438822276425,0.0016075159154784109,0.0027000966620700597,0.002193115028178921,0.00031487287776024134,0.008580327824612674,0.001557187599351811,0.2741621156634198,2.045817720475399e-07,0.004001345152086873,0.4770299826147459,1.1267993622121087e-05,2.329569924930077e-06,0.0003643076609745908
72,0.0029139904837667515,0.01797369850809843,1.875057618958866e-06,0.0008732949759004742,7.852041067480177e-05,0.00019859952327111455,0.039235730806590735,0.030937364674868136,0.0013786798622185987,3.9839891856547783e-05,0.055432490916090475,0.0035829396398345775,0.0015052698942393612,0.0006830496808648541,0.00249076823865384,0.0005048342461640516,0.005163879623747007,0.0008660926204114061,0.3767352113753614,1.420258440306737e-07,0.0018621345496971353,0.4573624440063095,4.584537770059127e-06,8.08787629209017e-07,0.0001737556625183442
73,0.0073666926287803604,0.028998423449721027,6.1599345682713175e-06,0.0009091890287837876,0.00022361236622562512,0.00011389387280717202,0.018284397358472114,0.04430392179974427,0.0015775554531730863,5.908775155669721e-05,0.19186712818734608,0.004003954754102223,0.0016568956203882074,0.004273857956413107,0.0012403171527728709,0.00019628220519273524,0.009897862224947035,0.0027435234217417625,0.21950938979030485,2.0113344928085476e-07,0.00786221621827303,0.45461199371606625,1.1682810638984828e-05,1.5592686802388215e-06,0.00028020189585098427
