,0,1,2,3,4,5,6,7,8,9,10,11,12,13,14,15,16,17,18,19,20,21,22,23,24
0,9.681967629302914e-05,1.3689675039326868e-05,5.233785521512425e-09,1.9573257705835353e-09,7.147747412041859e-06,2.0709852564241872e-09,8.28524265456498e-09,7.606959584247367e-05,4.570953755226156e-09,4.4465314584392365e-08,4.6030229368013105e-07,0.00025607027744883876,1.139164026191631e-11,1.9732951342621074e-07,0.0013469880363270387,2.0051293275531988e-07,0.01503905805296981,5.466601576794282e-08,0.0039592673690739,1.6749183722142857e-11,9.372590769936348e-05,0.979105289206924,3.486304292064403e-06,1.0355580066127696e-07,1.305172373359112e-06
1,8.221732912712432e-05,1.687534745998189e-05,4.1775290040052125e-09,2.1573235924116995e-09,5.932001954667377e-06,1.6786443622149052e-09,7.499551932044733e-09,9.449574880108334e-05,6.457345991386034e-09,7.28340912791599e-08,2.792416716541361e-07,0.0001657064151367171,7.219421793756407e-12,1.9436340682523336e-07,0.0016087262967621958,2.3448825392696342e-07,0.012742971082900945,4.076705573302094e-08,0.006591971128663799,1.3429114791397513e-11,0.00013762369445073698,0.9785477372999202,2.5352059009078695e-06,8.144476744061397e-08,2.2833186312976755e-06
2,7.63171999401358e-05,1.628238392561315e-05,2.16792395777568e-09,1.4345510803067432e-09,4.314887942124634e-06,1.2716074040346009e-09,3.8293051178797715e-09,4.663922600606167e-05,2.3530944649896777e-09,3.4993102518153904e-08,2.3233847733991388e-07,0.0001285309384861693,4.857265732515486e-12,1.483240232645386e-07,0.0016366895757406635,1.2710558680904975e-07,0.01608622237018479,4.374854806215263e-08,0.002485538084434236,7.021996840747593e-12,0.00010321360578289321,0.9794099126099528,3.874027475045279e-06,7.819911634622234e-08,1.789312913755481e-06
3,8.037784812672887e-05,1.778418117119511e-05,2.842334564407513e-09,2.1058909223217223e-09,5.178901917801797e-06,1.1713903061721278e-09,5.144330822037936e-09,6.836250354171445e-05,2.490785649026584e-09,4.8005799080289736e-08,2.7979474548885167e-07,0.00017547597109946847,6.8706374723453796e-12,1.6224203941397667e-07,0.0010753005063807435,1.2074136558199997e-07,0.017992911562636833,6.267214979170217e-08,0.0030071902516738878,9.59714546165496e-12,0.00011919318161146101,0.9774522352628477,3.363263526523277e-06,1.0035877318244104e-07,1.8389793933227898e-06
4,7.967937461550514e-05,1.845387581210852e-05,3.1223572896205645e-09,2.028122643258301e-09,5.722148999152868e-06,1.2709539209519731e-09,5.275240040993676e-09,6.156606973324006e-05,2.5061186937689047e-09,4.6853469154547636e-08,2.863603157662123e-07,0.00018519744616395976,8.68799898906377e-12,1.8394304870459706e-07,0.001058489353736194,1.1830159405680092e-07,0.017227107613240967,6.542073479358983e-08,0.0027682932844368176,9.958010213227961e-12,0.00010778842452270419,0.9784819474882106,3.311151158168318e-06,1.0532281167882448e-07,1.6233459579245421e-06
5,7.568696971270683e-05,2.0149677938915146e-05,2.669216512526766e-09,2.8816983584500085e-09,5.604269342563148e-06,1.1543350884535774e-09,5.236410587833566e-09,7.639813403048804e-05,2.0138249166846866e-09,5.66087179600594e-08,3.003133871522206e-07,0.00017820741528263675,7.859229963289132e-12,1.6853721834359298e-07,0.0008823892972072504,1.1085426945553706e-07,0.020714423968968745,8.971610320075525e-08,0.002632133668314024,1.0868281510138844e-11,0.0001419569898439423,0.9752661296789448,4.133407261722256e-06,1.2285466946269028e-07,1.9236645736723837e-06
6,8.037784812672887e-05,1.778418117119511e-05,2.842334564407513e-09,2.1058909223217223e-09,5.178901917801797e-06,1.1713903061721278e-09,5.144330822037936e-09,6.836250354171445e-05,2.490785649026584e-09,4.8005799080289736e-08,2.7979474548885167e-07,0.00017547597109946847,6.8706374723453796e-12,1.6224203941397667e-07,0.0010753005063807435,1.2074136558199997e-07,0.017992911562636833,6.267214979170217e-08,0.0030071902516738878,9.59714546165496e-12,0.00011919318161146101,0.9774522352628477,3.363263526523277e-06,1.0035877318244104e-07,1.8389793933227898e-06
7,0.0001120026183071384,3.494233468612962e-05,5.18411826361457e-09,2.7381934649610225e-09,3.887516716719141e-06,1.0344193728667982e-09,1.358747596097185e-08,8.131664258492419e-05,4.028752962510498e-09,4.96258045103846e-08,5.649814861776625e-07,0.00019337806263111619,2.2190112819507775e-11,1.7058805299441943e-07,0.0010482202963383181,8.172806559406071e-08,0.02109539521985476,9.79673139002581e-08,0.002505078296147287,2.1975196992803846e-11,7.713061423338406e-05,0.9748427527095944,2.906409941116867e-06,2.1500316636981911e-07,1.7827679497604511e-06
8,0.0001377173798557004,2.89455982052661e-05,5.014830620407734e-09,4.1288660952991975e-09,6.08782528030259e-06,7.260585061499194e-10,7.951349773598887e-09,0.00013264534306628897,2.935488847689911e-09,9.580243564282362e-08,1.6610212180367987e-07,0.00016994453383973104,1.0146257426841106e-11,1.907154801653867e-07,0.0013500155187713028,1.9029482452616114e-07,0.03596780507752921,6.396484305716667e-08,0.003174435821333735,1.1949569914831567e-11,0.00016202645818217602,0.9588588583410962,5.391093577555144e-06,3.021213333262041e-07,5.097229534514114e-06
9,0.0001419658789400997,4.130633861446791e-05,8.973104689369683e-09,4.9609878919208864e-09,7.111575703512866e-06,6.273326677413455e-10,1.2018157418433872e-08,0.00017660505157887768,4.825425683117794e-09,1.0790376706940657e-07,2.3580287892701447e-07,0.0002084446277974583,2.2014223867410786e-11,1.8587885059687786e-07,0.0013749940085251281,1.4632909358476717e-07,0.04666878636029266,7.199061429372286e-08,0.003403591918012624,1.9087298436844796e-11,0.00013294153561854122,0.9478337273794027,4.017830987474417e-06,5.278189133877566e-07,5.200324298638096e-06
10,8.037784812672887e-05,1.778418117119511e-05,2.842334564407513e-09,2.1058909223217223e-09,5.178901917801797e-06,1.1713903061721278e-09,5.144330822037936e-09,6.836250354171445e-05,2.490785649026584e-09,4.8005799080289736e-08,2.7979474548885167e-07,0.00017547597109946847,6.8706374723453796e-12,1.6224203941397667e-07,0.0010753005063807435,1.2074136558199997e-07,0.017992911562636833,6.267214979170217e-08,0.0030071902516738878,9.59714546165496e-12,0.00011919318161146101,0.9774522352628477,3.363263526523277e-06,1.0035877318244104e-07,1.8389793933227898e-06
11,8.210611940410298e-05,1.86473410493091e-05,2.9644115624648713e-09,2.1442068005907304e-09,5.185348084178148e-06,1.1742631733137795e-09,5.312528080577949e-09,6.673170503026244e-05,2.4833462294913874e-09,4.764215805367176e-08,2.8780659968885974e-07,0.0001808169876257335,7.908736243741171e-12,1.6818554984062461e-07,0.00103633128366821,1.1537484239677523e-07,0.01838213668370943,6.72770337936321e-08,0.0028167818641851323,1.0136924976774997e-11,0.00011319101897179453,0.9772920778484789,3.3910215531321125e-06,1.0695010229901164e-07,1.7954451522986345e-06
12,7.809024185206484e-05,1.7240726855483758e-05,2.659748228755512e-09,2.0205510171521094e-09,5.202617025274064e-06,1.1481546754929323e-09,4.672305653405826e-09,6.284349300933783e-05,2.141983984233509e-09,4.534593415628834e-08,2.655824332838118e-07,0.00017644137932201827,6.65714988672294e-12,1.636949726451408e-07,0.0009945471398692916,1.1474584761178539e-07,0.01789940710451746,6.467895194996811e-08,0.002723133323761774,8.908233925633682e-12,0.00011588134380502321,0.9779212870913695,3.4406325070144394e-06,9.695439995657261e-08,1.7212452573302957e-06
13,7.958193047136781e-05,1.6426828020095806e-05,2.8689134797359424e-09,1.970995955898038e-09,5.056658454719509e-06,1.1217049597411764e-09,4.866749400571981e-09,6.581286198974659e-05,2.4392527940586403e-09,4.179723153450927e-08,2.960079608596059e-07,0.0001912196113498048,6.60475626856928e-12,1.6145813004102674e-07,0.001063863626535021,1.1143004437782642e-07,0.018145342831887627,5.969571816473284e-08,0.0029533014527328987,9.22010891985897e-12,0.00011658933517547821,0.9773571434163203,3.168396822554548e-06,9.146569245278684e-08,1.7179120217592464e-06
14,5.616186056405357e-05,3.07465836302185e-05,2.3547617614948575e-09,2.3694574147742103e-09,5.977553483334562e-06,1.2133972133444086e-09,6.030103834416379e-09,7.018834197997139e-05,2.4046253102276788e-09,7.930588838157296e-08,2.77074212627991e-07,0.00011140000841874808,9.144603808518523e-12,1.5481641057861613e-07,0.000997740899183399,1.019741450537993e-07,0.01461777647469261,7.71025772579026e-08,0.0029950151722504498,9.823004764304333e-12,0.0001236062143175397,0.9809857862193776,3.13223474481196e-06,1.3917818994322863e-07,1.6245946203227836e-06
15,8.037784812672887e-05,1.778418117119511e-05,2.842334564407513e-09,2.1058909223217223e-09,5.178901917801797e-06,1.1713903061721278e-09,5.144330822037936e-09,6.836250354171445e-05,2.490785649026584e-09,4.8005799080289736e-08,2.7979474548885167e-07,0.00017547597109946847,6.8706374723453796e-12,1.6224203941397667e-07,0.0010753005063807435,1.2074136558199997e-07,0.017992911562636833,6.267214979170217e-08,0.0030071902516738878,9.59714546165496e-12,0.00011919318161146101,0.9774522352628477,3.363263526523277e-06,1.0035877318244104e-07,1.8389793933227898e-06
16,6.736728459367581e-05,1.68432767160274e-05,1.5842599709647417e-09,2.189695741285844e-09,3.480682156578417e-06,1.1433091280504529e-09,4.14321118714954e-09,6.509492564520785e-05,1.5700038556186724e-09,6.91021953396024e-08,2.212762881460165e-07,0.000135356254149915,3.971402241388989e-12,1.3349048769588702e-07,0.0006924648805207474,1.288540222536525e-07,0.014555043629551605,8.947169445243362e-08,0.0025822327319143484,8.537665506440388e-12,0.00020115918110323095,0.9816754605926723,3.04864911664866e-06,7.519486637305636e-08,1.719879316593596e-06
17,9.157950998149933e-05,1.7094543299080186e-05,3.022875783055981e-09,3.536162930508254e-09,5.488466566716696e-06,1.179922759155328e-09,5.165151864006582e-09,6.678910612252217e-05,1.53356203805337e-09,4.7290873035865094e-08,2.7847690716810496e-07,0.0002624258176159835,8.879641450484249e-12,2.6858255092163905e-07,0.0006325443090914647,1.1912177550966394e-07,0.019197206368544287,1.0623604105858276e-07,0.002160136373133746,1.2637293191789917e-11,0.0001403199858649709,0.977418210288778,5.134294639301061e-06,9.800578929433614e-08,2.1387632333767214e-06
18,9.639866956635219e-05,1.6442372612554343e-05,1.9695380863043504e-09,1.3927600624008464e-09,2.506658167452849e-06,3.445403005861228e-10,2.7549346542898827e-09,4.7217406550887016e-05,9.282047714630095e-10,3.176176390810829e-08,1.1383358393675522e-07,0.00017800990696447886,5.578106157427793e-12,9.82061696194456e-08,0.0004506267761952813,4.863630045287873e-08,0.029761240482279384,7.57747484215959e-08,0.0012519466306909225,4.7609122479379816e-12,8.016227085755632e-05,0.9681109732256629,2.1230122091247925e-06,1.229667329112737e-07,1.854008626947087e-06
19,5.12603259577714e-05,1.3498994269896926e-05,3.977319610539428e-09,1.8750607356870244e-09,6.339199045094598e-06,8.904185277149347e-10,3.895161861141345e-09,7.547234112763888e-05,2.886947939699224e-09,4.412778804851643e-08,2.2068354699774567e-07,0.00021875117610666746,8.505049695993816e-12,1.6316622623353224e-07,0.0007733468988855229,8.593017887548564e-08,0.015828506577220996,4.58599169166173e-08,0.002662234308536738,1.0504007862584173e-11,8.819457191110805e-05,0.9802785621240985,1.8389560514884837e-06,8.505279054703505e-08,1.3361624231774758e-06
20,3.873891212448618e-05,1.1876009479407605e-05,1.652756119062891e-09,1.1507381618053822e-09,3.6697491438031993e-06,5.432752741618039e-10,2.1682574303008556e-09,6.0368138900287e-05,1.6457783573170095e-09,3.3438792715463133e-08,1.3584597431470728e-07,0.00010735980437377833,3.554128980536472e-12,8.394400512122544e-08,0.0007558533685722387,5.730929673211725e-08,0.015216023100710938,3.434353730520277e-08,0.0019513380919466143,5.219976105660841e-12,8.425485592670292e-05,0.9817673901634595,1.686778721124394e-06,6.517207890594114e-08,1.0238033764331608e-06
21,0.0001614611432798744,1.787014405804393e-05,4.859364989635509e-09,3.326857969253023e-09,6.6172321443923165e-06,2.1949196785267536e-09,9.235650039290264e-09,6.761024040787305e-05,2.41883645905386e-09,6.394871695264438e-08,3.8975787844033415e-07,0.0004038657007006966,1.3295539593798453e-11,3.349461158032404e-07,0.0010011437894877774,2.7852460199556165e-07,0.019941575807355765,1.07823678543238e-07,0.003059578029040118,1.7613588806768158e-11,0.00015979628829603833,0.9751708430378692,5.989395770527538e-06,1.222730875702399e-07,2.3298509722142696e-06
22,8.535434115130467e-05,1.218448704118422e-05,2.6937019099234717e-09,1.7248029342425662e-09,4.171032183308502e-06,1.3309370219498865e-09,4.700518504996951e-09,5.454361037429091e-05,1.5885677482627794e-09,3.560981995806545e-08,3.575376215618257e-07,0.00021171469120643104,4.9793159591335986e-12,1.4804857719859352e-07,0.0007550635439930997,1.258491566482157e-07,0.01804185118243195,8.925173028807082e-08,0.0021166773895210027,1.0046858747333538e-11,0.00013931781686913998,0.9785737224774986,3.3460202585142424e-06,8.233864065408739e-08,1.202718370834222e-06
23,8.037784812672887e-05,1.778418117119511e-05,2.842334564407513e-09,2.1058909223217223e-09,5.178901917801797e-06,1.1713903061721278e-09,5.144330822037936e-09,6.836250354171445e-05,2.490785649026584e-09,4.8005799080289736e-08,2.7979474548885167e-07,0.00017547597109946847,6.8706374723453796e-12,1.6224203941397667e-07,0.0010753005063807435,1.2074136558199997e-07,0.017992911562636833,6.267214979170217e-08,0.0030071902516738878,9.59714546165496e-12,0.00011919318161146101,0.9774522352628477,3.363263526523277e-06,1.0035877318244104e-07,1.8389793933227898e-06
24,5.897795984125736e-05,2.2175551509234067e-05,2.607897852284107e-09,3.104861406386784e-09,6.22817665927439e-06,1.1871972309390755e-09,4.807357738016981e-09,6.958699816999706e-05,1.9779252323655257e-09,6.255298192303303e-08,2.5354972185712353e-07,0.00017344864277943795,9.038854151622225e-12,2.2532081959998876e-07,0.0007360121276609405,1.061806668887645e-07,0.014678416960463085,8.054140134862097e-08,0.002885025100212427,1.1816736632082099e-11,0.00012992620384039225,0.9812340659295649,3.4892857003777682e-06,9.058735056986507e-08,1.8146245616087454e-06
25,0.00010373564540669218,1.6307794658958646e-05,4.3256918035325264e-09,4.372191331499279e-09,5.45044604778731e-06,8.571426272457839e-10,8.179606215871369e-09,0.00015326712311466032,2.3494913388604922e-09,4.246768856622479e-08,6.023204623000508e-07,0.0003385512246918211,1.1919160207857533e-11,1.7986780164751322e-07,0.0007041269645911972,1.01664685818606e-07,0.031965173007640034,1.0381015382088344e-07,0.003361296171256937,2.087183382162771e-11,0.00015792239390489127,0.9631873347713344,4.1480881048477785e-06,1.4156389608301614e-07,1.4945576450250125e-06
26,0.000146492885463076,1.8606967186250012e-05,3.931396989943579e-09,1.87355995296041e-09,3.6317386314379194e-06,5.055070066672652e-10,6.144621931523572e-09,8.780710990181372e-05,1.8609939893489948e-09,3.616007579763153e-08,2.5795253839789563e-07,0.00020284084049290902,1.156943594571814e-11,8.126247138765412e-08,0.0007034179390089169,6.573841622003465e-08,0.04850319932038892,9.810816830322478e-08,0.001555264782245258,9.510651070607924e-12,7.459253550826201e-05,0.9486986764174543,2.984828001448031e-06,3.184359103475988e-07,1.6126409771745569e-06
27,6.185630844574919e-05,1.3700408129461456e-05,2.1468458231971807e-09,1.333844652961759e-09,3.281064605412125e-06,1.1090937756890343e-09,3.94119627570849e-09,5.741709630856951e-05,3.246669925038225e-09,4.420850756417931e-08,1.7731343659157365e-07,0.00010142950549224135,3.765803300882643e-12,1.0489556329391235e-07,0.0011818805282976436,1.0713672739122475e-07,0.011745207549652291,3.9524469961262055e-08,0.0026339518361671675,7.760626991757466e-12,8.84605801594071e-05,0.984108198789147,2.1887406173384144e-06,6.70749533778597e-08,1.875650142656413e-06
28,8.037784812672887e-05,1.778418117119511e-05,2.842334564407513e-09,2.1058909223217223e-09,5.178901917801797e-06,1.1713903061721278e-09,5.144330822037936e-09,6.836250354171445e-05,2.490785649026584e-09,4.8005799080289736e-08,2.7979474548885167e-07,0.00017547597109946847,6.8706374723453796e-12,1.6224203941397667e-07,0.0010753005063807435,1.2074136558199997e-07,0.017992911562636833,6.267214979170217e-08,0.0030071902516738878,9.59714546165496e-12,0.00011919318161146101,0.9774522352628477,3.363263526523277e-06,1.0035877318244104e-07,1.8389793933227898e-06
29,8.037784812672887e-05,1.778418117119511e-05,2.842334564407513e-09,2.1058909223217223e-09,5.178901917801797e-06,1.1713903061721278e-09,5.144330822037936e-09,6.836250354171445e-05,2.490785649026584e-09,4.8005799080289736e-08,2.7979474548885167e-07,0.00017547597109946847,6.8706374723453796e-12,1.6224203941397667e-07,0.0010753005063807435,1.2074136558199997e-07,0.017992911562636833,6.267214979170217e-08,0.0030071902516738878,9.59714546165496e-12,0.00011919318161146101,0.9774522352628477,3.363263526523277e-06,1.0035877318244104e-07,1.8389793933227898e-06
30,8.037784812672887e-05,1.778418117119511e-05,2.842334564407513e-09,2.1058909223217223e-09,5.178901917801797e-06,1.1713903061721278e-09,5.144330822037936e-09,6.836250354171445e-05,2.490785649026584e-09,4.8005799080289736e-08,2.7979474548885167e-07,0.00017547597109946847,6.8706374723453796e-12,1.6224203941397667e-07,0.0010753005063807435,1.2074136558199997e-07,0.017992911562636833,6.267214979170217e-08,0.0030071902516738878,9.59714546165496e-12,0.00011919318161146101,0.9774522352628477,3.363263526523277e-06,1.0035877318244104e-07,1.8389793933227898e-06
31,7.35871922771112e-05,2.1326549982855497e-05,3.720746505104735e-09,3.0995052944536613e-09,6.344557855064179e-06,5.307396676242141e-10,4.533515382956928e-09,0.00011597585492942183,1.7642368133600004e-09,6.61649544942089e-08,1.5516731460822713e-07,0.00019337522142371443,1.0760084270961379e-11,1.6273633379911216e-07,0.0005109719963196519,9.061633885472981e-08,0.02689871449918908,6.979431359648614e-08,0.002738071877442565,1.1362629438373011e-11,0.00010528551653312468,0.9693310642293477,2.666840660293815e-06,1.690566091930999e-07,1.8884573084538177e-06
32,7.621152467461958e-05,1.6765013784899576e-05,2.7109331497218705e-09,1.8781745048921196e-09,4.953962286457075e-06,1.1312749186810402e-09,4.741274056711692e-09,6.790995415748356e-05,2.71662825826578e-09,4.6834516133003985e-08,2.558381715624593e-07,0.00016157205063305584,6.151060762784843e-12,1.526613246229455e-07,0.001114912379732768,1.2195083236000002e-07,0.016762054130897274,5.3859410955089355e-08,0.0033477495370166886,8.968143474213874e-12,0.00011641122210712067,0.9783260407901804,2.9210379178820826e-06,8.77197689480022e-08,1.7663391825976425e-06
33,0.0005956477125616659,4.112737612292938e-05,5.8632747720813294e-08,2.7907641018436912e-08,1.5198040806688822e-05,1.3837343119665442e-08,1.564316331187226e-07,0.0006547159798663672,2.1726085908647602e-07,4.572972023087375e-07,3.6218943838781585e-06,0.000790700086176417,1.8434837592118632e-11,6.913529876243497e-07,0.02231132814816437,2.3693666487084023e-06,0.035302184168800176,1.164217729513783e-07,0.044726414958975357,1.0140948207095218e-10,0.0015919216459416548,0.8938601085929674,1.5710634232874963e-05,5.156247423916004e-07,8.66965075776499e-05
34,8.341645213315812e-05,1.7779079769569e-05,2.9501580289616792e-09,2.033673356886708e-09,5.054999226523929e-06,1.2114189571100889e-09,5.444098248768814e-09,6.950141635009181e-05,2.876002971532524e-09,4.910277998774939e-08,2.7942430419618733e-07,0.00017120279765811539,6.837008317289849e-12,1.612570670440608e-07,0.0011574056071512503,1.2651345647619541e-07,0.01725830474144639,5.8839530839798934e-08,0.0032875994517418375,9.685187624442085e-12,0.00011780309334897019,0.9778260616307636,3.162789441849131e-06,9.823422528011333e-08,1.9200377313037354e-06
35,8.63785962665722e-05,1.5271279560498073e-05,2.2772333290127957e-09,2.2612422265581864e-09,2.8801830954493507e-06,6.413739954406251e-10,4.548537821765727e-09,9.649387906166024e-05,2.6594594349101962e-09,6.175105689071376e-08,1.6138038143544102e-07,0.00015467229245512532,5.811078025434962e-12,9.605061985840066e-08,0.0005193017211673042,7.68659610747623e-08,0.019098676186693767,7.473939919572029e-08,0.0029130883080819353,9.777645094826326e-12,0.00010241953869184343,0.9770061681872844,1.7525543083741844e-06,9.688794885679022e-08,2.317194530311035e-06
36,7.549084569916644e-05,4.780452150677722e-05,1.3011234322766832e-09,7.657720853122588e-09,3.164683640600614e-06,3.473803015834289e-08,5.572020459625036e-08,3.26049932219006e-05,2.0725763914948e-09,1.252879686236571e-07,5.047831276166043e-06,5.5580934431180985e-05,6.420910342466314e-12,3.4320422050081973e-07,0.0016042642070735846,3.89867408146963e-07,0.0028489814440287664,9.06680261978908e-07,0.0013722706930878064,6.637618128117423e-11,0.00038180024971109984,0.9935301764665391,3.944891729001307e-05,1.0793166533273824e-07,1.3896785168094611e-06
37,0.0002203287170054923,1.6688026829771217e-05,3.4985190566677194e-09,1.5790810551560122e-09,3.4666670193589155e-06,7.593959627181281e-10,6.826034075178365e-09,4.177173223057189e-05,1.0357891405835599e-09,2.4170261029390417e-08,2.714927577107925e-07,0.0003155450396436117,9.135625648935209e-12,2.1720991469041587e-07,0.000540014298307257,1.0195373161904674e-07,0.024253707717170593,9.735429085710234e-08,0.001962524512166968,8.104037798484806e-12,7.679693609981393e-05,0.9725636157996239,3.251409857000269e-06,1.1781012104058929e-07,1.445436909691169e-06
38,6.422762265925873e-05,1.837710176638434e-05,2.888848146158637e-09,2.4218599598763104e-09,5.467540703328616e-06,7.389544781289654e-10,4.026148863369038e-09,8.59184244730314e-05,2.3287938674016824e-09,5.0012390764115155e-08,2.154500188569509e-07,0.00017756181050170624,7.583195325869205e-12,1.4312458561379383e-07,0.0008218354870890218,8.326559553666014e-08,0.021772068712566844,5.831979667252087e-08,0.0028960473621861956,9.341283943498911e-12,0.00010984777574942555,0.9740433889248165,2.6586613541968588e-06,1.1049759463132511e-07,1.9274846222877164e-06
39,8.184949190159488e-05,1.5636592347212365e-05,3.1253570595416776e-09,2.376231851005895e-09,5.890910625337725e-06,1.3797332852264291e-09,5.117699338908681e-09,7.819286778642133e-05,2.7184454035087807e-09,5.374136808265533e-08,2.953687159988288e-07,0.00020247450079699953,6.26586090055225e-12,1.7510665164920696e-07,0.0010995657045838924,1.5359842724354416e-07,0.018312637214754256,6.405927227610008e-08,0.0034760890780187697,1.0655897159662652e-11,0.00014942799996120584,0.9765717659080243,3.624665617224727e-06,9.350035530198347e-08,1.9949564034352664e-06
40,6.71539411877119e-05,8.566130401355216e-06,1.2393964662872578e-09,3.630525618650147e-10,1.6164352998001087e-06,6.346365695344508e-10,1.906068189013664e-09,1.5657124296417024e-05,9.598802946530209e-10,1.1740113508987861e-08,1.2560980163096285e-07,0.00011292184454352578,1.959937665611945e-12,9.400324385845117e-08,0.0005472147372973596,4.9039832904025626e-08,0.0075263120984577405,3.126813265811251e-08,0.001305820957660753,2.9172275370770165e-12,4.518819274575384e-05,0.9903674614616133,1.0614281336464627e-06,2.561814304572138e-08,6.832611838416823e-07
41,5.220608254383461e-05,2.1596487950131335e-05,7.094455983375065e-09,1.6774341928236558e-09,1.1222413865043892e-05,2.3307616554648932e-09,7.390350863942788e-09,9.240043631332521e-05,1.6937722789686246e-08,1.196983891154513e-07,1.6239406744500633e-07,8.9091822708306e-05,6.7119225954072326e-12,1.9649533409906467e-07,0.004988069414478631,3.7188681552806164e-07,0.009473115336158954,1.4927104119658216e-08,0.007752805833699041,1.0579986430490295e-11,0.00012788035870224385,0.977384437311887,2.3013054404131316e-06,1.2350477656211518e-07,3.848841748705757e-06
42,0.00483056777001507,0.000831194676367481,1.99530659707484e-07,3.67062467996105e-07,0.0001656732740457417,3.95837775251011e-08,6.043866901077222e-07,0.00010550157904731683,9.812377147622596e-09,2.862340881776156e-07,2.4701652849407346e-05,0.010790857280551193,7.8138912850194e-09,2.7305047191599343e-05,0.002172948149902852,2.2157782369506427e-07,0.11110420663639113,2.7882667852949804e-05,0.0016979612108035753,2.40069461186514e-10,0.00032241532965775893,0.8675003239290826,0.0002812309913333506,1.8522903008917126e-05,9.697066005395091e-05
43,3.907995865044141e-05,1.096174130107738e-05,1.3880322059745807e-09,1.7200685927826953e-09,6.358855862121379e-06,1.5523894300438947e-09,2.4268554923755837e-09,7.742456229810488e-05,2.146680500934924e-09,8.272552848859426e-08,1.5454398009480566e-07,9.716661488347462e-05,2.3929631419819523e-12,1.050256497011253e-07,0.0010898927992961315,1.6719023161854575e-07,0.011700668464036593,4.4846114701565944e-08,0.0033379412229606366,5.6783447356425915e-12,0.00020392777927958453,0.9834315925359434,2.8792268049988002e-06,6.110809645534363e-08,1.481556984778258e-06
44,8.037784812672887e-05,1.778418117119511e-05,2.842334564407513e-09,2.1058909223217223e-09,5.178901917801797e-06,1.1713903061721278e-09,5.144330822037936e-09,6.836250354171445e-05,2.490785649026584e-09,4.8005799080289736e-08,2.7979474548885167e-07,0.00017547597109946847,6.8706374723453796e-12,1.6224203941397667e-07,0.0010753005063807435,1.2074136558199997e-07,0.017992911562636833,6.267214979170217e-08,0.0030071902516738878,9.59714546165496e-12,0.00011919318161146101,0.9774522352628477,3.363263526523277e-06,1.0035877318244104e-07,1.8389793933227898e-06
45,8.018257844898394e-05,1.7891350201016486e-05,2.748656936324096e-09,2.1281267942492555e-09,5.034011944009434e-06,1.1698763730335226e-09,5.053858997731264e-09,6.638730870064792e-05,2.3817557582726285e-09,4.7898083263824267e-08,2.784802829324802e-07,0.00017516605895477122,6.685989005815027e-12,1.6287845032196678e-07,0.0010375779286534907,1.1848939717717082e-07,0.01784783365717718,6.52944678425889e-08,0.002928282594282752,9.511666656322182e-12,0.00012159139975173647,0.9777140040208611,3.3955726449857935e-06,9.808037509617252e-08,1.8688988503403438e-06
46,6.238396748229233e-05,2.706794470904737e-05,3.967501562447585e-09,2.9215560686096844e-09,7.767673191793592e-06,1.2870168433037363e-08,2.3588113486317997e-08,4.0325625050695045e-05,1.1415520480546868e-08,1.3554102020776077e-07,5.927432282619295e-07,0.00010620265501531179,6.4787132422129615e-12,7.522531934217662e-07,0.0031377457647374487,6.63929971290355e-07,0.0018879815113643963,5.3303543698060116e-08,0.008974143334568994,2.0835570253006788e-11,0.00018090319806427844,0.9855641202026154,5.8969520864547284e-06,3.566403293243243e-08,3.1729459497806724e-06
47,0.00011762858393563805,8.652397911428929e-06,1.4282581201794776e-09,4.998089649268246e-10,1.3461015324804152e-06,4.549711298926191e-10,2.1358394957527603e-09,2.3611650971669488e-05,7.974272459058354e-10,1.445441134930066e-08,1.1506762943740928e-07,0.000181908052410675,2.8445219371858107e-12,7.058703176600092e-08,0.00041261912402106184,5.7532633834520314e-08,0.015631315604872468,4.545149888793078e-08,0.0011929731187655791,4.182379218282732e-12,4.895305560350568e-05,0.9823786214244469,1.133194467995098e-06,4.276565393566296e-08,8.865088694914083e-07
48,6.831967554433699e-05,2.095934686337944e-05,1.794905237873298e-09,1.4691584788790145e-09,4.180825148716616e-06,4.537934428963538e-10,3.125451838949644e-09,7.343431727203841e-05,1.586621912394686e-09,4.1660755379173296e-08,1.386885084283375e-07,0.00011060491377524387,6.5563817484907255e-12,1.0414992951366407e-07,0.000820206976524597,6.839865383944202e-08,0.023050775911112802,4.222563505329338e-08,0.00290072455209567,5.5313135875461664e-12,8.049563483191662e-05,0.9728663296911852,2.1455864422834447e-06,1.1128829875448313e-07,1.3077154040756949e-06
49,5.8822515271189676e-05,1.0366732622652233e-05,2.654616375588411e-09,1.4929302008334866e-09,4.9807514882429265e-06,1.2785607744143133e-09,3.230402759415695e-09,4.648821884457592e-05,1.7310021529619156e-09,3.053050022020951e-08,2.653128522974886e-07,0.00023275591157611162,5.4555322029541196e-12,1.619201223634142e-07,0.0007103588967499693,9.586622316157268e-08,0.013533853660763222,5.935528779331414e-08,0.0019710480326026866,8.904339095919446e-12,9.567778052839814e-05,0.9833313164431882,2.5770403233988614e-06,5.610204981457252e-08,1.0745271337198521e-06
50,8.002193436564024e-05,1.7916732641866045e-05,2.829304022357222e-09,2.0985407065849693e-09,5.157541386261509e-06,1.1787524274690649e-09,5.236668112111804e-09,6.880937003699139e-05,2.5580408904512167e-09,4.967204112319466e-08,2.7035925170015026e-07,0.00016941869671291418,6.835497252529454e-12,1.6419692417315586e-07,0.0010744613989649048,1.2409483389444284e-07,0.017248842101745803,6.129037902989163e-08,0.003108044213501349,9.597060763897482e-12,0.00011830982244107024,0.978103086716358,3.296307979065503e-06,9.889669755025092e-08,1.8527359999132757e-06
51,6.950584975493184e-05,1.7072306034313388e-05,2.36373681207569e-09,2.1395879727827724e-09,4.21433653241532e-06,1.0023235576023465e-09,4.949739111437413e-09,6.711601930948501e-05,2.0538165250121277e-09,4.644014051095419e-08,2.749167832752604e-07,0.00016189775549659257,6.365210129033012e-12,1.485345201145106e-07,0.0007893697424174885,8.953695111597094e-08,0.016034325015186254,7.329432556483493e-08,0.002545761647295376,9.420752443080887e-12,0.00011792337065486152,0.980187655299391,2.8933718150073383e-06,8.889281922120139e-08,1.5311455826741116e-06
52,8.123734731231951e-05,1.6650298002428914e-05,2.523419733986397e-09,1.9471460796942812e-09,4.356966128662987e-06,1.5986250316193726e-09,5.653933722167554e-09,5.457868462069833e-05,2.378994257974541e-09,4.5771297756326034e-08,3.316366406265584e-07,0.00016339984783030198,6.72002067404617e-12,1.582125717211879e-07,0.0010001581987169352,1.216206512669901e-07,0.014584529273323136,8.090658904608741e-08,0.0023810119431892734,1.0708481656872566e-11,0.00011194986849139566,0.9815960937587483,3.61609446264494e-06,9.058849040281203e-08,1.5748633858655495e-06
53,0.00016858034002763895,2.8964119363651984e-05,5.399376656154946e-09,3.6594913233140547e-09,3.2268597909494215e-06,3.610068786792618e-09,2.9470012909790246e-08,7.251871390801181e-05,6.747153151880956e-09,6.506353329174877e-08,9.542301063534802e-07,0.00013725703316699566,1.1754642581719216e-11,2.434057955082767e-07,0.002750806739141837,3.2839892886921577e-07,0.013578295000591817,1.121067785028947e-07,0.003095104580951779,3.393885023057964e-11,0.0001385643771273439,0.9800116619374698,9.823172562215658e-06,1.8421370271413206e-07,3.2607752563457603e-06
54,0.00013253754713917336,2.8597838659888922e-05,3.3037169897620163e-09,1.8618774810968013e-09,3.0147222432476153e-06,1.7725017475497984e-09,9.648227805785994e-09,3.521281172275214e-05,3.67389715484993e-09,6.600626550837512e-08,1.7682391050666786e-07,0.00014268125270577164,7.433794925618892e-12,3.118224457239795e-07,0.0015565413245740766,2.50471167325085e-07,0.008043322954074625,4.740460264920432e-08,0.003301282912228151,1.1715852303230335e-11,9.528557322129264e-05,0.9866528549288648,3.4860215029385354e-06,7.087152689938037e-08,4.238433774012345e-06
55,0.00013089071394471792,2.0251325737941157e-05,4.8460909887923314e-09,2.9826384546456985e-09,3.665449022512133e-06,9.604766201535824e-10,8.256301656089388e-09,7.982597829716374e-05,4.050636619030849e-09,5.139282954318424e-08,3.331540891231117e-07,0.00036071706251389346,1.617150005299785e-11,1.6708147488276147e-07,0.0007024351617788411,8.143987112821322e-08,0.023648333077243386,1.007132505160423e-07,0.0027007311232259924,1.739858303202264e-11,8.600720432713204e-05,0.9722610278900723,2.281762489869098e-06,1.315589751708814e-07,2.946781141373815e-06
56,8.166664095755072e-05,1.9122356416070425e-05,3.056506092101162e-09,2.1723796522946104e-09,5.361501875968479e-06,1.168730388013312e-09,5.396759336842852e-09,6.906090519095413e-05,2.5894973627590783e-09,4.883284439909092e-08,2.896472169789691e-07,0.00018017767672158188,8.358227737028219e-12,1.6760428288340217e-07,0.0010595271043588202,1.1627881148621626e-07,0.018804865070235183,6.626294655532911e-08,0.00291207605670764,1.0423946452826736e-11,0.00011242878143872581,0.9767497826883346,3.342594732977245e-06,1.1111367865588359e-07,1.7744805940403503e-06
57,4.292333927569534e-05,8.931944958808623e-06,3.24428617678727e-09,1.3045277678657425e-09,6.434810363823676e-06,4.787738518005834e-10,1.6838503581296622e-09,8.338531108105492e-05,2.334915769650575e-09,3.899665310112147e-08,1.0881884110575301e-07,0.00025250523794555907,4.941236635340729e-12,1.1793647752452938e-07,0.0006010192772442997,8.287553797906672e-08,0.02046883270636483,2.677755783879116e-08,0.0036578025862371313,6.168374046149415e-12,0.00010156124386729821,0.9747738250463613,1.0739617099667216e-06,5.5392641137252855e-08,1.264679417782293e-06
58,8.292856162768098e-05,1.9347551794240006e-05,2.975651648375146e-09,2.0112746430470226e-09,5.165090134585028e-06,9.515434499132394e-10,5.079806584402458e-09,7.150185209887611e-05,2.3071172143188125e-09,4.690297302505952e-08,2.6938619641935164e-07,0.0001708940865900226,7.781541402502645e-12,1.428985915320386e-07,0.0010439938489445843,1.0420182941034062e-07,0.022276687597036486,6.540348242366568e-08,0.0026514373039967717,8.934739152741592e-12,0.00011238785975500125,0.9735598220288386,3.318532623032008e-06,1.3257202930646407e-07,1.7409793480315742e-06
59,9.072894249470173e-05,1.9348531508625895e-05,3.715218091524702e-09,2.2111345674706544e-09,5.5436734576807415e-06,9.493054577960308e-10,5.7567654218131866e-09,7.832423688406914e-05,2.422693028750841e-09,4.863582690006785e-08,2.859875339761285e-07,0.00019316190575627073,8.672290011378526e-12,1.5184790051357294e-07,0.0010510432157531569,1.1393324875423571e-07,0.025085828986870715,6.934262807146716e-08,0.002604652975328888,1.0126381812684553e-11,0.0001176731064408844,0.9707475020381782,3.490327088661796e-06,1.571356445886778e-07,1.8601035400334088e-06
60,8.037784812672887e-05,1.778418117119511e-05,2.842334564407513e-09,2.1058909223217223e-09,5.178901917801797e-06,1.1713903061721278e-09,5.144330822037936e-09,6.836250354171445e-05,2.490785649026584e-09,4.8005799080289736e-08,2.7979474548885167e-07,0.00017547597109946847,6.8706374723453796e-12,1.6224203941397667e-07,0.0010753005063807435,1.2074136558199997e-07,0.017992911562636833,6.267214979170217e-08,0.0030071902516738878,9.59714546165496e-12,0.00011919318161146101,0.9774522352628477,3.363263526523277e-06,1.0035877318244104e-07,1.8389793933227898e-06
61,8.510088029038999e-05,1.861824737285429e-05,3.786970003629719e-09,2.1396263370434086e-09,5.636928588596474e-06,9.925967721912055e-10,5.5232827851891864e-09,7.322328382922156e-05,2.5023977790134986e-09,4.54148633985998e-08,2.9575193254984737e-07,0.00020380432514919007,8.318907125787594e-12,1.627021666273856e-07,0.0010574092261971817,1.1303421898267769e-07,0.02260210360221837,6.420054741860026e-08,0.002740698722988388,1.0245940424220311e-11,0.00011625898970177302,0.9730912356016033,3.249606107129337e-06,1.3239588701897105e-07,1.8321228990729606e-06
62,8.037784812672887e-05,1.778418117119511e-05,2.842334564407513e-09,2.1058909223217223e-09,5.178901917801797e-06,1.1713903061721278e-09,5.144330822037936e-09,6.836250354171445e-05,2.490785649026584e-09,4.8005799080289736e-08,2.7979474548885167e-07,0.00017547597109946847,6.8706374723453796e-12,1.6224203941397667e-07,0.0010753005063807435,1.2074136558199997e-07,0.017992911562636833,6.267214979170217e-08,0.0030071902516738878,9.59714546165496e-12,0.00011919318161146101,0.9774522352628477,3.363263526523277e-06,1.0035877318244104e-07,1.8389793933227898e-06
63,7.803934437710306e-05,1.9904110094571102e-05,2.6639863028943195e-09,1.961252198834846e-09,4.55164074586853e-06,1.0588709024202585e-09,5.181940113262278e-09,6.421361546762259e-05,2.450040606164971e-09,4.671303998942598e-08,2.7091272382828685e-07,0.0001530579052235191,7.179559358865315e-12,1.474227635622005e-07,0.0010560811377741967,1.0495214399204503e-07,0.017694809349510187,6.282665127403616e-08,0.0027569740999295266,9.502295235438233e-12,0.00010761550601537575,0.9780591249067084,3.100248648262451e-06,1.0576774483950702e-07,1.7762076660323904e-06
64,7.57820806096223e-05,1.69985298851007e-05,2.56862181008781e-09,2.189278092799762e-09,5.406484001507677e-06,1.1643117113195062e-09,4.531527814611861e-09,7.301660774118842e-05,2.2436156314251854e-09,5.1375207974856345e-08,2.9721128201808907e-07,0.00017957471863448585,5.311266065006756e-12,1.5178137684546246e-07,0.001114160868156469,1.2639101833179156e-07,0.020058839004116962,6.691030785420027e-08,0.0031827715519796135,8.386134136026513e-12,0.0001742047628390612,0.9751130143049499,3.5356961572862775e-06,9.821156289265906e-08,1.8907991205948343e-06
65,6.65748229490203e-05,1.1658907142152464e-05,2.5169660944040614e-09,2.3770621504844176e-09,7.854598169447353e-06,2.05344629068592e-09,3.353968800164069e-09,5.063437169234076e-05,1.5512017601130218e-09,4.649285956839322e-08,3.0858310338815264e-07,0.00028543347478661934,5.083567191307213e-12,2.5572570450142424e-07,0.0007970097947470831,1.5541362959636492e-07,0.014404813693618002,8.537704970125182e-08,0.002757305083656551,8.61948508218246e-12,0.0001852488021989772,0.9814267729555375,4.208158111032421e-06,5.5824721267988306e-08,1.5660539751582428e-06
66,8.080546327334886e-05,1.3483246565686752e-05,5.926023662985472e-09,3.379657400332404e-09,7.220813437094357e-06,2.314654807395875e-09,9.000043597541985e-09,0.00014282730433432528,9.288135247834508e-09,1.2711099954097377e-07,2.1499457269812872e-07,0.00023085353322360535,1.1765765572902266e-11,2.8461159093472114e-07,0.0008308177947989844,3.834050401029825e-07,0.008277250633700826,4.615901202381021e-08,0.009556758976895797,3.049476754459344e-11,0.00012276686594810054,0.9807319115129707,1.8534911176779273e-06,5.879605148569232e-08,2.3053356918366277e-06
67,0.00010280962847785121,1.9082561182669058e-05,4.401621916791182e-09,2.9302567459075905e-09,6.755300663025228e-06,2.505964389021638e-09,7.248746670080441e-09,5.01086770148557e-05,2.526387670512581e-09,4.566093467093753e-08,4.659450081410229e-07,0.0002709133413952321,9.409232464484273e-12,3.2748101526393165e-07,0.0014285151052830071,2.1634847633240713e-07,0.01656547982999946,8.826147372057947e-08,0.002604631414831309,1.589360324073526e-11,0.0001479119800136509,0.9787932378016069,6.922646068894288e-06,9.754412170586675e-08,2.370834152985597e-06
68,8.706871242719815e-05,1.7020790415518962e-05,2.262993673394871e-09,2.2876345793572207e-09,3.899132596004705e-06,1.507060852310976e-09,5.057595604879381e-09,5.090734374350966e-05,1.7279398117325438e-09,4.040585805100769e-08,3.863187365451509e-07,0.00018917998348501986,5.937723661816423e-12,1.4783202142867368e-07,0.0009147440563721656,1.0728430315912142e-07,0.018580509439949655,1.0676651225892119e-07,0.0018624998195649997,1.0857759333017157e-11,0.00013547539813909905,0.9781512002327288,4.752260218157352e-06,9.58984413086016e-08,1.8454644670460834e-06
69,9.984649754052968e-05,2.4753771442590562e-05,5.099331949453844e-09,4.075867258215196e-09,5.755055095926143e-06,1.1360721326541851e-09,8.366735758835027e-09,0.00011768081138274236,3.85982875197127e-09,7.984183221948479e-08,3.254665892350526e-07,0.0002119341356664815,1.0940353985391844e-11,1.909018013711577e-07,0.001162083396915767,1.6912440492102833e-07,0.026037286692919402,8.06174540905412e-08,0.0038008416824899982,1.9150024169313736e-11,0.00016326556440080534,0.968368071889551,4.043114378397318e-06,1.7344534997591613e-07,3.39542285829009e-06
70,0.00010858240023597766,1.483620681887335e-05,4.646768131431457e-09,2.0877571245699684e-09,5.12617017321693e-06,1.8351576347757418e-09,5.989328817770065e-09,3.738066791886894e-05,2.2436045089927517e-09,3.699969932588423e-08,2.8954472788227934e-07,0.00030437498175492204,7.793543650434326e-12,3.3650039488380193e-07,0.0009137494605523047,1.6907016340998737e-07,0.012629591251771825,7.352837365966595e-08,0.002205692304019477,1.2412866271906605e-11,0.00011107054789517798,0.9836625051495496,3.7936077931837966e-06,6.860331490149387e-08,2.306182019982664e-06
