,0,1,2,3,4,5,6,7,8,9,10,11,12,13,14,15,16,17,18,19,20,21,22,23,24
0,0.009222849433707637,0.07474666186919801,6.6061423459494425e-06,0.003801818115940806,0.0004633771009552702,0.0002992349753357611,0.020583455869587434,0.04378272005840518,0.0012724098519711108,4.550711391850169e-05,0.15780762210498914,0.0350350294326084,0.0008764533832301346,0.0022563736242704104,0.0035228304057597663,0.0009104198914585598,0.06518688573309497,0.0006828155575260639,0.08424615165913416,1.5264056511480301e-07,0.0014199472152976974,0.49278323008816,2.3816486703601385e-05,3.6700120765870097e-06,0.0010199612337597505
1,0.006004947072189713,0.052540100604419444,6.760102013910125e-06,0.002893348741508469,0.0002863385789537417,0.0005607013116289394,0.019115549695155998,0.04662500473432166,0.0036860059354099314,0.00012410125900942428,0.10269482385328012,0.01764459625858726,0.0008955215119104074,0.003251499810703925,0.004536473518171995,0.0009947390113003646,0.02159257246124466,0.0008747613289056718,0.12967715617031392,2.476889728371517e-07,0.0012589303990761234,0.5835325821933885,2.4141545620387048e-05,3.806718751723877e-06,0.0011752894951608534
2,0.004918775135971999,0.05493251387862099,4.90578340300804e-06,0.0020882907225416724,0.0003464205625701228,0.00034653966961502503,0.012169261543506341,0.04115087474048127,0.002920623903858215,8.097656410409585e-05,0.1305797773515844,0.0199934481815963,0.0005769431401713217,0.0046221783784777095,0.005174216604064033,0.0005326562773402875,0.02022405416940311,0.0005060498136025538,0.0657628032217103,2.0199749551034132e-07,0.0009214096085701191,0.6306922626656264,1.7198988325443265e-05,2.6013411567995095e-06,0.0014350157562030806
3,0.00679436622192495,0.0557902574304243,5.083967357317081e-06,0.0024912875549890517,0.00029963430735612445,0.0003955011768630709,0.014716935156103589,0.039046185198918476,0.002310245569691957,6.915355768532318e-05,0.13345463647594435,0.01964581374537728,0.0007315690762118545,0.002977703371570322,0.003982149297712547,0.0005680955060269724,0.02582842596221637,0.00062845443446262,0.08300425046627755,1.60138151430191e-07,0.0010524661726954937,0.6051624607006977,1.956612463152649e-05,2.711049779088694e-06,0.0010228873369308245
4,0.006467499476041044,0.057657999911365776,5.19128969930886e-06,0.002367609854766005,0.0003128424231199491,0.00032205625487059764,0.01520007321950958,0.03684858727536905,0.002395900251123519,6.70400872696261e-05,0.12965431110183787,0.01912761743136628,0.0008533490048410388,0.003402439158680151,0.0033833544925762618,0.000495076849395803,0.023093210418463343,0.0006537883885845191,0.08143985450565856,1.746743205038795e-07,0.0011830684831432652,0.6140872037739724,1.7866788817775237e-05,2.9010544497691465e-06,0.0009609838307579514
5,0.008383382964289473,0.061500759664526596,7.138751270455266e-06,0.0040995492137291594,0.00041735813161799206,0.0004922758867552698,0.017212387738710193,0.04542992557974356,0.0028464217378342408,9.98033902369843e-05,0.14667685653264434,0.01896856261186233,0.0009838958790865777,0.003891198913372961,0.003672800445694755,0.0006466124347530026,0.030208890494415632,0.0012558306273463852,0.1034692365983376,2.49429578932704e-07,0.0015018737332717557,0.5472872009888478,3.313874300172325e-05,3.977509999235752e-06,0.0009106719990729371
6,0.00679436622192495,0.0557902574304243,5.083967357317081e-06,0.0024912875549890517,0.00029963430735612445,0.0003955011768630709,0.014716935156103589,0.039046185198918476,0.002310245569691957,6.915355768532318e-05,0.13345463647594435,0.01964581374537728,0.0007315690762118545,0.002977703371570322,0.003982149297712547,0.0005680955060269724,0.02582842596221637,0.00062845443446262,0.08300425046627755,1.60138151430191e-07,0.0010524661726954937,0.6051624607006977,1.956612463152649e-05,2.711049779088694e-06,0.0010228873369308245
7,0.011064515277534919,0.03517619578197327,3.5882476576585954e-06,0.0014865702885206056,0.0001497207261025968,0.0002144278983901804,0.013988393370995143,0.030616879829675866,0.000993679288746803,2.821327085311751e-05,0.14659509101283788,0.012070107577172204,0.0013515487699519927,0.0009869305198013842,0.002155584813870373,0.0002496055516561135,0.013241804639054817,0.0004934324467737335,0.07056262390516849,9.086116497513835e-08,0.0007265875180627408,0.6575267046389031,5.896138470309638e-06,1.1646577222680455e-06,0.00031064296893950846
8,0.011789662829381473,0.10587395273278119,1.727221619189957e-05,0.005139812204485993,0.0004941094080046813,0.0005576161202250199,0.008291714269702967,0.03433962743414812,0.004081155875992133,0.0002017653733867731,0.11922466593507827,0.02894029000529879,0.0008271369647816148,0.006641080533970303,0.006407436438408853,0.0011842096143250187,0.05664488355580322,0.0006536439902085552,0.05376405403014056,3.4167232055774516e-07,0.0009601158008154071,0.5509139569987542,5.669974878810699e-05,1.1014124820240285e-05,0.0029837821221859106
9,0.005547904682493026,0.13641208700129134,1.7525697953144372e-05,0.005086144172323729,0.00040156378537901813,0.0004968062394258133,0.008089470213204077,0.047228088248429785,0.005113688306434264,0.000426741755654669,0.0842563628965587,0.021494014797285563,0.000792593902057779,0.0113357605584377,0.006058672131118367,0.0017057901765793846,0.04612696111149257,0.0008429196949121203,0.08196839847666336,5.357053828208587e-07,0.0012758465119273015,0.5319931466663654,5.2776938897793304e-05,1.0498481897808179e-05,0.0032657018478344678
10,0.00679436622192495,0.0557902574304243,5.083967357317081e-06,0.0024912875549890517,0.00029963430735612445,0.0003955011768630709,0.014716935156103589,0.039046185198918476,0.002310245569691957,6.915355768532318e-05,0.13345463647594435,0.01964581374537728,0.0007315690762118545,0.002977703371570322,0.003982149297712547,0.0005680955060269724,0.02582842596221637,0.00062845443446262,0.08300425046627755,1.60138151430191e-07,0.0010524661726954937,0.6051624607006977,1.956612463152649e-05,2.711049779088694e-06,0.0010228873369308245
11,0.007051379275023406,0.05370761569040313,5.000566752725747e-06,0.002435559335315113,0.0003036217600834271,0.00035176617842593363,0.015584171729744118,0.036326540192048104,0.0022385395115196386,6.123104776995762e-05,0.1321419283439015,0.01987860755880895,0.0008456907642053503,0.002772512372176027,0.003683765092100684,0.0005433182432067726,0.024335853293398567,0.0006226086942037717,0.08332404162383057,1.6524584241373873e-07,0.0010824746083891842,0.6117339025668315,1.8129328398395756e-05,2.946270806528101e-06,0.0009486307068141077
12,0.0067264835836757485,0.05566711630555095,4.900438519453261e-06,0.002524341892158917,0.00027962947838484215,0.0003907548607226953,0.014822006591797497,0.039335884070674856,0.002258551176434285,6.862267782233253e-05,0.12958567900215562,0.0192847482442507,0.0007412401632948919,0.0028320827267503644,0.004010026050928558,0.0005768955875873763,0.02503856223193055,0.00062540611838684,0.08706181848916798,1.5453374268667483e-07,0.0010260070487382446,0.6061349620492567,1.888104222407313e-05,2.6152402385749177e-06,0.0009826303956052254
13,0.00526997167650543,0.04425610474323259,3.0690358721596016e-06,0.0013481825742683762,0.0002513802253510656,0.00019679366970688634,0.010367125517435813,0.03579453992221862,0.0015409691988466155,3.378143530701706e-05,0.16037657018289272,0.021175209583092797,0.0005178363318825928,0.0029170268824496855,0.0034335679298502526,0.00030066789115655525,0.01766415792567159,0.0003553494848140847,0.05129985089594615,9.875474744820744e-08,0.000772316766142264,0.6411606727486029,8.924291546683784e-06,1.4764739703502898e-06,0.000954355858489397
14,0.00610028175099501,0.08554766809280019,4.4932300528525105e-06,0.002923521144007971,0.0004257091118103275,0.00022973298893664597,0.011455632639979677,0.032425496697814776,0.0015882919772947208,6.643144067077402e-05,0.16171325255627422,0.014240671920919303,0.000892777113097197,0.0033400403149085574,0.0022261123606787314,0.00030329025298292465,0.02723191855183368,0.0008009998773817577,0.09502721728768282,1.3589675206695998e-07,0.0015966794372446992,0.5512571374245547,1.5631528725772182e-05,2.4408644954545897e-06,0.0005844355381051516
15,0.00679436622192495,0.0557902574304243,5.083967357317081e-06,0.0024912875549890517,0.00029963430735612445,0.0003955011768630709,0.014716935156103589,0.039046185198918476,0.002310245569691957,6.915355768532318e-05,0.13345463647594435,0.01964581374537728,0.0007315690762118545,0.002977703371570322,0.003982149297712547,0.0005680955060269724,0.02582842596221637,0.00062845443446262,0.08300425046627755,1.60138151430191e-07,0.0010524661726954937,0.6051624607006977,1.956612463152649e-05,2.711049779088694e-06,0.0010228873369308245
16,0.004961172753771527,0.043983600139781816,2.4902906823937915e-06,0.0012849087558093383,0.00017158429707303034,0.00017791562370065325,0.009286984360504668,0.03704968450709076,0.0012937898164944088,3.400309689105995e-05,0.1241962580478461,0.022085467111959873,0.00044846895757766564,0.0026549085392384352,0.003457660279082293,0.0003271406006172124,0.016674020919571715,0.0003383379563592352,0.052772469735852146,7.476304239656239e-08,0.0006100901842103383,0.6773233632947752,7.086990152481626e-06,1.0401507803364334e-06,0.0008574788271348449
17,0.009013107418155914,0.04923936649593484,5.884859154737255e-06,0.001620386382041143,0.0005154591253726815,0.00020954042920486133,0.020075039612086155,0.032471161987115804,0.002132335574007211,3.0200962629394415e-05,0.19271404307802922,0.02830564122457971,0.0009335433246473641,0.004266349976642524,0.0015108429591563066,0.00027145690457462224,0.028826054527960165,0.0007501578378655618,0.04536244366283203,1.4513274336055924e-07,0.0018981824872060372,0.5789587750539315,1.7990624456988965e-05,3.375817632511591e-06,0.0008685145420394374
18,0.005002346160599999,0.06333579422927586,6.9348294096681535e-06,0.0012572903519399218,0.0002625650121899979,0.0003018350539585556,0.016302367430160565,0.03436402243037199,0.002485051434596678,6.984770356537737e-05,0.12164927767593416,0.037340744148778325,0.0005178881989699974,0.0057436004334402435,0.004686319495117152,0.001016126532760574,0.04145208711737108,0.00045839282248197474,0.07049494998462845,1.8270332620554375e-07,0.0014884803539197513,0.5884641368623811,2.394848368176428e-05,4.136760655041943e-06,0.0032716737904856757
19,0.004456945389269623,0.0698390706343889,4.1209095636421686e-06,0.004229317933685658,0.00038857961902800193,0.0005697468807631499,0.01382077251944902,0.03334712865035466,0.0036656200632654433,0.00010871821677730474,0.0826190905649092,0.019393823078432876,0.0006713089745189375,0.0029640580280844895,0.00521734880813277,0.0005973658429179351,0.019535862127348414,0.0004442190010230903,0.08064824760705085,1.797695621737291e-07,0.0005834638859115649,0.6558479602957005,1.8705070746095025e-05,2.990690899876097e-06,0.0010253554382158448
20,0.0032799196673272153,0.0402264023822648,1.7902706113775226e-06,0.0013178168766722783,0.00014890954183242275,0.0002050106435845375,0.007582889763957811,0.029254070028904032,0.001521468899212049,4.297057502680933e-05,0.09045785354549066,0.009592515532875342,0.000506197000832752,0.002096351340848035,0.0031294136821435558,0.00021565857923711417,0.009910664419394952,0.000272255065947201,0.05912757388882294,8.897526304913503e-08,0.0005182895373409286,0.7400719057717479,6.09799955079486e-06,9.353472125226297e-07,0.0005129506638989235
21,0.014210743517177656,0.0737176469284465,1.5757860032300454e-05,0.0029624973668096006,0.0004317926828710473,0.00023597662777513162,0.020225664631208385,0.05403898952112746,0.0023952003814839726,7.659050074368259e-05,0.17319921554110634,0.04619432802839509,0.0013511710659302035,0.006500914941800284,0.0023675722247251886,0.0010435280435912616,0.04980044994602094,0.0015150925162990053,0.06568140097603305,2.868764682598533e-07,0.002298387241678327,0.4800924569715445,3.119842442737981e-05,6.8787741771742795e-06,0.001606258410127085
22,0.009008585310841226,0.05421815222745191,7.356378426201632e-06,0.00232083171056609,0.00023787126357211464,0.00039004994051734245,0.009443905667776052,0.058431252731659396,0.0011069602190359672,9.461724361258652e-05,0.15308721320001278,0.012468040672042815,0.0006893896634987855,0.0030673208481606087,0.00220026960534556,0.0005063980996614082,0.04693257388458792,0.0011241017782582013,0.07700034432615124,1.6401417037159884e-07,0.0017067384853973078,0.565337491225405,2.4007397987601838e-05,1.6744584128160582e-06,0.0005946896474487457
23,0.00679436622192495,0.0557902574304243,5.083967357317081e-06,0.0024912875549890517,0.00029963430735612445,0.0003955011768630709,0.014716935156103589,0.039046185198918476,0.002310245569691957,6.915355768532318e-05,0.13345463647594435,0.01964581374537728,0.0007315690762118545,0.002977703371570322,0.003982149297712547,0.0005680955060269724,0.02582842596221637,0.00062845443446262,0.08300425046627755,1.60138151430191e-07,0.0010524661726954937,0.6051624607006977,1.956612463152649e-05,2.711049779088694e-06,0.0010228873369308245
24,0.00442929101522813,0.08644616932749244,3.781264310383304e-06,0.0044707918689960826,0.0002779189512718899,0.0003143898360500039,0.011993426826895994,0.0421925806389417,0.0020034800547420904,0.00010005271003175833,0.09737964884924269,0.014833424463280367,0.0006762243199464452,0.0035570872914947667,0.0038923417947123364,0.0005470043362332815,0.027385827512972756,0.0007630920950537631,0.1269653983876769,1.4442888873427854e-07,0.001079439734143274,0.5699141711347862,2.1132958602853082e-05,2.294883044901564e-06,0.0007508853159603289
25,0.007202204938192623,0.027624705740763627,4.2314666625263976e-06,0.0015406830134782874,0.00039803201078349046,0.00018510789387251957,0.01894244049026898,0.0935350544269209,0.00110474270101101,2.4276126927731603e-05,0.2714304152992012,0.025333146639971042,0.0006327404407709759,0.003411363713050226,0.0013203894318089854,0.00027433731782874156,0.021700853206529893,0.001231108772384159,0.045132185466036374,1.420170152627993e-07,0.0017311799544402979,0.47674946928872886,1.1701448069989249e-05,1.1510448698322157e-06,0.00047833715041232475
26,0.01984872192564248,0.07716578125212069,2.312101847832979e-05,0.007631811890441545,0.000968628275833078,0.0010322181739251986,0.022521406830999183,0.0398329420283484,0.008026491835354803,0.00019962339657869107,0.17229038819778222,0.023691132980109778,0.0015773938796905197,0.006837943230499337,0.0036244713380310005,0.0010006998541747627,0.04931610101054304,0.0027200426528652243,0.09569578039539282,5.60894421595804e-07,0.002529178042482829,0.46169912349681286,0.000132308214957904,1.8968558514001837e-05,0.001615160625999848
27,0.004029852345211283,0.03812033307890085,2.3088875758942834e-06,0.001773363007018132,0.00019341112246278231,0.000397228691749045,0.008945537238210156,0.029542277148447163,0.0029632858847070923,6.0524242101375635e-05,0.0857632486038601,0.012638507792084848,0.0004819310825438472,0.0020004434488961565,0.004617155601870497,0.0003527955598054941,0.009335072295681077,0.0003013350386679519,0.06670919692951113,1.0918751915342632e-07,0.0004158983782795432,0.7305372012571197,9.477370266591272e-06,1.710120903308388e-06,0.0008077956866067817
28,0.00679436622192495,0.0557902574304243,5.083967357317081e-06,0.0024912875549890517,0.00029963430735612445,0.0003955011768630709,0.014716935156103589,0.039046185198918476,0.002310245569691957,6.915355768532318e-05,0.13345463647594435,0.01964581374537728,0.0007315690762118545,0.002977703371570322,0.003982149297712547,0.0005680955060269724,0.02582842596221637,0.00062845443446262,0.08300425046627755,1.60138151430191e-07,0.0010524661726954937,0.6051624607006977,1.956612463152649e-05,2.711049779088694e-06,0.0010228873369308245
29,0.00679436622192495,0.0557902574304243,5.083967357317081e-06,0.0024912875549890517,0.00029963430735612445,0.0003955011768630709,0.014716935156103589,0.039046185198918476,0.002310245569691957,6.915355768532318e-05,0.13345463647594435,0.01964581374537728,0.0007315690762118545,0.002977703371570322,0.003982149297712547,0.0005680955060269724,0.02582842596221637,0.00062845443446262,0.08300425046627755,1.60138151430191e-07,0.0010524661726954937,0.6051624607006977,1.956612463152649e-05,2.711049779088694e-06,0.0010228873369308245
30,0.00679436622192495,0.0557902574304243,5.083967357317081e-06,0.0024912875549890517,0.00029963430735612445,0.0003955011768630709,0.014716935156103589,0.039046185198918476,0.002310245569691957,6.915355768532318e-05,0.13345463647594435,0.01964581374537728,0.0007315690762118545,0.002977703371570322,0.003982149297712547,0.0005680955060269724,0.02582842596221637,0.00062845443446262,0.08300425046627755,1.60138151430191e-07,0.0010524661726954937,0.6051624607006977,1.956612463152649e-05,2.711049779088694e-06,0.0010228873369308245
31,0.010108201532022902,0.06180578546836824,8.230768201563655e-06,0.0022764588985369144,0.00019234159434207998,0.00031837386145762946,0.014187568459580533,0.07350531283909527,0.001461365598934734,7.882983562741244e-05,0.12827660165362573,0.02142055731607531,0.0008067517559779017,0.00297842986640309,0.002468135424695318,0.0008729903216581695,0.03846367232394425,0.0009756679749832076,0.07619248426932171,1.6230085812859292e-07,0.0013873097562074762,0.5613146072673671,1.9894004811922463e-05,2.2632319646295743e-06,0.0008780036759387781
32,0.006163586268896247,0.053282000340666366,4.519255901190828e-06,0.0025734136309080178,0.00027695769277020035,0.0003929547872428299,0.014998518239843904,0.0376431196571221,0.002197105583374241,6.879380217580152e-05,0.12478866948073107,0.01764699330813637,0.0007415564330574027,0.0026190524979722535,0.004289727266637691,0.0005895978268823013,0.024644057425568574,0.000619990218004389,0.10135899984261114,1.5590380914652957e-07,0.0010714389011354185,0.6030632158360262,1.9113942229458828e-05,2.6226565958693943e-06,0.0009438392017017318
33,0.0039042797033450962,0.08379278558492452,2.141503003953621e-05,0.003381201060193488,0.0007750356366109038,0.0046887368575367315,0.009371763032365183,0.029994732508682488,0.04592665443916864,0.0016649720579667334,0.07911611348906329,0.00719466574156346,0.0003170478469288452,0.020080960499318304,0.03447722849966305,0.001025079140965446,0.013408593598256809,0.0005623969449908364,0.08601095463061902,9.52672424753211e-07,0.000884709215337484,0.5645906051488818,0.00013310358300114088,8.971738991554806e-06,0.008667041339160872
34,0.013057975958024095,0.03266938451527961,4.472724583090221e-06,0.002360424139341354,0.00030427128025369026,0.00033847154558522524,0.016939367172991323,0.03310726770429055,0.002105255300627861,3.66076516359466e-05,0.18068373844685356,0.01453760278528155,0.001010597471966691,0.0016373442932634905,0.003782637628876344,0.0003445036020215492,0.016592335173804533,0.0008240626638386175,0.09978458585667743,1.1639095022876337e-07,0.0011131997989853393,0.5781823926850586,1.603717872537873e-05,2.433450501932737e-06,0.0005649145805820533
35,0.009338691084253092,0.037608027233066665,4.182156111742831e-06,0.0019883383549394837,0.0001443144617581286,0.0004018056578233131,0.013198968449921576,0.04876332715226559,0.0018801460793622365,6.0404925289875386e-05,0.10198299026859566,0.017693784869996898,0.0007669840365569222,0.0015665613108623367,0.002324418010406567,0.000697173926981964,0.01937086398768563,0.0008811060916997307,0.09035666189188468,1.0946211887676578e-07,0.0007686142989496137,0.6496103060609124,1.3225002815956479e-05,2.0158206972520807e-06,0.0005769794050437848
36,0.01102570212276128,0.04340663543640559,1.586224985909857e-05,0.002482813110260057,0.004275461248033093,0.0005093168342309199,0.02625338826662959,0.008134678592308982,0.0028059985907515077,2.8136431825837786e-05,0.6037381432769039,0.01879668321741176,0.0010936645527016443,0.0030864476267966536,0.004284160368492995,0.00023554000757203158,0.038843556064390994,0.0006539214186177528,0.05894922475997699,3.6648316836798874e-07,0.00587731334964387,0.16315412040053837,8.64860747751919e-05,2.5407478010034972e-05,0.002236972037933354
37,0.017764790446163154,0.06066518655500264,1.588202360352756e-05,0.0027679123073659035,0.000634209378228828,0.00030811704728813614,0.027300328833380707,0.03216421127872904,0.003552091209901082,6.425501648435869e-05,0.18909446153334106,0.034444599418560894,0.0018889182354065606,0.0051990657122397395,0.0020812965841166204,0.0006583603245824201,0.038102598664884364,0.0015235873438935216,0.06992403522505027,3.033654052792339e-07,0.0027048941892109,0.5077742686527096,3.5436193977751475e-05,9.964524945486402e-06,0.0013212259355280807
38,0.005924363606197702,0.06623134885724337,4.775399310726061e-06,0.0021810599790220765,0.00035706436114325114,0.00027003651307291155,0.010354840246636446,0.03594402778964453,0.0023435365834879166,6.200130265986232e-05,0.1465641468095651,0.021521503175326466,0.000605466055636196,0.004255632605820167,0.0034020100466039716,0.00038155658140782126,0.023680237725431486,0.00047863655853366474,0.054234985696328925,1.424291599693585e-07,0.0009081360514646403,0.6191145090472943,1.560525074304576e-05,2.5571527153666305e-06,0.001161820175549984
39,0.006766293954878206,0.049623277687808394,4.924111366239279e-06,0.002254887225409256,0.0002659082653578377,0.00041353260630995703,0.015808226993857956,0.04410410971730024,0.002022426623530968,6.253992203280311e-05,0.1316782128176475,0.020834575741934112,0.0007011178917695341,0.0025617434297510954,0.003691068864152117,0.0006356014654587816,0.02699310124274529,0.0006206644002456822,0.0822226807992656,1.521847933573092e-07,0.0010645259382503658,0.6066694361290612,1.858310680867406e-05,2.454940907261778e-06,0.0009799539393575477
40,0.006996553482319893,0.043325379402517995,3.826775597948107e-06,0.0010042191596172567,0.00023777166306482566,0.0002621163265652418,0.009959292010168007,0.023877899055145577,0.0015240293754383803,2.7919199109959855e-05,0.1311019261528522,0.023626373222728828,0.0005252222479110915,0.0020876215333318756,0.0033158406116726674,0.00026335070273114506,0.018562399133781885,0.00018839717095833576,0.027475673626811952,8.432047996264553e-08,0.0005121350226166934,0.7040748591221161,7.3183840326630385e-06,1.3763865186392774e-06,0.0010384159119109042
41,0.005990014498507443,0.04384811603297741,2.9495164020279325e-06,0.010726835639092325,0.0009230652286879327,0.0018208358271533428,0.010035465012287128,0.03279525831848434,0.007542952468943254,0.00012027204311544766,0.13238751471178034,0.01799554988813918,0.0003262621571220648,0.00168697203615883,0.028928183062299686,0.0004877867362707902,0.012165307329214557,0.00029726637848810053,0.0859021226575457,1.4882011751469238e-07,0.00017622859845380345,0.6045343793848366,2.669650525618312e-05,2.7257603260366245e-06,0.0012770913883398869
42,0.0026282189254507454,0.028827217521981887,1.059330817661931e-06,0.0009915654660662752,7.62863912208134e-05,0.0002382028321516211,0.006723830511013131,0.027098978477778722,0.0008257313110854357,3.0048444469012713e-05,0.056397374658325804,0.008792074204388966,0.0003929941565903191,0.0006050799138489058,0.0028810364336751024,0.0003670701212843085,0.011034176630897051,0.00014544524084996217,0.06719105711354334,5.271245443236053e-08,0.0002755500382523529,0.7841097825926846,3.43495513294427e-06,6.134647141103143e-07,0.00036311855132265783
43,0.003852013753528663,0.04095497480347116,4.202036802493655e-06,0.002408041764475512,0.00020079345100329222,0.0008824614800333517,0.008543953329306997,0.05110338332634279,0.0027456363040910853,0.0001859234634695008,0.0771793257659747,0.006873242649061213,0.00047525274460683356,0.0023555791754727206,0.005033690944337557,0.0005849763138012081,0.015515603161670322,0.0005400665857634376,0.10080700673040097,1.9167065985845998e-07,0.0008073253081029448,0.6782292054981538,1.8613773089822678e-05,1.5452044119577048e-06,0.0006969907619678166
44,0.00679436622192495,0.0557902574304243,5.083967357317081e-06,0.0024912875549890517,0.00029963430735612445,0.0003955011768630709,0.014716935156103589,0.039046185198918476,0.002310245569691957,6.915355768532318e-05,0.13345463647594435,0.01964581374537728,0.0007315690762118545,0.002977703371570322,0.003982149297712547,0.0005680955060269724,0.02582842596221637,0.00062845443446262,0.08300425046627755,1.60138151430191e-07,0.0010524661726954937,0.6051624607006977,1.956612463152649e-05,2.711049779088694e-06,0.0010228873369308245
45,0.007288007180849353,0.06463414041570874,6.124351187308042e-06,0.0022923753803345895,0.00029175088069301685,0.0003478833831835584,0.012763325556689924,0.03888688716268614,0.002187034836591259,7.61846014936359e-05,0.13825435331085154,0.020122646226262975,0.000733442199999788,0.0037764274254123,0.0033260391461466935,0.0005432465479204378,0.030224596560987187,0.0006765820047692918,0.07344331287728562,1.6217952718424583e-07,0.0012297936423513603,0.5977556794171748,2.1017094298010514e-05,2.889360174205392e-06,0.0011160982574210335
46,0.008300268616650622,0.053838002563502546,2.9948861928718673e-06,0.001848532548536034,0.00015150369618814556,0.00021925915209084165,0.008632209440430222,0.0301190437839633,0.00037509589084681676,2.2499797157334154e-05,0.1103313317956779,0.025701575568488476,0.0005319683203730517,0.0007399840166215759,0.002823466757376531,0.0006537576475145541,0.07473446740307704,0.00022419509581632707,0.049221866136438024,5.7465031883227795e-08,0.0005374371230661409,0.6303548996597258,9.781169272841898e-06,1.260646523393125e-06,0.0006245408194377387
47,0.0056381201700827065,0.0555523787786419,2.0002458630794106e-06,0.0006825053067836836,6.285231510700258e-05,0.00010926265700046586,0.007187397350555249,0.020194380063012947,0.0007588203303631535,2.1171798056872486e-05,0.05799403281646487,0.022128783354685693,0.0006617763607475928,0.0008217010811386533,0.0017023693655260853,0.0004448015865599119,0.015222331135400292,0.00012989561098738806,0.032365690083025415,4.8628852543543885e-08,0.00024126556816048622,0.7774790443055685,2.562141099274816e-06,1.1112980049282291e-06,0.0005956976483112706
48,0.0035475826407579698,0.11967733420621869,2.7849971797175996e-06,0.0027557112251117817,9.457691315217193e-05,0.00021283831386756984,0.0069805687603154455,0.038406820845709566,0.0005688680926890047,8.572098241809361e-05,0.050509311776251085,0.011100528133573685,0.0004528842468854075,0.0016272022846717195,0.0026730668080430994,0.0006952720058778221,0.0593104531403385,0.00032890399328601547,0.0981151409841607,6.902887833351757e-08,0.0006889577072039173,0.6016456778576081,1.2205107355013552e-05,9.103469727076586e-07,0.0005066096014737429
49,0.008841094215705876,0.04792280417735327,6.263396189846496e-06,0.002160556606035366,0.00029284185246372256,0.0005436245050811972,0.014746273111741374,0.044675750191577115,0.0023363330195431318,6.246417295611712e-05,0.14498668558665412,0.02525664603344006,0.0007454484233847631,0.002591287634146543,0.002937884833380277,0.0005429467280663132,0.025214959814657135,0.0006223538379650801,0.05040502390040953,1.693297020939532e-07,0.0008480733756671206,0.6232843309167095,1.8740505745104423e-05,2.5977241915459834e-06,0.0009548461072334865
50,0.018515722129730315,0.04926190701773726,7.01103396947416e-06,0.004005089309305195,0.0006514702794966262,0.0005663342312399554,0.01227414075109229,0.02899169482737737,0.0020108275569262306,3.6901745555617885e-05,0.30310623440346457,0.031626924390034276,0.0006450450924377139,0.0022418680015905738,0.004883036827334602,0.0006596414906680948,0.06007720886897786,0.001045426810612143,0.05618750325023612,1.7777566246354729e-07,0.0010752044027778746,0.42071696605108855,5.716967936405148e-05,6.938803298809045e-06,0.0013495552700218947
51,0.0047925774210264725,0.07902058903398831,3.381263577299101e-06,0.0025783956091703746,0.00020450753590703667,0.00023589705694964194,0.008320557160704312,0.03947186437647759,0.0016522680739785953,6.989896102271938e-05,0.1012275784269887,0.016232400384259146,0.0005925123517480929,0.0030255134935137395,0.003478198910105474,0.0003876093438229089,0.019123480464836973,0.0004266030821455561,0.06824194960091698,1.0828872058269856e-07,0.0006403941343611303,0.6495185042273302,1.0397625622019424e-05,1.489875091059201e-06,0.0007433232977351449
52,0.006605538003016254,0.051800819167564106,4.916983867655319e-06,0.002898597273499061,0.00025667529240030757,0.0004657458340685328,0.012538453676122914,0.04247836310997557,0.002445479145499377,9.627229732937515e-05,0.1181216285150853,0.015105481018623997,0.0007331525264341093,0.0028355310757748587,0.004466255867367738,0.0006318729337385877,0.02256339935976394,0.000773184849333526,0.10005211417380482,1.801509274263867e-07,0.0009374465446339742,0.61329567438713,2.0394205397037725e-05,2.5066945355595176e-06,0.0008703169141060173
53,0.0068601547595548784,0.03601217622738602,4.840300422657968e-06,0.0018311891677043302,0.0003278308520588463,0.0005516928509416068,0.049267302297571786,0.04856711595739003,0.003447669460474864,3.485048958125733e-05,0.1650577376231613,0.04259024558186792,0.0007448877598806281,0.0030126451806317383,0.004689594109046837,0.0007885270931999704,0.02345594179420239,0.0006856327425714534,0.07680749680725148,1.8660094953634763e-07,0.0012289871711023649,0.5323914692762121,2.592149465295371e-05,3.0134285814598487e-06,0.0016128909736015822
54,0.0025382637016992202,0.09321830824738535,3.7053099976004338e-06,0.0011688654324337158,0.00014459818450017812,0.00019752095283955446,0.00755150062083297,0.031040441512020362,0.00281285219342078,8.782298200553556e-05,0.06258232766120585,0.03736157789721719,0.000345067164370346,0.005368356857768106,0.006674481345737043,0.0009379614856378225,0.0176688935562158,0.00015404352129825608,0.040497633746139336,1.3461928712369882e-07,0.00032188245012384424,0.6858475884612831,7.707014333802048e-06,2.164426836685345e-06,0.0034663006554103227
55,0.009440067942028174,0.03899909250322385,5.426832624208486e-06,0.003065443637563654,0.000756720408090808,0.00046616325830962495,0.06155605884619307,0.029798520867817525,0.006470906324666054,2.4994954883101868e-05,0.19210997878503122,0.09084773037731603,0.001156444725242624,0.0029455972224934593,0.0035260449161806486,0.0007849073941079325,0.017842366476356338,0.0008621745976266286,0.07854540817577502,1.8916189401737516e-07,0.0011319378674370948,0.45770916638727693,2.7694102113966994e-05,1.0160726349402102e-05,0.0019168035093985265
56,0.006868889540260312,0.05479819862308556,4.984592640123808e-06,0.002400635312689223,0.00029355549275535413,0.00037131614602676247,0.015055826833436125,0.0375780799039756,0.00225747695697171,6.44248731494961e-05,0.13219637542780158,0.01976305771822178,0.0007802011941098508,0.0028698302546354693,0.0037607293781175477,0.0005443797392791261,0.02475073464813383,0.0006178719210551437,0.08200241739544342,1.6004622904224493e-07,0.0010565511414406686,0.6109649628221573,1.850846642403706e-05,2.755478588850434e-06,0.0009780760933721466
57,0.004169633440046957,0.05727143862226727,2.846404396638368e-06,0.001610208912359325,0.00016209191050327928,0.00018451404054115321,0.014894704672501405,0.03080111150906106,0.0012660078545542,4.1175422303095886e-05,0.09206992028969031,0.018354762113897787,0.0007921094461323232,0.001723654915092208,0.0027814650341680554,0.0005677518656811841,0.02096319046211182,0.0003863071129266191,0.12274319566252267,9.164095052282366e-08,0.001067420010444511,0.6273881116083266,8.566358230704114e-06,1.9256332919749866e-06,0.0007477950579983032
58,0.00719050633457541,0.05871876214315847,5.889407821436654e-06,0.0028112884634112567,0.00039851697172299647,0.00040795920058943086,0.017656481748597123,0.031896970149437556,0.002939945426392667,6.875654561676035e-05,0.13907643524467037,0.02243287914083,0.0009544126939800822,0.0031316152369112774,0.004188218748035419,0.0006386053383185364,0.026063636428241634,0.0006676591330013289,0.09204835666592896,2.1148454723820437e-07,0.0012549561148827765,0.5862054060220323,2.4192202311992264e-05,4.775192028262842e-06,0.001213563962956684
59,0.007418698866366063,0.06380035180382695,7.234568000361811e-06,0.002784384915492979,0.0004155123203810425,0.0004395572981084262,0.016658054217701404,0.035094507707183024,0.0030214698462789824,8.535013030780906e-05,0.13974155978081312,0.02205009718642478,0.0009126173940567786,0.0037185539105924962,0.004019468221031433,0.0006967408350510903,0.029990278539257426,0.0007267702067319721,0.08690809444744016,2.3166795231215246e-07,0.001406171535208793,0.5787312385136024,2.7028707680610912e-05,4.90641738012181e-06,0.001341120963129407
60,0.00679436622192495,0.0557902574304243,5.083967357317081e-06,0.0024912875549890517,0.00029963430735612445,0.0003955011768630709,0.014716935156103589,0.039046185198918476,0.002310245569691957,6.915355768532318e-05,0.13345463647594435,0.01964581374537728,0.0007315690762118545,0.002977703371570322,0.003982149297712547,0.0005680955060269724,0.02582842596221637,0.00062845443446262,0.08300425046627755,1.60138151430191e-07,0.0010524661726954937,0.6051624607006977,1.956612463152649e-05,2.711049779088694e-06,0.0010228873369308245
61,0.008159472671222898,0.06119687727786431,7.956546798207422e-06,0.0028143157419167225,0.00043005365194120193,0.00045748337465536685,0.01719214890601035,0.03642052311822262,0.003319480220169632,8.811598301249407e-05,0.14518200941059786,0.02214367842367414,0.000968439297141178,0.0039082040632628596,0.0037761750894880013,0.0006721931783555384,0.028270596198058898,0.0008087621718212486,0.08526598870428896,2.41161484495411e-07,0.001477121445861771,0.5760886742848278,2.8119628312351308e-05,5.225214947500947e-06,0.001318144236063645
62,0.00679436622192495,0.0557902574304243,5.083967357317081e-06,0.0024912875549890517,0.00029963430735612445,0.0003955011768630709,0.014716935156103589,0.039046185198918476,0.002310245569691957,6.915355768532318e-05,0.13345463647594435,0.01964581374537728,0.0007315690762118545,0.002977703371570322,0.003982149297712547,0.0005680955060269724,0.02582842596221637,0.00062845443446262,0.08300425046627755,1.60138151430191e-07,0.0010524661726954937,0.6051624607006977,1.956612463152649e-05,2.711049779088694e-06,0.0010228873369308245
63,0.006074677751918059,0.0650531646010907,4.541620941577634e-06,0.0024007834800875124,0.0002627701591586768,0.00033339590032561506,0.012612409695529373,0.0364047983104571,0.0020596587960638965,6.941632564055861e-05,0.11894073952481389,0.018523742497373194,0.0007032559071585096,0.0028960362559255237,0.003814208492739797,0.0005397116237436491,0.02540767335897725,0.0005359285924887935,0.08178984999415681,1.4337120936976576e-07,0.0009540447127766103,0.619620895342503,1.676778861430193e-05,2.4889202441850735e-06,0.0009788969760620469
64,0.007390618393201101,0.05776875612812113,6.4011458269902014e-06,0.0022904981573790137,0.00033944532831795243,0.00033431017854992993,0.01774872690279693,0.03964610860379625,0.002075626950859798,6.468267580120184e-05,0.14710231167794657,0.019665387451416078,0.0008885457896564947,0.0034366213385953817,0.003174537870145509,0.000568933246452502,0.03137793087037298,0.000771947096639268,0.09244994608905216,1.7714967009796253e-07,0.0017834852107913941,0.5700740498937098,2.22784923762266e-05,3.1542395068828973e-06,0.001015519119018393
65,0.007937861424296795,0.032704748051886154,3.2864146978455335e-06,0.00387383265595433,0.0003346564454567248,0.0007636478429890149,0.022702917453574573,0.04244698628125712,0.001527843512687415,4.484861363974701e-05,0.17382933153054567,0.017761579681101262,0.0006024014239637791,0.0011700188326309322,0.0060537810558765155,0.0006736725578729904,0.03435166645268752,0.0008411121566715381,0.15339364866861518,1.1761584927486324e-07,0.001086819263814221,0.49718574854644165,3.065989373232583e-05,2.0803991046283313e-06,0.0006767332246529841
66,0.009536188635653193,0.040182377361854836,7.601094785419595e-06,0.001739125552729967,0.000266922535115521,0.00024268915350963838,0.020429074369474932,0.057597130602163094,0.001735654148144608,5.3515479663990735e-05,0.14266379168368126,0.01985682728770279,0.0014858570014197614,0.0025282231061155977,0.0019404713955925568,0.0005291421686354662,0.017513806878139093,0.0008465440702294819,0.05878428296081056,2.188477706537863e-07,0.0012023684297795237,0.620290070561067,8.413253977997634e-06,1.9207902491046183e-06,0.0005577826317338871
67,0.012494860197837927,0.06796359312531959,1.8867807281323987e-05,0.0047133626165461896,0.0005066447737899468,0.000640357320464165,0.02043982732397205,0.05824651129432101,0.0024637017418363194,0.00015510588467279113,0.18286294775522233,0.019606746073407472,0.0012213235052098545,0.006001161815241774,0.003641165017911032,0.001077800745625025,0.07235992522257294,0.0021704013568121707,0.11026691025688358,4.5497487794866966e-07,0.0036317380978060825,0.42807816290669803,8.61020787260974e-05,6.638783972457605e-06,0.0013456893229917572
68,0.008179801980766451,0.06782754805723494,1.1338359942827714e-05,0.0036349187602766346,0.0006208837302836841,0.0006611470442795755,0.021428103865599925,0.03819825732746329,0.0060836174730402575,0.00012319175960435574,0.15858324095238516,0.03290694131168656,0.0009302096680202306,0.007244421596407777,0.0051481537006186975,0.000724542153122828,0.028334357205390768,0.0008772858914700669,0.06723924220555089,3.4378313863038e-07,0.001349536398373873,0.5475835482751874,4.316656236519787e-05,7.013195604578683e-06,0.0022591887421854486
69,0.007387170302733912,0.054768225033360714,1.1685615547003935e-05,0.002650125195569111,0.00034108961422116334,0.0005232459997290397,0.021319387129450924,0.07193404409251565,0.003191798815381903,0.0001353895905582463,0.14675393401051248,0.022240779721086172,0.0009040165922512156,0.0068320195049310795,0.003143371179043153,0.0009220827851399536,0.03286553655898948,0.001599612298972151,0.09839862374280262,3.443246490290729e-07,0.002687931891961036,0.5199205287571087,4.008332478646238e-05,4.089127149160706e-06,0.0014248847915495986
70,0.007707798765736337,0.050635181032682504,5.552099785446123e-06,0.00450472572691952,0.0007399948991073434,0.0005805828918950445,0.021877278957749092,0.03945652143652162,0.004354523358217337,5.792567072623495e-05,0.18578374971289638,0.024717732854904664,0.0007294718888416724,0.003962411535623016,0.005660340044608204,0.0003443399411393888,0.02102143999400907,0.0006315761655987181,0.06652915406246597,1.8774476359892366e-07,0.000962769472219476,0.5585693749677081,2.9844235166597e-05,3.357754461293342e-06,0.0011341647862533237
71,0.006395779728568315,0.059129646997959605,5.57743584506492e-06,0.00249621825195953,0.00034575185880263593,0.000390247700399366,0.016384057546135193,0.04111646498901951,0.0026971848190838793,7.564392849459911e-05,0.134518294809545,0.020447596806076364,0.0007616397274276153,0.003685638718637629,0.003793004632478805,0.0005890674140295184,0.025651311043178967,0.0007048262412465742,0.08374466558079478,1.8742761741899275e-07,0.0012390926982594394,0.594683574586964,2.1398937752893252e-05,3.055872686065719e-06,0.0011200722470372587
72,0.0037966067108637586,0.0381205378234234,2.6326611040186836e-06,0.0019254537802909642,0.00013204818041284442,0.0006147601043613807,0.030250203775203176,0.042949029128496796,0.001720156228287394,5.785266640920346e-05,0.0653781182597764,0.01542514120473942,0.0007498787244525325,0.0009511108599156156,0.004977115690244082,0.0010071441111827659,0.01777631969924135,0.00040684890801437784,0.13574097335882282,1.3688601646300203e-07,0.0006457325170812483,0.6367784724230259,1.0083836147623579e-05,1.162443098532012e-06,0.0005824800193879169
73,0.008583977189988616,0.05395642506868484,8.318813351962518e-06,0.001753708624213487,0.0003018236506646799,0.00030170392528403793,0.011377706787346327,0.0565500307098317,0.0017975723910828299,8.406761649990646e-05,0.19321759552071405,0.014993074188686915,0.0007269226202869072,0.005695750828894616,0.0021583532815997856,0.0003537115243010629,0.028125726080236235,0.0011703908334882343,0.06747009024289605,1.7342112672108114e-07,0.0023441872679604895,0.5481530193702425,2.1866759676748415e-05,2.0054924257066017e-06,0.0008517977905154855
