,0,1,2,3,4,5,6,7,8,9,10,11,12,13,14,15,16,17,18,19,20,21,22,23,24
0,0.0002013895104431926,3.7555094407079975e-05,1.1029013508482699e-08,2.3328012900625074e-09,4.226725188118745e-06,1.001204813193148e-09,3.426395545855735e-08,0.00019697956872993827,1.7889051999571175e-08,6.639035779990282e-08,5.470656795499995e-07,0.00012772787434179667,3.431207603671746e-11,1.1044976454466571e-07,0.0030521814551302266,1.8703126499798532e-07,0.02749601953553853,3.822851676512283e-08,0.005838943404642072,3.384574523499164e-11,4.6193769677874654e-05,0.962991950419207,2.9547042178972974e-06,5.167652874325724e-07,2.3454234202132294e-06
1,0.0001815469961285068,4.917292090843693e-05,9.846836821671597e-09,3.1421236773249427e-09,3.857936134465132e-06,9.177995566025745e-10,3.46376768158035e-08,0.0002305417273505115,2.379969097367616e-08,1.1569764772065461e-07,3.622566129030663e-07,9.485853679527523e-05,2.4157249551062117e-11,1.3575207634739584e-07,0.003711393127916244,2.480109977392431e-07,0.022426756971692604,3.0873780461072484e-08,0.009377594952146918,3.103176050117079e-11,7.481663161603798e-05,0.9638406132108811,2.684763891453583e-06,4.13512957686514e-07,4.7837211485433205e-06
2,0.00016799140298057473,4.737655214435466e-05,5.1106587063382034e-09,2.148563569342628e-09,2.8148022466348114e-06,7.040107102885312e-10,1.8204889799502187e-08,0.00012176441600776843,9.0454064090532e-09,5.818799927185716e-08,3.079105557646776e-07,7.248729359092143e-05,1.643866228383096e-11,1.0019433359488807e-07,0.0037966824810653785,1.3937698824221924e-07,0.028645874917776256,3.3382526376547686e-08,0.0036642891259172456,1.704318675381041e-11,5.726025995081098e-05,0.9634145404890206,4.116320701004458e-06,4.0823450836829553e-07,3.719404675829188e-06
3,0.00016866089392492508,5.1379398341324644e-05,6.402535045115692e-09,2.8734599612718232e-09,3.155835237200661e-06,5.956181095148075e-10,2.2863479494802827e-08,0.0001668560161099125,9.272456064785894e-09,7.554696766042183e-08,3.37329952078669e-07,9.305052592037528e-05,2.2412681476651102e-11,1.0471039720412651e-07,0.0023901951650805637,1.218750447806194e-07,0.03094694234672536,4.544845924437283e-08,0.0042299240085246145,2.16522900934426e-11,6.118145224080151e-05,0.9618804603383484,3.2928570739069778e-06,5.015390159070781e-07,3.672661022082824e-06
4,0.0001637528595385183,5.301721913148825e-05,6.813351989841661e-09,2.7355953108166878e-09,3.4343811429213572e-06,6.44819275287867e-10,2.2976086149641778e-08,0.00015052276514536302,9.320779720409001e-09,7.352495855749621e-08,3.4505507035745797e-07,9.586065060242932e-05,2.7620253458507294e-11,1.1539213205580243e-07,0.00234390181607566,1.1802935710000533e-07,0.029525519022752363,4.7581168026047046e-08,0.003908684505928075,2.2262371869653204e-11,5.5617151792272815e-05,0.9636920194220965,3.213027425722577e-06,5.183117708618217e-07,3.1967433967378954e-06
5,0.0001640654658042714,5.836905321582725e-05,6.273405067217899e-09,4.015554054973554e-09,3.479567623272757e-06,5.909048171369314e-10,2.415041392461336e-08,0.000188286791919746,7.537470687574739e-09,8.969812887765633e-08,3.6514807093288323e-07,9.765141374498751e-05,2.6427261785941224e-11,1.1264248303972163e-07,0.0019776851263064044,1.1482886277967638e-07,0.03576453293853877,6.465995216468908e-08,0.0037075055171604597,2.5035650183224652e-11,7.261371232648686e-05,0.957956363688685,4.1184224274874806e-06,6.271674875937735e-07,3.911538050478963e-06
6,0.00016866089392492508,5.1379398341324644e-05,6.402535045115692e-09,2.8734599612718232e-09,3.155835237200661e-06,5.956181095148075e-10,2.2863479494802827e-08,0.0001668560161099125,9.272456064785894e-09,7.554696766042183e-08,3.37329952078669e-07,9.305052592037528e-05,2.2412681476651102e-11,1.0471039720412651e-07,0.0023901951650805637,1.218750447806194e-07,0.03094694234672536,4.544845924437283e-08,0.0042299240085246145,2.16522900934426e-11,6.118145224080151e-05,0.9618804603383484,3.2928570739069778e-06,5.015390159070781e-07,3.672661022082824e-06
7,0.00024073523299794497,0.00010000008405710904,1.1778257132830419e-08,3.821849753747517e-09,2.3957494168947026e-06,5.352029898730271e-10,6.220681577462083e-08,0.0002018554871463502,1.4889891730027128e-08,7.84772910166069e-08,6.987727415973295e-07,0.00010456235873086253,7.236216890993677e-11,1.117588710108174e-07,0.002333043009235248,8.504037616614259e-08,0.036374154963466444,7.190651385941661e-08,0.0035621193689342385,5.035274307312675e-11,4.028115701849056e-05,0.9570321364817688,2.9259036113568206e-06,1.0836315964815422e-06,3.5672614938824937e-06
8,0.0002495741506125828,7.980653529138336e-05,9.426810847869686e-09,4.959275679714705e-09,3.2588403231298293e-06,3.393212623583907e-10,3.108171963675301e-08,0.00031900495411358773,1.0710271481619585e-08,1.4415951755879739e-07,1.864612256140176e-07,7.588198000295714e-05,2.950552775280835e-11,1.0078953838778593e-07,0.002785085062897027,1.7126995560174133e-07,0.058791676737067186,4.486194578149575e-08,0.004336408547389959,2.5303873115083347e-11,7.789413267680712e-05,0.933265850511852,4.666815541798472e-06,1.3884005925586042e-06,8.799217247929214e-06
9,0.00026651638095598183,0.00011293877992770661,1.7396728508129092e-08,6.176550241747042e-09,3.937267220123965e-06,3.042851621582829e-10,4.834433721670184e-08,0.0004214832377447037,1.7320570698981427e-08,1.6262148125190745e-07,2.716173902039006e-07,9.744382043384674e-05,6.460642842097416e-11,1.0413645183934524e-07,0.002875701701988046,1.368943308560571e-07,0.0759618565439146,5.0903815512314876e-08,0.004654119430194845,4.080742569348832e-11,6.54544357152082e-05,0.9155244406209231,3.6427207891259163e-06,2.422737820809867e-06,9.226501016591498e-06
10,0.00016866089392492508,5.1379398341324644e-05,6.402535045115692e-09,2.8734599612718232e-09,3.155835237200661e-06,5.956181095148075e-10,2.2863479494802827e-08,0.0001668560161099125,9.272456064785894e-09,7.554696766042183e-08,3.37329952078669e-07,9.305052592037528e-05,2.2412681476651102e-11,1.0471039720412651e-07,0.0023901951650805637,1.218750447806194e-07,0.03094694234672536,4.544845924437283e-08,0.0042299240085246145,2.16522900934426e-11,6.118145224080151e-05,0.9618804603383484,3.2928570739069778e-06,5.015390159070781e-07,3.672661022082824e-06
11,0.00017267459439747102,5.380655813434981e-05,6.684355147410161e-09,2.946129519311653e-09,3.16374934259559e-06,5.982580728967553e-10,2.37962528247594e-08,0.00016441472415812183,9.249062601536775e-09,7.5331777812621e-08,3.485994656363848e-07,9.594563439449432e-05,2.585192681984106e-11,1.0849591685084078e-07,0.0023017961835600244,1.1719448032298838e-07,0.031637012549012085,4.889256921176291e-08,0.00396973604193691,2.3053516030396287e-11,5.824943267455774e-05,0.9615350045057312,3.338199606991075e-06,5.369643060445754e-07,3.5790255717367735e-06
12,0.0001622483892968165,4.97525773177326e-05,5.920107054585918e-09,2.7314871143227514e-09,3.1465604475061728e-06,5.81923925328481e-10,2.054110603243589e-08,0.00015294076872878566,7.994790448913442e-09,7.116842620460765e-08,3.189667633211269e-07,9.24963686563201e-05,2.149556522857832e-11,1.043464105442747e-07,0.002210108537342664,1.1493307054887591e-07,0.030714914416922933,4.6798904886334135e-08,0.0038374486344418548,1.9958496162182016e-11,5.94351162667407e-05,0.9627095743096685,3.3387367489693756e-06,4.808254429614523e-07,3.4207342744142797e-06
13,0.0001645382654340643,4.742929794000405e-05,6.350278026894968e-09,2.6468241902120796e-09,3.039744119945892e-06,5.636844572301149e-10,2.127504861660925e-08,0.00015987178785779725,9.077158360298014e-09,6.560032294735472e-08,3.5162366596732965e-07,9.935980548758411e-05,2.1285211641115962e-11,1.0210352366374103e-07,0.0023514901176309427,1.1102123803748952e-07,0.03109810266818782,4.305578056747859e-08,0.004143134695910982,2.0568710622816348e-11,5.938648092251476e-05,0.9618660242108945,3.055044800592327e-06,4.539875901772999e-07,3.400533844053358e-06
14,0.00013007877276877123,8.959425901424443e-05,5.975741861453511e-09,3.4801581966861113e-09,3.95505127403593e-06,6.566059586771852e-10,2.892582325117463e-08,0.0001702283666024424,9.0090367657821e-09,1.2545200608478247e-07,3.527131814676492e-07,6.713737661822309e-05,3.1810890126253056e-11,1.1457449471696996e-07,0.0023224834294687784,1.1077738174313377e-07,0.02575909938433037,5.6694462326531624e-08,0.004274209537936704,2.2965445265599794e-11,6.581477160753311e-05,0.9671090226537171,3.3144109045349887e-06,7.168948968537176e-07,3.5367771915431304e-06
15,0.00016866089392492508,5.1379398341324644e-05,6.402535045115692e-09,2.8734599612718232e-09,3.155835237200661e-06,5.956181095148075e-10,2.2863479494802827e-08,0.0001668560161099125,9.272456064785894e-09,7.554696766042183e-08,3.37329952078669e-07,9.305052592037528e-05,2.2412681476651102e-11,1.0471039720412651e-07,0.0023901951650805637,1.218750447806194e-07,0.03094694234672536,4.544845924437283e-08,0.0042299240085246145,2.16522900934426e-11,6.118145224080151e-05,0.9618804603383484,3.2928570739069778e-06,5.015390159070781e-07,3.672661022082824e-06
16,0.0001560252781845175,4.9767504305454065e-05,4.1409011031063754e-09,3.249583317206033e-09,2.3265138939652135e-06,6.187247201346723e-10,2.032175805555809e-08,0.0001613765806425907,6.044591326547979e-09,1.1087896338844416e-07,2.8445081294830396e-07,8.145107382318131e-05,1.427455697394576e-11,9.768075354099162e-08,0.0016297045012448452,1.4097028887166968e-07,0.025973268593944353,6.551809809785166e-08,0.003687039778015371,2.0661741918916752e-11,0.00010576339412134722,0.9681451689656216,3.2216851190421944e-06,4.014893210099412e-07,3.7507323508063324e-06
17,0.0001674380377521035,4.825820262652535e-05,5.761290286624404e-09,4.19591300020887e-09,2.949204892501854e-06,5.441515196874822e-10,2.005231669443755e-08,0.00016084265699439169,5.734079255029308e-09,7.207245764642484e-08,3.057009223582756e-07,0.0001162710037517742,2.5812586195362586e-11,1.4133564146062487e-07,0.0013419899833802835,1.0732836661707e-07,0.03206003551750358,7.351068198043887e-08,0.002997484812377125,2.6294942354532244e-11,6.770844359340975e-05,0.963027615266645,4.396587913957595e-06,4.591870501734039e-07,3.814807590672876e-06
18,0.0002010276291317611,4.695486965268807e-05,4.387598998803918e-09,1.974523465574724e-09,1.5943739832672614e-06,1.9175592645734083e-10,1.2386862327460788e-08,0.00011510380096284952,3.4932485983640023e-09,5.023048275076965e-08,1.4865950466566716e-07,9.61291253712828e-05,1.7834582047996732e-11,6.563430429736385e-08,0.0010390262292944523,5.1057335326919794e-08,0.05019214990356823,5.663603182452496e-08,0.0018221576778425258,1.093395823486545e-11,4.3659753778846175e-05,0.9464353081160198,2.19009627938004e-06,5.933337605516536e-07,3.7104099377471784e-06
19,0.00010292497921675901,3.8805281046881147e-05,8.271503122057509e-09,2.451984817748341e-09,3.7529506180822627e-06,4.58840466046381e-10,1.6204223696760517e-08,0.0001776109473451488,1.0673464616353809e-08,6.796078588944874e-08,2.6629662174380416e-07,0.00011007549264584284,2.5841432273550526e-11,1.0029839418658332e-07,0.0017354936379117448,8.398852007051436e-08,0.026918288679670794,3.3607242486567167e-08,0.003782278290508029,2.2518428135429423e-11,4.62071627681786e-05,0.9670791778489364,1.7706689735445692e-06,4.0249500031648463e-07,2.621305417510389e-06
20,9.131515624914256e-05,3.5182953545828793e-05,4.222547147110527e-09,1.791619261412218e-09,2.4851766776911907e-06,3.0799013172549054e-10,1.104465784276735e-08,0.00015344978777648814,6.22706475435019e-09,5.512859118188058e-08,1.8351322315633007e-07,6.527375266430117e-05,1.2801421131360346e-11,6.317347203927463e-08,0.0017680965609035467,6.500940749720554e-08,0.026913222601278444,2.6477790296685284e-08,0.0028388916617324714,1.2948608526477556e-11,4.634042954584608e-05,0.9680808742424821,1.8804379756788487e-06,3.479103972409881e-07,2.2224066579303433e-06
21,0.00029266100492875103,5.027808268811271e-05,9.165252439692175e-09,3.988988864384388e-09,3.5979273118637923e-06,1.0270795996769454e-09,3.529779021890482e-08,0.00016075098822612344,8.934534375628385e-09,9.642389200949602e-08,4.343185769629209e-07,0.00017990883617097,3.798059230904225e-11,1.7879200583340717e-07,0.002130521998276016,2.4839355973418853e-07,0.033197087306778464,7.541928913581882e-08,0.004245954168660775,3.620063972674474e-11,7.853692293320003e-05,0.9596496647459821,5.19469714956142e-06,5.618915442904442e-07,4.189594199114778e-06
22,0.00017660576755867974,3.5691032266244236e-05,6.087901906611845e-09,2.235413367110756e-09,2.486166862354851e-06,6.387597851047608e-10,2.010386426332065e-08,0.00012858698712536146,5.970422972893231e-09,5.5125778961118196e-08,4.00891565424295e-07,0.000109667429617482,1.6202067474363027e-11,9.397679626520363e-08,0.0016762621726902135,1.2186672709949448e-07,0.030940307311414807,6.153705690013356e-08,0.0029477888136105876,2.159764105839719e-11,6.820516891424024e-05,0.963907685191341,3.096312686072271e-06,4.0894118017546356e-07,2.44023264606958e-06
23,0.00016866089392492508,5.1379398341324644e-05,6.402535045115692e-09,2.8734599612718232e-09,3.155835237200661e-06,5.956181095148075e-10,2.2863479494802827e-08,0.0001668560161099125,9.272456064785894e-09,7.554696766042183e-08,3.37329952078669e-07,9.305052592037528e-05,2.2412681476651102e-11,1.0471039720412651e-07,0.0023901951650805637,1.218750447806194e-07,0.03094694234672536,4.544845924437283e-08,0.0042299240085246145,2.16522900934426e-11,6.118145224080151e-05,0.9618804603383484,3.2928570739069778e-06,5.015390159070781e-07,3.672661022082824e-06
24,0.00012260816080900382,6.398953540834553e-05,5.821416348752337e-09,4.040236830790028e-09,3.716281307307175e-06,5.874458590018144e-10,2.0625380864877645e-08,0.00016480958230252066,7.407535262045736e-09,9.628942868969463e-08,2.951089782539938e-07,9.039366099660578e-05,2.881243374082821e-11,1.4204659738923982e-07,0.0016468521846167668,1.0435058470547127e-07,0.02528741840431824,5.683482196796659e-08,0.004036785856702898,2.5588021354096895e-11,6.527691265872118e-05,0.9685100434588103,3.292379239196585e-06,4.4604338669321504e-07,3.634372616775776e-06
25,0.0002063685138264944,4.6711752624600656e-05,9.255777848152742e-09,5.4779843426612795e-09,3.078310343532627e-06,3.9662180166462103e-10,3.453783287290567e-08,0.00036795396644264544,8.689638107342223e-09,6.597637527289494e-08,6.517704745220088e-07,0.0001635539306998209,3.776770045876127e-11,1.0558424810142521e-07,0.0015003824077872074,9.701291611453285e-08,0.05359490229614965,7.066872802971723e-08,0.004553057620781729,4.5052101315943696e-11,7.45793110170452e-05,0.9394810916084879,3.72028897278457e-06,7.040820485882909e-07,2.8464574012758402e-06
26,0.00032116293260144323,5.3156733976654185e-05,9.402252230113869e-09,2.740315642323389e-09,2.3721257730847765e-06,2.782923546471824e-10,2.8848110756935714e-08,0.0002107960842957157,6.84059086081736e-09,5.722058855833153e-08,3.306155839062955e-07,0.0001166596304493608,3.864103658530638e-11,5.8719326557442933e-08,0.0016101488729761211,7.095649418534952e-08,0.08123648121080625,7.164427055510167e-08,0.002216884683999521,2.2057314942910133e-11,4.002980434498116e-05,0.9141835944015229,3.1407431977355543e-06,1.5650492616198495e-06,3.370400270683693e-06
27,0.00014661486953753683,4.0760535234503416e-05,5.543222398311634e-09,2.1049187117375223e-09,2.289099718014075e-06,6.398913318205318e-10,1.9821759696288254e-08,0.00014858781491113496,1.251129704345264e-08,7.410797110049618e-08,2.4356032019403443e-07,6.270992510797284e-05,1.3541441030181871e-11,7.873741682745357e-08,0.002858835737030157,1.2393882211329092e-07,0.021456986572078347,3.04339818311225e-08,0.003920948693843781,1.9252441682277267e-11,5.033429452710281e-05,0.9713043407114317,2.472751042574587e-06,3.628493223895739e-07,4.164713819399436e-06
28,0.00016866089392492508,5.1379398341324644e-05,6.402535045115692e-09,2.8734599612718232e-09,3.155835237200661e-06,5.956181095148075e-10,2.2863479494802827e-08,0.0001668560161099125,9.272456064785894e-09,7.554696766042183e-08,3.37329952078669e-07,9.305052592037528e-05,2.2412681476651102e-11,1.0471039720412651e-07,0.0023901951650805637,1.218750447806194e-07,0.03094694234672536,4.544845924437283e-08,0.0042299240085246145,2.16522900934426e-11,6.118145224080151e-05,0.9618804603383484,3.2928570739069778e-06,5.015390159070781e-07,3.672661022082824e-06
29,0.00016866089392492508,5.1379398341324644e-05,6.402535045115692e-09,2.8734599612718232e-09,3.155835237200661e-06,5.956181095148075e-10,2.2863479494802827e-08,0.0001668560161099125,9.272456064785894e-09,7.554696766042183e-08,3.37329952078669e-07,9.305052592037528e-05,2.2412681476651102e-11,1.0471039720412651e-07,0.0023901951650805637,1.218750447806194e-07,0.03094694234672536,4.544845924437283e-08,0.0042299240085246145,2.16522900934426e-11,6.118145224080151e-05,0.9618804603383484,3.2928570739069778e-06,5.015390159070781e-07,3.672661022082824e-06
30,0.00016866089392492508,5.1379398341324644e-05,6.402535045115692e-09,2.8734599612718232e-09,3.155835237200661e-06,5.956181095148075e-10,2.2863479494802827e-08,0.0001668560161099125,9.272456064785894e-09,7.554696766042183e-08,3.37329952078669e-07,9.305052592037528e-05,2.2412681476651102e-11,1.0471039720412651e-07,0.0023901951650805637,1.218750447806194e-07,0.03094694234672536,4.544845924437283e-08,0.0042299240085246145,2.16522900934426e-11,6.118145224080151e-05,0.9618804603383484,3.2928570739069778e-06,5.015390159070781e-07,3.672661022082824e-06
31,0.00015083086658929473,6.035023120596562e-05,7.939355487686383e-09,4.27326845862076e-09,3.833414712880686e-06,2.838674136211544e-10,2.0139805042155408e-08,0.0002864263373157968,6.567769292998522e-09,1.0409077987552522e-07,1.9788987853518267e-07,9.998847735635818e-05,3.382309659247665e-11,1.02146479573809e-07,0.0011474016423535648,9.271743774130539e-08,0.04543021071133421,5.210757266024578e-08,0.003896573221731069,2.6004626896489758e-11,5.5889433618257647e-05,0.948860758119202,2.6852909537984154e-06,8.208910753887006e-07,3.643146509843967e-06
32,0.00016583629303111233,4.8776321425563935e-05,6.366183503257294e-09,2.6668569023757614e-09,3.1397266148191617e-06,5.97675999589041e-10,2.181954755223545e-08,0.0001658318636058321,1.0109701583256847e-08,7.431484516277466e-08,3.199390304695808e-07,9.01190279759956e-05,2.0600117526987723e-11,1.0433755556311767e-07,0.002527851708797313,1.2716074614132452e-07,0.029076545393407018,3.9799046637354196e-08,0.00474414879303005,2.0634336605038344e-11,6.13121384024817e-05,0.9631086598751096,2.9835897087770037e-06,4.4440711439122166e-07,3.643709353246909e-06
33,0.0012046666357227375,0.00012244420702959606,1.2609759820596278e-07,3.079932683558147e-08,8.341389044253151e-06,5.744680184581328e-09,5.480992378956698e-07,0.001623982606454548,8.8843159842689e-07,6.225912634221792e-07,3.951240017667634e-06,0.00035613811514160804,5.6029736004633674e-11,3.4061630136900976e-07,0.04599512594289737,1.7982603978011238e-06,0.05868007690776098,8.66710540429126e-08,0.05858227253620627,2.0123385945232857e-10,0.0007162293546971189,0.832530171404595,1.1001341334463624e-05,2.7599714001454676e-06,0.00015839077897671582
34,0.00017643000547985143,5.1449170822460535e-05,6.70861155629077e-09,2.8011048256315165e-09,3.110798464676522e-06,6.209782209277834e-10,2.4355644282942107e-08,0.0001695088743512371,1.067969648756496e-08,7.736889107059884e-08,3.395593577074561e-07,9.193001964744468e-05,2.2437383295406586e-11,1.0553958018434713e-07,0.0025820786173209485,1.2856289509570406e-07,0.029763347977346324,4.287274588567123e-08,0.004626500036868018,2.1933211721999258e-11,6.08384748034803e-05,0.9624665831133102,3.1291144100409394e-06,4.924213356386499e-07,3.862261963610507e-06
35,0.00020230452031350606,4.518723341645465e-05,5.8713440638562395e-09,3.489520334209006e-09,1.9788626519710347e-06,3.629137293433445e-10,2.2846331155895446e-08,0.0002486493631579644,1.0254621445278571e-08,1.0269835978440877e-07,2.1652346403688778e-07,9.337341669667406e-05,2.0840948757051107e-11,7.088135196775282e-08,0.0012559926491031164,8.863599048421875e-08,0.03443296559089595,5.58644693646223e-08,0.004270831213275529,2.4175009750301437e-11,5.662321080080959e-05,0.9593839797678668,1.952956295897099e-06,5.256653346177785e-07,5.0580768086195255e-06
36,0.00017509962295696353,0.00013973963752554898,3.42604395989206e-09,1.0061409954048171e-08,1.9858630594668395e-06,1.5525016804687623e-08,2.529726211476971e-07,8.143005307032977e-05,7.975274104442383e-09,1.947504155016305e-07,5.489064286471593e-06,3.335949312667033e-05,2.3464184661385216e-11,2.322799080570331e-07,0.003584548027964408,3.930666613846545e-07,0.005283373882753756,5.843284750384641e-07,0.0019430325955887497,1.4755337906897385e-10,0.00017943488401640594,0.9885318910435599,3.540523414849805e-05,5.803655354414454e-07,2.935675563714508e-06
37,0.00040026460366640864,4.7328159737659974e-05,6.705934074874591e-09,1.869601092397155e-09,1.8678805205366053e-06,3.5145060401767486e-10,2.628152329554004e-08,9.842011586904507e-05,3.898555620099358e-09,3.653255361604062e-08,2.983393160987746e-07,0.00014055366355475842,2.640696097085961e-11,1.1585861689237202e-07,0.0011551174150193954,9.098345272437027e-08,0.04021014641857674,6.70949197720166e-08,0.0027266833446876605,1.664128646583745e-11,3.723743055353623e-05,0.9551757870201704,2.771874290436473e-06,5.444943057413494e-07,2.62962007569893e-06
38,0.00013926342968610588,5.321489993789365e-05,6.736843913145382e-09,3.3875385474147533e-09,3.41049779842199e-06,3.8618076970286227e-10,1.853877218384742e-08,0.00020958003677512012,8.674069504762771e-09,7.914403718204739e-08,2.6600700050147565e-07,9.748408402283967e-05,2.5288340252495908e-11,9.632742079241043e-08,0.0018536581255863371,8.674690554338011e-08,0.037459754920465084,4.260231388867759e-08,0.004083920205589454,2.1455298956249057e-11,5.7017730661155894e-05,0.9560349181990794,2.6843059896226377e-06,5.593208915508642e-07,3.925645690352669e-06
39,0.00017013202625620368,4.5259801878064805e-05,6.963477502303516e-09,3.2019425828547716e-09,3.5220017843733433e-06,6.842977616958054e-10,2.268349493121885e-08,0.00019260785609549177,1.0129526325730336e-08,8.46870571452765e-08,3.497799411095801e-07,0.000105001646149456,2.0486712968001404e-11,1.1003361311765444e-07,0.0024172301466143325,1.5306959263325087e-07,0.03152057696011873,4.6034907917126454e-08,0.004851518292087604,2.4062273881880246e-11,7.519866778683632e-05,0.9606102769539492,3.4908261543939367e-06,4.719200906591104e-07,3.925588634534986e-06
40,0.00014462089808458785,2.4375894444580484e-05,2.8277348710617547e-09,4.858991755227521e-10,1.0791622985181796e-06,3.5754688027530083e-10,8.116986686343584e-09,3.803599908291622e-05,3.79365726851256e-09,1.8020743449737292e-08,1.6534085540294488e-07,6.350711382716132e-05,6.123876757380825e-12,6.267784160534731e-08,0.001343554743595992,4.975327954979009e-08,0.013659659925031703,2.3271705169864176e-08,0.0019963699112278827,6.122995228944531e-12,2.5047797608368166e-05,0.9827008604995607,1.0319144976793655e-06,1.238406828584859e-07,1.397641560162077e-06
41,0.00014541511582646772,6.518604267039793e-05,1.7352910267012232e-08,2.5714554089073992e-09,7.877665835901462e-06,1.3810082366705325e-09,3.602647402303013e-08,0.00023276492564945297,6.371029461218761e-08,1.7797620208049457e-07,2.473085075325551e-07,6.306006809660185e-05,2.19236853785379e-11,1.6198353410823364e-07,0.011207875990802724,3.862411487695907e-07,0.0180160124135066,1.3214975059481588e-08,0.013273259743266626,2.1715004452715062e-11,7.912889037995e-05,0.9568956687751445,2.568163118865168e-06,6.048992157428817e-07,9.469496337106003e-06
42,0.009165734728081968,0.0023382475335444407,4.025283446522659e-07,3.855616215261849e-07,8.833947860877354e-05,1.7032318295098502e-08,1.9723905545394683e-06,0.0002452022670765495,4.054666207367299e-08,3.747536018932335e-07,2.727051109014562e-05,0.004730128703145761,2.038278905068756e-08,1.31514886619541e-05,0.004705854098222192,1.6753501444146028e-07,0.17274339007944672,1.96971482606597e-05,0.0022952469655408937,4.410693169513759e-10,0.00015638469593760434,0.803010759834428,0.0001921576643963098,8.659499792016963e-05,0.00017845863366215884
43,9.289304942540139e-05,3.295997547223909e-05,3.6490416415611515e-09,2.5895123791242584e-09,4.2442577698269004e-06,8.342989116331802e-10,1.2121769950162403e-08,0.00019662270475794268,8.356837746855376e-09,1.3552282476938733e-07,1.9929550413373024e-07,5.882201761315495e-05,8.757759763544396e-12,7.686971383437407e-08,0.0025914091895950257,1.858118210805531e-07,0.021385297427781048,3.3062666179502033e-08,0.00484432129047717,1.3860380441542039e-11,0.00010830160425797054,0.9706777633592064,3.0755712326792447e-06,3.3507481255001235e-07,3.2963409900124365e-06
44,0.00016866089392492508,5.1379398341324644e-05,6.402535045115692e-09,2.8734599612718232e-09,3.155835237200661e-06,5.956181095148075e-10,2.2863479494802827e-08,0.0001668560161099125,9.272456064785894e-09,7.554696766042183e-08,3.37329952078669e-07,9.305052592037528e-05,2.2412681476651102e-11,1.0471039720412651e-07,0.0023901951650805637,1.218750447806194e-07,0.03094694234672536,4.544845924437283e-08,0.0042299240085246145,2.16522900934426e-11,6.118145224080151e-05,0.9618804603383484,3.2928570739069778e-06,5.015390159070781e-07,3.672661022082824e-06
45,0.00016846723328460886,5.17326260981487e-05,6.213776114936928e-09,2.8948290301367032e-09,3.0729228401352636e-06,5.943202955612246e-10,2.2408569136091858e-08,0.00016123122499587926,8.8749298662663e-09,7.520233489560384e-08,3.347497523132148e-07,9.311988120725265e-05,2.181569706512557e-11,1.0548184073019254e-07,0.0023121866550033956,1.1945131870512625e-07,0.03070394054336418,4.718674251158111e-08,0.00411946750342424,2.1363958286675166e-11,6.231912255741141e-05,0.9623161870374001,3.316684955214181e-06,4.894791462081508e-07,3.74598413024963e-06
46,0.00011830780561232,7.739397523925682e-05,7.7457985826436e-09,3.395972022110787e-09,3.9823959616962385e-06,5.292706646933099e-09,9.234277638133826e-08,9.977686474357118e-05,4.159372756447034e-08,2.0163726345899442e-07,6.215132690745401e-07,4.747133498339306e-05,1.9705510516947065e-11,3.778589268261628e-07,0.006314195657301429,5.683301289134853e-07,0.0033592334372173132,3.677535085374666e-08,0.011989920244171165,4.349537082497159e-11,8.233465640039415e-05,0.9778948181438557,4.843703830697493e-06,1.7925166415784345e-07,5.585979897831837e-06
47,0.0002484111780000636,2.481537601413246e-05,3.1084718716014076e-09,7.165191699891011e-10,8.37760642490182e-07,2.500717341211131e-10,9.673483414460325e-09,5.974442059501315e-05,2.9064797343087705e-09,2.310925889633152e-08,1.5313827498804391e-07,9.825838609975904e-05,9.058145131090552e-12,4.571075453690907e-08,0.0009163795629566537,6.039459902105518e-08,0.027366507864585346,3.592353741694634e-08,0.0017146399999106166,9.805569457917344e-12,2.7228932111160796e-05,0.9695396849298459,1.2070266497326675e-06,2.1315972950948297e-07,1.736452545380195e-06
48,0.00016037427413106308,6.113607592754934e-05,4.5976000726842925e-09,2.3229951017365987e-09,2.881723140721156e-06,2.664629079269172e-10,1.585366367665931e-08,0.0001895029482987655,6.125618657588867e-09,6.96020712968491e-08,1.924287483357679e-07,6.776542518044559e-05,2.3198949731951456e-11,7.770828714452667e-08,0.001971028057680046,7.965896614709691e-08,0.04105661759006466,3.255007695071884e-08,0.004271894031436566,1.3886039966739111e-11,4.572433801401012e-05,0.9521666944321608,2.432279740649781e-06,5.924029481646205e-07,2.8752697012600373e-06
49,0.00011644253007531931,2.9854587478834655e-05,5.4445043305071374e-09,1.974320966694371e-09,2.961215584284384e-06,6.651851876540269e-10,1.3436222540179734e-08,0.00011163445580846515,6.473692580695391e-09,4.7588831642493316e-08,3.253871353720295e-07,0.0001157560445295961,1.6511582118273517e-11,9.831004594632072e-08,0.0015995247230786273,9.375528200480626e-08,0.02306331418275735,4.3974730046783464e-08,0.0028410861539522312,1.927872262730587e-11,5.0887788060123454e-05,0.9720630560186498,2.4879372491923212e-06,2.656212304413234e-07,2.0916958047738203e-06
50,0.0001680879095436728,5.176338082603099e-05,6.37439789550652e-09,2.8737995294990862e-09,3.1464680262550426e-06,6.006756517631629e-10,2.334268857898625e-08,0.00016860528897981724,9.52351283271363e-09,7.82935092857205e-08,3.273502170442233e-07,8.995788919181475e-05,2.2335103495780298e-11,1.0596571491635392e-07,0.0023886674275021245,1.255193008761461e-07,0.029716472050108002,4.45863185346066e-08,0.004373802824409689,2.173962338394808e-11,6.0861288892916905e-05,0.9629704803758434,3.2388435506614574e-06,4.954151595533845e-07,3.6963637563791664e-06
51,0.00014274555892637112,4.9200376852707e-05,5.217323689092468e-09,2.938199031216399e-09,2.435040952732683e-06,4.798744542999789e-10,2.212956723468544e-08,0.0001634203098269066,7.2790413604285416e-09,7.272099957039306e-08,3.2436660842823695e-07,8.521398926558015e-05,2.0834132342164887e-11,9.502051169401609e-08,0.0016096076756679449,8.356683049925525e-08,0.026902926595363367,5.484302316276299e-08,0.0034014259033432826,2.1268791109758584e-11,5.939297936762443e-05,0.967576869084728,2.706126831586583e-06,4.385663737962402e-07,2.9491884179964257e-06
52,0.00017398566993714716,4.851591666551646e-05,5.856734411196449e-09,2.7001573844674253e-09,2.70459020720104e-06,8.121624537087942e-10,2.558154217731232e-08,0.00013437972915204517,8.900432497814456e-09,7.256133148065044e-08,4.005256795214151e-07,8.877604775900151e-05,2.2377703507292893e-11,1.0476376423991527e-07,0.0022428732900801438,1.2448106811184387e-07,0.025371066883292055,5.844292086519181e-08,0.0033731151450382343,2.4365211081010596e-11,5.7670162080052845e-05,0.9684988589616302,3.578813660873438e-06,4.604077862435991e-07,3.2097101752574765e-06
53,0.00034978356552995056,8.382647092344493e-05,1.1831899973068633e-08,5.128201685073487e-09,2.016422781166623e-06,1.82894946869119e-09,1.2818061465868324e-07,0.0001881294355369262,2.4963950648585828e-08,1.0665108025442865e-07,1.1576353567712693e-06,7.252026822334516e-05,3.803800317263986e-11,1.5135680520783947e-07,0.006064790524242478,3.360050990468873e-07,0.024436887251659076,8.33019537951689e-08,0.004465674528996475,7.69134143264442e-11,7.450946013558258e-05,0.9642426410415716,9.798026813698822e-06,9.502373284110797e-07,6.465767394796772e-06
54,0.00024821088654504935,7.996068993876641e-05,6.378745859476247e-09,2.421639826033955e-09,1.7418328294942649e-06,8.95884725914969e-10,3.8796505040819223e-08,8.845607856002735e-05,1.3557209482078192e-08,1.0244894157031933e-07,2.1743925206849292e-07,6.760947549163875e-05,2.193163786849012e-11,1.7381712633136136e-07,0.003359639388290475,2.363381306837897e-07,0.01380750058288332,3.557532976203396e-08,0.004702052466392852,2.563977604723854e-11,5.0186309581178716e-05,0.9775825820526366,3.285847956460782e-06,3.350228289526689e-07,7.611649728236384e-06
55,0.00027684665991348814,6.063700589113186e-05,1.0926933250703193e-08,4.10246278203375e-09,2.312505509200128e-06,5.091498699872595e-10,3.472656428122325e-08,0.00020603414423621812,1.6355549230478425e-08,7.99489704031125e-08,4.330616923429858e-07,0.00018602802990088442,5.1196724734969404e-11,1.0336646774586239e-07,0.0016159118657036306,7.881304472258873e-08,0.04015270595997599,8.032054397228561e-08,0.003907895311331473,3.950300854754933e-11,4.7025404468904697e-05,0.9535349695282799,2.154655522309496e-06,6.829390330201728e-07,5.95376815577041e-06
56,0.00017252385928988724,5.5124663073594955e-05,6.910833867275733e-09,3.000861466415643e-09,3.3091974758672244e-06,6.06412140863222e-10,2.410888065065181e-08,0.0001681673567100327,9.622653815002188e-09,7.68915435535737e-08,3.5547903713901463e-07,9.683339488399207e-05,2.7164707503162437e-11,1.0991720902306555e-07,0.002375867084725198,1.1869770025224394e-07,0.03231910377680946,4.846548860418601e-08,0.004121294939403796,2.3567090965636575e-11,5.865897786332258e-05,0.9606209109047165,3.3257842159757485e-06,5.520811859436146e-07,3.5742282941993326e-06
57,0.00010007051185105893,2.5298468849842194e-05,7.760236133621564e-09,1.8488667155459253e-09,4.426346337041522e-06,2.8216377469711603e-10,7.8139135458015e-09,0.00021008756798739325,9.20365592911756e-09,6.078867199142391e-08,1.5201241969193882e-07,0.00014992080832190868,1.6134363152211723e-11,8.283965058282293e-08,0.0015136137198792242,8.973764969275568e-08,0.037558868728077344,2.021270458995353e-08,0.005616889779897011,1.3625876184623808e-11,5.723912748167808e-05,0.9547591359032782,1.1090410020968256e-06,2.7921842667472267e-07,2.6282489176022277e-06
58,0.0001785973040040989,5.580845273546783e-05,6.888877436966753e-09,2.8516279298258885e-09,3.2392140192364852e-06,5.015287630080151e-10,2.336601827159678e-08,0.00017620367522456972,8.587558935954258e-09,7.456101159112389e-08,3.3634591225013403e-07,9.396157664551341e-05,2.584647373629545e-11,9.621644596065058e-08,0.0023475042745241597,1.0875448192998109e-07,0.038275494598258006,4.8163405123241023e-08,0.0037621383075735126,2.069009521178734e-11,5.8984423708155404e-05,0.9550397834565141,3.372637703736433e-06,6.668216856669588e-07,3.538973998968249e-06
59,0.00018936347263234546,5.54259057981997e-05,8.258916133136906e-09,3.050843546420113e-09,3.36309592088919e-06,4.864965746949927e-10,2.5829903972784335e-08,0.0001939247973776064,8.988093585053044e-09,7.698039198876939e-08,3.485602831205514e-07,0.00010162733993510447,2.8204593785851676e-11,9.728603768169336e-08,0.0023180400580752646,1.1594276142327641e-07,0.042715675212727414,5.05352975984507e-08,0.003668278783607059,2.3197028540728672e-11,6.056174268437952e-05,0.9506851127937953,3.4465075088666783e-06,7.823165183045134e-07,3.662002991770975e-06
60,0.00016866089392492508,5.1379398341324644e-05,6.402535045115692e-09,2.8734599612718232e-09,3.155835237200661e-06,5.956181095148075e-10,2.2863479494802827e-08,0.0001668560161099125,9.272456064785894e-09,7.554696766042183e-08,3.37329952078669e-07,9.305052592037528e-05,2.2412681476651102e-11,1.0471039720412651e-07,0.0023901951650805637,1.218750447806194e-07,0.03094694234672536,4.544845924437283e-08,0.0042299240085246145,2.16522900934426e-11,6.118145224080151e-05,0.9618804603383484,3.2928570739069778e-06,5.015390159070781e-07,3.672661022082824e-06
61,0.00017506090991391857,5.3327223842564465e-05,8.258612598687359e-09,2.899060382769148e-09,3.3740815995349783e-06,5.030245921892841e-10,2.429025528529974e-08,0.00018014038685952618,9.28300906641321e-09,7.155296192463436e-08,3.5566591067731713e-07,0.0001051531846948467,2.666831750728801e-11,1.0203263357544117e-07,0.002324331625633761,1.1327298092966569e-07,0.038472431869994564,4.662351020353171e-08,0.003852268410552938,2.31225677884068e-11,5.951637491661616e-05,0.9547662698248619,3.1600942869489398e-06,6.54141179330058e-07,3.5774399134584804e-06
62,0.00016866089392492508,5.1379398341324644e-05,6.402535045115692e-09,2.8734599612718232e-09,3.155835237200661e-06,5.956181095148075e-10,2.2863479494802827e-08,0.0001668560161099125,9.272456064785894e-09,7.554696766042183e-08,3.37329952078669e-07,9.305052592037528e-05,2.2412681476651102e-11,1.0471039720412651e-07,0.0023901951650805637,1.218750447806194e-07,0.03094694234672536,4.544845924437283e-08,0.0042299240085246145,2.16522900934426e-11,6.118145224080151e-05,0.9618804603383484,3.2928570739069778e-06,5.015390159070781e-07,3.672661022082824e-06
63,0.00017069431043803006,5.777967358241673e-05,6.3117619566999544e-09,2.7853381117178195e-09,2.9053027015403044e-06,5.614563805872434e-10,2.3835465670067493e-08,0.00015601820222202657,9.133851279181563e-09,7.39786811148744e-08,3.3830306220984526e-07,8.618940090687023e-05,2.4038645783059353e-11,1.018831211883197e-07,0.0024057465581330925,1.0997988741716547e-07,0.030674760609502562,4.618694013492519e-08,0.003921954477851861,2.1773711160847325e-11,5.680623221220308e-05,0.9624590380065798,3.1684220974624758e-06,5.335700211936116e-07,3.6922283732160424e-06
64,0.00016565912160228528,4.957737693199871e-05,6.11649273639056e-09,3.0606062922329406e-09,3.421198279850653e-06,6.071767025193098e-10,2.0684659792652142e-08,0.00017610263403285001,8.43509615513628e-09,8.11190130705823e-08,3.6344616019444174e-07,0.00010023410481789213,1.7869368879232806e-11,1.0380371005806535e-07,0.0025442519601100184,1.3127114692023418e-07,0.034841239395806474,4.8337323629515977e-08,0.004508212387212905,1.907027959009563e-11,9.01426701368221e-05,0.9575123921790187,3.5496769326341615e-06,4.977859410446904e-07,3.9525908512275275e-06
65,8.097449724987566e-05,1.3844085917957809e-05,3.7130019908184488e-09,3.3988869113266105e-09,9.88573663892485e-06,2.931918395388912e-09,4.9472877550920505e-09,6.092567964530094e-05,2.182953694276036e-09,6.424926443592196e-08,3.8820856947749333e-07,0.0003441694702431652,7.659349341895044e-12,3.4370505263270317e-07,0.0009208248223767189,2.2579298059981245e-07,0.015272445301402256,1.080302567963259e-07,0.003176014838831266,1.3280957008150942e-11,0.00021913628268332736,0.9798930538664193,5.4246521846855225e-06,7.467806087683934e-08,2.078907233315104e-06
66,0.00017065744266629823,3.927846434227188e-05,1.2986767702393023e-08,4.666392795341552e-09,4.363674065287083e-06,1.1873276693163328e-09,4.0629247561802406e-08,0.0003531682832807304,3.387309739343699e-08,1.9813679560636317e-07,2.723415700221006e-07,0.00012146793077345972,3.805188282058478e-11,1.798355288220811e-07,0.0018600970435810505,3.835947938892422e-07,0.014548576121524855,3.4767147178633756e-08,0.013323878941290602,6.91504410722559e-11,6.430268812950021e-05,0.9695063498372547,1.8782736984342913e-06,3.0027248749933164e-07,4.518901034321535e-06
67,0.00018956279117439005,5.367544331630222e-05,8.356797000692027e-09,3.5925015140410487e-09,3.7027610029220967e-06,1.1857551352496884e-09,2.8358367784519516e-08,0.00012207444775135193,9.348295298313314e-09,7.009383557501586e-08,5.273456782979908e-07,0.00012260500112539255,2.7328247306613452e-11,1.7601064520506065e-07,0.003024627677089075,1.9689585414586507e-07,0.02779393001986451,6.282429525610718e-08,0.0036477618011306616,3.339391360087683e-11,7.364333219821594e-05,0.964956525027863,6.094726141813062e-06,4.5508713032497393e-07,4.257811464779221e-06
68,0.00018833097024520968,4.969565806939536e-05,5.360099528829509e-09,3.1736891091743687e-09,2.440715601990136e-06,7.634679684916656e-10,2.31101674186953e-08,0.00012613024107296263,6.55635603159013e-09,6.459911996174616e-08,4.623943441902467e-07,0.00010337058556801984,2.0039324629935867e-11,9.851373879503343e-08,0.0020696517869551356,1.1111746647250297e-07,0.03240801689853428,7.59427152668589e-08,0.002655165497413969,2.4801265253174538e-11,6.930799740092932e-05,0.9623180676905124,4.678954564566972e-06,4.932759868283963e-07,3.7981520686410706e-06
69,0.00021357050983862203,7.117255503950839e-05,1.168914489045734e-08,5.6512951842114666e-09,3.563732739282227e-06,5.838101406948008e-10,3.791928420474614e-08,0.000296814013004137,1.4632235808480705e-08,1.284253813599724e-07,3.9631955389858217e-07,0.00011338119838985224,3.6190784719682036e-11,1.221164376765328e-07,0.002637535155149063,1.7662866084389831e-07,0.04559313751941823,5.778143329195989e-08,0.005404118170392873,4.412112558400048e-11,8.439625754463004e-05,0.9455696029951628,4.023946016478219e-06,8.933154918330614e-07,6.83880426351768e-06
70,0.0001970797130477333,4.220088488430645e-05,8.769233804916802e-09,2.446220988090739e-09,2.7844532957822344e-06,8.480067842379243e-10,2.2365767976605544e-08,8.701859427226296e-05,8.32906180447163e-09,5.555427833543189e-08,3.1521537446055287e-07,0.0001358026572541783,2.2220679154112032e-11,1.794408900009041e-07,0.0019622604051420162,1.4893577264990156e-07,0.02123634061575223,5.0912413165116244e-08,0.003076534887838242,2.4784954208257687e-11,5.4361954515319985e-05,0.9731970720189516,3.230683187047763e-06,3.138628786153254e-07,4.20640495507739e-06
71,0.00017971328310120341,5.1227364003063046e-05,6.645556492009947e-09,3.028414199503832e-09,3.065274905100122e-06,6.097360123265181e-10,2.4668100618732304e-08,0.0001728496715865758,9.305574751275928e-09,7.503527502666612e-08,3.6362804059786134e-07,9.64665063819956e-05,2.3144817972741965e-11,1.0597071925441916e-07,0.002380738393113072,1.2761021867723014e-07,0.03219130169289505,4.8517012166739515e-08,0.004210449275464388,2.3618616545718167e-11,6.307291883048455e-05,0.9606426314877854,3.505404023683738e-06,5.209129827886063e-07,3.692749516011592e-06
