,0,1,2,3,4,5,6,7,8,9,10,11,12,13,14,15,16,17,18,19,20,21,22,23,24
0,3.74552901391664e-05,0.0003096731235816784,9.321327750200736e-06,2.863945537641758e-06,5.309392700717465e-07,0.0007240202158624761,0.00017403248193922439,0.00042970741561111446,0.0002497703029562534,9.914330969204699e-05,0.00025562844372627327,9.504117637943145e-05,7.839610122367929e-05,8.743721772992762e-05,0.001659406849116928,0.00010520163260298565,0.044902921602606664,1.527439766704125e-07,0.007060993108422095,3.191813055701829e-07,0.00016943115802842533,0.9435240297912427,2.20887705698806e-05,1.2131323207976138e-07,2.312557496731243e-06
1,6.0836429934655014e-05,0.00040232955299330776,1.0574336952647564e-05,3.843967701189344e-06,7.551315653068476e-07,0.0006408642505993311,0.00020780064581655617,0.0006150624693822325,0.0005554517658217928,0.00013953319256444313,0.000283731189160182,8.334405857288639e-05,9.574073427923215e-05,8.198841971072501e-05,0.0015904552422501118,0.00015181365880045895,0.05736641592455392,1.6774546032180936e-07,0.008022322276799368,2.819705561720664e-07,0.00012482520197812965,0.9295378136425776,2.1258740183453224e-05,1.6230819914795255e-07,2.6271435869997345e-06
2,2.9667372204367735e-05,0.00019901187993103897,6.539775445987906e-06,1.966507748250554e-06,4.877139133061153e-07,0.0003161093779199131,0.00013589236892049924,0.0003397150597517795,0.0002984842798284548,8.342559480475137e-05,0.00015826889344370808,4.1270225634026846e-05,3.748420053314446e-05,7.235386690945849e-05,0.0014974395359771738,5.1860146661716864e-05,0.025043334374276797,1.0227183125889991e-07,0.004379306451633788,2.662027825197862e-07,9.591555986705137e-05,0.9671893229419114,1.877357653670107e-05,1.1361143752126132e-07,2.8882100953231062e-06
3,4.003428869154092e-05,0.0003295912512141255,9.197680136997424e-06,3.187028275482234e-06,5.729677290451983e-07,0.0005057862730963814,0.0001649981335025356,0.0003971500977280879,0.00026391828175491213,8.398846802283491e-05,0.0002779320085337028,9.396788381163198e-05,7.562305386832896e-05,9.477717528838013e-05,0.0015127109938902201,8.121359669716898e-05,0.0493532745586123,1.6665701081253646e-07,0.0052956819191989565,2.224379338829802e-07,0.0001485781784922253,0.9412446658986567,2.0075102883664943e-05,1.1636844363521065e-07,2.569696526423516e-06
4,3.857585537053684e-05,0.00038701869594410366,9.441413828346651e-06,3.409254179121698e-06,6.423739088806133e-07,0.0005048318871144062,0.00016519909416561236,0.0003762081324881409,0.00026257464165711596,7.991022648068005e-05,0.0003269941123697729,0.00012257810238658912,0.00010127872372403644,0.000110646382997641,0.0013179839397251222,8.16656586775418e-05,0.054970636123820076,1.8934386667604174e-07,0.0052352431152991675,2.1683554508385111e-07,0.00014949480571923795,0.9357330970561833,1.951230108957508e-05,1.0986774524110235e-07,2.5420557140993217e-06
5,5.058480102457821e-05,0.0002533286493166797,9.518754323715306e-06,4.469326933410664e-06,5.380407612481488e-07,0.00044372298363006706,0.00017444029824544013,0.0004252919497365767,0.00027886438983949606,0.00010691006156354787,0.00027624114293474486,0.00010501624672087067,7.42399328189149e-05,0.00011691564580323511,0.001227883104631181,9.264878419402256e-05,0.06091444330082584,3.101851640520692e-07,0.003992952069380696,2.961288486628733e-07,0.00015768474755899594,0.9312669421833645,2.323519616978268e-05,1.6639317362167133e-07,3.3556830360717977e-06
6,4.003428869154092e-05,0.0003295912512141255,9.197680136997424e-06,3.187028275482234e-06,5.729677290451983e-07,0.0005057862730963814,0.0001649981335025356,0.0003971500977280879,0.00026391828175491213,8.398846802283491e-05,0.0002779320085337028,9.396788381163198e-05,7.562305386832896e-05,9.477717528838013e-05,0.0015127109938902201,8.121359669716898e-05,0.0493532745586123,1.6665701081253646e-07,0.0052956819191989565,2.224379338829802e-07,0.0001485781784922253,0.9412446658986567,2.0075102883664943e-05,1.1636844363521065e-07,2.569696526423516e-06
7,6.39536239189619e-05,0.0005824321426475268,2.1799310582496708e-05,4.091711131123231e-06,7.554829695074975e-07,0.0005296916048326518,0.00021404773241030805,0.0007240385623646431,0.00019474737991646864,7.368353804922928e-05,0.00047006351274788197,0.00015753590861855988,0.00023119713853477815,7.219980847683517e-05,0.0015028358693203237,9.281868913741757e-05,0.057262900536383596,1.8548738895985218e-07,0.010446989747572811,1.8791806900429587e-07,0.00018229783945090768,0.9271584549118921,1.1632065353309817e-05,1.0863148054658604e-07,1.3508467501815418e-06
8,3.2034000165664085e-05,0.00015758582906053622,7.465444126201568e-06,2.9993483145519546e-06,4.553276579165222e-07,0.00022989228323330998,0.00011991971093493722,0.00019518706697079036,0.000366919472282589,0.00012395039116284824,0.00019427318269612097,2.292114420245977e-05,1.9448463666888386e-05,0.00010473013355127992,0.0020519703877200385,3.801355164011513e-05,0.023348148881873546,1.1844329260035378e-07,0.0018511438998870696,1.958036512404413e-07,9.168767501886735e-05,0.971018114411217,1.7868954825927724e-05,3.5055848856298405e-07,4.6056343590118545e-06
9,3.318028869628729e-05,0.00013720759603650003,1.1499163955570582e-05,4.003310199894292e-06,3.955365474369754e-07,0.00037292969762088384,9.12363674525043e-05,0.0003485013284378612,0.0002700510536207812,0.00012533676887359715,0.00022548120910270084,3.606424694625517e-05,4.196437024719635e-05,9.395947235713293e-05,0.0014485023191374308,6.460419115718033e-05,0.03936661441311933,1.2674557002479362e-07,0.0031904292624768456,2.893027525244362e-07,0.00011211172681115168,0.954004345938246,1.896031905217162e-05,2.7040104620975566e-07,1.934970536502397e-06
10,4.003428869154092e-05,0.0003295912512141255,9.197680136997424e-06,3.187028275482234e-06,5.729677290451983e-07,0.0005057862730963814,0.0001649981335025356,0.0003971500977280879,0.00026391828175491213,8.398846802283491e-05,0.0002779320085337028,9.396788381163198e-05,7.562305386832896e-05,9.477717528838013e-05,0.0015127109938902201,8.121359669716898e-05,0.0493532745586123,1.6665701081253646e-07,0.0052956819191989565,2.224379338829802e-07,0.0001485781784922253,0.9412446658986567,2.0075102883664943e-05,1.1636844363521065e-07,2.569696526423516e-06
11,3.9976033875586904e-05,0.0003528292113217829,9.647347587764472e-06,3.3611907757644343e-06,5.882663781032913e-07,0.0005258293750574196,0.00017013256614077177,0.00043486715067838353,0.0002630210665688365,8.165288349301854e-05,0.0002876942489959351,0.00010660610219309074,9.231920767105205e-05,9.575749600534073e-05,0.0014128282883363501,8.653721160591537e-05,0.05408646845443852,1.7351935146413502e-07,0.00562866007027141,2.2574407552719581e-07,0.00014578191347051737,0.9361529736245742,1.9562441261335502e-05,1.0953993425947887e-07,2.3970459376520127e-06
12,4.128557173379367e-05,0.00037506152463273444,9.400854564427156e-06,3.438372277640961e-06,6.896860002758504e-07,0.0005713553685915919,0.00017773473719325916,0.0003683422541133128,0.0002858531828570484,8.626467404977796e-05,0.0003068555934219209,0.00010947641989587101,7.939489703951747e-05,0.00011587653071770339,0.001599203388056677,8.58730125014043e-05,0.05151417315106312,1.9584114480673263e-07,0.005244383145416686,2.4765179948816466e-07,0.00016240005282203629,0.938835586399472,2.362030015073795e-05,1.2388888265746247e-07,3.163501601492326e-06
13,4.063940839516467e-05,0.000340709647158667,9.47535522668447e-06,3.298515210207037e-06,5.985772274795085e-07,0.0005053108145742838,0.0001639856089058816,0.0003916039041164792,0.0002602691288178408,8.23691603568425e-05,0.000306999321003967,9.864490946503314e-05,7.999688532843263e-05,9.843885651647018e-05,0.0015592565659396256,8.142815258765479e-05,0.05012907494673913,1.6939385511485882e-07,0.005375475952241491,2.1803501730082242e-07,0.00015363312995953673,0.9402951949919249,2.0550398130480957e-05,1.1955961542045868e-07,2.5387816860510223e-06
14,7.643464495384979e-05,0.002935158043887312,1.6287804720658174e-05,2.1805651416043373e-06,2.364319190256764e-06,0.0019489112230021866,0.000262066773550097,0.00036800328103204783,0.0001679833216608905,7.02869323683232e-05,0.0009821569667311189,0.000871891436993676,0.00043822305559279177,0.0001690919291278303,0.0018687507261059904,0.00018520172835858839,0.05539706079615291,2.637347502849943e-07,0.039927612239942345,2.2772696766136962e-07,0.00044150998683252366,0.89384568222867,2.015136941429352e-05,4.56484126789304e-08,2.4535164400136565e-06
15,4.003428869154092e-05,0.0003295912512141255,9.197680136997424e-06,3.187028275482234e-06,5.729677290451983e-07,0.0005057862730963814,0.0001649981335025356,0.0003971500977280879,0.00026391828175491213,8.398846802283491e-05,0.0002779320085337028,9.396788381163198e-05,7.562305386832896e-05,9.477717528838013e-05,0.0015127109938902201,8.121359669716898e-05,0.0493532745586123,1.6665701081253646e-07,0.0052956819191989565,2.224379338829802e-07,0.0001485781784922253,0.9412446658986567,2.0075102883664943e-05,1.1636844363521065e-07,2.569696526423516e-06
16,3.613009932551354e-05,0.00021693806793293753,6.206054799674423e-06,3.173122736569672e-06,4.229688801730653e-07,0.00034499307711827795,0.00015598300235069402,0.00024132998477005652,0.0001273823144313759,0.00011759978917122518,0.000226584946678989,0.00015486827916537849,5.052741902902565e-05,0.0001341751223621485,0.0008690420938786021,7.51717256099989e-05,0.046288282778926486,4.116279610150281e-07,0.0031241607751773103,2.588480479946726e-07,0.00029824429799559996,0.9475065198786653,1.7628627952043118e-05,9.270233247631436e-08,3.872394700998499e-06
17,4.0191702412594135e-05,0.0002942163257763135,6.0389251754679e-06,2.428393072133337e-06,4.3267726221134134e-07,0.0002542812508594001,0.00012673679704053065,0.0003213223837635027,0.00014175901520797695,5.3178423260732884e-05,0.00021022597805886464,0.00021938573539882284,9.301620851768129e-05,0.0001227214836142224,0.0005311436018737094,5.1751070804733136e-05,0.06013549515243411,4.0878043558279035e-07,0.003805079891365988,2.1824421286004425e-07,0.00016401970356191766,0.9334031296301377,1.925047410496985e-05,5.4733348185922775e-08,3.513418299608437e-06
18,2.7022628050453756e-05,0.00021164373607230016,2.62347348370302e-06,1.2051732109232421e-06,1.868710718161172e-07,0.00022798020965384024,0.00010118711780339774,0.00015512824623121934,0.00018083722373374533,6.325472665695267e-05,0.00011411724016156422,9.829349198640102e-05,3.5613111456322415e-05,9.830648721993134e-05,0.00047555178078569543,3.530338249980639e-05,0.053478418222445326,2.566163271904431e-07,0.0019360949650291278,1.557994702548461e-07,8.033195232373387e-05,0.9426570011051999,1.4688299734830127e-05,5.9090152523990414e-08,4.739049239043567e-06
19,3.675718803708016e-05,0.00036889622021370167,1.1303245783036534e-05,3.5724445892003645e-06,7.303473984126116e-07,0.00040162664558684644,0.00017617650302402538,0.0004908333561137031,0.00022475213332623045,6.583334799101046e-05,0.0002775305560464823,0.0001292544657651288,0.00011036680037977348,9.296789200967015e-05,0.0012281643764079934,7.366646067313664e-05,0.04696769504904048,1.8172979592434183e-07,0.005729111889071016,2.0521250932121164e-07,0.0001413357754892758,0.9434522937128335,1.4649681798692204e-05,8.456697633794347e-08,2.0103991401817645e-06
20,1.7903121617685277e-05,0.00017068410410562434,6.835645147459551e-06,1.9727793404756175e-06,3.301709766784315e-07,0.00027853509796279993,0.0001251805983347258,0.0003322650368331207,0.0001264020264670073,4.975286998382057e-05,0.00019621719867345979,3.77844538229328e-05,3.480597382506192e-05,5.006157623688732e-05,0.0022464914187482914,3.71848825263145e-05,0.021612996832638273,5.3961284961076603e-08,0.003963847723706875,1.331508183593791e-07,0.0001378559955093077,0.9705574605774243,1.3754521731303552e-05,7.881532650550073e-08,1.411466957609744e-06
21,6.41578887031601e-05,0.0005144486870585427,1.1087890575038954e-05,4.115991581477074e-06,1.0288452259766278e-06,0.0004980873274870771,0.00014196625185682786,0.0003233265242286793,0.0002621283434894734,0.00013207218231622953,0.00044583461765215993,0.00020281653318366476,9.682300431333335e-05,0.0001571231050964111,0.0011946012537498646,0.00010153999991533299,0.05356539401680698,3.523088251999543e-07,0.006219443518419285,2.682245708750735e-07,0.0002922468134030489,0.935746085249715,2.1346826945951615e-05,1.442186809280686e-07,3.560376199529959e-06
22,3.8108012388551314e-05,0.000197591494706362,9.89117544427351e-06,3.915763195717815e-06,3.5827774280865136e-07,0.0004082389296967684,0.00010892866775492905,0.00034011469706531604,0.00016668056347833053,9.84952044361402e-05,0.00029741832929693735,9.478886503496934e-05,6.396069878348515e-05,9.307536816278022e-05,0.0011383379335949653,7.710100709628522e-05,0.06445062082627692,2.0834107611234935e-07,0.003631573199644345,2.049438861918105e-07,0.00017402498253010884,0.9285887709833799,1.5697675863881014e-05,1.3874423393632924e-07,1.755315229725057e-06
23,4.003428869154092e-05,0.0003295912512141255,9.197680136997424e-06,3.187028275482234e-06,5.729677290451983e-07,0.0005057862730963814,0.0001649981335025356,0.0003971500977280879,0.00026391828175491213,8.398846802283491e-05,0.0002779320085337028,9.396788381163198e-05,7.562305386832896e-05,9.477717528838013e-05,0.0015127109938902201,8.121359669716898e-05,0.0493532745586123,1.6665701081253646e-07,0.0052956819191989565,2.224379338829802e-07,0.0001485781784922253,0.9412446658986567,2.0075102883664943e-05,1.1636844363521065e-07,2.569696526423516e-06
24,4.882981270835952e-05,0.00047284231572101905,1.222943624731468e-05,6.576739267299129e-06,1.3176309619562444e-06,0.0006154927585382435,0.00020669366066320113,0.0004857453904709545,0.0003458360481834426,9.687553454202578e-05,0.0004896954083606474,0.00020069243732394817,0.00016054555232250672,0.00019783093650259208,0.0014346565331450187,0.0001408048464661133,0.06874796026063468,3.319091797896561e-07,0.00587496342215216,3.0453498469471346e-07,0.00019412234098895462,0.9202318913012171,3.0317635349764737e-05,1.4584083628012473e-07,3.2977132320071446e-06
25,5.869597987149613e-05,0.00024869399558322374,1.2906333917684769e-05,5.694789738320108e-06,6.489996031423257e-07,0.00032417841418717474,0.00021435656852407194,0.0008412640974124653,0.0001918935911669929,8.600496754930421e-05,0.00042866368731574807,0.0001186036323203068,0.00013186826999358006,7.780647339240098e-05,0.0015692962401846913,0.00011431967804968762,0.053096755055417375,2.400398785153985e-07,0.007234541688909086,2.33053022510867e-07,0.00021799312871183322,0.935003994406994,1.9579212477443135e-05,1.1824472081426258e-07,1.6494510581983476e-06
26,8.867208816307483e-05,0.00043898640065711826,1.2420728834234812e-05,6.004936982934985e-06,9.091945546729378e-07,0.0006837206504569156,0.00020219824906435622,0.0006264096232104557,0.0008937200010567511,0.00011658113809808878,0.00036763169327843086,8.04410719479546e-05,9.017940143667637e-05,0.00010974831038490016,0.0019512327053963646,0.00012146801439055648,0.08175865385495601,2.3482868968749154e-07,0.005347959423684206,3.491929554332099e-07,0.00013278574750470558,0.9069192842014312,4.533529765266398e-05,3.55774700540295e-07,4.717470511912779e-06
27,2.2687146132996493e-05,0.00020525120944401594,5.195162976894181e-06,1.69066284891763e-06,3.6008093814848535e-07,0.00031882066553316426,0.00012726660344745288,0.0002515409967533203,0.0002849170386438122,7.481963973376267e-05,0.00015324190031484205,3.864319939188948e-05,3.390009392193333e-05,6.718402967357811e-05,0.001426342027576239,4.5696424249943814e-05,0.028504551076176943,8.065329570037083e-08,0.003235873091011545,1.7854572630681418e-07,7.614025757001179e-05,0.965108617434047,1.4384765123781225e-05,1.0498825261388391e-07,2.512307215366673e-06
28,4.003428869154092e-05,0.0003295912512141255,9.197680136997424e-06,3.187028275482234e-06,5.729677290451983e-07,0.0005057862730963814,0.0001649981335025356,0.0003971500977280879,0.00026391828175491213,8.398846802283491e-05,0.0002779320085337028,9.396788381163198e-05,7.562305386832896e-05,9.477717528838013e-05,0.0015127109938902201,8.121359669716898e-05,0.0493532745586123,1.6665701081253646e-07,0.0052956819191989565,2.224379338829802e-07,0.0001485781784922253,0.9412446658986567,2.0075102883664943e-05,1.1636844363521065e-07,2.569696526423516e-06
29,4.003428869154092e-05,0.0003295912512141255,9.197680136997424e-06,3.187028275482234e-06,5.729677290451983e-07,0.0005057862730963814,0.0001649981335025356,0.0003971500977280879,0.00026391828175491213,8.398846802283491e-05,0.0002779320085337028,9.396788381163198e-05,7.562305386832896e-05,9.477717528838013e-05,0.0015127109938902201,8.121359669716898e-05,0.0493532745586123,1.6665701081253646e-07,0.0052956819191989565,2.224379338829802e-07,0.0001485781784922253,0.9412446658986567,2.0075102883664943e-05,1.1636844363521065e-07,2.569696526423516e-06
30,4.003428869154092e-05,0.0003295912512141255,9.197680136997424e-06,3.187028275482234e-06,5.729677290451983e-07,0.0005057862730963814,0.0001649981335025356,0.0003971500977280879,0.00026391828175491213,8.398846802283491e-05,0.0002779320085337028,9.396788381163198e-05,7.562305386832896e-05,9.477717528838013e-05,0.0015127109938902201,8.121359669716898e-05,0.0493532745586123,1.6665701081253646e-07,0.0052956819191989565,2.224379338829802e-07,0.0001485781784922253,0.9412446658986567,2.0075102883664943e-05,1.1636844363521065e-07,2.569696526423516e-06
31,7.541199810181562e-05,0.00033981541990391767,1.4072491646749296e-05,3.1158347491424176e-06,5.695821456311603e-07,0.0003466567347340256,0.00015938812518590382,0.0008139283428946083,0.00022839385476237112,7.654870231610555e-05,0.00020221242807775777,0.00012137370821260566,0.00010677443598849637,6.245970292826972e-05,0.0009571450571957448,7.870710234870448e-05,0.05280933693693359,2.571439184298857e-07,0.008505548501656109,2.7029932485697506e-07,0.000155292961077654,0.9349238790781847,1.6386233985538944e-05,9.052324082427915e-08,2.364800486328611e-06
32,3.658330591630426e-05,0.00031763173644039615,8.772634829909047e-06,2.6697280721347356e-06,5.461068250395798e-07,0.0004862861813705038,0.00015534005795105315,0.0003972639008488953,0.00023612026977534454,7.630190450542298e-05,0.0002550589741842469,9.050225549485067e-05,7.311192533632502e-05,8.44679417086801e-05,0.001483992822934425,7.607838598262707e-05,0.04346782575326739,1.424965687394461e-07,0.006019075857093373,2.2067204335675347e-07,0.0001419598870666038,0.9465688369101793,1.8790430858930502e-05,9.884210648027515e-08,2.3210186394157427e-06
33,3.0176009512257163e-05,0.00025921443849044454,6.163689188673423e-06,2.4149958679148723e-06,3.1844151973786267e-07,0.00037694826932901005,0.0001450178639836176,0.0003923155563471197,0.00020291422695677372,7.035951066731437e-05,0.00018890433700501376,0.00012085484895983287,0.00010737082890723754,8.263795384450574e-05,0.0006428052072251215,8.072576354822215e-05,0.06675399538457728,1.9061893936659952e-07,0.004276645348470341,1.793670019583257e-07,8.477378094211123e-05,0.9261617871699109,1.1552421839037885e-05,6.064696782298743e-08,1.6733199984658269e-06
34,4.5190561765709755e-05,0.00035846497921849315,9.533854307675009e-06,2.8131207303090847e-06,6.141972523646749e-07,0.0004437420794938188,0.00015307580334524197,0.0003951346571030914,0.0002788243639401409,8.084344115564729e-05,0.00028763278390348657,8.912576198040158e-05,7.610984326071291e-05,8.727817129538232e-05,0.001484664708729381,7.228928533538374e-05,0.04399705259326491,1.5336401919521996e-07,0.006116545577092928,2.0935608079311005e-07,0.00013915333420489484,0.9458598850166426,1.8967635560472926e-05,1.180721943940611e-07,2.5774381224557894e-06
35,0.00011864457319055452,0.0003201985810325076,7.1201822352897065e-06,2.471092638775141e-06,2.9931138516951887e-07,0.0002074666289555491,0.0001625931337397408,0.000856155636810914,0.00037731262588731835,0.00010025348666749096,0.0001426790828448438,0.00012574758506907866,9.639710412123136e-05,4.368311078964407e-05,0.0004679106428296831,8.819403534310364e-05,0.08168181961814056,3.7620306342994327e-07,0.006090055396781632,1.7940366619372654e-07,8.584306437317306e-05,0.9090120432626567,9.980381643780378e-06,8.35131232152143e-08,2.492343010559636e-06
36,0.0003552125049997022,0.00196223675473939,0.00016989842949227825,2.5216383131270677e-05,1.860102477696967e-05,0.0016720301279173938,0.00033955755123619313,0.00026419252790884935,0.0003733832313937164,0.0003893097067264351,0.00809160959549582,0.00011420124884714118,8.128372336911155e-05,0.0005543944973361006,0.032433419930891765,8.64325879217868e-05,0.013222986203218122,4.840476595820088e-07,0.023597999677308978,7.448387222068202e-07,0.005340129228945019,0.9107378459638089,0.0001466231007673904,4.502887001973409e-06,1.7704226383886743e-05
37,8.9505687572767e-05,0.00029085259627406585,1.598180883231729e-05,5.519245825549814e-06,6.270389973365875e-07,0.0003784042746424631,0.00015718173717069883,0.0004196549356150453,0.0002578390075399597,0.00011922272507637178,0.0004349756246617578,0.00011217007220102798,8.329795556222958e-05,0.00012291155842056667,0.001409825371896641,8.39776154533561e-05,0.06415588865357341,4.0855870142725205e-07,0.004839703518506629,2.666207752065908e-07,0.00017902750568890482,0.9268186010058809,2.051702040443663e-05,2.967896190946216e-07,3.343071107765494e-06
38,3.963740882539888e-05,0.0003525652621967656,1.0329359686781889e-05,3.3983676813725297e-06,5.455450729583313e-07,0.0009344266934660231,0.0002352997624188948,0.00056468668560124,0.00021045531660836227,8.776012995581427e-05,0.000308880274556734,0.00011858161425539138,0.00010809112426278452,8.387498924261238e-05,0.002009683092325755,0.0001468112671290439,0.057498426497519683,1.6081751903892207e-07,0.008851216671862845,2.84127765114517e-07,0.00020395118441288932,0.9282038277357852,2.4959698799875654e-05,9.535890777352176e-08,2.0510141417440387e-06
39,3.916799412260927e-05,0.0003118228354842549,8.900838794893287e-06,3.17729900560031e-06,5.425876887157874e-07,0.0005127003860063798,0.00017259534302428242,0.00042640226175887764,0.00025167385903795877,8.313771242861213e-05,0.0002578269460263588,9.297992335095553e-05,7.435686651764022e-05,8.903409128095744e-05,0.0015128664404570058,8.425201012146587e-05,0.04946970741364403,1.6560199024612066e-07,0.005405667883901121,2.2950942965361434e-07,0.00015523615390070417,0.9410241892542521,2.0686455880015468e-05,1.0830890617389402e-07,2.5720229894741326e-06
40,2.0589811281588054e-05,0.00045027526363715354,1.2588145364133415e-05,1.1505839221584178e-06,7.626428413873772e-07,0.0004769322356106158,8.559151466445552e-05,0.000152799932630138,0.00010542078250506666,4.467608837129134e-05,0.00022288744980082504,0.00010623690606808405,4.9085427654221255e-05,9.489148952153217e-05,0.0015742187179442816,3.0497623133714817e-05,0.019198200859971763,8.702108276300492e-08,0.006573576498165219,1.6907772444846237e-07,0.00013065877364839708,0.9706580058628619,8.771653909013642e-06,5.98150867186557e-08,1.8658225990971658e-06
41,7.414083469844328e-05,0.0016575884672661468,2.250536311380227e-05,1.1460543103583653e-05,2.9589170152803045e-06,0.0021840131034355434,0.0003371505081742739,0.0009246625570866028,0.0025811648511955628,0.00019232492093578454,0.000514106654329083,0.00011099734637128186,0.00023402693396557193,0.00018264458129521084,0.0029792481421853194,0.00028134896219905844,0.11514107659280554,1.586906290304342e-07,0.00717404766314809,3.1421856979209583e-07,0.0001281290688377242,0.865223418168948,3.8322412869085874e-05,3.108472409322685e-07,3.8796505812314455e-06
42,0.0010402316369534917,0.004587368699031156,2.7379635775198973e-05,0.00027259870283356,2.2743514062978334e-05,0.012753847069783282,0.002193845138198926,0.0001160014972365352,0.011404241745165564,0.0006311500206796894,0.012532721164415294,0.0007179969938384298,0.0005345754317084526,0.01157246800890772,0.005813830544560312,0.0014173348474556544,0.7457014656976547,4.101090254732966e-05,0.0008664340501710997,1.3777753006431313e-06,0.00041823647839670257,0.18503928972315095,0.0018032783112827135,1.663106454266572e-05,0.00047394134634709073
43,5.5105136423933695e-05,0.0005234713368085677,1.179146772625929e-05,3.986629813796929e-06,8.046278323995415e-07,0.0005651281989319858,0.00020983444328610235,0.0004562081303516609,0.0002558849239916391,6.387854456162525e-05,0.0004198282623622101,0.00018030249040847825,0.00012691948011671212,0.00011898013103158919,0.0016787980528810093,9.272197534202003e-05,0.06607832418688456,2.563719455690019e-07,0.0066225899212717185,1.9879443685869206e-07,0.00018063571257892036,0.9223272592648665,2.385563959302988e-05,1.10167463635245e-07,3.1261090892044706e-06
44,4.003428869154092e-05,0.0003295912512141255,9.197680136997424e-06,3.187028275482234e-06,5.729677290451983e-07,0.0005057862730963814,0.0001649981335025356,0.0003971500977280879,0.00026391828175491213,8.398846802283491e-05,0.0002779320085337028,9.396788381163198e-05,7.562305386832896e-05,9.477717528838013e-05,0.0015127109938902201,8.121359669716898e-05,0.0493532745586123,1.6665701081253646e-07,0.0052956819191989565,2.224379338829802e-07,0.0001485781784922253,0.9412446658986567,2.0075102883664943e-05,1.1636844363521065e-07,2.569696526423516e-06
45,2.993331523488835e-05,0.0002056882806915972,1.2065138997386518e-05,3.798725498854629e-06,4.3603385981634483e-07,0.0007402707391069911,0.0003076835426837543,0.0009782523757407321,0.00023387514392890951,8.637194376533069e-05,0.0002127961385517805,4.347849138192885e-05,7.259253854263133e-05,4.4450653887636e-05,0.0036833945737215334,0.00013953510826859568,0.03714770427282849,7.282253343475435e-08,0.00818490831634697,2.589842784177492e-07,0.00013354210439397426,0.9477204083741957,1.7149276438347502e-05,1.1303022902456607e-07,1.2200748934177597e-06
46,3.653028676368494e-05,0.00037821751048847086,8.91197108133471e-06,2.520973313376135e-06,8.680638033681113e-07,0.0004232336042714221,0.00018782158869735428,0.0003105649791908595,0.0002959114421196956,8.784899880264251e-05,0.00027998597040241636,7.70937769518238e-05,6.139507956687359e-05,0.00010673927080429354,0.0018425944250292918,6.62902481326564e-05,0.028110705816880355,1.4154476196812723e-07,0.005966271622811914,2.2864425508030234e-07,0.0001467659589091436,0.9615863702811613,1.93973465383817e-05,1.1232150245817215e-07,3.478273759658943e-06
47,3.120439417632965e-05,0.00024237737349387708,2.9063096190404372e-06,3.463288543061859e-07,1.1025599922944945e-07,0.00012694754843104773,7.048847029296524e-05,0.00024740714704747576,9.750553392476553e-05,3.859510036095587e-05,5.0376343711016395e-05,9.403398516218287e-05,3.500096731950917e-05,1.9827055456883597e-05,0.00030417125376369414,2.346156627525108e-05,0.028277988691690244,9.784286706783766e-08,0.005322883065483463,8.582728246751851e-08,5.034011820302288e-05,0.9649594744980176,3.0047587238705715e-06,1.8702257001905225e-08,1.3468615863650206e-06
48,4.302766192469155e-05,0.0004029265011286699,9.427883377509119e-06,2.911890327369498e-06,3.872603101049192e-07,0.0007656884201283576,0.0002024103321221679,0.0007176602245370352,0.00025496713034452027,6.861634692347945e-05,0.00022232482472189403,0.00011589628297323302,0.00012624607466821613,5.993854775436379e-05,0.0013201289774545514,0.00011128138990861543,0.07865332628302629,1.3470286040483768e-07,0.008475503737485256,2.0413865531976957e-07,0.00013084986297093283,0.9082969133159194,1.7558498510859237e-05,6.985557338260435e-08,1.599856393423645e-06
49,1.9385491022644096e-05,0.0002511766856359207,8.563503068756953e-06,1.6512298009674127e-06,3.2260045054919756e-07,0.00045453753858149014,9.169881243370615e-05,0.0002189793789061118,0.00011301948962203569,5.524515090884794e-05,0.00016770325646202984,9.881456600528734e-05,5.39203638108896e-05,7.57930755446476e-05,0.000964137636743872,4.084793342023142e-05,0.03775566848872696,1.1552123574029398e-07,0.003927791165389012,1.8153596439274032e-07,0.0001206002656907287,0.9555689820517305,9.336118490991909e-06,6.282994445670362e-08,1.4653104090273392e-06
50,2.093510660001719e-05,0.00010449079400717244,2.365157237016331e-06,6.967194601707136e-07,1.8541442568895355e-07,8.950157756024663e-05,0.00018745975358210113,0.00025552493774944166,0.00019144266508308968,9.107951020892749e-05,5.597202910436736e-05,1.7664347871941426e-05,1.7873255795756884e-05,3.3828160305912345e-05,0.0008150673623518532,2.942694141967356e-05,0.011267799294059211,7.240853652374418e-08,0.0033052089676441692,1.3744772823882999e-07,4.58882203731004e-05,0.9834581908814148,6.021780354989466e-06,4.74496031483398e-08,3.1198175226692763e-06
51,4.4047493493531826e-05,0.0005435829350053285,1.5137853602883385e-05,7.093916664335402e-06,7.714026117756667e-07,0.00036060800620884767,0.00014139934556427002,0.0005049146367612009,0.0005052077170266659,0.00010489199711679965,0.00036673810586778993,8.588255392355191e-05,0.00012683720860599988,0.00010536095947488226,0.0011337305412439486,6.202283273992305e-05,0.068775516404679,1.3662270775466585e-07,0.0027466701357821317,1.0738061391487164e-07,0.00011279449519933747,0.924246444092613,8.610385826196693e-06,1.7778754175855385e-07,1.3151891253948954e-06
52,4.364342192790792e-05,0.0002970291185807536,9.920419479466794e-06,3.740641711745996e-06,5.746992887590614e-07,0.0005239328960358006,0.00016578558467886492,0.00040858653995134287,0.0002772025551957458,9.734228087884704e-05,0.0003106977168845497,9.2799416268046e-05,8.019411291063501e-05,0.00010225946932486746,0.0015120689639308862,9.375354757713965e-05,0.05379653382691564,1.9318570596888007e-07,0.0050770694517892285,2.500301859210722e-07,0.00014748107482311684,0.9369352259445964,2.1048959453449834e-05,1.4500759230512562e-07,2.5211343127305137e-06
53,2.8456427376709092e-05,0.0001980243642427927,4.267190838212248e-06,4.21596187815662e-06,5.256657271997392e-07,0.0005135793009383051,0.0006065544194413739,0.0005801302747350522,0.00048597352509603653,9.75688920596383e-05,0.0002233543759984123,4.898181877942361e-05,6.282577231348792e-05,0.00010309346479210945,0.0029051684259137306,0.00013934683543057852,0.04106727440293741,1.7756850351509433e-07,0.003682269234367999,3.364546752984762e-07,0.00010937014062526463,0.949089180417287,4.3531156624056126e-05,1.354409511993252e-07,5.658468467009366e-06
54,3.7052060951125105e-05,0.0006417659981213095,3.4526289601839648e-06,1.191536066057209e-06,4.485604784536289e-07,0.00040989357485329706,0.00020288450494260736,0.0002359620988601013,0.00037890304897351273,8.340011665230779e-05,0.00012813966935858499,0.00012731661783466005,5.429806698049515e-05,9.147590643676453e-05,0.0008700633703364234,6.8044329057769e-05,0.04522355331090051,1.8302570789687275e-07,0.0042973708969074416,1.3566873458136856e-07,8.506208094908788e-05,0.947042244878191,1.1908522303324069e-05,5.1784570576013776e-08,5.197742871798738e-06
55,0.00011544400730449967,0.001663097315659304,7.800839150070614e-06,2.8853042532970386e-06,1.6280369959300167e-06,0.00039051130513107044,0.0003115192628197638,0.0003289605598084578,0.0005990176255011044,8.008055724994475e-05,0.000374096077084793,0.0007104616454454005,0.00017254964886518197,0.00017700193797285562,0.0007769189397204045,9.631404241968047e-05,0.08206409496500373,9.524941054082262e-07,0.006447942092607309,2.0050036607218016e-07,0.00017978544834217446,0.9054697497589805,1.7875916586282277e-05,8.352866019565613e-08,1.1028189966461632e-05
56,4.026279609561788e-05,0.0003648169575554775,9.576805360809481e-06,3.2330263129540733e-06,6.098406801241466e-07,0.0005028872473129171,0.00017159795329951117,0.00040761594196773516,0.0002698342453308947,8.080251026315305e-05,0.0002956766175634553,0.00010634224522662341,9.052132835120703e-05,9.841132214629817e-05,0.0014351014711600375,8.172223040384046e-05,0.05149405004455377,1.768842114009795e-07,0.005480031842135754,2.215536742789051e-07,0.00014140894101156393,0.9389033042007587,1.913226473205088e-05,1.1206618967360264e-07,2.549663702051329e-06
57,2.397877322466627e-05,0.000268927142631536,7.41755609580194e-06,1.0058791233002801e-06,3.893419182727871e-07,0.00028810149446040526,7.822465429436108e-05,0.0003215316017524449,8.407845821991289e-05,3.98500193415888e-05,0.00014532543391059674,0.0001361420897066229,6.293436824345289e-05,4.5054837477573875e-05,0.0007328439382779965,4.232941655638428e-05,0.02638232926202157,9.262481414510422e-08,0.009435901691545122,1.6223540358507036e-07,0.00014455218411535154,0.9617496662980092,8.046642544167521e-06,2.8476293727388687e-08,1.085580018240533e-06
58,3.9639882575445775e-05,0.0002982763671156903,9.703054478435716e-06,3.1460155509536646e-06,5.43788683446634e-07,0.0004672074743622285,0.00015165820939909465,0.0003678476706741774,0.0002689396366753694,8.641061825687627e-05,0.0002885719394765001,7.94427335754954e-05,6.937078847779686e-05,9.074870513386619e-05,0.0016088358115117557,7.486913110063175e-05,0.045384444531042345,1.5331251969019076e-07,0.004902398942712242,2.225941847342252e-07,0.00013428646319487754,0.9456517399213503,1.8930672609118213e-05,1.4707315819209148e-07,2.4646621805550716e-06
59,3.793607107403692e-05,0.00027603747093530846,1.0253663717564785e-05,3.299071158420468e-06,5.412131786486377e-07,0.00046204474055483284,0.00014033965553260895,0.00034155741682888064,0.00026659037909345664,9.258135455543716e-05,0.00028659595071745073,7.143029669148637e-05,5.9313756837352724e-05,9.358460940563775e-05,0.0016987259301680143,7.055651011635403e-05,0.04373991848311698,1.4906563500653438e-07,0.004445728438857378,2.2772666423710605e-07,0.00013940634594016493,0.94774179285287,1.8744001636125475e-05,1.6887436567101956e-07,2.4761203490053735e-06
60,4.003428869154092e-05,0.0003295912512141255,9.197680136997424e-06,3.187028275482234e-06,5.729677290451983e-07,0.0005057862730963814,0.0001649981335025356,0.0003971500977280879,0.00026391828175491213,8.398846802283491e-05,0.0002779320085337028,9.396788381163198e-05,7.562305386832896e-05,9.477717528838013e-05,0.0015127109938902201,8.121359669716898e-05,0.0493532745586123,1.6665701081253646e-07,0.0052956819191989565,2.224379338829802e-07,0.0001485781784922253,0.9412446658986567,2.0075102883664943e-05,1.1636844363521065e-07,2.569696526423516e-06
61,4.02482479908259e-05,0.0002747597998314622,1.1263693234954266e-05,3.5235937341305536e-06,5.272292907996932e-07,0.0004819505463113435,0.00013945276129723346,0.0003895535542474101,0.0002495153608959542,8.911523758737309e-05,0.00028916597177408826,7.472585594751919e-05,6.507773434565446e-05,8.964443391075281e-05,0.0016830153931616364,7.275522728763742e-05,0.04691187166943299,1.529715137344363e-07,0.0047488521770993695,2.2955150233156854e-07,0.00014638550529536627,0.944216943581257,1.8858366069340823e-05,1.6102222607443598e-07,2.2505147551600275e-06
62,4.003428869154092e-05,0.0003295912512141255,9.197680136997424e-06,3.187028275482234e-06,5.729677290451983e-07,0.0005057862730963814,0.0001649981335025356,0.0003971500977280879,0.00026391828175491213,8.398846802283491e-05,0.0002779320085337028,9.396788381163198e-05,7.562305386832896e-05,9.477717528838013e-05,0.0015127109938902201,8.121359669716898e-05,0.0493532745586123,1.6665701081253646e-07,0.0052956819191989565,2.224379338829802e-07,0.0001485781784922253,0.9412446658986567,2.0075102883664943e-05,1.1636844363521065e-07,2.569696526423516e-06
63,4.0230412440434066e-05,0.000359022363246856,9.012135184217725e-06,2.9791108484430634e-06,5.809157891013253e-07,0.0004939592218264862,0.00016408552924236614,0.00038497669971691026,0.00026975142489695094,8.154777955936908e-05,0.00027374368028080815,9.594316075869691e-05,7.604250170928625e-05,9.31317781622171e-05,0.0014836782225190243,7.693474548922666e-05,0.048334968493205316,1.618094660783542e-07,0.005328988036378246,2.090636116860773e-07,0.00014372698113434765,0.9422646544481988,1.895281286357647e-05,1.1085257918950581e-07,2.6078208923373027e-06
64,3.885513293364246e-05,0.00033140250075689115,1.0368757759711613e-05,3.292703238782736e-06,6.384527482442162e-07,0.0004934783472526353,0.00016160027895501802,0.0004147479982300131,0.00022236129268376264,8.441643099163202e-05,0.0002846400175093238,9.336055080164895e-05,6.89609982800469e-05,8.750827713026672e-05,0.001694974037126087,7.357859697467338e-05,0.04074445256381724,1.5205018809486328e-07,0.005861660217889689,2.3281359950786016e-07,0.00021149553001626443,0.9490945225026923,2.0713727139702992e-05,1.1373685013921282e-07,2.4724844345537606e-06
65,2.2105916321361852e-05,0.00027128327405074275,1.3224366724429318e-05,3.6003767228153716e-06,4.865751441865948e-07,0.0008004770451407007,0.00015942315401837887,0.00040557884327737704,0.00018224705495033472,6.913332730935998e-05,0.00029303512461320385,5.185328478686713e-05,5.648382922793478e-05,7.515534248049316e-05,0.0034479571914124616,6.83891735700916e-05,0.0387628505297232,6.659684173562191e-08,0.005072453009276169,2.0061785938313182e-07,0.0001881812988305973,0.9500334350939916,2.0724162707163034e-05,1.3453255805014873e-07,1.5202784612031121e-06
66,3.93573519053933e-05,0.000330129018114039,1.3112739895156656e-05,5.712910838952581e-06,1.0520529100081748e-06,0.00043886696540084634,0.0001104189166204671,0.0002408218595652871,0.00019992015626313708,0.00013875744834438363,0.0005590737508919214,0.00016229183778451115,9.403158886088037e-05,0.0001901407555525887,0.0012127650114439812,0.00010940312678088516,0.05304291378918129,2.883615922104512e-07,0.004022837100427036,2.1803688776091153e-07,0.0002531066081398729,0.9388155763207707,1.6747273625109194e-05,1.7574192375416542e-07,2.2812762797716255e-06
67,2.1656641859061975e-05,0.00023546837082900885,7.11341456730559e-06,2.7110381163876173e-06,3.4790377669685403e-07,0.000871844397320217,0.00013247245726107266,0.00019270644101907565,0.00015177382426019491,7.656704002979323e-05,0.00026783324346062014,9.638220661471062e-05,5.4915592933895774e-05,0.00014871422514989467,0.0015798426485056215,6.758878045644736e-05,0.056482893064157075,1.7592078473874266e-07,0.003278333310040775,3.070478338951656e-07,0.0001737025109438901,0.936124179948058,2.9276571164153343e-05,1.2988845862740363e-07,3.0635123988203724e-06
68,4.398259290080605e-05,0.00034137805009023863,1.0376851426394866e-05,3.9425398635045405e-06,5.820703713307678e-07,0.0005802378318253215,0.00019050256900450793,0.0004626755088152486,0.00026093198688787453,8.633035905189197e-05,0.0003082643494308644,0.00012496672150625102,0.00010155682319765176,0.00010833569310846342,0.0013927716652543795,9.612726775905235e-05,0.06193594167030572,2.319238250343892e-07,0.005460863717228461,2.6168631602396774e-07,0.00017126782028712665,0.9282930622579775,2.261413602001046e-05,1.1677362137890141e-07,2.677133924800325e-06
69,2.51033420549193e-05,0.00023169096243615855,8.29762886333754e-06,1.7653001515556304e-06,3.0085082733908394e-07,0.0006033759248469433,0.00010786249817792668,0.00028879635859446566,9.327192040092271e-05,5.4848319264909236e-05,0.0002516278145246736,0.00011171434333170807,7.612498146484801e-05,7.710840400402481e-05,0.0011693276313366249,5.565751738612244e-05,0.042619653601647864,1.236991571913291e-07,0.007085433698898074,2.612441494295638e-07,0.00018674603748423604,0.9469314346816662,1.798344132295503e-05,6.754826700182822e-08,1.4222497404148142e-06
70,3.67347173844581e-05,0.0002933275460723685,1.1373658913573714e-05,8.325150787357499e-06,7.883697968820766e-07,0.0012080248336683948,0.0002325980372235116,0.0005501887786748366,0.0005121891511200963,0.0001435699659939504,0.00032538054845138615,0.00012336578721416772,0.00012742992466705443,0.00019098200036190985,0.0015150931619045856,0.00022346133073334712,0.10665616828057553,3.0735618130511994e-07,0.0039932165390367215,4.999690972814432e-07,0.0001518755346913064,0.883650418943173,4.1296030652849514e-05,2.0866345916839567e-07,3.1757201652468073e-06
71,3.9826471832984834e-05,0.0003285591976919217,9.20577794723973e-06,3.1808786675907976e-06,5.702464128184678e-07,0.0005064380690228963,0.0001646370795432339,0.00039623956361839674,0.00026275621065413466,8.374617250918361e-05,0.00027741106961327286,9.356743860700364e-05,7.541337789622702e-05,9.458954845053997e-05,0.0015148781164364814,8.086030444484577e-05,0.049283834632089324,1.6569393275448088e-07,0.005286420073685443,2.2205252823229176e-07,0.0001483768540573241,0.9413263960857272,2.0030109852122475e-05,1.1625734910208212e-07,2.5587174296772805e-06
