,0,1,2,3,4,5,6,7,8,9,10,11,12,13,14,15,16,17,18,19,20,21,22,23,24
0,0.010847690568998525,0.08267626742559062,6.927918665689445e-06,0.005267333956993748,0.0006417255228922552,0.00027475654623952835,0.02336172944968676,0.04154695557574846,0.001535725468522221,4.227603436593455e-05,0.18056738712487747,0.03619319596328009,0.0011509044465284684,0.0025989189802782396,0.003168940603855941,0.0007127156455772667,0.05709987839030026,0.0008977663917529603,0.08110347099165978,1.7778786843611545e-07,0.0014893536995306876,0.4679471146436776,2.6240989854012534e-05,4.462659454710261e-06,0.0008380832138002339
1,0.007189665599238697,0.059119782067133926,7.206805603135535e-06,0.0040603122619647936,0.0004062507425396325,0.0005186557341896039,0.022031512070457483,0.044437312142530876,0.0044665903393357005,0.00011563371422322602,0.1200691482417738,0.01867134746092158,0.00119432445188499,0.0037829515755253536,0.004136812903270166,0.0007916135052792846,0.01950534865121507,0.0011616224408534043,0.12637601512028396,2.9229989322122724e-07,0.0013470281943371591,0.5595944553120759,2.7087744993504502e-05,4.743645375395978e-06,0.0009842869751003963
2,0.005827600774708026,0.06188138905629751,5.229809986652913e-06,0.0029169011370207146,0.0004878364481310984,0.00032156753217256245,0.014019861264601271,0.039444282824344784,0.0035204106598577737,7.604086794357398e-05,0.150901279220181,0.021060744207749227,0.000764697051731061,0.005340740161064161,0.00469654757199633,0.0004309336488581528,0.018362789250235007,0.0006703993648726525,0.06418604079829637,2.390732113461604e-07,0.0009846007192513633,0.6028761127853934,1.9249950047631407e-05,3.2277496174580525e-06,0.0012012780724307115
3,0.00790618397147209,0.06313998391333972,5.404761233181365e-06,0.0034431543235200505,0.00042094129830345245,0.0003661740102271853,0.016834325185088574,0.037757339200674526,0.0027705874298892316,6.546460921523527e-05,0.15282899667524388,0.020671230376468293,0.0009551440950056451,0.0034556776540722012,0.0036209488372302024,0.00046595060257788426,0.02357864494836488,0.0008230234059673257,0.08031518519068312,1.906823516560186e-07,0.0011185142143832075,0.5785676522944253,2.1738345460205185e-05,3.3326685757927084e-06,0.0008642113062271108
4,0.007507195913008264,0.06534460015607277,5.5172087181710015e-06,0.0032689089873942753,0.00043905015693089067,0.00029901703590454334,0.01736818852419615,0.0357509682261374,0.002867877094256169,6.362279542083791e-05,0.14827501939861246,0.020136584893594642,0.0011092393183921047,0.003943629970872677,0.0030830768449973474,0.0004084579055341208,0.021166342214831307,0.0008543153620219162,0.07874398854686905,2.080655394189051e-07,0.0012550083839767804,0.5872717322546163,1.985307577169303e-05,3.557292959177971e-06,0.0008140403733714307
5,0.009645754594746602,0.06924899028067856,7.5151319825462715e-06,0.005591242181773192,0.0005803957263803979,0.00045216455316545926,0.0195264711006864,0.04371630624221111,0.0033807803779194612,9.373108540221639e-05,0.16654109882852736,0.019857232700926698,0.0012694873720549133,0.004477255602238584,0.0033244992982376194,0.0005287558303775951,0.027442560245218784,0.0016190318438146904,0.09919067194487176,2.941673539062262e-07,0.0015796232027341353,0.521117448367414,3.6344736988789775e-05,4.831262253806419e-06,0.0007675133220412284
6,0.00790618397147209,0.06313998391333972,5.404761233181365e-06,0.0034431543235200505,0.00042094129830345245,0.0003661740102271853,0.016834325185088574,0.037757339200674526,0.0027705874298892316,6.546460921523527e-05,0.15282899667524388,0.020671230376468293,0.0009551440950056451,0.0034556776540722012,0.0036209488372302024,0.00046595060257788426,0.02357864494836488,0.0008230234059673257,0.08031518519068312,1.906823516560186e-07,0.0011185142143832075,0.5785676522944253,2.1738345460205185e-05,3.3326685757927084e-06,0.0008642113062271108
7,0.012784783763201866,0.04017413103541063,3.8373285447174275e-06,0.002067650233670298,0.00021235980348797496,0.00020042012822359142,0.01602876462601824,0.029824921389774328,0.0012041475751159625,2.7101781665069508e-05,0.16771042267438585,0.012799975565960511,0.0017504447222885268,0.0011630048510973025,0.001978451639514847,0.00020799918556397887,0.012239862197614746,0.0006481221299670939,0.06846837881966443,1.0927496566469053e-07,0.0007766722636436304,0.6294531515475065,6.650764376517427e-06,1.4463450467304604e-06,0.00026719035329107646
8,0.01384561909830648,0.11705018846282562,1.8027083715962773e-05,0.007087484991407879,0.0006894018224178355,0.0005107661606437033,0.009552943873811002,0.032555051113525156,0.004887207226365169,0.00018521125711899725,0.13766317091918165,0.03014331730355109,0.0010919898168775322,0.007585743294388451,0.005761403374902547,0.0009326803189910454,0.05013573164828604,0.0008617018121744888,0.052398141788094904,3.9788855417099517e-07,0.0010201489372076745,0.5234993943397949,6.232361992936948e-05,1.3407925653406993e-05,0.0024485459222747547
9,0.006717438086839126,0.14963106299572357,1.838270887376265e-05,0.0071110330336624636,0.0005659533733086707,0.0004569790391059954,0.009403799650654226,0.04418266954756338,0.006186058838299798,0.00038564250741770963,0.09908233923983578,0.02255087879828111,0.0010669052105748969,0.01290571781420407,0.0054718500327246246,0.001313417949008393,0.04053067807018989,0.001123843855286364,0.08029117234468724,6.188347158116965e-07,0.0013609137930490085,0.5069083224626111,5.864532357661443e-05,1.2969907917165371e-05,0.002662706581889221
10,0.00790618397147209,0.06313998391333972,5.404761233181365e-06,0.0034431543235200505,0.00042094129830345245,0.0003661740102271853,0.016834325185088574,0.037757339200674526,0.0027705874298892316,6.546460921523527e-05,0.15282899667524388,0.020671230376468293,0.0009551440950056451,0.0034556776540722012,0.0036209488372302024,0.00046595060257788426,0.02357864494836488,0.0008230234059673257,0.08031518519068312,1.906823516560186e-07,0.0011185142143832075,0.5785676522944253,2.1738345460205185e-05,3.3326685757927084e-06,0.0008642113062271108
11,0.008178106342440818,0.06093077114956019,5.317906864636557e-06,0.0033622433281085013,0.0004263437621872695,0.0003263219367688366,0.01780522899902703,0.03525726914840709,0.0026822023284286817,5.818380692970802e-05,0.15111494221318245,0.020921646141873782,0.0010996150571259689,0.003221967277773416,0.003354078042756622,0.0004478498877373799,0.022295704668920956,0.0008142028656180244,0.08055945225896564,1.9700275163783966e-07,0.0011497344825436551,0.5851610082025382,2.0145199787781883e-05,3.6127710676751163e-06,0.0008038552186339641
12,0.007808512527382692,0.06314982862647173,5.214573176544981e-06,0.0034845877854043626,0.00039318154366018023,0.00036216898709458365,0.016950704122901526,0.03815576103121328,0.0027068770579836495,6.51428911740498e-05,0.14827998187984132,0.020311331428510906,0.0009656661675819902,0.0032915581706374404,0.0036487805973006915,0.0004753607951294319,0.022940069770998363,0.000818114741796633,0.0841598561760956,1.8444597913709134e-07,0.0010908494609449169,0.5800794569074611,2.097798219934765e-05,3.2125730765247607e-06,0.0008326197559839594
13,0.006125227785455006,0.05025795064485957,3.2785107160716564e-06,0.0018718269003473534,0.0003533168893537219,0.00018358409348015608,0.011886637512101597,0.034701503322146596,0.0018521698845865308,3.2285852953502445e-05,0.18274173129247623,0.02224035714868049,0.0006763736374369327,0.003383421922762643,0.0031247908017584263,0.0002492603365099875,0.01622384553739315,0.00046719862801938476,0.04981948207165391,1.1830152936902251e-07,0.0008225274498840089,0.6121637116647413,9.987491919869726e-06,1.823031044081436e-06,0.0008075892881900933
14,0.007018520353736972,0.09558108273384895,4.738067743692758e-06,0.0039880577116250425,0.0005896061036574607,0.00021212180945205504,0.01300892926653026,0.031208048476535726,0.0018923375745066263,6.245270518481083e-05,0.18269945034652696,0.014901574342968908,0.0011488425477898404,0.0038353537165129845,0.0020192923779500517,0.00024929720546559516,0.024674037698673844,0.001034228328680932,0.09084132102946425,1.6081610336398947e-07,0.0016716971065408445,0.5228453732147175,1.723160103736187e-05,2.9706547017100856e-06,0.0004932742100441997
15,0.00790618397147209,0.06313998391333972,5.404761233181365e-06,0.0034431543235200505,0.00042094129830345245,0.0003661740102271853,0.016834325185088574,0.037757339200674526,0.0027705874298892316,6.546460921523527e-05,0.15282899667524388,0.020671230376468293,0.0009551440950056451,0.0034556776540722012,0.0036209488372302024,0.00046595060257788426,0.02357864494836488,0.0008230234059673257,0.08031518519068312,1.906823516560186e-07,0.0011185142143832075,0.5785676522944253,2.1738345460205185e-05,3.3326685757927084e-06,0.0008642113062271108
16,0.005812600670842784,0.05014573998684802,2.6837934587409237e-06,0.0017903921425032683,0.0002447628070439378,0.00016701827475609646,0.010750597559373522,0.03612571911008728,0.0015730165909861081,3.2570766504858596e-05,0.14324415340043453,0.023372583539221736,0.0005894796578786093,0.003111764257757471,0.00316261048930509,0.00027165520615686094,0.01540432971285982,0.0004476177089881805,0.05153871297328912,9.020480905269834e-08,0.0006593839406004025,0.6508100391727352,8.016265868368351e-06,1.3016460383924449e-06,0.0007331601216525329
17,0.010301741485872767,0.05506237375345368,6.167137490564799e-06,0.0022112621628389783,0.000713259097581834,0.000192845224668923,0.02262612731883874,0.031152772203930947,0.002532637302288003,2.8448303579034845e-05,0.21728409173401456,0.02934683242002657,0.001194807711424714,0.004886407170362432,0.001370879170865606,0.00022185888826824795,0.025989598419243063,0.0009657338861346835,0.043599399600505656,1.7063273393170395e-07,0.001989570874043339,0.5475695186117447,1.9774535130023587e-05,4.093698035033733e-06,0.0007296286569239244
18,0.005826887796024363,0.07173123131729572,7.348148273030919e-06,0.0017498179443110552,0.00036942379106589206,0.000280584170026321,0.01862052869810721,0.03338304074182563,0.0029746278680473554,6.628458703855135e-05,0.13928812492715903,0.03901625806083658,0.0006775000087728591,0.006618792914976012,0.004255784642136487,0.000831574905184981,0.03774673542364831,0.0006017937380602891,0.06830907311557499,2.1761036183189524e-07,0.0015753878536496268,0.5633048746638225,2.6530155511840193e-05,5.053414246246386e-06,0.0027325235040432214
19,0.005300726603516181,0.07902821896653495,4.426850923340975e-06,0.005881913918576205,0.0005492752306203325,0.0005287304453457794,0.01597738857904414,0.03230743211631651,0.004425090469285478,0.00010251991385555163,0.09638078572151453,0.020556008933949026,0.0008909577705762022,0.003463538463669915,0.004762912678489293,0.00048735085921313033,0.017891682406736647,0.0005917336340641003,0.07889390046922432,2.14552122453381e-07,0.0006301453488760029,0.6304520895097349,2.1013580606071068e-05,3.7194670055336348e-06,0.0008682235101993307
20,0.0038955144378029615,0.04647008538501054,1.955760867396399e-06,0.0018596325480410363,0.00021399263576134,0.00019423449324909708,0.00886724632987468,0.028886690310854172,0.0018584596310689194,4.161017081387009e-05,0.10544824583106954,0.010334167119610271,0.0006719989193838008,0.002480414241550663,0.002897042972132678,0.00018238424696205964,0.009312948767963767,0.000364867803181571,0.058247431334478364,1.0843709479378835e-07,0.0005635412520169542,0.7167549561571613,6.965866944555116e-06,1.1798784143274754e-06,0.00044432546869126784
21,0.016531030553208495,0.08089770110809805,1.6300013795011198e-05,0.004076733411233323,0.0005976411657065889,0.00021610729545264227,0.02283938433555002,0.050322169963521124,0.0028613577254424766,7.027052889185763e-05,0.1974079328903394,0.04735841441063405,0.0017597825595518357,0.007350767497764173,0.0021322031134654346,0.0008116957219810126,0.04359549425598847,0.0019607372625768953,0.06327482751339895,3.3099111378137883e-07,0.002393580043996827,0.4521706768058202,3.422041567942606e-05,8.349338314914013e-06,0.001312291078474961
22,0.010701481145369209,0.06056389197071924,7.79195981037798e-06,0.0032517684335586845,0.00033651373171461276,0.0003602668657926141,0.010922158814090747,0.05511872567728614,0.0013548463398150913,8.781078216397904e-05,0.17740542351327665,0.013173345260397405,0.0009191274681284699,0.003550626197747134,0.002012343710341221,0.0004026359695452028,0.041685939176181214,0.0014821889355598693,0.07515079899562124,1.9322332410343934e-07,0.0018102415977100446,0.5391743798346202,2.6811666215123082e-05,2.0983979765474323e-06,0.0004985903330346887
23,0.00790618397147209,0.06313998391333972,5.404761233181365e-06,0.0034431543235200505,0.00042094129830345245,0.0003661740102271853,0.016834325185088574,0.037757339200674526,0.0027705874298892316,6.546460921523527e-05,0.15282899667524388,0.020671230376468293,0.0009551440950056451,0.0034556776540722012,0.0036209488372302024,0.00046595060257788426,0.02357864494836488,0.0008230234059673257,0.08031518519068312,1.906823516560186e-07,0.0011185142143832075,0.5785676522944253,2.1738345460205185e-05,3.3326685757927084e-06,0.0008642113062271108
24,0.005172436505139132,0.09764878887099794,4.040009267722864e-06,0.006135586967478631,0.00039118472911440686,0.0002924292334718782,0.01376385336279122,0.04093237074858935,0.0024069367911315883,9.464587867573235e-05,0.11191593791680728,0.015687137486447126,0.0008827852143980752,0.004126997886620389,0.0035463965090586215,0.00045145418134958347,0.025088231950249427,0.0009968338325849558,0.12230239604134498,1.7269160209029737e-07,0.0011480806895208483,0.5463460918500724,2.3471330185811414e-05,2.8261749401400585e-06,0.0006389131481606135
25,0.008501968444626735,0.030202716685658645,4.414646347223963e-06,0.0021367617794978574,0.0005486779772126367,0.0001684857615026098,0.021318204363585343,0.08488341584689837,0.0013310251575185288,2.2199302094757123e-05,0.3078471645488847,0.0259426107758461,0.0008352036040727784,0.003852939460918772,0.0011875691874111895,0.00021112149293312066,0.01881610900557723,0.0015980364664966275,0.04354305304324426,1.6299595174146564e-07,0.0017993896186702682,0.44484415379849473,1.2946132875415153e-05,1.4277512701935677e-06,0.00039024215241007133
26,0.022258322383635554,0.08553165420923699,2.3676626701887097e-05,0.010191408432793087,0.0013110713942841826,0.0009254883169189376,0.024927391941423686,0.0380522322093841,0.009291074864818508,0.00018455492653750844,0.1924168075878571,0.024293633422627775,0.0019850218912084413,0.007757701503451126,0.0032321479960751923,0.0007997311908037799,0.043836828898131126,0.003430798875876096,0.09045151762263522,6.438487454694613e-07,0.002606378147872866,0.4349963744742688,0.00014061230113260318,2.2189009330916503e-05,0.0013327379242490341
27,0.00479636576402741,0.04382667421062832,2.5137743625396895e-06,0.0024886967392167398,0.0002783521747487758,0.0003725466021211739,0.010467431792039423,0.02905165421928096,0.0036084466475305318,5.7928818374861975e-05,0.10052312883280984,0.013587745973422735,0.0006407959263658906,0.002374119083648039,0.004245999367110845,0.0002936855735988272,0.008733236191620038,0.0004037853103836159,0.06564857564016943,1.3209181908101107e-07,0.00045626220884281514,0.7074328843780896,1.0796948125123745e-05,2.152509954385e-06,0.0006960892217087908
28,0.00790618397147209,0.06313998391333972,5.404761233181365e-06,0.0034431543235200505,0.00042094129830345245,0.0003661740102271853,0.016834325185088574,0.037757339200674526,0.0027705874298892316,6.546460921523527e-05,0.15282899667524388,0.020671230376468293,0.0009551440950056451,0.0034556776540722012,0.0036209488372302024,0.00046595060257788426,0.02357864494836488,0.0008230234059673257,0.08031518519068312,1.906823516560186e-07,0.0011185142143832075,0.5785676522944253,2.1738345460205185e-05,3.3326685757927084e-06,0.0008642113062271108
29,0.00790618397147209,0.06313998391333972,5.404761233181365e-06,0.0034431543235200505,0.00042094129830345245,0.0003661740102271853,0.016834325185088574,0.037757339200674526,0.0027705874298892316,6.546460921523527e-05,0.15282899667524388,0.020671230376468293,0.0009551440950056451,0.0034556776540722012,0.0036209488372302024,0.00046595060257788426,0.02357864494836488,0.0008230234059673257,0.08031518519068312,1.906823516560186e-07,0.0011185142143832075,0.5785676522944253,2.1738345460205185e-05,3.3326685757927084e-06,0.0008642113062271108
30,0.00790618397147209,0.06313998391333972,5.404761233181365e-06,0.0034431543235200505,0.00042094129830345245,0.0003661740102271853,0.016834325185088574,0.037757339200674526,0.0027705874298892316,6.546460921523527e-05,0.15282899667524388,0.020671230376468293,0.0009551440950056451,0.0034556776540722012,0.0036209488372302024,0.00046595060257788426,0.02357864494836488,0.0008230234059673257,0.08031518519068312,1.906823516560186e-07,0.0011185142143832075,0.5785676522944253,2.1738345460205185e-05,3.3326685757927084e-06,0.0008642113062271108
31,0.011696063251730497,0.06976996994200593,8.694572902229568e-06,0.0031472973180406423,0.0002708364005868075,0.00029470799250723797,0.016110883631903786,0.07075678167512844,0.0017636905916078053,7.478841533003649e-05,0.14692638720633347,0.022408888049391576,0.0010461511559539225,0.003477731902317168,0.002251576980971986,0.0007071332406276463,0.034797142733895364,0.001272214007536599,0.073671504734341,1.9215980479831998e-07,0.0014698126460918571,0.5373107175731382,2.207046371290261e-05,2.7751048845913224e-06,0.0007419882492555302
32,0.007173085609493605,0.06056489724508906,4.82069784797674e-06,0.003556756150469854,0.0003900443137419802,0.00036472134830336324,0.017175471448503708,0.03658683462359647,0.0026379878156000945,6.539981990425547e-05,0.14306596061620153,0.018633500696289954,0.000967499647767227,0.0030512978833792353,0.0039059131716104086,0.000486418654526456,0.022616237677542977,0.0008123115174503724,0.09794779219981775,1.8633641129793258e-07,0.0011402465021669338,0.5780268094848242,2.1265001196717554e-05,3.2263313065623687e-06,0.0008013152069577457
33,0.004735492306832037,0.09248445134579378,2.2305098641337137e-05,0.004752030830539506,0.0010714445904534717,0.004179544363345144,0.010736833152260808,0.028431097053189143,0.05408596532291152,0.0014837841891344333,0.09268755504976611,0.007660148869707203,0.00042779193745174466,0.02284167116673908,0.03038257734158542,0.0007885351576512649,0.011875229194514732,0.000751133404382451,0.08329511848660759,1.0850745841354161e-06,0.0009340939377173071,0.5392536458018069,0.00014505922140731784,1.0970784421665788e-05,0.006962436318555843
34,0.014911105501921124,0.03706761941470284,4.732423976571947e-06,0.003238698457096622,0.0004230813401637919,0.00031159713861932993,0.019061657352634258,0.032116420363757364,0.002508826057458515,3.499135637757913e-05,0.20434577995761377,0.015192641171548381,0.0012954311611482294,0.0019144494328364482,0.00341610363038327,0.0002825233287991675,0.015138989634800423,0.001068219534447635,0.09551702172077396,1.3792977087718256e-07,0.001173767197438238,0.550477297012052,1.7708370722468654e-05,2.955609067018844e-06,0.00047824490189014016
35,0.011011203394994016,0.04299755646154738,4.500391121474583e-06,0.0027930056943781174,0.0002067517862894232,0.00037523496013715983,0.01529024856825378,0.047191928533808346,0.002290283356048465,5.7541749592332185e-05,0.11878504569756437,0.0188130393466492,0.0010167800145199912,0.0018483940545545236,0.0021468573488704745,0.0005702168515946554,0.01780390592521041,0.0011652610192576488,0.08839341452707662,1.317733525587021e-07,0.0008287770192692609,0.6258990678742541,1.4939274040826639e-05,2.5212218370655693e-06,0.0004933931557778545
36,0.011802396412513098,0.04564578972673807,1.530686600594594e-05,0.003175243620176728,0.005330101061254951,0.00043312736193844244,0.027336954664062503,0.007539416001512694,0.0031065689088077223,2.490191819260402e-05,0.6276781702953942,0.018408078286645157,0.0013016247237619954,0.003345429743610345,0.00358713341686007,0.0001792860326591396,0.03248060545149167,0.0007905998407032941,0.05246771114259037,3.956648129612942e-07,0.005611369086996864,0.14789584151428387,8.66255225727419e-05,2.7716701691948206e-05,0.0017296060347224685
37,0.020015738698046,0.06750223040730212,1.6363013189391595e-05,0.00374739098981239,0.000867083334445487,0.0002811898885993827,0.030432809097524653,0.03070672902913627,0.00415750121577041,5.993708435866751e-05,0.21149546685817766,0.0353751147690173,0.0023894457038328254,0.005890219497202701,0.0018740127190881078,0.0005318102092093051,0.034105142378222576,0.0019362791550153254,0.06654046093443154,3.526760732321515e-07,0.002791291883189635,0.47813788219533393,3.836905953329903e-05,1.1828660034991588e-05,0.001095350543453027
38,0.006860897776739215,0.0746864994292716,5.063257030875381e-06,0.003004201231561721,0.000498650761582253,0.00025040420841342613,0.011846232998206613,0.034766965793350514,0.0027965486570946767,5.86985510028893e-05,0.16680919663758156,0.022549291555005343,0.0007876009211251651,0.0049029609962509485,0.0030895034457671467,0.00031471981064717957,0.021625318493011723,0.0006256664277928678,0.05251764291051993,1.6949978654537542e-07,0.0009631609546992461,0.5900415037557324,1.7309957390019042e-05,3.1298034004757108e-06,0.0009786621670356591
39,0.008030644507137186,0.04806403285549731,5.044511516577698e-06,0.002795207119618095,0.000324303823180698,0.00040414416752326474,0.019890527155406505,0.048682565673083884,0.0020853456271544956,5.1581708392699636e-05,0.15052099413817047,0.02357705825713208,0.0008872968561395544,0.002468657261313192,0.003057876979720371,0.0005810924944851362,0.025552889183119397,0.0008124532691652306,0.07935587564142801,1.6875811149326007e-07,0.0011533782243505076,0.5809006850937679,1.9551088412605196e-05,2.7100946038750843e-06,0.0007759155115694805
40,0.008137100742627886,0.04952960261688492,4.100887126085168e-06,0.0014071886097811155,0.00033521592836788445,0.0002446885997844418,0.011401546182806272,0.023508011707675535,0.0018431296664987462,2.7065698523961624e-05,0.15046674716985212,0.02481736528430867,0.0006859435355095222,0.0024605245918335526,0.0030320607387571254,0.00021903342463650466,0.01709901718347059,0.00025126215433437713,0.026999586008263573,1.0140626099120932e-07,0.000550975730173828,0.6760874755787677,8.246067851412997e-06,1.7015187178339998e-06,0.0008823089671855205
41,0.006961340082473961,0.0498704330296337,3.1567737960157237e-06,0.014550733248978341,0.0012792559396612472,0.001656575600264734,0.011527069847030487,0.03187186637132403,0.008909116139166165,0.00011338359470423714,0.1514075738323465,0.018964117444066845,0.00042910204880413364,0.0019722683890473687,0.025703783314418364,0.0004026323478377584,0.011238898903325297,0.0003922171705296392,0.08303018787720823,1.776592246840475e-07,0.0001912841673232894,0.5784134745707311,2.95316697582434e-05,3.3458063683707184e-06,0.0010784741719772968
42,0.0033030735350891177,0.03313788319220125,1.1819154369823146e-06,0.0014542369445651282,0.00011281755076735528,0.00022739242288764578,0.008058924563906165,0.026254056015654854,0.001050175447478026,2.8831918650361987e-05,0.06855645248763446,0.009591308796404624,0.0005487918058721546,0.0007338499224354019,0.0027006481779048254,0.00029613233173785144,0.01014568968625837,0.0002037135168518522,0.06787059101850158,6.439684637210155e-08,0.0003079451240233064,0.7650987205814412,4.056474129269474e-06,8.064833438810342e-07,0.0003126556899779106
43,0.0047731358126437,0.046435362835345384,4.568034182325343e-06,0.0034612080661819127,0.0002907455738211007,0.0008214717553391212,0.010113836406785663,0.048668723970562794,0.0034095138268568264,0.00017290326793457602,0.09257720171610792,0.00744826287040672,0.0006558412441315828,0.002784221632182066,0.004642555878053819,0.00046483807886878463,0.014072902979912903,0.000737604511056616,0.10036894031952781,2.2838693522286053e-07,0.0008822702027174116,0.6566005265132419,2.133854480442428e-05,1.9899998507090154e-06,0.0005898075725489197
44,0.00790618397147209,0.06313998391333972,5.404761233181365e-06,0.0034431543235200505,0.00042094129830345245,0.0003661740102271853,0.016834325185088574,0.037757339200674526,0.0027705874298892316,6.546460921523527e-05,0.15282899667524388,0.020671230376468293,0.0009551440950056451,0.0034556776540722012,0.0036209488372302024,0.00046595060257788426,0.02357864494836488,0.0008230234059673257,0.08031518519068312,1.906823516560186e-07,0.0011185142143832075,0.5785676522944253,2.1738345460205185e-05,3.3326685757927084e-06,0.0008642113062271108
45,0.008429123100588428,0.07299134621957025,6.481859020879582e-06,0.0031593278745963263,0.0004088940079158358,0.00032199468329350916,0.014582262862078832,0.03762195565970202,0.0026149790924028297,7.203342835136743e-05,0.1576439875242884,0.02112503379474903,0.0009530074106580678,0.004362118870278934,0.003024836471210473,0.00044672608701569277,0.027553760448980526,0.0008818075154623258,0.07094407281718072,1.929301213280662e-07,0.001301122704914658,0.5705864504621341,2.3257567488630907e-05,3.5353769166763145e-06,0.0009416912310801636
46,0.010111662268831867,0.060512379569182914,3.2490421308765227e-06,0.002649032296804802,0.0002180374847599944,0.00020590725197253674,0.010076238989902899,0.028828032409824053,0.0004741777095716185,2.1458638668547254e-05,0.1308560934621602,0.02713275811778265,0.0007245142005976929,0.0008869280204659727,0.0026024043423884206,0.0005135421923986861,0.06597669942039866,0.0003078353486191964,0.04905863936597893,6.87815060011505e-08,0.0005862717126919933,0.6077156371876452,1.1215408561312347e-05,1.6088765877759201e-06,0.0005256079005671184
47,0.00692392290512653,0.06316459721266587,2.1995183018419733e-06,0.0009956448710351559,9.21327168924279e-05,0.00010444594947207448,0.008472001961795417,0.019683260806735665,0.0009572124918719229,2.046156817793545e-05,0.06971498925665796,0.023618112742601036,0.000902827447179258,0.0009929117416089307,0.001593086403288575,0.00035675470937766884,0.013881297426546669,0.0001805548112390609,0.03265146352316466,5.898002977820808e-08,0.0002678488783886348,0.7549120630231383,3.0064420004052418e-06,1.4286805313603994e-06,0.0005077159321729416
48,0.004221768842006883,0.13547064354633237,2.9926349378788983e-06,0.003879336693522535,0.00013476634927315494,0.00019987775647478667,0.008126493561095632,0.03806129284714152,0.0006972282655622055,8.134612133847055e-05,0.05884860472344346,0.01181810950905089,0.0005994420672080299,0.0019169943795227572,0.002450485462026199,0.0005675825316772376,0.05355289371400893,0.0004397311406243731,0.09504494659731207,8.283537639750687e-08,0.0007361496658934575,0.5827056557898584,1.365137117782095e-05,1.120835609080538e-06,0.0004288027595253361
49,0.010189056263402668,0.05437447094553937,6.6307148371952075e-06,0.0029811383918965225,0.0004092349797921773,0.000499920474552866,0.016697099180069192,0.043381648209688144,0.0027934523053895865,5.959884000179522e-05,0.16515468421673854,0.02634152905728706,0.00096339634395424,0.003027096554451508,0.0026733499440245033,0.0004448832864148127,0.022996625669428918,0.0008131433340327419,0.04886509158241896,2.0068444192174052e-07,0.0009012114973748974,0.5955956318079758,2.0749416554777875e-05,3.167078525055653e-06,0.0008069892212066711
50,0.020564576712972824,0.05412021436430748,7.19883676149893e-06,0.0053084797699148095,0.0008796471726696985,0.000504870886360803,0.01355630715529596,0.027477782453656126,0.002347151567386218,3.425874941497963e-05,0.33341853545650135,0.03201176205266636,0.0008094967612831373,0.0025563876613839253,0.004283750335057937,0.0005216128247610258,0.052600425154773464,0.0013174638440033443,0.05281344698786048,2.0395340464816026e-07,0.0011133889138077336,0.3925775708637108,6.077190096239816e-05,8.14687469755283e-06,0.001106548746385289
51,0.00560481551219218,0.08957029213024807,3.6261070786083814e-06,0.0035702918218239147,0.0002895986041015084,0.0002206975646910799,0.00961339837108907,0.038415051077157925,0.0019943189061392605,6.656336558696515e-05,0.11656304499215983,0.01718928776376702,0.0007765743925410696,0.00352544313733761,0.0031809039862546597,0.0003219849265667874,0.017636208093150103,0.0005624878359913795,0.06638157710992966,1.302347756675916e-07,0.0006870015339608234,0.6231791105769385,1.167387148599965e-05,1.8486683873781131e-06,0.0006340694166449989
52,0.007752091026828121,0.05878521953660314,5.2515161957496555e-06,0.00402407420204466,0.00036300284719322146,0.00043195929304991966,0.014442950117057003,0.04106520514346306,0.0029486374554704713,9.090511325304468e-05,0.1363354157164765,0.016005975821481007,0.000964422653903039,0.003304942779653988,0.004071455173163228,0.0005168971601463037,0.020645239424535004,0.0010165859256757817,0.09712053828234188,2.1471737085183125e-07,0.0010023970763543377,0.5883427510789933,2.2769837663704678e-05,3.1041180336342152e-06,0.0007379939830488785
53,0.008196620111829816,0.03960275194184809,5.096476953840276e-06,0.002555685069371878,0.00045921098742478114,0.0005005874876436127,0.055494218057622405,0.04489681590575243,0.004151903168517567,3.198165304131449e-05,0.19074987466102053,0.043873313513727225,0.0009907155918121588,0.003452338051665561,0.004196089009477059,0.0006041101794686877,0.02052200412620175,0.0009054832545968532,0.07441506747064892,2.1539304029801016e-07,0.0013019289047026738,0.5017477831364923,2.875088199555828e-05,3.7435203820229523e-06,0.0013137114447626416
54,0.0031455720200870394,0.10415623791462705,4.014539480551234e-06,0.0016863764612604737,0.00020917728134597674,0.00018626710318947283,0.008908816186237246,0.029593474303445964,0.0034750659263679926,8.20057324564182e-05,0.0748910144249088,0.03948774081812803,0.00047568932856187205,0.006252919378449404,0.006105509996039484,0.0007375653570859009,0.015923720063015297,0.0002125167841334114,0.04056412581913428,1.60302479189182e-07,0.0003539104139367234,0.6606726048126866,8.885142388486764e-06,2.7628694998659004e-06,0.0028638670210543006
55,0.010636061268849558,0.043428319430117206,5.63107944115206e-06,0.004123552331312882,0.0010236605436174005,0.00042037135390506086,0.0670941274168315,0.028459033429292332,0.007484503887104913,2.360016635125653e-05,0.21349617115967043,0.09136350202843961,0.0014553935621075874,0.0033637551356031307,0.0031353594259975015,0.0006268892462754067,0.01599112467771932,0.0010981511368243443,0.07417547112557611,2.1918128978862627e-07,0.0011733783575575735,0.42980667934677985,2.9871329808241694e-05,1.193283916971124e-05,0.0015732405403581723
56,0.007968823812415109,0.06215223374488477,5.301041829028464e-06,0.0033145515156546767,0.00041236801559606863,0.0003442310801372206,0.01720838818865173,0.03645673132993821,0.002704581651722437,6.118075344382631e-05,0.15117421330644487,0.02080116614722539,0.0010154199845187303,0.0033336431748746996,0.0034232609366822635,0.0004487077584071563,0.02267090727484832,0.0008080698348745833,0.07929557907836199,1.9087362668435359e-07,0.0011225072121789248,0.5844255076225842,2.0561125435953174e-05,3.3814602040037153e-06,0.0008284930754589708
57,0.004906853567540429,0.06546643732300904,3.072851020478998e-06,0.002252488788465797,0.00023122942695854602,0.00017392715960445247,0.01716885484231743,0.030203367268423154,0.0015399972956643276,3.9639726712927835e-05,0.10662605270606554,0.019497661980779648,0.0010393558702031435,0.0020312607981863465,0.002562231428243863,0.00047165152118677463,0.01940057610804124,0.0005123044241718799,0.11911155140804852,1.1094031710231493e-07,0.0011434030026211614,0.6049651211038134,9.684374547329631e-06,2.3930437161783872e-06,0.0006407730403411555
58,0.00830828701551693,0.06633852154882623,6.2309108226958295e-06,0.003861837923956343,0.0005556830394600733,0.0003764647275364643,0.020052157641721222,0.030931322358454742,0.003500092493438321,6.510262364008954e-05,0.15841272766401507,0.02348315581254994,0.0012340380083536455,0.0036261469487105023,0.0037944364712193153,0.0005233365653027806,0.02377363061070125,0.0008697308357011116,0.08858278396714812,2.504247624210609e-07,0.0013261970915085625,0.5593234338052779,2.6698096699521912e-05,5.797959939207524e-06,0.0010219354547375886
59,0.008564687033527986,0.07194515408969128,7.629450524430056e-06,0.0038223948275841186,0.0005789716819105172,0.0004050642496469509,0.018941363921682785,0.03393982013891998,0.003593046094225862,8.046111882924541e-05,0.1590636284382496,0.023086185306117665,0.0011808419004915962,0.004289159744348086,0.003641385467246466,0.0005703372827971507,0.027298769214141805,0.000944893186620392,0.0836481347842053,2.739866284801639e-07,0.0014829748545556374,0.5517518267666915,2.9772755965127647e-05,5.956134582389797e-06,0.0011272675708157193
60,0.00790618397147209,0.06313998391333972,5.404761233181365e-06,0.0034431543235200505,0.00042094129830345245,0.0003661740102271853,0.016834325185088574,0.037757339200674526,0.0027705874298892316,6.546460921523527e-05,0.15282899667524388,0.020671230376468293,0.0009551440950056451,0.0034556776540722012,0.0036209488372302024,0.00046595060257788426,0.02357864494836488,0.0008230234059673257,0.08031518519068312,1.906823516560186e-07,0.0011185142143832075,0.5785676522944253,2.1738345460205185e-05,3.3326685757927084e-06,0.0008642113062271108
61,0.009399199110528035,0.06896993122958679,8.372411157572689e-06,0.0038588742735136254,0.0005983497377659206,0.00042093397308092694,0.019520496387689833,0.03516913683988313,0.00393881291261678,8.294850534603643e-05,0.16500516422498918,0.02315828190486899,0.0012508505852466035,0.004500441579092322,0.0034198698958361096,0.0005498911292005915,0.025724055641546815,0.0010490371852929742,0.08199874672883686,2.8477418796939434e-07,0.0015552282114862353,0.5486768331248696,3.092684826115064e-05,6.331632200261787e-06,0.0011070011529158005
62,0.00790618397147209,0.06313998391333972,5.404761233181365e-06,0.0034431543235200505,0.00042094129830345245,0.0003661740102271853,0.016834325185088574,0.037757339200674526,0.0027705874298892316,6.546460921523527e-05,0.15282899667524388,0.020671230376468293,0.0009551440950056451,0.0034556776540722012,0.0036209488372302024,0.00046595060257788426,0.02357864494836488,0.0008230234059673257,0.08031518519068312,1.906823516560186e-07,0.0011185142143832075,0.5785676522944253,2.1738345460205185e-05,3.3326685757927084e-06,0.0008642113062271108
63,0.007068838418121086,0.07374875758634983,4.842900558863429e-06,0.0033199647963091357,0.0003701906721671933,0.00030995977371066504,0.014468745574583722,0.03538733791784399,0.00247416200047185,6.596590297872368e-05,0.13640082406030926,0.01954245521427447,0.0009178489342826449,0.0033690088201070575,0.0034768152212013553,0.00044560506307683104,0.023301966160116427,0.0007031933536475499,0.07921681245863076,1.7147987544159874e-07,0.0010164286330605677,0.593537879887216,1.867862069096635e-05,3.0628529769233536e-06,0.0008304836974387328
64,0.008533197826387957,0.06522473475505894,6.760806130198729e-06,0.0031519028056804293,0.0004741499606277358,0.00030910065724847383,0.020167597894948434,0.03828851456689926,0.002479485923882422,6.118292150612301e-05,0.16735058576618064,0.02061879450654406,0.0011501345000056056,0.003967938305062149,0.002884201641698542,0.0004668706870732054,0.028548338673469575,0.0010029729525222264,0.08892235835590429,2.101927933363697e-07,0.0018757047356016163,0.5436303443173447,2.459834690355555e-05,3.8495074393862866e-06,0.0008564693930869903
65,0.00914673893700946,0.03713390664734854,3.494690715544471e-06,0.005291385306915274,0.00046700262909419357,0.0006983547462918536,0.02569197196854863,0.04091315057259449,0.0018296805753059188,4.255830054116557e-05,0.1971373937059485,0.018623843296715376,0.0007824631407803981,0.0013667663630603773,0.005451765807801274,0.000551076440712443,0.031184395101487957,0.0010904682971348224,0.14648603391333695,1.4007493914156581e-07,0.0011484509478949224,0.4743498766665117,3.368538995227592e-05,2.548639808038392e-06,0.0005728478395506555
66,0.01144067629137383,0.04473420725690972,8.022348034518736e-06,0.0024637635338590983,0.00037680616472361765,0.00022506590158847677,0.023318242995160388,0.05392903525685185,0.0021272274877789468,4.97761450515041e-05,0.16647791752169525,0.020762613459747482,0.001970476611984211,0.002940526179283409,0.0017754826499936274,0.0004107353687398426,0.015518553701014376,0.0011272370274326125,0.05776643996540763,2.53778058808348e-07,0.0012797524252885991,0.5908214978079628,9.539639598615646e-06,2.405117940200482e-06,0.0004637453645206422
67,0.014597785127204001,0.07471381785321675,1.9505152916854384e-05,0.006464491867336816,0.0007011190805916649,0.000580305037678677,0.023120009969077485,0.05421529808628507,0.002948443678929361,0.0001412075826382205,0.20875065922314198,0.020335917843634154,0.001596693776719916,0.006801534254358227,0.0032671077128185702,0.0008378364372716377,0.06308933466246355,0.0028030597730215245,0.10577591870115531,5.225594986125127e-07,0.0037680222632515605,0.4042672962847149,9.348644184412011e-05,8.079365507639012e-06,0.0011025472647232712
68,0.009416545367161855,0.07561065649707971,1.1806435825042937e-05,0.004952370190430761,0.0008554368484731373,0.0006013951969400309,0.02414386852136137,0.0364497402940864,0.0071408450730498394,0.00011431344749301175,0.17947689778924864,0.03402195990849489,0.0012002084760198315,0.008223491887426692,0.004613925760810192,0.0005837470990626803,0.02548914362047351,0.0011332815294501728,0.06454959515016409,4.006288242638181e-07,0.0014145633793512338,0.518073732892718,4.7017645229733955e-05,8.441712252103551e-06,0.0018666146485730234
69,0.008877652981454563,0.06048361366900683,1.2266054261559046e-05,0.003718807871005264,0.0004796923796971512,0.0004790403184359136,0.02439920406510051,0.06668632611556101,0.003867012432942621,0.00012352697071429784,0.17074223086273319,0.023229737282082503,0.0012100315208538645,0.0077933062372778535,0.0028494946547291777,0.0007122797673603573,0.028876601981856553,0.002107895510245403,0.09578361360082294,3.9822218599790605e-07,0.0028302510877695496,0.49351890259538644,4.450402557720032e-05,5.087891867443972e-06,0.0011685219010718758
70,0.00881923713923756,0.05677268645579346,5.82398232520614e-06,0.006096817201572231,0.00101539376123186,0.000528748646670852,0.02458591632444245,0.037783158352631276,0.005112239092635898,5.4396398544958495e-05,0.20897576650641222,0.025625634809401613,0.0009383900804579845,0.004528391286902962,0.005063911864874007,0.0002818408919124811,0.019053531430868294,0.0008155511037668142,0.063694680752394,2.2071502759647927e-07,0.0010113222871668164,0.5282525797019989,3.2557917832391355e-05,4.059972610027276e-06,0.0009471433232882147
71,0.0074886276711593844,0.06654850207022478,5.917176071624853e-06,0.0034581445042722253,0.000484908389970063,0.0003606949862555859,0.018725323501464414,0.03947009564079515,0.0032353014930048556,7.113225767333769e-05,0.15442946466896315,0.02147224313232321,0.0009983462937457259,0.004258886648452799,0.003445770073744832,0.0004780780615940125,0.023260853029840236,0.0009242148857830359,0.08110224302772732,2.218634263632615e-07,0.0013141417645616922,0.5674988338336285,2.37719048932755e-05,3.7608854356936497e-06,0.0009405222349886347
72,0.004692794196312999,0.04317119317659859,2.871646086049532e-06,0.002768829023069946,0.0001915680389071191,0.000573226536700064,0.035124160138783084,0.04095016176326205,0.002143446416078117,5.452399990418041e-05,0.07838496632125411,0.016500313812233908,0.0010254151401142698,0.0011357834110189587,0.004579228613445474,0.0007925464532914924,0.01605259221981398,0.0005564603796447083,0.13432925317236644,1.632423849232136e-07,0.0007059054825722262,0.6157586957861316,1.161497728950794e-05,1.496711395322507e-06,0.000492789341340992
73,0.009908462791770776,0.06029929747666045,8.70382380442837e-06,0.002415516177073003,0.0004200287919428464,0.0002772326373059465,0.012936896588936063,0.05366621917544015,0.0021453200556354923,7.832858805173484e-05,0.21866135711433662,0.01566116287971333,0.0009434186314933898,0.006489457385806717,0.0019562907000667705,0.00028685221368401144,0.025282259867285904,0.0015102265343826737,0.06488229759477424,2.0376380568843273e-07,0.0024444386752576585,0.5189877174059048,2.4053043147336427e-05,2.455836652867888e-06,0.000711802247067036
