,0,1,2,3,4,5,6,7,8,9,10,11,12,13,14,15,16,17,18,19,20,21,22,23,24
0,3.869748197499928e-05,0.0003172929076487985,8.935599595702751e-06,2.807032407680239e-06,5.220383445318585e-07,0.0007594455579690886,0.0001805624853020563,0.0004289377485075601,0.0002605640397769603,0.0001002259184157135,0.00025941115186933013,9.60943852062749e-05,7.968060078058238e-05,8.79251957394655e-05,0.001691022321555378,0.00011021081282880008,0.0465700698726721,1.5651784634908162e-07,0.00721322488658319,3.2716522258807715e-07,0.00016762870996342455,0.9415999971938989,2.3671061495541702e-05,1.236312845150426e-07,2.4656831105221093e-06
1,6.276305072859507e-05,0.0004116309491722097,1.0126852049848666e-05,3.7598164492968336e-06,7.41629546127469e-07,0.0006721708624994313,0.00021540216974454422,0.0006129490572310873,0.0005773022490858487,0.00014080845884830505,0.00028745295487598763,8.434079848724516e-05,9.720348048124215e-05,8.247319212553122e-05,0.0016182794494071838,0.00015883048923556173,0.059406626880611,1.7204603053835202e-07,0.008194865470938964,2.892454575488857e-07,0.00012353261042419384,0.9272125320514323,2.277936868858463e-05,1.6498736776107406e-07,2.8018790812702955e-06
2,3.0712420775653226e-05,0.0002042974511176723,6.28102479538744e-06,1.9318879993980427e-06,4.800809108953646e-07,0.0003326784130502469,0.00014118633666542916,0.0003395458983260124,0.00031197798646804566,8.456542497091478e-05,0.00016099037492283924,4.182147416677266e-05,3.818963493434032e-05,7.285540258147813e-05,0.0015280482136989235,5.451874615202986e-05,0.026037288402748358,1.0498420675564568e-07,0.004481992201609266,2.732992646725965e-07,9.50927876234615e-05,0.966011828376522,2.0142433867123023e-05,1.1611727479683044e-07,3.0806253474226025e-06
3,4.1383423725252246e-05,0.00033748439267136324,8.816096475354264e-06,3.1214759883978173e-06,5.633536601951429e-07,0.0005312126851993123,0.0001711796945605154,0.00039630461078042856,0.00027532270413476877,8.50155616766506e-05,0.0002817824607068408,9.50326886123582e-05,7.68285111468655e-05,9.533946241402683e-05,0.0015403171061398175,8.520427272246782e-05,0.05115436764432503,1.7098025063841018e-07,0.0054160905002549635,2.2846300353235672e-07,0.00014700107427684196,0.9392328515993903,2.1520598884055978e-05,1.1865257805033173e-07,2.741986422084782e-06
4,3.9871037098627255e-05,0.0003960440063933298,9.047200246048084e-06,3.3378584684298175e-06,6.31280628843667e-07,0.0005300998628791371,0.00017135115148513388,0.00037537796811915156,0.0002738661333327195,8.088025591553869e-05,0.0003313192720728325,0.00012385855730868406,0.00010279629663646287,0.00011123614603067258,0.001342211729771226,8.565910928533236e-05,0.05694927670445868,1.9415242689078756e-07,0.0053532900817774174,2.22675586974096e-07,0.00014787419319160907,0.9335478160228021,2.0914299941743517e-05,1.120164747922002e-07,2.7119876675786873e-06
5,5.221095857267174e-05,0.00025948536858468946,9.118360471156794e-06,4.369856370147487e-06,5.288690401118826e-07,0.00046582755277690437,0.00018090099772374632,0.00042422217759340643,0.00029033390673602734,0.00010795920356320197,0.00027988423828621497,0.00010621126551311513,7.542225986179809e-05,0.0001175032598010442,0.0012501748327697077,9.70507927898099e-05,0.06307160046728337,3.1765114507304496e-07,0.004085949375890277,3.0373289973286796e-07,0.00015596146245966703,0.928936025817763,2.489176004430011e-05,1.691298313062748e-07,3.5767022292021846e-06
6,4.1383423725252246e-05,0.00033748439267136324,8.816096475354264e-06,3.1214759883978173e-06,5.633536601951429e-07,0.0005312126851993123,0.0001711796945605154,0.00039630461078042856,0.00027532270413476877,8.50155616766506e-05,0.0002817824607068408,9.50326886123582e-05,7.68285111468655e-05,9.533946241402683e-05,0.0015403171061398175,8.520427272246782e-05,0.05115436764432503,1.7098025063841018e-07,0.0054160905002549635,2.2846300353235672e-07,0.00014700107427684196,0.9392328515993903,2.1520598884055978e-05,1.1865257805033173e-07,2.741986422084782e-06
7,6.588240309561455e-05,0.0005948810256055674,2.0790389032416544e-05,4.0182110518245776e-06,7.461583637231973e-07,0.0005564705964439811,0.000223487729543141,0.0007207705879736705,0.00020305934419400555,7.512772355315545e-05,0.000474340633344202,0.00016003851342343556,0.0002339746889814947,7.305774134571892e-05,0.0015272373840872723,9.805941841430353e-05,0.05919589437726397,1.9173933945796486e-07,0.010655460107696496,1.941446705655462e-07,0.0001818443936833723,0.9249204084647906,1.249919114574073e-05,1.1051535184535546e-07,1.4545176040975904e-06
8,3.313368815655779e-05,0.0001615008578652331,7.1513542649302725e-06,2.933472903511076e-06,4.479020489754037e-07,0.00024153691443314668,0.0001249011923655463,0.00019588045891858277,0.0003815176591157277,0.00012520122042617834,0.00019676527796107582,2.331450107828289e-05,1.986417855138546e-05,0.0001051472612256292,0.00208507754126893,4.000712554724106e-05,0.024223497576545173,1.2180430028353726e-07,0.0019054148500258486,2.0147573979552252e-07,9.093093351763919e-05,0.9700110343423203,1.9157765868829283e-05,3.543384820880753e-07,4.906307069050923e-06
9,3.429448323202849e-05,0.0001405754255018984,1.0996501795364418e-05,3.910076424031752e-06,3.889750139974358e-07,0.00039109803128156316,9.503064902980823e-05,0.00034901184552440384,0.00028083121647107625,0.00012651752468274444,0.00022814353892768748,3.6618396209855764e-05,4.2752010830766934e-05,9.429920064574347e-05,0.0014722146983664748,6.785919491874559e-05,0.04076337812866025,1.3023722459924293e-07,0.0032774223589615114,2.972044249046303e-07,0.00011105994824914705,0.9524505206847833,2.031190768710029e-05,2.7331974509077037e-07,2.064441407870425e-06
10,4.1383423725252246e-05,0.00033748439267136324,8.816096475354264e-06,3.1214759883978173e-06,5.633536601951429e-07,0.0005312126851993123,0.0001711796945605154,0.00039630461078042856,0.00027532270413476877,8.50155616766506e-05,0.0002817824607068408,9.50326886123582e-05,7.68285111468655e-05,9.533946241402683e-05,0.0015403171061398175,8.520427272246782e-05,0.05115436764432503,1.7098025063841018e-07,0.0054160905002549635,2.2846300353235672e-07,0.00014700107427684196,0.9392328515993903,2.1520598884055978e-05,1.1865257805033173e-07,2.741986422084782e-06
11,4.13154806169029e-05,0.00036114863478683973,9.244245705028335e-06,3.290992078291363e-06,5.782473729449174e-07,0.00055210460841372,0.00017645936032764827,0.00043376050300012034,0.0002743367572654576,8.264147698739949e-05,0.00029159925047929944,0.00010775964985101876,9.372628592920408e-05,9.630476999787254e-05,0.0014385825171408975,9.075780361141987e-05,0.05603680913784827,1.7796876803416285e-07,0.0057546672145037,2.3180598003539612e-07,0.00014421383698476123,0.9339866516706941,2.096837968513279e-05,1.1168559438879657e-07,2.5577163777807955e-06
12,4.266971190569238e-05,0.0003838848606905631,9.009530139451638e-06,3.366706026235442e-06,6.777382178399285e-07,0.0005998409543161059,0.00018434248185665876,0.0003675936542032619,0.00029811892386279496,8.73058274365529e-05,0.00031100161204136533,0.00011066470538023974,8.064334180740045e-05,0.00011649496161995042,0.001628013835407074,9.007190388174002e-05,0.05338355675173914,2.008223061257951e-07,0.005363267053650269,2.542685523219425e-07,0.00016062595958886251,0.9367495860668537,2.5308492056917194e-05,1.2628939948034152e-07,3.373547060259702e-06
13,4.2005957567774126e-05,0.00034882850916760676,9.08127391873817e-06,3.230284618893124e-06,5.884495633681047e-07,0.0005306968037460444,0.00017012615304569102,0.0003907708499129984,0.0002715162039583581,8.337770901168604e-05,0.0003111648420236659,9.974728737040427e-05,8.125794587240866e-05,9.901019088920871e-05,0.0015875389538111313,8.542594949374985e-05,0.05195471946368498,1.7377521343076155e-07,0.0054973097175741925,2.2394449745377907e-07,0.00015198459770942164,0.9382563621590114,2.202809432110192e-05,1.218940813530209e-07,2.7089899347419623e-06
14,7.878499201548489e-05,0.0029862788943385223,1.5587531997104313e-05,2.1342785758393126e-06,2.3110805202813956e-06,0.0020371469687568895,0.0002712799867719195,0.00036754509987310105,0.00017532771516819945,7.107886410620826e-05,0.0009909545230292335,0.0008750049329712499,0.0004426792756079761,0.00016907930673594387,0.0019026966997499528,0.0001937387634116446,0.057337057191661184,2.6917853185523736e-07,0.04062525550877328,2.3327712944057095e-07,0.0004351200730564244,0.8909962446249742,2.153631259496202e-05,4.6578312962136356e-08,2.6083413360747766e-06
15,4.1383423725252246e-05,0.00033748439267136324,8.816096475354264e-06,3.1214759883978173e-06,5.633536601951429e-07,0.0005312126851993123,0.0001711796945605154,0.00039630461078042856,0.00027532270413476877,8.50155616766506e-05,0.0002817824607068408,9.50326886123582e-05,7.68285111468655e-05,9.533946241402683e-05,0.0015403171061398175,8.520427272246782e-05,0.05115436764432503,1.7098025063841018e-07,0.0054160905002549635,2.2846300353235672e-07,0.00014700107427684196,0.9392328515993903,2.1520598884055978e-05,1.1865257805033173e-07,2.741986422084782e-06
16,3.7364955886883736e-05,0.00022241122469422386,5.955656930911415e-06,3.1085335388662478e-06,4.162727981449923e-07,0.0003627572292478843,0.0001618829917800409,0.00024116551675951224,0.00013315596391701276,0.00011896263072280741,0.00022988867018686773,0.0001564604985676667,5.1395132690599995e-05,0.00013488208161509263,0.000886309184099379,7.889704875459235e-05,0.047995125942104526,4.214418588119374e-07,0.003200065795632861,2.658138361169309e-07,0.00029462711039541503,0.9456613490468131,1.8908005699009728e-05,9.459512857108898e-08,4.1286563413354825e-06
17,4.152016703149047e-05,0.0003013310106687551,5.793356151123629e-06,2.381186111623522e-06,4.254609127161062e-07,0.0002673954053537982,0.0001315202068567638,0.00032077577566309634,0.00014824372835426064,5.3893123808605174e-05,0.00021340265340882882,0.0002210944061805226,9.44252184601731e-05,0.00012324374737668063,0.0005426740473191453,5.4331330442636245e-05,0.06230203036199053,4.176127907684495e-07,0.0038904370259304063,2.238723118775105e-07,0.00016217726351566695,0.931097841359063,2.0625086858448277e-05,5.5967316446455227e-08,3.7406261227673487e-06
18,2.7952243888776778e-05,0.0002170079702813459,2.522822807423876e-06,1.1841838028601913e-06,1.8419739927637786e-07,0.00023987854103222324,0.00010509819067418056,0.00015519461214670525,0.00018905410968694334,6.409723676406203e-05,0.00011605473773398582,9.928878639639526e-05,3.6250635198601705e-05,9.881051076818545e-05,0.00048616204261468776,3.7110601485125374e-05,0.05543873706477651,2.625479902405352e-07,0.0019834878248284086,1.6000188482363375e-07,7.959611503788626e-05,0.9406010485478739,1.575270924952488e-05,6.042977733506797e-08,5.043335900718473e-06
19,3.800752523988323e-05,0.0003776597377864391,1.0829749498044653e-05,3.4982949505185202e-06,7.177249748638668e-07,0.00042209887979185296,0.00018276401712865968,0.000489575421279387,0.00023457994800154215,6.668513487697275e-05,0.00028140270294326175,0.00013062739473660833,0.00011203085491456234,9.353266346186045e-05,0.0012513445246011793,7.731229893243524e-05,0.04869228594103784,1.8642116316346741e-07,0.005858772184896046,2.1083304048991396e-07,0.00013986602042867467,0.9415180603835773,1.571833526234831e-05,8.630362553253318e-08,2.1467038504070047e-06
20,1.8572318182422044e-05,0.00017514885433398558,6.5604918579828925e-06,1.9372211593520227e-06,3.2545609434533763e-07,0.00029324479891522603,0.00013013049537172758,0.0003321597567551646,0.00013222960205395325,5.0501826103056326e-05,0.0001992838349194321,3.8353750706467486e-05,3.546880486974658e-05,5.05260659488214e-05,0.0022865430777452038,3.9157014008116686e-05,0.022476440408539623,5.564791815875391e-08,0.004061399708797205,1.3718849475937715e-07,0.00013659953872997426,0.9695188420554068,1.4790214043389486e-05,8.050620661024178e-08,1.511362838278117e-06
21,6.617659513254582e-05,0.0005262800356015791,1.0621226319132926e-05,4.029323061267694e-06,1.00962199949049e-06,0.0005227865668179889,0.0001473230592708992,0.00032287815864736827,0.0002733399757540364,0.0001333782881636395,0.0004516671890070351,0.000204614446980788,9.832768441838785e-05,0.00015772116785138282,0.0012179886125140537,0.00010635185282399987,0.05551282329500577,3.601519730202824e-07,0.006353608943050348,2.749694569444477e-07,0.0002886570640364011,0.9335729730608796,2.2870956614463953e-05,1.4686630903132462e-07,3.7908883108763756e-06
22,3.935658255715648e-05,0.00020249702339050925,9.473176662633346e-06,3.829458389230683e-06,3.524892897684673e-07,0.0004286182057769858,0.0001130834567632351,0.00033941135158502994,0.00017373999267184315,9.947126613352334e-05,0.0003012523627865457,9.588155515077244e-05,6.499639535260611e-05,9.35861822385615e-05,0.001159096583709221,8.079250352339034e-05,0.06671634059353404,2.1354435006813008e-07,0.0037166281469318244,2.1037660334870535e-07,0.00017206204053987737,0.9261702604165747,1.6831471089715047e-05,1.4107470904768633e-07,1.8737496865721292e-06
23,4.1383423725252246e-05,0.00033748439267136324,8.816096475354264e-06,3.1214759883978173e-06,5.633536601951429e-07,0.0005312126851993123,0.0001711796945605154,0.00039630461078042856,0.00027532270413476877,8.50155616766506e-05,0.0002817824607068408,9.50326886123582e-05,7.68285111468655e-05,9.533946241402683e-05,0.0015403171061398175,8.520427272246782e-05,0.05115436764432503,1.7098025063841018e-07,0.0054160905002549635,2.2846300353235672e-07,0.00014700107427684196,0.9392328515993903,2.1520598884055978e-05,1.1865257805033173e-07,2.741986422084782e-06
24,5.039674760804876e-05,0.0004834873428836376,1.1706264114803778e-05,6.4300063412974715e-06,1.2914831865326792e-06,0.0006455214008226853,0.00021413749888783606,0.0004842027876093915,0.000360691152587962,9.798688880414964e-05,0.0004958258178592506,0.0002022099346264487,0.00016268295831046642,0.00019834758437727848,0.0014615185833290086,0.00014739067876569923,0.07116915080957405,3.391050443797622e-07,0.0059975642605085535,3.119892171197966e-07,0.00019177526165769569,0.9175809415667685,3.2431223465121334e-05,1.486981806516677e-07,3.5099554695799126e-06
25,6.060499510607831e-05,0.00025478193137071383,1.2358171273502072e-05,5.568564402340628e-06,6.377943348801688e-07,0.00034079057127420914,0.000222201387228438,0.0008377491399466354,0.00020030808666210247,8.703558349122044e-05,0.00043405320934566385,0.00011985594738731108,0.00013376005484286814,7.829222450072337e-05,0.00159749522838475,0.00011981287561679601,0.05501432285527697,2.4599754232102753e-07,0.007391921508946303,2.3929383614456715e-07,0.000215433515533665,0.9328496624027351,2.098645702026468e-05,1.2053873437913936e-07,1.7616652066078071e-06
26,9.118365035216219e-05,0.00044780714707587317,1.1845165823178362e-05,5.875209558772737e-06,8.961787825517581e-07,0.0007154912394957733,0.00021106082153469173,0.0006242360104381487,0.0009246217730465167,0.00011837890695887782,0.0003705607221163699,8.184541001570704e-05,9.158028074191665e-05,0.00011069557338877843,0.001974313832269277,0.0001279169771017898,0.08426518287120285,2.4252874541108414e-07,0.005469382713816394,3.599620531744844e-07,0.0001324080807764551,0.9041702674649506,4.843811405858735e-05,3.5889080610503104e-07,5.050474890013984e-06
27,2.3493614546196873e-05,0.00021062117235642622,4.990585622210132e-06,1.6591850710208496e-06,3.5475448219436e-07,0.0003354112004190072,0.00013225433001362667,0.0002515611815587635,0.0002970021735339812,7.57186882145263e-05,0.0001556917750116427,3.9231045031415945e-05,3.455188603309295e-05,6.770226849079234e-05,0.001453566430202483,4.801389773068138e-05,0.02960807342414398,8.297942038208455e-08,0.00331724737803334,1.8359819181708912e-07,7.554232149456251e-05,0.9638488072927852,1.5448673930466055e-05,1.0697542323875949e-07,2.683168258950054e-06
28,4.1383423725252246e-05,0.00033748439267136324,8.816096475354264e-06,3.1214759883978173e-06,5.633536601951429e-07,0.0005312126851993123,0.0001711796945605154,0.00039630461078042856,0.00027532270413476877,8.50155616766506e-05,0.0002817824607068408,9.50326886123582e-05,7.68285111468655e-05,9.533946241402683e-05,0.0015403171061398175,8.520427272246782e-05,0.05115436764432503,1.7098025063841018e-07,0.0054160905002549635,2.2846300353235672e-07,0.00014700107427684196,0.9392328515993903,2.1520598884055978e-05,1.1865257805033173e-07,2.741986422084782e-06
29,4.1383423725252246e-05,0.00033748439267136324,8.816096475354264e-06,3.1214759883978173e-06,5.633536601951429e-07,0.0005312126851993123,0.0001711796945605154,0.00039630461078042856,0.00027532270413476877,8.50155616766506e-05,0.0002817824607068408,9.50326886123582e-05,7.68285111468655e-05,9.533946241402683e-05,0.0015403171061398175,8.520427272246782e-05,0.05115436764432503,1.7098025063841018e-07,0.0054160905002549635,2.2846300353235672e-07,0.00014700107427684196,0.9392328515993903,2.1520598884055978e-05,1.1865257805033173e-07,2.741986422084782e-06
30,4.1383423725252246e-05,0.00033748439267136324,8.816096475354264e-06,3.1214759883978173e-06,5.633536601951429e-07,0.0005312126851993123,0.0001711796945605154,0.00039630461078042856,0.00027532270413476877,8.50155616766506e-05,0.0002817824607068408,9.50326886123582e-05,7.68285111468655e-05,9.533946241402683e-05,0.0015403171061398175,8.520427272246782e-05,0.05115436764432503,1.7098025063841018e-07,0.0054160905002549635,2.2846300353235672e-07,0.00014700107427684196,0.9392328515993903,2.1520598884055978e-05,1.1865257805033173e-07,2.741986422084782e-06
31,7.775674710286368e-05,0.0003478503152447049,1.3460494970646646e-05,3.0510051132613604e-06,5.597930084441203e-07,0.00036395309726586065,0.00016527996230485998,0.0008105381758968826,0.00023853368316098327,7.749136471810756e-05,0.00020521904509063685,0.00012248763934032708,0.00010833735849127158,6.283151985463588e-05,0.0009759704688341369,8.251767709703401e-05,0.05469824551967955,2.629348542023861e-07,0.008681390250867841,2.7709928635259755e-07,0.0001535279352538499,0.9327902800159948,1.756473832231456e-05,9.234880404248641e-08,2.5208094425469324e-06
32,3.7832766268046295e-05,0.00032533826381476517,8.411482320683043e-06,2.61653267767984e-06,5.371230306183501e-07,0.0005108920180122635,0.0001612186265600122,0.0003965029703110813,0.00024644475740682087,7.727007209344007e-05,0.0002587034558420124,9.155601453748966e-05,7.429955417607009e-05,8.501171753562051e-05,0.0015114714190885337,7.984686611542223e-05,0.04507808070018925,1.4628157356461583e-07,0.006155287479387093,2.267024330297649e-07,0.00014049914588082913,0.9447350763381187,2.0151071741025512e-05,1.0084490681417649e-07,2.477795979092794e-06
33,3.119603578746195e-05,0.0002654205102150767,5.910298773912268e-06,2.365527689721241e-06,3.1336753808014453e-07,0.00039594850923639743,0.00015040823845987228,0.00039125539045191474,0.0002116931798465292,7.120827447041654e-05,0.00019158992904231772,0.0001220737138704401,0.00010892107010873203,8.310631867335504e-05,0.0006555377195866338,8.464248462736758e-05,0.06909616671407283,1.953799428134415e-07,0.004373567693087132,1.842127938068332e-07,8.394057507099622e-05,0.9236601127933,1.2393822437178642e-05,6.190048576184707e-08,1.7863404311040666e-06
34,4.6708229101039417e-05,0.0003670425212566306,9.13924357746148e-06,2.756641104390857e-06,6.039015617604779e-07,0.00046629028752760465,0.00015887062359463107,0.00039437345963227137,0.00029088836546606344,8.185543030806458e-05,0.0002916481376549709,9.016473854689606e-05,7.733652923292161e-05,8.783072314562134e-05,0.0015121171084046502,7.587789067210575e-05,0.04562442115764203,1.574049837114291e-07,0.0062545595751101945,2.1510022245194102e-07,0.00013772496761039633,0.9440062066707163,2.0340135100180394e-05,1.204083036554e-07,2.750749523973196e-06
35,0.0001220646718114369,0.00032761332053419785,6.821035718135556e-06,2.4196526238221637e-06,2.943222931224119e-07,0.00021800656392492287,0.00016849792812010885,0.0008520183115704974,0.00039268983305247997,0.00010121049749759401,0.00014480812641035464,0.00012688319381876862,9.779569174495661e-05,4.394442511781636e-05,0.00047769663256426117,9.231100070893624e-05,0.08447555950966242,3.841202691576561e-07,0.006215365480482835,1.8391051878688742e-07,8.496075242236484e-05,0.9060350303464247,1.0702257713859996e-05,8.50747893223787e-08,2.653340204942397e-06
36,0.0003633110427161375,0.0019862526242049134,0.00016047631730009942,2.456274947853397e-05,1.8006760592352697e-05,0.0017421575080087094,0.00035298081321210163,0.000264685516628717,0.0003884975944968623,0.0003904405390687746,0.008123734569467413,0.00011478557222041497,8.242879443144788e-05,0.0005534544381036405,0.03289211173955185,9.067433910482402e-05,0.013748231303522457,4.92584141488181e-07,0.02398617880136894,7.59882040315236e-07,0.005213434916655406,0.9093219934989544,0.0001570297139556763,4.539722419055875e-06,1.8778658355520062e-05
37,9.212704239858793e-05,0.00029762653708578405,1.5261111755100815e-05,5.383646861136289e-06,6.158964116532606e-07,0.0003968537625271277,0.000163069062242079,0.0004186420193215312,0.00026836436527250516,0.00012025973351982171,0.00043950089304588616,0.00011338483947406673,8.451399134645292e-05,0.00012334860333879674,0.0014342738429705488,8.79752332176937e-05,0.06632334347499276,4.175385999486207e-07,0.004952803844735952,2.733575427212799e-07,0.00017690709717136903,0.9244592169900765,2.1974144819447365e-05,3.0041693252606816e-07,3.562554339942471e-06
38,4.095637544996428e-05,0.0003607910152700287,9.893658205835096e-06,3.326488784283722e-06,5.362235551480237e-07,0.0009794739727437436,0.00024379309869462107,0.0005627453548178434,0.00021957799922909133,8.87850020780931e-05,0.0003129409299956747,0.0001198036596358745,0.00010966864183585357,8.436162802629694e-05,0.002044020306256,0.0001537311392521088,0.059548168389792586,1.6493222633571665e-07,0.009036947284091374,2.9151890555645253e-07,0.0002015392999608186,0.9258494662855576,2.673075181382721e-05,9.723666860836913e-08,2.188807152524031e-06
39,4.048987896378627e-05,0.00031933249476993045,8.532212290847178e-06,3.111950140454708e-06,5.335523739942677e-07,0.0005384526085997038,0.0001790402504578055,0.00042541629135177194,0.00026257856352150877,8.415598685848521e-05,0.0002614461085294382,9.40353947696151e-05,7.554482601992324e-05,8.957568315589701e-05,0.0015404648836657823,8.838331031724706e-05,0.05127441168157511,1.6989943784749233e-07,0.0055282574926685596,2.3570609467927373e-07,0.00015357057775051392,0.9390072315809013,2.217416723589828e-05,1.1045389095757708e-07,2.7444446589648713e-06
40,2.1369170762955498e-05,0.0004604389977858868,1.2069193237225164e-05,1.1325146506626967e-06,7.493234863234363e-07,0.0005012044045681982,8.922609478411319e-05,0.000153497017308561,0.00011029802765218204,4.538544611155778e-05,0.000226305488672781,0.00010754155796312635,5.0064659937414015e-05,9.541620383138422e-05,0.0016033236323781223,3.217255063517813e-05,0.01997830459400829,8.965267893488843e-08,0.0067333146816830804,1.7417948687250384e-07,0.0001295676039581058,0.9696368701084693,9.431849583868155e-06,6.111379588247758e-08,1.9919325697864284e-06
41,7.634992938301641e-05,0.0016821152315743024,2.14361582335269e-05,1.1147959782034363e-05,2.8869418270821635e-06,0.002274902788345443,0.00034886079317758887,0.0009208134968403511,0.002660971964237952,0.0001935024994036848,0.000518039769662399,0.00011208532215527901,0.00023683781001863588,0.00018274839326293287,0.0030117221656751785,0.00029366512945392666,0.1186789761857149,1.6283623929690737e-07,0.007326825985537178,3.2210590720966876e-07,0.000126554950265431,0.8612737235851375,4.0911211977837134e-05,3.136965107171799e-07,4.123089676707463e-06
42,0.0010417431501410408,0.004546438929302414,2.5832595045076976e-05,0.00025864294945619797,2.1552493419671054e-05,0.012935176506150056,0.0022235343007997784,0.00011561474166075929,0.011465600271182272,0.0006189303058746528,0.012226524633477,0.0007010472232416705,0.0005312739071873451,0.011129491974948218,0.00579185916734423,0.0014373199959244526,0.7489789924043418,4.018645692377142e-05,0.0008772311554919729,1.3777249205464044e-06,0.00040448965369836287,0.18226479148958422,0.0018625677297025552,1.6289914953676533e-05,0.0004834903252281747
43,5.6834798792224286e-05,0.0005350063854627434,1.1278055759660975e-05,3.8993502639029185e-06,7.897264856238076e-07,0.0005923087448600792,0.00021733413201536459,0.0004547389998906932,0.000267037135970579,6.466231787596463e-05,0.00042508418302018565,0.00018168766758281516,0.00012865800131975214,0.00011943697793702274,0.0017085728935128028,9.712320670914982e-05,0.06836969972394065,2.6201758237887046e-07,0.006760372892409978,2.0385073386182881e-07,0.00017842688063218005,0.9197976066591038,2.553474583991173e-05,1.1227849197320342e-07,3.328373806477468e-06
44,4.1383423725252246e-05,0.00033748439267136324,8.816096475354264e-06,3.1214759883978173e-06,5.633536601951429e-07,0.0005312126851993123,0.0001711796945605154,0.00039630461078042856,0.00027532270413476877,8.50155616766506e-05,0.0002817824607068408,9.50326886123582e-05,7.68285111468655e-05,9.533946241402683e-05,0.0015403171061398175,8.520427272246782e-05,0.05115436764432503,1.7098025063841018e-07,0.0054160905002549635,2.2846300353235672e-07,0.00014700107427684196,0.9392328515993903,2.1520598884055978e-05,1.1865257805033173e-07,2.741986422084782e-06
45,3.0966582560006624e-05,0.00021079863229305832,1.1548739843313927e-05,3.71826559398403e-06,4.2915513843574446e-07,0.0007763172102133324,0.0003188835911011735,0.0009746120732139957,0.00024371022535184584,8.735005353924602e-05,0.00021581189278373412,4.411111449822782e-05,7.379785765813152e-05,4.4839236953067074e-05,0.0037398107986428707,0.00014619101015663727,0.0385349860946343,7.498156417385752e-08,0.008366823249150947,2.6609277077594625e-07,0.00013224169892377713,0.9460228734828846,1.841712696449983e-05,1.1500177322528261e-07,1.305831792680865e-06
46,3.7790402493780034e-05,0.0003875688954120219,8.551160736337777e-06,2.4745962652427748e-06,8.530908871546043e-07,0.00044501037860908275,0.00019494469744674167,0.0003104218111309109,0.00030923774813857997,8.902116120797237e-05,0.0002843423693704979,7.798728681210881e-05,6.246190528240844e-05,0.00010735491880513696,0.0018789348178243326,6.963293799909838e-05,0.029212523305774247,1.451538612013612e-07,0.006100321070146938,2.3478470037421486e-07,0.0001453255439462342,0.9602502334931177,2.080610213340734e-05,1.1478071651226343e-07,3.7075871820888806e-06
47,3.212561340138215e-05,0.0002472286826116246,2.808848176817526e-06,3.4225113396948455e-07,1.086082092113458e-07,0.00013390888160393836,7.347474351541907e-05,0.0002486777828066445,0.00010174588251629158,3.924171367316575e-05,5.092479504478714e-05,9.432563638293925e-05,3.5560214530873106e-05,1.9945712524254774e-05,0.0003113318631576018,2.464933747972824e-05,0.029226986835908637,9.997160387705315e-08,0.005430757755224957,8.859856758895579e-08,5.0042399636036746e-05,0.9638709509356927,3.22226861111002e-06,1.9154745206483753e-08,1.431513241274839e-06
48,4.43674879156889e-05,0.00041169781613061316,9.010185214339781e-06,2.8624479809279977e-06,3.8299118758618146e-07,0.0008033297254497249,0.00021112119826598643,0.0007135300131948036,0.0002655011051215344,6.996027121238037e-05,0.00022481644816874734,0.00011775951821722154,0.00012793566397138818,6.0708792265732906e-05,0.001340475360724849,0.00011739206567356333,0.08122861377159757,1.3939365436617483e-07,0.00863781667401609,2.1079806434051344e-07,0.00013057470141838878,0.9054611595907631,1.884152862743454e-05,7.118854876695782e-08,1.7212626146648445e-06
49,2.0079922073108133e-05,0.00025757304935548946,8.215167052112601e-06,1.6220804674775367e-06,3.177249250455328e-07,0.00047769741679184476,9.531839336113456e-05,0.00021900392365525542,0.0001183578641376938,5.6030368296310404e-05,0.0001704796070326936,9.986815139718873e-05,5.4858702869585493e-05,7.627260096016899e-05,0.0009844485640463328,4.2946727819453237e-05,0.039194974524228224,1.1849147884606721e-07,0.004019030761382007,1.8646293848024265e-07,0.00011943951152254775,0.9539715014317832,1.0029454006795176e-05,6.42794891606365e-08,1.564818930024372e-06
50,2.1698551688537154e-05,0.00010748475677888908,2.2781216454129077e-06,6.857748676041308e-07,1.8310973558258057e-07,9.452939581891932e-05,0.00019476082635931543,0.00025572176779639123,0.00019991136364297228,9.219421285696693e-05,5.705261641258781e-05,1.7981173152753023e-05,1.8259217217349917e-05,3.4172637384982946e-05,0.0008324330261712383,3.097634100466676e-05,0.011739921810169753,7.456741919086653e-08,0.003390549242514148,1.4152954224667167e-07,4.561864236053603e-05,0.9828535042164139,6.4860715774481e-06,4.8479652376226746e-08,3.3325478162396155e-06
51,4.5676037360874907e-05,0.0005640692592929356,1.4716796451111574e-05,7.121627464485755e-06,7.646092709215329e-07,0.0003747909564348518,0.00014600904029958063,0.0005075407393639654,0.0005362051370435746,0.00010679549690019065,0.00037459877478416675,8.667946371090517e-05,0.00013085944048495387,0.00010640381981386425,0.0011428052635940916,6.456511630024934e-05,0.07202608607502613,1.3968455940076558e-07,0.0027513595045582425,1.0798721943902431e-07,0.00011070911821162999,0.9208914245355357,9.01165605758573e-06,1.8335704516167447e-07,1.3765032159441853e-06
52,4.507348703852004e-05,0.0003041977992118299,9.504357534640732e-06,3.6598627850211685e-06,5.649409919514587e-07,0.0005499330041656383,0.0001719875023424199,0.0004076941970690144,0.0002886750586133773,9.834335675291764e-05,0.00031477604443407367,9.390617754604417e-05,8.147450879773548e-05,0.00010283164023681608,0.001539078160403446,9.822795293403876e-05,0.05573183329818747,1.9811537322344388e-07,0.005193410555074895,2.566183555593225e-07,0.00014592753000083086,0.9347930481744054,2.2560451924805227e-05,1.474773511383615e-07,2.6897284689932107e-06
53,2.9449530718233214e-05,0.00020308714710103767,4.099264469182622e-06,4.127638136703623e-06,5.171158951243955e-07,0.0005395432704294059,0.0006274320769386457,0.0005785267437404738,0.0005063581122461135,9.875559778175542e-05,0.00022664210726242357,4.9632726292667374e-05,6.387645392781588e-05,0.00010371531696207955,0.002954285932665151,0.00014604236566757492,0.04259863149784775,1.8220216448951876e-07,0.0037705707500917847,3.4531804709380374e-07,0.00010832533763686096,0.9473330976145435,4.6589956309901985e-05,1.380897601464848e-07,6.0278333642519e-06
54,3.83028820004014e-05,0.000655717059109509,3.317468053599146e-06,1.1701512228839008e-06,4.409944382419758e-07,0.0004302981804683475,0.00021066050986458043,0.00023628923867517938,0.00039445086087484376,8.434652534382796e-05,0.00013016573435475548,0.000128700734752187,5.529414791149611e-05,9.18877856845509e-05,0.0008870551553466467,7.14153615653229e-05,0.04688850736783509,1.8766782581534937e-07,0.004400972789986378,1.3948237492129612e-07,8.43278758127288e-05,0.9451879977425938,1.2774519914414074e-05,5.279964874764745e-08,5.526964341803853e-06
55,0.00011883164955645188,0.001692763588537286,7.46277570783447e-06,2.821476601294623e-06,1.594467762061061e-06,0.00040950522039056263,0.0003223174422427529,0.00032808747468665946,0.0006217201303529099,8.086934205093092e-05,0.000378240538391265,0.0007146155824601442,0.00017474807119091331,0.00017764202895879442,0.0007905826502183647,0.00010083533691697348,0.08482078153313906,9.728601258515389e-07,0.00658431656318129,2.057958029400743e-07,0.00017760985770427253,0.9024625074253042,1.9163898670017257e-05,8.490973756760595e-08,1.1719380309578332e-05
56,4.1615406134267825e-05,0.00037342648103064674,9.177766583117194e-06,3.16613820763806e-06,5.994622789471412e-07,0.0005281293672221009,0.00017799381233107484,0.0004066862660559156,0.0002814541612985882,8.17913885752814e-05,0.00029970045493100684,0.00010750470212995608,9.19150027369348e-05,9.89772345794022e-05,0.0014613555913226314,8.572907685560896e-05,0.053362955128877246,1.8142995254646073e-07,0.005603664244986568,2.2753717974277624e-07,0.00013991297442801274,0.9368204911379413,2.0510541763889408e-05,1.1426663425752608e-07,2.7204259633418046e-06
57,2.4851338999423086e-05,0.0002757106371643875,7.1213780438387034e-06,9.905601284243547e-07,3.834157958431004e-07,0.0003033657701744426,8.140490496830898e-05,0.00032151099312836346,8.814204851513269e-05,4.048684370557616e-05,0.0001478455986135315,0.00013759244813923746,6.40388771688629e-05,4.5445765370415865e-05,0.0007489737163390946,4.455791926275188e-05,0.027439044972689428,9.523388028593363e-08,0.0096361769717163,1.6689071785126506e-07,0.0001432136362884895,0.9604390299849351,8.659381816404314e-06,2.9215621243494454e-08,1.161496817082253e-06
58,4.0962161631757544e-05,0.0003055732038242406,9.299703819370115e-06,3.0804275857990563e-06,5.348061607896542e-07,0.0004906953542440777,0.00015741874541334928,0.0003672621573434702,0.0002801841397079703,8.735415741224617e-05,0.0002925106308946665,8.044801918415208e-05,7.052723605227797e-05,9.131391081238202e-05,0.0016378628306309123,7.851230777314589e-05,0.04705265891759169,1.573675346824971e-07,0.005016837630721029,2.2860141415035686e-07,0.00013294702333876797,0.9437805483948555,2.0302149588911743e-05,1.4962239587129225e-07,2.630500068653369e-06
59,3.920876967974784e-05,0.0002828662689259592,9.826813129192002e-06,3.230153284468226e-06,5.323196640308566e-07,0.0004853231405168209,0.000145709448762371,0.00034110256307494656,0.00027776369281108654,9.358323356674175e-05,0.00029053457075851565,7.235883384887734e-05,6.033066221957375e-05,9.416735529084441e-05,0.001729270743227749,7.400636514627304e-05,0.045355281045641564,1.5303058957779083e-07,0.004550959934850417,2.3387675408679253e-07,0.00013801337047616828,0.9459326251860647,2.0103968450634625e-05,1.7175522456008223e-07,2.642898040934254e-06
60,4.1383423725252246e-05,0.00033748439267136324,8.816096475354264e-06,3.1214759883978173e-06,5.633536601951429e-07,0.0005312126851993123,0.0001711796945605154,0.00039630461078042856,0.00027532270413476877,8.50155616766506e-05,0.0002817824607068408,9.50326886123582e-05,7.68285111468655e-05,9.533946241402683e-05,0.0015403171061398175,8.520427272246782e-05,0.05115436764432503,1.7098025063841018e-07,0.0054160905002549635,2.2846300353235672e-07,0.00014700107427684196,0.9392328515993903,2.1520598884055978e-05,1.1865257805033173e-07,2.741986422084782e-06
61,4.158695445428837e-05,0.00028152352950840825,1.079085937625905e-05,3.448969214024147e-06,5.185317958036047e-07,0.0005061125594842976,0.0001447720266224337,0.00038885650220184254,0.0002599820437195511,9.00764326825445e-05,0.0002930951560064565,7.567884675904383e-05,6.616952014109016e-05,9.020055806129658e-05,0.0017130939850835264,7.629679651216179e-05,0.04862954178793012,1.57009750459634e-07,0.004859825142218732,2.357154376609361e-07,0.00014488623869653776,0.9423003610251365,2.022368596438708e-05,1.637672237491383e-07,2.4023560188104165e-06
62,4.1383423725252246e-05,0.00033748439267136324,8.816096475354264e-06,3.1214759883978173e-06,5.633536601951429e-07,0.0005312126851993123,0.0001711796945605154,0.00039630461078042856,0.00027532270413476877,8.50155616766506e-05,0.0002817824607068408,9.50326886123582e-05,7.68285111468655e-05,9.533946241402683e-05,0.0015403171061398175,8.520427272246782e-05,0.05115436764432503,1.7098025063841018e-07,0.0054160905002549635,2.2846300353235672e-07,0.00014700107427684196,0.9392328515993903,2.1520598884055978e-05,1.1865257805033173e-07,2.741986422084782e-06
63,4.1587271159282934e-05,0.0003675562412376973,8.639025108431308e-06,2.9184399046318093e-06,5.711709981472977e-07,0.0005188419207901806,0.00017024189206713868,0.0003842019372202538,0.000281403535590749,8.255431634239936e-05,0.000277557439655501,9.70290968626492e-05,7.72565912267323e-05,9.369204859444863e-05,0.0015108864310077275,8.072921169677959e-05,0.05010345821871024,1.6602565134296937e-07,0.0054502811584082895,2.1476800350496668e-07,0.00014221868947134904,0.9402847776438057,2.0321206767355642e-05,1.1304654356207695e-07,2.782673175916108e-06
64,4.0180381086547625e-05,0.0003394429788008274,9.938799001575313e-06,3.2257470236523165e-06,6.27771306844229e-07,0.0005184837537890038,0.0001677169009038383,0.00041395273090764277,0.00023214337983626585,8.547502119251842e-05,0.0002886585876842519,9.445021826159199e-05,7.009880382031161e-05,8.807313878121029e-05,0.0017259688808456647,7.72378263742712e-05,0.042265093867979095,1.5608014180381663e-07,0.005995337507176618,2.391690387506081e-07,0.00020913328618456757,0.9473493992236114,2.2210578422696417e-05,1.1601306323762077e-07,2.6393547657835845e-06
65,2.2898745161527832e-05,0.0002778132714392127,1.2657241056597725e-05,3.526373709393895e-06,4.787936637838688e-07,0.0008396142928051331,0.00016548070933917146,0.00040489370715001685,0.000190311755796775,7.005391812010379e-05,0.00029703915287210107,5.2547872973018204e-05,5.7439542224538954e-05,7.571332969172246e-05,0.0035021784499517884,7.183971408771943e-05,0.04021194454730611,6.857980228999947e-08,0.005190284199509029,2.0631408822759212e-07,0.00018615110261292704,0.9483428509020904,2.2244055993466898e-05,1.3707417051547816e-07,1.6263543845268688e-06
66,4.076165859140128e-05,0.00033689857726628965,1.256945829171863e-05,5.575066064622415e-06,1.0277472363232955e-06,0.0004589535673701464,0.00011503306752844453,0.00024275334489135377,0.00020826679132498801,0.0001403009163056019,0.0005607257873728349,0.00016288107513518995,9.522310173830981e-05,0.0001893062602719902,0.0012341202790258905,0.00011450738025821135,0.054760966760101164,2.94383578110736e-07,0.00413530110055159,2.2368778127965903e-07,0.0002497868218598031,0.9369140562039974,1.786187543922019e-05,1.7803110931095298e-07,2.427056909065513e-06
67,2.2409211614665202e-05,0.0002413203133181839,6.822040306119223e-06,2.657869665660654e-06,3.423212956491131e-07,0.0009140855354649887,0.00013747077097500313,0.00019264316543909823,0.00015870534037526658,7.753322987387912e-05,0.0002717431115759403,9.734197623645417e-05,5.5826299320004225e-05,0.00014929033074129636,0.0016099156989938888,7.091847028783323e-05,0.058532771088977274,1.801180018224973e-07,0.0033534519220547324,3.147290654598077e-07,0.0001717437244645809,0.9338977796937904,3.133743104439838e-05,1.3254393947232097e-07,3.2630631779114874e-06
68,4.540830513019238e-05,0.0003493834904829501,9.937338590728642e-06,3.855656425391479e-06,5.719849511360843e-07,0.0006086814629846198,0.0001974971857010563,0.0004613736667088346,0.000271684813566134,8.721628537942868e-05,0.0003122165471464763,0.0001263227020446822,0.00010308442052217263,0.00010889119296899705,0.0014174851161241992,0.00010067633179799015,0.0641209058605116,2.3765725273221722e-07,0.005583190403814299,2.684648404296275e-07,0.00016934610862139445,0.9258945654986753,2.422590202635681e-05,1.1878849821333027e-07,2.854815234658995e-06
69,2.5978494618708415e-05,0.00023757178840333045,7.958483466207297e-06,1.7333580531835984e-06,2.962718178197082e-07,0.0006334925159436134,0.00011204302492567094,0.0002885478355741338,9.769670713758564e-05,5.5613170223634644e-05,0.00025546256611481966,0.00011283901233013494,7.736126439320784e-05,7.75709856948779e-05,0.001193049340199826,5.8455572977499237e-05,0.044218507557477096,1.2682216160404913e-07,0.007237315841415366,2.680151435527016e-07,0.00018469481291787264,0.9451025470222332,1.9281944500773904e-05,6.907465469481167e-08,1.51851762161881e-06
70,3.790791875676449e-05,0.0002993461649791683,1.0867955329093173e-05,8.109555602093204e-06,7.721547697985863e-07,0.0012615515847193791,0.00024102267570850827,0.0005488521936022095,0.0005306183952461594,0.0001446048561036664,0.00032857003299671125,0.00012458968487764842,0.00012924670066177932,0.00019107572594097462,0.0015362867719884744,0.00023340355298013423,0.11002930078496014,3.1470669681472486e-07,0.004086519791200488,5.118861744607558e-07,0.0001500245780405193,0.8800588551809039,4.406044798400078e-05,2.1105923724544582e-07,3.37564053982473e-06
71,4.116926031410113e-05,0.0003364312547851938,8.823865188050248e-06,3.1154771359840022e-06,5.606863302192756e-07,0.0005318971198300961,0.0001708065548093331,0.00039539945383118623,0.000274114249376792,8.477116591478322e-05,0.0002812564567089943,9.462899492328433e-05,7.661625114380206e-05,9.515147551378018e-05,0.0015425228539042049,8.483479498466098e-05,0.05108272479184032,1.699951519571266e-07,0.005406657740883167,2.28068822857244e-07,0.00014680281959758551,0.939316995270449,2.14725501387604e-05,1.1853993759290596e-07,2.730308484307385e-06
