,0,1,2,3,4,5,6,7,8,9,10,11,12,13,14,15,16,17,18,19,20,21,22,23,24
0,0.018219046054831104,0.05219083969311075,3.512826294418662e-06,0.005443089378443108,0.00020007982899742014,0.0003374418811005433,0.009690546603739504,0.029279964920994973,0.0004264646248898047,2.2136637576974305e-05,0.16579982922520256,0.02668898410824655,0.0008273692428507352,0.0004413017420963384,0.004978220047812551,0.0006048334519623956,0.06510754645463913,0.0003556391522236401,0.07530120007823281,5.32676024443923e-08,0.0003854696066185928,0.5432651963476113,1.3308012252470818e-05,1.732366383756185e-06,0.0004161944462862014
1,0.011840185399503171,0.03685953830532466,3.60568820906394e-06,0.004096408736340501,0.00012590184400431236,0.0006231454012520245,0.008985931141130566,0.030457215387355074,0.0012077549677295412,5.916608690722778e-05,0.10898096218691994,0.013674986656992561,0.0008425960180600419,0.0006296257827927156,0.006398917883354069,0.0006676929038262026,0.022335979813542173,0.0004490737916703093,0.1152351881436207,8.648271874714692e-08,0.00034527629644772996,0.6356791141751051,1.3572747162628664e-05,1.8356078753724378e-06,0.0004862385521556022
2,0.009504707198956339,0.03810592954046733,2.5944330796398147e-06,0.0029182564705210546,0.0001491048385955188,0.000383726845602535,0.005677821787686936,0.02674884546652459,0.0009430285423020694,3.8619145261091435e-05,0.13501463224660865,0.01522279083046615,0.0005356453234017547,0.0008751519712519535,0.007169001894081013,0.000361506383989328,0.02079199535283749,0.00025760712010861845,0.058253781579081496,7.004690219662486e-08,0.0002502234187510738,0.6761989927631588,9.56604832672016e-06,1.2393007967178198e-06,0.000585161451240897
3,0.012886958213600355,0.038975389076349114,2.6873698606157627e-06,0.0034477603957624977,0.0001292017799939218,0.0004375048220251147,0.006822342681631478,0.025684516979389706,0.000746034456569726,3.338890449534335e-05,0.13708237227216857,0.014983732525875492,0.0006692278453762281,0.0005703971220269717,0.005557162750383658,0.0003915889853382492,0.026697195792059796,0.0003163979176373821,0.07291050689391551,5.615160804093881e-08,0.00028462016808057563,0.6509352889874659,1.0817162591070263e-05,1.2825302852952057e-06,0.0004235682155093522
4,0.012245406049603974,0.04032821754500505,2.7431352991052746e-06,0.003275639061661816,0.00013472193740684177,0.0003580976087139149,0.007037526198386479,0.024337884038287273,0.000772075911272962,3.2464794799891205e-05,0.133062627259177,0.014602695377845558,0.0007760865767221219,0.0006501312031185116,0.004740582730242709,0.00034381098934365263,0.023997415663922755,0.00032835157980309833,0.0715111126876521,6.122378598482716e-08,0.0003190141686611041,0.6607327765621199,9.890240569380536e-06,1.3682497909368208e-06,0.0003992992068079336
5,0.015955842025830072,0.04343027362161107,3.7868856690706605e-06,0.005664546945941292,0.0001805530399594824,0.0005481961778847805,0.008035177574030205,0.030196440846147077,0.0009238536793580333,4.84326610659747e-05,0.15178196763440974,0.014644652252937854,0.0009018557489356996,0.0007495104474770436,0.005193654683918616,0.00045131634099547936,0.03154928898678898,0.000628442087694993,0.0913706601951933,8.769196974009476e-08,0.00040728681167075776,0.5969309445060658,1.8292358577751385e-05,1.883379073657909e-06,0.0003830534167935721
6,0.012886958213600355,0.038975389076349114,2.6873698606157627e-06,0.0034477603957624977,0.0001292017799939218,0.0004375048220251147,0.006822342681631478,0.025684516979389706,0.000746034456569726,3.338890449534335e-05,0.13708237227216857,0.014983732525875492,0.0006692278453762281,0.0005703971220269717,0.005557162750383658,0.0003915889853382492,0.026697195792059796,0.0003163979176373821,0.07291050689391551,5.615160804093881e-08,0.00028462016808057563,0.6509352889874659,1.0817162591070263e-05,1.2825302852952057e-06,0.0004235682155093522
7,0.020250042108158162,0.024338820671986096,1.870421369166874e-06,0.002033258012265117,6.412992158861291e-05,0.0002353968880675719,0.00634802802107696,0.019866211907808434,0.00031952018906119124,1.3628563668477944e-05,0.14678433497653742,0.00910868421622422,0.001190208836221227,0.00018968851270185794,0.0029848892593462156,0.00017221064275020935,0.01363115052940713,0.00024398224741986675,0.060812834676155274,3.161722179055232e-08,0.00019378690718566404,0.6910839501715245,3.2735213381643724e-06,5.485114180110034e-07,0.00012951866949867944
8,0.022844060678141976,0.07309236323685976,9.01096397882197e-06,0.007171367310853457,0.0002143418343016772,0.0006192245154487503,0.0039661513050836435,0.022586350470548824,0.0013319615697374718,9.513051507469959e-05,0.12587770043112445,0.022160002451837604,0.0007779921517952609,0.0012643687606537623,0.008959428111344404,0.0007922861512369238,0.05734204332557895,0.0003371608980850409,0.04865829123800905,1.1838026760554009e-07,0.00026459720849407773,0.6003911020024747,3.1227338005864615e-05,5.1768316351787915e-06,0.0012085423194280363
9,0.011665141022420824,0.09514331247816414,9.460064709473959e-06,0.007463711375239748,0.00018196267943678947,0.0005700328028096401,0.004033259620047265,0.031068422086056712,0.0017432377381113434,0.00020031991219227215,0.09435229722314505,0.017103629407019556,0.0007922678736715962,0.0021986399496049156,0.008756488332627243,0.001121845330688537,0.04723525141205562,0.0004551133973320307,0.07675552731999154,1.8742975583257644e-07,0.00036303442337012756,0.5974113002137442,3.040525454514047e-05,5.198743226301801e-06,0.001339953910033997
10,0.012886958213600355,0.038975389076349114,2.6873698606157627e-06,0.0034477603957624977,0.0001292017799939218,0.0004375048220251147,0.006822342681631478,0.025684516979389706,0.000746034456569726,3.338890449534335e-05,0.13708237227216857,0.014983732525875492,0.0006692278453762281,0.0005703971220269717,0.005557162750383658,0.0003915889853382492,0.026697195792059796,0.0003163979176373821,0.07291050689391551,5.615160804093881e-08,0.00028462016808057563,0.6509352889874659,1.0817162591070263e-05,1.2825302852952057e-06,0.0004235682155093522
11,0.013298296712405249,0.03754947343221431,2.639264761679288e-06,0.0033607493099307908,0.00013057623504319078,0.0003895752143498311,0.007196844301539251,0.02395257158890771,0.0007210160900187947,2.9652399554955226e-05,0.13528566408421308,0.015132479619341641,0.0007677326817243781,0.000531135964635312,0.005141319778342981,0.00037577059026322354,0.02520828573106892,0.00031240663103976703,0.07298123424244315,5.78747779221955e-08,0.0002918841947532706,0.6569357464995094,1.0012144400303153e-05,1.386304558916553e-06,0.00039348911020189087
12,0.012725575988121098,0.0389695627719268,2.5930065871984055e-06,0.0034877448733500287,0.00012073244481021486,0.00043263891923633115,0.006866916297233678,0.025944758569201747,0.0007288385593847513,3.3216472715805134e-05,0.13300450385477777,0.01472114104947429,0.0006763157334381351,0.0005434242010448283,0.0055977193004762395,0.0003992909574212896,0.0259738740164977,0.00031443539548250304,0.07633945532331751,5.431789288976886e-08,0.00027757031039187343,0.6524198390514715,1.0439591280596865e-05,1.2364213840829559e-06,0.0004081225730810073
13,0.009901540783676522,0.030758319529727178,1.62090364680817e-06,0.001865877945447738,0.00010745770787271942,0.00021854563787150456,0.004782151854913488,0.023368158848278336,0.0004953903945178153,1.6409515132409258e-05,0.16180857959195993,0.015932070213554833,0.00047044075018168465,0.0005524761872558657,0.004750610024219631,0.00020857166039296615,0.01824092347932665,0.00017871448752381763,0.04495913121889574,3.4631194576923276e-08,0.00020768876128719806,0.6807778684338965,4.956319118233309e-06,6.983575335388412e-07,0.00039176276257440383
14,0.01167498738521274,0.05987072695436838,2.4045714312638415e-06,0.004063852336622661,0.00018379133775337552,0.0002598268775153734,0.005388262871663829,0.021681762022937725,0.0005214667219557433,3.248186192543264e-05,0.16671039036569235,0.011047829113946825,0.0008188169827264927,0.0006445297537596241,0.0031784066654812534,0.00021497076058906207,0.02846117554292732,0.0004042559460132935,0.08394247839352921,4.8355498185904394e-08,0.0004317153815421582,0.600207999221494,8.761209879176445e-06,1.1666377886413346e-06,0.00024789272774581396
15,0.012886958213600355,0.038975389076349114,2.6873698606157627e-06,0.0034477603957624977,0.0001292017799939218,0.0004375048220251147,0.006822342681631478,0.025684516979389706,0.000746034456569726,3.338890449534335e-05,0.13708237227216857,0.014983732525875492,0.0006692278453762281,0.0005703971220269717,0.005557162750383658,0.0003915889853382492,0.026697195792059796,0.0003163979176373821,0.07291050689391551,5.615160804093881e-08,0.00028462016808057563,0.6509352889874659,1.0817162591070263e-05,1.2825302852952057e-06,0.0004235682155093522
16,0.009316051586758788,0.030553242249901386,1.3193519429500283e-06,0.001779630052654434,7.375368206545179e-05,0.00019781015470828837,0.00428466153839662,0.024132423330116354,0.0004164304870546247,1.6513512937744314e-05,0.12569837929570665,0.016564481089326597,0.00040836041210077123,0.0005025404553704066,0.0047778425729256835,0.00022646125216908941,0.017221177736528127,0.00017012168329238697,0.046154204164029655,2.636497563968054e-08,0.0001643324500337479,0.7169838676153728,3.947795549529258e-06,4.94544535675117e-07,0.0003519266215466441
17,0.016899358701623367,0.03452578193865314,3.094805651528022e-06,0.0022593336136407446,0.00021875055360329456,0.0002348944064294108,0.009211981561735246,0.021466602849603434,0.0006868015241206396,1.4881989891047194e-05,0.1954424157954738,0.02136442048313025,0.000846190151767059,0.0008085767472604293,0.0021522765390572063,0.00019095985268610685,0.02976042456016333,0.00037494645810613633,0.0402845316935177,5.1027962197079354e-08,0.0005043992871030646,0.6223771954389213,9.93180548664867e-06,1.5819179369106338e-06,0.00036061629647596153
18,0.009629204161289555,0.044684944769355986,3.680140255000366e-06,0.0017834645943694309,0.00011474498318405553,0.000339741436893379,0.007617641035271696,0.02297859457314143,0.0008088132058586463,3.4159227880612915e-05,0.1263795943845469,0.028386776831191698,0.00048146188165188055,0.0010964070423180128,0.006589008278255015,0.0007018882374640414,0.042973956520817064,0.00023457187394172534,0.06277373078293615,6.466618913749903e-08,0.0004036301692768211,0.6406317620453243,1.331257299104921e-05,1.9565491569349734e-06,0.0013368900364393679
19,0.008626624230920577,0.048383832135061595,2.1930117231342093e-06,0.005822257279019176,0.0001671383894043825,0.0006256048334130075,0.006441049269232841,0.02188594191853416,0.0011787255725019222,5.1736669963520175e-05,0.08637173703824452,0.01481458536638054,0.0006210912529059751,0.000568361614485463,0.007246119136565394,0.00040700110404472947,0.020199790186085836,0.00022695836145711926,0.07121798451615631,6.273496357767029e-08,0.0001603955820884231,0.7045459456824296,1.0399562047277985e-05,1.4214088584572161e-06,0.0004230431435124686
20,0.00616358698993348,0.02772598748395758,9.470674054439587e-07,0.0018057927686455423,6.373621158931013e-05,0.00022509474202053858,0.003485802070354872,0.018985235764705673,0.0004841692090840313,2.0544775766090477e-05,0.09148325596663762,0.007270212371997414,0.0004553127817407426,0.000395832848474097,0.0042936503253623625,0.00014915181598040784,0.010259893523328538,0.00013631108666720213,0.051116946580794166,3.0949313216477877e-08,0.00013916557917301222,0.775124219855536,3.3801733773458102e-06,4.42311437677518e-07,0.00021129674671757282
21,0.02782103584516208,0.05182977578976999,8.33552701800192e-06,0.0042404839428042814,0.00019018197072906683,0.00027021561376839665,0.009600954347068544,0.03551435905500194,0.0008015200803647616,3.726879189933955e-05,0.18376382008227055,0.03540931629618176,0.001274792926516912,0.0012525268985624672,0.0034246436328437034,0.0007056978474045963,0.05103258882128827,0.0007771888751863935,0.059928285687874575,1.008368974529345e-07,0.0006287161311443159,0.5308008918881353,1.7635024175343672e-05,3.311161509072727e-06,0.0006663529264230105
22,0.01743110404639445,0.03749657399771936,3.869039242287391e-06,0.003266359111996205,0.00010379705677640151,0.00043161240813433395,0.004458082236522527,0.03743836167416761,0.00036854266479044624,4.47592590587366e-05,0.1592763891090748,0.009619101181687854,0.0006458888332741523,0.0005873845987571808,0.0031156691243373223,0.00033976469304496733,0.04703243412807197,0.0005676760380224606,0.06844357944471746,5.703598520105311e-08,0.0004594421462900928,0.6086089635463403,1.334561535551494e-05,8.135867882764349e-07,0.0002464294234500339
23,0.012886958213600355,0.038975389076349114,2.6873698606157627e-06,0.0034477603957624977,0.0001292017799939218,0.0004375048220251147,0.006822342681631478,0.025684516979389706,0.000746034456569726,3.338890449534335e-05,0.13708237227216857,0.014983732525875492,0.0006692278453762281,0.0005703971220269717,0.005557162750383658,0.0003915889853382492,0.026697195792059796,0.0003163979176373821,0.07291050689391551,5.615160804093881e-08,0.00028462016808057563,0.6509352889874659,1.0817162591070263e-05,1.2825302852952057e-06,0.0004235682155093522
24,0.008612376015431673,0.06101187918011211,2.0490882043649674e-06,0.006209295022251572,0.00012219355778261083,0.0003561535319092186,0.005684472265368356,0.028290667846855275,0.0006600595921779321,4.889571721378227e-05,0.10242128735026008,0.01159724149602647,0.0006295133184770076,0.0006914114196752415,0.0055359784295387175,0.0003859496445752438,0.028867530539111626,0.00038889940226662757,0.11239853541349637,5.1768044053210806e-08,0.00029699959320745906,0.6254561193950307,1.1867235306089316e-05,1.1079438552300827e-06,0.0003194652338222261
25,0.014617262288288966,0.019352935119879143,2.2868009847524537e-06,0.0022534719815729097,0.00017497783641624127,0.0002105516179580247,0.008988088838955046,0.05870298041107832,0.00037820053593639686,1.1775308177461596e-05,0.2873197505378813,0.01947558816762775,0.0006170791568330746,0.000659083910166104,0.001914820055570153,0.0001819895962523573,0.021895284626049158,0.0006395843862053996,0.041551805417483385,4.961565345457114e-08,0.00047452551866233243,0.5203719936183732,6.76461801460808e-06,5.812343649633148e-07,0.0001985688016155704
26,0.03740986951256206,0.054690182812034936,1.2053039699410598e-05,0.0104927586057005,0.0004153777541678599,0.0011413557646147141,0.0105729076180053,0.026747524234118785,0.0025678569975368273,9.602572557157526e-05,0.17929811867541917,0.01839112816706841,0.0014463690058114003,0.001309338573078523,0.005175413982603318,0.0006988599598793167,0.05143865852063949,0.0013493129105353102,0.08545569384190262,1.9563527202768405e-07,0.0006841182730035135,0.5098497580374207,7.146896944689719e-05,8.76684092694124e-06,0.0006768865429804292
27,0.007585498191380665,0.026342496796997267,1.2178785020091865e-06,0.00242850067855576,8.245667088423078e-05,0.0004308929252408039,0.004108892284651788,0.019157288558701836,0.0009322082884647806,2.875944663368025e-05,0.08717633068077114,0.009537077008041713,0.0004368649687025427,0.00037857245508710595,0.006298229637146304,0.00024100316939991654,0.009674681202443055,0.00015131167182181837,0.0577512962812297,3.7877410855367865e-08,0.00011236216176474727,0.7668088468837162,5.219123936289703e-06,8.00870753170625e-07,0.00032915428776264673
28,0.012886958213600355,0.038975389076349114,2.6873698606157627e-06,0.0034477603957624977,0.0001292017799939218,0.0004375048220251147,0.006822342681631478,0.025684516979389706,0.000746034456569726,3.338890449534335e-05,0.13708237227216857,0.014983732525875492,0.0006692278453762281,0.0005703971220269717,0.005557162750383658,0.0003915889853382492,0.026697195792059796,0.0003163979176373821,0.07291050689391551,5.615160804093881e-08,0.00028462016808057563,0.6509352889874659,1.0817162591070263e-05,1.2825302852952057e-06,0.0004235682155093522
29,0.012886958213600355,0.038975389076349114,2.6873698606157627e-06,0.0034477603957624977,0.0001292017799939218,0.0004375048220251147,0.006822342681631478,0.025684516979389706,0.000746034456569726,3.338890449534335e-05,0.13708237227216857,0.014983732525875492,0.0006692278453762281,0.0005703971220269717,0.005557162750383658,0.0003915889853382492,0.026697195792059796,0.0003163979176373821,0.07291050689391551,5.615160804093881e-08,0.00028462016808057563,0.6509352889874659,1.0817162591070263e-05,1.2825302852952057e-06,0.0004235682155093522
30,0.012886958213600355,0.038975389076349114,2.6873698606157627e-06,0.0034477603957624977,0.0001292017799939218,0.0004375048220251147,0.006822342681631478,0.025684516979389706,0.000746034456569726,3.338890449534335e-05,0.13708237227216857,0.014983732525875492,0.0006692278453762281,0.0005703971220269717,0.005557162750383658,0.0003915889853382492,0.026697195792059796,0.0003163979176373821,0.07291050689391551,5.615160804093881e-08,0.00028462016808057563,0.6509352889874659,1.0817162591070263e-05,1.2825302852952057e-06,0.0004235682155093522
31,0.019301972857396668,0.04368706380613328,4.3651191654943105e-06,0.0032078092136270703,8.494738457737193e-05,0.0003592444214265122,0.006691064903683065,0.04821389718257975,0.00048324702715698875,3.842648916088462e-05,0.13375388003315425,0.01654999098053796,0.0007496261361480193,0.0005766244585502428,0.0035338927825727196,0.0006050413483996988,0.039966025676329606,0.0004935968381172329,0.06807683002348222,5.7794524403969e-08,0.00037749907972263794,0.612863240448514,1.1153348597628694e-05,1.0919280201001664e-06,0.0003694107184221617
32,0.011692095035803053,0.037363889197253426,2.3974115889519657e-06,0.0035566140745516314,0.00011969228549875528,0.00043533867525464155,0.006951938889094087,0.02487098474949677,0.0007099686748622655,3.332184681264223e-05,0.12828329445069045,0.01350768488127111,0.000677093679603371,0.0005037988575486465,0.005983495226620217,0.00040818226563093613,0.025592482889748247,0.00031200174749918805,0.08863813750019688,5.48287688344667e-08,0.0002897918482413569,0.6496632739969593,1.0573202171586935e-05,1.2407575368732924e-06,0.00039265302729681723
33,0.008378338919965063,0.05522388742982784,1.0015336451519954e-05,0.004959586141492929,0.0002858888123381757,0.004773239584918317,0.0043605165991726,0.019914976106381127,0.01303389075259416,0.0006622164565106026,0.08660753517876653,0.0058922438609025456,0.00032202328565126046,0.003444936665459267,0.04558798259741595,0.0006229889959903223,0.013168521861388904,0.0002992525198915248,0.07784417350684221,2.9037278767374443e-07,0.0002226568969087224,0.6513086925812376,6.673882428658763e-05,3.811694741055744e-06,0.0030055950180775705
34,0.024052314058569557,0.02286349143165132,2.3429215081299418e-06,0.003226799770507163,0.0001296121534927527,0.0003715262392407914,0.007739806912811748,0.021639658468834585,0.0006722030410851052,1.7736501877749697e-05,0.18188027087073197,0.011041041237083538,0.0009054862390852357,0.00031390209285895926,0.005224635023208974,0.0002384660941125715,0.017168403697600924,0.00040672565516241003,0.08619518140877247,4.069984191678247e-08,0.00029700764460061,0.6153686927924801,8.794246812248705e-06,1.1394333085710033e-06,0.00023472136476052494
35,0.017587408599439316,0.026207497352188556,2.204783894286043e-06,0.0027563751372761455,6.287886933445627e-05,0.0004407604217648767,0.006099789640395823,0.03149360127878908,0.0006076797000630449,2.8899675354633757e-05,0.10505612231499797,0.013423501904560972,0.0007000994617914519,0.00030203160873411696,0.0032581491357333904,0.0004702328039077501,0.019882899693080085,0.0004388863462970002,0.07882896361589051,3.8309553688839714e-08,0.00020804960771431306,0.6918964071611117,7.3395578328963425e-06,9.569636079473993e-07,0.00023922605668621257
36,0.02163721009748561,0.03173418132865547,8.17172302313051e-06,0.003632170590433089,0.0016893262988933824,0.000572678943715486,0.012178445665139181,0.005991906727994479,0.0009159297633370379,1.3980517193162022e-05,0.6110381647296246,0.015415040463090753,0.001020753320131505,0.0006060287802545814,0.0061105370741584885,0.00016878412083915815,0.040231890290662264,0.0003371786468043911,0.05169937483346153,1.2686509176676782e-07,0.0014569738190347691,0.19257326641510691,4.565697542974393e-05,1.109719963160618e-05,0.0009111248108077345
37,0.03319429232235331,0.04278615231665258,8.262176018769127e-06,0.0038523524014943706,0.0002713756092015371,0.000346199099763156,0.012593521597892777,0.021511408595179027,0.0011453782917947124,3.144184113092624e-05,0.19425906463925632,0.026198276924117633,0.001703592578844626,0.0009933796110977704,0.002976191049940023,0.0004586100984925414,0.03952449477832903,0.0007579441088871126,0.062195312787609675,1.0602036456722063e-07,0.0007227768410613591,0.5538954912551108,1.950051709218188e-05,4.614824343349722e-06,0.0005502597139716751
38,0.01120870730945603,0.046055893775496175,2.5212601689532206e-06,0.0030149182673999725,0.00015289517201582932,0.000300628991821045,0.004822580598656738,0.023689363378831683,0.0007535304881736827,2.9995949170234665e-05,0.1495978063299686,0.01634250443213117,0.0005533995376576262,0.0008068962317479757,0.00475322979130348,0.0002658066370014471,0.02452698961447509,0.00024141714144992448,0.04792905635122669,5.001503706542142e-08,0.00024566873401539474,0.6642168959083314,8.641159482639325e-06,1.2061960405247535e-06,0.00047939672894048695
39,0.013065407551491241,0.02970506795530367,2.505825029827778e-06,0.0028004065589529253,9.964781770461634e-05,0.00048154431455437824,0.008032915279124479,0.032970712323532186,0.000562265913739957,2.633031487737084e-05,0.13480460777611766,0.017037103370068654,0.0006211214377166072,0.0004082473045932038,0.004693475288932439,0.0004863791104582023,0.028858645038326906,0.0003118466085945611,0.07192643452793268,4.967560474210719e-08,0.0002928971737497754,0.6524215394122345,9.723219846126721e-06,1.0434667754754437e-06,0.0003800827347379822
40,0.012913831604783977,0.029758405278327422,1.987029853542328e-06,0.0013823146937444223,0.00010066729515784177,0.00028592732100851247,0.0045554966593470015,0.01551608491080401,0.0004841527400909746,1.3427690262838672e-05,0.13132425031767456,0.017547127649639713,0.0004722310125544472,0.00039273153560922223,0.004538588385430233,0.0001812946547031108,0.018932728071753013,9.492467547471172e-05,0.02413861427119452,2.9357419909092918e-08,0.00013735788857152152,0.7368026765331949,4.0355661012733804e-06,6.454516734907143e-07,0.0004204694056248108
41,0.011197462939846236,0.030332536921507544,1.5499915962661138e-06,0.014152695139591234,0.0003807202547700605,0.0019137699610652344,0.004612256559651386,0.021427024197634908,0.002328056344942913,5.643694967586301e-05,0.13348812703281404,0.013513314651070479,0.0002982672511014201,0.00032188096982566674,0.03792742807891716,0.00033186920654341333,0.01256923026269322,0.00014965296494403563,0.0739902606351729,5.1308425805723824e-08,4.866358781908951e-05,0.6404269688469457,1.4375518657469643e-05,1.2597689944176683e-06,0.0005161406557934649
42,0.005346565332785604,0.01920433709381422,5.68324522379675e-07,0.0014229081309591407,3.358327088004042e-05,0.00025861435551135825,0.003154708765483293,0.01655943621577282,0.0002761491668587058,1.3778127751039084e-05,0.06010625812415092,0.006650666876468379,0.0003784964923149252,0.00011668686096656651,0.003944943496026132,0.00022688797618660908,0.010701316959337372,7.70604606329699e-05,0.059324712890481725,1.79650072572965e-08,7.59241169051257e-05,0.8119798119882091,1.9748296739914674e-06,3.053721575832339e-07,0.00014428680714275336
43,0.007932607172608564,0.02767631380125891,2.2336008180014653e-06,0.003460111249088226,8.837855815347256e-05,0.0009508227782176098,0.0040737394597415225,0.03148413922173394,0.00091301306093177,8.367899841606451e-05,0.0834275281819303,0.00534280268340716,0.00046542202377618507,0.00045031498191866676,0.006956292910401638,0.0003660878623272216,0.015271422253738691,0.0002837917248002212,0.09010674475725511,6.487431145833923e-08,0.00022187716856186606,0.7201522613440245,1.0526324079847922e-05,7.695382636113669e-07,0.00027905547023557883
44,0.012886958213600355,0.038975389076349114,2.6873698606157627e-06,0.0034477603957624977,0.0001292017799939218,0.0004375048220251147,0.006822342681631478,0.025684516979389706,0.000746034456569726,3.338890449534335e-05,0.13708237227216857,0.014983732525875492,0.0006692278453762281,0.0005703971220269717,0.005557162750383658,0.0003915889853382492,0.026697195792059796,0.0003163979176373821,0.07291050689391551,5.615160804093881e-08,0.00028462016808057563,0.6509352889874659,1.0817162591070263e-05,1.2825302852952057e-06,0.0004235682155093522
45,0.013777409380637515,0.04514236738398982,3.2278057437957565e-06,0.0031773986634680874,0.00012597671927374414,0.00038657824116219855,0.005939169849992901,0.025681842586216794,0.0007070025866945732,3.6828596941401536e-05,0.14184297183547406,0.015362034225587799,0.0006700541715406181,0.0007207114075804496,0.004667276365105912,0.0003768991170798017,0.03125392740684275,0.0003399178817929561,0.0647114428817163,5.700272873879885e-08,0.00033169620133500225,0.6442695265464342,1.1604771575135005e-05,1.3643821793210912e-06,0.0004627139889060059
46,0.016204990141627205,0.036299520269647,1.585957597913056e-06,0.002607147072363924,6.617381286963204e-05,0.0002419942019384157,0.004057348542286411,0.01895807435786557,0.00012742076085315635,1.066933741743775e-05,0.1153946666735663,0.01924847415294427,0.0005039670490665103,0.0001436879197568899,0.003918602697283423,0.00041898419033600413,0.07189486154861911,0.00011708516995398044,0.04389083133746384,2.0024644298023217e-08,0.00014691628025212194,0.6654889025828035,5.509393329448743e-06,6.160998302069403e-07,0.0002519504256833632
47,0.010846278751684833,0.037298253328327764,1.0571431166013844e-06,0.0009672891983090254,2.7640911872873942e-05,0.00012135852152171458,0.0033460202394523077,0.01282569889000203,0.00024949606293295815,1.0032556298683052e-05,0.06044881004689388,0.016463438227659333,0.0006106533280728426,0.00015767959862913618,0.0023659046970079672,0.0002894554256014495,0.015178642293912713,6.745072692221979e-05,0.02870606600012859,1.6922425813407755e-08,6.630490849464841e-05,0.8097106300340198,1.4654703121405442e-06,5.35016153924248e-07,0.00023982170024672828
48,0.007019420287711029,0.08337238980023962,1.5005251433267153e-06,0.003941647181823284,4.187066542569568e-05,0.00024140046010081068,0.0033410631027864395,0.026312993547487267,0.00019135935321803823,4.145473021398614e-05,0.0535945727004998,0.008643392006478524,0.0004252818037458646,0.00032005333098582674,0.0037831373181620004,0.0004732082895322102,0.05988605459866149,0.00017202333559446773,0.08633897302809651,2.4522357296215082e-08,0.00018813529787567486,0.6614525855924351,6.832571580080921e-06,4.327468437350673e-07,0.00021019320300179318
49,0.016527693814554458,0.03343811207557253,3.274887589895373e-06,0.002976427818510443,0.0001256454599982224,0.0005939764910387401,0.006807394109773011,0.02914538724045247,0.0007484740334282657,3.0039972153660315e-05,0.1475360116634077,0.019069940814040245,0.0006770684872565213,0.0004939340029131359,0.004105400438645308,0.0003744331633803645,0.026005684266996003,0.0003108252494669839,0.04447761965632898,5.909364000933282e-08,0.0002289833520650561,0.6659176967221262,1.0302093271259191e-05,1.2227666446540417e-06,0.00039439232674589496
50,0.03402406205987124,0.03437435694332916,3.65565555518094e-06,0.0054470272809466775,0.0002740778779435089,0.0006183592002232665,0.0056840459333800724,0.019094300854027153,0.0006454695560594791,1.7979809228698115e-05,0.30298874900251543,0.023738414956251706,0.0005880137848049791,0.0004281350964713459,0.006747620311817148,0.00045343718662069373,0.06077772024546391,0.0005160863110297122,0.049454133541904484,6.201558512336407e-08,0.00028809791628285657,0.45324996523679534,3.06254265536098e-05,3.1906885083990275e-06,0.0005524131088309099
51,0.009131630021249964,0.05485827168994669,1.8032258324961473e-06,0.0035589946380196456,8.887624288386932e-05,0.0002640265977431509,0.0039031865443713613,0.02601970556115954,0.0005366788236065232,3.380373564254915e-05,0.10442432105608683,0.012433012578822997,0.0005430717375300737,0.0005793969084346177,0.004868464495150783,0.00027055023712864245,0.019948360947571613,0.00021622577523949183,0.060135784887356665,3.834904866408621e-08,0.000175004496258589,0.6976917384163526,5.823590952121075e-06,7.129737344079986e-07,0.00031051646987608367
52,0.012582864615725048,0.036155219860751014,2.600487872736117e-06,0.004005076862762461,0.00011110370961898274,0.0005129314279089252,0.005836991344978828,0.027786975292385118,0.0007899618303616701,4.599917965002675e-05,0.12189875080536726,0.011582597994949595,0.000672688176735942,0.0005433761227143653,0.006213317724076885,0.00043201657525789874,0.02330600354254829,0.0003882162785372714,0.08760119228429421,6.287172079565271e-08,0.00025424791712148626,0.6589046173780196,1.1275043610943434e-05,1.1902238680363587e-06,0.0003607224491624706
53,0.014085189549034757,0.025380122353751637,2.6366594830054204e-06,0.0027005661298491615,0.00014612074701642145,0.000619375895822073,0.023115766527138083,0.031277399427926754,0.001161810469936737,1.697902991322996e-05,0.17843001062172775,0.03269831826051829,0.0007321685076822894,0.000589443540245979,0.0066860016926765424,0.0005172542701085662,0.023897367718730425,0.0003649479916295086,0.0706522403284036,6.557036632437558e-08,0.00034248794487725726,0.5859092720714572,1.4872992781529824e-05,1.5038310017465956e-06,0.0006580778679210076
54,0.005172978975844847,0.06376634344250488,1.9981277850975357e-06,0.0016989312692606185,6.455630969843786e-05,0.00022363808613619384,0.003628087388720595,0.020117821939807316,0.0009319860716374637,4.1598040623387145e-05,0.067586345758061,0.028361824514887616,0.0003353981173663445,0.0010232337342676067,0.009297127438512085,0.0006144240013743686,0.018046319188540164,8.276356826249638e-05,0.03702681272723875,4.7163019494179866e-08,9.098582249011793e-05,0.7404995053938134,4.455644305289135e-06,1.0637888903825673e-06,0.0013817534869520467
55,0.018571793770967154,0.028830609451067246,3.000389824052968e-06,0.004418515722493107,0.000335180745920267,0.0005388864399129199,0.02902545598536807,0.02068373793617232,0.002137122801086827,1.2937752610189998e-05,0.2048340707567791,0.07029380384250263,0.00109670954168468,0.000590435319830988,0.005176575608975468,0.0005661413123361058,0.01955053217148086,0.0004506234373751853,0.0723876472206302,6.944098220504437e-08,0.00032017472606161605,0.519333008543164,1.5910388337483547e-05,4.891941309918867e-06,0.0008221647531273344
56,0.012968607272824603,0.038314915364065144,2.6324128753168414e-06,0.003315383141097914,0.0001264093901102695,0.0004109449279121073,0.0069619101737877324,0.024772062602743353,0.00072736247398683,3.1179981723924045e-05,0.13541167444284602,0.015054436432842367,0.0007099367549107294,0.0005496443841255821,0.005249075015839579,0.0003766872104580998,0.025641863949788027,0.0003102468302064052,0.0718873901288006,5.6123548913606145e-08,0.00028519962435074973,0.656475220879466,1.0222182727801841e-05,1.299165986392506e-06,0.0004056391329755039
57,0.007996176673813913,0.04018136671415341,1.5289526435269696e-06,0.0022536954207324914,7.104785212679802e-05,0.0002083515242856457,0.006919513575128756,0.020485487083316968,0.0004150622425817484,2.021790757250821e-05,0.09549776961800477,0.0140667675895232,0.0007237119387296049,0.00033539545364760646,0.003925886107376367,0.0003942239849561405,0.021895347804212085,0.00019689363378855925,0.10710491507914008,3.268405687894408e-08,0.0002893404289458327,0.6766981272391063,4.83491790698241e-06,9.192781301043404e-07,0.00031338629612000853
58,0.013624100382520049,0.04118059752998424,3.112851317408206e-06,0.0038865297980346224,0.00017121644778446675,0.00045261301869654023,0.008172654072133745,0.021201228897970194,0.0009459779823955692,3.3380262951117087e-05,0.14294968184550913,0.01711781508260796,0.0008685068552804183,0.0006013549796633991,0.0058583941002199385,0.0004423272238658214,0.027094449189900654,0.00033619873649722915,0.08085439802698674,7.403734143489673e-08,0.00033899857887126496,0.6333476427787922,1.3342191265270507e-05,2.2340327085094676e-06,0.0005031710967020583
59,0.014080075239314902,0.04476756878150892,3.815299319261259e-06,0.003859337397078082,0.00017877589360850996,0.00048801402263711527,0.007738975412452562,0.02333207376678358,0.0009739278523970297,4.133396968887835e-05,0.14396004196243375,0.016872315573083527,0.0008332881598474895,0.0007130112415812016,0.005640942351798435,0.0004827995606340523,0.031152435157761227,0.00036613835359044236,0.07661976499366996,8.113035764481784e-08,0.00037978042390359037,0.6269421635685389,1.4904939978207409e-05,2.299494110016905e-06,0.0005561354539225245
60,0.012886958213600355,0.038975389076349114,2.6873698606157627e-06,0.0034477603957624977,0.0001292017799939218,0.0004375048220251147,0.006822342681631478,0.025684516979389706,0.000746034456569726,3.338890449534335e-05,0.13708237227216857,0.014983732525875492,0.0006692278453762281,0.0005703971220269717,0.005557162750383658,0.0003915889853382492,0.026697195792059796,0.0003163979176373821,0.07291050689391551,5.615160804093881e-08,0.00028462016808057563,0.6509352889874659,1.0817162591070263e-05,1.2825302852952057e-06,0.0004235682155093522
61,0.015449548951611115,0.042971367214378005,4.186177261298216e-06,0.0038990226911595257,0.00018484862931653873,0.0005073484746053783,0.007979681463826662,0.02418815277857798,0.0010674951485101641,4.263345908523564e-05,0.14940349178993495,0.01693855333673379,0.0008828850442553397,0.0007483738166678604,0.005305753148811565,0.0004660609617105622,0.02939851072778553,0.00040637900478768355,0.07518753825341017,8.436023343640026e-08,0.00039841399560648936,0.6240050382757363,1.5489332405631575e-05,2.44490707536319e-06,0.0005466980565134481
62,0.012886958213600355,0.038975389076349114,2.6873698606157627e-06,0.0034477603957624977,0.0001292017799939218,0.0004375048220251147,0.006822342681631478,0.025684516979389706,0.000746034456569726,3.338890449534335e-05,0.13708237227216857,0.014983732525875492,0.0006692278453762281,0.0005703971220269717,0.005557162750383658,0.0003915889853382492,0.026697195792059796,0.0003163979176373821,0.07291050689391551,5.615160804093881e-08,0.00028462016808057563,0.6509352889874659,1.0817162591070263e-05,1.2825302852952057e-06,0.0004235682155093522
63,0.011514014987791938,0.045362678565543706,2.406254772562224e-06,0.003319400921127644,0.00011356491213106667,0.00037029615283942796,0.005862011918012595,0.02404335090445911,0.0006657573743487118,3.357815001889629e-05,0.12226334737926563,0.014147175580581638,0.0006421517618387736,0.0005551889484027089,0.00532816122481499,0.0003739593270875869,0.026337284320981105,0.0002702723448509012,0.07178778284088748,5.0458369315782164e-08,0.00025841700601878377,0.6663322397079694,9.292036760478323e-06,1.1775231997533318e-06,0.00040643939792585316
64,0.014036043768830908,0.04064907198720478,3.3870045184686553e-06,0.003190547839546737,0.00014679604276005167,0.0003736649554719857,0.008238693870247265,0.026301260972814593,0.0006750955979015446,3.1538544242704304e-05,0.151455683880239,0.015094940909427314,0.000812262559534708,0.0006604984561417966,0.004481384193037813,0.0003962604867900672,0.03257953989730395,0.00038859566141590413,0.08143945077721454,6.244839032816907e-08,0.0004794000049825207,0.6181279864249583,1.2345915502350673e-05,1.4938807979217198e-06,0.000423993920724548
65,0.015105462685924866,0.023392304031668438,1.7714839876732325e-06,0.005352044994927812,0.00014529295297464228,0.0008408946577220946,0.010518096127358623,0.0282176162824244,0.000502159981315625,2.21275036681406e-05,0.178947359236347,0.013714021421486224,0.0005575080592126171,0.00023120192180284545,0.008453421988193094,0.0004691207460234337,0.035723076207541296,0.0004241220545426786,0.13408047446415144,4.1995133883062777e-08,0.0002964649285820926,0.5427013304488456,1.693011209432576e-05,9.981242581634023e-07,0.00028615758981294175
66,0.019145265392765738,0.027288084060877644,3.97763980787723e-06,0.00251389015400801,0.00011694269098475727,0.0002702845612387558,0.009583530650252607,0.03551466733759187,0.0005821762896812896,2.4806717453363235e-05,0.15177699372301454,0.015124365782502182,0.0014134904842876474,0.0004812009496910087,0.0027485289334495547,0.00033515052155783635,0.01730823717634098,0.00043837335414907496,0.05321923711583025,7.404035917901668e-08,0.0003269991828563813,0.6615524401528083,4.842018614010156e-06,9.505586827382616e-07,0.0002254905111943682
67,0.024653001423318492,0.048011571652015514,9.9769347993309e-06,0.006705589230556882,0.0002232107405028928,0.0007195455149904328,0.009738570421241868,0.03831379899307371,0.0008274276071766948,7.449602252238626e-05,0.19462487412095153,0.015375574354503407,0.0011603425360920668,0.0011623969983609447,0.005234900097900424,0.0007297460533762736,0.07371988508375493,0.001109222702980501,0.09984875861007562,1.5876640487042068e-07,0.000987081921667886,0.47615679489310725,4.776619331596351e-05,3.21211761291025e-06,0.0005620970096974332
68,0.01575875926073087,0.04791713283972026,5.9883716719273575e-06,0.005081211206339432,0.00026804540927172216,0.0007352155498881516,0.01002608793981418,0.025514311820397532,0.001957987491602111,5.961678819721222e-05,0.16530902856767465,0.02523263475748738,0.0008629005327939287,0.0013833849521590962,0.007265000835215025,0.0005034173203420655,0.029661806859731906,0.00044661632571034286,0.06041626076996534,1.2039630462279988e-07,0.00036933098184815694,0.6002646029097748,2.3868914757206268e-05,3.3087174989378793e-06,0.0009333604811031385
69,0.0150370192194998,0.038513457529238626,6.255122551082215e-06,0.003860757907954128,0.0001522461341156378,0.0005900016632251882,0.010202187865465652,0.046416459153593784,0.0010763033735895458,6.448001188822736e-05,0.1587515753458134,0.017390921728488853,0.0008790791567656311,0.0013184631576628819,0.004533916595020587,0.0006116017964238108,0.033583094227959506,0.0008326357150818355,0.08994484865311766,1.200534383557918e-07,0.0007383179971288352,0.574882944862423,2.277546058595795e-05,2.0228797160027205e-06,0.0005885143892520239
70,0.014633745592075142,0.03562498698477787,2.9339500797830464e-06,0.006191929672584191,0.0003127671405428233,0.0006387338129369431,0.010083379504982792,0.026231741092642178,0.0013881933212276914,2.8179500040268434e-05,0.18969006610256609,0.018799311418916862,0.0006684794189066293,0.0007567905500902181,0.007851037769304771,0.00024057871788211416,0.021866563395640727,0.00031921381424772783,0.058785686499452185,6.562923271058268e-08,0.0002609552269033951,0.6051385321580237,1.634762503983643e-05,1.5733488875011058e-06,0.0004682077530157904
71,0.007856485164812521,0.06707711516391775,6.690053780945697e-06,0.0037140199336380556,0.0005272876274079334,0.0003902682037016934,0.019816118635143418,0.040813700355398226,0.003474525014784827,7.72436530253645e-05,0.15664315164545017,0.02238649803635063,0.0010621340727492658,0.004485499807738734,0.0035451634590683966,0.0005190471921406962,0.024165778781170936,0.0010078805738804378,0.08277718463527439,2.525053537383808e-07,0.0014067589800446532,0.5572211564822757,2.6628943880498385e-05,4.285519569507638e-06,0.000995125559441466
72,0.007798494841448859,0.026416108684837406,1.433415429194153e-06,0.002794503799719881,5.9322144520686494e-05,0.000678442186909907,0.014161002917318479,0.02732226892538301,0.0005814344554159081,2.7416553068874413e-05,0.07125594721102875,0.011952243167726655,0.0007267261421026574,0.00018847658683178976,0.006983348717576084,0.0006460816433646676,0.017945264032372787,0.00021609203049838513,0.12156623333740796,4.7691438068612455e-08,0.00018040165109103022,0.6882524506104256,5.831798140462601e-06,5.852610175020025e-07,0.00023984219492533167
