,0,1,2,3,4,5,6,7,8,9,10,11,12,13,14,15,16,17,18,19,20,21,22,23,24
0,1.9639607058294305e-05,0.0001248000131217017,6.855794088855908e-06,4.691928641879518e-06,3.440091543278276e-07,0.0008097557997903725,0.00019035966645224005,0.000378001938231862,0.00028762894591503906,0.00015106686919804166,0.00014708649616277018,3.7057255641121534e-05,2.8791754739015872e-05,9.501159434841214e-05,0.0024400720331836613,0.0001240160543361221,0.046359868253835694,1.2286071146484217e-07,0.0022978478731372895,3.9675280493629927e-07,0.00014467508991743022,0.946321642293303,2.7335436677002157e-05,2.2251840337010346e-07,2.7091611461677597e-06
1,3.0445614331457955e-05,0.00015895792697430324,7.471136464993044e-06,6.171427454020339e-06,4.869636692039977e-07,0.0007100544483630244,0.00022490945864603895,0.0005187593031754215,0.000623893033108556,0.00020863949896707793,0.0001628614058009343,3.2476843724610474e-05,3.450624334095162e-05,9.113820620182528e-05,0.002324100284951576,0.00017573715881048324,0.058117715365758056,1.3382965744679794e-07,0.002533744483062126,3.502802171387442e-07,0.00010612981565804184,0.9339012184034557,2.6697265227497312e-05,2.9061467684035595e-07,3.1109883028002306e-06
2,1.4573949391728715e-05,7.862166875107729e-05,4.444699574599004e-06,3.1434721196483824e-06,3.1826929104213864e-07,0.0003456470549597027,0.00014691900493727427,0.0002821431331587329,0.0003431212760032159,0.00012562195317932548,9.18945739449612e-05,1.6053840290960196e-05,1.36183105954213e-05,8.107838773532708e-05,0.0021568775034568497,6.112522056412265e-05,0.02536786420397072,8.057363933734161e-08,0.001369082993408914,3.260274565784648e-07,8.017011650553513e-05,0.9693899363852587,2.372369179247231e-05,2.0034658482961897e-07,3.413343428865415e-06
3,2.0524939884427088e-05,0.0001314179309283456,6.612970274378035e-06,5.192299817430076e-06,3.717152726117243e-07,0.0005697781099039222,0.00017991514265128196,0.0003413100027769073,0.00030560306717110456,0.00012879039786637599,0.00016004700707205477,3.638948357761064e-05,2.7473511363346855e-05,0.00010442047925152328,0.0022257334643920445,9.646556383596923e-05,0.05052728615198244,1.3324002498605943e-07,0.0016973958476842873,2.789416907563002e-07,0.00012602833016785628,0.943280434862191,2.5148996145593598e-05,2.145927485471981e-07,3.0329513252938183e-06
4,2.0177462519235378e-05,0.00015390297544108425,6.846138865655125e-06,5.377419573281352e-06,4.1210967926624655e-07,0.0005560759948758509,0.0001777099674781807,0.00033152960972095396,0.00030012197182136577,0.00012171758609644601,0.0001831930691027353,4.6939025212843375e-05,3.652241474637566e-05,0.0001171840317593622,0.0019130095556004444,9.571473871583064e-05,0.055250651626366484,1.4883679194636461e-07,0.001747295001702307,2.7060453705261673e-07,0.0001263576891090804,0.9387817910639484,2.3906212664105426e-05,1.958156764071279e-07,2.949077995425244e-06
5,2.624186535241977e-05,0.00010280412715008994,7.075339365280679e-06,7.2345053463899e-06,3.4787221053457893e-07,0.0005087567587955508,0.00019014321240086693,0.0003728855207871338,0.0003188412599303567,0.00016167144800639652,0.00015936876782186163,4.100844642474894e-05,2.738975274065141e-05,0.00012551468580458813,0.0018348498635256218,0.00011013081436855031,0.06272148193599643,2.44061405334382e-07,0.0013168219701458442,3.681419209606078e-07,0.00013467963407806313,0.9317993992727012,2.858383941667948e-05,3.035120582979109e-07,3.853392246448414e-06
6,2.0524939884427088e-05,0.0001314179309283456,6.612970274378035e-06,5.192299817430076e-06,3.717152726117243e-07,0.0005697781099039222,0.00017991514265128196,0.0003413100027769073,0.00030560306717110456,0.00012879039786637599,0.00016004700707205477,3.638948357761064e-05,2.7473511363346855e-05,0.00010442047925152328,0.0022257334643920445,9.646556383596923e-05,0.05052728615198244,1.3324002498605943e-07,0.0016973958476842873,2.789416907563002e-07,0.00012602833016785628,0.943280434862191,2.5148996145593598e-05,2.145927485471981e-07,3.0329513252938183e-06
7,3.104012148957911e-05,0.00023232061075911838,1.5531193575215266e-05,6.114449982730164e-06,4.4189370066723826e-07,0.0005927863008560489,0.00020635780435796286,0.0005947869059736197,0.00023394024251082048,9.765136146202035e-05,0.0002826580582335675,5.3420208817046784e-05,8.068269698988936e-05,7.212382793776377e-05,0.0023656960887556977,9.55234078284371e-05,0.05952286976402555,1.206349827604713e-07,0.003203477277709121,2.0709503805039615e-07,0.00012905439358344012,0.9321674366231887,1.4160774734244743e-05,2.0625880578672275e-07,1.3920047021916807e-06
8,1.7052093357030963e-05,6.522841488420553e-05,5.497603791547287e-06,4.973812883332379e-06,3.031894992364971e-07,0.00026970005143092565,0.0001409803061361891,0.00018335716606460064,0.00041651247895822563,0.00018733899942843782,0.0001138283854878941,9.771051628117851e-06,7.808457125774705e-06,0.00011221931795956452,0.0030081850098040977,4.9197196644970086e-05,0.02470666563676259,9.94774182822239e-08,0.0006484087266733654,2.5214617536427773e-07,8.116744024524437e-05,0.9699431911737003,2.2391232981820457e-05,6.045453445491549e-07,5.266085614131994e-06
9,1.7353007955222687e-05,5.600905086680279e-05,8.305402310020593e-06,6.5529566634727645e-06,2.594321167127421e-07,0.0004294249233625956,0.00010669654898181702,0.0003171197074680002,0.00030698779130272245,0.00018906427222920854,0.00012991570315435875,1.4880014810860276e-05,1.6096614967712885e-05,0.00010087713518256297,0.002141248783841299,8.084425813548375e-05,0.040873579441501516,1.0509929785039499e-07,0.001076583377464543,3.667689011244112e-07,9.791737206829987e-05,0.9540034690108431,2.3606500404853717e-05,4.716479429392593e-07,2.2651782268444757e-06
10,2.0524939884427088e-05,0.0001314179309283456,6.612970274378035e-06,5.192299817430076e-06,3.717152726117243e-07,0.0005697781099039222,0.00017991514265128196,0.0003413100027769073,0.00030560306717110456,0.00012879039786637599,0.00016004700707205477,3.638948357761064e-05,2.7473511363346855e-05,0.00010442047925152328,0.0022257334643920445,9.646556383596923e-05,0.05052728615198244,1.3324002498605943e-07,0.0016973958476842873,2.789416907563002e-07,0.00012602833016785628,0.943280434862191,2.5148996145593598e-05,2.145927485471981e-07,3.0329513252938183e-06
11,2.043131293950412e-05,0.00014011712400208823,6.8894416009053755e-06,5.438563958996408e-06,3.813362268528646e-07,0.0005885907734334401,0.0001849861061536471,0.00037200489064364705,0.00030412352527453324,0.00012504060025412156,0.00016509303747133636,4.1076371961278765e-05,3.328631630703993e-05,0.00010537621753185976,0.002075853014373655,0.00010233791926958932,0.0550132631508275,1.3821401459392295e-07,0.0018017205309460802,2.825963404364233e-07,0.0001234154251549226,0.9387626031352306,2.4514108824642504e-05,2.0095106917196245e-07,2.8353361895159503e-06
12,2.1284907713810774e-05,0.00014902844081139267,6.721609347048232e-06,5.491087931608623e-06,4.444809704775942e-07,0.0006304949157038488,0.0001921563416190375,0.0003199192611423302,0.000328482238132016,0.00013165973380701952,0.00017390549199203912,4.207663982698652e-05,2.875193815677059e-05,0.0001252643055606181,0.0023180442425866305,0.00010091599543347366,0.05202964593986723,1.548206203856268e-07,0.0017131133740617257,3.0862993968134364e-07,0.00013698215974003734,0.9415120141418237,2.921594046288872e-05,2.2306721945728301e-07,3.7002955298817314e-06
13,2.081726931421777e-05,0.000135625633920462,6.787138878889273e-06,5.3466022653873344e-06,3.878131936405368e-07,0.0005669177627734486,0.00017859057848211346,0.0003367560562249609,0.00030116576124852027,0.0001262268555871925,0.00017581793863224177,3.8112063743983565e-05,2.8988127392875153e-05,0.00010814833450461496,0.0022852392101384675,9.651214387729778e-05,0.05114339391531784,1.3514119980298314e-07,0.0017262921826253798,2.7335559392963397e-07,0.00013001917235970807,0.9425595289203059,2.570147187858843e-05,2.191439031569589e-07,2.9974066372581995e-06
14,4.794077206087528e-05,0.0020737548404877837,1.520950569974491e-05,3.325458594873813e-06,2.1450233496018712e-06,0.003285440454430573,0.00032325962281742887,0.00033110550726596507,0.0001751232992708661,0.00010405589153557168,0.0008025814404784505,0.000602549858545408,0.0002582240959287124,0.0002029885366197664,0.0031259550915543957,0.0002817070310850025,0.062161117301871245,2.3225049821917077e-07,0.022143462992609046,2.8836934452457035e-07,0.0005043993756858576,0.9035280733432367,2.432827547878674e-05,6.950889151348934e-08,2.662152659139683e-06
15,2.0524939884427088e-05,0.0001314179309283456,6.612970274378035e-06,5.192299817430076e-06,3.717152726117243e-07,0.0005697781099039222,0.00017991514265128196,0.0003413100027769073,0.00030560306717110456,0.00012879039786637599,0.00016004700707205477,3.638948357761064e-05,2.7473511363346855e-05,0.00010442047925152328,0.0022257334643920445,9.646556383596923e-05,0.05052728615198244,1.3324002498605943e-07,0.0016973958476842873,2.789416907563002e-07,0.00012602833016785628,0.943280434862191,2.5148996145593598e-05,2.145927485471981e-07,3.0329513252938183e-06
16,1.9298447051077584e-05,8.786001889507751e-05,4.741867044450726e-06,4.9602982622956065e-06,2.699366384486672e-07,0.00038692408527913935,0.00016604183534305844,0.00022076611608942297,0.0001465029873405133,0.0001755873148560152,0.00012722990644312433,5.8960352468080694e-05,1.8751104002659333e-05,0.00013575680247499667,0.0012834413283946777,8.827944071925678e-05,0.04709350864040393,3.126780529803057e-07,0.001087048184787684,3.198151429060586e-07,0.0002469667834143921,0.9486210066518971,2.1022372371608815e-05,1.6467029085519908e-07,4.278362336390537e-06
17,2.013844905343857e-05,0.00011651666544428151,4.223929452487876e-06,3.850426921158158e-06,2.815573567524259e-07,0.0002781972781963058,0.00013672004561571564,0.0002761788293234626,0.00016783235761014777,8.166734957730501e-05,0.0001204851374310418,8.055320878255437e-05,3.315551769469939e-05,0.0001309726263827641,0.00079267361336991,6.0721378044226705e-05,0.059417821546658235,3.0379004227154684e-07,0.0012329827345577355,2.666804257156846e-07,0.00013588017060466078,0.9368806110225629,2.382876672156224e-05,9.897397210901495e-08,4.037944198471205e-06
18,1.5386444849760054e-05,8.9207193354256e-05,2.010853792718351e-06,1.8610064328296653e-06,1.282057094704032e-07,0.00024285832726211523,0.00011282463920158652,0.0001555744486260134,0.0002081376921203578,9.565503094462099e-05,6.52750925586417e-05,3.9272667118277916e-05,1.4312119567483016e-05,9.568569815755856e-05,0.0006853926942185102,4.360506652607016e-05,0.052207553981803115,1.973608107571659e-07,0.0007651522283763458,1.9476272478218594e-07,6.979144523337717e-05,0.9450673435035625,1.7365936436608826e-05,9.681700039879014e-08,5.1167836120092675e-06
19,1.9600525920828814e-05,0.000147761227968867,8.425765158258403e-06,5.716113489171693e-06,4.6394459087844356e-07,0.0004550759323862763,0.00019027472354683262,0.0004368468588097553,0.0002578732868442757,0.00010140999893147725,0.00015725693432379868,4.9773267000502456e-05,4.0154197224932975e-05,9.793890971504294e-05,0.0018112594055188051,8.763121521695384e-05,0.048245548572112926,1.4416384708243623e-07,0.0019239343166946197,2.5799597770281386e-07,0.00012087536734166873,0.9458213475401925,1.795720469082105e-05,1.5497687107310125e-07,2.3175556246845255e-06
20,9.776137323339128e-06,7.336098947130039e-05,5.190951489340068e-06,3.2398361076204687e-06,2.2370079155990488e-07,0.0003224700328519446,0.0001395575869079587,0.0002985664299393019,0.00015201395523426186,7.718147048429302e-05,0.00011613302993808379,1.5392273033265574e-05,1.3487426062890155e-05,5.436568436981774e-05,0.0033157597136763924,4.553519816679893e-05,0.022679737788408084,4.382403954510411e-08,0.0013650846095012925,1.6731473008048432e-07,0.00011871067026080541,0.971175336872405,1.6867877072129943e-05,1.468430740374189e-07,1.6497846608860773e-06
21,3.16019853262661e-05,0.00019942520950919727,7.748027550922133e-06,6.576403128926829e-06,6.53007194043295e-07,0.0005525834108151562,0.00015547919832678797,0.0002769016230002693,0.00029994838640172374,0.00019678573347517743,0.00025274169556873907,7.655105420062777e-05,3.489188752740076e-05,0.00017031994053127384,0.0017591265567977908,0.00011904524136424388,0.054268130903525995,2.726649370840179e-07,0.001957715406918176,3.3225455552387837e-07,0.000240694240345071,0.939361395914059,2.6692754190439038e-05,2.569979497801612e-07,4.129502800437902e-06
22,2.0264252307162882e-05,8.271235311939542e-05,7.220804529573804e-06,6.342110735450607e-06,2.427260140735691e-07,0.0004637060645466243,0.0001227501575771443,0.00030403773766503783,0.00019620034227867036,0.00014965396773696174,0.00017312685267377117,3.799571169553907e-05,2.431326011595423e-05,0.00010180515635430108,0.0016870157396014136,9.377197784853998e-05,0.06563904616878977,1.6830879149364594e-07,0.0012363173055715292,2.5884221377007406e-07,0.000149204347462436,0.9294816599981823,1.984197439466521e-05,2.4950707813981253e-07,2.0943327162696988e-06
23,2.0524939884427088e-05,0.0001314179309283456,6.612970274378035e-06,5.192299817430076e-06,3.717152726117243e-07,0.0005697781099039222,0.00017991514265128196,0.0003413100027769073,0.00030560306717110456,0.00012879039786637599,0.00016004700707205477,3.638948357761064e-05,2.7473511363346855e-05,0.00010442047925152328,0.0022257334643920445,9.646556383596923e-05,0.05052728615198244,1.3324002498605943e-07,0.0016973958476842873,2.789416907563002e-07,0.00012602833016785628,0.943280434862191,2.5148996145593598e-05,2.145927485471981e-07,3.0329513252938183e-06
24,2.5702894064198485e-05,0.00018750369748891954,8.84687212994595e-06,9.993568006110307e-06,8.185861880959232e-07,0.0006558003917937947,0.00021881764662790536,0.0004370410498465681,0.0003935795761745523,0.00014651249953405706,0.00026826885831505103,7.44091521954484e-05,5.735030835742346e-05,0.0001973865827627867,0.0020667769160931018,0.00016036617413081274,0.06786575717928905,2.4817390965778453e-07,0.0020103320393443994,3.6992157039911017e-07,0.00016227541740824526,0.9250121651987797,3.574511761300973e-05,2.525672324221377e-07,3.67961114404907e-06
25,2.825355448276836e-05,9.873266749373887e-05,8.686309655634172e-06,9.104217187887036e-06,4.2858337272665177e-07,0.0003668864684506255,0.00023406801010554117,0.0006752860421933664,0.00022595499049492265,0.00013034578403936517,0.0002490531171818579,4.592015421298804e-05,4.709543379837635e-05,8.989617875346449e-05,0.0023051964175141494,0.00013583188815213066,0.05384676985027492,1.899696193281315e-07,0.002194626419665361,2.910229106209999e-07,0.00017988157044450216,0.9390999790152248,2.52925306060084e-05,2.146842799683401e-07,2.015119884932503e-06
26,4.731340945416897e-05,0.00017266227880793577,9.343244632403922e-06,9.174711379010466e-06,5.309862803485682e-07,0.0007553031354155909,0.00020667654926897024,0.000574879278740679,0.0009778133392929261,0.00016139140519408755,0.00021129453354413425,2.9578133337209106e-05,3.370586461412062e-05,0.0001071772374381976,0.002862221956966638,0.00013323385764183674,0.08468068498892388,1.7323804564169227e-07,0.0018284493391267052,4.111603481924574e-07,0.00010299837689485577,0.9070359080239686,5.359276163021763e-05,6.262425162601517e-07,4.855946537435084e-06
27,1.235048796347332e-05,8.518685846524172e-05,3.879371815329713e-06,2.7774307823852555e-06,2.415340313319144e-07,0.00036107642170875065,0.00014264056082401234,0.00023042936930131502,0.0003263322190217612,0.00011436904357430184,8.972063839865163e-05,1.5876633170539042e-05,1.3152776940513124e-05,7.29045051196146e-05,0.002075003462654655,5.623796273298565e-05,0.02955851004077174,6.702635343940279e-08,0.0011241663208953114,2.2699077222085076e-07,6.691710757226164e-05,0.9656267975309739,1.8013279910993342e-05,1.8700624721719325e-07,2.935419998007247e-06
28,2.0524939884427088e-05,0.0001314179309283456,6.612970274378035e-06,5.192299817430076e-06,3.717152726117243e-07,0.0005697781099039222,0.00017991514265128196,0.0003413100027769073,0.00030560306717110456,0.00012879039786637599,0.00016004700707205477,3.638948357761064e-05,2.7473511363346855e-05,0.00010442047925152328,0.0022257334643920445,9.646556383596923e-05,0.05052728615198244,1.3324002498605943e-07,0.0016973958476842873,2.789416907563002e-07,0.00012602833016785628,0.943280434862191,2.5148996145593598e-05,2.145927485471981e-07,3.0329513252938183e-06
29,2.0524939884427088e-05,0.0001314179309283456,6.612970274378035e-06,5.192299817430076e-06,3.717152726117243e-07,0.0005697781099039222,0.00017991514265128196,0.0003413100027769073,0.00030560306717110456,0.00012879039786637599,0.00016004700707205477,3.638948357761064e-05,2.7473511363346855e-05,0.00010442047925152328,0.0022257334643920445,9.646556383596923e-05,0.05052728615198244,1.3324002498605943e-07,0.0016973958476842873,2.789416907563002e-07,0.00012602833016785628,0.943280434862191,2.5148996145593598e-05,2.145927485471981e-07,3.0329513252938183e-06
30,2.0524939884427088e-05,0.0001314179309283456,6.612970274378035e-06,5.192299817430076e-06,3.717152726117243e-07,0.0005697781099039222,0.00017991514265128196,0.0003413100027769073,0.00030560306717110456,0.00012879039786637599,0.00016004700707205477,3.638948357761064e-05,2.7473511363346855e-05,0.00010442047925152328,0.0022257334643920445,9.646556383596923e-05,0.05052728615198244,1.3324002498605943e-07,0.0016973958476842873,2.789416907563002e-07,0.00012602833016785628,0.943280434862191,2.5148996145593598e-05,2.145927485471981e-07,3.0329513252938183e-06
31,3.6620504179380684e-05,0.0001353393213756048,1.0069381904284756e-05,5.444255723934441e-06,3.7061089715997544e-07,0.00041587196715731366,0.00017766891214517853,0.0006630368485432756,0.000275586156814512,0.00011981457015040587,0.0001246683151593359,4.637172621938846e-05,3.8589381943485275e-05,7.257859419209574e-05,0.0015166035891423573,9.628504196260283e-05,0.05642083350177851,2.0217060487861212e-07,0.002478494564262119,3.355889914015248e-07,0.00013239720398885925,0.9372086210215099,2.1220709524565996e-05,1.8386007937693906e-07,2.792201750144996e-06
32,1.8512837794830603e-05,0.00012599178660344614,6.222700316111262e-06,4.3682572417510586e-06,3.555029298715569e-07,0.0005469578223146779,0.0001696928539074914,0.0003366942039894423,0.0002744802436876263,0.00011700567495318095,0.00014774971960447814,3.502910312225582e-05,2.6479284361793032e-05,9.435255653269667e-05,0.002184016225372887,9.050089615799363e-05,0.04457089457680009,1.1427562503702999e-07,0.0018931204811055032,2.7644876190973427e-07,0.00011995345070954531,0.9492105398145512,2.3746971585248052e-05,1.8263491645762996e-07,2.761677054519988e-06
33,1.5633610303586098e-05,0.00010416465068720692,4.58434150506366e-06,4.027687464594324e-06,2.0900008430131656e-07,0.0004375209267429431,0.00015907096945585417,0.0003378073411959017,0.00023674058174497496,0.00010860696509734957,0.00011116397730538821,4.661750355134119e-05,3.879703507968281e-05,9.120215919407745e-05,0.0009859640421351946,9.680839769837115e-05,0.06881883546840209,1.522301816095599e-07,0.0013674993186135538,2.2670387530962065e-07,7.33992751213308e-05,0.9269442162104834,1.4657180864321818e-05,1.1647526323455281e-07,1.9779479492804627e-06
34,3.677572590447825e-05,0.00019625887074075596,7.2666063630055645e-06,2.510745594252159e-06,5.395207879185231e-07,0.0002627780006157488,0.00011924079810100273,0.00031606539141903166,0.0004007653521179844,0.00010138097031810831,0.0001890975042792519,2.6850639656662753e-05,2.7897699001355117e-05,6.756190786909074e-05,0.001915829331892923,5.03462815203523e-05,0.02580691904371519,8.361755208870319e-08,0.0035618766371385163,1.987989426656806e-07,8.483147365662681e-05,0.9668029928266884,1.8619204410417486e-05,2.1387828349052914e-07,3.099173430820317e-06
35,5.570765210185724e-05,0.00012635198232800382,4.931595497552726e-06,4.052499605241887e-06,2.0123410640751457e-07,0.00023866126051233546,0.00017755333997249539,0.0006825078592178937,0.00043323903441571564,0.0001522206229680688,8.464570511283204e-05,4.828175278097311e-05,3.424089951203758e-05,5.121939810516783e-05,0.0007102956883402227,0.00010379187416223927,0.08171639135733365,2.933643385339347e-07,0.0018319148534996115,2.2514400700582366e-07,7.315294891323809e-05,0.9134540600380303,1.2910890816824525e-05,1.5290435908424027e-07,2.9960999628343534e-06
36,0.00019939047753002017,0.0010172779289129158,0.00013918336377453014,4.070767846989096e-05,1.4358849463988319e-05,0.0021486171282996255,0.00037661851215640095,0.0002546564059144405,0.0004817793799221898,0.0006103718992621765,0.004839586810153468,5.670005468593612e-05,3.616306895514908e-05,0.000576552095037088,0.046380888889655296,0.00011903290341098656,0.014914208456538326,3.913233345360575e-07,0.00894135575714823,9.301012266737377e-07,0.004789711090046501,0.91387408152908,0.00016152446985286988,7.3903893307637294e-06,1.852143783805415e-05
37,4.2827686267886765e-05,0.00011533046357265941,1.1234250636613585e-05,9.235836717341047e-06,4.0598580949252455e-07,0.00044993809390294373,0.00017607310969965703,0.0003485019971861867,0.00030074843248224694,0.00018047127541202733,0.00025479267263640106,4.366548445781056e-05,3.0069728727674757e-05,0.00013940148257353806,0.0021702871614724954,0.00010238573608369404,0.06708381687037981,3.2113402069241713e-07,0.00145661019489654,3.333938291397948e-07,0.00015168080269136293,0.9269010133862876,2.6348301345071664e-05,5.551294563390766e-07,3.951389454728682e-06
38,2.016581440066752e-05,0.00014039084004391044,7.449758179744632e-06,5.661052825444821e-06,3.556249520740345e-07,0.0010576624069835953,0.00025636020097216373,0.0004753689092321443,0.0002474428836396311,0.0001352676771702313,0.00018063571346635252,4.584935132605998e-05,3.8991169240049004e-05,9.454889519260666e-05,0.002987097199778104,0.00017359550491823924,0.05961116184375039,1.299730107941635e-07,0.0027292477064378407,3.5565056557139294e-07,0.00017222861996630796,0.9315859468577562,3.1452861144888e-05,1.8218987654300582e-07,2.4512951706932298e-06
39,2.009663832597609e-05,0.00012463085907229066,6.426334642012475e-06,5.203488899553688e-06,3.52642845884816e-07,0.0005803008467532741,0.00018829464467333144,0.0003654581298605101,0.00029227621818243686,0.00012771865306190745,0.0001492971023604455,3.605874881062859e-05,2.705592773117403e-05,9.852294060972167e-05,0.002234490899135284,0.00010023072907237832,0.050833923535532836,1.3269643881564232e-07,0.001725871800489634,2.878540343262104e-07,0.00013170441248422257,0.942922496456492,2.593044608536853e-05,2.0147203888069835e-07,3.036522366948941e-06
40,1.0403933029187059e-05,0.00017572870598001275,8.882278196628251e-06,1.9895144879786482e-06,4.904343761872313e-07,0.0005446217438800234,9.800573184064452e-05,0.00013400901408185464,0.00012699678477954247,7.06076533823631e-05,0.00013233303276180712,4.086118216710425e-05,1.8312800077451468e-05,0.00010517398611689332,0.0023479061009328075,3.7947824808662316e-05,0.02043482509835212,7.065016097267195e-08,0.0020011841858289473,2.1350280523395506e-07,0.00011146589258584367,0.9735845601043323,1.1123385849765106e-05,1.1421502415277191e-07,2.172244161678055e-06
41,3.650865517091448e-05,0.0006459576886769633,1.627105721291996e-05,1.8187439392916373e-05,1.8641321502793572e-06,0.002428835795074869,0.00036983413265934427,0.0007664509695863656,0.0027914520975430386,0.0002911767555139264,0.0002930019729117065,4.3654388274091995e-05,8.34486140881696e-05,0.0001970212178644432,0.004315549195861803,0.00032099858171339037,0.11513578308783806,1.2776538236330047e-07,0.0022274089091825844,3.8955878858068307e-07,0.00011065372102903079,0.8698561975274397,4.427829088532443e-05,5.535925058427102e-07,4.394853253210889e-06
42,0.0005949340028014783,0.0020055180223772454,2.446408894428977e-05,0.0003855644984732273,1.3926724488873069e-05,0.013795707118857614,0.002259505245836404,0.00013081124567190124,0.01214192823035566,0.0009707105850080647,0.006074288416582694,0.0002857734341489303,0.0001978407977487483,0.009315898056747412,0.00838824976907748,0.0015795278903899814,0.7372274967181727,2.7886005248990316e-05,0.00037372731497728326,1.639143321477936e-06,0.0003821744221138163,0.20172993922512433,0.0016404785839004132,2.4584439651924086e-05,0.0004274260199792975
43,2.759639555338692e-05,0.00020594678304520432,8.53273019960759e-06,6.740437498178766e-06,5.178423750934307e-07,0.0006610130122233585,0.00023064025070691261,0.000383583790232667,0.0003009016775066158,9.979396476718878e-05,0.00024659775045272203,6.888104549292168e-05,4.562485886187655e-05,0.0001340230585620561,0.002546768105050528,0.00011209807182639026,0.06912815566281356,2.050404727071432e-07,0.0020181891630633784,2.5165910099355534e-07,0.00015351719474012354,0.9235862597379574,3.0261722216358363e-05,2.150188536433069e-07,3.6850264272805446e-06
44,2.0524939884427088e-05,0.0001314179309283456,6.612970274378035e-06,5.192299817430076e-06,3.717152726117243e-07,0.0005697781099039222,0.00017991514265128196,0.0003413100027769073,0.00030560306717110456,0.00012879039786637599,0.00016004700707205477,3.638948357761064e-05,2.7473511363346855e-05,0.00010442047925152328,0.0022257334643920445,9.646556383596923e-05,0.05052728615198244,1.3324002498605943e-07,0.0016973958476842873,2.789416907563002e-07,0.00012602833016785628,0.943280434862191,2.5148996145593598e-05,2.145927485471981e-07,3.0329513252938183e-06
45,1.5482963084551333e-05,8.384401563522061e-05,8.800374175186183e-06,6.336356093684199e-06,2.8571155738750033e-07,0.0008501250961626495,0.0003334774818132326,0.0008181792469536753,0.00027250660008833004,0.00013266124939233486,0.0001259703342882516,1.7427434490137002e-05,2.666643898017184e-05,5.0797165258166935e-05,0.005405720992611418,0.00016496360463437456,0.03924961561617553,6.040195161838791e-08,0.0025495620904192684,3.249241263396227e-07,0.00011497990044495669,0.9497487656145028,2.175796831952804e-05,2.1526731836674264e-07,1.4731515228590643e-06
46,1.7995641675834893e-05,0.00014790471231653616,6.169080763896647e-06,4.137093408855966e-06,5.576572096334238e-07,0.00047449672175922105,0.00020368335170349347,0.0002597393192963522,0.0003441538841316018,0.0001337194847114042,0.00016319467469799037,2.967606821831847e-05,2.219654400474613e-05,0.00011961096324278508,0.002706670236242814,7.89531879228022e-05,0.029114911737813668,1.1192854125983346e-07,0.0018250168200082757,2.83530813955538e-07,0.00012271450023464063,0.9641951377321214,2.466938032678091e-05,2.0696114857777536e-07,4.088787685019326e-06
47,1.4862018582259786e-05,9.506251847568942e-05,1.972749091405457e-06,5.637595203518147e-07,7.547910734974163e-08,0.0001395601491173491,7.684921179532396e-05,0.00020259627339689134,0.0001149740368786847,5.831437337204761e-05,2.9999024333281804e-05,3.546650795561521e-05,1.2611699963874993e-05,2.3017832385323446e-05,0.00045380104522082707,2.765298577941736e-05,0.02785863082951094,7.523271205645506e-08,0.0016511020663987708,1.070627618470763e-07,4.213956531646153e-05,0.9691549532378047,3.956573329749687e-06,3.364202334034586e-08,1.6221251667091236e-06
48,2.130058566336559e-05,0.00015844477887068826,6.776135507855156e-06,4.937143842099216e-06,2.516340654646316e-07,0.000888086887248406,0.0002193500860394049,0.0005842376324333211,0.00030065013243734187,0.00010457585576013096,0.00013486132241440242,4.4177643433629335e-05,4.518501660087722e-05,6.908926722437494e-05,0.0020328792059776646,0.00013179787057269503,0.08228330647173829,1.0773203788909335e-07,0.002505530548164537,2.545438108612136e-07,0.0001090269620900014,0.9103304521951948,2.2678523212799287e-05,1.388855483930534e-07,1.902940110694939e-06
49,1.0699273106322229e-05,0.0001032595594341813,6.41225224438138e-06,2.795663205637547e-06,2.1520728596027485e-07,0.0005190256827103875,0.00010523219315636776,0.0002040746266297621,0.0001349518065204546,8.68425579208237e-05,9.91359529036042e-05,3.924220582336907e-05,2.0778255291432728e-05,8.168237207639414e-05,0.0014419838992042057,5.130582325450502e-05,0.03950316575081434,9.545665270556022e-08,0.0013426884210686755,2.321994946423693e-07,0.00010546779640669749,0.9561270562621683,1.1817489722490616e-05,1.180956199615722e-07,1.7211972843190392e-06
50,1.0100187763238507e-05,4.15787495826061e-05,1.6085017985637598e-06,1.129367597643466e-06,1.248278635793253e-07,0.0001003226878754877,0.0001999150493140095,0.0002097372739073924,0.00021940806594979045,0.00013411359313591858,3.327121941574908e-05,7.069900075069966e-06,6.582384213860353e-06,3.9246315521305945e-05,0.0011816036935644043,3.4937231716891566e-05,0.011545353890203955,5.748913213588127e-08,0.001028107158414986,1.710640530237851e-07,3.881026469059235e-05,0.9851550211844853,7.93934761601587e-06,8.315726299557241e-08,3.707394845404176e-06
51,2.2986901390052097e-05,0.00021703869517978477,1.1585041664856683e-05,1.143920313995594e-05,4.869597178569449e-07,0.00041408153044309516,0.00015764476512800598,0.00046168919163867736,0.0005655335666768993,0.00015807096373477423,0.00020700691370904961,3.392712183449491e-05,4.7462593535752306e-05,0.00010731841385103519,0.0016894626790349178,7.510348934347037e-05,0.07106775774135657,1.080776598327963e-07,0.000924936726774591,1.3427781887060837e-07,9.682006514184069e-05,0.9237175485288485,1.0095830329582815e-05,3.1630804759335993e-07,1.4444139999614067e-06
52,2.2488081600997165e-05,0.0001192723151713746,7.1669826463550035e-06,6.0421139114703086e-06,3.723376962375516e-07,0.0005882539656297141,0.0001806855479181367,0.00035422259519032846,0.0003183980228223132,0.00014797537375783138,0.00017748625210997794,3.6071436757706676e-05,2.9181870159917683e-05,0.00011158606998266039,0.0022192808725733713,0.00011042492487553844,0.054883521322436804,1.5384720708652283e-07,0.0016489727718321458,3.122410436037392e-07,0.00012555065430102066,0.9388831320521842,2.621723895565557e-05,2.6337095609699605e-07,2.967738279301752e-06
53,1.6281098688521157e-05,8.207124862023561e-05,3.4957172110904226e-06,6.41706718423808e-06,3.2881258278815626e-07,0.0005669984713993665,0.0006135379758016133,0.0005493472147487228,0.0005303087652352172,0.00014676288760111125,0.00012241887035469522,1.9379818336939636e-05,2.3525395432521555e-05,9.905808621028823e-05,0.004106039705550042,0.00015969940876973168,0.04191350894694655,1.375672065702199e-07,0.0013745713230728738,4.1245576975132175e-07,9.459614279638763e-05,0.9495163298277917,4.855815909577121e-05,2.3416011725986778e-07,5.980873476312628e-06
54,1.9771339548446137e-05,0.00024799255102097526,2.538328030090637e-06,1.8475723939800142e-06,2.862743098522902e-07,0.0004258669523685588,0.00021768154005257948,0.00022360747112778329,0.0004167947437307621,0.00012462407854185747,7.114701228238212e-05,4.8334957641539955e-05,2.037226686587629e-05,9.097426703460196e-05,0.0012231248397938143,7.905411686515299e-05,0.04410539881265335,1.4066489028066966e-07,0.0015417903590971322,1.6996121181512664e-07,7.276214082961992e-05,0.951045744147492,1.4237856768852116e-05,8.6227476151325e-08,5.651517972523248e-06
55,5.8308390126399215e-05,0.0006401104505022697,5.812046938323412e-06,4.805268632492813e-06,1.0238822917150526e-06,0.00045333631505821935,0.00033636267509359717,0.00028889292605494,0.0006763390337235087,0.00012331916593774083,0.0002155089390415256,0.00026195809700571527,6.191653572242272e-05,0.0001911879489421785,0.0011850092941589107,0.00011461776216165584,0.0842129265079228,7.303648635714985e-07,0.0020709409310984317,2.5346200474911865e-07,0.00015382722747923756,0.9089077936146819,2.2449368733385254e-05,1.587033925164266e-07,1.2411088431933245e-05
56,2.0741317058887933e-05,0.00014509972907864025,6.855328710565711e-06,5.199984096390014e-06,3.9467539838936704e-07,0.0005598986999595965,0.00018609185652908677,0.00035223047932557585,0.0003111424646496446,0.00012373165272242504,0.0001684120664214278,4.0951693307846444e-05,3.267715682707024e-05,0.0001073181432324017,0.002095314200581069,9.644940817083694e-05,0.05220436206370928,1.405500582771539e-07,0.0017788147074027471,2.773285632905309e-07,0.00011990188189181348,0.941616914407997,2.3871939496039923e-05,2.0370840567177916e-07,3.0045564058683673e-06
57,1.1694865967960351e-05,0.00010756196478731729,5.1344834062196906e-06,1.6690755246744646e-06,2.5633979325934526e-07,0.0003219806576444977,8.630893211266003e-05,0.0002660146959335318,0.0001028509547763307,6.147873932012118e-05,8.696876795770548e-05,5.056984063737112e-05,2.265886939479859e-05,5.08473738603769e-05,0.001119313910562834,4.991032664147042e-05,0.027022745226590643,7.056097749938747e-08,0.002838024089749655,1.9755498513630893e-07,0.00011945972224999187,0.9676626845927428,1.0255067706259916e-05,5.44047570545662e-08,1.2889819200271492e-06
58,2.0622136501423697e-05,0.00012040614213845803,7.132838948898412e-06,5.1911284402762e-06,3.528204152560732e-07,0.0005354542684635643,0.00016676249990631715,0.00032140814534941845,0.0003099500675716999,0.00013237476530358203,0.0001666703753134413,3.119534237330996e-05,2.5501566270837345e-05,9.973692564894116e-05,0.0023857229900069205,8.94514207614748e-05,0.047143008503584875,1.2388113289540448e-07,0.0015885448260207656,2.79999774622934e-07,0.0001155177500015499,0.9467077169552555,2.3702634700007373e-05,2.722580864960269e-07,2.8997580295089256e-06
59,1.995708132650309e-05,0.00011091792926350899,7.5465915513186075e-06,5.417060135163336e-06,3.49115143141109e-07,0.0005264928001518641,0.000156034582928945,0.00030484398848683184,0.00030418861313079743,0.00014152811555097165,0.00016409094022588801,2.825422805026103e-05,2.210967193735628e-05,0.0001013962152580463,0.0024868016694910757,8.489309077904906e-05,0.04534064991621527,1.2160740611914694e-07,0.0014687661894933787,2.8828607980935656e-07,0.0001202098510789993,0.9485786606242004,2.3286873805915954e-05,3.066344687145596e-07,2.888323840791471e-06
60,2.0524939884427088e-05,0.0001314179309283456,6.612970274378035e-06,5.192299817430076e-06,3.717152726117243e-07,0.0005697781099039222,0.00017991514265128196,0.0003413100027769073,0.00030560306717110456,0.00012879039786637599,0.00016004700707205477,3.638948357761064e-05,2.7473511363346855e-05,0.00010442047925152328,0.0022257334643920445,9.646556383596923e-05,0.05052728615198244,1.3324002498605943e-07,0.0016973958476842873,2.789416907563002e-07,0.00012602833016785628,0.943280434862191,2.5148996145593598e-05,2.145927485471981e-07,3.0329513252938183e-06
61,2.0863266984410156e-05,0.00011027451233855646,8.184361300825434e-06,5.7754084758310276e-06,3.413934240079532e-07,0.0005485909727616959,0.00015449648258949908,0.0003410180786868225,0.000286356598134935,0.00013611115625214632,0.00016631525459356972,2.943258444729076e-05,2.4040956956490863e-05,9.827431890311195e-05,0.002473314809282825,8.721986888557522e-05,0.048498949469758655,1.2411616322995066e-07,0.0015425183369839938,2.8942840568511366e-07,0.0001254533433949092,0.9453155363347627,2.3577402745401937e-05,2.938209014790507e-07,2.6477228662996784e-06
62,2.0524939884427088e-05,0.0001314179309283456,6.612970274378035e-06,5.192299817430076e-06,3.717152726117243e-07,0.0005697781099039222,0.00017991514265128196,0.0003413100027769073,0.00030560306717110456,0.00012879039786637599,0.00016004700707205477,3.638948357761064e-05,2.7473511363346855e-05,0.00010442047925152328,0.0022257334643920445,9.646556383596923e-05,0.05052728615198244,1.3324002498605943e-07,0.0016973958476842873,2.789416907563002e-07,0.00012602833016785628,0.943280434862191,2.5148996145593598e-05,2.145927485471981e-07,3.0329513252938183e-06
63,2.0528543283378023e-05,0.00014260527870278423,6.474177322352756e-06,4.884809835237392e-06,3.7694030767308635e-07,0.0005590285225300001,0.00017923764322112882,0.00032959865601820895,0.00031260006554823005,0.00012521619119648656,0.00015833184497619996,3.714757181384049e-05,2.7612292415884024e-05,0.00010319680808447502,0.002191662285147283,9.17353746137371e-05,0.0496524613592625,1.2965329051463448e-07,0.0016947722549422262,2.627935828035603e-07,0.00012200918073479108,0.944212979628053,2.386085017365666e-05,2.0578373748397695e-07,3.0814912062879265e-06
64,1.965933972935302e-05,0.0001315507395902417,7.395983092946916e-06,5.421097382192703e-06,4.134296422808446e-07,0.0005623310247280725,0.00017703302874755636,0.0003510694397644563,0.00025970913784722973,0.00012950280756300693,0.0001656440800137067,3.6206602292063274e-05,2.509879794375851e-05,9.803457234918788e-05,0.0025095794479784313,8.820470096593308e-05,0.042279564577312814,1.2227229951106236e-07,0.001832556091883189,2.919189431467516e-07,0.00017729393959880964,0.9511140180855117,2.615379867278353e-05,2.1271450873065602e-07,2.9323716388691777e-06
65,1.2569716667431903e-05,0.00011428783148614583,9.90635010374643e-06,5.931299720556568e-06,3.302512061186103e-07,0.0009013213511908925,0.0001844776193493797,0.00038338206748101934,0.00021438304047730929,0.00010775613068808542,0.00017178742751376429,2.1816075717423663e-05,2.2640735945562324e-05,8.061116911156942e-05,0.004917583437883872,8.698214312145451e-05,0.04048250672561573,5.746276772592725e-08,0.0018119049479813846,2.5924247901924716e-07,0.00016455969884132551,0.950277301177124,2.5613858733151282e-05,2.412327373945073e-07,1.7890060559742162e-06
66,2.2910730134237652e-05,0.00013920355620188326,1.033653139574974e-05,8.446971252474853e-06,6.664922265576889e-07,0.00047859614311768456,0.00011696052208765291,0.00023679490730419247,0.00022601560663424578,0.00020984594613765136,0.000294032940414934,6.313029703486697e-05,3.497213953527488e-05,0.0001799590802463498,0.0017056865295109265,0.00012503411622663213,0.05240057953634757,2.2243797745999696e-07,0.0015693130256833625,2.738654812339192e-07,0.00021800987009371964,0.9419370228277031,1.9160438481196274e-05,2.932970671993956e-07,2.5321917038566952e-06
67,1.1989632851288162e-05,9.632739235529191e-05,5.416630948954114e-06,4.408684541741929e-06,2.2656071931067244e-07,0.0009558856932390051,0.00014718507590528378,0.0001832326004105475,0.00017760847415503346,0.00011812770070804107,0.00015293346546295437,3.757890493151015e-05,2.0977384289589563e-05,0.00015049586337166366,0.0023093062484746615,8.193946816268408e-05,0.057734549325038124,1.3923121434874286e-07,0.00114987066960918,3.8069694236658176e-07,0.0001489617585185159,0.9364740805497319,3.47365266532566e-05,2.3343934016638048e-07,3.408022424557262e-06
68,2.6921831724377076e-05,0.000142822826156718,9.498941461404756e-06,1.102885006260581e-05,3.887180688873668e-07,0.0009077024071058733,0.00029889153613996936,0.0005601653363393093,0.0002880366707243084,0.00013842211266927124,0.0002313093465583034,0.00010159068264622608,7.895038411495689e-05,0.00017350818049673928,0.0015840928646179571,0.00017578146770457417,0.11295536300979277,4.4036739909406714e-07,0.0017756580017218055,4.965227509306269e-07,0.00020415385663866836,0.8802918888499899,3.9156288894529476e-05,2.0814550678634595e-07,3.5228007140886736e-06
69,1.3253827513758544e-05,9.455795022203902e-05,6.156149889437458e-06,3.0060542227270898e-06,1.9869975365567254e-07,0.000690394808570775,0.00012005125487477639,0.00025441741993653005,0.00011320456015703096,8.629207661822326e-05,0.00014779102588353084,4.300028315636465e-05,2.7930928873778762e-05,8.506266544605096e-05,0.0017758045333516404,6.75746825012614e-05,0.044702839086548415,9.954033427010724e-08,0.0022496378103765346,3.2579005971698307e-07,0.00015919624209180926,0.9493348262195782,2.2556377018903112e-05,1.3139151081026392e-07,1.6906215099721056e-06
70,1.997771748784799e-05,0.00011693024066767258,8.311953849920587e-06,1.2735004618143066e-05,4.981651310990106e-07,0.0012788128681110206,0.00025412863570406936,0.0005072782738814817,0.0005608301727288757,0.00021553833166085737,0.0001782302090894501,4.793287709058758e-05,4.684825097882679e-05,0.0001931007101935583,0.0021304125303985362,0.0002568352029094078,0.10439250547989352,2.4478211820559057e-07,0.0014157368605068352,6.206400914009315e-07,0.00013052641123898707,0.8881793112959192,4.868589604481011e-05,3.526218339766311e-07,3.6148678517039914e-06
