,0,1,2,3,4,5,6,7,8,9,10,11,12,13,14,15,16,17,18,19,20,21,22,23,24
0,0.011927065798613147,0.028300259539687834,5.096152727740898e-07,0.00196951244876807,2.7107247331850662e-05,9.151131026402263e-05,0.003735531255140412,0.03593101623761332,3.6438048333398284e-05,5.183606882168346e-06,0.09372978638804157,0.007214439038202866,0.00045092157203976236,4.523731961271192e-05,0.002238227913705944,0.00033681441126695236,0.044054173042394514,0.00016189947658251988,0.10778762954004929,8.118230074226057e-09,0.0001868875693314415,0.661716743526113,1.6624813218947805e-06,1.4303859398120222e-07,5.129145660636322e-05
1,0.006972422379025142,0.018842409382725498,4.971543132252846e-07,0.0013040340810748373,1.6648165938392195e-05,0.00015548971818306575,0.0032071058602199613,0.03246171877263466,9.389904698117431e-05,1.283464002370472e-05,0.058200602456993225,0.003566385179110427,0.0004220663040712832,5.9581079094629274e-05,0.0027173337311454096,0.0003700535408563019,0.015350432184293824,0.00018281370070649298,0.15425598120406214,1.2794885287903597e-08,0.00016164898244804316,0.7015841146723908,1.6229298060122452e-06,1.53735837842232e-07,6.0138303178706714e-05
2,0.005760279948405805,0.019917994215739178,3.6951813404039394e-07,0.0009616011845656156,2.0093016948707116e-05,9.96037071209572e-05,0.0021056460963652167,0.029388588278425023,7.546786901185853e-05,8.69722543666768e-06,0.07341378261364719,0.004047464769031579,0.00027816788671863825,8.398698152710557e-05,0.0031139282892361886,0.00020914609461022973,0.014695965824804898,0.0001092599192985128,0.08172827056127771,1.0679190540837985e-08,0.00012141309115907883,0.7637853185264452,1.184008731146154e-06,1.071288771170597e-07,7.365256529172334e-05
3,0.007805259914038999,0.020440467418407143,3.838434646883201e-07,0.001136342558518089,1.7504508811159394e-05,0.00011314667234750405,0.00252046276773816,0.028298040015800746,6.051782175300728e-05,7.55020161567133e-06,0.074656400342304,0.004004502765722096,0.00034722800464985677,5.560548363470144e-05,0.002427167945507183,0.00022544763005003443,0.01866122605329765,0.00013382007618717619,0.10126846193079907,8.617551901643025e-09,0.00013713957488522906,0.7376280226521749,1.335141783348888e-06,1.113501285451353e-07,5.3846708829214636e-05
4,0.007560868025223684,0.021125852148668165,3.9029797376439747e-07,0.0010949428832633407,1.8017669633511876e-05,9.2230713405861e-05,0.0025858816499880724,0.0269767524422763,6.291513242441443e-05,7.248527846224992e-06,0.07217534671228601,0.00390381038810008,0.0004033616754634133,6.298970090062678e-05,0.002043989941687344,0.0001936025135621526,0.016379979927396975,0.00013918692617812163,0.09737081679737844,9.208900965568623e-09,0.00014982107938485916,0.7476008270331097,1.2097364029011958e-06,1.1745877071731043e-07,4.983140977424631e-05
5,0.009809076977251068,0.023103396750178546,5.451380280203974e-07,0.0018706485650916236,2.4585876067372888e-05,0.0001426492375039486,0.0029961436437833736,0.03351192155895023,7.60479727345559e-05,1.0973705078398054e-05,0.08365713876267138,0.003990653863189376,0.0004727352186822506,7.367093143595373e-05,0.0022971745905529272,0.0002617546554306974,0.022154736363359816,0.00026449676914652064,0.12715931454469745,1.3474961011938632e-08,0.00019603126312729078,0.6878742615122329,2.2552806128948422e-06,1.6527586146934922e-07,4.9608069370932186e-05
6,0.007805259914038999,0.020440467418407143,3.838434646883201e-07,0.001136342558518089,1.7504508811159394e-05,0.00011314667234750405,0.00252046276773816,0.028298040015800746,6.051782175300728e-05,7.55020161567133e-06,0.074656400342304,0.004004502765722096,0.00034722800464985677,5.560548363470144e-05,0.002427167945507183,0.00022544763005003443,0.01866122605329765,0.00013382007618717619,0.10126846193079907,8.617551901643025e-09,0.00013713957488522906,0.7376280226521749,1.335141783348888e-06,1.113501285451353e-07,5.3846708829214636e-05
7,0.013797417690696563,0.012993725556450855,2.9132656882791943e-07,0.0006792189257282799,8.936414480080439e-06,5.834109420102533e-05,0.00228886179326685,0.02224680548037439,2.7914385736379552e-05,3.094863731324301e-06,0.08152303334772823,0.002547365121966408,0.0006306579037929559,1.9632237089913807e-05,0.0012237552192613458,9.761885875537212e-05,0.009302630363615201,0.0001096502543753115,0.07817762195782597,4.832167297449059e-09,9.049410406648655e-05,0.7741552716027688,4.1438689824906153e-07,5.2074892187876434e-08,1.719020356175533e-05
8,0.014118918143418986,0.03888625726232226,1.2725161662532513e-06,0.0024559202450988365,2.9498319005464762e-05,0.0001662845788633167,0.0015625678322344384,0.026984143134591538,0.00010819211947276656,2.1733969878880008e-05,0.07164495167638282,0.005992107790217431,0.00041512627420641103,0.00012494551172264104,0.004056642057027548,0.0004602301804234318,0.04086567991009714,0.0001501124512833798,0.07254125508184865,1.82131319365813e-08,0.0001343253351805627,0.7191248045075259,3.866965743614547e-06,4.254143573608589e-07,0.0001507205097983792
9,0.007095626317674243,0.04918860117468215,1.3138268024278764e-06,0.0024511787390819944,2.4876414413109562e-05,0.0001505005668056043,0.0015511322408898907,0.03527983209271409,0.00013776925446082143,4.4143884644164096e-05,0.05304793582913391,0.004582029467265778,0.0004119569666616178,0.0002093407956616773,0.003909684904825397,0.00064466339452147,0.03370024669166539,0.0001946578018575711,0.11111831999577816,2.8313821044256413e-08,0.00018055984325183788,0.6959044974565499,3.7195080199431387e-06,4.2887148187071935e-07,0.00016695564733587277
10,0.007805259914038999,0.020440467418407143,3.838434646883201e-07,0.001136342558518089,1.7504508811159394e-05,0.00011314667234750405,0.00252046276773816,0.028298040015800746,6.051782175300728e-05,7.55020161567133e-06,0.074656400342304,0.004004502765722096,0.00034722800464985677,5.560548363470144e-05,0.002427167945507183,0.00022544763005003443,0.01866122605329765,0.00013382007618717619,0.10126846193079907,8.617551901643025e-09,0.00013713957488522906,0.7376280226521749,1.335141783348888e-06,1.113501285451353e-07,5.3846708829214636e-05
11,0.008043266344502835,0.019723042358625025,3.7783317778146336e-07,0.0011044024129736613,1.7702164641858118e-05,0.00010093498384460792,0.0026500052165518502,0.026283158192259945,5.869151296970099e-05,6.725042161327637e-06,0.07365071378677691,0.004050586016029172,0.00039689134231780466,5.18800041412035e-05,0.0022466518509801376,0.00021688844343817538,0.017642323733313755,0.00013184045789390355,0.10105635606934656,8.891388744595107e-09,0.000140293783308849,0.7423755747192341,1.2390771128709768e-06,1.2097837601409143e-07,5.032478463315074e-05
12,0.007678340893500391,0.020313383242543954,3.679995157129824e-07,0.0011473349397188924,1.6270933605157035e-05,0.00011138108832998708,0.002525334172903374,0.028578945439529654,5.871820032704899e-05,7.467172084897312e-06,0.07211624862595702,0.003907423308850406,0.00034881404485005707,5.2749699632789676e-05,0.0024317750722172224,0.00022780849171844458,0.018044379030231473,0.00013259609061014535,0.10544176199022534,8.273417581208619e-09,0.000133104444301445,0.736672997538445,1.2811955887963429e-06,1.060806159352169e-07,5.1402031279512326e-05
13,0.006157103087116706,0.016521197436954592,2.3973884206066157e-07,0.0006310784383188775,1.4868637028962154e-05,5.8181697385520165e-05,0.0018021893542300462,0.025785301080965294,4.167092666894655e-05,3.830109405004576e-06,0.08877340054956126,0.004340472117652455,0.00025118883721353587,5.4707824511495994e-05,0.0020973152155963565,0.00012396007856184724,0.012995563009288684,7.755163749092744e-05,0.06345340357198648,5.484195875055969e-09,0.00010153206530970054,0.7766635062300095,6.347747594562728e-07,6.393925305483857e-08,5.103415769335958e-05
14,0.007117629239304154,0.031366706509253904,3.4801608299704936e-07,0.001353484388489611,2.5064859785063067e-05,6.980615266778556e-05,0.002045034820332907,0.02465078837553045,4.287385182034372e-05,7.514827391338923e-06,0.09187270841087627,0.0030032212851323946,0.0004257666208283995,6.351519292483098e-05,0.0014508776776591232,0.0001290639895129165,0.02045210884470084,0.00017277958817441796,0.11996785727987276,7.587005473724835e-09,0.0002117900584393181,0.6955373713736281,1.1083802443006327e-06,1.0140330131323835e-07,3.247126704089831e-05
15,0.007805259914038999,0.020440467418407143,3.838434646883201e-07,0.001136342558518089,1.7504508811159394e-05,0.00011314667234750405,0.00252046276773816,0.028298040015800746,6.051782175300728e-05,7.55020161567133e-06,0.074656400342304,0.004004502765722096,0.00034722800464985677,5.560548363470144e-05,0.002427167945507183,0.00022544763005003443,0.01866122605329765,0.00013382007618717619,0.10126846193079907,8.617551901643025e-09,0.00013713957488522906,0.7376280226521749,1.335141783348888e-06,1.113501285451353e-07,5.3846708829214636e-05
16,0.005745300178215225,0.01574986021619351,1.855212298614534e-07,0.0006088987832980056,9.697661786940022e-06,5.08407867024258e-05,0.0015723650009524482,0.027099187191677008,3.3460422289975044e-05,3.661563650875475e-06,0.06684613516713277,0.004271068179698647,0.00021191621528800407,4.793450480521648e-05,0.0020127098757823036,0.00012352320743892834,0.01145365791539801,7.30508473153467e-05,0.0625057919422079,3.895708912332357e-09,7.659285401120958e-05,0.8014619088012742,4.807768481636419e-07,4.08996024873464e-08,4.1727591491546e-05
17,0.01061875909991788,0.01859287001880464,4.433797014545452e-07,0.0008119790360864509,2.9427109223360023e-05,6.413677604675329e-05,0.0035151696823293582,0.026064595014076892,5.618934823362645e-05,3.5272485590854702e-06,0.10863093433058917,0.005695600097737951,0.00044831756631015637,8.010785777370094e-05,0.0009985200682617644,0.00011175854372264812,0.020986851244400907,0.0001668296661063153,0.05942337307446032,7.81404872824506e-09,0.0002456017305570594,0.7434087824724888,1.2468328491297626e-06,1.2923077526393084e-07,4.4842756938394534e-05
18,0.005959630465005169,0.0236218819525651,5.257110714556072e-07,0.0006114868173533953,1.5779546780795367e-05,9.001033708043896e-05,0.0028526210256993785,0.026056155549082916,6.594584733598634e-05,7.833293318398805e-06,0.07001516721015609,0.00751278602544514,0.00025522581433548585,0.00010625031696926147,0.0029139252195304484,0.00040174075569940896,0.0300707612765429,0.00010192437362010918,0.08936202939799677,9.978703074180958e-09,0.00019589808532033856,0.7396153406742075,1.6538811119325432e-06,1.6739717087678012e-07,0.0001652490478975793
19,0.005153857327643123,0.02459726094576075,3.074175008533361e-07,0.0018429709132312278,2.1934602028926796e-05,0.00015628340822961088,0.0023262618771741146,0.023642892856026627,9.199215094362623e-05,1.1274924632964426e-05,0.04653193780762628,0.0038633685002899027,0.0003149755331854326,5.4066161304134716e-05,0.0030665097570121347,0.00022858744636162104,0.013906110442798613,9.457454570452794e-05,0.09668565915089997,9.368214909175546e-09,7.677047822791504e-05,0.7772785199494429,1.2543405501391772e-06,1.200051512748372e-07,5.250009005837825e-05
20,0.0038513310315306582,0.014080888217925188,1.3248478792857798e-07,0.0006039480789326827,8.174950491690053e-06,5.5355464103763864e-05,0.0012443378624297735,0.02054053753295168,3.874079346911136e-05,4.348802931236148e-06,0.0476961275784468,0.0019002810657693739,0.00023319049975545613,3.71692663821627e-05,0.0017242520922893024,7.861650003050257e-05,0.006550070799292877,5.727669394598909e-05,0.0649529659067172,4.406007040037703e-09,6.164810896053951e-05,0.8362553781934543,4.004155392635723e-07,3.69165822979435e-08,2.478633727329775e-05
21,0.017533499697192714,0.028700926668080263,1.2178182021031476e-06,0.0015102636748064188,2.7143404213931706e-05,7.665007534427747e-05,0.0037941294497836524,0.04286466198161592,6.812327307754186e-05,9.037513601735452e-06,0.10658122180957685,0.009742563304934592,0.0006898141114201863,0.0001275706997402398,0.0016467770536986207,0.00042652433813710643,0.03779461388692131,0.0003467526549265504,0.09163585035346063,1.614201818970857e-08,0.00032157375075415277,0.6560107191527851,2.2939486115420367e-06,2.8629360147199994e-07,8.776894349478647e-05
22,0.011084344747013544,0.020680690100350656,5.788962102075267e-07,0.001101965899109471,1.4705168350240565e-05,0.00011346095347143143,0.0016988658548537543,0.04047964063901739,3.282336924422811e-05,1.0284053041230357e-05,0.08906299959927372,0.0027724052852609554,0.00035303073770385135,5.9721454583894005e-05,0.001393175017116816,0.0002018875852225098,0.03259947464376059,0.00024120077237314855,0.09420484303837381,9.116484620766096e-09,0.0002185137077365177,0.7036397850722365,1.6919299856633302e-06,7.934629552784724e-08,3.382301292982081e-05
23,0.007805259914038999,0.020440467418407143,3.838434646883201e-07,0.001136342558518089,1.7504508811159394e-05,0.00011314667234750405,0.00252046276773816,0.028298040015800746,6.051782175300728e-05,7.55020161567133e-06,0.074656400342304,0.004004502765722096,0.00034722800464985677,5.560548363470144e-05,0.002427167945507183,0.00022544763005003443,0.01866122605329765,0.00013382007618717619,0.10126846193079907,8.617551901643025e-09,0.00013713957488522906,0.7376280226521749,1.335141783348888e-06,1.113501285451353e-07,5.3846708829214636e-05
24,0.005443424470804003,0.03145764155997704,2.928453745582865e-07,0.002038237871655772,1.6150687767279705e-05,9.007614833093188e-05,0.0020747948324062577,0.03081682591076685,5.4392157649950776e-05,1.0574959376897604e-05,0.05535809740959801,0.0031183092444981393,0.00033009191755399954,6.638906974117475e-05,0.002313515670404031,0.00021045013666195787,0.018951158734036157,0.00016295763693281292,0.1462149083450731,7.680673542825378e-09,0.0001354512352679601,0.7010952926930212,1.4210857618060966e-06,9.586259557896061e-08,3.9441834071046954e-05
25,0.010115564145189222,0.011939559539235938,3.8644623618172777e-07,0.0008642751386141097,2.535812688765234e-05,6.352001314941278e-05,0.0035457927483424044,0.07030004786511179,3.653335791309285e-05,3.1806801929903463e-06,0.1695925016913981,0.0059202757015450495,0.0003630291654559681,7.383476414003995e-05,0.0009442023224294307,0.0001201474086633579,0.01671270083019656,0.00029791122779775835,0.060964565697185565,8.787315794372221e-09,0.00023666077561588342,0.6478498318407816,9.582281827364466e-07,6.055921834695312e-08,2.909293920090607e-05
26,0.023414416757465976,0.030055317587011878,1.7463244178095643e-06,0.003586143125667091,5.972850573805906e-05,0.00031417302254427764,0.004402781806760557,0.030919841069102814,0.00021041890675395188,2.168985605919046e-05,0.10468771271513481,0.0053380271098499256,0.0008103905040613346,0.00012689479590337617,0.0024924168889888915,0.0004412757592712562,0.039118485586338764,0.0005830722820720424,0.13095061728327487,3.189681067283072e-08,0.0003523601271388412,0.6220117383539234,9.049211313013189e-06,7.792257904996503e-07,9.089129860667684e-05
27,0.0044553268102648725,0.012996396063189591,1.6295189856962054e-07,0.0007928178015380343,1.0344827390878241e-05,0.00010465854058597248,0.0014560713700236456,0.02117488370160889,6.886784133784847e-05,6.05130085428437e-06,0.04501407792680517,0.0023676582950190534,0.00021485762295796236,3.482843566876094e-05,0.002558222660371709,0.00012647043406572976,0.006359821612336536,6.281850947986056e-05,0.0760626929691285,5.2964778693506315e-09,5.1606636158897784e-05,0.8260435386475351,6.049509094664251e-07,6.070706212297975e-08,3.71540873307524e-05
28,0.007805259914038999,0.020440467418407143,3.838434646883201e-07,0.001136342558518089,1.7504508811159394e-05,0.00011314667234750405,0.00252046276773816,0.028298040015800746,6.051782175300728e-05,7.55020161567133e-06,0.074656400342304,0.004004502765722096,0.00034722800464985677,5.560548363470144e-05,0.002427167945507183,0.00022544763005003443,0.01866122605329765,0.00013382007618717619,0.10126846193079907,8.617551901643025e-09,0.00013713957488522906,0.7376280226521749,1.335141783348888e-06,1.113501285451353e-07,5.3846708829214636e-05
29,0.007805259914038999,0.020440467418407143,3.838434646883201e-07,0.001136342558518089,1.7504508811159394e-05,0.00011314667234750405,0.00252046276773816,0.028298040015800746,6.051782175300728e-05,7.55020161567133e-06,0.074656400342304,0.004004502765722096,0.00034722800464985677,5.560548363470144e-05,0.002427167945507183,0.00022544763005003443,0.01866122605329765,0.00013382007618717619,0.10126846193079907,8.617551901643025e-09,0.00013713957488522906,0.7376280226521749,1.335141783348888e-06,1.113501285451353e-07,5.3846708829214636e-05
30,0.007805259914038999,0.020440467418407143,3.838434646883201e-07,0.001136342558518089,1.7504508811159394e-05,0.00011314667234750405,0.00252046276773816,0.028298040015800746,6.051782175300728e-05,7.55020161567133e-06,0.074656400342304,0.004004502765722096,0.00034722800464985677,5.560548363470144e-05,0.002427167945507183,0.00022544763005003443,0.01866122605329765,0.00013382007618717619,0.10126846193079907,8.617551901643025e-09,0.00013713957488522906,0.7376280226521749,1.335141783348888e-06,1.113501285451353e-07,5.3846708829214636e-05
31,0.01221342229303423,0.023272216385323865,6.255426725900356e-07,0.0011013135502206733,1.187584249994523e-05,9.468357284322163e-05,0.0025956791084632124,0.052288505701026076,4.090235027793856e-05,8.426952052963282e-06,0.07418343607985292,0.004595906719628661,0.00041025446315343014,5.55976176500315e-05,0.0015649487937771309,0.00034463944791163215,0.027358420131168522,0.000210332332481991,0.09429236250869782,8.981478145149533e-09,0.00017834859137890146,0.7051296329862641,1.389144013969871e-06,9.871757154704396e-08,4.6972186556411226e-05
32,0.007086698594150827,0.01955425074854609,3.434172009790419e-07,0.0011573067411823356,1.618273754111417e-05,0.00011139240668419383,0.0025410865849244293,0.026884838776512696,5.786272498825606e-05,7.470042428433034e-06,0.06947532172833012,0.003622408411445501,0.000350419764173909,4.9030873726339885e-05,0.0025743058690051077,0.00023325248195328239,0.017712302699484733,0.00013060185435509488,0.12036788432792753,8.396484394454757e-09,0.00013766653349510407,0.7278778424298739,1.2983102079079662e-06,1.0929262649575035e-07,5.0114252751196507e-05
33,0.005136553479201898,0.02864195780891011,1.3700495065555956e-06,0.0016305471090087204,3.875804566975873e-05,0.0011825871208329664,0.0017324361903188277,0.022108769923042178,0.0009565905257202266,0.00013411572782914287,0.048462460994403427,0.0016617617472303864,0.00017574221257990377,0.00030800143776806737,0.01934456283416297,0.0003706793432223931,0.009794460708976807,0.0001270947520217237,0.11193806771886859,4.381576702932495e-08,0.0001107607803528417,0.7457710893640574,7.92401591426853e-06,3.2284685045222694e-07,0.00036334144778358884
34,0.01491844792320099,0.012128624609884796,3.3992354507801426e-07,0.00108262317150053,1.745606435252305e-05,9.63631530377968e-05,0.002861940481341649,0.024939657337307148,5.4236625727857604e-05,4.070418777365095e-06,0.1000200676598968,0.002979704407111178,0.0004693084335864089,3.11883991209264e-05,0.002272549530601928,0.00013680880599411548,0.012108039205517312,0.00017536719591890927,0.11892463697665266,6.1740984509408265e-09,0.00014328091415072105,0.7066044444467082,1.0830795753884057e-06,9.607020820617426e-08,2.9658992183181283e-05
35,0.010458170601593575,0.013030555590305448,2.9572337221488406e-07,0.000911826656466354,8.02275647288973e-06,0.0001079415924099398,0.002164720583841375,0.035449505272040334,4.57516087035052e-05,6.1307583544246915e-06,0.05520599739588989,0.0033409326286859943,0.00034479340527063804,2.8309554885487716e-05,0.0013585185438861906,0.00024225945872296642,0.012924014749392577,0.0001812931121824205,0.10382382872295844,5.349781402413991e-09,9.515081420273467e-05,0.7602438058653949,8.477475115311558e-07,7.178692269177288e-08,2.7249720752156433e-05
36,0.021038853786390175,0.0239450029769894,1.660014585507478e-06,0.0017879016462050445,0.0002947591608593304,0.00020328177034482418,0.006340882434172036,0.010290777126974536,0.00010769455197122002,4.392778124859316e-06,0.4649488721226074,0.006064471653642466,0.0007858045693337844,8.338708440376016e-05,0.0035763579030817774,0.00013137293156121642,0.03689586670656286,0.00021250309948303814,0.09636882919655107,2.5562349772466082e-08,0.0008944150545119294,0.3258626378288178,7.425343324890373e-06,1.2623945921408184e-06,0.00015156230255911315
37,0.021562160078661314,0.023268670210393035,1.1846759635913067e-06,0.0014006855778598113,3.6810230682880094e-05,9.473371604685415e-05,0.004855535069612399,0.027215235736208557,9.39350227861388e-05,7.382944664299888e-06,0.1114044098032426,0.007099733806725439,0.0009077066102766543,9.979511481359693e-05,0.0013800976684143933,0.0002622548881817971,0.02794228752601204,0.00034239480701529155,0.09149807732727093,1.5934024899308006e-08,0.00035370329432363076,0.6801025467356454,2.428178163070944e-06,3.666793774128491e-07,6.78483636338276e-05
38,0.006793733651117782,0.02396828057071817,3.573610152475061e-07,0.001015506419388381,2.057112458814588e-05,7.961670857784353e-05,0.0018213213222979282,0.027091311501458753,6.0090335599402186e-05,6.85654440641118e-06,0.08175253922495138,0.004308285085010477,0.0002874057506903893,7.796985616010314e-05,0.0021202174207647913,0.00015488628791687596,0.017386432775313022,0.00010439223522210529,0.06909427998926247,7.656303962873284e-09,0.00012099490053285362,0.7636740365680942,1.0751466332167622e-06,1.0065254959078329e-07,5.973091142646734e-05
39,0.008001615422894109,0.015637927411596204,3.557638668150026e-07,0.0009384200707097737,1.341112966524899e-05,0.0001229093893039748,0.0029368833975971006,0.03628156460267666,4.592235425711885e-05,5.910747370945565e-06,0.07294359570047176,0.004509528429279178,0.00032329215795201945,3.997490127290882e-05,0.0020266806483994495,0.00027097737769603953,0.01962014428253718,0.00013217443383372257,0.09820642010672541,7.498890069097738e-09,0.00013816792449622317,0.737755526049083,1.1875162161389037e-06,8.944830366139912e-08,4.7313234905480924e-05
40,0.00819828715686904,0.016228954648043397,2.9837723660628584e-07,0.0004699004518169799,1.403935640636705e-05,7.455950294889011e-05,0.0017090270353711404,0.016753885605249846,4.2289481885181844e-05,3.118741427537772e-06,0.0724601972115943,0.004894739001318625,0.0002579598787955862,3.949978335852098e-05,0.001960200039849122,0.00010737584014956471,0.01316420426426985,4.171811596776057e-05,0.03345286423596089,4.7050550988284285e-09,6.606628372290318e-05,0.8300045567412434,5.204532261967669e-07,6.29338139896953e-08,5.567015441903155e-05
41,0.007940561914805043,0.015720558935067155,2.342054711455241e-07,0.0046609684234500525,4.8381093791520296e-05,0.00045987608143785794,0.0017178672801212405,0.026374971751402878,0.00017928162024677397,1.2139711869376645e-05,0.07634712849196336,0.003641486159850927,0.00016300094403269344,3.1777961888614106e-05,0.014865652298034588,0.00017624358796344106,0.008574364251290614,6.981770681044668e-05,0.09810779532271051,7.2489920793637645e-09,2.406026596180867e-05,0.740822191684348,1.6844462155298733e-06,9.990713434445959e-08,5.98487051400657e-05
42,0.0031155622629670723,0.009805684520628362,8.113290067497345e-08,0.00044547293813917174,4.454958189800999e-06,6.314886245985546e-05,0.0010970893838537772,0.01709166896814685,2.2003891251043106e-05,3.025663520210022e-06,0.03151809475088015,0.0017496217192598006,0.00018619395955760153,1.141857064701403e-05,0.0016221997491941596,0.00012595803329090507,0.0071804054102040235,3.15423808391881e-05,0.07588074491697393,2.6946038075933693e-09,3.529696258923497e-05,0.8499916103009095,2.406057330630805e-07,2.6960654877414498e-08,1.845040260590361e-05
43,0.004822596183866145,0.014321956015096607,3.160644689335527e-07,0.0010872567172293466,1.1721215671788315e-05,0.00022754889735984192,0.001454078243303031,0.03181949713258415,7.381715261603285e-05,1.7536447450520134e-05,0.044268118764524376,0.0014566399183540424,0.00024011711229431749,4.28327833505563e-05,0.002826169527647307,0.00020163842579352693,0.01017696042921969,0.00011475815845803261,0.1146936858014499,9.61979259284487e-09,0.00010034207969467956,0.7720057090398909,1.251958413297164e-06,7.001588819006386e-08,3.537229558229605e-05
44,0.007805259914038999,0.020440467418407143,3.838434646883201e-07,0.001136342558518089,1.7504508811159394e-05,0.00011314667234750405,0.00252046276773816,0.028298040015800746,6.051782175300728e-05,7.55020161567133e-06,0.074656400342304,0.004004502765722096,0.00034722800464985677,5.560548363470144e-05,0.002427167945507183,0.00022544763005003443,0.01866122605329765,0.00013382007618717619,0.10126846193079907,8.617551901643025e-09,0.00013713957488522906,0.7376280226521749,1.335141783348888e-06,1.113501285451353e-07,5.3846708829214636e-05
45,0.008325558837536872,0.023695269456361884,4.60733034957646e-07,0.0010556483403756996,1.7231984750284522e-05,0.00010148720578363801,0.002224226494823147,0.028624796287301715,5.747645081912929e-05,8.399039615902911e-06,0.0778258594309345,0.004117276024849616,0.0003486684904634282,7.02464696509971e-05,0.002078736472225861,0.00022022832070497445,0.02210064657429344,0.00014456598301443668,0.09174374054704264,8.830338756665487e-09,0.00016168055951881828,0.7370170593981515,1.443091794798362e-06,1.182420219041588e-07,5.916673459109991e-05
46,0.010297909701510437,0.020022035910160163,2.4216099234534856e-07,0.000886814415603151,9.384231333208276e-06,6.413842392878547e-05,0.0015320862490817446,0.021089096285361243,1.1620370858928718e-05,2.544208428627144e-06,0.064810363084437,0.005428772706541655,0.00027437154061888064,1.526933190699033e-05,0.0017262741444789066,0.0002445277029631691,0.048531526109556224,5.194336373308943e-05,0.06034715443516593,3.2517675980706317e-09,7.139161529221828e-05,0.7645474168404621,7.086236416410264e-07,5.95352003232833e-08,3.434575697567118e-05
47,0.006274950703222501,0.018510302084485637,1.4685086808115864e-07,0.00031648446510846125,3.8317259322860826e-06,3.1805482786972195e-05,0.0012786360822689918,0.01357251691387861,1.9546452194867985e-05,2.1719370591666815e-06,0.03250048802159646,0.00426425201496299,0.0003118236712465739,1.4586294351004971e-05,0.0010394523990014917,0.00016687462045771753,0.010660426095674705,2.8432846700994214e-05,0.040496567004428566,2.6386967111669314e-09,3.263267662641258e-05,0.8704442214201591,1.854822916243981e-07,4.5889586257576846e-08,2.9616226413815192e-05
48,0.0044364734039748785,0.041595069282694214,2.088623262389745e-07,0.0013319289878032487,5.517086754219691e-06,6.089133260400261e-05,0.0012268437127975441,0.029571215017871973,1.5780339732245677e-05,8.79385794211511e-06,0.029015251271506965,0.0022643491045050103,0.00022119523133206918,3.0794503030379304e-05,0.0015716796589452906,0.00024497065084229754,0.03722969343117134,7.39427678929597e-05,0.1121370249517308,3.5531384206024497e-09,8.51964828240176e-05,0.738847636833427,8.068165448748932e-07,3.544378787940806e-08,2.4697414819807797e-05
49,0.00999948169252392,0.01777845387579911,4.694190832277172e-07,0.0009957652805415505,1.7337515944320535e-05,0.00015505642783193957,0.0025745326903070407,0.03236084402776619,6.099732347121141e-05,6.878350532859132e-06,0.08134229980331588,0.005127241294220047,0.00035614376556850075,4.856960200268571e-05,0.0018479888016333069,0.00022095685124777023,0.018633356621172478,0.0001330575467086475,0.06420382828961037,9.227832923804299e-09,0.00011350661972431693,0.7639708782227336,1.29388135910978e-06,1.0740553722645238e-07,5.0945463531839114e-05
50,0.022997979244697736,0.020577440295780253,5.896804072233089e-07,0.0020411175018345534,4.3025873395511406e-05,0.0001866783763023109,0.0026133486173022195,0.02383420775094219,5.917210504894645e-05,4.556612873353888e-06,0.18738295935458096,0.007385479457780116,0.0003660817747553272,4.5750900674141084e-05,0.0034720029589849063,0.0003132993034241397,0.049573234321257896,0.00024635296360638064,0.08291697728714324,1.1293586791295788e-08,0.00016359801694752573,0.5956912940071075,4.279092482076719e-06,3.1584373125683906e-07,8.024736535341322e-05
51,0.005517197894943773,0.027548378679555265,2.491649388992679e-07,0.0011785261119798072,1.1624008213870994e-05,6.744041510079346e-05,0.0014343736221428369,0.029108067207471812,4.212266357139632e-05,7.361165046868464e-06,0.05569455110631402,0.0031993953610050404,0.0002756749108669957,5.4727816379457484e-05,0.002067440350220802,0.00014825002206353814,0.013393202847581151,9.159776377508106e-05,0.08186542701731152,5.61737438981129e-09,8.248655461238336e-05,0.778174113235519,7.01685628337295e-07,5.761754748809591e-08,3.7027160835504274e-05
52,0.007528304529861783,0.01876580233759567,3.6791225407715823e-07,0.0012894449395577968,1.493217591588371e-05,0.00012982712495960872,0.002130359357243303,0.029824245090204652,6.34238077834099e-05,1.0148159019836487e-05,0.06562307059615614,0.0030876757736620166,0.0003447292880246868,5.2322644850965104e-05,0.0026573144808576784,0.00024484649596409684,0.01609647399473778,0.00016034836144479943,0.11860659102348362,9.510421609937014e-09,0.00012072927945611579,0.7332018483955886,1.3713592748711859e-06,1.0346935233337255e-07,4.5709892328817044e-05
53,0.009022394982395265,0.013852439420290567,3.813477839156632e-07,0.000970105547056027,1.985334169594884e-05,0.00016346341895785054,0.008565040226872909,0.03738459052098427,9.468105420167609e-05,3.985582129680462e-06,0.09936295110715301,0.008666646442093523,0.00039275683327989183,5.9059804016238154e-05,0.002968617133796256,0.00029099894073157103,0.016726551115070567,0.00016267962610967847,0.10102429151343725,9.92955280399887e-09,0.00016643639498192299,0.7000198648108429,1.8396862756361535e-06,1.2442410179249927e-07,8.023679618878308e-05
54,0.00310507028340365,0.03213879768769133,2.798828370272534e-07,0.0005614987848535894,8.766483698066167e-06,5.84762726871274e-05,0.0013485321302592107,0.022293597444564092,7.228456465057914e-05,9.250079852324984e-06,0.03697231523173388,0.007212373253502981,0.00017233112128995772,9.600359655216832e-05,0.003992388807652198,0.00034625830079936367,0.012761161710208187,3.5860259291247035e-05,0.05276507862755638,7.1487993240562954e-09,4.5411909790753404e-05,0.825837887471829,5.556846331047957e-07,8.859281841033968e-08,0.0001657246690460915
55,0.012579738914326866,0.016475869335197412,4.573697867656047e-07,0.00165661733729845,4.769159522208062e-05,0.000152770305158067,0.01169255208986682,0.02639872972622316,0.00017890387401593342,3.1760642493607363e-06,0.12144126039078924,0.019512671039346147,0.0006260976776660566,6.110554198582569e-05,0.0024827031149681515,0.000342703583053662,0.014852541966908793,0.00021191552765641367,0.11138471514047434,1.124321843772569e-08,0.00016749155798302063,0.6596224939704435,2.0912345826083753e-06,4.1513356309078837e-07,0.00010527626601569084
56,0.007853894083624677,0.02005336741432464,3.7491679951201215e-07,0.0010948735672619931,1.7065521271292854e-05,0.000106166515484649,0.002564995902752135,0.027344656702138082,5.888885570341074e-05,7.038288856190481e-06,0.07358063376894063,0.004010094027001718,0.00036707063740657077,5.350400440700609e-05,0.00228787014213656,0.00021579082835136286,0.017846701704999385,0.00013118829689057665,0.09953265795944463,8.567481100319448e-09,0.00013681210398806565,0.7426836760740976,1.258830180709049e-06,1.120034856999515e-07,5.129928297197154e-05
57,0.004708934648676189,0.020248991236174373,2.1370147684346865e-07,0.0007213963726515139,9.44106020803182e-06,5.303887800286911e-05,0.0024586049922548023,0.02181399648662805,3.292403451985917e-05,4.471838362672383e-06,0.05058686788260359,0.003623363812532922,0.000359930091936203,3.195014363429243e-05,0.0016704082899348647,0.00021922168177111194,0.014870509274954763,8.11339069697496e-05,0.14187497527679577,4.917111431156798e-09,0.00013447511715198538,0.736455672023857,5.888460797909308e-07,7.771679134939731e-08,3.880776892002991e-05
58,0.008156637989296374,0.02151513654491385,4.410382619734713e-07,0.0012780602335085865,2.3075380072705735e-05,0.00011794770227398011,0.003021124168406275,0.02377460765470624,7.5402924657181e-05,7.608353703513616e-06,0.07803593240689287,0.004531511569539106,0.00044469441830111145,5.856294550678504e-05,0.002589211697064662,0.00025634309467370157,0.019221000442390616,0.00014245590121184416,0.11401650865551889,1.1313448350849405e-08,0.000165100531400748,0.7225031221035959,1.6440183560893621e-06,1.880136770731547e-07,6.36708986215779e-05
59,0.008456430734130722,0.02343896680516133,5.396872978389859e-07,0.0012759630187764764,2.4181480897939066e-05,0.00012758866805458643,0.0028806684726202783,0.02625002626205504,7.786354541792569e-05,9.412338097636328e-06,0.07897081986939265,0.004487379205592577,0.00042904869705223745,6.942286975535716e-05,0.002510441753020012,0.0002805704631026412,0.022137701890694687,0.00015556500725453444,0.10889408479721845,1.2424141729291681e-08,0.00018544971561234888,0.7192653485506388,1.8398401586877134e-06,1.9396623952987067e-07,7.047993761598141e-05
60,0.007805259914038999,0.020440467418407143,3.838434646883201e-07,0.001136342558518089,1.7504508811159394e-05,0.00011314667234750405,0.00252046276773816,0.028298040015800746,6.051782175300728e-05,7.55020161567133e-06,0.074656400342304,0.004004502765722096,0.00034722800464985677,5.560548363470144e-05,0.002427167945507183,0.00022544763005003443,0.01866122605329765,0.00013382007618717619,0.10126846193079907,8.617551901643025e-09,0.00013713957488522906,0.7376280226521749,1.335141783348888e-06,1.113501285451353e-07,5.3846708829214636e-05
61,0.009224597813790364,0.02249983075877229,5.89276143953836e-07,0.0012906497990734804,2.4983999396279974e-05,0.0001328776198954559,0.002973987983151477,0.02733977384569189,8.473469047141864e-05,9.721664042787346e-06,0.08195480310130303,0.004492184340675207,0.00045283478716098,7.275456142081679e-05,0.002376036172267019,0.0002717330605793265,0.02102043817582788,0.00017244170059716233,0.10760091317667259,1.2904884503749285e-08,0.00019527713403624122,0.7177375059234509,1.911506204281931e-06,2.042832537340254e-07,6.920172123702327e-05
62,0.007805259914038999,0.020440467418407143,3.838434646883201e-07,0.001136342558518089,1.7504508811159394e-05,0.00011314667234750405,0.00252046276773816,0.028298040015800746,6.051782175300728e-05,7.55020161567133e-06,0.074656400342304,0.004004502765722096,0.00034722800464985677,5.560548363470144e-05,0.002427167945507183,0.00022544763005003443,0.01866122605329765,0.00013382007618717619,0.10126846193079907,8.617551901643025e-09,0.00013713957488522906,0.7376280226521749,1.335141783348888e-06,1.113501285451353e-07,5.3846708829214636e-05
63,0.006896116468093208,0.023448785935508358,3.413954172461619e-07,0.0010833742859548226,1.5336408647949633e-05,9.567572729051615e-05,0.0021595280763070613,0.026355854401930875,5.3490723076965854e-05,7.549947899422756e-06,0.06628845191211774,0.0037465692409740514,0.00032969271308748595,5.368088018072887e-05,0.0023217704305104545,0.00021490429468021429,0.018384502965118794,0.00011381369637437153,0.09956319533292037,7.721745876251083e-09,0.00012458689184644472,0.7486901273462077,1.1443926692363774e-06,1.0127706452331708e-07,5.1397534375689236e-05
64,0.008683377911886702,0.02175115762671782,4.92549574707683e-07,0.0010658760627545566,2.0205106581247067e-05,9.820878814477757e-05,0.0030653539370591285,0.028976894617544113,5.6589197549325256e-05,7.244067150324151e-06,0.08355639772704485,0.00413953362891115,0.0004288318033897001,6.532473224308206e-05,0.001986600821650765,0.0002318399265428803,0.02287258750683222,0.00016536993515852915,0.11313922207853022,9.75788751580222e-09,0.00022915213062626836,0.7094026914273068,1.5449564386364963e-06,1.3465829029995452e-07,5.5359044184451247e-05
65,0.009901622638962286,0.013259860167636611,2.756423312167796e-07,0.0017932090983522203,2.0485549765025216e-05,0.00021585888647903678,0.003909275968884816,0.030456097499620607,4.5545963692987876e-05,5.174981380188279e-06,0.10012440851911497,0.003987311198548806,0.00031195424444119046,2.438013380660354e-05,0.0036268581772460617,0.0002743217725549114,0.024594280781699698,0.00018246643273404415,0.1773778527268241,6.799706671761847e-09,0.000140567775096679,0.6297064725223271,2.137176462846711e-06,1.0016812750034282e-07,3.947517420387502e-05
66,0.013046377122786354,0.01447058082076268,6.049069334937543e-07,0.0008295814667456409,1.6037959320325925e-05,6.934449755809659e-05,0.0034956420688031487,0.03988570878935077,4.85147597504305e-05,5.58287307158974e-06,0.08695290126455364,0.004217018822603618,0.0007464389810137869,4.7480719079835965e-05,0.0011817942093834443,0.0001901044606693604,0.012193934707201488,0.0001925291984706642,0.07146462392336425,1.1037262477405122e-08,0.00015575727427717925,0.7507594528784333,6.064622489165598e-07,8.595159367872199e-08,2.9284844761936438e-05
67,0.016363737789619734,0.027630818477781642,1.526016944821711e-06,0.002339685594381199,3.258940391637027e-05,0.0001967507665162363,0.0038376324802138154,0.04370652989604646,7.567262778945318e-05,1.774573342637397e-05,0.11401545706334583,0.004588370404528001,0.0006582644994611453,0.0001216126298244629,0.0024328056121228855,0.00044614931112794357,0.05320545534718276,0.0004879684286406699,0.14391189602158713,2.5938641257385334e-08,0.00048483318924603713,0.5853591438030941,6.149843933626075e-06,3.154065057074141e-07,7.886371412231126e-05
68,0.017576857165920397,0.047461362273659616,8.18586087469595e-06,0.005229273345443341,0.0002887746196308486,0.0008579172880221088,0.011540426709450527,0.030357824114338263,0.0023537781339337907,7.168281449059243e-05,0.16273199992285442,0.029931181310841867,0.0009585308523486773,0.001638599277167955,0.007257016993560647,0.0006291641611566484,0.03045204048815429,0.0005256733973270408,0.05559763687116353,1.608677507891683e-07,0.0004001859418788381,0.5929931970395202,2.7794193758297654e-05,4.026219830598637e-06,0.0011067101369220086
69,0.00953184952191174,0.021051393554384158,9.131213086981566e-07,0.0013008630363396023,2.1252129890597937e-05,0.00015431245233279235,0.0038136973494756468,0.0504355820467292,9.156854929169027e-05,1.4644416394595135e-05,0.088663491464731,0.004862940968556111,0.0004737080652210425,0.00012994544400734878,0.0020172814470584433,0.00035638864903346496,0.023628749487150106,0.00035087610381526294,0.12445050346530964,1.8679321169622673e-08,0.0003490768212840155,0.6682203439218825,2.8372074846543806e-06,1.8721210230996932e-07,7.757488498414825e-05
70,0.009569694653222114,0.019313158061617142,4.238469854080923e-07,0.002194971683395935,4.123219412853772e-05,0.00016671848431038937,0.003813216155841891,0.031497365169940186,0.00011400140940398034,6.433386958904829e-06,0.10513316205484052,0.005091832852004705,0.0003631652306076492,7.53307618114384e-05,0.0034054046839055684,0.00013517830745945537,0.01493800777878984,0.0001432849064795218,0.0825609411567642,9.803977618816743e-09,0.00012495723267273148,0.7212524732834396,1.9986952155195227e-06,1.304690878722363e-07,5.690773713916926e-05
71,0.004947589812022881,0.035829289093376834,9.601997599658912e-07,0.0012720094700086415,7.140979791846042e-05,0.00010639922789339579,0.007428072349858865,0.04690266184810051,0.0002754805615313512,1.7880365894388753e-05,0.08865909468716768,0.006087892493236899,0.0005601143660669568,0.0004275144582192569,0.001659080649343822,0.0003116397591952444,0.017947036960644785,0.00043019495840790643,0.12195265812821077,3.86497652518316e-08,0.0006860206611617297,0.6642953216766206,3.3418547402237953e-06,3.6442208150875447e-07,0.00012793354877194805
72,0.004821227385981979,0.014369498821511287,2.1564895619902667e-07,0.0008802566897994943,8.11341258001386e-06,0.0001638882351538038,0.004769525185219226,0.027716519869486953,4.984419608119252e-05,6.140604158790794e-06,0.03877110004934632,0.0033855922310652925,0.0003707615633712236,1.9521476387827656e-05,0.002850224555553866,0.0003623120561337395,0.01197895977962835,8.804977195215839e-05,0.1487541882282949,7.3197271865325304e-09,8.16923181658854e-05,0.7405183349623705,7.16821126153845e-07,5.80632425137242e-08,3.3250754705155014e-05
