,0,1,2,3,4,5,6,7,8,9,10,11,12,13,14,15,16,17,18,19,20,21,22,23,24
0,1.8772964214168797e-05,4.778299098028617e-05,5.750108085536263e-06,1.3950829383709919e-06,1.1829089796281012e-07,6.539358266085689e-05,6.64981518473592e-05,0.0007174489420699342,0.0001642808916502292,8.214787019003401e-05,4.3405182012970744e-05,8.5012836101285e-06,1.5005989626192945e-05,1.1086184034885095e-05,0.0008886144401855963,3.3129397480101046e-05,0.013261625680964327,2.428734898214177e-08,0.002865055617921585,8.416355019355762e-08,4.099975006173948e-05,0.9816594252959652,2.932438664841833e-06,7.179742980882404e-08,4.4961560861128216e-07
1,2.9453902409274074e-05,6.10910923416792e-05,6.359051644716679e-06,1.8160776687550807e-06,1.6708961767576517e-07,5.749142028034715e-05,7.906192384677964e-05,0.001003570944994276,0.00034736412222884187,0.00011384969196547357,4.753356011800466e-05,7.592149279946679e-06,1.8110478663742914e-05,1.0563986554552402e-05,0.0008437835596411517,4.686579703619791e-05,0.016491823771358917,2.675374853947187e-08,0.0032698538417780284,7.567059236501901e-08,3.0991807665397726e-05,0.9775290921839235,2.852295641176833e-06,9.199659848570513e-08,5.168304020790151e-07
2,1.4196117132517076e-05,3.0426907584464346e-05,3.785009880883355e-06,8.99755424520518e-07,1.0722998959887417e-07,2.7467986365730677e-05,5.076293714383052e-05,0.0005560995845351765,0.0001831844224543805,6.539534152441581e-05,2.626397617738515e-05,3.792629376296878e-06,7.273232814128141e-06,9.008582900357128e-06,0.000757029675934979,1.5979232385436487e-05,0.007169699068928844,1.587650133092321e-08,0.0018167673739648868,6.808551595560373e-08,2.3053623193185584e-05,0.9892356577075673,2.461970992931749e-06,5.9316507791236186e-08,5.443552034893149e-07
3,1.9863470157822196e-05,5.051235634394148e-05,5.610960598351101e-06,1.5212195545997782e-06,1.2731007982682329e-07,4.615720384609943e-05,6.311177342176776e-05,0.0006647995500390578,0.00017142781692933506,6.97176406836421e-05,4.6597302336950276e-05,8.433879281043572e-06,1.4484936963817548e-05,1.1967688883258156e-05,0.0008064562342808571,2.580178093973252e-05,0.014359795438172653,2.634914941299919e-08,0.0021996710508745626,5.995847558164622e-08,3.613556569251543e-05,0.9813944695081589,2.6849447001290457e-06,6.74787139630091e-08,4.985817220413952e-07
4,1.8874660091847745e-05,5.8756740947841715e-05,5.665734567618288e-06,1.5846749162161773e-06,1.4214948508542555e-07,4.5150095530869585e-05,6.326240951845504e-05,0.000633751557716337,0.00016478912063086251,6.427689365863936e-05,5.369900551911175e-05,1.1000500203897433e-05,1.917328246624472e-05,1.3859913410716276e-05,0.0007000892893630863,2.53375859372443e-05,0.015717674468723318,2.9694021610386015e-08,0.002200362963221203,5.81761154854015e-08,3.6425732719788283e-05,0.9801628530240504,2.626627607350916e-06,6.029342131967395e-08,4.954061552392072e-07
5,2.5121547807002718e-05,3.991869422910851e-05,5.915788242475295e-06,2.1332888638429087e-06,1.209185711832959e-07,4.170750214235027e-05,6.725478678189436e-05,0.000716638685976448,0.00018337545836442056,8.88977530875567e-05,4.702101923238988e-05,9.439162375458103e-06,1.4385946210849623e-05,1.4708766413442186e-05,0.0006746176798587252,2.968100542126184e-05,0.01779812648912784,4.7769609746654376e-08,0.0016966452249302922,7.931221178973007e-08,3.867926240878182e-05,0.9785016374589416,3.104699124490911e-06,9.718243805410885e-08,6.445976290908657e-07
6,1.9863470157822196e-05,5.051235634394148e-05,5.610960598351101e-06,1.5212195545997782e-06,1.2731007982682329e-07,4.615720384609943e-05,6.311177342176776e-05,0.0006647995500390578,0.00017142781692933506,6.97176406836421e-05,4.6597302336950276e-05,8.433879281043572e-06,1.4484936963817548e-05,1.1967688883258156e-05,0.0008064562342808571,2.580178093973252e-05,0.014359795438172653,2.634914941299919e-08,0.0021996710508745626,5.995847558164622e-08,3.613556569251543e-05,0.9813944695081589,2.6849447001290457e-06,6.74787139630091e-08,4.985817220413952e-07
7,2.95842115082478e-05,8.87072828056454e-05,1.2414360247772028e-05,2.0207684899397603e-06,1.8191836099960117e-07,4.830118652841979e-05,8.940442275147135e-05,0.0011814425291522648,0.00012635344663426576,6.60864156061643e-05,7.432520528421171e-05,1.5207302579186909e-05,4.239401926247068e-05,9.980387167241502e-06,0.0007870879918894914,3.136123667432855e-05,0.0161434466585744,3.1678151594920935e-08,0.004194645429909776,5.405535477088659e-08,5.045060573171492e-05,0.9770045501872312,1.6120435010868132e-06,5.922983662899903e-08,2.9742676691358624e-07
8,1.583029635615272e-05,2.4999530537499612e-05,4.595126118511991e-06,1.4301717116472287e-06,1.0040383217184291e-07,2.2141350302937086e-05,4.654005183375374e-05,0.00033837662455218627,0.00023197207993801375,9.934115478468547e-05,3.268462449629402e-05,2.209228160279454e-06,3.957643379348241e-06,1.2766344914744963e-05,0.0010820041360424832,1.2672406230755504e-05,0.007060944387440777,1.866535290255959e-08,0.0008056028943292222,5.216759463013389e-08,2.273281007611328e-05,0.9901756393808442,2.355299809452773e-06,1.903131020779429e-07,8.429082591492283e-07
9,1.646258468940194e-05,2.2208471483404735e-05,6.9078615733040685e-06,1.916261390725337e-06,9.015855361796527e-08,3.521109151105618e-05,3.718824623124152e-05,0.0005961822302627786,0.00017644944013472718,0.00010306146757460105,3.761724837842849e-05,3.4699751824834307e-06,8.250256791745066e-06,1.1727955018435007e-05,0.0007868483766121046,2.15360581969649e-05,0.011622840084645852,2.0394075648694443e-08,0.0013622866609935742,7.684163065212972e-08,2.8411625977479693e-05,0.9851181764032519,2.5279682062881575e-06,1.4878507010832965e-07,3.8355256326591747e-07
10,1.9863470157822196e-05,5.051235634394148e-05,5.610960598351101e-06,1.5212195545997782e-06,1.2731007982682329e-07,4.615720384609943e-05,6.311177342176776e-05,0.0006647995500390578,0.00017142781692933506,6.97176406836421e-05,4.6597302336950276e-05,8.433879281043572e-06,1.4484936963817548e-05,1.1967688883258156e-05,0.0008064562342808571,2.580178093973252e-05,0.014359795438172653,2.634914941299919e-08,0.0021996710508745626,5.995847558164622e-08,3.613556569251543e-05,0.9813944695081589,2.6849447001290457e-06,6.74787139630091e-08,4.985817220413952e-07
11,1.978770380017265e-05,5.3947323757763346e-05,5.84819678703235e-06,1.5911283257681334e-06,1.309254537712766e-07,4.765043656853893e-05,6.508357077156724e-05,0.0007256342599261698,0.0001698178718314509,6.746120339555547e-05,4.807597825261585e-05,9.548449920413835e-06,1.7522236686709033e-05,1.2114779854712631e-05,0.000754920213201795,2.727155476378865e-05,0.015620079176154768,2.7406229359867878e-08,0.0023418637924187287,6.082402392705345e-08,3.55701460301182e-05,0.9799728314579316,2.6297036906219306e-06,6.285782635029472e-08,4.688023969819521e-07
12,2.4158465652618767e-05,0.0001358003663260955,6.148516218454143e-06,2.529231496509132e-06,5.435407631088871e-07,0.00010949780439564695,0.00011077311114102266,0.0003663037713700024,0.0003045597893502674,8.142718781017393e-05,9.677234067606574e-05,2.7784271979809514e-05,2.0965711276405097e-05,5.6913664109765866e-05,0.0011771680646192836,3.783537063733733e-05,0.018954387661731388,9.021270609284269e-08,0.0020977829252238588,1.35908405585636e-07,7.063383321481321e-05,0.9763055862499266,9.557879760268396e-06,9.550498573966352e-08,2.5486162232221955e-06
13,2.0082374218166646e-05,5.209771036793839e-05,5.750494188042996e-06,1.5640163221957107e-06,1.327037398922229e-07,4.5922998664376054e-05,6.274175909154484e-05,0.0006562186059649295,0.0001682073124638548,6.804836828372941e-05,5.104070089421325e-05,8.848504544391329e-06,1.528079962268253e-05,1.2402159555150167e-05,0.0008275223357074273,2.575563363309908e-05,0.014536157124291146,2.67436142934848e-08,0.0022350000111303926,5.8771661369559965e-08,3.728587206131438e-05,0.981166546856896,2.746380778935802e-06,6.847556783307779e-08,4.932867370232765e-07
14,4.35756108583589e-05,0.0007443093848055168,1.1558444795893507e-05,1.0098942381968423e-06,7.208320973859944e-07,0.00024055034423006732,0.00011524026680143303,0.0006401377453900109,0.00010413271012121003,5.701595798897963e-05,0.0002261014834888009,0.0001258679259330333,0.00012606556088355587,2.398107840147169e-05,0.0011281760513439463,7.114159872090844e-05,0.017220947176708176,4.4196165170143406e-08,0.02565699849982089,6.082202013783377e-08,0.0001401276739707981,0.9533189999654629,2.749485191845787e-06,2.247338893608777e-08,4.6481717239543237e-07
15,1.9863470157822196e-05,5.051235634394148e-05,5.610960598351101e-06,1.5212195545997782e-06,1.2731007982682329e-07,4.615720384609943e-05,6.311177342176776e-05,0.0006647995500390578,0.00017142781692933506,6.97176406836421e-05,4.6597302336950276e-05,8.433879281043572e-06,1.4484936963817548e-05,1.1967688883258156e-05,0.0008064562342808571,2.580178093973252e-05,0.014359795438172653,2.634914941299919e-08,0.0021996710508745626,5.995847558164622e-08,3.613556569251543e-05,0.9813944695081589,2.6849447001290457e-06,6.74787139630091e-08,4.985817220413952e-07
16,1.771048173617682e-05,3.3838517891293635e-05,3.795261655678946e-06,1.4770041991004093e-06,9.535969583157857e-08,3.145496817776177e-05,5.9380335573226e-05,0.0004137490568052359,8.43682204708853e-05,9.306002911588477e-05,3.787867589973381e-05,1.3475744193682897e-05,9.871379226988093e-06,1.6471235865306705e-05,0.0004709812721708856,2.347195463014239e-05,0.013284029765524025,6.091467810436872e-08,0.0013420965682431442,6.834007250159484e-08,6.885679408373179e-05,0.9839906595644132,2.3666987400097818e-06,5.2043487644437587e-08,7.298134495674855e-07
17,1.9158055033292233e-05,4.556071415210901e-05,3.6414095988998055e-06,1.1576290513314164e-06,9.739216044268319e-08,2.295655218747925e-05,4.883448219031625e-05,0.0005473881751180441,9.621258336061805e-05,4.412815116565404e-05,3.620813847245868e-05,1.8132760537984432e-05,1.7614172222381743e-05,1.4839897543324275e-05,0.0003055929091216825,1.6244293511691936e-05,0.01699381839582713,5.6759225935663e-08,0.0015928752756356745,5.610480419598647e-08,3.9229444492592364e-05,0.9801329583904668,2.560422224745734e-06,3.180944906164195e-08,6.460824462481578e-07
18,1.300212616490248e-05,3.30580405693972e-05,1.627174234867232e-06,5.871321669620618e-07,4.403198751196273e-08,2.023337848734612e-05,3.904999016543844e-05,0.000273322250299585,0.00011970059387785055,5.128061648054366e-05,2.01293685052871e-05,8.438348176306635e-06,7.0747609038379135e-06,1.1933443710097689e-05,0.0002707398777992062,1.1177655306253444e-05,0.01493741751195438,3.6111855052919425e-08,0.000841024210349146,4.0423927534838115e-08,1.9807328084609256e-05,0.9833174220603159,1.970410428504536e-06,3.327603247159992e-08,8.49878217196618e-07
19,1.8203891043450726e-05,5.619481409492563e-05,6.8120715900975765e-06,1.6849030206231472e-06,1.5950559459963575e-07,3.7076537252882457e-05,6.721658953789783e-05,0.0008126745606794421,0.00014429055460870953,5.437239454069199e-05,4.636800186391659e-05,1.1485308973500706e-05,2.0741077355712812e-05,1.17452021834882e-05,0.0006620441982347195,2.3276688255235294e-05,0.013702633016649956,2.863031984239419e-08,0.002371080696838815,5.5350182480500543e-08,3.460031293243609e-05,0.9819148131328646,1.9986109878640875e-06,4.887854991765855e-08,3.9507184435071147e-07
20,8.907532290522182e-06,2.728897721331047e-05,4.21987237374595e-06,9.56142093221777e-07,7.62803851815995e-08,2.60741682733825e-05,4.917040346459538e-05,0.0005476722873418178,8.194764575771086e-05,4.1596318035791034e-05,3.280773579347497e-05,3.647386030619086e-06,6.92202139376127e-06,6.526571679085426e-06,0.0011542943278469995,1.211680451375117e-05,0.006429835973188628,9.02577205079743e-09,0.0016435852543379575,3.6306287239549186e-08,3.44331092234321e-05,0.9898857432289566,1.8073358844834868e-06,4.466350956308422e-08,2.8062835281604567e-07
21,3.0693315053693806e-05,7.64524727786166e-05,6.5643593675827585e-06,1.9087324400057784e-06,2.210327420862032e-07,4.467231387669661e-05,5.455380441325755e-05,0.0005464578858196691,0.00017160784700937927,0.00010674116227928811,7.233688322183731e-05,1.7194018582770097e-05,1.8179111339514245e-05,1.917006132040422e-05,0.0006418292305446309,3.16448941920287e-05,0.01533187947498318,5.246232442853715e-08,0.002564021271927152,7.110417583040884e-08,6.764932395547447e-05,0.9801924959484606,2.844307903826146e-06,8.14306876623126e-08,6.775506003860955e-07
22,1.9208268056636668e-05,3.1583886114058424e-05,6.0848017276217355e-06,1.8710813483731806e-06,8.275777462877803e-08,3.827734461794637e-05,4.319162450165723e-05,0.0005805192411726479,0.00011311708318072717,8.219018936272996e-05,5.024726850066169e-05,8.569619216895812e-06,1.2495371269405446e-05,1.1882496524276314e-05,0.0006253765042202923,2.4913941544730847e-05,0.01866727530854339,3.282094437834448e-08,0.001557195301117415,5.614298386262246e-08,4.232980284982591e-05,0.9780809139757463,2.151987255162478e-06,8.113373305439061e-08,3.520476932439297e-07
23,1.9863470157822196e-05,5.051235634394148e-05,5.610960598351101e-06,1.5212195545997782e-06,1.2731007982682329e-07,4.615720384609943e-05,6.311177342176776e-05,0.0006647995500390578,0.00017142781692933506,6.97176406836421e-05,4.6597302336950276e-05,8.433879281043572e-06,1.4484936963817548e-05,1.1967688883258156e-05,0.0008064562342808571,2.580178093973252e-05,0.014359795438172653,2.634914941299919e-08,0.0021996710508745626,5.995847558164622e-08,3.613556569251543e-05,0.9813944695081589,2.6849447001290457e-06,6.74787139630091e-08,4.985817220413952e-07
24,2.3671933723194047e-05,7.150520861178524e-05,7.2084085959101016e-06,2.9749051066922353e-06,2.8090379278842777e-07,5.42286935362551e-05,7.82852233314804e-05,0.0008109124389705804,0.0002227899798935139,7.922919573923975e-05,7.994198381317638e-05,1.7148631344626446e-05,2.960215684975899e-05,2.3848781957060805e-05,0.0007724687289322097,4.27345851417408e-05,0.01950167708508134,4.9163035799500584e-08,0.0024473737914687765,7.966327781594396e-08,4.65471231045514e-05,0.9756827460938331,3.984041297939827e-06,8.132768956997626e-08,6.299518712116907e-07
25,2.7928622939913995e-05,3.865161649269681e-05,7.446455817754813e-06,2.5470766312921393e-06,1.4365077624375615e-07,2.913434578023915e-05,8.015812962309985e-05,0.00136630234254366,0.0001232219975684476,6.831632975237485e-05,6.872654532373252e-05,1.0622646329935384e-05,2.4713870370471312e-05,9.906361986430053e-06,0.0008092403721007168,3.452218953423395e-05,0.0151456738001703,3.683380507662128e-08,0.002997858574045582,6.180941780878701e-08,5.158255617394976e-05,0.9791001587260767,2.6530676676573753e-06,6.273260233950544e-08,3.2934646933546705e-07
26,4.225660991241685e-05,6.832301460635389e-05,7.660830125473821e-06,3.0710537339947833e-06,2.1910977220583732e-07,6.58796274534102e-05,8.645590233545427e-05,0.0010278273488822343,0.0005529480491251987,0.00010910708340236234,6.175054102514307e-05,8.183951771965953e-06,1.773861475995432e-05,1.5559084298684154e-05,0.001044586268733359,4.3153466778870424e-05,0.023670491545527843,4.201269935191566e-08,0.0022326501372944858,1.0237335439449224e-07,3.806714557142353e-05,0.9708966907533665,6.035028809650617e-06,2.0250886165420481e-07,9.979377975889221e-07
27,1.1484932501012663e-05,3.187306260898279e-05,3.2307630572499105e-06,8.295549335290433e-07,8.133333332941063e-08,2.9524410443974375e-05,4.885740219760413e-05,0.0004257056410756982,0.00018205597034035739,6.211549533453395e-05,2.6233525820468e-05,3.6115192908703322e-06,6.709261321202263e-06,8.559490601836722e-06,0.0007508727147241322,1.4907708406791025e-05,0.008441284803938685,1.3185517164856781e-08,0.0013617593246072087,4.82090854681216e-08,1.9086372527306013e-05,0.988568679163079,1.933051070184525e-06,6.064987655666877e-08,4.82454306907594e-07
28,1.9863470157822196e-05,5.051235634394148e-05,5.610960598351101e-06,1.5212195545997782e-06,1.2731007982682329e-07,4.615720384609943e-05,6.311177342176776e-05,0.0006647995500390578,0.00017142781692933506,6.97176406836421e-05,4.6597302336950276e-05,8.433879281043572e-06,1.4484936963817548e-05,1.1967688883258156e-05,0.0008064562342808571,2.580178093973252e-05,0.014359795438172653,2.634914941299919e-08,0.0021996710508745626,5.995847558164622e-08,3.613556569251543e-05,0.9813944695081589,2.6849447001290457e-06,6.74787139630091e-08,4.985817220413952e-07
29,1.9863470157822196e-05,5.051235634394148e-05,5.610960598351101e-06,1.5212195545997782e-06,1.2731007982682329e-07,4.615720384609943e-05,6.311177342176776e-05,0.0006647995500390578,0.00017142781692933506,6.97176406836421e-05,4.6597302336950276e-05,8.433879281043572e-06,1.4484936963817548e-05,1.1967688883258156e-05,0.0008064562342808571,2.580178093973252e-05,0.014359795438172653,2.634914941299919e-08,0.0021996710508745626,5.995847558164622e-08,3.613556569251543e-05,0.9813944695081589,2.6849447001290457e-06,6.74787139630091e-08,4.985817220413952e-07
30,1.9863470157822196e-05,5.051235634394148e-05,5.610960598351101e-06,1.5212195545997782e-06,1.2731007982682329e-07,4.615720384609943e-05,6.311177342176776e-05,0.0006647995500390578,0.00017142781692933506,6.97176406836421e-05,4.6597302336950276e-05,8.433879281043572e-06,1.4484936963817548e-05,1.1967688883258156e-05,0.0008064562342808571,2.580178093973252e-05,0.014359795438172653,2.634914941299919e-08,0.0021996710508745626,5.995847558164622e-08,3.613556569251543e-05,0.9813944695081589,2.6849447001290457e-06,6.74787139630091e-08,4.985817220413952e-07
31,3.569522976451541e-05,5.316395007118356e-05,8.589878999242503e-06,1.5650382864038452e-06,1.2811476103111132e-07,3.303629853058624e-05,6.308312594867544e-05,0.0013284806326726197,0.00015095979366858665,6.463236872440435e-05,3.562444327561109e-05,1.0876276200398795e-05,2.0459306938232225e-05,8.144480887664892e-06,0.0005483148192801905,2.5360598488143543e-05,0.015707383406825325,3.928872941201989e-08,0.0033691385122862076,7.13990767359476e-08,3.932730509022429e-05,0.9784931905338257,2.2238000024576384e-06,5.477687258406864e-08,4.5662079379081017e-07
32,1.8027602765012645e-05,4.8477571735064684e-05,5.291181603264612e-06,1.2675594751268218e-06,1.2119824144799948e-07,4.378222299960542e-05,5.9265960268448656e-05,0.000661216107106169,0.00015181426751185838,6.260755579243273e-05,4.2534303188577864e-05,8.131978506834311e-06,1.396925031376283e-05,1.068536378403631e-05,0.0007825512280573386,2.3915614724130327e-05,0.012597941914607629,2.2588833629470322e-08,0.0024773764476718144,5.9025044485922514e-08,3.440219463431079e-05,0.9829535178289728,2.5132417436495233e-06,5.6245251593366434e-08,4.515471669041154e-07
33,1.531972975690217e-05,4.103693673356433e-05,3.9380690181598805e-06,1.1868607247286009e-06,7.416562857819911e-08,3.5579855993168504e-05,5.696040560549515e-05,0.0006701400026851767,0.0001313718620294336,5.8077815793660814e-05,3.280794028787787e-05,1.1019237562188887e-05,2.059336552018905e-05,1.0669546299796059e-05,0.0003669730451799205,2.5611192989649956e-05,0.019402513162393425,3.047397372004888e-08,0.0018276705518328476,4.94073453381937e-08,2.1830040135184932e-05,0.9772645508200977,1.6229069663776353e-06,3.6048977379993396e-08,3.365564694221445e-07
34,3.320428060444488e-05,7.490806712183422e-05,5.8132247642814895e-06,8.067715179586396e-07,2.174406416337978e-07,2.1453126875691122e-05,5.01704489686002e-05,0.0005902305418050315,0.000211002480066105,6.761633254992015e-05,4.9029353079315115e-05,7.450202872563095e-06,1.4211758584634934e-05,9.119717938727049e-06,0.0006377029748566103,1.607292580293241e-05,0.006807626527451974,2.0687789610512333e-08,0.004481660358071657,4.9602102372454564e-08,3.236100612376147e-05,0.9868866002340534,1.979776711236767e-06,6.161037835405833e-08,6.305492673756079e-07
35,5.5710771684566854e-05,4.990675234552932e-05,4.363287021882886e-06,1.2164554531674616e-06,7.159305528632951e-08,1.9814816076340795e-05,6.361380352166121e-05,0.0014077036386124142,0.00024701337123700216,8.468375270723931e-05,2.5179608730454753e-05,1.1305417960934213e-05,1.862327796393599e-05,5.926694175986411e-06,0.00026749753457582133,2.8552747085564267e-05,0.023201132338488445,5.7572670987724726e-08,0.0025721051344651923,4.9995896510366097e-08,2.2170372871761807e-05,0.9719113182418067,1.4346286536105202e-06,4.878251531273099e-08,4.994104237458528e-07
36,0.00015360575855210082,0.00032534163995352755,9.467416496844585e-05,1.1265463127606741e-05,4.017367573450991e-06,0.00016634977271365507,0.00012936401407217152,0.0004744680554715205,0.000263709006459859,0.0003029018281438916,0.001264461835927643,1.2116281540061469e-05,1.8010452989153714e-05,6.48147875317986e-05,0.015924692913956325,3.2099544637724025e-05,0.004452105734491009,6.870154338346283e-08,0.010091060777893249,1.9178013425225303e-07,0.0011681057313897847,0.9650236611642362,1.7930066414355775e-05,2.1089463994211906e-06,2.874209879076225e-06
37,4.29874050507611e-05,4.5683854539679025e-05,9.701666125243234e-06,2.6199431891542116e-06,1.3964391228693466e-07,3.640233393561702e-05,6.183541238342664e-05,0.0007165049569861401,0.0001713092915447639,9.889539215115249e-05,7.194064013040271e-05,1.0106469687925588e-05,1.6049079775434036e-05,1.5328849696652282e-05,0.0007802585452007347,2.745633359883248e-05,0.01881523927335045,6.18783935409364e-08,0.0020460245066046025,7.211296210030219e-08,4.392870518391384e-05,0.976983878811081,2.7641554340151454e-06,1.6817056815239597e-07,6.425685139630819e-07
38,1.9732404867926603e-05,5.4615571871709375e-05,6.37284482390065e-06,1.6304830367398246e-06,1.225603821066491e-07,8.311357045634503e-05,8.944362726547557e-05,0.000940513519721196,0.00013560290201029493,7.126707858996027e-05,5.188893112149005e-05,1.0797629870702904e-05,2.067050235898935e-05,1.0792392375684176e-05,0.0010656920692386604,4.475493898693866e-05,0.01682412581851216,2.591755018414901e-08,0.003606063398626958,7.585812669552466e-08,4.95911911803856e-05,0.9769093119791805,3.333529385045136e-06,5.494915397635147e-08,4.063313058986101e-07
39,1.9413569603369485e-05,4.806183865570371e-05,5.458125029513007e-06,1.5164268777094273e-06,1.2095324130328106e-07,4.679401784526604e-05,6.600345327647892e-05,0.0007127330249665926,0.0001620864647556219,6.833764879510146e-05,4.341957846722876e-05,8.413312564640773e-06,1.4319846230328239e-05,1.1297246599038655e-05,0.0008073889392954633,2.6572075280013894e-05,0.014421233606454552,2.626903792620738e-08,0.0022462735283815998,6.167399771118099e-08,3.779780668979005e-05,0.9812493441414816,2.765307727980789e-06,6.240858307635505e-08,4.987361625540239e-07
40,1.002548553714088e-05,6.785201972732101e-05,7.369409097321643e-06,5.921163171195871e-07,1.6560533363436616e-07,4.2308035584322946e-05,3.415700514180698e-05,0.00026595537603789793,7.241666467848873e-05,3.815619323349093e-05,3.808141721487712e-05,9.191645739423676e-06,9.52373729715227e-06,1.1657325178837992e-05,0.0008551800548995818,1.001419884628583e-05,0.005814350928012623,1.3301153984149858e-08,0.0025509068078147673,4.380300144417787e-08,3.254244598999643e-05,0.9901279181734064,1.1892046718214914e-06,3.5809865597829284e-08,3.53236218882104e-07
41,3.6702065105530195e-05,0.0002498005377358974,1.3794735477440139e-05,5.73510483774757e-06,6.801273018008931e-07,0.00019660432509892046,0.0001411506097040231,0.0015595645524137363,0.0015714813086501217,0.00017567338528805154,8.707801755536399e-05,1.1169153268898208e-05,4.494466496132619e-05,2.490385539193047e-05,0.001601852680735134,9.440624015911149e-05,0.03343756559741066,2.841228655306984e-08,0.0030526026434982904,9.164602799322225e-08,3.742114908165182e-05,0.9576505616223012,5.179325640844009e-06,1.8085207320361784e-07,8.273879946487146e-07
42,0.000919062094938213,0.0015184689702015285,3.280683779780875e-05,0.00024320595215486241,9.941835200397485e-06,0.0023302244694840385,0.0017130801039116868,0.0004549492915663089,0.01575738965516622,0.001076625560991263,0.004332495464497869,0.00013841536267790612,0.00020613215962708766,0.002660597282473866,0.0075549044024472295,0.0009408897597307617,0.46084119739241924,9.98670712797328e-06,0.0008594626769778221,7.040154454679251e-07,0.00022159216942112635,0.4975474959516366,0.0004530547993793547,1.7836473014778933e-05,0.0001594806117103785
43,2.7178613061204923e-05,7.989281478637921e-05,7.352779544367717e-06,1.930026038320722e-06,1.7720940118893844e-07,5.282738239393931e-05,8.110178197089522e-05,0.0007774253797542698,0.00016455333888923794,5.34694140900914e-05,7.009540741874785e-05,1.610519220255083e-05,2.42561142632401e-05,1.5069874789728692e-05,0.0009148568720284475,2.942620633650322e-05,0.01946872737301758,4.04673218051016e-08,0.0027529865100844562,5.464352986617126e-08,4.473610269910559e-05,0.9754138545706371,3.2129051597756356e-06,6.44315443405597e-08,6.045890370627827e-07
44,1.9863470157822196e-05,5.051235634394148e-05,5.610960598351101e-06,1.5212195545997782e-06,1.2731007982682329e-07,4.615720384609943e-05,6.311177342176776e-05,0.0006647995500390578,0.00017142781692933506,6.97176406836421e-05,4.6597302336950276e-05,8.433879281043572e-06,1.4484936963817548e-05,1.1967688883258156e-05,0.0008064562342808571,2.580178093973252e-05,0.014359795438172653,2.634914941299919e-08,0.0021996710508745626,5.995847558164622e-08,3.613556569251543e-05,0.9813944695081589,2.6849447001290457e-06,6.74787139630091e-08,4.985817220413952e-07
45,1.5096891345177645e-05,3.2556474414897644e-05,7.317914312412884e-06,1.8825079655548006e-06,1.0176883987278234e-07,6.770339371402541e-05,0.00011857422197539947,0.001551204178452132,0.00015378210067771973,7.557913698110273e-05,3.611700791826803e-05,4.237336062700081e-06,1.4001572127479815e-05,6.08630514457549e-06,0.0018630456998730016,4.520024039077828e-05,0.011047802816737057,1.2751669709704436e-08,0.003263174873164764,7.158424832155159e-08,3.480078174646815e-05,0.9816590055146583,2.3208823576196422e-06,6.726209855589622e-08,2.5678312386529143e-07
46,1.756176549966951e-05,5.6338321786588676e-05,5.228432802153745e-06,1.1716920400308117e-06,1.8483742379056505e-07,3.728739581738175e-05,6.973825883940217e-05,0.0005183150132759058,0.00018378035140823452,6.958559164872835e-05,4.56969493773159e-05,6.893878289988171e-06,1.1713547797255744e-05,1.3079930620277452e-05,0.0009426283525110605,2.047018943415042e-05,0.008196795487827976,2.1862836684209365e-08,0.002429007741312789,5.964700828970842e-08,3.493734826672504e-05,0.987336238025956,2.555494017705786e-06,6.100558798300295e-08,6.488786139262931e-07
47,1.4560424416221934e-05,3.6805819071066584e-05,1.7193491600472418e-06,1.7912560737708095e-07,2.7969476349252066e-08,1.1491002793811115e-05,2.8540561409682947e-05,0.0004158838132902696,6.395791152590104e-05,3.289079020157167e-05,8.80900361453426e-06,8.595974189086617e-06,6.940613616929359e-06,2.7789735020905946e-06,0.00016396116586906602,7.868526511679914e-06,0.007887380044921172,1.5850295029623992e-08,0.0022041959626935433,2.4229363079371763e-08,1.33422990800741e-05,0.9890892980176835,4.444687366735879e-07,1.036608111705791e-08,2.7773689016302715e-07
48,2.113229884328887e-05,6.28316965920004e-05,5.821326188125434e-06,1.5122173383907053e-06,9.776295047356595e-08,7.098745902897239e-05,8.624229878049257e-05,0.0011714261388788678,0.0001639270548946603,6.36926173745042e-05,3.7702231894901453e-05,1.159620136785312e-05,2.4164742077403826e-05,8.682876382945488e-06,0.0007136273700433368,3.8363614566992875e-05,0.022371313733754793,2.4725981747186017e-08,0.0034557181705626404,6.078459409335744e-08,3.748000874897442e-05,0.9716507393475096,2.4533770557114848e-06,4.143955028446624e-08,3.6050503871195866e-07
49,1.000163087669915e-05,3.9227482399363784e-05,5.322345850544148e-06,8.310261641473809e-07,7.347067420937073e-08,4.212089597796301e-05,3.640422198727055e-05,0.000381426596728737,7.625434250841775e-05,4.6287574535999463e-05,2.9158024238642287e-05,8.844391583045094e-06,1.0588827661139386e-05,9.614815816099547e-06,0.0005349386835521408,1.3422628667875168e-05,0.011275879771563007,1.8540032191507095e-08,0.0016396066943565929,4.891681282569977e-08,2.984201202481489e-05,0.9858084602083588,1.2998393863377086e-06,3.800266803915844e-08,2.8905557485597746e-07
50,1.002183839307806e-05,1.621045515736078e-05,1.39378869891798e-06,3.2761718991694735e-07,4.289828667020631e-08,8.119013573779609e-06,6.689448799896966e-05,0.0004141908611442617,0.00012096833295140863,7.082173852561415e-05,9.64722812689855e-06,1.6623710635779286e-06,3.5237892160323015e-06,4.35559916924954e-06,0.00041397383698240996,9.282469644428585e-06,0.0032730930937613562,1.1206877948387194e-08,0.0013812509942119438,3.618027920981683e-08,1.1196752553572658e-05,0.9941815316194305,8.361890165758116e-07,2.5501000267328678e-08,5.821367460575503e-07
51,2.1665020610631684e-05,8.397371583384153e-05,9.13252327793948e-06,3.3869750488942678e-06,1.73139717723523e-07,3.3979860486051615e-05,5.777585267022078e-05,0.0008974378610643541,0.0003326559157330651,8.851827008179698e-05,5.988433624118653e-05,7.966450455877109e-06,2.4228162088159317e-05,1.2900381629367258e-05,0.0006345175659776562,2.1131220438700132e-05,0.020043564671707106,2.1533916419249968e-08,0.0012101587504202947,2.9799141795822486e-08,2.895461346142035e-05,0.9764263991848185,1.1827324957873952e-06,9.949720403318735e-08,2.6196547914545935e-07
52,2.1733335930122265e-05,4.588442360242965e-05,6.07936426390193e-06,1.7898381070918693e-06,1.28100789608582e-07,4.8139655629315745e-05,6.365813687646245e-05,0.0006857953186105943,0.00018139472173271315,8.111919171707172e-05,5.2189539628653466e-05,8.346886086537124e-06,1.5377009163715904e-05,1.29245168710585e-05,0.0008113882227338373,2.9862950690932353e-05,0.0157024024766745,3.0510823197279765e-08,0.0021162438054155726,6.744373236931802e-08,3.602294200062406e-05,0.9800760267774558,2.8192221575059127e-06,8.45923632245016e-08,4.910169431856022e-07
53,1.4156118092078742e-05,3.11959923001359e-05,2.704708700065697e-06,1.9418992967080704e-06,1.166375987291435e-07,4.610970342049204e-05,0.00021316371445747744,0.0009464201531921425,0.0002917892694854299,7.717516912059384e-05,3.747498296586936e-05,4.627700895321978e-06,1.2192974073970166e-05,1.2875633171105197e-05,0.0014696901834725623,4.17150235750032e-05,0.011972452194591388,2.7863671850172076e-08,0.0015638720251597103,8.729301440997521e-08,2.7084562779211593e-05,0.9832264878685216,5.526595738182614e-06,7.399798801475662e-08,1.0377347178597328e-06
54,1.7841108734417785e-05,9.296201821596665e-05,2.125030471414993e-06,5.859081800024954e-07,1.0017990829107824e-07,3.577899658585898e-05,7.48194469488855e-05,0.0004017285001825606,0.0002445272160277998,6.863086631909036e-05,2.236687966702536e-05,1.071127270859275e-05,1.040393347983289e-05,1.1244205612242994e-05,0.00047413791491909406,2.1221897170868236e-05,0.012801437463361171,2.6913778350983422e-08,0.0017767834030444692,3.6253132383848435e-08,2.0818519303231703e-05,0.9839091242790408,1.6179469306036886e-06,3.063142540721678e-08,9.392148514458568e-07
55,5.571064430816329e-05,0.00023847745403005977,5.0783247904892704e-06,1.4664911959981116e-06,3.4888272304950565e-07,3.845794413972618e-05,0.00011900832858743262,0.000576524073897961,0.0003836159993479684,6.957386118220913e-05,6.438854107313833e-05,5.828244171874502e-05,3.272780365369572e-05,2.2301930203171016e-05,0.000451485271509569,3.179374232696803e-05,0.024323559996216142,1.4077708537843122e-07,0.002712013250446722,5.658286776594417e-08,4.492967644683527e-05,0.9707655171243093,2.4869293331198233e-06,5.2707660614261407e-08,2.001220945770458e-06
56,1.9900506951808226e-05,5.5517068297186805e-05,5.791002639720713e-06,1.5314996787165513e-06,1.3517599601463406e-07,4.559867730785935e-05,6.542745054005518e-05,0.0006809309331635255,0.0001743158181047532,6.692268746358372e-05,4.923798877825201e-05,9.48369457358704e-06,1.7143830815897563e-05,1.2401972352018134e-05,0.0007643706047019236,2.5843809191623948e-05,0.014878710236888245,2.7823974413251576e-08,0.0022782131858687118,5.967721631345865e-08,3.4457778275532385e-05,0.9808108489252175,2.5694129086479782e-06,6.434141443471578e-08,4.958976793065484e-07
57,1.1491156623047037e-05,4.143901717440502e-05,4.370823718301298e-06,4.870790844024765e-07,8.667464524102773e-08,2.5422198912106494e-05,3.031338611853004e-05,0.0005316176587420756,5.702371264150602e-05,3.2521247419655614e-05,2.4912970908055547e-05,1.1447992578219968e-05,1.1951015820723212e-05,5.656767392141919e-06,0.00040338589746694275,1.2999521965672889e-05,0.007616627469685326,1.374491989307618e-08,0.0036996909857234827,4.146748948025915e-08,3.398318500492331e-05,0.9874432031518576,1.0866569388451292e-06,1.6674944613643733e-08,2.0954222495729134e-07
58,1.9828187136476326e-05,4.616738684328188e-05,5.998638803573265e-06,1.5352913244166689e-06,1.215242323194486e-07,4.368600010803904e-05,5.888005733381942e-05,0.0006198755750118258,0.0001757023898644791,7.27418285490074e-05,4.8587695962216745e-05,7.244316971849065e-06,1.3392757338942284e-05,1.1557669275665956e-05,0.0008635114295331032,2.4288746739609084e-05,0.013422875286188601,2.4669062401882565e-08,0.0020319878535478043,6.047434924511828e-08,3.3303467466555194e-05,0.9824955221553969,2.5395730475360575e-06,8.641509982980752e-08,4.806108124334907e-07
59,1.904463880549185e-05,4.291314124335315e-05,6.330691929187355e-06,1.6039782010772768e-06,1.2046429741210112e-07,4.327038006352514e-05,5.454596447787269e-05,0.00057836319075723,0.0001742125195677663,7.72905482734921e-05,4.8323471939364065e-05,6.533579333708903e-06,1.155948326548093e-05,1.1848756397027594e-05,0.0009099204529033449,2.2899450099483972e-05,0.012986035110706336,2.3929974983977695e-08,0.0018519533288229456,6.157178274069026e-08,3.4332701932556495e-05,0.9831157214737967,2.5123533877239123e-06,9.86092394793861e-08,4.802088017548445e-07
60,1.9863470157822196e-05,5.051235634394148e-05,5.610960598351101e-06,1.5212195545997782e-06,1.2731007982682329e-07,4.615720384609943e-05,6.311177342176776e-05,0.0006647995500390578,0.00017142781692933506,6.97176406836421e-05,4.6597302336950276e-05,8.433879281043572e-06,1.4484936963817548e-05,1.1967688883258156e-05,0.0008064562342808571,2.580178093973252e-05,0.014359795438172653,2.634914941299919e-08,0.0021996710508745626,5.995847558164622e-08,3.613556569251543e-05,0.9813944695081589,2.6849447001290457e-06,6.74787139630091e-08,4.985817220413952e-07
61,2.0019312694129635e-05,4.271922545253419e-05,6.85391848001652e-06,1.7143830948008099e-06,1.1948654024845468e-07,4.489560614073673e-05,5.507702476537426e-05,0.0006520309840815407,0.00016351538638572217,7.586103752726099e-05,4.843378283795403e-05,6.915036160822803e-06,1.2601593080677265e-05,1.1560997229335946e-05,0.0008958853241685329,2.3907324685179862e-05,0.013766692448194935,2.4956601560628663e-08,0.0019707998826696705,6.287203396508436e-08,3.668643473582315e-05,0.9821605461438419,2.535318505474514e-06,9.349050288089864e-08,4.480295888023371e-07
62,1.9863470157822196e-05,5.051235634394148e-05,5.610960598351101e-06,1.5212195545997782e-06,1.2731007982682329e-07,4.615720384609943e-05,6.311177342176776e-05,0.0006647995500390578,0.00017142781692933506,6.97176406836421e-05,4.6597302336950276e-05,8.433879281043572e-06,1.4484936963817548e-05,1.1967688883258156e-05,0.0008064562342808571,2.580178093973252e-05,0.014359795438172653,2.634914941299919e-08,0.0021996710508745626,5.995847558164622e-08,3.613556569251543e-05,0.9813944695081589,2.6849447001290457e-06,6.74787139630091e-08,4.985817220413952e-07
63,1.994756887132428e-05,5.471364831377751e-05,5.506662892609685e-06,1.428167503526013e-06,1.2887487933251579e-07,4.515510564614998e-05,6.276755992147555e-05,0.0006454995314601232,0.0001748083444512979,6.776004101859793e-05,4.5926910296370767e-05,8.598951553730548e-06,1.4557247272163585e-05,1.1766852243530552e-05,0.0007919168899846267,2.451349619348877e-05,0.014082672686741796,2.562531944168042e-08,0.0022110442951313266,5.654249811710733e-08,3.502371286130829e-05,0.9816930691309577,2.5425621508627807e-06,6.447074002506282e-08,5.051210974639847e-07
64,1.9047716295902677e-05,5.057832126438117e-05,6.236898043940929e-06,1.5485076596260685e-06,1.4003760750235137e-07,4.462291780510773e-05,6.169398618184889e-05,0.000690802775478191,0.00014167832982477386,6.80739782548453e-05,4.718882125334514e-05,8.43957798404743e-06,1.3289792458089371e-05,1.104786130766264e-05,0.000889585076350976,2.307835759054653e-05,0.011915009315797538,2.4101252190760342e-08,0.002414920199091479,6.196795988253508e-08,5.024781730837317e-05,0.9835393878516916,2.7542656926964712e-06,6.376210425505217e-08,4.777637413867733e-07
65,1.1100722124007393e-05,4.232989084575121e-05,7.886023134789491e-06,1.7774087479107432e-06,1.1482700449865007e-07,7.209244890113893e-05,6.534794604856106e-05,0.0006741839106558992,0.00011653502200726902,6.034192491433891e-05,4.802753975261172e-05,5.192053112291112e-06,1.1117806806286982e-05,1.0161054488873876e-05,0.0017260964760225522,2.2999294984865495e-05,0.011349905797867203,1.2028170172887906e-08,0.0020845586134814586,5.6743100854187404e-08,4.9562326775102126e-05,0.9836374283283958,2.7740626902575258e-06,7.498508639360947e-08,3.227648810404316e-07
66,1.9553805139071673e-05,5.13675756784824e-05,7.897017750747528e-06,2.6190115511116003e-06,2.2840339319200866e-07,4.0824281472558275e-05,4.2941519585410126e-05,0.00041365134773323924,0.00013240821168146688,0.00011163352152144569,9.063455795721968e-05,1.4318647527197512e-05,1.7914753611961333e-05,2.3080735921757296e-05,0.0006570261861977035,3.4216844372246065e-05,0.015367562257127806,4.3977715559943395e-08,0.0017207377880835966,5.915835954666814e-08,6.0217463005383555e-05,0.9811882462293388,2.272010606254765e-06,9.930272576988558e-08,4.453919426746996e-07
67,5.0456073825317735e-06,2.445343593672371e-05,3.249759299017205e-06,1.1004028493772271e-06,4.177780457751799e-08,0.0001624794660891109,4.028472426729367e-05,0.0001368675712418611,4.9245365338585976e-05,5.6345400564540606e-05,4.494666500632626e-05,9.264473093869176e-06,7.502821679991298e-06,3.28993882520476e-05,0.0009271596499184425,1.7545103632553625e-05,0.020222537358280494,2.989152730102362e-08,0.0007636996838495085,1.2465630587768892e-07,5.356535424021281e-05,0.9774344240984232,6.377634764125861e-06,8.716719330313139e-08,7.22543059246387e-07
68,2.8198876102781126e-05,5.802383581885698e-05,8.509577635584133e-06,3.2378924835008526e-06,1.3880466930472124e-07,7.461473844510789e-05,0.00010700457932535163,0.001164654928554919,0.00017046848653920092,7.926756807634383e-05,6.822081287406455e-05,2.367735418066513e-05,4.2205371788547845e-05,1.9769820592509606e-05,0.0005985141212610473,4.806871329263017e-05,0.03234044314238971,8.707254028072793e-08,0.002536137810337199,1.0979463792012618e-07,6.0561828333794106e-05,0.9625632010571565,4.21877277664491e-06,6.789283060004528e-08,5.971473568797102e-07
69,1.2702680987748415e-05,3.653821726603549e-05,5.147481473058377e-06,9.05552965883655e-07,7.111669404896906e-08,5.536986787557408e-05,4.391302321542336e-05,0.0004934572371674431,6.406374228394431e-05,4.794806265534475e-05,4.250561588140782e-05,1.0223070639229062e-05,1.4674988171826595e-05,1.0098607880696895e-05,0.0006393648636824007,1.860325957341387e-05,0.012583619538408058,2.0548766067468377e-08,0.0028482107718637035,7.088505229077067e-08,4.706853541797895e-05,0.9830226661762672,2.4231659785370367e-06,4.081923408374036e-08,2.9217059860939177e-07
70,1.915951313248986e-05,4.736607713943763e-05,7.172025625715773e-06,3.924654329278628e-06,1.793129039024885e-07,0.00010954941991997034,9.069513017489315e-05,0.0009386331022745537,0.0003355933285303634,0.00012093383438825924,5.657636461875737e-05,1.1326019959128542e-05,2.4594134263888366e-05,2.4135476683128983e-05,0.0008470066012307845,6.972686771036123e-05,0.03095855306038636,4.873461147303686e-08,0.001754377999078097,1.3363919578532052e-07,3.8481324829575855e-05,0.964535562048133,5.512903525703618e-06,1.233729172208584e-07,6.350544380267969e-07
71,1.9768527405636312e-05,5.036615308797562e-05,5.616892564814516e-06,1.5187910861631733e-06,1.2673646780887195e-07,4.622349224625104e-05,6.298514432955983e-05,0.0006633959652512346,0.00017072406784197496,6.953269238932614e-05,4.6519591351258806e-05,8.40037236398251e-06,1.4447858591744723e-05,1.1945405449986817e-05,0.0008076562586354471,2.5698808600536606e-05,0.01434310477685577,2.6208177321875636e-08,0.002195877548414312,5.986216863641207e-08,3.609224012238105e-05,0.9814166693878116,2.679231390911483e-06,6.743839492718577e-08,4.965490003718342e-07
