,0,1,2,3,4,5,6,7,8,9,10,11,12,13,14,15,16,17,18,19,20,21,22,23,24
0,0.0002368398974318265,0.0003801133425467068,2.302088529001223e-08,1.762863822182567e-08,4.5865561312669285e-06,6.005955360431252e-07,8.878556679356188e-06,0.00013007853153543708,4.912314528682393e-07,6.348717992815636e-07,0.00010244651833667377,2.151450929704933e-05,4.940665124644955e-11,1.2769699506367291e-06,0.0601223210759277,5.521919598635555e-06,0.00030444802702579135,4.0993006061495246e-07,0.02184740370425939,1.4530604542093626e-09,0.0002964812289065474,0.9164730679827824,5.6699278023812936e-05,4.394920401275005e-07,5.703628687052543e-06
1,0.00014029878846521314,0.0004461253098384533,1.3753590443231639e-08,2.1234133868508656e-08,3.2826592566348676e-06,4.5299273779193876e-07,7.079527767075082e-06,0.000129000778096139,4.933534039322716e-07,1.177275322251652e-06,4.594029495205535e-05,1.1361439779071036e-05,2.81743500815689e-11,1.2830500308417655e-06,0.05944819822338557,6.896214208276308e-06,0.00021676541917699927,2.620230387169553e-07,0.030065034991151856,1.196369514102361e-09,0.0004274188381744788,0.9089868777553134,5.195709638652213e-05,2.676426908003956e-07,9.790114555848637e-06
2,0.00010842417732970907,0.00038407794533119714,5.662918287506175e-09,1.329741916168763e-08,2.095561706411421e-06,3.2215205211800285e-07,3.641230102411389e-06,5.898387385695654e-05,1.4675617106956772e-07,5.974431145131383e-07,3.2472600159059037e-05,7.659550825303307e-06,1.717688235867985e-11,9.030400567504335e-07,0.05626976451236382,4.073036430143444e-06,0.00027755055063429245,2.322484079632882e-07,0.011026899992325902,5.963073464391223e-10,0.00029714888115211466,0.9314303680751645,8.77962398254224e-05,2.1997302604875272e-07,6.602586142513027e-06
3,0.0001426268267419323,0.0005013657784685686,9.60297279128991e-09,2.1781412720722902e-08,2.8949168198353584e-06,3.208956645925134e-07,5.143645026583781e-06,9.828232037451577e-05,1.9915594761590945e-07,7.970505955930877e-07,4.8353895185678395e-05,1.1882763777001034e-05,2.7693424376635046e-11,1.0888999736894351e-06,0.040235219758343675,3.56752587247273e-06,0.0003153574773375137,4.4273409186854643e-07,0.014138069951406002,8.953060462029787e-10,0.0003819078867972912,0.9440323945891226,7.149354138924892e-05,3.554215979918615e-07,8.202658080910109e-06
4,0.00013373750994511325,0.0005098285067544556,9.932898223397223e-09,2.059536820925385e-08,3.115566071949118e-06,3.427995446495134e-07,5.114536461697596e-06,8.695705940354935e-05,1.9373401612812124e-07,7.809643724669653e-07,4.74600039363591e-05,1.191881732242206e-05,3.372779770584957e-11,1.1988042321977055e-06,0.03882735378713916,3.4697122542848345e-06,0.0002990588814304136,4.50983184539722e-07,0.012872333825983634,9.075826719395457e-10,0.00034138717749805517,0.9467771934274588,7.068639655015172e-05,3.5954360742382576e-07,7.026493255741855e-06
5,0.00014231924111364865,0.0005924203075036572,9.852690356949437e-09,3.270382918113758e-08,3.38219481433295e-06,3.301915381659231e-07,5.518158202077748e-06,0.00011574112078740769,1.673307614669299e-07,9.792656840742743e-07,5.382141560900322e-05,1.2659720970947055e-05,3.3597809806100575e-11,1.2299429859417622e-06,0.03393771110327536,3.4139627565524076e-06,0.00036986859439393916,6.764108437845709e-07,0.01253499184694426,1.0718751554388996e-09,0.00047570681719405326,0.9516456106657187,9.364874596432717e-05,4.705749479358982e-07,9.288725997813409e-06
6,0.0001426268267419323,0.0005013657784685686,9.60297279128991e-09,2.1781412720722902e-08,2.8949168198353584e-06,3.208956645925134e-07,5.143645026583781e-06,9.828232037451577e-05,1.9915594761590945e-07,7.970505955930877e-07,4.8353895185678395e-05,1.1882763777001034e-05,2.7693424376635046e-11,1.0888999736894351e-06,0.040235219758343675,3.56752587247273e-06,0.0003153574773375137,4.4273409186854643e-07,0.014138069951406002,8.953060462029787e-10,0.0003819078867972912,0.9440323945891226,7.149354138924892e-05,3.554215979918615e-07,8.202658080910109e-06
7,0.0002680320634774317,0.0011632355665694072,2.3708944905881e-08,3.0395524695582626e-08,2.3914771094647345e-06,2.974515542597963e-07,1.5597723299807923e-05,0.00013715063242386455,4.239720869897795e-07,7.946088729896481e-07,0.00012699431072839444,1.585571666279736e-05,1.0847026161584071e-10,1.2036580807452674e-06,0.04323969740286555,2.3053559042574532e-06,0.00038968008456588207,8.691075816958843e-07,0.012711194335578643,2.361889242442184e-09,0.00026305535057725006,0.9415954937011064,5.5460450432333956e-05,9.943236080114657e-07,9.21613208473439e-06
8,0.0002206568906662436,0.0008024851966511005,1.590703677922071e-08,4.652052693040854e-08,3.5052658422575324e-06,1.9972570651664763e-07,7.761690140130918e-06,0.00019423613348955505,2.1913613479753988e-07,1.7152041669723678e-06,2.5903992657506994e-05,1.0427318004919403e-05,3.936015703118596e-11,1.324353621763264e-06,0.04883567947107891,5.8673582423133106e-06,0.0006227646149373278,4.517811921263456e-07,0.014474957481324139,1.1197184777000965e-09,0.0005301881368126809,0.9341087111406584,0.0001285952409005075,1.0638426235294337e-06,2.322243850607915e-05
9,0.0003072908627125233,0.0014095675448270873,4.112191760265114e-08,6.72547534293819e-08,5.077975254858849e-06,1.935607858386437e-07,1.293975513059629e-05,0.00031608523071971955,4.958200465604679e-07,1.9478825884291577e-06,4.780135377226997e-05,1.549535066443629e-05,1.0410246822113435e-10,1.490472363898972e-06,0.05667105220725418,4.356713778899814e-06,0.000843382438883714,7.02024706353371e-07,0.016748250744754722,2.094695843183947e-09,0.0005029549996811586,0.9229849124600435,9.240291859579802e-05,2.5729516334285648e-06,3.091615633270713e-05
10,0.0001426268267419323,0.0005013657784685686,9.60297279128991e-09,2.1781412720722902e-08,2.8949168198353584e-06,3.208956645925134e-07,5.143645026583781e-06,9.828232037451577e-05,1.9915594761590945e-07,7.970505955930877e-07,4.8353895185678395e-05,1.1882763777001034e-05,2.7693424376635046e-11,1.0888999736894351e-06,0.040235219758343675,3.56752587247273e-06,0.0003153574773375137,4.4273409186854643e-07,0.014138069951406002,8.953060462029787e-10,0.0003819078867972912,0.9440323945891226,7.149354138924892e-05,3.554215979918615e-07,8.202658080910109e-06
11,0.00014479176176116453,0.0005233143835125471,9.958991095900338e-09,2.210958347165703e-08,2.8875730234874075e-06,3.200463220047055e-07,5.310744755667304e-06,9.660169042348509e-05,1.979016485643825e-07,7.965433111203487e-07,4.9328978987719144e-05,1.2223177500312405e-05,3.197920174069624e-11,1.1203364377128348e-06,0.038646009164943436,3.423986325083062e-06,0.0003230954911228428,4.7026027599519237e-07,0.013229067037444085,9.500741575140693e-10,0.0003607186107228894,0.9465199961081775,7.199152697260262e-05,3.781539993719167e-07,7.923471704433133e-06
12,6.068291473822424e-05,0.00023819341332354614,2.05076523658598e-09,9.145815217414235e-09,2.6594838594498055e-06,2.124204506617472e-07,8.446084380864617e-07,1.81112352122125e-05,1.0360234278081276e-08,3.0199383535051807e-07,1.507508292578957e-05,1.0884418010356495e-05,1.2580718114477565e-11,1.1583932721668754e-06,0.009545455692233832,1.5645413198360434e-06,0.00028873193855281486,5.58734084352631e-07,0.002416040058898341,2.023607285968487e-10,0.0002191610157586612,0.9870589476622001,0.00011916121949518184,1.3502296987487404e-07,2.0983786649797725e-06
13,0.00014071157750524245,0.00046402482453788567,9.605569127449946e-09,2.006756105242781e-08,2.799064456321056e-06,3.057315774329775e-07,4.802364628723442e-06,9.460241412401661e-05,1.969104454496805e-07,6.883924167506435e-07,5.133935439998562e-05,1.2851370771567465e-05,2.64115626508291e-11,1.0628989742721073e-06,0.039828788778251266,3.2442557953184546e-06,0.00031778219180415607,4.2300988387135907e-07,0.013926631318314666,8.544754547510234e-10,0.0003729483445785029,0.9447028007112516,6.604057134759475e-05,3.227343078653098e-07,7.60262661010337e-06
14,0.00010944323933001601,0.000885553061045343,9.122880501203928e-09,2.5681190470745328e-08,3.7307719164786262e-06,3.5477010525138006e-07,6.1075164052803066e-06,0.00010350313499425308,2.0405194914893286e-07,1.333264937370311e-06,5.0715505281064735e-05,8.722643267195242e-06,3.9868609908495115e-11,1.1496972176299326e-06,0.03976563633624154,3.1280953062838093e-06,0.00026040589820526674,5.517722396063568e-07,0.014331662858114068,9.481666031284856e-10,0.0004140113439412253,0.9439785880507364,6.683023074704771e-05,5.134716113836597e-07,7.818494302026487e-06
15,0.0001426268267419323,0.0005013657784685686,9.60297279128991e-09,2.1781412720722902e-08,2.8949168198353584e-06,3.208956645925134e-07,5.143645026583781e-06,9.828232037451577e-05,1.9915594761590945e-07,7.970505955930877e-07,4.8353895185678395e-05,1.1882763777001034e-05,2.7693424376635046e-11,1.0888999736894351e-06,0.040235219758343675,3.56752587247273e-06,0.0003153574773375137,4.4273409186854643e-07,0.014138069951406002,8.953060462029787e-10,0.0003819078867972912,0.9440323945891226,7.149354138924892e-05,3.554215979918615e-07,8.202658080910109e-06
16,0.00011811194764726678,0.0004507324669871348,5.30833221961538e-09,2.3540437294585712e-08,2.0073360875559623e-06,3.277863340065624e-07,4.4058222029853705e-06,8.873303992677583e-05,1.135480835631114e-07,1.207792227875402e-06,3.687298937218978e-05,9.74226385947896e-06,1.6160453869980138e-11,9.870969186917181e-07,0.02649117924236568,4.32766882768058e-06,0.00026304596803450287,5.698214603377194e-07,0.012222868462479618,7.974107167549867e-10,0.0006513887102987179,0.9595717390699647,7.361979164989017e-05,2.493077821642564e-07,7.740205148369931e-06
17,0.00016054708591582142,0.0004917209365431429,1.0223832303131804e-08,3.9762825355867675e-08,3.1852110384345186e-06,3.3419958619572866e-07,5.37683598110181e-06,9.686393347611398e-05,1.1935131955658743e-07,8.234503775327214e-07,4.7568646323030214e-05,1.7366909285976506e-05,3.590669593026581e-11,1.9350614749807724e-06,0.023723832015451158,3.6974867660206234e-06,0.00034041189719521704,7.828231302381441e-07,0.01020422761850202,1.2053418854812205e-09,0.00046671385652531595,0.9643024478157403,0.00012157828412911766,3.552011759791817e-07,1.0060152156687803e-05
18,0.00018290727285927728,0.0004850123540309003,6.89018841360501e-09,1.4970800728088188e-08,1.4099586896972894e-06,9.773155196208517e-08,3.053309454877325e-06,6.780806951867215e-05,7.471327336257603e-08,5.365002706506529e-07,2.1013489826794692e-05,1.2583133329712638e-05,2.3384317701952184e-11,7.004651764623171e-07,0.01740246572309632,1.5124074354321163e-06,0.0005468007795731157,5.614111376840509e-07,0.006148953298241275,4.5899583959907915e-10,0.00026432573653628177,0.9748026680523135,4.8409432796523714e-05,4.513990335587018e-07,8.632418484599467e-06
19,9.89541498610332e-05,0.00040550747281418087,1.4617000711588487e-08,1.9870378485563867e-08,3.7149852701902374e-06,2.5504747943111924e-07,3.95914184281788e-06,0.00011051856825280515,2.525753039281315e-07,7.173126322647374e-07,4.1899713313645116e-05,1.565296387194521e-05,3.536219719190557e-11,1.137531224952709e-06,0.03045107266183671,2.4811161154346486e-06,0.00028157901571826676,3.568722609414599e-07,0.0129963546703349,9.94879034088418e-10,0.0002971740782264073,0.9552432984376049,3.832364428318864e-05,3.201130108814573e-07,6.434411120733642e-06
20,6.651943941891111e-05,0.0003174592228195007,5.524064178211641e-09,1.2563521669628357e-08,2.1143544591943285e-06,1.5179429515976e-07,2.2998183126735457e-06,8.440052728187714e-05,1.1754459412862196e-07,5.905119903384245e-07,2.1913081163228565e-05,7.547797097670001e-06,1.4645669762249526e-11,6.196703104815669e-07,0.027972782511990226,1.8967035173439292e-06,0.00027084386495177985,2.199361224457237e-07,0.009008322516219169,4.953251163267094e-10,0.00026722574799447555,0.961929472617981,4.073890118619212e-05,2.1973079495413763e-07,4.525109942675158e-06
21,0.00028023493748879035,0.0004963433877584018,1.5555167009987186e-08,3.2397373504474624e-08,3.5098150628164966e-06,5.904884773924606e-07,9.078562622058016e-06,9.377675770128209e-05,1.9014621198423938e-07,1.0343392010894875e-06,6.71536469834607e-05,2.6770704249882223e-05,5.1895081409829e-11,2.140951636265412e-06,0.03715536094314092,8.064870722537748e-06,0.00034937597756794887,7.411000004852203e-07,0.014468700189360967,1.5927487936013075e-09,0.0005016220063100599,0.9464019392368527,0.00012297715858370958,4.134071761883964e-07,9.931775706591285e-06
22,0.00014298198282011477,0.0003357514618920345,8.69258682955513e-09,1.742964118031651e-08,2.378813200331641e-06,3.73327457386573e-07,4.340588080565276e-06,7.653669072452169e-05,1.249555792363333e-07,5.995633046944085e-07,5.9395656001240596e-05,1.4253097390694358e-05,1.9264207968112235e-11,9.897532441688567e-07,0.028738197876196102,3.7309858605310248e-06,0.00031624493420684494,6.083970808294683e-07,0.009995135908151957,9.028880629435268e-10,0.00045603815435328154,0.9597755680908268,7.113894074429501e-05,2.7333805191216783e-07,5.310440452116529e-06
23,0.0001426268267419323,0.0005013657784685686,9.60297279128991e-09,2.1781412720722902e-08,2.8949168198353584e-06,3.208956645925134e-07,5.143645026583781e-06,9.828232037451577e-05,1.9915594761590945e-07,7.970505955930877e-07,4.8353895185678395e-05,1.1882763777001034e-05,2.7693424376635046e-11,1.0888999736894351e-06,0.040235219758343675,3.56752587247273e-06,0.0003153574773375137,4.4273409186854643e-07,0.014138069951406002,8.953060462029787e-10,0.0003819078867972912,0.9440323945891226,7.149354138924892e-05,3.554215979918615e-07,8.202658080910109e-06
24,0.00010239176531844579,0.0006322265719808838,8.705638110823838e-09,3.3080339806230696e-08,3.5812740167679363e-06,3.3493762016164316e-07,4.707942338623111e-06,9.855554872405637e-05,1.570964430437833e-07,1.0521114957498526e-06,4.3510771553424146e-05,1.1536847040700775e-05,3.5613705766566207e-11,1.5642402229642716e-06,0.027868425756472102,3.1563891390457254e-06,0.00025661109140652825,5.84894055531166e-07,0.013642017110707134,1.0862544378486374e-09,0.0004304565894069349,0.95681311846488,7.725905297326138e-05,3.1737843077060524e-07,8.391257927867383e-06
25,0.0002116341788875778,0.0005020235129795903,1.650552736202042e-08,4.7384350606531476e-08,3.1220705130929155e-06,2.3961598224202633e-07,9.14133885272886e-06,0.0002399413624637673,2.1052389870166707e-07,7.075091524597884e-07,0.00011850481877640979,2.468448064049618e-05,5.290232696026024e-11,1.2365996564527713e-06,0.02745709429985596,3.0172523136669783e-06,0.0005875315848997191,8.227680943329712e-07,0.016651417840909146,2.121089992073744e-09,0.0005217022010834293,0.9535721153970254,8.712940742555762e-05,5.729503255634789e-07,7.084222393689619e-06
26,0.00034581409192317806,0.0006381789546533039,1.928752879237032e-08,2.4652517880606343e-08,2.683888565485595e-06,1.6405470930606543e-07,6.9267981200201825e-06,0.00015526840892582906,1.9621262689045303e-07,6.534173502868068e-07,5.6076484442265786e-05,1.7510105887525656e-05,5.829111404258932e-11,6.866375637198519e-07,0.030996106554311377,2.0713108090923305e-06,0.0009247058929311397,9.177720384389017e-07,0.00804482079226989,1.0628861789359738e-09,0.00028680265785789214,0.9584410348928433,6.818793121643616e-05,1.522771816052997e-06,9.625307914773428e-06
27,0.00011528347893229874,0.00037686245806283186,7.834804695121098e-09,1.4409577301727334e-08,1.975133245071667e-06,3.2015912199401436e-07,4.076410176517651e-06,8.503252064694955e-05,2.6398263481848543e-07,7.731750638081632e-07,3.1053835625579984e-05,7.600977867858896e-06,1.5962442296533677e-11,7.448917995840438e-07,0.04709155712213885,3.5070592159687315e-06,0.00021462060364458858,2.6105239825310894e-07,0.012682521608475288,7.529744309258799e-10,0.0002922444698268994,0.9390333904870093,4.889098452491116e-05,2.4124171940319996e-07,8.755334550266245e-06
28,0.0001426268267419323,0.0005013657784685686,9.60297279128991e-09,2.1781412720722902e-08,2.8949168198353584e-06,3.208956645925134e-07,5.143645026583781e-06,9.828232037451577e-05,1.9915594761590945e-07,7.970505955930877e-07,4.8353895185678395e-05,1.1882763777001034e-05,2.7693424376635046e-11,1.0888999736894351e-06,0.040235219758343675,3.56752587247273e-06,0.0003153574773375137,4.4273409186854643e-07,0.014138069951406002,8.953060462029787e-10,0.0003819078867972912,0.9440323945891226,7.149354138924892e-05,3.554215979918615e-07,8.202658080910109e-06
29,0.0001426268267419323,0.0005013657784685686,9.60297279128991e-09,2.1781412720722902e-08,2.8949168198353584e-06,3.208956645925134e-07,5.143645026583781e-06,9.828232037451577e-05,1.9915594761590945e-07,7.970505955930877e-07,4.8353895185678395e-05,1.1882763777001034e-05,2.7693424376635046e-11,1.0888999736894351e-06,0.040235219758343675,3.56752587247273e-06,0.0003153574773375137,4.4273409186854643e-07,0.014138069951406002,8.953060462029787e-10,0.0003819078867972912,0.9440323945891226,7.149354138924892e-05,3.554215979918615e-07,8.202658080910109e-06
30,0.0001426268267419323,0.0005013657784685686,9.60297279128991e-09,2.1781412720722902e-08,2.8949168198353584e-06,3.208956645925134e-07,5.143645026583781e-06,9.828232037451577e-05,1.9915594761590945e-07,7.970505955930877e-07,4.8353895185678395e-05,1.1882763777001034e-05,2.7693424376635046e-11,1.0888999736894351e-06,0.040235219758343675,3.56752587247273e-06,0.0003153574773375137,4.4273409186854643e-07,0.014138069951406002,8.953060462029787e-10,0.0003819078867972912,0.9440323945891226,7.149354138924892e-05,3.554215979918615e-07,8.202658080910109e-06
31,0.00015146270583920777,0.0007003994148281288,1.551495581928612e-08,3.5866762412652406e-08,4.033923359191852e-06,1.5023186760726893e-07,4.634543496593775e-06,0.00019988937627354975,1.7740554655044906e-07,1.1543454488429753e-06,2.9625359617441425e-05,1.3954797397286719e-05,4.925696998566898e-11,1.1400945855367335e-06,0.02053042199648721,2.5774375071614935e-06,0.000493097542401223,6.044642519812122e-07,0.01352121804992133,1.1839832688529734e-09,0.00036575435226531277,0.9639148013674325,5.4180260117288846e-05,7.590955247137297e-07,9.91062087307471e-06
32,0.00013486055367797596,0.00046273791073140117,9.167998995366005e-09,1.9453021959733926e-08,2.787788893964608e-06,3.121479880327246e-07,4.789208524191779e-06,9.510813313006922e-05,2.0995536249641278e-07,7.784176474537034e-07,4.3628842911684614e-05,1.1201954381704804e-05,2.4840646964433444e-11,1.0551042510127336e-06,0.04171452163282821,3.695746490939426e-06,0.0002933469274215868,3.6679911856496177e-07,0.015632786065093367,8.301654333748752e-10,0.00037066865056672836,0.9411554241792364,6.353864002007447e-05,3.022779741034157e-07,7.849587722814615e-06
33,0.0008021056107556174,0.0007067271859797016,1.636520592343913e-07,1.7230030533372883e-07,5.452877009834857e-06,2.1250273501975284e-06,8.061030544634869e-05,0.0006310815081308929,1.4979972427419499e-05,3.527659168863801e-06,0.00045807515808028476,3.166699090497682e-05,4.3255248132601063e-11,2.2898407360575153e-06,0.5196995647570536,3.145120784923735e-05,0.0003188345900353235,5.98513102456221e-07,0.11574985556445946,5.450806982119232e-09,0.0030761036359318755,0.3579634781326133,0.00013591247899878925,1.4764353980175288e-06,0.00028374110214092555
34,0.0002518401361180182,0.000518370092642644,1.8074623522264028e-08,1.5470589997613245e-08,2.4813882789461266e-06,4.794799407475906e-07,9.472534791271206e-06,0.00012100906232758636,1.0997466547464091e-06,9.434003819844972e-07,5.304638219580748e-05,1.0500307707993259e-05,2.8480545307247246e-11,1.103837955402187e-06,0.09408243222210817,5.580379680694314e-06,0.00018995259006883853,2.407714601731832e-07,0.036724853742440916,1.0102295564175267e-09,0.0003439949620376291,0.8676345500123851,3.288677349356308e-05,3.1285357196326655e-07,1.481473983414511e-05
35,0.00024324886181009217,0.00048262837441357244,1.1146314128168964e-08,3.188948207590704e-08,1.5673224735257662e-06,1.508938401932219e-07,5.3085620746088496e-06,0.00022721849563303725,3.1943810717705744e-07,1.3442469483593777e-06,2.7904348804482363e-05,1.40901602613124e-05,2.923526452739852e-11,5.97319293109819e-07,0.016160980053664068,2.0496821618239242e-06,0.0004052709313113083,7.471615920830234e-07,0.015679973291114657,1.205842475750048e-09,0.0003673131592569048,0.9663350085005503,2.718610558210934e-05,4.971204929303364e-07,1.65516997403951e-05
36,0.00014207213070123247,0.0004924998839320735,9.648302649906864e-09,2.1262153743343258e-08,2.9019434762138676e-06,3.0454967305909885e-07,4.955393447383918e-06,9.904344061107694e-05,1.9884849229104025e-07,7.852787267035952e-07,4.617243292409389e-05,1.2048476329364612e-05,2.762649072812029e-11,1.0721407811097711e-06,0.03992454282932899,3.505191652265436e-06,0.0003239244874950403,4.2324458391977627e-07,0.014293403329056513,8.677068162285344e-10,0.00037434888534577693,0.9442003847884889,6.883882099829923e-05,3.529761406134457e-07,8.189122025571994e-06
37,0.0005202241839877335,0.0005676771953813093,1.5903176500741837e-08,1.875657061162922e-08,2.2548051017146525e-06,2.3267393867318266e-07,7.861740074095815e-06,6.820854593820278e-05,1.0620126451134203e-07,3.984094398675868e-07,6.0985499877062906e-05,2.5672892213064644e-05,4.348707100507988e-11,1.6792932093113414e-06,0.022918334620442314,2.9995791629703635e-06,0.00045275016484914163,9.062081575593133e-07,0.010143443994660765,8.566799194507274e-10,0.0002791107842287176,0.9648694504118289,6.907101180871563e-05,5.377088502686885e-07,8.058515670812745e-06
38,0.00012431530525114663,0.0005519840179165703,1.1052213530249112e-08,2.76448456175353e-08,3.3796584912434766e-06,2.1431700570458058e-07,4.206536723874416e-06,0.000132563906905203,2.0197939204336536e-07,8.611933051007825e-07,3.9747596263836175e-05,1.292716861309028e-05,3.290011164091008e-11,1.0511835661778366e-06,0.032263382885377674,2.5313052321415004e-06,0.00039068547436332866,4.532144241436122e-07,0.013966765403402073,9.284903045990742e-10,0.00037478647196934983,0.952060918209694,5.9000620066074906e-05,4.338938363758064e-07,9.549999751203833e-06
39,0.00014092229168255745,0.0004333361498040617,1.0237495041501344e-08,2.4060314846600295e-08,3.229295362511399e-06,3.708845005134123e-07,4.998481744161661e-06,0.00011323125845755851,2.155083072494842e-07,8.970114686889485e-07,4.9682888348386215e-05,1.3387715875418446e-05,2.4909591099670318e-11,1.1320143722095303e-06,0.04061019350939743,4.509371611094571e-06,0.0003200253332357928,4.405265395696761e-07,0.016232628508806895,9.891273478151282e-10,0.0004716880135821665,0.9415145205099539,7.560693996936328e-05,3.2594697385000795e-07,8.622528159950023e-06
40,0.00012681179293740598,0.00023611589788848593,4.291721426477609e-09,3.608875968768886e-09,9.72152270758399e-07,1.9274855031497638e-07,1.9054993841418292e-06,2.033321668798135e-05,7.667101887499837e-08,1.8183520997630805e-07,2.339867450022645e-05,8.299116393782687e-06,7.428600818070107e-12,7.012610206591576e-07,0.02260582033929374,1.48137866632769e-06,0.0001378082217005345,2.2098205667563528e-07,0.006590160791843739,2.412511391835054e-10,0.00015267282114722692,0.9700663320501732,2.3215416496213464e-05,8.43876346976193e-08,3.2065958477258986e-06
41,9.842276482908955e-05,0.000604178782418225,3.0805850139196196e-08,1.6728891289727122e-08,8.82483373182304e-06,7.16402452548762e-07,5.189467794007945e-06,0.00013937859003393583,1.8898943196262796e-06,1.7884576100789798e-06,2.97329341162628e-05,6.078025135723137e-06,2.5912252735695473e-11,1.3455352314721847e-06,0.20446878480082603,8.648710140841382e-06,0.00015485453640830818,1.0800076004955719e-07,0.036392554657378985,7.645347765714135e-10,0.00041989321432649293,0.757604244129885,3.450717053281477e-05,4.632351273438846e-07,1.8347531752907537e-05
42,0.014231903551260555,0.0676797927519418,2.188375844834677e-06,7.553411323350776e-06,0.0003280964492192329,2.81275666839946e-05,0.0005732842077376604,0.00015278270894366486,2.816661563918291e-06,8.670969689452626e-06,0.009588844652847806,0.0009223016602681169,7.611201998711126e-08,0.0004143314953077788,0.12264515505088325,6.029163408436062e-06,0.0023038977939354066,0.00036437724735204736,0.0099500993666033,2.1695513311437817e-08,0.0015431394923837106,0.7629575631774688,0.005383174729712216,0.00012104062502881678,0.0007847310830584491
43,6.0809876654143755e-05,0.00026246941133877737,4.012316009070791e-09,1.6853009631746403e-08,3.367052028491027e-06,4.266771412577303e-07,2.4534951749032653e-06,0.00010130481795840299,1.4162303170657504e-07,1.4839075122756046e-06,2.3209506817514535e-05,6.532217454347041e-06,8.975942752874808e-12,6.879379654171521e-07,0.041169575725650366,5.946900244439878e-06,0.00021515134451584336,2.3539897460090046e-07,0.015726708727490584,5.050720058140674e-10,0.0006268179934347887,0.9417173775062537,6.915927441814494e-05,1.7932079727443478e-07,5.939905769433403e-06
44,0.0001426268267419323,0.0005013657784685686,9.60297279128991e-09,2.1781412720722902e-08,2.8949168198353584e-06,3.208956645925134e-07,5.143645026583781e-06,9.828232037451577e-05,1.9915594761590945e-07,7.970505955930877e-07,4.8353895185678395e-05,1.1882763777001034e-05,2.7693424376635046e-11,1.0888999736894351e-06,0.040235219758343675,3.56752587247273e-06,0.0003153574773375137,4.4273409186854643e-07,0.014138069951406002,8.953060462029787e-10,0.0003819078867972912,0.9440323945891226,7.149354138924892e-05,3.554215979918615e-07,8.202658080910109e-06
45,0.00014282583347280048,0.0005063289471850651,9.345345055377946e-09,2.2155577872147634e-08,2.839721123906569e-06,3.23020704486397e-07,5.049073060778017e-06,9.532641306233202e-05,1.9105872926079696e-07,7.96288648292152e-07,4.8332222549161185e-05,1.1926724758164762e-05,2.6973105033288686e-11,1.10440585817175e-06,0.03904108423393175,3.508982644753134e-06,0.00031310048699550227,4.643206322500264e-07,0.013800809088653007,8.870560047990764e-10,0.00039253512467153125,0.9455520493928589,7.260292040294497e-05,3.479185624039419e-07,8.421406542427018e-06
46,0.00015849536741310036,0.00041046940053910373,8.570276220441685e-09,1.9988459310030712e-08,2.596287478294574e-06,1.27778652903535e-07,2.908465886938382e-06,0.00011785138858070991,1.0022054855189753e-07,5.492927817262547e-07,3.48054829894213e-05,1.5744280357385016e-05,2.922653219969117e-11,6.531174499621047e-07,0.0267284903055426,1.983669956692044e-06,0.0008064926434375976,4.412623807244379e-07,0.009135027802475415,6.61482092544309e-10,0.0003282069857581637,0.9621843842568778,6.340918911428257e-05,5.173304776744567e-07,6.7162218566273954e-06
47,0.00022279666395223942,0.000240145289705841,4.679522446376212e-09,4.666153854393288e-09,6.720588617310902e-07,1.205010561180668e-07,2.2603907942915147e-06,3.3060591288019305e-05,6.206445617158248e-08,2.2696863312129384e-07,2.0968100065774473e-05,1.2807342336231036e-05,1.1410813205506516e-11,4.392950682564801e-07,0.01508854069565504,1.703695816568971e-06,0.0002860709557852788,3.1627371478196137e-07,0.005678284886464946,3.939042551375766e-10,0.00014948817907422157,0.9782352047104615,2.3034471289987173e-05,1.4751066546510347e-07,3.6396038628702824e-06
48,0.00010747829605931415,0.000511552164516984,5.157650408905297e-09,1.4363969685764279e-08,2.1139051022410968e-06,1.1929319904110734e-07,3.385480742036461e-06,9.305451750231682e-05,9.889197462536565e-08,7.297835862632323e-07,2.0553962876021104e-05,7.361401822195792e-06,2.5305162448683673e-11,7.083864319798025e-07,0.02928840233692893,2.38025311721331e-06,0.0004182169517112909,2.2577099070475003e-07,0.013329722703266567,4.943161041448174e-10,0.00023516502938618607,0.955920807897561,5.248229556762627e-05,3.275698620282647e-07,5.093066554209568e-06
49,9.763636488387428e-05,0.000284791286858953,8.224345442318506e-09,1.4384842770383623e-08,2.6758402365263536e-06,3.4732865336751405e-07,2.9976726461018983e-06,6.407191912889927e-05,1.3542664781655138e-07,4.990154344146245e-07,4.436974700650831e-05,1.5139144119086663e-05,2.0662616698673527e-11,1.0240773309815117e-06,0.026540363368587103,2.7556930288381885e-06,0.00023628776436054,4.0211630775421195e-07,0.009321648604480638,7.87199206853236e-10,0.00030435564298501226,0.9630229885196016,5.2747337606552017e-05,1.8343071288830935e-07,4.556282332652607e-06
50,0.00014104563131940004,0.0005017191820068232,9.455220380796198e-09,2.155665021963571e-08,2.8509125731219946e-06,3.2065473532083006e-07,5.253409661419913e-06,9.837646845565787e-05,2.0227565409606282e-07,8.235746813601932e-07,4.640332388976006e-05,1.1401881935769342e-05,2.7448872616967796e-11,1.0948429888003186e-06,0.03994081364518214,3.6721728082728003e-06,0.0003019770351084062,4.281460886934922e-07,0.014569907510664852,8.929157505731091e-10,0.0003759297530280785,0.9439191479351207,7.008137758002012e-05,3.4747435651276124e-07,8.170859925428463e-06
51,0.00012554261968038635,0.0004986651557559557,8.205381295300007e-09,2.4101011381813993e-08,2.3645019548637695e-06,2.732640356745466e-07,5.142755121708986e-06,0.00010037218050115583,1.6220701386703863e-07,7.862215570754118e-07,4.959531705323153e-05,1.1178352922933232e-05,2.6385985744420266e-11,1.0450657715442828e-06,0.027713371294004235,2.486708121271558e-06,0.0002763671187752794,5.850632578387449e-07,0.011592272964342695,9.16915956465171e-10,0.0003943538054279924,0.95915625474984,6.183554432086531e-05,3.2707101631306386e-07,6.98478983067185e-06
52,0.00014714283584432096,0.00047511319262245536,8.849236849855515e-09,2.0809220403700394e-08,2.5267449177950146e-06,4.473955497197909e-07,5.698063666126957e-06,7.983423760267889e-05,1.9345262185921543e-07,7.709431460109094e-07,5.797006569186464e-05,1.1348454326588341e-05,2.7667315013384242e-11,1.0993394133428922e-06,0.037953699853737484,3.645594122752027e-06,0.0002565723053503211,5.831976394080537e-07,0.011223150759961949,1.0165520407145452e-09,0.000365634912067338,0.9493286088677019,7.834965115891094e-05,3.286121519560898e-07,7.250818028753794e-06
53,0.00027529103526821103,0.0007275868955863908,1.5649074883708373e-08,3.249461224446517e-08,1.508956578879268e-06,8.914111827177106e-07,2.9206750371407853e-05,9.619063149287504e-05,4.89500890002555e-07,1.0187004757665517e-06,0.00015439372937932306,8.450284972985375e-06,4.3290303704239104e-11,1.3611424847691797e-06,0.09717670167677413,9.61517502440132e-06,0.00023408617044210004,6.590541823150723e-07,0.014095100970405982,2.966212751296776e-09,0.0003959254698574065,0.8865857843480546,0.00019269528032677056,5.826980357605687e-07,1.2408965022929451e-05
54,0.000212161221166579,0.0007429398344443539,9.578123855475154e-09,1.6626968370568302e-08,1.3931386540030236e-06,4.1739202385317996e-07,9.700559900749413e-06,4.461772694547944e-05,2.525595729987216e-07,1.0325423160141546e-06,2.6346607390169337e-05,8.54480127760664e-06,2.7801793010852094e-11,1.8692854270307714e-06,0.0524069894443783,7.130181354023289e-06,0.0001364287942834974,2.8185693316283335e-07,0.014559088992026608,9.983991451496924e-10,0.0002611582698336913,0.9314929453909172,7.003851979276408e-05,2.2359772768139216e-07,1.6412052340990176e-05
55,0.00035726929341954036,0.0007689859999039454,2.666956985374499e-08,3.707758414501113e-08,2.627567505208036e-06,3.0159520546511333e-07,9.269186493099798e-06,0.000153152046696531,5.273501590516071e-07,8.405666100220551e-07,8.53669001035366e-05,3.190622660115507e-05,8.532869148233653e-11,1.2636624070541415e-06,0.03173582499326376,2.1998013718771383e-06,0.0004461081490600366,1.111803498929222e-06,0.014453168494284662,2.0058278014746794e-09,0.00033154126561712343,0.9515571737624663,4.2368933808800486e-05,7.258627561676415e-07,1.8200700456917124e-05
56,0.0001451068042205409,0.000537719915317845,1.0362965482435877e-08,2.236961934609768e-08,3.015937130723994e-06,3.218363832847384e-07,5.360003272973583e-06,9.901710574816813e-05,2.0739742674236688e-07,8.1102042008521e-07,5.0083065150375344e-05,1.2348057727220628e-05,3.3760602716153555e-11,1.1290087002532117e-06,0.039889729617329894,3.4445792878959774e-06,0.0003302655120810586,4.6458765803262213e-07,0.013721518781082432,9.701438408831554e-10,0.0003610388096188531,0.9447592812948373,7.079880542326237e-05,3.908544636473207e-07,7.913270230315047e-06
57,7.518067275302295e-05,0.00022925748854605053,1.0633590963357958e-08,1.2274423746308369e-08,3.786640881649401e-06,1.351416802652533e-07,1.5696887959451256e-06,0.00011895007878295884,1.8517652255394915e-07,6.445533223091885e-07,1.811026533836421e-05,1.8333647843542906e-05,1.9074838036559347e-11,7.837624638504466e-07,0.02424844891336086,2.5602026317140915e-06,0.00038700610742464287,1.631259931443627e-07,0.018332436461610105,5.21779674703989e-10,0.00032467664804367756,0.9562105213217706,2.1754993979349016e-05,1.7793536373668147e-07,5.2937240225119644e-06
58,0.00015003896262002003,0.0005500994341676333,1.0409201464168422e-08,2.1658278748171454e-08,2.9892479477679307e-06,2.6568370896541526e-07,5.21537974456589e-06,0.00010469830791964728,1.848353361894597e-07,7.98076741403966e-07,4.678644928018661e-05,1.189593140347252e-05,3.226072552924054e-11,1.0015910122625462e-06,0.0394917442785304,3.1771852365450162e-06,0.0003947209656615101,4.661245869074806e-07,0.012504938660904992,8.54055187611717e-10,0.0003656126098913931,0.9462835896696393,7.328046204224033e-05,4.80845026154806e-07,7.98234480215629e-06
59,0.00017117595231482566,0.0005773379655252502,1.371730177126091e-08,2.4479276307103136e-08,3.3001883002670077e-06,2.6676247778546024e-07,5.894490729177823e-06,0.00012227197032895425,2.1076571609635577e-07,8.316175374832596e-07,5.188217583899982e-05,1.3477316641445872e-05,3.699376720604458e-11,1.0514750294033177e-06,0.04041517652701885,3.369087325795488e-06,0.00044711285027737753,5.353023979446176e-07,0.012459884536236414,1.0015605210818036e-09,0.0003928572351764339,0.9452491642694435,7.466735402529735e-05,6.159260393221403e-07,8.87699648696853e-06
60,0.0001426268267419323,0.0005013657784685686,9.60297279128991e-09,2.1781412720722902e-08,2.8949168198353584e-06,3.208956645925134e-07,5.143645026583781e-06,9.828232037451577e-05,1.9915594761590945e-07,7.970505955930877e-07,4.8353895185678395e-05,1.1882763777001034e-05,2.7693424376635046e-11,1.0888999736894351e-06,0.040235219758343675,3.56752587247273e-06,0.0003153574773375137,4.4273409186854643e-07,0.014138069951406002,8.953060462029787e-10,0.0003819078867972912,0.9440323945891226,7.149354138924892e-05,3.554215979918615e-07,8.202658080910109e-06
61,0.00015873128992513797,0.0005515411721201157,1.366176326115262e-08,2.2882835792753317e-08,3.2747385929720796e-06,2.754372495621239e-07,5.53973879301423e-06,0.00011266435286504405,2.1776570746949542e-07,7.62017755112955e-07,5.358692472617925e-05,1.4049702198494276e-05,3.484937044607032e-11,1.0911958531725596e-06,0.040480219714311316,3.2701586427550525e-06,0.00040066843561741033,4.898862693798598e-07,0.01311118816932524,9.949334262538264e-10,0.000383741417246012,0.9446422787395274,6.731429608012908e-05,5.083215024039513e-07,8.548951309730269e-06
62,0.0001426268267419323,0.0005013657784685686,9.60297279128991e-09,2.1781412720722902e-08,2.8949168198353584e-06,3.208956645925134e-07,5.143645026583781e-06,9.828232037451577e-05,1.9915594761590945e-07,7.970505955930877e-07,4.8353895185678395e-05,1.1882763777001034e-05,2.7693424376635046e-11,1.0888999736894351e-06,0.040235219758343675,3.56752587247273e-06,0.0003153574773375137,4.4273409186854643e-07,0.014138069951406002,8.953060462029787e-10,0.0003819078867972912,0.9440323945891226,7.149354138924892e-05,3.554215979918615e-07,8.202658080910109e-06
63,0.0001454628655195727,0.000568008617662493,9.555455602491867e-09,2.0881047550133316e-08,2.6531411547152177e-06,2.993215375866575e-07,5.344461098942706e-06,9.211653730675396e-05,1.9843500158355358e-07,7.770558210898786e-07,4.8398458509521474e-05,1.1040065071129384e-05,2.9953827924142733e-11,1.0505211974030713e-06,0.040562168059005484,3.1829640934849144e-06,0.00031311740889142925,4.4883541544380114e-07,0.013084661553815333,9.000187919937077e-10,0.0003515318382698221,0.944733433238138,6.744569187575558e-05,3.8142702894710895e-07,8.248137109747348e-06
64,0.0001385944468124679,0.0004777513410140074,9.028474003464727e-09,2.297607601783037e-08,3.142085959806947e-06,3.29900225562134e-07,4.573805316247431e-06,0.00010374362463826501,1.8019667464673109e-07,8.569922046116735e-07,5.240271074558555e-05,1.2892025413377482e-05,2.1773673087427892e-11,1.067170631579759e-06,0.04303990213221708,3.856042853994671e-06,0.00035584517477107346,4.6619396273443103e-07,0.015143760573493668,7.832904706939746e-10,0.0005704052825382899,0.9400044633915354,7.669105093341466e-05,3.4586710030914424e-07,8.69718134386033e-06
65,5.669320837147072e-05,0.00010144651735606839,4.542570840038135e-09,3.088346586700689e-08,1.1145148902050503e-05,2.363642193294e-06,1.031036509016112e-06,2.688673013397494e-05,2.9330748572343308e-08,7.455600654897418e-07,5.512495183338782e-05,5.454049775407494e-05,7.759061372873908e-12,5.253379909310445e-06,0.013765251316833656,9.285968200497841e-06,0.00014022082509228612,1.0884830049188637e-06,0.01010856210053301,5.130700448093926e-10,0.0017636118144371965,0.9737080080477473,0.00018426581100100629,3.384976680747792e-08,4.375832740791938e-06
66,0.00013647607822723847,0.0003502469967277114,1.7627278575396667e-08,3.032415696296155e-08,3.385508388208406e-06,5.728684410451862e-07,9.387123813435997e-06,0.00018701133064270332,6.640618131590627e-07,1.970216731126615e-06,3.560045488077862e-05,1.4797655830849804e-05,4.515826685920511e-11,1.6981685053520808e-06,0.0287365738004309,1.1114302011008415e-05,0.0001422489765783128,2.835712737724713e-07,0.043777481104841164,2.7060672634049957e-09,0.00034784668752988504,0.9261968324176161,3.6823775080166386e-05,1.865504098709274e-07,8.747647566051139e-06
67,0.00015867725951605947,0.0004964547778992691,1.2691472428720721e-08,2.8550867040472028e-08,3.464808297051687e-06,6.536389716379091e-07,6.872174821518874e-06,6.636125732438089e-05,1.7712072003559728e-07,7.538087836728365e-07,7.167400102945646e-05,1.6410273101556666e-05,3.4445262845258024e-11,2.070098104132176e-06,0.05013063874792464,6.389376923593832e-06,0.0002812136080723302,5.597737365076113e-07,0.01173095576572642,1.3836855175567501e-09,0.0004488458897860447,0.9364172688000764,0.0001506076344186291,3.051283247123484e-07,9.60339597161367e-06
68,0.00016142038582512324,0.00048627705485866174,8.042689907693208e-09,2.426332452972891e-08,2.2633639607042146e-06,4.2569069415448994e-07,5.199887548589491e-06,7.492897524179202e-05,1.4204616675364462e-07,6.849261718032436e-07,6.893392304038513e-05,1.3565449009013623e-05,2.4850591198961768e-11,1.0266250952354084e-06,0.035404491372588956,3.2864108229297144e-06,0.000334114931455022,7.585419933565879e-07,0.008937138599140628,1.0425381137190961e-09,0.0004442535352015163,0.9539492651373523,0.00010295337868284519,3.486955308217239e-07,8.487696216429787e-06
69,0.0001935793676081033,0.0007449611237880586,1.9774747909895182e-08,4.7831370818839124e-08,3.6489590040078622e-06,3.3506724647192537e-07,8.617523077796591e-06,0.00019553805349292527,3.573645963688182e-07,1.4468398624268267e-06,6.0457370754885744e-05,1.513435257482218e-05,4.744391820980566e-11,1.3301763488262086e-06,0.0476619082462547,5.347348213974915e-06,0.0004839850773847889,6.237076362698742e-07,0.01887687602691318,1.969433915040755e-09,0.0005773835262137339,0.9310602484593435,9.006106100658241e-05,7.1720835099418e-07,1.7373517330997405e-05
70,0.00019557100554523177,0.0004282863744187198,1.6026662067810516e-08,2.2414149259093216e-08,2.9836487940645404e-06,5.27760918354982e-07,5.977664827435765e-06,5.174341792350136e-05,1.8005016227316916e-07,6.083465911431176e-07,5.1458899731881325e-05,2.082105904180729e-05,3.086610312334285e-11,2.4149983915891546e-06,0.03511819018366184,5.0181536191770605e-06,0.00022021641571565726,5.474618941460637e-07,0.010484340088988575,1.1344338291003992e-09,0.0003725014100235387,0.952942808710936,8.451397642219106e-05,2.4211341209424e-07,1.1008652869587157e-05
71,0.00015331835861513197,0.0005013445033625416,1.0015476729423503e-08,2.290350008636836e-08,2.796084969998346e-06,3.275532327612166e-07,5.607190371722505e-06,0.000101776547739599,2.0023655487255732e-07,7.893788741269709e-07,5.2420579364707586e-05,1.2371729119311584e-05,2.874684164127839e-11,1.1016680499859828e-06,0.04008659895723525,3.739059048827369e-06,0.00032929801886967856,4.7327779853464944e-07,0.014098484739321253,9.79986224452771e-10,0.0003925065259781437,0.9441721899352481,7.600509574522375e-05,3.7078324212047545e-07,8.245849548250903e-06
