,0,1,2,3,4,5,6,7,8,9,10,11,12,13,14,15,16,17,18,19,20,21,22,23,24
0,7.075770148029495e-09,1.184995778299873e-06,3.778255120593867e-09,1.3615761920709975e-05,5.877173540488578e-07,0.0001233804522053451,6.358504144272346e-08,1.9566713212396848e-05,1.0397669990798818e-05,7.876333354746424e-08,0.0005031991073335718,2.4267677207310695e-06,1.1629086039571557e-07,0.00017245749198143456,0.00026121889175356473,0.00011663922591507088,0.09703757286418886,1.8302338207071664e-05,0.0007741375899331731,3.9352204443944095e-07,0.00021657822933446913,0.9007063626164813,1.2463065987838079e-05,6.024796046262433e-07,8.643005791456e-06
1,1.4246033706892264e-08,2.394803113732205e-06,7.0769983405035875e-09,3.7838327929215154e-05,3.532907160844117e-07,7.54637061723159e-05,1.6605010713448845e-07,2.3839090992295092e-05,6.51026421494224e-06,2.8940675291883034e-07,0.00035353386268575655,6.496304387307086e-06,6.680160451017546e-08,0.0005463768097489966,0.00015649533261879146,6.478880492636316e-05,0.05458942061271553,3.5180120448424196e-05,0.0004088709596546048,3.078472916839297e-07,0.00017767433475614406,0.9434621193730999,2.658402876583447e-05,4.203699721482255e-07,2.47881742934601e-05
2,1.5979091432073835e-08,3.0165286020995916e-06,6.398876874130268e-09,4.4421650736031324e-05,6.632115032845975e-07,6.391762369609491e-05,2.3570692816674565e-07,2.2108577866321393e-05,5.471424317606349e-06,3.10496620703641e-07,0.00043853212165800013,6.97501062709289e-06,7.40411969547073e-08,0.0009122777920641017,0.0002000065609034641,4.777962620082785e-05,0.07776034401070989,4.147198440917324e-05,0.0002568975004566969,4.5974969352409107e-07,0.00019523566624768193,0.9199078556221794,4.344165405301372e-05,3.524596547286891e-07,4.812860170695775e-05
3,1.1505103144194001e-08,2.1627111810138328e-06,5.3733580192310744e-09,4.704003251821553e-05,3.65749937185343e-07,6.111787050404709e-05,1.5667667503020322e-07,1.913431909042252e-05,4.328538671365818e-06,2.466047144703133e-07,0.00041620294727457314,6.162734185824901e-06,5.821249029815996e-08,0.000758848586429422,0.00011246528875902326,3.858354127947344e-05,0.07254531518834396,3.682673518666331e-05,0.0002494234259904511,3.074400187524387e-07,0.00018679985751621434,0.9254455028062285,3.923475858310727e-05,3.717232489787257e-07,2.9327372711845645e-05
4,1.1562268546311205e-08,2.085390446729589e-06,5.168695299218222e-09,4.6537023200732376e-05,3.4779244257351525e-07,5.57083275263869e-05,1.507952839422159e-07,1.7132465784176157e-05,4.332306086227668e-06,2.2998620046403198e-07,0.00038163679921361546,6.9346607431626315e-06,7.101107572087781e-08,0.0007516803850167698,0.00010300819251588582,3.583238728950283e-05,0.07613246171567982,3.64163494572417e-05,0.00023841640151396273,3.140790900988909e-07,0.00019449186289237838,0.9219240172880496,3.7695855929344935e-05,3.721737803644294e-07,3.0110019817600124e-05
5,1.1254466282269905e-08,1.862613301946883e-06,4.732441123966022e-09,5.326951199592021e-05,2.6107257234125714e-07,5.11748622476887e-05,1.3068289278895543e-07,1.4935551573934259e-05,3.529530656216642e-06,2.4733015699177093e-07,0.0003453361366021636,6.4027625862578414e-06,5.3949195785995027e-08,0.0007810652566600505,8.014046359779519e-05,2.8936295233676386e-05,0.07352048678092682,4.433188727679501e-05,0.00019036748714184045,2.720307490620641e-07,0.0001802872558116966,0.9246275428668012,3.889561020097987e-05,3.495106334440399e-07,3.0104564277178614e-05
6,1.1505103144194001e-08,2.1627111810138328e-06,5.3733580192310744e-09,4.704003251821553e-05,3.65749937185343e-07,6.111787050404709e-05,1.5667667503020322e-07,1.913431909042252e-05,4.328538671365818e-06,2.466047144703133e-07,0.00041620294727457314,6.162734185824901e-06,5.821249029815996e-08,0.000758848586429422,0.00011246528875902326,3.858354127947344e-05,0.07254531518834396,3.682673518666331e-05,0.0002494234259904511,3.074400187524387e-07,0.00018679985751621434,0.9254455028062285,3.923475858310727e-05,3.717232489787257e-07,2.9327372711845645e-05
7,7.399791548152384e-08,4.73798053102499e-06,2.7714862525277115e-08,6.388291010099288e-05,8.218189896204756e-07,0.00014248273058821195,4.0964090121689316e-07,4.786217223110149e-05,8.347436681383677e-06,5.934250745626405e-07,0.0009220368215087915,1.1764489629519447e-05,1.635766565255568e-07,0.0010941870316709724,0.00013692374917796338,5.748357927276509e-05,0.10501599390173927,8.629657250046582e-05,0.0008865903082386387,5.434030558536174e-07,0.0002043035316328708,0.8911862181503718,7.429811063068357e-05,1.3285638193259766e-06,5.2628382218333404e-05
8,3.2628955397492216e-08,6.9827633323075575e-06,1.7633586664379075e-08,0.00016414507778610645,8.07395298646556e-07,0.00011305507769971543,4.5907999900816556e-07,4.576557509355331e-05,6.072404716088294e-06,8.017234604073542e-07,0.0008928290805380902,1.4743835087574945e-05,9.545669041879284e-08,0.0025709770003918067,0.00011586240855223718,5.633585468835267e-05,0.09103175882515432,5.688253083059819e-05,0.0003768646079317784,7.506103403999595e-07,0.00023391232674018687,0.9040752833979108,0.000169735234714646,8.824958233842841e-07,6.494697467762772e-05
9,1.2538051005214572e-08,3.617728030896691e-06,9.656010586071707e-09,0.00012164423002683204,3.392371621827709e-07,7.740598965693481e-05,2.2973813168789966e-07,2.2280475382019987e-05,5.4328191015283695e-06,4.87709577374586e-07,0.0004221740248987058,1.1663388509840493e-05,7.478996995525143e-08,0.001229622833188102,9.955826971460854e-05,5.0615475951759107e-05,0.06331476968880556,3.9111108502614444e-05,0.00022445248444424423,4.97378408393101e-07,0.00027520529125987434,0.9339816051834571,7.857201459700924e-05,5.590223377366948e-07,4.005892482329374e-05
10,1.1505103144194001e-08,2.1627111810138328e-06,5.3733580192310744e-09,4.704003251821553e-05,3.65749937185343e-07,6.111787050404709e-05,1.5667667503020322e-07,1.913431909042252e-05,4.328538671365818e-06,2.466047144703133e-07,0.00041620294727457314,6.162734185824901e-06,5.821249029815996e-08,0.000758848586429422,0.00011246528875902326,3.858354127947344e-05,0.07254531518834396,3.682673518666331e-05,0.0002494234259904511,3.074400187524387e-07,0.00018679985751621434,0.9254455028062285,3.923475858310727e-05,3.717232489787257e-07,2.9327372711845645e-05
11,1.2015279441590916e-08,2.172765532434967e-06,5.628457585688159e-09,4.799497154171304e-05,3.7737874072167344e-07,6.0490534546344795e-05,1.6130631420284952e-07,1.9131529890769623e-05,4.424152844152772e-06,2.5010938407137555e-07,0.00041271490477891504,6.762682255205724e-06,7.041786114536195e-08,0.0007540771979050153,0.00010947670522790937,3.9223000033303066e-05,0.07667934303219989,3.677833777639214e-05,0.00025676713856028036,3.372224221775191e-07,0.0001950911683583956,0.921303269193623,4.075893463002317e-05,4.018389512970847e-07,2.9907832885531926e-05
12,1.1772698262614692e-08,2.240908168244756e-06,5.207113129109661e-09,4.8156364773513794e-05,3.790916888918001e-07,6.229336701025482e-05,1.549023554547515e-07,1.8280401500342834e-05,4.255019660238497e-06,2.5671149558841044e-07,0.0004045422112041658,6.010147065291404e-06,5.896904713345552e-08,0.0008201651094658852,0.00010877047865409245,3.729480654416735e-05,0.0781439105313566,3.88990364588794e-05,0.00023849530540691536,3.187405339110921e-07,0.00019100582835654406,0.9198021716207178,4.0490878730419945e-05,3.6025704127585315e-07,3.1472332952834695e-05
13,4.2093759195450046e-09,1.1098654378301855e-06,4.0487511643865374e-09,6.842147390144069e-05,2.490507523405273e-07,2.696387638420704e-05,1.8201903951765738e-07,2.73562314952743e-05,2.1875573082712404e-06,9.610760537225543e-08,0.0010807533023496697,1.1434767639781211e-05,4.6335092343479676e-08,0.0011838031018121975,7.08439088727541e-05,2.0137719390317316e-05,0.04729974606817624,1.9894541422744555e-05,0.00011763942254786766,2.0511609251322013e-07,0.00017973955495936543,0.9498089139618987,6.252465981945107e-05,3.417605307425942e-07,1.740133934398032e-05
14,2.7288253244199672e-08,1.7227561404430478e-05,4.839547104030586e-09,9.021170449458644e-05,1.3337210697580821e-06,9.082888914817667e-05,4.6495559662247436e-07,3.0112708678516724e-05,5.962248444416802e-06,1.2431110871151062e-06,0.0007988183737667556,6.492890376719453e-06,4.133571053082604e-08,0.002438306225648567,0.00011889521032922555,5.409076464056319e-05,0.07315800100471158,5.7678831807968735e-05,0.0006233485136373725,6.450900348774756e-07,0.00020926939823282128,0.922158080982282,9.661567353378984e-05,7.452950990611058e-07,4.155338246409569e-05
15,1.1505103144194001e-08,2.1627111810138328e-06,5.3733580192310744e-09,4.704003251821553e-05,3.65749937185343e-07,6.111787050404709e-05,1.5667667503020322e-07,1.913431909042252e-05,4.328538671365818e-06,2.466047144703133e-07,0.00041620294727457314,6.162734185824901e-06,5.821249029815996e-08,0.000758848586429422,0.00011246528875902326,3.858354127947344e-05,0.07254531518834396,3.682673518666331e-05,0.0002494234259904511,3.074400187524387e-07,0.00018679985751621434,0.9254455028062285,3.923475858310727e-05,3.717232489787257e-07,2.9327372711845645e-05
16,5.327453475814987e-09,1.410820892246021e-06,2.41375612860815e-09,3.036655783697651e-05,1.7743241859205878e-07,2.4711546171980094e-05,1.2462090633881973e-07,1.2902571373864335e-05,2.4314811685007394e-06,2.1978783485617668e-07,0.00018053828867532556,6.329010903656008e-06,3.726098252927745e-08,0.0005391848927017138,7.848780849205825e-05,2.6823339431909175e-05,0.0446339596280744,2.489574719381832e-05,0.000150827857099078,1.9710265706718532e-07,0.000205382094856465,0.9540365025529395,2.280129100963439e-05,1.7110725777404113e-07,2.1509457912259408e-05
17,5.545934399114557e-09,1.339561924039242e-06,2.669334291041809e-09,5.089677714692178e-05,2.687309139943715e-07,2.719798529791885e-05,1.2577580575855425e-07,1.4062378946077302e-05,1.9425758448906626e-06,1.9142496544311143e-07,0.0003065305799148034,6.365550830419084e-06,5.678137874892548e-08,0.0009282867102337655,5.536995991582097e-05,2.1500807451981356e-05,0.08986879879491287,2.871514476734184e-05,0.00010069221804239954,3.213646471360907e-07,0.00019205607254765722,0.9083171764458925,5.0626879992281856e-05,2.208438861938571e-07,2.7248419472212354e-05
18,1.0582671500528347e-08,1.405128789813798e-06,2.9443414454662332e-09,3.5051417724125025e-05,3.4370492401921093e-07,3.565451069829984e-05,1.298264660153054e-07,8.70804230027155e-06,2.4244216295363413e-06,2.4310074437931406e-07,0.00019020745567663704,5.3796122181486325e-06,7.064639505359784e-08,0.000982035943137983,6.906614613966988e-05,1.8938094113859962e-05,0.13016406018243445,5.88725901372199e-05,9.355637084193197e-05,3.0694945227753813e-07,0.00022174151035665642,0.8680193808305344,3.3439888446617216e-05,1.6587056172975392e-07,5.880422926381099e-05
19,6.5447191106088484e-09,1.625325243191561e-06,4.213252839405875e-09,4.5374284367184534e-05,2.2830277205683715e-07,2.7188802778421806e-05,1.9011967084396524e-07,1.78671255077059e-05,3.571030263807259e-06,1.870343091241852e-07,0.00026844030136790865,9.499101776932832e-06,5.140778811834e-08,0.0005778623492508117,9.80766594765552e-05,3.402216488046851e-05,0.043092169793586765,2.2613505714918494e-05,0.00015309605289921493,2.1719627351925046e-07,0.00017224177213699893,0.9554244959563509,2.731579806313236e-05,2.2002957199596587e-07,2.3435127977506107e-05
20,4.059987439219015e-09,8.7694492882449e-07,2.9962878362387015e-09,2.7347042872981238e-05,1.3679358581337655e-07,2.4720763853038703e-05,1.0058903628225278e-07,1.865754465712588e-05,2.343276824045994e-06,1.2133529006130582e-07,0.0002600610541768994,4.548731502642544e-06,2.6353836146336035e-08,0.0003360652809829818,0.00012118330077929716,2.7964471127029298e-05,0.033115536785706765,1.921095585954211e-05,0.00014121366303120948,1.4355003891089763e-07,0.00012528235327867587,0.9657434373791891,1.6832038674181388e-05,1.5695083414143951e-07,1.4025783658954823e-05
21,1.1392181732266925e-08,2.701554398111865e-06,5.017313311259514e-09,5.6275128783794846e-05,2.6469770138657425e-07,5.087213315564679e-05,1.7051440618394562e-07,2.466662397110188e-05,5.409187197383229e-06,3.0803835313936715e-07,0.000329118504665235,9.698845020406878e-06,5.57488115680297e-08,0.0010290206446110497,0.00010366479219296734,6.011890340990779e-05,0.04165446597497599,3.7273803704480836e-05,0.00026478323335817706,2.95137039473144e-07,0.0001838790600941187,0.9561371788465464,2.6230994262030222e-05,3.297647887250647e-07,2.3201459057538636e-05
22,1.4792928142528132e-08,1.2654136577039291e-06,4.421057546801293e-09,3.140588407557144e-05,2.763019003233565e-07,5.7853944069891e-05,8.388180086588144e-08,1.4168418952962178e-05,3.2962305370104126e-06,1.7988001608161803e-07,0.0003515194905652618,3.2657821252157766e-06,4.8386942081917294e-08,0.0005388447805878695,8.621027241967624e-05,2.7638021314258066e-05,0.09972912960172851,6.361956608899499e-05,0.0001941419993398091,2.3084641707437762e-07,0.00014395649808299985,0.898703166540368,2.2893152219473116e-05,3.1135873597312404e-07,2.647453406877276e-05
23,1.1505103144194001e-08,2.1627111810138328e-06,5.3733580192310744e-09,4.704003251821553e-05,3.65749937185343e-07,6.111787050404709e-05,1.5667667503020322e-07,1.913431909042252e-05,4.328538671365818e-06,2.466047144703133e-07,0.00041620294727457314,6.162734185824901e-06,5.821249029815996e-08,0.000758848586429422,0.00011246528875902326,3.858354127947344e-05,0.07254531518834396,3.682673518666331e-05,0.0002494234259904511,3.074400187524387e-07,0.00018679985751621434,0.9254455028062285,3.923475858310727e-05,3.717232489787257e-07,2.9327372711845645e-05
24,1.4133465563235699e-08,3.451116112569076e-06,4.869100616153445e-09,6.941814091073813e-05,3.6182487520148314e-07,6.331022246266004e-05,1.5419992760161367e-07,2.002237044903182e-05,4.132595658354936e-06,3.641453000118618e-07,0.0003949069820303055,6.8792854040187325e-06,6.023881718190869e-08,0.0012569871241736497,7.847819822349478e-05,3.852000488683411e-05,0.08135832076729656,4.485501252703615e-05,0.0002649317907672521,3.959073611652097e-07,0.00018501471922024014,0.9161292516479798,4.932474035800533e-05,4.2199438843267943e-07,3.041796830372065e-05
25,6.728782900745902e-09,1.887784263241071e-06,5.061396115662425e-09,8.391880218394827e-05,3.1616937114357325e-07,4.9699123714722474e-05,2.1114179659996172e-07,5.179304862092023e-05,2.8091480006169436e-06,2.2760089235552552e-07,0.001008692844079254,7.189182658802149e-06,3.4279495667462466e-08,0.001361292840893674,7.362134499744395e-05,4.167521397089094e-05,0.049660218298760044,2.8680623443289452e-05,0.00022287402482721583,2.722270226918148e-07,0.0001711657071342039,0.9471602310576637,5.893478133569846e-05,4.300960376177388e-07,1.3812868657374646e-05
26,3.9838129185533886e-08,2.973368675366522e-06,1.0799183061851431e-08,5.668830188560839e-05,6.503447919528208e-07,0.00014419189517640992,1.1910347766744854e-07,1.555985025088668e-05,7.456876683986238e-06,2.9383993999395804e-07,0.0007264569849054174,5.470015632118482e-06,1.438985168404328e-07,0.0006557702550313136,7.002620300840815e-05,4.181539728647173e-05,0.16319662513066138,7.390168288954525e-05,0.0005516641370501682,5.563487590889503e-07,0.00020410309673567196,0.8341373513089045,7.588417459668766e-05,1.6962017646114737e-06,3.055094606366221e-05
27,6.806608741497547e-09,1.3836262891367477e-06,3.482453855682682e-09,3.4765621022725144e-05,2.170330739465649e-07,4.130427991526278e-05,1.028938405497998e-07,1.5694138710727372e-05,3.1784539295585392e-06,1.640307498746908e-07,0.00032661946951548,4.544935247541947e-06,3.7692943364570594e-08,0.0005026615386627498,9.81434989909949e-05,3.068802705429655e-05,0.05298611225144695,2.6998689790270118e-05,0.0001908314672990845,2.0521311720668803e-07,0.0001450199370136973,0.9455464533762639,2.6236814893062538e-05,2.676292448717122e-07,1.8359091922129398e-05
28,1.1505103144194001e-08,2.1627111810138328e-06,5.3733580192310744e-09,4.704003251821553e-05,3.65749937185343e-07,6.111787050404709e-05,1.5667667503020322e-07,1.913431909042252e-05,4.328538671365818e-06,2.466047144703133e-07,0.00041620294727457314,6.162734185824901e-06,5.821249029815996e-08,0.000758848586429422,0.00011246528875902326,3.858354127947344e-05,0.07254531518834396,3.682673518666331e-05,0.0002494234259904511,3.074400187524387e-07,0.00018679985751621434,0.9254455028062285,3.923475858310727e-05,3.717232489787257e-07,2.9327372711845645e-05
29,1.1505103144194001e-08,2.1627111810138328e-06,5.3733580192310744e-09,4.704003251821553e-05,3.65749937185343e-07,6.111787050404709e-05,1.5667667503020322e-07,1.913431909042252e-05,4.328538671365818e-06,2.466047144703133e-07,0.00041620294727457314,6.162734185824901e-06,5.821249029815996e-08,0.000758848586429422,0.00011246528875902326,3.858354127947344e-05,0.07254531518834396,3.682673518666331e-05,0.0002494234259904511,3.074400187524387e-07,0.00018679985751621434,0.9254455028062285,3.923475858310727e-05,3.717232489787257e-07,2.9327372711845645e-05
30,1.1505103144194001e-08,2.1627111810138328e-06,5.3733580192310744e-09,4.704003251821553e-05,3.65749937185343e-07,6.111787050404709e-05,1.5667667503020322e-07,1.913431909042252e-05,4.328538671365818e-06,2.466047144703133e-07,0.00041620294727457314,6.162734185824901e-06,5.821249029815996e-08,0.000758848586429422,0.00011246528875902326,3.858354127947344e-05,0.07254531518834396,3.682673518666331e-05,0.0002494234259904511,3.074400187524387e-07,0.00018679985751621434,0.9254455028062285,3.923475858310727e-05,3.717232489787257e-07,2.9327372711845645e-05
31,3.076940487245157e-08,3.5576681667438035e-06,1.212649442055712e-08,6.497041028492139e-05,4.416312558482806e-07,7.279144431712364e-05,2.667071424402586e-07,4.5493147066697314e-05,4.544073137452559e-06,5.080825571735119e-07,0.0005011506353658053,7.458781248801289e-06,6.63207618010259e-08,0.001069798392895823,0.00010249182030744918,4.004584753592432e-05,0.08068776794904918,6.533441118124457e-05,0.00041349426490069934,3.7697216139358585e-07,0.00018573758419951263,0.9166443507413745,5.237752323577912e-05,4.872785227275404e-07,3.644541743158951e-05
32,1.2560280114044653e-08,2.2601849777334323e-06,5.511370639525771e-09,4.292250101605633e-05,3.5724270859249633e-07,6.303910617683411e-05,1.5287449880744755e-07,1.930314481530658e-05,4.442274125667828e-06,2.5243895065895945e-07,0.0004093137225140511,6.0234110341318235e-06,5.993557662790199e-08,0.0006913057195872558,0.00011268327170818916,3.840967105858616e-05,0.07119694254273778,3.663759735973613e-05,0.00029918140441020886,3.002220401020208e-07,0.0001867124990043765,0.9268243897419608,3.7351030864477304e-05,4.0489310908274625e-07,2.7536498114194567e-05
33,2.430161251228611e-07,1.2803357526461879e-05,1.2235086678207036e-07,5.222265533118702e-05,1.88495939337583e-06,0.00012666749706663938,1.9432942747779763e-06,1.9837288262430246e-05,0.00010825127296940351,3.4701020763253127e-07,0.0003939399002923097,4.923392284936898e-05,1.3889416941555164e-07,0.0004154832121776254,0.0034676454387400518,7.27174326033185e-05,0.031849032522648334,0.00013038447970866699,0.0005752875206228312,2.7669198943320207e-07,0.0005203394116810856,0.961550041169897,1.6309754277263467e-05,4.366843715352293e-07,0.0006344102619479662
34,1.0079797535965774e-07,6.556083131507204e-06,1.7915408779251025e-08,2.4091500427826243e-05,5.998980925275106e-07,0.00011543002353826883,1.9758180196091777e-07,2.933659608292421e-05,2.3914750400077652e-05,1.6287371668469247e-07,0.0006685244491188048,1.0144296970229535e-05,1.295975913373412e-07,0.0004009712146162528,0.0002116841459671495,4.6492384998063054e-05,0.05865408397849177,6.241961906448036e-05,0.0022075073206467067,2.10725984625818e-07,0.00017063524592352472,0.9373260304625414,1.5034879270005826e-05,1.2401752172346743e-06,2.4483483022693646e-05
35,3.589061125589638e-08,1.6894481030329e-06,7.54626461508099e-09,3.600420021699892e-05,1.722943652410844e-07,2.918870790138793e-05,1.679885242325094e-07,2.258764674873818e-05,5.347399047137492e-06,2.5071607240902184e-07,0.00018767439118995115,7.174041901625612e-06,4.3503086063987566e-08,0.00040159978981083467,5.833351332390586e-05,2.2772497690383668e-05,0.04955347657328731,0.0001127229783099793,0.00024053190260236038,1.243487715676208e-07,0.00015764775108519482,0.9491243053085333,1.1861915161454544e-05,2.7834995087534685e-07,2.6001297439962648e-05
36,7.55007212905688e-08,2.159736278783781e-05,3.8267203496412125e-08,0.0002820989696071019,6.9795704855418474e-06,0.0019055500967829608,4.5618779128517296e-07,1.0386260721361128e-05,2.08447767398955e-05,2.5234856181813152e-06,0.002444545395941965,2.904068624341903e-06,1.067380662002514e-07,0.0035672601837418707,0.00017336192440317816,5.739383482339425e-05,0.3773638890581398,0.00019811628217851355,0.0005800643490346384,2.2948595487704197e-06,0.0010571980035806974,0.6109503641937669,0.0011297583267799948,6.028071424746613e-06,0.00021616423148617127
37,2.941451550338614e-08,2.9354739894458875e-06,8.856332700415281e-09,6.074397062768894e-05,3.6246134221216114e-07,5.82495757987248e-05,1.9872377327368584e-07,1.790037221772676e-05,4.836270202139041e-06,3.6653429547493127e-07,0.00045998357679720095,8.176515569048794e-06,7.233311804821478e-08,0.0007175665134461809,6.338335438015474e-05,2.8190033584265197e-05,0.07844794494146871,6.747210093243786e-05,0.0003356238863722771,3.121159385382581e-07,0.00018058346222486535,0.9194557575966447,5.554841507295578e-05,7.806509490306897e-07,3.2972850406691235e-05
38,4.887872102343723e-09,1.2882889309993463e-06,2.5726020151065e-09,4.8716503637013325e-05,1.893829806920579e-07,2.7053313325776037e-05,8.990101317865247e-08,1.4294629927782378e-05,2.1126565804187737e-06,1.467328201533199e-07,0.0003102829685538297,5.323251915160982e-06,3.925117373656195e-08,0.0006774271861448836,5.4622110723657056e-05,2.039037716394031e-05,0.07300119682230446,2.533014866226296e-05,0.000116904130751894,2.4888463509111043e-07,0.00016454581272654952,0.9254736741229466,3.752633455344293e-05,2.2164554394799762e-07,1.836808251052878e-05
39,1.0875991227041601e-08,1.895617371012897e-06,5.427561573524062e-09,4.450234792424768e-05,3.4872938423040277e-07,6.46212537563294e-05,1.4720314433966423e-07,1.953475916769889e-05,4.21045905934939e-06,2.395325139605798e-07,0.0004025982917396842,5.797029613031121e-06,6.101867008678694e-08,0.0006892007851540435,0.00011302661705889934,4.022619282338399e-05,0.07582150110300205,3.645358657614123e-05,0.00025432401260218774,3.041472084156378e-07,0.00019358548675392482,0.9222418357930651,3.725899480372872e-05,3.6873058100099895e-07,2.7942004474258188e-05
40,1.6108569487602626e-08,3.0150833724573927e-06,9.053852655538255e-09,4.147974805203429e-05,4.241616132614215e-07,5.902679094253518e-05,2.7051804185385093e-07,1.9936339296336283e-05,7.196854037109382e-06,2.2366324132272544e-07,0.0004114008472957463,1.0942923725193085e-05,7.186243711188061e-08,0.0008122511819622926,0.00022335582033039715,3.796663492900266e-05,0.04708598806135587,3.36682833841259e-05,0.00028339747138048305,2.419262376236574e-07,0.0001918756961791945,0.9506999800767689,2.9410479055255545e-05,3.07878849427894e-07,4.754253509038736e-05
41,9.051710303567732e-08,8.199436871672175e-06,3.7733545529573836e-08,6.724960879235281e-05,5.02854262177454e-06,0.00020686948721665606,9.86256567985046e-07,5.155640184616832e-05,4.29838252829885e-05,3.522033789585808e-07,0.0010997473616057509,1.5518216167372566e-05,2.8552855149357454e-07,0.0009621189148378814,0.0009974934509351869,0.00022580254913518157,0.11232821886370911,7.29139253301369e-05,0.0005848127742263619,9.76380031280022e-07,0.0002606327891239699,0.8828919814989697,4.6311846111380914e-05,8.94016884391136e-07,0.00012893787115383362
42,5.7552604161291794e-08,9.996084378340585e-06,1.4888916522214413e-08,0.00011798814160586757,2.2629097790397373e-06,0.00014572480093083485,5.621315143404249e-07,2.0383991625942297e-05,1.15857715999633e-05,5.572182400386359e-07,0.0009979213177613816,1.173010072477004e-05,1.1664004294433297e-07,0.0036519845872770404,0.00016646258920678471,3.9257600555093814e-05,0.15907096440303983,0.0001046202237558752,0.0002666392065346642,7.179830455275529e-07,0.0002946910953309418,0.8348019084516197,0.00013065134096665714,7.234589140672542e-07,0.00015247751002976052
43,9.817547453969702e-09,1.9296363151835286e-06,4.6862826434984105e-09,4.2910106304039235e-05,3.240315928844916e-07,6.062437560700393e-05,1.373287721528137e-07,1.8159033505190623e-05,3.844547562588061e-06,2.598848039535763e-07,0.0003637763635247007,5.2805141370813715e-06,5.396726705656179e-08,0.000701362860736994,0.00010412118370631305,3.830619035347679e-05,0.07186831656525114,3.569788095872077e-05,0.0002420713365237725,3.0193996511463436e-07,0.0001893373641965432,0.9262596008845935,3.6890112851112326e-05,3.445449206696666e-07,2.6334842721040695e-05
44,1.1505103144194001e-08,2.1627111810138328e-06,5.3733580192310744e-09,4.704003251821553e-05,3.65749937185343e-07,6.111787050404709e-05,1.5667667503020322e-07,1.913431909042252e-05,4.328538671365818e-06,2.466047144703133e-07,0.00041620294727457314,6.162734185824901e-06,5.821249029815996e-08,0.000758848586429422,0.00011246528875902326,3.858354127947344e-05,0.07254531518834396,3.682673518666331e-05,0.0002494234259904511,3.074400187524387e-07,0.00018679985751621434,0.9254455028062285,3.923475858310727e-05,3.717232489787257e-07,2.9327372711845645e-05
45,8.820018882139414e-09,1.2891187044784935e-06,6.923358944935057e-09,3.784282355178394e-05,3.136412489834516e-07,6.527360554938522e-05,1.7393546810777214e-07,3.530987200255638e-05,4.593103327315802e-06,1.8449704716633557e-07,0.0005403334322566808,5.400550753532198e-06,4.891136556605563e-08,0.00043072461279110476,0.00021679750409660416,7.053455158846849e-05,0.04489272509628176,2.7579350105611028e-05,0.0002936084602793786,2.4612064729307737e-07,0.00013045894178880462,0.9532037307867287,2.3693345919682877e-05,3.5229354418170173e-07,1.8769701575043807e-05
46,8.485647301659418e-08,1.7836910323701863e-05,3.097258305070571e-08,7.782397875393211e-05,2.1853154895167996e-06,0.00011868807417396645,1.9207498747134473e-06,6.532801918478729e-05,3.2299637032973284e-05,8.971461229812218e-07,0.0010016772706545047,2.8303774046029482e-05,6.52644281383586e-08,0.002228262244368961,0.0006361212575693093,0.00010996458724068177,0.024305216607052593,8.024438474350856e-05,0.0007954737895833453,3.904500109390586e-07,0.0002629823381372784,0.9700657686362981,5.286495148058083e-05,6.710294681201248e-07,0.00011489775490516545
47,1.1553421321004656e-08,1.2521096735998476e-06,3.51445029608512e-09,2.0394634862958945e-05,1.9253501340184761e-07,2.6999036092035546e-05,1.0092397444407365e-07,8.866480895610565e-06,3.996661983946592e-06,1.4616278279258439e-07,0.0001428348349069741,7.2251570294285645e-06,7.815082472926173e-08,0.00027743002556797716,9.061322270378423e-05,3.385271495197821e-05,0.0597220821234036,2.8878919780800996e-05,0.00021985067414766773,1.9601339481180114e-07,0.00015939440337865894,0.9392166114691451,1.3978713979821599e-05,2.4319667873919123e-07,2.47667669554908e-05
48,1.1250294342393467e-08,3.0757268408817202e-06,3.838612103110934e-09,4.113204781209508e-05,2.8630059642867454e-07,8.428649073489747e-05,9.970173207626348e-08,1.877994964990368e-05,3.4536876389437623e-06,3.259639032567325e-07,0.00044161566596203234,3.798403363873145e-06,5.089962758974815e-08,0.0007165047747840239,6.314774150462776e-05,3.506743567117904e-05,0.08230312133436142,3.0386561511465004e-05,0.0005808757394352287,3.001189176289407e-07,0.00016091169332118442,0.9154524198053843,4.466635549291435e-05,6.107185912092843e-07,1.5067794256268861e-05
49,9.541151037370327e-09,1.7710204259888696e-06,5.526632968007856e-09,5.078267962654941e-05,2.571938969451157e-07,5.405909458014864e-05,1.391989676849165e-07,1.678808080713162e-05,3.825166909053649e-06,2.2414016918510306e-07,0.000367765955588189,7.264254052291062e-06,6.021722970920036e-08,0.0007365675850789408,9.696020621970099e-05,3.2207891302248924e-05,0.06349258132605104,3.370671068540482e-05,0.00020469798085261996,2.708568604336935e-07,0.00018600017819409261,0.9346454341019846,3.9765628211074296e-05,3.521461461551298e-07,2.8503318376600072e-05
50,1.1511855519467738e-08,2.1643900000907186e-06,5.377409933592817e-09,4.704650475183576e-05,3.660407663352609e-07,6.105283314208607e-05,1.5720976903261286e-07,1.9173159832205333e-05,4.322405656330618e-06,2.473926979020859e-07,0.00041590351421297544,6.170166867374644e-06,5.8210311469204425e-08,0.0007601336048882111,0.00011249473279772613,3.858610362706735e-05,0.07250051658320225,3.684485438852408e-05,0.0002493663969711772,3.0757154261091444e-07,0.0001868704198821373,0.925489176910594,3.927300625318947e-05,3.711851252675962e-07,2.937991345457955e-05
51,1.0573454267768767e-08,2.5464569926762346e-06,4.3848212926852064e-09,5.046701714643975e-05,2.471259402902823e-07,4.5068570482242815e-05,1.3063354506294606e-07,1.8263383967548194e-05,3.824551151348042e-06,2.2823175932566778e-07,0.00034762345547006507,6.013435591849895e-06,3.872856316423887e-08,0.0007909804785001351,9.197433429067556e-05,2.879545647915162e-05,0.05625784667135478,3.429335498459276e-05,0.00022960349267244583,2.3699050247962817e-07,0.00015452057837445226,0.9418815109311314,3.152234368805236e-05,2.935448258786035e-07,2.3955274310438934e-05
52,1.239395959368923e-08,1.9872167059110192e-06,5.537792345487253e-09,4.374996616827992e-05,3.680014883512026e-07,6.979201165045345e-05,1.4697461272714118e-07,1.950657055940249e-05,4.417280609457705e-06,2.52008431601594e-07,0.00042877471255223725,5.362959044061707e-06,5.6398994982772835e-08,0.0007570326378310724,0.00012136434240773956,4.044144747478335e-05,0.07405939100680344,4.311555765161645e-05,0.00025351117363622665,2.994930533098043e-07,0.0001764983792125824,0.9239076909588808,3.580981533432854e-05,3.717493601411138e-07,3.0041405784374644e-05
53,6.425168126846107e-09,1.800816215336988e-06,6.668020786205497e-09,5.3935619982411734e-05,6.096569078389202e-07,3.3948988850634765e-05,5.977539470186386e-07,3.161740215442969e-05,4.043259011807112e-06,2.7169492831186954e-07,0.0005960788784997545,1.2764876664444328e-05,5.379649823808162e-08,0.0007901549114665853,0.00020689616992417852,4.8431547549241276e-05,0.037233323718803224,2.0966369295088693e-05,0.00014863596006210869,2.91764478241911e-07,0.00021125947656348783,0.9605053404982592,5.9655184438065085e-05,2.75516570344355e-07,3.9033045740994194e-05
54,2.654082424197839e-08,6.675305265723421e-06,6.947751984699343e-09,5.529403942529366e-05,5.947532446240484e-07,6.923517702020639e-05,2.634231375833028e-07,1.487718435067279e-05,7.339662326351919e-06,5.248184862881404e-07,0.00025054955349874063,9.509924251421818e-06,6.502312031301875e-08,0.0015206536264380215,0.00022457125072240103,4.697620548918683e-05,0.06594924092730585,5.400556745045132e-05,0.00025873276757490215,4.24608525414559e-07,0.00018800188348457348,0.9312108479098908,3.697106611393694e-05,2.525767621419335e-07,9.435925753884687e-05
55,2.5198079067797087e-08,2.3431233388822155e-06,9.871310143506268e-09,5.234907878419599e-05,2.6153763295059213e-07,4.027981209792086e-05,2.454736996327889e-07,1.2957404616768962e-05,1.554611792212147e-05,1.5695215028631432e-07,0.00022946797285726587,2.4129222944429962e-05,1.4940526607878533e-07,0.00037437758523687633,0.00012549599174656008,4.593992860003729e-05,0.03961821836097303,5.2907611330650564e-05,0.00029221014545287023,2.0046525446155777e-07,0.00026141670671620335,0.9587980404847914,1.519909696049483e-05,5.318283086366387e-07,3.7540623929206535e-05
56,1.1675333874058565e-08,2.1036848724550477e-06,5.486906954487977e-09,4.697079440941441e-05,3.55701322227711e-07,5.9134610862371e-05,1.5696236985571733e-07,1.8556985844197092e-05,4.3630105436556215e-06,2.4066679775446307e-07,0.0004038810141608967,6.769847125997828e-06,6.788648073695008e-08,0.0007410424353350022,0.00010929413925552851,3.7740552836827547e-05,0.0740358794094348,3.6260908196814426e-05,0.00025277368456188615,3.168357320667404e-07,0.00019297720387587982,0.9239819223125977,3.9097859722918414e-05,3.8701617535693315e-07,2.9689315244731564e-05
57,7.770337102305764e-09,1.474060816016191e-06,3.6290831927032093e-09,3.163631718071865e-05,2.0409072676138935e-07,2.8143507991136276e-05,1.2286818591687526e-07,1.3969171161218694e-05,3.3261779490781095e-06,1.7906438303349283e-07,0.00019693349444143917,8.39469508361442e-06,8.144365634189731e-08,0.00042441657742172285,8.055410455957034e-05,3.275911287360039e-05,0.062384852128398026,2.285828292941079e-05,0.00021823446923872124,2.707101413227149e-07,0.0001755429065320483,0.936330024774282,2.3732391020674474e-05,2.5776597200545363e-07,2.202048563554374e-05
58,1.3301469558579785e-08,2.2120313482235802e-06,6.126720745856947e-09,4.9059267677850316e-05,3.689929693490886e-07,6.689413781857609e-05,1.5753976428555658e-07,1.9070962190951943e-05,4.764879925736973e-06,2.436179655713785e-07,0.0004911173704629341,7.124398801378035e-06,6.943322676905577e-08,0.000711655212045281,0.00010148564448426655,3.920097137278415e-05,0.07157251488626827,3.700603032159997e-05,0.0003104455681717787,3.1689232618235036e-07,0.00019222548860329798,0.9263208476747324,4.581696161773374e-05,5.345349707780066e-07,2.6848074743633176e-05
59,1.2735038627999207e-08,2.1551391164310978e-06,6.532171576280611e-09,4.8803054888612644e-05,3.7717952365893177e-07,6.808088590267689e-05,1.5940146344014214e-07,1.9880170882429483e-05,4.949517365843432e-06,2.3769428268680438e-07,0.0005012467244704726,6.837640830370536e-06,6.561656312403429e-08,0.0006602617988453233,0.00011231993341999117,4.182864368782716e-05,0.06841161741229786,3.5017540183153776e-05,0.00030305757829317254,3.237813259606131e-07,0.00019046817075091935,0.9295205926555257,4.5132800887559506e-05,5.30107062876848e-07,2.6037285219731305e-05
60,1.1505103144194001e-08,2.1627111810138328e-06,5.3733580192310744e-09,4.704003251821553e-05,3.65749937185343e-07,6.111787050404709e-05,1.5667667503020322e-07,1.913431909042252e-05,4.328538671365818e-06,2.466047144703133e-07,0.00041620294727457314,6.162734185824901e-06,5.821249029815996e-08,0.000758848586429422,0.00011246528875902326,3.858354127947344e-05,0.07254531518834396,3.682673518666331e-05,0.0002494234259904511,3.074400187524387e-07,0.00018679985751621434,0.9254455028062285,3.923475858310727e-05,3.717232489787257e-07,2.9327372711845645e-05
61,1.3138175501932176e-08,2.1836759619536315e-06,6.526208893928224e-09,4.804327266982266e-05,3.867606070935145e-07,6.599176986175032e-05,1.665060230033393e-07,2.0102366079882003e-05,4.84822283318827e-06,2.4571302494486277e-07,0.00048763535573936677,6.924519525842709e-06,6.795777939484938e-08,0.0006737106200998345,0.00011350418000802722,4.062117473680645e-05,0.06968467075975618,3.6399342896887745e-05,0.000297484004049289,3.265716938208761e-07,0.00019048556012693792,0.9282536835292342,4.458152498904663e-05,5.095384694866922e-07,2.7407409448616153e-05
62,1.1505103144194001e-08,2.1627111810138328e-06,5.3733580192310744e-09,4.704003251821553e-05,3.65749937185343e-07,6.111787050404709e-05,1.5667667503020322e-07,1.913431909042252e-05,4.328538671365818e-06,2.466047144703133e-07,0.00041620294727457314,6.162734185824901e-06,5.821249029815996e-08,0.000758848586429422,0.00011246528875902326,3.858354127947344e-05,0.07254531518834396,3.682673518666331e-05,0.0002494234259904511,3.074400187524387e-07,0.00018679985751621434,0.9254455028062285,3.923475858310727e-05,3.717232489787257e-07,2.9327372711845645e-05
63,1.307363454596195e-08,2.795117796200269e-06,5.562560769866115e-09,4.907269752908746e-05,3.9747518362790995e-07,6.166564469662971e-05,1.6236625492081972e-07,1.8618248147166396e-05,4.665180193606658e-06,2.7526475205765343e-07,0.0004010192512215794,6.386829442711228e-06,5.975603324083259e-08,0.0007995441305740429,0.0001158806989646506,3.817635965844131e-05,0.07366517801993577,3.6478015775125e-05,0.0002774154614238016,3.381032015134015e-07,0.00019226200300997932,0.924256535207085,4.1491485953360444e-05,3.9052860977201127e-07,3.117351836244114e-05
64,8.813738247069394e-09,1.8817929457942516e-06,4.516314279342263e-09,4.3132907154847815e-05,3.0815517614046723e-07,5.388738192035218e-05,1.3537142757481246e-07,1.547766952795959e-05,3.870308805802966e-06,2.3889209577934884e-07,0.0003201471809369665,6.086004231355338e-06,5.897602116671014e-08,0.0007006434787226189,9.998265715865443e-05,3.384790128319839e-05,0.07173052814569163,3.2961234430363914e-05,0.00021024940072108907,3.028549862349087e-07,0.0002237422211394487,0.9264563326588223,3.75804754996814e-05,3.1773825117935027e-07,2.827326299732414e-05
65,7.123995196559225e-09,2.5454153598787625e-06,6.201068092010634e-09,7.711297537414509e-05,3.5580753143937843e-07,6.243763452098557e-05,2.882343336064176e-07,3.524461112257229e-05,2.0583435811108096e-06,8.066452682007048e-07,0.0003047599299267798,6.00172744433154e-06,3.9143844418850096e-08,0.0016996698099865258,0.00011931713329813533,3.8425322347210365e-05,0.07262416895032424,3.814086605246077e-05,0.00015492576368641235,4.811225193981833e-07,0.00029779425568121615,0.9244105846481204,7.58967914068074e-05,1.8899320614556908e-07,4.874255000019839e-05
66,2.2640845107600006e-08,2.2014917316770815e-06,9.862325769083627e-09,3.835948790517363e-05,8.877268124455796e-07,0.00014005529961063303,1.7713259267224897e-07,1.6843752957459272e-05,6.074102526142656e-06,3.6913604379023555e-07,0.0005854581148544049,4.6893782207892735e-06,1.3420000893801617e-07,0.0005667145208875607,0.00013781405165804302,5.464142613434394e-05,0.1533305697930976,5.515600093018032e-05,0.0004120542383611229,6.391689950509227e-07,0.0002913426594764292,0.8442445684717154,6.828132315594382e-05,9.319067755092671e-07,4.200411237792643e-05
67,7.81915360709315e-09,1.5051223083320134e-06,4.9608059466170066e-09,6.914710610642971e-05,3.4057631815150776e-07,0.00011009557729699524,1.0361601980579532e-07,1.699613187715858e-05,3.071462277793979e-06,3.0184735207023025e-07,0.0004943566404177656,4.939330533501621e-06,8.433794464281446e-08,0.0011813637632110097,7.891407225223482e-05,4.2461873717178616e-05,0.12446801651825468,4.1336094572726e-05,0.0002006200307103527,4.84438461809364e-07,0.00024320666573544007,0.872937308117071,7.400059782117427e-05,4.942411771864049e-07,3.083905860295204e-05
68,1.2311349251996248e-08,2.0682679870943952e-06,6.002263611862255e-09,5.345633564509576e-05,2.939912293963651e-07,5.684493712203375e-05,1.47805381131112e-07,1.9371150670040326e-05,4.196021583582222e-06,2.4263048510463685e-07,0.0004004181923904561,6.995261192578393e-06,5.5266984683993964e-08,0.0007935664472554294,8.335971355008027e-05,3.276945946681984e-05,0.06938959785476405,3.9530569209030444e-05,0.00023590033191910384,2.7204605259513845e-07,0.0001984541690392949,0.9286128415746981,4.2019588625950694e-05,3.924618428858941e-07,2.718760929246841e-05
69,8.824040046959733e-09,2.263738780196633e-06,6.314744303548874e-09,6.33165763596223e-05,4.135344577361041e-07,7.236517237651572e-05,1.8408984617631007e-07,2.6843372727148984e-05,4.186008520491266e-06,2.589540864915805e-07,0.0007082982199710477,7.124278383356263e-06,5.6592306640888884e-08,0.0008128265475104128,0.00011741265623571972,4.687421186797725e-05,0.06259416890232734,2.6829006836836205e-05,0.00030230132307365246,3.740206677458575e-07,0.00022286003867682646,0.9349009412564748,6.752847795221025e-05,5.904771044749951e-07,2.1967404672071025e-05
70,1.6579744719849218e-08,2.0751726109199485e-06,8.243338705036605e-09,6.176145378984689e-05,3.9534851002669906e-07,5.3455329376851595e-05,2.1512959836338096e-07,2.9995518149430602e-05,4.587786450015595e-06,2.9277775993006915e-07,0.0003625056740486494,7.817969576142264e-06,7.10737178313655e-08,0.0010037568724957345,0.00013832986799104202,5.089470863373869e-05,0.07881319513710551,5.3129348130841394e-05,0.00016665130136570933,3.817349752145966e-07,0.00015506830713796668,0.9190205055324849,3.109995214088424e-05,2.5326575633397403e-07,4.353591511071829e-05
