,0,1,2,3,4,5,6,7,8,9,10,11,12,13,14,15,16,17,18,19,20,21,22,23,24
0,0.005340684028312869,0.26745103269911885,4.161281362451023e-06,0.0024784648007867968,0.001216717164328498,0.00012869224589951732,0.001349961890997646,0.003182580841530085,0.0020809943324337507,5.6235063780222477e-05,0.14324667557524273,0.007946001994999013,0.0003898313574759341,0.002062162607061509,0.014266169502720142,0.00012841752874370198,0.024431290310534082,2.703181551589852e-05,0.022206864816461145,8.269581495290262e-08,0.0002103928938985856,0.4992504002952901,8.055661132929293e-06,7.005518647209579e-06,0.0025300930779112345
1,0.003336957687657562,0.19177662350251928,4.482156426067985e-06,0.0017410760517719602,0.0007974871338030759,0.0002629492498872638,0.0012341905583161123,0.003235357653765329,0.00695854929791191,0.00017645472738198707,0.09723821503352667,0.0039059035834082497,0.0003970230693599489,0.003325472514615713,0.020053405845687,0.00014585816237225357,0.008045506877507557,3.460558071535391e-05,0.03619376769614961,1.4983780447318413e-07,0.00019949307755068996,0.6175395793358919,8.732636684769634e-06,8.119057996415814e-06,0.0033800396712887395
2,0.0025518432887629487,0.18761562559376677,3.026580755221143e-06,0.001181925700722235,0.0008768500593369196,0.0001538127159056024,0.0007434281334609633,0.0027087178402579056,0.005106863050308482,0.0001078302063779139,0.11353189488101152,0.0041819582934272195,0.00024138639755172964,0.004306970377515868,0.021233877937305187,7.554266052491028e-05,0.007091773488925889,1.8823614372480017e-05,0.017321300179386056,1.1469700136830963e-07,0.00013439687674198254,0.6269886451810261,5.775568284394074e-06,5.150258944302655e-06,0.0038124664183257577
3,0.003486568782507823,0.19305583637560508,3.0920080166802137e-06,0.0014062086506351423,0.0007424828730176469,0.0001759085477882621,0.0008947621489249268,0.0026644678870501224,0.003960253248209084,9.295619845255214e-05,0.11646607062840637,0.004158930021719499,0.0003040856769940665,0.002794293290804806,0.016648874907158964,8.275702969423009e-05,0.009217597887185814,2.3332630161400193e-05,0.0220506809534636,9.156724298955605e-08,0.0001528743788426028,0.6188686534421879,6.4733341892558655e-06,5.211848961252557e-06,0.0027375356827800037
4,0.003260159096137331,0.19591559113002163,3.03523059712006e-06,0.0013146497351065544,0.0007342602742747998,0.0001409106937712566,0.0008960498534820785,0.002525443048985672,0.003924036596806253,8.791020398985558e-05,0.11093781213382105,0.004001135801325676,0.0003448287856376234,0.003089136410635452,0.013945029327568437,7.140878158333456e-05,0.008155771173224073,2.3776648041465756e-05,0.021267031917698246,9.637010658409608e-08,0.00016524472632711306,0.6266949046111738,5.711013983404302e-06,5.284119705474744e-06,0.00249078231599556
5,0.0043038791542917695,0.2165069332958197,4.381257921103114e-06,0.0023082581116541994,0.0010344943296851901,0.00022018655029477409,0.001033289174519436,0.003185784341815802,0.004936019158111943,0.00013825493571009302,0.12930763668358633,0.004013361568501439,0.0004032656499197704,0.003763802389282659,0.015600467607012695,9.453962849420126e-05,0.010869536435004549,4.6468327908664566e-05,0.027701724998355836,1.4166267426973973e-07,0.00022045636214074234,0.5717955780480571,1.0944763846137821e-05,7.567204214124301e-06,0.002493028361177486
6,0.003486568782507823,0.19305583637560508,3.0920080166802137e-06,0.0014062086506351423,0.0007424828730176469,0.0001759085477882621,0.0008947621489249268,0.0026644678870501224,0.003960253248209084,9.295619845255214e-05,0.11646607062840637,0.004158930021719499,0.0003040856769940665,0.002794293290804806,0.016648874907158964,8.275702969423009e-05,0.009217597887185814,2.3332630161400193e-05,0.0220506809534636,9.156724298955605e-08,0.0001528743788426028,0.6188686534421879,6.4733341892558655e-06,5.211848961252557e-06,0.0027375356827800037
7,0.005751755652073427,0.12391869725215994,2.1272331756093503e-06,0.0008669413630849747,0.0003422031571900631,9.52902287622165e-05,0.0008187189622520728,0.0023007100043660727,0.0016016981718627154,3.839523086458386e-05,0.12834061672638325,0.0026318428240487664,0.0005426806107320259,0.0009375427583438121,0.009060024267435289,3.756511805355487e-05,0.004939065359240525,1.8899347413312948e-05,0.01875841060473585,5.010819709690374e-08,0.00010259961088852742,0.6980758548948918,1.934552139107168e-06,2.063881790110885e-06,0.0008143120799153601
8,0.005550685393774943,0.3248159256629688,9.850831434757548e-06,0.002612926140671037,0.0012493647345559035,0.000228299859680149,0.0005034467524402136,0.0019505740867911635,0.0069987191782955845,0.00023444403726464606,0.09606970599187492,0.005708672638526399,0.00032764535359815526,0.005612585699368574,0.024232624985884348,0.000151716235804456,0.017484477711541907,2.1901661500811765e-05,0.012817277226202956,1.8549268058258273e-07,0.00012935749111919344,0.48579833691662005,1.7551985734426388e-05,2.1274891368417147e-05,0.007452449040297561
9,0.0026369672097279677,0.38484465029142084,9.09686988561895e-06,0.002495807732926115,0.0009181467844483101,0.00019172087109435598,0.0004682526383444076,0.00251150339911376,0.00790974422087324,0.0004352540151100823,0.06650019631619933,0.004090791576219867,0.00030871689489004597,0.00855568361529187,0.02174319848448756,0.00019819492267759156,0.013409994009142378,2.711500434933297e-05,0.018793625005455467,2.61326335220464e-07,0.00015952534076372257,0.45646274064957004,1.5217916935216566e-05,1.85946076841581e-05,0.007295000297053365
10,0.003486568782507823,0.19305583637560508,3.0920080166802137e-06,0.0014062086506351423,0.0007424828730176469,0.0001759085477882621,0.0008947621489249268,0.0026644678870501224,0.003960253248209084,9.295619845255214e-05,0.11646607062840637,0.004158930021719499,0.0003040856769940665,0.002794293290804806,0.016648874907158964,8.275702969423009e-05,0.009217597887185814,2.3332630161400193e-05,0.0220506809534636,9.156724298955605e-08,0.0001528743788426028,0.6188686534421879,6.4733341892558655e-06,5.211848961252557e-06,0.0027375356827800037
11,0.003591649653289229,0.1863576385019972,3.009504918631872e-06,0.0013738042087900343,0.000734884248594766,0.00015596785357020033,0.0009274710537840146,0.0025246293090027726,0.003805440992101708,8.285275763865818e-05,0.11449307053964132,0.004213845707841024,0.000344940975559358,0.0026194224266988344,0.015359887479221093,7.887793774408242e-05,0.008655991974566905,2.3001521476473045e-05,0.02184740350549785,9.325886101165447e-08,0.0001538172324840924,0.6301137469381158,5.920052459542548e-06,5.5102135385560585e-06,0.0025271221526067126
12,0.003442078173391168,0.19271693513126617,2.9607390577466917e-06,0.001421405175263461,0.0006861935703824475,0.00017346662474217772,0.0008975387966415128,0.0027003153310421867,0.0038361807756544064,9.19028180125411e-05,0.11283572849149169,0.004096596687038665,0.00030697763631361757,0.0026477158569346293,0.016739046535568677,8.429631408298574e-05,0.008961706866994431,2.3144269971187757e-05,0.023029022996444597,8.811512320310007e-08,0.00014789916673865183,0.6225264944779858,6.203314057060127e-06,4.974535970378808e-06,0.002621127599830435
13,0.002722156874343041,0.15270760104466283,1.8471156082834657e-06,0.0007703271970405092,0.0006116811281550392,8.907596390486936e-05,0.0006489637053245699,0.0024165061052151297,0.0025941947914321353,4.440504179481406e-05,0.137974097230008,0.00456109009411686,0.00022071045846910902,0.0026117057779222125,0.014367698702566867,4.536445968438895e-05,0.0064092623704046356,1.3227459952930261e-05,0.013764226138108397,5.71854395959463e-08,0.0001103842636145769,0.6547976429197178,2.9679281092152067e-06,2.860009536322684e-06,0.0025119460348680843
14,0.0029993337652691222,0.27150808275131044,2.5684533055444715e-06,0.001530026505983204,0.0010111175164650044,0.00010033115525011598,0.0007213708650624003,0.002009795303259409,0.00246790971048241,8.03261172979214e-05,0.1358313662303506,0.0028351376734106265,0.0003692905828543735,0.0027049581226005746,0.009145404831376498,4.50599694240991e-05,0.009682007213751002,2.8271057436099243e-05,0.025880826697253303,7.571185622250444e-08,0.00023549116086448376,0.5293175185164901,5.062447429929207e-06,4.611441465687016e-06,0.001484056199750855
15,0.003486568782507823,0.19305583637560508,3.0920080166802137e-06,0.0014062086506351423,0.0007424828730176469,0.0001759085477882621,0.0008947621489249268,0.0026644678870501224,0.003960253248209084,9.295619845255214e-05,0.11646607062840637,0.004158930021719499,0.0003040856769940665,0.002794293290804806,0.016648874907158964,8.275702969423009e-05,0.009217597887185814,2.3332630161400193e-05,0.0220506809534636,9.156724298955605e-08,0.0001528743788426028,0.6188686534421879,6.4733341892558655e-06,5.211848961252557e-06,0.0027375356827800037
16,0.002540209893105433,0.14569735010403714,1.3754495014436755e-06,0.0007258413690917518,0.00037525660010580427,7.78221340166891e-05,0.0005688481508544735,0.0025328436494015828,0.0019235357825296033,4.151015420237918e-05,0.10536437311491331,0.004514148971252536,0.00019046704979224882,0.0021583275244949516,0.013993571037699423,4.779269590237709e-05,0.00595975706838432,1.2541168904163973e-05,0.014439542803978179,4.03405722436934e-08,8.522638868402647e-05,0.696725317574284,2.213285212572713e-06,1.7936869614684434e-06,0.002020294002117764
17,0.004741790338082161,0.17561395233053317,3.727946704199246e-06,0.0009650071266210462,0.0013385423508398,9.879112429697604e-05,0.0012812808460111115,0.0022482123935250375,0.003824462590330988,4.2787617082647515e-05,0.17050120781568812,0.005989179223312751,0.0004027461867840679,0.004019737781028003,0.006705909941156359,4.165387255990484e-05,0.010486012747863314,2.864098129472277e-05,0.012728734557428074,8.690580132859083e-08,0.00028364934689879904,0.5962449386835219,6.2499012080943055e-06,6.782962168712395e-06,0.002395914429258697
18,0.0025925251633481046,0.21634105959085023,4.236562679921796e-06,0.000717470634500049,0.0006852988748606415,0.00013741769019050805,0.0010396375713477351,0.002255296418650019,0.0042284796377937296,9.243255689362952e-05,0.10769946017069541,0.007597761001085812,0.00022410640986811665,0.005092444922279172,0.019679917847861036,0.0001493150520763059,0.014944103203852324,1.72809589526639e-05,0.01964267819444582,1.0694150309599704e-07,0.0002273990899605876,0.5881127687933765,8.123732262553577e-06,8.232006836128287e-06,0.008502446973829956
19,0.0021938740213381146,0.2217472276559889,2.264819455570645e-06,0.002201629797897015,0.0008416010162035827,0.00023123714202422915,0.0007814047679703871,0.002165916503786155,0.00553233574865245,0.00012934330365869937,0.06856955377232067,0.0038954405250102167,0.00026422534591039667,0.0025099918978618947,0.02010492652161836,8.044521653217174e-05,0.006543665560117165,1.559757959414751e-05,0.020098886737564742,9.290308882615414e-08,7.814982950712683e-05,0.6395369579699607,5.608315567827855e-06,5.111994991289192e-06,0.0024645110533794957
20,0.0017075724227753196,0.13526750254015865,1.0471025666913412e-06,0.0007552078710582997,0.00034665662992368346,8.9472599775708e-05,0.00046256351812701865,0.00201344441724725,0.002452883104758185,5.395735337867253e-05,0.07685744781219014,0.002040443050724448,0.00021003614246866732,0.0018402468270638343,0.01261226431706895,3.0897005395138145e-05,0.0034702210419432443,1.0103169250148831e-05,0.01522662185511354,4.853603834068767e-08,7.128042581584991e-05,0.7431965043064995,1.9530341002612353e-06,1.6879755628572673e-06,0.001279936940995633
21,0.007392931701134783,0.24678885377455542,8.520933181246757e-06,0.0016877459628969842,0.0009555930146781944,0.00010525678889998143,0.0012419988846275164,0.003669441827366387,0.0037715128345726166,9.23566348635681e-05,0.15148579457012623,0.010013581482249144,0.0005784676650910257,0.005411671009358323,0.010057451131036616,0.0001480999878574616,0.017324143182170022,5.46452573749241e-05,0.017809495064456827,1.539973670548068e-07,0.00030463954434716223,0.5171547454169525,9.601856553859135e-06,1.1987688340829598e-05,0.0039213097899412335
22,0.004883808599905236,0.18948303762832613,4.440807231527087e-06,0.0013684890238911149,0.0006031198334871078,0.00017900531022215212,0.0006265684519168447,0.003925370161504404,0.0019525721510565074,0.00012133820863097446,0.1396638524186733,0.0028247586658860856,0.00031184705855283367,0.0027932187212290787,0.009718424995324727,7.581977220771724e-05,0.016886463591885625,4.258082318858539e-05,0.02169502253581938,9.583218591559185e-08,0.0002508675432949715,0.60096335089749,8.096178344120442e-06,3.3999629184643757e-06,0.0016144508268271167
23,0.003486568782507823,0.19305583637560508,3.0920080166802137e-06,0.0014062086506351423,0.0007424828730176469,0.0001759085477882621,0.0008947621489249268,0.0026644678870501224,0.003960253248209084,9.295619845255214e-05,0.11646607062840637,0.004158930021719499,0.0003040856769940665,0.002794293290804806,0.016648874907158964,8.275702969423009e-05,0.009217597887185814,2.3332630161400193e-05,0.0220506809534636,9.156724298955605e-08,0.0001528743788426028,0.6188686534421879,6.4733341892558655e-06,5.211848961252557e-06,0.0027375356827800037
24,0.002248337179179571,0.2812359210766344,2.211676388649629e-06,0.0023869257651912084,0.0006730288410634266,0.0001366677218933802,0.0007484411997437484,0.0026813164375489766,0.0032767438744178944,0.0001206692517176136,0.08275796529081281,0.003141264160689803,0.0002825180846350067,0.0030139448521840063,0.015736574059479345,7.865963121915344e-05,0.009478225885591624,2.6825664486889176e-05,0.03214624336906424,8.116363287866432e-08,0.0001497879137950002,0.5577321927439447,6.705590898944862e-06,4.363954378842796e-06,0.0019343846114078292
25,0.004523500945632557,0.10688122591851937,2.8338662778302177e-06,0.001044624664559378,0.001085153834370617,9.56464509543582e-05,0.0013838701958057565,0.006697867942349952,0.0021605298554072862,3.426782715869702e-05,0.2716016180832155,0.006273178109847689,0.00032901694395472673,0.0033342915872901914,0.006509231480866638,4.425477371890281e-05,0.008545793857708053,5.205723217488188e-05,0.014268810322235067,9.013974974323124e-08,0.0002751061921940144,0.5634592294515129,4.439345481851987e-06,2.6124194746017397e-06,0.0013907485595392535
26,0.009842613075528965,0.27339430992996144,1.469245154001674e-05,0.004228366226785844,0.0025898530250158076,0.00045690177838316116,0.001349305251064663,0.002710726297180835,0.014958807118673407,0.0002854735006764219,0.1504712837005903,0.004965471728798347,0.0006290432344946378,0.006984478465883268,0.015441281798461255,0.0001422137935979733,0.017086371046213904,9.758548356554608e-05,0.02474010525078314,3.25123102439634e-07,0.0003719872992510236,0.4645089565191013,4.3915239720254805e-05,3.7582157726791975e-05,0.0046483505038994255
27,0.002129738849943724,0.13175546099636276,1.3958296800331447e-06,0.0010286735463832179,0.0004715521817701162,0.00017421737883178303,0.000563660228607263,0.002007292800559774,0.004978316178285842,7.610143152656814e-05,0.07403064367848043,0.0028271759054138952,0.00020721351276891686,0.001804942249264416,0.018841053026898747,5.12762234460014e-05,0.0033198354024876983,1.1169233562456098e-05,0.016874292350879123,6.240929516498965e-08,5.697234757491684e-05,0.736689911260101,3.0832017024026083e-06,3.25094695418886e-06,0.002092708829219488
28,0.003486568782507823,0.19305583637560508,3.0920080166802137e-06,0.0014062086506351423,0.0007424828730176469,0.0001759085477882621,0.0008947621489249268,0.0026644678870501224,0.003960253248209084,9.295619845255214e-05,0.11646607062840637,0.004158930021719499,0.0003040856769940665,0.002794293290804806,0.016648874907158964,8.275702969423009e-05,0.009217597887185814,2.3332630161400193e-05,0.0220506809534636,9.156724298955605e-08,0.0001528743788426028,0.6188686534421879,6.4733341892558655e-06,5.211848961252557e-06,0.0027375356827800037
29,0.003486568782507823,0.19305583637560508,3.0920080166802137e-06,0.0014062086506351423,0.0007424828730176469,0.0001759085477882621,0.0008947621489249268,0.0026644678870501224,0.003960253248209084,9.295619845255214e-05,0.11646607062840637,0.004158930021719499,0.0003040856769940665,0.002794293290804806,0.016648874907158964,8.275702969423009e-05,0.009217597887185814,2.3332630161400193e-05,0.0220506809534636,9.156724298955605e-08,0.0001528743788426028,0.6188686534421879,6.4733341892558655e-06,5.211848961252557e-06,0.0027375356827800037
30,0.003486568782507823,0.19305583637560508,3.0920080166802137e-06,0.0014062086506351423,0.0007424828730176469,0.0001759085477882621,0.0008947621489249268,0.0026644678870501224,0.003960253248209084,9.295619845255214e-05,0.11646607062840637,0.004158930021719499,0.0003040856769940665,0.002794293290804806,0.016648874907158964,8.275702969423009e-05,0.009217597887185814,2.3332630161400193e-05,0.0220506809534636,9.156724298955605e-08,0.0001528743788426028,0.6188686534421879,6.4733341892558655e-06,5.211848961252557e-06,0.0027375356827800037
31,0.005230861650170171,0.22023959902574933,5.081012968241479e-06,0.001333378464294696,0.0004904413912369857,0.00014594206526093585,0.0008579490848829607,0.005156169562900569,0.0026180542159404924,0.00011224568088358807,0.11468251656918413,0.004528322465578294,0.0003363015278901768,0.002952122690353901,0.010729434838496471,0.0001265678092912121,0.013782544024769753,3.7035020135354904e-05,0.0208318347798806,9.402065758875275e-08,0.00020498153630339088,0.5931763038615662,6.739225267979838e-06,4.390695001819109e-06,0.0024110887813352947
32,0.0031911493350755245,0.18709600841709922,2.790715299494958e-06,0.001462966423122155,0.0006924220185330342,0.00017670820270647387,0.0009118299568165199,0.0026294085120704834,0.003782785874045255,9.499314663048886e-05,0.11052409364432533,0.0037263509906686346,0.0003085288559663465,0.0025148910481241605,0.018093730243948253,8.679325837154767e-05,0.008959147389010554,2.3428049329416084e-05,0.027374027593356044,8.97245154509186e-08,0.00015982893708271821,0.6256202989558616,6.410341800903076e-06,5.046917511932627e-06,0.0025562714487284725
33,0.00308356277105845,0.21588823695916276,4.9848520486461794e-06,0.0015714779425688942,0.0010767378106096913,0.0003618671467480074,0.0008083811478108513,0.002345538924132804,0.01020290148986703,0.00023753412688724615,0.10338911934021394,0.003070863786631805,0.00024686141575823136,0.005082595001221329,0.031078223955117064,9.36435009209386e-05,0.007444773953825044,2.3333268576218735e-05,0.022601429999634694,1.5669357091517462e-07,0.00015464575960432556,0.5859891551186771,1.1961327807193882e-05,8.112521054198048e-06,0.005223901186492493
34,0.009097141028903188,0.10387340343622474,2.946211939111295e-06,0.001424954453441063,0.0008382648465522337,0.00015555098081653816,0.0011317937000578607,0.0023784548037557307,0.0038642808315549164,4.635427560006636e-05,0.19071544966794418,0.0028815193777114857,0.0004966998945327809,0.0014318745478831552,0.016852929656608555,4.5678616399520807e-05,0.005560111931546324,3.735445148484422e-05,0.03094822092821533,6.495649808790326e-08,0.00018534230030184715,0.6266599685764039,5.489521294005912e-06,4.889962634378879e-06,0.0013612610416962776
35,0.00505662205908619,0.13275582836572294,2.395492246779986e-06,0.0011991440155003697,0.0003327678293286478,0.0001789255977645628,0.0008351724255927789,0.0035331939529733196,0.003064204942340285,7.46090694533896e-05,0.09108028111482087,0.004093053257386315,0.00033790372385945645,0.001407961102611759,0.009955243080080023,0.00010076795910189895,0.006930831089959152,3.288371140082924e-05,0.0237638906094126,6.10230131557963e-08,0.00010294987867328488,0.7136937910985789,4.174762589823908e-06,3.582221503042464e-06,0.0014597616169994784
36,0.004649343352723277,0.21165731089388984,5.211375322616746e-06,0.0016288422401458994,0.0019586664981097773,0.0002230795374227717,0.0012488346340969213,0.001993277014905957,0.005290591781997637,8.846034888574959e-05,0.20781225699051314,0.004750988436226252,0.000392987556888241,0.0035094037871847613,0.019943203498976478,7.536818403663524e-05,0.011973971764114242,2.7756750189444656e-05,0.023519271596267842,1.378603646088733e-07,0.00030402588161131664,0.494724505539765,1.1941496468930365e-05,1.2094061266073313e-05,0.00419846891862649
37,0.009271890684920622,0.21938329627056383,9.727936296497985e-06,0.0016920929780515315,0.0015988839955059669,0.0001435872527633516,0.001724750514702327,0.0023549442949108326,0.006247554908387725,8.795345135142718e-05,0.1663221177951001,0.007633562781889598,0.0007927027764635172,0.004938171448277102,0.009126732896477313,9.916046572426362e-05,0.013847257062941196,5.708740428784315e-05,0.01853156251259175,1.7700837076175408e-07,0.00037844866328977947,0.5321594270990941,1.1967398726225842e-05,1.8771375535487317e-05,0.0035681710237768487
38,0.004376806662399183,0.15714019872025517,3.3297837319027027e-06,0.0017516176707891803,0.0005623308628989812,0.0003020211610734612,0.0014629405392848059,0.0031822405855362296,0.003820951498859321,0.00010844682863172129,0.10578312157548243,0.0038507446999969013,0.00040652657569350306,0.0017296596131241627,0.021222535793930013,0.00014616040526313715,0.010693877589424722,3.498202087974827e-05,0.04069758076421838,1.0721455486608572e-07,0.00018556232691855043,0.640239593165824,8.75620528776097e-06,5.473278023744095e-06,0.002284434457917898
39,0.003991936856699922,0.10380490082799587,2.6436741992245445e-06,0.0009174584844779261,0.0003779688316460058,0.00024230269403103141,0.0014695762456123542,0.0057569554548980795,0.001889888688749829,5.323720647594292e-05,0.12153781285850687,0.006095297828704695,0.00027766671139583117,0.0012096218326419102,0.011682233872438469,0.00015599560995966866,0.012321538905897971,2.5077414127121227e-05,0.024246172419925605,6.904539405054708e-08,0.00017742780569437035,0.7016929736399221,5.130611334734769e-06,3.0051274375490965e-06,0.0020631073518326427
40,0.0033941668045954615,0.14469958801731878,2.179541609419174e-06,0.0005577463649502192,0.0005332371858982227,0.00011115935452777056,0.0005585033954344963,0.0016538258203866252,0.00244560491903875,3.737158841753866e-05,0.10837394095964493,0.004701743060238209,0.00020461638189737342,0.0019118088856865773,0.013194049612399575,3.70531612204447e-05,0.006352721407512896,6.95913501062618e-06,0.007172221936639421,4.537574308411967e-08,7.066956575653838e-05,0.7013911787082296,2.3118299535504746e-06,2.417336384540436e-06,0.002584879651505281
41,0.0031907315435707627,0.1463541288750489,1.9098506702046293e-06,0.005690599098030802,0.002345611984202939,0.00074698651772475,0.0006261337401145629,0.0021540556751206493,0.012801257444052498,0.00015405546686341728,0.11419359769092062,0.0035944069544892325,0.00013842656859563673,0.001589097365125639,0.10694831762384992,6.605600447813396e-05,0.004169468814087917,1.1350422139984423e-05,0.02163657159736354,8.30074839497453e-08,2.761281134230327e-05,0.5702632002669706,8.78655715607346e-06,5.336459675485667e-06,0.0032822176609215935
42,0.0014900618031702376,0.09799500218066978,6.629913992063691e-07,0.0005997033967229837,0.00019048594205696754,0.00010584675056575956,0.0004137015176452421,0.0018252931675596794,0.0014631898131223908,3.976973682089445e-05,0.052636419875820475,0.0018846635113411838,0.00017418893750345224,0.0005946171923393016,0.012071122551222446,4.88777404155796e-05,0.0038161620348309932,5.940069200569832e-06,0.01850890743227371,2.944794002531098e-08,4.180548707760742e-05,0.8051507351803558,1.2028502448757627e-06,1.2223774075579205e-06,0.0009403880122934059
43,0.0022650246986811824,0.13985937243075422,2.6045073909574692e-06,0.0014438110741618907,0.000530602884893425,0.0003981180389630214,0.0006008454628095867,0.0032416757196117997,0.0046861611238231266,0.00022417394897323646,0.07555713714334143,0.0015401243861677247,0.0002332489128068837,0.002082520393130863,0.02188020256904378,8.41789501411578e-05,0.005771081605847321,2.1966158527217736e-05,0.030526512193215675,1.108572498267348e-07,0.00013248721568721105,0.7070827753883017,6.6180706298025445e-06,3.3162985072192546e-06,0.0018253299673400118
44,0.003486568782507823,0.19305583637560508,3.0920080166802137e-06,0.0014062086506351423,0.0007424828730176469,0.0001759085477882621,0.0008947621489249268,0.0026644678870501224,0.003960253248209084,9.295619845255214e-05,0.11646607062840637,0.004158930021719499,0.0003040856769940665,0.002794293290804806,0.016648874907158964,8.275702969423009e-05,0.009217597887185814,2.3332630161400193e-05,0.0220506809534636,9.156724298955605e-08,0.0001528743788426028,0.6188686534421879,6.4733341892558655e-06,5.211848961252557e-06,0.0027375356827800037
45,0.003648084294973494,0.21785230997341812,3.635172610049322e-06,0.001266284012923082,0.0007158425750008786,0.00015278414561523335,0.0007734293296159306,0.002578262407507521,0.0036688926433857123,9.959267752005257e-05,0.11819990839522912,0.00416133177146133,0.00030036283574128605,0.003411480844609,0.013740658316971964,7.846023659254486e-05,0.01059737207723531,2.452645711226506e-05,0.019354360621850204,9.15103907786215e-08,0.00017622415250825884,0.5962567365599559,6.835082481160141e-06,5.483874743998623e-06,0.0029270500305466963
46,0.004317149051552369,0.1752116363279649,1.5782985282353641e-06,0.001037565059325751,0.0003014883574651017,8.897179670348316e-05,0.0004635139778016009,0.0020972822968680313,0.000559880629399351,2.667470526828759e-05,0.09267826810479386,0.005507526815685951,0.0002120065920761049,0.0006376575629271605,0.011038471018806074,8.412440201622896e-05,0.02457419347743302,7.95347576446545e-06,0.012015433562983036,2.7954280353023586e-08,6.487924245029957e-05,0.6676313760691557,2.8014002410216297e-06,1.9997694112575586e-06,0.0014375400510982708
47,0.0026997986157049226,0.17032292535796875,1.0471371337949407e-06,0.00037155352051431643,0.00012889749388704532,4.408982872280045e-05,0.0003764573157084315,0.0013410228386794558,0.0011485650126547436,2.548117156076169e-05,0.04677034289863676,0.004326567380899841,0.0002463722667076237,0.000715269862784372,0.006463642353130495,5.5007557563338974e-05,0.004745999416526025,4.6060935702593615e-06,0.007742836735952556,2.39519396260279e-08,2.9818984836824682e-05,0.7510885005636966,7.569233905655718e-07,1.7612965578659494e-06,0.0013486554212724375
48,0.0016042135629891338,0.34360667347411766,1.2286638001720626e-06,0.001391608608858333,0.0001593891525431566,7.60888192787e-05,0.00035193758239553076,0.002463861417833602,0.0006990870984052804,8.453550516458467e-05,0.035933195057672035,0.0020461036137529426,0.00016173192340469095,0.0011352575850233795,0.009007895315287586,8.07117314535032e-05,0.017048041417852346,1.0265683393582867e-05,0.021263342198109946,2.908381987157146e-08,7.216432020595586e-05,0.5618508692559275,2.956197965787256e-06,1.161479904961861e-06,0.000947651250839597
49,0.004478654191685115,0.16890165208976107,3.816931925762707e-06,0.001233640975818023,0.0007207664500929157,0.00023902774843492878,0.0008686434805273059,0.003134653151151699,0.004058637076307541,8.756395174128683e-05,0.12603761875939812,0.005263874558727305,0.00030247590834386044,0.0025455636212514616,0.012408308266179299,7.845040195095243e-05,0.00896501557061794,2.3279689834321178e-05,0.013494043098308511,9.592787523151972e-08,0.0001235095188294771,0.6444350253231016,6.201068662861467e-06,4.914379366138757e-06,0.002584567860107091
50,0.0096361611417968,0.18645211955225718,4.695066168688377e-06,0.0024007554089262506,0.001732402658316347,0.00026375971141976155,0.0007608024892486171,0.0021497514533477366,0.004045939587707424,5.722397783892975e-05,0.26619399055465437,0.007178442023304915,0.0002744687472524745,0.0024710435397972473,0.021343122451000326,9.861377514616419e-05,0.021176068396123397,3.973232189960321e-05,0.014672990762195585,1.0979235241189418e-07,0.00015465626046786175,0.45485855049729357,1.9450681817370505e-05,1.4113969491725724e-05,0.0040010351801754085
51,0.0023080286470714686,0.24739549489200607,1.8614789802470806e-06,0.0013472099772204452,0.0004556678577828225,9.756417697532783e-05,0.0004792835258498571,0.0025019567156936953,0.0025647767579036547,8.280198114142034e-05,0.08136003078317045,0.00326475033465929,0.00023087009217109198,0.0025185864740332768,0.013352968665744633,5.265745512342932e-05,0.006296536558798238,1.4616188293096235e-05,0.01651212924405684,5.690499734715947e-08,8.33255985997017e-05,0.6172753796505257,3.1393274848741493e-06,2.6014931709930796e-06,0.0017977052185459887
52,0.003446245700501699,0.17918779338759433,2.90180925769693e-06,0.001641491424120868,0.0006140854140190808,0.00020550875790183287,0.0007769649085920939,0.002915122419265199,0.004060210678916402,0.00012244093865337752,0.1037575202593024,0.0033500533808653163,0.0003116356714634973,0.002566901231871532,0.018648128278554495,9.257685713372649e-05,0.008116628576176926,2.8380019669858928e-05,0.026320314607140148,1.0159101087351344e-07,0.00013149957482760515,0.6414053959042211,6.566600336776278e-06,4.7116513740070856e-06,0.0022868203572290425
53,0.004159458347295718,0.1369952287643204,3.2353210465351674e-06,0.0012263924544019898,0.0008742117793889938,0.00026522562565888067,0.0031390306233011213,0.0036525033553760863,0.0066109114821570215,5.1826161130132364e-05,0.16153769828659711,0.009640033415833662,0.0003539169701178552,0.0031708765435077644,0.021281970041572992,0.0001132632969019727,0.008634331437938979,2.9296190427266802e-05,0.022497938554856423,1.1153009801980821e-07,0.00019042827054356832,0.6111410040763627,9.340035200351733e-06,6.223514720637214e-06,0.004415543921243819
54,0.00127762444701589,0.2851220034501103,2.306922050167497e-06,0.0006277545843787232,0.0004022086885529967,8.487218056141988e-05,0.00046660413393743126,0.001727413458988083,0.004984487908851851,0.0001088864065160561,0.05313571829236701,0.006883682974330074,0.0001428671551503009,0.004674993257911193,0.02547315547223792,0.00011887757706164298,0.0057155489785817104,5.64145033582221e-06,0.010403119866354551,7.590238623727283e-08,4.975894118997996e-05,0.5899068746724704,2.6902502810529995e-06,4.615543398717833e-06,0.008678217484980795
55,0.005515254834205321,0.1578486563731543,3.7483026075297014e-06,0.0020218033923501905,0.00201687056377218,0.00023330914283030126,0.003919386457791914,0.0024832907528544164,0.012385263528261475,4.071322678822533e-05,0.18711691145837783,0.020771746198517883,0.000526173977375542,0.0032926936374495157,0.016677144757815548,0.00012418684288547824,0.007125822999711648,3.653251440475856e-05,0.02304799748603662,1.1906480371073107e-07,0.00017987628740756342,0.5489847742652727,1.0129965219205436e-05,2.0186648809362094e-05,0.005617407321296926
56,0.003491678464765846,0.18913335225716407,2.985200009980416e-06,0.0013488270432170434,0.000708616836640514,0.0001639090490832235,0.0008972732391605966,0.002595861877131446,0.0038031918647091234,8.652157536846654e-05,0.11436277082992159,0.004163963545354674,0.0003189178549330811,0.002684674254389297,0.015632567631911995,7.89684504930913e-05,0.008799933990539023,2.27949912835076e-05,0.021588226645695586,9.010532395438374e-08,0.0001507199363216141,0.6273651042304075,6.0261502491438654e-06,5.146413497020933e-06,0.0025878775624286455
57,0.0022154515065627317,0.2036622951951772,1.889384371070259e-06,0.0009390066704671429,0.00044971185300169753,8.772786435161767e-05,0.0009455346802695632,0.002122926091627483,0.002336736629378129,6.024939154027482e-05,0.08452771394316343,0.0038166816541324107,0.0003369379211540299,0.0017307290645381618,0.012184757976506418,8.558444654661521e-05,0.007860627177510246,1.52174596315367e-05,0.034325002614854556,5.622782212316618e-08,0.00017271372071050688,0.6399776789650103,3.138071816945216e-06,4.048281486043e-06,0.002137583208369645
58,0.0036588726949791355,0.20513168163084458,3.675314907948435e-06,0.001583605087190828,0.0010099869296353457,0.0001824104588951019,0.0010513349624373257,0.0022099087711982064,0.0051688883765598935,9.697509583147698e-05,0.12152137262219219,0.004626111002878784,0.0003861730461731816,0.0030713679474072436,0.017531298015126463,9.209436874190419e-05,0.009291544641264093,2.4979872052532175e-05,0.02441051057152443,1.21016467083725e-07,0.0001863583048165471,0.595430742845111,8.129298634857751e-06,9.17761739268899e-06,0.0033126795077372327
59,0.003734379316927892,0.2189189181852453,4.378474787702881e-06,0.0015492652577659414,0.0010265440948471,0.00019335269042106414,0.0009888498202873467,0.002388683387269697,0.005180385504652194,0.00011583463338272741,0.1204245919004142,0.00454838933246133,0.00036809961210774637,0.0035184893557979624,0.016637184798534172,9.947244618170597e-05,0.010527072989628027,2.6654717809337495e-05,0.022756456619399103,1.3029781267086682e-07,0.00020279313360812548,0.5831969001405876,8.857097452695348e-06,9.247288159341759e-06,0.0035750689044589485
60,0.003486568782507823,0.19305583637560508,3.0920080166802137e-06,0.0014062086506351423,0.0007424828730176469,0.0001759085477882621,0.0008947621489249268,0.0026644678870501224,0.003960253248209084,9.295619845255214e-05,0.11646607062840637,0.004158930021719499,0.0003040856769940665,0.002794293290804806,0.016648874907158964,8.275702969423009e-05,0.009217597887185814,2.3332630161400193e-05,0.0220506809534636,9.156724298955605e-08,0.0001528743788426028,0.6188686534421879,6.4733341892558655e-06,5.211848961252557e-06,0.0027375356827800037
61,0.004137063638035795,0.21312917702616815,4.926550379362606e-06,0.0015833127355369412,0.0010964708004693661,0.00020409281463760595,0.0010346604494817302,0.0024870127838707706,0.0058328301922041205,0.0001223487529139028,0.12663082511791884,0.0045883168737182,0.00039397707377423016,0.0037796340392428846,0.015871780612889397,9.711537700332172e-05,0.0100569258579901,2.9972885494976227e-05,0.02264108878580255,1.3823674354895881e-07,0.0002182550265643756,0.5824416756238716,9.430244569005164e-06,1.0120883615286105e-05,0.003598847617103862
62,0.003486568782507823,0.19305583637560508,3.0920080166802137e-06,0.0014062086506351423,0.0007424828730176469,0.0001759085477882621,0.0008947621489249268,0.0026644678870501224,0.003960253248209084,9.295619845255214e-05,0.11646607062840637,0.004158930021719499,0.0003040856769940665,0.002794293290804806,0.016648874907158964,8.275702969423009e-05,0.009217597887185814,2.3332630161400193e-05,0.0220506809534636,9.156724298955605e-08,0.0001528743788426028,0.6188686534421879,6.4733341892558655e-06,5.211848961252557e-06,0.0027375356827800037
63,0.0030124153055865353,0.21697743844913786,2.655702891281531e-06,0.0013111735139690337,0.0006204184261578231,0.0001434829304854049,0.0007351046372577405,0.002440320719783494,0.0034004677859596384,9.023632441194939e-05,0.10014701806564512,0.0038178678761134205,0.0002802556836791722,0.0026357953129857534,0.015386773982098086,7.6023922472092e-05,0.008744106036166337,1.9247867702118636e-05,0.0207830320401914,7.889123979566714e-08,0.0001318772878246785,0.6167107376854085,5.320408942027278e-06,4.5492588960239945e-06,0.002523601884994774
64,0.003820718090077398,0.20378613735356124,3.990861254921052e-06,0.0013139089244649643,0.0008678170940397385,0.0001527426487256779,0.0010844721585314978,0.0027571928491288223,0.003657791491563024,9.12148675820572e-05,0.13069521290309152,0.004121518298787386,0.0003695321261041841,0.0033261070977194207,0.01363618252041619,8.434198750314421e-05,0.011396584350558089,2.9233035424403726e-05,0.025328281791225236,1.0308641773339799e-07,0.00026821630772908277,0.5904019622693708,7.58998861422603e-06,6.188064283921867e-06,0.0027929598338253835
65,0.005793409283766185,0.05873134913699193,1.1024107092843767e-06,0.004622585130195306,0.0009676951541446286,0.0009817676497150302,0.002917727475409457,0.003909567222800052,0.0013961896802698309,3.47254522723935e-05,0.2555431642875257,0.0036028064461968703,0.00021841844722305732,0.00029392780420613537,0.05271074303621718,0.00014786688079475925,0.02213719602954211,5.4988976587374956e-05,0.12235008247627448,4.617743861341181e-08,0.00019210096228425188,0.46233251727907715,2.079607060307042e-05,2.7375242338047048e-06,0.0010364890055214934
66,0.005652977929606518,0.14533873591942373,5.199667804797201e-06,0.0010903355384407057,0.0007595307758820705,0.00011655132809777996,0.0013096007985295434,0.003950795573651948,0.0034712033484386976,7.847925624811799e-05,0.140318041694369,0.004335079768877463,0.0006681532114105401,0.0026770950720449785,0.008779304992142304,7.402182241253522e-05,0.006379816761320116,3.5351680814929214e-05,0.017151199440588318,1.2902446194175612e-07,0.0001968084234984683,0.6559866744007548,3.2252208781697477e-06,4.289744181250234e-06,0.0016173986061212744
67,0.006843915611442507,0.24493313975243275,1.1817831225958763e-05,0.0027924264719591608,0.0013411634446055525,0.0003003529454811373,0.001327736541380577,0.004089136885326935,0.004457073763451409,0.00021784143711728419,0.17350479492138476,0.0042072118213813325,0.0005442935479051887,0.005838059375362233,0.016382633520673703,0.00015984459226485199,0.02668113136158203,8.55844171020778e-05,0.03304193861411097,2.648039442726382e-07,0.000584075008237272,0.468876856367019,2.9853104442771977e-05,1.3445804664657941e-05,0.00373540805550144
68,0.004668537388103406,0.27719018905139264,4.463811916718823e-05,0.003971193553489417,0.008050593701666445,0.0008082953440359617,0.0022933517702941903,0.001715304828413337,0.10792280558240872,0.0006102280945152935,0.15018459831954523,0.018219284549849887,0.00047495351481896764,0.05923809828914202,0.029208147240135998,0.00013171314992545778,0.008580457241039941,5.624684653324834e-05,0.006670722032599987,1.0694032628972475e-06,0.00027142785128215016,0.2823032858674092,8.757327576557964e-05,0.0001250023712039551,0.037172282613998846
69,0.0043458025181832595,0.20147156317025894,7.776995209947096e-06,0.0016633205221678854,0.0009952021725485273,0.00025532781134393335,0.0015135806010556628,0.004769479924232748,0.006250621093180367,0.0001829705059835695,0.1435844265908892,0.005244379868685777,0.0004405308199194977,0.0065885305934009625,0.014597330178697493,0.0001402273358747903,0.012397122882977398,6.37110267509089e-05,0.028839422416435327,2.161403484327233e-07,0.00042491872539570806,0.5620564624817715,1.4820256796454625e-05,9.428380670331034e-06,0.00414282698722126
70,0.0041662657967905335,0.18266685754649314,3.7145069337949894e-06,0.002675378648209437,0.0020406901706419593,0.0002679394827677885,0.0014110158509451761,0.0027462493118793094,0.008254534537269221,8.353798462504213e-05,0.16595205965340015,0.0051864351017392365,0.00031691432624667487,0.003992372555075141,0.0239784041963543,5.0463972064597836e-05,0.007496699624695201,2.478444769395347e-05,0.01811248441833494,1.1276283947171492e-07,0.0001513238166642387,0.5672274019287087,1.0582236132729855e-05,7.0096589546662295e-06,0.003176767464540848
71,0.0019682362376018366,0.31150074953265283,8.062759805801741e-06,0.0014038701552756844,0.003372105704427451,0.00015112767614935353,0.0024815135127551637,0.0036253936009467904,0.019643386742024354,0.0002176794182410957,0.12484722946949818,0.005494572140493355,0.00044503122980069055,0.022014870835894054,0.010056038656305371,0.00010103002474748129,0.007707283575655809,6.896237965958252e-05,0.02322340552200123,4.100734543197847e-07,0.0007700066731437197,0.4542565594266882,1.6414680221748583e-05,1.8975339002002523e-05,0.006607084633554056
72,0.00215309513509005,0.13570529467079162,1.628109918471744e-06,0.0011987770008982735,0.00032169960747705086,0.00029390968791737456,0.0019761978265235725,0.003162428169670166,0.0031531451930473103,8.04382706768635e-05,0.0606738957186712,0.0034947119801697056,0.0003428654881892329,0.0009206794560731668,0.022338487057522886,0.0001471328194455138,0.006288743721789736,1.63998292700811e-05,0.03939211091939987,7.881093337581316e-08,9.446532369261207e-05,0.7166927773888555,3.4137490787444572e-06,2.239667276801452e-06,0.0015453843976206663
