,0,1,2,3,4,5,6,7,8,9,10,11,12,13,14,15,16,17,18,19,20,21,22,23,24
0,2.841827800272573e-06,0.0004980498184775197,3.4177927380055e-07,1.4749347389523622e-05,4.011709659253626e-08,0.001648300044649838,2.751691537566264e-07,9.048404740522018e-05,1.8151314918794377e-05,2.5118046289878603e-06,9.093386660918323e-09,1.2682009400161072e-06,2.334303444714063e-09,3.849801821992029e-11,4.090258791346312e-07,9.232498297161759e-05,0.001684882785912967,1.0458954218036026e-06,0.02162649605295579,1.7985512715806758e-11,5.467920807421084e-07,0.9743154153590353,1.4812704917849436e-08,1.5055185155143002e-06,3.33818613979523e-07
1,2.110606143245303e-06,0.000636308547272696,3.6786142753392775e-07,6.996124606785066e-06,4.931442990239195e-08,0.0014477834780389116,1.9835139409850797e-07,5.5208872447602997e-05,1.648915272866166e-05,1.8729372252402852e-06,6.936700288106873e-09,1.0022374984082e-06,1.4119554999428292e-09,3.1444547632162454e-11,4.084180502308193e-07,6.238291083646329e-05,0.0013575744156492276,6.391300768140894e-07,0.02763445707413765,1.0579515929935463e-11,4.6574262828379144e-07,0.9687741603140412,9.798780527419257e-09,1.1632168582586442e-06,3.4310504865910306e-07
2,2.134043320223258e-06,0.0009497985199826299,3.358998389097972e-07,6.660428705401927e-06,5.286184841255526e-08,0.000986255987674832,1.8291363460052644e-07,7.201735690432596e-05,1.5168190910815468e-05,1.8741169138668267e-06,1.4929581052566323e-08,1.5687255784714568e-06,1.3769958524017673e-09,7.167924446295834e-11,1.106221004609933e-06,3.875611850023301e-05,0.0012497534503578792,9.550200476902708e-07,0.018815448851240174,1.6575186627951344e-11,5.808025251261862e-07,0.9778555501726812,1.4634293081256421e-08,1.1430402885709611e-06,6.262489174671019e-07
3,1.5993717330092296e-06,0.0006321356307128246,2.423170533895783e-07,6.382614149991452e-06,3.458702629480005e-08,0.0013010679511961502,1.888662721874843e-07,4.3643826059553804e-05,9.726898547097884e-06,1.3492459482925488e-06,6.766157390645084e-09,1.2522276553531989e-06,1.0930046705567087e-09,4.57271337072157e-11,4.895352554426061e-07,4.7958339573303074e-05,0.0013468130418492906,8.414305130386689e-07,0.018189893108008056,1.0761422426649183e-11,5.38060503551051e-07,0.9784141322058942,1.171949693607404e-08,1.286474372041777e-06,4.0463252952469007e-07
4,1.9257740481948444e-06,0.0006611475462736572,2.8339481165246755e-07,6.9234683005713505e-06,4.045693568386751e-08,0.0014417871709363306,2.162583062004885e-07,4.9297543240810326e-05,1.0214339190348332e-05,1.5913908860651926e-06,7.4205838824104125e-09,1.3686024077099964e-06,1.4363310902647775e-09,5.679753486853997e-11,5.18779298320092e-07,5.515701401803611e-05,0.0015574013905806437,9.717921678302918e-07,0.02174350591425946,1.3274064712036827e-11,5.863447821518307e-07,0.9744649846724193,1.3056389352225684e-08,1.612915664020542e-06,4.4324809718297906e-07
5,1.556046449733946e-06,0.00067518161272189,2.0067589908634333e-07,8.207666122691926e-06,3.326276389015196e-08,0.0015064661249277313,1.804785190854413e-07,4.3903729281292354e-05,9.572859892401396e-06,1.3177604935345223e-06,7.395414622313846e-09,1.192605050152352e-06,1.126099786731035e-09,4.7782562856052674e-11,5.085625236068956e-07,5.041000198483844e-05,0.0012857712525080032,1.1561926230626833e-06,0.017328566882540437,1.2735935744420487e-11,5.433732475678579e-07,0.9790835727431865,1.315294154330313e-08,1.241621103134731e-06,3.9481318682568866e-07
6,1.5993717330092296e-06,0.0006321356307128246,2.423170533895783e-07,6.382614149991452e-06,3.458702629480005e-08,0.0013010679511961502,1.888662721874843e-07,4.3643826059553804e-05,9.726898547097884e-06,1.3492459482925488e-06,6.766157390645084e-09,1.2522276553531989e-06,1.0930046705567087e-09,4.57271337072157e-11,4.895352554426061e-07,4.7958339573303074e-05,0.0013468130418492906,8.414305130386689e-07,0.018189893108008056,1.0761422426649183e-11,5.38060503551051e-07,0.9784141322058942,1.171949693607404e-08,1.286474372041777e-06,4.0463252952469007e-07
7,5.5419954026384135e-06,0.0005066985148660746,6.583188150435431e-07,1.0116439202823391e-05,5.690149104622211e-08,0.000873881006361118,2.5351840144610714e-07,0.00010950791054446382,1.4319574620877928e-05,4.152976273071376e-06,1.172781984532463e-08,1.169332251385838e-06,3.796553112346161e-09,4.550787293550239e-11,3.2877273217469907e-07,5.5955889755237636e-05,0.002079096136786532,4.957779965675934e-07,0.0350370271588984,1.902973067012659e-11,2.777876230238716e-07,0.961298339752578,6.586517149396112e-09,1.7071619168211824e-06,3.9289805557214234e-07
8,3.0089045601405703e-06,0.000544210259767001,5.165107694792059e-07,6.4614909344067285e-06,3.757174626316793e-08,0.0008086055013841341,3.1662069981632576e-07,5.775330013365932e-05,9.316477896365493e-06,2.6977277596143136e-06,7.489907384936794e-09,1.8166797897351092e-06,2.0054926839368394e-09,7.661975897583527e-11,4.921438022323708e-07,4.461536490013316e-05,0.0020501998572448506,4.874814564730326e-07,0.017091633849377782,1.383902067431585e-11,6.518503635048246e-07,0.9793734111609984,1.675438182829681e-08,3.0616217485819546e-06,6.792844265043123e-07
9,2.4847731175435115e-06,0.0007410924702427939,2.9896520512453915e-07,6.805324479259357e-06,3.068303452515195e-08,0.0007865071100519114,2.0664311581428684e-07,5.1633447419332796e-05,9.648239475370562e-06,2.1258167260134034e-06,9.09903692167058e-09,1.4038865643422237e-06,1.2394053297165749e-09,7.003438587135617e-11,7.111391046060005e-07,3.164092793973012e-05,0.0014837297591194678,6.020647487778244e-07,0.01497165358538097,1.1120555395498147e-11,5.408671404334038e-07,0.9819061505493618,1.7881416407102103e-08,1.986494361310389e-06,7.189523969905345e-07
10,1.5993717330092296e-06,0.0006321356307128246,2.423170533895783e-07,6.382614149991452e-06,3.458702629480005e-08,0.0013010679511961502,1.888662721874843e-07,4.3643826059553804e-05,9.726898547097884e-06,1.3492459482925488e-06,6.766157390645084e-09,1.2522276553531989e-06,1.0930046705567087e-09,4.57271337072157e-11,4.895352554426061e-07,4.7958339573303074e-05,0.0013468130418492906,8.414305130386689e-07,0.018189893108008056,1.0761422426649183e-11,5.38060503551051e-07,0.9784141322058942,1.171949693607404e-08,1.286474372041777e-06,4.0463252952469007e-07
11,1.8282199153417897e-06,0.0005989645755694532,2.7773130860463585e-07,6.48148440209299e-06,3.71038059844351e-08,0.0013713881105028895,2.1244408601935276e-07,5.1605349282129015e-05,1.0565428038387601e-05,1.6297144573194026e-06,6.938873800156279e-09,1.338553489706548e-06,1.4053826213755452e-09,4.798385957085572e-11,4.815947829629559e-07,5.245049248899626e-05,0.0015359761507603303,8.747706845399276e-07,0.02018968250695352,1.2495039787999722e-11,5.486943525848137e-07,0.9761736828181515,1.2190737362615746e-08,1.5420476694706401e-06,4.1161382533750713e-07
12,2.4409830937198577e-06,0.0015829418300551275,2.2725453390503605e-07,1.0576211947726434e-05,3.3251227652541343e-07,0.004846466248450928,1.2086530970382276e-06,1.2971139098500637e-05,1.4741270377918347e-05,1.0827492657394334e-06,1.3159003508518945e-08,2.7944616992833784e-06,1.6078028844216478e-09,7.920537712678001e-10,1.1587442969866168e-06,0.00011416711625729587,0.0032436944282219337,9.33638305845675e-06,0.02667215678478835,4.339458657393189e-11,2.907641357723063e-06,0.9634711223229798,1.6047793335646964e-07,6.491885071901385e-06,3.0052998827363567e-06
13,1.6122476461972266e-06,0.000632526415344299,2.4451529399615087e-07,6.421316466008538e-06,3.473489258905057e-08,0.0012895880341022821,1.8958282454877235e-07,4.406967401666797e-05,9.74421267774131e-06,1.356891493220105e-06,6.912541560194259e-09,1.2685590313524809e-06,1.1015361058238934e-09,4.6501029002670495e-11,4.969557595595023e-07,4.8044384541820894e-05,0.0013493393498125326,8.467238848925505e-07,0.01810438784982265,1.0896292999169325e-11,5.413721859161627e-07,0.9785075748942685,1.1799356762821801e-08,1.2851899597052266e-06,4.072251437603932e-07
14,1.3051545922657679e-06,0.0010998484013464288,2.678816064754409e-07,8.092454759528159e-06,4.8654607371627915e-08,0.0016320462230561311,1.208239531393254e-07,3.495827821934848e-05,9.807690866364511e-06,1.171894862094863e-06,9.41237298876488e-09,9.296305212415367e-07,1.0653641405069231e-09,4.336309722257345e-11,5.75276021515139e-07,4.94658820650275e-05,0.001019807950683531,1.0804335131307423e-06,0.025167535410459036,1.3225931474929506e-11,5.136060245876252e-07,0.9709712205831105,1.0272734657740198e-08,8.29487843361523e-07,3.5347482804675235e-07
15,1.5993717330092296e-06,0.0006321356307128246,2.423170533895783e-07,6.382614149991452e-06,3.458702629480005e-08,0.0013010679511961502,1.888662721874843e-07,4.3643826059553804e-05,9.726898547097884e-06,1.3492459482925488e-06,6.766157390645084e-09,1.2522276553531989e-06,1.0930046705567087e-09,4.57271337072157e-11,4.895352554426061e-07,4.7958339573303074e-05,0.0013468130418492906,8.414305130386689e-07,0.018189893108008056,1.0761422426649183e-11,5.38060503551051e-07,0.9784141322058942,1.171949693607404e-08,1.286474372041777e-06,4.0463252952469007e-07
16,1.7748479344218825e-06,0.0004583363043876992,3.849885570050139e-07,1.0068402767740254e-05,4.143946463615058e-08,0.0018310899730476185,3.0387806810127885e-07,5.382267694858548e-05,6.478342768627983e-06,1.4232504398840912e-06,1.2385129951432745e-08,3.1587753002399152e-06,2.0181779601876324e-09,1.21956679093153e-10,7.553371047679613e-07,0.0001239776986888168,0.0018639300209337664,2.420673747726443e-06,0.0177842950187545,2.676974414434716e-11,1.5454684411141083e-06,0.9778539302656408,1.9241279355188456e-08,1.9050152845494691e-06,3.238284056625221e-07
17,2.542629876734708e-06,0.00041751026664796397,3.20005695375102e-07,7.409166331985184e-06,3.8515188946095136e-08,0.0006535118463437798,3.371854986451217e-07,4.6122775383965005e-05,8.128557274068846e-06,1.1139880801077047e-06,8.5545668384157e-09,2.1071192276014845e-06,1.2537230669357006e-09,7.85117260690419e-11,3.7153401621079574e-07,4.371744813621454e-05,0.001777976238800269,5.637089608541673e-07,0.00955264771773831,1.179800618792421e-11,5.997462825849847e-07,0.9874830661505952,1.1491633466573026e-08,1.3418007259187182e-06,5.522089621494856e-07
18,1.782021230583581e-06,0.0005522388924788663,1.272198867076692e-07,3.090596263814424e-06,2.932779226856896e-08,0.0006876235802325309,1.807456083839439e-07,1.80649859553436e-05,7.160535615951592e-06,8.887155441179276e-07,4.419535755952413e-09,6.481894268234653e-07,5.231137465690484e-10,4.148735341429703e-11,2.807046836629578e-07,1.6571271912830046e-05,0.0023599505047672098,5.468846987445285e-07,0.014569649831591367,5.9485348383021615e-12,3.4261024047036236e-07,0.9817787051015969,1.1587344807019134e-08,1.2986110276802393e-06,8.030920157085217e-07
19,1.3087519265498715e-06,0.0003002847244298144,2.6331836996702884e-07,5.54580578068702e-06,2.4548843576365974e-08,0.0011283080451538223,2.2298342041110736e-07,5.361474582594582e-05,8.781045119224901e-06,2.039373891784758e-06,3.9005801708385075e-09,1.2885445819309623e-06,1.3739396055155808e-09,1.979091552070208e-11,2.1837464532035472e-07,4.222888547691444e-05,0.0012150808595350194,3.523997001766865e-07,0.012490860749761233,9.074224109270864e-12,3.205173708406729e-07,0.984747736553629,5.874971262243018e-09,1.2505227404111767e-06,2.580714411649309e-07
20,5.114938265681675e-07,0.0006518062889454946,1.2845152561373195e-07,4.0983618104619664e-06,1.2835720174215422e-08,0.0009230869449225833,7.314157695371699e-08,3.7258287245345885e-05,5.611349270848193e-06,6.774009207605868e-07,5.190921056581032e-09,1.2625096317819993e-06,4.237602822587876e-10,2.3935823986013235e-11,6.740959198905207e-07,2.4829383045665044e-05,0.0005677174945604645,5.86265544757094e-07,0.007660739229068167,6.098385906740909e-12,4.871682178958139e-07,0.9901196722152056,6.682658599777352e-09,5.24643932576114e-07,2.3011173424866807e-07
21,2.4292786900682244e-06,0.0007098706560049129,3.387031557614813e-07,1.296459225127248e-05,4.624053175271606e-08,0.0012441446838674086,2.300455483769276e-07,5.1574763237036754e-05,9.949450230428945e-06,1.3548732709956688e-06,1.7277294855212897e-08,2.2518994680869125e-06,1.4382907915438613e-09,1.1570081505612486e-10,8.463457721429855e-07,8.065750980311941e-05,0.0012248453279527871,1.5028709027696632e-06,0.017071325774684624,1.9023229131981878e-11,8.175397642603541e-07,0.9795832659994356,1.655870731143995e-08,1.0836809133357478e-06,4.6435549812874804e-07
22,1.6209383657537333e-06,0.0003994232324032883,3.000240120010259e-07,9.494872005552153e-06,3.286073911848524e-08,0.000980056474003118,1.8790781804692165e-07,4.2810921752465376e-05,7.684193682985875e-06,1.7047445616646718e-06,1.2382216852710292e-08,1.2911522347739621e-06,1.3247104824711826e-09,4.4260281000891046e-11,4.3400222359884145e-07,5.666549413637935e-05,0.0018507467351488412,1.1388031021845753e-06,0.013776189143992871,1.7953811111606487e-11,6.768485416438875e-07,0.982868245935096,1.243465912532477e-08,9.594384825972238e-07,3.1007389648061186e-07
23,1.5993717330092296e-06,0.0006321356307128246,2.423170533895783e-07,6.382614149991452e-06,3.458702629480005e-08,0.0013010679511961502,1.888662721874843e-07,4.3643826059553804e-05,9.726898547097884e-06,1.3492459482925488e-06,6.766157390645084e-09,1.2522276553531989e-06,1.0930046705567087e-09,4.57271337072157e-11,4.895352554426061e-07,4.7958339573303074e-05,0.0013468130418492906,8.414305130386689e-07,0.018189893108008056,1.0761422426649183e-11,5.38060503551051e-07,0.9784141322058942,1.171949693607404e-08,1.286474372041777e-06,4.0463252952469007e-07
24,1.5692892193947094e-06,0.0007267066414540249,2.2774658841671408e-07,9.423182495232387e-06,3.778116852733689e-08,0.0011314698038194836,1.5350154620968217e-07,3.637848961496586e-05,8.198005926579111e-06,1.1722106682453873e-06,8.342050081331469e-09,1.2239564250853977e-06,1.0604066306348815e-09,4.913160803821876e-11,4.2059898056637197e-07,4.3305251268306197e-05,0.0010667257237727836,8.183959933947941e-07,0.014800302047343354,1.2032544366497828e-11,4.4169661149316787e-07,0.9821701075580332,9.748176197748704e-09,8.96552263537339e-07,4.023550102319271e-07
25,4.00700791916399e-06,0.0003962292770211704,5.419027148501399e-07,1.2814648881600888e-05,5.093886078693901e-08,0.000737415641038646,3.8831885091287783e-07,0.00011953437562773302,1.1520365816970393e-05,2.7807115052605817e-06,2.5571458542898576e-08,3.0667998554620662e-06,3.3264326982473384e-09,1.1111689464013356e-10,7.144409441739987e-07,6.813335053985774e-05,0.002173666257848331,1.1570665633434224e-06,0.012884443496542636,3.3210510631655406e-11,6.708943193337209e-07,0.9835807808192012,1.4813661750293634e-08,1.5337973217355286e-06,5.060327466509634e-07
26,3.148726426081464e-06,0.0006942915771559547,2.526181557010244e-07,6.3816527622790726e-06,5.5703040679652294e-08,0.0020273784919854396,3.242046622128524e-07,5.4160642932075115e-05,2.19743386309458e-05,2.3822522062127417e-06,5.716149324315182e-09,7.760244035730229e-07,1.7833329259239361e-09,4.198667245796812e-11,4.198908132895585e-07,5.33107702521947e-05,0.0027503738304317724,1.2879430472580937e-06,0.03414533781801353,1.3740651698755986e-11,5.60613651517525e-07,0.9602340226571201,2.4404918284483694e-08,2.8670765562344555e-06,6.612076251790457e-07
27,1.0210505638499611e-06,0.0007222972080807436,1.3118681529864104e-07,4.71364598097525e-06,2.185994248999366e-08,0.000977757058484592,1.0781837704588441e-07,3.4336357466453876e-05,1.00596060977344e-05,9.361471115848098e-07,5.0443049303859686e-09,8.005496818662284e-07,5.04993322596733e-10,2.405482995173612e-11,4.4229798308050685e-07,2.440470565451069e-05,0.0007802952391199601,4.5900470583810267e-07,0.013104695227586713,5.285876999818914e-12,2.690573797901522e-07,0.9843362123380115,7.113455942787145e-09,6.393359030302744e-07,3.876129578386881e-07
28,1.5993717330092296e-06,0.0006321356307128246,2.423170533895783e-07,6.382614149991452e-06,3.458702629480005e-08,0.0013010679511961502,1.888662721874843e-07,4.3643826059553804e-05,9.726898547097884e-06,1.3492459482925488e-06,6.766157390645084e-09,1.2522276553531989e-06,1.0930046705567087e-09,4.57271337072157e-11,4.895352554426061e-07,4.7958339573303074e-05,0.0013468130418492906,8.414305130386689e-07,0.018189893108008056,1.0761422426649183e-11,5.38060503551051e-07,0.9784141322058942,1.171949693607404e-08,1.286474372041777e-06,4.0463252952469007e-07
29,1.5993717330092296e-06,0.0006321356307128246,2.423170533895783e-07,6.382614149991452e-06,3.458702629480005e-08,0.0013010679511961502,1.888662721874843e-07,4.3643826059553804e-05,9.726898547097884e-06,1.3492459482925488e-06,6.766157390645084e-09,1.2522276553531989e-06,1.0930046705567087e-09,4.57271337072157e-11,4.895352554426061e-07,4.7958339573303074e-05,0.0013468130418492906,8.414305130386689e-07,0.018189893108008056,1.0761422426649183e-11,5.38060503551051e-07,0.9784141322058942,1.171949693607404e-08,1.286474372041777e-06,4.0463252952469007e-07
30,1.5993717330092296e-06,0.0006321356307128246,2.423170533895783e-07,6.382614149991452e-06,3.458702629480005e-08,0.0013010679511961502,1.888662721874843e-07,4.3643826059553804e-05,9.726898547097884e-06,1.3492459482925488e-06,6.766157390645084e-09,1.2522276553531989e-06,1.0930046705567087e-09,4.57271337072157e-11,4.895352554426061e-07,4.7958339573303074e-05,0.0013468130418492906,8.414305130386689e-07,0.018189893108008056,1.0761422426649183e-11,5.38060503551051e-07,0.9784141322058942,1.171949693607404e-08,1.286474372041777e-06,4.0463252952469007e-07
31,3.2552879841500193e-06,0.0006915261305749204,6.084569606489525e-07,7.303695281242286e-06,4.1392816054160266e-08,0.001082314340419762,1.9177158446955632e-07,0.00013220269651866508,1.2717752822106893e-05,1.814040416473649e-06,8.79565415012836e-09,1.854994909861044e-06,2.8994114607772713e-09,5.2827161868481084e-11,6.056542007579733e-07,7.360207710072128e-05,0.002035751685586683,9.31963877770437e-07,0.02880189396852849,1.8455233969403098e-11,7.495104770735764e-07,0.9671503927862798,1.050453204221065e-08,1.8819839909142697e-06,3.375387893771204e-07
32,1.6965453063867123e-06,0.0007144882333380659,2.577503532757836e-07,6.1186978189963385e-06,3.7031684287808047e-08,0.0013824278867365794,1.7162880123159858e-07,4.289509571290189e-05,9.982142245036214e-06,1.367597769741396e-06,6.442890010552797e-09,1.1249086532130861e-06,1.1610976787695375e-09,4.489301213792054e-11,4.781471191143643e-07,4.844147091071528e-05,0.0014176512767680245,8.678270625357948e-07,0.0225454002566986,1.0727425820310005e-11,5.2614014756647e-07,0.9738242789457988,1.1425889583446536e-08,1.364188247001906e-06,4.051433300661232e-07
33,4.430067218343374e-06,0.0017353456425086807,1.327406119952724e-06,3.5462695139149165e-05,2.569686168790808e-07,0.00134936791745762,3.6382113480687635e-07,0.00021172248316033234,0.00023166721176553758,9.099543829683626e-06,7.520722973291519e-07,8.512745239357796e-06,9.39785069693923e-10,3.8785103307141364e-10,2.7122123617781093e-05,4.559097715984716e-05,0.0006409287793806028,1.4112660473204073e-06,0.005421806871006339,9.87576497230109e-11,3.6581408085868015e-06,0.9902667476092133,1.848537952619282e-07,2.8903372426805093e-07,3.9503443652865606e-06
34,2.5361942493568758e-05,0.0011593912554775723,1.1955799161321721e-06,1.5046395580968841e-05,1.8409523485142877e-07,0.0008937805190423256,3.135217162961711e-07,0.0001363289326725627,2.8814154711945883e-05,3.687197600538678e-06,3.3425416918546354e-08,1.2991472082794407e-06,5.895080759598215e-09,1.9807517414001603e-10,8.144946675413637e-07,9.774920264224687e-05,0.00393830746672711,1.6164916558826363e-06,0.10498848218972599,3.099259950042409e-11,6.032799989437646e-07,0.8887036456316887,1.7429041253820993e-08,2.4806349581687662e-06,8.408876735767182e-07
35,2.0674784950524327e-06,0.0007034168059807145,1.6347075673811876e-07,5.059405220080307e-06,2.4662928334597325e-08,0.0007608980499786227,9.04940377414466e-08,7.426344960357987e-05,2.0586088565869088e-05,1.0361980756226766e-06,4.7265010033301e-09,5.532785658662166e-07,7.022087801089358e-10,1.22857798951569e-11,3.097291697127309e-07,2.3712722517519405e-05,0.0009149200052077407,3.294434199803535e-07,0.018923851614531743,4.538416034162074e-12,1.628114579007004e-07,0.9785677680184242,4.17195845133938e-09,4.7069048888960023e-07,3.059650816847145e-07
36,8.896383137795626e-07,0.0002904472658929402,1.3548520966573337e-07,3.4168907389826195e-06,1.424983290918497e-08,0.0006525283832123462,1.5226938246828297e-07,3.72815501374223e-05,5.0898587022423654e-06,6.846220828765923e-07,4.1838898903758835e-09,1.7022162175973868e-06,5.977717464313068e-10,3.236615102618153e-11,3.051261308638041e-07,2.838129670542305e-05,0.001243409962061006,4.977215735547951e-07,0.007340220968295189,6.282270344161919e-12,3.7184674296961764e-07,0.9903934048849686,5.644847917476139e-09,7.637679721341755e-07,2.915306686900046e-07
37,4.19929168955683e-06,0.0005756805064628023,4.946268596249463e-07,9.39957259216005e-06,6.644778056092292e-08,0.001612224430592344,5.554200728710234e-07,3.765630601988144e-05,6.6691742253982465e-06,1.7197526074258854e-06,9.14971962874868e-09,2.5908648094398364e-06,2.5346661362048065e-09,2.3480824011762633e-10,5.35664698720641e-07,0.00010649196083346827,0.003366602186810251,1.8628033399267908e-06,0.02695653646665539,2.340393291727923e-11,1.5023093906162029e-06,0.9673094079044248,3.024610812726686e-08,5.0217560972930906e-06,7.403653314108641e-07
38,1.4004322279127484e-06,0.0006013211884473465,2.373138002619751e-07,6.244382885620787e-06,3.233533889260985e-08,0.0016127187607745184,1.963120032940243e-07,4.137149584767863e-05,9.054078901365054e-06,1.3149014731080374e-06,6.355840940011029e-09,1.3550171924666788e-06,1.0910516827683224e-09,4.660313927518973e-11,5.19555097598258e-07,5.68870813978899e-05,0.0013250758310980012,9.78426859856962e-07,0.018953935924656103,1.0963266543325483e-11,6.508286105928782e-07,0.9773849372205939,1.2839311186148978e-08,1.3892525109864843e-06,3.5931651226458653e-07
39,6.498289728786376e-07,0.0004848839194336787,2.2802864992746797e-07,3.896652817436507e-06,1.7765555568985097e-08,0.0015406613213084443,1.1442084533241118e-07,3.951921718761082e-05,6.390956500642864e-06,6.562066569262551e-07,2.5802344332389042e-09,1.271239573897718e-06,7.205012108080758e-10,1.7626992452377607e-11,3.315695942420393e-07,5.7160779686538085e-05,0.001071965144842035,6.07333191945881e-07,0.0142236425385283,6.453271542938622e-12,8.197325587850574e-07,0.9825660469777807,7.204418692801567e-09,9.565595487382757e-07,1.6927753170266328e-07
40,2.907241076463117e-06,0.0010837314480482414,5.385224801063271e-07,5.029376136611126e-06,8.403967711620839e-08,0.0006367725115122596,2.0713900739512863e-07,3.4447962616532e-05,7.354877253893741e-06,8.772777010362843e-07,1.2678606237054187e-08,2.302479759646465e-06,1.2825111851009315e-09,1.6943243805074376e-10,7.091640031865526e-07,3.9326329028676635e-05,0.001566901508791054,6.842139485540137e-07,0.022185762735537073,1.3097128109446676e-11,6.938045291731004e-07,0.9744295756476756,1.0335459122726444e-08,1.2884927996777295e-06,7.807493115294976e-07
41,2.9165580173506837e-06,0.0024466397210048743,4.584466579356439e-07,2.3960672317902303e-05,1.2478144985362445e-07,0.0018178223602607804,1.2956780809108188e-07,0.00012164192032438705,3.710804029237774e-05,1.9898338574607058e-06,2.94827312429797e-08,1.035882990459882e-06,1.9483001656581415e-09,7.118693070610916e-11,1.4500248138423277e-06,9.249339483290893e-05,0.000600865007979565,1.6123040923023194e-06,0.04078461311015555,2.2471920659400106e-11,4.1567605414683497e-07,0.9540637249281659,1.1355208639484405e-08,5.472505916204472e-07,4.0763843356020826e-07
42,0.0007130277617627165,0.0015116103243398413,3.455206639556367e-06,0.00012108524021667082,2.4155829701494926e-05,0.012806098585597645,0.00022445114852115414,0.00011667221018744716,0.00012967383297508926,0.00039989801151614994,4.2466426985485155e-06,6.989538521055006e-05,1.8141543498973365e-07,1.7104479199972983e-06,5.928497715449666e-05,0.00038966843933183716,0.09152821145038535,0.00033684842201693724,0.1113361752389361,9.824865141890956e-09,2.9566937080639045e-05,0.7784596542007631,4.294905049128328e-05,0.0010721923656105067,0.0006192770506425775
43,8.456088781798632e-07,0.00034655759140584405,2.1750240933076521e-07,4.86701381298205e-06,2.2303892170148763e-08,0.002028662983161536,1.5873418252901956e-07,4.673757865587537e-05,8.540067925316916e-06,1.8497998860002127e-06,2.749433299126239e-09,9.724370903915447e-07,1.1787461666954713e-09,1.4660473617536403e-11,2.832050653760095e-07,5.627474594351237e-05,0.0013950489953999865,6.593342091258648e-07,0.017198969841395625,9.153890748173329e-12,6.866565729185428e-07,0.9789069843793323,8.86029009861718e-09,1.4784658778321808e-06,1.6994261925365502e-07
44,1.5993717330092296e-06,0.0006321356307128246,2.423170533895783e-07,6.382614149991452e-06,3.458702629480005e-08,0.0013010679511961502,1.888662721874843e-07,4.3643826059553804e-05,9.726898547097884e-06,1.3492459482925488e-06,6.766157390645084e-09,1.2522276553531989e-06,1.0930046705567087e-09,4.57271337072157e-11,4.895352554426061e-07,4.7958339573303074e-05,0.0013468130418492906,8.414305130386689e-07,0.018189893108008056,1.0761422426649183e-11,5.38060503551051e-07,0.9784141322058942,1.171949693607404e-08,1.286474372041777e-06,4.0463252952469007e-07
45,1.4824464570625134e-06,0.0005291922130359213,2.7276380995126963e-07,5.7895518229285645e-06,3.096956985189588e-08,0.0015498237748048378,2.0810606309703362e-07,6.843269791849085e-05,1.0460236267330282e-05,1.6155572816033867e-06,5.850319860879026e-09,1.4474577484915067e-06,1.4072874231684213e-09,3.852043622255092e-11,5.206405578508732e-07,5.953582243254339e-05,0.001327742405100368,8.640391847862314e-07,0.01964090682100928,1.1917701249719722e-11,5.732338477011895e-07,0.9767992845666781,9.805363125428856e-09,1.5026371525520138e-06,2.969458487503058e-07
46,1.9423831157586053e-06,0.008983052505353643,4.878260640013706e-07,1.290269040693491e-05,2.2704623678773242e-07,0.004091344006576446,2.2659591195607192e-07,9.916929969323664e-05,6.0575130496138555e-05,1.9941935342023116e-06,6.053076872093433e-08,2.483248293074193e-06,1.2663466404689986e-09,5.556214245489523e-10,1.6989271759957192e-05,0.00011306468036919672,0.0003538461251158312,5.788108376395862e-06,0.06286091121546374,3.125471358666043e-11,1.3182981392873958e-06,0.9233903245874417,7.177440440818191e-08,1.540024827776364e-06,1.6786044281116289e-06
47,2.4025811897544407e-06,0.0002830101399632788,3.1664531274927905e-07,5.5109144012407175e-06,2.2012733548791367e-08,0.0010145438820109536,2.1847943244655732e-07,4.416574242640137e-05,6.139531746647672e-06,1.2439952117182972e-06,2.783875902785413e-09,1.2562497329566487e-06,1.5128606983325645e-09,2.531918391439369e-11,1.397113940644072e-07,5.9261589922701414e-05,0.0021269290514342514,3.9568162327874644e-07,0.01930544603863478,7.187167303496503e-12,4.3154428581957716e-07,0.9771465608277264,5.9003906244831775e-09,1.7606135664671889e-06,2.3453761699909398e-07
48,1.8298585573848532e-06,0.0004976792316864693,2.423806055919929e-07,3.954572002578591e-06,2.8720577679195996e-08,0.0014822633907683757,1.8235513858513366e-07,4.400259921974998e-05,8.186508430930969e-06,1.715703114187304e-06,2.9119426750243036e-09,7.879905933580394e-07,1.4141932668522398e-09,2.6211014451698905e-11,2.505405486160986e-07,4.322452827962309e-05,0.00229473767823817,6.570712206909337e-07,0.03045556592841903,8.536465052432643e-12,4.2967222234629785e-07,0.9651615060403803,8.930303689645587e-09,2.409687876845894e-06,3.322509323642646e-07
49,6.61515564546481e-07,0.0004402018073883485,1.7956371672978051e-07,4.154746926160322e-06,1.7344528666538467e-08,0.0010060343243321758,1.0900119615423769e-07,3.16528790702119e-05,5.983121166849116e-06,8.317374158442128e-07,3.1846790571370325e-09,1.0456899499535324e-06,6.170084857128388e-10,1.572747240942475e-11,2.5553454677814766e-07,3.132538941120968e-05,0.0008050178298927562,3.537320218149637e-07,0.010158822330550613,5.864468566393752e-12,3.570689536808961e-07,0.9875121158768958,4.850306703685637e-09,6.662836328066143e-07,2.0554925279762014e-07
50,1.4265238784642313e-06,0.0006641867112541901,2.2844647176812078e-07,6.230058851833676e-06,3.306834828092293e-08,0.0012993445164863125,1.707100521495369e-07,4.027541631680642e-05,9.435146039830794e-06,1.2099318862825796e-06,6.494129504294457e-09,1.1969192839855583e-06,9.710647706957792e-10,4.2489723124696e-11,4.90525953817811e-07,4.598094767528609e-05,0.001242018268910993,8.236685549331939e-07,0.017423020799479102,1.0018756752575956e-11,5.387869215161992e-07,0.9792618242670852,1.1389014766379502e-08,1.15804497990731e-06,3.883348516858448e-07
51,2.2359980552832465e-07,0.0014776793800660552,5.361180271546955e-08,7.094088810829072e-06,6.421042526864659e-09,0.0004848008997955833,1.618588611060957e-08,1.999695865091324e-05,4.396538194805191e-06,2.0898749281987956e-07,5.35921108610606e-09,5.009848886808897e-07,1.0634366105084619e-10,9.484508370207084e-12,5.396628029516907e-07,9.807139534133757e-06,0.0001381127641557665,2.451830363355065e-07,0.0037763067308574693,2.381620918101067e-12,1.499183419522447e-07,0.9940796151809754,2.3876446729108438e-09,7.25635242548501e-08,1.6533526942929643e-07
52,1.7472180274030016e-06,0.0005744173966127045,2.0862182802870334e-07,8.904665383309414e-06,3.7710953787709944e-08,0.0020636957321344684,1.8803142051313173e-07,7.493641235676949e-05,1.2900290540569973e-05,2.862227086686939e-06,1.0149447244670778e-08,1.4592458910410987e-06,1.6877684158141378e-09,4.951959953137991e-11,7.641228131005158e-07,5.923558610592909e-05,0.001018665248532928,1.45303467188408e-06,0.02277992033290118,1.7149590720100692e-11,4.516534278963755e-07,0.9733964792616077,1.148828155160037e-08,1.3230091965690086e-06,3.268063411222399e-07
53,1.5482692029056567e-06,0.0003755818914407419,2.845168076859429e-07,1.031874492583131e-05,4.5598337171552713e-08,0.0017173646789374487,5.846663827290711e-07,4.3735846292456544e-05,1.092110069924323e-05,1.7249470624812568e-06,1.3061144910972498e-08,2.914144684265768e-06,1.5620042094566057e-09,1.0312538301212413e-10,7.014495934515396e-07,8.815020174209196e-05,0.001815329480159245,1.8323908467812603e-06,0.009120183908607554,2.572086919177748e-11,1.3125054934826947e-06,0.9868048668489152,3.5423895514331366e-08,1.9841041643099675e-06,5.645298141350786e-07
54,7.606119611488584e-07,0.0012082512090956894,9.124702735133493e-08,3.386441622692037e-06,1.694808488090529e-08,0.0009097256336806537,7.628414308589506e-08,1.8369769139144305e-05,6.643160298408705e-06,4.7022846241696867e-07,3.235204080008817e-09,6.606927924952752e-07,2.334027218454242e-10,2.99167542652881e-11,4.951478036515129e-07,1.7024287578826565e-05,0.0005333827548964475,3.261528150609928e-07,0.012640574432871528,2.691354547002991e-12,2.501615335063139e-07,0.9846583903695052,6.17453299739727e-09,5.857883830514139e-07,5.09002556912133e-07
55,1.387143633072744e-06,0.0003359746343232528,2.4773132178773697e-07,5.815915128032342e-06,3.516579216504183e-08,0.0017425987951903061,3.4004038733424195e-07,7.858100640789665e-05,1.2285772531974782e-05,1.3067498588382475e-06,5.182390533056167e-09,3.991856878511439e-06,1.8120243028301433e-09,5.7402862570329595e-11,4.597443390158308e-07,8.430049914788024e-05,0.0012036169736240935,1.1400537283310005e-06,0.011665434448726116,1.556887889862316e-11,6.767980643437431e-07,0.9848597858803204,1.1852400497081678e-08,1.6633713022882003e-06,3.3849950733267037e-07
56,1.7474742359529828e-06,0.0006084740289514633,2.657408749090028e-07,6.714641689792468e-06,3.663122742034897e-08,0.001389139586619187,2.0561863180229118e-07,4.953272344817669e-05,1.0296921372463418e-05,1.5487413685768663e-06,6.923267385893518e-09,1.3259940138159577e-06,1.3325974097064342e-09,4.7372307595989817e-11,4.809555498763488e-07,5.2138199248176756e-05,0.0014587608013749505,8.826307686276595e-07,0.019467468080693058,1.2318945805975601e-11,5.499066799073405e-07,0.9769485576566691,1.2009635905060823e-08,1.447365414673635e-06,4.0597597601104203e-07
57,1.1180044728781693e-06,0.00040964678816336286,4.51192177249532e-07,3.998276004470515e-06,3.679819326880869e-08,0.0011238878748457484,2.0045611387998961e-07,4.6790715439657364e-05,8.257081755090893e-06,1.361523882699193e-06,4.2074605298480485e-09,1.8002785729524167e-06,1.4463315677086947e-09,2.8386838471170286e-11,2.929690722137842e-07,5.637200578023468e-05,0.0013937496967815464,4.386422266842213e-07,0.016109658876102335,1.0956292611512298e-11,6.156999657186759e-07,0.9808397422072342,6.848651348026557e-09,1.3117793467278536e-06,2.5659208257916103e-07
58,1.7247575017135108e-06,0.0005832649480112122,2.613020429516092e-07,5.594797352708553e-06,3.54408544688698e-08,0.0015203409881832817,2.2190661311989143e-07,4.754382356009532e-05,9.461686979992627e-06,1.691871144381452e-06,5.348840191331559e-09,1.320972025735116e-06,1.4282266287147088e-09,4.7477291802771444e-11,4.4701050005261074e-07,5.092209765523825e-05,0.001644537874459793,8.95789773019053e-07,0.02122558941750472,1.2037873647321833e-11,5.795932742034782e-07,0.9749031035185656,1.3008559094932398e-08,2.025247273287183e-06,4.171115833767004e-07
59,1.7082224713450803e-06,0.0005733815913806058,3.010384594913723e-07,5.7928946123937835e-06,3.6448225456931585e-08,0.0013874823024420096,2.2376167917037132e-07,4.860461683414133e-05,9.200265944479588e-06,1.5842893350443566e-06,5.661712289149574e-09,1.3909945134405946e-06,1.4666002570516855e-09,4.698234726571517e-11,4.3176636638082957e-07,5.33914534742165e-05,0.001644231999746234,8.306221434568783e-07,0.020093943022249372,1.2624735454992663e-11,6.08498989399516e-07,0.9761745757922774,1.2228946985415892e-08,1.865460484627165e-06,3.9554150469575854e-07
60,1.5993717330092296e-06,0.0006321356307128246,2.423170533895783e-07,6.382614149991452e-06,3.458702629480005e-08,0.0013010679511961502,1.888662721874843e-07,4.3643826059553804e-05,9.726898547097884e-06,1.3492459482925488e-06,6.766157390645084e-09,1.2522276553531989e-06,1.0930046705567087e-09,4.57271337072157e-11,4.895352554426061e-07,4.7958339573303074e-05,0.0013468130418492906,8.414305130386689e-07,0.018189893108008056,1.0761422426649183e-11,5.38060503551051e-07,0.9784141322058942,1.171949693607404e-08,1.286474372041777e-06,4.0463252952469007e-07
61,1.7760665065964182e-06,0.0005947785721989176,2.974909381884163e-07,5.715836472397255e-06,3.783342121796446e-08,0.0013495988364933464,2.20002140562747e-07,4.619045617512602e-05,9.591585910260716e-06,1.5364033536453413e-06,6.010718364716875e-09,1.3500994523599544e-06,1.3581612772489115e-09,4.8288586755769755e-11,4.5126864101225544e-07,5.1880862395714964e-05,0.001616364606617206,8.126890800565352e-07,0.020488414233400434,1.1828628485729458e-11,6.041430471632146e-07,0.9758282056476009,1.2369747513368777e-08,1.738565345878e-06,4.1500206452305e-07
62,1.5993717330092296e-06,0.0006321356307128246,2.423170533895783e-07,6.382614149991452e-06,3.458702629480005e-08,0.0013010679511961502,1.888662721874843e-07,4.3643826059553804e-05,9.726898547097884e-06,1.3492459482925488e-06,6.766157390645084e-09,1.2522276553531989e-06,1.0930046705567087e-09,4.57271337072157e-11,4.895352554426061e-07,4.7958339573303074e-05,0.0013468130418492906,8.414305130386689e-07,0.018189893108008056,1.0761422426649183e-11,5.38060503551051e-07,0.9784141322058942,1.171949693607404e-08,1.286474372041777e-06,4.0463252952469007e-07
63,1.3684484201730255e-06,0.0007793690345021171,2.0710058055066515e-07,5.881007404754558e-06,3.234668367894374e-08,0.0012989722645563562,1.485685384475692e-07,3.778679078063157e-05,9.827824346112443e-06,1.13223476125984e-06,6.264511117855243e-09,1.0241467623475398e-06,8.586956934854714e-10,3.9490733500908e-11,5.085123120663917e-07,3.96926072699552e-05,0.0011511954262277187,7.814024197506592e-07,0.018205702081373388,9.062386359322597e-12,4.837936436996917e-07,0.9784643876014676,1.0958355933024058e-08,1.067005789211783e-06,4.136720444433501e-07
64,1.3240943745530908e-06,0.0005837115310607782,2.8690666124299324e-07,5.662261419948655e-06,3.261612950615487e-08,0.001293066511828333,1.8290333538602148e-07,3.726700995887457e-05,8.128799553389079e-06,1.1535434662408855e-06,5.8760149102169145e-09,1.4042658566119526e-06,1.0444400598601147e-09,4.274848469777319e-11,4.62620101754644e-07,5.239484453593026e-05,0.001444653671928858,7.814321999022473e-07,0.016270111380424737,1.0596714756267988e-11,7.896267868770155e-07,0.9802968938681343,1.254523497055303e-08,1.321308996838902e-06,3.512842106548245e-07
65,8.48480458136055e-07,0.0008276720324646032,1.7466098964854236e-07,5.125645208369401e-06,2.793780900511129e-08,0.0015896094381416457,1.5289925713052254e-07,2.3010396030810683e-05,7.047569483203781e-06,7.282104242432246e-07,4.268995002821895e-09,1.1535239416330876e-06,6.147507212958325e-10,4.4641262270697975e-11,5.099913584843892e-07,4.1951047423697536e-05,0.0011346697354669224,9.615819559195903e-07,0.014043908620649,8.587278042187003e-12,8.255600139155207e-07,0.9823198715083038,1.5997634760249503e-08,1.285878025138339e-06,4.44347985685783e-07
66,8.617384299191256e-06,0.0003562052895818489,1.4425661108466031e-06,1.3546503028370543e-05,1.848199877642508e-07,0.0020925908103116377,9.043342153547027e-07,0.00011298720943469443,2.1576941035203972e-05,6.182202174501327e-06,1.1730783659832879e-08,1.9970484323282685e-06,1.0927953483129458e-08,8.399873804437068e-11,2.439040992635719e-07,0.00018965654631525154,0.0050893625177313735,1.1514103087569925e-06,0.05765257472610643,4.875853583419523e-11,8.412976324210327e-07,0.9344446755318239,1.6042211732351856e-08,4.7807410395591274e-06,4.3938262511464813e-07
67,8.075952509565094e-07,0.0006653346193866295,1.612499974283488e-07,5.143276566023959e-06,2.131591352613963e-08,0.0015009684163737724,1.4766718506410033e-07,2.3270647944309717e-05,6.086420949742676e-06,7.757099716131317e-07,4.302947237886765e-09,1.1076393578449248e-06,6.182360777691603e-10,3.6765147527855656e-11,4.395976118008309e-07,3.926514466252262e-05,0.0011608821094627436,8.566706901273691e-07,0.01283419225552105,8.162649668542913e-12,6.90421015375185e-07,0.9837582547550427,1.3975696975240678e-08,1.1806126994177772e-06,3.949325892845801e-07
68,9.785840114863989e-07,0.0005337090406494657,1.966850274794205e-07,5.42727667690416e-06,2.5214211182097847e-08,0.0014899971337245823,1.712456905894775e-07,4.4453626399413435e-05,7.492970050771858e-06,1.1393489958182662e-06,5.5322375033716295e-09,1.6041328108995018e-06,9.591714621407072e-10,3.8047099557765444e-11,5.369915659359267e-07,4.638675295851295e-05,0.001094652304557338,9.260342238534386e-07,0.012751085043425313,1.0916456774156197e-11,6.611356461368664e-07,0.9840190363070921,1.103335991862417e-08,1.189264121746824e-06,3.1333442826717043e-07
69,8.42161627875483e-07,0.0006215154791204601,1.1548123989053843e-07,9.686681166657967e-06,2.8763764825476438e-08,0.0008789139942132337,1.1727354356900998e-07,3.743358186894395e-05,1.33021764363157e-05,1.0850075152523566e-06,3.1051662362405446e-08,1.2771935749812839e-06,5.283396701507448e-10,3.884252229752057e-11,1.2546499291919448e-06,2.2848612540253436e-05,0.0008188285045564347,1.6542506087003967e-06,0.005333956394600652,1.729304226430682e-11,5.980687888819931e-07,0.9922557458803137,1.947519303648791e-08,2.589329832218209e-07,4.858002760705501e-07
70,1.1045734561105135e-06,0.0005696508773584442,2.524437010246913e-07,9.678230120397707e-06,3.077721138818845e-08,0.0014570803094612922,1.8530105854464136e-07,4.3458317780428826e-05,1.06125014248569e-05,1.1931746181839492e-06,7.539338364605798e-09,1.297589276604961e-06,9.273757463495543e-10,3.00913694559707e-11,4.3158281682935257e-07,6.007651227676883e-05,0.0008005709867816817,6.693237918975664e-07,0.012353793821128277,1.0564947948242138e-11,5.045590029065274e-07,0.9846883986934786,9.350826027650575e-09,7.130382462043158e-07,2.7952881326014796e-07
