,0,1,2,3,4,5,6,7,8,9,10,11,12,13,14,15,16,17,18,19,20,21,22,23,24
0,0.011500951542664287,0.004181794323460665,2.725402411453051e-05,8.546564476137138e-07,0.0006888390885748258,0.0025002624907659223,0.0004962027630796178,1.8925263396112184e-06,0.00020651894767479852,8.933586104706963e-07,0.044423366549784946,0.0010337647289735165,8.744300772886315e-09,0.001884826198480753,0.9039194285147737,1.9858405706434775e-05,6.502326454708049e-06,9.51675674520138e-06,0.00819305324232806,3.3054647545196906e-09,0.0003378409736456902,0.018248569533732065,0.0005437374828096826,1.7710409571307627e-06,0.0017722884741101941
1,0.007112071767125769,0.0049171492977892976,1.73321852776735e-05,1.025363648648292e-06,0.0004832236791130838,0.001753581841182082,0.00042108751479572396,2.498305775939269e-06,0.0002501101082714264,1.6720807895849026e-06,0.02185173049804327,0.000552211053153149,5.188421803326646e-09,0.0015976898470859051,0.9251556839811153,2.2707138881422497e-05,5.510637906958985e-06,6.675104000529495e-06,0.012289096088131135,3.0429726410901054e-09,0.0004927300722369433,0.019748576783678137,0.0004382351571914416,1.2765438909572137e-06,0.0028781167195213553
2,0.0057909059973348925,0.003090373241996106,4.866858966815073e-06,4.6075514543239197e-07,0.00021380854310970576,0.0009605843955825599,0.00020887714868835487,9.887018277013288e-07,4.6650413828359664e-05,5.799167586779472e-07,0.012704394618692178,0.0003887150200607134,2.1631225905044876e-09,0.0009314765462777731,0.9475352734756954,1.3230727847073858e-05,6.881357412183257e-06,5.605762228588445e-06,0.0041979960254208545,1.2196072271930924e-09,0.00033444197890350924,0.020775281591279324,0.0008308865166339708,9.394923576722783e-07,0.00195677753122231
3,0.011023984818508541,0.007127824004090729,1.5950646045969757e-05,1.3464387478544136e-06,0.0005632292934443886,0.0017114241197971327,0.0004375343792550289,2.3693387376188738e-06,0.00011713532807106287,1.4077301056317529e-06,0.03042416492946203,0.000868105182563139,6.5563224114348475e-09,0.0020191459552441177,0.9039661182071621,1.7611817566887994e-05,1.0876366571853937e-05,1.528029903079705e-05,0.007825564108015475,2.9612807036629052e-09,0.0006030877552320703,0.028864870216294816,0.0009176853987608216,2.2429976101222175e-06,0.003463031152078721
4,0.010880273419606894,0.007903752011922146,1.958389128754476e-05,1.5049625325753537e-06,0.0006985986895055416,0.0020207278536214968,0.0004785650494137002,2.288486139327466e-06,0.00012776187096217106,1.5387718381647889e-06,0.033159389895170276,0.000958818220794602,9.14724181115113e-09,0.002572620343875482,0.8990830010145398,1.84418414409763e-05,1.0798237164944846e-05,1.6620597503910617e-05,0.007549733585334733,3.4149660488593186e-09,0.0005825538402271397,0.029705610895786338,0.0009698343844061906,2.4478983323714402e-06,0.0032355216763856353
5,0.012473225985140083,0.010061178059908728,1.839950720729424e-05,2.3508450496581224e-06,0.0007784958608955278,0.0021366571531230335,0.0005293559760746954,3.15232379859743e-06,0.00011449191707253073,2.0879347058511715e-06,0.039145936060639465,0.0010440874933602942,9.196686634860244e-09,0.0026747405817387254,0.88193464909536,1.9722806027078932e-05,1.466616607206699e-05,2.7755057801853474e-05,0.008112871166476378,4.024691586508213e-09,0.0008891759831637697,0.034090427165900904,0.0014062280872326506,3.36966620023974e-06,0.004516961885672355
6,0.011023984818508541,0.007127824004090729,1.5950646045969757e-05,1.3464387478544136e-06,0.0005632292934443886,0.0017114241197971327,0.0004375343792550289,2.3693387376188738e-06,0.00011713532807106287,1.4077301056317529e-06,0.03042416492946203,0.000868105182563139,6.5563224114348475e-09,0.0020191459552441177,0.9039661182071621,1.7611817566887994e-05,1.0876366571853937e-05,1.528029903079705e-05,0.007825564108015475,2.9612807036629052e-09,0.0006030877552320703,0.028864870216294816,0.0009176853987608216,2.2429976101222175e-06,0.003463031152078721
7,0.018193400291638975,0.016260382746282602,3.7730936247726515e-05,1.6483204499798728e-06,0.0004514306818120445,0.0015666561225145565,0.0010895089791396234,2.606820728939291e-06,0.000250320795855744,1.3096589422234459e-06,0.07263927010321776,0.0009535759614539049,2.432025350633471e-08,0.002116912615236839,0.8516840287360832,9.952078515661345e-06,1.1393335567863236e-05,2.448633326038092e-05,0.0062741231346765645,6.550830405880573e-09,0.00034276724996390613,0.02419072352975208,0.0005714345337451728,5.118811900029003e-06,0.0033211873519304507
8,0.013847133818248087,0.009444920581079238,2.046531005191201e-05,2.4122596289459413e-06,0.0005722366971349236,0.0008998433439824452,0.0005382642520043013,3.603563255450636e-06,9.708008885558265e-05,2.520316960171464e-06,0.012868961817169728,0.0006473231208610352,7.568042707147445e-09,0.0021795047841637887,0.9179183322414264,2.3755353820503222e-05,1.6991882847673443e-05,1.3495194470524152e-05,0.0064453161904044435,2.8738981530704014e-09,0.0007277328119012111,0.023627839161448658,0.0014512367815453246,5.445975868272587e-06,0.008645574010930746
9,0.015632656385167885,0.017080446553600092,5.563740391499183e-05,3.2607958741102814e-06,0.0008927339443332474,0.0008940617972336393,0.0007410695691312698,4.633515058137599e-06,0.00023851797572277476,2.9277801929239256e-06,0.021948586106726304,0.0007702079905255881,2.0766597964528958e-08,0.002403397282565254,0.9031915271975812,1.5176681888535103e-05,1.910909875300502e-05,1.696889734847857e-05,0.006409132018306039,4.553767124534283e-09,0.0005745357293001586,0.01883496451278253,0.000811122351345184,1.1305411243495972e-05,0.009447995681040258
10,0.011023984818508541,0.007127824004090729,1.5950646045969757e-05,1.3464387478544136e-06,0.0005632292934443886,0.0017114241197971327,0.0004375343792550289,2.3693387376188738e-06,0.00011713532807106287,1.4077301056317529e-06,0.03042416492946203,0.000868105182563139,6.5563224114348475e-09,0.0020191459552441177,0.9039661182071621,1.7611817566887994e-05,1.0876366571853937e-05,1.528029903079705e-05,0.007825564108015475,2.9612807036629052e-09,0.0006030877552320703,0.028864870216294816,0.0009176853987608216,2.2429976101222175e-06,0.003463031152078721
11,0.011605767835284638,0.007777291156251054,1.7377068393061847e-05,1.4422180009616532e-06,0.0005893952339620864,0.0018027669196820646,0.0004685025515311269,2.4237403055496623e-06,0.00012211860170371666,1.4702640481589364e-06,0.03251014282029909,0.0009330356589811971,7.886500610948277e-09,0.0021996678612598254,0.8989671904439815,1.771224970809855e-05,1.151947088489204e-05,1.69812707738643e-05,0.0076846411867393235,3.3261417252276794e-09,0.0005962685610582139,0.030202481961105414,0.0009620408901135834,2.4455032027832646e-06,0.0035073053200873772
12,0.01925409091252216,0.012205228567209556,1.527387771928228e-05,2.8337325730178656e-06,0.0019988372639606527,0.004027809656191459,0.00035976138413341887,2.222828420882777e-06,2.092608855062528e-05,2.1142885274720305e-06,0.03994155556874175,0.0038519561151124497,1.2660272178972572e-08,0.009228112086770459,0.7661752087431648,3.340432909665625e-05,4.187670522753041e-05,9.057836043353324e-05,0.005128553061900686,3.637890900247139e-09,0.0015275344841989382,0.12496387565246969,0.007327217926706533,3.9843236747086754e-06,0.0037970277445307237
13,0.011098655536653087,0.006580830322305083,1.636743208840251e-05,1.2610650493428042e-06,0.0005483289536254081,0.001626763763523849,0.00041907842765295393,2.3211386309549617e-06,0.00011603774766198316,1.2111934119798868e-06,0.03287052472713777,0.0009681383481900928,6.3477104750086655e-09,0.00200033192218146,0.9022292117356118,1.616596694869958e-05,1.1113995062000764e-05,1.473779035774001e-05,0.007735687708801573,2.8837431169613256e-09,0.0005946370739368146,0.029030014839866575,0.0008606552381841354,2.0767504548940075e-06,0.0032558390912101067
14,0.007207209872337652,0.017977221316899567,1.9384430435887216e-05,2.102577893778076e-06,0.000984280878112482,0.0023788168751625897,0.0005049270922316149,3.0789923499676786e-06,0.00019633103965891122,3.5279350112763693e-06,0.039177182525490975,0.0005495120266205264,1.2440484871540906e-08,0.0022481799168701535,0.8840924269404085,1.509579926722164e-05,9.908548464033803e-06,2.1339928470392946e-05,0.00915164741737835,3.840487000514585e-09,0.000738578320999667,0.03070190603626058,0.0007695568371815472,3.6551055166384562e-06,0.0032441133060058798
15,0.011023984818508541,0.007127824004090729,1.5950646045969757e-05,1.3464387478544136e-06,0.0005632292934443886,0.0017114241197971327,0.0004375343792550289,2.3693387376188738e-06,0.00011713532807106287,1.4077301056317529e-06,0.03042416492946203,0.000868105182563139,6.5563224114348475e-09,0.0020191459552441177,0.9039661182071621,1.7611817566887994e-05,1.0876366571853937e-05,1.528029903079705e-05,0.007825564108015475,2.9612807036629052e-09,0.0006030877552320703,0.028864870216294816,0.0009176853987608216,2.2429976101222175e-06,0.003463031152078721
16,0.012870995664248408,0.010132152855767546,1.2510064224774222e-05,2.369750316464011e-06,0.0005414784964793226,0.002796361745124825,0.000633873385454158,3.7529502100643986e-06,0.00010365266113739666,3.69166704739749e-06,0.03723158993676492,0.0010608982011182137,5.825863039981753e-09,0.0025919670013108916,0.8619214784856218,3.4654913182333655e-05,1.3817759026878735e-05,3.7711054014322724e-05,0.010680665772411741,5.013974163625718e-09,0.0017825489810937472,0.05117467872621864,0.001522150496893072,2.528367575131253e-06,0.004844460224920527
17,0.020382837419380486,0.010740399086867964,2.862171570626313e-05,4.268591325752395e-06,0.0010152994308288545,0.0028490571290751515,0.0007812461621163784,3.8034823566860434e-06,0.00010647138098376087,2.332096210877539e-06,0.04805385186572252,0.002190348795305021,1.3650343610887264e-08,0.006328080792097631,0.8412649582547986,3.12493042420952e-05,1.8534025143751863e-05,4.3655531573222094e-05,0.009105057553730256,6.644104343926259e-09,0.0012439041464960459,0.04583330886439297,0.0027016523020076265,3.594669516445544e-06,0.007267447105673335
18,0.03545949483280141,0.012315464671971412,2.2910749588767667e-05,1.9099291563010935e-06,0.00046616892082187815,0.000922979115044443,0.0006409218561967532,3.905715338816816e-06,7.3651252178122e-05,1.6886000217420322e-06,0.026452188715443668,0.002317949093218991,1.0208505484951823e-08,0.002669631071030892,0.8309316548335699,1.757024447229647e-05,4.2572193510008844e-05,4.4588145020039746e-05,0.007391536180436376,3.6957400285563595e-09,0.0009212077363542872,0.06903012895421637,0.0015076719882406396,6.318917471151223e-06,0.008757872379650079
19,0.009751174564885098,0.009207050424799195,3.981986008292867e-05,1.9407342476445113e-06,0.0012681737583051611,0.0022074429418512767,0.00044144210706898194,3.514065743600827e-06,0.00024734294816672266,2.133463620419317e-06,0.037515463497370116,0.0014977834979736692,1.3947498806935088e-08,0.003431378885259819,0.8821047852360483,1.6949847201628628e-05,1.2497865901387286e-05,1.589778688677095e-05,0.009867881186370062,4.543108756158795e-09,0.0006249431525130214,0.03753825728611024,0.000623398894903383,2.699374339279056e-06,0.0035780101297435613
20,0.0063639085809027475,0.005866832192757981,9.709630212366779e-06,8.733325248082618e-07,0.00047033896128081845,0.0009824084722952796,0.0002353768704863287,2.9237415200299552e-06,9.118300611557923e-05,1.3425883818603013e-06,0.017201332552377425,0.0006539759623102992,3.829366957188746e-09,0.0012227250890211045,0.9108443865613022,1.2088762106866682e-05,1.3600344031384468e-05,1.0380071965732497e-05,0.007338184154086151,2.041086152210373e-09,0.000596134895509739,0.04496026329050454,0.0006758110092794833,1.803202136531279e-06,0.002444410858437682
21,0.024039156977744454,0.007325001680723999,3.0547958467144645e-05,2.5320247776583043e-06,0.0007453376724944288,0.003492946805002715,0.0009935490072910938,2.6759418248710046e-06,0.00011563739323412249,2.0783882795084457e-06,0.04845123892901058,0.002422926285967156,1.4354895560088923e-08,0.00477006026076495,0.8602489983772255,4.74438525348169e-05,1.2628470112705058e-05,3.1145855497805125e-05,0.008599671238051845,6.82297677424529e-09,0.0009386307046255931,0.030963908806459065,0.0019162282611032812,3.022247474001268e-06,0.004844611683460652
22,0.015252370037515879,0.006167985089326788,1.7884611148192973e-05,1.479684142231317e-06,0.0005911828638698128,0.002436226702117625,0.000494375392512012,2.8048990263975673e-06,9.435382907506368e-05,1.4055544002012594e-06,0.050254511489610375,0.001431654566465681,5.9131808972531105e-09,0.002251614851986169,0.8680677568052036,2.360656098238725e-05,1.593488931199989e-05,2.996940232668947e-05,0.00757023127189269,3.970323024794883e-09,0.0010152215097112898,0.03991340442641894,0.001269193145217717,2.4909902490920353e-06,0.0030943315439849912
23,0.011023984818508541,0.007127824004090729,1.5950646045969757e-05,1.3464387478544136e-06,0.0005632292934443886,0.0017114241197971327,0.0004375343792550289,2.3693387376188738e-06,0.00011713532807106287,1.4077301056317529e-06,0.03042416492946203,0.000868105182563139,6.5563224114348475e-09,0.0020191459552441177,0.9039661182071621,1.7611817566887994e-05,1.0876366571853937e-05,1.528029903079705e-05,0.007825564108015475,2.9612807036629052e-09,0.0006030877552320703,0.028864870216294816,0.0009176853987608216,2.2429976101222175e-06,0.003463031152078721
24,0.0108583137710847,0.014927396499453516,2.32465166629588e-05,3.291126733347776e-06,0.0011919624578007769,0.0030402938705703297,0.0005865508595578035,3.2388420998724792e-06,0.0001487321047239261,3.2493204561869457e-06,0.04093753003315906,0.0011722618731156945,1.4427160521502534e-08,0.00480907780961306,0.8631385385657511,2.348273308016898e-05,1.2090601464495635e-05,2.9651089164752924e-05,0.010685093572864955,5.29117325153686e-09,0.0009825398850811357,0.04108638473157062,0.0014257478746950083,2.9127987389805327e-06,0.004908393344223945
25,0.021423185826838227,0.007582908791373456,2.844025506217735e-05,2.826273297241868e-06,0.0006487882331236893,0.0015593941063111079,0.0009297051993934417,5.674856951105897e-06,0.00011980550225619263,1.2438346412543863e-06,0.08472754729795912,0.0023436893751794022,1.2557100977785868e-08,0.002866643708749466,0.823275710107876,1.9867421894569798e-05,2.330636226776718e-05,3.284375258622361e-05,0.011361063930321108,7.307568439602345e-09,0.0010037906635292884,0.0369717177971407,0.0014547027277766187,3.755211947690465e-06,0.0036133688988546605
26,0.033530267930469974,0.011211547645630938,3.466535774429583e-05,1.7218276474395025e-06,0.0006002907407162568,0.001043558202582944,0.0006720180112270765,4.626176544568879e-06,0.00013745940087933156,1.4067140675246835e-06,0.04072878959462356,0.001472529008430966,1.5825896183151094e-08,0.0014260568691878757,0.8592096920821585,1.2398586460110667e-05,4.080436876940203e-05,3.9861837034480075e-05,0.005642848754393696,4.049548311191725e-09,0.0005475060431117997,0.03766435290932352,0.0010576636203320031,1.1649648524616347e-05,0.004908264794694693
27,0.00707884781180945,0.004277819383063636,8.844995382853272e-06,6.018101354123123e-07,0.00026384645593918694,0.0013050155720326449,0.0002637163761841884,1.7481767406852507e-06,0.00012951263570479583,1.0613764136578579e-06,0.01505881557621233,0.00040077136922334435,2.6278843718283285e-09,0.000898645498751504,0.9339293689524051,1.3970569488923174e-05,6.452046306607718e-06,7.421572400388759e-06,0.0061246869936125116,1.964864234667693e-09,0.00037578044664868834,0.026491083737920532,0.0004870901998244168,1.2198469223079248e-06,0.002873674004128133
28,0.011023984818508541,0.007127824004090729,1.5950646045969757e-05,1.3464387478544136e-06,0.0005632292934443886,0.0017114241197971327,0.0004375343792550289,2.3693387376188738e-06,0.00011713532807106287,1.4077301056317529e-06,0.03042416492946203,0.000868105182563139,6.5563224114348475e-09,0.0020191459552441177,0.9039661182071621,1.7611817566887994e-05,1.0876366571853937e-05,1.528029903079705e-05,0.007825564108015475,2.9612807036629052e-09,0.0006030877552320703,0.028864870216294816,0.0009176853987608216,2.2429976101222175e-06,0.003463031152078721
29,0.011023984818508541,0.007127824004090729,1.5950646045969757e-05,1.3464387478544136e-06,0.0005632292934443886,0.0017114241197971327,0.0004375343792550289,2.3693387376188738e-06,0.00011713532807106287,1.4077301056317529e-06,0.03042416492946203,0.000868105182563139,6.5563224114348475e-09,0.0020191459552441177,0.9039661182071621,1.7611817566887994e-05,1.0876366571853937e-05,1.528029903079705e-05,0.007825564108015475,2.9612807036629052e-09,0.0006030877552320703,0.028864870216294816,0.0009176853987608216,2.2429976101222175e-06,0.003463031152078721
30,0.011023984818508541,0.007127824004090729,1.5950646045969757e-05,1.3464387478544136e-06,0.0005632292934443886,0.0017114241197971327,0.0004375343792550289,2.3693387376188738e-06,0.00011713532807106287,1.4077301056317529e-06,0.03042416492946203,0.000868105182563139,6.5563224114348475e-09,0.0020191459552441177,0.9039661182071621,1.7611817566887994e-05,1.0876366571853937e-05,1.528029903079705e-05,0.007825564108015475,2.9612807036629052e-09,0.0006030877552320703,0.028864870216294816,0.0009176853987608216,2.2429976101222175e-06,0.003463031152078721
31,0.020886425698383372,0.019129860092797976,4.4713586023404476e-05,3.7190209876731323e-06,0.0015400735313795453,0.0015005680358405643,0.000627674676511241,7.546584580188384e-06,0.00018683923467894417,3.8037951822924805e-06,0.03170168983384892,0.0017579798064109953,2.1517830014189545e-08,0.003892707103309356,0.8446959722282423,2.1660952655314558e-05,3.095689169863094e-05,3.582984924989482e-05,0.013094328500670412,5.730704254995124e-09,0.0010104295398897403,0.051265359278755356,0.0011999684112878435,8.42967416231086e-06,0.007353436424919293
32,0.009892138512495735,0.006374240124784265,1.4146144977740714e-05,1.157687495886338e-06,0.0005094559673242365,0.0015665770439229154,0.00039098932562326566,2.3345104905975123e-06,0.0001210738808871804,1.339172060244238e-06,0.026546188044886506,0.0007763594600269586,5.596962008670288e-09,0.0017937923185523728,0.9102670820628319,1.726384710006775e-05,1.0017111992161402e-05,1.2589436758389433e-05,0.008553980747670316,2.6958294214648236e-09,0.0005762904192710211,0.02859630963148899,0.00078278646341553,1.8771096496477974e-06,0.003192002683502472
33,0.013060391990082612,0.01158749948252297,1.2870027185480987e-05,1.3636408646811817e-06,0.0008352712490917653,0.0017302226200282807,0.0003812458547201812,2.7521323093340335e-06,6.209772739448897e-05,1.6452839624934848e-06,0.029930962480760256,0.001263009608550112,1.0339473672892929e-08,0.0028653518106267787,0.8538284635518019,1.749817688467744e-05,2.1619114413350014e-05,2.6436748181396366e-05,0.008192826190824405,3.2275693303073468e-09,0.0006412368385848985,0.07160993337879479,0.0014703311083923774,2.9522756174633563e-06,0.002454005141362485
34,0.008895326422742897,0.0035224101696211376,1.624635991019758e-05,4.714112616463449e-07,0.0002116873859548197,0.0010869847965696892,0.00038152683515826517,1.6734110613059863e-06,0.00039007703807123113,7.842228136378358e-07,0.01682436792662142,0.00033043682332286494,3.259277039399747e-09,0.0007947857340736463,0.9421616430540057,1.1760219328475028e-05,3.3327437799781083e-06,3.856818632350469e-06,0.009803586557510275,1.8795339072179135e-09,0.00024224481211946095,0.012285434687588572,0.00016744206405904123,1.0085993401672902e-06,0.002862906767642419
35,0.038577281088646026,0.015411596667103757,3.0878063285384696e-05,3.4610204339234835e-06,0.0005015879179560037,0.001633548225992752,0.0008365968612811965,1.333974164964289e-05,0.0004500566621968192,4.994007631196543e-06,0.037058287675761026,0.0018722671530387674,1.2349920007126569e-08,0.0016388644328981363,0.7838883248129784,1.9636366916178755e-05,3.4528982132355686e-05,6.732293591534668e-05,0.020698104457309352,9.253583260150444e-09,0.0012745852826727838,0.08132265770657181,0.0006510746666696594,6.546794707697701e-06,0.014004436872748424
36,0.011113047980737856,0.007061135772068147,1.618853490137605e-05,1.3308555249424405e-06,0.000569659579173951,0.0016394976420350826,0.00042693625383142045,2.419180892962998e-06,0.0001177340732901283,1.3993508446190027e-06,0.029322395253735065,0.0008941266937454789,6.612385117402955e-09,0.002014913117623789,0.904509920020792,1.7511067588286027e-05,1.1275705897972434e-05,1.4810691912457639e-05,0.00800063183612232,2.917080543251881e-09,0.0005976445270057955,0.029270127294095553,0.0008944763862678965,2.2488353870185777e-06,0.003500559817060165
37,0.06965464759251595,0.011580118459261221,3.92034881502005e-05,1.7914588188049884e-06,0.0006103905366356574,0.001625001747325893,0.0011297811557402077,2.7986138658842575e-06,8.440659843633313e-05,9.783567639976568e-07,0.05939172619082178,0.00323647240136656,1.58741808440809e-08,0.004496591761631189,0.7862536453409401,2.1553132849174002e-05,2.6396413966039832e-05,5.2993334605566994e-05,0.008382192048211152,4.391603765408242e-09,0.0006908842302078178,0.045734676391333294,0.0014572940561763238,6.018207674144153e-06,0.0055204182169179454
38,0.011230509526113165,0.010529964129689798,2.312245399604995e-05,2.1206617693786127e-06,0.0008877678525126822,0.0015278984338410488,0.00041316695008758957,3.729191416886797e-06,0.00015877078476547556,2.0490123579863534e-06,0.030599145230748255,0.0010934336445095375,1.0064584891053801e-08,0.00251311546314963,0.8890370958193227,1.537048091638513e-05,1.6251884841096424e-05,1.873078327821956e-05,0.009676845414038801,3.611869844420464e-09,0.0007235327617702104,0.035818149547638206,0.0008905814601746763,3.2480348502636547e-06,0.004815386801757077
39,0.010727119881229055,0.00581956261873874,1.5646765745005452e-05,1.3909118385989805e-06,0.0005921499933818251,0.0019071682438935216,0.0004072774591543987,2.624301487985395e-06,0.00011813399042061686,1.4937938931428961e-06,0.029913775776375554,0.0009642993429690755,5.485533893189064e-09,0.0019997576787630015,0.9048806027634141,2.1731853264494938e-05,1.0788664285613823e-05,1.495275398665838e-05,0.008808316302280744,3.0905516476062422e-09,0.0007339041202812117,0.02853256717586416,0.0009594436968785591,1.9670494188707294e-06,0.0035653162863493936
40,0.0198455135538667,0.005593157050752489,1.3170760004247977e-05,4.209757876835114e-07,0.0002891269683129348,0.001529957646244798,0.00036154919298730595,1.1418193339280385e-06,7.4763596890944e-05,5.37997753741271e-07,0.027724850202835844,0.0012375365187608622,3.31712644169331e-09,0.00207815925745976,0.8726803970134199,1.2972493228676096e-05,9.457428376874015e-06,1.5982903053496962e-05,0.006304316608660342,1.8165380337484193e-09,0.0004337170417669151,0.05876724965736425,0.0005720029213628173,1.1978278795969323e-06,0.0024528154302315437
41,0.0013865918482320854,0.00314415949283866,1.9526060266553814e-05,3.7704266842565034e-07,0.0007178444916720599,0.0013381552590505854,0.00010111060174590034,8.496822637593218e-07,0.0004937352390362263,1.296485648893336e-06,0.005427690598043344,8.892419147197286e-05,2.4574704215630057e-09,0.0007765684822347186,0.9750064481769638,9.32539669681967e-06,1.136746992872529e-06,8.914228674921604e-07,0.004668449205214939,7.118563206824744e-10,0.00015895330248961203,0.004857431029623702,8.587515349295534e-05,7.793412337976882e-07,0.0017138775799241045
42,0.008325295721867404,0.004961203656060288,1.0036696346613174e-05,8.202220464454676e-07,0.00038606558114205136,0.0012016722663839258,0.0003063484277076248,2.3951512580825327e-06,9.569260639737859e-05,1.1651804965819024e-06,0.020541081912708915,0.0006477054764977961,3.480107674942483e-09,0.0012276626112680778,0.9181018178237307,1.7273082505126888e-05,1.0357356691605262e-05,9.428445109617101e-06,0.00853273605708671,2.2281666712744376e-09,0.0005692118234016253,0.03181327242327013,0.0006913643440001211,1.5114499699296152e-06,0.002545875975778738
43,0.0035370849529281303,0.004185248148161028,5.663271595032943e-06,1.0499790915863354e-06,0.0006111135103718063,0.0023301693297064466,0.00018701034966896253,3.2120038275328497e-06,0.00010886511351224054,3.2594762455179276e-06,0.01540426218785224,0.00037033409891926237,1.9353117546925474e-09,0.0009448721716431741,0.9229563454271441,2.7928677199785056e-05,8.066306307550938e-06,9.545200411181844e-06,0.01034161036275817,1.9830117078715077e-09,0.0011723489706568968,0.034762178486498575,0.000786294836935913,1.148035110778833e-06,0.0022423851851309136
44,0.011023984818508541,0.007127824004090729,1.5950646045969757e-05,1.3464387478544136e-06,0.0005632292934443886,0.0017114241197971327,0.0004375343792550289,2.3693387376188738e-06,0.00011713532807106287,1.4077301056317529e-06,0.03042416492946203,0.000868105182563139,6.5563224114348475e-09,0.0020191459552441177,0.9039661182071621,1.7611817566887994e-05,1.0876366571853937e-05,1.528029903079705e-05,0.007825564108015475,2.9612807036629052e-09,0.0006030877552320703,0.028864870216294816,0.0009176853987608216,2.2429976101222175e-06,0.003463031152078721
45,0.011375863768097835,0.007467907660104248,1.6120416994956124e-05,1.4271915802595068e-06,0.0005713560260589912,0.0017762631254460892,0.0004458575328765113,2.393626025894289e-06,0.00011661247918239232,1.462651885460833e-06,0.03151734187270006,0.000898873366630663,6.648728084569595e-09,0.0021122679458204833,0.9006604750053048,1.7845708369354395e-05,1.1172394524411584e-05,1.6650050350074243e-05,0.007866672090728255,3.058879278733945e-09,0.0006408391529008268,0.029850437045558887,0.000962015467626974,2.2864328220506095e-06,0.003667849280803142
46,0.027191724365652863,0.008065937165302144,1.5639392074808537e-05,1.5204097107602442e-06,0.0005787628678937965,0.0004224022238563345,0.0002565130134006591,7.213416821713094e-06,4.742607765724142e-05,1.0675530864337624e-06,0.02603981312865197,0.002567439027124319,1.0314456583836685e-08,0.0009405000465705855,0.8482543248512704,1.051394222895148e-05,0.00014989247224027704,3.13538116547996e-05,0.006893445128111196,2.9592573694994987e-09,0.00083237980342489,0.07218527454679308,0.001401619478485097,9.043262875431532e-06,0.0040961807413982775
47,0.04942865402870459,0.005830950416817946,1.3463124151732763e-05,5.315120363996103e-07,0.00019421053203797693,0.0009979447509730394,0.0004913427977086693,2.1356491922993906e-06,5.7378273785048735e-05,6.482002185115483e-07,0.02779471717380888,0.002626688890950333,4.79841843546171e-09,0.0013491502627674557,0.8227219242728939,1.7974310024717684e-05,2.7552698313820543e-05,2.8803104360148204e-05,0.006914422483979019,2.9126872846472203e-09,0.0005557195046434686,0.07633799775180032,0.0007671239772643695,2.4790000791850075e-06,0.0038381795723823344
48,0.010514205935182585,0.009317581883825846,8.66860525692924e-06,9.888509257821025e-07,0.00042288340857678074,0.0007561526552903942,0.00036482291667126255,3.337187913806714e-06,7.18779697411667e-05,1.579666085777093e-06,0.016047945012019286,0.0006454764680104648,6.550473405148538e-09,0.0013675983583755678,0.8973566557051488,1.553105093807076e-05,2.0417975249941413e-05,1.1554251932189128e-05,0.010877193058595335,2.369296301087555e-09,0.0005061439375045993,0.04812349592249533,0.0008799024541852358,2.6265618539791912e-06,0.002683351244451006
49,0.011448529724451961,0.005769918972441648,1.8405897305239898e-05,1.19456292571349e-06,0.0007350732404651187,0.0026576289742708784,0.0003616320005923667,2.1808230830355186e-06,0.0001086267248928623,1.2426883913707314e-06,0.039183468619171484,0.0016333963819120877,7.068412548192537e-09,0.00266583622347926,0.8795368182423358,1.955333884279375e-05,1.210396099584894e-05,2.022181704999553e-05,0.007307519728588118,3.5386044842575663e-09,0.0006718064664378909,0.04415607553006166,0.000996411494864503,1.6930257992491526e-06,0.0026906509546243238
50,0.010981192120458685,0.007225454741981305,1.6002265608384482e-05,1.3593482576484233e-06,0.0005635416029365739,0.001734757312133548,0.00045287137477333214,2.402724867902459e-06,0.00012094103328540481,1.4763168099771519e-06,0.02963144867633054,0.0008435626144963025,6.596369087470051e-09,0.0020649032372474178,0.9040280638381368,1.8310514575631253e-05,1.0492963737848557e-05,1.4971532482608346e-05,0.008157420229863054,3.0063019388368726e-09,0.0006018094801872499,0.029121337304421836,0.0009081916527868476,2.2148447674785404e-06,0.00349726466718266
51,0.014828664781698241,0.013358046224393507,2.2206359907638784e-05,2.8645161016655287e-06,0.000747226270620302,0.002684906499134731,0.0008159480519461296,3.951514891365403e-06,0.00014995424472490074,2.716169392861979e-06,0.057457038782849267,0.001356072879572746,1.1419655730639677e-08,0.003679382446399847,0.8341318453514243,1.8333550940874088e-05,1.4011631947703607e-05,4.5900690683123336e-05,0.009718627371571519,5.6751150635302584e-09,0.0011583872826228926,0.05408708570915966,0.0012987465832664414,3.325341605836965e-06,0.00441474065037376
52,0.011912355323324571,0.0070601604551892745,1.5317140735501858e-05,1.3601318196440646e-06,0.0005083447431958851,0.0025236526009497855,0.0005119174624669255,2.0558614956177893e-06,0.00012095404070276021,1.4469953036580265e-06,0.03877801469580947,0.0008614714143451445,6.8097957826396814e-09,0.0020889554999163813,0.8936843688202734,1.8978916632533948e-05,9.37847504040686e-06,2.1607128650275713e-05,0.006533549390531858,3.5738094393703725e-09,0.000614688192502993,0.03045053345082121,0.0010637780899220351,2.195266310999069e-06,0.0032149055204546296
53,0.009017681083352045,0.0032647250748929946,6.975723258269074e-06,5.911582758300786e-07,8.161301244504857e-05,0.001660889130103168,0.0009434079807401462,7.75037653490064e-07,8.163577312914247e-05,5.35841542168158e-07,0.03423978816986554,0.00024231029278116124,2.9670684411454882e-09,0.0008086939311254849,0.9324322527449933,1.809472007571261e-05,3.0663997699120977e-06,9.32982987054141e-06,0.002883153769617037,3.168634456879844e-09,0.0002401229985005912,0.01090227196597826,0.0010758348468740866,1.2978766969750356e-06,0.0020849465027560983
54,0.013460023601782741,0.008244358472700847,1.3553591734994682e-05,9.314269156399351e-07,0.00021157952195799114,0.0017976266399279805,0.0007532820698068276,9.026355834764249e-07,0.00011575445986454148,1.4872996634381154e-06,0.013452346009901155,0.0005463551486223644,5.355244962510079e-09,0.0031089168809609893,0.9217716419085286,3.0353331793593796e-05,3.5065394371855705e-06,8.202022126204847e-06,0.0065481786336546,3.0434938651810553e-09,0.00034990852630873256,0.022560117277391115,0.0007754813329571004,1.1259221395876334e-06,0.006244358347501267
55,0.036221015204094195,0.01329401643309232,5.8205672351985274e-05,2.712472916305685e-06,0.0006099485388801737,0.002012626640745121,0.0009486934440602767,4.178579836653192e-06,0.000392429653522367,1.7761907356045672e-06,0.06433954181093046,0.0028599005846837444,2.530622194238304e-08,0.0028780565816912424,0.8226754340105578,1.3481971113627262e-05,1.8355224363187818e-05,4.476971523132185e-05,0.009396859994951698,8.119998764598472e-09,0.0005799088958840277,0.033747266183737405,0.0006192490656186378,5.342221959976589e-06,0.009276197482821281
56,0.01132950336398167,0.007817111182391466,1.769096962103182e-05,1.4139292588216738e-06,0.0005943068986480999,0.001732284708242714,0.00046199997270394776,2.4664738461598997e-06,0.00012633859149387207,1.4615414962345564e-06,0.03215280693262345,0.0009064965578475934,8.20097094026534e-09,0.0020979729351211143,0.9007873233766355,1.715933218219594e-05,1.1660382635509496e-05,1.6294460546271025e-05,0.007721877907371289,3.329886714905276e-09,0.0005740916425735032,0.029353138825788685,0.0009102353600442251,2.521411148238918e-06,0.0033638317129405415
57,0.009245063818821671,0.00571157732576715,2.8940143622343836e-05,1.2956857822651313e-06,0.0012816135110942344,0.001147383272388303,0.0002004463478243617,5.453300112093515e-06,0.00020271487935917472,2.052405721265484e-06,0.01873603546816857,0.00216071898722774,7.785021954286812e-09,0.0022025168608292623,0.8852433702851805,1.943277246100879e-05,2.455078163173191e-05,9.497759691351763e-06,0.017935272237740482,2.8780098108019424e-09,0.0008641604547822803,0.05091983304633494,0.0004253924522780633,1.935875568918536e-06,0.0036307316645803308
58,0.011860937705440356,0.007944105077757205,1.7097871019299963e-05,1.3392563316354373e-06,0.000573345629574911,0.001421614522945473,0.00044509139061537506,2.620257622893413e-06,0.00010972926420105203,1.4099310585696193e-06,0.02982199546642971,0.0008780784069249878,7.575959671257416e-09,0.001832712614707688,0.9025599971407254,1.587999195335402e-05,1.4105168162325471e-05,1.673796319260019e-05,0.007133700510296231,2.9317253117762047e-09,0.0005879171667125169,0.03037452393057133,0.0009551628149955954,3.0734853104923296e-06,0.0034288139257660625
59,0.013283216676371477,0.00798635604895411,2.161419730173936e-05,1.4359604180967414e-06,0.0006224046810820593,0.0013910942292934048,0.0004765369930264115,2.810839000422855e-06,0.00011746317828732594,1.3968003245334593e-06,0.03146110092367127,0.0009735486133088164,8.351051809572197e-09,0.0019068518506284182,0.9010546755086337,1.6195726460771567e-05,1.5260104942683313e-05,1.8185548897510834e-05,0.006757462700562687,3.127125693888277e-09,0.0006049795599710287,0.02862335364939988,0.0009448796055660958,3.7473512327244745e-06,0.0037154177744873947
60,0.011023984818508541,0.007127824004090729,1.5950646045969757e-05,1.3464387478544136e-06,0.0005632292934443886,0.0017114241197971327,0.0004375343792550289,2.3693387376188738e-06,0.00011713532807106287,1.4077301056317529e-06,0.03042416492946203,0.000868105182563139,6.5563224114348475e-09,0.0020191459552441177,0.9039661182071621,1.7611817566887994e-05,1.0876366571853937e-05,1.528029903079705e-05,0.007825564108015475,2.9612807036629052e-09,0.0006030877552320703,0.028864870216294816,0.0009176853987608216,2.2429976101222175e-06,0.003463031152078721
61,0.012317480964362835,0.007755417393894022,2.2282452396756745e-05,1.3784005448748091e-06,0.0006408168238554446,0.0014444237364458225,0.00044579753517622707,2.605486474856777e-06,0.00012518956488438904,1.3070703581039998e-06,0.03288857162454971,0.0010176156703521557,8.10070691476697e-09,0.0020096141729822586,0.901185936163289,1.5558961628312453e-05,1.3793840224631675e-05,1.6340580979483075e-05,0.007110627581274961,3.072540385719935e-09,0.0005896236258499674,0.02795270756594518,0.0008431966929442903,3.128175701208152e-06,0.003596574742638163
62,0.011023984818508541,0.007127824004090729,1.5950646045969757e-05,1.3464387478544136e-06,0.0005632292934443886,0.0017114241197971327,0.0004375343792550289,2.3693387376188738e-06,0.00011713532807106287,1.4077301056317529e-06,0.03042416492946203,0.000868105182563139,6.5563224114348475e-09,0.0020191459552441177,0.9039661182071621,1.7611817566887994e-05,1.0876366571853937e-05,1.528029903079705e-05,0.007825564108015475,2.9612807036629052e-09,0.0006030877552320703,0.028864870216294816,0.0009176853987608216,2.2429976101222175e-06,0.003463031152078721
63,0.011059657955952335,0.008131679897241246,1.5419077885682708e-05,1.2578529741310952e-06,0.0004958052900218437,0.001543818197267805,0.0004448703736659668,2.2884952666146776e-06,0.00011925680843443837,1.368575071042867e-06,0.030129838944306795,0.0007686346441158811,6.955591455054474e-09,0.0018195115633591091,0.9040746901725059,1.5345940309439748e-05,1.1014783843996488e-05,1.545224615956536e-05,0.007293008558865439,3.0039291578550904e-09,0.0005457776118719933,0.029273712524776837,0.0008378444294225038,2.4237353601818674e-06,0.0033973123618007005
64,0.00999419449113595,0.006303466467772379,1.3292187982083276e-05,1.324779039779561e-06,0.0005394947528491971,0.0016357338968459988,0.00037458018662714035,2.5115367125669236e-06,9.753765002020914e-05,1.4273654770094577e-06,0.030887197991101654,0.0008790481914678092,4.63089588988548e-09,0.001787862644780257,0.9050929871243351,1.8552452105005073e-05,1.1547148598958792e-05,1.6026509103741046e-05,0.008189261882677622,2.63676157098599e-09,0.0008774750914593221,0.028897354812190957,0.0009438814853314699,2.0425346801826207e-06,0.00343319155004801
65,0.010993764445913056,0.0034860201135479313,2.081356027498644e-05,7.3619972888480006e-06,0.006700038157431103,0.042921544459503976,0.00028824163417545695,2.079096440781894e-06,3.942993422308583e-05,5.073590213926825e-06,0.09456620264372846,0.012535123510860434,5.430750065829314e-09,0.0314026783220204,0.682814844589327,0.0001793016681508575,1.1542521010168364e-05,0.00012768997416354695,0.014827586693671692,6.183237804776544e-09,0.009269853330609633,0.07607434535772357,0.008659344603566469,5.974286452368145e-07,0.005066510753521509
66,0.011787977819211273,0.006873801400481212,3.583006411008888e-05,2.3716971951583344e-06,0.001051729986083696,0.004844379001670797,0.0008508640304466674,4.8837739016469864e-06,0.0005764007864023961,5.451390280228351e-06,0.02847621297786601,0.001352794071742096,1.4337806883046563e-08,0.004495968575698926,0.8663649205902948,7.061174281798631e-05,5.699910140410197e-06,1.108647034198223e-05,0.03448648639869745,8.890962607460621e-09,0.0007606649599381958,0.0327747269565068,0.0005424313295154951,1.2470486611164902e-06,0.004623435789225914
67,0.009992203036359719,0.004890660287402623,1.363027198952418e-05,1.2293901034600416e-06,0.0004609282097570895,0.0025526742657570917,0.000459979664415306,1.1691406757048231e-06,6.595829057196512e-05,9.346224684547827e-07,0.03246339384730063,0.0009676019296176733,5.657126209970356e-09,0.0028389435410267534,0.9125945136425497,2.5234804069427586e-05,7.439656764938196e-06,1.5298359323445433e-05,0.00490036726125469,3.20172121126994e-09,0.0005554828925323893,0.022318366706019124,0.001668704034119711,1.46609967716236e-06,0.0032038111873958974
68,0.013856597359019805,0.006857236711229804,1.1968119365493875e-05,1.4201588376850365e-06,0.0004066174324026643,0.0023086878625075877,0.0004647493415886476,1.901065697637576e-06,7.873478997595372e-05,1.1947355322387228e-06,0.04389993669796651,0.001045340626004155,5.468389975421991e-09,0.0018302941066374286,0.8848517608588132,1.7836753495095992e-05,1.2603906778577426e-05,2.8914795430865988e-05,0.005362789326058314,3.4836768630201396e-09,0.0007610486095104072,0.03287542351513521,0.001490757004393979,2.2815609393453842e-06,0.0038318957106125338
69,0.011827303855999817,0.008122127853160585,2.015300584569365e-05,1.9007177305550505e-06,0.0005066007861363562,0.0013435958537539126,0.0004977399321141962,3.2800988810904786e-06,0.0001486125352506985,1.8798339563662163e-06,0.026872601907513494,0.0008033770907925908,7.726342288818445e-09,0.001692160238967452,0.9098929814939755,1.941226529871827e-05,1.3552542561352237e-05,1.6521838650832285e-05,0.008202726101601856,3.9670099548414144e-09,0.00070406229684499,0.022744918456741012,0.0008972272589888049,3.3780995221302725e-06,0.005663874242359909
70,0.01717494162241203,0.0072997133746551274,3.112528291841045e-05,1.7716042779419282e-06,0.0007259975662970385,0.0033191900965432236,0.0005951137097118259,1.481702359173832e-06,0.00012368116417371975,1.3548634340758131e-06,0.03744109329639521,0.0017933813360533056,9.256639341693148e-09,0.005542971189292013,0.8796349248353247,2.7775999344536273e-05,8.587260908503926e-06,2.258766913151714e-05,0.006553471571841347,4.250906331429584e-09,0.0006954870671023824,0.03219947591231932,0.0012877042103088413,1.8451193451256354e-06,0.005516310038305037
71,0.03997822093828509,0.003173455889197399,9.58639700336472e-06,1.1962384591687846e-06,0.0001101355050932593,0.0011307451699448588,0.0014443498672849402,2.750334201879014e-06,3.973571327315768e-05,4.915666742563867e-07,0.0647095704285822,0.0014724595145791145,4.9145763432816724e-09,0.0011168815538565133,0.8501389958896094,2.9868809831411985e-05,2.019198727978853e-05,3.922565798980533e-05,0.0054572837543435775,5.866230884293398e-09,0.0007476044051495341,0.024564146958377234,0.002801007824728971,3.4928056264899862e-06,0.0030085920098210394
