,0,1,2,3,4,5,6,7,8,9,10,11,12,13,14,15,16,17,18,19,20,21,22,23,24
0,1.934658588011884e-06,0.0007452300967254398,2.1982613080470358e-07,1.2605932676288266e-05,3.1483466241005644e-08,0.0011991016046953328,1.5794892711968428e-07,8.037772909382148e-05,2.7910007828840727e-05,1.5771103504931097e-06,1.0009774158634455e-08,1.0069764381018821e-06,1.0070543698024225e-09,2.4243283165658715e-11,6.342704326630528e-07,4.865285855568949e-05,0.000922404992628237,7.40059146126496e-07,0.012241974539247732,1.050479381525755e-11,5.022992309758813e-07,0.984713849667646,1.629735899193676e-08,6.551085291450744e-07,4.054807275122414e-07
1,8.184858306064933e-07,0.0011514915996002322,1.6760742014345817e-07,2.9928937294987493e-06,3.090223158289486e-08,0.0007948748922296389,7.76602291283589e-08,2.4743624868293326e-05,1.3228244396610572e-05,6.4186048267813e-07,5.8019403413830234e-09,7.712714356370413e-07,2.868675913640985e-10,2.200506007882187e-11,7.063295383158864e-07,1.75146566331732e-05,0.000561799321091148,3.392928784618282e-07,0.012082057747343486,3.682077386497627e-12,3.968614832454971e-07,0.9853464605862482,7.975143225856646e-09,4.014408831704751e-07,4.70631808360516e-07
2,8.313162761355971e-07,0.0016501895511501963,1.544562084644097e-07,3.0216699289151602e-06,3.327554853161077e-08,0.0005519786215600304,7.269901541628764e-08,3.246326678686977e-05,1.2256507131608974e-05,6.6826947487008e-07,1.2474000593177843e-08,1.1898461818433991e-06,2.861974847279163e-10,4.808885629001253e-11,1.8222689770819971e-06,1.1375995414031789e-05,0.000506745485739248,5.00067519118988e-07,0.008231775254146699,5.792246080388733e-12,4.836278017692701e-07,0.9889932093938549,1.1642080915610268e-08,3.8836747634513144e-07,8.156036478863334e-07
3,6.394204298001151e-07,0.0011254453713285025,1.1546085197918727e-07,2.8188593152333497e-06,2.2641372793433586e-08,0.0007241132895158735,7.614774846503144e-08,2.0159079486685454e-05,8.113719263021503e-06,4.863111302813159e-07,5.842984003253045e-09,9.716760335787445e-07,2.3183666658138105e-10,3.202187397568185e-11,8.499484541694914e-07,1.4065929623951575e-05,0.0005578525011120772,4.4884592985593664e-07,0.008150596211796585,3.8517856920832555e-12,4.633332653726222e-07,0.9893917524428174,9.633194011568352e-09,4.46731118240823e-07,5.463355178565351e-07
4,7.630181496179972e-07,0.0011736052845238776,1.3434497166945517e-07,3.0876761299932857e-06,2.6135553352807837e-08,0.000795355143333249,8.6455429530091e-08,2.2653633020564415e-05,8.45567882248725e-06,5.691556000464267e-07,6.388139744431023e-09,1.0544633221319702e-06,3.000771478518797e-10,3.907282892050065e-11,8.922692902090221e-07,1.6082909482877992e-05,0.0006366705033802644,5.102625920368009e-07,0.009591194793795173,4.69548236568051e-12,5.010492994929951e-07,0.9877471978987865,1.0596338872536475e-08,5.498567495903781e-07,5.921394432795644e-07
5,6.395087329198514e-07,0.0012090103408100958,9.980299113926232e-08,3.4934702958597444e-06,2.2739368744375744e-08,0.000843208270820047,7.474248417382143e-08,2.0485253453131934e-05,8.140404031050539e-06,4.778084324029088e-07,6.4249111341609416e-09,9.407188653805135e-07,2.4567261222177857e-10,3.454343500301646e-11,8.97186281353687e-07,1.5033501597650922e-05,0.0005561108068064402,6.246870133055369e-07,0.00810578086704356,4.62620280430609e-12,4.842820728466888e-07,0.9892334662899466,1.1023729070114672e-08,4.468996692762872e-07,5.446858014121103e-07
6,6.394204298001151e-07,0.0011254453713285025,1.1546085197918727e-07,2.8188593152333497e-06,2.2641372793433586e-08,0.0007241132895158735,7.614774846503144e-08,2.0159079486685454e-05,8.113719263021503e-06,4.863111302813159e-07,5.842984003253045e-09,9.716760335787445e-07,2.3183666658138105e-10,3.202187397568185e-11,8.499484541694914e-07,1.4065929623951575e-05,0.0005578525011120772,4.4884592985593664e-07,0.008150596211796585,3.8517856920832555e-12,4.633332653726222e-07,0.9893917524428174,9.633194011568352e-09,4.46731118240823e-07,5.463355178565351e-07
7,2.183508984474059e-06,0.0009345620671853239,3.126764757778958e-07,4.225741399866932e-06,3.893483512875574e-08,0.000491138953295391,1.0665694496908937e-07,4.9009720774677754e-05,1.2009250476086166e-05,1.4198710543878695e-06,1.0054613232851219e-08,9.325403310575185e-07,7.753669422623533e-10,3.403780184669543e-11,5.943092365902149e-07,1.6195219188147253e-05,0.0008828124514614016,2.7028760509778923e-07,0.015736900212876815,6.7269601775287795e-12,2.504265211801153e-07,0.9818658446938855,5.62286825742922e-09,6.078387663396478e-07,5.681450887748159e-07
8,1.1733523690442547e-06,0.0009861830120431226,2.2876085473554204e-07,2.720688917570923e-06,2.5358777357112142e-08,0.0004838917189472351,1.2718651204341612e-07,2.666497020466767e-05,8.079972727912373e-06,9.73739154329461e-07,6.44248406228042e-09,1.423135618858015e-06,4.2979014037328244e-10,5.534550474608229e-11,8.856559742407792e-07,1.316038776023211e-05,0.0008676683745516365,2.8783312093495967e-07,0.008070409745226348,5.065007586998383e-12,5.523407310305809e-07,0.9895334969114017,1.4151565538979755e-08,1.0843550008136818e-06,9.414158559399351e-07
9,9.810176890251386e-07,0.0013377223505709088,1.3816246750813323e-07,2.7469323814296655e-06,2.1145466435888407e-08,0.0004677352797319234,8.518126779920154e-08,2.391744435554392e-05,8.399070395910254e-06,7.564196699779911e-07,7.68579047365251e-09,1.1219582854818713e-06,2.6911833059910055e-10,5.1538643393819445e-11,1.2792544889040824e-06,9.413019445953035e-06,0.000646267560227807,3.5021244962544426e-07,0.007169464683098325,4.065796325802722e-12,4.753083319559535e-07,0.9903273672769509,1.520504093876267e-08,7.249376124879259e-07,1.009569558158025e-06
10,6.394204298001151e-07,0.0011254453713285025,1.1546085197918727e-07,2.8188593152333497e-06,2.2641372793433586e-08,0.0007241132895158735,7.614774846503144e-08,2.0159079486685454e-05,8.113719263021503e-06,4.863111302813159e-07,5.842984003253045e-09,9.716760335787445e-07,2.3183666658138105e-10,3.202187397568185e-11,8.499484541694914e-07,1.4065929623951575e-05,0.0005578525011120772,4.4884592985593664e-07,0.008150596211796585,3.8517856920832555e-12,4.633332653726222e-07,0.9893917524428174,9.633194011568352e-09,4.46731118240823e-07,5.463355178565351e-07
11,7.252399898344018e-07,0.0010663351680880173,1.316870900987399e-07,2.894153279878293e-06,2.4030847376027313e-08,0.0007572448893633596,8.492647176144804e-08,2.3654185824187104e-05,8.728685428694232e-06,5.817523634144702e-07,5.983044376745021e-09,1.0314215694219253e-06,2.9360373803772634e-10,3.3196085686948245e-11,8.300557413312572e-07,1.5309606071019982e-05,0.0006278346242203625,4.6071792614278377e-07,0.008924132314598435,4.4259645571229795e-12,4.6980644653516835e-07,0.9885684332522607,9.912281942157836e-09,5.262317367269006e-07,5.510241303695764e-07
12,1.008650649441229e-06,0.002739675101944409,1.1523394226092956e-07,4.6176896945122296e-06,2.028893584159436e-07,0.0023189849637244094,4.5349323513729705e-07,6.1529727629235246e-06,1.1441322552087901e-05,3.8481527871534606e-07,1.15778817951685e-08,1.998718199818492e-06,3.258747879619046e-10,5.012415837513696e-10,1.8429168729640251e-06,3.051345355098451e-05,0.001363569982188111,4.077492634507636e-06,0.011748302902937099,1.4533110695425594e-11,2.223491709429336e-06,0.9817584290987614,1.0782379844398151e-07,2.0035016989620037e-06,3.881064974877782e-06
13,6.4422611106422e-07,0.0011258954058520787,1.164291354082927e-07,2.8365973131817648e-06,2.2725807381628325e-08,0.0007178681730494504,7.64050610962995e-08,2.0345955303719176e-05,8.125420471023318e-06,4.889782735470588e-07,5.9643653416202405e-09,9.83607378320661e-07,2.3353451872701866e-10,3.2529209877386856e-11,8.62024877698001e-07,1.4088620095497792e-05,0.0005586306214421029,4.5145125919410384e-07,0.008110651209805067,3.897745094387997e-12,4.6585240408857153e-07,0.9894364347590392,9.69265105313702e-09,4.46107770956958e-07,5.495025721594778e-07
14,5.234267583578715e-07,0.0019299124919777495,1.2833205964026386e-07,3.4738572796324097e-06,3.139637740288044e-08,0.0008927688490438808,4.96446191636288e-08,1.624982955436925e-05,8.146728074899196e-06,4.142030528377134e-07,7.918650930913266e-09,7.326002257337797e-07,2.2306426519633083e-10,3.037443046497751e-11,9.92576687199088e-07,1.4368411600335946e-05,0.0004278699860377183,5.605040614044874e-07,0.011070761205042893,4.624481408355995e-12,4.483381472164804e-07,0.9856317770296786,8.412269997654944e-09,2.9167830018857235e-07,4.823224366278121e-07
15,6.394204298001151e-07,0.0011254453713285025,1.1546085197918727e-07,2.8188593152333497e-06,2.2641372793433586e-08,0.0007241132895158735,7.614774846503144e-08,2.0159079486685454e-05,8.113719263021503e-06,4.863111302813159e-07,5.842984003253045e-09,9.716760335787445e-07,2.3183666658138105e-10,3.202187397568185e-11,8.499484541694914e-07,1.4065929623951575e-05,0.0005578525011120772,4.4884592985593664e-07,0.008150596211796585,3.8517856920832555e-12,4.633332653726222e-07,0.9893917524428174,9.633194011568352e-09,4.46731118240823e-07,5.463355178565351e-07
16,6.868663694669218e-07,0.0008221253924134881,1.7607448297090426e-07,4.388513050166109e-06,2.6149789002156895e-08,0.001001377066556979,1.172811775608713e-07,2.4397413390086404e-05,5.351358832669222e-06,5.022031688638823e-07,1.0227894595760145e-08,2.3489299643899498e-06,4.092621893046258e-10,8.017779553334374e-11,1.2656204030917839e-06,3.4673086197354875e-05,0.0007457325490680402,1.2179469290659012e-06,0.007803885000870057,9.06947783144383e-12,1.2568487590418124e-06,0.9895493786290477,1.505606070564795e-08,6.356534825374477e-07,4.3163358266411415e-07
17,1.0200304048291575e-06,0.0007568834958261576,1.4963585807720453e-07,3.199092741226734e-06,2.6302463224060135e-08,0.0003895403472313245,1.359197002280643e-07,2.154308051004014e-05,7.040970626795411e-06,4.2138079169075626e-07,7.464172040633368e-09,1.6247922478196425e-06,2.784333159721397e-10,5.6304635846936047e-11,6.657643507950702e-07,1.3169231085734594e-05,0.0007612929004953324,3.2827276483104587e-07,0.004647633209250242,4.406044366892014e-12,5.149060422363355e-07,0.993393548831071,9.801293876620123e-09,4.87969011004998e-07,7.56262917411927e-07
18,7.150459384708004e-07,0.0009827458926627414,6.06610654741528e-08,1.4651903305002336e-06,1.9675254723870096e-08,0.0003866617571694175,7.436585330496965e-08,8.514039301314568e-06,5.971045245749119e-06,3.3273882585158286e-07,3.976263412902684e-09,5.069840276569457e-07,1.1401820758271287e-10,2.9578565660305495e-11,4.853601200363504e-07,4.980659331126498e-06,0.0009425856847908572,2.935295516034762e-07,0.006481289545979695,2.200299188240588e-12,2.8217120897191856e-07,0.991181483841119,9.285365750849524e-09,4.431807343167521e-07,1.0752240627104067e-06
19,5.345289387601192e-07,0.0005641886861002429,1.2581608739712837e-07,2.281759924767334e-06,1.66168992223502e-08,0.0006371571458162491,8.945298462607823e-08,2.4329800103995905e-05,7.47466690178761e-06,7.118589092630298e-07,3.3968542813587504e-09,1.0063686702581492e-06,2.905195132735231e-10,1.492991176250526e-11,4.050953996338822e-07,1.2289759295935424e-05,0.000529578444800153,2.012576183476443e-07,0.005943425485321352,3.280307847862049e-12,2.9109448479052506e-07,0.9922750555251573,5.1803804644634255e-09,4.571102249812215e-07,3.706403965501603e-07
20,2.2129558458337192e-07,0.0011675458344587329,6.55859172618278e-08,1.7586044722036444e-06,9.330864545826301e-09,0.0005348964775921983,3.15406281653579e-08,1.7551647839219507e-05,4.899166679128057e-06,2.544697674613603e-07,4.583636138588615e-09,9.996300364488284e-07,9.846287837317352e-11,1.8113746090943552e-11,1.1831553557851416e-06,7.722263894727139e-06,0.0002600902113204702,3.348208712356463e-07,0.0038243758608786827,2.322368751373037e-12,4.414529757245167e-07,0.9941770832112965,5.80845765895903e-09,1.9963049046916228e-07,3.252980836696782e-07
21,9.534966124988342e-07,0.0012542189503226418,1.6150042928338308e-07,5.470726985881702e-06,3.030262759699888e-08,0.0006879176436572136,9.263744823058551e-08,2.358776401647974e-05,8.172546082530578e-06,4.7276407041465323e-07,1.4113900843665359e-08,1.697905880148365e-06,3.01275401944799e-10,7.74494349390735e-11,1.3982142178224972e-06,2.3123201663408197e-05,0.0005176232883922131,7.679306639581001e-07,0.007709621883320526,6.5935155596860315e-12,6.923876822110931e-07,0.9897629753759271,1.2948674095848517e-08,3.7418450354714094e-07,6.198476028706879e-07
22,6.509653407210211e-07,0.0007375505871212849,1.3991045164098576e-07,3.7866653097268893e-06,2.2539152662200432e-08,0.0005735213303650016,7.770354069514249e-08,1.994457138312707e-05,6.7201794517565086e-06,6.075462500901415e-07,1.032560341479013e-08,1.0337101457988709e-06,2.855800813819825e-10,3.2999610669926796e-11,7.932245407135955e-07,1.648227611215975e-05,0.0007978037640652552,6.396598117259596e-07,0.006585183310030235,6.414659458100204e-12,5.93185999403488e-07,0.991253621671947,1.0678477347180322e-08,3.5814850023365565e-07,4.477214057060015e-07
23,6.394204298001151e-07,0.0011254453713285025,1.1546085197918727e-07,2.8188593152333497e-06,2.2641372793433586e-08,0.0007241132895158735,7.614774846503144e-08,2.0159079486685454e-05,8.113719263021503e-06,4.863111302813159e-07,5.842984003253045e-09,9.716760335787445e-07,2.3183666658138105e-10,3.202187397568185e-11,8.499484541694914e-07,1.4065929623951575e-05,0.0005578525011120772,4.4884592985593664e-07,0.008150596211796585,3.8517856920832555e-12,4.633332653726222e-07,0.9893917524428174,9.633194011568352e-09,4.46731118240823e-07,5.463355178565351e-07
24,6.663797012196486e-07,0.0013120474651929829,1.1575973796752162e-07,3.843099305268404e-06,2.7287886110333313e-08,0.0006610157793519586,6.612474891551717e-08,1.7370019836064084e-05,7.255430376694596e-06,4.3706447097757823e-07,7.336025123873583e-09,9.862627598121594e-07,2.4359500780279206e-10,3.746358591547127e-11,7.706735736709897e-07,1.3334610917924574e-05,0.000492650232814042,4.751765284138697e-07,0.007433609348567312,4.558776764508452e-12,4.1048231990721543e-07,0.9900539822880503,8.623438230683361e-09,3.4576814992207855e-07,5.745006299269466e-07
25,1.549639807705294e-06,0.0007289855691985611,2.470183897750291e-07,5.309800991845442e-06,3.275870584005294e-08,0.00042062032186123533,1.5026519664632788e-07,5.2417818513197836e-05,9.554607399362698e-06,9.654589670290937e-07,2.078294331397078e-08,2.283468881164438e-06,6.739464810425633e-10,7.639421447196003e-11,1.2381896604171132e-06,1.9404537131469147e-05,0.0009027132372225902,6.22586522842708e-07,0.005976443885863611,1.1375442397267123e-11,5.745525595582176e-07,0.9918756194784928,1.2310277625521218e-08,5.407544828728554e-07,6.921952144147527e-07
26,1.2236544116272266e-06,0.0012312832948350263,1.1856596192001886e-07,2.9536486984997073e-06,3.5346704579983315e-08,0.0011172965210844996,1.273637788571527e-07,2.495080841188771e-05,1.7698735235872766e-05,8.561518265161167e-07,5.02326985865607e-09,6.095996298310528e-07,3.720758937514528e-10,2.90055544192778e-11,7.239611110556642e-07,1.566805089703258e-05,0.001092424249135688,6.75623088041113e-07,0.01476757736524317,4.903753244720344e-12,4.7107302285295503e-07,0.9817234645929296,1.927113836686525e-08,9.506738602043515e-07,8.66019739750853e-07
27,4.2359363281707857e-07,0.0012785681206927133,6.658239368116349e-08,2.081330376584066e-06,1.4938718685110647e-08,0.0005456954923141724,4.505889963299588e-08,1.6053919037656412e-05,8.384619068977357e-06,3.396047786146622e-07,4.4214570309503e-09,6.321858236730319e-07,1.119425078386021e-10,1.7415911515815162e-11,7.674362941889376e-07,7.438560287861871e-06,0.00033811403771385974,2.491989418212007e-07,0.006066912988398472,1.957168981083008e-12,2.439467653835033e-07,0.9917332037342523,5.9547303326805075e-09,2.301357255446473e-07,5.240083803587117e-07
28,6.394204298001151e-07,0.0011254453713285025,1.1546085197918727e-07,2.8188593152333497e-06,2.2641372793433586e-08,0.0007241132895158735,7.614774846503144e-08,2.0159079486685454e-05,8.113719263021503e-06,4.863111302813159e-07,5.842984003253045e-09,9.716760335787445e-07,2.3183666658138105e-10,3.202187397568185e-11,8.499484541694914e-07,1.4065929623951575e-05,0.0005578525011120772,4.4884592985593664e-07,0.008150596211796585,3.8517856920832555e-12,4.633332653726222e-07,0.9893917524428174,9.633194011568352e-09,4.46731118240823e-07,5.463355178565351e-07
29,6.394204298001151e-07,0.0011254453713285025,1.1546085197918727e-07,2.8188593152333497e-06,2.2641372793433586e-08,0.0007241132895158735,7.614774846503144e-08,2.0159079486685454e-05,8.113719263021503e-06,4.863111302813159e-07,5.842984003253045e-09,9.716760335787445e-07,2.3183666658138105e-10,3.202187397568185e-11,8.499484541694914e-07,1.4065929623951575e-05,0.0005578525011120772,4.4884592985593664e-07,0.008150596211796585,3.8517856920832555e-12,4.633332653726222e-07,0.9893917524428174,9.633194011568352e-09,4.46731118240823e-07,5.463355178565351e-07
30,6.394204298001151e-07,0.0011254453713285025,1.1546085197918727e-07,2.8188593152333497e-06,2.2641372793433586e-08,0.0007241132895158735,7.614774846503144e-08,2.0159079486685454e-05,8.113719263021503e-06,4.863111302813159e-07,5.842984003253045e-09,9.716760335787445e-07,2.3183666658138105e-10,3.202187397568185e-11,8.499484541694914e-07,1.4065929623951575e-05,0.0005578525011120772,4.4884592985593664e-07,0.008150596211796585,3.8517856920832555e-12,4.633332653726222e-07,0.9893917524428174,9.633194011568352e-09,4.46731118240823e-07,5.463355178565351e-07
31,1.2651780619824385e-06,0.0012274947630184297,2.673349039671655e-07,3.3233937587820865e-06,2.705337567908045e-08,0.0006329001743439963,7.725111110774157e-08,5.925539187748482e-05,1.0690111710992117e-05,6.806714122591676e-07,7.677627948821583e-09,1.4223459946160584e-06,6.10712135354619e-10,3.719897708489103e-11,1.0495853691205561e-06,2.152299091989004e-05,0.000831909800136825,5.242944393692396e-07,0.012933108853511692,6.701527881513837e-12,6.133918802405916e-07,0.9842727346729921,8.799315938402012e-09,6.533736395325125e-07,4.6223598516302365e-07
32,6.755702327589431e-07,0.0012650201779008708,1.2248428727826163e-07,2.7427742252874574e-06,2.402011758616251e-08,0.0007650896650506073,6.923457959002663e-08,1.9825258458129767e-05,8.279045792424431e-06,4.927411006157691e-07,5.580095944033733e-09,8.734996073754768e-07,2.448254061619544e-10,3.118775780439617e-11,8.255332012441109e-07,1.4202073470157728e-05,0.0005819755689857615,4.58682466263553e-07,0.009943891614362908,3.830226649944863e-12,4.5114769889997026e-07,0.9873939537119587,9.329537258080716e-09,4.6851162677225415e-07,5.434954001091111e-07
33,1.94105485777088e-06,0.003118028706834214,7.398845478737053e-07,1.657979948947713e-05,1.9586180656090394e-07,0.0008609117684389439,1.5053427566826546e-07,9.627222369017405e-05,0.00019471111929900787,3.7654843083630456e-06,6.678006085060081e-07,7.337754759429681e-06,2.1844429668888534e-10,3.3845665236389184e-10,4.479254377518132e-05,1.3747552320326228e-05,0.00031865632997067243,7.788144720257494e-07,0.002682715016314238,4.355656114349985e-11,3.4924527610094106e-06,0.9926279279250624,1.6645058497131117e-07,1.1852508768663814e-07,6.3017962778445455e-06
34,9.171919003743902e-06,0.0020956074725779024,5.269539817289632e-07,6.954223354262322e-06,1.1318230053385235e-07,0.0005287984778292715,1.262674039893665e-07,6.252657391607243e-05,2.3528363459540377e-05,1.3200660444505664e-06,2.777651136335201e-08,1.0339416470516059e-06,1.1898996381855988e-09,1.312064487443975e-10,1.3949718970801765e-06,2.84840515566007e-05,0.0015746031727458102,8.596579210402471e-07,0.04415013926169563,1.0883223340384147e-11,5.074937606323024e-07,0.9515122922330783,1.397803083638661e-08,8.379156208720288e-07,1.1307136738853078e-06
35,8.114044743531159e-07,0.001238452058789758,7.802549928553847e-08,2.308486199332464e-06,1.6076930550421987e-08,0.0004297175576852009,3.7088686919818635e-08,3.350031719969008e-05,1.6507115046190693e-05,3.780220073703663e-07,4.134719332922342e-09,4.377270282604356e-07,1.502332679106106e-10,8.859028511737432e-12,5.381166153963386e-07,7.114231385521446e-06,0.00037761202972754095,1.7983392362125108e-07,0.008325246772959179,1.6689658583731827e-12,1.436353878748567e-07,0.9895663365347568,3.5031257477323584e-09,1.6639207609002047e-07,4.107750149938064e-07
36,3.5155935703334885e-07,0.0005212527088279637,6.199723826386026e-08,1.636981981789515e-06,9.095433711189858e-09,0.0003681612413571772,5.907867280446805e-08,1.694372481182761e-05,4.18838343627116e-06,2.548409857949897e-07,3.6488464902440184e-09,1.250864860723035e-06,1.2633269391181436e-10,2.16706756698922e-11,5.130422014254789e-07,8.30662600677424e-06,0.0004905318126962337,2.650124204272339e-07,0.0032551000381971463,2.2590711713607012e-12,3.0106572460044496e-07,0.9953301661091482,4.549573223442645e-09,2.562932273512801e-07,3.811747323647824e-07
37,1.6646988871943318e-06,0.0010531846083890119,2.2834411807778203e-07,3.908746721518467e-06,4.512145689059441e-08,0.0009458435665125672,2.229844139027088e-07,1.7907117884345145e-05,5.967500744894551e-06,6.418341672992844e-07,7.983472170178333e-09,2.0346572707512598e-06,5.508443453389555e-10,1.6701805382159026e-10,9.847521738789552e-07,3.106913667835829e-05,0.0014332789001395357,1.0632814043795016e-06,0.012838423020264217,8.568513999110791e-12,1.2807113610657892e-06,0.9836593832907274,2.5792379241803076e-08,1.7944778207801662e-06,1.0387465817182829e-06
38,5.048482827539155e-07,0.0010264098859884686,1.1086405753850838e-07,2.7800699196712034e-06,1.980505062601216e-08,0.0010359369066168791,8.053886519041365e-08,1.8311075547559468e-05,7.07178111937749e-06,4.6337839108856386e-07,5.237363138124794e-09,1.1007383964134692e-06,2.2839431554996353e-10,3.235338494285613e-11,9.250256675932527e-07,1.8789461281597693e-05,0.0005323338495023627,5.696008253515796e-07,0.008570447705981074,3.9390048658752e-12,6.334002204721844e-07,0.9887825585116804,1.1046113918032934e-08,4.983982732783595e-07,4.3760616870387483e-07
39,2.6354839563094913e-07,0.0008667084308302257,1.0321761196002756e-07,1.7814922435620417e-06,1.181384795119032e-08,0.0008830404254280976,4.61145022489254e-08,1.8316561183346783e-05,5.418770047566062e-06,2.513336190148519e-07,2.3147544633121384e-09,9.847764794956123e-07,1.578787637731486e-10,1.2805653877481269e-11,5.840551555647874e-07,1.6751586674755284e-05,0.0004446092042210088,3.4395754681813023e-07,0.006515668368372952,2.402115403976854e-12,6.700462082472633e-07,0.9912438652993167,6.050230128278608e-09,3.380063970293198e-07,2.34453846668911e-07
40,1.0991092049640388e-06,0.0018763825563452114,2.305998232704714e-07,2.344533978975009e-06,4.973024174412378e-08,0.0003483837327590562,7.900800204978759e-08,1.5486811972347524e-05,5.898897453505921e-06,3.200186447003823e-07,1.0666652437591278e-08,1.6414542445193471e-06,2.5515141487686464e-10,1.0649565922345185e-10,1.1548146389746066e-06,1.0884189095023556e-05,0.0006135297242417056,3.4912814343584603e-07,0.00929170348825068,4.49642854048108e-12,5.326312701814169e-07,0.9878284821764881,7.977215500990903e-09,4.1681345659546864e-07,1.0115717335695035e-06
41,1.216894639355908e-06,0.0043420325526763726,2.2640078527279416e-07,9.332619560844226e-06,8.365407599576117e-08,0.0010201941072452531,5.4178504907397596e-08,5.424326637691399e-05,3.0299392672698687e-05,7.090937355450423e-07,2.4473136664525336e-08,8.117607624344018e-07,4.26571060793614e-10,5.261355470293205e-11,2.5098034331839956e-06,2.685082246532262e-05,0.0002892270265592741,8.987844046037238e-07,0.019918001623761773,8.173116713457814e-12,3.8474632796292475e-07,0.9743020867260499,9.905591741461138e-09,2.1394978400097442e-07,5.877300921135138e-07
42,0.00030535764601107306,0.0030967072628846504,2.3856324196601076e-06,5.817338903398623e-05,1.8338692835544578e-05,0.007939848601823825,8.485836950438827e-05,6.063393078769121e-05,0.00012853127796767249,0.0001579474754134195,4.088851937581562e-06,6.05892042501303e-05,3.739349156348824e-08,1.2099248136500425e-06,0.00010778570619859416,0.00012123341331333269,0.04495486518346012,0.00015297730808408645,0.056497665045065905,4.007250671136176e-09,3.182353165211371e-05,0.88488834038572,3.535020724952567e-05,0.0003584529839611223,0.0009327945748699509
43,3.5722954889995576e-07,0.000641100251865067,1.1030678177566884e-07,2.1464399992996636e-06,1.4877470021727564e-08,0.001065509294290676,6.310291898976505e-08,2.0943700810978716e-05,6.872323927275559e-06,6.297785728702922e-07,2.4244039955971253e-09,7.275686318677488e-07,2.4844789917534214e-10,1.050531740870355e-11,4.797960444894607e-07,1.629774701033073e-05,0.0006044677969040323,3.4240750194095386e-07,0.0079735919130119,3.2616835816226567e-12,5.982600015122835e-07,0.9896649950484002,7.149946109360404e-09,5.081431202043629e-07,2.3417662268265466e-07
44,6.394204298001151e-07,0.0011254453713285025,1.1546085197918727e-07,2.8188593152333497e-06,2.2641372793433586e-08,0.0007241132895158735,7.614774846503144e-08,2.0159079486685454e-05,8.113719263021503e-06,4.863111302813159e-07,5.842984003253045e-09,9.716760335787445e-07,2.3183666658138105e-10,3.202187397568185e-11,8.499484541694914e-07,1.4065929623951575e-05,0.0005578525011120772,4.4884592985593664e-07,0.008150596211796585,3.8517856920832555e-12,4.633332653726222e-07,0.9893917524428174,9.633194011568352e-09,4.46731118240823e-07,5.463355178565351e-07
45,5.934608825047738e-07,0.0009475249529204991,1.2854535173663935e-07,2.5880602758988593e-06,2.0308482189843443e-08,0.0008599298619163411,8.345523344686547e-08,3.11071614093921e-05,8.700556828649251e-06,5.81761484298259e-07,5.091288764846603e-09,1.115476476648869e-06,2.962057735696337e-10,2.708330383291583e-11,8.998952256186944e-07,1.7338352312927332e-05,0.000548643959629098,4.62096157593734e-07,0.008766547604946313,4.2611157814586855e-12,4.889003807685115e-07,0.9888123095968616,8.10123644134807e-09,5.17707604802716e-07,4.047655444028606e-07
46,7.870957361116444e-07,0.014615457365644872,2.2741652402779703e-07,5.7808082306775994e-06,1.3867636484278276e-07,0.0020374392166593383,8.982911699614412e-08,4.34015673714935e-05,4.446285759466129e-05,6.945473679501913e-07,4.9047905655511376e-08,1.7363915941399773e-06,2.5970786957312724e-10,3.373515255510851e-10,2.3674133646226485e-05,3.032745430872925e-05,0.00015911502345602462,2.647595181509524e-06,0.026706816514310713,1.058190865733121e-11,1.001624975972455e-06,0.9563234502159599,4.8872904151781236e-08,4.944427578831776e-07,2.15869474674033e-06
47,9.287098178181219e-07,0.0005158868691361806,1.458350086471453e-07,2.489428746977847e-06,1.4317487060051234e-08,0.0005668175539629659,8.635208546138748e-08,2.0258311353577474e-05,5.129658859193259e-06,4.459873425316545e-07,2.4588879813544066e-09,9.633092382773067e-07,3.11753922716768e-10,1.7677393742408162e-11,2.4882466453810103e-07,1.7045658148246145e-05,0.0008474139097033095,2.1328159762389118e-07,0.008430612531269598,2.576029483797371e-12,3.64398056342555e-07,0.9895900203568132,4.842122935164954e-09,5.888137686834701e-07,3.1825992128973765e-07
48,7.345713023168877e-07,0.0009017458202861857,1.1787995664984646e-07,1.780041626395341e-06,1.906443637063852e-08,0.0008192262951761871,7.425726867652488e-08,2.044098011377058e-05,6.900365353412101e-06,6.104426115097037e-07,2.6046444116097793e-09,6.269944561944766e-07,2.974471979626133e-10,1.8840354353164272e-11,4.490111152235806e-07,1.2797673361005517e-05,0.0009390664054968864,3.5159341010544964e-07,0.013432220348627054,3.0817938106504784e-12,3.798984458481521e-07,0.9838611719539527,7.4484700594015504e-09,8.212038387574952e-07,4.548266812650572e-07
49,2.7428476850044456e-07,0.0007960730873996669,8.577504564284605e-08,1.8206514714843913e-06,1.183858127372872e-08,0.0005744262410913626,4.515853769020753e-08,1.4827889834549585e-05,5.155094886122564e-06,3.082225508489214e-07,2.8323261483550826e-09,8.233529355535675e-07,1.3558939023012769e-10,1.1714117075591767e-11,4.618341619455394e-07,9.357199957543416e-06,0.00034548221028397956,2.0075896683878222e-07,0.004753337662906562,2.1742474248321232e-12,3.133938319838498e-07,0.9934964563116956,4.204265767249921e-09,2.4261692940341094e-07,2.8922809391890567e-07
50,6.933151572843176e-07,0.0010854285426356155,1.2055969521770178e-07,2.8786433935398946e-06,2.3308799208776214e-08,0.0007225923407731687,8.173984389879388e-08,2.133703769209858e-05,8.269535534075593e-06,5.247602708338075e-07,6.013617538094223e-09,1.0018931971122447e-06,2.5164746891923725e-10,3.3613668615248304e-11,8.461026233332768e-07,1.4485069644469016e-05,0.000589318180912534,4.5332977847807883e-07,0.008372264396293464,4.044182480943685e-12,4.6237614728605657e-07,0.9891781622092819,9.795303266683701e-09,4.796403316946453e-07,5.609197687105984e-07
51,1.0371597951571592e-07,0.002590797677146133,3.0028913438283605e-08,2.868264847613318e-06,5.111314300148636e-09,0.0002930371665700527,7.626163215844156e-09,9.779458350788744e-06,3.950156327282181e-06,8.261626456636437e-08,4.782121949255592e-09,4.1886945735498874e-07,2.735262336779015e-11,7.784880003508906e-12,9.72721423148928e-07,3.2704463946452104e-06,7.126279484764767e-05,1.5030597928682494e-07,0.0020740468849140136,9.72185225313659e-13,1.5004766668622155e-07,0.9949487863937411,2.2168346243837545e-09,3.126755853842613e-08,2.4141107419493364e-07
52,7.280524093496571e-07,0.001040915841684528,1.0895626986225493e-07,3.7865735145335123e-06,2.573173805666881e-08,0.0011075236609811665,7.769169660225215e-08,3.4038679508834964e-05,1.0636536351356342e-05,9.800659188401391e-07,8.683819335323825e-09,1.126458338795808e-06,3.602128913828941e-10,3.5273386304435774e-11,1.3009412501852212e-06,1.759831784138837e-05,0.00045102290955031764,7.489970633330693e-07,0.010573506170390285,6.0881532629074575e-12,4.158922572993118e-07,0.9867545209143067,9.498355929251041e-09,4.700417773498383e-07,4.489834016302257e-07
53,6.021460973259077e-07,0.0006821061893862514,1.2952299596464548e-07,4.500971384551029e-06,2.7732012985571062e-08,0.0009118743257136786,2.129177498396826e-07,1.9349222559277276e-05,8.579521756259197e-06,5.883660583200508e-07,1.061295546361694e-08,2.0697348439510216e-06,3.1116670977345854e-10,6.614918141521864e-11,1.1368771179751526e-06,2.415243995220858e-05,0.0007263328036449229,9.069454594582497e-07,0.004064959577388962,8.550449695872136e-12,1.0395906684791521e-06,0.9935500156071598,2.648689261427242e-08,6.466357638274131e-07,7.313865715341036e-07
54,3.2558726670078607e-07,0.002117649431745911,4.61899273790689e-08,1.5128974240521814e-06,1.2272050710157032e-08,0.0005130136037904195,3.3528976677467064e-08,8.754518660848619e-06,5.713383529908829e-06,1.8003267961420443e-07,2.964095401867995e-09,5.290341557161525e-07,5.4196784882176564e-11,2.2726402815608798e-11,8.662204010030534e-07,5.209252395298439e-06,0.00023838472800506448,1.8440253805661656e-07,0.00597230758583321,1.0484609997661916e-12,2.2018759670921296e-07,0.991134113756338,5.2683725076997305e-09,2.1694409030018064e-07,7.181321549764597e-07
55,5.983334477306917e-07,0.0006166763193584461,1.2729423208908772e-07,2.695772254337397e-06,2.4390608618318504e-08,0.0009167458796130158,1.3644727554577493e-07,3.45315601982074e-05,9.71854335679831e-06,4.7057424791045386e-07,4.671119613848955e-09,2.7876407493867198e-06,3.9145703916458817e-10,4.017613826091558e-11,7.414219591099177e-07,2.4466645661192418e-05,0.0005349339948101423,5.863528218421341e-07,0.005619749895623024,5.6727488184131545e-12,5.664158590525921e-07,0.9922333981218051,9.28248435504173e-09,5.701321967332953e-07,4.5987301205871105e-07
56,6.957682507813726e-07,0.001084122647251615,1.2628841527577947e-07,2.976104550573556e-06,2.3852505169386836e-08,0.0007692704473961378,8.25179527176785e-08,2.276338937689068e-05,8.54749448071351e-06,5.547791049658325e-07,5.97377356529431e-09,1.0248852865977612e-06,2.799435130424735e-10,3.298466861289365e-11,8.327431418537089e-07,1.5240154071305959e-05,0.0006004347178444902,4.6763493530117847e-07,0.008666163369435782,4.37878651288416e-12,4.723366037280584e-07,0.9888251403915379,9.822719735505829e-09,4.981314697763166e-07,5.462325878990305e-07
57,4.431074148858493e-07,0.0007426658271285447,2.0139053359913892e-07,1.8570318092751678e-06,2.2449800681269303e-08,0.000608937587302373,7.562044429993605e-08,2.0696566869762854e-05,6.5671487226166685e-06,4.786174804898247e-07,3.6212108680261606e-09,1.2964318541060635e-06,2.911617673131956e-10,1.907569362425537e-11,4.917067119410664e-07,1.581906027855236e-05,0.0005606843705038356,2.3134601785122983e-07,0.007041522434714965,3.802908358262725e-12,4.984961702677472e-07,0.990996725651046,5.495992694610004e-09,4.346729161392509e-07,3.4105103598271656e-07
58,6.948743147083641e-07,0.0010388194951329221,1.2664223481215992e-07,2.5278866551550625e-06,2.3360549191306807e-08,0.0008371999521068107,8.938612126634357e-08,2.196435871013756e-05,7.860479333621532e-06,6.06204065777539e-07,4.692905558644269e-09,1.0181532300861234e-06,3.0259670560804534e-10,3.2999652201864377e-11,7.686787246402602e-07,1.5062501254895202e-05,0.0006801324941436806,4.7288681300549415e-07,0.00949692207661506,4.315838006350376e-12,4.994475895647329e-07,0.9878939508877741,1.0538978650687653e-08,6.87639794455523e-07,5.570230394527341e-07
59,6.792110958808428e-07,0.0010224245545889699,1.4083617406704353e-07,2.603893751643405e-06,2.369211325160165e-08,0.0007734298747658008,8.932665723117488e-08,2.237287757863208e-05,7.678587161089718e-06,5.721486354457188e-07,4.9366721385209155e-09,1.0716738281942723e-06,3.081074212085418e-10,3.268946406218503e-11,7.495409506082714e-07,1.5610768904864988e-05,0.0006719977621487858,4.44784779765175e-07,0.008940650928876921,4.5056226790252926e-12,5.153915321361708e-07,0.9885377610916402,9.996063398649634e-09,6.356826779509576e-07,5.320941005117932e-07
60,6.394204298001151e-07,0.0011254453713285025,1.1546085197918727e-07,2.8188593152333497e-06,2.2641372793433586e-08,0.0007241132895158735,7.614774846503144e-08,2.0159079486685454e-05,8.113719263021503e-06,4.863111302813159e-07,5.842984003253045e-09,9.716760335787445e-07,2.3183666658138105e-10,3.202187397568185e-11,8.499484541694914e-07,1.4065929623951575e-05,0.0005578525011120772,4.4884592985593664e-07,0.008150596211796585,3.8517856920832555e-12,4.633332653726222e-07,0.9893917524428174,9.633194011568352e-09,4.46731118240823e-07,5.463355178565351e-07
61,7.062409342280148e-07,0.0010605096762009373,1.3905140832887985e-07,2.5629311505636824e-06,2.465473795871022e-08,0.0007564330081385352,8.806823155937224e-08,2.133286311208938e-05,8.022913540326477e-06,5.573843524149487e-07,5.236864844545861e-09,1.0438091527049942e-06,2.872605146446719e-10,3.373443909761708e-11,7.851644739938676e-07,1.5208554226863063e-05,0.0006636206244317891,4.3865732686208814e-07,0.009156349541637064,4.247403925191107e-12,5.12377302694099e-07,0.9883104921304331,1.0155618590333623e-08,5.971545664784935e-07,5.594769159484091e-07
62,6.394204298001151e-07,0.0011254453713285025,1.1546085197918727e-07,2.8188593152333497e-06,2.2641372793433586e-08,0.0007241132895158735,7.614774846503144e-08,2.0159079486685454e-05,8.113719263021503e-06,4.863111302813159e-07,5.842984003253045e-09,9.716760335787445e-07,2.3183666658138105e-10,3.202187397568185e-11,8.499484541694914e-07,1.4065929623951575e-05,0.0005578525011120772,4.4884592985593664e-07,0.008150596211796585,3.8517856920832555e-12,4.633332653726222e-07,0.9893917524428174,9.633194011568352e-09,4.46731118240823e-07,5.463355178565351e-07
63,5.517660039502565e-07,0.0013739386977422825,9.980306210585961e-08,2.621840028791354e-06,2.1263163297951293e-08,0.0007213203973848984,6.047956369429115e-08,1.755304710949612e-05,8.17166113095119e-06,4.1101524843816316e-07,5.435396178776856e-09,7.983680717766798e-07,1.8424046250118503e-10,2.7711983451802553e-11,8.764172774072004e-07,1.175960381492346e-05,0.0004800648227550442,4.1655090464029524e-07,0.00816203569358581,3.2693962146265525e-12,4.1803143159256535e-07,0.9892179385505961,8.985418457972748e-09,3.7193187347891125e-07,5.55423214826276e-07
64,5.303704278537387e-07,0.0010377827397527648,1.35537865939095e-07,2.5361591932531867e-06,2.117552414076326e-08,0.0007139982021572237,7.33541167512707e-08,1.7251423176402128e-05,6.765934175493176e-06,4.1623350976127185e-07,5.086867092649195e-09,1.0776077937656905e-06,2.2012886509793426e-10,2.963071213322181e-11,7.966524449262164e-07,1.5259685269242864e-05,0.0005904380073916016,4.123785488104603e-07,0.007232666854025649,3.76832624245893e-12,6.653198540530851e-07,0.990378232507487,1.0165618585180312e-08,4.52425235611213e-07,4.7192603609933456e-07
65,3.681034459685268e-07,0.001460804859656224,9.04873456390325e-08,2.269483956880245e-06,2.002936340265775e-08,0.0008975110657060035,6.503783336120365e-08,1.1124294896961289e-05,6.087753547037787e-06,2.766014049011363e-07,3.870635212430342e-09,9.064665079302649e-07,1.434517432903919e-10,3.269389951911827e-11,8.840629427474838e-07,1.3015762280648175e-05,0.0005109380647298566,5.343461201857918e-07,0.006893045824017035,3.2785134656982077e-12,7.295053408473707e-07,0.9902002370517555,1.3259159763265092e-08,4.685750207623464e-07,6.053149086636795e-07
66,6.722505738440972e-06,0.0005418803210774219,1.36718019625364e-06,7.598740745945345e-06,2.3794061836379678e-07,0.0013157952126466347,6.86529647962309e-07,7.25433130447399e-05,2.4035185027009698e-05,3.786889790209055e-06,1.2644634376500423e-08,1.8297041682708402e-06,5.2668128492510715e-09,7.886151925829391e-11,3.292505970746509e-07,8.664376051499724e-05,0.0036254948197908744,6.552382943962043e-07,0.0399158412116829,3.005582084571087e-11,8.351234022477349e-07,0.9543902570126571,1.452848721418617e-08,2.7426170173971225e-06,6.848944899531773e-07
67,3.34439868000188e-07,0.001191505866068887,7.614398695795874e-08,2.221582640957647e-06,1.4702987349508712e-08,0.0008682869825108087,6.10457727628576e-08,1.1120162852512395e-05,5.346691574032647e-06,2.955379704967733e-07,3.823241710405537e-09,8.798051026452519e-07,1.3900047082466008e-10,2.7187760959478488e-11,7.929895339540261e-07,1.1737489654812358e-05,0.000500154018767999,4.910545590889271e-07,0.006112176284205074,3.0589728413306062e-12,5.893550974530594e-07,0.9912929153200992,1.1930407035165685e-08,4.319723910896224e-07,5.526314598808846e-07
68,4.0709636470708773e-07,0.0009492319694897975,9.739841177516765e-08,2.4501020603988842e-06,1.7136824855599465e-08,0.0008247755853062694,7.016898772437328e-08,2.063115915585415e-05,6.294509825319033e-06,4.1751577439206923e-07,4.875846731299202e-09,1.2244894303680564e-06,2.0997980605661698e-10,2.6858642545336283e-11,9.12336928503877e-07,1.391428929992321e-05,0.00046704828104158656,4.940968404888442e-07,0.005923871769772497,3.981324889284361e-12,5.68505462255102e-07,0.9917867217522853,9.002697747243533e-09,4.154850301543908e-07,4.222323436334648e-07
69,3.353621119501898e-07,0.0010918953454904855,5.489513907974726e-08,4.141475259064871e-06,1.8033720554891527e-08,0.0004745589611759048,4.6890900386210695e-08,1.7169904211597223e-05,1.0526016253641427e-05,3.773644570946738e-07,2.4789780125208326e-08,9.85105297414896e-07,1.1023389008455095e-10,2.705771974721053e-11,2.0531683575083366e-06,6.639743902148687e-06,0.00033350594844618514,8.106956375476898e-07,0.002392691509681254,5.790959040216589e-12,4.881729399877302e-07,0.9956629271216172,1.47261907761821e-08,9.120155688950908e-08,6.434247906609052e-07
70,4.537755637469681e-07,0.001041921284310343,1.1798828928958636e-07,3.909993109706929e-06,2.101179742773151e-08,0.00084018748604611,7.568699847639902e-08,2.0101343255503563e-05,9.144546616850664e-06,4.3748879651999226e-07,6.472018036944363e-09,1.025312359486679e-06,2.0373788898920907e-10,2.2760036759195836e-11,7.897428862823941e-07,1.7448571766833108e-05,0.0003571340163638343,3.8864318691571587e-07,0.005986361195242473,3.8869698912728555e-12,4.4437207237152226e-07,0.9917193472095971,8.222296450622511e-09,2.7080021330328845e-07,4.0460682819362935e-07
71,6.984512076624227e-07,0.0010481478604072421,1.2078714335604204e-07,2.881415744962621e-06,2.3906438748453645e-08,0.0007431970410392352,8.751937328402526e-08,2.1445395345983522e-05,8.538274843054462e-06,5.390079091930926e-07,5.8407317898732104e-09,9.999663365333644e-07,2.5762929616912196e-10,3.3049417827933745e-11,8.143085799499133e-07,1.4741326083085167e-05,0.000602383210831806,4.494520426933391e-07,0.008300920965385606,4.0944124913662046e-12,4.6291228544180173e-07,0.9892524707056465,9.961894567311268e-09,4.972412381154093e-07,5.641547179265513e-07
