,0,1,2,3,4,5,6,7,8,9,10,11,12,13,14,15,16,17,18,19,20,21,22,23,24
0,0.004478975882637009,0.11346386761784635,1.114830355733262e-06,0.0006353937124021532,0.00018068806291881193,7.003955759794507e-05,0.0005212711555036129,0.0022288396116249593,0.0011428504189983288,1.6498346951931842e-05,0.08574333731861737,0.009913061492220002,0.00016436121500017467,0.000650903469142798,0.018855427237412573,8.716701378173781e-05,0.007659603592603614,4.74402072385059e-06,0.008509104268312077,1.9798888933457543e-08,2.397104136252232e-05,0.7430906421535369,1.3319688920117428e-06,1.8537730733867093e-06,0.002554932439595305
1,0.002514586893447487,0.07405905177759065,1.0453197265725095e-06,0.0004118907559788062,0.00010886087357353499,0.00012335094932714783,0.0004326960540362984,0.002026628899956295,0.003223377679842388,4.293961525940441e-05,0.05273930649169907,0.004513651964563285,0.00014854052488350985,0.0009211660388412712,0.023315630939081552,8.646366470759002e-05,0.0023652039535162375,5.311283902145144e-06,0.012131961808907386,3.080503422315156e-08,2.0513927184350562e-05,0.8178179699771547,1.2903835512379797e-06,1.8910200338240725e-06,0.0029866383982010665
2,0.0019243188496187423,0.07318604624741143,7.172067179026665e-07,0.00029018246964439916,0.00011531947073995094,7.439094669482469e-05,0.0002630487315241055,0.0017088044491625183,0.002338075867965657,2.7467846704356218e-05,0.059533156733357705,0.00473110982154446,9.297950691364883e-05,0.0011465617809532356,0.02460231892074411,4.733672774148569e-05,0.00210796405174386,2.983229200906827e-06,0.006016914844026106,2.4143077413278487e-08,1.3571495466640156e-05,0.8185090149449376,8.609160168509824e-07,1.1987917484945362e-06,0.0032656320063435347
3,0.002614122443725689,0.07489158359119363,7.360477307943984e-07,0.0003389942030009068,0.00010083794923122754,8.460509131042764e-05,0.0003179393231096156,0.001687197740357141,0.00188023760611973,2.364949046213249e-05,0.06211943601026491,0.004768522391728928,0.00011587678830787027,0.0007761610065974026,0.019604002427708298,5.103759124220295e-05,0.002694592629458424,3.6653141399824977e-06,0.007603443576053453,1.9452050199444496e-08,1.5756694804686858e-05,0.8178733674886233,9.690038873532637e-07,1.2361205239297393e-06,0.0024320100183679253
4,0.0024442246238210886,0.07564605701658395,7.205092066681753e-07,0.0003169067806333714,9.94005633835858e-05,6.836312311390555e-05,0.00031714771658955586,0.0015978471861228527,0.0018568474749207247,2.2350089676672912e-05,0.05910556823026062,0.004579964813265322,0.00012997151525997525,0.0008499333889182224,0.016521650404732937,4.423660312904159e-05,0.002391496925932376,3.7167533428768833e-06,0.007319991469687561,2.0334882293658387e-08,1.6891878653188234e-05,0.8244485043117866,8.576528739832512e-07,1.2474754158644511e-06,0.0022160831578067063
5,0.0033272127734959,0.08673393188581677,1.0658680149404855e-06,0.0005618657167501798,0.00014436601564948452,0.00010883500040070601,0.0003804276050284565,0.0020811382591219983,0.0024208346357421345,3.568672316542883e-05,0.0716871261800301,0.004815389233691189,0.0001573293339474938,0.0010751631123599534,0.019190610236412862,6.0064317683602555e-05,0.003276888075979217,7.312561081308353e-06,0.009824490367936933,3.051750116600981e-08,2.3346040494626095e-05,0.7917554468710765,1.6607159143895947e-06,1.8377669096608385e-06,0.002327940185794951
6,0.002614122443725689,0.07489158359119363,7.360477307943984e-07,0.0003389942030009068,0.00010083794923122754,8.460509131042764e-05,0.0003179393231096156,0.001687197740357141,0.00188023760611973,2.364949046213249e-05,0.06211943601026491,0.004768522391728928,0.00011587678830787027,0.0007761610065974026,0.019604002427708298,5.103759124220295e-05,0.002694592629458424,3.6653141399824977e-06,0.007603443576053453,1.9452050199444496e-08,1.5756694804686858e-05,0.8178733674886233,9.690038873532637e-07,1.2361205239297393e-06,0.0024320100183679253
7,0.004315825507302577,0.046523910518463156,5.262580622798916e-07,0.00020262337430315808,4.718168370248035e-05,4.417492578670029e-05,0.0002784724773443512,0.0014938086921344803,0.0007445590218180439,9.63495030385135e-06,0.06809024491867999,0.0030590705641823416,0.00018756611632735648,0.0002698200080234911,0.0102100602465566,2.333805316390316e-05,0.0015010209640956963,2.9866004736741987e-06,0.006025032458984355,1.0263287287819504e-08,1.0795572093876757e-05,0.8562104242656616,3.0312320724892595e-07,4.95160634677495e-07,0.0007481142754067802
8,0.004594818379266296,0.13871351618441688,2.487862517557874e-06,0.0006906118435588098,0.00018445616036934936,0.00012229572130602776,0.00020763340292125507,0.0014226163826976663,0.0036070536889880505,6.440150102631364e-05,0.05829652305549944,0.007239841884379252,0.00014099367939100012,0.001681042571835278,0.031559208818634325,0.00010274608014730662,0.005580151951549644,3.912702157279216e-06,0.005139353985603323,4.289182526938703e-08,1.5019570341430759e-05,0.7336049357956352,2.79157415195375e-06,5.2272304296275225e-06,0.0070183170813515995
9,0.002411164971937665,0.16602927737576265,2.4026026481740402e-06,0.0006729460323179654,0.00015233275425781577,0.0001085691484700777,0.00021693604750841816,0.0018209219646589767,0.0043350222848760785,0.00011200797451265882,0.044214641415888066,0.00576214802846702,0.00014240933991216932,0.0025723567548412824,0.029795833998559087,0.00013775971115040716,0.004560486071940873,4.92808820497417e-06,0.007765571483333648,6.227084916242659e-08,2.011059992877545e-05,0.7217622671515556,2.608763250587965e-06,5.1101502481047294e-06,0.007392125014919708
10,0.002614122443725689,0.07489158359119363,7.360477307943984e-07,0.0003389942030009068,0.00010083794923122754,8.460509131042764e-05,0.0003179393231096156,0.001687197740357141,0.00188023760611973,2.364949046213249e-05,0.06211943601026491,0.004768522391728928,0.00011587678830787027,0.0007761610065974026,0.019604002427708298,5.103759124220295e-05,0.002694592629458424,3.6653141399824977e-06,0.007603443576053453,1.9452050199444496e-08,1.5756694804686858e-05,0.8178733674886233,9.690038873532637e-07,1.2361205239297393e-06,0.0024320100183679253
11,0.002663124173024547,0.07224646618381769,7.121166635754593e-07,0.0003313061942004168,9.83352566722628e-05,7.514503859777741e-05,0.000325161383150565,0.001591969203891114,0.0017862234679943,2.1225816109479303e-05,0.0603318217332147,0.004774980408493223,0.0001299778460114221,0.0007204139906862184,0.018075512072038464,4.876656212811761e-05,0.0025261652785685913,3.5938167936753445e-06,0.007486053695111551,1.9739434476357345e-08,1.5554937444294114e-05,0.8245192788777451,8.811717769943467e-07,1.2854552746010056e-06,0.002226025581156845
12,0.002575711200274252,0.07457068861968458,7.046430812882448e-07,0.0003415522982755022,9.335396754397503e-05,8.327523306096138e-05,0.00031801052917191904,0.00170405240811259,0.001819659069292598,2.3335468502930708e-05,0.06012758246795711,0.004688399570608081,0.00011660726072788152,0.0007356877830263237,0.019651937316737256,5.179699625322022e-05,0.002616998902163951,3.627719403591217e-06,0.007900256375986466,1.8709982289906368e-08,1.5230437901383106e-05,0.8202314105132544,9.283163578851806e-07,1.1797389289106554e-06,0.0023279944537106232
13,0.002001919014043864,0.058496065075671504,4.387700387819451e-07,0.00018756388536220246,8.070719936364568e-05,4.326918528321435e-05,0.00022663910984826305,0.0014918521354993488,0.00121450016118566,1.151656969111756e-05,0.07022326685452417,0.005023355223154778,8.332046044247096e-05,0.0007012052870451371,0.01657826707753841,2.8278673071707502e-05,0.001858364427403267,2.082633671184951e-06,0.004728021401494139,1.2157342157406221e-08,1.1096155185213687e-05,0.8348466314421741,4.484447192344058e-07,6.757989288738771e-07,0.0021605028573174504
14,0.00231779924189755,0.16565310179616752,6.467897486929043e-07,0.0004882589015163874,0.000209113531337378,3.695705775581128e-05,0.00025959187076782345,0.0013198962815318157,0.0009089063863587806,2.167470757453651e-05,0.09653097667806321,0.002945992528974395,0.0001832442340828636,0.0008942318971182549,0.007968145758622322,2.2035685637469036e-05,0.0038519539548443537,6.2447429769692155e-06,0.011753341058055464,1.6627917066369576e-08,4.2348909616817105e-05,0.7035969777112113,7.969023497008105e-07,1.169277420987379e-06,0.0009865774684522685
15,0.002614122443725689,0.07489158359119363,7.360477307943984e-07,0.0003389942030009068,0.00010083794923122754,8.460509131042764e-05,0.0003179393231096156,0.001687197740357141,0.00188023760611973,2.364949046213249e-05,0.06211943601026491,0.004768522391728928,0.00011587678830787027,0.0007761610065974026,0.019604002427708298,5.103759124220295e-05,0.002694592629458424,3.6653141399824977e-06,0.007603443576053453,1.9452050199444496e-08,1.5756694804686858e-05,0.8178733674886233,9.690038873532637e-07,1.2361205239297393e-06,0.0024320100183679253
16,0.0018069781884803837,0.054963256699132636,3.253390215022306e-07,0.00017228354319096288,4.9433298400754226e-05,3.732756596052236e-05,0.00019387719020461867,0.001501485101196941,0.0008868885506795845,1.0707230219255768e-05,0.052725824270417186,0.004842995888979016,7.086117720969646e-05,0.0005667800631237286,0.01589430569421615,2.967215542961648e-05,0.0017167623598979306,1.9223816184426912e-06,0.004846728219321309,8.684405538727169e-09,8.407044165901128e-06,0.8579426927601629,3.320255576669153e-07,4.282007624601366e-07,0.001729716368245436
17,0.003537768163796218,0.07191470117058665,9.130702963760714e-07,0.00024834474305478286,0.00017854691684908889,5.105531735894474e-05,0.0004545219180684228,0.0014812547044344934,0.0018300714893201763,1.2081768081065857e-05,0.09029833161832228,0.006910463468850125,0.00015580529216778323,0.001113049053691742,0.00866419367095848,2.8805728054443406e-05,0.003239324690513263,4.589629857847735e-06,0.004685286329616714,1.9624344802325656e-08,2.8552155956486634e-05,0.8029459715620687,9.721022133109065e-07,1.6313407389704034e-06,0.002213744470798771
18,0.0020203043163968706,0.08902683192945617,1.0411956258605802e-06,0.0001949656696417179,9.457174875213726e-05,7.023836734583021e-05,0.0003757485916010335,0.0015495225133546748,0.0019844785855494995,2.5270910581781927e-05,0.05862016645249296,0.008715052872422469,8.955109377472675e-05,0.001404310943350689,0.024000713393849543,9.767766101320798e-05,0.004628937267214051,2.909896305120694e-06,0.007055629783805429,2.3944325706078952e-08,2.3250466408857905e-05,0.7927766325319817,1.2649112903421658e-06,1.9243807368716436e-06,0.007238980572722809
19,0.0016683519221470607,0.08401226270843398,5.423909531540743e-07,0.0005091446091203467,0.00011281996084652717,0.00010790691953065684,0.00027719353029061964,0.0013741913467269127,0.0025521194285934483,3.169557831990302e-05,0.0373721300843118,0.004443134846346487,9.97296289858843e-05,0.0006967554833440897,0.023076607086292087,4.889922166209615e-05,0.0019292543595537284,2.47457716001015e-06,0.00687067737451279,1.940179356938466e-08,8.350742503966168e-06,0.8326183219056342,8.399681979011546e-07,1.2036499329200896e-06,0.002185373274805633
20,0.001206153413727299,0.05006375712667488,2.455048018438848e-07,0.00017522275145052905,4.457814477082073e-05,4.147857403924929e-05,0.0001551649047147418,0.001186090324065362,0.0010783225700923297,1.339402235624454e-05,0.038037986034420795,0.0022312543211539184,7.537830997470443e-05,0.0004750362154957883,0.014030466478003548,1.930028522694624e-05,0.0010128522691739122,1.5300855334708028e-06,0.004954556990107812,1.00925332879908e-08,6.91941079514455e-06,0.8840957864553157,2.886711790611472e-07,3.925097659483734e-07,0.0010938345346265155
21,0.005817308504850714,0.10245403198740748,2.0921746225855443e-06,0.00043598142037567275,0.00014121841294116531,5.673172027380472e-05,0.0004756258157590134,0.002491363965271552,0.0019772277148873848,2.540172341446332e-05,0.08759193843207899,0.011988520447934305,0.00023111756158978,0.0015943724042129796,0.013265744390852043,9.55969693124408e-05,0.005321407218068026,8.920132187381705e-06,0.006782218515189002,3.4470274350683894e-08,3.347821566584672e-05,0.755449253596448,1.5418018515299545e-06,2.9858531200951403e-06,0.003755886551411312
22,0.003749689176904457,0.07516461297400444,1.0713801051604117e-06,0.00033767889382276483,8.401065307002364e-05,8.751533287770757e-05,0.00023053519219716408,0.0025042401639320767,0.0009775125597456485,3.11751223059442e-05,0.07571834085943784,0.0033844060511490537,0.00012195035272554389,0.0007874619345008407,0.01198281867948966,4.806552202313892e-05,0.004884746291910549,6.670929708587183e-06,0.007595716777002188,2.067289456021611e-08,2.543818081380611e-05,0.8107764091464953,1.2137156880513246e-06,8.37877952591315e-07,0.001497861559242827
23,0.002614122443725689,0.07489158359119363,7.360477307943984e-07,0.0003389942030009068,0.00010083794923122754,8.460509131042764e-05,0.0003179393231096156,0.001687197740357141,0.00188023760611973,2.364949046213249e-05,0.06211943601026491,0.004768522391728928,0.00011587678830787027,0.0007761610065974026,0.019604002427708298,5.103759124220295e-05,0.002694592629458424,3.6653141399824977e-06,0.007603443576053453,1.9452050199444496e-08,1.5756694804686858e-05,0.8178733674886233,9.690038873532637e-07,1.2361205239297393e-06,0.0024320100183679253
24,0.0018312334002660627,0.11544251763425054,5.755010682536319e-07,0.000600919662103524,9.717093749448377e-05,7.175811264035157e-05,0.00028493227049914565,0.001802621633274029,0.001662955772578577,3.299089602253778e-05,0.047623984157997686,0.0038946614422790547,0.00011629423376410339,0.0008812857329818394,0.02004027841758518,5.3274701161514156e-05,0.0029939529669492575,4.467735359234859e-06,0.011652627661655406,1.8886517911211982e-08,1.6234558853864804e-05,0.7890211360700033,1.0685828083474617e-06,1.1167214581607903e-06,0.001871922310427548
25,0.003473659634883674,0.0450179695504311,7.110420978689581e-07,0.00026693846708154736,0.0001516906043859365,5.025543146602547e-05,0.0005108063360602975,0.004094567057092571,0.0011004718065485474,9.59096247794493e-06,0.1437437556246978,0.007433625155983593,0.00013317894046553487,0.0009316584997118698,0.008546767877633778,3.061934949012336e-05,0.0026760134820540903,8.107755313748413e-06,0.005315934069362892,2.0612262432670177e-08,2.8460930730291454e-05,0.7751202545216087,7.130346321767198e-07,6.901590195848487e-07,0.0013535390945078583
26,0.00800746651659832,0.1210295654323408,3.6969459161401236e-06,0.0011179994140692608,0.0003733428118011168,0.0002413477819462327,0.0005372058400308161,0.0019803714346811785,0.007526843354643631,7.975010179376373e-05,0.090458874330162,0.006468002984728084,0.0002670949108063859,0.002104979319600505,0.021161415121997238,9.940374967910502e-05,0.00558958178113395,1.6357342870114285e-05,0.009794792402063317,7.483543758877123e-08,4.130471778428979e-05,0.7185011128442335,6.773896881412932e-06,9.11221840387543e-06,0.004583529910397253
27,0.0014865675249582143,0.049068129002896234,3.233273757821758e-07,0.00023609562110003555,5.966491211037655e-05,7.799991439232505e-05,0.0001873245032690025,0.001191497280580434,0.00209773517843263,1.861213962852781e-05,0.03675303540261771,0.003044489631931954,7.44152678072761e-05,0.0004677462809316429,0.020540474507779283,3.137522626302905e-05,0.0009798563452445236,1.6888341077886112e-06,0.005467236754408548,1.2846878323768123e-08,5.616707149972387e-06,0.8764662773195713,4.4664125606509743e-07,7.287900684608266e-07,0.0017426500392406128
28,0.002614122443725689,0.07489158359119363,7.360477307943984e-07,0.0003389942030009068,0.00010083794923122754,8.460509131042764e-05,0.0003179393231096156,0.001687197740357141,0.00188023760611973,2.364949046213249e-05,0.06211943601026491,0.004768522391728928,0.00011587678830787027,0.0007761610065974026,0.019604002427708298,5.103759124220295e-05,0.002694592629458424,3.6653141399824977e-06,0.007603443576053453,1.9452050199444496e-08,1.5756694804686858e-05,0.8178733674886233,9.690038873532637e-07,1.2361205239297393e-06,0.0024320100183679253
29,0.002614122443725689,0.07489158359119363,7.360477307943984e-07,0.0003389942030009068,0.00010083794923122754,8.460509131042764e-05,0.0003179393231096156,0.001687197740357141,0.00188023760611973,2.364949046213249e-05,0.06211943601026491,0.004768522391728928,0.00011587678830787027,0.0007761610065974026,0.019604002427708298,5.103759124220295e-05,0.002694592629458424,3.6653141399824977e-06,0.007603443576053453,1.9452050199444496e-08,1.5756694804686858e-05,0.8178733674886233,9.690038873532637e-07,1.2361205239297393e-06,0.0024320100183679253
30,0.002614122443725689,0.07489158359119363,7.360477307943984e-07,0.0003389942030009068,0.00010083794923122754,8.460509131042764e-05,0.0003179393231096156,0.001687197740357141,0.00188023760611973,2.364949046213249e-05,0.06211943601026491,0.004768522391728928,0.00011587678830787027,0.0007761610065974026,0.019604002427708298,5.103759124220295e-05,0.002694592629458424,3.6653141399824977e-06,0.007603443576053453,1.9452050199444496e-08,1.5756694804686858e-05,0.8178733674886233,9.690038873532637e-07,1.2361205239297393e-06,0.0024320100183679253
31,0.00393756562595987,0.08842103361945039,1.215075978750856e-06,0.0003367215589336394,6.900013863771257e-05,7.351947921494247e-05,0.0003117500261232675,0.0032400718515246552,0.0012915700183778616,2.9711689003788096e-05,0.06233339333825333,0.005285728450387633,0.00013244115712946955,0.0008300571385625389,0.013424601551064336,8.011733492711837e-05,0.004090925346262119,5.860901563499249e-06,0.0074378258859628555,2.082661786859823e-08,2.0863421213959582e-05,0.806444909315168,1.029741038525389e-06,1.071209937596855e-06,0.0021989952987063566
32,0.0023896238629808634,0.07270701272144951,6.65179771223586e-07,0.0003524316265166854,9.330878004419386e-05,8.477868211495104e-05,0.00032106000809931236,0.0016592169741939152,0.0017824903432122382,2.4206059158539993e-05,0.0585606961831049,0.004266133307991887,0.00011731368739466452,0.0006957106451776911,0.021156471906275454,5.350067105478779e-05,0.002616980173949324,3.6673592804345913e-06,0.009288631192732226,1.9082766230606716e-08,1.6191910250917387e-05,0.821549639676739,9.5300722640444e-07,1.187399039905367e-06,0.002258109559474761
33,0.002382435019108074,0.0842164417159833,1.1824156374155478e-06,0.0003803607107289558,0.00014891247647568536,0.00016965088656367266,0.0002976762645717822,0.0015376461975462402,0.004729283884033634,5.753166081623015e-05,0.057374117898285046,0.0036935813432781004,9.600306865800727e-05,0.0014160143675025362,0.03585807652811217,5.7950239469511785e-05,0.002256747590422798,3.7393560883704614e-06,0.007922284278983458,3.26450590133185e-08,1.6742422127738438e-05,0.792750352778611,1.7888305837417933e-06,1.9393025354246818e-06,0.0046295081188182175
34,0.0069400696887829,0.04218055515725015,7.451917143697052e-07,0.00035059773516194143,0.00010997902454972583,7.436530856330938e-05,0.0003877398407183619,0.001607879233389607,0.0017445309671180237,1.2524775430447652e-05,0.10064907671677754,0.003411040753991724,0.00018529796179500137,0.0004066433369553989,0.01942129000585388,3.0107905388736448e-05,0.0017492792595405326,5.9855191986080605e-06,0.010160453477626258,1.4002389021361109e-08,1.8468969831655034e-05,0.8093249086427399,8.262655579868542e-07,1.128653200747828e-06,0.0012264916064740781
35,0.0036034948456334314,0.04913801705162922,5.611589309547693e-07,0.0002692053233761472,4.4704100570967086e-05,7.988677572082433e-05,0.00027793208099511897,0.002093410861471357,0.001371197621846871,1.8033238463335773e-05,0.047205371866527214,0.004473011085868352,0.00011982963170622237,0.0003825326457764888,0.011206415531489225,5.842307767513312e-05,0.001980516176812751,4.823510337818974e-06,0.007564199871172011,1.2426147245065869e-08,1.0328282061880575e-05,0.8688198076939431,6.049384180697548e-07,8.248915364649174e-07,0.0012768553118897936
36,0.0037859672059511328,0.09215108755827396,1.3416216753778923e-06,0.00044216442102993416,0.0002741198564764505,0.00011844426857688623,0.0004791127441711762,0.0014358866974157449,0.0026898003843430457,2.5649730862585697e-05,0.11742031221686958,0.005962883665021165,0.00016495297219938326,0.0010544135795012637,0.02599152201109737,5.323637400441793e-05,0.0038848095701666486,4.824563047762153e-06,0.008987661332830537,3.2262989696055104e-08,3.261229445097216e-05,0.7310446128949254,1.91189248540772e-06,2.989559833161447e-06,0.0039896503218011786
37,0.007392299026613209,0.09459167321237318,2.494525206047654e-06,0.00045274102971782656,0.00022523416900569382,7.65503535487353e-05,0.0006384913531458257,0.0017243519446897171,0.0030236984547266973,2.536731892933983e-05,0.09589708605350857,0.009413107223427935,0.0003115691307446559,0.0014508221703447201,0.012148866177750958,7.057041573537414e-05,0.004643961916452065,9.635228463719031e-06,0.006978609752023606,4.0514736641803076e-08,4.054942727908838e-05,0.7574478215335769,1.9382150343639083e-06,4.507964211100145e-06,0.003428012888754063
38,0.0031781783189743216,0.060347208803206515,7.737956301445364e-07,0.0004078428194576891,7.627474113660778e-05,0.00013799135109931996,0.0004963568502476482,0.0019554475272068363,0.001786041992903252,2.6733405190988607e-05,0.0557263470064635,0.004352713370990568,0.00014920301015056796,0.00048499567874655885,0.02414238234730482,8.533881974115334e-05,0.0030363877714534144,5.262703379486131e-06,0.013285384714912961,2.2089002264199007e-08,1.862216870375128e-05,0.8282838955002484,1.264679333328631e-06,1.2718126112457714e-06,0.002014058721904668
39,0.002753851698431877,0.039711143760095595,5.995629080375953e-07,0.00021379739589565117,4.951423315270806e-05,0.00010844014501500096,0.00047228616435972406,0.0032413700740749713,0.000867755211807052,1.3470858929785471e-05,0.06002032016048225,0.006396285135658313,0.00010060681398955898,0.0003265176474855538,0.013336004660268411,9.012553565387421e-05,0.003389169704286936,3.67747240035783e-06,0.0078629774242084,1.4345394728031537e-08,1.670581312954767e-05,0.8592687399849968,7.302031285293029e-07,6.932139078317941e-07,0.0017552027803384536
40,0.0024134808264019655,0.055628293546923634,5.12952889349221e-07,0.00014029046653683767,6.868277374964894e-05,5.250792664084165e-05,0.00019179038921904182,0.0010654285357853503,0.0010859061839535093,9.806199599459516e-06,0.05444375218846128,0.005100180070791368,7.522689995225473e-05,0.0005124044749980056,0.015017506841714849,2.3934531205976584e-05,0.0018952821419280167,1.135068842320982e-06,0.0024900590182164576,9.721713831300909e-09,7.123212689285154e-06,0.8576141752163043,3.546606758071202e-07,5.561842700891115e-07,0.0021615999665364457
41,0.0025724498583504065,0.0560107364311812,4.865107023833896e-07,0.0012091859842897985,0.00029826684645024143,0.00032030095001229245,0.00022239201081050456,0.001387727753611245,0.005603507161514097,3.7206177401296726e-05,0.06295218717371814,0.004196370832466639,5.4930874908383423e-05,0.0004511879024872323,0.10937387168182533,4.0433553615718946e-05,0.001275736121194154,1.8853211514819397e-06,0.007211012558203523,1.7190406192602826e-08,3.1507466054816557e-06,0.7438919624278546,1.2690211070332342e-06,1.2686206675659573e-06,0.0028824562894649466
42,0.001024371188980303,0.03395094966107708,1.4975814967983232e-07,0.00012985243170088377,2.4772899562465376e-05,4.5297114380398304e-05,0.00013483604482389833,0.001026353257520799,0.0006488761591036795,9.055686329832145e-06,0.02588911251885934,0.0019824238646757686,5.908935308452055e-05,0.00015911114866672013,0.012517353064996524,2.65348628534331e-05,0.001014246266995329,8.74069574280958e-07,0.005597065664478613,5.7323709505341035e-09,4.144100987860385e-06,0.9149727218733443,1.7358267555643202e-07,2.776476206299195e-07,0.0007823520471872008
43,0.001642235928621696,0.05051607304912549,5.83266644307067e-07,0.00031669874793689137,7.113763736169102e-05,0.00016995216560475646,0.00021196565579267103,0.0018572403076767443,0.0020946174991262373,4.8131273097383755e-05,0.03934134394014518,0.0017886822852039921,8.480873567165809e-05,0.0005468701777894216,0.02356552073815063,4.78352178783051e-05,0.0016143194136169102,3.2004153536751407e-06,0.009653645733913769,2.1633585241690578e-08,1.3347036609299786e-05,0.864831124647672,9.363594049445895e-07,7.818163306645749e-07,0.0015789263176862122
44,0.002614122443725689,0.07489158359119363,7.360477307943984e-07,0.0003389942030009068,0.00010083794923122754,8.460509131042764e-05,0.0003179393231096156,0.001687197740357141,0.00188023760611973,2.364949046213249e-05,0.06211943601026491,0.004768522391728928,0.00011587678830787027,0.0007761610065974026,0.019604002427708298,5.103759124220295e-05,0.002694592629458424,3.6653141399824977e-06,0.007603443576053453,1.9452050199444496e-08,1.5756694804686858e-05,0.8178733674886233,9.690038873532637e-07,1.2361205239297393e-06,0.0024320100183679253
45,0.0027895661479750487,0.08575791009352028,8.765641798074187e-07,0.00031368040729344945,9.96770714921179e-05,7.569837084717398e-05,0.00028338776002225896,0.0016720019117672583,0.0017896083960047579,2.5778397410688643e-05,0.06443373085945285,0.004879231830035882,0.0001170429497376898,0.0009584779578466403,0.01671561067329873,4.9573646519702914e-05,0.0031412564253451795,3.926963799530379e-06,0.006872163954998839,1.9862534390007507e-08,1.8442161360954228e-05,0.8073501092114401,1.0430948709430454e-06,1.3266437685584974e-06,0.002649858644476981
46,0.0031440512982104716,0.06464373423632479,3.517827160923871e-07,0.00023546139531184995,3.840415746741155e-05,3.991977008551889e-05,0.00015510245523054825,0.0012638840827982817,0.00023882054769313297,6.148786671009715e-06,0.04743265519924919,0.006162611555668269,7.620797843939636e-05,0.00016207086359502915,0.012254014171719486,4.939857902231826e-05,0.007146828120856891,1.149733799985977e-06,0.0038853196180242576,5.41534244348797e-09,6.310151674785359e-06,0.8518508041449322,3.918091362464755e-07,4.4267889243159933e-07,0.0012059114671381212
47,0.0018825654144077673,0.060170497851376174,2.4404137001588436e-07,8.728652411701009e-05,1.819150138951881e-05,2.0795122214596882e-05,0.00013036054278537407,0.0008216197026489386,0.0005394799479557326,6.222574690863352e-06,0.024472418476922966,0.0046067557119682445,8.495546827460842e-05,0.0002016045899922965,0.007275420500349291,3.143852301425013e-05,0.0013354468370196373,7.261501509300513e-07,0.0025758415790311964,4.950613633125116e-09,3.235042613067493e-06,0.8945693527098512,1.1998935364933844e-07,4.1342302521260127e-07,0.0011650028248636906
48,0.0013466251366316701,0.14013331308324384,3.350531220883113e-07,0.0003601038925110749,2.563387826205157e-05,4.166125169849293e-05,0.000142252393224375,0.0016748337332235946,0.00039564802614189493,2.362784864017848e-05,0.02212566066790259,0.002647463471121463,6.910847189246246e-05,0.0003582943624914719,0.011960424968238645,5.4946069321228484e-05,0.005277918044996906,1.8184795240881633e-06,0.007988319948336762,7.236767461108075e-09,8.411689532422066e-06,0.8043823002257618,5.028846004580204e-07,3.292462632488842e-07,0.000980459936549578
49,0.0032429152783490195,0.06395753161158026,8.767513218792284e-07,0.00028945545074644796,9.697406528999263e-05,0.0001098906117399543,0.00030379983154206854,0.001919590020105591,0.0018977208373406865,2.1547773330241175e-05,0.06593870281314661,0.005848410270735654,0.00011196456825561863,0.0007008668899649369,0.01444996119875909,4.683002719450592e-05,0.0025536106591961525,3.563821567719962e-06,0.0046659024227695325,1.9689497389167463e-08,1.2809878716370123e-05,0.8315555132619844,9.132926803815886e-07,1.1527803890906189e-06,0.0022694761937964865
50,0.007749387623206066,0.08371781701045904,1.2458734959916686e-06,0.0006513810352030713,0.0002510596977626584,0.00014237982692430893,0.00030842269503041314,0.001573778675321569,0.002156910108615117,1.741663575963172e-05,0.15255789046462997,0.009030779077689758,0.00012108292542180226,0.0007772186959614518,0.0284508990316793,6.997749908426491e-05,0.006779488554143003,6.9352300369931735e-06,0.005919313757615293,2.6670396534061136e-08,1.7688594277013278e-05,0.6957748828151894,3.09855569995869e-06,3.5598661131296958e-06,0.003917359080284304
51,0.0017832505119154208,0.09531380718370588,4.62769043936097e-07,0.00032421112432926827,6.518818156055095e-05,4.9012763922739436e-05,0.00017900184189464797,0.0015927804041164523,0.0012716138933510056,2.1359449925148526e-05,0.04506952181747347,0.0038614055655239623,8.993432767873398e-05,0.000716479594391776,0.016122524665297552,3.380213457585077e-05,0.0019140778936949042,2.370877253418452e-06,0.00586713877122833,1.2603865516499088e-08,9.138435429492025e-06,0.8240288239662362,4.989210748192458e-07,6.611560622790896e-07,0.0016829211464486126
52,0.002541692149359092,0.06781473258469665,6.792288646360581e-07,0.0003799668413044899,8.37321310663012e-05,9.558318876438296e-05,0.0002745033891784347,0.0017984706585158312,0.0019062225833680931,2.963661699936167e-05,0.05510385871620275,0.0038327546003134095,0.00011550200302233834,0.0007093043429497679,0.021288085916343333,5.488487511946281e-05,0.0023321696340082654,4.310095764789517e-06,0.008792764631124678,2.084223427946359e-08,1.3654491865143235e-05,0.8307952736233395,9.6762670995017e-07,1.1123770845729852e-06,0.0020301168518007456
53,0.0030411252880190778,0.05480811383291211,7.706196277305058e-07,0.0002986596962428289,0.00011603135812804099,0.00012545248991500425,0.0010267028146833076,0.0022414744299461475,0.003004424841705245,1.395200666928373e-05,0.08339346497330015,0.010471719040478706,0.0001343702441038783,0.0008610944820422445,0.02494886750987679,7.078221295275112e-05,0.002574108858835916,4.523903194705966e-06,0.007783423851076114,2.395843186345226e-08,1.897107732279756e-05,0.8012363515851385,1.365147452627742e-06,1.4636411849007013e-06,0.0038227621367591374
54,0.0010420203192756784,0.10951546922001285,5.713933196230308e-07,0.00015970055751160752,5.891252455237286e-05,4.328839925677722e-05,0.00017758537095985709,0.0011463995169047798,0.0024240025920919655,2.7597862806785e-05,0.030700427853814556,0.007912911586320551,5.7697195552091806e-05,0.0013085587026620894,0.029807277753665894,7.230867246449427e-05,0.0017476353880290236,9.797493168148733e-07,0.003824101537550637,1.6493243878055395e-08,5.734679396234609e-06,0.8024803096999231,4.3620760955012415e-07,1.1430390992544501e-06,0.007484913684659237
55,0.004316473892530495,0.06713353912734416,9.729095041551104e-07,0.0005186820950864037,0.0002715572441661283,0.00011735581156705453,0.0013424147380067407,0.0017437950616497233,0.005590001792985763,1.1861414031156025e-05,0.10304833306327843,0.023355466730999728,0.0002040646462094806,0.0009584202584447265,0.020827689446946282,8.449479343139733e-05,0.002396596276830681,6.077387027506876e-06,0.00832380905747736,2.7039538734168604e-08,1.94655739017992e-05,0.754624227453888,1.6059823185946345e-06,4.6770991132095756e-06,0.0050983911037221314
56,0.002601274679578121,0.07293773777195359,7.074058517340851e-07,0.0003235705529305758,9.594973565992553e-05,7.861271103139393e-05,0.0003168459881588368,0.00163542191462529,0.0017992654783767473,2.1938579763570254e-05,0.060700997084555765,0.004744780224293686,0.00012036857545080098,0.0007430401037075764,0.01834791614501973,4.84731956287839e-05,0.0025618172555927567,3.5617412966257448e-06,0.007403860380042654,1.9023893479354478e-08,1.546525204048239e-05,0.8232034820328651,9.001496031268343e-07,1.2143244835087404e-06,0.0022927796935960166
57,0.001690464935051508,0.08012125287197533,4.6732057952421547e-07,0.0002380003938553125,6.223292893425844e-05,4.414152966768973e-05,0.0003338058910417422,0.00139858345930549,0.00111403640224214,1.600022189488503e-05,0.0455082832581362,0.004409924037571052,0.0001267086893087954,0.0004937844992129019,0.01466408330589042,5.4521502876195657e-05,0.0023995150313399433,2.4764380346705645e-06,0.011525322969848458,1.2450886661831473e-08,1.760862691523661e-05,0.8338605072437814,4.970628987516642e-07,9.625693180944427e-07,0.0019168063594332918
58,0.0027866957897133096,0.08240198275898486,8.92076142634745e-07,0.0003967007746272425,0.00013619014137375136,9.023948350680099e-05,0.0003769337024843087,0.0014674424258659564,0.0024299339244307546,2.5689908159624526e-05,0.06554183785793294,0.00538622870293172,0.0001489226270192218,0.0008629240804351297,0.021196448496299435,5.930017249443906e-05,0.002833849087143998,4.032790659738455e-06,0.008577759495479818,2.6259688426815116e-08,1.9158695807643052e-05,0.8022966999374483,1.23486826689799e-06,2.1332489108351397e-06,0.0029567426941920372
59,0.002874483801297924,0.08775704398689034,1.0574438679247485e-06,0.00038766807286890316,0.00014017410951215904,9.591102162892577e-05,0.0003595192998966614,0.0015778386931900217,0.002481104178110033,3.0394013121300556e-05,0.06581583299601615,0.005344773871125232,0.0001438289283933023,0.0009907199882385035,0.020308143400789316,6.345826393834804e-05,0.003175734111624519,4.306192035169059e-06,0.008100415503298122,2.823068666574695e-08,2.1004300411408427e-05,0.7971097341962203,1.3439345247909245e-06,2.1784662764504822e-06,0.0032133029960372417
60,0.002614122443725689,0.07489158359119363,7.360477307943984e-07,0.0003389942030009068,0.00010083794923122754,8.460509131042764e-05,0.0003179393231096156,0.001687197740357141,0.00188023760611973,2.364949046213249e-05,0.06211943601026491,0.004768522391728928,0.00011587678830787027,0.0007761610065974026,0.019604002427708298,5.103759124220295e-05,0.002694592629458424,3.6653141399824977e-06,0.007603443576053453,1.9452050199444496e-08,1.5756694804686858e-05,0.8178733674886233,9.690038873532637e-07,1.2361205239297393e-06,0.0024320100183679253
61,0.0031677733203638106,0.08567726361853165,1.1843248847404337e-06,0.0003964729942100674,0.0001494897251003797,0.00010100823300948194,0.0003758344742418958,0.0016452523257759035,0.0027744714480878734,3.202127735215351e-05,0.06911867288263461,0.005401077064586146,0.00015319767270678095,0.001062763850510176,0.019437436594266017,6.219493350810924e-05,0.0030539832794537897,4.818570979472624e-06,0.008065464798244437,2.9879256529925406e-08,2.2597129730977626e-05,0.7960532534670988,1.430949676299197e-06,2.3752448054704298e-06,0.0032399319409843054
62,0.002614122443725689,0.07489158359119363,7.360477307943984e-07,0.0003389942030009068,0.00010083794923122754,8.460509131042764e-05,0.0003179393231096156,0.001687197740357141,0.00188023760611973,2.364949046213249e-05,0.06211943601026491,0.004768522391728928,0.00011587678830787027,0.0007761610065974026,0.019604002427708298,5.103759124220295e-05,0.002694592629458424,3.6653141399824977e-06,0.007603443576053453,1.9452050199444496e-08,1.5756694804686858e-05,0.8178733674886233,9.690038873532637e-07,1.2361205239297393e-06,0.0024320100183679253
63,0.0022880291716408903,0.08459173717586874,6.418739611480647e-07,0.0003215834198871063,8.50020982067961e-05,7.04486555179801e-05,0.00026483380478422555,0.0015637438980251048,0.0016290750060490675,2.3336596818603152e-05,0.0539267178631579,0.0044122610803749174,0.00010837733608969192,0.0007349338224958073,0.018364022905027713,4.7775936234102745e-05,0.002586854531889474,3.0810999525708755e-06,0.007243324435225371,1.7098245338256113e-08,1.364240967794896e-05,0.8194640369329734,8.080310794649047e-07,1.0880348211188214e-06,0.0022546267819954736
64,0.0029204006483450925,0.08190675320493648,9.633897699701994e-07,0.000331602377801486,0.0001182460894164349,7.657520331273155e-05,0.00038903216983385275,0.001793844466397054,0.0017720644576816962,2.4297470542980253e-05,0.07043920244697226,0.004829238483568408,0.00014430324906516753,0.000929536495492467,0.01678895498092466,5.426959678396543e-05,0.003402841757810381,4.677424469465322e-06,0.008928220330366402,2.2608574133886472e-08,2.692445355253977e-05,0.8025944344629486,1.1508271316448027e-06,1.4773627088514715e-06,0.0025209660415934777
65,0.004726877498632068,0.026876229701061415,3.101805975166209e-07,0.0011448769836071861,0.00014694273867946021,0.00047517840947100786,0.0010908638088136192,0.0026995982919866706,0.0007948184476919569,1.023087136671563e-05,0.14720147733343344,0.004680164395230859,9.384111472838272e-05,0.00010478673659861469,0.06450403701519891,9.681412741862956e-05,0.006832646788982915,9.150180532180732e-06,0.042637200295734055,1.1245392383428398e-08,2.2345630919203783e-05,0.6947494627510497,3.2730694646464003e-06,7.606962847739014e-07,0.001098101687123696
66,0.0043781586288184704,0.0534007987328457,1.2170585932472152e-06,0.00024589942125039383,0.0001025724390275471,5.3656700331363576e-05,0.0004420936850255186,0.0024309681537805178,0.001628857505483032,1.8613208189561662e-05,0.07604909238671938,0.004933363685539071,0.00023467693984788177,0.0007353716039295981,0.00996719970322364,4.227027060235261e-05,0.001825316074893508,5.387666198157783e-06,0.0056200519940878555,2.474214511971632e-08,2.0251254066943678e-05,0.8364147016431387,4.838182920238027e-07,1.0111895447789056e-06,0.0014479614944256267
67,0.005681840708865223,0.10483982441852863,2.976356715494646e-06,0.0007191423620587925,0.0002077139711991316,0.0001583162037600564,0.0005350658498362145,0.0028807163260537107,0.0024605522289147318,5.832067194152277e-05,0.10565533511955391,0.005581460984992115,0.0002258189897485285,0.0018199844741304339,0.021817397086951497,0.00010516135225628763,0.008303045969778334,1.4179395309665594e-05,0.012671136171716462,5.9239354306453945e-08,6.670179374598352e-05,0.7223800069042279,4.740006463495957e-06,3.5342775897700094e-06,0.003806969136307778
68,0.004765064416937364,0.14828911548443052,1.2942496306347449e-05,0.0012902901214880622,0.0013339975914627251,0.0004969125159123642,0.001089364325674513,0.0016257555513819358,0.05723686878268004,0.00019524473050590592,0.10996624772203356,0.02719918751058361,0.0002416888702539693,0.019437481102783198,0.04626654015926132,0.00011538084494077965,0.0037142917768106386,1.193688754555846e-05,0.0034121404008488876,2.791937024932089e-07,3.8548524342725086e-05,0.5334690775011246,1.6258974346128295e-05,3.424342823565957e-05,0.03974114108640714
69,0.0040890812938992075,0.08460347973113856,3.431296389957178e-06,0.0004642582941960557,0.00017497972388480035,0.0001614794270147096,0.0007869233467102326,0.0045725814251659875,0.004195770994020345,7.224288026001147e-05,0.09502736751168687,0.007472795661137729,0.00022212165764702628,0.0032675755902029664,0.016865257467464503,0.00012305712319093527,0.004593154575472482,1.931442763221133e-05,0.012345270338464448,7.936577378087592e-08,8.718184962053323e-05,0.7557747316752388,3.854779548753708e-06,3.4216805842188293e-06,0.0050705878836549674
70,0.0033931859353819563,0.07270512607799857,9.671717509539103e-07,0.0007868734626885747,0.0003759582682787226,0.00014955428608396496,0.0005871417545679462,0.00181476190339455,0.004938437292238358,2.1547757370525655e-05,0.10111075338584052,0.006568791591055969,0.00012689608077938582,0.0012677184809099734,0.03234421597259438,2.867998403331874e-05,0.0021743183731006473,4.105757077773904e-06,0.0061938539872288464,2.6421801303618238e-08,1.6290314931044186e-05,0.7623083046276686,1.8777664972420057e-06,1.8848095701325508e-06,0.003078728537156611
71,0.001471230365296267,0.1730325746573063,3.2815400553654346e-06,0.00040777423083233265,0.0009643134783504701,8.354748922579423e-05,0.0015497329027333228,0.003115622404321917,0.02020792982681266,9.007802174291032e-05,0.0837718251191316,0.00850887346145337,0.0002350903759317442,0.015607870244436307,0.012014477609776707,8.053420863506449e-05,0.0025656580968958045,1.9324924586084645e-05,0.009919009401725904,1.790922142521285e-07,0.00017419050151908384,0.6563198985461681,4.179255894332801e-06,8.73591671783588e-06,0.009844068328236394
72,0.0015415415518423754,0.04851804923944947,3.7050100437676426e-07,0.00026161087358410226,4.363085561590144e-05,0.0001253098561629016,0.000629098063346493,0.0018261574218298702,0.0014340375842330439,1.84045031317169e-05,0.03167347164196311,0.00378496136328773,0.00011795901431728686,0.00025736628109834927,0.02361642626853816,7.856806543770134e-05,0.0017154812885256812,2.4097319224271345e-06,0.01208353998004893,1.5252487508600235e-08,9.659756895302283e-06,0.8709234863735241,4.94934972124487e-07,5.26259365971883e-07,0.0013374233374151665
