,0,1,2,3,4,5,6,7,8,9,10,11,12,13,14,15,16,17,18,19,20,21,22,23,24
0,1.9906445227506092e-06,0.0007685517487942528,2.0643819808511216e-07,1.406455234358535e-05,3.103202804969264e-08,0.0011837368043151981,1.6238179697157078e-07,8.013058798210496e-05,2.704172926048965e-05,1.5453312787396044e-06,1.1375640591855371e-08,1.083734823091395e-06,9.863812398637964e-10,2.8438555797081055e-11,7.020762833641376e-07,4.851517647811634e-05,0.0008707214846719681,8.156273570950866e-07,0.011307431464932067,1.107614872157821e-11,5.044798044790194e-07,0.9856916617863398,1.7459241032452964e-08,6.385121912449218e-07,4.3454582095927547e-07
1,8.479573036432301e-07,0.0011910752144057167,1.5766417252224686e-07,3.297731320760431e-06,3.107724357747042e-08,0.0007991982047251811,8.094934570016475e-08,2.4874290930066367e-05,1.305143320352249e-05,6.357321170268678e-07,6.61405796300252e-09,8.390762640840756e-07,2.8578458327433474e-10,2.624779056394088e-11,7.929702844623087e-07,1.7632415287410637e-05,0.0005393467525771243,3.838419521476826e-07,0.011368745608375221,3.942301174863206e-12,4.037550871577151e-07,0.9860376787446908,8.725486317534836e-09,3.997684807547858e-07,5.111567141648748e-07
2,8.613803037573242e-07,0.0017051715338487522,1.4538043344186798e-07,3.3288697496824734e-06,3.3468178878367677e-08,0.0005552725207371022,7.579303418066333e-08,3.261244598747082e-05,1.2092224506693823e-05,6.617381358119177e-07,1.4196601423873662e-08,1.2929501929422086e-06,2.8517593878336316e-10,5.726135257790778e-11,2.040917251829656e-06,1.1464345432548202e-05,0.000486713816885184,5.651666608279012e-07,0.007753712223020727,6.196075293150064e-12,4.918652553190589e-07,0.9894321647874131,1.2723859407526235e-08,3.867534334650447e-07,8.845504439971733e-07
3,6.668286183249012e-07,0.0011636285771108822,1.0975020311747318e-07,3.109982546529379e-06,2.2955895583196614e-08,0.0007280404941989577,7.971293479622981e-08,2.0310388042028706e-05,8.017170553793175e-06,4.82567365970948e-07,6.680047985273421e-09,1.0563788927173302e-06,2.3253236226735465e-10,3.8247903807966204e-11,9.51658931261676e-07,1.4240822836301815e-05,0.0005392341776435876,5.079213818107628e-07,0.007725820280993201,4.1414847313560184e-12,4.7341228706237226e-07,0.9897921908665744,1.0529614270563046e-08,4.458807674575833e-07,5.926876379671394e-07
4,7.933989907905829e-07,0.001213539599599387,1.2714424495373462e-07,3.4041957087066424e-06,2.6407411097515927e-08,0.0007995681117382769,9.031763232371865e-08,2.2800734310479113e-05,8.35261457910909e-06,5.642756897676381e-07,7.292990647775227e-09,1.1462590263402412e-06,3.000148243720575e-10,4.6607503491926605e-11,9.998777117060044e-07,1.6242746677460883e-05,0.0006134885402638598,5.77045883859446e-07,0.009063436734962209,5.0373375876956196e-12,5.108680211569265e-07,0.988253121424915,1.1582491073070705e-08,5.47989247893078e-07,6.424862442843137e-07
5,6.674566212623386e-07,0.001249792152316572,9.501577627560593e-08,3.853187229920551e-06,2.3077769718904277e-08,0.0008475060142536063,7.828935512673848e-08,2.06435137539766e-05,8.044142224209716e-06,4.742369794841285e-07,7.346772346882054e-09,1.0227920502282143e-06,2.465857498356137e-10,4.126551161943745e-11,1.0041647125780544e-06,1.522879683084712e-05,0.000538038137517594,7.065085826046909e-07,0.0076900247329682305,4.975102662365884e-12,4.950762268958905e-07,0.9896212459662049,1.204556449907331e-08,4.462021462056096e-07,5.90851316519229e-07
6,6.668286183249012e-07,0.0011636285771108822,1.0975020311747318e-07,3.109982546529379e-06,2.2955895583196614e-08,0.0007280404941989577,7.971293479622981e-08,2.0310388042028706e-05,8.017170553793175e-06,4.82567365970948e-07,6.680047985273421e-09,1.0563788927173302e-06,2.3253236226735465e-10,3.8247903807966204e-11,9.51658931261676e-07,1.4240822836301815e-05,0.0005392341776435876,5.079213818107628e-07,0.007725820280993201,4.1414847313560184e-12,4.7341228706237226e-07,0.9897921908665744,1.0529614270563046e-08,4.458807674575833e-07,5.926876379671394e-07
7,2.2597244860748165e-06,0.0009669114590636514,2.928621631252831e-07,4.676598281451784e-06,3.9224268526650954e-08,0.0004943246451269994,1.1133353036604772e-07,4.916492093852843e-05,1.1846840939752573e-05,1.4090331154892222e-06,1.1484784757375204e-08,1.012915522092171e-06,7.715811358746368e-10,4.064500487627313e-11,6.662132705078885e-07,1.629292941892984e-05,0.0008458307193874846,3.061532139894291e-07,0.014789926680564721,7.208656730829368e-12,2.53402643991779e-07,0.9828134334998485,6.145729984122533e-09,6.042311364233651e-07,6.181631298774547e-07
8,1.21579237263432e-06,0.0010162266567944676,2.1759269887810105e-07,3.0327321154345003e-06,2.5385132310823158e-08,0.0004810052656014605,1.3210244689292535e-07,2.6740061370314045e-05,7.897332148181659e-06,9.56157404251463e-07,7.3349083879430855e-09,1.5352333766669039e-06,4.2551279570012216e-10,6.502820516547765e-11,9.80412298194504e-07,1.3263675085590024e-05,0.0008275080314251905,3.1945086779642727e-07,0.007530353850449178,5.384890617765935e-12,5.616329371852925e-07,0.9900859340403246,1.523948771501892e-08,1.0631412489315475e-06,1.0083835798730752e-06
9,1.0161167187495435e-06,0.001377512283929269,1.314077548030905e-07,3.0612155617774924e-06,2.115635743955931e-08,0.000464939441600035,8.849904443643705e-08,2.3983186126386927e-05,8.207271337549075e-06,7.42977033958853e-07,8.74354177153163e-09,1.2108364805284582e-06,2.664947161125649e-10,6.054405040032744e-11,1.4152169010208434e-06,9.48733037478947e-06,0.0006162227329892088,3.884438250513955e-07,0.0066860100780092935,4.322119604430512e-12,4.831673394225255e-07,0.9908032608900887,1.637067016722025e-08,7.110942447647595e-07,1.0812087099846915e-06
10,6.668286183249012e-07,0.0011636285771108822,1.0975020311747318e-07,3.109982546529379e-06,2.2955895583196614e-08,0.0007280404941989577,7.971293479622981e-08,2.0310388042028706e-05,8.017170553793175e-06,4.82567365970948e-07,6.680047985273421e-09,1.0563788927173302e-06,2.3253236226735465e-10,3.8247903807966204e-11,9.51658931261676e-07,1.4240822836301815e-05,0.0005392341776435876,5.079213818107628e-07,0.007725820280993201,4.1414847313560184e-12,4.7341228706237226e-07,0.9897921908665744,1.0529614270563046e-08,4.458807674575833e-07,5.926876379671394e-07
11,7.532335210371419e-07,0.0011028614854741068,1.243869763881567e-07,3.1902871384970714e-06,2.4247288750131942e-08,0.000761307349556967,8.864255925780923e-08,2.3795386565306402e-05,8.620268540887539e-06,5.765468700921382e-07,6.827020896148157e-09,1.1212189836967408e-06,2.931663726716415e-10,3.9591197262754983e-11,9.306500596315444e-07,1.5446295351524292e-05,0.0006041292811116176,5.20998782529266e-07,0.0084228771291993,4.744361501466386e-12,4.786028129867119e-07,0.9890520137747546,1.0836614643830136e-08,5.241935362171425e-07,5.980197793029999e-07
12,1.0613889081136423e-06,0.0028396391559517256,1.1151034421997094e-07,5.130361994870818e-06,2.0769452327738452e-07,0.0023372137696632553,4.744806356844431e-07,6.229574921024596e-06,1.1414557743090861e-05,3.879946041198176e-07,1.3457314499497486e-08,2.1941014421436473e-06,3.2645165478238034e-10,6.081498301129596e-10,2.0804746092343612e-06,3.077127096418967e-05,0.0013286018529444965,4.571079301542365e-06,0.011133258389999557,1.5856432856368607e-11,2.291078106851063e-06,0.9822879434921061,1.1878737987279546e-07,2.0023803311979296e-06,4.282195752966577e-06
13,6.719463588538592e-07,0.0011640823848054923,1.1069887704127067e-07,3.12962632554625e-06,2.3046233442270754e-08,0.0007217736185683921,7.999151408381852e-08,2.0499372958574676e-05,8.028844890807809e-06,4.852278099544413e-07,6.819102091114984e-09,1.0693216972415642e-06,2.34274039667953e-10,3.88550927592422e-11,9.650946360966315e-07,1.4265873716831386e-05,0.0005400898309618328,5.108780143638644e-07,0.007689462959387691,4.191319359884225e-12,4.760442231613638e-07,0.9898332161508019,1.0594352875501003e-08,4.4529283545899254e-07,5.961046078108257e-07
14,5.427362257915564e-07,0.0019938963928210476,1.2077579270419477e-07,3.8261271816555534e-06,3.157023076633205e-08,0.0008973220897611441,5.179135697697326e-08,1.6348650078844393e-05,8.045329527697777e-06,4.1059020591956017e-07,9.020296970140637e-09,7.970187194561377e-07,2.2231978252177274e-10,3.6202859404596776e-11,1.1134269865356315e-06,1.4469736598887017e-05,0.00041096848469773247,6.333682094994229e-07,0.010418121018399378,4.948471412366586e-12,4.559665928671655e-07,0.9862320120298029,9.20185816384622e-09,2.9063243765801305e-07,5.237787465911631e-07
15,6.668286183249012e-07,0.0011636285771108822,1.0975020311747318e-07,3.109982546529379e-06,2.2955895583196614e-08,0.0007280404941989577,7.971293479622981e-08,2.0310388042028706e-05,8.017170553793175e-06,4.82567365970948e-07,6.680047985273421e-09,1.0563788927173302e-06,2.3253236226735465e-10,3.8247903807966204e-11,9.51658931261676e-07,1.4240822836301815e-05,0.0005392341776435876,5.079213818107628e-07,0.007725820280993201,4.1414847313560184e-12,4.7341228706237226e-07,0.9897921908665744,1.0529614270563046e-08,4.458807674575833e-07,5.926876379671394e-07
16,7.116939588859138e-07,0.0008507909746518059,1.6557259079375258e-07,4.830452588335476e-06,2.6300948255688487e-08,0.0010060950743329244,1.2211314470644824e-07,2.4521189503715296e-05,5.288681370749503e-06,4.975484821908144e-07,1.1642829761671219e-08,2.5488275395652354e-06,4.0731511759220433e-10,9.535337745313283e-11,1.41878184301066e-06,3.484768011485336e-05,0.0007153320462523455,1.3738253120323598e-06,0.007348196581884565,9.68969234998205e-12,1.2752707994911713e-06,0.9900008277654436,1.6446641886144693e-08,6.322420424853862e-07,4.687753656542564e-07
17,1.06564416530463e-06,0.0007835450590408897,1.4249113829234064e-07,3.530842141001094e-06,2.678117667494964e-08,0.0003913852103239148,1.426396678143727e-07,2.168621638294827e-05,6.9579746184625725e-06,4.1844520223472e-07,8.54849695941879e-09,1.7640682592671429e-06,2.793924579852278e-10,6.741380087187645e-11,7.451987558398558e-07,1.3326861610399909e-05,0.0007365313248189852,3.712326362287068e-07,0.004413981403461183,4.741406712836793e-12,5.252738303578592e-07,0.9936225240015105,1.0702984139996508e-08,4.872335172045798e-07,8.224947135632715e-07
18,7.426187424642836e-07,0.0010174687502505888,5.722541601983528e-08,1.6161388334950073e-06,1.9892113807180888e-08,0.00038887052660656693,7.779683874984627e-08,8.571064789606676e-06,5.903465355631975e-06,3.302733072533386e-07,4.5456812588597445e-09,5.521096382917591e-07,1.1388535325007344e-10,3.541269109715439e-11,5.454092148832361e-07,5.021675436702996e-06,0.000905173541513797,3.3213620608483454e-07,0.006112024346174157,2.361127188877106e-12,2.86742914473434e-07,0.9915507790923549,1.0155880722253463e-08,4.4180571076399297e-07,1.1705353603087287e-06
19,5.53429045352078e-07,0.0005837193486264729,1.1803828050885233e-07,2.5233749516021906e-06,1.6696580329918558e-08,0.0006410167885694916,9.305497152801884e-08,2.4444472051028188e-05,7.37447009706081e-06,7.057686925009329e-07,3.8768550885697005e-09,1.0924566157791843e-06,2.892684460289723e-10,1.778189340591018e-11,4.543644810257923e-07,1.2375247040203892e-05,0.000507262552862655,2.2790267475552825e-07,0.0055910014299698435,3.512789662581015e-12,2.952162852134228e-07,0.9926258595239065,5.6620118330268835e-09,4.5407301154761374e-07,4.0194185685069485e-07
20,2.3143288852367208e-07,0.0012067473444255514,6.24813474364951e-08,1.9420628198740494e-06,9.485424918953557e-09,0.0005380190696274156,3.3090195012637487e-08,1.76890512142603e-05,4.8453400413063395e-06,2.528472132589392e-07,5.243869674313557e-09,1.0864599483589532e-06,9.899763717190088e-11,2.1663298864586893e-11,1.3231620148141578e-06,7.83183631014136e-06,0.0002519853169178237,3.790897268439611e-07,0.003633163295089748,2.5005937732475925e-12,4.5127956999425815e-07,0.9943333828463583,6.35403562505375e-09,1.9961359331527467e-07,3.5317420622643196e-07
21,9.943046962744622e-07,0.0012963955358118336,1.5359410069084538e-07,6.028189032033535e-06,3.0734239303477806e-08,0.0006917052722740522,9.698732815691001e-08,2.3762371950025617e-05,8.075652059975233e-06,4.692300925448088e-07,1.6111831503454693e-08,1.8436974682854977e-06,3.022580447313038e-10,9.236121193573363e-11,1.5634328612946578e-06,2.340176664639618e-05,0.0005008657738272262,8.681159071637449e-07,0.007314791657410146,7.08532096018077e-12,7.072700334099526e-07,0.9901271698402244,1.4143809409049693e-08,3.737320306850101e-07,6.721846605239038e-07
22,6.732617133984877e-07,0.0007622033596297149,1.31800922786096e-07,4.187274103958743e-06,2.256390918115437e-08,0.0005738847031065174,8.075640568333421e-08,2.0020248358486837e-05,6.6075133823980465e-06,5.993833432973366e-07,1.1735150551731507e-08,1.1202478454746638e-06,2.831065820942698e-10,3.906788937689554e-11,8.85702543621696e-07,1.656170416343512e-05,0.0007613469365259899,7.163090841819137e-07,0.006163328249955158,6.8284457656111414e-12,6.017976003119352e-07,0.9916861664494409,1.160286929075195e-08,3.54281066114911e-07,4.837898766027453e-07
23,6.668286183249012e-07,0.0011636285771108822,1.0975020311747318e-07,3.109982546529379e-06,2.2955895583196614e-08,0.0007280404941989577,7.971293479622981e-08,2.0310388042028706e-05,8.017170553793175e-06,4.82567365970948e-07,6.680047985273421e-09,1.0563788927173302e-06,2.3253236226735465e-10,3.8247903807966204e-11,9.51658931261676e-07,1.4240822836301815e-05,0.0005392341776435876,5.079213818107628e-07,0.007725820280993201,4.1414847313560184e-12,4.7341228706237226e-07,0.9897921908665744,1.0529614270563046e-08,4.458807674575833e-07,5.926876379671394e-07
24,6.938709475888314e-07,0.001353521136411877,1.1034746908258736e-07,4.25981221702657e-06,2.7521599703575256e-08,0.000660636633475614,6.906168104842075e-08,1.7475841307845e-05,7.13231315307693e-06,4.3194146107464705e-07,8.370841117857969e-09,1.0684287634955004e-06,2.4316001351451383e-10,4.440939359210407e-11,8.578358389382051e-07,1.3483272405634153e-05,0.0004739594116092915,5.322852307838738e-07,0.0070006468029238005,4.877638274546165e-12,4.189396221887038e-07,0.990463694340634,9.360782608081097e-09,3.427036103771296e-07,6.194755668072591e-07
25,1.6027461938257818e-06,0.0007545240329968875,2.3209721316119452e-07,5.8416159315936045e-06,3.2929292643627227e-08,0.00042333689398845755,1.5635951578053823e-07,5.259378998034589e-05,9.430260432840708e-06,9.55101435730223e-07,2.3620455109874833e-08,2.477709996791027e-06,6.699709821181419e-10,9.085437411283061e-11,1.3879649379776493e-06,1.952432447424977e-05,0.0008654824875670026,7.031974473338852e-07,0.005630104803008036,1.2146393152037443e-11,5.838832796248067e-07,0.9922297030337887,1.3451708149150898e-08,5.379853049065731e-07,7.509380790827193e-07
26,1.2675360710845386e-06,0.0012736251387926193,1.1172640946698976e-07,3.255532583870328e-06,3.5566232487890736e-08,0.0011227640969364622,1.3269264480404223e-07,2.5090772667119006e-05,1.7455499245664125e-05,8.477181850419456e-07,5.73065196173946e-09,6.636389267933403e-07,3.707380486311097e-10,3.4590870205685004e-11,8.127233447794739e-07,1.578710198569873e-05,0.0010481017590393544,7.6342594352741e-07,0.013900163363794488,5.250080545551046e-12,4.793628249156114e-07,0.9825867302853317,2.1048148400671448e-08,9.453746388738322e-07,9.394950217495608e-07
27,4.4244070443171077e-07,0.0013213920836265274,6.343575019827681e-08,2.2978958132146424e-06,1.5172788336274954e-08,0.0005489195292951402,4.7242317404190595e-08,1.6184460134453332e-05,8.284024174089265e-06,3.3727164943870367e-07,5.059282275367254e-09,6.878410080566898e-07,1.1253260970070325e-10,2.0832781798110662e-11,8.59130736269176e-07,7.5455497668807045e-06,0.00032743308720406165,2.8235483775951815e-07,0.005758610081330025,2.1083654623384542e-12,2.4971745366395907e-07,0.992005538495123,6.5144360230668624e-09,2.300729683727414e-07,5.684041267102778e-07
28,6.668286183249012e-07,0.0011636285771108822,1.0975020311747318e-07,3.109982546529379e-06,2.2955895583196614e-08,0.0007280404941989577,7.971293479622981e-08,2.0310388042028706e-05,8.017170553793175e-06,4.82567365970948e-07,6.680047985273421e-09,1.0563788927173302e-06,2.3253236226735465e-10,3.8247903807966204e-11,9.51658931261676e-07,1.4240822836301815e-05,0.0005392341776435876,5.079213818107628e-07,0.007725820280993201,4.1414847313560184e-12,4.7341228706237226e-07,0.9897921908665744,1.0529614270563046e-08,4.458807674575833e-07,5.926876379671394e-07
29,6.668286183249012e-07,0.0011636285771108822,1.0975020311747318e-07,3.109982546529379e-06,2.2955895583196614e-08,0.0007280404941989577,7.971293479622981e-08,2.0310388042028706e-05,8.017170553793175e-06,4.82567365970948e-07,6.680047985273421e-09,1.0563788927173302e-06,2.3253236226735465e-10,3.8247903807966204e-11,9.51658931261676e-07,1.4240822836301815e-05,0.0005392341776435876,5.079213818107628e-07,0.007725820280993201,4.1414847313560184e-12,4.7341228706237226e-07,0.9897921908665744,1.0529614270563046e-08,4.458807674575833e-07,5.926876379671394e-07
30,6.668286183249012e-07,0.0011636285771108822,1.0975020311747318e-07,3.109982546529379e-06,2.2955895583196614e-08,0.0007280404941989577,7.971293479622981e-08,2.0310388042028706e-05,8.017170553793175e-06,4.82567365970948e-07,6.680047985273421e-09,1.0563788927173302e-06,2.3253236226735465e-10,3.8247903807966204e-11,9.51658931261676e-07,1.4240822836301815e-05,0.0005392341776435876,5.079213818107628e-07,0.007725820280993201,4.1414847313560184e-12,4.7341228706237226e-07,0.9897921908665744,1.0529614270563046e-08,4.458807674575833e-07,5.926876379671394e-07
31,1.3096072415824605e-06,0.001269595607812061,2.5124259618144993e-07,3.661303094584971e-06,2.7215859347883696e-08,0.0006366868180383448,8.05286124354594e-08,5.9462123258648535e-05,1.055260192210419e-05,6.741292188945373e-07,8.747639821699852e-09,1.545482802899544e-06,6.074729277845144e-10,4.432469107283023e-11,1.1774163922591822e-06,2.165956765597123e-05,0.0007980480919164743,5.926248218818031e-07,0.012168530000296303,7.166506881028844e-12,6.235104859836898e-07,0.9850243509868432,9.6257780143352e-09,6.500217046887703e-07,5.020870440509225e-07
32,7.000883757349285e-07,0.0013080766982647297,1.1527930096866571e-07,3.0223004050058635e-06,2.4165866644248528e-08,0.0007692130563859494,7.217497055079165e-08,1.993668891676536e-05,8.175410757463184e-06,4.882455761656183e-07,6.360858343772934e-09,9.499184753709224e-07,2.4395104664506974e-10,3.716876292414632e-11,9.263703645522522e-07,1.430203224824185e-05,0.000558602436271811,5.185097546663452e-07,0.009359447046756777,4.1000462658412914e-12,4.5880041796810115e-07,0.9879538975428344,1.0202602942804121e-08,4.6634702919195896e-07,5.900383458811158e-07
33,2.010383760947538e-06,0.0032234486537830185,7.01910872216723e-07,1.8193339443200138e-05,1.982931802443338e-07,0.000872480427730325,1.5650628223949685e-07,9.690590071192713e-05,0.00019291090438467877,3.752148682314305e-06,7.550756347626455e-07,7.98716042842096e-06,2.1713477008480817e-10,4.035281228827601e-10,4.987076270095037e-05,1.3759839040550286e-05,0.00030823757708012067,8.693823383380384e-07,0.0025315662167612694,4.6836208652112e-11,3.559386892001214e-06,0.9926654466991953,1.8102643994211054e-07,1.1840153733151408e-07,6.889335620521256e-06
34,9.398657429815476e-06,0.002168211121796948,4.908248222423058e-07,7.630115060448412e-06,1.1307401878084445e-07,0.0005328482274456609,1.3126755089641922e-07,6.268904448043264e-05,2.314381343573676e-05,1.2980477694842708e-06,3.138061369731328e-08,1.124522841021198e-06,1.1758895701742918e-09,1.5542828273618087e-10,1.5595891481502421e-06,2.851904043213695e-05,0.0015052015557140371,9.67949447522374e-07,0.04127015650223594,1.1571692474486244e-11,5.134055227096613e-07,0.9543838980208187,1.5179344098168707e-08,8.299814384298901e-07,1.2273357436262903e-06
35,8.456424283028445e-07,0.0012802193305942347,7.421169377432367e-08,2.5478987786961135e-06,1.6309291492903776e-08,0.00043252478990369106,3.8880387362892257e-08,3.371413206413679e-05,1.6286022322009766e-05,3.7529941065533516e-07,4.730190517821594e-09,4.7668669571068324e-07,1.5080053357761823e-10,1.0609698202953154e-11,6.031211087877102e-07,7.21220816330388e-06,0.00036525365000097314,2.0389170173427805e-07,0.007889852971829791,1.7974846351810038e-12,1.4710771267189566e-07,0.9899689868019315,3.837328983042754e-09,1.6641222670882043e-07,4.4590102740426803e-07
36,3.646877147311482e-07,0.0005398066723375176,5.8412907455043737e-08,1.8051192262243523e-06,9.166052120522148e-09,0.0003705819681162855,6.158584339838937e-08,1.703837725976078e-05,4.140394589319459e-06,2.52775261575506e-07,4.161599969691577e-09,1.3587697630030802e-06,1.260113941466331e-10,2.5836959150779972e-11,5.760769977316025e-07,8.371506507799582e-06,0.00047082893358089023,2.9981628266765086e-07,0.003069893749418651,2.4200229853984092e-12,3.06322158318934e-07,0.9955135670524408,4.981053802224676e-09,2.553408423808629e-07,4.139757771597482e-07
37,1.714718225731754e-06,0.0010857732657054684,2.153930595731007e-07,4.350015517939583e-06,4.482388525157829e-08,0.0009392142792627596,2.3050605534452033e-07,1.7947627558716886e-05,5.8350408628358015e-06,6.301993450554842e-07,9.063661857018091e-09,2.194031195270829e-06,5.421345620969858e-10,1.9544360234963404e-10,1.0922586498712047e-06,3.11187293782717e-05,0.001357524569593063,1.1761324808266749e-06,0.011901180452306266,9.06647167582083e-12,1.2948764388856917e-06,0.9846455581280462,2.7758243000914836e-08,1.75394362398097e-06,1.1134402594747413e-06
38,5.234523876361098e-07,0.0010617324072169905,1.0435660620721348e-07,3.0630756331773733e-06,1.9931820173972664e-08,0.001040774203022686,8.392612892505614e-08,1.8415677591967238e-05,6.985049034240809e-06,4.591752415085968e-07,5.970513562532211e-09,1.19636173948852e-06,2.275946327164375e-10,3.8551994252138215e-11,1.0376869661428612e-06,1.8909082919905674e-05,0.0005110115659260577,6.435519586687883e-07,0.008068641851135538,4.215915895041363e-12,6.436339422099088e-07,0.9892647654400739,1.207458855523831e-08,4.959929248474042e-07,4.752622652426262e-07
39,2.7465112052182224e-07,0.0008966199677395501,9.774509754323276e-08,1.966131652573666e-06,1.1956851425248983e-08,0.000887375020280419,4.823536903102472e-08,1.8441546082123065e-05,5.356947064950682e-06,2.49576176680329e-07,2.6480456713646773e-09,1.0704835073878851e-06,1.5805720470131884e-10,1.5309354633372494e-11,6.549398024433034e-07,1.691586682032778e-05,0.0004287421229645173,3.892439116080262e-07,0.006162078839208698,2.5804870735518487e-12,6.827186622951272e-07,0.9915784225536746,6.61998268864269e-09,3.3716938015000585e-07,2.548406578404002e-07
40,1.140590990821625e-06,0.0019402581387100001,2.1695252069976968e-07,2.583815065562584e-06,5.0185956487140675e-08,0.00035049241894972706,8.26523670731474e-08,1.5572699112264535e-05,5.832973584223399e-06,3.177110936530459e-07,1.2170220673090491e-08,1.783338721798585e-06,2.5445111377431943e-10,1.2717166335149993e-10,1.2954693933864475e-06,1.0957017890695695e-05,0.0005897823053029056,3.9494947655875146e-07,0.00875669141096841,4.818383058881839e-12,5.405992350182267e-07,0.9883204683490256,8.728919874386605e-09,4.15623208637137e-07,1.1015128448659184e-06
41,1.262129075172315e-06,0.00446931685407144,2.155868240357607e-07,1.037289190170582e-05,8.339725619610747e-08,0.0010107471917683828,5.624019905454036e-08,5.4210356959192224e-05,2.9468865291867265e-05,6.952323589878926e-07,2.7762011150340163e-08,8.744181158515405e-07,4.2181182959913245e-10,6.175652817379343e-11,2.7680846631269963e-06,2.6982906578462546e-05,0.0002769996670785498,9.9392497071495e-07,0.01857346543497042,8.672143967287924e-12,3.916223949741898e-07,0.9755402154622936,1.0668814498856517e-08,2.1047002047417132e-07,6.30340141473063e-07
42,0.00031825910757271424,0.003217353967431895,2.2941684771204996e-06,6.488102411844153e-05,1.8628794219432478e-05,0.008022398076214968,8.799849984953807e-05,6.131203101050601e-05,0.00012794823512008097,0.0001582741193575559,4.716269819819101e-06,6.619240323641504e-05,3.723759288992384e-08,1.4463868108852662e-06,0.00012081793510768515,0.00012240056906609727,0.043533087621276716,0.00017097345108757107,0.05347870344368863,4.3419017994187255e-09,3.258694009851389e-05,0.8889770754164461,3.855576483533798e-05,0.0003549275222304192,0.0010191266734288023
43,3.732791223695957e-07,0.0006636764884742079,1.0498260148209586e-07,2.369740629688105e-06,1.5108933573123345e-08,0.001070273611086178,6.610594170036515e-08,2.110099152341421e-05,6.792393015336386e-06,6.245970719357773e-07,2.7776435559558318e-09,7.913310776749843e-07,2.4931754087949537e-10,1.2579637854235524e-11,5.376706950900618e-07,1.6503583632250104e-05,0.000584710088281014,3.877045364626634e-07,0.00756451471983916,3.5097444006599343e-12,6.112726173008418e-07,0.9900657738138581,7.819407508788653e-09,5.071772505057251e-07,2.5447735446838664e-07
44,6.668286183249012e-07,0.0011636285771108822,1.0975020311747318e-07,3.109982546529379e-06,2.2955895583196614e-08,0.0007280404941989577,7.971293479622981e-08,2.0310388042028706e-05,8.017170553793175e-06,4.82567365970948e-07,6.680047985273421e-09,1.0563788927173302e-06,2.3253236226735465e-10,3.8247903807966204e-11,9.51658931261676e-07,1.4240822836301815e-05,0.0005392341776435876,5.079213818107628e-07,0.007725820280993201,4.1414847313560184e-12,4.7341228706237226e-07,0.9897921908665744,1.0529614270563046e-08,4.458807674575833e-07,5.926876379671394e-07
45,6.151300092937951e-07,0.0009803136327658681,1.2096414655151162e-07,2.8519954172734364e-06,2.0437711222671665e-08,0.0008642985954609056,8.695998391813943e-08,3.1250364521572934e-05,8.590222875009558e-06,5.762166775773837e-07,5.80442866614878e-09,1.2123651006698202e-06,2.950112976353649e-10,3.228483841439602e-11,1.0095703562184139e-06,1.7451970605804333e-05,0.0005266430802249458,5.223288021864769e-07,0.008252995079185319,4.559985729819993e-12,4.970789403544676e-07,0.9893099741586726,8.861459693816959e-09,5.151757921797415e-07,4.396750060872596e-07
46,8.159419446100116e-07,0.015061907569106909,2.1392342066897362e-07,6.333327140157158e-06,1.3946757960711078e-07,0.0020360548227408653,9.370884040077963e-08,4.3410331683509366e-05,4.352866685305551e-05,6.822776605606221e-07,5.544320969855918e-08,1.8773578794160327e-06,2.5815925192252686e-10,3.999533950531406e-10,2.6170245177916637e-05,3.0349336068613907e-05,0.00015393328924472627,2.9653332748372184e-06,0.025130426340304407,1.1271693740104083e-11,1.0120671837623613e-06,0.9574571426040278,5.275450891359693e-08,4.908192297230495e-07,2.3437035357383615e-06
47,9.61718792958566e-07,0.0005344293192803047,1.3719878556621238e-07,2.7435550253902735e-06,1.4419361985865356e-08,0.0005702039166415369,8.997281775341093e-08,2.0370192490355882e-05,5.0703072015074555e-06,4.419885431938076e-07,2.8076425592264057e-09,1.047314540199445e-06,3.104660018571673e-10,2.1091639564893962e-11,2.7991154759055293e-07,1.715812959114133e-05,0.000812693183684287,2.4147818427610325e-07,0.007937465645398455,2.7596652056791024e-12,3.7072721325555073e-07,0.9900953409090661,5.302316250047168e-09,5.857802828075719e-07,3.458872752204466e-07
48,7.612747300499767e-07,0.000933323468709842,1.1098082120596537e-07,1.963704140827612e-06,1.919397749240531e-08,0.0008237157648138597,7.741768489044281e-08,2.0559366070171034e-05,6.818208766713416e-06,6.047415685860235e-07,2.974562171510996e-09,6.824852167909292e-07,2.9633259676409255e-10,2.248262879045471e-11,5.046235522201711e-07,1.289360549121124e-05,0.0009006530069701362,3.9776925364618374e-07,0.012637691546059171,3.3011792473402123e-12,3.8657349678176263e-07,0.9846575141094881,8.151289589577772e-09,8.166332427741838e-07,4.940779774493327e-07
49,2.846963684020162e-07,0.0008237296651191288,8.076624553306001e-08,2.007342350443022e-06,1.1924687517086346e-08,0.0005777004568739793,4.7104953212949164e-08,1.4915958329818176e-05,5.094149424800385e-06,3.056225934820057e-07,3.2322909241941438e-09,8.952311168223166e-07,1.352337453283046e-10,1.3985331632776859e-11,5.187284604780377e-07,9.428569701096167e-06,0.00033187402522224087,2.2727345689306976e-07,0.004479614306603338,2.3295057639169194e-12,3.188606258160947e-07,0.9937523812479424,4.604084338137093e-09,2.4176014006710306e-07,3.1432186059834995e-07
50,7.212257167372835e-07,0.0011224609137561624,1.1416764972044557e-07,3.1741971238576173e-06,2.3563664592782678e-08,0.0007265198812877843,8.54132141071409e-08,2.147885287447879e-05,8.168840741490008e-06,5.203517121252745e-07,6.86681813738973e-09,1.0891602361042364e-06,2.517472028267085e-10,4.011006505683814e-11,9.480989194004205e-07,1.4634903828035507e-05,0.0005680978519930393,5.127817034021455e-07,0.007915749200564337,4.3406009474293085e-12,4.7159003629964746e-07,0.9896141243326071,1.0707827742648364e-08,4.781770000352412e-07,6.086245274249844e-07
51,1.072816469824697e-07,0.0026596072463241495,2.8547347055224013e-08,3.2049970699911324e-06,5.102365053686862e-09,0.0002921378582112833,7.901257034214933e-09,9.804953735597191e-06,3.8394820962582744e-06,8.1479366453526e-08,5.4253897532887195e-09,4.5251435900707903e-07,2.7205253526450482e-11,9.136526000071583e-12,1.072298881881436e-06,3.3092517670029505e-06,6.804583748124794e-05,1.6710473165615486e-07,0.0019388904857569832,1.0354384263950932e-12,1.5262424120891147e-07,0.9950187891435314,2.3823394917803974e-09,3.0770378062389335e-08,2.572743454199298e-07
52,7.584553158337982e-07,0.0010750551654944384,1.0328429440805838e-07,4.197269560977587e-06,2.604176835393926e-08,0.0011134783309582604,8.122148305603855e-08,3.425672360256057e-05,1.0492451563461583e-05,9.736175862373439e-07,9.9303779745146e-09,1.2221605378809245e-06,3.6122312686840696e-10,4.2020360527359275e-11,1.4513924388041636e-06,1.7818922955577594e-05,0.0004353151409496825,8.471470004952118e-07,0.010006041285759323,6.54713396349313e-12,4.2320711961863413e-07,0.9872964833363483,1.0359483955256701e-08,4.6804025944489965e-07,4.861053508915866e-07
53,6.284259479462788e-07,0.0007058381038581042,1.2321979464335388e-07,4.960864957245349e-06,2.812776808631266e-08,0.0009162027505908492,2.224884877038899e-07,1.9497484338939882e-05,8.475574479167226e-06,5.836047458331042e-07,1.2120653155141271e-08,2.2461542446929105e-06,3.1211030420576117e-10,7.889888672304745e-11,1.2715668404992283e-06,2.4437240455629197e-05,0.0007022034674639025,1.0247424082834007e-06,0.003861379310099045,9.181709119880937e-12,1.060854934626773e-06,0.993748336872211,2.888326287082079e-08,6.450049064041918e-07,7.927373605631801e-07
54,3.4109709422489016e-07,0.002188133061786657,4.408419012200809e-08,1.6711497951455032e-06,1.25274256829087e-08,0.0005156078226798906,3.5309722676870494e-08,8.831964518850109e-06,5.653179860244711e-06,1.7922218353659692e-07,3.4023845547369732e-09,5.760509522450159e-07,5.4617361658334253e-11,2.7295368616408576e-11,9.69878844809458e-07,5.283491248210493e-06,0.0002314064041177306,2.091049487169538e-07,0.005675521700986177,1.1325808982113675e-12,2.250853505730958e-07,0.9913642905144372,5.766719364004596e-09,2.1724816836339806e-07,7.818495395809219e-07
55,6.2531264553692e-07,0.0006397775723118894,1.209914593255345e-07,2.9703114036825037e-06,2.4759550100644065e-08,0.0009180515532079143,1.426801203940417e-07,3.463019444775683e-05,9.577040960835879e-06,4.660098536576126e-07,5.34473221673733e-09,3.014768472064858e-06,3.9148354970925074e-10,4.8082751082950094e-11,8.290610765218984e-07,2.4650936730400878e-05,0.0005181297898291872,6.618765510221011e-07,0.005335746190784942,6.089442768082381e-12,5.769547917899446e-07,0.9925089180481607,1.0136613319614197e-08,5.689811065898808e-07,5.010395344232886e-07
56,7.260709265451849e-07,0.0011209890467144977,1.2017524974242478e-07,3.2837751460412552e-06,2.4205875591021668e-08,0.0007733682292449442,8.641876803118546e-08,2.2934944953338696e-05,8.445843945180687e-06,5.504779525632209e-07,6.832193661303323e-09,1.1141389595524745e-06,2.809163920762337e-10,3.9408633155004485e-11,9.322168322562199e-07,1.543822886814373e-05,0.0005808478577887603,5.292277834696149e-07,0.008220791645033776,4.709737979241804e-12,4.829068627085323e-07,0.989248226891847,1.0736218707187605e-08,4.972574180889902e-07,5.925463826149246e-07
57,4.6281323139898674e-07,0.0007684786922404044,1.9143933559012264e-07,2.050905337693172e-06,2.2783656130421528e-08,0.0006124391446151183,7.920406067416971e-08,2.0855227120543214e-05,6.492191354666429e-06,4.7502050283909826e-07,4.1456516314411534e-09,1.4085323294372789e-06,2.921282401110915e-10,2.2815517066198142e-11,5.510153307661947e-07,1.602223741429018e-05,0.0005424333829115395,2.6218728862077954e-07,0.006682089077536944,4.091256323570257e-12,5.095569421470315e-07,0.991344361797129,6.014046502186844e-09,4.3400365268966853e-07,3.7030927644894854e-07
58,7.251740523482487e-07,0.0010742925535107185,1.2051688517221657e-07,2.7903127768662796e-06,2.3708787070672067e-08,0.0008415487014227269,9.360020135282074e-08,2.2132600659038097e-05,7.768737887936443e-06,6.014198637004718e-07,5.370254931199021e-09,1.1068879713212491e-06,3.036126711528086e-10,3.942834715046767e-11,8.606855732778027e-07,1.5259360887578757e-05,0.0006578035444984267,5.35183885465187e-07,0.009007537489992964,4.642391546521897e-12,5.105883437070656e-07,0.9883649814435359,1.151791738627033e-08,6.859982817888822e-07,6.042551269185834e-07
59,7.080961603706425e-07,0.001057388696713128,1.337696747941661e-07,2.873282028117438e-06,2.401291976229381e-08,0.0007775537156644038,9.346575201619297e-08,2.2535188967278505e-05,7.588268198964004e-06,5.675437067230778e-07,5.645499247152452e-09,1.1649078481512417e-06,3.0878306000449265e-10,3.9041892609335285e-11,8.395664128287528e-07,1.5798844445768455e-05,0.0006491687633058339,5.033384434116347e-07,0.008471249970022953,4.842275934971734e-12,5.264112517972148e-07,0.9889900539578541,1.0926062211184851e-08,6.339642483334908e-07,5.773121525061218e-07
60,6.668286183249012e-07,0.0011636285771108822,1.0975020311747318e-07,3.109982546529379e-06,2.2955895583196614e-08,0.0007280404941989577,7.971293479622981e-08,2.0310388042028706e-05,8.017170553793175e-06,4.82567365970948e-07,6.680047985273421e-09,1.0563788927173302e-06,2.3253236226735465e-10,3.8247903807966204e-11,9.51658931261676e-07,1.4240822836301815e-05,0.0005392341776435876,5.079213818107628e-07,0.007725820280993201,4.1414847313560184e-12,4.7341228706237226e-07,0.9897921908665744,1.0529614270563046e-08,4.458807674575833e-07,5.926876379671394e-07
61,7.31776993176222e-07,0.001096973947911372,1.3083207603853296e-07,2.8244306617438094e-06,2.480207073303001e-08,0.0007605003818141662,9.175852163922819e-08,2.1448668169289424e-05,7.92272251820693e-06,5.521352544295135e-07,5.970185919618429e-09,1.134659617056604e-06,2.861276161342058e-10,4.0195708373069324e-11,8.811319383030792e-07,1.5312826415364813e-05,0.0006367688038201448,4.959013984989819e-07,0.008619380525990032,4.5454539514771475e-12,5.209097131987702e-07,0.9888330849816294,1.1103596771639329e-08,5.940696124558491e-07,6.073292232389538e-07
62,6.668286183249012e-07,0.0011636285771108822,1.0975020311747318e-07,3.109982546529379e-06,2.2955895583196614e-08,0.0007280404941989577,7.971293479622981e-08,2.0310388042028706e-05,8.017170553793175e-06,4.82567365970948e-07,6.680047985273421e-09,1.0563788927173302e-06,2.3253236226735465e-10,3.8247903807966204e-11,9.51658931261676e-07,1.4240822836301815e-05,0.0005392341776435876,5.079213818107628e-07,0.007725820280993201,4.1414847313560184e-12,4.7341228706237226e-07,0.9897921908665744,1.0529614270563046e-08,4.458807674575833e-07,5.926876379671394e-07
63,5.76056372979393e-07,0.0014198943136602114,9.501543948043114e-08,2.893547378728064e-06,2.1582562585423183e-08,0.0007252328530108909,6.33776539975673e-08,1.769434974115755e-05,8.074930007428313e-06,4.0807104009341147e-07,6.217448322749572e-09,8.683189126421428e-07,1.850368705841376e-10,3.311993992172654e-11,9.809635981493386e-07,1.1918497622175066e-05,0.00046460577586976214,4.7151206326618093e-07,0.007743248156271836,3.5185312169674428e-12,4.2747987248690755e-07,0.9896015349721033,9.822511937519198e-09,3.714937875623193e-07,6.024713958032144e-07
64,5.498165071426781e-07,0.0010733910807653748,1.2751842746930234e-07,2.7946672985128495e-06,2.130645577005578e-08,0.0007178422573336094,7.644855142869403e-08,1.7350853293005845e-05,6.683075330330544e-06,4.1252048139651575e-07,5.798872039226249e-09,1.171186330485486e-06,2.1935872728917872e-10,3.531158572981387e-11,8.938936895341171e-07,1.536243020909246e-05,0.0005666218967939943,4.662004157383194e-07,0.006811118153912707,4.0333130646746365e-12,6.759483676287307e-07,0.9907834608598755,1.1113227474336275e-08,4.502999671489596e-07,5.124151908157897e-07
65,3.8461090565138184e-07,0.0015093680347033967,8.615857699250869e-08,2.5052690212155137e-06,2.0331414455021412e-08,0.0009019016071388033,6.813926409920289e-08,1.1223887936817237e-05,6.019022096730699e-06,2.748311165280625e-07,4.4304216028867795e-09,9.855573797433926e-07,1.4413818914836458e-10,3.905777932701711e-11,9.89435936586002e-07,1.318790655597787e-05,0.000494386180198446,6.044905518096469e-07,0.006541258424818819,3.5280827949039212e-12,7.450666231145931e-07,0.9905148477585632,1.4481513884904904e-08,4.677631150429294e-07,6.564254230171086e-07
66,6.940048676466411e-06,0.0005629352153406861,1.2752666735248547e-06,8.398766109196576e-06,2.3805529931885681e-07,0.0013200913533254867,7.117853842032574e-07,7.259926120166116e-05,2.363762714088279e-05,3.742677051635972e-06,1.4422196351805734e-08,1.9807628008708993e-06,5.206529182693259e-09,9.388116702902275e-11,3.694646470590225e-07,8.664444142950546e-05,0.0034658886808008305,7.399634001130918e-07,0.0374395368126459,3.205194448533466e-11,8.424473006746885e-07,0.9569999293160075,1.5843798496086896e-08,2.716572700155827e-06,7.458836070874859e-07
67,3.4676099954506865e-07,0.0012311918551185957,7.175853766482675e-08,2.452670688729758e-06,1.4776014740207444e-08,0.000870786202082129,6.357573319158473e-08,1.1186696199591345e-05,5.274072590816721e-06,2.9266596775153805e-07,4.358100325697965e-09,9.55452396390607e-07,1.3838999926928175e-10,3.2324115231732725e-11,8.880434240486825e-07,1.1814292273757097e-05,0.0004791924263488319,5.530629321627539e-07,0.005743438207634205,3.269816502541813e-12,5.984932548032456e-07,0.9916398339416739,1.3006966665603067e-08,4.2885103044177417e-07,5.986560477433247e-07
68,4.252477025613403e-07,0.0009816484416120524,9.272149431784134e-08,2.7041238265574518e-06,1.7400398737050217e-08,0.0008289303013394769,7.350084301452361e-08,2.078803407428972e-05,6.222795574817191e-06,4.1446914627355226e-07,5.578102807570446e-09,1.3304384746820572e-06,2.1080783134652027e-10,3.209892863299617e-11,1.0209776825695703e-06,1.4095855432092964e-05,0.0004519886954972841,5.5903128936862e-07,0.005623155684713928,4.282493183108716e-12,5.809186310242474e-07,0.9920650626231601,9.840361039562543e-09,4.1485646296302974e-07,4.582169909918077e-07
69,3.4585259931746937e-07,0.0011276876429095217,5.1324367366821896e-08,4.542433770478828e-06,1.8005238165563787e-08,0.00047524950589915055,4.8711299515179174e-08,1.7236453222164394e-05,1.0326537140926146e-05,3.713243933238209e-07,2.802550712496475e-08,1.0704587159629653e-06,1.0920858014843156e-10,3.218733199982154e-11,2.290161494429189e-06,6.651273675985441e-06,0.00031872869603205084,9.080932253611406e-07,0.002242951579202759,6.14393453863073e-12,4.915707449879927e-07,0.9957901981755989,1.5913447694112043e-08,9.044099183965058e-08,6.976729830687385e-07
70,4.684332159675266e-07,0.0010735863767444575,1.1138939169084836e-07,4.348971460260077e-06,2.08952713003328e-08,0.0008340417373817696,7.837499314727292e-08,2.013066039305344e-05,8.928526143663019e-06,4.2966611144267565e-07,7.346857998928712e-09,1.1066078825151486e-06,2.0082586849753922e-10,2.6731064957004285e-11,8.758792060263417e-07,1.7487962325988225e-05,0.00033906274225317277,4.30565858166328e-07,0.005555184599872046,4.117431827461376e-12,4.500409821302207e-07,0.9921425402096792,8.865426391982437e-09,2.655939986811119e-07,4.3432287651039775e-07
