,0,1,2,3,4,5,6,7,8,9,10,11,12,13,14,15,16,17,18,19,20,21,22,23,24
0,0.0001976573572900243,0.0013826515243837794,0.0002112151232107408,1.0164708637480365e-05,6.704952954923548e-05,0.0013168631984100609,0.00029711099760478676,3.109453639177261e-05,0.00023138055283301786,0.0005841120066867024,0.008623934594500742,8.055186688998562e-06,3.20863486978876e-06,0.0005954411862133117,0.3776739706058288,2.3385755238879113e-05,0.00044781614623865126,9.276962684005644e-08,0.017649898739080485,5.490873778674385e-07,0.010437971825136564,0.5799669204763355,0.00016464512405720434,1.4853535067780959e-05,5.995679874103156e-05
1,0.0003092114986650146,0.0019363991053986476,0.0002464341467796004,1.4117760067325676e-05,0.00010787101368482092,0.0011714840511456424,0.00035462954939346624,4.3889145108616115e-05,0.0005323225537443875,0.0007945247579298873,0.010227809072048255,7.271003444165893e-06,4.095359800637109e-06,0.000584844521902088,0.38156562067236355,3.3389994275803496e-05,0.0005610340740035771,9.684001779277157e-08,0.02004711481040555,4.74533643564634e-07,0.007977832075278513,0.5732257731218201,0.00016524706724957522,1.981113244315322e-05,6.870213938623566e-05
2,0.0001736568442806516,0.001084016123505109,0.00015667747903018892,7.602442728035832e-06,7.81095145177657e-05,0.0006294788309204958,0.0002583558885232828,2.7368457880964833e-05,0.0003011445744341892,0.0004975487305940809,0.006340369676304384,4.3532045596157085e-06,1.978640592084871e-06,0.0005581041932243297,0.3500982349031332,1.3520661326147142e-05,0.0002727764137202619,6.899276821367908e-08,0.013117494259179439,4.868336609617934e-07,0.006613271446114877,0.6195089134282997,0.00016249452294053368,1.3317610397101619e-05,8.065632736433029e-05
3,0.00022831383653311256,0.0016803205605720698,0.0002260678532770241,1.2103493787257755e-05,8.638418725827204e-05,0.000972698409001535,0.00029565653808662375,3.0408906783772155e-05,0.0002644173349790597,0.0005047486470592782,0.010792316568411347,8.885582140304764e-06,3.6101238671384092e-06,0.0006964943977641355,0.3656148591556916,1.9835251659372654e-05,0.0005086781603757972,1.0503154364865102e-07,0.014806929234265243,3.9968533069481504e-07,0.009721080179585324,0.5932799348611958,0.00016218821336183573,1.506697215254282e-05,6.849681531715236e-05
4,0.00022464320042235833,0.0019333523136780633,0.00023312826216013722,1.3201354176387131e-05,9.216195396800661e-05,0.0009955788765607758,0.0003116239829784109,3.1080272167866424e-05,0.0002607825585330972,0.00047580726657786955,0.012728754053570357,1.15713616534496e-05,4.902293217239893e-06,0.0008153859916465507,0.3363146784398519,2.0124370683764045e-05,0.0005967573530974785,1.2106145961717647e-07,0.015140349647436595,4.019999207652024e-07,0.010044175605610961,0.6194988047868007,0.0001689145685999996,1.4167662366225046e-05,6.953076286153839e-05
5,0.00033972634551912226,0.0015275638183298676,0.00027284920352093337,1.8403143954653322e-05,9.261496872609128e-05,0.0009845808843543847,0.0003408329883391154,3.695609693053175e-05,0.0003067833584202428,0.0006962082250919811,0.01240826670984098,1.1588026537185198e-05,4.287079518181926e-06,0.0009217203087362482,0.32274317498062294,2.5770568340638975e-05,0.0007022590615545352,2.1606178322830402e-07,0.013503653467212324,5.881664372803448e-07,0.011617922816676183,0.6331208427788433,0.00020568027460328948,2.3328211316455322e-05,9.418245479038627e-05
6,0.00022831383653311256,0.0016803205605720698,0.0002260678532770241,1.2103493787257755e-05,8.638418725827204e-05,0.000972698409001535,0.00029565653808662375,3.0408906783772155e-05,0.0002644173349790597,0.0005047486470592782,0.010792316568411347,8.885582140304764e-06,3.6101238671384092e-06,0.0006964943977641355,0.3656148591556916,1.9835251659372654e-05,0.0005086781603757972,1.0503154364865102e-07,0.014806929234265243,3.9968533069481504e-07,0.009721080179585324,0.5932799348611958,0.00016218821336183573,1.506697215254282e-05,6.849681531715236e-05
7,0.00036155501531968243,0.003019768195750337,0.0005630171993652014,1.4350443440991861e-05,0.00010186424811600223,0.000999098787098645,0.0003150788266873148,5.1399710641109666e-05,0.00020070890057729724,0.00039818498392838153,0.018155649999637744,1.2518591268905123e-05,1.0154344937572696e-05,0.0004936388634903151,0.35840768957411145,1.7141689102995576e-05,0.0005989511111522595,9.94788475265781e-08,0.026642146758534577,3.043695423328038e-07,0.010384556161944909,0.5791149847774755,8.979703963502328e-05,1.434807889462943e-05,3.299285049947636e-05
8,0.00016717745761665,0.0008340731021674047,0.00017093797118635838,1.155203853361178e-05,7.084946992644095e-05,0.0004950274373655682,0.00020366354059327992,1.4421995402719463e-05,0.00034613164675991327,0.0006233560725870694,0.008287724580813042,2.4611817305774497e-06,1.1408624671672709e-06,0.0007689892769396631,0.4481829189096113,1.0251072551617431e-05,0.0002574662057084424,7.070814009489956e-08,0.005265629943685939,3.379590354602101e-07,0.005910636279931645,0.5280705497370424,0.00016022413855228408,3.931107390851155e-05,0.00010509733774274225
9,0.0002012682765809271,0.0008548280192357749,0.0003019688452769364,1.7259969003152154e-05,7.12461405675094e-05,0.0008516628550010043,0.00017753721134013714,2.8334545627746164e-05,0.00030622461123790975,0.000748000270120684,0.010547426265063175,4.0596176988979274e-06,2.5245991911873858e-06,0.0007551454427250293,0.3732094239144212,1.836074817648872e-05,0.00046579630382102485,8.283790052309425e-08,0.009657642069757603,5.277156189885755e-07,0.008051314214802888,0.5934661880279365,0.00017497937250714836,3.611743243706861e-05,5.208069395051852e-05
10,0.00022831383653311256,0.0016803205605720698,0.0002260678532770241,1.2103493787257755e-05,8.638418725827204e-05,0.000972698409001535,0.00029565653808662375,3.0408906783772155e-05,0.0002644173349790597,0.0005047486470592782,0.010792316568411347,8.885582140304764e-06,3.6101238671384092e-06,0.0006964943977641355,0.3656148591556916,1.9835251659372654e-05,0.0005086781603757972,1.0503154364865102e-07,0.014806929234265243,3.9968533069481504e-07,0.009721080179585324,0.5932799348611958,0.00016218821336183573,1.506697215254282e-05,6.849681531715236e-05
11,0.00022974189550042896,0.0017763715870062762,0.00023638645865616556,1.27959736651848e-05,8.642246733107765e-05,0.0010149334078364066,0.0003122472260487538,3.4227634085104284e-05,0.0002642224941328857,0.0004938623390223155,0.011148717519898755,9.994465898763689e-06,4.3638001215874855e-06,0.0006996030757389549,0.3525097926178629,2.124685383460183e-05,0.0005650117501881706,1.0932560641129925e-07,0.01593641896491485,4.095694051376604e-07,0.009640353080994453,0.6047626738347741,0.00016113880298953228,1.4290031509556348e-05,6.466482297771523e-05
12,0.00028496546362801253,0.004213261509930319,0.0002802628754021233,1.7774499628498394e-05,0.0003670509157237645,0.0019272589072747302,0.00047887271518346055,1.6923238464122835e-05,0.0003751871542269788,0.0005243831317726716,0.01706284650555578,2.6811813759618085e-05,4.7797530994668775e-06,0.00276179484537675,0.4258541773594713,2.453618677937681e-05,0.0005707663147317709,3.717772717895306e-07,0.013969649506317829,8.134165712618288e-07,0.016850018470949076,0.5136291548759419,0.0004227149480153135,1.577698621073163e-05,0.0003198468287132677
13,0.0002250955314142071,0.0016957965297451619,0.00022640896686950565,1.2302206670913109e-05,8.781423627919208e-05,0.0009543293291396676,0.0002885912434451329,2.945910428266092e-05,0.00025621738382748785,0.0004828081387048376,0.011720874273003364,9.105680634464663e-06,3.7396539559122976e-06,0.0007112980181553452,0.3729798352800946,1.9459842241985053e-05,0.0005095423662893416,1.0362776443979897e-07,0.014667757861260941,3.838247084628488e-07,0.009844095724481626,0.5850286841893907,0.00016474508687890362,1.5215967837406932e-05,6.633593292386951e-05
14,0.000367522783003637,0.018703524851032795,0.00032995258538297246,5.393721023975049e-06,0.00027914878613871847,0.004737763136995506,0.00038816779322719164,2.201517593179157e-05,9.532101902816253e-05,0.0002582229762532103,0.03767305776761057,0.00011236120430119687,2.544411164986474e-05,0.0009744998291793118,0.3594919597687003,3.873288838878074e-05,0.0005219574786373066,1.3056453671814377e-07,0.14091595113000155,3.010832433645126e-07,0.029997632493158923,0.4048869220637486,0.00012909134308508575,3.042175118377496e-06,4.1883270622046465e-05
15,0.00022831383653311256,0.0016803205605720698,0.0002260678532770241,1.2103493787257755e-05,8.638418725827204e-05,0.000972698409001535,0.00029565653808662375,3.0408906783772155e-05,0.0002644173349790597,0.0005047486470592782,0.010792316568411347,8.885582140304764e-06,3.6101238671384092e-06,0.0006964943977641355,0.3656148591556916,1.9835251659372654e-05,0.0005086781603757972,1.0503154364865102e-07,0.014806929234265243,3.9968533069481504e-07,0.009721080179585324,0.5932799348611958,0.00016218821336183573,1.506697215254282e-05,6.849681531715236e-05
16,0.00023737196829237892,0.001307397050685025,0.0001784970047669461,1.2976112461667516e-05,6.739920754890867e-05,0.0008274082990961094,0.0003052832930220572,2.2086405324242524e-05,0.00014736681463030937,0.0007758777480285368,0.010206197879863937,1.6839248312928222e-05,2.8292512208936823e-06,0.0010443804878186274,0.25244216442189515,2.0729392924641375e-05,0.0005691983249310596,2.684495753855021e-07,0.010848221490263689,5.355543955162018e-07,0.022190993699833954,0.6984924095557954,0.000163301147187129,1.3626649710027458e-05,0.00010664054241551564
17,0.0002636511922312232,0.001759913179703621,0.00017972315808779357,1.0917346078616605e-05,7.527078751118575e-05,0.0006272909670315899,0.0002735549786847602,2.9855096160970477e-05,0.00016357759561748912,0.00037811773281051303,0.010233609157889585,2.4876083059422628e-05,5.283676321772763e-06,0.0011657897604208831,0.17051571187341813,1.4497229744003498e-05,0.0007722238982029392,3.015434361780456e-07,0.013492197481912832,5.077769504567397e-07,0.01356833943296524,0.7861045258485346,0.0002127896062726722,8.586533049743792e-06,0.00011888806390371789
18,0.00022735267876405473,0.0015678214899542621,8.84083634085219e-05,6.220429212467168e-06,4.159278045173839e-05,0.00063989662351648,0.00028676539481470087,2.0256734082331343e-05,0.000234454697747256,0.000478545903541575,0.0067397890337661005,1.5165889991349768e-05,3.085814732395999e-06,0.0009340040271363618,0.1610485420303438,1.4606145671255617e-05,0.0007846120217762339,2.2673785791990132e-07,0.010052180276386342,4.1147735829548186e-07,0.007769815679092974,0.8086944929173718,0.00018446843185502935,8.624830019839464e-06,0.00015865959114670408
19,0.000207115895985625,0.0019047748390917934,0.00030228424362438244,1.389406855730295e-05,0.00010801086828717076,0.0008386365381499964,0.0003008158117641166,3.723402548499174e-05,0.00023026139226969472,0.00040972267884962013,0.01107617236270559,1.1989100494619818e-05,5.069800375337678e-06,0.0007000451475077111,0.32421206300389027,1.7486554480521178e-05,0.0005140076671561674,1.0973866136979023e-07,0.01595127478779589,3.79980935049454e-07,0.009735584678474645,0.6332341036981455,0.00012305659512234718,1.1888175598299756e-05,5.401834659177079e-05
20,8.193648851707946e-05,0.0007790345755068396,0.0001293784730922175,6.50975533413124e-06,4.175788154894535e-05,0.0004957940116806386,0.00020476301525936718,2.2712300157197707e-05,0.0001128886595534708,0.0002344668254226599,0.007099677622184525,3.3493357336365615e-06,1.6440222692293512e-06,0.00030177780214694515,0.478238565731022,8.95807226832641e-06,0.00020767991834283215,2.6819213803721865e-08,0.009838233032181096,1.9519156697066588e-07,0.007600629439911062,0.4944508397364333,0.00010211914437177749,8.233194280126838e-06,2.8828952001684037e-05
21,0.00035739234201730185,0.0024600882127930623,0.0002615532509082402,1.583774624444354e-05,0.00013828305270400157,0.0010250964547321671,0.0002732237666167664,2.6995220537701824e-05,0.0002737844053215548,0.0008038154933090298,0.01660812035765617,1.8089982328288895e-05,4.558582346444431e-06,0.0011390406614905754,0.3075448248802145,2.56425696137539e-05,0.00059671347165892,2.1604021993784554e-07,0.01759403664999802,5.080588206945239e-07,0.018885772229972366,0.6316393504268761,0.00019018528761959215,1.882693544660723e-05,9.804392055367537e-05
22,0.00026213981824263906,0.001257391860198413,0.00027711768244274257,1.6836183001261493e-05,6.651385969809732e-05,0.000922768074721776,0.00022917459195307395,2.9939839023604278e-05,0.00020004879874945124,0.0006743813235827979,0.013929884839060208,1.0834079102557146e-05,3.822742151443921e-06,0.0007908847795552326,0.3084918975275609,2.2279405347927178e-05,0.0007481252625527487,1.5322999074021507e-07,0.012357196750570726,4.285921017173015e-07,0.013166597838036977,0.6463180175401286,0.00014906036743448113,2.0368297501985627e-05,5.413671728983017e-05
23,0.00022831383653311256,0.0016803205605720698,0.0002260678532770241,1.2103493787257755e-05,8.638418725827204e-05,0.000972698409001535,0.00029565653808662375,3.0408906783772155e-05,0.0002644173349790597,0.0005047486470592782,0.010792316568411347,8.885582140304764e-06,3.6101238671384092e-06,0.0006964943977641355,0.3656148591556916,1.9835251659372654e-05,0.0005086781603757972,1.0503154364865102e-07,0.014806929234265243,3.9968533069481504e-07,0.009721080179585324,0.5932799348611958,0.00016218821336183573,1.506697215254282e-05,6.849681531715236e-05
24,0.0002620397987487921,0.0023090955831471553,0.00029614043384120886,2.3180664180415844e-05,0.00018070640958376026,0.0012128424895643916,0.0003496268814841105,3.670451402312618e-05,0.0003343421073192411,0.000553956592208996,0.017581525061531426,1.7832110399176835e-05,7.067586365019434e-06,0.0013799665993954194,0.35031498960766033,3.151962032354409e-05,0.0007079463637665191,1.9187211366286638e-07,0.016297440680054762,5.467910745134205e-07,0.012695151879229481,0.5950515290088587,0.0002508283317510498,1.7663287048212738e-05,8.716572632708085e-05
25,0.00029411519106010357,0.0013841823891579015,0.00028548563964741656,1.9831824240080936e-05,0.00010159894044793354,0.0006589564258376475,0.00035606306340334404,5.900829229312112e-05,0.00019033361564184376,0.00043764194024203886,0.01722261612619143,1.1985216657393796e-05,6.596833165404094e-06,0.0005852377145178573,0.3749477185831626,2.6083966577781024e-05,0.000546760235367177,1.3255937346042807e-07,0.020088662904650646,3.9902133149395573e-07,0.014387696616665332,0.5681545689084959,0.00017802394471983502,1.3213749653134806e-05,4.308629749918568e-05
26,0.000403271307368792,0.0018097716157283307,0.00026149248290376786,2.088192687275836e-05,0.00010246321526126369,0.0012426333715867004,0.00030681102448797804,4.228381894911837e-05,0.0007517635562500812,0.000553487919829167,0.013890394050324701,6.171308818776147e-06,4.010735101968868e-06,0.0007054407884063673,0.4521432462530202,2.5871543491967234e-05,0.0008269678695561412,1.1429417779181728e-07,0.012380455261036741,5.14139003635507e-07,0.006850873468549342,0.5071922016776449,0.00034234874760250423,4.2536930791267217e-05,9.399269323577127e-05
27,0.00012951124779000343,0.0010818374921601152,0.00012193427530220635,6.691845513307098e-06,5.3517560651575414e-05,0.0006400010041556038,0.0002452344362661223,2.125250010694096e-05,0.0002952942151039233,0.00042884201249349254,0.0065054122546337675,3.897916700995938e-06,1.8037301366394585e-06,0.00046555210563583015,0.3747699574146154,1.2711007962432648e-05,0.0003134152737344301,4.774838355149491e-08,0.009718936154907412,3.085719606153198e-07,0.005158320952451197,0.5998260601778174,0.00012457126640002416,1.3500891180892395e-05,6.138794393622319e-05
28,0.00022831383653311256,0.0016803205605720698,0.0002260678532770241,1.2103493787257755e-05,8.638418725827204e-05,0.000972698409001535,0.00029565653808662375,3.0408906783772155e-05,0.0002644173349790597,0.0005047486470592782,0.010792316568411347,8.885582140304764e-06,3.6101238671384092e-06,0.0006964943977641355,0.3656148591556916,1.9835251659372654e-05,0.0005086781603757972,1.0503154364865102e-07,0.014806929234265243,3.9968533069481504e-07,0.009721080179585324,0.5932799348611958,0.00016218821336183573,1.506697215254282e-05,6.849681531715236e-05
29,0.00022831383653311256,0.0016803205605720698,0.0002260678532770241,1.2103493787257755e-05,8.638418725827204e-05,0.000972698409001535,0.00029565653808662375,3.0408906783772155e-05,0.0002644173349790597,0.0005047486470592782,0.010792316568411347,8.885582140304764e-06,3.6101238671384092e-06,0.0006964943977641355,0.3656148591556916,1.9835251659372654e-05,0.0005086781603757972,1.0503154364865102e-07,0.014806929234265243,3.9968533069481504e-07,0.009721080179585324,0.5932799348611958,0.00016218821336183573,1.506697215254282e-05,6.849681531715236e-05
30,0.00022831383653311256,0.0016803205605720698,0.0002260678532770241,1.2103493787257755e-05,8.638418725827204e-05,0.000972698409001535,0.00029565653808662375,3.0408906783772155e-05,0.0002644173349790597,0.0005047486470592782,0.010792316568411347,8.885582140304764e-06,3.6101238671384092e-06,0.0006964943977641355,0.3656148591556916,1.9835251659372654e-05,0.0005086781603757972,1.0503154364865102e-07,0.014806929234265243,3.9968533069481504e-07,0.009721080179585324,0.5932799348611958,0.00016218821336183573,1.506697215254282e-05,6.849681531715236e-05
31,0.0004794630487130401,0.0019406176838848755,0.0004272307345184732,1.3646086710906599e-05,9.967762880283734e-05,0.000771102723099203,0.0003173817964699225,6.509540870680927e-05,0.00023199043006273795,0.0005241839121208462,0.008883684658138087,1.3393455253706995e-05,5.665664970855798e-06,0.0005959577192323156,0.25492764718809446,1.9428897248278467e-05,0.0006186994609688499,2.0735351319002633e-07,0.025864869371394223,5.883307514813446e-07,0.012065246770114998,0.6918881605878818,0.00015314176725706396,1.3055073671727493e-05,7.986424841927313e-05
32,0.00021309645549025797,0.0016306438628598764,0.0002149088270296633,1.0229272500966202e-05,8.30860392364411e-05,0.0009353103404699726,0.0002892573527399409,3.165841743888916e-05,0.00023735933553215778,0.0004565531208100211,0.009877445458987187,8.744223435152265e-06,3.591393688483697e-06,0.0006206300339766292,0.35836970427168147,1.9109747314028175e-05,0.00045499944813197666,9.237140752359795e-08,0.017288691134795992,4.002220296108252e-07,0.009360082622177406,0.59966361189696,0.00015523368499853064,1.2433698679393298e-05,6.312676762852703e-05
33,0.00016516327327964042,0.0013717183697857177,0.0001483994235199318,1.000011726508472e-05,3.2015682718977635e-05,0.0008356391232100803,0.00029371463506649276,4.066126586554717e-05,0.00019459945748114807,0.000445105027010523,0.007241780447441655,2.1561520828439867e-05,1.0492085184760877e-05,0.0008050926019586642,0.0955057653190658,2.4890582316549754e-05,0.0015283950867460946,1.9039261685956407e-07,0.012603806864250194,3.7274476344323705e-07,0.004469133888082941,0.8741246930910662,8.21982156036576e-05,5.84626847500925e-06,3.8764516396425895e-05
34,0.00035978060037634844,0.0020823236826843423,0.0002167484779802788,6.172694160760707e-06,9.917242657682519e-05,0.000467983763291466,0.00019552736467632546,2.7772595218343412e-05,0.0003307255984635554,0.00038047625835080167,0.01245120385562642,5.8148070083893444e-06,3.432502894899146e-06,0.00047247190737994074,0.3268814765174735,1.0133845878576579e-05,0.00028802529314008303,6.25511193413275e-08,0.027070678274313826,2.8898295717911244e-07,0.006283286834645255,0.6221379772796398,0.00014205448543771617,1.5916110077230315e-05,7.049329062888826e-05
35,0.002014494290028394,0.0028218098916973095,0.00026173691283438343,1.216010569413036e-05,5.721158650015567e-05,0.00043391586712719036,0.0004089170949200471,0.00014033211614584764,0.0007123159407301052,0.0011677949468152683,0.005873702604205198,2.5550254285074176e-05,8.730430771904954e-06,0.00037699697098815023,0.07659498432435319,3.395177385730485e-05,0.0017123579710731994,6.911195722089037e-07,0.03115116813959127,5.392463397966723e-07,0.0074698162670713796,0.8685063717251944,8.741317864014555e-05,1.2593348428049765e-05,0.00011444389313603262
36,0.00010400799234182072,0.0009716683364746446,7.65698659672208e-05,6.689169534636041e-06,2.3722052563195025e-05,0.0008374551866225092,0.00027294232565817233,4.2399703712145256e-05,0.0002963001018574811,0.0003333047397983551,0.0039022810554431167,1.0216683174167269e-05,4.189145756497366e-06,0.00046074684250160087,0.1574118294841606,2.4597645109819803e-05,0.0011635989922683778,7.613065092702198e-08,0.00972812432552488,3.194098786543365e-07,0.0030830147447989398,0.8210881781618089,0.00011302508614356381,4.928564204271404e-06,3.9814254045555346e-05
37,0.0004944942533844415,0.0015781760940913611,0.00040582079808732896,2.1994184506487914e-05,9.950926470887297e-05,0.0008254646508202458,0.00027230398648758227,3.086261132360221e-05,0.00027165872417166066,0.0007165210999891117,0.018741462736107793,1.1138724275636682e-05,4.335874135519392e-06,0.0009982524259982799,0.3530976759498996,2.0855298615747865e-05,0.0007071436438408444,2.5264418965485946e-07,0.01358459395474738,5.07533300014697e-07,0.012327306877906865,0.5954695681842318,0.00018835055229960421,4.101319754539574e-05,9.073673533516336e-05
38,0.0001765421226483571,0.0014902865081172006,0.0002052158499966219,1.0938089437837107e-05,6.666680751852811e-05,0.0015386828109707096,0.00034676824649696185,3.4823466115760866e-05,0.00017910404418281173,0.000434305891072688,0.010263987866879853,9.4555221400016e-06,4.108184997049445e-06,0.0005480881385348089,0.4330903805486827,2.8572933978172064e-05,0.0005154178405613793,8.243021249033156e-08,0.019504462255276682,4.3073298681057974e-07,0.01143073692503522,0.519882255061237,0.00018031207138261156,1.0806268611994462e-05,4.756938292566354e-05
39,0.0002174378525408273,0.0015868396343202903,0.0002178134801358217,1.189733527835814e-05,8.172916928125652e-05,0.0009849366322348058,0.00030275905655945123,3.183566907187167e-05,0.0002472467959268058,0.0004874110821320043,0.010008321634319313,8.835427930153988e-06,3.5034349421804037e-06,0.000659083008964802,0.3665516064752657,2.0101302192600942e-05,0.0005054314519162565,1.0275315282080579e-07,0.014945094946951011,4.088977966266459e-07,0.01012744861516413,0.5927509426711557,0.00016717259180622896,1.3862599564490726e-05,6.81774813962722e-05
40,0.00012074591929260859,0.0022624602061541307,0.0003103645534091539,5.0956779028513755e-06,0.0001166275712199724,0.0009313224760549869,0.00017891359509501791,1.389524053899124e-05,0.00011150012503480318,0.00026492291157117944,0.007939638224486394,9.575251569203165e-06,2.467830471441011e-06,0.000697145265242143,0.3696957629707515,7.83891990250135e-06,0.00022119917834291825,5.9277567219847396e-08,0.017043760018161682,2.9725536848922864e-07,0.008467152778948191,0.591463996284565,7.535414081679653e-05,6.9615287138743934e-06,5.2942798818988186e-05
41,0.0003039160228330161,0.006628442222087138,0.0004566520347372289,3.1090359664501864e-05,0.0003610225530733051,0.0028295739788982183,0.00043425041077137125,5.077251848201802e-05,0.001832922538682047,0.0008551903491852222,0.01416663411080942,7.64822541555241e-06,7.639886432520764e-06,0.0009120435131941658,0.5464742808099243,4.606443221576296e-05,0.0007927465248705701,6.835049289830562e-08,0.014671140474426119,3.7554243336758384e-07,0.006400100804779754,0.402455357016219,0.00018296155245079015,2.807523811883169e-05,7.103052980303943e-05
42,0.0020485941176063057,0.009075852830303313,0.0004139893227520662,0.00019288380640493317,0.0009086470089939341,0.007507910452343275,0.001246569092894852,9.62591115314844e-06,0.0026983131182078267,0.0017387011175757031,0.12611895554550076,3.4821975145202926e-05,1.1604413963311319e-05,0.015276693043904102,0.6562516952747467,0.00011966288696989354,0.002788315719528847,4.5025576940075665e-06,0.0037125211293451924,1.1516945196312871e-06,0.0164762278363755,0.14843648729823364,0.002582665064576979,0.00035886205451773727,0.0019847467267431235
43,0.0002712183271409622,0.002395599304021699,0.0002667275819405733,1.4317040808852237e-05,0.00010873573042697835,0.0010669121467620525,0.00033909720913541597,3.124467814018994e-05,0.00023322838862625632,0.00035038628266112595,0.015196552754738649,1.5527029465278235e-05,5.39720692538341e-06,0.0008584954711413234,0.3927761848887697,2.0216221484909627e-05,0.0006508714147061706,1.458709834048658e-07,0.01626859125619149,3.4252964804142783e-07,0.01120642477243469,0.5576393263056353,0.0001920595755075427,1.370067562485794e-05,7.869733707913935e-05
44,0.00022831383653311256,0.0016803205605720698,0.0002260678532770241,1.2103493787257755e-05,8.638418725827204e-05,0.000972698409001535,0.00029565653808662375,3.0408906783772155e-05,0.0002644173349790597,0.0005047486470592782,0.010792316568411347,8.885582140304764e-06,3.6101238671384092e-06,0.0006964943977641355,0.3656148591556916,1.9835251659372654e-05,0.0005086781603757972,1.0503154364865102e-07,0.014806929234265243,3.9968533069481504e-07,0.009721080179585324,0.5932799348611958,0.00016218821336183573,1.506697215254282e-05,6.849681531715236e-05
45,9.18155781562655e-05,0.0006875143192283944,0.00017849556130058758,9.437295709688022e-06,4.233901308194378e-05,0.0009674474532004095,0.0003143761141585692,4.2015544360958216e-05,0.00015949701842483277,0.0003023389178227099,0.005525725215666179,2.606189501879786e-06,2.1010527460069008e-06,0.000217752771762794,0.5992887318571012,2.0558756756278307e-05,0.00025664505343534887,2.4981475101971662e-08,0.012642927568753369,2.740965031304793e-07,0.0055961708103152335,0.37352459724181974,9.681979413940895e-05,9.665342534460302e-06,2.0122452045469726e-05
46,0.0003255710993383228,0.0013901065551982076,0.0002655832360005601,2.5801757775533856e-05,3.430281848701804e-05,0.001870188063427381,0.00026290539778530233,6.369256374349713e-05,0.0002578177466420585,0.0005330735115638261,0.013867529562094123,1.5694605724362645e-05,7.0199640122394325e-06,0.0005908948095402575,0.3063828400893425,4.074859082044877e-05,0.0023556852155118616,1.6151979828877578e-07,0.01264722010290351,4.2624862361138725e-07,0.011595329564550326,0.6471864523250349,0.00022200809576192199,2.293356547148309e-05,3.601299084845011e-05
47,0.00022073206364399482,0.001540674242578194,8.477271430222882e-05,2.0040968464803717e-06,2.0774334861883435e-05,0.0003938326834859757,0.0001946491654671319,2.702348582378112e-05,0.0001416696168383051,0.00033990866576957764,0.0028143876606452002,1.1910389029839902e-05,2.3667405537650734e-06,0.00022740947671907893,0.1070515173706378,8.679738907426428e-06,0.0004453698340438006,8.714344860928995e-08,0.019695360668694418,2.457619233055352e-07,0.004987577061429625,0.8616877722017572,4.4190213722696525e-05,3.3328255273201323e-06,5.375184334232881e-05
48,0.0002274214120890499,0.002031318506545907,0.0002309549418629956,1.1311824143405681e-05,5.7325939185834e-05,0.001531198832527932,0.0003416350202500568,5.071730183844905e-05,0.0002582415129142581,0.000407110778766488,0.009219435620056582,1.073635998907466e-05,5.6419400468685805e-06,0.00047338368910766244,0.3505094724124502,2.5347576480631074e-05,0.0008288440955322687,8.03271798276451e-08,0.02185210064010323,3.68572399637587e-07,0.008810546280915545,0.6029109668893838,0.00015246652054329776,1.0001884323368776e-05,4.337112136363767e-05
49,0.00014617262649585153,0.0016243888404770459,0.00025397398793343737,8.25477000480707e-06,6.414791408349822e-05,0.0010745395354125433,0.0002287151403294313,2.3128882893444744e-05,0.0001464775745951237,0.00040165717152336624,0.007859652195084726,1.1575084639455653e-05,3.435471337474055e-06,0.0006595225090545131,0.27944898914098615,1.3732462193343709e-05,0.0004861646167358835,9.475080932560298e-08,0.013936464872463883,3.9210477390942976e-07,0.009568155828254614,0.6838861569762373,9.58049056802139e-05,9.280587416290691e-06,4.9122050584367554e-05
50,0.00015348256989729543,0.0007613910459923994,8.231285187671214e-05,3.135319046887379e-06,4.178297086698517e-05,0.0002277728293328411,0.00036214789323984515,2.2962067779995454e-05,0.00023758191836609178,0.000691505824739054,0.002673592326950508,2.408721537561316e-06,1.1097477594344492e-06,0.00032667841027108566,0.2165809938015463,8.430920614016939e-06,0.0001408227349484856,6.060042268323697e-08,0.012751434522807048,3.3292525938525373e-07,0.00421236162832011,0.7605410697024696,6.102483774703753e-05,6.670771848376749e-06,0.0001089330563602336
51,0.0002792338259189531,0.0035155583369665846,0.0004765402647534043,3.134573029834517e-05,0.00014178786834601005,0.0008852945730013872,0.00026269051916333065,4.2740400213685164e-05,0.0005940300572054782,0.0006947504067780495,0.01804660010809573,9.56688264412529e-06,7.431022087962446e-06,0.0008247200924953713,0.33292224544527216,1.7768583346439956e-05,0.0008357113569642977,8.456635702781801e-08,0.0089201776700465,2.0675589905991525e-07,0.008679462255301877,0.6226779735230399,7.382864417698301e-05,2.740640010975801e-05,3.284471151780846e-05
52,0.00025401265640792104,0.0015377608908654357,0.00024668644203822826,1.4421329060171392e-05,8.686935886906359e-05,0.0010336727446396334,0.0003019933178557101,3.189576531349646e-05,0.00028276567673141275,0.0005928332569415769,0.012040046339253364,8.839944267680645e-06,3.877753761527721e-06,0.0007556888925668767,0.3656620318397087,2.3160191522464516e-05,0.0005658046732959209,1.239370091094379e-07,0.014308021787559421,4.554512481295894e-07,0.009785555907660328,0.5922038238041772,0.00017254859117795304,1.8846691026067885e-05,6.826275704240404e-05
53,0.00010541031345563998,0.0007764614317639103,7.838892981045764e-05,1.0317030639521759e-05,5.341671316323672e-05,0.0007547555935988488,0.0006595742337833604,3.157314402814817e-05,0.00031855804079254245,0.00036057783462687445,0.006513471379780806,3.662631386320842e-06,2.1978176675790764e-06,0.0004744352420594322,0.5410784567075907,2.330278820054998e-05,0.0003138997126286633,6.374892429336271e-08,0.008093182710025317,3.911272176515059e-07,0.005439126221407215,0.4345732606612461,0.00023892506955366862,1.1417578696981583e-05,8.51733379523436e-05
54,0.0002472809531980255,0.0039790615504076395,9.919930474287045e-05,5.2025785277775065e-06,8.063180237280164e-05,0.0010306535693303323,0.00042088888910814167,2.29392582254361e-05,0.00044802887323868693,0.0005702695773435243,0.0061529568562476685,1.5648630401352315e-05,3.3106107227424602e-06,0.0007539028895292557,0.25444534073346176,2.1051863910785227e-05,0.0005647574452341474,1.2898578355098167e-07,0.016349143073517595,3.0988636596793486e-07,0.007360490868613016,0.7071431577231696,0.00012647724622571303,7.286696333760003e-06,0.00015188013398766131
55,0.0006265377483955818,0.008053637178418477,0.00021758496534898407,1.3322108356446937e-05,0.00024672366490534965,0.0009714582624070061,0.0006642719064486493,3.0408140114898722e-05,0.0006575213593004704,0.000579283882738301,0.015500331631911135,6.62380164781106e-05,8.607302463989441e-06,0.0014663853475504333,0.24356568865757902,2.9371283971537237e-05,0.0010044953761823847,5.995938850488374e-07,0.01997997458858796,4.4284314454896654e-07,0.013622295298194692,0.6921922635598206,0.0001775925317791962,1.2538859332618048e-05,0.00031242589268445616
56,0.0002312808980461818,0.001842247220419155,0.00023592626497903393,1.2405256200479142e-05,8.998004904598314e-05,0.0009788323468688865,0.0003095528157799873,3.1762290184281354e-05,0.0002723647409693048,0.0004905192814983686,0.011550058254479688,9.942139566575088e-06,4.296344752334032e-06,0.0007234460021670266,0.3549477733484664,2.0014016158463516e-05,0.0005411061861230171,1.1095000289561581e-07,0.015370201261933291,4.017420760874518e-07,0.009362522614602922,0.6027344280220771,0.00015790754418755628,1.4783507645362542e-05,6.813690176952963e-05
57,0.00013964378322569128,0.001376498740381826,0.00018939793309682797,4.455973867739782e-06,6.21150397579831e-05,0.0005889991871287563,0.00018098602458022488,2.974800773403514e-05,9.612608248536222e-05,0.0002639740207050335,0.005852976081804261,1.284343668557161e-05,3.116490296116707e-06,0.00038151382646052793,0.21971868347778747,1.157849006939045e-05,0.0003100767951127759,6.412595660148404e-08,0.02793806980582014,3.2678685480715035e-07,0.010074657763957088,0.7326421680067398,8.099121830291529e-05,3.9745086636449694e-06,3.7014392525315184e-05
58,0.00021470900024311303,0.0014378491967605416,0.00022473297519292262,1.1903099936425982e-05,7.47057473878389e-05,0.0008933470462300074,0.0002679152309991754,2.776008034847698e-05,0.00026533166717144103,0.0005005966687868913,0.010879554180085679,7.0545452153930396e-06,3.177057332048164e-06,0.0006322692522216839,0.3890136818572547,1.7983731761096918e-05,0.000470038626186272,9.049545551623441e-08,0.012794936218941528,3.8017256431971675e-07,0.008480506421571466,0.5735493859906976,0.000151212580958942,1.8973890458561253e-05,6.190426623848942e-05
59,0.00021085102298543012,0.0013508015949999577,0.00023770594408235773,1.2561863598087678e-05,7.671644426344628e-05,0.0008632153888263934,0.00025550796388950747,2.678032762014835e-05,0.00026385707277421357,0.0005222751925644496,0.010917490518736075,6.423485862144967e-06,2.878750847554641e-06,0.000635604938263134,0.40366831035918155,1.7607391584851577e-05,0.00045145438136057604,8.836516221452399e-08,0.011988133916103004,3.7994799884201984e-07,0.008605223438502466,0.5596549473631334,0.00014901678437959423,2.10304880466582e-05,6.113705523395842e-05
60,0.00022831383653311256,0.0016803205605720698,0.0002260678532770241,1.2103493787257755e-05,8.638418725827204e-05,0.000972698409001535,0.00029565653808662375,3.0408906783772155e-05,0.0002644173349790597,0.0005047486470592782,0.010792316568411347,8.885582140304764e-06,3.6101238671384092e-06,0.0006964943977641355,0.3656148591556916,1.9835251659372654e-05,0.0005086781603757972,1.0503154364865102e-07,0.014806929234265243,3.9968533069481504e-07,0.009721080179585324,0.5932799348611958,0.00016218821336183573,1.506697215254282e-05,6.849681531715236e-05
61,0.0002283663500498027,0.0014114067221350504,0.00026759180872829247,1.3628304364039776e-05,8.06716436666046e-05,0.0009333193960926329,0.0002585172705724427,3.0138741950142534e-05,0.000252781422392889,0.0005261713041181504,0.011224401108567688,7.1278312534442336e-06,3.249225722835758e-06,0.000652252354389377,0.3936303105777989,1.8630065074641106e-05,0.00048769192924813526,9.690096755510472e-08,0.013136705756416811,4.0319104289882676e-07,0.009380089096471672,0.5672245527714361,0.000152898898839796,2.002166843253767e-05,5.897566026750566e-05
62,0.00022831383653311256,0.0016803205605720698,0.0002260678532770241,1.2103493787257755e-05,8.638418725827204e-05,0.000972698409001535,0.00029565653808662375,3.0408906783772155e-05,0.0002644173349790597,0.0005047486470592782,0.010792316568411347,8.885582140304764e-06,3.6101238671384092e-06,0.0006964943977641355,0.3656148591556916,1.9835251659372654e-05,0.0005086781603757972,1.0503154364865102e-07,0.014806929234265243,3.9968533069481504e-07,0.009721080179585324,0.5932799348611958,0.00016218821336183573,1.506697215254282e-05,6.849681531715236e-05
63,0.00022945957791743916,0.0018175978750165124,0.00022229120544848676,1.1443166499042466e-05,8.658806418790944e-05,0.0009588644304327257,0.0002955688371097087,2.9797176023105535e-05,0.0002716426634873065,0.0004940050933247006,0.010645516944604708,9.010244563588099e-06,3.6230514639311343e-06,0.0006815580052946009,0.3626806914769987,1.8932561134133138e-05,0.0005039100198569719,1.015720925719812e-07,0.014850350436101962,3.7686516720453665e-07,0.009449657358169217,0.596501802784998,0.00015365811983986477,1.4517000428787445e-05,6.903546983885846e-05
64,0.00020662100745118776,0.0015902336665840377,0.00023517550863617426,1.187392462311465e-05,8.759087583873104e-05,0.0009091106520421971,0.000285285127859935,3.1394945658239444e-05,0.000211942209595902,0.00047241773319550115,0.010303736544341753,8.354723261433361e-06,3.1825964736055617e-06,0.0005872307370013916,0.3927401621483947,1.7580998353821957e-05,0.0004107209068685802,8.872426432470706e-08,0.015526026006724017,3.8712327518061703e-07,0.012817314361565343,0.5633135928634231,0.00015647647887007677,1.3376223755090916e-05,6.012391194272811e-05
65,9.901064711955982e-05,0.0011412179842688116,0.0002449288095195629,9.94490058962272e-06,6.237660077826932e-05,0.00106779281603218,0.0002135281765494413,2.3498771903461578e-05,0.0001286389517017452,0.00027442184191165265,0.008854285383446044,4.213417564870923e-06,2.349753146420895e-06,0.00040935191952367396,0.5540756476132497,1.2535189143806462e-05,0.00029319388173797503,3.347907590768333e-08,0.011282000017459071,2.5366687574103637e-07,0.009038288562806598,0.4126003527035045,0.0001215176081793299,1.1090924312107924e-05,2.952637959994157e-05
66,0.0002821779580652488,0.0019150162344205481,0.0004120232375397721,2.53418939265638e-05,0.00017344238106065018,0.0009293369308356218,0.00023348819374182658,2.3348687904365626e-05,0.00023705810469608747,0.0009573289732671404,0.021128070472259747,1.4925429566373134e-05,4.907477581000177e-06,0.001394317875836732,0.3154055048917312,2.7699683959771093e-05,0.000614706209877288,2.070649946045667e-07,0.012240795559406412,4.262845659960109e-07,0.01745200040570705,0.6263004785880995,0.00013464114731303958,2.4722178943538743e-05,6.803413469999978e-05
67,7.83875294130652e-05,0.0007390045869492416,0.00013060131694701208,1.0272231484952333e-05,2.334049100808497e-05,0.00332260945495674,0.00025423387195188865,9.080882716090851e-06,7.377093422444237e-05,0.00039198306701135674,0.011496115731071807,1.0801862360070841e-05,2.807076676297957e-06,0.0017533934252458373,0.38823740675769675,1.694581222084773e-05,0.0009699877728535618,1.5010858139541216e-07,0.00664276526519271,8.860599930763479e-07,0.013703832538176775,0.5715718064249814,0.00044053313022974236,1.9304605211960862e-05,9.997906284476504e-05
68,0.00037162466716585585,0.0019461553123859194,0.0003901065808715394,2.8026123465311748e-05,0.00010063590470130518,0.0015725707970158736,0.0005587472212941183,5.8358927668823e-05,0.0002746874184797447,0.0006574105482215997,0.016129292414419346,2.5594750081074366e-05,1.0916526476036673e-05,0.001299543184576599,0.28259355243667095,3.78850131371189e-05,0.0012014862925564154,4.220715437865687e-07,0.01859537031023271,8.451611993120926e-07,0.01736455368697679,0.6563872027732232,0.0002770549649903531,1.676902688220621e-05,0.00010118788576409596
69,0.00015259688461139598,0.0011680194677177202,0.00019458711751706344,7.435912640558073e-06,4.261892485151981e-05,0.0012585091834940983,0.000220189175211197,2.410679716975774e-05,0.00010296472602130075,0.0003593636296446857,0.010300293484585407,1.0785195407542111e-05,3.7403086509260237e-06,0.000617083829323467,0.3078138359957882,1.496094325762717e-05,0.0004989374009468982,8.676607342719144e-08,0.019573101009880894,5.09144818455681e-07,0.012751535069960443,0.6446630059420815,0.00016903369779242602,9.918189554712329e-06,4.278120299864826e-05
70,0.00021443693363726757,0.0015732755254611215,0.0003019165885987646,3.195645658150943e-05,0.00012554720769173978,0.0022099692368711147,0.00041652906971678406,4.263313821846422e-05,0.0005187681615525598,0.0008520107961378756,0.012770528439648949,1.115284277437947e-05,5.888382451109511e-06,0.0013598395926714025,0.39065361652597813,5.1232845466260275e-05,0.0010622534135453455,1.8262404235024593e-07,0.011120090257805594,8.261823284221761e-07,0.009885694736822832,0.5663738644014367,0.0003071708224985433,2.7538561403785984e-05,8.307725665902814e-05
71,0.0003101548342894208,0.002035628798294502,0.0001831279964239954,1.4031747404002229e-05,0.00011509183316183798,0.00088965798272129,0.0003363971514579317,3.5025729690778406e-05,0.0003949347629730537,0.0006148201528996599,0.012883382697967825,1.206543495206307e-05,4.23058609616604e-06,0.000823968917795865,0.34740553161589866,2.809290714432151e-05,0.0005962668493130622,1.4977943794367001e-07,0.015637433585205373,4.490657112990764e-07,0.010715317128547485,0.6066359241131266,0.00021658639129293688,1.69753166368696e-05,9.47546215571214e-05
