,0,1,2,3,4,5,6,7,8,9,10,11,12,13,14,15,16,17,18,19,20,21,22,23,24
0,0.00916111929886202,0.004429127027696329,2.2326607586154253e-05,6.202617990208472e-07,0.0007979272923617921,0.002221863908125747,0.00038600234344001946,1.3983819638544347e-06,0.00015534906616201735,1.0423041405836651e-06,0.0207332582503644,0.0005186205909357711,7.599402188417187e-09,0.0016181982141811346,0.9365524176483828,2.3996550177249257e-05,5.413972739330663e-06,5.670578390999574e-06,0.006467525935932538,2.0540611739244375e-09,0.00022584219347711318,0.014534024081878863,0.0005635656280499975,2.1512939278464575e-06,0.0015725289159609563
1,0.005661901690427427,0.005453948287201333,1.427963034569421e-05,7.773731113761632e-07,0.0005532837946358801,0.0015606459118575422,0.00033736608657567314,1.8295228223198782e-06,0.00018627117629873029,1.9836333728639608e-06,0.01037823090260991,0.0002777075884655646,4.690569741284226e-09,0.0014099568751314141,0.9450454053611599,2.7538268306942998e-05,4.54758238547332e-06,4.155132333110157e-06,0.009547176624040005,1.991824730068813e-09,0.00033410794887560303,0.016096614031473354,0.00047930000927204645,1.5812591590719167e-06,0.002621384627744246
2,0.0045922575569931606,0.003445132819279952,4.140864939929135e-06,3.5394963031674553e-07,0.000249133880389087,0.0008597911521888173,0.0001689890125696229,7.378480234571337e-07,3.633583803768095e-05,7.014206620849445e-07,0.006078488859902282,0.00019559767622155503,1.9892671189454966e-09,0.0008281062141073927,0.9605430046303814,1.6109414189105534e-05,5.592147977115352e-06,3.4559586020600415e-06,0.003343046456939186,8.112082347833265e-10,0.00022698722953276687,0.016734672074145255,0.0008792969371276434,1.1635951368152585e-06,0.0017869016625478662
3,0.008685169773196597,0.007847300948121132,1.3256982838809974e-05,1.0139832799601967e-06,0.0006454562404585492,0.0015249991611573802,0.0003506295073222118,1.7441362816008796e-06,8.986467270696818e-05,1.6788430909836616e-06,0.014358902123789936,0.00043182568742797055,5.904076616167338e-09,0.0017761845465289903,0.9301701436377401,2.1542249805678602e-05,8.83202075454966e-06,9.255038396258092e-06,0.006195260052113495,1.942077070162294e-09,0.0004073360172339677,0.023326650113014945,0.0009812940178064301,2.7405624388942436e-06,0.0031489118383409803
4,0.008589554181150804,0.0086879087284285,1.6199751174661463e-05,1.1313078975609785e-06,0.0007965532046845258,0.001794280666580294,0.00038307233032219384,1.6892125742843961e-06,9.791374909105773e-05,1.8330612823939874e-06,0.015633655530583435,0.0004762601554775468,8.165802380957477e-09,0.0022497736137474826,0.9268236108729418,2.256229275231086e-05,8.784971863932444e-06,1.00570726899078e-05,0.005993409865935524,2.2333786438930843e-09,0.00039453910834734006,0.024024119815386345,0.0010369802630946427,2.987705417025473e-06,0.002953112139395607
5,0.009882927670332872,0.01104986335566249,1.537661624074312e-05,1.7635443437445226e-06,0.0008902699540357246,0.001910561042740966,0.0004271984430324969,2.327730993133415e-06,8.864463927351901e-05,2.492044654370415e-06,0.018521789899145977,0.0005219666195190515,8.281689713750292e-09,0.0023515328252749755,0.9139640110152776,2.4315866114556076e-05,1.1914558520061314e-05,1.6736901273341783e-05,0.006466677966951394,2.6486944078024697e-09,0.0006002984372829689,0.027628517237309483,0.001502400313108795,4.113587958563293e-06,0.004114288800569149
6,0.008685169773196597,0.007847300948121132,1.3256982838809974e-05,1.0139832799601967e-06,0.0006454562404585492,0.0015249991611573802,0.0003506295073222118,1.7441362816008796e-06,8.986467270696818e-05,1.6788430909836616e-06,0.014358902123789936,0.00043182568742797055,5.904076616167338e-09,0.0017761845465289903,0.9301701436377401,2.1542249805678602e-05,8.83202075454966e-06,9.255038396258092e-06,0.006195260052113495,1.942077070162294e-09,0.0004073360172339677,0.023326650113014945,0.0009812940178064301,2.7405624388942436e-06,0.0031489118383409803
7,0.014424980905809459,0.017788374489713623,3.2036206876695255e-05,1.2855687614808772e-06,0.0005360607138711282,0.001410377021996485,0.0008786391929379631,1.998747471942516e-06,0.00019442025426110436,1.6031721180649768e-06,0.034538133719827016,0.0004877513673504936,2.1684628613702058e-08,0.0018935136918740148,0.8987832147203791,1.260231868864132e-05,9.591444038506819e-06,1.4918550065622537e-05,0.00511379624031691,4.33003421661268e-09,0.0002431946102530676,0.019869412011457095,0.0006343890063942987,6.3710015941869725e-06,0.003123309029280329
8,0.010704773615625544,0.010141951466761487,1.7416718822407885e-05,1.820325954019865e-06,0.0006549890799098994,0.0007893316388970106,0.0004325485245740061,2.682251232146879e-06,7.576206885221188e-05,2.926228812012869e-06,0.006293936700706561,0.0003258616066239684,6.804258687294361e-09,0.0018784051958163244,0.9352186907330293,2.8213474280829968e-05,1.3797833490522669e-05,8.09029533417771e-06,0.005075629720461849,1.8972367642928325e-09,0.0004907320301939059,0.018639828499722434,0.0015139349699893857,6.635775167075514e-06,0.007682032544247429
9,0.012087451150330922,0.018077751189572708,4.608207137987308e-05,2.447376687723899e-06,0.0010118056289222075,0.0007875339062550677,0.0005919741658285345,3.435621714466772e-06,0.0001817300085245823,3.396957163664895e-06,0.010599815343883193,0.00038716412086489346,1.8165791150452703e-08,0.002073283422309454,0.9243351520425951,1.8350339001440582e-05,1.5521940204676696e-05,1.0140702156763294e-05,0.005068074892962978,2.9752789820687838e-09,0.00039183512433301127,0.015023327367865389,0.0008650335652692576,1.3519528360432316e-05,0.008405152392743472
10,0.008685169773196597,0.007847300948121132,1.3256982838809974e-05,1.0139832799601967e-06,0.0006454562404585492,0.0015249991611573802,0.0003506295073222118,1.7441362816008796e-06,8.986467270696818e-05,1.6788430909836616e-06,0.014358902123789936,0.00043182568742797055,5.904076616167338e-09,0.0017761845465289903,0.9301701436377401,2.1542249805678602e-05,8.83202075454966e-06,9.255038396258092e-06,0.006195260052113495,1.942077070162294e-09,0.0004073360172339677,0.023326650113014945,0.0009812940178064301,2.7405624388942436e-06,0.0031489118383409803
11,0.009143115816512677,0.008552425094730228,1.4426515196157758e-05,1.0854811015863217e-06,0.0006755384892597451,0.0016062920286625364,0.0003752320230048932,1.785697551349501e-06,9.371204863969871e-05,1.7537764855031782e-06,0.015335610577865002,0.0004638050387292767,7.072236204185187e-09,0.0019328416214617827,0.9266250989066597,2.1694963134774713e-05,9.352078745237183e-06,1.0267540571603251e-05,0.00609660362442896,2.1768763841889618e-09,0.00040349937021159395,0.02441118219973378,0.0010288132997928463,2.9846061439319604e-06,0.0031928699522646275
12,0.015454287894809099,0.013686042408960559,1.313805870345744e-05,2.164837534710732e-06,0.002277443945080217,0.003633249584673888,0.00030121583365585314,1.6990009900658604e-06,1.7506085019768418e-05,2.5898034407386152e-06,0.019361617831354185,0.001896565266630761,1.1577755971343039e-08,0.008019566081701623,0.8186784322048907,4.16333064533281e-05,3.3743357278490605e-05,5.407474388770567e-05,0.00425732200073355,2.4629506665788847e-09,0.0010399448928757426,0.1000211311590825,0.007636110272600267,4.954347748971652e-06,0.0035655530411872922
13,0.009121570050110613,0.004757849713863323,1.5711131187212554e-05,6.733314270795113e-07,0.0005478770178482426,0.0011121750369507885,0.00026840577120103526,1.5404254304065265e-06,8.518049176763381e-05,6.506891875701918e-07,0.02359978708096932,0.0008679664405642596,4.838905655427696e-09,0.001684166026204472,0.9246003715060269,1.2587923927083825e-05,1.0192999040704073e-05,7.403979902371469e-06,0.005793250826367332,1.6513941041451215e-09,0.00037476745186636456,0.024336748434595344,0.0006572121638717395,1.69178441048966e-06,0.0021422132329797735
14,0.005780573324174133,0.01931690623750439,1.607829601448017e-05,1.5694013670943558e-06,0.0011131781586332474,0.00210912444567021,0.0004048718249216563,2.2584838702905926e-06,0.0001488254612002759,4.1108536852759925e-06,0.018427839408673975,0.00027856056943685245,1.1032918495378528e-08,0.001979914264091787,0.9139528055758287,1.865022310525188e-05,8.104085423624097e-06,1.2864559177852182e-05,0.0072411308988350265,2.511210281209473e-09,0.0004981213231164548,0.02487920806387041,0.000831769235060279,4.418621219863169e-06,0.0029691031409898963
15,0.008685169773196597,0.007847300948121132,1.3256982838809974e-05,1.0139832799601967e-06,0.0006454562404585492,0.0015249991611573802,0.0003506295073222118,1.7441362816008796e-06,8.986467270696818e-05,1.6788430909836616e-06,0.014358902123789936,0.00043182568742797055,5.904076616167338e-09,0.0017761845465289903,0.9301701436377401,2.1542249805678602e-05,8.83202075454966e-06,9.255038396258092e-06,0.006195260052113495,1.942077070162294e-09,0.0004073360172339677,0.023326650113014945,0.0009812940178064301,2.7405624388942436e-06,0.0031489118383409803
16,0.010230271326056339,0.011175202842525166,1.0588742925295326e-05,1.7801668739919939e-06,0.0006282936782437676,0.002494531517586214,0.0005099497065635448,2.7598716612438253e-06,8.068782985118405e-05,4.345609310471077e-06,0.017687734462478295,0.0005316897025392603,5.337090799330726e-09,0.0022915422847615886,0.8973880582472114,4.2184130758668095e-05,1.1269945751727102e-05,2.2622071502425476e-05,0.008475518385031123,3.2863244281286056e-09,0.0011810680159154688,0.04118274129447604,0.0016287832331146619,3.1181561813884563e-06,0.0044152501552654376
17,0.016091586337670733,0.011913895224717818,2.3788752963605173e-05,3.172217300709768e-06,0.001164002396045562,0.0025592434769489848,0.0006291538837028161,2.8169801210018437e-06,8.3438225369964e-05,2.8057160154856076e-06,0.022819712473826984,0.0010813731398607786,1.2270360789793155e-08,0.005482574772209803,0.8831609004655196,3.844929212578313e-05,1.509230483321359e-05,2.626596192336846e-05,0.007315983689678901,4.3494114791624785e-09,0.0008397414365841486,0.03729037502166986,0.0028612426137725275,4.418064048774658e-06,0.006589950933317286
18,0.02741316280853734,0.013552063915602954,1.910247812694821e-05,1.449854104864612e-06,0.0005454852246199778,0.0008554437920734291,0.000517388295454306,2.87947903627338e-06,5.816448067920533e-05,2.044339066635452e-06,0.012748935519485255,0.0011380745933344983,9.225041344111183e-09,0.0023669386843825067,0.8693773951518309,2.19265333430089e-05,3.365516570943033e-05,2.6708968693276654e-05,0.005955376401659722,2.4546236704691586e-09,0.0006253753066974959,0.055245043176801546,0.0016198605582951157,7.602697244164023e-06,0.007865910895556008
19,0.007751517528521068,0.010080215584590437,3.322387995381427e-05,1.4819646595811076e-06,0.0014344020589713877,0.0019323769217471332,0.00036022008187201315,2.6271600022379883e-06,0.00018907795842851557,2.5296234443432125e-06,0.0179131451507684,0.0007430991954201222,1.2446305054204585e-08,0.002972741117531565,0.9144362665101259,2.0755678045181894e-05,1.0322395939631839e-05,9.652864944846916e-06,0.007798503337832112,2.9879270418599968e-09,0.0004281054321525995,0.029895175880388723,0.0006787350932898478,3.3729659917460926e-06,0.003302436181146637
20,0.00507432416677007,0.006465340947710186,8.15393668845205e-06,6.632310953235827e-07,0.0005392891969355953,0.000886124673583982,0.00019132296818131397,2.1273972091294504e-06,7.014432015397878e-05,1.5953971960225836e-06,0.00822167613993822,0.0003265262233835716,3.488793353377917e-09,0.001086970600017839,0.9322824908057946,1.48848810212441e-05,1.0911980321564808e-05,6.330872877100229e-06,0.005791569473161597,1.3473138768324248e-09,0.0004007457112543524,0.03565521339039386,0.0007258673412090943,2.206977159944666e-06,0.002235514531835808
21,0.01883427066892077,0.008202237045288316,2.527562934490013e-05,1.907751737743986e-06,0.0008606170755811356,0.003110099577834687,0.0007922011255310987,1.9987122706573635e-06,9.016512569472394e-05,2.5032397175319447e-06,0.022945573287931887,0.0011894962746610007,1.2851608484221706e-08,0.004158878424911608,0.9002293176597662,5.747949227724635e-05,1.0381029492796515e-05,1.8890216294983677e-05,0.006905041165185484,4.451767643656456e-09,0.0006376451466342524,0.025438437046396797,0.0020461345147053623,3.72536212040366e-06,0.004437707124324103
22,0.012073919629539714,0.00692332824643264,1.5033351867766601e-05,1.1277016226527289e-06,0.000686601209796049,0.0021792976638730414,0.00040058904874563017,2.0847163012353543e-06,7.396671439377186e-05,1.7014315874216772e-06,0.02370042118294876,0.0007116628179478798,5.422034081070378e-09,0.0020035409451548726,0.9077500596300456,2.904149661017234e-05,1.2978466410143641e-05,1.8041959882751075e-05,0.006089143449401676,2.6188369290361243e-09,0.0006847875420123691,0.03241011261040191,0.0013636704012507282,3.079088025690984e-06,0.0028658026548764363
23,0.008685169773196597,0.007847300948121132,1.3256982838809974e-05,1.0139832799601967e-06,0.0006454562404585492,0.0015249991611573802,0.0003506295073222118,1.7441362816008796e-06,8.986467270696818e-05,1.6788430909836616e-06,0.014358902123789936,0.00043182568742797055,5.904076616167338e-09,0.0017761845465289903,0.9301701436377401,2.1542249805678602e-05,8.83202075454966e-06,9.255038396258092e-06,0.006195260052113495,1.942077070162294e-09,0.0004073360172339677,0.023326650113014945,0.0009812940178064301,2.7405624388942436e-06,0.0031489118383409803
24,0.008667147753965005,0.01624305198366961,1.9360059706218184e-05,2.4520702927867827e-06,0.001349559252589128,0.0026961178139870085,0.0004734684891044327,2.398415088269065e-06,0.00011461810683791583,3.837224213061441e-06,0.01940886731479911,0.0005858802467980938,1.2853777434859971e-08,0.0041638816390888985,0.8978762917754264,2.887934534289674e-05,9.916078243579013e-06,1.7897780657911963e-05,0.008470415559422129,3.464334417221281e-09,0.000663489272790161,0.03319723150118621,0.001527324231567817,3.5852149851096485e-06,0.004474312552126464
25,0.01711598630180662,0.008593570020711087,2.4951075592874624e-05,2.213673359449967e-06,0.0007737578376827262,0.0014132465190111832,0.0007672924653793214,4.341805405822222e-06,9.700515909503472e-05,1.5458213742421186e-06,0.040825397047785074,0.0011851451827863235,1.1619257388074556e-08,0.00256841259424407,0.8814039211054773,2.4884621483996005e-05,1.9564121144161435e-05,2.0070375393181166e-05,0.009208166362300166,4.897630028709979e-09,0.0007005219201624158,0.030207883010406365,0.001589364311174739,4.825126744398633e-06,0.0034479170245920697
26,0.02587476005165174,0.012275793386342852,2.968940954270837e-05,1.3491244812372979e-06,0.0007022284467156481,0.0009374730649087473,0.0005512569686281712,3.5045018528183283e-06,0.0001085704445339962,1.712086275050869e-06,0.0197035399958523,0.0007414313125548056,1.4265868291907311e-08,0.0012766832484686062,0.8970086311042812,1.545686401607528e-05,3.302350875237881e-05,2.3821547739195035e-05,0.0045708849135583695,2.719662219304092e-09,0.0003825036686321822,0.030046798277984642,0.0011464583679217058,1.421547652485754e-05,0.0045501972432503
27,0.0055964398394468704,0.0047359615749105475,7.410616139286954e-06,4.599447627606256e-07,0.0003064084586930994,0.0011606910954063453,0.00021248973186391862,1.2857964403467777e-06,9.803586227985786e-05,1.2638680813094961e-06,0.007189819687041896,0.0002021147024597253,2.4097469154249925e-09,0.000802358309592781,0.9501935212579206,1.7035571107522234e-05,5.270516530289058e-06,4.550112399028409e-06,0.004835764321452235,1.2917741075655875e-09,0.0002549308687960123,0.021245620537338975,0.0005257701016382282,1.5033808844647687e-06,0.002601290143293038
28,0.008685169773196597,0.007847300948121132,1.3256982838809974e-05,1.0139832799601967e-06,0.0006454562404585492,0.0015249991611573802,0.0003506295073222118,1.7441362816008796e-06,8.986467270696818e-05,1.6788430909836616e-06,0.014358902123789936,0.00043182568742797055,5.904076616167338e-09,0.0017761845465289903,0.9301701436377401,2.1542249805678602e-05,8.83202075454966e-06,9.255038396258092e-06,0.006195260052113495,1.942077070162294e-09,0.0004073360172339677,0.023326650113014945,0.0009812940178064301,2.7405624388942436e-06,0.0031489118383409803
29,0.008685169773196597,0.007847300948121132,1.3256982838809974e-05,1.0139832799601967e-06,0.0006454562404585492,0.0015249991611573802,0.0003506295073222118,1.7441362816008796e-06,8.986467270696818e-05,1.6788430909836616e-06,0.014358902123789936,0.00043182568742797055,5.904076616167338e-09,0.0017761845465289903,0.9301701436377401,2.1542249805678602e-05,8.83202075454966e-06,9.255038396258092e-06,0.006195260052113495,1.942077070162294e-09,0.0004073360172339677,0.023326650113014945,0.0009812940178064301,2.7405624388942436e-06,0.0031489118383409803
30,0.008685169773196597,0.007847300948121132,1.3256982838809974e-05,1.0139832799601967e-06,0.0006454562404585492,0.0015249991611573802,0.0003506295073222118,1.7441362816008796e-06,8.986467270696818e-05,1.6788430909836616e-06,0.014358902123789936,0.00043182568742797055,5.904076616167338e-09,0.0017761845465289903,0.9301701436377401,2.1542249805678602e-05,8.83202075454966e-06,9.255038396258092e-06,0.006195260052113495,1.942077070162294e-09,0.0004073360172339677,0.023326650113014945,0.0009812940178064301,2.7405624388942436e-06,0.0031489118383409803
31,0.0163365350715189,0.02063762781797827,3.682560207857635e-05,2.7792319668867043e-06,0.0017340036815810156,0.0013534310848420435,0.0005078748629936779,5.485115337735457e-06,0.0001436730656975941,4.473215478060977e-06,0.01521720495230585,0.0008703372942942374,1.8994068802032386e-08,0.003388314400531718,0.8797628704808546,2.665987824179993e-05,2.4793213444360678e-05,2.1490782748026907e-05,0.01031637350842602,3.756846767572053e-09,0.000684077534916084,0.0409784263915025,0.0012927896670535044,1.0117058923965869e-05,0.006643813336369067
32,0.0078016108254401195,0.007025741535640503,1.1773815436248671e-05,8.739097592572574e-07,0.0005842984378786636,0.0013965271554869621,0.00031369781790476105,1.715302000630868e-06,9.257559928580632e-05,1.595852706359203e-06,0.01255270891319591,0.00038663288458266675,5.05326270658439e-09,0.001580090945917156,0.9342795039264609,2.1080721146231348e-05,8.136199626093785e-06,7.653496333672292e-06,0.006737548258015512,1.7690454985078543e-09,0.00038888301569655703,0.02306271953792515,0.0008392418319152662,2.3008946471228423e-06,0.0029030823006901906
33,0.010338043313667049,0.012691791381221186,1.0876146294711246e-05,1.0368218853423756e-06,0.0009550349192349315,0.0015566744953795348,0.00030990767871599004,2.0367214243577453e-06,4.907695889034766e-05,1.972228947178018e-06,0.01427497399763999,0.0006272075001731789,9.271931705975142e-09,0.0025182760643714464,0.8889611274138858,2.162213007397755e-05,1.7356772382960363e-05,1.5899498140447577e-05,0.006541686207877267,2.132215577440313e-09,0.00043661023094838616,0.05682222351639777,0.0015648999259209905,3.612342902559243e-06,0.0022780423294773695
34,0.006978505264601644,0.003920892338343724,1.3348675027925563e-05,3.628101182443845e-07,0.00024737411825928737,0.0009716917893061992,0.00030372090861752844,1.2317294960721715e-06,0.0002851481588024434,9.42093203629334e-07,0.008000267535456611,0.00016754484353063913,2.966978869872918e-09,0.0007119082735259136,0.9577244006977054,1.4408517206680524e-05,2.7772406990501763e-06,2.411734890434795e-06,0.007623415684296986,1.2366287390460662e-09,0.00016649723931474845,0.010084901564322962,0.00018672635940356625,1.2496425257867757e-06,0.0025902685777369192
35,0.03425932763601556,0.01840554283423375,2.7938927170936563e-05,2.90321155262178e-06,0.0005851368895294049,0.0014826788737104875,0.0007282886834786607,1.1589601014304197e-05,0.0003933563962460597,6.751933501428076e-06,0.0183132042503398,0.0010169496521634852,1.2018325310555751e-08,0.0014524351939357218,0.8164530497583657,2.486193385666948e-05,3.155278370317303e-05,4.6988441848399494e-05,0.018056866144514617,6.835121039789803e-09,0.0009398288650377733,0.07248242817840535,0.0006988483739454551,8.98676078088914e-06,0.014570465823203496
36,0.008749314411604476,0.007772748544522294,1.3442617579054713e-05,1.0021715772891131e-06,0.0006523091444994481,0.0014622186283437565,0.0003422474370576483,1.778894841866788e-06,9.027015842896851e-05,1.6684289727892457e-06,0.013848727578245814,0.00044416686242816053,5.950379034009402e-09,0.0017718004956535748,0.9303047524034348,2.1413455523564056e-05,9.142034648853265e-06,8.975383367774717e-06,0.006326728544495867,1.9131461912999254e-09,0.0004035965642376848,0.023633546399212883,0.0009568192286525033,2.746270054767494e-06,0.003180576479091047
37,0.0538100434385126,0.013040370444660802,3.2901416016470834e-05,1.3885497235000488e-06,0.0007245528024249641,0.0015060243511874991,0.0009128251120414428,2.128208991715977e-06,6.79311265083611e-05,1.2253714651904063e-06,0.0285077171682693,0.0016047420023582388,1.4441391751513972e-08,0.004006443367143884,0.8437684775758937,2.7204252114956915e-05,2.165285615731042e-05,3.206575179187777e-05,0.0068760676652358365,2.954304576760488e-09,0.00048251282805863093,0.03783382490603864,0.001595048919936845,7.404865122436904e-06,0.00513742962464957
38,0.008856265691438,0.011453201887699205,1.9313081490000453e-05,1.5946062126255675e-06,0.0010084905675968236,0.001357112903612716,0.00033462804577208036,2.744800531238562e-06,0.00012181408834403582,2.421601633955335e-06,0.014565038311935822,0.0005435937083187216,9.002694862997634e-09,0.002194323228220248,0.9174452107517971,1.8854973385887422e-05,1.3169870010113879e-05,1.1281597829244487e-05,0.007623428665872128,2.3720848320072714e-09,0.0004893838530185465,0.028612535499437368,0.0009551070840937364,3.979295111326655e-06,0.004366494511859345
39,0.008483357030233384,0.006457274415075371,1.3080722746684058e-05,1.055112338648745e-06,0.0006788045668940032,0.0016983890541261788,0.00032949902191518714,1.939173031755566e-06,9.086783517986898e-05,1.789998257813489e-06,0.01419172308166461,0.0004804087457666358,4.990051790630597e-09,0.0017619613910259877,0.9309458909614142,2.6527193701617282e-05,8.800458612030134e-06,9.130697680643014e-06,0.00695729150273608,2.0388051970525557e-09,0.0004955156441103299,0.023081238140705264,0.001030574320214119,2.429721735333199e-06,0.003252444181977005
40,0.015516190470515799,0.006271582590563593,1.1111584620912501e-05,3.2868012211960303e-07,0.000338049548887379,0.001374484776619777,0.00029246632702022895,8.566141290932172e-07,5.870193177736775e-05,6.57892020123603e-07,0.013145156943640884,0.0006141462265895155,3.081664098162078e-09,0.0018458853153879681,0.9053231539742252,1.5955510676269222e-05,7.755223225707976e-06,9.72614688256549e-06,0.005036109576964588,1.2169411440224086e-09,0.0002947895436162725,0.04693899143452389,0.0006223306951717691,1.4918471773225997e-06,0.0022800728470364936
41,0.0011404388983640508,0.00347300322817965,1.5894274044167435e-05,2.9062399507823745e-07,0.0008005662698619971,0.0011715861988015966,8.328444185080479e-05,6.35684355454278e-07,0.00035584356294128257,1.518019304664658e-06,0.002654117398294512,4.6583021079974454e-05,2.238409434481407e-09,0.0006881100137944142,0.9800588124814189,1.1372392695048012e-05,9.732127705291188e-07,5.770706951384119e-07,0.0036763443365017846,4.789952341458082e-10,0.00010981243169495971,0.00404911323363781,9.677097326919169e-05,9.688270478217186e-07,0.0015633806879964708
42,0.0065811658336371905,0.005494339494648588,8.417530376317142e-06,6.239366835222773e-07,0.0004452609886956725,0.0010768246568284474,0.0002469090544336493,1.7531213222297529e-06,7.348213647296899e-05,1.3903031279285028e-06,0.009761177035103754,0.00032340041276860467,3.179134987506554e-09,0.0010909132305950131,0.9392120315220998,2.1027665066621695e-05,8.378330779231134e-06,5.766049396390467e-06,0.006700944999813864,1.4663834371160421e-09,0.00038308832775828,0.02549469876320398,0.0007418367582407616,1.8595466632172488e-06,0.0023247056567655827
43,0.0028755906959848864,0.004663603128300639,4.8293600079995185e-06,7.983159824562556e-07,0.0006972615246805542,0.0020723675201320874,0.00015355941629212252,2.3350967380591213e-06,8.290665166293967e-05,3.8135208069926873e-06,0.007405388999125568,0.00018903125458461612,1.8094007588645176e-09,0.0008466519144971606,0.9413579614142761,3.392675072071121e-05,6.5855886683335015e-06,5.909315332030533e-06,0.008048778630640883,1.324026430255502e-09,0.0007744117414785506,0.02786739850244908,0.0008502256180499515,1.4305453322386911e-06,0.0020552313608290015
44,0.008685169773196597,0.007847300948121132,1.3256982838809974e-05,1.0139832799601967e-06,0.0006454562404585492,0.0015249991611573802,0.0003506295073222118,1.7441362816008796e-06,8.986467270696818e-05,1.6788430909836616e-06,0.014358902123789936,0.00043182568742797055,5.904076616167338e-09,0.0017761845465289903,0.9301701436377401,2.1542249805678602e-05,8.83202075454966e-06,9.255038396258092e-06,0.006195260052113495,1.942077070162294e-09,0.0004073360172339677,0.023326650113014945,0.0009812940178064301,2.7405624388942436e-06,0.0031489118383409803
45,0.00896407019122196,0.008218859943531373,1.3406520724498878e-05,1.074207751444464e-06,0.0006551295978839331,0.0015830861629721764,0.00035754965994168054,1.7634643147348268e-06,8.956235284124836e-05,1.7446931015211962e-06,0.014875009896660614,0.0004471691287331006,5.991587577311592e-09,0.00185754768920919,0.9277369409138521,2.1848653524475602e-05,9.074254852914773e-06,1.0072851951684826e-05,0.006233343591196294,2.0066920398447773e-09,0.0004325460517688883,0.024125945214843757,0.0010285825247926324,2.79510168857058e-06,0.0033328693343613364
46,0.021051526568514983,0.008901249199898417,1.3725910180381908e-05,1.1903107850010407e-06,0.0006772478089314815,0.0003879471331512497,0.00021572409234699944,5.373763092626673e-06,3.870382208052401e-05,1.3019186504090664e-06,0.01274210628560592,0.001266335757360997,9.393004736464328e-09,0.000850904285073048,0.8860183694343566,1.309812029846701e-05,0.0001163300305493362,1.8725525084542877e-05,0.005540080776721027,1.9960866605181152e-09,0.0005716385055601558,0.05625066243533009,0.0014969611896262474,1.109263531806255e-05,0.003809693102391931
47,0.03805675121815681,0.006610147519266404,1.1487293015498418e-05,4.23882976231893e-07,0.00023580477911570624,0.0009348086199325768,0.00040246235634329534,1.6159403922966752e-06,4.585265651569829e-05,8.182978646162263e-07,0.013479727491119519,0.0012958557525094229,4.4795340447004165e-09,0.001229141242324977,0.8658645329313216,2.27084574745097e-05,2.224807863370623e-05,1.7685450894410927e-05,0.00560533216585386,1.972075408565665e-09,0.0003860827173955419,0.061364599456032,0.0008518687054675202,3.0979230046291164e-06,0.0035569406127797377
48,0.008256680761729796,0.010091752803972787,7.550848263345097e-06,7.666425628190298e-07,0.0004907659152933714,0.0006755802561294791,0.00029732456971930864,2.4857596505898766e-06,5.6704487534116395e-05,1.8727725348231043e-06,0.007811054983178727,0.00032611451371933786,5.936786784547575e-09,0.0012062571565669225,0.9209094370861935,1.886295695667417e-05,1.649932352644226e-05,7.013915099865923e-06,0.008486612328694984,1.5780152329268762e-09,0.00034628703231077843,0.03756860126409438,0.0009386584682070206,3.2677533365692963e-06,0.002479840885922293
49,0.009104780665239355,0.006437402408672217,1.5800393897441385e-05,9.338057098892508e-07,0.0008486123988249559,0.002329449262832768,0.00029936594898867264,1.6659715017792829e-06,8.549880548702077e-05,1.5117515970321755e-06,0.01878924913307857,0.0008132059557663337,6.480786165521738e-09,0.002337679564960735,0.9138279909429132,2.401941178312544e-05,1.0055248692331158e-05,1.2310928317287355e-05,0.0058516442632834285,2.3651477793585726e-09,0.00046240986447630087,0.03514729112186908,0.0010780309435601675,2.1604538109636133e-06,0.0025189219088034127
50,0.008649837453271041,0.007948973638870035,1.3294453644322983e-05,1.0230863919435755e-06,0.0006456041290075097,0.0015446641177782607,0.00036241999841831764,1.7673989449856569e-06,9.266362007987546e-05,1.7574951331147068e-06,0.013991948059312514,0.00041986235509831155,5.937185714295119e-09,0.0018146117539456937,0.9299454244378094,2.2362909766395672e-05,8.527569056032368e-06,9.070986352311232e-06,0.006447660102776037,1.9700713873420307e-09,0.0004063742771181125,0.023520192116403913,0.0009711571029117994,2.7063936986480978e-06,0.003178088636954235
51,0.013658338179343149,0.019874814320633285,2.2173339373910612e-05,3.1406512437281143e-06,0.0009953137846210789,0.002981621520526191,0.0008942942746635984,3.7935345553245642e-06,0.00013211745514572375,4.478202257573397e-06,0.037137678482322654,0.0008479597839052629,1.3566311344621934e-08,0.004316745580837865,0.8441969697585564,2.3404402020241602e-05,1.3139485407524813e-05,4.685051091317436e-05,0.00865903253269718,5.148646061609484e-09,0.001080561051431624,0.058827375313225606,0.0016692722071243345,5.0267523901392964e-06,0.004605880161847087
52,0.00984612705441622,0.007819836398179273,1.2581210423435517e-05,1.0439359479847272e-06,0.000559864297995829,0.002738282924837918,0.0004478959423657267,1.4329489254174322e-06,9.486766133540878e-05,1.7784806393946064e-06,0.02070530260067141,0.000432176215027571,6.314687754056594e-09,0.0018865728515033487,0.9205562105936647,2.4426544628725602e-05,7.172741292351389e-06,1.5682115034511952e-05,0.004800583998660669,2.5976339649276796e-09,0.0004244858136539482,0.025528632004837418,0.0012386472107730694,2.684764710040427e-06,0.0028537027781541163
53,0.0071359488228873,0.0036618671098542126,6.0940678992611245e-06,4.6642753015965503e-07,9.963327949111721e-05,0.00145922126198003,0.0007485979210898135,6.037592079240308e-07,6.402025740951112e-05,6.608756389161468e-07,0.016282497378770452,0.00012642276001268053,2.760148125125361e-09,0.0007268971689108712,0.955096515652367,2.2007726600701015e-05,2.6253321578706713e-06,5.746583089323653e-06,0.002347182910630423,2.0987461943126283e-09,0.0001685322496335544,0.008952962075169347,0.0011468675783028659,1.6490208519055548e-06,0.0019429749216203654
54,0.010469849244313429,0.008968474073365519,1.1214534384128664e-05,7.05895491142813e-07,0.0002477239573675437,0.0015932555033353571,0.0005907119552862623,6.799770508730488e-07,8.800311433106755e-05,1.7649260684634765e-06,0.006464409907616233,0.0002739329137879472,4.820420137427592e-09,0.002678401548526422,0.9385409903424395,3.63583470408374e-05,2.9248537834357103e-06,5.056019087681964e-06,0.005170335886483527,1.985481093066859e-09,0.00023899942890376062,0.018250943899089444,0.000830438419541647,1.3954478691449306e-06,0.005533422998935455
55,0.028383079082157887,0.014802587036544013,4.781727177831841e-05,2.065830993051926e-06,0.0007178968412219544,0.0018466943562356157,0.0007673631458560357,3.1180951665343743e-06,0.00029840599679815147,2.1776700155627167e-06,0.030594777175552826,0.0014149460728537734,2.2549349125389263e-08,0.0025821364564812548,0.8733043444705871,1.7206049296682517e-05,1.510792244357866e-05,2.7197336901221077e-05,0.007622108893723707,5.337889562033812e-09,0.00040509011669310395,0.028010184878349706,0.0006937623820228956,6.553502006966857e-06,0.008435351529081418
56,0.008927725879107909,0.008590581468587499,1.4671655724586924e-05,1.0643166182144156e-06,0.0006806541544879509,0.0015446391484054787,0.00037000102495267335,1.8152926079560232e-06,9.679996650819598e-05,1.7428287503368652e-06,0.015164728585872403,0.00045079318751290327,7.341655834447222e-09,0.0018452810710451672,0.9279818513348085,2.1028007840864354e-05,9.45820146428116e-06,9.860025379072245e-06,0.006122183384116558,2.1781690994343994e-09,0.0003887570598822746,0.023733960456706362,0.0009746047181119813,3.072797969531857e-06,0.0030647159137143862
57,0.007334034450278961,0.0063405582146556436,2.3645023910436295e-05,9.783172111670494e-07,0.0014336838122894916,0.0010366606606461914,0.00016481326869160578,3.917176712807909e-06,0.00015310788156105444,2.422588780696957e-06,0.008989664281657662,0.0010462560178193356,6.983112094602038e-09,0.0019350081554279548,0.9127934414092463,2.373067098728652e-05,1.9465466953303807e-05,5.846627728752078e-06,0.013857011330026538,1.89182638039487e-09,0.0005779983389632048,0.04048758576547168,0.00046654546708602476,2.3795438115337507e-06,0.0033012366551440487
58,0.009319444939385087,0.008706969354334912,1.4270201868424102e-05,1.0133842701347136e-06,0.0006575572252519424,0.0012688142597538153,0.0003575233766109637,1.9328643441178024e-06,8.462409283316426e-05,1.681517200116601e-06,0.014123327904618687,0.00043745078866276566,6.804499475858805e-09,0.001614796324718857,0.9287331073730579,1.945314493363951e-05,1.1402763265529028e-05,1.0101417751530302e-05,0.005661914909337322,1.9277669969808968e-09,0.00039823928849233223,0.024426861467556144,0.0010198936574916542,3.7385221917632474e-06,0.003125872489802603
59,0.010401715146038968,0.008740328146555626,1.817096974757732e-05,1.095969937128484e-06,0.0007147443653003702,0.0012327571459135687,0.00038471086957622447,2.094139386645813e-06,9.110711704728001e-05,1.6683232726168696e-06,0.014979887167962513,0.0004858879460928837,7.515721971039434e-09,0.0016747935729979208,0.9281063117317948,1.9775745722671486e-05,1.2413735737720108e-05,1.0939931530406782e-05,0.005374011383829144,2.064411776670242e-09,0.0004116862218034051,0.022922851934322856,0.0010098535298101957,4.586474186278169e-06,0.003398598851299497
60,0.008685169773196597,0.007847300948121132,1.3256982838809974e-05,1.0139832799601967e-06,0.0006454562404585492,0.0015249991611573802,0.0003506295073222118,1.7441362816008796e-06,8.986467270696818e-05,1.6788430909836616e-06,0.014358902123789936,0.00043182568742797055,5.904076616167338e-09,0.0017761845465289903,0.9301701436377401,2.1542249805678602e-05,8.83202075454966e-06,9.255038396258092e-06,0.006195260052113495,1.942077070162294e-09,0.0004073360172339677,0.023326650113014945,0.0009812940178064301,2.7405624388942436e-06,0.0031489118383409803
61,0.009679172520791318,0.00851591452091793,1.8500421318347556e-05,1.0447395381254788e-06,0.0007336641701165056,0.0012889526878079828,0.0003588331352415211,1.927536254065547e-06,9.63642990790599e-05,1.5647156329402737e-06,0.015561052974366807,0.0005055891529993738,7.274244032949287e-09,0.0017674151870052197,0.928639376608234,1.909004505690191e-05,1.1184590936175439e-05,9.880687754815026e-06,0.0056515093908436715,2.02141152643028e-09,0.00040012730983441394,0.022549577974957415,0.0009050428204427317,3.8134151804912607e-06,0.003280391800034638
62,0.008685169773196597,0.007847300948121132,1.3256982838809974e-05,1.0139832799601967e-06,0.0006454562404585492,0.0015249991611573802,0.0003506295073222118,1.7441362816008796e-06,8.986467270696818e-05,1.6788430909836616e-06,0.014358902123789936,0.00043182568742797055,5.904076616167338e-09,0.0017761845465289903,0.9301701436377401,2.1542249805678602e-05,8.83202075454966e-06,9.255038396258092e-06,0.006195260052113495,1.942077070162294e-09,0.0004073360172339677,0.023326650113014945,0.0009812940178064301,2.7405624388942436e-06,0.0031489118383409803
63,0.008709192167334087,0.008912601723902389,1.2823972932104759e-05,9.489277814955286e-07,0.000570235878149161,0.0013795579675245,0.0003561929605373855,1.6858237282028795e-06,9.140753640812643e-05,1.6329780159557507e-06,0.01421905532057177,0.0003836537847234025,6.249821087381758e-09,0.0016051701341411892,0.9299359334397359,1.884430573081414e-05,8.937613225247636e-06,9.35248423712511e-06,0.005784188192050024,1.9684463393233547e-09,0.0003696378481996244,0.023638001092903524,0.0008981273283176904,2.953178698370274e-06,0.0030898571228842944
64,0.007892499157009554,0.006949019993624883,1.1302487349836125e-05,1.0107387598542982e-06,0.0006215068492133644,0.001444337156520695,0.0003040544010831701,1.8717495188320918e-06,7.592461625481543e-05,1.7025758509599438e-06,0.014685564748469632,0.00043944338105884,4.238256326673415e-09,0.0015735527964820474,0.9315836712370978,2.256321831342701e-05,9.452501846680887e-06,9.67684792186757e-06,0.006470989996974929,1.7468751450998019e-09,0.0005892831392322653,0.023159018657141178,0.0010083030884690126,2.5392948583664046e-06,0.00314270538181635
65,0.009406428879201166,0.004259365263807439,1.86857941544503e-05,5.907574291672318e-06,0.007868293421089644,0.03953188689895025,0.0002566860129791335,1.6862249675840128e-06,3.394472615179467e-05,6.613386718826734e-06,0.04719647739207001,0.006328470537259393,5.384397550245773e-09,0.02810356045030064,0.7576700855580826,0.00023250503314529777,1.0040353207337985e-05,8.147884406479127e-05,0.012565708623675911,4.4760921126147875e-09,0.006393103132889444,0.06543122115509926,0.009622381303104385,8.196616689607693e-07,0.004974639912630388
66,0.009488533704714704,0.0075975004716947745,3.4409575409756425e-05,2.017348824081809e-06,0.0013689800068324273,0.005370474864901788,0.0007727409220688618,4.119210169306162e-06,0.0005773992752748858,8.499369228536295e-06,0.013499146571841817,0.0007404095214206637,1.5063965847750596e-08,0.004564005658706245,0.8877730912685047,0.00011392263056854205,4.207338315852245e-06,6.599768538661411e-06,0.03504640753719326,7.282925941735305e-09,0.0005430257072297941,0.02748813325414392,0.000551263527911273,1.408017189480818e-06,0.004443682102424734
67,0.00791341868255107,0.005451967039842585,1.143008753380678e-05,9.351444292695718e-07,0.0005320365239108826,0.002251485085146835,0.00037036425361678716,8.848989506877713e-07,5.1610196896000185e-05,1.13547275156706e-06,0.015347038921175142,0.0004815561311790988,5.136450686797001e-09,0.0024724688808149737,0.9378772661288327,3.0638816574406644e-05,6.132806921112987e-06,9.328006587580056e-06,0.003938690018898077,2.1078082453959068e-09,0.00037795589300968673,0.018181787646586067,0.0017604344126754795,1.8254788304002195e-06,0.002929602228026576
68,0.01096686944989335,0.007639805126422413,1.0133283517000446e-05,1.082549475275388e-06,0.00047520827346067795,0.0020667068595509076,0.00037694111090447717,1.4261725455811182e-06,6.172552466271134e-05,1.4538173136671174e-06,0.020717432114701888,0.0005232660268534023,5.011182124144781e-09,0.001632330643161856,0.91875129526923,2.2117724574578026e-05,1.0294669638087827e-05,1.745407468928106e-05,0.00433924229809565,2.3056326012386277e-09,0.0005169306386775235,0.026759998936207674,0.0015931397097097757,2.8194088080763357e-06,0.0035123190010913183
69,0.009842485041369002,0.009828162056250285,2.176559560878816e-05,2.0439766360782957e-06,0.0005515730939450971,0.0009845704433799475,0.0004611216138791263,3.361498000068217e-06,0.00014119299934228357,2.95495310820768e-06,0.011998139156565299,0.00039074240396906585,8.272472044998431e-09,0.0012706154061042207,0.933679842311587,2.636675928467948e-05,1.3807900545036078e-05,1.1000178319769049e-05,0.0066340338145647795,3.517185119523457e-09,0.0005584913851363528,0.014755549130830662,0.0009801777681761187,6.209400308160293e-06,0.007835781323432755
70,0.013441086494502591,0.00808469666945529,2.561679225107633e-05,1.336098998690507e-06,0.0008321640836107197,0.0029117686801024482,0.00047663890991601313,1.1182546155465314e-06,9.559969899668505e-05,1.6297180869722407e-06,0.017715064281998066,0.0008795656600257206,8.316623361975879e-09,0.004756304256285647,0.9125605984894283,3.371065794228386e-05,7.091035460386798e-06,1.3609348281940468e-05,0.0052543311042407455,2.7807076531511442e-09,0.0004716818608032789,0.026074850134603336,0.0013724197333233453,2.2918566756880293e-06,0.004986815083064071
71,0.03240952282773248,0.003553462519663394,8.436276554498625e-06,9.564803584618091e-07,0.00012967835494399218,0.0010221070908506334,0.001221662196921969,2.140446618902186e-06,3.1795854045168194e-05,6.063330603973912e-07,0.03218961402263895,0.0007676334413107956,4.587236343610198e-09,0.0010068657798610267,0.8966282810460668,3.730622486014349e-05,1.712111731370494e-05,2.4759317533934156e-05,0.004415919235684794,4.016959977760576e-09,0.0005325989911158896,0.020033383222247115,0.003101269621949128,4.507229077161468e-06,0.002860363765394258
