,0,1,2,3,4,5,6,7,8,9,10,11,12,13,14,15,16,17,18,19,20,21,22,23,24
0,7.779445373360578e-06,0.0008947382829890942,2.870223687031901e-07,1.042156537477349e-05,6.577372418954692e-08,0.0007923012280712222,2.230896053786847e-07,0.00010979669307718861,3.957264524600071e-05,3.3974154331783943e-06,1.570826165891994e-08,9.397692291302158e-07,1.90692510002728e-09,6.289958937624406e-11,8.014379025607877e-07,3.396682356166204e-05,0.002121497073041878,8.88487999906055e-07,0.02639826072348578,1.3455718955524714e-11,3.8760792505144683e-07,0.9695821203541161,2.2212925153273005e-08,1.5291732862671266e-06,9.854837216335805e-07
1,3.371160952408686e-06,0.0013303589962003865,2.2565912649469882e-07,2.7918834581028034e-06,6.42337476235981e-08,0.0005124116956169043,1.1430577500302691e-07,3.516515698082557e-05,1.8746525077445492e-05,1.4143305614489482e-06,9.36221353181938e-09,7.165118557035915e-07,5.542196466498239e-10,5.4968011351702806e-11,8.476970815875959e-07,1.2652361647355009e-05,0.0012514847178553515,3.8809575040399255e-07,0.02446587414463746,4.801267583649996e-12,3.0099355948073306e-07,0.9723610545922374,1.0514958563246471e-08,8.967687959831002e-07,1.0996779214080824e-06
2,3.6770374762120324e-06,0.001924907077457088,2.1864045996395042e-07,2.8269692698457734e-06,7.802368142221706e-08,0.00035431609411894276,1.1827818098032535e-07,4.549627143355965e-05,1.7774687913534726e-05,1.5157285126986868e-06,2.082716294698108e-08,1.1022660836099812e-06,5.750264555913952e-10,1.3049126813544324e-10,2.1324117445582916e-06,8.316896157843108e-06,0.0011981616931219519,5.697985673091169e-07,0.017663579180986915,7.778949437163628e-12,3.567584793700579e-07,0.9787718452585104,1.5290384586020727e-08,9.078637179616508e-07,2.0622332815869924e-06
3,2.824541372665017e-06,0.001323071179700205,1.6554633305577112e-07,2.650250768568335e-06,5.254560962964725e-08,0.00046330811230478787,1.210442790088169e-07,2.8905112433732096e-05,1.1897105313120993e-05,1.1094680059047907e-06,9.900229828827995e-09,9.043934996101527e-07,4.69160006789064e-10,8.567263704739418e-11,1.01759699073113e-06,1.0315712365701567e-05,0.0013081956881845107,5.133629583196193e-07,0.01746627780475389,5.220330982722805e-12,3.475205109025719e-07,0.9793759086626983,1.2710408539963091e-08,1.0307864368931597e-06,1.3603947889315953e-06
4,3.3301917454054886e-06,0.0013747615813845572,1.9038355202790686e-07,2.88735390068915e-06,5.988890470569635e-08,0.0005066225270937315,1.3602073259265975e-07,3.227678705989057e-05,1.2351300210209727e-05,1.2873983621597019e-06,1.0742995267322715e-08,9.766963374307974e-07,5.987080266433239e-10,1.0323399985200246e-10,1.0652460182785627e-06,1.1699141894123071e-05,0.0014777966368233308,5.79636958306656e-07,0.020329997052953522,6.2910154880448885e-12,3.7375283476103574e-07,0.9762408640904481,1.390954878826068e-08,1.2546394447151048e-06,1.4643125643725354e-06
5,2.7749214825105395e-06,0.0014082457259246839,1.4295052797868249e-07,3.2637701375897894e-06,5.0989164578368437e-08,0.0005404928877858524,1.1556661171510047e-07,2.948805219990099e-05,1.1874690038599848e-05,1.0823032310035844e-06,1.0664407859282315e-08,8.739324241047135e-07,4.929551351892429e-10,8.902294055641517e-11,1.068275520417365e-06,1.10791397998177e-05,0.00128906493466714,7.051486012062798e-07,0.017235975840139438,6.16376269610333e-12,3.672578160866765e-07,0.9794609762694423,1.4441113503410603e-08,1.0193926427214147e-06,1.3122581792089123e-06
6,2.824541372665017e-06,0.001323071179700205,1.6554633305577112e-07,2.650250768568335e-06,5.254560962964725e-08,0.00046330811230478787,1.210442790088169e-07,2.8905112433732096e-05,1.1897105313120993e-05,1.1094680059047907e-06,9.900229828827995e-09,9.043934996101527e-07,4.69160006789064e-10,8.567263704739418e-11,1.01759699073113e-06,1.0315712365701567e-05,0.0013081956881845107,5.133629583196193e-07,0.01746627780475389,5.220330982722805e-12,3.475205109025719e-07,0.9793759086626983,1.2710408539963091e-08,1.0307864368931597e-06,1.3603947889315953e-06
7,8.85455329464509e-06,0.001113092934528516,3.95005416844577e-07,3.8089136558821087e-06,8.596312964201081e-08,0.0003127993916364298,1.6621999218461328e-07,6.584686635560642e-05,1.7271498955422614e-05,3.077005498510817e-06,1.6486342056797244e-08,8.681676019632752e-07,1.4121541269498858e-09,9.296622952046108e-11,7.357557985786976e-07,1.1011917155039496e-05,0.0019247572103228945,3.097290540995949e-07,0.03103167178456995,8.611938834852408e-12,1.793832754562761e-07,0.9655021905803941,7.576095501292635e-09,1.367082557623029e-06,1.4844606367628972e-06
8,5.121187147364604e-06,0.00116919562201316,3.2086590133018413e-07,2.556873464885046e-06,5.977362906978088e-08,0.0003129016494787889,2.0168967034949482e-07,3.774242769560307e-05,1.1885753658475174e-05,2.1762684419990038e-06,1.098246627853392e-08,1.308754755006207e-06,8.536446321461677e-10,1.4815081781367717e-10,1.0612479796166152e-06,9.630807829606376e-06,0.002015955358469819,3.349589081629843e-07,0.017381877697643468,6.837875340434834e-12,4.085324086094134e-07,0.9790424467067805,1.844550142562112e-08,2.4399827021760555e-06,2.3434048208523036e-06
9,4.2557210387807374e-06,0.0015631068702025913,1.9638348686938645e-07,2.5865565710204254e-06,4.895850994089996e-08,0.0003045922190743984,1.3439370387762856e-07,3.411569938881204e-05,1.2302849653813879e-05,1.6978447852889947e-06,1.2870592015230249e-08,1.03944367523314e-06,5.409802828046742e-10,1.350502426524622e-10,1.5106964283010969e-06,7.007733803154007e-06,0.0015044532053551476,4.04431218894965e-07,0.015412394328063345,5.4923970321933995e-12,3.566222374163734e-07,0.9811456686523002,1.9750052641217588e-08,1.6421568360243666e-06,2.4519314991751476e-06
10,2.824541372665017e-06,0.001323071179700205,1.6554633305577112e-07,2.650250768568335e-06,5.254560962964725e-08,0.00046330811230478787,1.210442790088169e-07,2.8905112433732096e-05,1.1897105313120993e-05,1.1094680059047907e-06,9.900229828827995e-09,9.043934996101527e-07,4.69160006789064e-10,8.567263704739418e-11,1.01759699073113e-06,1.0315712365701567e-05,0.0013081956881845107,5.133629583196193e-07,0.01746627780475389,5.220330982722805e-12,3.475205109025719e-07,0.9793759086626983,1.2710408539963091e-08,1.0307864368931597e-06,1.3603947889315953e-06
11,3.1544202568569873e-06,0.0012522893711417787,1.861773754020593e-07,2.7149014074576135e-06,5.4692743525374045e-08,0.0004844805577638244,1.326907998926025e-07,3.3699106100665075e-05,1.2726400452468392e-05,1.312743934355501e-06,1.004140366038044e-08,9.560687110865938e-07,5.848657984016341e-10,8.745504982985971e-11,9.93851469839217e-07,1.1172327740176478e-05,0.0014524083142655718,5.253906559900223e-07,0.018912105254689934,5.924941356009922e-12,3.5229451746698055e-07,0.9778281567041804,1.3045883348983784e-08,1.1992394950875818e-06,1.3557267653340679e-06
12,4.418519849519526e-06,0.0031442560333869224,1.614890259553078e-07,4.162493050453027e-06,4.3397863699401503e-07,0.001346980969159516,6.788539735805211e-07,8.92102188297578e-06,1.6030601568722378e-05,8.602506127319234e-07,1.911432757769486e-08,1.7536181036988225e-06,6.345264302621238e-10,1.2324318136224715e-09,2.108308818549248e-06,2.076798985542583e-05,0.0030880204584672654,4.175257864144502e-06,0.024634677803370565,1.8204652711719647e-11,1.4893226563857647e-06,0.9677063799271959,1.2584965540696479e-07,4.327043745639092e-06,9.24920962927714e-06
13,2.8447151583052226e-06,0.001323477866113542,1.6691431328911488e-07,2.6665800017764232e-06,5.2716779353461364e-08,0.00045952933901690377,1.2139971550746484e-07,2.9168077928135813e-05,1.1913304619971489e-05,1.1152732922709417e-06,1.0096699614974134e-08,9.150847416657308e-07,4.725164546739503e-10,8.693918680086472e-11,1.0314561295516802e-06,1.033478065875874e-05,0.0013099805610705733,5.162583594907755e-07,0.01738504686114127,5.280244046161648e-12,3.4946990187662937e-07,0.9794583493020348,1.2785916778231721e-08,1.029313748784539e-06,1.367277921669416e-06
14,2.2921179326773005e-06,0.002228234040872476,1.7715249915708438e-07,3.2147500229545645e-06,7.109281853742016e-08,0.0005632991018440614,7.979778568615074e-08,2.3202884843522816e-05,1.1912511111098108e-05,9.465141752285682e-07,1.3202303646178184e-08,6.879373744887638e-07,4.419916025529743e-10,8.191640492099494e-11,1.1890493098529543e-06,1.0266894536751474e-05,0.0009914058775982739,6.32160377373614e-07,0.022945700727399324,6.1429906860401165e-12,3.280631449862394e-07,0.9732144298598429,1.1148435316287492e-08,6.789796679814094e-07,1.2256060528018906e-06
15,2.824541372665017e-06,0.001323071179700205,1.6554633305577112e-07,2.650250768568335e-06,5.254560962964725e-08,0.00046330811230478787,1.210442790088169e-07,2.8905112433732096e-05,1.1897105313120993e-05,1.1094680059047907e-06,9.900229828827995e-09,9.043934996101527e-07,4.69160006789064e-10,8.567263704739418e-11,1.01759699073113e-06,1.0315712365701567e-05,0.0013081956881845107,5.133629583196193e-07,0.01746627780475389,5.220330982722805e-12,3.475205109025719e-07,0.9793759086626983,1.2710408539963091e-08,1.0307864368931597e-06,1.3603947889315953e-06
16,2.8666063222628526e-06,0.0009685595240570276,2.36156754683787e-07,4.049047576608416e-06,5.535086280663977e-08,0.0006408167556105409,1.7232336883437733e-07,3.4722089703912664e-05,7.88884757921508e-06,1.1239450072195554e-06,1.632237033171872e-08,2.107472538472549e-06,7.814750487232462e-10,1.9442300932611137e-10,1.4990298927709643e-06,2.4340961094563198e-05,0.0016491013553582802,1.3353091843136e-06,0.016074357224503625,1.1502960844894753e-11,9.089920375389151e-07,0.9805833843468724,1.952044895083105e-08,1.4060657787890255e-06,1.0317656758355376e-06
17,4.573361382962243e-06,0.0009148443683720799,2.159723680813334e-07,3.0006472194463745e-06,6.420965562394243e-08,0.0002531540801118341,2.2164558637742783e-07,3.0751322506970136e-05,1.0496136521558023e-05,9.815516156336844e-07,1.2914450938614572e-08,1.4968307643108077e-06,5.682859541903056e-10,1.5595489596891093e-10,8.108959865490429e-07,9.631955472909574e-06,0.0018064857869000436,3.819847280304383e-07,0.010342890657877024,6.065334393498392e-12,3.797499819004525e-07,0.986616485433374,1.3016288946374642e-08,1.1466021750723405e-06,1.9601463534469102e-06
18,3.1489885513726288e-06,0.0011754767884007476,8.630446467456238e-08,1.401620145477367e-06,4.67676514404576e-08,0.00025077597248082786,1.211961428635703e-07,1.2426263779811844e-05,8.907148348090571e-06,7.746890853825877e-07,6.924019532466151e-09,4.859781178015127e-07,2.3278580042841047e-10,8.277828183559904e-11,6.022262123575307e-07,3.673239119401866e-06,0.002144914708210587,3.40485161096834e-07,0.013792819483174405,3.035730020558126e-12,2.0758041378479376e-07,0.9825999874807799,1.2345743799603467e-08,1.0299149549794535e-06,2.753576441691942e-06
19,2.3646354871749875e-06,0.0006837465497453053,1.7686974805378152e-07,2.1600320709390886e-06,3.8894883749380965e-08,0.00040965675534010556,1.41720384088092e-07,3.454054011065213e-05,1.1024707431827951e-05,1.6051002984688638e-06,5.879154502270671e-09,9.389246937907893e-07,5.776943423779497e-10,4.1436148932414376e-11,5.02331659366343e-07,8.953778769652024e-06,0.001233456234924135,2.3712548108712493e-07,0.012764092786848013,4.455221886716725e-12,2.193752803223067e-07,0.9848441254177169,7.0192464741067205e-09,1.0545230305074868e-06,9.501741092892894e-07
20,9.71968272388373e-07,0.0013532847018755743,9.464851228327502e-08,1.6958854351319365e-06,2.0476712901650124e-08,0.00035453336747671884,4.81808078587932e-08,2.571097286531693e-05,7.251919656642527e-06,5.847242561276359e-07,7.516159952446334e-09,9.263952560036974e-07,2.0274666259083756e-10,4.529774848124681e-11,1.3939098212132213e-06,5.922605740104838e-06,0.000609757595445154,3.875648617946631e-07,0.008274282205510443,3.129664072356043e-12,3.4434660347416173e-07,0.9893615516669537,7.79552328669557e-09,4.619121051857816e-07,7.593889748560588e-07
21,4.014897370387654e-06,0.0014512361973550868,2.2595749445870369e-07,5.036048460675437e-06,6.527261291700233e-08,0.00044716187279747347,1.3870035983961365e-07,3.391686944585761e-05,1.1871763955047803e-05,1.0643695522494845e-06,2.2438598397626423e-08,1.5405866341124942e-06,5.966016031754451e-10,1.8819884319603864e-10,1.6343670706767473e-06,1.6879238259521066e-05,0.0011904729342786938,8.597204789234203e-07,0.016305789573244307,8.59473283247311e-12,5.2389320369285e-07,0.9805252316023694,1.683773240255282e-08,8.506657606706562e-07,1.445399570130508e-06
22,2.7869345599062457e-06,0.0008759996257779834,1.9410711039616438e-07,3.52248912067138e-06,4.972053339992598e-08,0.0003734602286609218,1.188439176408101e-07,2.8665142350108044e-05,9.868634146694636e-06,1.361375706164071e-06,1.6746184779803845e-08,9.582313151956631e-07,5.627285724579461e-10,8.472268228614715e-11,9.5402844926199e-07,1.1991236900070137e-05,0.0017999030358387357,7.207705591344752e-07,0.013923755588083018,8.373138273690928e-12,4.4296708262281645e-07,0.9829633087463668,1.4032984684106083e-08,8.194807899033735e-07,1.0873777374074372e-06
23,2.824541372665017e-06,0.001323071179700205,1.6554633305577112e-07,2.650250768568335e-06,5.254560962964725e-08,0.00046330811230478787,1.210442790088169e-07,2.8905112433732096e-05,1.1897105313120993e-05,1.1094680059047907e-06,9.900229828827995e-09,9.043934996101527e-07,4.69160006789064e-10,8.567263704739418e-11,1.01759699073113e-06,1.0315712365701567e-05,0.0013081956881845107,5.133629583196193e-07,0.01746627780475389,5.220330982722805e-12,3.475205109025719e-07,0.9793759086626983,1.2710408539963091e-08,1.0307864368931597e-06,1.3603947889315953e-06
24,3.0054748384406793e-06,0.0015465332157674676,1.6769942981029678e-07,3.571984014621389e-06,6.551928772900887e-08,0.0004212998864948262,1.0923721247451149e-07,2.4952130216902285e-05,1.0753147286701529e-05,1.0109384045225479e-06,1.2585896540544853e-08,9.214258421165987e-07,4.968679035439521e-10,1.0371852747929514e-10,9.299264062834169e-07,9.742511174205738e-06,0.001178852315234057,5.437362174631921e-07,0.01616711216841734,6.225440545023121e-12,3.056156979779094e-07,0.9806277993315197,1.1462382814552124e-08,8.168424274647818e-07,1.482239018768741e-06
25,6.56660538658099e-06,0.000877233390599299,3.340696532016884e-07,4.859620055123522e-06,7.47290030372601e-08,0.0002736804947574987,2.3411910030449588e-07,7.199791222506477e-05,1.3969662660619985e-05,2.152482772663305e-06,3.370377267063712e-08,2.069290620877634e-06,1.288456976330695e-09,2.0140230451806276e-10,1.4806050845534427e-06,1.3742833732936678e-05,0.002046183225339303,7.028980035388849e-07,0.012721655166042895,1.4708002090199726e-11,4.1714965293218004e-07,0.9839595999607709,1.617925412541727e-08,1.2387242955939463e-06,1.7556726490529374e-06
26,4.947553931523572e-06,0.0014062315057209631,1.6364728322870867e-07,2.7579594807505238e-06,7.213241324501083e-08,0.0007129796894898786,1.8124521852288003e-07,3.5595926440206506e-05,2.4672659473754597e-05,1.8552609902073467e-06,8.066150849732745e-09,5.678698865728439e-07,7.159153712141787e-10,6.99596594284171e-11,8.590220043457961e-07,1.1517380046948666e-05,0.0023812112665814746,7.522168622482687e-07,0.029821276113454663,6.315948051688045e-12,3.609103158944283e-07,0.9655899985512989,2.4466176072232953e-08,2.04506620317367e-06,1.920698385745594e-06
27,1.8817591020714356e-06,0.0014931965687387382,9.725246043546295e-08,1.9852733358479043e-06,3.449287743896913e-08,0.00035534598101346357,7.181380646043592e-08,2.333839299797321e-05,1.2268894762217601e-05,7.827836561044948e-07,7.500479900441473e-09,5.978718860769515e-07,2.3221088377121985e-10,4.665770271753536e-11,9.222228432268812e-07,5.624642298945151e-06,0.0008032712153978537,2.9163801346358487e-07,0.013106543669032867,2.7064364634468685e-12,1.893518704694612e-07,0.9841917180162109,8.00188195043148e-09,5.411213625441434e-07,1.2812543961551738e-06
28,2.824541372665017e-06,0.001323071179700205,1.6554633305577112e-07,2.650250768568335e-06,5.254560962964725e-08,0.00046330811230478787,1.210442790088169e-07,2.8905112433732096e-05,1.1897105313120993e-05,1.1094680059047907e-06,9.900229828827995e-09,9.043934996101527e-07,4.69160006789064e-10,8.567263704739418e-11,1.01759699073113e-06,1.0315712365701567e-05,0.0013081956881845107,5.133629583196193e-07,0.01746627780475389,5.220330982722805e-12,3.475205109025719e-07,0.9793759086626983,1.2710408539963091e-08,1.0307864368931597e-06,1.3603947889315953e-06
29,2.824541372665017e-06,0.001323071179700205,1.6554633305577112e-07,2.650250768568335e-06,5.254560962964725e-08,0.00046330811230478787,1.210442790088169e-07,2.8905112433732096e-05,1.1897105313120993e-05,1.1094680059047907e-06,9.900229828827995e-09,9.043934996101527e-07,4.69160006789064e-10,8.567263704739418e-11,1.01759699073113e-06,1.0315712365701567e-05,0.0013081956881845107,5.133629583196193e-07,0.01746627780475389,5.220330982722805e-12,3.475205109025719e-07,0.9793759086626983,1.2710408539963091e-08,1.0307864368931597e-06,1.3603947889315953e-06
30,2.824541372665017e-06,0.001323071179700205,1.6554633305577112e-07,2.650250768568335e-06,5.254560962964725e-08,0.00046330811230478787,1.210442790088169e-07,2.8905112433732096e-05,1.1897105313120993e-05,1.1094680059047907e-06,9.900229828827995e-09,9.043934996101527e-07,4.69160006789064e-10,8.567263704739418e-11,1.01759699073113e-06,1.0315712365701567e-05,0.0013081956881845107,5.133629583196193e-07,0.01746627780475389,5.220330982722805e-12,3.475205109025719e-07,0.9793759086626983,1.2710408539963091e-08,1.0307864368931597e-06,1.3603947889315953e-06
31,4.94116023150362e-06,0.001414290224727506,3.351844741934381e-07,3.0646820876873617e-06,5.385710527369168e-08,0.0004116485308766928,1.1041467686394098e-07,8.075003839333774e-05,1.518853942502657e-05,1.4817343048049878e-06,1.2017156480796285e-08,1.2907794375197867e-06,1.1067431176936878e-09,8.940688452343644e-11,1.2539098379726782e-06,1.5004333852743875e-05,0.0017548940262236976,5.864429896104703e-07,0.025153533458901978,8.325749111799102e-12,4.4703418905293596e-07,0.9711386139878101,1.1568408700624033e-08,1.4096665032235176e-06,1.0772039100339627e-06
32,2.923739300144438e-06,0.0014744572608696215,1.719926785657745e-07,2.5727487691780316e-06,5.412069373917029e-08,0.0004891232717184685,1.0821600032794479e-07,2.836172577935016e-05,1.2069950448447075e-05,1.1153645081752875e-06,9.342281793012551e-09,8.135034137431625e-07,4.875901563459036e-10,8.186789630710878e-11,9.889560966530645e-07,1.0343389470510263e-05,0.0013397464907505192,5.221142977818807e-07,0.020843481246888416,5.125850458435376e-12,3.37512066347151e-07,0.9757903850322116,1.2294076100645509e-08,1.0677396146019707e-06,1.3334134818908503e-06
33,6.9907755131221435e-06,0.003571942132760986,7.422816918734207e-07,1.260715801990775e-05,3.348923550297913e-07,0.0004729111187284161,2.132383607650591e-07,0.00011524275886148589,0.00022449245764339916,6.403645614395431e-06,7.859425640455465e-07,5.344656304301268e-06,3.5717218923963206e-10,6.776634463222204e-10,4.2965920537641955e-05,8.399724627839578e-06,0.0006466946811362313,7.743962572216617e-07,0.005235982447098843,4.060652267010892e-11,1.9276419271392634e-06,0.9896314860390582,1.6750370864575313e-07,2.525156079141731e-07,1.3336996180539588e-05
34,3.190347793095515e-05,0.002337342624797514,5.905608901030504e-07,5.980256696462472e-06,2.0949439627863246e-07,0.0003329070428964547,1.7579428813221806e-07,8.095717280459553e-05,3.1630431032071276e-05,2.713829268416295e-06,4.041410164326092e-08,9.276153577920445e-07,1.974146402589567e-09,3.049966204049993e-10,1.62510744217443e-06,1.8144232657136017e-05,0.0030778857963663754,9.098395030243547e-07,0.07731538557753233,1.2703805614241814e-11,3.413459552404052e-07,0.9167559327305763,1.7485611340181323e-08,1.737089626681474e-06,2.6397884221214195e-06
35,3.3721519168579463e-06,0.0014239832608379942,1.1106149584122345e-07,2.193032104815142e-06,3.422883227130373e-08,0.0002858761114741264,5.5799940078559425e-08,4.770799973240666e-05,2.3249013102130296e-05,8.508922339648337e-07,6.752723443440685e-09,4.1564570204495995e-07,3.0254721548664215e-10,2.2511543028527786e-11,6.488691544519055e-07,5.444720593087549e-06,0.0008667247363690802,2.1173305249425472e-07,0.017387688177151535,2.2599021712313374e-12,1.1617339766007754e-07,0.9799499774781602,4.762624697721357e-09,3.848464885753155e-07,9.422255935417536e-07
36,1.6091066766557884e-06,0.0006392176792498999,9.021643175457759e-08,1.5714690680367942e-06,2.249325822400914e-08,0.00024067112367211384,9.771026353441489e-08,2.435459009610831e-05,6.356302164852755e-06,6.023306370490503e-07,6.414788245331225e-09,1.1646768526753567e-06,2.6121139712031654e-10,6.135992708795816e-11,6.346953019917274e-07,6.119791231932241e-06,0.0011613733443784906,3.104739809683529e-07,0.007218465552331239,3.1487070693885087e-12,2.248860123343831e-07,0.990695480878586,6.225613259974814e-09,6.117947056382246e-07,1.0079189789939006e-06
37,6.995164898660228e-06,0.0012381590651439206,3.1013276967704034e-07,3.5614513354630372e-06,1.0092183761651354e-07,0.0006036231991094053,3.373335704356334e-07,2.563740175279387e-05,8.877286961634974e-06,1.4488699821667284e-06,1.3243170467020542e-08,1.845272264723701e-06,1.0715209914527617e-09,4.218244074203823e-10,1.184050569447351e-06,2.187615559013504e-05,0.003219787679034528,1.193728595402898e-06,0.02694182723009512,1.1221409706954423e-11,9.160751992368187e-07,0.967915779455149,3.31375261684184e-08,3.9528350661907455e-06,2.5388058111883244e-06
38,2.1456619592318365e-06,0.0012034091623734308,1.5131880704935848e-07,2.6026682878493004e-06,4.302649345024345e-08,0.00065932997303179,1.215212078915972e-07,2.623587031046221e-05,1.0332945410321459e-05,1.0431582631306793e-06,8.626715999034777e-09,1.016380487776114e-06,4.460630474126955e-10,8.250590907584347e-11,1.1099839349734957e-06,1.3413898156157686e-05,0.0011967117301742078,6.418729967229424e-07,0.017640622490165337,5.169006064839336e-12,4.6588503754189366e-07,0.9792383976926915,1.4486512353268465e-08,1.1178488977159609e-06,1.0632643473423462e-06
39,1.1476608784973805e-06,0.0010135229748760618,1.4559933916959568e-07,1.7112077378045297e-06,2.5686762049126892e-08,0.0005722604573296729,6.950868289045477e-08,2.667531992213396e-05,7.979225792375215e-06,5.766106870581235e-07,3.886468720750859e-09,9.105907014093127e-07,3.1804694827986283e-10,3.2475754169073654e-11,7.048799846011815e-07,1.2408473057432164e-05,0.0010180132909630287,3.964021966104797e-07,0.013758427346034134,3.2230102175692994e-12,5.109342131594447e-07,0.9835831803933575,8.09235650193658e-09,7.655273587562738e-07,5.555775547744404e-07
40,4.622590441384752e-06,0.002189670038164616,2.984585324999021e-07,2.1860736781195063e-06,1.1018278110494836e-07,0.00022623252792466585,1.256453590803797e-07,2.186964209456319e-05,8.755280378560064e-06,7.393217546761968e-07,1.7633383323431474e-08,1.5041606216979737e-06,4.902367725991368e-10,2.80874742163553e-10,1.3980422438279049e-06,7.59893209241001e-06,0.001370751956245634,3.9950662833871583e-07,0.018895923875516737,5.909808505836693e-12,3.7384211856183677e-07,0.9772638569790967,1.0653638679540905e-08,9.567472784618139e-07,2.5971330049820017e-06
41,5.344786524232609e-06,0.004940224127062509,3.079023138083171e-07,7.90809553157715e-06,1.934639699975074e-07,0.0006461512157079408,8.865566141697077e-08,7.303460223009876e-05,4.277069947355071e-05,1.6034699305649658e-06,3.9594366490167486e-08,7.53689137154356e-07,8.526858851333426e-10,1.4779090943205235e-10,2.9426933419733947e-06,1.8646328061225887e-05,0.0007224593952539572,1.04657665360644e-06,0.04311856709099159,1.0962979357598747e-11,2.829158912426151e-07,0.9504155297866588,1.3445218290672689e-08,5.306840499955875e-07,1.5597705301172562e-06
42,0.0009610479969893353,0.003205296017754083,2.532829389891952e-06,4.1847111002830314e-05,2.7638823946341414e-05,0.0037000510857856505,9.507042169686468e-05,7.270570715675632e-05,0.00013599425436096083,0.00022810328598799068,4.5665247421917865e-06,4.0703898708197325e-05,5.6621405265101984e-08,1.880151096677388e-06,9.15170725699144e-05,7.299827159397909e-05,0.07824435007175853,0.0001274135557796479,0.10215345013702692,3.3403727093778667e-09,1.632107370617127e-05,0.8086858044664645,2.7711041421138335e-05,0.0005736733820474058,0.0014892628572360836
43,1.4917931708158152e-06,0.0007364349965803046,1.5501464838872225e-07,2.020788814623187e-06,3.121046737491158e-08,0.0006981323518848509,9.242184444545904e-08,3.0404721648604195e-05,9.91959619778778e-06,1.4084493584574825e-06,3.883486078903123e-09,6.697196732876208e-07,4.934256422096358e-10,2.5253683449695134e-11,5.662707491869789e-07,1.2197999259476839e-05,0.0013708632955798862,3.8930805007988596e-07,0.016685029135432735,4.282839866645296e-12,4.653637921689554e-07,0.9804480497874899,9.350482822528796e-09,1.136140993424776e-06,5.278774329713156e-07
44,2.824541372665017e-06,0.001323071179700205,1.6554633305577112e-07,2.650250768568335e-06,5.254560962964725e-08,0.00046330811230478787,1.210442790088169e-07,2.8905112433732096e-05,1.1897105313120993e-05,1.1094680059047907e-06,9.900229828827995e-09,9.043934996101527e-07,4.69160006789064e-10,8.567263704739418e-11,1.01759699073113e-06,1.0315712365701567e-05,0.0013081956881845107,5.133629583196193e-07,0.01746627780475389,5.220330982722805e-12,3.475205109025719e-07,0.9793759086626983,1.2710408539963091e-08,1.0307864368931597e-06,1.3603947889315953e-06
45,2.3816306993016677e-06,0.0010219249507424906,1.818898087284711e-07,2.3335139860523237e-06,4.0669734690416986e-08,0.0006002849821817609,1.2820317393908528e-07,5.371513299775755e-05,1.2977471643464634e-05,1.403022351552955e-06,7.753347345541654e-09,1.095197605150901e-06,6.379271584215624e-10,6.248851742066186e-11,1.1074626802192055e-06,1.3735045540604243e-05,0.0012077123768633468,5.308628329839556e-07,0.01848718593889617,5.78712644238685e-12,3.749293143181492e-07,0.9785908033745933,9.882420620671123e-09,1.2299273633370909e-06,8.350750202446463e-07
46,3.3855481123533864e-06,0.015595454438851067,3.045387331296239e-07,5.073933947243152e-06,2.971157076478023e-07,0.0011868833474821601,1.395947696033334e-07,5.747601835537351e-05,5.8801791604879454e-05,1.4945157761800628e-06,7.518594543126997e-08,1.5125765217302186e-06,4.955752610145243e-10,8.268678982314356e-10,2.4270236547523725e-05,2.0092896902377495e-05,0.00038411800397559435,2.69781222041753e-06,0.05305544699663488,1.327101635515923e-11,6.832001980999361e-07,0.9295953945933316,5.79750981742613e-08,1.1009315102840862e-06,5.237412060226115e-06
47,3.5463942914032294e-06,0.000614412857198307,1.7908452389926357e-07,2.31796929185561e-06,2.7758223506210075e-08,0.0003733968420283608,1.19097345567774e-07,2.865022310029329e-05,7.473767824986722e-06,9.79287418022032e-07,3.9339717546350825e-09,8.889372392674149e-07,5.628098679669919e-10,4.251772744700382e-11,3.1677354805432785e-07,1.1803611252856884e-05,0.001727720389954589,2.461980160003995e-07,0.016163615456339122,3.2419437998249754e-12,2.6804984006750934e-07,0.9810620261689231,6.534826249520884e-09,1.2572549207968606e-06,7.428013523235914e-07
48,2.973309474761159e-06,0.001053438639381212,1.5436944187497522e-07,1.6792714285722358e-06,3.946876083761477e-08,0.0005255175078693044,1.0840028369012597e-07,2.8925875824217402e-05,9.989113550046522e-06,1.3411722638619937e-06,4.290988382982623e-09,5.86718851621495e-07,5.589261902344462e-10,4.7381576676890736e-11,5.525652688028926e-07,9.105438377715711e-06,0.0019994304388761316,3.995035573374686e-07,0.026384435182327342,3.977892808376946e-12,2.811647906766489e-07,0.9699781764440565,9.854437315490506e-09,1.7724586095057933e-06,1.0782012944976595e-06
49,1.2093266122479426e-06,0.0009432594249729816,1.214328511692593e-07,1.7446743945882426e-06,2.6552608446804828e-08,0.0003758340139766664,7.005050087623905e-08,2.1634221569043264e-05,7.651309414658618e-06,7.080626905047995e-07,4.802455725240651e-09,7.707361983488022e-07,2.749673044425696e-10,3.0975579102458145e-11,5.669761566281643e-07,6.989339412108831e-06,0.0008035735192215586,2.364422621017416e-07,0.01018363741353739,2.9516436341766494e-12,2.412795454169804e-07,0.9876504437603241,5.724031045455914e-09,5.62696761412668e-07,7.079316087384677e-07
50,3.0568437212043545e-06,0.0012791119967220017,1.7217984253165554e-07,2.7017581347521196e-06,5.423690394927937e-08,0.00046161143041034095,1.3007563921648957e-07,3.0477362966071746e-05,1.212317314698075e-05,1.1947742030361595e-06,1.019886242824221e-08,9.31791060791862e-07,5.07121278924935e-10,9.02744686935555e-11,1.0142924503955598e-06,1.0575313010595865e-05,0.0013787198305358905,5.181067340368512e-07,0.017906209742702604,5.472632444878707e-12,3.453491708703577e-07,0.978908518850957,1.2920406669859442e-08,1.1050167547970883e-06,1.4041527956371062e-06
51,4.7428929328526505e-07,0.0029420430952765814,4.465540695534113e-08,2.6703261313558425e-06,1.1722514955381573e-08,0.0002026621095859514,1.2453184692439253e-08,1.4787042592735153e-05,6.03605556849771e-06,2.0075010335929668e-07,7.897986979983875e-09,4.0611301171985777e-07,6.02076597877325e-11,2.060477285852249e-11,1.1809098445720201e-06,2.6115722731353404e-06,0.00017928144354586,1.8526045084297256e-07,0.004713254015503301,1.377342727043475e-12,1.233227899996788e-07,0.9919333414794621,3.1710345629925414e-09,7.964956599359976e-08,5.82582682502061e-07
52,3.123150081948157e-06,0.0012152313153428287,1.555731878696844e-07,3.4991486935704475e-06,5.67977497935144e-08,0.0007023685901664358,1.1877044421861007e-07,4.8079206324080445e-05,1.5325879381564393e-05,2.146069067762318e-06,1.4128418308842715e-08,1.0383436045490542e-06,7.095555883894338e-10,8.984463616453623e-11,1.52755011253228e-06,1.2896630671396092e-05,0.0010500384131343007,8.371819091999884e-07,0.022202029284601497,7.97768338189574e-12,3.195687060369527e-07,0.9747390367553438,1.2503793503888891e-08,1.066761449179996e-06,1.0775704375933886e-06
53,2.7348253318301517e-06,0.0008262380243356864,1.8755611794118314e-07,4.175678583428392e-06,6.674006363479312e-08,0.0005767774707697826,3.3822555397479087e-07,2.779609083600708e-05,1.2685436909584581e-05,1.3512356671289211e-06,1.8027111785748938e-08,1.8896362216999737e-06,6.313952118815492e-10,1.799346673805724e-10,1.3577310075404539e-06,1.734067629435086e-05,0.0017198158410727325,1.0176946650267176e-06,0.0090680700395977,1.1454554671268742e-11,7.515554495801985e-07,0.9877339778819746,3.3935577076107433e-08,1.4987087001960364e-06,1.8761653743004658e-06
54,1.5197309262902477e-06,0.0024636961139686436,6.948666164171293e-08,1.4564294564697215e-06,3.076514279515917e-08,0.0003297483201344773,5.7454717358370514e-08,1.2896027290211254e-05,8.572734557902311e-06,4.3199955416178967e-07,5.297077842589938e-09,5.070012628784645e-07,1.172312842351333e-10,6.498248101977552e-11,1.0439856119490393e-06,3.935662318281066e-06,0.0005892955595619877,2.1886310817030684e-07,0.013157515286285022,1.5185696641902463e-12,1.6727203115499056e-07,0.9834264373184779,7.147709490442729e-09,5.243743366099605e-07,1.8629860762459668e-06
55,2.7115667598008047e-06,0.0007575332870757076,1.8220137391135894e-07,2.520168079911577e-06,5.80212298750031e-08,0.0005679022333564309,2.162192122928557e-07,4.743008550793828e-05,1.4026276095206967e-05,1.0675650953203382e-06,8.090692927259179e-09,2.4609653509422874e-06,7.702325404714941e-10,1.1080142844293125e-10,8.889292751791673e-07,1.7090260101932272e-05,0.0012802456265239483,6.581342715101018e-07,0.012325725253313675,7.590958368221718e-12,4.1156321978195857e-07,0.9849763208603527,1.2244893748588896e-08,1.3187235937323016e-06,1.2108359984632085e-06
56,3.0369159898688453e-06,0.0012712659781117215,1.7993358068123158e-07,2.7929792464687884e-06,5.4333740339959914e-08,0.0004925587028988581,1.28956443952452e-07,3.255059396267622e-05,1.2471483609912448e-05,1.2542249983758165e-06,1.0025420810557972e-08,9.500643638930171e-07,5.60796386796257e-10,8.663939660041208e-11,9.952545713220132e-07,1.118062993557292e-05,0.001396083939441013,5.334426716095314e-07,0.01845462541846497,5.875178503171972e-12,3.5608286195625075e-07,0.9783164819262778,1.2928284173331232e-08,1.1379804340683036e-06,1.3375513789035897e-06
57,2.021346066338641e-06,0.0008927549259530116,2.856611291162822e-07,1.773178346220439e-06,5.392001439165477e-08,0.00039000816188286606,1.2364400865636654e-07,2.9581466257765954e-05,9.762160471845631e-06,1.1021113566478215e-06,6.3531263112724555e-09,1.1990717558704553e-06,5.894660087135812e-10,5.375372128406757e-11,6.028795607252314e-07,1.1506994272315807e-05,0.0013325522886660525,2.717402373811897e-07,0.01532354509076803,5.2178830630597764e-12,3.696110894911461e-07,0.9820005638768692,7.424942973024143e-09,1.0164110061324343e-06,8.910337811335851e-07
58,3.0175040382421667e-06,0.001217006305335893,1.7993751957172578e-07,2.384672269309701e-06,5.278196202292322e-08,0.0005347668585516841,1.3824923967004563e-07,3.1447424969763494e-05,1.1479213513986068e-05,1.3623115759045901e-06,7.905709290868849e-09,9.424674484702673e-07,6.029003509285223e-10,8.5914077694115e-11,9.197593081254324e-07,1.1060415855832337e-05,0.0015682919034140492,5.385202627603782e-07,0.020097327791675324,5.7737152206762185e-12,3.7640486676083044e-07,0.9765157863789137,1.3815055031931406e-08,1.547080717681834e-06,1.3516032088303465e-06
59,2.944588952909035e-06,0.0011983800031339312,1.98975359855293e-07,2.4550194271778266e-06,5.326073187436528e-08,0.0004961515195407313,1.3770119985594202e-07,3.203514802870071e-05,1.1222216088674737e-05,1.287790723890679e-06,8.285819340982476e-09,9.9043267523033e-07,6.127104907908166e-10,8.482352918042452e-11,8.981907079401577e-07,1.1453536815201693e-05,0.0015472128366201777,5.077813184633894e-07,0.01893380715995288,6.010095100635638e-12,3.8842998143945057e-07,0.9777571312657922,1.3133727213395189e-08,1.432602972530497e-06,1.2894168856942763e-06
60,2.824541372665017e-06,0.001323071179700205,1.6554633305577112e-07,2.650250768568335e-06,5.254560962964725e-08,0.00046330811230478787,1.210442790088169e-07,2.8905112433732096e-05,1.1897105313120993e-05,1.1094680059047907e-06,9.900229828827995e-09,9.043934996101527e-07,4.69160006789064e-10,8.567263704739418e-11,1.01759699073113e-06,1.0315712365701567e-05,0.0013081956881845107,5.133629583196193e-07,0.01746627780475389,5.220330982722805e-12,3.475205109025719e-07,0.9793759086626983,1.2710408539963091e-08,1.0307864368931597e-06,1.3603947889315953e-06
61,3.0431713047206214e-06,0.00124337954445001,1.9423657780783247e-07,2.4123574834423634e-06,5.517250775957601e-08,0.00048482778251741497,1.3582259287576697e-07,3.0485524666848613e-05,1.1707394008670296e-05,1.2551514898161658e-06,8.765359591245512e-09,9.660604678186315e-07,5.6846933407956e-10,8.778703156288318e-11,9.424358442004407e-07,1.1071307311916308e-05,0.0015180173057208267,5.003805744571833e-07,0.019232715810922833,5.655492638090568e-12,3.8272115971075604e-07,0.9774551742932411,1.3346170019980151e-08,1.347062581009797e-06,1.3636911354752324e-06
62,2.824541372665017e-06,0.001323071179700205,1.6554633305577112e-07,2.650250768568335e-06,5.254560962964725e-08,0.00046330811230478787,1.210442790088169e-07,2.8905112433732096e-05,1.1897105313120993e-05,1.1094680059047907e-06,9.900229828827995e-09,9.043934996101527e-07,4.69160006789064e-10,8.567263704739418e-11,1.01759699073113e-06,1.0315712365701567e-05,0.0013081956881845107,5.133629583196193e-07,0.01746627780475389,5.220330982722805e-12,3.475205109025719e-07,0.9793759086626983,1.2710408539963091e-08,1.0307864368931597e-06,1.3603947889315953e-06
63,2.428091355756582e-06,0.001597923411433284,1.4345420103401713e-07,2.473538724997379e-06,4.8588901278707884e-08,0.00046338731236083875,9.551565955914011e-08,2.535812711628424e-05,1.1947347495301925e-05,9.395878483958636e-07,9.151516074767785e-09,7.471659760051189e-07,3.748146606101306e-10,7.3177573568992e-11,1.0460349294878554e-06,8.716643741082749e-06,0.0011253337290909964,4.774372922680147e-07,0.01742287370703581,4.433795454359146e-12,3.169174927631751e-07,0.9793335051098108,1.1870779773315134e-08,8.587737996789056e-07,1.3580310127016552e-06
64,2.274680863022933e-06,0.001218553686347899,1.8607392881630572e-07,2.3881552456633314e-06,4.658183253973611e-08,0.0004606127641139382,1.1221564094009931e-07,2.4838060958351067e-05,9.928444017359085e-06,9.444455112881511e-07,8.448426312801053e-09,9.974419419304032e-07,4.3456064243810984e-10,7.649203306209137e-11,9.605547864354197e-07,1.1043060854585237e-05,0.001336681737478348,4.713615408722435e-07,0.01512654191025669,4.991705338760179e-12,4.907665177826965e-07,0.981800731562309,1.3387376992691382e-08,1.0243345812119154e-06,1.149809425641779e-06
65,1.6663079205094753e-06,0.0017050488757181577,1.3136040720453434e-07,2.1537388490622057e-06,4.7003789008959575e-08,0.0005701563351067462,1.045515717542191e-07,1.6316572933865892e-05,9.03927950597051e-06,6.457271957358869e-07,6.6832251894281975e-09,8.473883084268623e-07,2.9631196636429814e-10,8.793221873646501e-11,1.0586525476566623e-06,9.585273232903925e-06,0.0012066579998901872,6.083970002624499e-07,0.014911382260389131,4.4844371198421066e-12,5.386007877484921e-07,0.9815613946195225,1.7323627895468085e-08,1.0828379856907432e-06,1.5098217558334596e-06
66,2.5371127135988716e-05,0.0006479009601069224,1.587215797238771e-06,6.417494040602638e-06,4.6735937965909475e-07,0.0007692865587082279,9.501549446386263e-07,9.199166608637767e-05,3.222010625015319e-05,7.525092086232722e-06,1.9767177565796037e-08,1.5831779504242697e-06,8.487302710116147e-09,1.999362363676623e-10,4.022406633365322e-07,5.2533918073422406e-05,0.0073382719298528895,6.919515062179468e-07,0.07363486032067602,3.4739679062332366e-11,5.545415084112943e-07,0.9173799832999415,1.818634931557597e-08,5.620148424538153e-06,1.734061361694805e-06
67,7.85549877989811e-07,0.0014690454290608999,7.177539541530873e-08,1.6837023395693164e-06,2.1504549659023775e-08,0.0006641844489787607,7.584544375296224e-08,9.277613001746077e-06,5.345733572825263e-06,4.228674738548363e-07,4.277473124380963e-09,7.4602133379948e-07,1.7133158399365894e-10,5.955830018068971e-11,8.965868285691759e-07,7.246363422965463e-06,0.0010247100552394314,6.08615927719565e-07,0.009749764420045381,3.276059636682657e-12,5.522668284031645e-07,0.9870622468627035,1.9251167428304475e-08,9.469155955369814e-07,1.3436595735202173e-06
68,1.82895680091537e-06,0.0011246280158480207,1.4089581047491194e-07,2.3222740946334392e-06,4.0102777148151254e-08,0.0005272335335722417,1.1173707690515665e-07,2.966288475928721e-05,9.332991002784901e-06,9.593508488657323e-07,8.318836768088294e-09,1.1327181863108053e-06,4.2746794717556796e-10,7.214463286939934e-11,1.0915877503011694e-06,1.0252992835860528e-05,0.0011040932399914035,5.64627474301903e-07,0.012869456534148884,5.39781692332047e-12,4.254320375259233e-07,0.9843146804018962,1.1934809070373053e-08,9.62359687534733e-07,1.0586047442399642e-06
69,1.3486220958082432e-06,0.0012694727292773716,7.174152274267803e-08,3.8372537796603204e-06,3.562220685573224e-08,0.0003127020931608161,6.697495938857361e-08,2.4670049632065597e-05,1.5030075827454753e-05,8.319248871947139e-07,3.783250064361612e-08,9.135407114144134e-07,2.0943417159018034e-10,6.475888647904337e-11,2.4348848235328497e-06,4.800225765935939e-06,0.0007195488056843214,9.013448173614152e-07,0.004835671964741012,7.241157472306307e-12,3.6114802452256343e-07,0.9928055675961965,1.9028500778286626e-08,2.0470757913505301e-07,1.4715518713971801e-06
70,1.090057416625266e-06,0.0011124556464120435,1.384388089024346e-07,5.315755074312375e-06,3.6068174317941776e-08,0.0007035914452469796,1.0359080421869472e-07,2.8451833526693135e-05,1.6003780293942987e-05,8.56892713317645e-07,1.1427180684392425e-08,1.0477845947750715e-06,3.132961341304115e-10,3.579676649104902e-11,9.321128662951076e-07,1.5840186619416105e-05,0.00041012333926107933,3.9015432875202313e-07,0.007760807362772443,4.932896791168015e-12,3.016868859768852e-07,0.9899415174607641,9.357141918622476e-09,3.163898399871216e-07,6.588752473729839e-07
