,0,1,2,3,4,5,6,7,8,9,10,11,12,13,14,15,16,17,18,19,20,21,22,23,24
0,0.00011971390252472936,0.004622296091001144,3.696416146315824e-05,6.201777624381113e-05,0.00574490452802631,0.0018297512927157237,0.001557795867827611,1.3660949960992005e-05,0.06326958051616592,2.1752069835289526e-06,0.00968252933612293,0.0009526852781419457,1.2958913977359246e-06,0.000645137704621389,0.5067585526648214,0.000221491774566604,0.012447206182243311,0.00035264775632061555,0.010075726903281132,2.1093602869710426e-06,0.004636323772338254,0.26297481047803223,0.0003381161858239963,2.2002444829176268e-05,0.11363050397425926
1,0.0003282192983031048,0.01107686453099287,0.00015916951375940264,0.0002952096149077905,0.0035122795956310606,0.0015129022656257156,0.006447493996745092,1.7992418905329404e-05,0.04723858136086282,1.5737880703593707e-05,0.0069343902822924025,0.0029842155247554614,9.384681109635792e-07,0.001850489636703001,0.2588166686437391,0.00014992935071975194,0.006054359530356046,0.0008851877472169443,0.005332560142820228,2.217161339386958e-06,0.006248359594423969,0.23008240001863234,0.0011480411010392087,2.716363953589959e-05,0.4088786286818784
2,0.00022750795674988546,0.00839019670056151,7.377169405832673e-05,0.0001811491037593089,0.004861068373596149,0.0007895493866568865,0.005357360111689839,1.086789917039744e-05,0.02483586289402056,8.56621324296542e-06,0.006299381201337493,0.002080887331149834,6.554438417909725e-07,0.00229542386525111,0.2434027804350238,6.91499902176198e-05,0.006472263961671619,0.0006258204951844885,0.0022175822343671004,1.997731023611159e-06,0.0035272866692586816,0.1635768770153408,0.0011762718820302993,1.2142596970131663e-05,0.5235055788138258
3,0.0002501664304754089,0.009615054299935859,0.0001076953904177768,0.00034125353007392846,0.0036813864672221148,0.001180702302186027,0.005845614122293482,1.482973256149092e-05,0.02950292661560288,1.192602771125535e-05,0.008926936588093407,0.0028966963355499934,7.79206415874876e-07,0.002821156510375899,0.19436097382436252,8.522933673211433e-05,0.008417328471327855,0.0008663833211328039,0.0032954539031301525,2.0522673065779797e-06,0.0058533104426096595,0.24420932157250447,0.0017179636117696366,2.1906147531887402e-05,0.4759729535426769
4,0.00024803704948972763,0.009287534978455263,9.857320659285761e-05,0.00033062777471596077,0.0035063264349045054,0.0010597039853846228,0.0055906282628084385,1.3516238238785096e-05,0.028939803278530383,1.0675168048014315e-05,0.008499819260098893,0.0033144800216039446,9.361164383336402e-07,0.0029131014948464815,0.17961303395180567,7.666121428667807e-05,0.008964480258422971,0.0008414679915709788,0.003223217079338434,2.0172049838462824e-06,0.005908345081977339,0.25176892431853226,0.0016591542322750858,2.1437407882439367e-05,0.48410749798876795
5,0.000258985759153756,0.008875306715737963,9.610011020280807e-05,0.0004509091169602689,0.002742634597711002,0.001062758444299858,0.005066787304854818,1.275333308669827e-05,0.026368885554866904,1.280421261814978e-05,0.0080917199777339,0.003240257864289774,7.961788549881918e-07,0.0032272560579060393,0.14744269154208,7.312386121524277e-05,0.009100654836772774,0.0011953764962271368,0.0026254877823804683,2.03059833671856e-06,0.006092645910888483,0.26705273064444496,0.0017550509026142904,2.324471905363437e-05,0.5051290074777093
6,0.0002501664304754089,0.009615054299935859,0.0001076953904177768,0.00034125353007392846,0.0036813864672221148,0.001180702302186027,0.005845614122293482,1.482973256149092e-05,0.02950292661560288,1.192602771125535e-05,0.008926936588093407,0.0028966963355499934,7.79206415874876e-07,0.002821156510375899,0.19436097382436252,8.522933673211433e-05,0.008417328471327855,0.0008663833211328039,0.0032954539031301525,2.0522673065779797e-06,0.0058533104426096595,0.24420932157250447,0.0017179636117696366,2.1906147531887402e-05,0.4759729535426769
7,0.0011487222880477027,0.014947122752392857,0.0004663048940755957,0.0003216289215236096,0.005605444146056149,0.0019070502728245145,0.01161861544111172,2.413222706887625e-05,0.03605341249765262,2.3243666891269866e-05,0.011944036718878372,0.0036511954667805342,1.508840928258385e-06,0.0024970882234482275,0.13994542637417154,7.913726204886123e-05,0.007867032613575298,0.001288432593250581,0.007871486561618303,2.5906863372166083e-06,0.004933079417406643,0.13729055094520018,0.0025388548323119044,5.707722005789857e-05,0.6079168251363413
8,0.0004378086875716802,0.0193262079030555,0.00025097215239793875,0.0007401097832692426,0.00481887576436573,0.0013834128213733683,0.010934918678608758,2.0555069393186e-05,0.023366184788519054,2.745216879233385e-05,0.010790954418064096,0.004050633774778909,8.034030098057534e-07,0.005197186304100272,0.11111127414160542,7.159935473109478e-05,0.006265611964033685,0.0007631326053812723,0.003109217270892198,3.300763407237991e-06,0.005017010119029193,0.13120384258107612,0.005219344279403377,3.559762783850557e-05,0.655853993575302
9,0.00025014911175358373,0.015353554360475483,0.00021786611768406946,0.0008879971459924774,0.0027648752139153117,0.001366993092004088,0.008651893558514033,1.5043197746821474e-05,0.03149452388519706,2.6571461766570057e-05,0.0072673166242197265,0.004874392083517285,8.922128222672566e-07,0.0035434872739589745,0.1335168603777739,9.655904528229733e-05,0.005716797347714238,0.000789493954122628,0.002686213213199326,3.099174893762567e-06,0.009108102090021502,0.1914849854783932,0.0034282361998761238,3.42922751003653e-05,0.5764198055040548
10,0.0002501664304754089,0.009615054299935859,0.0001076953904177768,0.00034125353007392846,0.0036813864672221148,0.001180702302186027,0.005845614122293482,1.482973256149092e-05,0.02950292661560288,1.192602771125535e-05,0.008926936588093407,0.0028966963355499934,7.79206415874876e-07,0.002821156510375899,0.19436097382436252,8.522933673211433e-05,0.008417328471327855,0.0008663833211328039,0.0032954539031301525,2.0522673065779797e-06,0.0058533104426096595,0.24420932157250447,0.0017179636117696366,2.1906147531887402e-05,0.4759729535426769
11,0.0002574990324522397,0.009624906994839949,0.00010847807525362843,0.0003426014437191393,0.0037787715281682897,0.0011470685585062066,0.005939845325228693,1.4795308903838537e-05,0.029800801025602945,1.1781544682487979e-05,0.008919145050761062,0.0031723144812612317,9.263231687096368e-07,0.0028358635992246127,0.1887352742319106,8.509354501462586e-05,0.008870644087959121,0.0008562333361049144,0.0033908014774001512,2.2003154419887893e-06,0.005964041414142506,0.24492200804861808,0.0017634585866831728,2.3183275102368787e-05,0.4794322633898495
12,0.00016688076919050022,0.0070724399402825175,2.31972919275128e-05,0.00018849252253056256,0.0037119117459653863,0.0007316636968171747,0.0018338384532315694,2.7664744901476867e-06,0.009642341635743228,8.566594527675321e-06,0.002394336875611921,0.0007739232961182517,4.722021337744037e-07,0.005643994801888543,0.049494315014393636,2.0276637442708542e-05,0.0176624902720186,0.0010109536563115643,0.000591521968456783,1.795921661761411e-06,0.0033302866655553977,0.10005043795123882,0.0012919026817219017,4.589208087546091e-06,0.7943466037226525
13,8.66935470423816e-05,0.005245029403175325,6.696802784584838e-05,0.00048639274394059683,0.0029990943023115,0.0005986625902642974,0.006407167697167646,2.6281475770697248e-05,0.015475170199797968,4.220038456099723e-06,0.03483947438038252,0.006362218093804921,6.434114423340199e-07,0.006579934545341686,0.17545508401413834,4.952299103893796e-05,0.00800608163863773,0.0004883231543094085,0.0019745333753164317,1.4448934675766167e-06,0.005372216523804,0.40431636048143105,0.0034871886427208926,1.8955734478753422e-05,0.32165233809391297
14,0.00033062749079361555,0.05920948356512323,3.8461241961010415e-05,0.00039391882101538913,0.011547534925467819,0.0011254395825473639,0.011157626081205338,1.9098482012560764e-05,0.022233000770449034,4.193771439461657e-05,0.0165657680687901,0.0019537378999948366,2.9854626274168145e-07,0.00954515216235924,0.17474092056104967,8.919426605948109e-05,0.007114325742287668,0.0008552803948780804,0.006485471596575018,3.287652047800235e-06,0.0032010484040499673,0.2236566473044825,0.003433204781905215,2.475277103040794e-05,0.4462337811732573
15,0.0002501664304754089,0.009615054299935859,0.0001076953904177768,0.00034125353007392846,0.0036813864672221148,0.001180702302186027,0.005845614122293482,1.482973256149092e-05,0.02950292661560288,1.192602771125535e-05,0.008926936588093407,0.0028966963355499934,7.79206415874876e-07,0.002821156510375899,0.19436097382436252,8.522933673211433e-05,0.008417328471327855,0.0008663833211328039,0.0032954539031301525,2.0522673065779797e-06,0.0058533104426096595,0.24420932157250447,0.0017179636117696366,2.1906147531887402e-05,0.4759729535426769
16,0.00013362906044697614,0.007623456864889781,5.7992618001520384e-05,0.0002776972254505167,0.0020963248864344476,0.0006170156737389349,0.005416634440250416,1.2495120345627301e-05,0.02069338387190808,1.3381675325006423e-05,0.0049340307635767685,0.003676844536306938,6.145940182779178e-07,0.0024924581916172766,0.1768166671060699,7.850175948866993e-05,0.006540958926461181,0.0007236003296454205,0.0025782896763431227,1.6649825814203185e-06,0.008237497528981987,0.33896416337887464,0.0012481249309339167,1.2790728560011202e-05,0.4167517811297491
17,0.00012138522700066745,0.006232943719367442,4.6325093861955305e-05,0.0003608472624609374,0.003271743114479904,0.0005740150954010182,0.004542033777164618,1.2235146902406828e-05,0.013910764789926047,8.351865566648004e-06,0.008549535694585737,0.003412209239252742,8.529041223951985e-07,0.004582499752561079,0.11837284220257911,5.12106598263056e-05,0.013939447151153448,0.0006973705789610991,0.0015338766977875487,2.342387744288087e-06,0.005725231711469149,0.3158186200812912,0.0026268727515455542,1.289484115423568e-05,0.4955935482538345
18,0.00015640714657058367,0.004341593788079129,3.859326912295046e-05,0.00016866573109863088,0.002549638876161197,0.0004922642683413903,0.0032464701497978755,4.8028901856149625e-06,0.011660936119302268,7.820887136952655e-06,0.0031015600026093448,0.0017819113452926525,6.542783979089761e-07,0.002691019509117242,0.09269728855180151,3.016752190556972e-05,0.011404461006888992,0.0009526556051191415,0.0009061128657362164,1.4533031599715972e-06,0.004612439007722212,0.17573321350943727,0.001059005960121362,6.587398512818796e-06,0.6823542770083811
19,0.0001708141866932766,0.00863564383365827,0.00011101187785224903,0.0003878806976542894,0.0025660920302596093,0.0006297948804581077,0.00875138286062187,1.6022456446587043e-05,0.028758982251274323,1.1318958328000247e-05,0.006440425441480165,0.005250063319714762,7.998845874819467e-07,0.002304235667147144,0.1939319250316376,8.614633487672578e-05,0.005476090234048911,0.0006068404548861117,0.002478018776909734,1.6431274750088265e-06,0.006775088887640562,0.28256730265368374,0.0014066697975442031,1.589342425967891e-05,0.44261991293086145
20,0.00010584045778032466,0.00488152662246689,6.87177905793383e-05,0.0002487051199234836,0.0017401653625335408,0.0006110484921359989,0.004521977554570916,1.9045648378245003e-05,0.020366518048616777,6.876973392534925e-06,0.007814722314518494,0.002835856101447075,4.4064545550439356e-07,0.0017519747830065234,0.2873551674029107,7.985834713444404e-05,0.005194448825555784,0.0005704040939644476,0.002468808750233894,1.1679513540476856e-06,0.004778892413152103,0.36831800546027493,0.0009418850757920411,1.1238272776791614e-05,0.2853067074920451
21,0.0002757929495658308,0.013677060652269464,0.00011016251270251137,0.0005104155345133503,0.002901368895795555,0.001124091909213846,0.0070038311926473645,2.209604323516644e-05,0.04200708226626157,1.777052867940773e-05,0.007942923758483537,0.005030583982505669,8.503664161523432e-07,0.004410150295000588,0.19726310895778296,0.00016007541250361528,0.005408635374620553,0.0010751540467477017,0.003808257601200236,2.375187706430234e-06,0.006756415813463936,0.28711851827598217,0.0012729421251350763,2.3333049752602735e-05,0.41207700326781466
22,0.00033261309244559675,0.005861122442206801,9.344063279410947e-05,0.00024594898025546015,0.0031267849023289117,0.0012691015608718584,0.0031590201789786967,1.1925524681522942e-05,0.023760297641365113,9.556752814878315e-06,0.008448632293312469,0.0015804338222558216,6.950644529487455e-07,0.002275146400178528,0.17126375697984234,6.95048693673551e-05,0.013817598770642842,0.0016540813294949846,0.0026763565845346177,1.8236230631919041e-06,0.0048836379289950455,0.27285283616288897,0.0011653655029767829,1.9409301678275287e-05,0.48142090965757306
23,0.0002501664304754089,0.009615054299935859,0.0001076953904177768,0.00034125353007392846,0.0036813864672221148,0.001180702302186027,0.005845614122293482,1.482973256149092e-05,0.02950292661560288,1.192602771125535e-05,0.008926936588093407,0.0028966963355499934,7.79206415874876e-07,0.002821156510375899,0.19436097382436252,8.522933673211433e-05,0.008417328471327855,0.0008663833211328039,0.0032954539031301525,2.0522673065779797e-06,0.0058533104426096595,0.24420932157250447,0.0017179636117696366,2.1906147531887402e-05,0.4759729535426769
24,0.0002949833530120127,0.015250137437784788,8.946406802274352e-05,0.000529522404588357,0.003724264832511943,0.001250155479124781,0.005509897956085868,1.6309049194202286e-05,0.028148589281784972,1.729045879966851e-05,0.009219022884720218,0.0033232167542883435,8.275270351505037e-07,0.005253919996650775,0.14207218330874247,9.093584262419994e-05,0.010270960299489847,0.001098477873036162,0.00349438532023526,2.7987361287143924e-06,0.005722339894566249,0.26749558344706215,0.0022518282025520983,2.50504768210146e-05,0.49484785511513807
25,0.00016300752480948914,0.010323050302470665,9.62656264566018e-05,0.0007469339983225043,0.004155851310390173,0.0011987336544762718,0.008866326489113742,5.61043529300366e-05,0.02272643164517488,1.1922308789359703e-05,0.03456938122587403,0.004532328601571305,5.4806475854855e-07,0.008380536577391899,0.18734280621196192,0.00011920476529680511,0.008617893236379922,0.00084837626466112,0.003930706366122592,2.2153080693684434e-06,0.005842276260912033,0.41474145201375573,0.003454151077438859,2.8735295696746167e-05,0.2792447615171753
26,0.0009643375588947673,0.013879929597635635,0.00026174942596336157,0.0004546206602530022,0.006963797031573441,0.0030338742678750093,0.004750809110228731,1.1683140573882727e-05,0.05435804399685612,1.6150529917785958e-05,0.01449013945157533,0.00260980165824741,2.2944902780276183e-06,0.002258164207795984,0.11525660740368472,9.674196993016719e-05,0.019648473692965872,0.0018367048073147693,0.007249955673363216,4.4168713489781586e-06,0.007535691121958752,0.19911328253242658,0.0036786210993046704,0.00011913028038025252,0.5414049794196536
27,0.00018142669481971405,0.007452536035324992,8.036825783893926e-05,0.0003035518097324579,0.002729424998777124,0.000995902705195388,0.004533220544443024,1.5305633425779354e-05,0.028065362750398018,9.064843504617406e-06,0.00904850216711855,0.002672670027440119,6.273777466958742e-07,0.002387945717039811,0.22618382376478255,8.689641968050757e-05,0.007876340102918605,0.0008113201159912112,0.0031849855384447744,1.648933914866307e-06,0.005423856050565633,0.3314420195855974,0.0013303920121239766,1.887741790452165e-05,0.36516393049527074
28,0.0002501664304754089,0.009615054299935859,0.0001076953904177768,0.00034125353007392846,0.0036813864672221148,0.001180702302186027,0.005845614122293482,1.482973256149092e-05,0.02950292661560288,1.192602771125535e-05,0.008926936588093407,0.0028966963355499934,7.79206415874876e-07,0.002821156510375899,0.19436097382436252,8.522933673211433e-05,0.008417328471327855,0.0008663833211328039,0.0032954539031301525,2.0522673065779797e-06,0.0058533104426096595,0.24420932157250447,0.0017179636117696366,2.1906147531887402e-05,0.4759729535426769
29,0.0002501664304754089,0.009615054299935859,0.0001076953904177768,0.00034125353007392846,0.0036813864672221148,0.001180702302186027,0.005845614122293482,1.482973256149092e-05,0.02950292661560288,1.192602771125535e-05,0.008926936588093407,0.0028966963355499934,7.79206415874876e-07,0.002821156510375899,0.19436097382436252,8.522933673211433e-05,0.008417328471327855,0.0008663833211328039,0.0032954539031301525,2.0522673065779797e-06,0.0058533104426096595,0.24420932157250447,0.0017179636117696366,2.1906147531887402e-05,0.4759729535426769
30,0.0002501664304754089,0.009615054299935859,0.0001076953904177768,0.00034125353007392846,0.0036813864672221148,0.001180702302186027,0.005845614122293482,1.482973256149092e-05,0.02950292661560288,1.192602771125535e-05,0.008926936588093407,0.0028966963355499934,7.79206415874876e-07,0.002821156510375899,0.19436097382436252,8.522933673211433e-05,0.008417328471327855,0.0008663833211328039,0.0032954539031301525,2.0522673065779797e-06,0.0058533104426096595,0.24420932157250447,0.0017179636117696366,2.1906147531887402e-05,0.4759729535426769
31,0.0006179883251663206,0.014805127824757652,0.00024239215627688997,0.0004300278212584174,0.004074781969357943,0.0012730182032912654,0.0096869281031075,3.140147054176813e-05,0.026162974233965526,2.4571431881837864e-05,0.009434595089716953,0.003140430615087017,7.965893876602207e-07,0.003478947912347924,0.14970025296493372,7.556787615447948e-05,0.008256136220748975,0.0013119474309161198,0.004962780191528642,2.351008049913583e-06,0.0054613756734514084,0.2025873607081185,0.0023165672096421186,2.707608860080728e-05,0.5518946028817105
32,0.00027325244211273003,0.010194873734442016,0.00010957181945937493,0.0003161433386778604,0.003624685625553617,0.001240130443515011,0.0057453938147733795,1.5402137821199466e-05,0.030967544685656136,1.2151306752341814e-05,0.009161941953151348,0.0029320416083464178,8.131607021564063e-07,0.0026674954245537712,0.20279591610376682,8.693625505227294e-05,0.008468708600439764,0.0008732605930341466,0.004096339772431363,2.0020159241007163e-06,0.0059064980226613654,0.258106591628022,0.0016540510789226737,2.4081847873209574e-05,0.4507241725863549
33,0.00013662196919959053,0.00914344960974622,4.9490437174002215e-05,0.0006277307070752387,0.003895865793763813,0.0017043519953456481,0.003925698490189782,3.078127582739257e-05,0.01537237871183503,1.828089800203463e-05,0.02042715741193385,0.0025696396607987077,1.1181521964463266e-06,0.008270916432801229,0.09680053406404449,0.00013079961281311288,0.02594616280852883,0.0010163238335172227,0.004938161449859796,4.137894790300543e-06,0.006979969082081632,0.5358741249198494,0.004903409824118143,3.951065054371595e-05,0.25719338431396443
34,0.0016285250644143142,0.02050805640491428,0.00024159532124502108,0.00010248300313943981,0.004543494461379705,0.001637850910358465,0.005046739911935959,1.5954801346989762e-05,0.1350629535222722,4.688603673628166e-06,0.010457095507914686,0.0036205711688174803,1.371314414261284e-06,0.0009755878513846185,0.30760853191894655,7.489882351261917e-05,0.005078193960221519,0.001001219916493863,0.025269399218877067,9.117365048179028e-07,0.0037231023252205135,0.191254894171729,0.0004039439594307493,5.0523940789758574e-05,0.2816874121810626
35,0.001035959612319721,0.008974096537164083,0.00019626943886672142,0.0003357778029457132,0.002133038897840597,0.0007036336400014185,0.007676960573115103,2.0520655697078915e-05,0.05038927878276732,1.4247624224611577e-05,0.004485643878829128,0.004131278197617899,8.213388803123699e-07,0.001643240926371125,0.11905486703890004,6.727403744292473e-05,0.006652591830554535,0.0034854470121561763,0.0036987740623342603,1.0689150872351643e-06,0.006262333391298995,0.2730990477227446,0.0005472005051312571,2.2104273595772005e-05,0.5053685233041133
36,0.00029848195457467464,0.012928896149268633,0.00014130081022997257,0.00042112708002393364,0.005751486828538501,0.002249480514659941,0.005544156502830919,8.859643072911908e-06,0.03184773475564818,1.804363199720862e-05,0.009911281931552888,0.0015762598762415936,6.378451466359487e-07,0.00297743141697634,0.15184511454689179,6.887521603291367e-05,0.009475434147340549,0.0010313644485003555,0.002840932039440859,2.708215015985382e-06,0.0072175132109742815,0.1525650016011257,0.003250778526399559,3.4641223746920706e-05,0.5979924578837688
37,0.0007019625081610992,0.014190016624971871,0.00021928859151724325,0.0005218039926882424,0.0038157422019786586,0.0012444840993480056,0.008421797094712245,1.4666233977307384e-05,0.03285501003584601,2.326918082079843e-05,0.009539172157132219,0.003838546469095425,1.0705869521892285e-06,0.0026307012185939837,0.10340688290097931,6.976674646070565e-05,0.009136425227009585,0.0017071216547545588,0.004484736184233053,2.5933667106356353e-06,0.0066147008881187195,0.22372433142872042,0.002826336419220419,5.6211503624231105e-05,0.5699533626843731
38,0.00014999436425947716,0.008091323298552205,7.137917708133361e-05,0.0005035319379504782,0.0027841369410041656,0.00077464500330893,0.004556533740653023,1.5445401908585055e-05,0.02163517980225194,1.0008685643334226e-05,0.00943266260210531,0.003525957122968388,7.767232381536783e-07,0.003669157217683811,0.13852460912564912,6.884911793398128e-05,0.012418710652487331,0.0008724628685087037,0.002171773974592944,2.468964800893356e-06,0.007357200101935044,0.35300345365924973,0.002304698178771305,1.8585819133935295e-05,0.4280364555183278
39,0.00020312199743434896,0.004048215919736257,0.00016658800692478037,0.00028265474261993524,0.0028787031813280366,0.0024090933430881336,0.004459354749370532,2.1528275522301315e-05,0.030210271393877372,1.2471397851738617e-05,0.007736164156651728,0.002134399037565007,1.435005210324844e-06,0.0014611316819450604,0.23904594790446412,0.00014757729613529088,0.014112900921970862,0.0010266597779844595,0.004730244150488181,2.293733259811889e-06,0.010946416215022316,0.28015003868609983,0.001349526612347918,2.688831770711008e-05,0.39243637349539456
40,0.00021467896059410016,0.007888195352593868,0.00011268184712921949,0.00015416346257259643,0.0029021868318610256,0.0007356598352834896,0.005906318134005584,9.089770138828943e-06,0.028609863600833337,6.276556683218287e-06,0.005607244520851701,0.003011593234711491,5.943235597011865e-07,0.001824849476684005,0.2581713790687573,4.7492310328801514e-05,0.003866924008725706,0.00044239255800390367,0.0024621977958131378,1.0016414548423278e-06,0.003584181709712597,0.16077418719088418,0.0008893423589750835,1.0458299771646146e-05,0.5127670471500706
41,0.00041606952439757997,0.007646178610557685,0.00013435114122793763,0.00010845135917790662,0.011333751761517156,0.00087616094914928,0.0068944580933404075,8.811209736547178e-06,0.06881333083701534,3.341236860092775e-06,0.0052072113385374635,0.0015325306742840488,8.728051989925137e-07,0.0008797550344689482,0.3851396343390422,0.00011649501671216404,0.0032317572882421927,0.0004363606714588302,0.0015749074350218852,1.4976568290867362e-06,0.0017674248686960496,0.05632859034785695,0.00039779392029451666,1.0893033338673687e-05,0.44713937084703825
42,0.00010931084572599861,0.0045942032134021074,7.82245776418377e-05,0.0002775531632571404,0.0012733504066328916,0.0009981029520403015,0.00343728191306937,2.5412828351914388e-05,0.023597880320569333,1.0349438944834187e-05,0.0073342587403414875,0.003101198726798676,7.917534149981819e-07,0.0012619218289545348,0.24577886827574832,0.00015412455191894648,0.007349997678936396,0.0006275866144032805,0.005943787142159567,1.6795637571788132e-06,0.007394512504326365,0.4930327356688318,0.0010077922286674482,2.273447230360412e-05,0.19258634058980187
43,0.00023008515050930225,0.009274354321417695,0.00010458594449414139,0.0003422705607082481,0.0034784813621023315,0.001276200361779197,0.0055680254915827085,1.5142387752899635e-05,0.028218870202156448,1.3973314604163436e-05,0.008324110574898829,0.0026651868869771197,7.780351037845721e-07,0.002770749739328607,0.19263803504694266,9.200971158314643e-05,0.008909225718924966,0.0009076898374790549,0.0034293550742131263,2.2050516191544825e-06,0.006550574703543127,0.261090663854621,0.001768503373230113,2.2252375222185703e-05,0.46230667091920585
44,0.0002501664304754089,0.009615054299935859,0.0001076953904177768,0.00034125353007392846,0.0036813864672221148,0.001180702302186027,0.005845614122293482,1.482973256149092e-05,0.02950292661560288,1.192602771125535e-05,0.008926936588093407,0.0028966963355499934,7.79206415874876e-07,0.002821156510375899,0.19436097382436252,8.522933673211433e-05,0.008417328471327855,0.0008663833211328039,0.0032954539031301525,2.0522673065779797e-06,0.0058533104426096595,0.24420932157250447,0.0017179636117696366,2.1906147531887402e-05,0.4759729535426769
45,0.0001900620150949233,0.005598279911916773,0.00012355153472961764,0.0002625244302928456,0.0030721909089526413,0.0011977244382202134,0.0061954460715348296,2.718530067762548e-05,0.0316721581830406,7.968596178658962e-06,0.011691524662287567,0.0025205983448059487,6.370945726266759e-07,0.0016011744698072752,0.37876189809947325,0.0001517294151429402,0.005030062745966183,0.0006558939618533714,0.003878853712274314,1.5090721646009793e-06,0.0037668789219572315,0.25414715202320964,0.0009152878619734275,1.9889799117087798e-05,0.2885098184247558
46,0.00017178094190226382,0.0063540860256485155,7.700230531952288e-05,0.0003848193957392931,0.0028030699505742322,0.001288525855829083,0.00335121783844304,1.379183469605015e-05,0.020097689737128718,9.868728439969624e-06,0.009705052179338832,0.0024106673711236926,1.015519331938821e-06,0.002870445859047499,0.15400374438126557,7.968947147312273e-05,0.017648670062418943,0.0009076298557405567,0.003096640723248343,2.5028577951467676e-06,0.006854347834838002,0.35192303252597623,0.002159387856625713,2.3651666114588978e-05,0.4137616692219411
47,0.00030723316137575414,0.006704503222985178,8.605825966068521e-05,0.00018257554169495105,0.002349843001580248,0.0006267893851294732,0.004508828196913043,7.9648640305893e-06,0.032222557413985324,8.708511617093868e-06,0.003494550925471549,0.003985752270178458,1.3420175790322029e-06,0.001197718982750297,0.17291088948184433,8.888227036532123e-05,0.00825710835895726,0.0008120850083044718,0.003386288382673516,1.6804411991576054e-06,0.006158029120258404,0.27288160735837497,0.000753463832737065,1.8459589447889774e-05,0.4790470804008857
48,0.00034155846372603717,0.02071188904265442,0.0001070836206901899,0.0004010622609692807,0.004209223836600195,0.0022647464842367113,0.005734211492791917,2.170319012139573e-05,0.030849568550914506,2.3217462546586368e-05,0.01481408089518001,0.0027168560705919955,9.249279798654811e-07,0.00401476721108545,0.1611703574854605,0.00010436030135551602,0.013568570481268817,0.0009063403404119424,0.01245641149212564,2.7285649417427647e-06,0.006803785677356009,0.3637024118338251,0.0031207870786933863,5.086111894241323e-05,0.3519024921155303
49,0.00021726629709915743,0.008402200910901074,0.00012674140003583991,0.00040867115158816665,0.0026457928359569015,0.001143248502041948,0.005553048024707881,1.3659581140430599e-05,0.026776111359872255,1.2525481189900655e-05,0.00815033575244846,0.0035358435604254633,8.511114028097142e-07,0.0027926403407665854,0.17173076257949899,7.483314493856178e-05,0.007723761986137645,0.0008340363510727142,0.0028611385536539673,1.9957757744061227e-06,0.006661288625234078,0.2557653646901744,0.0019832967869021214,2.327444895769414e-05,0.49256131074807863
50,0.0002500632841261807,0.009614226085132998,0.00010767449115351109,0.0003408495287811083,0.003681321783299917,0.0011782175512678504,0.005861369956692738,1.4846703512265431e-05,0.029421262385174958,1.1951931260374524e-05,0.00891491114079998,0.0028980113274947933,7.783406935146278e-07,0.0028235759053987014,0.19424004899441027,8.512392413163255e-05,0.008404386269381354,0.0008654598058953385,0.0032929498786844744,2.0507206833173467e-06,0.005848078446882308,0.24400554790627071,0.0017188025284940534,2.1852276675257063e-05,0.47639663883370215
51,0.00026901198742804405,0.0242753889429559,7.861953512298854e-05,0.0006099296977582206,0.0014363148735151547,0.0006212650620224256,0.004699821531035444,1.8921212682226662e-05,0.028087784455198137,1.2873298516655438e-05,0.007641205192348459,0.0041356205807633484,2.889437679844916e-07,0.004837823290723351,0.15400382023151515,4.674580289646535e-05,0.005264372628231875,0.0009287827672280855,0.0039236331576096685,1.1983151294412442e-06,0.004323633095863517,0.4024820624850378,0.0012362386765244978,1.440018773786157e-05,0.3510502440483872
52,0.0002704131315208141,0.006666785892535905,9.584931408920626e-05,0.00025206793758656755,0.003455898016410131,0.0015479076402536143,0.004106459931225281,1.4255904915728059e-05,0.029269092802722205,1.0759360048937721e-05,0.009062941696147606,0.00174879964226547,6.449927341950334e-07,0.0026671687787567133,0.23066715031239002,9.347594692018424e-05,0.008503289579948885,0.0012862301572255292,0.003010028724189811,1.7701522886388214e-06,0.004335550985908735,0.23420699766296174,0.0011418875664149903,1.9015381551233232e-05,0.4575655584889878
53,0.00010590994773437434,0.006093466329695812,9.71159277986946e-05,0.0002817550942820688,0.004761499343349417,0.0004797706145802972,0.016990788530665712,1.819288137081643e-05,0.020048739169779402,9.641782824690353e-06,0.009707683215826504,0.004564996040775347,5.513282773542267e-07,0.002220444641488087,0.26324524028786517,7.827709472959443e-05,0.0032516974974040303,0.0003504372368840078,0.0015181992622193257,1.4643766829698364e-06,0.00469715825403858,0.1848864765459576,0.0019980061506384562,1.2218871145552563e-05,0.474580269573986
54,0.00024335074925762993,0.012469078869220775,5.6419537990711506e-05,0.00015735668617191583,0.0026702446508960072,0.0005605441286807492,0.004250715631956711,5.155853141420132e-06,0.0195359534171771,1.017344422295278e-05,0.002548654303396835,0.001920781566945,3.508084111567905e-07,0.002576389652004341,0.1742722272975239,4.1233217064877875e-05,0.003414190660600499,0.0005049447242539709,0.0015394276310096327,1.1397619918534418e-06,0.002263692202279156,0.11070014395036996,0.0007345689496086267,6.02646097421769e-06,0.65951723584485
55,0.0004739314454757228,0.008311483863892279,0.00015020212137653366,0.0003253768432078547,0.0021462499519963696,0.0006411933248804187,0.007043048612061956,8.222779237456518e-06,0.10140562578654083,5.4381058504536915e-06,0.003883541326706452,0.009606344555973001,1.91881903002312e-06,0.0011187588995406085,0.17618345925508225,9.172676656215706e-05,0.003753397917320223,0.0011410477264453477,0.003116885216384151,1.1084463189556333e-06,0.00679915973457347,0.203610569561583,0.0004432282999018502,2.7403412979905822e-05,0.4697106772270787
56,0.00025277582654719284,0.009368613741822214,0.00010675935368448641,0.00033286034195441583,0.0035975610118663126,0.001129523113020432,0.005854008602953854,1.4498960553042216e-05,0.02932637531499825,1.1381518603140183e-05,0.008804091389091459,0.0032026872590991892,9.010713253218178e-07,0.002803711652581607,0.18949436411875303,8.180272364546628e-05,0.008629370886520405,0.0008391841738688657,0.00340389978301417,2.067186508279411e-06,0.0059050362622235075,0.2469032357709695,0.001707958236208187,2.248144525382785e-05,0.47820485025493387
57,0.00019325901108336067,0.007738896879359838,7.820712133030643e-05,0.0002630761842158065,0.0025505576188173664,0.0006680788057128174,0.005050247190994804,1.2854620413715413e-05,0.026599098974622343,9.939741316399267e-06,0.005359034936245223,0.004639162733727196,1.342769812640389e-06,0.0019841559899354128,0.1756843799640381,8.779051081098175e-05,0.009539502919066334,0.0006350585650201389,0.0036068981970747726,2.2831471340675474e-06,0.0064258219423982904,0.31871253424123985,0.0013116348441800441,1.835187823432191e-05,0.4288278312132158
58,0.0003233120382065872,0.010769693735949944,0.00013061881045372455,0.00038367464852073546,0.004018023552984213,0.0013673469102442948,0.0064902186135239485,1.5987733658536315e-05,0.03569840751126563,1.2332698309751215e-05,0.011228779424847244,0.0037093144110293946,1.0487875380465133e-06,0.002823205233405305,0.18386648283002213,9.236686696595415e-05,0.008715628733357182,0.0009399752266648575,0.004526117169475359,2.237888759349986e-06,0.006423552818665314,0.2552517089734461,0.0020642830903148434,3.509099772587431e-05,0.46111059129466564
59,0.0003038727497406101,0.010504903566902053,0.000150093428441863,0.0004026795754139615,0.003935923530124908,0.001422307231346795,0.0066194627533178165,1.657147774676836e-05,0.03606373413816201,1.3143948888581503e-05,0.011163281220891837,0.003443654833973136,9.503886196161011e-07,0.0025394881775831196,0.19868752298521475,9.846133175197835e-05,0.008137581664560776,0.0008990802908840782,0.004269450584480876,2.3488268849665675e-06,0.0067656325023968435,0.2515465945457985,0.002143044930862569,3.553901345892226e-05,0.45083467630255253
60,0.0002501664304754089,0.009615054299935859,0.0001076953904177768,0.00034125353007392846,0.0036813864672221148,0.001180702302186027,0.005845614122293482,1.482973256149092e-05,0.02950292661560288,1.192602771125535e-05,0.008926936588093407,0.0028966963355499934,7.79206415874876e-07,0.002821156510375899,0.19436097382436252,8.522933673211433e-05,0.008417328471327855,0.0008663833211328039,0.0032954539031301525,2.0522673065779797e-06,0.0058533104426096595,0.24420932157250447,0.0017179636117696366,2.1906147531887402e-05,0.4759729535426769
61,0.000302849709431389,0.010260214273361516,0.0001451467558654569,0.0003830320574873233,0.003913978236469744,0.0013420985779774924,0.006676173824147933,1.6199151430711722e-05,0.03483604294665166,1.2849060882344132e-05,0.010622125095683502,0.0034583114042559507,9.753225147611795e-07,0.002518726624762,0.19694054164448144,9.354113975021168e-05,0.008097118773596075,0.0008968090668682617,0.004106712373547757,2.2799040865769275e-06,0.006561881770372317,0.24684068144792784,0.002043888177539549,3.31960545892535e-05,0.45989462660631897
62,0.0002501664304754089,0.009615054299935859,0.0001076953904177768,0.00034125353007392846,0.0036813864672221148,0.001180702302186027,0.005845614122293482,1.482973256149092e-05,0.02950292661560288,1.192602771125535e-05,0.008926936588093407,0.0028966963355499934,7.79206415874876e-07,0.002821156510375899,0.19436097382436252,8.522933673211433e-05,0.008417328471327855,0.0008663833211328039,0.0032954539031301525,2.0522673065779797e-06,0.0058533104426096595,0.24420932157250447,0.0017179636117696366,2.1906147531887402e-05,0.4759729535426769
63,0.0002624342550390208,0.011814326140527893,0.00010526048702955516,0.0003372827432748283,0.0037332768702212984,0.001134974931316957,0.0057465044299703965,1.3853927536955607e-05,0.029711932808956013,1.2705874017714498e-05,0.008385431462550273,0.002886986357976647,7.402637111642703e-07,0.0028659402061940896,0.19383867036069077,7.959020833910717e-05,0.008143431560512117,0.000797694016251141,0.0035588659944328156,2.1023614588222506e-06,0.00573497395628882,0.24031193078734892,0.0017723243109306508,2.1615091611252037e-05,0.4787271505938129
64,0.0001999867738599216,0.009040241898621243,9.769686104847358e-05,0.00034313660942589323,0.003146610812940298,0.0011017411064030117,0.005449473255771344,1.2854732022084012e-05,0.027427326914339134,1.2679857794273262e-05,0.007331055136250467,0.003074050205928859,8.190283929333385e-07,0.0027433577146816135,0.17976757307121427,7.790912014182677e-05,0.008533405104943784,0.0008110634759385438,0.003010123550628103,2.102537888012074e-06,0.007639895415393801,0.26065358278914297,0.0017878106242347402,2.0421478123806785e-05,0.4777150819248706
65,0.00011001191063471122,0.008952848908501874,0.00011422623543638159,0.00044583796876950936,0.0026432822059350228,0.0009649710044545733,0.009242820889643812,2.165989299379721e-05,0.008659620164669436,3.906310160828341e-05,0.004962062777012659,0.002038347261141861,3.6751820315734536e-07,0.004647087303784089,0.14527000103708393,6.074481384275773e-05,0.00628279881514133,0.000590062692950343,0.0016316918505694378,2.677656241600652e-06,0.007966312384426256,0.17639198172276557,0.003384492329749891,9.169771612776582e-06,0.615567859782827
66,0.0004260469825519182,0.008168235776941053,0.00019418325517723384,0.00023704406939297832,0.007147450489748685,0.0022536516273468075,0.005757557457958915,1.0049191182550785e-05,0.03421692188563087,1.6972836180570222e-05,0.008790253123124196,0.0017012573528490706,1.4972715752762553e-06,0.001488397027609984,0.17529144357972973,9.870571946174526e-05,0.01337565349619008,0.0010709039530981009,0.00420862253126572,3.7372816313152895e-06,0.00834999324909093,0.15501627716580524,0.002474048392808674,4.787008239075225e-05,0.5696532262012577
67,0.00018085319536144086,0.007001545329268649,0.00010755679810416907,0.0005648148458957021,0.0036044246171692993,0.0022724442917946047,0.004042978635390905,1.4041120079261657e-05,0.02169660341262658,1.5863716547690486e-05,0.01108484792649998,0.0023965019108707296,1.2077201199932375e-06,0.0047428677458799225,0.13822874259099652,9.904416164333646e-05,0.015558394478882666,0.0010730000165805184,0.0026306749158581163,3.582931701778091e-06,0.008318726610761768,0.2389813108884466,0.003537616268253443,3.166404703188821e-05,0.5338106918242345
68,0.0003065872605772642,0.010521631735575094,0.0001539449239581394,0.0004809217533494181,0.0031749230227751542,0.0012741658295096193,0.0064006690113953876,1.639270652827237e-05,0.03292375964382737,1.4830728864665556e-05,0.008895152927597821,0.0036289450579922535,8.556783074670136e-07,0.0030539685077734754,0.1515775957336419,8.38897535105701e-05,0.008570909765545549,0.0010823147003453794,0.003347430065507642,2.179384964974439e-06,0.007850658904208494,0.2548037820828646,0.002123424191897987,2.830792061867891e-05,0.49968275870886286
69,0.0002175941108329653,0.011611249925269204,0.0001533127562974632,0.0005462377258335143,0.004547389896361304,0.001591157148958694,0.008099798718538144,2.3662127261944806e-05,0.030806376393476304,1.5285978079611653e-05,0.01701374467984324,0.0038005552677977195,8.491576414447195e-07,0.003354187685152517,0.2191077238541818,0.00011429437440081745,0.00793762013478566,0.0006995483224140249,0.0045302165687055905,2.8650339876673957e-06,0.008219184608573946,0.2701046099948991,0.0035691145766214793,4.15061169543764e-05,0.40389191484313147
70,0.00028679986252405973,0.006906172098827705,0.00012284500426703606,0.0003412971611507169,0.003293743101183384,0.000805709652162596,0.00591857831776799,1.7667580430297825e-05,0.02506703039137895,1.0389272872542107e-05,0.0059168970097231155,0.002735057192914537,7.701420188668521e-07,0.0029598230816463007,0.18568733528485112,8.971926792665357e-05,0.007552084118061219,0.0010270654367135952,0.0015892736595650744,2.0829359244159934e-06,0.003662397480334389,0.18441943544643316,0.0010136709181265055,1.1255909766964417e-05,0.5605628996734289
71,0.00024904332088140967,0.010214833310629312,0.00010347211195365507,0.00034484273873532073,0.0040299335061877994,0.001137691397743775,0.005988827195774908,1.4373412722170706e-05,0.02929740963257689,1.2580261696521503e-05,0.00853658977443405,0.0029152463043965416,8.166873689999695e-07,0.00290386612819459,0.19028862426911713,8.767917787708647e-05,0.008535451865078586,0.0008311554959381929,0.0031612916615090573,2.321209406103333e-06,0.00586011193160669,0.23219606401893514,0.0018350222978519763,2.1949980002407332e-05,0.49143080230938174
72,0.0004215527176927186,0.0037637532629582514,0.00036720302658358166,0.00042374059127793995,0.0022473165941111653,0.0023238740367852073,0.010049381851428486,5.29119751094986e-05,0.1001242415888322,9.263015861068451e-06,0.011467274933945582,0.0056659119428653934,1.7878088549661167e-06,0.0016407821769599334,0.28787272521700413,0.0003074708650655163,0.004887946262522826,0.002675392889822763,0.005359340647237855,1.1126481850621639e-06,0.012306485705046348,0.29590773716061064,0.0003210450288897517,3.659182062265757e-05,0.25176515623172646
73,0.000810793268280965,0.0576254140588132,0.00028170456287713604,0.0019850674576231734,0.005543077860029723,0.0053471996048765555,0.008585907813461838,3.638103002054769e-05,0.13123073812717553,3.296967857518953e-05,0.015844849221761475,0.0037923593058405308,6.579977905970001e-07,0.0147232257746659,0.12149033775773745,0.00021385712508253097,0.006350213384448425,0.0023589957670267347,0.006391690161864297,2.872340108599198e-06,0.007597413756762392,0.17245536741682166,0.002110779046388138,5.368640703936905e-05,0.43513444107492805
