,0,1,2,3,4,5,6,7,8,9,10,11,12,13,14,15,16,17,18,19,20,21,22,23,24
0,0.013797598015858203,0.004228007626695181,2.848473371757751e-05,7.260147854059399e-07,0.0007250636653812798,0.0024928436131778347,0.0003632519340739863,1.1736869246274412e-06,0.00013555150497442908,8.25268612666961e-07,0.02329520684756449,0.0008021937962034995,6.60881734390738e-09,0.0019093558039469615,0.9298651638123251,2.3410415495266364e-05,6.396999245015132e-06,8.917419496661164e-06,0.004698593418158015,2.1902470473457894e-09,0.0002745033504777628,0.013905543464699651,0.0006830561793307868,2.348994141882812e-06,0.0027517746356491265
1,0.008541823062857518,0.00562179919551876,1.8412623602859024e-05,9.758524584518635e-07,0.0004987122079832086,0.0017577495675019784,0.0003319652885636163,1.5522229954591683e-06,0.00016430701981170827,1.6478839675090747e-06,0.011855379839569104,0.0004294652764840877,4.2782909583309475e-09,0.0017410212588015027,0.9399454316146771,2.7391330380457088e-05,5.373826921126618e-06,6.892660601274321e-06,0.007000801413556985,2.282331741327279e-09,0.00042328192659136425,0.016126009837136312,0.0006233655661047298,1.776362407938841e-06,0.004874857600884403
2,0.00689448728077165,0.003550864903792902,5.410050633054403e-06,4.4340857125131174e-07,0.0002261812548907194,0.0009614615659866317,0.00016564119504742237,6.281764406176492e-07,3.2607076403796045e-05,5.805242130896873e-07,0.006946989677242861,0.00030142398325941805,1.8188791740048347e-09,0.0010232013120960396,0.9560215611780913,1.590536847897562e-05,6.574920927670995e-06,5.639141168135476e-06,0.002470964048770608,9.271874488246514e-10,0.00028614568906937845,0.01664116834065649,0.0011207728650463934,1.304040322024921e-06,0.003320041252052852
3,0.012978018338690249,0.008014177503886341,1.71397673085059e-05,1.26816318496261e-06,0.0005792187335709686,0.0017025136822385995,0.0003440152470799645,1.4807780708812314e-06,7.981063740895268e-05,1.3896315194383278e-06,0.016315203900681488,0.0006626965586933937,5.356432812465707e-09,0.002175508177146566,0.9218297456467793,2.133736081688696e-05,1.0353481693282437e-05,1.5121638560248706e-05,0.004543501435704162,2.219066235212643e-09,0.0005134423783027477,0.023100720771759335,0.001259508088097744,3.0616411046651276e-06,0.005830758862202074
4,0.012764758874504305,0.008833138228199103,2.07684054454563e-05,1.395363102546002e-06,0.0007112529374407811,0.0019852227506453584,0.0003710836737839436,1.4203121529589751e-06,8.656623966409308e-05,1.4976783948142293e-06,0.017621944621340795,0.0007244466907671789,7.328284749110731e-09,0.0027399468105185785,0.9187400043627918,2.2134035209964615e-05,1.0238016739351363e-05,1.6188079518700928e-05,0.004385006115516998,2.5177818082214636e-09,0.0004928142687777121,0.023714059115925477,0.0013158047082206137,3.3025433711161062e-06,0.005436996321901783
5,0.014716638048864247,0.011206847331186333,1.9979057694904487e-05,2.2041359956838275e-06,0.0007959204939998773,0.0021139059112730532,0.0004194937335481955,1.9813098338576894e-06,7.891047223489479e-05,2.0529387869193367e-06,0.02103453228631815,0.0008002986249023998,7.49435587984534e-09,0.002861034848168559,0.9037230136509402,2.397599043719528e-05,1.396457736392729e-05,2.713732066540933e-05,0.004729016792318804,3.0233181539445643e-09,0.0007547659997411256,0.027144795405791865,0.0019175522495731674,4.601899983261645e-06,0.007607366402704059
6,0.012978018338690249,0.008014177503886341,1.71397673085059e-05,1.26816318496261e-06,0.0005792187335709686,0.0017025136822385995,0.0003440152470799645,1.4807780708812314e-06,7.981063740895268e-05,1.3896315194383278e-06,0.016315203900681488,0.0006626965586933937,5.356432812465707e-09,0.002175508177146566,0.9218297456467793,2.133736081688696e-05,1.0353481693282437e-05,1.5121638560248706e-05,0.004543501435704162,2.219066235212643e-09,0.0005134423783027477,0.023100720771759335,0.001259508088097744,3.0616411046651276e-06,0.005830758862202074
7,0.020661623136241775,0.01744048620738197,4.0921092443204055e-05,1.5904789995019524e-06,0.0004893817921222099,0.001513354142229013,0.0008330186672319558,1.7174772371061118e-06,0.00016962322181810087,1.3109527875402346e-06,0.03881625570101813,0.0007273447031217194,1.8842503050340024e-08,0.0022438673799115376,0.8875910666259065,1.2403920530885843e-05,1.1190651843043258e-05,2.2957080674659658e-05,0.0037432107335704065,4.7512568867153344e-09,0.0003087707600395231,0.018952174773145942,0.000793753698187509,7.102329830023652e-06,0.005616850879967796
8,0.015671496280436004,0.01017594821116461,2.2561195655003144e-05,2.22891082499694e-06,0.0005865911227601631,0.0008612219767806911,0.0004143900180966965,2.2487050362068385e-06,6.727156251014073e-05,2.342520511065718e-06,0.007151122891631348,0.0004949628472466917,6.090641738366275e-09,0.002263007450452951,0.9239904386056813,2.7153159172096347e-05,1.6045290456518147e-05,1.2765351610544405e-05,0.0036834031457144236,2.1268489293196617e-09,0.0006065639483432086,0.018119656255553517,0.001885255124700631,7.304308540734907e-06,0.013936012899629544
9,0.01760037259720501,0.01795788939565032,5.8917089461333305e-05,2.9642125544297726e-06,0.0008968408211733348,0.0008495059332743031,0.0005623130516179208,2.8591499431724113e-06,0.00015975997807181892,2.685503282740291e-06,0.01191722444683383,0.0005833585024404267,1.598781556027451e-08,0.0024867468706878397,0.9118765332781341,1.754283669410146e-05,1.7950476312980312e-05,1.578752598877691e-05,0.0036730469967720483,3.2861611178832247e-09,0.00048279511437947947,0.01456201031263046,0.0010722792572953974,1.4680925655824625e-05,0.015185916449963966
10,0.012978018338690249,0.008014177503886341,1.71397673085059e-05,1.26816318496261e-06,0.0005792187335709686,0.0017025136822385995,0.0003440152470799645,1.4807780708812314e-06,7.981063740895268e-05,1.3896315194383278e-06,0.016315203900681488,0.0006626965586933937,5.356432812465707e-09,0.002175508177146566,0.9218297456467793,2.133736081688696e-05,1.0353481693282437e-05,1.5121638560248706e-05,0.004543501435704162,2.219066235212643e-09,0.0005134423783027477,0.023100720771759335,0.001259508088097744,3.0616411046651276e-06,0.005830758862202074
11,0.013599960010996082,0.00869514195847204,1.8705814963550404e-05,1.3538592331038e-06,0.0006057558592429844,0.00177536907101587,0.00036657734426981213,1.5160947172285828e-06,8.33151654866065e-05,1.440701140789538e-06,0.01739636393862755,0.0007094556400469214,6.38944585818927e-09,0.002356265040005591,0.9181342987964264,2.1324411065419108e-05,1.0963762118330602e-05,1.6602419258012223e-05,0.004461725702366255,2.473576830814552e-09,0.000507057162803141,0.024018423656303592,0.0013109283757397052,3.3332736010805102e-06,0.005904113079077118
12,0.022800473940061416,0.013820487166253356,1.6778405826924767e-05,2.688019561236107e-06,0.0020230405626047365,0.004105190613153187,0.0002934089147012378,1.4308497913245036e-06,1.5537247195622526e-05,2.164344585828358e-06,0.021833753863642388,0.002864491924301107,1.0440378688230544e-08,0.009598844953326966,0.8042439057909363,4.172893898299313e-05,3.877039523553028e-05,8.775487978395366e-05,0.0030892378948979074,2.8380755167196896e-09,0.0012918579472165732,0.09757913663712245,0.009724083314633387,5.484066376641095e-06,0.006519736051354729
13,0.013303732556485157,0.004805421007024873,2.0120578620464707e-05,8.135747646582508e-07,0.0004890254554619051,0.0011961356758689642,0.00025378275926604644,1.2757759396101174e-06,7.527952641241937e-05,5.182418511725477e-07,0.026124870176467963,0.001287802437584295,4.292550781479825e-09,0.002030462135130773,0.9174033419236964,1.202925763908785e-05,1.1766699468564074e-05,1.1428803302326872e-05,0.0042021591955520386,1.812362412856034e-09,0.00045778782484782614,0.023593918793166708,0.0008102164536364002,1.8540506386730213e-06,0.003906250992260627
14,0.008703766697152312,0.019619666833537948,2.0682386688079732e-05,1.9652903691534232e-06,0.0010012660582609026,0.002397023609304195,0.0003969767383733537,1.912311863629781e-06,0.00013077956550839752,3.4233976011473183e-06,0.02095093870533347,0.00043217724929893724,1.0011809805140356e-08,0.002430312643731117,0.90651628466069,1.885591597115281e-05,9.528606398902564e-06,2.1259422572299988e-05,0.005292703253699947,2.898296815915334e-09,0.0006287857800694865,0.02483239199288878,0.0010863058548651343,4.92703757379576e-06,0.005498053078141425
15,0.012978018338690249,0.008014177503886341,1.71397673085059e-05,1.26816318496261e-06,0.0005792187335709686,0.0017025136822385995,0.0003440152470799645,1.4807780708812314e-06,7.981063740895268e-05,1.3896315194383278e-06,0.016315203900681488,0.0006626965586933937,5.356432812465707e-09,0.002175508177146566,0.9218297456467793,2.133736081688696e-05,1.0353481693282437e-05,1.5121638560248706e-05,0.004543501435704162,2.219066235212643e-09,0.0005134423783027477,0.023100720771759335,0.001259508088097744,3.0616411046651276e-06,0.005830758862202074
16,0.015244972070541133,0.01136502363785086,1.3618708199943468e-05,2.207345821926931e-06,0.000563675442435561,0.002793387035729791,0.0004966173477195197,2.319085653090426e-06,7.126681116836821e-05,3.5744968556438293e-06,0.019993827450151484,0.0008131893165274598,4.842707267439838e-09,0.0027975448427088627,0.8872567798974722,4.1734661670447996e-05,1.312439364013446e-05,3.6769463390879366e-05,0.006175514334446082,3.7390921846185335e-09,0.0014687096779331414,0.04064232005791223,0.0020875155675525348,3.463630988107816e-06,0.00811283614183109
17,0.02368988850947969,0.012017597157024357,3.010439614035728e-05,3.870896762006106e-06,0.0010271417441644428,0.0028294177213291083,0.0006068523797103049,2.3476094026044975e-06,7.325583077043793e-05,2.291550202794334e-06,0.025507706742677494,0.0016264013345398654,1.0931089079670618e-08,0.006584171955074035,0.8674356982118985,3.760499820108353e-05,1.737455318069069e-05,4.2155514438767686e-05,0.005309037270132645,4.877075152143366e-09,0.0010395272523064775,0.03653553564055386,0.003602593587154907,4.8441294915742225e-06,0.011974565207199805
18,0.0399600841537015,0.013594096319076024,2.4129488460674566e-05,1.7766157759793927e-06,0.00048324091513818665,0.000952910819908522,0.0004980032972526403,2.389098244285608e-06,5.1049651286957435e-05,1.6683633673939126e-06,0.014279800031743995,0.001703590890784918,8.208822263802605e-09,0.0028562040664848634,0.8504700040683223,2.148417471874629e-05,3.825260118054599e-05,4.267961526825236e-05,0.004313095336025554,2.7577431615308955e-09,0.0007733596687212982,0.05367408003374148,0.0020434476367893676,8.252920866652619e-06,0.014206389266574375
19,0.011589406712280658,0.010251499130085981,4.291741393245406e-05,1.8586292458242143e-06,0.0012794819931792668,0.0021417112202259674,0.0003546852784504172,2.2371304025319885e-06,0.00016727896610752033,2.086647569656332e-06,0.020390573523831737,0.0011371619923577754,1.1236519607938031e-08,0.0036137415550326385,0.9063297072354662,2.0538894056227403e-05,1.2144521344572906e-05,1.5756755500999034e-05,0.00570031221100345,3.4122502198750534e-09,0.0005409630796107728,0.029396555244332143,0.0008751096228867047,3.7893412176530592e-06,0.006130468253108962
20,0.007479417504877658,0.006536499210457238,1.0561090930054528e-05,8.049383969985755e-07,0.0004835066681264065,0.0009594392849966609,0.00018233512714827782,1.763356557084127e-06,6.238658115565315e-05,1.2639114330903229e-06,0.009244175182213647,0.0004916645922378118,3.119058186793594e-09,0.0013222776168034338,0.9289112353603003,1.4259676690523677e-05,1.2641489257181897e-05,9.830736577834373e-06,0.004218972501573631,1.488223755317499e-09,0.0004912680703150064,0.03457353225998928,0.0008977380679239459,2.422128983519571e-06,0.0040920000357729
21,0.02771698501698171,0.008319463750483421,3.201554748127847e-05,2.3506939584516148e-06,0.0007652584556653088,0.0034568309966805265,0.0007632752255405562,1.6754423583129897e-06,7.904458678301994e-05,2.060451739534423e-06,0.025715554674040766,0.0017934450743269622,1.1487154624856692e-08,0.0050145688281651125,0.8846355497560262,5.639059378164877e-05,1.2029757616899064e-05,3.059899082313398e-05,0.005010682230624449,5.022184443309716e-09,0.0007935393402447879,0.02508791514383279,0.0026023546426917187,4.106946759257437e-06,0.008104287344055026
22,0.01781009615616665,0.007031481312921617,1.9233028131886147e-05,1.3851178845699667e-06,0.0006121872891026085,0.00239514280586126,0.00038619722755203967,1.7425049260508033e-06,6.540086392333146e-05,1.3846151208211307e-06,0.02650193946364971,0.0010737896520252514,4.869113005271915e-09,0.0024345220421346826,0.897557171468004,2.828430888770332e-05,1.5013493810230315e-05,2.8708914228489486e-05,0.00443967071842591,2.9342890845754766e-09,0.0008469017673221394,0.03176956433930823,0.0017173187230477768,3.3902491849492167e-06,0.005259466134978133
23,0.012978018338690249,0.008014177503886341,1.71397673085059e-05,1.26816318496261e-06,0.0005792187335709686,0.0017025136822385995,0.0003440152470799645,1.4807780708812314e-06,7.981063740895268e-05,1.3896315194383278e-06,0.016315203900681488,0.0006626965586933937,5.356432812465707e-09,0.002175508177146566,0.9218297456467793,2.133736081688696e-05,1.0353481693282437e-05,1.5121638560248706e-05,0.004543501435704162,2.219066235212643e-09,0.0005134423783027477,0.023100720771759335,0.001259508088097744,3.0616411046651276e-06,0.005830758862202074
24,0.012925663738313041,0.016407644862070574,2.5095342495714382e-05,3.054187448710846e-06,0.0012012930498990577,0.0029723881083358137,0.00046446400123240355,2.041024306708378e-06,0.00010176159334190385,3.146832930515915e-06,0.022033114478918443,0.0008972726383923606,1.1578319299788709e-08,0.005035668090725629,0.888072936473216,2.8426130718039795e-05,1.1646268086974266e-05,2.9001642827795117e-05,0.0061770717223650256,3.943364426486905e-09,0.0008334066739213315,0.03255520412767708,0.0019492143234170105,4.017113638687725e-06,0.008266452054037268
25,0.025025733335685755,0.008648767170992656,3.206729112178174e-05,2.7172590125605497e-06,0.0006880141843558452,0.0015399139749249367,0.0007365928391871228,3.628704784636917e-06,8.575964808086896e-05,1.2548970405734058e-06,0.04548721715963799,0.00177875922228971,1.035119643925291e-08,0.0030894951233430084,0.8676804743274372,2.4089822950099165e-05,2.261964860489653e-05,3.173434408884405e-05,0.006649861420508409,5.459066564977811e-09,0.0008668384116283211,0.029287939177643222,0.001989899588769949,5.329534285971349e-06,0.006321277103362658
26,0.03781618357669637,0.012332194274434128,3.7984817413597375e-05,1.6768837054311276e-06,0.000624141431257172,0.0010364475193157176,0.0005353254749849471,2.945078826820092e-06,9.563226468058673e-05,1.4042507845186781e-06,0.022174815545088846,0.001123056952539415,1.2727363151393944e-08,0.0015504175650608567,0.8797177729841235,1.5186869238969469e-05,3.796526246999565e-05,3.815699145762437e-05,0.0033270286900183937,3.077495709197366e-09,0.0004792141959020723,0.02924761712449493,0.001455226016176781,1.556200547766524e-05,0.008334028420992701
27,0.008247925517553614,0.004806165800874141,9.601581472525044e-06,5.613568668297359e-07,0.00027627212857900984,0.001256098549283809,0.00020265912197447877,1.0723108766400693e-06,8.682602898397558e-05,1.0064746439051359e-06,0.008099593207238801,0.0003061919365402672,2.164718342198577e-09,0.000979670776965411,0.9457068114517432,1.633396712321696e-05,6.153261777070488e-06,7.115523158377877e-06,0.0035296641183039414,1.4304742754763372e-09,0.0003144652808132967,0.020734174015468173,0.0006540904041906936,1.6577159960044398e-06,0.004755885874380124
28,0.012978018338690249,0.008014177503886341,1.71397673085059e-05,1.26816318496261e-06,0.0005792187335709686,0.0017025136822385995,0.0003440152470799645,1.4807780708812314e-06,7.981063740895268e-05,1.3896315194383278e-06,0.016315203900681488,0.0006626965586933937,5.356432812465707e-09,0.002175508177146566,0.9218297456467793,2.133736081688696e-05,1.0353481693282437e-05,1.5121638560248706e-05,0.004543501435704162,2.219066235212643e-09,0.0005134423783027477,0.023100720771759335,0.001259508088097744,3.0616411046651276e-06,0.005830758862202074
29,0.012978018338690249,0.008014177503886341,1.71397673085059e-05,1.26816318496261e-06,0.0005792187335709686,0.0017025136822385995,0.0003440152470799645,1.4807780708812314e-06,7.981063740895268e-05,1.3896315194383278e-06,0.016315203900681488,0.0006626965586933937,5.356432812465707e-09,0.002175508177146566,0.9218297456467793,2.133736081688696e-05,1.0353481693282437e-05,1.5121638560248706e-05,0.004543501435704162,2.219066235212643e-09,0.0005134423783027477,0.023100720771759335,0.001259508088097744,3.0616411046651276e-06,0.005830758862202074
30,0.012978018338690249,0.008014177503886341,1.71397673085059e-05,1.26816318496261e-06,0.0005792187335709686,0.0017025136822385995,0.0003440152470799645,1.4807780708812314e-06,7.981063740895268e-05,1.3896315194383278e-06,0.016315203900681488,0.0006626965586933937,5.356432812465707e-09,0.002175508177146566,0.9218297456467793,2.133736081688696e-05,1.0353481693282437e-05,1.5121638560248706e-05,0.004543501435704162,2.219066235212643e-09,0.0005134423783027477,0.023100720771759335,0.001259508088097744,3.0616411046651276e-06,0.005830758862202074
31,0.024095946092326705,0.02070520985018262,4.720644339039048e-05,3.442388180820883e-06,0.001532837705700978,0.0014967930687556023,0.000495731056206875,4.606996678784156e-06,0.00012670977469632342,3.6468497645302317e-06,0.017246320523500575,0.0013216534930685173,1.6965698004115707e-08,0.004089360294721344,0.8666567372408794,2.6152606521692194e-05,2.8712651509185138e-05,3.4608248278532314e-05,0.00747554569774632,4.25449768699834e-09,0.0008553441910714031,0.039925404172773946,0.0016458338174839735,1.1163086012445104e-05,0.012171012530353353
32,0.011628094191649794,0.007171562178048809,1.5176176160396505e-05,1.0837456866030902e-06,0.0005243137768175888,0.001552531403128854,0.00030531196481600487,1.4454482234647878e-06,8.20366600956811e-05,1.3091880800898675e-06,0.01421193040643382,0.0005906952446163177,4.567954193897293e-09,0.0019348749878925085,0.9272771220722659,2.0742903452362857e-05,9.508314214314667e-06,1.2389858240381701e-05,0.004931284632343221,2.004462783584373e-09,0.00048695085490909777,0.022812531529880407,0.001069946337826209,2.5564636534684107e-06,0.005356595089147562
33,0.01522337506506997,0.012787127412635112,1.4001602760939862e-05,1.2665832208143855e-06,0.0008499485772335908,0.0017015704485891182,0.0002974941696188177,1.6983152239490083e-06,4.369784129465074e-05,1.5861926211990864e-06,0.016021265345948523,0.000944311107503137,8.25353545855703e-09,0.0030476796300531487,0.8823715061857101,2.0942469057472446e-05,2.0023492020321625e-05,2.499807823832566e-05,0.004765856323599216,2.375724044611889e-09,0.0005398007930677717,0.05518326303731705,0.0019499354743548068,3.962179150024147e-06,0.004184679046452115
34,0.010242678741353426,0.003982055098348194,1.718426139873712e-05,4.428178617772086e-07,0.00022346103526672164,0.0010501847916586148,0.00028778771857791675,1.0261029569769612e-06,0.00024962697810941516,7.499531064440746e-07,0.00899046948718568,0.00025387945399767256,2.6549668554528364e-09,0.0008692400635202858,0.9532025224755808,1.3796787190979656e-05,3.2622245526190303e-06,3.7807891459828104e-06,0.005532549968116981,1.3660937264303578e-09,0.00020586560578126774,0.00990392372577295,0.00023412835856882462,1.3787098927515233e-06,0.0047300008309945655
35,0.04868618379116127,0.018525589777402218,3.6023304960103784e-05,3.663361545645513e-06,0.0005337531960744064,0.0016646768001520183,0.0007079583490484976,9.533894665917229e-06,0.00034319089476404806,5.592266322036486e-06,0.020644986150274578,0.0015303820681005528,1.0843656381070872e-08,0.0018163807750664748,0.7948455453582999,2.4508633608898584e-05,3.533186149738373e-05,7.464686444916232e-05,0.012986385931039074,7.668168951847221e-09,0.0011835586368138832,0.06903202928323421,0.0008951950009812805,9.761252776420523e-06,0.026405104035936704
36,0.01306241804705128,0.007930910169306662,1.7441793768127387e-05,1.2557711377527704e-06,0.00058572143796188,0.001627431691559036,0.0003361197922455958,1.51375488318424e-06,8.031796603948464e-05,1.37943476986014e-06,0.015760967956370768,0.000681771935063595,5.400989520406595e-09,0.0021676476095908457,0.9220841514777258,2.1167028220038152e-05,1.0733217598128003e-05,1.4639953233787057e-05,0.004636977111810402,2.1870672880802855e-09,0.0005090160632783845,0.02334418226163816,0.0012268786745085686,3.0759997294756514e-06,0.005894273264452016
37,0.07524909282947859,0.012732359420571106,4.085047250366296e-05,1.6268629284860288e-06,0.0006300935926466918,0.0015776692563154876,0.0008324396215074764,1.7164508345289157e-06,5.880901125317195e-05,9.472613746543304e-07,0.03077628794365428,0.002311427443482601,1.2373131644680703e-08,0.004676551481903994,0.8189193534560099,2.5195592735991913e-05,2.4229860273711088e-05,4.76154529162302e-05,0.004864965978506311,3.148700795040646e-09,0.0005744106648808408,0.03567405837244001,0.0019034133432574265,7.805765259892055e-06,0.009069064343432439
38,0.013099128032254364,0.011550882618033548,2.5058618835792668e-05,1.970874249344436e-06,0.0008999024340736528,0.0014828848773754222,0.0003251147680455115,2.316255809045721e-06,0.00010815318478505281,1.9602041933060264e-06,0.016491919785185116,0.0008263506940865591,8.079194196698062e-09,0.002657603260822016,0.9091978624457417,1.835279505320241e-05,1.538153547910709e-05,1.796176361530236e-05,0.005548242712284997,2.6721468482648228e-09,0.0006102278626536737,0.027882641691252003,0.0012051383657636122,4.4261874735240295e-06,0.008026508281592898
39,0.012686532095507831,0.006604132656327021,1.7070255639590406e-05,1.3294783987556213e-06,0.0006102332097837474,0.0018864766451781444,0.0003253115724017314,1.6581641304805554e-06,8.108104789505619e-05,1.4837251902935774e-06,0.016205608848490184,0.0007391765581760744,4.552165919500693e-09,0.0021560197260040888,0.9227568257319058,2.620086281578055e-05,1.0375426474818464e-05,1.4940171879412601e-05,0.00509720366039389,2.339843030362263e-09,0.0006259455975195402,0.02278066548122298,0.0013241454580605063,2.740710795518281e-06,0.00604483602380001
40,0.021690546201460728,0.006079037818606625,1.4001878378595413e-05,4.308311148125901e-07,0.00032859197347403954,0.001511850388790811,0.00028684849053718593,7.982550145060103e-07,5.0957342871044755e-05,5.925639570831533e-07,0.01547924521252939,0.0008997353795526099,2.666239210110692e-09,0.002144472184119661,0.8987730723724815,1.7048085033723298e-05,9.13351199380153e-06,1.5123444291970306e-05,0.003843992577011367,1.3539219039461005e-09,0.00040458736241687893,0.0436677128967207,0.0008039150408446083,1.7676595086270563e-06,0.00397653450912881
41,0.0017127238264978493,0.003540164967355978,2.0825776111063984e-05,3.6279586952441455e-07,0.0007234130045768244,0.0012707140131316813,8.091734540561187e-05,5.429765749202764e-07,0.0003134206034208631,1.2188591416566208e-06,0.0030585984971645934,7.246565849535754e-05,2.035712919561875e-09,0.0008412276833202213,0.9784904208417379,1.1038338731538265e-05,1.1734873774032194e-06,9.281228810926471e-07,0.002689984101607774,5.444903264204369e-10,0.0001379077347134705,0.004011302007762232,0.0001237862580791152,1.0942163446186473e-06,0.0028957663034954537
42,0.0098240350127393,0.005624021081803846,1.0917311054829974e-05,7.762283815880016e-07,0.00040131062893457395,0.001197374318498027,0.00024071242357764968,1.4781428424164506e-06,6.541210743361724e-05,1.1396655482711677e-06,0.011088907870280017,0.0004950423348334472,2.8885675125123824e-09,0.0013412934632214748,0.9338571202285911,2.0648199534641017e-05,9.802405514631808e-06,9.331513886433165e-06,0.004908324572061685,1.6628747839845487e-09,0.00047956386952598243,0.025173048226463744,0.0009451352207646165,2.072809800580647e-06,0.004302527813265216
43,0.004386608537219283,0.004837943485659106,6.330680925536602e-06,1.0174390287305152e-06,0.0006370068739651702,0.0023922323094017115,0.00015300041486337505,1.9902822989911605e-06,7.349055570401202e-05,3.223105240143858e-06,0.008568234279144295,0.00029718228518120336,1.6902258485194021e-09,0.001054180470536535,0.9377088622626419,3.46081584790966e-05,7.819726331280508e-06,9.972302974698027e-06,0.005890763970420727,1.559691996365868e-09,0.000980020550009494,0.027989265704013267,0.0011256548190421603,1.6296023832036548e-06,0.0038389589346180786
44,0.012978018338690249,0.008014177503886341,1.71397673085059e-05,1.26816318496261e-06,0.0005792187335709686,0.0017025136822385995,0.0003440152470799645,1.4807780708812314e-06,7.981063740895268e-05,1.3896315194383278e-06,0.016315203900681488,0.0006626965586933937,5.356432812465707e-09,0.002175508177146566,0.9218297456467793,2.133736081688696e-05,1.0353481693282437e-05,1.5121638560248706e-05,0.004543501435704162,2.219066235212643e-09,0.0005134423783027477,0.023100720771759335,0.001259508088097744,3.0616411046651276e-06,0.005830758862202074
45,0.013397296730994332,0.008394074722167907,1.7282923645184687e-05,1.3413586117203302e-06,0.0005873570801206348,0.0017713199113802613,0.00035064793949645616,1.4945195514385455e-06,7.941955002247636e-05,1.4452867091194233e-06,0.01688020545614986,0.0006857743342686243,5.432940042908071e-09,0.0022755827288816143,0.9189825226186703,2.167403920260712e-05,1.0618960551818934e-05,1.6474612731865055e-05,0.0045714576111376545,2.2922422830636534e-09,0.0005447661129852143,0.023921784657785414,0.0013210922486659607,3.1163804985925814e-06,0.006163242490588448
46,0.030060018985696206,0.008921356243132493,1.789528378038604e-05,1.4569365926614702e-06,0.0006103123276916065,0.0004210338825821198,0.000205926470543001,4.424080072416636e-06,3.477333089615576e-05,1.0387139300625216e-06,0.01428170674872817,0.001874992586331321,8.33284985092858e-09,0.001042063972553898,0.8755394778214467,1.2492471480143332e-05,0.00013034568055088976,2.852752693770684e-05,0.0040176877330798345,2.1967513814425114e-09,0.0007019932892140428,0.053312696716001126,0.0018294119615412368,1.1985343892447323e-05,0.006938371363724371
47,0.05441477084837463,0.006613990117919202,1.455424050749057e-05,5.527767444431333e-07,0.0002220985786417777,0.0010836340652581565,0.00039614291607571424,1.419558513363693e-06,3.9850273379342445e-05,7.292560290557319e-07,0.015573676448736905,0.0019462744549590969,4.027877653068379e-09,0.0014831484937975817,0.8469087035230146,2.397652622005346e-05,2.567601471797209e-05,2.9091123045064345e-05,0.004129862048503198,2.2823831180497546e-09,0.0005078146034483861,0.059075850232194305,0.0011296312995814873,3.539640812589189e-06,0.00637500664926496
48,0.012264116466543407,0.010227698575372236,9.932366333237099e-06,9.582572060581191e-07,0.000442913447159173,0.0007462059225283907,0.0002902184868170362,2.1072565381512337e-06,5.0944498708253756e-05,1.5251485030318523e-06,0.008935081357204947,0.0005002041143421591,5.370315470438199e-09,0.0014755216837524809,0.9159515075813761,1.842193880070102e-05,1.9292711540024015e-05,1.1260183146593688e-05,0.00619145838169298,1.7914224883692334e-09,0.000434889978827244,0.036631140821958945,0.0011885545349976786,3.6552461566069075e-06,0.00460238387875688
49,0.01360309560440569,0.00658530411101109,2.0583240195713233e-05,1.1837609057450444e-06,0.0007648429226123946,0.002604361455041289,0.000295841193672454,1.4286536241330107e-06,7.608126779450003e-05,1.2660252678513226e-06,0.02143577074259975,0.0012484721760149128,5.919126738512127e-09,0.002850160137389109,0.9049067711411147,2.398393049223514e-05,1.1860620666117851e-05,2.0221957201243837e-05,0.004280581478807722,2.7320096319763576e-09,0.0005854606527848808,0.034594685198653226,0.0013960543785137038,2.4489594613001537e-06,0.004689531740633856
50,0.012163264183439737,0.00959319123387932,1.7721635663338907e-05,1.4213163586003925e-06,0.0005791110559128105,0.00202770753554501,0.0005449625070908169,1.770182521519456e-06,0.00012321376090831704,2.6390924820623805e-06,0.011178186211991651,0.0004395928938545173,5.7542910585607965e-09,0.002942626084839546,0.9182489248047165,3.604624261184694e-05,6.227754921928352e-06,1.1172951351002587e-05,0.008013766412143901,2.6875971094605346e-09,0.0004912276250262571,0.02589740562273004,0.001072721933794394,2.5319723715957216e-06,0.006604558543957081
51,0.020166046956185717,0.019929867272983643,2.8552729826004156e-05,3.881438124645872e-06,0.0008842878633650278,0.0032667214834331574,0.0008668530128118143,3.195928275156508e-06,0.00011651750426340882,3.6475640522994186e-06,0.04165184676043581,0.0012868642338328942,1.215028932274563e-08,0.005191686809474343,0.8312343849303231,2.2970278520165534e-05,1.5306554603054808e-05,7.475228136939701e-05,0.006280668130176202,5.805757028237659e-09,0.0013432770863424852,0.0570425257339416,0.0021174016666223993,5.583107567669865e-06,0.00846314271742367
52,0.014682753953943342,0.007983864681905303,1.6152377822207315e-05,1.2989253492629558e-06,0.0005017142079096955,0.0030481991398161185,0.0004368951945434846,1.2120193073169968e-06,8.380933438423769e-05,1.4707827096433175e-06,0.023344731871677123,0.0006614109255788327,5.7087458654515346e-09,0.002309108808091981,0.9106445745776934,2.4189261109804173e-05,8.386795007476364e-06,2.5501030060912417e-05,0.0035260629849220865,2.951191918699366e-09,0.0005333588009370257,0.025304754262477747,0.0015856049424560615,2.981947081066441e-06,0.005271954515278118
53,0.010701041380063095,0.0037713902900224612,8.025313211963593e-06,5.934131562638892e-07,9.151078537708723e-05,0.0016249351863279339,0.0007332859085088322,5.232328611468786e-07,5.739180030860256e-05,5.541769145644899e-07,0.018582629832127946,0.0001974989252197312,2.5362594455137896e-09,0.0008987543577628453,0.9472965253388343,2.1800318765968433e-05,3.1383689278833393e-06,9.458215337929506e-06,0.001741348922501528,2.41007814348167e-09,0.00021556172182132685,0.008934542736662443,0.0014732195240542063,1.869519166149925e-06,0.00363439578572831
54,0.01542119587897595,0.009032666777031538,1.4325024398263533e-05,9.031645634730811e-07,0.0002297797449100912,0.0017982262102848084,0.0005814957234646967,6.009134215648566e-07,7.72689162616131e-05,1.5185526138640694e-06,0.007512932777564053,0.0004191097122669459,4.329227779486783e-09,0.003228702441446516,0.9284093913013404,3.719091939494829e-05,3.4721288907227945e-06,8.349889235714925e-06,0.0038555591829333995,2.269928968998045e-09,0.0003134103323497229,0.017959376040254885,0.0010835975410544668,1.5997705156922245e-06,0.010009320457669895
55,0.040038150239674795,0.014321932724641447,5.959796292503248e-05,2.697837430094879e-06,0.0006767765954008359,0.0020572780162936644,0.0007613608069601965,2.8545781460332476e-06,0.0002541978887816158,1.956407999969255e-06,0.03564843239961956,0.0020901279580441486,1.9447877226161536e-08,0.003008466528837716,0.8526499731977293,1.8411635668890003e-05,1.7666156238985562e-05,4.364151186772246e-05,0.00571205890795311,6.0163491132491425e-09,0.0005528819813009712,0.02641645278218028,0.0009141079925489755,7.653342254965028e-06,0.014743297083275382
56,0.013298041902041004,0.008750727405291646,1.8858791701041647e-05,1.3203502067744298e-06,0.0006093498066732298,0.001719229508850082,0.000360370721396919,1.530743978780305e-06,8.56723461013718e-05,1.4330113678653432e-06,0.017145880574457553,0.0006883794485593094,6.6166312053020736e-09,0.002255994493077163,0.9196632221131245,2.0742499150013764e-05,1.1035859055748161e-05,1.5985422997988992e-05,0.004483974945096883,2.4691441808556175e-09,0.0004876402302983693,0.02347868972218759,0.0012440250531956564,3.4073556558779072e-06,0.0056544786097591
57,0.01084815514487597,0.006434541493045184,3.072832108385539e-05,1.2092607615613868e-06,0.0012782472205962933,0.0011276588102837322,0.00016042074697327857,3.2879842243066366e-06,0.00013611416673414164,1.943947406249971e-06,0.010226341247740044,0.0015758564150300646,6.272797211721012e-09,0.0023463563243443972,0.9091073417904649,2.28779342016229e-05,2.267424016549448e-05,9.264364030302933e-06,0.010034082559327449,2.1225243065023054e-09,0.0007166883197016157,0.039240004749099756,0.000588681027797597,2.658669610159465e-06,0.006084856867180258
58,0.013914821265347663,0.008871478284478805,1.8594845262766734e-05,1.27670130091474e-06,0.0005910029727209362,0.001412891891634809,0.0003524635115831852,1.6518783201828203e-06,7.552535173710809e-05,1.393900955724122e-06,0.01611913292297824,0.0006733661298937563,6.183255007717873e-09,0.0019766593222161366,0.920078662665732,1.926626858591455e-05,1.3398662713499543e-05,1.6500550983953678e-05,0.004154967642031316,2.212425413558562e-09,0.0005039486091425601,0.02408025574321543,0.0013097861206797577,4.195216974424642e-06,0.005808751145830565
59,0.015464176513704887,0.008885224173143634,2.3603598728830767e-05,1.3769064496601282e-06,0.0006426178608920962,0.0013724056761423296,0.0003772758020628371,1.7843021993465422e-06,8.105725761753113e-05,1.3807664220765618e-06,0.017061540574710946,0.0007459805212468776,6.815227300156627e-09,0.0020439299635911044,0.918637267198703,1.9573587346222575e-05,1.456323672881455e-05,1.779195274652562e-05,0.003932735488383803,2.365288787154907e-09,0.0005192278877241178,0.022563833390448824,0.0012953150545412702,5.131189163153292e-06,0.006292197916786277
60,0.012978018338690249,0.008014177503886341,1.71397673085059e-05,1.26816318496261e-06,0.0005792187335709686,0.0017025136822385995,0.0003440152470799645,1.4807780708812314e-06,7.981063740895268e-05,1.3896315194383278e-06,0.016315203900681488,0.0006626965586933937,5.356432812465707e-09,0.002175508177146566,0.9218297456467793,2.133736081688696e-05,1.0353481693282437e-05,1.5121638560248706e-05,0.004543501435704162,2.219066235212643e-09,0.0005134423783027477,0.023100720771759335,0.001259508088097744,3.0616411046651276e-06,0.005830758862202074
61,0.014347804793456017,0.008635193836160748,2.4018443035837904e-05,1.3031042444360862e-06,0.0006573434144907911,0.001417565213225737,0.00035009883101085553,1.63732244884826e-06,8.57913865065483e-05,1.2808135773199232e-06,0.017648652987655587,0.0007716554260950422,6.562550334725337e-09,0.0021504027956365953,0.9199101266050073,1.868628838764111e-05,1.3102878086987119e-05,1.5880873226027193e-05,0.004132522615646259,2.293179279194315e-09,0.0005020184841273583,0.02209907564710291,0.0011494744337977765,4.254385882410412e-06,0.006062100565461392
62,0.012978018338690249,0.008014177503886341,1.71397673085059e-05,1.26816318496261e-06,0.0005792187335709686,0.0017025136822385995,0.0003440152470799645,1.4807780708812314e-06,7.981063740895268e-05,1.3896315194383278e-06,0.016315203900681488,0.0006626965586933937,5.356432812465707e-09,0.002175508177146566,0.9218297456467793,2.133736081688696e-05,1.0353481693282437e-05,1.5121638560248706e-05,0.004543501435704162,2.219066235212643e-09,0.0005134423783027477,0.023100720771759335,0.001259508088097744,3.0616411046651276e-06,0.005830758862202074
63,0.012973889568889913,0.009076351224040722,1.648758787514653e-05,1.1768859648729276e-06,0.000511379120470439,0.001537731283426808,0.0003466580786612419,1.4207612767028382e-06,8.090732428008738e-05,1.342577863294544e-06,0.016075496150143313,0.0005864672254850682,5.638677585847698e-09,0.001965748265277015,0.9218349193156641,1.8605329132234947e-05,1.0426651108726768e-05,1.5158659576310593e-05,0.004239302230323992,2.2313674065789127e-09,0.00046351300644747307,0.02339624547302777,0.0011466779057309861,3.271696483418154e-06,0.005696815808805252
64,0.011790827514953401,0.007092828659077339,1.4774686655039295e-05,1.2706822577518145e-06,0.000559131386525107,0.0016013421204932056,0.0002995648517700035,1.5986077226373316e-06,6.788272747016764e-05,1.4064706914709864e-06,0.016741838403049193,0.000675544993334774,3.866548735883736e-09,0.0019254270653678756,0.9237490285129665,2.2247201135443237e-05,1.112871926621954e-05,1.5746249361541146e-05,0.004741054825099826,2.001746519433294e-09,0.0007412712331665591,0.022816131605987604,0.0012911723228191166,2.8589365818340487e-06,0.0058359163559518895
65,0.01383172267046686,0.004329612767530437,2.3605728815797774e-05,7.232353827336697e-06,0.006813325758682545,0.04327221837738366,0.00024974446683354224,1.4146169215171065e-06,2.9899945402593386e-05,5.4735004773678615e-06,0.05217294482666873,0.00929743227474268,4.858684085361148e-09,0.03290535349140948,0.7353948512226474,0.0002279232328731272,1.1503276281033882e-05,0.00013060388271058287,0.008970811572590031,5.1241281778921055e-09,0.0077139223649654075,0.06353983562704191,0.012058224310554162,9.153998381263926e-07,0.009011418348523264
66,0.014281272508412974,0.007834553680706893,4.4183125025801046e-05,2.5458846555114664e-06,0.0012411833334468514,0.006129172759989955,0.0007565938521890656,3.490265402595271e-06,0.0005012338450971162,7.117980876180396e-06,0.015516030531070023,0.0011467674145380588,1.375175546382194e-08,0.005576709127510493,0.8843587744318637,0.00011461683947938718,5.019490011797066e-06,1.1116479199199513e-05,0.02523287978720262,8.421932661034302e-09,0.0006896208439947424,0.02758274030683198,0.0007327829545852992,1.6045108622604443e-06,0.008229967873359341
67,0.011838594302446501,0.0055850228556756434,1.4935475396538372e-05,1.1822859673514775e-06,0.0004805864819556976,0.0025048989865456388,0.0003650814551246223,7.633061095018539e-07,4.623995755807726e-05,9.495097447516994e-07,0.017523356765183313,0.0007419765089910742,4.6922393940027546e-09,0.003012729824083858,0.9287462103323124,3.035488476482181e-05,7.263240462385391e-06,1.530894846807223e-05,0.002897563547052488,2.4272087277317925e-09,0.00047905933168097066,0.018001579471948817,0.0022577014215670126,2.0686047167455734e-06,0.005446565382795462
68,0.016302078276426126,0.007774205665006888,1.3217114261980268e-05,1.3596354763687662e-06,0.00042757303803034775,0.0022847116605783915,0.00037040354715225764,1.2196331529581255e-06,5.511430859644876e-05,1.2044530290367033e-06,0.023488057762578604,0.000801934178768061,4.557481704295725e-09,0.0019924511575044133,0.9077668868786111,2.1830261942134222e-05,1.2078680862996749e-05,2.8282007101493674e-05,0.003184148176451177,2.635302643960116e-09,0.00065063917208209,0.026286765214620963,0.0020318594925556113,3.165594204259508e-06,0.006500806898221897
69,0.014641536782604153,0.010006428629317034,2.8256069328939886e-05,2.5887660955758524e-06,0.0005033563907124138,0.0011269123265051813,0.0004532337912362578,2.860797792092152e-06,0.00012431095528452326,2.4882530613268195e-06,0.01377989942972681,0.0006066405150423729,7.575364884696949e-09,0.0015607219341706403,0.9212386014212239,2.6648232078190436e-05,1.6218638793089686e-05,1.824505303039286e-05,0.004820307612820835,4.0863864908856774e-09,0.000707368615645159,0.014662955538879566,0.0012842431163455766,6.978943518951391e-06,0.014379186525035656
70,0.019636863200158318,0.008127422495077958,3.297762545237131e-05,1.639149241743368e-06,0.0007401047366086508,0.0031222865774471016,0.00045690036198106317,9.456580085200828e-07,8.468159866595898e-05,1.3100233194935559e-06,0.01987592382629055,0.0013197031676828665,7.412551963626884e-09,0.005673259005556557,0.9004288703182396,3.2269618541632815e-05,8.286968732404325e-06,2.1349908810720854e-05,0.003815544593830853,3.095902330034836e-09,0.0005832741307956084,0.025236826980512796,0.0017066331005730284,2.5458388055584055e-06,0.009090370607212506
71,0.0465386021326214,0.0036536087138653315,1.1529552076496202e-05,1.2444038534190448e-06,0.00012199560382802892,0.001194149681962997,0.0012225740082048959,1.7893180020940514e-06,2.8927382357083145e-05,5.218907554682629e-07,0.0365397476896656,0.0011781467430890063,4.209906657981601e-09,0.0013260141676204832,0.8752340653473497,3.8780978499235886e-05,1.893882885090859e-05,3.946113319210346e-05,0.0032874813532400276,4.768813284555666e-09,0.0006818085018496348,0.019577665135013255,0.003966657517310214,4.852382101673068e-06,0.0053314285559706515
72,0.022802830201561156,0.01587255026603295,5.688642539766986e-06,2.0180276016967304e-06,0.00040193585785411166,0.000917133035792936,0.0007513567088384484,7.229546618148205e-06,2.6830345522171722e-05,2.918725265086723e-06,0.038783376212530446,0.0006916856179815854,7.375562982988791e-09,0.000795149159540854,0.8366138867187107,2.1179615860038956e-05,7.906246246278708e-05,9.044621559468689e-05,0.007946155231136398,3.6950929245356084e-09,0.0016658315665638685,0.06636924114496663,0.0032921758961444924,1.4744947815778846e-05,0.0028465627824093937
