,0,1,2,3,4,5,6,7,8,9,10,11,12,13,14,15,16,17,18,19,20,21,22,23,24
0,1.660703690734644e-05,0.0013375881009786096,2.7167974618892894e-07,1.4005841849679957e-05,1.0500325091950069e-07,0.0005416055742480685,2.3338796601066622e-07,0.00010332408763104035,6.563479546403506e-05,4.6400457891199335e-06,3.683603975601626e-08,6.834928041959917e-07,1.8984456380700973e-09,1.1925250274712906e-10,1.1350846842318626e-06,2.4191286165398956e-05,0.0024932850665356134,1.0446941598791457e-06,0.03469191042471715,1.498699721355997e-11,2.40852370182578e-07,0.9606999845242362,3.114557472356129e-08,1.3406883591681953e-06,2.0983178374436743e-06
1,6.770057454586821e-06,0.0019983112315468143,2.038134229047878e-07,3.5711983318253898e-06,1.0093903188500661e-07,0.00035176471925664785,1.1748663482589369e-07,3.16999321651369e-05,2.9764344824216423e-05,1.8383643753794194e-06,2.1191786611833815e-08,5.257473365193339e-07,5.242592247341465e-10,1.040236701210906e-10,1.2064342314004899e-06,8.655069843901046e-06,0.0014407301185112823,4.567571971752717e-07,0.03112944200138225,5.195679145795977e-12,1.879035090100948e-07,0.9649914941511527,1.4519155143549425e-08,7.750283931458167e-07,2.348356977833962e-06
2,7.255337477075024e-06,0.002856180998368296,1.94178824959866e-07,3.5867047316351017e-06,1.2051199555381396e-07,0.0002463343455425224,1.206997613323186e-07,4.048386520781835e-05,2.809256639843e-05,1.9374982148634105e-06,4.521715710579798e-08,7.953504359115974e-07,5.362231159984311e-10,2.3757492563392843e-10,2.916294357327706e-06,5.704034343281272e-06,0.0013717339382567776,6.563510876616967e-07,0.022486947452605984,8.179492580116873e-12,2.1852982903599848e-07,0.9729415692846479,2.052289708388432e-08,7.761467540375663e-07,4.309389127793028e-06
3,5.625841237281034e-06,0.0019892622870621283,1.484859061511517e-07,3.3711594722810853e-06,8.229560264659655e-08,0.0003192815821984301,1.2346965755442553e-07,2.613267080887525e-05,1.907034424099417e-05,1.4339439089999639e-06,2.2056412820778918e-08,6.572483984984988e-07,4.4071941516077675e-10,1.5829819111665574e-10,1.4278899037458509e-06,7.025470577157408e-06,0.0014937525544832765,5.936742671128924e-07,0.0222524139137605,5.566629191646306e-12,2.131399777648564e-07,0.9738755818536422,1.7174561497131884e-08,8.777314037768897e-07,2.884607932129711e-06
4,6.5904113820541276e-06,0.0020626184176409687,1.6981224920369394e-07,3.6590703817725994e-06,9.330265748646804e-08,0.0003477859566819678,1.380826361231241e-07,2.9047677076789957e-05,1.9757197135850244e-05,1.654135657903433e-06,2.3848042641522313e-08,7.073601027025077e-07,5.572924496090182e-10,1.8938102022269324e-10,1.4912172021340507e-06,7.927047144866523e-06,0.0016790379164803326,6.670015624053768e-07,0.02574595671083591,6.660294708256446e-12,2.2847539133426464e-07,0.9700882718871169,1.8721953710215592e-08,1.0603326861127255e-06,3.0946646470418125e-06
5,5.53062091593846e-06,0.0021129036819839057,1.2887055591087783e-07,4.122263351052542e-06,7.994389705753904e-08,0.00037052952555995995,1.1807476129192137e-07,2.6642712817744358e-05,1.9036524840265488e-05,1.400087120512306e-06,2.3699591377328315e-08,6.358863911897575e-07,4.623097473413114e-10,1.6428029149633607e-10,1.4965788936619802e-06,7.527326063527737e-06,0.0014727190907273219,8.0668591477084e-07,0.02197000365627117,6.535668954136776e-12,2.248299881002765e-07,0.9740023953768279,1.942892286814213e-08,8.684000332504597e-07,2.786101445588775e-06
6,5.625841237281034e-06,0.0019892622870621283,1.484859061511517e-07,3.3711594722810853e-06,8.229560264659655e-08,0.0003192815821984301,1.2346965755442553e-07,2.613267080887525e-05,1.907034424099417e-05,1.4339439089999639e-06,2.2056412820778918e-08,6.572483984984988e-07,4.4071941516077675e-10,1.5829819111665574e-10,1.4278899037458509e-06,7.025470577157408e-06,0.0014937525544832765,5.936742671128924e-07,0.0222524139137605,5.566629191646306e-12,2.131399777648564e-07,0.9738755818536422,1.7174561497131884e-08,8.777314037768897e-07,2.884607932129711e-06
7,1.704824273144098e-05,0.001678467419510671,3.463156453269242e-07,4.792109560442787e-06,1.3278125021485505e-07,0.00021787191918657743,1.6780439669990583e-07,5.784765361290539e-05,2.7353665798379022e-05,3.8598425246196855e-06,3.627607555975948e-08,6.30753091472133e-07,1.2829749530902104e-09,1.71669186035594e-10,1.0457455257457586e-06,7.510227076646601e-06,0.0021711982010132335,3.6508131181392897e-07,0.03888132629745723,9.062325944094064e-12,1.1303422802205126e-07,0.95692558853271,1.0479435396318196e-08,1.156259340167694e-06,3.129894811048624e-06
8,1.0116720449838563e-05,0.0017668250151278756,2.8549095667202776e-07,3.27907317190199e-06,9.405575358072146e-08,0.00021879010232508044,2.0331178017794546e-07,3.3956625389243306e-05,1.9166324750246997e-05,2.781576426199598e-06,2.467303692896153e-08,9.416413513998864e-07,7.942662155612515e-10,2.708037544138934e-10,1.49795894212163e-06,6.6405058755796785e-06,0.002282665391928966,3.9598581636320127e-07,0.02235113469473021,7.299360937307947e-12,2.519392725513599e-07,0.973294003983405,2.492560856248862e-08,2.0354810163753707e-06,4.883450515713498e-06
9,8.506593055333684e-06,0.002340587114558932,1.7884263195240305e-07,3.326804130172438e-06,7.789146230746765e-08,0.00021337102798081551,1.377524985490763e-07,3.0868090298304495e-05,1.9872921452336985e-05,2.200332888374255e-06,2.8912209599400484e-08,7.549623530387803e-07,5.138033847567303e-10,2.4856484992988974e-10,2.114048858960301e-06,4.907056638429254e-06,0.00172596691366799,4.767018280194196e-07,0.019983893158367128,5.934978165084311e-12,2.220545057369011e-07,0.9756559802287857,2.6778512775428952e-08,1.3943757643413472e-06,5.1066692478673225e-06
10,5.625841237281034e-06,0.0019892622870621283,1.484859061511517e-07,3.3711594722810853e-06,8.229560264659655e-08,0.0003192815821984301,1.2346965755442553e-07,2.613267080887525e-05,1.907034424099417e-05,1.4339439089999639e-06,2.2056412820778918e-08,6.572483984984988e-07,4.4071941516077675e-10,1.5829819111665574e-10,1.4278899037458509e-06,7.025470577157408e-06,0.0014937525544832765,5.936742671128924e-07,0.0222524139137605,5.566629191646306e-12,2.131399777648564e-07,0.9738755818536422,1.7174561497131884e-08,8.777314037768897e-07,2.884607932129711e-06
11,6.256870432128718e-06,0.0018856958853749749,1.6625959193128335e-07,3.4492809276309804e-06,8.550961245743648e-08,0.00033323945980764876,1.3487496445781276e-07,3.0296069435230585e-05,2.0345173596104765e-05,1.6863057055280633e-06,2.2351879486127884e-08,6.932270984600607e-07,5.450798726852055e-10,1.6141841409350923e-10,1.3951857770338002e-06,7.5853258508744374e-06,0.00165188667888006,6.068791677407709e-07,0.024020089135238013,6.2883430197815194e-12,2.1588776701830466e-07,0.9720322418072226,1.7605680591724405e-08,1.0155204492246586e-06,2.873992753955504e-06
12,8.908911702925752e-06,0.004545561233384752,1.4875702326434494e-07,5.28356461958004e-06,6.186702770458672e-07,0.0008496128695145691,6.502607563216052e-07,8.535040264452095e-06,2.505425935529553e-05,1.1424247234195886e-06,4.358950837137203e-08,1.261516456329883e-06,5.891642010379973e-10,2.1446360103798827e-09,2.945323898287698e-06,1.3751573000737795e-05,0.003392149948393634,4.334296741053773e-06,0.03068120363302162,1.844557237021341e-11,8.524803906659474e-07,0.9604359170367692,1.540912764479652e-07,3.457751948565192e-06,1.841001472778012e-05
13,5.664757660935358e-06,0.0019898933257801853,1.4967377840463112e-07,3.3912862763559396e-06,8.255617213575878e-08,0.00031677275702717656,1.238223061046061e-07,2.6362775057141293e-05,1.9095809930614187e-05,1.4412188159442925e-06,2.2479450286395736e-08,6.647640296769411e-07,4.437731047835425e-10,1.605609823704808e-10,1.446696275072158e-06,7.038155228969366e-06,0.0014957512268403408,5.969198288359196e-07,0.02215291037685667,5.628431788970486e-12,2.1429888831755294e-07,0.9739745839171066,1.7273438169753273e-08,8.765381394009175e-07,2.8987611504232225e-06
14,4.625351322695148e-06,0.0032867015646084667,1.5971441525727055e-07,4.072825321354495e-06,1.1063488030393672e-07,0.00038517235738971486,8.271299826270412e-08,2.1154733006782944e-05,1.913165188002293e-05,1.237105043926487e-06,2.9292548049812526e-08,5.04582834339263e-07,4.1818534251739045e-10,1.5208312246678946e-10,1.6643335692308847e-06,7.0251204182781775e-06,0.0011454119532518028,7.279635765257087e-07,0.029076586730422502,6.5450395932886785e-12,2.0265238078326503e-07,0.9660421886928533,1.5227745361536294e-08,5.887703002865894e-07,2.605452419176378e-06
15,5.625841237281034e-06,0.0019892622870621283,1.484859061511517e-07,3.3711594722810853e-06,8.229560264659655e-08,0.0003192815821984301,1.2346965755442553e-07,2.613267080887525e-05,1.907034424099417e-05,1.4339439089999639e-06,2.2056412820778918e-08,6.572483984984988e-07,4.4071941516077675e-10,1.5829819111665574e-10,1.4278899037458509e-06,7.025470577157408e-06,0.0014937525544832765,5.936742671128924e-07,0.0222524139137605,5.566629191646306e-12,2.131399777648564e-07,0.9738755818536422,1.7174561497131884e-08,8.777314037768897e-07,2.884607932129711e-06
16,5.744661185350812e-06,0.0014735132523218395,2.1107916175673485e-07,5.097854488047792e-06,8.697432022410727e-08,0.0004373933403433281,1.741340793972206e-07,3.128121801287012e-05,1.2864887753442453e-05,1.4622425559692162e-06,3.59867292730115e-08,1.4913208298077263e-06,7.261641770325635e-10,3.5098277743469536e-10,2.0856938431981566e-06,1.620175979776333e-05,0.0018755094777882324,1.5018923217089665e-06,0.020658410516050073,1.2012171170768925e-11,5.434140075380431e-07,0.9754729619830751,2.6188123079176906e-08,1.1912970916844211e-06,2.209736961373249e-06
17,8.978625991667403e-06,0.0013958631047373254,1.9235813936868995e-07,3.808565067513891e-06,1.0008295565704385e-07,0.00017847464091793927,2.2191191592547724e-07,2.7800513305263025e-05,1.6932075815450326e-05,1.2765933993316804e-06,2.8570240929123083e-08,1.0714043870903074e-06,5.314451277102036e-10,2.8289545518340656e-10,1.1491080553241771e-06,6.588870526722911e-06,0.002044288045724985,4.471628471881652e-07,0.013443442366012479,6.447905438433676e-12,2.3268264187816643e-07,0.9828639968699601,1.76100362677936e-08,9.748165653149682e-07,4.1131999679749504e-06
18,6.254438174995562e-06,0.0017761361038461428,7.922807073269049e-08,1.8238516645188462e-06,7.360587057953373e-08,0.00017664927831506592,1.237316120382221e-07,1.157436710493584e-05,1.4432924002730015e-05,1.0145656040798707e-06,1.5630008965658774e-08,3.6109284491417614e-07,2.24188440287824e-10,1.5326952127899386e-10,8.611388693413106e-07,2.5940252666183807e-06,0.002410228559280425,3.996888712281458e-07,0.017731089731008943,3.3007519013499474e-12,1.2969635358422095e-07,0.9778595587926494,1.6713630650837996e-08,8.778118186900952e-07,5.70464437261384e-06
19,4.746251041222031e-06,0.0010532320748011924,1.5854031986760344e-07,2.771393145702303e-06,6.164672964796479e-08,0.00028396083112718106,1.4401498408711067e-07,3.108809216215092e-05,1.7746839701225706e-05,2.0517878003110773e-06,1.3355434151080016e-08,6.825744138324318e-07,5.396960608673834e-10,7.861736690839942e-11,7.232872320179703e-07,6.137511138978625e-06,0.001413542156227291,2.820274752992687e-07,0.016463974148980542,4.78436713675953e-12,1.369042987003448e-07,0.9807155945567259,9.695048976497712e-09,8.987001112746286e-07,2.042988002660294e-06
20,2.015269363643727e-06,0.002039274406917762,8.680122247936166e-08,2.1961763137973555e-06,3.327038987129156e-08,0.00024714147378728554,5.09323381129116e-08,2.3396040391705867e-05,1.1858009386370998e-05,7.748824200815334e-07,1.6964341843152962e-08,6.745991881177083e-07,1.9660604416785123e-10,8.592640725075313e-11,1.940502773969918e-06,4.120610165144492e-06,0.0007170660416962117,4.5377949009786897e-07,0.010848706113440519,3.407300749463631e-12,2.116989124693634e-07,0.9860979159035902,1.0741331632122816e-08,4.0561724063555306e-07,1.649879358501949e-06
21,8.117684689471173e-06,0.0021798707699287284,2.0713416548880797e-07,6.36536691931765e-06,1.0355850732734104e-07,0.0003093990766518109,1.4263459139012665e-07,3.079507901642967e-05,1.9288389458818045e-05,1.4146810962146742e-06,4.9916321324766674e-08,1.10619696886349e-06,5.695589834292976e-10,3.4459683057095927e-10,2.2939739423025556e-06,1.1558442018700245e-05,0.0013835951667101943,9.932028112867086e-07,0.021251285284144272,9.2197076564124e-12,3.2471446762957757e-07,0.9747892525605539,2.3185136272425078e-08,7.439323512148387e-07,3.0681261733410153e-06
22,5.6483892234449485e-06,0.001338864335920875,1.7667662857874012e-07,4.482736537671679e-06,7.903889550432327e-08,0.0002599574241192942,1.2234073131209562e-07,2.6098313403123755e-05,1.6062828892104453e-05,1.7765791971099333e-06,3.725778229379775e-08,6.982315133679934e-07,5.334699501655205e-10,1.5841880081007722e-10,1.356108715528965e-06,8.24040343851545e-06,0.0020523142283954167,8.328459533250932e-07,0.0181112990137011,8.914305973497997e-12,2.736373495825918e-07,0.9781686172304997,1.9237000689079582e-08,7.123916160066281e-07,2.330049682165179e-06
23,5.625841237281034e-06,0.0019892622870621283,1.484859061511517e-07,3.3711594722810853e-06,8.229560264659655e-08,0.0003192815821984301,1.2346965755442553e-07,2.613267080887525e-05,1.907034424099417e-05,1.4339439089999639e-06,2.2056412820778918e-08,6.572483984984988e-07,4.4071941516077675e-10,1.5829819111665574e-10,1.4278899037458509e-06,7.025470577157408e-06,0.0014937525544832765,5.936742671128924e-07,0.0222524139137605,5.566629191646306e-12,2.131399777648564e-07,0.9738755818536422,1.7174561497131884e-08,8.777314037768897e-07,2.884607932129711e-06
24,5.975000465239832e-06,0.002313428614107126,1.5038816818521036e-07,4.4985475294349854e-06,1.0186775939081557e-07,0.000291351449946172,1.1184621287268339e-07,2.2678380519300455e-05,1.7300738825742553e-05,1.3110931101304418e-06,2.781719531546173e-08,6.693659582164679e-07,4.659480325873388e-10,1.904392394714341e-10,1.3092292815020874e-06,6.649756685177251e-06,0.0013512071904869813,6.277197579818276e-07,0.02065699268210101,6.600162311341424e-12,1.8831259483437161e-07,0.9753215679621314,1.5546992922974173e-08,7.012920615089074e-07,3.1345351222448014e-06
25,1.272436602210406e-05,0.0013394759867799767,2.9292957961363786e-07,6.062888374616455e-06,1.1579584162767354e-07,0.0001922985824130864,2.3379983302858868e-07,6.31770320670471e-05,2.230055386613074e-05,2.7233460056511097e-06,7.21028692981332e-08,1.4638161446950583e-06,1.1708181941925882e-09,3.6190001998732506e-10,2.0539146804529244e-06,9.280846916708256e-06,0.0023040895000069977,8.052746116620882e-07,0.016407182352877244,1.5158143052196993e-11,2.5460170664674413e-07,0.9796306239234479,2.1711855405355356e-08,1.0496285027840013e-06,3.695497720786755e-06
26,9.666501639763437e-06,0.0021053362084561323,1.4654662688908007e-07,3.491032054760324e-06,1.1207009230271732e-07,0.000481921424037134,1.8265576374086063e-07,3.18237529399938e-05,3.848018661408722e-05,2.351486904267235e-06,1.8092305454605877e-08,4.181509041208168e-07,6.614943502087127e-10,1.305298208692367e-10,1.2090691366331726e-06,7.77948483099149e-06,0.002660806101957853,8.559493219033419e-07,0.03723710196476482,6.681843612866844e-12,2.1987216270163803e-07,0.9574123127402162,3.2231976447161034e-08,1.6989078036093434e-06,4.034770784053299e-06
27,3.804944579524399e-06,0.0022383747537446483,8.89368344971662e-08,2.553371959570636e-06,5.486991859059542e-08,0.00024740355474125905,7.466080924880164e-08,2.1279754994914004e-05,1.9668477985954377e-05,1.0250640362129785e-06,1.6889312740772714e-08,4.4120481216595196e-07,2.2371092005088852e-10,8.812497599519666e-11,1.2999414465510951e-06,3.915573060488634e-06,0.0009337398304358804,3.442562159760302e-07,0.016882647779196444,2.9550579390496855e-12,1.1871040778428292e-07,0.9796399389613409,1.0997773398781139e-08,4.7160211847254975e-07,2.7255494836153233e-06
28,5.625841237281034e-06,0.0019892622870621283,1.484859061511517e-07,3.3711594722810853e-06,8.229560264659655e-08,0.0003192815821984301,1.2346965755442553e-07,2.613267080887525e-05,1.907034424099417e-05,1.4339439089999639e-06,2.2056412820778918e-08,6.572483984984988e-07,4.4071941516077675e-10,1.5829819111665574e-10,1.4278899037458509e-06,7.025470577157408e-06,0.0014937525544832765,5.936742671128924e-07,0.0222524139137605,5.566629191646306e-12,2.131399777648564e-07,0.9738755818536422,1.7174561497131884e-08,8.777314037768897e-07,2.884607932129711e-06
29,5.625841237281034e-06,0.0019892622870621283,1.484859061511517e-07,3.3711594722810853e-06,8.229560264659655e-08,0.0003192815821984301,1.2346965755442553e-07,2.613267080887525e-05,1.907034424099417e-05,1.4339439089999639e-06,2.2056412820778918e-08,6.572483984984988e-07,4.4071941516077675e-10,1.5829819111665574e-10,1.4278899037458509e-06,7.025470577157408e-06,0.0014937525544832765,5.936742671128924e-07,0.0222524139137605,5.566629191646306e-12,2.131399777648564e-07,0.9738755818536422,1.7174561497131884e-08,8.777314037768897e-07,2.884607932129711e-06
30,5.625841237281034e-06,0.0019892622870621283,1.484859061511517e-07,3.3711594722810853e-06,8.229560264659655e-08,0.0003192815821984301,1.2346965755442553e-07,2.613267080887525e-05,1.907034424099417e-05,1.4339439089999639e-06,2.2056412820778918e-08,6.572483984984988e-07,4.4071941516077675e-10,1.5829819111665574e-10,1.4278899037458509e-06,7.025470577157408e-06,0.0014937525544832765,5.936742671128924e-07,0.0222524139137605,5.566629191646306e-12,2.131399777648564e-07,0.9738755818536422,1.7174561497131884e-08,8.777314037768897e-07,2.884607932129711e-06
31,9.634482958398625e-06,0.0021170534431975436,2.9284373055856036e-07,3.870732775734681e-06,8.409931423344514e-08,0.00028422631313951594,1.1274189387679254e-07,7.033177328524333e-05,2.409224262761871e-05,1.8921749380680106e-06,2.653907361750289e-08,9.247201172591373e-07,1.007400767991256e-09,1.6460620753091184e-10,1.7432350122224908e-06,1.0066941328455373e-05,0.001979541380906127,6.736685836569128e-07,0.03158117341666637,8.718713148679869e-12,2.7124185649143734e-07,0.9639104885893869,1.5648599397613172e-08,1.185033161887786e-06,2.2975567212314084e-06
32,5.810906093370277e-06,0.002206526159211607,1.5391698140908573e-07,3.2727284158413814e-06,8.459473116330535e-08,0.00033612047237376556,1.1070116544978864e-07,2.5633205670946606e-05,1.9319112749314628e-05,1.4399066010389789e-06,2.0834546658096275e-08,5.927687892937449e-07,4.5698518673740297e-10,1.5135677392946853e-10,1.3877121065938926e-06,7.036848012411616e-06,0.001527049621191513,6.02860562923823e-07,0.026369231572976236,5.464000225180182e-12,2.0700805426726826e-07,0.9694916480248668,1.661484127946012e-08,9.072218512212575e-07,2.8265944009872383e-06
33,1.2715265493937037e-05,0.0051859177625424606,5.601633991925016e-07,1.3719002711566181e-05,4.1553072374780583e-07,0.0002846134044573138,1.971782233649079e-07,9.329120364198012e-05,0.00029122561953145526,6.669663822666862e-06,1.296748605129648e-06,3.0729309943221082e-06,3.1163248151162214e-10,9.450890191118647e-10,4.862093444435138e-05,5.400946940508893e-06,0.0006985881449678825,8.148585216844081e-07,0.006849140121963546,3.2654400776652484e-11,9.842432109441322e-07,0.9864798438219456,1.8056295797326913e-07,2.1117405527325293e-07,2.251942746914393e-05
34,6.405328289132154e-05,0.0034136600976671584,5.580057340248853e-07,7.5703890034892306e-06,3.3527038376548297e-07,0.0002267626154687472,1.815089532155674e-07,7.211364692240752e-05,4.9984512510445515e-05,3.547526243329794e-06,9.093917587953338e-08,6.658800967224648e-07,1.895112481701213e-09,5.609807406096658e-10,2.250336305853063e-06,1.2709004858683825e-05,0.003579523206452836,1.0516510489110325e-06,0.10002499281211967,1.3817007681704095e-11,2.1765812409479895e-07,0.8925327790618041,2.4004627846850897e-08,1.498671733862731e-06,5.427447963251996e-06
35,6.697171273642011e-06,0.0021379920375142894,1.0111514746473877e-07,2.8070739356805594e-06,5.472888010481018e-08,0.00020003678702288825,5.8736527932516786e-08,4.236689319747099e-05,3.6453124329522065e-05,1.1112812397894754e-06,1.5288196920469262e-08,3.103673608350376e-07,2.8885998330171193e-10,4.380351807497917e-11,9.25132355635526e-07,3.7857839416394234e-06,0.0010058625022170847,2.5244960841764364e-07,0.02218875448460638,2.484541828901179e-12,7.382163052751149e-08,0.9743699599550442,6.65779948239619e-09,3.396273715574993e-07,2.034645650375441e-06
36,3.277943528166264e-06,0.00098851943688632,8.288734279979771e-08,2.041644537364985e-06,3.6384748786508854e-08,0.00017016781528062183,1.007281715086009e-07,2.2220179454243848e-05,1.044367174572105e-05,7.975273602457555e-07,1.4552415633973984e-08,8.418350101702533e-07,2.511606699882516e-10,1.1505148893891383e-10,9.080586870836497e-07,4.256839604142498e-06,0.0013358522627318942,3.664688315300066e-07,0.009509799088506923,3.4273194681672988e-12,1.4045237330367086e-07,0.9879474248451914,8.648323374702246e-09,5.320669768011212e-07,2.1662926527806043e-06
37,1.3471567524423124e-05,0.0018609601276401134,2.7154663739473604e-07,4.4729150995454975e-06,1.5416506333349473e-07,0.00041115114213319064,3.313606515261428e-07,2.3213064523711735e-05,1.433562978930362e-05,1.8507320059228728e-06,2.9135410150383858e-08,1.305251710593351e-06,9.759480623763116e-10,7.360851187859928e-10,1.6485493073630078e-06,1.4482207768309252e-05,0.0035555444759249643,1.337663908262402e-06,0.03373064885374103,1.1625938130399072e-11,5.420862069498066e-07,0.9603557426497842,4.3217833768713144e-08,3.2061270423434347e-06,5.255806634507722e-06
38,4.314468484905505e-06,0.0018153927468160889,1.3615501366241342e-07,3.312984380687e-06,6.78557905358097e-08,0.0004489512234224916,1.2395054095673737e-07,2.3800396119337146e-05,1.664470847080192e-05,1.3512098699499964e-06,1.9311740086289884e-08,7.357519377121975e-07,4.197850451614055e-10,1.5265736414838974e-10,1.553038622082136e-06,9.054509834053064e-06,0.00137075170885649,7.366983030606812e-07,0.022468900913199037,5.51425770381068e-12,2.8290692407861805e-07,0.973830626209152,1.94887479283397e-08,9.493125039498843e-07,2.273873313425117e-06
39,2.3578596571348375e-06,0.0015397904628419406,1.3127668552733994e-07,2.2114021112661384e-06,4.1244133763729144e-08,0.00039212565073621394,7.226206084178095e-08,2.420516353178448e-05,1.2970246647620669e-05,7.626880988382093e-07,8.943607164835923e-09,6.625671921053232e-07,3.0303830504234174e-10,6.208289332942754e-11,1.0027803673174817e-06,8.408663407725723e-06,0.0011734250615773223,4.630945524800658e-07,0.017694288657395054,3.4967340323904602e-12,3.097507029597248e-07,0.9791448762963494,1.1112793089289757e-08,6.592200914328769e-07,1.2152268412277207e-06
40,9.045220907110486e-06,0.003233072285153688,2.6212289515985665e-07,2.796657962798917e-06,1.680980696578811e-07,0.00015963830296980856,1.278871239320017e-07,1.9944233790342467e-05,1.4169874484534295e-05,9.680674299119976e-07,3.848230861689932e-08,1.073299439805883e-06,4.594230458755697e-10,4.978629860133511e-10,1.9388103090515123e-06,5.225079944478988e-06,0.0015613108785334036,4.6558117299888397e-07,0.023988007442331417,6.2696338877314495e-12,2.2851052463582395e-07,0.9709953059733,1.4469982993391005e-08,8.160516734930151e-07,5.381706136482645e-06
41,1.0311335253107429e-05,0.007064298982510424,2.672255313295944e-07,9.59008941350868e-06,2.8521294859135886e-07,0.0004347786164136841,8.996534691385799e-08,6.309168681041423e-05,6.473560494031962e-05,2.017872615765484e-06,8.310478787660744e-08,5.433527835476059e-07,7.733940602518766e-10,2.6472774937348036e-10,3.938136134032694e-06,1.2266248511222249e-05,0.0008344937838436699,1.1671201892544172e-06,0.052740440688090445,1.124826523350063e-11,1.7285151389654475e-07,0.9387536868225554,1.7950470983669102e-08,4.57438448160624e-07,3.26486151729519e-06
42,0.001437325733550795,0.00449662037949521,1.872679780170417e-06,4.686002058193782e-05,2.6534831517310343e-05,0.0018387039622975896,6.896792788101865e-05,6.067664258616627e-05,0.00015483953921159626,0.0001909477165160008,7.481186250067846e-06,2.4480424042694786e-05,4.244154202316958e-08,2.1822444209188806e-06,9.810488473638171e-05,4.507748243712526e-05,0.06871008594511661,0.00011139141844725462,0.10873242205299044,2.3495876604616154e-09,7.4644965831971235e-06,0.8115115822836443,2.3119968729576963e-05,0.0003471809538474285,0.0020560324342066257
43,3.0562643815460924e-06,0.001131845768256328,1.400360343914174e-07,2.5991110924932335e-06,5.01904942790751e-08,0.0004741810889285031,9.579758981528272e-08,2.7460687359159992e-05,1.6043107728226413e-05,1.8135599572268649e-06,8.988215025734366e-09,4.925564532352222e-07,4.646097565492359e-10,4.906169637613928e-11,8.128608807861525e-07,8.272113072404113e-06,0.0015692288274390008,4.555609854107516e-07,0.02137553066146071,4.619334593939926e-12,2.8278750668084467e-07,0.9753854842601716,1.2814234523901073e-08,9.685659783865869e-07,1.163873489463933e-06
44,5.625841237281034e-06,0.0019892622870621283,1.484859061511517e-07,3.3711594722810853e-06,8.229560264659655e-08,0.0003192815821984301,1.2346965755442553e-07,2.613267080887525e-05,1.907034424099417e-05,1.4339439089999639e-06,2.2056412820778918e-08,6.572483984984988e-07,4.4071941516077675e-10,1.5829819111665574e-10,1.4278899037458509e-06,7.025470577157408e-06,0.0014937525544832765,5.936742671128924e-07,0.0222524139137605,5.566629191646306e-12,2.131399777648564e-07,0.9738755818536422,1.7174561497131884e-08,8.777314037768897e-07,2.884607932129711e-06
45,4.77113525102213e-06,0.0015500288729283097,1.6260940904736846e-07,2.9810340241144732e-06,6.425289427399123e-08,0.000409997908893434,1.3050644401963016e-07,4.754042505543966e-05,2.0738935540081236e-05,1.7987175372759816e-06,1.7417470356844324e-08,7.906600173338904e-07,5.929454839448966e-10,1.1670722946062473e-10,1.5493917521018158e-06,9.262346048610542e-06,0.0013827047829507906,6.131675850432681e-07,0.023505771217180668,6.1488818571068275e-12,2.2933834409043126e-07,0.9730579917497595,1.3468003801049035e-08,1.040920474636834e-06,1.8004266345535204e-06
46,6.714158697837502e-06,0.021557234824058254,2.672967769022506e-07,6.218943212493597e-06,4.1826481992147e-07,0.0007515167833806904,1.3441242275449353e-07,4.890119329436864e-05,8.622575914622088e-05,1.8788423445832832e-06,1.5570168545557444e-07,1.0255777482951932e-06,4.4802113842434933e-10,1.3706280382977223e-09,3.0232866799498993e-05,1.2858838492783945e-05,0.000453816181508465,2.851639729733649e-06,0.06426212948608018,1.3359262285525241e-11,4.0569479575710166e-07,0.9127655790104887,7.428194707218772e-08,9.184656801593366e-07,1.0439944881516355e-05
47,7.198637657809535e-06,0.0009496483052834849,1.6597898612228187e-07,2.9846096479568314e-06,4.586502216088122e-08,0.0002591703141147468,1.2403159955801298e-07,2.6098036922974294e-05,1.2249151619094518e-05,1.2866913432864347e-06,9.21074927470164e-09,6.479952922927181e-07,5.385686304961716e-10,8.185211976914114e-11,4.624153476828856e-07,8.154034811612318e-06,0.0020026493646857976,2.94171145188642e-07,0.021159148004373685,3.5842196157886258e-12,1.6870648171844546e-07,0.9755667895000963,9.095908727821601e-09,1.0787954947932249e-06,1.61645941066968e-06
48,5.898404836263453e-06,0.0015926670216996047,1.3847921877216352e-07,2.1647927337901646e-06,6.22826570754526e-08,0.00035977906971759217,1.1074014182176114e-07,2.6091746860651118e-05,1.6071690240196745e-05,1.7183036253175584e-06,9.815144979356563e-09,4.3177220766838186e-07,5.207275644293086e-10,8.913920809308208e-11,7.899515651721653e-07,6.213708965120839e-06,0.0022450320399635283,4.6493392409755423e-07,0.03306808202993935,4.271763454251302e-12,1.7330624076162368e-07,0.9626703084088598,1.340171766816359e-08,1.4781796678646764e-06,2.2993059343474994e-06
49,2.4853724708716056e-06,0.001438024009395882,1.1033276931196126e-07,2.256411034393677e-06,4.266693121182691e-08,0.0002614605394666049,7.29717434770726e-08,1.9799466123270927e-05,1.2479909286553011e-05,9.31454833708977e-07,1.0992711272129463e-08,5.644825311578897e-07,2.636705845740331e-10,5.939847978353419e-11,8.135334018004131e-07,4.83498932065668e-06,0.0009351316811548219,2.81430792987278e-07,0.013246355751554839,3.2168552852466992e-12,1.5018450820390895e-07,0.9840721566441788,7.966820717045369e-09,4.903014652533359e-07,1.5385812181574984e-06
50,6.071427190284139e-06,0.0019251878871835942,1.542115996766305e-07,3.4340439543383347e-06,8.484324813895206e-08,0.0003181180716508619,1.3234124108774452e-07,2.7501236024850082e-05,1.941810768725398e-05,1.5401215545231779e-06,2.269617708429904e-08,6.763946215110894e-07,4.750609743088718e-10,1.6648458724218884e-10,1.423258343515671e-06,7.195369907574136e-06,0.001571283278957417,5.989070571387499e-07,0.02279102276430899,5.82561762440586e-12,2.1183092393392886e-07,0.9733219926655992,1.7446645513648737e-08,9.386011157733982e-07,2.9738476364339106e-06
51,9.900351597313905e-07,0.004324455772137332,4.172681947330883e-08,3.3794563982506112e-06,1.9191142739876558e-08,0.00014470613088045096,1.3523279606297327e-08,1.36224148529971e-05,9.7647207158815e-06,2.735899142392425e-07,1.7548493816862667e-08,3.056498541477027e-07,6.051773249483273e-11,4.0012468575680246e-11,1.6523156878319535e-06,1.870647601273852e-06,0.0002185869471285952,2.227886118247458e-07,0.006307838865931607,1.5310045038222998e-12,7.895506264011948e-08,0.9889708185011057,4.462893872898983e-09,7.412237205910773e-08,1.2625318946910208e-06
52,6.192477525631055e-06,0.0018304522924398527,1.3968530792236763e-07,4.404020866937036e-06,8.862181389243397e-08,0.0004766599892095341,1.210968178919395e-07,4.267039829216962e-05,2.4327827475990556e-05,2.7088012421399763e-06,3.10614310087106e-08,7.50215158496201e-07,6.564513342526778e-10,1.655561565655175e-10,2.1115453715638143e-06,8.706798581726042e-06,0.0012067191129490212,9.510378904491621e-07,0.028023891124773364,8.375127582798183e-12,1.9634594886661034e-07,0.9683656528232298,1.688643724972229e-08,9.063095112136883e-07,2.3006973424513247e-06
53,5.521913305206034e-06,0.0012667345975281893,1.6995796729373848e-07,5.273204107485048e-06,1.047229089861455e-07,0.00039593387000093865,3.3550985895083147e-07,2.531922539800125e-05,2.044242350968359e-05,1.7562172556441171e-06,3.983477848618094e-08,1.3455586504490766e-06,5.939360302849141e-10,3.2710612267558477e-10,1.902826325187872e-06,1.172744631188926e-05,0.001960871944515789,1.1596897746826053e-06,0.011934688941137967,1.2022274967611332e-11,4.541749892545434e-07,0.9843609501240406,4.49213250951367e-08,1.2725456851960948e-06,3.9494175607872265e-06
54,3.094107231824461e-06,0.003628809787678569,6.425226155465121e-08,1.8923282501224592e-06,4.9110185686720544e-08,0.00023006783718905225,6.016371563668386e-08,1.1994415273462872e-05,1.3906641406779964e-05,5.77083444899412e-07,1.2065302314077844e-08,3.7609685609773724e-07,1.1556293710117536e-10,1.2129783759737484e-10,1.4646892532850404e-06,2.7722664428048873e-06,0.0006920062713367146,2.6078697592260727e-07,0.016938527544953192,1.690451037423622e-12,1.0526724348961947e-07,0.9784695810617235,9.857463512040443e-09,4.572956498678804e-07,3.91083161038135e-06
55,5.393052551820569e-06,0.001169301808176661,1.6190252052211756e-07,3.2004385009702476e-06,8.926420159323893e-08,0.0003856659432734675,2.131241944230722e-07,4.1729180846207035e-05,2.2137598068408188e-05,1.3667026577941848e-06,1.8022434944491678e-08,1.7088832823144296e-06,7.029195686469722e-10,2.0142545052804446e-10,1.2472085655431698e-06,1.1308716073285705e-05,0.001462455900615597,7.496830006421139e-07,0.015854912572722757,7.919936947496985e-12,2.498400572024053e-07,0.981034383619968,1.651893119199072e-08,1.109321073175453e-06,2.579786018770977e-06
56,6.032375681475722e-06,0.0019135211089369743,1.6089137851330194e-07,3.5454725138569626e-06,8.497795362602906e-08,0.00033864579497240176,1.3122348629804093e-07,2.9301911261938605e-05,1.995392410466053e-05,1.613850613610014e-06,2.2320269280836262e-08,6.89106972372419e-07,5.23464851337208e-10,1.5998396172108666e-10,1.3972601399665117e-06,7.591704813374909e-06,0.0015901741461652307,6.159351511471387e-07,0.023461598490382794,6.238097523300826e-12,2.1815626428885662e-07,0.9726208805851148,1.7454538661143694e-08,9.654965045693105e-07,2.8371230931899117e-06
57,4.075619566796121e-06,0.001361535929590275,2.5167666923313976e-07,2.2885419596622227e-06,8.443929255309496e-08,0.00027056829021544423,1.2612796810746277e-07,2.6743807156820902e-05,1.5766758904942755e-05,1.4258705901996042e-06,1.4381750163812935e-08,8.636977860460044e-07,5.498496622209984e-10,1.009977518622608e-10,8.619295333031725e-07,7.813603477786936e-06,0.0015217882666935122,3.214216080528657e-07,0.0196254896000818,5.5684445240183065e-12,2.2638696436588994e-07,0.9771569577532869,1.0227067939151083e-08,8.66581594038172e-07,1.918431826106359e-06
58,5.992614029070744e-06,0.0018338159887634072,1.6082718005484528e-07,3.042304687534638e-06,8.259819339096291e-08,0.000366477343420586,1.402859215984128e-07,2.8330373183886718e-05,1.841079804912326e-05,1.7472402354157101e-06,1.7737289666951074e-08,6.834973675597659e-07,5.611369641130669e-10,1.5862362155153866e-10,1.2942190405201458e-06,7.509702501506847e-06,0.001778475877619148,6.213351328862571e-07,0.0254647967820354,6.131447084750413e-12,2.3007214872659815e-07,0.9704839880626698,1.8601635327358302e-08,1.2983138964123104e-06,2.8646991069389134e-06
59,5.85452050123616e-06,0.001807262774436993,1.7728665467852485e-07,3.12990473300902e-06,8.334745873528977e-08,0.0003409933621799264,1.3979209353514078e-07,2.8850483168864784e-05,1.801815323489703e-05,1.6553599293548448e-06,1.856598864631383e-08,7.172850780993642e-07,5.701290068027956e-10,1.56727175105694e-10,1.2652882782353538e-06,7.769732041654043e-06,0.0017559285368640165,5.872310548757653e-07,0.02404701213040831,6.3756844368408375e-12,2.372402830596135e-07,0.9719763366112234,1.772037951759252e-08,1.2057858692858298e-06,2.7381549078707498e-06
60,5.625841237281034e-06,0.0019892622870621283,1.484859061511517e-07,3.3711594722810853e-06,8.229560264659655e-08,0.0003192815821984301,1.2346965755442553e-07,2.613267080887525e-05,1.907034424099417e-05,1.4339439089999639e-06,2.2056412820778918e-08,6.572483984984988e-07,4.4071941516077675e-10,1.5829819111665574e-10,1.4278899037458509e-06,7.025470577157408e-06,0.0014937525544832765,5.936742671128924e-07,0.0222524139137605,5.566629191646306e-12,2.131399777648564e-07,0.9738755818536422,1.7174561497131884e-08,8.777314037768897e-07,2.884607932129711e-06
61,6.043090538633411e-06,0.0018725699756467413,1.731896363988593e-07,3.0770477536077705e-06,8.622620887836693e-08,0.00033344032417294457,1.3793576134074032e-07,2.7498753470286173e-05,1.8768010708783694e-05,1.6146587105040504e-06,1.9600695519572184e-08,7.00160084035057e-07,5.302674699273468e-10,1.6199567348144066e-10,1.325297653864287e-06,7.518405564167512e-06,0.0017237428762022858,5.789042917030291e-07,0.024411057406158225,6.0114037650921604e-12,2.3384820693805937e-07,0.9715873694911747,1.7995287998581424e-08,1.136065324942449e-06,2.8900384729513896e-06
62,5.625841237281034e-06,0.0019892622870621283,1.484859061511517e-07,3.3711594722810853e-06,8.229560264659655e-08,0.0003192815821984301,1.2346965755442553e-07,2.613267080887525e-05,1.907034424099417e-05,1.4339439089999639e-06,2.2056412820778918e-08,6.572483984984988e-07,4.4071941516077675e-10,1.5829819111665574e-10,1.4278899037458509e-06,7.025470577157408e-06,0.0014937525544832765,5.936742671128924e-07,0.0222524139137605,5.566629191646306e-12,2.131399777648564e-07,0.9738755818536422,1.7174561497131884e-08,8.777314037768897e-07,2.884607932129711e-06
63,4.860845086942748e-06,0.0023868026654936154,1.292906536065955e-07,3.1535189926819833e-06,7.629563664608942e-08,0.0003193036620614695,9.821345761601784e-08,2.3026682123760565e-05,1.9146279716843508e-05,1.2211931494750445e-06,2.044138481033783e-08,5.464963758808223e-07,3.5477623115463934e-10,1.35929673246471e-10,1.4662687814065714e-06,5.970193081409143e-06,0.001291470611090557,5.534484407463521e-07,0.022196877855387705,4.753970964952019e-12,1.9496638467798565e-07,0.9737414492355194,1.607607204938208e-08,7.357746773033869e-07,2.879490971456601e-06
64,4.5674955800727546e-06,0.0018385519741155117,1.6634578982416695e-07,3.0507180346423977e-06,7.330724331080904e-08,0.0003177060303163777,1.1484028823552038e-07,2.2588138273636513e-05,1.602459156350521e-05,1.228252412587954e-06,1.8937479807244405e-08,7.229401229317427e-07,4.095712789894718e-10,1.4198230203051098e-10,1.3514426446550705e-06,7.508467468894472e-06,0.0015262034096046014,5.47073709721533e-07,0.019379999090749736,5.334673836883052e-12,2.976637875061499e-07,0.9768759337833407,1.8069611330435968e-08,8.730254591607894e-07,2.453845515072412e-06
65,3.3813162736371286e-06,0.002542833719640334,1.188265187506007e-07,2.760665824684131e-06,7.3939092467267e-08,0.0003903516224342479,1.0724285495775053e-07,1.5051675862298926e-05,1.4634562383765934e-05,8.506649647488595e-07,1.5099501300654837e-08,6.175419306693962e-07,2.829223252217386e-10,1.6241963789566076e-10,1.4843215929665869e-06,6.548118147820365e-06,0.0013824050424583688,6.998887716023745e-07,0.019111291725841917,4.809560385730763e-12,3.2559679036363506e-07,0.9765223119438358,2.317418165839599e-08,9.210170802197191e-07,3.191843866065505e-06
66,4.7493066286100436e-05,0.0009866120463442993,1.344598939889809e-06,7.88963572119598e-06,6.82732493979224e-07,0.0005131971940031751,9.008723766948546e-07,7.948817509120795e-05,4.984032987574056e-05,9.196111412649407e-06,4.350455825597667e-08,1.1184462655888005e-06,7.2744634489875135e-09,3.6002597868109306e-10,5.847685976407272e-07,3.4015335783914805e-05,0.007908510460273983,7.914710522455585e-07,0.08980755326779274,3.493699584897612e-11,3.3895020421255625e-07,0.9005422164309161,2.462713865676269e-08,4.540940689651635e-06,3.609364755459314e-06
67,1.6278828313998419e-06,0.0022060235003287004,6.622134966770308e-08,2.174796902837159e-06,3.4626535197037556e-08,0.00045385570271884587,7.821494057145044e-08,8.722105489622534e-06,8.776869132057475e-06,5.643780940109758e-07,9.778488354737666e-09,5.47619694114879e-07,1.6659854051489406e-10,1.1138345690464163e-10,1.265776428138661e-06,5.008467658369992e-06,0.0011796339531897739,7.014759158399076e-07,0.012698842572229868,3.5473267831448066e-12,3.347943626858303e-07,0.9834280535965614,2.561980416299237e-08,8.094340227693589e-07,2.842331792432651e-06
68,1.6887803158201309e-06,0.0012686229367927663,9.502912097156792e-08,2.3387161954752542e-06,3.8944452309124713e-08,0.00045678501777734706,9.895079622669354e-08,2.8079759928773117e-05,9.73862841852023e-06,9.58888970939981e-07,1.3624026274616982e-08,1.2261943220417602e-06,3.406573125356807e-10,9.836993419049837e-11,1.7345948441568013e-06,6.90917532527117e-06,0.0009340164627680757,7.728796405947901e-07,0.009552905258793239,6.10786189540318e-12,3.732823107832242e-07,0.9877314217037563,1.4429325144734092e-08,7.258284045033728e-07,1.4404685796086345e-06
69,2.894272486657442e-06,0.001926935580835519,6.997836746647492e-08,4.956829338477091e-06,5.882658768164956e-08,0.00021941904295861656,7.170908123094733e-08,2.2847639505404547e-05,2.4482361997949053e-05,1.1368415856750485e-06,8.454726012164562e-08,6.736157819228876e-07,2.1094134245757526e-10,1.2564018125794367e-10,3.4175722016168047e-06,3.48083594809261e-06,0.0008619344706795192,1.0511160289728564e-06,0.006672425391314663,7.948092620791097e-12,2.2970149132992156e-07,0.9902504537641915,2.6554156158801678e-08,1.9094528461588734e-07,3.158058387397026e-06
70,2.4998369013135882e-06,0.0016907792385778,1.4507085854868412e-07,6.870043013966002e-06,6.420121873448764e-08,0.0004808557522127542,1.1402399467240443e-07,2.669081528912598e-05,2.618265168585442e-05,1.1850462150265343e-06,2.7341334928988732e-08,7.675912052301495e-07,3.3138837303890214e-10,7.229621947784009e-11,1.3225324074584125e-06,1.161130351252813e-05,0.000536262527044703,4.7347333446932363e-07,0.011243876320909922,5.731592191148673e-12,2.0245122971717944e-07,0.9859683149703853,1.3337296593941242e-08,2.98388115234704e-07,1.4426738399280136e-06
