,0,1,2,3,4,5,6,7,8,9,10,11,12,13,14,15,16,17,18,19,20,21,22,23,24
0,0.004775626083955288,0.012386588147690019,0.0004034142188464421,0.0003156881960316028,0.0015466374320856108,0.010587826545003823,0.001568115431259448,6.485234976919455e-06,0.006300606158348606,0.0030668153643886586,0.17849677583009763,3.432488717467663e-05,1.0413385589799732e-05,0.025683529530980506,0.639058720118341,0.00019203018831260305,0.0031210323958088767,1.1761502974060516e-05,0.0025741898804740944,1.4848642882138108e-06,0.01561096581824094,0.08369744599964501,0.004452336752454189,0.000925419672165483,0.005171766360866548
1,0.006863684363291945,0.01624492542223465,0.0004351915209091554,0.00041621116379283193,0.0023775819915171077,0.008607278995847158,0.0017767584977877592,8.283729470647316e-06,0.013844474507451524,0.0039325570728745195,0.20262931496549483,2.8581124695113464e-05,1.2369322704306563e-05,0.024445847979471382,0.6118590244263198,0.0002549340486610365,0.0036431803405040613,1.1491235843720632e-05,0.002635069598197253,1.1799673936683665e-06,0.010842965931183578,0.07809423815683894,0.004162289489874766,0.001195994176416061,0.005676571971224296
2,0.004519614445034374,0.010635693013774686,0.00030855240045011347,0.00025644182807371235,0.002027767599795341,0.005449340022069764,0.0014766589712025913,5.678446543494192e-06,0.00917015672651597,0.0028608054387144624,0.15237452060076362,2.089001643720201e-05,6.87278845840298e-06,0.028330770411637025,0.6558952582135196,0.00012249699747529427,0.00209590920629765,9.946115582148872e-06,0.0019928251704719245,1.4263186316920688e-06,0.010478911185740689,0.09791407781301376,0.004985612135308525,0.0009479118662273692,0.008111862268260633
3,0.005333697736316346,0.014532594868268007,0.00040077627698233235,0.00035916740026470525,0.0019477878277716109,0.007659186906322127,0.001492372070530886,5.868691207814972e-06,0.007068205479956492,0.0025923365076836458,0.22113087239838583,3.759819205469841e-05,1.1210463357186824e-05,0.02965425447831264,0.5954803705262709,0.00016341289594095864,0.0034448679079759326,1.3135520640064802e-05,0.0020842914268566857,1.0505204585245402e-06,0.013984587943679828,0.08152118421762296,0.004341407975021231,0.0009131212857503468,0.005826640482368256
4,0.005336191442522489,0.016564324499178336,0.0004260111922102144,0.0003941054154167583,0.002089281583940673,0.007862569881452402,0.0015906250835492908,6.296857287893693e-06,0.006915437363509224,0.002532583328549437,0.25550031848024735,4.848753797038225e-05,1.536374066140393e-05,0.03379511074571491,0.5491203618034659,0.0001718056737969029,0.003964899140874209,1.5069213093748384e-05,0.00222689820192554,1.0824392291538965e-06,0.014732795459322972,0.08565458960615813,0.004419080120729617,0.0008567530024392829,0.005759958186753922
5,0.008064498692300422,0.013434410710725502,0.0004812953841005688,0.000543779579951307,0.0021099208175796285,0.007711532042314325,0.0017024134863695807,6.926904098213444e-06,0.008337575627426557,0.0035895157416425535,0.2597019215257124,4.988169730102326e-05,1.3203989877248853e-05,0.04022060003370948,0.5277536857596224,0.00021025257761508932,0.00480759144121791,2.7554848586325006e-05,0.0018915966258848894,1.5407522691237544e-06,0.01661951151761658,0.08743360887410748,0.005565902572815101,0.001451146186015502,0.008270132611140757
6,0.005333697736316346,0.014532594868268007,0.00040077627698233235,0.00035916740026470525,0.0019477878277716109,0.007659186906322127,0.001492372070530886,5.868691207814972e-06,0.007068205479956492,0.0025923365076836458,0.22113087239838583,3.759819205469841e-05,1.1210463357186824e-05,0.02965425447831264,0.5954803705262709,0.00016341289594095864,0.0034448679079759326,1.3135520640064802e-05,0.0020842914268566857,1.0505204585245402e-06,0.013984587943679828,0.08152118421762296,0.004341407975021231,0.0009131212857503468,0.005826640482368256
7,0.0067863737293843915,0.02171112477726662,0.0007805369774497568,0.0003682671525346933,0.0020417818200143237,0.006680278675700058,0.0013373290164358537,7.513960351589659e-06,0.004663803856473262,0.001827456076741527,0.3355167367760225,4.472586001640257e-05,2.570985377167433e-05,0.019362388854389526,0.5084936514614489,0.00012837205347881287,0.0033402617497912076,1.0655773310848503e-05,0.0029591689246799783,6.744395518214593e-07,0.01235187954427389,0.06617894609039446,0.0021029073435225873,0.0007994361712791604,0.0024800190617161187
8,0.0038924706829792897,0.006612237196773448,0.00027444865550047774,0.00030538423984564943,0.001521668342730919,0.0032892384313716735,0.0009881614119323858,2.583108526074812e-06,0.008713559526820219,0.003163485916085931,0.15874632203138753,9.699214588839726e-06,3.1309347722713854e-06,0.030485916737017588,0.6856053432308454,7.863909573512117e-05,0.0015204805267514064,8.71987539199443e-06,0.0007220753896708618,8.409739267263148e-07,0.007863684983017717,0.0711206152532905,0.0038390214681851068,0.0023226656350222715,0.008909607137830565
9,0.004816296036128811,0.007477623022350162,0.000515194042707666,0.0004911768976694908,0.0016238573603014246,0.0060178427378177165,0.0009156030817891377,5.168123100441409e-06,0.008243583484450857,0.0037695865502374772,0.22173136977647995,1.7404303623643786e-05,7.645259251877789e-06,0.03392134702740639,0.5969648598791094,0.0001361507602029129,0.003074389272769427,1.0890719641399712e-05,0.001338899259992636,1.360192546515343e-06,0.011138481085525169,0.08610173617004074,0.004595312476393141,0.002238903687249468,0.0048453187932142
10,0.005333697736316346,0.014532594868268007,0.00040077627698233235,0.00035916740026470525,0.0019477878277716109,0.007659186906322127,0.001492372070530886,5.868691207814972e-06,0.007068205479956492,0.0025923365076836458,0.22113087239838583,3.759819205469841e-05,1.1210463357186824e-05,0.02965425447831264,0.5954803705262709,0.00016341289594095864,0.0034448679079759326,1.3135520640064802e-05,0.0020842914268566857,1.0505204585245402e-06,0.013984587943679828,0.08152118421762296,0.004341407975021231,0.0009131212857503468,0.005826640482368256
11,0.005419673711830601,0.015497198685973908,0.00042169922330782556,0.0003853547998760034,0.001971524659914143,0.008129311900256465,0.0015935757684043712,6.697923747800185e-06,0.007159356697977061,0.002573713733980946,0.23139595164597274,4.280177746623367e-05,1.3759964407291925e-05,0.030034313324509822,0.580696929982451,0.000180063635970586,0.00388081192845566,1.3800603882286876e-05,0.0022717258941661487,1.0886397136652135e-06,0.014004956481339008,0.08351821470061253,0.004379668710237538,0.0008757752988868977,0.005532030306659472
12,0.00554185621318535,0.02677440977062272,0.00043409810590753226,0.0004133547240636172,0.006443437376218739,0.01186625521014393,0.00194932602751318,3.203238910228814e-06,0.007261785103491396,0.002300026597504474,0.23504248110284645,8.351638501520828e-05,1.1935850265273567e-05,0.07811781712862062,0.5171863365065829,0.00017592399979309085,0.0027306082498089346,3.537231379327638e-05,0.0018303117676488421,1.8328069294020682e-06,0.020540472568259444,0.05399282620229104,0.008022866494374784,0.0006766802487716483,0.018563266007437882
13,0.00510624825025219,0.014169709435282419,0.0003919703855115854,0.0003563070570666476,0.0019229896092754727,0.007325222746840447,0.001421828725525894,5.592923743852809e-06,0.006637005849330028,0.0024246271897590686,0.23216263499135273,3.727111935173009e-05,1.1318197423450976e-05,0.029221137265657702,0.5907697419469705,0.00015733804425884724,0.0033405532597202917,1.2555672853105043e-05,0.002017949568577288,9.860746648384514e-07,0.013833078568739499,0.07807354235410723,0.004273454126048161,0.0008940399551122065,0.005432896682574942
14,0.0032912468825092075,0.08438172253701694,0.000272263527220274,8.255228134149566e-05,0.003289637823837582,0.018788331597471203,0.0009263451033158305,1.4578909356517204e-06,0.0012608255725139123,0.0005915323416398804,0.45948588100852156,0.00023071963667045718,3.548731268347966e-05,0.026487974669878584,0.34041719435750384,0.00013372246516067565,0.0017571724990978438,7.524699370185303e-06,0.006795908682983177,3.374313415436476e-07,0.019324936496166775,0.028655209492606137,0.001750147534752102,0.00011143580785516967,0.001920432347606414
15,0.005333697736316346,0.014532594868268007,0.00040077627698233235,0.00035916740026470525,0.0019477878277716109,0.007659186906322127,0.001492372070530886,5.868691207814972e-06,0.007068205479956492,0.0025923365076836458,0.22113087239838583,3.759819205469841e-05,1.1210463357186824e-05,0.02965425447831264,0.5954803705262709,0.00016341289594095864,0.0034448679079759326,1.3135520640064802e-05,0.0020842914268566857,1.0505204585245402e-06,0.013984587943679828,0.08152118421762296,0.004341407975021231,0.0009131212857503468,0.005826640482368256
16,0.00663057950079399,0.014087305041573238,0.0003671890511266187,0.000438090726392622,0.0017739965201595735,0.007186253755319109,0.0018100496327158279,4.749958354005296e-06,0.004660484519526812,0.004365020369064409,0.25225718389026835,8.646022091195795e-05,1.0361396045848392e-05,0.054542166866681174,0.47457162549325826,0.00017533690384201282,0.004666082395447008,4.032088174668766e-05,0.001744188416137544,1.560854735686647e-06,0.03656534171585204,0.11643257377927833,0.005137810180664454,0.0009591256074935009,0.01148614232261091
17,0.008641614552570051,0.020674225000810193,0.0004381748830289551,0.00045488178173119423,0.002376746361662526,0.007143317967376501,0.0019338138290826853,8.29157403866864e-06,0.006128565670649131,0.0028677907894909082,0.28659377741886877,0.00014832008350141186,2.287856843478917e-05,0.0678958376002458,0.38510669437295747,0.00018401682078704327,0.007226347788265647,5.312249288875982e-05,0.0027539052780531895,1.951039940523223e-06,0.028125906649623705,0.14857875671345083,0.008074878840678269,0.0007213013637640452,0.013844882558098853
18,0.00934498240218655,0.02196611294189764,0.0002709967169745174,0.00029856686217790004,0.001508096940301376,0.008113314598231254,0.0024543299520950156,7.4497597172470165e-06,0.010242750472341812,0.00430508866149369,0.20685122939309375,0.00010205559876474622,1.5665874331459124e-05,0.0588874248367315,0.4264409229367422,0.0002050939776951423,0.008377538064898951,4.610673494323917e-05,0.0025802814610466395,1.8579370037182949e-06,0.019341255059241506,0.18878830526884746,0.007685423474739755,0.0008282457343452091,0.02133690434015777
19,0.0053787749273173065,0.017298447032551293,0.0005822210470874823,0.0004469018746728885,0.0026488264117924083,0.00725740515990428,0.0016435196851397773,8.221850109823793e-06,0.006525284587942001,0.0023788505233527245,0.2407898175478134,5.574865328562223e-05,1.733310121108529e-05,0.030869265253765987,0.5609203176710683,0.00017192527302078056,0.003700540149051073,1.5105253920385913e-05,0.002593221592731584,1.1224414265636394e-06,0.015542316913290017,0.09212241437009619,0.0035249260379862438,0.0007597567492578472,0.004747735892205133
20,0.0018569980349991847,0.006437567334292959,0.00021577666806083128,0.00017358843698701734,0.0008807776422523977,0.003560065083180094,0.0009498299475523038,4.180769478623626e-06,0.0028882647632815007,0.0011456153613483098,0.13342127413907348,1.2901580440042165e-05,4.537074474931663e-06,0.01143718546891315,0.7537990425386997,6.758513087562636e-05,0.0012666221314664647,3.000052365242734e-06,0.0013584872609322327,4.7176712638362524e-07,0.010361883524099516,0.06487447269321674,0.0025015495251397134,0.00047325654064736425,0.002305066531096239
21,0.00750064396700227,0.019030480079513728,0.0004500406597706033,0.0004556947086370582,0.0028887977393991246,0.007331717394992275,0.0013040978085404947,4.973923302555079e-06,0.006501029122158151,0.003881782090941564,0.31159511597017525,6.862571582787239e-05,1.3240743061078014e-05,0.04495333494680677,0.4680183119407575,0.0001949256893759894,0.0036706843533409576,2.4981822649408152e-05,0.002204155917597659,1.2424615548061901e-06,0.025472585958197406,0.0814064630658327,0.004519576244713633,0.0010761451885672561,0.007431352487283759
22,0.006107785055711576,0.010902146320860954,0.0005255369785734764,0.0005239496470600197,0.00150518433950349,0.007275826230781793,0.0011619154466319147,6.073647881490226e-06,0.005358045816917521,0.0035386412860060135,0.2826583357027887,4.3840838715085244e-05,1.190277434344482e-05,0.03328606421481733,0.5203862514953947,0.000181458465995509,0.00508341380082461,1.852065823455303e-05,0.0017132466927495444,1.1174572874524717e-06,0.019302248564399018,0.09074716721506117,0.003900138362153586,0.0012856880927137977,0.004475500894593471
23,0.005333697736316346,0.014532594868268007,0.00040077627698233235,0.00035916740026470525,0.0019477878277716109,0.007659186906322127,0.001492372070530886,5.868691207814972e-06,0.007068205479956492,0.0025923365076836458,0.22113087239838583,3.759819205469841e-05,1.1210463357186824e-05,0.02965425447831264,0.5954803705262709,0.00016341289594095864,0.0034448679079759326,1.3135520640064802e-05,0.0020842914268566857,1.0505204585245402e-06,0.013984587943679828,0.08152118421762296,0.004341407975021231,0.0009131212857503468,0.005826640482368256
24,0.0056603334598129395,0.017265452371407784,0.00047989671419222646,0.0005864132688269729,0.0036210696076685637,0.007910746696895331,0.0015912895057473482,6.645153177459869e-06,0.007615482832985291,0.002609654965077875,0.3046865369843671,6.61113624243472e-05,1.9485611772208122e-05,0.04924600754445014,0.4898393498566452,0.00023236997529193473,0.0039695942726608435,2.1417568398933316e-05,0.0022245324545186232,1.29939652602e-06,0.01614473703159932,0.07345437843287705,0.005472735342030101,0.0009184648001521338,0.006355994790494451
25,0.005743185405543492,0.010209498689219268,0.0004108277954859236,0.0004828710905186773,0.0019789483026097184,0.00407410934019109,0.0015139340555748036,8.526847396826484e-06,0.004302753560091365,0.0018677144345219583,0.3215016825686748,4.406203476803686e-05,1.6795445245401425e-05,0.022637586831338725,0.5273713318194552,0.00017199351717850646,0.003090425992582311,1.4494389025409756e-05,0.0022729491707602946,8.487723445381719e-07,0.01657469326192373,0.06773537082534206,0.003949443469239001,0.0007191048737124328,0.0033068475072563935
26,0.008441734168769487,0.012452224392639901,0.00040435707891617074,0.0005230268303965638,0.0018995892903095402,0.008100115056091562,0.0013243653309981725,8.026642453380928e-06,0.016888737588460857,0.002557388867784578,0.21800825810366845,2.0440823294123777e-05,1.0211557914313596e-05,0.021856711327107613,0.6189043213536262,0.0001955549271870164,0.0044270934464759135,1.1614567897478018e-05,0.0015921564726987195,1.180721629805163e-06,0.0086020483805592,0.05812768533557929,0.0073173005473461715,0.002142244349526411,0.00618361283866909
27,0.003493671921697773,0.010535856226930767,0.00024114999627048223,0.00021705712793297703,0.0013488826238870068,0.005582836593757413,0.001400572266000151,4.717858599568583e-06,0.008932438383911369,0.002498964376901156,0.14745650952395378,1.8590052298892606e-05,6.280936585130461e-06,0.02174922782973244,0.6799865147261638,0.00011820920132241527,0.0023580984761356416,6.727983773549702e-06,0.0016074663601632487,9.218453487826687e-07,0.008339272077034858,0.09357260654055544,0.003720065688366072,0.0009030404711779249,0.005900320911499653
28,0.005333697736316346,0.014532594868268007,0.00040077627698233235,0.00035916740026470525,0.0019477878277716109,0.007659186906322127,0.001492372070530886,5.868691207814972e-06,0.007068205479956492,0.0025923365076836458,0.22113087239838583,3.759819205469841e-05,1.1210463357186824e-05,0.02965425447831264,0.5954803705262709,0.00016341289594095864,0.0034448679079759326,1.3135520640064802e-05,0.0020842914268566857,1.0505204585245402e-06,0.013984587943679828,0.08152118421762296,0.004341407975021231,0.0009131212857503468,0.005826640482368256
29,0.005333697736316346,0.014532594868268007,0.00040077627698233235,0.00035916740026470525,0.0019477878277716109,0.007659186906322127,0.001492372070530886,5.868691207814972e-06,0.007068205479956492,0.0025923365076836458,0.22113087239838583,3.759819205469841e-05,1.1210463357186824e-05,0.02965425447831264,0.5954803705262709,0.00016341289594095864,0.0034448679079759326,1.3135520640064802e-05,0.0020842914268566857,1.0505204585245402e-06,0.013984587943679828,0.08152118421762296,0.004341407975021231,0.0009131212857503468,0.005826640482368256
30,0.005333697736316346,0.014532594868268007,0.00040077627698233235,0.00035916740026470525,0.0019477878277716109,0.007659186906322127,0.001492372070530886,5.868691207814972e-06,0.007068205479956492,0.0025923365076836458,0.22113087239838583,3.759819205469841e-05,1.1210463357186824e-05,0.02965425447831264,0.5954803705262709,0.00016341289594095864,0.0034448679079759326,1.3135520640064802e-05,0.0020842914268566857,1.0505204585245402e-06,0.013984587943679828,0.08152118421762296,0.004341407975021231,0.0009131212857503468,0.005826640482368256
31,0.012473022961280398,0.020226893434729682,0.000803838970747769,0.0004954341340766888,0.0028049574272076346,0.007427859598007767,0.001939952732088939,1.2934096339490881e-05,0.008035087244329858,0.003266333316760256,0.2337206137137915,6.884055236413444e-05,1.9933550004864275e-05,0.0345516375857552,0.5149867349787832,0.0001933777545437467,0.005096228094644341,3.184033291249991e-05,0.0038320283882529423,1.8429562112208493e-06,0.020239543111423248,0.11418108749325895,0.005405546919189787,0.0010296674740620968,0.00915476317923371
32,0.0050245758420054834,0.014433146056649759,0.00039420477017728853,0.0003156318010930521,0.0019304737466927838,0.007579286769069262,0.0015004019777141852,6.221051733330409e-06,0.006499650023645717,0.0024068746534607996,0.20922131573924505,3.7623144296365684e-05,1.1414819202456095e-05,0.02744921439975309,0.6080735795349169,0.0001609512508366247,0.0031639410613315887,1.1770029141010977e-05,0.0024442756626197677,1.0753862146433544e-06,0.013782554885540301,0.0850014870477612,0.004260507011069288,0.0007864706297704246,0.005503352706059596
33,0.006807272358749986,0.022478204773166033,0.0005163189943326701,0.000587145945037501,0.0013665585420772105,0.012979887149565971,0.002859951706130006,1.4691777983979424e-05,0.010253211514449993,0.004523291996427372,0.2773050107931198,0.00016433628493139072,6.068374777729456e-05,0.06730787424232838,0.30943226317307565,0.0003850124140539306,0.01976192713858967,4.2659486233841445e-05,0.0031504999043637416,1.8731165743763358e-06,0.012105670433392968,0.23689624707459694,0.0040888668289931745,0.0007156037038065897,0.006194936900241435
34,0.007822234254314546,0.016036828985806727,0.0003897695735234146,0.00020487186154640456,0.002300004380748536,0.003985019031752571,0.0010783283872418715,5.829382021850161e-06,0.008916927180412013,0.0022708022731107716,0.24991971103284,2.2860341309609466e-05,1.0516512158052975e-05,0.020041898091381176,0.5740988768378932,0.0001017783964458161,0.0018471121861236939,7.771505232308593e-06,0.0036767812332925555,8.533397455232893e-07,0.009690548763687076,0.08703126415757809,0.003852872798663986,0.0010478489761455829,0.005638690517024589
35,0.08301602428963523,0.04511589294357685,0.0008616883310386613,0.0007045738052924057,0.0024285487689797917,0.005700216458856452,0.0037947287140980886,4.6336186580230675e-05,0.03660402099583297,0.011243067270800456,0.2287867045310675,0.0001829690795548485,4.6134082249482225e-05,0.03152756315040649,0.24654573695656767,0.00047225682050316546,0.02105074352531976,0.00015591657012855876,0.006708117729871373,2.3823991047542705e-06,0.018530537265236968,0.2317865540176444,0.004078121483669096,0.0016483226790210538,0.018962841944963865
36,0.004612493850105155,0.016573795993375044,0.0002620173029276122,0.00037485109724697923,0.0009983171518040033,0.012084081543144288,0.0028354354182655766,1.631023491636564e-05,0.015525246242882653,0.003135017259316626,0.14889710285641086,8.327542908851188e-05,2.5855030962291584e-05,0.03825597038710201,0.48305027130146194,0.00034751094401525874,0.015551937649891425,1.8296838819030487e-05,0.0026187595719791234,1.601405492104923e-06,0.008270769848473063,0.23345564264851787,0.005686200259568615,0.0005484437842703848,0.006770795949963083
37,0.008981110785784072,0.010518878877478089,0.0005868226297383258,0.0005842558456707858,0.0019102194105752963,0.005534871508035217,0.0011831952302226313,4.853161965010014e-06,0.006102510711355819,0.0033533964744440394,0.3213449780206992,3.697794702948572e-05,1.0712977991940206e-05,0.03677501819023472,0.5016228669633305,0.0001570929930787177,0.003821106626598053,2.625626858564792e-05,0.0014632611149332452,1.1600766586023632e-06,0.015008632874618276,0.06809172498027315,0.004233839048501375,0.0022711818415086685,0.00637507544068913
38,0.002845147585774195,0.010783702761834388,0.00027868270770590965,0.00026237436859777134,0.001109130203802787,0.012946510898830456,0.0016275944546728816,5.5066561868836835e-06,0.0033627585209804307,0.0015829388906418156,0.1845555798097928,3.5014630902763904e-05,1.1568926469886782e-05,0.018992427316477017,0.6762420453440908,0.0002155293371545666,0.0031158991334317913,7.453522182183655e-06,0.002406508143715235,9.180058319476252e-07,0.014414980069676623,0.057137184368767566,0.004553476076737502,0.0004761390909262895,0.0030309291748153518
39,0.0051527148945466365,0.014048493412110778,0.00038661502677007887,0.00035658463414389935,0.0018715179250020425,0.007838728455506672,0.0015446913080312224,6.1321094103200905e-06,0.006754543523426959,0.0025084320557791345,0.21034350820715217,3.815706709870897e-05,1.1033912468232675e-05,0.02870701975336774,0.606182634548112,0.000166788590687525,0.0035041419113755537,1.3040288812467804e-05,0.0021169303336774047,1.0756693447837893e-06,0.014632628193116637,0.08241475988628974,0.004586152940199277,0.0008537857804478097,0.005959889573122006
40,0.002834234053404067,0.018849808191588404,0.0005626669212523719,0.00016738007354048513,0.0029249631922771734,0.007672135490954747,0.0010295726810214726,2.8496009113561158e-06,0.002990074463065682,0.001598149034864375,0.17332096598993388,4.291569990081798e-05,8.097828513338445e-06,0.03324436805746862,0.6424174736099696,7.828003909077494e-05,0.0014703514879512583,8.403242150322123e-06,0.002513668881526147,9.011560563047277e-07,0.013252955852171375,0.08768511540359575,0.0021050505259230957,0.0004585634521735014,0.004761055070695161
41,0.004690044487429621,0.04213667413939617,0.0005245656730729785,0.0006205030164603661,0.005630655861766793,0.014180579445759678,0.0015373991962885224,6.006717693036479e-06,0.03503011120967997,0.0026407876746012407,0.21015002091732482,2.2664648512689413e-05,1.6592871824151178e-05,0.02902728225009696,0.5950423139668751,0.0002167202788848147,0.0038502842561989456,5.936428052036988e-06,0.001257809027623855,6.135294654033462e-07,0.0057261305615291394,0.03857947895337652,0.0033970294481962503,0.001153148181502847,0.004556647258388231
42,0.0030485645799811817,0.010753429998053574,0.00040274780885819755,0.0001789301439055311,0.0011119277348304278,0.004741678593990826,0.0011444053127837104,9.940918764482735e-06,0.004139628153773269,0.00200801521475004,0.1290856264455548,3.0256269040758028e-05,9.460328101718384e-06,0.014252370942609833,0.634424676578782,0.00010131235354869292,0.002555440529286061,4.615087743039018e-06,0.0037892427736571544,8.709281756119683e-07,0.01415131475557693,0.168947649280894,0.002206308298413794,0.0004093849707245014,0.002492201998199892
43,0.005307635105288277,0.01744069504988248,0.0003962344585675489,0.0003719405895775226,0.0021389725024020334,0.0073480288949757935,0.001509224009163121,5.095647026923248e-06,0.005405891298646199,0.0015917040476003976,0.2710283128769079,5.653580364942277e-05,1.4338837518907815e-05,0.032127033817379885,0.5588034158972166,0.00015095621408091025,0.0037513100417036946,1.5823336742195598e-05,0.0019344641489359982,7.887221743958174e-07,0.01391062398342598,0.06567860744759389,0.0044856199855680245,0.0007287732599818182,0.0057979740239901345
44,0.005333697736316346,0.014532594868268007,0.00040077627698233235,0.00035916740026470525,0.0019477878277716109,0.007659186906322127,0.001492372070530886,5.868691207814972e-06,0.007068205479956492,0.0025923365076836458,0.22113087239838583,3.759819205469841e-05,1.1210463357186824e-05,0.02965425447831264,0.5954803705262709,0.00016341289594095864,0.0034448679079759326,1.3135520640064802e-05,0.0020842914268566857,1.0505204585245402e-06,0.013984587943679828,0.08152118421762296,0.004341407975021231,0.0009131212857503468,0.005826640482368256
45,0.001699592098527139,0.0050169925654271015,0.0002457690274229246,0.00021882686694656552,0.0007906257918514727,0.005598069000953369,0.0012704336389219386,5.796356508506432e-06,0.0035180464925752054,0.0011926417516212313,0.09727208185146347,8.797390809144438e-06,5.020957420318874e-06,0.008107857894970016,0.8190824153409967,0.00012042707386138259,0.0013822489887813636,2.4970919731138685e-06,0.0013370147802427151,5.340877151140581e-07,0.006018673812142307,0.04301958218840242,0.0020641692122343597,0.0005054850954261077,0.0015164006428061195
46,0.008955561408576476,0.012587074639818662,0.0005120101509127504,0.0007872746312198483,0.0007942987795430394,0.01543026021137446,0.0014425116955890207,1.5138816636332789e-05,0.007152204344030884,0.0030196757908646584,0.28335030783255666,7.243494744052234e-05,2.4340946155795273e-05,0.02393654866793827,0.49911728038724845,0.00038482369363754075,0.016873165499596388,2.202174372636714e-05,0.002226324273408702,1.246403739085337e-06,0.018365842885396416,0.09440689177102905,0.006092023838618924,0.001362298503726783,0.0030684381372149323
47,0.011418766699395368,0.03147338217301857,0.0003594790395751232,0.00014120495598256373,0.0011033812014962997,0.006541886027804619,0.002285073215497392,1.163548279612982e-05,0.008929802619382294,0.004114765060823778,0.13296731312394314,0.00010667052361273354,1.5671312576159366e-05,0.02340986924362773,0.4362148291085131,0.00014655655645107944,0.006678385440630816,2.3916434189078425e-05,0.00567656790550314,1.393244649987844e-06,0.01609675369353952,0.29808238847548496,0.002554052612303881,0.0005256791998290237,0.01112057664937352
48,0.0051939577101343575,0.01767838609383306,0.000403833037398741,0.0003699591158835169,0.0013597653810778919,0.013268407098998581,0.0018546037774772421,9.956030385225739e-06,0.007340725865516872,0.00223867382196187,0.20247103276355616,4.71764242269094e-05,1.8399375276838235e-05,0.0219960225632096,0.6093143222567018,0.00023810793697221188,0.005985646948098317,1.052392624539143e-05,0.002994803396647043,1.0291391212189374e-06,0.01321473637960269,0.08498437322420513,0.004500748395797863,0.0006518190186484784,0.00385299031902296
49,0.0045010680628431625,0.01760021283998876,0.0005724931460932752,0.000303116606268569,0.0018461323295662431,0.010369933712874214,0.0014919191304877278,5.839815649335598e-06,0.004805949437333006,0.002692709136250599,0.20245918910162397,6.416400029062164e-05,1.373250816409785e-05,0.035172561866269964,0.5629613105231944,0.00014794197063382845,0.004076329835914274,1.5735626105578232e-05,0.0026556126515125127,1.3433019560081324e-06,0.017641335219748693,0.12146116724808068,0.003146065195395875,0.0006963312250233105,0.005297805508731289
50,0.006050731409683156,0.010790631880478034,0.0002447404392376152,0.00015876714577586827,0.0016361768227437894,0.0029312028397069307,0.00315449513510783,7.289320309435802e-06,0.010762798618751053,0.006470242433839737,0.09531907032287971,1.690334952331085e-05,5.679286871989039e-06,0.02427932806705687,0.6227402909444517,0.00012588099071331668,0.0015679281742568014,1.3149187574018552e-05,0.002988618139498076,1.4913838152208294e-06,0.010011616464303758,0.18116084977476402,0.0026976039347887597,0.0007341399415433832,0.016130373992325475
51,0.006068972709675365,0.026549286218347457,0.0007462154299572451,0.0008432463932675466,0.002890499064991618,0.006345791157795545,0.0012072201484863562,7.834031709774797e-06,0.014619015261139106,0.003456567878567892,0.32662213914350113,3.662341111944003e-05,2.069954363056258e-05,0.029824555511106264,0.4815112852032467,0.0001474401811783027,0.004972053337430443,9.629006395207743e-06,0.0011801173090444522,5.043499719289796e-07,0.01152279899575758,0.07581174377560913,0.001726161781828428,0.0014927221301043972,0.002386878026138365
52,0.005798913343617682,0.012951253714851315,0.000432078600595698,0.0004134838731722776,0.0019013712193201705,0.007725350308476313,0.0014717697654626398,5.96911838249994e-06,0.007284783529540288,0.002950437311383149,0.2389482168732342,3.592766651538559e-05,1.1626195384175205e-05,0.031182093870102526,0.5786955954032709,0.00018038310709921263,0.003683772343477196,1.4984021605124381e-05,0.0019561325272375502,1.1503085765744715e-06,0.013548043458319435,0.07966871358145225,0.004385238619360967,0.0011195831095940413,0.00563312812996841
53,0.0021864024816251747,0.0059935711352806275,0.00012100459068912486,0.00026135264765350696,0.0010396649170217312,0.004989248163614702,0.0028268426046500214,5.379350111368215e-06,0.007474473321497174,0.001548964689885691,0.11453619544606301,1.3048715970040522e-05,5.897892751509365e-06,0.016969849191486353,0.7690747026021145,0.00016078013887259576,0.0018431629208189042,6.634297341439785e-06,0.0010013008829034178,8.459612038073198e-07,0.006590143148863417,0.05091833673137961,0.005542856160835871,0.0005946586151372276,0.006294683392229011
54,0.008207803171120338,0.04662162812551548,0.00024344155084462938,0.00019542817413659012,0.0024006965301064734,0.00966820405578166,0.0029322618219769247,6.3316522271426635e-06,0.015088076229938885,0.0038278162577876115,0.16198298033787736,8.938928241145974e-05,1.4204682815265997e-05,0.040876578252664116,0.5289070428816794,0.00021873619398875656,0.004917958826788336,2.2198012908956964e-05,0.003309957048698408,1.0558647488725542e-06,0.013747275805708335,0.13496481492119822,0.004091768107667326,0.0005543601023001287,0.017109992109109316
55,0.014059843934611188,0.06829177297571071,0.0003849201977478783,0.0003818822779175563,0.005306005075446335,0.006978835188012389,0.003148738951994297,5.835340988921208e-06,0.017039452993750575,0.0028006741606109607,0.2881775664801536,0.0002515528938411019,2.442776371574955e-05,0.056149720015894876,0.388117003234959,0.00021711194419786077,0.006303782105858059,6.751043395062471e-05,0.0025594900265333512,1.0427061839723037e-06,0.018641275641374425,0.091195436608044,0.004267853823908933,0.0007420180520353489,0.024886247172558232
56,0.005487744546017511,0.015840069335800407,0.00042371612230390716,0.00037027592595511774,0.002039124109891828,0.007785998770583815,0.0015808215787546432,6.347479657343428e-06,0.007274470677362065,0.0025834881736432475,0.2346148813737568,4.22083924041144e-05,1.3511510318974876e-05,0.030315144351748157,0.578116885918379,0.00017123879121837688,0.003645233117656649,1.3960919712084423e-05,0.002237993916940448,1.0795770236531511e-06,0.013680476916431775,0.0829387737680319,0.004209065468718449,0.0008919465767761982,0.0057155426809134945
57,0.004418073103322888,0.01762933505600439,0.0005211124919802009,0.00020937279356108958,0.0021073761716197104,0.00713110733752335,0.001341720212344574,8.347953669062753e-06,0.0038276508586132622,0.00200961681676508,0.17862864126628608,7.605367307962226e-05,1.40450142212821e-05,0.025080312013919463,0.5664197085154606,0.00013718866672981483,0.0031276067996164137,1.1088281442319472e-05,0.005277893462461698,1.2495748669891248e-06,0.021681009395052027,0.15215759432557194,0.003226930883030858,0.0003794586451868394,0.004577506687670447
58,0.004930942354573603,0.011974040427240727,0.00039458560527562495,0.0003444196160564654,0.0016389728921688204,0.006834492639536771,0.0013275325305458388,5.353040038835199e-06,0.006865234823348166,0.0025570455895597734,0.2144058327067333,2.878597888173816e-05,9.612885908985826e-06,0.025785305258529328,0.6186256409186535,0.00014658389814745294,0.003055486040313679,1.1004727432835912e-05,0.0017944737814180323,9.890736730101626e-07,0.011987252736856049,0.07721816093186325,0.0038798292770171497,0.0011236185966749521,0.0050548036695520215
59,0.004908124751673767,0.011050414040295484,0.0004061655420524992,0.00035628557403060183,0.001666468997994305,0.006522765322705905,0.0012531436457339895,5.159581063889752e-06,0.006706271107232353,0.002656935114377347,0.21414606902606703,2.659642849797402e-05,8.721986619430877e-06,0.02541737158284073,0.6242783464874623,0.00014731791528421067,0.0029151613733505942,1.092999098429795e-05,0.0017139837592100634,9.88876490804421e-07,0.012086179139152118,0.0737550062228307,0.003814623844026678,0.0012118618225373098,0.004935107867485749
60,0.005333697736316346,0.014532594868268007,0.00040077627698233235,0.00035916740026470525,0.0019477878277716109,0.007659186906322127,0.001492372070530886,5.868691207814972e-06,0.007068205479956492,0.0025923365076836458,0.22113087239838583,3.759819205469841e-05,1.1210463357186824e-05,0.02965425447831264,0.5954803705262709,0.00016341289594095864,0.0034448679079759326,1.3135520640064802e-05,0.0020842914268566857,1.0505204585245402e-06,0.013984587943679828,0.08152118421762296,0.004341407975021231,0.0009131212857503468,0.005826640482368256
61,0.005266638279477569,0.011655996530341814,0.0004528871501848466,0.0003828489185474771,0.0017502435154659285,0.006938137467769671,0.0012576558523742809,5.653786925943309e-06,0.006489511556800634,0.0026401211249037653,0.2203273843768712,2.9154885930950707e-05,9.616636109401045e-06,0.02627715016009557,0.6132127374377478,0.00014975002381284073,0.0031279702950310585,1.18230682068451e-05,0.001828907059550681,1.027496697896388e-06,0.013013678123510246,0.07526779941820387,0.003894698441185352,0.0011674561461345687,0.004841152248119695
62,0.005333697736316346,0.014532594868268007,0.00040077627698233235,0.00035916740026470525,0.0019477878277716109,0.007659186906322127,0.001492372070530886,5.868691207814972e-06,0.007068205479956492,0.0025923365076836458,0.22113087239838583,3.759819205469841e-05,1.1210463357186824e-05,0.02965425447831264,0.5954803705262709,0.00016341289594095864,0.0034448679079759326,1.3135520640064802e-05,0.0020842914268566857,1.0505204585245402e-06,0.013984587943679828,0.08152118421762296,0.004341407975021231,0.0009131212857503468,0.005826640482368256
63,0.005366233706551335,0.015744473817560195,0.00039630639423229397,0.00034305147338845217,0.0019651313243192856,0.007644052168015688,0.0015080606050825551,5.798527965083355e-06,0.007310187763226173,0.002569305608390808,0.21914036631192454,3.8297892137998977e-05,1.131847382968189e-05,0.02920072450868673,0.595936694908403,0.000158438544420759,0.0034284124756829427,1.2778126851458296e-05,0.002098494839584974,1.0024616674666287e-06,0.013721314515321915,0.08248325590872795,0.0041396506182752625,0.0008867138761786008,0.00588993514957494
64,0.004597034137864905,0.01339885611666311,0.00039289534922889595,0.00033701764360223,0.0019084384763029952,0.006850192843324644,0.0013626960594594155,5.5741146472457836e-06,0.005518585435036643,0.0022990317623419227,0.2075117242123119,3.408738058899464e-05,9.290045915915453e-06,0.024488883474679358,0.6245999205027103,0.00013621727898397272,0.0026874564114325703,1.06084029946352e-05,0.002033457766361382,9.552218318999565e-07,0.017578745153292198,0.07432673065769915,0.004081690664440115,0.0007966414784115081,0.005033269409874125
65,0.0019478562879235973,0.00843595145448529,0.0003465017713603156,0.0002412049313353677,0.0011943199066525273,0.006754222213027259,0.000927401076142254,3.714599632694774e-06,0.0028868929216619584,0.0011459054047993978,0.15410812626083936,1.530473675371949e-05,6.157501254533705e-06,0.015173060065941291,0.7389568304895079,8.195661957631092e-05,0.001649049973769315,3.6031870500780625e-06,0.0013442450694076738,5.553282837900182e-07,0.010826307950943161,0.04837267479829206,0.002796783056386909,0.0005457705915115316,0.002235603803461735
66,0.00633414853191294,0.01553766185116971,0.0007229365701241773,0.0006116510225788928,0.0034165618538271065,0.005308938686115874,0.0010278401464211668,4.183011653181428e-06,0.005239863145023088,0.004048819744763516,0.3617628862178199,5.3827618618413986e-05,1.3524457866035411e-05,0.04953793609659148,0.4294446583136718,0.00015747122266645652,0.0034350240668086594,2.2332550593678634e-05,0.0016482500190030589,9.073073933367364e-07,0.02122123898660028,0.08138717423825485,0.002690236589676008,0.0012557548138967074,0.005116172936949751
67,0.001238023098807245,0.004776784175605457,0.00018447711155208783,0.00023360145015203091,0.0003724445614358513,0.030908278411659017,0.0010127072490800375,1.3438961461331931e-06,0.001261995251730011,0.0017032597418617163,0.1896733190360677,4.106002937057999e-05,6.750786631059315e-06,0.07072283968634648,0.5797371353772901,0.00013046584895645176,0.005479898218327942,1.5962448943410226e-05,0.0007757978359183374,2.522840328694646e-06,0.020405997420917244,0.07089382978588968,0.012521898690528834,0.0009607920195203656,0.006938815026933615
68,0.007082466053848539,0.015060443765981712,0.0005637273166256534,0.0008430883609138707,0.002196801909665334,0.01190138214128048,0.002582507373973053,9.108146982798228e-06,0.00711663978165718,0.003185584845475186,0.3257780608305764,9.758214444441703e-05,3.0217465178165006e-05,0.05893309448862127,0.43545011436925796,0.0003082745489664145,0.0076399980896655366,4.898802310928602e-05,0.00200117380145636,2.0138089494568907e-06,0.022590846139522277,0.07932059399959103,0.007719761709524715,0.0010256776631424945,0.008511853221590465
69,0.0037801946982629502,0.010804403483048064,0.00039151558802020235,0.0002592177614478329,0.0010667641933363979,0.01147701002209374,0.0012238915220043156,5.330847123048794e-06,0.002983352766719796,0.0021190331798125466,0.23157671520801115,4.8488251821794686e-05,1.2894192030555198e-05,0.02911346096621557,0.5708292100708507,0.00014506001495704436,0.003720778482594924,1.1622767117413073e-05,0.0029663398817406897,1.5127288614104128e-06,0.020974397851715298,0.09687799497944825,0.005090632453757947,0.0006853445692198854,0.0038348335197882677
70,0.004887489936312204,0.01308050808089556,0.00048489416367606867,0.000814111638514765,0.0025543281298127125,0.014683109291904868,0.0019548358755424483,7.627240883239749e-06,0.012741228127951924,0.0037276934373858756,0.23673206983452139,4.4960796807782254e-05,1.731771044404343e-05,0.05241393631619227,0.546338082977744,0.0003452156824765389,0.006682631491418806,2.1625583462995604e-05,0.0015179703898996271,1.925139227329543e-06,0.012506562495968971,0.07285141936907064,0.007371166386768835,0.0014246412467913596,0.006794648656325724
71,0.007141519036092855,0.01783303435774634,0.00031620898797893245,0.0003923713873587245,0.0025069761512149374,0.006305267658579675,0.001627870445979422,6.409202289762115e-06,0.010288887093407126,0.0028723839508765833,0.2573514014735756,4.91080867353138e-05,1.272399903778069e-05,0.03418086454987817,0.5418079091452453,0.00019974334885652142,0.003928600721886489,1.7891685524438524e-05,0.002092548350521665,1.0698630181728885e-06,0.014312025990904819,0.08221551858127792,0.005475714188463712,0.000989629444010453,0.008074322299539144
72,0.00769775110645288,0.01674490524194,0.0004768631763337269,0.001134720286339561,0.002949909566703579,0.01804230180427615,0.0021965749865053954,6.943307606373043e-06,0.013280120307716702,0.0034205635001825383,0.32099705799064376,3.126755062953552e-05,1.8639225678679024e-05,0.02214937363058848,0.5417457196088856,0.0005030757791748278,0.004649794276086968,1.7203445405753625e-05,0.0013029862684497014,1.046514603472373e-06,0.012680049390898661,0.01983741179800655,0.004769348787819418,0.0019330936054389129,0.0034132788436327262
73,0.010898710430729657,0.01544866383801848,0.00038322212821323117,0.0007407193250130873,0.0015599852610591488,0.020352508518353567,0.002341519839603148,1.177586923511172e-05,0.01781389182526494,0.0047379812564601635,0.2819082336869825,6.280048836324799e-05,2.69072831084872e-05,0.04956391501680084,0.4443818136256199,0.00046955673264213927,0.012405271999719157,3.7660872186395774e-05,0.00252467968372081,3.2439851421461342e-06,0.01660995955060439,0.08883189164779946,0.01623486409206421,0.0019210082718794312,0.010729214771416537
