,0,1,2,3,4,5,6,7,8,9,10,11,12,13,14,15,16,17,18,19,20,21,22,23,24
0,0.0008525421864825094,3.729435445129601e-06,4.075636156456729e-09,4.0585318238880926e-10,7.662884130198948e-08,4.0009722637096195e-10,7.545259995561227e-09,1.3112529978839168e-05,1.5524907827215386e-09,2.0742100142706662e-07,3.273324376140737e-09,0.00016884392326704185,2.335156494194427e-11,1.0931020973913348e-08,7.845040741847986e-06,5.084202116574184e-08,0.006940471804561205,6.888005090889709e-07,3.2617348851436734e-05,2.5258924428069238e-11,5.081262274908506e-06,0.9919719791080829,5.236186562849334e-08,3.773713338983656e-07,2.2957024485217154e-06
1,0.0008273306814391769,3.755245198378751e-06,4.337156712529633e-09,4.3508742132065204e-10,7.94151773222313e-08,4.884636121362386e-10,8.376845454465459e-09,1.4728379752925363e-05,2.0306618772657245e-09,2.6315713954457896e-07,3.1552483165332966e-09,0.00015479065483445156,1.9764872834246305e-11,1.2190884274960508e-08,8.935858534123234e-06,6.867433661812827e-08,0.0058359261938812764,6.272151512020797e-07,4.3522385977468826e-05,2.7945911435596205e-11,6.286397526622087e-06,0.993100569597832,5.082766963505617e-08,3.2592524336192046e-07,2.7083282474819804e-06
2,0.0008143469162999734,3.918679597359648e-06,3.3193044173790457e-09,3.755467941541849e-10,7.67685684323975e-08,4.346753402274897e-10,6.446705678946015e-09,1.1072568418143837e-05,1.3644144654215964e-09,1.9530027531872825e-07,3.023510816588254e-09,0.000135473104933076,1.6698531105029836e-11,1.1383952405682546e-08,1.075901496724392e-05,5.329003825891658e-08,0.006929775500471455,6.218645345242412e-07,2.962092140720711e-05,1.8612498555437062e-11,5.810693248774522e-06,0.9920551303091228,6.706402770046949e-08,3.5785117220406655e-07,2.6937694964041095e-06
3,0.0008076456885025514,3.886223313085703e-06,3.6361478019922635e-09,3.9320402293454323e-10,7.304350069716364e-08,3.6481705820231807e-10,6.853256454124823e-09,1.2600492807199094e-05,1.3311028257060125e-09,2.053007040349893e-07,3.0181473385012196e-09,0.00015088409564788867,1.9563502785474926e-11,1.0107480616449246e-08,7.891856653460433e-06,4.440864483048183e-08,0.00740966572420778,7.127623305593227e-07,2.866058101709767e-05,2.124889425484364e-11,5.37253046905879e-06,0.9915695073867319,5.3185038664643614e-08,3.95815609734903e-07,2.3751598529682554e-06
4,0.0008158781388995426,4.059309995424616e-06,3.9145364589221696e-09,4.080762143363177e-10,7.91909617169992e-08,4.0815789043877565e-10,7.184012367732349e-09,1.1929036269729531e-05,1.388700454221035e-09,2.067609058815285e-07,3.2860257874948113e-09,0.00015859742236476798,2.2462365511797416e-11,1.1233826541952654e-08,8.00292955201952e-06,4.5285852763337e-08,0.0072918680741117905,7.793156826557638e-07,2.8197218070486064e-05,2.2457148464555725e-11,5.430543457829792e-06,0.9916720697206833,5.678977395232889e-08,4.1262578698129606e-07,2.3597693761221914e-06
5,0.0008243368667808179,4.111388194403792e-06,3.82854492062937e-09,4.704245297047148e-10,8.036417406776634e-08,3.837280235481867e-10,7.420319985911208e-09,1.4336533982053251e-05,1.3106101329599902e-09,2.390496024956322e-07,3.195784708969245e-09,0.000156426874517256,2.2104824851803814e-11,1.0413101043064858e-08,7.659108687370723e-06,4.586884494527671e-08,0.008275980170784172,8.516923655647131e-07,2.7852555152836062e-05,2.3490599072671876e-11,5.913679287036608e-06,0.9906791248537733,5.8929277855873215e-08,4.7329773365374185e-07,2.4816987333718672e-06
6,0.0008076456885025514,3.886223313085703e-06,3.6361478019922635e-09,3.9320402293454323e-10,7.304350069716364e-08,3.6481705820231807e-10,6.853256454124823e-09,1.2600492807199094e-05,1.3311028257060125e-09,2.053007040349893e-07,3.0181473385012196e-09,0.00015088409564788867,1.9563502785474926e-11,1.0107480616449246e-08,7.891856653460433e-06,4.440864483048183e-08,0.00740966572420778,7.127623305593227e-07,2.866058101709767e-05,2.124889425484364e-11,5.37253046905879e-06,0.9915695073867319,5.3185038664643614e-08,3.95815609734903e-07,2.3751598529682554e-06
7,0.0010286610691021454,5.284555813838143e-06,4.999250228531159e-09,4.4403668532004007e-10,6.001298231761709e-08,3.445334471053639e-10,1.0705524449453445e-08,1.4046714698023505e-05,1.7134533293977747e-09,2.040268453116593e-07,4.553320378834752e-09,0.00017098639569225908,3.3094201025856775e-11,9.983093467916376e-09,7.475512595832611e-06,3.623116145756925e-08,0.008566570826080228,9.501385474701045e-07,2.672942588518393e-05,3.2584562983460875e-11,4.68382049147041e-06,0.9901711680416865,4.909146546729412e-08,5.628661942550483e-07,2.4984618676347184e-06
8,0.0012553255613524722,5.032333472845733e-06,4.852901356018268e-09,6.054813301556314e-10,8.892117227854064e-08,3.300624002325753e-10,8.872101515836956e-09,2.1706903720949188e-05,1.5359544032223388e-09,3.1260340556617953e-07,2.624044828621654e-09,0.0001603195130173393,2.4410928781906852e-11,1.0574749189286782e-08,1.0112478002501109e-05,6.801541200740364e-08,0.013230533893801489,7.905104201161968e-07,3.430068723569165e-05,2.629720811890958e-11,7.200565453010473e-06,0.9852692690476977,7.668759012147453e-08,7.825942518686913e-07,4.0502379911961365e-06
9,0.0013333683295962755,5.992222819333597e-06,6.3209250214949864e-09,6.584861980627923e-10,8.971160578627085e-08,2.9552446183929326e-10,1.0367612585911105e-08,2.4146127967910308e-05,1.7567069494827231e-09,3.0409920720464455e-07,3.174598611522835e-09,0.00019082813307853274,3.6629917016014454e-11,1.060826806013268e-08,8.541706489046247e-06,5.551611553231645e-08,0.01500952895400672,9.118198890800809e-07,3.37088044341669e-05,3.5316206240656956e-11,6.242673490640525e-06,0.9833812663902977,6.598880259921535e-08,9.626421009587426e-07,3.9536260305674895e-06
10,0.0008076456885025514,3.886223313085703e-06,3.6361478019922635e-09,3.9320402293454323e-10,7.304350069716364e-08,3.6481705820231807e-10,6.853256454124823e-09,1.2600492807199094e-05,1.3311028257060125e-09,2.053007040349893e-07,3.0181473385012196e-09,0.00015088409564788867,1.9563502785474926e-11,1.0107480616449246e-08,7.891856653460433e-06,4.440864483048183e-08,0.00740966572420778,7.127623305593227e-07,2.866058101709767e-05,2.124889425484364e-11,5.37253046905879e-06,0.9915695073867319,5.3185038664643614e-08,3.95815609734903e-07,2.3751598529682554e-06
11,0.0008244908388558161,4.026278777561319e-06,3.823510860777859e-09,4.0944844462008356e-10,7.517006938804728e-08,3.794775623344951e-10,7.189168487558533e-09,1.2677923469755603e-05,1.373051971929084e-09,2.0882660357833018e-07,3.1888939606500118e-09,0.00015600470929773283,2.1474655302843763e-11,1.054670209489345e-08,7.953539411258947e-06,4.469823150089362e-08,0.007552392909761752,7.538506583848075e-07,2.8274023787976753e-05,2.244811833884653e-11,5.394424309200346e-06,0.9914048035251649,5.532661959321443e-08,4.1788223438653616e-07,2.399118571286729e-06
12,0.0009149247131476667,4.145154994596188e-06,4.104189326238517e-09,4.3280676320520997e-10,6.738274404217165e-08,3.737491441742498e-10,8.526972446758375e-09,1.5685901890160996e-05,1.8110552821668302e-09,2.3367767123644108e-07,3.3729295570329908e-09,0.00015221848695981516,2.0117870201606975e-11,9.771100754127425e-09,8.938529630466303e-06,5.0872181768011174e-08,0.007531154455843126,6.742789110223619e-07,3.6350343110314834e-05,2.6054429148415464e-11,5.9627237515073905e-06,0.9913263140278686,4.9954788235876605e-08,4.1078192104961004e-07,2.790275610498458e-06
13,0.0007936599460172554,3.7730719432761796e-06,3.66161787325281e-09,3.784659734119689e-10,7.13868038669983e-08,3.559075440301324e-10,6.715272020266922e-09,1.2195165899221367e-05,1.3332184124020295e-09,1.9146691622703632e-07,3.100053788831521e-09,0.00015423997174151055,1.917616106628461e-11,1.0016480326090714e-08,7.883992329166842e-06,4.29283632538776e-08,0.007330650240530154,6.892786010238207e-07,2.8421440069842032e-05,2.1069087635537483e-11,5.2784829525570406e-06,0.9916601426932204,5.1560803206728014e-08,3.7842049315580293e-07,2.304352054705631e-06
14,0.0006990556283657588,5.387658361838754e-06,3.532415669551118e-09,4.660204512381645e-10,9.113661792338903e-08,4.735646555466299e-10,7.800612054366858e-09,1.4427259783754419e-05,1.4015709944500214e-09,3.1403275490345646e-07,3.4870702532044176e-09,0.00013122492948002134,2.2790820705530958e-11,1.0515169565931544e-08,7.903833847207486e-06,4.5762985388189e-08,0.006710449506253436,8.883334547802014e-07,3.119204479605241e-05,2.4133083243574754e-11,6.322074896293061e-06,0.9923897132527119,5.480023971999424e-08,4.770801181800336e-07,2.4249419853643953e-06
15,0.0008076456885025514,3.886223313085703e-06,3.6361478019922635e-09,3.9320402293454323e-10,7.304350069716364e-08,3.6481705820231807e-10,6.853256454124823e-09,1.2600492807199094e-05,1.3311028257060125e-09,2.053007040349893e-07,3.0181473385012196e-09,0.00015088409564788867,1.9563502785474926e-11,1.0107480616449246e-08,7.891856653460433e-06,4.440864483048183e-08,0.00740966572420778,7.127623305593227e-07,2.866058101709767e-05,2.124889425484364e-11,5.37253046905879e-06,0.9915695073867319,5.3185038664643614e-08,3.95815609734903e-07,2.3751598529682554e-06
16,0.0007980112948311981,3.8319569514316075e-06,3.667999035647048e-09,4.234064880184144e-10,7.250899308471922e-08,4.0109617692437294e-10,7.4199601713835644e-09,1.3425625728208398e-05,1.3783771210403278e-09,2.4344588554854253e-07,3.096024093186697e-09,0.00014956093412809627,1.822133484675061e-11,1.0029998604096874e-08,7.848063506219675e-06,5.014969555619928e-08,0.0071617879794817,7.767664203927715e-07,2.9373641590992778e-05,2.257673877875706e-11,6.275340627620092e-06,0.9918257758361481,5.2907453647888236e-08,4.0292255892966924e-07,2.484168339592136e-06
17,0.0008114776539857743,3.828169314823716e-06,3.7777446801984175e-09,4.1517693596765144e-10,7.501839694731909e-08,3.774534763453852e-10,7.020806957224376e-09,1.2788493879060834e-05,1.3444387199970838e-09,2.086923443643922e-07,3.0930653709471807e-09,0.00015566947704041167,2.033870205815329e-11,1.0530087366555419e-08,7.818947674381557e-06,4.5339076280980434e-08,0.007538627536382003,7.529536005898345e-07,2.7968736441592838e-05,2.2174766957060755e-11,5.521777734461878e-06,0.9914323269024917,5.542208101037811e-08,4.072908691998935e-07,2.4009874005755724e-06
18,0.0007179179477010228,3.839618343181292e-06,3.791580091204869e-09,4.3294588493218816e-10,8.428125281363166e-08,4.76148988347454e-10,7.352589035257648e-09,1.3596852798837268e-05,1.6527676787841287e-09,2.2532740126040293e-07,3.4830824214493966e-09,0.00014479776452723755,1.954066158704621e-11,1.1799273850507853e-08,8.968736787727359e-06,5.3961429420231505e-08,0.005918783815394404,6.48018528470918e-07,3.601725405770907e-05,2.5323599996676304e-11,5.862741449138144e-06,0.9931464402604145,5.5632422659887854e-08,3.274654845376707e-07,2.3512887547087335e-06
19,0.0007080463754606627,3.635271176531244e-06,4.2082531147006886e-09,4.2461441387210823e-10,8.198129514763404e-08,3.6340694479548603e-10,6.5552949144142396e-09,1.3395563112304381e-05,1.3855986937944032e-09,1.9911142790003254e-07,3.1666729949901685e-09,0.0001793437057645895,2.3056282930546955e-11,1.0713105463259556e-08,6.513166000495567e-06,4.025572890936393e-08,0.007216673833745822,7.35791171744281e-07,2.8017938434519095e-05,2.5430278289065666e-11,5.079897964878291e-06,0.9918356852886949,4.760487271384308e-08,3.760825217356502e-07,2.1012671938012813e-06
20,0.0006818011492784506,3.613826811234367e-06,3.1546209006520176e-09,3.7426977970787475e-10,7.707457626976469e-08,3.2266268466592674e-10,5.6351184531420474e-09,1.3054766879898503e-05,1.1750859995519265e-09,1.9127336116733494e-07,2.713429011566948e-09,0.00013629882908910147,1.5417427213157353e-11,9.291793105867981e-09,7.791614500826428e-06,3.857542822621546e-08,0.00734238011196424,6.203590817796528e-07,2.764683077989728e-05,1.751344689134134e-11,5.560998479901848e-06,0.9917782940428589,5.143798998384412e-08,3.675487129050062e-07,2.1888602963750263e-06
21,0.0009428623983096333,3.6728451598775365e-06,4.739378478155413e-09,4.546779109772243e-10,7.635444507888826e-08,4.5691461289939335e-10,8.506375499228999e-09,1.2804231198914124e-05,1.5502813524484463e-09,2.4377323732049615e-07,3.3386327215522973e-09,0.00019759803459203673,2.574832111075507e-11,1.2031744247653378e-08,7.657170408553362e-06,6.285254624336982e-08,0.007535811912424465,8.578563071761903e-07,2.9477253833122492e-05,2.8971052032421797e-11,5.903433410247652e-06,0.9912598753011661,5.7867809121001927e-08,4.2684292683047017e-07,2.5807395010468987e-06
22,0.000799615793179618,3.6240701003733235e-06,3.93394972299532e-09,3.9809396375951456e-10,7.355180490175323e-08,3.648111444792261e-10,7.265600092854169e-09,1.2455155692409023e-05,1.2702908536135059e-09,2.0151308082732544e-07,3.227663912899319e-09,0.00015248399122625317,1.825516594541075e-11,1.0491886752272972e-08,7.486511782576005e-06,4.749594468641677e-08,0.007312417697584855,7.544387191432611e-07,2.836493020196708e-05,2.1874623024983634e-11,5.983397275402998e-06,0.9916737926593535,5.215952779515928e-08,3.999944509378423e-07,2.2196476487096984e-06
23,0.0008076456885025514,3.886223313085703e-06,3.6361478019922635e-09,3.9320402293454323e-10,7.304350069716364e-08,3.6481705820231807e-10,6.853256454124823e-09,1.2600492807199094e-05,1.3311028257060125e-09,2.053007040349893e-07,3.0181473385012196e-09,0.00015088409564788867,1.9563502785474926e-11,1.0107480616449246e-08,7.891856653460433e-06,4.440864483048183e-08,0.00740966572420778,7.127623305593227e-07,2.866058101709767e-05,2.124889425484364e-11,5.37253046905879e-06,0.9915695073867319,5.3185038664643614e-08,3.95815609734903e-07,2.3751598529682554e-06
24,0.0007134454081983211,4.126274035795713e-06,3.979060882716507e-09,4.815530983248974e-10,8.780642625421494e-08,4.3791897149936375e-10,7.226641135965971e-09,1.389435985814533e-05,1.3634061610221907e-09,2.502432472689285e-07,3.2955595646075704e-09,0.00015796944375924977,2.3058670328132284e-11,1.1552908612702288e-08,7.141607229672987e-06,4.6615163166315455e-08,0.007064872546239966,8.553631880686217e-07,2.9058443088707172e-05,2.5990161887103516e-11,5.765465348979962e-06,0.9919996763106798,5.619362026963225e-08,4.1153090471058873e-07,2.31400291469156e-06
25,0.0008360643944486485,3.741822338267089e-06,5.230460227719854e-09,5.591296247459035e-10,7.767571300606796e-08,2.880176246696606e-10,9.228001799804434e-09,2.0522214397220905e-05,1.5093261497673948e-09,2.0055950156875047e-07,4.377824690084732e-09,0.000195836308399269,2.8011310114259268e-11,1.0009519550369637e-08,6.666931699524254e-06,4.1278302667668266e-08,0.009930826948965061,8.185432332812249e-07,3.137323289805018e-05,3.481177721348816e-11,5.655698611799944e-06,0.9889654990056947,5.17486224209866e-08,5.21650689629522e-07,2.0707213824164393e-06
26,0.0012202618564688716,4.556589531627271e-06,4.385458005934315e-09,4.409919014963826e-10,6.872590451402004e-08,2.362522848996779e-10,7.509528835396089e-09,1.467682549207971e-05,1.1352064321853953e-09,1.852093552651671e-07,2.911134082238986e-09,0.0001911400549397758,3.041370878344422e-11,8.402490568543659e-09,6.7708665932091105e-06,3.3250332167326975e-08,0.013932367219195267,9.325788105547793e-07,2.239419099105842e-05,2.1522849345723233e-11,4.581685383240501e-06,0.9845985317535904,5.720282611654547e-08,7.480468522871681e-07,2.6688707349044333e-06
27,0.0025750773187983907,9.601252981288565e-06,2.0449942337588623e-08,2.0345335941875006e-09,3.3251468182985506e-07,3.8829248341742845e-10,2.470007872046682e-08,2.742308100205799e-05,6.964503422229571e-10,2.353395409691443e-07,3.000277206964053e-08,0.0018583478160909721,2.83136166552939e-10,3.260627086083715e-08,5.028496812689355e-06,6.413950102154642e-08,0.07316833472058376,6.649138236119695e-06,4.184267377650867e-05,7.252210754654702e-11,1.7636814263608517e-05,0.9222837141700332,2.4821169090049773e-07,3.2706931353936675e-06,2.0823848724560797e-06
28,0.0008076456885025514,3.886223313085703e-06,3.6361478019922635e-09,3.9320402293454323e-10,7.304350069716364e-08,3.6481705820231807e-10,6.853256454124823e-09,1.2600492807199094e-05,1.3311028257060125e-09,2.053007040349893e-07,3.0181473385012196e-09,0.00015088409564788867,1.9563502785474926e-11,1.0107480616449246e-08,7.891856653460433e-06,4.440864483048183e-08,0.00740966572420778,7.127623305593227e-07,2.866058101709767e-05,2.124889425484364e-11,5.37253046905879e-06,0.9915695073867319,5.3185038664643614e-08,3.95815609734903e-07,2.3751598529682554e-06
29,0.0008076456885025514,3.886223313085703e-06,3.6361478019922635e-09,3.9320402293454323e-10,7.304350069716364e-08,3.6481705820231807e-10,6.853256454124823e-09,1.2600492807199094e-05,1.3311028257060125e-09,2.053007040349893e-07,3.0181473385012196e-09,0.00015088409564788867,1.9563502785474926e-11,1.0107480616449246e-08,7.891856653460433e-06,4.440864483048183e-08,0.00740966572420778,7.127623305593227e-07,2.866058101709767e-05,2.124889425484364e-11,5.37253046905879e-06,0.9915695073867319,5.3185038664643614e-08,3.95815609734903e-07,2.3751598529682554e-06
30,0.0008076456885025514,3.886223313085703e-06,3.6361478019922635e-09,3.9320402293454323e-10,7.304350069716364e-08,3.6481705820231807e-10,6.853256454124823e-09,1.2600492807199094e-05,1.3311028257060125e-09,2.053007040349893e-07,3.0181473385012196e-09,0.00015088409564788867,1.9563502785474926e-11,1.0107480616449246e-08,7.891856653460433e-06,4.440864483048183e-08,0.00740966572420778,7.127623305593227e-07,2.866058101709767e-05,2.124889425484364e-11,5.37253046905879e-06,0.9915695073867319,5.3185038664643614e-08,3.95815609734903e-07,2.3751598529682554e-06
31,0.0008804938902015096,4.3731695376268525e-06,4.7558910482595215e-09,5.167135514162411e-10,8.907315473130568e-08,2.9996039020605555e-10,7.555003766666274e-09,1.9109793884849403e-05,1.3812113624899473e-09,2.622582154878174e-07,2.607158692182627e-09,0.00016921967330146574,2.6072219582509723e-11,1.044644371585173e-08,6.44500525890612e-06,4.7426798319269244e-08,0.009745487425842704,7.684100400943356e-07,3.191945075453953e-05,2.7403787025419424e-11,5.433492735915899e-06,0.9891331265815121,5.2437170670303556e-08,5.639371893928768e-07,2.5803585430292997e-06
32,0.0008038363892991595,3.849155198614967e-06,3.6629844219705576e-09,3.8509026424654393e-10,7.363390093993836e-08,3.79202647070878e-10,6.887576150529346e-09,1.2552116143231183e-05,1.4183720244351202e-09,2.071733012677272e-07,2.9985411630606415e-09,0.00014870125964011282,1.8855485544349245e-11,1.0389345556209448e-08,8.222522710515847e-06,4.726604828745719e-08,0.007019757231584008,6.709493829676623e-07,3.1232474121451255e-05,2.1272562216696735e-11,5.465808236095373e-06,0.9919625248766396,5.2384872547142455e-08,3.6956583987794053e-07,2.4110318410108196e-06
33,0.0006904955477400024,3.736805716299063e-06,3.176421818107561e-09,3.358013143988185e-10,7.641185338046304e-08,3.171699508069199e-10,5.537091041996755e-09,1.0534573072586423e-05,9.64569183638944e-10,1.702645612427556e-07,2.6751592676124436e-09,0.00013870600537893528,1.874450346874769e-11,9.912731068969816e-09,6.535241040400534e-06,3.5393323950264855e-08,0.006956175127803237,6.890182989610715e-07,2.371449930720154e-05,1.724457960052696e-11,4.403328561899889e-06,0.9921624468285356,5.0757286305101044e-08,3.722980868055879e-07,1.8349445003220174e-06
34,0.0008283336526746113,3.898905324781142e-06,3.6606558912532052e-09,3.8754715874074644e-10,7.13120057899765e-08,3.71878041112623e-10,7.022875668354398e-09,1.2546117051577335e-05,1.4083303733112743e-09,2.068570650820974e-07,3.006893800406066e-09,0.0001495371301282031,1.9441978690268793e-11,1.0140236042162906e-08,8.067398495618286e-06,4.547963923954565e-08,0.00720756144132611,6.987245468801487e-07,2.9814197616029968e-05,2.140986751775738e-11,5.3727544749225284e-06,0.9917509434888114,5.21746963184448e-08,3.867257880273275e-07,2.4376010867283857e-06
35,0.000651900202799299,4.182356998307319e-06,3.715818610941292e-09,3.40028214974059e-10,1.10828451565611e-07,5.224847672288476e-10,5.599154182919307e-09,8.370918223831669e-06,1.1000048788534232e-09,1.53846583721696e-07,4.1329036795107466e-09,0.00014849253769857286,1.7130371189978068e-11,1.507598120064871e-08,1.360427633493959e-05,5.948401411455869e-08,0.006758579139848155,5.69127313805388e-07,2.9290429406566368e-05,1.6899277617221333e-11,6.765116713821963e-06,0.9923753465683366,8.702262717632477e-08,3.331725925682537e-07,2.1244516517426524e-06
36,0.0006486268517522676,4.317386530844966e-06,2.7213947812572443e-09,4.5239490602216803e-10,6.672450964096626e-08,7.875732083678319e-10,9.310820302119436e-09,1.0287579116635373e-05,1.4416879865653318e-09,2.7857027663429235e-07,4.553283708327314e-09,0.00010212078694382998,1.6446992462202458e-11,1.1964221529692684e-08,8.975387180567614e-06,5.3253387853040225e-08,0.0038654233258534456,1.0085944606620928e-06,2.6051236496907888e-05,2.708650554932848e-11,6.557895946358058e-06,0.9953236692418151,6.140216819581852e-08,2.964227838315019e-07,2.174065867264549e-06
37,0.0007543506382089958,3.9586133137340184e-06,3.5757980982204684e-09,4.298558789625796e-10,8.078124142433026e-08,4.057547731480598e-10,6.795242495493926e-09,1.3561228843484021e-05,1.420465881071244e-09,2.2488573443475542e-07,3.17269804799531e-09,0.00015031475016143492,1.950687722288107e-11,1.0482092238811507e-08,8.47872261274571e-06,4.651416141331292e-08,0.00727578019035143,7.150772375652183e-07,3.0454767924697396e-05,2.2059589175871695e-11,5.8627856221738185e-06,0.991753229877057,5.677788177685386e-08,3.904845717267279e-07,2.4675816018798186e-06
38,0.0007999807363467954,4.019756262930691e-06,3.913356396463333e-09,4.3777930538359443e-10,7.852038203052221e-08,3.204926882707102e-10,6.619619266333981e-09,1.4895880970706437e-05,1.3372642970057606e-09,2.114074268109903e-07,2.917986099132212e-09,0.00016270316815334107,2.1773325786370335e-11,9.744390631876384e-09,7.20833287313906e-06,4.04147826000195e-08,0.008635170493701674,7.250327632170162e-07,2.9030800019376102e-05,2.305926248691406e-11,5.1960869724347454e-06,0.9903377687753954,5.144015159763201e-08,4.4364322152453606e-07,2.4501748552900912e-06
39,0.0008051864877427347,3.7502226588834824e-06,3.8879541099206195e-09,4.304782584906735e-10,7.902655758501964e-08,3.9239647655719007e-10,7.112827068328247e-09,1.3878548498794811e-05,1.43557877897416e-09,2.257814532964196e-07,3.0623015116684985e-09,0.00015841564172252678,1.9600247853034404e-11,1.0630721207614882e-08,8.117024887818123e-06,5.121985720076444e-08,0.007425371756147055,7.089835624788073e-07,3.1387464749291897e-05,2.3222286907395337e-11,5.96343237575717e-06,0.9915439122697515,5.49840200700388e-08,3.952746455564073e-07,2.474886289826201e-06
40,0.0006776012727751945,2.9502056990545377e-06,2.5822679635994392e-09,1.5527975211874055e-10,3.9159078636467934e-08,2.806621986935649e-10,4.499091256041011e-09,4.910039398018176e-06,9.52288672105724e-10,9.108950653398864e-08,2.2880251095941363e-09,0.00011471497318899948,9.933479351271937e-12,8.194006583533523e-09,6.640188705493008e-06,2.7303707842644135e-08,0.004149520430734899,4.573800693784197e-07,1.9512451689996907e-05,1.1490982917162168e-11,3.3314481042566743e-06,0.9950183389911238,3.0095151539187635e-08,1.8453460106560057e-07,1.6314634192537166e-06
41,0.0008197134493458697,3.979039836195646e-06,3.731283944395264e-09,3.97253815780884e-10,7.589927470539253e-08,3.8939588110821426e-10,6.9181680232879195e-09,1.2806148348639795e-05,1.4428487057193183e-09,2.1540158561245807e-07,2.9367167519552738e-09,0.0001485086208421158,1.9335186106806347e-11,1.0555343634648676e-08,8.42764440587711e-06,4.86369606873285e-08,0.0071413689004371055,6.763265575236333e-07,3.084976651322183e-05,2.1760326187712034e-11,5.55470062760416e-06,0.9918247646180376,5.3991224769655444e-08,3.8719935338971616e-07,2.543244542708721e-06
42,0.0011057021240222272,5.789601464621345e-06,4.189148755837658e-09,5.208014769629385e-10,7.803796139046155e-08,5.47526993994638e-10,8.65833002015468e-09,8.897195857117925e-06,1.393375798692255e-09,2.21137147466791e-07,4.314066086996131e-09,0.00020287842161141717,4.921148076475566e-11,1.2934654776637361e-08,7.5054916819746225e-06,3.1263407742730026e-08,0.009846559391047496,1.7633209668668926e-06,1.7014639767004988e-05,2.5845875429382125e-11,4.517116469462265e-06,0.9887951614398826,7.87979743306984e-08,6.800966077807838e-07,3.0892911689705214e-06
43,0.0012591683541914591,4.62644884558423e-06,5.539026033142445e-09,2.994088429231374e-10,4.222320649320692e-08,1.9103001477901038e-10,8.176722834449823e-09,9.215757652051755e-06,1.243294457335732e-09,9.415916994275182e-08,3.5002294427743634e-09,0.00020399591134395562,3.594555303788299e-11,9.567928435369785e-09,6.1556981171800996e-06,2.3649333507605457e-08,0.011087057844766856,7.853277221543184e-07,1.941263788052443e-05,2.5951558750051367e-11,2.637774444075797e-06,0.9874039579234648,4.2362454033379356e-08,5.000646336633868e-07,2.255283236544497e-06
44,0.0008076456885025514,3.886223313085703e-06,3.6361478019922635e-09,3.9320402293454323e-10,7.304350069716364e-08,3.6481705820231807e-10,6.853256454124823e-09,1.2600492807199094e-05,1.3311028257060125e-09,2.053007040349893e-07,3.0181473385012196e-09,0.00015088409564788867,1.9563502785474926e-11,1.0107480616449246e-08,7.891856653460433e-06,4.440864483048183e-08,0.00740966572420778,7.127623305593227e-07,2.866058101709767e-05,2.124889425484364e-11,5.37253046905879e-06,0.9915695073867319,5.3185038664643614e-08,3.95815609734903e-07,2.3751598529682554e-06
45,0.0007109660998446673,3.6582354699541286e-06,3.282869328856487e-09,3.602986217108526e-10,6.039528290564238e-08,4.052366662699122e-10,6.07616258800776e-09,9.63072580265284e-06,1.1435860380065068e-09,2.136572601584548e-07,2.7777464193593218e-09,0.000147400432942812,1.5398457519578943e-11,9.627513783709852e-09,6.814299210319898e-06,4.1360178235207336e-08,0.006431310697868729,8.447797692748995e-07,2.2476090846344993e-05,2.0180472320875957e-11,5.542761796071597e-06,0.9926581333309837,4.613625227784687e-08,3.2409175479971387e-07,2.513195744934964e-06
46,0.00031232806703543917,3.0070426537354594e-06,1.6849980358409853e-09,2.2847183839499045e-10,4.258517905891981e-08,9.702739169521348e-09,1.7844297687234778e-08,4.842142531978655e-06,1.02324047686543e-08,7.510448407948637e-07,3.322836800016593e-09,3.2363070316614444e-05,4.4008245929759216e-12,3.565124755922009e-08,2.1814098445846406e-05,3.8649248598716796e-07,0.00013506831934375266,3.563017205476248e-07,0.00013071608735052678,3.9920458155273235e-11,9.624105943689795e-06,0.9993460960739955,3.900322573092862e-08,1.8428952674875328e-08,2.468424661161997e-06
47,0.00028875475458303625,3.4582566628847814e-05,2.6939114378074808e-08,1.0971331894831348e-07,1.564317052555818e-05,1.7948286226503368e-08,4.552066134875026e-08,0.0013797618230612966,5.4936581017430535e-08,1.0248025467206734e-05,8.01859955969243e-08,0.00019933490573504904,3.249702880554113e-10,2.929619878137785e-07,0.00022540118064255605,6.799881772959961e-07,0.029234613036998945,3.060545475958126e-06,0.0011695402224174544,6.040060029351332e-10,0.0002783172767385352,0.9671251537762484,4.263449815423401e-06,3.903089339031832e-06,2.6113053224114642e-05
48,0.0008385341100793996,2.0338025810417056e-06,9.906308857617944e-09,6.051287122246772e-10,6.549882580126628e-08,3.584366867259647e-09,8.413597968413724e-09,5.60536442575412e-06,6.444713117712642e-09,2.1002523557240677e-07,8.852026856368856e-09,0.0004259202071250596,1.5752930608854674e-11,2.837620358971562e-08,1.073094023873218e-05,1.0874432408908205e-07,0.001507610822191788,1.883253951945419e-06,2.0675959011924395e-05,9.370239884586734e-11,1.2063696992226292e-05,0.9971678747724664,3.623142468530917e-08,1.0354208369763739e-07,6.476737240695393e-06
49,0.0022453182500054773,1.0034975390689683e-05,4.003649919100635e-09,5.231014732167661e-10,6.117462990605013e-08,2.1756188285091114e-10,1.5114726436117216e-08,3.151021245942687e-05,2.1448202775248693e-09,4.0752151413499066e-07,2.726990501921991e-09,8.822221556193954e-05,2.343087799195811e-11,7.428605209032213e-09,1.689295966257088e-05,6.5151131040081e-08,0.01853182302900429,6.874793372402738e-07,5.8893986551214345e-05,1.8812216891434446e-11,7.5235341378335275e-06,0.9790009588873849,7.886667475687552e-08,1.4523350364599602e-06,6.037219819470439e-06
50,0.000810688025627557,3.906055445697853e-06,3.6530777816246845e-09,3.9390041548540286e-10,7.349106187927343e-08,3.5810321982924196e-10,6.744019570094436e-09,1.249817022918137e-05,1.3031601972044256e-09,2.002170686624625e-07,3.0671479315647695e-09,0.00015463330616329193,1.9886023812101498e-11,1.0013365518681562e-08,7.918668874839486e-06,4.307371294543257e-08,0.007710350143409942,7.213998917517906e-07,2.7904326679910004e-05,2.1056169172663656e-11,5.3577069983193625e-06,0.9912628468543698,5.3882133945180996e-08,4.0493459325155343e-07,2.374170022121073e-06
51,0.0009649441411756363,4.363843022097078e-06,3.925472936084969e-09,3.918252288244691e-10,9.495466796403591e-08,3.8690819210120477e-10,6.1450843580374115e-09,1.2603415185089423e-05,1.3776313923539779e-09,2.0530849950672432e-07,2.799624409174936e-09,0.00016452602281125122,2.1553414389269457e-11,1.1441124045262577e-08,1.0992366603818065e-05,6.132772885278992e-08,0.009196067215865668,5.758874807436321e-07,3.429688331946643e-05,1.966858273939158e-11,5.5287177559532376e-06,0.9896021846479438,7.020656374198835e-08,4.5493584181317807e-07,3.0036166419709327e-06
52,0.000783596211699688,3.7597780229960676e-06,3.44545481656907e-09,3.912450545198182e-10,6.836929697731504e-08,4.229524288366612e-10,7.1516355874907285e-09,1.1253425010347764e-05,1.3498048793848726e-09,2.0985629431801122e-07,3.1421414499062847e-09,0.0001448606551494606,1.954943909488201e-11,1.0464499691459728e-08,7.577990338141181e-06,4.374264831796588e-08,0.006360904644253734,7.952595945428215e-07,2.612578722764347e-05,2.1838553716340153e-11,5.265839704041e-06,0.9926527852167737,5.2920789469676616e-08,3.6424488792561016e-07,2.3096491867161107e-06
53,0.0010380071124776612,4.29610831682825e-06,3.986448572559098e-09,4.4356423496896533e-10,5.226856888279473e-08,4.968103048119326e-10,1.170037389111301e-08,1.2163965944758918e-05,1.8151722346110094e-09,2.1479727043534409e-07,4.396745442460608e-09,0.00012950160243029734,2.1542455534236424e-11,1.191599916576384e-08,1.0418383579430523e-05,5.544373145235759e-08,0.006182101758392867,8.717199244536037e-07,2.779404202896311e-05,2.914545758433549e-11,5.719460773946435e-06,0.9925854973820323,6.622522368706857e-08,4.11045499347578e-07,2.7938780030205333e-06
54,0.000900269504536997,3.8651243850774005e-06,3.2808690418367015e-09,2.665890634861484e-10,4.296597955109419e-08,4.150550536989355e-10,7.362551538243554e-09,8.213897467990943e-06,1.5076085571816115e-09,1.930535905582516e-07,2.371039859978073e-09,0.0001204186501877288,1.3989787689288425e-11,1.011371703552397e-08,8.83294204707263e-06,5.3044574033540075e-08,0.004797613683833437,5.867933726193648e-07,2.557690694020062e-05,1.9818894549003867e-11,4.571397337944127e-06,0.9941265377235073,4.3363370006749597e-08,2.6912372156745153e-07,2.8864739086913953e-06
55,0.0008363334350476414,3.8737201694271296e-06,3.726747856844642e-09,3.9236534681794783e-10,6.856679056221834e-08,3.576093648385053e-10,7.013472985388448e-09,1.2473162992248325e-05,1.3731216962549795e-09,2.0406503433147976e-07,3.016054083660379e-09,0.00015869123645487717,2.080481383464875e-11,9.815723738784538e-09,7.457198347927605e-06,4.222750896500426e-08,0.0075051505056915905,7.457175487644633e-07,2.7575363447765078e-05,2.2261363226414544e-11,5.110873832388918e-06,0.9914393849583526,5.032090002283678e-08,3.992135279235389e-07,2.413696191417668e-06
56,0.0008306710760258706,4.08421676112916e-06,3.900623560622305e-09,4.120738715273293e-10,7.665436635222891e-08,3.8541961629610614e-10,7.226166361013161e-09,1.2649845366919833e-05,1.3967378204352847e-09,2.0979284681990193e-07,3.218317381986111e-09,0.0001573873429126522,2.194281305380927e-11,1.0732415887056395e-08,7.998932556250992e-06,4.5108395890733276e-08,0.007572299500967135,7.572988281134906e-07,2.881654118086208e-05,2.2709173740820503e-11,5.404185191910479e-06,0.9913766753533215,5.553187883500176e-08,4.198712835747404e-07,2.421431709605446e-06
57,0.0007216164368850082,3.3076714388847632e-06,4.721379437633468e-09,4.2261925561652157e-10,9.809960633842567e-08,3.1241693427180627e-10,5.81600344884099e-09,1.598288229554501e-05,1.4327812285230793e-09,2.0993183448682796e-07,2.693999272119271e-09,0.00020830141874923465,2.1163243773564722e-11,1.0636201993479451e-08,6.6082432851060645e-06,5.081907941416584e-08,0.0085121867417695,5.86782941557653e-07,3.783305887208793e-05,2.431412960658182e-11,5.750427729605302e-06,0.9904848282996142,4.482079323821505e-08,3.7043446694736306e-07,2.197849759861851e-06
58,0.0008549422697703294,4.1736901332466e-06,3.8071426462562605e-09,4.072605682044639e-10,7.664828806494225e-08,3.3920199588084356e-10,6.952598118757609e-09,1.3067452610585105e-05,1.273630600607608e-09,2.0336002383274445e-07,3.1113269683677934e-09,0.00015897009282804693,2.186729371161007e-11,1.000042092569308e-08,7.962870918666032e-06,4.188462078603597e-08,0.008636382889132503,7.57955567345899e-07,2.735492129182633e-05,2.0893332659944722e-11,5.415352033172684e-06,0.9902876939202605,5.668863789091048e-08,4.6848798110165853e-07,2.405581559922492e-06
59,0.0009052413183871216,4.245144317594588e-06,4.134218181305757e-09,4.2874580075641417e-10,7.851805440090267e-08,3.3162383172896313e-10,7.318953662157174e-09,1.3952758972383564e-05,1.2846690500994536e-09,2.1331948901232002e-07,3.0471377348067117e-09,0.0001643712688090132,2.32248529515337e-11,1.027502360188361e-08,7.817740785762706e-06,4.535436742751525e-08,0.009156165106670328,7.723744619195431e-07,2.7764355765021244e-05,2.247750744305736e-11,5.49798631336009e-06,0.9897107405880203,5.782982680629627e-08,5.100546850080961e-07,2.4994150003495463e-06
60,0.0008076456885025514,3.886223313085703e-06,3.6361478019922635e-09,3.9320402293454323e-10,7.304350069716364e-08,3.6481705820231807e-10,6.853256454124823e-09,1.2600492807199094e-05,1.3311028257060125e-09,2.053007040349893e-07,3.0181473385012196e-09,0.00015088409564788867,1.9563502785474926e-11,1.0107480616449246e-08,7.891856653460433e-06,4.440864483048183e-08,0.00740966572420778,7.127623305593227e-07,2.866058101709767e-05,2.124889425484364e-11,5.37253046905879e-06,0.9915695073867319,5.3185038664643614e-08,3.95815609734903e-07,2.3751598529682554e-06
61,0.0008513330890291635,4.109734209935191e-06,4.097890782409935e-09,4.0461296780359007e-10,7.644695995822945e-08,3.3476663058885086e-10,7.02575087626127e-09,1.3065916085708455e-05,1.2870261728610783e-09,1.992585877324266e-07,3.1122797096661103e-09,0.00016519573259581282,2.2118128118732405e-11,1.0280666767834218e-08,7.738240337953467e-06,4.365155550832975e-08,0.008518349825770221,7.366278917711793e-07,2.7571384610453946e-05,2.2355828742586486e-11,5.365309638067207e-06,0.9904032888731991,5.452156676032576e-08,4.573993001540031e-07,2.387401193937163e-06
62,0.0008076456885025514,3.886223313085703e-06,3.6361478019922635e-09,3.9320402293454323e-10,7.304350069716364e-08,3.6481705820231807e-10,6.853256454124823e-09,1.2600492807199094e-05,1.3311028257060125e-09,2.053007040349893e-07,3.0181473385012196e-09,0.00015088409564788867,1.9563502785474926e-11,1.0107480616449246e-08,7.891856653460433e-06,4.440864483048183e-08,0.00740966572420778,7.127623305593227e-07,2.866058101709767e-05,2.124889425484364e-11,5.37253046905879e-06,0.9915695073867319,5.3185038664643614e-08,3.95815609734903e-07,2.3751598529682554e-06
63,0.0008310181228804321,4.139912464234244e-06,3.650895925847152e-09,3.8915573836482386e-10,7.11256526624382e-08,3.654857500966377e-10,7.06593341955053e-09,1.2361263333978893e-05,1.3455809316291564e-09,2.0498994662742703e-07,3.1145082282485596e-09,0.00014716476162028206,1.996757761466701e-11,1.0026506002276107e-08,8.131119740830268e-06,4.314141770605762e-08,0.007503732380327044,7.281594820313531e-07,2.819806096081647e-05,2.1259746126179383e-11,5.3306709394394206e-06,0.9914559399454708,5.3500606972166075e-08,4.1216632437854905e-07,2.444679538541771e-06
64,0.0008105369905007228,3.994238686522254e-06,3.7853983902586696e-09,4.0716299405198337e-10,7.747993214003225e-08,3.85761275751888e-10,7.0912306764080954e-09,1.2899661133467401e-05,1.3594871865081494e-09,2.1826269254120606e-07,3.305065647351084e-09,0.00015549038399224733,1.8266699821933117e-11,1.0209086287169267e-08,8.869152183965793e-06,4.8587078665155196e-08,0.007913418459767821,7.327204374293295e-07,2.997481299151309e-05,2.0797113075864e-11,6.586786228416417e-06,0.9910541470326881,5.6650361878884205e-08,4.2060804052014646e-07,2.501591028018313e-06
65,0.0007593275516477377,3.7192001604913452e-06,3.5924640150705287e-09,3.9613502358639657e-10,7.675479042807519e-08,3.9557166750888924e-10,6.5892753198517395e-09,1.207388743186792e-05,1.3037056465142132e-09,2.1009040574164684e-07,3.0215004637046975e-09,0.00015448486756910692,1.9071232380603825e-11,1.0540636975705962e-08,7.808006137888446e-06,4.6449561557757827e-08,0.007022448684541961,7.255439537146876e-07,2.8450301269667925e-05,2.1193227815128253e-11,5.584296954837881e-06,0.9920022801350905,5.406659023144825e-08,3.7028544129762434e-07,2.313998899343527e-06
66,0.0008558455844735824,3.39403266445866e-06,5.9007859216727075e-09,6.216398359655612e-10,8.937811533113149e-08,6.43031765361364e-10,1.1186350399033654e-08,2.088538833029241e-05,2.868840356593084e-09,3.930095059527811e-07,3.2459222054502668e-09,0.00018917728048748435,2.869083335260053e-11,1.4662246815225621e-08,6.736818954395701e-06,1.0151527218167607e-07,0.004849434818300521,7.26942678929324e-07,5.6006688057788166e-05,5.345489516997575e-11,6.044182846788029e-06,0.9940079550812712,4.544628283467384e-08,3.1063877647173593e-07,2.813983019159572e-06
67,0.0007545071646402657,3.927948157378145e-06,4.555444574849493e-09,4.636914632415511e-10,8.847399057291497e-08,5.694352427686234e-10,7.365337034090139e-09,1.01513992982329e-05,1.4126556946122474e-09,1.9830904071272178e-07,3.9762585251754115e-09,0.00017894879430061368,2.417705960986969e-11,1.5616776266932294e-08,9.71825192466614e-06,5.9566062258773435e-08,0.006763553631283704,8.361858186039975e-07,2.6040677190478167e-05,2.777578427082248e-11,5.9500454033584265e-06,0.9922429803043198,7.659537073841561e-08,3.5680333519707116e-07,2.5718383115822185e-06
68,0.0007836259669650339,3.78597859152968e-06,3.323782531134322e-09,3.946661099737249e-10,6.636723422144725e-08,3.942272645422904e-10,6.610013088736583e-09,1.0860474621300323e-05,1.1906324340582092e-09,1.9522336763859646e-07,3.303282487162129e-09,0.00015268966488630748,1.8707388566267365e-11,9.621043067580091e-09,7.811678260360223e-06,3.9281815668263e-08,0.007401247271972664,8.393723194581186e-07,2.2630118429529562e-05,2.0661340595083863e-11,5.423728378357624e-06,0.9916079208345221,5.5613147430462455e-08,3.906611356871899e-07,2.3928873371967345e-06
69,0.00092232469883245,4.325129027415608e-06,4.608677460022435e-09,5.046060738704265e-10,8.0021854468386e-08,3.8672539734576027e-10,8.293067598501136e-09,1.655437192703325e-05,1.607213476217396e-09,2.6255858866803234e-07,3.181950810133113e-09,0.0001689603664554813,2.3364549749587158e-11,1.0923975937277164e-08,8.32067585125585e-06,5.6272019458074775e-08,0.008737136777938057,7.775558552533046e-07,3.3403571684208977e-05,2.8527894786422822e-11,6.219619074314607e-06,0.9900980520225324,5.7454026158671024e-08,4.860986145364598e-07,2.9532476094684056e-06
70,0.0008024048043817495,3.6244123072238745e-06,3.942747812980053e-09,3.5763797136909054e-10,6.649728665481396e-08,3.9244485289080215e-10,6.779760794997969e-09,1.0206340026148624e-05,1.3349623991532361e-09,1.836613219644592e-07,2.9422528350254504e-09,0.00015747150708819534,1.915130472010323e-11,1.1145611627135426e-08,7.409193661171177e-06,4.564453291410189e-08,0.006464596155201356,7.236814814014786e-07,2.5675289467608206e-05,2.229103449124148e-11,5.0283043218635455e-06,0.99251978435659,4.9664166858056314e-08,3.415935992004247e-07,2.3619577049713696e-06
