,0,1,2,3,4,5,6,7,8,9,10,11,12,13,14,15,16,17,18,19,20,21,22,23,24
0,0.000859233939994066,3.995277439500141e-06,4.562383258354433e-09,4.866192271981608e-10,8.722281719717088e-08,4.735719808981856e-10,8.502525853850936e-09,1.4851385043733924e-05,1.8031353582591505e-09,2.422733273713904e-07,3.7118494529539137e-09,0.0001780779566008434,2.689775754340242e-11,1.2331867526158986e-08,8.508670275234884e-06,5.818799817126777e-08,0.007082031094748337,7.568387015786548e-07,3.578118650813836e-05,3.022500924106213e-11,5.727256847604601e-06,0.9918076329060362,5.8930251597772965e-08,4.0867089336378845e-07,2.516273441370123e-06
1,0.0007086845559912478,4.54168829273226e-06,3.4469906298047875e-09,4.718866135588731e-10,7.816747643796255e-08,4.3979031688836886e-10,7.063385921846471e-09,1.4754421023458872e-05,1.4976648712263252e-09,2.969273998922199e-07,2.812413487551399e-09,0.00011672497105964905,1.3336075629289781e-11,1.0859766703381545e-08,9.918334151346311e-06,5.247836576256214e-08,0.007206812601372766,7.575602090980365e-07,3.260383274445084e-05,1.9901019744687125e-11,8.378333186963203e-06,0.9918926176280526,5.966674998996685e-08,4.03593708287754e-07,3.288615079780904e-06
2,0.000698433227796811,4.741916425301453e-06,2.652000819401734e-09,4.091514157954159e-10,7.575322714758003e-08,3.9151431952322016e-10,5.462606823976158e-09,1.1130895768576038e-05,1.004931416774904e-09,2.2153236892537602e-07,2.6944651975632155e-09,0.00010241964518618045,1.1355525826578514e-11,1.0172141814423599e-08,1.1861441360589476e-05,4.085042888946266e-08,0.00856702491899778,7.558306508386617e-07,2.215151998605683e-05,1.3334727969787271e-11,7.741967973478716e-06,0.990569590165704,7.878628193856829e-08,4.4586168594429136e-07,3.2628746554668767e-06
3,0.0006917339758170955,4.696714006767808e-06,2.8939517296102503e-09,4.267398501876544e-10,7.1930128347654e-08,3.293156451626125e-10,5.788311298792138e-09,1.263805654288638e-05,9.855691362355023e-10,2.3214393601512771e-07,2.6904197987897796e-09,0.00011376624209223337,1.3196661466063817e-11,9.017620174246466e-09,8.7673259425789e-06,3.407310042133442e-08,0.009124705898384431,8.594499155810997e-07,2.1553566694401493e-05,1.5168349259088165e-11,7.169103623399998e-06,0.9900103111562001,6.238214829349546e-08,4.889922660214775e-07,2.8868289089628464e-06
4,0.0006997080768464953,4.909630245998549e-06,3.120094092956243e-09,4.443846328059812e-10,7.808610927505058e-08,3.6743646810063937e-10,6.078231118559589e-09,1.1991157734345582e-05,1.0224629955324152e-09,2.3422513389594254e-07,2.9255908681258445e-09,0.00011967850608000397,1.5234479719626324e-11,1.003217614631366e-08,8.846591649118474e-06,3.4724998450606196e-08,0.009016370521305533,9.44946596969144e-07,2.1098119283433422e-05,1.605872414983991e-11,7.232593394391304e-06,0.9901054063017417,6.681716210990251e-08,5.133604816110487e-07,2.862319567031384e-06
5,0.0007057663803217494,4.965154799468961e-06,3.0450335639054724e-09,5.095607174943645e-10,7.905073603229155e-08,3.461286961272033e-10,6.261279249288853e-09,1.435816178474193e-05,9.702475181585571e-10,2.6984686403897617e-07,2.8465331121033165e-09,0.0001178825368612567,1.4891765903627043e-11,9.286067633911726e-09,8.508765198125587e-06,3.5174674832283587e-08,0.010178988080307375,1.0250628960827844e-06,2.0945461935914216e-05,1.6749073869140226e-11,7.881671663512217e-06,0.9889356044342856,6.903998697624372e-08,5.836355744534131e-07,3.0142456186111016e-06
6,0.0006917339758170955,4.696714006767808e-06,2.8939517296102503e-09,4.267398501876544e-10,7.1930128347654e-08,3.293156451626125e-10,5.788311298792138e-09,1.263805654288638e-05,9.855691362355023e-10,2.3214393601512771e-07,2.6904197987897796e-09,0.00011376624209223337,1.3196661466063817e-11,9.017620174246466e-09,8.7673259425789e-06,3.407310042133442e-08,0.009124705898384431,8.594499155810997e-07,2.1553566694401493e-05,1.5168349259088165e-11,7.169103623399998e-06,0.9900103111562001,6.238214829349546e-08,4.889922660214775e-07,2.8868289089628464e-06
7,0.000880078341604242,6.3770697769810394e-06,3.9889169783557855e-09,4.824751643855425e-10,5.946419714891247e-08,3.1211473746786675e-10,9.039119948377335e-09,1.404634198093068e-05,1.2571077687350756e-09,2.319725210326898e-07,4.0397228458198695e-09,0.00012906433797495797,2.2351343715037102e-11,8.956875607269735e-09,8.264829065103628e-06,2.8008123235544316e-08,0.010544378529491843,1.151804861022336e-06,1.9962162189091397e-05,2.321278738159972e-11,6.273102827156752e-06,0.9883862747584801,5.792253816120636e-08,6.992407882477962e-07,3.0239916836997777e-06
8,0.001066511146667273,6.059514145250131e-06,3.84628981464812e-09,6.533675140325191e-10,8.72392348569131e-08,2.9700249804380903e-10,7.487237666269178e-09,2.1566863443554204e-05,1.127014149783932e-09,3.4859021677070645e-07,2.3535371739730024e-09,0.00012011786422239296,1.6454093583448497e-11,9.46014388900163e-09,1.1178990598222828e-05,5.156438553010407e-08,0.01616081073299902,9.537345501060268e-07,2.556318760844275e-05,1.8683397236831454e-11,9.531742143471107e-06,0.9825712961720087,8.999256417963062e-08,9.608953953045495e-07,4.846510086725284e-06
9,0.001128656962522678,7.189115706385391e-06,4.9909651134615136e-09,7.036384048225777e-10,8.78120393956344e-08,2.6812985515412987e-10,8.71094874061989e-09,2.3808149545403543e-05,1.2989152002774897e-09,3.389751084726844e-07,2.843203860119868e-09,0.0001424907162501173,2.4245955866002097e-11,9.48188909522914e-09,9.547453989074856e-06,4.243775834143318e-08,0.01812086061033718,1.085734305792097e-06,2.53403428791739e-05,2.4897427501422935e-11,8.337566710805463e-06,0.9805262000639517,7.706501106372295e-08,1.1636793886690889e-06,4.744967661841937e-06
10,0.0006917339758170955,4.696714006767808e-06,2.8939517296102503e-09,4.267398501876544e-10,7.1930128347654e-08,3.293156451626125e-10,5.788311298792138e-09,1.263805654288638e-05,9.855691362355023e-10,2.3214393601512771e-07,2.6904197987897796e-09,0.00011376624209223337,1.3196661466063817e-11,9.017620174246466e-09,8.7673259425789e-06,3.407310042133442e-08,0.009124705898384431,8.594499155810997e-07,2.1553566694401493e-05,1.5168349259088165e-11,7.169103623399998e-06,0.9900103111562001,6.238214829349546e-08,4.889922660214775e-07,2.8868289089628464e-06
11,0.0007065391668018786,4.867254707653669e-06,3.0451262749608304e-09,4.450972842707896e-10,7.408689192396058e-08,3.4209501572270513e-10,6.0762761398317116e-09,1.2726080755374277e-05,1.013340169730788e-09,2.363296812431762e-07,2.8403163197276373e-09,0.00011766759860751288,1.4526447733326238e-11,9.415623778065177e-09,8.811040113435528e-06,3.4283601515295286e-08,0.009318506229353695,9.117086752843603e-07,2.120316613934182e-05,1.603519965259634e-11,7.1904323855584826e-06,0.9897977141946545,6.500096435618932e-08,5.180888092268259e-07,2.9121294208645848e-06
12,0.0007826173423798589,5.006315557927179e-06,3.2624136889029002e-09,4.692581370889082e-10,6.640922053281476e-08,3.3729201939328596e-10,7.185922968868243e-09,1.5697582960044982e-05,1.33673802149392e-09,2.6388158715376003e-07,3.0032575183629607e-09,0.00011476084434954343,1.356661685785106e-11,8.720406794189192e-09,9.917465898094925e-06,3.897814882814275e-08,0.00927268171511619,8.134952589717222e-07,2.7270370791479824e-05,1.8560119629764482e-11,7.948163313948642e-06,0.9897589413748863,5.86298921519873e-08,5.072850941738924e-07,3.3857981291921076e-06
13,0.0006798874964514249,4.5614089934498016e-06,2.91406651406242e-09,4.1091099986472887e-10,7.031624401163248e-08,3.213592039532522e-10,5.6730356638693294e-09,1.2235786923895902e-05,9.87136536859666e-10,2.166582924430046e-07,2.762729361060586e-09,0.0001162726129217425,1.2938222968513576e-11,8.937404707252396e-09,8.758827579293378e-06,3.294922470091115e-08,0.009028537475893075,8.314298452723283e-07,2.1375907799474635e-05,1.5041549231807996e-11,7.044988717557816e-06,0.9901168222110059,6.049709878081521e-08,4.677233852494189e-07,2.801675000974254e-06
14,0.0005982902486896019,6.4848507443375735e-06,2.8068508547579267e-09,5.034825848291763e-10,8.936946388578761e-08,4.26151805944539e-10,6.5782615297180054e-09,1.4417699017264085e-05,1.0383860666342408e-09,3.514616417593486e-07,3.114789281044024e-09,9.875948938784798e-05,1.5290533570317322e-11,9.382245683809638e-09,8.810708831131845e-06,3.498635413846306e-08,0.00824503058814308,1.0648188026138454e-06,2.3471184269234436e-05,1.71642955916359e-11,8.416445457371065e-06,0.9909911656907207,6.424522092505325e-08,5.853907908098779e-07,2.938939842819033e-06
15,0.0006917339758170955,4.696714006767808e-06,2.8939517296102503e-09,4.267398501876544e-10,7.1930128347654e-08,3.293156451626125e-10,5.788311298792138e-09,1.263805654288638e-05,9.855691362355023e-10,2.3214393601512771e-07,2.6904197987897796e-09,0.00011376624209223337,1.3196661466063817e-11,9.017620174246466e-09,8.7673259425789e-06,3.407310042133442e-08,0.009124705898384431,8.594499155810997e-07,2.1553566694401493e-05,1.5168349259088165e-11,7.169103623399998e-06,0.9900103111562001,6.238214829349546e-08,4.889922660214775e-07,2.8868289089628464e-06
16,0.0006845221533171429,4.63728592087625e-06,2.925364081102382e-09,4.608560351938016e-10,7.155772295583672e-08,3.6117377043866675e-10,6.275469792336874e-09,1.3478928143066239e-05,1.0151572282775503e-09,2.753149911062504e-07,2.7582075141275415e-09,0.00011292437374054225,1.2381640846738823e-11,8.967001505029896e-09,8.678875765017448e-06,3.841642261258973e-08,0.00885612478767011,9.416912697244474e-07,2.1974008975453793e-05,1.614246390570953e-11,8.346254334122994e-06,0.990284388033499,6.228723646553315e-08,5.012873203408751e-07,3.0119519174459197e-06
17,0.000695511685738873,4.630201507388173e-06,3.0091228005075755e-09,4.5128061148890163e-10,7.394076981578555e-08,3.402829672508569e-10,5.935557810757464e-09,1.283619400165093e-05,9.923775598952724e-10,2.3618460242617929e-07,2.7558060887958496e-09,0.00011741915917429283,1.376669800272688e-11,9.40116638228541e-09,8.662970013616259e-06,3.47699797837315e-08,0.009302115380989273,9.107023818052945e-07,2.0975312383361245e-05,1.5842333444978392e-11,7.3583004384788926e-06,0.9898257277273002,6.511481730349383e-08,5.051323107349549e-07,2.914308387916817e-06
18,0.0006158239069600838,4.642505089183073e-06,3.017383213293253e-09,4.695692419486869e-10,8.290387137692792e-08,4.2879719350754224e-10,6.207693691088825e-09,1.3631411269058125e-05,1.2214589422288459e-09,2.546336573142071e-07,3.1013957517646872e-09,0.00010925918968111349,1.318580654299022e-11,1.0513989315481812e-08,9.954070657896553e-06,4.133465499485155e-08,0.0073078056724439145,7.823975741290286e-07,2.7032321148392288e-05,1.8050931790105288e-11,7.81892374240269e-06,0.9918995159656618,6.524474100505301e-08,4.054658859540338e-07,2.8590614372178527e-06
19,0.0006080362443212939,4.403391438758267e-06,3.353563065375328e-09,4.627506542609772e-10,8.084600029973978e-08,3.2709884703168645e-10,5.558618483867283e-09,1.34497185431627e-05,1.017145148993967e-09,2.2531369598459725e-07,2.823904322555218e-09,0.0001350751028345715,1.567577198351474e-11,9.586111938901333e-09,7.202244067783546e-06,3.084877558779033e-08,0.008933884119282753,8.949876056156748e-07,2.0904800904811125e-05,1.8168988127009823e-11,6.75944258253938e-06,0.9902659589061921,5.6242361644973444e-08,4.6959437433086213e-07,2.5450339815796337e-06
20,0.0005845932081631998,4.370305513835007e-06,2.519415572247696e-09,4.051456590161685e-10,7.591802744716464e-08,2.931063644223807e-10,4.772181677655641e-09,1.3039708701295249e-05,8.728760009799205e-10,2.169070997278765e-07,2.4220952855965293e-09,0.0001029152323940526,1.0384714850498233e-11,8.314008056613652e-09,8.679003086393785e-06,2.980308631232976e-08,0.009002010672328448,7.476415858490179e-07,2.08222477570213e-05,1.2512892442331858e-11,7.453631030792043e-06,0.9902518497773937,6.030766619407303e-08,4.532392641090263e-07,2.6627751754890675e-06
21,0.0008276602955070982,4.498192918775111e-06,3.7930000062539756e-09,5.074746273494925e-10,7.628871833396885e-08,4.168842364228761e-10,7.3059465242471954e-09,1.2963105575661472e-05,1.1355465061690175e-09,2.7730799413009686e-07,3.037881322026006e-09,0.00015235410802916902,1.7579655215983883e-11,1.1038807614357382e-08,8.418965147142723e-06,4.8480827228506696e-08,0.00937924810900235,1.0683785941653278e-06,2.239921233863847e-05,2.072266216864135e-11,8.029645171961229e-06,0.989579120579413,6.994436224248701e-08,5.337765691992631e-07,3.2063359875910523e-06
22,0.0006864761418011547,4.391588559979149e-06,3.140743861397327e-09,4.3452593568543705e-10,7.268783810127098e-08,3.286452849294674e-10,6.1559690349925026e-09,1.2521984856596038e-05,9.331235444219413e-10,2.286859301067122e-07,2.87346434639021e-09,0.0001152139061268361,1.2456927406282227e-11,9.39095240609548e-09,8.257243209003129e-06,3.641662402655768e-08,0.009059611403232273,9.187708066913189e-07,2.1151358361089143e-05,1.5667630860425604e-11,7.956125839630067e-06,0.9900798884981128,6.156833884216909e-08,5.000940811946412e-07,2.6902407326990195e-06
23,0.0006917339758170955,4.696714006767808e-06,2.8939517296102503e-09,4.267398501876544e-10,7.1930128347654e-08,3.293156451626125e-10,5.788311298792138e-09,1.263805654288638e-05,9.855691362355023e-10,2.3214393601512771e-07,2.6904197987897796e-09,0.00011376624209223337,1.3196661466063817e-11,9.017620174246466e-09,8.7673259425789e-06,3.407310042133442e-08,0.009124705898384431,8.594499155810997e-07,2.1553566694401493e-05,1.5168349259088165e-11,7.169103623399998e-06,0.9900103111562001,6.238214829349546e-08,4.889922660214775e-07,2.8868289089628464e-06
24,0.0006118638066081827,4.9841378727032555e-06,3.164193397956213e-09,5.215865021024458e-10,8.631264532502276e-08,3.9459920462079573e-10,6.100807640521997e-09,1.3922922328850703e-05,1.0093103526390226e-09,2.8241451846100825e-07,2.9352905542041375e-09,0.00011906127306814602,1.552949619313886e-11,1.0293931643736345e-08,7.942431317426251e-06,3.575093182412907e-08,0.008704905158222033,1.0295625870851882e-06,2.185120404983199e-05,1.8516269696191747e-11,7.688454528277724e-06,0.9905029345648794,6.587871290110231e-08,5.082409324174851e-07,2.8134330319022414e-06
25,0.000751667307808602,4.628488866484144e-06,4.2196339606394426e-09,6.32857629513106e-10,7.860934190275978e-08,2.7153518734814075e-10,8.055617615413768e-09,2.0621372015846986e-05,1.1099859438150018e-09,2.3079295736600558e-07,4.065523127643622e-09,0.00015467514493594398,1.8991680247373278e-11,9.495328390826627e-09,7.361127749956261e-06,3.270638052609132e-08,0.012238049417861711,1.0397857343150354e-06,2.435301646921048e-05,2.4815744379223055e-11,7.968861921947014e-06,0.9867859060982367,6.407886190393588e-08,6.470256253174666e-07,2.6482709431504456e-06
26,0.0010353677853612486,5.485878523684181e-06,3.470049996362805e-09,4.757744778906942e-10,6.744939073551228e-08,2.1334756606642244e-10,6.330958006685234e-09,1.4626358067865106e-05,8.393877265321239e-10,2.070967308778364e-07,2.6085345514489025e-09,0.00014274092662344934,2.032610572339854e-11,7.515247580327959e-09,7.548231877383114e-06,2.5369917333136286e-08,0.01695852323350862,1.1158872588403335e-06,1.684821677394847e-05,1.5286330389573263e-11,6.097366859044844e-06,0.9818071319060621,6.707286198059378e-08,9.123467242939478e-07,3.2133845465150685e-06
27,0.002209527051250132,1.1111230559696971e-05,1.734599238177299e-08,2.3325652355827615e-09,3.211127361640435e-07,3.3206051877011667e-10,2.106429927150613e-08,3.0125988414252227e-05,5.538881037715749e-10,2.834025943625763e-07,2.5440512075657647e-08,0.0014290672475140483,1.7732753023473083e-10,3.019016211721541e-08,5.218152885154758e-06,5.0908201003432306e-08,0.0849578958558611,7.646002495501372e-06,3.3945964082070606e-05,5.2211489050597585e-11,2.4314056680060376e-05,0.9112833084435332,2.773348455586389e-07,3.846327995545136e-06,2.9634313332744687e-06
28,0.0006917339758170955,4.696714006767808e-06,2.8939517296102503e-09,4.267398501876544e-10,7.1930128347654e-08,3.293156451626125e-10,5.788311298792138e-09,1.263805654288638e-05,9.855691362355023e-10,2.3214393601512771e-07,2.6904197987897796e-09,0.00011376624209223337,1.3196661466063817e-11,9.017620174246466e-09,8.7673259425789e-06,3.407310042133442e-08,0.009124705898384431,8.594499155810997e-07,2.1553566694401493e-05,1.5168349259088165e-11,7.169103623399998e-06,0.9900103111562001,6.238214829349546e-08,4.889922660214775e-07,2.8868289089628464e-06
29,0.0006917339758170955,4.696714006767808e-06,2.8939517296102503e-09,4.267398501876544e-10,7.1930128347654e-08,3.293156451626125e-10,5.788311298792138e-09,1.263805654288638e-05,9.855691362355023e-10,2.3214393601512771e-07,2.6904197987897796e-09,0.00011376624209223337,1.3196661466063817e-11,9.017620174246466e-09,8.7673259425789e-06,3.407310042133442e-08,0.009124705898384431,8.594499155810997e-07,2.1553566694401493e-05,1.5168349259088165e-11,7.169103623399998e-06,0.9900103111562001,6.238214829349546e-08,4.889922660214775e-07,2.8868289089628464e-06
30,0.0006917339758170955,4.696714006767808e-06,2.8939517296102503e-09,4.267398501876544e-10,7.1930128347654e-08,3.293156451626125e-10,5.788311298792138e-09,1.263805654288638e-05,9.855691362355023e-10,2.3214393601512771e-07,2.6904197987897796e-09,0.00011376624209223337,1.3196661466063817e-11,9.017620174246466e-09,8.7673259425789e-06,3.407310042133442e-08,0.009124705898384431,8.594499155810997e-07,2.1553566694401493e-05,1.5168349259088165e-11,7.169103623399998e-06,0.9900103111562001,6.238214829349546e-08,4.889922660214775e-07,2.8868289089628464e-06
31,0.0007525059625419979,5.280217373369912e-06,3.776429100748234e-09,5.602539197356361e-10,8.755560578086328e-08,2.7022259798402113e-10,6.3914393012854744e-09,1.9067465025685977e-05,1.0142670254482621e-09,2.9421354421953276e-07,2.3350462914469163e-09,0.00012707662282917677,1.763276786023521e-11,9.34752624490494e-09,7.144008925822865e-06,3.615574070490345e-08,0.011985572843135665,9.306246702417482e-07,2.3797990989351034e-05,1.951068258688808e-11,7.215749661253298e-06,0.9870670976664577,6.183846256113933e-08,6.978151568162335e-07,3.109537551636127e-06
32,0.0006885660719572567,4.652784120804516e-06,2.9153543401747007e-09,4.180599123122934e-10,7.251210565160104e-08,3.4219776048936426e-10,5.817524435951744e-09,1.259115472529785e-05,1.0496025525418774e-09,2.3426079284806685e-07,2.673358725336439e-09,0.00011214700600952035,1.2724960221101358e-11,9.267337563631378e-09,9.131690427402117e-06,3.624580059520274e-08,0.008650064296667712,8.096004697041722e-07,2.346934535081213e-05,1.5186433450698747e-11,7.292953743113086e-06,0.9904874609402872,6.145856425268375e-08,4.569219430133206e-07,2.9302456882382065e-06
33,0.0005934042777239225,4.524838070831452e-06,2.5385631622936097e-09,3.66737372030533e-10,7.541362856501348e-08,2.8616790932445504e-10,4.699816653425396e-09,1.0607359868822921e-05,7.12006459064127e-10,1.9335544843339572e-07,2.386616532668954e-09,0.0001048474264813903,1.2756850454163561e-11,8.868209814733092e-09,7.231390295153486e-06,2.7206174947062626e-08,0.008613559573292871,8.377851057490094e-07,1.7754815833612584e-05,1.237150698667448e-11,5.874847917798849e-06,0.9906382870443601,5.984217098124812e-08,4.644871983542384e-07,2.230453182298162e-06
34,0.000709306000427329,4.7121184270751456e-06,2.9134030391995297e-09,4.206831524706399e-10,7.024558924295734e-08,3.3564086084691223e-10,5.9303959615697046e-09,1.2584693369106485e-05,1.0422049812786786e-09,2.3389745417146835e-07,2.6806224357183646e-09,0.00011276646766445821,1.311616460694128e-11,9.046994566742838e-09,8.960785399389824e-06,3.488812922818739e-08,0.008878751526203162,8.427348105811726e-07,2.2413257353491433e-05,1.528284537007072e-11,7.169754324891981e-06,0.9902386300330069,6.121202411595054e-08,4.778988878547046e-07,2.9620885847319335e-06
35,0.000564076784660702,5.055378982026152e-06,2.9760070406222785e-09,3.734220982697976e-10,1.0821358035862413e-07,4.6280860087813767e-10,4.809602884734742e-09,8.618549638553625e-06,8.150419663605088e-10,1.7617992881988746e-07,3.6512853706115747e-09,0.00011205633106937345,1.1768224137067746e-11,1.3341268754955334e-08,1.481341883002861e-05,4.553872286247291e-08,0.008399559154008978,6.916833357164575e-07,2.1929247083822884e-05,1.2259846445990203e-11,8.934517848091012e-06,0.9908608135802195,1.014653816480855e-07,4.208138809016573e-07,2.572689364033108e-06
36,0.0005347483889151728,5.045317426757467e-06,2.2392865221620374e-09,4.760999602791187e-10,6.541909036163421e-08,6.684584165053994e-10,7.513476387046432e-09,1.0471622304577166e-05,1.115067759958035e-09,3.2188796784013605e-07,3.79027703544806e-09,7.648512948505553e-05,1.047612548127577e-11,1.047432067249428e-08,9.815719752791316e-06,3.987753156441195e-08,0.0046689184201800776,1.140405558908548e-06,1.993881838035735e-05,1.813428429472928e-11,8.848662876636832e-06,0.9946609149177109,6.770638203698319e-08,3.596713102458654e-07,2.791729529634223e-06
37,0.0006627983796835909,4.751380717930662e-06,2.8638265281710822e-09,4.5123813769856467e-10,7.661244528644084e-08,3.519986126438057e-10,5.757670517001992e-09,1.3233327779990723e-05,1.0265115901498165e-09,2.4577774118707795e-07,2.7759226773138724e-09,0.00011349901404676553,1.3172935766680879e-11,9.225615396335882e-09,9.170222378594247e-06,3.507643826745449e-08,0.009021255286210355,8.612101026560109e-07,2.2389179967903392e-05,1.5528420239066363e-11,7.5721494000249e-06,0.99014058333563,6.498959860172511e-08,4.848654250476179e-07,2.9567109491531065e-06
38,0.0006850438425801692,4.855074591469311e-06,3.1113881235143714e-09,4.744671372502045e-10,7.724525926466116e-08,2.8960394178907383e-10,5.5913835362633285e-09,1.4910785814821438e-05,9.898081188201152e-10,2.3891128471931866e-07,2.6012978560363504e-09,0.00012254974882254987,1.4667277393513077e-11,8.694476582297765e-09,8.013097043631704e-06,3.1029732838182546e-08,0.010614405881056537,8.738500264893686e-07,2.1823039921420317e-05,1.6442426564322794e-11,6.934067488632933e-06,0.9885166377786013,6.033907035504347e-08,5.472920490547395e-07,2.9762331217835887e-06
39,0.0006898910225105812,4.535324666065665e-06,3.0939660830348807e-09,4.672051824071046e-10,7.780107544520481e-08,3.5380413301564843e-10,6.008596774034974e-09,1.3912012503740232e-05,1.0607085465197597e-09,2.551774110574729e-07,2.7290931976225083e-09,0.00011942454452384271,1.3243927942751638e-11,9.48438295146287e-09,9.00379021704509e-06,3.923781465983371e-08,0.009152841258369562,8.563335675061277e-07,2.3551129958663245e-05,1.6571598245230545e-11,7.94546177548531e-06,0.989974084732679,6.453136524529456e-08,4.892493025608953e-07,3.00516468717539e-06
40,0.0005885960208257629,3.580948535179888e-06,2.083525620317819e-09,1.733048342177476e-10,3.858163313347077e-08,2.465724102264598e-10,3.9263514059871004e-09,5.2133188882973e-06,7.086172126418048e-10,1.0581631537351067e-07,2.0295459855772456e-09,8.674646737525194e-05,6.949186758774159e-12,7.253371021335369e-09,7.2234948158480205e-06,2.1115114714372305e-08,0.005209896660343873,5.554882724592991e-07,1.4724563950377248e-05,8.471007437037024e-12,4.408867168285404e-06,0.9940766325208906,3.539891731969094e-08,2.3812482300504807e-07,1.966175421736308e-06
41,0.0007020087424699279,4.808041980052951e-06,2.9690797041584737e-09,4.3111759533874555e-10,7.471804914236723e-08,3.512925795622196e-10,5.842948179941341e-09,1.2843031327024419e-05,1.0675022671688446e-09,2.4346235930449793e-07,2.61872373470012e-09,0.00011200026627770251,1.3045029613683187e-11,9.413648970221001e-09,9.356909425750403e-06,3.728529236755554e-08,0.00879815704203487,8.160014377618567e-07,2.318405579175691e-05,1.55306699426903e-11,7.410155467272876e-06,0.9903254065816773,6.332210157547989e-08,4.784848361481228e-07,3.08917658313357e-06
42,0.0010390822323911885,7.241842230960212e-06,3.4925085870437852e-09,6.424792169528139e-10,8.104226221663096e-08,5.255615841850109e-10,7.86013836230697e-09,9.473550244765566e-06,1.0254763559040741e-09,2.586035417563965e-07,4.224671543595527e-09,0.00017169949429337358,3.373583833898917e-11,1.3127081808177117e-08,8.045439543498995e-06,2.5857509936244904e-08,0.012347052401392104,2.3482552335854994e-06,1.3932814433860557e-05,1.9560775192482537e-11,6.6658335574992135e-06,0.986388860403125,1.0214958832410438e-07,8.376101468445803e-07,4.261519290897246e-06
43,0.001152147573444846,5.786129136607984e-06,4.426567229422911e-09,3.5007452421040364e-10,4.374393534994835e-08,1.838181005115539e-10,7.14023106348326e-09,9.41572367066476e-06,9.194134511475543e-10,1.097312606522936e-07,3.314662342000183e-09,0.00016429113948633893,2.4172310682991472e-11,9.29490782767158e-09,6.888099220822643e-06,1.901285390590102e-08,0.013852182835359555,1.014709701338763e-06,1.563428939023904e-05,1.8366016494820684e-11,3.8358495492807896e-06,0.9847849192225429,5.426321591430557e-08,6.166330221481009e-07,3.0153719967029857e-06
44,0.0006917339758170955,4.696714006767808e-06,2.8939517296102503e-09,4.267398501876544e-10,7.1930128347654e-08,3.293156451626125e-10,5.788311298792138e-09,1.263805654288638e-05,9.855691362355023e-10,2.3214393601512771e-07,2.6904197987897796e-09,0.00011376624209223337,1.3196661466063817e-11,9.017620174246466e-09,8.7673259425789e-06,3.407310042133442e-08,0.009124705898384431,8.594499155810997e-07,2.1553566694401493e-05,1.5168349259088165e-11,7.169103623399998e-06,0.9900103111562001,6.238214829349546e-08,4.889922660214775e-07,2.8868289089628464e-06
45,0.0006718759489573673,4.599529039729902e-06,2.670385336243424e-09,4.313926177348127e-10,6.154174982974986e-08,3.7832014507911943e-10,5.579088784546405e-09,1.0296459437999482e-05,8.518547640557897e-10,2.467208651946686e-07,2.698549880039667e-09,0.0001204187826617817,1.070380445519002e-11,9.414559605902558e-09,7.421947267638261e-06,3.282156836348745e-08,0.008075374715806547,1.1036084613888203e-06,1.8322891301119233e-05,1.4737443866709638e-11,7.981033839989598e-06,0.9910784488686786,5.921120064352373e-08,4.089617245942885e-07,3.32490784672458e-06
46,0.0002599543156950569,3.5208855242706563e-06,1.2264305426955781e-09,2.48181996005949e-10,3.963994320365039e-08,7.207610399419857e-09,1.3415267473896938e-08,4.839335797410138e-06,6.957626205811699e-09,8.752020968540459e-07,2.4402130527763808e-09,2.464421345528568e-05,2.7883576136939495e-12,3.2447423851124704e-08,2.169292503976678e-05,2.7329870385911545e-07,0.00017172230776518432,3.9005829184118443e-07,0.00010364489341623695,2.4210526567805245e-11,1.309572505367213e-05,0.9993918474471494,4.185975087715167e-08,2.046518709368975e-08,3.3334573774247292e-06
47,0.00021028133686244786,4.754568602392783e-05,1.8531528504271515e-08,1.3483188057302212e-07,1.0632052102529667e-05,1.2458279454468418e-08,3.9500383967800333e-08,0.0011937921359387962,3.185481732761797e-08,1.2379969787729825e-05,5.875208642827423e-08,0.00011933580197797555,2.232036008058141e-10,2.3729571426651702e-07,0.00017998957644343368,5.108056661352081e-07,0.02994287841773021,3.9544685697507336e-06,0.000691352257709322,5.619529650048313e-10,0.000336972936746477,0.9672053028016642,5.464902691953002e-06,4.664349255935567e-06,3.4408490982144806e-05
48,0.0007747256083205558,2.5420742244496664e-06,7.017109899789232e-09,7.117038571811748e-10,6.479881189877994e-08,3.2432570149300555e-09,7.623855433909703e-09,5.663050324898817e-06,4.201138619753846e-09,2.556890414882892e-07,7.699797837015086e-09,0.00032871101043549993,1.0349764631850565e-11,2.78503164451424e-08,1.1410214276995311e-05,9.163628664527017e-08,0.0019851335190656703,2.28265279262529e-06,1.7358157465193586e-05,6.128286469484286e-11,1.697882566902736e-05,0.9968457446532875,5.166102658291614e-08,1.2437790809757694e-07,8.803652251326548e-06
49,0.001953676117186569,1.2134615812367753e-05,3.2164295685133176e-09,5.694520657319208e-10,6.025392731051314e-08,2.0035666073076064e-10,1.2916875904866304e-08,3.170672122686125e-05,1.6229067358933652e-09,4.7236850073262595e-07,2.3845757199146375e-09,6.65236922813646e-05,1.582950928696642e-11,6.736107076294353e-09,1.90708074579509e-05,5.2593469096857067e-08,0.02260171206982316,8.190781444834008e-07,4.540205023350546e-05,1.3588084053024558e-11,1.0102691346928425e-05,0.9752488371551198,9.337356575215244e-08,1.7806577081449956e-06,7.528078074838798e-06
50,0.0006942659028719726,4.720116930590455e-06,2.9070909869910497e-09,4.274588396026401e-10,7.236145387352066e-08,3.2329401767627605e-10,5.696589073073064e-09,1.2535611328036573e-05,9.650218405913197e-10,2.2643775564802165e-07,2.7334668774266116e-09,0.00011655617850105396,1.3411081708331001e-11,8.93389207026495e-09,8.79621059780514e-06,3.305683519728412e-08,0.009490510586837201,8.696995886721495e-07,2.0989103360363276e-05,1.5031138712930274e-11,7.14903638355515e-06,0.9896398049454462,6.318713916620454e-08,5.001082822125363e-07,2.8854414324286096e-06
51,0.0008246511443536497,5.265729496235165e-06,3.1206001457052847e-09,4.2509567910753643e-10,9.322314189390063e-08,3.4891512765834e-10,5.193937185817646e-09,1.2636114752181668e-05,1.0192736039175694e-09,2.320637162928241e-07,2.4965712826117716e-09,0.00012389589324821772,1.4519126412759048e-11,1.0190733466659426e-08,1.2166154522899012e-05,4.688273355267553e-08,0.01129548044643249,6.956426153663671e-07,2.573544585106618e-05,1.4045881303425951e-11,7.372550494471255e-06,0.9876874221839144,8.208413980489917e-08,5.610217570091905e-07,3.6405951390805704e-06
52,0.000671810670445007,4.548265902216073e-06,2.74631462495756e-09,4.2526024954602406e-10,6.743508790591815e-08,3.8110976598717464e-10,6.043512348667776e-09,1.130870425349223e-05,9.977990871355925e-10,2.3744613274845483e-07,2.8001030393987193e-09,0.000109342018246484,1.3219986201197238e-11,9.341258229559582e-09,8.410627670445776e-06,3.357040090573975e-08,0.007857271438992182,9.601262946709492e-07,1.9636465641316425e-05,1.560032823517473e-11,7.025574096824154e-06,0.991306004434217,6.216668847776594e-08,4.5158131809829975e-07,2.806710434555825e-06
53,0.0008900525125129117,5.17768692367735e-06,3.2112866576134495e-09,4.79943727167867e-10,5.154907453930775e-08,4.4466255964251055e-10,9.841462669148634e-09,1.2350358120174347e-05,1.3722883377988344e-09,2.485107459603283e-07,3.803125255016024e-09,9.708899608621347e-05,1.4380141359387008e-11,1.0639054278386466e-08,1.1668267537498229e-05,4.351669969722149e-08,0.007603773729976915,1.0288002116217391e-06,2.1330379319991684e-05,2.0633634616145404e-11,7.678255322819336e-06,0.9913453989003888,7.70520845001431e-08,5.078566541731526e-07,3.49380150340988e-06
54,0.0007890375443702698,4.7202069369471614e-06,2.645554331875435e-09,2.9252947262407115e-10,4.257076619695925e-08,3.7976984790783775e-10,6.333756539511986e-09,8.379776558568843e-06,1.143016196048526e-09,2.2475664656819197e-07,2.087419312089556e-09,9.081485724089333e-05,9.511051238183406e-12,9.151346517353647e-09,1.0018854724109479e-05,4.267500769415283e-08,0.005940761742581181,7.028137859296569e-07,1.9840450554838328e-05,1.4331357049392233e-11,6.174197369675955e-06,0.9931252159271147,5.161873181939632e-08,3.357089637572101e-07,3.6142414120205252e-06
55,0.0007160393902661419,4.6816802658034636e-06,2.9652705400091544e-09,4.258319524521136e-10,6.756387957326122e-08,3.228694431626451e-10,5.922147193760465e-09,1.251143264161417e-05,1.0163436799568194e-09,2.3075708260234767e-07,2.6885291132715965e-09,0.00011958966732411686,1.4025013989478385e-11,8.75978199825106e-09,8.289075852387806e-06,3.241562135035564e-08,0.009240941547873839,8.987607183145834e-07,2.0745234778165403e-05,1.5883334612883833e-11,6.823292295702961e-06,0.98986564171595,5.9054908217473855e-08,4.93139312614686e-07,2.933140547284072e-06
56,0.000711496242690555,4.934912720462109e-06,3.103964472590565e-09,4.474433266477022e-10,7.548934062430621e-08,3.475562481956107e-10,6.1033989471864625e-09,1.2692229171463327e-05,1.0321732478811923e-09,2.3728400115507042e-07,2.8665787457178504e-09,0.00011865606317435375,1.4811090495992395e-11,9.574215198385047e-09,8.87310256839495e-06,3.459924277484711e-08,0.009332423360677364,9.141508238559052e-07,2.16382079751086e-05,1.6209229261895175e-11,7.207083282128264e-06,0.9897772684632234,6.51699147446459e-08,5.194251681072466e-07,2.94070967519683e-06
57,0.000617374694322183,3.999803243404606e-06,3.7506105084635084e-09,4.58464434816827e-10,9.640494387929181e-08,2.8231339827973546e-10,4.903754376422402e-09,1.5963957466619453e-05,1.0577347419218858e-09,2.3708701740567406e-07,2.4007893227337866e-09,0.00015683491197191512,1.4254918090080324e-11,9.490898410238886e-09,7.339195748230032e-06,3.8896932301415985e-08,0.01047852018750848,7.095974370714717e-07,2.830001517336383e-05,1.7335903577097733e-11,7.666455358774902e-06,0.9886797106222449,5.26242060601937e-08,4.574184263560256e-07,2.67575184332794e-06
58,0.0007320220736226448,5.04143384320983e-06,3.0304198734587073e-09,4.4237040825520587e-10,7.548504367439211e-08,3.0613872981573515e-10,5.874826731672068e-09,1.3106428485292994e-05,9.412322959017423e-10,2.3007946846759256e-07,2.7714171627280285e-09,0.00011982739037183185,1.4769684663241044e-11,8.927693723382874e-09,8.825946120735806e-06,3.2141098366858004e-08,0.010632289031556707,9.154562720977426e-07,2.0532937529765423e-05,1.492637631540703e-11,7.2183915736603384e-06,0.9884562948610709,6.652869281187291e-08,5.793271852136427e-07,2.9201642696278186e-06
59,0.0007747680958684069,5.127482177693289e-06,3.289081346667372e-09,4.65760062298048e-10,7.73312197360164e-08,2.9923738319376963e-10,6.183172912572632e-09,1.3988053845090193e-05,9.482120918024385e-10,2.4129382293906753e-07,2.7142884352589906e-09,0.0001238743875019478,1.5696545349457243e-11,9.172956822176744e-09,8.657307221489424e-06,3.476861644655223e-08,0.011272997039096875,9.337886348530032e-07,2.081291820547906e-05,1.6051683464023018e-11,7.323886803208989e-06,0.9877674103308239,6.789724252566096e-08,6.310493367174688e-07,3.0312651254880486e-06
60,0.0006917339758170955,4.696714006767808e-06,2.8939517296102503e-09,4.267398501876544e-10,7.1930128347654e-08,3.293156451626125e-10,5.788311298792138e-09,1.263805654288638e-05,9.855691362355023e-10,2.3214393601512771e-07,2.6904197987897796e-09,0.00011376624209223337,1.3196661466063817e-11,9.017620174246466e-09,8.7673259425789e-06,3.407310042133442e-08,0.009124705898384431,8.594499155810997e-07,2.1553566694401493e-05,1.5168349259088165e-11,7.169103623399998e-06,0.9900103111562001,6.238214829349546e-08,4.889922660214775e-07,2.8868289089628464e-06
61,0.0007289658229198414,4.964996539269674e-06,3.259383367620357e-09,4.395070245556311e-10,7.528811989490344e-08,3.021932790404067e-10,5.935948280344812e-09,1.3104896819579376e-05,9.511458050457687e-10,2.254846338103299e-07,2.772355944794772e-09,0.00012447232518478585,1.4936003033816583e-11,9.175241151588395e-09,8.580441467607507e-06,3.348417598947001e-08,0.01048801707469365,8.89878032723321e-07,2.069627899999923e-05,1.5960054392307774e-11,7.152798216431401e-06,0.9885992701518271,6.40083387273358e-08,5.656940486228142e-07,2.8985093109732662e-06
62,0.0006917339758170955,4.696714006767808e-06,2.8939517296102503e-09,4.267398501876544e-10,7.1930128347654e-08,3.293156451626125e-10,5.788311298792138e-09,1.263805654288638e-05,9.855691362355023e-10,2.3214393601512771e-07,2.6904197987897796e-09,0.00011376624209223337,1.3196661466063817e-11,9.017620174246466e-09,8.7673259425789e-06,3.407310042133442e-08,0.009124705898384431,8.594499155810997e-07,2.1553566694401493e-05,1.5168349259088165e-11,7.169103623399998e-06,0.9900103111562001,6.238214829349546e-08,4.889922660214775e-07,2.8868289089628464e-06
63,0.0007115322842307696,5.00000621662134e-06,2.9055135873117225e-09,4.223823827705624e-10,7.005904833267618e-08,3.299067037223917e-10,5.9659741807524645e-09,1.2400282309018629e-05,9.961602290147102e-10,2.3179158702362555e-07,2.775378441394974e-09,0.00011098779800277536,1.3466177382413967e-11,8.945932057688975e-09,9.030219566398271e-06,3.31098779507684e-08,0.00923918293968536,8.778084288611217e-07,2.120882392191804e-05,1.5175721232254724e-11,7.113671799789179e-06,0.9898787667172532,6.274729843171153e-08,5.089731039110902e-07,2.970397780163759e-06
64,0.0006941055375161195,4.825361055663495e-06,3.0111636782677535e-09,4.4168239261010526e-10,7.624458054011845e-08,3.479847257763023e-10,5.986546383323658e-09,1.2933554571532186e-05,1.0062545573007663e-09,2.4661923856458686e-07,2.943133243594215e-09,0.00011719018012442921,1.2329055205780697e-11,9.106301464633265e-09,9.840248616706106e-06,3.724080495110725e-08,0.009737442074991035,8.831667130185194e-07,2.252907487319167e-05,1.4847381462245383e-11,8.770256430852483e-06,0.9893874733830698,6.639658112855743e-08,5.192413322819682e-07,3.038549257616453e-06
65,0.000651394156443145,4.500622977814225e-06,2.863790110146553e-09,4.309567055067402e-10,7.565507348430501e-08,3.564448597816733e-10,5.57585578795843e-09,1.212884000177834e-05,9.623465414432653e-10,2.3781099080708687e-07,2.692907488002312e-09,0.00011655898964018778,1.2925215521274576e-11,9.412962035018849e-09,8.648813954917189e-06,3.561572195996683e-08,0.008674920193748903,8.784014937673902e-07,2.132683515917792e-05,1.515232229897542e-11,7.440583744361533e-06,0.9904984979593109,6.356311799324395e-08,4.599878582464256e-07,2.8096474212962516e-06
66,0.0007304043540659103,4.115818342386399e-06,4.682781808708189e-09,6.632130929234425e-10,8.814648603059164e-08,5.878825917528596e-10,9.42449900408847e-09,2.0544451079994044e-05,2.125521740263614e-09,4.4248010870337166e-07,2.9094023220088113e-09,0.00014156853845004539,1.894480790449276e-11,1.315625162107784e-08,7.637708033300306e-06,7.859560237297653e-08,0.005899699436335219,8.667757050026999e-07,4.222403397620481e-05,3.742068613693849e-11,8.193559956765386e-06,0.9931402553914794,5.3594888984940395e-08,3.801727107778841e-07,3.4133368609151737e-06
67,0.000662278786199737,4.798219321802599e-06,3.642568297425403e-09,5.128111881174651e-10,8.804241731631125e-08,5.229457252990802e-10,6.320605259978991e-09,1.0234412123067173e-05,1.0473167486347765e-09,2.2597622803712592e-07,3.6166584076230146e-09,0.0001379242058959766,1.6269604928349364e-11,1.427989365764132e-08,1.0776411906948494e-05,4.6299072804884085e-08,0.008333129156479805,1.0291307552207634e-06,2.0015745729869824e-05,1.9786274457741894e-11,8.162344939261496e-06,0.9908075204645419,9.171411257741894e-08,4.4040509587076835e-07,3.2087063244863997e-06
68,0.0006891726888552768,4.634024617533928e-06,2.6670705256731163e-09,4.4059459983897135e-10,6.635599128050577e-08,3.6069418192761717e-10,5.6880403246464335e-09,1.1006674591492165e-05,8.767564622566437e-10,2.2239965118334802e-07,3.0086410907727304e-09,0.00011803970072621868,1.277119419831726e-11,8.844976026379157e-09,8.607694090341923e-06,3.046007725861784e-08,0.00919641663911797,1.0429074402050985e-06,1.7298214487407188e-05,1.4813223991377287e-11,7.395493528510809e-06,0.9899425097789576,6.716776489566108e-08,4.871386779648564e-07,2.9807470673924933e-06
69,0.0007899655513934169,5.227225559019306e-06,3.6675975968214093e-09,5.485263735243042e-10,7.890249970123764e-08,3.4811582274872834e-10,7.006967523995777e-09,1.658507621593359e-05,1.180069792971434e-09,2.9672303972880264e-07,2.83273073598955e-09,0.00012740601364543116,1.585498022904481e-11,9.758737978285836e-09,9.182920868144287e-06,4.3036812519558604e-08,0.010787987125571474,9.436624318190068e-07,2.4918356388769876e-05,2.0352414229264352e-11,8.2666207226009e-06,0.9882248298963938,6.761600643575256e-08,6.04407569160845e-07,3.571485928889479e-06
70,0.0006882869692020578,4.388901721775874e-06,3.1421325050176968e-09,3.898804019327545e-10,6.568191481459185e-08,3.5356842131610127e-10,5.739173021526021e-09,1.0275698266130576e-05,9.840949984168878e-10,2.0830048574420163e-07,2.623095039515323e-09,0.00011884209445934651,1.3001773429649654e-11,9.95371690912726e-09,8.203034530354242e-06,3.500582672943261e-08,0.008001027104240978,8.776381604449009e-07,1.9245219115231103e-05,1.5939873241379235e-11,6.70487996991599e-06,0.9911384660264552,5.849793213303956e-08,4.2550469527547304e-07,2.866228420926581e-06
