,0,1,2,3,4,5,6,7,8,9,10,11,12,13,14,15,16,17,18,19,20,21,22,23,24
0,2.821743190564619e-08,1.3012900019073905e-08,2.4019934396715476e-09,5.630564292113803e-07,1.1235887117463683e-08,4.235161100291954e-06,9.279790865528823e-09,1.260908686919762e-05,2.39613320214731e-06,8.38927793132733e-08,8.4163949688351e-06,3.71817841810659e-06,4.433960386177689e-06,9.203885833936385e-07,1.4065749405510573e-05,0.00030877061288929475,0.05972544396858207,8.736169189307313e-05,0.0019221771045335977,4.3431717316557806e-07,9.885320939428415e-05,0.9378032658710078,1.4967537025414444e-07,1.562892120981031e-06,4.7450689003990883e-07
1,2.9518938617160462e-08,1.4252896019992618e-08,2.912266931482892e-09,6.91111711527968e-07,8.13038364015236e-09,3.670171579493146e-06,1.1928335915802049e-08,1.3668155000969618e-05,2.325805337011632e-06,1.1789640528327362e-07,6.4929905294572125e-06,4.721018273841336e-06,3.709218716737498e-06,9.069879651752165e-07,1.3710825056386408e-05,0.0003216265367209974,0.0403716929184557,9.352588192629093e-05,0.0017419873976495244,3.6498905835318623e-07,0.00010239038854543384,0.9573162397159288,1.371445017274247e-07,1.438074271322401e-06,5.160295448700017e-07
2,3.218631858295294e-08,1.4302918629396333e-08,2.4400317101270296e-09,6.082061602918417e-07,1.087501790197559e-08,3.1219024600657087e-06,1.179185516767865e-08,1.2348811484626334e-05,2.1512837780086443e-06,9.575970922219806e-08,6.715589961347479e-06,4.6973063815045064e-06,4.192299964875529e-06,1.1594565275198555e-06,1.4232445909063609e-05,0.00024429512974352675,0.052758546188233946,0.000102249764646097,0.0013503104917338864,4.004586705435673e-07,9.534024469610487e-05,0.9453975160040209,1.4373909805134634e-07,1.1338425243565873e-06,6.694781543206507e-07
3,2.6507701572120482e-08,1.2930823460909888e-08,2.2829358781441717e-09,6.670356416794486e-07,8.032472164373838e-09,3.1632794328793017e-06,1.0274543515379423e-08,1.1550484661870908e-05,1.9010766086865248e-06,9.502081154868309e-08,6.502385754617563e-06,4.446495386803558e-06,3.5329559626466305e-06,1.0532723713374033e-06,1.1647779551211513e-05,0.000236519327915364,0.04822683715362578,9.314920043535555e-05,0.0013691062610849786,3.431926567390346e-07,9.723444765192573e-05,0.9499303057003317,1.4203142784607686e-07,1.1976517851578726e-06,5.452184254139865e-07
4,2.8453041567692426e-08,1.355475692089758e-08,2.333621263837347e-09,7.156266321889435e-07,8.500379831287695e-09,3.202949408215983e-06,1.0575118650432994e-08,1.0901701990638893e-05,1.9896675770628293e-06,9.689603896749334e-08,6.466322533104545e-06,5.009052874876208e-06,4.266080551308471e-06,1.1444343633622616e-06,1.1210689544389682e-05,0.00023140950217744694,0.053200464752754716,9.928479136996907e-05,0.0013558297145041898,3.8089015149838247e-07,0.0001051720046220217,0.9449603500106689,1.5229067530799043e-07,1.2813632325926403e-06,6.078414108736919e-07
5,2.6426626620214917e-08,1.283058275476396e-08,2.19528024710907e-09,7.448463930835262e-07,6.9450615238073665e-09,2.9600206546141165e-06,9.641604269512944e-09,1.0175363361777793e-05,1.820199315268513e-06,9.827076907095194e-08,5.7563675468757595e-06,4.800216243240898e-06,3.698248022905362e-06,1.0817080236920894e-06,1.0335823379420421e-05,0.0002189876051469229,0.04881583194471095,0.00010055493743340232,0.0012278132073849344,3.5126480998596627e-07,0.00010070643726364735,0.9494923088154983,1.40546554403147e-07,1.2030817160895432e-06,5.730566159348701e-07
6,2.6507701572120482e-08,1.2930823460909888e-08,2.2829358781441717e-09,6.670356416794486e-07,8.032472164373838e-09,3.1632794328793017e-06,1.0274543515379423e-08,1.1550484661870908e-05,1.9010766086865248e-06,9.502081154868309e-08,6.502385754617563e-06,4.446495386803558e-06,3.5329559626466305e-06,1.0532723713374033e-06,1.1647779551211513e-05,0.000236519327915364,0.04822683715362578,9.314920043535555e-05,0.0013691062610849786,3.431926567390346e-07,9.723444765192573e-05,0.9499303057003317,1.4203142784607686e-07,1.1976517851578726e-06,5.452184254139865e-07
7,6.788729333389804e-08,2.0210856081754848e-08,5.0346550938330056e-09,8.379868397503829e-07,1.3660470801787727e-08,4.925269518533105e-06,1.7401055614940268e-08,2.009605950257979e-05,2.895619223510244e-06,1.479010839373298e-07,9.057369219257242e-06,6.86001709335206e-06,7.842226773503235e-06,1.3644087707683163e-06,1.3002646134755541e-05,0.00033644954218339795,0.06874103945631668,0.0001463494450805736,0.0026524322027575544,5.769624796978465e-07,0.00011910741643681981,0.9279336382697086,1.8490706465447578e-07,2.3114569810840934e-06,7.56642499820865e-07
8,3.937920846749861e-08,2.1241161002469078e-08,4.451501957060317e-09,1.4257876100316796e-06,9.963961356143094e-09,4.19859974728455e-06,1.6770600036747482e-08,1.837877064642934e-05,2.388752924650573e-06,1.549231125744147e-07,8.67411410034341e-06,7.395772019531072e-06,4.752279859195806e-06,1.6769770541491343e-06,1.0903581283246974e-05,0.000292508406715379,0.05000212921859046,0.00010649588955424412,0.0015546682470084735,5.027668625063297e-07,0.00012700254478305558,0.9478537518635423,2.6993528873204923e-07,1.9343897703591953e-06,6.953730943911019e-07
9,2.501659278627639e-08,1.7088257788622415e-08,3.5318178839823014e-09,1.31282919608973e-06,7.046056802602355e-09,3.614155636781453e-06,1.397564529247981e-08,1.2724274223051134e-05,2.3224901965128177e-06,1.3889278160688717e-07,6.83275675505506e-06,6.7791313868901285e-06,3.731131521891448e-06,1.1962894609610452e-06,1.1886365466337e-05,0.0002890450319703088,0.03675266472453726,8.846526038469192e-05,0.0012371413969019076,4.1942884116122226e-07,0.00013070360305331155,0.9614484750752845,2.1217511826124834e-07,1.6584511196225975e-06,6.09877793345095e-07
10,2.6507701572120482e-08,1.2930823460909888e-08,2.2829358781441717e-09,6.670356416794486e-07,8.032472164373838e-09,3.1632794328793017e-06,1.0274543515379423e-08,1.1550484661870908e-05,1.9010766086865248e-06,9.502081154868309e-08,6.502385754617563e-06,4.446495386803558e-06,3.5329559626466305e-06,1.0532723713374033e-06,1.1647779551211513e-05,0.000236519327915364,0.04822683715362578,9.314920043535555e-05,0.0013691062610849786,3.431926567390346e-07,9.723444765192573e-05,0.9499303057003317,1.4203142784607686e-07,1.1976517851578726e-06,5.452184254139865e-07
11,2.851352126609371e-08,1.3604413715864757e-08,2.4130597039741097e-09,7.085752121312255e-07,8.63818961433371e-09,3.2787564049975017e-06,1.0797628502301209e-08,1.1660666153046535e-05,1.9809797241400754e-06,1.0056666775186983e-07,6.669815192972822e-06,4.847201181345582e-06,4.132357977520108e-06,1.1190679485226953e-06,1.1564631719270601e-05,0.00024332705816102103,0.051830920504966994,9.780661744363461e-05,0.0014121531985035087,3.857210914829285e-07,0.00010320716453533036,0.9462640265932474,1.539849293319449e-07,1.3076148272230573e-06,5.849572995208248e-07
12,2.5265048582479068e-08,1.2919607795257196e-08,2.7795418168780094e-09,6.95125313070597e-07,7.327958577176187e-09,3.1543999282076886e-06,1.1676990517333242e-08,1.4230027472832968e-05,2.0477251007113327e-06,9.849454705946682e-08,7.360014698385964e-06,4.918095435524249e-06,3.1867503518366667e-06,8.706542075478729e-07,1.3475791031316246e-05,0.0002777663693335518,0.03595188382529441,7.870885699039078e-05,0.001629406404779089,3.2845174327216463e-07,9.501871074847394e-05,0.9619147881296402,1.449714410132435e-07,1.399752170237848e-06,4.5748062552703627e-07
13,2.5881958818926786e-08,1.2776112739160119e-08,2.24698123851025e-09,6.682897031483678e-07,7.959257842642595e-09,3.0892994162054802e-06,1.0269147791153535e-08,1.1639417550358516e-05,1.865606336513065e-06,9.273358255836587e-08,6.618306233092683e-06,4.5054270521068155e-06,3.4945460714035707e-06,1.0732331047864787e-06,1.1552300375809472e-05,0.00023208127101145753,0.04774491600558584,9.16601656599634e-05,0.0013441076222548483,3.39255681500375e-07,9.621222444170007e-05,0.9504441639509789,1.4268440954981116e-07,1.1783974717212732e-06,5.401296198543683e-07
14,3.275488156723251e-08,1.9016621066918937e-08,1.8560093376996685e-09,5.620957876128911e-07,1.1702378777799878e-08,3.170871692486055e-06,1.1868718033341849e-08,1.2783382360633469e-05,1.953167439492927e-06,1.3502892689977343e-07,6.993076353662641e-06,3.987943431359299e-06,3.6525441331399223e-06,1.2854068191462706e-06,1.0084248090968722e-05,0.0002559106724990371,0.05038079332599144,0.00010726495231705626,0.0018085301874538882,3.8343833437007255e-07,9.687340996799634e-05,0.9473035921355214,1.4899130608650974e-07,1.3201631689250336e-06,4.97759795468242e-07
15,2.6507701572120482e-08,1.2930823460909888e-08,2.2829358781441717e-09,6.670356416794486e-07,8.032472164373838e-09,3.1632794328793017e-06,1.0274543515379423e-08,1.1550484661870908e-05,1.9010766086865248e-06,9.502081154868309e-08,6.502385754617563e-06,4.446495386803558e-06,3.5329559626466305e-06,1.0532723713374033e-06,1.1647779551211513e-05,0.000236519327915364,0.04822683715362578,9.314920043535555e-05,0.0013691062610849786,3.431926567390346e-07,9.723444765192573e-05,0.9499303057003317,1.4203142784607686e-07,1.1976517851578726e-06,5.452184254139865e-07
16,2.1348077010652066e-08,1.1906436852784815e-08,1.781530186098144e-09,6.078992400481027e-07,6.381544565859441e-09,2.2494339323088742e-06,1.0036145854133215e-08,1.0014897270458924e-05,1.5617935905185437e-06,9.650734881816738e-08,5.145458435514917e-06,4.69044906334578e-06,2.93354699196048e-06,9.764215793568587e-07,1.0325620671896185e-05,0.00019980049565881047,0.03925042095846577,8.457920940596096e-05,0.001144248101258043,2.9695001550885994e-07,9.585672409516711e-05,0.9591845502061338,1.2876641485148677e-07,9.476278416842252e-07,5.174788517604633e-07
17,2.4138342037653524e-08,1.193828745138051e-08,2.008673818530511e-09,6.705677659199591e-07,7.83022952555096e-09,2.787876572982136e-06,9.855582475436807e-09,1.0923432426688228e-05,1.692417864841728e-06,8.900510647965808e-08,6.252679367236017e-06,4.628687706237321e-06,3.7091810578435692e-06,1.1364877904676651e-06,1.0625561009262628e-05,0.00021565160175279077,0.05159120370945302,9.145010191556136e-05,0.0011870623919044716,3.5562154841814883e-07,9.632984739171117e-05,0.9467735746336597,1.474022930547125e-07,1.0906336369746078e-06,5.623886608442057e-07
18,2.7518193379146804e-08,1.6716084256791745e-08,4.181535066469507e-09,9.335424318960716e-07,8.312436384179198e-09,5.0894257396391704e-06,1.2369527623383935e-08,2.0803382553208143e-05,3.000703879869413e-06,1.0941950316041907e-07,1.1478362458952164e-05,4.774366148940298e-06,3.0364100662879316e-06,8.069940712286682e-07,1.6699211326753216e-05,0.0004385509043416573,0.029595466642065787,6.855468343061183e-05,0.0025630464930264823,3.6812088315938345e-07,9.772893628720746e-05,0.9671665726107532,1.7881686654841987e-07,2.397426241210776e-06,3.3445014749363247e-07
19,2.427762168749901e-08,1.3689033128917773e-08,2.4131926800102467e-09,8.433234801815292e-07,6.83136137879856e-09,2.46606871257823e-06,1.2443755481640382e-08,1.0511045500341633e-05,1.956397582771973e-06,1.0286872886769342e-07,5.521167520365558e-06,6.377572727810808e-06,3.687614714978283e-06,1.0852712617738792e-06,1.1331938408583293e-05,0.00022856148693221448,0.03922673698512062,8.888624655241508e-05,0.0010961191513683152,3.471940651165398e-07,0.00010893220955572559,0.9592045801275892,1.4666440792722954e-07,1.122470539429886e-06,6.245402665889587e-07
20,1.589626519770342e-08,9.240710291829744e-09,1.807632924617964e-09,5.657110519232949e-07,5.257125969106632e-09,2.1150270981774347e-06,9.328622586946341e-09,1.2299642977918679e-05,1.3297848864318515e-06,7.950197676419167e-08,5.87844213129829e-06,3.98796709977222e-06,2.111060172612005e-06,8.473590306573324e-07,1.2746224860253043e-05,0.00019982078851607383,0.03112771405385257,6.780726964778256e-05,0.0010446389027770507,2.5082405380559223e-07,7.751546474589846e-05,0.9674389280158748,1.1581017149472338e-07,7.845223096788102e-07,4.2209640771250743e-07
21,3.0514025501103265e-08,1.6201458933471215e-08,2.707157201832236e-09,9.760019530003679e-07,7.899496985842615e-09,3.112065939507292e-06,1.3070695721238316e-08,1.326200844680458e-05,2.5202026299568204e-06,1.175181081768996e-07,6.563887457935152e-06,7.124157948996162e-06,4.475063376138077e-06,1.3271612757121199e-06,1.1218390263524225e-05,0.0003317614160493955,0.03816752111626153,0.00010731271587910615,0.0013694185407825859,4.0549233068065e-07,0.00011164296915402708,0.959858960889906,1.438404657581398e-07,1.4996557337331678e-06,5.66513203073154e-07
22,2.9493341152412383e-08,1.1087349109619602e-08,1.8898192352811843e-09,5.244444047763565e-07,7.509702897752102e-09,3.0648313219088328e-06,7.630130121154954e-09,9.877034300377008e-06,1.6337056369537388e-06,7.548432573173123e-08,6.116915450188417e-06,3.219621304955131e-06,2.977521422239992e-06,9.460834885669427e-07,1.1488464601825047e-05,0.00019232052985769575,0.057754515366108115,0.00011034631674197396,0.0012591783455549522,2.9171256882411605e-07,8.037007064457551e-05,0.9405613473839799,1.0490004818901726e-07,1.0002595452233275e-06,5.43398350417011e-07
23,2.6507701572120482e-08,1.2930823460909888e-08,2.2829358781441717e-09,6.670356416794486e-07,8.032472164373838e-09,3.1632794328793017e-06,1.0274543515379423e-08,1.1550484661870908e-05,1.9010766086865248e-06,9.502081154868309e-08,6.502385754617563e-06,4.446495386803558e-06,3.5329559626466305e-06,1.0532723713374033e-06,1.1647779551211513e-05,0.000236519327915364,0.04822683715362578,9.314920043535555e-05,0.0013691062610849786,3.431926567390346e-07,9.723444765192573e-05,0.9499303057003317,1.4203142784607686e-07,1.1976517851578726e-06,5.452184254139865e-07
24,3.09905460670756e-08,1.5411123002002893e-08,2.32864498268399e-09,8.325406784855636e-07,8.260988058062623e-09,3.2751854017482984e-06,1.0521197293036205e-08,1.1834561482831514e-05,2.0152939851598886e-06,1.1022236569016658e-07,6.416674134843818e-06,5.297556103124576e-06,4.333675090008506e-06,1.3665592919847277e-06,9.453002629166235e-06,0.00024403946734140677,0.05286647695625816,0.00010931062241249063,0.0013852401379462573,4.001795715271768e-07,0.00010416749669242362,0.9452432443909407,1.608917894347067e-07,1.3792492939846405e-06,5.778240911955727e-07
25,2.003893183801826e-08,1.1526185170872861e-08,2.1771814246649114e-09,8.362682245206017e-07,7.955447677956855e-09,2.9350258040303232e-06,1.1232721493352164e-08,1.963981988907223e-05,1.5713601796492126e-06,8.490111215696644e-08,1.019796444402042e-05,4.862325051293324e-06,2.93636842555512e-06,1.4712654907385343e-06,1.0665313204866297e-05,0.00026362089916007094,0.042125640100229816,7.890961374851832e-05,0.0012908701140679373,3.527250749551318e-07,8.618723608735433e-05,0.9560974094781605,1.7196526194679462e-07,1.188578779052973e-06,3.957471365216476e-07
26,5.7707450862922187e-08,1.9399082984709885e-08,3.4240247653754035e-09,8.798373099368793e-07,1.3626973016142684e-08,5.57751337784176e-06,9.708686349959473e-09,1.0927790041686703e-05,2.9744031385949487e-06,1.1597355618360526e-07,8.135696145363202e-06,4.681481654589148e-06,7.967421274599828e-06,1.0927871195852893e-06,9.703458366555744e-06,0.00030649652708572924,0.09424205378647572,0.00013901378635808735,0.0022734107045114275,6.636257720500141e-07,0.00012330131459500606,0.9028590206574479,2.1027524796869014e-07,3.033105623367925e-06,6.359886798621118e-07
27,1.0723579987639113e-06,1.1629669969550919e-07,3.174890826578231e-08,2.4586976353875954e-06,1.824051236432346e-07,4.4034334256345454e-05,6.274815316679012e-08,1.7948746957378303e-05,2.3854090279865668e-05,5.546437699378275e-07,1.0590271438713874e-05,2.7282197888486092e-05,0.000274998389435578,5.624599173720495e-06,1.2371138016091412e-05,0.0012003845602925594,0.538509461612766,0.0009075948295621618,0.007350233890702182,4.5640767222065415e-06,0.0007275500385875442,0.4508586006151519,4.5741977405620477e-07,1.3103914680559511e-05,6.866376025786769e-06
28,2.6507701572120482e-08,1.2930823460909888e-08,2.2829358781441717e-09,6.670356416794486e-07,8.032472164373838e-09,3.1632794328793017e-06,1.0274543515379423e-08,1.1550484661870908e-05,1.9010766086865248e-06,9.502081154868309e-08,6.502385754617563e-06,4.446495386803558e-06,3.5329559626466305e-06,1.0532723713374033e-06,1.1647779551211513e-05,0.000236519327915364,0.04822683715362578,9.314920043535555e-05,0.0013691062610849786,3.431926567390346e-07,9.723444765192573e-05,0.9499303057003317,1.4203142784607686e-07,1.1976517851578726e-06,5.452184254139865e-07
29,2.6507701572120482e-08,1.2930823460909888e-08,2.2829358781441717e-09,6.670356416794486e-07,8.032472164373838e-09,3.1632794328793017e-06,1.0274543515379423e-08,1.1550484661870908e-05,1.9010766086865248e-06,9.502081154868309e-08,6.502385754617563e-06,4.446495386803558e-06,3.5329559626466305e-06,1.0532723713374033e-06,1.1647779551211513e-05,0.000236519327915364,0.04822683715362578,9.314920043535555e-05,0.0013691062610849786,3.431926567390346e-07,9.723444765192573e-05,0.9499303057003317,1.4203142784607686e-07,1.1976517851578726e-06,5.452184254139865e-07
30,2.6507701572120482e-08,1.2930823460909888e-08,2.2829358781441717e-09,6.670356416794486e-07,8.032472164373838e-09,3.1632794328793017e-06,1.0274543515379423e-08,1.1550484661870908e-05,1.9010766086865248e-06,9.502081154868309e-08,6.502385754617563e-06,4.446495386803558e-06,3.5329559626466305e-06,1.0532723713374033e-06,1.1647779551211513e-05,0.000236519327915364,0.04822683715362578,9.314920043535555e-05,0.0013691062610849786,3.431926567390346e-07,9.723444765192573e-05,0.9499303057003317,1.4203142784607686e-07,1.1976517851578726e-06,5.452184254139865e-07
31,4.41113698291173e-08,1.6820922505575898e-08,3.502364805832357e-09,8.138258826573697e-07,1.0034968884338007e-08,3.528268670583243e-06,1.5268063977389126e-08,2.164000835800814e-05,2.124259450492821e-06,1.4088245439260799e-07,7.4762959094831436e-06,5.63112947154954e-06,4.516182488035699e-06,1.3423037208512022e-06,1.213826941300466e-05,0.0002901536299771134,0.052414901835142635,0.00012504300699471595,0.0019268918333349816,4.4713952428878205e-07,0.00010344288777965528,0.9450774667454817,1.639566961660373e-07,1.4294097351053585e-06,6.183918246238812e-07
32,2.7342543484141886e-08,1.3188999128629981e-08,2.318018127912657e-09,6.306189058143269e-07,7.948867977964727e-09,3.1982042600315426e-06,1.0279346795785235e-08,1.175308702467681e-05,1.892178806957706e-06,9.744218758076026e-08,6.538979090522064e-06,4.347245813933164e-06,3.4538662091054266e-06,1.0112834757568865e-06,1.1563520340711298e-05,0.00023190843715758825,0.046991968991717495,9.189384959224212e-05,0.0015003411349166966,3.325883246849797e-07,9.672353714755125e-05,0.9510403815823717,1.4197166285210184e-07,1.236428080760333e-06,5.239751379062409e-07
33,3.771631527857143e-08,1.733303869323308e-08,3.6286470292187516e-09,6.272452737539678e-07,8.5038154947153e-09,3.114320687769118e-06,1.4678179257340514e-08,1.088911811684864e-05,3.076060266816666e-06,8.63337859182536e-08,6.242050427311336e-06,5.779779429444887e-06,2.822841747429755e-06,8.242634291251656e-07,2.1405068278890448e-05,0.00021565744717250338,0.03183455328957847,9.6800947570063e-05,0.0014663886178392868,2.4047948783757946e-07,0.00010503020551214294,0.9662244545857154,1.0390625505911306e-07,1.0407710264635845e-06,7.808084037040592e-07
34,2.997904928201304e-08,1.389931319185433e-08,2.4394422668676597e-09,6.546701170268674e-07,8.48473302358926e-09,3.3017922580556636e-06,1.0532108585077246e-08,1.1850438136039054e-05,2.08063498625089e-06,9.415221993085939e-08,6.797822587348759e-06,4.603492435404326e-06,3.7367366870230837e-06,1.0465372938123922e-06,1.1941984046472701e-05,0.00023828255718021368,0.04872421665832244,9.675088633612539e-05,0.0015338716193321192,3.446936825923618e-07,9.81154562916438e-05,0.9492602576425433,1.402871579102438e-07,1.297330695580632e-06,5.492730443821736e-07
35,2.6783470573493676e-08,1.2972228767731443e-08,2.2904618230686513e-09,6.667611885741007e-07,8.020773184102436e-09,3.1507056218898506e-06,1.032064266962712e-08,1.1606590367563411e-05,1.9060569533907906e-06,9.536135939768821e-08,6.4761221008501134e-06,4.462323517215674e-06,3.5314427708784648e-06,1.0507696773713553e-06,1.1632746232083067e-05,0.00023626799468337052,0.04812027440821093,9.379409031656737e-05,0.0013752905465330598,3.4262726950516286e-07,9.718863634302431e-05,0.9500303169923553,1.4124847499141717e-07,1.1982626278264192e-06,5.459258193290215e-07
36,3.32952666586502e-08,1.9555115791443438e-08,2.8366000634712926e-09,8.05040295990297e-07,1.3743327388661223e-08,6.3965264438741e-06,9.817833399313058e-09,8.142109207701653e-06,2.866366398064307e-06,1.0945889268720346e-07,7.98795399232812e-06,2.993711976076772e-06,3.6149092921565644e-06,1.0936657421643587e-06,1.378663253787171e-05,0.00024552374018671144,0.06792207053276737,0.0001104546505487917,0.0014932518341619217,4.025292310845912e-07,0.00013581543975002105,0.930041869424954,1.9981022403937304e-07,1.8677570932935977e-06,6.686581602613348e-07
37,4.8389702899438726e-08,1.7999671006988548e-08,3.1201241591146273e-09,8.088179702173336e-07,9.345908421676071e-09,3.379028373955568e-06,1.2727574743166655e-08,1.1979532358583043e-05,2.6312833585795786e-06,1.1593385141202193e-07,6.307861139005888e-06,6.195572369692679e-06,5.380179283734241e-06,1.0560514333531654e-06,1.0335790301849992e-05,0.000255794229931267,0.0537311759871356,0.00012871394549151277,0.0018403036312455805,4.224756853985674e-07,0.00011272973821850211,0.9438799037573119,1.4821737908796883e-07,1.886403497297561e-06,6.399806819981749e-07
38,1.84718491406533e-08,1.108792298252845e-08,1.6592189320792872e-09,7.191076896748495e-07,6.154055955894739e-09,2.2395974944551126e-06,8.378976426271955e-09,1.0536852088107762e-05,1.3523751117710886e-06,8.162456311665996e-08,6.0360783363176135e-06,4.361695915498757e-06,2.9627814190280494e-06,1.1150398905326058e-06,8.456034317599606e-06,0.00017567249958049715,0.04901894947650729,7.898460831605999e-05,0.0010243174915246275,3.3558274120779326e-07,9.135728138031876e-05,0.9495708762956815,1.5553362220456963e-07,9.782374228952435e-07,4.660543738722769e-07
39,2.6201095282791516e-08,1.2483467276021159e-08,2.3335892403738293e-09,6.656472362372867e-07,7.969310833313473e-09,3.3179672535808058e-06,1.0248493719495918e-08,1.1992918026581064e-05,1.8743665415429035e-06,9.742861921191923e-08,6.5726821384707834e-06,4.329272787633736e-06,3.559820986669132e-06,1.0304455018101257e-06,1.1912869455645315e-05,0.00024490017799577295,0.04907636160112801,9.375297257834503e-05,0.0014137855940890122,3.475880344240661e-07,9.853280078303203e-05,0.9490250108281257,1.4265711403156404e-07,1.2116399782255987e-06,5.41485669721703e-07
40,2.932639929646933e-08,1.4222601610129713e-08,2.714561888917068e-09,6.527421702146992e-07,8.142354273800733e-09,3.0982241130619867e-06,1.279104073933914e-08,1.0378548963127038e-05,2.299482570892386e-06,8.381306403898663e-08,6.709918889598469e-06,6.0667953065403865e-06,3.7203578229768425e-06,1.2183135336990854e-06,1.4828269732777644e-05,0.000199946201465946,0.03957123051757317,9.50498052329997e-05,0.0012804043288940357,2.729436822143984e-07,0.00010427570786411533,0.9586977939095437,1.27926001302225e-07,1.0505561127799507e-06,7.244405049030962e-07
41,3.516892529858836e-08,1.5143777776234315e-08,2.991530523315479e-09,7.348731263833643e-07,1.1633742584737804e-08,3.818088599978991e-06,1.3294258053935969e-08,1.351092468424885e-05,2.5438416354893395e-06,1.0353067095745876e-07,7.501936221567173e-06,5.125934482311871e-06,4.6874270208568725e-06,1.129548791317878e-06,1.5117400053226868e-05,0.00030868408191104185,0.05398843548238351,0.00010730238287307242,0.0015127777860385653,4.3058949564008725e-07,0.00010776586527618636,0.9439180080371145,1.517701938376105e-07,1.4154896827923185e-06,6.767775101933733e-07
42,7.321386385690393e-08,2.7091400778354192e-08,3.449800689958038e-09,8.908230455956835e-07,2.751735317059463e-08,5.276746047463112e-06,1.6424033488620408e-08,9.12720292700421e-06,4.218169796520747e-06,8.645127548301189e-08,9.422816334696561e-06,6.2713385857270195e-06,8.241162569102217e-06,2.4826246041194626e-06,1.4098099305700347e-05,0.000213923739104389,0.10892069516377305,0.00018203247062140545,0.001223825141336676,5.369997385849127e-07,0.0001364680673347207,0.8892590353385308,1.9045888672679263e-07,1.6062203660447567e-06,1.4232693643187728e-06
43,2.8427478388139117e-08,1.3442184401199488e-08,2.396715256514073e-09,6.877758239584893e-07,8.45606269011677e-09,3.136151212024114e-06,1.0663282890187312e-08,1.1749622190526526e-05,2.011353819264014e-06,8.98495934050501e-08,6.83600256150901e-06,4.793018341806239e-06,3.7326288475568265e-06,1.0912033319877672e-06,1.195845777654491e-05,0.0002363420293279597,0.049127202206735464,9.425203705781147e-05,0.0013732252191734496,3.471143353578846e-07,9.643255103184632e-05,0.9490241120593077,1.429069097889446e-07,1.2258329908730947e-06,5.685939073563442e-07
44,2.6507701572120482e-08,1.2930823460909888e-08,2.2829358781441717e-09,6.670356416794486e-07,8.032472164373838e-09,3.1632794328793017e-06,1.0274543515379423e-08,1.1550484661870908e-05,1.9010766086865248e-06,9.502081154868309e-08,6.502385754617563e-06,4.446495386803558e-06,3.5329559626466305e-06,1.0532723713374033e-06,1.1647779551211513e-05,0.000236519327915364,0.04822683715362578,9.314920043535555e-05,0.0013691062610849786,3.431926567390346e-07,9.723444765192573e-05,0.9499303057003317,1.4203142784607686e-07,1.1976517851578726e-06,5.452184254139865e-07
45,2.889460881810376e-08,1.583796598546461e-08,1.7015518775026564e-09,6.417218894983247e-07,8.604499210963732e-09,2.5558851065521917e-06,9.22022008999805e-09,7.104967061594803e-06,1.7966722078500863e-06,9.132082449007186e-08,5.086625515936101e-06,4.993714248940194e-06,4.311160010845718e-06,1.313483883668869e-06,7.425049784255915e-06,0.00014813345336629093,0.06473152043864223,0.00010033164627096242,0.0011840774002946047,3.53845472004442e-07,0.00011543709809733196,0.9336827940945466,1.662603564733833e-07,1.1334843162560942e-06,6.674192576295332e-07
46,3.6741126933788047e-07,2.1420841025563093e-07,4.3002392668137706e-08,8.884226905459306e-07,5.249029432251233e-08,6.200718368996832e-06,4.510845303305042e-07,8.215332136557954e-05,6.689844928576446e-05,4.256383360334325e-07,1.3240852112645552e-05,4.3622470634106594e-05,2.775193387622833e-06,1.545116189296099e-06,0.00014724206391178522,0.001277210075833959,0.00255154071872589,0.00018315271662294527,0.008519134951620967,1.514767731440944e-07,0.00022267790060507238,0.9868758882693078,6.461817383814345e-08,2.602004481868966e-06,1.456824675253277e-06
47,3.0410683419412227e-09,3.2970802936681526e-08,7.152720795546966e-09,1.033297959400868e-05,3.055472135168628e-08,8.923206873545983e-05,1.5453908016633462e-08,0.0003099712653507196,1.2990080193234928e-06,1.2952637994032978e-07,0.0004656973125175347,5.345946368628917e-07,1.7630484186035354e-07,3.0050277850879303e-05,2.356367370359454e-05,0.00016438980586434398,0.05849772623029955,5.154916711670768e-05,0.000874276047891298,2.9076594914003553e-07,0.00012851253522211815,0.9393474526626127,3.1234643201893284e-06,1.416098118134239e-06,1.8703775435082444e-07
48,4.25009584241879e-08,1.5420460534498902e-08,9.192126967322966e-09,1.949457550064458e-06,1.842113376699186e-08,1.900392342748718e-06,6.888167809721257e-08,1.7045355654777276e-05,5.507553271941348e-06,8.21396083056289e-08,6.2675005091283515e-06,2.4426706846221812e-05,3.937923009464677e-06,2.001007904098991e-06,9.981545160487018e-05,0.00042275723036242245,0.02385985070503284,0.00015541585922669715,0.00020971303178102542,4.2376802270099786e-07,0.00018871030451655986,0.9749946769677231,1.010063833294023e-07,3.651555626916583e-07,4.898066728949219e-06
49,2.4420600029754516e-08,1.2715754733312364e-08,2.3727663556895136e-09,7.591456485922074e-07,7.003812576262243e-09,3.073530755915658e-06,1.0235196562602374e-08,1.1157388013500409e-05,1.8277141931205085e-06,9.700664890808119e-08,6.350058616296479e-06,4.943491271038381e-06,3.564548320660664e-06,1.0985232284774682e-06,1.1093816143727726e-05,0.0002234240905795884,0.04550683287589244,9.09368944065632e-05,0.001260405721591981,3.4494823643706824e-07,0.00010151198508632279,0.9527706013075031,1.5079266775660906e-07,1.2130419695469041e-06,5.563710956373841e-07
50,2.4180271514979696e-08,1.2093207134381002e-08,2.2815126891551373e-09,5.779479890404285e-07,7.485142663691092e-09,2.369680236551388e-06,1.550561763337794e-08,1.5271042738135303e-05,1.3916961644352144e-06,1.3167065204527002e-07,5.3243996881916394e-06,4.960583435751122e-06,2.8861551017738274e-06,1.1936514071093544e-06,1.1759220177897726e-05,0.00020474783547521426,0.038228622867605,8.946668225780434e-05,0.0012308307699825018,2.8640367098835536e-07,9.4708722640778e-05,0.9601038582021532,1.418851730335338e-07,7.81939252150594e-07,6.270984471097375e-07
51,3.226311836502516e-08,1.0921126698508504e-08,3.3918474715469267e-09,6.053656757048586e-07,1.9117543983852356e-08,6.434908777039576e-06,1.573523706972186e-08,1.4350559541555296e-05,2.67364086696387e-06,1.2483644761347108e-07,8.849880089102925e-06,4.46413550898468e-06,8.41422049537778e-06,1.0019777670458355e-06,1.8404535520338362e-05,0.0005274384283298603,0.08400804338739298,0.00010607957655352398,0.0018756604994727877,6.604133476922913e-07,0.00014465123720642918,0.9132691193245858,1.9799462212427953e-07,1.9741172547006313e-06,7.695316708018243e-07
52,2.7366716834736297e-08,1.2514276745135774e-08,2.271419363748959e-09,6.373630460398839e-07,8.17792585073267e-09,3.3713201723615278e-06,9.964996832009444e-09,1.167900305054092e-05,1.935081215988166e-06,9.341952318335058e-08,6.538875575006184e-06,4.155792997504936e-06,3.5168515608682966e-06,1.0644066554031784e-06,1.2183424484748153e-05,0.00024406161953211537,0.04939678962095671,9.941192995041091e-05,0.0013753345546025685,3.359515345331207e-07,9.409511108321146e-05,0.9487428856361774,1.3086460322705363e-07,1.1686336725633727e-06,5.502442700116128e-07
53,2.1126146248902425e-08,1.2329911016209132e-08,2.6072662786532356e-09,7.330237655663316e-07,9.919897673310228e-09,2.4297671797924765e-06,1.925177912768281e-08,1.45828281872787e-05,1.971150751337516e-06,1.0561307138688651e-07,7.028029750515589e-06,6.910882621956387e-06,3.7751682446545416e-06,1.1612206961222083e-06,1.5511807428490694e-05,0.00027403210712455094,0.03484017241939454,7.557802291681744e-05,0.001069406256354627,3.5658135306934825e-07,0.00011066651106338782,0.963573656039155,1.6765179057045642e-07,1.0188925829720557e-06,6.707915670766079e-07
54,2.3793619866690453e-08,1.3677974881213918e-08,2.012143389280999e-09,5.831618987262063e-07,6.742574583514664e-09,2.5069886964018464e-06,1.0290399960042021e-08,9.02556039766129e-06,1.8536600143216552e-06,9.634504434132801e-08,4.53957073842695e-06,4.4257477639594024e-06,2.473190874865152e-06,1.0717852441444309e-06,1.3776716303771221e-05,0.0002021639690202406,0.03511724508493321,8.69584434462042e-05,0.0009775053682560752,2.485791311600727e-07,8.514736719303603e-05,0.9634888326113507,1.1038676322907675e-07,7.094240338480157e-07,6.695221833370222e-07
55,3.358385258555427e-08,1.5213965732601336e-08,2.713274320108489e-09,7.773259998318431e-07,8.466717422334896e-09,3.127394393657235e-06,1.2435486256911609e-08,1.136094050114088e-05,2.4866843316478005e-06,1.0241232519450883e-07,6.1436790360514944e-06,6.254198508954953e-06,4.6423027862705035e-06,1.0885083621445562e-06,1.1943856230829266e-05,0.0002605780895832426,0.04604386179915878,0.00010700114651926126,0.001477545088682683,3.7772697665112177e-07,0.00011190614854666069,0.9519485341457802,1.388733398176496e-07,1.4167570769169088e-06,6.405085637390831e-07
56,2.8025814472379054e-08,1.3328819812974998e-08,2.379482512589079e-09,6.945091064077501e-07,8.393052473186052e-09,3.205558893385283e-06,1.0714614852029786e-08,1.150425023829826e-05,1.9558046021723246e-06,9.713834541661104e-08,6.639972903043251e-06,4.875090398125131e-06,4.029340628589159e-06,1.1029828433501583e-06,1.1540443627490152e-05,0.00023580309877591147,0.050720471758046504,9.585770240140343e-05,0.001402662411239246,3.687638913379202e-07,0.00010174371509589868,0.9473953752179604,1.510597713847334e-07,1.2776231142387416e-06,5.807163331489402e-07
57,2.5153157523035897e-08,1.2411939588195487e-08,2.1814182560452886e-09,6.691474474577731e-07,6.8586039517273275e-09,2.4085944719111543e-06,1.0920220745336172e-08,1.1037333233673035e-05,1.723960139632389e-06,1.0408949633846178e-07,5.408614993281038e-06,6.005877967330196e-06,4.550946889499595e-06,9.714372186430425e-07,9.51153692242067e-06,0.00022885065864340634,0.047507597383572804,8.41979633650187e-05,0.001437366447066157,3.929527233906899e-07,0.00010337533628247996,0.9505938317323437,1.524258141154616e-07,1.2382468812502955e-06,5.477891873919482e-07
58,3.033836100785905e-08,1.4353481106906965e-08,2.5536520030644283e-09,7.462480326366896e-07,8.656622855586095e-09,3.401099042121257e-06,1.0909965217118936e-08,1.1790271395048537e-05,2.1110921587184e-06,1.0175419844188654e-07,6.950163832305115e-06,5.092017403085998e-06,4.311710789046528e-06,1.081457456997107e-06,1.0842292936972255e-05,0.00025308974469179414,0.05091546653616379,9.681897776095069e-05,0.0015526394520821852,3.930195717582256e-07,0.00010585546446481331,0.9470269912941607,1.6243321199202054e-07,1.5393569939012725e-06,5.488015705468072e-07
59,2.9158927534751183e-08,1.410286298450891e-08,2.6649875446929642e-09,7.522717054827496e-07,8.351272813901884e-09,3.435527034480281e-06,1.0823675873470414e-08,1.2046831123735348e-05,2.1368250586123897e-06,1.0132296488576288e-07,7.0407388634310485e-06,4.842979690009738e-06,3.924030611121217e-06,9.988970225630568e-07,1.1727455226845751e-05,0.00026203706366121054,0.047357041362110525,9.316668829743135e-05,0.0015352449482679738,3.8691094861701084e-07,0.00010307227690903673,0.9505997604757306,1.5776697003639344e-07,1.5337338749273027e-06,5.267922019198352e-07
60,2.6507701572120482e-08,1.2930823460909888e-08,2.2829358781441717e-09,6.670356416794486e-07,8.032472164373838e-09,3.1632794328793017e-06,1.0274543515379423e-08,1.1550484661870908e-05,1.9010766086865248e-06,9.502081154868309e-08,6.502385754617563e-06,4.446495386803558e-06,3.5329559626466305e-06,1.0532723713374033e-06,1.1647779551211513e-05,0.000236519327915364,0.04822683715362578,9.314920043535555e-05,0.0013691062610849786,3.431926567390346e-07,9.723444765192573e-05,0.9499303057003317,1.4203142784607686e-07,1.1976517851578726e-06,5.452184254139865e-07
61,2.94228965654158e-08,1.4229507424070416e-08,2.6813004913964055e-09,7.472110166005803e-07,8.486288995781541e-09,3.3945229571873374e-06,1.1229577879404091e-08,1.2323715291674123e-05,2.0843689359437327e-06,1.0448028059215367e-07,7.02511453351298e-06,4.858413189278694e-06,3.893386466132912e-06,1.0242717271977476e-06,1.1845891637447285e-05,0.0002550317165285718,0.047608294178390326,9.461457737224835e-05,0.0015216469086466696,3.853469199466905e-07,0.00010380179620175469,0.9503666708342853,1.6007317166093832e-07,1.4825389528584974e-06,5.446039236289457e-07
62,2.6507701572120482e-08,1.2930823460909888e-08,2.2829358781441717e-09,6.670356416794486e-07,8.032472164373838e-09,3.1632794328793017e-06,1.0274543515379423e-08,1.1550484661870908e-05,1.9010766086865248e-06,9.502081154868309e-08,6.502385754617563e-06,4.446495386803558e-06,3.5329559626466305e-06,1.0532723713374033e-06,1.1647779551211513e-05,0.000236519327915364,0.04822683715362578,9.314920043535555e-05,0.0013691062610849786,3.431926567390346e-07,9.723444765192573e-05,0.9499303057003317,1.4203142784607686e-07,1.1976517851578726e-06,5.452184254139865e-07
63,2.7881973581551966e-08,1.4272965680840312e-08,2.3323524722831113e-09,6.817715274440458e-07,8.243420323178815e-09,3.13107352442811e-06,1.0363913081907652e-08,1.1071734061669727e-05,1.9441206708821445e-06,9.860501054528883e-08,6.4232762040242485e-06,4.4869663907414256e-06,3.492548969073506e-06,1.0608220860383576e-06,1.1574329665664873e-05,0.00022527218107960283,0.048268449851611786,9.320263733131024e-05,0.0013890390388491157,3.4729821356488195e-07,9.922360102478018e-05,0.9498785059151033,1.4841739964310057e-07,1.2214013764055284e-06,5.613152748213064e-07
64,2.4679007332861222e-08,1.3289274807557844e-08,2.2443891627240484e-09,7.060753091215636e-07,7.78394295136172e-09,3.064145149119632e-06,1.0457773443075228e-08,1.0406029813883242e-05,1.8707315787440828e-06,1.0154092550575836e-07,6.022144654069695e-06,4.694296558770605e-06,3.561281010287894e-06,1.086938321745124e-06,1.126548681343149e-05,0.0002219655692656619,0.04765010537172013,9.198727415679594e-05,0.0012584069006050845,3.5501484339798763e-07,0.00010964150522747623,0.9506227926901707,1.532627352139951e-07,1.1715153524492052e-06,5.83771400615811e-07
65,2.467614435792103e-08,1.2737942809324104e-08,2.3228035066529563e-09,6.90659304935153e-07,7.80299530259541e-09,3.0752957159946427e-06,1.0909113272287133e-08,1.2407394305816629e-05,1.7513153799167148e-06,1.0383769070702034e-07,6.3268897071673114e-06,4.4533043191049265e-06,3.319287669490388e-06,1.115939672615755e-06,1.188422029793089e-05,0.00023271166549870917,0.04655627827221013,9.179018049426233e-05,0.0012781923506872777,3.4578181392346166e-07,9.92060734361233e-05,0.9516944927672137,1.4841356487779615e-07,1.083269705420689e-06,5.646323126512298e-07
66,4.316596906347439e-08,1.6245595039816278e-08,3.2476275961790455e-09,6.570790587405288e-07,1.491432127790958e-08,5.23878245808379e-06,1.1500185147772096e-08,1.0910969458444046e-05,2.6617215411282467e-06,1.2154554779015195e-07,7.940595860349673e-06,4.0556983946556466e-06,6.322064288499368e-06,9.237947701373195e-07,1.4099101532557964e-05,0.0003136545872445674,0.08001407934714307,0.00011676140109706342,0.0020220631438684013,6.012503508048121e-07,0.0001270384587435405,0.9173497000034773,1.9144038021863368e-07,2.195903464694682e-06,6.940376220273976e-07
67,2.0816597724542015e-08,1.0314190036255273e-08,2.1248773631372364e-09,1.0387624844584136e-06,8.366629025269563e-09,5.287650668841688e-06,7.2455904993169855e-09,1.0362850245450252e-05,1.5965859038341533e-06,1.0281870903958144e-07,7.680132110049668e-06,4.126924640192836e-06,6.3345698911730425e-06,1.6062722271600908e-06,8.458858983263694e-06,0.0002802318997257951,0.08804140555496896,0.00010702322863427763,0.0011518465989591405,5.792190814144484e-07,0.00012225793608722007,0.9102474703198781,2.3711303146927938e-07,1.7243041352462348e-06,5.795317504815464e-07
68,2.983467859497434e-08,1.4672412313405014e-08,2.6402521096570012e-09,8.334407959585765e-07,7.505156614120925e-09,3.1131396087431558e-06,1.1261890824816687e-08,1.2433893063385116e-05,2.042920751796711e-06,1.0616123807009151e-07,6.297522102622723e-06,5.381179452762004e-06,3.731018157049675e-06,1.1595374052788034e-06,1.027021468271429e-05,0.00023806592340129803,0.04671992771326963,0.00010101400152113832,0.001390836024382025,3.6475625579277e-07,0.00011026964426049375,0.9513920273651222,1.5441086390321892e-07,1.3427558138325432e-06,5.624634609897903e-07
69,2.496778411958181e-08,1.3716208937501193e-08,2.5255230078651107e-09,8.144315675570311e-07,8.921066967140671e-09,3.509295202825129e-06,1.0949124890166577e-08,1.3214577527389878e-05,1.99533023462433e-06,1.0101202776884864e-07,8.152999344806769e-06,4.976869736512816e-06,4.068084879112429e-06,1.1346781596843444e-06,1.158481822884611e-05,0.00027817597508955524,0.04844880369454817,8.652040665630048e-05,0.0014789577843207376,4.247430262692545e-07,0.00010957244481185114,0.9495456703255163,1.8427496903019015e-07,1.5795083218256967e-06,4.976661228413097e-07
70,2.614461588408088e-08,1.292383044860647e-08,2.250986155894027e-09,6.587218235227905e-07,7.96044503872039e-09,3.1612472308374423e-06,1.0154039643914516e-08,1.1352243997251893e-05,1.8939414745900816e-06,9.436280016978946e-08,6.498940099074582e-06,4.395177548850797e-06,3.4755982390461115e-06,1.0397399074103424e-06,1.1553361884427834e-05,0.00023366225358295155,0.04774794344825282,9.185120192424787e-05,0.0013801296358160145,3.372177599340463e-07,9.743607990394317e-05,0.9504025761725574,1.4209242496817724e-07,1.2026376803376985e-06,5.364911750617337e-07
