,0,1,2,3,4,5,6,7,8,9,10,11,12,13,14,15,16,17,18,19,20,21,22,23,24
0,5.967007529517213e-07,1.0955965465533901e-07,2.49652380882188e-08,7.312994121007552e-07,8.992256238109078e-08,1.65588444377845e-05,5.017373547900051e-08,7.960849912822163e-06,4.093891064170688e-05,1.3229136222682507e-07,7.969537711103428e-06,9.739590841485647e-06,1.2929494290259078e-05,1.0500496685320543e-06,9.815593464640896e-05,0.0003929139063296893,0.09005116134812695,0.000390534592556782,0.003967554899364172,4.971601804665612e-07,0.00030283433734667537,0.9046886445029421,1.0034293818507475e-07,2.8474013451082865e-06,5.873384001823093e-06
1,6.948684826926901e-07,1.282749575318168e-07,3.333525845969801e-08,9.39168088744384e-07,6.675336225292725e-08,1.504558921678424e-05,6.814371775832906e-08,8.873054271720162e-06,4.285710001895442e-05,1.963281907815967e-07,6.164459801806698e-06,1.3193066400266377e-05,1.1475972421366225e-05,1.0503778567494633e-06,9.736406687931704e-05,0.0004227659101883667,0.061957316081062995,0.0004449986230538713,0.0038261688167493704,4.306136999796242e-07,0.0003327170163974244,0.9328078170749323,9.291812803653098e-08,2.796226495443742e-06,6.746160366856209e-06
2,6.879584638056703e-07,1.1965186036613795e-07,2.4945955287694197e-08,7.792830924484904e-07,9.048016677266832e-08,1.1305514811013964e-05,6.678398280827844e-08,7.684296599583921e-06,3.5385559176798676e-05,1.4774695446849104e-07,6.32207344967404e-06,1.2751477649247595e-05,1.240219281861889e-05,1.314788637985484e-06,9.886477571950109e-05,0.00029975493661148114,0.08111994363746845,0.0004478373162117346,0.0026523623850884703,4.5935677183476007e-07,0.00028489201343324033,0.9149960621623274,9.907736244908871e-08,2.0117911758588256e-06,8.62979421063801e-06
3,5.731280767678062e-07,1.0848989662443447e-07,2.353190758036323e-08,8.773252920325227e-07,6.354528057887543e-08,1.1925540440076868e-05,5.537962484079731e-08,7.188365641740043e-06,3.1988527030887776e-05,1.466823376358236e-07,6.115961186285742e-06,1.1871514867150549e-05,1.0284682141566989e-05,1.2020388919554026e-06,8.03679081332262e-05,0.0002915167892722825,0.07357771838208083,0.0004240966243142789,0.002747418411267807,3.8963357246154753e-07,0.0002948150606082227,0.9224921040385622,9.50926238708938e-08,2.16877237478954e-06,6.884574574192166e-06
4,5.964145256174958e-07,1.1045780475571275e-07,2.308598493313172e-08,9.122320788619421e-07,6.519499998577342e-08,1.160923386431398e-05,5.554064379429649e-08,6.666616283644458e-06,3.219988501660228e-05,1.453826255716007e-07,6.049728612003407e-06,1.3157231831852343e-05,1.2103662662648605e-05,1.287350339677795e-06,7.620416050669236e-05,0.0002782902080884141,0.07943451715450583,0.00044035546488346134,0.002680236546249184,4.2094230482044453e-07,0.00030678510301406414,0.9166884062513843,9.98116368894274e-08,2.265718865550584e-06,7.436621286525036e-06
5,5.787967956181573e-07,1.0690848542760396e-07,2.1840832490337738e-08,1.0043854989504351e-06,5.190371198673857e-08,1.095021224931854e-05,4.8702454061908765e-08,6.05838307682071e-06,2.960791683985848e-05,1.5016720734177952e-07,5.229559501904598e-06,1.2518770028639925e-05,1.0513181816679955e-05,1.2401878817611724e-06,6.731020145737745e-05,0.0002569817383356918,0.07613771893894218,0.0004757469379713602,0.002376227184779897,3.9393902098617133e-07,0.0003008979095266623,0.9202971713230157,9.322753315329276e-08,2.1665622542045917e-06,7.211120781681631e-06
6,5.731280767678062e-07,1.0848989662443447e-07,2.353190758036323e-08,8.773252920325227e-07,6.354528057887543e-08,1.1925540440076868e-05,5.537962484079731e-08,7.188365641740043e-06,3.1988527030887776e-05,1.466823376358236e-07,6.115961186285742e-06,1.1871514867150549e-05,1.0284682141566989e-05,1.2020388919554026e-06,8.03679081332262e-05,0.0002915167892722825,0.07357771838208083,0.0004240966243142789,0.002747418411267807,3.8963357246154753e-07,0.0002948150606082227,0.9224921040385622,9.50926238708938e-08,2.16877237478954e-06,6.884574574192166e-06
7,1.8345605428575978e-06,1.90785101867061e-07,6.155860586956863e-08,1.108428241462375e-06,1.0953010800477143e-07,1.9385400030518688e-05,9.997864303345195e-08,1.2977509609017879e-05,5.2560873679018744e-05,2.3673517714396046e-07,8.849956870870482e-06,1.9488673137422827e-05,2.4338578829067437e-05,1.4493796744341328e-06,8.765060507049724e-05,0.0004059838759879926,0.10379085976531852,0.0006974180080739877,0.006346839284826034,6.404115967036615e-07,0.0003463210617140405,0.888166987978764,1.2449316819422606e-07,4.946014584871299e-06,9.536552644889442e-06
8,1.0141024839542677e-06,1.9911399818703153e-07,5.195092091297466e-08,1.9032204506315678e-06,8.609457199604482e-08,1.6150098973922085e-05,1.0014585570128345e-07,1.1879136368072026e-05,4.301599345590319e-05,2.5758779986665905e-07,8.051771506658037e-06,2.060940643635338e-05,1.4678785388294426e-05,1.8686348517107802e-06,7.704472692129372e-05,0.00036772990014068954,0.07907932984752436,0.0005136538674747809,0.0033621090194103564,5.892396302070422e-07,0.0003818378520189363,0.9160844850565825,1.8509416570727878e-07,3.7165154383806047e-06,9.4528376307104e-06
9,6.220879190806828e-07,1.5814532072633325e-07,4.045008727653699e-08,1.8192627033863355e-06,5.6996753518252445e-08,1.4720232335448643e-05,7.831820025056469e-08,7.836870586215632e-06,4.1153482879714334e-05,2.47154719045374e-07,6.015820004447031e-06,1.854977151359681e-05,1.166054205980608e-05,1.3868933449889713e-06,7.996238345219638e-05,0.00036320961589494173,0.06022795239009328,0.0004452429462368612,0.0026553310614404533,5.069414824675039e-07,0.00043764924321744057,0.9356739992594594,1.4792019097999906e-07,3.1996731475964376e-06,8.452536956727959e-06
10,5.731280767678062e-07,1.0848989662443447e-07,2.353190758036323e-08,8.773252920325227e-07,6.354528057887543e-08,1.1925540440076868e-05,5.537962484079731e-08,7.188365641740043e-06,3.1988527030887776e-05,1.466823376358236e-07,6.115961186285742e-06,1.1871514867150549e-05,1.0284682141566989e-05,1.2020388919554026e-06,8.03679081332262e-05,0.0002915167892722825,0.07357771838208083,0.0004240966243142789,0.002747418411267807,3.8963357246154753e-07,0.0002948150606082227,0.9224921040385622,9.50926238708938e-08,2.16877237478954e-06,6.884574574192166e-06
11,6.105938916493524e-07,1.1285794376760219e-07,2.4470420886252172e-08,9.149346591711771e-07,6.780178222470481e-08,1.2147894865988641e-05,5.774092629984447e-08,7.212004066401379e-06,3.27536273717239e-05,1.530992489682421e-07,6.288405970992388e-06,1.284585593211711e-05,1.1938189770380979e-05,1.2658828647011693e-06,7.93232055135521e-05,0.00029694733898828285,0.07843626551719511,0.00043871681955695606,0.0028314041562101213,4.327144550602812e-07,0.0003056255907445681,0.9175151670791728,1.0226478702963773e-07,2.351686248218059e-06,7.270267413164485e-06
12,5.711412947819123e-07,1.1096130582554009e-07,2.9843056839911534e-08,9.075331677622188e-07,5.8515176082050905e-08,1.1990390409904309e-05,6.443871955133632e-08,9.1216844507102e-06,3.5388456952799385e-05,1.5080103860274878e-07,7.187375468204422e-06,1.3447655947763935e-05,9.403820690095958e-06,9.78846510412954e-07,9.485649280380673e-05,0.00034582875298608636,0.05390002738745679,0.00035800294899459835,0.003458352012024293,3.686728639461842e-07,0.0002811861631365542,0.9414635309565208,9.648678662600372e-08,2.6470782306579956e-06,5.691584006567841e-06
13,2.8408849816119635e-07,7.25321322578553e-08,1.3588423993681293e-08,8.339177958837529e-07,4.7269001800257295e-08,6.0883242719085905e-06,4.854535076765559e-08,7.866698166644074e-06,1.809964264356233e-05,7.42232136808137e-08,9.027282882747654e-06,1.4717187953092367e-05,7.2287721673054965e-06,1.730539983775998e-06,6.459163378759947e-05,0.00017516749130942963,0.05626830028091436,0.00026632718957872957,0.0016292070456573283,2.783410588421301e-07,0.00020158948074872662,0.9413219050065177,1.0087953868184496e-07,1.3605985954805354e-06,5.039439807428833e-06
14,5.948891722698679e-07,1.5215112265665948e-07,1.6465411332390136e-08,7.145010051306735e-07,8.933672708761703e-08,1.074845840499415e-05,6.281043855936035e-08,7.731857394073765e-06,2.8504486123209466e-05,2.0440580255626502e-07,6.58495683507114e-06,9.847513561345277e-06,9.428206437768867e-06,1.4336080910824287e-06,6.46319819481219e-05,0.00029341662292914486,0.07389761978618688,0.00043210266073808503,0.0033527999854259176,4.1050874123892573e-07,0.0002605831558560744,0.9216143212956421,1.0412073659613491e-07,2.207068321822151e-06,5.689166946690943e-06
15,5.731280767678062e-07,1.0848989662443447e-07,2.353190758036323e-08,8.773252920325227e-07,6.354528057887543e-08,1.1925540440076868e-05,5.537962484079731e-08,7.188365641740043e-06,3.1988527030887776e-05,1.466823376358236e-07,6.115961186285742e-06,1.1871514867150549e-05,1.0284682141566989e-05,1.2020388919554026e-06,8.03679081332262e-05,0.0002915167892722825,0.07357771838208083,0.0004240966243142789,0.002747418411267807,3.8963357246154753e-07,0.0002948150606082227,0.9224921040385622,9.50926238708938e-08,2.16877237478954e-06,6.884574574192166e-06
16,4.4304559614763557e-07,9.749790567334056e-08,1.7514436828791918e-08,8.036193829890767e-07,4.8461355449935865e-08,8.41515566372859e-06,5.175097285435445e-08,6.017420157703003e-06,2.5344307714039765e-05,1.5346162828195816e-07,4.602633459099217e-06,1.220422261198837e-05,8.422346435539705e-06,1.138584715214899e-06,6.906295191606805e-05,0.0002451682553597373,0.0609287479127473,0.00039115085047208674,0.002205881935500808,3.427081571806572e-07,0.00030075279163077834,0.935782826469738,8.574280618892318e-08,1.6500136076593559e-06,6.570346028747013e-06
17,4.965749369191228e-07,9.704497084711257e-08,1.9530967299084634e-08,8.628595261735347e-07,6.122469756478446e-08,1.006426842110073e-05,5.1750457495022367e-08,6.623633817839236e-06,2.6833369483601215e-05,1.3583781055683012e-07,5.768806805130264e-06,1.1963191857655895e-05,1.0516389010195695e-05,1.2906540828037702e-06,7.129352892308439e-05,0.00025889624206643807,0.07942383155851342,0.0004048890910430328,0.0022752606428303895,4.0280328614578087e-07,0.000284264794476512,0.917197388647018,9.960918284910283e-08,1.8973006039752447e-06,6.990645210902933e-06
18,6.26306913030522e-07,1.4922329240833837e-07,4.656477036358383e-08,1.2591533883919654e-06,6.678168090677564e-08,2.044000703484899e-05,6.910497852941455e-08,1.3819826926087178e-05,5.403514497610627e-05,1.7488454357241825e-07,1.1423742297455393e-05,1.3037665154603162e-05,8.965309558871192e-06,9.157874112442328e-07,0.00011732216504806115,0.0005678451016821082,0.043825688936404844,0.0003133169766225576,0.00571114820300674,4.197197399680414e-07,0.0002923418804536901,0.9490379560741884,1.2169474994495967e-07,4.747463697487105e-06,4.062281479756642e-06
19,4.912809884950535e-07,1.1405044454821381e-07,2.425595036744758e-08,1.0778517908872576e-06,5.30410872863999e-08,8.934782042628309e-06,6.881458700164537e-08,6.697745607853448e-06,3.127891583481859e-05,1.6237859077655213e-07,5.264691710443351e-06,1.6631887158968704e-05,1.0173690442261421e-05,1.2009370856170633e-06,7.729304727289326e-05,0.0002800529491182233,0.057213111318763825,0.00037821146548044454,0.002242864471321442,3.848136655994529e-07,0.000317375119193336,0.9393990282072858,9.945221249059864e-08,2.005351394892812e-06,7.399480969180727e-06
20,3.1847147044851666e-07,7.285046270758728e-08,1.703147229781379e-08,7.146722892900088e-07,3.833621012240946e-08,7.49492724901975e-06,4.6024033591987194e-08,7.426447492423874e-06,2.0699335692932002e-05,1.152259533272458e-07,5.533351849438108e-06,1.0136732424077643e-05,5.727068550558075e-06,9.451861341002584e-07,8.569754807290092e-05,0.00023465520317541435,0.04601468937009818,0.00029730876669342113,0.0020240054983314834,2.720186111287314e-07,0.00021891660417167267,0.9510587731433348,7.513418015889093e-08,1.3657255859213472e-06,4.9553264605060984e-06
21,6.537702278367069e-07,1.359582721714438e-07,2.7481989233162413e-08,1.3000074477869824e-06,6.131041564232509e-08,1.1908471105274042e-05,6.90628776690085e-08,8.158268013621755e-06,4.2632515066483375e-05,1.8680229588673737e-07,6.015834976687436e-06,1.9003352571459177e-05,1.312354592681936e-05,1.5618437565062455e-06,7.62334461278028e-05,0.00041658038329517246,0.05859117980575685,0.0004995983939153314,0.0027287845827634826,4.684075334358109e-07,0.0003486308222517487,0.9372237088722841,9.552709695126614e-08,2.6902321129463985e-06,7.1913019191401636e-06
22,6.59524796253104e-07,9.258309256314899e-08,1.8878555766198006e-08,7.011075007900479e-07,5.744821893428803e-08,1.1294847717201434e-05,3.865433229627329e-08,5.860210026412043e-06,2.642398407583052e-05,1.1588295539059322e-07,5.505126366711678e-06,8.318713696549993e-06,8.590791203498244e-06,1.082656363962494e-06,7.442166704972069e-05,0.0002265663620206469,0.09228108725483468,0.0005253726865287192,0.0024219623039536,3.333556914789923e-07,0.00023977658284775818,0.9041529269314904,6.993905180865037e-08,1.795519409859619e-06,6.926988219155373e-06
23,5.731280767678062e-07,1.0848989662443447e-07,2.353190758036323e-08,8.773252920325227e-07,6.354528057887543e-08,1.1925540440076868e-05,5.537962484079731e-08,7.188365641740043e-06,3.1988527030887776e-05,1.466823376358236e-07,6.115961186285742e-06,1.1871514867150549e-05,1.0284682141566989e-05,1.2020388919554026e-06,8.03679081332262e-05,0.0002915167892722825,0.07357771838208083,0.0004240966243142789,0.002747418411267807,3.8963357246154753e-07,0.0002948150606082227,0.9224921040385622,9.50926238708938e-08,2.16877237478954e-06,6.884574574192166e-06
24,6.01872407504247e-07,1.2268694684818497e-07,2.1434900311176437e-08,1.092130124556098e-06,6.190932817068141e-08,1.1732805267242015e-05,5.174467991309888e-08,7.080479806023438e-06,3.043000995667741e-05,1.6813491634252128e-07,5.8449898848227715e-06,1.2844910032443681e-05,1.1629244356256485e-05,1.552252764173394e-06,6.071035913809921e-05,0.0002893351647229318,0.08221073007749786,0.0004816561370781464,0.002554166495857129,4.548768854478783e-07,0.0003001159679795316,0.9140102885608775,1.0957411629497582e-07,2.352508966058758e-06,6.845671509665036e-06
25,3.4950629499771197e-07,8.591729871430119e-08,1.8097734043088476e-08,1.0594802934667683e-06,5.3382897281186675e-08,9.565831271181517e-06,5.2061119335327354e-08,1.174608405150388e-05,2.2183795485937085e-05,1.1896960777811308e-07,9.547645368661432e-06,1.1546498834939258e-05,7.0802747383271346e-06,1.6251919381956736e-06,6.62363222471213e-05,0.00029713104025151356,0.059206836348388574,0.0003245419560945363,0.002322650496192801,3.6665532257377334e-07,0.00022194000269475371,0.9374790658002818,1.1019691953123835e-07,1.9492437758308063e-06,4.1392008963126026e-06
26,1.525605593095487e-06,1.7166876722580549e-07,3.907556046963342e-08,1.1389802445362323e-06,1.0422860256063914e-07,2.098567942581462e-05,5.184797072793413e-08,6.732748021818266e-06,5.336557708068508e-05,1.7213636698079028e-07,7.588211292473318e-06,1.308262512945657e-05,2.421557733805348e-05,1.1676343542737424e-06,6.560898418287842e-05,0.0003616645962122938,0.14064442487101597,0.0006804344779703224,0.004999572559537149,7.19484408338543e-07,0.0003504873990168166,0.8527525195703938,1.3009211956195004e-07,6.012777195907259e-06,8.0835921989436e-06
27,2.1448094534860827e-05,8.483981183083047e-07,3.1749591272253485e-07,2.3242038094500793e-06,1.574239807975387e-06,0.00012025044646933727,3.698960102979759e-07,8.283462347015692e-06,0.00035267017770104867,7.241900893079185e-07,6.622265910247525e-06,6.672658852087656e-05,0.0007609734327450361,4.580169082063498e-06,7.396086566857835e-05,0.0011666010586977279,0.6805968918618326,0.002976706036109435,0.010494164024798542,4.555105635722786e-06,0.0019249221303627858,0.301303845687771,2.598823590933843e-07,1.6793284885215753e-05,9.358700082077143e-05
28,5.731280767678062e-07,1.0848989662443447e-07,2.353190758036323e-08,8.773252920325227e-07,6.354528057887543e-08,1.1925540440076868e-05,5.537962484079731e-08,7.188365641740043e-06,3.1988527030887776e-05,1.466823376358236e-07,6.115961186285742e-06,1.1871514867150549e-05,1.0284682141566989e-05,1.2020388919554026e-06,8.03679081332262e-05,0.0002915167892722825,0.07357771838208083,0.0004240966243142789,0.002747418411267807,3.8963357246154753e-07,0.0002948150606082227,0.9224921040385622,9.50926238708938e-08,2.16877237478954e-06,6.884574574192166e-06
29,5.731280767678062e-07,1.0848989662443447e-07,2.353190758036323e-08,8.773252920325227e-07,6.354528057887543e-08,1.1925540440076868e-05,5.537962484079731e-08,7.188365641740043e-06,3.1988527030887776e-05,1.466823376358236e-07,6.115961186285742e-06,1.1871514867150549e-05,1.0284682141566989e-05,1.2020388919554026e-06,8.03679081332262e-05,0.0002915167892722825,0.07357771838208083,0.0004240966243142789,0.002747418411267807,3.8963357246154753e-07,0.0002948150606082227,0.9224921040385622,9.50926238708938e-08,2.16877237478954e-06,6.884574574192166e-06
30,5.731280767678062e-07,1.0848989662443447e-07,2.353190758036323e-08,8.773252920325227e-07,6.354528057887543e-08,1.1925540440076868e-05,5.537962484079731e-08,7.188365641740043e-06,3.1988527030887776e-05,1.466823376358236e-07,6.115961186285742e-06,1.1871514867150549e-05,1.0284682141566989e-05,1.2020388919554026e-06,8.03679081332262e-05,0.0002915167892722825,0.07357771838208083,0.0004240966243142789,0.002747418411267807,3.8963357246154753e-07,0.0002948150606082227,0.9224921040385622,9.50926238708938e-08,2.16877237478954e-06,6.884574574192166e-06
31,1.0697661253582396e-06,1.4480798807818402e-07,3.840061981013777e-08,1.0447777336594034e-06,8.083349430726966e-08,1.3240877799002612e-05,8.35359432144263e-08,1.3476434484990547e-05,3.532927128981962e-05,2.1897556419825327e-07,7.057897432464908e-06,1.5108941536239258e-05,1.3682048887373125e-05,1.4641889349327192e-06,8.296010051849645e-05,0.0003446580374378845,0.08331052276279956,0.0005878422051803358,0.004086067180303176,5.095300072251381e-07,0.0003078950087881973,0.9111666351104099,1.1057238979060291e-07,2.7295660327960586e-06,8.029168299415215e-06
32,5.911548705006534e-07,1.1022276296124072e-07,2.375245719235954e-08,8.2326958108598e-07,6.212178749391365e-08,1.2101370378101373e-05,5.433342906230488e-08,7.276046954357938e-06,3.164046550343068e-05,1.5006067352930476e-07,6.1413236981796965e-06,1.1464870521314622e-05,1.0012554782005107e-05,1.1503723724331358e-06,7.936472938925339e-05,0.0002850552518416026,0.07172937971780328,0.00041905527795874884,0.003031320807247584,3.766554802230506e-07,0.00029124642207645576,0.9240737148108131,9.452570929923871e-08,2.245396677248251e-06,6.544485231384383e-06
33,2.655692947886219e-07,6.208578797602409e-08,9.822332605388242e-09,8.352760310742819e-07,4.929680840389803e-08,9.930871548418757e-06,2.9268018767185037e-08,7.0356222398602805e-06,1.3566837524439807e-05,1.4314501146264348e-07,6.152024495217874e-06,7.118834658270392e-06,1.0677050534512535e-05,1.5094458874399093e-06,3.3976753447604174e-05,0.0002884566810404188,0.10957475498986832,0.0003329907626624067,0.002109887285532478,5.353967169968356e-07,0.00021965057728854124,0.8873765715052104,1.3162112814507483e-07,2.133315751131173e-06,3.5259611805268193e-06
34,6.74169005475298e-07,1.187129017642618e-07,2.5932174785300405e-08,8.573977181688587e-07,6.759942205262778e-08,1.2642847532184977e-05,5.747231142872359e-08,7.448900395546912e-06,3.581846834577028e-05,1.454981453449081e-07,6.467625088050451e-06,1.2443724732464267e-05,1.1044192451283994e-05,1.1867331194777297e-06,8.326496247216097e-05,0.0002944674084220644,0.07404287192751685,0.00044539742294358883,0.0031864653235574017,3.8876798429991986e-07,0.000296836041415865,0.9215518438341819,9.32336219967479e-08,2.4084022117978125e-06,6.963402328505816e-06
35,5.804112755806652e-07,1.0890522044857033e-07,2.36275771804726e-08,8.774695818704373e-07,6.341020605042123e-08,1.187998588742227e-05,5.561271923483366e-08,7.219958187736496e-06,3.2085530452413794e-05,1.472268954329299e-07,6.087581502747064e-06,1.191855606225454e-05,1.0283725883572252e-05,1.19928117594786e-06,8.022081680970015e-05,0.0002908962403523195,0.07345722745562243,0.0004278020759162868,0.0027607872825578363,3.888258384221002e-07,0.00029478617805202246,0.9225961940289116,9.451485763376679e-08,2.171054679970371e-06,6.900243773972902e-06
36,8.466988980643479e-07,1.8574178609355488e-07,3.360597318412557e-08,1.1277584308582542e-06,1.0892362049370618e-07,2.7649965165879462e-05,5.488440583181104e-08,5.068263731035437e-06,5.6878664205724316e-05,1.99766264446905e-07,6.673673461969584e-06,8.16187580311961e-06,1.1093262986485045e-05,1.258852466676535e-06,9.901269966238493e-05,0.00033108092513322863,0.10502093457002393,0.0005848891103877133,0.00327225962635856,4.80102417675136e-07,0.00046311030901142515,0.8900959053467377,1.25657634114201e-07,3.4670572881768362e-06,9.39265814520318e-06
37,1.0992317324617334e-06,1.512793847356947e-07,3.1572061985606746e-08,1.0615499390418681e-06,6.949022812265278e-08,1.1818289915180007e-05,6.54177620348009e-08,7.243480110619666e-06,4.075626641306644e-05,1.7769107238888283e-07,5.748605095841902e-06,1.6023821546215936e-05,1.5043428854719355e-05,1.1487938098886047e-06,6.523777417992054e-05,0.0002895597284293799,0.08327798534228992,0.000595730736947737,0.003642260286690168,4.698346006572594e-07,0.00031852445042863687,0.9116983971384494,9.94712596054865e-08,3.479652544246018e-06,7.816666254040666e-06
38,3.467707942072407e-07,8.438582021827272e-08,1.4713870765657892e-08,9.367948155016498e-07,4.421973454269829e-08,7.577922861081573e-06,4.0442628356790276e-08,6.150384434583945e-06,2.0051067440397452e-05,1.1807928199909373e-07,5.416340147585525e-06,1.0888665743261671e-05,7.802757782200264e-06,1.25854452460958e-06,5.4481933755387805e-05,0.00020118616478591628,0.07415159156578369,0.0003450270682432441,0.0017887853475016728,3.713914732649022e-07,0.00026267667907615175,0.923127876478783,1.0279272303935871e-07,1.6052934562696348e-06,5.564194538930797e-06
39,5.692737357445116e-07,1.0498354415166372e-07,2.4172945642369425e-08,8.760636687726282e-07,6.316424231869719e-08,1.2649755979176549e-05,5.5127264785043396e-08,7.4557350908536445e-06,3.171269720055314e-05,1.517153166040446e-07,6.1552760934344734e-06,1.1539534535651432e-05,1.043728424678349e-05,1.1801512992575478e-06,8.225053702430554e-05,0.00030370605417675726,0.07528248945478812,0.0004296366098604879,0.002851406194073132,3.9721059905445823e-07,0.00030190529364420177,0.9206560650605035,9.551587607410245e-08,2.1998660733645036e-06,6.873268217543276e-06
40,6.812714610677594e-07,1.252461800968426e-07,3.0580280093065875e-08,8.536524363239843e-07,7.144567441547192e-08,1.21282047379759e-05,7.63676323227851e-08,6.79461177642114e-06,4.170733060815865e-05,1.289076387505206e-07,6.7669570644099045e-06,1.7324145680993526e-05,1.1623016575758785e-05,1.380829418688735e-06,0.00010993521447618868,0.0002554336799821855,0.06097404077174626,0.00042788011661763314,0.002756383737510197,3.1440661651569084e-07,0.0003178970213700319,0.9350467314042321,8.885333368181418e-08,2.0187439793063377e-06,9.583482970384891e-06
41,7.851101497360553e-07,1.2914109917824542e-07,3.172909771397205e-08,9.649856388263785e-07,9.414871401295639e-08,1.4674132384791615e-05,7.247593878798643e-08,8.485866300420794e-06,4.458031076334979e-05,1.5615743154814593e-07,7.25123744453017e-06,1.4012197512252399e-05,1.3988268901490644e-05,1.287187816812179e-06,0.0001066081726503883,0.0003867146712412092,0.08174898855345976,0.0004885749921479779,0.0031207687862422027,4.871697964096481e-07,0.00032258328693967947,0.9137074589580252,1.0109892065688961e-07,2.6380521099520324e-06,8.563309273237002e-06
42,4.54855367587399e-07,9.261006354341633e-08,2.1091422708305864e-08,8.274127864770345e-07,4.903517766885354e-08,1.0778083630630017e-05,4.901306355835534e-08,7.436057024600855e-06,2.681895477101129e-05,1.4754064077750822e-07,5.7146516808735355e-06,1.0841001051670415e-05,8.543262786377158e-06,1.0221951958907189e-06,7.603009374097827e-05,0.0002935668902090687,0.06258887338071976,0.00036759671509936507,0.0027744286028015047,3.541462306959592e-07,0.0002730864963999887,0.9335455783097818,8.996758380309565e-08,2.035803825159588e-06,5.5638289445722774e-06
43,6.292286761044344e-07,1.1395594436234663e-07,2.5117666730963973e-08,9.078493257690856e-07,6.797558700588062e-08,1.1830401769660698e-05,5.8501024848179846e-08,7.343026493885006e-06,3.44655792353511e-05,1.374670555281178e-07,6.498834472804202e-06,1.3076341010586126e-05,1.1053376592335404e-05,1.2469080907360231e-06,8.328155647234217e-05,0.00029229564170804784,0.07501682258686491,0.00043097331696788236,0.002777145715673298,3.9389032768353596e-07,0.00029153058292180346,0.921010491579963,9.568209018646972e-08,2.246365881649851e-06,7.268518183294663e-06
44,5.731280767678062e-07,1.0848989662443447e-07,2.353190758036323e-08,8.773252920325227e-07,6.354528057887543e-08,1.1925540440076868e-05,5.537962484079731e-08,7.188365641740043e-06,3.1988527030887776e-05,1.466823376358236e-07,6.115961186285742e-06,1.1871514867150549e-05,1.0284682141566989e-05,1.2020388919554026e-06,8.03679081332262e-05,0.0002915167892722825,0.07357771838208083,0.0004240966243142789,0.002747418411267807,3.8963357246154753e-07,0.0002948150606082227,0.9224921040385622,9.50926238708938e-08,2.16877237478954e-06,6.884574574192166e-06
45,6.653528279634164e-07,1.3789548327582467e-07,1.7675128977777802e-08,9.009236893800426e-07,6.823804349620542e-08,9.815937805120652e-06,4.918535164326026e-08,4.161208143555362e-06,3.050233880200808e-05,1.5080024593990338e-07,4.366822368990877e-06,1.3465560681145323e-05,1.3065518366868346e-05,1.5664972887040054e-06,4.77675650976098e-05,0.00017860825621084228,0.10644635703079317,0.000497532551924842,0.0022451834951939323,4.207117493520094e-07,0.00037709709131473844,0.8901167338824311,1.1418728072527346e-07,2.0360886012436244e-06,9.215185175684906e-06
46,1.5968003035518895e-05,3.987434178819825e-06,6.87605995278112e-07,1.5478278499730561e-06,9.513731104564534e-07,3.32602440672601e-05,4.7575606128898876e-06,5.82029748565415e-05,0.0021088419404076773,1.1049783937352736e-06,1.4272068389085105e-05,0.00018142656250729047,1.2235056115093477e-05,2.4112570029686074e-06,0.0020750615978416685,0.002470617941984984,0.004910463000414266,0.0011332686400244703,0.024761406633078225,3.348544407008287e-07,0.0008336919114705652,0.9613260239659474,5.988457684946682e-08,6.202156082086329e-06,4.321452761631561e-05
47,6.496365108182662e-08,4.869707167485354e-07,5.2203262419403035e-08,1.3172408392597838e-05,3.286857940621475e-07,0.0003605349819127425,9.327724605492764e-08,0.00019469770101014928,1.9850642187537348e-05,2.809160590999286e-07,0.0005499395129649397,1.293487359058455e-06,3.609054197785716e-07,5.091615788392015e-05,0.0002803094448855526,0.00022273135634569887,0.083007218454464,0.00019882254585585062,0.002431560883400632,4.6083768432862867e-07,0.00023787271823656427,0.9124209658837416,2.6787273248225324e-06,2.203980413980239e-06,3.1023537866430386e-06
48,8.754967549733276e-07,1.1853524450230469e-07,8.74338813328285e-08,2.9064291986404925e-06,1.6156096504705713e-07,6.669061076070253e-06,3.484089153042177e-07,9.234503450840636e-06,9.280834292778628e-05,1.1766825985904714e-07,5.265030757522679e-06,7.121408472744564e-05,1.3256085922335517e-05,2.6237254478007304e-06,0.0006958740459278449,0.0005322876381917332,0.04519633437084621,0.0007797840437735416,0.0002941851305524257,6.040394135178087e-07,0.0006536572390775704,0.9515614410946672,7.396932116169673e-08,5.824095731454654e-07,7.948965112601812e-05
49,5.356594291692956e-07,1.0734420047411629e-07,2.4409628503878568e-08,9.931427259969279e-07,5.471736571142256e-08,1.1388173322586642e-05,5.483017989557527e-08,6.884372432721007e-06,3.058049272037694e-05,1.4804443692828643e-07,5.95555845513648e-06,1.3282481489784316e-05,1.0307146517988676e-05,1.2475486212285638e-06,7.578600869373957e-05,0.00027004866882273163,0.06872668639792706,0.0004138278009795659,0.002532834991999489,3.852422679392812e-07,0.0003015557570528378,0.9275880164788511,1.0053553399069717e-07,2.2060868179852364e-06,6.988109527284758e-06
50,5.196995575243218e-07,1.0304231965438594e-07,2.3326018791099278e-08,7.233352155608216e-07,6.632402755457359e-08,8.440772690249043e-06,9.21701501364376e-08,9.593464597521499e-06,2.158313704186648e-05,2.1608396098309577e-07,4.995122421439778e-06,1.3108222495721077e-05,8.663879134253451e-06,1.3398539992068634e-06,8.02378471520475e-05,0.00024830658288068865,0.06230466695616861,0.0003825873083626452,0.0024369240804022435,3.4138667397422597e-07,0.0002810248182636021,0.9341866817740618,1.0544930415484814e-07,1.3871957518193233e-06,8.268167347978854e-06
51,7.194545302174228e-07,8.879312899729492e-08,3.4874570459994584e-08,7.43582846105676e-07,1.6916443070145788e-07,2.3557763475948625e-05,8.848122060281273e-08,8.454596850714508e-06,4.51403816807027e-05,1.8927353495966203e-07,7.923279119647199e-06,1.2311031713980886e-05,2.719179638570249e-05,1.131499196977526e-06,0.00013145272736534176,0.000660019870015867,0.1373891921506573,0.000475393663565837,0.003544412215775007,7.98347114263191e-07,0.00044913990245635534,0.8572074373414463,1.346566607160122e-07,3.3961108617164534e-06,1.0879041395282654e-05
52,5.851775221282082e-07,1.0378535252476701e-07,2.3041519283259108e-08,8.330386843303309e-07,6.324789346577318e-08,1.2632361567418555e-05,5.231209229646268e-08,7.208444976404517e-06,3.212292977823235e-05,1.4217325432732662e-07,6.138685165029957e-06,1.0912406637702185e-05,1.0051046291135468e-05,1.2060036416695005e-06,8.33644871999152e-05,0.000296599926548576,0.07487568497054183,0.00045160835070960967,0.002747191629703292,3.764497185650147e-07,0.00028120488622272396,0.9211728735369539,8.673392696565607e-08,2.1052581765517974e-06,6.829115922169872e-06
53,4.325296198734748e-07,1.0165794227826562e-07,2.6013374616637103e-08,8.918681624342885e-07,8.752370065350595e-08,8.120260847592326e-06,1.1970709165845217e-07,9.494503241651568e-06,3.154077431904542e-05,1.5703036894721972e-07,6.969680738668997e-06,1.9148621069525775e-05,1.0857940633840747e-05,1.2694942200444168e-06,0.00011420221315140592,0.00033444240640035007,0.0514927122768513,0.0003056657852830762,0.00209042775877134,3.947961673178626e-07,0.00030268516209364186,0.945259891774571,1.1612155959412905e-07,1.7326460802459945e-06,8.51145373980552e-06
54,6.381617721886778e-07,1.308125969381792e-07,2.481952982039601e-08,8.058797442841822e-07,6.020950642291342e-08,1.05609840872792e-05,6.259611101072895e-08,5.757870056492493e-06,3.5259794476920255e-05,1.684363356956004e-07,4.235933600176531e-06,1.3093920776409056e-05,8.47864463574939e-06,1.2643034466645978e-06,9.780616360314479e-05,0.00026252163283672377,0.05875637280471567,0.0004391694216953865,0.0021938696958521955,3.078087251049329e-07,0.0002901336311474036,0.937867910730718,7.93028753460645e-08,1.4480982793015697e-06,9.838342875526351e-06
55,7.68498798130846e-07,1.3079053495434427e-07,2.90168218306398e-08,1.0399092494630841e-06,6.830579307953439e-08,1.199219327157561e-05,6.834894544992962e-08,7.109872026690599e-06,4.381647585502082e-05,1.5557192315273992e-07,5.898190847235118e-06,1.738303845250861e-05,1.3997213818987101e-05,1.2516624356713793e-06,8.37331666151533e-05,0.0003236626824749795,0.07064818795832106,0.000499885271945644,0.0030344863388488837,4.28343543533118e-07,0.00033967958678835815,0.9249551976447664,9.241691163722847e-08,2.651405918085813e-06,8.286095092660768e-06
56,5.952362119582376e-07,1.1036654738505266e-07,2.4046080839728348e-08,9.000037082396331e-07,6.543005057277134e-08,1.1885628909132897e-05,5.723392704773442e-08,7.12682099222315e-06,3.22518445032812e-05,1.486524037622288e-07,6.242453619544587e-06,1.2875787335701198e-05,1.1561146050834324e-05,1.2498935060630962e-06,7.899767400314372e-05,0.00028781703489345726,0.07649724895274836,0.0004302476415805108,0.0028062553129055605,4.1302664041591147e-07,0.00030260226654252846,0.9195017412707446,1.0013360065972166e-07,2.2883480796393953e-06,7.193794414537374e-06
57,5.230647510274898e-07,1.0130337693570096e-07,2.1270087091044914e-08,8.575998963864033e-07,5.3771831246870614e-08,8.545773056615624e-06,5.842741357696211e-08,6.7122509114857205e-06,2.7656682965333322e-05,1.5594811851428097e-07,5.048028869721174e-06,1.597259778330281e-05,1.2990324165560916e-05,1.105707293870762e-06,6.437217164342957e-05,0.000274180580573971,0.07180733593296935,0.0003705487205855823,0.0027679845322827303,4.3787570404648504e-07,0.0003001676355379192,0.9243260957879392,1.0179501037351126e-07,2.1588320770763932e-06,6.813385155805729e-06
58,6.902530679166298e-07,1.2241521184217124e-07,2.726417040704145e-08,9.703333888526626e-07,6.871955155991452e-08,1.2928304124868693e-05,5.962655943258683e-08,7.370680845730233e-06,3.6288497382438596e-05,1.558152894201589e-07,6.633188005372208e-06,1.3911938297506803e-05,1.2851173582225074e-05,1.2162270379860033e-06,7.547012778894937e-05,0.0003101746463216252,0.07713416287249125,0.0004447821677069144,0.003248497420239871,4.401977978176083e-07,0.0003175956116278847,0.9183656284949944,1.075025313465592e-07,2.8815305881014295e-06,6.964991396186268e-06
59,6.572640997918345e-07,1.198738495010884e-07,2.844132016342412e-08,9.786532934324653e-07,6.671358749825404e-08,1.3133658187405268e-05,5.906455324412959e-08,7.569806985465036e-06,3.689735635946077e-05,1.5554369364954044e-07,6.723098808474986e-06,1.3197316451257887e-05,1.1716050120368318e-05,1.1291854047099787e-06,8.244006710100904e-05,0.0003258545938677899,0.07189825282370844,0.0004274761764583295,0.0031990223104091087,4.382117871750807e-07,0.0003122353562727109,0.9236521931874936,1.0456251089281028e-07,2.856688133676111e-06,6.693995542751487e-06
60,5.731280767678062e-07,1.0848989662443447e-07,2.353190758036323e-08,8.773252920325227e-07,6.354528057887543e-08,1.1925540440076868e-05,5.537962484079731e-08,7.188365641740043e-06,3.1988527030887776e-05,1.466823376358236e-07,6.115961186285742e-06,1.1871514867150549e-05,1.0284682141566989e-05,1.2020388919554026e-06,8.03679081332262e-05,0.0002915167892722825,0.07357771838208083,0.0004240966243142789,0.002747418411267807,3.8963357246154753e-07,0.0002948150606082227,0.9224921040385622,9.50926238708938e-08,2.16877237478954e-06,6.884574574192166e-06
61,6.596746401891349e-07,1.207430571998876e-07,2.8381477478370315e-08,9.70573287768089e-07,6.790976113932077e-08,1.2823441278448106e-05,6.147325942312868e-08,7.725007691969316e-06,3.5813497786912836e-05,1.5876284684332612e-07,6.736348006710204e-06,1.3286616571018941e-05,1.1576322796957565e-05,1.1571185011534366e-06,8.306986009589781e-05,0.00031495399379081595,0.07199981555401999,0.0004306196534807505,0.003148043323647151,4.3345520579833034e-07,0.0003103891312854722,0.9236117329808539,1.0629150041692757e-07,2.7509994998366026e-06,6.898885657174747e-06
62,5.731280767678062e-07,1.0848989662443447e-07,2.353190758036323e-08,8.773252920325227e-07,6.354528057887543e-08,1.1925540440076868e-05,5.537962484079731e-08,7.188365641740043e-06,3.1988527030887776e-05,1.466823376358236e-07,6.115961186285742e-06,1.1871514867150549e-05,1.0284682141566989e-05,1.2020388919554026e-06,8.03679081332262e-05,0.0002915167892722825,0.07357771838208083,0.0004240966243142789,0.002747418411267807,3.8963357246154753e-07,0.0002948150606082227,0.9224921040385622,9.50926238708938e-08,2.16877237478954e-06,6.884574574192166e-06
63,5.950665714570802e-07,1.1934811390879184e-07,2.3834997274984694e-08,8.864307025344167e-07,6.493401285414115e-08,1.1811783015394977e-05,5.521034015428035e-08,6.8824383087850615e-06,3.240135812222405e-05,1.526735482975866e-07,6.03568782128803e-06,1.1811350043320387e-05,1.0099562557879479e-05,1.2068433468545308e-06,7.958821892382815e-05,0.0002787904694588939,0.07333941968425788,0.00041951020446466227,0.0028002870498027347,3.9480529979379377e-07,0.0002983122545924641,0.9226922638221439,9.950752046838012e-08,2.2082447641313283e-06,6.979217269150341e-06
64,5.213918840072509e-07,1.0953075932588052e-07,2.2661440366396884e-08,9.067324960116282e-07,6.039136613579007e-08,1.1612488423247554e-05,5.463663519667624e-08,6.385477923354204e-06,3.06699324432269e-05,1.5940453580408168e-07,5.5428603735495855e-06,1.2140605900674411e-05,1.0282329526787916e-05,1.2367149156127739e-06,7.698489400910226e-05,0.0002731281038332001,0.0730738305991893,0.00041679824661904183,0.002526723929142797,4.0566651825166696e-07,0.000335759720547992,0.9232071782423938,1.0220569711563316e-07,2.0894110837372866e-06,7.293822342231539e-06
65,5.176873720208224e-07,1.0598247816323523e-07,2.3460041918948238e-08,9.059161028505361e-07,6.169975210865746e-08,1.1612004943076793e-05,5.8364398689603536e-08,7.698395820526547e-06,2.8595563610432118e-05,1.6493094904010326e-07,5.8557393772857725e-06,1.1519499275422845e-05,9.523755670109898e-06,1.2767418630892035e-06,8.081940172850493e-05,0.0002862169173698169,0.07221106400473587,0.00041523390489710423,0.0025308152073566983,3.9814170680873646e-07,0.0003042004712417815,0.9240841982662015,1.0116188173971327e-07,1.92611519678312e-06,7.106666028610236e-06
66,9.946934670634196e-07,1.4046750308175986e-07,3.607073941783341e-08,8.320422651182963e-07,1.2234528358850848e-07,2.040607469964091e-05,6.436319697731284e-08,6.795278780321737e-06,4.528683321603404e-05,2.0138566326496953e-07,7.190814313801215e-06,1.0735556850161366e-05,1.9279568964096e-05,1.0091595823772318e-06,9.774511672584158e-05,0.00039477524532158844,0.12451095855931417,0.000532296449658741,0.0043073365193368185,7.078354083304137e-07,0.00040239399359597093,0.8696274296025897,1.2971153780168212e-07,4.089784504889034e-06,9.042527481021482e-06
67,4.0898485385412746e-07,7.9970355763099e-08,1.9727558525380988e-08,1.3209422251942923e-06,6.089575810678591e-08,1.9460820361282137e-05,3.531290384455416e-08,6.096733013068252e-06,2.551195272648866e-05,1.6120034840398845e-07,6.435858444868662e-06,1.0030721812514706e-05,1.7275122826492263e-05,1.8204386323139448e-06,5.7177367707767885e-05,0.0003469937032683181,0.13263295840591394,0.0004955560843159424,0.002107505805500999,6.589857077083227e-07,0.0003728730048756329,0.8638874653494276,1.4512884255182744e-07,2.747498271697368e-06,7.199984347006202e-06
68,6.887512944718638e-07,1.2491314011720562e-07,2.7620348852294538e-08,1.1340780768659507e-06,5.5602619707142206e-08,1.1748705294617036e-05,5.8043057624552995e-08,7.568837557802359e-06,3.4902267709131636e-05,1.6529632954920028e-07,5.704665810731307e-06,1.4562726544900527e-05,1.0868148321082331e-05,1.3261845627459074e-06,6.804439439168885e-05,0.000286574942928021,0.07148845095594164,0.0004932295158169182,0.0028076526938418233,4.1119051652419913e-07,0.0003370933992646878,0.9244198587657061,9.945556793578345e-08,2.4889958025900305e-06,7.159849553993297e-06
69,5.418952102274977e-07,1.1335788937930303e-07,2.5631071325973535e-08,1.041311175704411e-06,6.87384970693145e-08,1.2749875845898407e-05,5.806552185018078e-08,8.228716405289802e-06,3.310756095849173e-05,1.5345873110021925e-07,7.521312242947561e-06,1.3079342455201996e-05,1.1504937418486408e-05,1.25893668429755e-06,8.108132715904582e-05,0.00034059417613638087,0.0721332004243071,0.0003945547583980412,0.0029467575870056597,4.7320367046786955e-07,0.00031872298236389874,0.9236860840280999,1.1785715473694767e-07,2.7741662647858726e-06,6.186349332609906e-06
70,5.647269649078091e-07,1.0830972546562221e-07,2.3191213750721937e-08,8.650045814331766e-07,6.293979576209593e-08,1.1934886096982494e-05,5.463967301307052e-08,7.0634339742432575e-06,3.18359636629714e-05,1.4565508020522151e-07,6.115349046282021e-06,1.1708046903391854e-05,1.010953156910739e-05,1.1853441493914724e-06,7.977197390872673e-05,0.0002876578858832994,0.07290139900677797,0.00041806981675803314,0.0027728875592110055,3.8266136396706814e-07,0.00029555162140845916,0.9231534576176708,9.516836779891746e-08,2.177703829010187e-06,6.77196238408606e-06
71,6.389752701459293e-07,1.245080862892197e-07,2.46286906075902e-08,9.807238398484572e-07,8.525611511015849e-08,1.1583632950912952e-05,6.596524883557175e-08,7.581877508337422e-06,3.535627939807057e-05,1.7242082317715305e-07,6.1185789014036355e-06,1.4106792954133013e-05,1.4175726830563117e-05,1.361978451310881e-06,7.89280578135311e-05,0.0003423246383213458,0.08528319172671611,0.00044331777256182786,0.002679794813867197,5.533364840881402e-07,0.00033194363025545255,0.9107370430570462,1.1855014719443798e-07,2.471318932920856e-06,7.935752785425017e-06
