,0,1,2,3,4,5,6,7,8,9,10,11,12,13,14,15,16,17,18,19,20,21,22,23,24
0,3.5850547921543896e-09,1.0248990810539472e-08,1.3875520419699323e-09,2.653535555049545e-07,1.6846844710678326e-08,2.2115460680086673e-05,2.2556950597784693e-09,3.849478393051863e-06,2.852059775815871e-06,7.337658190418248e-09,3.1638036043094146e-05,1.4055980259000668e-07,1.1632059247591563e-07,8.981076467208623e-07,0.00012367996443110192,5.074131139519686e-05,0.05227167701290864,2.8681666165346612e-05,0.0004213408379752834,3.2606581006730475e-08,5.800180606413563e-05,0.9469831814972945,7.789450756894509e-08,1.6568884913422675e-07,5.026755433198344e-07
1,3.753676005456704e-09,1.1333711925261631e-08,1.5478373166870223e-09,2.9818208933962744e-07,1.1734637950525768e-08,1.6962879455731948e-05,2.7751665408826595e-09,4.014828965541221e-06,2.6189276739726906e-06,9.678630137129917e-09,2.2871326283374693e-05,1.8367292036703857e-07,9.086885063340887e-08,9.132147890887286e-07,0.00011613874198411201,4.835665305493636e-05,0.034235266143091775,2.874036792390936e-05,0.00036923109779745284,2.56197018158406e-08,5.0660970877354056e-05,0.9651028440536419,6.761429317940142e-08,1.3223640593546e-07,5.417765397337202e-07
2,4.085065985017773e-09,1.1810548114677113e-08,1.3526781999330817e-09,2.9955036686269793e-07,1.6239514960814015e-08,1.4284903730126335e-05,3.021029558999631e-09,3.5958371039286356e-06,2.4248647623330857e-06,8.707108048169266e-09,2.279602462365707e-05,1.8126924631233686e-07,1.0246454124325338e-07,1.1861297909544484e-06,0.00012268690791253337,3.6587944856610826e-05,0.04511302073643382,3.410653871839101e-05,0.0002511924922946932,2.9507145476252448e-08,5.450885729603596e-05,0.9543419913188504,7.544659873422098e-08,1.0507560792417384e-07,7.789141749047551e-07
3,3.1339736068977963e-09,9.925829879973338e-09,1.1626702551216258e-09,3.234674731369802e-07,1.1134310929683332e-08,1.4460517987793599e-05,2.3251763777979154e-09,3.230195230721438e-06,1.9835522778834036e-06,7.840623993454222e-09,2.2924816392958654e-05,1.695812748780656e-07,8.599781035028754e-08,1.1046589842063517e-06,9.030402654163791e-05,3.331196295822225e-05,0.04352958010679451,2.9741349483602704e-05,0.0002562144094942677,2.470867145886648e-08,5.3042422868664874e-05,0.9559626886668194,7.558275376119434e-08,1.1213966933175938e-07,5.863139281949633e-07
4,3.3879797433722133e-09,1.0338853984347824e-08,1.1737451945184396e-09,3.3945500628259977e-07,1.169350077506878e-08,1.417705604420769e-05,2.40260053206975e-09,2.9825256708103683e-06,2.041683151391287e-06,7.884310916915256e-09,2.2622743144929154e-05,1.9467378212954942e-07,1.043748124361049e-07,1.2042303124293116e-06,8.669857624579463e-05,3.166201519470118e-05,0.04758363720475704,3.1416164465063766e-05,0.00025156441837991157,2.699331673646269e-08,5.667665941442889e-05,0.9519137542414827,8.04892512713774e-08,1.1812716970835474e-07,6.614874070592747e-07
5,2.9405506807088953e-09,9.039368381365076e-09,9.872061156760602e-10,3.478608482916831e-07,8.610910948524382e-09,1.2479943286373025e-05,1.9539121545322444e-09,2.6156040404764982e-06,1.6617190432300229e-06,7.751461576484527e-09,1.899018604497833e-05,1.7490733343794122e-07,8.380835715775845e-08,1.1294219636188362e-06,7.319616951597284e-05,2.763313386593592e-05,0.04499434967152624,3.2106444727959524e-05,0.0002112830856164061,2.3875218854193705e-08,5.153654214787213e-05,0.9545715758891326,7.28063730317855e-08,1.0339886852327552e-07,6.042486793086009e-07
6,3.1339736068977963e-09,9.925829879973338e-09,1.1626702551216258e-09,3.234674731369802e-07,1.1134310929683332e-08,1.4460517987793599e-05,2.3251763777979154e-09,3.230195230721438e-06,1.9835522778834036e-06,7.840623993454222e-09,2.2924816392958654e-05,1.695812748780656e-07,8.599781035028754e-08,1.1046589842063517e-06,9.030402654163791e-05,3.331196295822225e-05,0.04352958010679451,2.9741349483602704e-05,0.0002562144094942677,2.470867145886648e-08,5.3042422868664874e-05,0.9559626886668194,7.558275376119434e-08,1.1213966933175938e-07,5.863139281949633e-07
7,1.0760603856189248e-08,1.7903253123307966e-08,3.320301218769004e-09,3.8619182367655e-07,1.9909592489812842e-08,2.64824621183937e-05,4.402607975768839e-09,6.5261836071444265e-06,3.2388724637505184e-06,1.4365424202318989e-08,3.5049459920803904e-05,2.799022972873819e-07,2.0588980855449658e-07,1.4527686174825598e-06,0.0001011093668557918,4.921291897743042e-05,0.06212530526585721,4.971135505098736e-05,0.0006877870318476561,4.144732521550759e-08,6.458718930392785e-05,0.936847365161752,1.0454805306053784e-07,2.637728185114434e-07,8.195497180725787e-07
8,4.722191661537631e-09,1.7924224107610663e-08,2.2367801306884597e-09,7.107205979800086e-07,1.5282939045198167e-08,1.9608088231047007e-05,3.989951234870113e-09,5.366083503950353e-06,2.3050659903574617e-06,1.4129237632082225e-08,3.220384739988096e-05,2.9033749844345835e-07,1.1970083753119258e-07,2.0523847251955625e-06,7.879949262004023e-05,4.0482544645476935e-05,0.04965934149393849,3.2559496034320225e-05,0.00030125275024901516,3.959805016289401e-08,6.631461190824637e-05,0.9497573595527473,1.729353707246998e-07,1.8174820567290311e-07,7.812621224201128e-07
9,2.4736735507534487e-09,1.2277825238861135e-08,1.4781989705629207e-09,5.580319160867665e-07,9.023120181793324e-09,1.4787156287748291e-05,2.7408524470471956e-09,3.119333790265293e-06,1.9518951948995105e-06,1.0786025097843698e-08,2.297675037142608e-05,2.4432070803001655e-07,8.163003996074064e-08,1.313107762233118e-06,8.00477361763598e-05,3.446449511034917e-05,0.034394807398382396,2.3754720055645903e-05,0.000215603014087525,2.8364826402583937e-08,6.129016857192461e-05,0.9651440631858553,1.2192618417687237e-07,1.3255215394777908e-07,6.154328299677908e-07
10,3.1339736068977963e-09,9.925829879973338e-09,1.1626702551216258e-09,3.234674731369802e-07,1.1134310929683332e-08,1.4460517987793599e-05,2.3251763777979154e-09,3.230195230721438e-06,1.9835522778834036e-06,7.840623993454222e-09,2.2924816392958654e-05,1.695812748780656e-07,8.599781035028754e-08,1.1046589842063517e-06,9.030402654163791e-05,3.331196295822225e-05,0.04352958010679451,2.9741349483602704e-05,0.0002562144094942677,2.470867145886648e-08,5.3042422868664874e-05,0.9559626886668194,7.558275376119434e-08,1.1213966933175938e-07,5.863139281949633e-07
11,3.4218891444156836e-09,1.0503507367749663e-08,1.2408296764357221e-09,3.4118339418731685e-07,1.2093568724046166e-08,1.4947219957440538e-05,2.4790579878427323e-09,3.260757840197233e-06,2.0583256536826006e-06,8.37215605979993e-09,2.3649283773117445e-05,1.8702957027721647e-07,1.0191602017311783e-07,1.1777009801231727e-06,9.007276648710206e-05,3.412380607479421e-05,0.046837290112105426,3.1155148784759147e-05,0.0002668794622848631,2.7876029646517154e-08,5.62127540023246e-05,0.9526376346034625,8.289250188708893e-08,1.2329781911413835e-07,6.357522494548331e-07
12,2.8816517597476254e-09,9.122812390843347e-09,1.385639050535517e-09,3.0549536301643317e-07,9.588891431018129e-09,1.3843743193908061e-05,2.572849838335729e-09,4.131061555808625e-06,2.056211671515718e-06,7.633676284226878e-09,2.6601231368026312e-05,1.8663263019559405e-07,7.46370932316954e-08,8.473646234484752e-07,0.00010887282811522819,3.93516093845418e-05,0.029981100028238936,2.3674533935199057e-05,0.00032102733910949687,2.2285310662196763e-08,4.776840409787436e-05,0.9694294462750174,7.247617702391056e-08,1.2896002700747893e-07,4.556975668828573e-07
13,1.8235059696325907e-09,7.833561410306922e-09,9.571764583065034e-10,4.525818821989762e-07,8.3839182938495e-09,8.915142745171688e-06,2.4960758749301742e-09,4.193269948571191e-06,1.274056172196681e-06,4.990208783170134e-09,3.851564125477345e-05,2.605432040064947e-07,7.292721528983108e-08,1.8235915372081565e-06,6.666159861550439e-05,2.197347145697375e-05,0.03402405463873441,2.1716546840072075e-05,0.00016473453329069195,2.1079208702025817e-08,5.159730140457e-05,0.9655930399804733,1.0109253207777905e-07,9.951707024568024e-08,4.660019672746222e-07
14,5.439877195188733e-09,2.9541274659243166e-08,1.1469349097516937e-09,3.988693280893601e-07,2.3292397309437443e-08,1.95544943913161e-05,3.819853012643445e-09,4.008394195734447e-06,2.5551486529974277e-06,1.9550244526844876e-08,2.922916028722214e-05,1.5968252638040519e-07,8.070452885425682e-08,1.8554407205236489e-06,9.49198088490784e-05,4.0785045461480985e-05,0.046401672638393815,4.019339510533017e-05,0.0004558888710314385,3.7791751827268474e-08,5.9564280920180124e-05,0.9528480061549605,1.1957250140314943e-07,1.667816804463134e-07,7.209741316091882e-07
15,3.1339736068977963e-09,9.925829879973338e-09,1.1626702551216258e-09,3.234674731369802e-07,1.1134310929683332e-08,1.4460517987793599e-05,2.3251763777979154e-09,3.230195230721438e-06,1.9835522778834036e-06,7.840623993454222e-09,2.2924816392958654e-05,1.695812748780656e-07,8.599781035028754e-08,1.1046589842063517e-06,9.030402654163791e-05,3.331196295822225e-05,0.04352958010679451,2.9741349483602704e-05,0.0002562144094942677,2.470867145886648e-08,5.3042422868664874e-05,0.9559626886668194,7.558275376119434e-08,1.1213966933175938e-07,5.863139281949633e-07
16,2.2958477160260765e-09,8.523921251170606e-09,8.184201322598933e-10,2.768380040330934e-07,7.816560545582615e-09,9.04629391160933e-06,2.180154059981384e-09,2.645289261170825e-06,1.440857572526809e-06,8.084140247070441e-09,1.6362794898453894e-05,1.7148132516902536e-07,6.3696462202399e-08,9.72519389760353e-07,7.607812483452477e-05,2.6053209180863795e-05,0.032665915267619014,2.6150199543666464e-05,0.00019780853962572364,1.9872724350383252e-08,5.134658108488824e-05,0.9669249392781503,6.483343150453153e-08,7.960481594817922e-08,5.349991205639344e-07
17,2.8195110974781313e-09,9.302987908691513e-09,1.0146893737997718e-09,3.384781970586114e-07,1.0883463909288239e-08,1.2448894201067364e-05,2.2600642554672617e-09,3.0193040332875094e-06,1.7018982008663574e-06,7.614801922144228e-09,2.1713090082761732e-05,1.7660579524517079e-07,9.066737197348085e-08,1.2216545389632257e-06,7.83385569918838e-05,2.970830719303533e-05,0.04773583470415754,2.9231966011969122e-05,0.0002135896745774442,2.6342624773651584e-08,5.4160699224283423e-05,0.9518175678879772,8.271498319346605e-08,1.026041769332576e-07,6.120541418654326e-07
18,3.4763816619748452e-09,1.3456243691873698e-08,2.3624995089428125e-09,4.0665561402388865e-07,1.2379400390965275e-08,2.4974564283509572e-05,2.9889881078151456e-09,6.888021970912864e-06,3.44730066553443e-06,8.492006153548077e-09,4.8389018211878945e-05,1.9407899261898587e-07,7.479067396488229e-08,8.404451235510833e-07,0.00014174648330096432,6.909297566228234e-05,0.024290023281527368,1.9511745243619078e-05,0.0006113476979982485,2.5032347781462383e-08,4.6599724018345574e-05,0.9747357413131488,9.210053793965008e-08,2.426746239709076e-07,3.189405350708797e-07
19,2.499870179424128e-09,9.576507568667792e-09,1.0649649139262003e-09,3.5335223505247256e-07,8.552490743401026e-09,9.386115224025916e-06,2.7919242216600454e-09,2.7630950980092577e-06,1.815410856532089e-06,7.875559791125503e-09,1.7976201896316104e-05,2.4354124354150756e-07,7.836475911427842e-08,1.0772829104587055e-06,8.798490490005386e-05,2.9197139861938818e-05,0.0310529806847887,2.5104250739294076e-05,0.00018990597469640812,2.1542734649461415e-08,5.2351265543854254e-05,0.9685279300815848,7.0965876619644e-08,8.669213545989645e-08,6.407715980202676e-07
20,1.7484146423634316e-09,6.2847257469645035e-09,8.957382627821469e-10,2.583664417645435e-07,6.265635573347121e-09,8.460171580453938e-06,2.1032001894031534e-09,3.503809323386229e-06,1.3025643281792197e-06,6.372892336194777e-09,1.9026282228870432e-05,1.506672193997776e-07,4.611375032076111e-08,7.835196331538993e-07,0.00010761900907375862,2.8265686050570795e-05,0.02377157204039339,2.130343676222808e-05,0.00018140024627552273,1.6518068568616534e-08,4.033698034690698e-05,0.9758153746526423,5.273315484199528e-08,6.553619230527705e-08,4.3799592746371557e-07
21,3.2092178129444894e-09,1.1487779932947202e-08,1.1854400017271198e-09,4.0137985380986764e-07,9.630542018161842e-09,1.249619051988412e-05,2.7876064468298673e-09,3.642626660528793e-06,2.322367830445394e-06,8.983548071577202e-09,2.245245430135243e-05,2.6058532644553935e-07,8.617712807768782e-08,1.3959483630468693e-06,8.496223608967905e-05,4.2576658390902846e-05,0.028900651787397664,3.0532849943163686e-05,0.0002484159945364718,2.361643608736679e-08,5.185090049932705e-05,0.9705971613443694,6.887463687416846e-08,1.1663265334245403e-07,5.440909290935917e-07
22,3.674234940152007e-09,7.77017508977933e-09,9.313923445982913e-10,2.597119761113455e-07,9.923146793565186e-09,1.4096200675057031e-05,1.5623809459078259e-09,2.683991691281258e-06,1.5415501051499417e-06,6.419939377603692e-09,2.0655274153105675e-05,1.1410411003181928e-07,7.898724692904981e-08,9.74020038302456e-07,8.145055202249396e-05,2.7172982096564026e-05,0.06045341552259719,4.050593850847317e-05,0.00022585401632487065,2.3302038451752487e-08,4.5205182096812135e-05,0.9390851943358662,5.418573601141072e-08,9.836431402631011e-08,5.914971334904777e-07
23,3.1339736068977963e-09,9.925829879973338e-09,1.1626702551216258e-09,3.234674731369802e-07,1.1134310929683332e-08,1.4460517987793599e-05,2.3251763777979154e-09,3.230195230721438e-06,1.9835522778834036e-06,7.840623993454222e-09,2.2924816392958654e-05,1.695812748780656e-07,8.599781035028754e-08,1.1046589842063517e-06,9.030402654163791e-05,3.331196295822225e-05,0.04352958010679451,2.9741349483602704e-05,0.0002562144094942677,2.470867145886648e-08,5.3042422868664874e-05,0.9559626886668194,7.558275376119434e-08,1.1213966933175938e-07,5.863139281949633e-07
24,3.569612258374248e-09,1.2183809874774599e-08,1.1126020287057694e-09,4.132320925829893e-07,1.1226180643897908e-08,1.4646767280588867e-05,2.288302395357421e-09,3.2160711125886665e-06,1.930488776813011e-06,9.660817671410134e-09,2.162109402729896e-05,1.8930296546407484e-07,9.721680864311376e-08,1.5130415615072703e-06,6.660125197123525e-05,3.227989084137155e-05,0.04958720192151599,3.5022870509160325e-05,0.0002454923657984799,2.8679956476764315e-08,5.6142075235810555e-05,0.9499327318231284,9.116022599890527e-08,1.2250787000121214e-07,6.18196996698733e-07
25,2.1709179924452635e-09,8.658772621216677e-09,1.1527950065637465e-09,4.810724429711832e-07,9.648611933045354e-09,1.333172198666471e-05,2.6837557228853034e-09,6.5454366729565e-06,1.5000231897060814e-06,7.66116015171006e-09,4.0257981211895525e-05,1.8982710049894456e-07,6.315084062184041e-08,1.6505184649069167e-06,7.228758008647244e-05,3.832675966951596e-05,0.0335129914273033,2.5112125972975906e-05,0.00024220074278336585,2.4755926609255843e-08,4.971438695674243e-05,0.9659947070740978,9.875804189925742e-08,1.2402778227709858e-07,3.6065345539317753e-07
26,7.523409340640851e-09,1.5331026224677026e-08,1.6498400487225517e-09,3.8103368375857966e-07,1.915617997050065e-08,2.7303429537949527e-05,1.8553439190236998e-09,2.8492729795794005e-06,2.9039096878539464e-06,9.011861878145045e-09,3.076898241369128e-05,1.633544410485988e-07,1.9422650328417128e-07,1.173854586099313e-06,6.388639863782222e-05,3.831986413387213e-05,0.09697794838775808,4.3386679511975816e-05,0.0004948698203252003,4.701193210622396e-08,6.103961708856992e-05,0.9022536477365972,1.210484024188139e-07,3.1781921543216334e-07,6.230249024428956e-07
27,2.3491676701867413e-07,2.1490400991990672e-07,1.8830662872372034e-08,1.1003454176899907e-06,7.410945618188731e-07,0.00030196421946416824,2.2012961336217027e-08,4.179059003416815e-06,2.9176752435130153e-05,6.255214968237919e-08,4.5198205441046475e-05,1.098596159249386e-06,8.108553934327552e-06,9.882482365158629e-06,0.00011556204576651718,0.0001366761299898622,0.7162221693249632,0.00024311987660185802,0.001968479727333711,5.368802314726792e-07,0.0003346610459465415,0.2805593139546541,4.886060434326912e-07,1.3182327706375873e-06,1.5671650365585404e-05
28,3.1339736068977963e-09,9.925829879973338e-09,1.1626702551216258e-09,3.234674731369802e-07,1.1134310929683332e-08,1.4460517987793599e-05,2.3251763777979154e-09,3.230195230721438e-06,1.9835522778834036e-06,7.840623993454222e-09,2.2924816392958654e-05,1.695812748780656e-07,8.599781035028754e-08,1.1046589842063517e-06,9.030402654163791e-05,3.331196295822225e-05,0.04352958010679451,2.9741349483602704e-05,0.0002562144094942677,2.470867145886648e-08,5.3042422868664874e-05,0.9559626886668194,7.558275376119434e-08,1.1213966933175938e-07,5.863139281949633e-07
29,3.1339736068977963e-09,9.925829879973338e-09,1.1626702551216258e-09,3.234674731369802e-07,1.1134310929683332e-08,1.4460517987793599e-05,2.3251763777979154e-09,3.230195230721438e-06,1.9835522778834036e-06,7.840623993454222e-09,2.2924816392958654e-05,1.695812748780656e-07,8.599781035028754e-08,1.1046589842063517e-06,9.030402654163791e-05,3.331196295822225e-05,0.04352958010679451,2.9741349483602704e-05,0.0002562144094942677,2.470867145886648e-08,5.3042422868664874e-05,0.9559626886668194,7.558275376119434e-08,1.1213966933175938e-07,5.863139281949633e-07
30,3.1339736068977963e-09,9.925829879973338e-09,1.1626702551216258e-09,3.234674731369802e-07,1.1134310929683332e-08,1.4460517987793599e-05,2.3251763777979154e-09,3.230195230721438e-06,1.9835522778834036e-06,7.840623993454222e-09,2.2924816392958654e-05,1.695812748780656e-07,8.599781035028754e-08,1.1046589842063517e-06,9.030402654163791e-05,3.331196295822225e-05,0.04352958010679451,2.9741349483602704e-05,0.0002562144094942677,2.470867145886648e-08,5.3042422868664874e-05,0.9559626886668194,7.558275376119434e-08,1.1213966933175938e-07,5.863139281949633e-07
31,6.066713650175913e-09,1.3877302391909629e-08,1.981614172983247e-09,4.0401509489657493e-07,1.4181989537859366e-08,1.6553781439756886e-05,3.5973119347142115e-09,6.730277779704655e-06,2.1651377381391134e-06,1.3095134542393869e-08,2.622906146410116e-05,2.1392345158899945e-07,1.1014234513674386e-07,1.457718934959628e-06,9.241332095775844e-05,4.079687798764365e-05,0.04944628854953122,4.308780944353493e-05,0.00038999182959685103,3.38375742033792e-08,5.686578675429747e-05,0.9498756859694832,9.158906844900791e-08,1.3762947412143667e-07,6.899418141695766e-07
32,3.389904213473726e-09,1.0292206147095526e-08,1.2154011894089678e-09,3.050031631538601e-07,1.1049026548508729e-08,1.4835651776382583e-05,2.3429523559727883e-09,3.311348959175726e-06,2.0119759165224366e-06,8.227109475833043e-09,2.2923803575453717e-05,1.6763332416343386e-07,8.690841543870157e-08,1.0475892951111497e-06,8.97475996665134e-05,3.3082001629691356e-05,0.04263421818230291,3.013091988664697e-05,0.00029192682288109353,2.429811147836462e-08,5.339783412693952e-05,0.9568219834840709,7.512170462431478e-08,1.1995888237067577e-07,5.673457113547654e-07
33,1.677802301534181e-09,6.767425638996999e-09,6.018470272425213e-10,4.0250906233879836e-07,9.571582161709562e-09,1.5387050976784653e-05,1.3710638931186597e-09,3.4428694051996033e-06,8.888652931386647e-07,9.891788507035292e-09,2.528190876477255e-05,1.0916820489783023e-07,1.0692219958674084e-07,1.6329075800539662e-06,3.1353452158015615e-05,3.527760127729291e-05,0.07805123579355838,2.5969072923788188e-05,0.00022441173590642376,4.085426416977133e-08,5.258439661602155e-05,0.921531231044161,1.4352321107817416e-07,1.5201527568367327e-07,3.1842765207741503e-07
34,3.726918368502053e-09,1.0941921817269565e-08,1.2887396929465841e-09,3.1248732815043184e-07,1.1961295989501644e-08,1.5366479302441562e-05,2.4322809165802932e-09,3.3628588573710654e-06,2.2598700364570716e-06,7.783466234559491e-09,2.4315615460139348e-05,1.786550707192375e-07,9.271353268500931e-08,1.0883445218427078e-06,9.493134687885325e-05,3.40195091677866e-05,0.04341687801686338,3.128833235209727e-05,0.0003014336449933237,2.4641842015292147e-08,5.357999233222988e-05,0.956020037653868,7.332931782841705e-08,1.2472144758576524e-07,5.936522041297724e-07
35,6.225629265684047e-09,1.0332001269815268e-08,1.1984494240923992e-09,2.5896082980332883e-07,8.487500226288644e-09,9.065509921327211e-06,2.7114142086600834e-09,4.219000980168294e-06,1.9841982562192985e-06,8.916628196764775e-09,1.5209084229450903e-05,2.0175193861620118e-07,7.330789037147684e-08,8.812443482433139e-07,7.932811950525439e-05,2.7051230928845032e-05,0.03658965220926541,4.876155027515098e-05,0.00032191912319917937,1.948747211255767e-08,4.184305196028514e-05,0.9628587429832348,4.207591299292464e-08,9.242319390617504e-08,6.168150352073331e-07
36,4.779858802492798e-09,2.1747177834337233e-08,1.5238300514038042e-09,4.375107981809495e-07,2.651190237598202e-08,4.182178698665188e-05,2.3621903090583604e-09,2.1809556892563427e-06,3.394857690883697e-06,1.1410462464391472e-08,3.4171966551502763e-05,1.1174534058087908e-07,9.78783511792697e-08,1.5278043265427826e-06,0.00011555616488621916,3.655819204870114e-05,0.07976844367936138,3.859598847106657e-05,0.00036720724200133817,3.8650471071688746e-08,8.063184928401842e-05,0.9195079023637928,1.451775589168419e-07,2.21609381563483e-07,8.862415863114936e-07
37,5.418663107397234e-09,1.2499013482789823e-08,1.2914803484237315e-09,3.3308263851689815e-07,1.1204751087664881e-08,1.3435457894421389e-05,2.357789253310078e-09,2.9800400122418683e-06,2.1380681133123635e-06,8.737739811452145e-09,2.1129184746806222e-05,2.1131147472405552e-07,1.1196394797165855e-07,1.0980127040467196e-06,6.498690850971859e-05,2.869843815211369e-05,0.05076271564826026,3.854996889459165e-05,0.0003351611281300056,2.698536199002093e-08,5.208472561754305e-05,0.9486754443648615,7.822995902963771e-08,1.5953086368412467e-07,6.154404202474078e-07
38,1.8576223890516731e-09,7.68104854355263e-09,7.144304200436508e-10,3.6164611628688234e-07,7.390988645751444e-09,8.757760987127336e-06,1.6562399243585324e-09,2.743074269721016e-06,1.1762350592800008e-06,6.354521047180595e-09,1.9963111700614583e-05,1.5840363544287588e-07,6.662855469404492e-08,1.1759867559406286e-06,5.5953060233609825e-05,2.183789547139634e-05,0.04559832130679841,2.43086428027042e-05,0.0001624619135768267,2.443542305990759e-08,4.879276671464488e-05,0.9540532357071312,8.451985362586183e-08,8.402115124988049e-08,4.672289131525996e-07
39,3.107583347814925e-09,9.442362320743465e-09,1.2009126655478323e-09,3.2154852027652094e-07,1.1070751404936295e-08,1.5429233759982184e-05,2.3133639359511157e-09,3.4028099839476877e-06,1.9499199605233865e-06,8.074830314843925e-09,2.3362506195572357e-05,1.644612704856321e-07,8.794849942690606e-08,1.0753424630109177e-06,9.320364914418697e-05,3.505363259357476e-05,0.044827996865791,3.0098156391787936e-05,0.0002684297137957868,2.5350744780954518e-08,5.398202552446252e-05,0.954644609258229,7.59952119452456e-08,1.1459159286215401e-07,5.817805234053679e-07
40,4.305007861135604e-09,1.31553937610177e-08,1.7660641683961983e-09,3.178012281872847e-07,1.3326253151501761e-08,1.545220866706296e-05,3.5580747799256332e-09,3.0135570002319686e-06,3.154503248349551e-06,7.296600395158848e-09,2.4257829346178184e-05,2.745612985100928e-07,1.0835866993296395e-07,1.2969715852553292e-06,0.00014194722476030627,3.159379992964154e-05,0.0335080453215765,3.159583468872192e-05,0.00027254372254619256,2.0535286772280473e-08,5.954592372064332e-05,0.9659057057294377,6.515835012838746e-08,1.060671241058869e-07,9.114841415199441e-07
41,4.456619588393544e-09,1.2459965719210713e-08,1.639970537194359e-09,3.4647885010247164e-07,1.8060475766764883e-08,1.842755934470039e-05,3.2316864928948186e-09,3.919759303005188e-06,2.9153746418894937e-06,8.578663083167313e-09,2.753758263411541e-05,1.9585928280792694e-07,1.1455205661187869e-07,1.180368508196832e-06,0.0001313526966068113,4.543339805092304e-05,0.04843995122738594,3.396590479704986e-05,0.0002977455972115872,3.0994857677118077e-08,5.7968100714074306e-05,0.9509378870715847,8.110863903637135e-08,1.3224476492247436e-07,7.656933849196344e-07
42,2.466290875378352e-09,7.973813976812678e-09,1.0332379694203773e-09,2.933154751821108e-07,8.256409379426214e-09,1.2661060609612933e-05,2.044105934180383e-09,3.412026546822123e-06,1.6126133333408943e-06,7.774100576568843e-09,2.1046462757479774e-05,1.5708361342951937e-07,7.212565226308751e-08,9.002786201327686e-07,8.598041123621466e-05,3.41513872850285e-05,0.03619513590413226,2.5588472263868975e-05,0.0002621738602776065,2.2231675103469034e-08,4.806388570623719e-05,0.9633080626181544,6.851438938248756e-08,1.0382886554778752e-07,4.6437144729868905e-07
43,3.4099199594958094e-09,1.0485857890643821e-08,1.24369967639531e-09,3.358888405899518e-07,1.1850884322125033e-08,1.4363036082484666e-05,2.459139347234298e-09,3.301636180294456e-06,2.137565860490154e-06,7.356121441915308e-09,2.4422179451228224e-05,1.8502905723745042e-07,9.063843982473357e-08,1.1430597143268013e-06,9.415771692978275e-05,3.3199018545669454e-05,0.04389964610455572,3.001326699042767e-05,0.0002582417085252105,2.4688668555507017e-08,5.2562955969198546e-05,0.9555853301414627,7.615634184693397e-08,1.1540406636512649e-07,6.169986953405331e-07
44,3.1339736068977963e-09,9.925829879973338e-09,1.1626702551216258e-09,3.234674731369802e-07,1.1134310929683332e-08,1.4460517987793599e-05,2.3251763777979154e-09,3.230195230721438e-06,1.9835522778834036e-06,7.840623993454222e-09,2.2924816392958654e-05,1.695812748780656e-07,8.599781035028754e-08,1.1046589842063517e-06,9.030402654163791e-05,3.331196295822225e-05,0.04352958010679451,2.9741349483602704e-05,0.0002562144094942677,2.470867145886648e-08,5.3042422868664874e-05,0.9559626886668194,7.558275376119434e-08,1.1213966933175938e-07,5.863139281949633e-07
45,3.5012995491277188e-09,1.4214767666001221e-08,8.370938863974274e-10,3.590798536824242e-07,1.202788625190036e-08,1.1874345778684648e-05,2.0189449500993407e-09,1.7362455702078146e-06,1.783362200239784e-06,8.546820476983151e-09,1.6781778928871037e-05,1.882340426391452e-07,1.055556285039737e-07,1.572658542280726e-06,4.444260704260051e-05,1.78024511041368e-05,0.06738668546485824,3.3387772677399e-05,0.00020988063033341092,2.7165206323201788e-08,7.192675667720981e-05,0.9322004302280612,1.0823590176556151e-07,1.1343387245208149e-07,7.528469072901644e-07
46,2.175491621213598e-07,1.228924620011867e-06,4.8577761454495354e-08,4.2639634802415335e-07,4.6595467925825e-07,5.255425490334336e-05,4.93958379659075e-07,4.1421962919184095e-05,0.0002910584067198633,8.955942846290943e-08,9.370204893603297e-05,4.069229782227924e-06,8.953716260654811e-08,3.732579531456858e-06,0.007710047492020097,0.00041249333498934984,0.001811260876315299,7.781053585635976e-05,0.006404595540423617,2.751463406117234e-08,9.416424527090478e-05,0.9829931249415477,5.0793661442858225e-08,3.596369048401415e-07,6.4661480426761875e-06
47,2.7857563816303462e-09,4.2735919741545195e-08,3.4420123455922437e-09,2.6214219474548826e-06,5.461381470930277e-08,0.0001436540308531461,5.5583966427575506e-09,2.332957444942292e-05,2.9655611755577376e-06,2.0668466504433862e-08,0.00028804609348837636,1.0727994062800118e-07,5.218083759204362e-08,1.3309983550512608e-05,0.00018620938083952325,5.247594319892416e-05,0.08906584632166474,4.255750115149616e-05,0.000382000877022372,7.81900963270889e-08,8.925492449012838e-05,0.9097056132091883,6.569274085814499e-07,2.7715244455560654e-07,8.136418859399981e-07
48,4.047044594796749e-09,7.650008598852563e-09,2.5047752047059627e-09,6.212406022799779e-07,2.3147718326275463e-08,5.648427707104436e-06,9.791177212602112e-09,3.6029488556472455e-06,3.727861396965863e-06,4.355923367341655e-09,1.8206893780978548e-05,7.489883495668062e-07,9.925535644732462e-08,1.8687655280622469e-06,0.0006705594472362523,4.153917383452873e-05,0.029056849927206307,4.695791420317144e-05,2.9426434864813734e-05,3.099326655187418e-08,6.987059373087927e-05,0.9700450617855177,4.454082566488468e-08,2.290290983978854e-08,5.060408179706275e-06
49,2.654456659109208e-09,9.22878227116338e-09,1.1610448293574397e-09,3.629639615867465e-07,8.633617186992166e-09,1.3420967908442486e-05,2.220115215423452e-09,3.0022751896625226e-06,1.7432164463860976e-06,7.819615946689367e-09,2.1963753525378263e-05,1.9052778559903106e-07,8.01546070110133e-08,1.1589885529413363e-06,8.214642991074421e-05,2.8929808202510393e-05,0.038516693164788555,2.7468771010772817e-05,0.000226207598559342,2.2900565209065838e-08,5.369142578681331e-05,0.9610221172921983,8.055367118457038e-08,1.0805179118943776e-07,5.794379062044726e-07
50,3.301940425184511e-09,1.0042017566690589e-08,1.3237861164926718e-09,2.9601270123513536e-07,1.117501055708474e-08,1.0700281561163262e-05,4.257932843647299e-09,4.666713302723391e-06,1.4502209362229973e-06,1.4163757159850318e-08,1.689910440062294e-05,2.056903258950745e-07,8.392146073372018e-08,1.29539058937466e-06,8.956340813677832e-05,3.192495351917041e-05,0.03608975741445356,3.211654654459881e-05,0.000237785540404852,2.4149357325139603e-08,5.660028498485161e-05,0.9634256669033691,7.949784188442878e-08,7.683750755981965e-08,7.628641576938874e-07
51,4.2494099007471605e-09,7.693370240636972e-09,1.9373549302499115e-09,2.6358186833666794e-07,3.408333965915749e-08,3.529353675473574e-05,3.828488293422492e-09,4.197901801129493e-06,2.807182999559574e-06,1.0702419030522321e-08,3.445617093731477e-05,1.6701796246595557e-07,2.6522411039195594e-07,1.0079584504722562e-06,0.00015945430748204146,8.454495710178815e-05,0.09417727864863606,3.426385348651772e-05,0.0003948784172358194,5.686013413153012e-08,8.410848030212156e-05,0.904985624006919,1.2289374099333126e-07,2.1516617940814147e-07,9.313395157613188e-07
52,3.310756007911334e-09,9.458843948180053e-09,1.1680583434738821e-09,3.0711790361165745e-07,1.1238926984301373e-08,1.570167145606551e-05,2.227551434682036e-09,3.2850283750760415e-06,2.036709813250288e-06,7.675414806843299e-09,2.3009754412086393e-05,1.5681336993813892e-07,8.600475733676262e-08,1.1098070289775644e-06,9.619997016169759e-05,3.480361245929824e-05,0.04475641910398327,3.276726125874568e-05,0.00025876721878538203,2.4100719819090715e-08,5.106696638265396e-05,0.9547234509224204,6.74407813597398e-08,1.095832736211104e-07,5.958331060070028e-07
53,2.2538509873506618e-09,9.385963306588108e-09,1.3327724921442576e-09,3.5190923858943654e-07,1.4728415032732178e-08,1.0030918792039579e-05,5.335392945573642e-09,4.299734416599395e-06,2.0234459678475996e-06,8.850990581368673e-09,2.513073065892316e-05,2.82429212124547e-07,8.415333183471195e-08,1.203191200132047e-06,0.00013338105760599006,3.834645957964158e-05,0.027404033538396697,2.1480908979659477e-05,0.0001825818646236694,2.3756839377923933e-08,5.918131932659678e-05,0.9721165882845028,9.352581381550973e-08,8.561690459267107e-08,7.552672238459951e-07
54,4.126314233958343e-09,1.6077479347208052e-08,1.2800146123708904e-09,3.201583726643738e-07,1.1988284964683905e-08,1.3314617677461262e-05,3.0234412423324043e-09,2.60826113628084e-06,2.535962516808437e-06,1.097444516521368e-08,1.5751215052103745e-05,2.0253830545223667e-07,7.15511555819315e-08,1.3151990628960987e-06,0.00013806907379613543,3.422357570088964e-05,0.03147134371930486,3.2885693876890774e-05,0.0002282573744281713,2.283233543768202e-08,4.876660114679496e-05,0.9680091252304295,6.37925859625406e-08,7.759236291605258e-08,9.975407737509165e-07
55,3.8679843497079054e-09,1.1209963920641903e-08,1.2823830660402727e-09,3.343074036024624e-07,1.1248329232978915e-08,1.3418241308418091e-05,2.710728896749979e-09,3.043461631191441e-06,2.5103878775231543e-06,7.767558088808293e-09,2.1113905945986346e-05,2.3558113597455292e-07,1.0242734591726065e-07,1.113907854059805e-06,9.505514145621708e-05,3.388889270508999e-05,0.03919226411773191,3.23385893847608e-05,0.000275746958036426,2.404988608898752e-08,5.501592001391403e-05,0.9602728901421084,6.863493146013168e-08,1.1813519436387346e-07,6.791111012699547e-07
56,3.3711077588938253e-09,1.0292922359654052e-08,1.2240581503390452e-09,3.369244951784022e-07,1.1594404006731901e-08,1.4525927916515255e-05,2.4573158582690424e-09,3.20926825332316e-06,2.040966015708348e-06,8.054542945582203e-09,2.339255137533631e-05,1.8922403733043838e-07,9.874496159947848e-08,1.1593577538871813e-06,8.97102088518263e-05,3.2852090254089755e-05,0.04541881184902754,3.071367452105991e-05,0.0002637002040963108,2.6409644210127174e-08,5.540782977361625e-05,0.9540629555907932,8.049076208743145e-08,1.200470124848621e-07,6.316461036650005e-07
57,2.9308995995263264e-09,9.116424738769891e-09,1.0491070327579473e-09,2.8925513705335145e-07,8.822307216452834e-09,9.509004758243477e-06,2.509187422130944e-09,2.989461712151373e-06,1.6827961690615852e-06,8.622613682203852e-09,1.714148679525872e-05,2.3312800054979473e-07,1.0678907476318674e-07,9.383176613613981e-07,7.425339224284981e-05,3.0682301786021305e-05,0.03942576750365624,2.5609225018974267e-05,0.00026697554652606233,2.6551665630610303e-08,5.220660422153773e-05,0.9600907905730275,7.482383725033163e-08,1.0438186691336828e-07,5.858063029536233e-07
58,3.6126520617189814e-09,1.0854551935028903e-08,1.280552705646996e-09,3.4324141795665225e-07,1.169368191622742e-08,1.5522014210474775e-05,2.398786440743796e-09,3.245972386662254e-06,2.148364356503112e-06,8.089193360999959e-09,2.508939547285786e-05,1.9499909051626456e-07,1.0227907643917897e-07,1.1244253820204314e-06,8.239643989725677e-05,3.40997451935212e-05,0.04503501527305112,2.988414080531987e-05,0.00030392019046725086,2.672463256621923e-08,5.5499252846765455e-05,0.9544105448362786,8.673068083705134e-08,1.4584529222177032e-07,5.722000426020501e-07
59,3.4040033766295947e-09,1.049798912619078e-08,1.3208451252952379e-09,3.3780757422471664e-07,1.1279226664945001e-08,1.5552194082056314e-05,2.348213421811326e-09,3.3280853727393834e-06,2.1549857947030675e-06,7.891240820110666e-09,2.563067964076853e-05,1.8186337704247027e-07,9.14419971692651e-08,1.023166724929379e-06,9.033272233501013e-05,3.5270953000064245e-05,0.04152138121268169,2.8189596123449547e-05,0.00030023130443588853,2.6166496143046577e-08,5.306908978462844e-05,0.9579223962565683,8.335027297341835e-08,1.4352906518299645e-07,5.388531547120347e-07
60,3.1339736068977963e-09,9.925829879973338e-09,1.1626702551216258e-09,3.234674731369802e-07,1.1134310929683332e-08,1.4460517987793599e-05,2.3251763777979154e-09,3.230195230721438e-06,1.9835522778834036e-06,7.840623993454222e-09,2.2924816392958654e-05,1.695812748780656e-07,8.599781035028754e-08,1.1046589842063517e-06,9.030402654163791e-05,3.331196295822225e-05,0.04352958010679451,2.9741349483602704e-05,0.0002562144094942677,2.470867145886648e-08,5.3042422868664874e-05,0.9559626886668194,7.558275376119434e-08,1.1213966933175938e-07,5.863139281949633e-07
61,3.4960735307917038e-09,1.0756694909545468e-08,1.34963503769763e-09,3.4130576277592793e-07,1.1689354123729516e-08,1.5413176121745968e-05,2.508066086367706e-09,3.4469665646883863e-06,2.1270068296599096e-06,8.306590298703591e-09,2.5674121303480046e-05,1.870695386610786e-07,9.393175207510745e-08,1.0664175512273677e-06,9.096178222192001e-05,3.4807057948719534e-05,0.042125495946758504,2.905783289581337e-05,0.00029932374173188055,2.6623208191264132e-08,5.429490389203131e-05,0.9573168514174933,8.554939148879795e-08,1.410753898562706e-07,5.6596722995226e-07
62,3.1339736068977963e-09,9.925829879973338e-09,1.1626702551216258e-09,3.234674731369802e-07,1.1134310929683332e-08,1.4460517987793599e-05,2.3251763777979154e-09,3.230195230721438e-06,1.9835522778834036e-06,7.840623993454222e-09,2.2924816392958654e-05,1.695812748780656e-07,8.599781035028754e-08,1.1046589842063517e-06,9.030402654163791e-05,3.331196295822225e-05,0.04352958010679451,2.9741349483602704e-05,0.0002562144094942677,2.470867145886648e-08,5.3042422868664874e-05,0.9559626886668194,7.558275376119434e-08,1.1213966933175938e-07,5.863139281949633e-07
63,3.3980581959610446e-09,1.1490131243368607e-08,1.2178601732756329e-09,3.3140230326789376e-07,1.1651051330856425e-08,1.4434380740002972e-05,2.389640770755981e-09,3.0692701224737004e-06,2.072443823854207e-06,8.433287085714034e-09,2.23634647136154e-05,1.71984200787749e-07,8.581910720903839e-08,1.11311792604776e-06,8.985245042976283e-05,3.177794311513003e-05,0.04341982967135495,2.9863439601935957e-05,0.0002654758509649111,2.5269294450247527e-08,5.5089779727430836e-05,0.9560635959574766,8.02234117303457e-08,1.162711573075663e-07,6.126804996874304e-07
64,2.879968746997218e-09,9.966989001844764e-09,1.113276349071092e-09,3.279001563397411e-07,1.0672855226013337e-08,1.359194822574512e-05,2.3243082491806876e-09,2.821761731020946e-06,1.8961810700430122e-06,8.325832065349119e-09,2.0634841855196647e-05,1.7967599876945915e-07,8.752067966308355e-08,1.1358375683831157e-06,8.711168586444953e-05,3.0640632964517915e-05,0.04305254884953969,2.9023250522869725e-05,0.00023255369219416172,2.563526894202018e-08,5.978206711737822e-05,0.9564667820152061,8.089686427101474e-08,1.0659154246825928e-07,6.337324005765104e-07
65,2.8483687164653876e-09,9.72941930283888e-09,1.1916504624083267e-09,3.450673013366485e-07,1.0726260050163688e-08,1.4097313872287176e-05,2.51601400676215e-09,3.5475188641992604e-06,1.7681192658095337e-06,9.00106730557589e-09,2.2058244422032996e-05,1.6834882355949704e-07,7.968589095461747e-08,1.188909761313245e-06,9.095020986242936e-05,3.293783897102546e-05,0.04214305518308151,2.948511024947322e-05,0.000233643598906018,2.534445959306574e-08,5.566942492379393e-05,0.9573701501176239,8.159243858893186e-08,1.0046291289543728e-07,6.118955892056623e-07
66,5.6300152868005645e-09,1.2296243425992294e-08,1.7945777770223986e-09,2.9341772971187736e-07,2.2550656633116068e-08,2.762300165630969e-05,2.558343371316448e-09,3.066201282946726e-06,2.755305729548668e-06,1.0768058948233505e-08,2.9700875222754578e-05,1.4507634087085486e-07,1.6886867941184182e-07,9.144449180454766e-07,0.00011185812959241682,4.632390986357069e-05,0.08098041947758318,3.847176522043328e-05,0.0004410297295234176,4.7311385387794156e-08,7.381070926132793e-05,0.91824221343202,1.0990147571434223e-07,2.3784124764130057e-07,7.550033721170959e-07
67,2.0323445517500998e-09,6.6463257433628765e-09,9.748120438502235e-10,5.165334701467246e-07,1.0073259368766463e-08,2.7040094991491176e-05,1.361892667147461e-09,2.7870128285085833e-06,1.3687452655978264e-06,8.313669151112959e-09,2.8347520304092953e-05,1.3781411421919154e-07,1.4032257100551846e-07,1.8162215814124626e-06,5.859645037758094e-05,3.694248549038027e-05,0.0856687104987923,3.314885679278565e-05,0.00020103912677212662,4.0243604293275264e-08,6.806673814401647e-05,0.9138703950353634,1.3964702391710704e-07,1.586096182290451e-07,5.78640591092089e-07
68,3.272854194368572e-09,1.0546158603780683e-08,1.2082824971108207e-09,3.880088207419099e-07,8.951650472122421e-09,1.3262873539848245e-05,2.2214799822435214e-09,3.3274381130468767e-06,1.8397127124425898e-06,8.137314748100193e-09,2.2087954189732527e-05,1.9640663782029895e-07,7.844404136238674e-08,1.245364805747616e-06,6.902157722090323e-05,2.884331311214366e-05,0.04140466869153391,3.0460984184780212e-05,0.00025309310432690353,2.3686300915678834e-08,5.5088324451789876e-05,0.9581155917863396,8.257339982525902e-08,1.1852964695761453e-07,5.468888811650248e-07
69,2.6689964302636773e-09,1.0337422197945478e-08,1.2617941589378111e-09,3.915301561048658e-07,1.1749783606399726e-08,1.6062211281877386e-05,2.422145228715547e-09,3.733237608316957e-06,1.948648516912971e-06,8.216390822097115e-09,3.0236368656481823e-05,1.7916527606753354e-07,8.387112815135801e-08,1.1711082716354792e-06,8.992490011298438e-05,3.728801958522365e-05,0.04027424400371483,2.5083826693851795e-05,0.0002737732953388275,2.797037616500846e-08,5.934728739126303e-05,0.9591857222869893,1.0359666025559423e-07,1.442699369249579e-07,4.977457726091898e-07
70,3.1023617840293416e-09,9.957435829614912e-09,1.146378168080984e-09,3.1990472270465e-07,1.1050133072428642e-08,1.4497843312800573e-05,2.2897826980268834e-09,3.15938534958737e-06,1.9841270250293127e-06,7.775539398563914e-09,2.2933552247414748e-05,1.6794156739302167e-07,8.524580822580693e-08,1.0899987514603084e-06,8.919104911095987e-05,3.287032623940922e-05,0.04329015464601735,2.937355903900574e-05,0.0002595340401329029,2.43540421535728e-08,5.328029744262211e-05,0.9562005324497465,7.580137105362239e-08,1.1355189594568522e-07,5.766045465817532e-07
