,0,1,2,3,4,5,6,7,8,9,10,11,12,13,14,15,16,17,18,19,20,21,22,23,24
0,8.182225184378912e-09,1.1090918091100895e-08,2.1319434726925393e-10,5.583281446130289e-08,8.011105298857346e-08,3.1580076686770614e-05,7.747925144705635e-10,2.3166952724816034e-07,9.762473175173303e-07,5.301072401072078e-09,4.815575594206284e-06,2.4221029613030624e-08,5.278629684634462e-07,1.3429047982626972e-06,1.1140543159931881e-05,8.975543202962072e-06,0.8690897179878795,4.506839020209504e-05,0.00020627308690659667,5.441622270707531e-08,4.1944691322210703e-05,0.13055491378771755,5.570262832076322e-08,5.7563028320552214e-08,2.138223737424509e-06
1,1.3178637249904435e-08,1.858026921428162e-08,3.664740835887886e-10,9.513439952872035e-08,7.785781060875021e-08,3.584266098436716e-05,1.4377999703061296e-09,3.5303040074509026e-07,1.3315294326890566e-06,1.0976004931525197e-08,4.812133884288663e-06,4.8925138104756476e-08,6.038688006804066e-07,2.049846910975091e-06,1.52707831790822e-05,1.2681512368830324e-05,0.804788168423079,6.81744450106552e-05,0.0002667186441081133,6.194955698251036e-08,5.3936034858320555e-05,0.19474605756910635,6.957990732959193e-08,6.652879471763417e-08,3.5350030831564337e-06
2,1.182682475777276e-08,1.6859468453916376e-08,2.5684685115757803e-10,7.84409705075632e-08,1.0360116198080407e-07,2.355445235497706e-05,1.4237454107925774e-09,2.47262089170171e-07,9.779465386151583e-07,7.941796507539988e-09,4.1869324706226174e-06,4.174500835324034e-08,5.753761077364811e-07,2.255701124849356e-06,1.4844447653970301e-05,7.863284328362138e-06,0.8551848414607618,6.0103267238496e-05,0.00014263261489045318,6.705396182508875e-08,4.4083084933758314e-05,0.14450867501276682,7.100499907820847e-08,4.4058857460083755e-08,4.714943099149066e-06
3,8.495316064827388e-09,1.2867815258374963e-08,2.167931742497272e-10,8.522527201179376e-08,6.109775171521934e-08,2.3586609240323024e-05,9.859594039805083e-10,2.22710025674445e-07,7.894953730722975e-07,6.833081639218612e-09,4.017273009985271e-06,3.771259999669667e-08,4.7021483562783113e-07,2.013396405513099e-06,9.648558683630855e-06,6.899608408704961e-06,0.8433654607174027,5.468573680868144e-05,0.00014062464907971942,4.939902982440035e-08,4.5233962444740765e-05,0.15634281312535017,6.616652788359313e-08,4.564944698386623e-08,3.1592933374523358e-06
4,8.28308796658061e-09,1.1820974495401591e-08,1.9928760994868248e-10,8.162114989161676e-08,5.6942495418217115e-08,2.0562214853230636e-05,9.147304469854581e-10,1.8825790139980434e-07,7.439616767856565e-07,6.071661771214065e-09,3.5941054421143766e-06,3.9934679684989364e-08,5.31834439485814e-07,1.976076924999772e-06,8.193691695074792e-06,5.878640167059092e-06,0.8532617181173189,5.3638003697643276e-05,0.0001228228776021091,4.754664738808133e-08,4.484515680990625e-05,0.14647177496210112,6.294480237380622e-08,4.3489250046948303e-08,3.1723306030812477e-06
5,7.524080131461013e-09,1.084970737923224e-08,1.7281404576720805e-10,8.949937110428516e-08,4.205576896661235e-08,1.9080579058377542e-05,7.571617750146694e-10,1.7116630441709284e-07,6.240599223223855e-07,6.361422965825896e-09,3.1143115842180535e-06,3.722536372374643e-08,4.3504496736855703e-07,1.971192084851164e-06,7.103118258812346e-06,5.31639137907384e-06,0.8448920842493102,5.8844029946374754e-05,0.00010773340753833382,4.367871447496099e-08,4.253311586107615e-05,0.15485762901602054,5.9128560958331176e-08,3.9710404818635214e-08,3.023354393774139e-06
6,8.495316064827388e-09,1.2867815258374963e-08,2.167931742497272e-10,8.522527201179376e-08,6.109775171521934e-08,2.3586609240323024e-05,9.859594039805083e-10,2.22710025674445e-07,7.894953730722975e-07,6.833081639218612e-09,4.017273009985271e-06,3.771259999669667e-08,4.7021483562783113e-07,2.013396405513099e-06,9.648558683630855e-06,6.899608408704961e-06,0.8433654607174027,5.468573680868144e-05,0.00014062464907971942,4.939902982440035e-08,4.5233962444740765e-05,0.15634281312535017,6.616652788359313e-08,4.564944698386623e-08,3.1592933374523358e-06
7,2.7933803149786514e-08,1.928730154063052e-08,5.438263743569368e-10,7.541607871578773e-08,8.931066777826112e-08,3.337226141322819e-05,1.575598966876901e-09,3.794949783778557e-07,1.0108795050844363e-06,9.423761958612219e-09,5.23514977816378e-06,4.976000294319615e-08,9.169498362104278e-07,1.9350688715334857e-06,8.235437102733889e-06,7.508663693652462e-06,0.8899029849958214,7.138516384771611e-05,0.00034187738436246545,6.23433508995902e-08,3.6880564576067645e-05,0.10958447484081178,6.919261297399033e-08,9.534108585735636e-08,3.3030173105468655e-06
8,1.4268503973757289e-08,2.8020176624219457e-08,4.2627693041924085e-10,1.957627165013576e-07,9.329291179418742e-08,3.1094644345599e-05,1.9306346456399668e-09,3.8417819466277406e-07,8.491902934384855e-07,1.346956107103879e-08,6.082841558970473e-06,6.567838123441117e-08,5.963816413880149e-07,4.0658004239937006e-06,8.469095665423428e-06,7.833853829669157e-06,0.8654571061337567,5.5275542461488545e-05,0.00017666509812710974,8.567972314014668e-08,4.819505466264574e-05,0.1341982016325668,1.7250211526035073e-07,7.910647779488869e-08,4.430414993113689e-06
9,8.620078598136202e-09,2.0759329269263234e-08,3.493134996523447e-10,1.9130245082004216e-07,6.092317894303682e-08,3.043106215134914e-05,1.4701672049972812e-09,2.623877679076195e-07,9.725301913533738e-07,1.2326006160153506e-08,4.813264358144686e-06,6.942479142209387e-08,5.450662818434161e-07,3.1585504167523904e-06,1.0356194375676472e-05,8.711228748143598e-06,0.8088403730427569,5.5526514874496326e-05,0.00014366952695297274,7.100508281548425e-08,6.605126943572066e-05,0.19083017616901046,1.3513083974478947e-07,6.629063003591716e-08,4.315590809573706e-06
10,8.495316064827388e-09,1.2867815258374963e-08,2.167931742497272e-10,8.522527201179376e-08,6.109775171521934e-08,2.3586609240323024e-05,9.859594039805083e-10,2.22710025674445e-07,7.894953730722975e-07,6.833081639218612e-09,4.017273009985271e-06,3.771259999669667e-08,4.7021483562783113e-07,2.013396405513099e-06,9.648558683630855e-06,6.899608408704961e-06,0.8433654607174027,5.468573680868144e-05,0.00014062464907971942,4.939902982440035e-08,4.5233962444740765e-05,0.15634281312535017,6.616652788359313e-08,4.564944698386623e-08,3.1592933374523358e-06
11,8.64778696719429e-09,1.2471587939046771e-08,2.1685313312584002e-10,8.382283704995447e-08,6.100307745443414e-08,2.24137204116591e-05,9.741365445816324e-10,2.1069869713709518e-07,7.654493970426754e-07,6.691757878536488e-09,3.859485809291438e-06,3.9084462941644505e-08,5.286407998309402e-07,1.9783987528089217e-06,8.784900991201553e-06,6.518892180859099e-06,0.8522745477448312,5.395136723612355e-05,0.00013526143180892105,5.096768087912849e-08,4.4987667042402814e-05,0.14744267329003335,6.701305082997553e-08,4.691844707661713e-08,3.1405003295692837e-06
12,1.0914032379581139e-08,1.6132347394110226e-08,3.7798500573473577e-10,1.1096542165999742e-07,7.083883379871649e-08,3.0715167782442053e-05,1.5581326583755955e-09,4.253711402112144e-07,1.1547536931201895e-06,9.046742247101051e-09,6.762025129273675e-06,5.885778125231846e-08,5.580180534830525e-07,2.017848465266592e-06,1.6415899993262662e-05,1.1471330914012476e-05,0.7706163672404599,5.9610306498424114e-05,0.0002564357018325179,5.8528267437354235e-08,5.569595420978702e-05,0.22893868119830096,8.644365389977413e-08,7.547042897935222e-08,3.1900499004211068e-06
13,5.681758795947604e-09,1.1145757817256553e-08,2.2881887792260056e-10,1.5343704339808716e-07,5.478719638004957e-08,1.5927417287920267e-05,1.3594014253070297e-09,3.7490741043556805e-07,6.259898275719465e-07,4.438848405286628e-09,9.319514537050962e-06,8.28381810688801e-08,5.303054290748669e-07,3.9866251493958165e-06,8.739913555804368e-06,5.499692068097368e-06,0.792758890298623,4.629187302578215e-05,0.00010136666565364395,4.8385537627537913e-08,5.372620373194361e-05,0.20699126834786602,1.0975745228006426e-07,5.109915515406993e-08,2.929086683099785e-06
14,1.6597878947792187e-08,5.2223634832038235e-08,2.12893486126396e-10,1.203381231297572e-07,1.5527252309683723e-07,3.240761552061862e-05,2.010925269750905e-09,3.024265532619806e-07,9.910711759731566e-07,2.1537430251578186e-08,5.852620136823087e-06,3.678936243562702e-08,3.962150292975504e-07,4.118948305156402e-06,1.07600421806339e-05,8.868695298746142e-06,0.851144756052734,7.436860290449952e-05,0.0002773843343863075,8.901190427479362e-08,4.620111391209628e-05,0.14838867523095614,1.25873068454813e-07,7.553436170352485e-08,4.221628800706228e-06
15,8.495316064827388e-09,1.2867815258374963e-08,2.167931742497272e-10,8.522527201179376e-08,6.109775171521934e-08,2.3586609240323024e-05,9.859594039805083e-10,2.22710025674445e-07,7.894953730722975e-07,6.833081639218612e-09,4.017273009985271e-06,3.771259999669667e-08,4.7021483562783113e-07,2.013396405513099e-06,9.648558683630855e-06,6.899608408704961e-06,0.8433654607174027,5.468573680868144e-05,0.00014062464907971942,4.939902982440035e-08,4.5233962444740765e-05,0.15634281312535017,6.616652788359313e-08,4.564944698386623e-08,3.1592933374523358e-06
16,7.22372444055941e-09,1.2412170517158752e-08,1.8707945917728196e-10,8.86523556230911e-08,4.904847368106998e-08,1.787287956946222e-05,1.086744609334961e-09,2.173988100584101e-07,7.200103001010119e-07,8.562592366149807e-09,3.2367599246238973e-06,4.801053459641085e-08,4.4800287021896725e-07,2.1175157887356152e-06,9.761154349725924e-06,6.850809117130523e-06,0.7948696628341686,6.0672220408800536e-05,0.00012536476738223462,4.736584654815167e-08,5.915057035895849e-05,0.20484003476630702,6.577720434387701e-08,3.755100055657127e-08,3.524432917479012e-06
17,6.379374496240749e-09,1.0061836193349539e-08,1.6103461356291652e-10,8.056739155955024e-08,5.192355638905779e-08,1.684172018042914e-05,8.357287215399394e-10,1.8067048482910353e-07,5.771438607898684e-07,5.6547118847270025e-09,3.2932980209323375e-06,3.591291851866586e-08,4.590126854235414e-07,2.0054625455966874e-06,7.022582402865976e-06,5.306223764630101e-06,0.8578286399635207,4.74327635642883e-05,9.453588387105839e-05,4.691073127131817e-08,4.215397181290483e-05,0.14194828006312488,6.560186546698263e-08,3.562080944595745e-08,2.9316102020802487e-06
18,1.7870455612197966e-08,3.810853666817336e-08,8.147298527754949e-10,2.0755758275928648e-07,1.209307478154928e-07,7.97693380599033e-05,2.3808667144766873e-09,9.862437077106295e-07,2.6201877661638706e-06,1.4953605921749643e-08,1.7393298894230493e-05,7.373050133613797e-08,5.904007966730913e-07,2.8450264137243507e-06,2.9677517891055128e-05,2.7118508532870887e-05,0.7063687000568503,6.370538752167211e-05,0.0007403469482526353,8.666888971580851e-08,6.510307910656601e-05,0.2925974824084174,1.5322696777114333e-07,2.0169064372974562e-07,2.7436642611438172e-06
19,8.401849496989026e-09,1.4428597090683492e-08,2.696776419186556e-10,1.2024275251700834e-07,5.5972816472991584e-08,1.7938508199751917e-05,1.5562773273044473e-09,2.5669604888955286e-07,9.60938299700273e-07,8.174092039872538e-09,3.934036100190248e-06,7.503299611421426e-08,5.809081970261516e-07,2.3275240119464675e-06,1.1567263508667365e-05,7.7524549056184e-06,0.7731681791120085,6.0436958565467475e-05,0.00012432907042208145,4.9271518943074636e-08,6.019966435515297e-05,0.22653692325458505,7.473727757367308e-08,4.3797756760203614e-08,4.161725179876399e-06
20,6.9031790191466725e-09,1.1336078623095764e-08,2.7794360967798947e-10,1.0839709787922893e-07,4.8231973115009173e-08,2.0676255539290703e-05,1.3807062351315155e-09,4.1453073615853256e-07,8.396406501725918e-07,8.186742369934148e-09,5.301379948849292e-06,5.493377048203411e-08,3.997855088468246e-07,2.0585829032941402e-06,1.8603801908830122e-05,9.681015062115058e-06,0.7116815148208651,6.267529660342276e-05,0.00015107492249869615,4.699775902078834e-08,5.6808765158593314e-05,0.28798617172589186,6.764851252008245e-08,4.092843733431216e-08,3.3842545246171323e-06
21,1.2228967007950874e-08,2.1038993502868388e-08,3.086912455559975e-10,1.5406158693943606e-07,6.784667404031572e-08,2.9765404735131962e-05,1.5770449380364604e-09,3.636704340423927e-07,1.3470343351097207e-06,1.1602530635331144e-08,5.32553689044119e-06,8.14941408832158e-08,6.45895668826852e-07,3.795578364393743e-06,1.2160664376132072e-05,1.2856029015877534e-05,0.7676761294177855,8.548200969779794e-05,0.00019492308201714178,6.382717120097113e-08,6.569826852682172e-05,0.23190701477801234,7.942398833748632e-08,6.545372311902637e-08,3.933766628658325e-06
22,6.960233133622404e-09,6.25772757909369e-09,1.2397893130982893e-10,4.670319816213398e-08,3.5014678541571674e-08,1.6270248912005433e-05,4.1980897549514194e-10,1.2891157011058183e-07,4.390719605293589e-07,3.621074480065093e-09,2.4491159843988974e-06,1.7134590615186274e-08,3.1686561794189575e-07,1.1590409121950914e-06,5.864658801376001e-06,3.986581573470214e-06,0.8840966457332899,5.642453398088866e-05,8.374796260135652e-05,3.037018912087894e-08,2.8231751078879498e-05,0.11570202303015957,2.9782128203595648e-08,2.751285345763364e-08,2.1085930957649534e-06
23,8.495316064827388e-09,1.2867815258374963e-08,2.167931742497272e-10,8.522527201179376e-08,6.109775171521934e-08,2.3586609240323024e-05,9.859594039805083e-10,2.22710025674445e-07,7.894953730722975e-07,6.833081639218612e-09,4.017273009985271e-06,3.771259999669667e-08,4.7021483562783113e-07,2.013396405513099e-06,9.648558683630855e-06,6.899608408704961e-06,0.8433654607174027,5.468573680868144e-05,0.00014062464907971942,4.939902982440035e-08,4.5233962444740765e-05,0.15634281312535017,6.616652788359313e-08,4.564944698386623e-08,3.1592933374523358e-06
24,9.040733464380498e-09,1.568305175406125e-08,1.845215649542863e-10,1.055796874829904e-07,5.558177713777163e-08,2.2674306863572032e-05,8.625941336554155e-10,2.038054030950092e-07,6.887176965962552e-07,8.162943830367822e-09,3.5987168657113857e-06,3.782935236745876e-08,4.6722760049210826e-07,2.708985964883819e-06,6.423581894661939e-06,6.178318344967995e-06,0.8609384810713127,5.95295794216586e-05,0.00013010096764213563,5.558202376691404e-08,4.1476468736824726e-05,0.13878406299801435,7.649294732799379e-08,4.836973530302104e-08,2.991884870207207e-06
25,7.271142155002991e-09,1.4072464263240995e-08,2.8758167220590504e-10,1.7813579940600395e-07,6.475361345822993e-08,2.6802990396014788e-05,1.5403379473313963e-09,6.833991054956253e-07,7.481181352014069e-07,8.264539683239842e-09,1.0395900016658261e-05,5.704931113215583e-08,4.2212590256888987e-07,4.008244260783301e-06,9.59691042195129e-06,1.0484968279208209e-05,0.7856975686221382,5.8512105755226745e-05,0.0001718031344629391,6.006243260301156e-08,5.240597503640498e-05,0.21395379582051838,1.1329900396978311e-07,6.803059803187223e-08,2.1989187466799047e-06
26,1.1271798643189183e-08,9.715441702564038e-09,1.540974322331813e-10,4.599796295826698e-08,5.142645109034817e-08,2.1593877443744797e-05,3.6192322166610114e-10,9.12291855881926e-08,5.641563386738912e-07,3.474924625655764e-09,2.690757805438779e-06,1.6944991896225756e-08,5.42194323460623e-07,9.395348226172868e-07,2.9911046187633275e-06,3.533080516324864e-06,0.9326788211719659,3.877034978801518e-05,0.00014277087617947445,4.362035696718388e-08,2.301373060757984e-05,0.06708186256733763,4.96410710579767e-08,7.059958798734174e-08,1.5121604592789715e-06
27,1.358415033997796e-08,1.5988361888185457e-08,2.343331527277646e-10,6.753050492089704e-08,9.642771355940557e-08,2.668523248305029e-05,1.0202450673164427e-09,1.4104669809373451e-07,8.247316227616956e-07,6.563339460417227e-09,2.8012238105558964e-06,3.44442829748906e-08,7.330151630248991e-07,2.106704908640422e-06,6.016297620321759e-06,5.382529978139808e-06,0.9305077318944943,5.1880427744483935e-05,0.00012761981588724802,5.792929945846853e-08,3.8969967855035793e-05,0.06922461364866371,6.08779921509221e-08,4.481067561682843e-08,4.094052172094695e-06
28,8.495316064827388e-09,1.2867815258374963e-08,2.167931742497272e-10,8.522527201179376e-08,6.109775171521934e-08,2.3586609240323024e-05,9.859594039805083e-10,2.22710025674445e-07,7.894953730722975e-07,6.833081639218612e-09,4.017273009985271e-06,3.771259999669667e-08,4.7021483562783113e-07,2.013396405513099e-06,9.648558683630855e-06,6.899608408704961e-06,0.8433654607174027,5.468573680868144e-05,0.00014062464907971942,4.939902982440035e-08,4.5233962444740765e-05,0.15634281312535017,6.616652788359313e-08,4.564944698386623e-08,3.1592933374523358e-06
29,8.495316064827388e-09,1.2867815258374963e-08,2.167931742497272e-10,8.522527201179376e-08,6.109775171521934e-08,2.3586609240323024e-05,9.859594039805083e-10,2.22710025674445e-07,7.894953730722975e-07,6.833081639218612e-09,4.017273009985271e-06,3.771259999669667e-08,4.7021483562783113e-07,2.013396405513099e-06,9.648558683630855e-06,6.899608408704961e-06,0.8433654607174027,5.468573680868144e-05,0.00014062464907971942,4.939902982440035e-08,4.5233962444740765e-05,0.15634281312535017,6.616652788359313e-08,4.564944698386623e-08,3.1592933374523358e-06
30,8.495316064827388e-09,1.2867815258374963e-08,2.167931742497272e-10,8.522527201179376e-08,6.109775171521934e-08,2.3586609240323024e-05,9.859594039805083e-10,2.22710025674445e-07,7.894953730722975e-07,6.833081639218612e-09,4.017273009985271e-06,3.771259999669667e-08,4.7021483562783113e-07,2.013396405513099e-06,9.648558683630855e-06,6.899608408704961e-06,0.8433654607174027,5.468573680868144e-05,0.00014062464907971942,4.939902982440035e-08,4.5233962444740765e-05,0.15634281312535017,6.616652788359313e-08,4.564944698386623e-08,3.1592933374523358e-06
31,1.7822573242592966e-08,1.754765982405441e-08,3.903368847413068e-10,9.797260244036668e-08,7.137152363053215e-08,2.5054650240632315e-05,1.5311968787155045e-09,4.897582839312999e-07,8.085254092528765e-07,1.1038515097296105e-08,4.367649635478514e-06,4.492980257075775e-08,5.591816390713916e-07,2.3882618054450196e-06,8.839120326395138e-06,7.640177614024892e-06,0.8582520489131201,7.72096937845989e-05,0.00022317840519662735,5.905740614577014e-08,4.3032517139154725e-05,0.14135062642733362,7.113440334774346e-08,5.447083611064757e-08,3.3094516155594976e-06
32,9.430340749620803e-09,1.3757566779663817e-08,2.3111586855155953e-10,8.225128357271412e-08,6.121100934510154e-08,2.5097354259770516e-05,1.0001987890374328e-09,2.3370684000707195e-07,8.194921879894688e-07,7.41079260866986e-09,4.12463091539599e-06,3.77363754522349e-08,4.82027626071924e-07,1.956324246571043e-06,9.811041123473555e-06,7.047422343803302e-06,0.8395498698912006,5.6918010065204454e-05,0.00016760642683763503,4.990109542921748e-08,4.637444390295047e-05,0.16012619124763686,6.720131417480408e-08,5.065829826047135e-08,3.0871914225929246e-06
33,2.312419917973944e-09,4.517332218301271e-09,5.960088378886135e-11,6.305351984739092e-08,2.4903366719114672e-08,1.4129995378338799e-05,2.813576318454609e-10,1.4866942162388168e-07,1.8151673606043315e-07,4.845191558177072e-09,2.6233024481979e-06,1.2262009817484485e-08,3.167799582053188e-07,1.6641793666569302e-06,1.5255360117764964e-06,4.082671187976335e-06,0.9038273991110238,2.8232099289115117e-05,7.143586045246443e-05,4.2539812986287416e-08,2.4959079610704042e-05,0.09602229626064007,7.137792465276906e-08,3.7542829439380794e-08,7.412431090785606e-07
34,7.501033861533086e-08,4.484534551958446e-08,8.249692937988929e-10,5.9189072011608465e-08,1.4291331384422498e-07,5.221096889231743e-05,1.8207653768472332e-09,4.030281659213698e-07,3.7662625143901807e-06,6.951484291619749e-09,8.690440295206873e-06,7.028254057802748e-08,1.1253074500065026e-06,1.707894708036916e-06,1.7904759900996725e-05,8.881476989336416e-06,0.8345867706580159,0.00010750930230508044,0.0011253359257789555,4.6867388393571473e-08,5.077810663833289e-05,0.16403058341013055,4.72637298274136e-08,1.7557004735508763e-07,3.6609192198814614e-06
35,2.09932568583171e-08,1.2400964856566084e-08,2.9963314406910777e-10,7.198820640958551e-08,4.361948004992892e-08,1.4943216489064794e-05,1.3237289997185636e-09,3.570870832769183e-07,9.749019364891325e-07,7.884384699625608e-09,2.538513152730712e-06,5.5546354248886305e-08,4.983220770401864e-07,1.5032802611814424e-06,8.141410468613186e-06,6.134302068172406e-06,0.8016635103477865,0.00011474874159605978,0.00018812762704889846,3.301067078144878e-08,4.478066182922748e-05,0.1979500527618132,3.150459326506628e-08,3.842195731836534e-08,3.3718331590474577e-06
36,7.55631900507155e-09,1.8438009096368446e-08,1.4430603248606712e-10,6.907113125645153e-08,9.105646649699736e-08,4.5810031230513845e-05,5.113553724631473e-10,7.4334894365298e-08,7.694170525496772e-07,6.110417579248201e-09,3.4085185612748113e-06,1.1933010769746877e-08,2.785463284494899e-07,1.8285643086576953e-06,6.991428570883119e-06,4.208582490833979e-06,0.9231428229495298,4.20245269284107e-05,0.00011405317422918281,4.958500829313838e-08,3.7709004410090404e-05,0.0765967349961251,7.810555420778734e-08,5.331661278382025e-08,2.900097148792002e-06
37,1.494390471943232e-08,1.5260421183308393e-08,2.327849011841745e-10,7.879673306544617e-08,5.453634545568148e-08,1.8466969116745663e-05,9.591599545449259e-10,1.92704660589688e-07,7.644932146012507e-07,6.822371028926424e-09,3.381400917940018e-06,4.470319108112495e-08,5.595236266042528e-07,1.7078285452789058e-06,5.7593934275781985e-06,5.064357225851244e-06,0.8600883448376004,6.482140831847768e-05,0.00017689013193028128,4.569586336396869e-08,3.765249419290838e-05,0.13959317093765192,6.059976789942799e-08,6.314614038667873e-08,2.837822887676515e-06
38,4.117433076977037e-09,7.947769491335406e-09,1.199088267715637e-10,8.825819065731629e-08,3.464947850634788e-08,1.1782251646366146e-05,6.186370481626721e-10,1.7128996474879303e-07,4.1866101126574974e-07,4.560991983408172e-09,3.090007102429472e-06,3.388181245703916e-08,3.53169584613494e-07,1.8465731443235147e-06,5.09338224114412e-06,4.067717368273251e-06,0.8460230080909444,3.972311298601398e-05,7.140434806084297e-05,4.265061370366658e-08,4.020127536686587e-05,0.15379633960165623,6.690248591325254e-08,2.969810287331031e-08,2.1871134977609985e-06
39,8.004949889648406e-09,1.13713445471723e-08,2.1687519666065726e-10,8.081964028707234e-08,5.728252473944836e-08,2.4258575266586066e-05,9.297887225810541e-10,2.265715434817154e-07,7.491664014304043e-07,6.703140743661673e-09,3.865050921403905e-06,3.498075059738712e-08,4.685768936986859e-07,1.8535586530614478e-06,9.42982114770313e-06,7.003132557929707e-06,0.8472925583652448,5.3868901470547244e-05,0.00013974841156031638,4.772159351918256e-08,4.538801792354898e-05,0.1524172480760494,6.269337443724873e-08,4.419259372994714e-08,2.9788577896899084e-06
40,1.6053584757942673e-08,2.2757225271046466e-08,4.578184428514792e-10,1.0488009628874632e-07,1.0310134794413231e-07,3.1081650687594676e-05,2.216876477388232e-09,2.674319435993527e-07,1.710102147323184e-06,7.793962979551721e-09,5.678263990231348e-06,8.744441966062791e-08,8.099483576390523e-07,3.0006930068390147e-06,2.135511721667959e-05,8.228734590931884e-06,0.8004173572054543,7.229493662229369e-05,0.00019198793190986733,5.164887903496154e-08,6.434153772967402e-05,0.19917444478334603,7.3380173406615e-08,5.556168769714373e-08,6.9163669249343335e-06
41,1.1302985802698309e-08,1.506967891789294e-08,2.833811512868547e-10,8.399999784904039e-08,9.634858352761514e-08,2.7515158772223355e-05,1.302227633609718e-09,2.5370502450121895e-07,1.090901150296243e-06,6.749118032245624e-09,4.5915918976983075e-06,4.027264968729397e-08,5.807835857901076e-07,1.984351691116343e-06,1.3455627055605273e-05,8.811020122843691e-06,0.8580497018883266,5.726239171615248e-05,0.00014922751342692013,5.790882360998241e-08,4.450023920988496e-05,0.14163674935048623,6.558436332094099e-08,4.977196444380902e-08,3.846883759897962e-06
42,7.318896630908553e-09,1.1125883247794068e-08,2.2094591229279571e-10,8.878313535312556e-08,4.80044284689076e-08,2.3405953992770974e-05,9.530898303459662e-10,2.8160627613349603e-07,7.333138353940291e-07,7.6689983495811e-09,4.1905719412318294e-06,3.9594828581209083e-08,4.4717671835705606e-07,1.8182063886449854e-06,1.0258753116650949e-05,8.257444865559654e-06,0.8066780635912311,5.5197548011973854e-05,0.00016433050393917118,4.8318787355774186e-08,4.846658344187681e-05,0.19300151153459402,6.615138157792186e-08,4.778708463116635e-08,2.671284187288766e-06
43,9.383762335003547e-09,1.3872910081839282e-08,2.318121745719559e-10,8.889539500377818e-08,6.650597150490922e-08,2.3255852827144892e-05,1.0615771168794144e-09,2.2767820878128897e-07,8.51280536866094e-07,6.3690548292296296e-09,4.356302407680523e-06,4.166325533379502e-08,4.949150121682126e-07,2.1079692948023725e-06,1.019318411541713e-05,6.8230924941558575e-06,0.8454739975427656,5.476325868166582e-05,0.00014218311119409225,4.9859189039737744e-08,4.405850541253678e-05,0.15423291504693135,6.749002418473638e-08,4.727488655311847e-08,3.3796522795409396e-06
44,8.495316064827388e-09,1.2867815258374963e-08,2.167931742497272e-10,8.522527201179376e-08,6.109775171521934e-08,2.3586609240323024e-05,9.859594039805083e-10,2.22710025674445e-07,7.894953730722975e-07,6.833081639218612e-09,4.017273009985271e-06,3.771259999669667e-08,4.7021483562783113e-07,2.013396405513099e-06,9.648558683630855e-06,6.899608408704961e-06,0.8433654607174027,5.468573680868144e-05,0.00014062464907971942,4.939902982440035e-08,4.5233962444740765e-05,0.15634281312535017,6.616652788359313e-08,4.564944698386623e-08,3.1592933374523358e-06
45,6.26135753185052e-09,1.2718571190867996e-08,9.539351884416378e-11,6.228502871878947e-08,4.476485536279852e-08,1.2827205563117609e-05,5.409340917641023e-10,6.792021467912848e-08,4.577259923884277e-07,5.042272648228217e-09,1.7793465039021581e-06,2.758938788452062e-08,3.9376647407179523e-07,2.0323933147984915e-06,2.905394915876028e-06,2.27350359813277e-06,0.9064041556080317,4.0124268268473974e-05,7.236437917241851e-05,3.8416199371842685e-08,4.2252979392111276e-05,0.093415148540185,6.543595164146616e-08,2.9620763035652068e-08,2.924197658296356e-06
46,7.414348043828214e-06,2.7772249021900886e-05,1.0886964970867037e-07,9.569339980442295e-07,3.197302346932005e-05,0.0005645514787083599,4.7227353979928404e-06,3.0417992767050706e-05,0.0010490619246672156,1.1118775630135226e-06,0.00012287860730530236,1.0774266048897738e-05,2.5751091143460104e-06,8.256479900649068e-05,0.008188977106613067,0.0007364271996111564,0.12028930288061242,0.0008825488478056659,0.03038447397981096,4.142078522520898e-07,0.0004771272118048256,0.8367150293342122,3.7963258315101466e-07,9.789359230664438e-07,0.00038745644840988626
47,4.8049198262927984e-09,6.176440477313026e-08,4.818113217971861e-10,7.790119150603174e-07,2.1671465624815465e-07,0.00020326309716513043,1.9745488711562625e-09,1.4846809045889178e-06,7.370724932796649e-07,1.790329125957826e-08,4.9083200046484244e-05,1.4227110319177282e-08,1.1403807306115277e-07,2.7148316542643085e-05,1.601507022226223e-05,7.641811816814585e-06,0.9011629268164945,5.012411738891936e-05,0.00014537232925385135,1.135846491687591e-07,4.294221840391788e-05,0.09828832637344413,5.657842327607491e-07,8.154493024839645e-08,2.963061280619764e-06
48,1.0655578706663884e-08,8.227929673443818e-09,6.729115579300697e-10,2.1881585708847582e-07,1.543358140846482e-07,8.296494992163845e-06,6.407405111474659e-09,3.3128261947205227e-07,1.878971683008617e-06,3.996696207979086e-09,3.250167723556776e-06,2.7211575007292855e-07,7.948020351625834e-07,4.074021587536265e-06,9.204162370446716e-05,1.1350997718635402e-05,0.7517627086679192,0.0001126051912568179,1.0301248183658138e-05,6.589932627477895e-08,0.00010236977932633786,0.24784905684746314,4.297164024513352e-08,7.60726000305287e-09,4.014819761763514e-05
49,7.664189992630158e-09,1.2689710810013773e-08,2.414815188344117e-10,1.074255151221055e-07,4.959324889562908e-08,2.3335601822590595e-05,1.0317044911710849e-09,2.318419927753617e-07,7.582581351567875e-07,7.313559764349995e-09,4.250965582209482e-06,4.795074268737133e-08,4.837223888212935e-07,2.289414536199879e-06,9.396437480106934e-06,6.467985040926831e-06,0.8185148948782717,5.573726919747834e-05,0.0001323935069296923,4.8098388093854615e-08,5.124406066630571e-05,0.18119477919168187,7.748839524878664e-08,4.8185249296838125e-08,3.3291840885534866e-06
50,1.2271673812197378e-08,1.7771087489369423e-08,3.4193417862785614e-10,9.765590075428241e-08,8.709343285796433e-08,2.0310821989758317e-05,2.9436734363848026e-09,4.399429447770058e-07,6.916235342263718e-07,1.730948806290997e-08,3.7458367037280854e-06,6.446731057608567e-08,5.870433443915905e-07,3.059819522723004e-06,1.2668788923733834e-05,8.30060042430021e-06,0.815679598958608,6.984900265512833e-05,0.00016673446518953612,6.292835586923134e-08,5.799254800466594e-05,0.1839697182936946,9.365793308215191e-08,3.8508069595944074e-08,5.8073056008126945e-06
51,5.1975277562291444e-09,4.0150349914065094e-09,1.6207707341986e-10,2.8909278176236686e-08,9.803100164231088e-08,2.6106582544293325e-05,7.864506292018712e-10,1.3110399395060902e-07,5.076902930061982e-07,4.069605308256513e-09,2.6830884475298635e-06,1.6761291764708383e-08,7.532403716800129e-07,8.140919905269492e-07,7.718145603724205e-06,8.085519974536006e-06,0.9331891940031829,2.9451156982097514e-05,9.00202654464641e-05,5.238284581423745e-08,3.576363003538029e-05,0.0666060070350551,4.9154987694465067e-08,3.780115579691242e-08,2.467174822207553e-06
52,8.729602235447976e-09,1.1838652850377344e-08,2.1124522392729323e-10,7.889749983358395e-08,5.936434986095083e-08,2.5275154348925298e-05,9.034450121451853e-10,2.218516288365401e-07,7.921826079845018e-07,6.482363440203391e-09,3.9519329830052805e-06,3.3483101706357165e-08,4.5524244271331324e-07,1.975161084277911e-06,1.0071189993388425e-05,7.0911007560588726e-06,0.8462725919366599,5.96125585203185e-05,0.00013867226279312063,4.667702765461271e-08,4.209464463843217e-05,0.15343375680297383,5.6596414931998775e-08,4.35313541596169e-08,3.0912635123024654e-06
53,1.0079377387541528e-08,2.0435538472692368e-08,4.4399487826725117e-10,1.505702911401094e-07,1.5108746783107478e-07,2.301214585004636e-05,4.915098065314314e-09,5.26588126829465e-07,1.2832335932632475e-06,1.2297627319472499e-08,7.764624044864327e-06,1.1952859196650862e-07,7.545639610675006e-07,3.434762282001789e-06,2.5417971181631965e-05,1.2901009072965924e-05,0.7552166400921834,5.5721453649459866e-05,0.00015640646450891494,7.593678280972303e-08,7.553862522645897e-05,0.2444128228703558,1.424359029291915e-07,5.638678130038758e-08,7.0314785093156386e-06
54,1.769526715602997e-08,3.4610918305540426e-08,3.4149320640899866e-10,1.1475230281297257e-07,1.0551584422744423e-07,3.125925022522257e-05,2.0327170441801647e-09,2.3519868289572892e-07,1.4369038888547465e-06,1.5135498592377745e-08,3.6843934173192154e-06,6.520380630703585e-08,5.362206476299069e-07,3.6090523961145006e-06,2.3364305981740954e-05,9.876378294927505e-06,0.8038974651792856,8.228764350303099e-05,0.00018379586079525468,7.048954743815489e-08,5.557399933944615e-05,0.19569712186340138,8.132496517137709e-08,4.27679844687806e-08,9.203879795846427e-06
55,1.1482792987645375e-08,1.5034300656653574e-08,2.6459517887415976e-10,9.467266760527411e-08,6.47604760611975e-08,2.2705509558717263e-05,1.2501324238653585e-09,2.2626352691280095e-07,1.1293528697821574e-06,6.908602985516094e-09,3.9124240399570656e-06,6.006614400459482e-08,6.368013387351744e-07,2.113179504327208e-06,1.0730463640513965e-05,7.499752600443531e-06,0.8230643301636342,6.595871846083228e-05,0.0001589184751659704,4.879748281054265e-08,5.213304602139975e-05,0.1766053722034315,6.172776453670685e-08,5.142978625209806e-08,3.91725146133079e-06
56,8.785192998595463e-09,1.2588290128670902e-08,2.2080579936611101e-10,8.495946944279868e-08,5.981711219486945e-08,2.249890691325152e-05,9.920229178353798e-10,2.1313300187379163e-07,7.819419118475053e-07,6.646124848517907e-09,3.906740889289222e-06,4.0621481892774223e-08,5.249343845715663e-07,2.0017902255270807e-06,8.996860451532487e-06,6.445169292361378e-06,0.8479338001262026,5.4777149517889505e-05,0.00013821185701757882,4.9436273937977536e-08,4.574761131731036e-05,0.15177850466491424,6.662840128517192e-08,4.687534006851595e-08,3.2115434447405966e-06
57,7.834063621600465e-09,1.0963718102607084e-08,2.0546451336283801e-10,7.755823942734625e-08,4.7018780369154516e-08,1.4411539387268648e-05,1.1117878795605407e-09,2.2056713083947708e-07,6.995758637628692e-07,7.336608663236523e-09,2.958786755032957e-06,5.787915716574295e-08,6.560750077601504e-07,1.6462748030724228e-06,7.690373378551424e-06,6.509878761509399e-06,0.8196285414527046,4.9532600780739074e-05,0.00014163270952193203,5.0822699035235027e-08,4.95118974175174e-05,0.1800925003183639,6.499764148835321e-08,4.202904521829129e-08,3.1201929181496514e-06
58,1.0032050703640422e-08,1.4105164936817037e-08,2.384378174214681e-10,8.818341118107489e-08,6.348421605270216e-08,2.4716670092978022e-05,1.0152818162279334e-09,2.2129830478755924e-07,8.417932791345586e-07,6.868017879413051e-09,4.4107464091330546e-06,4.320445139079657e-08,5.538106780155301e-07,1.9880748528057243e-06,8.489549017860736e-06,6.762029430863101e-06,0.8482688658458322,5.389522130621226e-05,0.00017006037515146033,5.169549912146856e-08,4.553916898804987e-05,0.15141024608354137,7.496315319720565e-08,6.056632736154191e-08,2.994977103861715e-06
59,9.822515285926449e-09,1.429695252270122e-08,2.6217768900328465e-10,9.281501449678621e-08,6.443188643255856e-08,2.640173425713068e-05,1.0473766091890242e-09,2.4343318597594127e-07,9.019419136829508e-07,7.151424600144473e-09,4.7627913595414125e-06,4.2482904132737666e-08,5.22137582849345e-07,1.9135854355501453e-06,9.949502110145392e-06,7.5448901281530395e-06,0.83473797169611,5.420706449423849e-05,0.00017591779116544267,5.370731810190988e-08,4.717639454782431e-05,0.16492909285694776,7.644206216475269e-08,6.265403947330517e-08,2.969067090294203e-06
60,8.495316064827388e-09,1.2867815258374963e-08,2.167931742497272e-10,8.522527201179376e-08,6.109775171521934e-08,2.3586609240323024e-05,9.859594039805083e-10,2.22710025674445e-07,7.894953730722975e-07,6.833081639218612e-09,4.017273009985271e-06,3.771259999669667e-08,4.7021483562783113e-07,2.013396405513099e-06,9.648558683630855e-06,6.899608408704961e-06,0.8433654607174027,5.468573680868144e-05,0.00014062464907971942,4.939902982440035e-08,4.5233962444740765e-05,0.15634281312535017,6.616652788359313e-08,4.564944698386623e-08,3.1592933374523358e-06
61,9.96468594876283e-09,1.44188299040565e-08,2.6716199670510393e-10,9.31207433233633e-08,6.645860509722037e-08,2.5795916241046917e-05,1.1166496586215093e-09,2.493736901715964e-07,8.839072767732723e-07,7.38990242591018e-09,4.753597138860538e-06,4.385603534417953e-08,5.388468735332745e-07,1.963880607542437e-06,1.0014496443383021e-05,7.4307365144151545e-06,0.8366699730925246,5.4865018976877155e-05,0.00017283557549698672,5.446937300648941e-08,4.75718356923109e-05,0.16299959327739663,7.80248743210935e-08,6.136401047411179e-08,3.0999942553076995e-06
62,8.495316064827388e-09,1.2867815258374963e-08,2.167931742497272e-10,8.522527201179376e-08,6.109775171521934e-08,2.3586609240323024e-05,9.859594039805083e-10,2.22710025674445e-07,7.894953730722975e-07,6.833081639218612e-09,4.017273009985271e-06,3.771259999669667e-08,4.7021483562783113e-07,2.013396405513099e-06,9.648558683630855e-06,6.899608408704961e-06,0.8433654607174027,5.468573680868144e-05,0.00014062464907971942,4.939902982440035e-08,4.5233962444740765e-05,0.15634281312535017,6.616652788359313e-08,4.564944698386623e-08,3.1592933374523358e-06
63,9.397299695473323e-09,1.5640745992603863e-08,2.2842876503416955e-10,8.971696014451886e-08,6.503539898747007e-08,2.4130648044959767e-05,1.0195870786587984e-09,2.1221136305916413e-07,8.349962359007912e-07,7.587968955998011e-09,4.01338322743973e-06,3.848458151271284e-08,4.6771093818568054e-07,2.088992718682246e-06,9.830309965212376e-06,6.67727220071035e-06,0.8429009222634244,5.5351653303659765e-05,0.0001502952306352339,5.237481754030284e-08,4.691550737078028e-05,0.15679450348771273,7.249303865421273e-08,4.881964296976723e-08,3.355534388815186e-06
64,7.497186061531733e-09,1.220228469546249e-08,2.041430875864141e-10,8.474278525720466e-08,5.497633879275774e-08,2.1671189827156614e-05,9.394170223203306e-10,1.8923371616045969e-07,7.485493601593276e-07,7.113981725116083e-09,3.39701244156246e-06,3.92374215790503e-08,4.771942518030769e-07,2.0209441172536743e-06,8.778048867312853e-06,6.1460691765086e-06,0.8399119337879813,5.427217326117206e-05,0.0001212301033524888,4.84199999775112e-08,5.339433515077414e-05,0.15981206509283014,6.764746263937744e-08,4.1257067799202044e-08,3.31202757758986e-06
65,7.987118002016326e-09,1.3133953640529556e-08,2.331526321321425e-10,9.456535460804677e-08,6.105519712049803e-08,2.4217935600739696e-05,1.1156527088962473e-09,2.5323144636070575e-07,7.23472799024494e-07,8.363600440687556e-09,3.951035046928649e-06,3.8707253505778734e-08,4.506972003360724e-07,2.2672619328967147e-06,1.0180554914949487e-05,7.138517109115513e-06,0.8404420001810143,5.582322336755871e-05,0.00013310014734973773,5.355746510184424e-08,4.9562390247035923e-05,0.15926645359619518,7.463959629271668e-08,4.2015599286172535e-08,3.482381832390323e-06
66,8.916541343343611e-09,8.243566810394742e-09,1.9333204920234927e-10,3.883680802569884e-08,7.211113006773402e-08,2.5199166177733185e-05,5.903145558807531e-10,1.115906336432667e-07,6.134454537717928e-07,4.971520295347408e-09,2.7351107349803683e-06,1.6884546589082728e-08,5.566408932259554e-07,8.236170464691321e-07,6.268654203963828e-06,5.176526496771392e-06,0.9202825840800198,3.9234938724168714e-05,0.00013260658379067654,5.1536057692911584e-08,3.55689843135793e-05,0.07946598832647005,5.099983523555792e-08,5.459419351846427e-08,2.224457194869575e-06
67,2.579911224162057e-09,3.957682683500208e-09,8.66102611260333e-11,7.114566998480557e-08,2.581670634304034e-08,2.4198561018976305e-05,2.542071672108005e-10,9.222807354082356e-08,2.6122060781892695e-07,3.6772673398919696e-09,2.377703371264999e-06,1.439963369727429e-08,4.020932312749464e-07,1.7954773039265316e-06,2.809323797577654e-06,3.792345733110672e-06,0.9244334616737838,3.2689537023830534e-05,5.174300597444579e-05,4.087097138131011e-08,3.173260336446065e-05,0.07541284219777641,6.224384584047465e-08,3.169842549794642e-08,1.5452980081730093e-06
68,9.449725841397771e-09,1.2393791649775729e-08,2.727369811402945e-10,1.5168529697950666e-07,2.4764730494188638e-08,1.7465632973801164e-05,7.622478816341918e-10,2.543362132041431e-07,6.890599485247817e-07,6.839919385161851e-09,3.1162500493978324e-06,6.344414874797496e-08,3.991694926467222e-07,2.6424540933134237e-06,3.402135371118884e-06,4.295280282531656e-06,0.8075242871544188,6.849983167564393e-05,0.0001210439307042255,3.401665077358234e-08,6.429514560965775e-05,0.19218693944928975,7.335693323658825e-08,5.025466079966139e-08,2.2429290345754134e-06
69,7.17462674461621e-09,2.234861968206847e-08,3.954844463634195e-10,2.2635265575082092e-07,9.985133701899707e-08,4.340037941485264e-05,1.7015270940580123e-09,5.349704393604532e-07,9.514315329097505e-07,1.1409898548340021e-08,1.4837996930393813e-05,6.159768612005852e-08,5.208553382195266e-07,3.4408257256075744e-06,1.2788133495585338e-05,1.3039534370407017e-05,0.794244871952907,4.0783741444099285e-05,0.00025538395300746497,9.765116637698965e-08,7.837418563811231e-05,0.20528775804888896,2.6218031415250046e-07,1.4844376713636066e-07,2.374883783841329e-06
70,8.462835186062395e-09,1.3034147910477963e-08,2.144841340574932e-10,8.470090951212949e-08,6.110665229887041e-08,2.383308081523825e-05,9.762087379496156e-10,2.1832164377624338e-07,7.940458728253246e-07,6.826592731277152e-09,4.046041817078998e-06,3.752143274419777e-08,4.6804568390521773e-07,2.0003462382055473e-06,9.590759715294724e-06,6.838659379394554e-06,0.8428135093714364,5.4218905489678086e-05,0.00014377919227597953,4.9062253265858824e-08,4.568313904330734e-05,0.15689151598317877,6.691858646227675e-08,4.6607588534316765e-08,3.1286757186191858e-06
71,8.855746811600494e-09,1.5334206610767162e-08,2.0633317545735318e-10,8.889734915946434e-08,8.453957783588679e-08,2.12702505707249e-05,1.168596254453223e-09,2.1463626887981551e-07,8.013800892576387e-07,8.016739321211382e-09,3.809084855371774e-06,4.1344290383698615e-08,5.632681790441566e-07,2.2292558106116823e-06,9.237840219063931e-06,7.507851721130586e-06,0.8642756529564674,4.923482253343509e-05,0.000129016791485442,6.967510157817175e-08,4.571169264944093e-05,0.1354507238453851,8.556460290231893e-08,4.8380409906815515e-08,3.574340811221849e-06
