,0,1,2,3,4,5,6,7,8,9,10,11,12,13,14,15,16,17,18,19,20,21,22,23,24
0,0.3994078357569279,3.6300377180718807e-06,0.5968194078814757,0.0001476480655182854,1.044328599909711e-05,0.00010195385190547295,1.1781851129375022e-05,0.0015843902169809258,2.6144754642289165e-05,6.439566903793192e-05,0.00018531314359952137,9.035975912662722e-05,5.589853816557292e-05,2.2760231969267256e-05,5.236472167447654e-07,0.00018837800245384835,0.0006732951575589828,0.00047338567454191993,5.035894068215184e-08,1.4761699866769425e-06,1.1206603327546387e-05,1.1366285542123066e-06,7.992798942611024e-05,2.4703830748467407e-05,1.395289304866519e-05
1,0.3675811040149177,3.5523438828664774e-06,0.6282132303217938,0.00013850317053187237,1.1233183957169341e-05,0.00019962462895573485,1.367836720987696e-05,0.0017742264411343476,5.802758870013315e-05,0.0001225341216556148,0.0002195905282329706,7.838991940700833e-05,6.07266002563426e-05,3.4258368105536934e-05,8.833918235366433e-07,0.00021801468431397047,0.000487307263144542,0.0006020051073015535,8.149211778860191e-08,2.290274285574574e-06,1.3608665829645724e-05,1.6441536205236808e-06,0.0001114543226136769,3.2356168625188065e-05,2.167487758292719e-05
2,0.3295872335403173,4.007681233276921e-06,0.6658866647358779,0.00013531557415169057,1.4159723927034708e-05,0.00020563261879086184,1.3686671425948766e-05,0.0020222057838202735,7.72366036155991e-05,0.00014873962048775878,0.00024371197482970917,8.79717864689409e-05,5.809078281221289e-05,5.149262379680681e-05,1.1629049283466412e-06,0.00022597333376317722,0.0004608677464356337,0.0005753863807639939,7.812858927100029e-08,2.9686921912965185e-06,1.4287718670504015e-05,1.9331394079388192e-06,0.00011539660415760786,3.552045879311464e-05,3.0275170743942196e-05
3,0.37747621203649556,3.6235104039414948e-06,0.6182935577667364,0.00014060093930505691,1.1383164991787037e-05,0.00020063165957579787,1.3749058268151671e-05,0.0017889227442172302,5.71498325022905e-05,0.00011922415592964349,0.0002264674443468073,8.037709313794731e-05,6.090300126469854e-05,3.3995742767965686e-05,8.965904878904002e-07,0.00021408926786564028,0.0004996078880952691,0.0005959614311977989,8.107690005662369e-08,2.242218014148169e-06,1.349610376531e-05,1.6865449112977952e-06,0.00011151393169956264,3.1957295738194966e-05,2.166950138148368e-05
4,0.36920483785317415,3.632885999660312e-06,0.6267380127127524,0.00013304355457310256,1.1071746459064178e-05,0.00016392234883235677,1.3547607204967223e-05,0.0017366195437347066,5.470944998742026e-05,0.00011151588722091072,0.0002198180291413,7.799070074603062e-05,6.759439267675552e-05,3.702050603754814e-05,7.579405493023357e-07,0.000186723813449466,0.0004585639395251283,0.0006107869247260122,7.575776928517035e-08,2.306466801572479e-06,1.4407465381015706e-05,1.6823957793518207e-06,0.00010007920017044801,3.153419682012341e-05,1.9744680487968372e-05
5,0.355130447018551,3.408529671299525e-06,0.640666368211154,0.00016700598020947255,1.168541516128883e-05,0.00019320306103131601,1.233047915649711e-05,0.0016622742794670838,5.657938246020872e-05,0.00013223523888744717,0.0001976671752495713,6.659919907241187e-05,6.1025490217963336e-05,3.520385183742966e-05,7.349222533157634e-07,0.00019461074708103902,0.0004589977226088099,0.0007513159299952813,7.727638313254202e-08,2.4878723104066703e-06,1.3527676672700367e-05,1.357256821263134e-06,0.00012944085770723313,3.4122532268114596e-05,1.7293893771756135e-05
6,0.37747621203649556,3.6235104039414948e-06,0.6182935577667364,0.00014060093930505691,1.1383164991787037e-05,0.00020063165957579787,1.3749058268151671e-05,0.0017889227442172302,5.71498325022905e-05,0.00011922415592964349,0.0002264674443468073,8.037709313794731e-05,6.090300126469854e-05,3.3995742767965686e-05,8.965904878904002e-07,0.00021408926786564028,0.0004996078880952691,0.0005959614311977989,8.107690005662369e-08,2.242218014148169e-06,1.349610376531e-05,1.6865449112977952e-06,0.00011151393169956264,3.1957295738194966e-05,2.166950138148368e-05
7,0.18886768029121348,7.243473450739778e-06,0.8032572120707059,0.0003121821342139,3.614128584665821e-05,0.000652236783984866,2.1320127708922338e-05,0.002270616431883937,0.00024549849219758545,0.0004018779589141682,0.00022925515041576056,0.000162437162364413,3.332526198452318e-05,0.0001290671783639893,2.7714688379443723e-06,0.0006543106180830018,0.0010859942799520891,0.0007627595102757419,1.4564247279950534e-07,5.388650951901148e-06,2.281380706470614e-05,1.927832777349496e-06,0.00060291244048911,0.00011889617071878292,0.00011598577512754507
8,0.44891692493479135,4.778297913406334e-06,0.5446360530950386,0.000178988379875743,1.3637426995722084e-05,0.0003076706031412534,2.8668863069708875e-05,0.003149466290987826,7.367642263002819e-05,0.0001317884376660999,0.0003601836860657022,0.00011314002638746524,9.042092524877658e-05,3.711001819935783e-05,1.351754759317784e-06,0.0002852358759025756,0.0005954779100179429,0.0008808757344068977,1.765711107477658e-07,2.5664392226632576e-06,2.0817880247712883e-05,3.0423082821717963e-06,0.00011651836645556889,2.8003959858806955e-05,2.3425791724677026e-05
9,0.5251644545311811,3.664331876418421e-06,0.46961815353322156,0.00015518658809807407,1.3319558522309071e-05,0.0002749558931312932,2.431650188944988e-05,0.00242130995676911,5.9408607628437825e-05,8.599608040878386e-05,0.0003577745403077012,0.00010668785451995851,7.581715474866702e-05,2.6627267673291848e-05,1.1748311146832985e-06,0.0002035319623708074,0.0005423360282844862,0.0006981045892526116,1.2524195782989946e-07,1.8040730539931074e-06,1.59884547227085e-05,2.599469309448555e-06,0.00010322195812680216,2.417115425565994e-05,1.9269837574746516e-05
10,0.37747621203649556,3.6235104039414948e-06,0.6182935577667364,0.00014060093930505691,1.1383164991787037e-05,0.00020063165957579787,1.3749058268151671e-05,0.0017889227442172302,5.71498325022905e-05,0.00011922415592964349,0.0002264674443468073,8.037709313794731e-05,6.090300126469854e-05,3.3995742767965686e-05,8.965904878904002e-07,0.00021408926786564028,0.0004996078880952691,0.0005959614311977989,8.107690005662369e-08,2.242218014148169e-06,1.349610376531e-05,1.6865449112977952e-06,0.00011151393169956264,3.1957295738194966e-05,2.166950138148368e-05
11,0.380325508694655,3.557872375249695e-06,0.6156543659923226,0.00013471141025043847,1.1115810118052658e-05,0.00017428848397036962,1.3622700286604078e-05,0.001688783073312018,5.393276254449283e-05,0.00010853571557227392,0.0002207224715502492,8.116686548102971e-05,6.625198966410277e-05,3.326834464720105e-05,8.261112646245391e-07,0.00020348838626840324,0.0004801393235556633,0.0005734994810161913,7.674699124738178e-08,2.266293658970946e-06,1.3451116103997942e-05,1.6827315409741767e-06,0.00010139658362416248,3.2811623564630366e-05,2.0529415661472513e-05
12,0.24435245638315486,1.942835312840431e-06,0.7529861845581892,6.027267295892745e-05,3.252307798844145e-05,0.00018380530786352324,8.2929223259331e-06,0.000660919800147271,7.186389235187421e-05,8.186765345875769e-05,0.00022082168204605633,6.543298783863899e-05,2.6774181034716143e-05,4.871220030408822e-05,4.796347605931213e-07,9.409012590256987e-05,0.00047474961351201593,0.00035689789500115734,1.9865103941987845e-08,2.87142062754241e-06,1.3503020849136868e-05,7.991043806667801e-07,0.00016729631798842202,5.5035305869883353e-05,3.23875410289332e-05
13,0.33128805017216184,3.3064113940491125e-06,0.6646547523715204,0.0001709739784261205,1.0238273860798098e-05,0.0002625769474324165,1.3143420578375604e-05,0.0014224439718001475,6.168229374041815e-05,0.00016008091793731614,0.00015042891350697788,5.691487384762674e-05,5.584926039892611e-05,2.7835892896463324e-05,7.782808958582174e-07,0.00025007386482077073,0.0004971327565606562,0.0006830813649043389,8.693816283123513e-08,2.3941552656069585e-06,1.2646556713539101e-05,1.2160081567953555e-06,0.0001582188011420093,3.8083846286270365e-05,1.8009727589438006e-05
14,0.45496132415675283,1.3037089768097848e-05,0.5386604067178152,0.00036705115265710963,3.714937377784645e-05,0.0002106873838374614,2.179522380020407e-05,0.001987207839702011,5.8908744494149055e-05,0.00016895861273636084,0.0005540645542905324,9.215435056752205e-05,0.00013740651328415283,4.687688104484306e-05,9.322303782135447e-07,0.00016261300157169631,0.0010154330042283259,0.0012343578839714247,2.8715051599708233e-07,2.5955025323486805e-06,3.9930164383573355e-05,2.970499140647598e-06,0.0001563922709878585,5.0502568159263945e-05,1.695712960227389e-05
15,0.37747621203649556,3.6235104039414948e-06,0.6182935577667364,0.00014060093930505691,1.1383164991787037e-05,0.00020063165957579787,1.3749058268151671e-05,0.0017889227442172302,5.71498325022905e-05,0.00011922415592964349,0.0002264674443468073,8.037709313794731e-05,6.090300126469854e-05,3.3995742767965686e-05,8.965904878904002e-07,0.00021408926786564028,0.0004996078880952691,0.0005959614311977989,8.107690005662369e-08,2.242218014148169e-06,1.349610376531e-05,1.6865449112977952e-06,0.00011151393169956264,3.1957295738194966e-05,2.166950138148368e-05
16,0.4974963616596479,4.73193575248061e-06,0.49687963561181114,0.0001470576394516185,1.1139213036652471e-05,0.00020102937704690499,1.7288618622523783e-05,0.0029298839580013105,5.831270881222666e-05,0.00010721628670545872,0.0003396977696608841,0.0001360238276514234,7.038706705552318e-05,4.106263599871536e-05,1.3386628891199254e-06,0.0002332232252414041,0.0005484057755713691,0.0006249662043448344,1.0924495415820878e-07,1.8622187174042638e-06,1.3878392133060772e-05,3.212257559110639e-06,8.326073019935692e-05,2.3066917003134206e-05,2.6848062132026647e-05
17,0.4152030058127862,2.9954264384226768e-06,0.5812148706233542,0.00010313881021895729,1.5673325398770528e-05,0.00012820415753802243,1.69236112472302e-05,0.0014014946246563873,5.321340998990359e-05,5.896319673067475e-05,0.0002614174631655817,9.742278729138104e-05,6.521240500241004e-05,3.6998585396383014e-05,4.5397701030880534e-07,0.00011620087975302144,0.0004681854963968725,0.000582109997798087,5.1667639398211123e-08,1.8179459226611479e-06,1.7389046781837185e-05,1.5139317553876539e-06,9.969666582224241e-05,3.513019511509567e-05,1.7915956790415814e-05
18,0.2994229396736679,3.7960638312844694e-06,0.6961860135308063,8.910533484228975e-05,1.218879642936461e-05,0.000198435901347357,1.7099747428190337e-05,0.0016638512482790846,6.911544985151878e-05,0.0001221683633992928,0.00023403458600933369,0.00011863329816838285,5.081264674517536e-05,5.2274124021537934e-05,1.0657310383236587e-06,0.0003135529356671742,0.0006509509556208946,0.0005357322777385047,8.635624846292282e-08,2.7015184301059126e-06,1.955706962120279e-05,1.8077707668577474e-06,0.00014102864554362308,4.558025030058839e-05,4.746772419716788e-05
19,0.33659410215385366,5.311834890821386e-06,0.6585191829867709,0.00025336158760643634,1.6537848415585187e-05,0.00030486553005646874,1.6052540131751928e-05,0.0019401625106428419,8.942521009510705e-05,0.00019232322005451386,0.00020578721909282664,0.00010361325914019814,6.978475340890492e-05,4.451212487817642e-05,1.3506310980914465e-06,0.0002751208018163898,0.0005581664315944533,0.0005838037903375811,9.580138848151689e-08,3.0607235423202067e-06,1.1483023908521501e-05,2.1698912687048604e-06,0.0001396720542392415,4.2147990575284825e-05,2.79060811926667e-05
20,0.44529658985188203,5.030580448676213e-06,0.5490329297248426,0.0001766565439752344,1.299652216222607e-05,0.0002473876940013638,1.7482883014439904e-05,0.0028669840679473083,7.73725666545397e-05,0.00014849255698345986,0.0003419566588723222,9.404959486181568e-05,8.893111876784718e-05,4.7986134003995554e-05,1.4420619810663737e-06,0.00020335217081200006,0.0004828785157672278,0.0006842634196031943,1.2353529837592653e-07,2.7958985137405145e-06,1.5736179299160872e-05,3.5411997076963585e-06,9.882787789626829e-05,2.7959678590072742e-05,2.4232964113387254e-05
21,0.3095950742935877,2.060217546302761e-06,0.6877440117757384,7.228889143254305e-05,5.80014754164694e-06,5.7223591728963955e-05,7.166647936553805e-06,0.0010734260570431703,2.4274086537728926e-05,5.978305856880275e-05,0.00011946932269008114,6.705593889902865e-05,4.9883224314170635e-05,2.6712376338153553e-05,2.6406339988586686e-07,0.00015019140499219737,0.00034304349965313307,0.0004943058542459293,2.8453947664377946e-08,1.6302070382193968e-06,9.767490670916092e-06,6.892032167047898e-07,5.823962478959591e-05,2.5343246615527744e-05,1.226732152713092e-05
22,0.3721996683790071,2.8869719849437883e-06,0.6238783733078863,0.00010130681270084593,6.664537538035787e-06,0.0001401443913716246,7.382662921516919e-06,0.0017650985972048829,2.536478039515944e-05,0.0001086441777092264,0.00018390114580897916,4.859406557680375e-05,4.737190763015649e-05,2.5143914612944184e-05,4.7033651930306795e-07,0.00015654789040847218,0.0005771568813106782,0.0005953974526141348,5.5099846865938e-08,1.6587990252989335e-06,1.2478383513327297e-05,1.2887152794100087e-06,8.55990226328022e-05,1.7205548888149757e-05,1.159621761304992e-05
23,0.37747621203649556,3.6235104039414948e-06,0.6182935577667364,0.00014060093930505691,1.1383164991787037e-05,0.00020063165957579787,1.3749058268151671e-05,0.0017889227442172302,5.71498325022905e-05,0.00011922415592964349,0.0002264674443468073,8.037709313794731e-05,6.090300126469854e-05,3.3995742767965686e-05,8.965904878904002e-07,0.00021408926786564028,0.0004996078880952691,0.0005959614311977989,8.107690005662369e-08,2.242218014148169e-06,1.349610376531e-05,1.6865449112977952e-06,0.00011151393169956264,3.1957295738194966e-05,2.166950138148368e-05
24,0.37500883074240193,6.497220870954024e-06,0.6192634314218267,0.0002843329493959646,1.4182226401075766e-05,0.0002313818130902077,1.6536546689460136e-05,0.00242938153762394,6.74653238690863e-05,0.0001857937544950329,0.00024376576175689452,8.96175194362783e-05,7.870940090722542e-05,4.719979085722153e-05,1.1919442926170297e-06,0.00026490187354549045,0.0006696584717970018,0.0008644004745398229,1.435951307248296e-07,2.6892095511125114e-06,1.7204916803897184e-05,2.2061211244376423e-06,0.00015180531004853817,3.638139208943214e-05,2.2290681454927018e-05
25,0.45879510470164353,2.6185382145915775e-06,0.5349800147778241,0.0001225917507145615,1.3688103534364633e-05,0.00014249375462234174,1.9876678608557772e-05,0.003575694079764934,4.0118855231696576e-05,5.87954270640437e-05,0.0003969989597090454,0.00012171721773211161,6.66517034751884e-05,3.513204789776556e-05,5.499361740687761e-07,0.0001501302075346027,0.0004507936363495413,0.0008939417240067435,6.203013946400353e-08,2.1249431665293374e-06,1.6533419915983515e-05,1.7793666192396968e-06,7.919516887151215e-05,1.897963817599789e-05,1.4413333009386047e-05
26,0.25881699925600904,1.7144434332737023e-06,0.7389398768997468,9.249084311480316e-05,9.195704640535334e-06,0.00011290960951743576,5.5102446066729164e-06,0.0005820937501571763,4.782022885071418e-05,9.693505900457231e-05,9.011320747412426e-05,3.132296579035434e-05,3.569498211582406e-05,2.650822518050627e-05,2.666169645393643e-07,0.00010803309012480265,0.00028427160660830065,0.0005119258153774012,2.5933835610902356e-08,2.0081114289326674e-06,9.16741138664028e-06,4.6271483650241824e-07,0.00013659418645142575,4.621009156089849e-05,1.1849001783193589e-05
27,0.435150282809421,4.427108799260934e-06,0.5596874397894441,0.0001826505138831597,1.4745139659769408e-05,0.00033457489846823587,1.6945509710665732e-05,0.0023956472463607533,0.00011355021877629058,0.00016597509212981559,0.00028875402836779716,0.00010012202814742065,7.372830904678999e-05,4.37972167444822e-05,1.6003613224312465e-06,0.0002267379043497324,0.0003938663702998187,0.0006070608269729021,1.1103776135986855e-07,2.745363914899089e-06,1.189242869800805e-05,3.143199458663392e-06,0.00011396368466408665,3.6733869353826715e-05,2.950504424468779e-05
28,0.37747621203649556,3.6235104039414948e-06,0.6182935577667364,0.00014060093930505691,1.1383164991787037e-05,0.00020063165957579787,1.3749058268151671e-05,0.0017889227442172302,5.71498325022905e-05,0.00011922415592964349,0.0002264674443468073,8.037709313794731e-05,6.090300126469854e-05,3.3995742767965686e-05,8.965904878904002e-07,0.00021408926786564028,0.0004996078880952691,0.0005959614311977989,8.107690005662369e-08,2.242218014148169e-06,1.349610376531e-05,1.6865449112977952e-06,0.00011151393169956264,3.1957295738194966e-05,2.166950138148368e-05
29,0.37747621203649556,3.6235104039414948e-06,0.6182935577667364,0.00014060093930505691,1.1383164991787037e-05,0.00020063165957579787,1.3749058268151671e-05,0.0017889227442172302,5.71498325022905e-05,0.00011922415592964349,0.0002264674443468073,8.037709313794731e-05,6.090300126469854e-05,3.3995742767965686e-05,8.965904878904002e-07,0.00021408926786564028,0.0004996078880952691,0.0005959614311977989,8.107690005662369e-08,2.242218014148169e-06,1.349610376531e-05,1.6865449112977952e-06,0.00011151393169956264,3.1957295738194966e-05,2.166950138148368e-05
30,0.37747621203649556,3.6235104039414948e-06,0.6182935577667364,0.00014060093930505691,1.1383164991787037e-05,0.00020063165957579787,1.3749058268151671e-05,0.0017889227442172302,5.71498325022905e-05,0.00011922415592964349,0.0002264674443468073,8.037709313794731e-05,6.090300126469854e-05,3.3995742767965686e-05,8.965904878904002e-07,0.00021408926786564028,0.0004996078880952691,0.0005959614311977989,8.107690005662369e-08,2.242218014148169e-06,1.349610376531e-05,1.6865449112977952e-06,0.00011151393169956264,3.1957295738194966e-05,2.166950138148368e-05
31,0.3066271433347951,9.453825376976301e-05,0.18140255971947003,0.02440847440944995,0.015708181059691705,0.20289608692479155,0.002882482415939708,0.0010743950552218919,0.21342702542027134,0.0031809094481961607,0.010306689130032949,0.00260257750508043,0.0009398196742652159,0.0008486817046003653,0.0036195180818136834,0.0014385294941009815,0.0012399398348047045,0.0016465368787888463,4.802574400229859e-05,0.0001212749558125554,6.939612484744117e-05,0.00020965494386904353,0.012212138108226035,0.008639857581972629,0.0043555641961856495
32,0.3787672692195449,3.942172379465598e-06,0.6165786388929283,0.0001588472879255342,1.2291626688714468e-05,0.00022451697655774755,1.5581462070399753e-05,0.0019554911593708353,6.23659004491165e-05,0.00013441648972463508,0.0002448215996322919,8.223897662385897e-05,6.675615008936507e-05,3.585496035465182e-05,1.0609470706706294e-06,0.00024268150213091827,0.000542621516233111,0.000667879667884016,1.068267202549243e-07,2.4631808629035506e-06,1.5725696294512526e-05,1.8962578562012637e-06,0.00012473318715123028,3.459876732344278e-05,2.319957613292856e-05
33,0.5946532995234561,4.289975707243679e-06,0.3993701903331229,0.0001843945676388055,8.391409720607368e-06,0.00010106180245424151,2.182807587306097e-05,0.0030021709086185625,2.1586818138221412e-05,4.510271252079374e-05,0.00033627282063091086,0.00015973186235604376,0.00011350508105094736,1.966595262442679e-05,5.149792882341422e-07,0.0002263366102938321,0.0007933350295357588,0.0008277488274590085,1.0716692733911898e-07,1.3864014723378097e-06,1.530494029911729e-05,2.497193687298324e-06,6.023732034572414e-05,2.046978039697374e-05,1.0569906381513438e-05
34,0.6511076446251428,1.054427431070802e-06,0.34679855364636625,6.146258440997274e-05,4.971844768453282e-06,6.37560612686424e-05,6.839086188191156e-06,0.0009248099433675939,2.5459939815413116e-05,2.858024340962087e-05,0.00019613816254083078,2.96194040460786e-05,5.2169459399331755e-05,1.0439117364142e-05,3.884437336366473e-07,4.732779187158415e-05,0.00013982042338322843,0.0004422414057505946,4.169978592834791e-08,6.443180843072744e-07,6.879294328124074e-06,9.61984678486632e-07,3.372887062964713e-05,1.1331423961572799e-05,5.135798274528211e-06
35,0.3885222311981469,3.532561017243934e-06,0.6072153300940906,0.00013867896373207447,1.0890063148017457e-05,0.00020063686380680578,1.363337462901741e-05,0.0018278090925685454,5.6404254846588044e-05,0.00011740585083718573,0.00022593134536889824,8.060070876975923e-05,6.0830991152095536e-05,3.285826634900128e-05,8.716494493718102e-07,0.0002142145258233067,0.0004897349319205738,0.0006107085537649406,8.106574309407738e-08,2.1745277911020156e-06,1.3128929725563867e-05,1.70437099776497e-06,0.00010861559901659822,3.104762965928944e-05,2.094458764570642e-05
36,0.39575442531679855,4.778721197518838e-06,0.5973706302888169,0.0001753151868023462,5.236859800832605e-06,0.00021930855706838137,1.4153084137207016e-05,0.003834112728434457,5.673367023728378e-05,0.00020667653002366432,0.0001643364302359851,0.00010209142762499921,7.335905337676866e-05,4.169772923050431e-05,1.0539683650475208e-06,0.0004254298082452688,0.0006162727446820179,0.0007931517852854641,1.1447856942268724e-07,2.4535559340738597e-06,1.0362140724402393e-05,3.0849314686270853e-06,8.573784612108685e-05,1.9059287890862444e-05,2.042386892834925e-05
37,0.3989193934577338,1.7052204313670907e-05,0.5798196632342293,0.0006792609836688789,2.1120402536471838e-05,0.0017709866894815675,3.470095472481586e-05,0.012389302885159673,0.00016599400980296192,0.0007959981623142483,0.0007012197881524401,0.00016571999451234923,8.29401498004635e-05,8.050818834052023e-05,1.2867704948734231e-05,0.0011348471686170943,0.0016746140943730225,0.0010722406718911184,7.78889153312202e-07,5.597588636182702e-06,2.4899601284121977e-05,1.1033638504439661e-05,0.00031197349173790094,2.93226526982507e-05,7.796339338474714e-05
38,0.41637360673527546,2.3771166515270167e-06,0.5789718012868409,0.00013144959202806224,6.020002244626836e-06,0.00029861272715506036,1.8947745797367016e-05,0.0019398202446133702,4.3233593801189715e-05,0.00012090891702526067,0.00017593213029676837,6.563527009303201e-05,7.2287543758036e-05,1.765753264753804e-05,1.0118380245800889e-06,0.0003512875901794752,0.0005004189353687927,0.0007388186807063712,1.2342689538930328e-07,2.288382705335372e-06,1.3104653737405872e-05,1.6277871859525748e-06,0.00011303234712501252,2.444248338224375e-05,1.55534364611076e-05
39,0.3854201853994351,3.387755427814143e-06,0.6101299020991664,0.00013235768725585777,1.0473401536300643e-05,0.00020474110977892988,1.4405288475236949e-05,0.0019947209014196054,5.286371620748463e-05,0.00011229826346990347,0.00023061793825257445,8.518617575161909e-05,5.9932757931582406e-05,3.19156230715463e-05,8.61197494056501e-07,0.0002272729953348091,0.000511489821553931,0.0006027683590176233,8.014033119472438e-08,2.1716557229901138e-06,1.3560257375969733e-05,1.72915218118792e-06,0.00010652744187556541,2.9382354778667572e-05,2.116850715394992e-05
40,0.3561738141879789,6.139428961311768e-06,0.632760068599123,0.0006174685444501137,1.9263704403067507e-05,0.000502844966846855,3.3364250210084125e-05,0.0041499951050494414,0.00015607612868030735,0.00040367242048523424,0.000274504316424337,7.818987272106586e-05,0.00010774952477635036,5.409056922414635e-05,1.5692556638923862e-06,0.0005939669704924262,0.0006546999028821569,0.002841242823323118,4.962290992168772e-07,5.122860814624011e-06,3.154625003377569e-05,2.0991167799870995e-06,0.00042669270810908493,8.200206882812654e-05,2.3320194639406538e-05
41,0.21574486804798748,6.093690619731473e-06,0.7787743477256128,2.1667794479438002e-05,2.807483789169902e-06,3.5557779320706145e-05,2.744154971732622e-05,0.0018360072032478283,1.9753743966189132e-05,7.841598465281129e-05,0.0002261983809147493,0.00010686935085926212,0.00015813148358384806,8.066601967840623e-05,1.273605078616252e-07,0.00034421082717744846,0.0010351761137666476,0.0012668985116437415,1.311363560587926e-07,3.342466106587354e-06,9.839545755175458e-05,1.91432384034975e-06,7.052117923394696e-05,3.564650545587188e-05,2.4809879929960187e-05
42,0.31922649109767254,2.783451528597927e-06,0.6775108053923411,0.00011462338425983125,1.1911952108426574e-05,0.00013906163705480073,1.0838199529110143e-05,0.0011845764083433911,5.3069054702608155e-05,9.609288988780903e-05,0.00017821707526059113,6.281592033863285e-05,4.449270637446922e-05,3.8129452542379066e-05,5.43022143675264e-07,0.0001404936591359352,0.0003775565178249209,0.0006111828210549407,4.707365387881522e-08,1.9961384162290926e-06,1.3205641735666012e-05,8.54355584510514e-07,0.00012727696086632813,3.41415783360486e-05,1.8793609303672866e-05
43,0.32326431119473004,3.8237377156264055e-06,0.6707022772021789,0.0001938876865179982,1.2457585688400232e-05,0.0005462596116346257,1.504774478094092e-05,0.002647403337737514,9.391477334052489e-05,0.000304441074313424,0.0002257427534645639,5.840152160561264e-05,6.106169637804863e-05,3.7337116595640056e-05,1.7398889867159943e-06,0.00033326440893255687,0.0005034754400370307,0.000740587611910641,1.5094864586881286e-07,3.655401277948831e-06,1.581969362802103e-05,2.420504370164124e-06,0.0001728730787647687,3.3844832313770696e-05,2.5801154450717694e-05
44,0.37747621203649556,3.6235104039414948e-06,0.6182935577667364,0.00014060093930505691,1.1383164991787037e-05,0.00020063165957579787,1.3749058268151671e-05,0.0017889227442172302,5.71498325022905e-05,0.00011922415592964349,0.0002264674443468073,8.037709313794731e-05,6.090300126469854e-05,3.3995742767965686e-05,8.965904878904002e-07,0.00021408926786564028,0.0004996078880952691,0.0005959614311977989,8.107690005662369e-08,2.242218014148169e-06,1.349610376531e-05,1.6865449112977952e-06,0.00011151393169956264,3.1957295738194966e-05,2.166950138148368e-05
45,0.22515677136007495,3.201422503221405e-06,0.7726034124702347,3.701311875260083e-05,4.464437174876441e-06,4.906860911208325e-05,2.9172330594841394e-06,0.0006434839642414623,1.964792820193771e-05,9.376907412659713e-05,0.00010959292489115753,3.870545710795981e-05,2.541573001025422e-05,4.541951619591742e-05,1.5068678697994499e-07,9.11510603483083e-05,0.000530172586170694,0.00040126696648839236,2.051121761703167e-08,1.1440598723052028e-06,1.3883546869100555e-05,5.587575940012529e-07,8.660785264848847e-05,2.5490308698565965e-05,1.667041761834982e-05
46,0.5563299573628687,4.534404381671785e-06,0.4388296146763208,0.00015883302656327175,8.246804442730088e-06,0.00014831505695173978,1.075745161313468e-05,0.0019181254589685827,1.7365901157020405e-05,6.001596554342741e-05,0.0002492949667631149,0.0001278846343992977,5.6603894398857067e-05,1.572745558220443e-05,8.271363889379596e-07,0.0002402925566581842,0.0013408931957265534,0.000361182139178044,6.42058173346458e-08,1.1062705195037218e-06,8.601610892066902e-06,2.307402203450373e-06,7.563247956296366e-05,1.8059532086715604e-05,1.57564110117244e-05
47,0.5446043558895938,4.91420902759103e-06,0.45158856616594106,8.160352353111321e-05,6.236166560392998e-06,0.0001236336505045478,1.2451462363147033e-05,0.0017741749258004217,3.813767155500931e-05,7.202797164474565e-05,0.00023055440016419827,0.00013846130163439388,7.886814287110938e-05,2.1984243975551403e-05,7.218818472053132e-07,0.00023646802006544465,0.0005299875440746654,0.00035492619410309903,6.373235197770019e-08,1.3718453353189085e-06,7.748912520466968e-06,3.0321287786958534e-06,4.35070798838399e-05,2.4314075080662846e-05,2.1888860791639544e-05
48,0.3508437569371457,2.8096952318991887e-06,0.6454381940127872,0.00011840134120865891,1.2002768919753132e-05,0.0001894901021192106,1.3283727269502177e-05,0.0014973521987905803,6.513900229134134e-05,0.0001075158272339129,0.00021983973160765612,7.572116091250888e-05,5.776137951493281e-05,3.4724349347233936e-05,8.339085228461374e-07,0.00019048737542171578,0.00038047528108388297,0.0005691836144229712,6.73232780818548e-08,2.4032688830405316e-06,1.2913512220064449e-05,1.3954576911779053e-06,0.00010760976166471549,3.6079488030749566e-05,2.255877440066021e-05
49,0.3476101639623183,2.7389254591640824e-06,0.6487180001078322,9.906046392109637e-05,9.132588842832685e-06,0.0001840541838024573,1.027182101138784e-05,0.0016152387250269505,4.440395031088051e-05,9.7328537668606e-05,0.00019508395884405009,7.752982783078234e-05,4.848908912253847e-05,3.033720175926016e-05,5.530066864702806e-07,0.00017002483285008088,0.0004357591618628211,0.0005039824127468437,4.266408121601362e-08,2.058822503485493e-06,1.0398321671755453e-05,1.3274507892921922e-06,9.076146034606248e-05,2.5372362152489563e-05,1.7886160559000087e-05
50,0.3680615602363193,4.526214345460548e-06,0.6262884632420177,0.00015780743199472262,1.1945230965811796e-05,0.00024911918708367956,2.28103046813995e-05,0.0028716756894955025,8.180649607123578e-05,0.00017447247684142426,0.00024781997677193496,8.861797341182946e-05,8.331004019708667e-05,4.5725492877188986e-05,1.0810190084681208e-06,0.00023926550617497596,0.00044233054959879275,0.0007515910407773929,1.4092841091912846e-07,2.5458337251637112e-06,1.886177148770324e-05,2.642181366820953e-06,0.00010149660786298973,2.7213012332306595e-05,2.3171556180127868e-05
51,0.4531744770096521,2.0754185263115356e-05,0.5380261947363719,0.0004947474917782449,1.2435965139457194e-05,0.00014729778948304454,1.0446593666527589e-05,0.005304519416327254,5.7701513938123086e-05,0.0002673185349100121,0.00033039630410898246,0.00013163466883054807,9.608477724048048e-05,8.860435526301992e-05,1.5381123445028706e-06,0.0001969411099063042,0.0006608959564748238,0.0008462769191547926,1.4649577295709496e-07,2.1438778229542234e-06,1.200665222812474e-05,4.728588168954812e-06,7.446438234199161e-05,1.7633554361504993e-05,2.061100945031789e-05
52,0.408233709521704,3.364617856239173e-06,0.586704127715684,0.00017795288365421644,8.553419215793585e-06,0.00026760285542860775,1.1495802462939638e-05,0.0022221777708053953,6.30687041259734e-05,0.00019311530501031236,0.00020416067689021572,5.9677580544551774e-05,6.775985410284245e-05,3.081208754997164e-05,1.1093633189883333e-06,0.00027173993033416236,0.00042400986805854316,0.0008770642908654706,1.1462107655212363e-07,2.7571989515367387e-06,1.132418160132687e-05,1.9439921288094566e-06,0.00011658364284790562,2.8669923470651697e-05,1.710419231096839e-05
53,0.4082979761815177,2.870475337893537e-06,0.5865406918635003,0.000132252442847904,1.3962457622015643e-05,0.00028220175121319705,3.656952968134121e-05,0.0022944009638216026,8.699553024867914e-05,7.914410569134854e-05,0.00028852887376847486,0.00014056187908158282,6.764757852472656e-05,3.8600407686989483e-05,1.04260587314658e-06,0.00025096173285566413,0.00046379520115170437,0.0007463624441537372,8.910360321537335e-08,2.535961310634988e-06,1.741223055641403e-05,1.7517483869870967e-06,0.00014971327532358334,3.51453776826935e-05,2.8786278558368116e-05
54,0.26041062220656924,6.070809284153813e-06,0.7352776759515816,0.00010283460077642729,1.1407660941925335e-05,0.00016763258004169019,1.34733460216082e-05,0.0018185134037703922,9.003209543445067e-05,0.00017906496105262444,0.00018720701604006072,0.0001468755164967205,5.390896992444939e-05,6.859918860190125e-05,1.383129104404e-06,0.000377002569225339,0.0005079874572231693,0.00037057388904676927,7.011390522733142e-08,2.9699388199838915e-06,1.1342422411077078e-05,2.163156009218815e-06,8.926811673692137e-05,4.253082774719665e-05,6.079007323332204e-05
55,0.41567164183632493,2.914608998158168e-06,0.5804352701614109,0.00013240776028313402,1.5055235226304798e-05,0.0001769036843655338,2.0822433384210194e-05,0.0015260645426867145,7.793135127773383e-05,6.970802287005277e-05,0.00025431224014111053,0.0001408141676119294,6.56990186331682e-05,3.459726688196405e-05,7.114865862049243e-07,0.00019066645925088822,0.0003748072813818254,0.0006172755122776907,6.398463902947448e-08,2.014558323788589e-06,1.2402415330102822e-05,1.4451572628587795e-06,0.00010634132501078265,4.502940399266705e-05,2.5100085848274013e-05
56,0.3830451090683122,3.6291083198552707e-06,0.6127640082683103,0.00013791043812018186,1.1144138620968759e-05,0.0001908606008183228,1.3887207855083534e-05,0.0017859329555636192,5.603658410706319e-05,0.00011462897022691419,0.00022690581396601838,8.152059715911284e-05,6.388383347797511e-05,3.3943592940018696e-05,8.591319598439712e-07,0.0002074202381458644,0.0004891079342052803,0.000596109389551267,8.006434202815144e-08,2.243224674948532e-06,1.3572889700647317e-05,1.7272796637260955e-06,0.00010666417220742994,3.180246573974744e-05,2.1012032011488815e-05
57,0.3468226250455693,5.322211765311472e-06,0.6484802706900316,0.00013421659954991754,1.112662614942362e-05,0.00014593949497685073,1.7862656374605827e-05,0.002007227087382306,5.197142574967008e-05,0.00012757274903181845,0.00024770110321463537,0.0001031435317387453,8.946787923357026e-05,3.935467178263816e-05,9.462693858601024e-07,0.00029800391976234433,0.0006346172526942366,0.0006055481611103507,1.402475436444797e-07,2.393895782593769e-06,2.141726362495505e-05,2.2658784337953773e-06,8.768230184135609e-05,3.685102194433851e-05,2.6332015326420476e-05
58,0.3485252454126604,3.553772902658138e-06,0.6476084264479439,0.00013590732777310773,1.3606184067963496e-05,0.00018536397807835062,1.413667708133911e-05,0.0014382371328298593,6.460745013955687e-05,0.00011529311457296821,0.00022261985530027124,8.036822844652546e-05,6.538069296881642e-05,3.656366459344958e-05,8.424718490805438e-07,0.00020939535110619777,0.00047491288303842815,0.0005930528383545121,8.002534039717955e-08,2.5998748521726174e-06,1.5253037722299005e-05,1.518168786737639e-06,0.00012422406452213696,4.4898125945276746e-05,2.3913219123586388e-05
59,0.3177355882314371,3.3222831710469476e-06,0.6786634467950914,0.00012002074047342661,1.1897646320750202e-05,0.0001695296451666765,1.1743210257518125e-05,0.0013567067972571401,5.748966685007853e-05,0.00011894628248482082,0.0001907524279815909,7.026967478188815e-05,5.722842454534674e-05,3.571711945469565e-05,7.187204047744325e-07,0.00020059792941321412,0.00045599894552405396,0.0005447952525131559,6.556357384436085e-08,2.4899808554912067e-06,1.3937457593687724e-05,1.311933582590033e-06,0.00011494943340264878,4.021707249458155e-05,2.2258765368500947e-05
60,0.37747621203649556,3.6235104039414948e-06,0.6182935577667364,0.00014060093930505691,1.1383164991787037e-05,0.00020063165957579787,1.3749058268151671e-05,0.0017889227442172302,5.71498325022905e-05,0.00011922415592964349,0.0002264674443468073,8.037709313794731e-05,6.090300126469854e-05,3.3995742767965686e-05,8.965904878904002e-07,0.00021408926786564028,0.0004996078880952691,0.0005959614311977989,8.107690005662369e-08,2.242218014148169e-06,1.349610376531e-05,1.6865449112977952e-06,0.00011151393169956264,3.1957295738194966e-05,2.166950138148368e-05
61,0.3196450335787363,2.999903725197764e-06,0.6769799779098582,0.00011011838951851838,1.1431085966062646e-05,0.00015928202269112007,1.1002477390231332e-05,0.001270957890305895,5.693521892620275e-05,0.00011075687141121522,0.0001842106846748596,6.667574513302426e-05,5.4321454918762366e-05,3.4241326615947876e-05,6.433188702059268e-07,0.00017944499934966003,0.00040891852609377806,0.0005273222621398364,5.871188512239976e-08,2.310288328098053e-06,1.3175852996600144e-05,1.205590157234066e-06,0.0001086745307786661,3.9332411766235396e-05,2.0968947763089848e-05
62,0.37747621203649556,3.6235104039414948e-06,0.6182935577667364,0.00014060093930505691,1.1383164991787037e-05,0.00020063165957579787,1.3749058268151671e-05,0.0017889227442172302,5.71498325022905e-05,0.00011922415592964349,0.0002264674443468073,8.037709313794731e-05,6.090300126469854e-05,3.3995742767965686e-05,8.965904878904002e-07,0.00021408926786564028,0.0004996078880952691,0.0005959614311977989,8.107690005662369e-08,2.242218014148169e-06,1.349610376531e-05,1.6865449112977952e-06,0.00011151393169956264,3.1957295738194966e-05,2.166950138148368e-05
63,0.37610765415342845,4.365249746071681e-06,0.6194595001062446,0.0001514281199296619,1.1702921060703689e-05,0.00020013403054917374,1.3725589676765474e-05,0.0018715479845999548,5.8423971933334074e-05,0.00013248783772672299,0.0002323293964091911,8.477690071883662e-05,6.394949829140942e-05,3.680138804844111e-05,9.663669423009617e-07,0.00022958366028327418,0.0005482393320359397,0.0006033454903774093,9.047110753821876e-08,2.318833172486036e-06,1.4112997466999192e-05,1.8619105167754266e-06,0.00011378436350441142,3.360211106410944e-05,2.3267315165293063e-05
64,0.3423878643334977,3.4276711547219334e-06,0.6536480275459543,0.00011590770087022145,1.1435309881678799e-05,0.00016134499591662833,1.387477058228019e-05,0.0015995854592824096,5.027088883351438e-05,0.00010767248120643315,0.00022170261537345282,7.322122789185249e-05,6.038687675662837e-05,3.6321578629055396e-05,7.326327561812799e-07,0.0001964638594034367,0.0005175692795016914,0.0006056996039340132,7.939361013425056e-08,2.2488233111128984e-06,1.7515032411322027e-05,1.4525731111168768e-06,0.00011297095394635313,3.3020645798559146e-05,2.120374638547328e-05
65,0.3472446035140626,3.64372618265395e-06,0.6488438984466469,0.00012432240696757247,1.0771661441933171e-05,0.0001711619303510235,1.2260473359891282e-05,0.001647665019272932,5.8301262790257284e-05,0.00012234703346213343,0.00020288764649446515,7.619298256791163e-05,5.948404510460788e-05,3.771490275081663e-05,7.749154172630099e-07,0.00019910850055076686,0.0004515445601365638,0.0005595001131535451,6.93394385997893e-08,2.2982340324581915e-06,1.3092623153669602e-05,1.572068423131599e-06,0.00010217182394700769,3.2749794159260944e-05,2.1862976131922978e-05
66,0.41039266906190724,6.543600741421785e-06,0.5833941971661996,0.00028407144346181084,2.0340559931237666e-05,0.00048291125195942054,1.9905262130367017e-05,0.0021310596571057433,0.00011014281917495548,0.0002028969026492014,0.0003287311138044695,0.00011860305356296181,5.933782787008338e-05,5.0473216870092735e-05,2.25866178590036e-06,0.00033311270405661183,0.0009021892376577411,0.0007491468653552783,1.7636921596421018e-07,2.802040591849313e-06,1.8508433168564043e-05,2.727764332388681e-06,0.00028642221038694706,5.702725425034542e-05,4.374552182988342e-05
67,0.25079109552371015,2.05430148968033e-06,0.7462759638004887,9.678370912749461e-05,6.617436876529282e-06,0.00011192804116348361,6.820696606148911e-06,0.0010313908677208653,2.7519257601501276e-05,0.00010485033373899392,0.00011531215144362313,3.4645927747913017e-05,4.0860515597852504e-05,2.7770692231312483e-05,3.7949040040816494e-07,0.00014785237958179324,0.00043133777692632103,0.0005696981756203589,4.01026535150256e-08,2.1569048332177935e-06,1.2932322145960546e-05,6.065628261871025e-07,0.00012361363426622316,2.57644423804033e-05,1.2004952821458132e-05
68,0.5950861241196679,5.350363194650218e-06,0.3981496342473845,0.0001688443744117469,9.038640816235088e-06,0.00021125976357271777,1.663683161981202e-05,0.0036729207425724645,3.453828974871036e-05,0.0001048652853458216,0.0003968371914957179,9.0772889367605e-05,8.132086119403217e-05,2.1880197221713028e-05,1.434942861906228e-06,0.000282850848639785,0.0008055436078024239,0.000728006277032215,1.9456957161208433e-07,1.5846627727370384e-06,1.6107654384405868e-05,3.848883909335593e-06,7.677794151919614e-05,1.714303706122935e-05,1.6483776831753812e-05
69,0.5077174615864022,5.71695713029245e-06,0.48750967176862164,0.00021998930118367885,1.5756641629876783e-05,0.00027969707835946635,1.6980863633259928e-05,0.0019039784008884726,6.942156045217776e-05,0.00012075927478468639,0.0003119748387421775,0.00010930240916525516,7.617481440109679e-05,2.802039061398355e-05,1.6686181282539571e-06,0.00025141675309808733,0.0006765161772131139,0.0004969265917576103,1.2457361463691318e-07,1.976918939415444e-06,1.1130254251906809e-05,2.9570310344373565e-06,0.00011097398730289396,3.565525237695825e-05,2.5747956274371313e-05
70,0.34302791783902703,2.7513323958093587e-06,0.6535225147331801,0.00018340934673727262,1.9851762652906045e-05,0.0001762204188757038,1.409127682500055e-05,0.0014107623169686554,7.095946058684783e-05,8.302568030233049e-05,0.00021577005928136384,6.513866463414476e-05,5.131483642147489e-05,4.182440712323499e-05,6.929272090457833e-07,8.92802684372957e-05,0.00033114772996195466,0.0005126814260666322,4.241958724728329e-08,2.044871290709202e-06,1.1832206287825873e-05,1.1109470253388916e-06,0.00012181744588961836,2.792692342425646e-05,1.5870699808029998e-05
