,0,1,2,3,4,5,6,7,8,9,10,11,12,13,14,15,16,17,18,19,20,21,22,23,24
0,0.03407498575307762,3.036944229801149e-05,4.9986904573324395e-09,1.6588402649315935e-10,3.6427181001657718e-09,3.650683756226129e-08,5.987297326896082e-07,7.632387547345946e-06,2.849230598596241e-07,2.750689352309506e-07,1.5855666288181678e-07,2.8840933546398556e-05,6.273108470147921e-12,7.348577526549073e-09,0.0004316895947436616,3.337142424767186e-07,0.000278603307216883,2.60881683163203e-06,0.0001955812607406872,1.513871309873483e-10,6.308661578254613e-06,0.9648945800048582,8.966213892112914e-08,2.8670749926251143e-07,4.671965492188418e-05
1,0.024351942294820392,3.107229795677026e-05,2.8638799937289306e-09,1.558892318358072e-10,2.6750517989238748e-09,2.0690964496055828e-08,3.4903988819581027e-07,7.094877908650777e-06,1.8312168354431084e-07,3.2412086703654814e-07,6.883726010233283e-08,1.897507040248273e-05,2.7422133220419825e-12,6.869206832059592e-09,0.00039216724568707167,2.4754569224253354e-07,0.0003033122656380801,1.8081891708572232e-06,0.0001993096166996228,7.455821722555397e-11,8.543708891108696e-06,0.9746131991429521,7.073327124108186e-08,1.8401659842500627e-07,7.111454231955778e-05
2,0.02214101868213989,3.104880387910605e-05,1.8910887765266375e-09,1.338213823778262e-10,2.507179589440003e-09,1.9226388895697277e-08,2.858718353001264e-07,5.0286201402793e-06,1.011677527961289e-07,2.501470817251818e-07,6.766340657157824e-08,1.5733645402410372e-05,2.2480366247295284e-12,6.171434660340838e-09,0.000455596135263247,2.0712898471721313e-07,0.0003687541754352379,1.7641783217192131e-06,0.00012561626716001462,4.9410430885303146e-11,7.921136107432293e-06,0.9767863535111174,1.0672089158958916e-07,1.9906892107026334e-07,5.991709458772311e-05
3,0.025022692807196968,3.315392279019478e-05,2.3161119257579865e-09,1.5363628014505444e-10,2.55673338268929e-09,1.718195593586028e-08,3.014590135228682e-07,6.046829409622479e-06,1.1158608790096603e-07,2.6608149442692597e-07,7.273703703090216e-08,1.9493366434600028e-05,2.6928896106080764e-12,6.201889880217994e-09,0.0003316981141498258,1.7093835638019337e-07,0.00037473180130545656,2.3430530170162294e-06,0.00013269521823219295,5.854784040449654e-11,8.040881387762225e-06,0.9740038687861646,8.003791920311175e-08,2.2230893239275266e-07,6.398159950272185e-05
4,0.0243504815690376,3.39918473567281e-05,2.450141240523325e-09,1.5870347550578613e-10,2.7555332095382466e-09,1.8516571123190505e-08,3.149303210539142e-07,5.881061938463707e-06,1.1336583567273409e-07,2.758766260541891e-07,7.703217776122715e-08,1.991945432705628e-05,3.098276691568738e-12,6.651143075672252e-09,0.00033112517401748785,1.7598622106228477e-07,0.00037152162694455664,2.483337552690009e-06,0.0001283900673598066,6.226783654724123e-11,8.090605163111389e-06,0.974686666803909,8.338742372174068e-08,2.3560732103070468e-07,6.0141669008822894e-05
5,0.02594819222076726,3.6100606813823355e-05,2.3754104227595585e-09,1.8444660375983235e-10,2.7646848040138053e-09,1.786813207552579e-08,3.1285967280703715e-07,6.408040373615004e-06,1.0267932392630584e-07,2.9005582562506223e-07,7.694102116889687e-08,2.0892358507963356e-05,3.0731143619320877e-12,6.67607826132844e-09,0.00030532209199178145,1.623297058240358e-07,0.00041451971605970894,2.9742576773768426e-06,0.0001225550267023242,6.311600097991605e-11,8.735150253175514e-06,0.9730650713324706,8.853241617803623e-08,2.557405819953005e-07,6.79101248936699e-05
6,0.025022692807196968,3.315392279019478e-05,2.3161119257579865e-09,1.5363628014505444e-10,2.55673338268929e-09,1.718195593586028e-08,3.014590135228682e-07,6.046829409622479e-06,1.1158608790096603e-07,2.6608149442692597e-07,7.273703703090216e-08,1.9493366434600028e-05,2.6928896106080764e-12,6.201889880217994e-09,0.0003316981141498258,1.7093835638019337e-07,0.00037473180130545656,2.3430530170162294e-06,0.00013269521823219295,5.854784040449654e-11,8.040881387762225e-06,0.9740038687861646,8.003791920311175e-08,2.2230893239275266e-07,6.398159950272185e-05
7,0.036734096935626015,5.084707701541251e-05,3.748695899371676e-09,2.0298405914610533e-10,2.5197334330715376e-09,1.781783678201361e-08,5.478574861343331e-07,8.567145227820019e-06,1.6282544538446696e-07,3.0017094313495056e-07,1.4122515568389517e-07,2.3253521616941856e-05,5.519496372399511e-12,5.988573919123009e-09,0.0003513746852767423,1.5515952971843842e-07,0.0004862012011404744,3.834547682159364e-06,0.0001276088725486344,1.0702184302472575e-10,7.856336527293968e-06,0.9621377762028891,8.015302153974231e-08,4.5469090036550794e-07,6.671100160193932e-05
8,0.03211860658264284,3.9359423191849314e-05,2.6615346209137425e-09,1.8706964320708222e-10,2.3849471531422652e-09,1.391538919990969e-08,3.3477093697892363e-07,7.774699048913614e-06,1.1650050221771457e-07,3.783218973066858e-07,4.64200724971827e-08,1.66517175573805e-05,2.776770227656187e-12,6.013350664478412e-09,0.0003491192789353788,2.2319162084909352e-07,0.0004948957852176726,2.277665276796253e-06,0.00012800409495238534,6.223338937557873e-11,8.658523229875133e-06,0.9667277669108514,9.450396020501827e-08,3.408984923923446e-07,0.00010532548431163563
9,0.038302382770875415,5.076988663010545e-05,4.36908160136829e-09,2.305347822076691e-10,2.966145259329809e-09,1.3292939961032014e-08,4.0270606192741403e-07,1.1243316370965528e-05,1.7098573449725695e-07,4.0872970479834096e-07,6.778754227267653e-08,2.2070458816522787e-05,4.625267037508079e-12,5.874455901928099e-09,0.0003480249051794277,1.8879736596853545e-07,0.0006281066634122668,3.020268773254258e-06,0.0001355879096062078,9.253868466535626e-11,8.872310569314714e-06,0.9603745094326265,7.765806083478551e-08,5.600903291535018e-07,0.00011350849201949487
10,0.025022692807196968,3.315392279019478e-05,2.3161119257579865e-09,1.5363628014505444e-10,2.55673338268929e-09,1.718195593586028e-08,3.014590135228682e-07,6.046829409622479e-06,1.1158608790096603e-07,2.6608149442692597e-07,7.273703703090216e-08,1.9493366434600028e-05,2.6928896106080764e-12,6.201889880217994e-09,0.0003316981141498258,1.7093835638019337e-07,0.00037473180130545656,2.3430530170162294e-06,0.00013269521823219295,5.854784040449654e-11,8.040881387762225e-06,0.9740038687861646,8.003791920311175e-08,2.2230893239275266e-07,6.398159950272185e-05
11,0.02540432320233547,3.4378638849877745e-05,2.409048925432975e-09,1.6035557395678841e-10,2.6450215288530264e-09,1.758107677372515e-08,3.1449065578544095e-07,6.134481819901731e-06,1.1288085290069031e-07,2.740036717542072e-07,7.596783795702678e-08,1.9964576422271965e-05,2.975111808744294e-12,6.412595790176443e-09,0.0003304102485401468,1.715232113701914e-07,0.0003856529184074552,2.4837732027262183e-06,0.00012986929001343282,6.135209908779867e-11,8.069405000337119e-06,0.9736137808024182,8.283848561124547e-08,2.3876913970204924e-07,6.363291670923367e-05
12,0.010775896007506058,2.3749339945288034e-05,7.314915867587247e-10,1.1469862172113725e-10,3.5154254789992002e-09,1.3116522028636699e-08,9.112683672782381e-08,1.4577359342095385e-06,9.11173839058533e-09,1.4606143181263857e-07,3.4754866863045145e-08,1.880954103147134e-05,2.1072098105020387e-12,8.924107068171503e-09,0.00010931139111625372,8.043768167882318e-08,0.00038787984911535094,3.8101533371091495e-06,2.9976618580541867e-05,1.661925242345935e-11,5.7495265604025375e-06,0.9886193187297596,1.6063811292412848e-07,1.5028176032872573e-07,2.3342273713674435e-05
13,0.023271993917889203,3.0158541085933168e-05,2.431521146740365e-09,1.4607843046712816e-10,2.5297224031487595e-09,1.5220407589732324e-08,2.7701490293339374e-07,5.9599363066912345e-06,1.1338178316355339e-07,2.1668763778852586e-07,8.37967228694572e-08,2.2309709595592164e-05,2.5966784823102003e-12,6.028136060189728e-09,0.00033501182658787857,1.4814777274116725e-07,0.00038966368924305916,2.141283169833502e-06,0.00013290205347302867,5.710116914497159e-11,8.21133150320709e-06,0.9757416180591293,7.335600336143618e-08,2.0143817646692184e-07,5.888941345362154e-05
14,0.013846842459165143,8.851331361917494e-05,1.9402425900459313e-09,2.049058068079437e-10,3.1247645164022744e-09,2.2853901879067157e-08,3.611708242692647e-07,6.421923355391325e-06,9.999229715830625e-08,7.311825441936549e-07,7.579853478608206e-08,9.59605360125712e-06,4.19170590238013e-12,5.481805707020139e-09,0.00024377327390381998,1.2293574761457226e-07,0.0002410029970733066,4.780221271766868e-06,9.608408375763497e-05,8.129025730398714e-11,9.991711680417922e-06,0.9853945194286642,6.764738332307565e-08,4.094174766466011e-07,5.657269799710911e-05
15,0.025022692807196968,3.315392279019478e-05,2.3161119257579865e-09,1.5363628014505444e-10,2.55673338268929e-09,1.718195593586028e-08,3.014590135228682e-07,6.046829409622479e-06,1.1158608790096603e-07,2.6608149442692597e-07,7.273703703090216e-08,1.9493366434600028e-05,2.6928896106080764e-12,6.201889880217994e-09,0.0003316981141498258,1.7093835638019337e-07,0.00037473180130545656,2.3430530170162294e-06,0.00013269521823219295,5.854784040449654e-11,8.040881387762225e-06,0.9740038687861646,8.003791920311175e-08,2.2230893239275266e-07,6.398159950272185e-05
16,0.02484774258636679,3.340325531312598e-05,2.1764893841029092e-09,1.5619007028303774e-10,2.3843117369879574e-09,1.70664888631165e-08,3.029650703379734e-07,5.749525467180858e-06,1.0261356498832407e-07,2.827599176767888e-07,6.800131417274824e-08,1.907542616803722e-05,2.531388733926889e-12,6.288583174117593e-09,0.00030760817139416244,1.6755695386537509e-07,0.0003669117528851852,2.519165223170378e-06,0.00012753983390726548,5.6149833654601936e-11,8.721767227861883e-06,0.9742140650219134,7.693921767180484e-08,2.1258223541786867e-07,6.542194511518748e-05
17,0.02629402739627829,3.3269262497852186e-05,2.44139084462674e-09,1.7566160674479777e-10,2.7141842618448177e-09,1.7692851389564247e-08,3.134538752104311e-07,6.302421021395228e-06,1.0817544672922633e-07,2.7387630642451974e-07,7.571473202980536e-08,2.1488888016904722e-05,2.929145805349742e-12,6.903663091771722e-09,0.00031401053047018675,1.7484610034576927e-07,0.0004014374852018129,2.653369585590543e-06,0.00013098628383745312,6.204749263998262e-11,8.596118944634594e-06,0.972717834566886,8.805445809132371e-08,2.3416341759610386e-07,6.809540019592886e-05
18,0.022823514354503922,3.282947896615232e-05,2.4777624300196395e-09,1.6012640332165142e-10,2.8169920180413886e-09,2.3397545015802918e-08,3.4096916325942533e-07,6.243709794686144e-06,1.4268821067775099e-07,2.748823328365184e-07,8.931546553168804e-08,1.845236886228256e-05,2.74820041588437e-12,6.879939126000878e-09,0.00039813041243365495,2.0629635029616286e-07,0.00030055983953259166,2.1702207027394885e-06,0.00015562872439737864,7.260195937218333e-11,8.275969779175803e-06,0.976192729287862,8.614718155269906e-08,1.9242699676551465e-07,6.009709974906632e-05
19,0.018350305980726657,2.8053791291278856e-05,2.716895045007919e-09,1.477841569281832e-10,2.7397743147026896e-09,1.4716651823881816e-08,2.4016034813342224e-07,6.300008023744504e-06,1.2153673087885345e-07,2.560607142415431e-07,6.54646830296684e-08,2.1539899154263725e-05,2.847027043191184e-12,5.949177998305516e-09,0.00025769562105808946,1.357438806537418e-07,0.00033138025338207876,2.1398778895054277e-06,0.00011944074299172104,6.390207409438321e-11,7.270409317394619e-06,0.9808202022622081,5.491014374259543e-08,1.95087985256359e-07,5.45758524386243e-05
20,0.016040994489047146,2.6801131724774886e-05,1.7959092935641796e-09,1.1699926674586833e-10,2.2841559264430733e-09,1.0905772013798597e-08,1.9299934117352027e-07,5.639181152122135e-06,8.890433506822683e-08,2.1909518786509326e-07,4.8365845919958895e-08,1.5089455623767146e-05,1.9143974060001885e-12,4.657166864960239e-09,0.0002935683197341359,1.1096405401105443e-07,0.00035869338445733103,1.537746956862019e-06,0.00010696894791468069,3.999174293660144e-11,6.7974620388470265e-06,0.9830939461002538,5.800582126265229e-08,1.778799487781172e-07,4.904776465313563e-05
21,0.03565874697041864,3.538203727683917e-05,3.0341955341083516e-09,2.0578961188206718e-10,2.8961636877319967e-09,2.2429718640493184e-08,4.227402497702558e-07,6.46845987823684e-06,1.1889444918646756e-07,3.182327093120957e-07,8.888122782072382e-08,2.862523710128414e-05,4.191139257346257e-12,8.341655428466951e-09,0.0003220770279490652,2.5160834642765576e-07,0.0004443834585128635,3.3447725356381353e-06,0.0001434906489463587,8.199730661724373e-11,9.498635488738224e-06,0.9632730128689203,1.0829693820549801e-07,2.776434780715486e-07,7.334659186213646e-05
22,0.02384505040860973,3.055858934601477e-05,2.3365994215812867e-09,1.4986930429947242e-10,2.458340338395982e-09,1.625337610645012e-08,2.927146023972783e-07,5.251801416851448e-06,9.482561619431448e-08,2.3493804578255393e-07,7.497157018070848e-08,2.0090182694622203e-05,2.438119834886725e-12,6.668668945463449e-09,0.00029644881523169686,1.5961230950304074e-07,0.00037078713075408136,2.5156345579147507e-06,0.00012133761253464793,5.453841181492431e-11,8.832692648896951e-06,0.9752392528590476,7.70758268790206e-08,2.0415481483453863e-07,5.8708056541545244e-05
23,0.025022692807196968,3.315392279019478e-05,2.3161119257579865e-09,1.5363628014505444e-10,2.55673338268929e-09,1.718195593586028e-08,3.014590135228682e-07,6.046829409622479e-06,1.1158608790096603e-07,2.6608149442692597e-07,7.273703703090216e-08,1.9493366434600028e-05,2.6928896106080764e-12,6.201889880217994e-09,0.0003316981141498258,1.7093835638019337e-07,0.00037473180130545656,2.3430530170162294e-06,0.00013269521823219295,5.854784040449654e-11,8.040881387762225e-06,0.9740038687861646,8.003791920311175e-08,2.2230893239275266e-07,6.398159950272185e-05
24,0.0215389066795633,3.624006736801555e-05,2.2705733473614843e-09,1.880476610244411e-10,2.8681706563421053e-09,1.9017309706677358e-08,2.883788109410099e-07,6.011502075798174e-06,1.0003822837070371e-07,3.114133465205924e-07,7.126680797758795e-08,2.0290579342563574e-05,3.123602546638471e-12,7.47952202428177e-09,0.0002649810631671053,1.6344166302691475e-07,0.0003367561579231096,2.867215173845738e-06,0.00012896773293848948,6.784064689367687e-11,8.517655289343338e-06,0.9775923323848091,7.988381029669644e-08,2.0418624162749289e-07,6.287845885268457e-05
25,0.02996982269208636,3.464816402635314e-05,3.0572019703727756e-09,2.3234885174792714e-10,2.627105271484668e-09,1.3472664105328755e-08,4.0891673230118913e-07,9.061361490964783e-06,1.150356104109282e-07,2.2806211080177753e-07,1.1294945360996685e-07,2.8893286837819992e-05,4.2657769767868736e-12,7.1625746158467525e-09,0.0002647665771932626,1.3954901808213105e-07,0.000513830861556957,3.034488885903196e-06,0.00014943017509607258,9.090798295014123e-11,8.577622400523702e-06,0.9689583707048591,8.341274731540924e-08,2.670321816306214e-07,5.818246064409599e-05
26,0.038281527085268434,3.895495292315746e-05,2.928075655669188e-09,1.6995670601912873e-10,2.4904205771250687e-09,1.2307126638479555e-08,3.4874565241423495e-07,7.386329996124613e-06,1.0345245668828503e-07,2.7377884472978913e-07,7.279609167884935e-08,2.2404713829972272e-05,4.071558869770544e-12,4.832796437662546e-09,0.0002870568542166616,1.3766236944387956e-07,0.0006282399729009871,3.379538836045818e-06,9.78911208498177e-05,6.089105918288302e-11,7.094908427704124e-06,0.9605544127073394,8.07104524709783e-08,4.833624933943582e-07,7.012851371241392e-05
27,0.12599426871924743,0.00012110031101812761,9.08109815625185e-09,1.1677551659185845e-09,9.382958315305876e-09,1.762356603221076e-08,1.452714700849225e-06,9.219887336891396e-06,2.368354654157481e-08,2.65416835186742e-07,8.100237061242042e-07,0.0003499224913260573,6.418643197714777e-11,4.223794892999597e-08,9.624707432708626e-05,2.1529376871070797e-07,0.0027665631638463133,4.557956897477544e-05,0.00016558651663895998,2.4395016200941435e-10,2.5894765975553015e-05,0.8703747136038472,4.377741473411549e-07,1.3839038733578318e-06,4.623528542058133e-05
28,0.025022692807196968,3.315392279019478e-05,2.3161119257579865e-09,1.5363628014505444e-10,2.55673338268929e-09,1.718195593586028e-08,3.014590135228682e-07,6.046829409622479e-06,1.1158608790096603e-07,2.6608149442692597e-07,7.273703703090216e-08,1.9493366434600028e-05,2.6928896106080764e-12,6.201889880217994e-09,0.0003316981141498258,1.7093835638019337e-07,0.00037473180130545656,2.3430530170162294e-06,0.00013269521823219295,5.854784040449654e-11,8.040881387762225e-06,0.9740038687861646,8.003791920311175e-08,2.2230893239275266e-07,6.398159950272185e-05
29,0.025022692807196968,3.315392279019478e-05,2.3161119257579865e-09,1.5363628014505444e-10,2.55673338268929e-09,1.718195593586028e-08,3.014590135228682e-07,6.046829409622479e-06,1.1158608790096603e-07,2.6608149442692597e-07,7.273703703090216e-08,1.9493366434600028e-05,2.6928896106080764e-12,6.201889880217994e-09,0.0003316981141498258,1.7093835638019337e-07,0.00037473180130545656,2.3430530170162294e-06,0.00013269521823219295,5.854784040449654e-11,8.040881387762225e-06,0.9740038687861646,8.003791920311175e-08,2.2230893239275266e-07,6.398159950272185e-05
30,0.025022692807196968,3.315392279019478e-05,2.3161119257579865e-09,1.5363628014505444e-10,2.55673338268929e-09,1.718195593586028e-08,3.014590135228682e-07,6.046829409622479e-06,1.1158608790096603e-07,2.6608149442692597e-07,7.273703703090216e-08,1.9493366434600028e-05,2.6928896106080764e-12,6.201889880217994e-09,0.0003316981141498258,1.7093835638019337e-07,0.00037473180130545656,2.3430530170162294e-06,0.00013269521823219295,5.854784040449654e-11,8.040881387762225e-06,0.9740038687861646,8.003791920311175e-08,2.2230893239275266e-07,6.398159950272185e-05
31,0.026743603293710495,3.867397609150561e-05,3.14488413764739e-09,1.9508482699833353e-10,3.1638905585244896e-09,1.11358150925576e-08,2.650276819138994e-07,9.084508636574099e-06,1.1001647878662737e-07,3.156104722703748e-07,5.202955470105252e-08,2.2398675724402158e-05,3.691784460315458e-12,6.436952045540508e-09,0.0002323674414333363,1.3736812087058618e-07,0.00049964580904451,2.6386477118744467e-06,0.00013401282327802578,6.533334857709036e-11,7.702176203093181e-06,0.9722353166116279,6.193910818041765e-08,3.243569818943268e-07,7.32655424879362e-05
32,0.023888806799924778,3.223315431423195e-05,2.2684975946758957e-09,1.4591077209450422e-10,2.5334835004219536e-09,1.6872385846340327e-08,2.9142678241198506e-07,5.958458699634806e-06,1.1517208619619275e-07,2.6482738566727256e-07,6.865328739755071e-08,1.8721703793423123e-05,2.5718242620078577e-12,6.173903887646449e-09,0.0003390587374960765,1.7533514875306167e-07,0.00035727039191985445,2.1027158439473015e-06,0.0001416125858286842,5.6794433925493735e-11,7.946881603907384e-06,0.9751427835628342,7.594925384734139e-08,2.0413827062900404e-07,6.228145197846042e-05
33,0.019662697212890934,3.0913569800434145e-05,1.7103417359003235e-09,1.253985930830908e-10,2.4952075004154e-09,1.3046465068017137e-08,2.2464546548890414e-07,4.741907768795159e-06,6.590166302811539e-08,2.1481673243291337e-07,5.642265828246488e-08,1.6848804183226696e-05,2.5638488369684835e-12,5.830810722786338e-09,0.00024587821881388747,1.2519619141566507e-07,0.0003595353991206175,2.112476699675914e-06,0.00010257447469368295,4.387391781257803e-11,6.207549647902513e-06,0.9795252694554142,7.187082123275492e-08,1.929040391213518e-07,4.224591873420023e-05
34,0.025771485324192624,3.33153939404801e-05,2.4024370194218303e-09,1.5315140089634471e-10,2.5352469003060884e-09,1.757422833673824e-08,3.126159960251386e-07,6.222343906851992e-06,1.222423754992534e-07,2.721776258008619e-07,7.373963500985704e-08,1.9364670577897575e-05,2.6968020224273717e-12,6.164944548932755e-09,0.0003453698527158339,1.7754582641636635e-07,0.0003671400180270096,2.298695309248324e-06,0.000139693486039288,6.018981475560227e-11,8.13942384919942e-06,0.9732394257522424,7.82277356553194e-08,2.236725544746064e-07,6.625592455541996e-05
35,0.018556977925521925,3.2988667017593424e-05,2.034898236631839e-09,1.2286011097504023e-10,3.387766403595937e-09,2.9134774975263157e-08,2.916601064059908e-07,3.548062061783637e-06,8.325038134154268e-08,1.940711099002228e-07,1.0823689568787369e-07,1.7580398386162564e-05,2.3310889059983888e-12,8.590109091753037e-09,0.0006076765328905006,2.668024890752567e-07,0.0003261177876097467,1.7110527539224304e-06,0.00012413768089783282,5.258437768112922e-11,9.012601401402861e-06,0.9802742921494931,1.5908753299508155e-07,1.6872225098102003e-07,4.4641985875176026e-05
36,0.022197419667479835,2.4815735774547702e-05,2.3604003254563443e-09,1.1644459542273968e-10,2.400262359758175e-09,7.143970872412051e-09,1.6795090361974204e-07,6.5527359990548545e-06,9.56075617845449e-08,2.1352975320519046e-07,3.541128762448568e-08,2.3631423580740763e-05,2.4361809688639362e-12,4.986782805795626e-09,0.00023821300037368197,1.295874286529333e-07,0.0005060469618792813,1.3326662129404147e-06,0.00014484135022807356,3.937700169577823e-11,6.330439203745841e-06,0.9767871948059291,4.60928268318184e-08,1.8940441497749448e-07,6.272657948809432e-05
37,0.023055560578336097,3.270645856811372e-05,2.2662254273645294e-09,1.5552042832410623e-10,2.625820510010008e-09,1.8051437579755083e-08,2.940305142324876e-07,6.120138819386521e-06,1.1661555807329096e-07,2.7635128128458613e-07,7.232158393304319e-08,1.8875736294034824e-05,2.6207244962882854e-12,6.190619445261876e-09,0.0003478379840334661,1.72973272183279e-07,0.0003621402142913444,2.237047626936202e-06,0.00013449548811362178,5.896633359502744e-11,8.177127646421903e-06,0.9759661175294059,8.132666064830618e-08,2.124224631027648e-07,6.447630432076552e-05
38,0.02306967057156978,3.3362841430566475e-05,2.4918925056438423e-09,1.6588743418362416e-10,2.7445964213731537e-09,1.3466491838122704e-08,2.5402700764762117e-07,7.18419102313819e-06,1.1248427624710912e-07,2.7044510235223935e-07,6.383863393103142e-08,2.0922807236199015e-05,2.8756154175180403e-12,5.8152088633555075e-09,0.0002862710558172994,1.3744679628442128e-07,0.00042611068404887993,2.3032922820044484e-06,0.00013029844531293607,5.867027968452037e-11,7.739925529538524e-06,0.9759478432780005,6.643501876867464e-08,2.3932914260194706e-07,6.712415614816234e-05
39,0.02472102564193015,3.185525099711368e-05,2.4441281080653966e-09,1.6249557635963514e-10,2.7061607301405147e-09,1.793160154759034e-08,2.994864829795189e-07,6.286185086229831e-06,1.1764883649780812e-07,2.7639425233109546e-07,7.101451189016268e-08,2.055472414964036e-05,2.6625599181126392e-12,6.616498539613206e-09,0.0003331438585923919,1.8496016968567014e-07,0.00037127467997249286,2.295529592439031e-06,0.0001425876713146719,6.087102560110708e-11,8.609853304086803e-06,0.9742936183979383,8.123963786658985e-08,2.114059243069715e-07,6.747613288860012e-05
40,0.021041415079325783,2.5907661937374662e-05,1.6458154029173707e-09,7.315847359739908e-11,1.7832677567670516e-09,1.2368522965262218e-08,2.09251463691031e-07,3.142295594969177e-06,7.081334826554129e-08,1.539069321698435e-07,5.7522935907421355e-08,1.4960080905772862e-05,1.4889379162074638e-12,4.845359118102503e-09,0.0002727099804629872,1.2368376598686809e-07,0.0002601374033237475,1.6177845398254376e-06,0.0001012066312775571,3.113050419436302e-11,6.253725210020091e-06,0.9782318339951683,5.081297460372711e-08,1.4248064802213796e-07,3.998614144188458e-05
41,0.02086661617962439,3.217862368141657e-05,3.368904450827985e-09,1.213820985068588e-10,2.9276686657291145e-09,2.3610182201790627e-08,2.8348221700915123e-07,6.735250372138262e-06,2.5180797138087025e-07,3.4916450927557617e-07,5.726711715464285e-08,1.413745796644053e-05,2.1471636159784843e-12,5.697882123181755e-09,0.0005464723236541408,2.597996966826628e-07,0.00024447556069478836,1.4434059647887184e-06,0.000161924430253991,6.852895624845981e-11,8.337844808311136e-06,0.9780340791985972,5.884241116625259e-08,2.1574472234196544e-07,8.208781904191886e-05
42,0.027093507900070597,3.5374050726372244e-05,2.4522315452228554e-09,1.6963364663770247e-10,2.7205039267881443e-09,1.8901726131572663e-08,3.240266364194463e-07,6.228546539576781e-06,1.1554394031033053e-07,2.8220964101274505e-07,8.089712895202477e-08,2.0986433275537337e-05,3.0430137111092264e-12,6.561262256538073e-09,0.00033528911114279864,1.7542245820207698e-07,0.00039423087947558635,2.744806259882441e-06,0.00013066238686870876,6.298026670822629e-11,8.405030654137816e-06,0.9719026925384447,8.746651582965904e-08,2.4948815474029533e-07,6.853239068572348e-05
43,0.02951745622270092,3.5689375062416566e-05,2.663445523901888e-09,1.6647935681363353e-10,2.5880796199634374e-09,1.722270066718205e-08,3.4370937377187677e-07,6.514668291310362e-06,1.1901142233952702e-07,2.562676724201481e-07,8.755924654021213e-08,2.2295846425702967e-05,3.1661983895025762e-12,6.499884793012927e-09,0.0003369493949562454,1.7573652843890546e-07,0.00041632331758108374,2.6468873706660594e-06,0.00013755758897782285,6.722655852934482e-11,8.073954571775354e-06,0.9694480174837272,8.444646712917913e-08,2.5557982740179476e-07,6.712373881417978e-05
44,0.025022692807196968,3.315392279019478e-05,2.3161119257579865e-09,1.5363628014505444e-10,2.55673338268929e-09,1.718195593586028e-08,3.014590135228682e-07,6.046829409622479e-06,1.1158608790096603e-07,2.6608149442692597e-07,7.273703703090216e-08,1.9493366434600028e-05,2.6928896106080764e-12,6.201889880217994e-09,0.0003316981141498258,1.7093835638019337e-07,0.00037473180130545656,2.3430530170162294e-06,0.00013269521823219295,5.854784040449654e-11,8.040881387762225e-06,0.9740038687861646,8.003791920311175e-08,2.2230893239275266e-07,6.398159950272185e-05
45,0.025516388553678854,3.636348375843116e-05,2.131723125611258e-09,1.730023048200852e-10,2.4775745609600426e-09,1.797496039065329e-08,2.825729687365683e-07,5.265954942366365e-06,8.956831135258478e-08,2.8384759425308614e-07,7.33089138139524e-08,2.1035531069037434e-05,2.5067741538831996e-12,6.782681702138574e-09,0.00028306800888600536,1.587825724307807e-07,0.0003800650980890942,3.162417758396837e-06,0.00011641610366275292,5.5596612876726543e-11,9.532989737645357e-06,0.9735526564745792,8.522936996207094e-08,2.182699986481764e-07,7.482420606328357e-05
46,0.025073895944978556,3.308428716577007e-05,2.2876640316762566e-09,1.5351746060250376e-10,2.551660751640946e-09,1.5816071119055848e-08,2.894524172631998e-07,6.072242707183014e-06,1.048834413867558e-07,2.581704790243399e-07,7.078149988287667e-08,1.990389630517917e-05,2.7446300333530663e-12,6.036066791258644e-09,0.00032017226843003994,1.6108553866547735e-07,0.00040115354569795136,2.3399416466186973e-06,0.00012807807338650724,5.665635957330037e-11,7.900111535933712e-06,0.973943209532192,7.893173070389118e-08,2.297667894546037e-07,6.297017967704729e-05
47,0.0025415940784484555,0.0007383627617148043,6.628169440552933e-08,1.2395045166934234e-07,7.415063451604639e-07,2.507240631244986e-06,1.3246243391427648e-05,0.0005758651715371229,5.076834223941831e-05,6.046844926534696e-05,3.2916378237340795e-06,8.828385385816402e-06,8.296106933523171e-11,4.684357177818352e-07,0.030976101759893702,6.210180503190451e-06,0.00022654444862969775,7.01300965036683e-06,0.009123462794894486,5.766461282366095e-09,0.00047387440070644393,0.9517807389956007,8.729722661074228e-06,3.1758705647777515e-06,0.0033978104828269002
48,0.045202581333603026,3.2645002598913824e-05,8.666219422984434e-09,3.8259800083516274e-10,4.831637144602813e-09,1.1509508877188381e-07,6.98703327694068e-07,7.951954580383447e-06,4.87512911260202e-07,3.82802332336406e-07,3.895814375680957e-07,5.4656445856896704e-05,3.634035581730323e-12,1.2828395250777768e-08,0.0006803138594544299,4.4246793841700555e-07,0.00026528662855988,8.604860937413267e-06,0.00014716771066780094,2.1470261034942137e-10,2.2969925446907353e-05,0.9533885053392808,1.6139451529628327e-07,3.24359832313971e-07,0.0001862880944433452
49,0.02807559857043441,3.636275717106714e-05,2.3649352316744625e-09,1.5761039275222526e-10,2.4544946808904107e-09,1.643247091411286e-08,3.3045235368973486e-07,6.5946295704852066e-06,1.1985027610319868e-07,2.8254907154056665e-07,7.208120682788406e-08,1.8518324091427677e-05,2.756519025694346e-12,6.02727782097923e-09,0.00035937517999458087,1.7869636661641622e-07,0.00040579225046973093,2.328553245795881e-06,0.00014258411390673015,5.914516394237035e-11,8.188999545718166e-06,0.9708720974310728,8.255245012455227e-08,2.499863446635482e-07,7.121552373690115e-05
50,0.023399809830527238,3.0690411884360886e-05,2.0008289617014244e-09,1.3246149560798798e-10,2.1420527719221504e-09,1.7351525721110405e-08,3.383848902305826e-07,6.059208878091071e-06,1.2493937545962365e-07,3.297183670004389e-07,4.790735640513945e-08,1.3424025358382897e-05,2.2792080538407087e-12,6.2870130322429075e-09,0.00029861474075641313,2.200449215892385e-07,0.0002605936110383937,1.7467795651556284e-06,0.00016973715510914058,5.689514207732945e-11,6.85416316279383e-06,0.9757505841400363,6.727235159194337e-08,1.698569147541654e-07,6.055983645035608e-05
51,0.025213733599828193,3.324588181434865e-05,2.330592171870286e-09,1.5332472488177317e-10,2.5913246272889634e-09,1.7371412575598595e-08,3.008581751556278e-07,6.039828769340474e-06,1.1248468462316452e-07,2.667653941647653e-07,7.258409796849521e-08,1.95451814576105e-05,2.6949686207001833e-12,6.238812520291925e-09,0.0003389380301062957,1.7536841244500236e-07,0.00037744190214735525,2.3108967050588595e-06,0.00013432236781129494,5.850697374670716e-11,8.057519857994296e-06,0.9738002584989375,8.142136445171905e-08,2.2332206959839212e-07,6.484474169782998e-05
52,0.025614781892086595,3.3388745989974674e-05,2.310956543295933e-09,1.6078147861336727e-10,2.531261144533326e-09,2.1149587286689155e-08,3.421871251082497e-07,5.701283603410073e-06,1.1568187828430166e-07,2.7877978660014865e-07,8.419016839387376e-08,1.9015790694553465e-05,2.853323612323252e-12,6.402119379963574e-09,0.00033678222069581556,1.7726190378483652e-07,0.00034199118726486945,2.8041225001079474e-06,0.00012106331369871257,6.390068158046799e-11,8.173637700823812e-06,0.9734532307930908,8.755415242214444e-08,2.321570270976494e-07,6.171657917296414e-05
53,0.0393112804280261,4.2072219104159654e-05,2.8515865148323677e-09,2.1142365287270286e-10,2.022991289138617e-09,3.7516441130080314e-08,8.612172999338342e-07,6.471566775909951e-06,1.7063094611853986e-07,3.3631927208208034e-07,1.5827139394220798e-07,1.6289929132244165e-05,3.5732453681843736e-12,7.585135341586454e-09,0.0005742826232942297,3.6050895460514703e-07,0.0003385393005963614,3.4530286019816867e-06,0.00013927341814467167,1.1915996807579532e-10,9.10736546008007e-06,0.9594796488586111,1.8799198756677054e-07,3.2221784013905844e-07,7.713379424761602e-05
54,0.033344517850043505,3.8215235338865995e-05,2.088307089926867e-09,1.3199027481252482e-10,1.8091893101528885e-09,1.9880252905519984e-08,3.9291004679326006e-07,5.073371633764021e-06,1.2025518171450523e-07,3.3253480744867033e-07,5.780771876148809e-08,1.5469108228396287e-05,2.287303781043005e-12,6.506347745145795e-09,0.0003848158109628012,2.7983930673722796e-07,0.0003034701356533815,2.1069410288228623e-06,0.00014813324564503377,5.940154905787729e-11,7.947585803799392e-06,0.9656634452480475,8.830853725895378e-08,2.0765497197766352e-07,8.529567926710634e-05
55,0.029514065333827923,3.524065491332649e-05,2.7382170773344083e-09,1.7790022418030736e-10,2.64180917721426e-09,1.7183294368921647e-08,3.2777051983868825e-07,7.105194994784501e-06,1.3137004519969357e-07,2.863219192075997e-07,8.25503500607862e-08,2.3976531246647695e-05,3.3052351980262992e-12,6.162629119717147e-09,0.0003120489340818741,1.6267671315937366e-07,0.0004197696553315611,2.9001920214404283e-06,0.00013637573395986366,6.865784048254414e-11,8.377390940798686e-06,0.9694653726548526,7.530574678777576e-08,2.6541038469377616e-07,7.34073423371643e-05
56,0.025327701268752122,3.479291582518937e-05,2.461366667377003e-09,1.6222820087127263e-10,2.706287348741958e-09,1.7623170676124886e-08,3.148452048706707e-07,6.235406109631425e-06,1.1525698178806443e-07,2.7576071730971933e-07,7.705223544700741e-08,2.0123991938755432e-05,3.0668335353434705e-12,6.428142467270894e-09,0.000334515848004358,1.7175294755475206e-07,0.00039144617171367084,2.477965238390495e-06,0.0001319764498652604,6.266094899408098e-11,8.09855100445059e-06,0.9736780948550064,8.239620740933778e-08,2.4252333519518737e-07,6.322754198896865e-05
57,0.01568692549067918,2.3428506475096427e-05,2.5636196162323493e-09,1.2644485171076698e-10,2.8653379326261645e-09,8.931306164909624e-09,1.535035600486094e-07,6.456062030201532e-06,1.0580111204569625e-07,2.325187714190948e-07,3.920459235434244e-08,2.403192728289535e-05,2.310421557393307e-12,5.629446796795487e-09,0.00021984045109077203,1.220795429579582e-07,0.0003874966742156971,1.3831045589055663e-06,0.00014958903022356196,4.5146757741591804e-11,7.39565239707549e-06,0.98343668845671,3.9723627471153913e-08,1.4811715603929302e-07,5.5903532361970414e-05
58,0.025388733464437038,3.4729801060667654e-05,2.3496174455582184e-09,1.5116753513427733e-10,2.57504503660649e-09,1.5670645779159027e-08,2.997039314635789e-07,6.062595600578438e-06,1.0479490666705315e-07,2.658749386242575e-07,7.082421653917994e-08,1.9302676868382177e-05,2.900005601444358e-12,5.924239266130264e-09,0.00032590275894963104,1.5978447515175207e-07,0.00041431604753811263,2.404477580448824e-06,0.0001219518887118704,5.6222426922605026e-11,7.797715019963629e-06,0.9736153496761584,8.066841858475755e-08,2.559563020182478e-07,6.218456104827639e-05
59,0.026711908943563376,3.545490173041567e-05,2.647237062731748e-09,1.583012102845423e-10,2.695609979501216e-09,1.559438712992592e-08,3.070615524700096e-07,6.423539125275126e-06,1.0964720080209282e-07,2.6891508136610135e-07,7.235556774599685e-08,2.0467230586968755e-05,3.080325211151588e-12,6.076493049557296e-09,0.00032492562428518534,1.6382122838613493e-07,0.00043444146102112463,2.537155224916404e-06,0.00012031224067731306,6.036352739941296e-11,7.965123110634513e-06,0.9722691266787193,8.066454475315459e-08,2.818771253229117e-07,6.512552418216039e-05
60,0.025022692807196968,3.315392279019478e-05,2.3161119257579865e-09,1.5363628014505444e-10,2.55673338268929e-09,1.718195593586028e-08,3.014590135228682e-07,6.046829409622479e-06,1.1158608790096603e-07,2.6608149442692597e-07,7.273703703090216e-08,1.9493366434600028e-05,2.6928896106080764e-12,6.201889880217994e-09,0.0003316981141498258,1.7093835638019337e-07,0.00037473180130545656,2.3430530170162294e-06,0.00013269521823219295,5.854784040449654e-11,8.040881387762225e-06,0.9740038687861646,8.003791920311175e-08,2.2230893239275266e-07,6.398159950272185e-05
61,0.025464229650993396,3.442231614348495e-05,2.674766137387131e-09,1.543551580279358e-10,2.6871229660219275e-09,1.585048342937179e-08,2.988447436493492e-07,6.260535951968113e-06,1.1224117542397058e-07,2.5996990766864055e-07,7.463645873595086e-08,2.1033391517750176e-05,2.9496452508572085e-12,6.180762298098234e-09,0.00032564129228215605,1.64685383101138e-07,0.0004115895074684862,2.4245039210435065e-06,0.00012450234709124086,6.120526543049223e-11,8.080091710097396e-06,0.9735364409144464,7.700095762326318e-08,2.5579836909588393e-07,6.410465983383894e-05
62,0.025022692807196968,3.315392279019478e-05,2.3161119257579865e-09,1.5363628014505444e-10,2.55673338268929e-09,1.718195593586028e-08,3.014590135228682e-07,6.046829409622479e-06,1.1158608790096603e-07,2.6608149442692597e-07,7.273703703090216e-08,1.9493366434600028e-05,2.6928896106080764e-12,6.201889880217994e-09,0.0003316981141498258,1.7093835638019337e-07,0.00037473180130545656,2.3430530170162294e-06,0.00013269521823219295,5.854784040449654e-11,8.040881387762225e-06,0.9740038687861646,8.003791920311175e-08,2.2230893239275266e-07,6.398159950272185e-05
63,0.025528900134933273,3.534950590850831e-05,2.3275918358048586e-09,1.52250356670729e-10,2.517881561591109e-09,1.6898120219287333e-08,3.089763914453411e-07,6.056003269133087e-06,1.1215863823120533e-07,2.6880217335317364e-07,7.503562934463059e-08,1.8847040365141955e-05,2.7700182005127923e-12,6.033410427008083e-09,0.00034103114622719273,1.6515401601833003e-07,0.00038384196176218487,2.395982690727592e-06,0.00012941506246002873,5.859481487701733e-11,8.030779191980321e-06,0.9734806136610813,7.911319404409081e-08,2.383917135648236e-07,6.424309973534057e-05
64,0.0246965422160499,3.4186851858788744e-05,2.28228818004964e-09,1.526341385212173e-10,2.6153807300204837e-09,1.6790866015768426e-08,2.849427334833837e-07,5.736235236777038e-06,1.0596707425780758e-07,2.6075693184724587e-07,7.379802258154154e-08,2.0136403481900582e-05,2.4752215612746068e-12,6.405057463289119e-09,0.0003478390349238416,1.6466216012772867e-07,0.0003904643197929615,2.3630803422055346e-06,0.00013444178933606568,5.248884924391649e-11,9.391368034673098e-06,0.9742905735478344,7.994158510787518e-08,2.1663803132916917e-07,6.711014537930203e-05
65,0.011429530340497972,1.9814309973741865e-05,1.5632240336514723e-09,2.2764411448468158e-10,6.2153928258488474e-09,4.2015858519161785e-08,1.4198937331903326e-07,3.065118065757797e-06,4.5604492493877966e-08,3.188350767112034e-07,7.236787896327e-08,3.904242449963772e-05,2.055651848532853e-12,1.581903553713851e-08,0.00019055776869521845,2.2826723428456473e-07,0.00024632785705274433,4.103569590108038e-06,0.00012400925337563296,4.113926856965367e-11,1.7430501303148333e-05,0.9878762667256265,1.2668079097838169e-07,7.947702488558716e-08,4.8773025098371246e-05
66,0.025453347402026528,2.8023442012748166e-05,3.492522510191975e-09,2.1378710926634399e-10,3.0020032955874005e-09,2.4116093362730166e-08,4.3093782687305954e-07,9.597412336836577e-06,2.2947208043417565e-07,4.858036158587004e-07,5.879369498240022e-08,2.2692037020603646e-05,3.953147927321361e-12,8.459042250237728e-09,0.00026596750105259035,3.507722990734245e-07,0.00025891363905032984,1.9507259361953045e-06,0.0002730053106949243,1.2130519913678917e-10,7.8615261638098e-06,0.9736032200144126,6.179477115163528e-08,1.6500794661499606e-07,7.35989983512253e-05
67,0.02621464124615767,3.653660489706178e-05,2.8047234202376665e-09,2.1604499361330347e-10,3.5852954099970573e-09,3.577710506147836e-08,4.15116194890641e-07,5.0370778822362684e-06,1.0649894737658451e-07,2.9641032610929654e-07,1.2106557018642746e-07,2.467301859847991e-05,3.5454049930982823e-12,1.0859473653358278e-08,0.00044571402968843714,3.1587314197320967e-07,0.0003733850282169596,3.2334922852970675e-06,0.00013311350587604087,8.629239823874221e-11,1.0619191449487671e-05,0.9726819853924129,1.7780344757482703e-07,2.2808693131916825e-07,6.934722549547128e-05
68,0.027689305277247146,3.570710416971496e-05,2.147710379761263e-09,1.7911420525807087e-10,2.5844170797675055e-09,2.1307839024846225e-08,3.3117737122835344e-07,5.385480607659223e-06,9.362596356521137e-08,2.6557933919783e-07,9.501526206500899e-08,2.1582115477809035e-05,2.8190548639874103e-12,6.575117771638254e-09,0.0003374691160806878,1.662849003292714e-07,0.0004084827966341045,3.3562915512194327e-06,0.00010807736513164934,6.020095544030497e-11,9.202629959344229e-06,0.9713117405687126,1.0706182482165598e-07,2.514747155392343e-07,6.83481778329717e-05
69,0.03045418593962709,4.127886642782585e-05,3.4495115569620737e-09,2.3069936195228098e-10,2.8848263668096426e-09,1.771339151133432e-08,3.747671637975918e-07,8.978628562099831e-06,1.525967981223632e-07,3.768640983886569e-07,7.547067591276923e-08,2.3219018268612672e-05,3.681394360383471e-12,7.007827267376021e-09,0.0003460348925438539,2.166090859065409e-07,0.0004760788219447972,2.857985858469723e-06,0.00015587556746710072,9.201183961109653e-11,9.755688554122846e-06,0.9683824127266171,8.665818939770263e-08,3.134478889371061e-07,9.769406827937886e-05
70,0.0313649706567018,2.913673536843642e-05,4.064921001852834e-09,1.6786595664267764e-10,3.0318693640147784e-09,2.8288563029978057e-08,3.625090191146532e-07,4.037911241302884e-06,1.1272152364453528e-07,2.612549980128425e-07,9.234173563341837e-08,3.100595958293237e-05,2.9436854709285186e-12,1.1634868434155613e-08,0.0002770425440639974,2.939842020731677e-07,0.00030084904628206754,3.661189220413411e-06,0.00011429680774316226,7.673236259294936e-11,1.0782645928678848e-05,0.9677841645516323,9.401866674774668e-08,2.1079628555962067e-07,7.857705804041948e-05
