,0,1,2,3,4,5,6,7,8,9,10,11,12,13,14,15,16,17,18,19,20,21,22,23,24
0,0.004062888251300204,0.00908065280206218,7.648650263515563e-06,0.00040426970189023724,8.276371097695308e-06,2.5273838131541286e-07,0.0002657410093430016,0.0002283315420547733,6.936144277234475e-09,0.0005075687823558028,7.242669449761435e-07,0.0051089103618067525,4.878339385398354e-06,0.005356252514518294,1.176762018256355e-06,9.431188950397832e-06,0.0019412030097456223,0.03818798654560347,1.109205099087292e-05,4.496133536102718e-06,0.0003280625025880461,0.9294756909894065,0.002433364406214826,0.000248754185349049,0.002322339958048335
1,0.0037426098526089505,0.009050551367064648,7.659582032343133e-06,0.00041629002514572186,8.5206475574536e-06,2.791530302438893e-07,0.00027259079506371746,0.0002490148814491392,8.61159703516012e-09,0.0006523317010348785,6.361383721663632e-07,0.004442977035641915,4.085373978274507e-06,0.0054355598906510386,1.394800784083507e-06,1.2481896439875122e-05,0.0017756701735261475,0.03177181189653231,1.4150772565834306e-05,4.478429049262045e-06,0.00039476376552267483,0.9362728640078418,0.002450104797735955,0.00022789226060497843,0.002791272144169577
2,0.003282706697285882,0.00816520468473907,5.8043864036296654e-06,0.00034922831667432385,7.122290959694674e-06,2.207087451516429e-07,0.00020569006978477056,0.00019466306306362458,5.493198656397771e-09,0.00045725908240244376,5.503448384128824e-07,0.004032096035414761,3.5150745891094177e-06,0.0046287393546187135,1.2180954966179004e-06,8.867277149716292e-06,0.0019213383080146351,0.02913669505770817,9.403827186199565e-06,3.63216291933305e-06,0.00030703637580350426,0.9421931841840743,0.002647765674104378,0.0002048786096514764,0.002233174825173478
3,0.0036440124184796635,0.00909725337347831,6.698929386823079e-06,0.0004038104143775292,7.812622445071548e-06,2.259854762753034e-07,0.00023326766500393723,0.0002171919740879057,5.852124787241467e-09,0.0005127626559610419,6.360985495033615e-07,0.00461976535636676,4.021115001542792e-06,0.005024782332507675,1.1137881847917718e-06,8.739391943859415e-06,0.00196999204800242,0.037261009990512364,1.0127323705163887e-05,3.930167542775803e-06,0.0003481882567014115,0.9313658473324683,0.0025530146167658204,0.0002398660549070682,0.002465924236019345
4,0.003593224685429827,0.00946837129410142,7.2567755608716104e-06,0.0004247614724904625,8.703626597406836e-06,2.518251876111397e-07,0.00024967680646896404,0.0002123771927344566,6.169358639567436e-09,0.0005275173163988595,6.702631999413019e-07,0.00481074131671053,4.705678073077945e-06,0.0057314579676014206,1.1483414235005242e-06,9.179472327971541e-06,0.0018752669434609745,0.037742158531490655,1.028178386983364e-05,4.247461161939917e-06,0.0003362138142945913,0.9296387322277656,0.0026909398011491373,0.00024400968224726528,0.0024080995508950847
5,0.003499039315526509,0.00963225169488547,6.435352236621954e-06,0.0004611098161448646,8.132597518446418e-06,2.2865604021976555e-07,0.00023202553513183296,0.00022332135615183669,5.2857952145867e-09,0.0005457832609172056,6.589557022909539e-07,0.00458972389277284,4.284176348252674e-06,0.0050719511342750545,1.0225103662573912e-06,8.27909611189443e-06,0.0020615592257252013,0.044537400207422334,9.269571385204876e-06,4.128761206711535e-06,0.00036984801561594234,0.9231588536264901,0.0028227529293798686,0.000263714133655551,0.0024882208931941443
6,0.0036440124184796635,0.00909725337347831,6.698929386823079e-06,0.0004038104143775292,7.812622445071548e-06,2.259854762753034e-07,0.00023326766500393723,0.0002171919740879057,5.852124787241467e-09,0.0005127626559610419,6.360985495033615e-07,0.00461976535636676,4.021115001542792e-06,0.005024782332507675,1.1137881847917718e-06,8.739391943859415e-06,0.00196999204800242,0.037261009990512364,1.0127323705163887e-05,3.930167542775803e-06,0.0003481882567014115,0.9313658473324683,0.0025530146167658204,0.0002398660549070682,0.002465924236019345
7,0.00456040027393469,0.013838486312705145,9.855111423498683e-06,0.0004799513712056248,8.275975558860484e-06,2.255073911470817e-07,0.00037848035049245195,0.00025172770627146133,8.211989727649426e-09,0.0005236478528365002,9.924255591441352e-07,0.005280993939365215,8.286496839829706e-06,0.005789145409661192,1.1875810532549593e-06,7.384568979131208e-06,0.002126577432838182,0.04685211671877914,1.076216641646547e-05,5.860280623502062e-06,0.0002838164175226593,0.9144478116311144,0.0023401872447099043,0.0003663784257318114,0.0024274405869971183
8,0.003632047134315294,0.009042397424294947,6.629051349786452e-06,0.0003984090380721168,7.75788993473096e-06,2.261244724283439e-07,0.00023128161937681132,0.00021553334455449202,5.827490154654059e-09,0.0005081112226467027,6.391126642981423e-07,0.0046127452672762945,3.9973137614993014e-06,0.004963675724151033,1.110184033364998e-06,8.663479062739156e-06,0.0019679363241851457,0.03732912650223652,1.0087250429685595e-05,3.903856673676717e-06,0.00034647727010633366,0.9315075942052594,0.002531814058587598,0.00023805059757602532,0.0024317801774889594
9,0.003257555887645703,0.0072271901024828274,4.767456210687064e-06,0.0002931425457406385,6.436301218423065e-06,2.2630715252099383e-07,0.0001804105182128977,0.00017155610201498623,4.644005629291576e-09,0.0004168951116431519,6.02403937778413e-07,0.004230756270886457,2.898505999187603e-06,0.003978336300594536,1.0251537781543567e-06,7.903737500897041e-06,0.0018166037400412912,0.03421334136644867,9.14455373953742e-06,3.045500374408107e-06,0.0003207597255603521,0.9394981543327341,0.0023195533370677294,0.00017502200364507507,0.0018646680913644207
10,0.0036440124184796635,0.00909725337347831,6.698929386823079e-06,0.0004038104143775292,7.812622445071548e-06,2.259854762753034e-07,0.00023326766500393723,0.0002171919740879057,5.852124787241467e-09,0.0005127626559610419,6.360985495033615e-07,0.00461976535636676,4.021115001542792e-06,0.005024782332507675,1.1137881847917718e-06,8.739391943859415e-06,0.00196999204800242,0.037261009990512364,1.0127323705163887e-05,3.930167542775803e-06,0.0003481882567014115,0.9313658473324683,0.0025530146167658204,0.0002398660549070682,0.002465924236019345
11,0.0036685481194561973,0.009364097522921009,6.9786449469232386e-06,0.00041427291982098666,8.02681887177858e-06,2.2947121612108507e-07,0.00024035616931177207,0.00022027106386906587,6.041206636194998e-09,0.0005168323099360189,6.555641602615741e-07,0.004730371955287226,4.412711003992886e-06,0.005138491395538685,1.1130864609216476e-06,8.625837883002993e-06,0.0019915832378981668,0.038191004517564194,1.0031036874337435e-05,4.129572343513844e-06,0.0003378559777625435,0.9298755711972727,0.0025689616788332373,0.000250293785480967,0.00244727936407976
12,0.006422042628241658,0.014155799532582518,1.440403334325445e-05,0.0005810124228111812,8.006315354890114e-06,2.7505986205918627e-07,0.0006162565925188471,0.0004916295110532304,2.676724980535942e-08,0.0008829250560261918,1.1453228915491495e-06,0.005089079883096373,6.576540156640354e-06,0.0053335249994059305,2.5052331110789012e-06,1.528442763018508e-05,0.00216193300718174,0.032443228860590284,2.9476995850188317e-05,7.774208388511434e-06,0.0005114054212568233,0.9240560362640462,0.0018515796212830655,0.00038276887642868973,0.004935302419638956
13,0.0036451043872352566,0.007083030926570219,7.932311745470926e-06,0.00033058317733196337,8.321058765331032e-06,1.9937398462880832e-07,0.00020151797822867926,0.00020151565547813475,5.699688923550965e-09,0.0003241481025237586,8.202636865551681e-07,0.006847283519336727,3.8947889222970975e-06,0.00523938091909316,1.1022609868192005e-06,7.017245834195551e-06,0.002199179094258344,0.03120049798841235,1.0054631442959012e-05,3.5419500666839135e-06,0.00031387716915428504,0.9379631754652618,0.0021972368282189314,0.0001945398721071671,0.002016039331665363
14,0.0032635432928880257,0.010407425299341763,6.372030217103791e-06,0.00040934338581560543,8.03561126039789e-06,2.3578722581645777e-07,0.0002430782836721906,0.00021610287516651272,5.914491454964455e-09,0.0005738833793244493,6.580833034829362e-07,0.00411330979161339,4.380361178308297e-06,0.004939738014314321,1.1030433921631688e-06,8.3533219743061e-06,0.0018196315814346597,0.0396551461969716,9.978669284670455e-06,4.052154255168396e-06,0.0003468839656306707,0.9288847311669135,0.002508172912850288,0.0002561567913672044,0.0023196780861130073
15,0.0036440124184796635,0.00909725337347831,6.698929386823079e-06,0.0004038104143775292,7.812622445071548e-06,2.259854762753034e-07,0.00023326766500393723,0.0002171919740879057,5.852124787241467e-09,0.0005127626559610419,6.360985495033615e-07,0.00461976535636676,4.021115001542792e-06,0.005024782332507675,1.1137881847917718e-06,8.739391943859415e-06,0.00196999204800242,0.037261009990512364,1.0127323705163887e-05,3.930167542775803e-06,0.0003481882567014115,0.9313658473324683,0.0025530146167658204,0.0002398660549070682,0.002465924236019345
16,0.004513210133154857,0.009003174572750535,1.1981610914259409e-05,0.00034084281909967616,8.749704277569063e-06,1.8205358569255926e-07,0.00022974199076143388,0.00018588856660599565,8.908856863974421e-09,0.0002673384594247521,6.612449812333966e-07,0.006374739115132592,7.014755764860938e-06,0.006320087449589228,1.4303568974101451e-06,5.6066762385688364e-06,0.00214397820369455,0.02574677132254274,8.592212917933681e-06,4.291850495410107e-06,0.00017024781757624788,0.9399042989517532,0.0018945839049771696,0.0002582027727663241,0.002598374545241068
17,0.0023764142032528953,0.008425607075382233,2.9421707822576387e-06,5.3240761282051164e-05,2.447240829105312e-06,1.153630602567638e-07,0.00014744280594542817,0.00021426803684625263,1.547424551520139e-08,0.0005343840045035091,3.9617667891134123e-07,0.0009992126624905227,8.510015476810218e-07,0.0005557965786797006,3.377607073874187e-06,6.738023506700201e-06,0.0016876247005708446,0.007268192531886965,1.969472426819078e-05,1.2174559277778861e-06,0.0002800432970002984,0.9755637059079734,0.00039425113384358577,0.00017761002469986745,0.0012844110377221842
18,0.0018922396934265523,0.025971264051545418,3.441308835464622e-05,0.0033765883564806027,0.00017096636682312885,1.1044940501938512e-05,0.001429586560403541,0.0010944759375608013,2.345757400258301e-07,0.00841386916539579,5.055831980155547e-06,0.003127765590431477,2.048551822423832e-05,0.05329507515873782,1.2022690332794878e-05,0.00027568292631332885,0.00048674987455998755,0.014687373370369924,0.000277079952218632,4.24172099755109e-05,0.0018671680596007228,0.8731912217785422,0.007345193056908521,0.00014555228919019438,0.0028264739563822593
19,0.007755599808950182,0.010913547038598611,1.7548751367317957e-06,0.0003965864437254766,2.560541944512069e-06,2.8095906654320927e-07,0.00029802569193334986,0.00020328342224542283,2.921116041193744e-09,0.0007730115308086311,6.306180617684076e-07,0.0017930026863013909,1.018343631860143e-06,0.0022053151601805535,1.7381406024825585e-06,2.020936702986697e-05,0.0029676141061147757,0.06395360225457791,1.0605494033485156e-05,2.464219936244407e-06,0.0009984529104134867,0.8958490836387043,0.007702900527540022,0.0002845338862969139,0.00386417541304917
20,0.09469497267325953,0.027770400499113782,8.733302341022397e-05,0.005311184363197452,1.7907113124809463e-05,3.7349863711137087e-06,0.008869742469978579,0.00023436762576927833,2.447651923001141e-08,0.0015574466760089082,1.0998096819447405e-05,0.035368119338381285,3.58469010921086e-05,0.08288814951375914,2.679375526300338e-06,0.00019485272557800065,0.0016998130118435167,0.4000535683944447,3.80981952931937e-05,3.834618731488498e-05,0.0018684374890845944,0.27311957146467286,0.02752120120413272,0.0010598870589910566,0.03755331713631327
21,0.004841886851730408,0.01009368682506231,8.726382694106755e-06,0.0005460339578424318,9.497052639578149e-06,3.133630345266675e-07,0.0003316317755423406,0.00022224637441625627,6.223549513809801e-09,0.000605119570864542,8.106455343706165e-07,0.006563548027865736,5.86497813976663e-06,0.007548143872597386,1.149292289394998e-06,1.2576388359706911e-05,0.0019778279035484064,0.04866128763316396,1.1224742273499896e-05,5.292910308160251e-06,0.00040960189730906743,0.9114945284878879,0.003501091727375957,0.0002720001384709845,0.002875902977499719
22,0.005039982055976089,0.026721144488533435,1.3196757701484743e-05,0.0008420511197498412,1.4253984705387164e-05,3.594916358705091e-07,0.0006570397566473999,0.0002600775157691912,2.070856566993463e-08,0.0015386829069536279,5.397509564905489e-07,0.004333705527428153,1.1176608816049635e-05,0.012027225999131936,3.61776897492428e-06,1.44798129569843e-05,0.0015330919258742077,0.022657371251960837,1.7717523171941326e-05,4.4364292355755105e-06,0.0003749698906907205,0.9098080259126152,0.0038675234322606083,0.0005044712130210756,0.009754838166667248
23,0.0036440124184796635,0.00909725337347831,6.698929386823079e-06,0.0004038104143775292,7.812622445071548e-06,2.259854762753034e-07,0.00023326766500393723,0.0002171919740879057,5.852124787241467e-09,0.0005127626559610419,6.360985495033615e-07,0.00461976535636676,4.021115001542792e-06,0.005024782332507675,1.1137881847917718e-06,8.739391943859415e-06,0.00196999204800242,0.037261009990512364,1.0127323705163887e-05,3.930167542775803e-06,0.0003481882567014115,0.9313658473324683,0.0025530146167658204,0.0002398660549070682,0.002465924236019345
24,0.003928140204053709,0.008286654856840181,6.467452545937535e-06,0.0003404607009986876,6.8748137847194535e-06,2.0482511930130337e-07,0.00021893371107555433,0.00021710766679209844,6.047251100943429e-09,0.0004594942276390227,6.198999341673528e-07,0.004526083287781053,3.4787966381470927e-06,0.004201954595399512,1.1940241159451836e-06,8.504206314749551e-06,0.0021503322224263543,0.0335788508100035,1.009379155267968e-05,3.534678070817076e-06,0.00034152438734801684,0.9368009633898001,0.00229135713956619,0.0002371980989139642,0.0023799661660344287
25,0.004211543081820944,0.009004378729196006,8.225521923331526e-06,0.0005433696829076567,8.32452124058695e-06,1.9150502786817583e-07,0.0002885482550715108,0.00033017922507239215,6.065667160607704e-09,0.0005023426307267673,8.854186007275075e-07,0.006163372035850355,5.363201100885605e-06,0.004927314710811598,9.352556654667529e-07,8.072127262186317e-06,0.0026545970935704798,0.04656032019891206,1.1278418746707522e-05,5.420521699802717e-06,0.0003792310484408064,0.9191232717958764,0.0026809118889884326,0.00030572818832159737,0.0022761888774981073
26,0.004372810900581046,0.009142613406411853,6.795140825929518e-06,0.0003586738285164942,6.619061059473556e-06,1.7034783215774259e-07,0.00021297959898762658,0.00022039129270700334,5.187386559863858e-09,0.00041970294163317447,6.362309139276859e-07,0.00476833417631532,4.477300695681211e-06,0.003726073128459977,9.638703153626648e-07,6.159989377832324e-06,0.0026533747300709347,0.04704117662827814,7.584203221207797e-06,3.6080656295552123e-06,0.00030197342880751573,0.9219795984186205,0.0022233475299322154,0.00032966113513351687,0.002212269458287091
27,0.003207386136027307,0.007809352628227151,5.6664179669802024e-06,0.0003047165942955849,6.538964525732914e-06,1.961383314531271e-07,0.00018061767836421037,0.0002181366378629985,6.70011655695218e-09,0.00048545923106021023,4.840345609800493e-07,0.0035635035009264886,2.928202435086004e-06,0.0036404144596529162,1.1844173238800536e-06,7.88147579355071e-06,0.0018416064417116718,0.027906740941241508,1.0269567054505808e-05,3.234128254536998e-06,0.00030727766504831867,0.9459934756202001,0.0019030349529974317,0.0002047403642059159,0.0023951471018147886
28,0.0036440124184796635,0.00909725337347831,6.698929386823079e-06,0.0004038104143775292,7.812622445071548e-06,2.259854762753034e-07,0.00023326766500393723,0.0002171919740879057,5.852124787241467e-09,0.0005127626559610419,6.360985495033615e-07,0.00461976535636676,4.021115001542792e-06,0.005024782332507675,1.1137881847917718e-06,8.739391943859415e-06,0.00196999204800242,0.037261009990512364,1.0127323705163887e-05,3.930167542775803e-06,0.0003481882567014115,0.9313658473324683,0.0025530146167658204,0.0002398660549070682,0.002465924236019345
29,0.0036440124184796635,0.00909725337347831,6.698929386823079e-06,0.0004038104143775292,7.812622445071548e-06,2.259854762753034e-07,0.00023326766500393723,0.0002171919740879057,5.852124787241467e-09,0.0005127626559610419,6.360985495033615e-07,0.00461976535636676,4.021115001542792e-06,0.005024782332507675,1.1137881847917718e-06,8.739391943859415e-06,0.00196999204800242,0.037261009990512364,1.0127323705163887e-05,3.930167542775803e-06,0.0003481882567014115,0.9313658473324683,0.0025530146167658204,0.0002398660549070682,0.002465924236019345
30,0.0036440124184796635,0.00909725337347831,6.698929386823079e-06,0.0004038104143775292,7.812622445071548e-06,2.259854762753034e-07,0.00023326766500393723,0.0002171919740879057,5.852124787241467e-09,0.0005127626559610419,6.360985495033615e-07,0.00461976535636676,4.021115001542792e-06,0.005024782332507675,1.1137881847917718e-06,8.739391943859415e-06,0.00196999204800242,0.037261009990512364,1.0127323705163887e-05,3.930167542775803e-06,0.0003481882567014115,0.9313658473324683,0.0025530146167658204,0.0002398660549070682,0.002465924236019345
31,0.0037106676203952247,0.010298644189412409,8.16420262472712e-06,0.0004672027557745751,9.008426037102828e-06,1.9641545314214735e-07,0.0002348385495036743,0.0002575205323593927,5.6433886820921e-09,0.0005567968960932853,5.901141774282289e-07,0.004901487116620988,4.962724324090745e-06,0.0053706256354516604,9.083528051620008e-07,7.832693068965902e-06,0.0021134825728895464,0.044084489628553186,9.409407729925705e-06,4.4018790674367485e-06,0.0003392991073858115,0.9223748555550967,0.002429910435585137,0.00031008027031956416,0.0025046192758822043
32,0.00353405695600273,0.008790492974691807,6.572223337286129e-06,0.0003839606319846544,7.690850548079654e-06,2.2658844675813106e-07,0.00022539298267463786,0.00021772215987784078,6.091830898555207e-09,0.0005121910674576654,6.197394330612127e-07,0.004449664562736087,3.8018175048500146e-06,0.004814961278704844,1.1449823475910019e-06,8.929216341677849e-06,0.0019381287106567727,0.03489109439010468,1.0539077251613618e-05,3.856762867852679e-06,0.00034733796979532507,0.9347575313370948,0.002448615532013204,0.000228385399565847,0.0024170766967293654
33,0.009928629515996108,0.013884428061432814,2.206873178036029e-05,0.00108364761057172,1.3079098057825646e-05,4.823709827716696e-07,0.000693089227012095,0.0005091087982538387,3.023337604761386e-08,0.0011575516945212952,1.5175482905195528e-06,0.0100492419774193,6.500201048557632e-06,0.01051520070320988,3.205185340133362e-06,2.5801480506899958e-05,0.0028245679657414274,0.053672400263589715,3.441164877058161e-05,8.067331140673875e-06,0.0011199776612975706,0.8784066680659652,0.0035851362369870624,0.00043870865174485085,0.012016479736962354
34,0.005486667008669963,0.010162926898175289,9.872842927827159e-06,0.00036355620536795025,7.9117553382891e-06,3.181007317234506e-07,0.00034267556826048524,0.00027617774178658713,1.7485811838913188e-08,0.0006765957365953735,6.802026681148365e-07,0.004552848323420052,4.708234885027221e-06,0.005329058162520726,1.9979061526790835e-06,1.3640781640124106e-05,0.0016160332110182751,0.02809922288011707,2.0006825639901795e-05,4.678630524024575e-06,0.0003617032236677665,0.9368224024723817,0.00178927785098389,0.00024544260230553706,0.0038115793484098386
35,0.002733792029317496,0.010680024997755564,8.089122017426365e-06,0.00040433804200439146,1.3373943030468976e-05,3.6139911197266164e-07,0.00027205684429100594,0.00012529274288415097,4.4411507727436436e-09,0.0004660723077406224,7.307700559859139e-07,0.004791930779722716,5.01572258226394e-06,0.011119112975046759,1.635069827069309e-06,1.3342127536618924e-05,0.0014318790982987583,0.024631829065320885,9.36235210413397e-06,3.7199782415251034e-06,0.0003444163659175896,0.9366108992441109,0.0043036953369968494,0.00018993868973167963,0.0018390865552025527
36,0.0036428956177463356,0.009117432896603973,6.676268748421028e-06,0.00040414199798866453,7.806158219731637e-06,2.2662126188164115e-07,0.00023357596705875192,0.0002169020944834167,5.838431429559024e-09,0.0005135188193173659,6.376050918294175e-07,0.004605143866257196,4.020040737306639e-06,0.005022977758461338,1.1132951299651847e-06,8.742552264307938e-06,0.001966103578298691,0.03742218289732424,1.011583543842046e-05,3.932053841659388e-06,0.0003487693373753439,0.9312018599379827,0.0025590011922767258,0.0002400462606586552,0.0024621715090019113
37,0.0030977518893317278,0.008821235617100567,6.1209584451301105e-06,0.00039935564434394853,7.860973578070575e-06,2.3068432301982593e-07,0.00021582716644168282,0.00022551209182518052,6.161803731211688e-09,0.000554290308219918,6.079075911413998e-07,0.004158888935232993,3.733981157157688e-06,0.004586763895747647,1.168614908278945e-06,8.78011299217293e-06,0.0019226445776556178,0.03419863956185396,1.0370192563745832e-05,3.883306860393516e-06,0.00036083480233567504,0.9362771785107954,0.002511956898424326,0.00022686762400741628,0.0023994895824613425
38,0.004729058317202325,0.008558916929822314,5.668936166514043e-06,0.0003190669958568227,6.532330252009752e-06,3.0656832569855886e-07,0.00028540754302718843,0.00017701194105379693,5.961999380666109e-09,0.0004988777612235236,7.283313770608607e-07,0.004391850266165018,3.5184403969871555e-06,0.004983581492875872,1.3975105229086582e-06,1.265354576867432e-05,0.0017161130892046853,0.035236693208827434,1.172447941593547e-05,3.6978832939166083e-06,0.0003653816270472223,0.9335127935286157,0.0027993178608152094,0.0002016693536942174,0.0021780260970494505
39,0.003335281581955582,0.01255642480706,5.283805928144259e-06,0.0002915148694837844,5.948751617032472e-06,1.8781677785260481e-07,0.0002433446684729323,0.00012133620951594963,4.273987303747782e-09,0.0003971066340409939,5.826863076510731e-07,0.003333817578529387,4.887732366450297e-06,0.005070350494443259,1.0178918734237067e-06,5.302114988054736e-06,0.00154617038018747,0.03655576572653698,6.4652979234771175e-06,2.8921677140798045e-06,0.00019895612904907134,0.9318207765562742,0.002308333176407798,0.0002444980956162304,0.0019437505529430574
40,0.0037770721282788275,0.007416049136439516,5.958865832026118e-06,0.00024207068527944443,6.601592188909863e-06,2.002706205150385e-07,0.00017747169063102598,0.00013701239600291521,4.663494657248419e-09,0.0003101542927471611,5.329146441148682e-07,0.004541150415955526,2.834446587176729e-06,0.005016955574444683,1.0945249117911257e-06,7.022009162627967e-06,0.0016093816381877754,0.027516997375556115,8.628599403686742e-06,2.514813637621723e-06,0.00025660545509141375,0.9447154310443272,0.002009695393891119,0.0001635955209822407,0.002074964551701849
41,0.0034437335142916315,0.012517824544422747,1.3668923876464557e-05,0.0005115236591374423,1.560299105563798e-05,4.116451116184847e-07,0.00028515293597135955,0.0002554801568102749,1.7877591003664213e-08,0.0009708903170426704,5.265278209278298e-07,0.0038671248756471997,5.129764282645906e-06,0.009516384909895944,2.23556294738451e-06,1.6862054941918672e-05,0.0013527396733198592,0.021998746754593738,1.829641735725009e-05,4.5687518479918355e-06,0.00042123900185034844,0.9378373537565867,0.00227489358515513,0.00024578403380089874,0.004423807764641039
42,0.006108721027206367,0.01580893148953096,1.3636980205016978e-05,0.0008741257936304074,1.4815922151631337e-05,4.232016242464238e-07,0.0004400058562500193,0.00021549137904640462,7.844449632185816e-09,0.0007050930655807274,1.212275055607591e-06,0.008764155033566772,1.1364982824020046e-05,0.012870343677071893,1.2127838011942836e-06,1.0463054476362023e-05,0.0021636866689283465,0.082007749746394,1.0375229594142909e-05,6.097395956530379e-06,0.0004320946638570761,0.8605272746903313,0.004377208184796599,0.00042075111117506007,0.004214757942495687
43,0.0020199378120175078,0.0064248805374114105,3.4531365225884018e-06,0.00027798388387320166,6.964266447933905e-06,2.386784343705508e-07,0.0001359832917868688,0.00020605279718677782,5.040880466430015e-09,0.0006181977716843954,4.3305686947240103e-07,0.0026564845012766397,1.9036871727931309e-06,0.0029032755781320326,1.1397607520247986e-06,9.334314543904619e-06,0.0016052148657475533,0.026264384519657204,1.0136899614438713e-05,2.5952869980387183e-06,0.0004125094334351587,0.9523437767399591,0.002180476855360887,0.00015995064179017408,0.001754686642445212
44,0.0036440124184796635,0.00909725337347831,6.698929386823079e-06,0.0004038104143775292,7.812622445071548e-06,2.259854762753034e-07,0.00023326766500393723,0.0002171919740879057,5.852124787241467e-09,0.0005127626559610419,6.360985495033615e-07,0.00461976535636676,4.021115001542792e-06,0.005024782332507675,1.1137881847917718e-06,8.739391943859415e-06,0.00196999204800242,0.037261009990512364,1.0127323705163887e-05,3.930167542775803e-06,0.0003481882567014115,0.9313658473324683,0.0025530146167658204,0.0002398660549070682,0.002465924236019345
45,0.0036574185600357664,0.009156830298884894,6.287030932854124e-06,0.0004232974499433749,7.658241590929225e-06,2.347350256333893e-07,0.00021318487096542288,0.0001946867683985616,4.897644018233727e-09,0.0005080405973829273,6.464644815493444e-07,0.004852482421602616,3.5936704772058785e-06,0.005198667985067537,1.0200240185100551e-06,8.616519641887491e-06,0.0020071821970703324,0.04413202618449382,9.166779371322021e-06,3.726806866438437e-06,0.00039116033832352966,0.9234535518970578,0.002837746564078874,0.00023104159071874313,0.002701727105925605
46,0.002988573064575246,0.00580200040144316,4.647154291031874e-06,0.0002775143265730937,5.5682943052275085e-06,1.2261573652607002e-07,0.00012176906052174841,0.0002092536796932096,3.257725258747265e-09,0.00029937339830242806,5.239362362152616e-07,0.004588205141424176,2.6779446707429443e-06,0.0024316555122300245,7.759901982818131e-07,4.8601574701805855e-06,0.0033315826885484496,0.03343369959973466,6.088003795023318e-06,2.8411567185624658e-06,0.0002789175958117149,0.9423039149242131,0.002133086260884155,0.00022670197549594023,0.0015456438594017774
47,0.004203407054990128,0.006637537092801753,4.625153226784504e-06,0.00020106726858600362,4.291324093057477e-06,1.621089640983183e-07,0.000162099995353461,0.0001423045970669498,3.852429160835698e-09,0.0003229913766174423,4.6986797877783966e-07,0.00434707538710468,2.5226593231676045e-06,0.0029328419879048676,8.558908627027125e-07,6.953768617060034e-06,0.0019484382513819353,0.03156603952379851,7.198191282665204e-06,2.667803884768392e-06,0.00024518298489461507,0.9436199132878466,0.0017075085301023758,0.00017597639617610445,0.001757865644712378
48,0.008566052017006316,0.015558782403092653,3.202103378145498e-05,0.0014696307877045218,2.7292494455093635e-05,1.1783080592621234e-06,0.0005085792454716638,0.00021136862012237297,1.9451629388800638e-08,0.0009825172240482034,1.9473090249949195e-06,0.01635623160456533,1.1644670541467645e-05,0.028207074633059777,1.9153565149921982e-06,2.5206826737443687e-05,0.0015139992872422623,0.10439647806910755,1.6441251290259323e-05,1.0086211861306511e-05,0.0008839688739398936,0.8059905956726464,0.004831063184740601,0.0003235367747295008,0.010072368688627105
49,0.003359754352111611,0.007598596378642152,6.487449740557952e-06,0.00036243937375461167,8.056613602327784e-06,2.3384630085896342e-07,0.00019094242774189045,0.00019332308733309049,5.133109988332135e-09,0.00042871651468643116,6.426659419509146e-07,0.005300027028493118,3.8120086907910166e-06,0.004938952170297072,9.988010355617657e-07,7.976156809587245e-06,0.001935929053234802,0.03716669255511046,8.962182936032228e-06,3.7557022442003487e-06,0.00032450984075491025,0.9334370960193973,0.002427536096182376,0.00020166578127249894,0.0020928887605759874
50,0.0036295341451729416,0.00917308567611639,6.724684394447203e-06,0.00040623925143776793,7.841741440731507e-06,2.2860728923496225e-07,0.00023943162770751234,0.00021924776755680514,6.000665995521268e-09,0.0005274625204432513,6.290963186486428e-07,0.004538193476116325,4.05605125723329e-06,0.005103586112761979,1.121739453449144e-06,8.978316048249472e-06,0.001917788043846996,0.03660997167141143,1.0430723704400317e-05,3.973335800383151e-06,0.0003470000977753816,0.9319878483821465,0.0025398538859178663,0.0002382291481692062,0.0024785378970468676
51,0.0032913208892226746,0.009683117927952888,6.355057397899509e-06,0.00044879652452395563,7.798622504599558e-06,2.090988957326976e-07,0.00024742590169430533,0.00024142958108890186,5.5372916208148285e-09,0.0005661255598914992,6.639409262106254e-07,0.004474713128726765,4.4568211981424534e-06,0.00495506225812425,9.077673792158725e-07,7.335540979484042e-06,0.0018631961985577903,0.04558290074036051,9.881611250194173e-06,4.040110494839214e-06,0.00035244549639339124,0.9233227802623304,0.0024382104982418242,0.00025708335537013465,0.0022337375692026993
52,0.003661144924275115,0.009084616802235344,7.248450560613043e-06,0.0004128424083767252,8.074176381073624e-06,2.1012106356286842e-07,0.00023618019755736817,0.00022990792584291105,6.052231285592842e-09,0.0005114276564033698,6.18862109248904e-07,0.004782242081314191,3.870484111424578e-06,0.005199338103066158,1.1617329925600536e-06,8.992690733484058e-06,0.0020518556775969677,0.03344514812963048,1.083715636090769e-05,3.887845343927491e-06,0.00036010894637679414,0.9345702730713162,0.00252453706989287,0.00024069932058983463,0.002644770113637384
53,0.0008415085745005919,0.004722101169615522,7.852067578611024e-06,0.00035336449413994646,5.2287604473671986e-05,1.8286552044543715e-07,1.7034349625447053e-05,0.00016925228525144174,2.1643954663726186e-09,0.00042061168189138384,2.201118085576511e-07,0.009261370968614893,1.4074730629683986e-06,0.007356282645656802,2.947759889754399e-07,2.2173874543496435e-06,0.001780449320979534,0.02815321173720227,5.109367389179725e-06,7.845633991411423e-07,0.000444908236619291,0.9435044791934917,0.0011571768919256989,0.00010263115066905776,0.0016452589187448347
54,0.0006599284855771867,0.002202295549314451,1.8566942653163249e-06,0.0005340388700439647,1.5485719986055945e-05,1.0925362354813526e-07,2.5643128927146088e-05,0.0006110315185542478,1.1443898676836067e-09,0.0001753235676238006,1.7393780970352572e-06,0.0050711412324389,2.2646611758579054e-06,0.0008199082942056212,1.9532172471774024e-07,8.319702401966672e-07,0.007689142584045602,0.14859960435109976,3.209179242244953e-06,2.8228299203223532e-06,0.0005053293139067053,0.8303133380435337,0.0023024000321013763,0.0002567895470567003,0.00020556932890574068
55,0.005646080707655205,0.010963085819224824,1.0209527712684545e-05,0.0004955864379898258,7.937529780742927e-06,2.306161919371787e-07,0.00029862994648372805,0.0002477313498237407,8.438763716799894e-09,0.0005154275699248209,8.547556122516126e-07,0.007395615469030215,7.002305511649152e-06,0.005437405230629133,1.0587113520810037e-06,7.391723002896396e-06,0.002445529579976686,0.058132230023213965,1.0174321308193052e-05,5.20627224044865e-06,0.00032989942181308515,0.9021103175835875,0.0022090291434066476,0.00034417333838962256,0.003379184177374278
56,0.003636840846549036,0.00936018535800343,7.033352095210639e-06,0.0004110950506735234,8.139352208077368e-06,2.3256158624388918e-07,0.0002403998080775672,0.00022133575053505077,6.166766542976766e-09,0.0005202110204105984,6.592373204552975e-07,0.004689628084001677,4.4290135342092345e-06,0.005128723937211871,1.134269478225846e-06,8.745007478403229e-06,0.0019948202282251528,0.03767143968215279,1.021769329630032e-05,4.143283502795253e-06,0.00033911642045665217,0.930515935763545,0.002559228579126336,0.0002503241281897552,0.0024159754055751983
57,0.0027599697980153558,0.006627148020671033,7.232320040054493e-06,0.00031961504282334717,8.63466794745064e-06,1.9291034026934103e-07,0.00015869833648947146,0.00022441908357685608,6.109306231524291e-09,0.0004606390876433354,5.00836214985011e-07,0.005325483833041754,3.316287109836386e-06,0.0043648402283013345,9.78359284997047e-07,7.99528402972416e-06,0.0019891828349513693,0.026579664252035805,1.0523933919004522e-05,3.461521827196575e-06,0.0003193282007857219,0.9467305777990718,0.0018170881612286022,0.00018385197907682326,0.0020966511122677577
58,0.00359449796255287,0.009314792872782765,6.626280503898605e-06,0.00039778139892209007,7.642555108925075e-06,2.0878403682380696e-07,0.00022862474413862843,0.0002244409809157218,5.755239787388217e-09,0.0005080285483097305,6.29015469945056e-07,0.004445325239727172,4.057576639857033e-06,0.004650975001475882,1.1122508329234576e-06,8.106772419607295e-06,0.002111968654514309,0.03754469700165244,9.654230844499423e-06,3.832391055117788e-06,0.0003447139337062828,0.9314142334310986,0.0025164041839122416,0.0002605328101129804,0.002401107624027009
59,0.003924987905819057,0.009506302302263896,7.351248484677187e-06,0.0004060601441897423,7.874483141975259e-06,2.0402963166324413e-07,0.00023439432454624377,0.00023244866584322285,5.896189262512102e-09,0.0005030236034226957,6.427155315430089e-07,0.004727314183270142,4.2792191862635225e-06,0.004715503709869609,1.110239698301935e-06,8.149712230074068e-06,0.002253573803756834,0.03981563647973854,9.508709760931337e-06,3.94472410053724e-06,0.0003510910513346796,0.9280252363114316,0.002469491166254227,0.0002889303232685533,0.002502935047035846
60,0.0036440124184796635,0.00909725337347831,6.698929386823079e-06,0.0004038104143775292,7.812622445071548e-06,2.259854762753034e-07,0.00023326766500393723,0.0002171919740879057,5.852124787241467e-09,0.0005127626559610419,6.360985495033615e-07,0.00461976535636676,4.021115001542792e-06,0.005024782332507675,1.1137881847917718e-06,8.739391943859415e-06,0.00196999204800242,0.037261009990512364,1.0127323705163887e-05,3.930167542775803e-06,0.0003481882567014115,0.9313658473324683,0.0025530146167658204,0.0002398660549070682,0.002465924236019345
61,0.0038446056263784665,0.009439550600380991,7.475616450440448e-06,0.0003999275714835887,7.886246324025601e-06,2.0892291519193878e-07,0.00023338798709529018,0.00022610033310199805,6.061242091439592e-09,0.0004933074861477784,6.535595728494653e-07,0.004835574268048605,4.23967606458788e-06,0.004854912239584982,1.1274072021500403e-06,8.277950065014186e-06,0.0021718828057977666,0.03828921060713914,9.812845806271098e-06,4.010214864793329e-06,0.0003483507064116446,0.9296055639004153,0.002417335762594107,0.00027043693147251905,0.0025261546734404988
62,0.0036440124184796635,0.00909725337347831,6.698929386823079e-06,0.0004038104143775292,7.812622445071548e-06,2.259854762753034e-07,0.00023326766500393723,0.0002171919740879057,5.852124787241467e-09,0.0005127626559610419,6.360985495033615e-07,0.00461976535636676,4.021115001542792e-06,0.005024782332507675,1.1137881847917718e-06,8.739391943859415e-06,0.00196999204800242,0.037261009990512364,1.0127323705163887e-05,3.930167542775803e-06,0.0003481882567014115,0.9313658473324683,0.0025530146167658204,0.0002398660549070682,0.002465924236019345
63,0.0035892535300328715,0.009497767005487523,6.526407382065451e-06,0.0003858624584884479,7.485735861264165e-06,2.176157896105658e-07,0.00023108531420162963,0.00021248183947876264,5.864176415289686e-09,0.0005037412426748197,6.340166634892206e-07,0.004342095421925441,4.0509188449452835e-06,0.004732855928696166,1.1240919258310706e-06,8.204883841431254e-06,0.0019700458169920015,0.03705445179833244,9.785938280867451e-06,3.864471287972886e-06,0.0003333439967350613,0.9319948905564305,0.0024541029575822233,0.0002475809223301612,0.0024085412665579547
64,0.003547251602942512,0.008909887913892162,6.550313746240363e-06,0.00041217752300502596,8.065956316001492e-06,2.3167909264759362e-07,0.00022227869816653645,0.00022949640421028058,5.8598645460926766e-09,0.0005375929707224481,6.695951858537231e-07,0.004678662227441297,3.6199878809960453e-06,0.004712909070763228,1.173557680121584e-06,9.084881334181225e-06,0.0021170159080254767,0.0382635107445063,1.0464147945110056e-05,3.8042463858221534e-06,0.0004126390862118782,0.9304837098512295,0.00265245345045055,0.00024508538155487215,0.002531658941446503
65,0.0032793234226887315,0.007246903480425089,6.239269450557252e-06,0.00046269512438574964,9.992354792592913e-06,3.1930379310523606e-07,0.00018462786649611014,0.00018928404001671557,4.562506548280757e-09,0.0005126494922517753,6.993369284954903e-07,0.006055991097783867,3.403633211909066e-06,0.006255226416740878,9.701628356835842e-07,1.0165129856481547e-05,0.0018474511869749338,0.04665397725168597,9.632371578687114e-06,3.821154181429252e-06,0.00045395511140896693,0.9209522370834033,0.0032287190546249262,0.00018150932286487107,0.002450202769112806
66,0.003950488993384524,0.009863059124621003,1.0318057097725335e-05,0.0005658719578096908,1.0390285391260924e-05,3.57485875498483e-07,0.00038764299149950815,0.00031812798043019636,1.2415025450227124e-08,0.0008622621081380751,7.336067861542092e-07,0.005381086779523445,7.254639357774472e-06,0.00728733887211617,1.1872430031268399e-06,1.61587103645622e-05,0.0014813023252231753,0.03372899670513904,1.9074614393363012e-05,7.779616906037592e-06,0.00033495414090191957,0.9304916740634993,0.002303466564818094,0.0002246282260374107,0.002745832492657609
67,0.004257094120638338,0.009857817075231335,8.887415613104285e-06,0.0006012528662273527,9.765676194378633e-06,3.305148588473311e-07,0.0002924463199853189,0.000193246566338939,5.595317432229919e-09,0.000517988540769058,8.149150145510183e-07,0.006488254772585604,5.720451301793409e-06,0.008512019064339375,1.2665286235161667e-06,1.2542441945358754e-05,0.00210298424363868,0.045435837964233255,9.75388444733148e-06,5.825130265244756e-06,0.0003987536904814338,0.913576976530761,0.004361117746693985,0.00024101962695744015,0.0031082783175372885
68,0.0035762959282167896,0.00811687084988074,4.5290175241975245e-06,0.00036265268768844084,5.760702124883861e-06,2.1549011001877105e-07,0.00017188892778611552,0.00017956497822097517,3.956529299978496e-09,0.0004183357068490204,7.035955713178212e-07,0.004573818933941133,3.1871026461067143e-06,0.0034011909364862463,9.016834359616427e-07,6.687543092476547e-06,0.002331592054191801,0.05269991931381826,7.024556337122401e-06,3.5433514991031336e-06,0.0003700132362420668,0.9186271495561379,0.002763804439089956,0.00022562354645230608,0.002148721906127723
69,0.003645951116155628,0.009105066015617664,6.708240487955732e-06,0.00040433341394672135,7.813747530119703e-06,2.2597094046773077e-07,0.00023347154399348054,0.00021748690699568372,5.860614910955973e-09,0.0005133518815534937,6.363074418270119e-07,0.004620905000198217,4.025351109569455e-06,0.005024831690654233,1.1141566624954658e-06,8.745668235222138e-06,0.0019715808327605802,0.03728456200471118,1.0134109677361265e-05,3.936894010177662e-06,0.0003484396304948691,0.9313240607133222,0.0025529825881763363,0.00024018313537061065,0.0024694472193388384
70,0.003248762719391386,0.008834698830021807,5.038433767263105e-06,0.00034335452135927924,6.557215806354704e-06,1.876443226178008e-07,0.00020624534512896152,0.0002453394881214342,5.492801926891278e-09,0.0005267457900813824,6.172090585010881e-07,0.0035808073678591777,3.217023969220142e-06,0.003284268534423432,1.0958831966964987e-06,7.321879690009956e-06,0.002201114952223073,0.03612888888716989,9.88676872940012e-06,3.3149502192257935e-06,0.00036033263937486896,0.9364843787459511,0.0022388120250090874,0.00025758428456534963,0.0020214233677583885
71,0.00568025410553224,0.009394189296360699,7.95388945642547e-06,0.0005719444492663535,6.83244011019842e-06,2.2488731518197412e-07,0.00035697664473406817,0.00028781205817368324,5.7403175222347645e-09,0.0005146131622533955,8.974261962078095e-07,0.006175659854795763,5.7406590685759495e-06,0.0052156409699154905,1.031521399758564e-06,1.1087950945776317e-05,0.00279687690773638,0.05341990914782335,1.0856182176761916e-05,6.346791239088256e-06,0.00039370367593066915,0.9088563747805976,0.0034427469661062774,0.0003192870951801634,0.002523033397368388
