,0,1,2,3,4,5,6,7,8,9,10,11,12,13,14,15,16,17,18,19,20,21,22,23,24
0,2.1060646379363765e-05,1.4450460643838965e-06,1.4750567532167777e-07,4.0731978542587324e-06,4.8839935752594916e-08,7.313533398146943e-06,0.06257163075702354,0.0016453878255013985,1.6328514978051515e-05,0.00021871047373337254,4.883203939269883e-07,0.002263114573197914,0.00024584481292460296,0.0027422559520780014,1.1532651544974314e-06,0.00011828595176520975,0.02619173514115784,0.025023587448982115,8.698085543968463e-05,0.0005959353112063124,8.015945159548e-05,0.8669892807023806,0.00016997704986342692,6.566285848615821e-09,0.011005048257031044
1,2.6093313424182948e-05,1.5801361333775042e-06,1.573700386310494e-07,4.5453976555391706e-06,5.5080082228397664e-08,7.131247567738162e-06,0.06813784077757454,0.001861843051399449,2.1143248088864967e-05,0.0002549947718005691,5.254060713092574e-07,0.0021615091561663787,0.0002724906286432346,0.002660178577382321,1.1613835891743885e-06,0.00014475614335062324,0.028594625123358964,0.0268325976492806,9.262633627621297e-05,0.0005729996971911898,7.006761912147099e-05,0.8565566845269459,0.0001650190290987969,7.78303806320628e-09,0.01155936654672075
2,1.780027377811684e-05,1.2187937334196814e-06,1.2484326374855677e-07,3.567909066400901e-06,4.544145749870837e-08,6.1796760068488345e-06,0.054324719652549286,0.0014060620315091911,1.683641564985329e-05,0.00021233595224068132,4.205225110842089e-07,0.0016987126599109273,0.00018733998151347628,0.002592542078463446,1.1132963561253794e-06,9.494093129651371e-05,0.021706807846301936,0.019988923010203434,7.254035808415474e-05,0.0005656727494403233,6.863436408629762e-05,0.8858261176904869,0.00015854380480079394,6.682738486366082e-09,0.011048793034551233
3,2.1087300799814937e-05,1.4286487887495474e-06,1.4489483864677506e-07,4.038692894285678e-06,4.739428684111747e-08,6.810998411455424e-06,0.06057569069306949,0.0015680046159247969,1.63605495435822e-05,0.00021589945911815902,4.826520048110571e-07,0.002179197338707395,0.0002418536169252886,0.0027718368927656532,1.081583432548708e-06,0.00011120249227587174,0.02651998894189696,0.02506086864665101,8.094178583834109e-05,0.0005563909604509484,7.551025946315421e-05,0.8687842818711734,0.0001632120288066057,6.564246737647945e-09,0.011043631117685467
4,2.249083518861463e-05,1.6124500586033095e-06,1.585968699011609e-07,4.4257333116704825e-06,5.3281003430536646e-08,7.211440325927522e-06,0.060878902999186614,0.00164637998325605,1.7052353316157285e-05,0.0002169298423449483,5.514805507856029e-07,0.002500363342445151,0.00028912920364015677,0.002963353111967208,1.072080693295029e-06,0.00011936478115662208,0.028819248959741,0.02654029575341433,8.786101106679309e-05,0.0005560864130797561,7.892910244401816e-05,0.8643802955433654,0.00016726978346096445,6.6788369780789295e-09,0.010700955239275904
5,2.242862568777449e-05,1.309192125649923e-06,1.4805548648956752e-07,4.376318274911227e-06,4.556162840751953e-08,6.542117225226271e-06,0.059701473211624376,0.0015340198737021115,1.6339927548042494e-05,0.0002351037190563832,4.716683290741176e-07,0.0022320144979386496,0.00023370948888527034,0.002985346660206038,9.73034348595583e-07,0.00011108143794840718,0.028179521029475803,0.030198880387487276,7.345951462431024e-05,0.0006106219417329731,7.643582691294137e-05,0.8619307604073013,0.00016474174829046183,7.299438334160302e-09,0.011680188454721088
6,2.1087300799814937e-05,1.4286487887495474e-06,1.4489483864677506e-07,4.038692894285678e-06,4.739428684111747e-08,6.810998411455424e-06,0.06057569069306949,0.0015680046159247969,1.63605495435822e-05,0.00021589945911815902,4.826520048110571e-07,0.002179197338707395,0.0002418536169252886,0.0027718368927656532,1.081583432548708e-06,0.00011120249227587174,0.02651998894189696,0.02506086864665101,8.094178583834109e-05,0.0005563909604509484,7.551025946315421e-05,0.8687842818711734,0.0001632120288066057,6.564246737647945e-09,0.011043631117685467
7,2.6655260503918406e-05,1.9973192323570547e-06,2.1396206631705562e-07,5.097119361220521e-06,5.757712863809159e-08,7.636999438617007e-06,0.0712353934643686,0.0023180088603763915,1.6685613237602568e-05,0.00020826592504495558,6.438702656549001e-07,0.002799580255235063,0.0004418714361690671,0.0025233003255425,1.1318494516789846e-06,0.0001283993211161778,0.031323766092592416,0.0259264521535231,0.00011370708160368692,0.0005208332549901763,8.304959755608003e-05,0.8537333946940207,0.00014105827653069375,6.4906157508611694e-09,0.008442793200028935
8,2.328485587385064e-05,1.6667502663855943e-06,1.5750938023579993e-07,4.198457927315021e-06,5.029562624711207e-08,7.672844772194279e-06,0.06537598302801342,0.0019016720543472106,1.550086396983857e-05,0.00019718539576699283,5.380517170245115e-07,0.003064781927856613,0.0003381064082232231,0.0025781934319777013,9.999956434038006e-07,0.00013320613853734446,0.03162270402825857,0.027841436928668573,0.00010367545116980875,0.000556766555958479,8.295281037258966e-05,0.8566159354095725,0.0001573311125638838,5.2855502644861865e-09,0.009375994407986189
9,2.185545967914511e-05,1.568386049976711e-06,1.4221121341845834e-07,3.808363952397577e-06,4.9117166167876883e-08,7.023278840521595e-06,0.06529808254436464,0.0016090768248298764,1.594234915131702e-05,0.00020422095679199895,4.879802760183089e-07,0.0024825445395013097,0.00026101794669715984,0.0026374889168757788,1.0662076846546906e-06,0.00011750951972339022,0.02677952148546406,0.025696560399567067,9.006839164829986e-05,0.0005345246358978271,7.753045740587871e-05,0.8631041578166817,0.00015640273846642187,5.7924208864312345e-09,0.010899343679649951
10,2.1087300799814937e-05,1.4286487887495474e-06,1.4489483864677506e-07,4.038692894285678e-06,4.739428684111747e-08,6.810998411455424e-06,0.06057569069306949,0.0015680046159247969,1.63605495435822e-05,0.00021589945911815902,4.826520048110571e-07,0.002179197338707395,0.0002418536169252886,0.0027718368927656532,1.081583432548708e-06,0.00011120249227587174,0.02651998894189696,0.02506086864665101,8.094178583834109e-05,0.0005563909604509484,7.551025946315421e-05,0.8687842818711734,0.0001632120288066057,6.564246737647945e-09,0.011043631117685467
11,2.1784113615330618e-05,1.5086224337795115e-06,1.5447719782731422e-07,4.24874414539356e-06,4.992001556715371e-08,7.1138929781648025e-06,0.06125836338871327,0.0016676058473177298,1.6656268247424637e-05,0.0002158581722342816,5.102491111369797e-07,0.002322668243110272,0.0002674125967798167,0.002780307293415891,1.0955099604259054e-06,0.00011755427634130861,0.027781141447070064,0.02542058836202925,8.593119833816249e-05,0.0005618907388921512,7.704396662830469e-05,0.8665979755735869,0.00016395667601737404,6.5977634838046685e-09,0.01062857382405691
12,1.8475712432718263e-05,8.744223824121674e-07,1.341788417665279e-07,3.4995615642408892e-06,2.6407578007122067e-08,4.4010682571775115e-06,0.05165674672600795,0.002191740103621411,1.4035244698325584e-05,0.0001995179220000778,3.679204751158983e-07,0.0011182120005851447,0.0001987745635769357,0.0013632849043533144,1.044264348972384e-06,9.806159928338699e-05,0.02327636772323193,0.013605763800125069,7.534406073270575e-05,0.00036233586911531886,5.279559286597014e-05,0.9001346465029458,9.910608028126034e-05,5.750198374721037e-09,0.005524438020496368
13,2.2354347651711272e-05,2.0681395601936407e-06,1.820534412969552e-07,5.842237878809503e-06,6.653446806802448e-08,8.549302232124287e-06,0.06019766643461468,0.001581474812316685,1.64776779800747e-05,0.00019980713311602187,1.0306572577468154e-06,0.003449224627700108,0.0004538865484340405,0.00392617806049574,1.301943474478363e-06,0.00013544815038297008,0.03579548796412844,0.026651523199142945,9.946143962647492e-05,0.0004980218589818796,9.969192020166484e-05,0.8575080041699097,0.00021128949848352508,7.565746891143472e-09,0.009134953722773776
14,2.1540813072368724e-05,1.6250485495097954e-06,1.4961162788436595e-07,3.9748032539498995e-06,5.3483801141848787e-08,7.2665814737205905e-06,0.06313547287291872,0.0015365261698448778,1.5794857229425856e-05,0.00021227674628657335,5.363354177573408e-07,0.0025445416202788626,0.0002718923263305677,0.0029117387661907385,1.1085170079885046e-06,0.00011813010117007473,0.026236393581037257,0.025785589410568795,9.26845432670095e-05,0.0005533233476380772,8.027454957653281e-05,0.8653739624204235,0.00016076348421873796,6.189219463557882e-09,0.010934373819596341
15,2.1087300799814937e-05,1.4286487887495474e-06,1.4489483864677506e-07,4.038692894285678e-06,4.739428684111747e-08,6.810998411455424e-06,0.06057569069306949,0.0015680046159247969,1.63605495435822e-05,0.00021589945911815902,4.826520048110571e-07,0.002179197338707395,0.0002418536169252886,0.0027718368927656532,1.081583432548708e-06,0.00011120249227587174,0.02651998894189696,0.02506086864665101,8.094178583834109e-05,0.0005563909604509484,7.551025946315421e-05,0.8687842818711734,0.0001632120288066057,6.564246737647945e-09,0.011043631117685467
16,2.0360722576031444e-05,1.322074615094396e-06,1.3347617391784119e-07,3.8064231720664953e-06,4.35719856489991e-08,6.445290690438111e-06,0.05921703731818212,0.0013538372527876663,1.4380657206066138e-05,0.00022627530774824362,4.503879128672964e-07,0.0022598715629453927,0.00021220134154740372,0.002934568765690965,9.745690239206358e-07,0.00010476680480192249,0.025748159997611562,0.027989767840340227,7.345942886866427e-05,0.0005652765633149049,8.228964212287322e-05,0.8672600498312246,0.00015833288424983315,6.258282441852659e-09,0.011766182026925334
17,2.4692357537202142e-05,2.435999725716694e-06,2.832658320226119e-07,1.199310475328508e-05,1.0277746884487746e-07,2.7978481462757905e-05,0.19951943578737977,0.003958872196135494,0.00011102411874310062,0.0005437642550193092,1.29578299853952e-06,0.00020133713550822026,0.00014627459016236768,0.0011077571662737582,2.9166949357925787e-05,0.0004769072387236836,0.016978144940470487,0.001980983258479901,0.00015402602670983427,0.00023762695935235226,4.552996132266539e-05,0.7683130403816689,0.0001827565018779854,6.301079051553668e-08,0.005944507752245437
18,4.4883154344735415e-05,9.150247354594805e-06,2.219996849168693e-06,0.00020109643882858922,1.0921192776765608e-06,4.1541136643678815e-05,0.4185556218736388,0.05705496687909617,8.646831565215795e-05,0.00027389439218491064,7.875638972151588e-06,0.002381737152415158,0.005119666468943333,0.0020254186388609595,3.0454024309293145e-05,0.0016180096512375722,0.047022258655464756,0.00428228913446738,0.0008299817490703557,0.0003296075139188822,0.0003212231606236587,0.45820929738761007,0.00035496778545106,2.6015083355421435e-08,0.0011962524697016056
19,2.7104982601473603e-05,1.0518728914291434e-06,8.246792874130898e-08,3.5545256491745593e-06,2.820843432370854e-08,8.4532795488066e-06,0.04826324709456969,0.0007256723233899163,2.175315781239661e-05,0.00035030885198360646,5.278663264791822e-07,0.0012994598543759701,9.0450782618838e-05,0.004053533296997344,1.374462943018245e-06,0.00011132390439837091,0.03292092304046309,0.03203829333030951,4.7929619212427225e-05,0.0005937401406982172,7.761732187080853e-05,0.8547143230720231,0.00034031127444390173,1.4703335957888073e-08,0.02430892056517367
20,0.00013049159746534198,2.978904587937411e-06,1.267845663533663e-07,9.322790442103706e-06,1.175260122951363e-07,8.620522679713542e-06,0.029573126265621013,0.0005756061522430196,2.7119163135420092e-05,0.0003003311384133109,7.329543537102368e-07,0.026371431041893097,0.0009261319235850057,0.007991119653296049,4.854104039282868e-08,0.0006001500269856151,0.12560427758646625,0.6790739641977525,6.435774191893714e-05,0.0005194363698860071,3.825945902396677e-05,0.11276686814763115,0.000129153143783279,6.812734004240738e-09,0.01528622155448365
21,2.2922559678544617e-05,1.6942219996293513e-06,1.5423059699790083e-07,4.221833357305767e-06,5.9120449170815784e-08,6.974920883214578e-06,0.0576356130452907,0.0013395955664428345,1.5377767244103616e-05,0.0002486325790055319,5.642074028993291e-07,0.0028991478522588155,0.00026208494367143797,0.0034865074639200953,9.813874373773213e-07,0.00011742624375267782,0.026517049528890096,0.031597485314494855,8.58257462530794e-05,0.0005999448329851832,9.462582656860442e-05,0.8627716911438973,0.00016459898582888859,6.710527033671712e-09,0.012126813967163582
22,2.2406012634460988e-05,2.6761647015625875e-06,1.4008927672223305e-07,3.983680643668601e-06,1.0216664092737054e-07,9.67573418672457e-06,0.10477344893477344,0.0019951083564024885,3.105655546063229e-05,0.00015457644916797497,5.756621246127697e-07,0.002384911473698108,0.000283005561288992,0.0026354363052303108,2.1555976573065247e-06,0.0001398695257566584,0.01973002425957276,0.017446937051577818,0.00012712076749595816,0.0005299276013153102,7.034122468015032e-05,0.833491833673471,0.00022867091705882267,6.730429235814207e-09,0.015936009504754305
23,2.1087300799814937e-05,1.4286487887495474e-06,1.4489483864677506e-07,4.038692894285678e-06,4.739428684111747e-08,6.810998411455424e-06,0.06057569069306949,0.0015680046159247969,1.63605495435822e-05,0.00021589945911815902,4.826520048110571e-07,0.002179197338707395,0.0002418536169252886,0.0027718368927656532,1.081583432548708e-06,0.00011120249227587174,0.02651998894189696,0.02506086864665101,8.094178583834109e-05,0.0005563909604509484,7.551025946315421e-05,0.8687842818711734,0.0001632120288066057,6.564246737647945e-09,0.011043631117685467
24,1.8593040176048116e-05,1.0180479874636897e-06,1.052643636839461e-07,2.4983716776802277e-06,2.393605783622227e-08,5.532769175611868e-06,0.050875227420076066,0.0013626602489680841,1.3222243911584623e-05,0.00018291602753516117,3.165271201438876e-07,0.001251981339233011,0.0001339346531175309,0.0015297234501583845,1.0391157748437373e-06,6.983970546467998e-05,0.02167088496686587,0.015733181698804347,6.572133890265967e-05,0.0004152995372012671,6.550091328545454e-05,0.8971787409168516,0.0001244296558528473,5.603217614235381e-09,0.009297603208220545
25,2.1694708221523296e-05,1.360839328533585e-06,1.5900031372368603e-07,4.832976040495856e-06,4.6887395404622416e-08,6.252580180688118e-06,0.06681449033845208,0.0019785827964794766,1.5088673118774514e-05,0.00021126729319376628,5.547764857054556e-07,0.002369957162520438,0.0003092870896621224,0.002593310623115642,1.0763825205212517e-06,0.00012263492132662674,0.029051518305992445,0.02571298280828259,8.82594115752404e-05,0.0005389516404605856,8.084722898539802e-05,0.8612437963543619,0.00015433283150306012,6.1423597575797945e-09,0.008678708228123503
26,2.8408260849214688e-05,1.6975144116792217e-06,1.717760056047856e-07,5.100814155309225e-06,5.867334610956502e-08,7.831193935557998e-06,0.0637300364115432,0.0019928989904950426,2.6171171151310112e-05,0.0002343323876868298,5.404350609598906e-07,0.0020581849954207417,0.0002570483338357285,0.0027531834746108946,1.3226007753807201e-06,0.00012793638969949307,0.03149970520030058,0.02624423871835766,8.515263341263286e-05,0.000644445798279869,7.459122278484051e-05,0.8565878279739985,0.00022077796696648772,9.97213165375367e-09,0.013418327090784669
27,1.7506020717187194e-05,1.199794193099231e-06,1.2127890639328151e-07,3.429515509473509e-06,4.201880535854238e-08,6.118578309303866e-06,0.05565284427123222,0.0014241793164488379,1.6759769171749e-05,0.00020290271940520208,4.107946898131928e-07,0.0016051073813826819,0.00018330805878991564,0.002379701004036545,1.151908745773771e-06,9.620555816205328e-05,0.022092046878195586,0.018773972119237262,6.998374167209525e-05,0.0005194700015967504,6.449832450055932e-05,0.8860472661396414,0.00015366206999088824,6.578323513077925e-09,0.01068810615833644
28,2.1087300799814937e-05,1.4286487887495474e-06,1.4489483864677506e-07,4.038692894285678e-06,4.739428684111747e-08,6.810998411455424e-06,0.06057569069306949,0.0015680046159247969,1.63605495435822e-05,0.00021589945911815902,4.826520048110571e-07,0.002179197338707395,0.0002418536169252886,0.0027718368927656532,1.081583432548708e-06,0.00011120249227587174,0.02651998894189696,0.02506086864665101,8.094178583834109e-05,0.0005563909604509484,7.551025946315421e-05,0.8687842818711734,0.0001632120288066057,6.564246737647945e-09,0.011043631117685467
29,2.1087300799814937e-05,1.4286487887495474e-06,1.4489483864677506e-07,4.038692894285678e-06,4.739428684111747e-08,6.810998411455424e-06,0.06057569069306949,0.0015680046159247969,1.63605495435822e-05,0.00021589945911815902,4.826520048110571e-07,0.002179197338707395,0.0002418536169252886,0.0027718368927656532,1.081583432548708e-06,0.00011120249227587174,0.02651998894189696,0.02506086864665101,8.094178583834109e-05,0.0005563909604509484,7.551025946315421e-05,0.8687842818711734,0.0001632120288066057,6.564246737647945e-09,0.011043631117685467
30,2.1087300799814937e-05,1.4286487887495474e-06,1.4489483864677506e-07,4.038692894285678e-06,4.739428684111747e-08,6.810998411455424e-06,0.06057569069306949,0.0015680046159247969,1.63605495435822e-05,0.00021589945911815902,4.826520048110571e-07,0.002179197338707395,0.0002418536169252886,0.0027718368927656532,1.081583432548708e-06,0.00011120249227587174,0.02651998894189696,0.02506086864665101,8.094178583834109e-05,0.0005563909604509484,7.551025946315421e-05,0.8687842818711734,0.0001632120288066057,6.564246737647945e-09,0.011043631117685467
31,2.6458425026805224e-05,1.5460885748811897e-06,1.6796981659543497e-07,4.320330853209034e-06,4.92914727183802e-08,6.4199305397319145e-06,0.06094086020320169,0.0019333692526809396,1.7440553604223335e-05,0.00022086955768887287,4.680881026287295e-07,0.0025566590936334276,0.0002910374915363058,0.0025648992311186843,9.000129705040327e-07,0.00011218736082809809,0.02991823268245796,0.03028246333690866,9.290066299834464e-05,0.0006088442411955904,7.963551370431322e-05,0.859194702423036,0.00015779540603662117,6.365968028186242e-09,0.010987766486044931
32,2.0358988196740424e-05,1.4154101997244523e-06,1.4369510502349206e-07,3.825259182515796e-06,4.7039244935859235e-08,6.792202494270525e-06,0.059295162680608686,0.0015469472480239231,1.5780242109143892e-05,0.00021043074946342828,4.753788824465407e-07,0.0021585488880790427,0.0002383517013214359,0.002683550227235467,1.0909741334836873e-06,0.00010911160720139983,0.025469174836778557,0.023745009995278843,8.445369370424658e-05,0.0005541177924439928,7.458085291793256e-05,0.8728868884104372,0.00015906340322663516,6.288258256255875e-09,0.010734672435472664
33,2.136072255282744e-05,2.0755981647695152e-06,1.403545194236689e-07,4.7959703558508535e-06,9.130465102127747e-08,9.601026937288409e-06,0.07067024091726819,0.0011700533185510474,2.7897059593817634e-05,0.0002670297747272623,6.215445236919874e-07,0.001337393519472602,0.00011056922336381372,0.0031409623669025953,2.9750554965526475e-06,8.502106483828158e-05,0.015023657815141523,0.014126329752729287,8.395009200466964e-05,0.0006252847851604451,0.0001573180696635154,0.8708179773621147,0.0003330606174272564,1.3727524184262063e-08,0.021981578956315438
34,2.9806750286400065e-05,2.1686683603399085e-06,1.7993895043622063e-07,3.8480291117976624e-06,6.501302880581988e-08,6.724607258873359e-06,0.057237798381790446,0.0017346688520996295,2.191937435338241e-05,0.000211606252383931,6.480790465817829e-07,0.002490253535307912,0.00032026461120207166,0.002711527879713793,1.1762572581455427e-06,0.00010741933287410194,0.026488819850778902,0.024140886654073632,0.0001206197170629562,0.0005306342794262422,7.446977396532138e-05,0.871611442627151,0.00017475449162598726,7.60697192832686e-09,0.011978289435917517
35,7.327791190027072e-06,1.2862771591978511e-06,1.1492409470755702e-07,3.826896942373983e-06,6.754065222039034e-08,9.0324343963047e-06,0.055196438329213934,0.0007741544079199344,1.125307625071234e-05,0.00016026214743063803,6.451591740114105e-07,0.0015246234493430837,0.00015569062343054422,0.004359929156774069,2.448102454431122e-06,8.235727265488147e-05,0.013802053286111943,0.010056759553459325,6.647511146096821e-05,0.0004929019010398388,9.904850515251593e-05,0.9017563618927352,0.00023023518034320139,6.717622087832511e-09,0.011206700262993793
36,2.113851499555074e-05,1.439399721367475e-06,1.4612373369116039e-07,4.053079903860908e-06,4.796898396333496e-08,6.8314210040812956e-06,0.06085342102469356,0.0015572241187363019,1.6327259379065797e-05,0.0002176144635442921,4.867190816925506e-07,0.002178563585845542,0.00024101215065952888,0.002796557323971865,1.0937886669482582e-06,0.00011068686198075478,0.02622524600095892,0.02510853029103839,8.139991905500452e-05,0.0005598462514258447,7.662632973670714e-05,0.8686220996893027,0.0001639456759034268,6.642535400748687e-09,0.01115565539514163
37,1.631609785866429e-05,1.4695669272121613e-06,1.2357518130063948e-07,3.1565604383139437e-06,4.567345761463465e-08,6.924325899614001e-06,0.057539820706727654,0.0015643204684610051,1.5268415830858235e-05,0.00017290100484079036,4.143060746893519e-07,0.0019937019877044803,0.00022419830821822722,0.0022496723599181147,1.1612813045110753e-06,0.0001030498435379141,0.02242386357794499,0.016599416584143205,8.730221378434773e-05,0.00046116525094916486,7.07122037923692e-05,0.8869599824912708,0.00014736552384132727,4.609504926651632e-09,0.009357643062387707
38,2.0965422865761674e-05,1.539725669363352e-06,1.4556698610904053e-07,4.246880488069732e-06,4.813803687628818e-08,8.865522796012978e-06,0.07694706692224322,0.0017687270133741096,1.473273200015769e-05,0.00021642077711509392,5.543237152446339e-07,0.002555489482949094,0.0002869860238463976,0.002679001457968086,1.3488327347987786e-06,0.00015204901017817037,0.028612421362644597,0.025315259606292856,0.00010016922853770034,0.0005733189244490225,8.69448383925794e-05,0.8501340291703737,0.00017780355154464937,6.0040590113405835e-09,0.010341859480739414
39,2.5411907383103118e-05,1.766583055068054e-06,1.638517801319757e-07,4.605937257208235e-06,6.067077280798668e-08,7.029818127859083e-06,0.05521493719847996,0.001297626743872301,2.0157686144472803e-05,0.00025356774448959905,6.537341657233471e-07,0.0025076240236777785,0.00028606843572189964,0.0038989951640720447,1.0218266206798353e-06,0.00011783569395544192,0.028759720752579983,0.03153060838811409,7.786695937936492e-05,0.0005579737230010735,6.689999154944413e-05,0.863155109083856,0.00015977580563799517,9.292207884825506e-09,0.012054508984097979
40,1.6196130133936964e-05,1.7281952356136821e-06,1.5381856375465166e-07,3.2002480487426583e-06,5.97437332564631e-08,7.191509979081708e-06,0.04770836111091964,0.0010233887244162968,1.2040798865431077e-05,0.00017481494639605194,5.31298928166999e-07,0.0026103121838844286,0.00021724772578784492,0.003363139466356283,1.1494179953424983e-06,8.435063889314126e-05,0.020298908581811773,0.020681973610284666,8.728099752902494e-05,0.00048710269252481,8.159502825167854e-05,0.8925545533456715,0.00014196989935144058,5.593461362368403e-09,0.01044274429297664
41,3.051682544595569e-05,2.7115604807670724e-06,2.1747796826416348e-07,7.887391145110014e-06,1.0163333165413787e-07,1.0910713955472132e-05,0.0764062554288414,0.0024597467079220873,3.785197803326764e-05,0.00027846291842198114,7.595685552281464e-07,0.0023533880927636714,0.0004099960757517364,0.0035380278955763293,1.5840288627931533e-06,0.00019235260084806641,0.03745987484211541,0.024691647006698878,9.405209222416713e-05,0.0005483334574091428,7.761866693643765e-05,0.8385701476307157,0.0002242018928180968,1.0939623125378571e-08,0.01260334257355524
42,6.359148316431633e-05,2.807876353454566e-06,1.8143381262468422e-07,1.787784688727807e-05,1.6213399747161757e-07,1.7263065555327707e-05,0.134445974064609,0.001137372859201526,5.669278133642324e-05,0.0005229506039345965,1.652459367153566e-06,0.004828129412974967,0.0003797485285056728,0.01431080381814051,1.6724396637538458e-06,0.00037596152830491236,0.06257648911912381,0.14833270115794642,6.421594024632249e-05,0.0011158365851386494,0.0001216747298296888,0.579010267768647,0.0007353663778308725,3.814933233918474e-08,0.05188056783609608
43,1.865905163182454e-05,1.0236974620324324e-06,1.2641438728953392e-07,3.7062963828839e-06,3.840121630659391e-08,5.8825728649219065e-06,0.049325692916352394,0.001505888441077089,1.726277676456447e-05,0.00027009638560930485,3.8014084941162246e-07,0.0012735409629488332,0.0001572026727717117,0.0022612172443763783,1.0934012213853996e-06,9.965969643232867e-05,0.021501458393235768,0.018436068053347982,6.650692308242184e-05,0.0005636129018035543,6.814980019432444e-05,0.8944285810578911,0.000143692852656721,7.674188756335857e-09,0.009850451271250523
44,2.1087300799814937e-05,1.4286487887495474e-06,1.4489483864677506e-07,4.038692894285678e-06,4.739428684111747e-08,6.810998411455424e-06,0.06057569069306949,0.0015680046159247969,1.63605495435822e-05,0.00021589945911815902,4.826520048110571e-07,0.002179197338707395,0.0002418536169252886,0.0027718368927656532,1.081583432548708e-06,0.00011120249227587174,0.02651998894189696,0.02506086864665101,8.094178583834109e-05,0.0005563909604509484,7.551025946315421e-05,0.8687842818711734,0.0001632120288066057,6.564246737647945e-09,0.011043631117685467
45,2.2857663319036327e-05,1.5261448730305522e-06,1.460990919083987e-07,3.957080646665232e-06,5.007388610397302e-08,6.514962663275086e-06,0.05173788259951358,0.0013123842438891764,1.6304869258180507e-05,0.00022236347546793572,5.099672288851592e-07,0.0025775786224095034,0.00023787079628134026,0.003217829079372927,9.003560613065666e-07,0.00010205187452393676,0.028178734677528756,0.029877273359502993,7.846935695731566e-05,0.0005654996060256454,8.078952707273545e-05,0.8693977854190953,0.00016843096630593226,6.834549765045755e-09,0.012192282344474852
46,2.7905101432919692e-05,1.3570140874808204e-06,1.7671949469628663e-07,5.567834020083457e-06,3.515750647133694e-08,8.654407291653766e-06,0.05195534937931947,0.0022543947557866887,1.718027852639003e-05,0.00023070781716944653,5.208674216732485e-07,0.0025928383881527956,0.00031649824569711914,0.0023683017583459908,9.214456544447004e-07,0.00014559687346115196,0.049546009664676816,0.030597709769372154,7.798222627846809e-05,0.0005796768629033828,8.147254463192484e-05,0.8508407592595115,0.000179361624333892,7.565735699351472e-09,0.008171014439187581
47,2.3251866861175654e-05,1.4707789759119026e-06,1.1923063304940506e-07,2.1432503598864665e-06,3.484903591858779e-08,4.938014696627702e-06,0.0485946460171748,0.0014768160252488034,1.3046252162742735e-05,0.00016703017046328106,3.4430918503071574e-07,0.0023174375064866698,0.0002061405968414324,0.0016546203342453856,7.535475862574977e-07,8.16063038555675e-05,0.022730801467062755,0.02158550224945763,9.586359848540993e-05,0.0004367130897909341,6.170049381713747e-05,0.8915159164870393,0.00010244374346726543,3.9850130583501896e-09,0.008926655832054025
48,1.1059063616939921e-05,9.317532120429461e-07,7.599241370995512e-08,3.0594089512340156e-06,7.054678775192768e-08,2.752682582791795e-06,0.02987639022269144,0.00029701986617820613,1.361680551838046e-05,0.0003191989594034681,4.402269140550855e-07,0.001517865488371114,6.860150478044366e-05,0.007465267497008274,6.420527777474244e-07,3.8089514809629334e-05,0.009521341355613163,0.028588485512796663,2.8494064388242146e-05,0.000598298912541806,0.00010122210036991031,0.8977447257259328,0.0001624250008011677,9.602218746312907e-09,0.023639916139320243
49,1.7449291686044884e-05,1.3285398480116164e-06,1.4243953929533928e-07,3.2504860764840056e-06,4.2051989395300454e-08,6.387336480580321e-06,0.04827807030312037,0.0012871889621612078,1.2219104200336173e-05,0.00018306859309274084,4.2812361847647794e-07,0.002272063191958028,0.0002097834169352094,0.0026265361245874368,9.54246864108407e-07,8.720264281368378e-05,0.02351181849944992,0.022151620112134528,7.829029887347143e-05,0.000512450245675019,7.40800730030819e-05,0.8892830458178967,0.00013272176678994272,5.406755244151003e-09,0.00926985292445072
50,2.0848176351162956e-05,1.3961853379907775e-06,1.4178467562989736e-07,3.947627476836736e-06,4.649854609596208e-08,6.662889338140769e-06,0.061103092532860954,0.0015609877173386939,1.6246578608680516e-05,0.00021689614677212384,4.70516984116949e-07,0.0021121357717396537,0.0002360659323902848,0.0027201820995854786,1.077742135690261e-06,0.00011021025850184432,0.02586215450545391,0.02472069883471068,8.042994302898445e-05,0.0005543097473158296,7.429868010330103e-05,0.8693462135007135,0.0001605000986738427,6.477320372075873e-09,0.01109097975403613
51,2.283042458662281e-05,1.7534413047597944e-06,1.8852190301088103e-07,5.88562621247439e-06,5.791202349379167e-08,7.204536624150131e-06,0.06035149670144118,0.0019912262891987613,1.936651174282777e-05,0.00022705860091238984,5.893497021186692e-07,0.0022078936457465524,0.0003219940731424482,0.0029485022549596987,1.1312336339920865e-06,0.00012072854645006754,0.03132130846529335,0.02316203645459365,7.577658684649982e-05,0.00046123857180814325,7.959926674333233e-05,0.8679703375556292,0.00014869983284402405,7.503520443398056e-09,0.008553088093136733
52,1.9835828663583433e-05,1.4805312672114527e-06,1.4019483756248767e-07,3.713063741873878e-06,4.753417894249155e-08,6.6405803566687815e-06,0.05995464468363911,0.0015532658687990772,1.591373719606114e-05,0.0001951794874962575,4.586734278733795e-07,0.0021510146644703205,0.0002307647741419882,0.0025910534494938474,1.1119550510825883e-06,0.00010185149418044209,0.024752787286727175,0.02231420134371913,8.2387556717826e-05,0.0005221573841867588,7.685935986591729e-05,0.8743836025237476,0.00016056318281599174,5.9019026052456e-09,0.010880318939375256
53,5.369105839534021e-05,6.845214919313152e-06,5.647831944434991e-07,2.826348002461268e-06,7.198771490654924e-08,6.0867154545782135e-06,0.0043804569557174535,0.0005313522704777054,5.894385822929711e-06,0.00018048879484288462,1.1152150134027727e-06,0.019388175334225044,0.0007079524182288954,0.005551788379210352,1.2420086636887677e-07,3.292223349314349e-05,0.0664271613572198,0.05620373366526342,0.0001464381180635994,0.00027842005161578135,0.00015303195499613684,0.8423853425581515,4.9715724619269835e-05,3.961553748142941e-09,0.0035057963129375086
54,1.1608969521151383e-05,5.138831126847888e-07,4.901812852929765e-07,3.054327308243268e-05,3.744289046602749e-08,8.086255772057476e-06,0.03317068838100617,0.004389028086942729,9.550038237096693e-06,0.00017507926672389202,1.8116916807577242e-06,0.0014862152375784725,0.0006611500775442294,0.003487033074529274,2.0813962636115317e-06,9.436358010914839e-05,0.05713033653242109,0.012417343195700788,7.021482582440212e-05,0.0007234238300796416,0.00017430898141529422,0.8837418789524865,0.0003325869378756181,1.8989562051067556e-08,0.0018816069183553502
55,3.330976041901694e-05,2.6114704037489256e-06,1.610944315313841e-07,4.180725012235041e-06,8.233602815783937e-08,6.7509492460997705e-06,0.07664815280415442,0.0015873966217217568,2.1773273612297115e-05,0.00020194391230116872,6.275228353272633e-07,0.004600493334375961,0.0003532712404328425,0.0033483650119474385,9.205052225405421e-07,0.0001314767643542109,0.030269627140418122,0.04290444534758376,0.00010954860518444957,0.0005693951439726298,9.240607451615473e-05,0.8233355043872311,0.00017723764819858228,6.162278813523626e-09,0.015600312164117823
56,2.199885008246633e-05,1.5371800567971098e-06,1.54722399352633e-07,4.215672775307155e-06,5.064078113634209e-08,7.071989903511681e-06,0.061290766196176245,0.00163869542773254,1.676282891845572e-05,0.00021599042467759943,5.176767900594301e-07,0.0023434820568051513,0.000268777993677821,0.0028208350566015857,1.0925892424538365e-06,0.00011638982531868044,0.02750517932031919,0.025643240969443242,8.641050127494394e-05,0.0005582089451807383,7.672133399176553e-05,0.8664673304442647,0.00016299987231415558,6.655167686117124e-09,0.010751562826104571
57,1.7196045152661337e-05,1.3949462503470633e-06,1.3557454860698007e-07,2.641473943800093e-06,4.293433119009636e-08,5.6550419169343045e-06,0.04768818024634899,0.0014161685291089819,1.105921604377285e-05,0.00016211175693559436,4.058671013587548e-07,0.0026475359092576357,0.00023800843692532692,0.0021544910400687406,8.510061075234656e-07,8.778223584280947e-05,0.021858951973853655,0.020390285754168264,0.00010106074304448995,0.0004953190760977755,7.546723888046367e-05,0.8943044336292194,0.00011804968982239263,3.851539432452431e-09,0.008222767783489708
58,2.168872409023374e-05,1.4645172494247162e-06,1.51856672600282e-07,4.188640528871382e-06,4.8948193245704645e-08,6.959117282965302e-06,0.0606326386931993,0.0015911236170349868,1.7070703288219214e-05,0.00022166514004968288,5.069629664023811e-07,0.0021240736160219945,0.0002452127428988636,0.002795666968210427,1.1492654968941184e-06,0.00011310814038157667,0.02655244197178409,0.024732824089961518,8.156007330961447e-05,0.0005641768538358003,7.558176646750822e-05,0.868930049321676,0.00016731380232591395,7.2065449331786504e-09,0.011119327260529083
59,2.1118314175142648e-05,1.3790673485444778e-06,1.5119597698535781e-07,4.2017390196212836e-06,4.760163765953821e-08,6.801270006096346e-06,0.05772436492995689,0.0015269802611689765,1.6810379889495166e-05,0.0002303389322503697,4.9387093634413e-07,0.0020087569559483712,0.00022603961738908035,0.002794495655889543,1.1373829370889232e-06,0.00010994200573447993,0.025941371960982958,0.024301261651696826,7.765523360079789e-05,0.0005695564005071595,7.595325824637881e-05,0.8731952957343628,0.00016358257261412927,7.5773407313735e-09,0.011002256430383465
60,2.1087300799814937e-05,1.4286487887495474e-06,1.4489483864677506e-07,4.038692894285678e-06,4.739428684111747e-08,6.810998411455424e-06,0.06057569069306949,0.0015680046159247969,1.63605495435822e-05,0.00021589945911815902,4.826520048110571e-07,0.002179197338707395,0.0002418536169252886,0.0027718368927656532,1.081583432548708e-06,0.00011120249227587174,0.02651998894189696,0.02506086864665101,8.094178583834109e-05,0.0005563909604509484,7.551025946315421e-05,0.8687842818711734,0.0001632120288066057,6.564246737647945e-09,0.011043631117685467
61,2.0757699943629113e-05,1.3769907394904336e-06,1.53738541969175e-07,4.217370496090049e-06,4.6313882095074104e-08,6.917642423071801e-06,0.05754715054523275,0.001546129067733336,1.6060173945510135e-05,0.00022331958545784026,4.906139655901436e-07,0.002037760342675366,0.00023110254739846907,0.0027822540016480524,1.129638502504991e-06,0.00010795714403592335,0.026415413294747975,0.02412363825567027,7.782528549862812e-05,0.0005622914314321636,7.6570656526794e-05,0.8734202681980434,0.00016167555411747452,7.29118901506052e-09,0.010635486616152691
62,2.1087300799814937e-05,1.4286487887495474e-06,1.4489483864677506e-07,4.038692894285678e-06,4.739428684111747e-08,6.810998411455424e-06,0.06057569069306949,0.0015680046159247969,1.63605495435822e-05,0.00021589945911815902,4.826520048110571e-07,0.002179197338707395,0.0002418536169252886,0.0027718368927656532,1.081583432548708e-06,0.00011120249227587174,0.02651998894189696,0.02506086864665101,8.094178583834109e-05,0.0005563909604509484,7.551025946315421e-05,0.8687842818711734,0.0001632120288066057,6.564246737647945e-09,0.011043631117685467
63,2.1364225600391135e-05,1.47360407185592e-06,1.4623418389619565e-07,4.003052951822962e-06,4.817282300680025e-08,6.840322503954949e-06,0.06045521338771966,0.0015703220886379495,1.6536638756094203e-05,0.00021431731470861892,4.868384427006965e-07,0.002203379209454223,0.0002443590759577263,0.002751301065342923,1.0869688910080733e-06,0.00011094950205390481,0.026457980279984437,0.024845546721604533,8.202172951370103e-05,0.0005479355515810637,7.540587969895688e-05,0.8692241056812982,0.00016148377401969437,6.553702746663255e-09,0.011003686126496806
64,2.0319875350244376e-05,1.4581522488033407e-06,1.5008527453131984e-07,4.023784209140267e-06,4.8169965816166206e-08,6.886355447312479e-06,0.05987368839712343,0.0015677952457493571,1.5577879315123315e-05,0.0002130166490915046,4.83895067888313e-07,0.0021509183053023567,0.00023303080684426377,0.0026780407876218094,1.1444263345549822e-06,0.0001052647669245423,0.025152261152473886,0.023369499095273583,8.21834598269349e-05,0.0005566925180524421,8.40691379102087e-05,0.8729317379029016,0.00016477483444247827,6.483525284664957e-09,0.01078692783372286
65,1.6160297781175224e-05,1.3012976737404915e-06,1.5899834267770614e-07,4.5627970870740585e-06,4.5121598197007055e-08,7.805200468846613e-06,0.058631789776161576,0.0016655185518481112,1.50033027764404e-05,0.00019607855136985158,4.927750382938413e-07,0.001544132363208685,0.00020959752322657023,0.002553581831835229,1.5546746393053684e-06,9.663541229981035e-05,0.023864834082467885,0.01579329323058395,7.580454959223787e-05,0.0005038264813468464,8.253093313949947e-05,0.8853755396567226,0.0001756296609886355,7.080772767790034e-09,0.009184115849030216
66,1.9553633513863788e-05,1.417251244664627e-06,1.622291534627603e-07,5.076356602975395e-06,5.6650762405400867e-08,5.6366194838888755e-06,0.04312157566446594,0.0011542847261712156,1.3094902504415814e-05,0.0002771601747402051,6.614982889955227e-07,0.002767383581215233,0.00029225289292205347,0.003979572853594388,7.559359754660125e-07,0.00011411301627904046,0.02947696122574854,0.02936379357073383,7.121257238337447e-05,0.0004924630885203015,9.179722362871697e-05,0.8798081434161348,0.00013357575089457848,7.096846770393569e-09,0.008809288068191019
67,1.8361568908307358e-05,1.2529699905725889e-06,1.3619872332279898e-07,3.908178059774091e-06,4.344683027894449e-08,7.131884864452067e-06,0.054246835161187265,0.001290883602789944,1.4273002581959014e-05,0.0002142992752268595,4.792841562441306e-07,0.00208732784908776,0.00020138348673840335,0.003064521621262143,1.1157470283240203e-06,0.0001011867480400795,0.02570449613164098,0.024443392417808338,7.269077108844812e-05,0.0005865991290945817,8.057880257244104e-05,0.8763190119784363,0.0001752318257649833,7.030804050607503e-09,0.011364851887314339
68,2.4317168431785437e-05,1.4939821905046548e-06,1.6660884133809763e-07,5.71488587609547e-06,5.09866607425092e-08,7.974384541954982e-06,0.07885793759788602,0.0019926992137880026,1.6165383503539843e-05,0.00022607474445325823,5.742089017183863e-07,0.0033297967439434696,0.0003739722518021472,0.003448299340437741,9.59848733551358e-07,0.00014803921646915915,0.035386990500793726,0.040576378936348356,8.888076324526406e-05,0.0006746120375625567,9.382657149944871e-05,0.8231570005510064,0.00019165103339392956,6.39695026784108e-09,0.011396416642739089
69,2.048227574662202e-05,1.4020042437613542e-06,1.439899327413325e-07,3.924477374987064e-06,4.652692005189566e-08,6.790469795704713e-06,0.05927673916041954,0.001542623350268166,1.547981601616319e-05,0.0002107080324500012,4.818713532693602e-07,0.00222229785282382,0.00024067040686217124,0.0027612526284680953,1.073189586197782e-06,0.00010828916570605415,0.026063310320491168,0.0248059805323651,8.250594600347214e-05,0.0005637810252804817,7.714039390645834e-05,0.8710584743588201,0.00016255040902764267,6.326879060631682e-09,0.01077384546925908
70,2.0222952462622912e-05,1.4750001607049963e-06,1.3059841545347099e-07,3.024901921300491e-06,4.176835416199124e-08,5.980979883997381e-06,0.05693570930090802,0.001404383568767681,1.3600880231121323e-05,0.0001916523001444093,4.4332827426446716e-07,0.0020828393837275553,0.00021589196212515947,0.002277213091337506,1.0269773138287727e-06,8.930194997923333e-05,0.022229846073823355,0.0209768390019786,8.790916756985915e-05,0.0004682241463437221,7.607389959556615e-05,0.8826231882974468,0.0001354798984576979,5.176342865238084e-09,0.010159495394434274
71,2.5705294385288392e-05,1.6314381569149767e-06,1.4296535106530363e-07,4.459255448061558e-06,5.810868776783651e-08,6.709000929096762e-06,0.06639118421206175,0.0017256331703104301,2.1060471397046816e-05,0.00024379198656506007,5.295964936876461e-07,0.0025502578719810653,0.00028066099652625373,0.002946711020453805,1.0234390520598831e-06,0.00013795010496127697,0.02932605227395796,0.030726002477781733,8.37022934839761e-05,0.000613356160044435,7.572028245386314e-05,0.8520460730970394,0.00017703724891415828,7.399556956795598e-09,0.012614539834006835
