,0,1,2,3,4,5,6,7,8,9,10,11,12,13,14,15,16,17,18,19,20,21,22,23,24
0,2.8384209767734265e-05,2.2190671955641284e-06,1.9762475980864036e-07,3.5268368269285953e-06,5.402413515964162e-08,7.287038863765483e-06,0.03770442904624936,0.0013767568769708562,1.3644161443049954e-05,0.0001981901069106945,5.581235700417299e-07,0.004008368557616404,0.0003180161328344034,0.002945819707068083,7.093614318388545e-07,9.486642059584644e-05,0.033617259866720484,0.03132975893658329,0.00010802667142714562,0.0004926220811821296,9.129822071113679e-05,0.8784105383831916,0.00013086154048051296,5.407707293773689e-09,0.009116601595756965
1,3.594201434289886e-05,2.57329417148783e-06,2.1139488237409516e-07,3.966211216429681e-06,6.232476838788547e-08,7.482681994253646e-06,0.042314891246265425,0.001567243926235745,1.7958846234883318e-05,0.00023299368217279451,6.167302386033052e-07,0.003978818506560039,0.0003709333896388062,0.0029423818709720614,7.212699785960747e-07,0.00011819655030457229,0.037758207296629445,0.03463079725789571,0.00011638944563676568,0.00048415477275587767,8.193546781177289e-05,0.8652469209386753,0.00013189068149940702,6.3349726862054825e-09,0.009954703864145768
2,2.405704795774811e-05,1.8397239229469086e-06,1.717032919967481e-07,2.947929819491878e-06,4.867373539712e-08,5.897998785451962e-06,0.03302635404554561,0.0012051188962419951,1.363816601600713e-05,0.0001903755111985909,4.5626022232043574e-07,0.0028797081980824896,0.00023554138956810778,0.002721921991604801,6.984512795434185e-07,7.333313615176213e-05,0.026556013029891315,0.024861554240405082,9.177286107157941e-05,0.0004767401603223137,7.622151363506978e-05,0.8981701050645667,0.0001205983298690273,5.406478764900301e-09,0.009264880270335741
3,2.85427234739319e-05,2.219232053502479e-06,1.9522416256126704e-07,3.518798849905447e-06,5.296864452704554e-08,6.8441447355313145e-06,0.03623643261517898,0.0013195561171242733,1.3703465458362833e-05,0.00019552828118845315,5.535947764361129e-07,0.003910185762783133,0.0003156454505650445,0.0029763185184720434,6.618321546325804e-07,8.944275095727153e-05,0.03429657628567266,0.031331858369622705,0.00010123199052835599,0.000459540607732569,8.68186675869432e-05,0.879431223841582,0.00012548039853137186,5.366086752916415e-09,0.009067862992077864
4,3.022422150501804e-05,2.4904955248728776e-06,2.119544556787695e-07,3.8460145193182e-06,5.940113376893181e-08,7.209887152380967e-06,0.03655669808730987,0.0013656187347336137,1.419555245247009e-05,0.00019646099700233225,6.362428202265368e-07,0.0044635996109037394,0.0003755862260460584,0.003199479616515664,6.574060155711858e-07,9.57456070233523e-05,0.0370633403387685,0.033177107890635806,0.00010907657671901278,0.0004570848666840074,9.071807664622959e-05,0.8738165662223276,0.00012886350857215106,5.479561851463809e-09,0.008844516984970746
5,3.0131976915942652e-05,2.009278747293745e-06,1.993383485897345e-07,3.7490034667319556e-06,5.0379120295711036e-08,6.479720406292006e-06,0.035573720437071146,0.001280994879544065,1.3477840962844788e-05,0.00021231050450950072,5.324110950445635e-07,0.003956938083577779,0.0003004024645451302,0.003188868640646288,5.94212795230711e-07,8.823561865406123e-05,0.0358478344508202,0.03764767065711964,9.17085989844039e-05,0.0005055083472779633,8.727881510073762e-05,0.8714060362570153,0.00012574384666635147,5.929491687175702e-09,0.009629518307117519
6,2.85427234739319e-05,2.219232053502479e-06,1.9522416256126704e-07,3.518798849905447e-06,5.296864452704554e-08,6.8441447355313145e-06,0.03623643261517898,0.0013195561171242733,1.3703465458362833e-05,0.00019552828118845315,5.535947764361129e-07,0.003910185762783133,0.0003156454505650445,0.0029763185184720434,6.618321546325804e-07,8.944275095727153e-05,0.03429657628567266,0.031331858369622705,0.00010123199052835599,0.000459540607732569,8.68186675869432e-05,0.879431223841582,0.00012548039853137186,5.366086752916415e-09,0.009067862992077864
7,3.726107952687043e-05,3.2217121460277905e-06,2.9503967676778625e-07,4.610680120475326e-06,6.56547312466146e-08,7.853715853046956e-06,0.0435783831524871,0.0020395110248341373,1.442069131954449e-05,0.00018887759863403443,7.628958524151528e-07,0.005117607359654379,0.0006035815682135171,0.002727503823846808,7.056058781917081e-07,0.00010525860621998456,0.04176367381659209,0.0327220869702951,0.00014473484775685125,0.00042998868487103615,9.679048682780883e-05,0.8634489826086135,0.00011046720936052134,5.359294550629325e-09,0.006853349807393885
8,3.186934701431809e-05,2.6226818959016983e-06,2.1220947906538754e-07,3.6703268019774616e-06,5.630672854578816e-08,7.766347393625746e-06,0.03947903707614467,0.001617984528649091,1.3101048267211937e-05,0.0001777351455899215,6.240765076171652e-07,0.005537875663647852,0.0004473634268085149,0.0027633573390908814,6.161689766773921e-07,0.00010796853928965791,0.04126156835641794,0.034872414356810655,0.00013066092136857776,0.0004579821084571323,9.522354379762395e-05,0.8652036498867341,0.00012154093710982334,4.319848731272139e-09,0.007665095337169904
9,2.950401626824367e-05,2.4271721347397483e-06,1.9144444640930764e-07,3.3047629719309266e-06,5.4790488674779076e-08,7.044759489997706e-06,0.03895741188424019,0.0013500673463551047,1.3321968775991367e-05,0.0001850791731067437,5.569675230620689e-07,0.004453354383178116,0.0003392724251415037,0.002828787588754579,6.503851191274588e-07,9.441914202314715e-05,0.03456313773839104,0.03213109441716649,0.00011257928855779178,0.0004420856971790367,8.897902504259363e-05,0.8753168189213791,0.00011983855993501837,4.730491510124704e-09,0.008960013411839777
10,2.85427234739319e-05,2.219232053502479e-06,1.9522416256126704e-07,3.518798849905447e-06,5.296864452704554e-08,6.8441447355313145e-06,0.03623643261517898,0.0013195561171242733,1.3703465458362833e-05,0.00019552828118845315,5.535947764361129e-07,0.003910185762783133,0.0003156454505650445,0.0029763185184720434,6.618321546325804e-07,8.944275095727153e-05,0.03429657628567266,0.031331858369622705,0.00010123199052835599,0.000459540607732569,8.68186675869432e-05,0.879431223841582,0.00012548039853137186,5.366086752916415e-09,0.009067862992077864
11,2.949470990289915e-05,2.343393757480786e-06,2.0719484606945193e-07,3.7180248440624976e-06,5.5770736582212324e-08,7.150319225331107e-06,0.036979070505008274,0.001398764419481479,1.398998507349166e-05,0.00019563699162008103,5.910602000027633e-07,0.004155753863354835,0.0003499454154629003,0.0030005026813826247,6.747434473770706e-07,9.482273552309558e-05,0.03597348369064929,0.031853140577754534,0.00010704327242207777,0.00046267727906717246,8.856332436228955e-05,0.8763841745072105,0.00012686987949732888,5.4319286856763e-09,0.00877132022324178
12,2.5457870713898518e-05,1.4463396468988329e-06,1.8323744264960744e-07,2.9440619212021878e-06,2.9124182452763573e-08,4.583320884031189e-06,0.031325565951724664,0.0018423297697574466,1.1493932896078162e-05,0.00017729587198946452,4.253302847018899e-07,0.0020840751757672036,0.00027207826499601876,0.0014749508644907195,6.400145772045671e-07,7.786492531588827e-05,0.0306383015661622,0.01726293888056398,9.607244891182336e-05,0.0002992944890282885,6.106063698454682e-05,0.9096848828000526,7.598009243109491e-05,4.541124271404391e-09,0.004580100488150542
13,3.0806229468255727e-05,3.3881550329602863e-06,2.4906836077828317e-07,5.14703358454903e-06,7.551075118951747e-08,8.903876065062638e-06,0.03616783397602754,0.0013569194714259116,1.4037903705150988e-05,0.00018043784567476397,1.1954086434087897e-06,0.006366687842600515,0.0006227291571221119,0.004278140569715577,7.894367263154711e-07,0.00010896525343452393,0.04754100485898372,0.03381122509542143,0.00012473482403644942,0.00041475752168300216,0.000116041600680015,0.8611398364612747,0.00016471413044398813,6.064005642799954e-09,0.007541372705132425
14,2.9569218932430393e-05,2.5610695930576678e-06,2.0321877692843167e-07,3.48187780928773e-06,6.00017132590632e-08,7.370676619723118e-06,0.037839983523209414,0.0013195086190890982,1.3403739441743366e-05,0.0001916658511082294,6.168886314396832e-07,0.004608515185924374,0.0003599511993252547,0.0031099734098776295,6.79583131915237e-07,9.570306382589231e-05,0.034326902312414774,0.03228189243791064,0.00011717410804647796,0.0004573964107170853,9.20880244633605e-05,0.8761258823326142,0.00012361436053041683,5.049802023892994e-09,0.008891797836491208
15,2.85427234739319e-05,2.219232053502479e-06,1.9522416256126704e-07,3.518798849905447e-06,5.296864452704554e-08,6.8441447355313145e-06,0.03623643261517898,0.0013195561171242733,1.3703465458362833e-05,0.00019552828118845315,5.535947764361129e-07,0.003910185762783133,0.0003156454505650445,0.0029763185184720434,6.618321546325804e-07,8.944275095727153e-05,0.03429657628567266,0.031331858369622705,0.00010123199052835599,0.000459540607732569,8.68186675869432e-05,0.879431223841582,0.00012548039853137186,5.366086752916415e-09,0.009067862992077864
16,2.7323828372719583e-05,2.0467042910471067e-06,1.788796863158213e-07,3.3475745060928636e-06,4.8549815516122e-08,6.4270115556569386e-06,0.035590097967108186,0.0011224409566227358,1.2007576741257237e-05,0.00020491912814722622,5.242010507480764e-07,0.004025436039830027,0.00027776737922213026,0.0031907141334515192,5.957901456557756e-07,8.358058660275821e-05,0.033305516686584415,0.035016555736992055,9.012909842642793e-05,0.00046063260109544213,9.467108676244955e-05,0.8766886310821145,0.00012175652857183896,5.16200249272009e-09,0.009674645710300809
17,4.155641020691119e-05,4.7057250895155e-06,4.498786879162355e-07,1.289792998123784e-05,1.2809517032809053e-07,3.6068758727277485e-05,0.13185394990353955,0.004192010238703574,0.0001028350112209619,0.0005073349834452052,1.757881870890661e-06,0.0004230787540831818,0.00023919692767120472,0.0013184799964905299,2.0803662955929883e-05,0.00046567275539314304,0.028320512741116983,0.00279177070137848,0.00022358191324262626,0.00020184578237698061,6.0284699138943266e-05,0.8236971864178836,0.0001718702948513034,5.8452050337043564e-08,0.0053119620847235875
18,7.110721737071081e-05,2.0154908428370475e-05,3.9085196693991685e-06,0.00020818432623873623,1.5176108028754927e-06,5.6282292650813814e-05,0.2860859894395472,0.05812386887771024,8.110056116771533e-05,0.00027194515495793044,1.1647888703483527e-05,0.005599812612726057,0.008963616645332803,0.0025993084130885684,2.3223563362806506e-05,0.001512731075086159,0.07635121641206578,0.00582383817546441,0.0012973894515554258,0.0002969097333767984,0.0004659157620163406,0.5508084829135321,0.000306717470667951,2.3483789443476473e-08,0.001015107490687538
19,3.5827083607500197e-05,1.620093243072406e-06,1.1048188514694377e-07,2.9087583463700173e-06,3.066701624551581e-08,8.165331974990594e-06,0.027559345335569297,0.000584136007758524,1.7575940986374924e-05,0.00030826270072432493,5.837774749703143e-07,0.0022728276550329062,0.00011332896933409855,0.004278678785460428,8.194729056148299e-07,8.435975519785192e-05,0.04118321998321284,0.038835379624651896,5.885903388571196e-05,0.0004754436390367702,8.614587612217753e-05,0.8641499725993252,0.0002498521315563513,1.1704935918473286e-08,0.019692534590755293
20,0.00015754655362671318,4.237440276521305e-06,1.492302511359658e-07,6.4730328088584e-06,1.024910081811089e-07,7.4737190522728354e-06,0.014034410532553691,0.0003946866846502323,1.809176318915156e-05,0.000213426928737237,7.546562877033109e-07,0.04097834236133938,0.001058913589756579,0.006961821445750108,2.510326677779585e-08,0.0003763308055988045,0.14383688737359532,0.687810879585991,6.905817360782907e-05,0.00032908015356345523,3.6712123219758734e-05,0.09397583579471426,7.870846312863851e-05,4.78139313299297e-09,0.009650047212633425
21,3.158843424435981e-05,2.6858597481140615e-06,2.0568848244950123e-07,3.7307686986529198e-06,6.671910109084493e-08,7.071061726535118e-06,0.03544448477846372,0.0011336992705219188,1.3236331240579299e-05,0.0002259968571631544,6.683982754054284e-07,0.005184098967702578,0.0003474041808954244,0.0037880140410345912,6.14874681562777e-07,9.586018702235921e-05,0.034618332008064905,0.03972954857573096,0.00010731610120739082,0.0004912500663405683,0.00010882684265430054,0.8684412003267646,0.00012966323834316868,5.590377063054624e-09,0.010094430831514735
22,3.047382935980977e-05,4.192068080607693e-06,1.970916646185796e-07,3.0316788264257876e-06,1.093603635375151e-07,9.053793212802485e-06,0.06302576252511105,0.0016843830856024715,2.461572660726766e-05,0.00013695934462401238,6.070840192645085e-07,0.004032425770481122,0.00034790834706903987,0.0027376630227751056,1.3759717332023194e-06,0.00010366797063254704,0.023199371322726814,0.02118851091859815,0.00016902896670328103,0.000444309436165843,7.736002161469866e-05,0.8688939071265762,0.00016938332171857477,5.306016881931631e-09,0.013715696909716609
23,2.85427234739319e-05,2.219232053502479e-06,1.9522416256126704e-07,3.518798849905447e-06,5.296864452704554e-08,6.8441447355313145e-06,0.03623643261517898,0.0013195561171242733,1.3703465458362833e-05,0.00019552828118845315,5.535947764361129e-07,0.003910185762783133,0.0003156454505650445,0.0029763185184720434,6.618321546325804e-07,8.944275095727153e-05,0.03429657628567266,0.031331858369622705,0.00010123199052835599,0.000459540607732569,8.68186675869432e-05,0.879431223841582,0.00012548039853137186,5.366086752916415e-09,0.009067862992077864
24,2.4424917887881982e-05,1.4816895636230443e-06,1.4423723022189837e-07,1.960045554666588e-06,2.4841347959452108e-08,5.051449045923088e-06,0.029987835425275045,0.0011335960080062456,1.0335076691114485e-05,0.00016333321999768057,3.2467540027243095e-07,0.002039506798617636,0.00015984649904960196,0.00157670829111789,6.374876360618007e-07,5.1628995954991826e-05,0.025335604927636667,0.01921466649614346,8.178726130578214e-05,0.00034936307087625094,7.088621652274237e-05,0.9118587405042053,9.132636357794596e-05,4.452864919898637e-09,0.007840781048489799
25,3.008974285502183e-05,2.243683360984612e-06,2.2021271200554706e-07,4.299194392987024e-06,5.3196464724240855e-08,6.585841855879046e-06,0.040493592563996136,0.0017245002939109758,1.2834099111300436e-05,0.000191046724699067,6.441145302516743e-07,0.0044352658243023,0.0004314291675866299,0.0028336745873520667,6.530090857088416e-07,9.917709466078678e-05,0.03908248757715494,0.033004938303427045,0.0001113892043064915,0.00045371787614790376,9.483367544836401e-05,0.8697073465514914,0.00012062427586695088,4.910222604980194e-09,0.007158348275057309
26,3.87641929192807e-05,2.659960093239004e-06,2.3284203337867847e-07,4.459988719580165e-06,6.602691963533118e-08,7.91666944395585e-06,0.03819704754180086,0.001692789299567561,2.2047249736327125e-05,0.00021242352752358698,6.214968057029768e-07,0.003712487856618007,0.0003372887080843617,0.0029540116608768154,8.133022723872222e-07,0.00010335967606032067,0.040894659125904946,0.032853618039124795,0.00010744081808223948,0.0005345966766268645,8.619313712877237e-05,0.8670402683386279,0.00017066909184215042,8.155087728282924e-09,0.011025556618099659
27,2.3297785183775265e-05,1.813252447342087e-06,1.6359434648160667e-07,2.8700042175054504e-06,4.572432518512921e-08,5.941530105271523e-06,0.03325658130903499,0.0011812902894220234,1.3591457132206933e-05,0.0001829577573280928,4.5436987979501427e-07,0.0027849345233261387,0.0002310806983081293,0.0025313938001018466,7.079123124887845e-07,7.512309761657953e-05,0.02745768652553733,0.023322070548804016,8.723767774517929e-05,0.0004326275175965566,7.280197866781401e-05,0.8992936699244994,0.00011660466622722025,5.328772196677449e-09,0.008925048727062285
28,2.85427234739319e-05,2.219232053502479e-06,1.9522416256126704e-07,3.518798849905447e-06,5.296864452704554e-08,6.8441447355313145e-06,0.03623643261517898,0.0013195561171242733,1.3703465458362833e-05,0.00019552828118845315,5.535947764361129e-07,0.003910185762783133,0.0003156454505650445,0.0029763185184720434,6.618321546325804e-07,8.944275095727153e-05,0.03429657628567266,0.031331858369622705,0.00010123199052835599,0.000459540607732569,8.68186675869432e-05,0.879431223841582,0.00012548039853137186,5.366086752916415e-09,0.009067862992077864
29,2.85427234739319e-05,2.219232053502479e-06,1.9522416256126704e-07,3.518798849905447e-06,5.296864452704554e-08,6.8441447355313145e-06,0.03623643261517898,0.0013195561171242733,1.3703465458362833e-05,0.00019552828118845315,5.535947764361129e-07,0.003910185762783133,0.0003156454505650445,0.0029763185184720434,6.618321546325804e-07,8.944275095727153e-05,0.03429657628567266,0.031331858369622705,0.00010123199052835599,0.000459540607732569,8.68186675869432e-05,0.879431223841582,0.00012548039853137186,5.366086752916415e-09,0.009067862992077864
30,2.85427234739319e-05,2.219232053502479e-06,1.9522416256126704e-07,3.518798849905447e-06,5.296864452704554e-08,6.8441447355313145e-06,0.03623643261517898,0.0013195561171242733,1.3703465458362833e-05,0.00019552828118845315,5.535947764361129e-07,0.003910185762783133,0.0003156454505650445,0.0029763185184720434,6.618321546325804e-07,8.944275095727153e-05,0.03429657628567266,0.031331858369622705,0.00010123199052835599,0.000459540607732569,8.68186675869432e-05,0.879431223841582,0.00012548039853137186,5.366086752916415e-09,0.009067862992077864
31,3.686174686074153e-05,2.412715824940996e-06,2.3035027345646418e-07,3.7640121447230094e-06,5.4059892628669734e-08,6.382125074564838e-06,0.037726575214098036,0.001709830144845356,1.4871986191527494e-05,0.00019868566255739522,5.324748015169731e-07,0.004470366270883155,0.00038397899058773737,0.0027152024957466095,5.676882171868988e-07,9.027004422187551e-05,0.03856231110814747,0.038151502562708196,0.00011773593231885975,0.000508458380832251,8.939905942826105e-05,0.8660176305344907,0.00012301139612602537,5.258586980273408e-09,0.009069359785140065
32,2.7714209867606596e-05,2.2056196108489865e-06,1.941875165321919e-07,3.3398076217511706e-06,5.256740166220552e-08,6.842031425914183e-06,0.03559671341369887,0.0013141754444793373,1.3288698382615277e-05,0.00019047244342076792,5.451901024267967e-07,0.003873496323611592,0.0003122666128942517,0.002874048789688806,6.699617313619953e-07,8.80364464653733e-05,0.033030036415245496,0.02971565473473945,0.00010605698771737012,0.0004587267282825227,8.55878554664193e-05,0.8833745070247639,0.0001225855702455289,5.1453173809255776e-09,0.00880277779030224
33,2.998623140121577e-05,3.3605766866641297e-06,2.0399695162264246e-07,3.893928730815896e-06,9.938163059051722e-08,9.404785877395747e-06,0.04426791245647371,0.0010638201043311555,2.293607375272314e-05,0.0002402546288986463,6.613879980874736e-07,0.0022834639393767057,0.00014358792002529228,0.0032961906976264584,1.9367191134172885e-06,6.486914387768565e-05,0.018309427672577854,0.017684194712809832,0.0001118423663475442,0.0005442257864254685,0.00017855853480162767,0.8923800969835377,0.0002592679872407329,1.0837482595964536e-08,0.01909979314602434
34,4.100792453846457e-05,3.5011314771272912e-06,2.443530223516119e-07,3.3141685143504123e-06,7.298862699977338e-08,6.930172365490548e-06,0.034324402104826374,0.0014780873179330999,1.8506960461969823e-05,0.00019040093651673628,7.42287960940727e-07,0.004573961022350384,0.0004306503581411738,0.0029155270794979696,7.153655747543156e-07,8.638756715558066e-05,0.03475322052415058,0.030484954361392536,0.00015287629928824895,0.0004423807564317068,8.56854172064939e-05,0.8799667714753242,0.00013494466608386272,6.094434630354829e-09,0.009904708666723938
35,9.584486743842941e-06,1.9795081913762605e-06,1.5755567763297632e-07,3.295067744575534e-06,7.484667963953314e-08,8.863776712198835e-06,0.03272859566329555,0.0006390436018500286,9.105593847691992e-06,0.0001449125905804736,7.309668385331815e-07,0.002646843454264399,0.0001993699793482497,0.004740464631786475,1.513410152503934e-06,6.356148624372249e-05,0.017243684474484055,0.012269911699788097,8.152375311219961e-05,0.0004023064640730375,0.00011425291075580616,0.919357891069101,0.00017339528563260396,5.461471793730757e-09,0.009158932261624366
36,2.8580333339870423e-05,2.2328460530150265e-06,1.9693460836247983e-07,3.5300665169260408e-06,5.3561414708733655e-08,6.857834198644189e-06,0.03633407266611297,0.001309677394195542,1.3670276800367411e-05,0.00019708155074146723,5.57287761538899e-07,0.003906367158588913,0.00031424198597594015,0.003001594588911358,6.679900733590939e-07,8.892055856012955e-05,0.03390632532576027,0.03137880299012117,0.00010165907194225923,0.0004622807351660085,8.800394547446492e-05,0.879577614367042,0.00012580614018259454,5.429912577469954e-09,0.009151198960545889
37,2.2375824623435567e-05,2.326744245668341e-06,1.635237472572342e-07,2.7690888491123695e-06,5.129372198791249e-08,7.009229858555858e-06,0.03559687047234023,0.0013102271698106466,1.3134402469618738e-05,0.000156960449145076,4.93636156664211e-07,0.003554999127473544,0.0002965169633235096,0.0024532975448184804,7.314492642048735e-07,8.404336901846677e-05,0.029241272330737787,0.020826714801531473,0.00010882478848521682,0.0003753645139351571,8.09048938432718e-05,0.8979103907299071,0.00011605089744615294,3.856091328516193e-09,0.00783850289915609
38,2.8194267462908922e-05,2.370203675887748e-06,1.9669251380411684e-07,3.6772897216555423e-06,5.360096033889829e-08,8.890124657465976e-06,0.04561599455666783,0.0014824998789898665,1.2281198767871587e-05,0.00019686672347841354,6.277942094813119e-07,0.004587637714328634,0.0003714807524045414,0.002872791763885212,8.185753122442984e-07,0.00012208692774198044,0.03692847347905837,0.03167512801295656,0.0001251299596418468,0.00047631770120551924,9.969137617075681e-05,0.8667543683091251,0.00013545498226988148,4.905679459400811e-09,0.008498963209114236
39,3.349715787474023e-05,2.842094216470072e-06,2.198725352948689e-07,3.739241281676713e-06,6.747736414958524e-08,6.860468438748487e-06,0.03074694341028348,0.001024556763423849,1.605980886049737e-05,0.00022147758236052212,7.416383297992386e-07,0.004607288023477477,0.00037122536523888,0.004155681970371602,5.912376671372002e-07,8.887257233928096e-05,0.03635186352408022,0.03788801233186892,9.715792809711158e-05,0.00043344314315207016,7.586435660448476e-05,0.8743232833798786,0.00011344819416408482,7.143126716111447e-09,0.009436255314964026
40,2.2304083358113562e-05,2.785499094459923e-06,2.0821376262837232e-07,2.6576988658022473e-06,6.561636572067932e-08,7.122442752717677e-06,0.028866410244766275,0.0008653994647325573,9.927973108304572e-06,0.00015313936885866933,6.13417812698988e-07,0.004689218666647365,0.0002874880039055543,0.003564846421938098,7.167961719016117e-07,6.616773644089497e-05,0.025865583269035933,0.025518007958276516,0.00011207248933703313,0.00039171712048066524,9.15928709505548e-05,0.9009149881417203,0.0001071761054454831,4.455510116641172e-09,0.008459785940661702
41,4.218920264841942e-05,4.437661527443494e-06,2.987942476538628e-07,7.146448558506041e-06,1.1864709032602699e-07,1.117322971121966e-05,0.04688243619263619,0.002089870422103653,3.2421194717013265e-05,0.00025535139940853897,9.231840918760824e-07,0.0043000175726030316,0.0005580629031069664,0.003938716609024179,9.975304697834585e-07,0.00015610236731019772,0.04932891391778354,0.031070913172526502,0.00011898454773492104,0.0004476936050466223,9.27536843488852e-05,0.8500120788692036,0.00017752675206471083,9.074848936042438e-09,0.010470863017187302
42,8.657252531310134e-05,4.42641893529101e-06,2.5480454040375205e-07,1.566493895959995e-05,1.7630105765000647e-07,1.7253750347213646e-05,0.07753043974348363,0.0009426268263805414,4.645111108061962e-05,0.0004828059916446756,1.9044727653547553e-06,0.008517417325533613,0.0004987661320240674,0.01518506805999421,1.0047525025556292e-06,0.00029005823011271485,0.08115426742617259,0.18071011266755557,7.921925064215493e-05,0.0008904712213773923,0.0001427489042902885,0.591774536893192,0.0005354914618228693,3.221004334889667e-08,0.041092228580228464
43,2.5090284377226857e-05,1.6003188922404113e-06,1.6868826373139888e-07,3.091448290280988e-06,4.1566712044606395e-08,5.916634443757251e-06,0.030374529857099423,0.0012447445644173005,1.425035422912766e-05,0.00024505732499519994,4.2410570495570493e-07,0.002229343843969135,0.00020505063756808543,0.0024630611644332863,6.731278603620429e-07,7.828082925904846e-05,0.027237618312874478,0.02358010162493431,8.15753281471903e-05,0.0004782299797511246,7.667940785670524e-05,0.9029478347428055,0.00011228252184940198,6.207679698801808e-09,0.0085943471235865
44,2.85427234739319e-05,2.219232053502479e-06,1.9522416256126704e-07,3.518798849905447e-06,5.296864452704554e-08,6.8441447355313145e-06,0.03623643261517898,0.0013195561171242733,1.3703465458362833e-05,0.00019552828118845315,5.535947764361129e-07,0.003910185762783133,0.0003156454505650445,0.0029763185184720434,6.618321546325804e-07,8.944275095727153e-05,0.03429657628567266,0.031331858369622705,0.00010123199052835599,0.000459540607732569,8.68186675869432e-05,0.879431223841582,0.00012548039853137186,5.366086752916415e-09,0.009067862992077864
45,3.0437665475191822e-05,2.355267084751933e-06,1.9512557106600105e-07,3.4199451273843094e-06,5.553130791811112e-08,6.449778818647598e-06,0.030550305146851097,0.001076227956452151,1.3438069306245133e-05,0.00019970672966832296,5.857006943420716e-07,0.004595089295287299,0.0003084517596693474,0.0034671783516080777,5.429344063031636e-07,8.050859797751474e-05,0.03611911878696724,0.0370489915534829,9.631080531259138e-05,0.0004581727285884608,9.242381826344326e-05,0.875790771103412,0.00012759999326815533,5.552157088522731e-09,0.009931657803242787
46,3.87712006997739e-05,2.1983834993880207e-06,2.398641731474591e-07,4.854366253426616e-06,3.979752713977721e-08,8.855131165335943e-06,0.031279246061262304,0.0019463692095809018,1.4440070540312165e-05,0.00020519133726908229,6.099452781953672e-07,0.004762654498354848,0.00042587164106098276,0.0025141652515139217,5.710102304352466e-07,0.00011802725846706195,0.06489040343298905,0.03799512311995863,0.00010056276222712857,0.00047309052257952274,9.490192976517122e-05,0.8484236053546408,0.00013900114253706395,6.037631066513126e-09,0.006561200670795508
47,3.123030984081145e-05,2.24277400803134e-06,1.5802148886522217e-07,1.7761200196365176e-06,3.7358702026906135e-08,4.768327165010301e-06,0.029588906072260394,0.0012194716701109955,1.065990346764712e-05,0.00014843507252856482,3.885526364352515e-07,0.003998282249806531,0.0002623413350302601,0.001753905864727471,4.679789317980588e-07,6.373781079393273e-05,0.028354782889751268,0.026780865797857916,0.00011894065730951308,0.00035538633198189625,6.824246623697976e-05,0.8997253739047947,7.775092037321904e-05,3.2454680397563824e-09,0.007431844364707986
48,1.4267143061687248e-05,1.3839996505204973e-06,1.0703271373074326e-07,2.345153132849734e-06,7.03700085433411e-08,2.494784037295841e-06,0.01714169163951126,0.00023539531414631338,1.0009749354433211e-05,0.00028452466493688065,4.486273150209183e-07,0.002452978979475972,8.309621231864844e-05,0.007802174401222589,3.811816555317517e-07,2.6122970164164592e-05,0.01095099040571409,0.034890753917981986,3.419332675620097e-05,0.0004947535859893306,0.00011160033135137483,0.9054763299419746,0.0001142937580525501,7.580047007401742e-09,0.019869584929427756
49,2.337417725053811e-05,2.056543592696385e-06,1.898892079072999e-07,2.8366452819264058e-06,4.680558024877956e-08,6.3499424851085225e-06,0.02927361482664059,0.00105995520030654,1.0120224810182915e-05,0.00016525132515324875,5.007097929348406e-07,0.00402857956552928,0.0002735565672549437,0.0028589840067816,5.899362258344359e-07,6.944219491416741e-05,0.030128066601680676,0.02765986266917467,9.643623685340753e-05,0.00041711568693026855,8.538357934962277e-05,0.8960548457324392,0.00010274345802547625,4.451463302882646e-09,0.007680093023275545
50,2.822080441023613e-05,2.165167564474828e-06,1.9104211723997465e-07,3.4356150811268476e-06,5.18765209051062e-08,6.687204566527726e-06,0.036580767926471844,0.0013146322913939938,1.3612027248773319e-05,0.00019649380467598378,5.386872872308279e-07,0.003782523738345719,0.00030768679464576867,0.0029188442903918133,6.598074241107037e-07,8.861888888363748e-05,0.033417233096890514,0.03091739339648668,0.00010055824389624097,0.00045825631262529884,8.525903118328338e-05,0.8805368025289705,0.00012335918142837135,5.2998514589734986e-09,0.00911600294163827
51,3.1566901009875524e-05,2.965038390715722e-06,2.5807300222196775e-07,5.170819610519358e-06,6.68048266718423e-08,7.543072353242302e-06,0.036798022796557014,0.0016772554322967998,1.6304604357136603e-05,0.00020464053338958783,7.07826347208866e-07,0.004145880861367988,0.00044977428014941377,0.003281877998474941,6.965885093181109e-07,9.656980966537973e-05,0.041608560811785524,0.02941012994854719,9.597840654726322e-05,0.00037784397893993865,9.481472190607153e-05,0.8744522836424855,0.00011665291465618207,5.978712146043873e-09,0.007124428156112113
52,2.693455874152024e-05,2.302038887595154e-06,1.8857732108580728e-07,3.245888075779086e-06,5.309697460894831e-08,6.687799516940498e-06,0.036103660286991975,0.0013118869341787996,1.341188200864262e-05,0.00017685393160216296,5.282462256798467e-07,0.0038549187660614033,0.0003019150267638882,0.0027844821500064504,6.838847127244048e-07,8.225976956139178e-05,0.032109511088274784,0.02795078950452194,0.00010300581861520003,0.0004314161855863141,8.820770537707907e-05,0.8855640342216831,0.00012404670231910798,4.849706654868508e-09,0.00895897108628509
53,6.175775655321984e-05,8.552569463892822e-06,5.782802676495957e-07,2.5139899235386867e-06,7.44281566619627e-08,6.2262517506204115e-06,0.00421537542346387,0.0005399838961301801,5.951957501418952e-06,0.00015862841019169847,1.1255560296610882e-06,0.02337844879553812,0.0007800136981450337,0.005088655378566632,1.1358969479331584e-07,3.2112812384986674e-05,0.07198485190016093,0.05712589514189204,0.00016654536462267893,0.00024028212001069396,0.00015043790500278632,0.8326331299013988,4.607744856970309e-05,3.360946864130132e-09,0.003372664063633329
54,1.526974201119199e-05,8.389849477383701e-07,6.850452384739992e-07,2.661839590582798e-05,4.076318717676097e-08,8.598116722299442e-06,0.01941361627163082,0.0036787832438267233,7.519225956030322e-06,0.00015323004609494345,2.0944213299586884e-06,0.0026972621047842956,0.00090845649785223,0.003727844790492915,1.265746106483141e-06,7.294627419305956e-05,0.07483198582576656,0.014953437318182793,8.66343549270197e-05,0.0005777945713558132,0.00020474722064117373,0.8769359817806189,0.00024608989240800807,1.4877570103959452e-08,0.0014482444882492128
55,4.494492719801261e-05,4.0893816530458664e-06,2.1473934920945674e-07,3.5859563219795503e-06,9.240764219512149e-08,6.756112533878852e-06,0.046154336557759176,0.0013044946137402403,1.801436250500021e-05,0.0001821678101083391,7.290450282130446e-07,0.008323623095116216,0.0004600524221635736,0.0036257317019634232,5.660542121158742e-07,0.00010536127258854279,0.0388039761709797,0.053752988586125296,0.0001376071317915014,0.0004663560765275328,0.00010684551448594165,0.833390912055667,0.00013644158884928078,5.014071638630948e-09,0.012970107401619127
56,2.9730214202948884e-05,2.3850240002178745e-06,2.078598885812807e-07,3.678206134703259e-06,5.656061399238627e-08,7.098030894243426e-06,0.03679740897808059,0.0013732575397049944,1.403798738369662e-05,0.0001956586355436743,5.966454989268807e-07,0.00419619000920545,0.00035091328822614684,0.0030383265284648626,6.700607908877704e-07,9.362448438235718e-05,0.035553064767844915,0.03208343971730664,0.0001076997700294085,0.00045991415379935564,8.817652231256453e-05,0.8766266436708525,0.00012558561398005397,5.4595068453358765e-09,0.008851630271351437
57,2.358173855788298e-05,2.2358559153145735e-06,1.8089037481517732e-07,2.2379042985591886e-06,4.721118400595377e-08,5.73307730038488e-06,0.02925311224780437,0.0011917726576313736,9.240987694355822e-06,0.0001439016262920366,4.7119476673422516e-07,0.0047865863307098265,0.00031846730392845034,0.002314253404191271,5.273727762384802e-07,7.018760430730312e-05,0.02835710535675952,0.025660697465706192,0.0001273578868182816,0.0004055273647909952,8.534635676422491e-05,0.9003306342454818,9.122227655833632e-05,3.100253193746639e-09,0.006819568539134515
58,2.9094241313606097e-05,2.2581607978530827e-06,2.037745346032779e-07,3.6206200814845333e-06,5.453374595798265e-08,6.951502595537224e-06,0.0360981953380133,0.0013210581552887113,1.415829616689703e-05,0.00020082939997958794,5.788705858957999e-07,0.0037970525424217846,0.0003171497705612759,0.0030066133443187397,7.005311567613255e-07,9.040584138457426e-05,0.03406897196777797,0.03086260928202387,0.0001015033387103641,0.00046551301979045907,8.685804706222856e-05,0.8802313841961386,0.00012807688119697463,5.88084012934398e-09,0.009166152463512862
59,2.8313647553805548e-05,2.128269125041373e-06,2.035750174826385e-07,3.5817013043043656e-06,5.2398294332666226e-08,6.789142756378562e-06,0.03449230531898249,0.0012714024998419528,1.3844807527499633e-05,0.00020806833209257526,5.549854100670394e-07,0.0035717482907617207,0.0002925854382119863,0.0029994535316223737,6.917646706545078e-07,8.708336197275007e-05,0.03310054514360762,0.030499116143850882,9.644002444459788e-05,0.0004747197398079765,8.654405394475112e-05,0.8834784614632395,0.00012512812772628627,6.130983881928899e-09,0.00916023210724899
60,2.85427234739319e-05,2.219232053502479e-06,1.9522416256126704e-07,3.518798849905447e-06,5.296864452704554e-08,6.8441447355313145e-06,0.03623643261517898,0.0013195561171242733,1.3703465458362833e-05,0.00019552828118845315,5.535947764361129e-07,0.003910185762783133,0.0003156454505650445,0.0029763185184720434,6.618321546325804e-07,8.944275095727153e-05,0.03429657628567266,0.031331858369622705,0.00010123199052835599,0.000459540607732569,8.68186675869432e-05,0.879431223841582,0.00012548039853137186,5.366086752916415e-09,0.009067862992077864
61,2.8002111386785402e-05,2.1322135651014835e-06,2.0782351767943193e-07,3.620620781095152e-06,5.124565064348963e-08,6.924175986264295e-06,0.03430825734447951,0.0013009826014690827,1.3320883036408524e-05,0.0002016604294506166,5.528419816217659e-07,0.003636868609506562,0.00030009704751429565,0.002973318649025978,6.87962294725852e-07,8.598297451390739e-05,0.03388030871231234,0.030191903220990246,9.727382168050443e-05,0.00046794110398323797,8.742168148554695e-05,0.883515986378173,0.00012362978576443262,5.904932740958168e-09,0.008772861856517744
62,2.85427234739319e-05,2.219232053502479e-06,1.9522416256126704e-07,3.518798849905447e-06,5.296864452704554e-08,6.8441447355313145e-06,0.03623643261517898,0.0013195561171242733,1.3703465458362833e-05,0.00019552828118845315,5.535947764361129e-07,0.003910185762783133,0.0003156454505650445,0.0029763185184720434,6.618321546325804e-07,8.944275095727153e-05,0.03429657628567266,0.031331858369622705,0.00010123199052835599,0.000459540607732569,8.68186675869432e-05,0.879431223841582,0.00012548039853137186,5.366086752916415e-09,0.009067862992077864
63,2.8878872781604198e-05,2.288661731140452e-06,1.9676664777582606e-07,3.4871538038201194e-06,5.3858871353134694e-08,6.868243100135133e-06,0.03621378842495,0.0013170582066963147,1.382982444818143e-05,0.00019414537781451777,5.597383100374883e-07,0.003951459856679307,0.00031877664287117215,0.0029602148996608116,6.659197221725169e-07,8.917914087096875e-05,0.03417667401421846,0.031065479956815363,0.00010246632175367275,0.0004520130285988563,8.67997061743888e-05,0.8798384291103007,0.00012427126040633353,5.361899246977046e-09,0.009052409650873445
64,2.7352414707429237e-05,2.2679137854120407e-06,2.0212083875983364e-07,3.5193955774713815e-06,5.3943981729207356e-08,6.896556482257401e-06,0.035917838996298086,0.0013059707795687703,1.297511724914999e-05,0.00019308082355721167,5.605381365449196e-07,0.003853778238742318,0.0003047929685115165,0.002902181731420846,7.015907802731509e-07,8.417244057288421e-05,0.032462105336800245,0.02921551446977218,0.00010208286984114759,0.0004569910792971491,9.725491586694098e-05,0.8840375470493373,0.0001268641632259826,5.31519723802044e-09,0.008885289230451232
65,2.189112304148971e-05,2.0449508181284034e-06,2.160122923074332e-07,3.967781832977147e-06,4.9390143884147976e-08,7.89139845687552e-06,0.03602515659702354,0.0014106165178774494,1.2568536048502416e-05,0.0001772264430731744,5.638101307518338e-07,0.0027363030932357397,0.0002799538648376386,0.0027872735889135913,9.580308324864472e-07,7.65649980090817e-05,0.031009286264060562,0.020117378294450667,9.290448454590195e-05,0.0004207668096967224,9.366188508765319e-05,0.8968453994093,0.00013669248730550758,5.808530632507342e-09,0.007740658420454758
66,2.5852863108652968e-05,2.2268007048375094e-06,2.1588530969188985e-07,4.400589351253177e-06,6.198061973391714e-08,5.724264729688654e-06,0.02563009505167818,0.0009396863392765618,1.080072803815877e-05,0.0002486084761620875,7.555332456585759e-07,0.0049836709167779755,0.00039215526110921193,0.0043678573789057585,4.44686234984276e-07,8.933416778251268e-05,0.03854401921657293,0.03727257405216151,8.462055843263715e-05,0.0004037529321839055,0.00010427562634563954,0.8794766134334645,0.00010185190480868427,5.694523278334042e-09,0.007310395658471806
67,2.4555172664210957e-05,1.9001926598242427e-06,1.822030923065862e-07,3.3520025562311568e-06,4.74838128696099e-08,7.035161668661344e-06,0.03226205003928183,0.0010767807604093764,1.1850283293152507e-05,0.0001931842780732321,5.381253435121071e-07,0.003660453989564318,0.00025752025928631504,0.0032617703847500276,6.780945554151855e-07,8.028573156277956e-05,0.032766245241516286,0.030418476026400913,8.949548885026075e-05,0.00048383384812420414,9.06238194873012e-05,0.8858384476355045,0.0001331743901312572,5.759127041853005e-09,0.00933751362828431
68,3.241512487723283e-05,2.3286674845900525e-06,2.2582964504530926e-07,5.019493357171714e-06,5.744249057525776e-08,7.942088143219004e-06,0.04681643823358908,0.0016393301545898885,1.3274973992886705e-05,0.00020494832139482047,6.68057083787731e-07,0.006008362642256269,0.0004912618068269794,0.003775419241740932,5.815052343364408e-07,0.00011701103589119908,0.045597368276180765,0.050713358700456554,0.0001097426798929827,0.000549871712091261,0.00010981158253686985,0.8343227622588577,0.00014625960493676839,5.205809942337122e-09,0.009335535360639153
69,2.768569772561806e-05,2.1709402682848587e-06,1.935787659626947e-07,3.4171450632454875e-06,5.184783015011038e-08,6.813693145086728e-06,0.03545280418172322,0.0012967576605106548,1.2971563351602345e-05,0.00019069792307803795,5.52007127412346e-07,0.003977344409689538,0.0003135709712613372,0.002962015053928006,6.560080013990002e-07,8.706014155154626e-05,0.03369286683950455,0.031002183227754863,0.00010288438356299663,0.0004652615053893152,8.839947976915528e-05,0.8813460124811309,0.00012486214892420063,5.178770561620533e-09,0.008842761932172401
70,2.7634882356152393e-05,2.290091299165529e-06,1.8002631548889707e-07,2.5798084590849804e-06,4.5677024275294476e-08,5.869143339935108e-06,0.034165083914665044,0.00121520749574617,1.1294856327725311e-05,0.00017165426494882566,4.944142729890988e-07,0.0036543131387332672,0.00028077403666710747,0.002403346413849246,6.326302759299613e-07,7.011656247797753e-05,0.02825251461817857,0.02610162174774794,0.00011102936277758628,0.0003881710384658831,8.558370020341003e-05,0.8946615463480202,0.00010263241742939414,4.186655502690644e-09,0.008285379223763066
71,3.6248898798609265e-05,2.6311788570540693e-06,1.951792782661491e-07,4.015031648710684e-06,6.621440880588141e-08,6.907515877730969e-06,0.040707746169386216,0.0015272182118679003,1.8595820987249996e-05,0.00022206552765445132,6.230783410070254e-07,0.004619077846058218,0.00037994268074712217,0.0031677264546208636,6.398985118620345e-07,0.00011405563143707482,0.039111004385462514,0.03878715560980835,0.0001064110697791397,0.0005084804544658425,8.713323213339444e-05,0.8601214547318159,0.00013958158889405318,6.156403369326315e-09,0.01033101743275613
72,3.5695231557712013e-05,2.59832679840264e-06,2.278833496856775e-07,4.876707384912228e-06,6.727100153683369e-08,8.73362966003616e-06,0.048862512391300836,0.0016808129187721261,1.744410477800287e-05,0.0002420000932190019,6.781464264356812e-07,0.004425141636859829,0.00040067810671844497,0.003284913451039905,7.960414950859466e-07,0.00013013374018936908,0.04043318842094598,0.038928216348435345,0.00011489189264449862,0.000543911062732864,9.872883559216151e-05,0.8505871299515158,0.00014576743025027292,6.9308585723731e-09,0.010050849446473458
