,0,1,2,3,4,5,6,7,8,9,10,11,12,13,14,15,16,17,18,19,20,21,22,23,24
0,0.006367287048428111,0.0007138990337767196,1.8947222429000806e-06,0.0009353759206903925,5.313385297457331e-06,2.708928713564957e-07,0.00010243447619064267,0.0001273857384553605,2.6351998304446296e-10,4.312805943181488e-05,1.1101876157544283e-05,0.01657914606033996,1.5023530665709042e-06,0.0014821352534943471,7.527917008671712e-08,1.9396784375830927e-06,0.005173272854243763,0.849570833165167,1.8282918951766988e-06,2.23007873227564e-06,0.0008433353597801289,0.10933933271638767,0.008122527735770515,0.00020061456970831294,0.00037313518674416416
1,0.006996526033524503,0.0008471483547086728,2.181390717499333e-06,0.0011220708274172588,6.311117913723627e-06,3.5095161970498743e-07,0.00012071624582918947,0.0001627979354009631,3.859601646923127e-10,6.645576488842938e-05,1.0990654967774997e-05,0.01755188461617263,1.49442921207353e-06,0.0018484785118126701,1.0433939472102504e-07,3.1106300157725343e-06,0.005575456593977474,0.819646338170518,2.8814541135711926e-06,2.6429046826882875e-06,0.0012183698274771985,0.13472312584341553,0.009356609966569337,0.00020116145115189578,0.0005327915985386634
2,0.0065470038733432805,0.0008864700382745928,1.7286729659093076e-06,0.0010447954160146093,5.862391852674041e-06,2.8812749286224823e-07,9.65378484973997e-05,0.00013648233102010783,2.6450220373275053e-10,5.111465646992871e-05,1.0162470330225713e-05,0.017061401998678002,1.403065432189654e-06,0.0017675569745052406,1.0553335614418103e-07,2.287475895786357e-06,0.006877188105272552,0.7991632675910361,2.1448051646697865e-06,2.181534139464177e-06,0.0010725781097628338,0.15362621384489025,0.010962211678160147,0.00019696805625539965,0.00048404513668750865
3,0.0058593111033691725,0.0007504395325240975,1.6316299765902884e-06,0.0009726527243679059,5.1400301657941425e-06,2.393952394398464e-07,8.835590366114128e-05,0.00012335120226773772,2.2098689366391477e-10,4.4652650176829326e-05,9.670792248372515e-06,0.015787477565232216,1.2699588631479382e-06,0.0014817199243598326,7.280818167518995e-08,1.7873461251435521e-06,0.005467825233114924,0.8444748388051537,1.759959023519753e-06,1.9295073954408956e-06,0.0009508013608812183,0.11484759996368958,0.008525074592015664,0.0001886588348746175,0.000413738956105264
4,0.005693519281309647,0.0007650547696455348,1.700654160926145e-06,0.0009894395564766629,5.5996122685495175e-06,2.6306561408031636e-07,8.986257581451402e-05,0.00011847464799399725,2.269272852271906e-10,4.512247026569027e-05,9.885546763017999e-06,0.016311677534668903,1.4453340227193587e-06,0.0016529958996829095,7.385285262177255e-08,1.8446677270922322e-06,0.0051871295929691325,0.8435903547305964,1.7579095029563897e-06,2.037719302481726e-06,0.0009119640612868301,0.11525308441456,0.00878878921692855,0.00018463938875530717,0.0003932832699041287
5,0.00477797183552934,0.0006739252739093072,1.3261250122239735e-06,0.0009594518604300074,4.557442508886342e-06,2.0325566550032908e-07,7.420505668322417e-05,0.00010903043883580258,1.6840975114418953e-10,4.0398421319914905e-05,8.445143394526863e-06,0.01333149782542147,1.1620803591470626e-06,0.001259160170222155,5.5832005073607e-08,1.4079121849624442e-06,0.004867890349512768,0.8690053267552805,1.3473822475218766e-06,1.72293016448101e-06,0.0008559317281082096,0.09550415432118964,0.007987531011945626,0.0001788311639623296,0.00035446551569741423
6,0.0058593111033691725,0.0007504395325240975,1.6316299765902884e-06,0.0009726527243679059,5.1400301657941425e-06,2.393952394398464e-07,8.835590366114128e-05,0.00012335120226773772,2.2098689366391477e-10,4.4652650176829326e-05,9.670792248372515e-06,0.015787477565232216,1.2699588631479382e-06,0.0014817199243598326,7.280818167518995e-08,1.7873461251435521e-06,0.005467825233114924,0.8444748388051537,1.759959023519753e-06,1.9295073954408956e-06,0.0009508013608812183,0.11484759996368958,0.008525074592015664,0.0001886588348746175,0.000413738956105264
7,0.005887971200335992,0.000832639206598331,1.8098424431871891e-06,0.0008218277148092088,3.905111817478548e-06,1.835811540623236e-07,0.00010427345293241202,0.00011898711556027053,2.3343293885484253e-10,3.4377124392711944e-05,1.1786703677075241e-05,0.014459352605280579,1.8856720091693412e-06,0.0011553210589009223,5.794745777142699e-08,1.1764031393161213e-06,0.004942543974763396,0.8712389592006023,1.384294065243917e-06,2.359864236265724e-06,0.0006043965249633174,0.09321945873421161,0.006033347506166038,0.00022610217429328493,0.00029589275275720614
8,0.005838826324514336,0.0007467431108035618,1.6162278827429457e-06,0.0009589872533917023,5.104983062569501e-06,2.3995545641692494e-07,8.79423735366569e-05,0.00012197483046546076,2.2062757148785116e-10,4.420893907450821e-05,9.737438596699256e-06,0.015746391521517387,1.2652850500866292e-06,0.0014667634548200337,7.271103353515271e-08,1.771364732205987e-06,0.00544096382769953,0.8449248366848443,1.7550661357047403e-06,1.9143760651991423e-06,0.0009440698827438679,0.11461743018787136,0.008442107250362424,0.00018714393776240703,0.00040813279194977303
9,0.0059397805449290615,0.0008213851865138723,2.1233417882199406e-06,0.0012046301374920444,5.522067793679698e-06,2.1254655776213146e-07,9.688869553279756e-05,0.00015335328388816242,2.4711088582155775e-10,5.104496848039042e-05,8.805373187277182e-06,0.015611844939865512,1.494286332481471e-06,0.0015744759369830295,6.820526003233629e-08,1.8484249518890732e-06,0.0056464446310559805,0.8535171414053937,1.6664049491103465e-06,2.3894598095013706e-06,0.000963055493924134,0.10496989132563514,0.008685427615170608,0.00024254759760668627,0.0004979578797879247
10,0.0058593111033691725,0.0007504395325240975,1.6316299765902884e-06,0.0009726527243679059,5.1400301657941425e-06,2.393952394398464e-07,8.835590366114128e-05,0.00012335120226773772,2.2098689366391477e-10,4.4652650176829326e-05,9.670792248372515e-06,0.015787477565232216,1.2699588631479382e-06,0.0014817199243598326,7.280818167518995e-08,1.7873461251435521e-06,0.005467825233114924,0.8444748388051537,1.759959023519753e-06,1.9295073954408956e-06,0.0009508013608812183,0.11484759996368958,0.008525074592015664,0.0001886588348746175,0.000413738956105264
11,0.005778651639901018,0.0007559033118771093,1.648872395804781e-06,0.0009700479692017897,5.151832190893011e-06,2.3694813913120738e-07,8.775140853396328e-05,0.00012301198239919158,2.2394421806088938e-10,4.412676825059423e-05,9.68401363528446e-06,0.015864479001539533,1.358101619333001e-06,0.0014705480322648762,7.147074069467948e-08,1.7170247887696806e-06,0.005459380035208611,0.8463268046286148,1.7102174658292483e-06,1.9739981281326852e-06,0.0009078865281365713,0.11327255505921136,0.008321767670999486,0.00019173347890625962,0.0004017997819067705
12,0.011548456190080696,0.0010439169113721303,4.0992767617507115e-06,0.001342336912131521,4.6000326539121255e-06,2.863443730018705e-07,0.0002430855627811895,0.0003580832340763377,1.0636175675846754e-09,7.728362906813465e-05,1.9141756144168453e-05,0.0182562164865811,2.0360020049717955e-06,0.0012007835489317232,1.4449691147142277e-07,3.5515864575396632e-06,0.007454749218919214,0.8306251108789496,4.707325051947303e-06,5.269588604049745e-06,0.0013311638029792257,0.11878529800869131,0.006568806065775051,0.0003616285838438248,0.0007592434932384435
13,0.007180564346568264,0.000730725763861683,2.205719906281283e-06,0.000986437230643319,6.805959871198561e-06,2.3523407005472388e-07,8.586788683781649e-05,0.00013279233014926956,2.623170629605136e-10,3.188482327483674e-05,1.518549962593195e-05,0.030852769339942947,1.5401586792732893e-06,0.002075300121103674,9.241819218859429e-08,1.559091287126872e-06,0.007494978328746345,0.8001004675948101,2.3558692834589206e-06,1.880361117147211e-06,0.001103428170839447,0.14072546616451792,0.007879005550650311,0.00016299253059333038,0.0004254592431109044
14,0.00240817309031394,0.0010222107879595032,8.046169860401858e-07,0.0007130584675599966,4.037192859549727e-06,1.9701749501239288e-07,6.346210245289263e-05,9.449779025971167e-05,1.4587938371131608e-10,5.5036289782862744e-05,7.782956051324204e-06,0.006530380424992491,1.2868578915660346e-06,0.000850004476430443,4.494982740331916e-08,9.473860893645942e-07,0.0030311480580518715,0.8903043576360061,1.1068324815895397e-06,1.6199283201593493e-06,0.0007082947558197482,0.08823515899340659,0.0055887569043193384,0.00018225231175688497,0.00019538002700624098
15,0.0058593111033691725,0.0007504395325240975,1.6316299765902884e-06,0.0009726527243679059,5.1400301657941425e-06,2.393952394398464e-07,8.835590366114128e-05,0.00012335120226773772,2.2098689366391477e-10,4.4652650176829326e-05,9.670792248372515e-06,0.015787477565232216,1.2699588631479382e-06,0.0014817199243598326,7.280818167518995e-08,1.7873461251435521e-06,0.005467825233114924,0.8444748388051537,1.759959023519753e-06,1.9295073954408956e-06,0.0009508013608812183,0.11484759996368958,0.008525074592015664,0.0001886588348746175,0.000413738956105264
16,0.010531179813742457,0.0007809104334922692,5.28459567127118e-06,0.0009468370327216375,7.51036883697258e-06,2.635290842532847e-07,0.00012306334565594134,0.00016842101937154945,4.711650205369283e-10,2.7700225922921005e-05,1.4370933684212832e-05,0.02984606508252823,2.6767917267984876e-06,0.0018222387596062255,1.1617482238842025e-07,1.6726290211382614e-06,0.009465813614629935,0.7840468232310146,1.5656082692819753e-06,3.4007001592147455e-06,0.0005079508341015555,0.1512052180269968,0.009614204250423116,0.0003649082782476851,0.0005118042491044972
17,0.013445740240248074,0.0019924903403387585,3.456818153173638e-06,0.0003260849361863886,4.974446923011402e-06,4.2455849185612046e-07,0.00024588684324397417,0.00039181322374255825,1.904613041238383e-09,0.0001307353306296903,2.582360768912574e-05,0.011785543977307534,1.2386105582202545e-06,0.0003946840656082889,6.2779223930085e-07,4.933041618639356e-06,0.017197031498656618,0.5813346465638669,7.801345685578505e-06,2.8770413318102605e-06,0.0015505227480727252,0.36578135541440737,0.0042287722840721395,0.0007019848288215332,0.00044054853749372533
18,0.004821371822605229,0.002042440581226851,1.4410524430603654e-05,0.013236414050796404,0.0001999175906893153,3.4246201471209294e-05,0.0012090695124397394,0.0014813054834336534,1.3690948863611673e-08,0.001126548122853277,0.000208778162935713,0.020518525427585074,7.378843581937638e-06,0.021258282075429645,1.829678520561085e-06,0.00019623309442341286,0.00216834876219442,0.6468368192427437,8.781407383654461e-05,6.0157676973904384e-05,0.011443794842991043,0.18619111321420703,0.08596842112762862,0.0002125970958317142,0.0006741691002215329
19,0.007049462689690137,0.0006170997568732056,2.5955661737974053e-07,0.0006819032453492134,9.74759628163922e-07,2.3440237166893461e-07,0.00012035198515524567,4.7281531051663544e-05,6.131356344279464e-11,3.988665801484591e-05,8.04816736730122e-06,0.0027847522451438693,2.292730742189439e-07,0.00047994589379797206,7.593083384976662e-08,2.9704639398088855e-06,0.003542034864342413,0.9125011151791996,9.964156037206229e-07,7.622029695044054e-07,0.0014471496454236798,0.04704255569873065,0.023077360006559314,0.0001541907460895444,0.0004003586208596736
20,0.005272017195398942,0.0008393846100539973,1.553781726290627e-06,0.0009336462002848367,5.741729109196799e-06,2.1650770713628688e-07,7.666965511050044e-05,0.00014734283018204305,2.3799540721828143e-10,4.883728005152751e-05,8.811567324842165e-06,0.015723670332385337,1.2844335531249911e-06,0.0014027094004163403,8.21556334929988e-08,1.5855608125395158e-06,0.006691741438356013,0.8045760503379705,1.919357251070862e-06,1.852547764598024e-06,0.00098089067090389,0.15465397983734291,0.008033595025892406,0.00019926683127323753,0.0003971504754999292
21,0.006078147467249325,0.0006413961882390764,1.604842345058974e-06,0.001026610668786843,4.832791046737753e-06,2.658484092046354e-07,9.656490808007686e-05,9.439412543692008e-05,1.7631173960876974e-10,4.1122651666335854e-05,9.641640175331274e-06,0.01789731652325782,1.4268212363484547e-06,0.0017965208953180593,5.802723487006602e-08,2.0663499033614517e-06,0.004202521450868699,0.8702039187840711,1.5267934123877473e-06,2.004491655688915e-06,0.000901463075162113,0.08723517441829746,0.009228235885528166,0.0001579608140957427,0.00037522436221163537
22,0.011354746316874203,0.0023738526657571105,4.1998990794945935e-06,0.002057033922275327,9.361169418889468e-06,4.146702810645532e-07,0.0002696725369110648,0.0002125948845600402,6.87225896798184e-10,0.00016304714370027064,8.250033411000087e-06,0.02153991688669037,4.711426416598432e-06,0.0033103186465237152,2.1257752155507471e-07,3.9961267432008415e-06,0.007395428133420044,0.7562783884800209,2.46694299046759e-06,3.6628150394728493e-06,0.0009786599154275881,0.17275915580893134,0.019113036102193958,0.0006126686967877627,0.0015442035117986862
23,0.0058593111033691725,0.0007504395325240975,1.6316299765902884e-06,0.0009726527243679059,5.1400301657941425e-06,2.393952394398464e-07,8.835590366114128e-05,0.00012335120226773772,2.2098689366391477e-10,4.4652650176829326e-05,9.670792248372515e-06,0.015787477565232216,1.2699588631479382e-06,0.0014817199243598326,7.280818167518995e-08,1.7873461251435521e-06,0.005467825233114924,0.8444748388051537,1.759959023519753e-06,1.9295073954408956e-06,0.0009508013608812183,0.11484759996368958,0.008525074592015664,0.0001886588348746175,0.000413738956105264
24,0.006691715467547743,0.0007626747980714642,1.8000513311978824e-06,0.0009279365760900384,5.076058413890554e-06,2.4152459802152624e-07,9.643794370098072e-05,0.0001331061533611069,2.534405735970091e-10,4.475402971737228e-05,1.0398961050978012e-05,0.01644860801944306,1.2656188080848056e-06,0.0013979329562262286,8.39090429982585e-08,1.9168680149370578e-06,0.0062133717641671485,0.834842550351883,1.881375980581096e-06,1.9617234460439016e-06,0.0009781694712378815,0.12222114995300205,0.008564978294400706,0.0002123350889855754,0.00043965278803830026
25,0.0057961356751274305,0.0006252294402828364,1.7368304771951784e-06,0.0011934255208343612,4.769500083295801e-06,1.5760981419542562e-07,9.393149881116398e-05,0.00017229365771559343,2.0386480586909254e-10,3.6470542505284336e-05,1.1570189991719212e-05,0.018337889158414642,1.5147630262840487e-06,0.0012200256167233716,5.153688373867538e-08,1.2941565731467156e-06,0.00636171843901495,0.8669736816026641,1.7445652578551398e-06,2.237472155917698e-06,0.0008900869771651375,0.09067871953219842,0.007056584149726862,0.00021001210775797475,0.0003287192529296852
26,0.0057400751018774525,0.0006123205143526999,1.5440842033019716e-06,0.0007174265455050258,3.624409742151715e-06,1.4211930444997513e-07,7.308737423763868e-05,0.00010908555075688551,1.7315743147112844e-10,3.025362469703195e-05,8.01811154358878e-06,0.012668581006279087,1.2376298106600436e-06,0.0008216979475546791,5.064551593411197e-08,1.0026012952128976e-06,0.006107072139222147,0.8781708979357561,9.992913471148053e-07,1.5273243671530228e-06,0.000611851503200605,0.08767856857755905,0.006079484786789247,0.00025782706671679124,0.00030362393520850064
27,0.006610349129424551,0.0008629001275830894,1.872621166497298e-06,0.000960748586981363,5.639164975941956e-06,2.6277939873810553e-07,9.193767715173365e-05,0.00016508385156868607,3.4461225950262757e-10,5.6365962240508525e-05,9.352331996798357e-06,0.015417469898235055,1.25982088231502e-06,0.0013938889522295613,1.0134345202551629e-07,2.0834198520264624e-06,0.006689512456504434,0.8044586339974541,2.340955602816458e-06,2.1195771747848764e-06,0.0010446505075913028,0.15337649181128976,0.008097313264842178,0.00021948068545358143,0.000530140732335788
28,0.0058593111033691725,0.0007504395325240975,1.6316299765902884e-06,0.0009726527243679059,5.1400301657941425e-06,2.393952394398464e-07,8.835590366114128e-05,0.00012335120226773772,2.2098689366391477e-10,4.4652650176829326e-05,9.670792248372515e-06,0.015787477565232216,1.2699588631479382e-06,0.0014817199243598326,7.280818167518995e-08,1.7873461251435521e-06,0.005467825233114924,0.8444748388051537,1.759959023519753e-06,1.9295073954408956e-06,0.0009508013608812183,0.11484759996368958,0.008525074592015664,0.0001886588348746175,0.000413738956105264
29,0.0058593111033691725,0.0007504395325240975,1.6316299765902884e-06,0.0009726527243679059,5.1400301657941425e-06,2.393952394398464e-07,8.835590366114128e-05,0.00012335120226773772,2.2098689366391477e-10,4.4652650176829326e-05,9.670792248372515e-06,0.015787477565232216,1.2699588631479382e-06,0.0014817199243598326,7.280818167518995e-08,1.7873461251435521e-06,0.005467825233114924,0.8444748388051537,1.759959023519753e-06,1.9295073954408956e-06,0.0009508013608812183,0.11484759996368958,0.008525074592015664,0.0001886588348746175,0.000413738956105264
30,0.0058593111033691725,0.0007504395325240975,1.6316299765902884e-06,0.0009726527243679059,5.1400301657941425e-06,2.393952394398464e-07,8.835590366114128e-05,0.00012335120226773772,2.2098689366391477e-10,4.4652650176829326e-05,9.670792248372515e-06,0.015787477565232216,1.2699588631479382e-06,0.0014817199243598326,7.280818167518995e-08,1.7873461251435521e-06,0.005467825233114924,0.8444748388051537,1.759959023519753e-06,1.9295073954408956e-06,0.0009508013608812183,0.11484759996368958,0.008525074592015664,0.0001886588348746175,0.000413738956105264
31,0.0052806496157359745,0.0007608101747049858,1.7848926907687769e-06,0.0009582684820688302,5.189475550270001e-06,1.7190708075394432e-07,7.532147969797024e-05,0.0001384382082485559,2.0089896597729424e-10,4.502919281114318e-05,7.243173990558787e-06,0.01431568009583212,1.3382589131693186e-06,0.00129007764315385,5.3457186692207745e-08,1.3781196877588567e-06,0.005420974592833901,0.8587696474831608,1.4554405133514411e-06,1.8460379608977938e-06,0.0008235273299399985,0.10480927974941205,0.006675828407287456,0.00022979402845672465,0.000386212552182539
32,0.006078778937070088,0.0007826296312066858,1.7100835793498165e-06,0.000986158060924711,5.402033079158643e-06,2.5421907837641414e-07,9.131819692063608e-05,0.00013167444540506813,2.484606609266605e-10,4.775463159903577e-05,9.96866716536279e-06,0.01627415472414271,1.2983458838232318e-06,0.0015364495151670421,8.052013711652818e-08,1.9460136306745522e-06,0.005734088448890481,0.8342888908392257,1.98985591898559e-06,2.0142938538042573e-06,0.0010105389978203728,0.12379632506096802,0.008591207774884119,0.00018994870437367463,0.0004354177506140633
33,0.010651625615873688,0.0005534123995430943,4.187518115219876e-06,0.0017101909501256172,5.174121225699902e-06,3.7905727700532644e-07,0.0001874250320049357,0.00019735307631757608,6.878559162759037e-10,5.7935573963234146e-05,1.7806980961791535e-05,0.023461972614997936,1.2584737984112624e-06,0.0016866679944036922,1.0754213519867029e-07,3.933793261033945e-06,0.00483274836661802,0.8875072533452004,2.984475024300727e-06,3.3968457257828198e-06,0.0017258254200686347,0.05673085381600916,0.00927284849144554,0.000246819038073198,0.0011378387699748813
34,0.011634661164339036,0.0010023866650690522,3.1000475285768565e-06,0.0009863865201221675,5.900107087710776e-06,4.2127194539570634e-07,0.0001595797851552045,0.00019911487224122813,8.459644927724022e-10,7.315342206808123e-05,1.2514468122190274e-05,0.01924908903484548,1.8054086266868777e-06,0.0018119442089593611,1.5647842786087894e-07,3.765739205885176e-06,0.005871539256186816,0.7995575227427293,4.292700110218901e-06,3.109433871430095e-06,0.0011659239368907916,0.15006539981310377,0.0071791972329463185,0.00023974344704457396,0.0007692913974084213
35,0.00571754110353201,0.0010117906161086472,2.155773191648843e-06,0.0011520822911352485,1.0268680591821364e-05,5.173582836737105e-07,0.00011795003910007601,8.744845429576438e-05,1.6819275711591155e-10,4.656432023528719e-05,1.4721589041901495e-05,0.021871891817544554,1.702368574053824e-06,0.003871753859274193,1.3654155490489356e-07,3.7633872968929166e-06,0.005490662394986224,0.7783807806778107,1.8592367767153804e-06,2.4003975388224513e-06,0.0013037738708156796,0.1576930162291549,0.022675859052380454,0.00017904558096822006,0.00036231419161481654
36,0.0058336498805419,0.0007488027515180302,1.6206417721834865e-06,0.0009698569439540787,5.116202678345236e-06,2.3959180040964303e-07,8.82934847373106e-05,0.000122579249804608,2.1960558074208326e-10,4.453187547586825e-05,9.671265963388622e-06,0.015661565248636673,1.2646855620693947e-06,0.0014756271229113091,7.24799077029777e-08,1.7826598656550261e-06,0.0054248807209322705,0.8453354958616828,1.7494354051024943e-06,1.924235263023145e-06,0.0009479392424140599,0.11420082893792624,0.008523049915497814,0.00018816176647182297,0.00041129557967180133
37,0.005306750182601195,0.0007908862390666784,1.6253828857237727e-06,0.0010508182611701524,5.635959936719325e-06,2.620211826164104e-07,8.847917330942511e-05,0.00014212492713939248,2.5569438027720037e-10,5.313614765767314e-05,9.915150700348294e-06,0.01520081730162014,1.2915837738779208e-06,0.0014394564265739003,8.272632202856182e-08,1.9352203965639156e-06,0.005837162802815179,0.8340068117446338,1.9462144952378874e-06,2.0933146325101697e-06,0.0010597740726220528,0.12528174931939018,0.009084721040714457,0.00019745646952623908,0.00043506806113952296
38,0.008112903374392709,0.0007529674966324885,1.514714933788121e-06,0.0007884765413800546,4.368715148222842e-06,3.808313446845608e-07,0.0001339267520675915,9.52527089517641e-05,2.4342146821765155e-10,4.497313348253124e-05,1.2836843403738955e-05,0.014504456761302426,1.1976980662956604e-06,0.0015639095222207743,9.957767682032644e-08,2.9702366234607537e-06,0.004537164748862795,0.8449291316395827,2.0809369657342403e-06,1.986166146978798e-06,0.0009743745180029542,0.11218377224473194,0.010797040470969072,0.00017487311667793392,0.00037934100701107656
39,0.005265994367993434,0.0009014711919885328,1.0715887958370364e-06,0.0005642963417919752,3.1519556987628113e-06,1.763644001611738e-07,7.688054849880995e-05,6.240836030783454e-05,1.217821763669241e-10,2.9003395874630335e-05,7.743526251909022e-06,0.011340776117757278,1.3468381036447429e-06,0.0012745174815801336,5.455721719454181e-08,9.76149600023866e-07,0.0042925479362720936,0.8483028910336003,9.093499762195402e-07,1.3598512076034784e-06,0.0004711335953939952,0.11953279024495123,0.0074337948028606335,0.00016954239637131276,0.00026516188172409817
40,0.008050506843848173,0.0008507700558964867,1.8210611252974502e-06,0.0007310419536635749,5.637342446787942e-06,2.678970173667275e-07,8.414357212369634e-05,9.451060861920851e-05,2.2596253242671518e-10,3.408056197656554e-05,1.0417555364643962e-05,0.020610882959766614,1.1562702014803524e-06,0.00208261857602684,9.862340068346278e-08,1.8155932314986093e-06,0.005970719624633498,0.7894151609192149,2.0905765048857985e-06,1.4892621556644265e-06,0.000942493443871108,0.16212817048419378,0.00835626613185619,0.00015525451421514422,0.000468585342683488
41,0.00799740489391567,0.0011683957291858886,4.355431441237089e-06,0.0016030390647170341,1.2720099375036544e-05,5.215022147362949e-07,0.00013171875767933257,0.0002578774065667783,7.587160528100876e-10,0.00010789156012193557,9.827721709364369e-06,0.020593142914078096,1.9321893187718117e-06,0.0032283979290050114,1.8254922370276806e-07,5.133385522531735e-06,0.006292772616020153,0.7620287340221917,4.148831410231325e-06,3.7055426355708647e-06,0.0016829913329876177,0.18200691271340672,0.011605767852545846,0.0002859894547745751,0.0009664357412365686
42,0.004423026808117506,0.0004885749918842849,1.2864038189675113e-06,0.0008238523019654098,3.7466582111884786e-06,2.0479144148095638e-07,6.702427552197449e-05,5.061907211939587e-05,1.0532311290838354e-10,2.4117201317698297e-05,8.099503074212755e-06,0.013922088101277033,1.3265680534346147e-06,0.0015100602325130075,3.1751463801887954e-08,9.741824491994418e-07,0.002636197794511603,0.9206853228853339,6.905979037563776e-07,1.3238556787312455e-06,0.0005292494160194086,0.04727095176758574,0.007124619376042298,0.000135323327758664,0.0002912880306140527
43,0.004392950294053217,0.0008061108444064644,1.219880103479875e-06,0.0010613152192064143,7.0684228934877435e-06,3.4330361818547253e-07,7.784996829015356e-05,0.00017472969638545333,2.9689463096869296e-10,8.297578432799613e-05,9.095738240624077e-06,0.0123159636899949,9.55439819792883e-07,0.0012840322083001962,1.1130062283048087e-07,2.6031968313531157e-06,0.006133591063907647,0.8015397339467486,2.7008313375884733e-06,1.7767503632968763e-06,0.0016099720004462436,0.16003591418357474,0.009824421395095675,0.00019004662260418184,0.00044451792193296623
44,0.0058593111033691725,0.0007504395325240975,1.6316299765902884e-06,0.0009726527243679059,5.1400301657941425e-06,2.393952394398464e-07,8.835590366114128e-05,0.00012335120226773772,2.2098689366391477e-10,4.4652650176829326e-05,9.670792248372515e-06,0.015787477565232216,1.2699588631479382e-06,0.0014817199243598326,7.280818167518995e-08,1.7873461251435521e-06,0.005467825233114924,0.8444748388051537,1.759959023519753e-06,1.9295073954408956e-06,0.0009508013608812183,0.11484759996368958,0.008525074592015664,0.0001886588348746175,0.000413738956105264
45,0.005127707950657454,0.0006628747747681837,1.2972532218287185e-06,0.000915366221793602,4.409051241497765e-06,2.1686055650950927e-07,7.047391183762097e-05,9.051970682212312e-05,1.574213017608315e-10,3.750155728957779e-05,8.6095029670185e-06,0.014711319241690056,1.0096438409058982e-06,0.0014260110249621099,5.7768590821338263e-08,1.4881085545336364e-06,0.004593504419560459,0.8678683095081221,1.3997595658531736e-06,1.5317917003750868e-06,0.0009360350912284363,0.09489802944128102,0.008088506302013777,0.00014952702195578747,0.00040429392835700955
46,0.0057582202811654005,0.0006880452456240519,1.4967443175955287e-06,0.0009562323495894203,5.023162879208407e-06,1.2122783747888341e-07,5.837671956139799e-05,0.00016733584971074272,1.8118686168942758e-10,3.4128981843807215e-05,8.949932795645735e-06,0.01898334020567792,1.256772271620167e-06,0.0009116656581872533,7.082608981165669e-08,9.914309705344916e-07,0.012909645659144733,0.8095869707040941,1.5240258672598355e-06,1.5374743696159242e-06,0.0009619282100769765,0.14120085077924815,0.00713118777126589,0.0002565826763901158,0.0003745171298344085
47,0.008402795301799177,0.0007489200074349949,1.43561735101954e-06,0.0005942571162022142,3.4303240625623298e-06,1.9739639450787844e-07,8.424218263698218e-05,9.064707992482175e-05,1.9171068497783456e-10,3.472798195726585e-05,8.588363662768815e-06,0.017632196511744844,1.0865338661870995e-06,0.0011554973460623783,7.341217240410915e-08,1.6764333868434228e-06,0.00631539571472278,0.817109942283049,1.6430713673457019e-06,1.5085573101154563e-06,0.0007767317882589622,0.1400897677541512,0.0063814949988163835,0.0001734787263226768,0.00039026530563191175
48,0.004665630717438003,0.0002415515956432395,2.4481658802582612e-06,0.0009949155536495735,4.539154207796854e-06,4.92071743318126e-07,7.29873947574851e-05,3.274067788628489e-05,1.5826062044016852e-10,1.9292852510830597e-05,1.1267108790016965e-05,0.019785593074040035,8.61808407713822e-07,0.00228027836115353,3.305491615394131e-08,2.1065101697109317e-06,0.0010208425742058579,0.937894011808107,6.190768528412384e-07,1.9235651127350537e-06,0.000686323962882871,0.024256100454939866,0.0074570617652802325,8.136978216969444e-05,0.0004870087509942598
49,0.0055211300148397535,0.0006719663304691523,1.7007810683312956e-06,0.0009187268839776474,5.670275277965163e-06,2.533760303554023e-07,7.806380871953292e-05,0.00011132460621031421,2.1323802265439244e-10,3.9175230254325064e-05,1.0048299940257523e-05,0.018667169143128687,1.3172354399288171e-06,0.0015794690692192486,7.053637314506029e-08,1.6586704681302372e-06,0.005413500325389084,0.8394329291816663,1.6644813916875985e-06,1.866170926723768e-06,0.000898915808635401,0.11803996107942342,0.008057376709482767,0.00016706958250703284,0.0003789721859225513
50,0.005921573984636223,0.0007634542442564459,1.6528304798564473e-06,0.0009839046740470739,5.190826657414386e-06,2.457213343089017e-07,9.144756199452586e-05,0.0001262996785399213,2.2855445278660868e-10,4.657340398841709e-05,9.64078228357262e-06,0.015706964847628645,1.2904813022250727e-06,0.0015167747957449942,7.383073060955836e-08,1.870388974342192e-06,0.005398074628082712,0.8421483583449946,1.831512651237272e-06,1.9846283255460578e-06,0.0009576532794744721,0.11710787813202486,0.008599569123007732,0.00018891941960696637,0.00041877265067882856
51,0.00433776459985126,0.0006614144313072071,1.1932497991739763e-06,0.0009105115834449415,4.243912604290273e-06,1.787167552164082e-07,7.294768161627097e-05,0.00011570092631160016,1.6960623667019238e-10,4.1251840504039735e-05,8.255575192970027e-06,0.012832433942724724,1.1330172019055765e-06,0.0012049989272112306,4.88171468922879e-08,1.1824989053045726e-06,0.0043242726248473515,0.8719187513480869,1.4628143211541896e-06,1.564782500417091e-06,0.0008464303044763424,0.09576772272271888,0.006476177383643523,0.0001594963159240784,0.00031086181329787377
52,0.006470491682932348,0.0008167123122435938,1.909200686537255e-06,0.001085516905213043,5.7822994973916704e-06,2.3571365934872801e-07,9.418061276071524e-05,0.0001459939761054978,2.4426809215715587e-10,4.834163135347451e-05,1.008834207558657e-05,0.018275634497297563,1.321045759110291e-06,0.0016669881503079069,8.186454246389365e-08,1.987676834441848e-06,0.006455510324660377,0.8253248732961765,2.07278366932543e-06,2.0833836350124445e-06,0.0010927536071169534,0.1286722993146531,0.009138946496798231,0.00020392349924046186,0.00048227113851291884
53,0.0018159313118331082,0.0005069926777680468,2.912029766354778e-06,0.0010136437071177414,5.678116612327962e-05,1.041580034040464e-07,6.557345258827315e-06,0.00016139746951852855,9.130415159443414e-11,2.7985558568390025e-05,3.878865240439213e-06,0.0656673258947223,6.502123044837306e-07,0.0028106509003385993,2.670962726878688e-08,2.764709392475957e-07,0.009431389311855857,0.7394178104398592,1.4666139321068917e-06,3.4685049515603793e-07,0.0016428020399841072,0.17399548674056836,0.002893737135688117,0.00013854628982555342,0.0004033000093573482
54,0.00975361204404007,0.0010441043898657195,2.260232056844558e-06,0.0009712910877339414,4.743181115112976e-06,3.251420380759188e-07,0.00013766904312331377,0.00011495544198568914,3.02369534054823e-10,5.924583029129136e-05,8.972090748192631e-06,0.019391441165597465,1.541611227987931e-06,0.0022994587977975996,1.0150755225592824e-07,3.3258369912819595e-06,0.005093045293308878,0.8041757249543855,2.297945252055371e-06,2.5462586726423666e-06,0.0009841613655367774,0.144717568995985,0.010364113850353724,0.00019238202720196413,0.0006751116047690476
55,0.005963641465918786,0.0005613238365033276,1.6359692413153874e-06,0.0007355677094683953,3.125820371537966e-06,1.537663856213615e-07,7.084732735698862e-05,9.083511956685511e-05,2.0521210763786605e-10,2.8279132942583985e-05,8.393000268930265e-06,0.016731083843933896,1.4066840721094668e-06,0.0009538742897225502,4.1836347192211787e-08,9.577200990642327e-07,0.004531347317478147,0.8928081499423143,1.0731368010101448e-06,1.724010769771491e-06,0.0005613984909488032,0.07183736915368005,0.004567804738684288,0.0001767221764560456,0.00036324330545644266
56,0.005803474664854603,0.0007684532074156915,1.6881936558147419e-06,0.0009733589002003763,5.301942896006911e-06,2.437560275532259e-07,8.91375786636508e-05,0.00012518911311862623,2.3273699060000934e-10,4.513730238392781e-05,9.861994025080549e-06,0.01593858374276388,1.38625536097492e-06,0.001492716034362943,7.40956540120783e-08,1.7702597615910565e-06,0.005545429356795709,0.8440037567617232,1.7748820991685423e-06,2.009391628872008e-06,0.0009236624632251198,0.11528522647882226,0.008385707348806396,0.00019416032629805062,0.00040189571671967524
57,0.006142022573328845,0.0008324309998473812,2.475492577002104e-06,0.0011190846550503627,8.08713039788269e-06,2.3028209344527518e-07,7.609543080091814e-05,0.00019637567705888556,3.5379800802314983e-10,5.814928869501165e-05,9.333946255235247e-06,0.02609196995246976,1.5940276635382585e-06,0.0017924953530420408,9.178618228780962e-08,1.991018419034888e-06,0.008731419110251932,0.7733797265911445,2.869651119241189e-06,2.2445397200240468e-06,0.0012560190482843582,0.172576602497261,0.006977096923314608,0.000205642091673536,0.0005359515795513215
58,0.005759178713283691,0.0007692617815916164,1.6383589412327724e-06,0.0009502557949235696,5.013892048673216e-06,2.181057960994127e-07,8.727145453051136e-05,0.00012944888876320894,2.2036412228447443e-10,4.447643014289947e-05,9.479805135755648e-06,0.014999734260093983,1.284319109598497e-06,0.0013392205772425423,7.27948270080887e-08,1.647468595607608e-06,0.005918336450836927,0.8452665746069287,1.6617892641507803e-06,1.8858863725276102e-06,0.0009296686730786543,0.1148071439729911,0.00836364581124348,0.0002110982274279737,0.0004017817164661561
59,0.00606691410633752,0.000738315510014314,1.785857435268411e-06,0.0009134820993413375,4.916048386784983e-06,2.0648993997833664e-07,8.735941068314403e-05,0.0001278048161323376,2.2086960449069774e-10,4.1900226860154335e-05,9.316772675419048e-06,0.015047454046158341,1.2785114974737813e-06,0.0012700903716998516,6.990280889272276e-08,1.605772671471501e-06,0.005945033061029968,0.8531299080999096,1.5401328552788877e-06,1.8616614115565839e-06,0.00089079072212633,0.10724345849989993,0.007842475784420077,0.000229659212501482,0.0004027726623339967
60,0.0058593111033691725,0.0007504395325240975,1.6316299765902884e-06,0.0009726527243679059,5.1400301657941425e-06,2.393952394398464e-07,8.835590366114128e-05,0.00012335120226773772,2.2098689366391477e-10,4.4652650176829326e-05,9.670792248372515e-06,0.015787477565232216,1.2699588631479382e-06,0.0014817199243598326,7.280818167518995e-08,1.7873461251435521e-06,0.005467825233114924,0.8444748388051537,1.759959023519753e-06,1.9295073954408956e-06,0.0009508013608812183,0.11484759996368958,0.008525074592015664,0.0001886588348746175,0.000413738956105264
61,0.006061338452529805,0.0007543119337828935,1.8508385271936362e-06,0.0009338782754643205,5.074023410921958e-06,2.149889786497898e-07,8.788830158629215e-05,0.0001279690870036495,2.2846436025291891e-10,4.196536280004064e-05,9.736502078443024e-06,0.01602474239061241,1.3136111453251701e-06,0.00135508098497964,7.17768640832282e-08,1.6566594244597006e-06,0.005940429592120273,0.8483055404864608,1.6280239104097395e-06,1.9591303157625816e-06,0.0009098472211647467,0.11091054380045866,0.007891194061286409,0.000218124048592544,0.00041364021803798405
62,0.0058593111033691725,0.0007504395325240975,1.6316299765902884e-06,0.0009726527243679059,5.1400301657941425e-06,2.393952394398464e-07,8.835590366114128e-05,0.00012335120226773772,2.2098689366391477e-10,4.4652650176829326e-05,9.670792248372515e-06,0.015787477565232216,1.2699588631479382e-06,0.0014817199243598326,7.280818167518995e-08,1.7873461251435521e-06,0.005467825233114924,0.8444748388051537,1.759959023519753e-06,1.9295073954408956e-06,0.0009508013608812183,0.11484759996368958,0.008525074592015664,0.0001886588348746175,0.000413738956105264
63,0.005796512873741595,0.0007913362573603121,1.5786078297821457e-06,0.0009232729251700917,4.894041945826425e-06,2.2874325391866532e-07,8.670778197531043e-05,0.0001209171521769179,2.20023637681888e-10,4.373768954728387e-05,9.613077474044198e-06,0.01491058947907264,1.2862202200388925e-06,0.0013925919674399859,7.32507258060322e-08,1.6633265202640353e-06,0.00553338947361016,0.8443739429687892,1.702065819570124e-06,1.9009729729374125e-06,0.0009106318354457537,0.11634484056018625,0.00815317134507253,0.00019413437197778304,0.0004012827916482562
64,0.005608173092394195,0.0007459467649637603,1.5600653914552896e-06,0.0010039954024352359,5.320037630530654e-06,2.4098924139252003e-07,8.397455258900349e-05,0.00012625246262577914,2.2023003308450026e-10,4.640195095132203e-05,1.0164615018988394e-05,0.015842736294175944,1.1499165999921354e-06,0.0014289253045516705,7.772843898800867e-08,1.814354940917782e-06,0.0057401884701536055,0.8470865928827028,1.8572636049181751e-06,1.797795900005521e-06,0.0011442906965516918,0.11187002620615415,0.008631696645045329,0.00018718093630221543,0.0004296353514059687
65,0.004231505763391972,0.0005083479416366939,1.2552385468957648e-06,0.0010516976476241252,5.870454051848826e-06,2.88746425753456e-07,6.134947784194455e-05,8.16320125603584e-05,1.431375459633549e-10,3.633626595567631e-05,9.31872172648662e-06,0.017431287824712705,9.83822876102146e-07,0.0017693393395606478,5.298707406028971e-08,1.6405917234628156e-06,0.003815838420734321,0.8766252784305492,1.4302387002327808e-06,1.4995342058350325e-06,0.0010390162435242297,0.08391070984135154,0.008939710676267127,0.0001130408725955354,0.00036256876322566264
66,0.0068371170779251466,0.0008143734096339846,2.539042442136756e-06,0.0013744239725685327,6.689998225771397e-06,4.009280257949085e-07,0.00015135159005384742,0.0001969983227801382,4.763239165338535e-10,7.976163526228406e-05,1.1252498012248036e-05,0.020292600271715477,2.418338018093065e-06,0.0022213562152846728,7.653357036606188e-08,3.7639978651929885e-06,0.004349357776685967,0.8258889007283126,3.5899232682284866e-06,4.456804402680084e-06,0.0009455600915345019,0.12816738490407345,0.008009586952411687,0.00017313369941434486,0.0004629048121890972
67,0.006020173050905816,0.0006605593572981668,1.8682186771610437e-06,0.0011400013593113678,5.184983894321089e-06,3.4665636449751296e-07,0.00010041166813435768,8.18576752648661e-05,1.8764923341244134e-10,3.7412604078230295e-05,1.089757411656975e-05,0.018426704127412347,1.4278191682851265e-06,0.002186461902572154,7.573012110329538e-08,2.4759453864301254e-06,0.004474786202231884,0.8585926692148453,1.4013394258707234e-06,2.4371048901245622e-06,0.0009043547153986638,0.09348511696513781,0.013249132963847504,0.00015136441056203402,0.0004628782233056633
68,0.004224239619341816,0.0005417743906492394,8.83505473714811e-07,0.0007089277447052138,2.9717878741745353e-06,1.810680132442811e-07,5.825512694393226e-05,7.048408565430334e-05,1.2262915466598072e-10,2.77052924609675e-05,8.905290880376096e-06,0.010959486966339561,8.314210042471714e-07,0.000803840711270887,4.8085658457317087e-08,1.0168014732250237e-06,0.004400936937881993,0.8932722919586941,9.282164632345694e-07,1.2911232284996078e-06,0.0007333308311808587,0.07655564536152507,0.00718681822028928,0.00014551820687058316,0.00029368712349366066
69,0.005858902310027191,0.000750575363459883,1.633063930824467e-06,0.0009732324936316692,5.1369286315759884e-06,2.3928014524841285e-07,8.838542338025989e-05,0.00012344743361333648,2.2120061870925036e-10,4.468056434252788e-05,9.669005742376843e-06,0.01577979624594227,1.2702485368759414e-06,0.0014804902412964645,7.279111276478968e-08,1.787999234346627e-06,0.005468943641740004,0.8445635630048896,1.7599688562994507e-06,1.932012223298263e-06,0.0009509755705150919,0.1147697372289863,0.008520849313410834,0.00018880987990867746,0.0004141097652416994
70,0.0060699796559014274,0.0007262381548827229,1.8117330582757287e-06,0.0010158743738154776,5.438099767531566e-06,2.6555044006931467e-07,8.895310023820503e-05,0.00010787206152688775,2.1423839092099938e-10,4.185702716813767e-05,9.596232699910503e-06,0.01796409709755388,1.348786201867725e-06,0.0018534218264617446,7.068596111713343e-08,1.953495791559743e-06,0.004948177079054481,0.8442560645249017,1.7138964972406333e-06,2.0522929069119586e-06,0.0009197485662068418,0.11229326210385199,0.009077757537070515,0.00016688596487538713,0.00044555993892767497
71,0.0072438605955819566,0.0005826446049538056,1.5216703152761156e-06,0.0009881545112629545,3.1765581733416266e-06,1.9544545233183306e-07,0.0001190303186492666,0.00011495828929113612,1.8459638016981208e-10,3.4116282992594815e-05,1.0862611455400774e-05,0.01466069879349241,1.3145822511408404e-06,0.0011242102084267434,5.662311740912478e-08,1.8867893280406425e-06,0.0053903146274280386,0.8793747420727648,1.4556286186271808e-06,2.328281111029571e-06,0.0007891706887263036,0.08013700029644445,0.008878914527672043,0.0001973134423523117,0.00034207236554211005
