,0,1,2,3,4,5,6,7,8,9,10,11,12,13,14,15,16,17,18,19,20,21,22,23,24
0,0.0002556081228564205,0.07309795070460026,1.123370452436425e-05,2.0396850603952016e-05,3.128546931827142e-05,1.7811600811922934e-05,0.0027327878218947727,0.01388731716780376,0.001343084670257366,7.053087143255481e-05,0.006786471061042579,0.023924560143885668,0.00011618145796328552,0.14373506226505672,0.000668208880366334,0.0001151079167075024,0.009360546113203147,1.546471201897484e-05,0.00092574162825393,4.0954615768425634e-07,0.001090281746184998,0.7042086091527296,3.5469990894810013e-06,1.313332312527624e-06,0.017580488060923764
1,0.00018448764303925064,0.06299206032487517,1.07576064952313e-05,1.8089398240717536e-05,2.734256804242928e-05,2.208525758319603e-05,0.002599127023479782,0.012921197298352439,0.0021581434533798852,0.00010925622460444404,0.005438244723332255,0.017215814674754453,0.00011170850906777278,0.1666697747219456,0.0007762637803060387,0.0001246064944212151,0.005763922253083967,1.634784453904795e-05,0.0011800235659336588,5.269578620662072e-07,0.0010329530849850306,0.7007921729877841,3.6412434790435013e-06,1.4724267425926538e-06,0.019829979933670593
2,0.00016905177770778904,0.061912771868150515,9.18713432540064e-06,1.5470755749670028e-05,2.653386667206676e-05,1.7923469970639575e-05,0.001890527968443582,0.012534971313478763,0.001752106451323763,9.223240797049186e-05,0.005670095850348868,0.016642771576905087,8.553726014444612e-05,0.1777840235958017,0.0007799217292286292,9.293793385629055e-05,0.005511254238909228,1.2452578219597733e-05,0.0008082757915423585,4.492594281182786e-07,0.0008110306430477242,0.6938346859583489,2.9691906671253473e-06,1.0906938142646673e-06,0.019541726685944994
3,0.00019727920487160568,0.06440225374147567,9.34036267763417e-06,1.6898011292278056e-05,2.600790255520598e-05,1.904206428814317e-05,0.002236333662518186,0.012445230537246532,0.0016475925738719415,8.374385635467329e-05,0.005991479610362191,0.018017554013963908,9.874678033293066e-05,0.15379166891569604,0.0007235522151962204,9.887639720218563e-05,0.00638623239558409,1.3906865848528923e-05,0.000935593424369058,4.1700966254246435e-07,0.0009060640601158901,0.7138921969049438,3.2397058374112307e-06,1.17883373014298e-06,0.018055570950003104
4,0.0001956922382725678,0.06457744040197815,9.392462204461976e-06,1.6829791700453616e-05,2.528576043641967e-05,1.7465166598761634e-05,0.002205767918496389,0.01245944954372744,0.0016195896847035758,8.339378055575959e-05,0.0057706542262928534,0.017329426982435777,0.00010502159317026706,0.15800013536917068,0.0006548630540602372,9.265511130898736e-05,0.006006439071131727,1.4379128999039678e-05,0.0009161639608449433,4.2353338139508006e-07,0.0009255011289130863,0.7123552574100454,3.0640169229070694e-06,1.1575431376411205e-06,0.016614551121510942
5,0.0002153745480163899,0.06700407981079448,1.0983075541762156e-05,2.0672496178634507e-05,2.9698476685529637e-05,2.1332909079596254e-05,0.002430281223372278,0.01341000096921037,0.0018407242163547628,0.00010143848380442132,0.006171493966872171,0.017666470655639248,0.0001133278205649019,0.1744652134333656,0.0007003706911147716,0.00010718020134000274,0.006799168941837068,1.9027092441231078e-05,0.0010511473152976017,5.140624145483967e-07,0.001078350510263654,0.6893338241574729,4.09555092526474e-06,1.409375158169992e-06,0.017403820016254845
6,0.00019727920487160568,0.06440225374147567,9.34036267763417e-06,1.6898011292278056e-05,2.600790255520598e-05,1.904206428814317e-05,0.002236333662518186,0.012445230537246532,0.0016475925738719415,8.374385635467329e-05,0.005991479610362191,0.018017554013963908,9.874678033293066e-05,0.15379166891569604,0.0007235522151962204,9.887639720218563e-05,0.00638623239558409,1.3906865848528923e-05,0.000935593424369058,4.1700966254246435e-07,0.0009060640601158901,0.7138921969049438,3.2397058374112307e-06,1.17883373014298e-06,0.018055570950003104
7,0.00023777477525860832,0.05575391549101641,8.276588493143663e-06,1.5115175319969093e-05,1.9143179395003355e-05,1.6108696081836017e-05,0.0024276007693281847,0.012350379828450813,0.0011900242780383708,6.113998829992233e-05,0.006668402728044638,0.015718984263210473,0.0001414945260538084,0.10301402243449316,0.0006268683180225474,7.759437986394022e-05,0.005029789996416455,1.36173469369582e-05,0.0009639345963238288,3.7984776995994663e-07,0.0008134914113773319,0.7836933008098648,2.0602229614071623e-06,8.453149600296523e-07,0.011155735034018451
8,0.0001951127723962351,0.06330535311404856,9.064677708002444e-06,1.6621533813748327e-05,2.5692796386994105e-05,1.8994068908742073e-05,0.0022921208644635124,0.012624878060160591,0.0016233793307322425,8.163243856409176e-05,0.006048834335694103,0.01790706294457435,9.895170962327909e-05,0.1507372049363611,0.0007160881487486891,9.776579316156911e-05,0.0062874897376446436,1.4051614430312623e-05,0.0009541772836033156,4.1142647873744457e-07,0.000915409948407457,0.7184991291149041,3.16057153329218e-06,1.1334952347168898e-06,0.01752627928241778
9,0.00015448551041365204,0.08057326956838305,1.2819824634042612e-05,1.8754460301958686e-05,2.5445332328982548e-05,1.758817755136035e-05,0.0014664713881612434,0.010773723002600884,0.002044495955621486,0.00015043681868962054,0.004354996682877371,0.015324820094679678,9.032063163026033e-05,0.2368710989538561,0.0007347073780023354,0.00011643248719163,0.00639252265764554,1.2976225025624137e-05,0.0008240067153744851,5.600606313547611e-07,0.0008718426737508971,0.6145493440049375,3.9767380623595636e-06,1.7390458829498496e-06,0.024613165611765735
10,0.00019727920487160568,0.06440225374147567,9.34036267763417e-06,1.6898011292278056e-05,2.600790255520598e-05,1.904206428814317e-05,0.002236333662518186,0.012445230537246532,0.0016475925738719415,8.374385635467329e-05,0.005991479610362191,0.018017554013963908,9.874678033293066e-05,0.15379166891569604,0.0007235522151962204,9.887639720218563e-05,0.00638623239558409,1.3906865848528923e-05,0.000935593424369058,4.1700966254246435e-07,0.0009060640601158901,0.7138921969049438,3.2397058374112307e-06,1.17883373014298e-06,0.018055570950003104
11,0.0002042381815883734,0.06381018289219553,9.479317643149737e-06,1.7322731087837172e-05,2.5864254587174166e-05,1.876196525791656e-05,0.0022998914153891897,0.012426355336219464,0.0016322559416372209,8.248050384780131e-05,0.005945021262566863,0.018165179717809253,0.00010677212854096634,0.14823788992669587,0.0007084870600735693,0.00010084093925663559,0.006319047960817171,1.4293808195899593e-05,0.0009525055118729006,4.328447318013735e-07,0.0009117821961362658,0.7206578647057894,3.200462505032618e-06,1.2261127558596675e-06,0.017348622822798778
12,0.000163879572132377,0.06384113249235984,4.535232750862246e-06,2.0747835215077336e-05,7.374266835557184e-06,1.3553589592245615e-05,0.002480890896413841,0.014956300314185133,0.0010454312504318798,6.438037952668306e-05,0.0036389457647248956,0.014908347826446679,0.0001292757654188773,0.07112790230875747,0.0007756504685782342,0.00011964559650924254,0.003611503988322749,1.254139788717558e-05,0.001793402938788373,2.3494961577731827e-07,0.0005185079728027122,0.8119553580532776,1.5395249267093442e-06,5.680845488678432e-07,0.008808349529951276
13,0.00015850651002358,0.0500348576436793,6.046005926555553e-06,9.016694394351479e-06,1.8492831587246653e-05,1.0458604774970799e-05,0.0012724499079261732,0.012792917893217234,0.0009411647516658986,4.4449647083193154e-05,0.007940714123504106,0.01932633145696354,6.504130798887674e-05,0.14452129876219472,0.0006444394170849813,5.4419525443664295e-05,0.004684757016968415,7.796712347222026e-06,0.000505534199812832,2.6603412519540885e-07,0.0005748607691878031,0.740898947633345,1.385330816771407e-06,5.365770699991011e-07,0.015485310642868354
14,0.0001874051188261038,0.07335503291614483,9.356411020811612e-06,1.7109309457777046e-05,2.84013485130364e-05,1.6586878507830633e-05,0.0021225362745546854,0.012179845515214675,0.0014715527473586276,8.734190167016813e-05,0.006380717615069163,0.016124676105858195,0.00010521508617785721,0.165094589941929,0.0006102025752270826,8.645986890134693e-05,0.006717093657449713,1.538858156441768e-05,0.0010160105696073944,4.121791089397151e-07,0.0011189730057698992,0.6975310377601608,3.117689236075097e-06,1.151108980377876e-06,0.0157197858336913
15,0.00019727920487160568,0.06440225374147567,9.34036267763417e-06,1.6898011292278056e-05,2.600790255520598e-05,1.904206428814317e-05,0.002236333662518186,0.012445230537246532,0.0016475925738719415,8.374385635467329e-05,0.005991479610362191,0.018017554013963908,9.874678033293066e-05,0.15379166891569604,0.0007235522151962204,9.887639720218563e-05,0.00638623239558409,1.3906865848528923e-05,0.000935593424369058,4.1700966254246435e-07,0.0009060640601158901,0.7138921969049438,3.2397058374112307e-06,1.17883373014298e-06,0.018055570950003104
16,0.0003295487848222467,0.096167108328266,3.572364815017714e-05,4.0268953906752715e-05,8.894637625648326e-05,6.76901799401108e-05,0.005097831933391095,0.011684629456786767,0.005189556949796973,0.0002517887128417359,0.0072180947993627865,0.019776303869257595,0.00019605798421628147,0.2390228742413967,0.0009412304721012082,0.00024265587151644103,0.014888143918623567,3.220400651680777e-05,0.0014809917933873385,1.6091013629006237e-06,0.002311029148664313,0.5591314646394664,1.921734570812495e-05,7.3336863562376925e-06,0.035777695797904914
17,0.00010216634510489701,0.07389226976764328,5.851434695583159e-06,2.413698157266197e-05,1.1732173220349288e-05,3.593348812164263e-05,0.0012282566606703561,0.012328338069696604,0.0016062725813818254,0.00021316402564713655,0.0035181307586561717,0.009988235046798829,6.419864638360612e-05,0.09356596354064377,0.0028507003050054747,0.0002202186397580264,0.004897943828799248,8.148603183425302e-06,0.0019738789423462935,4.5830880515294274e-07,0.00037521901666438167,0.770086579156807,2.9933688211387676e-06,7.942079497311324e-07,0.022998416101623394
18,0.0004812575868561221,0.04116916790499591,1.982675246281542e-06,0.00017523452889676137,5.290834128069489e-05,4.1438415314121566e-05,0.001864429893347337,0.01182658020352796,0.0016153239891013573,4.255994235135883e-05,0.009911730191109006,0.0025813798394999973,0.000413921508227582,0.01428924873788127,0.0004180107781647209,6.955514885817703e-06,0.0008607997623213697,2.5921803450182014e-05,0.0011454078801987132,2.814644769973714e-07,0.00017059635546559418,0.9126456442234306,1.131329579853166e-06,3.135655868830366e-07,0.00025777356480345865
19,0.00018745523008759915,0.0655641403092468,9.033304682304974e-06,1.7879533322362343e-05,2.6288284832825714e-05,1.9750949572920046e-05,0.002201743615993098,0.012182313738910603,0.0017213895498440568,8.740400691452172e-05,0.005577624509358061,0.01786245125240507,9.686695050434856e-05,0.15111719346541477,0.0007369315246153694,9.882200326028063e-05,0.0061350685840245054,1.3220457276229867e-05,0.0009250760306415384,4.1476330794161505e-07,0.0008344146892731851,0.7167888280073834,3.1903264986800535e-06,1.1789037571423337e-06,0.017791320008872426
20,0.0011626218973846475,0.03485535178105931,0.00046647959069506833,2.265049184412252e-05,0.0004652999937329337,4.829959081989228e-05,0.014784761452609521,0.0017757087995112777,0.0023857105195767454,4.717117154927771e-05,0.007508318136167152,0.22824193481038282,6.578650341191038e-05,0.1498051132547956,0.00020477101190312263,0.0021086001772650763,0.24182727744598265,9.248164247915664e-05,0.0003587292413781347,1.2714373625734506e-06,0.01021492621327821,0.014257503653800917,0.00036985362351248417,0.00020212646640306407,0.28872725109309433
21,0.0002622373261075796,0.06807393509357564,1.3652932706834815e-05,1.6567273910512848e-05,2.6826573209282947e-05,1.3469961469720935e-05,0.0024490121382529186,0.0136375790651307,0.0015483764991105146,7.687629741004862e-05,0.006387048131542491,0.025815943381949976,0.00012623802704534665,0.20457432724237504,0.0005304583810724377,0.0001166767909574103,0.0075926955832888495,1.9355055282254072e-05,0.0008099706001105028,4.802880267875616e-07,0.0012003504684840042,0.6464429052965192,3.456633631047038e-06,1.5991476809093259e-06,0.020259961811149856
22,0.00019246966928676378,0.0649194216108314,9.139820317041383e-06,1.7567262415037887e-05,2.7476292761451687e-05,1.956982430372508e-05,0.002400784865744733,0.011860446229203245,0.001886429612153208,8.170292566159254e-05,0.0058413888687301385,0.019489578729544484,9.994035003493427e-05,0.15462604089511747,0.0007936136162250951,0.00010279605498279749,0.0058734147763567475,1.2881971149563445e-05,0.0009246250060887534,4.2484427735987655e-07,0.0008343216320550633,0.710207922498569,3.229919961419629e-06,1.2974201745560216e-06,0.019773515304054422
23,0.00019727920487160568,0.06440225374147567,9.34036267763417e-06,1.6898011292278056e-05,2.600790255520598e-05,1.904206428814317e-05,0.002236333662518186,0.012445230537246532,0.0016475925738719415,8.374385635467329e-05,0.005991479610362191,0.018017554013963908,9.874678033293066e-05,0.15379166891569604,0.0007235522151962204,9.887639720218563e-05,0.00638623239558409,1.3906865848528923e-05,0.000935593424369058,4.1700966254246435e-07,0.0009060640601158901,0.7138921969049438,3.2397058374112307e-06,1.17883373014298e-06,0.018055570950003104
24,0.0003133520607526357,0.0362080690123016,1.2565032873703331e-05,7.853871029836834e-06,3.375161636994733e-05,2.4289593016676015e-05,0.0031508969460587156,0.01024237543129764,0.001964983306561738,4.417801345433785e-05,0.00994944515098415,0.028648124168217035,0.00010681759335577706,0.11961078205421617,0.0008264663613487317,0.00010457039116211768,0.006145876417890694,9.846356496784563e-06,0.0005617393953679457,4.863613010557473e-07,0.0009080756149961351,0.7511023269274768,2.9481000450846676e-06,1.6252288879045772e-06,0.03001855499453695
25,0.00022361123397708824,0.047815960035741546,1.0320318116258355e-05,1.4705193227635031e-05,2.840813897764964e-05,1.789620700198396e-05,0.002739810906630092,0.020715884365901466,0.0013721746173053382,6.561118247320372e-05,0.00920149707885221,0.021580216753339442,0.00010598808030972743,0.1820060971609583,0.0004935982224079828,8.239648050412664e-05,0.006206779238589415,2.2607718383963165e-05,0.0007810096954505948,4.903767333741751e-07,0.0012241124020040972,0.6918027697594858,2.9590179188281017e-06,8.726734203785298e-07,0.013484223142289536
26,0.00030488390689081916,0.07688625793610986,1.7949087099354537e-05,2.6587676574798493e-05,4.8057571734920845e-05,3.014271894323301e-05,0.002881155487144332,0.010813660762051749,0.003073563513637084,0.00013086817583714318,0.006534806391428173,0.020725096417037844,0.00013854312492381406,0.21401325388787742,0.0007416164356936571,0.0001326143261505897,0.008706612554754356,2.4172098466973214e-05,0.0010183460837751954,7.394275930976418e-07,0.0013122466106601893,0.6275108195813981,7.758454850988921e-06,3.1780012065695655e-06,0.024917069768159647
27,0.00016464683991664473,0.054015528446009965,6.464697046798889e-06,1.5434054393798867e-05,2.0507760050418272e-05,1.9367458987198837e-05,0.0016980438583529506,0.011311838151056918,0.0017614959045819706,7.722177567276864e-05,0.004778258101847452,0.014633885550760534,7.984224012414339e-05,0.12113228025046222,0.0007486339201104241,7.701845008016979e-05,0.00402309317701992,1.0012126865266358e-05,0.0007901160583073373,3.317741053912135e-07,0.0005380260086836909,0.7690854850284541,2.3110505733614408e-06,8.941254836840576e-07,0.015009263191052665
28,0.00019727920487160568,0.06440225374147567,9.34036267763417e-06,1.6898011292278056e-05,2.600790255520598e-05,1.904206428814317e-05,0.002236333662518186,0.012445230537246532,0.0016475925738719415,8.374385635467329e-05,0.005991479610362191,0.018017554013963908,9.874678033293066e-05,0.15379166891569604,0.0007235522151962204,9.887639720218563e-05,0.00638623239558409,1.3906865848528923e-05,0.000935593424369058,4.1700966254246435e-07,0.0009060640601158901,0.7138921969049438,3.2397058374112307e-06,1.17883373014298e-06,0.018055570950003104
29,0.00019727920487160568,0.06440225374147567,9.34036267763417e-06,1.6898011292278056e-05,2.600790255520598e-05,1.904206428814317e-05,0.002236333662518186,0.012445230537246532,0.0016475925738719415,8.374385635467329e-05,0.005991479610362191,0.018017554013963908,9.874678033293066e-05,0.15379166891569604,0.0007235522151962204,9.887639720218563e-05,0.00638623239558409,1.3906865848528923e-05,0.000935593424369058,4.1700966254246435e-07,0.0009060640601158901,0.7138921969049438,3.2397058374112307e-06,1.17883373014298e-06,0.018055570950003104
30,0.00019727920487160568,0.06440225374147567,9.34036267763417e-06,1.6898011292278056e-05,2.600790255520598e-05,1.904206428814317e-05,0.002236333662518186,0.012445230537246532,0.0016475925738719415,8.374385635467329e-05,0.005991479610362191,0.018017554013963908,9.874678033293066e-05,0.15379166891569604,0.0007235522151962204,9.887639720218563e-05,0.00638623239558409,1.3906865848528923e-05,0.000935593424369058,4.1700966254246435e-07,0.0009060640601158901,0.7138921969049438,3.2397058374112307e-06,1.17883373014298e-06,0.018055570950003104
31,0.0002214091446069395,0.06748329502275667,1.0609455220259584e-05,1.5415914613399333e-05,2.0872019303768202e-05,1.646305197367129e-05,0.0022398320987981417,0.01568266003553394,0.0013056362871235027,8.251066853455617e-05,0.005760256650938495,0.01902469480916157,0.00010349117405418707,0.15170074580181778,0.0005859229243586064,0.0001145187540812711,0.007246983296615228,1.5873777529917755e-05,0.0008818311106297456,4.1242323567490534e-07,0.0009835335656495725,0.7096566062309742,3.0109839722014947e-06,1.0297008983094698e-06,0.01684238509761864
32,0.00019307917726220491,0.06417680847893668,9.12809302032878e-06,1.744162363321926e-05,2.5344014828672744e-05,1.9614228471047232e-05,0.0022953714456164192,0.01251216977290423,0.0016226178188791874,8.643627699232458e-05,0.0058764044355050634,0.017410510794630955,0.00010104579559361394,0.14595678552288568,0.0007658248559577942,0.00010527244564640767,0.006502069813342999,1.4138238735589975e-05,0.001049559817760671,4.23187933202748e-07,0.0009324873630638045,0.7225379938699934,3.302724581070703e-06,1.1853725423971653e-06,0.01778498483128304
33,0.0002226650991370932,0.06232423854542796,8.076061656771128e-06,1.6779706419552174e-05,2.0818486559776532e-05,1.529460450723447e-05,0.002347555848286006,0.014000593009649209,0.0011184949872463752,6.0067734712201186e-05,0.0063366698375821855,0.02128797574377796,0.00011127356494035555,0.11873172356456131,0.0005638536180457317,0.00010025092989870723,0.00721919770630207,1.468968688952574e-05,0.0009198820169634552,3.4256960086665617e-07,0.0008667236529268937,0.7501762913972828,2.556626859264856e-06,9.673916270308098e-07,0.013533017609139848
34,0.00042754083411674216,0.04741653593938764,1.0821026195312516e-05,2.0247863222511708e-05,3.3077338465363404e-05,2.218550610385861e-05,0.003311923588033189,0.011647943434972571,0.0019198712549667169,5.722451772073218e-05,0.009988850542809648,0.017276059018092527,0.00017789652851069192,0.10735290180823671,0.0009719821410320268,8.486736432133735e-05,0.005418404330624257,2.1686453291442365e-05,0.0012710797257108918,4.906204077050454e-07,0.0010910397454626402,0.7783344048907024,3.5721333777178857e-06,1.4833800263591126e-06,0.013137910014209159
35,0.00023846056887758847,0.05114004432065195,7.002980436745513e-06,1.5504973472667743e-05,1.5113737371224058e-05,1.707246375956365e-05,0.0021010314159313655,0.015094773044520622,0.0012716202204831218,6.41812390666051e-05,0.005012132301097294,0.018836792822030456,0.00010136632811882778,0.09680219359915825,0.0004932755906124402,0.00010745839675686281,0.005305676575595513,1.6837328824269532e-05,0.0009387347762039906,2.96543984651447e-07,0.0006543312086469958,0.7903007025392708,2.248897330013915e-06,8.622907658571685e-07,0.011462285837032033
36,0.00019850314009137258,0.06457964426388946,9.439849884538361e-06,1.6938394079818978e-05,2.6438467634992693e-05,1.9159615745574094e-05,0.0022525995778161726,0.012408798493182044,0.0016587560901753949,8.384240533144739e-05,0.006057007431924311,0.018079587383128735,9.932016191796133e-05,0.15460945057354386,0.0007269811337591622,9.886152265468177e-05,0.0064159326087010506,1.3954520109166361e-05,0.0009372112091326888,4.2056575452518347e-07,0.0009173869242273531,0.7125675581894027,3.274110896992978e-06,1.1959565268873148e-06,0.018217737410489265
37,0.00011200761318365788,0.05902631698724058,4.7236563847286215e-06,1.4485712264494127e-05,1.7835794886557093e-05,1.9869133731074363e-05,0.0015286977816644952,0.01243656951165454,0.0012674923087629022,7.91934477034385e-05,0.005093263183526045,0.01280990403252369,5.789887778450708e-05,0.1116208876129497,0.0009911534461016095,8.230373573992035e-05,0.00499019425862268,8.01287281695949e-06,0.0009995808568014648,2.856400205570656e-07,0.0005490067136428087,0.7727306335542522,2.2317789335688213e-06,5.899932834759989e-07,0.015556861495524363
38,0.00024608940101255027,0.054708038131023165,9.546318716650366e-06,2.0641165399670547e-05,2.1420021847192253e-05,2.892531743016013e-05,0.0036720488176159175,0.014347121924486459,0.0016030355873662974,8.864422199185517e-05,0.005719880918612647,0.01728726465925611,0.00013952201564429003,0.09944810269404727,0.0008851133835823171,0.0001578779350901284,0.007196759512231376,1.9943606183922982e-05,0.0016492998733361117,4.928131403003103e-07,0.0011021681196346856,0.7767537198256977,4.061365247920315e-06,1.2711788514193445e-06,0.014889011192554048
39,0.00022663958800178162,0.046639282130619915,8.81727913107048e-06,1.4196511337541942e-05,1.890851251271631e-05,2.29692417956891e-05,0.0028955229923127946,0.018710898126540143,0.0011458271506289684,6.317908960524733e-05,0.006347808580642466,0.022009519214971192,9.973173327870926e-05,0.09991621766345522,0.0005963738917277743,0.00013236748824567137,0.00726641867360902,1.5350796586574668e-05,0.0009774464820666118,3.6976388883168256e-07,0.0009685508679525996,0.7769714635898571,2.8900306087144333e-06,8.90390874026008e-07,0.014948360209749727
40,0.00020271623360505476,0.059077313869123,8.529876105814987e-06,1.1951152021993868e-05,2.4092140990991647e-05,1.6402141469215147e-05,0.0018816251730828827,0.010137755541720158,0.001331328547134425,5.6525929137534325e-05,0.006013930392541113,0.020658381891679983,8.436456743000513e-05,0.1275984178090009,0.0006960436049129045,7.727198176009157e-05,0.006042937718159699,8.08827656148958e-06,0.0005703697850251004,3.225753350752713e-07,0.0006408240757744925,0.7459004276953695,2.195494178872106e-06,9.150121747529831e-07,0.01895726851570504
41,0.00018322938006483486,0.05583551925491313,6.6715425586377015e-06,2.6765509192619884e-05,4.5593142121780885e-05,3.3625603777746655e-05,0.001796493114970396,0.010341620764621175,0.0028486722916676362,8.950535396852439e-05,0.0059405225584867926,0.017067669526654946,6.404413606106823e-05,0.12181391770927767,0.0016615542332445554,7.21806520219107e-05,0.004041683232737249,7.971190311265254e-06,0.0007616959782639613,3.6219312325266224e-07,0.0003793572618181539,0.7567103946866532,3.18261306883183e-06,1.0826529888169634e-06,0.020266685417431863
42,0.0001637753116449786,0.05394493057479632,6.288815665660543e-06,1.419817415167495e-05,1.8683809476040092e-05,1.772032064619912e-05,0.0018609486782393248,0.011510715870774844,0.0012835524171971335,6.808946442584821e-05,0.004975832422343796,0.015188443819454034,8.744229079347457e-05,0.09981653016734071,0.000696277239740978,9.012944069874996e-05,0.0052652085729594025,9.893068822900141e-06,0.0009146625023250308,3.188119855378513e-07,0.0006309843735136436,0.7897117322685128,2.1397716822067982e-06,8.216797478498959e-07,0.01372068013306089
43,0.00013819433614367083,0.0546342401505536,7.768971855873871e-06,1.639615763475323e-05,2.349757825786602e-05,2.454665572137903e-05,0.0017697321462932765,0.0126997279968872,0.0017938772703760643,0.00012029065858793882,0.004886234165744756,0.010581701562845044,8.391035506450024e-05,0.14198150839709164,0.0008135069778116312,8.872641794548398e-05,0.004705330462339248,1.2556504723695841e-05,0.0011055144838697493,4.554508729899884e-07,0.0008740891808284167,0.7487735813928396,3.076916919147119e-06,9.673408008930355e-07,0.014860568467991449
44,0.00019727920487160568,0.06440225374147567,9.34036267763417e-06,1.6898011292278056e-05,2.600790255520598e-05,1.904206428814317e-05,0.002236333662518186,0.012445230537246532,0.0016475925738719415,8.374385635467329e-05,0.005991479610362191,0.018017554013963908,9.874678033293066e-05,0.15379166891569604,0.0007235522151962204,9.887639720218563e-05,0.00638623239558409,1.3906865848528923e-05,0.000935593424369058,4.1700966254246435e-07,0.0009060640601158901,0.7138921969049438,3.2397058374112307e-06,1.17883373014298e-06,0.018055570950003104
45,0.00018656069622011094,0.08467242760956943,1.212167054795566e-05,1.3241189629070212e-05,2.3301780114778863e-05,1.3224872830368312e-05,0.0014936682610755744,0.010541321306769857,0.0013074242261579272,9.716719117964881e-05,0.005813847619861011,0.017305743262758473,8.543857973022585e-05,0.23566384204158913,0.0004797621053272435,8.706777841791109e-05,0.008668925939614054,1.4436688671523772e-05,0.0007190332382573755,3.9029349257053413e-07,0.0011941172104716108,0.610228626260933,3.6145060097679522e-06,1.2897981080159442e-06,0.02137340587266315
46,0.00024180818689524406,0.06237088552342343,6.692020622889698e-06,1.5211608972932286e-05,1.6458413718138138e-05,1.4752798200246646e-05,0.0017250191990241168,0.011294759392682319,0.0006497350149181954,4.311737729958151e-05,0.005548064185182986,0.023779569975084916,8.48738337122899e-05,0.0699440140780643,0.0006473594169476594,0.00010933977220095793,0.011111935022762675,8.02190253168821e-06,0.0007136706963613333,2.2719460125631333e-07,0.0005574888297322572,0.7970385771788914,2.219799892881562e-06,7.813527458722087e-07,0.014075417225530507
47,0.00019346194804099583,0.06437517020643717,5.779483586622102e-06,1.0484247825473539e-05,1.2477639033781233e-05,1.1228796930092147e-05,0.0016418520788753163,0.009083042454755368,0.0009317742882490662,4.5281668765512805e-05,0.004145929634826046,0.02047300324149534,9.629074542091514e-05,0.07591823238500983,0.0005047753158274755,9.180777153375474e-05,0.005297332159369352,6.978340289525348e-06,0.0006270918403737611,2.3019435077166361e-07,0.0004281144750630539,0.8027602371952882,1.3298603712558826e-06,7.812962411348689e-07,0.013337312732040255
48,0.0004167983956041172,0.019686139640525173,2.4744773897729004e-05,1.2539233551355582e-05,0.00017396574406582346,4.6117764243420344e-05,0.006660213795109973,0.009559373212743836,0.010825356893836369,5.7597932647622445e-05,0.02339446351117564,0.037501193997049286,0.000157823538577019,0.327708794322648,0.0012227561977041378,8.107051257822575e-05,0.00248509898934831,3.058113543352299e-05,0.0007124513448037752,1.4027008877985169e-06,0.00207119345216201,0.4996560994037161,8.026833594073999e-06,6.997380026953785e-06,0.05749919929406984
49,0.00021747218625381857,0.06043416474832163,1.0001075953201242e-05,1.5951803888418242e-05,2.6549512860249277e-05,2.2334620437184346e-05,0.00231560821330319,0.012981914284120518,0.0016848190882343748,7.787492076046372e-05,0.006283106809099498,0.02106312678698553,9.905177309139697e-05,0.14113815380551348,0.000651709166620858,9.92955847259331e-05,0.006341854524791108,1.3460144034415462e-05,0.0007669085249713988,4.2589879379224515e-07,0.0008142401435099692,0.7267748303006277,3.181322441355049e-06,1.1995634508330178e-06,0.018162765197209507
50,0.00019171670747397803,0.064343834428568,9.226741822104786e-06,1.6803663968112833e-05,2.538263586933623e-05,1.8684485886063435e-05,0.002224492230321667,0.012569408785918878,0.001635257544856842,8.478356721807389e-05,0.005845558402378327,0.017593512190580852,9.860362331995298e-05,0.15457401739125526,0.0007120719576858505,9.746505547387994e-05,0.0062207557522449474,1.379244418568574e-05,0.0009403718208145557,4.133172373450374e-07,0.0009039043735144757,0.7142343634980844,3.1456267412830034e-06,1.1396552224662743e-06,0.01764129409935762
51,0.00011438685745856616,0.09063298005658024,5.066907389516679e-06,1.5426779944784515e-05,1.1898339879408003e-05,8.970756078764694e-06,0.0008996308141568624,0.012226520989705216,0.0009205385677199039,8.070481291816904e-05,0.0035290132468843165,0.012709518974826708,6.62529439806216e-05,0.1422775430011507,0.0005310639525390756,5.5141847623633554e-05,0.0037765405764136222,7.446163003195866e-06,0.000600074518674787,2.2089433657529143e-07,0.0003891652975526156,0.7208144909758689,1.205073951474114e-06,4.326358497176055e-07,0.010325765015512776
52,0.00016706724580098153,0.05618097184314189,7.53653739792767e-06,1.7780965136336877e-05,1.8870125006729476e-05,1.928206432980453e-05,0.0016850401762499821,0.013201134866247063,0.0015884303561359758,0.00010946280448923406,0.004916606782067852,0.012440125029227813,9.504915433536863e-05,0.1410906009781344,0.000770409993439466,9.887060804392996e-05,0.0048126405985684075,1.5830120187550338e-05,0.0011111276329216168,4.4120306950513924e-07,0.0007339127081437071,0.7473334439182427,2.7937259406990907e-06,9.347367215430188e-07,0.013581635827019423
53,5.995713167950847e-05,0.1624125643171678,6.044914257850806e-06,1.4029394673590917e-05,1.5743193227003244e-05,3.01023337939446e-06,6.45160717178061e-05,0.0038097326635043553,0.00031542172065785547,0.0002996206416619507,0.002097225507421845,0.0018142392846737202,5.318803998735848e-05,0.1393657078406452,0.00031943494928489554,3.627846160923415e-05,0.007267939974782652,4.370801257398801e-06,0.0007696858840947075,2.3715487276970717e-07,0.0005827429925635238,0.6744926988100817,8.022420509579602e-07,7.093634455675898e-07,0.006194098411301143
54,0.0001501425747991367,0.07036415175421024,8.564343305789161e-06,1.3510501819110687e-05,2.1272538414840482e-05,1.5506904982059797e-05,0.0017249423989600845,0.010921303441236147,0.0017177432536733862,8.938564694611338e-05,0.004723354110478316,0.019067685873963756,7.827072331299355e-05,0.17166856265263641,0.0007741391151934003,0.00010439682943913782,0.005380056378115344,9.472469951699799e-06,0.0007526993650055114,3.8024419427107907e-07,0.0006553881702647299,0.6885576553291354,2.4982830527191045e-06,1.1006664925440303e-06,0.023197816430416993
55,0.0002975038762812358,0.05963087106765511,1.1420866054894989e-05,2.0883399801677417e-05,4.056879901075064e-05,2.484698474561181e-05,0.004765733582679259,0.012944364930370163,0.00277088321189722,5.6880530341061625e-05,0.007649863930563478,0.041491089407847556,0.0001364440737848921,0.1486854864250827,0.0006892972404283522,0.00013141203191558361,0.0062475458948627795,1.825164957690036e-05,0.000914760632507069,4.6494148544595e-07,0.0009573335848420025,0.6882619534804595,4.205907429770097e-06,2.254581550186019e-06,0.02424567896882676
56,0.00020063267275690104,0.06402685203461626,9.289412435906457e-06,1.6929658981260564e-05,2.550942104147416e-05,1.8778732299511366e-05,0.002254293939337036,0.012449842961058433,0.001618627080511393,8.186758081910408e-05,0.005953429416745863,0.018103121473738066,0.00010182063688608417,0.1497270171383947,0.0007064492822023285,9.823436077301875e-05,0.006315115259762468,1.3975916412592808e-05,0.0009339165697947031,4.1644378405915e-07,0.0008996221761607557,0.7189458750917774,3.177870462836192e-06,1.176711744264754e-06,0.017494028157503536
57,0.00016966964263036296,0.0701455886466904,8.706463838766913e-06,1.524461505089788e-05,2.2170595387992888e-05,1.5211437640102072e-05,0.0024009974538746273,0.012091735711649175,0.0013612587819631459,7.968959374823178e-05,0.005391705665942618,0.018259727381179452,0.00011253168095603902,0.13369034556855167,0.0006485359907311308,0.00011855068444138757,0.0067703160645547844,1.2957071351548235e-05,0.0012167423659542275,3.9279417293962826e-07,0.0010667719181530052,0.729070248442636,2.663719072220386e-06,1.1942188554059709e-06,0.01732704349097373
58,0.0002143051873146842,0.0677676447744667,1.080492337586776e-05,1.880385319889189e-05,3.0473774084522973e-05,2.078650743884153e-05,0.0024684803515915865,0.011756482787707787,0.0018877893514981287,9.011280681271303e-05,0.006179856929715161,0.01937657901989104,0.00011433670085977511,0.15828834057666907,0.0007561672870284692,0.00011177136380476573,0.006805700759007909,1.5065184551605845e-05,0.0010012725725804072,4.953141491191976e-07,0.0010058861767765497,0.7021355922063219,3.82688584971048e-06,1.600067284733103e-06,0.019937824638019967
59,0.00020521441561864115,0.06909499915566118,1.1191332005598617e-05,1.8016982200779658e-05,3.030864281658577e-05,2.049114300623258e-05,0.0023469730106177047,0.011842263816577984,0.0018595689009572624,9.511951965365933e-05,0.006050001105899947,0.018851238272180357,0.00010857987621738857,0.16917798424208483,0.000729437254233112,0.00011085031502995908,0.00695882633348543,1.4921306782637027e-05,0.0009542523715092922,4.993811359472699e-07,0.0010295624510244666,0.690022304319943,3.82248341446935e-06,1.553384593635504e-06,0.02046201998334974
60,0.00019727920487160568,0.06440225374147567,9.34036267763417e-06,1.6898011292278056e-05,2.600790255520598e-05,1.904206428814317e-05,0.002236333662518186,0.012445230537246532,0.0016475925738719415,8.374385635467329e-05,0.005991479610362191,0.018017554013963908,9.874678033293066e-05,0.15379166891569604,0.0007235522151962204,9.887639720218563e-05,0.00638623239558409,1.3906865848528923e-05,0.000935593424369058,4.1700966254246435e-07,0.0009060640601158901,0.7138921969049438,3.2397058374112307e-06,1.17883373014298e-06,0.018055570950003104
61,0.00021499722561150656,0.06837304167685455,1.1839689551490173e-05,1.8598391226624536e-05,3.200190987913636e-05,2.1342868608352362e-05,0.0024340420273274398,0.011977505673223079,0.001974838239122037,9.748387029703844e-05,0.006246882700100212,0.01910412851556455,0.00011213371197731969,0.17504121761450409,0.000724521798904731,0.00011064359874492498,0.006910855018481899,1.5978227609518783e-05,0.000967844441939245,5.180182065557362e-07,0.0010790006372862007,0.6838038411525217,4.045054753626531e-06,1.6509849355965687e-06,0.020721046952768774
62,0.00019727920487160568,0.06440225374147567,9.34036267763417e-06,1.6898011292278056e-05,2.600790255520598e-05,1.904206428814317e-05,0.002236333662518186,0.012445230537246532,0.0016475925738719415,8.374385635467329e-05,0.005991479610362191,0.018017554013963908,9.874678033293066e-05,0.15379166891569604,0.0007235522151962204,9.887639720218563e-05,0.00638623239558409,1.3906865848528923e-05,0.000935593424369058,4.1700966254246435e-07,0.0009060640601158901,0.7138921969049438,3.2397058374112307e-06,1.17883373014298e-06,0.018055570950003104
63,0.00018737649146005075,0.06907453629948232,8.934623461241614e-06,1.67500838517411e-05,2.414722399228787e-05,1.7973571359053005e-05,0.002064746168123537,0.0120307287714147,0.0015576094435995514,8.539763296450783e-05,0.005618767935676674,0.017558606969403392,9.607873528006154e-05,0.15070710564316359,0.00071337236226055,9.858591824350278e-05,0.006422507094168871,1.3027027031550791e-05,0.0009291112234848612,3.9867261287215484e-07,0.0008545830845564506,0.7141841583501201,3.0712822234725806e-06,1.1342321695344572e-06,0.01773129115989563
64,0.00020621288077801012,0.06765603134801021,1.091645110079827e-05,1.70676075336193e-05,2.854649143500582e-05,1.8618848672837925e-05,0.0025106926383970736,0.01287560752539418,0.00160171656984653,8.75932866112598e-05,0.006349547743177196,0.01809938701026743,0.00011092375423083155,0.16727562773757965,0.0006805020323968756,0.00010718604972691241,0.007378237326100026,1.6051596055090867e-05,0.0010460905098954429,4.651512519907978e-07,0.0012117726936964907,0.694142529221807,3.653921461957413e-06,1.3231511198381526e-06,0.018563698453453993
65,0.0003329627435255382,0.03836864275982435,6.783274959428974e-06,3.0628369230631596e-05,3.505882928646709e-05,5.953935655680812e-05,0.004902234108602505,0.017879660320975654,0.0012564400726776058,5.8908188402322544e-05,0.011682649983973023,0.01961650312541717,0.00010629510039740592,0.057648019389372786,0.0015067840009114948,0.00014414907425067155,0.011098204418403108,2.451201847273087e-05,0.002411472560215541,3.754159425395484e-07,0.001212133946916384,0.8188738972601953,6.529122351736451e-06,9.989840438171519e-07,0.012736617575095014
66,0.00023651752841980027,0.052149314390257884,1.2825305131259154e-05,1.5315687841169532e-05,2.974343292065677e-05,1.4410614284864494e-05,0.0031936178689144614,0.014726579007285447,0.0016828534022488354,7.334376579187134e-05,0.007068529174015884,0.018751628870233652,0.00019018179416343257,0.16527014714751978,0.0004943463166530771,9.041540752239167e-05,0.004536919895091803,1.939811345336082e-05,0.0008278611696883588,6.588368068466451e-07,0.0011374155769129115,0.7168321927840415,2.1217196908675714e-06,1.178316728928854e-06,0.012642483874380833
67,0.00023197970268136394,0.06851789596213412,1.413933719344265e-05,1.9675728036652158e-05,3.1118074831877236e-05,2.1819625931547505e-05,0.002559342018575147,0.013758828722843355,0.0017192906762336158,0.00010997899273080724,0.006744363542613435,0.017550075411780636,0.00012061244357066081,0.19751907690617468,0.000718827611217351,0.00012029064937437136,0.00867382196184699,2.0339893464332337e-05,0.0011017416691453607,5.92945869398357e-07,0.0014632905936648724,0.6586160927669737,5.1130921246747075e-06,1.6178057876593926e-06,0.020360073865199804
68,0.00017284071672822688,0.061611640117557966,2.531863348859536e-05,2.3082614432543016e-05,6.749488734901198e-05,2.9486623595313542e-05,0.0028366756429247454,0.0069973444925868775,0.006007379271133197,0.0001509594585599318,0.00541348166567803,0.026042819368478885,0.00010876063135781745,0.4734038876107672,0.000698036173016242,9.161595247762044e-05,0.004728557384450092,1.707100428077647e-05,0.00045326584902711625,1.104483047075771e-06,0.0009991701782006157,0.3665225107553863,8.822398278920875e-06,4.469407626251774e-06,0.04358420467957079
69,0.00019904653683525797,0.06358943442963165,1.1339784331575425e-05,1.741019578626095e-05,2.7261751992167316e-05,2.0074678684876525e-05,0.0024027135065482976,0.014074952892586513,0.0017905517733842332,9.922186526043836e-05,0.0061344531073602,0.0178600436795849,0.0001056750990277338,0.18656878420263187,0.0006745001740854206,0.00010707906549136885,0.006515798948244021,1.75019497368694e-05,0.0009900493838817693,5.012447621540636e-07,0.0011413099960952031,0.6787323334145712,3.7972615191140313e-06,1.3093514992481345e-06,0.018914855706467608
70,0.00022498251366779735,0.05735373102142622,1.0723354897703326e-05,2.381952985273679e-05,4.6747354830644106e-05,2.7383127380119163e-05,0.002972095703975349,0.01279727557695563,0.0028550272755228897,8.049468354838846e-05,0.007155007650896384,0.01920143290402507,9.973158793173684e-05,0.1866231675374437,0.0008998839424054657,6.66218140394548e-05,0.004886977461955298,1.3425702982918966e-05,0.0007504543581952554,4.6582887191138005e-07,0.000828884900129202,0.6841421419066216,4.187255381914974e-06,1.3011129634592084e-06,0.0189340358940992
71,0.00010791398556402021,0.06851174486017877,1.572944173074175e-05,1.5149517456078828e-05,6.163793684616574e-05,1.4707260201423406e-05,0.003460469736840108,0.012137867668644296,0.003964871120174879,0.0001378482919436139,0.004723285559248309,0.014404092124900616,0.0001042625092350338,0.4695849511467093,0.0003605848052690175,8.991995261915004e-05,0.004308810145329436,2.7876635916633583e-05,0.0008336903597202809,9.551109602646418e-07,0.0023499366026722085,0.39282230317681277,5.358313873396639e-06,2.314785054903356e-06,0.02195371895209842
72,0.0001850714653132094,0.05847517656217984,7.935162481554456e-06,1.8142577421363507e-05,2.1866456866094588e-05,2.456258327360966e-05,0.003475074378697461,0.013975427974179623,0.001614737363971214,7.862220313583486e-05,0.005137878859225344,0.017991909726023526,0.00011765345526501576,0.1019152174974873,0.0008271877239049692,0.00012910343812965657,0.005965671612951086,1.3882644419611193e-05,0.0012776306489185303,4.29747339828833e-07,0.000846643765494316,0.7734726465970997,2.851202519756402e-06,9.727159867341745e-07,0.014423703637714813
