,0,1,2,3,4,5,6,7,8,9,10,11,12,13,14,15,16,17,18,19,20,21,22,23,24
0,6.129746231707981e-06,8.940673374591746e-06,2.4809890141792968e-06,0.0010116770747523162,1.1938273569046364e-08,2.79885726007463e-07,8.312133155161345e-05,3.8188033068465325e-05,2.2385815315829275e-05,0.00010598277554171063,3.095033156337164e-07,0.011002718205923972,1.614365358287988e-07,0.0034284323831082703,0.0005163690774177216,1.0641971448519402e-05,0.0003417614265375634,0.0592009289031559,6.273696389935009e-07,2.0595777005319373e-07,0.0014518335060142277,0.870210364621239,7.23650502847198e-07,4.725776980892486e-09,0.05255571899876439
1,1.1320526761785861e-05,1.314145087030333e-05,5.168673271683319e-06,0.0022793629245554062,9.871187994409763e-09,2.7194894751423353e-07,0.0001508008141462539,3.433601879219606e-05,2.1205208619106437e-05,0.00027882061575711824,2.2491660858609363e-07,0.018506959264952782,1.644487393718738e-07,0.005728476883287887,0.0003085229932183785,9.024735279783384e-06,0.00027784569408468055,0.11089136363940426,3.806387555611941e-07,2.2483413104981045e-07,0.0018105599143280703,0.7504153945332178,1.2664669635159676e-06,5.49800286346128e-09,0.10925514748611596
2,1.0552846130000952e-05,1.3348732565603622e-05,3.84499121130191e-06,0.002038838161619802,1.382368945469128e-08,2.211868325955608e-07,0.00015693430287538508,3.03830351736466e-05,1.7413094141589748e-05,0.00023044719693192194,2.509598431738748e-07,0.01737822181568321,1.5010152774544004e-07,0.007676426179782279,0.0003556703785620538,6.85978716555516e-06,0.00032783392268332095,0.10520559351847143,2.696506019173946e-07,2.4681234765930637e-07,0.001489361074589435,0.7197678324198838,1.4933359022614939e-06,3.996341810133103e-09,0.14528778867544295
3,9.569372861987865e-06,1.1589715723338272e-05,3.9845904014822296e-06,0.00227374295816224,9.936905020707713e-09,2.2166857204690763e-07,0.00013962069602841366,2.9455179459287774e-05,1.6800021899968067e-05,0.00022215950730534344,2.3978566450801913e-07,0.017818679730956067,1.4408697712857696e-07,0.00663781504257881,0.00027673089531366906,6.570741965338867e-06,0.0003091618541668498,0.10750881265977645,2.7698549274589377e-07,2.0504817994049643e-07,0.0016345571324920918,0.7452272389914417,1.3855965727106835e-06,4.456713177572026e-09,0.11787102334438979
4,9.58271187326787e-06,1.1339432132925158e-05,3.7870439308802267e-06,0.0022233431713543257,9.859636002232125e-09,2.1540577647598037e-07,0.00013393073752813038,2.755682899985868e-05,1.6924418771078923e-05,0.00020728256811309976,2.3559433569854758e-07,0.018604124743912088,1.5959590885325637e-07,0.006639334087960222,0.00026438339708112713,6.318846563792182e-06,0.000322953221634284,0.10642232559951428,2.7546581095754106e-07,2.0405970514633469e-07,0.001633560084987888,0.7460378512247491,1.347404468012646e-06,4.50134134802411e-09,0.11743294999391125
5,9.278378762824261e-06,1.0516869921639663e-05,3.531120727953721e-06,0.002507902775661832,8.123759224465312e-09,2.0185221969914023e-07,0.0001187297930844652,2.5020631675843882e-05,1.5749452419768594e-05,0.0002106487585283107,2.113165430415697e-07,0.018085667186340245,1.4453834299136502e-07,0.0066971780056785364,0.00022515837090405325,5.8151536035266234e-06,0.00031238832297801226,0.12180664184126201,2.3142998684450458e-07,1.9673779072912676e-07,0.001601776095958593,0.7328824935800701,1.297710241888232e-06,4.39150445148793e-09,0.11547920756203343
6,9.569372861987865e-06,1.1589715723338272e-05,3.9845904014822296e-06,0.00227374295816224,9.936905020707713e-09,2.2166857204690763e-07,0.00013962069602841366,2.9455179459287774e-05,1.6800021899968067e-05,0.00022215950730534344,2.3978566450801913e-07,0.017818679730956067,1.4408697712857696e-07,0.00663781504257881,0.00027673089531366906,6.570741965338867e-06,0.0003091618541668498,0.10750881265977645,2.7698549274589377e-07,2.0504817994049643e-07,0.0016345571324920918,0.7452272389914417,1.3855965727106835e-06,4.456713177572026e-09,0.11787102334438979
7,2.880976484167765e-05,1.822414813946156e-05,1.157866710295059e-05,0.0027445046706545736,1.5795347563558484e-08,3.941082041922002e-07,0.00024074351039069834,4.526114800327017e-05,2.5255634924239108e-05,0.00038166852049088845,3.6192165782185127e-07,0.02463348232363428,2.7518178337116826e-07,0.0073832635514640525,0.0002757760390866043,8.307866521164986e-06,0.00036308068871439633,0.1654940924203952,5.867551982976406e-07,2.913010804204508e-07,0.0018430820347417624,0.6388391769138633,2.121055576053328e-06,1.0746871938537187e-08,0.15765963523131196
8,7.050685315580528e-06,8.16841470608925e-06,2.8982850891362646e-06,0.001681380921423752,8.123091459284e-09,1.921358796615158e-07,0.00010327669889721109,2.5178148114162806e-05,1.6000979351959626e-05,0.0001504550324453819,2.157748612427999e-07,0.0150677328278953,1.315464246107673e-07,0.005028123501568756,0.0002893816091449981,6.284830089493132e-06,0.00029185290119449446,0.09300677859298682,2.5489330035428586e-07,1.6431790487716598e-07,0.001498741619296245,0.7901676214436061,9.805630469209672e-07,3.6889714460965367e-09,0.09264712246539392
9,8.829641369404177e-06,8.43044001292944e-06,2.9276457844342444e-06,0.0014469795997949463,1.0436138173065927e-08,2.0274663448745156e-07,0.0001123537735603979,2.9549060432985067e-05,1.564427351298886e-05,0.00013959123080705367,2.7052729727217595e-07,0.014238844052668806,1.3432452940732003e-07,0.005673846259954781,0.0003159563418523825,6.154125453892068e-06,0.00032483332012470735,0.09841113336810317,2.9777300804105315e-07,1.6123858872468538e-07,0.0012403541216844988,0.7808946602679784,1.027852115388407e-06,3.781925967026359e-09,0.0971278037966669
10,9.569372861987865e-06,1.1589715723338272e-05,3.9845904014822296e-06,0.00227374295816224,9.936905020707713e-09,2.2166857204690763e-07,0.00013962069602841366,2.9455179459287774e-05,1.6800021899968067e-05,0.00022215950730534344,2.3978566450801913e-07,0.017818679730956067,1.4408697712857696e-07,0.00663781504257881,0.00027673089531366906,6.570741965338867e-06,0.0003091618541668498,0.10750881265977645,2.7698549274589377e-07,2.0504817994049643e-07,0.0016345571324920918,0.7452272389914417,1.3855965727106835e-06,4.456713177572026e-09,0.11787102334438979
11,9.862662697305861e-06,1.1621577898428795e-05,4.044315522390259e-06,0.0022790324449330347,1.0243246925248001e-08,2.251080254467297e-07,0.0001399033886448003,2.932166248945109e-05,1.715961692770761e-05,0.00022033736919605402,2.4380788923185084e-07,0.018486347113441156,1.6039921353678345e-07,0.006579080576994784,0.0002732139513115108,6.680541958464084e-06,0.0003227586203439907,0.10736270154183009,2.8761257094489884e-07,2.1446591631236232e-07,0.0016601546019385034,0.7451103074413647,1.4144760187208884e-06,4.751991607326199e-09,0.11748491170763488
12,9.418194192900398e-06,1.1387745207106827e-05,4.160427401410166e-06,0.002248558143199547,9.59250610681139e-09,2.2046943161655514e-07,0.00014290238573062326,3.110901783624271e-05,1.7291802646901354e-05,0.00021776987439171188,2.49712119811253e-07,0.018366446263199013,1.428338484426584e-07,0.006104532946746658,0.0002870581256847233,6.8584328306086314e-06,0.0002873285432991083,0.1026647144363665,2.980420710646556e-07,1.9845523925991188e-07,0.001633156152399612,0.7586505316416429,1.356503157050507e-06,4.730366245950792e-09,0.10931429552848472
13,4.670860201992751e-06,7.108884665481738e-06,2.247478068111796e-06,0.0018808637485544617,7.84407020739308e-09,1.3424792673398893e-07,0.0001252829468588707,2.8481226274352717e-05,1.0389793731624812e-05,0.00010404728710743848,4.0636499095478283e-07,0.018875889595635905,9.495450231399334e-08,0.0069518331781526985,0.00023067964069821772,4.094703100491286e-06,0.0002531028165493127,0.07077029677607174,2.0175059691048417e-07,1.1604990510061582e-07,0.001315640566060107,0.825145377276051,1.3119273292692498e-06,3.4644453249286426e-09,0.07428771661845135
14,1.237112622290813e-05,2.986960794943915e-05,3.0385027664770137e-06,0.0027600646325861094,1.9690428316115893e-08,2.604184686421365e-07,0.00019606020775796032,4.1804396917423816e-05,1.935057328213007e-05,0.0003564680225947893,4.154353859287742e-07,0.01847545195847543,1.1624329844741334e-07,0.01333032102078187,0.0003110261571814239,8.207185167959592e-06,0.00028453970172528085,0.09939170957108269,4.701476861508412e-07,2.92760297681856e-07,0.0012740305472194596,0.7512794084909611,2.3030911581221544e-06,6.074174845565815e-09,0.11222239443642948
15,9.569372861987865e-06,1.1589715723338272e-05,3.9845904014822296e-06,0.00227374295816224,9.936905020707713e-09,2.2166857204690763e-07,0.00013962069602841366,2.9455179459287774e-05,1.6800021899968067e-05,0.00022215950730534344,2.3978566450801913e-07,0.017818679730956067,1.4408697712857696e-07,0.00663781504257881,0.00027673089531366906,6.570741965338867e-06,0.0003091618541668498,0.10750881265977645,2.7698549274589377e-07,2.0504817994049643e-07,0.0016345571324920918,0.7452272389914417,1.3855965727106835e-06,4.456713177572026e-09,0.11787102334438979
16,2.8771485939796732e-05,1.646538057885371e-05,1.0059759407874134e-05,0.0026565241322064823,2.505444254213803e-08,5.208100655039916e-07,0.00019465290703286187,3.90543658521924e-05,2.8043086457073748e-05,0.00021087762300717468,5.809787264009826e-07,0.013710699103956428,2.2354270428187712e-07,0.006773066093754678,0.000451211774149039,7.958863874978724e-06,0.000551617730772686,0.17499956181055562,4.627254589188737e-07,2.750282315479761e-07,0.0011027969489969822,0.618989729008183,1.889899276003083e-06,9.384185712168941e-09,0.18022492250218325
17,2.1745676399593995e-05,2.0865934969227688e-05,1.0903064929729808e-05,0.0026826304416229835,1.3446790686212652e-08,5.334905847719447e-07,0.00020400170822023892,4.364571889827826e-05,4.1137738924289536e-05,0.00035923478270776925,3.0755192737263295e-07,0.01993066497696408,1.8023986614620198e-07,0.00539442307851175,0.0005150338193740076,1.2984446147453608e-05,0.00023494319253834092,0.1414112193450376,6.95248501513799e-07,2.439227497361546e-07,0.0019985105622896734,0.6925918797982694,1.2826342253442219e-06,9.417600528682491e-09,0.13452290976194933
18,1.1024876912024326e-05,2.7123327884096394e-05,1.513992666274655e-05,0.0027856612523142177,8.55308297795985e-09,7.080782000487112e-07,0.0002110163088134925,0.0001578090084967767,6.029976574201684e-05,0.00020710751418817657,1.2265348992918836e-06,0.01631679655587763,6.884147471478437e-08,0.001503285034188942,0.001076747368588811,3.415878686958951e-05,6.363675628228864e-05,0.03513628448487501,3.7671261403935458e-06,1.1789612413171978e-07,0.0011929519963829597,0.925229230994393,8.97877948355654e-07,2.804227894357047e-08,0.015964903091379296
19,4.22759457240725e-05,1.860245858952957e-05,4.359073409462911e-06,0.0012990940803485193,4.523818028901417e-08,1.9999440331831883e-06,5.8223672957596266e-05,4.2004397765385584e-05,1.8828243336230336e-05,0.0002864846270360247,1.0340829504102968e-06,0.002809395832676812,1.302524642206676e-07,0.014385653076862258,0.00043813066307122716,8.029498060372645e-06,0.001269093615374237,0.3413766908749208,1.139039801466658e-06,4.285654511980972e-07,0.0008830910970138432,0.47488394622030866,2.556963237611599e-06,1.2519970430335695e-08,0.16216875001645617
20,0.0005483109960793213,0.0001604029249437348,1.1931739619629759e-05,0.002055542001683784,1.7253940710101652e-07,1.7586515969267107e-06,0.00016330431716697307,8.915069371226496e-07,3.284520895018627e-05,0.0012780612535807745,7.050910985876558e-08,0.004484901018200267,9.244396377890981e-07,0.018613315165505125,4.94155852700487e-06,1.391024524354365e-06,0.0008570410325047793,0.3088427289431179,3.4083702325525907e-07,8.42742272569733e-07,0.0009442736621308339,0.00980457323259008,6.014770114218439e-06,4.0246521536424807e-08,0.6521853796782549
21,9.568432373897904e-06,1.3971416657828728e-05,3.6195149764584777e-06,0.0026025505501816415,8.189507246180479e-09,2.136854798206392e-07,0.00013938301778530676,3.135312987533678e-05,1.898436606936869e-05,0.0002698226334903637,2.0518559773334968e-07,0.020438379798603894,1.3229162638736505e-07,0.007722864701237528,0.00023947588480207837,8.075695447014805e-06,0.00023720490862603918,0.1178682585756859,2.9427144684230153e-07,1.976010255502977e-07,0.0017610385744959536,0.7492145547921013,1.0956306888063983e-06,4.463220037063647e-09,0.09941874268899752
22,3.533281132244235e-06,7.53921583525336e-05,5.050730229931356e-06,0.005215342578060064,1.991366811309125e-08,1.4025174598826725e-07,0.0015077036816395905,7.056135878924304e-05,2.6942721846763777e-05,0.0008029394201002951,2.5375140098278374e-07,0.10831371528842225,1.4282793579225082e-07,0.009402452553777836,0.0006801181258679278,1.5068607930172237e-05,7.122681261119089e-05,0.013721512762972253,7.545175270775567e-07,3.4689700379256094e-07,0.0033662817598287334,0.7249294463420543,4.367588567645101e-06,5.265711927279243e-09,0.13178668080282355
23,9.569372861987865e-06,1.1589715723338272e-05,3.9845904014822296e-06,0.00227374295816224,9.936905020707713e-09,2.2166857204690763e-07,0.00013962069602841366,2.9455179459287774e-05,1.6800021899968067e-05,0.00022215950730534344,2.3978566450801913e-07,0.017818679730956067,1.4408697712857696e-07,0.00663781504257881,0.00027673089531366906,6.570741965338867e-06,0.0003091618541668498,0.10750881265977645,2.7698549274589377e-07,2.0504817994049643e-07,0.0016345571324920918,0.7452272389914417,1.3855965727106835e-06,4.456713177572026e-09,0.11787102334438979
24,8.756483948186593e-06,6.137358532867066e-06,7.200550740577874e-06,0.0013823505478284003,1.248298729938439e-08,2.662840025135539e-07,0.00019683805224003268,3.213330695377967e-05,2.372568687796403e-05,0.00013978943287749513,3.0833386799866133e-07,0.018824016975476216,1.7978288161346113e-07,0.0028608570273647395,0.0005920059498555334,8.40924370206239e-06,0.00025243765191035474,0.07973080829550452,3.2181437844276084e-07,1.579019417464075e-07,0.0020270473087598256,0.765649206186288,1.1924119028768856e-06,5.156836698846594e-09,0.12825583577234023
25,5.7861680238406975e-06,9.395376487037613e-06,2.594481119695665e-06,0.0023157690882491815,8.315210235768386e-09,1.6928483166465004e-07,0.0001391974603067524,4.3340327155232384e-05,1.1372138819445123e-05,0.00017382322885101513,3.6796251807880784e-07,0.01617400556776803,8.439242788480463e-08,0.008238541198402023,0.00023055630760838812,5.872073442353864e-06,0.00024697427381633225,0.08813685752148646,2.5388756348210474e-07,1.4780132754150404e-07,0.0013199858123002707,0.8138008946011619,1.3190824985512559e-06,3.677920475076628e-09,0.06914267997070402
26,2.1274775494745914e-05,1.4588409600878588e-05,6.838575607765928e-06,0.002681015786464154,1.3870701008305447e-08,3.5743066914307857e-07,0.0001373320298655692,2.687967776678441e-05,2.368755882502322e-05,0.00027722606373419695,3.0696273088336854e-07,0.017943819369888526,2.60295142356228e-07,0.00609583750731859,0.00021462877335409893,6.9142441171640394e-06,0.000458420734112018,0.172091165074514,4.216470380820463e-07,2.987775847592378e-07,0.001843012237450818,0.6646583494482711,1.9868785458183282e-06,1.0757373900260817e-08,0.13349535311382865
27,7.2311641378177656e-06,9.173266969829498e-06,3.0407176164292915e-06,0.0019231800507607778,7.768404043978472e-09,1.853469975821713e-07,0.00010953422321178762,2.7272823196253885e-05,1.4891950042585426e-05,0.0001698904287866007,2.2142534571636784e-07,0.015173451655257028,1.1541847827479028e-07,0.005488144056629633,0.00026708374617712756,6.031102465738418e-06,0.000274008906345448,0.09261756648263529,2.498420940625233e-07,1.6363964740721426e-07,0.0014231660672962183,0.792461930525266,1.0881360002119214e-06,3.755957257189234e-09,0.09002236750028068
28,9.569372861987865e-06,1.1589715723338272e-05,3.9845904014822296e-06,0.00227374295816224,9.936905020707713e-09,2.2166857204690763e-07,0.00013962069602841366,2.9455179459287774e-05,1.6800021899968067e-05,0.00022215950730534344,2.3978566450801913e-07,0.017818679730956067,1.4408697712857696e-07,0.00663781504257881,0.00027673089531366906,6.570741965338867e-06,0.0003091618541668498,0.10750881265977645,2.7698549274589377e-07,2.0504817994049643e-07,0.0016345571324920918,0.7452272389914417,1.3855965727106835e-06,4.456713177572026e-09,0.11787102334438979
29,9.569372861987865e-06,1.1589715723338272e-05,3.9845904014822296e-06,0.00227374295816224,9.936905020707713e-09,2.2166857204690763e-07,0.00013962069602841366,2.9455179459287774e-05,1.6800021899968067e-05,0.00022215950730534344,2.3978566450801913e-07,0.017818679730956067,1.4408697712857696e-07,0.00663781504257881,0.00027673089531366906,6.570741965338867e-06,0.0003091618541668498,0.10750881265977645,2.7698549274589377e-07,2.0504817994049643e-07,0.0016345571324920918,0.7452272389914417,1.3855965727106835e-06,4.456713177572026e-09,0.11787102334438979
30,9.569372861987865e-06,1.1589715723338272e-05,3.9845904014822296e-06,0.00227374295816224,9.936905020707713e-09,2.2166857204690763e-07,0.00013962069602841366,2.9455179459287774e-05,1.6800021899968067e-05,0.00022215950730534344,2.3978566450801913e-07,0.017818679730956067,1.4408697712857696e-07,0.00663781504257881,0.00027673089531366906,6.570741965338867e-06,0.0003091618541668498,0.10750881265977645,2.7698549274589377e-07,2.0504817994049643e-07,0.0016345571324920918,0.7452272389914417,1.3855965727106835e-06,4.456713177572026e-09,0.11787102334438979
31,1.7758527918884177e-05,1.581364464625589e-05,7.224338573926459e-06,0.002780735410484501,1.239292657333213e-08,2.9379218701499786e-07,0.0001955283921797189,4.9444385055800114e-05,1.9288863177796393e-05,0.00033886817986904585,2.905796043688293e-07,0.01992452811388271,1.7546315892368565e-07,0.0077455431152103306,0.0002709450889696352,7.820418962571341e-06,0.0003369941762935629,0.1408337042784927,4.224831720959386e-07,2.509512409058199e-07,0.0017011817921160953,0.6953999754299773,1.759758368616781e-06,6.253786516915487e-09,0.130351434169744
32,9.971312360402116e-06,1.1840417336689883e-05,4.012462481940136e-06,0.0021803043347586905,9.87655938371467e-09,2.2994277475297117e-07,0.0001351311719681321,3.0051614095559754e-05,1.7390019651276023e-05,0.00021967540815952396,2.4436210520266397e-07,0.01778062050870377,1.4911907454725584e-07,0.006401556717376384,0.00027941422770086843,6.750529046127642e-06,0.0003083241080584794,0.10595307773818227,3.1161393941329053e-07,2.0468985381485145e-07,0.001617578604988285,0.7533630321377921,1.3581292236720366e-06,4.764914044635911e-09,0.11167875618889479
33,4.408002750786231e-06,7.032763605504647e-06,1.5252008028148387e-06,0.0018191076431992663,6.460537494225826e-09,1.7417920869715523e-07,7.508890168263739e-05,3.000302997148073e-05,7.88910742558634e-06,0.00018145424476018827,2.459317307307599e-07,0.01025115313934255,1.0781456416796627e-07,0.006973703404209285,0.00013804224660439156,5.5903964306761075e-06,0.0003710753799828568,0.08390287210925333,2.5517987394657335e-07,1.6968287783811253e-07,0.0011777017140203454,0.8438647790057646,1.3039354937828054e-06,3.808311168746745e-09,0.05118630671759609
34,3.320494250829293e-05,2.0230290449356865e-05,8.584787891187988e-06,0.0015181724545337333,1.3152776124148618e-08,3.719206519761696e-07,0.00014497625460597186,4.042364456360678e-05,4.620843615835281e-05,0.00014376515133784464,3.952033608421044e-07,0.024325910819873068,2.471629240822275e-07,0.004718965790899253,0.0003928281474839696,7.71730500800632e-06,0.00027730085203077153,0.1283130741706554,1.1263042049251814e-06,1.549870883416615e-07,0.0014687679661799728,0.747122610707047,8.421886721728075e-07,1.054313491082471e-08,0.09141409681596097
35,3.2200178250935894e-06,1.4546330983410245e-05,2.1544739925089096e-06,0.002072397685090992,1.679124038097034e-08,2.821131559683975e-07,0.00013799612940632041,2.199799355542133e-05,1.0597804335000136e-05,0.0002400980981319649,3.6286862173673845e-07,0.012397812853120149,1.1668610505284427e-07,0.008554236294311904,0.0005077955999255951,7.996500722808234e-06,0.00040700293925425044,0.04037075574475571,2.710678446750301e-07,3.366265333992906e-07,0.0017039804918862927,0.8059956985103096,2.8240663797645212e-06,3.695338376551262e-09,0.12754749861717365
36,7.206930495056409e-06,8.387930081941403e-06,2.805895214167026e-06,0.0016609251483805038,6.619190830921406e-09,1.414546419894598e-07,0.00011926318870987649,3.167118471105901e-05,1.33979694411065e-05,0.00014921715652372426,2.011615670039029e-07,0.019401721737831012,1.2671818071844369e-07,0.0054088175691872015,0.0002597571776440128,5.893535989424469e-06,0.0002441690839003334,0.08227931990056954,2.685708525952126e-07,1.3764366003405432e-07,0.0012297638428068899,0.8042005026756639,8.515126821107814e-07,3.0532899795649884e-09,0.08497544233878492
37,4.323496021251779e-06,8.669480025099581e-06,2.197603097266427e-06,0.0016160275035411364,8.969925623396418e-09,1.8844751516367864e-07,0.00011371172060832346,2.982688793662352e-05,1.2652370493859384e-05,0.0001558419166533071,2.215507320563941e-07,0.013487633136362143,9.529555930228364e-08,0.006672790719096553,0.00041776457245742494,6.785307712725941e-06,0.0002729956553948721,0.06532157320916301,2.1740783303119677e-07,1.637852164467756e-07,0.0014483279809878171,0.8090791148677347,1.0046345203195677e-06,2.158071974086277e-09,0.10134786132334005
38,1.9859960909631975e-05,1.5358598785921563e-05,7.621261757816222e-06,0.0020254010029606647,1.6569077176029516e-08,4.229045552027937e-07,0.00019900805645456577,3.596203015989698e-05,3.0123499720287902e-05,0.00028668990345522596,2.9291177989140793e-07,0.019432304457934313,2.1667647284703082e-07,0.006552640186875314,0.0004729754895320027,1.0943344909656884e-05,0.0002961002460930536,0.13522168005278315,4.872559275156177e-07,2.374826229911724e-07,0.0016799996840808629,0.6721437148729061,1.3498020343025654e-06,6.940092099009344e-09,0.16156658680811947
39,1.0618266211899845e-05,1.7343520861465598e-05,3.360344594924277e-06,0.0024428001709279174,1.1471044983763189e-08,1.774479176365834e-07,0.00015624523723217705,2.5070001640737377e-05,1.7369963408419748e-05,0.00022752931164936576,2.6135108921506646e-07,0.019817711726968487,1.1288842742973216e-07,0.00858845692764004,0.000273890255710636,5.523890247140437e-06,0.00026247116967678674,0.1033655152758803,2.555586812652955e-07,2.0328309079991009e-07,0.0013080611893521855,0.732089070649991,1.5320888707925158e-06,4.2501377378107865e-09,0.1313864037587466
40,1.1563728821191995e-05,1.3093778896174744e-05,5.362816992413007e-06,0.0019268874521761376,1.1265258826348222e-08,2.1798873555545427e-07,0.00017844276377260921,2.8477616614792804e-05,2.0873653114019465e-05,0.0001914949756218593,2.458357804101534e-07,0.022581079137463243,1.559794489507805e-07,0.006421285110029704,0.0003820592418719771,6.0909819337429786e-06,0.0002575226238042128,0.09310591499762899,2.966106720592422e-07,1.7332671152328754e-07,0.0015820417417555066,0.7253540194879547,1.2444732950595304e-06,4.044165020749407e-09,0.14793144036748132
41,2.2096091743147665e-05,1.8466149173559158e-05,8.27407647417304e-06,0.002305433727144177,3.0658669911381505e-08,3.4875731733882696e-07,0.0002852240243239429,4.051510206680264e-05,4.190949193572104e-05,0.0002166674304109216,3.68886187361152e-07,0.022054349186737467,2.3932049226872405e-07,0.006426260998700417,0.000734530396800754,1.3205179198887293e-05,0.00030561017610337043,0.12875655625983934,3.491786188865755e-07,2.836988760071403e-07,0.0014869818691241037,0.6389612209832725,1.294819694972253e-06,6.065582645659236e-09,0.19831977747151142
42,1.6192690549552473e-05,1.8169699753894814e-05,5.279448601628419e-06,0.0026948523316857715,1.8643955689849315e-08,2.6774484394996876e-07,0.00020325956346271788,2.5703354004886377e-05,2.124143840239768e-05,0.00026384543463812575,2.9594119824481364e-07,0.019666245401093303,1.6238967817598026e-07,0.010578396125195682,0.00030785371963093234,5.75023057324717e-06,0.0003651922781551574,0.1404497153104588,2.3672789714418001e-07,2.540826096931086e-07,0.0015820951889883824,0.6119198459695344,1.925053232157239e-06,4.778804068334082e-09,0.21187319645305205
43,5.766054678775831e-06,9.183744311349137e-06,3.3651147098227465e-06,0.002298890581428211,7.126623970629335e-09,2.7681760939257237e-07,0.00010631547464224013,3.154654779271388e-05,1.304252887141411e-05,0.00038550191310183195,1.6290338450811376e-07,0.0124612260748604,1.3595845892719506e-07,0.006128703045612033,0.00021864303042159114,8.647130199437805e-06,0.0003120592557720887,0.10403807898846287,2.8176593695886426e-07,2.706967677010486e-07,0.002276231435457987,0.7831532804659715,1.5385565437259792e-06,4.433026153683044e-09,0.08854684035535414
44,9.569372861987865e-06,1.1589715723338272e-05,3.9845904014822296e-06,0.00227374295816224,9.936905020707713e-09,2.2166857204690763e-07,0.00013962069602841366,2.9455179459287774e-05,1.6800021899968067e-05,0.00022215950730534344,2.3978566450801913e-07,0.017818679730956067,1.4408697712857696e-07,0.00663781504257881,0.00027673089531366906,6.570741965338867e-06,0.0003091618541668498,0.10750881265977645,2.7698549274589377e-07,2.0504817994049643e-07,0.0016345571324920918,0.7452272389914417,1.3855965727106835e-06,4.456713177572026e-09,0.11787102334438979
45,1.055353374901099e-05,1.434542394735947e-05,3.818955102798964e-06,0.002558356339285617,1.0310597155326246e-08,2.1409945935389702e-07,0.00013737430835095724,2.3324821091776987e-05,1.6250402654943207e-05,0.00026283210560946053,2.1037169153656693e-07,0.019213317559781767,1.5311617312427995e-07,0.00821609326920332,0.00020993874148373526,5.289844677749628e-06,0.00035363412280369914,0.11677439520126907,2.53893680933395e-07,2.313190727365445e-07,0.0018921615473176596,0.7092303211010567,1.7443638919101303e-06,4.588849608825899e-09,0.1410751706591982
46,4.553077421100519e-06,4.838481230698516e-06,1.9432460328547054e-06,0.0017509541859952935,5.171441603129572e-09,1.7773758498707452e-07,5.4683441118230097e-05,1.875386090460466e-05,8.516672522018487e-06,0.00011915726557026051,1.7915533043011626e-07,0.01063891131035353,1.516394268194555e-07,0.004438935231530585,0.00016764450845793382,4.538272126639208e-06,0.0005123614529003753,0.0864005174265219,1.870412247316581e-07,1.696494427006598e-07,0.0014264275404657623,0.8199513757329805,1.0683414450999866e-06,3.3176980441152477e-09,0.07449394624027339
47,1.033381252305569e-05,9.63722426898966e-06,3.700614022280533e-06,0.001792088374725081,7.41532598363709e-09,1.6440727848360846e-07,0.0001182183530310212,2.1860299782245622e-05,1.80346478986576e-05,0.00018555130730700634,1.525340308942175e-07,0.021867286036851577,1.8786044542984308e-07,0.004447611967543101,0.00024322936323139166,6.7816083384065826e-06,0.00028114063498801896,0.09839002333816656,2.7854668906430745e-07,1.8359884893437944e-07,0.001641330180089928,0.7594908178427263,9.708925977918708e-07,4.336505606151637e-09,0.11147040480278442
48,8.265602623176044e-06,5.436804774206046e-06,5.443942871873557e-06,0.0028423549588775195,1.3728188732809516e-08,1.3172281492247162e-07,0.0002481511982537893,1.8678152969770903e-05,2.1332059023546984e-05,0.00013660430947493022,1.5773305784213643e-07,0.024810769334687538,1.360553415213964e-07,0.005989552354785599,0.0004606907327575276,6.616517060425295e-06,0.00021265801000899822,0.1591804921246223,4.2171397475114013e-08,1.788614702981871e-07,0.0020035952027847694,0.4982454689194871,8.694422269058474e-07,1.80901083727499e-09,0.3058023582514284
49,8.87356572259192e-06,1.079898657012072e-05,4.235296186871728e-06,0.00246610449240826,8.264782829976271e-09,2.1709821102642992e-07,0.00013469201579831757,2.6668647292785174e-05,1.5976416312697868e-05,0.00022955060700055312,2.1775522585227786e-07,0.019110553605648246,1.4966774695707496e-07,0.006320674528785378,0.0002472563517831743,6.102684837023125e-06,0.00029600073394489177,0.10664041940301254,2.542611725150725e-07,1.9756534511788813e-07,0.0017672952076524607,0.7451836350767366,1.4211298678975333e-06,4.599570896116122e-09,0.1175286920383844
50,9.992119671154727e-06,1.278001708443809e-05,4.346138503816799e-06,0.0022460214294344203,1.2078454556403636e-08,2.1502938637471502e-07,0.0002036198644231936,3.782054360457586e-05,1.4143008918510939e-05,0.0003230908198433862,2.3688059658764717e-07,0.020260813612052026,1.5046704457701422e-07,0.008665116002928278,0.00028007000250183413,6.989100937013849e-06,0.00030119022628302596,0.10240966313682617,2.868542786484492e-07,2.3452246270250178e-07,0.0016533782120328288,0.7195012650200687,1.8087501529751483e-06,3.9986181312623605e-09,0.14406675216389186
51,8.287822198303807e-06,1.6041617145408847e-05,2.828285459181078e-06,0.0026000326643147585,5.706558388224551e-09,1.5637734211860134e-07,9.839409281342086e-05,2.5855193712574687e-05,1.5546412783054913e-05,0.00019266821267133479,1.9250099727644188e-07,0.01728714692366259,8.154219185476617e-08,0.007113983892910334,0.00021278156734479858,4.667213423208057e-06,0.0002221951843075656,0.09377305540522608,2.7234428986146995e-07,1.4795519037875515e-07,0.0012553181216882843,0.7933838291542905,1.012881749633838e-06,3.479301967704025e-09,0.083785495448427
52,8.886282328201622e-06,1.3304109115942962e-05,3.994622910092834e-06,0.002455259670026401,9.934557178411579e-09,1.9059741523134536e-07,0.00015652956675895382,2.868720272986916e-05,1.6559246941829925e-05,0.00022614633475056964,2.2857693405075437e-07,0.021595767938235175,1.5177857058091987e-07,0.006443532512159353,0.00026184371258786463,6.18861264124153e-06,0.0003028558535509794,0.08739983582307842,2.864574893054671e-07,2.1352628592444462e-07,0.0018384606365489825,0.7609800937179858,1.59390671590969e-06,4.540754673089901e-09,0.1182593748389276
53,8.195639729750817e-06,1.0827187883738493e-05,3.965529748007127e-06,0.002257254273610254,1.1068390473810754e-08,1.9312694453829101e-07,0.00017664326710459195,3.176387330542198e-05,1.6223444713943412e-05,0.00021958635350438852,2.5558906994519066e-07,0.020027954608449146,1.4037134659684318e-07,0.006529595565029813,0.0003131164579664115,6.903043166581276e-06,0.0002742196852279811,0.0932509232981914,2.446801095970333e-07,2.037060633866898e-07,0.0016382188970532141,0.7526769016984259,1.4957227137646745e-06,4.1079451696362985e-09,0.12255515880430605
54,8.118719794152957e-07,5.293300245723337e-07,2.4201847578514784e-06,0.0025403487032690094,2.1415658375260725e-09,2.2381977257617857e-07,3.9965545468902354e-05,9.180754280548273e-05,4.238762971432711e-06,4.85870108514697e-05,1.5721598883663711e-06,0.004853025932565199,1.155994596988851e-07,0.0006399146228550083,3.3667186077508614e-05,5.361378912927701e-06,0.0004817870583057825,0.055762484605764044,4.856251697856107e-07,1.227197185217687e-07,0.003061591312695443,0.929735482799575,2.1286330052134235e-06,3.453145460422634e-08,0.002693290921086351
55,1.3875139790470042e-05,1.0495679253564293e-05,5.136502568816913e-06,0.0024083107699363515,7.107280560016543e-09,1.7192903291382643e-07,0.0001491781581532442,2.2201565882949376e-05,3.1134655068470974e-05,0.00014868967951274384,1.7192746376498564e-07,0.0338712818137944,2.298286197034085e-07,0.0040729250610822155,0.0002508330603267534,6.690580345238268e-06,0.0002125035414076388,0.12828199378077543,2.8185491760833795e-07,1.4697423414012914e-07,0.0018449630236069584,0.7145699531678634,7.627384079398529e-07,5.773200648838747e-09,0.1140980556874739
56,9.691303389499625e-06,1.145977735727802e-05,3.986694562349692e-06,0.0022592908780876583,9.906501841594918e-09,2.2188294225127098e-07,0.00013839468860080945,2.8883250699239306e-05,1.6992703176846072e-05,0.00021615152596367486,2.4137375864740933e-07,0.018571516147183147,1.5655734370051654e-07,0.006567064359213159,0.00027169994911569985,6.4856883150959736e-06,0.0003159018497244387,0.1063607548225795,2.8514941448592483e-07,2.0660245134716745e-07,0.0016508170433174212,0.7464133529170556,1.3913481782985075e-06,4.644935121828564e-09,0.11715503893613281
57,7.826353172613199e-06,9.93776878890923e-06,3.2598656237631833e-06,0.0019036537983902263,7.519663954087862e-09,1.5743229732260123e-07,0.00012424159430934293,2.5929220330172308e-05,1.5145546427868083e-05,0.0001904727400885325,1.748367954946171e-07,0.021571543766941783,1.7568423456654296e-07,0.005086273988102525,0.00023533354642223266,6.024896253311597e-06,0.00029643348056987526,0.08362890267196617,2.848529493617263e-07,1.9436052543229536e-07,0.0016536991059807938,0.7843447070101999,1.1603871880615622e-06,3.989770172257729e-09,0.10089445558300761
58,1.089641314538161e-05,1.1776703844732403e-05,4.389138592267831e-06,0.0023036927677488215,1.0119382101430082e-08,2.338089198290659e-07,0.00014569950735946269,2.9927203455611394e-05,1.849479997439347e-05,0.00021573731993488113,2.648321141682508e-07,0.019834114680446543,1.6448435073977277e-07,0.006278518764115203,0.00027011894392363844,6.696500031234956e-06,0.0003011068872408279,0.1114795671899433,3.2096730278313273e-07,2.0185756674286062e-07,0.0016685784235091592,0.7441306705484204,1.41984110736567e-06,5.5390124954311215e-09,0.11328739275855779
59,1.0679221219621091e-05,1.202055606428853e-05,4.702619181826339e-06,0.0023886399126917617,1.030170283949991e-08,2.4225984687656197e-07,0.00014854817567168014,3.046343459493495e-05,1.8766717191416125e-05,0.00022993058962882237,2.635926691741307e-07,0.019082401809550696,1.585797418281729e-07,0.006087334480601986,0.0002798848529418496,6.947615920617947e-06,0.00030010618544614625,0.11033296069708182,3.1574641109668676e-07,2.1345900826407103e-07,0.0017484388084503032,0.7451607213991815,1.4891619699872062e-06,5.632971348552873e-09,0.11415475419025939
60,9.569372861987865e-06,1.1589715723338272e-05,3.9845904014822296e-06,0.00227374295816224,9.936905020707713e-09,2.2166857204690763e-07,0.00013962069602841366,2.9455179459287774e-05,1.6800021899968067e-05,0.00022215950730534344,2.3978566450801913e-07,0.017818679730956067,1.4408697712857696e-07,0.00663781504257881,0.00027673089531366906,6.570741965338867e-06,0.0003091618541668498,0.10750881265977645,2.7698549274589377e-07,2.0504817994049643e-07,0.0016345571324920918,0.7452272389914417,1.3855965727106835e-06,4.456713177572026e-09,0.11787102334438979
61,1.0822648118469338e-05,1.1993075989587066e-05,4.632263225021336e-06,0.0023648272894034837,1.049421983352351e-08,2.4022908424257275e-07,0.00014753926949063927,3.0398863991681702e-05,1.8632844857506004e-05,0.0002283369955072033,2.613345294260693e-07,0.019036817532045454,1.6334640147291545e-07,0.0061854255073654964,0.00027725608313324815,6.925479524588673e-06,0.00030869101515359164,0.11163611005962853,3.1192646619050576e-07,2.1636516227557362e-07,0.0017266942156702984,0.7425700554294559,1.4811715204712478e-06,5.552941886796392e-09,0.1154321510071136
62,9.569372861987865e-06,1.1589715723338272e-05,3.9845904014822296e-06,0.00227374295816224,9.936905020707713e-09,2.2166857204690763e-07,0.00013962069602841366,2.9455179459287774e-05,1.6800021899968067e-05,0.00022215950730534344,2.3978566450801913e-07,0.017818679730956067,1.4408697712857696e-07,0.00663781504257881,0.00027673089531366906,6.570741965338867e-06,0.0003091618541668498,0.10750881265977645,2.7698549274589377e-07,2.0504817994049643e-07,0.0016345571324920918,0.7452272389914417,1.3855965727106835e-06,4.456713177572026e-09,0.11787102334438979
63,1.0216377165727806e-05,1.3419493307111279e-05,4.0834118846866626e-06,0.002329673807396503,1.0437307569882026e-08,2.2734189112011245e-07,0.0001403920581117489,2.9094048903764172e-05,1.7709882017244912e-05,0.0002334179643276135,2.398607997981014e-07,0.018193483222927978,1.4589722740885426e-07,0.006869506053010823,0.00028286768751514287,6.623968248063105e-06,0.00031018020755900396,0.1045395950495467,2.991937278149003e-07,2.160895159423445e-07,0.0016458145932799755,0.7452338367214102,1.4542222051938013e-06,4.652807790954507e-09,0.1201374877579053
64,8.485650091062388e-06,1.1254895355319712e-05,3.8052994577818722e-06,0.002337473891642639,9.24882687916781e-09,2.158229353613643e-07,0.0001345598747912671,2.749660270574036e-05,1.6336817846695305e-05,0.0002315097871260578,2.161984775140117e-07,0.01843329668768692,1.495378037864541e-07,0.006599711432341214,0.00025803239039991064,6.448301929176372e-06,0.0003074381159635795,0.10269318140324701,2.6142426287982903e-07,2.1331572077730662e-07,0.0018761541884170668,0.7510313360761461,1.4397341320205942e-06,4.399467188392344e-09,0.11602096890322613
65,7.66961880341027e-06,1.326252672086807e-05,4.687922084727791e-06,0.003012886058815628,1.0228949376617826e-08,2.500193814519939e-07,0.00018395624862797678,4.0012799110092966e-05,1.2826313700865672e-05,0.000428288737895156,2.068596908738956e-07,0.017466461601787407,1.261628657002956e-07,0.009167113028266028,0.00028828979632652697,7.554712893298207e-06,0.00030855301534278557,0.10226389630005274,2.453376581709929e-07,2.9731378313837206e-07,0.0021703563997264134,0.7196235567836061,2.11605961315804e-06,3.755484433896523e-09,0.1449973723988137
66,1.7195122870602006e-05,1.3486161765598615e-05,8.70653401474967e-06,0.002526673406912722,2.0314659403731853e-08,4.469995417328787e-07,0.00018570712650988543,3.0830261891552804e-05,2.4751593785632382e-05,0.00039388586528149686,3.059578930049698e-07,0.01809596718766478,3.346572601299908e-07,0.0058661800202141,0.00032395539652334867,9.839107650996512e-06,0.000493895239317862,0.1462518087317779,4.070528009060971e-07,4.801512092749944e-07,0.0027256453083111744,0.6493878643848351,2.7425312766172104e-06,1.0871882929867643e-08,0.17363886001414855
67,8.235093334281603e-06,9.978803388732468e-06,3.6796324249253655e-06,0.002523625362027952,9.411403658607702e-09,2.6083889510669715e-07,0.0001203877447465543,2.7055564846788586e-05,1.4138635607557576e-05,0.00025061963396244335,2.3290639915207738e-07,0.01550780775627971,1.5874390010584674e-07,0.007333653348869681,0.00024329578968513668,6.564626803776091e-06,0.0003808140571550596,0.11848112872686754,2.4492741620383684e-07,2.3842459229900683e-07,0.0018292402800903708,0.7303670640829296,1.6133661845999204e-06,4.6116485374336846e-09,0.12288994763054012
68,1.162684740102194e-05,1.2683005607870776e-05,5.786630295728344e-06,0.0031405122580988676,7.623726744500404e-09,2.2026409333309593e-07,0.00016046090803576026,3.120644132460559e-05,1.802110406632018e-05,0.0002943238426370173,2.1208638926675547e-07,0.02245139375858955,1.4490015475355498e-07,0.0064622939063375935,0.00019812969350910918,6.162339849462688e-06,0.00026513532927198934,0.12997059291402102,2.7711300631497494e-07,1.9800193610870766e-07,0.0021357250213314286,0.7179865680451918,1.5673236450817494e-06,5.643309409453078e-09,0.11684674499816985
69,8.926692908456526e-06,1.1955375994322228e-05,4.287668066424893e-06,0.0024604253091171525,1.0571752451346579e-08,2.3529380431446854e-07,0.00015220066753051243,3.3229653378832554e-05,1.6878815103925975e-05,0.0002335290420485816,2.8165192122732307e-07,0.018547751066010615,1.4360506950595677e-07,0.0064877394601844775,0.00029480663587501903,7.1578612089228725e-06,0.0002988744970258329,0.09890578666607869,3.037243258020303e-07,2.211072315845372e-07,0.0017973176026361574,0.7614210525218047,1.6158676319358908e-06,5.183889699969225e-09,0.109315263459401
70,8.32638587947359e-06,1.2637997521505204e-05,3.61807902303168e-06,0.0021312212059435144,9.986138490781966e-09,2.492390095322474e-07,0.0001325462164816771,2.6264810574112603e-05,1.8203403243680053e-05,0.00021029158510691727,2.858245491387245e-07,0.018554624091862894,1.4419831989959626e-07,0.005883855391359459,0.0002698797547363578,6.40981523591877e-06,0.0002872415329262965,0.08643899937934564,3.8937726392798207e-07,1.945388351052829e-07,0.001957119754345925,0.7872983942082377,1.6953749207829962e-06,6.209163736912495e-09,0.09675739163997518
71,1.046807942666742e-05,2.5746820503844766e-05,3.491101389877287e-06,0.002953229695325742,2.404798753116069e-08,1.9788557770242357e-07,0.00023542890167806122,3.054499564296146e-05,1.866217430565491e-05,0.0004620853720387103,2.064923479462642e-07,0.023731818480941393,2.192993649342943e-07,0.010843718434048348,0.00033437494271600706,9.497632164944931e-06,0.0003986273929399234,0.09217755079044146,2.637026701922164e-07,5.99764564464384e-07,0.0021625484453547204,0.6696992560216691,2.7090454465114064e-06,4.702193503773515e-09,0.19689872577925965
