,0,1,2,3,4,5,6,7,8,9,10,11,12,13,14,15,16,17,18,19,20,21,22,23,24
0,0.14950071638575568,0.005673390613582277,1.4551380368847854e-06,0.001156620193275749,2.4697895758363067e-07,2.8218424036450546e-06,0.012481425473882212,1.08681869028111e-05,1.2922377950018738e-09,3.100801006208405e-05,0.00012631292360620435,0.0022565963611035477,6.708727584655685e-07,0.00235384186971556,4.066269761393039e-06,2.06879166662151e-05,0.0007347367803564638,0.5564256138312847,1.8375260228790528e-06,2.8213775266198835e-06,0.0007720712141446978,0.02142339661514541,0.23340309898336142,0.00042210901407773723,0.013193584329371838
1,0.15133757712393844,0.007459861338165066,1.6921188745465566e-06,0.0015151224677826497,3.1712323041753773e-07,3.493606407105552e-06,0.015056448107748572,1.53679054257011e-05,2.149292208241708e-09,5.6149684602946754e-05,0.00011786943295447902,0.002265750114839745,6.983987662840669e-07,0.003039092015128061,5.986512701502317e-06,3.31844486683177e-05,0.0007996944569620697,0.5124870524492334,3.3754254350311017e-06,3.26831979412227e-06,0.0012241240769365136,0.026993999608841874,0.25653317208311827,0.00044047780180915997,0.020606223229343593
2,0.13332559885171164,0.006641951476335495,1.0553738797794172e-06,0.0011168579996869397,2.4554813534642275e-07,2.8179825235019506e-06,0.009856607098010055,1.0225611590926341e-05,1.1135952418302319e-09,3.581402454837009e-05,9.798026599611658e-05,0.001947594765105385,5.380900815948702e-07,0.002382105230530123,5.518643981690796e-06,2.255325613360635e-05,0.0009424877356806587,0.4810187354159189,1.8721599997174952e-06,2.3072706248150804e-06,0.0009168524548399508,0.029347283950237602,0.3164472962418421,0.00038597814420096165,0.015489721294809645
3,0.1283174440889332,0.006131941042314828,1.1788635439158047e-06,0.0012295418349590925,2.364536608127991e-07,2.413537181699228e-06,0.010294596803957093,1.0411793611324e-05,1.0246601280452209e-09,3.411113540138477e-05,0.00010292048889806195,0.002065814174270317,5.598661792741501e-07,0.0023300022240759746,3.7476288099095115e-06,1.869435931240551e-05,0.000773700292700065,0.5626820381099046,1.7253915175378865e-06,2.388905534131991e-06,0.0008912340969779429,0.022661610850962317,0.24727722253306147,0.00039395662006650844,0.01477250787950603
4,0.12450899263205553,0.006236312912180829,1.2329060296368403e-06,0.0012065312806236487,2.5821479041627555e-07,2.639514626065224e-06,0.010541040510100208,9.664832840981233e-06,1.027358867602326e-09,3.4443781804750755e-05,0.00010374758595147348,0.0021101378687151512,6.456152905948008e-07,0.002597360580679432,3.804481235543243e-06,1.9438744289163653e-05,0.0007404957758223535,0.5603976823496168,1.6835363040432176e-06,2.447420082384446e-06,0.0008435084362765146,0.022848518458390144,0.25382145227999403,0.00039470595580913965,0.013573253299132313
5,0.10433663560947537,0.005503984357235625,9.772964966382763e-07,0.0012670027067704468,2.125516568361446e-07,2.026604874480351e-06,0.008637146244003547,9.406973851773826e-06,7.511780666883958e-10,3.143375017257095e-05,9.045852955934414e-05,0.0018088424538153837,5.267732410306451e-07,0.0020321418967030468,2.7224756083310554e-06,1.4921930643936809e-05,0.0007039026231187936,0.6069303873726452,1.307271490849087e-06,2.2224158356606226e-06,0.0008217771882486877,0.018869780617680753,0.23590504099718715,0.0003778236066649417,0.012649317001841779
6,0.1283174440889332,0.006131941042314828,1.1788635439158047e-06,0.0012295418349590925,2.364536608127991e-07,2.413537181699228e-06,0.010294596803957093,1.0411793611324e-05,1.0246601280452209e-09,3.411113540138477e-05,0.00010292048889806195,0.002065814174270317,5.598661792741501e-07,0.0023300022240759746,3.7476288099095115e-06,1.869435931240551e-05,0.000773700292700065,0.5626820381099046,1.7253915175378865e-06,2.388905534131991e-06,0.0008912340969779429,0.022661610850962317,0.24727722253306147,0.00039395662006650844,0.01477250787950603
7,0.14442137740008668,0.008125788265418486,1.6363245523199278e-06,0.001197279990981841,1.988354612084765e-07,1.908506265983203e-06,0.01606867932800243,1.0425438728198832e-05,1.2507833172027335e-09,2.7828916270874266e-05,0.0001480206780734102,0.002023691897408967,1.1110560512722224e-06,0.0021607076480729074,3.314405433369948e-06,1.3020235150199965e-05,0.0007188875804773279,0.6120023955938777,1.4815280888739647e-06,3.3598840476781656e-06,0.000558193413402369,0.018067044532776515,0.18228264678233036,0.0005783418050651869,0.011582658703192559
8,0.14403791745261132,0.007020589875797389,1.4533503675847356e-06,0.001671828722986455,2.7362170023618784e-07,1.8221518973088329e-06,0.011265222949391017,1.3658087980452908e-05,1.0188338598033191e-09,4.7233926380418366e-05,6.681806776725079e-05,0.0019310446881345945,6.234551440083204e-07,0.0026267158376590714,3.828938088343391e-06,2.1908505386318394e-05,0.0009551882205800209,0.4968434871952044,1.7172189138161257e-06,2.3400051504400115e-06,0.0009771549002996149,0.02172714951906736,0.2876513345070277,0.0005913305351345793,0.022539357248496327
9,0.14022863997942925,0.007670514942235253,1.8325859419416492e-06,0.0017424176934406354,2.724261011606978e-07,1.777322715490756e-06,0.012899817096824496,1.5001978644728365e-05,1.3162848989502832e-09,4.452105074514569e-05,8.61055703461336e-05,0.0019405371528185722,7.838861207493021e-07,0.0023895123484446723,3.6628452837644192e-06,1.8044545598151106e-05,0.000908807617728803,0.5574580123111438,1.6730997203382933e-06,2.9160867421894676e-06,0.0008885422850439536,0.019346758411635842,0.23234982521793268,0.0007073336864966885,0.02129268854258077
10,0.1283174440889332,0.006131941042314828,1.1788635439158047e-06,0.0012295418349590925,2.364536608127991e-07,2.413537181699228e-06,0.010294596803957093,1.0411793611324e-05,1.0246601280452209e-09,3.411113540138477e-05,0.00010292048889806195,0.002065814174270317,5.598661792741501e-07,0.0023300022240759746,3.7476288099095115e-06,1.869435931240551e-05,0.000773700292700065,0.5626820381099046,1.7253915175378865e-06,2.388905534131991e-06,0.0008912340969779429,0.022661610850962317,0.24727722253306147,0.00039395662006650844,0.01477250787950603
11,0.12630664177370865,0.00619805458285814,1.1967750919099955e-06,0.001222227749757558,2.3734021301924497e-07,2.4012563968371066e-06,0.010301080605997997,1.021316867756089e-05,1.0203222305434563e-09,3.371223684612562e-05,0.00010317576332256583,0.002086510093277003,6.095711815790627e-07,0.0023531833280388726,3.6454133223951833e-06,1.8147736699171966e-05,0.0007721731781477651,0.5688976646004527,1.656950215086776e-06,2.46141221962061e-06,0.0008457677560141424,0.022462501405439157,0.2438225901352273,0.0004009470027659258,0.01415319914380673
12,0.03872982335958295,0.002168992934274957,2.071919172408927e-07,0.000425619263365379,1.8856312371647543e-07,1.453921984347963e-06,0.0012584753139864042,1.587079959529707e-06,4.4503331970736714e-11,1.0254915682326542e-05,2.7770399829236295e-05,0.0016513374795544427,1.9716121914180647e-07,0.0020750217463096163,7.120960180226675e-07,6.4282002673123755e-06,0.000525352511057985,0.5903555832430538,2.2245316697873874e-07,4.710405428829465e-07,0.0004121216881489187,0.020574017243936434,0.3388177261442593,0.00010865800453216882,0.0028477779997234734
13,0.15998602680069568,0.005383669732269264,1.5723397953564196e-06,0.0011185139098912774,3.002145466909615e-07,2.431064748261987e-06,0.009325380912704444,1.057327857698899e-05,1.1135923112157128e-09,2.0143654124660908e-05,0.00018590549218317046,0.004450532295923187,6.323501117444023e-07,0.0031202704783961257,4.852399903393978e-06,1.583425461731541e-05,0.0011248916369090145,0.5305666206003545,2.1372509034083026e-06,2.3249363426395923e-06,0.0010232905731377888,0.028551587707520646,0.24158015337394179,0.00031334622183358887,0.013209007406976605
14,0.054210350407315935,0.013217800779455571,6.531063312453385e-07,0.001079989228385805,2.4236318646458717e-07,2.7285702514247648e-06,0.009911886399267145,8.959223293303017e-06,9.882025333874052e-10,6.855386131208461e-05,9.573230386881525e-05,0.0008088541179288261,6.786337670774354e-07,0.001751087145347118,3.3277236550527734e-06,1.2906604745838335e-05,0.000424255126201566,0.7093096540355236,1.6064178652262631e-06,2.174330957345547e-06,0.0009171990843744553,0.021870623151942506,0.17623300853530352,0.00046605442568338566,0.009601673435834221
15,0.1283174440889332,0.006131941042314828,1.1788635439158047e-06,0.0012295418349590925,2.364536608127991e-07,2.413537181699228e-06,0.010294596803957093,1.0411793611324e-05,1.0246601280452209e-09,3.411113540138477e-05,0.00010292048889806195,0.002065814174270317,5.598661792741501e-07,0.0023300022240759746,3.7476288099095115e-06,1.869435931240551e-05,0.000773700292700065,0.5626820381099046,1.7253915175378865e-06,2.388905534131991e-06,0.0008912340969779429,0.022661610850962317,0.24727722253306147,0.00039395662006650844,0.01477250787950603
16,0.2184690860802618,0.007485663271736342,4.231653074972474e-06,0.0014134579181671872,4.2658921280464547e-07,2.593803894614116e-06,0.017559483295111717,1.3170908783521293e-05,2.622106459782502e-09,2.048996303783526e-05,0.00017203139627997211,0.003592663359883807,1.4305142461501022e-06,0.0036968456894722755,7.861884203757893e-06,1.7066999887183344e-05,0.0011366073713450979,0.41433076735767654,1.9202163307150394e-06,3.656308126100787e-06,0.00047280848560084173,0.02366672695006472,0.2851275731113306,0.0008002852015116318,0.022003149048653508
17,0.33606750281365005,0.04236120997607166,2.448208142927638e-06,0.000500774314186497,3.0316633971064464e-07,5.135251081628411e-06,0.04425566899437326,6.078212760986309e-05,3.556307435304777e-08,0.00018318929565172714,0.0003356041313245337,0.0007660946039112333,6.716632367749432e-07,0.000500687934720895,0.00011173896533051627,4.9125409484133316e-05,0.0029732657167852424,0.3171826860278796,2.279540446845289e-05,3.3081622149724267e-06,0.0016969808949708564,0.09927468524615843,0.11614418401016421,0.002599785496403839,0.03490133662276474
18,0.014238684136400323,0.004327904109005734,1.2214853577685969e-06,0.0031366440150337937,1.378642574825554e-06,0.00025119832584577886,0.06561926103228191,1.7638708074652015e-05,3.8759869484811185e-08,0.00011255221525649258,0.0015907250981185578,0.0002444347077718287,5.23341498858031e-07,0.007075069587923698,8.387836060118155e-05,0.0004930057365350782,1.6178995386165243e-05,0.06941799425432436,3.0789544998255326e-05,2.6196339471211617e-05,0.0017485877276345381,0.006488507790284086,0.8192266109476012,4.6924714774160954e-05,0.005804051423376117
19,0.12801349939157122,0.006238155563365831,1.2593886109860238e-06,0.0012603921234137926,2.512867614981255e-07,2.426035756238729e-06,0.010325952749988125,1.0802869220327591e-05,1.0707609608035275e-09,3.481972109669586e-05,0.00010391999883614276,0.0021955984149668708,5.984719205645593e-07,0.0024483017230477987,3.7469088554782497e-06,1.8652793817369484e-05,0.0007889116748498609,0.5674420292352782,1.7756731012365813e-06,2.4821489519501255e-06,0.0008902247785535054,0.0234522337613282,0.24143636812515432,0.0004001568182329777,0.014927439272559788
20,0.11743711122593171,0.007132881570476675,1.157937256025445e-06,0.0012431936985489143,2.7875037063140615e-07,2.2566288544864773e-06,0.009034773515348935,1.3562099907679242e-05,1.130557708398688e-09,4.0064781860924475e-05,9.607134066712348e-05,0.0021573181366453375,5.762072671321516e-07,0.0022967663077254974,4.341277253020968e-06,1.7686169188618247e-05,0.0010191119676273754,0.5636348420273646,2.0028391040592733e-06,2.4475648381284502e-06,0.0009937638016220501,0.033332353143253626,0.2465202789202692,0.0004281123755163454,0.014589046582544141
21,0.13915438736001007,0.0045076265075417185,1.1070779477244174e-06,0.001164384595672018,1.947722099756236e-07,2.323105937541043e-06,0.010510729242674577,7.442294896243861e-06,6.94154765208304e-10,2.7340158090489358e-05,9.289900028815664e-05,0.002289378381727743,5.887981032751938e-07,0.0024659807485297477,2.568430583254838e-06,2.008722379864738e-05,0.0005994542682981915,0.5585991525505657,1.2629057617118432e-06,2.268203917116781e-06,0.0007512912541967503,0.015440246763607429,0.2521001824330015,0.0003320147820292311,0.011927088446456503
22,0.11411731885555369,0.00462206454903459,9.313096269994567e-07,0.0009933525452294277,2.0322938671941713e-07,2.1031679105599353e-06,0.007657311678193382,9.202473450493131e-06,7.087931040997711e-10,2.6711403228463388e-05,0.00010008983399637791,0.0020411196224471126,4.4167989714325425e-07,0.0018596994684956679,2.6870443269913537e-06,1.584817329876625e-05,0.0007871290908745217,0.6204002406737267,1.4279449307956755e-06,2.064574176898478e-06,0.0008658609576081647,0.021492216015567507,0.21456008198144436,0.00032366218590704595,0.010118230832894669
23,0.1283174440889332,0.006131941042314828,1.1788635439158047e-06,0.0012295418349590925,2.364536608127991e-07,2.413537181699228e-06,0.010294596803957093,1.0411793611324e-05,1.0246601280452209e-09,3.411113540138477e-05,0.00010292048889806195,0.002065814174270317,5.598661792741501e-07,0.0023300022240759746,3.7476288099095115e-06,1.869435931240551e-05,0.000773700292700065,0.5626820381099046,1.7253915175378865e-06,2.388905534131991e-06,0.0008912340969779429,0.022661610850962317,0.24727722253306147,0.00039395662006650844,0.01477250787950603
24,0.1482749360694864,0.005994484914281132,1.2796583411338248e-06,0.0011353112989619708,2.2814983586342256e-07,2.4269065850944163e-06,0.011065616743944977,1.1159092077475902e-05,1.169937812514956e-09,3.315837257692387e-05,0.00010942717844230861,0.002151742437079161,5.372146679794159e-07,0.0021389049431434085,4.349668022707266e-06,2.001417270350114e-05,0.0008766859198252849,0.5402489038113363,1.8237448664238878e-06,2.3734731064606325e-06,0.0009060863283484676,0.023924939820339813,0.24722543078439108,0.00043323070700056654,0.015436947420697665
25,0.1261348329008711,0.004464276280755671,1.3087744416033162e-06,0.0015593518320871193,2.0645212815967594e-07,1.4919920321021824e-06,0.01095654217017242,1.4367160269094265e-05,7.676587421513607e-10,2.3897394224469595e-05,0.00013500118554961177,0.0027078485000711387,7.153082280321631e-07,0.001964048932057219,2.1285101468302776e-06,1.3676643711209301e-05,0.0009139283092779517,0.6099166962361675,1.5131808932153145e-06,3.2846572486267307e-06,0.000771417689132234,0.01674125967212103,0.2135654620729699,0.0004099632956355918,0.009696780082149503
26,0.15138686287298933,0.00478428038500441,1.245048676569302e-06,0.0008834483501608384,1.605100383230988e-07,1.2885603554306685e-06,0.008647125197293775,9.787438675716672e-06,7.656499940905929e-10,2.1659997611940014e-05,8.391476101438777e-05,0.0018641135871160952,5.836398399394189e-07,0.0012145276880080927,2.376317028242595e-06,1.018075728902695e-05,0.0010135900983387154,0.6328420156513532,9.095266868449252e-07,1.938952210508879e-06,0.0005458245420949796,0.0172979127985994,0.16804730986786565,0.0006217514409849706,0.010717191245113536
27,0.14749022219780983,0.007120084265144632,1.351288088890477e-06,0.0011953431476513664,2.6103177546637833e-07,2.9397945541310162e-06,0.010739629874033424,1.4005583744016934e-05,1.7343938801473589e-09,4.4607729977219935e-05,0.00010055342891888889,0.0019974762307185855,5.306198736776261e-07,0.0021932141157141784,5.653597369460066e-06,2.3405657406599722e-05,0.0009206847747610027,0.5327363373722965,2.378077461882944e-06,2.7168161095544808e-06,0.0009974521232174577,0.031737395342110154,0.24217287557390133,0.0004443810692357717,0.020056498553732
28,0.1283174440889332,0.006131941042314828,1.1788635439158047e-06,0.0012295418349590925,2.364536608127991e-07,2.413537181699228e-06,0.010294596803957093,1.0411793611324e-05,1.0246601280452209e-09,3.411113540138477e-05,0.00010292048889806195,0.002065814174270317,5.598661792741501e-07,0.0023300022240759746,3.7476288099095115e-06,1.869435931240551e-05,0.000773700292700065,0.5626820381099046,1.7253915175378865e-06,2.388905534131991e-06,0.0008912340969779429,0.022661610850962317,0.24727722253306147,0.00039395662006650844,0.01477250787950603
29,0.1283174440889332,0.006131941042314828,1.1788635439158047e-06,0.0012295418349590925,2.364536608127991e-07,2.413537181699228e-06,0.010294596803957093,1.0411793611324e-05,1.0246601280452209e-09,3.411113540138477e-05,0.00010292048889806195,0.002065814174270317,5.598661792741501e-07,0.0023300022240759746,3.7476288099095115e-06,1.869435931240551e-05,0.000773700292700065,0.5626820381099046,1.7253915175378865e-06,2.388905534131991e-06,0.0008912340969779429,0.022661610850962317,0.24727722253306147,0.00039395662006650844,0.01477250787950603
30,0.1283174440889332,0.006131941042314828,1.1788635439158047e-06,0.0012295418349590925,2.364536608127991e-07,2.413537181699228e-06,0.010294596803957093,1.0411793611324e-05,1.0246601280452209e-09,3.411113540138477e-05,0.00010292048889806195,0.002065814174270317,5.598661792741501e-07,0.0023300022240759746,3.7476288099095115e-06,1.869435931240551e-05,0.000773700292700065,0.5626820381099046,1.7253915175378865e-06,2.388905534131991e-06,0.0008912340969779429,0.022661610850962317,0.24727722253306147,0.00039395662006650844,0.01477250787950603
31,0.12038747317417095,0.006537634793124842,1.4716491556425439e-06,0.0014815475504024733,2.595258968182238e-07,1.4865514797953383e-06,0.00896930505751716,1.408868214259726e-05,8.96000593899254e-10,3.75436934678539e-05,7.38434820175772e-05,0.0021214063229944903,7.10039017472109e-07,0.0021975838004251306,2.330017197900239e-06,1.391905826264482e-05,0.0008812090116584284,0.6296330114800571,1.4631022884930982e-06,2.6017767243622003e-06,0.0007910885780149402,0.020562435977761435,0.1910620184710402,0.0005499383779547496,0.014675628931226271
32,0.13439441936034516,0.00646793521660074,1.2409376498247394e-06,0.0012395351677769314,2.5178748293974063e-07,2.570349020646541e-06,0.010597001690297,1.1416217929007196e-05,1.1906684383929197e-09,3.7073786984146086e-05,0.00010623980580151668,0.0021420939682220926,5.700732050125889e-07,0.0024056241849403377,4.267012133921364e-06,2.0468373310182488e-05,0.000831865235055727,0.5525373398339399,2.0246401126363783e-06,2.4774339959107793e-06,0.0009671155832977787,0.025080312692584195,0.24705987452504002,0.000398677299802308,0.015689603633803614
33,0.16179351297099387,0.005873201316353004,1.6884781705794733e-06,0.0015251743897089544,2.3886489442876657e-07,2.871672542303909e-06,0.014506709465179199,1.2412695550530469e-05,1.79913364319789e-09,3.924469150252901e-05,0.00012685395416332676,0.002225800004403959,5.54637351191428e-07,0.002403592813178014,4.929784638399505e-06,2.460998426486203e-05,0.0007053820882770867,0.5269209273169636,2.2735331347442913e-06,2.7866274023773983e-06,0.001102351049163443,0.017089613983351862,0.2412095719987004,0.0004497861631325894,0.02397590971784513
34,0.2945087664521384,0.009549986371182472,2.8738236606923094e-06,0.0012705985517821533,3.238465849912484e-07,4.670838013047126e-06,0.023702745028398697,1.960656893140821e-05,6.857566302316866e-09,6.613629512151255e-05,0.00013642569912346615,0.002370186187647225,8.12932401381095e-07,0.003141311045597697,1.2316086221110847e-05,4.596604568377521e-05,0.0007861777013705242,0.4191076346921091,6.548014662608591e-06,3.5729646607428763e-06,0.0012358938615989463,0.029996222030048807,0.1763944940110793,0.0005607880960586324,0.03707593599835704
35,0.1401589711290745,0.0051068426786489915,9.81438597568141e-07,0.0011952302983499914,1.4918573941101078e-07,1.293366300240541e-06,0.007554429717595969,1.7039864127071247e-05,1.2516309771679565e-09,4.3845186175535245e-05,6.189298148667989e-05,0.0018054804321153944,4.5743815300275706e-07,0.0010747151071421688,2.0147146467744854e-06,1.192145495751305e-05,0.0009287710191430435,0.6876953004242847,1.803739279377992e-06,2.2160676563703358e-06,0.0008133801760989154,0.020272247997125643,0.11453812506177515,0.00045545036656822286,0.018257438903326706
36,0.1275206986861226,0.006114398977338563,1.1685254483284037e-06,0.001226165185430234,2.350670260827955e-07,2.4194119880424693e-06,0.01028490985586279,1.0326556097758661e-05,1.016578831313221e-09,3.3960376125797595e-05,0.00010310446601336125,0.0020463523040567095,5.572137289213391e-07,0.0023192290301676678,3.7257701804248834e-06,1.8628152981939872e-05,0.0007650862105591423,0.5636394486176834,1.7114427702598339e-06,2.385125692008634e-06,0.0008873434450104626,0.022490553250309794,0.2474783671338004,0.000392104380305139,0.014657119798721332
37,0.11127625256849966,0.00664360865365765,1.1690810114816134e-06,0.001382580367123258,2.6892096731634273e-07,2.8286998047539735e-06,0.010453029512677205,1.2231140287013316e-05,1.2577974362473826e-09,4.321194415577888e-05,0.00010710828549596352,0.001959940253322212,5.584535495086764e-07,0.002362462916654327,4.514905688697714e-06,2.1427225853696642e-05,0.0007970973634792163,0.5488096367596615,2.0304428598965033e-06,2.6708424112426403e-06,0.0010495357666571688,0.025360139628049266,0.27297338598466464,0.0003971209832217135,0.016337188042449366
38,0.16256853719710587,0.004896774356432903,8.583335527858983e-07,0.0007249661227162558,1.66747401303074e-07,3.937587745515266e-06,0.013672578935770782,5.964358876160721e-06,9.275652529671301e-10,2.6915128631570092e-05,0.00012909066686527462,0.0016094280313448841,4.120951608139828e-07,0.00209174122551925,4.894010145154851e-06,2.886494987417917e-05,0.0005210933942664531,0.48798470841571473,1.6666934090798625e-06,1.9093867404619862e-06,0.0007840870661104464,0.019482824339116266,0.29492855267990337,0.0002919757608459735,0.010238051589185334
39,0.12281236626557689,0.004328288720852124,1.330365713772037e-06,0.0015951020635299512,2.9374884136693597e-07,2.6789526457528566e-06,0.008672307640727154,1.602661349164606e-05,1.2116897838385507e-09,4.3782526712842146e-05,0.00010018031183730303,0.0026012540825106046,4.572403248808028e-07,0.002155602355225724,3.4654096826011457e-06,2.6827835619953006e-05,0.0009159550403057265,0.5652049403526924,2.278500958828818e-06,2.8460352585066754e-06,0.0014068547380134432,0.020970889569212406,0.25195420280381664,0.00036730812618141184,0.01681475948857836
40,0.18322192528689268,0.006364148918314205,1.174107755826482e-06,0.0006688366474066225,2.3242136013303544e-07,2.746799112068719e-06,0.008540687276462688,6.567809574688442e-06,9.37810023859831e-10,2.2274436094895296e-05,0.0001080061497791254,0.002580747319532047,4.362411489894942e-07,0.002790830695485942,5.139634442606749e-06,1.7817786584289072e-05,0.0008532740222618545,0.5215816478399575,1.7791911804610017e-06,1.5003154794304547e-06,0.0008161730185394001,0.03372092607363938,0.22446806064358413,0.0003094415482913018,0.013915624879309647
41,0.1717141562881552,0.011786472259826498,3.2193891951012534e-06,0.0017193264375505249,6.62009619758774e-07,6.559410779931657e-06,0.01804748146332799,1.8867837763217692e-05,5.700704327721653e-09,9.66541658075694e-05,0.00010689400591741703,0.0020231292618084927,8.054211046201837e-07,0.004998073305887459,1.618072532347999e-05,5.487284313912596e-05,0.0007363563688250654,0.41745465385760033,4.961224977354572e-06,3.353644041757624e-06,0.0016419979116107288,0.035734427532695935,0.28973536939978795,0.0006830073012493304,0.04341251223330077
42,0.1022890873630372,0.004424871493490013,1.0528085733798055e-06,0.001185022288645327,1.8581103623079037e-07,2.1846463602911924e-06,0.009654318853322092,3.9000225484148505e-06,5.059510999755457e-10,1.8899834938306156e-05,9.069411294850391e-05,0.0017540499826197526,6.893417949725659e-07,0.0027012773193935387,1.7838320477253785e-06,1.0318400527954566e-05,0.0003471525320399939,0.6260330587132501,6.239384081213082e-07,1.6449162843301602e-06,0.00046473670187431826,0.00823326913384683,0.23056901413629793,0.0003396203163794712,0.011872542994384061
43,0.0894735642081698,0.0063226005817198306,7.553613254105927e-07,0.0012120521633091315,3.177494152540426e-07,3.770139719125729e-06,0.007625362086897648,1.5694350619896932e-05,1.332198353792559e-09,7.189245363803151e-05,8.71243257217475e-05,0.0015492935597056867,3.42881666558607e-07,0.0018279227073426515,5.699692884698729e-06,3.054824943265803e-05,0.0009125649337351082,0.5497522594541262,2.822680011990956e-06,2.1717739117547254e-06,0.0017183005893022971,0.03732215330301129,0.28662910858221735,0.00034977948566268535,0.015083897354254779
44,0.1283174440889332,0.006131941042314828,1.1788635439158047e-06,0.0012295418349590925,2.364536608127991e-07,2.413537181699228e-06,0.010294596803957093,1.0411793611324e-05,1.0246601280452209e-09,3.411113540138477e-05,0.00010292048889806195,0.002065814174270317,5.598661792741501e-07,0.0023300022240759746,3.7476288099095115e-06,1.869435931240551e-05,0.000773700292700065,0.5626820381099046,1.7253915175378865e-06,2.388905534131991e-06,0.0008912340969779429,0.022661610850962317,0.24727722253306147,0.00039395662006650844,0.01477250787950603
45,0.15952922753095666,0.006970299170467452,1.7127542903047454e-06,0.001318839008465185,2.921934695114209e-07,2.702486236255242e-06,0.015113089924376067,1.5031379731622966e-05,1.64025604829865e-09,3.982692278079952e-05,0.00012478929632484963,0.002276477620577881,7.862175904323202e-07,0.002539868528417765,5.3127388503415695e-06,2.3871482344919254e-05,0.0009412090380749712,0.5060720466047579,2.3144500584161553e-06,3.15018922638787e-06,0.0008644315749859323,0.02711318232221586,0.2615011528454479,0.000551106207676642,0.014989277872419837
46,0.13367194075895902,0.004542927025458812,1.01713780892044e-06,0.0010848704627656163,2.1937477649693353e-07,9.841311806558238e-07,0.004962917579462125,1.5261122982482554e-05,5.577067967380287e-10,2.325071003691991e-05,8.179300590018732e-05,0.0030057000046462587,5.201099161696502e-07,0.0011952839576204446,2.6525049196538444e-06,1.012235902316901e-05,0.002554708122776315,0.595101152228321,1.2085614828117453e-06,1.8842205869715356e-06,0.0008831682647014428,0.028931791826415615,0.2126521915883928,0.0005495943291565703,0.010724840055002523
47,0.2050481734851422,0.004960506405373528,9.51309819057875e-07,0.0006343081004318716,1.334320516713332e-07,1.686687537000988e-06,0.007867279364387875,7.466693993369286e-06,6.890856489244473e-10,2.1380557225712006e-05,8.192828578345341e-05,0.002578832497779522,4.260283078596509e-07,0.0015250780273058067,2.9141298555437348e-06,1.5358345245563838e-05,0.0009914682406465852,0.5669039714298557,1.3103796282985107e-06,1.743973494648269e-06,0.0006514689502770017,0.027070389166276534,0.16959604016686067,0.00033511345984464804,0.011702070193790172
48,0.10536220425481298,0.002493792338189453,1.4632252765918806e-06,0.001204873530780976,2.0738657101582e-07,4.596532880019128e-06,0.009019216815416689,3.432064494870128e-06,8.217226273274071e-10,1.5218924354613713e-05,0.0001400249104291671,0.0022685993854185613,4.017611665338296e-07,0.0028599000879710344,2.3145208687292364e-06,1.8176027017325182e-05,0.00019372757020614381,0.6117785564649977,6.689531113907672e-07,2.233050107676598e-06,0.0006308561032801701,0.006303084379849452,0.24148026544242424,0.0002130505439493494,0.01600313490470258
49,0.11342313391033253,0.004921695768375684,1.1408676643718434e-06,0.0010701699850662776,2.533777146463505e-07,2.6408954859757693e-06,0.00788862621526889,8.774572570190202e-06,8.510621573328638e-10,2.759767710095068e-05,0.00010736388141748609,0.002573792441063177,5.473665844424592e-07,0.0023721708047827472,3.2444859191381277e-06,1.6909275978735514e-05,0.0007636337273510857,0.5895154140654986,1.4297172345213266e-06,2.3102971601459467e-06,0.0008225808529990376,0.023682412097234474,0.24076017310136208,0.0003163006917292929,0.011717683073043352
50,0.15477513343997454,0.008350686837656506,1.5236584484298527e-06,0.0014999452810166654,2.939422655011833e-07,3.2342986370967436e-06,0.018471595259134478,1.5264630259649485e-05,1.887088878732072e-09,6.694385998601465e-05,9.361915140005589e-05,0.0018301494323442389,7.36808779390712e-07,0.0032973892792402893,5.207017846958932e-06,3.4932634253145925e-05,0.0006797203043860769,0.49721737093825663,3.3646581403292675e-06,3.137723895515217e-06,0.001017491559504442,0.02946827134283211,0.2630357780860707,0.0004653851062031019,0.019662822862379255
51,0.08648465633646801,0.0051823764509988405,7.914309447906258e-07,0.0012630512198119619,1.7740735314913635e-07,1.5002013223481125e-06,0.008125353648933563,1.0371610908058777e-05,6.340013506308966e-10,3.0458928722881384e-05,8.778650518058948e-05,0.0016958586215470035,5.461900663795533e-07,0.001750229484315718,1.8180561317159472e-06,1.0031496600341242e-05,0.0006106807498274658,0.6889473737436671,1.225526769107472e-06,2.105326582570996e-06,0.0007305828034138906,0.017943602947738724,0.17735350635035638,0.0003366145806648957,0.009429299747673271
52,0.14058715498863147,0.0068698855527168316,1.4158892621697042e-06,0.0014118391648183697,2.7290463995115067e-07,2.288524375795172e-06,0.011235462725285075,1.2721652227764218e-05,1.1845929902163504e-09,3.824964341137357e-05,0.00010544952710928085,0.0023665115098605747,5.923965447947779e-07,0.0026465010392678645,4.3506906481169326e-06,2.061567755733956e-05,0.000927453467125172,0.5308066741868058,2.127411331755132e-06,2.525687319975501e-06,0.0010443899270328547,0.02522170801283401,0.2582776709485697,0.00044026764385704943,0.01797386964417375
53,0.054571613790295806,0.006721683772971508,1.2456593672170089e-06,0.0015835862823204048,3.980971525998851e-06,6.846342333036308e-07,0.000256991273596673,2.551851142588082e-05,3.058243493990378e-10,5.8788645888194e-05,1.334518285064069e-05,0.02075319360078247,3.2902836379747243e-07,0.007803531449555969,1.1450106259644122e-06,4.1285519334228056e-06,0.0039019903564265906,0.7110981745257556,4.210814169207684e-06,3.3517274772728516e-07,0.004558800183616397,0.1118250854305677,0.05144418614579201,0.0001780883350556462,0.0251893623643076
54,0.19977938602124706,0.009688089998289878,1.7189017600841718e-06,0.0012418538478374266,2.243469714533652e-07,3.0830095276264557e-06,0.01864485117763495,9.002715127483387e-06,1.7205122187179468e-09,4.759545599186666e-05,8.882279139751903e-05,0.0021343232285945157,7.262046130025165e-07,0.0038483590777810255,6.2381714965632055e-06,3.296120662913681e-05,0.0006193441596596179,0.4387012602837537,2.4916694552863836e-06,2.7757293472289875e-06,0.0008593918822912734,0.02630228136711616,0.2697866060681796,0.0004257290306750296,0.027772881934109983
55,0.15344304673728612,0.005235424578678864,1.5347871870611144e-06,0.0011921388992998498,1.6202805694367982e-07,1.6009834272524488e-06,0.010127473812694675,9.168380821288421e-06,1.1825869736594891e-09,2.390858516731656e-05,0.00010099366962943767,0.002512217608157583,7.58464140403345e-07,0.0017040061601527451,2.3209269238814827e-06,1.059407383905033e-05,0.0006808734096123269,0.6532381914574507,1.1770231035963292e-06,2.5677695987194955e-06,0.0005665376159530776,0.013578793806853846,0.14028532027694093,0.0004540598927327419,0.01682712786970476
56,0.12650422697713182,0.006293285281003858,1.2309466602481322e-06,0.0012374304662174343,2.4479829836291353e-07,2.4542480239185297e-06,0.010467240761445168,1.0469132602523514e-05,1.0626948526096389e-09,3.4551297447037366e-05,0.00010517619127873119,0.002097021027847218,6.268973653166352e-07,0.0023721337888841566,3.7479381262671997e-06,1.8581773842648388e-05,0.0007823734693466313,0.5675814855102468,1.7144823108332448e-06,2.5167598216276913e-06,0.0008589182145874651,0.022537681544314386,0.24452562953832452,0.0004093110862374888,0.014151946805940762
57,0.14702988882072351,0.007116484233365633,2.0791241181839867e-06,0.001555154106370924,4.443339160957846e-07,2.330828134260488e-06,0.00869764699932832,2.0970104684156682e-05,1.8141881010280946e-09,5.3406527917496566e-05,9.764523891844098e-05,0.004230113412414848,7.464237849918484e-07,0.003197075195942992,4.844798429939229e-06,2.3905299269839954e-05,0.0015553523521884662,0.559462782551143,3.5038555821132293e-06,2.95585746548821e-06,0.0014717403450976029,0.04129678222815422,0.202472898575014,0.00045980357849135725,0.02124144339535596
58,0.12571919654556682,0.0062434584184735,1.195433020493419e-06,0.0011843398322660301,2.3286276921055595e-07,2.1861293420343472e-06,0.010190714354562265,1.0678147503048165e-05,9.857698339012878e-10,3.3767324936614965e-05,0.00010034309532410955,0.0019841369979190747,5.783307172801762e-07,0.00214427080242375,3.674294083724915e-06,1.7328707319950895e-05,0.0008453163672109828,0.5692187431258845,1.5870170569613325e-06,2.3136173339750245e-06,0.0008660079380368436,0.022749840030570265,0.24435542962725726,0.00044677204364257345,0.013877887971008926
59,0.13075766365329164,0.006019953780554372,1.340898077108288e-06,0.0012002380151892712,2.3435688126934992e-07,1.9807887569071647e-06,0.010198910529363383,1.1012772422311609e-05,9.78021960348796e-10,3.201225749360759e-05,9.852104165396213e-05,0.0020266752036623725,5.983532009927354e-07,0.0020608195988393906,3.3974115743923665e-06,1.6409345185099825e-05,0.0008690922632107092,0.5824465607168269,1.4678293307489769e-06,2.335166302356978e-06,0.0008345038044353177,0.02084726431583764,0.22810218438528285,0.000501648970580697,0.013965173564024698
60,0.1283174440889332,0.006131941042314828,1.1788635439158047e-06,0.0012295418349590925,2.364536608127991e-07,2.413537181699228e-06,0.010294596803957093,1.0411793611324e-05,1.0246601280452209e-09,3.411113540138477e-05,0.00010292048889806195,0.002065814174270317,5.598661792741501e-07,0.0023300022240759746,3.7476288099095115e-06,1.869435931240551e-05,0.000773700292700065,0.5626820381099046,1.7253915175378865e-06,2.388905534131991e-06,0.0008912340969779429,0.022661610850962317,0.24727722253306147,0.00039395662006650844,0.01477250787950603
61,0.13249604325639208,0.00617653326653813,1.4005507857901607e-06,0.0012155002971014916,2.424787448444318e-07,2.130338514923462e-06,0.010402972596829452,1.0878641604153886e-05,1.0425937797291586e-09,3.190643953092458e-05,0.0001056025987084975,0.002189651122420515,6.145987136803014e-07,0.002230014380068825,3.594659036143156e-06,1.7166207189418692e-05,0.0008546620604901883,0.5776084823469956,1.5803760777328214e-06,2.46192701705053e-06,0.0008570243575153198,0.021686646922901603,0.22908808974390169,0.0004686332455836364,0.014548166544744516
62,0.1283174440889332,0.006131941042314828,1.1788635439158047e-06,0.0012295418349590925,2.364536608127991e-07,2.413537181699228e-06,0.010294596803957093,1.0411793611324e-05,1.0246601280452209e-09,3.411113540138477e-05,0.00010292048889806195,0.002065814174270317,5.598661792741501e-07,0.0023300022240759746,3.7476288099095115e-06,1.869435931240551e-05,0.000773700292700065,0.5626820381099046,1.7253915175378865e-06,2.388905534131991e-06,0.0008912340969779429,0.022661610850962317,0.24727722253306147,0.00039395662006650844,0.01477250787950603
63,0.12854469322182685,0.006736396524258576,1.1639272306349205e-06,0.0011868824191706383,2.284572595808646e-07,2.351842713233854e-06,0.010430585129417408,1.0178805013907009e-05,1.0461611530049664e-09,3.404935040152497e-05,0.00010417335947095416,0.0019631553094456274,5.879480789342976e-07,0.0022676391746179457,3.854329307330246e-06,1.7631162294887623e-05,0.0007812793252514938,0.5703698640577918,1.7056213302275396e-06,2.404827126049094e-06,0.0008585437514771544,0.023306604632554656,0.2382886930789319,0.00041096562172792495,0.01467636707713958
64,0.12191229434659115,0.005891209475505155,1.114428705557335e-06,0.001227555999756608,2.4255984335454473e-07,2.4239038811671062e-06,0.009317330014903471,1.0761450702078388e-05,9.89553275335768e-10,3.523535043562114e-05,0.00010719666468830618,0.0021123498251497757,4.825350092442527e-07,0.0021766541557896304,3.890183912936705e-06,1.9329628893769337e-05,0.0008296067335987158,0.5695065252290308,1.8144096317428246e-06,2.2236635145852455e-06,0.0011093652362370208,0.022451749788474994,0.24809540321513537,0.000381158855164651,0.014804081355891122
65,0.0819622173919113,0.003442033603733811,7.691196452551624e-07,0.001166787514273985,2.584002086250924e-07,2.9979762304013864e-06,0.005505257799082521,6.4123891680485505e-06,5.174510689107965e-10,2.690420672601298e-05,8.761485807484662e-05,0.002339072855092045,3.575534645697516e-07,0.0025650160505408543,2.236123001974271e-06,1.77596883442922e-05,0.0005380385583354722,0.6116356143932973,1.23617053290734e-06,1.7687835150164751e-06,0.0009989990754802815,0.017469832326656203,0.26135029190705894,0.00019393973280208785,0.010684583005372101
66,0.17306596178960254,0.007991603370169091,2.9900608667068842e-06,0.0026850895912105452,4.5404201152580756e-07,4.474210546372757e-06,0.025271726429136582,3.255436559466047e-05,4.5856386309730305e-09,0.00012051574789729242,0.00011357691052455176,0.003363858262047993,1.7188364508353346e-06,0.0044490242197243015,4.41179217428123e-06,6.279102571527369e-05,0.0007054621031377056,0.5323297345727499,7.295153863653478e-06,8.71760763072898e-06,0.0011246015133770109,0.029302447933485624,0.19495583386807783,0.0004653183281327296,0.023929833680233697
67,0.0937420379502763,0.004141430840694114,1.0578296647216548e-06,0.001218353854460556,2.007914273033317e-07,2.8802345724868746e-06,0.008719988782949717,5.196303478746745e-06,5.892741838871194e-10,2.1088204462303224e-05,0.0001012217564595835,0.0019521932605464619,5.25676249206451e-07,0.002812774160737944,2.8678715654902967e-06,1.941435046421531e-05,0.0005113268432515642,0.5014143491225453,9.156286790178073e-07,2.511083435115535e-06,0.0006683061334319341,0.014103820519527337,0.35846853099960085,0.00025782561224231847,0.011831181600003137
68,0.08566666105999299,0.0035433080614391374,5.154303570297121e-07,0.0008048452603949754,1.124317578238659e-07,1.835685915144291e-06,0.005371159344915583,5.1152485955221585e-06,3.9908401103446355e-10,1.6838349097306188e-05,9.309788433396926e-05,0.0014356041573045579,3.0388839263427044e-07,0.0010894180723640804,1.8893675258029173e-06,9.715188285790436e-06,0.0005836787966491999,0.6505389943357606,6.602340267770395e-07,1.6490494748932167e-06,0.0006156660833299466,0.014039898697324726,0.22750064706027315,0.0002460076698649224,0.00843237824353955
69,0.12726630851641216,0.006618718788553488,1.525058644796323e-06,0.0016966679557281368,2.2865009558122758e-07,1.967560617186169e-06,0.011490209316553882,1.4273282866495149e-05,1.300746095659503e-09,4.221192629813064e-05,9.689961570066326e-05,0.001979007841065367,6.705565385815318e-07,0.0020572338904002526,3.3862788349887934e-06,1.891304172731717e-05,0.0008619133019847367,0.5852188821091476,1.8049546643370246e-06,3.2580898731041607e-06,0.0009517633533783733,0.018519717150987724,0.22295036804787832,0.0005215956743215191,0.019682473736981124
70,0.13185168171149717,0.005725310420068638,1.2887097352360699e-06,0.0012175952100922562,2.43109256210599e-07,2.5573721865726933e-06,0.00996591320598421,8.709324946330966e-06,9.582263233153073e-10,3.088645994227162e-05,9.783644068830017e-05,0.0023127134954831663,5.830284065617467e-07,0.002791696854654451,3.520992734564062e-06,1.95491222479801e-05,0.0006984634178810044,0.553844730021963,1.5862375222327836e-06,2.3795623409132657e-06,0.0008322921993441541,0.02156869946118892,0.25317016963142686,0.0003512890571095617,0.01550030399507319
71,0.1363415357407954,0.003171291725452124,8.739477648322466e-07,0.0011366865115068447,9.999746641796523e-08,1.3850614751736176e-06,0.011750520656301042,8.539390018741508e-06,5.012724094250869e-10,1.703580209859977e-05,0.00011251985013818749,0.0016640504053459203,5.08149237506577e-07,0.0012272278352849525,1.716098594744312e-06,1.526187155083314e-05,0.0007125412004316472,0.5746550703349823,8.959961797097865e-07,2.938951276544475e-06,0.000558787043659488,0.010622919232870572,0.25014675043150003,0.0003672810633360445,0.007483562201460034
72,0.1196504421991807,0.0059678483191469775,1.0439719231512028e-06,0.001197525525702241,2.1630012147215336e-07,2.1344431848978962e-06,0.00994906831959361,1.1105978863607617e-05,9.262171223761324e-10,3.345971937090347e-05,0.00010473356350556402,0.0018869615207810773,5.455329575161853e-07,0.0019421668120442848,3.3599303897513765e-06,1.6646779206584523e-05,0.0008263944594821383,0.588530724471245,1.6437881566120172e-06,2.3689145945998112e-06,0.0008763079026999046,0.02209232475547763,0.23398195188318247,0.0004108419068847692,0.012510182076087444
