,0,1,2,3,4,5,6,7,8,9,10,11,12,13,14,15,16,17,18,19,20,21,22,23,24
0,2.907525546957401e-07,2.6394405381639794e-07,3.421551012070017e-07,0.00030383143091513746,9.459780275797464e-10,8.317290816557472e-08,7.5594463171038e-06,2.110902162976491e-05,3.391663766344383e-06,6.99093553590873e-06,4.6562223949817685e-07,0.002225665766875261,5.5969010723078046e-08,0.00023978785487470633,4.864873083086562e-05,2.6971177733286335e-06,0.00028489784940408916,0.0162814512205589,4.1442859063341797e-07,3.060839197673206e-08,0.0011648275165613343,0.9780361461584458,3.077433803968935e-07,6.6170458069998095e-09,0.0013707333272564611
1,5.885143165086719e-07,4.029472672898826e-07,9.042748697314158e-07,0.0007774952864764468,7.475887951196594e-10,7.752251826032648e-08,1.8969863778639182e-05,2.6187976353093455e-05,3.4546296890305126e-06,2.2881822067771044e-05,3.638447172217626e-07,0.005083153643046917,5.874876253762416e-08,0.00042760094260819065,3.50682527505113e-05,2.5921156940231406e-06,0.00019260333434428816,0.03309172377907394,2.8108062676662217e-07,3.3358226229164075e-08,0.0015619375161833812,0.9555563717336559,5.848364603797384e-07,8.002797997071677e-09,0.003196655226126099
2,5.602208281605356e-07,4.19066047294571e-07,6.763555637276778e-07,0.0007047602243905718,1.1152992246012518e-09,6.513848159352228e-08,2.023325392849992e-05,2.365090824772817e-05,2.9322210856571407e-06,1.907805799302913e-05,4.272166955337017e-07,0.004893348344941153,5.567986779351388e-08,0.000600720910195071,4.28551548295917e-05,2.027474903350624e-06,0.0002388549398086765,0.032451348370782576,2.022637012090724e-07,3.8096005045427466e-08,0.0013201688978910938,0.9552198192921324,7.136829303374772e-07,5.93350842979222e-09,0.004457037179942561
3,4.791103436659746e-07,3.3961777009690404e-07,6.558726954468047e-07,0.0007600513742100843,7.495150656007886e-10,6.375234464006492e-08,1.6489107164081077e-05,2.1761458626175632e-05,2.6532752021656035e-06,1.7548945823764014e-05,3.9107201702513224e-07,0.004638798332932527,5.115792772028534e-08,0.0004902730029376348,3.0013775202004577e-05,1.8719281887610466e-06,0.00022595053303112652,0.03207070880548449,2.01440267957302e-07,3.0305431343371176e-08,0.0014148898435984404,0.9569966697202953,6.384012586760674e-07,6.534279079133591e-09,0.0033094618834528435
4,4.817284857372031e-07,3.351745663264385e-07,6.234389906214397e-07,0.0007504781111919854,7.403195407441651e-10,6.120935147048835e-08,1.5959794981788184e-05,2.0373557747970794e-05,2.65075029438866e-06,1.65222718818864e-05,3.8380715526120585e-07,0.004905345799919816,5.663248231281363e-08,0.0004966084271300386,2.8425957844737093e-05,1.780368623413492e-06,0.00023471641376679157,0.03174203440503292,1.9934461631065497e-07,3.017569157868501e-08,0.001405597868721911,0.9570571672239513,6.271245438323741e-07,6.5834643359486474e-09,0.0033195330892439767
5,4.702713507104939e-07,3.1877184009665577e-07,5.821863350379659e-07,0.0008684112493333529,6.110015221490367e-10,5.768291547097478e-08,1.4237654307942672e-05,1.8558958088501754e-05,2.4790200052319777e-06,1.723159432785434e-05,3.47224491675501e-07,0.0048093230552094255,5.0992294315524285e-08,0.0005118676446899142,2.3911142542226603e-05,1.6346247585972656e-06,0.00022840396692453587,0.036921552605398804,1.6861327563864478e-07,2.9441810709413128e-08,0.0013924186798296972,0.951907784150027,6.196245083816693e-07,6.543830272379008e-09,0.00327953369090305
6,4.791103436659746e-07,3.3961777009690404e-07,6.558726954468047e-07,0.0007600513742100843,7.495150656007886e-10,6.375234464006492e-08,1.6489107164081077e-05,2.1761458626175632e-05,2.6532752021656035e-06,1.7548945823764014e-05,3.9107201702513224e-07,0.004638798332932527,5.115792772028534e-08,0.0004902730029376348,3.0013775202004577e-05,1.8719281887610466e-06,0.00022595053303112652,0.03207070880548449,2.01440267957302e-07,3.0305431343371176e-08,0.0014148898435984404,0.9569966697202953,6.384012586760674e-07,6.534279079133591e-09,0.0033094618834528435
7,1.7771850392854395e-06,6.325114459697432e-07,2.3646258051768703e-06,0.001062711430857733,1.3841512114124624e-09,1.2784831257561637e-07,3.496906673831215e-05,4.1261204074221474e-05,4.425692284406643e-06,3.692091155879365e-05,6.946581248499763e-07,0.007673120979942864,1.1276956574283999e-07,0.0006553852708680855,3.445738467957676e-05,2.693468571627692e-06,0.0002968313265616935,0.05752031070258057,4.972488629283711e-07,5.0085071497171846e-08,0.0017440380390659883,0.9255996026339129,1.1556632693143336e-06,1.7937488449427956e-08,0.005285839971166056
8,3.3144133039242075e-07,2.2504546009594968e-07,4.405456324230707e-07,0.0005180682024976131,5.961464965074381e-10,5.3714303023156704e-08,1.1099040472184035e-05,1.705847140757499e-05,2.439923435518789e-06,1.0763521295153826e-05,3.348264615776489e-07,0.003590547784415457,4.503342447128688e-08,0.00034716012436378474,3.0146660952512535e-05,1.710944560917643e-06,0.00021216505276326972,0.026178387539452078,1.7651024570983426e-07,2.3161999779806045e-08,0.0012382122529897683,0.9653878011194029,4.1763113647498824e-07,5.1067034143620735e-09,0.002452385749147658
9,4.227435204102493e-07,2.341653912985793e-07,4.4533499812544463e-07,0.00044797460936138895,7.773736321716901e-10,5.584430270962472e-08,1.2232361326198814e-05,2.0463136986719738e-05,2.31737567131983e-06,1.0089870784911266e-05,4.28551976688394e-07,0.0033984961035668864,4.5577312888018845e-08,0.0004086264773117584,3.24826272097381e-05,1.647254971154342e-06,0.0002411465735197506,0.028089098180405465,2.0304323631321548e-07,2.26477616014531e-08,0.0009990693322850118,0.963722814186138,4.4620798022227537e-07,5.125388436558171e-09,0.002611231891219243
10,4.791103436659746e-07,3.3961777009690404e-07,6.558726954468047e-07,0.0007600513742100843,7.495150656007886e-10,6.375234464006492e-08,1.6489107164081077e-05,2.1761458626175632e-05,2.6532752021656035e-06,1.7548945823764014e-05,3.9107201702513224e-07,0.004638798332932527,5.115792772028534e-08,0.0004902730029376348,3.0013775202004577e-05,1.8719281887610466e-06,0.00022595053303112652,0.03207070880548449,2.01440267957302e-07,3.0305431343371176e-08,0.0014148898435984404,0.9569966697202953,6.384012586760674e-07,6.534279079133591e-09,0.0033094618834528435
11,4.94896534365469e-07,3.4234250633407617e-07,6.66768843840737e-07,0.0007664298674704683,7.707576568141723e-10,6.422030577895264e-08,1.6652182657992466e-05,2.1786776736813223e-05,2.6892454229688903e-06,1.7568427311599464e-05,3.9830039995372234e-07,0.00485422696573995,5.693505666318842e-08,0.000489949500816727,2.9484401868426053e-05,1.8944516125131205e-06,0.0002347382051795349,0.031988353686780255,2.089609608532078e-07,3.17815133079577e-08,0.0014295132901978262,0.9568375843011458,6.574191335947772e-07,6.967451596280069e-09,0.0033061993335949734
12,4.6710578876155364e-07,3.341340338807541e-07,6.822745540840685e-07,0.0007444736977725053,7.157825282762457e-10,6.231186308893678e-08,1.687176115756295e-05,2.2769698047567444e-05,2.710159368459004e-06,1.7059955052701027e-05,4.0335749232258296e-07,0.004762695110441814,4.981143415101486e-08,0.000445010478039422,3.089253172828074e-05,1.9209191196375987e-06,0.00020437818403161456,0.029984619499499723,2.152668862016845e-07,2.8887956904944368e-08,0.0013909537965541155,0.9593390402607859,6.202668794734674e-07,6.864612603965584e-09,0.0030337329511167994
13,2.056483056313555e-07,1.9194133311150622e-07,3.2816326703332957e-07,0.0005972041932855759,5.188396820162463e-10,3.15208340610122e-08,1.42244372566355e-05,1.9804240163426617e-05,1.3426591548518834e-06,7.561117464056461e-06,6.328152292093351e-07,0.004737191486531156,2.824799932985092e-08,0.00051717911971164,2.2035290578069315e-05,9.702197311417318e-07,0.0001597871020995592,0.018822238560936476,1.227663934129601e-07,1.491582945080208e-08,0.0009640474960687416,0.972189876291398,5.766741021875264e-07,4.262925571575732e-09,0.0019444003105620403
14,6.112561616250885e-07,8.601521292632837e-07,4.6922341555517744e-07,0.0009385761312606618,1.4414326142975448e-09,7.330016805861259e-08,2.2097125658363464e-05,3.052185939703163e-05,2.839386418091793e-06,2.8714979419238745e-05,6.884125287590632e-07,0.004641066578399351,3.944621984696129e-08,0.0010397935879576168,3.171246136703145e-05,2.2886088999137514e-06,0.0002062278150917689,0.030455668741173565,3.2561149886441157e-07,4.2878797108837634e-08,0.001047704503929129,0.9584719575814789,1.0808028683768512e-06,8.824445032820124e-09,0.0030766292898842342
15,4.791103436659746e-07,3.3961777009690404e-07,6.558726954468047e-07,0.0007600513742100843,7.495150656007886e-10,6.375234464006492e-08,1.6489107164081077e-05,2.1761458626175632e-05,2.6532752021656035e-06,1.7548945823764014e-05,3.9107201702513224e-07,0.004638798332932527,5.115792772028534e-08,0.0004902730029376348,3.0013775202004577e-05,1.8719281887610466e-06,0.00022595053303112652,0.03207070880548449,2.01440267957302e-07,3.0305431343371176e-08,0.0014148898435984404,0.9569966697202953,6.384012586760674e-07,6.534279079133591e-09,0.0033094618834528435
16,1.6816916441727324e-06,5.031489558010697e-07,1.9317107607512582e-06,0.0009397635854815377,2.186519467579314e-09,1.871215189692796e-07,2.4778140321663657e-05,3.3841451748006756e-05,5.439155140139259e-06,1.779634377879142e-05,1.1361651777940314e-06,0.0038609448996924645,9.634822395571511e-08,0.0005163657095734377,6.07483989050651e-05,2.8196867786266693e-06,0.00046728476829627945,0.06185484881285029,4.163864818365813e-07,4.6170590114623515e-08,0.001079120093759389,0.9256540665818377,9.120742671671175e-07,1.6947930996865047e-08,0.00547525241976547
17,1.2401774612209372e-06,6.97385461645473e-07,2.0661950361223725e-06,0.0009545212146305261,1.1379825414231138e-09,1.7795200848903157e-07,2.6129777560932505e-05,3.4324354328137644e-05,7.662820852265693e-06,3.077257099935637e-05,5.467847474375347e-07,0.005523064132065799,7.030701416711005e-08,0.00041659267759188,6.285398024802731e-05,4.115760898875236e-06,0.0001813482293723017,0.045629991634735634,5.805586838088843e-07,3.8907871636654833e-08,0.0018964579174813078,0.9411446982512607,6.232154123046757e-07,1.5700106230258087e-08,0.004081408356188841
18,4.2576837441414417e-07,6.432244386364994e-07,2.138551172980739e-06,0.0007405486118413957,4.738344598666631e-10,1.7830812724958765e-07,1.9937957285211613e-05,0.00010074413254879077,8.818816107135073e-06,1.2923396392970148e-05,1.786605357589474e-06,0.0034766102996428255,1.8654530088700605e-08,7.242696467769024e-05,0.00010428982055618422,8.857258748041058e-06,2.9514373961943577e-05,0.007627803749785981,2.7988447466737267e-06,1.2904661510994426e-08,0.0008511855353932668,0.9866484587055597,3.2125992088550786e-07,4.202279091035171e-08,0.000289513759543611
19,3.187726576906278e-06,6.997171537860658e-07,8.381802406355608e-07,0.000598702849716602,4.512398658013341e-09,9.974289446505653e-07,5.838625683482371e-06,2.6331856746028985e-05,4.500837016960684e-06,2.9472588378964872e-05,2.0200369729133095e-06,0.000735756212319418,7.366593666266496e-08,0.0014291269466948395,5.3700021113064196e-05,2.983574804768537e-06,0.0015795871316475066,0.19047058564555808,9.664081941549086e-07,9.638412233198882e-08,0.0011071744021107046,0.7976039439392056,1.5121438017822329e-06,3.064053391026265e-08,0.0063418685241273375
20,0.00022875595726649505,3.382463400659893e-05,1.3284643629615023e-05,0.005268654703816562,1.1698798155770584e-07,5.016625947462074e-06,0.00010317288211323265,3.0915219721982096e-06,2.785738899651399e-05,0.0008670189154449931,9.221995487574993e-07,0.005794144888409932,2.9872463300509487e-06,0.010761831376235131,2.036392944058866e-06,2.18854120585581e-06,0.00770492146259141,0.7540836140136243,1.7646988677604495e-06,1.233858944418372e-06,0.0069668474107180065,0.0718682304718436,3.656484113927135e-05,7.110837242890199e-07,0.1362212072526979
21,4.791771674405548e-07,4.213997658893648e-07,5.995254648411897e-07,0.0008945065827473449,5.892184870232002e-10,5.7430610626214854e-08,1.726526337270097e-05,2.408816723379415e-05,2.8963438070617503e-06,2.2381328889871942e-05,3.2588313255034704e-07,0.005610631117251507,4.473337381571275e-08,0.0005994453439349066,2.591209900428214e-05,2.256963689380879e-06,0.00015937075134992064,0.03506788198473559,2.0668523450422387e-07,2.8639948917213138e-08,0.0014642017958898543,0.9532639511675731,4.984347045383871e-07,6.154991092633209e-09,0.002842542436908151
22,1.7104350200762038e-07,2.301879826606204e-06,8.709601004710602e-07,0.0018300113558976324,1.4400569178457173e-09,4.332090654271364e-08,0.0001671843312628341,4.057569320732565e-05,5.1092286348394575e-06,6.827466751633282e-05,3.7117596405184836e-07,0.028040906957849887,5.249202553285917e-08,0.0005837479772944221,7.364181692331268e-05,4.252462892577806e-06,4.6906328816576826e-05,0.004110803002810982,5.403289814336055e-07,5.275587403782264e-08,0.003494726740107648,0.9577886261339938,2.2504071417729638e-06,9.508754920025664e-09,0.0037385679896573022
23,4.791103436659746e-07,3.3961777009690404e-07,6.558726954468047e-07,0.0007600513742100843,7.495150656007886e-10,6.375234464006492e-08,1.6489107164081077e-05,2.1761458626175632e-05,2.6532752021656035e-06,1.7548945823764014e-05,3.9107201702513224e-07,0.004638798332932527,5.115792772028534e-08,0.0004902730029376348,3.0013775202004577e-05,1.8719281887610466e-06,0.00022595053303112652,0.03207070880548449,2.01440267957302e-07,3.0305431343371176e-08,0.0014148898435984404,0.9569966697202953,6.384012586760674e-07,6.534279079133591e-09,0.0033094618834528435
24,4.774086874326393e-07,1.94842114071564e-07,1.2958731447499273e-06,0.0004520836643198788,1.1017199731427957e-09,8.339811435775798e-08,2.562886466143745e-05,2.4933851067792798e-05,4.015461584375975e-06,1.1059042699051945e-05,5.542415665030007e-07,0.00506710119306179,6.722535899755761e-08,0.00022078896437546886,7.839285924238073e-05,2.550122156306361e-06,0.00019297209315713725,0.023605633375655594,2.533788739421816e-07,2.536263587558446e-08,0.0017258447386229077,0.9644633309993454,5.60004910956791e-07,7.569329998911155e-09,0.004122144363593865
25,2.531150250555764e-07,2.45896835176685e-07,3.7051327434831193e-07,0.0007247617491488739,5.555959776877295e-10,4.2907004528607894e-08,1.4746427198781657e-05,2.9633968096037175e-05,1.530617642204226e-06,1.2489784887303194e-05,5.674937209717097e-07,0.0037884743667220755,2.5932559231577653e-08,0.0005855859866214996,2.15454850455703e-05,1.4809725569321628e-06,0.0001649521349153739,0.024140325410808693,1.606087110990104e-07,1.943155831555899e-08,0.0010166035893952774,0.9677856978091447,5.64483989521756e-07,4.806996446846633e-09,0.0017099159525458716
26,1.2773460523254123e-06,4.842665975964912e-07,1.2922574221079726e-06,0.0010279067563119455,1.2043750764372691e-09,1.204095018040796e-07,1.7455668336013405e-05,2.1112571325158482e-05,4.21450689218692e-06,2.4585023674497037e-05,5.60129060231826e-07,0.005023825971742986,1.0881010035047854e-07,0.0004988311531147114,2.4035770002835652e-05,2.163858154738136e-06,0.00040708680225101033,0.06013387094670603,3.4597715005471824e-07,5.133093493148331e-08,0.0018116651842995483,0.9267893887711747,1.067460196634382e-06,1.9057657579306566e-08,0.004208528766964887
27,3.429135483237889e-07,2.6275563046831216e-07,4.732221515901143e-07,0.0006207637929348898,5.512603768017379e-10,4.900281374563238e-08,1.245099525289415e-05,1.8985748605813815e-05,2.2000208568541797e-06,1.2855259054176493e-05,3.412408440187476e-07,0.0037933835309321194,3.774266561187109e-08,0.00039415526826336696,2.71703775133571e-05,1.5712394266815405e-06,0.00018617700731289545,0.0259638467337667,1.686518196087479e-07,2.269036558440169e-08,0.0011480135834496133,0.9653907473827796,4.840963783773842e-07,5.11506244135209e-09,0.0024254910773110496
28,4.791103436659746e-07,3.3961777009690404e-07,6.558726954468047e-07,0.0007600513742100843,7.495150656007886e-10,6.375234464006492e-08,1.6489107164081077e-05,2.1761458626175632e-05,2.6532752021656035e-06,1.7548945823764014e-05,3.9107201702513224e-07,0.004638798332932527,5.115792772028534e-08,0.0004902730029376348,3.0013775202004577e-05,1.8719281887610466e-06,0.00022595053303112652,0.03207070880548449,2.01440267957302e-07,3.0305431343371176e-08,0.0014148898435984404,0.9569966697202953,6.384012586760674e-07,6.534279079133591e-09,0.0033094618834528435
29,4.791103436659746e-07,3.3961777009690404e-07,6.558726954468047e-07,0.0007600513742100843,7.495150656007886e-10,6.375234464006492e-08,1.6489107164081077e-05,2.1761458626175632e-05,2.6532752021656035e-06,1.7548945823764014e-05,3.9107201702513224e-07,0.004638798332932527,5.115792772028534e-08,0.0004902730029376348,3.0013775202004577e-05,1.8719281887610466e-06,0.00022595053303112652,0.03207070880548449,2.01440267957302e-07,3.0305431343371176e-08,0.0014148898435984404,0.9569966697202953,6.384012586760674e-07,6.534279079133591e-09,0.0033094618834528435
30,4.791103436659746e-07,3.3961777009690404e-07,6.558726954468047e-07,0.0007600513742100843,7.495150656007886e-10,6.375234464006492e-08,1.6489107164081077e-05,2.1761458626175632e-05,2.6532752021656035e-06,1.7548945823764014e-05,3.9107201702513224e-07,0.004638798332932527,5.115792772028534e-08,0.0004902730029376348,3.0013775202004577e-05,1.8719281887610466e-06,0.00022595053303112652,0.03207070880548449,2.01440267957302e-07,3.0305431343371176e-08,0.0014148898435984404,0.9569966697202953,6.384012586760674e-07,6.534279079133591e-09,0.0033094618834528435
31,9.65424213695684e-07,4.819063387489697e-07,1.306322642739775e-06,0.0010022387497858496,9.479009567900919e-10,8.732668590037423e-08,2.5092385684106708e-05,4.018288490889219e-05,3.1491198122549683e-06,2.9524572426309526e-05,5.017342184065825e-07,0.005679728271394649,6.549165745255664e-08,0.000613551154145846,3.082404695746175e-05,2.342016317081406e-06,0.00024549046537226623,0.04578562486485642,3.2076472568831444e-07,3.861035589347574e-08,0.001526921609054447,0.9411139236960601,8.617930021820244e-07,9.745214245134812e-09,0.0038967660962683543
32,4.983703051286158e-07,3.4838414829068886e-07,6.568043602460611e-07,0.000725517163205047,7.388149662526015e-10,6.55305641422793e-08,1.5889943547720536e-05,2.204181774627759e-05,2.72453839093421e-06,1.73417223755241e-05,3.958178384743493e-07,0.004606935265793951,5.238709355013474e-08,0.0004707336731333793,2.991102035155897e-05,1.898817306680526e-06,0.00022244427793847505,0.03127256472307015,2.2672322123606908e-07,3.003896411146265e-08,0.0013847496704283415,0.9581177073664847,6.256963966680111e-07,6.976354308171263e-09,0.0031066325321660753
33,1.9359468234064427e-07,1.7547249733493345e-07,2.010111207797566e-07,0.0005448342250057252,4.2962006674644105e-10,4.6178390511775874e-08,6.9243955441489415e-06,1.9501520997630615e-05,9.56007325419038e-07,1.3247307512017002e-05,3.6298717794584027e-07,0.0020793958831742034,3.391137577688591e-08,0.0004866126772977695,1.1547966586978073e-05,1.4230021559103273e-06,0.00028595413898719013,0.02323666109308521,1.6459279689580105e-07,2.4128521268522242e-08,0.0008795907974194115,0.9712240345432586,5.700754640963193e-07,5.103065055014914e-09,0.0012075389569376773
34,1.8913725996215249e-06,6.4664991051224e-07,1.6068446434375595e-06,0.0005125137393681282,9.856964907445747e-10,1.0552003834242858e-07,1.912709464110358e-05,3.21743973902733e-05,8.011636866438053e-06,1.159724633582e-05,6.670174041553154e-07,0.0072076990273135,8.958693014393085e-08,0.00034811604198320406,4.671279712486792e-05,2.1822632255000228e-06,0.00017726355701358943,0.03870560849514341,9.092692652481061e-07,2.2017347497144008e-08,0.0012310099297312112,0.9490142311234565,3.801727845332794e-07,1.6208058403811874e-08,0.0026774170057279924
35,1.3429106881354429e-07,3.699084247069051e-07,3.1068999868170236e-07,0.0006180395929736355,1.2072660158540874e-09,7.95398060894486e-08,1.4521674499456566e-05,1.515702110068574e-05,1.4472363979062713e-06,1.73309967777326e-05,5.878058767897162e-07,0.0028205714911126406,3.888738165571021e-08,0.0005789692976572588,5.405952368567479e-05,2.17221000689162e-06,0.0002926446807086885,0.01049998277101509,1.8722478207671012e-07,4.805379749221659e-08,0.0013903121414144282,0.9804240647465341,1.288369280975361e-06,5.107098155044831e-09,0.003267675531334219
36,3.3966678832929583e-07,2.3717620358609317e-07,4.2572952829633836e-07,0.0005221513619467443,4.694142956996784e-10,3.6713680721943913e-08,1.3342543038821655e-05,2.2025047636719283e-05,1.9162620831547173e-06,1.1001754706149761e-05,3.083006821975844e-07,0.00481134916585961,4.1424001595293284e-08,0.0003938217147708368,2.649507592876053e-05,1.5292214941833961e-06,0.00016841971652098773,0.022739456961038337,1.7850303000976192e-07,1.8964083669281916e-08,0.000954649658273434,0.9680308500994628,3.6580267096954695e-07,3.962341552972947e-09,0.0023010347048140808
37,1.934533269471992e-07,2.3265835238125098e-07,3.176807237679303e-07,0.0004879329739446783,6.515826638872305e-10,5.1084084087125706e-08,1.1798276945165073e-05,2.003705845344215e-05,1.7874145159991747e-06,1.0842665998062843e-05,3.378409763490013e-07,0.003055111126416747,3.1180973243087214e-08,0.00047662556091943866,4.245734273987874e-05,1.7762364140249388e-06,0.00020403789953635853,0.017869532788338242,1.4027181677223416e-07,2.25007274959276e-08,0.0011446331111474842,0.973988734114149,4.1966474808070456e-07,2.7010098183799262e-09,0.002682943742160077
38,1.1810741502440707e-06,5.233572094418732e-07,1.5137802442891795e-06,0.0007470440107136258,1.4353711455057682e-09,1.3740320535932607e-07,2.830844960822684e-05,3.0596941898615916e-05,5.603431541565126e-06,2.5960844992132453e-05,5.353515701523884e-07,0.0059426185101949585,8.702398730571061e-08,0.0005406417502871552,6.21084088234451e-05,3.5394509011746716e-06,0.00022344229550481652,0.044923739656222,4.0872841848538573e-07,3.8780823887247486e-08,0.0015893140031826576,0.9405407171602792,6.853931302785983e-07,1.1371786662474855e-08,0.005331241385953365
39,5.372778179091157e-07,5.217847619055928e-07,5.470276660588799e-07,0.0008491732622099828,8.499386463551214e-10,4.968172156037565e-08,1.8942914114762474e-05,1.8826086924098767e-05,2.6956276068697716e-06,1.8801950738193503e-05,4.3331951974846417e-07,0.005329486047123307,3.8948313642385634e-08,0.0006586407805072969,2.9143476075114378e-05,1.5639057798856471e-06,0.00018624375209960777,0.03141358928311685,1.8626898806741347e-07,3.022086770560768e-08,0.0011207296082148515,0.9566474573185361,7.349915289907905e-07,6.377013327578319e-09,0.00370161923881568
40,6.101272942518057e-07,3.9556616370597543e-07,9.64612463471725e-07,0.0006638986864087479,8.574636611363383e-10,6.170155465483343e-08,2.3446086651461755e-05,2.269342106611017e-05,3.4074153312977503e-06,1.5729987431627137e-05,4.1195160304414653e-07,0.0065617777860373415,5.663791623014627e-08,0.0004956836945646943,4.6140513265024634e-05,1.7738074585983024e-06,0.00017835784014614314,0.02840876757201998,2.1819141340182302e-07,2.5603840159295336e-08,0.0013680354428661557,0.9576714625651537,5.775832279026675e-07,5.793248024800299e-09,0.004535496555410711
41,1.296201678310428e-06,5.670356439192788e-07,1.6192203483586543e-06,0.0008198460813516654,2.7840121348515524e-09,1.1929486997392125e-07,3.8179158110058576e-05,3.564018568531474e-05,8.00264174045157e-06,1.7906251948985584e-05,7.022022681671763e-07,0.006416840729654925,1.025757992516676e-07,0.0005109570739431509,0.00010494536563717194,4.662039961415604e-06,0.0002589474664236297,0.04489148701775302,2.8577138811408126e-07,4.733094587179758e-08,0.0014334319870227404,0.9389110920665144,6.135058008821086e-07,9.719984589072448e-09,0.006542696291513434
42,9.821212495570203e-07,6.146992250398868e-07,1.0264197090597604e-06,0.0010705584727275083,1.700426486897652e-09,9.545587861527383e-08,2.7915274963227716e-05,2.201390371898811e-05,4.082659168666377e-06,2.4588724401197782e-05,5.805713826785381e-07,0.0059583976200367796,7.051558310836572e-08,0.0009150486796471287,3.893972985787214e-05,1.9874621657061564e-06,0.0003261438088342355,0.05174039203062377,2.0641500230988769e-07,4.5197942840521845e-08,0.001676436220029104,0.9311712674107709,1.062784768644124e-06,8.827003342643835e-09,0.0070175332948832865
43,2.805067902131117e-07,2.6996253847102355e-07,5.264987868553486e-07,0.0007630501901149204,5.247790245471427e-10,8.016757990231806e-08,1.155973044743683e-05,2.1729124071623365e-05,1.95475688933944e-06,3.110618867337146e-05,2.443048626959226e-07,0.00294857787729076,4.7535700664361014e-08,0.000450430675416646,2.1281939672423255e-05,2.3772074271407928e-06,0.00024018590295422847,0.030634488281390558,1.9750530523623192e-07,4.108326938877316e-08,0.001961114171409003,0.9605036502152209,7.084424268645508e-07,6.322560260126466e-09,0.002406090884422166
44,4.791103436659746e-07,3.3961777009690404e-07,6.558726954468047e-07,0.0007600513742100843,7.495150656007886e-10,6.375234464006492e-08,1.6489107164081077e-05,2.1761458626175632e-05,2.6532752021656035e-06,1.7548945823764014e-05,3.9107201702513224e-07,0.004638798332932527,5.115792772028534e-08,0.0004902730029376348,3.0013775202004577e-05,1.8719281887610466e-06,0.00022595053303112652,0.03207070880548449,2.01440267957302e-07,3.0305431343371176e-08,0.0014148898435984404,0.9569966697202953,6.384012586760674e-07,6.534279079133591e-09,0.0033094618834528435
45,5.447675287402593e-07,4.2493584181009415e-07,6.355635574493959e-07,0.000893735906087062,7.91614402194099e-10,6.44118935148705e-08,1.622855248632185e-05,1.7481811895605726e-05,2.61235783139227e-06,2.16601236749397e-05,3.514802399751958e-07,0.005101046934606862,5.706012065350907e-08,0.0006292019999264678,2.2459097473246413e-05,1.5612027658380586e-06,0.00027768506574242535,0.03695639385193079,1.9033647535652437e-07,3.58501231083251e-08,0.0017403389448578928,0.9502685198373764,8.44232768683252e-07,7.139235402152661e-09,0.004047917743945741
46,2.2668832603392175e-07,1.5315759474188634e-07,2.7217023164996557e-07,0.0005969971451733365,4.1206953353494785e-10,5.419879483806098e-08,5.664420908225402e-06,1.2531694267123555e-05,1.1506414734863104e-06,9.772343983931448e-06,3.0133937128776263e-07,0.002351092647486024,5.0866663177571726e-08,0.00036490356605739174,1.6279045031198166e-05,1.2266947306030815e-06,0.000440772323564428,0.025155429215946754,1.3957436819486968e-07,2.8929404497025103e-08,0.001122674033643489,0.9678255914476702,5.460275854353217e-07,5.006877613584682e-09,0.0020941364087770364
47,5.381745721929631e-07,2.998742364723963e-07,6.088742086256584e-07,0.0005955757448317441,5.829578232603414e-10,4.7239360521017363e-08,1.3913286937517861e-05,1.53683370750102e-05,2.890466852630466e-06,1.4723591462922596e-05,2.432578725116534e-07,0.005718284232130138,6.86717777912521e-08,0.00033334140290515425,2.626814107210258e-05,1.905116026801802e-06,0.00021311121072665212,0.02903154221352861,2.0407192975539413e-07,2.8136878524439083e-08,0.0014147292927206103,0.9593569192766269,4.5372164869536557e-07,6.362620519925655e-09,0.003258928719040015
48,7.070883864313535e-07,2.6868790323306627e-07,1.479117875496316e-06,0.001417501334842799,1.6841762475926593e-09,5.1382203512177244e-08,5.072840490116352e-05,2.131389490904398e-05,5.3813695119447576e-06,1.5980886205965538e-05,3.8616671623952125e-07,0.010621165917020479,6.635350032814203e-08,0.0007162084010636436,9.054345159214099e-05,2.5089011673846897e-06,0.0002001975657413728,0.07242770734364566,4.198933191134891e-08,3.8713158486444776e-08,0.0023071266639640344,0.8963518161966911,5.856255463714043e-07,3.4203931842008513e-09,0.015768189439551595
49,4.44608875313201e-07,3.219167733409144e-07,7.122651668981812e-07,0.0008391977558555311,6.126553759599085e-10,6.097924298429782e-08,1.6442661936120946e-05,1.996716147052816e-05,2.5017953482134904e-06,1.859148125263002e-05,3.536383235709659e-07,0.005156498349814554,5.2505022829734496e-08,0.0004749741543629254,2.706641191025557e-05,1.7099266805924186e-06,0.0002082900806735004,0.03160842435311324,1.8289582231122456e-07,2.900740764406776e-08,0.0015164464565236187,0.9567391630764867,6.631460388220049e-07,6.644072838182422e-09,0.0033678981151698604
50,5.257401536469594e-07,4.000262529291145e-07,7.62494894858452e-07,0.0008018465386315859,9.381623391082425e-10,6.033261722415249e-08,2.718632642036908e-05,3.085383457164819e-05,2.1677883047295556e-06,2.8896792614441738e-05,3.987359060705218e-07,0.005800617199826333,5.381673644814525e-08,0.0007156247766846474,3.175570412691527e-05,2.0213993405374187e-06,0.00021681195273539548,0.03157797552803254,2.0919991656800815e-07,3.641216832607931e-08,0.0014247554535986864,0.9548871959324873,9.123318863737317e-07,5.7489124320944515e-09,0.004448924995017813
51,3.5805162996480323e-07,4.334771110273437e-07,3.940568318042864e-07,0.0008266666015316144,3.2199189696251403e-10,3.5596991765009795e-08,1.0159183536487246e-05,1.8374737522043173e-05,2.054383570041995e-06,1.3949844163226639e-05,2.7322668815135565e-07,0.004289576950740677,2.2452441926709382e-08,0.000498416971132183,2.0307646296066788e-05,1.1361790799765054e-06,0.00012865095111750624,0.02515831597098703,1.7409974454652083e-07,1.812170615580672e-08,0.0008978672482843848,0.9661335881954656,3.908072326256312e-07,4.177240912432794e-09,0.001998830746962407
52,4.274508537913181e-07,3.7062827449478605e-07,6.336754140002924e-07,0.000803932740113889,7.176964553539241e-10,5.334625743922289e-08,1.7680006194138474e-05,2.031522727671978e-05,2.5443516069622952e-06,1.7211334076439908e-05,3.612211232618823e-07,0.005511624077548701,5.3521529077434316e-08,0.00045638841305556404,2.724206772204198e-05,1.728727619856758e-06,0.00021803270098872055,0.02548733734131072,2.01638452946463e-07,3.0729291819884734e-08,0.0015873879157704877,0.9626486890611731,7.15365881860606e-07,6.6015270271745606e-09,0.0031970311392402295
53,4.0804693604077834e-07,3.2262783671911955e-07,6.615502833877659e-07,0.000759911613587432,8.416564853854505e-10,5.421880219513799e-08,2.18101357154135e-05,2.372031903013218e-05,2.570152804480543e-06,1.7562049029980063e-05,4.183086689705483e-07,0.005374578833793875,4.925064182466924e-08,0.00048515768933366676,3.46717403813959e-05,1.95083968682017e-06,0.0001923484939285696,0.027277075123018427,1.7633441887753622e-07,2.995931306248596e-08,0.0014079852720953118,0.9609013463986585,6.994620230679492e-07,5.9593791594193e-09,0.003496484778976219
54,2.7549976280717574e-07,1.8951259651765312e-07,5.577063597186648e-07,0.0008500920832440676,5.975194140955762e-10,7.437271219329665e-08,1.2502142690532623e-05,2.9022669518454675e-05,1.8436245138215228e-06,1.3667460761084715e-05,7.31023288758243e-07,0.0032104244186347466,4.70183794459432e-08,0.00032079454174088854,1.901879946227992e-05,1.8695342830437563e-06,0.0002761310030924231,0.027392160705188146,2.6994095653294293e-07,3.2556538639315504e-08,0.0016297830506287242,0.9648395193650433,8.58518748136372e-07,1.2565357771493287e-08,0.0014001212889788403
55,8.626537224815626e-07,4.1929076580414085e-07,9.695215181003153e-07,0.0009666119382858234,6.358082008920217e-10,5.56734321754255e-08,2.1644677917662596e-05,1.7740327194359615e-05,5.70842040986437e-06,1.4407656836223449e-05,3.2243392283249516e-07,0.010637365658795047,8.787755365851722e-08,0.0003676034157375519,3.22836718713636e-05,2.0410882432231445e-06,0.00015742945052986217,0.042131055057692664,2.472354868318293e-07,2.6381770860426927e-08,0.0016775319414962864,0.9399809589224599,4.2818560286748393e-07,1.0093620177100028e-08,0.0039841877893260986
56,4.854361158560717e-07,3.3614754868133525e-07,6.568749239757251e-07,0.0007567807660654278,7.439313470436603e-10,6.322515175328083e-08,1.6434588136843794e-05,2.1411872557341795e-05,2.6634700787429297e-06,1.712321786914549e-05,3.9340087993822e-07,0.004873165573881112,5.5556303442142164e-08,0.00048781437003613237,2.9414762849260208e-05,1.8359818761920564e-06,0.00022953841054006448,0.03164351406552745,2.0652326471044519e-07,3.048442429994086e-08,0.0014190838081766103,0.9571975653578086,6.423434793715313e-07,6.768615215701878e-09,0.0033007762499585817
57,3.7046145323291217e-07,2.812854528656475e-07,4.939837672128849e-07,0.0006150896385767979,5.332144565479654e-10,4.200677313131941e-08,1.3752950307264812e-05,1.7906028191620978e-05,2.1787633886043254e-06,1.4638199029249476e-05,2.694708869667656e-07,0.00538755537830502,5.948479171973054e-08,0.0003715196191594606,2.3439280723646254e-05,1.602060029440735e-06,0.00021146982190780597,0.02374611856424202,1.938473055212645e-07,2.7977052278411004e-08,0.0013423325856968906,0.9655235187771084,5.212186392808844e-07,5.508230668554032e-09,0.0027266125557662405
58,5.605704277391442e-07,3.5976851920419643e-07,7.324397316177342e-07,0.0007933808682398605,7.750551738903475e-10,6.723964582683766e-08,1.75556367237678e-05,2.2110795207686507e-05,2.916732008404383e-06,1.7503388373867603e-05,4.3758008199171063e-07,0.005239594378681221,5.851862496181325e-08,0.0004773812721031932,2.8504305907969444e-05,1.871862239393092e-06,0.00022285184692170425,0.033517158959299825,2.3572275464960985e-07,3.024447363234164e-08,0.0014493294313695124,0.9549852295506754,6.829884774643568e-07,8.3199679423086e-09,0.0032214368044880246
59,5.436567546324203e-07,3.6037138035543887e-07,7.866583215530348e-07,0.0008138193160960749,7.819461617354341e-10,6.981043978504608e-08,1.779871394877103e-05,2.252809748557037e-05,2.978252672803746e-06,1.8490396325795442e-05,4.3326313205463885e-07,0.005020886043888236,5.6417105428117343e-08,0.00045292106864574865,2.9918454993193465e-05,1.9610088007061147e-06,0.00021920571156329604,0.03304107488118317,2.318918625458894e-07,3.182453683287261e-08,0.001525266540242756,0.9556129727311374,7.05366244976023e-07,8.463042290056619e-09,0.0032169502782497497
60,4.791103436659746e-07,3.3961777009690404e-07,6.558726954468047e-07,0.0007600513742100843,7.495150656007886e-10,6.375234464006492e-08,1.6489107164081077e-05,2.1761458626175632e-05,2.6532752021656035e-06,1.7548945823764014e-05,3.9107201702513224e-07,0.004638798332932527,5.115792772028534e-08,0.0004902730029376348,3.0013775202004577e-05,1.8719281887610466e-06,0.00022595053303112652,0.03207070880548449,2.01440267957302e-07,3.0305431343371176e-08,0.0014148898435984404,0.9569966697202953,6.384012586760674e-07,6.534279079133591e-09,0.0033094618834528435
61,5.564159226308274e-07,3.6299030848562834e-07,7.855105200261788e-07,0.0008109817434582392,8.006768967799827e-10,6.923459562920454e-08,1.7992915136802973e-05,2.2717640763762792e-05,2.985383899680066e-06,1.85161688027461e-05,4.31381056862953e-07,0.005097344840444264,5.849812713156379e-08,0.0004635737799306091,3.0178568170599573e-05,1.9655204082725854e-06,0.0002235045038711209,0.033579684053527355,2.3004974867768945e-07,3.237244791509953e-08,0.0015068281105751597,0.9549196175561498,7.034672757910512e-07,8.34398478356601e-09,0.0033008701501965757
62,4.791103436659746e-07,3.3961777009690404e-07,6.558726954468047e-07,0.0007600513742100843,7.495150656007886e-10,6.375234464006492e-08,1.6489107164081077e-05,2.1761458626175632e-05,2.6532752021656035e-06,1.7548945823764014e-05,3.9107201702513224e-07,0.004638798332932527,5.115792772028534e-08,0.0004902730029376348,3.0013775202004577e-05,1.8719281887610466e-06,0.00022595053303112652,0.03207070880548449,2.01440267957302e-07,3.0305431343371176e-08,0.0014148898435984404,0.9569966697202953,6.384012586760674e-07,6.534279079133591e-09,0.0033094618834528435
63,5.108828471992e-07,3.926787992719689e-07,6.690581458611684e-07,0.0007796176876571749,7.810338047245974e-10,6.511239917503188e-08,1.6496173401280855e-05,2.153568919156269e-05,2.775358654397072e-06,1.8515728572178474e-05,3.9013939212049625e-07,0.0047306778311229,5.158709755509297e-08,0.0005076885463972914,3.0502435954131946e-05,1.887895698467073e-06,0.00022607627613212782,0.031157472609423042,2.1771447445219797e-07,3.1952826992745027e-08,0.0014196168083320433,0.9577290971841964,6.705935874085461e-07,6.822773595893056e-09,0.0033550324518896364
64,4.2103267272956436e-07,3.3019169690013025e-07,6.238235401916602e-07,0.000776809963385663,6.994489900281196e-10,6.232066513735724e-08,1.5746312622634612e-05,1.9936128981892543e-05,2.6021283483735885e-06,1.8126743837614322e-05,3.483992225534615e-07,0.004775261679986969,5.348819373333458e-08,0.0004827508957273622,2.7883336373015535e-05,1.8299209309851776e-06,0.00022536198525243233,0.030338044974662703,1.8955433591081387e-07,3.1582828241364385e-08,0.001645757932002908,0.9584178558060849,6.610246207192003e-07,6.451318077311048e-09,0.003249303623259468
65,3.9197054922499536e-07,4.110594153651217e-07,8.014400460765264e-07,0.0010743600982666991,8.121365774281526e-10,7.461661446594113e-08,2.262531818262725e-05,3.063869590658931e-05,1.9997798036499195e-06,3.6982159965034104e-05,3.4536293347999903e-07,0.004634892766288476,4.5917038656624314e-08,0.0007473952830418692,3.177786071852894e-05,2.2046110277191686e-06,0.0002423233350173246,0.03180113976043742,1.7519531718148617e-07,4.725156049421876e-08,0.0019625371505704622,0.9550200339562436,1.057019627163099e-06,5.4659987556211434e-09,0.0043877331132926535
66,1.050796273581347e-06,4.792817193358529e-07,1.6992064078451526e-06,0.0009700026777928128,2.015611602810856e-09,1.6221141659193637e-07,2.4355998121666484e-05,2.484097960071247e-05,4.552507056740328e-06,3.6579270608856405e-05,5.854841321792857e-07,0.004984192258055656,1.486696283627635e-07,0.0005075011208746161,3.8555358422165915e-05,3.2723748650171215e-06,0.0004937796196175432,0.05101115426899599,3.451261852419111e-07,9.130309052605357e-08,0.002828909309019596,0.9332606743818325,1.576831345523765e-06,1.9463772562593796e-08,0.00580546948555275
67,4.0954454425230117e-07,2.9358162527903905e-07,5.975375521879872e-07,0.0008605408163469442,7.188024065557079e-10,7.733797027943229e-08,1.3956477582440491e-05,1.9923150658779132e-05,2.2074654283229046e-06,2.0278994343466094e-05,3.849819120520491e-07,0.003958451866861928,5.7213212091770804e-08,0.0005552898473676278,2.5633669330469684e-05,1.88065490722471e-06,0.0002936399703313726,0.03603245483914427,1.7946746452928174e-07,3.632419460162536e-08,0.0016283561605314775,0.9531433841967965,7.727331589951977e-07,6.944004084014783e-09,0.003441185505928442
68,5.998582297136006e-07,3.7838461119984395e-07,9.680627170279087e-07,0.0011076805874469721,5.793839169159885e-10,6.611198101754024e-08,1.8677227632716768e-05,2.323291584800441e-05,2.839355165567226e-06,2.430359368104591e-05,3.521153439930644e-07,0.005793524426788076,5.2660839875281366e-08,0.0004921547890359575,2.016948441164424e-05,1.7893848246617762e-06,0.00021001942055280087,0.04077941432826837,2.0545688012105374e-07,3.042222833972234e-08,0.001947690000564252,0.9463093112182496,7.605733016981338e-07,8.779079553676621e-09,0.003265770262933791
69,4.407169755587695e-07,3.518894410761637e-07,7.02217963834533e-07,0.0008256897475144645,7.886546586096024e-10,6.646310932082118e-08,1.801840838880459e-05,2.4319424492371313e-05,2.6234352813963705e-06,1.8469278141735418e-05,4.5679158419086816e-07,0.004807495077629741,4.988688119437156e-08,0.00047480573574422186,3.1252625796443025e-05,1.992045330692859e-06,0.00021281488839764747,0.02884646475726082,2.1897353352637352e-07,3.242596033832516e-08,0.0015465141596067223,0.9601664632183499,7.555853014751728e-07,7.622683083141826e-09,0.0030199938359768775
70,5.123032607554344e-07,3.32427629797819e-07,6.920107835138288e-07,0.000789989994905241,7.578163762277675e-10,6.209460146651541e-08,1.7126130288631824e-05,2.330877748020906e-05,2.6098217254737603e-06,1.834180920487196e-05,3.724475042254512e-07,0.0046346172156819755,5.171890199437844e-08,0.0005220644398616444,3.1112816798666236e-05,1.9482375315406494e-06,0.00023375828872869192,0.03546929351696963,1.79593292184276e-07,3.1421472620419664e-08,0.001325827892712517,0.953308127972093,5.946964346258561e-07,5.825824768106084e-09,0.0036190377884954997
71,5.92373874956151e-07,9.130125058635393e-07,6.150984228808814e-07,0.0011975217435467467,2.052572621414918e-09,6.159612224829767e-08,3.1159373017923066e-05,2.3365853719959076e-05,3.171459158106329e-06,4.695045437517418e-05,3.5752492489072223e-07,0.007025151699175223,8.935048318393317e-08,0.0009529320438501706,3.625703365931586e-05,2.949274826600447e-06,0.0003260324912071189,0.03152512786800684,2.052362958312667e-07,1.1050764965490574e-07,0.0021765791973988083,0.9502937667999479,1.6163320348963216e-06,8.360929310741678e-09,0.006354463262293892
