,0,1,2,3,4,5,6,7,8,9,10,11,12,13,14,15,16,17,18,19,20,21,22,23,24
0,3.282788258464851e-05,1.0195225005738407e-06,1.8535215890387401e-07,1.131812766754741e-05,1.20239707203473e-08,9.57174792181148e-06,0.08102291652604694,0.021313119726977317,2.0410628559033804e-05,5.0605757956653314e-05,2.02216618633061e-06,0.0003895770021237049,0.00022271225774227193,0.00019600944607331652,2.521791444312397e-05,0.00012789791388291956,0.0606502178528905,0.0008799416493936512,0.0003195814287070709,9.575520116701498e-05,0.00022555432613279993,0.832652377175303,0.0008534025702977578,8.591813745440077e-09,0.0008977372074985357
1,4.149726326857363e-05,1.0832385112136644e-06,1.918551828531777e-07,1.2379442427493185e-05,1.4108537148282592e-08,8.484686898080501e-06,0.08856102918697786,0.02577360777519645,2.8798887422417097e-05,6.0703657581137306e-05,2.026838331928852e-06,0.0003431769860981048,0.00023617784450253806,0.00017678360433385937,2.4643091709750364e-05,0.00015698634264648667,0.06167546148686777,0.0008967760371023279,0.0003486173770407816,9.153240334861077e-05,0.00018710250323048473,0.8196525206224312,0.0007889189042650119,9.94953444423828e-09,0.0009314759065536002
2,2.6957410679053894e-05,7.965158402666089e-07,1.5274100593888305e-07,8.77381208875165e-06,1.1170747117511553e-08,6.751817718036952e-06,0.0677959897219718,0.01826171547827285,2.0869953203337408e-05,4.8790537342524675e-05,1.5426785116564386e-06,0.0002581018234427158,0.0001482006299906284,0.00017456583902530218,2.413003110347518e-05,9.158735684486551e-05,0.04250012947880982,0.0006559983644998672,0.0002730773710046663,9.23590904653695e-05,0.00018073435544861335,0.867748471935773,0.0007555968509287197,8.193011697987732e-09,0.0009246868422698177
3,3.3246549707367163e-05,9.927307941641723e-07,1.7907716784422872e-07,1.1416381959789088e-05,1.1823801479484344e-08,8.512511700551713e-06,0.07804763191951979,0.0205349421089415,2.102498395051318e-05,5.014756162440787e-05,2.0133179456903683e-06,0.00037022828166096095,0.00021833470428417627,0.00019762161689011802,2.3177693237830837e-05,0.00011885645730706014,0.061230873956009915,0.0008783046480009208,0.00029552937414216093,8.831938099280993e-05,0.00021136936848512754,0.8359416150030614,0.00081965973209983,8.618485632933365e-09,0.0008959821982289714
4,3.388995417001048e-05,1.0916071318017042e-06,1.92534701616056e-07,1.2311314949494808e-05,1.3255980889768186e-08,8.751125044751065e-06,0.07721017880018487,0.020910778112611317,2.1439366910943955e-05,5.0030022316732216e-05,2.248194294949168e-06,0.00042596422314565514,0.00026325598635163107,0.0002148585642867129,2.187134425322009e-05,0.00012470203174420237,0.06505683248483643,0.0009414551305992576,0.000307317304048134,8.924079505517592e-05,0.00021574019768641213,0.8324002384292069,0.0008178750888466727,8.545107308502119e-09,0.0008697155865349459
5,3.5959288879053144e-05,8.737310133365055e-07,1.8708817892665513e-07,1.3135218854601051e-05,1.1145140741740806e-08,8.271258894830217e-06,0.07720674871091035,0.02020694170101964,2.0989639475924187e-05,5.6413744204783034e-05,1.977179315639419e-06,0.0003904827357310655,0.0002142245218499087,0.0002223660870120705,2.029989719334515e-05,0.00012222959218582895,0.06845289310707847,0.0011609435082784215,0.0002552578893581277,0.00010282639769324827,0.000215247700937685,0.829469664912493,0.0008533695137494652,1.0154623865082873e-08,0.0009686752759278553
6,3.3246549707367163e-05,9.927307941641723e-07,1.7907716784422872e-07,1.1416381959789088e-05,1.1823801479484344e-08,8.512511700551713e-06,0.07804763191951979,0.0205349421089415,2.102498395051318e-05,5.014756162440787e-05,2.0133179456903683e-06,0.00037022828166096095,0.00021833470428417627,0.00019762161689011802,2.3177693237830837e-05,0.00011885645730706014,0.061230873956009915,0.0008783046480009208,0.00029552937414216093,8.831938099280993e-05,0.00021136936848512754,0.8359416150030614,0.00081965973209983,8.618485632933365e-09,0.0008959821982289714
7,4.6016747692029636e-05,1.5868163058298303e-06,2.992107258522925e-07,1.5473013277198083e-05,1.511507528235403e-08,9.814684684645417e-06,0.09038067113175167,0.03313225738216793,2.145229096775988e-05,4.5515945074421526e-05,3.0697404095611457e-06,0.0005115719010941241,0.00046938168558209977,0.00017286107650044463,2.5103855411122995e-05,0.0001389536459945968,0.07744773040352702,0.0008707760034403862,0.0004569537088651329,7.436411752662833e-05,0.0002366087775946173,0.7946679163849925,0.0006769253042405055,8.663048808736884e-09,0.0005946723940499834
8,2.995315109582339e-05,7.944850297551163e-07,1.61668257273013e-07,1.12821837366997e-05,1.11802231252955e-08,6.80366617535597e-06,0.07125670801198365,0.016451150219909977,2.3120154825171617e-05,5.6531910971382094e-05,1.8021336542584733e-06,0.00023816924971713766,0.00014293502528469942,0.00021474046003303843,2.5495631466080345e-05,9.367024045231836e-05,0.04842779533906425,0.0007671560679364246,0.0002173290129268932,8.659633240165008e-05,0.00018863933077166537,0.8598209455370954,0.0008524978230158272,1.1782765976667495e-08,0.0010856994012060103
9,3.4187188136098866e-05,1.1296646272798077e-06,1.729129607370304e-07,1.054131611758038e-05,1.2262037778168166e-08,9.160995907171301e-06,0.08639408400134302,0.020869618066029806,2.0325231840285894e-05,4.652666110400147e-05,2.0420607015853772e-06,0.0004359622624984695,0.0002428353672833849,0.00018870217944592075,2.2933254939464178e-05,0.00012762137736759146,0.0626904584923565,0.0009092126417212554,0.00033052795051011176,8.492225437283649e-05,0.00021779848646440622,0.8256620693149795,0.0007962508168555087,7.3253863331844225e-09,0.0009028979150135468
10,3.3246549707367163e-05,9.927307941641723e-07,1.7907716784422872e-07,1.1416381959789088e-05,1.1823801479484344e-08,8.512511700551713e-06,0.07804763191951979,0.0205349421089415,2.102498395051318e-05,5.014756162440787e-05,2.0133179456903683e-06,0.00037022828166096095,0.00021833470428417627,0.00019762161689011802,2.3177693237830837e-05,0.00011885645730706014,0.061230873956009915,0.0008783046480009208,0.00029552937414216093,8.831938099280993e-05,0.00021136936848512754,0.8359416150030614,0.00081965973209983,8.618485632933365e-09,0.0008959821982289714
11,3.4110801640327704e-05,1.0414648175078586e-06,1.9143778858826152e-07,1.1965593375985452e-05,1.2386893404113766e-08,8.844390296487177e-06,0.07815079178480935,0.02180038592637468,2.1128574739870017e-05,4.972070854733143e-05,2.1238194767535855e-06,0.00039967741020979254,0.0002455179279666919,0.00019795886944187194,2.3004811598181793e-05,0.0001254255399671813,0.06436776869268067,0.0008980811518234306,0.00031292336293333107,8.951605269409505e-05,0.00021342101621423142,0.8313808628325348,0.0008134620167260751,8.572209614074546e-09,0.0008520548542398632
12,3.163547900851472e-05,5.76691529434159e-07,1.7399750858736429e-07,9.769085931924502e-06,5.846204492458327e-09,5.007129713157829e-06,0.06439249316021985,0.031754444932235705,1.7603326010555585e-05,4.454786799814267e-05,1.4466542193888124e-06,0.0001813531852157941,0.00018295599532880614,8.600356654539288e-05,2.1113266248724622e-05,9.830110520701143e-05,0.05427000425228292,0.0004678568848243072,0.0002871697318279167,5.566275480348683e-05,0.00013851374790442217,0.8470939330079632,0.00045362747889051585,7.713476108078602e-09,0.0004057931389015969
13,3.5706183490398806e-05,1.4483787812852741e-06,2.2557162573083524e-07,1.848786144980219e-05,1.800487488769009e-08,9.126444636656087e-06,0.07876841500937616,0.02170268303184573,2.2182483055586127e-05,4.571651927502287e-05,4.983851402044723e-06,0.0005623363797085273,0.00045332330553223926,0.00028933654565627625,2.8265014318811796e-05,0.0001361208097634469,0.07909840219750945,0.0008833484183241125,0.00035979927909709364,7.232488848243023e-05,0.00028736838428717736,0.8154529061511253,0.001075398662209397,1.0309163654376725e-08,0.0006920663150086667
14,5.069877399916328e-05,4.243795469633161e-06,2.7734528153113763e-07,8.892727723331013e-06,2.836707404660011e-08,2.0724607647384385e-05,0.11493777790332846,0.020692091244818835,1.5696265605384966e-05,4.365743695377116e-05,4.51252682345194e-06,0.0015577538067062609,0.0007552463844786304,0.00028056587714046273,2.7501595548237465e-05,0.0001971936797134236,0.07064781692349352,0.0012206997173195909,0.0011008624863461333,8.855422604188193e-05,0.00036570250633491424,0.7863957865064155,0.0007172916531406399,4.479210337073416e-09,0.0008664191633854861
15,3.3246549707367163e-05,9.927307941641723e-07,1.7907716784422872e-07,1.1416381959789088e-05,1.1823801479484344e-08,8.512511700551713e-06,0.07804763191951979,0.0205349421089415,2.102498395051318e-05,5.014756162440787e-05,2.0133179456903683e-06,0.00037022828166096095,0.00021833470428417627,0.00019762161689011802,2.3177693237830837e-05,0.00011885645730706014,0.061230873956009915,0.0008783046480009208,0.00029552937414216093,8.831938099280993e-05,0.00021136936848512754,0.8359416150030614,0.00081965973209983,8.618485632933365e-09,0.0008959821982289714
16,3.106950062508186e-05,8.806141962767248e-07,1.6089165074197014e-07,1.068172183705008e-05,1.0716145764990705e-08,7.68928722738077e-06,0.07534560022123973,0.0167815053124103,1.7745521544806014e-05,5.371388946791006e-05,1.8310485205830777e-06,0.0003945519735748965,0.00018931589433752218,0.00021966177689194922,1.9375276762339158e-05,0.00010808635348502107,0.05863973136073005,0.001052429810240582,0.00025121757550000597,9.281475486964972e-05,0.00023336621745896125,0.8447780121625516,0.0007813782609473951,8.044045111757552e-09,0.0009891618137392079
17,3.000725822292954e-05,1.6005946149610418e-06,3.7764718959221655e-07,3.967274076779833e-05,1.873196079047706e-08,5.840921313198235e-05,0.29258293120138124,0.05997614771392829,0.00015484951546165904,0.00010977159299011617,5.877721056193426e-06,1.119993761169754e-05,8.95435597304304e-05,4.904149391574096e-05,0.0017765514922736833,0.0005497807224199576,0.03627157110113644,2.0093368514916244e-05,0.0005415231266398952,2.0330570028455312e-05,9.478768085386274e-05,0.6064260234404619,0.0008966115396298391,1.272505350188359e-07,0.0002931507855426528
18,4.61453121223013e-05,1.850539511458445e-06,4.6686490050651207e-07,4.5832003114317267e-05,3.401753934803651e-08,1.512993802015388e-05,0.16488538608670286,0.07866023957419244,3.872877234572237e-05,5.5981860964508994e-05,5.325849957592875e-06,0.00035208310798720967,0.0006252952649225149,0.0001673888178117468,7.885866715429299e-05,0.00029667461101376094,0.07335753542372393,0.0004602957715194089,0.0006993998793033326,7.341725134257763e-05,0.0003549967473890585,0.6782740112189493,0.0010866217426298743,1.4589723855650165e-08,0.0004182860871578157
19,3.269642648937276e-05,1.0447409385826447e-06,2.024442933508223e-07,1.2105835795350225e-05,1.330231947672387e-08,7.98103999248356e-06,0.07807953629748778,0.023301475608783588,2.0068214244523193e-05,4.7115419819973976e-05,2.0381380670968046e-06,0.0004160862880278034,0.0002587705355728175,0.0001885018720190821,2.153990331219117e-05,0.00011937751547001501,0.05961611199891283,0.0008672773171454,0.0003237709956960201,8.636947865107248e-05,0.00021396610953233847,0.8349134611521244,0.0007119194101063634,7.6388337852301e-09,0.0007585623163643766
20,0.00044437842943075993,4.40612147593217e-06,1.7308617742899085e-07,2.0234177089242182e-05,2.0811836199057873e-08,2.496771825513055e-05,0.03898334704394193,0.007208528985982775,3.972339582894243e-05,7.973390718579243e-05,2.1960400651834506e-06,0.01106029272028494,0.002264854466070124,0.0008248733008805705,3.458565984976837e-07,0.0007807151006689084,0.7600751008049512,0.09808850898172698,0.00019641957078955698,0.00015656693979917196,7.047240403019642e-05,0.07653633290273905,0.0006490061010609094,6.75385954901601e-09,0.002488794379270885
21,3.6629406841316534e-05,1.218656144189128e-06,1.9805332141212833e-07,1.2396344033937433e-05,1.5844524783141706e-08,8.783447874261184e-06,0.07375430154685873,0.01771937855107936,1.990007713725538e-05,6.208930153369364e-05,2.3458236334528794e-06,0.0005271300863967836,0.0002450480646770686,0.0002656576418731359,1.997362477687511e-05,0.00012854751155860428,0.06132542829820708,0.0012012547893726251,0.0003126993859240417,0.00010167564357866703,0.0002825564359209678,0.842145464755213,0.0008187332908675127,8.68956147288845e-09,0.0010085647290897302
22,3.860775719081305e-05,2.288573136661621e-06,1.6592365582841566e-07,8.413496186361201e-06,2.530167250081061e-08,1.2668108206910349e-05,0.16245035990796877,0.026093548621706784,4.3427807082378125e-05,3.4230223810899565e-05,1.973415530904215e-06,0.00039347165319665226,0.0002716075586748367,0.00018632297394440545,4.6284282431138724e-05,0.00013693872221974372,0.03902934600702185,0.0006840359950397209,0.0005029561091203144,9.663569169184367e-05,0.00016518215104561245,0.7667284862416114,0.0012125176088206445,7.613238178269899e-09,0.001860498255794893
23,3.3246549707367163e-05,9.927307941641723e-07,1.7907716784422872e-07,1.1416381959789088e-05,1.1823801479484344e-08,8.512511700551713e-06,0.07804763191951979,0.0205349421089415,2.102498395051318e-05,5.014756162440787e-05,2.0133179456903683e-06,0.00037022828166096095,0.00021833470428417627,0.00019762161689011802,2.3177693237830837e-05,0.00011885645730706014,0.061230873956009915,0.0008783046480009208,0.00029552937414216093,8.831938099280993e-05,0.00021136936848512754,0.8359416150030614,0.00081965973209983,8.618485632933365e-09,0.0008959821982289714
24,3.0911934475973886e-05,7.543896165846226e-07,1.39632890202956e-07,5.945334103608301e-06,5.296451587921079e-09,7.368914916401128e-06,0.06865686271489563,0.01832905661197224,1.5675919833657256e-05,4.194421925250272e-05,1.1888361499190215e-06,0.00018872799502546266,0.00010895361176548153,9.708086126264043e-05,2.5778920996638494e-05,7.130011238976676e-05,0.046924516760569815,0.0004966872627605848,0.00027526055803886305,6.370782535661349e-05,0.00018046923559676643,0.8630932700366737,0.0005991618540980828,7.192320234458145e-09,0.0007852239685873252
25,3.596723511682096e-05,9.194410346845808e-07,2.021482913572862e-07,1.4904325408580791e-05,1.2236046539170218e-08,6.894687475907497e-06,0.08566274371635743,0.028710895514409248,1.9754011201414522e-05,4.9012200615492e-05,2.448502371216359e-06,0.00040514174447359603,0.0002950425239924151,0.00017800100560618246,2.2441909501526535e-05,0.0001304777902245734,0.06655987652005896,0.0008978966077601958,0.00033573402223960623,8.288811557233703e-05,0.0002334155975275631,0.8149600491790221,0.0007591576429164117,7.927025234256764e-09,0.0006361153957507922
26,5.0026746537650625e-05,1.231664870520484e-06,2.2976566278199983e-07,1.690158294710907e-05,1.503215215090944e-08,1.0756719268499077e-05,0.0846778692674449,0.028240520850797764,3.744816524321859e-05,5.711673883768022e-05,2.4558411758645892e-06,0.0003518184054289208,0.0002469880010588982,0.0002011094732636946,2.9982048498210295e-05,0.00014898763508315008,0.08216665986604557,0.0009770731193609456,0.0003073879059878081,0.00010538497571864833,0.0002167395851231175,0.7998072924138515,0.0012365332517441272,1.5460905368220573e-08,0.0011094554829919052
27,2.640588869835667e-05,7.860992650984673e-07,1.447641208748342e-07,8.770569138557122e-06,1.0125029643007647e-08,7.047272932491939e-06,0.07013989281113599,0.01768880235028921,2.09990739609521e-05,4.6903418980345286e-05,1.5867249388777392e-06,0.0002462430309104184,0.00014657649952074016,0.0001628475405603762,2.5135494092314198e-05,9.626760371815142e-05,0.045801239458626124,0.0006184813801872663,0.000251660123690723,8.137718052078051e-05,0.00017041232493385824,0.8628262656484412,0.0007402232351781771,8.53885119582173e-09,0.0008919128422783266
28,3.3246549707367163e-05,9.927307941641723e-07,1.7907716784422872e-07,1.1416381959789088e-05,1.1823801479484344e-08,8.512511700551713e-06,0.07804763191951979,0.0205349421089415,2.102498395051318e-05,5.014756162440787e-05,2.0133179456903683e-06,0.00037022828166096095,0.00021833470428417627,0.00019762161689011802,2.3177693237830837e-05,0.00011885645730706014,0.061230873956009915,0.0008783046480009208,0.00029552937414216093,8.831938099280993e-05,0.00021136936848512754,0.8359416150030614,0.00081965973209983,8.618485632933365e-09,0.0008959821982289714
29,3.3246549707367163e-05,9.927307941641723e-07,1.7907716784422872e-07,1.1416381959789088e-05,1.1823801479484344e-08,8.512511700551713e-06,0.07804763191951979,0.0205349421089415,2.102498395051318e-05,5.014756162440787e-05,2.0133179456903683e-06,0.00037022828166096095,0.00021833470428417627,0.00019762161689011802,2.3177693237830837e-05,0.00011885645730706014,0.061230873956009915,0.0008783046480009208,0.00029552937414216093,8.831938099280993e-05,0.00021136936848512754,0.8359416150030614,0.00081965973209983,8.618485632933365e-09,0.0008959821982289714
30,3.3246549707367163e-05,9.927307941641723e-07,1.7907716784422872e-07,1.1416381959789088e-05,1.1823801479484344e-08,8.512511700551713e-06,0.07804763191951979,0.0205349421089415,2.102498395051318e-05,5.014756162440787e-05,2.0133179456903683e-06,0.00037022828166096095,0.00021833470428417627,0.00019762161689011802,2.3177693237830837e-05,0.00011885645730706014,0.061230873956009915,0.0008783046480009208,0.00029552937414216093,8.831938099280993e-05,0.00021136936848512754,0.8359416150030614,0.00081965973209983,8.618485632933365e-09,0.0008959821982289714
31,4.4730599314888244e-05,1.119466064479894e-06,2.3160259262102565e-07,1.1524037945544192e-05,1.2041214816514288e-08,7.752884777808696e-06,0.07542351180990606,0.027916629442691278,2.1589438043993656e-05,4.9714662339708536e-05,1.7707654662108798e-06,0.0004562915041504312,0.0002718874397184821,0.00016780856103118836,1.8108586959909195e-05,0.00011468500830090128,0.06823495983330927,0.0010920753422240775,0.00037110881651857675,9.972291338467698e-05,0.00021926031359254826,0.8239020930077438,0.0007253746543181933,7.788823669363374e-09,0.0008480294795669735
32,3.201745425905855e-05,9.81498310652701e-07,1.7730403498014396e-07,1.0438079192576117e-05,1.1730540163957145e-08,8.29455246772207e-06,0.07558838693946637,0.020510111588268872,2.0205714268541964e-05,4.831248490669323e-05,1.9301121273360087e-06,0.0003619739460044624,0.00021212048873979258,0.00018559489661124843,2.327370078223535e-05,0.00011454337829743165,0.056991761308166335,0.0008105861490790903,0.0003168375650016101,8.782452338767092e-05,0.00020584299511517326,0.8428274708894358,0.0007808783296414328,8.025330685414417e-09,0.0008604163465639491
33,3.2375768716611004e-05,1.5815378637819917e-06,2.0136953483979054e-07,1.4238237759294584e-05,2.56688701285441e-08,1.4029845239490325e-05,0.11057267948573105,0.016115650046246224,3.613562868791475e-05,6.574031769550141e-05,2.854015061306026e-06,0.0001717274089222924,7.444860473976391e-05,0.00024275498993595854,0.00012631909379586916,9.038267856361786e-05,0.02800473985248121,0.000387973346859256,0.0003535622625242316,0.00010687995206135638,0.0006088097571975942,0.8382198244365997,0.0024809866719357867,2.246119938386922e-08,0.0022760565617778237
34,5.2370345081350087e-05,1.6571761539636774e-06,2.3001474644047557e-07,9.349019557733967e-06,1.7333107970596206e-08,6.8735727713369185e-06,0.07027609634676227,0.025003436621621754,3.069523974532897e-05,4.723875314473168e-05,2.5444088993665602e-06,0.0003855426482903415,0.0002888565196564448,0.00016642578976870518,2.4379909761294468e-05,9.896285007105414e-05,0.05199261689834172,0.0007351083390122722,0.0005260054494445063,7.739867630367187e-05,0.00019183427296582526,0.8483661436411996,0.0007719052887613846,9.203637915951827e-09,0.0009443016811930835
35,9.642771890873732e-06,8.962876363627427e-07,1.4469027594031438e-07,1.2501768635514806e-05,1.686973703543568e-08,1.4673402195009566e-05,0.078118587210364,0.00828846898952644,1.2817081079332316e-05,3.9406007980622966e-05,3.2486907175126515e-06,0.0002497535073157722,0.00014015654809487496,0.0004003969737087938,6.675650123202459e-05,9.16451029484257e-05,0.03326739311864175,0.0003416330556974258,0.0002184912873714975,8.102515830436254e-05,0.00033297138920995907,0.8758234592964453,0.001442976068199573,1.0503672790459265e-08,0.0010429277191187267
36,3.346505327624778e-05,1.00746290426874e-06,1.811894886467234e-07,1.1542912103817368e-05,1.2039252619645502e-08,8.591818862057157e-06,0.07862914695093397,0.020354780481330947,2.1080036286596305e-05,5.065733271879769e-05,2.056747681965503e-06,0.0003709545647606698,0.0002183728499861652,0.0002007533335035364,2.366323076722116e-05,0.0001186957505345367,0.06082726527272772,0.0008804794217429897,0.0002975715299889365,8.873922883129927e-05,0.00021586088079271248,0.8359057723173063,0.0008307625942312311,8.816503383484869e-09,0.0009085781834832421
37,2.3063119922388544e-05,1.0328380592513496e-06,1.3362172985160595e-07,7.5515570620713805e-06,1.1591435970079077e-08,8.582288817525851e-06,0.07433790250975335,0.01926958652628786,1.9863799516563573e-05,3.80535728428518e-05,1.558282056624856e-06,0.0003200733810130621,0.00018777254945691438,0.0001537777990929993,2.4852429929879575e-05,0.00010595509230115103,0.04599190743673894,0.0005223822597407995,0.00031916110840931645,7.27693936564924e-05,0.0001868610886566189,0.8568521661489702,0.0007439504049204684,5.123699396268375e-09,0.0008110260759293897
38,3.2137281928837203e-05,1.063623507522353e-06,1.7482006487208137e-07,1.1093667058520715e-05,1.1113619239810107e-08,1.1988130566364711e-05,0.10499017066234467,0.023346312083647108,1.7608613425805595e-05,4.9181228248811896e-05,2.1598304723242095e-06,0.0004319660113103841,0.00025907519478105716,0.00017861649837990162,2.939641782104057e-05,0.0001682133159009148,0.06519392657147277,0.0008670204768316513,0.00038641766888796103,9.251307868100664e-05,0.00024273537236678357,0.8019646958704797,0.0008776854984986583,7.267809350380775e-09,0.0008458297018947275
39,4.018183297517487e-05,1.2929864395497002e-06,2.0872183453196013e-07,1.3833986554826482e-05,1.6787091984788373e-08,7.742780131832228e-06,0.06793537030946495,0.01607646243926314,2.7980759179021595e-05,5.853547781189946e-05,3.1249491979619922e-06,0.0003978037964523915,0.00026231815598716924,0.0002990516769852836,2.288357688118702e-05,0.00011585396351149589,0.06296025299365425,0.0010130894049155252,0.0002678597375311492,7.735214884621891e-05,0.0001789353571196377,0.8485359223411431,0.0007675781989358899,1.3898561072045605e-08,0.0009363337195310162
40,2.390231373036248e-05,1.2803270561471844e-06,1.9303464548461449e-07,7.260572125231066e-06,1.493056827850364e-08,8.723556713160181e-06,0.06075465161259507,0.013065818960223283,1.3959413433718368e-05,3.798864243500435e-05,1.8723117058175162e-06,0.000439412580642729,0.00018656124025535697,0.00022776113961236316,2.4170449357588564e-05,7.751153060720494e-05,0.039489360217828,0.0006743409887747089,0.00034910497711512843,8.033926577165599e-05,0.00022350118344128866,0.8827804814252405,0.0006414337178857495,6.053984425463781e-09,0.0008903495542517879
41,5.10826489195186e-05,2.095304868839017e-06,2.8576012263068925e-07,2.3670723883375238e-05,2.7956447204027115e-08,1.4257482507039263e-05,0.09813380264761208,0.036411813301910914,5.787352254302922e-05,6.641542240706212e-05,2.969301497128509e-06,0.0003779058134265376,0.00039424540316105287,0.0002412831412005353,3.28877884441149e-05,0.0002121101026186818,0.08764997654163775,0.0008172129129812151,0.00034963770877128567,8.600955802050664e-05,0.0002057658568272063,0.7727552416464405,0.0010956173460822426,1.4524582734180084e-08,0.0010177975830869218
42,0.00011010757244581096,3.1404410227177914e-06,2.2022844856331716e-07,6.842733311475384e-05,3.889110301327233e-08,4.598763376434871e-05,0.26482839245989515,0.010541858537648637,8.587012418539244e-05,0.00013567616139442058,9.76071475028931e-06,0.0009738755744176403,0.0005418310241486924,0.0018497484160956397,4.3355160765692616e-05,0.00048021275582714646,0.22965351653317165,0.008663706606840644,0.00013698032325646698,0.00020138192923025645,0.00035871714569809957,0.46658307832056833,0.006061345329675424,7.743764271430267e-08,0.008622693344888488
43,2.5632684653545166e-05,6.166026919407786e-07,1.432369737141334e-07,9.241836625705083e-06,9.105757098311504e-09,6.789888971802878e-06,0.05856314614780072,0.01797047134501412,2.137505004633932e-05,6.507568280406731e-05,1.374102362370427e-06,0.00018364077856956906,0.00011698975569815301,0.0001571205838255759,2.2999613189628784e-05,0.00010114501547380645,0.04321779571237161,0.0005900336885132437,0.0002217804125864705,9.238698106373457e-05,0.00017567003742607272,0.8769607585577891,0.0006863341087440444,9.724984974992507e-09,0.0008094593460626568
44,3.3246549707367163e-05,9.927307941641723e-07,1.7907716784422872e-07,1.1416381959789088e-05,1.1823801479484344e-08,8.512511700551713e-06,0.07804763191951979,0.0205349421089415,2.102498395051318e-05,5.014756162440787e-05,2.0133179456903683e-06,0.00037022828166096095,0.00021833470428417627,0.00019762161689011802,2.3177693237830837e-05,0.00011885645730706014,0.061230873956009915,0.0008783046480009208,0.00029552937414216093,8.831938099280993e-05,0.00021136936848512754,0.8359416150030614,0.00081965973209983,8.618485632933365e-09,0.0008959821982289714
45,3.53332740741241e-05,1.109682275365127e-06,1.7912201278788866e-07,1.1075700080236763e-05,1.2735744368402475e-08,8.197998448683304e-06,0.06511093207820237,0.01599563567078503,2.102690666771997e-05,5.216101574232404e-05,2.1507727651142406e-06,0.00045828141070978064,0.00022392694932616626,0.00025016088441332613,1.8060870006777243e-05,0.000104186052468697,0.06622886940820698,0.0011145560814306058,0.00026659356356684583,9.161797798842881e-05,0.00022710275096230042,0.8478586817323294,0.0008585501379274683,8.911983984053662e-09,0.0010615883118812051
46,4.468131423419024e-05,7.813338462116346e-07,2.2607601473322636e-07,1.9034680030683322e-05,6.882737476909462e-09,1.2642201861302713e-05,0.06377307887100525,0.033821212171909545,2.0583569091415982e-05,5.202163755736894e-05,2.08651360025786e-06,0.0004561566072837318,0.00030753714599779,0.00015505811606594125,1.821884157470571e-05,0.00018299938954656188,0.14930474535731444,0.001183485422090697,0.00025129505124708265,9.800032099392373e-05,0.0002192771193108647,0.7486004673095317,0.0009360321910157661,1.0832780334453521e-08,0.0005403610433580532
47,3.311019046158719e-05,9.202926160366738e-07,1.4162331511157452e-07,4.406168686821528e-06,7.275372750428449e-09,5.302732633033365e-06,0.05495130334142119,0.018719552573379584,1.3886815350798668e-05,3.469447510629893e-05,1.0459198435666404e-06,0.0003822263733409824,0.00016556034924461476,9.6871304304541e-05,1.3235868376672603e-05,7.344526130780084e-05,0.04491298369693179,0.0007179751936971598,0.0003488234414816893,6.993686583037077e-05,0.0001460187694657641,0.8782461496079084,0.00039534862255618256,4.01133835359722e-09,0.0006670492260288306
48,1.444306959311683e-05,4.834265508747109e-07,1.0712729462411858e-07,8.581088306659492e-06,2.0766718934909432e-08,1.9170381875075817e-06,0.03320118249383114,0.0020947077132991584,1.4224694576821138e-05,8.383756893164599e-05,2.1997187844070453e-06,0.00018779038450909884,3.256959958356223e-05,0.0007677680444646976,2.1151772018582696e-05,2.6171469348729736e-05,0.01331246983881664,0.0011671163491052644,6.0562671453306564e-05,8.611084412569545e-05,0.0002952245985742202,0.9446133795204391,0.000755391595429284,2.2072788186358135e-08,0.003252566533268706
49,2.520982734602172e-05,8.970279921110299e-07,1.7510324165114501e-07,8.469875845043075e-06,9.77424464805666e-09,8.21916085249532e-06,0.05933351091840334,0.01552775100038094,1.4051911277944892e-05,4.12905736044464e-05,1.6330500804446549e-06,0.00040087237335896953,0.00018699120046152234,0.00019077066319502642,1.87268888893273e-05,8.737012417808672e-05,0.05356667039191471,0.0008013423441127287,0.00026955358081222743,8.453598955837597e-05,0.00020315686836574071,0.867846069177429,0.0006253709973507668,6.562086869564293e-09,0.000757344615017563
50,2.8549056107692464e-05,7.592099722589145e-07,1.403756062204992e-07,8.245752476795383e-06,9.917041639642438e-09,6.066309233658957e-06,0.08121144312741242,0.018934430618737355,1.9086996671663996e-05,5.167643725361174e-05,1.471362846073565e-06,0.00025643123118128597,0.00015626676504939486,0.00015660548772004104,2.2036422304031253e-05,0.00010199806587196987,0.04244355355128529,0.0007175406354127838,0.00028256731131888686,8.197179052028975e-05,0.00017179784003732495,0.8537888727462764,0.0006407086169630972,7.1168091906662475e-09,0.0009177632558907461
51,3.8009449632261025e-05,1.182006211890773e-06,2.434218372179219e-07,1.9337148147613925e-05,1.4794591419539786e-08,8.187277836438568e-06,0.07582770218508116,0.02923761986725486,2.732123459309767e-05,5.4224596728706515e-05,2.4887331624641912e-06,0.00035961905019923077,0.000311868920539036,0.0002077968876195072,2.2328797860128802e-05,0.00012735919791886834,0.07523139832685669,0.0008197182370147232,0.00025998861726235603,7.116873089109336e-05,0.00021858822756232172,0.8157971411854129,0.000722596473883341,1.0470536465007674e-08,0.0006340861613660929
52,3.843669044781269e-05,7.876725690478866e-07,1.992412863201677e-07,1.722108499088819e-05,1.14034275774156e-08,9.051777309421765e-06,0.08092793066988818,0.021676757481781314,2.2930198872484133e-05,6.96758778010684e-05,2.48657564782686e-06,0.00036989067469596717,0.00025283306996417876,0.0002512725781124904,2.1793443124389914e-05,0.00016372559651871467,0.07975816016192137,0.0012669343438187364,0.0002516790755832297,0.00010802524404238333,0.0002014480617027629,0.8128221153219483,0.0008934633824345407,1.3500075680633708e-08,0.000873156872035288
53,9.693825653882532e-05,5.136085151270051e-06,8.895835321251611e-07,6.590753816587766e-06,1.4371109927321852e-08,8.749895349985298e-06,0.0048380568722333995,0.009436975748861438,6.847090498540785e-06,4.075398353542485e-05,3.3449618990624497e-06,0.002755171831915878,0.0005645903224707526,0.0002674134163007531,2.9697798596294347e-06,3.1672787754727515e-05,0.15509985948118202,0.0014646325928489641,0.0006779423571154564,4.245876513220194e-05,0.00041878419692670976,0.8238221377819754,0.0001839173226514573,4.738011904566781e-09,0.00022414702332761757
54,3.299369681476059e-05,9.753721738260509e-07,1.843178003736294e-07,1.194708283320693e-05,1.1771148968043078e-08,8.572247976944107e-06,0.07718463144290824,0.02100964949025057,2.0773361526509388e-05,4.9941657441803595e-05,2.0782249302020697e-06,0.0003683034190999793,0.00022328347080478997,0.00019834733765609455,2.3576556113864268e-05,0.00011878410800740915,0.06242983693063548,0.0008660792365018432,0.0002958293379717312,8.851857059959575e-05,0.0002158666418642107,0.8351550689043681,0.000832577570269467,8.830688040014633e-09,0.0008621604196138282
55,5.384155247959271e-05,1.9745415800732548e-06,1.9545156336872432e-07,1.0623147235510679e-05,2.080988610108452e-08,8.737270908775132e-06,0.10691172010241776,0.01998521024406651,2.8424008730761388e-05,4.750040679531846e-05,2.2746631091815453e-06,0.0009085479183667654,0.00034064091665037785,0.00024872259488967213,1.6994988517344806e-05,0.00013932556831618818,0.06914169163927593,0.0018528315012659093,0.00038444358794915507,0.00010340450061550177,0.0002506445690422648,0.7971697848232394,0.00085274453104858,7.397214767697081e-09,0.0015396932648350135
56,3.398318312498272e-05,1.0589548103681986e-06,1.8984228846390332e-07,1.1702212986697148e-05,1.2596046145153747e-08,8.71976354431037e-06,0.07853077757811786,0.021249802228345462,2.124402828486365e-05,4.9698906580352195e-05,2.12460449903871e-06,0.00039956454718121677,0.0002445258106485229,0.0002010700427719579,2.2875951520738616e-05,0.00012282719127407597,0.0625336727397927,0.0009008503237034562,0.00031219198174157033,8.914425589095979e-05,0.00021122105060839333,0.8333805424315989,0.0008022348165266104,8.550266268308652e-09,0.0008699564078461034
57,2.4867594440176418e-05,8.966949085423142e-07,1.6548764644738093e-07,6.13307755061067e-06,1.0131445513182744e-08,6.047043474882771e-06,0.05619900270665904,0.018991405609114026,1.2551108120424384e-05,3.445109480078266e-05,1.3812946375886641e-06,0.0004370283631340505,0.00019647467818655677,0.0001306503404017797,1.6363260314061846e-05,8.230187899703908e-05,0.04270319709117194,0.0006431759674374479,0.0003962499579522855,7.788208123707803e-05,0.00019808726302114753,0.8787504329808146,0.0004912608260057982,4.0786331521163955e-09,0.0005999793898949072
58,3.3460507655401076e-05,9.692036214331513e-07,1.8735022743938783e-07,1.1930847959333888e-05,1.189892626051484e-08,8.46103678639784e-06,0.0778725121619319,0.02083089629056641,2.1648300477772492e-05,5.116878732458835e-05,2.0857295747899918e-06,0.000348254418462659,0.00021594301437868115,0.00019558283817704865,2.4788912112416483e-05,0.00011939353349518211,0.06021733235823128,0.0008496966597067532,0.000290831616765439,8.930728622271224e-05,0.000208273069512587,0.8368943012463783,0.0008275943160645674,9.74967886482454e-09,0.0008853588657616564
59,3.29080232764086e-05,9.13885431440393e-07,1.8729933451749728e-07,1.1938134793057595e-05,1.1628433375575424e-08,8.207223915047095e-06,0.07396387647059119,0.01985698095817649,2.1522367835770755e-05,5.388711830887105e-05,2.0448857517539845e-06,0.00032530108525775025,0.0001957876552253806,0.00019769193605482567,2.4896171060381412e-05,0.00011568263185742315,0.0584676416876916,0.0008381236186131351,0.00027716651429064807,9.07545137292179e-05,0.0002095688596422247,0.8435945747125032,0.0008193643675911932,1.046884596123041e-08,0.0008909577817892578
60,3.3246549707367163e-05,9.927307941641723e-07,1.7907716784422872e-07,1.1416381959789088e-05,1.1823801479484344e-08,8.512511700551713e-06,0.07804763191951979,0.0205349421089415,2.102498395051318e-05,5.014756162440787e-05,2.0133179456903683e-06,0.00037022828166096095,0.00021833470428417627,0.00019762161689011802,2.3177693237830837e-05,0.00011885645730706014,0.061230873956009915,0.0008783046480009208,0.00029552937414216093,8.831938099280993e-05,0.00021136936848512754,0.8359416150030614,0.00081965973209983,8.618485632933365e-09,0.0008959821982289714
61,3.269247389071292e-05,9.178526969362434e-07,1.927573935678794e-07,1.2021095961716513e-05,1.1305302990425598e-08,8.369099804572148e-06,0.07292563766001463,0.020383236117656692,2.043507540033508e-05,5.2022136086341954e-05,2.0289382978408535e-06,0.0003355361691055232,0.0002030103413366566,0.00019563993714446338,2.4349339505985493e-05,0.00011368623154912851,0.0601959487302386,0.0008376253521636223,0.00028143284501790203,8.954445716725285e-05,0.00021161634112622503,0.8424278743370943,0.0008015501736701986,9.93409119281299e-09,0.000844611298282579
62,3.3246549707367163e-05,9.927307941641723e-07,1.7907716784422872e-07,1.1416381959789088e-05,1.1823801479484344e-08,8.512511700551713e-06,0.07804763191951979,0.0205349421089415,2.102498395051318e-05,5.014756162440787e-05,2.0133179456903683e-06,0.00037022828166096095,0.00021833470428417627,0.00019762161689011802,2.3177693237830837e-05,0.00011885645730706014,0.061230873956009915,0.0008783046480009208,0.00029552937414216093,8.831938099280993e-05,0.00021136936848512754,0.8359416150030614,0.00081965973209983,8.618485632933365e-09,0.0008959821982289714
63,3.377360842714474e-05,1.036138659858604e-06,1.805957921483094e-07,1.1155756675846117e-05,1.2044138956856181e-08,8.519678499170154e-06,0.07799163252752779,0.02055190045351111,2.1307705059597522e-05,4.970566317553897e-05,2.0153986748356038e-06,0.00037292874252038986,0.00022051793894067658,0.00019492255608711227,2.323728541337508e-05,0.00011744813390644646,0.06048589535405184,0.0008652097523272521,0.0003011434511169573,8.6617064764528e-05,0.0002105258084262494,0.8367480542407295,0.0008043384269163944,8.525483386263373e-09,0.0008979131491740143
64,3.163292035636762e-05,9.977272554583747e-07,1.8553960795939879e-07,1.1217805612510715e-05,1.2142006678053228e-08,8.231140622617302e-06,0.07623964695801186,0.020540449308604124,1.982250526210173e-05,4.948598334954192e-05,1.9812674926951072e-06,0.0003566165713644702,0.00020332046423856182,0.0001865011260233038,2.448784417925077e-05,0.00010875642211867809,0.055511208718261394,0.0007934363349011233,0.00030322834052093855,8.76614152498242e-05,0.00024018090676235232,0.8436015425030552,0.0008120680977024109,8.38946872172135e-09,0.0008673195679718284
65,2.3393082426324986e-05,8.757439974948289e-07,2.019100395610505e-07,1.3351139185293882e-05,1.0560053577765827e-08,1.064550103126454e-05,0.07848978293578315,0.022343074033488713,1.8413266960061656e-05,4.336766462314592e-05,2.037067815185026e-06,0.00023057939531464003,0.00017853567060865488,0.00017414323798060013,3.910809760639674e-05,0.00010127519194586594,0.054245132838810495,0.0004738393130442025,0.000270669474571177,7.68259222572534e-05,0.00023768513954813586,0.8413919341157569,0.0009225905105053482,9.714545561743967e-09,0.0007125184721011782
66,2.7501762429873904e-05,9.104682807693146e-07,2.1300726444902527e-07,1.6721915129191157e-05,1.5405463720352645e-08,6.103561692699099e-06,0.04742275598816379,0.013351058292958616,1.561578373463315e-05,7.023739565744645e-05,3.011335757777124e-06,0.000479005482002686,0.00026916777039582066,0.00033157612752634906,1.4058622532256486e-05,0.00011757739150144348,0.06773830794595326,0.0010445913131914987,0.00021861575598503398,7.224282495299031e-05,0.00026831857662245484,0.8673182475848621,0.0005912771591388463,1.0051262168418167e-08,0.0006228584775401067
67,1.9111249531961368e-05,6.772218404312648e-07,1.452863278184819e-07,1.0564253156757406e-05,6.918700677810716e-09,1.573986358680516e-05,0.06275331505603902,0.009336871824467926,1.1416568338037072e-05,5.0018827232246666e-05,1.9869693460824482e-06,0.00037568727113100527,0.0001480983859843566,0.00035168177573136674,2.57299428789219e-05,9.665468175487826e-05,0.07399511980862432,0.0010910387969880048,0.00016402237216866418,0.00013370557291488114,0.0002671789770456241,0.8485833168338804,0.0012912829726433586,1.1405914783811044e-08,0.0012766171637715563
68,3.6240579130578636e-05,1.0622157527018394e-06,2.139848357045351e-07,1.718044079581322e-05,1.253992567901942e-08,1.1103541240788487e-05,0.10924615719241833,0.026486257249910664,1.8311402905524778e-05,5.0898211472839206e-05,2.300190302024734e-06,0.0007750193569076705,0.00044799663360789704,0.000286984293075645,1.6052235440765447e-05,0.000168521095640966,0.09304012895225088,0.001989098826766641,0.0003035680441517746,0.0001277044925680416,0.000279735495321905,0.764733015674342,0.0009777073998019686,6.906678256237077e-09,0.0009847230447549758
69,3.2265508630433416e-05,9.861199104814342e-07,1.800009486874333e-07,1.1146102291811546e-05,1.1449033171309966e-08,8.792615885846203e-06,0.07655362586999076,0.02012632488412983,1.9528287977225183e-05,4.87274325260836e-05,2.0355867645211763e-06,0.00038470036414837793,0.00022172878300923883,0.0001988770198179597,2.314289900329612e-05,0.00011657932150298012,0.061622576347235634,0.000877821160200255,0.00030180998936203636,8.995664357055613e-05,0.00021829214106665332,0.8374460252104129,0.000823515373944954,8.321392950812304e-09,0.0008713425672434876
70,3.341661385995496e-05,9.70283561513864e-07,1.8560641460409426e-07,1.3258141562063012e-05,1.2510223516177945e-08,9.381638694568061e-06,0.08017839843169909,0.021181929275842636,2.2787790763911688e-05,5.380262976999224e-05,2.0882446696108996e-06,0.00038796469718021246,0.00023251576698848754,0.00022150257647782416,2.3097604119575907e-05,0.00013507022020964546,0.06823209257630997,0.000985640731522137,0.00027733606164878155,9.768867569635381e-05,0.00021197532382727903,0.8258594022883672,0.0008995403245484965,9.580309141581845e-09,0.0009399324057337212
71,4.4519828678425534e-05,1.2047831668536396e-06,1.7369284635799126e-07,1.2446862939570432e-05,1.641395795090951e-08,7.6281685211970755e-06,0.0865699192008499,0.02302162898857296,3.0125777853894774e-05,6.114236333843598e-05,2.1980752238502455e-06,0.00045405428819459824,0.000259624285826186,0.00021810246808358347,2.0211287495664692e-05,0.00015077941453376997,0.06480947199420253,0.0011911172657020563,0.00031599772212156707,0.00010153785785368944,0.00020873158598157607,0.8205312068254353,0.000877064137678073,9.457417389854956e-09,0.0011110872535246817
