,0,1,2,3,4,5,6,7,8,9,10,11,12,13,14,15,16,17,18,19,20,21,22,23,24
0,0.018961938866716325,1.987549778300058e-07,0.0010606262665845895,0.013174374467697451,0.013680931047247713,0.0005232622755972507,0.007349973992395143,0.00017245465542425065,0.027946885772419765,0.0015500548175215883,0.00028411831822124686,3.712398449425322e-05,8.521659453886514e-05,0.0003783378966025188,5.722795108414394e-06,0.0032396389848281253,0.0004044494870911651,0.0002755083031070382,9.373072534451181e-06,0.0009610916614649285,0.0017917895285841866,2.7828486112469816e-07,0.9068962062655351,0.000578551830431948,0.0006318920760146725
1,0.022059183516458254,2.0383847561587716e-07,0.0014324141574425112,0.01493961035527076,0.016331899763816524,0.000606458700355656,0.0073857727808140225,0.00021414294769159147,0.03806118057415944,0.0020106208902962316,0.00030856018555651605,3.676588434359118e-05,0.00010429681670344258,0.00032460636963041505,5.766953518485757e-06,0.004217863695150943,0.00042029466317838285,0.0002612834350155101,1.2384398758608634e-05,0.0010462230471512614,0.0018857147568340465,2.8905481866452696e-07,0.887200812323097,0.0005752968571810328,0.0005583540342815519
2,0.020743552206169615,2.0234537016277715e-07,0.001079242535287456,0.018525141729802654,0.010552966445430197,0.000839481112103793,0.010773732211376974,0.00015477696067236053,0.021867788942935257,0.0012896097975892162,0.00017650503468254788,4.5270292199851106e-05,9.673197540157733e-05,0.0003554409382736371,3.835587675050037e-06,0.006564404138653185,0.00052048116266389,0.0003307218891526602,1.2807317857961991e-05,0.0006859388299181011,0.0022895558260477497,4.150587483453283e-07,0.9017117918471513,0.000889508052710693,0.0004900977621256426
3,0.01907653231097616,1.9486445945502423e-07,0.0010632820831565613,0.01350485035849963,0.01356444677859529,0.0005258228785661866,0.007382456841164598,0.00017646843400711775,0.028194446841460462,0.0015779303566232175,0.0002842146688296283,3.7092403774555346e-05,8.716583620670346e-05,0.0003715564910567584,5.648181320714741e-06,0.003310795631871901,0.0004049599109058408,0.0002771507132081775,9.34671645392617e-06,0.0009759642451332792,0.0017848258002721902,2.7732490144429434e-07,0.9061880835518272,0.0005790226023136727,0.0006174641744156336
4,0.019956992174974875,1.9255792957375503e-07,0.0010756339504871383,0.01343654531687644,0.013735674378002702,0.000537219303369242,0.007617305657589365,0.00018128784006593958,0.026951203686018346,0.0016159673160222928,0.0002771066018332622,3.726806032390072e-05,9.859947643112983e-05,0.00039161709351765204,5.502853852676126e-06,0.003482027746569094,0.00042397565405009657,0.00029758150682318997,1.0041899351240769e-05,0.001030915537347368,0.0017700809656719925,2.714607372025792e-07,0.905823768332934,0.0006394673533098509,0.0006037532759115433
5,0.018070573961112384,2.043380097763616e-07,0.0009197023774654026,0.015198265436211639,0.012145180449795387,0.0005462551602910008,0.006703959812725666,0.00017447252304409394,0.02561447367314618,0.0014749240789325648,0.00028165596839834287,3.553383052330299e-05,8.72913431909711e-05,0.0003670083246507158,5.635388391002001e-06,0.0033903990889259886,0.00038918110029846707,0.0003272421671916835,9.127016244085935e-06,0.0010197582256726092,0.001737203162238884,2.815239448195485e-07,0.9103631952093726,0.0005646725647899353,0.0005738032754326742
6,0.01907653231097616,1.9486445945502423e-07,0.0010632820831565613,0.01350485035849963,0.01356444677859529,0.0005258228785661866,0.007382456841164598,0.00017646843400711775,0.028194446841460462,0.0015779303566232175,0.0002842146688296283,3.7092403774555346e-05,8.716583620670346e-05,0.0003715564910567584,5.648181320714741e-06,0.003310795631871901,0.0004049599109058408,0.0002771507132081775,9.34671645392617e-06,0.0009759642451332792,0.0017848258002721902,2.7732490144429434e-07,0.9061880835518272,0.0005790226023136727,0.0006174641744156336
7,0.0503418559246597,2.3500057911761419e-07,0.0023771535700133346,0.020814126450017834,0.023305196995085722,0.000488958849370352,0.013138823893542893,0.00039245351770111816,0.04169437728891562,0.0038360161402555336,0.0005373472169563128,4.875169171710356e-05,0.00021912857285555145,0.000560842915234807,6.746738812344522e-06,0.004458328413041171,0.0007101104576158761,0.0002743043198758765,1.77056719875923e-05,0.0016422521947525614,0.0015550799036418656,3.8892523656885066e-07,0.831730877173495,0.0009574114779215819,0.0008915266967145493
8,0.02135163396774887,1.5160786172128544e-07,0.0014521768702111001,0.01134294126504858,0.011224266537238724,0.00033705938327591324,0.0067894526380599,0.0001616326774721494,0.02228029006501756,0.001952840435904462,0.0002576560143334874,3.612561763716993e-05,9.06301461267003e-05,0.00039180215666554183,4.807662965916356e-06,0.002390497069332424,0.0004018231960468319,0.00015311747110709645,7.2806555912796e-06,0.0009382884961278965,0.0017637327402879174,2.2061577450121173e-07,0.9152966038743314,0.0007012427286679438,0.0006737261071647647
9,0.018439917448103273,1.6078082598431117e-07,0.000981150013379435,0.011950876797281264,0.009954653488599365,0.0003340869794748771,0.005771788434165556,0.00015372254392641892,0.022593041573497268,0.0017555245186000247,0.0002724866203747206,3.097281316922236e-05,7.138029926853901e-05,0.0003567390856108378,5.305556330634167e-06,0.001978375504042952,0.00033404557415421,0.00017668011649081197,6.240535043926161e-06,0.0008779169979592564,0.001436676373556287,2.1485996527918305e-07,0.9212830556040957,0.0005585726984434617,0.0006764147836405428
10,0.01907653231097616,1.9486445945502423e-07,0.0010632820831565613,0.01350485035849963,0.01356444677859529,0.0005258228785661866,0.007382456841164598,0.00017646843400711775,0.028194446841460462,0.0015779303566232175,0.0002842146688296283,3.7092403774555346e-05,8.716583620670346e-05,0.0003715564910567584,5.648181320714741e-06,0.003310795631871901,0.0004049599109058408,0.0002771507132081775,9.34671645392617e-06,0.0009759642451332792,0.0017848258002721902,2.7732490144429434e-07,0.9061880835518272,0.0005790226023136727,0.0006174641744156336
11,0.020497375168587947,1.9527591013698746e-07,0.00110175489285065,0.013665285790651292,0.013681971667163421,0.0005411184476921071,0.007733384197452566,0.00019766362108199716,0.028906827665224177,0.0017138991527681578,0.0002859520374696271,3.862275214598813e-05,0.00010136214834154121,0.00038146918641045153,5.7142363103746715e-06,0.003533563641090996,0.0004339546068580721,0.0002953071886787419,1.0207442621705678e-05,0.0010395354313406046,0.0017591803330553235,2.8497790192621773e-07,0.9028226116942849,0.0006416099359986203,0.0006111485081088185
12,0.0035902376830793765,5.855436997713889e-08,0.00019411993512582706,0.0034613476523056375,0.010492491199531336,0.00030222739057526133,0.0034168771973051063,1.474539764884989e-05,0.007511613639721243,0.0003300857776083078,8.357408688803005e-05,1.236833521505523e-05,1.891310551140711e-05,0.00035458403183424755,1.8015906714005875e-06,0.0009544405678878968,0.00013186710964867017,0.00022757121049210403,2.0558237341629774e-06,0.000573215755329294,0.0010546956454401816,4.929893121942709e-08,0.9665966698196229,0.00027226534276593754,0.00040212384875639557
13,0.020516558093681067,1.4951317321088488e-07,0.0012213894518684335,0.013603358046651835,0.012215638233070534,0.0003111512228921054,0.006426203752319252,0.00019403085484650712,0.02403571107918551,0.0016246652689633702,0.0004911830857499803,4.699888095608144e-05,8.926924078961274e-05,0.0005106727087468496,7.230222587351948e-06,0.0027921088083761782,0.0003679089421519534,0.00026131336145299893,6.331618220354404e-06,0.0012266714151459293,0.0018196143689875037,2.2691602643762524e-07,0.9111934009363503,0.00043361650873117655,0.0006045974690755455
14,0.01909261376598653,1.9395905182557244e-07,0.0010626709611654388,0.013468803509721796,0.01351364554592,0.0005244567148416363,0.007398595784650566,0.00017666646417517423,0.028194544981265873,0.001578621761659638,0.0002833202895782412,3.714934076124966e-05,8.700714672047343e-05,0.0003711025590408298,5.638725208103245e-06,0.003304783807738177,0.0004053693750399931,0.00027588363713003833,9.311053585878125e-06,0.0009727668585316871,0.0017852303809144556,2.772325926659154e-07,0.9062534290529533,0.0005800139931879364,0.0006179030985784443
15,0.01907653231097616,1.9486445945502423e-07,0.0010632820831565613,0.01350485035849963,0.01356444677859529,0.0005258228785661866,0.007382456841164598,0.00017646843400711775,0.028194446841460462,0.0015779303566232175,0.0002842146688296283,3.7092403774555346e-05,8.716583620670346e-05,0.0003715564910567584,5.648181320714741e-06,0.003310795631871901,0.0004049599109058408,0.0002771507132081775,9.34671645392617e-06,0.0009759642451332792,0.0017848258002721902,2.7732490144429434e-07,0.9061880835518272,0.0005790226023136727,0.0006174641744156336
16,0.01622525319968199,1.3094899174706592e-07,0.0010305197336970984,0.0134635492064887,0.011861551459823049,0.000514064510201721,0.007567248151618672,0.00015884159728622236,0.017829487180426946,0.0013331763965922603,0.0002957568205835576,4.741120573392886e-05,0.00010211049172060222,0.0004840451143659772,5.438267191811767e-06,0.004498714264266837,0.0004178061892100014,0.0004144854498627873,8.090022075393263e-06,0.001258568730368182,0.002399971758334138,2.339129579246048e-07,0.9190556589848711,0.000606021374346328,0.00042186502930312406
17,0.024538300360937577,1.678463094383545e-07,0.0011365959402961975,0.015355612169668797,0.01500300304458547,0.0003888012862327875,0.010634421070880999,0.0001880842304916805,0.02636286281295977,0.0013998985094825305,0.0003529026793729586,5.159515157106524e-05,9.254481009384563e-05,0.000557122773532471,5.361434103527504e-06,0.0031990960610288493,0.00046827747011436125,0.0002565137101889401,6.824602605650843e-06,0.0010600684402247468,0.0018134854445893654,2.95875971376237e-07,0.8957590444431884,0.0005787400390630454,0.0007903797925061508
18,0.021410063917775588,1.8461262422863333e-07,0.0007023396844133039,0.009259908260222117,0.013281268350651798,0.0003658875586961351,0.007795046436463637,0.00012180321781079346,0.024557823517020988,0.0013001413167782866,0.0002647621946123133,2.9511072969263918e-05,6.395658232393238e-05,0.0004441265828786545,4.867085636707196e-06,0.0018811809434308416,0.000538272532252147,0.0002593035279954165,8.130596107448678e-06,0.0008027900755476372,0.001307532585788375,2.7285581410409593e-07,0.9140175183357727,0.0005922017865907764,0.0009911063698229158
19,0.02249045340763354,1.9064502720496568e-07,0.0014702482585221416,0.015765614735804814,0.016082363553160398,0.0006571793315438023,0.011112652863105097,0.0002623054697205809,0.03839793969643914,0.0026129631819281104,0.0003052450528555105,5.197479109313713e-05,0.0001190446965646887,0.00035081971506311396,5.716060756309145e-06,0.0038329301660540126,0.0005038639933752864,0.0002329976331898624,1.0144894250332243e-05,0.0011452692315039484,0.0018828675467662994,3.8207904660640044e-07,0.8812235584459235,0.0007411483146870008,0.0007421262359853588
20,0.015996742353962184,3.02140533576863e-07,0.0010520580399169368,0.01679781930055408,0.01031176459445972,0.0006361655186766036,0.006341082540052356,0.0002497286677443665,0.029435358926016453,0.0015483186510449963,0.00033723350390126635,5.1728616621533005e-05,8.208841236995528e-05,0.00034027091197826536,9.005024667284645e-06,0.0036244916233061646,0.00039800515235938444,0.00034097888493535495,9.2517422438444e-06,0.0009773222308943088,0.002323738848873516,4.5269131039920965e-07,0.9079836301697738,0.0005338428277929015,0.0006186186260106621
21,0.01978813318146502,1.7216411212655412e-07,0.0010591314537348967,0.017940524958573782,0.012739908958322563,0.00045653130480512904,0.006631666798401798,0.0001627179945804488,0.023614970062966284,0.0014032014450173322,0.00039449748477445083,4.4556327976970837e-05,8.786384070486096e-05,0.0004940841415209216,5.993900340048205e-06,0.003901817489352178,0.0003446048674558799,0.00032989644409417597,7.804950000196207e-06,0.001173817558003644,0.0018546433003726163,2.513627891941516e-07,0.9065805795484383,0.0004495073537729606,0.000533123108424252
22,0.019828271535675065,1.5970546798355852e-07,0.001290819892687168,0.01737922696765618,0.013071943845502856,0.000432605822157675,0.006927065023596917,0.00017271932353025385,0.023871643568123616,0.0017750611342767612,0.0004298422544513232,4.199478729669102e-05,9.251402255059282e-05,0.00039880430495352483,5.652709670429916e-06,0.003645221628751509,0.00047422660050393413,0.00030579378492864563,7.999129089966915e-06,0.0012590104185172353,0.002136904916578003,2.943395483082478e-07,0.9054385218993317,0.00046765494748098,0.0005460474376726725
23,0.01907653231097616,1.9486445945502423e-07,0.0010632820831565613,0.01350485035849963,0.01356444677859529,0.0005258228785661866,0.007382456841164598,0.00017646843400711775,0.028194446841460462,0.0015779303566232175,0.0002842146688296283,3.7092403774555346e-05,8.716583620670346e-05,0.0003715564910567584,5.648181320714741e-06,0.003310795631871901,0.0004049599109058408,0.0002771507132081775,9.34671645392617e-06,0.0009759642451332792,0.0017848258002721902,2.7732490144429434e-07,0.9061880835518272,0.0005790226023136727,0.0006174641744156336
24,0.020045702189350124,2.3543933104675763e-07,0.0010159290067649385,0.01948928347399249,0.015535914946264946,0.0005684712559004138,0.007049114258832781,0.00017885607665266235,0.027554737616216077,0.0016126501951922595,0.00036506005888190245,4.1228869360020786e-05,9.575005484068326e-05,0.0004483071205133632,5.996537058278987e-06,0.003563536656751398,0.00038362481090941503,0.0003474533566895625,9.364028235075782e-06,0.0012163793854116558,0.0016905701256747234,3.094647482213846e-07,0.8976054175707932,0.0005132543716228297,0.0006628531300121493
25,0.030118289981281895,1.4972928312008465e-07,0.001410064148766025,0.01937029703612779,0.015572465239267502,0.0003400012135171447,0.010796764354324702,0.00030389726519286953,0.029320449060075103,0.002289028348995932,0.0006114125035086512,5.748109709745645e-05,0.00013934398115719872,0.0006099442825631411,7.035230718113205e-06,0.003498899223112887,0.0005046260761998519,0.0003092052391886333,7.198962370241316e-06,0.001657195281996266,0.001626945691153903,2.910459975623056e-07,0.8801564770475488,0.0005652953168539756,0.0007272426437010046
26,0.017775438019743305,1.5459055625457571e-07,0.0007927779852484845,0.008753314178603852,0.011458437182070355,0.00047442363663154075,0.0060010501030479686,0.00013316192144734445,0.028550299304586038,0.0014009332658243962,0.00017180513206744154,2.2316691556021068e-05,7.299294008669424e-05,0.0002475634189138835,3.9276156355639075e-06,0.00242047938277684,0.00039244753026233115,0.00022746940320210888,9.153987810738805e-06,0.0007177485966048693,0.00143048213147274,2.016404634283776e-07,0.9177920317345473,0.0006089466414249955,0.0005424429654153779
27,0.01934705666378506,2.639860174033509e-07,0.0009513703175465692,0.01547453775390546,0.013242053235797342,0.0006087276207305178,0.007406690148653492,0.00021795658505197686,0.03696259922261095,0.0017128181524878083,0.00032047463830161594,4.043466432338882e-05,7.966380737108935e-05,0.00034591171399065194,7.124503373718627e-06,0.0031827909117812764,0.00039408768253676273,0.00028472351094290026,9.990004051963967e-06,0.0009047582901344306,0.0015953418799787965,3.696517187378303e-07,0.8956234730628545,0.000528388254393142,0.0007583937376603506
28,0.01907653231097616,1.9486445945502423e-07,0.0010632820831565613,0.01350485035849963,0.01356444677859529,0.0005258228785661866,0.007382456841164598,0.00017646843400711775,0.028194446841460462,0.0015779303566232175,0.0002842146688296283,3.7092403774555346e-05,8.716583620670346e-05,0.0003715564910567584,5.648181320714741e-06,0.003310795631871901,0.0004049599109058408,0.0002771507132081775,9.34671645392617e-06,0.0009759642451332792,0.0017848258002721902,2.7732490144429434e-07,0.9061880835518272,0.0005790226023136727,0.0006174641744156336
29,0.01907653231097616,1.9486445945502423e-07,0.0010632820831565613,0.01350485035849963,0.01356444677859529,0.0005258228785661866,0.007382456841164598,0.00017646843400711775,0.028194446841460462,0.0015779303566232175,0.0002842146688296283,3.7092403774555346e-05,8.716583620670346e-05,0.0003715564910567584,5.648181320714741e-06,0.003310795631871901,0.0004049599109058408,0.0002771507132081775,9.34671645392617e-06,0.0009759642451332792,0.0017848258002721902,2.7732490144429434e-07,0.9061880835518272,0.0005790226023136727,0.0006174641744156336
30,0.01907653231097616,1.9486445945502423e-07,0.0010632820831565613,0.01350485035849963,0.01356444677859529,0.0005258228785661866,0.007382456841164598,0.00017646843400711775,0.028194446841460462,0.0015779303566232175,0.0002842146688296283,3.7092403774555346e-05,8.716583620670346e-05,0.0003715564910567584,5.648181320714741e-06,0.003310795631871901,0.0004049599109058408,0.0002771507132081775,9.34671645392617e-06,0.0009759642451332792,0.0017848258002721902,2.7732490144429434e-07,0.9061880835518272,0.0005790226023136727,0.0006174641744156336
31,0.0008189446974201064,4.4436202248720174e-08,4.3697258381674595e-05,0.0050455563146498544,0.00742797698594917,0.0007193497442543269,0.002193439229436239,2.742850791543557e-06,0.010639069338386146,0.0005853776918610538,8.713813007792745e-05,6.845054665426889e-06,2.119910079796334e-06,0.00014629379739052335,1.3910577407456839e-06,0.0003616695446874697,4.786772111918063e-05,8.560343543344993e-05,7.317605896508865e-07,0.0002620949870836635,0.00045560323556048074,6.714867599019062e-08,0.97037301632459,6.371302246258665e-05,0.0006296463225106386
32,0.02004755842699332,2.2159743936494616e-07,0.0011076700678721541,0.013442253158117446,0.014072374631778278,0.000558532594642404,0.007142921595135146,0.00017965934894744912,0.028635156884136922,0.0015803417728610031,0.0002790563323015995,3.648648613480222e-05,9.239594335679326e-05,0.0003777964952330237,5.82478918688999e-06,0.003471055392479936,0.00042592605920598595,0.0002963079552635773,1.1022098694838676e-05,0.000967355758075218,0.0018095807053832122,2.9408132431442544e-07,0.9042125538634813,0.0006200995116085131,0.0006275544503465114
33,0.02580888104322153,2.6062946100681414e-07,0.0011403869754789493,0.016817206693526543,0.013795517893280247,0.000793326921198334,0.008910265997604111,0.00023613753427403946,0.0242411154010169,0.001691222520866445,0.00021450076121132331,4.298225910663624e-05,0.00016571447980297125,0.00042443364470003375,5.040151043760957e-06,0.005995486907508336,0.0006344973260340236,0.0005012510573396453,1.9004535655874003e-05,0.001117409075129115,0.001981553357919782,3.937643296682222e-07,0.8937953637670921,0.0011326281298391753,0.0005354191733594505
34,0.027091271295770134,1.945019352128216e-07,0.0012753405009817806,0.013503600177501286,0.01589508428584914,0.0004450906811987894,0.007566775041641854,0.00018971127554707272,0.029592909023168662,0.0016719828890513755,0.00032995831096929734,3.536730231613538e-05,0.00010424072324132928,0.0004381346080402337,5.619336200759437e-06,0.0034192138624506243,0.0004573241669544709,0.0002802635538375339,1.1339067089401113e-05,0.0010237567690653427,0.0017220929120544703,2.567267443114021e-07,0.8936864997438463,0.0006168993690980415,0.0006370738754465344
35,0.02037811517579541,2.0613732461788001e-07,0.0010874138451038703,0.013972591979233522,0.013882252929108229,0.0005369115180804301,0.007570490610635854,0.00019221711533331381,0.03048823014554026,0.0016306568426796271,0.00029363931479241235,3.790296297261628e-05,9.047364746095902e-05,0.00036830410017112537,5.855315987709862e-06,0.003398369018907814,0.00041966362168475004,0.0002817267555340795,9.888633465723779e-06,0.0009751365890066674,0.0017663879494976104,2.9479248907529894e-07,0.9013913192722707,0.0005850472442023748,0.0006369044827212605
36,0.02685365378872335,1.889567765912013e-07,0.0011325500151154637,0.01646296842625825,0.012892980434150943,0.0005310445750598634,0.014027934035241716,0.0003349242815077696,0.030656859975498295,0.0017809194091270774,0.00039835799317188556,8.81289272350032e-05,0.00013327309765113037,0.0006037467457115592,7.413588630387613e-06,0.004921621182575668,0.0007054662038635215,0.0004230120781280072,9.724697668423467e-06,0.001221649031682134,0.0020167041123530147,5.100417974921433e-07,0.883179959138483,0.0007910168726415531,0.0008253923909477237
37,0.022197571276745428,1.2914281003905312e-07,0.0009508245352285612,0.011539233895966644,0.011840990144277188,0.0003760920293794745,0.007998959589927152,0.00010568290019197071,0.01415084029536355,0.0010994274327889783,0.00021521180400666128,3.228705373121495e-05,9.184503354916911e-05,0.0005634356511240716,3.7224576692919244e-06,0.003417615222813348,0.00043211648724617187,0.0003052807690342176,8.402229956722674e-06,0.0009214133247656893,0.0018494892888803237,1.8679980248307033e-07,0.9206125980093268,0.0007722671043696812,0.0005143775210449273
38,0.013236889739730712,1.5877563324698672e-07,0.0008240751729912529,0.010698330685680574,0.010543357099637506,0.0006704717730916202,0.006978870668329847,0.00014227221860998722,0.02239462710279782,0.0012722984875096917,0.00020836944116738596,3.534822801478652e-05,8.070183312149608e-05,0.0003161971518678758,5.398283302288145e-06,0.004022364235286934,0.0003451074877723437,0.0003530477751093702,9.543157056221063e-06,0.0008379716227823635,0.0020407788260627087,2.4621625419885513e-07,0.9239679997973244,0.0006007859375286752,0.00041478828333650647
39,0.013114946736701268,2.335695244498495e-07,0.0014559654470784292,0.012891503116342653,0.011015152092291012,0.0008764312457643882,0.006480138740520437,0.00022588640873106878,0.027407049588534734,0.001234183553303672,0.00017081419238504768,4.899567782265627e-05,9.560148924861757e-05,0.00023089141157126852,5.684587223428303e-06,0.0056751749347249926,0.0004837671885701736,0.00032047015306836945,1.1894447065801171e-05,0.0009221474256345035,0.003716770673206776,3.8129909618271666e-07,0.9125147743228285,0.0006950704426646122,0.000406071256097121
40,0.026446164511474166,2.274754427859879e-07,0.001700063564777981,0.010693075998013049,0.02453764172875631,0.00036349665271804285,0.008658057687808779,0.00013904415287936233,0.024404379405402073,0.0012886452388585247,0.0003835625031235527,4.81397021669012e-05,9.511438069403135e-05,0.0007804474807225642,6.234138847994076e-06,0.0027893332801703797,0.00044959821381595236,0.00024002519820810688,1.0137195715098426e-05,0.0011267101610841278,0.0020586365673485427,2.434864950163444e-07,0.8922399101785212,0.0006120983758020002,0.0009290127211534663
41,0.023185869660396093,3.3794055881095134e-07,0.001318237034112758,0.023058508987751608,0.019927382329908778,0.0006881083545042807,0.006150930314770451,0.0002660478304191015,0.04360570652839959,0.0018198697708493867,0.0004325253652934342,3.649493484627846e-05,0.00011914728761597679,0.0003796660564543854,7.673943240646226e-06,0.004833131159593199,0.0003485352763057231,0.0003919571843934109,1.4449057770477597e-05,0.0012904151125345585,0.001710178891686055,3.2377431308465726e-07,0.8693895455437332,0.00046625111932611056,0.0005587065412226793
42,0.023438845694111008,5.236206237091629e-07,0.002231464853235326,0.029146273720002887,0.014418881709549412,0.0011567541841974946,0.007944452404046239,0.0005060929954580583,0.05272731009117934,0.0019978469942038704,0.0003465154495947851,6.612138020340847e-05,0.00013996869785486724,0.00025045428471879097,9.24032493943245e-06,0.008894521563479621,0.0006397705619188483,0.00040964999354007676,2.2333297329973875e-05,0.0011438460378782316,0.003329648022507799,8.642902555566226e-07,0.849937579115547,0.0006893919184852911,0.0005516487951389269
43,0.013290448071322203,1.582585657397955e-07,0.0011478041417002016,0.011973227315323324,0.011576636579552721,0.0008065993287610977,0.006333246340477786,0.0002110014894523612,0.02910549244287878,0.002146625504589357,0.00018454620164483763,3.582813752464596e-05,0.00010254231184477149,0.00020690537084969363,5.157816771506158e-06,0.004136508185280153,0.00044315501788134217,0.00029087479398077836,1.0595135897277234e-05,0.0010609697552290951,0.0026115780029250172,2.909875957929582e-07,0.9132322251040013,0.0007036790235304169,0.0003839046824198505
44,0.01907653231097616,1.9486445945502423e-07,0.0010632820831565613,0.01350485035849963,0.01356444677859529,0.0005258228785661866,0.007382456841164598,0.00017646843400711775,0.028194446841460462,0.0015779303566232175,0.0002842146688296283,3.7092403774555346e-05,8.716583620670346e-05,0.0003715564910567584,5.648181320714741e-06,0.003310795631871901,0.0004049599109058408,0.0002771507132081775,9.34671645392617e-06,0.0009759642451332792,0.0017848258002721902,2.7732490144429434e-07,0.9061880835518272,0.0005790226023136727,0.0006174641744156336
45,0.023006922970616673,2.1471204572194924e-07,0.0012490509884711298,0.015614716689618491,0.014286675596310344,0.0006501466204885529,0.010101123732971626,0.0002929833605804751,0.03415504757660129,0.0020307868205521945,0.00030325333904427824,4.654196665111014e-05,0.0001281848382516044,0.00038256964419626407,6.791253978790541e-06,0.004673461134703692,0.0004900552946933334,0.0003469247293660281,1.2251592764062117e-05,0.0011268458158196692,0.0019381929961416102,3.600871350920109e-07,0.8877918121531432,0.0007749666617950388,0.0005901194240597702
46,0.03212955124614239,1.7623526607488904e-07,0.0014930119044283838,0.02101021765338716,0.011690770875278058,0.0006455515030908899,0.009885359301942774,0.0002684227125964791,0.026417323411510568,0.0022217068163874446,0.0002969812947200614,5.758655205635405e-05,0.00014857218533298653,0.000320209465161644,4.2228691140448676e-06,0.0050210625951096965,0.0009803628109045627,0.0003234347929778116,1.2221792745523696e-05,0.0012157614358741541,0.002641955970028792,5.231547188724903e-07,0.8817557437948801,0.0008459444632720231,0.0006133251630731344
47,0.037302446024609734,1.922449728096379e-07,0.00144411482426769,0.01830990671440477,0.01326267709551859,0.000628436078439861,0.011250267820117793,0.000283187167722981,0.028959449809277622,0.001974610000175303,0.0002615930517528715,5.094123057649623e-05,0.00016637380756927015,0.00041208693397736765,4.747156574148676e-06,0.006100971731003551,0.0007274519940064619,0.0003643285031158584,1.6140277383562213e-05,0.0010396107101575103,0.0021096888512002767,4.124493882851542e-07,0.8737405478909102,0.0010268763717979665,0.0005629412610788202
48,0.030284156740597794,2.589732605904377e-07,0.0012318401433877096,0.013210131507731584,0.013916777268956347,0.0008031538091668616,0.009703061312837522,0.0002891297010269379,0.03139522389904047,0.0023058021149926114,0.0001931495328191091,3.689647416030436e-05,0.00016504769509179563,0.0003255169965211491,5.129980441052816e-06,0.004795607358348163,0.0008178498656761601,0.00039491264910466734,2.2286457598079125e-05,0.000992905861506111,0.001867152820525588,4.3539676398813006e-07,0.8852562742432954,0.0013438281946581852,0.0006434710024917752
49,0.01705409634492527,2.426883893755502e-07,0.0013206207888537154,0.01571049367233331,0.01398966265542969,0.0007152459429800719,0.007901810996461549,0.00021909942549738702,0.03302014030236057,0.0017680227937947536,0.00028293987211752377,4.89149937077286e-05,9.52904992294898e-05,0.0003127860399077931,6.261459281908709e-06,0.0039986162780339144,0.0004424997389517069,0.0002805160729734212,1.0275797192500066e-05,0.0010761448440614273,0.002260812385589553,3.9501450044545516e-07,0.8982553326514562,0.0006030431961033573,0.0006267355458674278
50,0.037959863903748704,1.2699880645592212e-07,0.0013070064875522092,0.013601156800616626,0.01668243718468416,0.00041911516834085196,0.014636847024772743,0.00028710278946474446,0.030143364975738968,0.0030335961209943673,0.000355721318827894,4.48895067411828e-05,0.00016591753028216284,0.000575357608485563,5.254055014151653e-06,0.00347091465908228,0.0006331939602744413,0.00027591673732375887,1.0879310572274284e-05,0.0013304385327167268,0.0013305353200182837,2.6854871305434267e-07,0.8718863378305451,0.0010411190815704326,0.0008026385451128403
51,0.016482295462660883,5.861243805995306e-07,0.0010440608675936448,0.033543613639855425,0.011296930503835872,0.000734985075708087,0.005351589046168976,0.00029300647773592645,0.037099320153427685,0.0014593890766377113,0.0004980863236704278,5.1039774009264346e-05,7.692099578580985e-05,0.00034908056246692366,1.1298621170242668e-05,0.003985913057975595,0.0003324846532151524,0.0003900593905210834,1.0123703216424774e-05,0.001102228540111813,0.001971200340854333,6.364738242192973e-07,0.8827832885176436,0.00037440065061881164,0.0007574619669115692
52,0.01923164034271104,1.9277393415881685e-07,0.0010482376729172478,0.01392807712452794,0.013581440265606919,0.0005461216764250951,0.007346505179645962,0.00018492531928100133,0.028725906770063998,0.0016865041974185653,0.00029208911966352224,3.749982399061795e-05,9.117886644115927e-05,0.0003720767769382527,5.805592855581997e-06,0.003389710821517256,0.00040025364599559067,0.0002906927639183646,9.57695129021642e-06,0.0010191389116237545,0.0017544771757515508,2.778329106319357e-07,0.9048696861727306,0.0005852415590548109,0.0006027426627861037
53,0.04006121484791753,5.593186273094409e-07,0.0018983253009954195,0.02085541404277519,0.019894912203642753,0.0009257822695104573,0.0069020486054121154,0.00039810862094441176,0.047893673849380154,0.0025766451710145266,0.0003381233527966328,4.377013211389692e-05,0.00017412706641236643,0.0003878087020015501,8.602647105285352e-06,0.005509740362417313,0.0006735908907056082,0.00039943737901043295,3.3346340938100535e-05,0.001105443257326068,0.002030160371637409,5.78327079978471e-07,0.846124044013839,0.0009704303989950857,0.0007941125274011936
54,0.02017287970339968,3.609067982935037e-07,0.0007797773772651353,0.014641033340640635,0.013963146685637348,0.0006192425994270988,0.008864026135658665,0.00017773273578598878,0.03422633170048752,0.001361359533736836,0.0002841448378685629,3.755097437857443e-05,6.282297494219439e-05,0.00044763751570434356,7.64373931186152e-06,0.0028684325710006233,0.0003922879908930819,0.00028509578284532526,1.0902479430893887e-05,0.0007016459473878677,0.0014201947173417423,4.239474340271219e-07,0.8970143194450596,0.000603451739008087,0.0010575546185562397
55,0.018366264328190315,1.5774525710950714e-07,0.0009237314119418285,0.01241484499108131,0.013892008046158092,0.0006285951244027437,0.01114627796687933,0.00023769058954312743,0.031542518517993626,0.001533833579815598,0.00025102062358574865,7.070843987658514e-05,0.00011371449990044584,0.0004873531592999115,5.825417800724959e-06,0.004438434575733852,0.0004218165280108784,0.00035770245510450687,8.347536943714978e-06,0.0011188979983661593,0.0017392930601074622,3.1561047050278093e-07,0.8989017969645016,0.0007304554193691368,0.0006683954096656383
56,0.01964789229445477,1.9502600357980715e-07,0.0010848540973255663,0.013821392697145923,0.01360841027045829,0.0005478980990309556,0.007583595164034288,0.000191281402671383,0.02851950182356645,0.0016678545906046926,0.0002833575877316049,3.851269674230677e-05,9.7246136045498e-05,0.0003756960314864734,5.688208810256447e-06,0.003494976195803268,0.00041948999787941543,0.000292957306855775,9.827442234092593e-06,0.001036121668117744,0.0017910866999784056,2.826328994166999e-07,0.9042568183801821,0.0006185411365866827,0.0006065224133511536
57,0.01907004805915974,2.0302943898454476e-07,0.0018067578927662522,0.012598234362722758,0.018728629038165856,0.0006466501163993673,0.008590501096183397,0.00021607776003730153,0.032851011511596494,0.0019754106340086545,0.0002811598564268972,5.2519947064251095e-05,0.0001210756507712538,0.00037822170940093744,5.723119966747403e-06,0.00435415093962786,0.0005118420871876401,0.0002610777758801704,1.1843813674008133e-05,0.0012886999843681123,0.0024783816025626113,3.242545632843729e-07,0.8924345009068216,0.0007137124056507649,0.0006232424455548241
58,0.01873222323567104,1.886500168205901e-07,0.0010152321964520892,0.012026059427841464,0.0126890017376693,0.0005551539679719228,0.007443892955206716,0.00017802918169053166,0.025972861388422034,0.001630354108109363,0.00023657876689257062,3.679793261195795e-05,9.643281353581954e-05,0.00036359266949046994,5.361461711313172e-06,0.003348279686395516,0.000421392286160565,0.0002906738545475866,1.0062457551802622e-05,0.0009600542254891346,0.001776445842106571,2.7247740421791725e-07,0.9109178565290956,0.0007080845683883257,0.0005851175795671922
59,0.018971070112883716,1.8997033222976135e-07,0.0011383603832364926,0.012312118238699918,0.013296847601124033,0.0005310731965647975,0.007401569515167112,0.00018031673198368623,0.026400026825519878,0.00160968413941069,0.0002496340729437141,3.6772691903586914e-05,9.745946105950109e-05,0.00036373523493605787,5.373450487206282e-06,0.0034086589659633585,0.0004247675878544145,0.0002778711554331634,9.974904994909561e-06,0.0010057087145078987,0.0018756320699909884,2.678904117620086e-07,0.9091452733362549,0.0006777178246661587,0.0005798959236698932
60,0.01907653231097616,1.9486445945502423e-07,0.0010632820831565613,0.01350485035849963,0.01356444677859529,0.0005258228785661866,0.007382456841164598,0.00017646843400711775,0.028194446841460462,0.0015779303566232175,0.0002842146688296283,3.7092403774555346e-05,8.716583620670346e-05,0.0003715564910567584,5.648181320714741e-06,0.003310795631871901,0.0004049599109058408,0.0002771507132081775,9.34671645392617e-06,0.0009759642451332792,0.0017848258002721902,2.7732490144429434e-07,0.9061880835518272,0.0005790226023136727,0.0006174641744156336
61,0.01888061617853194,1.9020119485567103e-07,0.00113056017258692,0.011967011096952203,0.013579071679799716,0.0005255584961673858,0.007397827247537535,0.00016999549168130333,0.02665766521065334,0.0015652457174931181,0.00025340558591087337,3.663178011345068e-05,9.103467903661571e-05,0.00036912096709539895,5.393392647306432e-06,0.003307457155890923,0.0004187052071338486,0.00026749703685679247,9.844411616723934e-06,0.0009583887597697402,0.0018733064254581476,2.671477685519073e-07,0.9092853430579528,0.0006488284597389936,0.0006010344404115295
62,0.01907653231097616,1.9486445945502423e-07,0.0010632820831565613,0.01350485035849963,0.01356444677859529,0.0005258228785661866,0.007382456841164598,0.00017646843400711775,0.028194446841460462,0.0015779303566232175,0.0002842146688296283,3.7092403774555346e-05,8.716583620670346e-05,0.0003715564910567584,5.648181320714741e-06,0.003310795631871901,0.0004049599109058408,0.0002771507132081775,9.34671645392617e-06,0.0009759642451332792,0.0017848258002721902,2.7732490144429434e-07,0.9061880835518272,0.0005790226023136727,0.0006174641744156336
63,0.018236591146974717,2.355266406864871e-07,0.0010052354663805441,0.013492874971434565,0.013376887772812741,0.0005566444984929355,0.006835010176262081,0.00017133726704968085,0.02911643378689848,0.0014681572563625708,0.00028098639593314927,3.559000090574224e-05,8.006326693923993e-05,0.0003601903927211207,6.123872449110935e-06,0.003186936677805309,0.0003926043710521514,0.00028526124868040817,9.949618312314244e-06,0.0009063509830770887,0.0017792018453973355,3.024014130738946e-07,0.9072072399167963,0.0005566237299166447,0.000653167409291825
64,0.015411136941100816,1.7594256712085667e-07,0.0010842074176174452,0.01146701582714114,0.012426431475433005,0.0005066162085111688,0.006369117074653972,0.00014106931447908748,0.02397443931188398,0.0013105176405470097,0.00024325125645369535,3.579274673631194e-05,7.483213468476993e-05,0.000335017324410968,5.1662702480740405e-06,0.003168521795805355,0.0003859908097531356,0.00025213419082768525,8.217582963193609e-06,0.0009034351851082232,0.0021660683866821097,2.497496589064176e-07,0.9186609232099762,0.000534076754593922,0.0005355954481629671
65,0.011368700363783046,1.914002984895474e-07,0.0007581616001420659,0.010529114975013944,0.010367993828058543,0.0005235833676630897,0.005551929149077259,0.00010786273117515496,0.01991638368151415,0.0009941625128988688,0.00018370232012209964,2.9721755070898593e-05,5.742632926170165e-05,0.0003023857701571704,4.7171467954508855e-06,0.0026495116065291535,0.00032703295831917596,0.000264650246824147,7.025469085010846e-06,0.0007949014346866829,0.0019177382786619839,2.361570032030174e-07,0.932279241391368,0.0005141159793189184,0.0005495095471715833
66,0.0177914959254505,2.109269710144396e-07,0.0009662262348489241,0.013577453684810213,0.012208641584622681,0.0005281577144940318,0.006787097510570218,0.00017368156602793095,0.027687602223654247,0.0014678387299556733,0.0002819044172133109,3.693749376118789e-05,7.804603287050535e-05,0.0003608859143947323,6.062073291621277e-06,0.0031672617352465544,0.00038267653124320224,0.00028198635212735675,8.999229961687882e-06,0.0009038649814705205,0.00177114128729926,2.9081894994729545e-07,0.9103607763836669,0.0005456686036826606,0.0006250920434154449
67,0.07890250719537557,2.664916955419782e-07,0.0027774504043021893,0.02088858517709921,0.03695474160806902,0.0004898250200606411,0.012968322558691332,0.0006591336912135437,0.07956530190389645,0.004528007405263409,0.0007579174451408623,5.6147048542070235e-05,0.00025407492781028825,0.0006440879281656121,9.816319140396294e-06,0.005585141393938904,0.0006514333696819615,0.0003132691846531124,2.5091685603377274e-05,0.0015033983847143521,0.001501190848801808,3.904625521437135e-07,0.7493528538241939,0.0007895568040927031,0.0008214889173015187
68,0.029562579168111877,2.1732127136228496e-07,0.0011799460539765323,0.015772523313880495,0.015908221676521155,0.00043303733384645416,0.0072393892354696435,0.00017481539325418314,0.03169625436646387,0.001743978867040443,0.0003499893704109007,2.9278885649806524e-05,0.00010090323423826199,0.0004467087557146767,5.29380189404595e-06,0.003576147748267292,0.000447299326646544,0.00027855257856889434,1.3063506901552529e-05,0.0009387087390507765,0.001358693116266538,2.6241729958468195e-07,0.8874839189033376,0.0005917589491441596,0.0006684579367733747
69,0.023637637102465064,2.2756275264643086e-07,0.0012387909963969116,0.01411509663086933,0.015157031823044599,0.0006055812930268699,0.00880059982130986,0.00020326982989842196,0.02953026684893842,0.0016894399415525502,0.00025311839618699026,4.066208590067858e-05,0.00010832172751236683,0.00042306830646543205,5.600595013410535e-06,0.004174172942118397,0.00046850611282111827,0.0002959613745491974,1.2843971758701041e-05,0.0009470676189285191,0.0018608537248857016,3.172605800029986e-07,0.8949908947031978,0.0007926831521574501,0.0006479861776698101
70,0.01983146099998304,1.9279693884768542e-07,0.0010378846438450031,0.012545869496007354,0.013536801241379803,0.0005042374924478667,0.007383536677211692,0.00017401053771731094,0.027220399222240704,0.0015568317331014316,0.00027529696627380464,3.647278358463565e-05,8.859911940055894e-05,0.0003871041569007715,5.616660419821609e-06,0.003194994889750701,0.000422422735145759,0.00028143477676501955,9.637759195127718e-06,0.0009523059243603204,0.001757359897068045,2.7151210654451597e-07,0.9075528734519565,0.0006141230160846463,0.0006302615101146353
71,0.014041030268503367,3.2996091381515714e-07,0.0011586463483346933,0.015095262613713028,0.010642458887362939,0.000542250601933455,0.003482772997284826,0.00013837690669772748,0.023188417153214184,0.00104224968453709,0.0003011903811555719,3.588024952899939e-05,6.165598128610739e-05,0.0003168920271189411,7.126564885132733e-06,0.0033053503574545103,0.0003255611045396078,0.0002955760224049525,1.0322938672711103e-05,0.0008194422916597056,0.002424515919744259,3.182465939080443e-07,0.9218448343130352,0.00039333763442281057,0.0005262005450022085
72,0.021155901743958656,1.669486224369023e-07,0.0012797520159206956,0.015671441662435306,0.01560935450819912,0.0007018127982707479,0.01159849263413107,0.0002470216848932858,0.0295644876181831,0.0017559845482980451,0.0002483380026692122,4.811807265600719e-05,0.0001358744002639403,0.00039898473151332963,5.06860561869971e-06,0.00566801267422525,0.000498447071552868,0.0003591501976594781,1.1356777905549585e-05,0.0012188293197699601,0.00213530511534109,3.048038040847987e-07,0.8903541100522194,0.0008269662960858698,0.0005067177158026406
