,0,1,2,3,4,5,6,7,8,9,10,11,12,13,14,15,16,17,18,19,20,21,22,23,24
0,0.15035162650561923,5.906112515417179e-07,0.0015049515965576668,0.02088782071839027,0.028294327920268356,0.001008916368352181,0.013705058627356347,0.00044426457203440274,0.0396983694347129,0.0026993863268503443,0.0003241300940559875,2.636053960430386e-05,0.0005368676876491415,0.000999072475874,6.902714240920865e-06,0.017055352258431817,0.001146150947594007,0.0014260495311883975,0.00019537729655658812,0.0008600918094375078,0.0009566566586227738,5.189676543707152e-07,0.7144645869927895,0.002911350990631416,0.0004952183542760739
1,0.16580065166230903,5.808252267821853e-07,0.001940948683985017,0.02222117943459582,0.03243155601309907,0.0011263963711930062,0.013252578618746976,0.0005187712596992147,0.0518493755371197,0.003299470553549304,0.0003350173071466034,2.50723644431439e-05,0.000619111659386547,0.0008227075328100977,6.6822602344623384e-06,0.021144452479741786,0.0011406342181315074,0.00129762756069321,0.00024596693214382233,0.0008837235990553559,0.000978457423967818,5.16391203639591e-07,0.6768622940592516,0.0027742324834692726,0.00042199476879715617
2,0.16572789138078828,6.317133305244974e-07,0.0015622791604853821,0.02961511318347442,0.021593076594475874,0.0015974722487787699,0.0194870478184611,0.0003964395343721153,0.030786709948637334,0.00222882933384024,0.00019874459049864588,3.101509904190183e-05,0.000604218677410397,0.0008982220523169821,4.527178616006822e-06,0.03438238842642467,0.0014962196643438393,0.0016552865921102933,0.00028006171342539576,0.0005931165312569998,0.0011852964166857807,8.065132869812737e-07,0.6808603622504439,0.004431342283811722,0.0003829010936824146
3,0.15049501709749996,5.760817427288348e-07,0.0015005899789332557,0.021283783184745254,0.027966842924409478,0.0010112434394394115,0.013737659215556898,0.00045212602020708954,0.03993558972776578,0.0027329309388394517,0.0003231050615960201,2.6285385734896695e-05,0.0005460093521576504,0.0009799322278444492,6.800236589859971e-06,0.017352244097185266,0.0011422162831685417,0.0014318405148938148,0.00019355056146566857,0.0008698667754447263,0.0009521204695976217,5.143995089230441e-07,0.7136730321741251,0.0029033239199550047,0.0004827999315931826
4,0.15625807039887785,5.633402142179327e-07,0.0015069258082979124,0.021019057143326973,0.028119972385802734,0.001025618842162411,0.01408314009365362,0.0004614887060835419,0.03787842801007534,0.002782221844991999,0.0003127445433720115,2.6247668577266227e-05,0.0006142277450355532,0.001026048756577603,6.573255565574252e-06,0.01812936526808104,0.0011868218582846422,0.0015270141653589025,0.0002061230610675697,0.0009141048169808911,0.0009376229653525709,4.988583352347604e-07,0.7083242609624205,0.0031848495829545414,0.0004680099185494637
5,0.14246026748845547,5.999715056372818e-07,0.0012916909566976832,0.023927942225810125,0.025132769529374207,0.0010553984541798803,0.012575248285959052,0.00044746967411640504,0.03645609279037483,0.002555762859086333,0.00032179080632563356,2.54076000239337e-05,0.0005465617695916589,0.0009799558483817074,6.844242288414083e-06,0.01778296046844898,0.0010946044876519062,0.0017066577681907806,0.00018710236763552882,0.0009149360001417645,0.0009353309786115302,5.185681419739665e-07,0.7263049881381204,0.0028382529061136007,0.0004508458147727333
6,0.15049501709749996,5.760817427288348e-07,0.0015005899789332557,0.021283783184745254,0.027966842924409478,0.0010112434394394115,0.013737659215556898,0.00045212602020708954,0.03993558972776578,0.0027329309388394517,0.0003231050615960201,2.6285385734896695e-05,0.0005460093521576504,0.0009799322278444492,6.800236589859971e-06,0.017352244097185266,0.0011422162831685417,0.0014318405148938148,0.00019355056146566857,0.0008698667754447263,0.0009521204695976217,5.143995089230441e-07,0.7136730321741251,0.0029033239199550047,0.0004827999315931826
7,0.31106316866136174,5.572229965191502e-07,0.0026551724868536532,0.025420826704055738,0.03801494439594802,0.0007467313053809471,0.01930188023588743,0.0007781329593790277,0.046720919156129644,0.005148398969236807,0.00047852272499584623,2.7185042679891964e-05,0.0010628424355117962,0.0011614004903409655,6.421638883791272e-06,0.018341112973670474,0.001588578363022469,0.0011152350962582028,0.0002915008364137028,0.0011295910091882392,0.000662531728238896,5.764244756561774e-07,0.5199389893806105,0.0037890964202000627,0.0005556833382799339
8,0.1635894402518361,4.347659175151879e-07,0.0019796941625017743,0.017280906620087702,0.022769797712722622,0.0006403210202909358,0.012530148941467176,0.0004014597687225997,0.031147799059794416,0.0032744455957723667,0.0002879738979083322,2.540218873127238e-05,0.0005482559370928166,0.0010323807609632968,5.760550328943775e-06,0.012209446296006466,0.0011010560840466349,0.000786662855278411,0.00014450301948973866,0.0008187655445999508,0.0009402861376767223,3.9584577394994253e-07,0.7245174456860688,0.0034453859861647766,0.0005218313107566787
9,0.14678119753467803,4.864511633245293e-07,0.001377948254974796,0.01888247507055311,0.020854479050784327,0.0006533714193920868,0.010907019171217506,0.0003907701234277022,0.03278249550161477,0.0030168128312675836,0.0003127876996741397,2.1917718608163362e-05,0.00044210215994768215,0.000954955451629769,6.495839918664254e-06,0.010385357382619498,0.0009482842927516301,0.0009297026168083669,0.00013050796546306464,0.0007771951045944992,0.0007762632875415708,4.027030964162599e-07,0.7453079852365982,0.002815544630199373,0.0005434425014756481
10,0.15049501709749996,5.760817427288348e-07,0.0015005899789332557,0.021283783184745254,0.027966842924409478,0.0010112434394394115,0.013737659215556898,0.00045212602020708954,0.03993558972776578,0.0027329309388394517,0.0003231050615960201,2.6285385734896695e-05,0.0005460093521576504,0.0009799322278444492,6.800236589859971e-06,0.017352244097185266,0.0011422162831685417,0.0014318405148938148,0.00019355056146566857,0.0008698667754447263,0.0009521204695976217,5.143995089230441e-07,0.7136730321741251,0.0029033239199550047,0.0004827999315931826
11,0.15853289809000068,5.653615017922557e-07,0.0015318806173125986,0.02101202189830752,0.02784330274350777,0.0010279466726750904,0.014230859139796324,0.0004958175375904624,0.040304010761120536,0.0029133721658651615,0.00031921924322254923,2.7056339347095695e-05,0.0006239847929598488,0.0009925712481488184,6.7711647551996785e-06,0.018237660594002173,0.0012063021177089774,0.0015050161446304787,0.0002074118993964008,0.00091097432429493,0.0009309026077750326,5.189827399488508e-07,0.7034924324386389,0.003175950930435539,0.0004705521842661573
12,0.0247235634650984,1.5288481007112446e-07,0.0002233805167543829,0.004806086206085307,0.02443872127274719,0.0005747085405559335,0.006674599059930039,2.751668784963525e-05,0.009689445712521918,0.0004828707343205154,8.507988233713546e-05,8.045220042251859e-06,0.00010425750380066647,0.0011272851238679621,1.9491549489402925e-06,0.00445839019427773,0.0003620610754869011,0.001315708338842964,3.563117813922592e-05,0.0005471628829663165,0.0005775447631976306,7.235600888506396e-08,0.9179658398092403,0.0014214849501942655,0.00034844248597553544
13,0.16198274103500776,4.300630277847262e-07,0.0016291416738324336,0.02152903316804703,0.025078686042680525,0.0005887631383671968,0.011885580563485825,0.0004864878741633226,0.034400246059344525,0.002774344372983468,0.0005516239421829264,3.1423698113936384e-05,0.0005507542344859484,0.0013314524847511755,8.45629392692821e-06,0.014325253266374663,0.0010067908766083183,0.0013536902576571916,0.00012870451239044593,0.0010832529220433733,0.0009187652299915278,4.015809953191688e-07,0.715768533149001,0.0021169707692667156,0.0004684727912705025
14,0.15063806349515224,5.733414305343147e-07,0.0014994392011611908,0.021234183198543286,0.02785935313425835,0.0010084863281135438,0.013766640084547673,0.00045275206786736386,0.03993604412056925,0.0027345762611052423,0.00032213924973616517,2.632510974687316e-05,0.0005450756212532934,0.000978848786717089,6.789451440203941e-06,0.017320367965528227,0.0011431626114356882,0.0014253796698369301,0.00019277761392789766,0.0008672292836314911,0.0009521208957606721,5.141379940962768e-07,0.7136980793849609,0.0029079613505383207,0.00048311763474340885
15,0.15049501709749996,5.760817427288348e-07,0.0015005899789332557,0.021283783184745254,0.027966842924409478,0.0010112434394394115,0.013737659215556898,0.00045212602020708954,0.03993558972776578,0.0027329309388394517,0.0003231050615960201,2.6285385734896695e-05,0.0005460093521576504,0.0009799322278444492,6.800236589859971e-06,0.017352244097185266,0.0011422162831685417,0.0014318405148938148,0.00019355056146566857,0.0008698667754447263,0.0009521204695976217,5.143995089230441e-07,0.7136730321741251,0.0029033239199550047,0.0004827999315931826
16,0.1346898815235831,4.0560212136611204e-07,0.0014598964382976885,0.02238566540843066,0.02534000851586068,0.0010103318898217403,0.014391429422200633,0.00041541314539048486,0.026541122321615807,0.0023748695107256848,0.0003445594477190309,3.2489355599278654e-05,0.0006574134362516749,0.0012845828443068135,6.556612957753711e-06,0.024116114385620897,0.0012091780042123358,0.0022000255723522554,0.00017743056567259296,0.0011399389729950982,0.0012454889112113383,4.443538558200944e-07,0.7355533474370345,0.0030824378184540137,0.0003409685037086603
17,0.18511063179000012,4.7201627028487495e-07,0.00148738848586508,0.023423187858102067,0.02920287388536423,0.0007027928150720061,0.018773370565960013,0.00046112917799358424,0.03573823779033695,0.0023030054766084223,0.0003851669839142054,3.450349946151789e-05,0.0005447600644703364,0.0014161106121069456,6.204042157522727e-06,0.015717855975600964,0.0012416800859594685,0.0012651922349838128,0.00013177154208570972,0.000902348052178267,0.0009071090269743715,5.166477059268362e-07,0.6769170732565121,0.0027313429399397375,0.0005952751743761922
18,0.17018656224660583,5.628546379765525e-07,0.0009801534561292538,0.014684474101977003,0.027197097458647485,0.000690600873495532,0.014370243325608562,0.00030806518861310566,0.034920077007396445,0.0022219646442125985,0.0002989151713256125,2.0265030357362925e-05,0.0003901626085008655,0.0011571051289290838,5.799565955044981e-06,0.009630631953154702,0.0015379729241698145,0.00131360424538872,0.00017006086671565948,0.0006963426735623499,0.000680635999089582,5.164708299888335e-07,0.7147954539205943,0.0029490299348400918,0.0007937023492631326
19,0.17307029374481062,5.47020071973552e-07,0.0020300469980471083,0.024353009086805606,0.03202461447207502,0.0012164169138852874,0.019870479617701768,0.0006581165802025398,0.05235289348137851,0.004437529174144489,0.00033559228694410206,3.540555872894198e-05,0.0007332314716338322,0.0008848207182389749,6.584693839371993e-06,0.019571353954350938,0.0013842319119051893,0.0011551332056641882,0.00020634672165631171,0.0009944451197660543,0.0009580706081814656,6.90388141903104e-07,0.6595621330692419,0.0036020550845432624,0.000555958118040523
20,0.13143151907204972,9.246989668180039e-07,0.0014597290789958228,0.02767193937619909,0.021841357059884558,0.0012403086860663074,0.01199029084308682,0.0006450297497505778,0.04363951064903616,0.0027187665300973008,0.00039065316697876505,3.513573326621142e-05,0.0005196979272294387,0.0009030746910419856,1.0837224807021561e-05,0.019169127866879073,0.0011333772214635897,0.0018063952943386241,0.0001989619216262714,0.000877193154594219,0.0011976181199044764,8.455134391148088e-07,0.7279376938015145,0.0026815801723831362,0.0004984324464001928
21,0.15342688102767923,4.979850121585238e-07,0.0014229498314671904,0.02815349891989533,0.025622186012970175,0.0008577053423236082,0.012104472383627116,0.00041102427466437253,0.03314776184741865,0.002370872741939027,0.00044596403236576407,3.0949581203212095e-05,0.0005320784078989272,0.0013048862659977534,7.229400186324318e-06,0.01982661663068954,0.0009331112843365897,0.0016948402059915265,0.00015445230204158322,0.0010322600039494036,0.0009655124633805764,4.4972738028768406e-07,0.7129579675017726,0.0021819598679247466,0.0004138719578842038
22,0.15760872297487458,4.674722197565441e-07,0.0018363058809526467,0.027747362394098418,0.02696437902433046,0.0008293912707388883,0.012886030257433708,0.00044975802274086195,0.033679140624377636,0.0031313514014908814,0.0004897916401328885,2.9802309295987636e-05,0.0005923400237168155,0.0010486374939436647,6.749662330183648e-06,0.019284338776011933,0.0013428172654157415,0.0015770957923748024,0.0001665098017792719,0.0011417172257703926,0.0011289449923593531,5.442822642967656e-07,0.70527956003271,0.002356127955551169,0.00042211342308559846
23,0.15049501709749996,5.760817427288348e-07,0.0015005899789332557,0.021283783184745254,0.027966842924409478,0.0010112434394394115,0.013737659215556898,0.00045212602020708954,0.03993558972776578,0.0027329309388394517,0.0003231050615960201,2.6285385734896695e-05,0.0005460093521576504,0.0009799322278444492,6.800236589859971e-06,0.017352244097185266,0.0011422162831685417,0.0014318405148938148,0.00019355056146566857,0.0008698667754447263,0.0009521204695976217,5.143995089230441e-07,0.7136730321741251,0.0029033239199550047,0.0004827999315931826
24,0.15479833973562127,6.971023044558427e-07,0.0014178981675106318,0.029757509714177434,0.03160689302497992,0.001081923008330856,0.01290831582060491,0.0004433564010587227,0.038508923301562664,0.002705761392245628,0.0004057090068732666,2.8649263334959283e-05,0.0005806351033270538,0.0011565174735293454,7.112486638611316e-06,0.018301412425546355,0.0010716482975845956,0.001759889458647413,0.0001927728447847248,0.001044564404434262,0.0008964384382154055,5.72865465365934e-07,0.6982747961725635,0.002534663652370469,0.0005150004382880623
25,0.2126832528888397,3.9123193196286566e-07,0.001753850631122453,0.027151194714472037,0.02914638100171952,0.0005936594745964947,0.018374609689105533,0.0006916846836035758,0.03782923261736661,0.003535522528123771,0.0006263310965790068,3.6735723232991514e-05,0.0007779176815008932,0.0014741243400815535,7.676389333228706e-06,0.01643080974572835,0.0012687435907757587,0.0014640859608341045,0.00013138419702888728,0.0013327351482931961,0.0007891717845020132,4.7507280463724537e-07,0.6408320666460868,0.0025517163023884336,0.0005162468599485178
26,0.14480515572743904,4.6602226768348704e-07,0.0011312891018022363,0.014327689653626265,0.024076833965867406,0.0009187473427006822,0.0114247131913752,0.00035140745021626973,0.041410870714287416,0.002501823600356568,0.00020014346940904913,1.5973500363175936e-05,0.00046795982155585514,0.0006695476764954858,4.7986329052496066e-06,0.01284440681683026,0.0011383618539933295,0.0011945556035934382,0.00019257729356614455,0.0006584397475973533,0.0007647021242518374,3.813058918576549e-07,0.7373413486397422,0.003120450266306725,0.0004373564775593096
27,0.1524274939115526,7.998496465261196e-07,0.001328238371203643,0.024483429544307125,0.02698847824226389,0.0011590942965762278,0.013541212557334207,0.000553374347375219,0.052302495546721915,0.002916894256103799,0.00036329339416611933,2.8096838765992564e-05,0.0004874802883137531,0.0009016091011722734,8.592727994248256e-06,0.016438295790003908,0.0011023432272471458,0.0014541257347824004,0.00020787892814293628,0.00078767469973124,0.0008382108514299915,6.930636557443433e-07,0.698476020418294,0.002607258787067159,0.0005969152261478363
28,0.15049501709749996,5.760817427288348e-07,0.0015005899789332557,0.021283783184745254,0.027966842924409478,0.0010112434394394115,0.013737659215556898,0.00045212602020708954,0.03993558972776578,0.0027329309388394517,0.0003231050615960201,2.6285385734896695e-05,0.0005460093521576504,0.0009799322278444492,6.800236589859971e-06,0.017352244097185266,0.0011422162831685417,0.0014318405148938148,0.00019355056146566857,0.0008698667754447263,0.0009521204695976217,5.143995089230441e-07,0.7136730321741251,0.0029033239199550047,0.0004827999315931826
29,0.15049501709749996,5.760817427288348e-07,0.0015005899789332557,0.021283783184745254,0.027966842924409478,0.0010112434394394115,0.013737659215556898,0.00045212602020708954,0.03993558972776578,0.0027329309388394517,0.0003231050615960201,2.6285385734896695e-05,0.0005460093521576504,0.0009799322278444492,6.800236589859971e-06,0.017352244097185266,0.0011422162831685417,0.0014318405148938148,0.00019355056146566857,0.0008698667754447263,0.0009521204695976217,5.143995089230441e-07,0.7136730321741251,0.0029033239199550047,0.0004827999315931826
30,0.15049501709749996,5.760817427288348e-07,0.0015005899789332557,0.021283783184745254,0.027966842924409478,0.0010112434394394115,0.013737659215556898,0.00045212602020708954,0.03993558972776578,0.0027329309388394517,0.0003231050615960201,2.6285385734896695e-05,0.0005460093521576504,0.0009799322278444492,6.800236589859971e-06,0.017352244097185266,0.0011422162831685417,0.0014318405148938148,0.00019355056146566857,0.0008698667754447263,0.0009521204695976217,5.143995089230441e-07,0.7136730321741251,0.0029033239199550047,0.0004827999315931826
31,0.007693006335831075,1.8284976141130631e-07,5.6520775918780976e-05,0.010254519589362845,0.01798505281088447,0.0015872438580859433,0.004512254550100466,7.538215951659119e-06,0.019548510536537406,0.0010161911743099645,0.0001270025037156498,5.207679436019213e-06,1.2579126102117354e-05,0.00046360718138150687,2.0874255774531076e-06,0.0019133340333876583,0.00015242636547782885,0.0005454023229711267,1.660400940708761e-05,0.00024385609765288733,0.0002557394393637443,1.5879201132663308e-07,0.9326145570215343,0.00030917379905555603,0.0006772435061816388
32,0.15709766688938803,6.524195125366711e-07,0.0015604806185595236,0.020992005731974163,0.02885454725475215,0.0010680359499098467,0.013201480116507446,0.0004564837184315132,0.04025252999223559,0.0027188895887505574,0.0003144048255435672,2.566092484221955e-05,0.0005756027329970472,0.0009859156201887423,6.943733146514311e-06,0.018098944262991416,0.0011980675207907822,0.0015169365713015547,0.00022798000662176756,0.0008543482006394612,0.0009595719482158973,5.440734416405891e-07,0.7054506915103759,0.003094592957480773,0.00048702283140154005
33,0.1930704699003029,7.770455750710084e-07,0.0015541014516927132,0.024831578822834714,0.02693806794839023,0.0014495907983588698,0.01545364022438932,0.0005592066341567371,0.03264421801009382,0.0027038652369934463,0.00022830170213229865,2.815676278405267e-05,0.0009547868269937134,0.001028994582248252,5.722706916534141e-06,0.029529937102568998,0.0017274343075344251,0.002401099278433227,0.00039013718738890434,0.0008979313644268396,0.0009996013094318668,7.269026544282169e-07,0.6568405299609356,0.005357021883357358,0.00040410204940586995
34,0.20356258644770236,5.454180075654597e-07,0.0017011155113565975,0.020455421901130803,0.03086801442437645,0.0008047970703417213,0.013232784769475165,0.00046524984518400453,0.0396004008793739,0.0027633408153330467,0.0003563380509048682,2.35843116367603e-05,0.0006222926202771228,0.001089688444225233,6.39011487967424e-06,0.016972747577961342,0.0012175401632608526,0.0013655752779696594,0.00022285474856813294,0.0008691052734364667,0.0008573881808296157,4.508816485044959e-07,0.6595568147139275,0.0029155780058462855,0.0004693945523462426
35,0.15903880408776075,6.037516235023994e-07,0.0015131240319494633,0.021834819455758273,0.028240974806490553,0.0010188406010201545,0.013893441644024689,0.0004872922727059845,0.042697270567150704,0.0027899796794127094,0.0003303355065022024,2.6494026027395744e-05,0.0005591768477060323,0.0009600431095873593,6.977006762089488e-06,0.017576377793917457,0.0011675683249889306,0.0014378922620699635,0.0002022775037873738,0.0008584823984811914,0.000928613854180558,5.405810020194865e-07,0.701044832640057,0.002892602659959616,0.0004926345870739569
36,0.20191641989604786,5.129688358042146e-07,0.0014010591765560912,0.024612469060428275,0.024856596248785605,0.0009199915769002703,0.024264785908285274,0.0007820477312400083,0.0412445831730274,0.0028430742375997967,0.00041354143955135654,5.2930062110904185e-05,0.0007697751508087392,0.0014540654061137822,7.867717433756947e-06,0.023327590402009806,0.0018395248855273807,0.002019628376495825,0.00018782648040409033,0.0010011402321357724,0.0009171613485140486,8.455256873993899e-07,0.6409404700625647,0.003621240476917937,0.0006048524560180765
37,0.17275037514046487,3.648863987881908e-07,0.0012826877699558537,0.018053120612986,0.024028245453125315,0.0007074028335952842,0.01471073933569351,0.00026688846314861333,0.01984867296960793,0.0018827531695750157,0.00024116951578992583,2.217375620212453e-05,0.0005688098228894627,0.0014726195358749376,4.375485887643405e-06,0.01753944143177308,0.0011783521912696834,0.001568002010980108,0.00016766200166482413,0.000819886990620473,0.0009499965031165118,3.2956508207134496e-07,0.7177664335767454,0.0037765824234074416,0.0003929145541451988
38,0.11149560284925576,4.968373031320729e-07,0.0012435688210609573,0.01807918191255267,0.023036701503076847,0.001361951307581658,0.013723487926937766,0.0003910984274774768,0.03351223283160712,0.00236755742048779,0.00025141621663288103,2.649257548583848e-05,0.000544412397058022,0.0008784177162569468,6.835185104992474e-06,0.02249838215780865,0.0010370047289399859,0.0019246880083777186,0.0002114497812905996,0.0007995267984227829,0.0011423357832167076,4.854374021060737e-07,0.761923711022477,0.003201941522165381,0.00034102083201909374
39,0.10772295163181161,7.229717421708418e-07,0.0020731383262248947,0.020886003795428886,0.023754784524132513,0.0017465418112236329,0.012500376623313091,0.0005803389386021076,0.04096434641893138,0.00216906460778407,0.00019833343137406453,3.4113900310666564e-05,0.0006080982294387694,0.0006191739036893148,6.915336523080027e-06,0.030427091507176943,0.0014089749868467425,0.0017153447266728774,0.00025958368690503526,0.0008272860605360821,0.0019877239129855277,7.263979976770289e-07,0.7456084383370001,0.003568089011174103,0.00033183692217462194
40,0.20346598326713056,6.475398434214842e-07,0.002270252360061482,0.01618964519687849,0.04866652549041414,0.0006538395008871182,0.01524847056628448,0.0003389529233346984,0.03312907726040163,0.0020992147394761746,0.00040719659906575915,3.0757972596156624e-05,0.0005765089138646452,0.0019209875261811985,6.878569766411497e-06,0.013949468184568152,0.0012140222038287244,0.0011733988173778444,0.0002066550642792012,0.0009485641646217427,0.0009972402703498885,4.246220066802701e-07,0.6529016506492124,0.0029176268376998947,0.0006860107598693511
41,0.16663948657127028,9.014838485407031e-07,0.0016573478386469886,0.03318031207740772,0.03783707311735771,0.001225002976474732,0.010689812630956422,0.0006225917305175064,0.057493951505704424,0.002859729231192276,0.00045769114467745733,2.4221575828911338e-05,0.0006721859482848872,0.0009547652591347794,8.751228537435366e-06,0.023031895146884272,0.0008844842498173895,0.0019096172227034722,0.00026349626961859037,0.0010652577682551713,0.0008573486545854435,5.374658848997775e-07,0.6551165640756178,0.0021383455822678666,0.0004086292445248959
42,0.17405113776969197,1.5431866252435304e-06,0.0030130303912769907,0.04295609847375786,0.027671069052318774,0.0020714353553470772,0.013491990536586852,0.0011934140810872214,0.06971601852431998,0.003180075558164882,0.00036380123116504356,4.242180727899793e-05,0.0008037916647871065,0.0005938879766147754,1.0266356696775527e-05,0.04333352182771147,0.0017214834955184973,0.0019225086107620302,0.0004562777954964562,0.0009110025752545377,0.0016330799860424957,1.5788522845606792e-06,0.607240338013323,0.003212587486223616,0.00040763939166383234
43,0.10632748907975714,4.689326939490408e-07,0.0016451346530010997,0.018978091500555017,0.02461956536672393,0.0016036595793380726,0.012272492893004885,0.0005484300813844845,0.042393369162327006,0.003783598252969688,0.0002150791217530843,2.6462906053527278e-05,0.0006544771618329549,0.0005698703901639402,6.421278672254853e-06,0.02218896202600593,0.0012738974779096942,0.0015620958683442033,0.00021964687369271493,0.0009742029578923374,0.0014597674224145884,5.432023993932618e-07,0.7547332442595329,0.0036341406095449008,0.0003088889420321927
44,0.15049501709749996,5.760817427288348e-07,0.0015005899789332557,0.021283783184745254,0.027966842924409478,0.0010112434394394115,0.013737659215556898,0.00045212602020708954,0.03993558972776578,0.0027329309388394517,0.0003231050615960201,2.6285385734896695e-05,0.0005460093521576504,0.0009799322278444492,6.800236589859971e-06,0.017352244097185266,0.0011422162831685417,0.0014318405148938148,0.00019355056146566857,0.0008698667754447263,0.0009521204695976217,5.143995089230441e-07,0.7136730321741251,0.0029033239199550047,0.0004827999315931826
45,0.17180403739340142,5.980746384300627e-07,0.001675451182942532,0.02317051284204602,0.028128564281563753,0.0011949961939844557,0.018011122400882814,0.0007100649234860472,0.0460544088328289,0.0033370863165618344,0.00032744466463063664,3.160158203805645e-05,0.0007629249396563643,0.0009655896021189751,7.789408181112917e-06,0.023315761002928512,0.0013149510140147375,0.0017135050495314015,0.0002395737554832523,0.0009568711159718464,0.000994039981008488,6.313519284260367e-07,0.6711327969913992,0.0037104293480385788,0.0004392477507343197
46,0.22598838820427453,4.615292984635874e-07,0.0018769396472955826,0.02844711398573353,0.02184968385621926,0.00109198546380684,0.016912230004355603,0.0005899814676326723,0.0335338290417876,0.0033948491205312084,0.00029309786153871025,3.566339614639976e-05,0.0008127807687584502,0.0007523593031982499,4.368503936505188e-06,0.02286573785862136,0.0025973737366162585,0.0014618098097243662,0.0002254355433811572,0.0009443181241980664,0.001258179056890319,8.743929765370315e-07,0.6307295908853245,0.0038888683443046917,0.0004440800934492365
47,0.2572201382065509,5.313457920955159e-07,0.0018164121410994803,0.02488300172772602,0.02391131813527511,0.0010611239663658879,0.0180025320504284,0.0006167067577323214,0.03602149044595328,0.0029026744677198,0.00025670107940088015,3.076927341854169e-05,0.0008810364171308309,0.0009214436882281052,4.980099494395618e-06,0.027696591138615306,0.0018290741714993468,0.0016103875573806505,0.0003063271460866125,0.0007675637203423586,0.0009841305168813233,7.047141746590288e-07,0.5933997972984033,0.0044814031169228535,0.0003931608173774576
48,0.22060456776448933,7.445970537294211e-07,0.001631124611067255,0.019055446407327366,0.026408152102782908,0.0014243898302899382,0.01637258234389823,0.0006697625442948848,0.04103577318944294,0.003607003062498521,0.00020023644945111428,2.3548951941837012e-05,0.0009315058247325736,0.0007688319199132132,5.654081719945404e-06,0.023024284893656734,0.0021612459193536045,0.0018417775446273284,0.00044323602101246543,0.0007824464877915163,0.0009130224293967009,7.77027828459087e-07,0.6314404975663661,0.006183462891365282,0.00046992553769810246
49,0.1372399405075444,7.325309395176967e-07,0.001892731797570254,0.025226142075917002,0.029262988929837128,0.0013889138969019924,0.014818981828761417,0.0005677296629801058,0.04743888956838216,0.0031103382332402264,0.0003241765757463237,3.443588555321647e-05,0.0006076259074786787,0.0008232828917641869,7.522109573795597e-06,0.02125960725760392,0.001271085125371891,0.001457771299934523,0.0002194285230964723,0.0009663538974122638,0.001199602375103498,7.460978932671334e-07,0.7073280686660169,0.003058378820414683,0.0004945255349622913
50,0.2523486140539918,3.0805551425649206e-07,0.0015548089009748776,0.017931361965181,0.029612624463632466,0.0006957149229447529,0.023784204227347398,0.0006238756109489363,0.036567958120307366,0.004477651647457587,0.0003460040955193473,2.786633660942411e-05,0.0008880698353892417,0.0013315384093093305,5.458524580039627e-06,0.015555531128681238,0.0015108321650024092,0.0012432017406674434,0.00018557067057554407,0.0010300722676925731,0.0006231329320380647,4.1225735116906586e-07,0.6046271273208088,0.00449235891852073,0.0005357014289543316
51,0.12857481347537078,1.7936674420669829e-06,0.0014228740592934744,0.052305487936960854,0.022928795158717555,0.0013980140055456134,0.009752270866545922,0.0007259236719082343,0.052855597161190565,0.0024157551018853312,0.0005621301265275728,3.499735311810518e-05,0.00045450926098488135,0.000912297525347359,1.3740230235549869e-05,0.0201981879088226,0.0009171951565220052,0.001995658155353444,0.00020797850315853073,0.0009349940636092485,0.0010364701165253266,1.1874903910285307e-06,0.6979223902814883,0.0018219910775805822,0.0006049476454752337
52,0.15078064811420266,5.647531669304326e-07,0.0014703852687847781,0.021792974850928317,0.027898553171036473,0.0010466795991153264,0.013642552421464648,0.0004711327938619196,0.04051314045151832,0.0029062028039644723,0.00033055883570352846,2.6526548206555458e-05,0.0005684334941271189,0.0009797416552940297,6.9653921647885125e-06,0.017684660952904684,0.0011225930099390195,0.0014982963243324993,0.00019660190405704466,0.0009056684659600878,0.0009346082757200405,5.111820970807508e-07,0.71182933767226,0.002923525464506523,0.00046913659468333485
53,0.26751162018415187,1.4752062779496399e-06,0.0022546075459262743,0.027874646302684967,0.03433035054073958,0.0014954540191579944,0.010624072250971454,0.0008476459073279631,0.057608600729655894,0.0036718859336505767,0.0003238659385101709,2.5522668230870954e-05,0.0008889289212947009,0.0008485762771907614,8.808567143681633e-06,0.023988250597048753,0.0016047534144988168,0.0017167984694214122,0.000597030524105048,0.0007987263856975285,0.0009035905751859339,9.367624222615224e-07,0.5574954989431131,0.004043083271358849,0.0005352700642335061
54,0.15883595997255986,1.1424281766538739e-06,0.0010836302159850887,0.023144312565250083,0.028247636987984204,0.0011747922427303187,0.015940360684836907,0.0004438218286374059,0.04865933566068289,0.0022617805967445294,0.0003210791536835726,2.555831501034984e-05,0.0003720991452189022,0.0011506816045032385,9.27962007332514e-06,0.014591998209607292,0.0010961180853441847,0.00143914186523473,0.0002306924822965744,0.0005892219160932119,0.0007407824429402788,8.157064121347313e-07,0.69585606134034,0.0029366153848332864,0.0008470815448209107
55,0.14703666803579393,4.453487583676396e-07,0.001257767218453859,0.019521632926520874,0.028928610055176725,0.0011773888386255634,0.02083417562350081,0.0006068671007630877,0.04476394446540691,0.0026230324425293183,0.00027834923052990235,4.7438389592551086e-05,0.0007296551854955535,0.0012803712772275946,6.680710737930987e-06,0.02319157821734924,0.0011695322291075132,0.0018595770189445647,0.0001713772045785305,0.0010109830999546342,0.0008786238847581381,5.476726732256859e-07,0.6984748209999972,0.0036407391054368568,0.0005091937180871224
56,0.15356193232377147,5.707327942951991e-07,0.0015222916019765784,0.0215151689280197,0.027903391232624634,0.0010481911076278734,0.014046293680627715,0.00048514804272978984,0.04009191062122945,0.0028646422265626334,0.0003192625483174272,2.715772578428981e-05,0.0006047271494885434,0.000984251392469243,6.792892866899188e-06,0.018199237979778054,0.0011763364313182544,0.0015037333986116807,0.00020187635367234087,0.0009163513032111934,0.0009525447419113762,5.199527966326955e-07,0.7085114621014545,0.00308554283557092,0.0004706626947844951
57,0.14906111082097845,5.940934472311007e-07,0.002473558295120268,0.01950788188605484,0.03831631210653292,0.0012243140636429741,0.01574810768442497,0.0005347922474054239,0.0463674043941911,0.0033386452572083704,0.00031136997839809646,3.5246707818471845e-05,0.0007418763944560812,0.0009662048484916201,6.632780274049314e-06,0.02235512566687713,0.0014224664011088764,0.0013267275803230958,0.000245561338780445,0.001112846404225714,0.0012671979318746099,5.887353196809759e-07,0.6896524348451651,0.003502186015350841,0.00048081352252954315
58,0.14946387718257131,5.607175960137831e-07,0.0014540452559987588,0.019179906181517208,0.026417860499091863,0.0010763396494806563,0.013974348474491652,0.00046249674027249924,0.03702782100332968,0.0028690053381313324,0.00027119527852902516,2.63166493293026e-05,0.0006150897977868107,0.0009642329308612394,6.4774700973014206e-06,0.01778483913010126,0.0012035049606206724,0.0015119601272792268,0.00021117979564503646,0.0008680787671098267,0.0009531473675555922,5.10146772364689e-07,0.7196057723980063,0.003592333320750365,0.0004591008170748464
59,0.150714245682794,5.625845745496623e-07,0.0016225894631558449,0.019536232696377432,0.027587672948555582,0.0010262491817387533,0.013848862561837299,0.0004659164312907514,0.03751633895043032,0.002818041273838507,0.0002849515836586832,2.6185344671740748e-05,0.0006183720768236316,0.0009611833594967343,6.468287869893645e-06,0.018025611720059728,0.0012082233392483235,0.001440554249108968,0.00020846716425201175,0.0009047930556292992,0.0010030548834702756,4.994864785459416e-07,0.7162966279382431,0.0034246540333701127,0.0004536417030259442
60,0.15049501709749996,5.760817427288348e-07,0.0015005899789332557,0.021283783184745254,0.027966842924409478,0.0010112434394394115,0.013737659215556898,0.00045212602020708954,0.03993558972776578,0.0027329309388394517,0.0003231050615960201,2.6285385734896695e-05,0.0005460093521576504,0.0009799322278444492,6.800236589859971e-06,0.017352244097185266,0.0011422162831685417,0.0014318405148938148,0.00019355056146566857,0.0008698667754447263,0.0009521204695976217,5.143995089230441e-07,0.7136730321741251,0.0029033239199550047,0.0004827999315931826
61,0.15072706861800086,5.627398638818724e-07,0.001618008366569456,0.019132569477308247,0.028233560381418332,0.0010168832224487893,0.013874433279861612,0.0004429969444693492,0.03793429942513474,0.0027633285820083805,0.00029050573681960526,2.6190005239375152e-05,0.00058283949484039,0.0009783563794508936,6.502203335022383e-06,0.017579908163152958,0.0011942289709023035,0.001390520547161858,0.0002062399250537054,0.0008698743909747172,0.0010017352535425204,4.985540189145247e-07,0.7163687850306217,0.0032902305785727564,0.000469873729229609
62,0.15049501709749996,5.760817427288348e-07,0.0015005899789332557,0.021283783184745254,0.027966842924409478,0.0010112434394394115,0.013737659215556898,0.00045212602020708954,0.03993558972776578,0.0027329309388394517,0.0003231050615960201,2.6285385734896695e-05,0.0005460093521576504,0.0009799322278444492,6.800236589859971e-06,0.017352244097185266,0.0011422162831685417,0.0014318405148938148,0.00019355056146566857,0.0008698667754447263,0.0009521204695976217,5.143995089230441e-07,0.7136730321741251,0.0029033239199550047,0.0004827999315931826
63,0.14572107373754495,7.097284074305986e-07,0.0014354597387860645,0.021576437880418586,0.0278162738202852,0.001079426431331233,0.012793221384239661,0.0004439164764196657,0.041670856717676,0.0025675514886444226,0.00032277756828234355,2.5352696868136662e-05,0.0005058736388934022,0.0009554073334817891,7.443353026236602e-06,0.016859614333980703,0.0011200915487822713,0.0014835809751404464,0.0002094945567145153,0.0008128831256233252,0.0009540903161712833,5.702501983618042e-07,0.7183074405269216,0.0028138240515361533,0.0005166283206262871
64,0.1270008973131404,5.302297557855601e-07,0.0015869391825341478,0.018935743409872967,0.02667974124611974,0.0010093658424346725,0.012352976381327188,0.0003791789605089299,0.03524092108670243,0.0023929201551049517,0.0002873894822445525,2.6249629297568796e-05,0.0004961488376295797,0.0009171189074779998,6.388851064883346e-06,0.01736369704998169,0.0011302905738041053,0.0013562928521543961,0.00017650263648423713,0.0008506630535130342,0.0011856371143028723,4.7472357732351196e-07,0.7474045957903152,0.002789288829530302,0.00043004786112128254
65,0.0657480250932597,6.429416430281298e-07,0.000893170191233505,0.015056661538834724,0.01905089664834116,0.001113343213725551,0.009055362014790526,0.0002034990346108147,0.02400191132627957,0.0012849454469767566,0.00016421295305850967,1.934796249316345e-05,0.00027516107463089446,0.0007520803476052196,5.566366899705955e-06,0.01266730170330066,0.0008563313656893382,0.0014606556809164293,0.00012883959577234636,0.0006459160106669101,0.0012043387755021496,4.3501461377384367e-07,0.8424021291872233,0.002563444473750585,0.00044578203818181566
66,0.14240495765708336,6.359393207349083e-07,0.0013702815609822868,0.021816262424694994,0.025396984019784217,0.0010250869383126274,0.012730154273706346,0.0004509910765103805,0.03980864049671922,0.002565665420100153,0.00032553274895015923,2.6359207074031638e-05,0.0004916823086513548,0.0009647242729089995,7.424787273655221e-06,0.016726485504606266,0.001086952462010914,0.0014750764512033853,0.00018832935080796072,0.0008130451831962516,0.0009507656975064071,5.465519080636686e-07,0.7261232178578199,0.002753181309392898,0.000497016499475492
67,0.40612640288594853,4.902573104364472e-07,0.0025361910833676684,0.021452943400852267,0.05019034797318918,0.0006163191424686625,0.016152484476017293,0.0011140647574807297,0.07367516545975278,0.005218855741708699,0.0005654340664278991,2.6543877507717138e-05,0.0010612409299973616,0.0011390574185715496,7.710166384893936e-06,0.019221746644277348,0.0012008875057314906,0.0010751811870552497,0.0003285273663622235,0.0009065879252566184,0.0005289355806263311,4.577732893365518e-07,0.3938135124928081,0.002623017732261557,0.0004178941553462121
68,0.09025691214098967,5.013702287419572e-07,0.0013910972703259717,0.01846400242918362,0.024265199116290694,0.0013825552314027164,0.015212918341542352,0.000494706549684112,0.036132757453426874,0.0026166945922536976,0.0002624176867511541,3.880065290055472e-05,0.0004965518603044698,0.00083217852036292,7.784966368875204e-06,0.01690528809183929,0.0010613089046112214,0.0015292453934193403,0.0001295454218294604,0.0010128003565862927,0.0014484452446722276,5.656567342159124e-07,0.7825726883370566,0.0030334014499012545,0.00045163296133366257
69,0.1806511292981887,6.4842976460333e-07,0.0016987055217740604,0.021599093627872958,0.03013340397906513,0.0011205748927778914,0.01575304152178771,0.0005060256832961264,0.04021546577717628,0.0028477619344590317,0.0002774371512544777,2.7728367951461908e-05,0.0006617498800630812,0.0010693887299733416,6.457646494272004e-06,0.021205484616996614,0.0012802670183558436,0.001468443087704595,0.0002586093106787612,0.0008187759004283483,0.0009506419044794732,5.69244796259729e-07,0.6731213312826652,0.00384178371926058,0.00048548147273519513
70,0.15707225196815786,5.742235188359575e-07,0.0014675310697465464,0.019917860126551046,0.027859544086033052,0.0009673050289246548,0.013678106443810433,0.0004476352121395306,0.038553534946471416,0.0027029363594672476,0.0003133771325110637,2.5727104449986915e-05,0.0005558618882605258,0.0010167052383473324,6.755063967651249e-06,0.01675099833551989,0.0011927821238918374,0.0014492457544681204,0.00020086257498881386,0.0008481462074410181,0.0009312330228807762,5.063474905750683e-07,0.7104739609257663,0.0030737795120057794,0.0004927793031896705
71,0.12083487578612219,1.097579311101904e-06,0.0017051483693220956,0.025820769971773374,0.02351625234737847,0.0011021175141780457,0.0067770424805437685,0.00036732212428802074,0.03586642023062036,0.0018856947181374677,0.0003594901399858427,2.4775201677330265e-05,0.00040240759140653943,0.0008510678437069308,8.812533348159699e-06,0.018191196568010985,0.0009833017139785612,0.001601617452660794,0.00024110775796892648,0.000742445008890691,0.001287370963715703,6.417521508405181e-07,0.7549273232964018,0.0020569326991728885,0.00044476835524915177
72,0.15641470561571102,4.54177957258686e-07,0.0016955865966076507,0.022953241214404226,0.030742216912209745,0.0012922739486159833,0.020851822326173417,0.0005948479060265759,0.03982862573337721,0.002871264001581431,0.00026788946647119814,3.300392327680701e-05,0.0008049794116400026,0.0010198196585600482,5.839219391921378e-06,0.028167327729763315,0.0013244069476035464,0.0017891501802554737,0.0002168010528823134,0.0010407367684823002,0.0011071159694646018,5.236629427064698e-07,0.6826429595592067,0.003958003755624202,0.00037640426177027494
