,0,1,2,3,4,5,6,7,8,9,10,11,12,13,14,15,16,17,18,19,20,21,22,23,24
0,0.00015617031907815004,0.0012851959460330519,0.19828778554941767,2.6662891002158833e-06,0.01267173057280207,6.421578706515858e-06,1.7252628276366943e-05,3.0262198823633507e-05,0.7591581827339626,3.1389973656917595e-06,0.0001714332704892475,7.958606297626887e-05,7.710935928658861e-07,0.0004112984473195999,0.018538797162626266,9.520611507199949e-07,4.4360395684097024e-07,1.0538416425093302e-08,0.007361751795533459,1.3609886866749758e-08,1.427761100042018e-05,1.999119796499697e-05,1.3017087291057643e-08,1.4888386917622708e-05,0.0017669653275149664
1,0.008531312039056518,0.02217847403670983,0.6633527953322487,3.254630675915207e-05,0.17709193460558378,1.82382861772813e-05,7.388862840452398e-05,7.568198947665283e-05,0.04027003996185942,2.321785251874422e-06,0.006324169662962551,0.0054468822458193225,1.731883141339641e-05,0.004206695589375692,0.059218005816195546,5.294159275637776e-07,8.679680635828985e-05,3.2296501235143487e-06,0.0014936796502525176,2.2984723441605883e-08,9.583471909622348e-05,0.00026668109361531386,2.1501711782216897e-06,0.0021552755332841177,0.009055494858146523
2,0.00014670406560540175,0.0008704989241180527,0.16787154478647148,1.7797730387471918e-06,0.01078307550456198,9.016975331318345e-06,1.8391649960942506e-05,2.1703471466275165e-05,0.7848830888360854,2.1650563309342083e-06,0.0001850245843116827,7.663777872026585e-05,7.155268212559633e-07,0.00039450241710751896,0.025873504666198272,1.4419782289542147e-06,3.17418143532552e-07,6.711483313146836e-09,0.007552162051845311,1.5230163753256365e-08,1.0633759280605513e-05,1.954893524805622e-05,1.7619340541467016e-08,9.924337514900434e-06,0.001267577942621497
3,9.897519400542499e-05,0.0007446409486820629,0.18785925662688846,1.6870246760074152e-06,0.010375796629619499,5.831529196499134e-06,1.3221525315568317e-05,1.9655609708673636e-05,0.7824205841815456,2.0338321650476223e-06,0.00014443491698919308,5.724792375842059e-05,7.523589217845445e-07,0.0002800100287682214,0.011753352028537861,7.543597846819106e-07,2.0909693689049107e-07,5.890533083994877e-09,0.005343803056904333,1.2499310083612534e-08,7.060655018300718e-06,1.1088204554274108e-05,7.387346197070621e-09,9.317441958181212e-06,0.0008502610488757515
4,9.198185983457218e-05,0.0007882784256255105,0.20372247998131876,1.812830162962345e-06,0.0118887514190624,6.101443565692901e-06,1.3235354473052198e-05,1.8573010196063303e-05,0.7665951122955513,2.124742736156814e-06,0.00014185766671319472,5.8404697420360956e-05,9.561664752216523e-07,0.00032432053536590337,0.01059594576873,7.220876857405988e-07,1.9925777922261068e-07,6.02478575297366e-09,0.00495130963536546,1.3159894852189731e-08,6.4411614795057074e-06,1.0730605477954455e-05,7.401706850763182e-09,9.574291280306133e-06,0.0007710601773131313
5,0.00010674713408233654,0.0008693217970544714,0.20718514585336054,2.3450434544544983e-06,0.013522546690446082,6.613633321370945e-06,1.3906747372946815e-05,2.3734108579765733e-05,0.7598046345226365,2.5294499872185434e-06,0.00016625302810525122,6.501099900754733e-05,9.040540523812494e-07,0.00032860069236431726,0.0114893118077554,7.778022466609735e-07,2.634129894079253e-07,8.357093133997338e-09,0.005400611537670956,1.3780770230697007e-08,9.006134104523596e-06,1.1605158886585639e-05,9.140953440369326e-09,1.2163059581725108e-05,0.0009779360541229344
6,9.897519400542499e-05,0.0007446409486820629,0.18785925662688846,1.6870246760074152e-06,0.010375796629619499,5.831529196499134e-06,1.3221525315568317e-05,1.9655609708673636e-05,0.7824205841815456,2.0338321650476223e-06,0.00014443491698919308,5.724792375842059e-05,7.523589217845445e-07,0.0002800100287682214,0.011753352028537861,7.543597846819106e-07,2.0909693689049107e-07,5.890533083994877e-09,0.005343803056904333,1.2499310083612534e-08,7.060655018300718e-06,1.1088204554274108e-05,7.387346197070621e-09,9.317441958181212e-06,0.0008502610488757515
7,0.00010851390116278396,0.0007147627692403373,0.1853971982124431,1.8952139385534956e-06,0.013281338991379602,7.522567403200486e-06,1.3028274878676215e-05,2.2656396033771252e-05,0.7767615140617201,2.4365488063745433e-06,0.00014403918156635166,6.926610955130479e-05,6.264741025625599e-07,0.0003438994420690003,0.015119662665762463,1.1144355396733348e-06,2.4848946889668644e-07,6.334412622692639e-09,0.006927234166643335,1.2337362985813113e-08,1.0127679898564801e-05,1.4248296224866972e-05,1.0495221623040979e-08,9.015202429077545e-06,0.001049621752740062
8,0.00011889962873199668,0.0007695099970631622,0.23271174106077558,2.104297427550211e-06,0.010953500151241512,4.7827534445778995e-06,1.554815337872633e-05,2.3479479730158894e-05,0.7369230938674545,2.3865408243220993e-06,0.0001108202064509569,5.6260678559058084e-05,8.28699941028073e-07,0.0003109072810650778,0.011848973654689607,8.872436596881314e-07,2.5156443208231026e-07,5.644122847977645e-09,0.004965315274505019,1.261986793260792e-08,7.43484148601376e-06,9.80484155733457e-06,8.616862995480065e-09,1.332595301785529e-05,0.0011501169497103508
9,7.334739508063153e-05,0.0006579132474251165,0.2905682927698991,1.7148254436925305e-06,0.008113248722549433,1.915772437625559e-06,1.1058225703794528e-05,1.6504290686561573e-05,0.69166937186042,1.5393128894174912e-06,6.706267651621951e-05,3.166799172350851e-05,1.032290091181866e-06,0.00018725616939975397,0.005413571053492621,3.3010525386554445e-07,1.5537157229722246e-07,3.3137701002432294e-09,0.002342898823014893,8.980389695290758e-09,3.2271025720494523e-06,3.554157192575426e-06,3.160341596659401e-09,1.5432413589663172e-05,0.0008188899685445637
10,9.897519400542499e-05,0.0007446409486820629,0.18785925662688846,1.6870246760074152e-06,0.010375796629619499,5.831529196499134e-06,1.3221525315568317e-05,1.9655609708673636e-05,0.7824205841815456,2.0338321650476223e-06,0.00014443491698919308,5.724792375842059e-05,7.523589217845445e-07,0.0002800100287682214,0.011753352028537861,7.543597846819106e-07,2.0909693689049107e-07,5.890533083994877e-09,0.005343803056904333,1.2499310083612534e-08,7.060655018300718e-06,1.1088204554274108e-05,7.387346197070621e-09,9.317441958181212e-06,0.0008502610488757515
11,9.952739948050695e-05,0.0007784700607778795,0.19271221160551383,1.7500598537954488e-06,0.010530387848604847,5.822987064820597e-06,1.339551995837322e-05,1.970035664110805e-05,0.7782043873808078,2.0675098178712564e-06,0.00014599020650475793,5.8864257492843465e-05,8.584228648621039e-07,0.00028961619581015284,0.011165479491908995,7.225415153734217e-07,2.146997322660135e-07,6.257723949051785e-09,0.005112102827172354,1.3215291825253884e-08,6.761563393000808e-06,1.1141158283389294e-05,7.4073060095964735e-09,9.751265977226546e-06,0.0008307497605021902
12,0.00031295008656192727,0.0020365873414754463,0.3753951643197948,5.059762152864656e-06,0.049797903056147966,2.123302663264264e-05,2.3305055019462908e-05,3.789061191146906e-05,0.5360520439180531,5.209868839256546e-06,0.00035446905756534897,0.0003160579476244873,2.2053759171017713e-06,0.0014511592036039332,0.023766828743862038,2.33090973233263e-06,1.0980439659935957e-06,3.719809218782016e-08,0.0084386636297378,2.5058491425299537e-08,2.6448110753718847e-05,5.633551291961452e-05,5.533465257243719e-08,2.905528105022669e-05,0.0018678835454422815
13,9.862553769815382e-05,0.0008230066698092502,0.1760583287744581,1.8160586604571823e-06,0.011125270551995567,6.8171846296698664e-06,1.4138285228502108e-05,1.9572714040463528e-05,0.7933613245617251,2.7507140024349183e-06,0.00011904754563494062,4.324054857419215e-05,7.606808130121661e-07,0.0002768551942927252,0.011747493778508809,9.221635886910189e-07,1.9155160957019577e-07,6.127605906025603e-09,0.005339069966772938,1.2119481877387801e-08,7.004330000171715e-06,1.003773349754148e-05,8.03934447019419e-09,1.0823641204138906e-05,0.000932875526823368
14,1.679776896937846e-05,0.0017361767063720432,0.11687721912443746,1.436988918979826e-06,0.015260078875912896,4.787151150609856e-06,6.622378646402557e-06,1.1319694270318481e-05,0.8590524551467393,4.303145128231708e-06,0.00011299192223128945,9.38294394440271e-06,1.164361011870518e-06,0.00014550137931775784,0.0036616899892224727,1.7349410098153262e-07,5.755587343340875e-08,4.1582743273422505e-09,0.0028614375580321145,6.085219898328835e-09,3.52093816607092e-06,3.4691863707350616e-06,1.48650169892879e-09,8.914343178040635e-06,0.00022048761800927034
15,9.897519400542499e-05,0.0007446409486820629,0.18785925662688846,1.6870246760074152e-06,0.010375796629619499,5.831529196499134e-06,1.3221525315568317e-05,1.9655609708673636e-05,0.7824205841815456,2.0338321650476223e-06,0.00014443491698919308,5.724792375842059e-05,7.523589217845445e-07,0.0002800100287682214,0.011753352028537861,7.543597846819106e-07,2.0909693689049107e-07,5.890533083994877e-09,0.005343803056904333,1.2499310083612534e-08,7.060655018300718e-06,1.1088204554274108e-05,7.387346197070621e-09,9.317441958181212e-06,0.0008502610488757515
16,0.0001288885922258883,0.0009663223629597363,0.17467916445591117,2.377939600916891e-06,0.01121539403589981,8.938277007905066e-06,1.864342531707681e-05,2.9979235721446525e-05,0.7903292452879788,3.989250782630499e-06,0.00018671806650956527,7.482159257074634e-05,7.230515623045299e-07,0.0003567478324902903,0.013309594174907933,1.3224661817400185e-06,2.810215093162211e-07,1.120323319366851e-08,0.007590975318185243,1.7672050268863458e-08,1.6063938140595876e-05,1.7646235949807398e-05,1.0287621524533778e-08,1.0922208936820929e-05,0.0010512020667454072
17,0.00015885474360388465,0.0008803898098205473,0.2746417798810777,3.4874053735212918e-06,0.016452964240679206,7.298368054481478e-06,1.7525481784687485e-05,2.7382228765539606e-05,0.6888865819089994,2.624954999659931e-06,0.00017150965777182637,0.0001113105435603354,1.2081474620544173e-06,0.0005990824311063559,0.010755712324241717,9.989023774420861e-07,3.2296794801518265e-07,1.0834153560558165e-08,0.005833518872019987,1.7069269012349732e-08,1.0548647217008956e-05,1.3213013382838004e-05,1.3763498007816918e-08,1.3033150056572815e-05,0.0014106106527764777
18,0.00033088432363936497,0.0013168880751756038,0.3109651825119682,2.6107859267351645e-06,0.011231082834277028,4.337877456721753e-06,2.1463186849462177e-05,3.767038217090298e-05,0.6530099635861119,2.705781102903635e-06,0.00016734098782084572,0.00017157835028487403,1.2817488892484438e-06,0.0004270078608386971,0.013798033416115258,8.861767715535898e-07,8.508290245710826e-07,1.7759271897381235e-08,0.006345625074809319,1.7223149344756117e-08,1.2642378701173124e-05,2.8829405353158603e-05,1.3116849126982024e-08,2.648594986162799e-05,0.00209660037758059
19,5.052315975368325e-05,0.0005711448984434273,0.212326471206105,1.478575893342668e-06,0.011093619183129943,4.0606074488030055e-06,7.939392443754971e-06,1.5070234937220807e-05,0.7655479289177214,1.7306280573139528e-06,9.902696146651427e-05,5.016500959906958e-05,8.339989819543123e-07,0.0002561512686666037,0.005831374834153235,3.995056309030591e-07,1.2458902842852e-07,3.927138913030493e-09,0.0035801928708028017,1.0364509407661929e-08,4.304546650342691e-06,7.3946448828666395e-06,3.3747974174944005e-09,6.265944797542074e-06,0.0005437813549601808
20,9.234853815177482e-05,0.000834647548955849,0.16633099529112888,1.6931220877271093e-06,0.011722934981143011,5.104242761729815e-06,1.1202061565254341e-05,2.8879000494728752e-05,0.7984824836045172,2.3907619427499044e-06,0.00013503183569470607,6.757563996646954e-05,6.478958187814932e-07,0.0002785157587816973,0.014241510776018075,7.113531100174149e-07,3.112498346973404e-07,6.299321467653688e-09,0.006809857526818228,1.1756875691684564e-08,9.82820155711623e-06,1.9203295294456194e-05,8.199791331442186e-09,9.688685811373202e-06,0.0009144123725569075
21,0.00017667348406632378,0.0007225784036370143,0.2914672921726074,2.6559353576458365e-06,0.01271128800556457,9.038346357021362e-06,2.3168764102565823e-05,2.1623968976447497e-05,0.6774671294600277,2.6358472047790462e-06,0.0001845782552439581,0.00012422372281913006,1.3774185260243198e-06,0.0005161779674632569,0.01006737380611402,1.5343820625941326e-06,2.340976660574303e-07,9.485060170745058e-09,0.005445709784073693,2.253637771064808e-08,8.902699380653978e-06,1.0982672416310614e-05,1.2319801435228357e-08,1.1547773001514928e-05,0.0010232286920921101
22,0.00015057263421497366,0.0008037502904686858,0.2379933970138507,2.0679919115089803e-06,0.011460908436279907,8.327572695711341e-06,1.749331688802232e-05,2.4650849476991726e-05,0.7290056944617881,2.3344931311017096e-06,0.00023324323805836583,9.309198144106559e-05,7.85880671582939e-07,0.00034614373527515753,0.013012801061883046,1.14049589506553e-06,3.183411739916205e-07,1.1255145019278889e-08,0.005845212399241374,1.8649859772462254e-08,1.1886213202434971e-05,1.6313961297884015e-05,1.1327516459221263e-08,1.2050957977191331e-05,0.0009577734406556914
23,9.897519400542499e-05,0.0007446409486820629,0.18785925662688846,1.6870246760074152e-06,0.010375796629619499,5.831529196499134e-06,1.3221525315568317e-05,1.9655609708673636e-05,0.7824205841815456,2.0338321650476223e-06,0.00014443491698919308,5.724792375842059e-05,7.523589217845445e-07,0.0002800100287682214,0.011753352028537861,7.543597846819106e-07,2.0909693689049107e-07,5.890533083994877e-09,0.005343803056904333,1.2499310083612534e-08,7.060655018300718e-06,1.1088204554274108e-05,7.387346197070621e-09,9.317441958181212e-06,0.0008502610488757515
24,7.838329578053938e-05,0.0009788412614119405,0.20187546571614623,2.405977459106399e-06,0.01593854394030629,6.8265259620536576e-06,1.200926640032398e-05,1.9973881154897874e-05,0.7648870191992727,2.8646906860596906e-06,0.000135860977883461,5.693188421296418e-05,1.0731805386425218e-06,0.00041920228890940636,0.009159482104494158,6.800552913263186e-07,1.8550071791946964e-07,6.830850277965794e-09,0.005570765523054645,1.2890773932218654e-08,7.438440124015563e-06,1.0518621576915169e-05,6.9424754339373465e-09,8.949602111434266e-06,0.0008265514024053067
25,0.0001521039426234605,0.0007677750897246307,0.24605692276706298,2.7630733627232014e-06,0.0099726612305217,4.177054737755572e-06,2.0834311829270126e-05,3.762694408130724e-05,0.7245685997773372,1.7593920951525043e-06,0.0002704906664269379,0.00010383510724087107,1.1175417449805136e-06,0.00028649750495424956,0.010353801655735389,6.69380429244708e-07,3.8459700160678747e-07,9.714700928084875e-09,0.006456793190018365,2.0268659167216908e-08,9.712199902311763e-06,1.1615828205804256e-05,9.565890975867563e-09,1.4833836673829477e-05,0.000904985359039094
26,0.00020043333383358114,0.000908685213976852,0.2790216854387623,1.871200470783486e-06,0.008877211214049762,2.9887248305074815e-06,1.5180892004049477e-05,2.9531802072642185e-05,0.6973860041966673,1.7795190508387879e-06,0.00014453385753392727,7.246473873526093e-05,1.2460926353662868e-06,0.00017230425735431589,0.008670599881077306,4.6371982869559816e-07,5.287843283405028e-07,1.1078451582715598e-08,0.0034238654303744833,1.3396614512744877e-08,5.784396986727979e-06,1.1546958631277694e-05,7.35704517517666e-09,3.022898577620421e-05,0.0010210295289081353
27,7.893080020039884e-05,0.0005302995614262547,0.11738183165043652,1.008417175575841e-06,0.005618520900787624,5.281623283581221e-06,9.972467374681781e-06,1.5383479564812593e-05,0.8583562975297895,1.6716072431298522e-06,9.662632818754912e-05,3.4282189225249214e-05,3.625042371414047e-07,0.00016590835124972653,0.012095589187782555,6.642536870082055e-07,1.354505566520103e-07,3.9685677957878724e-09,0.0047163699967612835,9.390784985283546e-09,5.6568430337247505e-06,1.0506104705507037e-05,5.291992885873662e-09,5.7369486286361775e-06,0.0008689451533171861
28,9.897519400542499e-05,0.0007446409486820629,0.18785925662688846,1.6870246760074152e-06,0.010375796629619499,5.831529196499134e-06,1.3221525315568317e-05,1.9655609708673636e-05,0.7824205841815456,2.0338321650476223e-06,0.00014443491698919308,5.724792375842059e-05,7.523589217845445e-07,0.0002800100287682214,0.011753352028537861,7.543597846819106e-07,2.0909693689049107e-07,5.890533083994877e-09,0.005343803056904333,1.2499310083612534e-08,7.060655018300718e-06,1.1088204554274108e-05,7.387346197070621e-09,9.317441958181212e-06,0.0008502610488757515
29,9.897519400542499e-05,0.0007446409486820629,0.18785925662688846,1.6870246760074152e-06,0.010375796629619499,5.831529196499134e-06,1.3221525315568317e-05,1.9655609708673636e-05,0.7824205841815456,2.0338321650476223e-06,0.00014443491698919308,5.724792375842059e-05,7.523589217845445e-07,0.0002800100287682214,0.011753352028537861,7.543597846819106e-07,2.0909693689049107e-07,5.890533083994877e-09,0.005343803056904333,1.2499310083612534e-08,7.060655018300718e-06,1.1088204554274108e-05,7.387346197070621e-09,9.317441958181212e-06,0.0008502610488757515
30,9.897519400542499e-05,0.0007446409486820629,0.18785925662688846,1.6870246760074152e-06,0.010375796629619499,5.831529196499134e-06,1.3221525315568317e-05,1.9655609708673636e-05,0.7824205841815456,2.0338321650476223e-06,0.00014443491698919308,5.724792375842059e-05,7.523589217845445e-07,0.0002800100287682214,0.011753352028537861,7.543597846819106e-07,2.0909693689049107e-07,5.890533083994877e-09,0.005343803056904333,1.2499310083612534e-08,7.060655018300718e-06,1.1088204554274108e-05,7.387346197070621e-09,9.317441958181212e-06,0.0008502610488757515
31,9.435476883379936e-05,0.0006105943556547921,0.11861132701066149,1.313024073888419e-06,0.007541897198206265,1.0883007220752959e-05,1.624405614710417e-05,1.3883987386507987e-05,0.8440375517081335,1.73771482232711e-06,0.00022616997152230748,5.060382519937226e-05,4.5959040787409755e-07,0.0002564435288162192,0.021643066860051675,1.1178428915705942e-06,1.606970763095937e-07,5.273070505597229e-09,0.006030243698232037,1.2733133425189898e-08,8.39644684737269e-06,1.3209980071065674e-05,1.1501111595488379e-08,5.63519463928679e-06,0.0008246760257890076
32,9.115174048408762e-05,0.0006938061131238258,0.17043531262429085,1.5225389604047531e-06,0.009498700207648154,5.499003735597262e-06,1.2308239443409844e-05,1.9573792466697868e-05,0.8003178931104403,1.984217814175358e-06,0.00013107604773755728,5.23257375430258e-05,6.568627292335764e-07,0.00025798851660078424,0.01182661221411972,7.59314175324913e-07,1.9532268456212746e-07,5.149577962120026e-09,0.0058131897095756585,1.1948270394354094e-08,6.968932562722268e-06,1.1269327884968529e-05,6.69089393479535e-09,8.064854208962778e-06,0.0008131177830276307
33,0.00034328626274886134,0.003443216614386977,0.3139794581630258,3.818177185562027e-06,0.04243760836360658,1.3478142460585396e-05,2.6897884980560005e-05,4.692248047241489e-05,0.6017558765890892,5.027306537584688e-06,0.00033747802714059104,0.00026387028387866415,3.7351162181149015e-06,0.00126522726539592,0.021826070484980843,1.6214270575335006e-06,1.2486997452722504e-06,3.2483614693645284e-08,0.01298675345426976,2.8163335911523402e-08,1.634428842107446e-05,8.577136846931416e-05,3.3965683602374716e-08,3.0395524607360566e-05,0.001125799462687212
34,0.00015312642937688557,0.0012164925870619375,0.27204301707571293,3.193669239612301e-06,0.0219559094010135,9.810789621542732e-06,1.861127454824238e-05,2.980113328413991e-05,0.6790326047577337,3.227922286402626e-06,0.00025418931169167983,0.00012106122112772832,1.3145452155228092e-06,0.0005506805415395097,0.016706533014867277,1.2332919382265414e-06,4.683050694540182e-07,1.2835696619779929e-08,0.006657565233146706,1.8691396935334503e-08,1.335702000412066e-05,1.9824279738101032e-05,1.859791726131079e-08,1.7307297131819104e-05,0.001190620773640162
35,9.922598380273088e-05,0.0007125671457289125,0.18083381404858231,1.6277135208367561e-06,0.009334418531452579,5.333102594416386e-06,1.2661719237703896e-05,2.0124024476490546e-05,0.7917516134459348,2.0020956176910183e-06,0.00013551165988802437,5.539378761782857e-05,7.137205864683503e-07,0.0002510763599564261,0.010701354593310898,6.910423142478946e-07,2.0671028747785818e-07,5.982563803511635e-09,0.005201294434128409,1.2336144866280699e-08,6.803056090938807e-06,1.0873042519457765e-05,6.5403055090792675e-09,9.15622266874733e-06,0.0008535127006684588
36,0.00010076196751271005,0.0007234029727993579,0.19845448441962033,1.6437828906478697e-06,0.010659627524049664,4.727267103053877e-06,1.1898777375522639e-05,2.1229752463547386e-05,0.7716771183050525,1.972389880571586e-06,0.00012196794245996275,6.526596502243314e-05,7.966664925728019e-07,0.0002809784855628396,0.011212721387651739,7.257196199714267e-07,2.395304146151844e-07,5.236653222502078e-09,0.005744304229735274,1.2105560989087461e-08,6.725100441317705e-06,1.1788686853672306e-05,6.714756945661588e-09,9.295857522937331e-06,0.0008882992125034919
37,2.1346952957141738e-06,0.00014793885448066566,0.019836637151206562,6.327670783835871e-07,0.005274137340427625,5.720220915457877e-06,1.7423375663183371e-06,6.795759992135604e-06,0.9611197051220828,1.619348915390652e-06,5.212293060274083e-05,3.7662208783910173e-06,7.161383483770877e-08,4.596667922079494e-05,0.010185549800255869,2.6866471348051636e-07,1.7579666982418e-08,3.9535256861282975e-10,0.003078681294006228,2.806885632216863e-09,4.112578737682398e-06,1.8505479828631322e-06,2.2989402291654925e-09,6.58019355577016e-07,0.00022986497160484325
38,0.00020856785967814036,0.0007247195610104757,0.16236484694902498,1.4537448697504726e-06,0.007650850169950009,1.8064146823421265e-05,3.617311834813514e-05,1.5708748423570805e-05,0.7924223782284837,2.2140060849515563e-06,0.0003040486042933072,7.12878191327068e-05,6.010846612908618e-07,0.00039050172401449275,0.027215006568909485,2.8292164906085583e-06,1.7984307079176192e-07,8.656496892905455e-09,0.007567502942843182,2.0751227407928167e-08,1.1310963002489646e-05,1.70180953534332e-05,2.185730304725283e-08,8.663065658851147e-06,0.0009660222748448006
39,9.581957033123448e-05,0.0005444431351008874,0.18590131798948945,1.858662995722675e-06,0.011291200063481716,7.011692335953527e-06,1.2262121309172033e-05,2.375109561553942e-05,0.782408308416487,2.3089016481730667e-06,0.00013910198555516312,6.945936483035931e-05,5.816336293376662e-07,0.00028490907786442744,0.011634072238012364,1.1489148469699313e-06,2.0370220412470771e-07,5.705272896834513e-09,0.00664009554027525,1.4530654466659852e-08,9.783628016040702e-06,1.0983060718726802e-05,8.420484124337934e-09,7.574480349762757e-06,0.0009137760684912026
40,7.880240688690275e-05,0.0006734965750096271,0.18148153490773977,1.8879387999464128e-06,0.010996885263192212,5.527200235477147e-06,1.2206887609577917e-05,2.034356054436096e-05,0.7896823399216512,2.1581942428104572e-06,0.00013872299245262562,4.854800933006813e-05,7.770286433211003e-07,0.00024551001270130393,0.010882106840647447,7.19337815647579e-07,1.9453643949803395e-07,5.1610391518614615e-09,0.004906377097624981,1.2173956317632079e-08,6.7452611975468514e-06,8.145765731044755e-06,7.175811855773945e-09,9.646534673704846e-06,0.000797299216023606
41,0.0031154533096263925,0.0038515618812426295,0.43489278073185017,1.3426017453646352e-05,0.022147561951425858,1.955687559438281e-05,0.0001650170297029564,0.00014683563737460456,0.4649709759199585,4.207398626919271e-06,0.0027797395790053587,0.0022418438341925144,5.974798973065567e-06,0.002045112608741075,0.03356542665613422,3.518589076681851e-06,7.3758859711712e-06,2.962840136429779e-07,0.025560397132981753,1.1366123680238768e-07,6.86405362087955e-05,0.00017448030872231363,2.122060946074286e-07,7.748294179832282e-05,0.004142008223993591
42,0.00011171937565743587,0.0010390704898079824,0.3451592516415584,3.354186298208737e-06,0.01669733208833693,7.030264034603071e-06,1.6734220351942482e-05,9.227776613213645e-06,0.6284907599616142,1.4927855852402802e-06,0.000220056662319421,6.822244327293177e-05,2.8364270137861958e-06,0.0005677921361385034,0.004903146549490407,2.9813026671369513e-07,1.2234651546799816e-07,1.1442246227317519e-08,0.0018149214454059649,1.1926545479714236e-08,3.224011821007703e-06,3.5315022973577195e-06,7.420393286512363e-09,1.5633751437832586e-05,0.0008642110149773189
43,4.9517987758801774e-05,0.0005758283562626905,0.08887103622263204,1.6664178971004863e-06,0.013747711644391444,1.0578267510778914e-05,8.28870854865696e-06,3.0320712494415068e-05,0.8713058548416561,4.990334778137361e-06,0.00011448601521384405,3.549159359336179e-05,2.9578513632348693e-07,0.0001856193427609318,0.015409845944649994,1.480457813769663e-06,1.9152589329466632e-07,5.2350134913519925e-09,0.008856055130601675,1.0223854876445618e-08,1.7155390995986796e-05,1.5531699155445704e-05,9.15645167951643e-09,6.284254751808206e-06,0.0007517447501832316
44,9.897519400542499e-05,0.0007446409486820629,0.18785925662688846,1.6870246760074152e-06,0.010375796629619499,5.831529196499134e-06,1.3221525315568317e-05,1.9655609708673636e-05,0.7824205841815456,2.0338321650476223e-06,0.00014443491698919308,5.724792375842059e-05,7.523589217845445e-07,0.0002800100287682214,0.011753352028537861,7.543597846819106e-07,2.0909693689049107e-07,5.890533083994877e-09,0.005343803056904333,1.2499310083612534e-08,7.060655018300718e-06,1.1088204554274108e-05,7.387346197070621e-09,9.317441958181212e-06,0.0008502610488757515
45,0.00014355049858284785,0.00101315312391053,0.2152127005154844,2.5570901029182463e-06,0.012780943402746457,8.639721410205079e-06,1.490944218955855e-05,2.245319208974308e-05,0.7508366958768538,2.632112037333419e-06,0.00021019775738018333,8.602256798040148e-05,7.734317402937631e-07,0.000414511481362793,0.01201801490977515,8.574101285767941e-07,2.925886155520017e-07,1.2439042025464548e-08,0.005866041783522408,1.5141878057702417e-08,1.2189959093639197e-05,1.5223898262189789e-05,1.0364484698922946e-08,1.08221592146112e-05,0.0013267791321117765
46,0.000439979032582622,0.001626094509147674,0.33854478830791507,3.7036034393932773e-06,0.017474048700794956,2.8872280911236444e-06,1.7233652397723978e-05,8.820879215446521e-05,0.6112888023833039,2.7410321095682545e-06,0.00024553782906511034,0.00028237254756406063,2.2417490702835858e-06,0.00027136105498366944,0.019218944751962494,8.334897666161721e-07,3.7120705365479433e-06,2.2296599956857842e-08,0.008360171358090479,2.2929401047936988e-08,1.7153657842529612e-05,4.089260151154728e-05,2.1704934573003747e-08,6.241814106933365e-05,0.002005806575665519
47,0.0005629309455464798,0.0011911985253712884,0.2671374441075127,1.5098771436204122e-06,0.007133433337813335,6.318821807732909e-06,2.5236293357435315e-05,3.249955043281817e-05,0.6949468766888933,2.1786469842132473e-06,0.00020721324530209513,0.00023348267114194527,9.739992333832663e-07,0.00034684394015614206,0.017830247533259846,1.5067684387039326e-06,7.863875220470754e-07,1.791741234984636e-08,0.008466631976678561,2.45989132809093e-08,1.2242770767930025e-05,4.7994748290487945e-05,1.2426144856100343e-08,1.763273466918234e-05,0.001794761487206186
48,8.746694626887082e-05,0.0006151585322071811,0.19401848332927002,1.6306595186678414e-06,0.009934680162967563,6.358879590983987e-06,1.2205693289311808e-05,1.595035462865212e-05,0.7793922395892142,1.7630073668011895e-06,0.00014773537404974058,5.370487133887121e-05,6.607959907553736e-07,0.0002729121941662229,0.010292826682288932,6.938986425975663e-07,1.5396272781140584e-07,5.5231129675493105e-09,0.004313967622664248,1.17764218504798e-08,6.42731266202968e-06,8.497778633019656e-06,6.626302111562871e-09,7.899697667037277e-06,0.000808558729009484
49,0.0001057459806149765,0.0007334552080862911,0.2165061925137236,1.768824304770011e-06,0.013601552600905594,8.588154986435857e-06,1.2107594283807267e-05,1.996780378984696e-05,0.7502943391889,2.176860295003517e-06,0.00017382406281655347,9.767609810525944e-05,8.795217383245448e-07,0.00037541335266400136,0.011824412878951073,9.152043473372347e-07,2.434899601508062e-07,8.05217251191495e-09,0.005397737976039276,1.630464020078177e-08,8.288639013646054e-06,1.7205357453841373e-05,9.180124337280408e-09,8.230088380584968e-06,0.0008092450637026654
50,5.9145198962029466e-05,0.0005360166639901216,0.1283133020235747,1.07016008171286e-06,0.005929630458239119,4.675233957753693e-06,1.6017539739618738e-05,1.3455616923464165e-05,0.8507842984657038,2.4562142400291543e-06,5.867034868337678e-05,2.049016771302128e-05,4.920825967076167e-07,0.00026361561613457666,0.006865611142366674,8.91422887835851e-07,5.6911836265059976e-08,2.3328737598008458e-09,0.006555870266685293,9.501298523955479e-09,3.662791599368178e-06,7.000883964196843e-06,3.3260251391157867e-09,4.12428658815297e-06,0.0005594313433349272
51,0.00010025492265924717,0.0008285792650103946,0.1940675330641095,1.9037958958340648e-06,0.010666961835307414,5.795691529185751e-06,1.4176624783436422e-05,2.1432713583914313e-05,0.7774200588778295,2.2159360158844804e-06,0.00015683369006144567,6.0946204219199435e-05,8.408308902120616e-07,0.00030977191399673585,0.010260834500517877,6.479363499383085e-07,2.1144022356481788e-07,7.292695390691266e-09,0.005235395311334646,1.3184086756174448e-08,7.540219187181788e-06,1.2102344449592754e-05,6.956632887284466e-09,9.70500739484655e-06,0.000816230441235469
52,8.28773227692206e-05,0.0007220993431988136,0.2278373986047711,1.71633478388864e-06,0.0129102344287784,2.4097112285112514e-06,1.001793658584631e-05,2.6897435687177247e-05,0.7371740887067578,1.8141417748259906e-06,9.21467419589337e-05,6.2778616127321e-05,6.914513780587473e-07,0.0002691272297978924,0.011801683741232284,6.454059122966025e-07,2.8506670832143425e-07,2.7505612193451564e-09,0.007987804014121516,8.614619951837258e-09,7.198549062205962e-06,9.238094538757599e-06,5.258144731735768e-09,9.682367150200362e-06,0.0009891481323507263
53,0.00011995985546606932,0.000505588670464553,0.13242707691239686,1.1330633488035889e-06,0.0030999135106626603,7.607176379969903e-06,3.2475377539792984e-05,1.1935801946328901e-05,0.8406825888366042,1.2815477616156825e-06,0.00020584308296119346,2.7430932175246295e-05,4.6480634654507044e-07,0.00017709623799486827,0.018125777160629287,1.134452397699612e-06,1.1167139996994653e-07,4.687803516033531e-09,0.0037199024974110067,1.6504973860047634e-08,4.772303116284511e-06,7.046535563255143e-06,1.1019584065402686e-08,7.996412220794799e-06,0.000832830942851814
54,0.00012500783420986542,0.0007214834625342295,0.1656167962135055,1.1756373228720997e-06,0.005023122499913593,6.8837328729073905e-06,2.062089551582803e-05,9.829559360206495e-06,0.8088118046632957,2.095960393187027e-06,8.180770954154257e-05,4.3306714805597486e-05,5.48879853975188e-07,0.0003978618044485248,0.0126802435119684,1.2270361022039623e-06,8.908849801450538e-08,3.651488438116639e-09,0.005149154785446486,1.1820528550898482e-08,5.037882399970054e-06,9.598590479860632e-06,5.9047591683535545e-09,4.948097165201246e-06,0.001287334063589968
55,9.782936924022164e-05,0.00060479347260258,0.19472723244617662,1.4246085985089691e-06,0.00677255894984237,3.5609647775539345e-06,1.0618011941422136e-05,1.5875407694605302e-05,0.7863353147398886,1.3979830296543647e-06,0.00011401457099102108,5.7902932980337324e-05,8.496259004231078e-07,0.0001980697622881181,0.006671645375403195,3.9398559519596166e-07,1.646523893048898e-07,5.462613357336894e-09,0.003572219717031813,1.1472484297176233e-08,4.125841619671496e-06,7.25579891670929e-06,3.75701066980145e-09,8.301897219673659e-06,0.000794429193764028
56,9.587352821742044e-05,0.000770927687969024,0.19060075023194395,1.7105040328433812e-06,0.01040794963555007,5.523752954789826e-06,1.297785962687803e-05,1.9674987969396182e-05,0.7808193708993404,2.0368609771451494e-06,0.00014151346218522828,5.6405844754595186e-05,8.643109836939407e-07,0.0002745072593121803,0.010889824200278708,6.929527457156904e-07,2.1274292710426003e-07,5.970387701805952e-09,0.005071881735091226,1.2958022199771514e-08,6.5063416794212566e-06,1.0668737731536491e-05,7.012560691844572e-09,9.787416040531901e-06,0.0008003131067174667
57,6.215680771717982e-05,0.0005331947785999719,0.21050277517745225,1.4884291476697957e-06,0.013392754048626825,2.9373304599120002e-06,5.866759842950667e-06,2.710764967370638e-05,0.7601231811019027,2.142986463296627e-06,7.296067454514518e-05,8.880721020818905e-05,7.141674290383734e-07,0.00025045264092489716,0.006773584258494445,6.005695126491014e-07,2.6075755380428206e-07,3.5038537934477734e-09,0.007419714912995627,1.081772443039167e-08,7.134733321633349e-06,1.2829636406384436e-05,3.5168762481151507e-09,5.937739690437334e-06,0.0007133797905766994
58,0.0001096136550905814,0.0008371802202823971,0.20431516504172903,1.7880991179138333e-06,0.011181354242352226,5.245427464707057e-06,1.3677657100103006e-05,2.2599165301074916e-05,0.764772021121341,2.1688862535394762e-06,0.0001465889608598982,6.120460934471465e-05,8.674754800286708e-07,0.0002712326734372431,0.012070215043075806,7.31312132510309e-07,2.7385444484519643e-07,6.660135025295303e-09,0.005257602772193922,1.2704686519025122e-08,7.441839732220721e-06,1.2056079816629493e-05,8.082864304041113e-09,1.244564139002652e-05,0.0008984987743736938
59,0.00011130581182362984,0.0007890652033247845,0.22959688101544848,1.8247722408187626e-06,0.011134872001986117,4.916431836284202e-06,1.3725466971302716e-05,2.265729926304479e-05,0.7412463783677422,2.068524230868105e-06,0.00014505336099822374,6.221084549498152e-05,8.736422560534312e-07,0.0002622786101529199,0.01101544887277589,7.075544767415064e-07,2.7171534885429087e-07,6.955688321664694e-09,0.0046616007631557895,1.301753153025643e-08,7.304312369474353e-06,1.0913731212310662e-05,7.686160974033894e-09,1.3720377464566191e-05,0.0008958936600458024
60,9.897519400542499e-05,0.0007446409486820629,0.18785925662688846,1.6870246760074152e-06,0.010375796629619499,5.831529196499134e-06,1.3221525315568317e-05,1.9655609708673636e-05,0.7824205841815456,2.0338321650476223e-06,0.00014443491698919308,5.724792375842059e-05,7.523589217845445e-07,0.0002800100287682214,0.011753352028537861,7.543597846819106e-07,2.0909693689049107e-07,5.890533083994877e-09,0.005343803056904333,1.2499310083612534e-08,7.060655018300718e-06,1.1088204554274108e-05,7.387346197070621e-09,9.317441958181212e-06,0.0008502610488757515
61,9.893237329249925e-05,0.0007599242915736605,0.2230255930198429,1.6842691190295975e-06,0.010852395384391231,4.664721262530812e-06,1.2349098048738843e-05,2.0596601252834505e-05,0.74857392839658,1.9047345787839584e-06,0.0001378485111940707,5.9887073027880277e-05,8.23413313487624e-07,0.00025864578659980125,0.01061851743423184,6.502068319744988e-07,2.41071146205079e-07,5.913256378018799e-09,0.00469545130561457,1.222782267989258e-08,6.690390079403385e-06,1.0337885131768957e-05,6.651605455764672e-09,1.1505687272195803e-05,0.0008474035529301414
62,9.897519400542499e-05,0.0007446409486820629,0.18785925662688846,1.6870246760074152e-06,0.010375796629619499,5.831529196499134e-06,1.3221525315568317e-05,1.9655609708673636e-05,0.7824205841815456,2.0338321650476223e-06,0.00014443491698919308,5.724792375842059e-05,7.523589217845445e-07,0.0002800100287682214,0.011753352028537861,7.543597846819106e-07,2.0909693689049107e-07,5.890533083994877e-09,0.005343803056904333,1.2499310083612534e-08,7.060655018300718e-06,1.1088204554274108e-05,7.387346197070621e-09,9.317441958181212e-06,0.0008502610488757515
63,9.911737892349376e-05,0.0008129286341570607,0.1790471256912716,1.5820364984265214e-06,0.00938187992629397,5.341000513709404e-06,1.3067124934740112e-05,1.9280424583508554e-05,0.7924567546198343,1.9902225832778826e-06,0.00014233823238530264,5.179637905046442e-05,7.625188056295546e-07,0.00025264234267521066,0.011743127593001033,6.654283976388927e-07,2.1398787063028053e-07,5.923267946707063e-09,0.005099784987643332,1.2180796310999133e-08,6.629950476400568e-06,1.1169078147099852e-05,6.748651329201288e-09,9.820711678188294e-06,0.0008419568775593084
64,0.00010601105915489048,0.0007895094365822338,0.18298765595879476,1.914544569446328e-06,0.011867988230612261,6.273373235574254e-06,1.3098332105292566e-05,2.486723889382192e-05,0.7820292586899648,2.433010190250372e-06,0.0001629870820479549,6.648871224483192e-05,6.519809156205386e-07,0.0002868344658543536,0.013977630669911902,9.039383445857732e-07,2.6619737829965157e-07,6.889162520988362e-09,0.0066473656177092055,1.2609943933710421e-08,1.1167212660364068e-05,1.3032407089420143e-05,8.710774338298008e-09,1.0252038183298397e-05,0.0009933815936761072
65,0.00015776924285598872,0.0007944127042443609,0.35506016291637643,8.660772977171425e-06,0.10608555016318764,8.87677200484944e-05,1.4949128464471874e-05,2.688135605893012e-05,0.5015013902503443,7.296734262556891e-06,0.000538326707610753,0.0006302587600755526,1.0915251267288396e-06,0.003333050308769931,0.01687484383051633,6.030452711802895e-06,3.6948800980576427e-07,4.173547331210299e-08,0.012975383205359046,3.180834724477823e-08,7.594393361730399e-05,3.715673557016259e-05,6.622086273718714e-08,6.275099264186543e-06,0.0017752891998646205
66,2.2006298535828232e-05,0.00016876744717911267,0.09992076823009413,7.381072751525132e-07,0.003956714393904202,4.6583502340394775e-06,7.20887397714103e-06,7.75759733210297e-06,0.8881108072953318,2.0364225876758387e-06,3.085273182452508e-05,1.941968360908721e-05,4.409179400246598e-07,0.00016946356904975782,0.0020692306522217107,8.745844385489601e-07,1.6472402294527665e-08,9.971972761904316e-10,0.005262996637412076,1.2081078648630899e-08,1.7704974527531888e-06,2.685032195240996e-06,1.0266070451316408e-09,9.475356942151254e-07,0.00023982456442558288
67,8.998314018713299e-05,0.0007281783089566889,0.17314302622418573,1.537088225401259e-06,0.009500285628884551,4.782062255978473e-06,1.1818903914485121e-05,2.030620516524809e-05,0.7996690416361247,1.9840365298230092e-06,0.00012960286947785057,4.9581304076838035e-05,6.995764907816508e-07,0.00022968018287345668,0.01041208559202025,6.127562091235619e-07,2.0007454560418576e-07,5.381069259176434e-09,0.005214816319582225,1.1066357282105284e-08,6.441169435688427e-06,1.0450389134903318e-05,5.771548173979215e-09,9.18785847642974e-06,0.0007656764542723948
68,4.05277987174473e-05,0.0005184045453475127,0.16985546130991863,1.1371186101638493e-06,0.009923831359505276,2.2544399403419514e-06,8.25109320722855e-06,1.5953784387998152e-05,0.8069499542424381,1.6929709068852052e-06,5.177559444179429e-05,2.5283475185253083e-05,6.194770249094494e-07,0.00022865862500648409,0.00588426085249744,4.4815889947218126e-07,8.083188261170059e-08,1.5079239179292247e-09,0.006003834126273756,6.3184093443526184e-09,3.2032864023947456e-06,4.969561836061629e-06,2.339474098475443e-09,5.017599579763043e-06,0.00047436958218319806
69,7.662255927360905e-05,0.0004175433605551147,0.2570478885487844,1.8588673337442714e-06,0.005323784472588635,2.0909520539306063e-06,1.0741773364487695e-05,2.2062822397561316e-05,0.7261605541126819,1.6050538430737648e-06,7.274962986330407e-05,3.732775108358076e-05,6.438077519083647e-07,0.00012972567777069468,0.006247891965035647,6.168657093336247e-07,1.9073697490914286e-07,3.2928440211764648e-09,0.003295910226442773,1.5330275558283433e-08,4.674263794567617e-06,3.358585957583105e-06,3.5283923327385463e-09,1.1367440185125771e-05,0.0011307683750420973
70,0.00011039010444941422,0.0007239799134383816,0.22663227179020737,1.7934510558991707e-06,0.011023352430651551,6.777190302903206e-06,1.3944870992211313e-05,1.6359617560437725e-05,0.7442270794525944,1.945985191854711e-06,0.00014042303096315783,6.998126135868442e-05,8.228894838990513e-07,0.00038439020619072863,0.010768055588251111,8.499736359010799e-07,1.8497643646020623e-07,6.2303261280988696e-09,0.004896544802779599,1.3587273703256831e-08,6.829415184552801e-06,1.0994393834801726e-05,7.811119038937197e-09,8.291903063926414e-06,0.0009547091236538625
71,0.00021568011845953767,0.0007734388737730528,0.2234536230545272,2.2407443827551954e-06,0.008389151118964707,6.602379722253813e-06,2.6615020283646875e-05,2.9519483704061617e-05,0.74272948869654,1.982030801428884e-06,0.00023431742738054773,9.451204728130233e-05,9.30093882929499e-07,0.0003213972412516359,0.01563660907878805,1.3059000909708327e-06,3.6545706799315264e-07,1.0188459790923896e-08,0.006880118129444919,2.1817560689751405e-08,1.0116913495824766e-05,1.4499099935820039e-05,1.4395661822194373e-08,1.4634829847035744e-05,0.0011628058586919407
